layers/veg100/veg4400.asc
NCOLS 255 
NROWS 330 
XLLCORNER -2985163.8955 
YLLCORNER -3022031.214 
CELLSIZE 25000 
NODATA_value -9999 
[rows 175 to 199 of 330, columns 114 to 170 of 255]
0.362860307449252 0.3600811325679 0.348683454814622 0.332504548157539 0.333120504172991 0.33439191859185 0.335605854310043 0.33686181573241 0.33814611485357 0.341818687616698 0.345816167945938 0.350155004314463 0.355417325323227 0.36143111862087 0.366634365068764 0.374513610716955 0.394524328012957 0.402221926759781 0.397870978113632 0.387419979506782 0.378904656518511 0.390070455293307 0.400142634122987 0.408928472637586 0.412684031238731 0.415883443138875 0.42744008738746 0.43078809363689 0.422497628609491 0.417881206818043 0.415536209270829 0.430872087702278 0.433928125854442 0.415865414412372 0.410335178196498 0.410486400061277 0.393836242203393 0.390979295999512 0.417197524632257 0.399800434714115 0.357846768227242 0.362743287351151 0.354509489475942 0.306387078084255 0.305190410194656 0.336085361588315 0.372506289326844 0.401388098517684 0.403230694089887 0.459432831987764 0.560481084146283 0.603033268400862 0.629157039798445 0.622574267060957 0.560422636965985 0.443151498316145 0.446528481872153
0.353813457242722 0.349875498490511 0.340744582476604 0.328732804470214 0.328042757145809 0.328866028068093 0.332416163399922 0.334687778767304 0.336097295227254 0.33815424456881 0.340984689257916 0.346159909979987 0.352246625125553 0.35907505569429 0.367613941157495 0.377073564096883 0.389411230024783 0.395748409388103 0.396214034241046 0.386693290515152 0.377834631846152 0.385984819322971 0.396353337696018 0.40933110663802 0.417857131236628 0.424982170551285 0.43090243769311 0.428404446685291 0.413970778201425 0.405999438829044 0.401039646436013 0.408349382066514 0.411868520923972 0.40886862840627 0.400205518464609 0.388913169853219 0.368684284349794 0.360608868683004 0.378152160916585 0.378038857244973 0.367984423628771 0.368617297222558 0.360107448509114 0.326359346209952 0.341643154785501 0.390458950263971 0.396744440066592 0.404984154989282 0.433532410786722 0.476108444412594 0.530257263613954 0.588962974622941 0.637028967481214 0.634783304965687 -9999 -9999 -9999
0.344857939876105 0.338056619152983 0.33156877152465 0.325254827257913 0.323556859176563 0.323880768188223 0.328942671099172 0.331953218508 0.333580548300907 0.334175875621007 0.3360407689616 0.342391210972117 0.349053460107495 0.35596943778756 0.367343345122295 0.377906833941436 0.382051914141523 0.387092584133136 0.393009600438217 0.385794882042801 0.377984846456614 0.383645697445474 0.393818022119904 0.409296843359346 0.421000333741096 0.4307910034121 0.4327013900256 0.426688879665659 0.409443030856134 0.399764561700782 0.393113835538798 0.391283293881035 0.393637530961979 0.403188709719689 0.391587098903106 0.370291274056165 0.349352565693015 0.337188646000628 0.343521398523291 0.357376459769526 0.375466779550638 0.373989160900462 0.368254002533093 0.353604258966223 0.3838167724975 0.444709726391267 0.419958684245462 0.407594192968972 0.464431483820068 0.493852637526709 0.500655734377767 0.568065957988517 0.630726591283118 -9999 -9999 -9999 -9999
0.338388698680035 0.322707318762676 0.316814058876905 0.316350888544318 0.319364154813281 0.322232360624532 0.324364043440318 0.326360730728324 0.328266391282104 0.329262925859998 0.331883133781659 0.340115099305613 0.346463248087979 0.351278468203259 0.361534180658053 0.370041575584536 0.367423596376937 0.373408763374274 0.387812221348412 0.382718148861393 0.376009480568503 0.384868143323066 0.394627311684316 0.40544567494322 0.414752341685772 0.423294880951347 0.428699013902434 0.428463034312021 0.420230321546253 0.412387132564018 0.404911125638213 0.401728491272264 0.401754850605108 0.407300006016155 0.392199852288133 0.367670643382449 0.352193000908552 0.340793673024298 0.337991161654361 0.351705062220405 0.374718139035118 0.375290876018073 0.373819198525992 0.369575213003635 0.396584827504673 0.444968181840806 0.41637655054425 0.404570620786026 0.473895283820729 0.510738121772841 0.520783757674926 0.57804176327857 -9999 -9999 -9999 -9999 -9999
0.324026184675781 0.31096076624934 0.307709126174793 0.309901809947308 0.314282409949023 0.317751687250337 0.318640807110797 0.320145589519938 0.322065509764484 0.325319957228153 0.329744205878973 0.337606523409815 0.344939286758522 0.351841133039423 0.358170624676648 0.362505387107063 0.358563696347086 0.364861947704884 0.381180116227821 0.377940207363092 0.372907846770116 0.382442370097411 0.391559672376611 0.400186229898584 0.408654840019414 0.41694198229893 0.423939401914937 0.427252900393511 0.425343216859611 0.416714750003773 0.406317727260309 0.409244936264129 0.411959038477886 0.414306641711702 0.399815299138182 0.377598473317113 0.353453934596224 0.334683423618246 0.327241006496978 0.343879942389994 0.374077316208528 0.373881498173755 0.374214182128379 0.379448876973097 0.397973811611499 0.425587687283369 0.431206050123311 0.448503958608259 0.512038412072331 0.537859205266016 0.532566581287423 -9999 -9999 -9999 -9999 -9999 -9999
0.302577805700477 0.302448434268009 0.303676053876313 0.305656482282474 0.308402565095473 0.310728462315711 0.311890044851015 0.313371486493454 0.315068607354412 0.322247749746055 0.329417490417225 0.334889262196862 0.344372508665812 0.357120034728831 0.3570025143491 0.355264607744203 0.35488215897595 0.360926669645325 0.373260044103977 0.371635075215986 0.36879515171395 0.376741556393792 0.385011677688095 0.39366256172699 0.402692434985538 0.411615366372881 0.418500012195655 0.423363742663305 0.42536215426613 0.413595910019809 0.39839651046085 0.414132212780528 0.424036627517329 0.423912450719232 0.413717129536932 0.398791173936767 0.353296934960165 0.319851679515334 0.311804881774025 0.334121405884244 0.373533282331696 0.370038346770733 0.369967817615592 0.383848946508319 0.389147697133076 0.388577123259898 0.46256384544115 0.534590954594883 0.575927242060722 0.574168882125323 0.53685784093666 -9999 -9999 -9999 -9999 -9999 -9999
0.294838147159634 0.296407764401735 0.298221568195928 0.300170837722178 0.302279693003265 0.304385943814084 0.306468849928261 0.308359816719017 0.310121359890575 0.318201711748315 0.326525823496684 0.33372937443167 0.342514013951949 0.352585241474174 0.352808849130302 0.352095255932467 0.353733618389306 0.359863168716816 0.370387405061068 0.371870533159448 0.371496243279301 0.371612988812795 0.373367141089759 0.377047247914025 0.393326026998218 0.410896630457555 0.406579351769517 0.404547132150933 0.405754742860893 0.395981733027896 0.38369748768141 0.400446754142158 0.411942125498023 0.414401899273555 0.399143388199671 0.375794376291973 0.360676727986144 0.349640684361265 0.347208392544849 0.360602690543371 0.382907776712772 0.381511901703567 0.380695787993211 0.384142396800053 0.38417049272591 0.381860733016371 0.453617772235886 0.526495180501146 0.579156356504805 -9999 -9999 -9999 -9999 -9999 -9999 -9999 -9999
0.2893166901338 0.290772418721378 0.292581667238715 0.294587035631087 0.296209129503388 0.298190844015453 0.301140717516924 0.303750790656918 0.306131738301401 0.314089508121725 0.322755986608803 0.332055335288708 0.340034478237551 0.346939322839365 0.348616978684476 0.34982494325831 0.35240180779298 0.358453004741649 0.367903881355693 0.371905291960104 0.373353869188059 0.366401359167618 0.362378415001587 0.361801291919056 0.384196483608886 0.408851860400049 0.392694982470832 0.383669616821145 0.384755538919097 0.378348514298778 0.370392859522499 0.385407161068187 0.396661263115053 0.40144861072262 0.379074545681821 0.344438360421563 0.359892098854079 0.371881769840498 0.376569416529196 0.382251040593223 0.388492300178341 0.391261753444486 0.390760417820001 0.382073732713187 0.380096485025847 0.382707693379935 0.444807020954484 0.501187342153261 0.519161939959306 -9999 -9999 -9999 -9999 -9999 -9999 -9999 -9999
0.282271073797306 0.284889923722546 0.287328724144636 0.289667639714174 0.290636098060159 0.292111454675543 0.2950379402349 0.299548969802795 0.305128448590509 0.310554941979507 0.316893231878704 0.326274153295622 0.33558288861709 0.34483288354591 0.347284501283736 0.348335554011093 0.347742779384361 0.352557496350389 0.362663514498345 0.364748047096237 0.364461679962256 0.360224150239625 0.359558236274997 0.363093336895023 0.379489871232738 0.395657442819758 0.374833023230615 0.366272029384961 0.375098515445935 0.374272629497679 0.370633038731625 0.380910573226411 0.387790154966824 0.388825970687435 0.357614658202429 0.311787812042748 0.310085213458622 0.313331823036548 0.32701103498615 0.344944273474445 0.365272641286418 0.37773193841845 0.383312612821881 0.371744758797322 0.377034368028444 0.393852474253091 0.474658752781839 0.5396840836214 0.531146723321509 -9999 -9999 -9999 -9999 -9999 -9999 -9999 -9999
0.274746713273983 0.277953487516555 0.280780206145186 0.283396083875644 0.284676689478583 0.286313997854647 0.289011091989359 0.294362856007716 0.301504649176902 0.305632803717494 0.310593964526274 0.319208777637305 0.329026806860283 0.339823935817318 0.342464213922558 0.343365984227502 0.342043623046843 0.346117887230035 0.35547281984818 0.356394461145387 0.355317780644902 0.353086428585236 0.355307788286318 0.362766527458094 0.372994951759734 0.381005438184111 0.360525992300507 0.355173381587863 0.37126808487111 0.375430501629184 0.375594831389813 0.383014092061678 0.385981132497532 0.381291287976882 0.345702858403119 0.296075864349026 0.279582857697525 0.273665254524247 0.290039900089717 0.311791598434263 0.336570719543803 0.36235600709914 0.380039208206954 0.376335624541296 0.385082997922457 0.402345342904248 0.485033659461964 0.552431458972978 0.547443893443859 -9999 -9999 -9999 -9999 -9999 -9999 -9999 -9999
0.266705854766047 0.269879996231102 0.27283394411887 0.275665736695932 0.278300434032341 0.280820706769592 0.28306616054907 0.288114827866192 0.295053686494596 0.299213669307863 0.30382376113766 0.310757936717604 0.320200272580069 0.331683587649182 0.333881067680095 0.334641786643567 0.335222314224148 0.33909126956162 0.346177994428317 0.346750190571447 0.345902321361768 0.344912448108233 0.349514279908305 0.360693200643734 0.364570699175638 0.364780901082903 0.350054231558786 0.350870408220411 0.373723732690417 0.382234865106181 0.385650584241453 0.392238202416794 0.39179111224419 0.379245799237261 0.344092109100775 0.298638296494636 0.2699073880362 0.254371208746664 0.266648642931 0.283120607444796 0.301954203344709 0.34498837463532 0.381269397461563 0.397022909473295 0.405118568932045 0.407977169362702 0.47439579729407 0.532311626233173 0.541180198713491 -9999 -9999 -9999 -9999 -9999 -9999 -9999 -9999
0.262720031859345 0.264431741813735 0.265598892693782 0.266463942196738 0.268947534688102 0.271318311802707 0.273229310221033 0.278614475596458 0.286342252445489 0.291441552726509 0.297321683393457 0.306566892264091 0.315524468805585 0.324247988693274 0.3272510120164 0.329257324013341 0.33066871610582 0.333863282675011 0.338802708769984 0.339234626820108 0.338859051947218 0.339447550871184 0.339772766262501 0.339788301655886 0.344510562662221 0.349787113020679 0.347564946198783 0.351713220281874 0.364893710610954 0.374494822910428 0.382492683983898 0.384934947866059 0.382167947664996 0.370442105879537 0.344764958658902 0.312747138784142 0.295158210677192 0.284769841653441 0.289559773341453 0.292060800078689 0.293273112860604 0.333712405647422 0.370101504209881 0.391321581064754 0.41128075053272 0.430377609533292 0.481292267887024 0.522848457563782 0.522763558423984 -9999 -9999 -9999 -9999 -9999 -9999 -9999 -9999
0.259494984742075 0.259593138633438 0.258782246758586 0.257467049674711 0.259394012606806 0.26150362244723 0.263746975726551 0.26950649590457 0.277636947883425 0.283533782439783 0.290626417784429 0.302327623148234 0.310551289640468 0.315945159099134 0.320000889090419 0.323555653105112 0.325809980486688 0.328460019304126 0.331497266932223 0.331485005597361 0.3312655420111 0.333755933644688 0.329490789964422 0.317279634085874 0.324061326379902 0.33606967482742 0.346115511863574 0.352080869785283 0.352260793025377 0.361482833983853 0.373299094426984 0.371281938236471 0.366444752095875 0.356757705940041 0.342999550772531 0.327424241402964 0.324902530981198 0.321769792224431 0.317349046285876 0.305472262912073 0.289397533489465 0.321410899902476 0.352315856874563 0.374750210331765 0.406323842756109 0.444147653424811 0.483956512839874 0.510449438254891 0.491700596964568 -9999 -9999 -9999 -9999 -9999 -9999 -9999 -9999
0.254317327663727 0.254373599072902 0.253772012714554 0.252805471024703 0.253972113189985 0.256936277665564 0.264317943687395 0.269524454350852 0.273264269843257 0.277168682689735 0.281965962163263 0.289647094199873 0.29546491286866 0.299766487194649 0.304371531051609 0.309129077951366 0.314350181942376 0.318324417115873 0.321078574858892 0.317933895005518 0.315024619879512 0.321217620715523 0.322619767838373 0.318386805339799 0.322742513185943 0.329642917904753 0.337370484744934 0.339107827009024 0.332352035981358 0.336296793301188 0.34364892067152 0.341087698183074 0.333988493379078 0.319084910830296 0.318517883530365 0.324491568631199 0.322301866723004 0.314318370819731 0.294121941656251 0.281279921783433 0.272578628629216 0.289824917573311 0.308137968822839 0.326251132599479 0.343829332099426 0.361041679753102 0.421457727929028 0.472841577769843 0.479992539517621 -9999 -9999 -9999 -9999 -9999 -9999 -9999 -9999
0.248912252948022 0.24887171890632 0.248731535264965 0.248536069685064 0.249654860270066 0.253103532155727 0.262429106427828 0.267007328123822 0.268384436358267 0.270606629844834 0.273622291583448 0.278988253305099 0.283015366945909 0.285953012296794 0.290766525267015 0.295936069631226 0.30142726851505 0.306130154280263 0.310061665358212 0.306744581048609 0.303520246595364 0.310288486107012 0.315868217331605 0.320049998444482 0.319882418241338 0.318999392250107 0.323122269065262 0.321720928608417 0.312487175021191 0.31148645816029 0.313330202165242 0.311811730123195 0.304931948520759 0.288831839004609 0.296035853165376 0.313825098860763 0.305865561343156 0.29340530234465 0.271457821136362 0.261393853776975 0.258020618651852 0.263976853557711 0.271127513351913 0.280335082845751 0.291605767703661 0.304287377735261 0.368670970249033 0.418975431723866 0.405393065001964 -9999 -9999 -9999 -9999 -9999 -9999 -9999 -9999
0.2432119344443 0.24300329148769 0.243651794468333 0.244775810538764 0.246771709031779 0.25022447640457 0.257346839584251 0.26119904114693 0.262846190903198 0.263788883648872 0.26568988556817 0.270954058616612 0.273989073226844 0.275210142351845 0.27978962447359 0.284344533162435 0.286604873651774 0.291263245757037 0.298268123132992 0.298621457529392 0.298165073699118 0.301448459047539 0.309271770245344 0.322435044081567 0.315021362123478 0.302881468091919 0.301729566898874 0.298603764651264 0.292679301928042 0.287163880823139 0.28214354884536 0.283727903996318 0.280289064842904 0.268211385096737 0.276149841179346 0.293118266574084 0.271467205429797 0.255015719205999 0.249524591866093 0.247098382892228 0.246397803927115 0.245578012733086 0.243422140679813 0.237772435993439 0.252716406916058 0.281743999065846 0.328492802396534 0.370382979757886 0.3902652908673 -9999 -9999 -9999 -9999 -9999 -9999 -9999 -9999
0.239422776520691 0.239533164068231 0.24017832854361 0.241120167620421 0.243396507142076 0.246008671420937 0.249348653599507 0.253119394124048 0.257180592607599 0.257423396567943 0.257987102051599 0.260766439427188 0.263552172631278 0.26634311034844 0.269649271914166 0.272858113229709 0.275309294518879 0.279298680378546 0.284793219509798 0.289219827368314 0.292729269267867 0.292062716372478 0.295781872396542 0.304659597646146 0.29826757452058 0.288292939671506 0.28575884573081 0.284218775521631 0.284088064166985 0.275693546691298 0.264761557959032 0.263284153859439 0.260466762584413 0.255344874428823 0.258732736972726 0.265907041250266 0.242612855460921 0.225958427408758 0.223300168046244 0.221824365536967 0.221014317474074 0.204322844397168 0.186522737699639 0.167648588186502 0.205262428290248 0.281507325071462 0.321004243887361 0.348634270664298 0.348410214046092 -9999 -9999 -9999 -9999 -9999 -9999 -9999 -9999
0.236417533213341 0.236801776752475 0.237144820032261 0.237465006921121 0.239678753802462 0.241162502855369 0.240564782272675 0.244268693329099 0.25087317069608 0.250850420603147 0.250310164407968 0.250084745063739 0.252807917744571 0.257930464601757 0.25972151440427 0.26144060625427 0.265018160824882 0.268211714240551 0.271029517508454 0.279099904231119 0.286415002842756 0.282313940249425 0.28043145998052 0.281158526016054 0.278042979393246 0.273926674582557 0.270743964272775 0.271444273285567 0.277650052128771 0.267869630565556 0.252656259418065 0.245697534252372 0.242148201760853 0.244462309551678 0.242231784976988 0.23785665472744 0.217044925756613 0.201397567813746 0.196636361285482 0.193667909990722 0.191708827253231 0.158268012239898 0.125500169425713 0.0981394895990321 0.162650444023689 0.28999065354994 0.32478905622768 0.344701055698508 -9999 -9999 -9999 -9999 -9999 -9999 -9999 -9999 -9999
0.235467716633912 0.233452381740016 0.232981967161201 0.233368617640472 0.233595220677346 0.233807718779255 0.234000480043913 0.235071256224942 0.236734072985047 0.239634849666854 0.241988274459334 0.242166671688647 0.244086595859582 0.24742366242785 0.248989797351261 0.250472822133823 0.252749239961073 0.256162824779921 0.260689142359141 0.26507464918342 0.268980823958704 0.270161638449821 0.270287872677528 0.269173685939639 0.263394898972688 0.255918802795777 0.245009898175309 0.242334225927533 0.251331895651335 0.252656546463803 0.250364341426312 0.232717078690666 0.222833775100275 0.226302852755843 0.227126193637455 0.226678515373834 0.210652296362183 0.195598574150748 0.1825948106584 0.174856140409999 0.17008185675058 0.147346270663595 0.135550800593572 0.154553420436618 0.219868765505132 0.316856498371607 0.335865005405675 -9999 -9999 -9999 -9999 -9999 -9999 -9999 -9999 -9999 -9999
0.232903093276654 0.230161545524237 0.229217802660109 0.229271415928828 0.227952407459511 0.227010004191935 0.227182648268463 0.226632655388752 0.225595392425063 0.228891710985958 0.232027132594266 0.233316020094988 0.235162232318819 0.237461959487108 0.238772105403011 0.239954212053886 0.241225842666042 0.244302332736893 0.249144901371748 0.251151359501525 0.252802619588118 0.255988097752985 0.256405884218419 0.253568249613125 0.245848387470765 0.236176876406452 0.221254776023415 0.216735059656493 0.226964178308791 0.236795481708653 0.244704839610253 0.218618172837137 0.203035790395043 0.205518573737533 0.210740810076627 0.217142260913951 0.203127603384491 0.188707931044304 0.173434514360256 0.16037960881402 0.14857378364675 0.140185106533382 0.149827638541893 0.206412423872017 0.268508948701479 0.334374846851438 -9999 -9999 -9999 -9999 -9999 -9999 -9999 -9999 -9999 -9999 -9999
0.227804197469406 0.226962611291514 0.226079338376537 0.22517293919065 0.223001258615719 0.221086552629496 0.219966928055677 0.219384969697559 0.219165556680934 0.218890005934014 0.219493354159018 0.223001783310066 0.225919215870789 0.228355733491402 0.229361122764805 0.230140534236893 0.230872467609658 0.232737510981872 0.235711317294627 0.237388093929609 0.238595537491152 0.23864243137372 0.236656861271316 0.232280661430948 0.223753087755563 0.213713530422933 0.200605401995822 0.19664585862472 0.205657473734347 0.219917478245678 0.233760262808038 0.202763974771453 0.182478911283763 0.18061490734986 0.19234692480979 0.210182775210154 0.193826253539804 0.180104056889071 0.171934842563495 0.152706785463355 0.12725230772987 0.138925780287766 0.170737071521864 0.251122939212386 0.303686629865615 0.337223265293337 -9999 -9999 -9999 -9999 -9999 -9999 -9999 -9999 -9999 -9999 -9999
0.225134269685765 0.224498986693052 0.222674393171782 0.220190013843251 0.217730037182093 0.215616655686171 0.214395349491984 0.213079633325973 0.211700257040588 0.210619583673819 0.210157403008394 0.211636717254477 0.214539894703029 0.218601720268931 0.220088188411047 0.221054145756356 0.22144096910848 0.222559063770668 0.224392716965101 0.225691804907431 0.22649942634107 0.225020296211118 0.220883417103337 0.21362043402057 0.208807753928905 0.204204839067542 0.194952404691867 0.192571649369881 0.199933781881194 0.215458140782168 0.231634007972131 0.202967948995318 0.182228336281923 0.17512054857619 0.190354049029179 0.215670626139322 0.198990244592046 0.183570650545497 0.170808712883478 0.142997958538165 0.106714322842209 0.153319686530925 0.207749341051664 0.273135220842555 0.299690634574223 -9999 -9999 -9999 -9999 -9999 -9999 -9999 -9999 -9999 -9999 -9999 -9999
0.223399718785676 0.22228850620969 0.219136932084778 0.214853440298886 0.21233863845353 0.210340105445521 0.209489920752696 0.207170844810423 0.203861303661117 0.203099688304789 0.202179690848196 0.199964438453114 0.202413277178712 0.208657452694213 0.210928782181312 0.212307598895285 0.21240471181525 0.212947846327513 0.213927418795897 0.214794672784944 0.215202038975587 0.212964964884997 0.206990808284958 0.196621011394923 0.197276225830872 0.200298151966286 0.195865882454771 0.195598118994559 0.201234926312745 0.216537265323626 0.233299823423883 0.210144785018471 0.190943221728711 0.178540806399805 0.195725785988337 0.226298449142644 0.210412401329131 0.192637753631182 0.170882062706038 0.133989819260026 0.088575296869023 0.174655381848041 0.244070389727023 0.254529063607304 -9999 -9999 -9999 -9999 -9999 -9999 -9999 -9999 -9999 -9999 -9999 -9999 -9999
0.218956553884014 0.218099292176917 0.214742566712972 0.209999230542288 0.207423065312238 0.205279121138147 0.204025079621877 0.201510435055804 0.198145772858283 0.196884973080289 0.1955300229247 0.193225918510866 0.195578699939418 0.201720954966719 0.203945742581922 0.205057227377765 0.203893561503372 0.203077942209543 0.20260289104264 0.201715355574032 0.201002688129892 0.20188770898408 0.202170788485514 0.201745851063131 0.203264986454447 0.205618959255739 0.210609780362655 0.216798473842001 0.224685549342975 0.23295644217433 0.240426465564549 0.229871396368462 0.22123923808233 0.215914083232381 0.223291097695881 0.236425446560159 0.232249766974563 0.22500452738272 0.211288858996489 0.184566626991545 0.150521356063331 0.213812569316229 0.262098654720729 0.25973616933129 -9999 -9999 -9999 -9999 -9999 -9999 -9999 -9999 -9999 -9999 -9999 -9999 -9999
0.214965344272293 0.213991102510847 0.210423291564729 0.205416663676267 0.20277030621699 0.200446599321048 0.198709863408412 0.196061233044737 0.192797717320024 0.191051934726707 0.189293013796982 0.187029380467711 0.1886922550377 0.193550268703456 0.19568236581189 0.196803790801133 0.195318783345222 0.19333447564103 0.190861596119657 0.189414373158038 0.188704478733851 0.191134337902983 0.195161241288833 0.201066623912472 0.203482343265724 0.20578716274342 0.216491448645738 0.225838048051066 0.233259675822883 0.237779107828706 0.240959792578402 0.238892956442767 0.237814230354011 0.238434846290638 0.240263805332183 0.242648991634082 0.245668140675574 0.244817004817664 0.235807565227425 0.218926140479398 0.197612580126319 0.242383319633653 0.276912421073624 -9999 -9999 -9999 -9999 -9999 -9999 -9999 -9999 -9999 -9999 -9999 -9999 -9999 -9999
