layers/veg100/veg4300.asc
NCOLS 255 
NROWS 330 
XLLCORNER -2985163.8955 
YLLCORNER -3022031.214 
CELLSIZE 25000 
NODATA_value -9999 
[rows 125 to 149 of 330, columns 57 to 113 of 255]
0.00406295049515964 0.0119050569221395 0.0372561986918441 0.0625968335218245 0.0673165384873196 0.0982323393041717 0.159129180802948 0.172947415868552 0.17174313294157 0.152318319231461 0.140207365151762 0.138180174491077 0.137825573527614 0.136182782725189 0.103103916111002 0.0870411397879567 0.0994020121610923 0.186155944630398 0.305638061108188 0.396456347161596 0.472759562128495 0.519399705617028 0.553287454830918 0.580204910519158 0.636547351925552 0.677927544904282 0.678592609619951 0.683465609750285 0.691136114900564 0.700302895217385 0.704317336071589 0.691291712150329 0.674554576201564 0.654838512267277 0.634904447888729 0.614702783157151 0.593500993879317 0.573276745092435 0.553996107906459 0.535870751341035 0.517649102139346 0.497431349308311 0.477337643743579 0.457387862430822 0.437311449500047 0.417649787495928 0.402087590433441 0.387283845494293 0.373540505026228 0.361359371896958 0.349241229075437 0.328194286181887 0.314034697503841 0.311548265025791 0.315009360618021 0.321080763752385 0.316988295717971
0.0100322784349074 0.0295953800903897 0.0472555696818455 0.0652362968999272 0.08729267573302 0.102798715930962 0.110807991335585 0.114801441756001 0.114034923398525 0.0812116198042207 0.0762405981409734 0.109670070316124 0.106166968861207 0.0896166502074019 0.0736644771061021 0.0580127926696395 0.0428630439951755 0.135397421773225 0.274775037916275 0.322778618803681 0.361857287340005 0.382696960598215 0.440912510485027 0.519557230398196 0.585148508073578 0.631521678603155 0.630333270646006 0.639854339822935 0.65649524642397 0.684112601570486 0.703422905070051 0.692815875222466 0.676601597922573 0.655886840431955 0.636728273012794 0.617375706130108 0.596238334891744 0.575978400983696 0.556565449938883 0.537629895992366 0.518723679879812 0.499400613884033 0.479456363942082 0.458791393282487 0.437986577862181 0.417603518423624 0.401417445510153 0.385955265302292 0.371505171471397 0.358555876453847 0.346099495364941 0.332783931669408 0.322254747375338 0.31644810833856 0.31536599913477 0.31637787878017 0.312162464190253
0.0418617149150243 0.0264025245109536 0.033589586504157 0.0463432129439383 0.0644767376801412 0.0710014175906822 0.0642399478794169 0.0612481871036491 0.0577110425970248 0.0403026115076871 0.0476638038855284 0.0891753677009875 0.0846436209722899 0.065570616865367 0.0760690275554741 0.0743016141715815 0.0520453888171742 0.113839524204708 0.212103382166953 0.230338302849688 0.249006829545053 0.268561475644822 0.317770298418833 0.383187710045209 0.49676615936913 0.583956516721935 0.599687545500322 0.612561604182601 0.623536301919881 0.658173627466626 0.685062331664529 0.680214129782836 0.670168140826016 0.655950312126757 0.63772104343306 0.618576475471871 0.598030029114929 0.577791950370825 0.557851536285637 0.538718169952384 0.519796595432257 0.501127613531815 0.481455972351584 0.460621008583684 0.439131424048671 0.417952380228764 0.401272444631135 0.38502079973689 0.369367955166112 0.355573753144769 0.342595974357533 0.332231060316383 0.323394099889278 0.317146819133784 0.313810458372344 0.311777152894303 0.308317786402581
0.0865376371572094 0.0128355648155164 0.00816740226896146 0.0167534390526904 0.0204030471629059 0.0211397931865082 0.0185428120312544 0.00997645053009798 0.00207485262406606 0.0143948631073512 0.0366676311658278 0.0726624636098097 0.0681551487755473 0.05271185804579 0.0942926669500124 0.113102574806606 0.0938760077268749 0.106787575690065 0.133630201662943 0.128577325536665 0.135188575918334 0.165636693255448 0.189279247570725 0.209201969292381 0.390011572675928 0.535815453384601 0.577791707808131 0.593375401353168 0.591412884162785 0.627391816586045 0.658025129954807 0.660595078816844 0.659521849501972 0.655524538209996 0.638300972105072 0.619045925351723 0.599351955858409 0.579164316475884 0.558500141708083 0.539473176526046 0.520868685262152 0.502734263609424 0.483396409783552 0.462662289191922 0.440509611225719 0.418497530583249 0.401388318739445 0.384282117879484 0.367180126725884 0.352502893149484 0.338912728839246 0.329123548897941 0.321015985427107 0.315758539884595 0.311305007293568 0.307227176418333 0.304960514827153
0.20275571933303 0.0635567640829423 0.0270394240717953 0.0133877758660748 0.0104938774303763 0.00845958232871033 0.00740909041184649 0.00383316932729658 0.000539206124386086 0.00580659209131442 0.0196262611661928 0.045237132685596 0.0479118034856409 0.0451128269737193 0.0866304625465269 0.108747686761696 0.098458496368339 0.114327912479884 0.141607993943214 0.149652758799818 0.16034701685025 0.17645579237163 0.174936277320382 0.163781366985679 0.333453772028173 0.470933884026532 0.509870378008348 0.552663422115506 0.59802036449394 0.625441472176477 0.644428508839226 0.641339141147503 0.641476882541744 0.644204761189282 0.627181688516381 0.607724957292931 0.590157294599704 0.57225561412062 0.554031509086685 0.537596953636152 0.521410676936614 0.504478091348081 0.485737112577983 0.464897968780233 0.443658613580471 0.422594656004791 0.404149679304465 0.385788671871455 0.367545063261332 0.351518675092375 0.336567012365902 0.326531544977811 0.318135440951797 0.312517841413182 0.307493645596351 0.302762230022949 0.30152024451585
0.298076560658378 0.111976841803279 0.0519828781260336 0.0208298414443734 0.00724830009091204 0 0 0 0 0 0.00631498183645114 0.0213365544542428 0.0307186096300506 0.0400063472208659 0.0811102273667741 0.105643479284885 0.102497181590646 0.119769998581907 0.146011785511135 0.163058034209647 0.1769456914499 0.184378435473474 0.166199802328544 0.134022322173719 0.278638215394213 0.400714681228346 0.449122838454286 0.518613068003045 0.60211900771417 0.624281439998807 0.634145333462875 0.621859253224972 0.621029771674531 0.629395567465523 0.610477002410529 0.589622322649327 0.577424023410987 0.563983696291774 0.549344450122263 0.535710324471512 0.521933833555439 0.50607489586465 0.487968958014989 0.467255967009777 0.446690014467478 0.426255313857602 0.40664006790371 0.387158037086642 0.367862256557968 0.350628235079516 0.334479792267932 0.324441717974203 0.315948900656604 0.310075089925146 0.304649980279947 0.299455929020562 0.298247375706259
0.343288524545824 0.15306443903162 0.0893912525348153 0.0521535365563781 0.0181482170554444 0 0 0 0 0 0.0017316417976288 0.00585073250679583 0.0206241539823242 0.0404329677120479 0.0813229903482148 0.106788803061516 0.106490041377142 0.119942411279398 0.139458116378462 0.154964415021118 0.169491055783825 0.182015662829705 0.166617429108994 0.135956932316622 0.22619364978547 0.318822908146774 0.406267665239399 0.500495237076402 0.599232136273947 0.624001940644861 0.631010075257656 0.601855344736097 0.595325197891363 0.606953959053989 0.581370739473699 0.556384307060848 0.556933655086676 0.55285949721689 0.544322308055466 0.533884533839904 0.522430953508332 0.507330936906227 0.489938890054458 0.469887544461027 0.449395407814379 0.428803183199009 0.408425439779707 0.388141322260798 0.367988104663361 0.349885208369227 0.332940916367348 0.323484156306507 0.315366222669043 0.309517423081574 0.304062160755424 0.298797569145661 0.295360147616559
0.388475403945317 0.257693473544703 0.194453737092383 0.142602360517747 0.0768493124740825 0.0408320458796093 0.0388469372981335 0.0289137502681187 0.0169380420271208 0.00621508702914114 0.00408903407073149 0.0138157005633521 0.019769546738909 0.0259560373052861 0.0583708275429945 0.0806219197031031 0.0858955876330335 0.0940079738541924 0.103629117148915 0.13657756864232 0.164599481974928 0.182553497414808 0.17667424593194 0.157768039467209 0.22427150823065 0.296843651133564 0.376865903300498 0.467737595433406 0.565822174594621 0.60195961545133 0.618849352801866 0.591354645040863 0.565322729543977 0.540464878088992 0.518599496152521 0.504738088320783 0.522971603573521 0.534720611559342 0.540210179307277 0.534274548642736 0.524839019221828 0.50886708252796 0.492430646005385 0.475455279505701 0.454679664535178 0.432862271505466 0.411265444202347 0.390292439927977 0.370191612958531 0.351198859735477 0.333080538672947 0.32344069278979 0.315448915164354 0.310250395675305 0.30495035549937 0.299597297469516 0.293239482071602
0.433647051246552 0.400906888092898 0.340597947346843 0.268953841684143 0.164576802548138 0.106458607639775 0.101282969460371 0.0753848485638886 0.044161401455805 0.0162041724148044 0.010661059576715 0.036020733564982 0.0245256690844572 0.00242919716573073 0.021352185630096 0.0378701962037012 0.0503709357403377 0.0522206273715511 0.0500232071288666 0.111940347599862 0.161264280778562 0.184852672889162 0.192584285277437 0.191648787266221 0.25302818813931 0.311245177867538 0.355633480231209 0.426090195477414 0.513877622513227 0.566702210796036 0.601208081628287 0.586624595732459 0.532710443032209 0.447228771982387 0.435385806885347 0.441913823623377 0.480829117904594 0.51232218528549 0.536650639565925 0.536010070922575 0.528407471930084 0.510573316552352 0.495239270018659 0.482805942750756 0.461529889051625 0.437839019993302 0.414745855023015 0.393152702598064 0.373656742547958 0.353761391390026 0.334239398431191 0.32395229871994 0.315935641762012 0.311767085551255 0.306734833014143 0.301282423284985 0.291584297664794
0.457360587392812 0.471504288755104 0.393519592942499 0.299178941116035 0.219078448156878 0.169632494286354 0.155270202833195 0.171784753997905 0.183942742367297 0.0834535432425629 0.0329901982419868 0.0514984911061442 0.0370443278726857 0.0131516464574232 0.0266693875222016 0.0409330633720164 0.0564427474362548 0.0690884275611648 0.0807426887872027 0.118734938556385 0.150781791580936 0.170678602242473 0.183388961386556 0.192171299219057 0.221577556674851 0.247575491761469 0.263002518107516 0.287933251425152 0.319182206231748 0.427272976445467 0.515098531327698 0.515653608577751 0.504371177653628 0.48358774441089 0.475088243800939 0.475161969784767 0.504000750170902 0.524670760381198 0.537455525556217 0.535522802224763 0.528855303138331 0.512431969396445 0.498238412614087 0.486631925990831 0.466698928860512 0.443893780989955 0.416204217697544 0.393127109850253 0.376498752327692 0.356259415289687 0.335063040045727 0.320020480489575 0.309998124169665 0.308484349621323 0.303660185295944 0.297309897733553 0.286419942461368
-9999 0.528339706720397 0.428377718723226 0.318401860389651 0.268292462859025 0.234061284673505 0.218002491519836 0.265032189360059 0.307851803556639 0.161644950301115 0.0795539060436428 0.0858606000565204 0.0637812279596236 0.0338087063738495 0.0399800542465051 0.0487684792044175 0.0619284653382178 0.0810296104964628 0.102681262646816 0.116103223440516 0.132432056461534 0.154701388026688 0.172696721457133 0.188355942869286 0.192940039934877 0.194577686914786 0.189768245229223 0.177476635537917 0.160210756877754 0.308688822537845 0.436684572796068 0.451340481154995 0.473943264851423 0.502924357216905 0.501700998716378 0.500359039596291 0.517186775447894 0.529124868946566 0.536343031873341 0.534449137811023 0.52902989482216 0.514065285233655 0.501173230183763 0.490685829992754 0.471802627072716 0.449701851448831 0.419748759256037 0.39603891657146 0.381057864391747 0.361296528235583 0.33976601227374 0.317416802869681 0.303600089214975 0.304244829486046 0.300528334279498 0.294800821296009 0.283030745250966
-9999 -9999 0.428377718723226 0.323579523328957 0.308387061083648 0.302542535341994 0.307396583395397 0.340105615954941 0.365612658108817 0.260807419161516 0.192849441980629 0.175693515846237 0.129939877541993 0.0767459280966099 0.0685183277816698 0.0619445978709426 0.0581334903108283 0.0681070538619555 0.0839968448333878 0.0806552767109482 0.09279036955097 0.136553643723337 0.162290120668692 0.178173383755259 0.183379071273736 0.186492105342963 0.185288034627751 0.164211199577904 0.129922622305838 0.269004751516151 0.392880052460162 0.418249276180361 0.436735632496629 0.449697672529329 0.468266265406448 0.4848839437963 0.489761758885448 0.50455720682977 0.52892606222094 0.532097123878363 0.528989606588042 0.515023520375874 0.503888488337254 0.496038150644356 0.477025696475589 0.454604455041106 0.429654809011488 0.407914986636762 0.390662871857935 0.373638529806068 0.355672934858594 0.31943953936112 0.297052628527469 0.298133681333298 0.298119653901465 0.297528578094703 0.285381311149493
-9999 -9999 -9999 -9999 0.325164437744788 0.331560124650291 0.345275579752964 0.384043999983966 0.417845055407505 0.34768456374015 0.301288501211291 0.287656928750599 0.242882509831048 0.187746650647126 0.143820126968155 0.099424446995012 0.0542450891345874 0.0649350481322756 0.099724863271772 0.0679738610814276 0.0603213670691264 0.101916704248764 0.132354941900068 0.156694853469815 0.169994821036051 0.179210087871248 0.179086024239152 0.160854455368725 0.130584717702658 0.236958240342017 0.332052087082145 0.351783118773613 0.373303999469097 0.396261445976143 0.38385665825981 0.372329428505136 0.386385198593297 0.424159882859033 0.484830235167196 0.51312220194703 0.530179485257501 0.520944916447064 0.511521101475146 0.501877716068168 0.482402094216359 0.460206094376026 0.438352910901962 0.41852806786257 0.401539081167456 0.384835390074575 0.36746087355342 0.336275700792884 0.315626573635049 0.312834652917063 0.309831855612715 0.306667716201239 0.294284974991273
-9999 -9999 -9999 -9999 -9999 0.331560124650291 0.345275579752964 0.40508881947456 0.466012383815955 0.425528322103707 0.406156598151781 0.415892873253081 0.390225356129603 0.348794394833023 0.253507098112529 0.154774803942463 0.0502879918078986 0.068932612379986 0.140756310430036 0.0720326521804737 0.0331264320158206 0.0551552766498931 0.0880604199769435 0.126910407286229 0.153799315816585 0.172518930249737 0.171617976251104 0.164783561937151 0.15400448512674 0.21052761901022 0.258706800203325 0.260776393424633 0.290589885918617 0.342671143506288 0.26196527919811 0.188392516649916 0.227161546893075 0.3027110663744 0.413764482270651 0.481924472987922 0.532273904376537 0.5305157196068 0.522769440638004 0.508075552068132 0.487891234125114 0.466321733968214 0.446162809978922 0.42821247470333 0.413350003875239 0.395190229130262 0.376220127661751 0.364004158234498 0.35267226239448 0.342838754578829 0.331927127293014 0.320521136340349 0.308007124960806
-9999 -9999 -9999 -9999 -9999 -9999 -9999 -9999 0.471103822775648 0.433756653572297 0.417241487682379 0.429447818180407 0.423353965372758 0.407341327276915 0.333893183594314 0.272126015786353 0.229870730497152 0.188679617252161 0.147619712750855 0.0744883365237164 0.028568087001353 0.038256631376041 0.0611549061650994 0.0912734484897965 0.13009816663173 0.159210906507009 0.162863264858902 0.150982302674531 0.128774532235179 0.170435490382217 0.206698792893987 0.207332266937649 0.206385912872828 0.204171559639528 0.193560862509567 0.176466734299221 0.137067040891341 0.167304289698626 0.264761492189775 0.366366128152358 0.459326977062002 0.496146213025964 0.511928662987377 0.503303451421015 0.486805891501918 0.467928295117136 0.447486823814686 0.429001461256351 0.413250966719813 0.398309366708315 0.383840637215867 0.372607524974267 0.361822628513065 0.351797398630956 0.343852686053824 0.336821862203693 0.326343030915206
-9999 -9999 -9999 -9999 -9999 -9999 -9999 -9999 -9999 -9999 -9999 -9999 -9999 0.444359054139538 0.402804879828965 0.381012363226581 0.392229686531083 0.296917892605397 0.155012791486151 0.0797757179508837 0.0298629601555402 0.0317030999834396 0.0437073791245399 0.0612672451556633 0.107297841774118 0.143934719840016 0.154078671363091 0.137039509395733 0.101928564248871 0.131625688453284 0.158727434428666 0.158966897273753 0.13105045052683 0.0805355516073444 0.139039383354778 0.18113814090982 0.0862664687861555 0.0740899400823486 0.141738336680227 0.248175204541955 0.358077343078272 0.440493952225268 0.485450279757417 0.486943795323918 0.478282516045503 0.465980169950617 0.446462080561448 0.428320934245802 0.41210491483884 0.400325497122787 0.390063234518762 0.378332535590781 0.367736066078786 0.359061965697981 0.354275800065529 0.351208717442781 0.343267203197373
-9999 -9999 -9999 -9999 -9999 -9999 -9999 -9999 -9999 -9999 -9999 -9999 -9999 0.446453192848519 0.441997098298949 0.431309483912054 0.410212749235548 0.311706929385444 0.179353022644457 0.0962710134079576 0.0429461898311541 0.0504332988971811 0.0537220957037974 0.0547161494111813 0.0911304888232085 0.124258475077218 0.145747404175474 0.13034615214626 0.0904196979166822 0.103563401295841 0.116375086023326 0.112971973879796 0.0892685014935142 0.049271585681708 0.112567341205532 0.17195721506532 0.15092570542121 0.143520608590214 0.149268973255912 0.157208839494186 0.184735356615029 0.325154492789188 0.410645546739772 0.432406996789814 0.445048478440888 0.452822099450271 0.439567925081844 0.426089340475238 0.412297004199145 0.401422457758041 0.39159920570301 0.381765537248879 0.373872883053003 0.369269991792802 0.363584437803319 0.35742242538757 0.352931090763919
-9999 -9999 -9999 -9999 -9999 -9999 -9999 -9999 -9999 -9999 -9999 -9999 -9999 -9999 0.468514820764181 0.463262978532467 0.449238467841199 0.383985132338022 0.296049359520615 0.214224451724479 0.145101335237896 0.101935662657236 0.0765820322433448 0.060964233354087 0.0788891833089769 0.0998227897882302 0.125269369820749 0.119119452728859 0.0919636620653072 0.098286297822502 0.105164015592839 0.104278032640115 0.0852412810763169 0.0516363879643959 0.0932641137673902 0.140523589630438 0.165157821613745 0.168436584965811 0.151101094351156 0.125387676037803 0.120421000838864 0.248256330145973 0.328247395788854 0.352727767287645 0.371031861811983 0.386734915548351 0.394530431998516 0.399143347154444 0.399306614747615 0.397560456460191 0.39477030336476 0.385631778108601 0.378909034599977 0.376280722247603 0.371224459575336 0.365090223122002 0.361382400502022
-9999 -9999 -9999 -9999 -9999 -9999 -9999 -9999 -9999 -9999 -9999 -9999 -9999 -9999 -9999 0.478972413499086 0.506898351607039 0.507172432621808 0.494530948960896 0.422023382918284 0.326133443546208 0.182459169721202 0.110816956397717 0.0785465342955366 0.070124559479098 0.0711724178526703 0.0940348574521659 0.103878286360066 0.105066461758724 0.113186441839624 0.121529868902769 0.128615694700134 0.114647475714452 0.0837808921948947 0.0803091761058256 0.0893842539765388 0.134734581786049 0.153932911600287 0.147886938059692 0.145942099582513 0.152655240771698 0.205399567826647 0.239124950881726 0.250783847748834 0.260900540044821 0.273776754639591 0.315715394103052 0.350311703789448 0.374642580649994 0.389307083839326 0.399389374941146 0.3898816706744 0.382970500182704 0.380460111672932 0.377386851069068 0.374045679098113 0.368759921093406
-9999 -9999 -9999 -9999 -9999 -9999 -9999 -9999 -9999 -9999 -9999 -9999 -9999 -9999 -9999 -9999 -9999 0.53915674849131 0.55726834161552 0.516954797470449 0.456624310587275 0.355387099949184 0.229896400994767 0.0911490594879896 0.0597338234283355 0.0456175809648026 0.0654136109003547 0.0819764995545284 0.0963899424417065 0.106573260378853 0.115646026668701 0.122345075922062 0.116769521667669 0.101342144320841 0.0819438080363634 0.0717780094390134 0.10322233672794 0.125340175378405 0.13845523311449 0.163828071917496 0.192476860346742 0.225311333778651 0.242833726070793 0.242590472332216 0.241207729843646 0.243174096241845 0.278542243602367 0.317336800541561 0.36092187744263 0.386013343362817 0.403131415303483 0.396930151800831 0.391552857407396 0.387572081882442 0.383747604761972 0.379977784635953 0.373999639028845
-9999 -9999 -9999 -9999 -9999 -9999 -9999 -9999 -9999 -9999 -9999 -9999 -9999 -9999 -9999 -9999 -9999 -9999 0.58934281343627 0.579274164234044 0.558743734400935 0.516833557627878 0.349265147840558 0.113013575569346 0.0570157911027014 0.0265674419912859 0.0441817443523294 0.0654645870958765 0.0891863361259016 0.0999898796832545 0.108337330377841 0.11245178634965 0.113858948353747 0.113093186302719 0.0850441896954608 0.0615212911066403 0.0740603550139411 0.0947775078034747 0.123388900897065 0.171659676479332 0.220061354741289 0.24493910286606 0.254425431069004 0.246054061435484 0.235957026124603 0.228884373578962 0.25375408122954 0.292863441121244 0.351881494572503 0.384422833371217 0.406087184923463 0.403974433595444 0.400470326495692 0.394608055034851 0.389509614606569 0.384746541108468 0.378696174210935
-9999 -9999 -9999 -9999 -9999 -9999 -9999 -9999 -9999 -9999 -9999 -9999 -9999 -9999 -9999 -9999 -9999 -9999 0.58934281343627 0.579274164234044 0.563987499066037 0.538037270513065 0.394123902015833 0.185733409230357 0.0941892433246259 0.037330600272348 0.0576266681336857 0.0819158186416676 0.108859636497942 0.112816137221043 0.113810574016719 0.1118139236692 0.110164787417074 0.108794572385319 0.0824254177655205 0.05805995592069 0.0576467495991665 0.0669602533701367 0.0856628684535132 0.131513898775818 0.179552360532731 0.206949088828787 0.222396388169646 0.22397951560928 0.222085268085569 0.222581854842326 0.25372635370554 0.296781590299428 0.356489426516737 0.386924254129016 0.405889392024943 0.4084921713459 0.407019062274234 0.398637860432527 0.39209468631848 0.386394344844509 0.382585610446587
-9999 -9999 -9999 -9999 -9999 -9999 -9999 -9999 -9999 -9999 -9999 -9999 -9999 -9999 -9999 -9999 -9999 -9999 -9999 -9999 0.532858682336001 0.535565016320642 0.420046322706582 0.239907360404655 0.122393261788564 0.0436056933116767 0.0572778725397304 0.0826495136342698 0.115799150367257 0.118212549271288 0.115849131389996 0.106854432374363 0.103399683013903 0.104391399391362 0.0802071328125523 0.0548170213550898 0.039876949206102 0.0375544768397109 0.0474116672501124 0.0950566871800917 0.146869064910876 0.176576321126492 0.197859577207475 0.209368995023852 0.22003599278604 0.234042643046776 0.280606304265114 0.327153856003423 0.373678884810985 0.396629545081208 0.410498111072285 0.41395229680942 0.412675358758825 0.403379790440692 0.395864287353432 0.389159537334767 0.383520777651704
-9999 -9999 -9999 -9999 -9999 -9999 -9999 -9999 -9999 -9999 -9999 -9999 -9999 -9999 -9999 -9999 -9999 -9999 -9999 -9999 0.530364841524862 0.525480909210981 0.42581540274173 0.274343515567974 0.141051395661894 0.0451042804991655 0.0422488577942901 0.066655531715069 0.109186498109222 0.115701611820567 0.114232260830916 0.097295568464763 0.0933662706320493 0.0998769474800675 0.0784150734793246 0.0518065236603815 0.0206637934023804 0.00645808649601869 0.00860154554990198 0.0625250998009911 0.122514412720165 0.154310347718451 0.181296511670958 0.20270220036944 0.230569011848771 0.264408356866646 0.336123245354704 0.385680401020432 0.40425846356897 0.414001687178844 0.420222248724256 0.420415375702472 0.417381860336174 0.408879612142948 0.400894545472992 0.393113931326302 0.381311809789209
-9999 -9999 -9999 -9999 -9999 -9999 -9999 -9999 -9999 -9999 -9999 -9999 -9999 -9999 -9999 -9999 -9999 -9999 -9999 -9999 0.502143367323703 0.502667988447085 0.426691552353474 0.308900629321885 0.165102265327599 0.0585124060091781 0.0487821397897772 0.0695520681006309 0.110599029896904 0.115718592548834 0.11429743831561 0.102038888277013 0.0960050167252854 0.0949671868967138 0.0612987874459598 0.0267789343430862 0.00882059248721559 0.000164881383075075 0.000488921376236629 0.0639218006663354 0.132360372082829 0.152348117402283 0.163395997310568 0.164071512874164 0.198265400630145 0.245230415951327 0.322867464006962 0.372917215945635 0.384396712429401 0.399777486708135 0.41577306464033 0.417637553951224 0.416051255996243 0.408616329161855 0.401145311613125 0.393625395426922 0.381563772997552
