layers/veg100/veg4600.asc
NCOLS 255 
NROWS 330 
XLLCORNER -2985163.8955 
YLLCORNER -3022031.214 
CELLSIZE 25000 
NODATA_value -9999 
[rows 125 to 149 of 330, columns 171 to 227 of 255]
0.191611593943248 0.297050437663296 0.358390638256513 0.367145587550955 0.333890246374589 0.290758109101279 0.271069317318771 0.264635738492902 0.27726149512655 0.288065197745695 0.298409907358308 0.313312549285448 0.329941505579812 0.349583187346097 0.373743853204818 0.400005292252331 0.416009454693699 0.427938446613304 0.431141974438621 0.385346609607682 0.311554362357327 0.341265608895651 0.348831746641298 0.284055145190127 0.27255257284763 0.297999681688757 0.416649038822958 0.518199799255642 0.529310221452611 0.555377765353719 0.593955241005306 0.594257913437296 0.595347841816482 0.627676025691104 0.656630846969534 0.682193762235294 0.702395789785219 0.722093963407506 0.746287496048304 0.765321338238368 0.778117561995901 0.781051242759312 -9999 -9999 -9999 -9999 -9999 -9999 -9999 -9999 -9999 -9999 -9999 -9999 -9999 -9999 -9999
0.173210081544372 0.279951537124281 0.34657341652837 0.365354867166018 0.331924492640255 0.286445373591573 0.272333222434608 0.270186205715688 0.285243553183064 0.299717434902533 0.31377479134886 0.323732992799223 0.338332288735459 0.361031119635118 0.370567631239387 0.37398698718348 0.412461880577237 0.438928813622339 0.439685159513287 0.399207559682461 0.335169796193249 0.358056214815587 0.36813014876702 0.332899477305825 0.323923443650787 0.333157042583329 0.408663467478262 0.482676816731995 0.528798525706148 0.559730803845256 0.577958850058348 0.560937620263782 0.553963946925662 0.618055821711777 0.664993781439492 0.694683530822698 0.709210595634931 0.723438192122272 0.75761233402395 0.777590116411464 0.780405730908118 -9999 -9999 -9999 -9999 -9999 -9999 -9999 -9999 -9999 -9999 -9999 -9999 -9999 -9999 -9999 -9999
0.183553631351279 0.286501120886676 0.349860019836858 0.366011661672564 0.330582365169361 0.283721863392493 0.272498028612389 0.272085436231058 0.287218055856988 0.302894812211911 0.31855204550909 0.329618675075974 0.342481580354517 0.358479306088625 0.37366379259858 0.388476037318378 0.422767151236496 0.446754817043062 0.4486814755704 0.411605545798129 0.352244400595841 0.368443447485059 0.3795718502595 0.367520236909517 0.370981997867637 0.385203490056098 0.442166210978827 0.499184604691156 0.541693009747305 0.547775621404749 0.523392198327133 0.521560654467125 0.53747409210663 0.617595696194442 0.674504493600727 0.708072883236173 0.71544662037615 -9999 0.781886997633051 0.781886997633051 -9999 -9999 -9999 -9999 -9999 -9999 -9999 -9999 -9999 -9999 -9999 -9999 -9999 -9999 -9999 -9999 -9999
0.208176820850336 0.304798525289433 0.36064972673762 0.367884304332136 0.32955003554412 0.281787830170811 0.272116837125977 0.272170847585439 0.28620819461895 0.301862146620811 0.318069699321667 0.333251631090001 0.344523832842255 0.348972860651559 0.379875876033205 0.423087863081679 0.439954077976109 0.453008864502355 0.457902892798501 0.423276777590945 0.366069727368518 0.375649686418064 0.387110590839646 0.39507517459386 0.41589832930375 0.445639902711051 0.496279039898014 0.541539637303346 0.561247260799747 0.527719029502596 0.449665058339238 0.479174924863569 0.533350810724184 0.621686008559366 0.684585385494425 0.721909120503026 0.722919096946258 -9999 -9999 -9999 -9999 -9999 -9999 -9999 -9999 -9999 -9999 -9999 -9999 -9999 -9999 -9999 -9999 -9999 -9999 -9999 -9999
0.21626311599873 0.298665091596639 0.339861506903074 0.331922516011136 0.314905150548378 0.295778861960509 0.281969245598246 0.278483898006929 0.289843555359958 0.307650183206113 0.328055229321116 0.352426888924967 0.373032611317412 0.387066103774296 0.4100855142216 0.437282118541232 0.443610607986646 0.446366230589985 0.441471885866136 0.410104973418014 0.363612221879693 0.403447501534636 0.439522675456509 0.454544125838622 0.47583278476511 0.501468240085646 0.542461270618613 0.577493330885458 0.5868890242008 0.575317191280446 0.546208406573952 0.571531562935085 0.6096286428175 0.666335957579115 0.71216855807226 0.747066665856281 0.751713291915439 -9999 -9999 -9999 -9999 -9999 -9999 -9999 -9999 -9999 -9999 -9999 -9999 -9999 -9999 -9999 -9999 -9999 -9999 -9999 -9999
0.234866590440265 0.293111354668235 0.316836536341612 0.299398979330686 0.299343896326523 0.302572377730545 0.288189978927984 0.283052767396415 0.291208976812538 0.310407829897735 0.334012603261695 0.363488483276313 0.38893410745866 0.40734621872194 0.426184620624067 0.44521524215114 0.445225157894286 0.442181387945513 0.432599284271124 0.40119716362553 0.357327568381722 0.422523443680928 0.479260430461211 0.499494924818903 0.518613170079141 0.536957209803164 0.570938493109181 0.599155782216395 0.602313114226055 0.606423256978405 0.611330317586875 0.636731508662342 0.666538133518407 0.701518421114878 0.735793038057163 0.769358105264828 0.779583525366208 -9999 -9999 -9999 -9999 -9999 -9999 -9999 -9999 -9999 -9999 -9999 -9999 -9999 -9999 -9999 -9999 -9999 -9999 -9999 -9999
0.27806259400053 0.289669739808005 0.289710313660249 0.275958374868012 0.282124139083373 0.292387564756281 0.28577318300389 0.283431068363089 0.287231938547864 0.306013321384922 0.330417867140946 0.355488157287152 0.375142036029776 0.385343313953111 0.409230544918388 0.439481362893816 0.442603459575382 0.444034206425228 0.441843555802566 0.402843441885179 0.342811215609378 0.420983609169007 0.488559093038862 0.510205344453704 0.521666420343674 0.526063285121029 0.559166427952308 0.58832955079695 0.594166017528597 0.597623316027219 0.599090710799259 0.635469475497983 0.676551479211371 0.713736979605881 0.749798028822545 0.784728445739145 0.787619811082809 -9999 -9999 -9999 -9999 -9999 -9999 -9999 -9999 -9999 -9999 -9999 -9999 -9999 -9999 -9999 -9999 -9999 -9999 -9999 -9999
0.27379292366815 0.261827025610603 0.257885150398882 0.263511489260354 0.274786735778213 0.286394131367997 0.285039304643911 0.285212368914641 0.287582349003401 0.303105574948462 0.323402374624129 0.340907856440737 0.356545572724387 0.368923706104973 0.402229563589025 0.445266444886022 0.44747155378624 0.450240593985598 0.454217083609713 0.424035055778602 0.374335607349348 0.436378706125231 0.488426482818426 0.499527150474377 0.507320087265501 0.512818855529454 0.534340917575196 0.552160726682558 0.551827850001174 0.558178698026729 0.570119721861286 0.629787659434883 0.691713994421261 0.729387955733741 0.76273107347636 0.791719540947727 0.797034380098996 -9999 -9999 -9999 -9999 -9999 -9999 -9999 -9999 -9999 -9999 -9999 -9999 -9999 -9999 -9999 -9999 -9999 -9999 -9999 -9999
0.240700587712242 0.219167188440661 0.223206641087303 0.257740339116474 0.273450211840577 0.282945836864316 0.285327347311159 0.287845615400773 0.290560523846054 0.301100637693335 0.314309690113653 0.322331985752613 0.335031729990358 0.355894453581524 0.401272417469436 0.458046206215901 0.456887688043116 0.45909060704604 0.468490795273702 0.457095218610067 0.433817402309549 0.462057231652758 0.482566904033752 0.475861110588866 0.482408174231382 0.498147124658971 0.501588940428248 0.500603074908586 0.488727777690281 0.500125658249044 0.53098890596647 0.621422010737128 0.710003248999918 0.747123204931256 0.775013198385307 0.793622492142635 -9999 -9999 -9999 -9999 -9999 -9999 -9999 -9999 -9999 -9999 -9999 -9999 -9999 -9999 -9999 -9999 -9999 -9999 -9999 -9999 -9999
0.201384985602641 0.205863128731875 0.225312002581418 0.262612664632007 0.283698805952283 0.298450376978838 0.297404015005243 0.30291541421884 0.317856052384614 0.333272490521915 0.348710749022645 0.360936972031726 0.375793184101082 0.395239194635419 0.425283129743435 0.46025212132358 0.466076484009642 0.471932837585682 0.477857687770725 0.447493722439452 0.396395131363112 0.432481281517772 0.461541817945771 0.46071864301642 0.469667063576078 0.485392845338089 0.507305426973127 0.525002985221027 0.526180033648634 0.548047725681341 0.58722078865996 0.656924454647905 0.724776306416855 0.762157766534114 0.780457887834696 0.779571779959935 -9999 -9999 -9999 -9999 -9999 -9999 -9999 -9999 -9999 -9999 -9999 -9999 -9999 -9999 -9999 -9999 -9999 -9999 -9999 -9999 -9999
0.174383389669852 0.197128936435065 0.227394563202103 0.266627479405815 0.293401969193113 0.314093401601304 0.31066999888335 0.318091216420524 0.341105639140421 0.361461167152821 0.380434851937642 0.391375687382307 0.404078642513608 0.419856809764613 0.438780255061484 0.459165493883073 0.471274680302042 0.480596683598497 0.483950969438761 0.440647278278492 0.370684252076192 0.414768549672764 0.452396775641994 0.458235638113468 0.468360520282968 0.481458090346333 0.524376091922203 0.562833968318996 0.575806037796598 0.603336933652611 0.643044632503453 0.689019647782138 0.734582564403737 0.77374552773878 0.794276970685532 0.796074475542866 -9999 -9999 -9999 -9999 -9999 -9999 -9999 -9999 -9999 -9999 -9999 -9999 -9999 -9999 -9999 -9999 -9999 -9999 -9999 -9999 -9999
0.183888334434655 0.196159340039559 0.222693373953412 0.266235299147513 0.299422551518079 0.326672627192935 0.325199002602153 0.331300066030248 0.348292581781686 0.371966741863879 0.396526089549051 0.387914568451236 0.385154850371346 0.39260756888093 0.417518702669102 0.450552813195535 0.46505207065167 0.476529677584481 0.481537542206889 0.449506044034758 0.396311074020036 0.441222675484647 0.480145013519643 0.490558056227741 0.497674958704301 0.502505731659036 0.567033792748646 0.625370455629283 0.642034069545172 0.66043157201796 0.680279275133544 0.703315954839952 0.73076472844081 0.77592619110309 0.797927055463495 0.796640007422833 -9999 -9999 -9999 -9999 -9999 -9999 -9999 -9999 -9999 -9999 -9999 -9999 -9999 -9999 -9999 -9999 -9999 -9999 -9999 -9999 -9999
0.188841515344261 0.213408723674548 0.236645457077194 0.258295670953253 0.293700913696553 0.330078198697522 0.336500748515612 0.34608656978458 0.360220779067308 0.376238200218787 0.391343851293653 0.373152143429346 0.366811448588936 0.38115287832737 0.413788225871711 0.454927227992393 0.452198824411528 0.452739168537223 0.4602783218157 0.447925849319748 0.424207742260488 0.457101723046021 0.486079768268854 0.497378561862364 0.50727524983634 0.516199468551011 0.573532704271887 0.627612089619177 0.653931413279928 0.675156686497826 0.692121365690075 0.718724359022809 0.74864899388179 0.786677082098866 0.806420885019006 0.807779893696731 -9999 -9999 -9999 -9999 -9999 -9999 -9999 -9999 -9999 -9999 -9999 -9999 -9999 -9999 -9999 -9999 -9999 -9999 -9999 -9999 -9999
0.190447789007401 0.244054504448559 0.264313272049069 0.244806412111892 0.279345233567886 0.326738391857089 0.34542949510869 0.362033120996771 0.375635215980324 0.375925719276431 0.370519248275677 0.350079879748603 0.34889480723676 0.381311904266193 0.422948330794683 0.468851040642486 0.434470077957191 0.414445988145919 0.425161809241334 0.438669897786427 0.453773426130959 0.465204926527051 0.475975091475533 0.485447537674234 0.502379748893166 0.524485887142095 0.553444095486026 0.585518980436455 0.625879458412284 0.658727533965426 0.685292339017138 0.734950487069425 0.782490791998661 0.803729652592109 0.81249595753574 0.8087211450348 -9999 -9999 -9999 -9999 -9999 -9999 -9999 -9999 -9999 -9999 -9999 -9999 -9999 -9999 -9999 -9999 -9999 -9999 -9999 -9999 -9999
0.193558774272444 0.250824059013631 0.280505046070237 0.277293247254223 0.291980641698165 0.312018588557091 0.333320487287785 0.352959083935319 0.370206060585712 0.373673462293407 0.371248684692717 0.353367238106432 0.347636473898649 0.363110810568179 0.407131858832552 0.464415288307142 0.431619706318574 0.414629659532186 0.431481295973806 0.465451959507764 0.509204056103919 0.521191560568895 0.52866330439102 0.5281274340288 0.543819026068761 0.570765624951864 0.616757718893077 0.658060317644813 0.67679974869789 0.696139897271559 0.71598247775242 0.754387706364396 0.791826027902224 0.811459690722619 0.821197175925483 0.8209840840984 -9999 -9999 -9999 -9999 -9999 -9999 -9999 -9999 -9999 -9999 -9999 -9999 -9999 -9999 -9999 -9999 -9999 -9999 -9999 -9999 -9999
0.195253896646749 0.253587893705008 0.292626370681513 0.308655981613742 0.306455797339979 0.301564886981543 0.322559340274958 0.343254083393711 0.363517880832589 0.370818176855694 0.372398911244283 0.355801836471396 0.345680004121669 0.346858620957504 0.389928129116923 0.452474852213711 0.42930686732353 0.422093051911119 0.449039164822945 0.500100411577971 0.564940511897565 0.576805206074298 0.58214840130231 0.5768332493372 0.59432198529636 0.62762699050803 0.681922180189968 0.724100432453378 0.717684842134451 0.724664905283037 0.742848909533825 0.771800396787094 0.800424556840828 0.819780486346682 0.832018095643053 0.837098255234519 -9999 -9999 -9999 -9999 -9999 -9999 -9999 -9999 -9999 -9999 -9999 -9999 -9999 -9999 -9999 -9999 -9999 -9999 -9999 -9999 -9999
0.191036684569418 0.251960747598102 0.294679289114695 0.315688729038634 0.31592083093299 0.311927444228031 0.32602319760128 0.342179494613134 0.361298595207668 0.366576350254993 0.365659057985833 0.343514587940697 0.333829185886913 0.345887072429114 0.378529826706657 0.420744073371539 0.422464215246598 0.439691099607272 0.490119913569422 0.548129327465491 0.610470128327942 0.610038988457972 0.611056034510356 0.623947844768426 0.658132123292591 0.707084384025118 0.717382232132704 0.715756971528818 0.686713422370039 0.696611084158953 0.739078641471403 0.78029451369235 0.817035819745553 0.834380651805524 0.841580578873382 0.838579834279216 -9999 -9999 -9999 -9999 -9999 -9999 -9999 -9999 -9999 -9999 -9999 -9999 -9999 -9999 -9999 -9999 -9999 -9999 -9999 -9999 -9999
0.189481977206642 0.255850268954742 0.299612380829389 0.31641784358148 0.317976742833029 0.316190678319833 0.325272512380203 0.336642309285539 0.351301910098497 0.359773652847994 0.364934072909737 0.349431648009336 0.342558862663147 0.350746332501116 0.370399612101652 0.395395286617013 0.431362253253589 0.469261521678869 0.511298096699452 0.568825012583933 0.635202766279089 0.618013479610873 0.609763533055607 0.636046520006722 0.674175287579962 0.720520025010968 0.716593405556172 0.70422593661083 0.680326185732219 0.698067817827884 0.750637732350344 0.792700904957532 0.828336739655647 0.842406216902789 0.849460237552788 -9999 -9999 -9999 -9999 -9999 -9999 -9999 -9999 -9999 -9999 -9999 -9999 -9999 -9999 -9999 -9999 -9999 -9999 -9999 -9999 -9999 -9999
0.190285030804447 0.264625033558825 0.307095988261761 0.311564823588417 0.313471562921888 0.315052702813213 0.320789670806255 0.327153305257353 0.334418007558843 0.350703195621012 0.369535508968553 0.37146939620119 0.369513441510399 0.360769021134006 0.365163427993902 0.375698024801673 0.454199340596202 0.509433989543511 0.514851713018621 0.565315961432184 0.641518796857349 0.603619796003236 0.581727530219229 0.617137111323714 0.647918768715491 0.675490601196563 0.683704658115487 0.689872169594155 0.695709286967171 0.725657400627845 0.775771621375231 0.808571781262871 0.834935125394966 0.844609694257177 -9999 -9999 -9999 -9999 -9999 -9999 -9999 -9999 -9999 -9999 -9999 -9999 -9999 -9999 -9999 -9999 -9999 -9999 -9999 -9999 -9999 -9999 -9999
0.203234095740933 0.266770653570478 0.30483268321013 0.312517713205356 0.308822103149782 0.301866590306867 0.29550689814573 0.301959126517864 0.326833291385707 0.344262607599988 0.357854358902545 0.3496052917517 0.352482474771037 0.374776942342424 0.392232020448403 0.4074507927377 0.474339727680615 0.524825940103912 0.540191814463034 0.573533170474506 0.617145318721706 0.596081811798494 0.589843380411972 0.631446214881301 0.664865031504952 0.692607595454303 0.718333503118065 0.738453710103656 0.740126217550188 0.761901096747772 0.800489324369124 0.824523558156037 0.842309696273331 0.842268208556985 -9999 -9999 -9999 -9999 -9999 -9999 -9999 -9999 -9999 -9999 -9999 -9999 -9999 -9999 -9999 -9999 -9999 -9999 -9999 -9999 -9999 -9999 -9999
0.217070710937762 0.262801038822702 0.294018404936558 0.30792984760903 0.299585334018885 0.285165757075315 0.274866317891412 0.284611363028251 0.323177865204808 0.339138851302948 0.345461836631382 0.327009001426131 0.331950706941567 0.377720045054686 0.411078354494309 0.438664340503659 0.486179555989236 0.528296299343672 0.558854219700951 0.579177612248562 0.59365322220003 0.595341407420895 0.608800179041827 0.655324085540714 0.692481112646757 0.723141480629364 0.76031503969558 0.788513279731539 0.783824190841544 0.79652931883151 0.823782731600166 0.840568838803646 0.854162919571586 0.860840840317879 -9999 -9999 -9999 -9999 -9999 -9999 -9999 -9999 -9999 -9999 -9999 -9999 -9999 -9999 -9999 -9999 -9999 -9999 -9999 -9999 -9999 -9999 -9999
0.22447939626721 0.234132658977146 0.24909502703901 0.270388216625244 0.267498053266728 0.26164467326377 0.29610202043369 0.320629915482705 0.330880502462761 0.338257178377432 0.344083165373558 0.340049151922493 0.333261198466996 0.32166713011318 0.359814405110987 0.421114763648561 0.458852828992563 0.494231992856877 0.524560445333027 0.561435791637188 0.602051888125259 0.622515080676496 0.64969778877102 0.69739604641118 0.734868221340177 0.765247812842377 0.778682323093526 0.789632451317758 0.797927339840488 0.815317164207626 0.84031386835679 0.857010089133436 0.86902553897507 0.86580409141842 -9999 -9999 -9999 -9999 -9999 -9999 -9999 -9999 -9999 -9999 -9999 -9999 -9999 -9999 -9999 -9999 -9999 -9999 -9999 -9999 -9999 -9999 -9999
0.229132971038341 0.220927486034465 0.224165996278084 0.241050853059411 0.247803175324038 0.25629918390942 0.311089434358362 0.341739802361922 0.337680043943149 0.343559337940533 0.353098692512701 0.361621444307945 0.346997663896455 0.291979069834646 0.32948801952853 0.410065689036135 0.446693276060413 0.485217922383127 0.527804416597811 0.579217522421586 0.635673958696014 0.652371836247379 0.67555920848719 0.721148783286604 0.756740945629576 0.785399125146262 0.794318958929932 0.802492461480881 0.814906187339394 0.832249614142211 0.853716175300914 0.86770528020845 0.878191769019167 -9999 -9999 -9999 -9999 -9999 -9999 -9999 -9999 -9999 -9999 -9999 -9999 -9999 -9999 -9999 -9999 -9999 -9999 -9999 -9999 -9999 -9999 -9999 -9999
0.230854368803245 0.224179315002761 0.220516316631247 0.220445031755375 0.241297139644015 0.27029740473071 0.319426992378878 0.346982868121638 0.343518449157915 0.355442754788847 0.373176436173706 0.392274225382154 0.373958700242464 0.290350290292403 0.321444820716206 0.405934893309963 0.450675666654707 0.502864025605973 0.570998622991141 0.634805845129432 0.696140500860531 0.685084111444121 0.6854180868591 0.725404949613137 0.756780859593152 0.782184404332343 0.807049452953667 0.827847874706911 0.834945549775887 0.847207425405875 0.863788567659609 0.872285122201583 -9999 -9999 -9999 -9999 -9999 -9999 -9999 -9999 -9999 -9999 -9999 -9999 -9999 -9999 -9999 -9999 -9999 -9999 -9999 -9999 -9999 -9999 -9999 -9999 -9999
0.209969405844179 0.215329139239834 0.217334651745108 0.215340436913536 0.231040594267543 0.255606514000352 0.316649740145581 0.35371496352561 0.35630282318118 0.367685437223715 0.381203336368216 0.371066945043009 0.34988898278111 0.309441516283727 0.351459241359424 0.431862528686615 0.474785139521758 0.517787459920361 0.560960448743814 0.633011371958333 0.721562507521203 0.704958687984166 0.694235018499703 0.712628357032085 0.735434740761655 0.76130191444485 0.800280881688537 0.833912160967742 0.844773591278003 0.855614048619968 0.866436964458482 -9999 -9999 -9999 -9999 -9999 -9999 -9999 -9999 -9999 -9999 -9999 -9999 -9999 -9999 -9999 -9999 -9999 -9999 -9999 -9999 -9999 -9999 -9999 -9999 -9999 -9999
