layers/veg100/veg4500.asc
NCOLS 255 
NROWS 330 
XLLCORNER -2985163.8955 
YLLCORNER -3022031.214 
CELLSIZE 25000 
NODATA_value -9999 
[rows 75 to 99 of 330, columns 171 to 227 of 255]
0.807109117298029 0.811109082282657 0.81274104027517 0.811549277764549 0.800646060460282 0.78823218039604 0.78884717528874 0.788779015902358 0.787728566256421 0.778576714638676 0.767033571948956 0.768528770496432 0.768459702309197 0.765660710577316 0.761151236686125 0.755848685139425 0.760756512258279 0.764056805203047 0.763915160775767 -9999 -9999 -9999 -9999 -9999 -9999 -9999 -9999 -9999 -9999 -9999 -9999 -9999 -9999 -9999 -9999 -9999 -9999 -9999 -9999 -9999 -9999 -9999 -9999 -9999 -9999 -9999 -9999 -9999 -9999 -9999 -9999 -9999 -9999 -9999 -9999 -9999 -9999
0.803622292411264 0.804606843275389 0.80393108533439 0.801275498773725 0.788107726210268 0.773704003922459 0.777336222473866 0.779482982143388 0.77949383805687 0.762237526848192 0.740095893377666 0.750104119608662 0.755573210481695 0.753120703195625 0.746527346809405 0.738012321336947 0.748957244562906 0.754501017792146 0.748480234369696 -9999 -9999 -9999 0.735542927930279 0.739544689098507 -9999 -9999 -9999 -9999 -9999 -9999 -9999 -9999 -9999 -9999 -9999 -9999 -9999 -9999 -9999 -9999 -9999 -9999 -9999 -9999 -9999 -9999 -9999 -9999 -9999 -9999 -9999 -9999 -9999 -9999 -9999 -9999 -9999
0.795399877542368 0.795779110818345 0.794316789714406 0.790658514427259 0.780855067929512 0.770257944636845 0.769503172923043 0.767467344815131 0.763589518118604 0.744071451360625 0.720555727262438 0.73497407542916 0.743263763293167 0.740857849386544 0.737821023379911 0.734494083047089 0.742249793041311 0.747300687943291 0.746560225933213 0.746290982227154 -9999 0.734452693346912 0.735542927930279 0.739544689098507 0.741183546543628 -9999 -9999 -9999 -9999 -9999 -9999 -9999 -9999 -9999 -9999 -9999 -9999 -9999 -9999 -9999 -9999 -9999 -9999 -9999 -9999 -9999 -9999 -9999 -9999 -9999 -9999 -9999 -9999 -9999 -9999 -9999 -9999
0.788555502655931 0.787479039989599 0.784486872779586 0.77921033131901 0.771637002713446 0.764024646110384 0.762628392769897 0.757365812500654 0.746543938527686 0.728313335257483 0.709021470194916 0.724865424886308 0.733580528442893 0.729854519414691 0.728859532855329 0.729138583709875 0.736704271933958 0.74219011470829 0.743222740937067 0.73499679520801 0.721480706448708 0.725773636004823 0.730596969131835 0.734565018909334 0.73702232627834 0.738431816328506 0.749850245099783 0.760643496257771 0.765859610997307 -9999 -9999 -9999 -9999 -9999 -9999 -9999 -9999 -9999 -9999 -9999 -9999 -9999 -9999 -9999 -9999 -9999 -9999 -9999 -9999 -9999 -9999 -9999 -9999 -9999 -9999 -9999 -9999
0.783427613038697 0.779836223974667 0.774388378143572 0.766726807837087 0.759970828519851 0.754319565081558 0.756947232051586 0.74964848753987 0.728076807017342 0.715554571034415 0.707459365693276 0.721011417400181 0.72716850114087 0.72042005111618 0.719580206443924 0.721494593789215 0.732606050226676 0.739682540290128 0.7381196485093 0.731237797477741 0.721316810893036 0.71948303436084 0.719490328838164 0.723382676349254 0.729745488721442 0.737821760550707 0.749850245099784 0.760643496257771 0.765859610997307 0.768235302277847 -9999 -9999 -9999 -9999 -9999 -9999 -9999 -9999 -9999 -9999 -9999 -9999 -9999 -9999 -9999 -9999 -9999 -9999 -9999 -9999 -9999 -9999 -9999 -9999 -9999 -9999 -9999
0.77549488714034 0.762862029534449 0.746725610016426 0.726411382055174 0.734485446924277 0.747552446241458 0.728217197238755 0.708349772748694 0.687717146585142 0.692813870711369 0.707392176373766 0.719477715605587 0.725928255379078 0.722544719317541 0.723593698999222 0.726705531454572 0.726660609254625 0.727359206691301 0.729649775275713 0.725483000707703 0.717626643229147 0.711634398566954 0.707741490493783 0.709217177093696 0.716914611595004 0.728927311999939 0.742440483567119 0.754870867803097 0.763087892909106 0.764788701627306 0.76103943620054 0.766153376286068 0.771693589219356 0.77276115985842 0.767274901429472 0.755198787451971 0.791150120818899 -9999 -9999 -9999 -9999 -9999 -9999 -9999 -9999 -9999 -9999 -9999 -9999 -9999 -9999 -9999 -9999 -9999 -9999 -9999 -9999
0.766473119766338 0.743959044918661 0.716358675700414 0.682693175024796 0.707323838641392 0.740958469634648 0.695749917321815 0.662873768132646 0.647730069483864 0.67131496451716 0.708073038522526 0.71841913744641 0.725551963512228 0.727077057190754 0.730574994043596 0.73498540766736 0.720806830014732 0.713434490750938 0.720635183060127 0.718654213986844 0.711427046883264 0.702652523081999 0.695899203615034 0.694740996349768 0.703212342433749 0.718362532452541 0.732387119094824 0.745880071273531 0.757944829405899 0.761744405717812 0.758631097149571 0.760265394140286 0.763370422067975 0.769716453627042 0.766803359042199 0.754580240780967 0.789745829591395 0.827297132317052 0.811822948067666 -9999 -9999 -9999 -9999 -9999 -9999 -9999 -9999 -9999 -9999 -9999 -9999 -9999 -9999 -9999 -9999 -9999 -9999
0.754973692947495 0.735941369914419 0.71693911111319 0.697972702285446 0.709606577045973 0.726036119347725 0.701763499298746 0.687775253269046 0.688574648529288 0.698772810378073 0.711966753167198 0.714603257761551 0.716827723696174 0.718333108918064 0.724535637910987 0.732919062543135 0.722453264584839 0.715786735069361 0.717254927820189 0.706686006514625 0.689239344741127 0.686330117093714 0.685249663012927 0.687198617933527 0.699111977488493 0.717936426378816 0.718423363642453 0.720762227682816 0.735731565892935 0.738382828739148 0.730731422051217 0.687904788309362 0.661082507024386 0.73229840750787 0.761008318912446 0.746978585283317 0.772487733104455 0.80233134899676 0.802992345738971 0.803354101790798 -9999 -9999 -9999 -9999 -9999 -9999 -9999 -9999 -9999 -9999 -9999 -9999 -9999 -9999 -9999 -9999 -9999
0.740157639428335 0.724244861422693 0.712830124599386 0.706779059062859 0.708145216123198 0.710706290665614 0.703721592189255 0.702901567125955 0.710945570046379 0.71185560551883 0.710056013759767 0.707283909906549 0.706631562206529 0.70967856584034 0.717485326316658 0.727502498753107 0.719768388454731 0.713920782651484 0.712112425549136 0.697099434218728 0.674541607243403 0.676045855640689 0.678715736758906 0.681429094012071 0.694519888678425 0.71480824302509 0.710038927689783 0.708024053262299 0.724032668085254 0.725015991632507 0.71343236733323 0.640528727683195 0.592213303654799 0.69977972740659 0.742296275506885 0.719405367973804 0.747340145836343 0.781491778379353 0.782274702985077 0.786726062012247 0.79561224021786 0.816137812990295 -9999 -9999 -9999 -9999 -9999 -9999 -9999 -9999 -9999 -9999 -9999 -9999 -9999 -9999 -9999
0.720354132756571 0.70701622304933 0.701669312756738 0.705851237878406 0.701053580321401 0.694763707039903 0.69958115073838 0.703328243905684 0.705536307115518 0.703321589811917 0.69941669399732 0.694696141771219 0.69422196488142 0.701158467866567 0.708914767356471 0.71704796712513 0.710570204931712 0.705711620547466 0.704319904055192 0.691094300215951 0.671107075151065 0.674841591944236 0.678370759581758 0.678325540529278 0.689188358875636 0.707616749245914 0.710044520866866 0.713902089109039 0.728144987855792 0.726678972889026 0.712074237631183 0.630723747557566 0.573598251250874 0.674628580856602 0.704159993400007 0.661799458437732 0.710328556609482 0.766857094356918 0.743681651690893 0.748937576256423 0.788564558930752 0.816137812990295 0.837996307441051 -9999 -9999 -9999 -9999 -9999 -9999 -9999 -9999 -9999 -9999 -9999 -9999 -9999 -9999
0.702701149763037 0.68240401345373 0.672635005646973 0.675420222726912 0.674750086438049 0.673925079206948 0.681504623211707 0.685789132750105 0.685335795567329 0.683924838155032 0.68214100081705 0.680037796423982 0.682065912530252 0.691303917366722 0.696174343126846 0.699008078326603 0.69264426878268 0.687815288648412 0.68627257563678 0.679901619105764 0.670771911125959 0.671855267720297 0.673276572812055 0.674297588135867 0.681025958544526 0.691712823445062 0.698404223594648 0.704650678855488 0.710751989391048 0.708444295754544 0.699103426192693 0.626797025561196 0.57506699009964 0.662206358696506 0.697044827427773 0.679294897591268 0.709648301606013 0.74406357293992 0.735191509255731 0.749744890485139 0.79261760373232 0.800930856217004 0.802664715205178 0.84238697604701 -9999 -9999 -9999 -9999 -9999 -9999 -9999 -9999 -9999 -9999 -9999 -9999 -9999
0.686699406513828 0.657066332344528 0.639419630612661 0.636066030937707 0.642251373650735 0.651040067133992 0.658058605347362 0.66126067284462 0.658975133625353 0.660138968181865 0.662589863016091 0.665034956185161 0.670435976124174 0.680995613776172 0.681974602498105 0.678491429187555 0.671476685276076 0.666043520515286 0.663996720084017 0.66633773485335 0.671185850081283 0.668008537506106 0.666392176026462 0.66996815251139 0.671977792019069 0.672901055052061 0.682504052042166 0.689659959419766 0.685474764273316 0.682601773238479 0.680826291751514 0.624401903610206 0.583847588543217 0.654798526006954 0.70146059393712 0.723700276113419 0.722007516332411 0.718433209331175 0.737290376223504 0.763679794305805 0.799175051063821 0.780021623798018 0.753982944885363 0.824136746757216 0.864664218992909 0.861989028609694 -9999 -9999 -9999 -9999 -9999 -9999 -9999 -9999 -9999 -9999 -9999
0.692577868269576 0.691114955054616 0.683986008396767 0.670100622734556 0.647077015486205 0.624945801020951 0.637866140821395 0.639097171198497 0.623520439201779 0.63334506507011 0.652247211888386 0.662848223051597 0.670403190937653 0.672642271784887 0.672756217602583 0.671875582747326 0.65564160384128 0.642641937139417 0.63656734875185 0.643850968764079 0.658767173302795 0.659849522995189 0.661694820916963 0.667342284012276 0.669166703826092 0.668339545886809 0.675504739009649 0.680649394475667 0.676145870032263 0.66299903871892 0.642623063912583 0.600684447548128 0.57634076273492 0.647412080557591 0.687171170662176 0.695445909340398 0.699799008540138 0.703052359023084 0.70489660959242 0.721177823122189 0.754912073250103 0.766930756002699 0.776649685539676 0.829070327624673 0.86042933150096 0.861075153524918 -9999 -9999 -9999 -9999 -9999 -9999 -9999 -9999 -9999 -9999 -9999
0.698173671514031 0.704258536460512 0.701830135648061 0.689250124999926 0.649812333900325 0.607803517608889 0.61765429985099 0.615686017080509 0.59672339965622 0.613294474115636 0.642357809876084 0.65555665674835 0.663803264750735 0.663407335524908 0.663660162547012 0.664207164665998 0.640789714525589 0.622882721128407 0.616774324182434 0.628097179460087 0.649379866327236 0.650118250740746 0.651346072126119 0.656501630748962 0.657878817675653 0.656635410066846 0.66381798520709 0.669532294666178 0.667335078781875 0.651390396656803 0.62394752204417 0.586604893911192 0.567385714981725 0.637549069372452 0.668639071916829 0.660440935909955 0.661257979725903 0.664639739454246 0.671495806470681 0.689263108117406 0.720221146476229 0.755602852688824 0.792180803834693 0.827530935241734 0.845200558392044 0.837087540137659 -9999 -9999 -9999 -9999 -9999 -9999 -9999 -9999 -9999 -9999 -9999
0.703252486096976 0.679166335496745 0.670798676339508 0.681174469677852 0.648724404598358 0.607034608319892 0.597407018935654 0.589992879028932 0.58576140214337 0.605577550066896 0.633297410508821 0.638928237804191 0.645191892595914 0.652559943871724 0.654787851471163 0.654613569800184 0.627736105315957 0.609785475493182 0.610948346540657 0.624658153438117 0.645537001688822 0.63751128433982 0.630660799444174 0.630635954674784 0.631086680795599 0.631867252303883 0.643557798683398 0.654562296051317 0.6594719093471 0.65440312630106 0.640988549212248 0.590153276725828 0.555781837297875 0.623156364745457 0.64234702600893 0.613088953771876 0.592844409152164 0.584101505100535 0.636253111360559 0.676712718552367 0.703037712515459 0.747499450358087 0.79466071119776 0.814152331785954 0.827925474135704 0.833359632579479 0.834855002484682 -9999 -9999 -9999 -9999 -9999 -9999 -9999 -9999 -9999 -9999
0.688700611147057 0.651441254597723 0.643065909057207 0.66913318736448 0.638618839352709 0.595415186137083 0.589826967727899 0.584869425129806 0.58081871532943 0.596893145940719 0.619471522152132 0.621283690797982 0.623918903897569 0.627990475888317 0.626764180264633 0.623067268329052 0.607869955446967 0.599344700342748 0.605105178869772 0.619816584151577 0.639642350805922 0.620359651902194 0.608115852328826 0.61965854104848 0.62472677454826 0.625304469971335 0.63403498954836 0.643274601439786 0.651448546393063 0.642134372222 0.618193374721074 0.56852119007016 0.53701670597222 0.606539074224281 0.625860874483781 0.594706153599182 0.578073726770216 0.574468697019715 0.633615023615391 0.671559003454485 0.68387118421483 0.729740807374652 0.782190401433965 0.799717256551559 0.814757305686858 0.826170964338719 0.824473027367616 -9999 -9999 -9999 -9999 -9999 -9999 -9999 -9999 -9999 -9999
0.664545612635417 0.62242819696721 0.616946826666981 0.655151962700466 0.624101942958615 0.578487808986474 0.588443589941266 0.589808440926962 0.578820610991886 0.587735460898375 0.603314407501997 0.603142064801344 0.601343880826027 0.596708314787234 0.589371868318204 0.580781937355562 0.584671183480747 0.590203442168569 0.599253602020325 0.614288905686459 0.632743988015958 0.600984817400058 0.584661172351642 0.615964306327681 0.628362097204064 0.62764756277135 0.629764790700874 0.633788250600545 0.643346818481101 0.622390079591136 0.575910756035801 0.53457108680786 0.514748365884391 0.588833540053807 0.614171661712773 0.590494767702579 0.589544572106942 0.599522065833246 0.646926761406553 0.670023662471023 0.663734547352891 0.707258923832053 0.762406605197701 0.784765366611674 0.80359819656784 0.817289328950946 0.819775437901269 0.81808328497176 -9999 -9999 -9999 -9999 -9999 -9999 -9999 -9999 -9999
0.648101864344088 0.609071992443248 0.60735390391988 0.65012810282737 0.618645191063906 0.570101104451676 0.566905606972695 0.562192521796078 0.555297335651857 0.553367738220256 0.553131631867476 0.549601733660015 0.544690541381951 0.537368745386666 0.543135700113043 0.554997128596372 0.566899645380997 0.570065669282551 0.554525738536527 0.564438294013186 0.588893836594828 0.593226349073686 0.596770251171806 0.600775062107272 0.606037217483703 0.61217143898708 0.619621274109759 0.624292944527818 0.619025778375977 0.599765631918972 0.568801948373348 0.527952946211412 0.502686177436257 0.555261936852711 0.576992311721435 0.567707744576912 0.570981682747648 0.585218690894523 0.65177675455686 0.691435721954259 0.698576014000365 0.730330234505194 0.76733951475669 0.783134716929855 0.795105468927058 0.801499207751046 0.805215290463526 0.807354802947714 0.796984913771647 0.796503687107804 0.813535714129787 0.819004661996784 -9999 -9999 -9999 -9999 -9999
0.629268235724748 0.595955882493842 0.597236775254518 0.639768246371442 0.608186343574473 0.558776675247672 0.546751623335369 0.536200252555077 0.527767850602161 0.518737628390478 0.509610807651898 0.50309303890422 0.496977881670619 0.491565353104645 0.506733057392371 0.53147944618333 0.544086253356287 0.544705304646798 0.519657029143306 0.52631548451317 0.5510904639113 0.580148750766408 0.599011353539235 0.590099479400181 0.589488386896548 0.594634531833656 0.607364860659581 0.614398141227367 0.599369766551698 0.58322188752245 0.566137670383859 0.52478242101499 0.494588339401845 0.532576810063458 0.551276905173053 0.550582596288434 0.559076977625446 0.578071515159661 0.65127358770797 0.700346475969384 0.720249272321805 0.744919658835919 0.76947857643345 0.778335017622587 0.784679043509129 0.787359334062622 0.793182698324637 0.799690026879193 0.794820101600891 0.797570810946404 0.813817997419016 0.817496535427473 0.815230525077508 0.805014992047694 0.802449591245659 0.81657679245569 -9999
0.604870425490668 0.583007477862894 0.585545912776012 0.617181679080026 0.586250078899023 0.540634902172207 0.530193508557715 0.514638691487165 0.491731412157849 0.484117116659606 0.481898893482581 0.47325825572893 0.4702056908554 0.476905306595395 0.492680111748963 0.51267301656219 0.50979244418975 0.507848715011986 0.507910887578323 0.515652000014139 0.527780688678255 0.554819095360137 0.57818890766936 0.589859640657219 0.586561890217849 0.572882332738687 0.590491356429937 0.603604127324875 0.590602785398581 0.58043676045659 0.572642155809638 0.528722957085443 0.495172756199864 0.534779204934765 0.551978304147422 0.546646880356625 0.562877640283746 0.587972944319234 0.638919874678687 0.680565469422982 0.71096655579333 0.739328282364253 0.764739012460287 0.766083330858783 0.769835615961439 0.777099323990763 0.787075477482663 0.797571328852408 0.796672559631203 0.801040446168478 0.814735810335836 0.817555234598682 0.815230704768927 0.805014992047694 0.802449591245659 0.81657679245569 0.821761702826644
0.59064096159607 0.592231650687842 0.594376019134006 0.597180620320344 0.56903305302499 0.533667587121054 0.516156612950057 0.498871506964365 0.481911171129665 0.478336338233004 0.479275023334568 0.470271777822063 0.466286205536329 0.471057365064386 0.482815537086243 0.497823217274712 0.501230968747588 0.508012545959613 0.522017917903693 0.531933088494685 0.539511208590322 0.556449529781078 0.573359416407565 0.588999361691957 0.583730580354908 0.563959971475552 0.571498398409295 0.577622506395408 0.569524804097062 0.56543216527041 0.564689306680776 0.522235796457092 0.489559560495952 0.531393117127014 0.552642661619982 0.553195043402105 0.568012497840141 0.58937129703292 0.632180975189536 0.667550366537577 0.693925096174104 0.709458588401629 0.721853897754841 0.735138384755013 0.745257992486096 0.750762407820037 0.76691443793009 0.786464705406667 0.791625529159587 0.797799127617891 0.805766394362485 0.800287689904807 0.788449492915708 0.790454992039106 0.796188714094794 0.809938728043253 0.814107127145972
0.58249721171859 0.614726021135292 0.615487842058656 0.578726977923916 0.554640472421116 0.533388139847201 0.503628656783564 0.486572233288004 0.487781217859615 0.489816023146272 0.491666245716369 0.483353901657591 0.47604397171163 0.470483432599941 0.475457685457443 0.485341445184402 0.508070190607751 0.530332948382717 0.551597966683318 0.564340394552061 0.572213202939738 0.574215468549186 0.578101643573143 0.587767751771635 0.580956239414894 0.562716216086352 0.551236955896298 0.542551164297451 0.541078739169501 0.543114268005523 0.548083801494389 0.509507701674111 0.480237118861932 0.524662345116059 0.553284849904038 0.566017765467876 0.573945865628369 0.585680593002498 0.628802518817081 0.658584629534637 0.672240060303029 0.665058419951423 0.656138825745449 0.693005598800713 0.714854492253164 0.714803528595409 0.738342244915027 0.769978845074139 0.782449182820346 0.79054133047 0.790879512024548 0.772650458574245 0.745639726912217 0.767180891115463 0.786180727378185 0.799327809019792 0.807351451603231
0.584036777555674 0.602603144977467 0.604636270623913 0.586954397987089 0.558432098376327 0.52758077594731 0.50494195129238 0.493539529570935 0.498293647436457 0.504062953644631 0.509542756389753 0.50123877075653 0.494920043886968 0.492065946495786 0.50004698303599 0.513064300675202 0.499283612989995 0.497589133609007 0.521772780316571 0.539953399680158 0.554704022127509 0.55856240046611 0.56260191744776 0.568514610113013 0.569113436016437 0.566026682173278 0.552843140479601 0.540348803534877 0.533680444988519 0.535362748528503 0.544029431472349 0.510393003046235 0.481360084458108 0.503791688756044 0.525298535346042 0.545875540823388 0.56163400617255 0.57996837678812 0.621802618341381 0.654759539216992 0.676984549017876 0.670983811384787 0.658744563325694 0.668652634155395 0.681780495655306 0.699603624228021 0.727486159536342 0.757903498651935 0.759632073205459 0.754263859316361 0.73632692279196 0.715632808969573 0.693634642939237 0.745125987833547 0.784631945495695 0.797576874481218 0.811323466081626
0.58549821374717 0.589544117685967 0.591199635636643 0.590004747339558 0.559315128564565 0.522137810886019 0.505819036535255 0.498792035003726 0.505125438601466 0.510375730797198 0.514772795252925 0.509910315856942 0.50538378847833 0.501443557094985 0.509723902948781 0.523677560007432 0.486366876138449 0.469402687085228 0.496002959693536 0.516714138812409 0.534060420297017 0.540107741724297 0.545634900330521 0.551214255072677 0.557680415821283 0.564761645483547 0.555034101583224 0.543993114148062 0.534248307018079 0.53429004745511 0.542517122247098 0.512077969175508 0.482868126215908 0.487185087822001 0.500727359756164 0.523545653664913 0.545352821428715 0.569520045670053 0.610308567748002 0.646261890092093 0.676369875148444 0.674202898708023 0.662658450846664 0.653402577245601 0.659963116249202 0.689587974930348 0.717166593177392 0.74264473381733 0.738555193428678 0.725139924619476 0.695208383014805 0.671904741710327 0.651735874519522 0.723762061746261 0.778425527901576 0.794706733536778 0.810190601477721
0.585106309979837 0.579680627943811 0.575857786619812 0.573946246316834 0.548923751689192 0.518655331861945 0.503131143009531 0.495956545503438 0.500787614216365 0.493831637402131 0.483389432550761 0.49177192315729 0.490570298103332 0.472642687374688 0.471930863435512 0.479227868093798 0.46442971234757 0.463362419916276 0.491694671429999 0.506290780274681 0.513038361318962 0.519382281722386 0.527940493734701 0.542463575192827 0.548932984295823 0.549816545456431 0.555187858929925 0.558594215600087 0.553747524161786 0.549608754871914 0.546062081971755 0.513724024638006 0.483701489999891 0.484996034129073 0.490621238523495 0.500600908876921 0.520946787645934 0.546047241350613 0.586742660334191 0.623711398310924 0.656174902037189 0.661298584017177 0.658743291784963 0.660842857744164 0.670362311328479 0.690701832929144 0.705373693591975 0.717658611170377 0.724689441077139 0.721096792132611 0.698689497636305 0.670634275856641 0.639907774268609 0.704142490323026 0.757648785998006 0.787184161003527 0.80812575037866
