layers/veg100/veg4300.asc
NCOLS 255 
NROWS 330 
XLLCORNER -2985163.8955 
YLLCORNER -3022031.214 
CELLSIZE 25000 
NODATA_value -9999 
[rows 75 to 99 of 330, columns 0 to 56 of 255]
-9999 -9999 -9999 -9999 -9999 -9999 -9999 -9999 -9999 -9999 -9999 -9999 -9999 -9999 -9999 -9999 -9999 -9999 -9999 -9999 -9999 -9999 -9999 -9999 0.72311830125243 0.705198330346766 0.687278359441102 0.692381275883711 0.702180998587378 0.699241023694414 0.690882042131193 0.675155192740163 0.533066767096367 0.357664036708948 0.349773836861438 0.352286976284211 0.371927851309435 0.455776356753493 0.566708184773672 0.608684019359494 0.638213194366663 0.642694350317011 0.649616316379198 0.65785264980333 0.663752842833817 0.669717403931923 0.676035312576125 0.683404378072835 0.69146241940737 0.698566975387413 0.706001153294378 0.714733368347865 0.72480869899445 0.735947289331229 0.745976044612753 0.75604154115208 0.766910274983878
-9999 -9999 -9999 -9999 -9999 -9999 -9999 -9999 -9999 -9999 -9999 -9999 -9999 -9999 -9999 -9999 -9999 -9999 -9999 -9999 -9999 -9999 -9999 -9999 0.704874655212282 0.692173440324694 0.679472225437106 0.691264871816877 0.707434504346507 0.704809328203051 0.699487453997274 0.690499056366875 0.560004588050625 0.394893811561577 0.350296983016152 0.328963013411438 0.34592829435907 0.446395498309319 0.581952656735821 0.618498836859603 0.643875277138617 0.646773408701663 0.651905304282695 0.658240073657671 0.664867426789408 0.671285868071525 0.677158729677973 0.683809256947734 0.690969501535754 0.699418445377806 0.707813615877988 0.715694062863284 0.725631232006352 0.737196578035701 0.746383373969447 0.755587767109895 0.766259917804718
-9999 -9999 -9999 -9999 -9999 -9999 -9999 -9999 -9999 -9999 -9999 -9999 -9999 -9999 -9999 -9999 -9999 -9999 -9999 -9999 -9999 -9999 -9999 -9999 0.695437482001195 0.700532606923026 0.705627731844857 0.707708596760672 0.708756320196198 0.707936093275884 0.702763189023136 0.691672234981209 0.600794190073736 0.482280514469713 0.365854397746862 0.307694586405009 0.345462615842908 0.452813561164454 0.589127997633371 0.623308198736299 0.646674856035142 0.648280023870499 0.654011554877236 0.661965117433942 0.668740132438206 0.67485259642819 0.679408527945542 0.68537337299219 0.692261683815572 0.700003203243381 0.707784117906435 0.715461581824064 0.724566002842073 0.734800055570315 0.74501309392993 0.755094246654757 0.764640496539364
-9999 -9999 -9999 -9999 -9999 -9999 -9999 -9999 -9999 -9999 -9999 -9999 -9999 -9999 -9999 -9999 -9999 -9999 -9999 -9999 -9999 -9999 -9999 -9999 0.727921814009293 0.726799051528057 0.725676289046821 0.720528135599897 0.714628827808057 0.711549215686136 0.704568137446577 0.692282491702569 0.605249514902691 0.49197150656284 0.375072470091707 0.319567520320473 0.365139893630837 0.468826853704655 0.596554358309491 0.628411501635094 0.650264216697512 0.651983729899197 0.657442184171392 0.664914044602253 0.671425788585596 0.677288855965541 0.681612005541811 0.687128614947054 0.693427472009834 0.700465128155079 0.707658526145108 0.715147248094955 0.723521550454806 0.732596910830229 0.742894372883347 0.753096854416012 0.762188618610519
-9999 -9999 -9999 -9999 -9999 -9999 -9999 -9999 -9999 -9999 -9999 -9999 -9999 -9999 -9999 -9999 -9999 -9999 -9999 -9999 -9999 -9999 -9999 -9999 0.726417061684948 0.728131916262769 0.729846770840591 0.728833391732865 0.726169672677089 0.715768144325433 0.704541075500699 0.692191573458543 0.564446899203955 0.40488479641815 0.376394263692629 0.372721301343338 0.409907218307301 0.49679195505932 0.604293388978992 0.633880937186696 0.654837328763481 0.65842413017774 0.662522458292745 0.666896241674408 0.672632857022239 0.678317004635033 0.683757786154712 0.689121923151051 0.694435823853388 0.700774052458242 0.707413240052185 0.714730958734496 0.722502977600888 0.730634637197729 0.739843394442313 0.749226240938271 0.758699833466847
-9999 -9999 -9999 -9999 -9999 -9999 -9999 -9999 -9999 -9999 -9999 -9999 -9999 -9999 -9999 -9999 -9999 -9999 -9999 -9999 -9999 -9999 -9999 -9999 -9999 -9999 0.731340282465049 0.730798890933624 0.730184309862169 -9999 0.668117799959336 0.669290086956178 0.537101192318856 0.369610456267603 0.376678482019596 0.396873473890056 0.43868029626014 0.518141935784161 0.613080234950153 0.638808246096 0.657529207883545 0.662148980131056 0.666103932992929 0.669700883035234 0.673864031933727 0.67856879267765 0.684578725919082 0.690227000663358 0.695638228038831 0.701189243213976 0.707079351518346 0.714005164756715 0.721330580800448 0.728972337118403 0.737241978117525 0.745762728774861 0.754957212781167
-9999 -9999 -9999 -9999 -9999 -9999 -9999 -9999 -9999 -9999 -9999 -9999 -9999 -9999 -9999 -9999 -9999 -9999 -9999 -9999 -9999 -9999 -9999 -9999 -9999 -9999 -9999 -9999 -9999 -9999 0.696458060473493 0.651267123323212 0.513215114705951 0.354592016590255 0.38050878600089 0.41547455007607 0.46533829873636 0.538800368139312 0.621707296477226 0.643233925229704 0.659471088702992 0.665063578697721 0.669296176332433 0.672796476880577 0.67552347124332 0.679206426091546 0.685339256387164 0.691182537946853 0.696836036143144 0.701690142280897 0.706878789053136 0.713339839151014 0.720202843510256 0.727384049642753 0.734869751224321 0.742604622056584 0.751194805124293
-9999 -9999 -9999 -9999 -9999 -9999 -9999 -9999 -9999 -9999 -9999 -9999 -9999 -9999 -9999 -9999 -9999 -9999 -9999 -9999 -9999 -9999 -9999 -9999 -9999 -9999 -9999 -9999 -9999 0.715609729623728 0.675821716264557 0.581936551637702 0.481286559424776 0.386906554996392 0.428004359096234 0.472913918426399 0.524099033524771 0.574804914260548 0.624863038949226 0.643893914407984 0.659530276992686 0.668335423328503 0.673340077074703 0.676298179393213 0.681933445280349 0.686917392887362 0.690054827873888 0.693558703157083 0.697302760017184 0.702786709043405 0.708493531536619 0.714440461294668 0.720117686071521 0.725581402468139 0.733511469713926 0.741469520367116 0.748097453519147
-9999 -9999 -9999 -9999 -9999 -9999 -9999 -9999 -9999 -9999 -9999 -9999 -9999 -9999 -9999 -9999 -9999 -9999 -9999 -9999 -9999 -9999 -9999 -9999 -9999 -9999 -9999 -9999 0.723341911767393 0.707490694966481 0.653324502975727 0.547063953069899 0.462566432865852 0.394454919707845 0.464764872273956 0.523092079346916 0.561691265323377 0.597010735925576 0.630646898172672 0.646577573487898 0.659354269993301 0.665783807983277 0.6725493822068 0.679495910719089 0.686039261170854 0.691124436022732 0.692603233887956 0.694909427820418 0.697757934631572 0.703225858497234 0.70890074707798 0.71453024348119 0.71979712076872 0.724776935430682 0.732324647398569 0.7397492767119 0.74515743381973
-9999 -9999 -9999 -9999 -9999 -9999 -9999 -9999 -9999 -9999 -9999 -9999 -9999 -9999 -9999 -9999 -9999 -9999 -9999 -9999 -9999 -9999 -9999 -9999 -9999 -9999 -9999 -9999 0.720625588844587 0.679092282237447 0.628028965305618 0.564008318600537 0.463708782679517 0.36476058506465 0.48538229391098 0.562351033748331 0.567450877260868 0.598466410525679 0.640382847987491 0.652304372403166 0.658824582706089 0.654475031690868 0.664488553767572 0.682236538430151 0.686680146621377 0.690062373923827 0.691892715324293 0.69471812284022 0.698195741782974 0.702676401657677 0.707492116400118 0.713099951994513 0.719122555513597 0.725473504572987 0.731395660763895 0.737149112461003 0.742454005567024
-9999 -9999 -9999 -9999 -9999 -9999 -9999 -9999 -9999 -9999 -9999 -9999 -9999 -9999 -9999 -9999 -9999 -9999 -9999 -9999 -9999 -9999 -9999 -9999 -9999 -9999 -9999 0.699798032417617 0.684016212571917 0.6396681877515 0.597437739003389 0.558086419506348 0.474698898629412 0.387433144676029 0.479997807991766 0.538539081483995 0.541065299612147 0.581798423334186 0.638673689792852 0.656367247361887 0.665116105338467 0.655864390194722 0.66490447056324 0.683794616242477 0.686871459328913 0.68918866730265 0.690914086975424 0.692847452032767 0.694917113918899 0.699221851095228 0.703950421423933 0.709422652094736 0.71538868371457 0.721745626322842 0.727029314027997 0.732200549403808 0.737534531885732
-9999 -9999 -9999 -9999 -9999 -9999 -9999 -9999 -9999 -9999 -9999 -9999 -9999 -9999 -9999 -9999 -9999 -9999 -9999 -9999 -9999 -9999 -9999 -9999 0.741788037738162 0.727107676618012 0.712427315497862 0.677333111481104 0.636979914692338 0.598669451731131 0.566783866233058 0.543633765084552 0.489148609194626 0.429770021613457 0.464835312703716 0.491134331256523 0.503000830178887 0.558844437167179 0.633224584284102 0.659428523231681 0.673203008068865 0.661964098633017 0.668556067051292 0.684749898298878 0.686820399884212 0.68836376757695 0.689756285767261 0.690301645022555 0.690291737919997 0.694695035495943 0.699594413496344 0.704883724096643 0.710469154739281 0.716289004895841 0.721303931110677 0.726307568960269 0.731736362766282
-9999 -9999 -9999 -9999 -9999 -9999 -9999 -9999 -9999 -9999 -9999 -9999 -9999 -9999 -9999 -9999 -9999 -9999 -9999 -9999 -9999 -9999 -9999 -9999 0.744075202301271 0.725081774455025 0.706088346608778 0.68859849913769 0.669462492730251 0.632983260635996 0.591175655037417 0.542123409580295 0.492193197936265 0.445941984779511 0.462283102479708 0.477718257411075 0.491661863295829 0.559083501273744 0.648670521224294 0.65307004220177 0.657039388733111 0.660143039721285 0.66940266377834 0.681977256928444 0.684992790121397 0.686848302420062 0.686596809750403 0.687383744749211 0.688851312301758 0.692126559139571 0.695941646078575 0.700981775219227 0.706075455842242 0.711211529787795 0.715438527493149 0.719885620260871 0.725779007840282
-9999 -9999 -9999 -9999 -9999 -9999 -9999 -9999 -9999 -9999 -9999 -9999 -9999 -9999 -9999 -9999 -9999 -9999 -9999 -9999 -9999 -9999 -9999 -9999 0.746543435884173 0.722746048676629 0.698948661469086 0.695410302795072 0.692095458428816 0.644516980458353 0.591722907261269 0.531837531430436 0.476175829643529 0.426758991118665 0.452349505875952 0.473962603890873 0.489027406154391 0.561081543496843 0.656522629390436 0.644634731046924 0.641748656743027 0.656978114455218 0.667960791280248 0.676656592053619 0.680233167145974 0.682451048112623 0.681699836924599 0.682878714546692 0.685322659843372 0.687822963144495 0.690798866890588 0.695264767042273 0.699665242222561 0.704013924589798 0.70786166603105 0.712203836972745 0.718891258690181
-9999 -9999 -9999 -9999 -9999 -9999 -9999 -9999 -9999 -9999 -9999 -9999 -9999 -9999 -9999 -9999 -9999 -9999 -9999 -9999 -9999 -9999 -9999 -9999 0.749342848704369 0.719843648661177 0.690344448617984 0.694076402931438 0.696713265565733 0.61438541410184 0.548657975317136 0.505501028497067 0.425293720827171 0.342911000376412 0.428915190517536 0.487876072558989 0.502313689626292 0.566296795553596 0.650485456969564 0.632400851713219 0.628054454991586 0.651355227939011 0.662333258013592 0.666675535899529 0.670110827232038 0.672782937785703 0.673624944051273 0.675470788641589 0.67797459436224 0.680345794998784 0.68293082325824 0.686227975309031 0.689566778627277 0.692938554620367 0.697154510362513 0.702217788390161 0.710301797950368
-9999 -9999 -9999 -9999 -9999 -9999 -9999 -9999 -9999 -9999 -9999 -9999 -9999 -9999 -9999 -9999 -9999 -9999 -9999 -9999 -9999 -9999 -9999 -9999 0.744678292660471 0.723836498111636 0.702994703562801 0.702757715843781 0.701402966054833 0.643656718375996 0.598095743926919 0.569102286010968 0.464898064636484 0.347786625771969 0.439107804196699 0.503933327179141 0.525137223562756 0.546058058295826 0.56672901835453 0.578468356981474 0.591858978066069 0.608572687904403 0.622209753268344 0.634190056780212 0.646664418347674 0.657085713088062 0.662341768678558 0.666359352908674 0.669565186883722 0.671222829079509 0.673087215059298 0.676019787760808 0.67962166195768 0.683753379828664 0.689999604036255 0.696599188518937 0.703425038440614
-9999 -9999 -9999 -9999 -9999 -9999 -9999 -9999 -9999 -9999 -9999 -9999 -9999 -9999 -9999 -9999 -9999 -9999 -9999 -9999 -9999 -9999 -9999 -9999 0.736362442802225 0.731202429923731 0.726042417045236 0.716338363831625 0.706127836003628 0.701987272231386 0.692784845238232 0.676700134933113 0.548767414204833 0.396064896152952 0.465750352250733 0.521039298980256 0.5526262785191 0.513367501446244 0.44495314516287 0.504137345154868 0.544656117755921 0.547612042426758 0.56521118787197 0.590695654410465 0.616700017293258 0.63843911006253 0.649489135788269 0.65641457837033 0.660636582240731 0.661294756475077 0.662277181783672 0.665238565896489 0.669751560965587 0.675492868320801 0.684582420131761 0.693117097890266 0.697386114072056
-9999 -9999 -9999 -9999 -9999 -9999 -9999 -9999 -9999 -9999 -9999 -9999 -9999 -9999 -9999 -9999 -9999 -9999 -9999 -9999 -9999 -9999 -9999 -9999 -9999 -9999 -9999 0.72000468841477 0.712821753605491 0.700918984454389 0.690340903267028 0.681563913391016 0.576518178924683 0.446228118842878 0.445697625322884 0.452568362647856 0.471624257233575 0.478703765750555 0.480916283698367 0.50906818103126 0.524029681433873 0.5124464441429 0.537430291325969 0.582105380413116 0.595920549979593 0.609684974800882 0.625868051546519 0.639313487224277 0.650964548880776 0.653253935586461 0.655034977295513 0.657710328531133 0.663944419912608 0.672995740849312 0.678887221963468 0.684442610922378 0.690456350331957
-9999 -9999 -9999 -9999 -9999 -9999 -9999 -9999 -9999 -9999 -9999 -9999 -9999 -9999 -9999 -9999 -9999 -9999 -9999 -9999 -9999 -9999 -9999 -9999 -9999 -9999 -9999 0.719446951588254 0.71670003145442 0.699563143213745 0.68816963348488 0.684585018694706 0.599410112654664 0.489926134923647 0.444644067343027 0.422750204850306 0.439361958924924 0.468230858157672 0.502020412336895 0.504984967468903 0.500593199630498 0.481397353895798 0.512743389717481 0.571306044811077 0.57816406024885 0.587134562860201 0.605642443523606 0.622420522065899 0.638064809906241 0.643690876971537 0.647972863580563 0.650679965572571 0.657874480984236 0.668621397862223 0.67305140322652 0.677180935554283 0.68376786535577
-9999 -9999 -9999 -9999 -9999 -9999 -9999 -9999 -9999 -9999 -9999 -9999 -9999 -9999 -9999 -9999 -9999 -9999 -9999 -9999 -9999 -9999 -9999 -9999 -9999 -9999 0.720270074690365 0.718177425675293 0.714192318095859 0.698974388581924 0.68892531169134 0.685903984583625 0.612699293178836 0.519023565958613 0.487477006268948 0.481992373165981 0.519415288905774 0.512267914321306 0.485914838623214 0.478720132987943 0.470197339076557 0.459001861764533 0.494326507131002 0.554702069250755 0.566994747014326 0.578791841867641 0.593317807121654 0.606166544962317 0.617915951947095 0.630655726694387 0.641231242619585 0.64469304757365 0.651116129267363 0.65988346651507 0.666905613253174 0.673223697364131 0.677643806660714
-9999 -9999 -9999 -9999 -9999 -9999 -9999 -9999 -9999 -9999 -9999 -9999 -9999 -9999 -9999 -9999 -9999 -9999 -9999 -9999 -9999 -9999 -9999 -9999 -9999 -9999 0.720270074690365 0.716167916443831 0.710049675532924 0.696231395990485 0.686901181370067 0.68367309416159 0.634964675231543 0.570250636094537 0.502756557502226 0.47490693368153 0.512326712481509 0.488025567102044 0.437379631334406 0.43104917243502 0.427588876368631 0.429904579306861 0.476015427472452 0.545709801951394 0.560856968608679 0.573964945546298 0.586482098581908 0.596930655786282 0.606023361537517 0.612532131477136 0.619656316299634 0.629418873783455 0.640630008741051 0.652987890891445 0.660463874927539 0.666738953836904 0.670893852068911
-9999 -9999 -9999 -9999 -9999 -9999 -9999 -9999 -9999 -9999 -9999 -9999 -9999 -9999 -9999 -9999 -9999 -9999 -9999 -9999 -9999 -9999 -9999 -9999 -9999 -9999 -9999 0.713715530199383 0.704928534476342 0.692199100722942 0.68321334692648 0.679317629144132 0.662602277470197 0.634722205421791 0.501545518023708 0.428124690111662 0.453084058729174 0.422918274062215 0.369435419962819 0.370566732302324 0.377671220834984 0.396796302537278 0.457767670436877 0.541273111154977 0.55773054337821 0.571242256022107 0.58293149109151 0.591895063752781 0.599072113749245 0.591363122614102 0.5892037169216 0.608586315093441 0.627912833711012 0.647194957691361 0.653845012714131 0.658741508623025 0.663769301323029
-9999 -9999 -9999 -9999 -9999 -9999 -9999 -9999 -9999 -9999 -9999 -9999 -9999 -9999 -9999 -9999 -9999 -9999 -9999 -9999 -9999 -9999 -9999 -9999 -9999 -9999 -9999 -9999 0.704639780656917 0.691971741107831 0.6830054096193 0.679072047711154 0.669427572638307 0.651221710311895 0.52975091914059 0.441906177543662 0.409422322629534 0.370137968853422 0.328865597432822 0.357220881759575 0.372460842777401 0.361307146436603 0.415767286233598 0.50556023799051 0.553395197349276 0.588000356550796 0.59304438663146 0.590254896599311 0.582330962483035 0.590500792766907 0.600578531566204 0.612391025450935 0.626945456925354 0.643670507017507 0.647428231759086 0.649935340344513 0.654857166210975
-9999 -9999 -9999 -9999 -9999 -9999 -9999 -9999 -9999 -9999 -9999 -9999 -9999 -9999 -9999 -9999 -9999 -9999 -9999 -9999 -9999 -9999 -9999 -9999 -9999 -9999 -9999 -9999 -9999 -9999 -9999 -9999 -9999 0.661715220757367 0.559444773812904 0.47063102150901 0.403971954532449 0.35319742968377 0.310463262232095 0.34552850000252 0.362037360743762 0.341202829668481 0.388140178373933 0.471572437686868 0.546111793823166 0.599089205282384 0.598981121155606 0.586775724564803 0.566641201154866 0.585794403750843 0.604463060284639 0.611094130326215 0.623369531147053 0.64011319175622 0.642239023772867 0.643016670785155 0.646772026232318
-9999 -9999 -9999 -9999 -9999 -9999 -9999 -9999 -9999 -9999 -9999 -9999 -9999 -9999 -9999 -9999 -9999 -9999 -9999 -9999 -9999 -9999 -9999 -9999 -9999 -9999 -9999 -9999 -9999 -9999 -9999 -9999 -9999 0.663349099919709 0.588378683009384 0.531313520174464 0.503727013156746 0.435318335109738 0.350001715611188 0.330553771533249 0.329363656059676 0.364916124885803 0.405079873511503 0.44772677952661 0.530712804832233 0.590894417025343 0.590828677348301 0.577534310242758 0.555569301221037 0.566815819046602 0.580156760960389 0.591245984712563 0.610450940271685 0.636080607546687 0.640479959956762 0.641560908660273 0.641322105801343
