layers/veg100/veg4800.asc
NCOLS 255 
NROWS 330 
XLLCORNER -2985163.8955 
YLLCORNER -3022031.214 
CELLSIZE 25000 
NODATA_value -9999 
[rows 250 to 274 of 330, columns 57 to 113 of 255]
-9999 -9999 -9999 -9999 -9999 -9999 -9999 -9999 -9999 -9999 -9999 -9999 -9999 -9999 -9999 0.656130296581925 0.656447171507439 0.662273935305549 0.670122156958864 0.638023751390459 0.598511721072276 0.543849170335984 0.515034008768073 0.500346695312069 0.497884906184109 0.495231171772688 0.490951925816931 0.485495915947683 0.479257573977092 0.469622602376672 0.458760581530818 0.444911363022021 0.432288543454162 0.420650054288441 0.408702354064847 0.396430302764603 0.382973834074804 0.369853574481055 0.357057854695427 0.344283308543823 0.331518994906036 0.318788905945413 0.306410987186868 0.294441669394812 0.275765623778669 0.256364012593068 0.247484669914967 0.239015015242372 0.231118152153346 0.223748487634384 0.216653402316422 0.211067084227186 0.206801040527711 0.204772687630291 -9999 -9999 -9999
-9999 -9999 -9999 -9999 -9999 -9999 -9999 -9999 -9999 -9999 -9999 -9999 -9999 -9999 -9999 0.678596994718432 0.671971759625898 0.677989323122549 0.689353901018153 0.675644555644044 0.645211865463789 0.580603264646543 0.54736663810981 0.531277526345981 0.528546983477799 0.524861238872278 0.517507280443033 0.510350549937371 0.503324939815443 0.494753639166489 0.48471347112541 0.470378203621636 0.457153573016754 0.444820360064663 0.432520379054646 0.419831781573066 0.405474515280568 0.392236377080533 0.380078523800378 0.367206683405754 0.354029369344259 0.339931538137055 0.32603314913793 0.312366160406344 0.309908511586804 -9999 -9999 -9999 -9999 -9999 -9999 -9999 -9999 -9999 -9999 -9999 -9999
-9999 -9999 -9999 -9999 -9999 -9999 -9999 -9999 -9999 -9999 -9999 -9999 -9999 -9999 -9999 0.682480442200071 0.68622555875221 0.691928020743247 0.69826222486119 0.682290625609611 0.658749757854914 0.619740295333522 0.58943782191573 0.563894475958215 0.559447308746923 0.554792544841339 0.54764658280534 0.539271386974131 0.530078976196895 0.520762767778205 0.510599442301749 0.497740019496594 0.483439010471789 0.467980957767363 0.454822506415299 0.441629253801234 0.426866773269717 0.413802851249818 0.402378533452165 0.389276731264516 0.375376029049006 0.358833352887509 0.342999697043676 0.327988672942534 0.318119773009134 0.31052722694612 -9999 -9999 -9999 -9999 -9999 -9999 -9999 -9999 -9999 -9999 -9999
-9999 -9999 -9999 -9999 -9999 -9999 -9999 -9999 -9999 -9999 -9999 -9999 -9999 -9999 -9999 0.696651393095111 0.696427225020066 0.699936847594625 0.704868171678064 0.687602003943444 0.667327042419698 0.640903294941092 0.617108050773724 0.594749512468633 0.58947733249384 0.584088638961516 0.576813284559614 0.567595991187719 0.557087664688735 0.546503487660327 0.535528584565616 0.523315478333346 0.508710164466798 0.49218482064585 0.479674242007752 0.467124690246622 0.451927886975475 0.437788758697102 0.424670595179174 0.409309822253882 0.393159000601772 0.375116869045818 0.357894943713285 0.341624652146566 0.325597194559665 0.311242341325978 0.31149540383695 -9999 -9999 -9999 -9999 -9999 -9999 -9999 -9999 -9999 -9999
-9999 -9999 -9999 -9999 -9999 -9999 -9999 -9999 -9999 -9999 -9999 -9999 -9999 -9999 -9999 0.696913039533398 0.697387571668524 0.702475247553554 0.70935012866608 0.691682101988145 0.671328064952518 0.645484883788216 0.6314931045767 0.62397914815848 0.61870448531206 0.61279873717795 0.605082742389229 0.595370558444867 0.584331274953254 0.571996595007597 0.559575032616087 0.54724298631898 0.533045621254881 0.517351116955957 0.506878043265548 0.496031574207163 0.480373595010081 0.464006642756241 0.446955324783253 0.427463778929775 0.407654397051931 0.388984951278479 0.370879372689674 0.353428013780043 0.332397633841003 0.312490953341659 0.311955255769079 -9999 -9999 -9999 -9999 -9999 -9999 -9999 -9999 -9999 -9999
-9999 -9999 -9999 -9999 -9999 -9999 -9999 -9999 -9999 -9999 -9999 -9999 -9999 -9999 -9999 0.694698195618408 0.694704207293932 0.70111082262746 0.710074447448398 0.692250090244957 0.67455861198607 0.65713868579929 0.648657514774336 0.645062151534964 0.639174599353006 0.632113834405948 0.622288796575207 0.612821880998774 0.603593051016689 0.58985091534071 0.577173204357798 0.56921552873743 0.558789412013424 0.546382078946928 0.536167243854546 0.524707884271603 0.506615066511315 0.484906285446901 0.459707045466658 0.439827898433783 0.420857806573938 0.400678022218326 0.381911964720237 0.364786165702077 0.345733782602452 0.327636564797262 0.323155814468899 -9999 -9999 -9999 -9999 -9999 -9999 -9999 -9999 -9999 -9999
-9999 -9999 -9999 -9999 -9999 -9999 -9999 -9999 -9999 -9999 -9999 -9999 -9999 -9999 -9999 0.698417580116578 0.694426644471377 0.695963180469191 -9999 0.680127469093277 0.677376258288065 0.66900265939528 0.663987180764764 0.660807207171054 0.655361525082039 0.648193836083916 0.636866527578981 0.627797086677876 0.620228713481868 0.605685701880877 0.593254140142859 0.589620989954052 0.582985602906995 0.573940565202758 0.562837415481084 0.549791531677533 0.529778846945786 0.503363464187326 0.470767610961369 0.449640269157188 0.430642107404553 0.410036797920312 0.391528295196235 0.375452585660482 0.358508964764545 0.341700159262237 0.328335302577436 0.316878988213771 0.308091038468393 0.29870042781782 0.289618916308565 0.289933324327702 -9999 -9999 -9999 -9999 -9999
-9999 -9999 -9999 -9999 -9999 -9999 -9999 -9999 -9999 -9999 -9999 -9999 -9999 -9999 -9999 0.700600042503347 0.702437150757045 0.701729852214889 -9999 -9999 0.678767011215973 0.674626314852944 0.666507249427752 0.656213659005965 0.657544085525885 0.656596436682389 0.64878452801014 0.640162842285965 0.631002803392228 0.618577799243633 0.607864133215581 0.60360016537218 0.597353148158768 0.589514498957846 0.573185137272025 0.555708649083063 0.538616231125234 0.514173247988871 0.482634826208395 0.451706734196358 0.423304340113768 0.409054405120863 0.395529780936747 0.382846689329006 0.361437783388775 0.338800800061774 0.327267496154364 0.316878988213771 0.308091038468393 0.299037902775803 0.290366814716434 0.290222086357389 -9999 -9999 -9999 -9999 -9999
-9999 -9999 -9999 -9999 -9999 -9999 -9999 -9999 -9999 -9999 -9999 -9999 -9999 -9999 -9999 0.708266941288976 0.708235069524506 0.708247340359663 -9999 -9999 0.694310553595675 0.683919719560255 0.672280363097484 0.659958580448338 0.660554792455201 0.661006130669753 0.659886951217876 0.652895660098519 0.642000492077868 0.633987134031348 0.625434202141535 0.614319119803477 0.605101356083257 0.597406415268161 0.583729903850741 0.568004668084457 0.547288645784782 0.517589901979631 0.479220212777606 0.44638010829885 0.417690099653294 0.40666021854618 0.395047045913591 0.38275711675916 0.360364857469606 0.336386436010671 0.323766985692008 0.313770082811595 0.307439806925255 0.299215336207844 0.290780518995598 -9999 -9999 -9999 -9999 -9999 -9999
-9999 -9999 -9999 -9999 -9999 -9999 -9999 -9999 -9999 -9999 -9999 -9999 -9999 -9999 -9999 0.708299484104187 0.708354514618899 0.708333327515335 -9999 0.697724542639029 0.695686842613298 0.689484888678338 0.681660034107439 0.672948123070763 0.664483641549705 0.660989004057568 0.670085167439372 0.666035429209037 0.653246078288006 0.652187257478074 0.646286021942117 0.621423561092033 0.605510895291012 0.596781500011212 0.594493128312523 0.587372791629572 0.555778163487271 0.512810005805539 0.45886307587243 0.43285697533509 0.413986683767347 0.402700816859995 0.389592784435418 0.374370607807128 0.354855312589811 0.3350226594694 0.323264719760221 0.313770082811595 0.307439806925255 0.299215336207844 -9999 -9999 -9999 -9999 -9999 -9999 -9999
-9999 -9999 -9999 -9999 -9999 -9999 -9999 -9999 -9999 -9999 -9999 -9999 -9999 -9999 -9999 0.721878593200422 0.721408281960237 0.72158935482509 0.702281900670394 0.702124853261195 0.700635585590716 0.696423785967083 0.685370606103755 0.670578016419473 0.667364480505386 0.668065075655085 0.677621885123359 0.67730517278629 0.670424379945822 0.662820966786764 0.652653803117548 0.634426350759635 0.614459020020798 0.593095230813841 0.579631074143559 0.563593312705619 0.531757251373893 0.496620741328158 0.458298335942475 0.438714438939142 0.423025361753979 0.407165198076136 0.392605887554338 0.379555875245978 0.363998197942666 0.347408425033463 0.327826279439289 0.316409769305869 -9999 -9999 -9999 -9999 -9999 -9999 -9999 -9999 -9999
-9999 -9999 -9999 -9999 -9999 -9999 -9999 -9999 -9999 -9999 -9999 -9999 -9999 -9999 -9999 -9999 0.735707625739555 0.735707625739555 0.714902017490728 0.710715958875391 0.706719613533442 0.703110967180731 0.688009201559962 0.666625445820446 0.671139485835794 0.677110557454194 0.684368296329059 0.687395901624988 0.687611244194433 0.671118418472485 0.655593292933259 0.647956285451193 0.624815221283905 0.589230315359818 0.561180334384076 0.533892001736121 0.505175660891443 0.482013437453363 0.464212556758804 0.450462444472162 0.436437855035639 0.415787052872486 0.400043533642943 0.389993626586386 0.376960559773584 0.364463344085107 -9999 -9999 -9999 -9999 -9999 -9999 -9999 -9999 -9999 -9999 -9999
-9999 -9999 -9999 -9999 -9999 -9999 -9999 -9999 -9999 -9999 -9999 -9999 -9999 -9999 -9999 -9999 -9999 -9999 0.714962344946833 0.716505123338991 0.714405336956309 0.704861587079636 0.69399194234445 0.682397580654241 0.684344866228237 0.687039277984401 0.690369065989822 0.691930942150273 0.692317481292983 0.676574187584844 0.661514493272599 0.653261833676752 0.628468748957697 0.590400014065127 0.567984860678064 0.547689496080384 0.526706972903948 0.504302912095099 0.48052665298502 0.468734491433408 0.45818123487549 0.440129199198156 0.425263801142762 0.414095658574901 0.389740800358172 -9999 -9999 -9999 -9999 -9999 -9999 -9999 -9999 -9999 -9999 -9999 -9999
-9999 -9999 -9999 -9999 -9999 -9999 -9999 -9999 -9999 -9999 -9999 -9999 -9999 -9999 -9999 -9999 -9999 -9999 0.73175324748283 0.72920622126798 0.723745225992294 0.712329229048194 0.704302099236761 0.698127280303223 0.698605588411294 0.699142717335838 0.699209653657774 0.699037306406486 0.698705879480413 0.683835124480271 0.669025030441536 0.658559512162115 0.632559335546613 0.594090755725107 0.575696696613087 0.559769557096076 0.541894375618402 0.519166792356345 0.491755226529489 0.479974347956981 0.470559522387549 0.455791655438922 0.440866940650934 0.425760245166177 0.42118187305839 -9999 -9999 -9999 -9999 -9999 -9999 -9999 -9999 -9999 -9999 -9999 -9999
-9999 -9999 -9999 -9999 -9999 -9999 -9999 -9999 -9999 -9999 -9999 -9999 -9999 -9999 -9999 -9999 -9999 -9999 0.731818241989935 0.735443246913632 0.735292988243233 0.727427582111692 0.720388211111242 0.713800340213611 0.714274912522501 0.714148830638043 0.711840646629581 0.709575707181574 0.707339517432183 0.693505482515349 0.678656911560423 0.663846686627537 0.637233280092199 0.60114642237762 0.584619550742554 0.569557299244449 0.548614338732983 0.524119469768379 0.496195973495994 0.481828091756005 0.470437890700385 0.45986902304008 0.443633760065665 0.420824134501231 0.417633651630599 -9999 -9999 -9999 -9999 -9999 -9999 -9999 -9999 -9999 -9999 -9999 -9999
-9999 -9999 -9999 -9999 -9999 -9999 -9999 -9999 -9999 -9999 -9999 -9999 -9999 -9999 -9999 -9999 -9999 -9999 0.747223110163672 0.746773654350251 0.745204406160898 0.741346744701627 0.737324710058824 0.733212831163068 0.732357592566162 0.730740118470554 0.72688480165 0.722588178593586 0.717998167856874 0.706630734745679 0.693319228672783 0.675673322483467 0.649357561599667 0.616083215484723 0.602831606813683 0.589159042092405 0.561322952474856 0.530047618914727 0.49545241214975 0.48122586874558 0.471322488996877 0.461761455423575 0.444497605851012 0.418296662670238 0.412463435359974 -9999 -9999 -9999 -9999 -9999 -9999 -9999 -9999 -9999 -9999 -9999 -9999
-9999 -9999 -9999 -9999 -9999 -9999 -9999 -9999 -9999 -9999 -9999 -9999 -9999 -9999 -9999 -9999 0.786305889495104 0.786305889495104 0.757321736984028 0.755457110960484 0.754224946254174 0.754285282641972 0.753895451293357 0.753259564091153 0.750855214560419 0.747640825239147 0.742535158370866 0.736237782698176 0.729148139313621 0.72043805295952 0.708985551506945 0.689152884517219 0.663187075485952 0.632298693570284 0.622316667703636 0.61005810964431 0.575220256994578 0.536593254333369 0.494308617086689 0.480270291053903 0.471879033578375 0.461908070226623 0.443873897166603 0.41648448831329 0.41004240119502 -9999 -9999 -9999 -9999 -9999 -9999 -9999 -9999 -9999 -9999 -9999 -9999
-9999 -9999 -9999 -9999 -9999 -9999 -9999 -9999 -9999 -9999 -9999 -9999 -9999 -9999 -9999 -9999 -9999 -9999 0.757347020237848 0.75788335141535 0.758379947743552 0.758795341736059 0.760948645753192 0.764051868878214 0.763461819165654 0.761208048687235 0.75507551634415 0.746926086773588 0.737435790587319 0.727091753693074 0.7143943574152 0.694352469577371 0.664997019816079 0.628166333533099 0.614415177877972 0.60133152764908 0.576810784563365 0.547295369291556 0.512958639034692 0.486311439493497 0.462696186514676 0.447472287021721 0.431028838875279 0.413170425023174 0.409385526677626 -9999 -9999 -9999 -9999 -9999 -9999 -9999 -9999 -9999 -9999 -9999 -9999
-9999 -9999 -9999 -9999 -9999 -9999 -9999 -9999 -9999 -9999 -9999 -9999 -9999 -9999 -9999 -9999 -9999 -9999 0.769176686748992 0.766431324722076 0.764437542403473 0.763979692115549 0.768468845652496 0.775661967400372 0.77597333368361 0.77344396870614 0.764345385525544 0.753684477056798 0.741984908911587 0.730787203253825 0.718166988924326 0.700816857849445 0.669874261230844 0.628022101151216 0.611955563820712 0.599094568880635 0.583887377169746 0.561225955249465 0.531369027704082 0.493508650351904 0.457024822165942 0.438556687573487 0.423095677716709 0.411123645820315 0.408501045210746 -9999 -9999 -9999 -9999 -9999 -9999 -9999 -9999 -9999 -9999 -9999 -9999
-9999 -9999 -9999 -9999 -9999 -9999 -9999 -9999 -9999 -9999 -9999 -9999 -9999 -9999 -9999 -9999 0.744806942493711 0.744806942493711 0.769239727750897 0.772480887417887 0.773567998288534 0.770253084323551 0.776743301863181 0.788592877274976 0.788331269051476 0.78352971245522 0.768333117489459 0.754095698698198 0.740495956082722 0.72970480778503 0.71929704978488 0.709324018484798 0.679705466752751 0.634319058101144 0.618285074679726 0.60733894258415 0.599824464386121 0.580370815864265 0.549392386806931 0.50257300729052 0.457024822165942 0.438556687573487 0.423095677716709 0.411123645820315 -9999 -9999 -9999 -9999 -9999 -9999 -9999 -9999 -9999 -9999 -9999 -9999 -9999
-9999 -9999 -9999 -9999 -9999 -9999 -9999 -9999 -9999 -9999 -9999 -9999 -9999 -9999 -9999 -9999 0.744806942493711 0.744806942493711 0.786782338262237 0.785876239693718 0.784199360375395 0.780947309682481 0.783923468177623 0.790303885139444 0.788114994267487 0.782460253176502 0.768806825705167 0.755711887816437 0.742988243033935 0.732335088283103 0.722287486637089 0.713601575719453 0.692975487896737 0.662765993938994 0.634702230605168 0.611160314752863 0.605469066700914 0.58800502682098 0.559176810165998 0.55466050196324 -9999 -9999 -9999 -9999 -9999 -9999 -9999 -9999 -9999 -9999 -9999 -9999 -9999 -9999 -9999 -9999 -9999
-9999 -9999 -9999 -9999 -9999 -9999 -9999 -9999 -9999 -9999 -9999 -9999 -9999 -9999 -9999 -9999 -9999 -9999 0.79823667042448 0.796875461218645 0.795328510513502 0.793401977556392 0.790587829718247 0.78728852308362 0.782567210284795 0.776620779088636 0.767697310356202 0.757690088452343 0.74696236952591 0.736300380413547 0.725800459746705 0.715804351972514 0.70721082199105 0.699743026806526 0.65522688215524 0.61352053224292 0.606634181132575 0.590449743762115 0.565289942053823 0.560933713850982 -9999 -9999 -9999 -9999 -9999 -9999 -9999 -9999 -9999 -9999 -9999 -9999 -9999 -9999 -9999 -9999 -9999
-9999 -9999 -9999 -9999 -9999 -9999 -9999 -9999 -9999 -9999 -9999 -9999 -9999 -9999 0.803256785434189 0.803256785434189 -9999 -9999 0.798254097259311 0.798547781243915 0.798788315464135 0.798920232561465 0.794710974469052 0.788128886250225 0.779497804669343 0.770842997064043 0.76231875636701 0.751509453680359 0.739181004011422 0.72680987918987 0.714781359446408 0.703869705453248 0.694553981787764 0.686519181228771 0.664735249008744 0.638788441157361 0.603686700674946 0.578727878136996 0.563559928844737 -9999 -9999 -9999 -9999 -9999 -9999 -9999 -9999 -9999 -9999 -9999 -9999 -9999 -9999 -9999 -9999 -9999 -9999
-9999 -9999 -9999 -9999 -9999 -9999 -9999 -9999 -9999 -9999 -9999 -9999 -9999 -9999 0.803256785434189 0.803585129397279 0.804461938565871 0.801065295491507 0.795859809151608 0.798991215617283 0.801406578964454 0.802358633032655 0.79599325484368 0.785628262967415 0.774863750499937 0.764750438048374 0.75632712047577 0.745007431376923 0.731762186611026 0.717772824940168 0.704470749300821 0.693597085984067 0.682989563840211 0.672595651508791 0.662818028217957 0.645228610202702 0.594128333762624 0.566187581352926 0.560602522388991 -9999 -9999 -9999 -9999 -9999 -9999 -9999 -9999 -9999 -9999 -9999 -9999 -9999 -9999 -9999 -9999 -9999 -9999
-9999 -9999 -9999 -9999 -9999 -9999 -9999 -9999 -9999 -9999 -9999 -9999 -9999 -9999 -9999 0.803585129397279 0.804461938565871 0.801065295491507 0.795869147874985 0.799887381459561 0.802365351615142 0.80169563176511 0.791673448196284 0.776539329103508 0.767144263097027 0.758037149612696 0.749126508120991 0.737871643894802 0.725058301645227 0.709629952556163 0.695557257417624 0.686601926799725 0.673579365077757 0.657292368680727 0.638369940836762 0.614541122588597 0.571533525715526 0.553200552475335 0.558685785563679 -9999 -9999 -9999 -9999 -9999 -9999 -9999 -9999 -9999 -9999 -9999 -9999 -9999 -9999 -9999 -9999 -9999 -9999
