layers/veg100/veg4500.asc
NCOLS 255 
NROWS 330 
XLLCORNER -2985163.8955 
YLLCORNER -3022031.214 
CELLSIZE 25000 
NODATA_value -9999 
[rows 200 to 224 of 330, columns 57 to 113 of 255]
-9999 -9999 -9999 -9999 -9999 -9999 -9999 -9999 -9999 -9999 -9999 -9999 -9999 -9999 -9999 -9999 -9999 -9999 -9999 -9999 0.133614406405027 0.134451358406893 0.108820289956968 0.0687221443748117 0.0464674076101457 0.0281731458318435 0.0182694377098311 0.0271601840787064 0.0485457944614454 0.0586594210360721 0.0695072739317406 0.0859391528894064 0.0889520980709028 0.0811947595875595 0.0809846023459867 0.0845612362758342 0.0995319318098509 0.107059242646538 0.107401516939551 0.105862383066546 0.104570037739587 0.107059429946035 0.108137238261904 0.107577274447794 0.110699381966199 0.11336096122371 0.102426165304189 0.099193178631524 0.106728218983208 0.125230350302553 0.147209889417101 0.160687431947488 0.169121748367405 0.169008462283171 0.169260525135461 0.169672631253379 0.169417977040894
-9999 -9999 -9999 -9999 -9999 -9999 -9999 -9999 -9999 -9999 -9999 -9999 -9999 -9999 -9999 -9999 -9999 -9999 -9999 -9999 0.132577216687008 0.132990689312111 0.107362225876302 0.0674995775171391 0.0409873917737927 0.0199506998765394 0.0115681399825683 0.0244672417422426 0.0515147439505856 0.0633786927727363 0.0736973315378145 0.0833661283015415 0.087272310585657 0.0865533122383017 0.0840449443758547 0.0841825877720014 0.0966481842476624 0.103393647406738 0.104617514062936 0.10234981710067 0.100007107031888 0.10153680030928 0.102459547443257 0.102678093087885 0.103680560560629 0.104090255370559 0.0971010672441963 0.0949115658299796 0.0994325858748474 0.110798975854183 0.12473255932824 0.140440559315696 0.153246072097486 0.161132252221176 0.16390070704142 0.164357007633623 0.16436337445534
-9999 -9999 -9999 -9999 -9999 -9999 -9999 -9999 -9999 -9999 -9999 -9999 -9999 -9999 -9999 -9999 -9999 -9999 -9999 -9999 0.131821156209827 0.129933479405519 0.101092847049779 0.0575200783178254 0.0257858259975966 0.00280046263230544 0.000918135214793743 0.0187873759228528 0.0497877856099971 0.0691818860197869 0.0828019216688313 0.0811162048552917 0.0848116143863512 0.0928260151379053 0.0922329197134867 0.0911438540316878 0.0932726124508273 0.0964706955404289 0.100700988726209 0.0979304389995054 0.0944502030450782 0.0954335368452001 0.0963117529842988 0.097068007703505 0.0938182921664196 0.0899009514802715 0.0901360064005174 0.0918496108682044 0.095630399938027 0.0995735303989719 0.103993433357215 0.1158793485578 0.131486204757276 0.153399564750801 0.159733526504584 0.159048173698532 0.159688124206343
-9999 -9999 -9999 -9999 -9999 -9999 -9999 -9999 -9999 -9999 -9999 -9999 -9999 -9999 -9999 -9999 -9999 -9999 -9999 0.180453659445006 0.171888831512322 0.145820878610222 0.113631407705425 0.0780959943538684 0.0411772144678226 0.0128852250932488 0.00661748920610055 0.0198007013282862 0.0459152252070964 0.0666825754278156 0.0821673496402897 0.0821449924427775 0.0856156255682585 0.0918897971301529 0.0890214813247831 0.0861287987563821 0.0887847498750059 0.0871295752430662 0.0813129072419493 0.0865001513322244 0.0922814021641887 0.0879690496415404 0.0860047182943303 0.0867646484433014 0.0842673573426387 0.0817075646452167 0.0868972544795119 0.0903064839349316 0.0912264222561492 0.0947468593460622 0.0995195117024276 0.109910178531483 0.1212581738018 0.134228714403735 0.146085747696988 0.157350311694859 0.156069001295349
-9999 -9999 -9999 -9999 -9999 -9999 -9999 -9999 -9999 -9999 -9999 -9999 -9999 -9999 -9999 -9999 -9999 -9999 0.170357334389809 0.174253318116967 0.170212525102854 0.149952095658368 0.12266898660279 0.0915473718382693 0.053368931023663 0.0235555444682961 0.015630370748721 0.0241009094940974 0.0434715889038015 0.0639440552302147 0.0802832223443999 0.0829806666225556 0.0842804848891806 0.0844585427497534 0.0829470026443304 0.0822690900680906 0.0861711218865078 0.081420564325437 0.0683177351276023 0.0776707189878185 0.0886021499312456 0.0810970678876408 0.0772763674842129 0.0777304236905491 0.0757614301662304 0.0741980553777135 0.082515757942822 0.0873236768832494 0.0872245092276779 0.0903463435789476 0.0948759760058662 0.103807780905572 0.111798176711905 0.118193008379792 0.133638207452505 0.153025762415103 0.15280356722394
-9999 -9999 -9999 -9999 -9999 -9999 -9999 -9999 -9999 -9999 -9999 -9999 -9999 -9999 -9999 -9999 -9999 -9999 0.170281865988744 0.167011192992211 0.161077247974928 0.149700627007454 0.122496125695824 0.0866403100104678 0.0564745109747018 0.03425139520641 0.0316576020161959 0.0358340209158257 0.0445113887229447 0.0610543117312143 0.0759321385987326 0.0831965320625109 0.0777278863384749 0.0620394685926242 0.0706758095577255 0.0817365911429389 0.0880416393693785 0.0844145479903093 0.0712000459205021 0.0753365238879741 0.0811848602025996 0.0756930120627883 0.072485736101044 0.0719291057489132 0.0697092551936664 0.068005507455675 0.0752482232765594 0.0808632726535221 0.0842026546265003 0.0866337213017554 0.0890205760228889 0.0964634677797242 0.103577942726704 0.110135794535075 0.124499502025788 0.142314477725118 0.150321209463041
-9999 -9999 -9999 -9999 -9999 -9999 -9999 -9999 -9999 -9999 -9999 -9999 -9999 -9999 -9999 -9999 -9999 -9999 -9999 0.160178956105666 0.157245694655756 0.148318005515148 0.114146457597329 0.066176943461738 0.0437230617369839 0.0293627450790768 0.0331687026963347 0.0378564060551181 0.0431303085579366 0.0579375972281934 0.0723477455645497 0.0827568909865353 0.0740552387013265 0.0500149078145898 0.0631145095302191 0.0791827846252614 0.0848809571208372 0.0840068924869964 0.0767887027180554 0.0768355444987755 0.0776309480325849 0.0738657225061077 0.0701269275752572 0.0664187984044689 0.0646029012825869 0.0639841472117404 0.0694321624509845 0.0742504709352234 0.078188375979442 0.0815941091282509 0.0848736073750988 0.0893243925227722 0.0946263609750205 0.101370972764352 0.112908537804645 0.126598422340496 0.138884855166306
-9999 -9999 -9999 -9999 -9999 -9999 -9999 -9999 -9999 -9999 -9999 -9999 -9999 -9999 -9999 -9999 -9999 -9999 -9999 -9999 0.156728931966676 0.146228421334919 0.100686341662581 0.035990994254643 0.0210610791322776 0.0147338898984299 0.0256073223440641 0.0338096545551205 0.040236195177513 0.0546790274203796 0.0692425289125175 0.081907562880216 0.072182540429494 0.0444868458731829 0.0584968600290192 0.0753656748682307 0.0785758099021806 0.0814732360740897 0.0840688070157969 0.0807302983677431 0.0764916200667312 0.074273887083028 0.0692879914848303 0.0610903706668087 0.0600876789811843 0.0613197642221012 0.0645232627183364 0.0675424218425548 0.0703038530387105 0.0757251374644842 0.0817943964737968 0.0823135895117528 0.0852176919369153 0.0921639009430097 0.0997849288290944 0.107754419950611 0.1218523150784
-9999 -9999 -9999 -9999 -9999 -9999 -9999 -9999 -9999 -9999 -9999 -9999 -9999 -9999 -9999 -9999 -9999 -9999 -9999 -9999 0.156581927737173 0.157492893909406 0.118299392735415 0.0571853091929121 0.0276394772798252 0.00826891406289225 0.0117845761977223 0.0217372168944354 0.0359692673409702 0.0525020145681755 0.0684760077404288 0.0819918342674855 0.0811159855181242 0.0686891128405764 0.0735502854931039 0.0788745241388132 0.0754749928957881 0.0752580476581062 0.0781132258805998 0.075823246235523 0.072652391398544 0.0706413504691194 0.0680439258790285 0.0647661571568429 0.0597681513956361 0.0553865641198441 0.0610103694162141 0.0644966359824583 0.0649943742595884 0.0698885170923673 0.0760839318181968 0.0772159231171796 0.0795306756867175 0.0838500524742771 0.0910288586720878 0.0995018930451239 0.108554527475351
-9999 -9999 -9999 -9999 -9999 -9999 -9999 -9999 -9999 -9999 -9999 -9999 -9999 -9999 -9999 -9999 -9999 -9999 -9999 -9999 0.167522249585447 0.168826956822448 0.134542260042709 0.0808048560256407 0.0359184350161718 0.00328759012918132 0.000938192498626113 0.0128512028670969 0.0342460978278804 0.0530957550213155 0.0703178419801907 0.0830183452213446 0.0886441505110683 0.088591672782861 0.086177685268904 0.0822582769529263 0.0734142790419837 0.0699217176087093 0.071594852725687 0.0705092727448484 0.0688056041297634 0.0668633812331265 0.0660185276240663 0.0664468826762011 0.0589527505259897 0.0508795825508185 0.0577676431713439 0.061353244713121 0.0603216235391721 0.0644181396046616 0.0701664546793372 0.0723996053381141 0.0746612360462302 0.0769711366783428 0.083472659918247 0.0918376146291331 0.0963496697816173
-9999 -9999 -9999 -9999 -9999 -9999 -9999 -9999 -9999 -9999 -9999 -9999 -9999 -9999 -9999 -9999 -9999 -9999 -9999 -9999 0.166795126199633 0.165886757082455 0.140106991715305 0.100732843323174 0.0430502859251196 0.000989429394250452 0.000282357349648422 0.0151557918528175 0.0403874046513929 0.0617085153937624 0.0794282485988165 0.0866516951887788 0.0896938051122517 0.0893798971324049 0.0874051034128271 0.0837137951500188 0.0737695151263012 0.067983652484088 0.0662118751088472 0.0658531084515835 0.0655096925285094 0.063510573758428 0.0617530893586481 0.0602759581422434 0.0557700631064641 0.0513127439278655 0.0550327515927755 0.0571415207762875 0.0569975907622117 0.0600312202208089 0.0641914876532553 0.068014587466487 0.0714354067250009 0.0741744135480702 0.0785610207333709 0.0836752772746053 0.0866053848518369
-9999 -9999 -9999 -9999 -9999 -9999 -9999 -9999 -9999 -9999 -9999 -9999 -9999 -9999 -9999 -9999 -9999 -9999 -9999 -9999 0.168183468354821 0.16731884542894 0.149326509714622 0.121972388049581 0.0516083064164194 0 0 0.0145137287253376 0.0386764242161179 0.0636293197457916 0.0840099445901089 0.0894223524537179 0.0897938070944782 0.0861192997343166 0.0841815377103547 0.0813374136793972 0.0735757309938331 0.0679367082034909 0.0643466711282671 0.0611261386582016 0.0582475101228813 0.0569301483541971 0.0556312505340304 0.0543537752736514 0.0523920425016059 0.0507934158989966 0.0542481635973009 0.0558551659674419 0.0548788050017664 0.056321667787316 0.0587578531056586 0.0633571897054964 0.0674252256778403 0.0705927772232422 0.0741853569388643 0.0779614233580017 0.0805859276407153
-9999 -9999 -9999 -9999 -9999 -9999 -9999 -9999 -9999 -9999 -9999 -9999 -9999 -9999 -9999 -9999 -9999 -9999 -9999 -9999 0.169229731373045 0.17154951977412 0.16130912576849 0.144203498754457 0.0612445421701666 0 0 0.0116439324300136 0.0310289436112182 0.0604908596133392 0.0851678367238361 0.0915407952484127 0.089175851015859 0.0797977049224239 0.0775929312893891 0.0760640326113765 0.0729668756212715 0.0693194924645699 0.0651409806244751 0.0563456383647753 0.0479867406142923 0.0479095735062852 0.0481059324591793 0.0486196465210094 0.0488663457547977 0.0495539851365633 0.0549380475830823 0.0567804539261325 0.0536712122328887 0.0531242195195499 0.0537334777005816 0.0584938668164358 0.0628220576447761 0.0664177294300035 0.0702149022115991 0.0740986762419414 0.0773825213017641
-9999 -9999 -9999 -9999 -9999 -9999 -9999 -9999 -9999 -9999 -9999 -9999 -9999 -9999 -9999 -9999 -9999 -9999 -9999 -9999 0.176501053605113 0.176615851955086 0.161929629608861 0.139153361071323 0.0670589394492146 0.0116834922335222 0.00333416403521586 0.00534748461986977 0.0142500654078085 0.0596837745990975 0.0962860994813039 0.0939880924347132 0.0889273228997411 0.0816491092522354 0.076577380547887 0.0723508335503736 0.0703446365046019 0.066677209532284 0.0614062113064255 0.0513682110478235 0.042254024925116 0.0444836337579302 0.0451652990568412 0.0440509826960516 0.044998158422489 0.0469679831920273 0.052983643285524 0.0559641497579937 0.054701157700866 0.0525977260457991 0.0504683019253798 0.0532833472125031 0.0561763158172238 0.0592013541586639 0.0636719416516576 0.068782657598591 0.0722156598006712
-9999 -9999 -9999 -9999 -9999 -9999 -9999 -9999 -9999 -9999 -9999 -9999 -9999 -9999 -9999 -9999 -9999 -9999 -9999 -9999 0.180641618236028 0.180279599997747 0.161821843679185 0.133473191324446 0.0698968856697123 0.0194367944501562 0.00554675431971052 0 0 0.0584876615841026 0.105161113898549 0.0970509071214046 0.0902787594122824 0.0845805625820671 0.0767726347069075 0.0698345610058387 0.0678897993850517 0.063962471348752 0.0581213886531199 0.047825700407214 0.0387551363487464 0.0424206260677684 0.0433738523766508 0.0411802098016248 0.0424030292061603 0.0449266153971189 0.0505677176390771 0.054301958736247 0.0553701856956161 0.0525527848195213 0.0485807412958092 0.0490025712498919 0.0501685677290068 0.052595828231098 0.0572704594765573 0.0629435547740769 0.0664632896204841
-9999 -9999 -9999 -9999 -9999 -9999 -9999 -9999 -9999 -9999 -9999 -9999 -9999 -9999 -9999 -9999 -9999 -9999 -9999 -9999 0.180828795033623 0.181036469027624 0.164466503425858 0.1387260973459 0.0631017982796408 0.00627224097440948 0.00178993402478419 0 0 0.054645276881616 0.100483728374944 0.102331932773546 0.0976340259185218 0.0876820894752169 0.0789174573017254 0.0711806238226553 0.0670686871570869 0.0629400391750397 0.0587952598999752 0.0499265357537219 0.0416725129782089 0.0428846785135785 0.0437781097548823 0.0443017336137321 0.0448968918941551 0.0456504536593917 0.0476634966357177 0.0502233150567955 0.0535475892799619 0.053060503542308 0.0511564661309779 0.0484859690951489 0.0476279785587149 0.0498419472709165 0.0526764760797993 0.0557945478175055 0.0594097093905406
-9999 -9999 -9999 -9999 -9999 -9999 -9999 -9999 -9999 -9999 -9999 -9999 -9999 -9999 -9999 -9999 -9999 -9999 -9999 -9999 0.182375205743543 0.182179251361374 0.167389155861271 0.14462209186757 0.0756173932761494 0.0207152189979784 0.00591158335061074 0.000901686040407316 0.00240282786515523 0.0534735607727986 0.0963767671610949 0.0987994782947254 0.0971432390799717 0.0922131591085915 0.0822805643990457 0.0727931377775264 0.0682862738912327 0.0641731498778781 0.0604400996469232 0.052821845569788 0.0454970639534065 0.0447059890389355 0.0447984177874297 0.0459159203452782 0.0470589731371651 0.0480018676551439 0.047057186389658 0.0476306874172324 0.0503267842447788 0.051821902193316 0.0527225666925485 0.0507404410771535 0.049209847884908 0.0484445425433906 0.0495075574168791 0.0514016707398055 0.0541632852262458
-9999 -9999 -9999 -9999 -9999 -9999 -9999 -9999 -9999 -9999 -9999 -9999 -9999 -9999 -9999 -9999 -9999 -9999 -9999 -9999 0.18257802589607 0.182999375939073 0.170564791186325 0.151103319000276 0.105706372138438 0.0602819983928161 0.0172029104821577 0.00262393733051835 0.00699231157148937 0.0547322447625011 0.0927889116505583 0.0872464543490027 0.0895122743596086 0.0980451617086836 0.0867523522147172 0.074648131414719 0.0713591466650286 0.0674588820262901 0.0629685540602055 0.0564401544257436 0.0501471747245577 0.0477624510084168 0.0463793530630919 0.0461583785898893 0.0489191218758989 0.0518344314395198 0.0485420538150512 0.0463903853856868 0.0458335613683442 0.0489940896316113 0.0533698745069257 0.055516685648585 0.0545432959579933 0.0482815777524788 0.0476354965811438 0.0495169664638608 0.0505614351174534
-9999 -9999 -9999 -9999 -9999 -9999 -9999 -9999 -9999 -9999 -9999 -9999 -9999 -9999 -9999 -9999 -9999 -9999 -9999 -9999 0.183974156630437 0.183974433247259 0.169628819446071 0.147441927768212 0.0965332986570992 0.0506553039722952 0.0202197705033662 0.00663274196429782 0.00424687800479145 0.0496040313519629 0.0857573029875232 0.0786097157968795 0.0824789664335031 0.0951905342369288 0.0913076312804587 0.0844892878311064 0.0754805865319711 0.0691823507352809 0.0655005044545622 0.058899812603965 0.0523921441960215 0.0500408288032285 0.0486427631936226 0.0483506934360752 0.0501766095149814 0.0522273486356321 0.0509159071545723 0.0491935166405175 0.0468965714794847 0.0480692307132942 0.0505234166996645 0.0535259210510487 0.0543051822493993 0.0513163397922834 0.0488704363192264 0.046704764794289 0.0494515680819986
-9999 -9999 -9999 -9999 -9999 -9999 -9999 -9999 -9999 -9999 -9999 -9999 -9999 -9999 -9999 -9999 -9999 -9999 -9999 -9999 0.198887421033929 0.1888451050034 0.169583575386876 0.145282943042968 0.0853425225282001 0.0369979253874896 0.021402886600297 0.010556589927509 0.00286733550807099 0.0438150089077011 0.0769344739174649 0.0709336804755473 0.0764886322313909 0.0913184381458802 0.0950054922206559 0.093948126760094 0.0796582089342391 0.0709920025053044 0.0677543173124741 0.0611764929564004 0.0546443757948791 0.0525100154877377 0.0511260755672111 0.0506128012891365 0.0511682279994705 0.0520327063688459 0.0529815944955188 0.0522701761786025 0.0492374559337566 0.0479445920819977 0.0474662754990021 0.0503317569837091 0.0526211187643578 0.0539340336998262 0.0501535201331364 0.0441492983197408 0.0484846853899953
-9999 -9999 -9999 -9999 -9999 -9999 -9999 -9999 -9999 -9999 -9999 -9999 -9999 -9999 -9999 -9999 -9999 -9999 -9999 0.202186901786029 0.199695981784301 0.192114605275831 0.178303801397291 0.161088073209562 0.102443771777863 0.0508772322999857 0.021132073973809 0.0117666938296201 0.0159501270942007 0.0408771540203473 0.0620934670702489 0.0654255925503816 0.0753976382081173 0.0906990062261492 0.0941059006534403 0.0934780864064303 0.0830923288863444 0.074803947025514 0.0685401442198238 0.0636381545566982 0.0593187974900992 0.0567551270055712 0.0540908112134622 0.0513097229922617 0.0513572759070878 0.0521536388555848 0.0525434937098926 0.0527792765612323 0.0527996487943031 0.0501472892421023 0.0467627753926347 0.0475085377119639 0.0488459469348039 0.0511861195561603 0.0486104769361297 0.0438649855621684 0.0458006519938584
-9999 -9999 -9999 -9999 -9999 -9999 -9999 -9999 -9999 -9999 -9999 -9999 -9999 -9999 -9999 -9999 -9999 -9999 0.207056028310825 0.205801879094791 0.202441844057742 0.194778210281028 0.183239492285129 0.169582703449933 0.105810477225078 0.0497908398366521 0.0181141942811125 0.0111004648691503 0.0204830497821788 0.0401191772377109 0.0572462103452171 0.063356999316294 0.0750471943297529 0.0912155235049952 0.0942653320994839 0.0939308848347413 0.0873537856902727 0.0802490814212774 0.0726350843702345 0.0672014965741808 0.0626429695064846 0.0605543674493251 0.0573011248287372 0.0526966229107339 0.0522016986465507 0.0528016722840103 0.052874718394844 0.0532045140117248 0.0538932753639271 0.051571297830732 0.0482841959428658 0.0471438577041531 0.0469992163092493 0.04854214962329 0.0475786715433618 0.0454972184896203 0.0452012834100588
-9999 -9999 -9999 -9999 -9999 -9999 -9999 -9999 -9999 -9999 -9999 -9999 -9999 -9999 -9999 -9999 -9999 -9999 0.20709237526828 0.209289818551316 0.207306454592535 0.196779172156734 0.184036190292661 0.170082135821589 0.0941562680364553 0.0323370677192594 0.012091958528691 0.00838216660353014 0.0156653269216777 0.0417452449052191 0.0633287136206943 0.0650500422084747 0.0755066601702869 0.0929743824435208 0.0955829741499979 0.0953929546859744 0.0925200673216629 0.0874803694787618 0.0803490677345511 0.0719697018722013 0.0644904281019823 0.0638659767464847 0.0607800171286928 0.0548381240756974 0.0537628783125796 0.0540261746773629 0.0540473232076642 0.0535380339677837 0.0522871308991285 0.0521436862470232 0.0522389221590867 0.0494679825772027 0.0472615437727115 0.0460118592665095 0.0471059862441723 0.0492254998584703 0.0468818283523913
-9999 -9999 -9999 -9999 -9999 -9999 -9999 -9999 -9999 -9999 -9999 -9999 -9999 -9999 -9999 -9999 -9999 -9999 0.212103525240054 0.212098654317115 0.208562646512469 0.197810389810539 0.182828008251532 0.165533495239485 0.0910012719040462 0.0303265280799449 0.01015261693347 0.0138389811992858 0.0333880509644528 0.0531462650801767 0.0679762612067989 0.0668561437589832 0.0744245941711122 0.0889666493460129 0.0944217639188844 0.0974175440341287 0.0956009074557405 0.0916345907357503 0.0855932058844352 0.0787434406550042 0.0724356621988923 0.0703257633746863 0.0663539332342104 0.060221821130987 0.0572010161136213 0.0552648612466999 0.0552579333535329 0.054665855438426 0.0532556695895087 0.05360042603134 0.0543926169172523 0.051878303503637 0.0492846160323575 0.0465564000114561 0.0467618877314096 0.0482792383657717 0.0481656200190713
-9999 -9999 -9999 -9999 -9999 -9999 -9999 -9999 -9999 -9999 -9999 -9999 -9999 -9999 -9999 -9999 -9999 -9999 0.215355991530809 0.213753182468049 0.209419495012375 0.199504970888045 0.18146496710108 0.158983681381838 0.0897688705987731 0.0328486556316465 0.0114844934615696 0.0226577412346093 0.055462396974275 0.0660781034350946 0.0718030750288228 0.0680903733048531 0.071960328233997 0.0819162632007018 0.0918280774281486 0.0995874122531777 0.0982453464408315 0.0951890675842446 0.090478073316948 0.0857470839716717 0.0810968247600564 0.0769477487751841 0.072064891243892 0.0663306730713798 0.0613680872180899 0.0570496256877151 0.0566248892140033 0.0559063627004847 0.0547770834681273 0.0551037401511211 0.0558205918836025 0.0541333619202881 0.0517532369136584 0.0481987462772465 0.0469617967603279 0.0467891468805277 0.0492222790351403
