layers/veg100/veg4100.asc
NCOLS 255 
NROWS 330 
XLLCORNER -2985163.8955 
YLLCORNER -3022031.214 
CELLSIZE 25000 
NODATA_value -9999 
[rows 75 to 99 of 330, columns 171 to 227 of 255]
0.823301934494675 0.823497956419532 0.821976841919375 0.818408134930623 0.807188586584503 0.794806948727486 0.792965814410747 0.791038316804454 0.788986639608413 0.778510953430474 0.765652636335378 0.768494223424356 0.769012479259482 0.765476109018913 0.75950708056512 0.752409902275705 0.759136720245378 0.76367852431808 0.763541932676611 -9999 -9999 -9999 -9999 -9999 -9999 -9999 -9999 -9999 -9999 -9999 -9999 -9999 -9999 -9999 -9999 -9999 -9999 -9999 -9999 -9999 -9999 -9999 -9999 -9999 -9999 -9999 -9999 -9999 -9999 -9999 -9999 -9999 -9999 -9999 -9999 -9999 -9999
0.820399075446279 0.817975877885044 0.814523804788652 0.809844853159606 0.79653776281076 0.782287494195183 0.783542566075887 0.783309545334719 0.780936833849398 0.762896720344591 0.740599721743078 0.751099894851551 0.756640432344685 0.753525523973803 0.745512986892381 0.735227500296377 0.747724645424728 0.754197428915976 0.747771279497585 -9999 -9999 -9999 0.728951050057171 0.72727568860975 -9999 -9999 -9999 -9999 -9999 -9999 -9999 -9999 -9999 -9999 -9999 -9999 -9999 -9999 -9999 -9999 -9999 -9999 -9999 -9999 -9999 -9999 -9999 -9999 -9999 -9999 -9999 -9999 -9999 -9999 -9999 -9999 -9999
0.81318625071443 0.810327159596006 0.806381356854892 0.801139709168976 0.790543417041355 0.779269062713092 0.776704037934099 0.772748170662329 0.76679244614738 0.746152870075908 0.721901034199371 0.736170263553514 0.744123206755744 0.741053107724703 0.737030360531807 0.732568364292302 0.741232600720178 0.74681601269368 0.745802983361505 0.745434629863245 -9999 0.729407483340627 0.728951050057171 0.72727568860975 0.726589571056514 -9999 -9999 -9999 -9999 -9999 -9999 -9999 -9999 -9999 -9999 -9999 -9999 -9999 -9999 -9999 -9999 -9999 -9999 -9999 -9999 -9999 -9999 -9999 -9999 -9999 -9999 -9999 -9999 -9999 -9999 -9999 -9999
0.807001749208362 0.803096808041604 0.797876672596317 0.791088238973596 0.782238203181972 0.773402878204621 0.770637105798036 0.763549841869128 0.750248814579432 0.730598596497754 0.710328724375857 0.726146965353839 0.734537354990804 0.729964823527415 0.728216567223573 0.727786258453904 0.736126265179669 0.741902267617804 0.742188407182755 0.732793600552022 0.71786731560298 0.72013943689115 0.722220149648471 0.721595834199262 0.722007562456763 0.723137867576118 0.7376190922602 0.750796930117579 0.754932395039147 -9999 -9999 -9999 -9999 -9999 -9999 -9999 -9999 -9999 -9999 -9999 -9999 -9999 -9999 -9999 -9999 -9999 -9999 -9999 -9999 -9999 -9999 -9999 -9999 -9999 -9999 -9999 -9999
0.802098126117652 0.796387573687186 0.788920787121937 0.779359786159852 0.771054574264966 0.76398953528106 0.765531272900355 0.756049321704602 0.730716687172817 0.716526058494673 0.707633023747428 0.722234990915697 0.728602819625585 0.720600612875022 0.718990272685664 0.720359783443374 0.732745967633525 0.740062251334983 0.736523226175266 0.72840723479776 0.717676066258272 0.711197829538486 0.707105246201345 0.708841158629068 0.714357752750556 0.722496543570486 0.7376190922602 0.750796930117579 0.754932395039147 0.756815901910781 -9999 -9999 -9999 -9999 -9999 -9999 -9999 -9999 -9999 -9999 -9999 -9999 -9999 -9999 -9999 -9999 -9999 -9999 -9999 -9999 -9999 -9999 -9999 -9999 -9999 -9999 -9999
0.794715628074255 0.778752799043358 0.758166387389811 0.732066603059163 0.741591685933495 0.757408731768609 0.732822396070806 0.708915390060194 0.685985175025188 0.691895630532849 0.708412698940935 0.721691592261555 0.728502321393786 0.724024954118489 0.724717208920267 0.727815410682482 0.727388258740387 0.726588409831828 0.724990568794704 0.719242866200436 0.711124024591104 0.701793807533942 0.694999198020803 0.695130582073124 0.70272342295069 0.715491364256567 0.730497346349943 0.744069335498849 0.751975060589865 0.753604611559937 0.749984856449586 0.752880703296951 0.756586364076554 0.759256454973303 0.755665719906693 0.745779743037919 0.780081444232874 -9999 -9999 -9999 -9999 -9999 -9999 -9999 -9999 -9999 -9999 -9999 -9999 -9999 -9999 -9999 -9999 -9999 -9999 -9999 -9999
0.786280715531847 0.758815988937791 0.723964238798408 0.68030386186378 0.709811763649191 0.7508923260766 0.695691655147759 0.656885825606467 0.641653723838018 0.668930766956192 0.710601311773654 0.721928846222715 0.729402367727535 0.730149951485046 0.733615059804103 0.738338482228815 0.721726863062346 0.710898520198133 0.712452915541611 0.708584193238534 0.701616821581025 0.691853635668562 0.68405718208596 0.68186962612938 0.690718905945919 0.707223089472872 0.720891965007353 0.734102509045995 0.746723182893512 0.750802150971881 0.747736953326495 0.747752124374751 0.749482426039893 0.75676772073408 0.755406123436653 0.745350102073942 0.779070293441658 0.815441811776833 0.805704990013816 -9999 -9999 -9999 -9999 -9999 -9999 -9999 -9999 -9999 -9999 -9999 -9999 -9999 -9999 -9999 -9999 -9999 -9999
0.774640758221088 0.751130396437682 0.727134886562643 0.702560863778665 0.715852256895107 0.73518885904351 0.705252649527185 0.688306480473177 0.690038362055842 0.701722705904037 0.716532130700733 0.719189063401573 0.721178572027017 0.722003306987423 0.725973747024582 0.731403212040424 0.719558058640409 0.710909651884603 0.709105890748808 0.697778847321149 0.681010411239114 0.677479060421039 0.675725356551429 0.677030400486204 0.688481239907218 0.7069689773223 0.708174078091089 0.711113282755851 0.725917836576738 0.728764532036502 0.721609838529955 0.684724236607139 0.66217827881412 0.726182315947932 0.752215801628847 0.740070011259554 0.766643712988924 0.797417806465478 0.799329751503054 0.800376137428936 -9999 -9999 -9999 -9999 -9999 -9999 -9999 -9999 -9999 -9999 -9999 -9999 -9999 -9999 -9999 -9999 -9999
0.760165541566266 0.740335038854682 0.725550396878793 0.716782671433464 0.717528649796861 0.719847360823334 0.710316882630476 0.708384004612493 0.717375523727466 0.718184842656665 0.71588415290192 0.712421836212595 0.710919610771112 0.712838093018669 0.71750715961972 0.723452222961105 0.715004051422077 0.7081200373349 0.704585085479855 0.68953456067085 0.667904292432823 0.668928267906329 0.671091994044795 0.673409662715325 0.685574437035567 0.704568944725445 0.700533911382061 0.69904463708469 0.71416874547254 0.715874098000511 0.7063561869017 0.640270504829713 0.59681113096626 0.696897274059398 0.736683571812464 0.71583855521974 0.744917445555088 0.779794924028592 0.779917141776075 0.782373970682466 0.787653142079485 0.801950696870297 -9999 -9999 -9999 -9999 -9999 -9999 -9999 -9999 -9999 -9999 -9999 -9999 -9999 -9999 -9999
0.741426738915273 0.724863301001019 0.716815260649688 0.718921372195219 0.712642427129702 0.705050181472974 0.708619008258415 0.711404036842535 0.713062061816799 0.710090666384326 0.705343159266334 0.699598247568355 0.697600222827963 0.702141181943495 0.707799546647668 0.713973823400455 0.706863241020454 0.701118736663296 0.698299181010657 0.685141525388218 0.666076908330444 0.669135121691719 0.672020279789536 0.671621253912766 0.681661404368234 0.698941935244508 0.700529482410176 0.703398063946207 0.716038204989802 0.716738952179364 0.707453753863468 0.623748084357647 0.564432246975646 0.669567682578536 0.702591915938076 0.663108550871591 0.70920656141787 0.762775239275867 0.740899287308173 0.74505906580123 0.780693785238329 0.801950696870297 0.817423575925475 -9999 -9999 -9999 -9999 -9999 -9999 -9999 -9999 -9999 -9999 -9999 -9999 -9999 -9999
0.724830227206359 0.700851038480483 0.687984709079771 0.688369864505496 0.686249294132191 0.68429516193832 0.691181419993152 0.694641806599721 0.69317621929797 0.690852798925557 0.688183864928634 0.684991909603364 0.685477900482713 0.692382561347894 0.695763422085737 0.697500645671103 0.690550232121815 0.685034197403472 0.682589352202275 0.675858973130466 0.666679934887488 0.667285550318364 0.66806151473156 0.668044255321811 0.674356188231414 0.685057908102181 0.691899096913776 0.6979943360553 0.702870207876846 0.70202142059413 0.69638460683776 0.620972986524294 0.566754665253986 0.659126792916024 0.69721508052736 0.680721129138767 0.708975345499103 0.7408511989318 0.73145080404613 0.742191797817078 0.777281984304307 0.785380936901599 0.787174282120582 0.80665647949959 -9999 -9999 -9999 -9999 -9999 -9999 -9999 -9999 -9999 -9999 -9999 -9999 -9999
0.709970418148875 0.675835170833722 0.65432706498398 0.647876143665609 0.652882058327563 0.661069721578305 0.667672774509664 0.670185758412007 0.66681773550355 0.667126847168305 0.668794178271678 0.670170218519764 0.674254213609539 0.683064071313484 0.682989818485446 0.678777782032577 0.671192316855963 0.665271644426344 0.662915507335984 0.664272710269312 0.667751633478152 0.664435805323517 0.662236546380963 0.663885893639309 0.665980010375645 0.668382609325299 0.679984310345173 0.688637048502849 0.684056354239986 0.681300659349109 0.680071368938974 0.623383045856458 0.582827879052791 0.655557170263686 0.702543044682992 0.723643990425904 0.721662639349048 0.717529117003032 0.732862122974461 0.751555825651892 0.774312319289294 0.76283260042062 0.747062702515476 0.791794300539342 0.818966535254043 0.820532788459553 -9999 -9999 -9999 -9999 -9999 -9999 -9999 -9999 -9999 -9999 -9999
0.719404256132686 0.715036575451894 0.704685294993275 0.687198894819443 0.660242256464164 0.634476630517098 0.647658107684739 0.648393798676128 0.631234008503496 0.640711058112419 0.65964505885542 0.668593792140748 0.674651905208269 0.675665372106365 0.675104369921196 0.673804998083308 0.656566225144163 0.642778717685539 0.636380813402858 0.642406081867465 0.655529676188575 0.656411241057597 0.65800819098301 0.663077229889654 0.664817423759451 0.664248804782177 0.671147935373988 0.676274394370737 0.672779467291265 0.664233310713499 0.651462374961665 0.619547180672859 0.601154533152826 0.657952261267629 0.691403866518418 0.701381014975154 0.705617907867115 0.70872652212229 0.712865898765413 0.724550111029559 0.745355375455546 0.755189405587101 0.764365541014042 0.800289450920197 0.821445949859768 0.821067838147959 -9999 -9999 -9999 -9999 -9999 -9999 -9999 -9999 -9999 -9999 -9999
0.728373072874637 0.73170926399215 0.726203472521846 0.710154094142928 0.665409128620943 0.618191361987521 0.629082204708821 0.626942649501889 0.60606701467876 0.622011999660028 0.650846880482852 0.662112604221855 0.668796917043635 0.667485853339727 0.667147390157147 0.667253675086667 0.642736734647297 0.62394429974726 0.617408767294431 0.626918716969485 0.645596699882527 0.646896034332811 0.648723602056576 0.65417869754208 0.655495631554456 0.653942428847747 0.659130402529805 0.663505822349823 0.662788177619277 0.653388490442146 0.636727261866213 0.614847337947299 0.605117053407234 0.6542823079379 0.678462182854299 0.67751933321149 0.678540678259512 0.680693059942927 0.687278966280281 0.699926899706194 0.719903298331162 0.74750934113751 0.777177802961613 0.8047205596972 0.823016359805258 0.827827764365946 -9999 -9999 -9999 -9999 -9999 -9999 -9999 -9999 -9999 -9999 -9999
0.736491355492198 0.707176433132143 0.694972556942359 0.703172679584484 0.666564359106705 0.620759328583841 0.61313783259723 0.606114850373914 0.59995245595323 0.617427011955796 0.642690581032015 0.646660499092851 0.65150563946056 0.657878198349235 0.65905957824843 0.657815169300044 0.630364245370682 0.611801375230847 0.612268971127821 0.623099165947751 0.63985032036244 0.634654409620191 0.630191050306631 0.630483616811356 0.631250472078231 0.632346283477083 0.641294461659267 0.649994817542944 0.655148273767243 0.653924812014177 0.647367783398901 0.608567261210911 0.582807255532333 0.639519254535788 0.662223676811415 0.650733582283643 0.631284765855325 0.617485916635151 0.651466504850903 0.679661339549779 0.700861699846063 0.739761841345618 0.781776701193718 0.801718446599867 0.817321865787311 0.826598910892671 0.829151765065641 -9999 -9999 -9999 -9999 -9999 -9999 -9999 -9999 -9999 -9999
0.723313162424333 0.679939648195165 0.667587865662697 0.692227823495174 0.65919241074373 0.613424686437571 0.6079919977517 0.602482334364167 0.596861990999958 0.610306044303284 0.629928522140613 0.63023578643401 0.63151338241443 0.634484379692561 0.631885174884852 0.626689014357718 0.611407269525075 0.602622501920531 0.607748597977383 0.619453545420657 0.63491750288917 0.619959678263176 0.610595246646567 0.620048915412394 0.6248808389287 0.626507222778889 0.633054466705402 0.640520015958766 0.649428778815125 0.644275474344672 0.627360849346864 0.588822042618793 0.564903086356193 0.622945585702754 0.642973090161426 0.624776630828779 0.609120765236141 0.601840622627926 0.64470816267589 0.672939765798576 0.683477790049785 0.72504632986951 0.773026205625551 0.792068357447817 0.808189248386288 0.820050203992426 0.819989118430886 -9999 -9999 -9999 -9999 -9999 -9999 -9999 -9999 -9999 -9999
0.699716961008164 0.651380117816011 0.642084706212851 0.679344094159112 0.647649057602525 0.601245793905737 0.608128691952245 0.607261567120894 0.595250880407041 0.601944502357514 0.614913374944328 0.613335284564073 0.610199835075469 0.604346517078248 0.595373814925519 0.584953493185194 0.589229233206444 0.594893610788771 0.6035312399478 0.615893009833059 0.630382671276135 0.604064913347647 0.590479311513127 0.616101049892785 0.627255722254695 0.628376359534937 0.629508705959414 0.633019681863513 0.6446487273769 0.629643421009968 0.592361507496836 0.562489820508526 0.549154103664485 0.605486183147693 0.622249025863112 0.599225119220213 0.599231459750197 0.609462077090868 0.652162785191165 0.67284376547666 0.66690480384735 0.706922141532051 0.757745329251175 0.779166149444725 0.797374737763286 0.810899081639382 0.81504201042679 0.81559835861476 -9999 -9999 -9999 -9999 -9999 -9999 -9999 -9999 -9999
0.684094538233561 0.640781039527955 0.635315523251706 0.674981682829411 0.642959779807786 0.594323734126216 0.588056580309579 0.581021804301074 0.572883283757585 0.567842651559115 0.56399075046483 0.560810475634413 0.556172571997241 0.548990846957609 0.553849601567184 0.564315010821907 0.575679580944361 0.578866983229878 0.564546017712596 0.572418979930636 0.592973061079053 0.597580092277466 0.60111030707474 0.603799065832968 0.608722671273404 0.615196316644804 0.621622498743233 0.626100719900437 0.623943734407339 0.6088272302569 0.582871562186472 0.548308349534973 0.526002426705698 0.565530042517442 0.579171777324481 0.566785336114443 0.569602693127873 0.584188186629745 0.652451560356168 0.693344932257053 0.701150344809313 0.730726627030271 0.764936510096298 0.780234153248951 0.792275153200374 0.799567145791766 0.803334189024517 0.805271520124372 0.79623041820456 0.797024646308976 0.815237673931041 0.821085838593807 -9999 -9999 -9999 -9999 -9999
0.665926255649012 0.629117418347182 0.626711321674584 0.665328635997912 0.632436041719757 0.582326813863077 0.568139975479365 0.5559754861649 0.546718881427854 0.534368301806796 0.521266569668167 0.516487106239639 0.512053031168937 0.508221720185173 0.522741332953974 0.54580171602759 0.557055079475165 0.557243117966874 0.533738872889491 0.538841775514804 0.560290168969999 0.586181588627342 0.60301193425638 0.595077462463777 0.594929276452617 0.600181485005983 0.611883908264347 0.618696106908389 0.606591648647779 0.592712950978527 0.577350303766699 0.536415371163731 0.505127035654071 0.536090194901201 0.5489758555886 0.543684645480076 0.551080828892496 0.570519401181227 0.649027513343292 0.701428448265311 0.722268069281243 0.746817043545231 0.770922984092074 0.779154140121894 0.785358460634597 0.788607143641559 0.793987097069525 0.799756414725405 0.79614852167053 0.800272239915049 0.818088979831519 0.821737289947053 0.81868440889197 0.806010626725641 0.801430426604487 0.814518546784611 -9999
0.641836369221385 0.614629399161034 0.613529660998854 0.643561387497215 0.608613443070334 0.558779223649225 0.549054715072166 0.534354740967378 0.512500670819741 0.50291966257843 0.497855353660812 0.491476703251173 0.491018652964431 0.500893102445963 0.515202785257091 0.531570656403013 0.526799645736231 0.523215286972393 0.522171702518801 0.528496651232346 0.539031816656931 0.56349639005155 0.584528167929797 0.594615629506487 0.592304580213464 0.581394199661806 0.598078241877973 0.610184259919673 0.597167488052735 0.58733177034466 0.580156642769442 0.529385331680292 0.489552733202783 0.530862339939521 0.548313120209589 0.541773921744819 0.558034989223103 0.583761573238229 0.637415099894162 0.68106450978772 0.71261980982837 0.744541626913464 0.773662060293439 0.772905427660661 0.774214659074087 0.778536441434617 0.790115921340314 0.803862831507613 0.80447533431477 0.810831431599301 0.827359685838974 0.827019285444323 0.818700578272993 0.806010626725641 0.801430426604487 0.814518546784611 0.819322097682579
0.626979036106527 0.623776856351975 0.622573865479685 0.623754799424883 0.591533321528926 0.551823449008317 0.53434522067682 0.518226736003567 0.504063392345869 0.500420498615401 0.500332429695139 0.492582753748466 0.489742534620046 0.495470190434032 0.505100443954018 0.516544704385395 0.518456864713017 0.523607290315778 0.535691258266056 0.544955506339749 0.552608628905072 0.566817511294922 0.58139457143857 0.596118603457103 0.59181019904425 0.574301320215376 0.580900092478309 0.585461906881544 0.574776900350055 0.569777920805596 0.569534656361018 0.519573813743997 0.480660930906966 0.5278106827572 0.551660203835027 0.552081412479816 0.567000729037537 0.588622910022674 0.632397570496265 0.668694912410109 0.695952824435761 0.714392218135071 0.729827728998911 0.741354568779433 0.749367124860508 0.752254968738658 0.770847422467597 0.794598646666498 0.800400415028579 0.808405073963696 0.820311148423917 0.811374425809102 0.792579760592846 0.792755119256204 0.797098065729852 0.810378597566255 0.814725475437288
0.617647348680109 0.647070050232745 0.644920160055604 0.605121658661812 0.578488545173098 0.554797808651844 0.522254604481026 0.505386113777977 0.511055897125396 0.515247478110566 0.518303543451761 0.509319395666365 0.500291654615321 0.491187835565789 0.493463682582502 0.501043012496522 0.523228717410186 0.544599424821442 0.564225117783312 0.577456434331122 0.587034145768591 0.58570330940641 0.587447989296906 0.598797506368159 0.592590802798757 0.574207495238349 0.561703525682025 0.551037631761315 0.544625958646205 0.544938778328145 0.550875871691323 0.50809759224198 0.475768577834041 0.526061471113975 0.55740714786124 0.569701454989044 0.577170391009277 0.58846835090915 0.631327052438454 0.661109895736724 0.675085160052913 0.667560338180308 0.6581194023309 0.694660477951684 0.716317962269089 0.716271415694569 0.742363688181754 0.777332211016871 0.788903109513025 0.798206917760512 0.803495610050256 0.783204928306316 0.750816062230539 0.771566244362259 0.790172804454135 0.803760905542219 0.81066864854352
0.620337366745981 0.637658827319561 0.636736468342667 0.614059339429835 0.583754361234761 0.55185418741095 0.526162356922346 0.513527573999753 0.519667189533493 0.526278706985736 0.532349917898856 0.523646567651904 0.516444731191192 0.511863303223936 0.518235253830647 0.529699202322716 0.516363644290097 0.514458370984369 0.537026807045978 0.554820288384067 0.569885466311498 0.571955420144555 0.574542359437895 0.580167630527527 0.580941416477589 0.578350320285762 0.563650751489323 0.548562873170023 0.53631356347665 0.536417837678912 0.546854480264956 0.507507235346203 0.473154548890416 0.497447967823273 0.52103111332481 0.543900081013072 0.560945961462096 0.580286749024438 0.622771007503503 0.656593022674767 0.679943136665193 0.673573031769295 0.660532500166006 0.669768885061946 0.682924499155216 0.701795338145318 0.731808117472695 0.764632275117982 0.76576510574105 0.760712719549303 0.744706043933095 0.723094820483389 0.698832834247347 0.749560999195821 0.788337285562498 0.800615372668999 0.812979481817755
0.622021897248419 0.625855983808254 0.624786139847461 0.617868623475586 0.585901168995759 0.548477075506286 0.529293956311546 0.520103601937673 0.525281591362725 0.530219583435832 0.534616006476261 0.529691016026566 0.525131552440561 0.521209998214411 0.528886985433415 0.541948132972171 0.505215810140336 0.488235889731228 0.513548402778586 0.533100585806418 0.549361443795845 0.554982358050132 0.559834512780909 0.563990908183068 0.570267113321548 0.578013571325025 0.566704091484423 0.553051709991439 0.53795318117056 0.536333883038145 0.545988428850915 0.507900298928838 0.470960827517942 0.473743036261159 0.488209783527156 0.514425299370661 0.539049425011627 0.565869110361063 0.609090206551664 0.647309765865286 0.67948290070583 0.677158481851073 0.664793102116964 0.65469202639526 0.661385204678816 0.692568642087819 0.721716233246753 0.74869199248827 0.744417968300137 0.730726902273144 0.700357843394225 0.676861492022977 0.656615700347879 0.72830963405281 0.782043245931676 0.796096502105991 0.81073130996464
0.618841763660067 0.612818779312778 0.607354478962665 0.602556379119076 0.576158471990518 0.544874574290335 0.527537507084939 0.518723846178124 0.522165775614057 0.514791492904965 0.504299850887755 0.512767854041507 0.511803572078391 0.49437827573137 0.493553035040995 0.500449491801294 0.483944278340299 0.481694028436323 0.509965488487283 0.523264630283184 0.528008920917986 0.534410717387294 0.543237782397586 0.558330215027299 0.564440520153581 0.564321021505768 0.56931350382202 0.571804351367514 0.563994911373915 0.557307496455242 0.551558527942723 0.509232944264668 0.469569032942392 0.468420146075781 0.472522881417909 0.481906107201889 0.505596886092239 0.535206895303354 0.58220955841924 0.624058369327666 0.659676619733529 0.664983270211463 0.661768585372981 0.663635957591659 0.673356522643897 0.694529024018865 0.709909723702845 0.722837396649177 0.730087592157744 0.726532612096997 0.703841193652255 0.675174554038791 0.643681835607781 0.709323385240487 0.762308964489944 0.787116566244221 0.80821836272781
