layers/veg100/veg4400.asc
NCOLS 255 
NROWS 330 
XLLCORNER -2985163.8955 
YLLCORNER -3022031.214 
CELLSIZE 25000 
NODATA_value -9999 
[rows 125 to 149 of 330, columns 57 to 113 of 255]
0.0213907161930053 0.0300730948278931 0.0574859807989499 0.0851448633853894 0.0922217568631931 0.12467902710962 0.186183759723735 0.199029282031216 0.196041589432975 0.171535449787011 0.154889245767101 0.149079690978502 0.147293688606707 0.145106871166844 0.112396114531098 0.0966660987728301 0.109300684109419 0.194021283543212 0.310434839098533 0.397168356363706 0.470153547603707 0.515042591386896 0.545747789865934 0.568700282228527 0.624289509569863 0.666055097972341 0.669696383399964 0.676881297882162 0.686422075535274 0.696335280131027 0.70070488851977 0.68709357734464 0.669905121979839 0.649845584733612 0.630949496130354 0.612163375271404 0.593124373101553 0.573709976374447 0.553933214443626 0.534720110491791 0.515633269166372 0.496595023589061 0.477295646138779 0.457693293777367 0.438159493534705 0.41900183568839 0.403093660653665 0.387630004618889 0.372787837957695 0.359284461933446 0.345746311549125 0.322971939515218 0.306928324692113 0.302292454818306 0.304166187151587 0.308908149408112 0.304090007571232
0.0217862842563222 0.0437342868826816 0.0645702378093712 0.0856976737708803 0.10980519543433 0.126573250639649 0.134941396037283 0.138672276939734 0.136865496970545 0.0976808393658505 0.0885138230952129 0.120732724644341 0.115108062839003 0.0962855471267217 0.0809374020482346 0.065296145217857 0.0491652750085001 0.140750236193677 0.279147901478969 0.321979643760774 0.356839022454756 0.37540603926172 0.431240150237362 0.507443972155854 0.572992248026114 0.619988266665305 0.62088941188481 0.63289891800719 0.652293446076636 0.680311335794864 0.699447924338823 0.687487065940579 0.671479464732869 0.652223873133105 0.634363252453492 0.616439254125279 0.597384086471074 0.577524487196653 0.556888376855941 0.537091952635471 0.517470442841121 0.497843537235929 0.478251022801178 0.458698410281463 0.438669030724032 0.418870589310408 0.402392305873863 0.386371650163837 0.37099081135505 0.356856971375809 0.343102898191228 0.328103157573942 0.315791406261744 0.308035441981898 0.305089441981117 0.304281088921011 0.298957462522095
0.0541041459563237 0.0407074302771141 0.0498388318255257 0.0643797657492587 0.0835373671041381 0.0910125895227591 0.085117503627614 0.0789656075621332 0.0714051345945381 0.0521123415500698 0.0585148528243703 0.100343990096895 0.0935581738855344 0.0714879908118235 0.0817951991091072 0.0795882414239474 0.0564776418607338 0.117440274344584 0.214833007727657 0.227519604997361 0.241786574364013 0.25928320000963 0.306254381359736 0.369335973066815 0.484276543702427 0.573093986857186 0.590780279558341 0.605998240146328 0.619575212744478 0.655049170528007 0.68197812763846 0.675106200232541 0.66526527151693 0.653041367608204 0.636278343665864 0.618550327767279 0.599535903372154 0.579596934243796 0.558765509873012 0.538694546668086 0.518932908555689 0.500057082749136 0.48061450775902 0.460514369287397 0.439549832250549 0.418792430788837 0.402128439788813 0.385595801684786 0.369246810239416 0.354568859413903 0.340605771803372 0.328649900070211 0.318100169247896 0.309933661645689 0.30458767419775 0.300510625608904 0.295936099819753
0.102279995647986 0.0293904777820687 0.024270092981749 0.0321971750761865 0.0354856133500759 0.036845523812268 0.0359982629804321 0.0195820044421979 0.00282294526085602 0.020595491749688 0.0465865560433583 0.0839086539344426 0.0772917833110426 0.0586246840980647 0.0987068181825698 0.116563802829213 0.0972959351135754 0.109014034181991 0.134110867752518 0.12348617961222 0.125870781005695 0.154841231205779 0.176063408567326 0.193050480360593 0.376972537954526 0.525788656748508 0.56995964362561 0.58758321273715 0.587557619694994 0.625197748666663 0.656454307429326 0.656379438472695 0.655181979442549 0.653083508921271 0.63744894534999 0.619585994502592 0.60064058383421 0.580803978988083 0.560107111909789 0.539915002517063 0.520209231181649 0.502750025636547 0.483677496477282 0.462733129257561 0.440615066182453 0.418740644638844 0.402081904279907 0.385059646946429 0.367529150512213 0.352349986339485 0.338181316165327 0.326919219795895 0.317152953620064 0.309921922158785 0.303378000154878 0.297165692738606 0.293963505877099
0.219325408086649 0.0783710416401014 0.0400824720852396 0.0244435216278115 0.0183398256001407 0.0149324125051155 0.0146108549800314 0.00776049336351672 0.000774427689012873 0.00833964135595989 0.024989648754797 0.0541650415632786 0.0554492929653191 0.0496488542295998 0.090575296844134 0.111851168189813 0.100302758230642 0.115183880934523 0.141573864402662 0.14665142639469 0.15425781618939 0.167032131061415 0.160458728413035 0.143310113983701 0.318071666823383 0.460010301644645 0.500772800946552 0.545604791473023 0.593142247033406 0.622685399120104 0.642841878860964 0.637867093473774 0.638659588502985 0.644081009130565 0.628853187590116 0.610625735297562 0.592442392448513 0.574236994188458 0.556010306025957 0.538118966026436 0.520448524403298 0.503667383939088 0.485122629624492 0.464531664927727 0.443808932650389 0.423331673717191 0.405425823127727 0.387503473160907 0.369558055141431 0.353430509342186 0.338154641809456 0.326383333948227 0.316052821616875 0.308164267510155 0.301218447740056 0.294725444756504 0.292060503163795
0.315481127499808 0.125542339166522 0.062941034738341 0.0289925520824846 0.0100887334383436 7.89211654377702e-05 0.000248166426690455 0.000151920143639556 0 0 0.00808274761768031 0.0273093397813246 0.0362457039215703 0.0435732870097525 0.0849402193016309 0.108737935183645 0.103188061428039 0.119660523368953 0.145801416739971 0.161579074032426 0.173101536363668 0.175928061104487 0.151209693393096 0.111435644263029 0.261542396952903 0.388452479119882 0.438807526646516 0.510440038168714 0.596218159467101 0.620039606385363 0.631021301750206 0.618282924631847 0.619128381334256 0.630876473517701 0.613831776327027 0.59402052736719 0.580276295929167 0.566035606110987 0.551315689200714 0.53613604368169 0.520746623200186 0.504687270877233 0.486716693327249 0.466528641185897 0.446809017139737 0.427298718327119 0.408497898155727 0.389944639485521 0.371737500648916 0.354866127974379 0.33869677320466 0.326462917149983 0.315669970230564 0.307319174081902 0.300012769261263 0.293205393469335 0.290274603336011
0.361631213054426 0.166634768827432 0.10058820544581 0.0609010268345366 0.0211921401091917 0.000338393239815019 0.00106407249152088 0.000651393695394533 0 0 0.00221638382768896 0.00748854002366609 0.0232586087067141 0.0440077011640763 0.0858219753349323 0.110624802021697 0.107011735349394 0.119794009868109 0.139790249346425 0.153569338545777 0.165470505979054 0.173533943149358 0.152814521336331 0.1163627616344 0.208881623160414 0.304267020432888 0.394919222151273 0.49162119129432 0.592345145822645 0.61620904615419 0.622916826784314 0.596239806519668 0.592920935121036 0.608349744675959 0.584424335626406 0.56024724764934 0.559331942890684 0.554345219088189 0.545428388781175 0.533822614637259 0.521212614442142 0.505998836101794 0.488703516663482 0.468993115825895 0.44929730226985 0.429688893192635 0.410838996636303 0.392283856158565 0.37414081903449 0.357007972241473 0.340463047396513 0.327912096020993 0.316932987847051 0.308617946401754 0.301019861066926 0.293761407391531 0.288754365454013
0.412847946210516 0.277142649759647 0.210138104808584 0.15450529696086 0.0835148647324457 0.0452028934067357 0.0442909328042227 0.0339979477438961 0.021077355967297 0.00773392824691239 0.00439574639105819 0.0148519955668728 0.021429271200011 0.0283123472824113 0.0632750948581803 0.085446358980529 0.0862507505862057 0.0928744218295437 0.102311647881606 0.133320913305494 0.158933503890632 0.173517422929263 0.163704400162968 0.14055632502563 0.207822227433966 0.281862335478919 0.364677285681787 0.457577778320085 0.557183306281321 0.590867908264495 0.606990606727826 0.585298485179314 0.563140687222174 0.540609128793403 0.520303798027048 0.507594059853374 0.525720994671703 0.537093972234406 0.541947411755029 0.535159687684299 0.524891036386735 0.508464854163795 0.49175174800971 0.474705742039335 0.45459004497624 0.43374139441448 0.414059226903156 0.395245993580129 0.377647631532417 0.360066178479925 0.342718449375872 0.329434042264709 0.318241973274534 0.310596141191199 0.303005505459515 0.295438791182425 0.287735468661932
0.467141308805804 0.429801798692906 0.363349626044427 0.285573214700659 0.176939586941287 0.117152984157437 0.113271072335626 0.0872902929341835 0.0549535523060061 0.0201641435058091 0.0114607296854384 0.0387225948311097 0.026375278761784 0.0028224856531507 0.0265016017419082 0.0438329996583824 0.0505611797813273 0.0495273471981899 0.0457250204290371 0.105640766707225 0.153060830551344 0.174944655612774 0.180232456960383 0.176449086718355 0.238096828335788 0.296972899698433 0.342721857552446 0.414289524980758 0.503021897311825 0.552464864024904 0.586314774481092 0.581098527648487 0.531190920597899 0.445413203824436 0.435104364825529 0.443476391878129 0.484418487320921 0.516465994569844 0.539927630765132 0.538713461612453 0.530520148343448 0.511631892676635 0.495444500030635 0.482390749112838 0.461585743447237 0.438803313027807 0.417813293929016 0.398586388276311 0.381824520723867 0.36368082882892 0.345270865292047 0.331000175169644 0.31957887181769 0.312986902895895 0.305585358080807 0.297797106394178 0.287021002112024
0.488067887465584 0.491126147765553 0.408416816567065 0.310774836017019 0.228078758960702 0.177674797395344 0.164228679996283 0.17964307285326 0.189928687222248 0.0856571920394611 0.0336852420178382 0.0538197128160081 0.0393623861116436 0.01503816497492 0.0306116202417926 0.0448987397923077 0.0570371663186603 0.0677205865657899 0.0780243135315966 0.113357988971867 0.143212210768752 0.161868593842184 0.172557921031946 0.178892558674908 0.207045076807412 0.232276698476131 0.248063363381356 0.27399364838589 0.306667579704319 0.413685900721862 0.502194362653976 0.509804948999665 0.503405731358661 0.485761986727483 0.478811983704966 0.479735267858686 0.507438230974445 0.528398940492237 0.542851409410091 0.541196864471398 0.534049361104199 0.514388483137763 0.498361451328064 0.48655054298071 0.46669194615777 0.444265113307749 0.41900875488543 0.3979036689626 0.382602545852557 0.363398239956335 0.342969622209339 0.325804204746519 0.313493461383721 0.309410749757999 0.30254703508789 0.294402405705657 0.282605031242391
-9999 0.537447487022853 0.436745043783374 0.325720045805964 0.273658003138791 0.238697011282045 0.223307916816433 0.269431100741126 0.310901623280799 0.163265130561681 0.0807890468579676 0.0881509121990504 0.0665773149090093 0.0368765187269787 0.0426604937757544 0.0507366574184696 0.0626416890458262 0.0805647021169898 0.101056115314712 0.111793877725322 0.12593202695694 0.147019223611368 0.163251480427766 0.176830090015917 0.178991452393318 0.17875288532901 0.173486195924214 0.161954150640054 0.146256793202296 0.295842859181916 0.425882571915821 0.445731752869511 0.473636090317591 0.508005644887716 0.508839846896075 0.507981369943275 0.520676108743288 0.532383329093775 0.543137306204 0.542367697150975 0.536762415618847 0.516858542511066 0.501127179468083 0.490236917787755 0.471248254377798 0.449386691365048 0.422051334580638 0.399890521843855 0.384964324813283 0.36558835995141 0.344514761949348 0.321772668912994 0.306748700159391 0.304805933200333 0.299373848918286 0.292325261918885 0.279392679620487
-9999 -9999 0.436745043783374 0.330541006193089 0.310990381094722 0.303243818757227 0.309006830054438 0.344718256133086 0.37319074170268 0.265979584920918 0.196585683043331 0.179331181001189 0.133190633366812 0.0794677952915444 0.070045372652476 0.0624868822995964 0.0580419013128299 0.0668045479189148 0.0812343545404859 0.0771056692841333 0.0880320961085371 0.129725224873617 0.1536780634931 0.1679342893133 0.170750176315715 0.171895901005267 0.169867857539245 0.148793964902828 0.115058076914111 0.256467536476309 0.383587341520884 0.414651966693524 0.43740582046708 0.4534892958831 0.476031143117912 0.494879210825676 0.494069312755899 0.507589848640259 0.534943431697918 0.539963886526758 0.537514721207194 0.518580554271118 0.503600237828273 0.493207325780685 0.474570183208567 0.45345800327607 0.430866760054737 0.410280059724709 0.392495943999571 0.375592718152862 0.357994469479462 0.322320815983452 0.299465685539335 0.298336259503035 0.296839402464715 0.295083318005314 0.28031357012014
-9999 -9999 -9999 -9999 0.323727440578077 0.330594264787245 0.345320066805123 0.389028941258602 0.427948632093181 0.3549935431581 0.306344517886099 0.291206744950269 0.245324288025618 0.189236351176299 0.144607060212009 0.0996005585243175 0.0539639646766214 0.0634291862413602 0.0966749065031794 0.0653944823356845 0.057211745331004 0.0962315567129043 0.124639844616258 0.147248011239888 0.158611082697916 0.166136604390863 0.164969185415917 0.146387152400071 0.116227596109982 0.225363727473213 0.323859345440253 0.348296145243964 0.373542759672266 0.399439346249493 0.388993993842991 0.378280070244095 0.388894069565833 0.426269801288573 0.489478407851469 0.519426469496525 0.53712146500442 0.523604319312983 0.510275540180913 0.497165310936819 0.478660064751239 0.458616224018898 0.438342559026727 0.419180024496255 0.401570979860904 0.385493721838502 0.369127724770664 0.337750078251101 0.316458033207114 0.31225975127034 0.30737382516061 0.302110469357881 0.287490909519447
-9999 -9999 -9999 -9999 -9999 0.330594264787245 0.345320066805123 0.410562659893141 0.477168818315608 0.433933540792357 0.41166376365766 0.418299537977687 0.390928998727612 0.348400290940169 0.253857806314266 0.155363954241914 0.0502697446111705 0.0676897517440522 0.138043800484661 0.0705782754834525 0.0315970024441501 0.0508262884106012 0.0812891770395807 0.117892207372306 0.143605927881494 0.161184436411779 0.159129085221378 0.151887284094626 0.141197445319277 0.200341953925133 0.251313054813703 0.256001891608634 0.289361336327528 0.345732339590132 0.262082724782531 0.185579706429341 0.225947528555495 0.303385827866063 0.416607946513149 0.485555430464894 0.535885878403595 0.531055860121887 0.520040748187093 0.50184946055779 0.483314621127267 0.464573647699564 0.444833332019757 0.426984707703933 0.411780888404203 0.395318729055755 0.378535636161846 0.364121409104336 0.351300029612481 0.341178316473607 0.327517773800937 0.312276682036262 0.299268609312117
-9999 -9999 -9999 -9999 -9999 -9999 -9999 -9999 0.48237154767629 0.44227774821912 0.422796341046626 0.431733648178461 0.423536534210357 0.406028790644602 0.334348278920215 0.272772902745828 0.228077128053692 0.186143405341614 0.145107807063907 0.0732217662913486 0.0271384744668534 0.0337858087497455 0.0544082419740318 0.0826692832568231 0.121094249849078 0.149713705549237 0.152499653258214 0.140164207635015 0.117775809771181 0.161618324697217 0.200167462702514 0.202748926833693 0.203325780059464 0.202293695611871 0.191710333245096 0.174323745252777 0.13398933298457 0.165180539818725 0.265414824225338 0.368470671445771 0.462063248006453 0.496316202424711 0.50897533888698 0.496580524631761 0.481264340873864 0.464767129037579 0.44497814958735 0.427426780239137 0.413003850621926 0.399283852244466 0.385816595861149 0.372337410672194 0.360014994785074 0.34965315016018 0.338431638238962 0.326822734540957 0.315277525857486
-9999 -9999 -9999 -9999 -9999 -9999 -9999 -9999 -9999 -9999 -9999 -9999 -9999 0.44241300625153 0.403393261910658 0.381902310055648 0.389691423783373 0.293845767041899 0.152694848317269 0.0784796888754228 0.0282866099971098 0.0271851744575299 0.0371853162978966 0.053253436532706 0.0994707880905885 0.136121330168609 0.145683339723855 0.128207391438002 0.0927561618477147 0.124115641883298 0.152961737782751 0.154638451557236 0.126525155810569 0.0745018491589471 0.136036192274682 0.180535846412588 0.0825888679833732 0.0703403337867862 0.140815785866006 0.249124541001779 0.360152076918758 0.440468743915099 0.482620354477568 0.480491447117116 0.472749048456309 0.462514970715958 0.443931747932132 0.427325129881986 0.413482035635992 0.402166144246938 0.391586200177581 0.377880205530401 0.365575521029918 0.355645872242015 0.347343004213433 0.339764314904724 0.330826157669521
-9999 -9999 -9999 -9999 -9999 -9999 -9999 -9999 -9999 -9999 -9999 -9999 -9999 0.444507329186888 0.442588928213587 0.433285793714579 0.411647212714158 0.311591254826502 0.177264405978513 0.0945504648126198 0.0409575602692773 0.0468765510318991 0.0485697627452368 0.0479532183677814 0.0844339106601383 0.117516409113378 0.13851984648325 0.122935567295466 0.0830271693530064 0.0971504585788344 0.11098817594154 0.108486473704542 0.0847971160928482 0.044102155622932 0.11009790265535 0.171990017569556 0.150521389755671 0.143093249181359 0.149218272659351 0.157877170661402 0.185866887786018 0.324816166876562 0.408678304180269 0.428626290762339 0.44318994577954 0.453717426047186 0.441248788940142 0.428434779667005 0.415137899850242 0.403600839863967 0.392681643027228 0.381466825169934 0.370890076191465 0.361394769731535 0.352872791215259 0.344833161726838 0.342811909612953
-9999 -9999 -9999 -9999 -9999 -9999 -9999 -9999 -9999 -9999 -9999 -9999 -9999 -9999 0.470696617034954 0.465792243972724 0.452695614369144 0.385227554591742 0.29371265431606 0.211224137131159 0.141758519306497 0.098906563397513 0.0727113457853054 0.0556204855673269 0.073216732014868 0.0938851286751289 0.119121097509649 0.113105655015821 0.0863137576917473 0.0934689886373132 0.101191115364219 0.101053883381058 0.0820511178572063 0.0479065272740021 0.0914818693465974 0.140767814668763 0.166225251725703 0.169549820391523 0.151509717651393 0.126179175490508 0.121598750263606 0.248496243320575 0.327658822587208 0.35143757950042 0.371351510855897 0.389179149345146 0.397882579930613 0.402696705032175 0.402073127742739 0.399301447429694 0.395381240946167 0.384782655504977 0.374729965468332 0.365602496079081 0.359352266910593 0.354429314298159 0.353568954821438
-9999 -9999 -9999 -9999 -9999 -9999 -9999 -9999 -9999 -9999 -9999 -9999 -9999 -9999 -9999 0.481582279735641 0.510651335162596 0.508357541193615 0.491523383929924 0.416985945261383 0.320602342638448 0.179573810683426 0.10814991487867 0.0747710115878401 0.0653820588080489 0.0658027936106272 0.0888875101403427 0.0992393621784922 0.101126195431116 0.110406235381795 0.119887712699852 0.127908954534759 0.113825372324908 0.082000050771638 0.079350004865073 0.0894647198211172 0.13567841808863 0.155009013328887 0.148389575685921 0.147214680183181 0.154755382683302 0.207007054279478 0.240371975111512 0.251823785264244 0.262072932271185 0.275280087971469 0.31848962583529 0.353183830611423 0.375972607212091 0.389924276586994 0.399501386282889 0.387858690414618 0.377263975497814 0.368445449950446 0.366672732262777 0.368034588315821 0.36323792805175
-9999 -9999 -9999 -9999 -9999 -9999 -9999 -9999 -9999 -9999 -9999 -9999 -9999 -9999 -9999 -9999 -9999 0.541348282187912 0.556613284303929 0.51298794942917 0.451918784105934 0.355201320102946 0.229662733352246 0.0883708942346718 0.0556282432376327 0.0407487781927057 0.0611002236611264 0.0782629445682224 0.0933057486780133 0.104526997014776 0.114621083425414 0.122171304597586 0.116714059930234 0.100816783350572 0.0811481111783612 0.071043525992126 0.103831797046285 0.126637439614848 0.139806935002054 0.164838828523915 0.19318419336926 0.226425341004363 0.244186879302973 0.243988399126252 0.242481386941099 0.244433962415791 0.281225878013773 0.320041101180377 0.361685144157911 0.386194372855444 0.402971058309814 0.391983542987628 0.382496666528243 0.375553174842916 0.374510409516678 0.376067812402305 0.368989708875317
-9999 -9999 -9999 -9999 -9999 -9999 -9999 -9999 -9999 -9999 -9999 -9999 -9999 -9999 -9999 -9999 -9999 -9999 0.591099211346776 0.576662737680987 0.555204187712213 0.519395287678974 0.351521719923321 0.111463315456411 0.0536987827565966 0.022245802037408 0.0405998265607321 0.0625784554298846 0.0869667811820801 0.0986054324277503 0.107757041204404 0.112527769614893 0.114263338300526 0.113562831829216 0.0843444410036453 0.0600563663587404 0.0743078178990748 0.0962955801212943 0.125751137872408 0.172544281976315 0.219412036966999 0.245293073605275 0.25546539020976 0.247411865586742 0.237362493204088 0.230370554950673 0.256311900381845 0.295212864222818 0.352232885130668 0.384284148533365 0.405619201479584 0.396343023008145 0.388529995645717 0.383196816263408 0.381813639587773 0.382150430549313 0.373836643601203
-9999 -9999 -9999 -9999 -9999 -9999 -9999 -9999 -9999 -9999 -9999 -9999 -9999 -9999 -9999 -9999 -9999 -9999 0.591099211346776 0.576662737680987 0.560620925257565 0.541298434563203 0.398054631540068 0.187077044380973 0.0926828323622636 0.0338484419365443 0.0544122825480964 0.0797688901630626 0.108311808505314 0.112898879879837 0.11434460432952 0.112497547996689 0.110925904954396 0.109575313697112 0.0820738738719708 0.056870919033008 0.0575825562046122 0.0684661120286794 0.0891685352375597 0.133617098142892 0.179800265595318 0.206873885108085 0.222570945591022 0.225068499166525 0.224448338075987 0.226023285630196 0.255545652073717 0.297379481398444 0.356426170814225 0.386433571798166 0.404734328269129 0.400938865693247 0.396157980597781 0.389706934416625 0.385976561102342 0.383450197238674 0.377657806020673
-9999 -9999 -9999 -9999 -9999 -9999 -9999 -9999 -9999 -9999 -9999 -9999 -9999 -9999 -9999 -9999 -9999 -9999 -9999 -9999 0.540068137627349 0.542458579062723 0.42568846381688 0.243786731804802 0.122631926598923 0.0411659711589528 0.0547770612931599 0.0811500768365338 0.116007431343825 0.119179914439796 0.117266295289245 0.107994846793093 0.10438951647673 0.105331917082418 0.0803526700339702 0.0543121942745124 0.0397960528116503 0.0392511274306142 0.0521924992368646 0.0979336944450183 0.147170704108268 0.176503669626524 0.197995476975303 0.210389680984714 0.222322044644592 0.237310295540509 0.281300089502439 0.326481757792895 0.373329805315536 0.39454296214788 0.405897497844174 0.40623611588823 0.403862871067581 0.396893376682564 0.391346450149401 0.386440333366825 0.38139513896467
-9999 -9999 -9999 -9999 -9999 -9999 -9999 -9999 -9999 -9999 -9999 -9999 -9999 -9999 -9999 -9999 -9999 -9999 -9999 -9999 0.537865386436252 0.533551523388705 0.433208603845601 0.280377445909787 0.142965403667212 0.0439229926523636 0.0408299025814739 0.0657059809432107 0.109176424803343 0.11693359144026 0.116286514477288 0.0987322270586313 0.0944485812550776 0.100816197093705 0.0792161361697075 0.0524204705172611 0.0208801034525375 0.00856158144815443 0.014797744551601 0.0657025433248176 0.121972087711455 0.154699721487281 0.182273631339534 0.203867999016526 0.231676931130993 0.265236374228334 0.335279653749492 0.384250804154395 0.403760661957557 0.408995356915877 0.409240334563715 0.412279851906174 0.411649609646918 0.404799609305404 0.398000876557527 0.391229476211961 0.385043254849958
-9999 -9999 -9999 -9999 -9999 -9999 -9999 -9999 -9999 -9999 -9999 -9999 -9999 -9999 -9999 -9999 -9999 -9999 -9999 -9999 0.510109293076517 0.510650417895207 0.434531250970607 0.316510561578558 0.168204015707422 0.0582031962990224 0.0482451724869298 0.0695053992392217 0.111520034997736 0.117594597786648 0.116675586636283 0.103462614554376 0.0971582611644313 0.0963988925166266 0.0622601646208422 0.0272155335502422 0.00896440193225269 0.0013068346761895 0.00387514585625106 0.0654943562925421 0.131812533800249 0.152884687195793 0.164390261981886 0.164796336461705 0.198932616059547 0.245746073430865 0.321835211773238 0.369798143900604 0.378437361442429 0.39010267839154 0.40257958927097 0.410070262027315 0.412198617961687 0.405238554758873 0.398431859762431 0.391678852577059 0.382766648191282
