layers/veg100/veg5900.asc
NCOLS 255 
NROWS 330 
XLLCORNER -2985163.8955 
YLLCORNER -3022031.214 
CELLSIZE 25000 
NODATA_value -9999 
[rows 150 to 174 of 330, columns 57 to 113 of 255]
-9999 -9999 -9999 -9999 -9999 -9999 -9999 -9999 -9999 -9999 -9999 -9999 -9999 -9999 -9999 -9999 -9999 -9999 -9999 -9999 0.490736754896386 0.501421763424838 0.446772643913446 0.356412736304352 0.190819455238599 0.064183206467154 0.0434279584752735 0.0569504113419544 0.0932612463424866 0.095227922134156 0.0931115983480798 0.0876306877095832 0.080065224863776 0.0708266619817516 0.0345083527713582 0.00170703796674953 0.000562273542031 0 0 0.0610092656070523 0.124397919546366 0.126430027285529 0.121176785366027 0.107470809813229 0.150702066676234 0.210064940598735 0.270886386343088 0.304225159024416 0.299139951474755 0.316994058616516 0.341740148805149 0.341892343484963 0.340113052836112 0.335060149529333 0.337015735020668 0.342077691052421 0.339398398401174
-9999 -9999 -9999 -9999 -9999 -9999 -9999 -9999 -9999 -9999 -9999 -9999 -9999 -9999 -9999 -9999 -9999 -9999 -9999 -9999 0.485864237718921 0.481719228727446 0.44580692641817 0.392531033070874 0.238105469108782 0.107011353941004 0.0445524402702574 0.0422764675160388 0.0800111086942973 0.0820015573132129 0.0777340826472235 0.0634887649634327 0.0619522871948634 0.0706161586657435 0.043795167745054 0.0158747793073866 0.00522892200641627 0 0 0.0460428509966961 0.094962714498319 0.103959629972002 0.124469005900868 0.158335566625358 0.185574567518474 0.212816871769737 0.257015184119217 0.281129263597349 0.277163244570017 0.306481616955655 0.345621838904788 0.345895001781312 0.345355591311333 0.343438976286329 0.342797793195863 0.342748285704225 0.344961452686383
-9999 -9999 -9999 -9999 -9999 -9999 -9999 -9999 -9999 -9999 -9999 -9999 -9999 -9999 -9999 -9999 -9999 -9999 -9999 -9999 -9999 0.466248813272517 0.448269371407829 0.420462599511994 0.270714009107495 0.135107478485028 0.0467487792624136 0.031859280049752 0.0658133194339032 0.0722281568995384 0.071586450725081 0.0560504503048367 0.0570430715026277 0.0713018691630511 0.048644941377493 0.0230120667552396 0.00757984095020478 0.0011613545353318 0.00344375482012139 0.0345769853547868 0.0678701600229503 0.0782553996561901 0.105218368863087 0.15141543648615 0.184694561518805 0.214834356376115 0.24938314895349 0.26930235005266 0.268767677088822 0.302095574115628 0.345317204093232 0.347234210283147 0.348549871604478 0.348846332756714 0.348223033484849 0.347212822769199 0.350108455945369
-9999 -9999 -9999 -9999 -9999 -9999 -9999 -9999 -9999 -9999 -9999 -9999 -9999 -9999 -9999 -9999 -9999 -9999 -9999 -9999 -9999 -9999 0.455121318369034 0.437911678888458 0.28452915737543 0.144340365367619 0.0503175500750798 0.0268925461471725 0.050402134181227 0.0668760154372675 0.077256984721808 0.0699998385204362 0.069040220051604 0.073135113453685 0.0478134202052468 0.0211473913851531 0.00696564393438041 0.00380973544263544 0.011296976414024 0.0275933070846884 0.0437771918719179 0.0484104915278296 0.057103313002058 0.0705061426730753 0.138036183006187 0.215911437878036 0.24973989384789 0.271904512844752 0.277761728255362 0.305553920163437 0.339652297844142 0.345163073395724 0.349121512694267 0.350448946966841 0.353191395541872 0.356535215252558 0.354722737430548
-9999 -9999 -9999 -9999 -9999 -9999 -9999 -9999 -9999 -9999 -9999 -9999 -9999 -9999 -9999 -9999 -9999 -9999 -9999 -9999 -9999 -9999 0.450581945181137 0.450026822951687 0.308915285263567 0.175471825146659 0.0745779782912006 0.0378253951303165 0.0437149843149851 0.0665699543016914 0.0837281931371522 0.0776767374819521 0.0738040409546145 0.0716800566749004 0.0454324680390738 0.0202096417499624 0.0142462812492486 0.0103444551213391 0.00843261075669314 0.0322860922507626 0.0559565766197028 0.0467043068188049 0.065486208762598 0.116794399421458 0.18349742747654 0.249093207242216 0.265291711217201 0.275215640455162 0.276366982867221 0.304537745817676 0.34086102790419 0.348835295071028 0.354107660753 0.354800660094435 0.357710730775815 0.361576009213473 0.359168076846177
-9999 -9999 -9999 -9999 -9999 -9999 -9999 -9999 -9999 -9999 -9999 -9999 -9999 -9999 -9999 -9999 -9999 -9999 -9999 -9999 -9999 -9999 0.45827327043999 0.459913256966436 0.339026394015023 0.21874602704472 0.11141368159638 0.0575933094804291 0.0393485817773499 0.0664286996686004 0.0882338297589501 0.0800963912782551 0.0737616575885666 0.0688738080021133 0.0434795331618449 0.0210839674297666 0.0240832113484406 0.0178364553170669 0.00266461342418515 0.0404210208827694 0.0787824598761894 0.0553021609897465 0.0916536101040585 0.197424078532477 0.253455158893413 0.290900262462733 0.286158921168372 0.280306705234401 0.272901357074406 0.302641289293985 0.344036654050955 0.354449846990208 0.360762985004776 0.360127071167668 0.362142743687386 0.36531949997366 0.363593159214731
-9999 -9999 -9999 -9999 -9999 -9999 -9999 -9999 -9999 -9999 -9999 -9999 -9999 -9999 -9999 -9999 -9999 -9999 -9999 -9999 -9999 -9999 0.456889701446649 0.4563898780897 0.397969207109789 0.325259588912438 0.221676654842731 0.123509320474827 0.0289423663073899 0.0481803026947202 0.0651484524410496 0.0423222836518889 0.0429603581888795 0.0624312670492848 0.0530263654421648 0.0407448798234113 0.0341150888408104 0.0216878088418391 0.00366426153464787 0.0446419603247549 0.0888745249472809 0.0793992988733692 0.112897519279907 0.196255130576751 0.25952557992848 0.311533936063712 0.312307554284471 0.304655978801591 0.285225000508493 0.307690064217762 0.344170967016742 0.361232186452005 0.370503179326402 0.366570766563022 0.367284329318089 0.370062389224412 0.368441546174027
-9999 -9999 -9999 -9999 -9999 -9999 -9999 -9999 -9999 -9999 -9999 -9999 -9999 -9999 -9999 -9999 -9999 -9999 -9999 -9999 -9999 -9999 0.463423876440495 0.45974065362489 0.437148699946673 0.392733530925894 0.294690018225898 0.167336322558259 0.0204967327626611 0.0343022351765337 0.0504126413318323 0.0281128077561427 0.0299761116368749 0.0512331951560712 0.0527198045078866 0.0487018571033172 0.0335613519485838 0.0184188541272413 0.00327443280160752 0.0442551285551025 0.0901369800315241 0.095582029733731 0.127420052099118 0.189880182965144 0.257260942819679 0.320477358135428 0.333213205184071 0.331055080331676 0.308073446769852 0.321835357292914 0.348441004444064 0.367861818868513 0.378014098057054 0.372457433554219 0.371864634998911 0.373486294537429 0.371619855971918
-9999 -9999 -9999 -9999 -9999 -9999 -9999 -9999 -9999 -9999 -9999 -9999 -9999 -9999 -9999 -9999 -9999 -9999 -9999 -9999 -9999 -9999 0.468735142078652 0.473266253900904 0.4457515066938 0.399807591453282 0.310072901867268 0.176988465220733 0.0150844001662961 0.0271856930565037 0.0485948046124058 0.0503611910584502 0.0445573968305256 0.0326776360159317 0.0371686334923874 0.0385511710291893 0.0166301539879959 0.0041337631027186 0.000734884450688898 0.036739414994675 0.0777387642699779 0.099520039768891 0.131543653348822 0.175450808507026 0.242100777374578 0.311334287317469 0.346007211920835 0.360625559208363 0.347205269913581 0.350054266359457 0.359109599753562 0.374255191621836 0.382076008267715 0.377482297850587 0.375576560234947 0.374869542850747 0.372214317284653
-9999 -9999 -9999 -9999 -9999 -9999 -9999 -9999 -9999 -9999 -9999 -9999 -9999 -9999 -9999 -9999 -9999 -9999 -9999 -9999 -9999 -9999 0.481744974245095 0.481321586642717 0.455209986131165 0.412985399622032 0.33225671216012 0.194137185701302 0.0178632808190205 0.0214232057647279 0.0365817275856952 0.0378206278363012 0.0362758158722359 0.0324967451590492 0.0274407607819717 0.0205671744495325 0.00677452889306764 0 0 0.0310593338210103 0.0657480981315044 0.0834724504201268 0.116258517814935 0.1665197472566 0.222216464309032 0.278187157341611 0.322770706844604 0.348586252749565 0.34816194208846 0.358817260707639 0.373131089888865 0.381451519420364 0.385372141853318 0.381835672069996 0.37906910799686 0.376652247363961 0.374562795412293
-9999 -9999 -9999 -9999 -9999 -9999 -9999 -9999 -9999 -9999 -9999 -9999 -9999 -9999 -9999 -9999 -9999 -9999 -9999 -9999 -9999 -9999 0.455945777754329 0.483959540496795 0.463766137970753 0.427623288350497 0.35548819084292 0.213607153287214 0.0253578619020096 0.0169161335003119 0.0205244661653285 0.0116763634869125 0.0188613206111213 0.038914707147827 0.01994927992152 0 0 0 0 0.0259755709824566 0.0536259228179984 0.0590583489435772 0.0927353439966725 0.159182738401516 0.200989882497861 0.237291784067667 0.286399699859748 0.320762652247074 0.334510427170707 0.360041303124363 0.388269170835336 0.38881282754626 0.388257161862405 0.385838289840253 0.382440208526623 0.378620411020125 0.377594743345758
-9999 -9999 -9999 -9999 -9999 -9999 -9999 -9999 -9999 -9999 -9999 -9999 -9999 -9999 -9999 -9999 -9999 -9999 -9999 -9999 -9999 -9999 0.43364798724664 0.427176276018625 0.429918038344867 0.407495790606316 0.320347502324487 0.208278622760385 0.0796421221797732 0.0362772870879896 0.00811038584788932 0.00461399640878558 0.00745318229106265 0.015377417740572 0.00788309699496093 0 0 0 0 0.0157665281157727 0.0314187924195365 0.0269112240741025 0.0578708090191116 0.12998070431866 0.199476619272995 0.265101456382982 0.302158167002064 0.332259007175323 0.35263472971222 0.374276099659732 0.394973828320686 0.390682121433623 0.387776386307063 0.387219690353297 0.384722575135692 0.381361382038933 0.379582817407554
-9999 -9999 -9999 -9999 -9999 -9999 -9999 -9999 -9999 -9999 -9999 -9999 -9999 -9999 -9999 -9999 -9999 -9999 -9999 -9999 -9999 -9999 0.380397041195048 0.38430453648557 0.404032286828465 0.391311530937463 0.294760964138074 0.204505656986774 0.118435542508822 0.0505703154249303 0 0 0 0 0 0 0 0 0 0.00859647759399698 0.0159804315479765 0.00558386811150369 0.034168415997936 0.107980299040546 0.199407759282344 0.289206662137192 0.319190592364834 0.345608251651425 0.367039848489761 0.384009774185609 0.398272917601101 0.392930149260621 0.389375508079619 0.388851506384392 0.3864493436264 0.383206384827344 0.380876730315532
-9999 -9999 -9999 -9999 -9999 -9999 -9999 -9999 -9999 -9999 -9999 -9999 -9999 -9999 -9999 -9999 -9999 -9999 -9999 -9999 -9999 -9999 0.375285797940592 0.371288310620953 0.39315171653021 0.382558370875535 0.28717938568792 0.203664179600461 0.128036209964522 0.0553123750302996 0 0 0 0 0 0 0 0 0 0.00715346013192753 0.0132979326380464 0.00464655173945623 0.0315012704358269 0.0995514864377431 0.202060901894879 0.306330737287511 0.338623813786679 0.362449298176426 0.374436101842856 0.385261007287334 0.395154155342854 0.395891907675574 0.394894231945817 0.390955234742924 0.38712907795886 0.383362920158927 0.380862484654653
-9999 -9999 -9999 -9999 -9999 -9999 -9999 -9999 -9999 -9999 -9999 -9999 -9999 -9999 -9999 -9999 -9999 -9999 -9999 -9999 -9999 -9999 0.369552790728497 0.369164590512066 0.385165257155985 0.374056405940575 0.292615555073656 0.22470053583031 0.165777713029424 0.0770624564151618 0.00630307386278266 0.00194184388550237 0 0 0 0 0 0 0 0.00403382820523293 0.00749868941146738 0.00262018535338397 0.0355125351193786 0.112228034279084 0.224097407902176 0.336070369589022 0.359207978806736 0.375587611735249 0.382518806124242 0.389760174926146 0.396836858002365 0.398977730615751 0.398481847845793 0.39351701277748 0.388012737568256 0.382294867761875 0.380723852230288
-9999 -9999 -9999 -9999 -9999 -9999 -9999 -9999 -9999 -9999 -9999 -9999 -9999 -9999 -9999 -9999 -9999 -9999 -9999 -9999 -9999 -9999 0.370976681928276 0.372790653397414 0.37863865998984 0.365681150134029 0.304618203284423 0.256772620589329 0.217714160064363 0.10739181097989 0.015785576423551 0.0048632025777452 0 0 0 0 0 0 0 6.84698503962066e-05 0.000127282104256381 4.44747991309591e-05 0.042892557595434 0.135550655788333 0.255911369034135 0.372173605637019 0.380372708672705 0.386858173827101 0.390947773487528 0.395897682286371 0.400941540109401 0.402126134817148 0.401095364406243 0.396309842568173 0.388999262206978 0.380609102570657 0.380522475999633
-9999 -9999 -9999 -9999 -9999 -9999 -9999 -9999 -9999 -9999 -9999 -9999 -9999 -9999 -9999 -9999 -9999 -9999 -9999 -9999 -9999 -9999 0.370384212187212 0.370145679841206 0.372166775213657 0.358343550611206 0.304095847466012 0.241189321908858 0.172526268083746 0.123771984701387 0.0755321476508641 0.0232698588447036 0 0 0 0 0 0 0 0 0 0 0.0440993069833173 0.139364270085774 0.265909468742666 0.388080876217544 0.390545791290578 0.393796465491923 0.398145722540114 0.401681471312604 0.40452550355342 0.400257054927047 0.395992818253706 0.391735720284741 0.387349108910576 0.382941723789708 0.383778120687688
-9999 -9999 -9999 -9999 -9999 -9999 -9999 -9999 -9999 -9999 -9999 -9999 -9999 -9999 -9999 -9999 -9999 -9999 -9999 -9999 -9999 -9999 0.377706619292546 0.372864054773197 0.365811214592405 0.347708216802058 0.301764887116889 0.226726644848973 0.132345623763351 0.136058736252563 0.126416868586398 0.0457211060651253 0.00656186614414647 0.000740605105711136 0 0 0 0 0 0 0 0 0.0428667143092722 0.135468984874232 0.268150377837097 0.397910972519444 0.398722501562513 0.400197942957935 0.40260161120536 0.404229067245222 0.405113589711452 0.397731361151719 0.392346497613933 0.390346904117448 0.388425018743208 0.386550215893855 0.38634967557335
-9999 -9999 -9999 -9999 -9999 -9999 -9999 -9999 -9999 -9999 -9999 -9999 -9999 -9999 -9999 -9999 -9999 -9999 -9999 -9999 -9999 -9999 0.383502580568877 0.387623974683002 0.359723861881351 0.329363568462997 0.295740729273498 0.216816009227223 0.107773849956941 0.139398477883244 0.15464534490022 0.076943085504883 0.0283794632733382 0.00320304848283518 0 0 0 0 0 0 0 0 0.0362150525861998 0.114448156106012 0.253247704936544 0.394437197206101 0.402706834659645 0.405528348341283 0.400732749974625 0.399267263218495 0.39875780978814 0.393884062774865 0.392400963934603 0.396664566150275 0.395946479898083 0.392960840434593 0.387189567356653
-9999 -9999 -9999 -9999 -9999 -9999 -9999 -9999 -9999 -9999 -9999 -9999 -9999 -9999 -9999 -9999 -9999 -9999 -9999 -9999 -9999 -9999 0.482244631325487 0.39166582209384 0.347389421532791 0.310799094106513 0.289405302621201 0.218636128846641 0.115041384761656 0.153029104146244 0.175118505696783 0.105543386090397 0.0499719337436316 0.00564008293674301 0 0 0 0.00023790400196973 0.000705454732886851 0.000399809704080975 0.00437690591081577 0.0345864503085909 0.0774446942952977 0.134978429980013 0.26060417597786 0.391870665110244 0.400594603188754 0.403984649053866 0.399917291903929 0.399298295993379 0.399810885984593 0.398331950696045 0.397961086806201 0.399468257661353 0.397295578814304 0.393437344982282 0.386049623455037
-9999 -9999 -9999 -9999 -9999 -9999 -9999 -9999 -9999 -9999 -9999 -9999 -9999 -9999 -9999 -9999 -9999 -9999 -9999 -9999 -9999 0.540811531534315 0.479102998149811 0.383665379743003 0.331206377725879 0.292099192936771 0.282878114578005 0.227683140068986 0.141923959460586 0.172999570104734 0.190813898699415 0.132528565696248 0.0714257118682627 0.00806146387729592 0 0 0 0.000622372005897696 0.00184551446609409 0.00104592762394094 0.0114502643452231 0.0904803545851134 0.148172265387225 0.181106826788473 0.281673695935015 0.389863052560101 0.394726500047406 0.398206063921379 0.399750797203047 0.402405233909453 0.40542828894249 0.407890201161626 0.406913044412945 0.40010711975314 0.3948421098723 0.390258054053307 0.38368997480361
-9999 -9999 -9999 -9999 -9999 -9999 -9999 -9999 -9999 -9999 -9999 -9999 -9999 -9999 -9999 -9999 -9999 -9999 -9999 -9999 0.507213512979578 0.504986928117309 0.459388720271936 0.390084145107196 0.354624581907422 0.314374278446047 0.258813346237395 0.1993049017067 0.137172085732775 0.142447090327182 0.136542681470839 0.0753559537294594 0.0322440097843062 0.00363922057388496 0 0 0 0.000286489394147714 0.000849524587018536 0.000481459912183862 0.018677342516371 0.147588957131271 0.234537046864381 0.272797494307311 0.309461291703139 0.345116711872262 0.375669086628572 0.397464357954847 0.40701617798711 0.411112937184644 0.413049181448815 0.411523495786453 0.407149390355061 0.397947589433259 0.390302405056478 0.383327148369988 0.37184602399026
-9999 -9999 -9999 -9999 -9999 -9999 -9999 -9999 -9999 -9999 -9999 -9999 -9999 -9999 -9999 -9999 -9999 -9999 -9999 -9999 -9999 0.475078617846498 0.44282373817286 0.392938759074927 0.368913421057954 0.327125390268643 0.237846467445028 0.173997573996816 0.12705498443033 0.112594590305052 0.0891494838103819 0.0274650724077755 0 0 0 0 0 0 0 0 0.0238242896393072 0.188260297693673 0.2972446427558 0.341891906036378 0.324602404840614 0.299153777030054 0.35759959064541 0.398052176010479 0.413348131050863 0.418001077207274 0.418487881776809 0.413096748525212 0.404893190723073 0.391922944574157 0.38227264198906 0.37408427951126 0.360897989344893
-9999 -9999 -9999 -9999 -9999 -9999 -9999 -9999 -9999 -9999 -9999 -9999 -9999 -9999 -9999 -9999 -9999 -9999 -9999 -9999 -9999 -9999 0.43873566242554 0.382528118330643 0.348698058354713 0.303947543450768 0.229396482602985 0.165050392651419 0.10748873603765 0.0947526930485998 0.0756660479536517 0.023311110698941 0 0 0 0 0 0 0 0 0.0228586190931688 0.18062953819392 0.287694756538505 0.335929335001348 0.30144030800479 0.258062222692965 0.345019889145071 0.401534175385073 0.415485067709508 0.418464262724833 0.417150736146213 0.409814927848394 0.397067635224691 0.375148591035244 0.364449386929119 0.358821104956322 0.354440055849422
-9999 -9999 -9999 -9999 -9999 -9999 -9999 -9999 -9999 -9999 -9999 -9999 -9999 -9999 -9999 -9999 -9999 -9999 -9999 -9999 -9999 -9999 0.441724817195974 0.310197362435978 0.29868319543727 0.275142427585732 0.209902591721807 0.148819569007432 0.0905000643861109 0.0682193183212908 0.0460970237812014 0.0142015190870483 0.0017127829901361 0.0048002771881655 0.0024983907654331 0 0 0 0 0.0153769687850532 0.0527042915886918 0.20057930723114 0.295090746895681 0.327687780993573 0.306109534073359 0.280497164468838 0.356513151978637 0.404393070802926 0.412935486158375 0.411384870072696 0.405887937235402 0.394897841970397 0.381364004378802 0.363518859341455 0.355549882815815 0.352054103847719 0.350987629334244
