layers/veg100/veg5800.asc
NCOLS 255 
NROWS 330 
XLLCORNER -2985163.8955 
YLLCORNER -3022031.214 
CELLSIZE 25000 
NODATA_value -9999 
[rows 200 to 224 of 330, columns 114 to 170 of 255]
0.171771443199103 0.172468145761777 0.172054551057814 0.171025004202769 0.170441714680052 0.169608928860373 0.168085672259446 0.165637135533078 0.162564687559806 0.158986158997132 0.155821171369791 0.154168952980492 0.15290724100302 0.151963297978415 0.150553399088243 0.149187868195579 0.148318292878836 0.145929220735377 0.142053301092072 0.142446454375704 0.143642195987138 0.1441542860047 0.145617060986687 0.148198052952687 0.150193455916708 0.152246446387442 0.156430049510139 0.160685009859945 0.165041142784077 0.173786151184446 0.183794670915268 0.187171506017102 0.19175056151899 0.198397183944255 0.205004180551193 0.211589562929574 0.217253067086261 0.220732281921213 0.219607159817361 0.219786132456229 0.220699344886676 0.242256960705317 -9999 -9999 -9999 -9999 -9999 -9999 -9999 -9999 -9999 -9999 -9999 -9999 -9999 -9999 -9999
0.162017803457144 0.164987395605209 0.166136675690078 0.16627611348797 0.165753612290033 0.164966894158066 0.163567136552807 0.161254687342976 0.158326815255911 0.154747680909528 0.151511475971644 0.149600164564098 0.148023673692015 0.146719638195134 0.144987820474299 0.143270045063597 0.141891859805359 0.139159825603027 0.135103032518476 0.134333323220659 0.134445795741291 0.135635062936286 0.13795679148096 0.141610546472182 0.143366355434635 0.144512514905841 0.145028090983902 0.147195755459856 0.15170580406429 0.160725047233188 0.17108290188256 0.175401771402271 0.180380410781199 0.186493715931809 0.190104787581305 0.192613137736435 0.206926658398434 0.216840814618138 0.217481402539291 0.219929843521703 0.223396153537262 0.22350256720368 -9999 -9999 -9999 -9999 -9999 -9999 -9999 -9999 -9999 -9999 -9999 -9999 -9999 -9999 -9999
0.149849369424551 0.156196660463779 0.159600854569739 0.161372326573828 0.16132993152068 0.160714306775888 0.158808014287811 0.15641058410772 0.153681982511102 0.150391397464083 0.147250234923897 0.14477096422888 0.142772652791354 0.141165715003521 0.13950706020511 0.137669715896142 0.13509124990934 0.131990899941209 0.128379879678014 0.125469738678052 0.123491050675997 0.126252551842554 0.130082490933224 0.135169150680907 0.136519958812372 0.136280373577682 0.131105037156535 0.130401132712847 0.136036968508805 0.145403708201494 0.155883963623315 0.161481454977819 0.166517545525167 0.170588144437551 0.16880223059785 0.164452937802301 0.192423107636068 0.212602383277601 0.216358970972695 0.219781797518885 0.223016707720976 0.223334996476873 -9999 -9999 -9999 -9999 -9999 -9999 -9999 -9999 -9999 -9999 -9999 -9999 -9999 -9999 -9999
0.147486572491083 0.149256696696444 0.151971652521594 0.1552107662332 0.154673013898919 0.153788561625918 0.15240261300445 0.150775055381674 0.148984582151913 0.146759784809253 0.144262608661765 0.141002489413744 0.13898145055431 0.137968695466092 0.135410075942939 0.132727723883168 0.130515990218415 0.126833247456167 0.121711103070694 0.11825573736073 0.116302772472908 0.121297906295302 0.125626002588026 0.129169514373197 0.1292084274626 0.128060081401717 0.125165051796131 0.125514210416878 0.130463083569156 0.136638623663708 0.143453913920268 0.153901812851354 0.162084973516049 0.166373259389492 0.169337169244785 0.171773066680052 0.195316912378413 -9999 -9999 -9999 -9999 -9999 -9999 -9999 -9999 -9999 -9999 -9999 -9999 -9999 -9999 -9999 -9999 -9999 -9999 -9999 -9999
0.144401044288358 0.14330182734714 0.145979148487527 0.150751554273173 0.149183917039374 0.14743051128076 0.145857974250021 0.144352841492759 0.142893159062544 0.142102421405065 0.140733697373439 0.137262319435711 0.135345629843967 0.134694045440707 0.13149967418949 0.128210670428186 0.126167963374401 0.122226328013723 0.116426566491905 0.112429025382903 0.110219967881288 0.1165187353351 0.12092131651562 0.123093560860079 0.12265745888184 0.12141412976848 0.119593917779757 0.120181397678211 0.124182580663003 0.128195104935867 0.132663608025878 0.145780702177582 0.155907875958414 0.160893013834624 0.168003527521274 0.176052760804434 0.174629647928064 -9999 -9999 -9999 -9999 -9999 -9999 -9999 -9999 -9999 -9999 -9999 -9999 -9999 -9999 -9999 -9999 -9999 -9999 -9999 -9999
0.139118787954941 0.139582374183084 0.143908565309031 0.150377587789309 0.146565658077195 0.142547181850984 0.139066420613032 0.136111212860526 0.133510382902814 0.134985147184393 0.13586225899157 0.133536137725335 0.132004169254966 0.131118431152952 0.127961150143906 0.12466488734547 0.122245902200021 0.118820456831015 0.11441017698208 0.109798119383029 0.10656149893018 0.111933398685068 0.115459725058296 0.116815246614115 0.117926839199946 0.118487639553713 0.114496269994954 0.113201190335831 0.115728997318091 0.120184489485144 0.125609824534035 0.13606395741095 0.145138341496714 0.15183984706284 0.161165620371831 0.171659432975877 0.172854134284128 -9999 0.194530364633327 0.194530364633327 -9999 -9999 -9999 -9999 -9999 -9999 -9999 -9999 -9999 -9999 -9999 -9999 -9999 -9999 -9999 -9999 -9999
0.135024577210087 0.133521816266713 0.137136800495183 0.143590921810632 0.141377294667117 0.138571173304999 0.135138546547819 0.132033174951998 0.12914846969296 0.129144030185242 0.129298012700893 0.12909667556698 0.128307669519481 0.127040456380759 0.12364305967473 0.120135697748524 0.117539336198608 0.11421945159366 0.110191590225259 0.107513640991346 0.10587942581264 0.108822376962574 0.110547196881341 0.110839223516933 0.11260256684502 0.114350869517772 0.111972921454071 0.110990900221477 0.111988068999463 0.1149732591617 0.118908579692587 0.127071701985308 0.135610904785891 0.144796887177425 0.156766045063551 0.169972091556698 0.172814004532418 0.178527069824869 0.19029233366872 0.194530364633327 -9999 -9999 -9999 -9999 -9999 -9999 -9999 -9999 -9999 -9999 -9999 -9999 -9999 -9999 -9999 -9999 -9999
0.131672886725919 0.125998084102048 0.127426829734507 0.132796363082355 0.134582633785782 0.135162234024406 0.133000452372055 0.130557352395573 0.127924561036385 0.124100502606837 0.121675773196959 0.124211418071079 0.124389272777567 0.122648509786729 0.118837745592554 0.114991885894369 0.112342460116262 0.108871495853433 0.104596645448454 0.105445677454327 0.107057579467141 0.106632791854018 0.105977829450067 0.105052130293114 0.106907265682965 0.109457682979825 0.111058492102892 0.111761775323092 0.111192517417494 0.111511625145402 0.112427669064837 0.118532247377679 0.126859770562666 0.139010292666932 0.153890410260392 0.169972091556698 0.172814004532418 0.178527069824869 0.19029233366872 -9999 -9999 -9999 -9999 -9999 -9999 -9999 -9999 -9999 -9999 -9999 -9999 -9999 -9999 -9999 -9999 -9999 -9999
0.132861311806293 0.127050057820207 0.126546399754926 0.12898720100043 0.12852185477011 0.128723328872698 0.130948670655599 0.129846755144214 0.126501288528498 0.122496326495432 0.119462456484834 0.119820088520806 0.119731713718346 0.119280407292416 0.116717511053379 0.11374472820372 0.110370342930991 0.106696789963857 0.102730497498594 0.10311836451437 0.104208584477364 0.103896243809484 0.103403784249951 0.102699464809042 0.104213599390012 0.106273528740905 0.107491880294664 0.108101106132659 0.107846693916741 0.110539840783019 0.114498786884153 0.121990373222029 0.130176614022331 0.139557514794818 -9999 -9999 -9999 -9999 -9999 -9999 -9999 -9999 -9999 -9999 -9999 -9999 -9999 -9999 -9999 -9999 -9999 -9999 -9999 -9999 -9999 -9999 -9999
0.13124710423656 0.127860942663877 0.12614413766905 0.125353430401336 0.12314568806458 0.122773780335832 0.127288048259679 0.127686921419131 0.125310806757751 0.121318936633285 0.117754072253078 0.116083672310421 0.115319696366699 0.115293309861389 0.114084255949889 0.112237654086539 0.10839709211133 0.104704222912737 0.101155873025929 0.100942351397308 0.101382861380536 0.10145366039267 0.101190162999142 0.10053345867325 0.101542085229014 0.102998321884207 0.104181467803911 0.104831294477174 0.104724963949729 0.109291273666107 0.115696946422786 0.124501217638146 0.12972946938348 0.128807717707435 -9999 -9999 -9999 -9999 -9999 -9999 -9999 -9999 -9999 -9999 -9999 -9999 -9999 -9999 -9999 -9999 -9999 -9999 -9999 -9999 -9999 -9999 -9999
0.120325094897068 0.126132867195339 0.125290281852254 0.120758322304856 0.119651801558397 0.118924551888117 0.118819473820708 0.121050106835296 0.124855696853185 0.12068170148208 0.116400211069167 0.114192079591908 0.111795648376799 0.10924599096947 0.109353475196647 0.109129259377341 0.105735624110738 0.102579991563468 0.0996572477869891 0.099271845605519 0.0994816660481165 0.100002387079281 0.0996258002298145 0.0981937797198223 0.0982990619724027 0.0990890982340514 0.102197021287462 0.103666218144292 0.10281197623193 0.106689936992058 0.112480058290932 0.121644017481151 0.12767456845853 0.128316314539552 -9999 -9999 -9999 -9999 -9999 -9999 -9999 -9999 -9999 -9999 -9999 -9999 -9999 -9999 -9999 -9999 -9999 -9999 -9999 -9999 -9999 -9999 -9999
0.108185215432712 0.118118018218819 0.120973161590799 0.119901879426351 0.118408939073852 0.116843936813817 0.11513685046113 0.116261463877074 0.119295476711559 0.117573004330816 0.115411138141158 0.113251890922833 0.10985231374449 0.105443435974224 0.10482512043385 0.104481856219636 0.102861680079325 0.100934759337127 0.0987076849938233 0.098500077967765 0.0985714055552993 0.0977081356171158 0.0965032198341551 0.0948964525436574 0.0941719674832097 0.0942333301729327 0.0993429331756571 0.102450331530057 0.102718939662224 0.106230249475887 0.111097973652687 0.119160458207819 0.124045127113785 0.123464619647334 -9999 -9999 -9999 -9999 -9999 -9999 -9999 -9999 -9999 -9999 -9999 -9999 -9999 -9999 -9999 -9999 -9999 -9999 -9999 -9999 -9999 -9999 -9999
0.09512459963198 0.10535023156102 0.114037737988472 0.121871948870844 0.118867899770994 0.116100431965523 0.11507251034289 0.112870078916089 0.109875682054962 0.112595828085623 0.114697853078729 0.113030984434191 0.109104032834263 0.103337971369865 0.10044980412813 0.0986709291593398 0.0998270995414474 0.0996516608790506 0.0981732253667862 0.0984077759465936 0.0984103133811525 0.0947765743166484 0.0922025929791437 0.0908751224560654 0.0893764958894596 0.0886619539239005 0.0958313770792754 0.101196031236607 0.104001825794184 0.107389695362509 0.111103040412763 0.116959379579444 0.121235143106217 0.122792648056756 -9999 -9999 -9999 -9999 -9999 -9999 -9999 -9999 -9999 -9999 -9999 -9999 -9999 -9999 -9999 -9999 -9999 -9999 -9999 -9999 -9999 -9999 -9999
0.0901263113531963 0.0937381071531466 0.100914927397678 0.110069492288872 0.112801682684946 0.114514106091861 0.11426329153826 0.112234965219452 0.109008072594803 0.109015712763501 0.109292815077382 0.109471736815954 0.101314299695806 0.101281563388134 0.0993435265235786 0.0974622130839589 0.0970681666269678 0.0963969841399423 0.0954546204262571 0.0945778939467709 0.0932595871243032 0.0891764234469083 0.0864920064526495 0.0854528266883274 0.0868207870777172 0.0891730011828947 0.0943222747238472 0.0985707860652855 0.101542167755328 0.104525944814557 0.107746447995176 0.115411263378681 -9999 -9999 -9999 -9999 -9999 -9999 -9999 -9999 -9999 -9999 -9999 -9999 -9999 -9999 -9999 -9999 -9999 -9999 -9999 -9999 -9999 -9999 -9999 -9999 -9999
0.0863296620267735 0.0842574926959504 0.0888707831319425 0.0971929211424284 0.105710916183373 0.112051038013668 0.112749323927514 0.111511455269179 0.108968048341822 0.106169781328573 0.104808427591588 0.108246187651661 0.106671527092462 0.101018081644512 0.0984636004234845 0.0964008791217042 0.0944514938740608 0.0931602901869469 0.0925131257571136 0.0906763957780738 0.0882787022949518 0.0840246529064042 0.0812647834845203 0.0802624020617279 0.0844215296010233 0.0898053210843869 0.0928033509390496 0.0956990224495508 0.0984495670037179 0.101179930518117 0.103721930636477 0.102800033964429 -9999 -9999 -9999 -9999 -9999 -9999 -9999 -9999 -9999 -9999 -9999 -9999 -9999 -9999 -9999 -9999 -9999 -9999 -9999 -9999 -9999 -9999 -9999 -9999 -9999
0.0832273391995995 0.0824501860464099 0.0840283411534026 0.0869131347912746 0.0978571399950776 0.106611820233547 0.108876073831712 0.109095592050997 0.107936356566674 0.105477330541697 0.104372186532309 0.108111082508314 0.106580409832806 0.100761701771084 0.0968567473627928 0.0936540622199233 0.0922496705163611 0.0909592370359204 0.0897803131658692 0.0883295707639697 0.0863994146131597 0.0819138318696301 0.0785969796419326 0.0766548144677184 0.0815295102358126 0.0879258849232399 0.090265205276277 0.092546111229202 0.0947441953646797 0.0979411404807879 0.101353838382828 0.101882690091652 -9999 -9999 -9999 -9999 -9999 -9999 -9999 -9999 -9999 -9999 -9999 -9999 -9999 -9999 -9999 -9999 -9999 -9999 -9999 -9999 -9999 -9999 -9999 -9999 -9999
0.0824441306328045 0.0815147637820946 0.0813005305388606 0.0814830271598451 0.0895309744643736 0.0974182924478544 0.104071750441908 0.106256682494783 0.105428512336635 0.10418496264103 0.103677249775677 0.105713769137224 0.10414979189793 0.0996559625486475 0.095107363679919 0.0912218001916163 0.0902469064145059 0.0889539468113545 0.0873497556413313 0.0858109732618454 0.0840971305232396 0.0812359467171705 0.078924530883746 0.0772597644739284 0.0810552581101752 0.0860445277877675 0.0875467818917055 0.08945805128192 0.0919492357154828 0.0959006700055175 0.100164989017936 -9999 -9999 -9999 -9999 -9999 -9999 -9999 -9999 -9999 -9999 -9999 -9999 -9999 -9999 -9999 -9999 -9999 -9999 -9999 -9999 -9999 -9999 -9999 -9999 -9999 -9999
0.0837713956531351 0.081372786238241 0.0804971070562812 0.0804662936423543 0.0807749184159729 0.0848082136797434 0.0984201183928272 0.103032786248695 0.101577318699521 0.102346649572954 0.102746891053988 0.10125776862217 0.099590148038601 0.0977772771619433 0.0932282722380912 0.0890757938961596 0.0884252930687432 0.0871268075699861 0.0851942606032598 0.0831360568990444 0.0814099051813706 0.081862082409029 0.0819779580764311 0.0816982683036499 0.0827812571692737 0.0841614224997161 0.0846642995917525 0.0864290082193328 0.0899827822295175 0.0949507114674408 -9999 -9999 -9999 -9999 -9999 -9999 -9999 -9999 -9999 -9999 -9999 -9999 -9999 -9999 -9999 -9999 -9999 -9999 -9999 -9999 -9999 -9999 -9999 -9999 -9999 -9999 -9999
0.0839049851806222 0.0824674462345338 0.0807554075230343 0.0788910864218933 0.0783845813316259 0.0802871074794854 0.0882662974330493 0.094622319897885 0.0998838495448362 0.100509924446551 0.100518440278628 0.0999073294749547 0.0986659571085591 0.0969117184978366 0.0941486766889307 0.0914012025573829 0.0893784694935769 0.0875457928784068 0.0858990889816493 0.0840202933625609 0.0820547860268854 0.0798650506586305 0.0787825989567901 0.0790025591455726 0.0801960104300613 0.081627385472162 0.0826745178291628 0.0851036897612283 0.0894923619050808 -9999 -9999 -9999 -9999 -9999 -9999 -9999 -9999 -9999 -9999 -9999 -9999 -9999 -9999 -9999 -9999 -9999 -9999 -9999 -9999 -9999 -9999 -9999 -9999 -9999 -9999 -9999 -9999
0.0844970012097383 0.0837015743309589 0.0811217998218034 0.0775521347723107 0.0774854255011127 0.0778465470950883 0.0789471067815259 0.0860061350421427 0.097082925551768 0.0981039801583342 0.0981289855128529 0.0979389683377827 -9999 0.0960676838505997 0.0953650576366547 0.0941146876558423 0.0909470092582392 0.0886547510182432 0.0872191028413737 0.0856648610645326 0.0835709677470292 0.07835679851286 0.0758081417347494 0.0763947205088942 0.0780772534733823 0.0800124986447223 0.0813718627888438 0.0821690025801408 -9999 -9999 -9999 -9999 -9999 -9999 -9999 -9999 -9999 -9999 -9999 -9999 -9999 -9999 -9999 -9999 -9999 -9999 -9999 -9999 -9999 -9999 -9999 -9999 -9999 -9999 -9999 -9999 -9999
0.0886860005533766 0.0844443228754146 0.0810049748100041 0.0780107297504072 0.0781283817847787 0.0783433000770817 0.0784851487578835 0.0814476243324203 0.0863120329474862 0.0926992638575196 0.097724999071785 0.0978138525448743 -9999 -9999 0.0953650576366547 0.0944395506894389 0.0930053736827495 0.0911703943727521 0.0889432247717792 0.0877851227044361 0.0863721953939239 0.0820222505267904 0.0801905672680414 0.0813209198109037 0.082688040778307 0.083882553069064 0.082802407071866 -9999 -9999 -9999 -9999 -9999 -9999 -9999 -9999 -9999 -9999 -9999 -9999 -9999 -9999 -9999 -9999 -9999 -9999 -9999 -9999 -9999 -9999 -9999 -9999 -9999 -9999 -9999 -9999 -9999 -9999
0.0914341773937804 0.0870894398688263 0.0834290617880931 0.0801483411958965 0.0792609016390488 0.0787573443939956 0.0789953686552719 0.0797736243544328 0.0809161551101519 0.0875271084396757 0.0932653913790617 0.0944731915734653 -9999 -9999 -9999 -9999 0.093819140637764 0.092484484501532 0.0898438498963614 0.0888926783070353 0.087835465452715 0.0839369632385066 0.0828432783175449 0.0850486824236781 0.0858119745318915 0.086129151245064 -9999 -9999 -9999 -9999 -9999 -9999 -9999 -9999 -9999 -9999 -9999 -9999 -9999 -9999 -9999 -9999 -9999 -9999 -9999 -9999 -9999 -9999 -9999 -9999 -9999 -9999 -9999 -9999 -9999 -9999 -9999
0.0926065849812861 0.0918151002343873 0.0886320413632912 0.0841222249917192 0.08092883735486 0.079080933591637 0.0805688201949118 0.0812542970099717 0.081398713363742 0.082609295446377 0.085194741224665 0.0919736874052454 0.095015073194909 -9999 -9999 -9999 -9999 0.092484484501532 0.0898438498963614 0.0888926783070353 0.087835465452715 0.0839369632385066 0.0836042706482417 0.0874657633374907 0.0873097967384224 -9999 -9999 -9999 -9999 -9999 -9999 -9999 -9999 -9999 -9999 -9999 -9999 -9999 -9999 -9999 -9999 -9999 -9999 -9999 -9999 -9999 -9999 -9999 -9999 -9999 -9999 -9999 -9999 -9999 -9999 -9999 -9999
0.0893970872802507 0.0921276125272725 0.090123658147465 0.085493188330736 0.0832276160175992 0.0819228883964114 0.0828519299741621 0.0829008138943042 0.0823562123968611 0.0820925051278811 0.0829103589262339 0.0871967382224623 0.0911487991736088 0.0948288133997239 -9999 -9999 -9999 -9999 -9999 -9999 -9999 -9999 -9999 0.0888939831006453 0.0888939831006453 -9999 -9999 -9999 -9999 -9999 -9999 -9999 -9999 -9999 -9999 -9999 -9999 -9999 -9999 -9999 -9999 -9999 -9999 -9999 -9999 -9999 -9999 -9999 -9999 -9999 -9999 -9999 -9999 -9999 -9999 -9999 -9999
0.0857108534066154 0.091104363472097 0.090465092905036 0.0864790571794258 0.0856960509234501 0.0851949392470573 0.0850878207367578 0.0844331912319133 0.0834093781059059 0.0827656341633706 0.0823640427188576 0.0826425713877109 0.0867966354816918 0.0941043605567676 0.0942303266519997 -9999 -9999 -9999 -9999 -9999 -9999 -9999 -9999 -9999 -9999 -9999 -9999 -9999 -9999 -9999 -9999 -9999 -9999 -9999 -9999 -9999 -9999 -9999 -9999 -9999 -9999 -9999 -9999 -9999 -9999 -9999 -9999 -9999 -9999 -9999 -9999 -9999 -9999 -9999 -9999 -9999 -9999
