layers/veg100/veg500.asc
NCOLS 255 
NROWS 330 
XLLCORNER -2985163.8955 
YLLCORNER -3022031.214 
CELLSIZE 25000 
NODATA_value -9999 
[rows 250 to 274 of 330, columns 57 to 113 of 255]
-9999 -9999 -9999 -9999 -9999 -9999 -9999 -9999 -9999 -9999 -9999 -9999 -9999 -9999 -9999 0.5967170174163 0.596950737790237 0.601372905141405 0.607098707307431 0.56056369436207 0.510138758936685 0.451764358580499 0.407260670004647 0.370338532817217 0.38102801712915 0.394536247397942 0.410765466556704 0.423255366289173 0.43325930465689 0.431101531426625 0.42791810555414 0.42489808803262 0.414337276441886 0.397724084495284 0.383594984376315 0.370996067223326 0.363350974740889 0.356186731334869 0.349486647491539 0.34467539400025 0.34100634995989 0.341744306042209 0.338200821550569 0.329689850468163 0.320551397425589 0.311072508515334 0.300096658533003 0.289953862251259 0.280975772140899 0.272180244272485 0.26366207299408 0.258920074018863 0.254367035695547 0.250134260732624 -9999 -9999 -9999
-9999 -9999 -9999 -9999 -9999 -9999 -9999 -9999 -9999 -9999 -9999 -9999 -9999 -9999 -9999 0.610520779628078 0.607138356647541 0.613300924303872 0.623335979127254 0.598996044575006 0.558563037268828 0.485242146426888 0.432953632385175 0.392161143064968 0.40289244386447 0.413823757834184 0.420465250262633 0.429964308683422 0.441363124210876 0.449813736114407 0.456042235274223 0.455947113090173 0.44806439770369 0.433931216426575 0.410990094250287 0.389179186627052 0.377606678312431 0.365287900164393 0.352248754032894 0.345447329065524 0.341411450923214 0.345988880352763 0.345580599363642 0.339387711716466 0.338715099086877 -9999 -9999 -9999 -9999 -9999 -9999 -9999 -9999 -9999 -9999 -9999 -9999
-9999 -9999 -9999 -9999 -9999 -9999 -9999 -9999 -9999 -9999 -9999 -9999 -9999 -9999 -9999 0.612503420518875 0.614415438449381 0.618287412723165 0.622690895542435 0.595261458086963 0.55935438675245 0.506122380650299 0.459769099956187 0.417175641468304 0.426736855562605 0.436503784163383 0.441936619077128 0.449752214603561 0.459151908771835 0.471118422393625 0.480261535633134 0.47956846774319 0.471292824945721 0.456931267721207 0.434006395143197 0.411366220384034 0.395227374147858 0.380278635406263 0.366478697403467 0.358866328443941 0.3539961465053 0.35766338353613 0.356291457940299 0.349072908446688 0.343783099880126 0.339504291473181 -9999 -9999 -9999 -9999 -9999 -9999 -9999 -9999 -9999 -9999 -9999
-9999 -9999 -9999 -9999 -9999 -9999 -9999 -9999 -9999 -9999 -9999 -9999 -9999 -9999 -9999 0.649326950227192 0.641878338643911 0.643863769139177 0.649598812410936 0.614042375582078 0.57475308195563 0.527835303608334 0.488366945143338 0.452970343091857 0.449308295648272 0.45112562797592 0.463895180169432 0.472705774608829 0.478884388492565 0.487732360744447 0.494176475439339 0.492107912360707 0.485797701237146 0.476083065185917 0.454131352521277 0.431564726111789 0.413955325236116 0.398977622821876 0.386540276762467 0.378576870892002 0.372545749853738 0.372389808742217 0.368297436801471 0.359637871407525 0.352508652106722 0.346724651339173 0.349279770421204 -9999 -9999 -9999 -9999 -9999 -9999 -9999 -9999 -9999 -9999
-9999 -9999 -9999 -9999 -9999 -9999 -9999 -9999 -9999 -9999 -9999 -9999 -9999 -9999 -9999 0.658020885304937 0.673788543378563 0.688434699295975 0.701924934921836 0.653594305343382 0.603627351915845 0.550316398930343 0.518609070083477 0.498710002353784 0.470705393423107 0.458313633841859 0.486303186088106 0.498579715160849 0.500409966694925 0.500018988330598 0.498585432186245 0.494424068640893 0.492254923612617 0.491684769898341 0.471588986456044 0.449928774120203 0.433704741908958 0.42109754860265 0.411981659422258 0.404091490316114 0.396598102439957 0.389931694344695 0.381498190575787 0.371014436683865 0.364608370229985 0.359331624908934 0.353922798905269 -9999 -9999 -9999 -9999 -9999 -9999 -9999 -9999 -9999 -9999
-9999 -9999 -9999 -9999 -9999 -9999 -9999 -9999 -9999 -9999 -9999 -9999 -9999 -9999 -9999 0.693882053196047 0.693864317035319 0.700884596997735 0.710539176026762 0.674073500883093 0.635042513924004 0.590769042977645 0.565120090358359 0.549651058208729 0.538020188291344 0.534741956062555 0.552305971091053 0.552483575181519 0.54110240588672 0.538793067393999 0.533491540995706 0.515953311275572 0.505025355657626 0.499402927913239 0.48095709056997 0.462033523856442 0.449011459000603 0.439183074194237 0.432437521835386 0.422841086686797 0.412930646996503 0.404690274716169 0.394922729054557 0.383383300036809 0.375057794430309 0.367644700101253 0.360330629888601 -9999 -9999 -9999 -9999 -9999 -9999 -9999 -9999 -9999 -9999
-9999 -9999 -9999 -9999 -9999 -9999 -9999 -9999 -9999 -9999 -9999 -9999 -9999 -9999 -9999 0.731679358618113 0.714615418031537 0.721185145360353 -9999 0.673179365412322 0.663036503074555 0.632165636807128 0.610526392625504 0.593933033496531 0.604551325492461 0.614760454971434 0.621397374727392 0.609618104348535 0.58559544635236 0.581339927995693 0.572164341065135 0.541483794936498 0.520617606437778 0.507628602328338 0.491520195593199 0.475903651562675 0.464301544438208 0.456060191161062 0.451062945261029 0.440371434960227 0.42885055100673 0.419472071240916 0.408577448943232 0.395923741691159 0.385342468559184 0.375139765457308 0.36309099118749 0.355641731548817 0.354623129468596 0.34212279994659 0.326543471210826 0.329889833831604 -9999 -9999 -9999 -9999 -9999
-9999 -9999 -9999 -9999 -9999 -9999 -9999 -9999 -9999 -9999 -9999 -9999 -9999 -9999 -9999 0.741010856745635 0.748865733115267 0.7458415549843 -9999 -9999 0.669899953083083 0.659918717404203 0.632998304074486 0.596819155658117 0.618961566847891 0.641961592340143 0.661707885439289 0.654971712747731 0.630629559049005 0.616642917730239 0.599378643050519 0.568590966509574 0.544868811424825 0.526817574133736 0.516975101134605 0.505837912725838 0.484135092725385 0.470617163399043 0.465000040089157 0.458370859976909 0.450592446391299 0.437281994943524 0.423242186724963 0.408356151654442 0.396458285195916 0.384702869887767 0.366612991612176 0.355641731548817 0.354623129468595 0.345714672660099 0.334503634832308 0.332963236555555 -9999 -9999 -9999 -9999 -9999
-9999 -9999 -9999 -9999 -9999 -9999 -9999 -9999 -9999 -9999 -9999 -9999 -9999 -9999 -9999 0.77213395950711 0.772473814766397 0.772342968296705 -9999 -9999 0.746192739806658 0.708081327373983 0.668942092651875 0.629241063579996 0.636957543669673 0.653473992401507 0.687910299039515 0.688034480010707 0.665347392666483 0.639337496868584 0.614070955305822 0.592149473470248 0.571084623425618 0.550707321850835 0.537629633679145 0.524245935897772 0.505051758825583 0.489837352115155 0.478464584208502 0.470722366843069 0.462406591652647 0.446218756422374 0.429272561220502 0.411446488574388 0.398335293794162 0.385982510252386 0.368493426645991 0.357319398920688 0.354974555379044 0.347603163310841 0.338906844838381 -9999 -9999 -9999 -9999 -9999 -9999
-9999 -9999 -9999 -9999 -9999 -9999 -9999 -9999 -9999 -9999 -9999 -9999 -9999 -9999 -9999 0.771786948694089 0.771200146860019 0.771426069355841 -9999 0.758714539695712 0.754327010265991 0.740973103867698 0.719821763531324 0.694408446806456 0.658928922165719 0.647592741106272 0.698471471559713 0.70747074557283 0.688627864685944 0.648053494188974 0.614880498069281 0.611773678145121 0.599478538659351 0.579808684480713 0.552962130890092 0.529875150861938 0.527169246460921 0.514227514681426 0.491405224962277 0.476812189465541 0.463214126183259 0.445318098411872 0.425730265733482 0.404179538079778 0.389969501915617 0.377801741652436 0.365480527362834 0.357319398920688 0.354974555379044 0.347603163310841 -9999 -9999 -9999 -9999 -9999 -9999 -9999
-9999 -9999 -9999 -9999 -9999 -9999 -9999 -9999 -9999 -9999 -9999 -9999 -9999 -9999 -9999 0.790149769965958 0.789470872193201 0.789732252220195 0.752900294817792 0.753100654782544 0.753470561294284 0.754186953972866 0.72943687011498 0.690767140055736 0.679961413645154 0.68314375038516 0.719234381742758 0.722651327160373 0.70434626607603 0.66430164017939 0.630269504723337 0.621827564729532 0.610506753135683 0.59687530611548 0.579514276430783 0.56406903839769 0.559054346591032 0.54727942255982 0.528978903311884 0.500786977826652 0.471397845263158 0.447167291213377 0.425400038445566 0.406490799441073 0.392744198626414 0.380288069638676 0.366396218317286 0.358297184397846 -9999 -9999 -9999 -9999 -9999 -9999 -9999 -9999 -9999
-9999 -9999 -9999 -9999 -9999 -9999 -9999 -9999 -9999 -9999 -9999 -9999 -9999 -9999 -9999 -9999 0.810112081278155 0.810112081278155 0.762155902842483 0.754326467548424 0.751411697613455 0.758540562254585 0.725929927323773 0.671598196682356 0.699192459176554 0.725115966685152 0.739170699579414 0.733806318756114 0.715531790139574 0.680830833887133 0.64869293992947 0.629506814279823 0.618166621927456 0.613123720301509 0.607162073213031 0.599980611186857 0.588193884819548 0.577211800192592 0.567006429459126 0.526608959681809 0.482113637708572 0.450746294871435 0.426468517091076 0.410416316367213 0.397501350956828 0.386657466546202 -9999 -9999 -9999 -9999 -9999 -9999 -9999 -9999 -9999 -9999 -9999
-9999 -9999 -9999 -9999 -9999 -9999 -9999 -9999 -9999 -9999 -9999 -9999 -9999 -9999 -9999 -9999 -9999 -9999 0.762268736884581 0.765154287399859 0.758671052717051 0.733041721997922 0.703852453925555 0.672717370208646 0.70587682441615 0.731246498139778 0.730858544009317 0.721488017017117 0.706145727106421 0.683694267240172 0.660755411604042 0.638273700329557 0.635387491024609 0.648228992899043 0.619915421830551 0.589325245209911 0.574522432710871 0.563655569082419 0.556588043741476 0.529499979714231 0.497653210557468 0.462463277259986 0.43202611638975 0.407103298856407 0.394685592045933 -9999 -9999 -9999 -9999 -9999 -9999 -9999 -9999 -9999 -9999 -9999 -9999
-9999 -9999 -9999 -9999 -9999 -9999 -9999 -9999 -9999 -9999 -9999 -9999 -9999 -9999 -9999 -9999 -9999 -9999 0.767877334962096 0.770662546674318 0.759846614077339 0.721235315310474 0.696353776265088 0.678976746038539 0.710454544506108 0.731600648011544 0.721975171039861 0.708331229793693 0.69201574707349 0.67668125872953 0.66035739144939 0.640563454508377 0.641680649162619 0.659581503591206 0.626665235763962 0.589606720896436 0.566396546185987 0.551831077651771 0.545610271164627 0.528342201587698 0.506044598533228 0.467715554741432 0.435525217038012 0.410457234451264 0.407796189635693 -9999 -9999 -9999 -9999 -9999 -9999 -9999 -9999 -9999 -9999 -9999 -9999
-9999 -9999 -9999 -9999 -9999 -9999 -9999 -9999 -9999 -9999 -9999 -9999 -9999 -9999 -9999 -9999 -9999 -9999 0.76780626248496 0.763842264740659 0.752901921247454 0.727704682877594 0.708313931722905 0.692096931267186 0.712220450976913 0.724244857551452 0.712329374050732 0.694055286406271 0.671553893620682 0.656485814749944 0.6433279131525 0.634207952218248 0.633388205873465 0.639230364796177 0.625401920105643 0.604485985083388 0.565672521734124 0.542318000279895 0.533885865207524 0.521780349687038 0.504895051918289 0.464339162461042 0.436276766898601 0.422709787615378 0.415709538802441 -9999 -9999 -9999 -9999 -9999 -9999 -9999 -9999 -9999 -9999 -9999 -9999
-9999 -9999 -9999 -9999 -9999 -9999 -9999 -9999 -9999 -9999 -9999 -9999 -9999 -9999 -9999 -9999 -9999 -9999 0.736590174788998 0.73804387591727 0.733053621777337 0.714894468595508 0.701001383326015 0.689440075517989 0.697627955337392 0.700499469197748 0.688038763414559 0.6744575000393 0.660131271454258 0.643687909597223 0.628140709388436 0.616087222849939 0.61206014656348 0.614475215134935 0.603509568963705 0.588414504545477 0.56407864157214 0.548594967082814 0.541656235564383 0.518261652250012 0.491450997218622 0.464815939075967 0.439542002730028 0.415847290515965 0.409901408408251 -9999 -9999 -9999 -9999 -9999 -9999 -9999 -9999 -9999 -9999 -9999 -9999
-9999 -9999 -9999 -9999 -9999 -9999 -9999 -9999 -9999 -9999 -9999 -9999 -9999 -9999 -9999 -9999 0.786082794198321 0.786082794198321 0.721835596843921 0.717977185221942 0.710912933102502 0.697297209394833 0.687378810982075 0.67948132268316 0.676275851522893 0.670664811702935 0.658511375046755 0.652508117696351 0.650593601209581 0.632497494256218 0.613092287072085 0.594083669921561 0.586981603137119 0.589435953207505 0.576358236478146 0.563630345716959 0.561988141194696 0.558800570322862 0.554121270332281 0.516246916827732 0.476479389518916 0.46656319733067 0.443204463224764 0.404249192026194 0.402104852962522 -9999 -9999 -9999 -9999 -9999 -9999 -9999 -9999 -9999 -9999 -9999 -9999
-9999 -9999 -9999 -9999 -9999 -9999 -9999 -9999 -9999 -9999 -9999 -9999 -9999 -9999 -9999 -9999 -9999 -9999 0.721887914680929 0.72299772781363 0.719197323490319 0.705362374347766 0.677247384948795 0.641327110518506 0.6374827717595 0.633287020682315 0.625212712219459 0.622667924245977 0.623799252895626 0.608127602230282 0.590959955326709 0.573763596514455 0.571786114456635 0.582023583485061 0.574676030477743 0.565105133249399 0.556976250503127 0.548105281228488 0.538517982079512 0.52105932300751 0.500041099010026 0.467742219105836 0.440222727662358 0.41824846046771 0.411597000767474 -9999 -9999 -9999 -9999 -9999 -9999 -9999 -9999 -9999 -9999 -9999 -9999
-9999 -9999 -9999 -9999 -9999 -9999 -9999 -9999 -9999 -9999 -9999 -9999 -9999 -9999 -9999 -9999 -9999 -9999 0.693128875990967 0.704766969686883 0.708225280951385 0.694967348148296 0.659589270298356 0.612120607693435 0.605417382855893 0.600177927001432 0.594857886272121 0.594228356257716 0.59671715529972 0.583732278975119 0.569163703953102 0.553904297482413 0.55508976358872 0.569474187633168 0.565868371156709 0.558887683353176 0.548715887448852 0.538024586789822 0.526831812567492 0.523115012132754 0.514592908299254 0.468470387833429 0.438381195439434 0.426894466591608 0.424378176763869 -9999 -9999 -9999 -9999 -9999 -9999 -9999 -9999 -9999 -9999 -9999 -9999
-9999 -9999 -9999 -9999 -9999 -9999 -9999 -9999 -9999 -9999 -9999 -9999 -9999 -9999 -9999 -9999 0.725456772762339 0.725456772762339 0.692861633609208 0.679121762685798 0.666152345698642 0.654757432208278 0.629774868132833 0.597365470251731 0.584217827330553 0.573963168242075 0.569257624958786 0.56805092593509 0.569170316410321 0.559295881968924 0.547910252984187 0.534789191025325 0.535969383615983 0.548628026792257 0.545552455861936 0.540246569536015 0.535208945715099 0.528936518686592 0.521472146524041 0.52071835218164 0.514592908299254 0.468470387833429 0.438381195439434 0.426894466591608 -9999 -9999 -9999 -9999 -9999 -9999 -9999 -9999 -9999 -9999 -9999 -9999 -9999
-9999 -9999 -9999 -9999 -9999 -9999 -9999 -9999 -9999 -9999 -9999 -9999 -9999 -9999 -9999 -9999 0.725456772762339 0.725456772762339 0.665183341535884 0.664380116010038 0.658605933657469 0.642673079205524 0.615888264067405 0.583171907786316 0.568392326618922 0.556290122526224 0.549313179191513 0.546949769034321 0.547653511994261 0.541600065340769 0.533167127085297 0.518990061291227 0.520445009887868 0.534446501454995 0.530343714662984 0.523143062561175 0.513996585623034 0.507653688093911 0.504017062150361 0.501870070610899 -9999 -9999 -9999 -9999 -9999 -9999 -9999 -9999 -9999 -9999 -9999 -9999 -9999 -9999 -9999 -9999 -9999
-9999 -9999 -9999 -9999 -9999 -9999 -9999 -9999 -9999 -9999 -9999 -9999 -9999 -9999 -9999 -9999 -9999 -9999 0.652355117972105 0.664594797105253 0.665183822314913 0.641963513209743 0.608388828356601 0.569154575842367 0.554917145446563 0.542392716295512 0.531888515911025 0.528066781132996 0.528687659949871 0.52667334013563 0.521072589088009 0.50465981990739 0.506423367070145 0.522775560862013 0.516997798287381 0.506510658606466 0.489731976761122 0.481594699365031 0.481798896886771 0.481834252133743 -9999 -9999 -9999 -9999 -9999 -9999 -9999 -9999 -9999 -9999 -9999 -9999 -9999 -9999 -9999 -9999 -9999
-9999 -9999 -9999 -9999 -9999 -9999 -9999 -9999 -9999 -9999 -9999 -9999 -9999 -9999 0.732361551718102 0.732361551718102 -9999 -9999 0.652198419893864 0.649557681260387 0.63755530460952 0.606421437936358 0.578264462715987 0.551734617803312 0.544197213163025 0.535000362500804 0.519823293233878 0.511684380416442 0.508224550345852 0.50568657996221 0.501746491273351 0.493022380526874 0.490523183629692 0.493020217361888 0.486545255781517 0.479954200729414 0.478417366087641 0.478924551986382 0.481404813693617 -9999 -9999 -9999 -9999 -9999 -9999 -9999 -9999 -9999 -9999 -9999 -9999 -9999 -9999 -9999 -9999 -9999 -9999
-9999 -9999 -9999 -9999 -9999 -9999 -9999 -9999 -9999 -9999 -9999 -9999 -9999 -9999 0.732361551718102 0.727346748394763 0.713955226007043 0.699942112213225 0.685477887812908 0.654560735680397 0.622455231020562 0.587921203224368 0.563261385925595 0.543998684181657 0.537347679498303 0.527671616566759 0.509143430212107 0.497415482982572 0.490208447129917 0.487117068674924 0.48394607958242 0.479343940678819 0.474672917275085 0.469946605901462 0.466107179759478 0.464589383758111 0.472369352485944 0.476675194934661 0.477627492552927 -9999 -9999 -9999 -9999 -9999 -9999 -9999 -9999 -9999 -9999 -9999 -9999 -9999 -9999 -9999 -9999 -9999 -9999
-9999 -9999 -9999 -9999 -9999 -9999 -9999 -9999 -9999 -9999 -9999 -9999 -9999 -9999 -9999 0.727346748394763 0.713955226007043 0.699942112213225 0.685526712554028 0.659246072581435 0.632060819123663 0.603026893047535 0.578076971629086 0.555359314255417 0.538130439037847 0.520468303150262 0.501195448870891 0.487314341464902 0.477017756504762 0.473314289206154 0.469154268550178 0.461640717976987 0.458921085700097 0.460049140637292 0.465417287843658 0.47129409844028 0.476706887505817 0.478889588148473 0.477954311647474 -9999 -9999 -9999 -9999 -9999 -9999 -9999 -9999 -9999 -9999 -9999 -9999 -9999 -9999 -9999 -9999 -9999 -9999
