layers/veg100/veg500.asc
NCOLS 255 
NROWS 330 
XLLCORNER -2985163.8955 
YLLCORNER -3022031.214 
CELLSIZE 25000 
NODATA_value -9999 
[rows 150 to 174 of 330, columns 57 to 113 of 255]
-9999 -9999 -9999 -9999 -9999 -9999 -9999 -9999 -9999 -9999 -9999 -9999 -9999 -9999 -9999 -9999 -9999 -9999 -9999 -9999 0.645573460931183 0.659730805360834 0.582080604731475 0.454249589178358 0.218471711894461 0.0386804088399098 0.0110383800873716 0.0266146184346409 0.0709230751385937 0.0699445196741231 0.0632720167759576 0.051163306292369 0.040559862124865 0.0311645724565024 0.0144182100452097 0 0 0 0 0.0575970712393956 0.119701555603876 0.1372262067602 0.140609304567756 0.127584846222395 0.174491550515322 0.241297689076262 0.336220055397579 0.387903952871544 0.37913543116493 0.4069349310203 0.446139454784232 0.453606652165586 0.458216889337333 0.45798495609931 0.465289032423971 0.476024234817829 0.491099124118055
-9999 -9999 -9999 -9999 -9999 -9999 -9999 -9999 -9999 -9999 -9999 -9999 -9999 -9999 -9999 -9999 -9999 -9999 -9999 -9999 0.639117508768198 0.633625485079116 0.582314508798635 0.505959486535749 0.283947615097195 0.100543815911988 0.0286925833712007 0.0206524920744137 0.055035102261184 0.0526509323519295 0.0438594788871932 0.0249003969625145 0.0237656168553871 0.0369369500285611 0.0185765476543547 0 0 0 0 0.0390272614006755 0.0831917470316449 0.109443512013376 0.14239324218732 0.18311420069037 0.220373798296134 0.25877938444324 0.316458393923928 0.351749268057227 0.355738919488352 0.396369519748 0.447791632133169 0.456055497446369 0.461198579016269 0.461052344113967 0.472100647708929 0.488162408109811 0.499058986711408
-9999 -9999 -9999 -9999 -9999 -9999 -9999 -9999 -9999 -9999 -9999 -9999 -9999 -9999 -9999 -9999 -9999 -9999 -9999 -9999 -9999 0.613127607189546 0.585314619551809 0.542299413139689 0.328009733665132 0.141249542350383 0.0403089362908208 0.0139765924151521 0.0372450544979872 0.0400907904949132 0.0361386163619368 0.0160953030818346 0.0196171973352421 0.0420529616464514 0.0216049133056433 0 0 0 0 0.0245365031610411 0.0535333900693533 0.0785315751933787 0.117272764331295 0.171959097860816 0.222922847969721 0.271591659909218 0.308873402664712 0.335586613590169 0.34752378518435 0.393199614107141 0.448448070785361 0.457457362482312 0.464551732232296 0.468400562069809 0.480451297484405 0.49614081329218 0.503251582447024
-9999 -9999 -9999 -9999 -9999 -9999 -9999 -9999 -9999 -9999 -9999 -9999 -9999 -9999 -9999 -9999 -9999 -9999 -9999 -9999 -9999 -9999 0.591856648097773 0.558959258294353 0.344653125645351 0.154864463944198 0.0441942799032497 0.00638676019956717 0.0170195441515896 0.0335914664354509 0.0433880571068207 0.0296436173811328 0.0316607982640865 0.0463285464576953 0.0231864355944604 0 0 0 0 0.0152686610214774 0.032647797082499 0.043612881310377 0.0577032236632339 0.0754196067284016 0.169987025102715 0.278425097455033 0.316879713786293 0.345022237212363 0.358747252813761 0.39949909233955 0.447829541581826 0.457518648747822 0.468380516325093 0.481230057984109 0.490772564160361 0.498792951006608 0.502620478789149
-9999 -9999 -9999 -9999 -9999 -9999 -9999 -9999 -9999 -9999 -9999 -9999 -9999 -9999 -9999 -9999 -9999 -9999 -9999 -9999 -9999 -9999 0.580514628835448 0.57936112453264 0.380148211676225 0.195513919088116 0.0663229231137015 0.0120491161545013 0.00758149481776135 0.0336967545442391 0.0532702658818079 0.0430235020934733 0.042031658200752 0.0484679836569354 0.0237118935123789 0 0 0 0 0.0264041849982141 0.0524461258374112 0.0437178413138833 0.0704095732330166 0.138196925582762 0.229087815507108 0.318627438423961 0.336861112174618 0.350108048539803 0.356382944802589 0.396689254608138 0.447472652537925 0.466278171068347 0.481263082020041 0.489772567481784 0.496899797231444 0.503373874820466 0.505735818704151
-9999 -9999 -9999 -9999 -9999 -9999 -9999 -9999 -9999 -9999 -9999 -9999 -9999 -9999 -9999 -9999 -9999 -9999 -9999 -9999 -9999 -9999 0.596906577649378 0.599972474077393 0.424837343208422 0.252548207163335 0.104075029748859 0.0289620869246855 0.00262024068516703 0.0347652267610789 0.0613252112896282 0.0531870860133731 0.0495188052925218 0.0494381042260937 0.024629410512943 0.00145171508498253 0.000478173888778379 0 0 0.0434879152240829 0.0844203833927138 0.0565249326783853 0.105702324006526 0.244302493192864 0.318168299239692 0.367741730294247 0.36147053731674 0.355908338628537 0.351337396594795 0.391830021087296 0.447161392381436 0.477378692735579 0.496581915434643 0.497117730469788 0.50196097466723 0.508707891454987 0.509930038446846
-9999 -9999 -9999 -9999 -9999 -9999 -9999 -9999 -9999 -9999 -9999 -9999 -9999 -9999 -9999 -9999 -9999 -9999 -9999 -9999 -9999 -9999 0.594320044671092 0.593385642698882 0.508339834319065 0.404956161175178 0.262861362315287 0.132573749742987 0.0101357497849484 0.0214103963079518 0.0361887939778915 0.0241080031581967 0.0278985508096642 0.0444277273512056 0.0346300920854911 0.0209196784959818 0.00689063861214713 0 0 0.0529062163042519 0.105023135462094 0.0870961744002878 0.132652561921854 0.251864691565104 0.331867677158202 0.394191369581966 0.395690555177397 0.387947308697093 0.3672820649078 0.397916848230844 0.446371493525203 0.482793769833475 0.505977679143749 0.506724303980889 0.510541700314894 0.515685071075954 0.512551394874744
-9999 -9999 -9999 -9999 -9999 -9999 -9999 -9999 -9999 -9999 -9999 -9999 -9999 -9999 -9999 -9999 -9999 -9999 -9999 -9999 -9999 -9999 0.60386706244088 0.598045328729986 0.564848669776522 0.502494816599427 0.368686729623532 0.202669538172958 0.0152392016579956 0.0113713389761883 0.0191603874013062 0.0121538253763924 0.017374161482437 0.0324080314659185 0.0316680802182601 0.0258952565633828 0.00852952184620692 0 0 0.0541968366010333 0.110340727626071 0.110995728583929 0.154015625121994 0.246188849162465 0.330624388227367 0.406475416198937 0.423930551000521 0.422743657883412 0.395493036883259 0.417519809750811 0.45707337371855 0.492379233423793 0.514815863998841 0.515440850057022 0.516345069393234 0.517375400153516 0.51842410977673
-9999 -9999 -9999 -9999 -9999 -9999 -9999 -9999 -9999 -9999 -9999 -9999 -9999 -9999 -9999 -9999 -9999 -9999 -9999 -9999 -9999 -9999 0.612262094661623 0.619424009040432 0.579594455070722 0.51514281109291 0.39257390089085 0.220911470225381 0.0166108556504229 0.00646225740527192 0.0146762343117952 0.0266943276338168 0.0240166642224819 0.00954391549901795 0.00865092564150353 0.00844903952951406 0.00278299104973385 0 0 0.0429127710298224 0.0920099889346681 0.124573226914379 0.166734529083416 0.220031862299523 0.306262654235966 0.396843262768698 0.4429185965306 0.461806067357889 0.442681736875797 0.458034166349241 0.485554681458832 0.508416882020874 0.522791394534362 0.522780396259894 0.517851470205543 0.510886214485586 0.529327141757539
-9999 -9999 -9999 -9999 -9999 -9999 -9999 -9999 -9999 -9999 -9999 -9999 -9999 -9999 -9999 -9999 -9999 -9999 -9999 -9999 -9999 -9999 0.630209996151862 0.629797110652222 0.593948802271492 0.535806184451941 0.424378379713653 0.244218100558863 0.0183633362788495 0.00291160268296286 0.00772623333805112 0.0178460803568702 0.0184902627225553 0.0115291019268943 0.006269991011532 0.00196382088116512 0.000646854108857188 0 0 0.0362823362904682 0.0780708617770555 0.1075166915189 0.150390032686514 0.20884247201108 0.2815346367934 0.356509767901729 0.415903547359248 0.453409774184683 0.460314651290196 0.48137159456128 0.506893224702089 0.521040314681946 0.528143344704902 0.523307622982818 0.522688910556085 0.52400545395067 0.529875635817622
-9999 -9999 -9999 -9999 -9999 -9999 -9999 -9999 -9999 -9999 -9999 -9999 -9999 -9999 -9999 -9999 -9999 -9999 -9999 -9999 -9999 -9999 0.592440239546526 0.631278605764206 0.606410826508568 0.558256129650272 0.456929267740367 0.268411556585714 0.0219279276070234 0.000856475138845619 0 0 0.00816729263727585 0.0228898049324229 0.0119134114602214 0 0 0 0 0.0313748719458418 0.0655705699489847 0.0776394813433821 0.121689569608191 0.202845408733345 0.25731853306318 0.306207392477417 0.372399004426059 0.427248370739448 0.466239955640361 0.497629663721726 0.525127857176859 0.53207989969473 0.532468428483523 0.521732667946836 0.528641356388181 0.54327653898781 0.525326177600147
-9999 -9999 -9999 -9999 -9999 -9999 -9999 -9999 -9999 -9999 -9999 -9999 -9999 -9999 -9999 -9999 -9999 -9999 -9999 -9999 -9999 -9999 0.561526514691208 0.552554114480661 0.560122346352914 0.530618379954524 0.405482247513807 0.252749520784561 0.0816701220064893 0.0307496246097359 0 0 0.00322736260652811 0.00904506594663472 0.00470766756751432 0 0 0 0 0.020634363779018 0.0412216665515992 0.0360297376878916 0.0753278396937253 0.166244930203437 0.255514357086683 0.341784745948908 0.404958571593231 0.453999970444428 0.483282589410215 0.511017107147986 0.53674210905564 0.536558292947119 0.538200207187928 0.542936493357338 0.526408357122001 0.500404958932493 0.490893699762282
-9999 -9999 -9999 -9999 -9999 -9999 -9999 -9999 -9999 -9999 -9999 -9999 -9999 -9999 -9999 -9999 -9999 -9999 -9999 -9999 -9999 -9999 0.492532798049256 0.495767992517567 0.52640176709975 0.509521652147404 0.369496567666022 0.243163315724672 0.125932620379005 0.0528227670273116 0 0 0 0 0 0 0 0 0 0.0115646219174821 0.0214980667267258 0.00751183526514609 0.0440861991439772 0.13932284620438 0.259864402338964 0.380634229625104 0.438856858128306 0.480885741995328 0.500273883372005 0.525332323902199 0.550320693350643 0.537568356807735 0.531812287802309 0.537913968700052 0.510882143173568 0.469177611755911 0.465887844184257
-9999 -9999 -9999 -9999 -9999 -9999 -9999 -9999 -9999 -9999 -9999 -9999 -9999 -9999 -9999 -9999 -9999 -9999 -9999 -9999 -9999 -9999 0.488300965462504 0.484991262468105 0.516365612086832 0.500751591981679 0.362648048247411 0.245027117631302 0.141023366789368 0.0601589723820129 0 0 0 0 0 0 0 0 0 0.00564346773878718 0.0104909306057959 0.00366573159766263 0.041338625649889 0.130639862259633 0.27581218277245 0.425650098645908 0.475277984212646 0.508024362685038 0.517168426587268 0.541395945363649 0.567601095686353 0.532042294599485 0.5025845900436 0.483467438705828 0.470304638759534 0.459894020628322 0.458646619508949
-9999 -9999 -9999 -9999 -9999 -9999 -9999 -9999 -9999 -9999 -9999 -9999 -9999 -9999 -9999 -9999 -9999 -9999 -9999 -9999 -9999 -9999 0.464901415733784 0.467108311466922 0.490900705234248 0.475399927311012 0.358160248799288 0.263379788304719 0.183530587194037 0.0803465345086126 1.03482742974037e-05 3.18808467223694e-06 0 0 0 0 0 0 0 0.00221246380410645 0.00411286203998117 0.00143711257878846 0.0478041210279879 0.151072361220502 0.310892065832971 0.472648530958233 0.507612919637253 0.523710828520211 0.513431199634199 0.522743242914063 0.536680926007077 0.507111875321372 0.482118201239108 0.464879186507099 0.454689218089656 0.447709461285229 0.444900183194114
-9999 -9999 -9999 -9999 -9999 -9999 -9999 -9999 -9999 -9999 -9999 -9999 -9999 -9999 -9999 -9999 -9999 -9999 -9999 -9999 -9999 -9999 0.456806676781462 0.446494354104064 0.457653148607751 0.441684085039167 0.354863255771251 0.290049858344817 0.239867365384753 0.107016643630241 2.59164779486525e-05 7.9843192914973e-06 0 0 0 0 0 0 0 3.75541688854455e-05 6.98113638583888e-05 2.43934243765025e-05 0.0589169196435929 0.186191440716692 0.355622661778896 0.520647017967975 0.537886677907376 0.533620539935086 0.499286789838046 0.486578755114307 0.481447177705683 0.472393411181819 0.466071236627856 0.464378749867144 0.451665299145043 0.43406158074408 0.42787235481194
-9999 -9999 -9999 -9999 -9999 -9999 -9999 -9999 -9999 -9999 -9999 -9999 -9999 -9999 -9999 -9999 -9999 -9999 -9999 -9999 -9999 -9999 0.444066419273414 0.443906486037413 0.446588443627625 0.427109159186593 0.351118355434871 0.273397511241945 0.194526507566508 0.135319467849241 0.0785847365162431 0.0242102969788955 0 0 0 0 0 0 0 0 0 0 0.0620101715277766 0.195966850366412 0.350757975643936 0.495859577641467 0.499535259824724 0.494840388886249 0.478442509039789 0.470179818731951 0.464712406024735 0.456790537242382 0.449902890157332 0.444768112322256 0.433571127632125 0.419745170593228 0.420688569649012
-9999 -9999 -9999 -9999 -9999 -9999 -9999 -9999 -9999 -9999 -9999 -9999 -9999 -9999 -9999 -9999 -9999 -9999 -9999 -9999 -9999 -9999 0.454975516584616 0.448685966487806 0.441678362658388 0.418671931906158 0.35512612942875 0.262474315418878 0.150472343826065 0.158696158958192 0.149892608834621 0.0518784622925628 0.00552062182839521 0.000623085052787473 0 0 0 0 0 0 0 0 0.0577121015214836 0.182383929677178 0.33104561410571 0.47072394017418 0.467347054459264 0.463784834898406 0.459963497019026 0.455261030574707 0.450076019462379 0.441947546099195 0.434503935518075 0.428221076944252 0.419656943129709 0.410159154270938 0.413969271695255
-9999 -9999 -9999 -9999 -9999 -9999 -9999 -9999 -9999 -9999 -9999 -9999 -9999 -9999 -9999 -9999 -9999 -9999 -9999 -9999 -9999 -9999 0.462503343763995 0.467856233673033 0.450171053393402 0.423722387873976 0.377176449943059 0.266640565988982 0.113563108178557 0.170553351232033 0.201134244485563 0.0866159568489247 0.0238761780541181 0.00269478513936497 0 0 0 0 0 0 0 0 0.0365574874561676 0.115530331518044 0.278839726452161 0.447752047458179 0.452291053920272 0.452677211528056 0.447257202395279 0.442976036474132 0.438745518872562 0.42809034921556 0.420898704012525 0.419577275541289 0.416076453970527 0.411598174561803 0.407927738949958
-9999 -9999 -9999 -9999 -9999 -9999 -9999 -9999 -9999 -9999 -9999 -9999 -9999 -9999 -9999 -9999 -9999 -9999 -9999 -9999 -9999 -9999 0.607243725725531 0.492617141947017 0.449141292749342 0.410217473047525 0.37622207883074 0.276143328247747 0.132131270008723 0.192631217726126 0.227243282120921 0.120022958136884 0.0484425773542416 0.00546747210842787 0 0 0 0 0 0 0.00357729858189282 0.0282679276554447 0.0673264871871857 0.123055254013693 0.274669191855277 0.435699327810188 0.43758007013861 0.437911559194125 0.436077011598312 0.434046606632607 0.431584695457059 0.422680491185713 0.415214534150132 0.410186216317064 0.408141097331635 0.407353120167134 0.394204895908729
-9999 -9999 -9999 -9999 -9999 -9999 -9999 -9999 -9999 -9999 -9999 -9999 -9999 -9999 -9999 -9999 -9999 -9999 -9999 -9999 -9999 0.681359556463229 0.615351078224354 0.513263220804009 0.44224509618569 0.385281269218323 0.361095353992977 0.288933721244589 0.184877038458513 0.221005669834705 0.237869040306275 0.152610290918299 0.0768352511557691 0.00867201159769495 0 0 0 0 0 0 0.00935844069739902 0.0739506973057501 0.130083736679101 0.176402077598191 0.300091491011383 0.430373513509196 0.423081638631302 0.420892328274953 0.425836997857657 0.427184417873883 0.426992658478445 0.422474731355383 0.414410242240893 0.40033479873034 0.397522865244918 0.399606314114469 0.375749876998521
-9999 -9999 -9999 -9999 -9999 -9999 -9999 -9999 -9999 -9999 -9999 -9999 -9999 -9999 -9999 -9999 -9999 -9999 -9999 -9999 0.626744717463792 0.623125320279005 0.580454843757303 0.516439553108186 0.466414341600435 0.409277619622791 0.332788706311765 0.255011068419685 0.17637666512378 0.170612240086579 0.154364724851471 0.0835214031638446 0.0348348158004175 0.00393163192780305 0 0 0 0 0 0 0.0189772718576633 0.149959008366108 0.240010588545844 0.282573479064093 0.324285188798358 0.364662366913968 0.395063222676451 0.415799394462548 0.423023211566268 0.425427090548409 0.425540322160117 0.415781484716804 0.4048898592244 0.392078307527423 0.378264959604261 0.364025766766315 0.353424777500516
-9999 -9999 -9999 -9999 -9999 -9999 -9999 -9999 -9999 -9999 -9999 -9999 -9999 -9999 -9999 -9999 -9999 -9999 -9999 -9999 -9999 0.574508240449597 0.549053219027923 0.509684812622255 0.477429320236134 0.422135916880568 0.307708259815212 0.221468601236171 0.15396878999243 0.119750395197191 0.0823861925659804 0.0253814452704894 0 0 0 0 0 0 0 0 0.0257391852294647 0.203391863810153 0.318462874911928 0.360924307845052 0.335417329370798 0.30187596207825 0.36876874902045 0.4113767251806 0.420031705310747 0.422411656717153 0.421658577961093 0.405360204675227 0.390161022125715 0.376824822770846 0.356639030733835 0.333545900223461 0.335926481014641
-9999 -9999 -9999 -9999 -9999 -9999 -9999 -9999 -9999 -9999 -9999 -9999 -9999 -9999 -9999 -9999 -9999 -9999 -9999 -9999 -9999 -9999 0.536350766085222 0.477336910496342 0.443854672351014 0.392776339678792 0.294660496754412 0.198250291150326 0.102974021430592 0.0830530808227817 0.0626728676721297 0.0193081863746868 0 0 0 0 0 0 0 0 0.0233906244627356 0.184833461616847 0.295581017166304 0.347510021521117 0.308599782884041 0.25955036931953 0.350181419863367 0.40656186908877 0.415055985534935 0.41471076705273 0.410054051826476 0.385317584376683 0.361921608922784 0.340797590444422 0.329792873150597 0.323469641267247 0.333304989923012
-9999 -9999 -9999 -9999 -9999 -9999 -9999 -9999 -9999 -9999 -9999 -9999 -9999 -9999 -9999 -9999 -9999 -9999 -9999 -9999 -9999 -9999 0.549990110864199 0.376993309270037 0.373309646531717 0.350419553013952 0.263017045682969 0.168355635997694 0.0688683880391786 0.0503223121238724 0.0357745737403407 0.0110213903226363 0 0 0 0 0 0 0 0.0072288802679931 0.0380201308817815 0.198943257871092 0.300305220351907 0.332562104549973 0.307601755497973 0.277955159487712 0.351768464890799 0.397740990723754 0.404788861689081 0.397412889739806 0.383966956120446 0.354989241041161 0.331537140387962 0.317450226754105 0.315189256483743 0.318332210255963 0.331014794863174
