layers/veg100/veg5500.asc
NCOLS 255 
NROWS 330 
XLLCORNER -2985163.8955 
YLLCORNER -3022031.214 
CELLSIZE 25000 
NODATA_value -9999 
[rows 125 to 149 of 330, columns 171 to 227 of 255]
0.36026318697014 0.432378821726686 0.477604578799901 0.490765608364278 0.470196125088823 0.441883800671316 0.434239727744563 0.436075276260425 0.451541332690046 0.463277349378996 0.473719803392232 0.486194128261156 0.499743502705093 0.515169029777836 0.531450886428784 0.548130053436726 0.560506720443298 0.56991032610629 0.57294822514057 0.545582832213473 0.500845671394042 0.518521604944227 0.523384575482864 0.486068345053364 0.478206961205147 0.490774803542748 0.560140348247346 0.619225411718745 0.623672055503905 0.636423610070631 0.656121278276484 0.653634730071311 0.651318284212266 0.665809174860103 0.681861143349291 0.699482770944291 0.711316103058683 0.722753265028918 0.739994121568848 0.752957025886661 0.760748256847525 0.762534485724596 -9999 -9999 -9999 -9999 -9999 -9999 -9999 -9999 -9999 -9999 -9999 -9999 -9999 -9999 -9999
0.350066344696534 0.426452994833111 0.476014069146331 0.49358709244745 0.474307234705166 0.44675040313741 0.443573718961004 0.447592678816133 0.461958073231983 0.474909797382305 0.487199006127083 0.49670582818637 0.508505856856039 0.524307938743039 0.531650776942393 0.535061541172101 0.558996995935259 0.575822827679848 0.577426042348377 0.552818534247733 0.513234799466939 0.527685645544235 0.534037299088201 0.511866893516491 0.505120917152026 0.509072981675071 0.554039511076895 0.597604274382532 0.622276350610459 0.638077840556853 0.646460093623068 0.634318260062921 0.627865720706238 0.662061250362015 0.687055055497712 0.702796554118296 0.712843587602763 0.72251706162724 0.738004158682393 0.750801196966272 0.760346187411914 -9999 -9999 -9999 -9999 -9999 -9999 -9999 -9999 -9999 -9999 -9999 -9999 -9999 -9999 -9999 -9999
0.36512086931625 0.437887941802239 0.484827766082334 0.500969991140234 0.480440870424016 0.45184151785827 0.449137018687717 0.453030598164098 0.466411388048307 0.479831389218706 0.493093525166198 0.502798274760555 0.513228314838777 0.524924115752203 0.535714249487671 0.54608622075088 0.567191834945574 0.582178582650361 0.584064050403718 0.561481110076877 0.524917463108003 0.534673217808496 0.540937289630008 0.531968053072507 0.532937653685625 0.540800610610149 0.574647902269257 0.608059813815442 0.631048218873579 0.631793291184747 0.613934344616351 0.610696327363568 0.618031436000544 0.662768576569444 0.693720198678974 0.710810523161357 0.714858041242679 -9999 0.745501059203163 0.745501059203163 -9999 -9999 -9999 -9999 -9999 -9999 -9999 -9999 -9999 -9999 -9999 -9999 -9999 -9999 -9999 -9999 -9999
0.392719476060038 0.457947173309755 0.498809944488937 0.510618856650048 0.487579233278436 0.457044163181554 0.452827157887654 0.455448422126652 0.467902261173497 0.4814192395101 0.49522021272251 0.506695375744277 0.515943879906735 0.521306468508223 0.541697027649279 0.569079637641643 0.580207594829868 0.588754531919134 0.591775173095174 0.570852511774312 0.536249177515781 0.540579589294225 0.545973040824398 0.549238929632538 0.561202863122402 0.579199566862381 0.608524595152737 0.634450033907783 0.644871016586076 0.621565006531755 0.570050201658501 0.584935576682372 0.614962282401675 0.665689130716946 0.701116203004403 0.721159396203433 0.720460698732502 -9999 -9999 -9999 -9999 -9999 -9999 -9999 -9999 -9999 -9999 -9999 -9999 -9999 -9999 -9999 -9999 -9999 -9999 -9999 -9999
0.40125470775001 0.45584652729468 0.486401516119111 0.488293881918734 0.479290346119228 0.467794188086511 0.463058500818933 0.464687665989957 0.475468691502603 0.489273732684583 0.504286765263401 0.520937188053066 0.535507052504153 0.546445972776439 0.562791853238128 0.581650301400837 0.585186965703606 0.586911655189088 0.584756673597358 0.565200537212466 0.535701766243484 0.558619693290774 0.578810526231909 0.585032140830709 0.595744926186313 0.609572687645312 0.635330432224144 0.656946494235583 0.660317210575484 0.649350389729337 0.626391849138223 0.639657331793766 0.660813428657434 0.691585402711024 0.715105643550279 0.731334288306817 0.73364332535109 -9999 -9999 -9999 -9999 -9999 -9999 -9999 -9999 -9999 -9999 -9999 -9999 -9999 -9999 -9999 -9999 -9999 -9999 -9999 -9999
0.416136134917264 0.45472425211317 0.473776884398781 0.469534505536389 0.471569609329612 0.474743760726346 0.471097217264393 0.472484516701313 0.481109851526572 0.495099189989232 0.511278337111331 0.531332630379072 0.549114814905608 0.562931765747269 0.577092258419247 0.591407850353689 0.590977395256963 0.588923072417681 0.583391839935999 0.562868518009831 0.533779048102663 0.572196077156664 0.604820329258796 0.613363417690065 0.621666230819147 0.629802394345024 0.651337032912614 0.668749300984249 0.667477104792837 0.665360892203697 0.662538755858588 0.677403158103281 0.694954441596424 0.711911696236947 0.727125088623033 0.740585032722007 0.744906835399653 -9999 -9999 -9999 -9999 -9999 -9999 -9999 -9999 -9999 -9999 -9999 -9999 -9999 -9999 -9999 -9999 -9999 -9999 -9999 -9999
0.446149250798626 0.456553104929383 0.461506609010077 0.459960864888857 0.465644938486951 0.472820439766534 0.473909352589002 0.476762108799716 0.482151050807262 0.496081151045729 0.513299645792823 0.532595803618242 0.548556182883259 0.558695035531562 0.575362666175474 0.595065025942655 0.598881840840882 0.600022931925883 0.595434954267911 0.568614979774458 0.529092134509654 0.575170304926091 0.614315819214823 0.624027893216656 0.627663579901093 0.627084819548532 0.642865281616975 0.656213095869912 0.655627896507013 0.653210677604286 0.649261182648577 0.673723433029348 0.700732001542686 0.718756223657348 0.734425593595666 0.747727166705709 0.748566274636581 -9999 -9999 -9999 -9999 -9999 -9999 -9999 -9999 -9999 -9999 -9999 -9999 -9999 -9999 -9999 -9999 -9999 -9999 -9999 -9999
0.44653260730268 0.444832887422741 0.44808465044025 0.457240789511123 0.466374364874131 0.475028252153706 0.479022066561871 0.48323516225823 0.487763556972823 0.501369695910908 0.518224728630067 0.532212943664372 0.544769885017989 0.5548289993495 0.57672114396763 0.604114936224602 0.606894837314238 0.608475472070243 0.607488323397873 0.585890232802834 0.552515506323173 0.588471315135686 0.617949134403256 0.621283217509916 0.622715315860863 0.622828239906516 0.630391892903541 0.635818819869392 0.631387110053589 0.630601857401975 0.632866451583021 0.667387304617729 0.70295123637379 0.719931622792536 0.735681038618965 0.7501927171923 0.752853335160752 -9999 -9999 -9999 -9999 -9999 -9999 -9999 -9999 -9999 -9999 -9999 -9999 -9999 -9999 -9999 -9999 -9999 -9999 -9999 -9999
0.428923832293566 0.424885243833229 0.433963353242916 0.458682416768164 0.471144370563228 0.479744619994565 0.485531765001227 0.491041369625293 0.496151905952776 0.509273335325849 0.524913075415207 0.530830560045559 0.539023645879254 0.551188060365141 0.579954796022958 0.616439486390598 0.614973749337355 0.615320475766364 0.619547919567105 0.610166134265908 0.593008336766665 0.60804307582305 0.618022750775756 0.610396079038026 0.611120527686615 0.617637127613477 0.615488582779941 0.61065287350113 0.599621763538502 0.601642239508211 0.614578883205826 0.659438123680268 0.703009743113136 0.717664547070818 0.733265731131978 0.749818497559907 -9999 -9999 -9999 -9999 -9999 -9999 -9999 -9999 -9999 -9999 -9999 -9999 -9999 -9999 -9999 -9999 -9999 -9999 -9999 -9999 -9999
0.413368061095346 0.424902190852536 0.443978444624208 0.472048274127617 0.489808007774172 0.503276764337594 0.50410874351422 0.50968287013368 0.522075610622804 0.535386651774771 0.548879593607353 0.559056036694198 0.569795300411689 0.581516786186914 0.599799394934012 0.621130858457776 0.623741388902064 0.626116417895373 0.627987208000102 0.606578917506475 0.571869475762014 0.591442084689898 0.606450256886308 0.602344546348845 0.604275969336557 0.610394613804422 0.620086703317473 0.627338252932321 0.625027282509214 0.633799260574779 0.651840864971524 0.683787890014228 0.714387912160959 0.728825186979246 0.735711414106132 0.7350050853378 -9999 -9999 -9999 -9999 -9999 -9999 -9999 -9999 -9999 -9999 -9999 -9999 -9999 -9999 -9999 -9999 -9999 -9999 -9999 -9999 -9999
0.405855530339058 0.427507158074642 0.452980198627025 0.483010067667527 0.505572712174485 0.523877506654046 0.521701954578846 0.52743699560258 0.54454647836856 0.558621945707142 0.571457173421099 0.58206693195487 0.592413944064185 0.60230241695223 0.612871804002733 0.623756731872994 0.630061409155793 0.634342453438867 0.634290639259985 0.604529204639894 0.557792350676079 0.582034193457611 0.602108004872158 0.601996697577254 0.604407127021684 0.608566576957079 0.631580517746548 0.652028151689397 0.657228174842853 0.669462832559951 0.687581162284369 0.706184393533176 0.72437611896301 0.740350325500091 0.750643828496721 0.755225401054328 -9999 -9999 -9999 -9999 -9999 -9999 -9999 -9999 -9999 -9999 -9999 -9999 -9999 -9999 -9999 -9999 -9999 -9999 -9999 -9999 -9999
0.421070893343953 0.433899417596731 0.454663007055733 0.48488873340501 0.51047316644963 0.532621748954901 0.534265473774757 0.540663312043653 0.553896969799892 0.570264762165319 0.586889551356146 0.584692196508907 0.584944753539003 0.58947284233605 0.603458388333041 0.621843941761813 0.629225263852092 0.63446525895621 0.635120397639696 0.611984672797625 0.575255375271083 0.599893916140036 0.620660470352179 0.623258487949286 0.623707268729889 0.622665386677464 0.659319285846565 0.69206590248763 0.69850586812327 0.704035953740904 0.708805028172595 0.717071352260589 0.728304453528585 0.75046996809193 0.759947351757546 0.756666857710835 -9999 -9999 -9999 -9999 -9999 -9999 -9999 -9999 -9999 -9999 -9999 -9999 -9999 -9999 -9999 -9999 -9999 -9999 -9999 -9999 -9999
0.428686440408886 0.449860313473558 0.468554462802454 0.484291675442338 0.510985246681148 0.538852112202462 0.546789414897554 0.555826663711271 0.566445497229123 0.578415234974343 0.589874927942086 0.580418832380728 0.577532970121758 0.586113333019914 0.604628499817711 0.627760654726214 0.623864078619685 0.621822917193835 0.623754437178448 0.612714939377079 0.594264089193484 0.611160136319575 0.625450191691735 0.628271895552055 0.630255000655071 0.631656472319772 0.663735406409288 0.693613543904304 0.705425844351328 0.712998456694783 0.717025051972382 0.727588118674481 0.740441220219916 0.758959472546779 0.768387996221899 0.768676824892934 -9999 -9999 -9999 -9999 -9999 -9999 -9999 -9999 -9999 -9999 -9999 -9999 -9999 -9999 -9999 -9999 -9999 -9999 -9999 -9999 -9999
0.430713850687633 0.472857017747583 0.491422924272248 0.481874220408137 0.508270560025353 0.543234022786866 0.559284254304199 0.572414315373929 0.581345537213997 0.583997791116701 0.583708037332856 0.571072913730456 0.570163398091497 0.589717152906591 0.613580667852975 0.639434393189635 0.615175636216273 0.599794375863154 0.603420977289907 0.60850017220427 0.614409346876772 0.61757816094053 0.620120181524929 0.621337884140172 0.627425898880069 0.636891853739786 0.651002408403349 0.666859447773834 0.687082626830167 0.703129498602461 0.715683364158332 0.737832683063814 0.758613638548237 0.766250338118549 0.769679124932267 0.768876868040223 -9999 -9999 -9999 -9999 -9999 -9999 -9999 -9999 -9999 -9999 -9999 -9999 -9999 -9999 -9999 -9999 -9999 -9999 -9999 -9999 -9999
0.439477868375457 0.488028768653661 0.512811024289636 0.509250454321021 0.521541859924331 0.538509890051363 0.555987010848478 0.571608130501114 0.584560553050083 0.588951679758095 0.589558163156345 0.578008025513518 0.573810852698654 0.582445910705671 0.607131744436776 0.639272931969331 0.615914322608288 0.602192108577115 0.609102656046375 0.626659106267893 0.650298389619832 0.653606128040858 0.653907407017314 0.648773315311769 0.653922429450608 0.666203746350393 0.69090515815208 0.712292852659861 0.718093816375205 0.725030818564368 0.7329179877746 0.749786775301985 0.765869190808614 0.771891565337643 0.774829044997275 0.774664672081743 -9999 -9999 -9999 -9999 -9999 -9999 -9999 -9999 -9999 -9999 -9999 -9999 -9999 -9999 -9999 -9999 -9999 -9999 -9999 -9999 -9999
0.447582853261961 0.500258954091741 0.531239125939268 0.536348073712828 0.536290411581553 0.536445583619699 0.553545018708925 0.570316613268432 0.586616814221998 0.593080484455287 0.595228735561469 0.584089316054797 0.576716092443884 0.575915550218718 0.599508493385031 0.634442333485307 0.616794100313181 0.60884401517553 0.621658912019363 0.649658357210549 0.686333917138759 0.689383280514713 0.688227061460414 0.680129044692771 0.686392064736326 0.702615580363152 0.732360205087726 0.754017061559487 0.743406981192283 0.742128816871079 0.748655739326989 0.761036211601972 0.772926539432261 0.778361903839898 0.782922526652804 0.786603599405467 -9999 -9999 -9999 -9999 -9999 -9999 -9999 -9999 -9999 -9999 -9999 -9999 -9999 -9999 -9999 -9999 -9999 -9999 -9999 -9999 -9999
0.450289070706388 0.505007699082852 0.539335397889261 0.549348013971401 0.549509631347408 0.548241512036203 0.561200410236691 0.574851552512945 0.589498055037505 0.594424069562889 0.594963924842428 0.57986413210489 0.57203707867235 0.576902248261764 0.594281888758293 0.617479813646373 0.614063643036685 0.62056742491701 0.648311100638932 0.680803595458408 0.716009460370511 0.711246455412743 0.707369596753729 0.710957743132348 0.728161765878263 0.754809457504205 0.756493958368972 0.750327842398379 0.725940563904374 0.727476759147112 0.750694992792481 0.768921926679281 0.784035475999862 0.788631405004855 0.7898514815081 0.787677148406076 -9999 -9999 -9999 -9999 -9999 -9999 -9999 -9999 -9999 -9999 -9999 -9999 -9999 -9999 -9999 -9999 -9999 -9999 -9999 -9999 -9999
0.452340020240903 0.509155814114556 0.545344799139 0.556937428132536 0.558765216965117 0.55867294473553 0.567730402901033 0.577698223088272 0.58897502980169 0.594518490908796 0.597262710995769 0.586406362170166 0.580008449248127 0.58139129959066 0.590076660868424 0.602164030566797 0.619621407794268 0.638625437349739 0.660941048416273 0.693156430237515 0.731028321885279 0.71526293846557 0.70525565723354 0.717467753870023 0.737298459263739 0.76241326216899 0.755022575913369 0.742136259604771 0.721664187026509 0.728818035534843 0.759077826093628 0.778646099848354 0.79352900408436 0.794882474952736 0.795561065300265 -9999 -9999 -9999 -9999 -9999 -9999 -9999 -9999 -9999 -9999 -9999 -9999 -9999 -9999 -9999 -9999 -9999 -9999 -9999 -9999 -9999 -9999
0.453810702221988 0.512772045817639 0.549506187786188 0.559735591732115 0.564510836269737 0.567896058548038 0.57326380709334 0.579049860082092 0.585437382450327 0.593506724710846 0.601831671016348 0.602483594473241 0.599182272231748 0.588981833445541 0.586775905441298 0.58830650279935 0.632518745037028 0.662293009399239 0.661153706617763 0.68886779391915 0.733068069494599 0.703475418213482 0.684318206828685 0.702442534205017 0.717537238856241 0.73053066459779 0.730876758704374 0.729957642668076 0.729068150910976 0.744322088270718 0.773078168654041 0.789998305708874 0.801592019375383 0.797575053456594 -9999 -9999 -9999 -9999 -9999 -9999 -9999 -9999 -9999 -9999 -9999 -9999 -9999 -9999 -9999 -9999 -9999 -9999 -9999 -9999 -9999 -9999 -9999
0.467790630523128 0.515513539185121 0.546129996148674 0.556347932939947 0.557079734501117 0.555107797122725 0.553765436140681 0.560762512340558 0.579750654343285 0.589398280439261 0.594993021380765 0.588896615595514 0.588345851961016 0.597473219774037 0.602628639934481 0.605945442460357 0.64208510806684 0.668188734949203 0.67280391243576 0.689355587607184 0.712727513279517 0.69453486295369 0.68592143578494 0.708191866355147 0.725162943358678 0.73845850664485 0.750463672736895 0.758967478377301 0.755959305897483 0.766215380645369 0.787565490116134 0.79944367377341 0.807936129243671 0.807914096613007 -9999 -9999 -9999 -9999 -9999 -9999 -9999 -9999 -9999 -9999 -9999 -9999 -9999 -9999 -9999 -9999 -9999 -9999 -9999 -9999 -9999 -9999 -9999
0.483630932873144 0.515329735501795 0.537686034624868 0.548901902665118 0.545593885204226 0.538484015964348 0.535664870074278 0.545816470094259 0.574618377602209 0.58442457360007 0.586417729939508 0.573487419416502 0.573777982260172 0.597141319512184 0.611684648464386 0.622125369154623 0.645348898967969 0.665519564622499 0.679153655559428 0.687210257919898 0.692080006794388 0.689301034330546 0.694024763267069 0.719760521407124 0.739324666015605 0.754608316803822 0.774418533299662 0.788613495996908 0.782077713485082 0.786770836069173 0.800855661091818 0.808115703976366 0.813632663693689 0.816174410213711 -9999 -9999 -9999 -9999 -9999 -9999 -9999 -9999 -9999 -9999 -9999 -9999 -9999 -9999 -9999 -9999 -9999 -9999 -9999 -9999 -9999 -9999 -9999
0.497591376489509 0.501275071460896 0.510603782074846 0.526663869100898 0.525592967091936 0.522352816213781 0.546976808307396 0.565190676806122 0.574187590712595 0.577888797897278 0.579355853553657 0.575507645013163 0.567385214989376 0.551803508613709 0.569545465568951 0.602798494693617 0.620022705084483 0.635856077654196 0.648711487607462 0.667598330783052 0.689931401364854 0.700086875582337 0.714509585644355 0.741881562614456 0.761709094343809 0.776303966726442 0.781101354088579 0.784571390887589 0.786878712205223 0.794904396887967 0.807712842374358 0.814620918322884 0.819289665713095 0.81806352011664 -9999 -9999 -9999 -9999 -9999 -9999 -9999 -9999 -9999 -9999 -9999 -9999 -9999 -9999 -9999 -9999 -9999 -9999 -9999 -9999 -9999 -9999 -9999
0.501914560752279 0.49355869686569 0.494541473952377 0.506660076260633 0.510884413928502 0.515996139403289 0.55253522526338 0.573349652600512 0.571553991155528 0.573939338284244 0.577912889741655 0.582459938201907 0.568713754517033 0.52304262860045 0.540724084735732 0.587893870046458 0.603924793932413 0.621445503316463 0.642156035016512 0.67047022185078 0.703128968882437 0.711519469677948 0.724120291725093 0.751060694122403 0.770418921585991 0.784518321227339 0.786943680323075 0.789260362311179 0.795221033902944 0.804156350324921 0.815579618944116 0.820036236962871 0.82277851114889 -9999 -9999 -9999 -9999 -9999 -9999 -9999 -9999 -9999 -9999 -9999 -9999 -9999 -9999 -9999 -9999 -9999 -9999 -9999 -9999 -9999 -9999 -9999 -9999
0.495981114770438 0.492587963208698 0.490207344055953 0.489034115140184 0.501808357350281 0.520042178130011 0.551970351543156 0.569572612935741 0.566576007764917 0.572742413064554 0.582449956821447 0.594661274897459 0.578259836598151 0.511924051698674 0.526076419313844 0.577695705973384 0.597648252144395 0.623268121348585 0.661022457901477 0.697270929333032 0.732658982774383 0.723640382364493 0.72215801984618 0.746466160569005 0.764575303503538 0.778384959506676 0.791891494793282 0.803241542271425 0.80733227361201 0.814598573643788 0.824520875838388 0.82429161408246 -9999 -9999 -9999 -9999 -9999 -9999 -9999 -9999 -9999 -9999 -9999 -9999 -9999 -9999 -9999 -9999 -9999 -9999 -9999 -9999 -9999 -9999 -9999 -9999 -9999
0.475554774715981 0.482024860816369 0.483608497473407 0.479365306960311 0.487444648114854 0.501612028931152 0.54033385583016 0.562916624343537 0.562293448993263 0.567954997479353 0.575157488358347 0.565767416683316 0.546302987015805 0.509257011649864 0.531904954715018 0.582337933674084 0.602465818819098 0.623238894491613 0.645393406045555 0.687768698374847 0.741697697147423 0.72889287069683 0.720026926625317 0.730192663261833 0.742995926220221 0.757628518747578 0.782140842951001 0.803254154759459 0.80936319909844 0.817152252489538 0.826346442443533 -9999 -9999 -9999 -9999 -9999 -9999 -9999 -9999 -9999 -9999 -9999 -9999 -9999 -9999 -9999 -9999 -9999 -9999 -9999 -9999 -9999 -9999 -9999 -9999 -9999 -9999
