layers/veg100/veg5500.asc
NCOLS 255 
NROWS 330 
XLLCORNER -2985163.8955 
YLLCORNER -3022031.214 
CELLSIZE 25000 
NODATA_value -9999 
[rows 75 to 99 of 330, columns 0 to 56 of 255]
-9999 -9999 -9999 -9999 -9999 -9999 -9999 -9999 -9999 -9999 -9999 -9999 -9999 -9999 -9999 -9999 -9999 -9999 -9999 -9999 -9999 -9999 -9999 -9999 0.64445749694481 0.627042023672157 0.609626550399503 0.619050647747097 0.634123392211659 0.635808963251853 0.630619985721074 0.61608413553838 0.471710350562712 0.293560863705621 0.294681720614288 0.307410666821218 0.339250811767788 0.431682720566496 0.549638663645906 0.600109217782021 0.638259512151302 0.651616158114392 0.663630065947232 0.674920914183801 0.686517567285524 0.696744484153557 0.70352729360791 0.710205221876808 0.716814406263718 0.72256266772146 0.728496415522361 0.735247327153272 0.742803580204067 0.75099737113545 0.758987510009216 0.766630260237089 0.772951029361838
-9999 -9999 -9999 -9999 -9999 -9999 -9999 -9999 -9999 -9999 -9999 -9999 -9999 -9999 -9999 -9999 -9999 -9999 -9999 -9999 -9999 -9999 -9999 -9999 0.637620170291081 0.622055694897576 0.60649121950407 0.620377197483504 0.6402217191289 0.643351139221883 0.643608489791999 0.639960875868732 0.513628042619476 0.352637846300964 0.317963259931605 0.306069491434886 0.331681356003962 0.435771398300516 0.572831496542643 0.616216411376194 0.649198964788206 0.661247504099797 0.673213524610776 0.685135109047951 0.693667660239991 0.701493747752793 0.707836015861146 0.714322803233183 0.720904315080014 0.726978969960103 0.733064696295887 0.739320975341376 0.747691383713884 0.757735414598727 0.765204949493345 0.771978114817205 0.777371516712927
-9999 -9999 -9999 -9999 -9999 -9999 -9999 -9999 -9999 -9999 -9999 -9999 -9999 -9999 -9999 -9999 -9999 -9999 -9999 -9999 -9999 -9999 -9999 -9999 0.626055556076755 0.632299285292782 0.638543014508809 0.641203591823457 0.643191228028986 0.647652338369348 0.64682066703056 0.638792747702734 0.555713958684606 0.447050131381664 0.346792416527889 0.300353961632959 0.342521869651502 0.451821257235881 0.589082114802935 0.629107632024289 0.658935020510716 0.66823939868404 0.679704346275139 0.692332752634358 0.700005193388413 0.707002297499864 0.712722515660968 0.719189862989049 0.726146912631828 0.73287231264157 0.739327567260178 0.74498986673627 0.752199719817807 0.760634673237349 0.767004418486183 0.773081554149079 0.779155586009276
-9999 -9999 -9999 -9999 -9999 -9999 -9999 -9999 -9999 -9999 -9999 -9999 -9999 -9999 -9999 -9999 -9999 -9999 -9999 -9999 -9999 -9999 -9999 -9999 0.680520607288003 0.675574275169788 0.670627943051573 0.66072103220108 0.650815553712672 0.652223196464784 0.650070889248517 0.643078351629027 0.567081127333252 0.467093588600643 0.367507846887334 0.323924358715496 0.372541246488303 0.47742686255463 0.605608623842684 0.642323146986034 0.669275781766026 0.676583309020517 0.687093961607206 0.699329485527571 0.70613155283045 0.712423517145713 0.717890404738417 0.72399125927886 0.730507644487186 0.737332589091165 0.743806581661265 0.7490874682003 0.755469582829174 0.762723470106398 0.768585292184403 0.774358082276746 0.780577741224778
-9999 -9999 -9999 -9999 -9999 -9999 -9999 -9999 -9999 -9999 -9999 -9999 -9999 -9999 -9999 -9999 -9999 -9999 -9999 -9999 -9999 -9999 -9999 -9999 0.673891418233098 0.681446213141287 0.689001008049475 0.678608040789348 0.664237914679507 0.657129941484979 0.653368500256008 0.654157118974205 0.540185053913496 0.394503305770402 0.378116827694402 0.383973277997689 0.426449796762355 0.51493509632546 0.622478782170461 0.65594260263118 0.680369763648076 0.686611288870198 0.695603113462381 0.70607596425568 0.711994874508076 0.71773595850195 0.723408792027897 0.728710865218868 0.733769925284049 0.740007839628513 0.746063626052712 0.751227872446319 0.7571968049544 0.763802756579209 0.769893883795091 0.775850209641029 0.781549096611248
-9999 -9999 -9999 -9999 -9999 -9999 -9999 -9999 -9999 -9999 -9999 -9999 -9999 -9999 -9999 -9999 -9999 -9999 -9999 -9999 -9999 -9999 -9999 -9999 -9999 -9999 0.695580676180935 0.68284113131917 0.668379355180229 -9999 0.643419711541249 0.644208634902916 0.522944601117585 0.369866874295551 0.384318502921834 0.41124757238384 0.458719114034555 0.542128321920179 0.640264325862879 0.669225323720179 0.690795515418126 0.697492234249325 0.70518865735583 0.713423417576184 0.718992162132758 0.724073594003038 0.728158576897917 0.732687723169728 0.737507994247532 0.743119800003284 0.748538909896244 0.753136593102855 0.758646258737382 0.764877883195672 0.770641989222713 0.776199399456143 0.78117332405987
-9999 -9999 -9999 -9999 -9999 -9999 -9999 -9999 -9999 -9999 -9999 -9999 -9999 -9999 -9999 -9999 -9999 -9999 -9999 -9999 -9999 -9999 -9999 -9999 -9999 -9999 -9999 -9999 -9999 -9999 0.673137121417483 0.633487894804156 0.508255428641037 0.364249093658156 0.393225668179702 0.432083193737368 0.487208411086158 0.567180244530232 0.657085327189093 0.681569016488742 0.700475430249431 0.708157972809798 0.71469831515546 0.72062358684252 0.725989278915465 0.730445847906787 0.732679384196371 0.73649299107085 0.741342247812858 0.746326564967556 0.751066185404186 0.754995338571594 0.760012314996014 0.765890452310219 0.771115323357768 0.776071717673129 0.780297201802019
-9999 -9999 -9999 -9999 -9999 -9999 -9999 -9999 -9999 -9999 -9999 -9999 -9999 -9999 -9999 -9999 -9999 -9999 -9999 -9999 -9999 -9999 -9999 -9999 -9999 -9999 -9999 -9999 -9999 0.689940244301081 0.65622587889888 0.576672302863249 0.488573705328994 0.405501390272019 0.44810245110646 0.494942590488512 0.548761817514942 0.604161076353043 0.659813174742937 0.684490103449333 0.704074038858802 0.713408686710306 0.719583807328257 0.724057534029979 0.729015507961375 0.733620677532013 0.737305300975842 0.740960755021052 0.744597090120496 0.749075115813273 0.753416569877048 0.757100795581449 0.761409059724907 0.766211335642775 0.770448355643697 0.774560734031254 0.778487401027901
-9999 -9999 -9999 -9999 -9999 -9999 -9999 -9999 -9999 -9999 -9999 -9999 -9999 -9999 -9999 -9999 -9999 -9999 -9999 -9999 -9999 -9999 -9999 -9999 -9999 -9999 -9999 -9999 0.749504544591525 0.70916446148728 0.646665138072213 0.55403734947719 0.480341837690317 0.421461987704935 0.491811638375822 0.55079460061799 0.591063799036394 0.629823414879499 0.667691384418004 0.689138443494689 0.706056917100257 0.71386193384102 0.721489798936554 0.729022268515874 0.733540606546034 0.737784292905668 0.741591048211479 0.744708631662843 0.747374500648674 0.751135663166835 0.754870842860007 0.75823095387554 0.761974797617238 0.766022418294917 0.769690650673378 0.773325112482756 0.777041919086809
-9999 -9999 -9999 -9999 -9999 -9999 -9999 -9999 -9999 -9999 -9999 -9999 -9999 -9999 -9999 -9999 -9999 -9999 -9999 -9999 -9999 -9999 -9999 -9999 -9999 -9999 -9999 -9999 0.748871624410061 0.702547454213637 0.648157882050805 0.582802312006333 0.489327952036029 0.399389614830199 0.518727298606655 0.596109093065903 0.604416010649458 0.638465310596324 0.683314568767514 0.696384179816848 0.705610103897556 0.707100880742155 0.718915298518969 0.736288959365088 0.740319664433878 0.743434817432463 0.745365257726076 0.747373961322334 0.74943396223391 0.752161609555016 0.754977567722772 0.757894484449908 0.76129088999883 0.765066876530002 0.768796497481529 0.772503572971467 0.776144289911946
-9999 -9999 -9999 -9999 -9999 -9999 -9999 -9999 -9999 -9999 -9999 -9999 -9999 -9999 -9999 -9999 -9999 -9999 -9999 -9999 -9999 -9999 -9999 -9999 -9999 -9999 -9999 0.735235675048662 0.717100534150531 0.671850553740749 0.627731920782915 0.585151506727643 0.506048607289143 0.425298030374877 0.518338436295914 0.578451798054578 0.584355093993863 0.629126237897029 0.690269083975145 0.708035608631916 0.718148956875321 0.712860830736312 0.723406131185821 0.742477674227798 0.745665474194672 0.747865350070147 0.748909434396257 0.750565911002862 0.75262377726271 0.755104277570068 0.757653107266706 0.760305171107873 0.763333337056015 0.766659239261408 0.770040356137283 0.773440646254878 0.77688811380734
-9999 -9999 -9999 -9999 -9999 -9999 -9999 -9999 -9999 -9999 -9999 -9999 -9999 -9999 -9999 -9999 -9999 -9999 -9999 -9999 -9999 -9999 -9999 -9999 0.761331141753618 0.754674831802375 0.748018521851131 0.715461970370948 0.675728007047534 0.634315984240597 0.60061298475141 0.577391438477335 0.525294034987757 0.469163991539982 0.507554962876482 0.537065005311237 0.551953761428071 0.613347192786248 0.694293003175126 0.720786971144314 0.734688250905078 0.723247639355327 0.730583111426956 0.748029436193506 0.750261312634165 0.751654844928409 0.752210736625636 0.753788576164885 0.756036246632783 0.758551801384749 0.76107196501452 0.763535090476938 0.766184997058155 0.768982766441002 0.77186239320703 0.774815071402899 0.778022857788641
-9999 -9999 -9999 -9999 -9999 -9999 -9999 -9999 -9999 -9999 -9999 -9999 -9999 -9999 -9999 -9999 -9999 -9999 -9999 -9999 -9999 -9999 -9999 -9999 0.764794703967335 0.751606911682594 0.738419119397854 0.724010895512112 0.706811481662311 0.668793663707975 0.626283138087612 0.57766417262089 0.530346245938263 0.487431091339461 0.506564878704611 0.524885463346326 0.541867216207562 0.615042848766577 0.711479146410321 0.716251941839623 0.720910782811296 0.725340298524392 0.735128882913354 0.747803306280045 0.749811526646498 0.751077191939471 0.751369170641325 0.752203517779694 0.753393357770596 0.755194970761482 0.75718637960221 0.759614840727427 0.761836790638289 0.763895258678398 0.766503579644235 0.76924287932785 0.772203216637243
-9999 -9999 -9999 -9999 -9999 -9999 -9999 -9999 -9999 -9999 -9999 -9999 -9999 -9999 -9999 -9999 -9999 -9999 -9999 -9999 -9999 -9999 -9999 -9999 0.767878070824935 0.747666685222225 0.727455299619516 0.727509013560132 0.727350220652036 0.679227523841266 0.626738735198422 0.568313657951364 0.514730974175413 0.467718453521951 0.49744069908877 0.522744473904234 0.54077381530652 0.618567119273662 0.720874985869345 0.709848241792 0.708268932676866 0.725701915934328 0.737042776743555 0.745103051786569 0.747143280704885 0.748458732886839 0.748461660670851 0.748884416923762 0.749582347781123 0.750862557237022 0.752400693123194 0.754599370195561 0.756654870368132 0.758597026442173 0.760346483850259 0.762240917026802 0.764849884960772
-9999 -9999 -9999 -9999 -9999 -9999 -9999 -9999 -9999 -9999 -9999 -9999 -9999 -9999 -9999 -9999 -9999 -9999 -9999 -9999 -9999 -9999 -9999 -9999 0.770266051977102 0.74213099119434 0.713995930411578 0.72176909385475 0.728602405234225 0.645684707247813 0.581076351944926 0.541362008610449 0.461314419953574 0.378540036572546 0.473439079211318 0.538964218793338 0.556129074038078 0.625435966147072 0.71602218762204 0.700026701673763 0.697704152877625 0.722897419725461 0.734142908198372 0.737877568779055 0.740417422498336 0.742107594459188 0.741775493509824 0.742393714081198 0.743634818444265 0.744745781034161 0.745968701908564 0.747580716657668 0.74994806904778 0.75291337448847 0.752729312220181 0.752623873396593 0.754691399432376
-9999 -9999 -9999 -9999 -9999 -9999 -9999 -9999 -9999 -9999 -9999 -9999 -9999 -9999 -9999 -9999 -9999 -9999 -9999 -9999 -9999 -9999 -9999 -9999 0.764019297946394 0.746540569689915 0.729061841433436 0.735492341452472 0.741002195539276 0.684259101336874 0.639603741544852 0.611383281152782 0.504398179538393 0.384052802552247 0.484452664307058 0.556094189283722 0.580388879181254 0.603955213938474 0.627098989460703 0.642861314516593 0.659351854441394 0.677307875108134 0.691904634283549 0.704692443371853 0.717804413539824 0.728301153007204 0.732243495825061 0.735203882637574 0.73752065098356 0.73793116346372 0.738137075447224 0.738205186061564 0.739749903315552 0.742463556680684 0.744078672570325 0.745712130800951 0.748065860064824
-9999 -9999 -9999 -9999 -9999 -9999 -9999 -9999 -9999 -9999 -9999 -9999 -9999 -9999 -9999 -9999 -9999 -9999 -9999 -9999 -9999 -9999 -9999 -9999 0.753548523728056 0.755815269236785 0.758082014745513 0.758736762527123 0.758855275449603 0.758112464305321 0.749099654736573 0.728842670905765 0.594688861512703 0.435887483427058 0.512595313531369 0.573669432412313 0.609004693282174 0.568606140779968 0.497049449970086 0.562535823266241 0.607406198803018 0.610788341975997 0.630422432800452 0.658808138286578 0.687419580190763 0.710847656977086 0.721319348256343 0.727672044952638 0.73132496593323 0.730775169352829 0.729620762378569 0.727676696392276 0.727843799418946 0.729682181464494 0.734922471408002 0.740123792564749 0.743168600208938
-9999 -9999 -9999 -9999 -9999 -9999 -9999 -9999 -9999 -9999 -9999 -9999 -9999 -9999 -9999 -9999 -9999 -9999 -9999 -9999 -9999 -9999 -9999 -9999 -9999 -9999 -9999 0.761208366560348 0.76257121813385 0.750796637280602 0.740815352888916 0.733272296037601 0.623260164830336 0.486493349337871 0.489658428166188 0.499582744784101 0.520635261177732 0.530923311790814 0.536869765875538 0.568458882333087 0.585050349327665 0.571460111168171 0.599665464579708 0.650377591938 0.664549257676209 0.67880267681281 0.696273993921709 0.710457185607762 0.72248519087927 0.722104977944362 0.720669706690689 0.719213182508255 0.721562114037283 0.726923584235067 0.731160126725439 0.734823014058353 0.736765306767664
-9999 -9999 -9999 -9999 -9999 -9999 -9999 -9999 -9999 -9999 -9999 -9999 -9999 -9999 -9999 -9999 -9999 -9999 -9999 -9999 -9999 -9999 -9999 -9999 -9999 -9999 -9999 0.766819453749213 0.762726330120366 0.745542041990533 0.735865977489188 0.736398352039959 0.647478665884546 0.531954699595607 0.487559324773612 0.467165619859289 0.486287520993713 0.520155062546992 0.559953356586286 0.563453158846215 0.558270423767309 0.535614698497712 0.571349909069823 0.638528426080016 0.644597120993483 0.65345898173791 0.674332940988395 0.692350782822313 0.708496595866889 0.711389540836782 0.712568084012892 0.71186467525341 0.715762081692237 0.723301662615179 0.72652683671805 0.728780201287088 0.729531190544173
-9999 -9999 -9999 -9999 -9999 -9999 -9999 -9999 -9999 -9999 -9999 -9999 -9999 -9999 -9999 -9999 -9999 -9999 -9999 -9999 -9999 -9999 -9999 -9999 -9999 -9999 0.768824046665718 0.762857058474284 0.755201276991736 0.746860987070226 0.741229554053068 0.7392811760403 0.663367054774382 0.56586300355427 0.53359055592387 0.530745681554945 0.576349452486289 0.570037589374185 0.541310901259514 0.531788628120135 0.520825549411956 0.506962951751209 0.547799255763755 0.618090719251776 0.631036012015163 0.643549960559358 0.659717151870194 0.672467753053621 0.682978966233325 0.696105517088793 0.706389218526695 0.706977308339318 0.7109125020543 0.717497386292241 0.719804264136018 0.721059932637173 0.720462432254161
-9999 -9999 -9999 -9999 -9999 -9999 -9999 -9999 -9999 -9999 -9999 -9999 -9999 -9999 -9999 -9999 -9999 -9999 -9999 -9999 -9999 -9999 -9999 -9999 -9999 -9999 0.768824046665718 0.761212680966813 0.752068027458442 0.747299783147813 0.743478079632333 0.740943325533351 0.691677532606958 0.625517030349896 0.549447838936676 0.51974215048717 0.566367897525338 0.539239419541802 0.480594747221981 0.472417904958352 0.467475207366321 0.469040996397133 0.523786119991711 0.607168121703722 0.62410856307663 0.638661315188663 0.652734423266364 0.662421253101231 0.669233117396862 0.674599656731852 0.68069368147252 0.689476306271051 0.699556339933637 0.710663450159057 0.712076693464609 0.712220743657622 0.712782928889759
-9999 -9999 -9999 -9999 -9999 -9999 -9999 -9999 -9999 -9999 -9999 -9999 -9999 -9999 -9999 -9999 -9999 -9999 -9999 -9999 -9999 -9999 -9999 -9999 -9999 -9999 -9999 0.760955627685757 0.751563254553327 0.747211813619622 0.74386225983938 0.741874906287755 0.727422580258146 0.700579767777395 0.54724613644671 0.464100641839404 0.496510721936919 0.460154180191977 0.394697655257318 0.396465138066191 0.404605507458562 0.425570858813498 0.499496190340714 0.601940278443883 0.621151332749964 0.636777344364355 0.650320050402487 0.658261876323473 0.662532631593049 0.649370052415061 0.643317495691074 0.664426094753996 0.684306014603278 0.703213266808197 0.703747635515376 0.702711885401795 0.705934888960204
-9999 -9999 -9999 -9999 -9999 -9999 -9999 -9999 -9999 -9999 -9999 -9999 -9999 -9999 -9999 -9999 -9999 -9999 -9999 -9999 -9999 -9999 -9999 -9999 -9999 -9999 -9999 -9999 0.751534793102513 0.747206853487304 0.743883921711394 0.741927433155881 0.734929117497057 0.718386626275519 0.579481772529284 0.478256318053202 0.439065059674315 0.38966212887053 0.337072362071198 0.374764827913439 0.395561073462485 0.382354874804085 0.44895254973965 0.558524320160912 0.61658984741782 0.658149047886647 0.662756388666319 0.656284936710718 0.642551941923839 0.649066130559937 0.658252296354018 0.670480671701682 0.683744895026553 0.697829133698571 0.695651521345917 0.692442372470329 0.694488810583029
-9999 -9999 -9999 -9999 -9999 -9999 -9999 -9999 -9999 -9999 -9999 -9999 -9999 -9999 -9999 -9999 -9999 -9999 -9999 -9999 -9999 -9999 -9999 -9999 -9999 -9999 -9999 -9999 -9999 -9999 -9999 -9999 -9999 0.729557807171177 0.614532930391217 0.511966810154451 0.42991240086579 0.365050901918128 0.309158049784494 0.356303015531208 0.380267343413639 0.357582282734846 0.41544728761749 0.516688209644566 0.607717807958932 0.671969712748667 0.670226267449321 0.652424538234949 0.624097482007774 0.644461198096003 0.664334613253797 0.669638172849325 0.679113057844291 0.691890117406138 0.688264030215936 0.683777807306218 0.685341208153531
-9999 -9999 -9999 -9999 -9999 -9999 -9999 -9999 -9999 -9999 -9999 -9999 -9999 -9999 -9999 -9999 -9999 -9999 -9999 -9999 -9999 -9999 -9999 -9999 -9999 -9999 -9999 -9999 -9999 -9999 -9999 -9999 -9999 0.731657877363436 0.651722486173289 0.589091531330291 0.554950064602908 0.468466678114463 0.360320996041026 0.337831901079188 0.338261720056952 0.384814226772187 0.434451514501011 0.485749945578651 0.586951870709501 0.66055978058166 0.661176545600221 0.642880989099231 0.612189439999165 0.623515666031039 0.636614167924305 0.644087001487491 0.660516644429613 0.684036827020233 0.682836998370957 0.679770683058017 0.683455270627032
