layers/veg100/veg5800.asc
NCOLS 255 
NROWS 330 
XLLCORNER -2985163.8955 
YLLCORNER -3022031.214 
CELLSIZE 25000 
NODATA_value -9999 
[rows 150 to 174 of 330, columns 57 to 113 of 255]
-9999 -9999 -9999 -9999 -9999 -9999 -9999 -9999 -9999 -9999 -9999 -9999 -9999 -9999 -9999 -9999 -9999 -9999 -9999 -9999 0.486343853227663 0.4979274528562 0.44206393863304 0.349334705637441 0.184937826677063 0.0593482690925101 0.0389277235567614 0.0529709111102757 0.0899261580996847 0.0942329413056018 0.0934485748064415 0.0855650773778867 0.07784383399163 0.0702528186913351 0.0343319039177215 0.00170496169685773 0.000561589648849351 0 0 0.0589446073784665 0.121161159156791 0.129840716815711 0.124577580112996 0.103137610850268 0.142271891221021 0.200417551635268 0.276951865301633 0.316359759216088 0.303860590985487 0.316495344289091 0.337155657395632 0.339334331965561 0.339168171314366 0.335027824503585 0.334694457163017 0.336038488128458 0.331789460290918
-9999 -9999 -9999 -9999 -9999 -9999 -9999 -9999 -9999 -9999 -9999 -9999 -9999 -9999 -9999 -9999 -9999 -9999 -9999 -9999 0.481061565617257 0.476567968397744 0.439146966488813 0.383728271693342 0.231003061723256 0.101408711241105 0.0395826085336803 0.0383597838268723 0.0774270200941254 0.0813562509500925 0.0780592098875714 0.0614890217693195 0.0596666103242187 0.0696810363540611 0.0434166434289327 0.0158554708169154 0.00522256206976578 0 0 0.043854016294054 0.0914751856417526 0.107132169062652 0.126918949729483 0.151497274757929 0.185869748385637 0.223207425687468 0.26252855245534 0.282609052387047 0.275788913378386 0.303349028629675 0.341332657893533 0.344137189303568 0.344226620540278 0.339714315401861 0.337455258877431 0.336231719324233 0.337645107199875
-9999 -9999 -9999 -9999 -9999 -9999 -9999 -9999 -9999 -9999 -9999 -9999 -9999 -9999 -9999 -9999 -9999 -9999 -9999 -9999 -9999 0.459796517234196 0.440294659749016 0.410133339574747 0.262544541036612 0.129031437000599 0.0421773861780018 0.0288999548839349 0.0645374764582532 0.0712686866494571 0.07047191876861 0.0536508964659833 0.0547845246303271 0.0703288863043432 0.048300254860011 0.0230884882923831 0.00760501309588291 0.000767516656075869 0.00227591067453798 0.032778537671288 0.0659883878091992 0.0793431333758151 0.10503205654888 0.145031551318064 0.189366652949487 0.232489807361826 0.253506311904284 0.265287887211658 0.264157955055779 0.29852827496842 0.343400054097787 0.347276626990137 0.347955332168704 0.343214073720908 0.341084072078155 0.340158191442827 0.342855722432852
-9999 -9999 -9999 -9999 -9999 -9999 -9999 -9999 -9999 -9999 -9999 -9999 -9999 -9999 -9999 -9999 -9999 -9999 -9999 -9999 -9999 -9999 0.446646848678493 0.426309741621104 0.275489453033308 0.138167762295391 0.0472560492056943 0.0260359726433822 0.0511480480323536 0.0647523866545717 0.072874591216821 0.0666042089669698 0.0669258544259868 0.0725383828668602 0.0478046405188284 0.0214641825384188 0.00706999034453667 0.0025177801597252 0.00746595229731678 0.0268441059340843 0.0458783158518449 0.0450489183400617 0.0521227110246943 0.0683660789134665 0.141517330117326 0.224476869842962 0.251399734654656 0.26900350363493 0.273578090440095 0.304367771795801 0.342766262057074 0.348286182014614 0.349981415689084 0.345194311008175 0.345824308132149 0.348864795326755 0.347240423542486
-9999 -9999 -9999 -9999 -9999 -9999 -9999 -9999 -9999 -9999 -9999 -9999 -9999 -9999 -9999 -9999 -9999 -9999 -9999 -9999 -9999 -9999 0.439785712713715 0.439154034535015 0.299127421527657 0.167772828880244 0.071407784620168 0.0369936476542133 0.0437654978926663 0.0635250271209375 0.0786440901641265 0.0750943426737344 0.0731529685399021 0.072502504516967 0.0467097972422236 0.0214552481720056 0.0140262064779832 0.00916776230515765 0.0067906942642823 0.0338093781485061 0.0599357783076811 0.0444664425274848 0.0621716272185207 0.118367124398833 0.187252070002806 0.25375551493399 0.266169577381798 0.273290402683204 0.273010665491841 0.303408898628735 0.342920950941224 0.347700121945185 0.349510619053115 0.34628960580004 0.349473808838769 0.355485676121435 0.352846630077186
-9999 -9999 -9999 -9999 -9999 -9999 -9999 -9999 -9999 -9999 -9999 -9999 -9999 -9999 -9999 -9999 -9999 -9999 -9999 -9999 -9999 -9999 0.447660318312173 0.450258240528986 0.328518899874226 0.209195584699869 0.107581584324969 0.0560813668520867 0.037897620622601 0.0626198920899759 0.0833015749411597 0.0787111005391503 0.0747471043331876 0.0712859310782737 0.0461554541496491 0.0232927423857345 0.0234438057294861 0.0171495015059215 0.00463353826677585 0.0446615592399646 0.0841488580177829 0.0555070471426498 0.0914255342186082 0.202249280126964 0.257954726774505 0.293556461045965 0.286890702817844 0.279331968882585 0.270524750826474 0.300918215360503 0.343282237255739 0.347062224044029 0.349037241759273 0.347953075168535 0.353237320828101 0.361318043172554 0.358717197509289
-9999 -9999 -9999 -9999 -9999 -9999 -9999 -9999 -9999 -9999 -9999 -9999 -9999 -9999 -9999 -9999 -9999 -9999 -9999 -9999 -9999 -9999 0.445468590167867 0.444676814026685 0.386608600123127 0.315533984031166 0.216781246080961 0.12086622011925 0.0268377519942622 0.0445913161089712 0.0607125715895504 0.0396722261256051 0.0424639988573348 0.064383869065575 0.0547020213772279 0.0415937248207186 0.0334903252245388 0.0220908499369285 0.00750970055122397 0.0522341975971836 0.0979421034196088 0.0761598059556629 0.107584196138779 0.200740964212049 0.264772161794725 0.315011778373866 0.314070082754625 0.304867993865202 0.284116912380124 0.306567811674123 0.343058521098981 0.352153382481848 0.35850358477179 0.360201952219938 0.362771800177923 0.365694418801734 0.362990263106294
-9999 -9999 -9999 -9999 -9999 -9999 -9999 -9999 -9999 -9999 -9999 -9999 -9999 -9999 -9999 -9999 -9999 -9999 -9999 -9999 -9999 -9999 0.451982043551882 0.447677429963476 0.426329432053397 0.383955348532288 0.289802411116046 0.16452656345655 0.0185596906122743 0.0311524772294726 0.0462973559932566 0.0244241283029622 0.0282421204602281 0.0526803593576168 0.0536253496818395 0.0487840005272112 0.0339265064044582 0.0200840156585704 0.00722129912176604 0.0485302020987324 0.0930605954707795 0.0896550257286848 0.121290904697743 0.193583175735493 0.262021893240682 0.323818456122711 0.33498357246546 0.331536246459206 0.307659022871415 0.320406629298965 0.345650484986403 0.358270572193316 0.367184464076788 0.36981684413953 0.369623651527152 0.368151742110051 0.366133164714409
-9999 -9999 -9999 -9999 -9999 -9999 -9999 -9999 -9999 -9999 -9999 -9999 -9999 -9999 -9999 -9999 -9999 -9999 -9999 -9999 -9999 -9999 0.458189364526542 0.463484913152603 0.437630994697226 0.393713631307846 0.306850261799089 0.175504265390628 0.0145854833309129 0.0248146187903073 0.0445281603519807 0.0459837681559484 0.0419635463043402 0.0335483226087234 0.0376601495471594 0.0387844221282453 0.0194941182324739 0.00732734790960389 0.00203686453449137 0.0273796394721469 0.0592865702953018 0.0920765078126302 0.131204090343854 0.177684844332145 0.244469017383175 0.313055877449826 0.346202832866052 0.35995621727686 0.346595128972019 0.346915344799543 0.352598709042496 0.365975179189092 0.374650118566001 0.375356583934401 0.372325093269121 0.367640016714041 0.367527540818341
-9999 -9999 -9999 -9999 -9999 -9999 -9999 -9999 -9999 -9999 -9999 -9999 -9999 -9999 -9999 -9999 -9999 -9999 -9999 -9999 -9999 -9999 0.471213917334762 0.4709327556292 0.447255275521961 0.407447924053872 0.328880213005996 0.191989751092853 0.016325360341856 0.0187464694642609 0.0327843028888043 0.0334598725592965 0.0332396229786909 0.0323003723501868 0.0284738208478451 0.0225381415116513 0.00944259696036938 0.00209973775814771 0.000309897261527169 0.0227974920620372 0.050310127433944 0.0774768589000981 0.116097859124299 0.16800852797282 0.223517949877895 0.278770563044655 0.32249433202781 0.348222917786617 0.348792139939137 0.355897279444297 0.365448902406322 0.376611593253332 0.382918338116766 0.380994895568404 0.376823026922241 0.371668605701714 0.370949492492529
-9999 -9999 -9999 -9999 -9999 -9999 -9999 -9999 -9999 -9999 -9999 -9999 -9999 -9999 -9999 -9999 -9999 -9999 -9999 -9999 -9999 -9999 0.444354042161568 0.47184298609132 0.455013563241369 0.421826635329397 0.351249684773092 0.21005714299024 0.0219181888993274 0.013586105864574 0.0171345423373153 0.0076800750526241 0.0156168318574149 0.0375121057729433 0.0218533455567298 0.00421345620773823 0.00138785134968536 0 0 0.0246410053829626 0.0508305558787189 0.0557064883723866 0.0905601303094185 0.160195025684262 0.201742547442091 0.236947019500674 0.286133270775556 0.321277040066959 0.336787782800508 0.357965148348433 0.380365761600268 0.388135971640966 0.391271647181071 0.386552398544643 0.381977372262379 0.377483095987456 0.375172562592437
-9999 -9999 -9999 -9999 -9999 -9999 -9999 -9999 -9999 -9999 -9999 -9999 -9999 -9999 -9999 -9999 -9999 -9999 -9999 -9999 -9999 -9999 0.422473985610147 0.416123517495174 0.422665821290061 0.403161618462085 0.316348946285349 0.205716976105338 0.0792495428848371 0.0354784830373476 0.00677083382160638 0.0030348351823519 0.00617109994798336 0.0148231700320346 0.00863550180085765 0.00166497658563557 0.000548419133281854 0 0 0.0155939981166451 0.0309738007015172 0.0258171957952327 0.0567759449815179 0.129637071201084 0.198934131474464 0.2643035810831 0.303016602080909 0.332925687278984 0.350525844071584 0.36759617128932 0.383867677922039 0.389289273312297 0.39142982522443 0.388009441569622 0.384584111452193 0.381162459256964 0.378563705846614
-9999 -9999 -9999 -9999 -9999 -9999 -9999 -9999 -9999 -9999 -9999 -9999 -9999 -9999 -9999 -9999 -9999 -9999 -9999 -9999 -9999 -9999 0.370373037652594 0.374138535845284 0.397686769896423 0.387716611194119 0.290832235291544 0.202376590629604 0.119524505821566 0.0511832210267519 0 0 0 0 0 0 0 0 0 0.00854169103528753 0.0158785860139618 0.00554828133601668 0.0336788438863815 0.106433135045271 0.198192533856852 0.288830670252803 0.320723775884894 0.34564583822171 0.360821569510134 0.374215570922288 0.386523833080255 0.390916797663344 0.392550819604402 0.389508797973497 0.38719739833416 0.385212843470688 0.382840609262304
-9999 -9999 -9999 -9999 -9999 -9999 -9999 -9999 -9999 -9999 -9999 -9999 -9999 -9999 -9999 -9999 -9999 -9999 -9999 -9999 -9999 -9999 0.365447535302346 0.361595315361374 0.386594141909292 0.378339767098371 0.282999884635475 0.200920310321946 0.127656408056181 0.055227247127867 0 0 0 0 0 0 0 0 0 0.00524843057430325 0.00975657583119031 0.00340913400853368 0.0307217358436975 0.0970879722269682 0.201345890775333 0.308025570259096 0.339983494970392 0.360385256274338 0.364630154186874 0.375159514913935 0.387586136857962 0.393438002766482 0.395486257840885 0.391087894663723 0.389823024453995 0.389962423000562 0.388786742854389
-9999 -9999 -9999 -9999 -9999 -9999 -9999 -9999 -9999 -9999 -9999 -9999 -9999 -9999 -9999 -9999 -9999 -9999 -9999 -9999 -9999 -9999 0.360993404033243 0.360474204893558 0.378852341199002 0.369707249376021 0.288946562104764 0.222254350069206 0.164915092919234 0.0821898384875769 0.0148931656578293 0.00458826967572012 0 0 0 0 0 0 0 0.00250644816053565 0.00465936458509026 0.00162807100975002 0.0351659750854265 0.111132822370405 0.223346279699909 0.3357962076342 0.357829895031223 0.37196521728513 0.375057704461815 0.385455353260747 0.398035055279502 0.402555268423398 0.403209717046537 0.397312205124123 0.393634149464579 0.390962029822872 0.388930694993309
-9999 -9999 -9999 -9999 -9999 -9999 -9999 -9999 -9999 -9999 -9999 -9999 -9999 -9999 -9999 -9999 -9999 -9999 -9999 -9999 -9999 -9999 0.362897790106821 0.365323889800553 0.372800781891226 0.361450188563071 0.301843727289387 0.255084399413742 0.216866058181484 0.120713129544952 0.0372988179733118 0.0114909777665157 0 0 0 0 0 0 0 4.25442338756747e-05 7.90876507008041e-05 2.76347362357609e-05 0.0433436397116762 0.136976182268888 0.254853584731856 0.367892662236003 0.37496338149398 0.381951468844383 0.388824027156697 0.400468521903959 0.413218817782713 0.414999752620805 0.413348374234528 0.405879678030449 0.398043269878158 0.39007005626668 0.386147881140792
-9999 -9999 -9999 -9999 -9999 -9999 -9999 -9999 -9999 -9999 -9999 -9999 -9999 -9999 -9999 -9999 -9999 -9999 -9999 -9999 -9999 -9999 0.365649784867411 0.365664325146079 0.367846119926866 0.354450215597347 0.30131513764613 0.245855244270838 0.188849775172918 0.137149594905883 0.0842472613792222 0.0259548012511057 0 0 0 0 0 0 0 0 0 0 0.0444492710214492 0.140470239455065 0.264863029346653 0.384545516494397 0.38888548514486 0.39320959633852 0.397511536959279 0.40772676867621 0.419204641273314 0.415167930179964 0.41024755829896 0.403829498034386 0.395092638178103 0.385371372414983 0.384248453599732
-9999 -9999 -9999 -9999 -9999 -9999 -9999 -9999 -9999 -9999 -9999 -9999 -9999 -9999 -9999 -9999 -9999 -9999 -9999 -9999 -9999 -9999 0.374714185052912 0.370185970511565 0.366207414167668 0.35067263419557 0.305756106294025 0.238187500510002 0.155559418915694 0.147128207874316 0.126573639978687 0.0457557823631392 0.00654867250366364 0.000739116005310448 0 0 0 0 0 0 0 0 0.0432455748973891 0.136666274195516 0.267882276058972 0.395903594086913 0.398314860283292 0.401498111597029 0.405760688084847 0.41302878733373 0.420551124900778 0.413270453198157 0.406346676065064 0.400027788113891 0.391007162171909 0.380850589286529 0.382248077141414
-9999 -9999 -9999 -9999 -9999 -9999 -9999 -9999 -9999 -9999 -9999 -9999 -9999 -9999 -9999 -9999 -9999 -9999 -9999 -9999 -9999 -9999 0.380133907604401 0.383987765758203 0.372233191701499 0.354335463255891 0.322299273419575 0.235867992279567 0.113273955301615 0.14299514862329 0.157151584569977 0.0776562925961094 0.0283224020003254 0.00319660826153178 0 0 0 0 0 0 0 0 0.0369617956239083 0.116808041226911 0.25552813759595 0.395582670166302 0.397430241249609 0.402830597938388 0.41319816300448 0.414099541728356 0.411487304547104 0.407072002086495 0.401126540036235 0.392587659476917 0.384583920677745 0.376898911184075 0.379976917886204
-9999 -9999 -9999 -9999 -9999 -9999 -9999 -9999 -9999 -9999 -9999 -9999 -9999 -9999 -9999 -9999 -9999 -9999 -9999 -9999 -9999 -9999 0.485690176302945 0.402938716900678 0.372309250649043 0.343072421912261 0.312517042559112 0.231020152476133 0.115656504007662 0.151511871700514 0.172696715012227 0.103425993121305 0.0486437315545457 0.00549017537980035 0 0 0 0.000841114979731826 0.00249415116366703 0.00141353625143071 0.00458376037109932 0.0362210208608223 0.0802045847196086 0.138512788935284 0.263077681713796 0.39240825724559 0.395916544803335 0.402874052013668 0.41465397032788 0.412668016197975 0.405759801502874 0.399572856934058 0.393243286890329 0.386671985494523 0.380677434140241 0.3749949908217 0.376539583306398
-9999 -9999 -9999 -9999 -9999 -9999 -9999 -9999 -9999 -9999 -9999 -9999 -9999 -9999 -9999 -9999 -9999 -9999 -9999 -9999 -9999 0.5391960294496 0.492220546304858 0.419568872558077 0.36871990439402 0.322614094734844 0.286516691574449 0.224614699557543 0.145557390324482 0.167821665539803 0.178980675469376 0.125418724791095 0.0680702903346484 0.00768275418328232 0 0 0 0.00220041030328234 0.00652485813559803 0.00369790077059729 0.0119914087745293 0.0947564951500083 0.153958891080029 0.185822977203273 0.282889160681858 0.387475913546347 0.394015296645581 0.402123380197806 0.412424689825816 0.409694927025149 0.402087682195891 0.391272401495283 0.383719384158327 0.381695472573435 0.378321428785663 0.374352619516684 0.372383810528233
-9999 -9999 -9999 -9999 -9999 -9999 -9999 -9999 -9999 -9999 -9999 -9999 -9999 -9999 -9999 -9999 -9999 -9999 -9999 -9999 0.495821240821546 0.492946736552611 0.460953885606524 0.413045323543745 0.373029174670464 0.32618047166021 0.261255353881235 0.200021788175718 0.141242427309204 0.137050139952389 0.124627865682071 0.0700918979638657 0.0307007228339678 0.00346503747263143 0 0 0 0.0010128897326519 0.00300351339143383 0.00170221240889315 0.019026033295075 0.150344322802009 0.237532583636674 0.273519543906068 0.30645217181203 0.338856950398436 0.374256341171346 0.39874548193187 0.407980821512658 0.40428328506867 0.396020684414196 0.3894950043075 0.38385751712123 0.379725399685295 0.375196767595411 0.370490684941526 0.365985366506689
-9999 -9999 -9999 -9999 -9999 -9999 -9999 -9999 -9999 -9999 -9999 -9999 -9999 -9999 -9999 -9999 -9999 -9999 -9999 -9999 -9999 0.454335333499028 0.433589712276245 0.401504803216174 0.370629335786002 0.324619173655524 0.240083400180766 0.17700971841157 0.128204389972028 0.107157828959995 0.0798841579571911 0.0246106212706183 0 0 0 0 0 0 0 0 0.0239028916179649 0.188881413039626 0.296861457698803 0.338709749710544 0.318083123750315 0.290175792381825 0.35553478734108 0.396326788078776 0.402771267447674 0.39884383725975 0.39142338866679 0.388396125153324 0.384156458784116 0.377861929622962 0.371630102638085 0.365429747895631 0.359672676878716
-9999 -9999 -9999 -9999 -9999 -9999 -9999 -9999 -9999 -9999 -9999 -9999 -9999 -9999 -9999 -9999 -9999 -9999 -9999 -9999 -9999 -9999 0.425090535773553 0.379860910426322 0.347054343403612 0.303326534996077 0.230723058526724 0.162206860851673 0.0964079536809213 0.089121464346446 0.0751959149177928 0.0231662726435842 0 0 0 0 0 0 0 0 0.0225440086738229 0.178143476611379 0.283361971246246 0.330126586868273 0.2940848851175 0.249928415667826 0.343368395829843 0.397230934739374 0.395759597763139 0.393804003360677 0.391595805748753 0.38799479000217 0.383020110507637 0.375717252296813 0.366922609091402 0.357497873243602 0.354053020550329
-9999 -9999 -9999 -9999 -9999 -9999 -9999 -9999 -9999 -9999 -9999 -9999 -9999 -9999 -9999 -9999 -9999 -9999 -9999 -9999 -9999 -9999 0.440618289615012 0.305525341059299 0.296091655787195 0.274511578386424 0.210402687028304 0.144204611420365 0.0766176115893774 0.0629551250184962 0.0482642047247876 0.0148691817474732 0.00287958688100133 0.00807038328604194 0.00420037641265011 0 0 0 0 0.0156947140983176 0.0530812492659657 0.199096914340392 0.291522997824279 0.321772455624062 0.297844874244445 0.270256535725956 0.347700318919527 0.392108115594472 0.390327752551772 0.38940896168572 0.38852811565307 0.382780164555847 0.376399547479299 0.368946645085635 0.361344870628264 0.353717364078751 0.351859377855514
