layers/veg100/veg5100.asc
NCOLS 255 
NROWS 330 
XLLCORNER -2985163.8955 
YLLCORNER -3022031.214 
CELLSIZE 25000 
NODATA_value -9999 
[rows 75 to 99 of 330, columns 171 to 227 of 255]
0.772678705250657 0.776757703194994 0.778582571288513 0.777719511222327 0.766369021644495 0.753518798711107 0.756035108442162 0.758665900218272 0.761461302831485 0.753898992711352 0.743364409423005 0.751252653595523 0.756198513533783 0.756009389891397 0.754674551542009 0.752810169297005 0.762864839627844 0.769675948404067 0.769542174817389 -9999 -9999 -9999 -9999 -9999 -9999 -9999 -9999 -9999 -9999 -9999 -9999 -9999 -9999 -9999 -9999 -9999 -9999 -9999 -9999 -9999 -9999 -9999 -9999 -9999 -9999 -9999 -9999 -9999 -9999 -9999 -9999 -9999 -9999 -9999 -9999 -9999 -9999
0.765850971976566 0.766884641372425 0.766655316032213 0.764919937650997 0.751521839441135 0.736824622081697 0.742847542919152 0.74793477767619 0.75167661308357 0.735242230523751 0.713203885056328 0.73088486677574 0.742366646524758 0.743029716752271 0.738530960840846 0.731637020099069 0.749896595272362 0.761377684284102 0.758345162810001 -9999 -9999 -9999 0.752775683060862 0.753154255113063 -9999 -9999 -9999 -9999 -9999 -9999 -9999 -9999 -9999 -9999 -9999 -9999 -9999 -9999 -9999 -9999 -9999 -9999 -9999 -9999 -9999 -9999 -9999 -9999 -9999 -9999 -9999 -9999 -9999 -9999 -9999 -9999 -9999
0.753746765360327 0.754517704389241 0.753609079072328 0.750697663942957 0.741601289500064 0.731928770124265 0.734355629617173 0.735454576593271 0.734644151747013 0.714249928069081 0.688922014830493 0.712576622500001 0.727941448129686 0.728839130357084 0.729127908524751 0.729137846300568 0.743343053603957 0.753824027234323 0.756330937688886 0.757242490006703 -9999 0.752672545385659 0.752775683060862 0.753154255113063 0.753309293257565 -9999 -9999 -9999 -9999 -9999 -9999 -9999 -9999 -9999 -9999 -9999 -9999 -9999 -9999 -9999 -9999 -9999 -9999 -9999 -9999 -9999 -9999 -9999 -9999 -9999 -9999 -9999 -9999 -9999 -9999 -9999 -9999
0.743293450150859 0.742915368229417 0.740613262527416 0.736016862333986 0.729708949123803 0.723733111380209 0.725946771338474 0.723833117616777 0.715497329001074 0.696142080077484 0.674916210256374 0.69992530723231 0.71586432721299 0.715974450374698 0.718597977585619 0.722394841204751 0.735381983566888 0.745515251065195 0.749538005513569 0.740646524348797 0.724376134878192 0.734778496850447 0.743611885570782 0.744852823993122 0.742062474021769 0.736476112121182 0.74578602162752 0.754910367123714 0.758277774453802 -9999 -9999 -9999 -9999 -9999 -9999 -9999 -9999 -9999 -9999 -9999 -9999 -9999 -9999 -9999 -9999 -9999 -9999 -9999 -9999 -9999 -9999 -9999 -9999 -9999 -9999 -9999 -9999
0.734896483680793 0.732265418115589 0.727680249602624 0.720764918815141 0.715360548488741 0.711427216494566 0.717641366316438 0.713281306977401 0.693716859728784 0.68162710577502 0.673710263118221 0.694320257265218 0.706711969332114 0.704761318137578 0.706664407723637 0.710365723949961 0.72566769755528 0.736265899251416 0.736792720453877 0.731933272480327 0.723996229552581 0.722802311641716 0.723033670790998 0.726211138299976 0.730479717842226 0.735505068412303 0.74578602162752 0.754910367123714 0.758277774453802 0.75981146775458 -9999 -9999 -9999 -9999 -9999 -9999 -9999 -9999 -9999 -9999 -9999 -9999 -9999 -9999 -9999 -9999 -9999 -9999 -9999 -9999 -9999 -9999 -9999 -9999 -9999 -9999 -9999
0.723632210268326 0.712731169553898 0.697669852725279 0.677647631219664 0.687359977362829 0.702479982742018 0.685413832460153 0.668022027234379 0.650161971001223 0.657944705761512 0.675301330802786 0.692735047028283 0.70415727784545 0.705088397913836 0.709167380393914 0.714711396570456 0.718156015060195 0.721256757469644 0.723621216973771 0.72172020640122 0.717382000665138 0.712707433260941 0.709760600431363 0.711470677096355 0.717929097063266 0.727680862288489 0.738443481919685 0.748323371463802 0.754841414767389 0.755286395978887 0.75065195122921 0.754660994769957 0.758298090176942 0.753999810959451 0.747523654925689 0.738857650259495 0.762629520051098 -9999 -9999 -9999 -9999 -9999 -9999 -9999 -9999 -9999 -9999 -9999 -9999 -9999 -9999 -9999 -9999 -9999 -9999 -9999 -9999
0.711272573157152 0.691313851149358 0.665020076300465 0.631172092931319 0.657776203652223 0.693846264426123 0.649427929703357 0.61860776057939 0.607340049845144 0.635851099866632 0.677860249450278 0.692075450643965 0.702930252761723 0.707920561086177 0.714858640326429 0.722697400712604 0.711579224692925 0.705689967725566 0.710996498811565 0.710966561352602 0.707887483917429 0.702731923291269 0.698804930312144 0.698423769581475 0.705726214523069 0.718357837390207 0.728602363452212 0.738680545480649 0.749011726900111 0.75184683086692 0.748412318313659 0.750151021305516 0.752175300119623 0.751755852150538 0.747182935477062 0.738433718429663 0.761909283948926 0.788229256118395 0.786343097041061 -9999 -9999 -9999 -9999 -9999 -9999 -9999 -9999 -9999 -9999 -9999 -9999 -9999 -9999 -9999 -9999 -9999 -9999
0.696582553218464 0.679733193237961 0.662344934175788 0.644314067050761 0.658102335466232 0.676996446336503 0.654740862652418 0.643764128463164 0.649004966697879 0.663780874573726 0.681556017762806 0.687795894782041 0.693599686404665 0.698642431483712 0.706015309915449 0.714468187958412 0.707847674386717 0.703987249767942 0.706036530504349 0.69935948030313 0.687696397806701 0.687519324425543 0.688443139099224 0.69084175339886 0.700836730388441 0.716100375512282 0.716252829601581 0.717593732729976 0.728189955082476 0.729592895636526 0.72330670119947 0.694725511497852 0.676929012519959 0.724178625377026 0.742995649389818 0.733223790261045 0.753057911882213 0.776719964973558 0.782272166364409 0.785310823479998 -9999 -9999 -9999 -9999 -9999 -9999 -9999 -9999 -9999 -9999 -9999 -9999 -9999 -9999 -9999 -9999 -9999
0.679098631677019 0.665346034992344 0.655828364119267 0.651360613657439 0.655157331608405 0.660410485260742 0.656258991515997 0.65899453365782 0.671632770514035 0.676845261264252 0.679206014845456 0.679909272932009 0.68255226110482 0.688580423119936 0.696626707401669 0.705608577718596 0.70214574193167 0.699859384286999 0.70009201762274 0.689955645836672 0.673894654095657 0.677201962905771 0.681011664662919 0.683692374217807 0.694295337367055 0.710392999330434 0.706764632944724 0.704744669662484 0.715001197460337 0.71537217037148 0.707475000561411 0.65696637209711 0.623752575782789 0.69980709055204 0.728624366145507 0.709944738867301 0.734865558214591 0.765051897592834 0.766179049349325 0.76575403545875 0.763452587866789 0.772619436095497 -9999 -9999 -9999 -9999 -9999 -9999 -9999 -9999 -9999 -9999 -9999 -9999 -9999 -9999 -9999
0.657413316787509 0.646738537768467 0.643535159071732 0.649241021921779 0.647293282771071 0.644221305196087 0.652070597062425 0.659298545748983 0.665633080792346 0.667555481198285 0.667764545355311 0.666598443216706 0.668923069956574 0.677339639164987 0.686418139509245 0.695800992861447 0.69348080231663 0.692084647827313 0.692666973350314 0.683864993741738 0.669701029951197 0.674245926352563 0.677986721008105 0.677193582809313 0.685269848627484 0.69949773571776 0.701579237446163 0.704283310831897 0.713290759273292 0.713231568070943 0.705589163641278 0.645773440697 0.60376418135714 0.680256188212896 0.698938664572998 0.659493830723647 0.70262649011588 0.753145066820937 0.732007295040186 0.731874181817552 0.757133879780417 0.772619436095497 0.784081095632476 -9999 -9999 -9999 -9999 -9999 -9999 -9999 -9999 -9999 -9999 -9999 -9999 -9999 -9999
0.638949813227182 0.621754277712083 0.61444620516549 0.61892839844206 0.620983305097228 0.623206611310847 0.634064208077325 0.64191674276274 0.645448374685822 0.648069292069032 0.650309927628729 0.651717536644896 0.656414817771058 0.66685316156125 0.673972624696041 0.679544037056885 0.676945102847759 0.674927118506046 0.674153022532103 0.669861269140677 0.663559604182475 0.666885728105932 0.669649669828637 0.669684136139082 0.674852529687488 0.683581700932576 0.689452694807064 0.694729623459467 0.698961069428541 0.698915261736095 0.695292017659596 0.633062175615943 0.588043776193293 0.663477229017093 0.692121475687812 0.673719315352706 0.701184753234408 0.732454579903744 0.72200763896816 0.727869697758098 0.753447923297839 0.7613962902035 0.765568338529113 0.784808265484097 -9999 -9999 -9999 -9999 -9999 -9999 -9999 -9999 -9999 -9999 -9999 -9999 -9999
0.622573480760193 0.596402712944387 0.581544775417522 0.580176777296127 0.588773148081229 0.60018966338629 0.610748842239066 0.617671261626527 0.619364476559729 0.624482053706743 0.630850910442697 0.63666857737851 0.644738830918391 0.656740248543234 0.660715593638032 0.660952524404559 0.657344939500899 0.654012176995417 0.651267844582567 0.652677469864501 0.656460574603859 0.657750667087607 0.659319165063748 0.661949172462554 0.664193481887749 0.666170279780655 0.674868780548949 0.681734363036861 0.680029429958446 0.679951980570435 0.681235736252138 0.620383178523133 0.575590598005819 0.648577046914368 0.693891223616542 0.711381013285139 0.711048260640755 0.708918230649365 0.720948207873576 0.734594732706508 0.750195523450833 0.746090518898861 0.740119630628835 0.775167400505402 0.794509700747097 0.79094946414944 -9999 -9999 -9999 -9999 -9999 -9999 -9999 -9999 -9999 -9999 -9999
0.628457659268279 0.629392970211629 0.624904068798832 0.613947086973093 0.593706669499108 0.57440830277322 0.591067937649058 0.596209631760725 0.58478997015934 0.598583825079029 0.621296137430407 0.6338727425763 0.643694262782319 0.648707669974128 0.649351129729032 0.647957240798759 0.638714189824334 0.631416749874526 0.628285113305482 0.633771057318191 0.644180896080519 0.647522573937852 0.651678160943441 0.658908961796083 0.661872884820726 0.661877396326627 0.667809646557294 0.672539059128728 0.671122506909413 0.665035217684366 0.655041387995057 0.624853002658536 0.606292962959746 0.655088446382998 0.68422313010647 0.693588938467756 0.698464347417874 0.702081715959055 0.704093370396052 0.713088401119735 0.730525728346095 0.739977824065255 0.748648173565939 0.773676912238271 0.788873764878609 0.789733247336266 -9999 -9999 -9999 -9999 -9999 -9999 -9999 -9999 -9999 -9999 -9999
0.634661291404235 0.64264841828383 0.642711174632981 0.633324546915381 0.59697198744712 0.558169439250101 0.572729502187185 0.575193545814433 0.560265029208577 0.580028320296636 0.611899502555365 0.626459100093421 0.636727826338434 0.639508219353574 0.639036050199123 0.637045364097242 0.622803286484847 0.612529172742107 0.610750979866288 0.619550328464913 0.634393450073349 0.637143893614763 0.641024241346296 0.649464620814442 0.652505445397629 0.651801258858685 0.657104168243902 0.66173309499657 0.661994598173261 0.654209266389756 0.639693672049681 0.624684771258834 0.618769054723299 0.65446596336371 0.672551179559011 0.672927891615062 0.677728218963272 0.683224928918548 0.686815151342735 0.696863158118879 0.714718066315117 0.734015534238736 0.753491351832373 0.77039307505448 0.778573979245893 0.774037729237964 -9999 -9999 -9999 -9999 -9999 -9999 -9999 -9999 -9999 -9999 -9999
0.641449211282782 0.619808464366217 0.613782764956517 0.626377166732907 0.597186124395583 0.559384013712838 0.556846472417865 0.554992369539669 0.554120965475432 0.57490281963932 0.602792105826866 0.610599385348172 0.61893016193644 0.628174533972938 0.630640317881078 0.629944084649302 0.611867042181439 0.600423335150675 0.603182452240447 0.613899818600098 0.629164352395478 0.626489786024946 0.624859632782112 0.628306984009332 0.630249175629758 0.63114742203838 0.639729445612734 0.647981197732724 0.652462501733458 0.6508654998682 0.64418468622109 0.616033433823696 0.597908890175441 0.640795451675657 0.657214130221908 0.64701943152981 0.642081508754964 0.642382798203351 0.668762558034146 0.690297142808981 0.705974330996466 0.728328338492854 0.751593916700814 0.7638291630843 0.771498893083722 0.772510948425358 0.772789445476178 -9999 -9999 -9999 -9999 -9999 -9999 -9999 -9999 -9999 -9999
0.629366905317713 0.59402511987957 0.587601119496445 0.615660016687935 0.589616277941254 0.551628165524529 0.551468901013733 0.551348540895044 0.551284120417795 0.568492369673883 0.59123936046708 0.595269355186109 0.600064373769063 0.606194494999156 0.607035816562759 0.605411900917808 0.59579567098715 0.591291035868121 0.597730982516953 0.609465473173725 0.624225149054469 0.613470013928455 0.607302519707726 0.616641271271319 0.621445011016655 0.623103367473884 0.629612128944857 0.636509664897978 0.643066503850508 0.640343405473001 0.629858694604546 0.604020921758653 0.588518080985505 0.631002896088731 0.646671503100398 0.635376492988475 0.632100722278061 0.634772641874028 0.664090290531981 0.683924767311222 0.692294911438279 0.716649673249407 0.744172501698624 0.755407243639759 0.763985561543671 0.768690143049512 0.770475037545456 -9999 -9999 -9999 -9999 -9999 -9999 -9999 -9999 -9999 -9999
0.608053486502001 0.566801900177256 0.562763161741317 0.603098735506958 0.578238589979663 0.539484082426047 0.551230487588975 0.555804389792587 0.550065131397937 0.561453336236849 0.578490376685897 0.580198441062357 0.580676070868772 0.579006373605977 0.575991347958179 0.572352705063421 0.577212250587678 0.58361335975343 0.593315154898111 0.605626062395682 0.619427758925475 0.599292984032887 0.589064208306132 0.609618906363864 0.619221472506889 0.62122788365094 0.623045057727419 0.626153661975809 0.633737083927332 0.626309749783854 0.606327624819922 0.590364158979467 0.584737957884359 0.623107395189757 0.638474256097417 0.630712095156536 0.634675431445146 0.643419212324129 0.665963535442919 0.677647118340482 0.676201007888861 0.702040045147774 0.734048814768528 0.746076406791933 0.7562578450475 0.763747125369431 0.768098207963444 0.771122482972383 -9999 -9999 -9999 -9999 -9999 -9999 -9999 -9999 -9999
0.595223755559728 0.556852946149031 0.556701464320488 0.60212446739384 0.578081783668336 0.537949269342561 0.538963424556039 0.538476709136389 0.53583192979338 0.535125621197726 0.535235311465296 0.53725345444645 0.537331266592391 0.534022856482299 0.541165343141865 0.553173328103153 0.563031237720773 0.567842529702223 0.561848364403584 0.57001986152372 0.58628530451961 0.589591766846811 0.592562751493934 0.596290898732787 0.600979637298275 0.606334620633696 0.611918039705171 0.616399617024604 0.617040265845569 0.610936554737894 0.599191953352204 0.577043013872129 0.563206742578642 0.594605934543144 0.609259873758025 0.607076511359013 0.614654074918303 0.628019748720645 0.664493685766085 0.687146782109183 0.693091680249087 0.711530032273412 0.732522680900091 0.741587047501452 0.748705791733323 0.752987327716815 0.756481041278457 0.759225665486779 0.751918155171834 0.75083965254976 0.760792994911916 0.763988992100667 -9999 -9999 -9999 -9999 -9999
0.580526746876512 0.548050657554151 0.550710553373154 0.595268214685184 0.571430659947103 0.531175140530256 0.525757848733992 0.521113835276193 0.517581699183516 0.509365227336648 0.499952514093291 0.501923498524233 0.502402679627608 0.500278398714217 0.514276649786152 0.535778263508118 0.546046227681579 0.549106754707078 0.536735232028024 0.542108170957407 0.557619902384253 0.577049196337036 0.590176305341621 0.585973378887325 0.586938823732325 0.591488935908531 0.600657822922803 0.607142744636035 0.602874420317065 0.598326893192837 0.593545844666068 0.566490501196616 0.546476818871244 0.574512049918755 0.589570733310772 0.591581536802166 0.602210723575058 0.618751324137717 0.660840383411894 0.689633864626176 0.702354144634027 0.716580372646417 0.730469785798383 0.736303071778828 0.740995266776447 0.744023463251336 0.747717447511553 0.751406422599519 0.749337037633251 0.751510926163769 0.761199837592047 0.762778162396438 0.760520452281213 0.746270978782976 0.738203903580697 0.743664130176875 -9999
0.561423744268236 0.541418602467658 0.544431885938294 0.57489339891358 0.549891092297969 0.512352629852739 0.510725756734719 0.504190465170303 0.490597482865529 0.485341421249406 0.483344846646707 0.484401715780147 0.486992758732199 0.49226120774044 0.505347986741443 0.522069856938796 0.52264349212996 0.523888458426652 0.526570830943622 0.532276291519011 0.539709077679263 0.558003049050272 0.574022830223034 0.582583797627786 0.582737594335007 0.577060364515279 0.589206311158954 0.598990866728666 0.594582221708241 0.591970920728145 0.590862893688142 0.562163266291782 0.540979184345975 0.573837589058291 0.591827109249325 0.594866010474479 0.607366499894182 0.623858871328116 0.652350888730047 0.675957185869274 0.693657070781293 0.711061448060016 0.727026210029991 0.729114813503364 0.732923777313271 0.739241460499321 0.745598400557701 0.751666913030867 0.750959443703966 0.753693498130179 0.762522641602011 0.763402398712122 0.760522363209543 0.746270978782976 0.738203903580697 0.743664130176875 0.745668121277829
0.550801296068811 0.551699465977559 0.553902178717611 0.557660488359293 0.534639618673774 0.505921157427098 0.498039802761337 0.489890023973817 0.481354284930602 0.48021875924844 0.48176500587511 0.481660142529492 0.482933512512449 0.486612144673652 0.496324137860095 0.508842972600863 0.513941044457087 0.52071951006777 0.531095914780758 0.538006004091849 0.542935517527148 0.554785440193751 0.566858594885201 0.578645121167536 0.578078296021564 0.56894346120067 0.575576480934309 0.581371534483339 0.578882183965783 0.579530498199273 0.582803112259153 0.558648293993384 0.540926043959438 0.572214114268334 0.59076998767935 0.596523675146535 0.607424053765842 0.621115140897792 0.645312373988428 0.665691469645569 0.681454768161291 0.692293915405582 0.701552697493442 0.709624337726519 0.716566339401634 0.721861043078641 0.73168804132907 0.74283909987261 0.745129902894746 0.748574107635971 0.754061037253601 0.75043857408772 0.742507674253261 0.737484104229946 0.735850113729242 0.741569118125771 0.743408926374701
0.545254425265731 0.57210264262827 0.572798160269772 0.542307995326512 0.523151543804 0.506905671107605 0.486758002874922 0.477159395084755 0.482729014498056 0.486408355274994 0.48917925837979 0.487764464676879 0.485667599020673 0.482380396548422 0.48724332064182 0.495904277364213 0.514036659420218 0.530747006955194 0.544412595727853 0.553049266328482 0.558812524426774 0.561041147349431 0.565074383074355 0.574377813458099 0.573144845320841 0.564604065615952 0.560642935951332 0.558085969239317 0.558748584565706 0.563448557000029 0.571525319626449 0.555619457568465 0.544131411219079 0.57002265849304 0.587729751297968 0.597207701234156 0.604430342193243 0.613672452674971 0.639142264852401 0.657467200654983 0.667154600349646 0.665597144590381 0.662894357207112 0.68277103470223 0.69524979497116 0.696940525607979 0.710720629557666 0.728571973899809 0.734840402120753 0.739084522243257 0.739743504211597 0.729342350136256 0.713710123384335 0.723438320917447 0.732087590204276 0.738220249864445 0.741415035610529
0.546378260043127 0.563015069796955 0.564593913147561 0.548216944454593 0.526885244249618 0.504841505344885 0.490023154772082 0.484023706807438 0.490704735855389 0.496509311250675 0.501602663790122 0.498774428558139 0.496729167651442 0.496050336138158 0.502809900718258 0.5130274727554 0.506560943514944 0.507192194801262 0.523020706865932 0.535226333395708 0.545361923342186 0.549057093902895 0.553304119902133 0.559846456139984 0.562552269370811 0.562597155610853 0.55780894474746 0.553502190155624 0.552501680188283 0.556831950206546 0.565620811597927 0.55086786490454 0.538331547444815 0.552869037066991 0.567239613877783 0.581442360355374 0.593023749919165 0.605878549548377 0.630695764570833 0.650951807692519 0.665693789419664 0.664626049775625 0.659912098897775 0.666043735655859 0.674329206751825 0.685755511672949 0.70106583360981 0.717181263776731 0.718341770962188 0.716722999512335 0.710182004076818 0.700856416464221 0.69021381032713 0.71271345667753 0.730098124983277 0.736135479939995 0.742060761365626
0.547426160139469 0.552709285947247 0.553861821996793 0.550088852746233 0.528165242855137 0.502525965860126 0.492448931768675 0.489201006237044 0.495772483181773 0.500943463978764 0.505299753572706 0.503633997890484 0.502407833087489 0.501948832518436 0.508809339436052 0.519067100181273 0.496277353022775 0.486426407294255 0.504279099167517 0.518325844893275 0.530197957254688 0.535622923201854 0.541045067100811 0.547282085074415 0.553332180763465 0.559252631315176 0.556708856828674 0.553538934682169 0.551142081712368 0.553977034051728 0.56118779670032 0.546174402943976 0.531914874793847 0.53714010437729 0.547727413893295 0.563706278762469 0.57867018977691 0.594750583132313 0.619468098872638 0.641830019820861 0.661344230885114 0.662320207770655 0.65788473473313 0.654505329247479 0.659697513666508 0.67738923857224 0.692096888429309 0.705030413570693 0.703640160044822 0.698450892639768 0.686533405544755 0.677097661856836 0.668835699402335 0.701299057751232 0.72620139828245 0.734385389143551 0.742378917701828
0.547134918477666 0.543938604478081 0.540565935223202 0.536982971846781 0.519954091069462 0.500015134023627 0.490052994034534 0.48631333024808 0.491520807614542 0.488726298184294 0.48352644123108 0.490309888725616 0.491491675691702 0.482897569182337 0.483654043417915 0.488759601771403 0.479346641220126 0.479194114608526 0.498869367817831 0.509570592257083 0.515144255343751 0.521172205963411 0.529090552794289 0.5419993485005 0.54893953682201 0.551740031869616 0.558461559489321 0.563461227245676 0.561232841852655 0.560141537405725 0.560001271889395 0.541935487535857 0.525276077665298 0.527954662333123 0.533917465505666 0.543182540573215 0.557418893091374 0.574273088556658 0.600775821548215 0.625064804900289 0.646677556860559 0.651909684592289 0.652536178907506 0.655902511315634 0.662746362240981 0.674661312458596 0.683155819710048 0.690249404127846 0.695056773969087 0.693889690150897 0.682141587671945 0.667925138892344 0.652541245260467 0.687378793815662 0.71662338162029 0.73336660572621 0.747212352874362
