layers/veg100/veg5100.asc
NCOLS 255 
NROWS 330 
XLLCORNER -2985163.8955 
YLLCORNER -3022031.214 
CELLSIZE 25000 
NODATA_value -9999 
[rows 125 to 149 of 330, columns 171 to 227 of 255]
0.286435432390242 0.376676174749565 0.429063108385172 0.43631141862533 0.408444762632826 0.372526307420449 0.358211528658956 0.354119823155775 0.364727616128765 0.375116814861333 0.385469528508774 0.396752250438933 0.409915426592899 0.426360329671234 0.446291880977625 0.467844532616956 0.482200818408886 0.492650901216266 0.494737301153279 0.454917112279255 0.391152426378082 0.41451511911076 0.417846196149206 0.356567693184499 0.341731308256529 0.359106143010275 0.464529247896251 0.554694449816908 0.562477188046692 0.58174397763585 0.610615870504003 0.610023497765512 0.610192571758992 0.635114219629916 0.656833821997265 0.675333777176766 0.691506464879795 0.707568542739204 0.726276812740138 0.739268023639711 0.74534780572955 0.746741665363505 -9999 -9999 -9999 -9999 -9999 -9999 -9999 -9999 -9999 -9999 -9999 -9999 -9999 -9999 -9999
0.277414151907376 0.363905147463736 0.41882640768544 0.436102462787473 0.409629114442823 0.37310716847912 0.363334205897831 0.362939434608644 0.376029327385165 0.388675141889233 0.400960648850363 0.409233551821624 0.421238213440084 0.439755457323363 0.448000394179228 0.451470942787445 0.481212195128431 0.501869575859934 0.503077219422802 0.468190016822459 0.412679018270896 0.431466062067749 0.437315718998453 0.399137827757431 0.386375448483212 0.391240702785878 0.458224174818212 0.523395476073052 0.56101445498352 0.585244455553479 0.598276098006045 0.581834862497524 0.573760377747706 0.62495018068122 0.661528380990266 0.683414658512055 0.69598320513561 0.708629473728308 0.735214928272839 0.748951142903054 0.747153740449297 -9999 -9999 -9999 -9999 -9999 -9999 -9999 -9999 -9999 -9999 -9999 -9999 -9999 -9999 -9999 -9999
0.289144342577918 0.372384969567435 0.424766343530899 0.440349724172882 0.41274853034003 0.375523396383838 0.367606901717047 0.368357000439612 0.38156857460126 0.395088810747977 0.408551516488585 0.418452155732367 0.429403329142113 0.442187871433574 0.45405633870786 0.465502935383785 0.491134250184563 0.50923176430871 0.511198442447856 0.480638296402005 0.431493043166632 0.443202039501161 0.449446648430179 0.433335648408102 0.431902031924471 0.440648322075065 0.489057151817859 0.537379707471041 0.571766441626726 0.575696918118307 0.554154197808429 0.549422458707661 0.559538128058142 0.624865324267056 0.670498485702033 0.696329354007047 0.702415858479343 -9999 0.754162180266 0.754162180266 -9999 -9999 -9999 -9999 -9999 -9999 -9999 -9999 -9999 -9999 -9999 -9999 -9999 -9999 -9999 -9999 -9999
0.311183209188394 0.391421542958093 0.438742321867501 0.446810693633878 0.416829225003961 0.378851376612375 0.371457353592907 0.372084537376253 0.38424521154901 0.39795323891805 0.412217787920564 0.426049954511768 0.435999813477255 0.43917435544608 0.462271949912179 0.494639461710574 0.506476385890654 0.515671709007699 0.519211024577613 0.492676928325273 0.448959550388489 0.45234738664995 0.457931996262561 0.463374367737526 0.477866985304285 0.498636652182315 0.538339139996605 0.573859206017945 0.588586315516061 0.55966753845918 0.494243939632944 0.51491182002084 0.55634907774823 0.629787487630903 0.681592546588053 0.71164533581846 0.710693620816591 -9999 -9999 -9999 -9999 -9999 -9999 -9999 -9999 -9999 -9999 -9999 -9999 -9999 -9999 -9999 -9999 -9999 -9999 -9999 -9999
0.322521694487234 0.389933931167074 0.424790414789941 0.420825920388649 0.408001223993892 0.393085499710965 0.38303572895745 0.382085099529707 0.394217895278817 0.409857435683945 0.426930047891968 0.446566438987071 0.462283999576528 0.471162504250877 0.488555786801179 0.509908172760581 0.514287789889996 0.515885827777736 0.511528146838732 0.486476728677333 0.449601367230153 0.477341084860471 0.502438418443262 0.512236707038988 0.527238688754019 0.545849836228667 0.576973411579819 0.603455408665723 0.609784788659954 0.597755278494842 0.570370644031694 0.587274844764166 0.615475593955925 0.662915498210341 0.699104330819241 0.723980244500753 0.727743337294579 -9999 -9999 -9999 -9999 -9999 -9999 -9999 -9999 -9999 -9999 -9999 -9999 -9999 -9999 -9999 -9999 -9999 -9999 -9999 -9999
0.341547595099371 0.389018103876382 0.410215670697581 0.400084172560229 0.400612372687201 0.402983130890622 0.392869104563695 0.391147679602439 0.401493763879216 0.418274307755832 0.437638329308799 0.460757141231108 0.479825555239672 0.491825304816171 0.505603252685856 0.520204508330024 0.520652353463167 0.51808212790945 0.509049824935514 0.482515820073189 0.445981730242691 0.493833100875047 0.535040098539825 0.547738589254981 0.561376836564403 0.575666878136982 0.600724869017444 0.621238389401524 0.622530860594659 0.622904348607835 0.622509211675079 0.639440876099173 0.660756874050493 0.689440265615674 0.714867180828256 0.737019718796907 0.745077607167525 -9999 -9999 -9999 -9999 -9999 -9999 -9999 -9999 -9999 -9999 -9999 -9999 -9999 -9999 -9999 -9999 -9999 -9999 -9999 -9999
0.378504509930952 0.39007062236764 0.395114465356076 0.39238085412697 0.3969311845027 0.402609161678651 0.39846177530423 0.397862602767619 0.402365317166972 0.418422291474556 0.438831214857217 0.460060526544158 0.476732923807359 0.485452695280946 0.500939080415882 0.519571474895181 0.52394918588677 0.525013420413079 0.518983075762723 0.484264555783786 0.433154247583503 0.490365666140469 0.53924807361181 0.552069706313071 0.560555014555697 0.566032744641835 0.590770886381777 0.612217251733782 0.615799200016404 0.616712217338086 0.615392977355956 0.64196341522933 0.6723592272985 0.699951177820598 0.726422473445355 0.751766953918753 0.752965617954272 -9999 -9999 -9999 -9999 -9999 -9999 -9999 -9999 -9999 -9999 -9999 -9999 -9999 -9999 -9999 -9999 -9999 -9999 -9999 -9999
0.379548836958533 0.373694000271709 0.376991139888549 0.391201517185388 0.399615870441842 0.405651706403039 0.404915868850946 0.405914889756773 0.409408419761206 0.422600954355808 0.439304788171205 0.453771716156111 0.466520184705661 0.476269636035835 0.499631667141364 0.529322996104513 0.531507556381811 0.532622573820803 0.531447562515452 0.503208264150411 0.459505031367687 0.504916291870756 0.54227406128489 0.546756957955229 0.551875279607866 0.557434317889314 0.571338003596424 0.582911684112759 0.583659307061989 0.588514819403971 0.596806114175112 0.641266936475127 0.687290698917926 0.714260886390658 0.737987978600243 0.758454148211367 0.762206481777574 -9999 -9999 -9999 -9999 -9999 -9999 -9999 -9999 -9999 -9999 -9999 -9999 -9999 -9999 -9999 -9999 -9999 -9999 -9999 -9999
0.358785899387039 0.346733850121668 0.357032687039 0.393983749134495 0.406166117453226 0.410768866964729 0.411893045701171 0.414779266560614 0.420199083223153 0.429227173717561 0.439341572237056 0.444087146821112 0.451983889953571 0.465379982412165 0.500362584605049 0.545380348909858 0.541653668223426 0.540643345911582 0.545449096163598 0.532593306361603 0.509646103602444 0.530408056520462 0.544582308646372 0.535588148039504 0.538423970202766 0.549464805185171 0.546149231405368 0.541288765994837 0.536090727947566 0.546955124234635 0.571253920618452 0.638615767762726 0.704243717010232 0.73087734483752 0.749559685132625 0.760247029568312 -9999 -9999 -9999 -9999 -9999 -9999 -9999 -9999 -9999 -9999 -9999 -9999 -9999 -9999 -9999 -9999 -9999 -9999 -9999 -9999 -9999
0.330594489487636 0.338656997132978 0.360955090693546 0.400228351961306 0.420444631692243 0.433316146770792 0.42860802765645 0.431689517133761 0.445971487790238 0.458074506846148 0.469241211971852 0.47786913101193 0.488118138729329 0.501196234382931 0.523358609004781 0.549742744953298 0.551522868462196 0.553212482686381 0.554708304893827 0.525474408827742 0.478682232101697 0.50580829508487 0.527002945668245 0.522928305525006 0.527441165007176 0.537910123148151 0.552153831469828 0.564308603150922 0.568032208155672 0.585209153491901 0.613638288433311 0.666466982981789 0.717987180356035 0.745933777842721 0.759484470509748 0.758560123887862 -9999 -9999 -9999 -9999 -9999 -9999 -9999 -9999 -9999 -9999 -9999 -9999 -9999 -9999 -9999 -9999 -9999 -9999 -9999 -9999 -9999
0.312763185045349 0.334601816957633 0.36467460317686 0.404566173892884 0.432077909631132 0.45306260478078 0.445333383529638 0.448897327631745 0.468699428568563 0.484167905711842 0.497730126961246 0.505334409820009 0.514056362375838 0.524728847250393 0.537500157583876 0.551246434213646 0.558014896010575 0.56226508677528 0.56112333544725 0.520535220840861 0.457408327606854 0.490857112397343 0.518930735701853 0.520330337710665 0.525603510564747 0.533563305965867 0.56721227934815 0.597817133607983 0.609192163800237 0.629187920805016 0.656393935652009 0.691169130725058 0.725999622895553 0.75560971449177 0.769711456920029 0.768219600590551 -9999 -9999 -9999 -9999 -9999 -9999 -9999 -9999 -9999 -9999 -9999 -9999 -9999 -9999 -9999 -9999 -9999 -9999 -9999 -9999 -9999
0.326046290207604 0.338649344384016 0.363449711438785 0.402794715638816 0.434701688916912 0.461580710957303 0.460310010242446 0.465490319272597 0.479946372056164 0.498292595292406 0.516712777858826 0.506717220513776 0.501453676557553 0.504448337213804 0.52214218088448 0.546674951812703 0.554857137739805 0.560386321578137 0.560235086807231 0.528524013623421 0.478780347511022 0.512768638825414 0.541798527285085 0.54690573935047 0.549582914602593 0.550574670392047 0.602579182820744 0.649646229709775 0.662308812171667 0.675032745179719 0.687807990944361 0.70125511249741 0.718136868331104 0.750116004282844 0.766682034186113 0.767750232003754 -9999 -9999 -9999 -9999 -9999 -9999 -9999 -9999 -9999 -9999 -9999 -9999 -9999 -9999 -9999 -9999 -9999 -9999 -9999 -9999 -9999
0.331300515624682 0.355328666471185 0.37737362149028 0.397053722546429 0.430623124456725 0.465504240969913 0.473390515062974 0.48296446957191 0.494965097066022 0.506894049318304 0.51736097692461 0.498228785144055 0.489221016509368 0.497882166166265 0.521829565961586 0.552882080361221 0.545852377049156 0.54155385458482 0.543103141505294 0.527664067591807 0.502518220423184 0.52598419579548 0.546230544657201 0.55167769977764 0.556484735548848 0.560847798782796 0.607799160941345 0.651844466382436 0.67131922355777 0.686369467817337 0.697719110069365 0.714201142705353 0.732616999822306 0.756096792835468 0.768351495362898 0.769319402941486 -9999 -9999 -9999 -9999 -9999 -9999 -9999 -9999 -9999 -9999 -9999 -9999 -9999 -9999 -9999 -9999 -9999 -9999 -9999 -9999 -9999
0.330651114084168 0.381296134084131 0.402436429801377 0.388393934600417 0.42161633358469 0.466049383889819 0.485076803420755 0.501086534919786 0.512757209121104 0.511434273963698 0.504527872555521 0.482482032771838 0.477260436026541 0.501400134367407 0.532579789963865 0.567014710372737 0.532548321537479 0.510255348227174 0.514027222878583 0.520297653078659 0.52799570260077 0.532805615433312 0.537106756353915 0.54041761247256 0.550829427342613 0.566166309198444 0.59085213608704 0.617549183541343 0.647898364588767 0.672332419002878 0.691819142510556 0.729250163564576 0.763525832279886 0.770514768438279 0.772678258558597 0.76998977710348 -9999 -9999 -9999 -9999 -9999 -9999 -9999 -9999 -9999 -9999 -9999 -9999 -9999 -9999 -9999 -9999 -9999 -9999 -9999 -9999 -9999
0.339321045427752 0.398378236632519 0.428861847571065 0.425273006564014 0.440290543836015 0.460605612668896 0.479630064321308 0.497148947694577 0.512503012518097 0.514265598031774 0.510160263733686 0.489650863260673 0.480052271350734 0.489494980087611 0.522240988002085 0.565812194038564 0.532298880798609 0.512056417614333 0.520228550836051 0.543392518993987 0.575122489712534 0.580133685648906 0.581531584912411 0.576688291413912 0.585974296231882 0.605060067969619 0.642677734894972 0.675734714305164 0.686844997838075 0.700129288707068 0.715231889538192 0.744381357504762 0.772065014334754 0.78294464456157 0.788156722601443 0.787670093848957 -9999 -9999 -9999 -9999 -9999 -9999 -9999 -9999 -9999 -9999 -9999 -9999 -9999 -9999 -9999 -9999 -9999 -9999 -9999 -9999 -9999
0.347103520892108 0.411769548357235 0.450879557354131 0.459515393948871 0.459278930564282 0.458348312975342 0.476077590094952 0.493787980267713 0.51147121337729 0.516687971084597 0.516299811237298 0.496272706858743 0.48237193630406 0.47916270740083 0.510610624323686 0.55817160380211 0.532348757468155 0.519862498505892 0.53593158799606 0.573118572059045 0.622371853526922 0.627086369838304 0.626605381535873 0.617930986681169 0.62865983751365 0.652846347811055 0.695933427488476 0.72831675001839 0.717650378426102 0.720781430093951 0.73545245761618 0.757581163346213 0.779422116301178 0.794566839109629 0.803623267559157 0.806557934219352 -9999 -9999 -9999 -9999 -9999 -9999 -9999 -9999 -9999 -9999 -9999 -9999 -9999 -9999 -9999 -9999 -9999 -9999 -9999 -9999 -9999
0.347507343408877 0.415364932071284 0.455948152209258 0.464008160266814 0.467295144479972 0.470538172756235 0.487064996140668 0.502238968759559 0.515467711478977 0.51834255238736 0.516223958189969 0.490817213699256 0.476471242224122 0.481428286025843 0.503436067232571 0.533371398143731 0.527784785791623 0.53543219556977 0.571415348430046 0.614088068253276 0.660583058530911 0.654884902772187 0.650606452042144 0.656777254288185 0.68142936378 0.71889969674793 0.724338703475289 0.719559613506769 0.690906296055147 0.69658465593111 0.730977560539877 0.76357991065586 0.792202712093455 0.804064463329641 0.809147247705738 0.807413801155938 -9999 -9999 -9999 -9999 -9999 -9999 -9999 -9999 -9999 -9999 -9999 -9999 -9999 -9999 -9999 -9999 -9999 -9999 -9999 -9999 -9999
0.347354662670678 0.417535821836462 0.459956368056183 0.469273881972206 0.473311418209626 0.476930151188806 0.491597330342826 0.50399073661613 0.513114742372513 0.519009840484093 0.522540251821863 0.502156153968226 0.48906585738436 0.488704540695341 0.498522387566223 0.51308274014287 0.536208029899289 0.561116663621273 0.589843666085428 0.631918111210175 0.681618989556385 0.661248933697494 0.648619986659922 0.665602446403976 0.693301123590713 0.72843233074799 0.721545015048694 0.707636003002247 0.684202150083243 0.696614938875556 0.739009367863279 0.772456782352203 0.800306535055598 0.809226766310846 0.813699106993586 -9999 -9999 -9999 -9999 -9999 -9999 -9999 -9999 -9999 -9999 -9999 -9999 -9999 -9999 -9999 -9999 -9999 -9999 -9999 -9999 -9999 -9999
0.346709174674025 0.418445261733449 0.463025573273269 0.475224088488777 0.477556659997681 0.478187859540112 0.490413424379358 0.499810060186746 0.505139050488492 0.518802838531647 0.534517062714893 0.528367278040763 0.518038854089621 0.50041796172899 0.495610810844385 0.496789249129153 0.55613200495224 0.595758190801909 0.59316866507661 0.629257185946821 0.68744548630274 0.648631803098807 0.623620454955344 0.647842701636467 0.668956174902463 0.687913472101379 0.691123319091283 0.692908345345301 0.69524421858223 0.718099309441003 0.758116392901029 0.783882355382879 0.80426887712566 0.810549958280314 -9999 -9999 -9999 -9999 -9999 -9999 -9999 -9999 -9999 -9999 -9999 -9999 -9999 -9999 -9999 -9999 -9999 -9999 -9999 -9999 -9999 -9999 -9999
0.359299481708196 0.418888890535054 0.457501734492227 0.471101157245371 0.469665091312149 0.464461795722672 0.465360500567864 0.476080169949308 0.500921155845603 0.516214958413982 0.526619031316582 0.509664664969008 0.503368681868368 0.515673472362154 0.522064863992667 0.525717695459524 0.574466709604233 0.609515148726126 0.615228895031056 0.637048283133903 0.668070078378248 0.642534163762732 0.629867492905162 0.658783399393762 0.681763868655387 0.700627650726434 0.719169959527008 0.733363150312234 0.732816355582373 0.749470733980438 0.780511938006788 0.798169929527411 0.810885094760541 0.810848395497264 -9999 -9999 -9999 -9999 -9999 -9999 -9999 -9999 -9999 -9999 -9999 -9999 -9999 -9999 -9999 -9999 -9999 -9999 -9999 -9999 -9999 -9999 -9999
0.37381401187125 0.415149399658752 0.444818441034468 0.460575994112509 0.456491451174251 0.4472009056738 0.443653752965755 0.458161224910918 0.498628985007379 0.512986637657167 0.516143895706848 0.489278022875913 0.484862696643842 0.519627565445266 0.5401511855087 0.554049503595515 0.585509161985022 0.612905213728644 0.631600561123179 0.642547318418079 0.649066702885237 0.641864861407328 0.644949394322678 0.677254516393017 0.702864748065355 0.723831552726367 0.752943937152667 0.774767977317472 0.768903621629829 0.778500317755485 0.801028425873428 0.812006645379769 0.820209083752902 0.824166410618097 -9999 -9999 -9999 -9999 -9999 -9999 -9999 -9999 -9999 -9999 -9999 -9999 -9999 -9999 -9999 -9999 -9999 -9999 -9999 -9999 -9999 -9999 -9999
0.386118067788931 0.390872005264084 0.40396369506897 0.426997704420175 0.427723575387543 0.42564725083435 0.460078698891873 0.48685357997289 0.502619277048274 0.50868163355551 0.510552466458138 0.500665571024852 0.486214239597497 0.463797155903131 0.490029835729813 0.53890641590267 0.561444617950133 0.583060777016897 0.60270272350077 0.627207051542292 0.654489636751844 0.662551546212559 0.676314398763695 0.707753734783678 0.732247685447955 0.751924471372031 0.763063183898007 0.771528338405801 0.77380084895152 0.786947039446672 0.80918782693279 0.821022550686543 0.82901665204955 0.827107626554178 -9999 -9999 -9999 -9999 -9999 -9999 -9999 -9999 -9999 -9999 -9999 -9999 -9999 -9999 -9999 -9999 -9999 -9999 -9999 -9999 -9999 -9999 -9999
0.389550180576439 0.379031451035841 0.381659720138852 0.399965075394163 0.408942710525201 0.419354955492203 0.47070416296128 0.50173524364001 0.503551403692944 0.508109926664648 0.51361524480033 0.517539164023904 0.496889507860908 0.433354594001565 0.458355918090241 0.524567111644233 0.5456293776509 0.569821125706609 0.600713497234834 0.637200921359764 0.676885234662973 0.682798284010887 0.69389954226367 0.723164102659339 0.745786171773711 0.763801156738162 0.770528883248407 0.776092613220926 0.781563799549233 0.794522479961731 0.81374359788247 0.825648654168944 0.834448547662597 -9999 -9999 -9999 -9999 -9999 -9999 -9999 -9999 -9999 -9999 -9999 -9999 -9999 -9999 -9999 -9999 -9999 -9999 -9999 -9999 -9999 -9999 -9999 -9999
0.383540164964295 0.380427032343449 0.379098743947408 0.37989878593606 0.40079070543946 0.429304842252947 0.47515742196365 0.501918625372178 0.501228821654877 0.511511449888226 0.525888422496034 0.540251380999801 0.51748772200507 0.429931515171052 0.446315018871503 0.511083248666455 0.538593610341624 0.574253422188234 0.627362254751732 0.674157111386272 0.717344301967578 0.70257680012798 0.696819215705326 0.722515884284459 0.742461910096504 0.758419418043466 0.775170496054297 0.788962346529987 0.792376648769274 0.801170643484986 0.814464139311264 0.825602830445927 -9999 -9999 -9999 -9999 -9999 -9999 -9999 -9999 -9999 -9999 -9999 -9999 -9999 -9999 -9999 -9999 -9999 -9999 -9999 -9999 -9999 -9999 -9999 -9999 -9999
0.35928356958782 0.369010925029453 0.373791408982131 0.37267301573713 0.388754124714216 0.412856172461522 0.466536195255303 0.49951419841497 0.502725291138204 0.512672529460203 0.52401882034303 0.512372009294334 0.487151049286668 0.438240786157399 0.465134939003853 0.527313763615688 0.553645129058928 0.581106875706394 0.610988913862556 0.663791528173886 0.729690452234566 0.711894549850016 0.698754753834879 0.708725599663764 0.722526183036941 0.738982987154936 0.767579898709142 0.79221498432658 0.79914659633951 0.806826089731719 0.815131100867069 -9999 -9999 -9999 -9999 -9999 -9999 -9999 -9999 -9999 -9999 -9999 -9999 -9999 -9999 -9999 -9999 -9999 -9999 -9999 -9999 -9999 -9999 -9999 -9999 -9999 -9999
