layers/veg100/veg5400.asc
NCOLS 255 
NROWS 330 
XLLCORNER -2985163.8955 
YLLCORNER -3022031.214 
CELLSIZE 25000 
NODATA_value -9999 
[rows 175 to 199 of 330, columns 57 to 113 of 255]
-9999 -9999 -9999 -9999 -9999 -9999 -9999 -9999 -9999 -9999 -9999 -9999 -9999 -9999 -9999 -9999 -9999 -9999 -9999 -9999 -9999 0.579305440884197 0.432026437257552 0.204246637989395 0.242030526385444 0.258709762161791 0.197096697061989 0.127475696455789 0.0525308879554708 0.0230971804636387 0.00318389997953697 0.000980892314116958 0 0 0 0 0 0 0 0.0346672067180114 0.0919561748628338 0.239915198082274 0.319488575948822 0.319718384653725 0.329753127255003 0.344484366158766 0.376933915029222 0.393562561965801 0.388071743967162 0.38751496608779 0.388074705336413 0.376813191107629 0.369638493135276 0.369390409219541 0.365615067390284 0.360274204877648 0.358532071772539
-9999 -9999 -9999 -9999 -9999 -9999 -9999 -9999 -9999 -9999 -9999 -9999 -9999 -9999 -9999 -9999 -9999 -9999 -9999 -9999 -9999 -9999 0.436388523740426 0.215355070923513 0.223381954895076 0.21896790574256 0.161649620822813 0.0964827752474619 0.0260980768132324 0.00924634182625961 0 0 0 0 0 0 0 0 0 0.0194231101035851 0.0627647002050001 0.223269404216957 0.307224616185814 0.302364260430359 0.329286575610932 0.363040057425427 0.377818465935789 0.385147117448983 0.382060140361262 0.378563284436813 0.374880171731552 0.370509924957975 0.366357955192874 0.362575936142529 0.35808376712179 0.353304574401221 0.35317195380975
-9999 -9999 -9999 -9999 -9999 -9999 -9999 -9999 -9999 -9999 -9999 -9999 -9999 -9999 -9999 -9999 -9999 -9999 -9999 -9999 -9999 -9999 0.252732541210454 0.237982384156573 0.214746574237952 0.182424710221455 0.127831868681829 0.0681652522687259 0.00512550645131859 0 0 0 0 0 0 0 0 0.00384498082036949 0.0114014892357042 0.0156151255860354 0.0422808679201792 0.205591025960939 0.292893904306678 0.292010309860502 0.32878336264537 0.371827293631389 0.375793675682753 0.377521799117201 0.376120576121228 0.370215691716551 0.363147100215333 0.364287786409299 0.362375205852956 0.355287741214657 0.350599193193263 0.347014798961646 0.346473513133613
-9999 -9999 -9999 -9999 -9999 -9999 -9999 -9999 -9999 -9999 -9999 -9999 -9999 -9999 -9999 -9999 -9999 -9999 -9999 -9999 -9999 -9999 0.267821602274283 0.276407991609436 0.219121488477664 0.16016985819625 0.103125549507738 0.051652715431649 0.00388388977318441 0 0 0 0 0 0 0 0 0.0222487264944344 0.0659739612459353 0.0723983770038831 0.0888047001526928 0.210223676212125 0.286468941558617 0.310301987619254 0.337493142367388 0.363644763280045 0.371755861394199 0.373725523094646 0.367108740863347 0.363667094827544 0.361308071812228 0.357841777922152 0.353526431312218 0.347772052425036 0.346022140987176 0.346015522455314 0.337184662177788
-9999 -9999 -9999 -9999 -9999 -9999 -9999 -9999 -9999 -9999 -9999 -9999 -9999 -9999 -9999 -9999 -9999 -9999 -9999 -9999 -9999 -9999 0.316363009722653 0.310897806921035 0.236007727734269 0.163854626745271 0.1051124545934 0.0524941752707403 0.00394716112758043 0 0 0 0 0 0 0 0 0.0275529921856741 0.0817026556159041 0.103218721262812 0.127985159643967 0.212266420500135 0.274217171868647 0.310259235605337 0.335719575023594 0.356887591447495 0.366000881553885 0.367449455397086 0.358181862530539 0.356122720685756 0.356361158750969 0.35122469865389 0.345957367719493 0.340468227992018 0.336441333140566 0.333037390845343 0.324515135398549
-9999 -9999 -9999 -9999 -9999 -9999 -9999 -9999 -9999 -9999 -9999 -9999 -9999 -9999 -9999 -9999 -9999 -9999 -9999 -9999 -9999 -9999 0.327615624637478 0.339553570305266 0.264125500707372 0.190825635774752 0.131062117250354 0.0689144805575513 0.00518184269742747 0 0 0 0 0 0 0 0 0.0210977319356541 0.0625609267770074 0.110731920455974 0.160573404607628 0.211984181933915 0.256734622981495 0.293757494164924 0.324535008775014 0.351409977314895 0.358704386105482 0.358947255473715 0.349331250825535 0.347684427972305 0.348624268506805 0.344454047542245 0.339537112637503 0.33335459617739 0.322368606963181 0.309305728749998 0.308810744250912
-9999 -9999 -9999 -9999 -9999 -9999 -9999 -9999 -9999 -9999 -9999 -9999 -9999 -9999 -9999 -9999 -9999 -9999 -9999 -9999 -9999 -9999 0.346097122205444 0.346101582535973 0.280172024598783 0.209869041322156 0.134605205832006 0.0672129693666566 0.00505390204884686 0 0 0 0 0 0 0 0 0.0100008154046077 0.0296553336702841 0.0814474326186812 0.143480778750115 0.226240288784988 0.271211021161739 0.272337808245891 0.307848237433978 0.348755299094088 0.350984149735345 0.349775374444961 0.34376039742391 0.343245570821515 0.344253954212 0.337057765260394 0.329886530565829 0.322757590042752 0.313666828011891 0.303645608017487 0.287308266443099
-9999 -9999 -9999 -9999 -9999 -9999 -9999 -9999 -9999 -9999 -9999 -9999 -9999 -9999 -9999 -9999 -9999 -9999 -9999 -9999 -9999 -9999 0.360264459805008 0.351520251911034 0.291121857027441 0.22150893970172 0.133318480089312 0.0630671956988706 0.00474217152673021 0 0 0 0 0 0 0 0 0.000803912647466466 0.00238383540120093 0.0476666650569971 0.112248941670271 0.236725879275197 0.288765692424859 0.256761259674253 0.294267842157231 0.345389331071148 0.342944396954354 0.34035858207268 0.337575799461113 0.33685172938955 0.336169074104983 0.322977337154392 0.312191665714514 0.305483957692105 0.299978969269162 0.294838921780977 0.264957175565027
-9999 -9999 -9999 -9999 -9999 -9999 -9999 -9999 -9999 -9999 -9999 -9999 -9999 -9999 -9999 -9999 -9999 -9999 -9999 -9999 -9999 -9999 0.368603743132062 0.372756962810941 0.28727294308806 0.20260169248098 0.128339591161285 0.0634421019309063 0.00477036161254347 0 0 0 0 0 0 0 0 0.00573572268438095 0.0170080901570452 0.0254632799600405 0.0552167660859735 0.214155154351009 0.292020119759034 0.275820684656807 0.301821205568323 0.335711758376737 0.333663183130764 0.330315091826336 0.325150125604925 0.316651909000066 0.305839364258845 0.275164799911656 0.256234430303374 0.257208920433805 0.255629176387068 0.252851364421048 0.243710659525107
-9999 -9999 -9999 -9999 -9999 -9999 -9999 -9999 -9999 -9999 -9999 -9999 -9999 -9999 -9999 -9999 -9999 -9999 -9999 -9999 -9999 -9999 0.363374095458034 0.369705807106017 0.262796490611443 0.16422824024577 0.0973743155121529 0.0454370087156059 0.00341651609213373 0 0 0 0 0 0 0 0 0.00883907082338726 0.0262104222503748 0.0202998901862696 0.0359945561988348 0.207977268498631 0.298187270621345 0.293521533076917 0.310123412030461 0.329973300140019 0.325079658774096 0.318933491995062 0.311036148698306 0.291851800715866 0.268435525007922 0.242111267746002 0.226790175255257 0.230117994530817 0.229966156767577 0.228261480432515 0.228931040471849
-9999 -9999 -9999 -9999 -9999 -9999 -9999 -9999 -9999 -9999 -9999 -9999 -9999 -9999 -9999 -9999 -9999 -9999 -9999 -9999 -9999 -9999 0.352000432730518 0.340741784929948 0.216065810563854 0.104853476799663 0.0383733649910591 0.0076024680983769 0.000571647547500566 0 0 0 0 0 0 0 0 0.00996976444002055 0.0295632585065737 0.0335202708776931 0.0575640083685306 0.219484962075901 0.307496842579099 0.309756667498305 0.319233515355466 0.328484595183915 0.317248843721195 0.30610825916976 0.295100729052641 0.262088625533683 0.223399690046197 0.224980636759935 0.225949715929947 0.225881760385592 0.224463550568352 0.222441251471584 0.221128298323191
-9999 -9999 -9999 -9999 -9999 -9999 -9999 -9999 -9999 -9999 -9999 -9999 -9999 -9999 -9999 -9999 -9999 -9999 -9999 -9999 -9999 -9999 0.396262435562419 0.327905285817722 0.229575540536683 0.134575334731694 0.0508165522743742 0.0111661041402087 0.000839605765428857 0 0 0 0.00841354494398319 0.0235799561875603 0.0216375682080509 0.0244237261444068 0.0578404958037446 0.0662574735579731 0.0505423627897718 0.0997184323703692 0.167191984401503 0.262460532207398 0.315122343134135 0.318350233288775 0.317634656136284 0.31477384567007 0.302453049952052 0.285264807166328 0.261271306046524 0.236859442072047 0.213869845158709 0.218960986285958 0.221818120393774 0.220888907513507 0.219901611163089 0.218888877731193 0.217983083072333
-9999 -9999 -9999 -9999 -9999 -9999 -9999 -9999 -9999 -9999 -9999 -9999 -9999 -9999 -9999 -9999 -9999 -9999 -9999 -9999 0.434779489708297 0.438274888918341 0.392913973919025 0.320848830420614 0.254225498495768 0.177578630855508 0.0749845760132524 0.0218677825354301 0.00164429026125386 0 0 0 0.0200665311419618 0.0562388301618513 0.0526140488747433 0.0576657283132308 0.124117259685258 0.132665630215053 0.0853205673724039 0.17584730525842 0.281483073692734 0.30590063331237 0.319597263604583 0.32085507295451 0.310386223540473 0.296705252344102 0.283728168709812 0.261532433865284 0.226447950133549 0.215116868257158 0.212665253150565 0.215858848410639 0.217453559015351 0.216338371196981 0.215801873636289 0.215529425079569 0.215669981889822
-9999 -9999 -9999 -9999 -9999 -9999 -9999 -9999 -9999 -9999 -9999 -9999 -9999 -9999 -9999 -9999 -9999 -9999 -9999 -9999 0.433193024592076 0.431859850682436 0.39664623978452 0.342914020890367 0.248649251381868 0.151783364993491 0.0520897040958328 0.00789373492868718 0.000593548588986119 0 0 0 0.0401928077259782 0.112645104001181 0.112981695536471 0.111089733096867 0.144329080890671 0.170797153334674 0.190728970726178 0.226401176266175 0.263956486665319 0.293172803818652 0.303508235920993 0.291937362962589 0.280843258491127 0.268951754889052 0.248582794297967 0.231220277239285 0.218061118659953 0.211067971610347 0.20691027687264 0.213687458713585 0.217573087215482 0.216557914519822 0.213403695333234 0.209324311091438 0.210799735535618
-9999 -9999 -9999 -9999 -9999 -9999 -9999 -9999 -9999 -9999 -9999 -9999 -9999 -9999 -9999 -9999 -9999 -9999 -9999 -9999 0.416568322585913 0.419810012603207 0.392038755833507 0.347316224068291 0.237164589409201 0.130660401979842 0.0395059291019385 0.00199609021582672 0.000150090741809339 0 0 0 0.0474797428563036 0.133067602752738 0.152985702941352 0.163656505736707 0.175707145942691 0.205766556794343 0.253209682240541 0.246505647583808 0.236538525036896 0.274231627106685 0.282185042237892 0.255633366493951 0.244056595824179 0.23591711485348 0.220828166139589 0.211630049493802 0.210668002694998 0.208302494676536 0.205913777123764 0.212142400623339 0.215740476456523 0.214880121252109 0.211419990223134 0.20682880365059 0.20806717226343
-9999 -9999 -9999 -9999 -9999 -9999 -9999 -9999 -9999 -9999 -9999 -9999 -9999 -9999 -9999 -9999 -9999 -9999 -9999 -9999 0.413944137913259 0.409198846406721 0.376604234210457 0.328787544064225 0.218009357975173 0.115603232313415 0.040308483109193 0.00658359437560222 0.000495036023808508 0 0 0 0.0380980684165778 0.106774348990198 0.166552719522211 0.215110381117185 0.221581730128062 0.236630754530215 0.259959736727404 0.227079341025665 0.196279136772227 0.247224004052616 0.254066619236732 0.209740161272122 0.197865839663274 0.196026258393099 0.202668536616826 0.205959511242656 0.204564972821838 0.207203210840527 0.21109494526362 0.21141047434775 0.211373511248552 0.21073912043088 0.209974372822247 0.209149273993196 0.20810984515169
-9999 -9999 -9999 -9999 -9999 -9999 -9999 -9999 -9999 -9999 -9999 -9999 -9999 -9999 -9999 -9999 -9999 -9999 -9999 -9999 0.385417667353857 0.386608736187367 0.350612213928307 0.294289436077976 0.193970785275564 0.103005335125299 0.0398755471433078 0.00942829610851803 0.000708935871588089 0 0 0 0.0303405107196283 0.0850328747561591 0.159275421538459 0.22228205044701 0.225550982152409 0.229524893661012 0.234179316234749 0.195103343934238 0.159987803518342 0.202292121646332 0.213885562004297 0.189847099763603 0.184427007248567 0.185405451785396 0.197089911518957 0.202713767448524 0.199864192856306 0.20121714014928 0.204072834816176 0.206709270975394 0.208195842655488 0.207733545836349 0.20713693646328 0.206475571557722 0.205235098659349
-9999 -9999 -9999 -9999 -9999 -9999 -9999 -9999 -9999 -9999 -9999 -9999 -9999 -9999 -9999 -9999 -9999 -9999 -9999 -9999 0.277541267925566 0.336064129073146 0.315564635576707 0.251872546627657 0.166792403572309 0.0906783930132277 0.0393125829194083 0.0130579077086314 0.00349753004980176 0.00370218963185075 0.0045900089020172 0.00489401497152912 0.0272492236980843 0.0673031342536172 0.144215992919797 0.211085633881751 0.212575380818866 0.208004167398391 0.197582360003555 0.161095592066559 0.129040369187451 0.155353276828018 0.172546244553138 0.179157918796312 0.181810259525346 0.184314959584852 0.195587104976294 0.200245722169161 0.195657856089591 0.193893934846168 0.193587943676104 0.201134185037559 0.205650340571356 0.205030900626992 0.203905735650392 0.202556245456262 0.20174128608785
-9999 -9999 -9999 -9999 -9999 -9999 -9999 -9999 -9999 -9999 -9999 -9999 -9999 -9999 -9999 -9999 -9999 -9999 -9999 -9999 0.252563728760089 0.235064827451552 0.207495032285504 0.174420616987682 0.119525991423534 0.0713675416929737 0.0423377328261064 0.034386674203974 0.0404491171717842 0.0557217678343369 0.069084362452791 0.0736599669760808 0.0781100111388389 0.0824592782411731 0.116758502767905 0.149594967351148 0.157712508755562 0.160781004422714 0.158975698773923 0.154255782099075 0.150861974823028 0.158896999897815 0.167691367878983 0.177366753741886 0.180328333960039 0.182394941557823 0.193459541586502 0.197554779932413 0.19190603832022 0.190024196336726 0.190112768437061 0.201133605241793 0.206267749441373 0.201424726773795 0.201489356185832 0.203744068361836 0.202648013290178
-9999 -9999 -9999 -9999 -9999 -9999 -9999 -9999 -9999 -9999 -9999 -9999 -9999 -9999 -9999 -9999 -9999 -9999 -9999 -9999 0.178802402037339 0.16002783990316 0.143026412174359 0.126994156743697 0.0911647815522598 0.0608922798635639 0.0465668871720849 0.0494870829025291 0.0638724308817639 0.0859210850566062 0.105614108686063 0.11552487014499 0.107697162276492 0.0856322318668328 0.0964459843229367 0.11151515630286 0.12430566827153 0.133416644121384 0.13897579475294 0.150007046462227 0.160294483907492 0.159429077732162 0.164597621252945 0.176766977627958 0.179746117109555 0.18119129968295 0.192141332133751 0.195965993186825 0.189828554516306 0.188264730374655 0.188922229735873 0.19979947669923 0.204604057197656 0.199116269686891 0.199473711181347 0.202437412485179 0.201100392570571
-9999 -9999 -9999 -9999 -9999 -9999 -9999 -9999 -9999 -9999 -9999 -9999 -9999 -9999 -9999 -9999 -9999 -9999 -9999 0.184970929915022 0.180114143275408 0.165332003298739 0.146985031769514 0.126689569489793 0.0924733340025462 0.0642835631425447 0.052685602128058 0.0548127273445685 0.0660645167601921 0.0818757564097385 0.0982562921021182 0.115171355682684 0.103897538516768 0.0699988059217972 0.0873467609925608 0.110176264907745 0.124571853231849 0.137218623470377 0.148177274343314 0.149824734364205 0.15028358558193 0.155234689431894 0.164267786336391 0.178036963401694 0.180575900159186 0.181111936186867 0.192093320089817 0.196106925646781 0.19037876493501 0.189817119212928 0.191317192108642 0.196372481136209 0.19936041236298 0.198844445028003 0.198086977521474 0.1972159298059 0.195700926288599
-9999 -9999 -9999 -9999 -9999 -9999 -9999 -9999 -9999 -9999 -9999 -9999 -9999 -9999 -9999 -9999 -9999 -9999 0.187983743011308 0.187698554539072 0.182782304988195 0.16840199597955 0.143857498122089 0.113757386299081 0.0864116390714621 0.0643889046803099 0.0556199151649186 0.0583143155937198 0.0686297671448093 0.0870710247640479 0.105211603005296 0.120063875659527 0.109736593930098 0.0791997375958756 0.0989451809519162 0.121153262422943 0.122720405856598 0.132504376066301 0.150219979942622 0.150081139283757 0.147264366974229 0.150708202365564 0.157677830237961 0.168738213679413 0.174455279343658 0.178637684577357 0.182494050376581 0.18341091335719 0.180218008778711 0.181837428797964 0.185310122677858 0.190896457727917 0.194423572622979 0.194460581191673 0.193321803561508 0.191653150255765 0.190067259279279
-9999 -9999 -9999 -9999 -9999 -9999 -9999 -9999 -9999 -9999 -9999 -9999 -9999 -9999 -9999 -9999 -9999 -9999 -9999 0.191002562455835 0.18600875789595 0.17080958949554 0.138169605989674 0.0959966988622935 0.0775014793490011 0.0631772117809473 0.0572344643990845 0.0610386158067922 0.071322666643963 0.0957479549458192 0.117555996401345 0.126889666184843 0.119453780916678 0.0985583415697601 0.118735933141939 0.136753811283317 0.120220592257715 0.12460393549724 0.149177860085716 0.150338646947936 0.146999237410299 0.146035215847255 0.14850169395891 0.154948365381512 0.16519294133177 0.174801932511442 0.168924938545361 0.165626772873097 0.165934109735233 0.170174331571492 0.175984491580881 0.18450998130163 0.189485205940601 0.188443199934211 0.187273991081939 0.186044587570003 0.184424512856215
-9999 -9999 -9999 -9999 -9999 -9999 -9999 -9999 -9999 -9999 -9999 -9999 -9999 -9999 -9999 -9999 -9999 -9999 -9999 -9999 0.189110158474798 0.183350428304249 0.1468868440229 0.0936409307990895 0.0764148387911201 0.0636361992032226 0.0587916612756669 0.0629072683885347 0.0729797280335615 0.0911549435213453 0.10919929500521 0.124509467323191 0.124844132716463 0.113159180136038 0.124009289399923 0.134019029955655 0.126533371312819 0.129803354295096 0.14345566753028 0.143627740099003 0.141317207485881 0.14101414029653 0.139533376741771 0.136686206062564 0.1457244778435 0.156680745475375 0.154745354282039 0.156570951715138 0.163654849616306 0.168651393660748 0.172824056908172 0.175722550992332 0.179584950583927 0.185081042766064 0.185702814010785 0.184122827879129 0.182173958381112
-9999 -9999 -9999 -9999 -9999 -9999 -9999 -9999 -9999 -9999 -9999 -9999 -9999 -9999 -9999 -9999 -9999 -9999 -9999 -9999 0.189358359468438 0.190306513088154 0.154456828411431 0.0984939219732388 0.0804829729311345 0.0670594444114918 0.0617453625926867 0.0665691593624633 0.0781327853948986 0.0906109279246248 0.104130070853495 0.120744822381805 0.126225494234416 0.12276974845099 0.126419579410903 0.130400046587645 0.131390008103957 0.134080501006358 0.138412502530111 0.137833937256113 0.136407666796785 0.13604705565248 0.132245267102727 0.124450896541678 0.130281695467085 0.139112995598339 0.140465175331508 0.146063725101178 0.15759919512463 0.16506608174898 0.170657781375717 0.168958501933555 0.17068395901896 0.178213892421286 0.180772813553834 0.181074402714955 0.179342932077109
