layers/veg100/veg800.asc
NCOLS 255 
NROWS 330 
XLLCORNER -2985163.8955 
YLLCORNER -3022031.214 
CELLSIZE 25000 
NODATA_value -9999 
[rows 75 to 99 of 330, columns 171 to 227 of 255]
0.781232717183512 0.783066244668639 0.783890403027154 0.78351094319217 0.772797103090575 0.760507601225636 0.762396904606587 0.763948362940297 0.765014042425355 0.756936879902148 0.746428845704048 0.756158414800319 0.7624217631919 0.76263594023521 0.760951929336198 0.758388342003471 0.768770077140916 0.775800261034259 0.775654342753616 -9999 -9999 -9999 -9999 -9999 -9999 -9999 -9999 -9999 -9999 -9999 -9999 -9999 -9999 -9999 -9999 -9999 -9999 -9999 -9999 -9999 -9999 -9999 -9999 -9999 -9999 -9999 -9999 -9999 -9999 -9999 -9999 -9999 -9999 -9999 -9999 -9999 -9999
0.774503924318324 0.774150001282493 0.77258820649795 0.769586089859061 0.75736045545054 0.74426358202056 0.749091654831064 0.752801954696157 0.754905037113757 0.738100565729955 0.716164547179993 0.733925939913608 0.745674025643721 0.746927821617636 0.743059825101994 0.736815119770513 0.755224521080607 0.766625950671722 0.763022411690071 -9999 -9999 -9999 0.759846979528652 0.758692434094878 -9999 -9999 -9999 -9999 -9999 -9999 -9999 -9999 -9999 -9999 -9999 -9999 -9999 -9999 -9999 -9999 -9999 -9999 -9999 -9999 -9999 -9999 -9999 -9999 -9999 -9999 -9999 -9999 -9999 -9999 -9999 -9999 -9999
0.763198505738637 0.762421752436454 0.760335256970485 0.756686964679584 0.747827420987516 0.738491953955725 0.739444795389081 0.739281705039845 0.737514044604565 0.716847499721747 0.691498005438079 0.715030457634936 0.730525344812491 0.731993252127267 0.732740484523552 0.733156766007622 0.747564766148482 0.758204730570315 0.760776846003555 0.76171210788361 -9999 0.760161522377926 0.759846979528652 0.758692434094878 0.758219608431295 -9999 -9999 -9999 -9999 -9999 -9999 -9999 -9999 -9999 -9999 -9999 -9999 -9999 -9999 -9999 -9999 -9999 -9999 -9999 -9999 -9999 -9999 -9999 -9999 -9999 -9999 -9999 -9999 -9999 -9999 -9999 -9999
0.75386315029226 0.751658951204211 0.748055880665288 0.742784731438155 0.735915239855482 0.729384290991661 0.73078131122354 0.727407069848891 0.717172352084962 0.697847619516406 0.677345493308472 0.702524378367202 0.718518581904069 0.718483883348846 0.721909952622886 0.726950462849614 0.741143386110358 0.752429963879064 0.757493682235887 0.751812045074565 0.739990749674295 0.7466108522788 0.752168339804026 0.752535639540836 0.752542509318841 0.752299392897384 0.759114745062546 0.764977006440386 0.765157197156985 -9999 -9999 -9999 -9999 -9999 -9999 -9999 -9999 -9999 -9999 -9999 -9999 -9999 -9999 -9999 -9999 -9999 -9999 -9999 -9999 -9999 -9999 -9999 -9999 -9999 -9999 -9999 -9999
0.746981703579135 0.742098710585855 0.735743587191312 0.727633027765044 0.721039595933825 0.71612126618399 0.723342718351136 0.717582210444222 0.693155270486538 0.681654305367658 0.676289246293964 0.69797693330956 0.710425388921187 0.706749743198664 0.710442681305724 0.717570436389624 0.736264524642351 0.749951616995647 0.752918087301982 0.748493591865614 0.739846062241187 0.736298165964605 0.734925193865785 0.738709947645611 0.744478643095972 0.751623356344116 0.759114745062546 0.764977006440386 0.765157197156985 0.765239265427266 -9999 -9999 -9999 -9999 -9999 -9999 -9999 -9999 -9999 -9999 -9999 -9999 -9999 -9999 -9999 -9999 -9999 -9999 -9999 -9999 -9999 -9999 -9999 -9999 -9999 -9999 -9999
0.736779572443057 0.721783305658906 0.701565253253903 0.675120503389953 0.68759186770619 0.707174673134289 0.684967522090583 0.662776003354985 0.640606961919844 0.652231959994041 0.676260460802767 0.695983397652617 0.708802895251169 0.709574664074978 0.715702110789292 0.72432184234965 0.728523139140987 0.733169455088561 0.738768614272583 0.737059293678721 0.731174069550844 0.723598592483187 0.718560869802697 0.720515960482221 0.727929321476425 0.739128417308332 0.747537540845972 0.754673486286825 0.758421584144077 0.750681846991139 0.733333841965482 0.731837767615535 0.732199308034886 0.729530536020116 0.720237848048567 0.704284832371189 0.734393761994333 -9999 -9999 -9999 -9999 -9999 -9999 -9999 -9999 -9999 -9999 -9999 -9999 -9999 -9999 -9999 -9999 -9999 -9999 -9999 -9999
0.72527816603622 0.699131051642082 0.663926761155216 0.617922277122179 0.651886898335721 0.698646782859408 0.641623764188022 0.602344102526293 0.588577165143785 0.624350661968315 0.676915968115804 0.694480820775061 0.708251469335658 0.715400557217197 0.724398705782233 0.734249928532091 0.720155980256546 0.713398136701009 0.722347836666538 0.72283597277784 0.718489358643393 0.709489618898989 0.70251753872618 0.701553987696977 0.709386805739229 0.723320589640488 0.731753137652071 0.73969849456362 0.747872335679529 0.744160137176528 0.730506617919622 0.726375689814976 0.724606799604515 0.726671261678967 0.719726290129549 0.703722359986695 0.733272047649735 0.765420428014356 0.748558586045668 -9999 -9999 -9999 -9999 -9999 -9999 -9999 -9999 -9999 -9999 -9999 -9999 -9999 -9999 -9999 -9999 -9999 -9999
0.710731160922482 0.687740657620755 0.663757316448212 0.638590069712279 0.655702285267591 0.679738046486214 0.650467464438968 0.635838512733982 0.642262390982031 0.660169604727867 0.681700641827965 0.689582084809423 0.697144014382948 0.704148336257105 0.713354720077139 0.723580154722669 0.714743157780169 0.709944948614863 0.713794303409437 0.705531878945911 0.690349051971295 0.687823432868475 0.687022134396284 0.689211143384625 0.698041719651051 0.71147873919933 0.708992396586495 0.708047757834752 0.717843998354606 0.715124453702432 0.701936877740305 0.65924925346408 0.631298345843053 0.691532088624474 0.713439477428487 0.696809831806841 0.719486691727328 0.746151556515152 0.741743028153925 0.739330290371 -9999 -9999 -9999 -9999 -9999 -9999 -9999 -9999 -9999 -9999 -9999 -9999 -9999 -9999 -9999 -9999 -9999
0.692395414198997 0.673235540025797 0.659203951702218 0.651287567407904 0.65515910411974 0.66118429069903 0.654546642829379 0.656825297988307 0.671924479760899 0.677316932774711 0.679056188321833 0.680165486264308 0.68374583326585 0.691638600174195 0.701044722725037 0.711150463976794 0.705976227377622 0.702301303747296 0.701836601972936 0.689012021196908 0.66912527920929 0.671247256998806 0.674352375662291 0.67727554677638 0.686291035160576 0.69953201924251 0.693157215186978 0.688896535480382 0.698601273515911 0.696076197277237 0.683322271871081 0.613126571356589 0.565193684323817 0.659788890673643 0.693771791637152 0.666809200611838 0.694835002084331 0.728574015382125 0.719704259969975 0.720921781868086 0.734333947511847 0.753803119418637 -9999 -9999 -9999 -9999 -9999 -9999 -9999 -9999 -9999 -9999 -9999 -9999 -9999 -9999 -9999
0.66836226074471 0.654046585716471 0.648058167068533 0.651999552113828 0.648061626671988 0.643164345075841 0.651461062649972 0.659003456543918 0.665461227496479 0.666386393736238 0.665240015079369 0.663955048676987 0.666902920358695 0.677237847003608 0.686830931442946 0.696074257941095 0.692165480573023 0.688356163784317 0.684759804885208 0.673671476369619 0.658302402288739 0.662325300164723 0.665931746031093 0.665952358204756 0.673930422808746 0.687427599356283 0.687736502315601 0.688541743356509 0.695577659797581 0.692046762390408 0.679677926596669 0.598588764419941 0.539997346725484 0.633152467849269 0.653982312316176 0.6020893071738 0.653842814921118 0.713539850917349 0.674773241609854 0.676125929152954 0.72597936842232 0.753803119418637 0.773185863131165 -9999 -9999 -9999 -9999 -9999 -9999 -9999 -9999 -9999 -9999 -9999 -9999 -9999 -9999
0.651025707168753 0.629466691978836 0.618581268319531 0.620423526355182 0.620331118067249 0.620783031512225 0.632156363571462 0.64000875019654 0.642798458433591 0.644192190122449 0.64504424280666 0.645469690552747 0.649693706991856 0.660546901103115 0.667218007957167 0.671939018340681 0.668142704141238 0.664799760819385 0.662427542843301 0.657624010086366 0.651431277893401 0.653185026699227 0.654926994731751 0.65562383308967 0.660404893867882 0.668018680438337 0.672365590819963 0.675676052814802 0.676571029993559 0.672392986079277 0.663971936799524 0.586179806759237 0.528776347585228 0.614020887565626 0.645028884403915 0.621502199142568 0.650473584452385 0.683086304975415 0.66337092028142 0.67444897046541 0.722753613761883 0.729531839549169 0.726279779484998 0.746864752876311 -9999 -9999 -9999 -9999 -9999 -9999 -9999 -9999 -9999 -9999 -9999 -9999 -9999
0.637268428787968 0.605127198486106 0.584982522095096 0.579143088618414 0.586193441783129 0.596924045098072 0.606862240219078 0.612996221599975 0.613660220260137 0.617616849162246 0.62274085431201 0.626597247796349 0.63282528951082 0.6431922790143 0.645821291892564 0.644846173010256 0.640444044564891 0.637548394893148 0.637878309986816 0.641004073364181 0.645727322550262 0.643770907647501 0.642875084203896 0.645663694785479 0.646607011276918 0.646270472847269 0.653413059608267 0.658079439950428 0.651718223321549 0.64667226864573 0.642726381054491 0.574275204464297 0.523294466302976 0.598204445382569 0.647478915962487 0.670976959331154 0.660603401512577 0.647289690874863 0.663942324203145 0.687657768904302 0.719911540240668 0.696371927902511 0.665049444180878 0.724200260782553 0.760459641578704 0.76333753401251 -9999 -9999 -9999 -9999 -9999 -9999 -9999 -9999 -9999 -9999 -9999
0.649131011296094 0.645099193738596 0.635680732783743 0.619838990371176 0.598843254088603 0.579599181409838 0.592420550480239 0.594734579709546 0.581940370732974 0.592547081086017 0.611460448137174 0.621571960091023 0.629154398728641 0.632323154815253 0.633750974306015 0.634363945356661 0.622169424090612 0.61276397121702 0.609330272404988 0.616384314581371 0.629430819758047 0.629245723873939 0.6300249471991 0.63506728242173 0.637882689810577 0.639153549605523 0.643643368441683 0.645837396378891 0.639085085138875 0.623321153681619 0.600020026491865 0.553279412070052 0.524194970691946 0.592160040300695 0.629738763413509 0.636764105902794 0.634827988274176 0.631360922304047 0.630983798497829 0.643793978738657 0.67254646629126 0.681473994539438 0.688513515510915 0.736708458978887 0.765015411047511 0.764320654394679 -9999 -9999 -9999 -9999 -9999 -9999 -9999 -9999 -9999 -9999 -9999
0.659921890631047 0.663776023103009 0.658950833988105 0.643776022427094 0.606981151460096 0.568679300822475 0.577665661597137 0.57595699848052 0.55887023100917 0.574028028567989 0.600506268671604 0.612269051324286 0.619962779793278 0.620555285322474 0.621581639662107 0.622803618336883 0.604657459755433 0.590991893701876 0.586919852389058 0.597120037600747 0.615475057058854 0.614384583810378 0.614162669165627 0.618740788945478 0.621708867191113 0.623560256453822 0.627981302848124 0.630585730049682 0.626103319438812 0.607486303502349 0.577047297249781 0.538996470819383 0.518361201908766 0.582242937530263 0.609202363161312 0.599036516401062 0.595323851095994 0.593816035374544 0.597165874169713 0.610431998135765 0.635686051175223 0.669225387896795 0.705188883180214 0.740738103589856 0.758554618264848 0.750512374444173 -9999 -9999 -9999 -9999 -9999 -9999 -9999 -9999 -9999 -9999 -9999
0.668752601186706 0.643503523615382 0.632054317016872 0.637060711578451 0.606866656742247 0.569474275822466 0.56233792456013 0.556235752803312 0.551620601601012 0.567490379521225 0.590148765064128 0.595142279137042 0.600673627104421 0.6071435908328 0.60923120063285 0.609271423759499 0.588540410346906 0.574729463862499 0.575735270490504 0.587651055147094 0.605800559700326 0.598908972270621 0.59279111864791 0.591933850528215 0.591909742391725 0.592463495480856 0.601541954256077 0.609829397209522 0.612483906307731 0.605398867660323 0.590167804664897 0.536991482607449 0.500210298723345 0.56524258513365 0.583551564086545 0.554880396975242 0.530709574543467 0.516734790433926 0.561776090775063 0.596278059224161 0.61803888912938 0.661822458353491 0.709447561881189 0.729260286388993 0.7427754807297 0.747107287371601 0.748299312476221 -9999 -9999 -9999 -9999 -9999 -9999 -9999 -9999 -9999 -9999
0.660234745264924 0.621906785566957 0.609441645553791 0.627816521831121 0.600222056791394 0.562457218857836 0.556621558621953 0.551379013629997 0.546989294046212 0.558988248689814 0.576324509367869 0.577593381491288 0.579459216444298 0.582366857661941 0.580883050725044 0.577351744521589 0.56554887360279 0.559135565375941 0.564262003891314 0.577325768774808 0.594924746211202 0.578124617174957 0.567322388063095 0.576925870714289 0.580427686012236 0.579697520602828 0.586558111126047 0.593854907603235 0.600030471924437 0.589888334512479 0.566098294847373 0.514488088524633 0.480490815796719 0.546513393506405 0.563474085783791 0.531103198829644 0.51069255755489 0.502496435997328 0.555524591638962 0.588431323663629 0.597012998974072 0.643130509893077 0.696925591978872 0.714917147196044 0.729870078985574 0.740391931246099 0.73899987921518 -9999 -9999 -9999 -9999 -9999 -9999 -9999 -9999 -9999 -9999
0.643230155995202 0.599662244164338 0.58892458553957 0.617335231548119 0.590382999136007 0.551618599329204 0.555606972725944 0.553793832208226 0.543638841564792 0.549525114360226 0.560804355592702 0.559837984581723 0.557302990156388 0.552030469005907 0.544708991594122 0.53643710426162 0.539194411109346 0.543868705283793 0.552647515821223 0.5665815876753 0.583461261707288 0.554743281456704 0.539849360768624 0.567689815374936 0.577906143782303 0.57589877041441 0.577178178863719 0.580219644612027 0.588147421885852 0.567811365591049 0.523835825982249 0.481957093319255 0.460004000421278 0.526938472200521 0.546123016450683 0.517295151221572 0.512492043414557 0.519000152106721 0.563527229813878 0.583670004588741 0.574334271129983 0.618916094003787 0.676194708084337 0.699172323101093 0.718370478083987 0.732057226870775 0.734752495398354 0.73333813845999 -9999 -9999 -9999 -9999 -9999 -9999 -9999 -9999 -9999
0.633223331551066 0.593264966597374 0.585076802743063 0.614772888610873 0.586492965587463 0.544877634410688 0.538520828283539 0.531441357998416 0.523322787198163 0.518759366606787 0.51541191084534 0.509778363418985 0.503516058241327 0.496156459008203 0.500405911441744 0.510060798151682 0.519594826665523 0.521718485135921 0.507975588478343 0.51647065351084 0.537671997500541 0.54117755933855 0.543998969888251 0.547250628108944 0.551259993642663 0.55579488810887 0.563571290099593 0.568372580517447 0.561900160081736 0.541796175397607 0.510290937065005 0.464800462480205 0.434670294650288 0.484339340378573 0.499716780591566 0.480614113903891 0.482245167261904 0.497090088946751 0.566925081176169 0.607669638238437 0.613246381196056 0.645795291837138 0.684183439889291 0.700153389092837 0.712092175231118 0.718152508654897 0.722069542870889 0.724468639680217 0.711136292352466 0.711827384164449 0.737354599860561 0.745551334849968 -9999 -9999 -9999 -9999 -9999
0.621189860881924 0.586108905628923 0.579909515048737 0.608149831192721 0.578493971290753 0.535022391447547 0.521848852146337 0.509475270197206 0.498251926692106 0.486352778891721 0.474362943433534 0.465704267258286 0.458027352012396 0.452063784123958 0.464553622664354 0.4856320735872 0.495278011917426 0.494623106767575 0.471912771189401 0.476946833733481 0.497833431098609 0.523324793994025 0.539882281400635 0.5319940097351 0.530963135355637 0.534688399149108 0.548065561220625 0.555517294530254 0.539416387996798 0.521326629543554 0.501573422582601 0.450857530996575 0.412517897237341 0.452710690573969 0.467474738330875 0.45667025837485 0.465184484304718 0.486952951308849 0.566011882995089 0.617986973557805 0.637220048251763 0.662799173190497 0.688596261439724 0.697252750182585 0.702987215083121 0.704460632065315 0.710240240802809 0.716999443758706 0.709121073901624 0.712654990841429 0.736400566694887 0.739408361201436 0.732607882016931 0.729415299429604 0.733177604464462 0.752042899806727 -9999
0.604426980466055 0.576867152307765 0.57137455768632 0.592195947775615 0.561102440196997 0.518058117048054 0.50649204675313 0.48896887925445 0.462880152353387 0.450759306521042 0.443804192530993 0.435875188764419 0.431974414749593 0.435103617783131 0.447920935363134 0.465241908152671 0.460180018664653 0.456558166611545 0.456019619874282 0.462196183553522 0.472209612650989 0.495586482643012 0.516401898642259 0.528672155797422 0.525535492073395 0.511712930848615 0.52838546139724 0.540349525493931 0.525747756117694 0.513436270991257 0.503040348245132 0.443783774335467 0.397643284367298 0.446329150618444 0.467813711438112 0.461947440909368 0.478574187083293 0.504236012547104 0.555502488320294 0.596815233642671 0.626094781794549 0.656353164209329 0.684274407914871 0.685214583332343 0.68739401218857 0.691380585192296 0.700533716986762 0.711113391666195 0.709743006532945 0.715345862484067 0.733298633296986 0.736449200718334 0.73259882335844 0.729415299429604 0.733177604464462 0.752042899806727 0.758966767033999
0.594249427883745 0.585387626999417 0.579031250425562 0.57566245708862 0.545322108998161 0.508809176339792 0.489007530276495 0.469394438160941 0.450052462997939 0.442143063335703 0.438291679154127 0.430135556334283 0.424897679743723 0.424752661623916 0.433396408643223 0.446128641012493 0.447365994589263 0.451829481877769 0.463200536276608 0.471967876636155 0.479247512440352 0.49358382254499 0.508771864743923 0.525334337514195 0.520144292147182 0.499867184217771 0.505544443106067 0.509452464981251 0.49839268352697 0.492414690503129 0.49068703572569 0.437399029119865 0.395861933070924 0.444908805470511 0.470424614779947 0.472280010450457 0.486696698585904 0.507177069640153 0.548496967337429 0.582479979256661 0.607593332345878 0.624542121521745 0.638827172640957 0.650698445243772 0.659048327367685 0.662263133811357 0.680141971758106 0.702829129303657 0.708563286703267 0.716492933873642 0.728310889424702 0.721132174342736 0.704968672427954 0.715435981795079 0.728720790998336 0.747955367884988 0.754502679618363
0.588013167284026 0.60453872307078 0.596378580038701 0.558782073802867 0.530506074397563 0.504177831533938 0.4702495873515 0.450377765269995 0.450717317012405 0.449672582333813 0.447769237289107 0.438813359609049 0.429178124775895 0.418357290935676 0.420133607475499 0.42777959231934 0.447888835629615 0.46705241072286 0.484191188564378 0.496416092640343 0.505833318040728 0.506983845276707 0.510628200311506 0.521986964634946 0.514774903421653 0.494682530837519 0.480811627940147 0.469141487355488 0.462846331715184 0.463534126977958 0.470062366742181 0.431426654458126 0.401916845688896 0.446457715280484 0.474395259146823 0.485638208598273 0.491666817486141 0.501534495457668 0.543588500539116 0.572236333714741 0.584677267312209 0.577550209101938 0.568766563292854 0.602729332593318 0.623070333868369 0.623547360918387 0.653355164878744 0.69310954782737 0.70630528518748 0.716716047077095 0.722194495636845 0.698419015383455 0.6608074098697 0.693090099289741 0.721596592760198 0.741421464696866 0.750562823585504
0.588918554988028 0.597385995852791 0.591112350766656 0.567260756469808 0.533980289638701 0.498760087196144 0.47153031441383 0.456349882852887 0.458494894282228 0.460015579708403 0.460782340858958 0.450806380785696 0.442095687073921 0.435593108099757 0.439739239606051 0.448836804908243 0.437068733068262 0.435230981001974 0.45465532046472 0.471416405876302 0.486655766887977 0.489939938734354 0.493777687903786 0.500618820417284 0.500720728424639 0.49614846026974 0.480453299672637 0.464948853358273 0.453921144439882 0.454654850654339 0.465225643409331 0.43043829855452 0.399935803508713 0.421660348058544 0.442688376275501 0.463016059400572 0.477944681227853 0.49524924376349 0.535606288177866 0.567070351878032 0.587783572876926 0.581468381079381 0.5691337608295 0.577539319106248 0.589946055444865 0.608187518798541 0.641386629154113 0.678662797722448 0.680160543232702 0.673342441343806 0.651796610104869 0.621858372286474 0.587950808179942 0.663960523883134 0.722539780957531 0.742470718991562 0.76519239003871
0.590210240755207 0.588579512949434 0.582620245171655 0.571499427150026 0.535419810168623 0.494078444511651 0.472635801960745 0.460888008480038 0.463080193275254 0.463570248179501 0.463080425885785 0.455483536609448 0.448461896285298 0.442444167649457 0.446650511028095 0.455603497648656 0.422257423714568 0.406600406565205 0.428817934545347 0.447439604914084 0.464006681856604 0.469540503670843 0.474814822740464 0.480803550025035 0.486635164439927 0.492357808864345 0.480517860374635 0.466983254908402 0.453702396587854 0.452996248425893 0.462807415625648 0.429731024278324 0.39762504235419 0.400922559845538 0.414279121562488 0.437750022197241 0.459412048224419 0.483107911107445 0.522479848464164 0.557039249552086 0.585780711516702 0.583066051881013 0.571218693464389 0.561672260065578 0.568282989563646 0.598454938628401 0.629877278144863 0.660210024280022 0.655598448239483 0.638162470619106 0.598013917060481 0.562542774293865 0.529283889649083 0.63486121272526 0.715200346319342 0.73971529504783 0.764658090409946
0.591387795975449 0.579541623858207 0.5688379229052 0.55949655714015 0.528033197450971 0.491606693619423 0.469867724168057 0.457165641407552 0.457457469458907 0.447493775389388 0.434544462303163 0.438956233018914 0.43488369564789 0.416004532340155 0.412195731496321 0.415397319238495 0.398095611990181 0.394907345842743 0.421937771873921 0.434687590946151 0.439277787377266 0.444805375433019 0.453045340408758 0.468409269613133 0.473925500101658 0.472611585883072 0.477665648008326 0.480499911363847 0.473564270375856 0.468341709280571 0.464551944746334 0.428976530021042 0.395738881575053 0.396083598404253 0.401191952649648 0.411090130085829 0.430456154372368 0.454549045285427 0.495354672865654 0.532422514591615 0.56497169726932 0.569530493544415 0.56627513771619 0.568273504373046 0.578482342869844 0.600664120613567 0.617165006098787 0.631249345276487 0.639530517366183 0.633456534995745 0.60195894640467 0.560972904014143 0.515499141832712 0.606991213601435 0.683126916728041 0.724944323544721 0.759922002068322
