layers/veg100/veg800.asc
NCOLS 255 
NROWS 330 
XLLCORNER -2985163.8955 
YLLCORNER -3022031.214 
CELLSIZE 25000 
NODATA_value -9999 
[rows 200 to 224 of 330, columns 114 to 170 of 255]
0.0356268929287593 0.0472441351097617 0.0516710430225445 0.052109017527507 0.0569894983048774 0.0621214734220754 0.0674398723427749 0.0726238528979037 0.0777171958960763 0.0876668843049306 0.0982458256381154 0.109415646359702 0.11481958261229 0.115531613650056 0.118483803808754 0.122095531412884 0.127107608978794 0.134839335394921 0.145232273747991 0.153716301226384 0.162532174650149 0.175844981443544 0.190182802716622 0.205726269017159 0.226409164928264 0.248682699839035 0.272093820718351 0.297272051648443 0.324955748110215 0.354130916605783 0.383636462483579 0.408993295630111 0.433156557825871 0.455267128336805 0.474559252867584 0.492541657632536 0.505752987790343 0.518993681867627 0.532296273138551 0.53876762398386 0.541392806002608 0.547273581031057 -9999 -9999 -9999 -9999 -9999 -9999 -9999 -9999 -9999 -9999 -9999 -9999 -9999 -9999 -9999
0.0278063991537045 0.0389076919269157 0.0441490211176842 0.0461394577030935 0.0526631143704869 0.0585137329895696 0.0621549622569612 0.0667925505545372 0.0721019782095081 0.0789389076620226 0.0881276283772086 0.104579683439438 0.112135049633855 0.112450863749492 0.115831948072388 0.11991146184061 0.125022402987624 0.133067187236621 0.143982775296742 0.153846866799134 0.163854972315839 0.176104844831885 0.18896956982876 0.202557498107955 0.222674681105031 0.245061532279565 0.27124900433277 0.297219935506718 0.322883848049347 0.349104609440467 0.375446258236956 0.400191861269008 0.424099283589029 0.446565210892055 0.466592671083214 0.485474416314524 0.496870919565335 0.510992854241895 0.530859817501836 0.535751592958091 0.532211942068043 0.530852228717438 -9999 -9999 -9999 -9999 -9999 -9999 -9999 -9999 -9999 -9999 -9999 -9999 -9999 -9999 -9999
0.0201365891899021 0.0300006535466158 0.0365712635504599 0.0413147860218984 0.0494322450856372 0.055727149389865 0.0569663283242195 0.0603851471345095 0.0652736850011214 0.0715140831574213 0.081236737949449 0.101990781119027 0.111105908588181 0.110750036497197 0.114662659754581 0.119344642618324 0.124581708572035 0.132645778778445 0.143476109585918 0.155903043746758 0.168290536196584 0.178361661360874 0.189046925248844 0.200454552881964 0.220183077930045 0.243128035518175 0.27398246873332 0.301462614833488 0.324158588008567 0.345093306747527 0.365589544557098 0.390059543862917 0.414025693419071 0.43712532708786 0.458244979607478 0.478416796358264 0.487825627131202 0.502587672004152 0.528633936955794 0.531251993151292 0.520679348893297 0.525759209009973 -9999 -9999 -9999 -9999 -9999 -9999 -9999 -9999 -9999 -9999 -9999 -9999 -9999 -9999 -9999
0.0163084914482557 0.0206910969144221 0.0271814907724934 0.0348412082279733 0.0426079184488502 0.0493063348565633 0.0532361715083938 0.0568680918334998 0.0602991288349841 0.0670912813718157 0.0772863275740485 0.0976409683472582 0.107543340090684 0.108940328864464 0.112548943361853 0.116856487219269 0.12275377787719 0.132193075799095 0.145098274111378 0.15808129484891 0.170169322241278 0.176725372785675 0.186062751757507 0.198671591625486 0.218849402658246 0.241706290516328 0.269423158478116 0.29449262574753 0.315808523067873 0.33732412848929 0.35887744862158 0.379750398033927 0.401398233359873 0.424378709925546 0.444887356169531 0.464256836940742 0.481975046835262 -9999 -9999 -9999 -9999 -9999 -9999 -9999 -9999 -9999 -9999 -9999 -9999 -9999 -9999 -9999 -9999 -9999 -9999 -9999 -9999
0.013192104347982 0.0134196311089956 0.0197783854198977 0.0295385196239147 0.0370967072768088 0.0441088264384368 0.0499408068343876 0.0537199110785232 0.0561147723410988 0.0628775330442337 0.0732027983676882 0.0939059686888973 0.104486279548388 0.106829259716862 0.110358458636402 0.114558739752489 0.120896075082805 0.130992668021362 0.144767743650912 0.158416966375742 0.17067843140697 0.174682834563859 0.183252306858653 0.197191315891919 0.217142446279732 0.239168427406746 0.264551540466453 0.287944078812344 0.308514316231635 0.33007905490376 0.351819449341663 0.369939083800078 0.389413425599273 0.411217579875888 0.431249488158394 0.450382318872475 0.446342931581142 -9999 -9999 -9999 -9999 -9999 -9999 -9999 -9999 -9999 -9999 -9999 -9999 -9999 -9999 -9999 -9999 -9999 -9999 -9999 -9999
0.0115658674310668 0.0109840977328892 0.017159988534384 0.0270847812255991 0.0348674834092056 0.0419831255689281 0.0476000961564028 0.0512992243320277 0.0537051620265835 0.0590080643576557 0.0686580894298079 0.0917115370748608 0.102750029140932 0.104011524626517 0.108033670651478 0.112806721499833 0.119037198730705 0.128027048673374 0.139716980870604 0.154392668941669 0.16807858961121 0.171874491040815 0.181005035813651 0.196410307770857 0.214495712687199 0.233967739373925 0.259305622506971 0.28295049856364 0.304194974671875 0.324259792320616 0.343787296484675 0.361312927149386 0.379074509469963 0.397241879147968 0.417199247224703 0.437912223989628 0.441303284081641 -9999 0.47078022802286 0.47078022802286 -9999 -9999 -9999 -9999 -9999 -9999 -9999 -9999 -9999 -9999 -9999 -9999 -9999 -9999 -9999 -9999 -9999
0.00745501013825965 0.00847994691301632 0.0128886362013412 0.0191745071256889 0.0266105298598746 0.0341152704969 0.0416775853218525 0.0467463557911481 0.0501337431577785 0.054859276588712 0.0638261926938134 0.0863231104671722 0.0984906367343096 0.102252769841984 0.107677525159853 0.113378843981303 0.11919616663593 0.12762481665077 0.138608684609177 0.150702443282146 0.162256496069669 0.169091794602289 0.180073371574737 0.195931894270908 0.21242421384302 0.229645050460298 0.252044381146273 0.274120053743802 0.295736833481604 0.315979349416926 0.335598561181804 0.352936353988706 0.369678965661929 0.385397990623969 0.407768418397019 0.433100087786649 0.435065111175717 0.442975132732532 0.463416815911501 0.47078022802286 -9999 -9999 -9999 -9999 -9999 -9999 -9999 -9999 -9999 -9999 -9999 -9999 -9999 -9999 -9999 -9999 -9999
0.0017912823268667 0.00593291066625098 0.00758419816719504 0.00785393602152262 0.0145862870266021 0.0226586088366358 0.0335164742083358 0.0408608884030196 0.0458362019929066 0.050535916328738 0.0588148055739693 0.0789384591201718 0.0926542980614777 0.101155870410733 0.108551767585489 0.115403538317245 0.120616273220004 0.128824683944397 0.139964402604046 0.147221010166879 0.15442051751453 0.166325127413874 0.179963952473571 0.195642600312427 0.210712232730664 0.225871104912364 0.243523576624324 0.262891595153276 0.284691971200694 0.306160685866822 0.327311962935242 0.344715768779878 0.360873023017912 0.374886469955739 0.401224690126919 0.433100087786649 0.435065111175717 0.442975132732533 0.463416815911501 -9999 -9999 -9999 -9999 -9999 -9999 -9999 -9999 -9999 -9999 -9999 -9999 -9999 -9999 -9999 -9999 -9999 -9999
0.000629368852327895 0.00256495056087976 0.00469440194178783 0.00693140509761724 0.0122421810746339 0.0195082344136604 0.0315010101393255 0.0383543290666304 0.0417421408342025 0.0476022543955953 0.0551912412214767 0.0677093786521397 0.0804306098914425 0.0933171057844127 0.103322516877226 0.112300458772423 0.118700226962589 0.126893449458342 0.136841590426754 0.144028110042056 0.151383535463796 0.16335648888492 0.176378379750332 0.190634054370889 0.205175642048567 0.220038014119183 0.237162096618432 0.25573455793991 0.276360577393959 0.295517538599596 0.313963303385262 0.329110859639315 0.347403696487556 0.371105756237853 -9999 -9999 -9999 -9999 -9999 -9999 -9999 -9999 -9999 -9999 -9999 -9999 -9999 -9999 -9999 -9999 -9999 -9999 -9999 -9999 -9999 -9999 -9999
0 0 0.00258094838218763 0.00659371214896336 0.0108835967644931 0.0171533469855881 0.0285045796526734 0.035065606774347 0.0383966249153997 0.0451069422180079 0.0520062430544701 0.0584988921479412 0.07042095127021 0.0867611143910046 0.0982087545000129 0.108369885021371 0.116140074553712 0.124600131141699 0.133735231657965 0.141120041841575 0.148706469749705 0.159793267047714 0.171995821367661 0.185510754129098 0.199764109865269 0.214389833574312 0.230540183085188 0.248218535945643 0.268063341157485 0.285048930073261 0.30085846910996 0.314233007517129 0.321266685576916 0.317395413829311 -9999 -9999 -9999 -9999 -9999 -9999 -9999 -9999 -9999 -9999 -9999 -9999 -9999 -9999 -9999 -9999 -9999 -9999 -9999 -9999 -9999 -9999 -9999
0 0 0.0022659190625236 0.00578888681162448 0.010403202207643 0.0154026685297098 0.0212825977378027 0.0287307562652114 0.0372363631081552 0.0436214950356963 0.049832152521222 0.0561143309927666 0.0683590824485659 0.0854557915578693 0.0947350075647002 0.103064793667838 0.1123708758512 0.121893818354898 0.131628961515706 0.13899866077106 0.146081734814794 0.154502825245911 0.165978816569492 0.181048050860256 0.195537117460634 0.209729443518583 0.222684366339686 0.238769145190519 0.259291534702997 0.275275030236038 0.289554548633898 0.3030878601607 0.312636291836795 0.315331565994859 -9999 -9999 -9999 -9999 -9999 -9999 -9999 -9999 -9999 -9999 -9999 -9999 -9999 -9999 -9999 -9999 -9999 -9999 -9999 -9999 -9999 -9999 -9999
0.00151866511375074 0.00039937854027907 0.00140903272839409 0.00359974507185773 0.00879912209659051 0.013585473490701 0.0169923635473446 0.0252003299212841 0.0366456353769184 0.0420771584807296 0.0474863787865415 0.0546510965831346 0.0674614466764951 0.0848658485162253 0.0930446897330857 0.100181933568838 0.108813186038556 0.117936665320003 0.127541794968538 0.134977774811691 0.142247847281745 0.151333079688641 0.162842887105979 0.177204534046547 0.192036743737508 0.206536361879041 0.216614206205431 0.230069013600942 0.248311787975495 0.263380836151707 0.277303462704773 0.291566627612324 0.299928476556079 0.298141299838149 -9999 -9999 -9999 -9999 -9999 -9999 -9999 -9999 -9999 -9999 -9999 -9999 -9999 -9999 -9999 -9999 -9999 -9999 -9999 -9999 -9999 -9999 -9999
0.00418547412599365 0.00110069595441403 0.000142490691120658 0.000364029985117371 0.00634551123567118 0.0117179904662906 0.0149185944822287 0.0237901093191715 0.0364854878100842 0.0404883002775814 0.0450108088127736 0.0538844052571846 0.0674439964438085 0.0848167481760224 0.0927026831422207 0.099130333048036 0.105415401552755 0.113033849817568 0.121957027600592 0.129520821790171 0.137499814052369 0.149766626675375 0.161885113337641 0.173829135677155 0.189085709561428 0.204452597356219 0.211894041356143 0.221935338257395 0.235662790318513 0.249883653442179 0.26433629906638 0.279761066468697 0.291277531845945 0.296072537503126 -9999 -9999 -9999 -9999 -9999 -9999 -9999 -9999 -9999 -9999 -9999 -9999 -9999 -9999 -9999 -9999 -9999 -9999 -9999 -9999 -9999 -9999 -9999
0.00493271625186422 0.00142608764932386 0.000537225075301952 0.00110060296403112 0.00602108791962285 0.0104019917902634 0.0129363234708203 0.0201636989146905 0.0305555676894303 0.0375749536955322 0.0427165541576117 0.0427134309880721 0.0845796437960505 0.0844988927476091 0.0901000017084765 0.0964673376977797 0.102455362622837 0.109949791607787 0.118918256649169 0.128280669540998 0.13832510144163 0.15199547055 0.164326057456631 0.17508076247923 0.185135283507892 0.194850568797315 0.203251249206334 0.213924032521188 0.227818276498611 0.242191500427176 0.256970076001466 0.27614451956916 -9999 -9999 -9999 -9999 -9999 -9999 -9999 -9999 -9999 -9999 -9999 -9999 -9999 -9999 -9999 -9999 -9999 -9999 -9999 -9999 -9999 -9999 -9999 -9999 -9999
0.00565533027922259 0.00265209891399353 0.001964475266651 0.00256146574720924 0.0058079767654591 0.00888953557702512 0.0112693576289509 0.0168435379700537 0.0245716563548476 0.0349443374996869 0.0442462910914458 0.0492256899168882 0.0615434626530533 0.0798327311770988 0.087803030569278 0.0940894251532303 0.0997970782837546 0.107210815525095 0.116293978361866 0.127123408794327 0.1388143007707 0.15346072322007 0.165974955801098 0.175981258822766 0.181017993337891 0.185206999259685 0.194829337147215 0.206386821235485 0.220688017919692 0.235340677427537 0.24928062969255 0.247110251481691 -9999 -9999 -9999 -9999 -9999 -9999 -9999 -9999 -9999 -9999 -9999 -9999 -9999 -9999 -9999 -9999 -9999 -9999 -9999 -9999 -9999 -9999 -9999 -9999 -9999
0.00722338053005648 0.00754377929563466 0.00656897208035164 0.00487563214957289 0.00498179753665944 0.00634740655508238 0.0107764061116114 0.0157932142180422 0.0212063783632836 0.034055685063699 0.0454091064886864 0.0495858172767255 0.0616287770350668 0.0800727832873653 0.0877956112737808 0.0936031617758662 0.0980907562996674 0.104914556985029 0.114024365926129 0.124220230061267 0.135273234167803 0.150114423324622 0.162896641274987 0.173257051098785 0.17674539822492 0.179086998609355 0.189183456564107 0.200622315835329 0.213964474918935 0.22889749888405 0.243705540873533 0.244950591713186 -9999 -9999 -9999 -9999 -9999 -9999 -9999 -9999 -9999 -9999 -9999 -9999 -9999 -9999 -9999 -9999 -9999 -9999 -9999 -9999 -9999 -9999 -9999 -9999 -9999
0.00787010613088785 0.0107061028539915 0.00973370700920328 0.00664855481992876 0.00632003632677965 0.00762839040184835 0.012874646245181 0.0170562404338788 0.0205199391850651 0.0334616960393091 0.0451541431335826 0.0498591682233656 0.0607350672741123 0.0766324258898442 0.0869799436934182 0.095306534365118 0.0984859210477026 0.104338923001138 0.112808092432599 0.122738829850318 0.133221947081383 0.145155484253932 0.156232694926539 0.166302675158012 0.170307309850064 0.173386001768471 0.184124864423782 0.195915164023743 0.209196224780546 0.225003516092802 0.240906688425327 -9999 -9999 -9999 -9999 -9999 -9999 -9999 -9999 -9999 -9999 -9999 -9999 -9999 -9999 -9999 -9999 -9999 -9999 -9999 -9999 -9999 -9999 -9999 -9999 -9999 -9999
0.00767839467313287 0.0122946523380774 0.0115882091989284 0.00792892711442996 0.00962796981390981 0.0123885381983416 0.0173309597310872 0.0204244945327621 0.0222713352857382 0.0331358608346315 0.043608952444565 0.0500535496551496 0.0589504119352739 0.0698427694997319 0.0854287424284112 0.0990025508494609 0.100793510861467 0.105329116428691 0.112550393535328 0.122551296901072 0.132526410495867 0.138728988175355 0.146305700532772 0.155498700927426 0.161898548270188 0.168066312777678 0.179600724926732 0.192170240274419 0.206207358267888 0.223429388944473 -9999 -9999 -9999 -9999 -9999 -9999 -9999 -9999 -9999 -9999 -9999 -9999 -9999 -9999 -9999 -9999 -9999 -9999 -9999 -9999 -9999 -9999 -9999 -9999 -9999 -9999 -9999
0.00897466769074905 0.0122427899835026 0.0133186196150944 0.0131782457838682 0.0137395294957233 0.0148642730834462 0.0173703125823329 0.0207433408406386 0.0247009748016585 0.0313205133499365 0.0388753715844343 0.0486941528159901 0.0577943614541333 0.0663098420221273 0.0815733802080234 0.0955540302708338 0.0995755719008092 0.104508217463468 0.110332390129436 0.118294262869094 0.127037689356796 0.137742554446194 0.147041550246366 0.154686931047521 0.161966664933595 0.169418184932762 0.179485544819605 0.191326108480975 0.205680777551781 -9999 -9999 -9999 -9999 -9999 -9999 -9999 -9999 -9999 -9999 -9999 -9999 -9999 -9999 -9999 -9999 -9999 -9999 -9999 -9999 -9999 -9999 -9999 -9999 -9999 -9999 -9999 -9999
0.0116687519918336 0.012391753989545 0.0149950983859945 0.0186415876951386 0.0178614465167425 0.0172173247632431 0.0173853600402186 0.0210998494202037 0.0272056930945893 0.0300453429720362 0.0323523517834683 0.0339023790270677 -9999 0.0647617154281441 0.0779688379434963 0.0914468142725451 0.0974947627762753 0.102889360670605 0.107644646456458 0.113596829066026 0.121144046046191 0.136812727939029 0.148125011905808 0.154313202895079 0.162261636102043 0.170766806177811 0.179774660934728 0.185056924331196 -9999 -9999 -9999 -9999 -9999 -9999 -9999 -9999 -9999 -9999 -9999 -9999 -9999 -9999 -9999 -9999 -9999 -9999 -9999 -9999 -9999 -9999 -9999 -9999 -9999 -9999 -9999 -9999 -9999
0.0202480740078543 0.0152241198184679 0.0165106009974325 0.0212978799863075 0.021241353502125 0.0211886804413385 0.0216504751670478 0.0246772091164302 0.0294334673312474 0.0330908404933625 0.0356477906798138 0.0349229861776629 -9999 -9999 0.0779688379434963 0.0909528597293948 0.0943650177643871 0.0988640290241761 0.104426540366082 0.110614138191527 0.117869259103742 0.130788829543855 0.140469905682118 0.146341792166115 0.155348903696688 0.165485526085034 0.17782246486321 -9999 -9999 -9999 -9999 -9999 -9999 -9999 -9999 -9999 -9999 -9999 -9999 -9999 -9999 -9999 -9999 -9999 -9999 -9999 -9999 -9999 -9999 -9999 -9999 -9999 -9999 -9999 -9999 -9999 -9999
0.0285560046255721 0.0214143514315747 0.0202760338492764 0.0224681464092464 0.0246705697494484 0.026261316602545 0.0262721555759573 0.0284767193603673 0.0321604995945433 0.0361509970185871 0.0412961277086386 0.0501420420482251 -9999 -9999 -9999 -9999 0.0937367425597374 0.0967613269173149 0.102745506590309 0.109056077654705 0.116158617097507 0.127642141280717 0.135939326075719 0.140488666995987 0.150691199829045 0.16138157055486 -9999 -9999 -9999 -9999 -9999 -9999 -9999 -9999 -9999 -9999 -9999 -9999 -9999 -9999 -9999 -9999 -9999 -9999 -9999 -9999 -9999 -9999 -9999 -9999 -9999 -9999 -9999 -9999 -9999 -9999 -9999
0.0365671254558338 0.0312769449395006 0.0265021243366295 0.0220132064886478 0.0281537135407095 0.0325383786525808 0.0312837970015026 0.0325191866665458 0.0354335501535504 0.0392271855030361 0.0438505871075138 0.050933165661923 0.054110776635036 -9999 -9999 -9999 -9999 0.0967613269173149 0.102745506590309 0.109056077654705 0.116158617097507 0.127642141280717 0.134825914761971 0.136952225001599 0.148499729398314 -9999 -9999 -9999 -9999 -9999 -9999 -9999 -9999 -9999 -9999 -9999 -9999 -9999 -9999 -9999 -9999 -9999 -9999 -9999 -9999 -9999 -9999 -9999 -9999 -9999 -9999 -9999 -9999 -9999 -9999 -9999 -9999
0.0429715778357955 0.0379356585834712 0.0324102852642446 0.0266133808024828 0.0303598434589021 0.0336089580669379 0.0345803197413788 0.0351841114622888 0.0355400528060791 0.0402742165719376 0.0457397291158182 0.0522769984842526 0.0606098195766062 0.0704037449526537 -9999 -9999 -9999 -9999 -9999 -9999 -9999 -9999 -9999 0.136592463358069 0.136592463358069 -9999 -9999 -9999 -9999 -9999 -9999 -9999 -9999 -9999 -9999 -9999 -9999 -9999 -9999 -9999 -9999 -9999 -9999 -9999 -9999 -9999 -9999 -9999 -9999 -9999 -9999 -9999 -9999 -9999 -9999 -9999 -9999
0.0498604702415914 0.0441995962414687 0.0385276951778574 0.0328496767043594 0.0326493035209412 0.0336999285351315 0.037409037078123 0.0376352072244086 0.0355128513641046 0.0410813682283638 0.0474014128825144 0.0538521488718482 0.0617527781905286 0.0708332372663735 0.0731313866087741 -9999 -9999 -9999 -9999 -9999 -9999 -9999 -9999 -9999 -9999 -9999 -9999 -9999 -9999 -9999 -9999 -9999 -9999 -9999 -9999 -9999 -9999 -9999 -9999 -9999 -9999 -9999 -9999 -9999 -9999 -9999 -9999 -9999 -9999 -9999 -9999 -9999 -9999 -9999 -9999 -9999 -9999
