layers/veg100/veg900.asc
NCOLS 255 
NROWS 330 
XLLCORNER -2985163.8955 
YLLCORNER -3022031.214 
CELLSIZE 25000 
NODATA_value -9999 
[rows 200 to 224 of 330, columns 114 to 170 of 255]
0.0429092622839183 0.0380873588389809 0.0370614555635109 0.0381414337849563 0.0388502099492961 0.0413749144702607 0.0486254814938495 0.0547205592528192 0.0600364970215842 0.0852890222917757 0.106612734765017 0.108963913552105 0.111713069011336 0.114786072239879 0.120240124228347 0.126218615457647 0.132919867435232 0.141241816477084 0.151149638773589 0.16042653695978 0.170070320613132 0.182761107358917 0.196747487813481 0.212257774655279 0.23421829850389 0.258069142202412 0.282344437530019 0.308285672111115 0.336588929009756 0.363771781476974 0.39051308113711 0.416669467366187 0.442685379013173 0.468459703843388 0.491147931141252 0.512382964760908 0.523292904110493 0.534156395989097 0.544921979681172 0.5478149389829 0.546275402774758 0.537998164309769 -9999 -9999 -9999 -9999 -9999 -9999 -9999 -9999 -9999 -9999 -9999 -9999 -9999 -9999 -9999
0.0387929142671847 0.0362447195424074 0.0344009754054345 0.0329480345856692 0.0341417418088068 0.0370910257341157 0.0442960614999108 0.0506252886579141 0.0563639629384563 0.0741428966640041 0.0909193976398088 0.100740537724769 0.10754008845581 0.111880864488378 0.117472552625088 0.123473045767399 0.130431185293746 0.139246646761929 0.149879522019384 0.160348925104432 0.171007569380657 0.183027174419079 0.196103829593132 0.210423810851898 0.231787890815152 0.255494388956727 0.28229595799177 0.308587479272052 0.334155838421882 0.357836078189142 0.380988329950134 0.407291833336603 0.432921702680375 0.457393062764879 0.479676949490838 0.500912708637288 0.510000269910278 0.52203147706738 0.540267694405185 0.542113232024038 0.534730383953986 0.532892903746317 -9999 -9999 -9999 -9999 -9999 -9999 -9999 -9999 -9999 -9999 -9999 -9999 -9999 -9999 -9999
0.036582834306222 0.0362121464231432 0.032774567475827 0.0276355899887583 0.0310333250358481 0.0352977583461039 0.0409101095866006 0.0468496025041871 0.0530096852367447 0.0600760537360609 0.0708271026247932 0.0934101908683745 0.106227578549159 0.111098268434777 0.116142359869832 0.121631237350642 0.128935779683191 0.138212825446021 0.149419991589615 0.161811251491937 0.17415953280187 0.184706623566496 0.196525416720627 0.209840014756256 0.230858043158613 0.254846962723044 0.286093496131259 0.313654273284687 0.335989266537162 0.354654211882169 0.372454122370592 0.399465838231848 0.42456585389999 0.446378146213479 0.468224668013501 0.490025898554845 0.495539119136671 0.508376194488584 0.536651469678212 0.536440279927758 0.52019045786381 0.526471786743377 -9999 -9999 -9999 -9999 -9999 -9999 -9999 -9999 -9999 -9999 -9999 -9999 -9999 -9999 -9999
0.0354137269804896 0.0334777123992866 0.0301599198648255 0.0260755676636875 0.0286294486671074 0.0317388093613713 0.0355905255072301 0.0413403810081109 0.0483701413283295 0.0557160576611546 0.0669276103892538 0.0907452707646467 0.104128981616343 0.109022216731899 0.113797818864088 0.118992730683626 0.126082449139261 0.136475326928693 0.150100389287846 0.163329223816093 0.175706579786124 0.183432699732949 0.194050108817114 0.208068317051415 0.229424671455046 0.253340311338456 0.281607242607478 0.307073417007093 0.328568588131706 0.34951778145121 0.370237820849344 0.390405163361277 0.410703234585407 0.43122613177428 0.451058418397936 0.470564407667656 0.487466037033751 -9999 -9999 -9999 -9999 -9999 -9999 -9999 -9999 -9999 -9999 -9999 -9999 -9999 -9999 -9999 -9999 -9999 -9999 -9999 -9999
0.0343218939380092 0.0313799390351243 0.0282583413431604 0.0250370844286765 0.0260676540699642 0.0278475153773299 0.0311185550930114 0.0369929800579786 0.044622853229811 0.0522650861640008 0.0638760190732325 0.0885241044285058 0.102187838215476 0.106913214551501 0.111707724302254 0.116874692114922 0.123611634440756 0.134537185932141 0.149561346223581 0.163568259452703 0.176226836897079 0.182027185297662 0.191959511168252 0.206751961641012 0.227512812491328 0.25036167412489 0.276810597418145 0.301055433697101 0.322175244434649 0.344278185631582 0.366390858913663 0.381786547405977 0.398505119202303 0.417498772807872 0.434691661537918 0.450975114425117 0.444811151447146 -9999 -9999 -9999 -9999 -9999 -9999 -9999 -9999 -9999 -9999 -9999 -9999 -9999 -9999 -9999 -9999 -9999 -9999 -9999 -9999
0.0333607454004368 0.030921279196324 0.0280909726927357 0.0250438423434759 0.0230975776526861 0.0232589615695913 0.0287458564273387 0.0354773208775855 0.043047991688117 0.0504780332762875 0.0620204877420564 0.0871188504116476 0.100657944984388 0.104790852084114 0.110269449557675 0.11602620989209 0.122112390999458 0.132160030817746 0.14608400974811 0.16078248581046 0.174400894720846 0.18045800435942 0.190922412095421 0.206570782732452 0.224495431572866 0.243947687387743 0.271693597793992 0.296948298566823 0.318670882103388 0.338892283544849 0.35837571701862 0.374274052926593 0.390514705567737 0.407344071189286 0.420498979972313 0.431946188093988 0.437120826561585 -9999 0.473011916498338 0.473011916498338 -9999 -9999 -9999 -9999 -9999 -9999 -9999 -9999 -9999 -9999 -9999 -9999 -9999 -9999 -9999 -9999 -9999
0.0312979457406136 0.0297108734941754 0.0265766702066679 0.0225841754314788 0.0218490634059139 0.0227172556439973 0.0273845474763798 0.0338362996033839 0.041491303391 0.0483465116660791 0.0592025635551424 0.0834483652981242 0.09670940982924 0.101031766822821 0.109301077903327 0.11758997048956 0.123392318924759 0.132940185142585 0.146153089452505 0.157933101238554 0.168970177977468 0.177363259026898 0.189463830177949 0.205925234364994 0.222166165871282 0.239141856330935 0.263668232764575 0.287251094503944 0.309496210728203 0.329966838976215 0.349630225494898 0.366301573652922 0.381921261401728 0.395732313831559 0.410068841791744 0.424619901564857 0.432139752020344 0.444083107968712 0.465350919948244 0.473011916498338 -9999 -9999 -9999 -9999 -9999 -9999 -9999 -9999 -9999 -9999 -9999 -9999 -9999 -9999 -9999 -9999 -9999
0.028546621762907 0.028030631836406 0.0242205434064509 0.0185830100930005 0.021676513586718 0.0247048016034637 0.0266553500890301 0.0321169278892069 0.0399459732458182 0.0459996994911919 0.0557831505019719 0.0783621264453469 0.0912492402307263 0.0962497411564606 0.108626392424337 0.120661366134889 0.126409209696845 0.135693635989425 0.148438654695612 0.155043960276379 0.161286502107705 0.17331504651884 0.1877418244031 0.204989458303419 0.220266967412183 0.23534111143116 0.253825159509413 0.274060136092704 0.296777635491078 0.31882920488247 0.340428270513965 0.358041607070133 0.372950927332065 0.383209906733049 0.401990267155536 0.424619901564857 0.432139752020344 0.444083107968712 0.465350919948244 -9999 -9999 -9999 -9999 -9999 -9999 -9999 -9999 -9999 -9999 -9999 -9999 -9999 -9999 -9999 -9999 -9999 -9999
0.0248155411668635 0.0271161973142773 0.0260360901310331 0.0230804596006756 0.0222450613572281 0.0220596739806836 0.0233312283112686 0.0280633591561537 0.0351289375145847 0.042491349052794 0.0515414816285573 0.0660470981394336 0.0801808450996657 0.0940119885836606 0.103958095527343 0.11331893295738 0.122673095737007 0.133250218062336 0.145024022283256 0.151913956160823 0.158516365556862 0.169727582942498 0.182900105529813 0.198379559297717 0.212993751594728 0.227758145064089 0.24628691408418 0.266011941421928 0.287433062322475 0.306053311775273 0.32348645106558 0.337863195089311 0.35538575138615 0.378318444961268 -9999 -9999 -9999 -9999 -9999 -9999 -9999 -9999 -9999 -9999 -9999 -9999 -9999 -9999 -9999 -9999 -9999 -9999 -9999 -9999 -9999 -9999 -9999
0.0216770826573618 0.0255027906014121 0.0268106560201069 0.0267217148662044 0.0231265854800128 0.0205145675049387 0.0208053136915152 0.0248169268996281 0.0313375000639103 0.0396230694358926 0.0479605436397855 0.0559318410395477 0.0710552929181334 0.0919987072113024 0.100086916191378 0.107273667075405 0.118926807996538 0.130266179291427 0.141298522907082 0.148786118001117 0.155960330396649 0.165844367400562 0.177679294432543 0.191808902084244 0.205955501054734 0.220463242728218 0.238342806683884 0.257337937859278 0.277914756160539 0.29367517900542 0.307544578906329 0.319035929944387 0.324642830435162 0.320129710243146 -9999 -9999 -9999 -9999 -9999 -9999 -9999 -9999 -9999 -9999 -9999 -9999 -9999 -9999 -9999 -9999 -9999 -9999 -9999 -9999 -9999 -9999 -9999
0.0205109690812065 0.0216458643429736 0.0236002166091244 0.0260091735291237 0.0247824733228468 0.0232281357375882 0.0212067972405582 0.0244691052750433 0.0312941468050808 0.0389069976597051 0.0465212663875605 0.0539006224024782 0.0689047280296081 0.0901133635358219 0.0994369304886888 0.107301736980518 0.116584368358917 0.126776336999363 0.137858104032815 0.145715880156038 0.152998200106092 0.160982830010033 0.171992435172368 0.186560084099703 0.200758037663978 0.214829156128338 0.228700945708556 0.245708691994267 0.267162698676164 0.282829121448192 0.296223329515418 0.306762236669508 0.314581536164697 0.317723680921986 -9999 -9999 -9999 -9999 -9999 -9999 -9999 -9999 -9999 -9999 -9999 -9999 -9999 -9999 -9999 -9999 -9999 -9999 -9999 -9999 -9999 -9999 -9999
0.0157828570118373 0.0190194735185193 0.0225177534160856 0.0261611945540848 0.0259564385536668 0.0248880734918039 0.0219914174453242 0.024554912833411 0.0308001579923593 0.037346531740398 0.0443061315187374 0.0525319945467519 0.067594110433478 0.0882191283537233 0.0982758003815124 0.106571491800928 0.114116703096675 0.123251805830325 0.133942638110699 0.141388250803617 0.148500283267874 0.15780992315463 0.169203539010256 0.18304837415499 0.197146469740835 0.210898545620608 0.220690157354368 0.234281969055726 0.253261826639196 0.269007877080784 0.283471632629845 0.296096948166732 0.303683928204201 0.302606027969288 -9999 -9999 -9999 -9999 -9999 -9999 -9999 -9999 -9999 -9999 -9999 -9999 -9999 -9999 -9999 -9999 -9999 -9999 -9999 -9999 -9999 -9999 -9999
0.00836179651072236 0.0173233942799536 0.0230440865854879 0.0269668435526239 0.0267660597948083 0.0257514436590475 0.0230656973055166 0.0249685534973838 0.0299654788872486 0.0351476854602286 0.0415044313956458 0.0516642997511902 0.0669185112822221 0.0863181709989878 0.0967282339731751 0.10526794390321 0.111554364535136 0.119701049114864 0.129668026275143 0.136110006088994 0.142841278354267 0.155913657757675 0.168605566060227 0.180849955717989 0.194733873327803 0.208255800135732 0.213912495422197 0.223008357860008 0.236980382227641 0.252937326693206 0.269638486286958 0.286647648698454 0.298466282270411 0.301358294947406 -9999 -9999 -9999 -9999 -9999 -9999 -9999 -9999 -9999 -9999 -9999 -9999 -9999 -9999 -9999 -9999 -9999 -9999 -9999 -9999 -9999 -9999 -9999
0.00568054879003009 0.0167537833162056 0.0215524185015325 0.0228701363890332 0.0253505029720953 0.0264470648926495 0.0238507084674457 0.0247316078712565 0.0279572015578399 0.0340984840570251 0.0390119650516323 0.0390043065895066 0.0878587973843632 0.0878342024623163 0.0939028273462746 0.100941073427409 0.108213943702233 0.116590794430307 0.126047904457334 0.134733349543131 0.143891775612911 0.156924073829422 0.169459697159462 0.181411120345009 0.189812986371263 0.197262577917183 0.205311099555237 0.215730402705844 0.229511076225122 0.244879165322047 0.261118422926098 0.282886959777337 -9999 -9999 -9999 -9999 -9999 -9999 -9999 -9999 -9999 -9999 -9999 -9999 -9999 -9999 -9999 -9999 -9999 -9999 -9999 -9999 -9999 -9999 -9999 -9999 -9999
0.00436409447972365 0.0154519497486277 0.0196331269447904 0.0199827327739325 0.0246171173934273 0.0274795215099464 0.0253218688489807 0.0252417597110885 0.0265625266261217 0.033603216297432 0.0411611514905884 0.0486793037254466 0.063557207614592 0.0844240031217026 0.0917589127212478 0.0975139345738197 0.105234467439628 0.11363127574344 0.12268982840007 0.133437521938181 0.144779643598595 0.157531278399223 0.169745808702477 0.181328584645846 0.184623447976767 0.186456327252487 0.19689439838403 0.208869041777634 0.223022286802665 0.23775531292608 0.2518079315511 0.24876530428597 -9999 -9999 -9999 -9999 -9999 -9999 -9999 -9999 -9999 -9999 -9999 -9999 -9999 -9999 -9999 -9999 -9999 -9999 -9999 -9999 -9999 -9999 -9999 -9999 -9999
0.00600078141018404 0.0107676202540087 0.0170496790203548 0.0241723261576554 0.0276111452778429 0.0298962581000129 0.0295871726338282 0.0289587131710245 0.0281149015970269 0.0346858902387353 0.0418870566372474 0.0489041186914153 0.0635976710748607 0.0845378565986541 0.0928755649614331 0.0990463276972349 0.104031547842534 0.111038587763524 0.120024004753668 0.130542265875777 0.14175101250118 0.155155467705 0.167124601099819 0.177405476781086 0.179624533997741 0.180464795207534 0.190085335669372 0.201660098523244 0.216005620811333 0.230316861406266 0.243992281190536 0.245737703077029 -9999 -9999 -9999 -9999 -9999 -9999 -9999 -9999 -9999 -9999 -9999 -9999 -9999 -9999 -9999 -9999 -9999 -9999 -9999 -9999 -9999 -9999 -9999 -9999 -9999
0.00797548925149329 0.00834036675609862 0.0140124428287707 0.0226287577755194 0.0270145767578118 0.0306041883884938 0.0325793030395859 0.0323789178245931 0.0307116051389149 0.0350832156248041 0.0407369418128516 0.0487671951640751 0.062331850211072 0.0804000447092899 0.0924978866914303 0.102163818613278 0.105174448315161 0.110748029928744 0.118829493477409 0.128648332050998 0.139002692258273 0.150346378162344 0.160727613881868 0.169976794101519 0.173063763346525 0.175149421146674 0.184444249753061 0.195617111888631 0.209452710435354 0.224867977933762 0.240068603406001 -9999 -9999 -9999 -9999 -9999 -9999 -9999 -9999 -9999 -9999 -9999 -9999 -9999 -9999 -9999 -9999 -9999 -9999 -9999 -9999 -9999 -9999 -9999 -9999 -9999 -9999
0.0102578077252023 0.00796712989573472 0.010562243736511 0.0158678153793987 0.0231504422523197 0.0297570462829045 0.0344128019650812 0.0355290708776222 0.0342586835299402 0.0348568502990748 0.0378795844150848 0.0483010771901229 0.0598772657704734 0.0723930713860953 0.0907603163600193 0.106723802933594 0.10845212557817 0.112552489553191 0.118973926964956 0.127665635835688 0.136509464515435 0.143322921338408 0.150894537599647 0.159357918001672 0.165081649508452 0.170449374062381 0.179866062817365 0.190635185802785 0.203321833589074 0.221229669681883 -9999 -9999 -9999 -9999 -9999 -9999 -9999 -9999 -9999 -9999 -9999 -9999 -9999 -9999 -9999 -9999 -9999 -9999 -9999 -9999 -9999 -9999 -9999 -9999 -9999 -9999 -9999
0.0138513980747125 0.0116125529944936 0.0132601109724886 0.0170637026502914 0.0248960195399758 0.0319466263242973 0.0365598911777462 0.0382032020588656 0.0378438894801538 0.0385692514077297 0.04112642668896 0.0493729831567133 0.0582439627857105 0.0676230577441506 0.0855549131572002 0.102091914727528 0.107008544502514 0.111761768711636 0.116355098439381 0.123331382740366 0.131330279749593 0.14243428458677 0.151586066694341 0.158441600628744 0.164640733528624 0.170934890455734 0.179905695552129 0.190217054304568 0.202429093196942 -9999 -9999 -9999 -9999 -9999 -9999 -9999 -9999 -9999 -9999 -9999 -9999 -9999 -9999 -9999 -9999 -9999 -9999 -9999 -9999 -9999 -9999 -9999 -9999 -9999 -9999 -9999 -9999
0.017048812092469 0.0157549226664603 0.0167425571668948 0.0189958973593659 0.0268470746902525 0.0339435576519202 0.0385089948886115 0.0406509735772683 0.0411588276338805 0.0426706688926099 0.0441434253061731 0.0451824400909185 -9999 0.0650571705016765 0.0806317116947849 0.0966214701185193 0.104264795005321 0.109744462358811 0.113106962543955 0.118469244011318 0.125681419928627 0.141517047032662 0.152485009997954 0.157727517195994 0.164144855704387 0.171128186958277 0.180286926061638 0.185657668999775 -9999 -9999 -9999 -9999 -9999 -9999 -9999 -9999 -9999 -9999 -9999 -9999 -9999 -9999 -9999 -9999 -9999 -9999 -9999 -9999 -9999 -9999 -9999 -9999 -9999 -9999 -9999 -9999 -9999
0.0168604579401398 0.0185306872762363 0.0182622677511565 0.0169183570291571 0.0243197748485705 0.031916137559527 0.039104787271187 0.042378686462494 0.0430128911317691 0.0449163693382595 0.046352425018705 0.0458665738203507 -9999 -9999 0.0806317116947849 0.0958465351634868 0.0993547302155878 0.103840941391905 0.109284154125273 0.114149576290406 0.120221800481402 0.13436844172913 0.144044201328481 0.148461209627662 0.155884819829316 0.164642934701007 0.177889688316803 -9999 -9999 -9999 -9999 -9999 -9999 -9999 -9999 -9999 -9999 -9999 -9999 -9999 -9999 -9999 -9999 -9999 -9999 -9999 -9999 -9999 -9999 -9999 -9999 -9999 -9999 -9999 -9999 -9999 -9999
0.0213709317044665 0.0216464335921323 0.0201074697725237 0.0175619070095138 0.0236480288681345 0.0306835425034392 0.0392705270189927 0.0437453169300632 0.0454472768703482 0.0474124544400058 0.0499624056007895 0.0543538437201376 -9999 -9999 -9999 -9999 0.0974566208287984 0.100757134375401 0.107287243554383 0.111893122607699 0.117369873156475 0.130634243219998 0.139170813793276 0.142146440536765 0.150656416447924 0.159785229248783 -9999 -9999 -9999 -9999 -9999 -9999 -9999 -9999 -9999 -9999 -9999 -9999 -9999 -9999 -9999 -9999 -9999 -9999 -9999 -9999 -9999 -9999 -9999 -9999 -9999 -9999 -9999 -9999 -9999 -9999 -9999
0.0310203233709666 0.0251340041388751 0.0223086486040263 0.0211814033233869 0.0250056270401424 0.0303202154181333 0.0389659356070083 0.044717046172653 0.0485163375543839 0.0501823751055283 0.0520041077700579 0.0549861649067485 0.0563240699376923 -9999 -9999 -9999 -9999 0.100757134375401 0.107287243554383 0.111893122607699 0.117369873156475 0.130634243219998 0.138198970357293 0.139059649611845 0.14874358681618 -9999 -9999 -9999 -9999 -9999 -9999 -9999 -9999 -9999 -9999 -9999 -9999 -9999 -9999 -9999 -9999 -9999 -9999 -9999 -9999 -9999 -9999 -9999 -9999 -9999 -9999 -9999 -9999 -9999 -9999 -9999 -9999
0.0408785527676857 0.0320026586103896 0.027399581489014 0.0251669063523445 0.0267141411036258 0.029997124905753 0.0373666438579872 0.0434020752463119 0.0485379388036716 0.0517887109739121 0.0546141249923864 0.0566150912986358 0.0606006348455439 0.0662010994604559 -9999 -9999 -9999 -9999 -9999 -9999 -9999 -9999 -9999 0.138524221097432 0.138524221097432 -9999 -9999 -9999 -9999 -9999 -9999 -9999 -9999 -9999 -9999 -9999 -9999 -9999 -9999 -9999 -9999 -9999 -9999 -9999 -9999 -9999 -9999 -9999 -9999 -9999 -9999 -9999 -9999 -9999 -9999 -9999 -9999
0.0510547827485473 0.0400223127176769 0.0335615113152607 0.0296369037866295 0.0291317660493835 0.0304161641946005 0.0359634725737529 0.04205777807156 0.0485209206868726 0.0536256378803696 0.0577330882653551 0.0589766748429655 0.0620500515926514 0.0666123936687411 0.0681199621319719 -9999 -9999 -9999 -9999 -9999 -9999 -9999 -9999 -9999 -9999 -9999 -9999 -9999 -9999 -9999 -9999 -9999 -9999 -9999 -9999 -9999 -9999 -9999 -9999 -9999 -9999 -9999 -9999 -9999 -9999 -9999 -9999 -9999 -9999 -9999 -9999 -9999 -9999 -9999 -9999 -9999 -9999
