layers/veg_tps/veg1800.asc
NCOLS 255 
NROWS 330 
XLLCORNER -2985163.8955 
YLLCORNER -3022031.214 
CELLSIZE 25000 
NODATA_value -9999 
[rows 234 to 259 of 330, columns 58 to 115 of 255]
-9999 -9999 -9999 -9999 -9999 -9999 -9999 -9999 -9999 -9999 -9999 -9999 -9999 -9999 0.620288402581152 0.59653382469698 0.544922527750606 0.506163236229059 0.49299345795713 0.457542721379605 0.404502255602689 0.310315285761608 0.228883727463258 0.201715137024475 0.21013311522311 0.238405302554066 0.183693060100158 0.175979705381938 0.202944616290323 0.2063099051733 0.187784863564696 0.169902747081872 0.155304820651484 0.152571049796254 0.150287258846625 0.139862361385918 0.143574032273993 0.13321244154283 0.118507750028198 0.105380837795172 0.0926917956536398 0.0789308211850865 0.068442644948559 0.0532691752246557 0.0462676895040472 0.0395501246452617 0.0319251696361768 0.0242167923331469 0.0199607121291831 0.0127452021624503 0.00142962629829006 0 0 0 0 0 0 0
-9999 -9999 -9999 -9999 -9999 -9999 -9999 -9999 -9999 -9999 -9999 -9999 -9999 -9999 0.611681865939369 0.592105205407046 0.545329898719244 0.52632949825685 0.500251243268266 0.461869984301225 0.407907060374722 0.326569993609908 0.253313738019617 0.251562608145167 0.255379829923978 0.253513286631821 0.232641946129435 0.203595376387239 0.196809020045592 0.201296018486373 0.177081244023377 0.176541270509609 0.174495580972149 0.166618985084908 0.15951513003203 0.148076286640191 0.140379107026909 0.129851294526999 0.117753696506496 0.107224085404617 0.09549031255507 0.0840463497681665 0.0758439370000389 0.0595612491091594 0.0447607634482431 0.0388600284676466 0.0323144014983192 0.0281543670738544 0.0233120826868919 0.0147966196064424 0.00182180956572452 0 0 0 0 0 0 0
-9999 -9999 -9999 -9999 -9999 -9999 -9999 -9999 -9999 -9999 -9999 -9999 -9999 -9999 0.603216155619042 0.581442796142027 0.533477064777889 0.535237797046356 0.51051858455356 0.471681628584547 0.424226048880328 0.345703974671021 0.258520298347344 0.228022614265461 0.226009537543243 0.202515456056114 0.241126842570433 0.220563865103281 0.207220474908986 0.206054678516443 0.172509091120469 0.177506715013031 0.188236029668801 0.177748230576078 0.168854367086603 0.153783205550993 0.142141477124001 0.131239416598352 0.118936474934824 0.108257928917475 0.0981457612894883 0.0876800526735995 0.0794407107066331 0.0646189024960832 0.0516106815747146 0.0448110584847194 0.0368875120440279 0.0315021178431143 0.0266119630009982 0.0165324764748859 0.00505096631941301 0 0 0 0 0 0 0
-9999 -9999 -9999 -9999 -9999 -9999 -9999 -9999 -9999 -9999 -9999 -9999 -9999 -9999 0.602746641173216 0.579726941685097 0.522153113194823 0.534441025612275 0.519024662293453 0.480990095529229 0.421250074075857 0.35671336759755 0.248743766991355 0.195290515748416 0.25034152885564 0.188342445421462 0.245064473915831 0.245375963642629 0.223370615666415 0.221766580522903 0.210936486160216 0.194720009430704 0.190487176654657 0.180208158890442 0.174239393836695 0.161155742201392 0.148210469577586 0.136837690458059 0.122953270545622 0.111231168761226 0.100959576255286 0.0887584012529283 0.0767708536492715 0.0657196278521655 0.0536466864867445 0.0513410182738812 0.0491898410109709 0.0432592345959079 0.0373344691431257 0.0249534287900857 0.009511993580813 0.000206113507559559 0 0 0 0 0 0
-9999 -9999 -9999 -9999 -9999 -9999 -9999 -9999 -9999 -9999 -9999 -9999 -9999 -9999 0.599609460584283 0.588975501007676 0.540241709835474 0.537907394764826 0.52275980483388 0.479891196969374 0.418510614091128 0.364279059843009 0.304286668412712 0.224819471736478 0.248458429025163 0.222060412289802 0.233481941521154 0.2538913924378 0.228813862305537 0.233009849260376 0.24363589255967 0.225049008825279 0.194163298980335 0.181291652291656 0.172840934341374 0.161851082642448 0.151023454906461 0.143026507703446 0.126729579843893 0.115142138294559 0.104468667159302 0.0930444963449149 0.0825582045448696 0.070898248690861 0.0602443140747515 0.0543609871514502 0.0502083256321632 0.0496853695430169 0.048755153061973 0.0315695157286596 0.028066909684965 0.0108262050044683 0.00065177293733985 0 0 0 0 0
-9999 -9999 -9999 -9999 -9999 -9999 -9999 -9999 -9999 -9999 -9999 -9999 -9999 -9999 0.59933342623908 0.595316672240842 0.580944929406446 0.557362150634219 0.526552295848239 0.481435411337652 0.43845965698231 0.370527946024693 0.312259482639415 0.25102492810989 0.256742449428791 0.258618558638915 0.263169683734093 0.259588742267398 0.241995896303696 0.248890464047099 0.233573013498059 0.22282180117847 0.209179497080608 0.190030789004411 0.173325425721921 0.158100780419447 0.150227053952378 0.145503768057388 0.132182678228497 0.120071510771019 0.109066578170896 0.0977733441067231 0.088585068760182 0.0778610531140547 0.0685789219510067 0.0592366371880747 0.0569533237469036 0.0559474099057109 0.0502444188717268 0.0403300393026619 0.032620141780312 0.0209025554185852 0.0120994449148747 0.00287757648295759 0 0 0 0
-9999 -9999 -9999 -9999 -9999 -9999 -9999 -9999 -9999 -9999 -9999 -9999 -9999 -9999 -9999 0.585771842262313 0.582972613540344 0.564877819383221 0.539046586020836 0.499407959264825 0.453972118686156 0.384008927294842 0.312176046648785 0.271343888996209 0.248472620799274 0.266833956475763 0.270178192330609 0.262343101562452 0.254627284254127 0.242708551335777 0.232029860642665 0.224226932331275 0.222235708623885 0.203896918711856 0.188525263446884 0.168049329006235 0.154418073599904 0.145167237090174 0.137190222281705 0.124249960619409 0.112299748904209 0.101263060437159 0.0922092703648787 0.0829820933105121 0.0741039979433805 0.0646193262887524 0.0606165081315445 0.0563790184162064 0.0488222285592384 0.0421586756609144 0.0339143080768355 0.0281583793644086 0.0206189388805349 0.00880578935714768 0 3.28051761848865e-05 0 0
-9999 -9999 -9999 -9999 -9999 -9999 -9999 -9999 -9999 -9999 -9999 -9999 -9999 -9999 -9999 0.629211745339984 0.599508982150807 0.585455477671135 0.552274585643547 0.51391621217387 0.450658473201459 0.378384777481038 0.336155675881679 0.28853707102126 0.250091558413647 0.258581682534688 0.258879358956535 0.260931075155566 0.254905702855601 0.244679965843322 0.244914812561162 0.23712425239275 0.227938092521718 0.215816820278664 0.199117715187111 0.173755119872805 0.160560909721083 0.148989653495459 0.137048053137938 0.126678010400564 0.114585740244573 0.103679497987533 0.0946598803170008 0.0857954923253124 0.0768037352269985 0.0687361981607334 0.061642485973204 0.0560601964578367 0.0510312773045036 0.044259101417825 0.0384868593767951 0.032430709237091 0.0255544754428534 0.0223814645814387 0.0150786456130181 0.00583833003104443 4.82904012232229e-05 0
-9999 -9999 -9999 -9999 -9999 -9999 -9999 -9999 -9999 -9999 -9999 -9999 -9999 -9999 -9999 -9999 0.641581582812613 0.613601061157507 0.577167768062292 0.536075945943829 0.49539434394564 0.376832689851759 0.332714965720011 0.300619482153393 0.269762599521271 0.251953401642071 0.251447238419583 0.253783466034483 0.251794869440983 0.247782223788077 0.243852908563656 0.239345396905773 0.229004945180517 0.203918516005146 0.186881795913997 0.170985959344148 0.163091816863685 0.160813017202049 0.148519585134716 0.131946326674581 0.121758289656848 0.106866169124151 0.0974937818009675 0.0884249165265572 0.0796597386190265 0.0716947984599627 0.0641653135674428 0.058515466362662 0.0546065395448477 0.0480570335842588 0.0427875627339502 0.0358634013334324 0.029471013544455 0.0250540767807362 0.0176417117796514 -9999 -9999 -9999
-9999 -9999 -9999 -9999 -9999 -9999 -9999 -9999 -9999 -9999 -9999 -9999 -9999 -9999 -9999 -9999 0.662782160242857 0.628481952902121 0.590204114895186 0.544857019729585 0.464138757848641 0.394483252027184 0.325587065942205 0.325626203706008 0.296234075441758 0.254039655452754 0.26006684204305 0.266050713301889 0.267019094858387 0.264712885489746 0.255947127388759 0.240892503346799 0.208134133208597 0.18657970679853 0.185956259377502 0.180817155532138 0.173864000318347 0.156441509798669 0.141349428576585 0.129923798732045 0.118955374857018 0.11329421030183 0.105384950504172 0.0930859210233651 0.0834316545546281 0.0751147760315155 0.0679968944317974 0.0615054003387384 0.0558046882219003 0.0504254397701348 0.0439978500438038 0.0402806602629471 0.0340511011816458 0.0281468388212358 0.0264181411520708 -9999 -9999 -9999
-9999 -9999 -9999 -9999 -9999 -9999 -9999 -9999 -9999 -9999 -9999 -9999 -9999 -9999 -9999 -9999 0.673405403263165 0.630597483427562 0.588732878127827 0.55182857957464 0.465408672573335 0.430066570012198 0.355132062388572 0.326500661269108 0.331440809283337 0.281062344660606 0.277223189927899 0.296138713639929 0.293762482358506 0.284460581164609 0.266131043025491 0.240010447818092 0.20598082562752 0.190986860133609 0.18231483278338 0.184495207540654 0.182356765868054 0.174005738824386 0.159030322800344 0.133095807314698 0.120781802791717 0.115866040460984 0.110350283700471 0.0982381236368564 0.0874171333476913 0.0790409312372864 0.0719393499760846 0.0653553483645143 0.0596962809448986 0.053831891077388 0.0474793833186838 0.0451144652490673 0.0385660984396863 0.0327009558524444 0.0308325513074753 -9999 -9999 -9999
-9999 -9999 -9999 -9999 -9999 -9999 -9999 -9999 -9999 -9999 -9999 -9999 -9999 -9999 -9999 -9999 0.684167114821412 0.64607540219234 0.595582669823661 0.552573959885885 0.483739232362051 0.460183627900412 0.346891910717308 0.351348082637305 0.361259932485768 0.316649389006044 0.295274474171896 0.308133001537888 0.305125283801306 0.287797918513011 0.261503535221616 0.234506994160265 0.208385136668181 0.196045634654707 0.183231772555399 0.181447922343548 0.179709705359687 0.173825925651518 0.160463945728733 0.139180304486309 0.124603212115252 0.116457286456204 0.109334805980076 0.101747993625017 0.094067901830014 0.0861185210618824 0.0805756507723896 0.0721437382151582 0.0663916809554606 0.0604534421825407 0.0543163468598516 0.0481124941523182 0.0424449923119038 0.0364808895206257 -9999 -9999 -9999 -9999
-9999 -9999 -9999 -9999 -9999 -9999 -9999 -9999 -9999 -9999 -9999 -9999 -9999 -9999 -9999 -9999 0.692516156237149 0.66527152306476 0.617741235343306 0.559083035722061 0.504013836866216 0.456689899330419 0.388201889978567 0.382014984726593 0.371305766586687 0.328045654529601 0.320421615124055 0.326496870430388 0.306117186360827 0.273011970554807 0.252796553916556 0.225467783068387 0.202981502555543 0.190939523154386 0.183817102346457 0.177182442835779 0.174261141042954 0.167871986600122 0.155670944381118 0.144456106512719 0.128904550160525 0.123421631683478 0.115849129625549 0.103787695045997 0.094514105288921 0.086977804581924 0.0807241863438356 0.0748308463942963 0.0677146297665451 0.0629066145447195 0.0568084706998982 0.0512671804035226 0.0464647746462012 0.0393260568927939 -9999 -9999 -9999 -9999
-9999 -9999 -9999 -9999 -9999 -9999 -9999 -9999 -9999 -9999 -9999 -9999 -9999 -9999 -9999 0.69327706981472 0.694282712721604 0.674596423688572 0.641125234344147 0.583909583471419 0.508134859118912 0.469482066921632 0.44638501132426 0.389239065435717 0.377307078719303 0.356490421241259 0.330420816086784 0.326325253188274 0.307529090260058 0.267073606337873 0.242398852923312 0.214280132567714 0.195703241800152 0.184711964661111 0.178226760091713 0.174098671441847 0.170433125414326 0.163574506856883 0.15365274308266 0.147548432144728 0.137197168279332 0.126300359889109 0.119794314692004 0.114043491668844 0.10285756092778 0.0904114962166905 0.0826013401107244 0.0783193771881711 0.0734746371711527 0.0678685611623591 0.0625003042528445 0.0564538603977205 0.0520696133429367 0.0484993030750366 -9999 -9999 -9999 -9999
-9999 -9999 -9999 -9999 -9999 -9999 -9999 -9999 -9999 -9999 -9999 -9999 -9999 -9999 -9999 0.690894180233099 0.6991653166316 0.691646907152633 0.656022292821905 0.61843644015567 0.511363586496792 0.491980825540774 0.452430453672743 0.391536551413955 0.386125166907905 0.375626422983096 0.347115367992358 0.326057731019388 0.285890749874938 0.250450291043777 0.22878751809846 0.207236002393581 0.189061939718523 0.179781689174295 0.175367592034764 0.171193949881544 0.167490821783448 0.158914093448412 0.150725006812522 0.143976267956948 0.138111253686433 0.127683306891288 0.118572044176434 0.114519478652684 0.109391099778127 0.0994767172554218 0.085950446368623 0.0805852946230458 0.0760488311568823 0.0728286387615601 0.0685839625769895 0.060526747547527 0.0564919736200052 0.0530988093284519 -9999 -9999 -9999 -9999
-9999 -9999 -9999 -9999 -9999 -9999 -9999 -9999 -9999 -9999 -9999 -9999 -9999 -9999 -9999 0.764802152437879 0.742222378348936 0.719182464898803 0.6790945326433 0.610935166548307 0.528705056767823 0.505318860750883 0.435708415887926 0.39197734472498 0.388564232437701 0.37367754718616 0.362794452307211 0.344991558914612 0.291514369998944 0.267222013130333 0.246174293772814 0.205344786815439 0.204633417062775 0.191179732572471 0.18490106180568 0.170889027371185 0.164675450055326 0.155046318971673 0.142978606993193 0.134380420018433 0.130810181517805 0.128018466131141 0.117517424343874 0.112210572105783 0.111444184252332 0.104499573852051 0.0892054766826507 0.083869733578516 0.0787505496758684 0.0744340363847042 0.070189424002914 0.0650176190833013 0.0594809779439466 0.0569232746373014 -9999 -9999 -9999 -9999
-9999 -9999 -9999 -9999 -9999 -9999 -9999 -9999 -9999 -9999 -9999 -9999 -9999 -9999 -9999 0.756175249621194 0.748049012412714 0.734287095798963 0.696436796528702 0.642429042281183 0.536401917827088 0.48878689037847 0.456880920386236 0.405939774850968 0.387634307669833 0.368861023986201 0.362529204365565 0.357266563565817 0.29921719161329 0.282603282282056 0.259119791827066 0.207467253107428 0.200821331745736 0.196615483262027 0.187006912238752 0.172432845266579 0.163029677546853 0.152902153018772 0.13207731449142 0.122852058215622 0.123216973983166 0.123183766398727 0.117957421733118 0.11412749315811 0.113129129987747 -9999 0.0907725756345544 0.0862712143942665 0.0820368991164987 0.0758390268839186 0.0714701469342304 0.0677393889021685 0.0604862150183538 -9999 -9999 -9999 -9999 -9999
-9999 -9999 -9999 -9999 -9999 -9999 -9999 -9999 -9999 -9999 -9999 -9999 -9999 -9999 -9999 0.740707468957392 0.760686586231264 0.744710133458833 0.70656629334264 0.675218298138774 0.610356707774226 0.520209211371535 0.485383807819649 0.445685848665239 0.400285477062856 0.378606459975237 0.367338732700704 0.360175067464894 0.310287371934656 0.298293380634695 0.280655089473295 0.23729428459723 0.218663402913843 0.203775502050116 0.183475819675587 0.161596518661514 0.142654881521539 0.117403188269164 0.102292261102553 0.10129904476266 0.109377681456437 0.114955108937552 0.117350121428376 0.114600312969074 0.115632503775438 -9999 -9999 -9999 0.0839278614833333 0.0772720262634417 0.0728653532824623 0.0684557172913564 -9999 -9999 -9999 -9999 -9999 -9999
-9999 -9999 -9999 -9999 -9999 -9999 -9999 -9999 -9999 -9999 -9999 -9999 -9999 -9999 -9999 0.777385395007841 0.779059320930227 0.758609600529467 0.728285601171978 0.671574234633817 0.635664785335554 0.587485644917538 0.498257679753572 0.474121063364336 0.427474351475339 0.402827650384514 0.380800192722836 0.351271837961331 0.326555017919487 0.313808789963077 0.292119899303669 0.259154012078312 0.233031151270218 0.207648741479605 0.179130363791415 0.152691660073118 0.12439860382115 0.106652176346149 0.0768220249668318 0.0889689558103759 0.101713104440052 0.11338271137453 0.116533541642661 0.113495568094124 0.116397442715061 -9999 -9999 -9999 -9999 -9999 -9999 -9999 -9999 -9999 -9999 -9999 -9999 -9999
-9999 -9999 -9999 -9999 -9999 -9999 -9999 -9999 -9999 -9999 -9999 -9999 -9999 -9999 0.836083436776656 0.815566376195956 0.801050677209677 0.779860706473449 0.748271298095361 0.693950931484346 0.608492528331013 0.604523036441944 0.52148139562706 0.448997929165589 0.417290561005499 0.425711230121615 0.390944344086415 0.349967208616927 0.338521757386647 0.320506352443326 0.28507329233009 0.252809746589408 0.238130069965317 0.204269173430733 0.178720463017166 0.156972580353346 0.127168059459917 0.127018037913178 0.096313242023783 0.100385785908793 0.10931471060516 0.112686538957771 0.112216204930424 0.109526565971524 0.116010015254772 -9999 -9999 -9999 -9999 -9999 -9999 -9999 -9999 -9999 -9999 -9999 -9999 -9999
-9999 -9999 -9999 -9999 -9999 -9999 -9999 -9999 -9999 -9999 -9999 -9999 -9999 -9999 -9999 0.827982010856369 0.820946202223671 0.801860097195407 0.756389602216028 0.70864773106016 0.639651788313891 0.602569486777256 0.523626513327489 0.509611752718145 0.445440736769763 0.442986261507082 0.428082984703197 0.389215052375434 0.353990716480776 0.318829688262558 0.278609823097683 0.246645133988447 0.222661807776134 0.203115489680341 0.171888752564701 0.157780198900102 0.134011223452095 0.135983927808062 0.136339567739549 0.123486369653333 0.119982989070731 0.118653013025787 0.117043496283086 0.113227672334161 0.119848893153132 -9999 -9999 -9999 0.10189199890479 -9999 -9999 -9999 -9999 -9999 -9999 -9999 -9999 -9999
-9999 -9999 -9999 -9999 -9999 -9999 -9999 -9999 -9999 -9999 -9999 -9999 -9999 -9999 -9999 0.866934307572176 0.846210280188094 0.813811403256455 0.737035749159336 0.728191133652094 0.667099644374293 0.629043880883365 0.584903001352285 0.507887629985119 0.514001013995235 0.483134602513306 0.454407434871674 0.431396296363503 0.385475694998103 0.334340819013034 0.290503864178886 0.253663038858178 0.196468015452181 0.198038053843844 0.164946064285831 0.158545752404998 0.151138362953746 0.152756782863141 0.152535802056902 0.135057962794711 0.127901419319133 0.126650229766149 0.124941157963512 0.123136911586071 0.124593153998546 0.118560028385416 -9999 -9999 0.101950311405028 0.100542875469329 -9999 -9999 -9999 -9999 -9999 -9999 -9999 -9999
-9999 -9999 -9999 -9999 -9999 -9999 -9999 -9999 -9999 -9999 -9999 -9999 -9999 -9999 0.847826869571215 0.866269893808158 0.861233630135948 0.856451576826243 0.756667271741933 0.750455210458513 0.683491903921951 0.615505890757376 0.600406482084849 0.534756715690816 0.562143478963617 0.519747931936409 0.493013622593862 0.442757119909585 0.411065072739547 0.368727806355913 0.312246371781371 0.259645462598298 0.203641400864252 0.203014003421689 0.180147116991309 0.162494995759471 0.160877378141768 0.166847476724967 0.161092144565719 0.146057738330063 0.136546028261157 0.137200210369522 0.132456733583105 0.129308706860009 0.128066284710067 0.120173883352533 0.117514835925058 0.10829251390696 0.108950219998605 0.103451915470166 -9999 -9999 -9999 -9999 -9999 -9999 -9999 -9999
-9999 -9999 -9999 -9999 -9999 -9999 -9999 -9999 -9999 -9999 -9999 -9999 -9999 -9999 0.8442895940583 0.859446693160302 0.867390976102665 0.861681664314013 -9999 0.751415906984896 0.709872690650019 0.644835255690625 0.638354964042198 0.617823490529326 0.563249476765944 0.534053330134778 0.506259932251744 0.448816211255001 0.414890593263033 0.392186787166555 0.336062480689984 0.287616239750663 0.252978902549253 0.240007036072036 0.209191665086759 0.17126606974985 0.160094655884389 0.170695459833601 0.181129372117853 0.165924609077285 0.151556188362715 0.147977780322073 0.140815198212478 0.135145196845504 0.131651036150837 0.124353284098393 0.117599242835936 0.10990215127159 0.115075655789591 0.10633777589754 -9999 -9999 -9999 -9999 -9999 -9999 -9999 -9999
-9999 -9999 -9999 -9999 -9999 -9999 -9999 -9999 -9999 -9999 -9999 -9999 -9999 -9999 0.875668705726654 0.854327325642138 0.884585799460116 -9999 -9999 0.724975141734445 0.725614096205306 0.669984350057068 0.656284500792085 0.647619823786807 0.568324492813667 0.561891772428447 0.53741279852305 0.504541224014776 0.457142150921702 0.424428912918947 0.346015284400238 0.300276636235853 0.240514281296685 0.239882279480576 0.204923108581501 0.182726787093693 0.174991673352262 0.1859700237434 0.204558453904605 0.185754635127939 0.166679408929379 0.1549624948484 0.145442615376968 0.138535185962167 0.132977118857665 0.128237265348869 0.123829257341372 0.112605294934953 0.117676005195295 0.11272709297987 -9999 -9999 -9999 -9999 -9999 -9999 -9999 -9999
-9999 -9999 -9999 -9999 -9999 -9999 -9999 -9999 -9999 -9999 -9999 -9999 -9999 -9999 0.909403445703953 0.899847706035254 0.887475196417343 -9999 -9999 0.757421906541648 0.711969112634649 0.652774863408933 0.637092885113545 0.652069220582614 0.602581361887166 0.583563131417412 0.557522372549223 0.513023655139066 0.451292929924058 0.401480951099059 0.359638974885215 0.311488013309119 0.283788492034308 0.23547326872496 0.206885975775477 0.211760423930495 0.20878526735756 0.220114612587162 0.212603308598896 0.19420598062908 0.172111642041491 0.157283737007834 0.149902387260476 0.141669972862068 0.137637355892531 0.132606532903702 0.125743660338754 0.113851660685168 0.118127573475512 -9999 -9999 -9999 -9999 -9999 -9999 -9999 -9999 -9999
