layers/veg_tps/veg1800.asc
NCOLS 255 
NROWS 330 
XLLCORNER -2985163.8955 
YLLCORNER -3022031.214 
CELLSIZE 25000 
NODATA_value -9999 
[rows 130 to 155 of 330, columns 174 to 231 of 255]
0.345676836592581 0.328835380903784 0.329225732821758 0.314906010066131 0.315668161626654 0.321016337854553 0.33400424796136 0.34328355119175 0.353606247521991 0.370673967389356 0.390362955310466 0.413745212429171 0.436532272237014 0.458139763685034 0.477866781257515 0.496099836537357 0.518922429087731 0.535200917082566 0.543863115545157 0.582312833980567 0.607543724738295 0.635576206100705 0.642016207111368 0.658012193673344 0.687200233875285 0.696929656856251 0.701842813350747 0.714221858988283 0.686440721676625 0.71701526185296 0.73333059448188 0.744761538065177 0.760227859201587 -9999 -9999 -9999 -9999 -9999 -9999 -9999 -9999 -9999 -9999 -9999 -9999 -9999 -9999 -9999 -9999 -9999 -9999 -9999 -9999 -9999 -9999 -9999 -9999 -9999
0.33077243142555 0.318916575984231 0.325401661124734 0.319285781707535 0.32355285274924 0.326625353754315 0.337924006687452 0.339295318622794 0.355729056664654 0.369944457119544 0.391614600991334 0.420486365049892 0.444467285607079 0.467070091958377 0.48679493464735 0.50296830909531 0.525729348313074 0.543050219522596 0.560869028317971 0.599342068206103 0.620217846242671 0.637526538917888 0.648963896716023 0.671925916239345 0.686014890257472 0.691775552574409 0.674125262259954 0.699744946419719 0.72428635267834 0.739998539905473 0.745856123835389 0.751639725554584 0.767297331461317 -9999 -9999 -9999 -9999 -9999 -9999 -9999 -9999 -9999 -9999 -9999 -9999 -9999 -9999 -9999 -9999 -9999 -9999 -9999 -9999 -9999 -9999 -9999 -9999 -9999
0.321559051243867 0.315161407838684 0.322326415187327 0.329400176397767 0.332058154151751 0.336973975411013 0.335396425106649 0.344848318890839 0.353044924901351 0.367610297380391 0.389937694376692 0.427247983033515 0.453845596127972 0.478331342881316 0.498717710336121 0.510678951129151 0.533412213186285 0.550716786345948 0.571102138733515 0.603027028899965 0.624912691664586 0.638426484001923 0.652751645463701 0.674381751457307 0.676988271309812 0.690271866306783 0.691559304330673 0.707055341622675 0.736693460875193 0.74670505071347 0.756598898337168 0.75835631922312 0.770522069846357 0.773322024850113 -9999 -9999 -9999 -9999 -9999 -9999 -9999 -9999 -9999 -9999 -9999 -9999 -9999 -9999 -9999 -9999 -9999 -9999 -9999 -9999 -9999 -9999 -9999 -9999
0.324328371028191 0.321809053784626 0.32390695045699 0.334362883455713 0.332678227541399 0.334808689982714 0.34969005142193 0.354380473512161 0.358582132146335 0.371242164642441 0.39707170887017 0.435120343999109 0.462154510931317 0.486105162739396 0.507588239454934 0.510739574904415 0.541471629654272 0.56038432378629 0.583503842963946 0.613042343503026 0.634260956119056 0.649481592036718 0.667739533593566 0.682233662688222 0.675873273590697 0.671958137286366 0.687448394860844 0.716730862758572 0.742561259266582 0.749730854700485 0.761661011974832 0.769747757126367 0.774075706800812 -9999 -9999 -9999 -9999 -9999 -9999 -9999 -9999 -9999 -9999 -9999 -9999 -9999 -9999 -9999 -9999 -9999 -9999 -9999 -9999 -9999 -9999 -9999 -9999 -9999
0.335934426044033 0.340347183439597 0.337741058001543 0.338886324751176 0.340077241299115 0.34183341986277 0.359203514685479 0.36231169378569 0.36985322584559 0.380965605289784 0.413926347161267 0.441347523334274 0.466931586381095 0.495007547323626 0.516750667057265 0.51756096759198 0.538035215304585 0.561721315332986 0.583710987692562 0.616271399710595 0.641925301239283 0.661851132755154 0.681473674151471 0.684857508627517 0.677995688574922 0.6904184186071 0.704613978300552 0.716958087001422 0.744168918801815 0.75254750378134 0.764536098573665 0.776828860118672 -9999 -9999 -9999 -9999 -9999 -9999 -9999 -9999 -9999 -9999 -9999 -9999 -9999 -9999 -9999 -9999 -9999 -9999 -9999 -9999 -9999 -9999 -9999 -9999 -9999 -9999
0.370799069040525 0.37237367597566 0.367248543877429 0.358328995314172 0.354235619632764 0.356818937470428 0.368132818790151 0.37482174219269 0.383603318317175 0.395307964036197 0.42065785249996 0.444534717483806 0.471402271451945 0.503482713426474 0.525244955706093 0.53456292099079 0.540133770213431 0.572463758242582 0.590367053330844 0.620071603142684 0.642995442014623 0.655902267015746 0.668076169970721 0.678931155202111 0.697155560376635 0.719928175657457 0.729998225721915 0.734656196412733 0.74970693004152 0.752543572500049 0.762159589565642 0.776648747201685 0.782393063769858 -9999 -9999 -9999 -9999 -9999 -9999 -9999 -9999 -9999 -9999 -9999 -9999 -9999 -9999 -9999 -9999 -9999 -9999 -9999 -9999 -9999 -9999 -9999 -9999 -9999
0.357077402539958 0.36570002551938 0.373400772209921 0.371892120653288 0.367162587060653 0.370141870341179 0.378319140467461 0.386758003300078 0.395425757784958 0.404492404074662 0.407074161962041 0.444477717583016 0.479512772183983 0.508985864838795 0.531164825343266 0.544987842893229 0.545544725080424 0.589455818498736 0.614742081664556 0.640984393158214 0.65644815101263 0.66975962989371 0.682038727546198 0.695708917791222 0.712294796307311 0.737036170361177 0.752046190694107 0.759074155887278 0.76513177077695 0.747001158496774 0.748907549748015 0.77909736042369 0.782645295414558 -9999 -9999 -9999 -9999 -9999 -9999 -9999 -9999 -9999 -9999 -9999 -9999 -9999 -9999 -9999 -9999 -9999 -9999 -9999 -9999 -9999 -9999 -9999 -9999 -9999
0.371346163877821 0.37093346649978 0.383682925732143 0.385983804583793 0.379715610140064 0.380763505621128 0.386100103694876 0.387634897078194 0.392103030975185 0.39914886184085 0.408103507631525 0.447604085579621 0.486389961696022 0.5137361249439 0.533671564180965 0.550974076723994 0.563848010711166 0.603190797824712 0.634970580646237 0.660952285021922 0.674104791827821 0.686271803585964 0.69018784626738 0.698154048060612 0.712682729118176 0.744962423939675 0.758041479235158 0.764246381656417 0.77008478478209 0.7640067209038 0.769758536086659 0.783709344638624 0.786200118859591 -9999 -9999 -9999 -9999 -9999 -9999 -9999 -9999 -9999 -9999 -9999 -9999 -9999 -9999 -9999 -9999 -9999 -9999 -9999 -9999 -9999 -9999 -9999 -9999 -9999
0.390938296510953 0.380507705452723 0.388520200003205 0.394594434287135 0.390350611906221 0.390136361638259 0.390709395100206 0.384182228357214 0.380198524632576 0.389178224366971 0.413121808334384 0.450381362931223 0.488320056975562 0.515921967761731 0.534888333339364 0.56097109276971 0.589775791049195 0.622384608618538 0.661075038623088 0.663043269783626 0.680542002758017 0.69640447479773 0.704241925431207 0.707705191899761 0.718990314649823 0.751390114396507 0.763253420337461 0.766018660291628 0.77726398591942 0.775851452309875 0.779687609574997 0.78855024624736 0.791258426569666 -9999 -9999 -9999 -9999 -9999 -9999 -9999 -9999 -9999 -9999 -9999 -9999 -9999 -9999 -9999 -9999 -9999 -9999 -9999 -9999 -9999 -9999 -9999 -9999 -9999
0.414239955942507 0.398059403779788 0.391508989672284 0.395416498630691 0.395512807439506 0.395643397792836 0.394294269767739 0.388002024532892 0.384281768405475 0.391827357424145 0.415207353365612 0.453026143369534 0.488531798498428 0.51318092938207 0.53714252737066 0.572179768633391 0.611796694308266 0.64503166638631 0.663353337404534 0.679081797943623 0.690989673661342 0.706531943653738 0.713998997869869 0.724638291484356 0.743209324263211 0.758461573826312 0.775901277120771 0.772387900941478 0.78022780119745 0.77711180205833 0.783597892028667 0.791458978426208 0.792953872734838 -9999 -9999 -9999 -9999 -9999 -9999 -9999 -9999 -9999 -9999 -9999 -9999 -9999 -9999 -9999 -9999 -9999 -9999 -9999 -9999 -9999 -9999 -9999 -9999 -9999
0.434864408537463 0.424292946950659 0.404605780276266 0.401934571923168 0.398613247850544 0.401323405296072 0.394385638444985 0.387700180181558 0.386258407934545 0.39368377390611 0.41306062916098 0.454583089812772 0.483474958160157 0.507522719041183 0.542753539475854 0.587027639960193 0.627949040657982 0.662624552658296 0.689018322537177 0.705276487180505 0.716166274779015 0.71906131899041 0.719634826962389 0.731120277801865 0.766756157393971 0.776682218951381 0.779508841730538 0.776668447839423 0.773825315997451 0.778008118785617 0.786091438923426 0.79172731425178 0.791801420689131 -9999 -9999 -9999 -9999 -9999 -9999 -9999 -9999 -9999 -9999 -9999 -9999 -9999 -9999 -9999 -9999 -9999 -9999 -9999 -9999 -9999 -9999 -9999 -9999 -9999
0.448789974277899 0.43603124952719 0.412120057063115 0.406637787633563 0.403967036599449 0.398983876330248 0.399730904953232 0.391357901536057 0.388397787024894 0.391052355323874 0.408177429209102 0.453674934528132 0.47140032255008 0.505980268641192 0.553907858099857 0.602757414927834 0.645322389399654 0.688599632589488 0.716199577166048 0.728295942618125 0.733894133585077 0.731235363155726 0.733749007969739 0.733709130434107 0.748581507079086 0.755877632946659 0.764794124947729 0.775164206091491 0.774519847395985 0.781436859760499 0.786470633025173 0.791118653469711 -9999 -9999 -9999 -9999 -9999 -9999 -9999 -9999 -9999 -9999 -9999 -9999 -9999 -9999 -9999 -9999 -9999 -9999 -9999 -9999 -9999 -9999 -9999 -9999 -9999 -9999
0.462060436439526 0.453328637379369 0.433640645980068 0.422553906627007 0.411811830135259 0.394344470397504 0.400416705907822 0.395547360783919 0.392467646169147 0.39232547495675 0.410575407623725 0.453157294496732 0.462155816236258 0.506768809979406 0.54545377917675 0.614597411933147 0.664664559759383 0.709256465546748 0.735023232309548 0.733422950766384 0.732362865617364 0.732437782919084 0.753116210436122 0.757151307688572 0.74680855887137 0.748355556366376 0.758629381486493 0.77381631077493 0.778539181210203 0.783018416974427 0.786210324689904 0.79018911407823 -9999 -9999 -9999 -9999 -9999 -9999 -9999 -9999 -9999 -9999 -9999 -9999 -9999 -9999 -9999 -9999 -9999 -9999 -9999 -9999 -9999 -9999 -9999 -9999 -9999 -9999
0.475839392788621 0.463745135590279 0.443010047601863 0.424974929851844 0.415921526649255 0.393599558981059 0.405192177622459 0.397741252052351 0.395435482601884 0.407104967009954 0.431590121777005 0.452415804143812 0.493851718751121 0.524710120729344 0.568066369044632 0.619630104143384 0.670393347958785 0.712187187982475 0.734364052258036 0.720780631644013 0.733038836411702 0.733114505412661 0.738963180681356 0.740750106187253 0.738139076802066 0.748767846022703 0.764915700864532 0.775975486570982 0.779427458713355 0.783519807714797 0.787003342712444 -9999 -9999 -9999 -9999 -9999 -9999 -9999 -9999 -9999 -9999 -9999 -9999 -9999 -9999 -9999 -9999 -9999 -9999 -9999 -9999 -9999 -9999 -9999 -9999 -9999 -9999 -9999
0.489217804925048 0.472886532759368 0.448990442592801 0.430361262673309 0.413727140176801 0.401603641386263 0.411352679164571 0.397243151793406 0.391429482185338 0.403002221054898 0.431679913918676 0.457056354493138 0.485526529579712 0.532151029197744 0.582011792563864 0.621815387861978 0.670443768706645 0.697856463545804 0.707493746220891 0.713915578519151 0.726182334092009 0.737686715643868 0.758487460040694 0.755119316521128 0.750497434986696 0.756251596728282 0.772240748236434 0.781422087630903 0.781706159387035 0.784957869442281 0.78737315540137 -9999 -9999 -9999 -9999 -9999 -9999 -9999 -9999 -9999 -9999 -9999 -9999 -9999 -9999 -9999 -9999 -9999 -9999 -9999 -9999 -9999 -9999 -9999 -9999 -9999 -9999 -9999
0.495421155401529 0.475001491510189 0.4532267226689 0.435067736517316 0.416328279938163 0.412898370126028 0.406855735153239 0.40111193021386 0.381955683395831 0.392449886095311 0.434894286292279 0.448697056589111 0.492676219888399 0.531066166927846 0.582855097994 0.624889515191465 0.669514307199649 0.679760804141078 0.704189631117812 0.726534602680139 0.7349714112479 0.751759217174704 0.761260111563558 0.765558349305136 0.766580986972035 0.761432700257318 0.769334403408841 0.777605372923393 0.781154989768597 0.783025908892803 0.785147748564851 -9999 -9999 -9999 -9999 -9999 -9999 -9999 -9999 -9999 -9999 -9999 -9999 -9999 -9999 -9999 -9999 -9999 -9999 -9999 -9999 -9999 -9999 -9999 -9999 -9999 -9999 -9999
0.500078284250376 0.480944201279557 0.45803031790738 0.441234437800184 0.430562188961429 0.422060651359301 0.394172996227354 0.38178459556737 0.370807542496087 0.398567840241367 0.423162898639933 0.446494327231073 0.499291776096009 0.533738166595729 0.579308931179641 0.614817966748241 0.659710665654052 0.690422991459463 0.709160242585997 0.737362147727064 0.746347813151511 0.756962317957853 0.757898029322661 0.765603515876375 0.765679071164699 0.769127700869836 0.768867967746923 0.770218784877753 0.777360164154676 0.781357462627665 0.781995161676751 -9999 -9999 -9999 -9999 -9999 -9999 -9999 -9999 -9999 -9999 -9999 -9999 -9999 -9999 -9999 -9999 -9999 -9999 -9999 -9999 -9999 -9999 -9999 -9999 -9999 -9999 -9999
0.505764054499161 0.489464312854712 0.468332537225833 0.455020796975132 0.433771013653075 0.41239645435402 0.399873012852425 0.391910954348544 0.393304924981391 0.405671555047829 0.41026019715784 0.447940966570478 0.500135412632288 0.53870222274535 0.573225638380404 0.616090883445605 0.679642772648887 0.723393912183381 0.723637624906113 0.730001964171347 0.742696436464119 0.751111216739415 0.759479540732051 0.762740535709085 0.761958781196313 0.763572418444326 0.767431578064491 0.770397511080689 0.775239249930229 0.778896749834401 0.779097337810634 -9999 -9999 -9999 -9999 -9999 -9999 -9999 -9999 -9999 -9999 -9999 -9999 -9999 -9999 -9999 -9999 -9999 -9999 -9999 -9999 -9999 -9999 -9999 -9999 -9999 -9999 -9999
0.509096568699891 0.492719333277461 0.479494118185381 0.467737214924924 0.446054019135728 0.422137596084034 0.40859263029559 0.404522112088622 0.412474082460415 0.40519811428969 0.40491722765771 0.448954069766009 0.493395388048204 0.528379160917174 0.576563403976068 0.630135365804378 0.688006840637133 0.721306054936956 0.725623022471836 0.727586712870217 0.734069762982244 0.742131531877514 0.749915240283487 0.752601616702379 0.758354064748033 0.764336994134005 0.764471700296097 0.768093142767551 0.771825863784645 0.77652545646752 -9999 -9999 -9999 -9999 -9999 -9999 -9999 -9999 -9999 -9999 -9999 -9999 -9999 -9999 -9999 -9999 -9999 -9999 -9999 -9999 -9999 -9999 -9999 -9999 -9999 -9999 -9999 -9999
0.519117449356412 0.504378741436765 0.481104823894906 0.472609795336869 0.45858506727004 0.433292464440261 0.418159726399734 0.415150863357899 0.421225280106583 0.409376028690204 0.413019416017739 0.442938630612491 0.48537513844702 0.539312361061564 0.583609170593105 0.631649997305211 0.68154456652361 0.715539633886989 0.726005215147228 0.725510501524295 0.724902925386686 0.732100561209102 0.74000267966232 0.745192290067065 0.751254231382667 0.757968889931664 0.759633770244652 0.763607070878858 0.767029292482106 -9999 -9999 -9999 -9999 -9999 -9999 -9999 -9999 -9999 -9999 -9999 -9999 -9999 -9999 -9999 -9999 -9999 -9999 -9999 -9999 -9999 -9999 -9999 -9999 -9999 -9999 -9999 -9999 -9999
0.517962115196878 0.505901275006663 0.489279437822661 0.481070682275025 0.464845510314587 0.443658595212936 0.428623146129493 0.422890161877754 0.42484681728923 0.433704986411165 0.424478660947779 0.461492134416239 0.504337074259615 0.537461367424353 0.575245026036324 0.615135761079886 0.67096516981354 0.711285855051777 0.721608251949808 0.710956790404293 0.702842656739166 0.708910775475404 0.724031201543827 0.733159490392562 0.739970265848672 0.748999451233704 0.753585205648288 0.759987020803607 0.765332495778286 -9999 -9999 -9999 -9999 -9999 -9999 -9999 -9999 -9999 -9999 -9999 -9999 -9999 -9999 -9999 -9999 -9999 -9999 -9999 -9999 -9999 -9999 -9999 -9999 -9999 -9999 -9999 -9999 -9999
0.530854357586909 0.511065885510065 0.504592797530883 0.488731027609011 0.467443722499427 0.450547187385653 0.436214628206211 0.425796828162553 0.42869562407802 0.438248663466632 0.426592221968623 0.475523290857984 0.509701112811053 0.534045859424122 0.566611475256375 0.605179060217664 0.663678367870087 0.699435035436548 0.709187242305998 0.704365803686525 0.710756646897852 0.718749782638988 0.722433881271121 0.726528879450245 0.735033485808927 0.742641180701195 0.747865597125993 0.749671370484458 -9999 -9999 -9999 -9999 -9999 -9999 -9999 -9999 -9999 -9999 -9999 -9999 -9999 -9999 -9999 -9999 -9999 -9999 -9999 -9999 -9999 -9999 -9999 -9999 -9999 -9999 -9999 -9999 -9999 -9999
0.52580512251619 0.516240437001243 0.517351872057155 0.494587782883183 0.472261729765256 0.45455164844365 0.439020573637164 0.42484307400995 0.428889504000297 0.435840770596463 0.427388595294657 0.47203241522824 0.504314582311284 0.538414422696 0.574714035663701 0.613520701378402 0.655501853329931 0.680364103391121 0.696542802194684 0.695335193133976 0.689098676960414 0.691985245105761 0.709942670590822 0.716029395376945 0.729271459509079 0.736867137560189 0.74260930264763 0.741294461804692 -9999 -9999 -9999 -9999 -9999 -9999 -9999 -9999 -9999 -9999 -9999 -9999 -9999 -9999 -9999 -9999 -9999 -9999 -9999 -9999 -9999 -9999 -9999 -9999 -9999 -9999 -9999 -9999 -9999 -9999
0.51876692594519 0.525004056035369 0.524604514850957 0.499867256497734 0.478782233100386 0.466484838993681 0.445286741022455 0.435956031161062 0.432719495032921 0.443141383490708 0.430593596357814 0.451633844472122 0.500777609091283 0.532943363730818 0.574321443584073 0.620891913721674 0.646435447136203 0.658098041442859 0.668539669049041 0.671427441963354 0.679238275372265 0.662334146668358 0.695626004797737 0.702038308469022 0.71748890773697 0.726791678135634 0.731450810744315 0.737944169640838 -9999 -9999 -9999 -9999 -9999 -9999 -9999 -9999 -9999 -9999 -9999 -9999 -9999 -9999 -9999 -9999 -9999 -9999 -9999 -9999 -9999 -9999 -9999 -9999 -9999 -9999 -9999 -9999 -9999 -9999
0.529734653026293 0.536487577322381 0.529749557244137 0.501821204493441 0.472484944389974 0.460432100613551 0.445852656330049 0.438588374097165 0.428942085341927 0.438907665314757 0.433786224653559 0.457070032437868 0.495712513145797 0.508952406937715 0.526417743135216 0.604118959778558 0.613989296845922 0.621637952201212 0.626926102869926 0.631866077537705 0.66601242141054 0.64345801572534 0.68555190212419 0.692133033866294 0.708755974972263 0.720104587643628 0.725049435505943 0.72775895422855 -9999 -9999 -9999 -9999 -9999 -9999 -9999 -9999 -9999 -9999 -9999 -9999 -9999 -9999 -9999 -9999 -9999 -9999 -9999 -9999 -9999 -9999 -9999 -9999 -9999 -9999 -9999 -9999 -9999 -9999
0.552202397043989 0.549828633985591 0.532884153622203 0.507026346310888 0.48257512512326 0.470574117648001 0.45081935110481 0.435839460087986 0.433051529927649 0.433413964680953 0.439744844928853 0.478259121871165 0.486175995371947 0.520599110428372 0.551036711514576 0.572678774462047 0.575229387750184 0.587161997602633 0.59849697167726 0.619462464699574 0.639736953539829 0.640400697469345 0.674012062135207 0.668383428605405 0.69983739815114 0.710940061167373 0.718700072648883 -9999 -9999 -9999 -9999 -9999 -9999 -9999 -9999 -9999 -9999 -9999 -9999 -9999 -9999 -9999 -9999 -9999 -9999 -9999 -9999 -9999 -9999 -9999 -9999 -9999 -9999 -9999 -9999 -9999 -9999 -9999
