layers/veg_tps/veg1100.asc
NCOLS 255 
NROWS 330 
XLLCORNER -2985163.8955 
YLLCORNER -3022031.214 
CELLSIZE 25000 
NODATA_value -9999 
[rows 78 to 103 of 330, columns 177 to 235 of 255]
0.781995009135546 0.77883888381554 0.776999237855749 0.768244977945981 0.761362667063769 0.756734359474756 0.752079787988806 0.746155783814962 0.740636724877033 0.737835528090584 0.736059640723571 0.729771147566211 0.720691966013707 0.723924911014664 0.722443519068289 0.71898024595446 0.718021991149564 0.717209787842035 0.716112011239061 0.714760593194475 0.713153491781251 -9999 -9999 -9999 -9999 -9999 -9999 -9999 -9999 -9999 -9999 -9999 -9999 -9999 -9999 -9999 -9999 -9999 -9999 -9999 -9999 -9999 -9999 -9999 -9999 -9999 -9999 -9999 -9999 -9999 -9999 -9999 -9999 -9999 -9999 -9999 -9999 -9999 -9999
0.774894066449541 0.770857407547599 0.767234428906481 0.758167805169942 0.751795656382074 0.746752207612463 0.740813789382691 0.73648813141737 0.731692467636093 0.729240506100791 0.726894407622152 0.72224798127105 0.716484878173561 0.713350779478399 0.709846728729058 0.70573072306143 0.705045845543251 0.704852100676042 0.705183726045893 0.705969792895932 0.703607785462438 0.699268705304942 0.701568439125163 0.70085064210221 0.697490757298721 -9999 -9999 -9999 -9999 -9999 -9999 -9999 -9999 -9999 -9999 -9999 -9999 -9999 -9999 -9999 -9999 -9999 -9999 -9999 -9999 -9999 -9999 -9999 -9999 -9999 -9999 -9999 -9999 -9999 -9999 -9999 -9999 -9999 -9999
0.772544766104569 0.764834637904121 0.758292829836914 0.750978554596693 0.744429897708979 0.739443338389738 0.733382703756857 0.728213923248869 0.724457212104884 0.721441269392468 0.717420829719285 0.712813753521764 0.707548652320973 0.701814574561292 0.697549225975428 0.694655040968647 0.694634890657669 0.694254402495736 0.694643119544967 0.694427204481525 0.694651541840372 0.696347278120236 0.69946652947295 0.700044125089539 0.697400001326448 0.700362080939464 0.701013762955571 0.702000204020834 0.704829138109196 0.708389558073378 0.711462764763028 0.7135481296718 0.714473872323414 -9999 -9999 -9999 -9999 -9999 -9999 -9999 -9999 -9999 -9999 -9999 -9999 -9999 -9999 -9999 -9999 -9999 -9999 -9999 -9999 -9999 -9999 -9999 -9999 -9999 -9999
0.761002207435358 0.750679928939167 0.744515241347294 0.740383245982419 0.735531132382893 0.730346530066107 0.725211637619793 0.719414781807256 0.715341260099582 0.712596207614972 0.708888262469631 0.703299161140447 0.698513768387389 0.69626365969149 0.69422380129182 0.690532652742946 0.687424134247024 0.686144284178246 0.685925262549754 0.684484788690091 0.684950460174085 0.686418445839553 0.688081368011734 0.6908782802965 0.691656553415799 0.696148222173807 0.697689571021727 0.698107349902035 0.702174962429538 0.706928416671177 0.710686934673763 0.713400182831378 0.714892613903165 0.717690163702692 -9999 -9999 -9999 -9999 -9999 -9999 -9999 -9999 -9999 -9999 -9999 -9999 -9999 -9999 -9999 -9999 -9999 -9999 -9999 -9999 -9999 -9999 -9999 -9999 -9999
0.749324374897919 0.736593997885141 0.72806076211847 0.726715705100559 0.723895509394097 0.719032332669376 0.714746718785089 0.709132535862845 0.703888364868807 0.701653643557867 0.697913994218291 0.692915224359555 0.688339968992034 0.684421110640597 0.682749105862633 0.681595630196662 0.678756351977163 0.677959562962093 0.677247958767103 0.67741388994338 0.679220811167465 0.684352740641408 0.685666865855612 0.683168123704144 0.677713728417312 0.670713069365521 0.687486928818752 0.691291467723308 0.694736521867506 0.700656358840399 0.704059329347052 0.707543633983806 0.71233412179696 0.716314117314652 0.716496424807954 -9999 -9999 -9999 -9999 -9999 -9999 -9999 -9999 -9999 -9999 -9999 -9999 -9999 -9999 -9999 -9999 -9999 -9999 -9999 -9999 -9999 -9999 -9999 -9999
0.72866652506496 0.721941463674271 0.718979147910698 0.712741130083265 0.709491623241502 0.705686107192902 0.701359963297823 0.697235490646226 0.692837479756948 0.691672714387047 0.686797395561688 0.679747481848458 0.67715675830471 0.673101104629102 0.670949393580851 0.670037246346002 0.668369809436708 0.66856934023045 0.667339980308602 0.669952612007176 0.672379427783989 0.673258637142555 0.676662496410152 0.675540503210981 0.669538582053308 0.660524223745722 0.663232939761301 0.672699264735285 0.685712344896819 0.691040087923719 0.695242631052719 0.702720104281532 0.709515698720153 0.712756504066948 0.714821878897154 -9999 -9999 -9999 -9999 -9999 -9999 -9999 -9999 -9999 -9999 -9999 -9999 -9999 -9999 -9999 -9999 -9999 -9999 -9999 -9999 -9999 -9999 -9999 -9999
0.72289305648199 0.715336018776204 0.705434120011662 0.692839446544242 0.690424215598893 0.687356366937999 0.684319119065133 0.683032564189518 0.680505843437608 0.67842437788209 0.674548805733029 0.66888870614463 0.665006874841784 0.662186093320866 0.659277715522059 0.657867307862754 0.657521064835196 0.65824099097302 0.658481538800527 0.660909261985001 0.660534955536462 0.664155534059956 0.668822928302164 0.666613100365928 0.664844824275636 0.655839225740447 0.635240227024485 0.636511318984459 0.681512606197298 0.661563038011012 0.687573568663046 0.696624675927937 0.700398423494827 0.702087078613324 0.707332281490909 0.715602601294835 0.718500182888482 0.723363568693699 -9999 -9999 -9999 -9999 -9999 -9999 -9999 -9999 -9999 -9999 -9999 -9999 -9999 -9999 -9999 -9999 -9999 -9999 -9999 -9999 -9999
0.712386481052868 0.699003327632732 0.691648691410191 0.67446303595788 0.674380698121382 0.668008919161397 0.665759176592863 0.666684517017442 0.666105803876381 0.66511461473701 0.662172197192955 0.654271459799753 0.649641200577457 0.651316723444026 0.648346999234283 0.646684973238241 0.6460824304759 0.647415386511913 0.650681078069357 0.649901918208277 0.650853554665284 0.652681506903808 0.655883692949415 0.655887905515845 0.658097049259757 0.65057186759413 0.624891779369023 0.617311434064005 0.670512124011231 0.678232015854936 0.684569454061675 0.688663799995555 0.690764916737376 0.692401585992368 0.699906953639825 0.712140389991639 0.718925150275942 0.723407496050854 -9999 -9999 -9999 -9999 -9999 -9999 -9999 -9999 -9999 -9999 -9999 -9999 -9999 -9999 -9999 -9999 -9999 -9999 -9999 -9999 -9999
0.6980623223925 0.685375188912006 0.677827837350383 0.660806572601783 0.665808113730383 0.655928290631641 0.651624649376742 0.651729181845239 0.652277256713311 0.652095538421939 0.647573103705191 0.641033627528221 0.637387045175445 0.639686366048502 0.637290289988743 0.636492443068237 0.634676021566785 0.636701151790638 0.641894238481535 0.64245173857299 0.641313375142308 0.644158419489383 0.644597185655854 0.637227087146716 0.637270076232379 0.640538373445236 0.62311278607263 0.615742260315287 0.652783353858989 0.675331804279471 0.675995358946018 0.679040262473236 0.675559194777872 0.688679596791175 0.700196660691955 0.707229592807848 0.712930695821885 0.718654613330478 0.722268864767372 -9999 -9999 -9999 -9999 -9999 -9999 -9999 -9999 -9999 -9999 -9999 -9999 -9999 -9999 -9999 -9999 -9999 -9999 -9999 -9999
0.685738556051486 0.676315072664279 0.665042472377937 0.654410895673903 0.65471194832945 0.65061411152041 0.642215777892235 0.633898767374163 0.636202034772159 0.639704122889277 0.634427214485765 0.627582567019153 0.625750039699229 0.624697159078395 0.62445446402764 0.625963070143799 0.625077766591988 0.626645184861592 0.630058560899528 0.631643247314868 0.632330257092589 0.635466363859119 0.634893306845615 0.618193180981583 0.607175145855169 0.614278186704693 0.615859023734388 0.631487432668509 0.65520594476309 0.665603880528913 0.667147801001259 0.669397351814878 0.657457971902662 0.67859119850979 0.693551631981825 0.693695753049613 0.700342342528026 0.712087348219128 0.718819609162632 -9999 -9999 -9999 -9999 -9999 -9999 -9999 -9999 -9999 -9999 -9999 -9999 -9999 -9999 -9999 -9999 -9999 -9999 -9999 -9999
0.675554055302151 0.666839099837766 0.657318606730385 0.655153214216709 0.645254346572391 0.638407503224022 0.6310191779709 0.625980203578684 0.627301017041858 0.626789926612484 0.621963540587406 0.617379910291584 0.614049799773615 0.610159508372685 0.612463184833595 0.613152616526289 0.613187743635245 0.615860796300062 0.618847764319307 0.61974038999916 0.621273833579449 0.625206120913426 0.62451764220147 0.615074528148042 0.615562133966482 0.624556993845042 0.60961115319159 0.62607101367126 0.647998132343515 0.651679158225819 0.650065505245366 0.653289567500332 0.648850928233364 0.662090772477534 0.682376319388361 0.682955920629997 0.696269596300499 0.707928535252449 0.714387647373111 0.720591808057389 0.723815366442171 -9999 -9999 -9999 -9999 -9999 -9999 -9999 -9999 -9999 -9999 -9999 -9999 -9999 -9999 -9999 -9999 -9999 -9999
0.664620312118218 0.655758110881758 0.646064909082142 0.639314409317866 0.635927382235758 0.62668482099642 0.619517119286103 0.618809516213748 0.616224907269652 0.613245158820338 0.609955349787001 0.607282913607439 0.604289745471551 0.602024822357808 0.60455934592456 0.609276969526938 0.606385338523717 0.606494126513877 0.611318513213318 0.611694222237077 0.611884959075911 0.615095200772846 0.616888450883208 0.617521027484378 0.626133306080251 0.624557384912337 0.598685439263182 0.622218905673829 0.639014609103687 0.638743603702721 0.63469226082456 0.635827609314685 0.638547233019255 0.65740668807537 0.675137906726507 0.686641863739025 0.697643163547581 0.704966301235159 0.711341418747509 0.718875280044507 0.723669755037763 0.724939494335201 -9999 -9999 -9999 -9999 -9999 -9999 -9999 -9999 -9999 -9999 -9999 -9999 -9999 -9999 -9999 -9999 -9999
0.651363664628679 0.646225215196057 0.642398187593354 0.634989882587688 0.623717693837494 0.613827342208434 0.608940525021409 0.60830382377336 0.604493658107748 0.59946597679484 0.593949673404294 0.591505227565357 0.592403116723767 0.592794143470707 0.590470612401194 0.591422296979553 0.589425055649221 0.595719078906244 0.600232993260015 0.603536356532944 0.604774381561298 0.606927417248922 0.612364362856983 0.617396866119936 0.610604697483916 0.61471722252259 0.59087101759598 0.62296201419706 0.633742207921887 0.632540518862473 0.633875512717356 0.643691185097448 0.65778669364039 0.665049711850411 0.672612698121723 0.686818598393302 0.693045572332288 0.700626121380662 0.708951106906608 0.716694821615315 0.721509260401865 0.723339944442365 0.72550053371674 0.732043053627666 -9999 -9999 -9999 -9999 -9999 -9999 -9999 -9999 -9999 -9999 -9999 -9999 -9999 -9999 -9999
0.637408773658636 0.63041881122608 0.622878528360747 0.614269739944629 0.606470357148723 0.600350590445534 0.593861016794432 0.592035281529882 0.589572513192903 0.5832424262003 0.574328478537921 0.573543238874725 0.578284682720525 0.580947988867121 0.577574588614779 0.575550835948946 0.576556438929055 0.586003387086581 0.586755562365692 0.592587675338024 0.598326546100026 0.600726950526318 0.603707917541987 0.606275167705813 0.603352702132624 0.596746754028818 0.582893592571878 0.621912407332332 0.629826345088172 0.628039372784166 0.632131490944918 0.644939827608098 0.658756335482386 0.667195077304156 0.674763064406504 0.686510579931998 0.693772210773288 0.69843327098887 0.707011305185872 0.715878402148061 0.720357860404367 0.722166158995042 0.725917603950656 0.729468262020041 -9999 -9999 -9999 -9999 -9999 -9999 -9999 -9999 -9999 -9999 -9999 -9999 -9999 -9999 -9999
0.630984811325274 0.621596051647748 0.611835189179601 0.60102614267695 0.592281898652196 0.586999939166424 0.57835507543232 0.574373888226794 0.571947212773909 0.567199781410164 0.558465698362926 0.560548909788464 0.560358740893194 0.562086119530635 0.564930916161282 0.563765676810105 0.566664384209415 0.57391680616354 0.572048086821858 0.579530155687223 0.591927585479917 0.595489386204219 0.594302603392851 0.590346532291794 0.585790242007245 0.579372689140575 0.573619117872998 0.615117229962324 0.623298304199455 0.622701475877629 0.627269166392924 0.628883569815736 0.647328887705856 0.666410543538978 0.676458568119918 0.686726634231251 0.698020368222168 0.702463153382914 0.709167787073933 0.707850721702179 0.712080369378139 0.718405359353841 0.724018795914839 0.724857969119193 0.724826084813975 0.734766137760755 -9999 -9999 -9999 -9999 -9999 -9999 -9999 -9999 -9999 -9999 -9999 -9999 -9999
0.607793152771041 0.603400451321525 0.589341008644362 0.578635826513757 0.572147298822683 0.565033816118317 0.558943319877436 0.556113512557256 0.5554378740851 0.552948034057138 0.54495057235904 0.545098309310048 0.54886795318227 0.549565742959628 0.548228718061919 0.550610734522403 0.558638083332616 0.562919540503571 0.560898970065863 0.569163815083391 0.578733856547798 0.586899503291418 0.587330611744824 0.586764404218318 0.583954998648456 0.572744251131827 0.568777461215112 0.603684347244197 0.614438893801828 0.613027667643691 0.627856219654238 0.638531495450359 0.651882781098622 0.661566125041789 0.672376117075811 0.684355318472408 0.692085029461468 0.697611605987381 0.705672951883248 0.70441807159248 0.710048647371312 0.717795274426471 0.720949261981106 0.719555319333405 0.722577330821279 0.734719622905295 0.735637486251252 0.738486715475767 0.737606569952785 0.739128151043158 -9999 -9999 -9999 -9999 -9999 -9999 -9999 -9999 -9999
0.59211509163343 0.586377899556866 0.577125085954501 0.564802500191425 0.553650149179897 0.543114699184527 0.53699990633059 0.535811654145276 0.535263038359517 0.528105815168279 0.533879787957403 0.527954543480156 0.532616189166569 0.53271756206261 0.531880055466442 0.537157418983971 0.548185779422968 0.556104915980375 0.559189454503074 0.558655599458903 0.568477602880364 0.578185399994693 0.568179082145475 0.574794757322163 0.577529593106649 0.57083546157681 0.572077278063949 0.592780542009533 0.60393786753179 0.611946652733274 0.610274618411088 0.63766095284767 0.649248128696626 0.657198121791486 0.66907727677656 0.683423144321661 0.691119657071453 0.693917809908161 0.698504709321478 0.703268784795725 0.71172637742262 0.717417746158138 0.718480706309185 0.722338044943715 0.727204768864354 0.730761719699801 0.731391115087351 0.731102668763909 0.732306932894023 0.736583162069621 0.736680938762233 -9999 -9999 -9999 -9999 -9999 -9999 -9999 -9999
0.58808457278107 0.574481974593394 0.56326651293992 0.555263284300234 0.544265279697428 0.531990038565831 0.523893857755333 0.522964820640877 0.524974511951721 0.523352918834075 0.528567514534766 0.511396203131325 0.522102931244791 0.524717272013574 0.524307639304558 0.528508877678606 0.53664470088079 0.546414440706114 0.552021752137487 0.550169895839943 0.556890430385879 0.563767582523958 0.556564587779806 0.56244515694484 0.567219190115027 0.565894782619853 0.5728752546049 0.58915670090374 0.603927605861896 0.608842500723954 0.61469669921416 0.634776738490495 0.643966963679119 0.657303302614254 0.668240030044338 0.679506722875784 0.683153893131111 0.686345023248729 0.694829680459716 0.700916910583034 0.708099147404847 0.712865731699101 0.716634106843496 0.724065610030587 0.72633865764403 0.725201892367638 0.722654478330011 0.722784157681365 0.726985331776929 0.73178935498901 0.736487613628478 -9999 -9999 -9999 -9999 -9999 -9999 -9999 -9999
0.575454267188136 0.561574859397484 0.550398072554101 0.546211054521408 0.539753197887952 0.528747822382963 0.522289762664813 0.518553150389362 0.514350833585561 0.512724944853992 0.509131848854945 0.51620748110967 0.516562270173989 0.522370074057625 0.523752552335973 0.528036788167214 0.531967568792628 0.536429844430603 0.54189282587809 0.543320288258304 0.541931662679568 0.550543845289862 0.54708338950107 0.55026099368348 0.561273035030009 0.554481776892895 0.56063689253275 0.581049705583623 0.597678389044571 0.606605095480405 0.616873882836537 0.629733320657896 0.644175785845675 0.656056055065964 0.665146247705006 0.674727300198032 0.651914549195033 0.664589113887155 0.682656390335249 0.684520979108152 0.696908274133091 0.707396354104252 0.708852698952249 0.721761535171883 0.721661401102174 0.7143798786452 0.708787467190997 0.715456015713966 0.72601165233292 0.731685293874835 0.736151096963707 -9999 -9999 -9999 -9999 -9999 -9999 -9999 -9999
0.565759255224665 0.552304160151889 0.547029495096641 0.53796581875669 0.536618175218175 0.531984329276324 0.526097683043974 0.519874218701904 0.514327296638006 0.509020447025401 0.503231377762327 0.507816453045995 0.505266999334302 0.514660549635759 0.52033744453022 0.523171934892386 0.521305546336878 0.52535825592905 0.535115582947359 0.542531372973544 0.543382254752813 0.541607290561723 0.536594736021708 0.541450994541769 0.557539148062273 0.54984003283257 0.552924599402413 0.5690292085882 0.588350209420453 0.606406590837522 0.618769187086174 0.627417474629404 0.644446110083632 0.653807759497919 0.663851109811891 0.650086344510721 0.645205398128554 0.661012150809722 0.673023467065447 0.676446885228092 0.690458324508877 0.706540500707151 0.711992706088715 0.710538968319411 0.687463492435764 0.696499941987129 0.696874706829854 0.709080312442864 0.72302216221311 0.73063028898337 0.736414858950466 0.741402480615556 -9999 -9999 -9999 -9999 -9999 -9999 -9999
0.561209888509507 0.54654484683295 0.539556490425464 0.535045114783363 0.529219862122821 0.520979933298067 0.513348203592036 0.508574980073395 0.503587822760061 0.497272055599919 0.491875859504104 0.490060463130069 0.492456632491054 0.499533538312721 0.504234008468844 0.505925597208974 0.513083609683213 0.519774354990006 0.527688566745617 0.536551560261822 0.541143632566799 0.538297625437682 0.536117399196095 0.546514745268851 0.564809048626123 0.560247540357396 0.568516674109025 0.572448481135463 0.586554966051125 0.60749740110621 0.614861905587887 0.620771939318215 0.638000337909915 0.6499075075222 0.660594338541997 0.659161340327158 0.662035841599966 0.665120505964221 0.670903804448132 0.683930125180673 0.695382858955075 0.703754495028421 0.706721969831531 0.704361611851702 0.691867432954975 0.690515278295429 0.687819884311144 0.703398008337047 0.717515846918747 0.727609811809292 0.735133486290317 0.740019424374206 0.740169254612855 -9999 -9999 -9999 -9999 -9999 -9999
0.54975551796631 0.534115579368026 0.521178208757303 0.5203037228644 0.506965473809136 0.500896162173419 0.497369112364397 0.49099135653597 0.486148268666929 0.481297067268326 0.47646258664832 0.477176342157673 0.482982367807287 0.48507416624464 0.488625982203445 0.493337817023719 0.501913270580784 0.510199939267852 0.519473142774638 0.527919323426246 0.534943843312501 0.539701576399808 0.547413044535313 0.559861985613555 0.564110589336435 0.570796766586869 0.571555175216296 0.569971049331588 0.578635586761448 0.59539793626746 0.59868833830573 0.608848694786745 0.633731253406211 0.646640663654945 0.655071338809328 0.662258044565481 0.668711295344621 0.671090262801428 0.671294273518126 0.686496179794318 0.695331099994711 0.699869260832165 0.703984744328583 0.704621117314142 0.700002484540263 0.685342023396349 0.67449049062998 0.696778861226436 0.702322690281645 0.721462026051015 0.731962760492268 0.734440637143985 0.732303610074509 -9999 -9999 -9999 -9999 -9999 -9999
0.532552061450693 0.520966985778165 0.516865411762139 0.503736555567931 0.503389314276076 0.490104212111496 0.478894146947922 0.475332030110599 0.470614031094776 0.465328843987152 0.461100821359248 0.463339488156779 0.472790716208919 0.475770824794148 0.473045510501323 0.473824326003496 0.4864463826896 0.49819807065067 0.511904823313456 0.519575701851473 0.529193814210309 0.537982015437611 0.547172552482403 0.556974006053334 0.562008757546001 0.566549720525497 0.5597340628731 0.55408010014549 0.561947575910975 0.57126177464964 0.58318210040552 0.59894860324681 0.620798955714795 0.639628145268516 0.645709008046748 0.648061796316257 0.657440438086024 0.670719789643427 0.684980369786655 0.690561382000401 0.695357775116184 0.697065036118378 0.698946545587566 0.693609844306129 0.687165757902658 0.679360408613987 0.676614606216243 0.69245341956302 0.703259639748842 0.722669020316124 0.731601096310748 0.732363183359513 -9999 -9999 -9999 -9999 -9999 -9999 -9999
0.516075153600823 0.509707408572064 0.502680709049716 0.491141357819794 0.492812383977099 0.473625196600107 0.462139688322739 0.460839144097105 0.457782383744775 0.450596560868307 0.445836655657354 0.446881878456472 0.454243804081789 0.461726439975365 0.459931526423004 0.466060818629843 0.474335861022259 0.491072062931771 0.502662851529253 0.510961176552945 0.522042192219508 0.533690072750707 0.540727286199034 0.549707254772395 0.558638033717472 0.558885406747353 0.550816441313974 0.551780707394825 0.556946771191761 0.563358292547606 0.565115055093568 0.583250352447743 0.615214970543878 0.636710278253833 0.642102037920458 0.637369095893775 0.641242261740519 0.660294667874114 0.680061918408189 0.681331069386547 0.681622733209063 0.680805042178304 0.679531559903198 0.673965071447463 0.674801535554805 0.678321458395657 0.675750157571949 0.687195717612138 0.693960273371595 0.722321488419915 0.734470344156989 0.731858212988013 -9999 -9999 -9999 -9999 -9999 -9999 -9999
0.500338731651994 0.497860771653806 0.489962007629986 0.480561784249154 0.480462232936983 0.456592409904008 0.452525456678183 0.445784823158576 0.449487267482551 0.44195123701988 0.435045398188175 0.441494887789366 0.449112486094448 0.448611899635316 0.448264299999582 0.457851752618376 0.469938137001167 0.485075508219525 0.492153111416821 0.503845274192961 0.513644560534499 0.52764313027889 0.539756818881684 0.547849736465457 0.554131572561659 0.556147683576796 0.556879987335674 0.567524156931357 0.57475904949457 0.581123187592423 0.599453542576256 0.598630969839401 0.605804120905613 0.629638841556289 0.636572045922312 0.632912137865524 0.637773455787003 0.65891132500667 0.668307042107583 0.663763585430067 0.6470439145973 0.661399132477457 0.664059513499603 0.667837836904169 0.673538554918674 0.677607380078148 0.679649185355689 0.685359987041139 0.698027768696541 0.722529677882453 0.733851906759573 0.733634332634686 -9999 -9999 -9999 -9999 -9999 -9999 -9999
0.491663250985198 0.482743718926871 0.474066718513797 0.472778843113667 0.468640355098938 0.448235488942411 0.444746226579794 0.435813880867141 0.447579474738099 0.421686987031773 0.427605031878464 0.439429955022125 0.440050401886026 0.438588018138238 0.44076149219875 0.45020084837613 0.463518894915311 0.473448973966395 0.487664420437144 0.496021044668477 0.50584469962361 0.516898747795432 0.531006296555748 0.541828568305782 0.549136741094611 0.552936081186708 0.561455988873475 0.574477216944723 0.58775872029651 0.60053496979729 0.60768977796181 0.613366763661468 0.613740607864533 0.627496426372551 0.631048123185892 0.634807684805988 0.644512140533272 0.646800587578828 0.64909459802434 0.654031512398455 0.648216336146228 0.656112862264927 0.665549270225958 0.672209325565809 0.679735499911407 0.682977167969055 0.685126812216242 0.693339060509549 0.709359221043738 0.724006711398791 0.726868704981409 0.72839990851175 -9999 -9999 -9999 -9999 -9999 -9999 -9999
