layers/veg_tps/veg1100.asc
NCOLS 255 
NROWS 330 
XLLCORNER -2985163.8955 
YLLCORNER -3022031.214 
CELLSIZE 25000 
NODATA_value -9999 
[rows 104 to 129 of 330, columns 177 to 235 of 255]
0.482963113762741 0.471988379914824 0.466043894171002 0.46314253099195 0.454778351710521 0.442387520938562 0.433301253238536 0.430267347356568 0.429173982847902 0.411785219055157 0.429032841541266 0.438677119802302 0.428826142203468 0.427690202804077 0.431454307546905 0.441086987145447 0.450230311976068 0.457756228157186 0.48001867788902 0.495586706938681 0.499736846036999 0.514667252682004 0.520844960073004 0.533542231957336 0.541456405017433 0.545836219256731 0.557311487479986 0.575685288429929 0.591449911236847 0.60369764997708 0.612467624838637 0.620386421181684 0.625768478884076 0.627982529365549 0.639915261378629 0.642743449676404 0.650015965131842 0.652025439323178 0.65047467874569 0.652225346291437 0.654292338688837 0.657536782395205 0.665507958887888 0.672108560967645 0.678694675150808 0.684760450984396 0.686504006015245 0.694650279214439 0.71056199462418 0.722749637150278 0.72619573347109 0.732605474771813 -9999 -9999 -9999 -9999 -9999 -9999 -9999
0.472146288264454 0.467334583343113 0.462400618171363 0.449506305607249 0.43663654659506 0.428842380172428 0.422088223816969 0.422285969194316 0.41567850974226 0.417645831318036 0.429236155594391 0.430263525595975 0.415909102161097 0.416804370436873 0.419120252403969 0.429369292918192 0.440709360043773 0.450130881422829 0.471788658611323 0.495772088990033 0.502014868602585 0.511050312158674 0.513385991506648 0.526077118034759 0.535028411183489 0.55081063458981 0.566162655493554 0.579183229654701 0.592562569611233 0.605395030230775 0.615852217118559 0.624939796528687 0.631602112340548 0.633354502070096 0.641548649381704 0.650832621991763 0.650408124699566 0.651398202009526 0.652039859399019 0.654189559853412 0.65449457468908 0.657435326504304 0.666713999613768 0.671574397397345 0.674608682407752 0.685901140217827 0.681823536510739 0.6925083105307 0.7036109862091 0.71839065679314 0.727616375636921 0.730181076706133 -9999 -9999 -9999 -9999 -9999 -9999 -9999
0.461743291033268 0.459780390482991 0.454251720239156 0.436146665708912 0.421633747814128 0.418325973066406 0.41424526255984 0.409128072190774 0.413882938929734 0.420210630340063 0.420282061154328 0.410189693958059 0.405033207616498 0.404618460414753 0.40842686935734 0.417930004056576 0.435762214645817 0.453996556173093 0.472047768943438 0.490436214086126 0.498783150298106 0.502953789737366 0.509251954754089 0.522675950780833 0.539745669705654 0.556413099298419 0.566474496976031 0.582802830767364 0.595651244243216 0.607616446859746 0.618951787716674 0.629443132663958 0.638054526937395 0.643058595945292 0.649032108465187 0.654993708189576 0.651879306368784 0.65669330248529 0.658055015229388 0.66107893578845 0.659235992708535 0.657123800464097 0.657441870576316 0.654798974697792 0.658743122294013 0.677557527097676 0.680435653072622 0.69573617861032 0.713647710339842 0.723667391760644 0.725836606424474 -9999 -9999 -9999 -9999 -9999 -9999 -9999 -9999
0.452549154309128 0.447178274862726 0.441243034438556 0.429555876561709 0.414934705879963 0.403009068581529 0.397468836451573 0.399884106196147 0.408792020097346 0.412515268174316 0.402459224332285 0.391406033842889 0.397034954183057 0.391574598845965 0.402858198912838 0.42388036882336 0.437788732177237 0.453682414388928 0.469311316769178 0.483319506417288 0.493424308224157 0.499020164196324 0.508187687942451 0.526685544600093 0.545317979203591 0.560800362314668 0.572321689998432 0.586331727511263 0.599300611248762 0.609180328270573 0.61942672467623 0.631153344493109 0.641320282636076 0.648312316431902 0.654705557926739 0.658309910769421 0.654690781605282 0.653308919980177 0.662372584071843 0.663691859758294 0.655253262120057 0.640563349283263 0.646512127934101 0.655773950708242 0.660874323611011 0.674529719401361 0.684605714143909 0.685969949100277 0.698979388529282 0.721841073860074 0.726882219822849 -9999 -9999 -9999 -9999 -9999 -9999 -9999 -9999
0.444552251665909 0.438792841905787 0.433004454021596 0.431059909852199 0.419364058941483 0.406780452986004 0.404488313373699 0.40702178427687 0.405668887254106 0.3975381215908 0.385344919139958 0.382584575884297 0.390484562740904 0.399019870964994 0.399105657357555 0.416802392186764 0.435723224367369 0.448625978930901 0.463374754601581 0.477813189350501 0.490599041157481 0.501500218175753 0.5138174534873 0.532911366064479 0.549870579013191 0.560918627890732 0.575488204899097 0.590902534967017 0.603305105749909 0.60899993329523 0.618226900491877 0.630396583647461 0.640362657505397 0.648898500091753 0.657291691523441 0.66081700722396 0.657341992487825 0.650180671681111 0.661158905015372 0.659969175657544 0.649591751646279 0.66241369359096 0.65508292723402 0.654026533701126 0.663795735337751 0.676979261405411 0.686348482303683 0.692610884414777 0.710463605755135 0.728581974131749 0.731539540801902 -9999 -9999 -9999 -9999 -9999 -9999 -9999 -9999
0.432131552464219 0.415843239197175 0.416712327370259 0.416287337777747 0.41027900226656 0.400252730864888 0.401803967752397 0.404928919072337 0.40106158627809 0.389077335424655 0.379558626915309 0.382232848410844 0.394207743542412 0.398601617398656 0.403818577420471 0.417617023010471 0.431598417788889 0.445404332246171 0.463136056944463 0.479063060325026 0.490062116024459 0.503760050014653 0.520957174978347 0.538914196823389 0.554433107352149 0.567294658716092 0.581083307315931 0.593807585722071 0.605056378473107 0.609196698333111 0.619742438716414 0.629442722591828 0.636646084446919 0.641117815538341 0.647107434232576 0.656570041270403 0.66250083449601 0.661292205226054 0.663453887936744 0.66192993615313 0.666501163835088 0.671865220806924 0.650445793470181 0.649541867765672 0.660591285687669 0.677521103833748 0.695981879248024 0.710928064883656 0.721994351566601 0.731813677177026 0.734418392111325 -9999 -9999 -9999 -9999 -9999 -9999 -9999 -9999
0.416152496561775 0.399479463405423 0.397234188562854 0.381580491404131 0.389021096547826 0.391116668366505 0.394409608871632 0.397313828230149 0.397557038384955 0.392078972081614 0.38928172104707 0.390908254792443 0.391869413987061 0.399016338117008 0.405503227589126 0.419379317843797 0.432100303692486 0.447922286049952 0.465437247845031 0.480782765800158 0.493545780978691 0.510494700375444 0.527850128725406 0.536445694372759 0.550468035024825 0.570372458085201 0.583296957777665 0.594438482460483 0.604602766091149 0.610115402972618 0.618787797593627 0.627181480027859 0.636276256085729 0.641409404377128 0.645699542442813 0.657503243873913 0.670125106161505 0.673701914076952 0.674036190157862 0.679957479428332 0.680872612183739 0.681840276109998 0.648601848017789 0.654749407556991 0.666257121195907 0.67938441412445 0.692435444853439 0.711149139343678 0.726523505476856 0.732390537182705 0.732430925068398 -9999 -9999 -9999 -9999 -9999 -9999 -9999 -9999
0.412984779649328 0.392681623421993 0.378473197597546 0.368260377594223 0.377326726180833 0.385940464293178 0.390194266578287 0.394851808639071 0.393660905784446 0.389565402972502 0.388815976725868 0.386506993471119 0.387428277149629 0.395485198872087 0.403886542177255 0.419776057775518 0.435725084775794 0.451987083451825 0.464533676911749 0.467880757657244 0.497589015702968 0.508987450126941 0.513320755857011 0.5251472378819 0.545525849354369 0.563749866933632 0.578769471200488 0.595367868338902 0.604923084911116 0.610360542745519 0.617273669732094 0.624829438856631 0.634265928679163 0.637468910995198 0.645173224737036 0.663351142844296 0.677063809467834 0.683526423647965 0.684918483840972 0.68452122177363 0.685093820659448 0.68700276404026 0.668360011516329 0.67001359226175 0.696489273308144 0.709309483725986 0.71168811124009 0.72176834246142 0.730103303707802 -9999 -9999 -9999 -9999 -9999 -9999 -9999 -9999 -9999 -9999
0.395927131403328 0.383573701900634 0.371701817615047 0.365455537288026 0.371825284129248 0.383962621166107 0.387425753824503 0.388827982936615 0.386136386648614 0.385513187520212 0.376036894773947 0.376912718141833 0.384671915927972 0.39296435153486 0.402951071922305 0.418988908435846 0.437631799872088 0.455740708398247 0.474095960018964 0.4889364831907 0.504413895037977 0.49368817202243 0.4944451772467 0.522475296336207 0.54697926602733 0.553470943268829 0.571654676523694 0.595212896594092 0.604614938939304 0.611832962292789 0.62126223595687 0.63221307712655 0.637920873535322 0.634590202606833 0.639555361620975 0.663077319683286 0.682173839664795 0.691272601522791 0.68597290008339 0.688486211241928 0.695149729146189 0.696007160266022 0.694412321816113 0.688995926681533 0.697959859674017 0.717185652433565 0.720168791775488 0.729218772470359 0.731096944010998 -9999 -9999 -9999 -9999 -9999 -9999 -9999 -9999 -9999 -9999
0.386388344166371 0.374700689061488 0.369985359614833 0.361941908336053 0.366946807687878 0.380013667786847 0.381794869348126 0.376733388987256 0.36699389746683 0.373549512296317 0.3697784105888 0.376266936394476 0.386191013479246 0.393425354425621 0.40410056308928 0.420329008227703 0.439856279433096 0.459842506415817 0.477150068749761 0.489573755559029 0.478594998807801 0.465013720762389 0.487341899248263 0.531199346874757 0.553923494393366 0.547410352976965 0.5694955846646 0.596195264660118 0.609118488876522 0.615430765709149 0.622584608856543 0.635410295590056 0.639512125426708 0.637610903850097 0.648129276006136 0.663607264333179 0.677516690273005 0.687872281673789 0.690873987180034 0.698498404038416 0.707555038385746 0.704893228629331 0.699833861724657 0.704983862764462 0.714570131860096 0.720533832313164 0.727258467789354 0.731975638926842 -9999 -9999 -9999 -9999 -9999 -9999 -9999 -9999 -9999 -9999 -9999
0.374186520184921 0.36643303282482 0.366041366042579 0.361218883564613 0.363290226461296 0.367503297192578 0.374718342213111 0.371419599923032 0.373462712649497 0.377002893328571 0.370224041706568 0.380856078993975 0.392246290368099 0.398245024581074 0.409685557992241 0.42723188602824 0.444527466441956 0.462700078892045 0.481391710194024 0.493245659726415 0.487385463683456 0.475727415928677 0.501026801712617 0.543745697623465 0.556416568215535 0.546772163863135 0.571059126850567 0.601932215392978 0.617939494747028 0.622945959740852 0.627591187328309 0.634724265078037 0.63473758071653 0.633471319077564 0.655094719982933 0.668197325141037 0.682017499233447 0.687895807477158 0.695912118213878 0.702048050349206 0.712955335563356 0.712610018651733 0.709713441498196 0.713150509468467 0.720152620089155 0.725609790199878 0.731052508280286 -9999 -9999 -9999 -9999 -9999 -9999 -9999 -9999 -9999 -9999 -9999 -9999
0.35987192671014 0.356415151621371 0.359326412417274 0.362562363156565 0.36274327861832 0.366043211911117 0.366712352010438 0.371402396468995 0.378950765411888 0.382043745019251 0.376522950853494 0.388708937693461 0.400053299873855 0.407801624106333 0.419558211278023 0.43617900230886 0.450388187457863 0.466876698736258 0.485409735603314 0.500429907595716 0.507207623244146 0.503848276842461 0.521759654881195 0.550683128206788 0.552311839756323 0.573458333668534 0.596696447082915 0.614644071996953 0.626336965814907 0.632291526639672 0.637308588681419 0.639412939463045 0.63949279498132 0.64070184861218 0.653411501382669 0.675727549891528 0.686414353698497 0.688061422936933 0.696706132899151 0.700229275757548 0.715244605527628 0.718625016677665 0.716114671339648 0.718798726310482 0.723662385014941 0.726315904035866 -9999 -9999 -9999 -9999 -9999 -9999 -9999 -9999 -9999 -9999 -9999 -9999 -9999
0.349624006609315 0.347384216593811 0.348987764177497 0.350273242793161 0.348656932600682 0.354946306337093 0.369446147880553 0.375603797163067 0.382045991614625 0.386074490447871 0.387588901429451 0.395939484140263 0.406459669623283 0.415743945926682 0.427559016911027 0.429279148406603 0.445327420588303 0.46663778173709 0.482022602717557 0.49482847844938 0.507744691234369 0.516690962314302 0.533688464239165 0.553889799640855 0.556292322171161 0.560917739319672 0.611988332407251 0.623797043890154 0.63268289033025 0.641452676868481 0.649162322079336 0.652817851320639 0.66006196925429 0.66449232885414 0.668409341183433 0.679615061031163 0.688244443606527 0.691405136168832 0.699023062515322 0.705001874947846 0.713998081877435 0.71472981013769 0.722334653946139 0.722820854103458 -9999 -9999 -9999 -9999 -9999 -9999 -9999 -9999 -9999 -9999 -9999 -9999 -9999 -9999 -9999
0.347295716553375 0.343757517637578 0.3442005514795 0.348212137564697 0.351031989934732 0.355650897790096 0.367620623372786 0.377994906330547 0.384574854940853 0.390088813920186 0.395900513975217 0.399635416187116 0.412917577596136 0.423201321406301 0.435165828661439 0.414420573881981 0.431838251684458 0.448090690037508 0.473952207603455 0.487261479139708 0.499551669737453 0.514984148220524 0.533242906445557 0.552064954596307 0.563817040385485 0.586710573700911 0.617681676207731 0.630200311448727 0.638383013064074 0.648743156797378 0.658215983487688 0.66291735232691 0.66451289715528 0.675852517114765 0.681811265582264 0.67856910426117 0.683804957697464 0.696894085069198 0.705442496869433 0.715104018603269 0.721083373376817 0.719529075061958 0.726749027354579 0.727080176145058 -9999 -9999 -9999 -9999 -9999 -9999 -9999 -9999 -9999 -9999 -9999 -9999 -9999 -9999 -9999
0.346759594944896 0.341934602298944 0.343033074906697 0.344724974087672 0.347444167409124 0.349461881667074 0.363962904175227 0.379943915752302 0.386433144815149 0.392380277589008 0.397877306037243 0.403216972739223 0.420574026557687 0.429505604284433 0.436251639206705 0.419704362950495 0.434131321477846 0.450186057730562 0.479357559745192 0.496148738258132 0.511424227815849 0.517144824314378 0.523972549046663 0.549999070112192 0.578387963458205 0.601162161321837 0.621776355475706 0.636111961849193 0.644812661293839 0.650952193017744 0.661809216879982 0.672792607054674 0.674752300666296 0.685667149561001 0.689336619030635 0.681454397438347 0.683492260811927 0.701479685077261 0.715523590652142 0.71994637886734 0.722040265934742 0.722321597658052 0.727273506613187 -9999 -9999 -9999 -9999 -9999 -9999 -9999 -9999 -9999 -9999 -9999 -9999 -9999 -9999 -9999 -9999
0.339785853382969 0.340467888024668 0.343743894015225 0.344560851039184 0.352708995662468 0.349826147705906 0.359440839550048 0.373796926523563 0.381497891163024 0.389904599626248 0.400561760771235 0.40408472093254 0.406347790761141 0.437575679264299 0.442996648320341 0.419217241666494 0.43963453055301 0.465113265740366 0.491107347288236 0.507914547117485 0.518445646231616 0.516758648666198 0.535655421947656 0.565027451767019 0.589892227705423 0.609597343123284 0.628563220605779 0.642678182684866 0.651041094050731 0.656816623810147 0.661879340917353 0.666446354902412 0.676380078805829 0.684012380942606 0.692320157139863 0.697427659703026 0.702184137729674 0.709545622470363 0.718706272723876 0.722122720957531 -9999 -9999 -9999 -9999 -9999 -9999 -9999 -9999 -9999 -9999 -9999 -9999 -9999 -9999 -9999 -9999 -9999 -9999 -9999
0.330330376664336 0.338061330953975 0.34097404874852 0.343997818447252 0.354240180116907 0.356001119257757 0.352981374352868 0.354933460009956 0.360087173326279 0.368658885584439 0.392979052537903 0.407778541706365 0.413266017359873 0.443926400907336 0.448538580053373 0.439466503157176 0.445865154591691 0.451900443430838 0.495332210258259 0.51002068775011 0.509042114176839 0.526576278419945 0.554921397993807 0.581228350092704 0.602331416692663 0.62194842171064 0.638877561516447 0.650466598020069 0.659449963354052 0.667274009281944 0.670193277670883 0.673582558165497 0.678343760566574 0.683438491945212 0.695980872306438 0.702735311422108 0.709351200536554 0.717299981826849 0.72208608605966 -9999 -9999 -9999 -9999 -9999 -9999 -9999 -9999 -9999 -9999 -9999 -9999 -9999 -9999 -9999 -9999 -9999 -9999 -9999 -9999
0.324000455192412 0.333488540897683 0.337162736208666 0.342361396536586 0.345518954988755 0.356724254302559 0.357093938591435 0.358619201666125 0.362948616224331 0.37016497513251 0.399041871976099 0.421729768152755 0.433929593795894 0.449905637004934 0.459861310382435 0.476637214395035 0.463467073789898 0.458927356212683 0.480438030441948 0.520515277880932 0.519984234711739 0.546826347230165 0.567847002505392 0.593431603924904 0.616531103068107 0.638120564927803 0.653370280843942 0.658334829463283 0.666642286820056 0.676680017657649 0.68026601760013 0.682257397649526 0.682529765584452 0.692083408239394 0.698949655413614 0.709986347429534 0.712808847146608 0.722087414025503 0.722580404680584 -9999 -9999 -9999 -9999 -9999 -9999 -9999 -9999 -9999 -9999 -9999 -9999 -9999 -9999 -9999 -9999 -9999 -9999 -9999 -9999
0.318487051853821 0.328613484418134 0.334767038538739 0.340523621091411 0.344931015313007 0.346490419791254 0.352588246184636 0.35780350288888 0.36761696143899 0.391323365657061 0.417004396651711 0.436824384648119 0.450853597391183 0.455162079585571 0.468023188500671 0.487285073931625 0.478537193418577 0.469197159330464 0.490732409617756 0.533990420730082 0.527891299823036 0.571552039611811 0.577671504362265 0.604329738627678 0.629388633638 0.648149141019889 0.660377550894452 0.663707403838867 0.671749416993845 0.68128421984084 0.686755003695025 0.688121931867283 0.687879166564735 0.695747035114387 0.707763841446037 0.714857559698594 0.71666243215715 -9999 -9999 -9999 -9999 -9999 -9999 -9999 -9999 -9999 -9999 -9999 -9999 -9999 -9999 -9999 -9999 -9999 -9999 -9999 -9999 -9999 -9999
0.314443188788817 0.32544266139457 0.332437750265674 0.338474094697635 0.343318646171402 0.350484661440657 0.358047863270526 0.363171190588522 0.376649408231432 0.404750038718063 0.429797437116388 0.448481623393523 0.461223919758809 0.4584177598851 0.470219061591465 0.501358185790054 0.494787059049379 0.479465176602232 0.504243033917446 0.528159131161554 0.531954285070587 0.594085198863808 0.594407160973818 0.619576894857251 0.636820881138416 0.660297420763022 0.669136730601477 0.674565792948865 0.681096046696005 0.686868843157249 0.692196193090731 0.696843272151523 0.700339876400566 0.705419211822787 0.711303363917098 0.716439082943404 0.717189056791694 -9999 -9999 -9999 -9999 -9999 -9999 -9999 -9999 -9999 -9999 -9999 -9999 -9999 -9999 -9999 -9999 -9999 -9999 -9999 -9999 -9999 -9999
0.315272976515147 0.323627303752703 0.33116128550023 0.338934899169127 0.345202618842054 0.358517268060605 0.365726508574404 0.370009614798057 0.387675867746593 0.415352389589776 0.440094831865244 0.459474272579472 0.471364012612633 0.47352774682524 0.464600581854718 0.499140327094355 0.513074755688831 0.500414707241623 0.507652295826792 0.520430553181578 0.545554192932618 0.608664600602789 0.618087567812967 0.640202244080004 0.643152087862418 0.669839018090081 0.677829955361452 0.683096578391972 0.682282947690019 0.691101119879025 0.69979023177255 0.70750991624872 0.706972894720996 0.708980729635425 0.715774808678747 0.718394289352848 0.717423860443137 -9999 -9999 -9999 -9999 -9999 -9999 -9999 -9999 -9999 -9999 -9999 -9999 -9999 -9999 -9999 -9999 -9999 -9999 -9999 -9999 -9999 -9999
0.32029805200027 0.322989040774656 0.332539623877878 0.339885980454906 0.348186366936955 0.360175725556554 0.372008947669817 0.384133288276515 0.402191452342999 0.426687097491661 0.450805710496041 0.470491385239279 0.481695219963932 0.489563452325072 0.470925220476783 0.511416816293626 0.533633733470865 0.5173196815453 0.517767366515005 0.532737698143838 0.562393566391009 0.61037441160234 0.639845513762273 0.648148871612808 0.656424711432269 0.659780138145039 0.660571011546225 0.677447757572679 0.679231049913977 0.694594717436861 0.708557006361036 0.710483856845261 0.715219858619097 0.718899969896599 0.720350976682832 -9999 -9999 -9999 -9999 -9999 -9999 -9999 -9999 -9999 -9999 -9999 -9999 -9999 -9999 -9999 -9999 -9999 -9999 -9999 -9999 -9999 -9999 -9999 -9999
0.309177310729005 0.322807430083082 0.33531457632149 0.343101058194404 0.349901962325947 0.360967787795881 0.378184950803067 0.394795484192524 0.409723240262521 0.429398390645685 0.459396119973752 0.481159817636462 0.491598338943642 0.48813734533967 0.491712529395068 0.522895668809909 0.541865486082623 0.521630254966817 0.544122071124159 0.555489022932242 0.566056887170384 0.607966476590465 0.649872839302821 0.651156388689076 0.642754515397231 0.643055908693182 0.643266454300216 0.662740974879661 0.691605814787525 0.704038680947307 0.715223556361843 0.726694762777394 0.72578661008864 0.722479629543632 0.722318167477521 -9999 -9999 -9999 -9999 -9999 -9999 -9999 -9999 -9999 -9999 -9999 -9999 -9999 -9999 -9999 -9999 -9999 -9999 -9999 -9999 -9999 -9999 -9999 -9999
0.313413503876936 0.320998157728815 0.333225425648183 0.342588630893225 0.35098546507693 0.363894751659306 0.381090324183759 0.394117430822692 0.405049702524004 0.430253349520508 0.470973170537863 0.489839763013197 0.500855901691021 0.498398876550318 0.509540588411456 0.524952444908047 0.554821282256636 0.541942256191625 0.572201309581546 0.56465778203981 0.578510000239279 0.62002713122732 0.651773212929501 0.646923306992817 0.638083897322033 0.643099959885796 0.64311385066938 0.658282465761955 0.703094715885598 0.709573218219828 0.720580326315318 0.72753342431716 0.728130464622404 0.721261061121498 -9999 -9999 -9999 -9999 -9999 -9999 -9999 -9999 -9999 -9999 -9999 -9999 -9999 -9999 -9999 -9999 -9999 -9999 -9999 -9999 -9999 -9999 -9999 -9999 -9999
0.313678842681607 0.320906391355708 0.332234231333651 0.342367436165758 0.355087179037382 0.369882264671542 0.38326194032316 0.396011984012428 0.419628561192402 0.455253640041201 0.478630431823563 0.497515648171448 0.510307568082909 0.518449059416984 0.523732974846847 0.529272152966092 0.58388824418041 0.607004760580061 0.570013294134606 0.567429341450872 0.613245995371983 0.651697483025123 0.664701186148865 0.647916838798122 0.649270012108162 0.660891169867187 0.663350566854391 0.678842039474475 0.705775433929036 0.715224533569815 0.725583298673868 -9999 -9999 -9999 -9999 -9999 -9999 -9999 -9999 -9999 -9999 -9999 -9999 -9999 -9999 -9999 -9999 -9999 -9999 -9999 -9999 -9999 -9999 -9999 -9999 -9999 -9999 -9999 -9999
0.317150312818993 0.320959025287138 0.332037607422476 0.345339523806776 0.361636183916685 0.378441341933331 0.395906383794496 0.417816958603343 0.440870538243935 0.465013787832005 0.487413774551042 0.506137918183749 0.521508827473062 0.53756563890107 0.543407168472353 0.547606744695912 0.592461479797057 0.607351795898706 0.628274789873994 0.621366830814987 0.641336389318859 0.675835289722088 0.683342801772 0.668764764469647 0.672408034101172 0.680766755269865 0.698361852535858 0.706330339221341 0.709565049510538 0.719533977109651 0.731126724369719 -9999 -9999 -9999 -9999 -9999 -9999 -9999 -9999 -9999 -9999 -9999 -9999 -9999 -9999 -9999 -9999 -9999 -9999 -9999 -9999 -9999 -9999 -9999 -9999 -9999 -9999 -9999 -9999
