layers/veg_tps/veg2600.asc
NCOLS 255 
NROWS 330 
XLLCORNER -2985163.8955 
YLLCORNER -3022031.214 
CELLSIZE 25000 
NODATA_value -9999 
[rows 78 to 103 of 330, columns 0 to 57 of 255]
-9999 -9999 -9999 -9999 -9999 -9999 -9999 -9999 -9999 -9999 -9999 -9999 -9999 -9999 -9999 -9999 -9999 -9999 -9999 -9999 -9999 -9999 -9999 -9999 -9999 0.635069433579628 0.637374381768595 0.636933450884777 0.638246191251125 0.629911493154584 0.663583390403859 0.66790304766293 0.595681376204307 0.494659584733796 0.360609896289122 0.259574351843875 0.330823969898778 0.482579763135697 0.560313160745321 0.641603979526118 0.66996913649392 0.67659321825972 0.681017572131571 0.686532631858709 0.69270591348932 0.699079532091773 0.706917787314907 0.71652441781796 0.727724825594397 0.736541984051333 0.744545114623481 0.754270359253308 0.764425998607157 0.773990660125641 0.784623907025332 0.799625257925272 0.8122425426531 0.820422885635332
-9999 -9999 -9999 -9999 -9999 -9999 -9999 -9999 -9999 -9999 -9999 -9999 -9999 -9999 -9999 -9999 -9999 -9999 -9999 -9999 -9999 -9999 -9999 -9999 -9999 0.646158433040066 0.645568541009804 0.644020106462715 0.657785863253871 0.665568824839073 0.671401813290441 0.648077315771025 0.478575155699823 0.304222975331886 0.276511598335591 0.319186839349158 0.505920259693855 0.573663616904808 0.597743308939452 0.656541464320533 0.682510733288449 0.686840249858379 0.689920473512946 0.694882797956716 0.700175102411267 0.706431239097744 0.713110941860418 0.721680741531824 0.730772572855363 0.738498212832064 0.747683834211083 0.759188171468173 0.769549570735135 0.779027245313892 0.790275670481586 0.800959801399811 0.811279635681394 0.820443345496656
-9999 -9999 -9999 -9999 -9999 -9999 -9999 -9999 -9999 -9999 -9999 -9999 -9999 -9999 -9999 -9999 -9999 -9999 -9999 -9999 -9999 -9999 -9999 -9999 -9999 -9999 0.647090311442561 0.643150887131188 0.656103019900426 0.675529599943412 0.677178896129817 0.594327153738855 0.382639247962378 0.246849886064608 0.313260654144319 0.347420116346823 0.509558268089989 0.583826383421917 0.644639776607059 0.676884355644187 0.690898122986414 0.69508863048702 0.697622383872827 0.702285597273247 0.707836347353558 0.71411856548488 0.721965867922824 0.730683855884081 0.739360117293039 0.745747113986429 0.752019982366447 0.762581447832552 0.773768655031699 0.781731794119727 0.79098785292739 0.801098243066162 0.8127999425327 0.821038199775715
-9999 -9999 -9999 -9999 -9999 -9999 -9999 -9999 -9999 -9999 -9999 -9999 -9999 -9999 -9999 -9999 -9999 -9999 -9999 -9999 -9999 -9999 -9999 -9999 -9999 -9999 -9999 -9999 0.674099603808985 0.675311112096388 0.678513353147694 0.548341133720238 0.344225516291259 0.343535159064795 0.331620830875587 0.350748291058868 0.534348518055084 0.566083450376277 0.600775350706945 0.658991837523365 0.694089392980763 0.701357777372109 0.703277248100626 0.707753091749134 0.713357664629484 0.71939944353852 0.7264057620867 0.733505338261792 0.741795540364143 0.749777243198854 0.756431927286975 0.76675918116917 0.777243551963489 0.784319158829163 0.793888970779318 0.803819295828001 0.813587884240939 0.822575601534744
-9999 -9999 -9999 -9999 -9999 -9999 -9999 -9999 -9999 -9999 -9999 -9999 -9999 -9999 -9999 -9999 -9999 -9999 -9999 -9999 -9999 -9999 -9999 -9999 -9999 -9999 -9999 -9999 -9999 0.679590433756 0.673172207877271 0.546540138294948 0.347293630206243 0.413151898258206 0.334823781033673 0.411489311052217 0.531578035725501 0.516708214608245 0.553872789132599 0.65553489469484 0.69411739555365 0.705876355807111 0.708269699227309 0.713119157283618 0.718720503232456 0.725068381465071 0.731553524750967 0.738451582946728 0.746141056397717 0.753267300352466 0.759423977552273 0.769064748291321 0.778358094182909 0.787362931106443 0.797356476188922 0.805516912261085 0.815090527417087 0.824321178320258
-9999 -9999 -9999 -9999 -9999 -9999 -9999 -9999 -9999 -9999 -9999 -9999 -9999 -9999 -9999 -9999 -9999 -9999 -9999 -9999 -9999 -9999 -9999 -9999 -9999 -9999 -9999 -9999 0.683903633355817 0.685217470888046 0.679373877679102 0.646523187936017 0.550690854615249 0.375353792517735 0.372134038246917 0.464824546385718 0.52940977374489 0.554555134836633 0.605953807621632 0.656273513718285 0.681459029509883 0.710932240688499 0.714689646470909 0.71928984034555 0.72454985923042 0.73039462400002 0.736364984332369 0.742786063478832 0.749897943765119 0.757153536553913 0.762627786831491 0.7711567774186 0.779964824803601 0.789189836227424 0.798341883594444 0.80622831551911 0.814647158511854 0.822690937121165
-9999 -9999 -9999 -9999 -9999 -9999 -9999 -9999 -9999 -9999 -9999 -9999 -9999 -9999 -9999 -9999 -9999 -9999 -9999 -9999 -9999 -9999 -9999 -9999 -9999 -9999 -9999 0.672535456427604 0.675681420354419 0.670574889252076 0.637181795946401 0.561338105031198 0.404198288461353 0.37715716593168 0.393966971976533 0.479278210321165 0.512289509080404 0.53427871153787 0.606447529125336 0.641497113211615 0.706133011893875 0.713687357945237 0.719850978787863 0.724617572341524 0.729885363824817 0.735440738550875 0.740975702656982 0.746777386255849 0.753342863868713 0.760523167069102 0.765453450155505 0.773809460686163 0.782736211898602 0.791068400950552 0.799609244926329 0.807801042135462 0.815238969324094 0.821692815446057
-9999 -9999 -9999 -9999 -9999 -9999 -9999 -9999 -9999 -9999 -9999 -9999 -9999 -9999 -9999 -9999 -9999 -9999 -9999 -9999 -9999 -9999 -9999 -9999 -9999 -9999 0.664330138514137 0.665769028364247 0.66087558748178 0.64271200273406 0.620505242008952 0.592077088003086 0.468872636464106 0.424800848517542 0.451937939865824 0.504884385957543 0.527437269193315 0.539570828798666 0.602686039765802 0.6598037265588 0.710467081179779 0.71570708820927 0.723628926634651 0.729811252537185 0.735078043452576 0.740402797376615 0.745382830570964 0.750514947633606 0.756415779935357 0.76408913683794 0.768022260160638 0.775764188058241 0.784675564161892 0.792806687567277 0.800435835628147 0.808362508165691 0.816329873846985 0.823015540987841
-9999 -9999 -9999 -9999 -9999 -9999 -9999 -9999 -9999 -9999 -9999 -9999 -9999 -9999 -9999 -9999 -9999 -9999 -9999 -9999 -9999 -9999 -9999 -9999 -9999 -9999 0.656231895799056 0.645995490972401 0.644212763316494 0.634101536632924 0.584987482725042 0.561454197336411 0.523732131623013 0.439658912509171 0.405055352210314 0.48168364657673 0.57491804732049 0.621366171633512 0.637475136645634 0.691314592937906 0.712339816261703 0.72404936410846 0.730088753892276 0.733979663660408 0.738923464431089 0.743733162933068 0.748545633558585 0.753752070790416 0.759300577375138 0.76626109823978 0.770609644043064 0.777135405786498 0.784408907153676 0.791720153679244 0.799401150536467 0.807208912447207 0.815001165356943 0.822509344716642
-9999 -9999 -9999 -9999 -9999 -9999 -9999 -9999 -9999 -9999 -9999 -9999 -9999 -9999 -9999 -9999 -9999 -9999 -9999 -9999 -9999 -9999 -9999 -9999 -9999 0.654161672130295 0.65096250067166 0.626391992245585 0.644858422177735 0.658250214487263 0.598588651338988 0.564668946790343 0.507032834171843 0.431139168176879 0.429925954417793 0.511044759926747 0.581221222812984 0.656724956401872 0.665442776318654 0.70418361979212 0.697175763346559 0.714542441185988 0.732291585167952 0.737125219437503 0.741441482191436 0.744948470031554 0.750602901214864 0.756313318263809 0.761719694795246 0.767419815022487 0.771753511235162 0.777420976008691 0.78407504413517 0.790988461688634 0.798032681159051 0.804965957485698 0.81341525103266 0.820497086306251
-9999 -9999 -9999 -9999 -9999 -9999 -9999 -9999 -9999 -9999 -9999 -9999 -9999 -9999 -9999 -9999 -9999 -9999 -9999 -9999 -9999 -9999 -9999 -9999 -9999 0.662145405738343 0.653338790495739 0.632858666592635 0.6725439845777 0.673101586685523 0.621597916989815 0.573249608622053 0.499991838967262 0.453331271345586 0.503203315138442 0.543175771257976 0.544674587112785 0.603224895202015 0.655352393548937 0.702096325051232 0.684234079940156 0.699934844512327 0.733369986116167 0.738671813501827 0.743673415057813 0.747960930521042 0.752550771103123 0.757758745300602 0.762809201898147 0.767868533515997 0.771971225460655 0.777241873179734 0.783532311185281 0.789606388004636 0.79661259206803 0.804324548967579 0.81202338494825 0.81853736297053
-9999 -9999 -9999 -9999 -9999 -9999 -9999 -9999 -9999 -9999 -9999 -9999 -9999 -9999 -9999 -9999 -9999 -9999 -9999 -9999 -9999 -9999 -9999 -9999 -9999 0.671577728506809 0.646117312880971 0.666306769883665 0.683464262248586 0.68056650230624 0.601844248057324 0.524970453249118 0.484950158780801 0.493283897336659 0.57264406996517 0.557254267770765 0.528685688634352 0.611858276970155 0.673225839520933 0.703936111816008 0.683322196839419 0.66668009413704 0.688239494959931 0.73743147611601 0.742464914122747 0.743636156892935 0.749125599136308 0.755791507276501 0.762240078856394 0.766955399101057 0.770321007677576 0.775394066789499 0.782209909393635 0.788201613936854 0.795026095432709 0.802743411514393 0.809784005413575 0.816560319053916
-9999 -9999 -9999 -9999 -9999 -9999 -9999 -9999 -9999 -9999 -9999 -9999 -9999 -9999 -9999 -9999 -9999 -9999 -9999 -9999 -9999 -9999 -9999 -9999 -9999 0.687730891287107 0.674094020624648 0.685842225961248 0.693291308171933 0.69642198978378 0.606250984716338 0.509365758611994 0.486669526764908 0.442514731401312 0.545831242585075 0.538920500177398 0.535218312009036 0.597040065119847 0.660681171389565 0.676922633291013 0.657237402027565 0.632194494148153 0.638239191003769 0.69635957503572 0.719594788329942 0.739262633257983 0.74467036299195 0.751481202813857 0.760075996472072 0.764195154184537 0.765580508052395 0.770416163789167 0.779989529824878 0.786515975821191 0.793320888997906 0.800200818032746 0.806223090689232 0.812731529031339
-9999 -9999 -9999 -9999 -9999 -9999 -9999 -9999 -9999 -9999 -9999 -9999 -9999 -9999 -9999 -9999 -9999 -9999 -9999 -9999 -9999 -9999 -9999 -9999 -9999 0.692352942616863 0.68825090645534 0.691020198556598 0.691690749460909 0.692704063123106 0.671396859069245 0.626702091021023 0.578762747750584 0.380615876679554 0.495327467996262 0.540606070840831 0.581722704324298 0.634812896491723 0.62588704249024 0.577731861679747 0.578208193968992 0.597501487214481 0.619393759400368 0.644862010559969 0.656780549866092 0.669506277601333 0.72451185327743 0.752049050105169 0.757676285116693 0.760712807127235 0.760666537539004 0.765092306607343 0.777212363321924 0.784340766941318 0.790477715519045 0.797060764661273 0.803383884273927 0.809533389867179
-9999 -9999 -9999 -9999 -9999 -9999 -9999 -9999 -9999 -9999 -9999 -9999 -9999 -9999 -9999 -9999 -9999 -9999 -9999 -9999 -9999 -9999 -9999 -9999 -9999 0.690302457600734 0.688621396956224 0.693707688999774 0.697123116473987 0.692285816461536 0.685079647112367 0.67795578566499 0.663442995744362 0.442766934086034 0.485021247692229 0.492107195808315 0.563132106110224 0.639922053029047 0.577361944260336 0.471073543214814 0.535581533988161 0.549237170575226 0.596729122677058 0.635881137063758 0.636329304217303 0.617189823295705 0.689728087920269 0.74951078182563 0.757103447914766 0.759412019809106 0.760890466037346 0.764828037378864 0.774578987088301 0.781711192763382 0.787383206152742 0.793427482055574 0.799607995072576 0.804557701803074
-9999 -9999 -9999 -9999 -9999 -9999 -9999 -9999 -9999 -9999 -9999 -9999 -9999 -9999 -9999 -9999 -9999 -9999 -9999 -9999 -9999 -9999 -9999 -9999 -9999 0.695793647195174 0.68998388893433 0.694732676778608 0.704543303434885 0.701350592374995 0.697965635868131 0.698679758302331 0.673994261443728 0.534942012728087 0.492685625939038 0.46944407404886 0.54905893157613 0.602357528863785 0.53643355274578 0.519311772313777 0.503072606262847 0.434005303766165 0.510723517061186 0.60542728184768 0.63383663947176 0.627871722789408 0.67577411406389 0.732590080635438 0.755420836760802 0.759260600437321 0.761688035572465 0.76123714940204 0.772367271624252 0.778757134497527 0.783890645490056 0.788427061394922 0.793077591110683 0.79699914903595
-9999 -9999 -9999 -9999 -9999 -9999 -9999 -9999 -9999 -9999 -9999 -9999 -9999 -9999 -9999 -9999 -9999 -9999 -9999 -9999 -9999 -9999 -9999 -9999 -9999 0.709900633914681 0.701927636055985 0.700141279425061 0.7087710488885 0.710139784638753 0.709279180990701 0.707571571040603 0.703469180899542 0.595223287003243 0.483310325211104 0.484483516859897 0.563442232573597 0.595862530081488 0.594383347788761 0.499696998242518 0.479722030646614 0.408931645624649 0.36585925963097 0.493599870341137 0.58075786670125 0.627262338052923 0.673793137330611 0.704541624762541 0.721055524390122 0.749990812031386 0.760782457828316 0.75490137540977 0.76802767653103 0.775208060175641 0.779474768982034 0.78216328296344 0.785237708566262 0.789483184846392
-9999 -9999 -9999 -9999 -9999 -9999 -9999 -9999 -9999 -9999 -9999 -9999 -9999 -9999 -9999 -9999 -9999 -9999 -9999 -9999 -9999 -9999 -9999 -9999 -9999 -9999 0.703639766265846 0.702180540965227 0.710529127407777 0.714268409328398 0.715883416801052 0.704018668722836 0.707956863275662 0.57334332993228 0.455174423165658 0.472929004228904 0.530925950425999 0.523686667816456 0.565748659869236 0.504762055496873 0.426412594496772 0.423836213913837 0.463226405168299 0.502954225453872 0.536074021359678 0.603510670264395 0.677692418467912 0.685814212669356 0.688632046651281 0.732635458134517 0.753192371046739 0.753990450485359 0.763392918531667 0.770798257674585 0.775320630879157 0.776792275811274 0.777477769948287 0.777921966327842
-9999 -9999 -9999 -9999 -9999 -9999 -9999 -9999 -9999 -9999 -9999 -9999 -9999 -9999 -9999 -9999 -9999 -9999 -9999 -9999 -9999 -9999 -9999 -9999 -9999 -9999 -9999 0.71114037583586 0.711886008144703 0.715985669460963 0.719564987343089 0.716042556619426 0.717622317939219 0.673094591248765 0.573114508837218 0.458254211922334 0.455623760453335 0.421153626399028 0.437550980126069 0.490827298373486 0.434328958631923 0.425618694886399 0.495501611000879 0.553265732074633 0.576592148251792 0.635081509392819 0.700086523573086 0.699720579962775 0.697799485881426 0.691595172942873 0.673167402306083 0.703178862871138 0.746667055551504 0.767607812738843 0.770904267495798 0.770807422538825 0.770435681345778 0.768013830018365
-9999 -9999 -9999 -9999 -9999 -9999 -9999 -9999 -9999 -9999 -9999 -9999 -9999 -9999 -9999 -9999 -9999 -9999 -9999 -9999 -9999 -9999 -9999 -9999 -9999 -9999 -9999 -9999 -9999 0.718627633107861 0.720990742597382 0.723344026193925 0.723951229323066 0.701832242776532 0.622135272776819 0.511293008891249 0.544415601623488 0.363292144824106 0.345761717328821 0.413717480256008 0.447882843497471 0.413525440161231 0.437647842115197 0.531500825799499 0.586703097265912 0.645711644768683 0.702571013116143 0.729434781667623 0.72010816452687 0.687635113179826 0.669517156868561 0.71032687946011 0.749715278182126 0.759729530751538 0.753562012351134 0.749015214782338 0.760263991132558 0.770791314138424
-9999 -9999 -9999 -9999 -9999 -9999 -9999 -9999 -9999 -9999 -9999 -9999 -9999 -9999 -9999 -9999 -9999 -9999 -9999 -9999 -9999 -9999 -9999 -9999 -9999 -9999 -9999 -9999 -9999 -9999 -9999 0.726663284335021 0.725091067992562 0.716231160938995 0.693622914734261 0.617304975514107 0.403755123337159 0.322396263822096 0.315805797098373 0.353579888401861 0.436625772241171 0.416858080904833 0.386610740954331 0.488777370968216 0.598017637890055 0.693808085176504 0.711848844458835 0.710700103351744 0.699324303273833 0.70496255968804 0.713316518968655 0.734979590255409 0.75146934011531 0.755745812174175 0.755639114501933 0.754151255417038 0.753744748618132 0.761813229831225
-9999 -9999 -9999 -9999 -9999 -9999 -9999 -9999 -9999 -9999 -9999 -9999 -9999 -9999 -9999 -9999 -9999 -9999 -9999 -9999 -9999 -9999 -9999 -9999 -9999 -9999 -9999 -9999 -9999 -9999 -9999 -9999 0.726808890623771 0.723727362239803 0.698012457197765 0.639703662918305 0.512153270702085 0.487864630429707 0.39018390787423 0.363952194447288 0.440732900751819 0.468472072324593 0.408719017531544 0.497981409108253 0.576100422085327 0.659281383574901 0.714472156998761 0.692697335360613 0.667838225804645 0.694808625182868 0.727040980673749 0.739608194833697 0.74387130547124 0.753212294895769 0.755919225318062 0.7538930050484 0.755455364449343 0.759342325724012
-9999 -9999 -9999 -9999 -9999 -9999 -9999 -9999 -9999 -9999 -9999 -9999 -9999 -9999 -9999 -9999 -9999 -9999 -9999 -9999 -9999 -9999 -9999 -9999 -9999 -9999 -9999 -9999 -9999 -9999 -9999 -9999 -9999 0.732118114452235 0.705523549144266 0.592040739244621 0.532497073247462 0.449455683662208 0.359487254812738 0.362654731203087 0.426291000424284 0.475871219747377 0.443852711984433 0.414562995374807 0.541740232406228 0.572980412719169 0.657540334412962 0.681560399857342 0.659842741988206 0.664582353607743 0.700840680749015 0.732590617965418 0.73540780443512 0.747374441394732 0.753345926224663 0.754300052266821 0.755127329179414 0.756663819994002
-9999 -9999 -9999 -9999 -9999 -9999 -9999 -9999 -9999 -9999 -9999 -9999 -9999 -9999 -9999 -9999 -9999 -9999 -9999 -9999 -9999 -9999 -9999 -9999 -9999 -9999 -9999 -9999 -9999 -9999 -9999 -9999 -9999 -9999 0.718781662077009 0.629677807148854 0.600290315769554 0.570677765458652 0.529671667051458 0.480965733575048 0.364995521522136 0.327561611989238 0.446597041450071 0.339835862440839 0.452526555448857 0.47878028884947 0.60513290626822 0.647309218374041 0.635264840465699 0.620355892050994 0.650649328741116 0.731821841376868 0.731860012279415 0.7366287445434 0.746296015801725 0.750786546729033 0.75239652873677 0.752604456083497
-9999 -9999 -9999 -9999 -9999 -9999 -9999 -9999 -9999 -9999 -9999 -9999 -9999 -9999 -9999 -9999 -9999 -9999 -9999 -9999 -9999 -9999 -9999 -9999 -9999 -9999 -9999 -9999 -9999 -9999 -9999 -9999 -9999 -9999 0.72596500530081 0.69318099869296 0.67579913067476 0.62955404086093 0.490732046433031 0.341986387019675 0.301058056853347 0.308844481407135 0.379881820712992 0.366938288481371 0.367017177901621 0.402362376374155 0.530279142986166 0.618166162136691 0.63071130828822 0.605181127958683 0.621099463690207 0.726020321438871 0.724158143769058 0.726825866857181 0.737629761256678 0.743132560389356 0.747496846103995 0.749412554537935
-9999 -9999 -9999 -9999 -9999 -9999 -9999 -9999 -9999 -9999 -9999 -9999 -9999 -9999 -9999 -9999 -9999 -9999 -9999 -9999 -9999 -9999 -9999 -9999 -9999 -9999 -9999 -9999 -9999 -9999 -9999 -9999 -9999 -9999 -9999 -9999 0.71076723053489 0.668125467066755 0.512099221440516 0.327757904970684 0.336683518393723 0.248567115361058 0.325130494491613 0.346148575304042 0.335789847295901 0.361442399030559 0.457797240849154 0.583140182944709 0.653593174261713 0.644016057286861 0.623368506396727 0.71687045601566 0.716735789092081 0.723694047461628 0.731153130191128 0.735702976863615 0.74155824182657 0.745773227506749
