layers/veg_tps/veg2600.asc
NCOLS 255 
NROWS 330 
XLLCORNER -2985163.8955 
YLLCORNER -3022031.214 
CELLSIZE 25000 
NODATA_value -9999 
[rows 182 to 207 of 330, columns 116 to 173 of 255]
0.130863520407657 0.131875830992298 0.133070845050617 0.13540388463246 0.137272081436489 0.141390809502367 0.145796485259688 0.150598465647884 0.155946191397242 0.160743425658117 0.167632458493986 0.174982404916883 0.182075791926674 0.188205341629016 0.197416665885728 0.203883037250396 0.213054317176662 0.226757332547611 0.236236497154254 0.239995716201441 0.251622889019287 0.265613918862086 0.275712188817114 0.300834861633915 0.317588745192177 0.31416850649284 0.318463826627219 0.32080766237604 0.340272838731385 0.34270559492284 0.367088867337038 0.376915971847693 0.374096621921333 0.368335294880846 0.37568805560076 0.389197975507316 0.407304781680143 0.415515044478981 0.430990017602789 0.43737216486771 0.439131661516779 0.440862883488992 0.451503272700306 0.457785669018057 0.456863336720542 0.519080220206578 0.586012146626829 -9999 -9999 -9999 -9999 -9999 -9999 -9999 -9999 -9999 -9999 -9999
0.128468195086913 0.129448968068415 0.130965803914307 0.13316650387324 0.135565204696153 0.139247792393824 0.143652292392442 0.148376409531433 0.153727759125682 0.158506281792955 0.165349240106904 0.172524900871499 0.178851456355642 0.185640508129376 0.196006189833959 0.205623228275446 0.215319491656574 0.22671121338004 0.235150843930724 0.235627124052587 0.245834420305858 0.266165062092122 0.279102310091461 0.301250996756441 0.314855660506329 0.301530960171529 0.308065824185334 0.326566234297058 0.338799254394069 0.345247836755778 0.359461594200738 0.376529043445288 0.374015963598021 0.368052801947231 0.368302313109131 0.381663302144255 0.402933958936761 0.419427600287899 0.430940772287906 0.43565238997828 0.444892600758372 0.446754835146524 0.45207758869629 0.464352511557986 0.487154993663881 0.551140078884926 0.582949676998364 -9999 -9999 -9999 -9999 -9999 -9999 -9999 -9999 -9999 -9999 -9999
0.126259645845884 0.127181494254011 0.128755171657839 0.130877710415621 0.133612124043466 0.137030149280204 0.141613166950173 0.146283392511801 0.151747335952549 0.156293344591864 0.163015455318582 0.169963377685413 0.177809130822697 0.185127519862181 0.192928006957715 0.202895407091463 0.214112110015771 0.22487781021466 0.232529738002281 0.236078653194939 0.252521767163306 0.26454216840915 0.289881866100329 0.302070236423771 0.297578742607871 0.303739034484679 0.320270026941346 0.339573736232577 0.357868556041314 0.369738003505695 0.372224200393601 0.384681296248856 0.377630502537484 0.370765768523482 0.367939317942894 0.373534537875561 0.391404148781436 0.404172458580409 0.417016040741842 0.429010652453043 0.450441928608284 0.455696723124748 0.45114816028108 0.4834610776501 0.535046481805877 0.572234202461964 0.589849343019956 -9999 -9999 -9999 -9999 -9999 -9999 -9999 -9999 -9999 -9999 -9999
0.124334186153585 0.12545543095601 0.126775152240767 0.128954786235171 0.131375227490908 0.135281901888598 0.139645569104466 0.144473591915617 0.149923993980726 0.154394642794665 0.160670920057539 0.167503910965416 0.175366757306201 0.182554560920349 0.1887508038099 0.197692775502281 0.210787045098179 0.223398050744527 0.227481333981374 0.239175724947134 0.257962097014819 0.273961680558398 0.281433204723614 0.28755093670877 0.288471152757979 0.313893083283492 0.333917225860839 0.346939284100797 0.369050818496515 0.384588356841328 0.391516151991007 0.396887775722958 0.389575027965722 0.381321373860351 0.381107638947932 0.383447492161852 0.398976359178935 0.394750308639172 0.404296027431805 0.428761936223352 0.453436400365226 0.470298053175252 0.463737395573903 0.507681838050485 0.555732439026457 0.58015520822933 -9999 -9999 -9999 -9999 -9999 -9999 -9999 -9999 -9999 -9999 -9999 -9999
0.122681060818989 0.123520813483313 0.125076196239822 0.126898337721795 0.129297811295677 0.133169006308866 0.137733808306924 0.142651889666477 0.148162828407339 0.152667304422045 0.158989181497638 0.165837740049889 0.173437873927296 0.181896697136108 0.191025164092877 0.199379222663344 0.210300150630159 0.221548181321552 0.230102340010984 0.243258049997844 0.256321143204266 0.264701495529013 0.268021099617696 0.285729402254478 0.297622425177347 0.32741253204689 0.339937902103456 0.353728045847066 0.375170003321346 0.391670052186428 0.407611362059224 0.414685773095466 0.412434772510844 0.40317164165968 0.407239802584174 0.418060447354598 0.422577932049185 0.412357897383612 0.417185766234942 0.418807669329219 0.445025527233104 0.48680934583681 0.503820512537786 0.521906411522256 0.555334136666562 0.578595183850391 -9999 -9999 -9999 -9999 -9999 -9999 -9999 -9999 -9999 -9999 -9999 -9999
0.121314476195308 0.122225936209301 0.123647657686079 0.125485032046792 0.128042695494018 0.131608244737338 0.136355112846391 0.141276411426479 0.145921612786765 0.149623866024012 0.156152265486344 0.164183253751022 0.172733580134587 0.181067389891463 0.190469297560052 0.19855371147054 0.209512968712634 0.221633063986156 0.232739295419856 0.245721860266016 0.252958920866455 0.254089911632563 0.261613332570578 0.288341418384635 0.312600700667495 0.333821259514228 0.342207513844275 0.354932541221412 0.379975926958072 0.393974307791756 0.411571939889171 0.431633754972281 0.434724660712884 0.433457279026309 0.447649046422081 0.431671371113104 0.421766347483814 0.42884483097143 0.439258200643079 0.42596621289314 0.449093819721213 0.504336431124092 0.506165301984499 0.517133458169798 0.549475953880128 0.580814082226216 0.598778993521445 -9999 -9999 -9999 -9999 -9999 -9999 -9999 -9999 -9999 -9999 -9999
0.119979270563758 0.120837613290286 0.122006103505222 0.123785132889618 0.126340316137393 0.129937652451229 0.134833409105011 0.139441251611023 0.143275893022767 0.147338464436252 0.153827537694217 0.161508477218841 0.170041209829074 0.178925095465927 0.188996960059677 0.197293667424681 0.20757993066579 0.220226804127871 0.230860823359534 0.242805487882511 0.249037706608043 0.254857899809623 0.268147598028564 0.294441648515521 0.3198034452912 0.333448654414872 0.341688564774389 0.350045164567535 0.379141508548445 0.390372124108353 0.400071483730882 0.414346898505564 0.439266305922573 0.452225704415941 0.450099068050772 0.437906468897792 0.434777481735067 0.43308848958466 0.446071850956349 0.43343142827666 0.445860351482852 0.498810638910362 0.505653692421362 0.514398590636195 0.546383417933632 0.585173456292746 0.602025188047608 -9999 -9999 -9999 -9999 -9999 -9999 -9999 -9999 -9999 -9999 -9999
0.118558686294287 0.119119880325495 0.120195208594125 0.122089379700975 0.124533036800983 0.128176252178461 0.133181303696621 0.137455079622664 0.140653829060446 0.145102583147945 0.151538258710078 0.158959364624166 0.167084417741258 0.176504744725887 0.187180988812364 0.195593706411461 0.205713947121093 0.217607598643855 0.226920994260178 0.238407458383863 0.249864780688513 0.263419267731534 0.281924843647976 0.299548238892107 0.315516041351517 0.330185724681172 0.338112402720844 0.34883703322846 0.364735237831848 0.387002010979568 0.397439783243706 0.405363428122536 0.423260562668627 0.441978726159601 0.450957432465311 0.447768753031002 0.445837563745665 0.44277650619195 0.4472327180216 0.4416416222596 0.449555498517816 0.481683447334309 0.495631447402461 0.506381903049895 0.536117728570958 0.581885773436314 0.596298299652669 -9999 -9999 -9999 -9999 -9999 -9999 -9999 -9999 -9999 -9999 -9999
0.116915851434634 0.117285450315899 0.118376471791952 0.120312796517933 0.12260878171255 0.126284152283902 0.13142762969639 0.135404108451287 0.138202153219441 0.142769799758987 0.149300151056842 0.156977190695812 0.165111913854855 0.174688286859611 0.185218190774387 0.193344204792641 0.204380188160543 0.215376993552167 0.225480853871056 0.23959216050786 0.257342256742023 0.266265804016652 0.285737000053736 0.291264621559692 0.303098826941335 0.324051906552963 0.332392056900501 0.342407537076112 0.360832478875145 0.386652541119797 0.395495189849006 0.407602048730438 0.43466297840158 0.446605924484891 0.446497295449455 0.445294632955091 0.450155750108833 0.451882576619829 0.447517821814696 0.444571502495357 0.446616941927589 0.453131606815116 0.462099409988464 0.481206933155246 0.498472210249772 0.560771334948283 0.593856678453212 -9999 -9999 -9999 -9999 -9999 -9999 -9999 -9999 -9999 -9999 -9999
0.11507846019889 0.115557382330102 0.116705294496711 0.118364888649897 0.120539148381969 0.124356035915062 0.129592067485424 0.133195718004654 0.135969996958799 0.140544746482118 0.147558184990784 0.155230033481228 0.163856394449034 0.173326240529363 0.183386327774891 0.19130428352394 0.201891474212238 0.213399124300928 0.22642106907396 0.243706335567539 0.257342749435604 0.269702786337437 0.280230656657348 0.295989062613364 0.307126459547099 0.32394504929842 0.338659078143305 0.350651536352698 0.365132354875436 0.388110686974323 0.400653580423215 0.412699949364832 0.435514090287439 0.44306548122941 0.44543467048848 0.445245044899934 0.450010302767176 0.454871396541937 0.447780552173875 0.440054061984945 0.426016285355319 0.418669881372866 0.42741290203497 0.483897677212526 0.495411084673687 0.583088087789666 0.596447171793247 -9999 -9999 -9999 -9999 -9999 -9999 -9999 -9999 -9999 -9999 -9999
0.113314079880099 0.113842588185738 0.115113782315662 0.116467713224426 0.118641943575227 0.122759611738084 0.127708763315097 0.130795556723826 0.134058023855373 0.138261547435649 0.146307428006454 0.15408659555989 0.162517872702128 0.171587614816617 0.181238617535426 0.189223096411358 0.200316773508101 0.212412872835883 0.227844053283116 0.243116681364806 0.256396145468689 0.268968398835343 0.278994212760007 0.29382526944091 0.308311019943388 0.32965364805535 0.34421180650518 0.353762744304494 0.370037942548277 0.392977228904098 0.408588497928673 0.422589821494788 0.432371196388002 0.437356948027156 0.448612627909836 0.453768008940871 0.451079968140891 0.452975030407132 0.449843719107906 0.444670481086502 0.434267734063797 0.400866487426334 0.447349708312997 0.522934659753774 0.543593543428906 0.599307587573667 -9999 -9999 -9999 -9999 -9999 -9999 -9999 -9999 -9999 -9999 -9999 -9999
0.111484576854971 0.112087512991448 0.112475789816029 0.114329782829252 0.116959534383683 0.121687272383523 0.125647555150033 0.127765771479426 0.132181049056483 0.137863778152549 0.145058844954583 0.152302869867202 0.159339470178576 0.16885838588028 0.179277182824692 0.187489818954841 0.198971652943814 0.213018591415367 0.225435232288334 0.240710895954577 0.253875348602093 0.26503030203662 0.277374200874548 0.294418785736738 0.30833184627803 0.327190157160883 0.342599726343346 0.355963708237514 0.375621344271759 0.40076616885687 0.417962053010277 0.42846329984859 0.437721783491148 0.443144601794963 0.456463400198896 0.465970432314117 0.460439971116392 0.455355320401342 0.461260937137883 0.456545611241361 0.442924444521685 0.435607961212284 0.473937937467117 0.539986157133842 0.578483996189346 -9999 -9999 -9999 -9999 -9999 -9999 -9999 -9999 -9999 -9999 -9999 -9999 -9999
0.109655654944822 0.110485516430909 0.110708048082659 0.112284074083342 0.116027383890741 0.120379631515656 0.122156997785925 0.12645672370901 0.131314828773582 0.136400224529135 0.141593595704858 0.1492568525892 0.157872415363473 0.16735179389129 0.177654305914102 0.185851449731042 0.19797312141738 0.211437907242302 0.223334485183398 0.235748316053716 0.248397977834531 0.259301619732117 0.270517201611166 0.289490306429557 0.303071327693258 0.319771625397605 0.338027893732101 0.359279055524777 0.382942379192805 0.405273118496758 0.41897099080246 0.424444684309765 0.447053891004905 0.462717503887585 0.475370402297229 0.47726284782051 0.477604623669766 0.474408255950007 0.462453138124233 0.45228401906301 0.438320227563634 0.497161029932487 0.539666794633367 0.569507125792985 0.59315199990572 -9999 -9999 -9999 -9999 -9999 -9999 -9999 -9999 -9999 -9999 -9999 -9999 -9999
0.108465106436075 0.10907495574227 0.109327140897082 0.111229944612975 0.114731387702762 0.119379930220049 0.12025989939033 0.125631531782854 0.130842310300128 0.134551994852883 0.13891431837465 0.147426328826082 0.156987887237817 0.166123551043711 0.17657298818062 0.184695605232321 0.196229408987613 0.208948071260221 0.220711233278967 0.232288892866495 0.244781528500087 0.25188156427742 0.26129547278879 0.281552536400358 0.296097138857522 0.314277788657529 0.333089485206535 0.361220177459592 0.391201484672726 0.400580069423441 0.399559417706491 0.420663885981588 0.433901412009548 0.455810603271065 0.482650989228831 0.501665915107531 0.483484604698478 0.471078739894007 0.467192735384383 0.470114333622488 0.465968155073609 0.551499259255003 0.580335393422937 0.586744351451311 0.595683695820529 -9999 -9999 -9999 -9999 -9999 -9999 -9999 -9999 -9999 -9999 -9999 -9999 -9999
0.107135452109351 0.107579992685113 0.107926269691757 0.110334363763051 0.113928687497086 0.118149666985372 0.11975453197591 0.124723525524762 0.128555010933709 0.131694614696948 0.136896682531736 0.145594446147491 0.155614651341303 0.16486278562614 0.175357262298759 0.184025551968605 0.195119189659902 0.207302467087227 0.218644192743561 0.231028260852129 0.242483314872746 0.2451235748254 0.257015079326243 0.279121286127106 0.294640568458558 0.313697030512124 0.325675637843571 0.359917143511197 0.394057420907347 0.402330866663343 0.403129266173525 0.441863362457748 0.458228496573597 0.477256795919627 0.488883824888444 0.487093844805424 0.480462951915961 0.469512185557814 0.465325021650717 0.474645648683001 0.496072220678158 0.578652334228093 0.585680096321906 -9999 -9999 -9999 -9999 -9999 -9999 -9999 -9999 -9999 -9999 -9999 -9999 -9999 -9999 -9999
0.105658348008567 0.106012704628648 0.106608041042651 0.109532215710546 0.113490285687095 0.11666820998906 0.119450012716737 0.123439057841766 0.125530261506254 0.128880477960351 0.135636889499722 0.144301813369338 0.153947228010422 0.163668455493077 0.174345575770393 0.182839340128649 0.194533997035086 0.205935404209587 0.21781588067849 0.229591150090623 0.239703861139719 0.245088699668632 0.263089081249144 0.285848660371213 0.301418573906559 0.317997047386766 0.326926999443516 0.360320380682758 0.403974144980206 0.400098509444249 0.423875703298844 0.450401268218166 0.492277125707809 0.502985485967638 0.510241490444953 0.509221176822704 0.496484432011815 0.488170800789183 0.470155031960328 0.471694762189458 0.518687320186676 0.582558320684494 -9999 -9999 -9999 -9999 -9999 -9999 -9999 -9999 -9999 -9999 -9999 -9999 -9999 -9999 -9999 -9999
0.104289576245705 0.104513578828904 0.105583395829521 0.109063136970893 0.112847161014352 0.115250181707937 0.118463994965704 0.121804926922283 0.123732684336982 0.127491426255579 0.135102242037748 0.144424040914438 0.152814718602099 0.162530267545926 0.173767046401623 0.179184129313138 0.19118375578107 0.201363589072904 0.215843770755764 0.229116195766845 0.245976886242962 0.260303438036754 0.280888127574308 0.30113171977567 0.321629291079877 0.342061019633489 0.337388008566015 0.375161884205708 0.41707766321934 0.413304592399239 0.441102086325074 0.472946224785218 0.508349030241555 0.52107216996869 0.533551308993294 0.541389823884596 0.532374585931355 0.532477014124319 0.501915251998698 0.498135499881289 0.547001494269723 0.584024883980405 -9999 -9999 -9999 -9999 -9999 -9999 -9999 -9999 -9999 -9999 -9999 -9999 -9999 -9999 -9999 -9999
0.102960879681527 0.103169322943576 0.104703384382058 0.108780256499056 0.111797607206201 0.114096345840623 0.117042720118505 0.120038683018085 0.122942962139093 0.127213182532672 0.134138576343174 0.143329802969896 0.15262610568785 0.160366188678935 0.168735175641171 0.172159169065699 0.185336529723384 0.194421510801343 0.212283074317317 0.227627408494241 0.24445177770331 0.263866892670745 0.28060056681634 0.301555502158495 0.325071342138563 0.35039063645673 0.361694174488974 0.391080158299702 0.420720822349705 0.434746445250007 0.459881964569707 0.489137835251147 0.512012990752857 0.528649980796663 0.54532510046772 0.557837092360803 0.568196270805737 0.575588490334655 0.561823451507814 0.573681514197633 0.585654098275594 -9999 -9999 -9999 -9999 -9999 -9999 -9999 -9999 -9999 -9999 -9999 -9999 -9999 -9999 -9999 -9999 -9999
0.101984046448064 0.102270476567774 0.103101200312955 0.107939125333748 0.110657931343227 0.112732330823763 0.11602615248381 0.118665995789477 0.12262342225356 0.126451020963415 0.133460223436652 0.142482359755149 0.150863325722732 0.1583902786749 0.168281676576945 0.173100905444768 0.18126533084323 0.193346888381092 0.207952172216681 0.227632371493039 0.242497566500529 0.260951952883722 0.279892251329006 0.3007463806101 0.325531311973494 0.35162140071432 0.370814568306417 0.394311427393678 0.42108628138084 0.446942490316452 0.470711186193536 0.493970073277166 0.510421566363076 0.52670750134983 0.545761301162869 0.560944617616592 0.566632307424124 0.574971542094478 0.570545523093017 0.584697502460825 0.586779139980171 -9999 -9999 -9999 -9999 -9999 -9999 -9999 -9999 -9999 -9999 -9999 -9999 -9999 -9999 -9999 -9999 -9999
0.100748513343395 0.101329097341724 0.104564931696935 0.107549016431907 0.110011812529295 0.112099906444971 0.113497644672999 0.117423335765555 0.121494565744034 0.125645501662504 0.132893582244459 0.142704763094725 0.148225304974314 0.157280316226535 0.167495573720508 0.167377074380899 0.179641680900704 0.186355616751368 0.200048996350826 0.221325577460598 0.238860711192855 0.257830207027543 0.277700162065921 0.298559057955351 0.323711375194216 0.348402831513257 0.364237540324889 0.388677767733541 0.41916211178793 0.442907680653269 0.466548248012309 0.489768073436939 0.502930305233829 0.518740029796672 0.542239993756878 0.560382312983357 0.566696337727243 0.579551835161908 0.582603156517329 0.586463046369636 -9999 -9999 -9999 -9999 -9999 -9999 -9999 -9999 -9999 -9999 -9999 -9999 -9999 -9999 -9999 -9999 -9999 -9999
0.100282360947037 0.101398738416206 0.104552957479683 0.106898051748555 0.109193935125447 0.109989636373304 0.112472458514059 0.116057790603044 0.12002799029757 0.125032619586536 0.132731096468336 0.141139847988242 0.145753265603425 0.153986976177692 0.162907445807363 0.164125343243383 0.176624338485758 0.186021176016134 0.195631524437164 0.214393191693994 0.237041554078676 0.256184521324706 0.275573028987326 0.294717370053035 0.315085430003993 0.337319787269898 0.353589846162101 0.380001430308969 0.413057008960189 0.429648430397552 0.450742355049363 0.473597493388966 0.483134359985656 0.505117260328912 0.540804180595512 0.561104938746295 0.571382656568987 0.580237433439432 0.584404618321866 -9999 -9999 -9999 -9999 -9999 -9999 -9999 -9999 -9999 -9999 -9999 -9999 -9999 -9999 -9999 -9999 -9999 -9999 -9999
0.0997051125234928 0.101643058723567 0.104190407027533 0.105758776656306 0.108482756755854 0.108000980111144 0.111460499263456 0.115235794531672 0.119123511505986 0.124703434461208 0.133033977399419 0.139722043031798 0.144821365924911 0.151138447395346 0.157924923051572 0.162489254708963 0.172102401729344 0.185377725438874 0.191882799219118 0.210083991231898 0.236616627137297 0.254173129220475 0.273658228218575 0.289296929733885 0.300593550615556 0.318362279451927 0.344539291112757 0.368056422234072 0.403358999352246 0.417554319503227 0.437756404681389 0.460330842827975 0.475350266484186 0.508897564921252 0.542115357034796 0.558643602674337 0.572826983250452 0.580050342415996 0.583003882665656 -9999 -9999 -9999 -9999 -9999 -9999 -9999 -9999 -9999 -9999 -9999 -9999 -9999 -9999 -9999 -9999 -9999 -9999 -9999
0.0996298778812543 0.10202319117878 0.10378390094127 0.104318768532998 0.106762325222203 0.106596415331782 0.110169640064904 0.114653417305224 0.118895894036931 0.124380706363691 0.132922161513864 0.13908975776255 0.145022073008967 0.151209817329446 0.157206783621097 0.161896448480421 0.167976905441031 0.178457397624344 0.188102048741522 0.209417333632141 0.235010283153022 0.249763277055594 0.269493433760071 0.28344133270757 0.296668995132464 0.312165434279654 0.344069115360495 0.371307501012906 0.39888483378284 0.420164576502737 0.448691842595181 0.476597274278973 0.489576702450159 0.518556959685555 0.543258132092788 -9999 0.577155001780839 0.578307911758748 0.582308090151672 -9999 -9999 -9999 -9999 -9999 -9999 -9999 -9999 -9999 -9999 -9999 -9999 -9999 -9999 -9999 -9999 -9999 -9999 -9999
0.100303092114438 0.102435210648116 0.103294250364431 0.102012748745509 0.103604202122694 0.105370404503449 0.109431429476415 0.113994124648649 0.118663878142366 0.124018130232115 0.132575839885447 0.13896539379915 0.144607081259827 0.152256408459131 0.160341352887663 0.163540040959654 0.166825301925773 0.174911338661502 0.195035331057579 0.215481539791409 0.233912222975982 0.249263733442182 0.268640177259288 0.286091983798208 0.293876373079917 0.313006085183465 0.332065179328039 0.363854875971181 0.38951712894 0.416625042337681 0.444656227383801 0.475982815666252 0.496166715426597 0.522728342500394 0.543170349960241 0.556623552584696 0.565833928255424 0.573206184445691 -9999 -9999 -9999 -9999 -9999 -9999 -9999 -9999 -9999 -9999 -9999 -9999 -9999 -9999 -9999 -9999 -9999 -9999 -9999 -9999
0.100524791431809 0.102077878148331 0.102726277512193 0.0981636228561902 0.100563614966198 0.104159607475682 0.110051841335717 0.113582063029563 0.117790130635953 0.124179490771455 0.134129444944649 0.139781083321988 0.142277179921428 0.146493911055033 0.15659260186006 0.161625839884698 0.16418976131301 0.174788818602598 0.201097563064814 0.217792840325403 0.232980097431227 0.24504109323786 0.26362904859887 0.287461809783524 0.306545676494799 0.324150282369529 0.338303006988191 0.358563794294033 0.382963946656339 0.411575727262995 0.439220440817445 0.476031731993715 0.499111143289658 0.52369618506066 0.543002884787534 0.55657244082986 0.565818578807 0.570736875166553 -9999 -9999 -9999 -9999 -9999 -9999 -9999 -9999 -9999 -9999 -9999 -9999 -9999 -9999 -9999 -9999 -9999 -9999 -9999 -9999
0.0999771046787957 0.100121650429017 0.100924549016132 0.0967527460249954 0.10013165121259 0.104878527471402 0.110501637956916 0.113498278842358 0.118219386075612 0.1250372606578 0.132070199263928 0.138019277624637 0.14269321953543 0.146401633684257 0.151928500018609 0.158685108035493 0.162992620665497 0.180737392122085 0.202625951820166 0.217982749769736 0.230877184909792 0.243481721119092 0.262382875610602 0.288108316963756 0.309037169710867 0.329256790714628 0.341135445078743 0.355615985468501 0.385047551579949 0.413564590392461 0.442524510889657 0.481080119654589 0.501054959721487 -9999 0.535696924494184 0.550596472066527 -9999 -9999 -9999 -9999 -9999 -9999 -9999 -9999 -9999 -9999 -9999 -9999 -9999 -9999 -9999 -9999 -9999 -9999 -9999 -9999 -9999 -9999
