layers/veg_tps/veg2800.asc
NCOLS 255 
NROWS 330 
XLLCORNER -2985163.8955 
YLLCORNER -3022031.214 
CELLSIZE 25000 
NODATA_value -9999 
[rows 130 to 155 of 330, columns 174 to 231 of 255]
0.49976945508606 0.485382266321986 0.491160163064251 0.478525804260237 0.482994421753959 0.491296245009949 0.506884432317781 0.516633281862348 0.524601635979334 0.537601046524797 0.550424242429345 0.564624391451183 0.575251167452001 0.58210668495107 0.588495491022599 0.593210020143401 0.59878640029836 0.596924599913031 0.587000973383899 0.614281570983223 0.627797497348093 0.647134292653063 0.646374688111044 0.654501937892272 0.680180342146303 0.684481428952459 0.6842738076852 0.694323241000885 0.657144314669166 0.69133416045104 0.708491868446277 0.719957194008468 0.73768164071876 -9999 -9999 -9999 -9999 -9999 -9999 -9999 -9999 -9999 -9999 -9999 -9999 -9999 -9999 -9999 -9999 -9999 -9999 -9999 -9999 -9999 -9999 -9999 -9999 -9999
0.475769107130986 0.467410036964456 0.480736553387308 0.478346471528866 0.487480487070195 0.493472101305537 0.507378425219123 0.507826359589327 0.522955189716035 0.532266650498685 0.546792799436756 0.566709903663454 0.577616303691088 0.584465017395307 0.590636572090292 0.591105877805275 0.595644287853546 0.594353627495855 0.595024575583572 0.622333960626763 0.630919203632148 0.638478028547585 0.643727219369697 0.661055912901808 0.669573909116036 0.670043234073622 0.643726591371346 0.67063563108171 0.697066847598029 0.714422419907989 0.719769100625997 0.725260108270891 0.742073832276678 -9999 -9999 -9999 -9999 -9999 -9999 -9999 -9999 -9999 -9999 -9999 -9999 -9999 -9999 -9999 -9999 -9999 -9999 -9999 -9999 -9999 -9999 -9999 -9999 -9999
0.458883651732109 0.456985285609098 0.471209845884611 0.48488984473575 0.49247581877805 0.501116785443184 0.500039844024102 0.510401958213897 0.515643340664508 0.525169286499678 0.539825101055471 0.568983704895437 0.581823286632806 0.589671222079039 0.596445585356969 0.58996183998712 0.593457282004618 0.591471983977531 0.594860051290639 0.614397506884595 0.624557600170763 0.628685572053026 0.637527441821376 0.654192816442876 0.650007625559513 0.660503045675311 0.657914330613133 0.673625230583823 0.707037489228859 0.718210383881575 0.729011903885463 0.730360330432259 0.744649156582775 0.747526447925631 -9999 -9999 -9999 -9999 -9999 -9999 -9999 -9999 -9999 -9999 -9999 -9999 -9999 -9999 -9999 -9999 -9999 -9999 -9999 -9999 -9999 -9999 -9999 -9999
0.455842682298356 0.459144286635691 0.467966055413813 0.486432099996205 0.48935792810813 0.495056970916773 0.514040473365365 0.518764961014199 0.519149540108639 0.52608088926618 0.544186542478588 0.573286460743815 0.585327966460847 0.591113844493965 0.598858178790453 0.579606572907059 0.591655404390299 0.590917635623089 0.597253106916062 0.614088763079879 0.623905626441816 0.631244834252993 0.645060623780629 0.6542013706492 0.640406316788914 0.631399424683121 0.646926277760547 0.680101232291447 0.709866734933647 0.718099193385981 0.732010047126771 0.741568128967533 0.747078635642832 -9999 -9999 -9999 -9999 -9999 -9999 -9999 -9999 -9999 -9999 -9999 -9999 -9999 -9999 -9999 -9999 -9999 -9999 -9999 -9999 -9999 -9999 -9999 -9999 -9999
0.460448269549017 0.472596969474783 0.476509917626531 0.484643463672566 0.491990700072329 0.498310541243062 0.521167054426744 0.5243253315261 0.529101989844484 0.534273223035848 0.560607789201571 0.576309368909744 0.585625900256366 0.595439437879302 0.603711655092486 0.579786476497501 0.578474842585449 0.582660398026235 0.587096028557279 0.607435018810387 0.622689719961742 0.636452236324137 0.651889070211574 0.648466092943743 0.635260117404302 0.646966940876034 0.662030560089544 0.675866220352963 0.708123434545201 0.718322336891162 0.732988129967495 0.747971173310655 -9999 -9999 -9999 -9999 -9999 -9999 -9999 -9999 -9999 -9999 -9999 -9999 -9999 -9999 -9999 -9999 -9999 -9999 -9999 -9999 -9999 -9999 -9999 -9999 -9999 -9999
0.491855126742424 0.501257358086986 0.503035098447206 0.500225566241677 0.502359510275922 0.510760141180764 0.527234807289874 0.535069504164208 0.541702356209855 0.547445099404736 0.564142231673282 0.574760466702361 0.584433050444668 0.597714775869565 0.606035625988147 0.590257448874176 0.570331663850283 0.584646326344857 0.584391228135906 0.602074409520765 0.615046942975519 0.621929558869692 0.629073883992768 0.635533200521017 0.653088816876324 0.677804634660572 0.688571540286566 0.693790136006343 0.711979625497147 0.715924927553519 0.728274594964087 0.746522904520505 0.753853872142377 -9999 -9999 -9999 -9999 -9999 -9999 -9999 -9999 -9999 -9999 -9999 -9999 -9999 -9999 -9999 -9999 -9999 -9999 -9999 -9999 -9999 -9999 -9999 -9999 -9999
0.463529921214707 0.48239555613141 0.500777808451584 0.508208212925321 0.510938330747316 0.521125417361156 0.534819268066382 0.545326481292017 0.552313317392253 0.554795181290276 0.543687985779607 0.569500629966709 0.587709406743745 0.597449154164843 0.604583037535196 0.59243994695852 0.565285747426125 0.592828440386423 0.601233705273213 0.615269939155398 0.620110346563923 0.628828857501893 0.636898017651675 0.648327266795681 0.665456623651842 0.693826015675619 0.711639976630278 0.720597052078991 0.728630507147407 0.707974656324574 0.711562469304687 0.74890790591536 0.753804702418215 -9999 -9999 -9999 -9999 -9999 -9999 -9999 -9999 -9999 -9999 -9999 -9999 -9999 -9999 -9999 -9999 -9999 -9999 -9999 -9999 -9999 -9999 -9999 -9999 -9999
0.467810958228398 0.477039804395452 0.502884952673521 0.516416262475534 0.518850068832113 0.528226575449068 0.539568026466072 0.542603510447123 0.545203834141111 0.545249506895117 0.54134832917438 0.568604190618887 0.589912755863348 0.596694527897341 0.598885274499548 0.589494557962927 0.576063352047475 0.597449607987069 0.613460249478371 0.627643912408009 0.630698791105169 0.639488644681796 0.638443315324443 0.64441140528353 0.660424191388495 0.698979688718953 0.715516849021684 0.724350727690833 0.732658280765526 0.727083658878487 0.735899187574351 0.754137268128985 0.757717545436103 -9999 -9999 -9999 -9999 -9999 -9999 -9999 -9999 -9999 -9999 -9999 -9999 -9999 -9999 -9999 -9999 -9999 -9999 -9999 -9999 -9999 -9999 -9999 -9999 -9999
0.477468182236962 0.476077877816362 0.497882651461911 0.517681391202168 0.524299543183522 0.533868422525823 0.54060575732342 0.535014311007494 0.528274439419505 0.530705925401249 0.544280703269725 0.567686430007278 0.586524824753551 0.593247896738541 0.591875455523709 0.591548483678328 0.596186306800779 0.608993795147844 0.633498506284654 0.619711824236933 0.62926833846336 0.643334818132609 0.648103296626141 0.650048705329086 0.663509821663934 0.703313429892175 0.719347896478568 0.724837949991188 0.740116430455671 0.740758134387899 0.747761761108257 0.760117696358495 0.763824684253578 -9999 -9999 -9999 -9999 -9999 -9999 -9999 -9999 -9999 -9999 -9999 -9999 -9999 -9999 -9999 -9999 -9999 -9999 -9999 -9999 -9999 -9999 -9999 -9999 -9999
0.490792927987772 0.484011900417305 0.490161220583506 0.509271384843482 0.523029433866463 0.534909607742816 0.540487314134607 0.536515321533238 0.531081906294144 0.531906023174073 0.544319610898137 0.567131985880243 0.581511479105087 0.584356361352138 0.586388285636687 0.595273411605033 0.611847371767478 0.624983179847116 0.625537463439771 0.629183229002914 0.633654849406446 0.648168031460369 0.654002177753642 0.665952563168059 0.689316569962865 0.709606168473407 0.733193854156285 0.731991069584381 0.743463880525568 0.742609245359109 0.75316303342457 0.764406146318609 0.766581116618158 -9999 -9999 -9999 -9999 -9999 -9999 -9999 -9999 -9999 -9999 -9999 -9999 -9999 -9999 -9999 -9999 -9999 -9999 -9999 -9999 -9999 -9999 -9999 -9999 -9999
0.502402923590041 0.503320104004432 0.495089256394383 0.507878990580886 0.519269739809205 0.536241455239134 0.536257994606604 0.533460166782189 0.531894553874871 0.532730098185942 0.539855560010539 0.565767403791529 0.570644613892707 0.572513357527526 0.585342178517474 0.603763460268311 0.621002981740263 0.635538610490516 0.646367554562264 0.651823413259072 0.65677356236012 0.657139740678273 0.656252550620444 0.670619876051266 0.71553634794599 0.730437277982928 0.737380196683828 0.737457927094207 0.736456542207026 0.744804821303109 0.757586428053448 0.766171160369046 0.766737603244743 -9999 -9999 -9999 -9999 -9999 -9999 -9999 -9999 -9999 -9999 -9999 -9999 -9999 -9999 -9999 -9999 -9999 -9999 -9999 -9999 -9999 -9999 -9999 -9999 -9999
0.507728122900168 0.507811517720603 0.496464893390958 0.507486295305891 0.521094738288523 0.530064733168283 0.539724867969136 0.536179236272064 0.533584922780626 0.528645881318161 0.532502076152666 0.561814820666285 0.551781966541726 0.566113934534537 0.591342594095783 0.613828780684304 0.632121138798527 0.656708178182824 0.669868009224022 0.67180097339771 0.672223170860111 0.667166834006234 0.670203507048854 0.672150931353307 0.693345025419128 0.706022756587318 0.720833112499054 0.736975036706852 0.738961021488602 0.750834004159644 0.75997721387926 0.767195664481766 -9999 -9999 -9999 -9999 -9999 -9999 -9999 -9999 -9999 -9999 -9999 -9999 -9999 -9999 -9999 -9999 -9999 -9999 -9999 -9999 -9999 -9999 -9999 -9999 -9999 -9999
0.507717197440178 0.51431876544344 0.510070102171508 0.516819126433565 0.523296656938628 0.519675908111359 0.536805812540038 0.53953351701128 0.538002284781693 0.529704973473453 0.534225285868536 0.558643774253533 0.536848764557182 0.563526937786635 0.575284808198613 0.620913081344216 0.64746344045886 0.673429474187149 0.685301657395236 0.672201702337549 0.666225295195295 0.665660533881585 0.691962959236626 0.700248725301395 0.692226932140252 0.698699118641538 0.715599858869593 0.737616343028123 0.746358986831198 0.755476879534153 0.762017015957446 0.767328073728151 -9999 -9999 -9999 -9999 -9999 -9999 -9999 -9999 -9999 -9999 -9999 -9999 -9999 -9999 -9999 -9999 -9999 -9999 -9999 -9999 -9999 -9999 -9999 -9999 -9999 -9999
0.508189437385512 0.512580069163157 0.509154335511775 0.50973146463192 0.52047492583398 0.513127021627407 0.538145623362016 0.540316938711234 0.541402431386076 0.547541819536923 0.558886322090907 0.555722590175708 0.571396779481583 0.581830641814772 0.596549156394022 0.619972575512334 0.646819094007746 0.669705440026811 0.678945249158689 0.653412313368476 0.6650399130618 0.665655175048753 0.675436603571552 0.681850098282012 0.683680182079951 0.701499268427433 0.725798621449918 0.74292659848126 0.750548209333607 0.759419361868775 0.764901620802525 -9999 -9999 -9999 -9999 -9999 -9999 -9999 -9999 -9999 -9999 -9999 -9999 -9999 -9999 -9999 -9999 -9999 -9999 -9999 -9999 -9999 -9999 -9999 -9999 -9999 -9999 -9999
0.508126722315439 0.509338223591046 0.504205472835 0.506195290210526 0.509995634821995 0.51636705319987 0.541046631143764 0.53726959710296 0.535819673161364 0.542551275349685 0.558392702210479 0.559483240906682 0.558477076737619 0.588232717041077 0.608153012916169 0.616254593647274 0.6396926890658 0.645401863191554 0.641607994630483 0.642407630567322 0.656027572054303 0.672115081151115 0.701105639466221 0.702125865936483 0.701918848849945 0.714009066904303 0.738061812262603 0.752544396701282 0.7563564524213 0.764123875125502 0.768093657938597 -9999 -9999 -9999 -9999 -9999 -9999 -9999 -9999 -9999 -9999 -9999 -9999 -9999 -9999 -9999 -9999 -9999 -9999 -9999 -9999 -9999 -9999 -9999 -9999 -9999 -9999 -9999
0.499680536622443 0.49790657094471 0.497337667630853 0.501918932755477 0.505203647718977 0.523204569628084 0.53091888826602 0.539101571094683 0.522999872552867 0.528939084594062 0.560524964254191 0.547190147960282 0.565581612991455 0.584301579130903 0.605439343943098 0.61537496925525 0.633060451200208 0.618139017361542 0.634530117366039 0.657402432390228 0.668242749427855 0.692150269535492 0.708634501223651 0.719434747410996 0.726283915352278 0.725403125407612 0.739747452573882 0.752812790678422 0.760715067242277 0.765615817174218 0.768255869399771 -9999 -9999 -9999 -9999 -9999 -9999 -9999 -9999 -9999 -9999 -9999 -9999 -9999 -9999 -9999 -9999 -9999 -9999 -9999 -9999 -9999 -9999 -9999 -9999 -9999 -9999 -9999
0.489856767323175 0.491503841009553 0.491465244917524 0.499542476418342 0.514311153060742 0.527141072627357 0.510659817955814 0.512481498407876 0.507202452620736 0.534369650853114 0.54419004781077 0.542324565156944 0.572796092041966 0.585385953265056 0.599164395247247 0.601365679595937 0.619268803224509 0.629748953621077 0.642141357882107 0.674286217025994 0.686810273178525 0.704289446453598 0.711025115378095 0.726066439574289 0.731735750553941 0.740962361684568 0.745297997803254 0.749757539753909 0.761946857993105 0.769599606150685 0.769863523047193 -9999 -9999 -9999 -9999 -9999 -9999 -9999 -9999 -9999 -9999 -9999 -9999 -9999 -9999 -9999 -9999 -9999 -9999 -9999 -9999 -9999 -9999 -9999 -9999 -9999 -9999 -9999
0.481977403242708 0.488818641035213 0.492610015381455 0.506468198430027 0.510082735394025 0.50791454533561 0.51146505469299 0.519713739790223 0.529752498361948 0.539076986979793 0.525655060831309 0.541903737964793 0.573773209919495 0.590431518165469 0.591710028118359 0.603361066723044 0.644429727094925 0.672516156227002 0.665348497112523 0.672865910487495 0.690550218789817 0.705783476537832 0.721468338961358 0.730971842263329 0.735291501595139 0.741973879269386 0.750916978201341 0.756765462686794 0.765969302621816 0.773336398728525 0.77365024054631 -9999 -9999 -9999 -9999 -9999 -9999 -9999 -9999 -9999 -9999 -9999 -9999 -9999 -9999 -9999 -9999 -9999 -9999 -9999 -9999 -9999 -9999 -9999 -9999 -9999 -9999 -9999
0.473415861243741 0.481293516811362 0.49555128238326 0.512373596668798 0.516655855836785 0.51149529112426 0.515322549829092 0.528883067407991 0.546901986079213 0.533479514244404 0.515641795526086 0.541189404813019 0.566458681857236 0.578744278365667 0.598195925609023 0.625053626267432 0.661737994502897 0.680062148756386 0.678614800498209 0.681028716105345 0.691332995676171 0.705843746072753 0.720340852005334 0.728548177491006 0.740173143684945 0.751572769813604 0.755253685188917 0.761542614998081 0.768076023499281 0.774086360322221 -9999 -9999 -9999 -9999 -9999 -9999 -9999 -9999 -9999 -9999 -9999 -9999 -9999 -9999 -9999 -9999 -9999 -9999 -9999 -9999 -9999 -9999 -9999 -9999 -9999 -9999 -9999 -9999
0.477456076497681 0.4886917818422 0.491761304974208 0.513007673564349 0.526683538577923 0.519064427330059 0.521798596130811 0.536515163081372 0.551889999612702 0.533565111219495 0.521764824834394 0.532391971488509 0.55831539916266 0.594089716637079 0.611681059584665 0.635063591229723 0.665650982785409 0.687860822145318 0.694016825701016 0.692923264053087 0.694328175273135 0.706982849496591 0.720710225286258 0.731151782424511 0.742233916214354 0.753603803627505 0.758167110233783 0.763883971383781 0.768204801740984 -9999 -9999 -9999 -9999 -9999 -9999 -9999 -9999 -9999 -9999 -9999 -9999 -9999 -9999 -9999 -9999 -9999 -9999 -9999 -9999 -9999 -9999 -9999 -9999 -9999 -9999 -9999 -9999 -9999
0.465187898168956 0.480689411999187 0.492772656337649 0.515305951774802 0.527185420850112 0.524200679465572 0.52842846184079 0.540281762690509 0.550974540319842 0.558401376736545 0.532328231852299 0.5529638090747 0.581778859350806 0.593300763738183 0.60577113229723 0.622813850306156 0.664371028500327 0.697437133153258 0.704314818482763 0.691027344860262 0.683386179764916 0.694035186781494 0.715324211026599 0.729239818929647 0.740058860759302 0.753188321069038 0.760280223611591 0.766189487590417 0.76998993541677 -9999 -9999 -9999 -9999 -9999 -9999 -9999 -9999 -9999 -9999 -9999 -9999 -9999 -9999 -9999 -9999 -9999 -9999 -9999 -9999 -9999 -9999 -9999 -9999 -9999 -9999 -9999 -9999 -9999
0.471598840338457 0.478128923938715 0.502596519635197 0.516224299359033 0.52230028308923 0.523678688242107 0.529821285255079 0.536333490250226 0.548717723723173 0.55857301725644 0.5316521449846 0.569318579245527 0.590877434968585 0.593553663689472 0.602954090529254 0.621705414638193 0.669230745263876 0.698279253598671 0.703873286432914 0.696171734149508 0.704936145529244 0.717044728895928 0.724074040449046 0.731423833441337 0.74376356332829 0.754745715120348 0.76218929404375 0.765600058336939 -9999 -9999 -9999 -9999 -9999 -9999 -9999 -9999 -9999 -9999 -9999 -9999 -9999 -9999 -9999 -9999 -9999 -9999 -9999 -9999 -9999 -9999 -9999 -9999 -9999 -9999 -9999 -9999 -9999 -9999
0.458433611506866 0.476882049457569 0.510179595830492 0.515431759926244 0.520228056065387 0.519667041236262 0.525386143781999 0.527733768602953 0.542317980697838 0.550809112905169 0.529870556911969 0.565305383798914 0.587844525880787 0.604921116894415 0.623101485916198 0.646726832923841 0.678425697195309 0.696641956031029 0.709950470841237 0.705865720240505 0.697574825756137 0.701057563554542 0.72289885666724 0.730636417153484 0.746931899276302 0.756441098394333 0.763649031027216 0.765993882182923 -9999 -9999 -9999 -9999 -9999 -9999 -9999 -9999 -9999 -9999 -9999 -9999 -9999 -9999 -9999 -9999 -9999 -9999 -9999 -9999 -9999 -9999 -9999 -9999 -9999 -9999 -9999 -9999 -9999 -9999
0.444456557399624 0.481057985160385 0.511908500633926 0.514370230730086 0.520192565542983 0.525274185891798 0.525056658323594 0.533620805536223 0.540482220341866 0.555014032745601 0.531285190678039 0.541440817811918 0.587332829129618 0.605365434577176 0.63419659508828 0.671817837624246 0.687686785676033 0.692106020056573 0.698590846965151 0.698542246973648 0.705253951629079 0.683026310740673 0.721381936726482 0.727862496024451 0.74538712139345 0.755722215471209 0.763670438869682 0.765704258680418 -9999 -9999 -9999 -9999 -9999 -9999 -9999 -9999 -9999 -9999 -9999 -9999 -9999 -9999 -9999 -9999 -9999 -9999 -9999 -9999 -9999 -9999 -9999 -9999 -9999 -9999 -9999 -9999 -9999 -9999
0.453538484613788 0.489543070518616 0.511802671007869 0.509667949160665 0.504097735949396 0.510005626443027 0.517548999245918 0.528648293921613 0.5289415854362 0.544658138615306 0.532399594927671 0.548959939849161 0.584683170504052 0.58425057612167 0.58922987463391 0.668801823891212 0.6695763779586 0.670985214189761 0.671233363898314 0.672726403813495 0.708969390274471 0.677922576126604 0.724963327165642 0.729999365007089 0.747529265163512 0.75911412620342 0.7640271217996 0.764621812188674 -9999 -9999 -9999 -9999 -9999 -9999 -9999 -9999 -9999 -9999 -9999 -9999 -9999 -9999 -9999 -9999 -9999 -9999 -9999 -9999 -9999 -9999 -9999 -9999 -9999 -9999 -9999 -9999 -9999 -9999
0.477448917673976 0.501148718113152 0.5099987295551 0.509408385238251 0.508082248496903 0.514498698575017 0.515587035520698 0.517474039746877 0.526870959292233 0.53255528180696 0.536775284887619 0.575312422795901 0.576682346520886 0.606133721913081 0.631433168864185 0.648145426104173 0.64375690136392 0.651967307079185 0.659456937219966 0.678969398272898 0.696653329177504 0.691463359716759 0.72657096384355 0.715412814498189 0.74937036239736 0.759201676417456 0.763477310579857 -9999 -9999 -9999 -9999 -9999 -9999 -9999 -9999 -9999 -9999 -9999 -9999 -9999 -9999 -9999 -9999 -9999 -9999 -9999 -9999 -9999 -9999 -9999 -9999 -9999 -9999 -9999 -9999 -9999 -9999 -9999
