layers/veg_tps/veg3900.asc
NCOLS 255 
NROWS 330 
XLLCORNER -2985163.8955 
YLLCORNER -3022031.214 
CELLSIZE 25000 
NODATA_value -9999 
[rows 78 to 103 of 330, columns 0 to 57 of 255]
-9999 -9999 -9999 -9999 -9999 -9999 -9999 -9999 -9999 -9999 -9999 -9999 -9999 -9999 -9999 -9999 -9999 -9999 -9999 -9999 -9999 -9999 -9999 -9999 -9999 0.577172785581096 0.577751896255907 0.576114387312548 0.575850532354601 0.568612865003119 0.59189243333377 0.593609796580174 0.538541806240658 0.462351427880626 0.36169512904241 0.285376394184636 0.336933713754363 0.448228027652811 0.504584987630867 0.563667922183308 0.583480121860384 0.587336270139807 0.589455114364289 0.592141724501034 0.595221875275111 0.598331250820663 0.602435728285571 0.607718819836639 0.614107832297745 0.619098560475428 0.623275677601741 0.628461715417178 0.633990932431363 0.639141279166682 0.645179960843143 0.654625688791338 0.66247375167514 0.667544887697089
-9999 -9999 -9999 -9999 -9999 -9999 -9999 -9999 -9999 -9999 -9999 -9999 -9999 -9999 -9999 -9999 -9999 -9999 -9999 -9999 -9999 -9999 -9999 -9999 -9999 0.583457484084256 0.582332393435505 0.57957848480625 0.588391153507175 0.593134804215859 0.595794575993729 0.576805211865714 0.449426048248241 0.318675250679353 0.296968502178788 0.32729175971229 0.464515635872386 0.513355096332258 0.529842129907314 0.572243919273037 0.590332718148997 0.592509665618622 0.593741451406059 0.596111701360558 0.598647550003951 0.601790355829726 0.605150524112769 0.609818894335954 0.614808313337947 0.619067719545174 0.624339493765885 0.631034553957178 0.636905325524387 0.6421780204617 0.648856999067026 0.65527343347727 0.661573570878525 0.66744447366792
-9999 -9999 -9999 -9999 -9999 -9999 -9999 -9999 -9999 -9999 -9999 -9999 -9999 -9999 -9999 -9999 -9999 -9999 -9999 -9999 -9999 -9999 -9999 -9999 -9999 -9999 0.583272645337362 0.578826541495396 0.587292629732652 0.597108043917168 0.597796695948864 0.534967801733221 0.376223813581717 0.274004116355815 0.322192862422834 0.34614074175329 0.465036253139273 0.51864438834524 0.562339759285268 0.585012571742459 0.59425119063756 0.596327676602046 0.597242159446045 0.599465472897685 0.60228621253944 0.605545257861915 0.609896765586774 0.614813416350082 0.619695861671757 0.623090876626456 0.626434980825839 0.632630973402139 0.639303534097447 0.643627511429578 0.648992677899194 0.655119903644518 0.662563618594364 0.667789694334729
-9999 -9999 -9999 -9999 -9999 -9999 -9999 -9999 -9999 -9999 -9999 -9999 -9999 -9999 -9999 -9999 -9999 -9999 -9999 -9999 -9999 -9999 -9999 -9999 -9999 -9999 -9999 -9999 0.596193892023921 0.596968371456384 0.597744113842193 0.499059882532975 0.34593709787693 0.34394113770899 0.333994061304112 0.346703087690351 0.481454891379133 0.503430889150778 0.527674684821104 0.569633224504707 0.594598457599913 0.599023996148219 0.599634088457751 0.601852574865581 0.604848924039727 0.608085429664102 0.611970748540507 0.615848766987107 0.620548680586758 0.625119438603024 0.628837587340994 0.634936797993495 0.64117555226572 0.644945099332928 0.650651954414918 0.656754913912721 0.662876219716526 0.668716458100614
-9999 -9999 -9999 -9999 -9999 -9999 -9999 -9999 -9999 -9999 -9999 -9999 -9999 -9999 -9999 -9999 -9999 -9999 -9999 -9999 -9999 -9999 -9999 -9999 -9999 -9999 -9999 -9999 -9999 0.598526216096844 0.59136593380584 0.49612437022286 0.346721366976348 0.394157180088487 0.334978659640838 0.390431848098761 0.478054504433418 0.46547764754212 0.491609605980979 0.565787696619938 0.593238382492944 0.600874610273007 0.601805811267456 0.60425281155087 0.607221459959882 0.610688869862201 0.614210459105084 0.617986996685984 0.622308356304786 0.626309850092861 0.629814768342679 0.635556160242769 0.641066229385984 0.646424083096518 0.652596952138537 0.657527404043432 0.6636384673347 0.669737787700044
-9999 -9999 -9999 -9999 -9999 -9999 -9999 -9999 -9999 -9999 -9999 -9999 -9999 -9999 -9999 -9999 -9999 -9999 -9999 -9999 -9999 -9999 -9999 -9999 -9999 -9999 -9999 -9999 0.600098816469437 0.60061147749302 0.595118204322239 0.569369528113358 0.496715004293854 0.365003313436239 0.36147587319281 0.42874998573321 0.475027364445368 0.492029142667799 0.52860018191738 0.564516352449152 0.58194112619652 0.602664475276649 0.604626792237121 0.606937317720311 0.609703349111247 0.612872913312808 0.61610426921238 0.619635917609826 0.623649018178958 0.627823529865714 0.630957021913195 0.63601413776747 0.64130993040879 0.646975531593711 0.652664348409069 0.657523079883877 0.662902498918705 0.668201040551189
-9999 -9999 -9999 -9999 -9999 -9999 -9999 -9999 -9999 -9999 -9999 -9999 -9999 -9999 -9999 -9999 -9999 -9999 -9999 -9999 -9999 -9999 -9999 -9999 -9999 -9999 -9999 0.591035395011757 0.592952852805276 0.588551975948097 0.562362857020683 0.504631024273469 0.386508147210372 0.364931183937193 0.376208599024037 0.438003474636516 0.460766561565417 0.475361718023369 0.52729837977601 0.551815307623106 0.598473161665807 0.60286522293608 0.606592295041503 0.609079490885859 0.611892352413829 0.614912468196836 0.617903660136705 0.621074669651058 0.624792852063144 0.628987119554838 0.631823921821199 0.636893916757069 0.642410016767111 0.64754439286858 0.652909035643575 0.658116898186771 0.662886201000827 0.667087457889435
-9999 -9999 -9999 -9999 -9999 -9999 -9999 -9999 -9999 -9999 -9999 -9999 -9999 -9999 -9999 -9999 -9999 -9999 -9999 -9999 -9999 -9999 -9999 -9999 -9999 -9999 0.58498734249145 0.585689066655798 0.580969822600605 0.566291646297604 0.548444276087038 0.525962795537865 0.433094131341434 0.398923775530706 0.417817254262909 0.45560209851432 0.470534742334661 0.477752465929859 0.522917717905702 0.563763168847302 0.600006941048927 0.602651310943328 0.607626451009834 0.611207599896083 0.614049001367638 0.616950535074475 0.619601514929248 0.622362763949742 0.62568720234668 0.630328000048956 0.632494188501527 0.637257579256517 0.64288268646082 0.647989400462142 0.652797682872936 0.657922656892949 0.663195334827623 0.667652640305316
-9999 -9999 -9999 -9999 -9999 -9999 -9999 -9999 -9999 -9999 -9999 -9999 -9999 -9999 -9999 -9999 -9999 -9999 -9999 -9999 -9999 -9999 -9999 -9999 -9999 -9999 0.577370126662809 0.569783162527693 0.567163126482511 0.55834242322825 0.520546928354795 0.501734392416173 0.472371497752888 0.40854971620369 0.381572682055977 0.436978281320601 0.504337334621304 0.536982540162368 0.547207356214739 0.585580567851971 0.599783718126654 0.607195457478147 0.610720706671579 0.612634730547289 0.615261170838415 0.617826681612097 0.620419191858108 0.623315743249602 0.626470635133398 0.630681113201256 0.633201004459619 0.637193554736786 0.641713568231558 0.646320746855133 0.651277382509282 0.656418953027046 0.661664332542097 0.666817291151049
-9999 -9999 -9999 -9999 -9999 -9999 -9999 -9999 -9999 -9999 -9999 -9999 -9999 -9999 -9999 -9999 -9999 -9999 -9999 -9999 -9999 -9999 -9999 -9999 -9999 0.57552510573564 0.57286842611958 0.553658155050261 0.566081250048481 0.574722552183955 0.529115336134638 0.502612575224953 0.458482831785376 0.400742550949553 0.398514750123949 0.457329827770425 0.507557938013848 0.561749230734569 0.566465509699933 0.593609242032239 0.586961140017929 0.598545873422882 0.610715578980885 0.613369730973373 0.615546437225348 0.617183948962539 0.62046000942939 0.623802093997652 0.626934349473971 0.630300347152479 0.632853437242855 0.636324907969442 0.640486630069712 0.64489942680493 0.649484736841146 0.654087113773548 0.65993493008112 0.664875968890149
-9999 -9999 -9999 -9999 -9999 -9999 -9999 -9999 -9999 -9999 -9999 -9999 -9999 -9999 -9999 -9999 -9999 -9999 -9999 -9999 -9999 -9999 -9999 -9999 -9999 0.580387427557795 0.573045233770995 0.556901294789965 0.585082649048677 0.584203603234692 0.544662421018388 0.507452600705681 0.451720394699439 0.415666337291757 0.451301175212335 0.479657834306105 0.478931299603147 0.520545399407276 0.557489011433046 0.59055591881073 0.57582053228327 0.586147723612148 0.609914991837023 0.612956066487797 0.615661268646863 0.617919993486705 0.620514851626854 0.623600339722403 0.626588597258202 0.629598975810374 0.632057392021958 0.63536166561974 0.6393615800294 0.64325092107192 0.647900577343067 0.653150597652028 0.658492989579044 0.663058414932535
-9999 -9999 -9999 -9999 -9999 -9999 -9999 -9999 -9999 -9999 -9999 -9999 -9999 -9999 -9999 -9999 -9999 -9999 -9999 -9999 -9999 -9999 -9999 -9999 -9999 0.586170825060061 0.566091531215751 0.580156737976112 0.591646107755043 0.588203856283572 0.528455339861361 0.470061926527971 0.43899187293857 0.44374734075428 0.501209463304731 0.488548822051101 0.465536622057426 0.52551045098213 0.56938727581927 0.590609087660415 0.573876057032395 0.560240937805758 0.575209125007478 0.610932676799116 0.613735161923079 0.613750911774554 0.617039914019912 0.621197869120876 0.625226330145439 0.62799391771876 0.629892112647023 0.633087796729148 0.637514210386728 0.641384714478256 0.645949680834962 0.651257672754687 0.656188744589416 0.66103238862504
-9999 -9999 -9999 -9999 -9999 -9999 -9999 -9999 -9999 -9999 -9999 -9999 -9999 -9999 -9999 -9999 -9999 -9999 -9999 -9999 -9999 -9999 -9999 -9999 -9999 0.596526260132225 0.585294834110087 0.593077498341824 0.597405420635066 0.598466144700075 0.530288345359044 0.457103395917366 0.438957621893258 0.404808115480604 0.480069362739236 0.473819553816369 0.469399438343481 0.513569901019956 0.559089487663026 0.569499672075756 0.553377083002845 0.533431428988248 0.536777204096553 0.579105166420424 0.595380313571946 0.609110643638567 0.612338921582299 0.616660479731311 0.622349238241566 0.624746312872661 0.62521794549444 0.628317251161143 0.634869698285359 0.639215381471614 0.643845511429197 0.648618538692778 0.652869660837983 0.657590434138527
-9999 -9999 -9999 -9999 -9999 -9999 -9999 -9999 -9999 -9999 -9999 -9999 -9999 -9999 -9999 -9999 -9999 -9999 -9999 -9999 -9999 -9999 -9999 -9999 -9999 0.598465438651426 0.594576080857586 0.595782811584636 0.595200462070925 0.594730673828138 0.577631469788825 0.543108210608487 0.506136744644512 0.357577093063018 0.441187033520942 0.473585797805029 0.502462967165829 0.540114147559473 0.531763033874022 0.494373082171807 0.493214110501801 0.506181298796038 0.521257778632486 0.539383573914991 0.547291271983024 0.555904320800944 0.596001405864642 0.615767982632111 0.61931341459506 0.620974342678039 0.62042693413422 0.623291452535064 0.631806427826075 0.636669772163195 0.640882425322954 0.645508053787984 0.650050898700156 0.654573407412841
-9999 -9999 -9999 -9999 -9999 -9999 -9999 -9999 -9999 -9999 -9999 -9999 -9999 -9999 -9999 -9999 -9999 -9999 -9999 -9999 -9999 -9999 -9999 -9999 -9999 0.595938302827474 0.593842883131945 0.596566754470823 0.59782353601856 0.592925928513183 0.586249726357993 0.579604579224255 0.56743539083432 0.402128918560773 0.431939511066866 0.435939362390822 0.487112136396574 0.542390194224218 0.49424204274919 0.413705019260074 0.460083842108582 0.468866962758797 0.502919399968073 0.531227800823752 0.530675337524251 0.51566853063634 0.568829574356693 0.612593387605609 0.617658583870423 0.618837513757345 0.619463713460352 0.622024518566772 0.628844999517215 0.633780347739626 0.637714645683984 0.642006021963784 0.646505390683112 0.650200119722989
-9999 -9999 -9999 -9999 -9999 -9999 -9999 -9999 -9999 -9999 -9999 -9999 -9999 -9999 -9999 -9999 -9999 -9999 -9999 -9999 -9999 -9999 -9999 -9999 -9999 0.599307875999595 0.594298858843409 0.596482714692693 0.601822367596635 0.598136031870571 0.594285578130607 0.593444593611677 0.573702904432813 0.468982391157833 0.436052325268712 0.417490292951578 0.475126013434641 0.512992158603299 0.462367574480872 0.448042152126264 0.434474627758778 0.381846768462082 0.437617514429404 0.507145454149737 0.527408514681517 0.522220087401248 0.557137849764782 0.598755811121344 0.615191997775597 0.617564417442007 0.618934407974518 0.618287312244916 0.626193968249161 0.630639890334446 0.634233032535509 0.637463862708699 0.640882725911628 0.643870109699835
-9999 -9999 -9999 -9999 -9999 -9999 -9999 -9999 -9999 -9999 -9999 -9999 -9999 -9999 -9999 -9999 -9999 -9999 -9999 -9999 -9999 -9999 -9999 -9999 -9999 0.605024958763232 0.598389964867514 0.596865033373249 0.60346417815139 0.603154567914281 0.601167663459917 0.598511043844077 0.594034944366158 0.512179247314635 0.427537913896132 0.427053099293958 0.484282161057751 0.506672402021502 0.503911326646843 0.432014465187292 0.415676057033748 0.361788286968747 0.328635219391582 0.422665442359899 0.486599720683525 0.520403802704036 0.554350136273014 0.576672153574206 0.588475993650696 0.609531455574562 0.617150987885595 0.612511097861052 0.621959770225567 0.627046424936739 0.630048027838568 0.631959485492567 0.634257499599252 0.637535715760639
-9999 -9999 -9999 -9999 -9999 -9999 -9999 -9999 -9999 -9999 -9999 -9999 -9999 -9999 -9999 -9999 -9999 -9999 -9999 -9999 -9999 -9999 -9999 -9999 -9999 -9999 0.599712449410725 0.59770617181343 0.603286944374508 0.604726846337101 0.604563791570122 0.594355023316741 0.59583753506537 0.494401061469285 0.405119325762725 0.416896387288229 0.458641307788405 0.451610495790413 0.481193063424233 0.434329603381128 0.374673615044765 0.371430331440279 0.399504164480164 0.428169776161909 0.452038466887545 0.501421357536465 0.555940926196525 0.561518693010341 0.563209969617481 0.595499213459584 0.610415122984634 0.610762684144129 0.617500472481519 0.622818210652893 0.626086258554885 0.627167489211714 0.62775787826744 0.628277210392339
-9999 -9999 -9999 -9999 -9999 -9999 -9999 -9999 -9999 -9999 -9999 -9999 -9999 -9999 -9999 -9999 -9999 -9999 -9999 -9999 -9999 -9999 -9999 -9999 -9999 -9999 -9999 0.603504357080093 0.603324656801886 0.604845032524649 0.605888970485029 0.601785637637826 0.601510620439644 0.566955327499667 0.491179526619368 0.404453487879198 0.401263044115118 0.374035919179292 0.384583153688886 0.422570495082572 0.379146087874786 0.371348702392281 0.422065913923979 0.464097639900378 0.480785571375381 0.52361418966662 0.571408896394357 0.570775682581671 0.569036618880859 0.564132412606982 0.550182537902387 0.572273118251411 0.604386023735149 0.619798748078777 0.622174033800461 0.62208715186225 0.621888855848346 0.620281243622433
-9999 -9999 -9999 -9999 -9999 -9999 -9999 -9999 -9999 -9999 -9999 -9999 -9999 -9999 -9999 -9999 -9999 -9999 -9999 -9999 -9999 -9999 -9999 -9999 -9999 -9999 -9999 -9999 -9999 0.60582420089745 0.606386250048854 0.606192244197875 0.604731121509209 0.586814406073415 0.526103781297682 0.442311079110593 0.465804757448475 0.3297858227336 0.315230158469573 0.36419136570862 0.388143721636684 0.361360110623762 0.378159019959403 0.447009899793565 0.487406879595283 0.530606314584644 0.572329794050471 0.591896150001291 0.584648385980984 0.560239555375203 0.546518600143829 0.576611010120366 0.605681601149218 0.612985955163632 0.608346700325071 0.60499312580187 0.6134543151539 0.621493701873187
-9999 -9999 -9999 -9999 -9999 -9999 -9999 -9999 -9999 -9999 -9999 -9999 -9999 -9999 -9999 -9999 -9999 -9999 -9999 -9999 -9999 -9999 -9999 -9999 -9999 -9999 -9999 -9999 -9999 -9999 -9999 0.605937500622197 0.604281814657779 0.596455997141292 0.578206245049136 0.520063161988726 0.360454121922974 0.298483765698741 0.292002807701288 0.318506248330295 0.378693886925627 0.362677375843501 0.339049523012014 0.413990888427894 0.494493614714985 0.565019101711332 0.577959489851487 0.57677026973017 0.568036787524571 0.571965676797548 0.577940837783184 0.593846402655496 0.605951306867649 0.609031058991224 0.608922392511817 0.60786992847601 0.607705882944305 0.613947436883845
-9999 -9999 -9999 -9999 -9999 -9999 -9999 -9999 -9999 -9999 -9999 -9999 -9999 -9999 -9999 -9999 -9999 -9999 -9999 -9999 -9999 -9999 -9999 -9999 -9999 -9999 -9999 -9999 -9999 -9999 -9999 -9999 0.604877458592772 0.601093958299798 0.580186096318784 0.535340369740233 0.43948621891752 0.419962263766842 0.345879359364064 0.324883704251764 0.380434032102606 0.399687227550503 0.35414986134352 0.419485452763559 0.476925062128925 0.538126778362782 0.578687151232988 0.562209820005704 0.543497127573996 0.563299717165881 0.587040296790926 0.596220023889999 0.599275474086381 0.606144846644175 0.608149775221796 0.60672066289012 0.608036292396564 0.611200678324733
-9999 -9999 -9999 -9999 -9999 -9999 -9999 -9999 -9999 -9999 -9999 -9999 -9999 -9999 -9999 -9999 -9999 -9999 -9999 -9999 -9999 -9999 -9999 -9999 -9999 -9999 -9999 -9999 -9999 -9999 -9999 -9999 -9999 0.606968748859694 0.584543408987953 0.498584035985198 0.453178506686118 0.390117283768161 0.321781163866557 0.322636034910801 0.368448991349243 0.403926525544103 0.378981826956117 0.356280381449664 0.450180788613894 0.47286434393575 0.535249131811185 0.55278519731707 0.536424267006512 0.539749250929818 0.566508461352176 0.589953464998442 0.591956235552692 0.600799112940785 0.605246943929854 0.606047838988666 0.606836919054357 0.608273064989134
-9999 -9999 -9999 -9999 -9999 -9999 -9999 -9999 -9999 -9999 -9999 -9999 -9999 -9999 -9999 -9999 -9999 -9999 -9999 -9999 -9999 -9999 -9999 -9999 -9999 -9999 -9999 -9999 -9999 -9999 -9999 -9999 -9999 -9999 0.59229370501509 0.525106320695594 0.502137020301295 0.478825030676774 0.446869899089734 0.409235864721709 0.321734514264342 0.292630815575688 0.379843155848009 0.299625488478928 0.382782975438988 0.401790289681555 0.495210310109267 0.52623410790542 0.517067806466877 0.505821467973218 0.528175394282249 0.588332822118023 0.588287125271827 0.591804763636372 0.599009498079663 0.602451068993151 0.603832391678772 0.60428610916087
-9999 -9999 -9999 -9999 -9999 -9999 -9999 -9999 -9999 -9999 -9999 -9999 -9999 -9999 -9999 -9999 -9999 -9999 -9999 -9999 -9999 -9999 -9999 -9999 -9999 -9999 -9999 -9999 -9999 -9999 -9999 -9999 -9999 -9999 0.596438208535725 0.571141198631223 0.556857260109038 0.521278623041265 0.416736334211892 0.304864259784792 0.273102238452029 0.277599392779896 0.329217330631809 0.318689327327636 0.318209029203623 0.343978193414545 0.43855676834658 0.503516267902685 0.512611468500678 0.493488670884075 0.505181799793663 0.5829850313365 0.581536670893142 0.583506830233558 0.59156774553187 0.595767096358189 0.599195272465275 0.600914365773709
-9999 -9999 -9999 -9999 -9999 -9999 -9999 -9999 -9999 -9999 -9999 -9999 -9999 -9999 -9999 -9999 -9999 -9999 -9999 -9999 -9999 -9999 -9999 -9999 -9999 -9999 -9999 -9999 -9999 -9999 -9999 -9999 -9999 -9999 -9999 -9999 0.582037668972869 0.548896620610947 0.431413324334539 0.29315171716259 0.298442783608156 0.231782599169718 0.287547866540657 0.302256593804447 0.293996356806334 0.312573443668555 0.383707741000981 0.476465439829677 0.528549640860262 0.52127171836138 0.505824616014125 0.575159261092643 0.575020215880558 0.580220686062461 0.585837009768143 0.589359904068971 0.593923099777478 0.597371664072742
