layers/veg_tps/veg3900.asc
NCOLS 255 
NROWS 330 
XLLCORNER -2985163.8955 
YLLCORNER -3022031.214 
CELLSIZE 25000 
NODATA_value -9999 
[rows 208 to 233 of 330, columns 58 to 115 of 255]
-9999 -9999 -9999 -9999 -9999 -9999 -9999 -9999 -9999 -9999 -9999 -9999 -9999 -9999 -9999 -9999 -9999 -9999 -9999 0.284458058685944 0.238292067760525 0.183032584476864 0.0254774822687552 0 0 0 0.0117725933117331 0 0 0.0827179974684539 0.142192404469041 0.135923572782532 0.0934873705751587 0.133865448403543 0.129867697266024 0.126356562367871 0.127403181847069 0.120929502626715 0.107427761607153 0.113222830778563 0.115658372407073 0.110685358073621 0.0837516390409975 0 0.00515282940397291 0.0607810174598808 0.0827104001934296 0.0886748490552178 0.0909932015142732 0.0928891959622178 0.0947204304662654 0.0951756860408291 0.0952386212637824 0.0946949926656628 0.0932180310931387 0.0946893080275432 0.0963773076789598 0.0977901299033634
-9999 -9999 -9999 -9999 -9999 -9999 -9999 -9999 -9999 -9999 -9999 -9999 -9999 -9999 -9999 -9999 -9999 -9999 -9999 0.279579826479881 0.251014268629614 0.207617587392765 0.0621319152445678 0.0141027407033191 0 0 0.0358966726378913 0 0 0.0853813516373825 0.150190185045658 0.151044195988798 0.144481272899048 0.134811649927058 0.132222589429029 0.125019519422756 0.124097731978876 0.125058282810293 0.114348159628156 0.112708475286537 0.110415699366622 0.10614697217971 0.0886202004719593 0 0.0185869756497982 0.0632728570692614 0.0839558300866254 0.0880644199274799 0.0903835247047213 0.0922164451565717 0.0940692009136978 0.0945049860154631 0.0949078028132783 0.0945819200651203 0.0923109616765211 0.094388168438376 0.0964497088628012 0.097693415334847
-9999 -9999 -9999 -9999 -9999 -9999 -9999 -9999 -9999 -9999 -9999 -9999 -9999 -9999 -9999 -9999 -9999 -9999 -9999 0.264728441042268 0.235430968031951 0.187732668802086 0.0828190416340198 0.0198095784135501 0 0 0.0218663356499061 0 0 0.0906271594382332 0.154618863529777 0.152688748449267 0.145775433959867 0.139292132633084 0.134047246639463 0.12817331638714 0.118062230393823 0.123555750754352 0.111622615273352 0.104750567262466 0.0990283226159324 0.0969017183000452 0.0815404923398818 0 0.0246422904651031 0.0728584491887202 0.0837717631142518 0.0881628710680108 0.0904549321999951 0.0920352862921884 0.093875989092789 0.0942541284637465 0.0946304074176066 0.0943559569072464 0.0928159475205952 0.093266487656879 0.095583413032113 0.0970992898272863
-9999 -9999 -9999 -9999 -9999 -9999 -9999 -9999 -9999 -9999 -9999 -9999 -9999 -9999 -9999 -9999 -9999 -9999 -9999 0.285875086845229 0.245561303216849 0.170175233994794 0.0860107999265089 0 0 0 0 0 0.0146492086830196 0.0957074644946446 0.157269335301453 0.153042714611191 0.146243472185808 0.141090980941002 0.135856104340961 0.130083120622578 0.113388348144968 0.119246542072739 0.106360893106908 0.0888942109927606 0.0718826471898348 0.0731282676185991 0.0745900088342863 0 0.023146075067314 0.0716549036742683 0.0800882301591915 0.0889603718675651 0.0917303266942034 0.0929156504247338 0.0942228449617125 0.0944297914673444 0.0943281413702914 0.0936479613474564 0.0934302316958507 0.0922535500211402 0.0937309982504114 0.0958612918530208
-9999 -9999 -9999 -9999 -9999 -9999 -9999 -9999 -9999 -9999 -9999 -9999 -9999 -9999 -9999 -9999 -9999 -9999 -9999 0.28447042635769 0.274347136979875 0.260042503340854 0.164282083800461 0.0425521734500647 0 0 0 0 0.00523910378045297 0.109003088529343 0.158176427587562 0.152561344321159 0.145713137895734 0.141762123896334 0.137721433744648 0.133395245965273 0.110481194361582 0.111306848257449 0.0981320439980304 0.0604178465934546 0.0379358327712081 0.0495095880952963 0.0674012205494606 0.0319270805218339 0.0396522815473297 0.070274918338121 0.0810555873607154 0.0900684051744323 0.0938640248621939 0.0949592273218637 0.0952196190217592 0.0949556552313973 0.0943827565844488 0.0931733700736387 0.0932645205266619 0.0920165521567619 0.0919356323038848 0.0945401762894507
-9999 -9999 -9999 -9999 -9999 -9999 -9999 -9999 -9999 -9999 -9999 -9999 -9999 -9999 -9999 -9999 -9999 -9999 -9999 -9999 0.279531535602867 0.262972841049335 0.204873618636627 0.0334245311491902 0 0 0 0 0.00822012702066766 0.118055590918641 0.157366289058035 0.151745755465493 0.145586918695673 0.142247956854635 0.139470034877171 0.136095887761411 0.118589106658419 0.101623288151569 0.0859347251817228 0.0394019439299549 0.0388023016201168 0.0567148553922342 0.060674144605426 0.0237223648669208 0.060536015209299 0.0761886204485896 0.0855464095100296 0.0925828477082283 0.0953486213411532 0.0965230218576598 0.0965877074972701 0.0958203656216143 0.0950671166394946 0.0943219436791947 0.0936211017507543 0.0920077318198079 0.0914383116152385 0.0939410831818424
-9999 -9999 -9999 -9999 -9999 -9999 -9999 -9999 -9999 -9999 -9999 -9999 -9999 -9999 -9999 -9999 -9999 -9999 -9999 -9999 0.303846921437133 0.261714675734457 0.209345001758977 0.130416646185727 0.0243030462539067 0 0 0 0.0521887883068579 0.112764514641576 0.155454145961684 0.151169362060778 0.146040508881341 0.142849724239889 0.140465761558715 0.137788346470488 0.124533148105153 0.104146179406384 0.0868195757511268 0.0433574701433268 0.0579943011093047 0.0641749595315421 0.0538226201721065 0.0512845931913028 0.0694011573999638 0.08440680107717 0.088912508391737 0.0939323422147673 0.0968316672950049 0.0981147744499303 0.0978542920258628 0.0967417099902169 0.0948693596692993 0.0934743525314761 0.0931634967698222 0.0926539635611617 0.0918796912795846 0.0933698414069231
-9999 -9999 -9999 -9999 -9999 -9999 -9999 -9999 -9999 -9999 -9999 -9999 -9999 -9999 -9999 -9999 -9999 -9999 -9999 0.302231294880448 0.296316256509603 0.237750729384086 0.182086592269029 0.10129463960209 0 0 0 0 0.0868581570511761 0.128525133843206 0.151239270146252 0.149570797071377 0.146951096956118 0.144388738398674 0.141625641521737 0.139450658971638 0.126296618935327 0.116802355393079 0.100476827197339 0.06821827764736 0.0776814244415274 0.0773998966108804 0.0693950139001172 0.0750519211388479 0.0818189721211905 0.09230186350841 0.0949590747083843 0.0971153334038544 0.0995109110387892 0.099921881745414 0.0993623641579597 0.0972947492143725 0.09500940156925 0.0934032581915496 0.0926867463143709 0.0920159359194697 0.0919112752301607 0.0923242724853952
-9999 -9999 -9999 -9999 -9999 -9999 -9999 -9999 -9999 -9999 -9999 -9999 -9999 -9999 -9999 -9999 -9999 -9999 -9999 0.314202809465162 0.297195097118692 0.254518727416181 0.20850285004494 0.161241927156914 0.0553164052128076 0 0 0 0.133691859183338 0.140517987006514 0.133836752387336 0.140983931748339 0.148058877105436 0.148026925599768 0.144248960359753 0.141584117058685 0.130854879211785 0.1298899932987 0.114350222884444 0.0928843553791721 0.0906114734058875 0.0908478236036996 0.0887636374188851 0.0896885165013486 0.0924328399102717 0.0991349932242847 0.100314818278972 0.0998701306786945 0.102434512459079 0.101853437798248 0.100249393929676 0.0975356319116509 0.095338103085701 0.0940607710577836 0.0928690037206464 0.0925053337736035 0.0925037183431295 0.0924087113393305
-9999 -9999 -9999 -9999 -9999 -9999 -9999 -9999 -9999 -9999 -9999 -9999 -9999 -9999 -9999 -9999 -9999 -9999 -9999 0.338599599442426 0.305114894566969 0.293581327597092 0.254576493043956 0.209178059441737 0.106564806054731 0.00337179221133199 0 0 0.136741937024396 0.142414773297698 0.119231083859919 0.133848915304451 0.146813732741039 0.151042518344726 0.146991786372441 0.144090251021087 0.138748965336513 0.136079013848656 0.120312858243912 0.100756319799474 0.0979159003394137 0.0995346503581015 0.0998754179074727 0.0990925777406804 0.100227223208757 0.104125359078548 0.104491582256717 0.102734539178668 0.104404413367824 0.103308872082944 0.10079112615333 0.0979380263148916 0.0958083531114972 0.0948129854695586 0.0932777685171505 0.092812293377632 0.0925782448052876 0.0926807169340168
-9999 -9999 -9999 -9999 -9999 -9999 -9999 -9999 -9999 -9999 -9999 -9999 -9999 -9999 -9999 -9999 -9999 -9999 -9999 0.346917656763534 0.308814656514174 0.302583338927562 0.271376229459477 0.201024724654984 0.0732898761015906 0.00818637857978063 0 0.00682903881924783 0.129435321319323 0.135648157700951 0.118522446109941 0.138002687610848 0.147467073897355 0.15212812183325 0.149544162071532 0.146597109495198 0.142121013987214 0.136851271462041 0.121190579325167 0.105237042932839 0.102853198098262 0.104508861542376 0.105295292259643 0.106980808812101 0.10663261729373 0.107702941971941 0.107752325607817 0.105973195751065 0.105869848551492 0.104205637335542 0.101426228518886 0.0988376516094091 0.0968711188075169 0.0956180538167349 0.0941549992687694 0.0936914458003074 0.0930148122368237 0.0930991944194467
-9999 -9999 -9999 -9999 -9999 -9999 -9999 -9999 -9999 -9999 -9999 -9999 -9999 -9999 -9999 -9999 -9999 -9999 -9999 0.348876174073617 0.324579120222908 0.286139190382038 0.274995155172773 0.188035621277904 0.0403504310535702 0 0 0.00642611773687156 0.105242635259001 0.119329679059003 0.12124458188313 0.139127552843336 0.149790317196099 0.155030088670686 0.153040186635396 0.149936425023121 0.145806547751043 0.14035097362417 0.119614572939527 0.112231484113928 0.11140566415042 0.110674323967887 0.110840713940809 0.112061522978049 0.111256085466373 0.111079085540901 0.110258229956211 0.108785290696134 0.107676511969505 0.105056144778755 0.102431390069008 0.100249585189566 0.098512974520083 0.0965052864544129 0.0954321081152819 0.0950591827159216 0.0942239037472707 0.094139215242927
-9999 -9999 -9999 -9999 -9999 -9999 -9999 -9999 -9999 -9999 -9999 -9999 -9999 -9999 -9999 -9999 -9999 -9999 -9999 0.3411664011942 0.327811373731306 0.284986095422892 0.271642902169615 0.224836253700361 0.0990196925460391 0 0 0 0.0702760411656086 0.0984705574559965 0.125690269278064 0.14420627913207 0.153491972668732 0.158699496266928 0.156282089654321 0.15287896993945 0.149126250774755 0.143895595224919 0.118733244377032 0.118603062070772 0.117556640743949 0.116048960922817 0.11555516724932 0.116054563253031 0.114643418654018 0.113901915147982 0.112417751592492 0.110977025511715 0.109223877316279 0.106513385074957 0.103876210543574 0.101869997559088 0.100124037355283 0.0975134624385144 0.0967703080927926 0.0961907127425957 0.0957124697705199 0.0956937153762356
-9999 -9999 -9999 -9999 -9999 -9999 -9999 -9999 -9999 -9999 -9999 -9999 -9999 -9999 -9999 -9999 -9999 -9999 -9999 0.348727840593631 0.337038685436305 0.317984515486404 0.296506553171115 0.228938723883905 0.098871087906974 0.101574934666847 0 0 0.0581944870576935 0.091498871403955 0.12803795908164 0.15355144809648 0.159723667026177 0.162721591635225 0.159528749733019 0.156067149748028 0.15238443341756 0.14744498944323 0.127631924550484 0.124992807774857 0.12352349712439 0.121732654073868 0.120454358748436 0.120425137059855 0.118969753716663 0.117523554604737 0.116153516595531 0.113824218744925 0.111668001871079 0.108586861199447 0.105758397841973 0.103381961982766 0.101375326731743 0.0990404993902928 0.0982329815826806 0.0975864669286719 0.097123180870101 0.0964996344569029
-9999 -9999 -9999 -9999 -9999 -9999 -9999 -9999 -9999 -9999 -9999 -9999 -9999 -9999 -9999 -9999 -9999 -9999 0.366413343562566 0.358539580052295 0.336133403655528 0.316482689616644 0.301514786121657 0.178524856996983 0.112684815008 0 0 0.031969424027682 0.0917411685493116 0.113364223651001 0.128809538208176 0.152249544507727 0.163120430199131 0.166901227950685 0.163500243213311 0.159828751898812 0.155990030416209 0.150975523907015 0.139553162017944 0.132682400365568 0.129273991493123 0.126900696916749 0.124811284049105 0.122824225140673 0.120800397882601 0.120386378270476 0.119051769896808 0.116788225369055 0.114328323409793 0.111087082908631 0.10812319931251 0.105274609617941 0.102927664002616 0.0993419623264526 0.0994771870058144 0.0986599393744447 0.0986337022260294 0.0984969195271741
-9999 -9999 -9999 -9999 -9999 -9999 -9999 -9999 -9999 -9999 -9999 -9999 -9999 -9999 -9999 -9999 -9999 -9999 0.383116615956721 0.365765004103695 0.339606333023587 0.318253380625003 0.293983791787753 0.165531077375161 0.145065209481881 0 0.0314758082252542 0.100571494530807 0.12233460771743 0.129226763148326 0.125103201755921 0.128630276529548 0.156131740100825 0.171469235057449 0.16875272613098 0.164242633052596 0.160113840038205 0.154756188397674 0.14809667804529 0.13960747158996 0.134232215757511 0.131109819431999 0.128496617870778 0.125532007040513 0.123073207633045 0.122897594554775 0.121202320212248 0.118679645860261 0.11642149804345 0.113385002391098 0.110364460085509 0.107542395430208 0.105139101104197 0.102403014111682 0.101576782568887 0.100364570023539 0.099966066739889 0.0998182025571467
-9999 -9999 -9999 -9999 -9999 -9999 -9999 -9999 -9999 -9999 -9999 -9999 -9999 -9999 -9999 -9999 -9999 -9999 0.384731383608955 0.365874140306304 0.34983221605934 0.330240649258416 0.281352427656995 0.168789620420641 0.117816784447627 0.015869509089767 0.020696973881175 0.113902584508038 0.138151895347255 0.13616954536765 0.125260613282443 0.118085781483692 0.156265362294987 0.177237173088218 0.174765184862399 0.169470439394033 0.164880043824002 0.159166851075454 0.152928589770798 0.144932738332115 0.138844090812441 0.134850436140492 0.131247502632745 0.1283356536244 0.125789599321837 0.125408139510448 0.12301524784881 0.120621133380736 0.118414294871792 0.11581766270938 0.112780573051873 0.10998026549539 0.107622237741529 0.105490406087259 0.104066072470044 0.102434854814845 0.101337001925735 0.101041137461622
-9999 -9999 -9999 -9999 -9999 -9999 -9999 -9999 -9999 -9999 -9999 -9999 -9999 -9999 -9999 -9999 -9999 0.417995578858652 0.390924730966703 0.378129411363879 0.359540191846144 0.342512155085723 0.262087359585753 0.161339175949706 0.0842239864254076 0.0865863397000426 0.0372222168434099 0.124720987378138 0.148266614589558 0.131394272121114 0.0977528586319399 0.0969886597601298 0.133047481234308 0.174101811980379 0.179249770948546 0.175840193789835 0.170542114857884 0.164232482693199 0.157834679425123 0.149881432730143 0.143336948729793 0.138447261370657 0.133376893906254 0.130485054493067 0.128253077216968 0.127120547098622 0.12429802218178 0.122778481968074 0.120136823248447 0.117885647318349 0.114801994421889 0.1120845377598 0.109739021668977 0.10755995879805 0.105853212896215 0.104140747641052 0.102781108200225 0.101979584137862
-9999 -9999 -9999 -9999 -9999 -9999 -9999 -9999 -9999 -9999 -9999 -9999 -9999 -9999 -9999 -9999 -9999 0.395010397204708 0.397664475025656 0.397752753504578 0.379146803272972 0.342542741517484 0.249139540629942 0.143159678690926 0.0671024577597028 0.107847844721774 0.071316577440116 0.121164202908806 0.149848131912812 0.136638995406505 0.0866061471803823 0.0575680686709432 0.105713332418559 0.166741526222237 0.17767208310565 0.180240432429944 0.175087566918442 0.168154634239298 0.161198466054674 0.153221631654214 0.146241446065222 0.141438580568463 0.135992396925675 0.13247496368113 0.130599184184271 0.128307124699607 0.125646521603735 0.12499124854803 0.122292322318158 0.119853620764114 0.116786966905721 0.114137807511113 0.111725808755022 0.109300264969923 0.10756815538101 0.105817483541852 0.104404718210791 0.103353784564283
-9999 -9999 -9999 -9999 -9999 -9999 -9999 -9999 -9999 -9999 -9999 -9999 -9999 -9999 -9999 -9999 -9999 0.404939409802053 0.388399315840008 0.390224841672613 0.381095557408366 0.340064889724149 0.263142995606409 0.153556064772859 0.0672977734053805 0.0818196420784427 0.101120478355712 0.120125234642835 0.137727797797988 0.14442789759318 0.0985756559169828 0.069832663901976 0.113340728721726 0.163350552345245 0.176676139004799 0.183425068789955 0.181021981763573 0.173883138206503 0.166327331686202 0.157937379654202 0.150397213992568 0.146248167311643 0.13979706317858 0.136538529635972 0.133831385263018 0.131212253026629 0.128852291683658 0.127472773593471 0.125668907995994 0.122339098529581 0.11928554548105 0.116471490477332 0.113878947947006 0.111297704199012 0.109563291168017 0.107503023868192 0.105955725928729 0.105128225245336
-9999 -9999 -9999 -9999 -9999 -9999 -9999 -9999 -9999 -9999 -9999 -9999 -9999 -9999 -9999 -9999 -9999 0.422958188444055 0.405905477215461 0.401104932328121 0.389811019552033 0.344046334237935 0.246014051037797 0.193518751710599 0.117163556762586 0.105409689688833 0.127494107171513 0.144436676123988 0.127128199509768 0.149337618682288 0.118694243382056 0.107391552594817 0.136318415526703 0.166309032375384 0.176854863121502 0.1833652761441 0.187624684208513 0.180332867617322 0.172192331365953 0.16362401081653 0.155231299548784 0.14924368594247 0.14494845680802 0.140322794013461 0.136840664785568 0.134778258661888 0.133362002952073 0.129867025236697 0.128253671991431 0.124797668179659 0.121515686750317 0.118547650138483 0.115716288692221 0.112961120649465 0.111002754381224 0.108662580634717 0.107158109682093 0.10649349969166
-9999 -9999 -9999 -9999 -9999 -9999 -9999 -9999 -9999 -9999 -9999 -9999 -9999 -9999 -9999 -9999 0.428751795188258 0.424175947138323 0.418485347866406 0.411498802862402 0.394181782377986 0.340210832490682 0.242559822729408 0.193864570557067 0.119918578432726 0.0873973591871223 0.135829333234117 0.155119531259577 0.138753141841345 0.135597426562468 0.131969417766514 0.140340704247169 0.1571870977941 0.172340298906499 0.179297490343106 0.184245094945881 0.192120003180268 0.186755627805094 0.178135757448743 0.169202590713018 0.161130266100696 0.153343381521184 0.149621237177871 0.145636587011413 0.141122789282085 0.140072080202248 0.136798090444233 0.13277507467785 0.130303019334319 0.126739838180565 0.123651936720756 0.120265998620521 0.116777393695261 0.114052076962687 0.112241405386861 0.110128217629833 0.108749332917744 0.107778586417186
-9999 -9999 -9999 -9999 -9999 -9999 -9999 -9999 -9999 -9999 -9999 -9999 -9999 -9999 -9999 -9999 0.453878364233426 0.433503027069083 0.429061901122995 0.419617698716709 0.397135790368588 0.335835820840344 0.247194096515839 0.209878562839018 0.13599092455772 0.136712681877016 0.127103427070849 0.133209985364912 0.131449007536323 0.0850073993862254 0.136937790686604 0.166878265249797 0.174153757466711 0.180782582988476 0.185474887624292 0.18940488482184 0.194397508019192 0.193256508763876 0.18426210007722 0.17489966039134 0.167022784579602 0.15860445842645 0.152520216129145 0.14900388649581 0.144018375395174 0.142961740461247 0.139713329240047 0.135808222205006 0.133853903482546 0.129581566532832 0.125775054900122 0.122047454078085 0.118702705081684 0.115794090853647 0.113937788679475 0.112114417829818 0.110795409428835 0.109225667988976
-9999 -9999 -9999 -9999 -9999 -9999 -9999 -9999 -9999 -9999 -9999 -9999 -9999 -9999 -9999 0.46389728763473 0.461297673865985 0.455345465059997 0.443913683363048 0.427548244361453 0.398980618247012 0.318667566003839 0.229831687982128 0.204528846657442 0.129395890557709 0.0839476300131882 0.158563494247107 0.21067252591979 0.155879810688829 0.166191029312537 0.182029562110367 0.186031249894341 0.189329810029102 0.192059654218001 0.195333420978633 0.198288509703611 0.199210853876895 0.199942548884981 0.190907584328065 0.181789628151042 0.173493728852863 0.163730903785449 0.15500051644028 0.149565742611618 0.145764431842077 0.144394357056279 0.142177852624848 0.13958681682176 0.136956108509849 0.132312569411812 0.128240605892047 0.124951310932482 0.121720456708942 0.118395750838917 0.115853041960384 0.11323949436652 0.11138659479742 0.109159903581441
-9999 -9999 -9999 -9999 -9999 -9999 -9999 -9999 -9999 -9999 -9999 -9999 -9999 -9999 -9999 -9999 0.466093458195475 0.45587049667322 0.452746153863829 0.434106492580036 0.397308357394701 0.299889223518881 0.224293238601279 0.196799180906366 0.163116103358689 0.125344367626326 0.169559671756305 0.229862056255011 0.201063484680656 0.198820369584286 0.184808434945344 0.194685270190916 0.197500024186666 0.202737376190347 0.205385563254365 0.207351248460908 0.210510311309627 0.206704009550834 0.19775616033395 0.189275161173953 0.180204903161361 0.166759416275956 0.157627092599722 0.152623268299932 0.14953603860287 0.146312154468593 0.145033749601437 0.142864129859088 0.140088746559738 0.135733773696914 0.131806567617881 0.128822419697182 0.124569709523308 0.11888021127682 0.115894300893777 0.113505166467275 0.112248989432361 0.110123012904337
-9999 -9999 -9999 -9999 -9999 -9999 -9999 -9999 -9999 -9999 -9999 -9999 -9999 -9999 -9999 -9999 0.489761967679361 0.46346591781414 0.461717882609319 0.438785334841142 0.394864562190727 0.299712686918309 0.240484235358201 0.203041530881373 0.203288461166309 0.208199315847607 0.177661132123426 0.212366163101531 0.243509663766542 0.238070085682581 0.209761406903435 0.210283745838592 0.211442207165868 0.213503409671424 0.214623162606943 0.214833847701705 0.21815830893911 0.213194951154854 0.203870315256572 0.195258726275477 0.185958346438546 0.170464784128778 0.162727573875829 0.158554207774942 0.15538427699902 0.15037745606916 0.148269824773815 0.144593003883956 0.142502131513478 0.138882835894754 0.134137769371487 0.128792097986608 0.123642585951452 0.117715337538378 0.115019018207485 0.113085763695416 0.112676390202022 0.110851746446118
