layers/veg_tps/veg4200.asc
NCOLS 255 
NROWS 330 
XLLCORNER -2985163.8955 
YLLCORNER -3022031.214 
CELLSIZE 25000 
NODATA_value -9999 
[rows 104 to 129 of 330, columns 174 to 231 of 255]
0.568529490658906 0.55738646970481 0.55153450078909 0.548673100601525 0.544012044138705 0.542935029706064 0.544084559416194 0.541645949259949 0.536604998658908 0.533675692856842 0.534204458564185 0.537157725161166 0.528988263020233 0.544474212512129 0.554670740313008 0.551338543057919 0.553706095302481 0.558562676742833 0.567220982499595 0.575710925714625 0.582848532304197 0.599887305436347 0.612270658569487 0.616861679954443 0.628952524570071 0.63452055363603 0.645393794017406 0.653336167617704 0.659166755970357 0.670131051048985 0.68610802648662 0.700588080081358 0.712459022078902 0.721487952561772 0.731304618560357 0.739596766546331 0.745988835027206 0.75919784421104 0.764828815760286 0.77464019775462 0.781484258387514 0.786023522372957 0.792930604707643 0.800141991440753 0.80824105135036 0.819365844218158 0.827787801808644 0.838307187247661 0.848495493225603 0.855749686989561 0.867387587817465 0.884333945689941 0.898728608934753 0.906284072144769 0.914555118800687 -9999 -9999 -9999
0.560538215768393 0.549685132619434 0.541803214911371 0.53944543022546 0.539205249675322 0.539049085398455 0.533610090764542 0.528352963330597 0.526724717421512 0.525528395657711 0.528608420819589 0.528067669844097 0.533416409835402 0.545316158634865 0.549873767976455 0.543660361755749 0.547556129284015 0.551365839677611 0.560548487847203 0.570508654070563 0.578881311429765 0.595463262265479 0.613612462542959 0.619699686984295 0.627765831187196 0.63075077173674 0.641807050235274 0.650564500093673 0.664319107012985 0.678066854154996 0.690511487472733 0.703446684275991 0.715615469196842 0.726083770052746 0.736802509036998 0.746080306060633 0.752241060433471 0.762982762543558 0.772841967949815 0.777742593101655 0.783979346858921 0.790105350341861 0.797361978432216 0.80344300192502 0.811398330538603 0.823146571666187 0.830747185839859 0.838884674501891 0.852687666235422 0.856003807132764 0.869411774011155 0.883101608624358 0.899293909877566 0.910463161510319 0.91612012594637 -9999 -9999 -9999
0.550670571526299 0.544420106668631 0.53427479207983 0.53041041058009 0.532315395897824 0.531973853339271 0.523206379961824 0.517080034444252 0.518782593979121 0.519521039143714 0.51930002706127 0.526813373775917 0.535436421103711 0.539759269621358 0.537018427302473 0.537354205287614 0.540569222180061 0.545397563676743 0.554240286517114 0.568658102482089 0.58301421304874 0.597063143664109 0.611323347297991 0.618804109990492 0.623429579737546 0.629204955848977 0.640747406133593 0.655060596366615 0.669454158694639 0.679629874410827 0.694449067202535 0.707179347286103 0.718714592408074 0.730142825983262 0.741997504339042 0.752797331234954 0.761367233548767 0.770574488651495 0.778170682801457 0.781580094288581 0.79052583106821 0.797237291055317 0.805173056721391 0.809864061338097 0.814433335584553 0.819785108043982 0.822632397975129 0.831442117074783 0.850431202482066 0.858538816013295 0.875135974373764 0.893509510259867 0.906474038613566 0.912480985661684 -9999 -9999 -9999 -9999
0.54055495662247 0.536054855523385 0.527330200796765 0.522109023673007 0.521865344719061 0.521449228270691 0.517282225067148 0.511315493574565 0.50735301877943 0.507164757413682 0.51245291883843 0.523083866889476 0.530215895182494 0.527910979326545 0.524800211751485 0.532804725189879 0.532803649654904 0.542729770618305 0.559617366226578 0.571324027364201 0.584036981553192 0.596406639317602 0.607671464632304 0.616375095883138 0.621926252338181 0.629816573759589 0.644904070330504 0.660361290560843 0.674023413906938 0.685275608050925 0.698582611320926 0.711455743479627 0.721406998821648 0.73233232402913 0.745071864436723 0.756972427465061 0.766917894717129 0.776226992916059 0.782643003601384 0.785873950294401 0.790759676586033 0.802925160327735 0.809881025351848 0.810252280354152 0.806383397128014 0.815309211358321 0.82667516331055 0.836327544116133 0.851837504412209 0.864905061738972 0.872010889735795 0.887063939981306 0.908835068026328 0.916459136685785 -9999 -9999 -9999 -9999
0.531273730591042 0.524919755434574 0.518953313474932 0.51453791832229 0.514197907980884 0.514075656055966 0.516767347144812 0.512999978516664 0.508807363859617 0.510893781168946 0.516619065560467 0.520493341330569 0.519791862583005 0.516303266140319 0.519132322834614 0.528949260659447 0.538724274430153 0.541020354955865 0.555749203494988 0.570856884168356 0.581487820067895 0.593247867465027 0.604831439815149 0.615418907730024 0.624576456604926 0.634800267875928 0.650401582100214 0.664827473294759 0.675564453041011 0.689006109986042 0.703419789056337 0.716050337739042 0.723059126246275 0.733627311535951 0.746810642013153 0.758718659719248 0.76984382690743 0.780278276121786 0.786917869118679 0.790257541806092 0.791186361271537 0.804630386210498 0.809835387394348 0.80885051672829 0.823869028393312 0.823545637398279 0.828359565929856 0.841374212474165 0.856733072190196 0.869487339227425 0.880110476844205 0.898524351929498 0.916955681492465 0.92293131682498 -9999 -9999 -9999 -9999
0.521883567163013 0.515769987724797 0.510840848839644 0.503855312166528 0.496453803898981 0.501039631433904 0.50493581082948 0.5052560286843 0.503018025330008 0.507762077045847 0.514247847777792 0.516644974309167 0.513566706878446 0.512175811944708 0.518992049010487 0.531864499900169 0.53888388836258 0.544832392531202 0.556996743227453 0.568673266390812 0.579874472568427 0.593672118873928 0.60631351931913 0.615749329129742 0.626813273693045 0.6405715426267 0.655505998198091 0.669092401088799 0.681228398344671 0.694310961912859 0.707029017428178 0.719019795691251 0.724891714743912 0.736727022888372 0.748379175387817 0.758547344093612 0.767036716615174 0.775670991661176 0.786754448757283 0.796642130810144 0.801754188464425 0.809271913476109 0.814334699057703 0.823633192163707 0.833512948301332 0.823153205268307 0.828338220503687 0.8421486295046 0.859977801023128 0.878844744963007 0.89539437565156 0.909311551069786 0.921624378828717 0.926742012619774 -9999 -9999 -9999 -9999
0.512623815152767 0.510200864854625 0.503912750225059 0.490654915675253 0.48312008490609 0.485708226478175 0.479348129465048 0.489038744292683 0.495267595917846 0.501199911722051 0.507874087852247 0.513288955263596 0.514880182189689 0.518317799961229 0.524662052507054 0.53022911220247 0.539171351119463 0.546194969040762 0.558423615922986 0.569235899466228 0.581803915361662 0.595492554771843 0.607820456511089 0.618572043593508 0.631882391967753 0.64595373173329 0.654634863570584 0.667378253001732 0.684505502704959 0.69718984258005 0.709009208759385 0.72026163092434 0.72716823091139 0.738077112706534 0.748997269757989 0.760632258084836 0.769729984396167 0.777044840802753 0.790131859004059 0.804719645145044 0.813222736356092 0.819595844002005 0.829845391950913 0.836728773329986 0.843581272182871 0.824945201486818 0.835352289607641 0.849531131058328 0.864809123284575 0.880021066425148 0.899081684220649 0.915831975838616 0.923505595194987 0.923686238746549 -9999 -9999 -9999 -9999
0.503262890386047 0.497567050942651 0.494960251672111 0.487000434991334 0.477004850589511 0.471445391050037 0.468839186237199 0.479686833523853 0.490438653116171 0.496916898595588 0.505032672726935 0.509570523430227 0.512228084223168 0.517202955882627 0.521022951544364 0.526770441583282 0.53637602987687 0.544897880854885 0.558474783027162 0.571471113451788 0.584388619829787 0.594751730130296 0.59899449653834 0.621468240945374 0.630993761117508 0.636428957737189 0.647516336725304 0.664822145150899 0.681010993081365 0.695349540616238 0.711107424797609 0.721919502198056 0.729150981658648 0.73901601631446 0.749529782849711 0.76158156828005 0.769524290341333 0.779009033072664 0.796872852217619 0.812338935273371 0.82293966881887 0.830144921400513 0.836177798155896 0.842914958539676 0.850143600794959 0.841766132608055 0.849271524082098 0.873735979360035 0.888852698257957 0.896811665972238 0.910004467534379 0.921076989703442 -9999 -9999 -9999 -9999 -9999 -9999
0.491926760968661 0.487896219260138 0.482285632864693 0.473011120909577 0.468637135482982 0.464863817800005 0.465166606159853 0.474358817467236 0.4876956422217 0.493639535533069 0.499882360668463 0.50358346341053 0.508779647283922 0.507870254298125 0.513930198896012 0.524431114847234 0.534109718699373 0.543823216403168 0.557439553161898 0.572257871522372 0.586484286347403 0.600903055016967 0.613103775322294 0.625985332288896 0.620443659390753 0.623739463642439 0.646122429443434 0.666487574943363 0.67488730722337 0.691630249734675 0.712371867348838 0.723056331035417 0.731893001903154 0.74368873909976 0.756725699456638 0.766398205240504 0.77004328927902 0.777486539542851 0.799441870292392 0.818726468981067 0.831257201561999 0.834002035063055 0.842128464248778 0.853118858589993 0.859355788184053 0.863032671674492 0.865768331511459 0.878318526972281 0.897862218637516 0.906273802042843 0.917295880361142 0.919576036028906 -9999 -9999 -9999 -9999 -9999 -9999
0.482891026054954 0.478090119207711 0.472162699232224 0.463940637617488 0.460120399947157 0.461341215108504 0.46052982126021 0.468901467185022 0.482822441926526 0.487736416057389 0.489795685861695 0.488776742650779 0.498981571828984 0.50213771937946 0.512182491236862 0.524294619146142 0.533190251160696 0.543579868768353 0.557444098202646 0.573016859173153 0.588703735344794 0.602579826668053 0.613250824756602 0.608124716499062 0.600680186869827 0.619006457162398 0.652408292285474 0.671788883862324 0.671534850731162 0.691206090077396 0.714352267488504 0.727407946034567 0.736055201668454 0.746517034515953 0.761052152964389 0.769821235556539 0.774411170237812 0.785688541540772 0.80257533325561 0.818457788927949 0.831982205123109 0.840518617419966 0.852244451899627 0.864961733390806 0.868512571999444 0.870229693490883 0.880250843765789 0.893282568902329 0.903806914294742 0.914524107873557 0.919862075140369 -9999 -9999 -9999 -9999 -9999 -9999 -9999
0.469795704530895 0.461451339336873 0.456996491985 0.452951845332683 0.451906187036512 0.456170045946059 0.457658329684416 0.464119112032558 0.47191405839986 0.48078931854979 0.484103883184403 0.491197564289698 0.499410725159885 0.500567155193811 0.513474289498473 0.526589645633259 0.53445479234058 0.545551721037852 0.560485616877449 0.574734832517886 0.589378362144238 0.604413520273448 0.614977657214118 0.613510929849309 0.607689138036165 0.628302811739652 0.661170959428894 0.673932756565704 0.671758512775475 0.693143773143595 0.71933086458462 0.734452107616312 0.742658152010805 0.751643184472202 0.762536979511072 0.768755676148672 0.773710655220271 0.793091302269599 0.808516481284771 0.824479231637279 0.835079864421826 0.847163280883849 0.857978506653033 0.872053228648576 0.876899473935686 0.880512149529832 0.889427393630836 0.900446887212649 0.910022156426915 0.918348939040973 -9999 -9999 -9999 -9999 -9999 -9999 -9999 -9999
0.464734370716576 0.453593536967915 0.443405854610013 0.440427315031652 0.442386143618987 0.448974167103057 0.45604378661078 0.461277603684126 0.468332461982107 0.47293106519494 0.48175506200182 0.492650486868609 0.500580575830418 0.502609800491297 0.516558471272136 0.52959285280216 0.538451558081797 0.549992685290486 0.564507233774815 0.576868308205646 0.590605066592663 0.605817571009991 0.618832940448663 0.626159507783788 0.626370121196814 0.642236132409735 0.665963992009686 0.671455534083072 0.690621123452912 0.71157834400702 0.729189263303186 0.741294315577533 0.75057736407737 0.759986626742017 0.767587766738651 0.773956585841208 0.780352710645457 0.794046602232874 0.815964043001344 0.829995456887467 0.837906230348531 0.850625532061619 0.859863313586346 0.876951476412541 0.884152450738 0.888455674246568 0.896918399922638 0.905351656809119 0.9094494196073 -9999 -9999 -9999 -9999 -9999 -9999 -9999 -9999 -9999
0.460425533975975 0.450374415695759 0.436322714229195 0.430600100894871 0.433446931631789 0.439194591113739 0.444989207807974 0.449026739795632 0.457985066551471 0.472235892308445 0.482077414101573 0.492215989488484 0.500759235295677 0.507550316535504 0.518815585774412 0.531200492341868 0.540908784716025 0.552726120391846 0.557225315310496 0.571114946113396 0.588468921377712 0.601863460239563 0.61369838199143 0.625396265801823 0.634428744983048 0.650008681683603 0.66812357847157 0.674463986011341 0.682620386298746 0.722904375135535 0.736621583812498 0.74677134831326 0.758495126346148 0.77000156731683 0.778907595614534 0.790391643522967 0.798842086723188 0.806929640052763 0.821327502388836 0.833999575960132 0.842959830432534 0.854967149130121 0.865847840383683 0.878779428109473 0.883867264333254 0.895625771121682 0.901920456328565 -9999 -9999 -9999 -9999 -9999 -9999 -9999 -9999 -9999 -9999 -9999
0.453047850351616 0.446620986130114 0.436564357314933 0.426099607480661 0.428098359402778 0.433082586104004 0.440763568334356 0.447855875596281 0.45552491516709 0.468225569637214 0.48093883683881 0.49114378199054 0.500649917586259 0.510296561308591 0.518311291847105 0.532492371860113 0.54274932213935 0.554889332557879 0.544243417072688 0.559352057796695 0.573573846656868 0.594477160109321 0.607008388454286 0.618449452870709 0.632364111650748 0.649168519573558 0.666702067295808 0.679780811273937 0.700789063259122 0.727664527567962 0.742089977434898 0.751777675576112 0.765141121835262 0.778121485560018 0.787995133565967 0.795840816739631 0.808856169099461 0.818832299018268 0.823526553585933 0.834034600745564 0.849916101718374 0.862679382125312 0.876180266031095 0.886766304312394 0.889550412745176 0.899983554420554 0.900528871924702 -9999 -9999 -9999 -9999 -9999 -9999 -9999 -9999 -9999 -9999 -9999
0.44628934844337 0.446892082330345 0.439766156858659 0.422764074714863 0.423900870845686 0.429348653471044 0.435463012236215 0.442490203912789 0.448214923738942 0.462798774047684 0.479303914926651 0.489385834922301 0.499103336910066 0.50842627128533 0.517426776052312 0.534138823855135 0.543555396870949 0.552335180211798 0.544776350746529 0.558134156910822 0.572563586033874 0.596103451059894 0.61139712857131 0.625052020110757 0.632827479204308 0.642190732941833 0.665039446800651 0.689869860612897 0.711175987790317 0.731323335914161 0.747031892650188 0.757498066658647 0.768334574339474 0.78253425761384 0.796960192398893 0.805289543434599 0.817842504494677 0.826766990631077 0.828463329831272 0.836940330220553 0.856303972478231 0.872941045729771 0.882186800726777 0.888400642229267 0.892697416393195 0.900338631105062 -9999 -9999 -9999 -9999 -9999 -9999 -9999 -9999 -9999 -9999 -9999 -9999
0.441389959801554 0.440754532364209 0.425739711873064 0.416087842917903 0.420916077131037 0.427763435635159 0.433185534493299 0.443810527570928 0.445900892395632 0.457168909662657 0.472390304548474 0.483099017159549 0.494266917657786 0.50685957965864 0.514478449448977 0.520642492308369 0.545459117528047 0.553447780130694 0.541178668779297 0.558926639865325 0.580138344872638 0.601887992545819 0.617588571465448 0.628159131858859 0.631395137887018 0.649424991605428 0.67499304364041 0.697822119802357 0.717433332044461 0.736824885117945 0.752413473846908 0.763194698834121 0.774087880903745 0.784601763232534 0.794893082468322 0.808908538299849 0.819026861234135 0.831654540443108 0.842404408957953 0.85289390540548 0.865128547914508 0.878124979867982 0.883405514210025 -9999 -9999 -9999 -9999 -9999 -9999 -9999 -9999 -9999 -9999 -9999 -9999 -9999 -9999 -9999
0.437049858910948 0.43396309502014 0.422088972137905 0.406706981163516 0.416462588090403 0.423171095295343 0.430209955925434 0.44236278484639 0.447566351090633 0.450450217580497 0.457267032203503 0.466301806972858 0.477609713990822 0.499447309665727 0.514576856783001 0.522594337854279 0.547034360512372 0.554407997528113 0.552222076853051 0.560515657877342 0.568618867951016 0.602527632491068 0.617082644924163 0.619909159209157 0.63687621604156 0.661804025656489 0.685724399468282 0.706404622697712 0.726372285255887 0.74475570330168 0.758631651554438 0.770415682121542 0.783023554044825 0.792370915367754 0.802120255910056 0.812611517133139 0.82103683453268 0.837071877693024 0.849120362099009 0.86103113288453 0.873803468191403 0.882359316315587 -9999 -9999 -9999 -9999 -9999 -9999 -9999 -9999 -9999 -9999 -9999 -9999 -9999 -9999 -9999 -9999
0.418953263678453 0.427501770518525 0.419088639264135 0.399290788326719 0.410232947535137 0.417440023309181 0.425948556325418 0.433222204067194 0.444687937250971 0.449985819478524 0.456420438242066 0.464776576763355 0.475066590944644 0.50004992083398 0.520639119139838 0.533203414670636 0.547943582482521 0.559223858781522 0.575028719824307 0.570328324787779 0.571618731036185 0.590907610868612 0.623030819279642 0.626150114937621 0.649933072854151 0.670152071079335 0.693915396234519 0.716303682794253 0.737988337731434 0.755591125844764 0.764930552053089 0.776864990719727 0.791310647378368 0.801413816046989 0.810472458388494 0.817754427848679 0.829749026830064 0.842094857060057 0.857241637111854 0.866712535983156 0.879938633167009 0.880791530217407 -9999 -9999 -9999 -9999 -9999 -9999 -9999 -9999 -9999 -9999 -9999 -9999 -9999 -9999 -9999 -9999
0.406514366498035 0.41180981957559 0.408360592421213 0.39240305183343 0.403769677331518 0.41265611039643 0.421503778528832 0.429580638473989 0.434256022665982 0.443550097224385 0.452400275547045 0.464386173890127 0.485825923852436 0.508510414733923 0.52705822095557 0.540682797710783 0.547644442790391 0.561034765423337 0.578755946568765 0.577382041056025 0.575755561879524 0.595506629004893 0.630130655496236 0.629993193719958 0.665821492716138 0.676330956226017 0.701288512687996 0.725417057196083 0.745528473287165 0.761362809876982 0.769470911582417 0.781809204867486 0.79619557753692 0.807876279113751 0.816791642901836 0.823605580330479 0.835056822798576 0.85119202502025 0.863815449994046 0.872480524126254 -9999 -9999 -9999 -9999 -9999 -9999 -9999 -9999 -9999 -9999 -9999 -9999 -9999 -9999 -9999 -9999 -9999 -9999
0.402615586695712 0.400801405324793 0.395657664659356 0.386502355494658 0.398447801605899 0.407886671734347 0.416883144203316 0.425075970035706 0.433533768629136 0.443858345269235 0.452538638447942 0.466907169087429 0.491225958543958 0.513365422539144 0.531061282942954 0.543623638207509 0.545927473507494 0.558721962695712 0.584785012136058 0.585194021667122 0.579855382001704 0.602250497420808 0.623860616494206 0.631075725484127 0.680018252594414 0.687045574894207 0.711446271398192 0.730691492975083 0.754479019699335 0.768414335391424 0.777889833773407 0.789830763975456 0.801904485555332 0.81369152761706 0.824997378588476 0.834057915663489 0.8440371280172 0.856119027493766 0.86699976121113 0.87234962797501 -9999 -9999 -9999 -9999 -9999 -9999 -9999 -9999 -9999 -9999 -9999 -9999 -9999 -9999 -9999 -9999 -9999 -9999
0.401470557115421 0.397425823595153 0.388967003315314 0.383931033334611 0.394046581897582 0.403825662897775 0.413961554302412 0.42291500644705 0.435675427102219 0.445657984648609 0.453649836238945 0.470752684999536 0.494652685891872 0.5164714662416 0.534568381905483 0.546368784235393 0.552277250816858 0.551029419094536 0.579634890330081 0.594368013748868 0.591241417431686 0.602087119588449 0.616271419519784 0.638702938455606 0.688822198809844 0.702589108143183 0.72539489369565 0.735337643542926 0.761757418631363 0.775532482766785 0.784815091003947 0.792449430451032 0.806935687930292 0.821316813276744 0.834856148225221 0.841078653440445 0.849524527886189 0.86231376556212 0.87020647143543 0.87202276339073 -9999 -9999 -9999 -9999 -9999 -9999 -9999 -9999 -9999 -9999 -9999 -9999 -9999 -9999 -9999 -9999 -9999 -9999
0.397604890135217 0.396391561979678 0.387930960582153 0.384239795085927 0.390460685335476 0.401589938828688 0.411387074706678 0.421520562575834 0.433465251101861 0.446504250829176 0.45973256070207 0.476972181816025 0.498569458533227 0.519849400917336 0.538081479981854 0.549237187951575 0.559255641864027 0.551498571004862 0.584405116485423 0.605110704405376 0.599886574950619 0.606538907614454 0.622382941360027 0.648596201152049 0.688896302175641 0.716900997623977 0.730776500405365 0.744861484631989 0.755793227815054 0.764768863365306 0.782275067922573 0.792305912914367 0.811593255748115 0.829799921515573 0.838344489996434 0.848891868163081 0.859474788569683 0.867839484901292 -9999 -9999 -9999 -9999 -9999 -9999 -9999 -9999 -9999 -9999 -9999 -9999 -9999 -9999 -9999 -9999 -9999 -9999 -9999 -9999
0.390803258411997 0.391937844320701 0.376512315321509 0.373536653144722 0.387215606050636 0.400337436223244 0.410386712813624 0.419290054989505 0.430686216990647 0.447299888350665 0.463469928701767 0.478435056294226 0.496603428350435 0.521794163020452 0.541355658283497 0.551836107271183 0.5543216108441 0.561877627820579 0.588660507165535 0.607463345539555 0.599972752390571 0.622154180643846 0.635673745410795 0.649573777064221 0.686260866723029 0.723316794292152 0.732919300252509 0.736112916389296 0.745421489088236 0.754006216385393 0.773970257665208 0.802868286496672 0.82042948485918 0.836300291253525 0.854790824336401 0.859835299800443 0.863385200065931 0.864601815809022 -9999 -9999 -9999 -9999 -9999 -9999 -9999 -9999 -9999 -9999 -9999 -9999 -9999 -9999 -9999 -9999 -9999 -9999 -9999 -9999
0.387846060684953 0.388049390980065 0.376646974805775 0.374479964957384 0.383912238309707 0.396717639341534 0.40769746412188 0.417386121513344 0.430010163653611 0.446391900605484 0.459868084071158 0.471839021799256 0.493514705388764 0.525822944797994 0.543187035155924 0.554152682803577 0.557424073981492 0.570276935511336 0.586526660502078 0.613102816732369 0.611069267281126 0.639035828485209 0.639745174832683 0.656679812497937 0.693661057513871 0.724341924158061 0.730288076349127 0.733695325891226 0.746691426031601 0.755107595330891 0.772837934700657 0.812985228779787 0.826827444772675 0.843386859801502 0.856530229636467 0.86303581334907 0.862903711323952 -9999 -9999 -9999 -9999 -9999 -9999 -9999 -9999 -9999 -9999 -9999 -9999 -9999 -9999 -9999 -9999 -9999 -9999 -9999 -9999 -9999
0.385317253622118 0.378180948812274 0.369145327753381 0.371859000130978 0.381138329741082 0.393418860784913 0.405002739053455 0.417578563832792 0.431701251519524 0.44551978756769 0.458842480388832 0.47952237761935 0.508277385455293 0.528622409517876 0.545643866141542 0.557824322596118 0.568231220587104 0.577039280970611 0.586577719757085 0.630200871937649 0.653049048842732 0.635397096453999 0.639541779111082 0.679176716987566 0.714640698026928 0.733093253017723 0.731427419846241 0.742318839969933 0.760297157384005 0.770313064180353 0.789006317524795 0.817287496208309 0.832597274821957 0.845137992706959 -9999 -9999 -9999 -9999 -9999 -9999 -9999 -9999 -9999 -9999 -9999 -9999 -9999 -9999 -9999 -9999 -9999 -9999 -9999 -9999 -9999 -9999 -9999 -9999
0.381173049102205 0.375617828991501 0.373313159457953 0.371284600796085 0.378211490774023 0.390301232589035 0.40401310401028 0.418846823801284 0.434417670934322 0.450928375961671 0.470390510413339 0.490565657497569 0.511450056510836 0.531171437390656 0.54802172980885 0.562279497559116 0.578312147937211 0.587807351552567 0.596803751755957 0.63418738231984 0.65185775646001 0.674154128771115 0.67525226245073 0.697884194514134 0.731031509137454 0.746155893876373 0.746431454616749 0.759334269856862 0.775520968799466 0.795782419912598 0.810125900478451 0.822550427913981 0.837804370315399 0.849409941933831 -9999 -9999 -9999 -9999 -9999 -9999 -9999 -9999 -9999 -9999 -9999 -9999 -9999 -9999 -9999 -9999 -9999 -9999 -9999 -9999 -9999 -9999 -9999 -9999
