layers/veg_tps/veg4500.asc
NCOLS 255 
NROWS 330 
XLLCORNER -2985163.8955 
YLLCORNER -3022031.214 
CELLSIZE 25000 
NODATA_value -9999 
[rows 125 to 149 of 330, columns 58 to 115 of 255]
0.137214188133691 0.142736612146809 0.136045361151953 0.17272644818221 0.223954055869315 0.215225345190938 0.202038624357462 0.174125658578671 0.179194202050394 0.195880242892479 0.239878880700375 0.218637947107156 0.219563519686474 0.183752223243437 0.160532549974834 0.185084196649956 0.187075974627674 0.295264731183682 0.32364981599277 0.375687974015046 0.462546374974186 0.495612027385179 0.51716105723071 0.533995898735 0.541235777183944 0.557686721565389 0.574095279439024 0.581535583055832 0.584042976431907 0.579217067175864 0.572647896425268 0.566081800607961 0.555938650683335 0.544734664202661 0.533210026996059 0.521018502883968 0.509035508625553 0.497037229867335 0.48854940176406 0.4767082630702 0.465014342339316 0.45331827953049 0.441400312127128 0.429621173796773 0.41848613082794 0.409837105620244 0.400743534431043 0.390145035830149 0.381026211206854 0.373265389982787 0.364410392885085 0.355199017443968 0.348341371907361 0.344321589742434 0.340659137853547 0.33719841079637 0.329277078810461 0.311087511101926
0.122080340274354 0.128998597418561 0.155335357197634 0.232370565162591 0.240184554330988 0.159494996171371 0.127050846365477 0.153895621482985 0.135078616588462 0.171669716186325 0.226343695547875 0.213130655082118 0.20143860154374 0.181322380391347 0.162667507410193 0.156656680215406 0.198665506478145 0.224282681275946 0.231783883613943 0.297142656624125 0.393320651555378 0.439677520719641 0.469715761628219 0.500637023623747 0.508598069550713 0.527181972589478 0.550233290115676 0.557907878280036 0.571754738055202 0.572106238115387 0.566344068741754 0.55988718949591 0.549894695910641 0.538752816321268 0.526981287569842 0.514821270396907 0.502657543933133 0.490545889520429 0.48171437980135 0.470276801502108 0.458258833239354 0.446325466413767 0.433983049049924 0.421694998606448 0.410866642344534 0.402260373228247 0.392327494212243 0.380938980135517 0.371805346444422 0.364401327183451 0.356788132789171 0.349146207198631 0.342030295152212 0.336779465733391 0.331393127278716 0.329332546090411 0.325354823911856 0.315862776586245
0.116651746247544 0.117992602083263 0.132946901897773 0.182357607521812 0.155262674439113 0.117776728860793 0.121229291498596 0.167165702962921 0.153979894380695 0.141951374863803 0.180901483921896 0.190607034517035 0.191014814146496 0.202256145147457 0.185459303824591 0.171442234668095 0.178636517083173 0.201792747061095 0.221050731655767 0.230457405295934 0.264207665656083 0.331224866201779 0.404062344040746 0.448343143866739 0.468072684994424 0.488902887560175 0.493143113841797 0.508871458128967 0.559363678451719 0.55789471989082 0.557873881003373 0.552436353870968 0.542566459993383 0.531747486284405 0.519986653393643 0.507595822686763 0.495878238485612 0.483828347745136 0.474891081237869 0.463502586803725 0.451207076455885 0.439218773470592 0.427246752372442 0.414694041688219 0.403450023357568 0.394905760457206 0.385574902146032 0.374259570417859 0.363352094668362 0.354923948783547 0.348303982050795 0.341058132873267 0.334763121546245 0.330451226315379 0.322805841740216 0.318830422798047 0.318983921326802 0.313673887487113
0.119134859857928 0.113171176105506 0.122718883919401 0.150381648374178 0.113390681976963 0.148826946011691 0.191473727687173 0.128814794330595 0.145531659765299 0.150395633741831 0.162472407330591 0.168064617342865 0.177139087517746 0.202523360248213 0.193657158631663 0.168268918809064 0.181554094171442 0.207466479896357 0.217563438870676 0.226838358388743 0.233942835794636 0.260933367556798 0.299469540847752 0.328689706452116 0.418688741485138 0.465319179782397 0.446757959586058 0.456004791697992 0.542422555106898 0.544673676710337 0.540993623028848 0.537262780960222 0.534242703389987 0.524018604458453 0.512192172292529 0.500135649389644 0.488507336533906 0.476899696035129 0.467836784984356 0.456672680365147 0.444268516320302 0.432146945426409 0.419930477688165 0.407579247432691 0.396022195850834 0.386918679825252 0.377973704103284 0.36305324017316 0.350315550787216 0.346383509504038 0.339295750890388 0.332160543531653 0.325756065071123 0.321404088618718 0.315406365688074 0.312092804341962 0.312309089796661 0.30845502130363
0.139764892404328 0.10722527043544 0.118733422337364 0.133298012991633 0.103658850521531 0.101471490918505 0.142266031168833 0.103525638539201 0.0862226412630839 0.11223479225243 0.145927405559119 0.168672087591865 0.159936438614858 0.184479662989993 0.19063371303831 0.168105978797562 0.187515603951246 0.218954955695954 0.22031677155836 0.216622004878497 0.214448391986296 0.213692455734046 0.222474723225536 0.267628291545096 0.396823156660632 0.444830897551943 0.453176307436027 0.458023084808468 0.509935793474785 0.535439847685418 0.523571969367397 0.518135439567256 0.524231341979045 0.515497303681092 0.504251970610146 0.492560955610498 0.481164130387366 0.469836830733354 0.460291308463209 0.449519798253403 0.437299835429498 0.425009994586746 0.412838852679302 0.400696651442958 0.388640334433584 0.378900569352233 0.369625163422626 0.357339691385604 0.345410047646289 0.336806408500283 0.330658336400391 0.323688403466299 0.316666709204869 0.314929087384157 0.307726481285619 0.300128184975438 0.30456446923411 0.304078916367239
0.191224812047462 0.106812394476274 0.11798439713741 0.110916391768988 0.096166116743844 0.0929539618618597 0.112378571414757 0.0915399148825385 0.084844359475708 0.0988575151867741 0.134054399339479 0.136780621404547 0.143647565978632 0.174300446655921 0.188528550119988 0.180083941974785 0.194559835627296 0.223705571147875 0.226439273418407 0.222843652503848 0.232451317820911 0.230441339427417 0.209432407490587 0.212954511508489 0.285306468672422 0.449677885326368 0.454373863931537 0.453398121663263 0.50496737625481 0.502921405649226 0.519814842534124 0.508467167603738 0.513765846979929 0.506319031358228 0.496850785238394 0.485832278274424 0.474802812061405 0.463762977023688 0.454265278701542 0.443688829765606 0.431463184444901 0.419350807569504 0.407439481023538 0.39529236950695 0.38312934416414 0.373321719776253 0.364459012931644 0.35398413543657 0.342953165433326 0.332065155087759 0.324544326828288 0.317176227808614 0.311404376975427 0.308308136788469 0.302086657774812 0.296112685673915 0.297289286857348 0.299130954547221
0.238148036918691 0.137270830371646 0.142151011868664 0.105481158996223 0.104830937291137 0.119473385711097 0.0981168128691663 0.0786602674676237 0.0717823493876271 0.078805322082933 0.094788648024313 0.101787403452318 0.125448416496994 0.156769714406632 0.175910626478196 0.182651510771858 0.192055207442429 0.213627085868569 0.228881354125424 0.231108757357941 0.242435288262513 0.239748807149048 0.22123926318619 0.216744991168668 0.284543823202146 0.378001478723724 0.454815106673506 0.47166383702705 0.442474345310219 0.500234900751291 0.472039626503071 0.497273972758601 0.502860697821836 0.496552833497922 0.489265161361578 0.479578316972504 0.468915620060429 0.457984618921223 0.448854655886211 0.438177196651556 0.425785963274903 0.413718361576379 0.401639451049111 0.389446610889115 0.377580481992295 0.367553937373904 0.358567334888155 0.348263221867695 0.336805839119628 0.324748681560262 0.316414835687727 0.309189835947626 0.303298898586081 0.300232082808094 0.295639607920917 0.290980959047213 0.289718621468858 0.293732531803843
0.315429744087657 0.215815533955669 0.205857636413523 0.156575482065695 0.14232917995705 0.157120063403814 0.116423937059528 0.091662916092816 0.0737955316669296 0.0766805120131904 0.0911927432284271 0.0956189466897516 0.11040900450145 0.136303098628565 0.149811622316745 0.15329436869915 0.1643261005109 0.184854680011995 0.220290957088227 0.231635858005202 0.239013018786916 0.238139047728668 0.230445624337842 0.221439677821801 0.278204515300153 0.357068368766876 0.410069047348852 0.466446119276445 0.450428732514788 0.481490362458262 0.490500176969284 0.489460926879204 0.478364058324266 0.482105131895423 0.477817692262072 0.469523006293558 0.4606593931896 0.450020630047752 0.441045195178219 0.430701632053665 0.418799560941513 0.406758751339404 0.394222128752808 0.382201227913959 0.370932600167187 0.36074355440039 0.351396706090155 0.341099680499252 0.330048642471581 0.317130606570996 0.306183844565712 0.299876658596341 0.294909265125496 0.291137974998043 0.28462802938916 0.282270778380666 0.282019866762155 0.286247173768744
0.336442220684473 0.278538354741563 0.225886735723163 0.239821928090122 0.180996755999694 0.175906943502041 0.168530573338686 0.142999320542673 0.0951443074348827 0.0856621696180608 0.0976611208884258 0.0865608891376959 0.0947285511279924 0.127363170523276 0.15363116280499 0.13522060921974 0.14135756659637 0.166275779414084 0.195773778674767 0.227331926740013 0.235097471707391 0.240016739769459 0.234287443747973 0.227437013282862 0.258718537072349 0.28304073173542 0.333908500147584 0.418098690230063 0.460627906150533 0.464457740450476 0.444427465948882 0.450339814957738 0.415163146914368 0.44116434190931 0.461106501474487 0.458494451282015 0.451063922956669 0.442023398936984 0.433290738026862 0.422909952754847 0.411406863066153 0.399590214663666 0.386826086770071 0.374792167919994 0.363744782387931 0.353701810463016 0.344522276411526 0.334511494268698 0.324430345225678 0.311099088954802 0.297002223570151 0.288446737820922 0.284591778944392 0.280632765883992 0.274566945576859 0.273633093987352 0.274149344999867 0.276879100755127
0.361742011537009 0.31809666123381 0.255309909296416 0.18384359809471 0.148240972019633 0.1665629291344 0.209341273477475 0.199891546745092 0.133850537433058 0.111615774306914 0.152244406505365 0.15951352273042 0.132014579859223 0.143420257630363 0.137542283297358 0.130362430270417 0.14983447702586 0.175353963586377 0.184071176010145 0.21834880945724 0.225543653297939 0.231795275029807 0.236216151883842 0.236568539295693 0.247252190953865 0.216159742606559 0.229102696080537 0.309522437771095 0.414746424649125 0.428658935292932 0.415753805482237 0.425618261404871 0.40925928416823 0.411335267697773 0.434855260770395 0.443042304236258 0.440498659080519 0.433790349802421 0.424901977046522 0.415242886309391 0.404039279817545 0.392052748099062 0.379736236796931 0.367821793720784 0.356276785291509 0.346362278900077 0.337926168379608 0.327837020380758 0.316704013555065 0.302851454263977 0.288780191156385 0.275398416840513 0.270116483483952 0.269261341284114 0.269403841707286 0.266555005475568 0.265961193113693 0.267098753612142
0.389289633820483 0.37202039778062 0.312398745262528 0.232766905417922 0.183557348707615 0.181769009288466 0.181722665818346 0.188304487291815 0.188286371430397 0.164168475296721 0.211072624921274 0.200859342716246 0.150708485254766 0.143063818457654 0.124272826062816 0.132608682751741 0.140205915860788 0.168764927394065 0.161794925361606 0.192415810705939 0.207700920833044 0.219932282249449 0.226606310064232 0.229446773273291 0.223114399660964 0.227095961663875 0.164204346389678 0.19953823515723 0.324585852324676 0.379476373244472 0.387669809082388 0.402621423020609 0.392842375544168 0.375644072016852 0.385440742996567 0.416461934200799 0.431385855329471 0.425012787097118 0.416402380258842 0.407401505293426 0.396393346927901 0.384376073562205 0.37214337425007 0.360531475708562 0.349189465336519 0.339513465369259 0.331711227004323 0.320904651451204 0.309173136645276 0.290825392016955 0.272065535688458 0.266955412599727 0.25849333018532 0.260766559450031 0.261077594887653 0.256228944855902 0.257442637300245 0.257896707389046
0.413881432966246 0.398847110584466 0.366023748479557 0.31395892746755 0.255840021241868 0.249144801302302 0.267874564490647 0.270152089013067 0.255659535739234 0.236247957410065 0.255684096542848 0.176504393241797 0.165815811051495 0.160729123265695 0.125654141478572 0.13838150002365 0.124894990433155 0.157574038922276 0.167202774173883 0.156517780480671 0.199658891666261 0.199360713724591 0.215306276092073 0.219699585440209 0.208669304877201 0.213893753182029 0.19278549461061 0.170532283856336 0.236005908869318 0.310915683156293 0.354969254348128 0.366356079507067 0.337996733864748 0.336913477026162 0.346415900679519 0.364564426524404 0.395552753592255 0.411001877856613 0.408041329544528 0.399148180917204 0.388023317991936 0.376344682612878 0.364800983713148 0.353213603564409 0.341891026901265 0.332234121862517 0.324647530195514 0.314755761867667 0.304693755234468 0.293435420455894 0.281832213280936 0.267449510922908 0.249380014823947 0.24865993243639 0.252652749120741 0.2504992249721 0.248005147844301 0.248009503729238
-9999 -9999 -9999 0.354874960018821 0.30285150195391 0.318580291643902 0.301748348402761 0.287411140910382 0.28098855836133 0.292799104834868 0.337281456657746 0.289193537556044 0.243620350254124 0.231695889329821 0.163808590564746 0.145006191309936 0.114182876517579 0.153772370963271 0.154327293931166 0.139337633982735 0.166694725503232 0.189146275883972 0.191062906900109 0.183003748387262 0.200133623762073 0.201969552187679 0.202989237339601 0.187666249259977 0.176325693490769 0.220640290858968 0.308384513223906 0.327549125635131 0.278143658859875 0.303222582943424 0.323256221350273 0.306110153844719 0.341086102545806 0.386772950973872 0.399893913692161 0.391098429048311 0.380103245295439 0.368868065640608 0.357884494650549 0.346259602969488 0.334654734325408 0.325634097822755 0.318655347917301 0.30860072478537 0.299191269398587 0.290486320792541 0.280775390852373 0.264523031177288 0.250327874646881 0.24964420285373 0.250145897682865 0.243336569179576 0.243971452680361 0.239925435868526
-9999 -9999 -9999 -9999 -9999 0.349355756489428 0.32057806560688 0.348849204398902 0.341500610488223 0.335658252155566 0.343778400575638 0.337670524201979 0.328265518786552 0.293127865869221 0.234387482864236 0.167732327415512 0.152903477844642 0.164195021160265 0.140948377823986 0.130236400209383 0.132974315402794 0.173328765551772 0.172262540309125 0.184668638440057 0.187716324458994 0.179723224904326 0.184270504359207 0.185746944596121 0.189926608643524 0.195283798602142 0.215484491766371 0.28387624725331 0.266921711529892 0.270303733194223 0.277316524854735 0.256988773006834 0.295860240004782 0.344951050563554 0.386129094118515 0.382825197008145 0.373639690231228 0.36315955898841 0.352297112568535 0.340498555235036 0.328798988601462 0.319681360195844 0.313170293911744 0.303639182298672 0.294491163021635 0.286300703116561 0.278431136171474 0.267933705492449 0.256035871742456 0.256091701694658 0.247591103739789 0.244523401899495 0.241046643874236 0.241729795941281
-9999 -9999 -9999 -9999 -9999 -9999 -9999 0.376241269493504 0.36085112632362 0.345066920105747 0.374447011636003 0.344227115489056 0.341881592789154 0.307514540026848 0.248172752059876 0.223969290979045 0.245105950364076 0.178280770516404 0.128657988747656 0.118569430147765 0.118202221060855 0.158392158979601 0.158038806365492 0.178983330018599 0.187920550912844 0.181414108140111 0.172995277359915 0.167700868228239 0.183030961213003 0.228808367472288 0.189105080185474 0.178986556460629 0.238816557808242 0.213885169601159 0.164153803354301 0.203096989864051 0.256716033355492 0.279451349467714 0.341599992692029 0.351536370042208 0.356945913411657 0.353018346824981 0.345211038379673 0.333417561830734 0.322968094388895 0.313055947313889 0.306342646488064 0.297390128749643 0.28856115719853 0.280642551431489 0.273367477214783 0.267038432093241 0.258875332178996 0.257232199241851 0.248353470380652 0.244063525024859 0.240906317763382 0.24296047449248
-9999 -9999 -9999 -9999 -9999 -9999 -9999 -9999 -9999 -9999 -9999 0.353557745636228 0.345245616418007 0.343860020542438 0.322550264957671 0.305901084269849 0.284521474156631 0.167818183990704 0.106889462045038 0.113143180095905 0.122939677103066 0.144533829841719 0.145192716354848 0.1629659248717 0.179068189894533 0.178049920058293 0.16827582212169 0.157276988102078 0.163529652284926 0.181240095842025 0.162818295905588 0.125371244117157 0.149995770173733 0.21686888643851 0.186081258547138 0.105817136092475 0.121950149121778 0.195784531483215 0.23237096944185 0.265292041481204 0.315279531472784 0.329883361997267 0.327532238042057 0.317951631206785 0.31542654196098 0.305174438530945 0.297993856431554 0.289355878048906 0.280957244649781 0.274002133698579 0.266948435251103 0.261333000984994 0.256540051372264 0.253245909394275 0.24824080560084 0.243094535736477 0.241587955596242 0.239845389326871
-9999 -9999 -9999 -9999 -9999 -9999 -9999 -9999 -9999 -9999 -9999 -9999 0.3855836283705 0.391083623006311 0.361663301334465 0.330421079194922 0.305690772652255 0.216266521656695 0.138774989869212 0.15137300465683 0.137347080696792 0.125926800904108 0.132839058518134 0.145920059924193 0.161768988544623 0.167722246033393 0.165016903507907 0.156431717327624 0.15814891267669 0.162309998808091 0.148213604818251 0.123150482400027 0.131001263870449 0.168886356608364 0.163688357172968 0.161744364076475 0.179932157718528 0.131919425088798 0.117375861955803 0.192518057846417 0.270598954249466 0.295205042625729 0.285265990682796 0.281568660083312 0.298505428379741 0.292563099951886 0.287689483911968 0.280131491829584 0.272208331907231 0.266877348375657 0.261059345353731 0.255285078873139 0.250765076261445 0.247743840173688 0.244119368928538 0.240854195756143 0.238875577079399 0.235370426649742
-9999 -9999 -9999 -9999 -9999 -9999 -9999 -9999 -9999 -9999 -9999 -9999 0.423108373849396 0.409963727183418 0.37390014575535 0.348186910105357 0.336269212329352 0.288552901936575 0.243716864529124 0.22395752047856 0.139039946018027 0.106284455126805 0.1265614296778 0.133351848179084 0.144845122354185 0.152978441615057 0.156321710364178 0.155272474523541 0.156027328122215 0.158141840957899 0.147807692653151 0.134186386226635 0.129234708765291 0.12978891457133 0.14605880516859 0.186160508582251 0.194087801780141 0.148416998090583 0.10737594230346 0.107446240741358 0.153813420809495 0.167156243770584 0.212874309207549 0.203536717631658 0.228573692995634 0.25653074717885 0.268641149814067 0.265969968881827 0.260868474701339 0.258438628499296 0.254756636623576 0.249353872357943 0.244592800699694 0.241583816968152 0.238434754740203 0.233806570597677 0.231705670652421 0.232979940540297
-9999 -9999 -9999 -9999 -9999 -9999 -9999 -9999 -9999 -9999 -9999 -9999 -9999 -9999 -9999 0.361684487969302 0.368711580976102 0.354820578497702 0.329281610042816 0.29697325353375 0.21214199763346 0.132637221893775 0.119457320531838 0.126976168110766 0.125799046273414 0.129985338132962 0.137106162538691 0.142626525658391 0.143403783069335 0.146982059362753 0.146543301642343 0.140572590818468 0.129684624732082 0.109940964371456 0.115620486250762 0.143523923819034 0.144538784490855 0.173121350295853 0.135620479315768 0.128792726832171 0.17887225290842 0.1706016574392 0.196987340957934 0.189338433428727 0.195157156501298 0.19940038894746 0.226576741408927 0.236546621852516 0.247775074372297 0.252100611215182 0.248030366368918 0.24306351831307 0.238896721709771 0.236020310390856 0.233095360601229 0.230884775375717 0.229325830852963 0.22718712121817
-9999 -9999 -9999 -9999 -9999 -9999 -9999 -9999 -9999 -9999 -9999 -9999 -9999 -9999 -9999 0.372001859625468 0.390250129956326 0.400299312839269 0.383823168422139 0.361531465780592 0.288345850555326 0.177785553015319 0.120586586128864 0.115139013109368 0.101161771464401 0.105987246718749 0.119314026907673 0.115504550660464 0.123458751548502 0.130556461608176 0.134045407881034 0.136920624631927 0.12797726926757 0.104325649764953 0.0885074597663816 0.101863904480141 0.102638085300034 0.16447607709212 0.154713140427685 0.16250708833975 0.173623249560925 0.185267070152636 0.180025642381918 0.189272441563616 0.181248289866235 0.174782372669656 0.19409164163067 0.222698158519218 0.236534038478314 0.245342107970862 0.241651617868492 0.237142904680175 0.233348936074358 0.230645978833344 0.22809540911047 0.226118043113189 0.224441898508069 0.222107389868235
-9999 -9999 -9999 -9999 -9999 -9999 -9999 -9999 -9999 -9999 -9999 -9999 -9999 -9999 -9999 -9999 -9999 0.419896036766597 0.406718323832024 0.397704922910275 0.335637039738154 0.21283158962153 0.130901699521041 0.0991223026815818 0.0808419080061579 0.0926035778026355 0.119138013446048 0.108515117522777 0.117863833187559 0.122231379710382 0.114683828530437 0.128419196076467 0.122159697799378 0.101721853851967 0.0735414639094211 0.0918329311560105 0.0977936028179672 0.132585328601161 0.170135789488493 0.159677835205709 0.158178916425436 0.178747637654583 0.165786285948459 0.1825855131053 0.163487204236598 0.131169092717034 0.178938174092772 0.21572903008816 0.231682463318043 0.239325173551848 0.235126684212716 0.231396991816191 0.227688603588424 0.22520274870267 0.222889898134349 0.22095300175197 0.219408197069559 0.218327407177932
-9999 -9999 -9999 -9999 -9999 -9999 -9999 -9999 -9999 -9999 -9999 -9999 -9999 -9999 -9999 -9999 -9999 -9999 0.410198748033989 0.408873949059223 0.361777560735854 0.253439437280525 0.163498629252265 0.109296811198987 0.0799036717902455 0.0900355573260617 0.109940557953258 0.125533957708304 0.125499027942894 0.121745881474229 0.120150899578326 0.119327544563755 0.115348605467126 0.0972387148818157 0.0634229770774766 0.0849229979566117 0.0953379798707239 0.0988732371622807 0.174791024418274 0.130102512900808 0.150542110767456 0.160624216668943 0.172740234269527 0.194569437644943 0.151590368197853 0.115514110524664 0.171815089399529 0.218328271464153 0.230615760820483 0.234736513306742 0.230597623148428 0.226934984185168 0.223365023636215 0.221098750039181 0.218895656250546 0.216992018151661 0.215400716983709 0.212732211793679
-9999 -9999 -9999 -9999 -9999 -9999 -9999 -9999 -9999 -9999 -9999 -9999 -9999 -9999 -9999 -9999 -9999 -9999 -9999 0.382757317079839 0.367545032015858 0.284184707681717 0.194169573754288 0.117275510537567 0.0908427877100493 0.100611508207751 0.11236361602595 0.126034383568425 0.123838517897691 0.119017572921092 0.114889522317918 0.114168852435966 0.111320432748584 0.102194753767315 0.0801086457068268 0.0811007601537147 0.0707350358839127 0.0648226589478435 0.12209464678841 0.117358061793235 0.13497124220593 0.144041536778737 0.171329811962994 0.204883768841234 0.148747955802694 0.145454008045147 0.178514118967618 0.222984181774696 0.229086479697573 0.230133327706061 0.226149354929669 0.222499803260934 0.218854633403156 0.216066050922419 0.213372061960462 0.21058474188168 0.208796958320002 0.205669164177685
-9999 -9999 -9999 -9999 -9999 -9999 -9999 -9999 -9999 -9999 -9999 -9999 -9999 -9999 -9999 -9999 -9999 -9999 -9999 0.360210757400061 0.355224487121117 0.290811804839746 0.215852591095892 0.122978919558809 0.0826973404109999 0.08387790463207 0.108858332505978 0.120403703874678 0.118466643321492 0.114482020178981 0.108195442110387 0.105305330775935 0.101907750395393 0.0955235613902211 0.0653440930823358 0.0467283359377266 0.0540055481729852 0.0476547672050201 0.0772920223414611 0.0854433026099025 0.1418008326887 0.117891202644968 0.0966270910709666 0.148097404597008 0.147099464549558 0.182132288435022 0.195712100251627 0.216019187257822 0.221471370603087 0.223185471605985 0.220211956157131 0.216990562773373 0.213277699117892 0.210179542935467 0.207255942827032 0.203834372791051 0.202682664122229 0.201259304694363
-9999 -9999 -9999 -9999 -9999 -9999 -9999 -9999 -9999 -9999 -9999 -9999 -9999 -9999 -9999 -9999 -9999 -9999 -9999 0.357919638528261 0.344790020239752 0.302244471599931 0.241717006145972 0.144532968099126 0.0590826142628073 0.0451082628804356 0.0733598000172183 0.0950289235348709 0.112223937237769 0.109507374665552 0.103032452937174 0.0970760107735916 0.0933970581685869 0.0889178202439077 0.0714390451631832 0.0308238469740797 0.0442112741862148 0.0467547482016084 0.0824557113092813 0.0812378232352272 0.0825688494337892 0.0557538170894601 0.0706210869691549 0.121762982638931 0.146592534966518 0.195681357124234 0.17742687871008 0.192002772831026 0.203415905035635 0.212513200015673 0.213362848509182 0.210558727221643 0.20729782553168 0.20520294588935 0.203226403055962 0.200655853582319 0.200719044736548 0.200907625399754
