layers/veg_tps/veg4200.asc
NCOLS 255 
NROWS 330 
XLLCORNER -2985163.8955 
YLLCORNER -3022031.214 
CELLSIZE 25000 
NODATA_value -9999 
[rows 130 to 155 of 330, columns 58 to 115 of 255]
0.126087422086 0.0515297336884611 0.0629028787787064 0.0584876001056514 0.0468973130168788 0.0472026302468871 0.0686055017189274 0.0550221058618971 0.0547740928666854 0.0736288659549694 0.111789681512196 0.119494412199525 0.131898334433343 0.166471490603407 0.18636278098224 0.185923192429351 0.205807095302096 0.238582483499292 0.246579700509409 0.24815862725368 0.262531647729203 0.266019161229338 0.251909123979054 0.259196560345652 0.327318997281042 0.476295492753459 0.48089747948376 0.479583382020374 0.524213610273441 0.519818517684476 0.531597042836415 0.51881995167899 0.519511725824633 0.508577209471052 0.495795028065717 0.481694241470461 0.467762118825267 0.454039923497974 0.44277345566998 0.430366361070712 0.416451157660888 0.403056975800005 0.390287858486199 0.377840995944093 0.365956774214775 0.356751590056066 0.34895530356246 0.340221467154382 0.331459571041277 0.323215553524435 0.318247294474967 0.31362735215804 0.31036167132555 0.309130904842632 0.305663141036867 0.302433912866107 0.305764564475167 0.310052542745327
0.165030571458511 0.0756714272742912 0.0813608400866404 0.0504429841018911 0.0514766275596853 0.0675483462001918 0.0523541934309452 0.0397568347035402 0.0390917670298962 0.05144338490762 0.0722093573574252 0.0837469054429974 0.110783593475894 0.145878326700563 0.170116917248755 0.183220736222205 0.198565869232373 0.224574899064474 0.243935049038633 0.250608013915028 0.266530733912881 0.269450618868334 0.257638092896446 0.257884287511393 0.322096112061931 0.407979918683833 0.477258236524711 0.492160218063108 0.464809600572863 0.513928089571167 0.48552097573838 0.505374674778896 0.50639727279301 0.496513057655856 0.485726524817249 0.472870993879662 0.459323444822177 0.445757566050393 0.434809469004155 0.422400815755196 0.408402766575114 0.395114227572959 0.382265745967631 0.369839587590997 0.358272256813689 0.34889293785554 0.340980341798397 0.332375879601413 0.323175481974513 0.313800428058658 0.308014463506693 0.303442613718198 0.300022721802013 0.298786915716275 0.296792684581979 0.294810276039816 0.296074704833627 0.302393099322713
0.23134822154062 0.143054264894717 0.135483439190829 0.0933098715425304 0.0822980999496416 0.0984013321756485 0.0658683044856386 0.0484125490577457 0.0378154590966214 0.0463587267031274 0.0657333994431511 0.0751382376172436 0.0940535601082446 0.124175082255536 0.143259625507496 0.153247112435398 0.169833984778418 0.194694660349701 0.23203041785917 0.246517670922367 0.258699988420258 0.263056449812345 0.260760978653784 0.256862572954171 0.311062988054471 0.383886275021612 0.431898417025036 0.482183809873823 0.466655941426344 0.491977153320129 0.496848902301674 0.493255269719887 0.479575465844997 0.478837592302117 0.470911773628307 0.459482666172137 0.447717522502773 0.434580439518631 0.423852907625597 0.411913520374284 0.398499595343607 0.385373404658632 0.372249877992027 0.360093124059951 0.349156269294648 0.339690996612042 0.331480800671481 0.322887863435212 0.314019531724333 0.303811669640715 0.295623487696338 0.291816017955657 0.289197669202923 0.287324302140385 0.283659193056363 0.283821920708577 0.286109726259617 0.292715667862892
0.248373431163096 0.197330488161691 0.151528343796416 0.165711848521294 0.114812548718409 0.112897836305371 0.109919523875532 0.0915005366103852 0.0538201766729449 0.0509964603861297 0.0678136015931844 0.0632543117793243 0.0758014531329736 0.111642052139546 0.141827796249439 0.132055784669563 0.144094462935041 0.17271662115989 0.204755784906704 0.237065239295116 0.249470675680703 0.258917506692463 0.25833143708855 0.25633156766092 0.287694779289328 0.311833067251371 0.35804155011068 0.433348729966481 0.470306619245395 0.471441191252606 0.450487887966696 0.453152774920492 0.418168589229227 0.437503624404273 0.451422540556747 0.445266738173776 0.434967900776685 0.423434927599592 0.413018743191092 0.401220331878213 0.388315692664534 0.375530471081556 0.362336269494793 0.350279870929844 0.339631916283824 0.330353300821431 0.322313402598057 0.313979445797233 0.305953211763494 0.295331485843369 0.28428061154122 0.278426133270516 0.276792709607113 0.274752070138155 0.271531453283484 0.273049374516217 0.276126585137678 0.281481080072895
0.268816341366306 0.230362491619078 0.175342982825452 0.113113739542767 0.0829489365686583 0.101757767347768 0.143431644260239 0.139163670017276 0.08500215986695 0.0705290094143291 0.112679870160011 0.12450697209221 0.104834197625579 0.121494635695783 0.122758882743037 0.122831680748737 0.146607935560414 0.175592004634142 0.189050658727168 0.223555768397033 0.235328110617091 0.245876106965559 0.25429595039078 0.258661150994771 0.27151526181878 0.246165730728244 0.258636366324977 0.330730514843136 0.423867996851739 0.43413710753358 0.419658120274773 0.425905294668496 0.407951678217243 0.406115413045645 0.423447795407576 0.427155873571005 0.421426761598574 0.412169667566185 0.401719611323945 0.390738241063832 0.378254374846937 0.365455050440173 0.352787857296013 0.340944545928067 0.329936282274809 0.320823983629271 0.313463963255113 0.305057297023056 0.296070181744519 0.284961953235812 0.273906914897943 0.263719340348377 0.260815399611221 0.261554355640992 0.263930178000611 0.263813187883044 0.265988018138075 0.269996505198851
0.291787377088973 0.27634742367324 0.224021145360524 0.154416360496907 0.112090867666225 0.112725993438792 0.115974044353266 0.125823612922677 0.130426303703195 0.114023087423604 0.161539110785672 0.157709440932368 0.117454461808673 0.116876108105151 0.106395514830205 0.120134324549453 0.133117525055224 0.164642507496015 0.164065807638392 0.195070633126928 0.21393058014692 0.229702839782143 0.240034345147144 0.246512767715444 0.244087701879553 0.250085044407242 0.194925143935036 0.226874220608789 0.337877699272844 0.384870788808056 0.389342904491202 0.40019242113097 0.388344305143473 0.369509094027542 0.374811973915541 0.399147348382105 0.409236020656291 0.400476362503894 0.390391101360633 0.380171995446099 0.368021061193134 0.355334834659303 0.342868174283457 0.331395404152461 0.32064636793239 0.311794726785026 0.305013489779402 0.295963764814378 0.286426892592957 0.271292490294605 0.256036131489066 0.253231025864432 0.247500624476635 0.251045200472713 0.253621865568879 0.25178823266303 0.255657355704389 0.259124488253222
0.312473621068734 0.299368730665434 0.270645509336856 0.224996512456707 0.174442637510335 0.170509105322751 0.190375832431456 0.196164961139913 0.187610656987776 0.175167341297422 0.197899508635222 0.132398575310538 0.127061780755591 0.128541276767472 0.103294101504493 0.120750126135578 0.114702774584623 0.14972497979479 0.163941145828045 0.157857782206883 0.201401833942253 0.205847477132157 0.22434826407205 0.232093371503718 0.225391803942361 0.232486942844917 0.214753712537301 0.195359619728705 0.253278673679021 0.318273844090644 0.354892978298571 0.362628308534734 0.334419500359562 0.330223897467829 0.335510415481713 0.348581618911039 0.373241795297712 0.384181928890957 0.37926920362701 0.369318442803856 0.357222598232479 0.344978928450291 0.333251831488402 0.321900544086137 0.311245527772649 0.302459544551301 0.295886538799043 0.287661023678223 0.279611621390534 0.270808629689456 0.261944741090662 0.250859143764227 0.236568405540358 0.23745068563074 0.243364372065189 0.244000006633041 0.244624089707005 0.247749759203563
-9999 -9999 -9999 0.260778689821662 0.21522857535555 0.230278680609752 0.218220379239473 0.208969866609281 0.207407480628371 0.222608447840669 0.267475104197 0.229688894704513 0.192860240450323 0.188002598578276 0.133219851563629 0.12229697103606 0.100561069930844 0.141564142058923 0.147491485606651 0.137582119079873 0.166749071111681 0.191378262034013 0.197217032033263 0.193706726757716 0.212068465189835 0.216087014689107 0.218178817234788 0.205027322857599 0.19443598737218 0.232242530005755 0.308035124406089 0.322811458388904 0.276052568612289 0.295492205954469 0.310444573291786 0.292223583908206 0.320667827707052 0.358827353738514 0.368412061349133 0.358715746535849 0.346893742336959 0.335184225056619 0.324078540517896 0.312790616653949 0.301957893384853 0.293789297974539 0.287776449273724 0.279417551084257 0.271953987402658 0.265437067538447 0.258270438587522 0.245527220387776 0.234728636703578 0.23565830223791 0.238500342722334 0.235033434702693 0.238514068529555 0.238075921517281
-9999 -9999 -9999 -9999 -9999 0.256767547018131 0.233956955231916 0.261935452327168 0.259329246699162 0.25802553556417 0.270163976376955 0.269795980479457 0.264962255167682 0.239133252401024 0.192297041328634 0.138400884099363 0.130742471208348 0.146265683883486 0.130739801112987 0.124659639774829 0.131553477190589 0.172021830159705 0.175052813816792 0.189685471434527 0.195359210945052 0.190524344568977 0.195788197694609 0.197630858938796 0.200996822349799 0.204203463000111 0.219920927543285 0.27887362031979 0.261438491414806 0.261824248532386 0.265451436339188 0.244667757213057 0.276845058356225 0.318274619073855 0.353083854686328 0.348477363288986 0.338441337955367 0.327552830489223 0.316683044058659 0.305343906780972 0.294510197997628 0.286317778310042 0.280758029432239 0.272899529800583 0.265693806575852 0.259660781211737 0.254163394597258 0.246589531380439 0.237885113200274 0.23949605082579 0.234339634962184 0.23426369966735 0.234119628334052 0.237950089486329
-9999 -9999 -9999 -9999 -9999 -9999 -9999 0.285556074604538 0.275842941288634 0.265518428993167 0.294630650238538 0.272559664801843 0.273895404210551 0.248401460685274 0.200848822720678 0.184747204121174 0.209108285706554 0.15474860479619 0.115583456579428 0.11017195024796 0.114144226074266 0.154436814893798 0.158093493412859 0.180350173507434 0.191313443421161 0.187858996057571 0.181666526793004 0.177552321684135 0.191057786944647 0.23061227298873 0.19295577022078 0.18183862841896 0.233187596133271 0.208395908242979 0.161438135563462 0.193714602361767 0.239167650014974 0.257145249752306 0.31073745786224 0.31804095761619 0.321122652907111 0.316155470057577 0.308073476955656 0.296782550507266 0.287096785619606 0.278212045148092 0.272465546720695 0.265121506350172 0.258193178567972 0.252397572419503 0.247428660467199 0.243583209710723 0.238236617376514 0.238330164725044 0.232864353842314 0.231730801320252 0.231909760736406 0.23700025275051
-9999 -9999 -9999 -9999 -9999 -9999 -9999 -9999 -9999 -9999 -9999 0.278725486993626 0.274678342717502 0.278430215645208 0.26472179633272 0.255213735739314 0.241395140449986 0.142247986310204 0.0927544133247162 0.101870629964439 0.114596852843598 0.138046211960684 0.142382662277018 0.161577476216411 0.178736355760191 0.179999765907052 0.172492283966302 0.163164673361729 0.168547930516783 0.183133097573835 0.164638649890766 0.129184588354182 0.149240986515532 0.206710379510645 0.176908290947322 0.102899732531968 0.115068397857902 0.178894211901174 0.209784363864802 0.237773054291668 0.28083288889288 0.29255354857908 0.28946008413137 0.280238272425809 0.277704749173566 0.268569806330206 0.262428519691591 0.255391564077428 0.248865683271141 0.243948384451656 0.239195627609614 0.236011436459853 0.233714754658682 0.232347672102953 0.230384237851036 0.228530681669532 0.230230351152469 0.231970692381046
-9999 -9999 -9999 -9999 -9999 -9999 -9999 -9999 -9999 -9999 -9999 -9999 0.308931977770891 0.31820483631676 0.296466628936086 0.273431927974104 0.256361084640155 0.181369907196904 0.116873973599576 0.131628809208656 0.122803472033698 0.116579944126813 0.126338284162287 0.141178843553045 0.157978847064109 0.165368575953642 0.16416478884604 0.156986986417636 0.158415340605117 0.161109452464208 0.1467520920326 0.122561873038423 0.127847344644112 0.159627357223047 0.152900493303612 0.149073609789518 0.163273968099045 0.118419818826971 0.103759880746771 0.169609213550101 0.237913411023788 0.258699439316811 0.248938514107957 0.245064175066981 0.259990986290773 0.254762363096265 0.250706711083575 0.244664794385513 0.238585971106895 0.235140854633715 0.231513417243904 0.228213143176159 0.226200629986873 0.225091133868239 0.224400585727198 0.224269172534634 0.225588842492104 0.225792512099739
-9999 -9999 -9999 -9999 -9999 -9999 -9999 -9999 -9999 -9999 -9999 -9999 0.342185087798709 0.333992505836644 0.30631150504606 0.28657850555795 0.279891602362893 0.24195725590871 0.206433600474912 0.192228649310747 0.119797048730898 0.0943355718018399 0.115869808493472 0.124928529795062 0.13770378700644 0.146941667850151 0.151134964088414 0.150698953933082 0.151374955935215 0.152454923091575 0.141733552316657 0.127976211818695 0.122025199492933 0.120643296870071 0.133288733641782 0.167218711102217 0.172437634656876 0.129852396682164 0.0916503015291253 0.09056143587649 0.130671213073495 0.141514259643411 0.181583612014852 0.172755970604196 0.194988904406452 0.220102234701377 0.231245905169137 0.229603188684831 0.226070841299758 0.225241477797238 0.223545599377714 0.220603955516702 0.218416557438668 0.217330225830694 0.217100838002635 0.21578910431922 0.217036667115225 0.221545303037851
-9999 -9999 -9999 -9999 -9999 -9999 -9999 -9999 -9999 -9999 -9999 -9999 -9999 -9999 -9999 0.297053642036802 0.305514191477504 0.297348123538822 0.278869184018444 0.253404898001967 0.180802510104785 0.113386286755444 0.104853855770439 0.11439680413082 0.115716520089408 0.121329309782144 0.128893937270445 0.134344468080702 0.135148938435994 0.137738293687355 0.136113866845343 0.129395728005786 0.118330173947605 0.0989937608676115 0.102353698177705 0.12556225728543 0.124778667061961 0.148700356025876 0.11378906035152 0.106661849634922 0.15022320524052 0.141874968880983 0.164775868804094 0.157543058754664 0.162676139693672 0.166661125722141 0.191289278030213 0.2009743903176 0.212058195947667 0.217288625409241 0.215268995937873 0.212742707039627 0.211125553626527 0.210167586502774 0.210172461282525 0.211055254316815 0.212820889820255 0.214312904668982
-9999 -9999 -9999 -9999 -9999 -9999 -9999 -9999 -9999 -9999 -9999 -9999 -9999 -9999 -9999 0.305039618408699 0.322365650228221 0.334325767728258 0.323747365631435 0.307174051667888 0.244738337742648 0.149402644512927 0.101382926067146 0.0991802002798697 0.0889206225973617 0.0949959416841746 0.108108044079492 0.105247042996652 0.112571070341894 0.118492609222937 0.120612990568268 0.121993484684898 0.112845608819926 0.0901954417161795 0.0745169318534852 0.0848951064213631 0.0840597337264716 0.137850684509944 0.127845925185573 0.133898863122674 0.142778359789845 0.152336728260011 0.147081296825298 0.155027733641685 0.147862740346662 0.142339511811687 0.159965307080464 0.186338729355523 0.199782571131037 0.209045687445871 0.207391200355022 0.205301640811628 0.204057544987991 0.203263846356327 0.203633316508317 0.204753958388202 0.206444810481964 0.207788292711915
-9999 -9999 -9999 -9999 -9999 -9999 -9999 -9999 -9999 -9999 -9999 -9999 -9999 -9999 -9999 -9999 -9999 0.34939260395442 0.340875734890054 0.33575588535184 0.283031520280905 0.176592136014913 0.106331153720991 0.080466737216423 0.0662516608056445 0.0784420463660116 0.103343480093304 0.0943974552682635 0.103047901961658 0.106692957033486 0.0991583595905113 0.110419256552457 0.103833958269316 0.0842256324726782 0.0576612084389606 0.072602979775244 0.0765529846171279 0.106327265786659 0.138713233322526 0.128566893051594 0.126298233227104 0.143939529571566 0.131883041340205 0.146658323575029 0.129667223050741 0.101106708404186 0.144184970373061 0.177908827655351 0.193275708136724 0.201525867240203 0.199443273599079 0.198076338593322 0.196947576525375 0.196355398634603 0.196965584795511 0.198151168870292 0.199985956330648 0.202472834848122
-9999 -9999 -9999 -9999 -9999 -9999 -9999 -9999 -9999 -9999 -9999 -9999 -9999 -9999 -9999 -9999 -9999 -9999 0.342156230682908 0.34318750226418 0.302604028750713 0.208931316886417 0.131374196552412 0.0853526345550788 0.0611149219765115 0.0717797138659516 0.0907487782684669 0.1052281959533 0.105569594702627 0.102086928752566 0.100040834315704 0.0984502081725677 0.0941071253979452 0.076794571249786 0.0453936819379002 0.0633886768008566 0.0714960365448743 0.0735133922160906 0.140318829809621 0.0997143140117732 0.117180560335023 0.125571949174322 0.136025597725605 0.155384727519593 0.117134639944526 0.0852865520850368 0.136024505125811 0.178482273356718 0.190614045533424 0.195754033342915 0.193757358918902 0.19248221979341 0.191519839792251 0.191135307155489 0.191873858944772 0.193116780868629 0.194933541667017 0.196023257822042
-9999 -9999 -9999 -9999 -9999 -9999 -9999 -9999 -9999 -9999 -9999 -9999 -9999 -9999 -9999 -9999 -9999 -9999 -9999 0.317033221221969 0.304529679919764 0.233119074606639 0.1554669242331 0.0891620162138586 0.0675898703646821 0.0779696352989231 0.0897356409425077 0.10257405881525 0.101114463479335 0.096845977588745 0.0927219936227039 0.0913885811815707 0.0881522075686939 0.0789662749639179 0.0581384680705036 0.0578827608449897 0.0474736142558028 0.0411018206864464 0.0912875018899204 0.0864127088071612 0.10140318689258 0.10893505077343 0.1329840854635 0.162851571578503 0.112874348076321 0.110342730803363 0.140315555193429 0.180961807756295 0.187577524058949 0.189980386390069 0.188130083735067 0.186876315626272 0.185864682064219 0.185024556203316 0.185325745158722 0.185791443426496 0.187443803002678 0.188134201018817
-9999 -9999 -9999 -9999 -9999 -9999 -9999 -9999 -9999 -9999 -9999 -9999 -9999 -9999 -9999 -9999 -9999 -9999 -9999 0.293933333964117 0.290942337963996 0.236287246557996 0.171926905402536 0.091196334553599 0.0571240351841584 0.0597166431096212 0.0832210399413859 0.094075982468703 0.0928189809412354 0.0893203376031277 0.0833286182446288 0.0801213474981327 0.0764534364728332 0.0698034628122327 0.0418302901109098 0.0241583970756391 0.0296350903053682 0.0229916015821757 0.048591750897929 0.0553156872110623 0.105028046781434 0.0831906455414596 0.0639471636605565 0.109895581196736 0.109243434710922 0.141014079254888 0.153605663641346 0.172702717739149 0.178770774959953 0.181798721506631 0.180877702846883 0.180030200208967 0.17898069174957 0.177890077718007 0.177995998206008 0.177914681817439 0.180152135380466 0.182380507914764
-9999 -9999 -9999 -9999 -9999 -9999 -9999 -9999 -9999 -9999 -9999 -9999 -9999 -9999 -9999 -9999 -9999 -9999 -9999 0.291479016978562 0.27832155194908 0.243064662413477 0.191482123635679 0.106805562939778 0.0323114304803897 0.0213160292828146 0.0477304753721191 0.0676160978710984 0.0834897265766958 0.0812094411619392 0.0751705391244746 0.0693488736696783 0.0655397794201679 0.0607285446785861 0.0442338446222869 0.00703239680279891 0.018089503201344 0.0195098100490698 0.0506314483667289 0.0490626309939986 0.0497100648617226 0.0253659959298718 0.0384832096776745 0.0842084434389941 0.10669181203997 0.151076327619752 0.135259631784564 0.149269508690961 0.160695865209604 0.17034652248304 0.172866055033975 0.172412758419974 0.171788140996391 0.171618961468772 0.172578397107198 0.173274486996511 0.176611478837191 0.180292496727239
-9999 -9999 -9999 -9999 -9999 -9999 -9999 -9999 -9999 -9999 -9999 -9999 -9999 -9999 -9999 -9999 -9999 -9999 -9999 0.27936601245049 0.277034143438977 0.255841233316919 0.220281070876426 0.103375217977119 0.0361291370302833 0.014016385455872 0.011569466299414 0.0392713327659109 0.072550294510646 0.0723968756509013 0.0671890430267336 0.0600882006244678 0.0544158514198102 0.0487551215959631 0.0340468199429699 0 0 0.0159375269241021 0.0101141706832046 0.000923241979773932 0.0493216032262008 0.0664206928614393 0.038388906505943 0.054226057193836 0.0763988465431755 0.131192547053098 0.142386306569737 0.134160950213217 0.144376559638577 0.158350667489334 0.163199259853957 0.164336890396895 0.164682079219553 0.164910639395701 0.166926209788277 0.168740719402212 0.171681204146413 0.175788671706109
-9999 -9999 -9999 -9999 -9999 -9999 -9999 -9999 -9999 -9999 -9999 -9999 -9999 -9999 -9999 -9999 -9999 -9999 -9999 -9999 0.304432603223215 0.24273924386045 0.218717357162062 0.13770819273657 0.0542396631906249 0.0456766680064298 0.0586445710175156 0.0572689200730799 0.0600747621000687 0.061721274893753 0.0557806129072014 0.0517204206430863 0.045494077039436 0.0332355300452293 0.0218173566783225 0 0 0 0 0 0.0204382575639077 0.0108175579563896 0.0202995158811105 0.0719721683101712 0.0777422032767491 0.118702835617121 0.131959610982735 0.125713279620627 0.11010287280379 0.148000425584968 0.154380505508365 0.156293181239884 0.157687162871479 0.158441132831734 0.157894433139515 0.163772235789496 0.167795996182062 0.171309442434443
-9999 -9999 -9999 -9999 -9999 -9999 -9999 -9999 -9999 -9999 -9999 -9999 -9999 -9999 -9999 -9999 -9999 -9999 -9999 -9999 -9999 0.239161006941014 0.220514629477791 0.160628785156417 0.0599324613072244 0.0162265925505891 0.0226648398146643 0.0505115538391404 0.0511592883234925 0.0503070664943586 0.0392061502476844 0.0424844329944161 0.0396001644849977 0.0204094901791252 0.0117188539151199 0 0 0 0 0 0.00454173899412206 0 0.00342498625284106 0.0406182480654469 0.07590712617237 0.11501835796634 0.119855165033301 0.123610262405951 0.11567808372495 0.142393890041798 0.147274636095461 0.149391398708729 0.151627518620772 0.152685775147994 0.153432712326481 0.156556314424952 0.16192494002401 0.1686363427962
-9999 -9999 -9999 -9999 -9999 -9999 -9999 -9999 -9999 -9999 -9999 -9999 -9999 -9999 -9999 -9999 -9999 -9999 -9999 -9999 -9999 0.225328601820095 0.22223937172918 0.183522466951243 0.0857719944407191 0.0317861219776965 0.00892373727391214 0.0248908083293806 0.0238703836417992 0.0391692525727033 0.0225108417079362 0.0310981812151033 0.0306428065915056 0.0186368337930898 0 0 0 0 0 0 0.00340586168769168 0 0 0.00661911797753802 0.0704302475876681 0.111142271191557 0.116120690701563 0.117750327993206 0.119411560706689 0.137017975002095 0.141236423228274 0.143465883016653 0.145939079360945 0.147175242087796 0.149604962898708 0.152810655026621 0.15726316035606 0.163698449479497
-9999 -9999 -9999 -9999 -9999 -9999 -9999 -9999 -9999 -9999 -9999 -9999 -9999 -9999 -9999 -9999 -9999 -9999 -9999 -9999 -9999 0.222334043122834 0.221197607140949 0.191981510136161 0.104544195448182 0.0386049834803856 0.000780148748546626 0.0180488045196695 0.0279495876472362 0.0324928756401639 0.0272835283337588 0.0247544390769638 0.0214388438893156 0.013408240471347 0 0 0 0 0.00190743379836645 0 0 0 0 0.0166041286080269 0.0753152960932754 0.106307733041266 0.112097577083033 0.108353432607296 0.115418592293612 0.131394675612838 0.136077769501848 0.13897164873194 0.141688730785535 0.14292841406978 0.146178763119787 0.150204159236442 0.153843646657523 0.159435827453431
-9999 -9999 -9999 -9999 -9999 -9999 -9999 -9999 -9999 -9999 -9999 -9999 -9999 -9999 -9999 -9999 -9999 -9999 -9999 -9999 -9999 0.218650707371914 0.218078094281377 0.195665105361795 0.114318027956349 0.0380621132222947 0 0.0159599307291377 0.0242812736374137 0.0253115145807581 0.0234638926652808 0.0190482058031529 0.0152520516223537 0.00986444190147849 0 0 0 0 0.0169614216436128 0.0131238778225857 0 0 0.00391749976105344 0.055171600182018 0.0936003131143022 0.104846573119263 0.102299097461067 0.0978507512591608 0.111809780575559 0.126333863684813 0.131651816899554 0.135246619268139 0.138329125829041 0.139469779453528 0.142658794556682 0.146850865940394 0.15056458675884 0.155752978616901
