layers/veg_tps/veg4500.asc
NCOLS 255 
NROWS 330 
XLLCORNER -2985163.8955 
YLLCORNER -3022031.214 
CELLSIZE 25000 
NODATA_value -9999 
[rows 175 to 199 of 330, columns 116 to 173 of 255]
0.116050335971083 0.117618696608631 0.119231693403752 0.121807197760267 0.124498566918426 0.128246816899921 0.13235607172749 0.136775348149606 0.141334392728902 0.14533115816513 0.150909436854722 0.156981657527355 0.163584874446982 0.170368613241347 0.177350313185739 0.182208898173961 0.183802888308971 0.187300864295337 0.191505049777489 0.198515559087103 0.207676479008534 0.213901304687859 0.218038888761865 0.227507530094671 0.240594975075331 0.248375448683344 0.246099334049143 0.24771507382409 0.251298181015086 0.262528796333098 0.274886383793863 0.277534800074777 0.2784294904744 0.278153712318045 0.280060531417295 0.281099647897615 0.300809305004617 0.302956873913899 0.301089606772348 0.30181787110282 0.303870953378303 0.301067135238208 0.3021052636052 0.316965821249741 0.334831159716487 0.342495653244468 0.344603669643467 0.361081180578249 0.377915887751802 0.4163367768893 0.427850569461716 0.419573351764773 0.383745617723756 0.415231698946749 0.438310391361364 -9999 -9999 -9999
0.11268566321316 0.114213836567384 0.115809168642928 0.118438001548625 0.121176578187282 0.124926949384188 0.128935157289117 0.133333192464045 0.13791889286093 0.141860702255246 0.147428238144186 0.153529257638282 0.159876036531171 0.166083403401527 0.172745822774826 0.178147010623574 0.181706625468702 0.184956165313799 0.185214931053022 0.193383223911086 0.205704873684448 0.214149385994699 0.216099321461533 0.224413061640297 0.239672307467847 0.244481228036556 0.23831133921879 0.234815836681694 0.236421737553204 0.249376761173163 0.261493825022715 0.272459519302413 0.273107890897057 0.273111256044314 0.267376615684745 0.268996832560339 0.284082331828188 0.292800082818397 0.296107738040779 0.298742297119339 0.300857839682535 0.300751412536311 0.309820938433661 0.32995889167571 0.352025085035396 0.361060026893542 0.367109617676146 0.398016944872194 0.401552214647146 0.420981066897083 0.432249998138882 0.432207683921102 0.398919916919286 -9999 -9999 -9999 -9999 -9999
0.109475244393741 0.110972130538417 0.112438385820809 0.115012513747474 0.117818405439783 0.12144976948495 0.12546151796465 0.129821658052086 0.1344753256828 0.138396701789456 0.144050183362057 0.150207260588609 0.155325935736029 0.159518250956136 0.165535583144601 0.172757384854785 0.177037182014162 0.18089311501415 0.184358174323519 0.191404652397382 0.200310769494168 0.210283597042091 0.215346748742327 0.224272960782752 0.236546699862569 0.239995723977013 0.23428745664622 0.237925923760791 0.240831279226875 0.241513253387291 0.254506146846331 0.261526205179298 0.265199545906614 0.262801566819695 0.258684583178146 0.258806457539566 0.267112571210591 0.284340081019502 0.294243438528501 0.296006232688145 0.302665984749165 0.303950768559128 0.31954651565404 0.342575418839898 0.355718873592916 0.346093634826016 0.371794577225003 0.391157470783564 0.394688851746211 0.42826260109448 0.434456216267363 0.438421777227935 0.417635511789645 -9999 -9999 -9999 -9999 -9999
0.106356937000023 0.107785580051099 0.109480426732309 0.111873592449957 0.11459236000647 0.118201185140542 0.12238639585061 0.126633619526278 0.13112061551288 0.135205204853737 0.140805620124283 0.14678222909084 0.149347837145627 0.149847483336914 0.156511924382343 0.166070719071041 0.175079078295737 0.177675462232237 0.177952974243227 0.18492190268618 0.195621963529241 0.205565976589924 0.212679943242151 0.222768467814891 0.231583083340937 0.238762276435314 0.242601467393981 0.243143381201409 0.25051253620104 0.246966996595549 0.254729828270069 0.259400397670693 0.261399858866723 0.260699400439031 0.255773595536814 0.252877930845007 0.257125502744587 0.278308615960575 0.289592159043632 0.293285362841651 0.299373120441649 0.3036012385702 0.322074414238833 0.334258731791708 0.337353070624096 0.331881527312885 0.372742625699769 0.393419332246958 0.40507488336476 0.433318364667412 0.434977133090495 -9999 -9999 -9999 -9999 -9999 -9999 -9999
0.104217668296043 0.105632648947503 0.107384313263983 0.109716045068056 0.112358545894454 0.115936624802311 0.120254445467565 0.124353820858901 0.128745855981304 0.132972299430209 0.138496296248273 0.144600450137858 0.149534106700269 0.153498345244033 0.152985551422933 0.159219136415935 0.171339289515386 0.177027500898528 0.178649776751933 0.186483792966089 0.195329625850623 0.205013312187095 0.210661657614055 0.222469993321496 0.231028899517003 0.236487556895473 0.246390867782776 0.246429229980829 0.252600359895447 0.25279779831221 0.259081720768914 0.2631298206523 0.262891357766477 0.262704639335585 0.254650943087993 0.250503811994943 0.250482778490274 0.269173575126559 0.281942260047926 0.290984747938464 0.296491509935005 0.30347519228983 0.306101407172339 0.320643663951185 0.332177007043453 0.356920377084569 0.37539877656977 0.410149221355422 0.41615413258205 0.433880866378708 -9999 -9999 -9999 -9999 -9999 -9999 -9999 -9999
0.101210106961674 0.10269082463248 0.104189170313908 0.106621034977695 0.109405480151536 0.112960890332339 0.116868580599887 0.121149333557632 0.125626828230475 0.129628341179239 0.135041512474938 0.141111931298159 0.147026413842358 0.151060963020851 0.152098434319816 0.154173152087921 0.164397702887367 0.168204843632052 0.173308929712131 0.181737399507979 0.18922441332704 0.199949931784049 0.206173118128789 0.21876824738226 0.228387884612908 0.231947817063907 0.238535221621598 0.241649988915127 0.245234267064234 0.248562719178897 0.259435990211598 0.262733210145302 0.259251021851799 0.25183305424638 0.24805594825401 0.242279477162432 0.241439180473629 0.261525862314358 0.279082696060857 0.282600046694468 0.290376596520029 0.304176159888348 0.308453677284739 0.319635993999108 0.331890397666901 0.365891761898616 0.376800130232402 0.422415030480226 -9999 -9999 -9999 -9999 -9999 -9999 -9999 -9999 -9999 -9999
0.0980147622651828 0.0995662265682546 0.100931062443871 0.103463004207114 0.105820215074091 0.109603231187612 0.113580041132267 0.117845259464141 0.12235427276102 0.126218235102584 0.131651496046939 0.137479125625155 0.143594749316093 0.147777404289068 0.151756510667253 0.15362344035169 0.161092448654328 0.166757893928818 0.173125292166403 0.178555239375621 0.185285899208511 0.194119818517026 0.200456879198559 0.213558263155184 0.223168790945425 0.2242687243182 0.224434182138504 0.228285763447659 0.233790779921536 0.234259771878405 0.249745933991948 0.249690802150812 0.244181695545092 0.244031527471489 0.240247302748993 0.24644532507084 0.249684650416867 0.25598239453614 0.276413463948913 0.285526770014182 0.291517326465635 0.301952640327016 0.312239422763551 0.321858491977427 0.327796656305189 0.358795727771774 0.390665932031109 0.421392689704514 -9999 -9999 -9999 -9999 -9999 -9999 -9999 -9999 -9999 -9999
0.0948323955784736 0.0964214767068408 0.0978970343287082 0.10039619366034 0.102673046535955 0.106414057470158 0.110349408653259 0.114531912988335 0.11896525143167 0.122825823028332 0.128221061594205 0.133824917676262 0.139151870806559 0.143725520040661 0.150090471970642 0.154495941396966 0.160435086120756 0.169057883577011 0.174702531548989 0.17642697597383 0.182815417764214 0.190412315130825 0.195793484398739 0.209927604643778 0.218501634028776 0.214018545923415 0.214488138588385 0.214143880132384 0.223984598466993 0.223036580166414 0.236114118436318 0.239954839310107 0.235879784107579 0.230755927759463 0.234635521980447 0.243133064237177 0.255835069045208 0.263489056755536 0.277097388733273 0.285951661694591 0.29108240227164 0.298085559702956 0.311006938984985 0.320920056084154 0.325677583104029 0.369495146982777 0.414318206551779 -9999 -9999 -9999 -9999 -9999 -9999 -9999 -9999 -9999 -9999 -9999
0.0917293482328605 0.093263362425973 0.094916956586292 0.0972904850736815 0.0998584287323885 0.103270531753146 0.107149034771086 0.111220340082731 0.115591539437114 0.119388891258617 0.124677229520413 0.130085445431176 0.13483220722243 0.139722821865658 0.146709316850774 0.153017999817091 0.159169932992628 0.166170350843549 0.170977555492767 0.170416571082339 0.175672211176533 0.187044572192404 0.194032747224639 0.205958448926462 0.212195683172613 0.201060142914044 0.202649084328303 0.212249016293345 0.217104992727863 0.218322841111843 0.224557732372182 0.23265389506978 0.228479435210656 0.223070464784297 0.222250847573664 0.230552510243574 0.245296638903015 0.258353925886717 0.269740906619042 0.277934522186627 0.288089368624326 0.295858515958343 0.305968632026454 0.320216665561858 0.340475660974349 0.385760215316659 0.409455423825153 -9999 -9999 -9999 -9999 -9999 -9999 -9999 -9999 -9999 -9999 -9999
0.088739465156445 0.0901985521441089 0.0918599480038915 0.0941402244796005 0.0968733231088402 0.100063702472867 0.103997812150685 0.107971511299762 0.112348832388863 0.115945461022684 0.12107807477421 0.126255501408443 0.13187470965717 0.13699872625809 0.142241156635461 0.148673757656716 0.155669311461988 0.162118522882702 0.166247306364219 0.167440301267951 0.176427227050099 0.182255220912221 0.19691369314002 0.202185424193449 0.196567011196679 0.197447440763907 0.205080924591167 0.214836386484389 0.223135732510543 0.227381532949646 0.225735723489186 0.230522443454732 0.223159079352017 0.217019688299834 0.214031544152801 0.217268063909539 0.229857640124667 0.240664243716977 0.253192652598834 0.266404966355478 0.284749002123065 0.295232916385611 0.299625894255803 0.327111366360033 0.366026619531865 0.394563216575702 0.409222366192832 -9999 -9999 -9999 -9999 -9999 -9999 -9999 -9999 -9999 -9999 -9999
0.0859240651029815 0.0874697647388483 0.088939410826228 0.0912101465797416 0.0936929968333284 0.0971384569463687 0.100873177516533 0.104882021476036 0.109184054601963 0.112678149467412 0.11744694265477 0.122464010273968 0.127999538711697 0.132936571843638 0.137045442588714 0.142728274955427 0.150792581629521 0.158262190992816 0.159944211612391 0.166116223270237 0.176356551277147 0.184464628021516 0.187524068839374 0.188605844540818 0.186067449173154 0.198808102852715 0.208345787343364 0.213722203612053 0.22400974188573 0.230136295731233 0.230860386590953 0.230741160625195 0.222884856254873 0.215700294410086 0.214129526335346 0.215144687821365 0.226236009209691 0.226344091511246 0.237114379010688 0.258575469094051 0.279505057065632 0.29794361364117 0.301593896365882 0.33694104549451 0.373960437839929 0.396571042512989 -9999 -9999 -9999 -9999 -9999 -9999 -9999 -9999 -9999 -9999 -9999 -9999
0.0832779099178787 0.0846020719356953 0.0861895886081359 0.0881851653009444 0.0906020409240211 0.0939674147778704 0.0977682870519133 0.101767494643503 0.106040233068448 0.109499487515076 0.114215509572869 0.119153900351914 0.124426817445793 0.130067340520283 0.135927233210268 0.141140896983329 0.14769773816318 0.154149562853535 0.158498384427738 0.165400581338618 0.171761491048048 0.174779380040419 0.174950328087139 0.183064525288403 0.187132022361918 0.202250710093714 0.206701276517273 0.212154312131552 0.221555754401634 0.227818574455607 0.233799297117429 0.234339006864939 0.229341061306585 0.221336858145264 0.222199174719331 0.228416176004346 0.232460771631607 0.228900633744889 0.236996003954226 0.244178960792959 0.266615609406514 0.301461523462556 0.320681831465578 0.340095695361757 0.368182122587895 0.387236795917958 -9999 -9999 -9999 -9999 -9999 -9999 -9999 -9999 -9999 -9999 -9999 -9999
0.0813028142004125 0.0826441880594096 0.0841253988485455 0.0860970471011061 0.0885767510301651 0.0917056690526128 0.0955761287009474 0.0995263697414193 0.103195223438067 0.106098272681025 0.110879444367091 0.116496586651969 0.122293556708747 0.12776525532606 0.133700782274056 0.13865643415837 0.145122343135656 0.151992621754846 0.157804302468688 0.164414166687697 0.166838000508861 0.165030209155665 0.167617846478028 0.181141432832874 0.192706381843887 0.201975210371232 0.20346662600753 0.207785046260832 0.218978555515617 0.22312221781931 0.229612691001006 0.237889770042019 0.235798268609789 0.232562275507058 0.239387482804824 0.228180114586176 0.222944413544965 0.230496275015048 0.242394155134696 0.240340262497487 0.261395774162264 0.305396456257503 0.315545885804715 0.330943997194762 0.35868592604857 0.384392619597744 0.397305880012757 -9999 -9999 -9999 -9999 -9999 -9999 -9999 -9999 -9999 -9999 -9999
0.078982280188951 0.0802441874244162 0.0815305479142372 0.0834170196052871 0.0858437157845376 0.0889383707950646 0.0928466296292856 0.0965376413536202 0.0996328566668568 0.102718194297812 0.107406627907628 0.112729590009566 0.118440260052667 0.12418132912297 0.130458131959792 0.135485921158954 0.14143262009633 0.148532283204011 0.153920981034373 0.159730188996371 0.161336284032982 0.162360811264318 0.168428578380151 0.181438322801351 0.193446391813557 0.197629835146238 0.198866420154401 0.200121591269669 0.213615868201158 0.21573105204115 0.216953565370189 0.221352792273604 0.232992877314424 0.238755728616061 0.234940145889611 0.226042494775039 0.225021164581788 0.226910817228116 0.24047886795043 0.238815253330909 0.253401211687723 0.296238928775029 0.309866163047528 0.324096540684137 0.351707791104041 0.382210236468091 0.397728666114593 -9999 -9999 -9999 -9999 -9999 -9999 -9999 -9999 -9999 -9999 -9999
0.0764780544932739 0.0775017943517327 0.0786920941516581 0.0805983503002809 0.0828958924483017 0.0859570951724387 0.0898683808557494 0.0932758535691706 0.0958966489589154 0.0991671812364801 0.103737086531416 0.108804053753088 0.114158706405463 0.120135969312518 0.126684837719671 0.131697217586517 0.137412097733676 0.143888435013145 0.148269757762304 0.153581283093537 0.158276748593526 0.163997570557531 0.173107222435008 0.180253171535376 0.185898947489645 0.190315187330726 0.191046742016694 0.19334003291754 0.197955716193351 0.206587389616635 0.207783614428043 0.207674275691903 0.214405926751698 0.223703655223854 0.226711904620855 0.223482091759121 0.223250977342911 0.224501735287438 0.233079359093011 0.236292925283217 0.24878912718551 0.279090135391571 0.297879557799584 0.313950324307822 0.340501764381894 0.375782597172467 0.383889097783978 -9999 -9999 -9999 -9999 -9999 -9999 -9999 -9999 -9999 -9999 -9999
0.0738323426625803 0.0746827070888062 0.0758444608510288 0.0777221601514376 0.07986562251668 0.0828828786042964 0.0868140740367262 0.0899599210456748 0.0922550666203589 0.0955393946108363 0.100083934860989 0.10522207953118 0.110485645304861 0.116457169449486 0.122801296815895 0.127544594071572 0.133715815066433 0.139480810694371 0.144201781120876 0.150979642703932 0.159447622559769 0.162010051614616 0.171451287555731 0.170553629733932 0.173179404275428 0.181170761703844 0.181872672253017 0.183238123598158 0.188979098257235 0.199375272333396 0.199059736949176 0.201129443169027 0.213224244302407 0.217984501066694 0.214808373924601 0.212532626725999 0.216412432015642 0.220719103557219 0.223932321628464 0.229057107281352 0.238495067176842 0.253107391661308 0.269260844442554 0.29110376525617 0.309996209238705 0.356089117154532 0.381224935547387 -9999 -9999 -9999 -9999 -9999 -9999 -9999 -9999 -9999 -9999 -9999
0.0710636759543301 0.0719296367997745 0.0730873096037223 0.0747317356082831 0.0767356491064721 0.0797767005460622 0.0836969628811228 0.0865316452586469 0.0887399954189492 0.091965513126816 0.0967305812132695 0.101772987321866 0.107251372313589 0.113050042438355 0.11898421821413 0.123510796221744 0.129271311988192 0.135224035069174 0.141632593359516 0.150243678134611 0.15587495349631 0.16042036044303 0.163888897310522 0.16914781037567 0.170944570760938 0.175896752221472 0.180375408792975 0.182514868982969 0.185274384631411 0.193374582050235 0.194918432535438 0.196462659154812 0.205400701569726 0.207079926137156 0.205045706514477 0.203055387765896 0.206604063893099 0.212869906509477 0.214579058195132 0.216892468978354 0.216811210832909 0.223193593776106 0.239674278605959 0.285622458322868 0.30112179567912 0.363751306287032 0.382816201974757 -9999 -9999 -9999 -9999 -9999 -9999 -9999 -9999 -9999 -9999 -9999
0.0683431666663832 0.0691846914041169 0.0703789749423215 0.0717700426984361 0.0737100797075955 0.0768746403790289 0.0805412633315747 0.0829719064788948 0.085418368908836 0.0883431407274865 0.0936771352985336 0.0986945907394744 0.103950647141403 0.109389584281634 0.114952582351868 0.119438907044974 0.125396051848313 0.131589067134419 0.139366058059463 0.146521630859696 0.151715005279435 0.156204630299927 0.1590622227195 0.163384698935008 0.166928235149143 0.174353089997963 0.178475848110756 0.178578396640197 0.182018274650884 0.189617010132342 0.192628430211748 0.194930931556925 0.195229230333658 0.194861981958093 0.198013264896201 0.199015204381145 0.197484724412983 0.201769927118781 0.20619881099321 0.210360152533386 0.213324403469228 0.20368320987008 0.244530256504411 0.302846490321599 0.324542086206835 0.36735887308615 -9999 -9999 -9999 -9999 -9999 -9999 -9999 -9999 -9999 -9999 -9999 -9999
0.0655848821930162 0.0664151692337523 0.0670043888097918 0.0686523253967363 0.0708160551292829 0.0742988865468746 0.0772637406248157 0.0790015147154487 0.0821077958522443 0.0859067772374136 0.0906110230265032 0.0951939809533866 0.0994641812779807 0.105082960122384 0.11102340700716 0.11557460932548 0.121653624722976 0.128952699046983 0.13466013666008 0.141652004394564 0.146573504605724 0.149984742862174 0.154021582477064 0.15941144094262 0.16221950057169 0.167675799765415 0.172106674970645 0.174153632310538 0.179301967497358 0.187843535110029 0.1913932931989 0.191011573322926 0.190619920960514 0.19008544525461 0.194059063749813 0.197378347619351 0.193630453477569 0.193317966191211 0.203672450629459 0.208355209322311 0.210034187059768 0.217465188600837 0.253457565138521 0.305971958548199 0.339430061596862 -9999 -9999 -9999 -9999 -9999 -9999 -9999 -9999 -9999 -9999 -9999 -9999 -9999
0.0628313450722772 0.0637452895448049 0.0641839085249299 0.0655923140644032 0.0683964524650893 0.0715693663338442 0.0730718326467981 0.0761185113627596 0.0794326672297719 0.0827841988513602 0.0861261131574789 0.0908807504210379 0.096055406268644 0.101542947858755 0.107298493866108 0.11176103318908 0.118120752526271 0.124907887159228 0.130144246589835 0.135158322836264 0.139565372223725 0.142652818192646 0.145675443754163 0.151960906517151 0.154201483736349 0.157916021380581 0.163950670791362 0.170543146200512 0.177821388809778 0.184139786476329 0.185027138515558 0.181005204101988 0.188774812300759 0.194291837742014 0.197346781366383 0.195343258001517 0.194854736654878 0.195486959523452 0.194599270397587 0.196072029434246 0.198338598822643 0.248236285529376 0.287161247139372 0.316973814230323 0.342559817041889 -9999 -9999 -9999 -9999 -9999 -9999 -9999 -9999 -9999 -9999 -9999 -9999 -9999
0.0608898927677614 0.0616199311965141 0.0620444151457869 0.063613432817887 0.0662119703364627 0.0695177496977277 0.0703903617388379 0.0740550741347896 0.0775319897883461 0.0799496207466711 0.0826856185498322 0.0878959942904628 0.0935823157030844 0.0987534231390793 0.10449793771628 0.108833727044006 0.114693687429372 0.120864614498847 0.125874655229764 0.13019809105934 0.134321418073951 0.134830182559585 0.136400523743557 0.143177797527549 0.145678777116975 0.14996377254472 0.15613293198023 0.166598974802042 0.177450093280768 0.175059890542654 0.166101624118832 0.171499553107157 0.172908627978527 0.181912228875897 0.193529535389549 0.201954492841847 0.189161352660665 0.183565116308973 0.187852719960114 0.197918106527417 0.207251664099636 0.274440823418405 0.304935331776503 0.324582977995818 0.341136516239121 -9999 -9999 -9999 -9999 -9999 -9999 -9999 -9999 -9999 -9999 -9999 -9999 -9999
0.0586779965460857 0.0592449205533641 0.0596863057567699 0.0615191843355391 0.0641161964188374 0.0670879194399774 0.0683579571381041 0.071701512579919 0.0742427653083454 0.0762448250182238 0.0794454499203044 0.0847021269195027 0.0906067814808923 0.0957728590294112 0.101468227106947 0.106106541681163 0.1115946844811 0.117331482547688 0.121985400364997 0.12672719694196 0.130088229703202 0.127696435328967 0.130636602693804 0.138403057197706 0.141333341235747 0.145989291315281 0.147790387210265 0.161860225618001 0.175172918381882 0.171892245896095 0.163846922629362 0.180207425638327 0.18350600895475 0.190251133936609 0.191763811280625 0.186511176733652 0.180527146084993 0.175379908924827 0.179314285378647 0.193433765390167 0.219527859806967 0.284880603610914 0.303192739911075 -9999 -9999 -9999 -9999 -9999 -9999 -9999 -9999 -9999 -9999 -9999 -9999 -9999 -9999 -9999
0.0561657947847964 0.056609423546558 0.0571599640939533 0.0592539930341301 0.0620104009853997 0.0642439394401435 0.0661844764151418 0.0688236393653548 0.0701834478376002 0.0722481499159771 0.0763452948535998 0.0814841386402857 0.0870491749016114 0.0924082468729652 0.0981071981192287 0.102558598759808 0.108287743527274 0.113391577569093 0.118247215437526 0.122450931946092 0.124797606993508 0.12402562505728 0.130565949796509 0.138475961437085 0.141152298847627 0.143938153361474 0.143684403162433 0.156805361072132 0.175846789710612 0.164526870006342 0.170858297852424 0.179228092288118 0.19869372092594 0.199868231272708 0.198390807327049 0.193438126518788 0.183321559060838 0.179617671207331 0.174891462839865 0.184359729811062 0.227480089586751 0.281436132568516 -9999 -9999 -9999 -9999 -9999 -9999 -9999 -9999 -9999 -9999 -9999 -9999 -9999 -9999 -9999 -9999
0.0537310084333202 0.0540240202945347 0.0548257019373177 0.0572046071639114 0.059777070300762 0.0614417095421923 0.0635779849033833 0.065722800826097 0.0669035197847989 0.0691555156380012 0.0737034681315701 0.0791624357715244 0.083827809379463 0.0890748668072865 0.0950164644867151 0.0974364201834943 0.103214999530667 0.107403650526669 0.113766495352519 0.118762452155612 0.125230477026494 0.130030171139092 0.137958131035995 0.144039419722308 0.149604555184333 0.15458929469854 0.145598141922574 0.161114535205968 0.178752577883875 0.167206155823162 0.175802913911044 0.18726074924596 0.202487292349609 0.204556941806292 0.20609334307209 0.206472796797879 0.198347381633021 0.199586650993503 0.186715726673239 0.192736672818686 0.237030628979906 0.277407110297536 -9999 -9999 -9999 -9999 -9999 -9999 -9999 -9999 -9999 -9999 -9999 -9999 -9999 -9999 -9999 -9999
0.0513325270006322 0.0515459868219607 0.0525908617430046 0.0552796182493306 0.0572898803821705 0.0588107996889187 0.0606969780296064 0.0625392843413057 0.0642655435561503 0.0667691691175387 0.0707882828326563 0.0760662162347641 0.0812052295244676 0.0850873847393676 0.0890918079571766 0.0901703894008796 0.0965500839908796 0.0999010200250824 0.108260969544713 0.114397669267189 0.120648378138902 0.128591565229209 0.133874762114179 0.140235686640229 0.147518639622097 0.155396197996176 0.156509240029704 0.166326895218117 0.17591028203116 0.175434730785119 0.182097849992337 0.191674234699626 0.198878914063656 0.203109848633873 0.207100636155254 0.210263374604256 0.214249567688005 0.219979261847463 0.217583738893075 0.233254488302319 0.248712733172443 -9999 -9999 -9999 -9999 -9999 -9999 -9999 -9999 -9999 -9999 -9999 -9999 -9999 -9999 -9999 -9999 -9999
