layers/veg_tps/veg4800.asc
NCOLS 255 
NROWS 330 
XLLCORNER -2985163.8955 
YLLCORNER -3022031.214 
CELLSIZE 25000 
NODATA_value -9999 
[rows 200 to 224 of 330, columns 58 to 115 of 255]
-9999 -9999 -9999 -9999 -9999 -9999 -9999 -9999 -9999 -9999 -9999 -9999 -9999 -9999 -9999 -9999 -9999 -9999 -9999 0.281562328690424 0.262457171222123 0.190149022899357 0.128000842550579 0.0412716102251566 0 0 0 0.0764520280458991 0.0193895807970932 0.0778399610246026 0.11676552399864 0.10525921889731 0.0646721205209907 0.0446574076980939 0.0482944198471833 0.0883905795864015 0.112630453354707 0.110725458233254 0.104952377747667 0.0997839498669329 0.100359461521346 0.0957374199530889 0.089273654247899 0.082135629436831 0.0666009540169332 0.0326094265429214 0.0168618925000676 0.036210127332857 0.0531052623082713 0.0583693060737461 0.0546981863216581 0.050734873956275 0.0469725680214161 0.0424371975390712 0.0401298621774554 0.0376935164610907 0.0362128401453016 0.0352961122273651
-9999 -9999 -9999 -9999 -9999 -9999 -9999 -9999 -9999 -9999 -9999 -9999 -9999 -9999 -9999 -9999 -9999 -9999 -9999 0.295710581377506 0.275841582058922 0.189870987229975 0.104573382955714 0.0213256945573872 0 0 0 0.0821995481751084 0.0818202348351039 0.117744299512449 0.118540211179964 0.110000391235015 0.0654021731843778 0.0668476004972342 0.0585893622786055 0.0801912275919828 0.108780105155594 0.103836225039705 0.0984635237700261 0.0995610189270071 0.0987756122567521 0.0941773443889981 0.0862858027821103 0.076182335465495 0.0587558426285614 0.0260376257081915 0.0207405202613291 0.0410002788253929 0.0537770640698109 0.0574086235266167 0.0537915797001203 0.0498173378276415 0.0459211303653128 0.0411103116018779 0.0387414084743566 0.0364293308479498 0.0349311990848634 0.0339383427644304
-9999 -9999 -9999 -9999 -9999 -9999 -9999 -9999 -9999 -9999 -9999 -9999 -9999 -9999 -9999 -9999 -9999 -9999 0.321799971880367 0.322784834906708 0.278835934090462 0.190319570369199 0.0777718462746624 0.0208018576081891 0 0 0 0.0697334219820393 0.0486759720043411 0.117134242227919 0.112209874781483 0.125691579578006 0.0981285793458602 0.0654761502316193 0.0845574551199785 0.0944396866415961 0.102575810234858 0.0859744262988894 0.0867402195632749 0.0952382122202156 0.0967245813349695 0.0919964290561199 0.0780513721581694 0.0652698210199821 0.0414259375529949 0.014013272346277 0.0255346947159809 0.0436263761707654 0.0536121577232851 0.055741295454348 0.0523938902912481 0.0485100036283602 0.0445452830150658 0.039318229155795 0.0370438887959262 0.0348295469891029 0.0334711299941899 0.0328899333775262
-9999 -9999 -9999 -9999 -9999 -9999 -9999 -9999 -9999 -9999 -9999 -9999 -9999 -9999 -9999 -9999 -9999 -9999 0.320978470613181 0.323869630595311 0.273552426155689 0.206665592585088 0.0765918835332562 0.0175132469709701 0 0 0 0.0318748527212876 0.0347741749113211 0.121281738717997 0.120176580176659 0.130453199413662 0.107228786956481 0.0591297071427432 0.087126739712997 0.0978114513448738 0.0924156197936815 0.0509612591849828 0.0681996874721656 0.0895183241380925 0.0941114550430359 0.0895072626077356 0.0655824533086415 0.0523663982576722 0.0182033991126525 0 0.0272566418781702 0.0436910506203828 0.0524056668312527 0.0532238894334114 0.0504478386883094 0.0470572868661629 0.0431131427606702 0.0375619484031735 0.0354086420452354 0.0332204631060528 0.0321242115411851 0.0317021149051333
-9999 -9999 -9999 -9999 -9999 -9999 -9999 -9999 -9999 -9999 -9999 -9999 -9999 -9999 -9999 -9999 -9999 -9999 0.316929608685319 0.319883631004643 0.283910356001357 0.225275194189295 0.0935383235636215 0 0 0 0 0.000332600049854899 0.0201700684227587 0.114502269574784 0.114824039471989 0.131031577077781 0.118090644534943 0.0732314022954441 0.0569807947994575 0.0996068418981423 0.0871113319811344 0.0469503279389349 0.0623452139702437 0.0861747758027149 0.0919392020173271 0.0881259669937258 0.053061458013343 0.0361975519250737 0 0 0.0272244041790542 0.0428658868115918 0.0497409378563889 0.0497194495607779 0.047664774913811 0.0448687541731208 0.0410469313374152 0.0359247946130071 0.033886934875407 0.0317344918550825 0.0309734663558562 0.0307501169480542
-9999 -9999 -9999 -9999 -9999 -9999 -9999 -9999 -9999 -9999 -9999 -9999 -9999 -9999 -9999 -9999 -9999 -9999 0.316375242367735 0.307687390479648 0.282913531831167 0.222369084745459 0.128788523510235 0 0 0 0.0144322203476565 0.0197170340537558 0.0222957049286416 0.107245994774279 0.122407548506354 0.129269245865832 0.0689238422342151 0.0860503080701546 0.0294811046013966 0.102242042182747 0.0925527446184382 0.0669864090657041 0.0715076369277837 0.0860646042587492 0.0896996483348499 0.0853398339054392 0.0225211492607709 0 0 0.00633818381099147 0.0328151094457283 0.0416447651969461 0.0453351332662536 0.0451400345205126 0.0439107210999282 0.0415441634404809 0.0381293680563579 0.034278782066525 0.0323573685298596 0.0305375640352993 0.0300871838546049 0.0301992053563517
-9999 -9999 -9999 -9999 -9999 -9999 -9999 -9999 -9999 -9999 -9999 -9999 -9999 -9999 -9999 -9999 -9999 -9999 0.32465676394261 0.298364895015103 0.256891720593163 0.209726738148843 0.0546215512414295 0 0 0 0.0187924968201114 0.0686154897315448 0.0533058622408736 0.1114963846537 0.137396466691572 0.124935526765603 0.00623796614063864 0.106964384063175 0.0668760302498959 0.108430732637292 0.101014269632634 0.082332203769898 0.0789841164420413 0.0874930437440496 0.0875642581388113 0.0802958084437062 0.0092125924441537 0 0 0.0235132785293015 0.0372530750768936 0.0400062075348025 0.0409140560696132 0.041178303049021 0.0408337908609296 0.0390960613378006 0.0363910269679687 0.0329651899984292 0.030992993896427 0.0300493714031716 0.0297127954202179 0.0295340720984061
-9999 -9999 -9999 -9999 -9999 -9999 -9999 -9999 -9999 -9999 -9999 -9999 -9999 -9999 -9999 -9999 -9999 -9999 -9999 0.306799328922804 0.246897350724497 0.185281678659319 0.0554219679549617 0 0 0 0.0371278669035706 0.053494924309353 0.0661303428315533 0.119919286755016 0.144136929966875 0.122362898525977 0.00603493656902298 0.119120764578514 0.110124549024037 0.110418785067562 0.105213224879941 0.0904553322912582 0.0768945720790235 0.0841207267367578 0.0849771459559719 0.0782418989751987 0.0270588567332827 0 0 0.0279165866564215 0.0369326325138468 0.0393219422101377 0.0396206021440408 0.0395007971857398 0.0392331811365043 0.0374440045602672 0.0355003076573076 0.0324439415366966 0.0306114987343493 0.0297348814149252 0.0295687616765421 0.0291213872835663
-9999 -9999 -9999 -9999 -9999 -9999 -9999 -9999 -9999 -9999 -9999 -9999 -9999 -9999 -9999 -9999 -9999 -9999 -9999 0.315809762196409 0.269240235105778 0.212532081430254 0.0597607190235032 0 0 0 0.0307136451168425 0.0109960801398726 0 0.0854198872670387 0.138341794042869 0.129022403219435 0.0854686643753855 0.119866736550226 0.112760634690587 0.106930428634755 0.104570320273614 0.0952179752282009 0.0793407494037893 0.0816909139335966 0.0809674057614553 0.0741082763009084 0.0460604341663334 0 0 0.0165064342390953 0.0346793701911567 0.038269729962983 0.0385479419206387 0.0381636743832375 0.0378232165153322 0.0362824469640121 0.0344748279984796 0.0322431254055731 0.0296107163262148 0.0293629122415383 0.0293913656593068 0.0292316022387072
-9999 -9999 -9999 -9999 -9999 -9999 -9999 -9999 -9999 -9999 -9999 -9999 -9999 -9999 -9999 -9999 -9999 -9999 -9999 0.310476935977886 0.280836516931936 0.235221932848222 0.0937433846566753 0.0440027964967933 0 0 0.0527778621869753 0.00680413627530103 0 0.0872724272660358 0.145133081553461 0.142579122250187 0.132769774360999 0.120131978073347 0.11431391849926 0.105085126435362 0.100895967316939 0.0985540949872954 0.0853235043779634 0.0807054506269681 0.0755592764955612 0.0693448109291333 0.0501985053532976 0 0 0.0184818482884482 0.0355101699995861 0.0373601221867921 0.0376823458575309 0.0372683994340087 0.0369782720217823 0.0354504029186221 0.0339934525573404 0.0319890280379036 0.0286415627597894 0.0289965748726892 0.0294094478379767 0.0291242842794758
-9999 -9999 -9999 -9999 -9999 -9999 -9999 -9999 -9999 -9999 -9999 -9999 -9999 -9999 -9999 -9999 -9999 -9999 -9999 0.295874935437799 0.265923485144309 0.216225843328281 0.112858624249022 0.0490100567155939 0 0 0.0391968388091353 0.00559292973984139 0.00904962956476545 0.0918322396607367 0.148864634422054 0.143776192420881 0.13363580411659 0.123991923358639 0.115618566179822 0.107684414440077 0.0948484366313728 0.0967620236567316 0.0823779839729674 0.0728383639075432 0.0644685219504167 0.0602315259733631 0.0431599577912625 0 0 0.0271396717901449 0.0349998199833459 0.037111957414584 0.0374451825427698 0.0368191035921704 0.0365453945494 0.0349940326369848 0.0335449071248416 0.0316138222446211 0.0289870965900914 0.0278509500566072 0.0285431272310372 0.0285541589813803
-9999 -9999 -9999 -9999 -9999 -9999 -9999 -9999 -9999 -9999 -9999 -9999 -9999 -9999 -9999 -9999 -9999 -9999 -9999 0.315287100115457 0.275368380822634 0.19956226636629 0.115638338975445 0.0234327416367655 0 0 0 0 0.0238136413176233 0.0960996775481944 0.150757248297177 0.143564356941289 0.133519108504927 0.125116002264291 0.116715998066945 0.108901512736512 0.0898823615282854 0.0921458981199602 0.0768761468810803 0.0573872707847533 0.038417358499943 0.0373262536177882 0.0361212466090222 0 0 0.025565687915059 0.031121590117652 0.0374529546095259 0.0382800239114678 0.0373170519093773 0.0365782701281621 0.0349050057074754 0.0330472390071392 0.0307673959877189 0.0294223789024528 0.0268012491588417 0.0267497059860227 0.0273847194533838
-9999 -9999 -9999 -9999 -9999 -9999 -9999 -9999 -9999 -9999 -9999 -9999 -9999 -9999 -9999 -9999 -9999 -9999 -9999 0.313834719439557 0.302311123564323 0.283749072402321 0.188863551019091 0.0696992843397186 0 0 0 0 0.0144190076677003 0.10804774377788 0.150984651949891 0.142556838641333 0.132468270553693 0.125197860466469 0.11792554240056 0.111469869481108 0.0866102100385504 0.0841491064209276 0.0686157209726664 0.0300989218044076 0.00599653728088843 0.014588965962124 0.0288783986059655 0 0 0.0238418852823793 0.0316310640819311 0.0381008321607564 0.0399356585025421 0.038921898724806 0.0372350246298924 0.0351577676197866 0.0328974129040368 0.0301529680091293 0.0291364301396108 0.0264930153968936 0.0250217111393714 0.0261487228457931
-9999 -9999 -9999 -9999 -9999 -9999 -9999 -9999 -9999 -9999 -9999 -9999 -9999 -9999 -9999 -9999 -9999 -9999 -9999 -9999 0.30738449669091 0.286251799752979 0.226709278099263 0.0607467218542218 0 0 0 0.00253330788139082 0.0167138743714007 0.116047896219556 0.149640039698244 0.141277998397349 0.13184027831636 0.125147872486986 0.119066781463288 0.113480380951735 0.0937331803847128 0.0745501796231331 0.0566602776385627 0.00985988367577459 0.00634021268276009 0.0208652369154627 0.0221014969900688 0 0.0167286333441092 0.0289978034204013 0.0354733658588528 0.0400899585750702 0.0409985626416452 0.0400922773334164 0.038256739460695 0.0357444035804809 0.0333545057724577 0.0310794859916333 0.0293558054652465 0.0264132857008205 0.0245277503030439 0.0256048462894773
-9999 -9999 -9999 -9999 -9999 -9999 -9999 -9999 -9999 -9999 -9999 -9999 -9999 -9999 -9999 -9999 -9999 -9999 -9999 -9999 0.329471525689219 0.28487735047608 0.23065885166083 0.151627284384313 0.0481044231196001 0 0 0 0.0575907892864895 0.110609175884652 0.147305406648844 0.140269098975831 0.131801082082852 0.12524876177384 0.119539996658461 0.114554722127845 0.0988574354467158 0.0764605764378 0.0570350671911884 0.0131265585867588 0.0239390824903879 0.0274057628497853 0.0152304047711887 0.0101770427067553 0.0246631072085353 0.036340252897715 0.0382774154841645 0.0410028611667929 0.0420772068229751 0.0413048956582411 0.0391979656694693 0.0363984367393364 0.0329957677684356 0.0301426563014442 0.0288223158487673 0.0269615967173993 0.0249281378370871 0.0250987066640483
-9999 -9999 -9999 -9999 -9999 -9999 -9999 -9999 -9999 -9999 -9999 -9999 -9999 -9999 -9999 -9999 -9999 -9999 -9999 0.331550255622053 0.322457619967239 0.26220881564793 0.204827676280111 0.123989018572385 0 0 0 0 0.0897680521365681 0.125006396529431 0.142850402443128 0.138344021729323 0.132236100789149 0.126274615383612 0.120210177309329 0.115642573994143 0.100092248055202 0.0879361491822142 0.0694542743540204 0.0360818492183512 0.0420356072939885 0.0393969885675934 0.0294703157844004 0.0321331170274757 0.0359627631634617 0.0434021841927834 0.043623432279439 0.0436609294931759 0.0443010880620412 0.0427402127319131 0.0403861824556757 0.0367259959203544 0.0329742917762794 0.0299563279049738 0.028290397548984 0.0263218377825454 0.0249621710116547 0.0241647629130654
-9999 -9999 -9999 -9999 -9999 -9999 -9999 -9999 -9999 -9999 -9999 -9999 -9999 -9999 -9999 -9999 -9999 -9999 -9999 0.342791443003741 0.323277474547228 0.277897373358367 0.229521176442674 0.180151934104896 0.0765115842866727 0 0 0 0.133451659703047 0.135924523260244 0.12605519920483 0.129904635915841 0.13291013985392 0.12932508321693 0.122304441817333 0.117219289478652 0.103999878622594 0.0998572834007578 0.0821136720982904 0.0588881718842951 0.0538107659204351 0.0516272663728637 0.0473063481862938 0.0455295705808955 0.0455890970445181 0.0494863674805626 0.0483390649415356 0.0459348002349695 0.0467717308507578 0.0443086972443574 0.0410059994894239 0.0367750578148747 0.0331447588478743 0.0304769514185373 0.0283920610213193 0.0267557094166499 0.0255368249504189 0.0243062403421954
-9999 -9999 -9999 -9999 -9999 -9999 -9999 -9999 -9999 -9999 -9999 -9999 -9999 -9999 -9999 -9999 -9999 -9999 -9999 0.365456961474294 0.330741824696349 0.314610559905209 0.272757248681348 0.22508169452049 0.124403734897684 0.023517221196686 0 0 0.136031559266696 0.137406476548046 0.111947600535984 0.122885516541294 0.131422259821176 0.131835433801762 0.124560054228666 0.119200963664134 0.11110327138107 0.105356405888814 0.0874034810779511 0.0659766277825321 0.0603713397685898 0.0594588517025852 0.0574592117985266 0.054087257420207 0.0526454270721104 0.0539199695703494 0.0520240368139798 0.0483873707958578 0.0484182981848673 0.0454969222935053 0.0413622125056418 0.0370296173359675 0.0334935646370846 0.0311226458778636 0.0287358710155168 0.027036778456665 0.0256323285577795 0.0246205453030022
-9999 -9999 -9999 -9999 -9999 -9999 -9999 -9999 -9999 -9999 -9999 -9999 -9999 -9999 -9999 -9999 -9999 -9999 -9999 0.373230633331993 0.334248828803477 0.323145263543945 0.28856532839526 0.217384959340321 0.0929478571824688 0.0279560577959596 0 0.0178919807468039 0.129038972376493 0.1309178433896 0.111084070882181 0.12666744298455 0.131915515644444 0.132735444211508 0.126830901453812 0.121365423000322 0.114125571408473 0.105922384989055 0.088052432077584 0.0700010088836108 0.0648156029264279 0.0638952450209756 0.0623426420284742 0.0612887032017183 0.0584526655823661 0.0570727490271167 0.0548838237237582 0.0512201309224943 0.0496121968866848 0.0461763222176056 0.0418190005672466 0.0377623707566054 0.034409454660628 0.0318285941012677 0.0295315366844712 0.0278695148790703 0.0260848505094175 0.0250925653009683
-9999 -9999 -9999 -9999 -9999 -9999 -9999 -9999 -9999 -9999 -9999 -9999 -9999 -9999 -9999 -9999 -9999 -9999 -9999 0.376023057362368 0.349506287450778 0.307894162734197 0.292103414019496 0.205253039339549 0.0619018363344032 0.0088914995451192 0.000790790726614045 0.0174311996671729 0.106189400376722 0.115451958975103 0.113426845766061 0.127564558025196 0.133923112953976 0.135269151152392 0.129905450656552 0.124221492170297 0.117344166779826 0.108952659482456 0.0862962919008228 0.0762932576035329 0.0725667157576197 0.0693649203367256 0.0672629972779605 0.0657754637421237 0.0625158081047756 0.0599741297586304 0.056979062793932 0.053604768231976 0.0510861772131713 0.0467796730587324 0.0425994069022802 0.0389607494647629 0.0358618568025817 0.0326116870983216 0.0307084605785224 0.0291740356498611 0.0272828385621126 0.0261744758373184
-9999 -9999 -9999 -9999 -9999 -9999 -9999 -9999 -9999 -9999 -9999 -9999 -9999 -9999 -9999 -9999 -9999 -9999 -9999 0.369003255670735 0.352824546035941 0.307005958358379 0.289064953454818 0.239898629502699 0.116949619294975 0.0115004922674949 0 0 0.0732046755975758 0.0957197289334139 0.117442340690193 0.132196125703793 0.137249275848874 0.138551913298873 0.132773138003877 0.126741104535808 0.12026017182961 0.112067483577863 0.0852358011896483 0.0820399436617022 0.0780987684455228 0.0741259814532646 0.0714335915975485 0.0692676597772111 0.0654416914470003 0.0623781763771245 0.0587699373008608 0.0554268664934099 0.0523360494076768 0.0479725096638721 0.0438117780198374 0.0403734774548345 0.0373034321485592 0.0335263990306849 0.0319605921547921 0.0302738888927791 0.0287604971397769 0.0277563769105683
-9999 -9999 -9999 -9999 -9999 -9999 -9999 -9999 -9999 -9999 -9999 -9999 -9999 -9999 -9999 -9999 -9999 -9999 -9999 0.37862664172749 0.361853868744287 0.338304365602701 0.312644765890166 0.243878964006515 0.116768256909693 0.1157423691634 0 0 0.061807833885879 0.0891157874175591 0.119590084639989 0.140907843037748 0.143020083620532 0.142229052184861 0.13570483069022 0.129548164274863 0.123172630898726 0.115238023961849 0.0934204655472745 0.0878489572113074 0.0835002560080327 0.0792191092232337 0.0758185768504006 0.0731539806119276 0.0692879585747025 0.0655679949076917 0.0620762419556014 0.05789429795662 0.0544558987286187 0.0497698902095836 0.0454591831939238 0.0417073055905859 0.0384293388321559 0.0349510419220919 0.0333515054066829 0.0316432842766885 0.0301853320194351 0.0286539646429273
-9999 -9999 -9999 -9999 -9999 -9999 -9999 -9999 -9999 -9999 -9999 -9999 -9999 -9999 -9999 -9999 -9999 -9999 0.397943584509376 0.38837102753351 0.361449306131508 0.337259303741393 0.31765054079408 0.196716882857403 0.129820496250466 0.0173007334854792 0 0.0413881088115511 0.0933970560286034 0.109707785886193 0.120335321505113 0.139647616846637 0.146195254062426 0.146118524470443 0.139377116974658 0.132948753464272 0.126462877180368 0.118437961278461 0.104490244186684 0.0949198364400025 0.0887349988753952 0.0838612826582173 0.079725424311532 0.0752159003084874 0.0708145792854994 0.0680696491067807 0.0646204952884329 0.0604954128169133 0.0568023055999658 0.0519915562170713 0.0475833396441551 0.0434216340204459 0.0398601188017622 0.0352445700029403 0.0345575630163913 0.0327294100706237 0.0317228404959112 0.0306894850920341
-9999 -9999 -9999 -9999 -9999 -9999 -9999 -9999 -9999 -9999 -9999 -9999 -9999 -9999 -9999 -9999 -9999 -9999 0.416834721588319 0.395781444545598 0.36525021236498 0.339377146197833 0.310951364145093 0.18482024870717 0.160446398056171 0.00936210099876241 0.0455228592531779 0.106041459482396 0.122293952992729 0.124731573440603 0.11694272268118 0.117445727055396 0.139672728263228 0.150435634412344 0.144312600628683 0.137017814530828 0.130293615122184 0.121923272769037 0.112431717511226 0.101319305959025 0.0932667055336986 0.087641307139794 0.0830386042788431 0.0776034641231157 0.072790065936439 0.0702718537128102 0.0664910833380651 0.0621161729744706 0.0586424656130586 0.0540493181750049 0.049617230740854 0.0455146000965963 0.0419367321817684 0.0381588264445765 0.0365941544950623 0.0344348419899208 0.0331180716816788 0.0321136933428806
-9999 -9999 -9999 -9999 -9999 -9999 -9999 -9999 -9999 -9999 -9999 -9999 -9999 -9999 -9999 -9999 -9999 -9999 0.418797568033787 0.396596475127005 0.375496685575027 0.351196957103138 0.299554508892765 0.18830404509759 0.135207736136282 0.0358681773900864 0.0356929470213627 0.118846039068334 0.137417650330806 0.131487427431113 0.117286021029852 0.107626915642819 0.139929027824925 0.155954750611525 0.150030146060618 0.141913675656428 0.13478638157063 0.126054347911948 0.116932961115343 0.106261912524338 0.0975146834683857 0.091019519931581 0.0855097345096575 0.0801148459316935 0.0752136191317859 0.0725020874136129 0.0680708089914239 0.0638090325312895 0.0604119761697163 0.0562566479015816 0.0518378469677669 0.047789487011892 0.0442904970082458 0.041119197773515 0.0390150803044186 0.0365044309578901 0.0345691381800227 0.0334640446294492
