layers/veg_tps/veg4800.asc
NCOLS 255 
NROWS 330 
XLLCORNER -2985163.8955 
YLLCORNER -3022031.214 
CELLSIZE 25000 
NODATA_value -9999 
[rows 250 to 274 of 330, columns 58 to 115 of 255]
-9999 -9999 -9999 -9999 -9999 -9999 -9999 -9999 -9999 -9999 -9999 -9999 -9999 -9999 -9999 0.718368279121114 0.721181705199146 0.720143304802197 0.699334698933729 0.665714278719545 0.587960326831117 0.556861841491826 0.542234235348045 0.508145737479211 0.497237622717144 0.480841729716999 0.472933979569921 0.466116918846876 0.413180068077892 0.396654610339745 0.37474103185631 0.328936195312843 0.322388907166633 0.318127571403009 0.308928003769282 0.295260682973349 0.285827190380026 0.275849051135945 0.255725280117338 0.245187935186854 0.242512704593936 0.239056412061815 0.2310202496555 0.224727513373962 0.222727718504102 -9999 0.189747989823677 0.182254658364066 0.176533914438545 0.168628770527905 0.162206249457407 0.156872289459063 0.148062801336183 -9999 -9999 -9999 -9999 -9999
-9999 -9999 -9999 -9999 -9999 -9999 -9999 -9999 -9999 -9999 -9999 -9999 -9999 -9999 -9999 0.702679433014884 0.72930537993152 0.726171719812568 0.705000639281424 0.690987883101728 0.649064106096695 0.581552414973656 0.56529294203875 0.541938086682115 0.507810147479753 0.488681203901637 0.476501932873535 0.46843085627693 0.423271955684731 0.411584974813642 0.395601089232236 0.357768474970865 0.341522669541166 0.328540516886536 0.310628546479877 0.291020004400682 0.273556774401022 0.250629563271637 0.235524539165986 0.232120063373421 0.23606667551171 0.237371907463862 0.235743588604319 0.230455404190491 0.230284589285366 -9999 -9999 -9999 0.179719626955893 0.171262842958662 0.164605965064649 0.158490190232028 -9999 -9999 -9999 -9999 -9999 -9999
-9999 -9999 -9999 -9999 -9999 -9999 -9999 -9999 -9999 -9999 -9999 -9999 -9999 -9999 -9999 0.731288058182921 0.741679214387028 0.73414691948545 0.719235892587136 0.68291191566215 0.666168232734636 0.63563272348441 0.573745483373489 0.565356496043728 0.530042625491134 0.507785226958491 0.486405601745797 0.459552763194504 0.437215823583124 0.425988921463777 0.407567542225328 0.379660833086358 0.357684211535945 0.336116735105582 0.311614691452836 0.288453632942049 0.26317421989202 0.246888756857069 0.219137391098069 0.22712087112014 0.235057896199328 0.241538739975476 0.240383527725943 0.234463738123102 0.235614205484559 -9999 -9999 -9999 -9999 -9999 -9999 -9999 -9999 -9999 -9999 -9999 -9999 -9999
-9999 -9999 -9999 -9999 -9999 -9999 -9999 -9999 -9999 -9999 -9999 -9999 -9999 -9999 0.777567690649794 0.761786818596291 0.756787456899644 0.747973376987185 0.73133592553433 0.69650484771491 0.636667085330747 0.645077812446844 0.5900938512525 0.541963276772834 0.518564640391018 0.524094274778613 0.492141481816654 0.456112915038711 0.446612590219619 0.432180825526619 0.4031178499056 0.376893758080831 0.365712116443532 0.337339613016377 0.315987817510487 0.297324364206333 0.271043923424603 0.270157142131763 0.241755622722628 0.242786063342376 0.247378107878259 0.24658051478017 0.242101947200517 0.236400895085915 0.240596458536798 -9999 -9999 -9999 -9999 -9999 -9999 -9999 -9999 -9999 -9999 -9999 -9999 -9999
-9999 -9999 -9999 -9999 -9999 -9999 -9999 -9999 -9999 -9999 -9999 -9999 -9999 -9999 -9999 0.771520186965152 0.770227785080592 0.762234043987331 0.73531699776627 0.702853299580396 0.655538106855188 0.635952183266496 0.585214098061162 0.590550685051166 0.537293305846888 0.533095890591625 0.519584057485034 0.486518152643631 0.458209637356713 0.430584906855778 0.398823417977638 0.374072434738648 0.35587708079486 0.340444534971103 0.314808597748441 0.30322935177536 0.28249895746451 0.283642718090898 0.282227758806312 0.268650321936422 0.262443471183685 0.25747971700862 0.251820120627308 0.245060126066101 0.246600590659272 -9999 -9999 -9999 0.214447311148302 -9999 -9999 -9999 -9999 -9999 -9999 -9999 -9999 -9999
-9999 -9999 -9999 -9999 -9999 -9999 -9999 -9999 -9999 -9999 -9999 -9999 -9999 -9999 -9999 0.796715356128091 0.786670974724479 0.769259024078974 0.718298926050208 0.712635093285401 0.67081440521359 0.649470918588205 0.627425843697195 0.578085090929651 0.586108811481179 0.559323326693916 0.536200997573711 0.518555823350532 0.483002844531303 0.443449101605975 0.410162819252364 0.382524867572755 0.336683960157494 0.340164612136061 0.313580192138178 0.30917256287061 0.302941595665895 0.303963822610356 0.30219166045881 0.284648961151425 0.275234185618245 0.270233976802747 0.264280610682462 0.259175117484474 0.256317472351768 0.246988563261976 -9999 -9999 0.214586140593743 0.211235340171072 -9999 -9999 -9999 -9999 -9999 -9999 -9999 -9999
-9999 -9999 -9999 -9999 -9999 -9999 -9999 -9999 -9999 -9999 -9999 -9999 -9999 -9999 0.772181267940615 0.795349595650821 0.79570516634419 0.792565571714604 0.725883917360886 0.72323380799755 0.676363412510243 0.626494088246035 0.626040387238848 0.582998609446302 0.612116318592857 0.579648545310189 0.561806698267723 0.523033635165959 0.50212767452637 0.472337251025866 0.429867106827197 0.390027547952475 0.346355485710025 0.34864244858241 0.331591681271051 0.317966423805257 0.317092746699048 0.322049281042932 0.315651900166089 0.300253362546785 0.288744724974476 0.285278958550846 0.276526828201409 0.270120356010928 0.263734077686427 0.251419018384731 0.243751741473438 0.2299624824729 0.224534049663093 0.216801115295817 -9999 -9999 -9999 -9999 -9999 -9999 -9999 -9999
-9999 -9999 -9999 -9999 -9999 -9999 -9999 -9999 -9999 -9999 -9999 -9999 -9999 -9999 0.76809998068007 0.786434388183009 0.797899453790877 0.793963120080107 -9999 0.715840898401706 0.689425379162059 0.639593164243601 0.642492074867238 0.633929424361439 0.595266563275977 0.579260926189887 0.564606535197599 0.522490021696339 0.502118540550921 0.491633633047979 0.451291614214012 0.416459344764139 0.392324928443413 0.384557182584278 0.361181327668348 0.330396864272307 0.321470833840265 0.330491160462343 0.33815438318693 0.322543012387807 0.306697077656784 0.299394248188143 0.288335239750397 0.279566350625608 0.270800231635942 0.257166106463838 0.244139243526542 0.2325937672684 0.232770353335288 0.2223681079515 -9999 -9999 -9999 -9999 -9999 -9999 -9999 -9999
-9999 -9999 -9999 -9999 -9999 -9999 -9999 -9999 -9999 -9999 -9999 -9999 -9999 -9999 0.793647768991147 0.779250858921576 0.809296052526963 -9999 -9999 0.687713891541741 0.693612571265088 0.650675974797969 0.644459724642927 0.643788836518898 0.585560987322075 0.5931073498358 0.584712386207521 0.566386656624607 0.536108119614182 0.518726805213592 0.460371367064012 0.428931315954475 0.383960539261624 0.387558541726354 0.361180564951326 0.344500590396301 0.3389105258853 0.348493548270798 0.363441190119773 0.344819805713104 0.324923793193917 0.310546805609085 0.297357050070917 0.287450739340467 0.276721513180866 0.26844168010846 0.259916885422784 0.237879767369409 0.23774800105542 0.230533226910246 -9999 -9999 -9999 -9999 -9999 -9999 -9999 -9999
-9999 -9999 -9999 -9999 -9999 -9999 -9999 -9999 -9999 -9999 -9999 -9999 -9999 -9999 0.821636661937517 0.816888748557707 0.811416540064742 -9999 -9999 0.711224991708058 0.675128661224785 0.626840735237348 0.616210021232684 0.634104220128231 0.601839785568325 0.600838598986574 0.594265107514808 0.568702905834691 0.528069465932971 0.498264345284048 0.473372724989807 0.441365980280328 0.425263746278752 0.388409890909745 0.36817482183352 0.375413312348781 0.374254993061837 0.384300986168098 0.376764928932108 0.358519610802158 0.335911112600348 0.318686128933135 0.307132823838711 0.295910339459346 0.286210655314131 0.276221629485718 0.262662702316641 0.240334768689497 0.239201343168002 -9999 -9999 -9999 -9999 -9999 -9999 -9999 -9999 -9999
-9999 -9999 -9999 -9999 -9999 -9999 -9999 -9999 -9999 -9999 -9999 -9999 -9999 -9999 0.829870104513366 0.820107756348586 0.820752002790805 0.817114991824059 -9999 0.754958744039839 0.692872268602903 0.666012447551322 0.638308167280133 0.649042119230303 0.635776145891637 0.595367859425234 0.593196245995652 0.572860267657709 0.533210215002313 0.491299471872254 0.471717614303079 0.477213523429535 0.455611125602212 0.410251513784585 0.422711631079304 0.416841327746343 0.397601634280659 0.396362134750961 0.380331572200924 0.36229087215765 0.341182053739911 0.326480268693465 0.317136882151025 0.30452744658357 0.294204176025724 0.284058723031465 -9999 -9999 -9999 -9999 -9999 -9999 -9999 -9999 -9999 -9999 -9999 -9999
-9999 -9999 -9999 -9999 -9999 -9999 -9999 -9999 -9999 -9999 -9999 -9999 -9999 -9999 0.836318044431631 0.824240246317478 0.821228879209066 -9999 -9999 0.776627035469197 0.701950591706795 0.690886328704861 0.68536675398169 0.66517186462313 0.65266930555101 0.606463068036144 0.589955938491417 0.579788378795611 0.545206304359424 0.513132482661639 0.480314043276222 0.498990418726882 0.46835773825153 0.450109181889311 0.445216371917814 0.426581151291679 0.405845393706311 0.392789252065552 0.378153299629091 0.36282298874839 0.348362089089785 0.336360088651903 0.320940745635709 0.308723239842632 0.296981171012564 -9999 -9999 -9999 -9999 -9999 -9999 -9999 -9999 -9999 -9999 -9999 -9999 -9999
-9999 -9999 -9999 -9999 -9999 -9999 -9999 -9999 -9999 -9999 -9999 -9999 -9999 -9999 0.847733958325958 0.838901711150426 0.808393658403359 -9999 0.786355033981852 0.754408395180911 0.719968193926772 0.685921797474743 0.656294406430069 0.659736044856401 0.637227798890813 0.628799795224652 0.592716541193272 0.58012282574485 0.558439017098228 0.53531087072391 0.492540627398637 0.502564966634982 0.485113038036975 0.466648888810798 0.455442151945587 0.433713911038627 0.410433212362653 0.399506092243336 0.378645670066845 0.367198254510937 0.354139105771289 0.341514357098085 0.321573925620475 0.309431204257321 -9999 -9999 -9999 -9999 -9999 -9999 -9999 -9999 -9999 -9999 -9999 -9999 -9999 -9999
-9999 -9999 -9999 -9999 -9999 -9999 -9999 -9999 -9999 -9999 -9999 -9999 -9999 -9999 -9999 0.848096578237624 0.813118735976976 -9999 0.802354655656906 0.759918264807497 0.730962921591417 0.728690771448691 0.72150311146014 0.672197041906589 0.651642913921796 0.627586303626736 0.591108925227355 0.57907089787023 0.564684106396596 0.546695649111818 0.511779451974818 0.509858593511896 0.499206695453309 0.482034574860642 0.467108501542501 0.44903465779085 0.426005928094118 0.411489939285263 0.386777859460556 0.372349658169021 0.358995742629242 0.34073593320699 0.324209685438678 0.314011797021179 0.310805910055228 -9999 -9999 -9999 -9999 -9999 -9999 -9999 -9999 -9999 -9999 -9999 -9999 -9999
-9999 -9999 -9999 -9999 -9999 -9999 -9999 -9999 -9999 -9999 -9999 -9999 -9999 -9999 -9999 -9999 -9999 -9999 0.802219791563302 0.787876592210784 0.760360267715218 0.688120695134479 0.660974044303657 0.646243151804212 0.646390441756125 0.626844144352403 0.594021215371549 0.584501051342751 0.561195669100025 0.545375543070425 0.519228371684916 0.520741804530526 0.499650068721674 0.477061632360768 0.460576596987998 0.442675631705941 0.430355390647418 0.417156511453679 0.398591900974898 0.382906764594573 0.362589299042914 0.344655923398089 0.330328832677806 0.320458756798424 0.326532078883984 -9999 -9999 -9999 -9999 -9999 -9999 -9999 -9999 -9999 -9999 -9999 -9999 -9999
-9999 -9999 -9999 -9999 -9999 -9999 -9999 -9999 -9999 -9999 -9999 -9999 -9999 -9999 0.854356571103804 0.854603779842968 -9999 -9999 0.779695305332973 0.77712513387692 0.758786290942478 0.697362912396343 0.679236950471527 0.686154635298822 0.656024568958688 0.639909505481916 0.622514963732892 0.604633099892052 0.573779015229067 0.544710750643469 0.51935303316399 0.524667857987004 0.501567243729919 0.466462886211746 0.461941621611577 0.449212216388344 0.43939793504302 0.424974233607984 0.405459339120188 0.388553146587494 0.364908821590622 0.349753138512205 0.336465348888324 0.330181810043499 0.337456155016143 -9999 -9999 -9999 -9999 -9999 -9999 -9999 -9999 -9999 -9999 -9999 -9999 -9999
-9999 -9999 -9999 -9999 -9999 -9999 -9999 -9999 -9999 -9999 -9999 -9999 -9999 -9999 -9999 0.85303663924823 -9999 -9999 -9999 0.776392118481578 0.752841144648027 0.704185662130439 0.669247857498052 0.665819607169089 0.661885731448361 0.63564470164558 0.632486887242083 0.618788095858631 0.591663336919474 0.565906321069243 0.535780560985246 0.528914658018683 0.5153481081422 0.471839524237375 0.471852061556869 0.463171237427694 0.448791300528222 0.431849692488705 0.413783354321059 0.391158353050479 0.371776914946456 0.361054740143725 0.355296756898587 0.348551095346247 0.338644624511553 -9999 -9999 -9999 -9999 -9999 -9999 -9999 -9999 -9999 -9999 -9999 -9999 -9999
-9999 -9999 -9999 -9999 -9999 -9999 -9999 -9999 -9999 -9999 -9999 -9999 -9999 -9999 -9999 -9999 0.86343244334845 0.818340260539305 0.794010756903922 0.79109520890429 0.773972475156456 0.712842900714873 0.668541609759435 0.66566042054977 0.655803962548232 0.633186118875406 0.634924681710952 0.626713147705112 0.609805591446409 0.574244614203887 0.533837861132086 0.538469201041058 0.52472680961662 0.493886313305689 0.480982151054321 0.469942204917828 0.450123020855208 0.438585245697714 0.417081936238045 0.402000252433183 0.39404738660516 0.384573954658841 0.371022940152111 0.353748062156808 -9999 -9999 -9999 -9999 -9999 -9999 -9999 -9999 -9999 -9999 -9999 -9999 -9999 -9999
-9999 -9999 -9999 -9999 -9999 -9999 -9999 -9999 -9999 -9999 -9999 -9999 -9999 0.906501703450523 0.858109752759856 0.873658500118799 -9999 0.826839638965138 0.802555340990483 0.772337404440628 0.774960479112811 0.732981939198934 0.698061406384742 0.663864640142732 0.668373733192977 0.645123671899636 0.645045268821031 0.633275867253387 0.618729219986494 0.581569812050292 0.544257594767214 0.537750148684021 0.535021248713378 0.511049803558325 0.493809127577648 0.472854826295227 0.453516168714548 0.444295110179484 0.420820934141925 0.415187222007369 0.414421091282155 0.39527242668477 0.376732860537045 -9999 -9999 -9999 -9999 -9999 -9999 -9999 -9999 -9999 -9999 -9999 -9999 -9999 -9999 -9999
-9999 -9999 -9999 -9999 -9999 -9999 -9999 -9999 -9999 -9999 -9999 -9999 0.926210778151364 -9999 0.865190049235046 0.880368988413328 -9999 0.848447437421395 0.834846163228282 0.763017394228394 0.738582642294997 0.736457640413981 0.716505157652636 0.685400085777621 0.677296921651836 0.659854491383083 0.651593711087175 0.633460481826583 0.618946023979561 0.598702245916308 0.563751486973418 0.561108171289341 0.537698220990843 0.517863008189317 0.502866008956037 0.477082254148152 0.462344516899949 0.443429098049026 0.431301135789465 0.422805466500543 0.421495378110787 -9999 -9999 -9999 -9999 -9999 -9999 -9999 -9999 -9999 -9999 -9999 -9999 -9999 -9999 -9999 -9999 -9999
-9999 -9999 -9999 -9999 -9999 -9999 -9999 -9999 -9999 -9999 -9999 -9999 -9999 -9999 -9999 0.867254723971478 0.849568377355083 0.855409692775431 0.82649532007843 0.78441381689203 0.77257220236941 0.728958192197568 0.707901639420486 0.69987735760218 0.684472492371493 0.665529159396545 0.657577730011637 0.64183718837187 0.628602487171931 0.611548987591977 0.577718874811596 0.567699541848158 0.555938307525134 0.538081029393811 0.513544172774861 0.490770376875262 0.460759058890501 0.442570005219428 0.45517046250143 -9999 -9999 -9999 -9999 -9999 -9999 -9999 -9999 -9999 -9999 -9999 -9999 -9999 -9999 -9999 -9999 -9999 -9999 -9999
-9999 -9999 -9999 -9999 -9999 -9999 -9999 -9999 -9999 -9999 -9999 -9999 -9999 -9999 -9999 0.860204652234003 0.849455952685675 0.860555326746172 0.796735326186557 0.786759821491498 0.788951734155944 0.75743257963313 0.725741553531439 0.708370341951278 0.683207940631746 0.671069669229293 0.664537022101125 0.65152757802762 0.635209718830517 0.617057716448228 0.588774539587365 0.567953997920766 0.563569477542966 0.542175909433081 0.516159348759024 0.479805202919431 0.458412875122847 0.471558865440178 -9999 -9999 -9999 -9999 -9999 -9999 -9999 -9999 -9999 -9999 -9999 -9999 -9999 -9999 -9999 -9999 -9999 -9999 -9999 -9999
-9999 -9999 -9999 -9999 -9999 -9999 -9999 -9999 -9999 -9999 -9999 -9999 -9999 -9999 0.896534697042127 0.880822865639346 0.860487330108249 0.863171619065202 0.858762897594612 0.83447053258046 0.806778970483273 0.764695595192074 0.767475099655735 0.727586621859393 0.685735750717897 0.678681505258698 0.666920745301231 0.653334573532431 0.63656041197401 0.618030495399552 0.597103160999449 0.569897809003463 0.560219299419158 0.532557438628108 0.509623296520265 0.481413358323221 0.479517378398404 0.486451058467689 -9999 -9999 -9999 -9999 -9999 -9999 -9999 -9999 -9999 -9999 -9999 -9999 -9999 -9999 -9999 -9999 -9999 -9999 -9999 -9999
-9999 -9999 -9999 -9999 -9999 -9999 -9999 -9999 -9999 -9999 -9999 -9999 -9999 -9999 0.896472378813552 0.894415020477282 0.881127045711791 0.864599075391966 0.832900876636455 0.805875519189032 0.754621381201712 0.763536769023632 0.751071877711735 0.705615177331761 0.690058221255025 0.674989346732343 0.662887147245326 0.649410514870604 0.633765997610052 0.617983844944967 0.599000788128943 0.582971907973439 0.560741905493377 0.522681863208398 0.524065878890275 0.52208600379305 0.511674966201795 0.508749376197393 -9999 -9999 -9999 -9999 -9999 -9999 -9999 -9999 -9999 -9999 -9999 -9999 -9999 -9999 -9999 -9999 -9999 -9999 -9999 -9999
-9999 -9999 -9999 -9999 -9999 -9999 -9999 -9999 -9999 -9999 -9999 -9999 -9999 0.925888116134169 0.895400915309105 0.904007136655622 0.891395566722748 0.87481206300678 0.808809692470044 0.795959999920643 0.793273177491379 0.777059823954388 0.756346055363924 0.689544327182629 0.685105984965595 0.679597384705783 0.666873297135137 0.651186298477449 0.636710355957903 0.622461770133598 0.599680846869283 0.582316525792336 0.564895936890264 0.546211129250904 0.549625360798306 0.530963936540142 0.512841258711805 0.508693944893102 -9999 -9999 -9999 -9999 -9999 -9999 -9999 -9999 -9999 -9999 -9999 -9999 -9999 -9999 -9999 -9999 -9999 -9999 -9999 -9999
