layers/veg_tps/veg5900.asc
NCOLS 255 
NROWS 330 
XLLCORNER -2985163.8955 
YLLCORNER -3022031.214 
CELLSIZE 25000 
NODATA_value -9999 
[rows 26 to 51 of 330, columns 114 to 170 of 255]
0.321873723561334 0.326738119488361 0.335578715882125 0.345104338571251 0.349431486482195 0.353943161351796 -9999 -9999 -9999 -9999 -9999 -9999 -9999 -9999 -9999 -9999 -9999 -9999 -9999 -9999 -9999 -9999 -9999 -9999 -9999 -9999 -9999 -9999 -9999 -9999 -9999 -9999 -9999 -9999 -9999 -9999 -9999 -9999 -9999 -9999 -9999 -9999 -9999 -9999 -9999 -9999 -9999 -9999 -9999 -9999 -9999 -9999 -9999 -9999 -9999 -9999 -9999
0.328683581090292 0.333093417113711 0.339728495924229 0.346947964929954 0.351628955324888 0.357272659659188 0.368934155154461 -9999 -9999 -9999 -9999 -9999 -9999 -9999 -9999 -9999 -9999 -9999 -9999 -9999 -9999 -9999 -9999 -9999 -9999 -9999 -9999 -9999 -9999 -9999 -9999 -9999 -9999 -9999 -9999 -9999 -9999 -9999 -9999 -9999 -9999 -9999 -9999 -9999 -9999 -9999 -9999 -9999 -9999 -9999 -9999 -9999 -9999 -9999 -9999 -9999 -9999
0.333732890573972 0.339956262975449 0.346506696939935 0.352629101409645 0.357842902261439 0.365791106072007 0.373528742614604 0.38481911672977 0.39661431034626 -9999 -9999 -9999 -9999 -9999 -9999 -9999 -9999 -9999 -9999 -9999 -9999 -9999 -9999 -9999 -9999 -9999 -9999 -9999 -9999 -9999 -9999 -9999 -9999 -9999 -9999 -9999 -9999 -9999 -9999 -9999 -9999 -9999 -9999 -9999 -9999 -9999 -9999 -9999 -9999 -9999 -9999 -9999 -9999 -9999 -9999 -9999 -9999
0.338192510463201 0.345136557592939 0.352000896418921 0.358254735909254 0.363901594154669 0.373272520051115 0.382112899816176 0.390355646669207 0.399294107735887 0.408607584436808 -9999 -9999 -9999 -9999 -9999 -9999 -9999 -9999 -9999 -9999 -9999 -9999 -9999 -9999 -9999 -9999 -9999 -9999 -9999 -9999 -9999 -9999 -9999 -9999 -9999 -9999 -9999 -9999 -9999 -9999 -9999 -9999 -9999 -9999 -9999 -9999 -9999 -9999 -9999 -9999 -9999 -9999 -9999 -9999 -9999 -9999 -9999
0.341041271136631 0.348952056822879 0.356518730367323 0.363599110244491 0.3706795646437 0.380570565106883 0.3903787605363 0.398924929284769 0.406984553176946 0.414454500496775 0.422026624969907 0.440148113381948 -9999 -9999 -9999 -9999 -9999 -9999 -9999 -9999 -9999 -9999 -9999 -9999 -9999 -9999 -9999 -9999 -9999 -9999 -9999 -9999 -9999 -9999 -9999 -9999 -9999 -9999 -9999 -9999 -9999 -9999 -9999 -9999 -9999 -9999 -9999 -9999 -9999 -9999 -9999 -9999 -9999 -9999 -9999 -9999 -9999
0.34831594314686 0.355991470530449 0.364446414193035 0.371834828741342 0.376741433516925 0.389080372618657 0.398294011723377 0.406317256151222 0.413664456207279 0.421684192490084 0.431751685154909 0.442445222583283 0.451962927933734 -9999 -9999 -9999 -9999 -9999 -9999 -9999 -9999 -9999 -9999 -9999 -9999 -9999 -9999 -9999 -9999 -9999 -9999 -9999 -9999 -9999 -9999 -9999 -9999 -9999 -9999 -9999 -9999 -9999 -9999 -9999 -9999 -9999 -9999 -9999 -9999 -9999 -9999 -9999 -9999 -9999 -9999 -9999 -9999
0.358060265913353 0.364327968690203 0.37250857893322 0.378846167217725 0.379057777356424 0.394985751085701 0.405255562526156 0.412749380454285 0.418809450404057 0.426643908730114 0.438821811613079 0.448388338273045 0.454523788073513 0.456882852276316 -9999 -9999 -9999 -9999 -9999 -9999 -9999 -9999 -9999 -9999 -9999 -9999 -9999 -9999 -9999 -9999 -9999 -9999 -9999 -9999 -9999 -9999 -9999 -9999 -9999 -9999 -9999 -9999 -9999 -9999 -9999 -9999 -9999 -9999 -9999 -9999 -9999 -9999 -9999 -9999 -9999 -9999 -9999
0.370078520042236 0.37577356595968 0.382644531456976 0.390293205950914 0.396413137225798 0.403535317651726 0.410739707770311 0.419172044873701 0.428132366620705 0.437208518794356 0.446396184644908 0.455669769914241 0.459455769269527 0.473447278805785 -9999 -9999 -9999 -9999 -9999 -9999 -9999 -9999 -9999 -9999 -9999 -9999 -9999 -9999 -9999 -9999 -9999 -9999 -9999 -9999 -9999 -9999 -9999 -9999 -9999 -9999 -9999 -9999 -9999 -9999 -9999 -9999 -9999 -9999 -9999 -9999 -9999 -9999 -9999 -9999 -9999 -9999 -9999
0.371505947472826 0.381051256232772 0.392096018404622 0.398542857035047 0.405617143668951 0.412803947564245 0.417490254981833 0.427325433142403 0.437388325979252 0.445742184620464 0.454101336836124 0.463311453352942 0.472981609177401 0.479696284756998 0.488742504298137 -9999 -9999 -9999 -9999 -9999 -9999 -9999 -9999 -9999 -9999 -9999 -9999 -9999 -9999 -9999 -9999 -9999 -9999 -9999 -9999 -9999 -9999 -9999 -9999 -9999 -9999 -9999 -9999 -9999 -9999 -9999 -9999 -9999 -9999 -9999 -9999 -9999 -9999 -9999 -9999 -9999 -9999
0.356698121664884 0.370264121523748 0.393299216169372 0.404355159817558 0.411399230314615 0.418200298338298 0.425739726737916 0.435113881821836 0.444332694509695 0.45205908078639 0.459041285730541 0.469862563128533 0.475312632162289 0.483438701735194 0.492063099568511 0.502304876064307 0.514932594666431 -9999 -9999 -9999 -9999 -9999 -9999 -9999 -9999 -9999 -9999 -9999 -9999 -9999 -9999 -9999 -9999 -9999 -9999 -9999 -9999 -9999 -9999 -9999 -9999 -9999 -9999 -9999 -9999 -9999 -9999 -9999 -9999 -9999 -9999 -9999 -9999 -9999 -9999 -9999 -9999
0.369601855668414 0.368181656857736 0.381773009533176 0.402796947865895 0.424567068020111 0.431164168840034 0.438392455317891 0.444031950906309 0.45092272605449 0.459424746057897 0.467942093734988 0.477002347726469 0.481716283446577 0.489850163102111 0.498846952815144 0.507452565386448 0.515942110290206 0.525629650156949 0.534695787867564 -9999 -9999 -9999 -9999 -9999 -9999 -9999 -9999 -9999 -9999 -9999 -9999 -9999 -9999 -9999 -9999 -9999 -9999 -9999 -9999 -9999 -9999 -9999 -9999 -9999 -9999 -9999 -9999 -9999 -9999 -9999 -9999 -9999 -9999 -9999 -9999 -9999 -9999
0.366153113301984 0.36591374264546 0.377109450313072 0.398972293984351 0.430851333910085 0.440469592267093 0.448150165516401 0.452795245018633 0.457032419548598 0.464962152218699 0.477748056073792 0.485891164359198 0.489303941038884 0.496785893856864 0.505934674313327 0.514982041383288 0.523049958155712 0.530034451671339 0.535883591109725 0.55044902411949 0.559054801893355 -9999 -9999 -9999 -9999 -9999 -9999 -9999 -9999 -9999 -9999 -9999 -9999 -9999 -9999 -9999 -9999 -9999 -9999 -9999 -9999 -9999 -9999 -9999 -9999 -9999 -9999 -9999 -9999 -9999 -9999 -9999 -9999 -9999 -9999 -9999 -9999
0.361566476347179 0.381904094785265 0.399183375835414 0.410969800193456 0.411569150749087 0.432293900828969 0.448795008634658 0.462540413670094 0.47228938742224 0.478783030095288 0.484842866214672 0.494781405088395 0.498590493945391 0.505667387868239 0.514021158759928 0.522433721232397 0.530403374872159 0.537845262833773 0.54531988371037 0.553321007542834 0.559156215112224 0.565361967315191 0.573672229473598 0.583205399688405 0.590186923624141 0.597663352200889 0.605008726243402 0.614004788392375 0.621481059717497 0.625481103873242 0.633558525214314 0.641167217482429 0.650304877655338 -9999 -9999 -9999 -9999 -9999 -9999 -9999 -9999 -9999 -9999 -9999 -9999 -9999 -9999 -9999 -9999 -9999 -9999 -9999 -9999 -9999 -9999 -9999 -9999
0.389099498482473 0.40701909299971 0.417121768441606 0.419664396702004 0.406887350591457 0.419949370919123 0.441431426299116 0.465892704726048 0.48099201908462 0.487695570615266 0.495059394496431 0.50500972192294 0.507782110596157 0.514239042373275 0.521935692520097 0.52941069735344 0.536809023515842 0.545508972938347 0.55192209701457 0.559365894402795 0.565248484172523 0.571855079068346 0.57977902682035 0.587623660567339 0.594451012300013 0.601811370227958 0.609968367902917 0.61825142573789 0.625103234922732 0.630329767433281 0.637465388074357 0.644700043023401 0.652068913297183 0.661058711706679 0.667403244361201 0.671098879630555 -9999 -9999 -9999 -9999 -9999 -9999 -9999 -9999 -9999 -9999 -9999 -9999 -9999 -9999 -9999 -9999 -9999 -9999 -9999 -9999 -9999
0.376597719672805 0.38950299521972 0.413206736195853 0.423878863407297 0.398935173894908 0.419685460247922 0.441545023908187 0.463110845292793 0.482531250328376 0.496890435433419 0.504899447428437 0.512154700373431 0.512919283893804 0.521417042788928 0.529668320994099 0.536221967720676 0.542482993416394 0.550069323576776 0.558873889561393 0.565066014193634 0.570516945166282 0.577280367019314 0.585134355833968 0.592662086368425 0.599964085233951 0.607379160180198 0.615327613840442 0.62320119319874 0.629617412336711 0.635117177539193 0.642422505441238 0.648681494910595 0.65537458691345 0.662873460691852 0.668613682119745 0.673236914940651 0.68050105477656 0.693019555609895 0.699477132697199 0.708277997204599 -9999 -9999 -9999 -9999 -9999 -9999 -9999 -9999 -9999 -9999 -9999 -9999 -9999 -9999 -9999 -9999 -9999
0.393003741190546 0.392372352719937 0.404834501373204 0.415121341909996 0.389500269843156 0.415209176167025 0.442687174629155 0.456815174993999 0.462917060670531 0.480050461012378 0.513385420443141 0.51794515681287 0.52308244618266 0.528828027642131 0.534911401138877 0.541673369313453 0.54893187768705 0.556015806116893 0.563882190566109 0.569457988330726 0.575657948964762 0.582232982842667 0.589078306248005 0.596462064217661 0.605049421034088 0.612785529838358 0.620793210389433 0.627247362402222 0.632630980836792 0.638267402929875 0.645710485928618 0.654663068344653 0.660391410426504 0.664986885135071 0.671001377104777 0.677590532983549 0.684167924801308 0.6926383269436 0.700320766157054 0.709013524534434 0.716821083271152 -9999 -9999 -9999 -9999 -9999 -9999 -9999 -9999 -9999 -9999 -9999 -9999 -9999 -9999 -9999 -9999
0.409609468884512 0.412149742247409 0.424476891051165 0.430883033837258 0.420061864790583 0.442526614084052 0.443922831346514 0.455751851820243 0.485402484078593 0.512110786958668 0.51742962582071 0.523323336669273 0.527450467250596 0.531864857179788 0.538655409595989 0.545754855752042 0.551316182680379 0.556084827648628 0.56554940450946 0.574730186202119 0.577258029423586 0.582935632157001 0.592142382757457 0.60103384962515 0.608414031291798 0.614855015720026 0.620302629439114 0.629916973646888 0.637892643566021 0.642621189323352 0.647983214801651 0.658507294603285 0.662254278232286 0.668238970320948 0.675432200551401 0.68176089690157 0.686282574527058 0.692371680499175 0.703373955726852 0.711200375985856 0.717915635261477 0.721391494262914 -9999 -9999 -9999 -9999 -9999 -9999 -9999 -9999 -9999 -9999 -9999 -9999 -9999 -9999 -9999
0.422572810895719 0.428576594614555 0.438543717437141 0.447126728199694 0.454141662742242 0.462315670550845 0.472065900251476 0.479431005148362 0.493143366564923 0.511951655900613 0.526878767940083 0.53094468720506 0.529430014477664 0.536575205554276 0.545541860004967 0.552614331471215 0.558284214516595 0.564748075233387 0.568240922360586 0.573932421556222 0.574498784872151 0.584786120288712 0.598173541150749 0.60590633860608 0.611398722415365 0.617675316440178 0.624763178453788 0.635450622801255 0.643780251763822 0.64830059120504 0.652938189263682 0.662284985974428 0.663674542076879 0.672615170348386 0.680699295063732 0.686030936738407 0.690485209195932 0.696938210290419 0.707976300315556 0.715696342508177 0.721583543507148 0.725872880566033 0.733317792873971 -9999 -9999 -9999 -9999 -9999 -9999 -9999 -9999 -9999 -9999 -9999 -9999 -9999 -9999
0.474361954227501 0.476931198838427 0.482283822270222 0.487615513558435 0.4850729736086 0.481197438204778 0.485800434428148 0.499692561565268 0.508583689554233 0.517856615459389 0.533827064764982 0.537938086194501 0.541005829201877 0.545917609258186 0.55370970253602 0.559639447627419 0.563753460714669 0.569143976586771 0.570563932245062 0.575239721922339 0.578167504206879 0.589134779276013 0.600782403612792 0.607632566783926 0.615157135960241 0.620963114838225 0.630447931292685 0.641027413394248 0.648048368649065 0.652177806294623 0.657782271130165 0.668510429292421 0.670939360174753 0.677655513721662 0.68432109538004 0.690367120037301 0.696260552735962 0.703138648019853 0.710031758940741 0.719436073776794 0.726479619308836 0.728756790808999 0.73400476298207 0.744794623135612 0.748505944958025 -9999 -9999 -9999 -9999 -9999 -9999 -9999 -9999 -9999 -9999 -9999 -9999
0.512616122092688 0.515432775966255 0.517851048724652 0.517873698918275 0.511641390964534 0.512161576331381 0.510599707287733 0.515832487117959 0.525362204016144 0.535177450503639 0.542558419610235 0.546716921635326 0.549456580942827 0.553376977116084 0.558696666188908 0.564081950410839 0.568602623186811 0.572276861228396 0.574879793481219 0.580205622589705 0.588761952428264 0.597829109384339 0.604057594191903 0.609301535906293 0.619222228123523 0.626944721228463 0.635749977479462 0.643682265131408 0.649715579065428 0.655009751840564 0.66217623988329 0.672888276503827 0.677057958837753 0.683788484070015 0.68733596689153 0.69318449857561 0.699463084482712 0.703641321152856 0.712536755003708 0.723157407921146 0.730682192764719 0.737961243398983 0.742203433336062 0.74568080243303 0.75182818391872 0.758851162857953 -9999 -9999 -9999 -9999 -9999 -9999 -9999 -9999 -9999 -9999 -9999
0.5294134170535 0.531052389906178 0.532813843708851 0.53317739113779 0.531045998710185 0.53105363067795 0.53441445515548 0.538463800288872 0.542733053121396 0.547182353708284 0.550955446198203 0.552256778963967 0.556971456423619 0.560630378172481 0.565304771053012 0.570105422601784 0.573251498057021 0.574858474291894 0.579802347035848 0.589613782742982 0.591043905865031 0.600375990345132 0.607291774823799 0.61191071170787 0.624002614139812 0.632708092123395 0.639339563133535 0.645213091270865 0.651802847902831 0.659458787848805 0.667696400471168 0.675218736113944 0.679002140144452 0.685393562920486 0.68978475161704 0.696602193431727 0.702351385602133 0.70556538405761 0.717756088998997 0.725534631689847 0.732703246938279 0.73988947628636 0.745575226772214 0.750621962713087 0.756525118545487 0.762714232420746 0.766260885665084 -9999 -9999 -9999 -9999 -9999 -9999 -9999 -9999 -9999 -9999
0.541449846522515 0.542404560946235 0.543542842770867 0.544107576833435 0.54405534132544 0.545017635403203 0.547451930958837 0.549502196476268 0.551119027296515 0.553341768789121 0.556532765378001 0.559069294318024 0.561797683869108 0.566667633469558 0.57114132613429 0.575895442906114 0.579614902338699 0.581555290668325 0.585632174590842 0.590135470399476 0.593710150055661 0.600654796603408 0.603112061843657 0.608701835332282 0.627502168680629 0.635617153655582 0.641422134416781 0.648041255035981 0.65568973153851 0.663527759281268 0.671087787674266 0.678232636064933 0.684429671028596 0.686264362483822 0.694552465402072 0.701945517406547 0.706967713679768 0.712788379736886 0.722414042708762 0.726317527079725 0.734823693234455 0.742264785277318 0.74714982260497 0.75342604175098 0.762132284559313 0.767276724735931 0.770220165746134 0.769817387331653 -9999 -9999 -9999 -9999 -9999 -9999 -9999 -9999 -9999
0.552009966300871 0.552410711537872 0.552931065898504 0.553589413667163 0.553585082618463 0.553980000236722 0.555750901244606 0.547416906438002 0.540557101161447 0.543784714004108 0.555969604523158 0.566327167554 0.568092261232752 0.572730347791375 0.57354098714552 0.57791205512437 0.584711947853792 0.588988105869264 0.591755198200764 0.594977135819202 0.60029637943626 0.604602954544347 0.606893948634201 0.612319543050244 0.625811793807006 0.63763093086017 0.644426232915091 0.652394122354697 0.659360214903659 0.666169975193038 0.673606582516074 0.681223302394604 0.685721828443925 0.696020129792347 0.70071986040637 0.704389442748079 0.709137346535469 0.716343865797559 0.726101681218907 0.734618090689088 0.739130960057737 0.746667869773226 0.751522638368717 0.756581288663539 0.764017806425392 0.770809685016432 0.775097032214429 0.774855936289772 -9999 -9999 -9999 -9999 -9999 -9999 -9999 -9999 -9999
0.558131728356957 0.559024526148131 0.560012803101749 0.560266459160098 0.559409159373539 0.56035838646495 0.547844354489681 0.539263236491798 0.532585298529834 0.539479978126514 0.561065788840916 0.569520962129714 0.563457710133615 0.571543789771278 0.57556854243312 0.579932143495941 0.586266217353821 0.592401082574379 0.596777032916306 0.60155317011341 0.604300002035334 0.608632597392797 0.614585515947396 0.620670835053419 0.627577539506443 0.640857974129922 0.647945777332313 0.65667122030607 0.65943165843282 0.665659232965301 0.675898359114106 0.68441283543639 0.687816174225891 0.697808023917561 0.704055083100404 0.710569929870897 0.717087604213147 0.723456385598693 0.73094623474584 0.741201540300892 0.744666490610804 0.752144655332223 0.756046891560273 0.760223563782005 0.766871365081164 0.774256688394473 0.779372487397066 0.779159753277204 -9999 -9999 -9999 -9999 -9999 -9999 -9999 -9999 -9999
0.567074763883848 0.56747275897956 0.5676356130527 0.566967003084008 0.56516153746596 0.566268361733434 0.559691946082272 0.557642224156106 0.554885880298692 0.557835166301865 0.569049506193943 0.572974796232172 0.564090674126702 0.572375260982055 0.577444801929747 0.582328670343657 0.588663923582332 0.595407129774974 0.600842408396727 0.605528541379627 0.607186446683964 0.61128080615673 0.616657095648543 0.62323128420827 0.632197342033572 0.643545261419576 0.649748788524677 0.656875537973884 0.655888920607093 0.661935489559237 0.675368468994136 0.687855427572854 0.694632141885975 0.70174622905216 0.706502652822742 0.713080362412612 0.720664104608747 0.727053035551723 0.732031730526329 0.738708264805945 0.748985826042812 0.755677898055104 0.757328238842332 0.761596627837774 0.768845127584782 0.775946073821689 0.781299384942618 0.781298470686023 -9999 -9999 -9999 -9999 -9999 -9999 -9999 -9999 -9999
0.576963440338283 0.576606994298061 0.575565096731964 0.574660985721995 0.573045071508124 0.57200419368146 0.572496699497513 0.573529784643824 0.572200832813723 0.571788617815536 0.575178106014432 0.578392777185129 0.573319671064753 0.577874316055934 0.581634414433859 0.587106773388321 0.593886930269131 0.600133478498198 0.605285774171547 0.610203776821025 0.613006068909828 0.616077462750082 0.620202756290244 0.624187181017167 0.630759436719387 0.64417922013818 0.650050333421592 0.651025474967411 0.656945753787482 0.669288446948487 0.681667065813034 0.690201063462085 0.697877552636909 0.705360920862179 0.709694692833314 0.716317855753289 0.722923967503216 0.729924238263913 0.737224736053973 0.743920231968391 0.751369424362654 0.755873137876179 0.758552314287424 0.764152218013751 0.771756198331873 0.778400540306324 0.78352488745943 0.790806723058789 -9999 -9999 -9999 -9999 -9999 -9999 -9999 -9999 -9999
