layers/veg_tps/veg500.asc
NCOLS 255 
NROWS 330 
XLLCORNER -2985163.8955 
YLLCORNER -3022031.214 
CELLSIZE 25000 
NODATA_value -9999 
[rows 104 to 129 of 330, columns 174 to 231 of 255]
0.369432241517022 0.349462651424773 0.338718187710068 0.333509908500176 0.325161775272262 0.322895536890207 0.324216410555115 0.318752753667424 0.308144864654 0.300891619205563 0.299586040165441 0.30154311073914 0.283593412201682 0.306881867327431 0.320537298817773 0.31014910347409 0.309872731008832 0.314975301558369 0.326904624277915 0.338155847014604 0.347177347603723 0.373673593756298 0.391762424796745 0.395709104636471 0.41247117899233 0.418825354519256 0.432657028845924 0.440599357366109 0.444224973717949 0.456399530734556 0.476925001904544 0.49435362361372 0.50771954776957 0.517157667626733 0.525394098676525 0.53069560020011 0.532361818730538 0.545903930565648 0.548695141008156 0.556944261593347 0.558961007343117 0.556854484155293 0.558895897603755 0.561468941622641 0.56561756521645 0.575553399384364 0.583696790820135 0.592221736558413 0.600214881923633 0.603098343079862 0.613787233588304 0.633925106741858 0.649637423177907 0.654650695167425 0.662960402550737 -9999 -9999 -9999
0.370655454989038 0.350725259265215 0.335988604439905 0.331145807610202 0.329959157958059 0.328612381083451 0.3175565828331 0.306309800431389 0.300888718247926 0.295961914278122 0.298403882804365 0.293315541739545 0.298133596823839 0.313969686770204 0.316591500500851 0.300139432462715 0.301728413227808 0.304567680758972 0.316809713587528 0.330246741781518 0.3411182425863 0.366588360574634 0.394683669447961 0.401110208049008 0.410758446131605 0.412522287493779 0.426279912673882 0.435457723282826 0.452840555677546 0.469710755569665 0.483765669611908 0.498250450696541 0.512338097296718 0.523752107970997 0.533390606020191 0.540246692793476 0.541359401447056 0.550403868044489 0.561027581203705 0.560003190903858 0.560827274923469 0.561410716913302 0.563972039202181 0.564462546848949 0.56828102288081 0.579782766770965 0.585900874758427 0.590162664935086 0.604485034149182 0.600378792040067 0.614158021201791 0.628522411206548 0.647385455716156 0.65930641413508 0.662983676939554 -9999 -9999 -9999
0.368715636803328 0.356449249638575 0.33735085163545 0.329312977267995 0.331287142322 0.328918526987618 0.311250363991319 0.297666721030116 0.297291836924482 0.295121196611564 0.290975937811397 0.299187587694895 0.308833558897754 0.310360742323699 0.299173609418145 0.293365643919457 0.292941334498305 0.297241290937193 0.308257842612341 0.329164060546519 0.350312304557718 0.370999676356895 0.391873332516661 0.400421040152944 0.403886014680499 0.410109304615443 0.42446518350652 0.443182222749689 0.461412537660886 0.471755764931117 0.489794751352902 0.503724225426455 0.516919915899893 0.529456963818567 0.540907359792923 0.550249542436843 0.555425250501431 0.561938950311078 0.56856794752335 0.564323565155868 0.569804387924099 0.571307442372765 0.574967908827598 0.572916250222827 0.570680289192706 0.571362385622233 0.568507975816966 0.573904594480986 0.597337265602071 0.601646470111277 0.621022176457079 0.643632442597889 0.656777855976159 0.660120081195134 -9999 -9999 -9999 -9999
0.366421990079934 0.35683024518966 0.339914396345496 0.328949277214274 0.326537460501088 0.323373390714126 0.313121272785473 0.299048205765665 0.287906440211441 0.283519387322046 0.288249251552687 0.301052978388984 0.307114480426505 0.295988000252126 0.283196985354611 0.28999921046343 0.283050436544593 0.296051954954061 0.320608629838903 0.33640599459661 0.354360580069268 0.37178105268336 0.387042589147305 0.397422612857678 0.402429449535733 0.411892629728707 0.432177195908666 0.452620736892522 0.469287284027415 0.48123493357165 0.496295362272038 0.510215574892157 0.520824954910907 0.531885676210033 0.544725628251134 0.555860545755091 0.563352081476632 0.570416571148404 0.574344696128073 0.569639628050001 0.567802337696523 0.578776861977957 0.580555791576617 0.570730009653149 0.553468339818356 0.560937699127434 0.572533495570044 0.579366386008665 0.596616939990914 0.609645957627177 0.61223561158585 0.628956217412888 0.657626449984537 0.664365786715578 -9999 -9999 -9999 -9999
0.365671578289864 0.352445048744847 0.340055611967898 0.330013405014401 0.326859105438442 0.32356477168691 0.324737143796332 0.31383162269833 0.301515575498971 0.300606126951688 0.305237028410443 0.305234970086329 0.29654492120857 0.282399595397861 0.279157782328327 0.288256702562146 0.297784661808039 0.296987611100595 0.317131536965374 0.338587504493314 0.352548860210666 0.36855037251554 0.383998332957986 0.397323313876253 0.40857609283405 0.42160583475775 0.442424334954053 0.460688604870532 0.471878804982781 0.487408221715994 0.504105430006945 0.517307613885219 0.522919393892906 0.532701545137201 0.546093082171598 0.557022189959748 0.566408138408014 0.575829875197094 0.579578231256897 0.574980178137535 0.56609907321764 0.579296096477057 0.577967171268581 0.565740855861788 0.581745602802865 0.57331802327543 0.572689818292474 0.585336598448424 0.602203733284982 0.614562791516282 0.623249254107732 0.645866825836236 0.668806238815486 0.672990324309614 -9999 -9999 -9999 -9999
0.364783042901208 0.351675305848947 0.340774267705008 0.325706722211239 0.309576190384268 0.314009479782017 0.316681926276496 0.312264864285731 0.30264479181617 0.305946989855992 0.311016609776359 0.307543942951787 0.293744712328472 0.282378041842288 0.285231572448534 0.298801285376627 0.302923872397726 0.308009226764527 0.323046429478368 0.338140595167708 0.3527915930043 0.372022858222858 0.388928296945536 0.399803950673684 0.414295392156682 0.43296161052469 0.452215203569757 0.468591295228547 0.481865576965492 0.496383223961704 0.50978430611887 0.52156610027602 0.525370919943435 0.536705915763472 0.547148527855292 0.554782105067557 0.559315217917687 0.565902835660349 0.576858117898521 0.583671799272979 0.582043425819697 0.584666603373846 0.582986866869985 0.588830212890274 0.595761631443012 0.570194648950497 0.569707950570956 0.583801650837668 0.605087030176836 0.628301563594123 0.64745892752943 0.662048152634349 0.674797159568579 0.677870924522444 -9999 -9999 -9999 -9999
0.362831448847543 0.356446114008367 0.343261648540898 0.317048583101446 0.300169281557761 0.300543764588062 0.284513907070217 0.295944651193092 0.300553833087439 0.305549282743157 0.310042966696705 0.311079890903466 0.304656251905802 0.300937581207633 0.30205525621793 0.301879007468614 0.308936522843462 0.315197498526285 0.329904904717293 0.343076989347691 0.359755865623111 0.378354571596681 0.394226507566383 0.406945651033271 0.425255540255149 0.443837365306078 0.451615394643854 0.466053434176901 0.487729382916799 0.501145172112715 0.51260496331082 0.523110871188984 0.528579328139829 0.537627111687439 0.546523300143665 0.556503145910003 0.561899596847459 0.566511297896664 0.580347359459269 0.595307734346803 0.599533009366896 0.600022701170964 0.607397482083353 0.608892931462526 0.610555147217464 0.570732832782155 0.578860733405882 0.593559609585298 0.610308860089715 0.627041328329238 0.65067830488496 0.670346697512438 0.6779597643808 0.678176902049073 -9999 -9999 -9999 -9999
0.357346838892406 0.344589855373218 0.337515911522387 0.320427771385942 0.299275074072963 0.285283670195263 0.275857888097947 0.289257227280353 0.301679388406048 0.307761969404322 0.31434205110757 0.313482721475478 0.30851006987287 0.307031122300935 0.302923280229245 0.302231703956353 0.31003338463431 0.318213585836612 0.334905465790696 0.351525161082608 0.368341085597944 0.380581331670963 0.381647909846101 0.414530543579854 0.426047312144392 0.42864310851343 0.440162630753999 0.462158152987394 0.481729876276993 0.497634881773574 0.515665228863457 0.525505759730388 0.530856952183023 0.537795180655232 0.545718602679329 0.556185586879111 0.559327259252862 0.568135740028008 0.589729061636429 0.606087056972959 0.613881727982082 0.615723604659928 0.615558274209047 0.616713311327535 0.619523470777427 0.59739150177146 0.600162974938948 0.632974691566621 0.649408567106898 0.653311699412965 0.666576859710357 0.676805849295846 -9999 -9999 -9999 -9999 -9999 -9999
0.353061891970978 0.343070612388864 0.330044632744455 0.309796054804493 0.297669529425641 0.285911112295985 0.280658138861491 0.290194460421638 0.306282332059591 0.310817572632104 0.31292039493508 0.30963458837898 0.308292239111433 0.295922418493098 0.295492563736084 0.302906635899444 0.310953841951875 0.320885529633459 0.337552961829816 0.357194771308927 0.376022793395963 0.395065687689735 0.409813380693122 0.425234676346522 0.410008386173719 0.408009761287911 0.438933194206751 0.465807914435395 0.471159139303211 0.490857213479221 0.517283903072502 0.527021605673601 0.534489316062926 0.54452330746444 0.556618081911355 0.562650283502605 0.557988343577395 0.563575260993234 0.591697661564042 0.614642552249996 0.625709894382329 0.619564290702244 0.622999189472035 0.631580729001306 0.633133705463992 0.631681673768556 0.625985829762193 0.637721821540594 0.661933204568964 0.666613995449323 0.677943864742864 0.68027370361382 -9999 -9999 -9999 -9999 -9999 -9999
0.352820427950603 0.341326954918772 0.327408680514399 0.308642389771318 0.297041719929197 0.293604167905931 0.285821828280075 0.293320723543892 0.310064252418277 0.312306427470884 0.306195450589305 0.293904659971679 0.30062390000722 0.294384171205943 0.299986715978725 0.309329028549206 0.31562625797918 0.325809479580845 0.342179886986766 0.362404922210052 0.383078561181869 0.400515643107431 0.412138507412324 0.39563553523012 0.377034081064864 0.400918440362202 0.450927693593461 0.475677650976753 0.465379755455442 0.489861435261383 0.520163227839166 0.534233023764897 0.540603080992472 0.547962856695474 0.562410882288187 0.566597870153638 0.563748822395231 0.57609840909205 0.594608433652485 0.611391565784638 0.624081543612631 0.628046853018433 0.637743710593161 0.649295610593575 0.646612081145996 0.641098626061313 0.648217481618917 0.660770067983688 0.669034218253097 0.678072461851224 0.68220400081162 -9999 -9999 -9999 -9999 -9999 -9999 -9999
0.3453729891942 0.327520717149369 0.315882044709055 0.304146212375092 0.2970211926154 0.29849122017542 0.294234175760402 0.297800653300668 0.30341652238916 0.311917304192622 0.307466299045759 0.308908277625926 0.311429571532342 0.301005605090584 0.311031865868587 0.321591502276645 0.326081800411268 0.336687809479869 0.354211002971461 0.37133289721385 0.389437015435335 0.408165295978374 0.41870787316571 0.408186132448526 0.39159309626034 0.418808837849335 0.467267009761277 0.479769600229064 0.465603580610799 0.49270078028932 0.528069698261795 0.546051687091583 0.550930199857731 0.55542309947755 0.563185095781972 0.562625645400762 0.560737019538141 0.586668753926672 0.602417596572813 0.619186692200291 0.626587512286817 0.636703560492682 0.644704668046103 0.658577104774063 0.658695428809607 0.65591970868575 0.661043204301874 0.670401640985269 0.677503969457812 0.684242342088434 -9999 -9999 -9999 -9999 -9999 -9999 -9999 -9999
0.352049918552949 0.329188389718636 0.307125845223196 0.296962195510453 0.294753824918157 0.299902713242588 0.305006028465345 0.305894909160972 0.309980450226017 0.310242000863114 0.314925040766769 0.322472618889754 0.323935918694946 0.314462567944295 0.325764973686272 0.335700744991754 0.34201798449638 0.352458591094791 0.368423720277358 0.381402762040066 0.397101286689181 0.415320813555347 0.42941509623029 0.434071498065809 0.427239675525111 0.44540594406807 0.477118795535429 0.476234869812409 0.499201381368807 0.525038859879113 0.544786039669003 0.557608389543272 0.563571172265701 0.568521799047764 0.570236109417265 0.569763770527341 0.570853184207415 0.586091529732291 0.613137363478469 0.626332734047421 0.628820818057068 0.639897652242697 0.644967298985201 0.664013559692489 0.668745047606535 0.666574123866319 0.670861404459365 0.676606241062608 0.679477401284922 -9999 -9999 -9999 -9999 -9999 -9999 -9999 -9999 -9999
0.359970775114962 0.338990026495775 0.309820751946483 0.294534408990964 0.29353567561635 0.296807883013696 0.299197743731314 0.297513728768834 0.304798212383864 0.321376245369954 0.327312934423531 0.332958223155492 0.334970518521391 0.33341607998091 0.339511724639554 0.34787381406765 0.355790594946583 0.365694274633087 0.363198722519438 0.377977017493412 0.399138111259546 0.413257400611457 0.424430255897358 0.436462674055997 0.444229648535271 0.461182402767862 0.482313252923783 0.482331658402816 0.485341566866396 0.544795296863509 0.557206777957477 0.566780355751012 0.576182668508703 0.584497406487941 0.588216702243697 0.596516102263683 0.601597397168093 0.606255046774583 0.619912601294648 0.630634799859636 0.634935397168166 0.644744295703121 0.652720093021714 0.664450073955156 0.665989059949646 0.676290445397651 0.677205767638567 -9999 -9999 -9999 -9999 -9999 -9999 -9999 -9999 -9999 -9999 -9999
0.362373615956064 0.347771883294414 0.325389948235763 0.301488298553297 0.298671131023373 0.300246893829593 0.305559838680142 0.308833621707638 0.313725079049194 0.326848319592433 0.337348105082205 0.342580025824121 0.345793224981599 0.348805327759567 0.348743552994951 0.359928879921894 0.368798994253777 0.378207707420574 0.348122615923049 0.36412871390837 0.378822825387282 0.405282107600247 0.416817595385574 0.428091072857019 0.443428469230689 0.461807351405328 0.481224400260591 0.492513255157344 0.517615114429973 0.55288451973565 0.566237460279527 0.575088194738004 0.586476705983359 0.597052842227531 0.602183896565947 0.60380342706234 0.617331710986564 0.62458527344009 0.620945556225605 0.627708491970532 0.644108622768378 0.655158365870893 0.667681083840395 0.67570121155594 0.673727493979447 0.683367150836866 0.683673448142103 -9999 -9999 -9999 -9999 -9999 -9999 -9999 -9999 -9999 -9999 -9999
0.364379432232318 0.362626070442104 0.345628808497059 0.310430373537957 0.305816855766735 0.307893747430806 0.310055137127131 0.312815109148478 0.314213832545474 0.329955784460495 0.346687200531606 0.351217027569633 0.354349107191458 0.356352007366964 0.35762213803856 0.373333656282283 0.380084618777639 0.382601288690237 0.357083597050722 0.369051214559632 0.383141469834201 0.413305127948381 0.42881250812934 0.443721506213438 0.447090634540452 0.45158846425228 0.479676259880228 0.511060808130116 0.53608958338644 0.558954570951009 0.574663033325034 0.584193542093532 0.590590615329436 0.602978721729697 0.615849760018555 0.618066896805731 0.63119437341534 0.635837937608267 0.62674292032271 0.629788674809807 0.652223725854926 0.670024791080149 0.675483203903909 0.67726928656712 0.677815738164973 0.684689859696852 -9999 -9999 -9999 -9999 -9999 -9999 -9999 -9999 -9999 -9999 -9999 -9999
0.366455031475986 0.361978540108956 0.330742565475995 0.308361806241763 0.310491996837189 0.315268556023901 0.316372608897086 0.325635389698275 0.321108043111101 0.330802568136096 0.345337832018891 0.351006195435302 0.356742546986186 0.364547647083991 0.363032590870955 0.360171343386147 0.393219887995397 0.393590298525159 0.358837142106667 0.377587668110128 0.402673907712749 0.428716162732712 0.444018366475254 0.453263133747856 0.447421306705065 0.46642863789865 0.498575213916082 0.52576173297045 0.547190416177351 0.568185568311715 0.583807823585468 0.593006836790435 0.599122990777178 0.604667961065968 0.609949414019444 0.621951379095976 0.631224610629957 0.64163498613611 0.648362615463116 0.654835608650336 0.664580429853469 0.676154725697801 0.680108436488701 -9999 -9999 -9999 -9999 -9999 -9999 -9999 -9999 -9999 -9999 -9999 -9999 -9999 -9999 -9999
0.373838377812093 0.364872328783374 0.338808129925889 0.305738620440359 0.315902328171366 0.319728616741982 0.322921476279437 0.334115622416093 0.334676298721239 0.328467085637211 0.327367831021781 0.329267214149101 0.334591350974223 0.358415549704238 0.370222125449342 0.371233114693727 0.403198136125097 0.402286494563071 0.384971539355169 0.386523037228526 0.387885979327459 0.434759908735331 0.447342954821856 0.44277198763412 0.459869277438773 0.490249901079234 0.518743755851278 0.541466750774797 0.562915815596089 0.581593607559708 0.594358210610064 0.604403843167973 0.613163939995114 0.616318806954919 0.620362714362014 0.626268349981764 0.632583266727201 0.648286482481871 0.657156630461432 0.666023156589314 0.676614204148966 0.681323313459517 -9999 -9999 -9999 -9999 -9999 -9999 -9999 -9999 -9999 -9999 -9999 -9999 -9999 -9999 -9999 -9999
0.356720772524494 0.368160619493469 0.348111584281807 0.307082641146352 0.319184451920515 0.323720465581486 0.329211708591415 0.33148797995987 0.343162981248446 0.340532369974565 0.338374730608815 0.338659089450656 0.341665465540128 0.370142676070027 0.390680895964022 0.399368621531744 0.412821456019023 0.417753154019502 0.431108422367462 0.408628968218266 0.39691623498618 0.417115954388356 0.46022093104363 0.456346962326472 0.484504474968287 0.506098596165216 0.533832015985026 0.559094944737934 0.583108059348816 0.599959214136826 0.604961904090755 0.614312490592421 0.625941130965832 0.630109343918177 0.632660746521208 0.633295116738271 0.64515849276114 0.654171209366627 0.668356194313707 0.672802396566673 0.684491902797895 0.684765386068599 -9999 -9999 -9999 -9999 -9999 -9999 -9999 -9999 -9999 -9999 -9999 -9999 -9999 -9999 -9999 -9999
0.349308009538761 0.354900045401099 0.343553413681359 0.309173596851155 0.321868963017335 0.329151088851714 0.335066483660491 0.338529168422568 0.338313490052157 0.342061988607497 0.343806729533449 0.350079802732132 0.372342828666886 0.39628739392294 0.412707189134748 0.42332294475272 0.421933008723527 0.429787895692815 0.44562291457442 0.428033203531517 0.410166751009341 0.430100683551423 0.477018741136625 0.466192987698657 0.514486117377205 0.518086592405561 0.547186531063605 0.574895839716411 0.59561462458802 0.608940138607514 0.612150550502041 0.621351277696053 0.63260720698133 0.639307031073036 0.641361074307699 0.641582117132107 0.651685748413632 0.66717980088252 0.676781255379657 0.679860291444077 -9999 -9999 -9999 -9999 -9999 -9999 -9999 -9999 -9999 -9999 -9999 -9999 -9999 -9999 -9999 -9999 -9999 -9999
0.356699457480169 0.349650830166383 0.335274757178531 0.312797411180829 0.326389651082669 0.334458238191946 0.340432545250198 0.344160601040814 0.350455527043148 0.355463040352435 0.356556338890734 0.366615311006682 0.393527901503738 0.416010566813541 0.430380290764641 0.439194276819983 0.428394227811171 0.434378628833254 0.464026598832045 0.448604064040362 0.423173609141498 0.446771122497069 0.470405571264689 0.471284294464694 0.541849844368497 0.538493610744835 0.565879379003237 0.584299890929447 0.610913535725216 0.62034052789109 0.626244768318596 0.633738075271706 0.640599617372145 0.647259889480014 0.653367082363287 0.658101948950104 0.664921540360572 0.673157369767635 0.680504929272128 0.682131088120413 -9999 -9999 -9999 -9999 -9999 -9999 -9999 -9999 -9999 -9999 -9999 -9999 -9999 -9999 -9999 -9999 -9999 -9999
0.368607782161495 0.357562035080517 0.337330530561302 0.322056336068973 0.332332697105782 0.340849805503405 0.34866395916997 0.353866942458025 0.367188459318938 0.371337703866053 0.370933915886678 0.385414366126189 0.41114561600727 0.432536701772882 0.447038114944415 0.454600441235064 0.448899529869795 0.429260385089821 0.462468090470816 0.471343207363796 0.448805317793219 0.451014585321755 0.461307527579293 0.487701872282199 0.559471851401815 0.567203319614662 0.591048380151189 0.592385877075089 0.623058432913513 0.63168408757574 0.63760757950077 0.636454873608415 0.647233650361333 0.658195560427284 0.668079122947623 0.668219444932707 0.671549766858733 0.680956971971225 0.684422426684855 0.682964419528337 -9999 -9999 -9999 -9999 -9999 -9999 -9999 -9999 -9999 -9999 -9999 -9999 -9999 -9999 -9999 -9999 -9999 -9999
0.375340103849141 0.369250417481784 0.349033934479335 0.336092540314637 0.339441143925752 0.350205380690622 0.357269616920086 0.364744237322711 0.376073297498185 0.385347572308785 0.393841730243183 0.408216648712152 0.429477194734237 0.449374179725815 0.4635115888283 0.470056488405202 0.4702669272955 0.438273426072829 0.478134606045003 0.496565499533641 0.46931631847498 0.463125988210714 0.476196842182539 0.50785209081999 0.561421181411912 0.593485000961416 0.600836976242123 0.608839616119264 0.611612056631995 0.611800517520521 0.631902755847181 0.634116787015248 0.653049169344802 0.670634021588987 0.672127623498252 0.679878285301854 0.685956636003992 0.688039274777272 -9999 -9999 -9999 -9999 -9999 -9999 -9999 -9999 -9999 -9999 -9999 -9999 -9999 -9999 -9999 -9999 -9999 -9999 -9999 -9999
0.375480151646307 0.373892976067681 0.341815300650852 0.330390269167547 0.346851087220469 0.361036903835547 0.368441270494842 0.373958966723656 0.383770681617497 0.399094203738958 0.412432394605624 0.42239933837825 0.437133392200384 0.463415779409524 0.479366599815928 0.484778769845024 0.470267593263187 0.464434025007902 0.492540950831972 0.506630421386748 0.474378709776198 0.494611589525752 0.503517673720503 0.51195987658103 0.558296120696389 0.605537376652061 0.604637834425333 0.5927927773934 0.592155863491633 0.591917522457403 0.615365628553978 0.650521456866766 0.666170150126044 0.68072195404021 0.696804805873963 0.696128129956817 0.692147049063662 0.691928827644826 -9999 -9999 -9999 -9999 -9999 -9999 -9999 -9999 -9999 -9999 -9999 -9999 -9999 -9999 -9999 -9999 -9999 -9999 -9999 -9999
0.37910603940175 0.375462628145893 0.350466033289471 0.340551632237675 0.349915552765104 0.363891905233067 0.373287094355826 0.380871849000656 0.392765226352918 0.407896938770344 0.416602415424407 0.421353910840875 0.442242318271704 0.480830541425884 0.492910190277456 0.498264600066881 0.484099584597993 0.486733176904623 0.495288872843314 0.522113176826531 0.498492216396929 0.527952184009792 0.514269253747555 0.5265119052752 0.572503444745018 0.607730151464921 0.599694526579915 0.587635904729033 0.592992418303468 0.59279022740033 0.611286322156973 0.665969084318603 0.674717477660738 0.689092231923729 0.69807168885808 0.699966566062054 0.691254186792894 -9999 -9999 -9999 -9999 -9999 -9999 -9999 -9999 -9999 -9999 -9999 -9999 -9999 -9999 -9999 -9999 -9999 -9999 -9999 -9999 -9999
0.386931018526212 0.37032392786026 0.349217763547 0.347565251591012 0.356289084658112 0.36888555757848 0.378862956106665 0.391364507708857 0.404931327235799 0.414869522665187 0.422543683630876 0.441888290373928 0.474734108329113 0.491882930902405 0.50400323523344 0.510809664570617 0.50898768056582 0.504125585673779 0.500367023315219 0.556714875438525 0.576356915436641 0.524582342803017 0.517150213200782 0.567829026202409 0.61031239848642 0.623215755413543 0.601082884172885 0.601671990186746 0.61533120322289 0.618351487130486 0.637517878620257 0.670939481218985 0.683401365903912 0.696490573709074 -9999 -9999 -9999 -9999 -9999 -9999 -9999 -9999 -9999 -9999 -9999 -9999 -9999 -9999 -9999 -9999 -9999 -9999 -9999 -9999 -9999 -9999 -9999 -9999
0.391342651513924 0.377604771912459 0.368518252582719 0.358591142323944 0.36325509148694 0.37553007152126 0.389250971105452 0.406021094334331 0.421620128186345 0.436070332176423 0.454202606921978 0.472187287222097 0.49025149105822 0.505254755156542 0.516764745388438 0.52558743773417 0.532589320884356 0.527838805330639 0.522055363698972 0.566374718571598 0.575937724815325 0.593971610286575 0.581664068883301 0.601070578422398 0.638997005616378 0.645573789797573 0.626418121275715 0.630146362360914 0.640243757541796 0.661832641561512 0.672262201622719 0.677410781477267 0.690640473677236 0.705036751723755 -9999 -9999 -9999 -9999 -9999 -9999 -9999 -9999 -9999 -9999 -9999 -9999 -9999 -9999 -9999 -9999 -9999 -9999 -9999 -9999 -9999 -9999 -9999 -9999
