layers/veg_tps/veg5800.asc
NCOLS 255 
NROWS 330 
XLLCORNER -2985163.8955 
YLLCORNER -3022031.214 
CELLSIZE 25000 
NODATA_value -9999 
[rows 208 to 233 of 330, columns 60 to 119 of 255]
-9999 -9999 -9999 -9999 -9999 -9999 -9999 -9999 -9999 -9999 -9999 -9999 -9999 -9999 -9999 -9999 -9999 0.282400323263793 0.239488261191599 0.187646637896482 0.0457695426435315 0 0 0 0.0248297239552767 0.00724651665582111 0 0.0771031622908654 0.126274435074405 0.116496588096267 0.0742054186092126 0.104912717448518 0.0965196716837644 0.0896264020798073 0.0853670312380298 0.0744396535226735 0.057298945487292 0.0572256689263573 0.0542174015231034 0.0460383359059905 0.0174018671321836 0 0 0 0 0 0 0 0 0 0 0 0 0 0 0 0 0 0 0
-9999 -9999 -9999 -9999 -9999 -9999 -9999 -9999 -9999 -9999 -9999 -9999 -9999 -9999 -9999 -9999 -9999 0.278702313717402 0.251514631003582 0.210091984935288 0.0788463158502584 0.0339714211269646 0 0 0.0470054749757274 0.00484528955718256 0 0.0804149270000906 0.134205718281971 0.130797706691419 0.120179827002223 0.106654807753651 0.0994073300048321 0.0893222273994626 0.0833146006113903 0.0789500285717345 0.0642737820880829 0.0576328314756966 0.0504512700901731 0.0428316402693408 0.0225760757601124 0 0 0 0 0 0 0 0 0 0 0 0 0 0 0 0 0 0 0
-9999 -9999 -9999 -9999 -9999 -9999 -9999 -9999 -9999 -9999 -9999 -9999 -9999 -9999 -9999 -9999 -9999 0.26607639012197 0.238440186805688 0.193138299444428 0.0976880630966575 0.0395598441477736 0 0 0.0352310977790271 0.0047505607651696 0.0083280112912297 0.0857330117256066 0.138701780447984 0.13290480297023 0.121977648571376 0.111270211847658 0.101595511686816 0.0927737538371172 0.0786569912070069 0.0783098098883546 0.0625683375090664 0.0513225847498263 0.0411324054281993 0.0353607156454827 0.0171053576744351 0 0 0 0 0 0 0 0 0 0 0 0 0 0 0 0 0 0 0
-9999 -9999 -9999 -9999 -9999 -9999 -9999 -9999 -9999 -9999 -9999 -9999 -9999 -9999 -9999 -9999 -9999 0.285097443975878 0.247938406405173 0.178119643332523 0.100960173268002 0.0162281565951222 0 0 0 0 0.0233294913639814 0.090919853875164 0.141677515890686 0.133954254210404 0.123144401217662 0.113630079921949 0.103940524026683 0.0952571382333677 0.0753361168085236 0.0753262280618566 0.0587604756030823 0.0381728477122083 0.0180307336740985 0.0151931100719491 0.0118882593361758 0 0 0 0 0.00158588821196894 0.000468867446956372 0 0 0 0 0 0 0 0 0 0 0 0 0
-9999 -9999 -9999 -9999 -9999 -9999 -9999 -9999 -9999 -9999 -9999 -9999 -9999 -9999 -9999 -9999 -9999 0.28394712615889 0.273926548852789 0.258055321047647 0.170584830871591 0.0605398389649917 0 0 0 0 0.0156126698086104 0.103309376589961 0.143061818996403 0.134213328836847 0.12337502348894 0.114935911800453 0.106313081990659 0.0989153673568916 0.0735129364331128 0.0690726044606566 0.0522712802687817 0.0138185760128879 0 0 0.00641773298719529 0 0 0 0 0.00357704300392875 0.00343310565939533 0.000198231689583509 0 0 0 0 0 0 0 0 0 0 0 0
-9999 -9999 -9999 -9999 -9999 -9999 -9999 -9999 -9999 -9999 -9999 -9999 -9999 -9999 -9999 -9999 -9999 -9999 0.278847673663764 0.261108703016616 0.206840074451813 0.0528361738812601 0 0 0 0.00480981251560591 0.0186992550793415 0.111827754209446 0.142821537949182 0.134077956739767 0.123871960434101 0.115993734442246 0.1085034181493 0.101917729750087 0.0813490385120812 0.0612087014518817 0.0422083266212017 0 0 0.00220876040869804 0.00129019762699173 0 0 0.000754801029201965 0.00450817762913918 0.00676680539575554 0.0057807750789395 0.00265629667015409 0 0 0 0 0 0 0 0 0 0 0 0
-9999 -9999 -9999 -9999 -9999 -9999 -9999 -9999 -9999 -9999 -9999 -9999 -9999 -9999 -9999 -9999 -9999 -9999 0.301229870820272 0.26038179040696 0.211079526306473 0.138772829715602 0.0431755771091005 0 0 0 0.0578663682523293 0.107551199647148 0.141500046138102 0.134055421542653 0.124792553028634 0.117073385837877 0.109954563961087 0.103916219780758 0.0872082035337152 0.0640684694462068 0.0436463809588188 0.000167209592065771 0.00807264991787826 0.00947752839565602 0 0 0.000242750959490656 0.00889819484598285 0.00840655886236907 0.00888361662881597 0.00808505866840436 0.0050995197523096 0.00089858285885104 0 0 0 0 0 0 0 0 0 0 0
-9999 -9999 -9999 -9999 -9999 -9999 -9999 -9999 -9999 -9999 -9999 -9999 -9999 -9999 -9999 -9999 -9999 0.303348212593059 0.294978030226179 0.239535007163594 0.187214361742671 0.113205966716719 0 0 0 0 0.0887256355997701 0.121778079760612 0.138052071968894 0.133040350163833 0.126032547524735 0.118901398827304 0.111475066416471 0.105815593649052 0.0893032121040274 0.0758135287711464 0.0563038607557828 0.0227530178801192 0.0261200934098996 0.0217811415695235 0.0104747804532488 0.0106958034995675 0.0120050804178682 0.0167038950887288 0.0146227547044159 0.0125721316445963 0.0113973594649534 0.00768472179194995 0.00326150479701218 0 0 0 0 0 0 0 0 0 0 0
-9999 -9999 -9999 -9999 -9999 -9999 -9999 -9999 -9999 -9999 -9999 -9999 -9999 -9999 -9999 -9999 -9999 0.314057816737604 0.296181063164012 0.254612293155407 0.210691708128564 0.166244026353193 0.0706552419378009 0 0 0.000255490732630374 0.130219979150719 0.13256530335781 0.12284780642609 0.125750276367719 0.127352345956617 0.122496164635492 0.114206639803732 0.108054605765067 0.0937941111914894 0.0878709231605429 0.0690871321432327 0.045104904034826 0.0381386958569034 0.0342264504762888 0.0282442878630617 0.0243264153876143 0.0221246656063641 0.0235247307798419 0.0201841597914155 0.0158406394691752 0.0148845798404513 0.0103405899719253 0.00503793657400961 0 0 0 0 0 0 0 0 0 0 0
-9999 -9999 -9999 -9999 -9999 -9999 -9999 -9999 -9999 -9999 -9999 -9999 -9999 -9999 -9999 -9999 -9999 0.335782236395213 0.303539522097955 0.289330084336964 0.251464877097422 0.208592077569711 0.115849113873116 0.0228622009175787 0 0 0.132939715780912 0.134352981293394 0.110026159811368 0.119654750141229 0.126511970380804 0.125467340890055 0.116974227732639 0.110555535671982 0.101163767394689 0.0937628372805321 0.0748071348346913 0.052539697464296 0.045101069715039 0.0423728523292824 0.0386164955469512 0.033221001242944 0.029628156208484 0.028581267646087 0.0245516600697483 0.0190404024330259 0.0173496357185513 0.0123806411353994 0.00629838212182002 6.81422373572148e-05 0 0 0 0 0 0 0 0 0 0
-9999 -9999 -9999 -9999 -9999 -9999 -9999 -9999 -9999 -9999 -9999 -9999 -9999 -9999 -9999 -9999 -9999 0.343614686365897 0.30712316238366 0.297456345211856 0.266339311168636 0.201352910655313 0.0863402473722383 0.0270624555322637 0.00279796108787875 0.0211543727487357 0.126510377331655 0.12846381636204 0.109457665313162 0.123493903054198 0.127292310469275 0.126659721227274 0.119489899735982 0.112969628429394 0.104443957014143 0.0947688107747591 0.0759288825281275 0.056869705000524 0.0498625608485152 0.0471325880866472 0.0438561614998084 0.0406774233821203 0.0358121495732164 0.0323071634133219 0.0280359341172276 0.0225090166294882 0.0193187319477153 0.0138898665017558 0.00761765218586609 0.00166196468069548 0 0 0 0 0 0 0 0 0 0
-9999 -9999 -9999 -9999 -9999 -9999 -9999 -9999 -9999 -9999 -9999 -9999 -9999 -9999 -9999 -9999 -9999 0.346419933206594 0.321610520156709 0.283138605673631 0.269554887256914 0.189813618807777 0.0570866495902501 0.00905285453540011 0.00351977560582117 0.0207369288434826 0.105091455402279 0.114035826916169 0.111825615936703 0.124560288061487 0.129458794051561 0.129380220365216 0.122775407198342 0.116066789428053 0.107961746443774 0.0981636054089844 0.0748798391413944 0.0634347478268732 0.0578483040948846 0.052986582326838 0.0492570800204519 0.0457153543333245 0.0404947922341382 0.0359383774029544 0.0309460185559136 0.0257020216752917 0.0216942348780636 0.0154700316896042 0.00938171945852078 0.00383152517432111 0 0 0 0 0 0 0 0 0 0
-9999 -9999 -9999 -9999 -9999 -9999 -9999 -9999 -9999 -9999 -9999 -9999 -9999 -9999 -9999 -9999 -9999 0.340084854444103 0.324871559130976 0.282259197880634 0.2665119200596 0.222123033405066 0.108635537320473 0.0113173800571694 0 0 0.0740710443518226 0.095511632292791 0.115668553683214 0.129039706141197 0.13276850981942 0.132709378288274 0.125771074925904 0.118751444220129 0.111093938003487 0.101534807396821 0.0743803405900465 0.0693836406034874 0.0636456717287299 0.058080420614513 0.0538648806021 0.0497372791335296 0.0440339899908222 0.0390317582206349 0.0335025443113723 0.0283017101777069 0.0237954529955671 0.0175423045139522 0.0114913865727909 0.00614336982637315 0.00118461368632858 0 0 0 0 0 0 0 0 0
-9999 -9999 -9999 -9999 -9999 -9999 -9999 -9999 -9999 -9999 -9999 -9999 -9999 -9999 -9999 -9999 -9999 0.349812819530861 0.333444077404182 0.311535815652674 0.288380261791945 0.225473803297865 0.108151178899707 0.108963726033964 0.000180073726174571 0 0.0632195635471527 0.0891960468731043 0.117617913738173 0.137215471862776 0.138239106031381 0.136275551005869 0.128696789686864 0.12158073355633 0.114098409616431 0.104837394368688 0.0824501661496313 0.0752767627840292 0.0692093547313565 0.063376148225845 0.0585622410526588 0.0540187211835372 0.0483288287251378 0.0427598264394567 0.0373869817457923 0.0314189811180069 0.0266297232934917 0.020103130479328 0.0139345143204311 0.00830844959496812 0.00316512664582258 0 0 0 0 0 0 0 0 0
-9999 -9999 -9999 -9999 -9999 -9999 -9999 -9999 -9999 -9999 -9999 -9999 -9999 -9999 -9999 -9999 0.368601420516406 0.359211318905563 0.333091990190624 0.310323359461918 0.292666944813404 0.180621437977233 0.11991014693149 0.0159527075829666 0 0.0427329356695167 0.0926220328528375 0.108290696565599 0.118103266742772 0.135861261754411 0.141132768221242 0.139910201863022 0.13219387188755 0.124850595925012 0.117343792903022 0.108058700414134 0.0931272465729049 0.0822563275616869 0.0745214256165202 0.0681587459677653 0.0627231957490748 0.056502968584674 0.0503653920026031 0.0457651171704006 0.0404802640145148 0.034588854491882 0.029603478058297 0.0229899693549126 0.0167534752939615 0.0107606735827615 0.00536437181308794 0 0 0 0 0 0 0 0 0
-9999 -9999 -9999 -9999 -9999 -9999 -9999 -9999 -9999 -9999 -9999 -9999 -9999 -9999 -9999 -9999 0.387819452495821 0.366477993149858 0.336655095878377 0.312015647234828 0.285858337250921 0.168791760864044 0.148031931933786 0.00783453400102862 0.0442900656340313 0.103051631132393 0.119356914007325 0.122023076859516 0.114572519779135 0.114690302252511 0.13478889360661 0.143825759224658 0.136759805936158 0.128634499266789 0.120982511110232 0.111435625008361 0.100753933734781 0.0884953130135655 0.079066581926058 0.0720286995080716 0.0662243353646869 0.0591944189134315 0.0527283172474457 0.0483969770184843 0.0428518301075992 0.0367527543395269 0.0320179310270571 0.0256413349236018 0.0194078504094235 0.0134894653806714 0.00809115708056799 0.00254887785431933 0 0 0 0 0 0 0 0
-9999 -9999 -9999 -9999 -9999 -9999 -9999 -9999 -9999 -9999 -9999 -9999 -9999 -9999 -9999 -9999 0.389913426212644 0.367556339009246 0.346256124256278 0.322769076940437 0.27454144582978 0.17128533634491 0.123463976818827 0.0318914219359952 0.0343108699797087 0.114451785748369 0.132941775108708 0.127784096570457 0.114377981877637 0.10500188405961 0.134666674122156 0.148735170060823 0.141930897434789 0.133072585286437 0.125122402928131 0.115302588958313 0.105034785567025 0.0932555351723089 0.0832399825069706 0.0754213986693389 0.0688363733154879 0.0619087705022983 0.0554233174588247 0.0509705904372205 0.0448697140808211 0.0389088752339401 0.0342922689976701 0.0283621996404467 0.0221688179515737 0.0163220188120984 0.0110126804285988 0.00605129938537695 0.00270647885522615 0 0 0 0 0 0 0
-9999 -9999 -9999 -9999 -9999 -9999 -9999 -9999 -9999 -9999 -9999 -9999 -9999 -9999 -9999 0.426036279410652 0.396604178331196 0.379494228286104 0.355497473507887 0.333831456213757 0.257382224700529 0.164300855593139 0.0932467158005232 0.0937465547074741 0.0483427968939052 0.123512547354947 0.141402510037491 0.123129710954978 0.0896857944535797 0.0859370932774213 0.113853037222915 0.145724893563009 0.14569943756402 0.138471401203365 0.130009009228924 0.11970613865464 0.109340256542864 0.0976418169331027 0.0872648606435076 0.0786419023152267 0.0708492768349945 0.0639885056873253 0.0578301213063734 0.0527646645759174 0.0463338806611892 0.0411695905072187 0.0362207254964587 0.0306403586140488 0.0244467826026472 0.0187116147510659 0.0134484707554778 0.00847874280394695 0.00489129561418399 0.000669593674295908 0 0 0 0 0 0
-9999 -9999 -9999 -9999 -9999 -9999 -9999 -9999 -9999 -9999 -9999 -9999 -9999 -9999 -9999 0.406414024229321 0.403934213428989 0.398084298922416 0.373595259155081 0.334166314880565 0.245881201729729 0.147909809701525 0.0776556318256922 0.111964462826118 0.0779370371930572 0.119900454320569 0.142405234206626 0.127438778252195 0.0795713238516855 0.0508122609023185 0.0895275852738739 0.139096005857523 0.144215754106525 0.142218842918312 0.133978196678101 0.123148167951215 0.1123112532729 0.100611755856831 0.0898722990925141 0.0812956315736647 0.0732470827080242 0.0658711157571953 0.0600686071967471 0.0540243465964918 0.0477841232396708 0.0434329776089422 0.038463805198289 0.0327665412265011 0.0266346951387697 0.0210050972050973 0.0157258945240672 0.0105797304504411 0.00698472111789743 0.00277797466630064 0 0 0 0 0 0
-9999 -9999 -9999 -9999 -9999 -9999 -9999 -9999 -9999 -9999 -9999 -9999 -9999 -9999 -9999 0.417863465149816 0.397339973623714 0.39254288614207 0.376134078563632 0.332408339342406 0.258352596588977 0.156913221016228 0.0774731208318398 0.0884556861502526 0.10371109433332 0.118422677235399 0.131208217591247 0.13389630961094 0.0897683084292642 0.0612250612890592 0.0959473188678508 0.135810514204564 0.143079142099951 0.144720964466587 0.139000786572262 0.128015185850564 0.11668023101952 0.104656953169029 0.0934681235610473 0.0854604198087513 0.0766151616710298 0.0695254959376183 0.0630493212763059 0.0567808985356052 0.0508719317794999 0.0459472302573596 0.0418093167206015 0.0353871134588358 0.0293254585362679 0.0236057114589517 0.0182187392923091 0.01298442285507 0.0094071656185149 0.00498213581491132 0.0011420418548564 0 0 0 0 0
-9999 -9999 -9999 -9999 -9999 -9999 -9999 -9999 -9999 -9999 -9999 -9999 -9999 -9999 -9999 0.440248496119208 0.414806109772347 0.403533635588355 0.38495056905812 0.336499382354556 0.243300567291666 0.19192576763658 0.121027964035928 0.108622274411213 0.126277048280725 0.139156051466384 0.121189749491818 0.137677171941355 0.107057131973147 0.0938965658445883 0.115850932644748 0.138065232551816 0.14291694491368 0.144298643621396 0.144559009774869 0.13346679521445 0.121646430856484 0.109501209137476 0.0975996946787797 0.0879561209476594 0.0811053149211874 0.0728677140968697 0.0657705771430974 0.0600621722237064 0.0550558356222965 0.0483297641233934 0.0444016752220306 0.0379315416160308 0.0317276963609152 0.0259282362666594 0.0203827147638118 0.0150447715812389 0.0112903234240647 0.00667345737982945 0.00291565305697958 0.00010494325901006 0 0 0 0
-9999 -9999 -9999 -9999 -9999 -9999 -9999 -9999 -9999 -9999 -9999 -9999 -9999 -9999 0.452269023286669 0.443465305527816 0.428120709338984 0.414331841088275 0.390206435991088 0.333884934252052 0.240491304108733 0.192061445894932 0.12305809977754 0.0921026949346446 0.132971203438153 0.147866372280066 0.130821947585761 0.124984504553876 0.11829808528762 0.122489741146755 0.133877246291435 0.143011660316199 0.1447188367209 0.14466630187669 0.148208162465022 0.138840161946966 0.126621229899789 0.114184235463096 0.102602321859626 0.0913788556850691 0.085096664456663 0.0774822230535975 0.0695352624163896 0.0647879214159936 0.0582095091927748 0.0510891327617346 0.0464476371148674 0.039950044548168 0.0339804615731423 0.0278707763386857 0.0217993920515898 0.0165394002853957 0.0129375068732475 0.00857733216543939 0.0049760330496411 0.00193979117066548 0 0 0 0
-9999 -9999 -9999 -9999 -9999 -9999 -9999 -9999 -9999 -9999 -9999 -9999 -9999 -9999 0.482687283889885 0.454318675297459 0.439918291218956 0.423370429894131 0.394513855226166 0.331104352914746 0.245077411662275 0.20625029808082 0.137061407304199 0.135257540151824 0.124754447911099 0.127903030302806 0.123799348701545 0.0797738659717578 0.122221483720818 0.145428361296134 0.14845434113525 0.150074237461111 0.149794542963501 0.148781347021022 0.14985736833785 0.144235228199585 0.131704744821107 0.118914925660537 0.107539196710346 0.0957997171989616 0.0874579307350152 0.0803140205725509 0.0720126551878493 0.0673287748655584 0.0608439552163749 0.0539001368120392 0.0497535935971779 0.0427046660802736 0.0361630642563191 0.0298104968850643 0.023921085354167 0.0185519646802199 0.0149338491632439 0.0108870849549619 0.00738578079700499 0.00386673947364555 0 0 0 0
-9999 -9999 -9999 -9999 -9999 -9999 -9999 -9999 -9999 -9999 -9999 -9999 -9999 0.494945509006659 0.490731833623988 0.47667215515894 0.455765012899809 0.43250947689402 0.398148941651821 0.317432414815053 0.230522288505072 0.201812604345634 0.131267092380819 0.0884164820413336 0.152230374546927 0.195902883318611 0.144908750793081 0.151055944462016 0.161635558306156 0.16186825478327 0.161462105593587 0.159639430380861 0.158107321647532 0.156176493086327 0.153711732674159 0.149749276528246 0.137194281089619 0.124640430329256 0.112922686072926 0.100033214608543 0.0893781004767744 0.0805942343512486 0.0734007668416686 0.0685090706064435 0.0630081852124062 0.0572994649615235 0.0525770988833805 0.0452938956784265 0.0385817289528015 0.0326762738671318 0.0269432541840465 0.0212596453710353 0.0170595303714692 0.0123718216243643 0.00844639944842518 0.00439407690173108 9.8942092555497e-05 0 0 0
-9999 -9999 -9999 -9999 -9999 -9999 -9999 -9999 -9999 -9999 -9999 -9999 -9999 -9999 0.497468553163138 0.480427688056214 0.466561437771312 0.44071393679234 0.399013659883592 0.302726080898087 0.226903154474137 0.195678178426378 0.161434248752529 0.125053680277272 0.161888266618611 0.212642530798114 0.18453355822842 0.179574608812024 0.163759086011747 0.169088500796983 0.168311980455269 0.168684285374533 0.166581954360396 0.163760619676093 0.163262749160205 0.155285682868346 0.142810590161145 0.130833196330107 0.118454699727109 0.102346176429912 0.0913585720988204 0.083009599218144 0.0765087316313776 0.0700494691882293 0.0654516155850577 0.0601917441809611 0.0553665237460577 0.0484327935507208 0.0419140696617628 0.0363394492590461 0.0297607299936004 0.0220422327061571 0.017476531073875 0.013045061978148 0.00969568083447491 0.00578076246451923 0.00142148499616613 0 0 0
-9999 -9999 -9999 -9999 -9999 -9999 -9999 -9999 -9999 -9999 -9999 -9999 -9999 -9999 0.524439473315974 0.490729729331857 0.477797269776382 0.447582273825963 0.399574819848804 0.304885335096986 0.243064053003804 0.202382693681897 0.197677504767994 0.198613937575226 0.169253082993431 0.1971914364801 0.221914161042504 0.214051898929552 0.185565231668233 0.182508521679958 0.180307602211783 0.177827640376983 0.174337218497373 0.169934396501748 0.169574807887317 0.160571293345571 0.147768227406404 0.135691723271714 0.123135250886464 0.105252894835018 0.095484365089865 0.0879584645081626 0.0814420097242708 0.0734717283167092 0.0682075969447675 0.0616832812412609 0.0574817375876058 0.0512803112538703 0.0440925372833107 0.0364805012095662 0.0291543681958156 0.0212680865744801 0.0169752992971675 0.0129926099555756 0.0104284139326728 0.00681658643571238 0.00260368868814245 0 0 0
