layers/veg_tps/veg500.asc
NCOLS 255 
NROWS 330 
XLLCORNER -2985163.8955 
YLLCORNER -3022031.214 
CELLSIZE 25000 
NODATA_value -9999 
[rows 78 to 103 of 330, columns 0 to 57 of 255]
-9999 -9999 -9999 -9999 -9999 -9999 -9999 -9999 -9999 -9999 -9999 -9999 -9999 -9999 -9999 -9999 -9999 -9999 -9999 -9999 -9999 -9999 -9999 -9999 -9999 1 1 1 1 0.984858337150372 0.976298432973457 0.943497005680841 0.832892770358644 0.699642243854373 0.53121084966212 0.387247169150387 0.415776777844588 0.526084281384841 0.564744997223271 0.611213536915986 0.608093072136443 0.592398145637655 0.576531751986943 0.560418618641716 0.548446950584453 0.5405826941028 0.537427390830033 0.540140555479307 0.547190314235038 0.554819756555742 0.563750652672864 0.576182834365093 0.591026766104239 0.607202219868677 0.625798159591063 0.650300193272022 0.673298608014512 0.68972415236819
-9999 -9999 -9999 -9999 -9999 -9999 -9999 -9999 -9999 -9999 -9999 -9999 -9999 -9999 -9999 -9999 -9999 -9999 -9999 -9999 -9999 -9999 -9999 -9999 -9999 1 1 1 1 1 0.986783406837747 0.929253612003567 0.722279114823657 0.514731033651768 0.455401900556458 0.456175435201403 0.600808151723452 0.627196730141932 0.612569401371943 0.637003399771521 0.632163549324619 0.613537939615435 0.597668511849891 0.581325338324546 0.568530504471114 0.560539298888326 0.556320883356391 0.557465589918313 0.561837920851944 0.567726922567694 0.577251800968197 0.590685225123782 0.604878142996586 0.62015101484593 0.638614031059256 0.658049932811044 0.677999772214484 0.69517169580303
-9999 -9999 -9999 -9999 -9999 -9999 -9999 -9999 -9999 -9999 -9999 -9999 -9999 -9999 -9999 -9999 -9999 -9999 -9999 -9999 -9999 -9999 -9999 -9999 -9999 -9999 1 1 1 1 1 0.880975327896117 0.633023638577195 0.463579571413634 0.501109393731656 0.493966850903812 0.614322786072758 0.647648457675974 0.670172577582683 0.668406556267651 0.652207126207612 0.632825722082017 0.617650430434804 0.60130096118171 0.588825998152286 0.581171982958109 0.577903619409785 0.578714782572049 0.581814944477153 0.585349174558463 0.59108120762174 0.602527408264857 0.616479844220898 0.629279288255017 0.644939222646114 0.662901794748076 0.683458025389597 0.699395633510594
-9999 -9999 -9999 -9999 -9999 -9999 -9999 -9999 -9999 -9999 -9999 -9999 -9999 -9999 -9999 -9999 -9999 -9999 -9999 -9999 -9999 -9999 -9999 -9999 -9999 -9999 -9999 -9999 1 1 1 0.840280866774738 0.601389513137646 0.567079813957686 0.528520170600398 0.506809244175923 0.649218742011098 0.640421697832473 0.637159920895122 0.661482979029302 0.666562378075511 0.649233987777376 0.634167302275144 0.617416546114083 0.604949389389085 0.596472693237441 0.591710287079296 0.590062414371561 0.592282610111732 0.597194446872352 0.603289438765381 0.614248439567892 0.627137920135782 0.6388454541582 0.654395640485573 0.671701227655063 0.689866888212605 0.706492333360922
-9999 -9999 -9999 -9999 -9999 -9999 -9999 -9999 -9999 -9999 -9999 -9999 -9999 -9999 -9999 -9999 -9999 -9999 -9999 -9999 -9999 -9999 -9999 -9999 -9999 -9999 -9999 -9999 -9999 1 0.995413114179014 0.843430407190918 0.610856995793493 0.642975274794471 0.539194043689326 0.576185457022065 0.655240536150482 0.599941535250093 0.599225815819173 0.666962992008532 0.675856929299146 0.662500071062757 0.6492162234907 0.633588938186465 0.621629571190117 0.613692743729091 0.608621145438307 0.606773648032245 0.608333560313535 0.61181159726828 0.616973327455912 0.626539281518298 0.637651116928529 0.650485727136918 0.665680735792462 0.680421299519901 0.69766800465624 0.714209813584043
-9999 -9999 -9999 -9999 -9999 -9999 -9999 -9999 -9999 -9999 -9999 -9999 -9999 -9999 -9999 -9999 -9999 -9999 -9999 -9999 -9999 -9999 -9999 -9999 -9999 -9999 -9999 -9999 1 1 1 0.947954582539755 0.820221173743165 0.610777694578369 0.582318989575998 0.637788001271657 0.662009501023331 0.647753455861767 0.662241329944422 0.679126756644797 0.674930693128223 0.678662561973587 0.667392051499976 0.652421292612221 0.64022701093302 0.631677246870907 0.625933644420056 0.623242046918464 0.62379558923535 0.626778304039046 0.630884770159777 0.638783094041519 0.648738905563098 0.660982753211577 0.674575639896229 0.688270754210373 0.703652938456881 0.718652842499121
-9999 -9999 -9999 -9999 -9999 -9999 -9999 -9999 -9999 -9999 -9999 -9999 -9999 -9999 -9999 -9999 -9999 -9999 -9999 -9999 -9999 -9999 -9999 -9999 -9999 -9999 -9999 1 1 1 0.971082574858422 0.865892160752261 0.677984348710037 0.618646014351234 0.609693151617552 0.660165557681755 0.65360601082401 0.637148971267588 0.673365346065742 0.67546711874581 0.71121308982544 0.693043181835686 0.683906556339758 0.670167929033237 0.658088253782817 0.649160054450603 0.642845682898474 0.639202387064471 0.638808987767467 0.641092729955612 0.644350388895874 0.651607420219145 0.660974224104457 0.671546439581508 0.683797387349533 0.697053264427721 0.710765763506406 0.72379850705725
-9999 -9999 -9999 -9999 -9999 -9999 -9999 -9999 -9999 -9999 -9999 -9999 -9999 -9999 -9999 -9999 -9999 -9999 -9999 -9999 -9999 -9999 -9999 -9999 -9999 -9999 1 1 1 1 0.956045518116083 0.899016990991287 0.745850598367756 0.670810021450771 0.671562173901152 0.69213902801555 0.676363133518096 0.651269296778304 0.679483784776017 0.704413281123426 0.726818665327019 0.706882761825358 0.698720488332742 0.687433947883284 0.675480734578981 0.666269540048326 0.659300255567032 0.654701707195005 0.653279655505839 0.655536269459828 0.657457020204797 0.66362119491447 0.672312961673161 0.681938744099889 0.692569271186733 0.70483683619354 0.718415911941122 0.731293073121705
-9999 -9999 -9999 -9999 -9999 -9999 -9999 -9999 -9999 -9999 -9999 -9999 -9999 -9999 -9999 -9999 -9999 -9999 -9999 -9999 -9999 -9999 -9999 -9999 -9999 -9999 1 1 1 0.998061855019571 0.921338341242329 0.869512193695145 0.802275718380806 0.686958258967784 0.625244071091796 0.672894816381632 0.730141961614494 0.741087164596375 0.723434139648337 0.746122303679103 0.739587702318271 0.726569602548533 0.715808748446088 0.703272400021648 0.691139303802706 0.681388932579009 0.674180360733751 0.669410091389882 0.667322548858183 0.668597483779455 0.670317755722749 0.674835032999832 0.681242443340127 0.689362349462028 0.699388847190611 0.710853412359206 0.723626606774403 0.736936661397556
-9999 -9999 -9999 -9999 -9999 -9999 -9999 -9999 -9999 -9999 -9999 -9999 -9999 -9999 -9999 -9999 -9999 -9999 -9999 -9999 -9999 -9999 -9999 -9999 -9999 1 1 1 1 1 0.935235035708938 0.873239665222537 0.786150694328101 0.678964792202993 0.649831780917254 0.705093340600616 0.741521317803581 0.783360358748352 0.759748933149305 0.768532850282971 0.734515408356817 0.727677915536095 0.728041224519553 0.717457655968257 0.704935785614575 0.693914448531305 0.687532371426278 0.683083186566032 0.680757619792447 0.68034362559948 0.681446252026538 0.684733569352429 0.689916534807819 0.696975772483526 0.705756343558173 0.71558523969582 0.728208976529641 0.74048295410788
-9999 -9999 -9999 -9999 -9999 -9999 -9999 -9999 -9999 -9999 -9999 -9999 -9999 -9999 -9999 -9999 -9999 -9999 -9999 -9999 -9999 -9999 -9999 -9999 -9999 1 1 1 1 1 0.958085565869669 0.881823227714495 0.779322383042993 0.701959228074938 0.723513900195188 0.739939381757108 0.709112830568217 0.735635945504227 0.75709459542911 0.775046545223666 0.730886987958112 0.72297347770165 0.738567002729016 0.729444937881798 0.717864542299481 0.70770637012534 0.699947744445073 0.69475691263284 0.691412626297324 0.689656334009112 0.689642649106138 0.691956906169696 0.695994559373908 0.701414067103887 0.709437297299525 0.719475539394719 0.731044850261986 0.742613796597697
-9999 -9999 -9999 -9999 -9999 -9999 -9999 -9999 -9999 -9999 -9999 -9999 -9999 -9999 -9999 -9999 -9999 -9999 -9999 -9999 -9999 -9999 -9999 -9999 -9999 1 1 1 1 1 0.937650466688668 0.833017199322834 0.764246531734531 0.742700248224569 0.79336635649763 0.756430501111162 0.696760250910792 0.749501733401203 0.781461934819165 0.784227508162527 0.737768846753258 0.697668442591921 0.700532213283412 0.735973601761615 0.724225728350329 0.71066754668591 0.704057565965768 0.700541046012363 0.698649317229677 0.696549120226538 0.695563437540126 0.697751409312639 0.702121630942512 0.707191555344485 0.71478082065781 0.724529432402586 0.735180574860189 0.74650325516887
-9999 -9999 -9999 -9999 -9999 -9999 -9999 -9999 -9999 -9999 -9999 -9999 -9999 -9999 -9999 -9999 -9999 -9999 -9999 -9999 -9999 -9999 -9999 -9999 -9999 1 1 1 1 1 0.941452386622423 0.817197228676424 0.766391981850703 0.692942094682828 0.767154149437754 0.739973121392119 0.706718693005187 0.738932654916038 0.774017941086946 0.763106686788933 0.718272709479708 0.670427243698543 0.657531868749011 0.703077132621862 0.710125639282302 0.715821759676894 0.709486902793246 0.706161219519129 0.706199626917651 0.703184234526064 0.699639839658837 0.701358832639165 0.708004335785696 0.713078339439291 0.720159460592868 0.728716946429691 0.737822730269007 0.748399686202176
-9999 -9999 -9999 -9999 -9999 -9999 -9999 -9999 -9999 -9999 -9999 -9999 -9999 -9999 -9999 -9999 -9999 -9999 -9999 -9999 -9999 -9999 -9999 -9999 -9999 1 1 1 1 1 1 0.935172673963327 0.859252685266911 0.63176053261229 0.717405268800646 0.74233838096871 0.75616551069803 0.780746656641287 0.744236924843522 0.669810053515473 0.646008926591416 0.643308077233158 0.646056420517895 0.659760228238301 0.655975107303654 0.654967303373684 0.698459315917456 0.715977204916952 0.71295771792295 0.708558900089048 0.703002304904049 0.704110254907616 0.71285942731562 0.718056751608911 0.72416292042589 0.731995355471772 0.740932676411939 0.750718838848936
-9999 -9999 -9999 -9999 -9999 -9999 -9999 -9999 -9999 -9999 -9999 -9999 -9999 -9999 -9999 -9999 -9999 -9999 -9999 -9999 -9999 -9999 -9999 -9999 -9999 1 1 1 1 1 1 0.985512523369731 0.94355452335631 0.694033994788697 0.707830036325674 0.693894292478335 0.739809869176325 0.78918876376975 0.699902292468863 0.568205866100069 0.609401140210464 0.601707432932016 0.62991581247002 0.657775138350881 0.643377663891633 0.610625978090712 0.671814265290434 0.721769820984489 0.720640483002135 0.715363583100944 0.710805267230177 0.71129230086161 0.71730053739038 0.722263871517349 0.727538873247485 0.734464622867562 0.742856391438293 0.751065422876047
-9999 -9999 -9999 -9999 -9999 -9999 -9999 -9999 -9999 -9999 -9999 -9999 -9999 -9999 -9999 -9999 -9999 -9999 -9999 -9999 -9999 -9999 -9999 -9999 -9999 1 1 1 1 1 1 1 0.953201295072521 0.786130555999217 0.715921289144147 0.670989795885594 0.727430800446492 0.75414672818031 0.662351493480658 0.620920885261931 0.581941546508168 0.491960788063107 0.550113421823585 0.633248766976011 0.647793982892786 0.628472073078306 0.665113861937441 0.71227965817102 0.726453467882351 0.722527750915314 0.71850165065157 0.714505780140301 0.721708780093143 0.725678395953121 0.730075313330889 0.735188437765724 0.74170549680615 0.748563536542089
-9999 -9999 -9999 -9999 -9999 -9999 -9999 -9999 -9999 -9999 -9999 -9999 -9999 -9999 -9999 -9999 -9999 -9999 -9999 -9999 -9999 -9999 -9999 -9999 -9999 1 1 1 1 1 1 1 0.981574934280107 0.845957857102291 0.706548892916455 0.685508687447537 0.743047510072334 0.749620856775062 0.723218959167441 0.604795809082497 0.562759148646555 0.471926853852451 0.410446741328237 0.526199516370379 0.600446809361997 0.633883981080114 0.669257754585272 0.69048526940768 0.698432149947959 0.719501816480245 0.723425997481821 0.71403047241938 0.723284827848079 0.72787433182448 0.731176859286232 0.734233655419837 0.738914629954189 0.745846374532938
-9999 -9999 -9999 -9999 -9999 -9999 -9999 -9999 -9999 -9999 -9999 -9999 -9999 -9999 -9999 -9999 -9999 -9999 -9999 -9999 -9999 -9999 -9999 -9999 -9999 -9999 1 1 1 1 1 1 0.984680132940093 0.823126284140601 0.678007049760064 0.672981304581481 0.711094709048162 0.678571530905609 0.696472560418605 0.612531140652414 0.512746623155104 0.490810887640368 0.512537684133631 0.539584246119586 0.560359620466988 0.614884209102535 0.678053113834457 0.676806044350058 0.671255162644006 0.707344952130524 0.721014513889981 0.718134819050843 0.723856674877535 0.728577623877244 0.731855170515197 0.733413755291199 0.735363705005486 0.738149530031287
-9999 -9999 -9999 -9999 -9999 -9999 -9999 -9999 -9999 -9999 -9999 -9999 -9999 -9999 -9999 -9999 -9999 -9999 -9999 -9999 -9999 -9999 -9999 -9999 -9999 -9999 -9999 1 1 1 1 1 0.992749396229991 0.921933632824676 0.795552690666053 0.656912721184208 0.635689561180553 0.576435960491658 0.569190962775814 0.6005375111848 0.523242134336636 0.495619714952448 0.548321531545979 0.593087877869655 0.604661335424877 0.650166727075116 0.704020053228409 0.694269889078658 0.684037012262958 0.669774584032738 0.644325719606013 0.670351618013479 0.710283288956554 0.728501067713753 0.730537137025243 0.730596517466186 0.73151504259176 0.73144885733373
-9999 -9999 -9999 -9999 -9999 -9999 -9999 -9999 -9999 -9999 -9999 -9999 -9999 -9999 -9999 -9999 -9999 -9999 -9999 -9999 -9999 -9999 -9999 -9999 -9999 -9999 -9999 -9999 -9999 1 1 1 0.997275646304583 0.949271734558647 0.84362903310133 0.708395971536644 0.724517778286281 0.518836054589583 0.478199841252998 0.524722199706583 0.538746435643635 0.485671175134492 0.492674244532256 0.573023203841783 0.617088446241935 0.66301538507615 0.708542588862059 0.726087913970769 0.708568845512897 0.668395657422676 0.643650200770419 0.680555160416517 0.716839161293742 0.724412453347144 0.717171030312386 0.712870069691368 0.725411425827806 0.738257310446147
-9999 -9999 -9999 -9999 -9999 -9999 -9999 -9999 -9999 -9999 -9999 -9999 -9999 -9999 -9999 -9999 -9999 -9999 -9999 -9999 -9999 -9999 -9999 -9999 -9999 -9999 -9999 -9999 -9999 -9999 -9999 1 0.994099900594907 0.96324338791607 0.915276116483612 0.814007685036941 0.583405040951894 0.47845266103029 0.448910148497213 0.465286397213505 0.528518079471495 0.490265328798651 0.442995787377228 0.531216224446792 0.629942662639963 0.712689489189413 0.719154092079042 0.708665309182829 0.68916328693795 0.687679835576612 0.689987179111176 0.707822761799058 0.721586959765887 0.723716307593465 0.722757192110694 0.721673285023995 0.722619174369207 0.732991697728797
-9999 -9999 -9999 -9999 -9999 -9999 -9999 -9999 -9999 -9999 -9999 -9999 -9999 -9999 -9999 -9999 -9999 -9999 -9999 -9999 -9999 -9999 -9999 -9999 -9999 -9999 -9999 -9999 -9999 -9999 -9999 -9999 0.993015291789511 0.970465377530431 0.918403221749536 0.835032866589038 0.68996542675155 0.64359669459968 0.52302796652847 0.47547670937452 0.532698276782472 0.542309661557893 0.465716288662797 0.540549545926193 0.608436078440699 0.678313110736299 0.722116227375829 0.690887868841442 0.65795642465346 0.678305326513832 0.705140831603699 0.714130495715579 0.7161343399009 0.72377041722932 0.72594917910942 0.724564566339112 0.727622023698688 0.733915207070492
-9999 -9999 -9999 -9999 -9999 -9999 -9999 -9999 -9999 -9999 -9999 -9999 -9999 -9999 -9999 -9999 -9999 -9999 -9999 -9999 -9999 -9999 -9999 -9999 -9999 -9999 -9999 -9999 -9999 -9999 -9999 -9999 -9999 0.979997561593061 0.924640115144046 0.785609687507853 0.707882623750786 0.603787010700776 0.491216947912978 0.473273359749411 0.517438749316977 0.549009912502098 0.500339854067869 0.455775748906744 0.57309614499021 0.590903720417816 0.663995036768581 0.678654753519391 0.649156850235518 0.647698329373341 0.679249306614259 0.707924627028295 0.709048601720737 0.719880102923156 0.72577228926173 0.727711151410501 0.730295594332808 0.73434301080523
-9999 -9999 -9999 -9999 -9999 -9999 -9999 -9999 -9999 -9999 -9999 -9999 -9999 -9999 -9999 -9999 -9999 -9999 -9999 -9999 -9999 -9999 -9999 -9999 -9999 -9999 -9999 -9999 -9999 -9999 -9999 -9999 -9999 -9999 0.925185862114477 0.819868391217183 0.773014194725772 0.723554570718824 0.660158020191771 0.590263217275804 0.454322807790799 0.398548520652292 0.501303148401038 0.378607566318945 0.481208696979207 0.494481089579207 0.609404929226334 0.642269540424799 0.622776861397737 0.602192667431262 0.628476820445927 0.707284382441644 0.706203637810006 0.710472540425378 0.720604011050053 0.726532344438116 0.73019906214824 0.733046642177128
-9999 -9999 -9999 -9999 -9999 -9999 -9999 -9999 -9999 -9999 -9999 -9999 -9999 -9999 -9999 -9999 -9999 -9999 -9999 -9999 -9999 -9999 -9999 -9999 -9999 -9999 -9999 -9999 -9999 -9999 -9999 -9999 -9999 -9999 0.92434938261747 0.880265551125103 0.845592617318281 0.780440457039371 0.618964951986268 0.448654579310412 0.387906938479836 0.377242993299738 0.431667517178286 0.402842104675836 0.391889388255011 0.414768061248706 0.531227645203638 0.609977294364687 0.615477361429195 0.584802012891211 0.597532837253465 0.700893329028525 0.698516911587216 0.701443303578734 0.713401330170774 0.720816439050419 0.727585103725868 0.732337754228207
-9999 -9999 -9999 -9999 -9999 -9999 -9999 -9999 -9999 -9999 -9999 -9999 -9999 -9999 -9999 -9999 -9999 -9999 -9999 -9999 -9999 -9999 -9999 -9999 -9999 -9999 -9999 -9999 -9999 -9999 -9999 -9999 -9999 -9999 -9999 -9999 0.879328414280856 0.817459324323921 0.637821829081233 0.431615411312755 0.420593004615555 0.31358970034284 0.373188397561306 0.378096057597888 0.356012100480545 0.36968361113375 0.454525159883664 0.570948197482523 0.634927602632179 0.62086278718438 0.597787894234108 0.6906092985597 0.690597796254639 0.698682631169143 0.707911652478804 0.714774300467569 0.723303180024671 0.730476354901311
