layers/veg_tps/veg5900.asc
NCOLS 255 
NROWS 330 
XLLCORNER -2985163.8955 
YLLCORNER -3022031.214 
CELLSIZE 25000 
NODATA_value -9999 
[rows 78 to 103 of 330, columns 0 to 56 of 255]
-9999 -9999 -9999 -9999 -9999 -9999 -9999 -9999 -9999 -9999 -9999 -9999 -9999 -9999 -9999 -9999 -9999 -9999 -9999 -9999 -9999 -9999 -9999 -9999 -9999 0.589323287340774 0.590816341426058 0.588052327468616 0.586393301245497 0.579076568736852 0.597181550804692 0.59719136539209 0.548399903752576 0.48193768143005 0.394437223877862 0.327491932786724 0.370516758186744 0.464556051232271 0.510522343274024 0.557563410426489 0.570143805519482 0.569905523028901 0.567911000993283 0.565603621166739 0.563925700340191 0.562731510818247 0.562842650997324 0.564735672246562 0.56819912545253 0.57151093292878 0.574701725396335 0.579297551806067 0.585081790169602 0.59156686914297 0.599707179969203 0.611998948889969 0.623827580620522
-9999 -9999 -9999 -9999 -9999 -9999 -9999 -9999 -9999 -9999 -9999 -9999 -9999 -9999 -9999 -9999 -9999 -9999 -9999 -9999 -9999 -9999 -9999 -9999 -9999 0.599972087021922 0.599409255592767 0.596300133262585 0.603341781216496 0.604517546787619 0.606714884749738 0.589854391174748 0.479094981290494 0.365798195877337 0.346583481391591 0.371733951094992 0.488805557821517 0.529290031314695 0.540985643368551 0.573517178615982 0.584278021955066 0.582045876600595 0.579163289403847 0.576171137555311 0.573598971442033 0.57203642121245 0.571208222720039 0.572198479702576 0.574113962101625 0.576455114121079 0.58037100961101 0.585968766170315 0.591732618214463 0.598037520160872 0.606475359914307 0.615892695077455 0.626063542228955
-9999 -9999 -9999 -9999 -9999 -9999 -9999 -9999 -9999 -9999 -9999 -9999 -9999 -9999 -9999 -9999 -9999 -9999 -9999 -9999 -9999 -9999 -9999 -9999 -9999 -9999 0.601423180017298 0.596486335910777 0.602576046214139 0.621071197897041 0.617087994301411 0.56072228902388 0.42321766817299 0.334610165294187 0.375798426202139 0.395633299472515 0.497041711390768 0.541733823564746 0.576946983238974 0.59245487640221 0.595372179720882 0.592575237898006 0.589384683452734 0.585919158476013 0.583214620350619 0.581450002302432 0.581117775341037 0.581975175453218 0.583326215193013 0.584415580446781 0.586324667009427 0.591066746944634 0.597089663793406 0.602204134085744 0.609216543827608 0.617982780877942 0.628765714731987
-9999 -9999 -9999 -9999 -9999 -9999 -9999 -9999 -9999 -9999 -9999 -9999 -9999 -9999 -9999 -9999 -9999 -9999 -9999 -9999 -9999 -9999 -9999 -9999 -9999 -9999 -9999 -9999 0.622731673710879 0.621324900530822 0.621264239802975 0.536406263614117 0.403985409262263 0.401793464954028 0.393089014417001 0.403328522046593 0.518398388164025 0.535824075020053 0.554276511719425 0.586310626434293 0.60246065442278 0.601062953139938 0.597434876117576 0.593485066709596 0.590490166781486 0.588224009519868 0.587027227326831 0.58652595426866 0.587454909171126 0.589382154008748 0.591604038855107 0.596141078448436 0.60163359492223 0.606229300275669 0.613374423342787 0.621909482329447 0.631342292189692
-9999 -9999 -9999 -9999 -9999 -9999 -9999 -9999 -9999 -9999 -9999 -9999 -9999 -9999 -9999 -9999 -9999 -9999 -9999 -9999 -9999 -9999 -9999 -9999 -9999 -9999 -9999 -9999 -9999 0.626413786263397 0.622283139887272 0.540017905548459 0.410751146910676 0.450955592222754 0.39966889890629 0.446465081893573 0.520649399638262 0.507984576393698 0.527748321800193 0.587597700476171 0.606127016594953 0.607420949428415 0.60441894295967 0.600711126406559 0.597682694424672 0.59553207198521 0.593915917922942 0.593175164252103 0.593627077565373 0.59473483344974 0.596588290577526 0.600507408056747 0.605153114149417 0.610801781075015 0.618037558694544 0.625217524466549 0.634308875646896
-9999 -9999 -9999 -9999 -9999 -9999 -9999 -9999 -9999 -9999 -9999 -9999 -9999 -9999 -9999 -9999 -9999 -9999 -9999 -9999 -9999 -9999 -9999 -9999 -9999 -9999 -9999 -9999 0.636018921419518 0.635533806936691 0.629725621824241 0.607130163307821 0.544297910718555 0.430582207560143 0.427453590423651 0.484701446150241 0.523443842835041 0.536362679588819 0.565245702769686 0.592430746036052 0.602489641048126 0.614804153516567 0.612696514810641 0.608872444078304 0.605454546140777 0.60277211737093 0.600614803647017 0.599337167107644 0.599210925817815 0.600084545735151 0.601473771348551 0.604557035029194 0.608744339179441 0.614319060306693 0.62082027686084 0.627588058266853 0.635713417168787
-9999 -9999 -9999 -9999 -9999 -9999 -9999 -9999 -9999 -9999 -9999 -9999 -9999 -9999 -9999 -9999 -9999 -9999 -9999 -9999 -9999 -9999 -9999 -9999 -9999 -9999 -9999 0.636238132463528 0.635179732573521 0.629421306960823 0.606755750808079 0.556995381584442 0.455242859191978 0.436460927246119 0.446041383725435 0.498553237465728 0.516910455870119 0.527606993624764 0.569596690554572 0.586980646299793 0.622271736644713 0.620465745680113 0.619696781225237 0.616152589382337 0.612590069707327 0.609527218528078 0.606886533459918 0.604981535515317 0.604293016531036 0.604789387159817 0.605762517602265 0.608682792101373 0.612765755002848 0.617554936106816 0.623470023254521 0.630200463042435 0.637477697655308
-9999 -9999 -9999 -9999 -9999 -9999 -9999 -9999 -9999 -9999 -9999 -9999 -9999 -9999 -9999 -9999 -9999 -9999 -9999 -9999 -9999 -9999 -9999 -9999 -9999 -9999 0.633290974797141 0.633077075346718 0.628190234198954 0.61527654065298 0.599921732908088 0.580640543097611 0.500744783724107 0.471246158913094 0.487327487860453 0.51912315783356 0.530577818405965 0.53477411414038 0.570808329124804 0.602237609282663 0.6285581475501 0.625262537325848 0.625370772802019 0.622946786812544 0.619272459835106 0.615898765862494 0.612721793049985 0.610174187384144 0.608859750928217 0.609401564244676 0.609607811937803 0.612074248164244 0.615984781823 0.620429878988586 0.625557442013824 0.631879317179602 0.63926893541088
-9999 -9999 -9999 -9999 -9999 -9999 -9999 -9999 -9999 -9999 -9999 -9999 -9999 -9999 -9999 -9999 -9999 -9999 -9999 -9999 -9999 -9999 -9999 -9999 -9999 -9999 0.632158451420674 0.623095263524535 0.620733695455344 0.613131178171205 0.58067985281188 0.56461976862309 0.539443544053909 0.484451329948977 0.46102711967767 0.507974611032147 0.564439329613019 0.590422318703058 0.596279628648242 0.625520110440243 0.63287649692384 0.63374995222662 0.632378016164762 0.6287553848979 0.624771112529828 0.620910938561931 0.617446919076904 0.614730601787999 0.612995703026402 0.612962702665326 0.613128816784127 0.614753224756228 0.617421618228457 0.621147349735295 0.626122735830629 0.632140354441269 0.639203957213482
-9999 -9999 -9999 -9999 -9999 -9999 -9999 -9999 -9999 -9999 -9999 -9999 -9999 -9999 -9999 -9999 -9999 -9999 -9999 -9999 -9999 -9999 -9999 -9999 -9999 0.63371303485133 0.630009178060811 0.613473357563496 0.62412587818769 0.63161859061472 0.592487126725932 0.569832798092499 0.531945649121888 0.482163676699616 0.479997332635388 0.529920669224735 0.571532388793736 0.615979201871919 0.616968514895017 0.636447700109825 0.625914474823957 0.630421045613983 0.636245321967275 0.633462618593872 0.629030357541578 0.624202898273643 0.621115903946971 0.618521652181414 0.616592326994839 0.615569785318518 0.615426280783787 0.616451240395318 0.618538676926843 0.621796769172361 0.62619283315765 0.631433110170438 0.638693584140178
-9999 -9999 -9999 -9999 -9999 -9999 -9999 -9999 -9999 -9999 -9999 -9999 -9999 -9999 -9999 -9999 -9999 -9999 -9999 -9999 -9999 -9999 -9999 -9999 -9999 0.640577276783609 0.634075183498457 0.620297927433507 0.644552738217249 0.643867477382879 0.609953648192915 0.578055567718482 0.530125296281626 0.498930435009111 0.529236087110074 0.552985322815178 0.550704976101228 0.584241665978345 0.612882955301604 0.637456987575629 0.620023830241155 0.623490437950081 0.63906475432514 0.636826117228812 0.632763537626176 0.628332856039378 0.624370783701208 0.621319188646541 0.618939920455801 0.617301366735054 0.616683627300443 0.617388617085301 0.619044973145718 0.62154495311671 0.625723222415628 0.631272885439121 0.637926154059712
-9999 -9999 -9999 -9999 -9999 -9999 -9999 -9999 -9999 -9999 -9999 -9999 -9999 -9999 -9999 -9999 -9999 -9999 -9999 -9999 -9999 -9999 -9999 -9999 -9999 0.64886952755885 0.631799832979718 0.64403935099502 0.653971193865941 0.651070189847027 0.599729461955811 0.54954502514702 0.522781236084481 0.526635257782719 0.575602860895841 0.564068484603477 0.542562609513672 0.591760439948978 0.626260836103886 0.640540408103183 0.621344829482877 0.604115507702046 0.61177601455906 0.637796082723634 0.633641778124753 0.627075661983927 0.623642219101349 0.621422530518123 0.619796244278404 0.617805332796206 0.61645298288284 0.617029220169143 0.618879049209458 0.621154727917549 0.625064606284685 0.630439583089821 0.636585109404723
-9999 -9999 -9999 -9999 -9999 -9999 -9999 -9999 -9999 -9999 -9999 -9999 -9999 -9999 -9999 -9999 -9999 -9999 -9999 -9999 -9999 -9999 -9999 -9999 -9999 0.661329060579706 0.651834216772442 0.658658569372059 0.662434446268415 0.663342341294268 0.604553266392238 0.541430571615814 0.525588590369702 0.49573641114268 0.559781614579804 0.553628214464216 0.547989818296858 0.583569537798091 0.619602114171558 0.624698744901799 0.606188741205934 0.58365799156193 0.581168000306868 0.613187476281676 0.620637489355224 0.625846313390271 0.622265280930735 0.620016955078105 0.619576131651908 0.617032558671851 0.614114978482503 0.614509961030839 0.617954232618651 0.620378128183162 0.624104701254107 0.628863260992182 0.634144894282655
-9999 -9999 -9999 -9999 -9999 -9999 -9999 -9999 -9999 -9999 -9999 -9999 -9999 -9999 -9999 -9999 -9999 -9999 -9999 -9999 -9999 -9999 -9999 -9999 -9999 0.665905085711985 0.662463510138949 0.663441244827095 0.662825284199992 0.6622918972062 0.647514576585046 0.617744909977816 0.585751145260979 0.457432794341696 0.528647330746852 0.555783415393702 0.57895845581755 0.609011016754056 0.59873860075779 0.562708008420922 0.557140494030173 0.562981507183559 0.570347800562366 0.581745768267615 0.581887063925101 0.582562237580022 0.610543092148644 0.621390567157512 0.618904327315892 0.615492201893778 0.611354223276777 0.611457478477899 0.616362330355641 0.618980207360245 0.622199552685818 0.626602928065366 0.631870732119673
-9999 -9999 -9999 -9999 -9999 -9999 -9999 -9999 -9999 -9999 -9999 -9999 -9999 -9999 -9999 -9999 -9999 -9999 -9999 -9999 -9999 -9999 -9999 -9999 -9999 0.665856124964146 0.663946343069078 0.666550314267008 0.667915870540221 0.663640929491173 0.657835971238094 0.651980925792101 0.641238029108501 0.498356400644722 0.523118440840849 0.525677306832559 0.56807562300889 0.613278346462737 0.568761431418289 0.495639951128413 0.531062105289383 0.533326751398798 0.556775380408476 0.576900238916323 0.569878363532214 0.550072188425472 0.589103856470683 0.620393792402172 0.618971571662143 0.614970034697085 0.611518704057757 0.611297711345845 0.614539865892789 0.61708722479728 0.619858767609815 0.623761581644072 0.628752396105289
-9999 -9999 -9999 -9999 -9999 -9999 -9999 -9999 -9999 -9999 -9999 -9999 -9999 -9999 -9999 -9999 -9999 -9999 -9999 -9999 -9999 -9999 -9999 -9999 -9999 0.670285951119771 0.665583271295883 0.668163612847939 0.674190891830228 0.670870421944615 0.667397008449534 0.666449429297977 0.649046772705481 0.55818131189677 0.528792859419138 0.51177379660945 0.559752320161369 0.589920162606576 0.543279082563344 0.527184034718902 0.511089801015555 0.460525352138019 0.502594536151063 0.557962512835677 0.569029103534759 0.557534258398489 0.580665375637465 0.609894951289974 0.618027522501744 0.614849190808823 0.611752792397016 0.608721851771061 0.612771967689732 0.614729807801147 0.616985462715882 0.619775214958909 0.623611078717149
-9999 -9999 -9999 -9999 -9999 -9999 -9999 -9999 -9999 -9999 -9999 -9999 -9999 -9999 -9999 -9999 -9999 -9999 -9999 -9999 -9999 -9999 -9999 -9999 -9999 0.683168029295405 0.676983641068033 0.67444930459452 0.678205824543301 0.677680124554718 0.675686305571785 0.673019886365158 0.668638671238353 0.597328920684566 0.523289923922431 0.521676361164864 0.56932975907127 0.586130627564739 0.58071079764847 0.515072002494591 0.496658162738835 0.445012934306128 0.410532516980869 0.486716757616595 0.535539637370117 0.557455689845298 0.579540086136332 0.59192931239996 0.595827779648997 0.60853443019726 0.610501658133477 0.604005959223381 0.609341846773373 0.611681433821723 0.613233229435097 0.614714284138634 0.617387962319785
-9999 -9999 -9999 -9999 -9999 -9999 -9999 -9999 -9999 -9999 -9999 -9999 -9999 -9999 -9999 -9999 -9999 -9999 -9999 -9999 -9999 -9999 -9999 -9999 -9999 -9999 0.67825575740313 0.676332025644157 0.680445133136323 0.681308451399089 0.68074835576062 0.671430625680439 0.672023798598034 0.583744274858818 0.505569410958253 0.514325805879308 0.548660871021432 0.540064569133995 0.562479352122089 0.518392435392616 0.462645167203448 0.454670499894671 0.472962476571202 0.492598997136758 0.507088132605602 0.542253855787825 0.581844734331622 0.579600755975645 0.574556511492336 0.596754414267628 0.604851331362524 0.602448532980011 0.605443745010831 0.60785406874837 0.609480798756211 0.610116744011257 0.611170072309757
-9999 -9999 -9999 -9999 -9999 -9999 -9999 -9999 -9999 -9999 -9999 -9999 -9999 -9999 -9999 -9999 -9999 -9999 -9999 -9999 -9999 -9999 -9999 -9999 -9999 -9999 -9999 0.682692495355478 0.682045108715155 0.683121879020264 0.683714399727527 0.679571372657989 0.678478271355427 0.647621974873225 0.580963136636732 0.504707743292277 0.500373664952894 0.474315602226568 0.480297110451757 0.509218624019416 0.46748191604928 0.455661595198816 0.493482634877724 0.524383464835599 0.532868273973061 0.56223022070924 0.595841649523459 0.5880673860721 0.579871170984744 0.569958551584737 0.553100337741484 0.569166289552689 0.594021385251666 0.605013913015469 0.605733418838242 0.605215643829505 0.605422552199535
-9999 -9999 -9999 -9999 -9999 -9999 -9999 -9999 -9999 -9999 -9999 -9999 -9999 -9999 -9999 -9999 -9999 -9999 -9999 -9999 -9999 -9999 -9999 -9999 -9999 -9999 -9999 -9999 -9999 0.684748057502348 0.685003940263307 0.68450777620526 0.682623965864282 0.665933808967078 0.612089267522093 0.538168512282833 0.556815850347306 0.436971635696906 0.421243555518895 0.459615956176621 0.475911551263699 0.447811298399562 0.45647100895944 0.510203939256139 0.539335750785334 0.568882626900335 0.597073129537016 0.606497733899759 0.593422705594474 0.56654648501184 0.549714731265844 0.572381356711566 0.594598946917736 0.598469843444381 0.593002108042723 0.589578962892271 0.597105532625207
-9999 -9999 -9999 -9999 -9999 -9999 -9999 -9999 -9999 -9999 -9999 -9999 -9999 -9999 -9999 -9999 -9999 -9999 -9999 -9999 -9999 -9999 -9999 -9999 -9999 -9999 -9999 -9999 -9999 -9999 -9999 0.684869227152245 0.683053343814049 0.675078776712431 0.657644720916363 0.60558917859379 0.46658248198248 0.410464646811911 0.40163634901806 0.420658572491085 0.468152345759697 0.449380126705073 0.423283743877012 0.481993705932992 0.545821070715583 0.598722107300548 0.601930062947204 0.593352212145501 0.578866779074488 0.576212546249988 0.576197987452326 0.586390923407752 0.594017465527819 0.594149641810449 0.592464997734631 0.590929565149808 0.590934540511997
-9999 -9999 -9999 -9999 -9999 -9999 -9999 -9999 -9999 -9999 -9999 -9999 -9999 -9999 -9999 -9999 -9999 -9999 -9999 -9999 -9999 -9999 -9999 -9999 -9999 -9999 -9999 -9999 -9999 -9999 -9999 -9999 0.6839004852964 0.679750255237272 0.65998291797239 0.619182276095259 0.534894945703823 0.515336791924718 0.448194418225556 0.426258859951353 0.469721155568269 0.481345184521141 0.436434713507149 0.486614235382266 0.530742130704715 0.575405633064625 0.602257982240445 0.580396435212865 0.557175376248134 0.5680233686909 0.583174786962774 0.58732706253007 0.587187624643784 0.590497923259414 0.590534600611786 0.588601738993586 0.589789329724227
-9999 -9999 -9999 -9999 -9999 -9999 -9999 -9999 -9999 -9999 -9999 -9999 -9999 -9999 -9999 -9999 -9999 -9999 -9999 -9999 -9999 -9999 -9999 -9999 -9999 -9999 -9999 -9999 -9999 -9999 -9999 -9999 -9999 0.685221972227211 0.664180110729124 0.587836461920296 0.546751573323878 0.489682199192409 0.427385398693127 0.424157749806065 0.459143134045383 0.484698633845704 0.457515662775735 0.431610537988588 0.507247236037826 0.518598426560778 0.564114482046442 0.571432076078081 0.550153156093206 0.546683935248177 0.564337521844103 0.580552076679369 0.579553706098868 0.584507192064011 0.586577704538196 0.586519606453559 0.587241912360773
-9999 -9999 -9999 -9999 -9999 -9999 -9999 -9999 -9999 -9999 -9999 -9999 -9999 -9999 -9999 -9999 -9999 -9999 -9999 -9999 -9999 -9999 -9999 -9999 -9999 -9999 -9999 -9999 -9999 -9999 -9999 -9999 -9999 -9999 0.67019781739901 0.610618095216142 0.588747496996813 0.565862349937154 0.534711742642692 0.498238193714225 0.418303191485931 0.388154834757316 0.457468116182616 0.38174862264983 0.44797278751133 0.456395125865367 0.528556100815233 0.547390918982999 0.532231382411182 0.516136956596221 0.529916876206351 0.57753898435965 0.574831902676777 0.575162922206281 0.579558409382166 0.58179904859203 0.583022566154537
-9999 -9999 -9999 -9999 -9999 -9999 -9999 -9999 -9999 -9999 -9999 -9999 -9999 -9999 -9999 -9999 -9999 -9999 -9999 -9999 -9999 -9999 -9999 -9999 -9999 -9999 -9999 -9999 -9999 -9999 -9999 -9999 -9999 -9999 0.67315697228023 0.650041399013425 0.635527893908005 0.602050802741583 0.508208640919258 0.40763812310328 0.37554870509082 0.374168750864558 0.412622153679783 0.396699506896608 0.390659054274239 0.405189506516838 0.478305514667884 0.526284706553042 0.526781037209161 0.503823094187079 0.508406733254978 0.571059672252662 0.567219418046737 0.566211555684651 0.571401240404858 0.574297864886522 0.577272867801707
-9999 -9999 -9999 -9999 -9999 -9999 -9999 -9999 -9999 -9999 -9999 -9999 -9999 -9999 -9999 -9999 -9999 -9999 -9999 -9999 -9999 -9999 -9999 -9999 -9999 -9999 -9999 -9999 -9999 -9999 -9999 -9999 -9999 -9999 -9999 -9999 0.65703655055076 0.625463891781435 0.52009188371387 0.396585736830187 0.396164578186257 0.333285393899688 0.375059535391122 0.380711472788058 0.36769781297005 0.376355951496779 0.429282643495538 0.501153697447383 0.538625543261199 0.525807140819356 0.507000014569527 0.562245438851034 0.559677212240488 0.561613776482688 0.564795377816411 0.567155856522508 0.571165965052935
