layers/veg_tps/veg800.asc
NCOLS 255 
NROWS 330 
XLLCORNER -2985163.8955 
YLLCORNER -3022031.214 
CELLSIZE 25000 
NODATA_value -9999 
[rows 234 to 259 of 330, columns 58 to 115 of 255]
-9999 -9999 -9999 -9999 -9999 -9999 -9999 -9999 -9999 -9999 -9999 -9999 -9999 -9999 0.584555967396664 0.562547736691986 0.511162239771582 0.473618143213422 0.46538120045487 0.431295699079551 0.376445605618412 0.275721601942418 0.188080823722935 0.159604329087885 0.168572435151753 0.200253373730623 0.139495654920895 0.133835199525545 0.168373025141235 0.17650117488503 0.160033323254068 0.144242605610293 0.131486375293344 0.133528910459228 0.136273497318975 0.129937397263486 0.138208297436315 0.132126563740379 0.121217894366295 0.112139116519205 0.103543821316538 0.0936881346191438 0.0859791343688732 0.0742410611939292 0.0718040423548401 0.0695664120031945 0.066179945950935 0.0625832254668944 0.0615371421235588 0.0581271701263667 0.0501282522949922 0.0402447874820531 0.0319918993471497 0.0217426073692219 0.0204718369143988 0.019893575954882 0.0194590073194171 0.0175136366256672
-9999 -9999 -9999 -9999 -9999 -9999 -9999 -9999 -9999 -9999 -9999 -9999 -9999 -9999 0.574728826799327 0.556207237934389 0.509551025627073 0.494523306889067 0.47181120486223 0.434805325355855 0.378952512084057 0.293161682656607 0.215241003535114 0.216342702883026 0.221166316959256 0.219124787796711 0.196667845784066 0.166480374361045 0.162422851892685 0.171645798356967 0.148593624090906 0.152515514949821 0.153889132119226 0.150052211879627 0.147290586985387 0.139777384700399 0.135166790201826 0.12877841598017 0.12080044061507 0.114625911578364 0.107064139143139 0.0997815621447141 0.0946929190961795 0.0815609156659858 0.0701889053365461 0.0687940812020051 0.0665446062094795 0.0668864273947313 0.0651511593123975 0.0601444206643298 0.0501831178758427 0.040594039294932 0.030748621665395 0.0114071887969556 0.0102260542334364 0.0180988079064842 0.0196173543482384 0.0198681105330162
-9999 -9999 -9999 -9999 -9999 -9999 -9999 -9999 -9999 -9999 -9999 -9999 -9999 -9999 0.563775457849069 0.541849529348888 0.493525777664263 0.502098907248457 0.480997617108829 0.443825684011865 0.395374378070598 0.313182162876936 0.220117994616982 0.189613655569103 0.189189630508025 0.1633628880759 0.208359499042613 0.18744258084575 0.175570283609707 0.17810490483182 0.144271275028465 0.154443362273143 0.170173503237644 0.163309724691859 0.158467165264716 0.146791915234398 0.137766908550317 0.130831062483669 0.122586262802588 0.116204204721287 0.110439739136854 0.104215979363486 0.09911144868935 0.0875088317928832 0.078096084671607 0.0755948870623779 0.0716902238718149 0.070546687194272 0.0687299154115461 0.0618241138990333 0.0534788100523039 0.0443772742471754 0.0362922559621322 0.0100552643449785 0 0.0173957932095056 0.0206980177114839 0.0232640546213014
-9999 -9999 -9999 -9999 -9999 -9999 -9999 -9999 -9999 -9999 -9999 -9999 -9999 -9999 0.561056490656493 0.537093101501342 0.477583224472736 0.498178970533781 0.487751982034712 0.451862141597727 0.389471968773074 0.323585873951363 0.207607591416577 0.152099978689713 0.217829326737383 0.149178955323837 0.214721099445277 0.21723364537009 0.19518904560699 0.196962918431201 0.188739732016029 0.174755693963024 0.173357168892846 0.166674307844095 0.165113474219183 0.155668415485316 0.145235465276244 0.137655011586248 0.127589686094395 0.119993476783624 0.114012036550055 0.105772116878427 0.0964403316570338 0.0889944821649868 0.0805754070753004 0.0830951914276958 0.0856555706322859 0.0837951470965788 0.0807706062738757 0.0711247894073044 0.0581979127815665 0.0521314975345484 0.0461106571378145 0.0343187533156203 0.0191416051282298 0.0251043241229651 0.0223471547328559 0.0269107808805196
-9999 -9999 -9999 -9999 -9999 -9999 -9999 -9999 -9999 -9999 -9999 -9999 -9999 -9999 0.555269529464089 0.54520623514647 0.494837516673547 0.49885048996773 0.488784949867936 0.447629519879536 0.383421208529459 0.329622181170068 0.268805047386786 0.184799480117531 0.216141398503268 0.188788138316076 0.20301825461878 0.228251881786618 0.202485499980869 0.210631406592014 0.22661009461312 0.20982212411313 0.178084805914487 0.168413451058284 0.164005858219268 0.156924615777319 0.148978754332153 0.145134984851539 0.132315677416614 0.124852847958074 0.118387189720687 0.110991118285156 0.103396901068583 0.09513912918677 0.0882667302687843 0.0866416403951481 0.0868385028546743 0.0910209761933554 0.093632630265369 0.0784033335942029 0.0789482705928387 0.0637848032489637 0.056548201601251 0.0475344914793446 0.0436321961084406 0.0410546941763586 0.0352508347127505 0.0358294855976528
-9999 -9999 -9999 -9999 -9999 -9999 -9999 -9999 -9999 -9999 -9999 -9999 -9999 -9999 0.554676887283882 0.549116943816447 0.537560715097418 0.51743152747151 0.489591856053226 0.445955555181017 0.402752281846094 0.333734444906568 0.275493835813937 0.213171753916749 0.22540066915345 0.231023112601756 0.23769193170202 0.235693957713965 0.218329895827355 0.229410948709521 0.215796666938008 0.207816292780975 0.19560236420483 0.178772824349564 0.164976679465897 0.153086058180435 0.148588234494511 0.148377408788828 0.138937263450039 0.130871113985666 0.124011091837841 0.116733271921754 0.110650167216444 0.103341374443508 0.0979672378191955 0.0923351188045925 0.0945664631787503 0.0981006946015125 0.0952509396868858 0.088152057810712 0.0838257618255419 0.0748433048727213 0.0690792816575153 0.0627370872245322 0.0571767808301755 0.0528509246350766 0.0485081860513004 0.0466139279721579
-9999 -9999 -9999 -9999 -9999 -9999 -9999 -9999 -9999 -9999 -9999 -9999 -9999 -9999 -9999 0.534828710616623 0.536193991121754 0.522255135115944 0.500040027177885 0.462644656372675 0.416853910539187 0.345623777589678 0.272491381763003 0.234155212705945 0.214954091980023 0.240190215210465 0.24593623778547 0.239274281309078 0.233162744720208 0.222834633409851 0.214437321052644 0.209774046922523 0.210830980291969 0.194850396458469 0.182579615502948 0.164746396999138 0.153818898722805 0.148395637967703 0.145040124242097 0.136036401162772 0.128095436994611 0.121086850075817 0.115197804913576 0.10948106708362 0.104511008508511 0.0986415069522357 0.0988334298968409 0.0985982192428638 0.0935984675818646 0.0900620743127428 0.0850297104018631 0.0827193390884951 0.0782994398442513 0.0691527300159928 0.0600184530649284 0.0656892196002771 0.0638617368900439 0.0621270544176874
-9999 -9999 -9999 -9999 -9999 -9999 -9999 -9999 -9999 -9999 -9999 -9999 -9999 -9999 -9999 0.580547958703492 0.551100849488192 0.541693044307421 0.511070332650795 0.475099942808096 0.409303538620285 0.335380875629875 0.296284087462829 0.250899675231584 0.214840309311391 0.229787177682121 0.232730648607399 0.23764132505491 0.23362005016958 0.225261936093077 0.229261612708489 0.224615475513445 0.217594289937028 0.208608446858576 0.194870397069376 0.171522541866901 0.161207053950251 0.153080366642688 0.145240154936785 0.139162201325188 0.131054000920097 0.124173271291254 0.11836464380601 0.1129570390592 0.107807527166568 0.103486760205908 0.100096163850838 0.09825260106573 0.0960937320746257 0.0923199718179299 0.0900120560967424 0.0872791115014775 0.08353907804545 0.0820750716035035 0.0791518931850765 0.0719566153495941 0.069112025834426 0.067487783234447
-9999 -9999 -9999 -9999 -9999 -9999 -9999 -9999 -9999 -9999 -9999 -9999 -9999 -9999 -9999 -9999 0.594889852009254 0.569572426040673 0.535162620390136 0.496030285441948 0.456159602327267 0.32962409785164 0.288749762683004 0.261575907201059 0.23482909441548 0.220749000075517 0.223499431299581 0.229118272813805 0.229902178259867 0.22868594822461 0.227987884832453 0.227092536865761 0.218859721043092 0.195076086432987 0.180987790304379 0.16843848809266 0.164274084612849 0.166647446666505 0.158450368648804 0.145362644188011 0.139440680216782 0.128042124821673 0.121899876738545 0.116182993902402 0.111262325393765 0.107020124277371 0.10307942342201 0.10109183224289 0.100181732764031 0.0965445849072444 0.0947144028508398 0.0909017462069844 0.0876244827977241 0.0863552359549824 0.081276495123719 -9999 -9999 -9999
-9999 -9999 -9999 -9999 -9999 -9999 -9999 -9999 -9999 -9999 -9999 -9999 -9999 -9999 -9999 -9999 0.615949842534236 0.583262502474413 0.546765057610711 0.502815004334989 0.417665046559393 0.346447899916821 0.277450483319458 0.287028370028012 0.262371343086747 0.22120708031303 0.232029841959893 0.24217830981553 0.246637259683948 0.247523168976755 0.241438217464555 0.228653516628317 0.195114600583829 0.175340255171568 0.179978135877882 0.179744800184118 0.176825532528665 0.161980577829982 0.150669133772985 0.143475047758008 0.136691694577086 0.135780230953716 0.13135629433485 0.121880174104871 0.115903423810356 0.111203562734784 0.107653348140429 0.104620349396485 0.101631341413777 0.0991830541886823 0.0959123495763437 0.0956212771585699 0.0924178933666246 0.0895274427233348 0.0890546047783534 -9999 -9999 -9999
-9999 -9999 -9999 -9999 -9999 -9999 -9999 -9999 -9999 -9999 -9999 -9999 -9999 -9999 -9999 -9999 0.624881374323652 0.581755450599043 0.540965654305354 0.50637538351295 0.41476274462515 0.382165157527313 0.306446314748101 0.283877055201296 0.298839832991839 0.24916707036947 0.249604127123547 0.274943460082633 0.276063393878072 0.26925551043553 0.252482105007693 0.227271883098012 0.192483459066383 0.180186528751594 0.175798688614237 0.183999670559698 0.186741976499043 0.182187562047862 0.171089808231871 0.147477326354376 0.139207891209736 0.139155495639101 0.137511963946216 0.128162376360956 0.120818803278657 0.115998194555012 0.112392394406979 0.109166215601347 0.10617810127731 0.103039222111782 0.0997240833354637 0.100840233490888 0.0971563767094274 0.094228727857811 0.093628289265024 -9999 -9999 -9999
-9999 -9999 -9999 -9999 -9999 -9999 -9999 -9999 -9999 -9999 -9999 -9999 -9999 -9999 -9999 -9999 0.633304243157534 0.595000601964421 0.544276079040349 0.502617676074866 0.431064090789424 0.411533792846521 0.29230913076212 0.307692972181876 0.328950600255039 0.286570009926515 0.267870074978107 0.286766734818253 0.287636677490428 0.272012391034157 0.246411747816727 0.220396425213634 0.194827275368422 0.185603346048363 0.176669420971496 0.180520720188758 0.183941341148952 0.182194048849379 0.173031847261025 0.154779863986448 0.143998890956702 0.140302123746301 0.136904390790182 0.132616629981868 0.128803453949171 0.124417727030721 0.122509187347791 0.117095009253386 0.113951204159434 0.110589737344952 0.10738638790079 0.104005797306221 0.101168833147714 0.0980845899331166 -9999 -9999 -9999 -9999
-9999 -9999 -9999 -9999 -9999 -9999 -9999 -9999 -9999 -9999 -9999 -9999 -9999 -9999 -9999 -9999 0.635834051926393 0.612425393709303 0.564945857297343 0.505402113313186 0.449562287165729 0.402677074021912 0.334339373575643 0.337985768437066 0.336518833708073 0.296324393521134 0.293929522326611 0.30545241752895 0.287027803940666 0.253817779177817 0.235389187741537 0.209241553255399 0.188093568198335 0.179301162901872 0.177041437597602 0.175565427861658 0.177898760873755 0.175598529217146 0.167878658240054 0.161157316428088 0.1493431572902 0.148704158425965 0.144871803651037 0.135428767113004 0.129773454552043 0.125805827830862 0.123024905412834 0.120405206814488 0.115658958724424 0.113443533326372 0.11015013611584 0.107379687068193 0.105152088142818 0.100589772296937 -9999 -9999 -9999 -9999
-9999 -9999 -9999 -9999 -9999 -9999 -9999 -9999 -9999 -9999 -9999 -9999 -9999 -9999 -9999 0.629446132047244 0.634498931409385 0.618593213096353 0.587036009653228 0.529041686269312 0.449791143852685 0.412378156202649 0.395544856617188 0.341675308126618 0.339561591925309 0.325417051531093 0.302634543630942 0.30281502339604 0.286578838183422 0.245359344730697 0.22215677816659 0.195397768783679 0.179029880735837 0.171551991544997 0.170266866543812 0.171857897209739 0.173636411223302 0.170839542004265 0.165854080864605 0.165050197249691 0.159229361747909 0.152487627524586 0.149949825893667 0.147605802673715 0.139750096796646 0.130157259846046 0.125545273501101 0.124666391154465 0.12244500159807 0.119189136550533 0.116592932953401 0.113106530053719 0.111364738447025 0.109070017798799 -9999 -9999 -9999 -9999
-9999 -9999 -9999 -9999 -9999 -9999 -9999 -9999 -9999 -9999 -9999 -9999 -9999 -9999 -9999 0.625935704145999 0.636176388273053 0.633499290439722 0.599501632031433 0.563803704947186 0.44920378167418 0.433332602820998 0.397722788127823 0.339984853935087 0.345961389742423 0.344036659106811 0.318835377467452 0.299789156626979 0.259545522099943 0.224361791122667 0.204925039869566 0.185968075128693 0.170461525935526 0.165083799449273 0.166451319954853 0.168255993370296 0.170320873135426 0.1656252384334 0.162775825957581 0.161371086826328 0.160739237328955 0.154593804778085 0.14918609079481 0.148706170307764 0.147704225263082 0.140938879217554 0.129772164244073 0.127572561193231 0.125643536750053 0.124965789769438 0.123516006619284 0.117608982947614 0.116214656943838 0.114390901116145 -9999 -9999 -9999 -9999
-9999 -9999 -9999 -9999 -9999 -9999 -9999 -9999 -9999 -9999 -9999 -9999 -9999 -9999 -9999 0.701925038908692 0.680613052676158 0.660264345448772 0.621259230935116 0.550981346279669 0.464939841116577 0.444267513697967 0.374399684182186 0.336546277220727 0.345462660726062 0.338865789900149 0.333793612727242 0.318349772579404 0.263175954901194 0.240960755283006 0.222581277599145 0.182127596077696 0.186928186213156 0.177006448133376 0.17660062592277 0.167526096381009 0.167089709100786 0.161246875680473 0.154157148828654 0.150776176479779 0.152835278994877 0.155420857736821 0.148517086212837 0.146544043248369 0.15030178604181 0.146784069962422 0.13380922783782 0.131567704637677 0.128934457724087 0.126903832764445 0.125356263299759 0.122627837249927 0.119446235615862 0.118630037560875 -9999 -9999 -9999 -9999
-9999 -9999 -9999 -9999 -9999 -9999 -9999 -9999 -9999 -9999 -9999 -9999 -9999 -9999 -9999 0.687281247141773 0.682698723606178 0.672843926930894 0.636486344366286 0.582624869269628 0.470170885369933 0.421982062367552 0.394925936888814 0.349247001173413 0.341856326624082 0.330907560012638 0.331080859282387 0.329757543764385 0.269547938097244 0.256327710727593 0.235508607238867 0.183081435087825 0.181562199416077 0.182250838349075 0.178327430904621 0.168845093927492 0.165106197199952 0.158727615070078 0.141853787428965 0.137895369814285 0.144526560746094 0.150328331341592 0.149521139373314 0.149130193175165 0.150354615597073 -9999 0.135681270308408 0.134383386341954 0.132864471750196 0.128605356367005 0.126835187802817 0.125660775680776 0.120494684222244 -9999 -9999 -9999 -9999 -9999
-9999 -9999 -9999 -9999 -9999 -9999 -9999 -9999 -9999 -9999 -9999 -9999 -9999 -9999 -9999 0.666192545615999 0.693573413594512 0.681256957521793 0.644751031898756 0.6168549385747 0.551519927852173 0.455302373896086 0.425060392422397 0.392354136022853 0.354426321508144 0.33961460702258 0.333827347680329 0.329994473692656 0.279057772863315 0.271302967797377 0.257476124640079 0.214868282747911 0.200279682883897 0.189039503509486 0.17338810257235 0.155988281838662 0.141865934140749 0.118397344005487 0.108238581910856 0.113806459037705 0.129324171150537 0.14158789451571 0.149541551056438 0.150267864559272 0.154011857824009 -9999 -9999 -9999 0.135109513071392 0.130264249391988 0.128406704480286 0.126419760403219 -9999 -9999 -9999 -9999 -9999 -9999
-9999 -9999 -9999 -9999 -9999 -9999 -9999 -9999 -9999 -9999 -9999 -9999 -9999 -9999 -9999 0.703809698707165 0.71016624422262 0.692540489559682 0.664895540696929 0.60848042767632 0.576830354150551 0.529197371096751 0.438239147349517 0.423791597327897 0.384037157435152 0.364409784008898 0.345531945751698 0.315996514609577 0.293726980489584 0.285462410924563 0.267530455721647 0.237268808958307 0.21482851283162 0.19192414071092 0.167414705941717 0.145255136178457 0.120875647232046 0.106156631574163 0.0795238855383684 0.100205331888027 0.12115636674458 0.140427513795926 0.149358066898813 0.149799919935545 0.155979283331415 -9999 -9999 -9999 -9999 -9999 -9999 -9999 -9999 -9999 -9999 -9999 -9999 -9999
-9999 -9999 -9999 -9999 -9999 -9999 -9999 -9999 -9999 -9999 -9999 -9999 -9999 -9999 0.768003549171651 0.74387923574431 0.730432549173413 0.711730185904265 0.682685573565435 0.629335657790034 0.542338287270748 0.546461817171628 0.465071106531243 0.39737569816182 0.371968616125094 0.387413168458522 0.352869133474719 0.310065304001147 0.303016330274731 0.28918745051538 0.256221027441479 0.227375480387783 0.218674606474 0.186419815685205 0.165809555219669 0.149438268820539 0.123734019569556 0.129254754279153 0.101891387790572 0.113607789034675 0.130367681258252 0.140305581299999 0.145243205735332 0.146022208754145 0.156465929688568 -9999 -9999 -9999 -9999 -9999 -9999 -9999 -9999 -9999 -9999 -9999 -9999 -9999
-9999 -9999 -9999 -9999 -9999 -9999 -9999 -9999 -9999 -9999 -9999 -9999 -9999 -9999 -9999 0.755046867948657 0.748620447807981 0.731597632381206 0.689235943605811 0.641221857448388 0.572905019159756 0.541300696638485 0.467316223499042 0.469324946211733 0.402785693516974 0.402997486684012 0.39002948829234 0.34942889837153 0.315697979228221 0.282952268921571 0.245235315355003 0.21743641934492 0.199011806791963 0.183315631083648 0.156829891289152 0.149633396274361 0.131203042278709 0.13941141914794 0.147601238007081 0.140309608170761 0.143097657587271 0.147790886568947 0.151557731436275 0.150996834469121 0.161302539424461 -9999 -9999 -9999 0.157492568653689 -9999 -9999 -9999 -9999 -9999 -9999 -9999 -9999 -9999
-9999 -9999 -9999 -9999 -9999 -9999 -9999 -9999 -9999 -9999 -9999 -9999 -9999 -9999 -9999 0.788913250144226 0.77086859720445 0.741768858758844 0.665965809733457 0.657816412756 0.59885067253285 0.566909936831193 0.533132011782739 0.464007554266013 0.475815230171886 0.442860323482457 0.413938679399138 0.391534420110284 0.345990299284731 0.295810369276965 0.254786134332649 0.222246249577239 0.166891065775604 0.175653067638509 0.147667382203915 0.149760661715174 0.15035809259628 0.158523256042501 0.16628717057262 0.153967110862226 0.152757374774151 0.157636008089332 0.161412036201555 0.163072899769034 0.16957429819167 0.167092513499661 -9999 -9999 0.157512064200305 0.157041517871783 -9999 -9999 -9999 -9999 -9999 -9999 -9999 -9999
-9999 -9999 -9999 -9999 -9999 -9999 -9999 -9999 -9999 -9999 -9999 -9999 -9999 -9999 0.760506656157109 0.787418495511331 0.783603294600645 0.777729091810962 0.680044076939741 0.675737098405744 0.611683484400307 0.544976944617774 0.54256452701097 0.483903791830946 0.520772454489614 0.476057972585613 0.450218985443801 0.397636202993107 0.368892250288659 0.329637942147075 0.275205323629588 0.22567187901572 0.172508217488558 0.179331913597198 0.163620440699311 0.153502464403075 0.161142090413978 0.174687141385364 0.176343430872602 0.167027277988643 0.163293897745842 0.170430568747503 0.170804105907857 0.170947726101538 0.174167327487932 0.169312925043738 0.169948342845225 0.162599203890341 0.165860837875862 0.160662306633646 -9999 -9999 -9999 -9999 -9999 -9999 -9999 -9999
-9999 -9999 -9999 -9999 -9999 -9999 -9999 -9999 -9999 -9999 -9999 -9999 -9999 -9999 0.755366382754403 0.775349953718989 0.785972710075517 0.778850261367128 -9999 0.669174113827869 0.634045504608032 0.569953144268383 0.574911883536032 0.564126331209298 0.509622923486996 0.482125408649971 0.456518661705371 0.396873556956546 0.366500642473448 0.350673381367934 0.297805189054554 0.254027268773705 0.226036356664452 0.219437456107511 0.195354564704317 0.162755060532633 0.159972031761698 0.179190985471554 0.199363409468567 0.190041216472374 0.180906938695803 0.183303178635299 0.18094692786691 0.17823395698162 0.178818172809552 0.174298028727387 0.169965479713837 0.165226886440641 0.173105678623681 0.164255143095997 -9999 -9999 -9999 -9999 -9999 -9999 -9999 -9999
-9999 -9999 -9999 -9999 -9999 -9999 -9999 -9999 -9999 -9999 -9999 -9999 -9999 -9999 0.788503454111186 0.765308953587251 0.800833357487303 -9999 -9999 0.633518747888666 0.643447766391488 0.590268407681451 0.585267812351715 0.586277747373742 0.504765274770498 0.504968422486438 0.484630554017854 0.45414116577975 0.409307279052972 0.383078402930998 0.305715208216222 0.265733557041535 0.209824619184728 0.217846424904381 0.189407230484819 0.175132902780382 0.176638929297297 0.196705901132184 0.226273063803293 0.213071023171001 0.198730759656191 0.191975745152726 0.186980391475436 0.182889647058822 0.181088599981237 0.180008555588982 0.178659308156246 0.168828897132082 0.176322154347772 0.171776360433613 -9999 -9999 -9999 -9999 -9999 -9999 -9999 -9999
-9999 -9999 -9999 -9999 -9999 -9999 -9999 -9999 -9999 -9999 -9999 -9999 -9999 -9999 0.82444257345372 0.814265925382854 0.803927501051848 -9999 -9999 0.664963870026364 0.62080090232874 0.562424793705672 0.553354446673389 0.58001145621662 0.532055384785883 0.518705354349286 0.497930475694553 0.45558503713432 0.395435182257473 0.351049340923605 0.316406697903569 0.274782240945713 0.256293922373476 0.211065293509452 0.190389903473038 0.207492749525361 0.214906622899911 0.235863158957206 0.235933258024859 0.22344536334908 0.205813459073835 0.19560170265182 0.193047585838136 0.187455699958229 0.187311210219541 0.185303502944085 0.180704927603243 0.170298431880926 0.176905976734853 -9999 -9999 -9999 -9999 -9999 -9999 -9999 -9999 -9999
