layers/veg/veg1900.asc
NCOLS 255 
NROWS 330 
XLLCORNER -2985163.8955 
YLLCORNER -3022031.214 
CELLSIZE 25000 
NODATA_value -9999 
[rows 234 to 259 of 330, columns 58 to 115 of 255]
-9999 -9999 -9999 -9999 -9999 -9999 -9999 -9999 -9999 -9999 -9999 -9999 -9999 -9999 0.634133220262368 0.613780653144238 0.564228343286349 0.528031106159863 0.519756809035609 0.485871409757542 0.431376750076828 0.331619217820202 0.244821579988563 0.216693183899256 0.226513218469064 0.258253542015184 0.198758155282456 0.191997764673319 0.223746928998539 0.229300415847471 0.210464800539231 0.192118066709249 0.177037697619674 0.175286608213776 0.173902583485135 0.163377922558781 0.168148729912773 0.157432996813425 0.141786024729611 0.127769352476666 0.11411848195663 0.099183058837634 0.0877539369989668 0.0711643514944619 0.0636569265670203 0.0565734695098229 0.0486843355660561 0.0409929685949749 0.0371409479717291 0.0306906239003385 0.0201841274799026 0.00837201788787187 0 0 0 0 0 0
-9999 -9999 -9999 -9999 -9999 -9999 -9999 -9999 -9999 -9999 -9999 -9999 -9999 -9999 0.625367299229567 0.608262448409875 0.563980355591103 0.549928650818786 0.527684341513628 0.490977851095516 0.435567912928211 0.350361347649159 0.272992302883114 0.273448691775115 0.278716089795049 0.277352529858962 0.255254999767086 0.22472694907945 0.218974948663104 0.225660744896826 0.20044888559315 0.201263912703777 0.200018095688025 0.192510604950191 0.185723441592828 0.173998586869982 0.166097699301091 0.15508891884422 0.142207356069631 0.130906184585065 0.118138803376767 0.105577629215662 0.0965316565795448 0.0785023230145384 0.0621289685664481 0.0557040718142097 0.0487572121478055 0.0447494059802592 0.0400885575894592 0.0320007651826417 0.0195011861925913 0.00791270854439102 0 0 0 0 0 0
-9999 -9999 -9999 -9999 -9999 -9999 -9999 -9999 -9999 -9999 -9999 -9999 -9999 -9999 0.616407563822619 0.595680795974414 0.549988272665789 0.559234980029907 0.538903791039399 0.502269300122325 0.454284638435108 0.372697019368255 0.280442005696769 0.24964691098707 0.249074549660383 0.224080865817117 0.267715141608492 0.246323397732204 0.233058266431123 0.233277745621448 0.197575296063512 0.204418690030406 0.21721042214365 0.206706942361154 0.197836669425309 0.181985663354459 0.169648701266394 0.158103897681448 0.144862905900306 0.133248409121478 0.122113091112429 0.110454405780297 0.101218681143096 0.0846000006265299 0.0699756297866416 0.0623050803014584 0.0535742425444663 0.0479585734890713 0.0430755937118608 0.0330628503687446 0.0220532039792691 0.0108768559033041 0.00113869047646453 0 0 0 0 0
-9999 -9999 -9999 -9999 -9999 -9999 -9999 -9999 -9999 -9999 -9999 -9999 -9999 -9999 0.615938351228725 0.592801758580766 0.536387345856379 0.557645762534477 0.548021039967586 0.512913156469753 0.451525102180577 0.385912740838495 0.271197343734966 0.215588528252996 0.278786805587487 0.211534181504633 0.275141840073497 0.276636202951054 0.253536947810441 0.253060473892685 0.242337551169954 0.225586920848801 0.221725231035192 0.211355591964476 0.205631918612852 0.191887108956459 0.178042968458036 0.165868185964096 0.150759501385484 0.137852188966353 0.126387826251145 0.112637120180293 0.0991081188584256 0.0864742209075897 0.0726612721060814 0.0697219580328385 0.0671187388533409 0.0606331353134188 0.05441913182807 0.0416649336485473 0.0260987826256817 0.0178131927606611 0.0100222318557893 0 0 0 0 0
-9999 -9999 -9999 -9999 -9999 -9999 -9999 -9999 -9999 -9999 -9999 -9999 -9999 -9999 0.61268854077457 0.602677181185354 0.555154548085597 0.560576313658511 0.551652074712677 0.511748092844303 0.44882508545384 0.395127852370808 0.334083692361703 0.250278298668529 0.279295093757788 0.251786173207682 0.265262195285349 0.2888532112145 0.262146646916135 0.267897843092301 0.280770382722292 0.261273170050856 0.227843050205699 0.214518155694933 0.205968185555103 0.194459449651838 0.182900681533108 0.174364970685264 0.156482363118857 0.143595245894734 0.131541632917723 0.118487174086747 0.10647592469036 0.0929896490400353 0.0805302355253278 0.0733915207941038 0.0683136568883902 0.0675448834718977 0.0666648915142282 0.048402529790099 0.0458772133358066 0.0286551777072401 0.0196072814575355 0.00924760010311055 0.00444889458391389 0.00104540966372882 0 0
-9999 -9999 -9999 -9999 -9999 -9999 -9999 -9999 -9999 -9999 -9999 -9999 -9999 -9999 0.612285860043988 0.6082298500194 0.59873580634245 0.580980146161451 0.555119689399998 0.513170576476248 0.471021820662512 0.402678845082391 0.344109688488313 0.281069902172001 0.290824916251965 0.294945442313751 0.300881237040619 0.297815920208305 0.279245311060366 0.28783013101453 0.271850227155227 0.260919053041991 0.246519437187913 0.226176622043919 0.208426323714816 0.192163930773572 0.183825388651023 0.178832019029518 0.164155045433938 0.150571830912431 0.138019002251636 0.12495688279726 0.114242825146284 0.101628953481041 0.0904832414771997 0.0792879127543704 0.076029818826366 0.0744578346097392 0.0680882742151112 0.0576876919217966 0.0503217106558005 0.039043871556178 0.0313513947881919 0.0235215966157522 0.0170457354542221 0.0118799347961799 0.00688009670432969 0.00451611764493958
-9999 -9999 -9999 -9999 -9999 -9999 -9999 -9999 -9999 -9999 -9999 -9999 -9999 -9999 -9999 0.59600952821899 0.599301038541855 0.58794763089451 0.567986472992077 0.532539213729013 0.488179697814211 0.417991139507712 0.3449602518002 0.30504002729931 0.2836565065938 0.306362551326216 0.31109758617077 0.303292740688533 0.295565060891919 0.283218320792168 0.272284925997634 0.264549430473195 0.263018568376679 0.243519352593171 0.227204449226541 0.205082571536043 0.190332725066118 0.180262646979963 0.171424319990947 0.156822310644046 0.143101598677241 0.13018045650172 0.119478466459262 0.10837063335725 0.0974781504158872 0.0859084079761295 0.0805097946128868 0.0751013268575107 0.066464887211944 0.059472609769478 0.0513130986630302 0.0464441265008672 0.0399708820441177 0.0295324583084342 0.0196923532837285 0.0238491488714004 0.021193594169292 0.0189137331359474
-9999 -9999 -9999 -9999 -9999 -9999 -9999 -9999 -9999 -9999 -9999 -9999 -9999 -9999 -9999 0.642203357526068 0.615638507240391 0.609089586766353 0.581382200990006 0.547789868993093 0.484285769282601 0.411879709131768 0.372164775494531 0.325225377838311 0.287040769892576 0.299166489864307 0.300735901203798 0.303923524147194 0.29803876097435 0.287508535421197 0.288603441965541 0.280844576536564 0.271345478961123 0.25870218531468 0.240900242945087 0.213313918910547 0.198990016000422 0.186272929277058 0.172952436195546 0.161093316896475 0.147090587549827 0.134172807968557 0.123370769316295 0.112529254070948 0.101339357749586 0.0911526163544806 0.0821367344053986 0.0750340373698255 0.0690226716909935 0.0617380819027681 0.0561268026324057 0.050757570608468 0.0448654685827543 0.0424109821450625 0.0372691520276596 0.0297125550251745 0.0261059234280273 0.0239140282711874
-9999 -9999 -9999 -9999 -9999 -9999 -9999 -9999 -9999 -9999 -9999 -9999 -9999 -9999 -9999 -9999 0.660012017979845 0.638340960051608 0.607407232228636 0.571240238191323 0.533341547736151 0.409945274596458 0.36869721623443 0.339350917734205 0.309900630632976 0.293181621363073 0.294046486139585 0.297585456594261 0.296150256422831 0.292443087890558 0.288875649132065 0.284708306427618 0.273909967805765 0.246876227369935 0.228674461838334 0.211560803418185 0.203099525457728 0.200651601497024 0.186937655067124 0.168198170709796 0.156261180375503 0.13886718333206 0.127598059673924 0.116459058010071 0.10540581264085 0.0951996285278705 0.0855538814713661 0.0782208065761604 0.0733108991911307 0.0660836181264541 0.0608024805533319 0.0542720977971251 0.048732179467579 0.0455241043738139 0.0394793400344171 -9999 -9999 -9999
-9999 -9999 -9999 -9999 -9999 -9999 -9999 -9999 -9999 -9999 -9999 -9999 -9999 -9999 -9999 -9999 0.681746802833926 0.653030195656836 0.620335922659364 0.579775566386513 0.49808657915883 0.428934214597693 0.36073205162173 0.367317766746408 0.339818574850198 0.296389812291683 0.304746134131032 0.312463237929991 0.314425170360046 0.31268608045989 0.303840875143656 0.28807826724071 0.252551075393422 0.229490163574701 0.229536170220952 0.224385053095863 0.217006820866627 0.197806609269665 0.180954511136848 0.167857094707875 0.154966171564872 0.147678325617785 0.137906019106576 0.12307950488964 0.110882351074124 0.100111791966568 0.0907375596712989 0.0822883309735367 0.0752280140638653 0.0690550209947 0.062202971407173 0.0589486167741876 0.0533539477415746 0.0485482815970869 0.0473297399785341 -9999 -9999 -9999
-9999 -9999 -9999 -9999 -9999 -9999 -9999 -9999 -9999 -9999 -9999 -9999 -9999 -9999 -9999 -9999 0.691931390439645 0.653092995867801 0.616685099135151 0.585832444637458 0.498454575358743 0.467498969232309 0.393160198314331 0.368575674723799 0.379450750406315 0.327245098161975 0.324937202753271 0.347107755621211 0.345508700244824 0.336122116782025 0.316779809165974 0.288857145061584 0.252008110439427 0.236267348373793 0.227480851877308 0.230478196322283 0.228456894003188 0.219298874499446 0.202555224364633 0.173351978023246 0.158906870406247 0.15233969858544 0.145095451314227 0.130372040366626 0.116734422392032 0.105737144884484 0.0962113635819326 0.0874866398026102 0.0803028714764871 0.0733588401361137 0.0662908140552021 0.0642384534719388 0.058038165592612 0.0530834336786973 0.051685188711645 -9999 -9999 -9999
-9999 -9999 -9999 -9999 -9999 -9999 -9999 -9999 -9999 -9999 -9999 -9999 -9999 -9999 -9999 -9999 0.701781849054835 0.667533051307963 0.62185416664618 0.584639215652962 0.517395494786435 0.499683311278435 0.3834272258182 0.396069257912358 0.41284057409968 0.367279064796686 0.345796112004174 0.361393498453289 0.359265681355278 0.3411491245408 0.313136127659195 0.284387247259955 0.256421594481075 0.243712913819907 0.230457163779002 0.229146444864592 0.227620444807358 0.221213379779375 0.206255178163592 0.182172252098309 0.165175409598226 0.154946280707073 0.145815292658414 0.136017432014233 0.12571759979905 0.115039901072588 0.107075942566326 0.0961311124277067 0.088666551354721 0.0814152646697319 0.074285357163203 0.0676705059898547 0.0621647907380702 0.0569449310675697 -9999 -9999 -9999 -9999
-9999 -9999 -9999 -9999 -9999 -9999 -9999 -9999 -9999 -9999 -9999 -9999 -9999 -9999 -9999 -9999 0.704915942071078 0.685788729364122 0.643604824991484 0.589431672082252 0.53810565082371 0.494256031308901 0.428159525473419 0.429545887252384 0.423973901790782 0.380130392388954 0.374106236101666 0.382329351051643 0.361184893206103 0.325825566363336 0.304759776960881 0.275852366875217 0.252095703817388 0.239847238370544 0.233039192382465 0.226481484935959 0.223722274767826 0.21679130103081 0.203134179618256 0.190182579435305 0.172073140039181 0.164714077092103 0.154980376659002 0.140154421199564 0.127962893961698 0.117602925694798 0.108697343098849 0.10039241214288 0.0912342648248179 0.0850153507734349 0.0776314302689939 0.0714266687388657 0.0665129340180066 0.0598335234321722 -9999 -9999 -9999 -9999
-9999 -9999 -9999 -9999 -9999 -9999 -9999 -9999 -9999 -9999 -9999 -9999 -9999 -9999 -9999 0.697550462484513 0.704139360973316 0.6927978607405 0.666358708876569 0.614098405283288 0.540554404473752 0.506462137907157 0.491212286851081 0.436761257881694 0.430352025623533 0.411515782129252 0.385258699257774 0.382368565677302 0.363247629695106 0.320027449340455 0.294304765606681 0.264790780226764 0.245600112438232 0.234678357477697 0.228763397864297 0.225139265389128 0.221659263664692 0.214260701275693 0.203161307858818 0.195868601066129 0.183492922518303 0.170078167704432 0.161426566219646 0.153521692786225 0.139093858106068 0.123166601121502 0.112387529954754 0.105696295888387 0.0988691010011454 0.0915645321112997 0.0847092685904108 0.0776319083341925 0.0729426085962722 0.0692998861806437 -9999 -9999 -9999 -9999
-9999 -9999 -9999 -9999 -9999 -9999 -9999 -9999 -9999 -9999 -9999 -9999 -9999 -9999 -9999 0.694330169759087 0.706276245693342 0.708066038002394 0.679365852271886 0.649078625596615 0.541593473471921 0.528962461798208 0.496135602947493 0.438160287836492 0.439347845247454 0.432159092220037 0.403341988482277 0.381798798553064 0.339324214240413 0.302037566482095 0.280035844620258 0.258139237941557 0.239702764545966 0.230876674271461 0.22748727796796 0.224008131724802 0.220620158775494 0.211386245086716 0.202256031763977 0.194265151056757 0.186833374487659 0.173893647890177 0.162262524652489 0.156179645025172 0.148341492312212 0.135086490349838 0.117830319756238 0.109768463375916 0.103095645233627 0.0982397078638441 0.0923608780861331 0.0827612671694375 0.078193169940047 0.0746678732108671 -9999 -9999 -9999 -9999
-9999 -9999 -9999 -9999 -9999 -9999 -9999 -9999 -9999 -9999 -9999 -9999 -9999 -9999 -9999 0.766202314676153 0.750025939683278 0.734603763372758 0.701017919017225 0.637081064932919 0.557783152832789 0.540836191135691 0.475421588427885 0.437145702923221 0.440897586861497 0.42902802680043 0.419845565730868 0.402047377248655 0.345209133086326 0.320703774086824 0.299839060834606 0.257032349391546 0.258304767889689 0.245064318499025 0.239843190576945 0.225644121788073 0.219605763721466 0.209242105411056 0.195842176348296 0.185793978603861 0.180857825703272 0.176311496831718 0.163029991096685 0.155492506286873 0.151882829278139 0.141531440251526 0.122917474597543 0.11473310807628 0.107247422801722 0.101025389672799 0.0949383864915135 0.0883094937277287 0.0818690348182364 0.0791612894628845 -9999 -9999 -9999 -9999
-9999 -9999 -9999 -9999 -9999 -9999 -9999 -9999 -9999 -9999 -9999 -9999 -9999 -9999 -9999 0.75232049549386 0.752354705493004 0.747091027075585 0.715984235352796 0.66792552303408 0.562986742387459 0.519392367729223 0.496440089403717 0.450929204307373 0.438537745345607 0.422457975271788 0.418497059569736 0.414720660164614 0.353172969084575 0.337555526904454 0.314370012378341 0.259917650244054 0.254915110969132 0.252072694962662 0.24337961948985 0.228753005873163 0.219376786270063 0.208566238652112 0.185572963838838 0.174901037223584 0.1743556222961 0.172880980626718 0.165393283646058 0.159561572475042 0.157773622931622 -9999 0.125362900228018 0.118115712638801 0.111942324059865 0.103522888723545 0.0971306334687644 0.0919159459306793 0.0831214599400229 -9999 -9999 -9999 -9999 -9999
-9999 -9999 -9999 -9999 -9999 -9999 -9999 -9999 -9999 -9999 -9999 -9999 -9999 -9999 -9999 0.732131089807808 0.76299844947994 0.755228735030567 0.723796753416222 0.700840106287534 0.641601161046366 0.551117056858835 0.525470733226736 0.493069671474145 0.450845610615569 0.431432049743962 0.422150206771723 0.41642542369672 0.364387257309963 0.354441053946812 0.338301358474671 0.293580596551982 0.275821466765055 0.261455292971162 0.241303429455057 0.218878989596607 0.199173990539862 0.171716824690961 0.155139128989117 0.153626588211911 0.161620347128287 0.16633137557739 0.167191693938948 0.162589384991192 0.163068249587292 -9999 -9999 -9999 0.114689404215163 0.105676831882982 0.0991266806307298 0.0930483376543148 -9999 -9999 -9999 -9999 -9999 -9999
-9999 -9999 -9999 -9999 -9999 -9999 -9999 -9999 -9999 -9999 -9999 -9999 -9999 -9999 -9999 0.768900195590054 0.779255320341588 0.766168278530352 0.743062829669238 0.691802794062411 0.664728495668716 0.621141097423425 0.536204812566236 0.522075585785463 0.478432232286011 0.455437743603712 0.434454323069673 0.404317326620891 0.380849869594688 0.370821211918826 0.350916872330983 0.318348873204934 0.292888285111132 0.267206205569324 0.238338472898591 0.211169945533196 0.181338366576943 0.162329127980321 0.129555701024308 0.142639989376757 0.155802942103264 0.16722871328991 0.168846984714914 0.163733269065715 0.16612368213917 -9999 -9999 -9999 -9999 -9999 -9999 -9999 -9999 -9999 -9999 -9999 -9999 -9999
-9999 -9999 -9999 -9999 -9999 -9999 -9999 -9999 -9999 -9999 -9999 -9999 -9999 -9999 0.829428583704462 0.808093748667062 0.79911724971378 0.784824584101813 0.759973681338775 0.711068844958958 0.629097557287274 0.63507096674274 0.557916995589003 0.491661612409366 0.463858349888395 0.477010405656295 0.442276297271541 0.399982563070235 0.392101247540337 0.37713496803899 0.342842881638915 0.311776085783235 0.299664448087021 0.264915974229019 0.239751396214323 0.218105157613082 0.186842651711584 0.187469506223176 0.153838037058876 0.158046599498764 0.166992882261287 0.16920206363916 0.166728066386378 0.161959063673175 0.168280468400775 -9999 -9999 -9999 -9999 -9999 -9999 -9999 -9999 -9999 -9999 -9999 -9999 -9999
-9999 -9999 -9999 -9999 -9999 -9999 -9999 -9999 -9999 -9999 -9999 -9999 -9999 -9999 -9999 0.820154389009609 0.816918004219173 0.804204451370105 0.765999533548388 0.721583432594203 0.656650016219862 0.626756301279889 0.55456654140182 0.554727601151524 0.489921344815221 0.490929889771382 0.479035246114754 0.439842034807136 0.406780059398211 0.373898802922462 0.335245784793095 0.305312976182471 0.283667936509723 0.265093814569868 0.234085944187431 0.221245378764904 0.196917649583474 0.200063850710882 0.200928108319302 0.186465176246802 0.181658552195957 0.178634614665737 0.174815703583385 0.168758298374206 0.173849595396422 -9999 -9999 -9999 0.143330866891399 -9999 -9999 -9999 -9999 -9999 -9999 -9999 -9999 -9999
-9999 -9999 -9999 -9999 -9999 -9999 -9999 -9999 -9999 -9999 -9999 -9999 -9999 -9999 -9999 0.853249170467922 0.838754178385371 0.813989642956101 0.744731382252407 0.736977147989979 0.680104199415773 0.648747979750056 0.614165299067441 0.544383582637662 0.557769466226124 0.528654269667796 0.50297875824783 0.482544653422828 0.438833450405172 0.389482219520597 0.347857238059074 0.313397640550586 0.255722283649085 0.260965297674833 0.228355314487663 0.224412522053274 0.218458610834964 0.221386868930238 0.221734604523812 0.202217273077315 0.193373769664129 0.190405871443992 0.1863874111452 0.18251596344293 0.181768141551063 0.172581990803728 -9999 -9999 0.143449507264788 0.140585992165122 -9999 -9999 -9999 -9999 -9999 -9999 -9999 -9999
-9999 -9999 -9999 -9999 -9999 -9999 -9999 -9999 -9999 -9999 -9999 -9999 -9999 -9999 0.822829979038853 0.851605197458776 0.850994186392466 0.846713234024821 0.758372362398589 0.75416483911557 0.691474674788343 0.625314696863718 0.620668682472505 0.561367003820768 0.599985046112494 0.560820835670986 0.53959952393602 0.49065842632863 0.464072377981663 0.425821930089921 0.371317837593502 0.32034043187456 0.264729706889551 0.268031799606411 0.247213701565402 0.231188497067196 0.231907720314925 0.239827015640207 0.234173371483149 0.217422023293645 0.205973189073554 0.205077932246678 0.197622729192044 0.192201631146048 0.187860656362313 0.175916878415195 0.169713814978278 0.15596175325538 0.153096986167548 0.145271999126003 -9999 -9999 -9999 -9999 -9999 -9999 -9999 -9999
-9999 -9999 -9999 -9999 -9999 -9999 -9999 -9999 -9999 -9999 -9999 -9999 -9999 -9999 0.817669511980566 0.840264501305613 0.854093748104547 0.848826633279233 -9999 0.748134746456997 0.712983907772103 0.6487159736758 0.651068097859327 0.639084634572588 0.588932649019935 0.567510765744139 0.547681204983187 0.492695628534574 0.465074724787106 0.450018102532652 0.397076519552912 0.351625295337306 0.320371365421924 0.310462371179988 0.281246729885201 0.243078325705462 0.233411683713585 0.246571155833477 0.25890074605472 0.241968572394025 0.225101325061909 0.219451122078804 0.209218280906697 0.200923158041998 0.193867065454886 0.181643249634868 0.169983031326804 0.158245857241371 0.161330123190863 0.149956070563239 -9999 -9999 -9999 -9999 -9999 -9999 -9999 -9999
-9999 -9999 -9999 -9999 -9999 -9999 -9999 -9999 -9999 -9999 -9999 -9999 -9999 -9999 0.85016605455581 0.830970932887143 0.868861934654118 -9999 -9999 0.714169957953017 0.722747548102149 0.668643641887315 0.661234174632362 0.661097925878017 0.584822351945341 0.591007507643899 0.576976003284787 0.550900869065737 0.509368517729685 0.484375704523064 0.407569114234816 0.365791024957892 0.307299005501021 0.311543712988078 0.278088433275057 0.257667860080535 0.252057733108941 0.2658354188653 0.287338977005015 0.266515156926658 0.244475192783906 0.229819049615696 0.216939321539824 0.207249960064325 0.197813224827504 0.190020632422619 0.182191370432245 0.162698082966001 0.165572192415708 0.158323044051528 -9999 -9999 -9999 -9999 -9999 -9999 -9999 -9999
-9999 -9999 -9999 -9999 -9999 -9999 -9999 -9999 -9999 -9999 -9999 -9999 -9999 -9999 0.885646889271654 0.87893968719271 0.871611060095303 -9999 -9999 0.746128180203144 0.702104297203266 0.64285247978728 0.631500108326368 0.656450348299035 0.613433859925318 0.60716413181981 0.593350319220199 0.556245554528533 0.499984999125998 0.457535922976305 0.422338583189779 0.378847008756627 0.35657897430298 0.308634381029816 0.28262093623032 0.292524903907397 0.292426537578318 0.306764253947964 0.299451549189761 0.279145173081859 0.253739299267918 0.235578840303307 0.224964495660506 0.213729833648156 0.2058249951048 0.196983007473685 0.184915477311554 0.164795437100422 0.166611956735894 -9999 -9999 -9999 -9999 -9999 -9999 -9999 -9999 -9999
