layers/veg/veg1900.asc
NCOLS 255 
NROWS 330 
XLLCORNER -2985163.8955 
YLLCORNER -3022031.214 
CELLSIZE 25000 
NODATA_value -9999 
[rows 75 to 99 of 330, columns 0 to 55 of 255]
-9999 -9999 -9999 -9999 -9999 -9999 -9999 -9999 -9999 -9999 -9999 -9999 -9999 -9999 -9999 -9999 -9999 -9999 -9999 -9999 -9999 -9999 -9999 -9999 -9999 0.651113718856693 0.64311944952946 0.663468971705914 0.687903106040652 0.700886481319325 0.705470790767202 0.660201713203183 0.516156317109471 0.351024646359038 0.32426703288975 0.322231481658087 0.308152794780698 0.484556148732304 0.641448531986684 0.68083297073305 0.700374465510785 0.711766174504898 0.72001489869254 0.729673843344763 0.737226913105624 0.742021148841474 0.743614997059685 0.74221487363978 0.741689614041087 0.741831728514585 0.741161383247258 0.742376819962012 0.743828045836408 0.744124585969736 0.744910916950657 0.747067435334398
-9999 -9999 -9999 -9999 -9999 -9999 -9999 -9999 -9999 -9999 -9999 -9999 -9999 -9999 -9999 -9999 -9999 -9999 -9999 -9999 -9999 -9999 -9999 -9999 -9999 0.652937438874177 0.651162632075756 0.674077212516841 0.695409059050995 0.708688308973369 0.715225887709342 0.705526626775271 0.584450416877826 0.392584373067242 0.324368741404992 0.324385509983907 0.366606212974531 0.510087971652551 0.619520341951815 0.667469104490094 0.702644608459711 0.715800963830721 0.722851541929417 0.727253548961297 0.733632064495621 0.740164111335921 0.743214440874603 0.743697781957466 0.741489514626791 0.740961763222938 0.738370024972435 0.737276689328235 0.74072910431144 0.741854809230504 0.742954853683561 0.744410437635733
-9999 -9999 -9999 -9999 -9999 -9999 -9999 -9999 -9999 -9999 -9999 -9999 -9999 -9999 -9999 -9999 -9999 -9999 -9999 -9999 -9999 -9999 -9999 -9999 -9999 0.670213560044747 0.660975039563957 0.670177042418612 0.6998443860517 0.716075157828087 0.723846227931621 0.728370335275253 0.678487817874075 0.532715155713238 0.369253433554341 0.28878654612624 0.341913133433205 0.500483360739815 0.610271340623565 0.657815463386487 0.711892368462261 0.726369791300044 0.731706508247273 0.733610099803212 0.734384741683075 0.735470997226904 0.737750157934193 0.739593617033931 0.741299515530533 0.74114694224883 0.738235315249928 0.737783932268241 0.737966690132644 0.738580325481141 0.740919531623033 0.742131296991608
-9999 -9999 -9999 -9999 -9999 -9999 -9999 -9999 -9999 -9999 -9999 -9999 -9999 -9999 -9999 -9999 -9999 -9999 -9999 -9999 -9999 -9999 -9999 -9999 -9999 0.686929192793301 0.685982742094496 0.693896300357424 0.708537906474356 0.720617965867596 0.737120212078769 0.735799024771927 0.669494893247124 0.49066447406126 0.34038116509683 0.339834621845392 0.393374559536639 0.494348405549264 0.637749599208211 0.702475456851217 0.731783508416221 0.735840948643484 0.735404639131225 0.734937974291394 0.734705146185878 0.735017753864138 0.735311036668664 0.735552276064701 0.735147920522502 0.736739666350238 0.738093166449817 0.736659221051323 0.735107955054375 0.733262341088423 0.732818985196356 0.735204087374315
-9999 -9999 -9999 -9999 -9999 -9999 -9999 -9999 -9999 -9999 -9999 -9999 -9999 -9999 -9999 -9999 -9999 -9999 -9999 -9999 -9999 -9999 -9999 -9999 -9999 0.691485341846485 0.6936546636731 0.700642749362271 0.716758294169398 -9999 0.736334004137881 0.727841450402065 0.631779125993356 0.452133239096792 0.350699186226526 0.406694447195098 0.505541066569438 0.570737718474241 0.635078700232758 0.693689943425244 0.735681300979769 0.737308453149007 0.736080534592298 0.734994345525998 0.734396326427256 0.734373677452303 0.733259222968572 0.731857261958206 0.731186813698346 0.733011109178607 0.735648459270807 0.735055977901266 0.733037143433605 0.732348832262112 0.731641094900137 0.732472170905631
-9999 -9999 -9999 -9999 -9999 -9999 -9999 -9999 -9999 -9999 -9999 -9999 -9999 -9999 -9999 -9999 -9999 -9999 -9999 -9999 -9999 -9999 -9999 -9999 -9999 -9999 -9999 0.707704878608527 0.719538997898548 0.728465703395599 0.721814461779256 0.606254742769887 0.384909811696609 0.340400279951991 0.408757571948254 0.425812075046005 0.515935709738879 0.641575064192709 0.69109277450095 0.725748379973934 0.738233864533197 0.738885951292527 0.736997318612555 0.735992837115055 0.73516665202283 0.73437256168646 0.733564423941685 0.732739094055161 0.732136703099159 0.731619934059468 0.732866511838678 0.73469353855684 0.733597433123504 0.732249013409378 0.731630691267086 0.73061648751186
-9999 -9999 -9999 -9999 -9999 -9999 -9999 -9999 -9999 -9999 -9999 -9999 -9999 -9999 -9999 -9999 -9999 -9999 -9999 -9999 -9999 -9999 -9999 -9999 -9999 -9999 -9999 -9999 -9999 0.730212705011569 0.676512725324745 0.564059049836 0.368213254898804 0.369901937157472 0.414500623005502 0.417806755257129 0.528733150450197 0.645527928291851 0.66742657696989 0.710150863062067 0.731609657701964 0.737933352246391 0.735738119611649 0.734633100469227 0.73397863188151 0.733349722791639 0.73280281448626 0.731848810300195 0.730445521821241 0.730113607247367 0.730081357144397 0.729690408924285 0.729932007997206 0.729721959572543 0.729618671420838 0.728374036623351
-9999 -9999 -9999 -9999 -9999 -9999 -9999 -9999 -9999 -9999 -9999 -9999 -9999 -9999 -9999 -9999 -9999 -9999 -9999 -9999 -9999 -9999 -9999 -9999 -9999 -9999 -9999 -9999 -9999 -9999 0.680071161465208 0.511481253960207 0.443738015620837 0.459626239573312 0.406056275327375 0.485470923290748 0.591307450865133 0.590632911073864 0.617867872227403 0.701812794953564 0.724576844265128 0.7364377582904 0.73526333458344 0.73386898795708 0.733019343370775 0.732368441705544 0.731474305178527 0.730104034895227 0.728914162421961 0.728061036338587 0.727579434214155 0.727492216883028 0.727161725470816 0.72659436170758 0.726244504044689 0.725290314337856
-9999 -9999 -9999 -9999 -9999 -9999 -9999 -9999 -9999 -9999 -9999 -9999 -9999 -9999 -9999 -9999 -9999 -9999 -9999 -9999 -9999 -9999 -9999 -9999 -9999 -9999 -9999 -9999 0.719832057189506 0.727773752250566 0.708747922831669 0.59586429556579 0.503664235569825 0.465268275171768 0.402332109938089 0.494474772131131 0.625844581913602 0.630763921622438 0.658739246199671 0.718600249988337 0.728302282662628 0.728819473174994 0.734464784957471 0.733181213890034 0.731931420597443 0.731198184875545 0.730237595124968 0.728303162706059 0.72706948011119 0.726203144442743 0.725280382987272 0.724681567332795 0.724122534559375 0.723843343718666 0.723591363846141 0.722314269365987
-9999 -9999 -9999 -9999 -9999 -9999 -9999 -9999 -9999 -9999 -9999 -9999 -9999 -9999 -9999 -9999 -9999 -9999 -9999 -9999 -9999 -9999 -9999 -9999 -9999 -9999 -9999 0.711108112749191 0.71818887495586 0.719578458482276 0.680815165066488 0.55775398856597 0.443011003595063 0.418638622641083 0.462780443230538 0.547060591782437 0.58328181977038 0.602446855698356 0.640963065417607 0.687753635612085 0.71017686874385 0.710194298733655 0.731248952570656 0.730960030294863 0.729777715336824 0.728928947210628 0.72742253227906 0.725228076685246 0.723621819004865 0.722520270918444 0.721677673661378 0.721230890992481 0.720779755513012 0.72011700536554 0.719217099617075 0.718331154940143
-9999 -9999 -9999 -9999 -9999 -9999 -9999 -9999 -9999 -9999 -9999 -9999 -9999 -9999 -9999 -9999 -9999 -9999 -9999 -9999 -9999 -9999 -9999 -9999 -9999 -9999 0.699720173660795 0.702692599124479 0.699371546960048 0.688158939447945 0.657300068303791 0.59477480267813 0.487012657765588 0.435815931772257 0.511209350528097 0.588539346638411 0.576025813752359 0.575700014529084 0.632869580803311 0.683503254052309 0.70736933611217 0.703045005247049 0.726450152388644 0.728757581490901 0.727466330832174 0.726147114117453 0.724441291493742 0.7223226358745 0.72049826872974 0.719147388363257 0.718150381567876 0.717804492402345 0.717618755877605 0.71659193762589 0.715093342460138 0.714474567462962
-9999 -9999 -9999 -9999 -9999 -9999 -9999 -9999 -9999 -9999 -9999 -9999 -9999 -9999 -9999 -9999 -9999 -9999 -9999 -9999 -9999 -9999 -9999 -9999 -9999 0.684679181976721 0.679964836817555 0.675918024894629 0.670721556777209 0.646510487988496 0.592099550695521 0.565204557211983 0.567364191958529 0.497823600129582 0.486502145791128 0.543291215987297 0.553708965191498 0.61341992109448 0.641965955031803 0.682701871876489 0.716028189772812 0.713979423340195 0.722796427271782 0.727359076777122 0.726265668773445 0.724985765861856 0.722879605150471 0.72049773194212 0.718690519306467 0.717562414242287 0.71643598319553 0.71532959633052 0.714420788379373 0.713156752518645 0.711774706706974 0.711087853973021
-9999 -9999 -9999 -9999 -9999 -9999 -9999 -9999 -9999 -9999 -9999 -9999 -9999 -9999 -9999 -9999 -9999 -9999 -9999 -9999 -9999 -9999 -9999 -9999 -9999 0.682603752979092 0.656759583010715 0.630492217242957 0.644576814428639 0.656583762760074 0.617913835019207 0.549670832315726 0.505779983097781 0.478076442174168 0.45721472831136 0.507412724592677 0.586146298094628 0.635841602940026 0.677516817914098 0.698903624164771 0.705903002543419 0.706885472069026 0.725441632566825 0.72507480112052 0.723200451726228 0.721241149736046 0.720101403717859 0.718342578633091 0.71671880851239 0.71507901007767 0.712945339730243 0.711098275720078 0.709910557792442 0.708596636683957 0.707813541883423 0.706845032854372
-9999 -9999 -9999 -9999 -9999 -9999 -9999 -9999 -9999 -9999 -9999 -9999 -9999 -9999 -9999 -9999 -9999 -9999 -9999 -9999 -9999 -9999 -9999 -9999 -9999 0.661064754560012 0.638185672268945 0.639242333947669 0.676602170052846 0.683504771354457 0.637482045627133 0.557347616272571 0.472792110965972 0.454934369277504 0.502202231714041 0.499934746814732 0.513655162587649 0.595952947320721 0.663492257482558 0.695895569450645 0.687230998141188 0.685350323795539 0.719415917442386 0.722269703325724 0.720782658697541 0.71897943525731 0.717592325584349 0.715517482601113 0.713466280100983 0.711527471972928 0.708925797960446 0.707264573070517 0.705951525130855 0.70416967475332 0.70316037474419 0.702801302248594
-9999 -9999 -9999 -9999 -9999 -9999 -9999 -9999 -9999 -9999 -9999 -9999 -9999 -9999 -9999 -9999 -9999 -9999 -9999 -9999 -9999 -9999 -9999 -9999 -9999 0.652412746263523 0.644360453165577 0.674105094905678 0.686846311405284 0.676872172587142 0.616722775955748 0.536081233253221 0.428282727345459 0.388303224378398 0.483753985156569 0.533056191298877 0.553781565304716 0.600393866269493 0.659447341605989 0.687574895816252 0.6662787849935 0.645730125322695 0.687537217604861 0.714592075835299 0.714827057911445 0.712996972782029 0.711666272668477 0.711688348146062 0.710340015842447 0.708118214908437 0.705325167974937 0.704104516818401 0.703213341141707 0.701421055092879 0.700246366814793 0.699972717088449
-9999 -9999 -9999 -9999 -9999 -9999 -9999 -9999 -9999 -9999 -9999 -9999 -9999 -9999 -9999 -9999 -9999 -9999 -9999 -9999 -9999 -9999 -9999 -9999 -9999 0.670142802488258 0.672536858747874 0.687992718769724 0.690861457802751 0.68792189089649 0.614847339596266 0.508283352347838 0.431331623488861 0.392559681695492 0.472735542796267 0.529754660983921 0.538033215225602 0.584318253250419 0.625196073094045 0.630332330817572 0.6203039607771 0.596774645505103 0.620195622342649 0.664949552131753 0.680899770635009 0.698302794439783 0.70385026534472 0.704351969062939 0.705534862223435 0.702985288253004 0.697311027608114 0.696775973284667 0.698622255240833 0.698235353481836 0.697606944113364 0.696841622456834
-9999 -9999 -9999 -9999 -9999 -9999 -9999 -9999 -9999 -9999 -9999 -9999 -9999 -9999 -9999 -9999 -9999 -9999 -9999 -9999 -9999 -9999 -9999 -9999 -9999 -9999 0.679463736212869 0.687919093567292 0.687039962204131 0.688250876428739 0.669572162806885 0.599538560632446 0.474756540130232 0.361429489321684 0.408800683299952 0.527414052438567 0.582386737823624 0.589458926200608 0.583509842556134 0.579857569737489 0.550196398671667 0.551332667104173 0.580556244725542 0.609048339737571 0.615090474944383 0.649246895596788 0.70015166909536 0.700793309490907 0.701337446608587 0.698852649806463 0.690886675534329 0.690960697292379 0.694728053953298 0.695325878716423 0.694468882941284 0.693523680790131
-9999 -9999 -9999 -9999 -9999 -9999 -9999 -9999 -9999 -9999 -9999 -9999 -9999 -9999 -9999 -9999 -9999 -9999 -9999 -9999 -9999 -9999 -9999 -9999 -9999 -9999 0.678539760157879 0.688075430253395 0.687287939104899 0.680512767791338 0.679906051640275 0.663497815858804 0.543173827828524 0.427753302059797 0.481266602163236 0.546937285480688 0.595788713020589 0.611237008657582 0.534982885566932 0.483569998274662 0.495039765714283 0.539437202960017 0.588194974608005 0.602863975980124 0.598468556577002 0.617260377563274 0.675159442624833 0.700652729767343 0.701053507303228 0.696292059624642 0.690478430399346 0.689979075312562 0.692028289984278 0.692686518418136 0.691081795979826 0.690717588438953
-9999 -9999 -9999 -9999 -9999 -9999 -9999 -9999 -9999 -9999 -9999 -9999 -9999 -9999 -9999 -9999 -9999 -9999 -9999 -9999 -9999 -9999 -9999 -9999 -9999 -9999 -9999 0.691509073152303 0.692916312836192 0.688416991273547 0.684156344460841 0.670237834580745 0.577977907321629 0.478145683933808 0.457149020817088 0.444454151928328 0.527465653691612 0.615239797865257 0.588677687063879 0.501411412085435 0.426012653954398 0.423129209124463 0.453462727708771 0.559922674390791 0.604335893199345 0.565339639639753 0.602186522103384 0.678770466271336 0.694346240286692 0.693333945154022 0.689198875576438 0.68729244548746 0.690110647244033 0.690632232719893 0.689103483350586 0.687949086718252
-9999 -9999 -9999 -9999 -9999 -9999 -9999 -9999 -9999 -9999 -9999 -9999 -9999 -9999 -9999 -9999 -9999 -9999 -9999 -9999 -9999 -9999 -9999 -9999 -9999 -9999 -9999 0.685377011476475 0.69508493281133 0.697494490973646 0.697987472201514 0.69522723903679 0.663580222144799 0.543060625179769 0.468727201127913 0.513243806416091 0.544366300647567 0.562421489188607 0.496082334189648 0.415236802807819 0.421699050013298 0.403848139754983 0.349506202236732 0.431780136711299 0.532994427583732 0.547163890685942 0.595817485331482 0.638732626812293 0.662432633899365 0.685787021555233 0.685736090866531 0.684751399815999 0.688509747340387 0.688363052604327 0.686949155181177 0.684808892979318
-9999 -9999 -9999 -9999 -9999 -9999 -9999 -9999 -9999 -9999 -9999 -9999 -9999 -9999 -9999 -9999 -9999 -9999 -9999 -9999 -9999 -9999 -9999 -9999 -9999 -9999 0.67098403224556 0.68319641023982 0.693627119766054 0.697452272732175 0.69881216281792 0.692233349480786 0.671829457112023 0.551387657741596 0.440509141896297 0.502452266497326 0.533529082592365 0.542736364201416 0.539824018818637 0.457511225244024 0.435631151165205 0.430188424899759 0.41175986451257 0.457021892750053 0.499499886838279 0.539509723128753 0.611485310483908 0.646194200010273 0.642642862728489 0.656900191031932 0.675537801140178 0.680918376103274 0.686532977048137 0.687908638644872 0.685938464073381 0.682449971721372
-9999 -9999 -9999 -9999 -9999 -9999 -9999 -9999 -9999 -9999 -9999 -9999 -9999 -9999 -9999 -9999 -9999 -9999 -9999 -9999 -9999 -9999 -9999 -9999 -9999 -9999 -9999 0.668917004981709 0.690958670253637 0.697393032034652 0.701040351510028 0.7005794591236 0.698117475292446 0.62736928818802 0.499586475210785 0.448662190335975 0.446377330229096 0.431591606696447 0.409261843215273 0.455135769692549 0.475419473825852 0.428612816922784 0.463488562719929 0.518163768571949 0.567998106334151 0.614750276545718 0.65192403913865 0.670975547584155 0.660359929744547 0.632579857934281 0.627526639083626 0.6522205552026 0.682286125385069 0.683386027905644 0.680376102454583 0.676580536059289
-9999 -9999 -9999 -9999 -9999 -9999 -9999 -9999 -9999 -9999 -9999 -9999 -9999 -9999 -9999 -9999 -9999 -9999 -9999 -9999 -9999 -9999 -9999 -9999 -9999 -9999 -9999 -9999 -9999 -9999 0.700892109351953 0.704990910788457 0.692651865271156 0.681123384120266 0.652013205154963 0.565960668825405 0.478619923643103 0.403130575653541 0.342971013754574 0.400701861424421 0.483339698878381 0.42349201566457 0.417533272937225 0.517292485170643 0.598713779899257 0.635161228546485 0.661172962885147 0.686978396474388 0.669078790082524 0.633535794698409 0.617861390738031 0.64145272936736 0.682321456747315 0.677875196217807 0.670854898895312 0.66616112757594
-9999 -9999 -9999 -9999 -9999 -9999 -9999 -9999 -9999 -9999 -9999 -9999 -9999 -9999 -9999 -9999 -9999 -9999 -9999 -9999 -9999 -9999 -9999 -9999 -9999 -9999 -9999 -9999 -9999 -9999 -9999 -9999 0.707341302123205 0.701717928935748 0.677137338941972 0.574118099461179 0.409281593554762 0.324952509745763 0.302141346528879 0.326130058942388 0.428047619382894 0.401788804423141 0.346693962623844 0.46839886930011 0.60770381439821 0.67319044856856 0.6845787113969 0.687058807972727 0.661582428520804 0.645857955085893 0.666006112327042 0.684295830097389 0.687573059988725 0.683201606212164 0.66658491988897 0.660614222744192
-9999 -9999 -9999 -9999 -9999 -9999 -9999 -9999 -9999 -9999 -9999 -9999 -9999 -9999 -9999 -9999 -9999 -9999 -9999 -9999 -9999 -9999 -9999 -9999 -9999 -9999 -9999 -9999 -9999 -9999 -9999 -9999 -9999 0.705185870238501 0.690634955854014 0.61981849596986 0.510089427696046 0.435905529765863 0.3923683802614 0.366517539422403 0.381236263077976 0.434663087711704 0.401922283506814 0.419458212950495 0.580636184926913 0.658417870060668 0.683141338455365 0.678392596099227 0.645905249902951 0.633795142723261 0.660859977243606 0.675343265577297 0.686739926684429 0.689209499255391 0.685325051011918 0.677775177951553
