layers/veg/veg1000.asc
NCOLS 255 
NROWS 330 
XLLCORNER -2985163.8955 
YLLCORNER -3022031.214 
CELLSIZE 25000 
NODATA_value -9999 
[rows 78 to 103 of 330, columns 0 to 58 of 255]
-9999 -9999 -9999 -9999 -9999 -9999 -9999 -9999 -9999 -9999 -9999 -9999 -9999 -9999 -9999 -9999 -9999 -9999 -9999 -9999 -9999 -9999 -9999 -9999 -9999 0.887947569116279 0.877432009303399 0.852086895002452 0.828905497891698 0.802353759122602 0.796390196847951 0.772216287957906 0.687130368143086 0.584201328701913 0.454314575206319 0.345637496404313 0.374644601198596 0.467526081139864 0.500489787191096 0.536042647911793 0.529726906125189 0.513180367336579 0.495460245305596 0.476296341926251 0.460631380035789 0.448913256559874 0.441843199594807 0.441103609489754 0.445238042551999 0.45123515807385 0.459825076637708 0.472788830909659 0.489279796726881 0.508497139467556 0.530936093244009 0.559603921648475 0.588038225778986 0.609108609107711 0.635311277339052
-9999 -9999 -9999 -9999 -9999 -9999 -9999 -9999 -9999 -9999 -9999 -9999 -9999 -9999 -9999 -9999 -9999 -9999 -9999 -9999 -9999 -9999 -9999 -9999 -9999 0.890594445974164 0.881716076864087 0.8535958424631 0.8415823534923 0.820728508051092 0.801091352684239 0.756774958839291 0.594780895276562 0.432997808266062 0.390817157866138 0.39904041725605 0.522196158466539 0.548923808209838 0.540009843942379 0.558426306510472 0.550851671130049 0.531758198218922 0.514223709811978 0.494790157337978 0.47832144603288 0.466355782222658 0.458457905930627 0.456320855201437 0.458199653680859 0.462690843009928 0.471642571881554 0.485356524926739 0.501261465161837 0.519753412094402 0.542142263299662 0.566805934837336 0.592810746156879 0.614823752984905 0.63981533840604
-9999 -9999 -9999 -9999 -9999 -9999 -9999 -9999 -9999 -9999 -9999 -9999 -9999 -9999 -9999 -9999 -9999 -9999 -9999 -9999 -9999 -9999 -9999 -9999 -9999 -9999 0.885305059227334 0.854860926339225 0.843216396625027 0.83298210465913 0.808136129872292 0.714340453120619 0.519696760562999 0.388979184114097 0.424561545211483 0.427411896483205 0.532016709682223 0.565056208720272 0.586634483556012 0.584620143550317 0.568112157341872 0.548262561546702 0.53150649830261 0.51200822127887 0.495662470053319 0.483933820468732 0.476671884147591 0.474153762478878 0.474910441220029 0.477408491357046 0.483190132441856 0.495241793498133 0.510855708927989 0.527340633258625 0.547538777895621 0.570928614104025 0.597355553370311 0.618635262129504 0.642234533801854
-9999 -9999 -9999 -9999 -9999 -9999 -9999 -9999 -9999 -9999 -9999 -9999 -9999 -9999 -9999 -9999 -9999 -9999 -9999 -9999 -9999 -9999 -9999 -9999 -9999 -9999 -9999 -9999 0.84432665206349 0.834715428042434 0.811071335177003 0.678317299970531 0.490978425903739 0.46893452904216 0.443757181398601 0.435748587733556 0.558531503230948 0.558369544789529 0.559812072583656 0.579354930035439 0.580206333120604 0.561945435874998 0.545538478633248 0.525683913773378 0.509294462505476 0.496794680645801 0.488196710928269 0.48351989156244 0.483469524122195 0.486961084544482 0.492892981995884 0.504509824083573 0.519230612491763 0.535011252142217 0.555158242411823 0.578046689529106 0.602628791849084 0.624851818584961 0.648061189289029
-9999 -9999 -9999 -9999 -9999 -9999 -9999 -9999 -9999 -9999 -9999 -9999 -9999 -9999 -9999 -9999 -9999 -9999 -9999 -9999 -9999 -9999 -9999 -9999 -9999 -9999 -9999 -9999 -9999 0.829768521770233 0.797739531742415 0.677776770337017 0.495522849532504 0.527182029576812 0.450098513985548 0.489433161562245 0.561878319120839 0.524782734510523 0.528535284235167 0.583437053498783 0.587735295009097 0.572635254474424 0.557922799168081 0.538936307254459 0.52289979571118 0.510696394661402 0.50170141478447 0.496684330612428 0.495998123869387 0.498328455676197 0.503410011018913 0.51392354983939 0.527397901130009 0.544107894705 0.564021941760156 0.584881772080114 0.60878125874899 0.631310417286235 0.65129077228418
-9999 -9999 -9999 -9999 -9999 -9999 -9999 -9999 -9999 -9999 -9999 -9999 -9999 -9999 -9999 -9999 -9999 -9999 -9999 -9999 -9999 -9999 -9999 -9999 -9999 -9999 -9999 -9999 0.844486880838281 0.834376124096655 0.80744948758454 0.759439539354517 0.660745875085934 0.49932286810794 0.482973197271464 0.537003835123751 0.565721133959674 0.561488141728521 0.577449895492256 0.592068649731776 0.586396512791721 0.585079471423303 0.57211967041295 0.55383938992615 0.537577753368355 0.524750586770793 0.515064162824191 0.509184973648854 0.507584974527702 0.509479478171119 0.513644772534242 0.522967633132031 0.535625066484446 0.551882198660284 0.57058239958327 0.590645424829133 0.613118102440096 0.634804764651708 0.653964991375851
-9999 -9999 -9999 -9999 -9999 -9999 -9999 -9999 -9999 -9999 -9999 -9999 -9999 -9999 -9999 -9999 -9999 -9999 -9999 -9999 -9999 -9999 -9999 -9999 -9999 -9999 -9999 0.864672369340425 0.847024606657741 0.8236764111528 0.774492642774027 0.691639831882277 0.54454062741416 0.503284296466883 0.503294317986623 0.553310747945298 0.557435338116296 0.551343750307557 0.584658759294652 0.587755254584809 0.614423867294588 0.595731793342155 0.584493136509481 0.567479527843964 0.551255772518068 0.537962188025251 0.527629057601337 0.520766988255655 0.518283596196827 0.519592453599122 0.523056359871217 0.532040556873613 0.544315969917623 0.559294312638006 0.577024035901005 0.596807615088175 0.618036076431026 0.638572045897641 0.655468094401404
-9999 -9999 -9999 -9999 -9999 -9999 -9999 -9999 -9999 -9999 -9999 -9999 -9999 -9999 -9999 -9999 -9999 -9999 -9999 -9999 -9999 -9999 -9999 -9999 -9999 -9999 0.870538095464495 0.861581907427865 0.835964667075144 0.800696390658787 0.761014116242918 0.716725595813788 0.597406750061867 0.543165999876905 0.551662062094085 0.57761326376062 0.574173550176015 0.560999458095452 0.587833633772562 0.609402222354883 0.625551639738119 0.605622446465496 0.59516982199711 0.580385767657619 0.564193733238093 0.550487273099122 0.539415808206136 0.531547269914941 0.528116150605298 0.529448917399544 0.53194866919797 0.540069432463594 0.551936837728494 0.566245488099572 0.58280029399536 0.601881967659258 0.623107188497807 0.643960467608508 0.658416597601341
-9999 -9999 -9999 -9999 -9999 -9999 -9999 -9999 -9999 -9999 -9999 -9999 -9999 -9999 -9999 -9999 -9999 -9999 -9999 -9999 -9999 -9999 -9999 -9999 -9999 -9999 0.867921335526766 0.845831771404824 0.822848505602862 0.793208649821705 0.732452475066825 0.692614719973178 0.642214393415524 0.55591265750461 0.514220406542895 0.561106004099998 0.615764968049762 0.631288389532926 0.621347126075348 0.641107149795763 0.6342208103109 0.620088102073095 0.607506657144902 0.591968069016852 0.575523733260005 0.561147432197173 0.549612474896251 0.541308127462148 0.537218067212982 0.537914061571128 0.540266571589255 0.547079543929506 0.55724854571238 0.570479988247956 0.586709644983906 0.605264310422377 0.625968253443128 0.647636295082866 0.663070386057414
-9999 -9999 -9999 -9999 -9999 -9999 -9999 -9999 -9999 -9999 -9999 -9999 -9999 -9999 -9999 -9999 -9999 -9999 -9999 -9999 -9999 -9999 -9999 -9999 -9999 0.878815026421184 0.86382235696019 0.828658777326936 0.822361698261213 0.812048023182896 0.74334269062269 0.695661523224266 0.629650883787747 0.550008522688384 0.533991838728815 0.585773883175615 0.6235053175984 0.663678915961502 0.648794218203109 0.657308907108228 0.628717114418383 0.619717105756422 0.615935544616487 0.602137833023616 0.585212243742002 0.56951459286986 0.558304551863499 0.549902655692199 0.545691609848663 0.545006788689029 0.546915490391459 0.552762113129218 0.562112749696687 0.574630154806125 0.590038518850097 0.607433730125696 0.628165367539326 0.649353751868819 0.664550664004158
-9999 -9999 -9999 -9999 -9999 -9999 -9999 -9999 -9999 -9999 -9999 -9999 -9999 -9999 -9999 -9999 -9999 -9999 -9999 -9999 -9999 -9999 -9999 -9999 -9999 0.883894474082493 0.863156030639412 0.832424500875849 0.843582301442704 0.823450466213497 0.761795360903653 0.703043976603815 0.624942706686495 0.569067475549936 0.593361390701125 0.613028815718882 0.596476344529747 0.62415817650262 0.645136169256096 0.661044799741552 0.624561023841041 0.614833374958204 0.623094065392321 0.610623630220292 0.594207767163979 0.578834704274935 0.566209397081045 0.557183471768645 0.552035255802398 0.550304764348954 0.551443895846887 0.556536746534671 0.565129562165357 0.576446728215903 0.591374064353171 0.609010274913594 0.628982997899087 0.649697515071348 0.663418466606563
-9999 -9999 -9999 -9999 -9999 -9999 -9999 -9999 -9999 -9999 -9999 -9999 -9999 -9999 -9999 -9999 -9999 -9999 -9999 -9999 -9999 -9999 -9999 -9999 -9999 0.892075240760399 0.854798378099651 0.85725558406322 0.851372498216992 0.828934416570388 0.74593150650909 0.66479912708307 0.613828813935757 0.602450603632348 0.649872386329117 0.625979105034821 0.585766588916185 0.634038031250815 0.663439411712372 0.667297889839316 0.629231088254523 0.593930868608289 0.591915948351927 0.61536265201964 0.598679344116861 0.580293580316138 0.568338271979121 0.560246525819731 0.555879351933433 0.553682520507262 0.554018521163149 0.558895463552799 0.567845029234072 0.578965127025417 0.593665118878146 0.611170739172083 0.630586418044596 0.651206797513788 0.665126639904808
-9999 -9999 -9999 -9999 -9999 -9999 -9999 -9999 -9999 -9999 -9999 -9999 -9999 -9999 -9999 -9999 -9999 -9999 -9999 -9999 -9999 -9999 -9999 -9999 -9999 0.901573498994028 0.874871257370317 0.870640659402722 0.858262005702931 0.841162221985875 0.749554522731783 0.652916647448003 0.616306918959041 0.563174538809038 0.629328857096186 0.612715072986591 0.593070244888488 0.624763688243723 0.656738251267998 0.649751301737851 0.613179797705128 0.571766086338406 0.556909240417393 0.588559225487301 0.586529676956027 0.583022938973228 0.570696619233338 0.56229544875069 0.559146172577569 0.556165054881421 0.554604681088253 0.559113705040791 0.570102377786223 0.581399665241038 0.595867132792592 0.612652541170374 0.630906320687534 0.65101733010046 0.666324625075441
-9999 -9999 -9999 -9999 -9999 -9999 -9999 -9999 -9999 -9999 -9999 -9999 -9999 -9999 -9999 -9999 -9999 -9999 -9999 -9999 -9999 -9999 -9999 -9999 -9999 0.900866054742283 0.884440164034413 0.873558851908361 0.857054381186125 0.838629309230916 0.802485464942367 0.747928396148236 0.691285725756658 0.514838762731233 0.59006973401127 0.615018347326493 0.632371401223359 0.657709082589474 0.632349328480655 0.574586814809204 0.555028003954546 0.549830435774479 0.547261229348004 0.553615431127965 0.542505231287905 0.533154331060316 0.560075566265663 0.567772899558642 0.561754099384854 0.55760889777088 0.554643101497871 0.558666644729551 0.571564856339267 0.583127744708475 0.597060386467664 0.613375368409987 0.631549439606138 0.651093955141967 0.666863866173187
-9999 -9999 -9999 -9999 -9999 -9999 -9999 -9999 -9999 -9999 -9999 -9999 -9999 -9999 -9999 -9999 -9999 -9999 -9999 -9999 -9999 -9999 -9999 -9999 -9999 0.897973490672781 0.883629652859003 0.874283931600982 0.860542618783115 0.837653493813239 0.813178813534516 0.789209856680169 0.759800628397723 0.565709568875064 0.583120568036897 0.576906202979878 0.619307640011729 0.664258215620056 0.596670827806239 0.493132155638128 0.525789219856144 0.516734672199224 0.534324247083251 0.551884584876162 0.532213230373034 0.496965369393362 0.537339637411712 0.570281945903769 0.565242149021557 0.560304632960857 0.558398167900213 0.561908881191504 0.57281986783412 0.584450741183112 0.597807097103548 0.613462760409272 0.631230296996814 0.649557891221161 0.66538104469475
-9999 -9999 -9999 -9999 -9999 -9999 -9999 -9999 -9999 -9999 -9999 -9999 -9999 -9999 -9999 -9999 -9999 -9999 -9999 -9999 -9999 -9999 -9999 -9999 -9999 0.901922910175012 0.884768120966817 0.874560194597878 0.865277741817297 0.844084326517699 0.82306093364527 0.805797158479417 0.768672964938403 0.640427654344234 0.590332389357305 0.55932050603586 0.609635509050826 0.636294591547711 0.566754256076154 0.535582181258664 0.504331908092674 0.429620731132755 0.471006469050386 0.532588509810583 0.536103195697918 0.511101581109039 0.531073455460017 0.560947257789947 0.567477238625445 0.563555249821447 0.562341182797002 0.562221747762158 0.574366828249425 0.585327163865841 0.59799109650521 0.61221765389926 0.628477117993541 0.645735563651583 0.661460780028438
-9999 -9999 -9999 -9999 -9999 -9999 -9999 -9999 -9999 -9999 -9999 -9999 -9999 -9999 -9999 -9999 -9999 -9999 -9999 -9999 -9999 -9999 -9999 -9999 -9999 0.901337821014567 0.8830909844153 0.871086472726351 0.86732185627534 0.850125386075272 0.831469540160109 0.812670358365221 0.792444030497629 0.689233629136079 0.583556556124464 0.571716856053996 0.622495037850944 0.632933851302253 0.615805609928722 0.523215890687309 0.489856353947911 0.414430764441674 0.360269065957371 0.447789580683548 0.499210987441331 0.516009749711492 0.534255555644886 0.542474076554299 0.543184439163728 0.559250675584065 0.564708186028612 0.560314390817398 0.57404507041704 0.585479409095299 0.597196659801322 0.609732035863328 0.624463056404614 0.641753486113923 0.658637244723468
-9999 -9999 -9999 -9999 -9999 -9999 -9999 -9999 -9999 -9999 -9999 -9999 -9999 -9999 -9999 -9999 -9999 -9999 -9999 -9999 -9999 -9999 -9999 -9999 -9999 -9999 0.886000584913372 0.872425926682813 0.867240432610748 0.852256004885183 0.835938582434319 0.809310041932148 0.795855759747053 0.671804736213223 0.561394691396047 0.562456726502903 0.597343708521545 0.576448748855997 0.594904446945068 0.530123912607734 0.450676957245086 0.430835795483285 0.443517489812181 0.459948930744419 0.468829474544578 0.502188889437911 0.542081380562863 0.53146272209055 0.520361705203836 0.548423586433708 0.561883099398808 0.562747684074913 0.573316754203382 0.584707273466778 0.596265112621401 0.607510673651657 0.619969859433509 0.633902418958564 0.649520358747606
-9999 -9999 -9999 -9999 -9999 -9999 -9999 -9999 -9999 -9999 -9999 -9999 -9999 -9999 -9999 -9999 -9999 -9999 -9999 -9999 -9999 -9999 -9999 -9999 -9999 -9999 -9999 0.878752120182696 0.867689888747802 0.85306526570638 0.838007164829778 0.818144846757152 0.803061492218646 0.751525776935351 0.656008764028519 0.550286779200486 0.537403541675394 0.495111066416689 0.493556147486741 0.521130267220317 0.460064750280833 0.436214818728565 0.474112712068013 0.504674631426796 0.506495915216298 0.532415998357908 0.564440649362248 0.546418763641523 0.530705744305551 0.518400259113532 0.500299698849585 0.524200008141726 0.561745725689777 0.58370826051049 0.594042925663197 0.603924641461085 0.615396455812983 0.626933798151178 0.642206582863661
-9999 -9999 -9999 -9999 -9999 -9999 -9999 -9999 -9999 -9999 -9999 -9999 -9999 -9999 -9999 -9999 -9999 -9999 -9999 -9999 -9999 -9999 -9999 -9999 -9999 -9999 -9999 -9999 -9999 0.85048310041196 0.839906543458442 0.823909484607575 0.807264969869266 0.773913530570803 0.694895821641627 0.592060660061333 0.608756527914261 0.449243302564436 0.420951257561566 0.460921130488505 0.473266701567984 0.429561251644917 0.431333266877695 0.490385267294604 0.518669241141884 0.544964085198626 0.570254807043841 0.57390942191643 0.552424606528276 0.518589133237065 0.500354899440575 0.532662924501648 0.566720990404274 0.579766568345232 0.582302072399491 0.588412605084214 0.608953457350062 0.630669504304009 0.646142164293528
-9999 -9999 -9999 -9999 -9999 -9999 -9999 -9999 -9999 -9999 -9999 -9999 -9999 -9999 -9999 -9999 -9999 -9999 -9999 -9999 -9999 -9999 -9999 -9999 -9999 -9999 -9999 -9999 -9999 -9999 -9999 0.811777279044518 0.805553976501984 0.785194791611452 0.752208970101758 0.676684165241513 0.495860702854752 0.416818692163466 0.397520080205729 0.413675278336083 0.465825802540753 0.434663964998661 0.393721284805379 0.459351483493644 0.531987576671444 0.587811561528185 0.58181827690928 0.563295703584541 0.540284837445473 0.536332361394284 0.538797581094201 0.555334503904561 0.570682411664578 0.578843977625805 0.585939910816535 0.59427939015839 0.605240136023873 0.624779724788162 0.639789265871852
-9999 -9999 -9999 -9999 -9999 -9999 -9999 -9999 -9999 -9999 -9999 -9999 -9999 -9999 -9999 -9999 -9999 -9999 -9999 -9999 -9999 -9999 -9999 -9999 -9999 -9999 -9999 -9999 -9999 -9999 -9999 -9999 0.805147691614503 0.790890211293789 0.754714419024539 0.693525176428989 0.581271149925338 0.548886711365487 0.456828989494148 0.422100617148391 0.469847525818465 0.477659892096985 0.414027506928892 0.469311197004375 0.517840685949089 0.563525054415819 0.587648238419845 0.552854714426689 0.519071385841317 0.531734528118363 0.552879952463613 0.561706336614123 0.566890523133249 0.578822766169841 0.587866750228441 0.595545660039912 0.607836321102946 0.623914348465635 0.639023477746748
-9999 -9999 -9999 -9999 -9999 -9999 -9999 -9999 -9999 -9999 -9999 -9999 -9999 -9999 -9999 -9999 -9999 -9999 -9999 -9999 -9999 -9999 -9999 -9999 -9999 -9999 -9999 -9999 -9999 -9999 -9999 -9999 -9999 0.798191798830524 0.759544340609493 0.653766760682123 0.595542238552581 0.516720060893405 0.431143052021284 0.420301399349346 0.457918599352004 0.483869389523709 0.443303311323532 0.403496169432922 0.492102942565255 0.496462274357212 0.544569538253549 0.54689340241437 0.515883078806099 0.510455065578953 0.53451902993814 0.558400464670384 0.562098044634091 0.575868154157436 0.587241070802799 0.597098850056648 0.608682129228349 0.622694321746805 0.637577050420165
-9999 -9999 -9999 -9999 -9999 -9999 -9999 -9999 -9999 -9999 -9999 -9999 -9999 -9999 -9999 -9999 -9999 -9999 -9999 -9999 -9999 -9999 -9999 -9999 -9999 -9999 -9999 -9999 -9999 -9999 -9999 -9999 -9999 -9999 0.761856144453259 0.681033773242614 0.647297399027329 0.611907861448151 0.565662767962972 0.513426395567124 0.407153657645868 0.363630692918422 0.444777817964818 0.342801121589831 0.419892450151176 0.421689750498464 0.503975616180043 0.52133662648569 0.498458014850701 0.477287220938298 0.496399206628219 0.559692665390325 0.560866646104048 0.56862690115484 0.582697310623535 0.595310468147995 0.607370811674234 0.620071429554903 0.635101782134589
-9999 -9999 -9999 -9999 -9999 -9999 -9999 -9999 -9999 -9999 -9999 -9999 -9999 -9999 -9999 -9999 -9999 -9999 -9999 -9999 -9999 -9999 -9999 -9999 -9999 -9999 -9999 -9999 -9999 -9999 -9999 -9999 -9999 -9999 0.762319714108237 0.729143677596907 0.704740802056034 0.656502976232473 0.531732311893055 0.399198954403205 0.353252163849833 0.346070546871298 0.388711942073642 0.362105904537248 0.348878351527084 0.359576279325606 0.443945044831342 0.498583541555789 0.495916301224286 0.466392816836798 0.474105456876258 0.556386939518747 0.555816715101845 0.561731860806318 0.576688997431638 0.58994149383679 0.604024485958007 0.617876173480856 0.632490903018586
-9999 -9999 -9999 -9999 -9999 -9999 -9999 -9999 -9999 -9999 -9999 -9999 -9999 -9999 -9999 -9999 -9999 -9999 -9999 -9999 -9999 -9999 -9999 -9999 -9999 -9999 -9999 -9999 -9999 -9999 -9999 -9999 -9999 -9999 -9999 -9999 0.73107251841745 0.685018805751624 0.545465454925101 0.38417483352922 0.378005173010472 0.293755478031368 0.340626164945158 0.341485877788751 0.319889072838349 0.324462102740218 0.384493315811128 0.46993913241674 0.514375088158585 0.497996260116294 0.476594122907403 0.549856646674199 0.550512734691951 0.55994059113947 0.572069915786223 0.58429551782607 0.599371579533916 0.614833652260498 0.629847195788968
