layers/veg/veg1100.asc
NCOLS 255 
NROWS 330 
XLLCORNER -2985163.8955 
YLLCORNER -3022031.214 
CELLSIZE 25000 
NODATA_value -9999 
[rows 75 to 99 of 330, columns 168 to 223 of 255]
0.768390455911587 0.760276531889018 0.751684068118034 0.740559027597237 0.733000373262244 0.724787028271677 0.714520949386346 0.705806943275867 0.69670186748049 0.68717785077246 0.680627466272738 0.675903535361686 0.671836313927158 0.667499346884624 0.662522503188183 0.657927513460985 0.654081956054637 0.651606179340216 0.647099472618358 0.641986320027701 0.640267205649796 0.639444622758042 -9999 -9999 -9999 -9999 -9999 -9999 -9999 -9999 -9999 -9999 -9999 -9999 -9999 -9999 -9999 -9999 -9999 -9999 -9999 -9999 -9999 -9999 -9999 -9999 -9999 -9999 -9999 -9999 -9999 -9999 -9999 -9999 -9999 -9999
0.767209135019539 0.758706777141124 0.750341957510355 0.740102956248972 0.732026798665409 0.724012284358623 0.716014572872794 0.707982209795154 0.695641169743085 0.685192612805545 0.68093799977353 0.676751568544957 0.670398320963823 0.66423706107958 0.661564599610706 0.659614673632972 0.656775711022654 0.651740433312644 0.646788333997157 0.644086552205522 0.640637527951703 0.636028396438252 -9999 -9999 -9999 -9999 0.624569701651123 -9999 -9999 -9999 -9999 -9999 -9999 -9999 -9999 -9999 -9999 -9999 -9999 -9999 -9999 -9999 -9999 -9999 -9999 -9999 -9999 -9999 -9999 -9999 -9999 -9999 -9999 -9999 -9999 -9999
0.766861344027966 0.757728096408693 0.748511696117588 0.739010852167398 0.730419499725287 0.72202824386223 0.71154670544767 0.702039152899221 0.692922759328691 0.68184598615788 0.678564913580289 0.676954014176431 0.667759405497922 0.660427233771022 0.657741565135165 0.657128884789605 0.654839306643098 0.650600773679753 0.645805045784924 0.643742823675713 0.641700686632727 0.63694540269583 0.633038014975588 0.627447361638878 0.625693398091618 0.62346437247158 0.624195081383686 0.620480587182698 0.618142902935138 -9999 -9999 -9999 -9999 -9999 -9999 -9999 -9999 -9999 -9999 -9999 -9999 -9999 -9999 -9999 -9999 -9999 -9999 -9999 -9999 -9999 -9999 -9999 -9999 -9999 -9999 -9999
0.76599607460207 0.756864658122226 0.747881553648303 0.737291687540793 0.729506924990698 0.720685330708911 0.708595338079788 0.69949121669634 0.689258405478222 0.679302384626319 0.677450841615471 0.67524193157971 0.666414329266024 0.660499572545556 0.658559240733622 0.656857210095892 0.653060942807888 0.648513140077704 0.645436669960435 0.643316980578917 0.640129191307674 0.635301597822414 0.630356111882786 0.626449834352111 0.622900733506693 0.62162839256024 0.62016905033116 0.618103325436901 0.61808254785391 0.618566061346835 0.617070216933718 -9999 -9999 -9999 -9999 -9999 -9999 -9999 -9999 -9999 -9999 -9999 -9999 -9999 -9999 -9999 -9999 -9999 -9999 -9999 -9999 -9999 -9999 -9999 -9999 -9999
0.764569054041452 0.755479137349922 0.746759031129029 0.737229059678097 0.730281760183124 0.720811182886922 0.70870922015498 0.698966310400398 0.690719298578921 0.681635013426016 0.676229938843123 0.674043689231636 0.666422400883059 0.661923201105108 0.659241413192148 0.655559000928634 0.650900565892993 0.647690526168463 0.644595887885361 0.642409791782689 0.639687394591356 0.634645401068415 0.630106585858591 0.625051457535204 0.620067200859103 0.618377425795377 0.616508883567459 0.615846890805663 0.616726259308982 0.617027199753944 0.616356185785281 0.613088388725628 0.610254736329311 0.609719508333133 0.609286189394696 0.609507781449707 0.608564521447698 0.608211930732795 0.607814872773909 0.607480063232193 -9999 -9999 -9999 -9999 -9999 -9999 -9999 -9999 -9999 -9999 -9999 -9999 -9999 -9999 -9999 -9999
0.762914679112349 0.753703661846794 0.742550929489055 0.730561008563054 0.722487042133857 0.714965918656498 0.704189571870449 0.69637854464546 0.692329773526515 0.685187723874663 0.675470247846621 0.669277117440617 0.665395599120324 0.661375359820126 0.65868474675365 0.6552816677479 0.652619772152935 0.649445317827372 0.645055382232329 0.641088248065577 0.636940573807123 0.63135613255339 0.627261986757534 0.622483440804978 0.616236383351733 0.613438618175026 0.612165653218577 0.61089067048953 0.608747697857171 0.607816912248361 0.608792857202092 0.610117909549627 0.609959751111347 0.609288965885446 0.608997632608364 0.609163969382573 0.608222928343357 0.607846239777212 0.607454149016364 0.607217999843921 0.606662790938537 -9999 -9999 -9999 -9999 -9999 -9999 -9999 -9999 -9999 -9999 -9999 -9999 -9999 -9999 -9999
0.761248463729004 0.752728792068497 0.743012372271595 0.731981199959356 0.723464723467011 0.714161766705975 0.703398195061993 0.697719900827574 0.692051322254447 0.680051570280949 0.668322497283038 0.66544850116027 0.665131020659264 0.662075741673436 0.658995353233323 0.655472884806825 0.651331469887508 0.647205873695942 0.643087892717965 0.639252781084363 0.633947163085394 0.627042457303269 0.623276244570923 0.621118929991611 0.616461145598704 0.612374860390376 0.609138876016201 0.605983448090133 0.604163893545033 0.603912603833581 0.604016322249512 0.606608428525058 0.606650139584692 0.603899059636852 0.604932708406206 0.605078157847282 0.604294002075274 0.603923359701167 0.603594868055187 0.604338847256398 0.605287458369533 0.604660794601422 0.604238098776172 -9999 -9999 -9999 -9999 -9999 -9999 -9999 -9999 -9999 -9999 -9999 -9999 -9999
0.762182105803171 0.751867773764897 0.739222936160615 0.725109289236105 0.717781730731085 0.713153664491896 0.701042400755132 0.690919580823901 0.684655478094981 0.673992880752282 0.658089858016121 0.655299967590313 0.659395144554945 0.658885289534732 0.655931120719033 0.653659295459237 0.649640372790278 0.645231443831604 0.641701475989622 0.637225694724825 0.631715869997996 0.625674725068845 0.621107654349061 0.619152682299217 0.614435538545342 0.609372327260182 0.607495954932522 0.604945217323714 0.605040200962201 0.606480531542243 0.606840212926939 0.606860867656611 0.602427364653358 0.59238730911566 0.590518430967343 0.594633533934974 0.597614924639541 0.599929853637128 0.599614287338213 0.6004874317191 0.600289990350151 0.601730962127381 0.603953315134613 0.604124140237416 -9999 -9999 -9999 -9999 -9999 -9999 -9999 -9999 -9999 -9999 -9999 -9999
0.759897078128565 0.748793802481423 0.738447572537854 0.721031249853415 0.711218807914982 0.706875357745937 0.695673447992315 0.691618120792976 0.682740518661026 0.667693130427186 0.658697123946762 0.655934653995937 0.656875498152701 0.652766415238731 0.651408317065348 0.649831264654964 0.646360460233892 0.643753008000955 0.639887523224318 0.635515567565607 0.630300109111884 0.62533249729236 0.62002984081723 0.615531691761569 0.613921160441125 0.609755574574981 0.605093420208256 0.603503502825848 0.606080840740853 0.605474630466418 0.602313349236249 0.603880909612699 0.599322862880738 0.589790987564697 0.567489097556783 0.557832033725625 0.583377327375289 0.590094783357241 0.588090138817616 0.590581165301074 0.594589915562706 0.598505333401028 0.599540175322019 0.599878736993587 0.600929703388078 -9999 -9999 -9999 -9999 -9999 -9999 -9999 -9999 -9999 -9999 -9999
0.755194161891398 0.74302790044597 0.734606652305974 0.720144244927887 0.704437109927735 0.696843621333821 0.691485986761984 0.684063483778835 0.674306272587087 0.667208598607968 0.661920005027712 0.654961402061485 0.646486483852145 0.644037769461391 0.644933810150728 0.643405790280499 0.64251948445266 0.639981958044688 0.636503571003649 0.632437401467627 0.627009475951861 0.620745921988409 0.615479744696834 0.611618160068778 0.608126781694738 0.605072663705932 0.603050576998153 0.601751743208229 0.601097425449614 0.598940777371631 0.59776087254906 0.599887805269066 0.596473967605875 0.588452193055154 0.574535565298691 0.545736533756722 0.555516458431449 0.580015142350199 0.575301756399935 0.586430837393553 0.592007604509173 0.587422724788103 0.58280419253883 0.58936055874906 0.6008503359539 0.601708290896125 -9999 -9999 -9999 -9999 -9999 -9999 -9999 -9999 -9999 -9999
0.750876252229357 0.737026872326381 0.730088988392383 0.718429010504539 0.704478056809053 0.691482348034176 0.683414613974585 0.678692033315574 0.672216819348146 0.66435334229917 0.654434131414659 0.644111430333163 0.632832874692056 0.629790805754822 0.632485296555298 0.634315322098802 0.636447213751484 0.635496368922698 0.631914927126111 0.627626673979021 0.622401786873231 0.616512803646595 0.613269144421459 0.610271443188047 0.603342747243668 0.600566127340064 0.600953568819354 0.599755331523266 0.597399460773848 0.595615902833652 0.592089187861917 0.591183128288987 0.593043953303547 0.588540631186871 0.580212601453709 0.545424626814849 0.540279452939316 0.580361176782417 0.587705702662992 0.588238180082655 0.585468170732408 0.579637532901005 0.574217568638996 0.585562467160891 0.599520446383633 0.599746492244628 0.601946774713686 -9999 -9999 -9999 -9999 -9999 -9999 -9999 -9999 -9999
0.754187625489427 0.741188044032534 0.725407954837382 0.711194464492554 0.702742772026131 0.690124034042347 0.681729235019383 0.67510578878974 0.665882337772804 0.657325433095043 0.65037022259432 0.644611663127179 0.632630970568062 0.631866477219237 0.628531909917314 0.624961429343168 0.628508656705459 0.62953319922462 0.626480730446628 0.622494611162778 0.617995747235326 0.610162440533044 0.60838444599344 0.607427391659639 0.601276589985661 0.597383130021518 0.597594653198352 0.598304219071381 0.594695439857023 0.592225272497138 0.589693497571928 0.58646525073247 0.583932199066458 0.581903970769774 0.57791264602632 0.540025730728026 0.531509904106777 0.574513590676834 0.583628993667404 0.58172699789286 0.575417259311864 0.57330081228751 0.57826678106218 0.588017245265121 0.592332350330894 0.593749703169467 0.599649809887824 0.601688810444738 -9999 -9999 -9999 -9999 -9999 -9999 -9999 -9999
0.757467430437124 0.747762751343978 0.737942148525753 0.72288204661821 0.707584997753942 0.692394266055484 0.675966387926697 0.664477666662427 0.659247169412254 0.655193956883577 0.648349142496773 0.639246386389575 0.630255241356894 0.62908782467189 0.623457834034736 0.61932128700655 0.615024846284874 0.612726857543758 0.61619435264076 0.616324024202157 0.609078769666231 0.603562693812002 0.602928482146666 0.602566922453975 0.598767051963718 0.594065614084501 0.592216307428216 0.593239638615872 0.590845597238361 0.588391784270608 0.585618425905836 0.580228627523378 0.561786315878209 0.544669767475191 0.542586689309946 0.526072846612772 0.532952814363079 0.567477015437491 0.576011479444961 0.572654439061946 0.568538963400961 0.561214877523795 0.567952069175117 0.58272906733732 0.573109486871462 0.568471232369026 0.588388345817216 0.599145026700058 0.599932361521451 -9999 -9999 -9999 -9999 -9999 -9999 -9999
0.756068532562246 0.746886003885417 0.737292317215535 0.724601370582019 0.715609806337083 0.705698411978912 0.689243627399003 0.668333448065001 0.655383135026011 0.650089782601375 0.638218106564719 0.632374004034387 0.6297231549806 0.624417264088613 0.621908313474218 0.615700271730884 0.608158139352033 0.608913052952238 0.613029226686917 0.610135220242427 0.601261509694508 0.597691240255112 0.595629042319391 0.594875994426309 0.593956390021928 0.592121270603542 0.589924717340154 0.587797626942749 0.582690737872866 0.580718069899613 0.579558502281432 0.570878306623057 0.558882046414022 0.554706080724796 0.556655280637453 0.536434102724499 0.538109256623778 0.565236830293696 0.560503943527544 0.554686562568449 0.554282026205601 0.530094049518036 0.532386741826201 0.564123048435346 0.559910985712623 0.570156229015863 0.591468990883712 0.597176224930858 0.598791208951491 0.599864046271199 -9999 -9999 -9999 -9999 -9999 -9999
0.751365032520504 0.740223039135196 0.731909422828541 0.72093862543786 0.709173798946139 0.699667017431311 0.690172901033013 0.678859489767035 0.663391626720234 0.647807976013292 0.637410631864272 0.634974937424535 0.635511082003206 0.630718071062523 0.619487545868699 0.608753296114264 0.607518769568508 0.608953507626871 0.607258655080391 0.605492790809213 0.598715307887543 0.592903987620494 0.592044584246074 0.592112196966746 0.588791057645238 0.582854174259967 0.584329377392538 0.585165860691296 0.577902424685491 0.575910208804224 0.576874680731595 0.571557676797539 0.563339956477087 0.556190266270046 0.5531549867461 0.545230858893282 0.541820981851367 0.55597544037023 0.553564493714255 0.530852892487963 0.519105244240901 0.538156632112115 0.553325534312738 0.566121653048189 0.578027356977625 0.58398010572769 0.590591315609941 0.594905987414578 0.597044297173081 0.60046108251624 0.600479015628166 -9999 -9999 -9999 -9999 -9999
0.745811761113963 0.733270437475609 0.725277754454499 0.715264356548583 0.700120243577457 0.689529930952562 0.683838206020809 0.674350501197516 0.658511113775858 0.646017032804698 0.641274827109823 0.636488904284885 0.63095631531233 0.623040614950646 0.615494540950871 0.610791467021716 0.608492938678325 0.60578897722967 0.599404183450348 0.593567028117177 0.58922679751983 0.587043853196581 0.585557014151292 0.582835115884158 0.577655368340373 0.574943962790386 0.578808853753203 0.58098775667998 0.577883945633389 0.573587883001639 0.571117573065845 0.56938718338777 0.563321437397408 0.556244051397559 0.548638732444366 0.538614389590264 0.543064897214431 0.551996293287193 0.543465123909476 0.530628701942581 0.533819406746329 0.548819544351628 0.555280977823988 0.563910515352819 0.574916819456956 0.580789691150117 0.586787693038823 0.591376350793094 0.594509509492415 0.599458487473455 0.600274848875543 0.599396615002914 -9999 -9999 -9999 -9999
0.740271158425423 0.725993258903879 0.717287072398186 0.708108664312092 0.691714974810031 0.684501461029513 0.679855297240443 0.670592217781718 0.655227695940632 0.640212331807126 0.631944504210727 0.625827065474373 0.620975628477138 0.615083872313029 0.608803665321082 0.603528195738436 0.599180266014872 0.594392453611625 0.589246609890969 0.580707414356757 0.576975915224897 0.579403176477125 0.579339783781098 0.576650831407879 0.572124193090854 0.572756745579694 0.574914803012416 0.57091468548876 0.571935674936316 0.571945174723122 0.570011231147605 0.566277102333741 0.553870590900952 0.543608437168497 0.528219244672839 0.523033291676559 0.541697626906682 0.548530911351249 0.538144922713253 0.533122582549472 0.544083470822773 0.554664557644863 0.556544959013435 0.560738854804024 0.572913677899784 0.578094439650435 0.583644477726539 0.58994660189071 0.593208189775254 0.597500339610321 0.597569169779862 0.598079304719182 0.600811665998609 -9999 -9999 -9999
0.73517401781715 0.710897460583536 0.698400541617213 0.701436386796458 0.684435272748758 0.677680912456932 0.674830424149047 0.665971576282968 0.652735383369528 0.637407863034868 0.624583691582874 0.618374706817105 0.610796976133443 0.598563694643029 0.595652471823235 0.594114731155625 0.588599953130817 0.584213908472551 0.578148233339114 0.567603118745773 0.563121028629734 0.568639982842032 0.570467408982797 0.570345493383663 0.568832305716295 0.570177082013233 0.567805790272241 0.558516826665457 0.561348606640563 0.570266888643231 0.568004977147321 0.561566074495235 0.548976058948623 0.538848652473694 0.52774309533777 0.522660581153671 0.538371996630644 0.545843533801937 0.542748243075761 0.527894695556096 0.516923581093584 0.537029612994382 0.55996982845602 0.569271441783339 0.575978816202913 0.583380254815017 0.588994620287192 0.590664037828735 0.591372886060187 0.590511669473458 0.590800311019885 0.595988567223343 0.593930966194754 0.594112148658915 0.603499826552476 0.60388473907907
0.728861989726436 0.716537471030241 0.704938194905367 0.691936349168487 0.672701001260594 0.667421205905473 0.664914677874615 0.655452134817379 0.640857637665072 0.626294433539914 0.619277977043575 0.612412907109673 0.59717740634419 0.585767405638957 0.583806608341467 0.579683923204171 0.571878745763055 0.56874462095464 0.565905228658271 0.56620495946314 0.56831681439791 0.560073792515613 0.5595482432235 0.558512549802994 0.560732745641474 0.565378414630465 0.559342391973168 0.552067017909518 0.554865155201935 0.558621315972747 0.559102311909307 0.552986679093815 0.542171588753089 0.528851710943569 0.51076151833624 0.506016028751813 0.524802753542855 0.53563745402166 0.528358725109766 0.526744544958931 0.536429518011177 0.549313148747794 0.563043734647753 0.569324042037103 0.573588926873588 0.578013409098526 0.584245969921969 0.587884023595453 0.585973765746361 0.586716851005782 0.591355993897231 0.592368293815433 0.58854584126336 0.59447429775541 0.602938774789227 0.60316941959612
0.722267062722346 0.711017107070676 0.697907913872285 0.681588043809955 0.663162923490274 0.65785616370185 0.656143897040462 0.648134807720763 0.633172928914571 0.613371943399609 0.606589970779839 0.59745968436703 0.576783921942666 0.566949050799517 0.567443898414641 0.559913448947251 0.55304691128345 0.550486088620205 0.55252781923129 0.557109222621211 0.552149352260942 0.543421992475521 0.542405361397503 0.54054748247227 0.551112321618971 0.55583037751491 0.554512134845519 0.547705231557772 0.54214025564217 0.550620450964389 0.550557952135603 0.53715179979175 0.52623694597289 0.519428639016825 0.501052638889293 0.497465338559032 0.5135226080229 0.526034020178933 0.526766710123173 0.526463051736286 0.539353442446102 0.552732656695453 0.558150681555841 0.563924656387104 0.571555678608171 0.573671317836236 0.576121396952382 0.58135567655358 0.580715886519878 0.58829370012356 0.591837130641409 0.590277343048851 0.593816047882915 0.597754865679098 0.596932249736577 0.59542457116084
0.713744767807437 0.704506836030351 0.690931760256136 0.675751462309726 0.659050063305892 0.652227120782248 0.649382805649415 0.638124166605807 0.623306714164404 0.605247096969181 0.596514124675996 0.592119744175646 0.576348403831422 0.561652449081886 0.557104862696598 0.548263541403654 0.544976493359385 0.543761583555483 0.543946071013513 0.549358602869261 0.549100472114917 0.543199387047601 0.539923625262858 0.537939169189625 0.54346077783539 0.546373693662883 0.55141702550565 0.543753549194965 0.534745881678033 0.543307353037914 0.544470635081506 0.533491269471504 0.523047896150142 0.51321017709768 0.497747603437937 0.496957596886648 0.510704625340995 0.52487709174706 0.52615850589426 0.525305808544289 0.52832020087731 0.538320177961407 0.553967954578621 0.563713339016902 0.571924130899495 0.569847605375074 0.571122701261837 0.577753705002867 0.579189187910075 0.586591962825286 0.589210187382225 0.590395400608379 0.594140876876653 0.59425091141273 0.591173967895498 0.586940189584841
0.700240840181634 0.685748642040294 0.674985444303596 0.667479265499438 0.658738896282177 0.653319688138459 0.639430624170691 0.625709245725475 0.614645845674664 0.597523193062786 0.581797270345806 0.572821930700739 0.569841931016187 0.567134262194177 0.562619322243489 0.557918736460976 0.556561118681832 0.556637658486675 0.549699554004423 0.545091791373663 0.545411384262593 0.545338411785062 0.545090015523872 0.543775799430007 0.543294515333387 0.545233027714479 0.546180352603522 0.544662799722567 0.537478660828778 0.529060313740466 0.523723666785732 0.514620041759487 0.512992356749581 0.508787025776142 0.494379159641562 0.49318627545836 0.510544362523223 0.523323863640822 0.527064250964031 0.528754567427136 0.532932470704489 0.543895297877617 0.55227483987533 0.559657080085267 0.566061361309998 0.557913191055472 0.555818366295369 0.566504621557271 0.565363699887402 0.571334608191169 0.579161517185999 0.581453446106307 0.583323809052948 0.58400049101779 0.576369929526442 0.568260400593449
0.686389923316697 0.672519474513479 0.664375486651635 0.660889178977547 0.655235049977653 0.648689196941583 0.636733866700954 0.622632071275374 0.603831761710554 0.58185404885535 0.572330648290709 0.570126626415112 0.566861134092537 0.563153718601485 0.566833392250078 0.564073572551219 0.561471527020384 0.556729783328654 0.549261343421119 0.545466971750726 0.54082867620979 0.537186728682665 0.540262811085045 0.542180659966996 0.541137209772068 0.536136294026188 0.533669896079718 0.538115322020278 0.540701450242863 0.534208002966623 0.517563794312592 0.503450961968736 0.503596484804345 0.503652420200089 0.490747461544016 0.481252583287587 0.493908792754755 0.509806749605618 0.516338354801411 0.530521026513342 0.538192646732593 0.544305632987757 0.553525068035816 0.558610512259056 0.553844244821832 0.537349512687727 0.546020690097073 0.562395849784808 0.556379750978506 0.561349542215198 0.577166326486495 0.578521284415327 0.56155470792325 0.543978075269451 0.540428297331607 0.550864643619313
0.677952454632484 0.667744771265299 0.663043566266889 0.656129990955379 0.651436726072161 0.645413769342649 0.634430254838009 0.622642662947092 0.609379249753669 0.593940262540157 0.581777936976638 0.578968622317346 0.576309456604175 0.57081595739799 0.56470816723094 0.556287143610082 0.549257298700831 0.543476227398799 0.538814838056717 0.529455826801396 0.520301735745257 0.522384908155094 0.531210248694843 0.532824162820949 0.530540714535809 0.530388614180781 0.52910225652243 0.53102128364035 0.530184553442105 0.527449749863201 0.515040054765686 0.502918137493468 0.509756386210107 0.508774145978639 0.498521028472765 0.498305369468617 0.494154666709871 0.494868249342216 0.511402676173692 0.527710084621005 0.533361503215346 0.537655856622788 0.544754854677097 0.54989559585155 0.537497706806305 0.53337572495667 0.545323825025737 0.545676055917198 0.553922059753993 0.567270266845765 0.576625834091218 0.577136911692537 0.568712205205204 0.558969164321599 0.550675726366557 0.550341397055383
0.663922348519881 0.656257784689158 0.655473052214197 0.65087863073037 0.644471896715141 0.633443343501087 0.622513440177349 0.614070387705693 0.603281860837028 0.586471038158083 0.570683420270125 0.566869774274997 0.561671107336964 0.551472926156665 0.545496063661723 0.538263327343953 0.53327997622478 0.527948248283131 0.519927309919507 0.511419933883666 0.507577352399057 0.515482055916148 0.521572925854126 0.516207858010372 0.515106414620463 0.516707524875774 0.519000069973127 0.520885926202198 0.519939764715495 0.52172011208394 0.521622945761195 0.522504143318792 0.520269930997199 0.511774519987024 0.509682755502389 0.505904334538296 0.494854523586941 0.493923078098648 0.503270922688648 0.507868683911725 0.516100203665234 0.523035244090938 0.530854511609634 0.544854392933608 0.545702857149439 0.550783947980366 0.554971184254907 0.554192931462886 0.559051843459345 0.567589679773478 0.569994301498542 0.570947961329986 0.568184556049705 0.554718064224518 0.538356509051779 0.537555319160973
