layers/veg/veg1000.asc
NCOLS 255 
NROWS 330 
XLLCORNER -2985163.8955 
YLLCORNER -3022031.214 
CELLSIZE 25000 
NODATA_value -9999 
[rows 150 to 174 of 330, columns 57 to 113 of 255]
-9999 -9999 -9999 -9999 -9999 -9999 -9999 -9999 -9999 -9999 -9999 -9999 -9999 -9999 -9999 -9999 -9999 -9999 -9999 -9999 0.644740826251437 0.659987448207598 0.578054803656262 0.443005230818641 0.210463675553908 0.0341784387037478 0.00975363519983366 0.0256419268088946 0.0683310304159199 0.0674404726446165 0.061090738582681 0.0495745733170078 0.0377591323275469 0.0257034871241776 0.0116280486550622 0 0 0 0 0.0428469792925145 0.0892873675684201 0.103982697828397 0.104498894394816 0.0885639326945915 0.134117332249994 0.199420140199872 0.287496393839608 0.338447166118582 0.337492188232697 0.367389842093745 0.406508001422576 0.41167371151075 0.414517336980606 0.413425335559337 0.419794500137869 0.429454189000887 0.428576941145301
-9999 -9999 -9999 -9999 -9999 -9999 -9999 -9999 -9999 -9999 -9999 -9999 -9999 -9999 -9999 -9999 -9999 -9999 -9999 -9999 0.637788147909449 0.631873563477474 0.57644052756831 0.493941347506281 0.277910313358572 0.0993559513999884 0.0283535978131624 0.019578660270979 0.0521735375211806 0.0511071077140952 0.0435103827407286 0.0244632073460631 0.0209455467243487 0.0298921609900351 0.0149287157498498 0 0 0 0 0.0242336970390996 0.0528644567714314 0.0774970220839808 0.108387898106804 0.146539898977003 0.182066418559743 0.219100020137289 0.27655986061547 0.311417043025559 0.314673074965877 0.356469184861728 0.409579115606838 0.416632972453157 0.420728330348499 0.419809423071516 0.422808670073186 0.427611478243901 0.43740479808777
-9999 -9999 -9999 -9999 -9999 -9999 -9999 -9999 -9999 -9999 -9999 -9999 -9999 -9999 -9999 -9999 -9999 -9999 -9999 -9999 -9999 0.609798562290719 0.579953945988995 0.533796649001334 0.32480456503864 0.141929440216148 0.0405029614133051 0.0129701000014717 0.0345629368769066 0.0390886920676994 0.0368172220578514 0.0174992456128867 0.0181421526385317 0.0348060327731626 0.0177651337751484 0 0 0 0 0.0101892867612859 0.0241007256583267 0.0473877495904709 0.0843095165612149 0.13705081951355 0.18449508348779 0.230161912951515 0.273174197176543 0.301017596268689 0.307653125910315 0.353524694433352 0.410821589767955 0.419574176313525 0.425115584701725 0.425214470018784 0.428700471682394 0.433753728220713 0.444253928607697
-9999 -9999 -9999 -9999 -9999 -9999 -9999 -9999 -9999 -9999 -9999 -9999 -9999 -9999 -9999 -9999 -9999 -9999 -9999 -9999 -9999 -9999 0.590032988196199 0.559463807329911 0.34538304557007 0.155560191392972 0.0443928223759669 0.00566333247941654 0.0150917420048264 0.0325952416098044 0.0440642887782481 0.0337716581852412 0.0332777458549601 0.0406484654694928 0.0200071160889642 0 0 0 0 0.0019949704136097 0.0051439930380228 0.0126387363775134 0.0244210200439447 0.0411778674614159 0.128638302414179 0.230189127090432 0.279456849622502 0.311912468811586 0.320862807964381 0.360793080455211 0.409722629116073 0.419931411187818 0.427167679611474 0.429365929801271 0.438276862327695 0.450120114608139 0.448569450067066
-9999 -9999 -9999 -9999 -9999 -9999 -9999 -9999 -9999 -9999 -9999 -9999 -9999 -9999 -9999 -9999 -9999 -9999 -9999 -9999 -9999 -9999 0.581124083633437 0.580108276225197 0.380695938450898 0.195847527582717 0.0664365104660158 0.0118771839557356 0.00708049864307469 0.033959134332528 0.0547685222256752 0.0469694133109161 0.0431685190641813 0.0425766656284251 0.0204474035154233 0 0 0 0 0.013113613281713 0.0247680794307238 0.0116038373879306 0.0365754360339627 0.105793655408907 0.192185032355298 0.276960907510033 0.30317055624558 0.318755004880179 0.319484185335701 0.358713975965788 0.409612393301237 0.421042255036958 0.429433002371561 0.432672851987844 0.443902173537361 0.458607674675132 0.455438375685805
-9999 -9999 -9999 -9999 -9999 -9999 -9999 -9999 -9999 -9999 -9999 -9999 -9999 -9999 -9999 -9999 -9999 -9999 -9999 -9999 -9999 -9999 0.587823092948396 0.596975005441692 0.423630620180943 0.252505019483094 0.104003410539473 0.029273437035843 0.00358806620210878 0.0365957678972114 0.0638919531005787 0.0560232433872273 0.0490695957242702 0.0428503937347225 0.0203943751419302 0.000272882713869996 8.98836072046357e-05 0 0 0.0299008129250327 0.0561104463324164 0.0235809796175921 0.0717442495421906 0.21353023366878 0.287317321019411 0.336270907924528 0.332790438505966 0.326157232029224 0.315116131672609 0.354521091508404 0.409746180085165 0.42273776840043 0.432477989574596 0.436707572655524 0.448946617646418 0.464678108982516 0.463544077479785
-9999 -9999 -9999 -9999 -9999 -9999 -9999 -9999 -9999 -9999 -9999 -9999 -9999 -9999 -9999 -9999 -9999 -9999 -9999 -9999 -9999 -9999 0.580102113445634 0.577312859051688 0.502309570497439 0.40586343485536 0.261717708765263 0.131449806847127 0.0104081118359815 0.0236477866492631 0.0395902916948164 0.0259288450320935 0.0264034096324025 0.0382237975098633 0.0214145376856286 0.00393232714898738 0.00129525151610774 0 0 0.0399067832253343 0.0788008711328458 0.0623982385289207 0.104812560420836 0.215468500459895 0.297576754719771 0.364501261130254 0.366093749074354 0.356689150513234 0.331909343234021 0.361426433046697 0.408959712053925 0.428679542230067 0.444347297399669 0.453147320345053 0.462561672936649 0.472216772252191 0.476801080983897
-9999 -9999 -9999 -9999 -9999 -9999 -9999 -9999 -9999 -9999 -9999 -9999 -9999 -9999 -9999 -9999 -9999 -9999 -9999 -9999 -9999 -9999 0.57946644290089 0.57370432522305 0.552868722283282 0.499137583593045 0.363318609431011 0.198702241911803 0.0149408912739794 0.0139384514776867 0.0231114312857675 0.0129412207730104 0.0153246627057674 0.0277838975534658 0.0168910905403163 0.00471839998229367 0.00155417250374054 0 0 0.0415998523489225 0.0853498440413667 0.0903778461120216 0.130435331404744 0.211135325960697 0.296941727851121 0.377106684729445 0.392868485251785 0.390076885570394 0.361345469881625 0.379124421870289 0.413058150373314 0.436059306928049 0.454761567862658 0.466177768215654 0.476272326760174 0.485734770199914 0.490206474209003
-9999 -9999 -9999 -9999 -9999 -9999 -9999 -9999 -9999 -9999 -9999 -9999 -9999 -9999 -9999 -9999 -9999 -9999 -9999 -9999 -9999 -9999 0.58777550785772 0.594864082412769 0.559922519636786 0.499452769168345 0.378104049929386 0.211922349622966 0.0159349424232889 0.00923976548554407 0.0187355640629849 0.0264202253353029 0.0221733432212989 0.00834998439360513 0.00379088548928622 0.00105895554717632 0.000348804594837446 0 0 0.0304316731367626 0.0669256797901553 0.101590055389097 0.144538786142218 0.197099333859899 0.279451410647183 0.365538105098435 0.409542582105399 0.427882977753164 0.410341996340883 0.41352018130196 0.424714238222846 0.445663849386427 0.462924687198772 0.473933541133414 0.490130885202205 0.508503654997145 0.503841447578467
-9999 -9999 -9999 -9999 -9999 -9999 -9999 -9999 -9999 -9999 -9999 -9999 -9999 -9999 -9999 -9999 -9999 -9999 -9999 -9999 -9999 -9999 0.607289669030727 0.606709506231957 0.570274639632382 0.512906476898268 0.405746521774079 0.233335715199953 0.0175450639992585 0.00455078985929505 0.0100886155905469 0.0175103911567629 0.013965439847714 0.00161839134587765 2.28755036343167e-05 0 0 0 0 0.025912292852188 0.0563998536540932 0.0818664600371121 0.124804637126803 0.18801398035924 0.256620598411647 0.32536590190152 0.381589911296468 0.414636537712518 0.415278481245469 0.426778296089758 0.442425248064176 0.462228197962817 0.479866490574353 0.493835974839289 0.4963538248813 0.493645138290645 0.482582291614667
-9999 -9999 -9999 -9999 -9999 -9999 -9999 -9999 -9999 -9999 -9999 -9999 -9999 -9999 -9999 -9999 -9999 -9999 -9999 -9999 -9999 -9999 0.572434837952659 0.610367303098562 0.580382432129107 0.530477033303527 0.436335732147465 0.257006031791006 0.021041675500065 0.000842419763473938 0 0 3.64863242868196e-05 0.000102257245175066 5.32216259664886e-05 0 0 0 0 0.0238040221311892 0.0485773366629449 0.0496526711188464 0.0913326925033719 0.180123781846431 0.232261203730166 0.27605117689434 0.337451260427475 0.382066763676238 0.403215467332652 0.431962350332666 0.46278886703457 0.481841987629504 0.500162621978312 0.517241788834985 0.498481614736698 0.463686768904478 0.447645355993343
-9999 -9999 -9999 -9999 -9999 -9999 -9999 -9999 -9999 -9999 -9999 -9999 -9999 -9999 -9999 -9999 -9999 -9999 -9999 -9999 -9999 -9999 0.542242172688831 0.533479052830645 0.536671627910219 0.506234181490418 0.389327985131184 0.244079973902138 0.0799898556634896 0.0302450010698039 0 0 1.44178253287391e-05 4.04076630998079e-05 2.10308964220195e-05 0 0 0 0 0.0116479022353934 0.0233626551672237 0.0210766221783844 0.0592626586819879 0.144405895462313 0.229807658845114 0.311671609146507 0.360665601077817 0.399197188429348 0.423101114715298 0.455232889528997 0.489490902164118 0.508755345580184 0.512984085083284 0.49172929130769 0.467187653771343 0.441273507276961 0.430730978320313
-9999 -9999 -9999 -9999 -9999 -9999 -9999 -9999 -9999 -9999 -9999 -9999 -9999 -9999 -9999 -9999 -9999 -9999 -9999 -9999 -9999 -9999 0.472462173286096 0.476703409623006 0.505221521755613 0.488956608298676 0.356768531580417 0.236319265997867 0.123674156098381 0.0519670692378809 0 0 0 0 0 0 0 0 0 0.00294217844377206 0.00546936587788748 0.00191110093766832 0.0372954419625161 0.117862442795272 0.230558489835754 0.344319347523198 0.385721242247385 0.420161167818407 0.444867449049355 0.472579231706059 0.500453517825509 0.511887400667422 0.504544220761022 0.465376398244432 0.440938417946815 0.423232685802667 0.417600257937197
-9999 -9999 -9999 -9999 -9999 -9999 -9999 -9999 -9999 -9999 -9999 -9999 -9999 -9999 -9999 -9999 -9999 -9999 -9999 -9999 -9999 -9999 0.466914376294461 0.462575461666075 0.496876910837568 0.484805221818617 0.351437134221359 0.238292748499277 0.138593414077288 0.0592150790122336 0 0 0 0 0 0 0 0 0 0.000738785133765157 0.00137336544296248 0.000479880125851195 0.0343671568927929 0.108608367408114 0.237348021978951 0.371364993439946 0.414246845743159 0.448349546496612 0.470177970114824 0.478761323259581 0.481754928256899 0.470203183699872 0.456037021200807 0.437439765417647 0.424196052946443 0.413431802593124 0.411599904441067
-9999 -9999 -9999 -9999 -9999 -9999 -9999 -9999 -9999 -9999 -9999 -9999 -9999 -9999 -9999 -9999 -9999 -9999 -9999 -9999 -9999 -9999 0.450729009138884 0.451658043160107 0.47780586816313 0.465864207286421 0.35490038906046 0.263743846594893 0.185755508464877 0.0866334314719338 0.00820425308825627 0.00252755703667275 0 0 0 0 0 0 0 0 0 0 0.0404803709321238 0.127927573780037 0.268156515582889 0.409286764253815 0.423825130472533 0.441250641417824 0.462712717206841 0.466263741910656 0.462698596009736 0.447367222852296 0.433803796790852 0.423236807671539 0.414146332647047 0.405778863225341 0.405328855856375
-9999 -9999 -9999 -9999 -9999 -9999 -9999 -9999 -9999 -9999 -9999 -9999 -9999 -9999 -9999 -9999 -9999 -9999 -9999 -9999 -9999 -9999 0.447321377429462 0.442980212388778 0.453324144018715 0.439462933064243 0.362799887262143 0.301037643412676 0.249181699008396 0.124226211167949 0.020546937405815 0.00633007729813712 0 0 0 0 0 0 0 0 0 0 0.0511543441130979 0.161659860816754 0.311080776354812 0.452694725515961 0.423845911934893 0.416351944508352 0.438714541055615 0.444343664587867 0.443461809374214 0.434038795585863 0.424823825067044 0.41596146042642 0.407472550356777 0.399209400656471 0.398921261873087
-9999 -9999 -9999 -9999 -9999 -9999 -9999 -9999 -9999 -9999 -9999 -9999 -9999 -9999 -9999 -9999 -9999 -9999 -9999 -9999 -9999 -9999 0.433302567554295 0.432420658910743 0.433242394610524 0.413866299459864 0.343067954969986 0.269092357192975 0.19300446891136 0.139761355362212 0.086497567873333 0.026648073137367 0 0 0 0 0 0 0 0 0 0 0.0526071675282037 0.166251127407096 0.299315130434728 0.424487928472643 0.428219644393234 0.430758640882767 0.431630076588275 0.432698030616328 0.433200185425388 0.422337780745808 0.413000035683334 0.406246387402501 0.400788630123774 0.395951893838286 0.39617881759092
-9999 -9999 -9999 -9999 -9999 -9999 -9999 -9999 -9999 -9999 -9999 -9999 -9999 -9999 -9999 -9999 -9999 -9999 -9999 -9999 -9999 -9999 0.436263969140288 0.43058796540357 0.422064085464453 0.39819006091761 0.335621380839187 0.247180067653767 0.141538200309714 0.152766406266469 0.146392996811464 0.0499149875319852 0.00466312177129011 0.000526303297949919 0 0 0 0 0 0 0 0 0.0475083625169791 0.150137694174056 0.279526106666756 0.405347808754904 0.430357461924772 0.439755206876565 0.427325684467444 0.423406916108591 0.422004887772622 0.410759455004307 0.401977500655736 0.397370817026401 0.394522842380009 0.392470193347333 0.39067696276093
-9999 -9999 -9999 -9999 -9999 -9999 -9999 -9999 -9999 -9999 -9999 -9999 -9999 -9999 -9999 -9999 -9999 -9999 -9999 -9999 -9999 -9999 0.443057455882875 0.447888170744555 0.431405713341129 0.405544952816981 0.357865857410688 0.25142195001163 0.105910224229982 0.160790268645832 0.190020783711185 0.0793632150220422 0.020167569734028 0.00227621301420944 0 0 0 0 0 0 0 0 0.0275543078913715 0.0870781486079218 0.243317529507551 0.410212303156278 0.42711916835752 0.434568114050877 0.4287937858886 0.419170135092319 0.408272254072065 0.39939989102158 0.392933976401072 0.39054667419564 0.389229588073926 0.388331971500811 0.378610014361592
-9999 -9999 -9999 -9999 -9999 -9999 -9999 -9999 -9999 -9999 -9999 -9999 -9999 -9999 -9999 -9999 -9999 -9999 -9999 -9999 -9999 -9999 0.584636655128719 0.47247304239222 0.431183660145409 0.393395606289119 0.357894964942303 0.259966322480638 0.120534512956287 0.178920979394266 0.212282522118568 0.108504324263189 0.0417501468381278 0.00471213085321615 0 0 0 0 0 0 0.00277432182986726 0.0219227797133201 0.0537539542360933 0.10030008830391 0.249331264488898 0.410317723670901 0.418416449548314 0.42257373547937 0.421220428964301 0.412383783355567 0.401179948407564 0.39587741273894 0.390708888983634 0.385767497730578 0.382822971914851 0.380696438482877 0.367023800299708
-9999 -9999 -9999 -9999 -9999 -9999 -9999 -9999 -9999 -9999 -9999 -9999 -9999 -9999 -9999 -9999 -9999 -9999 -9999 -9999 -9999 0.657159965712328 0.59315267275821 0.49415982257743 0.425069770915756 0.369230407924489 0.344237991682897 0.271161302605904 0.166117394125167 0.203278151790639 0.221381415230606 0.137456229122477 0.0670772382168986 0.00757067334339826 0 0 0 0 0 0 0.00725780242435749 0.0573513865763738 0.108387216927697 0.160516276363813 0.281356630161674 0.407491251873155 0.40634729711365 0.406385635771945 0.40807695843251 0.404026733837459 0.398178507307015 0.397183077885516 0.392684392483916 0.382248150658656 0.375730454016204 0.370906339265419 0.355733749176624
-9999 -9999 -9999 -9999 -9999 -9999 -9999 -9999 -9999 -9999 -9999 -9999 -9999 -9999 -9999 -9999 -9999 -9999 -9999 -9999 0.601354171683929 0.597655848343578 0.554876234019716 0.49073529227375 0.44490637861962 0.391943989246635 0.31917123486553 0.240339603300106 0.157479930030601 0.15431009703755 0.141528599677063 0.0750149668021061 0.0304259466289918 0.00343402485276647 0 0 0 0 0 0 0.0164307360863181 0.12983620136287 0.215222435729322 0.268099716292685 0.311033659430475 0.350552778108722 0.384375922589028 0.404270940652222 0.404692814568248 0.397346409359394 0.387703203794209 0.387051455204858 0.382387077213138 0.370921822089079 0.358373092008425 0.34540645711637 0.342315019204587
-9999 -9999 -9999 -9999 -9999 -9999 -9999 -9999 -9999 -9999 -9999 -9999 -9999 -9999 -9999 -9999 -9999 -9999 -9999 -9999 -9999 0.54797860324083 0.521308431804725 0.480060690126873 0.4529036957651 0.403275829969564 0.295303181385254 0.208974192185784 0.137034265510425 0.105935021965167 0.0729996803789136 0.0224896591842952 0 0 0 0 0 0 0 0 0.0231540475889694 0.182964023603921 0.294049712794165 0.348603672239397 0.326655459883918 0.294358138283292 0.363214921294806 0.402245815668259 0.399576641319416 0.389665111316011 0.377792936278888 0.37752836787562 0.372713038584055 0.360184770329897 0.343178993365581 0.324328503906476 0.329897878305128
-9999 -9999 -9999 -9999 -9999 -9999 -9999 -9999 -9999 -9999 -9999 -9999 -9999 -9999 -9999 -9999 -9999 -9999 -9999 -9999 -9999 -9999 0.510736835297408 0.453139199397804 0.421165117869322 0.372082288593223 0.277190311587345 0.184305270593059 0.0927544738335023 0.0737546242519192 0.0551244020985771 0.0169826636157869 0 0 0 0 0 0 0 0 0.0217898368210869 0.172183986542302 0.280686797864789 0.34058572033953 0.301642906228405 0.251010145108151 0.34637631356441 0.39770711288784 0.387471333547549 0.378726292535814 0.371008788434884 0.372040237648559 0.367281839479333 0.352710414310191 0.336334652555186 0.319278466682264 0.320829189773736
-9999 -9999 -9999 -9999 -9999 -9999 -9999 -9999 -9999 -9999 -9999 -9999 -9999 -9999 -9999 -9999 -9999 -9999 -9999 -9999 -9999 -9999 0.528487629496826 0.359364079995555 0.35488378206083 0.331559119555934 0.245075815980581 0.154693075948495 0.0617179261031205 0.0444827660503219 0.0313147586501592 0.00964741552052012 0 0 0 0 0 0 0 0.00524710158796557 0.0328977060977347 0.186289743403843 0.28700911253398 0.326615693025764 0.300876925529196 0.26881705973784 0.346090888686744 0.386563342263254 0.375583183623359 0.368682762599988 0.36336192232635 0.359983502556115 0.351187441278485 0.333209192825255 0.321139367904215 0.311810305774233 0.31293973173893
