layers/veg/veg1900.asc
NCOLS 255 
NROWS 330 
XLLCORNER -2985163.8955 
YLLCORNER -3022031.214 
CELLSIZE 25000 
NODATA_value -9999 
[rows 182 to 207 of 330, columns 116 to 173 of 255]
0.0894791975847219 0.0944468796162069 0.0986259361325885 0.105207511816104 0.11181303268796 0.120797489136172 0.130335800610652 0.140580431893544 0.151152381866193 0.160414483114812 0.173427855339434 0.187196192574723 0.201108668945578 0.214536941792851 0.231110742271412 0.243916926491883 0.260110761822761 0.281801534882439 0.300139822103191 0.313718510326211 0.334627940376358 0.357804053383749 0.374234817396247 0.407107882685348 0.432065238589673 0.438077771492229 0.449427834252229 0.45634339949209 0.478412962599427 0.482879400766124 0.503893057999546 0.508205013840522 0.49718379155288 0.482745174610292 0.476672319513669 0.471988486725817 0.469254769218792 0.456381770982185 0.449767401544039 0.436007658345055 0.42532648210925 0.413157612003078 0.412677123566769 0.413341636309457 0.411567198790696 0.470362328525013 0.533759077136456 -9999 -9999 -9999 -9999 -9999 -9999 -9999 -9999 -9999 -9999 -9999
0.0842309660328321 0.0889605518724792 0.0932767615364869 0.0995253235924435 0.10638071243997 0.114746632373432 0.124051968568658 0.133991728743185 0.144329506635262 0.153417152694157 0.166152181411646 0.179530856061308 0.192528055066483 0.206324184564846 0.223718711161406 0.239125323870719 0.255703027553532 0.275190030734492 0.292511497098674 0.303123920924206 0.322811082009518 0.351768848957781 0.370842348818943 0.401365877079508 0.423855782571655 0.421459879287643 0.43516979436812 0.4570152036169 0.473228886823878 0.481895589502439 0.494486861447212 0.505886877146846 0.495811246731026 0.481880867448427 0.469664464732503 0.465224187228784 0.465469781916364 0.459964269831277 0.449509936118631 0.433709592114648 0.42954362774499 0.416316223117997 0.41014847105524 0.415265676018442 0.43410397219666 0.494073878474422 0.527009121116691 -9999 -9999 -9999 -9999 -9999 -9999 -9999 -9999 -9999 -9999 -9999
0.0791467928655915 0.0836121372061224 0.0878270340527524 0.0937889149500054 0.100717478392238 0.108614754472999 0.117843688060475 0.127495343650496 0.137692714655058 0.146408572244163 0.158791382546 0.171724419375463 0.185838176434445 0.199874907912523 0.214755971519936 0.230254144478017 0.248088543524504 0.266861351130182 0.283376776873165 0.296686280637214 0.321981349280882 0.343623923407199 0.373923282624958 0.395829554714213 0.402512220455686 0.417962320395805 0.440962085172947 0.46406200534311 0.486306449826678 0.500432962821815 0.503198664954293 0.511153957498445 0.497812281446181 0.483831241400386 0.469180350352206 0.458261644249111 0.455667000710084 0.446812156716103 0.437179607619267 0.427358661643619 0.433482435519825 0.422208385079658 0.40619454650361 0.428292210460747 0.472205076767269 0.507534849190528 0.526849072019893 -9999 -9999 -9999 -9999 -9999 -9999 -9999 -9999 -9999 -9999 -9999
0.0743154408216618 0.0787458054017856 0.0825802003159201 0.0883744007756744 0.0947934843825192 0.102891656361569 0.111685202241982 0.121233308825561 0.131174200843523 0.139652075479299 0.151385138083872 0.16396454274769 0.177843002757829 0.19151856211921 0.204729127299732 0.219078480650523 0.238465950772169 0.258707282865895 0.271907642344813 0.292418341846894 0.319824351679227 0.345019168543233 0.35962857064547 0.376406919106526 0.388297025468818 0.421416294840098 0.447898792435637 0.465955722069638 0.492238337664202 0.510274403215666 0.517687805809282 0.520057129752905 0.507351027049012 0.492926483399504 0.481032175314039 0.467734612860143 0.463278860916412 0.439221581416965 0.42620591135025 0.427241602376814 0.435160914984757 0.433071684461243 0.414179158274461 0.44571610762991 0.485780217483228 0.511354350094177 -9999 -9999 -9999 -9999 -9999 -9999 -9999 -9999 -9999 -9999 -9999 -9999
0.0697313375787574 0.0736963677589579 0.0775862497793877 0.0828414108377657 0.0890109688347109 0.0968398386015166 0.105570886104717 0.114951728172112 0.124700206615166 0.133032247078146 0.144548832999511 0.156884269804728 0.170269050195661 0.184824497354669 0.200403265723072 0.213987820363117 0.231294326120981 0.25012345111782 0.267172874958864 0.288902413783721 0.311212696960663 0.329596527097652 0.340770098600343 0.368196747601954 0.390269600716665 0.427767131576188 0.447908620238914 0.467243280913837 0.493568799967773 0.513120426008502 0.529312569189813 0.534008474059163 0.526753846241307 0.512248491066433 0.50471500008611 0.499598028766016 0.485585710819746 0.456111361777913 0.438404173753098 0.418704025076417 0.426759108041015 0.445612706812324 0.446583981601311 0.454046546763327 0.480369590184867 0.500435889565636 -9999 -9999 -9999 -9999 -9999 -9999 -9999 -9999 -9999 -9999 -9999 -9999
0.0663623982535648 0.0702492421990937 0.0739173202890876 0.0790363923854864 0.0851884316984747 0.0925782604162186 0.101299754311506 0.110503832948221 0.119292667457729 0.126774492119512 0.138275883662052 0.151461791474394 0.165482300245446 0.179709702680404 0.195311721259165 0.208423064120886 0.225620035568879 0.245022498112897 0.264177137409345 0.285614410815148 0.30267432057767 0.314469757107433 0.329567321465027 0.365212934778565 0.398566593189991 0.428729834909404 0.445363531312629 0.46421031267999 0.494240708506814 0.512085714478852 0.530389662856331 0.547413986458771 0.5458045588564 0.539213294070599 0.541329434526269 0.512963537458313 0.486330826643758 0.4722656742239 0.459080435227679 0.425686696992361 0.429564861218761 0.458994659107762 0.445165035419891 0.445297836893784 0.470032971996197 0.49815351702118 0.513269120867346 -9999 -9999 -9999 -9999 -9999 -9999 -9999 -9999 -9999 -9999 -9999
0.0623286906880017 0.0659667424421642 0.0692625156668996 0.0741257615153226 0.0800633130158301 0.0872650346885139 0.0959013722473325 0.104605057109154 0.112455464580534 0.120110149247955 0.131357718514247 0.144015789721067 0.15780832968587 0.1723224725297 0.188326215524192 0.201447059192911 0.217952154233545 0.237686778778161 0.256331170723534 0.276813393357781 0.293057825896958 0.309074616506389 0.32966283865493 0.365258446911066 0.400003037156296 0.423870696118799 0.440681599792924 0.456215390567909 0.490422097315802 0.506354702778319 0.518217219511584 0.530697116853141 0.549247199468707 0.555904224697876 0.543828186027074 0.519152017736586 0.498734591247039 0.476838286683425 0.465610393078229 0.432678354920693 0.425752660558636 0.451979045715345 0.441642984855576 0.439013010137699 0.462944848625036 0.497223070075726 0.514449577746397 -9999 -9999 -9999 -9999 -9999 -9999 -9999 -9999 -9999 -9999 -9999
0.0579839835674365 0.0611426239983004 0.0641986822174613 0.0689445624354027 0.0745500492009838 0.0815525900298184 0.0900409635329219 0.0981940185476466 0.105228933342595 0.113041692275737 0.123975358665761 0.136132047378948 0.149286935962646 0.164006336521179 0.180275369372382 0.193246198139885 0.209416419940536 0.228236011658997 0.245502734893618 0.265457219385859 0.28633839215014 0.309215699363767 0.334749617585269 0.362913320356425 0.389675506659281 0.414953258005191 0.431810490797895 0.450122546243284 0.473225826679916 0.49975830999156 0.513138018389651 0.520894203696323 0.534231314380454 0.546849062472575 0.545382086554943 0.529338576757841 0.510365456249966 0.487206116386308 0.467846436995203 0.440881218903742 0.428365359966996 0.43461925152805 0.429648861033768 0.428283863871432 0.450107541630273 0.49052048243441 0.50049300498009 -9999 -9999 -9999 -9999 -9999 -9999 -9999 -9999 -9999 -9999 -9999
0.0534595789090487 0.0562339195117861 0.0591476091986462 0.0637118160590249 0.0689535055983458 0.0757449949613355 0.0841116038237916 0.0917468110269792 0.0981774442028085 0.105907198681242 0.116658095208494 0.128772226170552 0.141659562432684 0.156240609247024 0.172098875520919 0.184557793485243 0.20134454020396 0.219105604299048 0.236859469495126 0.25902139158479 0.285474532767164 0.304158121486144 0.330847914428603 0.348525168821765 0.37200769411387 0.403393482274033 0.420924787250844 0.439280982056912 0.46532465404165 0.495790228021307 0.508639150441293 0.521119044787117 0.543734192611387 0.551003033002806 0.542252757771464 0.528759053474902 0.516366814641266 0.497560980161858 0.469858178061445 0.444917373876166 0.425350536992203 0.406976996764722 0.396235553876526 0.401614961775219 0.412055499535313 0.466926103512991 0.497374767251439 -9999 -9999 -9999 -9999 -9999 -9999 -9999 -9999 -9999 -9999 -9999
0.0487842045000816 0.0514442183312156 0.0542527871624018 0.0583519171931932 0.0632541082974745 0.0699332745836325 0.0781381243951145 0.0851888976432824 0.0913540014916203 0.0988995190908463 0.109814771803345 0.121652971417141 0.134702353634569 0.148908645913115 0.164063760071752 0.176080497602424 0.192251965960428 0.21019680489136 0.230333071911607 0.255150400840981 0.277856546431671 0.29953176769584 0.318528735300974 0.345654318722742 0.368919507524487 0.397093618392827 0.420601461159754 0.441416523462897 0.464625819644656 0.493329827881527 0.510391966332352 0.523830212755594 0.543758133129067 0.547683601380562 0.542184095537794 0.530418818063034 0.518537612957817 0.502692031779299 0.472166625165404 0.442692480404949 0.406871312543192 0.374295595499164 0.362043010831085 0.400258894611248 0.405480723024687 0.482758309395897 0.499567364753428 -9999 -9999 -9999 -9999 -9999 -9999 -9999 -9999 -9999 -9999 -9999
0.04419777953153 0.0466916013858724 0.0494549876674576 0.0530648281222309 0.0577376232428432 0.0644481041927024 0.0721537186520382 0.0784927634492048 0.0848521010642356 0.0918745862598093 0.103445782326301 0.11510926793776 0.127707859484473 0.141276937414732 0.155782777732975 0.16760629004139 0.184008193975508 0.202198418385446 0.224249152735656 0.247065674628187 0.269352966326987 0.291125681837674 0.309975304634167 0.336588295187948 0.363246130062375 0.395930769855787 0.419554604498773 0.438884774045545 0.464370632975623 0.493810649923687 0.514519785767499 0.530723551329789 0.540033474058649 0.542360734386629 0.545859851561907 0.539728622657222 0.521877104262528 0.503666441210036 0.476428531877766 0.449105709389843 0.414677812892678 0.357095241331722 0.37741253167204 0.432503862851028 0.445734853426179 0.493993149079084 -9999 -9999 -9999 -9999 -9999 -9999 -9999 -9999 -9999 -9999 -9999 -9999
0.0395888497583676 0.041941136298681 0.0437622347323042 0.0476051705096084 0.052458305300624 0.059479481399783 0.0660624091256289 0.0712901078873019 0.0784424010308129 0.0865962447235863 0.0971465678009342 0.108067034301906 0.11914954728715 0.1328461226013 0.147758117158765 0.159537103837978 0.176058107609613 0.195710886281926 0.214809821968388 0.237397693111377 0.259448305552196 0.279844418729256 0.301069377000143 0.329969338948152 0.356499932750105 0.387407346009971 0.412007888970034 0.43542834132053 0.464582581150569 0.496743726476105 0.519757864859628 0.533733495484673 0.543677497863226 0.547143699443547 0.553561353478098 0.55219995496112 0.532579065972161 0.508554853734565 0.489286855219356 0.462397358810365 0.423441699366612 0.387850904753214 0.399955937389715 0.446216064289003 0.474955671695818 -9999 -9999 -9999 -9999 -9999 -9999 -9999 -9999 -9999 -9999 -9999 -9999 -9999
0.0350141508679063 0.0373637614050464 0.0388846046412296 0.0422687478574305 0.0478926823597306 0.0543473760950031 0.0587443066358758 0.0656768015866722 0.0729922346527776 0.0804237769991337 0.0889288189191543 0.0999619866736883 0.112187542357225 0.125578967583802 0.14011245001961 0.151637441802748 0.16850330301398 0.187373197360048 0.205730786146097 0.225515792853238 0.246944438097323 0.266989853194976 0.287517293580602 0.318438568089901 0.345029208352589 0.374412788836859 0.401726961251898 0.432854048782768 0.466192989862452 0.496554585616737 0.517229440174381 0.52764166979017 0.550549991624156 0.563943804680124 0.570823328423103 0.563531253560947 0.549968825138247 0.528227834704902 0.4931707384772 0.461615920446957 0.420997568936893 0.443875490555003 0.459284756937059 0.472376428188859 0.487297108316587 -9999 -9999 -9999 -9999 -9999 -9999 -9999 -9999 -9999 -9999 -9999 -9999 -9999
0.0317760330515937 0.0337825250719526 0.0352210470106286 0.0387436441650456 0.0439869868969438 0.0505338667454596 0.0539503806041184 0.0616530319212629 0.0690993260729848 0.0751498450243947 0.0827034195257518 0.0942777471596309 0.107121968235176 0.119972967571923 0.134394226843832 0.145622520991748 0.161750313050419 0.179702539163877 0.197664249421496 0.21643484390054 0.237504672295962 0.253945458901905 0.273072872990026 0.305299801791785 0.332946427358947 0.36388421023515 0.391699682323006 0.429478554628825 0.46889476068227 0.488234368270066 0.496344465114736 0.521564935526862 0.537002910779289 0.556743363652537 0.577262383059229 0.586014000773306 0.55673301282818 0.527562259909423 0.500061905753761 0.480501606434029 0.447586119444398 0.494230228158399 0.497324672566027 0.4877670703294 0.489450909828275 -9999 -9999 -9999 -9999 -9999 -9999 -9999 -9999 -9999 -9999 -9999 -9999 -9999
0.0281064402397275 0.0297885753691765 0.031180140613474 0.0349764904469154 0.0401165020160095 0.0460917825892018 0.0499645577608256 0.0571148361688091 0.0631504876088755 0.0685521320296032 0.0766653152172728 0.0882184878863163 0.101287911528091 0.114061002909775 0.128348948078388 0.13992275052682 0.155547738420532 0.172886855401276 0.190334564627014 0.209706486681264 0.229773762681113 0.242177926130861 0.26388202877752 0.298033956708718 0.326842265397817 0.35887681930415 0.380682439302042 0.424486027865327 0.468051183364521 0.486805775275174 0.496962422861616 0.538448185952203 0.557166187011917 0.574794616558434 0.582285650267036 0.572862406489376 0.554430683129366 0.527215519005513 0.499799465549088 0.486384985097965 0.475618246881761 0.519968354985737 0.504014898479244 -9999 -9999 -9999 -9999 -9999 -9999 -9999 -9999 -9999 -9999 -9999 -9999 -9999 -9999 -9999
0.0239540916495994 0.025358985698649 0.026826158327192 0.0308825265012836 0.0361337749937023 0.0409572973894517 0.0456560456991917 0.0517005987922301 0.0559658653378227 0.0613739930029329 0.0706338798750209 0.0819145087957004 0.0944033085221492 0.10735350412138 0.121558390509628 0.132769442865218 0.148743438461794 0.165153760275681 0.18285245934219 0.20145824831544 0.22012660588966 0.234818280583981 0.262252217627237 0.297154400790643 0.326202331631124 0.356261951216352 0.375362582591004 0.418947997581221 0.471408162273265 0.479800602252174 0.511147539920928 0.542512157193561 0.584719307797069 0.595645955748921 0.599964152863561 0.591654987420264 0.568270977505183 0.544102193735556 0.504706608483379 0.484823989793943 0.496502364458732 0.525916116225961 -9999 -9999 -9999 -9999 -9999 -9999 -9999 -9999 -9999 -9999 -9999 -9999 -9999 -9999 -9999 -9999
0.019943284219025 0.0210388408232796 0.0227854305637809 0.0271412823921807 0.0320279085912452 0.0359438828961121 0.0408084380023896 0.0460490983658302 0.0499586046008994 0.0555534996143555 0.0653420526135338 0.0769739372017902 0.0881052785091696 0.100815581375765 0.115286550756906 0.12355656961806 0.13963050757553 0.154744490783689 0.174571396562149 0.194345062568858 0.218894905980091 0.241412244064226 0.271345690040625 0.30406188823616 0.33761411310809 0.371267574622847 0.378176421741334 0.426155191408896 0.477367560862405 0.486300310965356 0.52174461330729 0.558474969562244 0.595433566675947 0.608803415737968 0.618412404864715 0.618399751010095 0.598787589191931 0.582642294302596 0.532619570582837 0.509015811377471 0.524167107928629 0.529442665998051 -9999 -9999 -9999 -9999 -9999 -9999 -9999 -9999 -9999 -9999 -9999 -9999 -9999 -9999 -9999 -9999
0.0160217513340904 0.0169150092475425 0.0189349891339305 0.0236325488389656 0.0276308041848607 0.0312440962772481 0.0356563380607724 0.0403709819750418 0.044950900884255 0.0508300249090524 0.0597817473517152 0.0710726075964732 0.0827882573779449 0.0935145478335829 0.105208821801148 0.11152777370275 0.128511139427381 0.142486922056123 0.165207405941553 0.186774229726989 0.211298499827847 0.238172495958096 0.264647879526426 0.297887067933244 0.3341163802628 0.372190410354694 0.393255979837119 0.434127826992247 0.474623505733704 0.499797737556278 0.533251846002663 0.568129846246602 0.594236445198427 0.611548475647281 0.625341672364014 0.629845767017984 0.627845322547152 0.618144117817371 0.583713189555411 0.575764443240436 0.569543449727936 -9999 -9999 -9999 -9999 -9999 -9999 -9999 -9999 -9999 -9999 -9999 -9999 -9999 -9999 -9999 -9999 -9999
0.0124648242219428 0.0132433021216499 0.0144967381940226 0.0196870655265208 0.0232201094890804 0.0264292549387242 0.03094466233045 0.0351305465165897 0.0404577234235093 0.045775223530439 0.054587356184485 0.0655147448090803 0.0762024693778066 0.0865350973770696 0.0993924752745497 0.106837777229156 0.119178961873874 0.135693565448491 0.155410105232596 0.180821047880561 0.203592076416438 0.229395076330815 0.257773537198837 0.290730310898844 0.327997711544123 0.366742134378961 0.394689920148379 0.430611219384643 0.468720229973583 0.504705744526781 0.537201388319783 0.567016726716785 0.587518565006389 0.604723878234474 0.620880538736438 0.628075611778731 0.622113162673522 0.613070070427555 0.587831854052291 0.583606115672526 0.570901387192191 -9999 -9999 -9999 -9999 -9999 -9999 -9999 -9999 -9999 -9999 -9999 -9999 -9999 -9999 -9999 -9999 -9999
0.00955270731513244 0.0104746242124902 0.0137860905412979 0.0171975912386036 0.0203693183279956 0.023452542454979 0.02613210126054 0.0313184413185927 0.0366066620973511 0.0420896152661957 0.0509546744557254 0.0624239391068336 0.0703913402971329 0.0819236731598613 0.0949053848201683 0.0978324875789566 0.113686603686004 0.125280825302727 0.144082222223544 0.170861158921528 0.195950208500944 0.221954558877446 0.251057715960787 0.283757824240981 0.321153938410132 0.35850117353851 0.383317136912404 0.420061893382783 0.461468688081722 0.495606664492135 0.528020919037916 0.557840508360284 0.575277019017961 0.592036997278772 0.612190635800259 0.622179400041289 0.616964264218933 0.612171170682444 0.59489753276281 0.582733807038559 -9999 -9999 -9999 -9999 -9999 -9999 -9999 -9999 -9999 -9999 -9999 -9999 -9999 -9999 -9999 -9999 -9999 -9999
0.00675601966673914 0.00799089449874974 0.0111052364256262 0.0137821027972512 0.0166324717577123 0.0183874956246081 0.0218622103395377 0.0265712689151848 0.031615844224131 0.0377325566260392 0.0468366707407523 0.0568980478302503 0.0639077473403727 0.0745726689208748 0.0862775137534482 0.0903531421030018 0.106341218670471 0.120292316519582 0.135445016734308 0.160014128758363 0.189678891891126 0.215679118210556 0.244356706282944 0.275378568176686 0.308423990532118 0.343560535415787 0.368826947133611 0.407423415999313 0.451247554388907 0.479154611071912 0.509432013559124 0.539056671748602 0.553242059548579 0.575556184832183 0.606569015301914 0.618525829218626 0.616947918698785 0.610985328161552 0.593625200153001 -9999 -9999 -9999 -9999 -9999 -9999 -9999 -9999 -9999 -9999 -9999 -9999 -9999 -9999 -9999 -9999 -9999 -9999 -9999
0.00371731705481252 0.00551546452739451 0.00795926521786539 0.00977104793161122 0.0128214775127875 0.0132494945437558 0.0174079436630169 0.0220958976946363 0.0268951475392498 0.0333737093054064 0.0428517803920729 0.0511899888565069 0.058450901645713 0.0672313063752774 0.0768667119937655 0.0838423161961555 0.0971268383550188 0.114446098688217 0.12675702954081 0.150775599013191 0.183805308528813 0.208116666702026 0.236739316948719 0.264315406258043 0.28900479130079 0.319802128214309 0.353995328833945 0.389937851050634 0.435736731646285 0.461511977580385 0.49096300993659 0.520289816159214 0.53918656774499 0.571938983252329 0.600962733063064 0.613614343421761 0.616048138105141 0.597082393531049 0.592241355126409 -9999 -9999 -9999 -9999 -9999 -9999 -9999 -9999 -9999 -9999 -9999 -9999 -9999 -9999 -9999 -9999 -9999 -9999 -9999
0.00119052340515334 0.00323041233995687 0.00484705775725291 0.00557043886589662 0.00819461298853521 0.00872533307621902 0.0128040767230955 0.017941636677806 0.0228940140902773 0.0291414137626041 0.0386261534621257 0.0463222180694659 0.0541537882230706 0.0626553757381896 0.0714156505953156 0.0784364004885914 0.0884456738721765 0.103174256089 0.118208375914882 0.144928404901332 0.176975715339588 0.198492905862695 0.227170044169354 0.252895918797501 0.279017110247529 0.307362357847823 0.346747570915771 0.385885497815174 0.424686128191711 0.456716160265565 0.493516446395804 0.527522079123593 0.544411119596013 0.573133388096731 0.594659096862931 -9999 0.595335558956027 0.594362328856028 0.590424435753764 -9999 -9999 -9999 -9999 -9999 -9999 -9999 -9999 -9999 -9999 -9999 -9999 -9999 -9999 -9999 -9999 -9999 -9999 -9999
0 0.00104671525817062 0.00173754192869015 0.000679652807380653 0.0023738142360005 0.00445785769849025 0.00879875747050576 0.01383209108456 0.0190110775800375 0.0250023397554883 0.0343298521488033 0.0420572235517728 0.0494668349202113 0.059121111594566 0.0695873833250008 0.0752151360526857 0.0826125646029686 0.09510524197325 0.119400217701881 0.145231364391341 0.170699843811292 0.192442961766415 0.220616899182343 0.249107107364319 0.270045589685617 0.301160388044101 0.329107518480701 0.372127820089357 0.409068825007045 0.446186895499186 0.482411174404082 0.519355560527001 0.542481704134451 0.569106182831775 0.588456410404515 0.584448527846564 0.588948027271354 0.591427219181826 -9999 -9999 -9999 -9999 -9999 -9999 -9999 -9999 -9999 -9999 -9999 -9999 -9999 -9999 -9999 -9999 -9999 -9999 -9999 -9999
0 0 0 0 0 0.000293262566754163 0.0061027006825564 0.0100463600447321 0.0146652918314005 0.0214463746966029 0.0318529979104376 0.0387620872651697 0.0432075694244079 0.0496506377600986 0.0617639666552533 0.0689682242523036 0.0756093762522341 0.0902453686648442 0.119951431676116 0.142293645828743 0.164652822032205 0.183136247171206 0.21038953004217 0.244189817800539 0.274879206096459 0.304130741978266 0.327700874221239 0.360210831704163 0.395839805716351 0.434146007456339 0.469857802163575 0.511560107411217 0.537067864991034 0.565714012526783 0.58452652342243 0.582736703584259 0.588627864271309 0.589323751711957 -9999 -9999 -9999 -9999 -9999 -9999 -9999 -9999 -9999 -9999 -9999 -9999 -9999 -9999 -9999 -9999 -9999 -9999 -9999 -9999
0 0 0 0 0 0 0.00337838382132644 0.00668816602653925 0.0116280962084138 0.0186664050675315 0.026316482670606 0.0333449542574979 0.0395934324669274 0.0454493011514549 0.0533414897454632 0.0620274991968399 0.0701052088436769 0.0910026738992496 0.116619554440852 0.137589277542467 0.157651316165608 0.176281445645467 0.203569393253871 0.238656885964607 0.270624072914582 0.301692207553314 0.323208690352694 0.350314684062829 0.390224844719104 0.428265041467035 0.464964803983964 0.509043826129183 0.531646123441242 -9999 0.560337964177889 0.573224844608074 -9999 -9999 -9999 -9999 -9999 -9999 -9999 -9999 -9999 -9999 -9999 -9999 -9999 -9999 -9999 -9999 -9999 -9999 -9999 -9999 -9999 -9999
