layers/veg/veg1600.asc
NCOLS 255 
NROWS 330 
XLLCORNER -2985163.8955 
YLLCORNER -3022031.214 
CELLSIZE 25000 
NODATA_value -9999 
[rows 200 to 224 of 330, columns 57 to 113 of 255]
-9999 -9999 -9999 -9999 -9999 -9999 -9999 -9999 -9999 -9999 -9999 -9999 -9999 -9999 -9999 -9999 -9999 -9999 -9999 -9999 0.491056882551609 0.446195975172655 0.337725180268204 0.255640658859519 0.13713020588686 0 0 0.00598277839070942 0.151563145118862 0.218746685655833 0.267106964914102 0.327689702637101 0.352938067357611 0.311886400833172 0.312198249056751 0.370658105890757 0.447606562864194 0.464332350407145 0.473296351836578 0.480478307867734 0.484918857841218 0.49190190477462 0.499511259141686 0.500269769365045 0.500266698064569 0.490588047399306 0.453782962238039 0.43755472784701 0.471289018755531 0.499368115643602 0.50958180074045 0.509728788652262 0.507860234836598 0.504691511979732 0.500665602080013 0.496523707418229 0.493067396297859
-9999 -9999 -9999 -9999 -9999 -9999 -9999 -9999 -9999 -9999 -9999 -9999 -9999 -9999 -9999 -9999 -9999 -9999 -9999 -9999 0.505626480005505 0.465886132855362 0.386510834739746 0.26885875624222 0.148039458608873 0.0472202515718016 0 0.0592755420065526 0.196894479599371 0.264020852091548 0.339301104188102 0.366793345201149 0.364689568268512 0.328271927048478 0.338015951530815 0.387553399013441 0.434542320697566 0.452680940514965 0.459616562973641 0.467070946524463 0.480041040688494 0.491461339670967 0.495292391631708 0.494105311328635 0.490085684585583 0.47642758879488 0.44424973789144 0.442164677366682 0.478102645295287 0.499237921613895 0.50850604256634 0.507826462979778 0.506038021877978 0.502893686379368 0.498425619769651 0.493993468743204 0.49044424130087
-9999 -9999 -9999 -9999 -9999 -9999 -9999 -9999 -9999 -9999 -9999 -9999 -9999 -9999 -9999 -9999 -9999 -9999 -9999 0.506874279369779 0.492897944992207 0.43106398803704 0.307977852577296 0.166843468905062 0.071355534162307 0 0 0.0593371038869969 0.194008778572216 0.262919681743935 0.338243870928482 0.370647204951314 0.39119367281235 0.341753108191094 0.321958608227508 0.391407928520351 0.419611627894956 0.433465953505714 0.419774797215552 0.427398835979208 0.467034075456995 0.483364512636585 0.485370082180064 0.478204040602276 0.465589633844784 0.438885533810281 0.419843793882482 0.443500373720498 0.47885179910949 0.496975799766697 0.505363113167228 0.504861549524804 0.503087264107314 0.499889107511115 0.495336157545918 0.490780019261877 0.48743808755819
-9999 -9999 -9999 -9999 -9999 -9999 -9999 -9999 -9999 -9999 -9999 -9999 -9999 -9999 -9999 -9999 -9999 -9999 -9999 0.496174999282954 0.468259019069093 0.42178335992525 0.33636472282824 0.163692666150097 0.0332279999906343 0 0 0.0281955605517003 0.163261894823409 0.228506282619873 0.324414311931501 0.374427441785921 0.395595356771242 0.360299125072931 0.338248466806323 0.389981005477483 0.413823575956226 0.406212275656995 0.382489158185366 0.404272317372702 0.456857779850804 0.475422136327073 0.468491127420622 0.450913553559362 0.443488622397239 0.411833925094693 0.392328307563533 0.434475386129066 0.477134773448119 0.493162300980191 0.499587178484212 0.500089279123658 0.499608575911309 0.496692111667756 0.492114959543046 0.487629984341787 0.484471937689538
-9999 -9999 -9999 -9999 -9999 -9999 -9999 -9999 -9999 -9999 -9999 -9999 -9999 -9999 -9999 -9999 -9999 -9999 -9999 0.485636167434467 0.480965227459179 0.445765450382025 0.365030645466149 0.221743631733152 0.0571890662035137 0 0.0274930029229065 0.125134666246159 0.162909459869444 0.210037610425758 0.295462490465109 0.352787909769164 0.383059905713353 0.394723574215295 0.36123598541171 0.364216403691301 0.41317449170372 0.390470208871941 0.373549246046474 0.406957566090871 0.449569200968789 0.47080470190868 0.449701857095796 0.41829945413436 0.402749332173744 0.367259805538306 0.37903666726918 0.436950531037527 0.473661328907031 0.487335249742106 0.493049220157501 0.494705671802956 0.495335557440209 0.492032281562002 0.487846958362783 0.485251320786222 0.48265293499376
-9999 -9999 -9999 -9999 -9999 -9999 -9999 -9999 -9999 -9999 -9999 -9999 -9999 -9999 -9999 -9999 -9999 -9999 -9999 0.446276425567391 0.446623369025958 0.419168579620096 0.34998924515518 0.233615007766348 0.100250174804057 0 0.0411453387765324 0.166165937587093 0.181084220092755 0.184631920345083 0.27785499502502 0.343517153507692 0.35678203301363 0.333817159039625 0.320122128262389 0.35986769557994 0.414827395528808 0.39659023992514 0.381408398719058 0.407168232147569 0.44415398645397 0.463106002650576 0.425172120892955 0.377366084682042 0.346291824677427 0.335652861002723 0.395823733450098 0.441959423180228 0.468683418399219 0.479723136266307 0.485786122501556 0.488141971113123 0.489427376473375 0.487534660058524 0.484340760209052 0.482017032183447 0.480245717520778
-9999 -9999 -9999 -9999 -9999 -9999 -9999 -9999 -9999 -9999 -9999 -9999 -9999 -9999 -9999 -9999 -9999 -9999 -9999 0.406362486956749 0.392265717476536 0.380508129842097 0.296175406258294 0.170768537533795 0.0819226916343025 0 0.00251670837660271 0.165957126819527 0.208628497427847 0.187212065738169 0.276491649508368 0.341352249674263 0.315542662635334 0.227077761821904 0.258726320310564 0.374508984703346 0.417461527073906 0.412953619091394 0.402687836142893 0.41099580737081 0.439936617615154 0.455938377982287 0.409759304851129 0.351797983383463 0.312010874901527 0.326034088030223 0.417698848572249 0.450298349435419 0.463290230497906 0.472120844167372 0.478729125385141 0.481975834437292 0.484091129841638 0.483684884368621 0.481122130099148 0.479121722248621 0.478200166757932
-9999 -9999 -9999 -9999 -9999 -9999 -9999 -9999 -9999 -9999 -9999 -9999 -9999 -9999 -9999 -9999 -9999 -9999 -9999 0.437626938173799 0.406218108034137 0.354150457468171 0.240255182812346 0.0837248463252333 0.0029988871945507 0 0.0079518992298254 0.175654601836413 0.201128727341178 0.194539377532595 0.299270224025444 0.356787541221881 0.303827005656267 0.256116057122909 0.346804655876491 0.40129046032119 0.417087157248641 0.418766220252228 0.412417813459008 0.414761757467861 0.435918819593523 0.452474881745704 0.426054214702257 0.366562011300746 0.296866950983731 0.307689897288799 0.40245420382878 0.445201038227801 0.45965620461032 0.46703409355277 0.474115635962418 0.478000730684369 0.480567312469473 0.480988697326119 0.479445265139767 0.477642487382719 0.476970563086619
-9999 -9999 -9999 -9999 -9999 -9999 -9999 -9999 -9999 -9999 -9999 -9999 -9999 -9999 -9999 -9999 -9999 -9999 -9999 -9999 0.43724789090927 0.391039953693622 0.295987376648686 0.130528784961357 0.0181323543949328 0 0.0358064444727383 0.150449199254284 0.146416001035999 0.140949434996546 0.274478197011723 0.342873069771881 0.355924428227756 0.349854856620692 0.379908285304456 0.392938598061163 0.402910178157131 0.416413484682302 0.418256350165166 0.411840353719146 0.424101397673369 0.441286070514625 0.435344899259488 0.399361215669675 0.310884440520845 0.309677699299725 0.409099836732632 0.443725798773973 0.455144072837378 0.462782430280028 0.469175720214664 0.473141737835527 0.476088948543161 0.477628395770175 0.476717990531288 0.47525664907498 0.475529770368586
-9999 -9999 -9999 -9999 -9999 -9999 -9999 -9999 -9999 -9999 -9999 -9999 -9999 -9999 -9999 -9999 -9999 -9999 -9999 -9999 0.403431127077514 0.405885431820648 0.340286443371382 0.204495644547851 0.0458902514096426 0 0.0386741255677915 0.146241065120744 0.121817331413481 0.133870949438189 0.236969819867935 0.320334278814268 0.373540405270434 0.375791404600212 0.379565348252148 0.383343718898348 0.385586060327561 0.401629319548504 0.411281825026348 0.411765516407434 0.41916552457575 0.426010227597249 0.424190307609513 0.393802583279504 0.345362202910511 0.359360909018531 0.41256721828273 0.435172763028535 0.450190322784959 0.458055290826395 0.464711921088898 0.468856654540506 0.472225758730443 0.474414189367815 0.473536199214249 0.471885113343351 0.473151454341719
-9999 -9999 -9999 -9999 -9999 -9999 -9999 -9999 -9999 -9999 -9999 -9999 -9999 -9999 -9999 -9999 -9999 -9999 -9999 -9999 0.390314473839869 0.375718661374564 0.304817589190501 0.181956257656821 0.0771958343849512 0 0 0.0743420052491468 0.0527921741113325 0.167153740218704 0.265854116909575 0.327319995782627 0.369714983638932 0.374502168482653 0.379731439642592 0.381751353545543 0.377631939052203 0.386375713544562 0.401023396274659 0.400232583333605 0.398652172269409 0.402666351371462 0.394588281011643 0.370715807875674 0.340777257970375 0.353082150867256 0.407633720284767 0.432185557441998 0.447303617883804 0.45487413521127 0.461819979126423 0.466297912033823 0.469655934148847 0.471783802305844 0.4721281730303 0.470611389202183 0.46982932126301
-9999 -9999 -9999 -9999 -9999 -9999 -9999 -9999 -9999 -9999 -9999 -9999 -9999 -9999 -9999 -9999 -9999 -9999 -9999 -9999 -9999 0.392382444710512 0.326105717283179 0.196496630999277 0.0651718955682735 0 0 0 0.0205436497222026 0.163473816838025 0.276821417840038 0.335957814750905 0.361114085240787 0.365657336115724 0.372510893503756 0.379203197561765 0.372040281500591 0.370924344740506 0.385262949662681 0.38386714668875 0.366594187795187 0.351498422915945 0.360342497684287 0.370741394688918 0.336395272538012 0.335797470228582 0.395715495476765 0.422694257635753 0.444245271602262 0.45290375195256 0.459073796923539 0.463023434329322 0.466277496399169 0.467871732148788 0.468312279419179 0.467127262680291 0.465555390100821
-9999 -9999 -9999 -9999 -9999 -9999 -9999 -9999 -9999 -9999 -9999 -9999 -9999 -9999 -9999 -9999 -9999 -9999 -9999 -9999 -9999 0.42231147089617 0.379115509641477 0.256984609028081 0.144911157228944 0.0146871707634784 0 0 0 0.162927250274296 0.273586960899575 0.325957526868034 0.352300969331543 0.356784159642051 0.364959169033157 0.374650447046756 0.363608018847371 0.35498005421549 0.370718775966968 0.367027470374577 0.329702326718468 0.311300840296411 0.344124652514269 0.362472862719857 0.34338890351116 0.346350355847614 0.391395874034728 0.421291712151022 0.44074607724225 0.450746278437236 0.45708535290304 0.460227146438092 0.46297254358034 0.464536703722978 0.464613481328367 0.463687925722567 0.461836742594545
-9999 -9999 -9999 -9999 -9999 -9999 -9999 -9999 -9999 -9999 -9999 -9999 -9999 -9999 -9999 -9999 -9999 -9999 -9999 -9999 -9999 0.437646922479443 0.35000216815343 0.274674072956275 0.184226719918162 0 0 0 0.0296529702644371 0.16489071603331 0.284933032798797 0.329081294472193 0.344848712277793 0.350284809422367 0.358931644405155 0.370064705882257 0.372288126483274 0.364613465811249 0.362110297826109 0.342356130417077 0.289894662801061 0.292946726880199 0.340464589076851 0.347756716283069 0.349805490731025 0.370250747063637 0.398306250862658 0.422516362715192 0.43980362303467 0.449141534315824 0.455743359265805 0.458917249273375 0.461276917689844 0.462487185314986 0.462870947939474 0.462022167194974 0.459793528239586
-9999 -9999 -9999 -9999 -9999 -9999 -9999 -9999 -9999 -9999 -9999 -9999 -9999 -9999 -9999 -9999 -9999 -9999 -9999 -9999 0.440069280080381 0.434413872105743 0.375825468404221 0.31148372330539 0.263705625453032 0.100818407715125 0 0 0 0.161118201963134 0.280099185600529 0.31523470926258 0.333858628192007 0.340937010400811 0.350512058879693 0.363297638908585 0.369039550252694 0.361904581280055 0.358849934980474 0.336505476635978 0.302866267341904 0.318610371485988 0.328689515993448 0.324889933953096 0.34981921978357 0.381127841832973 0.402923281635352 0.422476331679432 0.436495028881835 0.445817010293069 0.452991628615553 0.456359453990012 0.457905380321412 0.458226831615278 0.457857288007862 0.458013901099947 0.457112898133248
-9999 -9999 -9999 -9999 -9999 -9999 -9999 -9999 -9999 -9999 -9999 -9999 -9999 -9999 -9999 -9999 -9999 -9999 -9999 -9999 0.41337137680076 0.413437308778215 0.370291280826629 0.326419041544296 0.232478216780632 0.00835744682454603 0 0 0 0.176485429188968 0.277240374253048 0.299917986764082 0.325050931712389 0.336046214674654 0.345127233124175 0.356668734801555 0.361535634303098 0.357221127624021 0.3608794530389 0.354959666397366 0.335885671617067 0.340946906439911 0.345250613492439 0.348682008410366 0.368785597058482 0.387549063329074 0.406972642720127 0.424158440808852 0.434982619629022 0.443031420526115 0.449546027741251 0.452990672257496 0.453976996362992 0.453599385244261 0.453371353008104 0.453024887560522 0.452389077833203
-9999 -9999 -9999 -9999 -9999 -9999 -9999 -9999 -9999 -9999 -9999 -9999 -9999 -9999 -9999 -9999 -9999 -9999 -9999 -9999 0.404742380217787 0.393058582814536 0.358964381190398 0.336535964532192 0.272057531896934 0.0718314253304521 0 0 0.00635296434610071 0.205225835181014 0.276910651580028 0.293928429593203 0.314532712259504 0.332391584949193 0.341930928076632 0.353012096241207 0.35854640773567 0.356904946931066 0.36227230210603 0.358219089310273 0.34060306363321 0.345969515261364 0.355890913870969 0.359669903455332 0.374521246274023 0.39274549071508 0.409428441126894 0.423679201772825 0.433205272066145 0.441031406644102 0.446825810159639 0.449537108950784 0.450230468728201 0.450373172300215 0.450319568315359 0.450085989399594 0.449753598654434
-9999 -9999 -9999 -9999 -9999 -9999 -9999 -9999 -9999 -9999 -9999 -9999 -9999 -9999 -9999 -9999 -9999 -9999 -9999 -9999 0.419535089902724 0.406145320327073 0.381375534201855 0.362497257693182 0.337911319467323 0.221745424686028 0.00770977680761278 0 0 0.19841247953618 0.271359062025274 0.265534758424806 0.286219164419222 0.321411349245795 0.336497114159115 0.348267032793402 0.356440060702148 0.362196858314322 0.368316084187692 0.361604745783923 0.348308663615322 0.355447726321551 0.370679101295956 0.381382100411553 0.392079862937038 0.402781973825368 0.414419029778615 0.424617054224052 0.431608820926269 0.438572741415519 0.442710920810052 0.444041930973703 0.444585994094942 0.445216986632746 0.445628380039732 0.445920831279062 0.446211126614883
-9999 -9999 -9999 -9999 -9999 -9999 -9999 -9999 -9999 -9999 -9999 -9999 -9999 -9999 -9999 -9999 -9999 -9999 -9999 -9999 0.43437241760994 0.421059112649958 0.393756368504236 0.360070658260607 0.327364944107175 0.208573415085657 0 0 0.0414672442441253 0.167222613917599 0.250684931674526 0.245925789081811 0.276921782967623 0.313469359016081 0.329896748085288 0.343682230175876 0.352182917220528 0.358346628345457 0.361676503877643 0.353873190828236 0.346691514306532 0.356206178647948 0.370007042321169 0.381811887836717 0.393989781687382 0.403814111932859 0.413293376283681 0.422720929818483 0.428761182773905 0.433421699139556 0.436853891097052 0.438280313400542 0.439542185585334 0.440660216828541 0.441205552449351 0.441950278096535 0.442308702004096
-9999 -9999 -9999 -9999 -9999 -9999 -9999 -9999 -9999 -9999 -9999 -9999 -9999 -9999 -9999 -9999 -9999 -9999 -9999 0.430867996687838 0.428648290821717 0.404980359075567 0.347212471102988 0.292470998654173 0.254547855307511 0.126643966206558 0 0 0 0.128630647200709 0.223032453910903 0.229278218496525 0.267520114743075 0.308468536675262 0.325941991117612 0.340275395266917 0.349072796540897 0.355450211351444 0.35288492138525 0.343295052651106 0.347126693371122 0.360044672188054 0.371099547194321 0.382155622216382 0.393525414061598 0.402851946789672 0.411054004666126 0.419641402643605 0.42583392355288 0.429554117272186 0.432418623403497 0.434300645197816 0.435920466873288 0.437520927443473 0.438324693953387 0.439082473097443 0.439996968491204
-9999 -9999 -9999 -9999 -9999 -9999 -9999 -9999 -9999 -9999 -9999 -9999 -9999 -9999 -9999 -9999 -9999 -9999 -9999 0.402791745989161 0.403806645982449 0.398398477970689 0.36251681778664 0.331386974505242 0.316280330295118 0.165947064236757 0 0 0 0.0923297803229657 0.173274568279712 0.209197885228982 0.267826135056388 0.303797349432618 0.320991042203993 0.335102014341124 0.343683819425918 0.350640247441945 0.346614880574118 0.335865134253658 0.344607563913455 0.361252244273598 0.3706707563647 0.380435257469592 0.390914759735648 0.399330217405551 0.406772247243158 0.414740176167344 0.420242938740483 0.42354715225132 0.4263734868747 0.428324073551119 0.430338604719748 0.432374492653572 0.433139267209787 0.434054277521717 0.435583238339672
-9999 -9999 -9999 -9999 -9999 -9999 -9999 -9999 -9999 -9999 -9999 -9999 -9999 -9999 -9999 -9999 -9999 -9999 -9999 0.389741687130146 0.398730062517699 0.405837241489672 0.391008396262977 0.360748438897036 0.258248523655618 0.103519468054269 0 0 0.0420330643413436 0.0935890171653353 0.167829494565961 0.198362512867354 0.264638779948694 0.303925973233549 0.31771137971606 0.329456984573695 0.338413589699115 0.345431004644164 0.345352415343238 0.339533321398945 0.345762031007594 0.359301885581824 0.368630735056345 0.377395178926591 0.387399897512504 0.39527424573923 0.4022918738963 0.410197114931827 0.415005277888571 0.418013693995425 0.420812052236729 0.422575678531777 0.424606669099146 0.426909805780209 0.428224465818829 0.429290432054297 0.430981613534806
-9999 -9999 -9999 -9999 -9999 -9999 -9999 -9999 -9999 -9999 -9999 -9999 -9999 -9999 -9999 -9999 -9999 -9999 -9999 0.401898586824335 0.398685757032186 0.400172595529041 0.378697536170463 0.336491534697604 0.223227909690834 0.0626715936012387 0 0 0.047742849212176 0.12554865147563 0.176153356810142 0.198102731369636 0.25629395029676 0.299930491632577 0.314471478156502 0.326203272384897 0.334959569084539 0.3417490401181 0.346326764134414 0.345759865554356 0.347701094662834 0.356668177594009 0.365395075926476 0.373550573176785 0.383007718534581 0.390838246842376 0.397910428848368 0.405577985732108 0.410343379706068 0.413314524188338 0.416306939284542 0.418170694234443 0.420029819911993 0.422282818254111 0.423600086036913 0.424729612546855 0.426886810824275
-9999 -9999 -9999 -9999 -9999 -9999 -9999 -9999 -9999 -9999 -9999 -9999 -9999 -9999 -9999 -9999 -9999 -9999 -9999 0.423424328995125 0.412109261090166 0.382695575450365 0.368115927787852 0.335074536479465 0.236529920545658 0.102301151409071 0 0 0.0792824148927703 0.157814359469514 0.184869481739984 0.193551858215914 0.233469304480284 0.287527870227515 0.311133036759158 0.323859013668154 0.331164467731683 0.337286646458045 0.344170319001698 0.348164121511199 0.349637869909272 0.354816394088534 0.361201741125889 0.368002453567079 0.375697271345616 0.381644388509967 0.389620982486601 0.398038650301386 0.402797056792342 0.406359821129874 0.409692266961299 0.411780772735904 0.413719372069557 0.415863705059415 0.417328233817345 0.418813187033003 0.421025142821673
-9999 -9999 -9999 -9999 -9999 -9999 -9999 -9999 -9999 -9999 -9999 -9999 -9999 -9999 -9999 -9999 -9999 -9999 -9999 0.41368078450818 0.407957621597724 0.39079329319364 0.36368330010097 0.306319850193584 0.222427503477351 0.113765008579466 0 0 0.118795662858116 0.180648313346146 0.190062539830201 0.190761879225643 0.211697395575121 0.264338779898446 0.306325983785577 0.321778999955441 0.328376705884377 0.333678836904525 0.339997827789002 0.344570054203984 0.346594853900437 0.350625176006097 0.355793334566741 0.361357985291879 0.367633720718359 0.373323489467811 0.381852763618127 0.389966529026535 0.394605230726715 0.398490682096756 0.402256746379747 0.404596576297376 0.406889362786961 0.409575409142741 0.411615059024681 0.413219904209706 0.415146810529301
