layers/veg/veg1300.asc
NCOLS 255 
NROWS 330 
XLLCORNER -2985163.8955 
YLLCORNER -3022031.214 
CELLSIZE 25000 
NODATA_value -9999 
[rows 125 to 149 of 330, columns 171 to 227 of 255]
0.281509327955088 0.438091167430801 0.523236118599919 0.523196436926689 0.456802164618773 0.375668530051252 0.340042950389021 0.322982649355472 0.332616892909097 0.340722397548859 0.348588517909669 0.363283956441364 0.380276524767855 0.401277992965938 0.428739369627635 0.459203413394885 0.473798330716171 0.482326125971554 0.477863432740877 0.399217575209252 0.278185100024775 0.311230029138189 0.308006332402502 0.188271023902573 0.15717368819245 0.187553678116271 0.371944657864134 0.52852795608096 0.537189455418392 0.567831466712321 0.616857677176083 0.608627739696244 0.601628531294481 0.641600051358942 0.677864898767246 0.710402697893335 0.734429135337109 0.757691178854874 0.788318892606437 0.809837244126869 0.820343166451398 0.822751769396248 -9999 -9999 -9999 -9999 -9999 -9999 -9999 -9999 -9999 -9999 -9999 -9999 -9999 -9999 -9999
0.256773148152312 0.418824922193344 0.51198715175449 0.52300231847032 0.458236485596701 0.376975063603457 0.351012603327728 0.341424817998895 0.355381763627941 0.368469727678562 0.380932887361489 0.387199125224943 0.400651259424798 0.426644060227619 0.430408216798789 0.423838885865498 0.468042753950478 0.495813978222627 0.488400799094394 0.421512958077831 0.320642612038075 0.342393883115589 0.343001621701753 0.271502636370293 0.246024494317484 0.252465385148013 0.360890055568831 0.468009573932443 0.535596987283559 0.576822823991637 0.596000199026227 0.558010840534656 0.535050592848711 0.621600106057062 0.686097919641516 0.728422815132815 0.744623008186496 0.759713054274171 0.805352758405433 0.828290905130021 0.823784837074851 -9999 -9999 -9999 -9999 -9999 -9999 -9999 -9999 -9999 -9999 -9999 -9999 -9999 -9999 -9999 -9999
0.282073315004004 0.43006136235853 0.516662171777155 0.530062013898148 0.464365272906888 0.381793437419288 0.360310798960505 0.353207948269076 0.366781430714746 0.381607291161628 0.39649632725344 0.403049193667174 0.41288792146685 0.428461061539624 0.438141147728838 0.445087752203129 0.483803646965324 0.508172064425312 0.50182068810601 0.442094069895776 0.351870020206598 0.361454842974416 0.362829387085774 0.329546153583363 0.322474709627115 0.333583179658738 0.413775097718967 0.494799617756319 0.554907120469072 0.556666530952113 0.50962439619117 0.496050550067155 0.509519889938702 0.621492837094133 0.700224658970632 0.745532628685851 0.755231659599031 -9999 0.838711095984857 0.838711095984857 -9999 -9999 -9999 -9999 -9999 -9999 -9999 -9999 -9999 -9999 -9999 -9999 -9999 -9999 -9999 -9999 -9999
0.33222995969604 0.456450573948407 0.529247725905158 0.54072517512886 0.472826122930722 0.38835638264227 0.368778667355909 0.36168307843874 0.372535223329906 0.387487183667785 0.403723530956414 0.414892774799305 0.421081845876355 0.418579630110703 0.448886524084125 0.494460365860679 0.510253243094242 0.519968918511263 0.516672523399998 0.461823585959206 0.377518667213959 0.37450346700985 0.375122405285008 0.375077020025561 0.392764702789859 0.422751646955024 0.49842333725545 0.564961732096143 0.584601006291696 0.522030605151798 0.390701157450764 0.42845522080322 0.504380158167087 0.631267621911405 0.717279211618768 0.7621902320972 0.76376397045328 -9999 -9999 -9999 -9999 -9999 -9999 -9999 -9999 -9999 -9999 -9999 -9999 -9999 -9999 -9999 -9999 -9999 -9999 -9999 -9999
0.355341840618246 0.459572072013523 0.508001353319518 0.489891014013694 0.451409989168338 0.408977419200275 0.386163684608903 0.375983451250259 0.383968609787652 0.399321521423737 0.417703015713407 0.441835369358956 0.461001184117322 0.471499505575055 0.494287425312399 0.522788914787535 0.524651583168801 0.521298517206094 0.506777893345961 0.454903196198504 0.381685208600627 0.422543700930788 0.458800057210148 0.46821435948465 0.487515103788416 0.513672864299396 0.566696785315246 0.611994021455175 0.621667485998546 0.596157124521336 0.541219492814963 0.572622353327076 0.624065271035051 0.704020398049771 0.764213925938048 0.804537224941765 0.808980451491296 -9999 -9999 -9999 -9999 -9999 -9999 -9999 -9999 -9999 -9999 -9999 -9999 -9999 -9999 -9999 -9999 -9999 -9999 -9999 -9999
0.391176481003726 0.462727823164424 0.48455742448363 0.44709653403776 0.431991574646945 0.422071688108737 0.398977969225283 0.387423277221213 0.392460260121954 0.408494641732538 0.429165286911079 0.46080555102581 0.486960575216807 0.503542880584632 0.522949768684907 0.543663132199333 0.537923396617742 0.527194554681518 0.50578339451408 0.451289124831905 0.377891898839053 0.456305918259063 0.523106433355734 0.539527161081439 0.556131823480242 0.572864058875556 0.609551036650339 0.640007881797788 0.642328160631396 0.642246309588413 0.640155350014635 0.67266259497615 0.712631001651906 0.761442049163309 0.80472093783013 0.842437257305854 0.856462158022767 -9999 -9999 -9999 -9999 -9999 -9999 -9999 -9999 -9999 -9999 -9999 -9999 -9999 -9999 -9999 -9999 -9999 -9999 -9999 -9999
0.456987471942544 0.466710447285721 0.457174420272393 0.424673072630768 0.418104545203997 0.417494446600587 0.401048757137736 0.392131527751486 0.394039280699579 0.411388043542504 0.434651616717354 0.461051216993916 0.479962680918431 0.485806015680983 0.512203834526631 0.548160773153712 0.549005695852496 0.543874131810367 0.525946141167358 0.456096356374838 0.356579607963224 0.456278118860675 0.540800007105475 0.559379672379277 0.56417466139929 0.559408905693988 0.594779607657745 0.62525664417074 0.625219487220431 0.620694599471705 0.612416235144181 0.664939799787819 0.725988200954321 0.781764139780594 0.829561823796889 0.869337396436505 0.870495572161307 -9999 -9999 -9999 -9999 -9999 -9999 -9999 -9999 -9999 -9999 -9999 -9999 -9999 -9999 -9999 -9999 -9999 -9999 -9999 -9999
0.45536881650416 0.436332316667024 0.423757390716142 0.418887542801723 0.419859847362104 0.421324664532518 0.410851487829072 0.404358354119666 0.403588023568149 0.418777926993257 0.439673090495922 0.455386561413847 0.467721897142368 0.474161786406479 0.510636666250548 0.561079934175351 0.56094470220437 0.55799921277597 0.549036600773319 0.490808046749629 0.404430024212008 0.482810808408586 0.546474406421323 0.549818061684082 0.549570971676374 0.54683342064713 0.563797729973007 0.575614367996019 0.563077599431582 0.560989815661313 0.56764141967049 0.651597342551397 0.739811518551572 0.79146707607167 0.837990085806989 0.879352334078017 0.886935822122445 -9999 -9999 -9999 -9999 -9999 -9999 -9999 -9999 -9999 -9999 -9999 -9999 -9999 -9999 -9999 -9999 -9999 -9999 -9999 -9999
0.41280473690434 0.385089243802213 0.386676309212023 0.423205093772139 0.431113670374025 0.430260159021417 0.425349299893108 0.421150698673288 0.417976235085659 0.428898216992285 0.444412288921568 0.446132970762596 0.452297464258989 0.466217199106974 0.514643136314826 0.579112909813621 0.573403928343494 0.57057312249061 0.573904860725434 0.543678674876207 0.494278234183878 0.525471870924044 0.544850381057422 0.522395261348299 0.521215590673681 0.534792098047091 0.522972352682264 0.504785144395 0.47359011273894 0.478117273018084 0.512521985404277 0.634842447929262 0.75391787799046 0.794721724384338 0.836452080965438 0.879114040771875 -9999 -9999 -9999 -9999 -9999 -9999 -9999 -9999 -9999 -9999 -9999 -9999 -9999 -9999 -9999 -9999 -9999 -9999 -9999 -9999 -9999
0.375828442611795 0.383108478393292 0.406431258860143 0.448884146309543 0.464339078772291 0.469943749876309 0.456110544432892 0.452793215677356 0.46459640004378 0.478270415585018 0.492351717392146 0.500433341723849 0.510659353768119 0.524627703596275 0.553381345900098 0.589007620886938 0.588907616090192 0.588409328373054 0.587058265710009 0.528243821372869 0.436596072996841 0.47933534507 0.511380944322715 0.497725880666658 0.499698515092719 0.512510173174945 0.532889342713108 0.547170361477962 0.538025849726621 0.561412212942904 0.61200695446072 0.698432272206523 0.781314939012308 0.822224820271813 0.84186957535898 0.840132309608673 -9999 -9999 -9999 -9999 -9999 -9999 -9999 -9999 -9999 -9999 -9999 -9999 -9999 -9999 -9999 -9999 -9999 -9999 -9999 -9999 -9999
0.355323243578699 0.385822303984159 0.422908356587881 0.467849041794523 0.491860699204465 0.506289564587031 0.486474181119764 0.48368667194975 0.505383112562778 0.522511446560709 0.537527861643128 0.544149742579812 0.552254996276446 0.562948999150579 0.57763170565091 0.594167928617757 0.599402337155607 0.601263524082606 0.59590220979392 0.51793225102793 0.398475320376165 0.451603605305011 0.495243052795866 0.491526775357636 0.494846306454154 0.503045717795841 0.559021966136023 0.608380818877513 0.618711835179446 0.652821649320454 0.70681972431535 0.75650254745876 0.804862150740484 0.850337491137457 0.878863083183934 0.890345753900762 -9999 -9999 -9999 -9999 -9999 -9999 -9999 -9999 -9999 -9999 -9999 -9999 -9999 -9999 -9999 -9999 -9999 -9999 -9999 -9999 -9999
0.38110793829234 0.393023216241167 0.419589762083482 0.463627153951804 0.498986225242985 0.52743230210459 0.512725379718812 0.509716320577637 0.52352732313353 0.544845036250578 0.566876784959453 0.545857881483034 0.532215971938097 0.531448228272531 0.553924696004375 0.587215842056427 0.59495359792737 0.598846619100509 0.594507568909124 0.534811860857401 0.443486584110722 0.492954639569217 0.534703404962828 0.537877545453326 0.536612171414612 0.532267648882552 0.622463615272942 0.702985971752229 0.717961174788752 0.737189549863832 0.759975219783325 0.78404457206603 0.814923884432293 0.875772292986457 0.902180250546701 0.893958437522187 -9999 -9999 -9999 -9999 -9999 -9999 -9999 -9999 -9999 -9999 -9999 -9999 -9999 -9999 -9999 -9999 -9999 -9999 -9999 -9999 -9999
0.393562250455112 0.420322877337319 0.441172860278028 0.454974719399883 0.49443417488873 0.537066680627576 0.5372186210288 0.541082231080622 0.550282757047494 0.560852214025622 0.569776004601561 0.534225773414801 0.514550588862754 0.522580182926 0.555206877580763 0.59926628477063 0.581667695428427 0.569037079219717 0.567043532298336 0.535351123909371 0.486689443616008 0.518027683947565 0.543809165508516 0.544546096795262 0.546209268643777 0.548514860336057 0.628054277216705 0.702394298182619 0.732417191381198 0.755715588188277 0.773389708307768 0.807352233810521 0.846626279814321 0.898224985304661 0.924608687851937 0.925638780268892 -9999 -9999 -9999 -9999 -9999 -9999 -9999 -9999 -9999 -9999 -9999 -9999 -9999 -9999 -9999 -9999 -9999 -9999 -9999 -9999 -9999
0.396214746140363 0.46240112762979 0.481066147312485 0.44306450844335 0.481295614712463 0.538238974706115 0.560419238165629 0.576371889411256 0.583370014563294 0.57220758767474 0.553226784537596 0.512784595570812 0.498630541748677 0.530353957212138 0.574863585571084 0.625289267571865 0.561883835933066 0.5190857632805 0.520410696021751 0.523875346906723 0.52856258536527 0.531131539229107 0.530595226286665 0.52203635380387 0.532152704291448 0.555221773886881 0.591107168219024 0.631804496765671 0.684524765417041 0.725828173444482 0.757582675603853 0.827546372929402 0.894241031314426 0.918484935574751 0.929213431172939 0.926352223738154 -9999 -9999 -9999 -9999 -9999 -9999 -9999 -9999 -9999 -9999 -9999 -9999 -9999 -9999 -9999 -9999 -9999 -9999 -9999 -9999 -9999
0.408577433678166 0.47802202499325 0.508651410056084 0.49299575707097 0.504936787257467 0.525253150445607 0.548758748959986 0.568592239152168 0.583145697662823 0.576808032408116 0.561558528266819 0.523313618429574 0.501790037306395 0.509448147477514 0.556582295322338 0.622055123026189 0.559003901388357 0.5189294257066 0.528051117589526 0.561520563543228 0.608901777109279 0.612400030644644 0.608551623170608 0.590681381438788 0.600332925057956 0.629072966606362 0.688152788102741 0.74038068757625 0.758777101220205 0.778740649824714 0.800014928647785 0.851977938599898 0.902989444994984 0.927500994852016 0.939640883992041 0.939341105241015 -9999 -9999 -9999 -9999 -9999 -9999 -9999 -9999 -9999 -9999 -9999 -9999 -9999 -9999 -9999 -9999 -9999 -9999 -9999 -9999 -9999
0.418634193843748 0.487071895050394 0.52853396376706 0.537829046997363 0.528217786566078 0.516495415587155 0.538311879270029 0.559614082771277 0.580176844564036 0.579501776341607 0.569556629367686 0.53189668291038 0.503134382046964 0.489900054552587 0.534919582069808 0.607023035053277 0.5560886004325 0.528588860087847 0.55126581354654 0.610000459331836 0.689337672188705 0.692452170394162 0.686725823671237 0.667112670781943 0.680850072027176 0.71771867553335 0.787577669651532 0.839353654366105 0.818036716863984 0.818966166713166 0.838502190271146 0.876078416455756 0.913875879823735 0.939636973033913 0.957215927472558 0.966567765820278 -9999 -9999 -9999 -9999 -9999 -9999 -9999 -9999 -9999 -9999 -9999 -9999 -9999 -9999 -9999 -9999 -9999 -9999 -9999 -9999 -9999
0.415878696736259 0.48334584040195 0.525238035607176 0.53663348541643 0.534035267635782 0.529631086425793 0.547653338076814 0.565074969082138 0.581632982851912 0.578084011640214 0.565407064503068 0.519242220326684 0.489378824967908 0.487964355838604 0.517347766238078 0.561051966806948 0.545629983381135 0.552828316799706 0.608459657223268 0.677135832086885 0.75326553653455 0.738102753768679 0.725731219659168 0.732459302909411 0.771074931737719 0.831807052645766 0.837075313598339 0.824139195599512 0.768118000405283 0.775819347070158 0.836817355044126 0.897092583815444 0.949736203962368 0.968277442602998 0.974819074728611 0.969295138351773 -9999 -9999 -9999 -9999 -9999 -9999 -9999 -9999 -9999 -9999 -9999 -9999 -9999 -9999 -9999 -9999 -9999 -9999 -9999 -9999 -9999
0.415798116395842 0.485195624632908 0.528240678367971 0.539861852725568 0.53918682668945 0.536316808715214 0.547163104744697 0.558493886278217 0.570521297264384 0.571403947638919 0.566573135860867 0.529692233674078 0.503258293859979 0.495056160628721 0.504401374962814 0.521922490470512 0.555828715166459 0.5927097286089 0.635960147271811 0.703715456552908 0.785472317790513 0.744573265200791 0.717765681676421 0.744236305043131 0.788919373392857 0.846234188335729 0.830508786497979 0.801925280689055 0.754557229427953 0.77489346744945 0.851856645793668 0.916735143757008 0.970574308461531 0.983062949552955 0.989324385610733 -9999 -9999 -9999 -9999 -9999 -9999 -9999 -9999 -9999 -9999 -9999 -9999 -9999 -9999 -9999 -9999 -9999 -9999 -9999 -9999 -9999 -9999
0.418086288415463 0.491983050912157 0.53682097308298 0.547007796883449 0.543748683526398 0.537290827733657 0.537966490622021 0.541249128584944 0.548280270071965 0.56006389419821 0.572446428767372 0.560602241352097 0.54160975148628 0.510142203031694 0.495550993503323 0.488851534228033 0.584320406348264 0.646442755731329 0.637165912060111 0.69438124412678 0.78958873326125 0.716348159549618 0.668205387525624 0.708575125534698 0.742667881970838 0.772407063657784 0.774295055747666 0.773513050203379 0.773192962740125 0.811356022695925 0.881705860113244 0.935163087098639 0.978109599706083 0.985579298895363 -9999 -9999 -9999 -9999 -9999 -9999 -9999 -9999 -9999 -9999 -9999 -9999 -9999 -9999 -9999 -9999 -9999 -9999 -9999 -9999 -9999 -9999 -9999
0.439051788691902 0.498613261838551 0.536176682333918 0.547508612589904 0.537592483127864 0.521802785484452 0.509221446027913 0.512075416761641 0.537123429628103 0.549003204635783 0.554446593947193 0.52850515531793 0.516724761753355 0.529657909352214 0.533129885598607 0.532222245173588 0.609398075687415 0.66330935446078 0.667408236477486 0.699048048866597 0.746424139109308 0.698794137766549 0.674221166047628 0.723342319117504 0.761284625191023 0.791473531729595 0.819820813939127 0.840376147067792 0.83495839148316 0.860907171643148 0.913090492724573 0.949240289467164 0.976769428839751 0.976776019736986 -9999 -9999 -9999 -9999 -9999 -9999 -9999 -9999 -9999 -9999 -9999 -9999 -9999 -9999 -9999 -9999 -9999 -9999 -9999 -9999 -9999 -9999 -9999
0.460881877571272 0.498918529013396 0.526058801258089 0.540205729542157 0.52528061239629 0.502566935869496 0.486683640483819 0.49271694897416 0.530263587863104 0.53825844389655 0.533522234508315 0.493685558148928 0.485422890955462 0.532262482928048 0.558548951010622 0.575275395586181 0.62245271295799 0.662529251489004 0.687402109465804 0.69969226617304 0.704792945958134 0.691691512090324 0.696754265157794 0.75264729485577 0.796083554817491 0.830880076467068 0.876303522643685 0.909101131908036 0.895131464228275 0.907659657710403 0.942350299371124 0.962787276982266 0.978610292590277 0.983802705418207 -9999 -9999 -9999 -9999 -9999 -9999 -9999 -9999 -9999 -9999 -9999 -9999 -9999 -9999 -9999 -9999 -9999 -9999 -9999 -9999 -9999 -9999 -9999
0.47032168407281 0.467680354233611 0.47674243293982 0.499760194537281 0.49172812197204 0.479294889181788 0.512741629394722 0.533206696272055 0.535005743392594 0.528846190344224 0.519320779726704 0.501636515332053 0.478590320935898 0.446186605452681 0.481487549420741 0.548301402036357 0.578335626037692 0.606355317574386 0.630061636064939 0.667650953136266 0.71317270822454 0.727390582343437 0.752273382954838 0.809630592810771 0.853870635542459 0.889012903028267 0.896589137137787 0.901855393602103 0.90871482228326 0.928674615335945 0.959591373735036 0.977573316546827 0.990166712407047 0.987661878005271 -9999 -9999 -9999 -9999 -9999 -9999 -9999 -9999 -9999 -9999 -9999 -9999 -9999 -9999 -9999 -9999 -9999 -9999 -9999 -9999 -9999 -9999 -9999
0.470063164691511 0.451194990710353 0.448697791353955 0.465722095463615 0.469525189171088 0.474651119785026 0.530802200480778 0.556798954576821 0.53943756511834 0.529961207831961 0.523777081567706 0.524799658409097 0.492517132240279 0.40211128039632 0.435524117929823 0.526569118253893 0.553885600829383 0.585807987509918 0.627592207131111 0.68807815330218 0.759249851964234 0.766378087288824 0.784274403077587 0.839096930614678 0.881226392435752 0.914552226310968 0.917009574593178 0.919523047149249 0.932844831953245 0.95174206655498 0.975302531009864 0.988157826049717 0.997293908471951 -9999 -9999 -9999 -9999 -9999 -9999 -9999 -9999 -9999 -9999 -9999 -9999 -9999 -9999 -9999 -9999 -9999 -9999 -9999 -9999 -9999 -9999 -9999 -9999
0.459483023890436 0.45041057748582 0.443291975574647 0.438503227745171 0.459401231492727 0.48983283658274 0.540351372783058 0.562407749917064 0.543539108394518 0.542280066845705 0.548090243523268 0.564152649678614 0.528537496341609 0.402735814545303 0.42265727219635 0.510415420349511 0.550366607211764 0.603176924835915 0.683520294917009 0.764345932169927 0.845447126207343 0.808865369243908 0.791245855866771 0.839277838259425 0.876195054103781 0.905403315186103 0.937573499860996 0.963705235482758 0.968199309282016 0.976993921772649 0.98938544592741 0.994270780028051 -9999 -9999 -9999 -9999 -9999 -9999 -9999 -9999 -9999 -9999 -9999 -9999 -9999 -9999 -9999 -9999 -9999 -9999 -9999 -9999 -9999 -9999 -9999 -9999 -9999
0.426755600882649 0.435186445544253 0.436113446329875 0.428092518382397 0.441520197598206 0.46536419468077 0.530169479099326 0.563511619266544 0.551613700080575 0.550575025230886 0.552389269731938 0.529459225004926 0.488499814657892 0.416075956075178 0.451695941707606 0.537608012742089 0.575250392355894 0.614738202515332 0.658177316768287 0.748619862959603 0.86591912949599 0.82530173380791 0.794562447590689 0.810347307843436 0.835794542780581 0.867943385800286 0.929407195269826 0.980045168253789 0.983634745876913 0.987955973078788 0.99288914196814 -9999 -9999 -9999 -9999 -9999 -9999 -9999 -9999 -9999 -9999 -9999 -9999 -9999 -9999 -9999 -9999 -9999 -9999 -9999 -9999 -9999 -9999 -9999 -9999 -9999 -9999
