layers/veg/veg1200.asc
NCOLS 255 
NROWS 330 
XLLCORNER -2985163.8955 
YLLCORNER -3022031.214 
CELLSIZE 25000 
NODATA_value -9999 
[rows 75 to 99 of 330, columns 171 to 227 of 255]
0.827677606859705 0.832634062484193 0.835507646090088 0.835897517255991 0.823380083333098 0.808878655120617 0.8119280612563 0.814696410417711 0.817060634864312 0.806640883810678 0.792586801074556 0.801976071928739 0.807788054445417 0.807357032849153 0.804312404887138 0.800056325276452 0.812512138479484 0.820960110187506 0.820826777905046 -9999 -9999 -9999 -9999 -9999 -9999 -9999 -9999 -9999 -9999 -9999 -9999 -9999 -9999 -9999 -9999 -9999 -9999 -9999 -9999 -9999 -9999 -9999 -9999 -9999 -9999 -9999 -9999 -9999 -9999 -9999 -9999 -9999 -9999 -9999 -9999 -9999 -9999
0.826382843318323 0.827454212718416 0.827034056163722 0.824835335426782 0.809461725658633 0.79262657640622 0.799257414608754 0.804670097566699 0.808331225908031 0.78656974919847 0.757708610481067 0.778100763569407 0.791194906730498 0.791552725141238 0.785686469703399 0.776932253386151 0.798892857308587 0.81383825780849 0.813763205728424 -9999 -9999 -9999 0.801438925430379 0.799774322870851 -9999 -9999 -9999 -9999 -9999 -9999 -9999 -9999 -9999 -9999 -9999 -9999 -9999 -9999 -9999 -9999 -9999 -9999 -9999 -9999 -9999 -9999 -9999 -9999 -9999 -9999 -9999 -9999 -9999 -9999 -9999 -9999 -9999
0.818156057086602 0.818434624197508 0.817036571202281 0.813639239241486 0.802443600490473 0.790349381575187 0.79181501477002 0.791739086693692 0.789446586654728 0.763489149443528 0.731559413656721 0.758604136558362 0.776135893570966 0.777065833908946 0.776799863833697 0.775983247707393 0.79397023431936 0.807651450563861 0.812113458792667 0.813735915604273 -9999 0.801892427576476 0.801438925430379 0.799774322870851 0.799092611448513 -9999 -9999 -9999 -9999 -9999 -9999 -9999 -9999 -9999 -9999 -9999 -9999 -9999 -9999 -9999 -9999 -9999 -9999 -9999 -9999 -9999 -9999 -9999 -9999 -9999 -9999 -9999 -9999 -9999 -9999 -9999 -9999
0.812229217490737 0.810547782770794 0.806934252244134 0.801016801770612 0.792481469262248 0.784178003140458 0.785681709241158 0.78114020656975 0.767906451100341 0.743477755860418 0.717551643061528 0.746907516458239 0.765162678910559 0.764045127300153 0.767216531999191 0.772389260189132 0.790525040988035 0.804479711714174 0.809482088145056 0.800509196947971 0.783551147243226 0.788469503185498 0.792872607525502 0.793109109685979 0.793503322374467 0.79400691957595 0.806233311856163 0.816268779563713 0.814791241917782 -9999 -9999 -9999 -9999 -9999 -9999 -9999 -9999 -9999 -9999 -9999 -9999 -9999 -9999 -9999 -9999 -9999 -9999 -9999 -9999 -9999 -9999 -9999 -9999 -9999 -9999 -9999 -9999
0.809167189199806 0.804071890028925 0.796701352161095 0.786617714974093 0.778852286933279 0.773156033375723 0.781179010318414 0.773446226251024 0.743058631921929 0.727289362516166 0.718667221233234 0.744926577421585 0.759278730908556 0.752850698840179 0.756765358976853 0.76550068585002 0.788920132609511 0.805063539140816 0.80562800795146 0.797110187278716 0.783402947478701 0.776894047816318 0.773636092324323 0.778141713405144 0.784924896054054 0.793287744728324 0.806233311856163 0.816268779563713 0.814791241917782 0.814118294048078 -9999 -9999 -9999 -9999 -9999 -9999 -9999 -9999 -9999 -9999 -9999 -9999 -9999 -9999 -9999 -9999 -9999 -9999 -9999 -9999 -9999 -9999 -9999 -9999 -9999 -9999 -9999
0.801716912088374 0.781463978059921 0.756985196995824 0.727467321470694 0.743123466728418 0.766793543472445 0.739579143425625 0.711408507085063 0.681862922762855 0.694344416034777 0.722331014572148 0.746609041697116 0.76207719956151 0.76217056936322 0.769175194052161 0.779395783960635 0.783267964703049 0.786986554043604 0.790376284443174 0.785200625343376 0.775130892322917 0.764387816534931 0.755977679411826 0.753883665872161 0.759783096139863 0.771226601169378 0.78310824334606 0.793076129239128 0.796358590440818 0.78874711081998 0.7720240882914 0.771861589787424 0.77368462252487 0.772545505990493 0.762679344599449 0.744038165676762 0.781131742786826 -9999 -9999 -9999 -9999 -9999 -9999 -9999 -9999 -9999 -9999 -9999 -9999 -9999 -9999 -9999 -9999 -9999 -9999 -9999 -9999
0.792623554687885 0.755679067187126 0.712791782949272 0.662818034419562 0.704715560700967 0.760741085012258 0.691906547663478 0.6425074166552 0.621053964863649 0.663320316737939 0.727321599311534 0.749129992938776 0.766405959229583 0.775772034051395 0.786308303683245 0.79737876082525 0.776045819030068 0.763918668588464 0.771502301164695 0.769547839450066 0.762143521832777 0.750237767457144 0.738547480151485 0.728006820552546 0.73145767815755 0.744612740768453 0.7539726853089 0.763008168506256 0.772241005841917 0.773451601723399 0.767952504719928 0.76555487825859 0.764809512992368 0.769318647134695 0.762189001921019 0.743356598835326 0.779823297353212 0.820054597113381 0.804709559082351 -9999 -9999 -9999 -9999 -9999 -9999 -9999 -9999 -9999 -9999 -9999 -9999 -9999 -9999 -9999 -9999 -9999 -9999
0.780339746279434 0.750490472404689 0.7212455910827 0.692721415252223 0.71341225834889 0.74188023883631 0.705518268248013 0.686328839123703 0.691831373042558 0.71263079449876 0.738372122930964 0.748294914071057 0.757621947091256 0.765909276279414 0.77674991659936 0.788767731186772 0.765265030334468 0.749819932886447 0.751627200416679 0.741423288014646 0.72435645332902 0.72078754765656 0.71817024174701 0.716372409127627 0.725163618957626 0.741299153012594 0.737920785730304 0.73649697529454 0.748458679329721 0.748146476230897 0.737568545300521 0.688048279948981 0.655738478691138 0.729662028626818 0.756162914817253 0.734980454285372 0.763743101807637 0.798172580802242 0.796969710437722 0.796311393072235 -9999 -9999 -9999 -9999 -9999 -9999 -9999 -9999 -9999 -9999 -9999 -9999 -9999 -9999 -9999 -9999 -9999
0.763798785054236 0.739861625831514 0.722339620955758 0.712467341321786 0.716532123603767 0.723049084156843 0.713667487187554 0.715012770980553 0.731781965317389 0.737112992835248 0.738169710193848 0.739113638049017 0.742612959539667 0.750571897217596 0.760998733140124 0.77256418831273 0.752294903675969 0.737899450083827 0.736080624046783 0.721392996440116 0.699352420534166 0.701435238792024 0.704372664528291 0.706515135817818 0.717516557555225 0.734662350201821 0.726920312766731 0.721924039033705 0.734863211933768 0.732897472805427 0.718465469384363 0.63329193134444 0.575332591269721 0.691979482972481 0.732366578519302 0.696074676854767 0.732554563970972 0.777287884985709 0.770082154240848 0.770059779130359 0.778721458216573 0.803237442730271 -9999 -9999 -9999 -9999 -9999 -9999 -9999 -9999 -9999 -9999 -9999 -9999 -9999 -9999 -9999
0.740856033047169 0.721051876372256 0.712366216171899 0.716938762794313 0.711265699772332 0.704262578743368 0.713602344514488 0.720933355588707 0.725376029089674 0.724259098907631 0.721045437392665 0.717381577428395 0.71824302303148 0.727001931350424 0.735934990687522 0.744943230247137 0.736032510051116 0.729254564830134 0.72704316507431 0.7135346330049 0.693571169652066 0.697267894134612 0.700469403097606 0.699330274538574 0.707834888188175 0.72302818684974 0.723516037950458 0.72530352933344 0.736586466602495 0.73277059262084 0.716326279692441 0.612746790351307 0.538032573182928 0.657265494459626 0.681847824121772 0.611259266680779 0.678646511338409 0.757902932641815 0.71440079547721 0.714847379623872 0.768424157675541 0.803237442730271 0.829874600298641 -9999 -9999 -9999 -9999 -9999 -9999 -9999 -9999 -9999 -9999 -9999 -9999 -9999 -9999
0.72965066232095 0.703618707233309 0.690226398162626 0.691906184625987 0.689305142436414 0.686807940709429 0.697635850154395 0.703797545105288 0.703249808253047 0.702027726122454 0.700539129327171 0.698744449523344 0.701233796386723 0.71119953139106 0.71651859868701 0.719670990210136 0.713521698117097 0.708665723665017 0.706578908583919 0.699239285830147 0.688898325070323 0.689680349092555 0.690539099128257 0.69018388035738 0.695061836267087 0.703569405691316 0.709484755414979 0.714411682118198 0.71685507583145 0.711283856580802 0.699009324809996 0.592634895428812 0.514233256422443 0.630763899300773 0.672932834037237 0.640331293390026 0.678418924276734 0.722191821189572 0.700529694389555 0.712368018218224 0.764705482515647 0.775943024921916 0.777118830510712 0.800506471364201 -9999 -9999 -9999 -9999 -9999 -9999 -9999 -9999 -9999 -9999 -9999 -9999 -9999
0.723629418077613 0.688678865232407 0.665991485973239 0.657927279197807 0.662005789987727 0.669474577149533 0.675441655047291 0.677685608313608 0.67457617483764 0.675997537531138 0.679092205153791 0.681823201574585 0.68755328916289 0.698517324011626 0.699503067093244 0.695841529950868 0.688753280130811 0.683305049733547 0.681368311802943 0.682064568993108 0.684265261300293 0.680662953719277 0.678382044422161 0.680370237978733 0.681302206690004 0.681501601350747 0.691434383576686 0.697887350018274 0.689110469235873 0.681413574618846 0.674619965639759 0.572740302828278 0.496954606395694 0.608289742429338 0.679448778898479 0.710210867280189 0.697571736676885 0.681009539608655 0.701844141008832 0.728409035608539 0.76190135789533 0.738692314733633 0.708086489133681 0.774689985865656 0.813207495858657 0.81076855176826 -9999 -9999 -9999 -9999 -9999 -9999 -9999 -9999 -9999 -9999 -9999
0.732873310169573 0.726823976649006 0.71513339344145 0.696715924520511 0.668351146356791 0.64116809901794 0.654211742639683 0.65443610639562 0.63622795185773 0.64710343500028 0.668296477495571 0.678420290624208 0.685558897276882 0.687487787924272 0.68728992902695 0.686096728156134 0.669521251440865 0.656110363998796 0.64947526911044 0.655530433187927 0.668836530273862 0.669394985154277 0.670228544139372 0.673422896503604 0.67382856545526 0.672300065643248 0.677917350120033 0.681053841004672 0.673261718208424 0.652347662148728 0.620458600816819 0.554115138610233 0.512408548283345 0.607385094735608 0.659961529877861 0.669904779766733 0.668758384039547 0.665927077590361 0.668266220067836 0.683237922200804 0.713481293770052 0.723052191815591 0.730547168392483 0.779856461812408 0.809346591645337 0.809935381070816 -9999 -9999 -9999 -9999 -9999 -9999 -9999 -9999 -9999 -9999 -9999
0.742442489871676 0.743648519106661 0.736674945834974 0.719947638143377 0.673262450617327 0.623940530867053 0.634740091170204 0.631890495672559 0.609415124263383 0.626673046387041 0.657828355841789 0.669774017008546 0.676849789561021 0.675426740721387 0.674921040504603 0.674834679066861 0.651087536097716 0.632626075472103 0.625481940405261 0.635724896341111 0.655902451122551 0.655742287906794 0.655581559904374 0.658013642351511 0.657609073820969 0.655237067290935 0.66047221542327 0.664056484446348 0.659387295560538 0.634790184502284 0.593525632258663 0.545733932670923 0.520458111544073 0.602055559463366 0.638147504543817 0.628483802465892 0.627195889306989 0.628376166818869 0.633332851283955 0.648197831049267 0.675041080827048 0.708823505983183 0.744435742149807 0.777642809287147 0.793201165484562 0.783023248786884 -9999 -9999 -9999 -9999 -9999 -9999 -9999 -9999 -9999 -9999 -9999
0.752606627798833 0.721477269934471 0.707734839062889 0.714725380010852 0.675550841890964 0.62697653382092 0.618484337799233 0.610632317495049 0.603700789663739 0.621722977505498 0.647959432807438 0.651537517244185 0.655859318254028 0.661479036900538 0.66226728095737 0.660797551157566 0.634113953501821 0.615928185407293 0.615937363099649 0.628226115634174 0.647531145361502 0.63772786921675 0.629057850069804 0.627127362976674 0.625393228596713 0.623795280089542 0.635842496780588 0.646759447109083 0.649123963134803 0.638281888387246 0.616394001985667 0.556089152728107 0.514964902722125 0.588632807057501 0.612077753930474 0.585023667114307 0.56231493203425 0.549729966915423 0.595920338451524 0.631687603414076 0.65485423616658 0.697176369761202 0.742645745574024 0.761930738748261 0.775027861555044 0.779101508315425 0.780222493070089 -9999 -9999 -9999 -9999 -9999 -9999 -9999 -9999 -9999 -9999
0.742106995478926 0.696625691815439 0.682278286386787 0.705056373864585 0.669310038982274 0.620715569920751 0.613755299123599 0.606959873924244 0.60040147604069 0.613690064245119 0.633404033434658 0.632872421786285 0.633238323348333 0.635170545020877 0.632352646126992 0.627319036743096 0.61036246934618 0.600224587175108 0.604686386855532 0.618687329564653 0.638138727402014 0.615539593597014 0.600741704591766 0.612141481659267 0.61555343457632 0.613425210400555 0.622125247476032 0.630944494193087 0.636446606651724 0.623292955361042 0.594535878767454 0.540485163491903 0.505253340655211 0.573686570628595 0.592564262865917 0.561614009955044 0.541798897355733 0.534132494611139 0.588457681865392 0.621785641762213 0.629729774150907 0.676219599446293 0.730671314063567 0.749154525493121 0.764396861978726 0.774913185201363 0.774038881251162 -9999 -9999 -9999 -9999 -9999 -9999 -9999 -9999 -9999 -9999
0.72149886755058 0.670462925415451 0.658525851151982 0.693212066104367 0.658896845415698 0.609906629175496 0.614665006111722 0.611890183816028 0.598283564874421 0.604149056455409 0.616556059913035 0.613997661894734 0.609819693720617 0.602815287700283 0.593994175543927 0.584330003785311 0.583295308170716 0.585007385883239 0.592600658483905 0.608150594669611 0.628246792265834 0.591309511765751 0.571548718749468 0.604933905172692 0.616659765712372 0.613363199763215 0.613746261569819 0.615854561139615 0.622588335394111 0.599263492227117 0.550798033111766 0.512182206448602 0.493478205254789 0.557995062094342 0.576258023917712 0.548012832484186 0.542985708762436 0.549377786160382 0.595646174934879 0.615116373218778 0.602189882484476 0.650708655608384 0.713714765805748 0.737814502250981 0.757455477100996 0.770594452707029 0.771991935041225 0.769062855403285 -9999 -9999 -9999 -9999 -9999 -9999 -9999 -9999 -9999
0.70876172696481 0.662515184362759 0.653753846937148 0.689691593075628 0.654649726321913 0.603345389324393 0.59583796013446 0.587201973228465 0.576943261726028 0.571378928440147 0.567490166907788 0.56202546111128 0.55402521643573 0.541600005652634 0.543794403305131 0.552796037589075 0.561705347157638 0.561722441954969 0.542700161518619 0.551474696827122 0.576131717225693 0.578804515252013 0.580713387748969 0.583386508521695 0.586803125889038 0.590735415950786 0.596380124469033 0.599230371275908 0.591949659552869 0.570835064248351 0.53814999817602 0.49586453201283 0.468494175741063 0.515733638991563 0.528759335794664 0.507383192647324 0.5063039647174 0.519493304559315 0.595078976826106 0.638753085017895 0.643848878834875 0.679421531796059 0.721562650713888 0.738069709287852 0.750022041630758 0.755332434081059 0.759070385894326 0.761532567441918 0.748831583822287 0.748245707961226 0.769116217667441 0.775817694208878 -9999 -9999 -9999 -9999 -9999
0.693754965731258 0.653787431730173 0.647349956194084 0.680895265284121 0.645382361292737 0.593431053584164 0.578021976437042 0.563538302947679 0.550385243972498 0.536514897409471 0.522644026274234 0.514282992247261 0.50473416587643 0.493112430701945 0.503716768423527 0.524666575150184 0.534807738772566 0.532363945582807 0.502974141617289 0.507336435878815 0.5309839317897 0.560656727395812 0.578993150574304 0.566286619025914 0.563320408681917 0.567109868392351 0.578350477892041 0.583710917588768 0.566430167743286 0.548124180976143 0.528960700088688 0.479623223580765 0.442329363978267 0.481488636047874 0.49365517621761 0.478680605101856 0.483594856604386 0.503419604533763 0.590353568822368 0.647483561131297 0.668583135189729 0.697170410484717 0.725989658261949 0.734326005208778 0.739771257853228 0.74100056565135 0.74713517249834 0.754456935197105 0.746696793904039 0.749286353977694 0.770205687707176 0.776197547145962 0.775129212877905 0.758194376500653 0.75084589588249 0.76445441970981 -9999
0.673450970396467 0.642869809671359 0.636820066906093 0.660022715748965 0.624665632901345 0.575866441330284 0.562952284612019 0.542886586157995 0.512537866718908 0.497489836782875 0.488065406184543 0.476851456068487 0.470855837064157 0.473967133555469 0.486709987369859 0.503929193901672 0.495830118813747 0.4895236365778 0.487055326139105 0.492524003695832 0.502527700466791 0.529525605696571 0.551853328447783 0.559541278551099 0.554925203799164 0.541775331185806 0.559041026639512 0.570715190999384 0.552835549536397 0.538390471501134 0.526818015279306 0.463268435834218 0.41382069862183 0.465924434019592 0.487198722444823 0.477474094041056 0.493245368672987 0.519514040929545 0.576451099280121 0.621932610144217 0.653565357242605 0.688943813356247 0.722124263513617 0.721303074208927 0.723189243076991 0.729023423162187 0.737679545037155 0.746941138043922 0.745795534561739 0.752669899487448 0.773747979132526 0.778340446306969 0.775135772776157 0.758194376500653 0.750845895882489 0.76445441970981 0.769448967127705
0.66196327657035 0.653249996098503 0.646356302490996 0.641632367990272 0.608043234100245 0.567789387309951 0.544841347756878 0.521728630359248 0.498379126853965 0.488121728304897 0.48245283423649 0.470646585520231 0.462885772574796 0.462184964239866 0.470423512142034 0.482820370402582 0.482830511528906 0.486724645696834 0.498934908391408 0.506019562691922 0.510175557837969 0.527226688237232 0.54389597949295 0.557900621551824 0.551222162312631 0.53019836423501 0.535317945828258 0.538058565949995 0.523684402662867 0.5154336068694 0.512304311786031 0.452708791750927 0.406040959603917 0.458842316986286 0.48538106684884 0.485512843308831 0.500372087181462 0.522250318937614 0.567981228673027 0.605233369837824 0.632235414872585 0.652004607482134 0.669155470138963 0.681513647233845 0.690612395050133 0.69495807270273 0.711480711800305 0.731956129548678 0.737459545685857 0.746378288678361 0.761345724865054 0.755338779163245 0.739411655665088 0.739417413531076 0.744109507232596 0.758887830892071 0.763646044436944
0.655752103417231 0.67637683446979 0.667902032376268 0.624727607921062 0.593871274942568 0.565390598388235 0.524910238093753 0.500267692568091 0.49839794032852 0.496503185328542 0.494176324545837 0.483130747622016 0.470421699136991 0.454809597048634 0.454568137027699 0.461489240223976 0.485378639400669 0.50789022121003 0.527451718868813 0.536457339523965 0.539431565768273 0.542183728003292 0.547419262881513 0.559315096895889 0.550327361576131 0.526855247248766 0.508953325638315 0.493634972963784 0.485222736516732 0.484562737541017 0.490386603816801 0.445617517631173 0.410667398873651 0.456836693398908 0.486339713135646 0.499084843362433 0.505988325486727 0.516991793363184 0.562762746481047 0.593831842450173 0.607127667712656 0.597881021800568 0.586798491966943 0.625704581046329 0.648462704235967 0.647673019415499 0.675261137857091 0.712500828378144 0.724673901357121 0.734296136077955 0.73940072470953 0.717288191132466 0.682302873372778 0.70940251442835 0.733341417314599 0.749989661258276 0.758524576633394
0.65631342263171 0.666054510388705 0.659255213020751 0.632732399310753 0.596281738118991 0.557614830815815 0.525648689885338 0.507276745837765 0.508451553663705 0.509939190524773 0.510901651648705 0.498625904143608 0.48734776547503 0.477810631579314 0.481510446278558 0.491365475294358 0.476200479758663 0.472612798101664 0.493813634131811 0.51035209424107 0.524226575974982 0.525479494769252 0.527576650930117 0.533538416709855 0.532297172031411 0.526060079574133 0.507228875116922 0.488757909886155 0.475848543902742 0.474863718628425 0.483852415892557 0.44511458354833 0.411349654140333 0.434645443511264 0.455893365661153 0.475082163438215 0.490382875991785 0.508803198451281 0.55287449472794 0.587762302638602 0.611548069282714 0.60328700941329 0.587789032058039 0.595857069068055 0.609031861118431 0.629653590328944 0.662244102523548 0.697820220503686 0.698584649016652 0.692494081651078 0.674263016853444 0.650447731841952 0.62399129832511 0.685159584383571 0.732460264405408 0.749011317955197 0.769558464728283
0.656777852959495 0.653990161940535 0.647292323014107 0.635931843794233 0.596439962481817 0.550876354981815 0.526350666832465 0.512770480321018 0.514928553781095 0.515390353543568 0.514773192855833 0.504960536701697 0.495821282881283 0.487857235849491 0.492534438745531 0.503080590274356 0.461638738789329 0.440830137444039 0.464199977781441 0.484507988741314 0.503066538184325 0.504574916515191 0.506121028312207 0.509942862124606 0.514735983584858 0.520202768545435 0.506405774365176 0.490807287644208 0.475682838982237 0.472809133811376 0.480181782718385 0.444391087808101 0.410229192672431 0.414657281233459 0.427208142477358 0.447926427387389 0.469875851065657 0.494876663020399 0.537706201591144 0.576344979582471 0.609917491353742 0.605957471214653 0.590981780136402 0.577531936598598 0.583658892933945 0.618333762239429 0.650292175763445 0.679675243475102 0.674566783057121 0.659106474885799 0.625312591714097 0.59935854712111 0.577112482720767 0.661532970642087 0.726583713016171 0.748789886808067 0.772822074635955
0.655826844715555 0.642650201417378 0.631062701067957 0.621370167896317 0.587446126371126 0.547971822042743 0.523464288781371 0.50918719670197 0.509620197249817 0.497455903363999 0.481527812991994 0.484936369100361 0.478858222164376 0.456224091886706 0.45142002301721 0.454909999266617 0.433861845572337 0.428427472669336 0.456424212143802 0.468935437798013 0.472598583707414 0.477155842112662 0.484053571615056 0.49708759280958 0.501387789604704 0.499630400133672 0.503971319591523 0.505734566493454 0.496598656265022 0.488757078800081 0.481998063532195 0.441934200838626 0.404686542250515 0.404290067747236 0.408788519780288 0.4182088058222 0.439115068313725 0.465251701084466 0.508425035265189 0.548937060325403 0.586231793382687 0.590870032402026 0.586334628501302 0.587345257568887 0.597498887172275 0.62098531811568 0.63743344535982 0.650948653429955 0.658637717718439 0.654476047907647 0.629326209839787 0.597574296569436 0.562699823588782 0.638672302934266 0.704942915629359 0.749368979971484 0.786323298294285
