layers/veg/veg1000.asc
NCOLS 255 
NROWS 330 
XLLCORNER -2985163.8955 
YLLCORNER -3022031.214 
CELLSIZE 25000 
NODATA_value -9999 
[rows 200 to 224 of 330, columns 114 to 170 of 255]
0.0559288884927275 0.0542085724558204 0.0564870688180738 0.0609839594545849 0.0620701240112284 0.0630762908972162 0.0642312258087096 0.071930726451895 0.0840431914005217 0.0924892139525173 0.101342825051129 0.11265070798366 0.117581810244218 0.117323899327444 0.12167845847791 0.12688893628595 0.132805725340637 0.14111797634582 0.151774218170496 0.162879776703451 0.174369856033998 0.187608651004183 0.202937087735435 0.22072340798769 0.243543055565356 0.267914506514067 0.293343300488666 0.320432484414889 0.349875822679782 0.380455648580496 0.411298663393001 0.439199465030821 0.467989970221177 0.498310578907327 0.521505873368185 0.541428941708683 0.559674318705721 0.572461048841045 0.573741313632624 0.571908072021846 0.568321844054279 0.566714619779018 -9999 -9999 -9999 -9999 -9999 -9999 -9999 -9999 -9999 -9999 -9999 -9999 -9999 -9999 -9999
0.0525367220269658 0.0490262630300048 0.0513513535577355 0.0569137926681207 0.0573806456947943 0.0581066674018784 0.0600323910121441 0.0665807556401428 0.0762461414188864 0.0824104811143386 0.0904393643300305 0.105659689589249 0.112727274138633 0.113160683678576 0.11804847686905 0.123806457217441 0.130435612183839 0.13932969287235 0.150440032975196 0.162347698245763 0.174538400950264 0.187409299651076 0.201800604410958 0.21798024488821 0.240214188495692 0.264492715486546 0.291727709969032 0.319228639030415 0.347106618700963 0.37477512593018 0.402271297504058 0.427939523647607 0.454710427678361 0.483377706389355 0.506074079516916 0.526037340447114 0.546988968922992 0.562977728628638 0.568505090307098 0.567557676404494 0.562964792799859 0.562027810224319 -9999 -9999 -9999 -9999 -9999 -9999 -9999 -9999 -9999 -9999 -9999 -9999 -9999 -9999 -9999
0.0490729827974922 0.0452340118417236 0.047733622150294 0.0537496445782924 0.0542475617993377 0.0552415094488122 0.0580905454837049 0.0622662069921725 0.0673364046855584 0.0743405047605722 0.0838872110795085 0.101200672501946 0.109678833142435 0.110967395372442 0.115860980621364 0.121708982515675 0.129346747246213 0.138801759497883 0.150034972194523 0.163689734796478 0.177499844369092 0.189102364430331 0.201731597700974 0.215568474083085 0.237346519950119 0.262000458410055 0.292369220833732 0.320307720875236 0.344800516655817 0.368830190929414 0.392718961234641 0.417162497709207 0.441338270658379 0.46505354650705 0.486913957618882 0.507936222547926 0.532175983411173 0.552801959913727 0.565810318797941 0.564794764449414 0.555883376468691 0.558900517655777 -9999 -9999 -9999 -9999 -9999 -9999 -9999 -9999 -9999 -9999 -9999 -9999 -9999 -9999 -9999
0.0452639414683459 0.0423169123400514 0.0429122259722184 0.0454727012856176 0.0491385549899976 0.0522360993998083 0.0537516133825001 0.0588363319698388 0.0663277453884099 0.0714651814403196 0.0779942180027799 0.0898118120726419 0.0999846464484938 0.108819081377228 0.114298803731309 0.119756804146619 0.127306220599681 0.137908551209686 0.151498198213967 0.166460130794836 0.180707463360843 0.188833447952418 0.199874554474961 0.214344492814198 0.235924920729005 0.259931150616365 0.287641822355483 0.313770716612269 0.337656915820698 0.36139736606938 0.385018209549323 0.407372981168137 0.429906056971646 0.452745778573679 0.476065881965627 0.499626671375631 0.528662816995756 -9999 -9999 -9999 -9999 -9999 -9999 -9999 -9999 -9999 -9999 -9999 -9999 -9999 -9999 -9999 -9999 -9999 -9999 -9999 -9999
0.042297012705487 0.040201048888539 0.0391489079448355 0.0386758415998382 0.0441948453426476 0.0487268625047727 0.0500871883911663 0.0556481418855463 0.0640415552335616 0.0683487066591236 0.0731364138106652 0.0807458251436572 0.0921635465245956 0.106680225206827 0.112812775457484 0.118144185655916 0.12546405593277 0.136545984640329 0.15130913668026 0.167347503088344 0.182158019095322 0.187859112260695 0.197970362722093 0.213268939138056 0.23410173018906 0.256844954008792 0.282683304716375 0.307494983471058 0.33085101367165 0.353861058452937 0.37663866863425 0.397396492085365 0.418481018989689 0.440127407307757 0.462612466706185 0.4853625178652 0.476215352879416 -9999 -9999 -9999 -9999 -9999 -9999 -9999 -9999 -9999 -9999 -9999 -9999 -9999 -9999 -9999 -9999 -9999 -9999 -9999 -9999
0.0413371535270554 0.0399348077895697 0.0379457734874449 0.0356312659140958 0.0397402519995356 0.0440341131817018 0.048136107497967 0.0529869207215873 0.058342658373332 0.064403372586731 0.0706918161219261 0.0775141821768104 0.0890998104301829 0.10456147450578 0.111475498733255 0.117326677151497 0.12413806165076 0.134092573316243 0.147122675984371 0.163714200824049 0.179444486287799 0.185315758143861 0.19604392443079 0.212484878912944 0.23125749903745 0.251334832300969 0.277446394654754 0.302216397794438 0.325084295081597 0.346154423532298 0.366562867216509 0.386928957455447 0.406976199706389 0.426475090296074 0.442588335848661 0.457124073008342 0.464803105470745 -9999 0.495577288642894 0.495577288642894 -9999 -9999 -9999 -9999 -9999 -9999 -9999 -9999 -9999 -9999 -9999 -9999 -9999 -9999 -9999 -9999 -9999
0.039156932544585 0.0383575911391395 0.0366637293723789 0.0344736205578284 0.0381062066438991 0.0419612967773929 0.0457842243753779 0.0498475594544022 0.0540729999619731 0.0614492528200969 0.0688464662143595 0.0753543968655813 0.0864494614373356 0.101277239988801 0.110847454568474 0.11916610071182 0.125483139361314 0.134755227721279 0.146918870835872 0.16022658863732 0.173127408661241 0.182070871440603 0.194902589414587 0.212307760382463 0.229214805323022 0.246627427694363 0.270173583989669 0.293343182621974 0.31597888567436 0.336845492811368 0.35704369010976 0.376869470975159 0.395559405882997 0.41229592398656 0.429237867537977 0.446192795433682 0.441466016510623 0.449224745559477 0.483302096863514 0.495577288642894 -9999 -9999 -9999 -9999 -9999 -9999 -9999 -9999 -9999 -9999 -9999 -9999 -9999 -9999 -9999 -9999 -9999
0.0362139938906797 0.0359610238530134 0.0353323672680438 0.0344952935826299 0.03823498423639 0.0415259202933605 0.0431818426366452 0.0464093639358129 0.0506966056777283 0.0591146351262734 0.0673756420177384 0.0738645151620338 0.084057476518539 0.0972645861626955 0.110662675838955 0.122666088402286 0.128497618558921 0.137365401615278 0.149204197808011 0.156830031739559 0.164558140492346 0.178387531731865 0.194251938505211 0.212509976205527 0.227673066952848 0.242421715713857 0.261628349554512 0.28222334892239 0.304786817640726 0.326535138317828 0.347872399340439 0.367065011760956 0.384197627362102 0.397787480516526 0.420058392076154 0.446192795433682 0.441466016510623 0.449224745559477 0.483302096863514 -9999 -9999 -9999 -9999 -9999 -9999 -9999 -9999 -9999 -9999 -9999 -9999 -9999 -9999 -9999 -9999 -9999 -9999
0.0305964602762965 0.032640328724839 0.0341047501997352 0.0352477157721631 0.0372650092914343 0.0388261008210566 0.0391185944113136 0.042611064444972 0.0482612608124955 0.0558831796648299 0.0635789167818754 0.0709176181421085 0.0820560357774704 0.0962864176556081 0.106274884342149 0.115722870364112 0.125590898058948 0.136445580179454 0.148265716547857 0.155504166159011 0.162744516870574 0.175956769317017 0.190517122995211 0.206663143587179 0.221308333910353 0.235891661403595 0.25395334465529 0.274005071591283 0.296878346543124 0.316176104900018 0.334055187992732 0.349884664429438 0.368885567859434 0.393340660513754 -9999 -9999 -9999 -9999 -9999 -9999 -9999 -9999 -9999 -9999 -9999 -9999 -9999 -9999 -9999 -9999 -9999 -9999 -9999 -9999 -9999 -9999 -9999
0.0270131133060406 0.0301392775225735 0.0329280058450668 0.0355295371249023 0.0362560253211182 0.0365855558319141 0.036085776554022 0.0397186208786332 0.0461380703338733 0.0527305931132538 0.0596268377307837 0.0674684627986463 0.0794848564923345 0.094898407862612 0.102460925506189 0.109978583571909 0.122416696241475 0.134582880700705 0.146482979852901 0.153821777962054 0.160943108423977 0.172678711360054 0.185844069795719 0.200691138726924 0.215055909300261 0.229520004804341 0.246230031421128 0.265441486438365 0.288199547188815 0.30545137086753 0.320581534274353 0.33376272937133 0.340632643415065 0.3366484778331 -9999 -9999 -9999 -9999 -9999 -9999 -9999 -9999 -9999 -9999 -9999 -9999 -9999 -9999 -9999 -9999 -9999 -9999 -9999 -9999 -9999 -9999 -9999
0.0300536743290993 0.0302746159386243 0.0318806804800531 0.0342551603594767 0.0353642511364109 0.0361932003474395 0.0364308602931751 0.0395994437884882 0.0447443327464587 0.0500032658644884 0.0557062121814594 0.0628334786691863 0.0751345891354138 0.0916458404176635 0.101247897418464 0.110021416324051 0.119703670996403 0.130662838193685 0.142871480981724 0.150638246212394 0.157743368619237 0.16661219031665 0.179032807093668 0.195631124928728 0.210162093819619 0.224113529094614 0.238178090467299 0.255233694024709 0.276530093504451 0.293648260603474 0.309117328134066 0.322358173404832 0.331750570561494 0.334524444170641 -9999 -9999 -9999 -9999 -9999 -9999 -9999 -9999 -9999 -9999 -9999 -9999 -9999 -9999 -9999 -9999 -9999 -9999 -9999 -9999 -9999 -9999 -9999
0.0323936862178681 0.0311535049213817 0.0317373948191788 0.0333332124318361 0.0351999786208949 0.0367924519976282 0.0376487106820143 0.0398387747529941 0.042928216384343 0.048018334141607 0.0537044919993754 0.0607407990924685 0.0730250008366101 0.0895796010621083 0.100036048199924 0.109329910185735 0.117555651164124 0.126889541437752 0.137307770276694 0.145186589319457 0.152899235835695 0.16290710860326 0.175785688537839 0.192040858647293 0.206795457925857 0.220791394274368 0.231670515217369 0.245497228878045 0.263503134407577 0.279290256747947 0.294238007144356 0.308698410811728 0.317008816114752 0.314742514188065 -9999 -9999 -9999 -9999 -9999 -9999 -9999 -9999 -9999 -9999 -9999 -9999 -9999 -9999 -9999 -9999 -9999 -9999 -9999 -9999 -9999 -9999 -9999
0.0342040677050123 0.0325945343251277 0.0322775828622198 0.0326777083805258 0.0355857132103434 0.0381413802361946 0.0395263916645579 0.0403491456141703 0.0407927724702643 0.0465946696036987 0.0531535060635926 0.0605701571222711 0.0726094147017874 0.0884102515772125 0.0988250902321589 0.108083227854282 0.115834787728236 0.123227187665373 0.130268144911277 0.138020180424453 0.146811906149664 0.160987326449244 0.175233140574157 0.18956175349573 0.204583403057694 0.219045066557982 0.226330514071775 0.236117097409484 0.249449871655978 0.263000697698463 0.276776784956344 0.293333662896493 0.306038634784874 0.312119136198257 -9999 -9999 -9999 -9999 -9999 -9999 -9999 -9999 -9999 -9999 -9999 -9999 -9999 -9999 -9999 -9999 -9999 -9999 -9999 -9999 -9999 -9999 -9999
0.0320894178285489 0.0326427220161054 0.032729434788296 0.0325572997774591 0.0344867122185879 0.0366107083018019 0.0390180624425798 0.0408061441154457 0.0421766538044281 0.0459564771269693 0.0490422425913025 0.0491147063489811 0.0822116091371449 0.0819493744269182 0.0921777762978395 0.103189967609242 0.110766068982372 0.119374076857779 0.128991818729342 0.137799978503122 0.147488494736037 0.163572126647497 0.178005906815797 0.190499094348956 0.199940966716631 0.208428819320167 0.216149987204378 0.226373753448661 0.240145784232583 0.254194926567225 0.268663897287475 0.289223310765714 -9999 -9999 -9999 -9999 -9999 -9999 -9999 -9999 -9999 -9999 -9999 -9999 -9999 -9999 -9999 -9999 -9999 -9999 -9999 -9999 -9999 -9999 -9999 -9999 -9999
0.0291950608428696 0.0326146032374048 0.0333579415979616 0.0326166202363045 0.0336623548683659 0.0353564561443052 0.0385379581310707 0.0413688898756777 0.0439634340540779 0.0459315050291799 0.049456266160023 0.0582867278094981 0.0662387104955892 0.0734758436123602 0.0866000699777701 0.0993137043248094 0.106411513394767 0.11589188293032 0.12770361901381 0.137716571682752 0.14837295511879 0.165273673785416 0.179733358984415 0.191321845853592 0.195248946394858 0.197634109089172 0.206171331475282 0.217156481898944 0.231612383518569 0.246283340042261 0.260148388041892 0.257076890360743 -9999 -9999 -9999 -9999 -9999 -9999 -9999 -9999 -9999 -9999 -9999 -9999 -9999 -9999 -9999 -9999 -9999 -9999 -9999 -9999 -9999 -9999 -9999 -9999 -9999
0.0252100207970765 0.0329740421623829 0.0347126165973847 0.0331084943425299 0.0346272263931094 0.0365818197206807 0.0393361695465482 0.0423665685254958 0.0455831059143903 0.0478921092105193 0.051352848820536 0.0588741050560194 0.0663031469747522 0.0736571508250032 0.0878210230813487 0.101155688369792 0.106458181844053 0.113936989767539 0.123545349816975 0.134758135746323 0.146746468415991 0.161353531907278 0.175790528368225 0.190027488172587 0.191556205093512 0.190496026269439 0.199345020582448 0.210150791646661 0.223730943797771 0.238161077410689 0.252258577734114 0.254020561312724 -9999 -9999 -9999 -9999 -9999 -9999 -9999 -9999 -9999 -9999 -9999 -9999 -9999 -9999 -9999 -9999 -9999 -9999 -9999 -9999 -9999 -9999 -9999 -9999 -9999
0.0200867814975405 0.0325942688659858 0.035751154120564 0.0337206686961328 0.0353753484278412 0.0373840293608862 0.0399226037468822 0.0431475139291534 0.0468352165249596 0.0491256001824003 0.0523297310796986 0.058961303637415 0.0659347284933066 0.0731863307197527 0.0894281710330943 0.104384910361537 0.107912159292132 0.113589244066294 0.121369971304782 0.13251493017485 0.14437537073297 0.156200722529207 0.168450062683322 0.181198107456258 0.184202848223726 0.185245606335364 0.194102389426405 0.204449743147655 0.216910475905418 0.232452757277035 0.248297669556205 -9999 -9999 -9999 -9999 -9999 -9999 -9999 -9999 -9999 -9999 -9999 -9999 -9999 -9999 -9999 -9999 -9999 -9999 -9999 -9999 -9999 -9999 -9999 -9999 -9999 -9999
0.0139277418051776 0.0315417870725792 0.0365019956880452 0.0344423204044967 0.0359262209861209 0.0378011543932169 0.0403163134115817 0.043731224638821 0.0477528337806794 0.0496973931734489 0.0524696544023051 0.0585933224634937 0.0651723971387319 0.0721220523690978 0.0913867695539063 0.108876566505718 0.110646836238989 0.114704057724947 0.120999091383966 0.130922608787798 0.141326651497062 0.149926143411385 0.158017632452422 0.165511597116728 0.173518205525639 0.181713024426624 0.190300961195146 0.199935963429662 0.211055528797819 0.228941207681913 -9999 -9999 -9999 -9999 -9999 -9999 -9999 -9999 -9999 -9999 -9999 -9999 -9999 -9999 -9999 -9999 -9999 -9999 -9999 -9999 -9999 -9999 -9999 -9999 -9999 -9999 -9999
0.013476609788273 0.0213612445291312 0.0288581675963619 0.0361400024646517 0.0373956120014294 0.038784731514119 0.0411461415036052 0.0438401739361311 0.046758491833652 0.0502495095952182 0.0541151811646086 0.0590377855041539 0.064993378597577 0.0717895513708792 0.0886517634453355 0.104499536497825 0.109390548821421 0.114192085730263 0.118906069776615 0.126727236664584 0.135755483273262 0.148066010058635 0.158386724892977 0.166366978268587 0.173440134624065 0.18048958693222 0.189770866403627 0.199600716220222 0.210208346736421 -9999 -9999 -9999 -9999 -9999 -9999 -9999 -9999 -9999 -9999 -9999 -9999 -9999 -9999 -9999 -9999 -9999 -9999 -9999 -9999 -9999 -9999 -9999 -9999 -9999 -9999 -9999 -9999
0.0147942017800814 0.0119335455530514 0.0208920328457914 0.0364073469395066 0.0383672798324418 0.0399790523825769 0.0421040704383342 0.0440691261461198 0.0459263201315615 0.0507791447424401 0.0546313832683561 0.0542847884347196 -9999 0.0724998514669442 0.0856107544764013 0.0993019505444269 0.106967565339879 0.112613283119493 0.116282505275593 0.122161228917714 0.129901079949569 0.146059715317971 0.158901410696294 0.167841646841909 0.173264567343254 0.178307787030408 0.189281434131376 0.19571645067765 -9999 -9999 -9999 -9999 -9999 -9999 -9999 -9999 -9999 -9999 -9999 -9999 -9999 -9999 -9999 -9999 -9999 -9999 -9999 -9999 -9999 -9999 -9999 -9999 -9999 -9999 -9999 -9999 -9999
0.0197673107446358 0.0155175520765023 0.0195495183025424 0.0281758813775242 0.0358077822885304 0.0417215734653751 0.0433042324694032 0.0454005270324584 0.0478431631987489 0.0512099089592329 0.0538945045452532 0.0540565749197446 -9999 -9999 0.0856107544764013 0.0985743157893687 0.102357199311872 0.107029585029344 0.112572360267507 0.118223773373823 0.125055540744943 0.138908260402154 0.149476352006732 0.156180990404352 0.162062510727697 0.168790972148042 0.185763595974652 -9999 -9999 -9999 -9999 -9999 -9999 -9999 -9999 -9999 -9999 -9999 -9999 -9999 -9999 -9999 -9999 -9999 -9999 -9999 -9999 -9999 -9999 -9999 -9999 -9999 -9999 -9999 -9999 -9999 -9999
0.025152902385928 0.0208895966857995 0.0202554262265255 0.0216345667294034 0.0328548812906034 0.0418609457496579 0.0441266420447767 0.0470682382232107 0.0504655899370623 0.0525546477137793 0.0554077995581597 0.061169569295656 -9999 -9999 -9999 -9999 0.100816701917505 0.104112843063834 0.110634301391741 0.116166974879925 0.122524388932028 0.135172573348404 0.144071709190292 0.148561129988021 0.155263604714227 0.161898212568576 -9999 -9999 -9999 -9999 -9999 -9999 -9999 -9999 -9999 -9999 -9999 -9999 -9999 -9999 -9999 -9999 -9999 -9999 -9999 -9999 -9999 -9999 -9999 -9999 -9999 -9999 -9999 -9999 -9999 -9999 -9999
0.0309896096350745 0.0282171461767614 0.0232016108907483 0.0169417017250394 0.029471730858461 0.0402470190822307 0.0445359190493057 0.0491037583813676 0.0538596849772044 0.0548989634261334 0.0565865431117778 0.0615346296525252 0.0637545971356962 -9999 -9999 -9999 -9999 0.104112843063834 0.110634301391741 0.116166974879925 0.122524388932028 0.135172573348404 0.143064032483492 0.145360524624404 0.153280246291853 -9999 -9999 -9999 -9999 -9999 -9999 -9999 -9999 -9999 -9999 -9999 -9999 -9999 -9999 -9999 -9999 -9999 -9999 -9999 -9999 -9999 -9999 -9999 -9999 -9999 -9999 -9999 -9999 -9999 -9999 -9999 -9999
0.0350083986442097 0.0319390405533949 0.0290339152944933 0.0262199003797622 0.030153622530076 0.0358011508756874 0.0451694531965496 0.0514242149043459 0.0555795334783579 0.0571656771341872 0.0593128873409826 0.0640850113659424 0.0671687301533349 0.0688785335628758 -9999 -9999 -9999 -9999 -9999 -9999 -9999 -9999 -9999 0.145117706616012 0.145117706616012 -9999 -9999 -9999 -9999 -9999 -9999 -9999 -9999 -9999 -9999 -9999 -9999 -9999 -9999 -9999 -9999 -9999 -9999 -9999 -9999 -9999 -9999 -9999 -9999 -9999 -9999 -9999 -9999 -9999 -9999 -9999 -9999
0.038966968275225 0.0349995211232228 0.0352852977194031 0.0379306066637588 0.0323892515378776 0.0319167464411381 0.0453804536211321 0.0531331810366069 0.0570350265321586 0.0595653198568025 0.0625132273751401 0.0672504773630718 0.0694632711767886 0.069621825237338 0.0714303206641701 -9999 -9999 -9999 -9999 -9999 -9999 -9999 -9999 -9999 -9999 -9999 -9999 -9999 -9999 -9999 -9999 -9999 -9999 -9999 -9999 -9999 -9999 -9999 -9999 -9999 -9999 -9999 -9999 -9999 -9999 -9999 -9999 -9999 -9999 -9999 -9999 -9999 -9999 -9999 -9999 -9999 -9999
