layers/veg/veg1300.asc
NCOLS 255 
NROWS 330 
XLLCORNER -2985163.8955 
YLLCORNER -3022031.214 
CELLSIZE 25000 
NODATA_value -9999 
[rows 104 to 129 of 330, columns 177 to 235 of 255]
0.531102339314321 0.521288342903799 0.515998734246271 0.513467979125339 0.506119958525198 0.495238970913106 0.487329984839558 0.484797703096696 0.484097376051273 0.468881302061825 0.484514477863686 0.493310558608809 0.484606638097048 0.483520210300634 0.486679238497806 0.494877038684064 0.502420503800142 0.508366973677879 0.527329566774286 0.540248389521196 0.542952633367949 0.555302208738447 0.560147160160245 0.570696994608822 0.577055878223243 0.580409072864669 0.590226773664715 0.606352204805205 0.620315070893833 0.631237435884568 0.63913824957355 0.646561182768941 0.651879044137309 0.654597798198252 0.666137778420226 0.669307611217778 0.676861942952101 0.680006545140011 0.680136741330121 0.683356883938694 0.68698590892556 0.691791965317985 0.700797799766952 0.707926660175033 0.715967334976459 0.7236076819449 0.727458224969417 0.737058993621642 0.753619745888045 0.766889551394057 0.771992500135023 0.77914964803102 -9999 -9999 -9999 -9999 -9999 -9999 -9999
0.521625176857646 0.51728306762431 0.512883057279903 0.501443705711132 0.490092526070998 0.483334920942082 0.477532681823733 0.477934455808213 0.472375321687572 0.474479312524191 0.485150647745495 0.486347387529898 0.473700152880382 0.474479546316274 0.476373234150435 0.485113044999166 0.494609621477747 0.502231404543826 0.520663621821782 0.541142076989838 0.545819309017847 0.553054398765877 0.554594554802585 0.565268795018212 0.572729976642617 0.586449832676277 0.599938778282996 0.611495985212291 0.62348313203156 0.635041595887276 0.644594201071417 0.653208817964336 0.659819685066096 0.662246730803023 0.670570262557303 0.679513861962087 0.680384080854167 0.682719254751524 0.684897017376824 0.688548624590078 0.690677296169681 0.695267460589054 0.705350263651117 0.711094708734074 0.715999226949482 0.728322623141204 0.727010876982005 0.738893366143168 0.751183661196566 0.766774411454966 0.776873043344679 0.780603964984394 -9999 -9999 -9999 -9999 -9999 -9999 -9999
0.512451500944801 0.510619687785498 0.505671808034515 0.489580363130627 0.476772901638343 0.47403667881222 0.470635680337822 0.466341900120195 0.470975403507924 0.477047183782125 0.477550672589742 0.46895288529059 0.464619796998467 0.464337010733458 0.467627813543978 0.475748144725817 0.491076418004805 0.506580548120529 0.521814839702872 0.537324226951944 0.543908635673767 0.546868878865586 0.551941442593368 0.563304325226131 0.578045820437079 0.592606069049325 0.601447700442848 0.616105822181451 0.627832570939905 0.638796581668266 0.649375380784464 0.659483943214071 0.668088867535778 0.673668329601778 0.680200310664778 0.686240404063187 0.684893496029573 0.690738840068719 0.693653799904189 0.698163252133039 0.698449961351752 0.698593948554645 0.700601856384559 0.69982969909186 0.705579449659182 0.724635553196787 0.729540513635637 0.745553350330941 0.763926890337676 0.775284856399755 0.778937644073757 -9999 -9999 -9999 -9999 -9999 -9999 -9999 -9999
0.504286390122546 0.499376794404419 0.494037285322286 0.48364683423161 0.470739313512017 0.460321968510154 0.45562537136753 0.458097665336913 0.466494999480923 0.470327509716706 0.461905921744297 0.452565194307385 0.457982043091771 0.453321712833876 0.463341248028638 0.481781444862442 0.49363624159697 0.507085324296739 0.520213837773223 0.531894493818049 0.540142469364206 0.544499302456341 0.552211495264253 0.568239000959385 0.584517257729694 0.598168480336629 0.608439790277065 0.621120140460709 0.633024105397238 0.642125230481182 0.651791483429891 0.663025051873244 0.673028504003203 0.680365664298919 0.687286378335503 0.691514586736246 0.68993379971951 0.690478931212452 0.700494828533476 0.703713538214939 0.698351372826582 0.687470664232191 0.694407913702775 0.704420737633582 0.711237311795792 0.725726674116414 0.737070415594739 0.740677047166669 0.75469244514161 0.777511568186825 0.783560829783875 -9999 -9999 -9999 -9999 -9999 -9999 -9999 -9999
0.497118868519962 0.491814887348667 0.486569811774587 0.484834646413713 0.474511489542841 0.463504560093795 0.461707641156471 0.464329397686476 0.463632811722287 0.456974121515196 0.446743854880157 0.444905544288275 0.452469604737339 0.460415596263789 0.460519265813488 0.476023724923693 0.492379092900876 0.50320317318013 0.515614070120155 0.527772830989456 0.53852696212858 0.54774899629412 0.55837509686083 0.575093255291264 0.590046606884692 0.599909025299028 0.613058335527379 0.627173247237844 0.638751317056268 0.644220850373716 0.653174878717774 0.664968554865863 0.674956165082237 0.683814789591704 0.692429485342228 0.696633429738915 0.695146852915754 0.690484864372592 0.702121587646321 0.703010913413743 0.695838806054204 0.709566066481584 0.704729937881228 0.705888021972957 0.71707214730589 0.731347208060959 0.742263043613679 0.750437471272987 0.768811219232933 0.787351908713333 0.791436368024566 -9999 -9999 -9999 -9999 -9999 -9999 -9999 -9999
0.4859306326894 0.471177959364285 0.471809465254356 0.471378883677524 0.466101245617173 0.457363333029268 0.458991850867277 0.462179478722394 0.459288062145036 0.449267508350862 0.441517895726197 0.444640830871098 0.455970912853982 0.460332859917053 0.4650638030457 0.477155508338764 0.489131074041733 0.500802731647671 0.515948305070219 0.529542321994278 0.538834300424747 0.55068869655008 0.565791770878962 0.581661643784654 0.595516669006571 0.607187873533351 0.619841667109652 0.631737229894987 0.642465195630467 0.646641589626757 0.656988017104489 0.666751882861967 0.674441710074473 0.679828632111863 0.686333600212658 0.696027072772567 0.703042599698139 0.703797627428797 0.707668351550067 0.708334880859279 0.714534087413659 0.721508367125266 0.703843652707932 0.705143838328926 0.71732585469198 0.73478818232045 0.753644543532895 0.769527397777503 0.78202301249165 0.792872672368118 0.795808446327964 -9999 -9999 -9999 -9999 -9999 -9999 -9999 -9999
0.471497521058713 0.456327224070615 0.454112494323024 0.440050413567557 0.446723341957512 0.448765609248315 0.451936509667997 0.454951013319431 0.455754132929255 0.451591208790112 0.449914731821228 0.452211631486492 0.45383769831536 0.460747425481262 0.466681388237852 0.478891321892168 0.489795391436076 0.503331436846456 0.518386685412696 0.531599332535208 0.54261955065102 0.55752135760177 0.572907747176179 0.58061887201814 0.593344915997916 0.611496729167362 0.623590627165959 0.634277451896328 0.644185420228931 0.649704156971341 0.658606483938603 0.66738011569836 0.67692932290599 0.68306153461678 0.688075968028762 0.700066068429184 0.713165732083892 0.718297769654676 0.720632837615823 0.72802414546082 0.731032930301078 0.734101804772674 0.705834124996927 0.713605921799852 0.726233277359889 0.740337071421137 0.754397099082671 0.773523247008678 0.789683420835952 0.796217861590211 0.796457861156969 -9999 -9999 -9999 -9999 -9999 -9999 -9999 -9999
0.468480537917014 0.450016551453506 0.437079730671471 0.427807852616686 0.43587353383121 0.443682288744876 0.447678336316494 0.452247135877197 0.451767361459383 0.448857638350193 0.449048945126766 0.447909051768973 0.449611058694655 0.457431487784727 0.46514088034307 0.479181131417497 0.493015977830557 0.507044005435843 0.517792782538 0.520470547883723 0.546771442930233 0.556863545866098 0.560827551573557 0.571633608194008 0.590251606919304 0.607126272566791 0.621313149843063 0.637078396144867 0.646579759189909 0.652242517251811 0.659752091297951 0.667949986841691 0.67798004236885 0.682550253738488 0.690621903721179 0.708516573034508 0.72271063012791 0.730527705472286 0.73390299170636 0.735748612437814 0.738522217821673 0.742343068674459 0.727217660624343 0.731067990151082 0.75707182125609 0.770933594563496 0.775504697102283 0.786951985382735 0.795655302166967 -9999 -9999 -9999 -9999 -9999 -9999 -9999 -9999 -9999 -9999
0.452940680253635 0.441488655777308 0.430571353723009 0.424789381124089 0.430416978459259 0.441340706479399 0.444643151136653 0.446340582651655 0.444562176042006 0.444797830692245 0.437232086853424 0.438967338471208 0.446820331210614 0.454888658518731 0.464044660746726 0.478240065342012 0.494538928555608 0.510325599445934 0.526399413870523 0.53949106444317 0.553285827766184 0.543813339297316 0.544807419293408 0.570286045614622 0.592820885245597 0.599470337790025 0.616713691423367 0.638906378867182 0.648398950065823 0.65587604216933 0.665829595852429 0.677245302767854 0.684114191026485 0.683017129862635 0.688650002919411 0.711544068726633 0.730659786107519 0.740940753439532 0.7384474833377 0.74297374321392 0.751247424486164 0.754039624723185 0.754297141460189 0.751888861977637 0.762318398418795 0.78191754650974 0.78704754992198 0.796524918599633 0.798467013194943 -9999 -9999 -9999 -9999 -9999 -9999 -9999 -9999 -9999 -9999
0.444011402650235 0.433053116036162 0.428419825580431 0.420953079598673 0.425290659852483 0.436978809336922 0.438750764983283 0.434658114490183 0.426575136311133 0.433213769973288 0.430788197166668 0.437599608136832 0.447462679766478 0.454637324539942 0.464489204201999 0.478962053640052 0.496181550949877 0.513788405823261 0.529077326850347 0.540152265113581 0.530523103800074 0.518639380877342 0.539087474372192 0.578911720155265 0.600124236302059 0.595455372361952 0.616471204302348 0.641756112643844 0.654500590976411 0.661424442043403 0.669555172625027 0.682839740093158 0.688454571818382 0.688710048775676 0.699362956506037 0.715325697336107 0.729943732455991 0.741458068123695 0.746460166156174 0.755627087489464 0.766103708525758 0.765660756342099 0.763020610277703 0.770073790602078 0.781096345440254 0.78890010853011 0.79711668788265 0.800098955515807 -9999 -9999 -9999 -9999 -9999 -9999 -9999 -9999 -9999 -9999 -9999
0.432618316883364 0.425056125697065 0.424170788591779 0.419481803201214 0.421120707889071 0.424849133012218 0.431440438471813 0.428849840887888 0.431223071897345 0.435170246842544 0.430071124119506 0.44059823430382 0.451791766655636 0.457859690374175 0.468484395343091 0.484291323751886 0.499714611860986 0.515903396580631 0.532639760356721 0.543443158352502 0.538578527773116 0.528580617237284 0.551869290898345 0.590863083127273 0.60329195322243 0.595978368416856 0.619095029598359 0.648275589681398 0.663908339836822 0.669990417312393 0.676153333566013 0.684642522227485 0.686890121462162 0.687863240267297 0.708776352628876 0.722773984165011 0.737431453345006 0.745066904297569 0.754634659604449 0.762558919476826 0.774755082537085 0.77627308946328 0.775757487727127 0.781328433991929 0.789869364942278 0.79647606929507 0.802424492818447 -9999 -9999 -9999 -9999 -9999 -9999 -9999 -9999 -9999 -9999 -9999 -9999
0.419253320439398 0.415395900304698 0.417333027019934 0.419717103092601 0.419569044334065 0.422398774465036 0.423093925684709 0.427564506736723 0.434802125564829 0.438314650033705 0.434325794793507 0.446243306807446 0.457401983954404 0.465021440713092 0.476052486668082 0.491225742987985 0.504108923190568 0.519027450052025 0.535885757616471 0.549778866395439 0.556405431527938 0.554046212960799 0.571029075132582 0.59799687264516 0.60084494637677 0.62124496155447 0.64367773964852 0.661510902975027 0.673301838825511 0.680414845574755 0.686993553885723 0.691057491121755 0.693386444189453 0.696423256520156 0.70958327802179 0.732013328750593 0.744121850164785 0.748221802476987 0.758588356771748 0.764424400785919 0.780519232669683 0.785398570420254 0.785430510464841 0.790370845775225 0.795627670103391 0.798096699223797 -9999 -9999 -9999 -9999 -9999 -9999 -9999 -9999 -9999 -9999 -9999 -9999 -9999
0.409427036873006 0.406518568296438 0.407158027315286 0.407683814814151 0.405809913302142 0.411213828904751 0.424172750896109 0.429875351360328 0.436070513307382 0.440370391758044 0.442610932935904 0.451088093526823 0.461506995429182 0.470493356119925 0.481716570594066 0.483783701611984 0.498554506570453 0.518051786954813 0.53240059264266 0.544617803810113 0.556947810274925 0.565838034381799 0.582307395736226 0.601805087845909 0.605628838385373 0.61156605259229 0.65907373057264 0.671695395872841 0.681066317489012 0.691008025656934 0.700204849013905 0.705855935304 0.714754058691731 0.720675718585642 0.726137050146271 0.738652896210015 0.748891322205268 0.754275439897426 0.763639728930478 0.771553428619297 0.782172655513554 0.784589223044549 0.794010299864642 0.796038942589397 -9999 -9999 -9999 -9999 -9999 -9999 -9999 -9999 -9999 -9999 -9999 -9999 -9999 -9999 -9999
0.406567321383599 0.402350199430071 0.401803674294284 0.404612862155825 0.406563619914354 0.410394511736231 0.421017656825208 0.430393056130834 0.436646904782342 0.442217788784638 0.448250761779576 0.452587659268483 0.465466858909066 0.475364088180853 0.486861653290912 0.469112775395274 0.485368531597762 0.50064785543376 0.524646505431073 0.537626393454765 0.549622548552482 0.564608709540084 0.58251935728936 0.601102238066718 0.613562074423099 0.636087251115594 0.665958513591198 0.679437335642796 0.68827455209514 0.699978263927322 0.710968080831182 0.717756486671913 0.721804858311105 0.733883345660529 0.74143390719046 0.741209015499108 0.748545565533764 0.762884350198915 0.773170236225416 0.784443181539912 0.792178625366328 0.79153227401472 0.800147680923353 0.800407717266804 -9999 -9999 -9999 -9999 -9999 -9999 -9999 -9999 -9999 -9999 -9999 -9999 -9999 -9999 -9999
0.405225466530567 0.399691509951529 0.399564003414526 0.400156014806868 0.401875142818192 0.403301286567745 0.416078363833844 0.430351557688091 0.436447783263256 0.442340153726407 0.448048786971467 0.453793370134014 0.470276852862227 0.479029798896527 0.486045684816698 0.472262660789484 0.486133963495862 0.501546141784365 0.52882863209891 0.5452480820369 0.560123994117578 0.566807431438539 0.574855024946055 0.600191093190414 0.627798951104911 0.650529742189921 0.671459262718561 0.686698708227984 0.696264769488099 0.70447313698682 0.716918864031774 0.729514607517269 0.734073605438685 0.745755012723307 0.751547294760982 0.747321700826195 0.751926909437711 0.770733618197093 0.786006110275447 0.791571971139643 0.79370450045104 0.795074947337011 0.80137263903065 -9999 -9999 -9999 -9999 -9999 -9999 -9999 -9999 -9999 -9999 -9999 -9999 -9999 -9999 -9999 -9999
0.398332812532271 0.397564485408223 0.399225838758902 0.398885099947252 0.405284806237044 0.402232356524834 0.410497542445242 0.42316920498249 0.430205621887955 0.438153877393141 0.448344608747713 0.45243645982379 0.455456619883197 0.484187757270522 0.490186036867259 0.470185848947768 0.489678094097898 0.51380729419028 0.538603334843086 0.555386852942553 0.566238753976847 0.566702916539781 0.585860497164784 0.614532124355474 0.63933175470175 0.659649623286105 0.679408176667909 0.69457520923495 0.704169198693011 0.712296268697602 0.719800855493778 0.726877420007847 0.738728363496408 0.747447869071106 0.757670540418926 0.765157059075906 0.77230196559078 0.781737331987935 0.792132387423291 0.795681600076928 -9999 -9999 -9999 -9999 -9999 -9999 -9999 -9999 -9999 -9999 -9999 -9999 -9999 -9999 -9999 -9999 -9999 -9999 -9999
0.388922022192456 0.394288838580089 0.395495643802377 0.397016206689229 0.405197483952176 0.406283584243451 0.403242591685839 0.404848985748494 0.409640818817697 0.417758632737897 0.440108696608801 0.454191332977455 0.460006076533065 0.48825499634495 0.493594911172847 0.486837414420284 0.494028204688591 0.501058705588664 0.541682960159568 0.556905078361039 0.557677994509017 0.575708288069585 0.603653810132229 0.629955952596957 0.651744031694086 0.672312726733175 0.6905601076316 0.70358083916747 0.714081614864326 0.724282906273869 0.7301051950713 0.736334011921137 0.743652445758145 0.750172445847154 0.764459914406384 0.773543849301122 0.782457096777682 0.792516826015175 0.796827470751007 -9999 -9999 -9999 -9999 -9999 -9999 -9999 -9999 -9999 -9999 -9999 -9999 -9999 -9999 -9999 -9999 -9999 -9999 -9999 -9999
0.382186552312071 0.388923136305966 0.390609932970081 0.393889114040306 0.395584954404363 0.405015693522527 0.404843241601998 0.405952737504281 0.409920276470063 0.416779905164772 0.443257209559142 0.464476103330808 0.476378713600407 0.491757684885369 0.50210260365693 0.518669967051106 0.508725288868841 0.506649122361542 0.528015739334977 0.566084112803608 0.567355155720363 0.594055612544778 0.615777416512186 0.641765504326734 0.665670629782277 0.688350184942811 0.705455767963678 0.712707987572043 0.722986191551829 0.735408530366289 0.742051156244654 0.74723434317488 0.750551026991846 0.761329124008827 0.770700712715929 0.783729286202266 0.789373077775872 0.799851460314128 0.800054083794222 -9999 -9999 -9999 -9999 -9999 -9999 -9999 -9999 -9999 -9999 -9999 -9999 -9999 -9999 -9999 -9999 -9999 -9999 -9999 -9999
0.3760991836505 0.38320219060754 0.386905253056483 0.390483222221942 0.3931084198652 0.393877618491476 0.398642652838514 0.402913683431882 0.411688098313411 0.433192547630827 0.456817199738381 0.475514617729103 0.489080478259948 0.494226070291657 0.507362520354223 0.526414194408071 0.520727210405353 0.514726206705017 0.536500561494908 0.577694901057149 0.574355304242592 0.616425707041082 0.625188272567265 0.652426991114914 0.678321505590957 0.69868038415951 0.713271985362419 0.719078699886309 0.729542713015909 0.741801208083097 0.750411579218236 0.755325559309282 0.758276332916925 0.767979484458816 0.782216001336816 0.791855831101191 0.796323072715691 -9999 -9999 -9999 -9999 -9999 -9999 -9999 -9999 -9999 -9999 -9999 -9999 -9999 -9999 -9999 -9999 -9999 -9999 -9999 -9999 -9999 -9999
0.371245944942091 0.378913255090515 0.383162125561117 0.386792527638425 0.389656052184437 0.395301233548008 0.401183130830703 0.405256357829764 0.417227470774468 0.442605648908343 0.465678846616948 0.483416924635434 0.495880474385528 0.494875053042748 0.507284898951822 0.537208264173409 0.533782358632296 0.522819683330786 0.547875406340217 0.572080704392172 0.577988385871387 0.636925900147387 0.640910744572156 0.667192929111544 0.686480789400498 0.711387559130896 0.723249239035042 0.730881460597568 0.740313243487094 0.74933220437882 0.757882875614982 0.765747481609679 0.771817788217984 0.779179143682647 0.788054062514558 0.795894867729267 0.798561980963569 -9999 -9999 -9999 -9999 -9999 -9999 -9999 -9999 -9999 -9999 -9999 -9999 -9999 -9999 -9999 -9999 -9999 -9999 -9999 -9999 -9999 -9999
0.370666790868795 0.375754047647744 0.380271930252498 0.385247785652139 0.389245319348452 0.400215657076401 0.405627726220129 0.408817498021937 0.424450041145767 0.449414137274577 0.472242439847571 0.490667469235189 0.502423458651404 0.506059815558331 0.500224046361551 0.533473877362531 0.548668265192642 0.540467956504805 0.550294144004428 0.564804791760039 0.590191686915195 0.650416619018517 0.662922532296582 0.686865198766871 0.693775596055398 0.721881729306862 0.733302829774756 0.740801679601421 0.74413297870578 0.756107723537808 0.767867237192301 0.77843269641362 0.78107471575115 0.786000794616796 0.79566208567423 0.799895004028353 0.799293267172728 -9999 -9999 -9999 -9999 -9999 -9999 -9999 -9999 -9999 -9999 -9999 -9999 -9999 -9999 -9999 -9999 -9999 -9999 -9999 -9999 -9999 -9999
0.37375728130321 0.373563928765687 0.379656430810323 0.384037495286859 0.389728368129715 0.399351405626943 0.408744547673932 0.418825525498132 0.434725848405497 0.456808379567653 0.47911990791706 0.497902405415231 0.509108755329665 0.518063439989978 0.503817056830415 0.542691808121037 0.565623846577343 0.554569177541276 0.558759349749714 0.575434931270932 0.605369858961624 0.65253377423183 0.68332735569632 0.695355095397462 0.7073879214865 0.715037775362849 0.720190359879764 0.738242981513402 0.744291008175861 0.762334466977325 0.77898263472898 0.782172216280105 0.791123876158276 0.7985881328869 0.802172902466243 -9999 -9999 -9999 -9999 -9999 -9999 -9999 -9999 -9999 -9999 -9999 -9999 -9999 -9999 -9999 -9999 -9999 -9999 -9999 -9999 -9999 -9999 -9999 -9999
0.362394370674329 0.371709753517924 0.380209921495139 0.384768375314609 0.38901500441938 0.397634060676229 0.411686878928051 0.425674909869854 0.438728353238677 0.456513792248155 0.484092587334599 0.504795914029237 0.515387643473124 0.514505465129971 0.520326975417036 0.551244129118794 0.57165247673343 0.557521974432028 0.581790904775658 0.595442679543457 0.608912407069947 0.651097329861098 0.693404654647146 0.699574492311177 0.697116070960079 0.702384011428059 0.707093422646075 0.72787825589712 0.758321890619414 0.773974892046201 0.788196272824802 0.80449993909618 0.80578517003107 0.804384162428813 0.804561403036793 -9999 -9999 -9999 -9999 -9999 -9999 -9999 -9999 -9999 -9999 -9999 -9999 -9999 -9999 -9999 -9999 -9999 -9999 -9999 -9999 -9999 -9999 -9999 -9999
0.365059834004699 0.368775707796061 0.376813483816452 0.382559319970752 0.388108127043435 0.398132056432403 0.411975064642974 0.422614109177077 0.431973775260475 0.454607065612977 0.491733486594732 0.509909706869711 0.521168525901639 0.521403737088743 0.534243516819129 0.551461109832116 0.581970224395953 0.574833282888092 0.606469893690869 0.603431369664809 0.620424937624915 0.662711363488645 0.696395026463299 0.697498604982601 0.6950217188771 0.704827550868962 0.709401283665454 0.726782390607762 0.771686445527104 0.782259533205262 0.796437673474146 0.805903965545932 0.809506238886654 0.804076681691551 -9999 -9999 -9999 -9999 -9999 -9999 -9999 -9999 -9999 -9999 -9999 -9999 -9999 -9999 -9999 -9999 -9999 -9999 -9999 -9999 -9999 -9999 -9999 -9999 -9999
0.363817717441484 0.367023841762071 0.374101165916331 0.380405625550922 0.38982604678427 0.401436454557569 0.411872223547571 0.422318913488087 0.44307354618493 0.47506974395747 0.496782434328117 0.5149229394152 0.527857013175886 0.537646271570054 0.545421233996878 0.554049127088872 0.606894216949835 0.632212493123967 0.604310081914602 0.605824639373065 0.651956069544571 0.691965484213932 0.709380472376189 0.700249802941653 0.707228288726491 0.723254845549453 0.730016482666163 0.748141502977694 0.777355714346423 0.790320793566488 0.802074388401195 -9999 -9999 -9999 -9999 -9999 -9999 -9999 -9999 -9999 -9999 -9999 -9999 -9999 -9999 -9999 -9999 -9999 -9999 -9999 -9999 -9999 -9999 -9999 -9999 -9999 -9999 -9999 -9999
0.365310933497588 0.365211387608803 0.371826085367212 0.380731707573535 0.393273033883607 0.406460509101571 0.420413269634101 0.438963901423311 0.459194779915017 0.481080393123696 0.502119399631938 0.5202871955569 0.535846284846254 0.553017570685065 0.561661830356869 0.569476244337717 0.614006540878521 0.632352247092857 0.656396717354264 0.654071273365309 0.677718844869791 0.714569654525538 0.727467758719745 0.720689028869227 0.730094380987907 0.743595813293897 0.763909327296675 0.775836381764173 0.784160493377584 0.797403832518546 0.809400052120944 -9999 -9999 -9999 -9999 -9999 -9999 -9999 -9999 -9999 -9999 -9999 -9999 -9999 -9999 -9999 -9999 -9999 -9999 -9999 -9999 -9999 -9999 -9999 -9999 -9999 -9999 -9999 -9999
