layers/veg/veg1500.asc
NCOLS 255 
NROWS 330 
XLLCORNER -2985163.8955 
YLLCORNER -3022031.214 
CELLSIZE 25000 
NODATA_value -9999 
[rows 125 to 149 of 330, columns 57 to 113 of 255]
0.0852569984243515 0.126494445276311 0.170712728271687 0.162276215333958 0.238063291499865 0.31203259420646 0.352961868703453 0.36438477887058 0.314253908508609 0.315806393408517 0.281515917247679 0.263300989125366 0.271049332131994 0.274064977074281 0.224286031174619 0.174040940079493 0.216152135056762 0.28576127129271 0.395830863305925 0.554605400392434 0.613367802915223 0.666580758945232 0.686891262719951 0.697534291154032 0.723234252673887 0.744805215130595 0.751743702848796 0.752864078425367 0.76740515048303 0.761013903208539 0.749992967637026 0.732824402601321 0.710288328446953 0.690178996570026 0.670053088348674 0.645840631196551 0.626088831804279 0.608302841894571 0.588096499144801 0.57224960071854 0.558110473713701 0.54270098885464 0.53148614226351 0.522003693756015 0.512540700561332 0.507045862558289 0.504761648882358 0.504738502504498 0.50711935965969 0.511301389568884 0.517259430003523 0.522094305439989 0.525878864905941 0.530765548190428 0.537989338226228 0.544989022318656 0.545149659064103
0.125333854327859 0.132231576017796 0.165270405582906 0.199188460450418 0.235502060058247 0.252322983153376 0.224404608812878 0.242030214324019 0.224253035170503 0.191189705380439 0.231267226542515 0.265705508332505 0.27964328555131 0.246750679387233 0.20051124286204 0.145145875192742 0.113391012309454 0.131127165398287 0.185719339361137 0.223522102591836 0.276472738521021 0.395062080008509 0.500161028262126 0.557897522076325 0.605206263927201 0.642767403211178 0.664086171731504 0.697283901123039 0.719742316900532 0.743749652006644 0.746607001473501 0.73146613778556 0.709742243550979 0.68990384230167 0.670073489110145 0.646102394373806 0.626308907446694 0.608370662034182 0.587618722565777 0.571118739150348 0.556576014838633 0.540414661188741 0.52812817049759 0.517421078101174 0.506004177951294 0.499701485065517 0.49692086036979 0.492771081210769 0.490717945748584 0.494195362741343 0.500969482277061 0.506406888500173 0.510866761161606 0.514886652182113 0.517242001843001 0.522736140804466 0.52831576671222
0.109515716806239 0.115838941448386 0.135100150958721 0.145149392283986 0.191953569192595 0.193654105671684 0.154769588637597 0.187648442205411 0.186265354827998 0.199528660746888 0.233122766855414 0.197596688872418 0.233646376709373 0.217577585839248 0.188852863744708 0.160844000083539 0.133142805304103 0.111494694458435 0.134703265125362 0.161675514036077 0.185785623280921 0.209756234695595 0.300105989577578 0.448724001203418 0.524426826829958 0.585085264129808 0.644095147636813 0.648498450012954 0.66647096901054 0.725739319130435 0.734159945803133 0.724327944771573 0.706484411919709 0.687931318902786 0.668358654293559 0.64448044200916 0.624853238847191 0.607314099886442 0.586320754143289 0.569626483742913 0.555032683352777 0.538103295235479 0.524879665282581 0.513241566248621 0.500483414782004 0.492900875808155 0.488895999850801 0.483362798012034 0.478614109530619 0.479053029033294 0.484498413804475 0.489955930902749 0.494462988184592 0.499819485970159 0.503018682358094 0.504653221473633 0.509770047976419
0.174427508483076 0.115975536651366 0.113438900720625 0.112759100852118 0.131918332252183 0.180172632296401 0.2055802577643 0.196085020819176 0.191296288210076 0.189668347095625 0.179860108115531 0.171309896558983 0.185467574103157 0.173947481771203 0.192557743068955 0.205261976487807 0.159179361522795 0.14112689627713 0.153155332302798 0.175644944279938 0.188758644960153 0.181774560084887 0.234643890602988 0.331131196032067 0.391169904528052 0.471948021148603 0.559796485501976 0.561207209299334 0.592051965094815 0.694112625768504 0.710175967359722 0.699710393204451 0.6950348465836 0.683101467232226 0.664927531185933 0.641544240537893 0.621857872741154 0.60486539978527 0.58512819270474 0.568692637771363 0.553556940432996 0.536102483614023 0.522265971074359 0.509817851504749 0.496203203694093 0.487462107827048 0.4814851820837 0.475290095768272 0.464540327783344 0.460724525103442 0.470857022000182 0.475438836063989 0.479585245197089 0.485894040461165 0.489250428523838 0.490530570724081 0.49690399038134
0.25272138749506 0.154662940922602 0.124239652911264 0.123511527649194 0.141718939835478 0.152460754857689 0.148339265562604 0.152621920870431 0.125106071475569 0.096316970383795 0.104308930372933 0.144973561407422 0.180882100149958 0.159154698357768 0.16708306137496 0.182895492360923 0.146117704086486 0.144197682096099 0.180180204601952 0.175756255241277 0.167602502629887 0.15600608588759 0.158606682578734 0.165240424457898 0.205569894887225 0.378499042473671 0.535632365341068 0.552764570539734 0.572069878203691 0.653191858180667 0.705306910062315 0.689010836650457 0.674405554169983 0.673032144684127 0.657934844956904 0.636406253321177 0.618559066540833 0.602207194575463 0.582295044860378 0.565970102473725 0.550834283736876 0.532984367923866 0.518468505985039 0.505435317420751 0.490563760080416 0.479376923146213 0.471337241234575 0.462667659399432 0.45073058040362 0.446071510577595 0.453467600499139 0.458304846667065 0.462281243448369 0.467781062264582 0.473001889207076 0.475248552748507 0.481700199674795
0.427908649827344 0.268391592296484 0.152993555069195 0.130923554693273 0.0989989722644725 0.0888552328417659 0.0893488673194815 0.0800373199043308 0.0556210842471278 0.0443360384973219 0.0594053525158194 0.0895514016819358 0.116525799636951 0.131597717982771 0.166252865792375 0.180440133853126 0.155560340848341 0.162445896224513 0.185739482532439 0.185843024707427 0.17955029666167 0.177587223491319 0.175529732793606 0.135962286029999 0.116271386795633 0.202287230964456 0.443098924026849 0.58470785657967 0.585117440578985 0.60138950701887 0.638435693866143 0.653908280561787 0.662077405985507 0.658339097748929 0.648077531155245 0.629830124082964 0.614028025282208 0.598244492148067 0.579435855167043 0.563552916230919 0.548364161163554 0.530052866447056 0.515247193492069 0.50172629389056 0.485605894361539 0.472653525516482 0.462525712667663 0.452361377805977 0.444945395487134 0.439454364641472 0.438430094984507 0.442155790611751 0.445607726502465 0.451238862707659 0.458548734483613 0.461106287712653 0.464800062849088
0.503637329126649 0.330407194707067 0.174950214964482 0.164296916388 0.133682908834286 0.0985555727357365 0.0975243584239451 0.0938984945463737 0.0555091724281362 0.0396077442014865 0.0545507468694859 0.0548044947419223 0.0758036693384441 0.1003172304207 0.140408103665267 0.166701933482846 0.148990984075479 0.150932285324397 0.177206765033348 0.18241828689614 0.172170834064028 0.176366578828607 0.173931652713402 0.138551738472012 0.130932048256025 0.188231289570661 0.396942148544484 0.571159110372091 0.58340724239372 0.611693123468884 0.636555992491052 0.62019686647652 0.637529116272076 0.639555302051135 0.636652968256307 0.623304705673664 0.609784451277835 0.594863251943088 0.576965280728631 0.561862063018233 0.546502037178757 0.528146926910896 0.513058017145792 0.499122187624565 0.482401326778909 0.468884496750238 0.457486324094972 0.446219561501286 0.438202077801015 0.430001408598573 0.4259991065819 0.430534953814458 0.435795354865066 0.441377789490185 0.447209760984749 0.450434274565812 0.456294378462808
0.554737920318911 0.439086188596681 0.324584560898266 0.271963388835176 0.225531598315339 0.172866277484483 0.130395637740036 0.108832335975096 0.0911764987229093 0.0807385046445967 0.058741974058964 0.0534913126333291 0.0515389672703292 0.063747136282657 0.0845363205959763 0.0892665221593378 0.0731272141522031 0.0699072100803601 0.0820128073916843 0.138760034334893 0.187849960134893 0.190090824213945 0.178025688275607 0.159218859233589 0.14192645606226 0.198137206927956 0.354585302056847 0.487496729619765 0.550682614534503 0.587322574959642 0.601418678946261 0.600090462484198 0.584510586877276 0.576534087064214 0.603145759585352 0.60803532928315 0.599979460437519 0.588498559873624 0.572348485368943 0.558148552482563 0.543225983958525 0.525149079270314 0.510179901551035 0.495703032657394 0.478800647532566 0.46531740731458 0.452837062581414 0.438964720921375 0.430248588674039 0.42409725085078 0.416312501223359 0.412429940708668 0.41631701441629 0.424211789565501 0.427596430860836 0.43181372546609 0.439577558012117
0.550595690201609 0.489231261420427 0.402636900125451 0.352159502584695 0.315880852211817 0.245003103929408 0.177476801466822 0.192783197219637 0.203893796738316 0.104832110464037 0.0428662912023913 0.0597243292844179 0.0591659268159996 0.0679483730539831 0.0827624282214463 0.0994559160142726 0.065162263849046 0.0484839633898363 0.0545099740419356 0.107304948599015 0.164539396392872 0.173010801023272 0.180509900322957 0.175225283629606 0.15746892441622 0.231266356174845 0.311969462929643 0.308356054589024 0.421979092483547 0.537522415761285 0.556295217591509 0.556544378684853 0.547841214170369 0.522326626582475 0.547241383193221 0.589531284337475 0.590240945524563 0.582819354048972 0.568645437495977 0.555491443961279 0.541035246084852 0.523568177300784 0.508486190429734 0.493106833459381 0.476099725670907 0.462929670758954 0.450516287281652 0.436262265594775 0.426714594337634 0.420354679034502 0.41106154990998 0.400087264343258 0.399323087045683 0.411089812364738 0.418964499864711 0.422165342214307 0.429443661545397
0.59311206610192 0.539227432718364 0.491039965515821 0.431697925538463 0.295549018537014 0.208526981051819 0.170259512026203 0.199926840115582 0.233645949533605 0.118489460025339 0.0489716253245262 0.114472294670792 0.171564151265688 0.119036507257688 0.0767472067149067 0.0678895891346544 0.0570616813999512 0.0779231746805786 0.0892684970227087 0.114915568148491 0.15107957712927 0.168866444900466 0.171265454411282 0.173068450150828 0.172579654701232 0.181135074063119 0.166724673858494 0.179396020680904 0.314601311981954 0.456791513048334 0.508873623493761 0.507662692838883 0.51163926930142 0.531853634013348 0.533330561417523 0.547278160574214 0.583470914699578 0.57899445755301 0.566072488359539 0.553225414118431 0.539575712921872 0.522648192484216 0.507716025642096 0.493176489741324 0.476038346456232 0.462125372839566 0.450238143984175 0.437549183542834 0.428260322179765 0.419304648997588 0.408536396219637 0.393996962793989 0.388716935594142 0.400926234044924 0.410008493529432 0.416591042686571 0.423092393188456
-9999 0.584033669561543 0.517714275352375 0.440665034373827 0.372585539152139 0.286564858541007 0.254930134061052 0.311609708370277 0.338336085458906 0.200136973399039 0.151858564518165 0.264557136851684 0.224480348068683 0.112752129087107 0.0746532905003765 0.057955852791661 0.0613522896382918 0.0601469165283336 0.0785826326335683 0.0954292547718904 0.118825732515186 0.147127511923781 0.15414373610341 0.160378926599922 0.16256568254433 0.156401841687271 0.104691466832011 0.0430061369160765 0.131104490228949 0.336764526916496 0.445151084508455 0.447609266067809 0.455490973781882 0.480264982660817 0.485820587762743 0.502691414472899 0.550815967370782 0.569488881098364 0.560875702524254 0.550287176724474 0.538263627297896 0.522174111800423 0.507971462886714 0.494545117354162 0.477827770178825 0.464633280834367 0.453683869708856 0.441628629810388 0.43290186333187 0.421557105760641 0.401775705965121 0.388619804888662 0.387275542464568 0.392045823035041 0.402762892550208 0.409411428916003 0.415292710879098
-9999 -9999 -9999 -9999 0.559811605688113 0.444071087427125 0.396758162492306 0.444777424250892 0.438659610508602 0.354054207248654 0.364754674197755 0.351930775307384 0.234283255510593 0.189154640018176 0.134054092216455 0.0867569843239071 0.0779373811667015 0.0531017033177375 0.0727159109477724 0.0939881655382116 0.0874661461615178 0.124723635538954 0.134574625914301 0.141434028433168 0.147386091639063 0.147811258727127 0.143276634671317 0.125136553991539 0.0860267343285475 0.187188097378865 0.370949371610009 0.387573596365777 0.351107789419902 0.350319338375858 0.387969749745683 0.408696347787217 0.448864814646413 0.521352113156247 0.548304039170225 0.547629385094135 0.536447503541744 0.520883702797469 0.50712983294991 0.494710196072218 0.479113292520804 0.467029870039852 0.457378191012602 0.446504953494341 0.438390954244864 0.432541959904652 0.426412949886293 0.418090595061605 0.404122895266536 0.389173356875624 0.390949257162925 0.404660899417419 0.409458533441094
-9999 -9999 -9999 -9999 -9999 0.470888459246317 0.431481026618796 0.435235360054569 0.405356308023112 0.384332846979715 0.429320753463364 0.432045784439452 0.373228419712735 0.292854770427861 0.164938667973603 0.0783935763453258 0.0787852695476345 0.0469584296142058 0.0461258976700221 0.0593180607883425 0.0591316483069752 0.0794467984277441 0.105547586099751 0.116916279757818 0.114841861731699 0.126370329513005 0.135742216537508 0.1255385241719 0.0912267968525656 0.124812249931331 0.252661480221974 0.322735412562971 0.303624209831937 0.270310506130945 0.338053504434034 0.382480549621029 0.405377078724708 0.465819653200244 0.520898217945679 0.543214800267794 0.53592478346425 0.521171960509461 0.508436877425781 0.496787831679334 0.481736833767381 0.470049358064167 0.460927137255718 0.45067670805183 0.442903671060193 0.437785357897663 0.432914214154923 0.428547034315193 0.417085321231861 0.400645024173729 0.399385779835882 0.406395490440533 0.405014741799988
-9999 -9999 -9999 -9999 -9999 -9999 -9999 0.588669790085208 0.553337143543653 0.510024715302175 0.505320691138899 0.498352047748719 0.470437127639263 0.432588377554474 0.345220096393319 0.228237973838858 0.138958117512516 0.115327879765547 0.103726267786829 0.0489865975838621 0.0248376753731167 0.0279274110517616 0.0548273836193197 0.0834663349776029 0.103560835406286 0.13091173478751 0.112865813302051 0.103933923021961 0.125443823125956 0.150036917858661 0.180123011971498 0.214850127188759 0.275138877079993 0.271200044809145 0.228868458193461 0.23209315541727 0.274470368725871 0.342395682386852 0.412629607496863 0.505305758273751 0.529575430851374 0.521071991313326 0.510739553887894 0.499588581796394 0.485162988716911 0.473257753564434 0.463973268345743 0.455171774775459 0.449046788062589 0.443548215570459 0.438349119008703 0.435471454280402 0.431518680831406 0.425096204413719 0.421573021036472 0.416634777938361 0.412626677324764
-9999 -9999 -9999 -9999 -9999 -9999 -9999 -9999 -9999 -9999 -9999 0.538316702220826 0.501844291645288 0.462581197699683 0.365500743401295 0.25732157748619 0.26353637737007 0.279842216619368 0.202008769782012 0.0755765181588067 0.00720710038101395 0.0206102466118076 0.0459002941442399 0.0633062548994684 0.0957636335030035 0.125526387637579 0.118263393144705 0.096749789030973 0.0940763913099083 0.147158868747851 0.221054393072744 0.175876017678695 0.125110446647233 0.217870775011708 0.21509921244514 0.121629821721254 0.120405787093606 0.191294173871476 0.31969114497072 0.44448037481603 0.501307928341907 0.51359604622983 0.50985489071003 0.500987653452261 0.488897598177699 0.477705646146158 0.466998793381632 0.45829359783469 0.453923617409184 0.448830977424255 0.443339249570528 0.440138341983727 0.438831663582195 0.436942305716153 0.435338316368682 0.428541002593671 0.422138383644373
-9999 -9999 -9999 -9999 -9999 -9999 -9999 -9999 -9999 -9999 -9999 -9999 0.560300884763312 0.488972968598557 0.470792978142983 0.440932405450475 0.394112566177557 0.304171266494308 0.166801034086542 0.0460675380036496 0.000654931267603449 0.00454948397654585 0.0250668338658033 0.0486807153081254 0.087153274828306 0.118393958337059 0.115917591573554 0.100084804686362 0.0901258485863348 0.100675312872123 0.121166290907818 0.119400434718544 0.0870758179965088 0.126869549000271 0.194676369598246 0.112825550564122 0.0410681152225784 0.109981328356411 0.204748669976953 0.276885684758357 0.367427864478377 0.452332419492125 0.487402780846949 0.490070620016775 0.482675171091726 0.47738976429534 0.469217261566085 0.46120775287341 0.454912558890265 0.450467906260641 0.446687430717302 0.443603600351048 0.441640100666157 0.439892334303203 0.438620098259599 0.435669731484878 0.431818334711484
-9999 -9999 -9999 -9999 -9999 -9999 -9999 -9999 -9999 -9999 -9999 -9999 -9999 -9999 0.534279329875976 0.515652038025868 0.445721222190352 0.369750678805643 0.274210483702918 0.142728082102772 0.0737522219475929 0.0351677303822529 0.0201837909351637 0.0426936954413791 0.0655527971094611 0.0974476856885621 0.108468399824684 0.109220004111278 0.0988430766746306 0.0984836380940734 0.0974529059191653 0.0955306445131053 0.0840429583094823 0.0665239764156826 0.107451876419865 0.126042195931071 0.124863752818646 0.138440895233808 0.112553528455674 0.112052180570538 0.199856769643608 0.318373330021041 0.37861302275647 0.398792075328068 0.42177365577803 0.44632680974691 0.457009988500494 0.456738508792081 0.454129106936877 0.451184719144366 0.449702394980325 0.448081973217135 0.445886202460172 0.443413583902628 0.441743701303344 0.439476079200898 0.437078656229827
-9999 -9999 -9999 -9999 -9999 -9999 -9999 -9999 -9999 -9999 -9999 -9999 -9999 -9999 -9999 -9999 0.536984777895727 0.471473922329096 0.452222385615475 0.387018519817128 0.293992489542184 0.160752891037599 0.0395389108557818 0.0430443437762361 0.0802539294972954 0.0874140949888821 0.0856041656103728 0.0962516468316622 0.112450799154697 0.119268093249467 0.126372336493344 0.123470264177729 0.113183964993473 0.0914396300502296 0.0654148965510986 0.1055671255928 0.207382456775897 0.227353221479459 0.157030316919486 0.0912507736791057 0.117790134008918 0.153763630730369 0.1775958163985 0.26157933177275 0.272912510590153 0.316395597399201 0.381663825280896 0.420649255615018 0.445446467474054 0.44717918577849 0.450541093080013 0.451362608924919 0.449562177202943 0.446880131766696 0.444847811371896 0.443362153357954 0.440484903635495
-9999 -9999 -9999 -9999 -9999 -9999 -9999 -9999 -9999 -9999 -9999 -9999 -9999 -9999 -9999 -9999 0.503750139085188 0.498290803345038 0.506336768304886 0.448391421998125 0.302883362607758 0.161143617262822 0.076565494548524 0.0487458124427762 0.0709343427935584 0.0724374984867906 0.0720401288649412 0.0882230789818433 0.10261681816033 0.106688005353927 0.117751854316017 0.12120915786574 0.117385228319503 0.104327889566054 0.0794345604194583 0.0858743376572706 0.171756352105885 0.215045413665294 0.149552682426872 0.103724501077076 0.156209142071958 0.201134699735897 0.214272615377742 0.255095099493245 0.271375099294206 0.304105113235391 0.342425262207293 0.396098605656917 0.438772533584505 0.447001692775451 0.453782519215715 0.454417688207145 0.452662303590519 0.449964973496865 0.447922344770125 0.446284453035823 0.444213634620763
-9999 -9999 -9999 -9999 -9999 -9999 -9999 -9999 -9999 -9999 -9999 -9999 -9999 -9999 -9999 -9999 -9999 0.558031289886713 0.55242647571777 0.532761499286062 0.47700849511605 0.344290434804307 0.160102017260957 0.0375364865853976 0.0226972927875361 0.0266223764678613 0.0449612981840011 0.0735647111527445 0.0746297154581158 0.0799818434687168 0.0798104123839784 0.094666651151065 0.116893817806187 0.112657418736972 0.0799572769362233 0.0656550496303488 0.0826163965315645 0.122988515710937 0.207030294724805 0.229185200658154 0.231496289443819 0.268293725191855 0.286648460210527 0.28948011037136 0.296190806778537 0.297220387837318 0.307729237472483 0.356013431125951 0.412196516890207 0.440317816876402 0.458013330636686 0.458085261078125 0.456084545222278 0.453870758716725 0.451933341790832 0.450262967849003 0.447951519674467
-9999 -9999 -9999 -9999 -9999 -9999 -9999 -9999 -9999 -9999 -9999 -9999 -9999 -9999 -9999 -9999 -9999 -9999 -9999 0.582083976265274 0.558499387833704 0.464694816186559 0.265157717283538 0.0800665417449998 0.0179999500556824 0 0.028607750504999 0.0754018941023112 0.0588733714310057 0.0770196241603805 0.0954309218536929 0.0937803206014876 0.105985052359414 0.113286901202755 0.0779579449690624 0.0800917869810296 0.101652387069342 0.0785316446435886 0.14318208914159 0.231540545660723 0.247911365869901 0.245010554109085 0.26804215435713 0.273684748431561 0.25902303794767 0.266398768482136 0.310832815125308 0.341059903480561 0.399870507950182 0.443681840246129 0.46022786876239 0.461084787511422 0.460061063415641 0.458093865906945 0.456270785216247 0.454358183379069 0.451720388806984
-9999 -9999 -9999 -9999 -9999 -9999 -9999 -9999 -9999 -9999 -9999 -9999 -9999 -9999 -9999 -9999 -9999 -9999 -9999 -9999 0.586724488533943 0.503692335347923 0.346758267517549 0.166074899440093 0.0578463124908272 0.0191937853012157 0.0500929141489683 0.09605981251247 0.105206216271558 0.107867734429122 0.104901642328752 0.105892753715976 0.111607857100881 0.112288461951423 0.0753197967956731 0.0599559843450495 0.0969783706791238 0.0883605416037536 0.137326462810948 0.218586733413802 0.243723851979763 0.274599104300071 0.28698936574676 0.293324209634357 0.294831310386275 0.277585362465918 0.265912931558708 0.341954202883784 0.425993497841731 0.452321571987562 0.46442337577953 0.464110274597691 0.46291549021956 0.460877658809685 0.459059009788134 0.45697684213217 0.453809508928151
-9999 -9999 -9999 -9999 -9999 -9999 -9999 -9999 -9999 -9999 -9999 -9999 -9999 -9999 -9999 -9999 -9999 -9999 -9999 -9999 0.559436700593782 0.522805826092846 0.371962769676559 0.208322625169865 0.0913083772859259 0.033905300280401 0.0640861541777307 0.0942275099566888 0.107806565254513 0.109667885641225 0.107784763671179 0.10736692921105 0.109111970415661 0.109856636347116 0.0849448009904706 0.0561160818876071 0.0704063043289283 0.0868631463456156 0.108703438865482 0.151434923841771 0.207590846436746 0.258611415646987 0.268934303890324 0.285746460176442 0.304455600022325 0.290686712438328 0.307847202081947 0.394554877795928 0.449452645009684 0.464101356084699 0.469138610483934 0.468754271499058 0.467488542036222 0.464699026327193 0.461996005343953 0.459451589795267 0.45566859073452
-9999 -9999 -9999 -9999 -9999 -9999 -9999 -9999 -9999 -9999 -9999 -9999 -9999 -9999 -9999 -9999 -9999 -9999 -9999 -9999 0.521365340523154 0.496523539560032 0.399260788668957 0.261494499956299 0.138032555727329 0.0500146330775036 0.019133312210074 0.056523062888664 0.0990738604648924 0.110212277799391 0.114790980327128 0.109523099267705 0.103309493795668 0.104482019264194 0.0835316904579338 0.0333819692966217 0.00236987083623231 0.0160504638405634 0.0341648831369214 0.0734975882818013 0.154481247769464 0.198856202418254 0.206783357666034 0.213726251186936 0.241729045589576 0.300742458023559 0.378124773726636 0.425573412896437 0.452117576848284 0.459621937522808 0.469362998892896 0.472506464550613 0.471290987424483 0.465634192324191 0.460730281659915 0.458315109729362 0.456525097318849
-9999 -9999 -9999 -9999 -9999 -9999 -9999 -9999 -9999 -9999 -9999 -9999 -9999 -9999 -9999 -9999 -9999 -9999 -9999 -9999 0.506951075660515 0.487069686372941 0.421391489149495 0.323037219918014 0.194940653783997 0.064541144084014 0.0132095147891021 0.0462500711172379 0.0934079228572648 0.114697427750812 0.115195309099768 0.111075830996182 0.103609915153567 0.102014000412056 0.0887547140427389 0.0496294329304192 0.000277121293223843 0.000319957868987069 0.0324234740177219 0.0638878739755902 0.137830775812177 0.169285788205605 0.165818476986767 0.198847590844965 0.24573560036558 0.308417757058542 0.385667381248954 0.410218900792926 0.43173578731539 0.450947616536435 0.466602685494865 0.472673973558811 0.47314209831607 0.470363552283145 0.468215679232471 0.465814894615204 0.46323216967238
