layers/veg/veg1000.asc
NCOLS 255 
NROWS 330 
XLLCORNER -2985163.8955 
YLLCORNER -3022031.214 
CELLSIZE 25000 
NODATA_value -9999 
[rows 78 to 103 of 330, columns 177 to 235 of 255]
0.762914319641822 0.757268434250982 0.752811718545175 0.741067683506942 0.731088513137309 0.723256630025317 0.715395317242466 0.706331484106268 0.697697099328431 0.6924089038621 0.68825278407675 0.680047032356187 0.669407444294209 0.668251501751022 0.663837114362797 0.658565492941242 0.656262030442906 0.65489216307722 0.65395548178052 0.653692601519572 0.653414505562684 -9999 -9999 -9999 -9999 -9999 -9999 -9999 -9999 -9999 -9999 -9999 -9999 -9999 -9999 -9999 -9999 -9999 -9999 -9999 -9999 -9999 -9999 -9999 -9999 -9999 -9999 -9999 -9999 -9999 -9999 -9999 -9999 -9999 -9999 -9999 -9999 -9999 -9999
0.757876562846409 0.751546357049313 0.745365080620244 0.733412432967599 0.723986434416235 0.715779095690209 0.706699626271823 0.699196884579641 0.691276601428754 0.686432189652743 0.68170889077263 0.674498041335299 0.665860135805799 0.659710274960848 0.653922584692954 0.64796246064339 0.645858344512065 0.645033664292619 0.645530662796382 0.647132583854324 0.646806104250878 0.645510699695919 0.650100586574358 0.652093049398641 0.652389961081113 -9999 -9999 -9999 -9999 -9999 -9999 -9999 -9999 -9999 -9999 -9999 -9999 -9999 -9999 -9999 -9999 -9999 -9999 -9999 -9999 -9999 -9999 -9999 -9999 -9999 -9999 -9999 -9999 -9999 -9999 -9999 -9999 -9999 -9999
0.757047241510659 0.747203579510506 0.73806556086251 0.727796971580017 0.718258149288243 0.710203710833228 0.701108350134407 0.692891661421867 0.68607898700029 0.680887470423421 0.674219550432221 0.666838158679396 0.658992379022977 0.650912632867116 0.644496369548884 0.639759445656486 0.638271540567514 0.637321612399733 0.637905560896717 0.638560011549365 0.640189151420799 0.643644325562839 0.648771604822087 0.651837048531563 0.652653613766375 0.657489300124204 0.661104613746588 0.665199249751665 0.671085818988516 0.677431436260112 0.683293335517231 0.688689985493424 0.693199322767782 -9999 -9999 -9999 -9999 -9999 -9999 -9999 -9999 -9999 -9999 -9999 -9999 -9999 -9999 -9999 -9999 -9999 -9999 -9999 -9999 -9999 -9999 -9999 -9999 -9999 -9999
0.747933691403822 0.735681594821253 0.726859411547355 0.71966452518564 0.711734277066934 0.703456602512959 0.695219474550556 0.686355863612405 0.679185626677306 0.674288133423039 0.667766273547148 0.65937673353002 0.651936949577186 0.647194674555259 0.643029107370723 0.637687607092756 0.633398009506237 0.631696207822198 0.631805922843278 0.631370204560478 0.633321766521934 0.63662503954939 0.640414836409293 0.645522159863094 0.648751307805424 0.654902192874306 0.659258997010392 0.662615708874577 0.669528166781564 0.676881494927412 0.683293383453994 0.689111622092012 0.693880651075718 0.698432503491261 -9999 -9999 -9999 -9999 -9999 -9999 -9999 -9999 -9999 -9999 -9999 -9999 -9999 -9999 -9999 -9999 -9999 -9999 -9999 -9999 -9999 -9999 -9999 -9999 -9999
0.738673949814542 0.724213562958671 0.713070195648607 0.708622150497168 0.70271094228897 0.69480249638888 0.68744522584422 0.678817821565282 0.670631815951129 0.666296726101923 0.659704193044025 0.651943394795163 0.644778980024881 0.638476399284617 0.634658588716689 0.631763609855335 0.627754602040327 0.626441934142141 0.62590454142542 0.626877866367582 0.629989950827029 0.63668604776933 0.640048141733411 0.640045105478808 0.637076832164288 0.632230241526461 0.651247734020652 0.657838190361329 0.664152624999195 0.672890473736646 0.679207802177403 0.68556461639591 0.692799875950335 0.698619299080865 0.700902849091478 -9999 -9999 -9999 -9999 -9999 -9999 -9999 -9999 -9999 -9999 -9999 -9999 -9999 -9999 -9999 -9999 -9999 -9999 -9999 -9999 -9999 -9999 -9999 -9999
0.720718034510437 0.712177441028506 0.70639455341673 0.697293222706159 0.691038786987912 0.684223768043651 0.67690073178495 0.669784591815313 0.662577566267367 0.659284909579816 0.651603480281035 0.641939899677322 0.63678598616917 0.630440113421778 0.626269671095515 0.623719929681768 0.620964771499557 0.620667092265718 0.619551910029256 0.622787471311627 0.626428155056703 0.62893518955152 0.634209107963563 0.635353850186905 0.63157932572389 0.624759964902911 0.630041642938176 0.641943120887129 0.65735681606971 0.665394038190626 0.672387515207836 0.682585426968248 0.691564393045727 0.696784133956174 0.70139558494693 -9999 -9999 -9999 -9999 -9999 -9999 -9999 -9999 -9999 -9999 -9999 -9999 -9999 -9999 -9999 -9999 -9999 -9999 -9999 -9999 -9999 -9999 -9999 -9999
0.717177785066616 0.707889861710294 0.695405479079725 0.680249777865839 0.674884739241787 0.668867768263139 0.662876880393651 0.658589055104864 0.65336125896534 0.649158279356818 0.642526557420925 0.634300625780338 0.628000269775402 0.622946609527788 0.618161444215419 0.615237229617014 0.613860393540867 0.614096092038215 0.61436781565009 0.617301099876568 0.618135681800709 0.6231967967754 0.629594247478734 0.629586953056466 0.629707107183384 0.622936373845144 0.605626169659711 0.609530560738939 0.655739052735734 0.639299172269064 0.667247691609644 0.678818494286787 0.684617885637152 0.688501972428897 0.696218873312688 0.707000153796933 0.713348973281082 0.720698597974046 -9999 -9999 -9999 -9999 -9999 -9999 -9999 -9999 -9999 -9999 -9999 -9999 -9999 -9999 -9999 -9999 -9999 -9999 -9999 -9999 -9999
0.709029444083751 0.694128640167626 0.684173433644519 0.664681221144901 0.661665376413896 0.652557410424108 0.647426901563784 0.645374852282258 0.642204706857477 0.63904566883093 0.633425152370047 0.623125231455924 0.616214960860593 0.615612694659893 0.610888182739392 0.607822431970592 0.60628818236829 0.607134696992804 0.6102972356474 0.610067601694102 0.61204457653815 0.615246369139196 0.62011692684875 0.622127842818167 0.625890982518925 0.6205674685437 0.598245755629329 0.593506211581458 0.64753517606949 0.657713225192697 0.666587240342385 0.673295453607355 0.677292544652506 0.68120345121045 0.691041762341115 0.705296016195798 0.714182076507565 0.720764981683209 -9999 -9999 -9999 -9999 -9999 -9999 -9999 -9999 -9999 -9999 -9999 -9999 -9999 -9999 -9999 -9999 -9999 -9999 -9999 -9999 -9999
0.697159527643881 0.6829280772662 0.67289418214818 0.653668711808797 0.655670254421189 0.643287138527423 0.636287474901 0.633557366086825 0.631659547216621 0.629289990917533 0.622260797851141 0.613398265993077 0.607529707458697 0.607641431508425 0.603583888214034 0.601440841787784 0.598809593838678 0.600329043442891 0.605317330701289 0.606316690255974 0.606159545321173 0.610188500172376 0.612264954681764 0.60702900003 0.608507872671506 0.613601731639715 0.599129074245712 0.59447920082677 0.632796482760668 0.657182431998548 0.660480509600185 0.66608587908018 0.664505692700319 0.679562143164398 0.693200453590958 0.70236195798389 0.710013527809662 0.717328738544711 0.721894209856625 -9999 -9999 -9999 -9999 -9999 -9999 -9999 -9999 -9999 -9999 -9999 -9999 -9999 -9999 -9999 -9999 -9999 -9999 -9999 -9999
0.686789086133578 0.675764698374942 0.662297563202049 0.649414843902025 0.647062564614136 0.640455834805181 0.629709655885379 0.61900417057139 0.6189850734065 0.620192413099718 0.612560479077687 0.603534695334092 0.599537703090591 0.59650401998534 0.594632406865138 0.594793792012721 0.593125635599164 0.59419787735233 0.597433368947944 0.599351770631622 0.60083840718377 0.605021563374477 0.605956984860046 0.591571229238096 0.58218344801987 0.590955341457084 0.594700575469664 0.612128824096216 0.637461623808298 0.64999983697102 0.654034280242267 0.658727816131569 0.648831685635539 0.671655866992429 0.688520800640028 0.69091827878931 0.699350978506917 0.712171583790824 0.719772094494478 -9999 -9999 -9999 -9999 -9999 -9999 -9999 -9999 -9999 -9999 -9999 -9999 -9999 -9999 -9999 -9999 -9999 -9999 -9999 -9999
0.678474656611036 0.668081212254056 0.656339342273964 0.651656288043103 0.639475800270826 0.630224763794023 0.620528058330765 0.613138926561958 0.612420152857799 0.609861599052452 0.602874945541844 0.596256824016507 0.591041323118841 0.585496794877328 0.586275653463257 0.585843524055998 0.585250191244528 0.587374715777762 0.590152453365957 0.591328320514019 0.593514449219872 0.598338304792871 0.599015342302768 0.591452842792694 0.593002320269927 0.603554075131874 0.591202216993261 0.609295372885796 0.632764070213531 0.638689255768348 0.63955130975683 0.644951213109554 0.642271190840661 0.657443866752811 0.679335756935691 0.682012955338123 0.69675702500624 0.709322885075438 0.7165629632615 0.723792185762816 0.728352458883153 -9999 -9999 -9999 -9999 -9999 -9999 -9999 -9999 -9999 -9999 -9999 -9999 -9999 -9999 -9999 -9999 -9999 -9999
0.669754880428232 0.659260036976453 0.647487974344478 0.638517290243577 0.63276372740869 0.621337321306116 0.61192134017639 0.608756246665865 0.604342663214983 0.599332841738028 0.593839022841544 0.58906709298434 0.584158997521633 0.580158911862785 0.581092900805312 0.584449068898697 0.58108270781974 0.58085617165686 0.585515990856822 0.586275805489871 0.587204284072909 0.591349770198701 0.59440982146477 0.596467317390875 0.605873492354741 0.606184825890476 0.58313284451514 0.607908985403573 0.626279823973169 0.628250710177001 0.626623208325263 0.629770898045014 0.634022287355512 0.654493721257279 0.673786581975246 0.686874552780629 0.699265139291343 0.70748913856136 0.714680372084738 0.722990915101997 0.728401153024288 0.729984629532953 -9999 -9999 -9999 -9999 -9999 -9999 -9999 -9999 -9999 -9999 -9999 -9999 -9999 -9999 -9999 -9999 -9999
0.658742846630164 0.651901222875286 0.645939640182528 0.636481646544527 0.623262313925942 0.611360547461623 0.604293121633293 0.6013436139953 0.59592305129344 0.588994945048025 0.581489341476466 0.577072194117428 0.576040273721325 0.574717040945154 0.571042869588735 0.57080428775578 0.568173651122557 0.573749511574614 0.577928463545152 0.581317900664512 0.583036339356511 0.58594246532726 0.592295275324287 0.598317954828371 0.592802688328567 0.598538442667252 0.577425308404702 0.610440871062822 0.62296874604613 0.623995626240608 0.62751022052289 0.638878319276064 0.654173753132549 0.663309683913907 0.672645782643891 0.688221356730853 0.695883133210819 0.704207066494962 0.713298720635699 0.721772870825635 0.727237969469596 0.729748607339068 0.732721411556429 0.739390950581237 -9999 -9999 -9999 -9999 -9999 -9999 -9999 -9999 -9999 -9999 -9999 -9999 -9999 -9999 -9999
0.646995385293717 0.638440918103621 0.629048582946015 0.618586885722044 0.608880341375207 0.600779210461942 0.592320993234203 0.588375559854886 0.584427045415985 0.576313143391675 0.565667042559887 0.562984701947491 0.565779195032903 0.566753680668306 0.562135345355847 0.559084637564952 0.559344617359562 0.567905976463374 0.568389120355223 0.574128911319745 0.580066799209531 0.583073859743321 0.586897522945669 0.590327101794074 0.588453445121911 0.58357979505896 0.571860190598023 0.611336206962565 0.620888272650429 0.621159387314858 0.627159257328447 0.641170414134784 0.656195695536444 0.666402382875366 0.675671944815895 0.688809346847133 0.697430171077441 0.702835105803631 0.712217142721179 0.721764546114775 0.726876246705543 0.72929062638851 0.7334981359443 0.737409367168961 -9999 -9999 -9999 -9999 -9999 -9999 -9999 -9999 -9999 -9999 -9999 -9999 -9999 -9999 -9999
0.642467195841168 0.631682650779345 0.620308744855875 0.6078890443244 0.597436676223495 0.590310648761206 0.579935598227102 0.574089551436858 0.570314977392379 0.563811874469739 0.553479076303726 0.553695467331488 0.55183870074268 0.552000894039629 0.553445334096712 0.551275804501254 0.553354378301453 0.55974757736386 0.557612196504245 0.564847522768881 0.577084453156471 0.581071211337383 0.580708965008082 0.57763812327477 0.57411867941748 0.569252669630445 0.565182111574004 0.606876955568038 0.616520582998968 0.617783705892157 0.624087416349945 0.627072729665194 0.646500048116709 0.66679028380835 0.678273698717257 0.689828597616119 0.702160637618533 0.707293379263386 0.714858284752573 0.714522623788689 0.719382783227775 0.726147160482444 0.732125815312241 0.733415782160992 0.733834158929695 0.743930361610591 -9999 -9999 -9999 -9999 -9999 -9999 -9999 -9999 -9999 -9999 -9999 -9999 -9999
0.621671271335371 0.615818584258393 0.600469951602444 0.588325823931501 0.580225709806435 0.57150515149352 0.563765897103151 0.55924591373946 0.557250813284484 0.553036945756505 0.543555337887606 0.542028109259369 0.544095382498676 0.543347118279122 0.540804800671363 0.542104123471101 0.549112555584895 0.552594585554958 0.550228688202329 0.558093667543871 0.567466472866287 0.575748130069825 0.576777563455264 0.576791811807309 0.574871999953142 0.565201893699587 0.562684043085924 0.597844078774477 0.60980164171173 0.610116724412299 0.626165124208936 0.63769109545231 0.652157069574538 0.663226820315831 0.675300812067785 0.688381146233745 0.697106283370934 0.703288079909291 0.712125406767041 0.711796997974984 0.717954385186917 0.726051229651797 0.729618767431909 0.728723817641502 0.731976564149533 0.743954001963567 0.745211332411684 0.748310875457567 0.747778341032811 0.74954388295877 -9999 -9999 -9999 -9999 -9999 -9999 -9999 -9999 -9999
0.608071935906266 0.601045832512417 0.590517058885579 0.576991443953483 0.564567975749149 0.552721115957927 0.545131205412734 0.542402428441993 0.540595885074128 0.532022964175947 0.535968930530017 0.528696761804098 0.531723754124842 0.530474756571201 0.528456677746605 0.53258981906213 0.542463816381094 0.549407271133463 0.551894372970478 0.551140642877513 0.56060051998023 0.570212592425989 0.560994646964824 0.567767956286034 0.571093327231146 0.565602215662336 0.567936161453799 0.589207956814747 0.601382715362905 0.610619062953685 0.610571238270332 0.63804494850134 0.650753392404596 0.660007845263971 0.672978336633777 0.688226881403298 0.696769588166589 0.700318950345346 0.705739869344991 0.711197522786969 0.720066201591575 0.726164873194202 0.727702813915867 0.73187368045385 0.736884974335076 0.740591175846338 0.741508538844571 0.741510323087513 0.742925026779382 0.747286145105536 0.747912460094211 -9999 -9999 -9999 -9999 -9999 -9999 -9999 -9999
0.605259682675333 0.590784920312822 0.578561402515302 0.569417365740079 0.557365779274709 0.544072450245371 0.534810659940259 0.532608986419274 0.533438332224607 0.530383661679506 0.533919435397259 0.515903240954933 0.524857859700233 0.52609948784154 0.524526269396458 0.527651516143588 0.534688268748568 0.543357589491291 0.548193993806369 0.546042127803495 0.55235595553283 0.559057953427087 0.552372658803663 0.558278824124476 0.563448539654992 0.562960142951341 0.570658642980239 0.587486579591087 0.602977447756523 0.60905155070896 0.616048913206599 0.636354869069119 0.64668053811605 0.660994889860873 0.67292514403963 0.685089548796149 0.689583381780748 0.693502926358461 0.702635714336849 0.709333638689506 0.716961206356895 0.722166808429296 0.72631071552869 0.733933673393485 0.736418055162426 0.735615639258158 0.733472162810102 0.733883677797106 0.738199564858626 0.743079613932226 0.747843176162556 -9999 -9999 -9999 -9999 -9999 -9999 -9999 -9999
0.59429813394688 0.579648305289563 0.5675681266077 0.562201453897032 0.554612193760168 0.542609143977927 0.534976525718996 0.530121383011275 0.524988066150196 0.522103693334187 0.517342515955047 0.522924561786693 0.522069455616066 0.526561956653806 0.526862943303988 0.530218549920275 0.533266568580393 0.536868304405804 0.541535962974019 0.542414335844123 0.540753769003616 0.548957946238071 0.54569164965503 0.548844474397107 0.559890898683149 0.553940588062519 0.560664353630813 0.581300844879956 0.598407012985126 0.608188987975734 0.619232899454295 0.632531817289602 0.647790164854185 0.660568359418966 0.670596224793484 0.681031357029372 0.659847182307674 0.672918781339412 0.691251480835525 0.693835117889252 0.706469051316698 0.717188673086584 0.71910596162873 0.73201614950127 0.732187284933953 0.725485184974049 0.720413923420989 0.727149648128063 0.737613400081528 0.743344886117228 0.747808737191367 -9999 -9999 -9999 -9999 -9999 -9999 -9999 -9999
0.586269769581087 0.572223285396888 0.566034150336429 0.556151791182681 0.553685310437502 0.548018095460727 0.541114252342403 0.534031356287048 0.52760228937505 0.521205950749005 0.514341883604823 0.517505347343223 0.513799699322961 0.521673576732378 0.526013771104525 0.527872457580064 0.525151408136432 0.528246851235412 0.537042672858613 0.543727904249266 0.544234082047657 0.542385298227772 0.537558623037254 0.542311548838152 0.558196354621421 0.551271988804767 0.554912501942912 0.571204561431586 0.59074143150342 0.609172750669152 0.622039072047409 0.631225234978966 0.648837560549691 0.65905714535999 0.669895511283915 0.657689281150205 0.653703560142037 0.669796642931923 0.682238166752222 0.686294171894477 0.700481525101882 0.71659391566054 0.722371065862801 0.721411291846671 0.699396496281543 0.70847924950975 0.709180200650828 0.721273324960681 0.735019930701474 0.742632700172789 0.748472949514477 0.753526255661148 -9999 -9999 -9999 -9999 -9999 -9999 -9999
0.583149356728247 0.568133735147616 0.560489201211152 0.555198289918915 0.548603062072176 0.539638014929229 0.531221748810318 0.525707810584348 0.519920360154278 0.512695233101106 0.506338082187469 0.503425587753684 0.504573329379667 0.510249266402106 0.513652500997988 0.514422020726542 0.520326044819907 0.525815096256678 0.532602427258251 0.540439762793151 0.544313035254476 0.541184286703513 0.538854984557549 0.548795381412198 0.566588011234576 0.562506979027015 0.571046098780505 0.575532012246686 0.589970875984813 0.611110236810841 0.619032354350347 0.625564234937917 0.64326961574855 0.655842238035153 0.667196689671872 0.666808619865528 0.670209632614206 0.674015199843126 0.680400919514605 0.693695806475262 0.705397888725483 0.714058719718222 0.717431356668787 0.71558413795214 0.703811339226722 0.702893007456447 0.700646869317528 0.716012773578618 0.729947858982449 0.739971352503374 0.747494103856648 0.752335248390764 0.752464273442833 -9999 -9999 -9999 -9999 -9999 -9999
0.573298560946427 0.557541396531337 0.544353311571649 0.542770474347854 0.529108952221134 0.522421854906946 0.518148266944888 0.511244964953579 0.505708392031996 0.50004151189825 0.494351227635235 0.493979980921009 0.498492310989638 0.499392913979508 0.501703756416941 0.505377027239721 0.512549572765893 0.519480183180651 0.527452322881557 0.534736088069169 0.540793531379735 0.544826274944733 0.551880538757224 0.563676844965585 0.567722267677009 0.574286665247393 0.575333998832381 0.574280918356808 0.583279298882132 0.600215319061014 0.604035651840984 0.614609215449071 0.639592966514211 0.653041799541972 0.662154816244823 0.670001359421971 0.676827575989952 0.679954789873016 0.680920506106164 0.696289013475801 0.705449398756795 0.710396268121333 0.714880700387468 0.715912566586528 0.711776313692371 0.69802696683655 0.687926949940272 0.709788658088736 0.715461665642211 0.734235173800644 0.744653906045568 0.747337602574926 0.745616633547791 -9999 -9999 -9999 -9999 -9999 -9999
0.557841791307342 0.546202533769299 0.541745453663188 0.528521711185497 0.527593180220288 0.514125526787761 0.502611963660962 0.498572241900445 0.493273984984994 0.487326992350286 0.482339001219872 0.483531736688393 0.491624829920264 0.493409228525485 0.489675403369755 0.489507274033252 0.500497099983272 0.510664856711247 0.522780801443919 0.529159920819072 0.537553858103735 0.54529891840296 0.55363580082055 0.562735108212692 0.567342778813562 0.571658797985686 0.565213331817988 0.56005538825946 0.568131335470137 0.577728833978321 0.58973831498289 0.605653885503148 0.627584254763382 0.646626388224241 0.653371046594449 0.656434962270763 0.666084968551505 0.679700511217086 0.694212748620792 0.700278252428583 0.70552904882212 0.707736874382295 0.710067772304601 0.705316558289094 0.699450664404231 0.692333490819643 0.690075293417502 0.705730608405604 0.716501607932615 0.735557216403835 0.744483480351303 0.745456917317505 -9999 -9999 -9999 -9999 -9999 -9999 -9999
0.5430128836434 0.53660773741126 0.52952045578588 0.518030927986697 0.519245235415495 0.500267397877416 0.488665367670984 0.486944134017705 0.48337679712768 0.475732582315633 0.470345009847934 0.470474949654621 0.476606498168579 0.482743640020842 0.479924796329201 0.484852672151211 0.491559937073268 0.506420281703921 0.516342039923415 0.523159204912426 0.532788370362707 0.543109248594204 0.549232807702976 0.557368006102394 0.565558147492392 0.565560599134088 0.557739524315372 0.558812077111946 0.56412309036828 0.57078037749662 0.572860544143141 0.590983344297976 0.622559867332695 0.644076977115145 0.650071560464625 0.646192300757038 0.650524954036274 0.669668924163779 0.689468295856382 0.691354432658547 0.692247518403885 0.692021479512403 0.691317970117789 0.686334296575324 0.687535803881383 0.691369235054595 0.689295492227562 0.700721115964322 0.707610384622387 0.735330508592338 0.747385544661399 0.7450823460304 -9999 -9999 -9999 -9999 -9999 -9999 -9999
0.528835962133395 0.526384326028454 0.518655690503445 0.509427747065919 0.509122888067639 0.485805940002228 0.481540976093261 0.47468720860543 0.477775780604712 0.469923786028462 0.462569597870224 0.467994127434544 0.474405452421681 0.472847328540388 0.471441035489597 0.479626220769838 0.489917541008708 0.503110193312806 0.508518570236304 0.5184399700654 0.526653225852445 0.539055216595341 0.549952607146177 0.557056100192803 0.562510904129055 0.564054582719785 0.564567444714036 0.574834319334918 0.581998477775605 0.588460689807438 0.606438573415318 0.606174774174353 0.613719892314964 0.637410560206631 0.644820318385501 0.641890664607126 0.647177677214367 0.668298671209434 0.67805620892976 0.674314224096505 0.658786134191244 0.673212979688128 0.676318599731652 0.680344629153433 0.686283802718018 0.69066859593164 0.693064056546243 0.698977996634603 0.711588547559959 0.735604171638284 0.746873497448825 0.746883186651536 -9999 -9999 -9999 -9999 -9999 -9999 -9999
0.521129660320739 0.51263652164403 0.504343679525318 0.50314304114924 0.499141127583258 0.479375601649564 0.475878757349449 0.46707623994619 0.47815158430767 0.452778849373027 0.457936536961754 0.468615389229629 0.468307356421614 0.465821048488299 0.466855259374108 0.474797410510529 0.486166196219378 0.494190260463036 0.506323618196209 0.51284302644338 0.520883590756089 0.530242543745683 0.542973874927596 0.552526859101874 0.558804196880609 0.561914878992735 0.569795228974991 0.582219934880966 0.595090141845543 0.607600092452856 0.614716375496231 0.620628361604349 0.62151800593774 0.635402177944498 0.639481368125902 0.64363922660543 0.653600942456797 0.656491384554376 0.659366702422253 0.664770835968324 0.659770969691988 0.667976622194979 0.677642036556548 0.684441322880468 0.69219012802356 0.695794469026362 0.698318354079485 0.706673933069162 0.722547495999582 0.737077268926503 0.740185963293993 0.74190469490642 -9999 -9999 -9999 -9999 -9999 -9999 -9999
