layers/veg/veg1000.asc
NCOLS 255 
NROWS 330 
XLLCORNER -2985163.8955 
YLLCORNER -3022031.214 
CELLSIZE 25000 
NODATA_value -9999 
[rows 175 to 199 of 330, columns 112 to 167 of 255]
0.556653972466941 0.556823660457915 0.556528881137314 0.556100102011317 0.555889759445157 0.555934632683505 0.556162489955813 0.556221497421542 0.556300122237139 0.556326032871641 0.556497112968259 0.55713706866805 0.557790320898014 0.558410102238347 0.559443532464719 0.560518156794792 0.561861834478875 0.563661997281699 0.565218403052039 0.564903657968358 0.558346820327704 0.549590296034396 0.548117809823105 0.551453917448529 0.553988086848841 0.553430816952277 0.554109007505968 0.558140299459227 0.564190200179938 0.567789399319127 0.559642700494739 0.54736305009525 0.543233598530524 0.547925194520068 0.548829984320406 0.535055140982879 0.519197648357502 0.50515804019993 0.487539932955743 0.488594332299526 0.492925247836929 0.478128658768329 0.4677724035496 0.460120969533195 0.448527099864689 0.436806490688595 0.444313176704271 0.470682309317071 0.503199008193792 0.523379374848481 0.542276650307301 0.571579823216911 0.61423453398382 0.664766822213949 0.692231861401443 0.686196194274898
0.555966746390724 0.556495133365397 0.556363110805509 0.555918209076447 0.555584928723829 0.55545988767356 0.555584805026895 0.555632108890404 0.555804765843258 0.55588394708309 0.555950710545572 0.556426901269417 0.557068145521877 0.557765984994519 0.558785563227575 0.560081443285232 0.561504083727895 0.562168917471643 0.563529979727956 0.565415963849163 0.563059093767169 0.555405307001507 0.546387149201736 0.54762650780994 0.555897238347763 0.559731516535936 0.559964998979348 0.562576995169707 0.571662480516275 0.570759865652065 0.556920673638025 0.540501896673869 0.531430924104908 0.532460832920344 0.5412697929109 0.545359299447446 0.530499126367015 0.504788495152885 0.478810828400865 0.475692465018285 0.4936726382422 0.483780923417068 0.458229807579892 0.460128189944311 0.449492360141937 0.443358722557088 0.463240347599805 0.508291144328907 0.547090669747985 0.571795640416464 0.60747372946416 0.607040432416818 0.631004500965988 0.684585229449734 0.702028452778167 0.708434213746541
0.555387934606757 0.555959110885351 0.555926968973518 0.555514652498947 0.555103697761426 0.554972145307679 0.554930019169294 0.55491972397303 0.555021371509506 0.55481600943968 0.554943878314269 0.555425526497856 0.555943394438392 0.556660709151831 0.557963924335615 0.559273788236926 0.559654228707089 0.557785005984852 0.558380247521241 0.562949728548344 0.56301768625103 0.557983313179943 0.550396554981407 0.550020480425255 0.558412143918802 0.56428740550549 0.566428592713276 0.569154084736244 0.576100386485811 0.572560974632682 0.55769147542779 0.544708506572069 0.537080137074393 0.534316867371881 0.541362807308887 0.548188262703582 0.537470820980676 0.519192744283142 0.492311203706744 0.474410650554886 0.485734737393934 0.485925160932821 0.470255553755928 0.464543246501404 0.456629433537208 0.451334586212867 0.473237309686084 0.52025969357458 0.547299324306886 0.55985306097122 0.585797160410325 0.596964947613567 0.634206239461441 0.681277966626175 0.701057437943947 0.709643318614609
0.554072362477723 0.55476809401422 0.554833494419213 0.554535989710445 0.554290673332208 0.553982819564819 0.553748039289184 0.553633738354683 0.553561444699608 0.553297057610525 0.55323241381479 0.5536650628128 0.554119541520814 0.554889200453212 0.556165152471714 0.557466405680436 0.556504218523868 0.554052553639616 0.549356931221584 0.550816906803289 0.558363828222673 0.55659039703711 0.550039430404173 0.54770380803404 0.556415356018054 0.565010480287287 0.571040265445747 0.576461670229541 0.581377634718078 0.580569242400565 0.574846582877762 0.57417899849776 0.566744643880719 0.55958233979594 0.557103138203676 0.539005380136751 0.529137237597712 0.517682247464307 0.490769706301508 0.46933031552996 0.468799011647402 0.479510126998139 0.482677228807129 0.479288370923902 0.479957699968441 0.478736929968897 0.495724267584382 0.519751753610784 0.517666434070741 0.528696689172522 0.572057120906697 0.601968483661654 0.634245892980358 0.689050973147302 0.703762586757128 -9999
0.552648266232569 0.553223543206265 0.553338639269346 0.553203916416323 0.553051011485426 0.552689972614861 0.552511099553715 0.55211461956517 0.5514899756921 0.551307451534536 0.551473689256835 0.551581480323232 0.551919440774223 0.552708938707045 0.553781045320037 0.555190590179237 0.555344544338964 0.553350598983325 0.546030251825521 0.545189366638522 0.554379754123933 0.553201940321602 0.547389799234391 0.549681971549336 0.559468002823935 0.567727565161152 0.574292375902078 0.579556699823567 0.58505183523613 0.590598191342454 0.596720580430485 0.5977180871084 0.59280133256526 0.589001333574273 0.579692946190558 0.558440155796536 0.544834682002561 0.535354614512005 0.514898203490615 0.492905929533512 0.479176124197383 0.484985417796149 0.495210626187204 0.492443923409166 0.490145969391009 0.491400294275965 0.494201016289838 0.500839597726136 0.519849838780774 0.556427927457751 0.626832311630994 0.686541934502767 0.697739212632198 0.695741951928651 -9999 -9999
0.551643693749592 0.552093444626488 0.552087314579407 0.552025124776164 0.552224395578344 0.552030558984166 0.551510318638392 0.551058711037029 0.5507357136277 0.550367552597736 0.55005583115019 0.550027651711783 0.550161299557667 0.550595650633874 0.551464616421713 0.552666490477818 0.553422199873109 0.550768484371168 0.54783889962258 0.549327926912716 0.550821713671369 0.542509882327657 0.538531879856795 0.548851868696114 0.5543892227097 0.560166096930149 0.567559968028215 0.579092041971774 0.585498339359744 0.586813715334208 0.592823981397544 0.59469167459088 0.590016099759407 0.592036384583549 0.593147314280213 0.582572337691908 0.573577784066339 0.552546866396354 0.513834428270353 0.486002289891287 0.470861582223111 0.479545894282478 0.499007839369757 0.496877628835106 0.495416730440291 0.502751967330762 0.508392385658261 0.517633255216679 0.531254112772185 0.591333935534007 0.673221834036417 0.694888026050496 0.699395991646162 -9999 -9999 -9999
0.550210898990559 0.550517276905591 0.550424769539351 0.550159626628377 0.550314720747248 0.550163298254042 0.549418795625727 0.548488242194275 0.547836858946918 0.54748658142434 0.546973596198773 0.546872137223139 0.546955531631327 0.547118431611525 0.547674497561779 0.548329436496696 0.548790155156181 0.544351599146678 0.540833140967992 0.542377866964848 0.544671109215325 0.543391749419557 0.541380094121794 0.543806683419388 0.543390560202395 0.553571146837742 0.566504562899047 0.578224863098368 0.582687923764873 0.579814035466872 0.580116760786244 0.581632684570507 0.574944220580648 0.578659329190329 0.587954131319043 0.575501800262991 0.560339395169963 0.545127581151075 0.517346121391742 0.498029657711468 0.492337089108682 0.496031474305832 0.508770984545634 0.509858489353665 0.509196692332489 0.510975288676579 0.516180994935861 0.524422485740344 0.533918181194787 0.591846066087757 0.672339272915914 0.695614504197598 -9999 -9999 -9999 -9999
0.54918158910371 0.549313583149592 0.548995065131238 0.548448577056149 0.548167854287812 0.54792341848249 0.547285741506924 0.546217834686699 0.545424683024495 0.544720877821712 0.543885923268203 0.543584375719013 0.543392391771474 0.543251024988667 0.543313408569332 0.543401899406201 0.542757679938361 0.539252359869693 0.539613727497553 0.544548532509494 0.546455554255667 0.547924113668955 0.547514786480213 0.548712506038141 0.548357491970042 0.545501876783322 0.556777403469566 0.574189791359567 0.577810941334061 0.570118527178028 0.559174332710769 0.556474918929717 0.556767563045376 0.562569327424566 0.576087479240408 0.568560637271023 0.546478340180026 0.531841091509328 0.512314986511325 0.503737640600017 0.511732774889202 0.512807344544688 0.517426906708867 0.516454801308002 0.515727237603497 0.518278659440956 0.524530411433082 0.532028809015868 0.538098311651417 0.602446756801253 0.680585627696424 -9999 -9999 -9999 -9999 -9999
0.547511873740612 0.547591766114266 0.54751575716759 0.546860193887726 0.54647600055808 0.546032696042545 0.545262100974569 0.544121451570749 0.543037030532155 0.542214327011758 0.541231817927226 0.540487974086685 0.53995378950708 0.53958490070792 0.539537712272125 0.539389386140423 0.538589874251336 0.536834133850556 0.537527651437837 0.540516379382618 0.54250524656085 0.541854376817474 0.542457688225574 0.540613039053393 0.533646804038819 0.540050916834164 0.554951383708831 0.569267383278853 0.570704859359911 0.560563531894785 0.554551766950512 0.55275867545555 0.550793433328506 0.55258289650499 0.564969687859005 0.562957773046096 0.546374954392232 0.522847049422412 0.504722242238369 0.501510234549513 0.506117984879267 0.515935460150622 0.515780570314763 0.513638704813493 0.513541158816772 0.51483814179516 0.523037771350643 0.537979560826601 0.557245767523709 0.623142216178865 0.684685185766177 -9999 -9999 -9999 -9999 -9999
0.544677496702779 0.545059023304279 0.545791061551258 0.54497438055113 0.544053969857245 0.543165326870635 0.542229789518471 0.540915557520921 0.539477685218672 0.538298442642352 0.537129935788424 0.535830999078323 0.535040383846598 0.534331020753266 0.533225223875016 0.532182254943715 0.53171436092128 0.530963968697232 0.528791922248903 0.530035329801084 0.534911915242622 0.536279310803272 0.535094318012643 0.531027118411422 0.531258637519145 0.541369546564178 0.55489456103515 0.556752940294474 0.548653369643112 0.545984371072669 0.549425392759761 0.561381984404815 0.567652654243238 0.570824273362234 0.572561953067292 0.562028483794734 0.542728927232353 0.515473191675534 0.484879194707716 0.476352842250711 0.481053168359028 0.481341906030158 0.483556811008106 0.492162813770422 0.509707128471418 0.511174678588844 0.515727396011923 0.553603687295294 0.609056285502409 0.654709262091676 0.671066707632953 -9999 -9999 -9999 -9999 -9999
0.543759588259891 0.544284561913748 0.544511760601859 0.543135777914306 0.541585657324206 0.540421435203351 0.539194793264457 0.537486086803635 0.535854022027223 0.534587432488306 0.533004973907752 0.531228818856001 0.529850882451232 0.528413460460939 0.52642971070708 0.524839721346674 0.523891582391739 0.522306877304224 0.51807480524848 0.517653334937207 0.523623777559583 0.525779470285427 0.52207953245862 0.522963232070937 0.530088982226132 0.537358729640177 0.541446125837818 0.534576222622745 0.529781103656323 0.538623299330429 0.554677379830553 0.566544076928043 0.566815376094604 0.572715453721224 0.582562722845064 0.566669145692139 0.54195945218797 0.516904262891044 0.485988631634108 0.464766146035329 0.468788533031039 0.461685501718677 0.454243253178269 0.472385906917979 0.50235243693874 0.523410057085705 0.523682725569816 0.563838976724024 0.622499518745361 0.643814590735083 0.656768971867875 -9999 -9999 -9999 -9999 -9999
0.542241968025997 0.543337323799765 0.543356898793308 0.541812378903738 0.539932515874043 0.538444911865277 0.537023525153146 0.534781046151231 0.53281838142961 0.531468894667067 0.529701671843929 0.527545623297089 0.525800124342576 0.523726418133415 0.520952269552672 0.519104314632599 0.517918031016797 0.516912131722685 0.515779183162097 0.514653117861486 0.516262160499848 0.518156181684638 0.514444890993904 0.516365211540718 0.524666521220282 0.526287864914251 0.517036954797138 0.506960131548034 0.521990639335189 0.543660626759808 0.555257968513716 0.561906785965353 0.563460110539951 0.576451027970316 0.574475795788939 0.555863696100246 0.54666083794031 0.521091074048266 0.493098708693848 0.484710044073182 0.487872129901786 0.473406725882853 0.458482305542699 0.454506705269569 0.477752704726725 0.518173478976791 0.535369700140469 0.569053434944489 0.609460808214492 0.626143744568297 0.640073445716846 -9999 -9999 -9999 -9999 -9999
0.539865338943442 0.54162439993494 0.541285204222551 0.539359175767884 0.537159028457965 0.535252291302741 0.533271641116179 0.530614063582715 0.528207956437092 0.526362890015346 0.524265998354422 0.52167826885625 0.518946324022041 0.5160013068214 0.512803094276496 0.510637168922441 0.50890732707018 0.507167166081888 0.506102804992586 0.505517702234966 0.505751416231857 0.506780269596077 0.506508340536612 0.507060048764863 0.509896603661581 0.505680148776115 0.501612516754905 0.511040379217265 0.525350739659195 0.537722149561501 0.545479308389713 0.551516462133665 0.558833804834616 0.56264189327929 0.558753703917052 0.552736077406317 0.547520404985643 0.532602572086323 0.513562688896342 0.500553186779411 0.484082430262532 0.470131469394039 0.461441700950263 0.459064870317098 0.489958484067635 0.520197374310447 0.530080175856665 0.548362979868246 0.581427027822009 0.611182235546522 0.613366292593755 -9999 -9999 -9999 -9999 -9999
0.538984695403966 0.541121268087598 0.539575881965967 0.537292246743988 0.534655878592813 0.532445097806101 0.529941340410865 0.526593893862672 0.523811820635087 0.521494194029535 0.519044141185247 0.515719126653144 0.511587803581154 0.507800242159578 0.503974703727987 0.500993274758529 0.498507318835016 0.496030547927503 0.49484480606772 0.49427183700848 0.49342578239597 0.492628596812995 0.492131352316589 0.487740897875189 0.483164898447143 0.486555041429604 0.500112960938796 0.515541015580242 0.522061652595907 0.525207427602001 0.525070865529723 0.528633438172778 0.540189616029676 0.537676601012982 0.520263185142066 0.519837866004389 0.527104434449193 0.534745635466702 0.521907025085143 0.496875491904816 0.475661030050825 0.465578884562748 0.458830525217691 0.444467034533192 0.460180126135972 0.49397592004993 0.502679706984721 0.512968469214668 0.552090843542074 0.587147809256611 0.59434500706317 -9999 -9999 -9999 -9999 -9999
0.53769036904327 0.539191172216171 0.537585751194568 0.53518190654452 0.532326181966836 0.529761987103153 0.527063540894715 0.523526947979803 0.520330585554759 0.517612824968754 0.514848466507094 0.51074644478607 0.506042562889885 0.502152001541133 0.497674650481631 0.493991773912025 0.491050719259091 0.488143278018616 0.486044251782151 0.484762688122188 0.483301515349931 0.481829447144176 0.480647597233495 0.478409007863802 0.474755387490108 0.475735034121656 0.486042416205641 0.499731227765916 0.509410857698508 0.511426179610457 0.509621840601348 0.509008903987788 0.520724425608035 0.525853647387463 0.511614307673078 0.508876900265047 0.510517354623674 0.514993632484427 0.516892974004233 0.497840649246603 0.472062430083942 0.458663394167746 0.450821512529321 0.442920153689899 0.439809863204801 0.455821040857484 0.476839569837062 0.488420558226904 0.516560409972138 0.552056667949842 0.57341625296761 -9999 -9999 -9999 -9999 -9999
0.537880197844005 0.536684620164744 0.53515519115542 0.532485065423604 0.529071346711709 0.525974028467144 0.522880457684245 0.518857924422924 0.515242377616063 0.512379774879589 0.509129602351082 0.504061296451873 0.498380475682133 0.493518747484844 0.48828561524119 0.484141293946132 0.480449383443491 0.476487836993081 0.473564264695618 0.471109194240625 0.468815579093014 0.466579064916626 0.463868178927117 0.464364417573202 0.46828725396975 0.472552384041786 0.474426091074303 0.474100304973289 0.478953131495519 0.486483044841373 0.487205009983215 0.484937456236782 0.499073308111323 0.509622845197343 0.500163694300881 0.491700470083396 0.49124902777382 0.500599380081969 0.491860956360126 0.473259616281769 0.459444175090381 0.4408665384961 0.430095947656402 0.419799539438451 0.414924088132953 0.414089751747098 0.420497323834356 0.437741706609844 0.471659438656228 0.530410557047607 0.566211969529449 -9999 -9999 -9999 -9999 -9999
0.536358068116595 0.534324959911526 0.532037803882297 0.529275136764849 0.525636127545181 0.522324944787068 0.518776931551566 0.514138317470178 0.510122267745657 0.5068242153365 0.503045769111834 0.497037271503921 0.490449229514791 0.48516074234011 0.479206314965246 0.474222807658029 0.469931079127422 0.465090842156477 0.460926629896188 0.457259057503575 0.453497266854903 0.450101570973599 0.4490651978626 0.45328862025323 0.456126651678583 0.455828173418485 0.456809423664167 0.456484089526307 0.45907251535928 0.466031501579283 0.473687707274477 0.476580348733283 0.480287316642335 0.490145348984338 0.48910624010044 0.482204109648023 0.487787715535968 0.492091909601337 0.476160328225839 0.457985846471406 0.44392502794463 0.428812715427343 0.408569123690123 0.387256638622123 0.359909804020476 0.353193160027842 0.375122062919629 0.407528370339593 0.436542735105279 0.487521620679405 0.551990083084183 -9999 -9999 -9999 -9999 -9999
0.533635001761222 0.53162872623323 0.529376224564302 0.526645901334901 0.522965795193169 0.519444533726035 0.515643353453965 0.510586166965674 0.506332707024288 0.503077150383129 0.498549033934989 0.491663479984108 0.485219373068997 0.479992015859008 0.473436789941233 0.468168682622092 0.463230651963617 0.456847047454081 0.451502731645437 0.447102746419323 0.442337911112374 0.439097588059382 0.439297014532824 0.441255672733741 0.440503107556497 0.438930775498271 0.441728271926433 0.447877456017711 0.457048982604808 0.465617368702925 0.469582864879897 0.470572287080023 0.474166043016459 0.481827531305127 0.485262942534696 0.478383658459775 0.471010069256098 0.4671529542411 0.462313229760004 0.454151221900164 0.438866654044108 0.420342867430124 0.402763388243664 0.387616226977037 0.357334249021837 0.324638834075364 0.361794826043258 0.448380066315826 0.478860601273662 0.511367245013929 0.548678077534682 -9999 -9999 -9999 -9999 -9999
0.530173111044796 0.528026909618316 0.525619277930752 0.522800070900965 0.518978963773145 0.515258447689507 0.510983343962909 0.505561734384103 0.501316980804757 0.497987988746623 0.492789567548122 0.48470189602204 0.47769397533275 0.47215022770344 0.464882075211084 0.45843042725352 0.451870487390061 0.444110166986507 0.437861386846568 0.43231524468165 0.426740548229397 0.422736128706508 0.420162788800356 0.418940810918468 0.418890455841281 0.419013805670329 0.422026811075561 0.427043022238072 0.432245724934497 0.44165423251933 0.450208652785366 0.455482046582066 0.466754431502511 0.477214930324446 0.480663415194286 0.482190092108135 0.481504051826633 0.474454583349724 0.463637793021525 0.454853017095843 0.435331340032065 0.413604583425107 0.398818532742343 0.382148791102829 0.353715575302692 0.324762677389278 0.373786568121938 0.466055486307164 0.498413402883397 0.522475324538468 0.541755676372977 -9999 -9999 -9999 -9999 -9999
0.52705431040345 0.524703395792435 0.522173579525446 0.51911848044996 0.515148489761236 0.511305672299118 0.506660777917868 0.500880869933604 0.496749797001023 0.493603833477363 0.487611265839596 0.478153648639729 0.470819191836644 0.46500061830495 0.455838774667983 0.447727230940136 0.440194856739917 0.431790907013713 0.425275514930851 0.418738018683213 0.411821378555053 0.406488620400034 0.401191678653754 0.398074204855653 0.395533707409406 0.393736088603219 0.399683388492598 0.405622920848362 0.40899011967977 0.417911608169678 0.431008638792591 0.44278725507683 0.460062012589751 0.473556835778728 0.471043164261635 0.469669212220474 0.481399633208872 0.483158990491504 0.472522727363329 0.459670534775148 0.438588509146336 0.414835876267417 0.394175129630437 0.37498809826156 0.354223891238432 0.349087447987112 0.403699189598009 0.481521339993381 0.510363563824692 0.518881499387315 -9999 -9999 -9999 -9999 -9999 -9999
0.524999087127301 0.522345936076619 0.51969679713111 0.51649005919118 0.5124043558334 0.50829116243103 0.503422399850018 0.497945092720383 0.494023059886331 0.490505068802753 0.483534476461212 0.474320690377658 0.467530830794415 0.45969368632608 0.448648209636072 0.4407431198253 0.434307792308928 0.424873833364745 0.416795660354457 0.410037035838199 0.401799864045582 0.394535770396998 0.388613434560675 0.381145111623854 0.374478088718574 0.373593759470263 0.375265500659387 0.381733279727749 0.389064357175241 0.400451082036186 0.41873496368821 0.435410440306686 0.454352739455329 0.462004592701323 0.459844191376038 0.457342876104175 0.46574132660773 0.4812047562951 0.48640150168363 0.470685893109423 0.450225118582691 0.436658775354277 0.410748994361809 0.383273507384497 0.39908444844992 0.452813634540106 0.481718246650055 0.500496008604699 0.50762798838591 -9999 -9999 -9999 -9999 -9999 -9999 -9999
0.522027653509933 0.518984602161775 0.516154598525451 0.51296723851662 0.508738065291068 0.504274716497498 0.499261103871361 0.493914741818736 0.489742849765085 0.485610072773513 0.47809562881564 0.469000756695663 0.461266406051026 0.451159912064547 0.439415830691135 0.431823354355895 0.425453114021056 0.415115488258194 0.406335622867297 0.398135387118775 0.387288060192384 0.37863968825 0.370783890418024 0.362619839278355 0.357522526699761 0.35182579597568 0.352950977146347 0.363435328949617 0.372572941474989 0.386403780880869 0.400700677085587 0.42142298520111 0.449370722597237 0.453627030000861 0.454281786135274 0.470864527927596 0.484562878743553 0.496050579431464 0.499965488372383 0.482040445408923 0.448951199613961 0.424339648457819 0.413860232382285 0.404868047960314 0.438150536867258 0.495989012576166 0.502508895943066 0.500679707169547 -9999 -9999 -9999 -9999 -9999 -9999 -9999 -9999
0.518738688157745 0.515778647649886 0.513064759686749 0.509723279759191 0.505179456612416 0.500389244739508 0.495404811424736 0.490599591426388 0.486302089466154 0.481105352708078 0.473778374352673 0.464498612099845 0.455160726513765 0.444600080142627 0.434283281469826 0.426377657864918 0.417655947101599 0.406608848053305 0.397613879666567 0.388621731485112 0.37650740925791 0.36556279525021 0.357717302385141 0.349794491367703 0.341337317052906 0.336428694763525 0.346918939660705 0.359699653346361 0.365133554467633 0.38143019087814 0.391765472391749 0.413635726411369 0.438291748096421 0.44536078511236 0.452708642130642 0.482003989532238 0.517554056683052 0.517586735834539 0.504952526900075 0.489396696749762 0.468380137145447 0.437266914637832 0.413684987586496 0.42276681527852 0.474263808530587 0.51500091391478 -9999 -9999 -9999 -9999 -9999 -9999 -9999 -9999 -9999 -9999
0.515740269379941 0.513497106776435 0.510853939675534 0.507430581847505 0.50271262006339 0.497852991458324 0.493138793865384 0.488379810941323 0.483667088185668 0.478081821927167 0.470636790333221 0.461039405486458 0.451044691266246 0.440299195339599 0.430441975503239 0.423280673116598 0.41431101521586 0.402952751570774 0.393083301627126 0.381748776145891 0.368273844311621 0.358222991055761 0.349772252977984 0.341855371829405 0.338812256592884 0.342097785091585 0.351728744863199 0.365292193576611 0.379022877055262 0.392661803881627 0.400506977731592 0.424537055058945 0.441865339174597 0.438046976492224 0.47206574748747 0.509743789463022 0.529116818432967 0.534252573292903 0.53660312347172 0.533239502771656 0.511632384059158 0.470408605072117 0.428274557074413 0.435567827010266 0.485622664635817 0.516155306894543 -9999 -9999 -9999 -9999 -9999 -9999 -9999 -9999 -9999 -9999
0.511747046604348 0.509443155800167 0.507262640186975 0.504007078561256 0.499362692040562 0.494492355698905 0.490062064563364 0.485297655957896 0.479795749276308 0.473883614611157 0.466274389810147 0.455922269785836 0.445796481067445 0.436099756218631 0.425632018644261 0.4181199705083 0.409758848492582 0.397036584750503 0.385034026141904 0.372504799627509 0.358830264242961 0.349027209854936 0.342034654002537 0.334599682988645 0.330431207446102 0.335876428906774 0.348074738504493 0.359775055745279 0.375802322289169 0.397743065215608 0.415764968042321 0.4363086083634 0.454803284489455 0.467099001048564 0.487524907654151 0.508523242894543 0.52475114621458 0.534827579957174 0.539596948149827 0.539172082766145 0.527866141221952 0.510920340628826 0.49046990922647 0.487884497763796 0.507405333147481 -9999 -9999 -9999 -9999 -9999 -9999 -9999 -9999 -9999 -9999 -9999
