layers/veg/veg1200.asc
NCOLS 255 
NROWS 330 
XLLCORNER -2985163.8955 
YLLCORNER -3022031.214 
CELLSIZE 25000 
NODATA_value -9999 
[rows 150 to 174 of 330, columns 56 to 111 of 255]
-9999 -9999 -9999 -9999 -9999 -9999 -9999 -9999 -9999 -9999 -9999 -9999 -9999 -9999 -9999 -9999 -9999 -9999 -9999 -9999 -9999 -9999 0.494140815523141 0.446702347833344 0.348164982881061 0.216495780764403 0.10210485727423 0.0415847305190689 0.0473830386996933 0.0871405130446528 0.116112871190974 0.122151972648425 0.119763267005052 0.114241245685208 0.111167116405415 0.101125886739558 0.0473009201547435 0.0070569846033717 0.0300414271449382 0.0783060602160799 0.100530276442405 0.13104724444126 0.198426240277264 0.195315720188129 0.206442719840057 0.259954737931318 0.313093497056609 0.378386360603647 0.434198247416169 0.432466158276035 0.457283491045967 0.495345772714269 0.504976220627176 0.508609012823532 0.506971194804264 0.506233198951598
-9999 -9999 -9999 -9999 -9999 -9999 -9999 -9999 -9999 -9999 -9999 -9999 -9999 -9999 -9999 -9999 -9999 -9999 -9999 -9999 -9999 -9999 0.470761338230211 0.446199012423281 0.38936277111101 0.30000021976135 0.173176956741259 0.0766758714107408 0.0686399859692572 0.0921981836546938 0.111779312582753 0.118357562964818 0.114564576886179 0.107955835750381 0.101736046057366 0.0887261665480659 0.0473477578527586 0 0 0.0550407800633725 0.0826187449548433 0.102245535868975 0.13883805075391 0.164824943102157 0.213298374317836 0.227530245136448 0.303694035282678 0.378050753599817 0.434165639561543 0.423482979402003 0.444271258816608 0.492071000238145 0.501793868382607 0.505741616365533 0.506844373922886 0.504964416216246
-9999 -9999 -9999 -9999 -9999 -9999 -9999 -9999 -9999 -9999 -9999 -9999 -9999 -9999 -9999 -9999 -9999 -9999 -9999 -9999 -9999 -9999 0.492836900280798 0.469094093751367 0.421484566484595 0.353943100589157 0.22211080808836 0.0638145157453648 0.0185685772642172 0.0766256000533157 0.0980928320497017 0.0950503004816781 0.110749861306791 0.113119677768146 0.112209007143582 0.0969258762537706 0.0359976863282423 0 0.0245264801739925 0.0454896389246582 0.0402965654097223 0.0809450334083955 0.145410393707915 0.133099286701414 0.17939373420584 0.266555964026429 0.350936383203627 0.402431565065603 0.432682787994444 0.442343564054106 0.461691602792597 0.492499680350456 0.501000166279361 0.505019993265823 0.507735385147664 0.507472127186562
-9999 -9999 -9999 -9999 -9999 -9999 -9999 -9999 -9999 -9999 -9999 -9999 -9999 -9999 -9999 -9999 -9999 -9999 -9999 -9999 -9999 -9999 -9999 0.482012625264898 0.44545623117486 0.391690185034556 0.258656668073162 0.09270343994164 0.0147854675576493 0.054029577235713 0.108270742771266 0.118622223066464 0.114712124403093 0.114866931529504 0.114876056137073 0.0961902424674555 0.0457670992130139 0.0347905522111832 0.0776614425113731 0.0760114501895496 0.0980403629567868 0.137548245679751 0.148926416111063 0.136414616723792 0.170959604326344 0.263649454206712 0.318013049029347 0.398031175068475 0.438292260111513 0.452328829424862 0.474610293329895 0.496532081988458 0.503706918341107 0.507554062558967 0.510854242956012 0.51142596262708
-9999 -9999 -9999 -9999 -9999 -9999 -9999 -9999 -9999 -9999 -9999 -9999 -9999 -9999 -9999 -9999 -9999 -9999 -9999 -9999 -9999 -9999 -9999 0.476519154418502 0.472356288780504 0.439169179442821 0.304108923711693 0.142013977736599 0.0574048828931858 0.0567092811929721 0.109526482525197 0.119049347248568 0.118550258001836 0.118579214743452 0.118032950418769 0.101565285630789 0.0748042332947339 0.0794848219524316 0.0861553701083225 0.103043783515159 0.155160982071549 0.15875252057828 0.149982701779672 0.164167112677816 0.232029159878116 0.303341558001425 0.335622084171056 0.409789222419196 0.428026161889726 0.43788396698004 0.470821843068515 0.494879507308284 0.504812638848614 0.510744100733346 0.514954496091229 0.516798641685466
-9999 -9999 -9999 -9999 -9999 -9999 -9999 -9999 -9999 -9999 -9999 -9999 -9999 -9999 -9999 -9999 -9999 -9999 -9999 -9999 -9999 -9999 -9999 0.483059043324465 0.480104975292743 0.460147362789171 0.333476827179173 0.152092362195293 0.0624428972501848 0.0636451517939334 0.111089820807187 0.117692257084082 0.117011119950837 0.117709569687434 0.117568808264728 0.102759217158237 0.0870645958799472 0.0761466473179486 0.0711569012330493 0.0784206339132863 0.136581751800193 0.174289408420231 0.145119914092784 0.169858854953264 0.239231916670252 0.341274432768468 0.395113251856652 0.424206344792771 0.421396184142267 0.436418860642658 0.465958297025722 0.496896835455948 0.507244806994647 0.51290414042205 0.517830235667568 0.52037201041033
-9999 -9999 -9999 -9999 -9999 -9999 -9999 -9999 -9999 -9999 -9999 -9999 -9999 -9999 -9999 -9999 -9999 -9999 -9999 -9999 -9999 -9999 -9999 0.486291008976593 0.482629757259078 0.47967563483119 0.384045044006539 0.181895693874754 0.075882953611776 0.0811164239722253 0.0954973717300991 0.11281344083838 0.111765707269476 0.111892899929277 0.117086175409238 0.11406693948149 0.106266064609083 0.0837338821312487 0.071246825081776 0.0955940781082527 0.14995480627307 0.194092014954468 0.173365802857546 0.157035956369971 0.210314071380629 0.315023599471727 0.411018745093074 0.449236609988098 0.438134782480279 0.445405790875753 0.481260347822507 0.503623892895065 0.514046100473222 0.519180126148498 0.523187502484391 0.525583372859488
-9999 -9999 -9999 -9999 -9999 -9999 -9999 -9999 -9999 -9999 -9999 -9999 -9999 -9999 -9999 -9999 -9999 -9999 -9999 -9999 -9999 -9999 -9999 0.4950736176921 0.484895114582298 0.474919545253663 0.415236867287349 0.21872924523526 0.0683961795130252 0.0548293792145383 0.0655432496329956 0.0975626226846888 0.101702887351002 0.101640386990872 0.112932382635314 0.109686210768705 0.101058019778361 0.0861168291351846 0.0746732903283487 0.112084643746983 0.182609987847128 0.190937499399963 0.18911590112869 0.196483902383861 0.244617186339827 0.353291214631711 0.422143543265804 0.472913956834913 0.468215931726543 0.474547554220889 0.500330779996747 0.5153505709773 0.522138405055904 0.526421331909236 0.528716197336437 0.529954172708292
-9999 -9999 -9999 -9999 -9999 -9999 -9999 -9999 -9999 -9999 -9999 -9999 -9999 -9999 -9999 -9999 -9999 -9999 -9999 -9999 -9999 -9999 -9999 0.492185966275 0.485212181407534 0.482549803657043 0.431739014733221 0.236358909028192 0.0552588847762851 0.0289774504002434 0.0423394686651035 0.0584916302334297 0.0853705165745734 0.0959538447026652 0.0917101543951915 0.0958483315225252 0.0920978285256049 0.0665158150265631 0.0524790531830614 0.066114961821241 0.111512208976095 0.15440579115602 0.182996897731397 0.190214850091578 0.226056818686204 0.325699370165661 0.38684281867342 0.453050436000962 0.497441268083013 0.509303365191164 0.521156950895575 0.523247899828999 0.528915912164278 0.533123311423025 0.534328353220294 0.534609224970416
-9999 -9999 -9999 -9999 -9999 -9999 -9999 -9999 -9999 -9999 -9999 -9999 -9999 -9999 -9999 -9999 -9999 -9999 -9999 -9999 -9999 -9999 -9999 0.489962502228346 0.492332427893228 0.495572085029243 0.452400125123547 0.28204557978534 0.0969788848255418 0.0452851833323912 0.0650927145066568 0.0730107767731839 0.0619120940526901 0.0719107992941762 0.0886632066955231 0.0944889371108063 0.0819002865971608 0.0549020720375819 0.044518126393338 0.0650510882816102 0.109543685877886 0.149884025569065 0.169072033540795 0.189147995144643 0.239990398339713 0.298298735806391 0.353714554073516 0.435344267669384 0.48303973729351 0.514698352997732 0.53237045614396 0.532747671892483 0.537072619330007 0.539843658105263 0.540096020285643 0.540122305521746
-9999 -9999 -9999 -9999 -9999 -9999 -9999 -9999 -9999 -9999 -9999 -9999 -9999 -9999 -9999 -9999 -9999 -9999 -9999 -9999 -9999 -9999 -9999 0.488087830234454 0.495795741076428 0.505420792640576 0.4687801692154 0.30183143990051 0.123580142148119 0.0875327093570239 0.0628664793700837 0.0141705169771039 0.00127765649009499 0.0378534760994827 0.0738245261394012 0.0868915469016191 0.0622379594346102 0.0379509435490131 0.0340341660368768 0.0733515548102067 0.146141067948696 0.174483360735094 0.134785753167239 0.138581209743401 0.251962790210211 0.331759133541689 0.370575912674561 0.420863995344465 0.44388485756469 0.4974744577825 0.53125162675152 0.538361556553727 0.544690496588353 0.545026890355031 0.545081553151222 0.544945776050722
-9999 -9999 -9999 -9999 -9999 -9999 -9999 -9999 -9999 -9999 -9999 -9999 -9999 -9999 -9999 -9999 -9999 -9999 -9999 -9999 -9999 -9999 -9999 0.483192653455029 0.486774885263272 0.486260662171318 0.459737881444127 0.304717124856049 0.13795687153999 0.0704511449997879 0.0321855098481144 0.0387120688338877 0.0141798701514301 0.00789588938492565 0.0591779479518697 0.0729478921003686 0.0424679250174306 0.0137037240411529 0.0137740327225508 0.0808679753270588 0.139836796451286 0.138141578313905 0.125112282806034 0.144435091234585 0.266010106782038 0.355981742044536 0.405584190127445 0.436278345365441 0.459862809780996 0.500272186912888 0.531665699350056 0.542833489434922 0.546359199457263 0.546487935661148 0.546657075913612 0.546757961032714
-9999 -9999 -9999 -9999 -9999 -9999 -9999 -9999 -9999 -9999 -9999 -9999 -9999 -9999 -9999 -9999 -9999 -9999 -9999 -9999 -9999 -9999 -9999 0.43645845670958 0.434070488029255 0.438790573925156 0.434763892394575 0.287483198251195 0.14361046247996 0.109036170179178 0.0596972428358863 0.00547333239720965 0 0.00242878420675934 0.0436113495089355 0.00842572887838995 0 0.0155583836220102 0.0552026237097958 0.0780241129659917 0.102982456356556 0.124044217321109 0.119872072069832 0.15243795618591 0.256472295513843 0.364729315569839 0.445175001715348 0.448871290394831 0.484729398430396 0.522067225394577 0.540446680059756 0.5484128658114 0.549990588318572 0.549564282458866 0.549332582240259 0.549158671470181
-9999 -9999 -9999 -9999 -9999 -9999 -9999 -9999 -9999 -9999 -9999 -9999 -9999 -9999 -9999 -9999 -9999 -9999 -9999 -9999 -9999 -9999 -9999 0.402354754561556 0.395862293342573 0.430423548918581 0.429688162894194 0.300767827232427 0.165132092707375 0.122024429669294 0.0851116841113348 0.0409420129749776 0.0110529093850769 0 0.00976179065221749 0.00126523033486586 0 0.0102177939989754 0.0677579593493245 0.0943704733511102 0.107565930817888 0.106723124126717 0.0853663474011346 0.13260995034632 0.274742156648399 0.391683253993727 0.468923455894478 0.490490662706783 0.509575811937869 0.535394879027325 0.545764369657006 0.551684205449471 0.55322369334731 0.552741041600795 0.552108595305431 0.551821625259528
-9999 -9999 -9999 -9999 -9999 -9999 -9999 -9999 -9999 -9999 -9999 -9999 -9999 -9999 -9999 -9999 -9999 -9999 -9999 -9999 -9999 -9999 -9999 0.422171508345986 0.417977879918396 0.42758180702179 0.42741578169215 0.317226841471794 0.227356625200325 0.234105250400014 0.197765672837227 0.119737127671156 0.0293785966307374 0 0 0 0 0.0414721981212814 0.0777379946911768 0.0877081055601514 0.110595193709934 0.101319004099443 0.0827485235710035 0.119436090803414 0.278981027031401 0.442801938861534 0.486531836821039 0.497814878511063 0.519933952077081 0.544152505756725 0.549703220962805 0.554250958580393 0.555409206297574 0.554936082677132 0.554345587256524 0.554048289891489
-9999 -9999 -9999 -9999 -9999 -9999 -9999 -9999 -9999 -9999 -9999 -9999 -9999 -9999 -9999 -9999 -9999 -9999 -9999 -9999 -9999 -9999 -9999 0.414303922367042 0.405011634832487 0.419629238677624 0.423328512479301 0.345265782889214 0.274061183918436 0.248056007668366 0.176779058600695 0.0924920620057396 0.0131235625519832 0 0 0 0 0.0141219323793024 0.051210097544688 0.0831221624238802 0.114972331307795 0.103346696230783 0.105141288362064 0.190908185964828 0.342262339441016 0.471564881662707 0.515059322057638 0.528181745122606 0.535094561603802 0.552145038313305 0.555682924698789 0.558019720937917 0.558466532157975 0.557669500455444 0.556683089739281 0.55626253590639
-9999 -9999 -9999 -9999 -9999 -9999 -9999 -9999 -9999 -9999 -9999 -9999 -9999 -9999 -9999 -9999 -9999 -9999 -9999 -9999 -9999 -9999 -9999 0.43795083032131 0.417840742845279 0.411573884161367 0.414094068141497 0.345234203285885 0.2635901588593 0.225065155534441 0.191570367858832 0.156030718127082 0.0623476300646963 0 0 0 0 0.0042653547759485 0.0227858403920977 0.0658014291174137 0.126015895218539 0.110313425362698 0.147491167863579 0.25270028442698 0.372146412135915 0.490379239079457 0.520158750308012 0.537687357993667 0.549385716146422 0.559450635013895 0.561207199338451 0.561629036807914 0.56104387189143 0.560090998999827 0.559210515300731 0.558475072089276
-9999 -9999 -9999 -9999 -9999 -9999 -9999 -9999 -9999 -9999 -9999 -9999 -9999 -9999 -9999 -9999 -9999 -9999 -9999 -9999 -9999 -9999 -9999 0.451702676064088 0.435720495306479 0.416138538568216 0.405084541011946 0.332618118847566 0.257910947952514 0.234814059962409 0.237165109974685 0.260200317877048 0.150967775817149 0 0 0 0 0 0 0.0573384580696769 0.117033158138423 0.114146840109329 0.0705004352470035 0.104751153311182 0.3230458706818 0.5008536248773 0.538943219216762 0.542855592236518 0.557644716622237 0.563367442922113 0.563754441295647 0.563404173101853 0.562607040347855 0.561729917097915 0.560776624253462 0.560066695039731
-9999 -9999 -9999 -9999 -9999 -9999 -9999 -9999 -9999 -9999 -9999 -9999 -9999 -9999 -9999 -9999 -9999 -9999 -9999 -9999 -9999 -9999 -9999 0.525816587510981 0.439991507693782 0.41760739190758 0.399388395826264 0.340501891816076 0.238312257739588 0.205487389524128 0.258891152968963 0.29519876678719 0.182742019253004 0.00929711805606881 0 0 0.0248591090287915 0.036589588431314 0.0391177975765538 0.0908176701866356 0.110746966902901 0.103296083711244 0.114768025659548 0.124614731889124 0.293110242121003 0.496448860233141 0.545119113925885 0.555157741346477 0.562257087778093 0.563630081226123 0.564155290843475 0.564057030383555 0.563679956883967 0.563059624453548 0.562221212087159 0.561751092792207
-9999 -9999 -9999 -9999 -9999 -9999 -9999 -9999 -9999 -9999 -9999 -9999 -9999 -9999 -9999 -9999 -9999 -9999 -9999 -9999 -9999 -9999 0.587250526427342 0.526225755642828 0.447152902447178 0.431973276575997 0.396702958695508 0.313534735468778 0.233323191093017 0.231042941359339 0.27324675332985 0.299481261772915 0.204579934845373 0.0499561741275482 0 0.00571906421669975 0.0457855178980068 0.0596142999380457 0.0658268286799422 0.100476935870935 0.111706926922508 0.113578135471389 0.130156480092897 0.191797345027117 0.333407633342974 0.481179319601107 0.551262343334551 0.557597294829905 0.559601905243018 0.563436052463237 0.564521141491018 0.564552143863941 0.564309467026894 0.564059805897333 0.563503038525093 0.562968839942861
-9999 -9999 -9999 -9999 -9999 -9999 -9999 -9999 -9999 -9999 -9999 -9999 -9999 -9999 -9999 -9999 -9999 -9999 -9999 -9999 -9999 -9999 -9999 0.543921763596512 0.487786761440063 0.459901583891726 0.398758791451195 0.32707083370802 0.284760779510447 0.276473714335917 0.286101456881944 0.299950558037438 0.206565365323009 0.0557263617876952 0.000870582715817456 0.00309795692892447 0.0439188665470518 0.0642150089690226 0.0772925149112762 0.123916370627847 0.133039341452568 0.120503403538479 0.173828936269177 0.32512513175905 0.462072572330684 0.524691427457441 0.548984008789431 0.545734366856727 0.552630465836414 0.56350682547702 0.565523271901301 0.565344194926445 0.565235948457911 0.565070987199292 0.564521851798421 0.564107311860782
-9999 -9999 -9999 -9999 -9999 -9999 -9999 -9999 -9999 -9999 -9999 -9999 -9999 -9999 -9999 -9999 -9999 -9999 -9999 -9999 -9999 -9999 -9999 0.523678823503561 0.49020828747253 0.474173925676447 0.419375408679358 0.326796913983194 0.283818023636152 0.2784583339175 0.277197319181631 0.291940068231894 0.208466212305333 0.0381993974067 0 0.0070807378147655 0.0457593415845271 0.0650603532580045 0.0797029121824757 0.122149524626499 0.119008997979296 0.113981405227409 0.226746172480711 0.390116983345519 0.491425731046246 0.535851121062693 0.531148812146631 0.53878429987936 0.553483070058129 0.564830807113364 0.566144749116298 0.565810459305779 0.565644607093884 0.565457081425291 0.564990795485981 0.564547052599924
-9999 -9999 -9999 -9999 -9999 -9999 -9999 -9999 -9999 -9999 -9999 -9999 -9999 -9999 -9999 -9999 -9999 -9999 -9999 -9999 -9999 -9999 0.538151900214432 0.522175240474802 0.502618919739112 0.501476514888541 0.441516951509346 0.325041828727721 0.257433828310702 0.239878454900042 0.215642598681543 0.222411268677303 0.1594669371705 0.0531780161507292 0.0170922158543164 0.0249077015739326 0.0578163784845812 0.0440499974136146 0.0462651139145169 0.0745581041917898 0.0599097295761153 0.114795254382806 0.290749555506224 0.43501938866382 0.503928323811732 0.48084932326271 0.445021899833485 0.515608334797456 0.554121489942706 0.564787928367432 0.566629210936754 0.566585937625712 0.566089119796905 0.565861425170443 0.565630726045866 0.565269965525728
-9999 -9999 -9999 -9999 -9999 -9999 -9999 -9999 -9999 -9999 -9999 -9999 -9999 -9999 -9999 -9999 -9999 -9999 -9999 -9999 -9999 -9999 0.516712598796716 0.490217063108598 0.460360530769951 0.468720668099045 0.429969437983686 0.322206061817068 0.209806527576997 0.169409604202664 0.179892450149401 0.159347796976184 0.0758520547176916 0.0586079580868995 0.0787967751299812 0.0420811161320613 0.0210226308031558 0 0 0.0533707935008651 0.110814080302763 0.151962724197203 0.293165706473126 0.452532264690297 0.490293736874267 0.474786294784926 0.428227579943321 0.49689220876497 0.554843124637411 0.562840586448556 0.565124446816029 0.565744484258864 0.565811996507448 0.566105588367001 0.566030969336549 0.565884867462169
-9999 -9999 -9999 -9999 -9999 -9999 -9999 -9999 -9999 -9999 -9999 -9999 -9999 -9999 -9999 -9999 -9999 -9999 -9999 -9999 -9999 -9999 0.50873716952866 0.452946585952593 0.408888532502099 0.440404987589082 0.40280272996778 0.275628732890186 0.179535422897301 0.146953787631275 0.111429504712729 0.0696346658109468 0.0279612816414504 0.0680850951708285 0.111863227680275 0.0899182612243067 0.0258738159278505 0.00193267811973351 0.00297395900872755 0.00815801301857712 0.109884735726989 0.172876421173046 0.283643954010339 0.467261163058974 0.502114431457949 0.443495412429843 0.424351397222575 0.521966852807157 0.553911638275769 0.560645203798023 0.563165879435258 0.564079963839401 0.564539452943066 0.565302967642426 0.565810637208024 0.565995603993841
