layers/veg/veg1700.asc
NCOLS 255 
NROWS 330 
XLLCORNER -2985163.8955 
YLLCORNER -3022031.214 
CELLSIZE 25000 
NODATA_value -9999 
[rows 243 to 269 of 330, columns 60 to 119 of 255]
-9999 -9999 -9999 -9999 -9999 -9999 -9999 -9999 -9999 -9999 -9999 -9999 -9999 -9999 0.701313200533676 0.669015676028436 0.632535559813353 0.588190397495346 0.505607016565276 0.43371346813812 0.361455704671338 0.359424531133373 0.324908792485245 0.27552041531258 0.277328467902718 0.278637185886314 0.275037719765689 0.269403673158514 0.258126400259387 0.241332462058939 0.206785171883564 0.184646371643866 0.185058641111796 0.181246333077304 0.175587989726134 0.159136681103311 0.145580821910249 0.135995751512379 0.126946685421388 0.12346840952007 0.117242556419114 0.106396862236414 0.0985441957473081 0.0919631861037931 0.0864935739332922 0.0815028075005358 0.0768922568306445 0.0725071997764327 0.0670082684631443 0.0642167308555046 0.0587366710713511 0.0535728792177999 0.0523170955791803 -9999 -9999 -9999 -9999 -9999 -9999 -9999
-9999 -9999 -9999 -9999 -9999 -9999 -9999 -9999 -9999 -9999 -9999 -9999 -9999 -9999 0.712386828186189 0.67114866134876 0.63141394152921 0.596584029931095 0.50871735874459 0.473478948683508 0.395546146343053 0.363953889666503 0.365641590389346 0.30769412537134 0.298996640588769 0.313912499948001 0.306571010299165 0.293358315386368 0.271845110695112 0.243295054699247 0.20731756440956 0.192001206084465 0.18389473519197 0.187738547125935 0.187143253087001 0.180160429366018 0.16669602771486 0.141839514481595 0.131323469785634 0.128560913603746 0.124810086908397 0.114055450904996 0.104877556322615 0.0981250424907689 0.0925493023007395 0.0873271718928999 0.0826601760608901 0.0776432133865147 0.0721001209388762 0.0706033616147828 0.0646671523911913 0.0593920513337733 0.0579241552748274 -9999 -9999 -9999 -9999 -9999 -9999 -9999
-9999 -9999 -9999 -9999 -9999 -9999 -9999 -9999 -9999 -9999 -9999 -9999 -9999 -9999 0.723254081596617 0.686897065066387 0.638590559157778 0.597985296199841 0.52927781870828 0.506972253706505 0.389425388092252 0.393125329673141 0.400214702540738 0.348317569226457 0.321030005963607 0.329644248411546 0.321529595179084 0.299693675351139 0.269705617371853 0.240167082075707 0.212442015804641 0.199893137043753 0.187413622620982 0.187095026853505 0.18695066767878 0.182519584260389 0.170731948783412 0.150724756963707 0.137786378765452 0.131569878472155 0.126094445536011 0.119986144626348 0.114003072521577 0.107587611875464 0.103522013769473 0.0962246961099776 0.0913573613995803 0.0861394135277742 0.0806965507610616 0.0750436064933528 0.069903249967224 0.0642088035019375 -9999 -9999 -9999 -9999 -9999 -9999 -9999 -9999
-9999 -9999 -9999 -9999 -9999 -9999 -9999 -9999 -9999 -9999 -9999 -9999 -9999 -9999 0.729283711843476 0.706001672244408 0.661190217590506 0.604739432583398 0.551199512190241 0.504480682705334 0.434631873925748 0.427598857471958 0.413276441447874 0.362758947749582 0.34975801805188 0.351362288938803 0.324999765752423 0.286522752887268 0.26291171102996 0.23304878539296 0.209158312462729 0.196954530693146 0.19049047532399 0.185094024442302 0.183763193728724 0.178778998286791 0.16820767536611 0.158746864180591 0.144746732234809 0.141265387244647 0.135279036520434 0.124373009237787 0.11661443568126 0.110516711820434 0.105580988908841 0.100811720446443 0.0944074156651903 0.0902529471988998 0.0847229220299137 0.0796363504267601 0.0752311427384101 0.0676914282543409 -9999 -9999 -9999 -9999 -9999 -9999 -9999 -9999
-9999 -9999 -9999 -9999 -9999 -9999 -9999 -9999 -9999 -9999 -9999 -9999 -9999 0.72593579511372 0.729711111474902 0.714156352875984 0.684398049564983 0.629984215755101 0.555459973687372 0.518369398102268 0.496892203812591 0.436849772374789 0.421486577630998 0.394415015789262 0.361846885666594 0.352955320365085 0.328365504366113 0.282241552792859 0.253983343995956 0.223396717748871 0.20369208054808 0.192668699713324 0.186961823152999 0.184247004316116 0.182216568711759 0.176731978170885 0.168566369417836 0.164458930912723 0.15588652094424 0.146667103382225 0.141761253976042 0.137380302656165 0.127510889192629 0.116142642400435 0.109448818125612 0.106234362687315 0.102106496833956 0.0969923675989775 0.0920988466012307 0.0863519468063504 0.0823173569807094 0.0787249003642815 -9999 -9999 -9999 -9999 -9999 -9999 -9999 -9999
-9999 -9999 -9999 -9999 -9999 -9999 -9999 -9999 -9999 -9999 -9999 -9999 -9999 0.723035712768922 0.732821401537819 0.729865659294373 0.698027010491144 0.664605117321144 0.557955072701626 0.541575227657327 0.503604547530444 0.440137037172314 0.431691280502689 0.415397928809531 0.380057249224153 0.353551854276713 0.306717392493485 0.266116437634309 0.241219928794206 0.217748329537087 0.198639252237957 0.189545740850402 0.186159333153368 0.18349527086053 0.181536303968579 0.174257070053466 0.167940351119658 0.163157795043913 0.159270279750777 0.150494230560122 0.142814891062692 0.140120538682129 0.136505404639999 0.127676857529507 0.114858982231061 0.110371115443725 0.106456694630788 0.103726698454515 0.0998830456252004 0.0918988264421024 0.0880958442300296 0.0847169497523436 -9999 -9999 -9999 -9999 -9999 -9999 -9999 -9999
-9999 -9999 -9999 -9999 -9999 -9999 -9999 -9999 -9999 -9999 -9999 -9999 -9999 0.795239186458845 0.775219294718448 0.755924752849241 0.719456105379064 0.654190900461406 0.574301853826766 0.554177438048704 0.485517019950975 0.440650877130177 0.434333691910713 0.413365263763349 0.39636836245266 0.373546677986099 0.313057317865652 0.284508878309824 0.260580639283329 0.217192730112241 0.216682969366687 0.203360650023604 0.198172413791085 0.185283016989058 0.180774952554159 0.172369150796699 0.161983491240339 0.155233307594545 0.153704263051836 0.152874024381261 0.143676064192766 0.139556016651529 0.139905664380113 0.13380630147568 0.119787998105207 0.115205724880932 0.110578277521833 0.106591849830546 0.102638282533892 0.09757984315194 0.0920939873438464 0.0895913799741682 -9999 -9999 -9999 -9999 -9999 -9999 -9999 -9999
-9999 -9999 -9999 -9999 -9999 -9999 -9999 -9999 -9999 -9999 -9999 -9999 -9999 0.782882190581771 0.778100263182515 0.768358335030244 0.734205175772601 0.683986062547556 0.579746677402467 0.534643769340751 0.506468088030174 0.45469655175453 0.432803054148092 0.40769986486606 0.395406944120435 0.386045025917324 0.321085149059682 0.300921549890915 0.274746619142272 0.220195826467067 0.213654244205721 0.210173072910166 0.201654303416061 0.188317509491601 0.180620954798889 0.171744585321334 0.152249285666843 0.144896087447554 0.147526458180961 0.149598945302452 0.145944095375325 0.143347693549515 0.143395539089004 -9999 0.122077983199664 0.118410875056811 0.115116253132528 0.109076869616807 0.104907864109065 0.101281663575308 0.0934403980743248 -9999 -9999 -9999 -9999 -9999 -9999 -9999 -9999 -9999
-9999 -9999 -9999 -9999 -9999 -9999 -9999 -9999 -9999 -9999 -9999 -9999 -9999 0.764105773856076 0.788656976265844 0.776427434865549 0.741861401996491 0.715383028876576 0.654433238952864 0.56492527446307 0.534355249078243 0.494990239740177 0.444571341827649 0.416275618573996 0.398773104207627 0.387784163725747 0.331913391820611 0.317151971871464 0.297667826964141 0.25226974288551 0.233581934716431 0.219167071249274 0.199754671450582 0.178991993965068 0.161486824193062 0.136782886448529 0.123358134486014 0.124677628250307 0.135399261913487 0.143326266741479 0.147631455716889 0.146100638574772 0.148418825073231 -9999 -9999 -9999 0.117738119722771 0.111147259385612 0.106870865599319 0.102471974214089 -9999 -9999 -9999 -9999 -9999 -9999 -9999 -9999 -9999 -9999
-9999 -9999 -9999 -9999 -9999 -9999 -9999 -9999 -9999 -9999 -9999 -9999 -9999 0.799416766768496 0.804333116483276 0.786874261858796 0.759995481643619 0.706446508904882 0.67578010809608 0.630695193750796 0.544005749366451 0.521910370966309 0.469977611567094 0.438463943425608 0.409983884896899 0.376059603223703 0.347438726190021 0.332683690950572 0.309679876601594 0.275792081908939 0.249739609217 0.224597435864713 0.196902834523462 0.171615503987889 0.144491230216322 0.127760524771688 0.0989739003685944 0.114127907761099 0.129746760159627 0.144033473866348 0.149095869044718 0.147134443732309 0.151478087041662 -9999 -9999 -9999 -9999 -9999 -9999 -9999 -9999 -9999 -9999 -9999 -9999 -9999 -9999 -9999 -9999 -9999
-9999 -9999 -9999 -9999 -9999 -9999 -9999 -9999 -9999 -9999 -9999 -9999 0.859256100264014 0.836747415272098 0.823252261299719 0.804405411559083 0.775602569494484 0.723970341414169 0.640861125438148 0.642271128461248 0.562880788182664 0.491257087096327 0.454556864591146 0.457776810489298 0.416673748588063 0.371360761603441 0.357734092440428 0.338424907820921 0.301861373193048 0.269427032957601 0.255980618276882 0.222255854756549 0.198069609560223 0.178003667550644 0.149513695824978 0.151368154439661 0.121762325208569 0.128491699151252 0.140110666911796 0.145655718051109 0.146880725340079 0.145199173550558 0.153375392330774 -9999 -9999 -9999 -9999 -9999 -9999 -9999 -9999 -9999 -9999 -9999 -9999 -9999 -9999 -9999 -9999 -9999
-9999 -9999 -9999 -9999 -9999 -9999 -9999 -9999 -9999 -9999 -9999 -9999 -9999 0.847118642601604 0.840080643247897 0.822398869108501 0.78129391005987 0.733133252912257 0.665419328570839 0.632032872976583 0.556636598274717 0.547547048786529 0.476732608355412 0.469261276471195 0.450385823300828 0.408234383587464 0.371000119109409 0.334874184686358 0.294292131630705 0.26299256641016 0.240483069131263 0.22212239400099 0.192408394974473 0.180689979320232 0.158776502920706 0.162991911572286 0.166095381362099 0.155115685693566 0.153692276204047 0.154270611706027 0.154261111984105 0.151312837081644 0.158552169183826 -9999 -9999 -9999 0.144296726374942 -9999 -9999 -9999 -9999 -9999 -9999 -9999 -9999 -9999 -9999 -9999 -9999 -9999
-9999 -9999 -9999 -9999 -9999 -9999 -9999 -9999 -9999 -9999 -9999 -9999 -9999 0.878749854325117 0.860668514005124 0.831623730181873 0.755357868531918 0.746297311867781 0.685715781784036 0.6502056341197 0.60972414029065 0.533984188692331 0.538155214454456 0.502979865347101 0.471664612540047 0.447470126134573 0.400524592261039 0.348972048379478 0.305706467924434 0.270192519621444 0.213566106110001 0.217774484904751 0.186566410905085 0.183293006164362 0.178810507492579 0.18282150344827 0.185413898746374 0.169640169858603 0.164389260988783 0.165017550498101 0.164860925915925 0.163938700649678 0.166983188278276 0.161956386125365 -9999 -9999 0.144360490461912 0.142821474521234 -9999 -9999 -9999 -9999 -9999 -9999 -9999 -9999 -9999 -9999 -9999 -9999
-9999 -9999 -9999 -9999 -9999 -9999 -9999 -9999 -9999 -9999 -9999 -9999 0.853606992135798 0.877456714352663 0.872551129200952 0.866355625884899 0.765366616868012 0.760511168458305 0.694293080207996 0.625238789026845 0.612720915788121 0.546605977522614 0.575323733952869 0.531303723196266 0.504756035295592 0.453705587705575 0.423379990250595 0.382554679194353 0.327227271403468 0.27614795765329 0.221555384177284 0.22391364794635 0.203926187548013 0.189216223520185 0.191079563587636 0.199856221050751 0.196718761179906 0.18357123884169 0.175853962163416 0.178447526908285 0.175036885438732 0.172640915837574 0.172342465146344 0.164783758372615 0.162519076738837 0.152901388097568 0.153171912329197 0.147040209673759 -9999 -9999 -9999 -9999 -9999 -9999 -9999 -9999 -9999 -9999 -9999 -9999
-9999 -9999 -9999 -9999 -9999 -9999 -9999 -9999 -9999 -9999 -9999 -9999 0.848936843322078 0.866288092464949 0.874414576086352 0.866964055421985 -9999 0.752950908053923 0.712586779609076 0.644796134950811 0.638819952646345 0.617334186368851 0.56217492855871 0.535523124208196 0.510722649373458 0.454075465226438 0.423125782531809 0.404479390324507 0.35081158331004 0.305096374110209 0.273697747462426 0.263539769558893 0.235644060494167 0.19997019903332 0.192013708825251 0.205802109521264 0.219684053228882 0.206375155535699 0.193530406305113 0.19162166107217 0.185584891100091 0.180469632503577 0.177619105891967 0.169939665161011 0.162655743434783 0.155427177964158 0.160683707769664 0.151229096759863 -9999 -9999 -9999 -9999 -9999 -9999 -9999 -9999 -9999 -9999 -9999 -9999
-9999 -9999 -9999 -9999 -9999 -9999 -9999 -9999 -9999 -9999 -9999 -9999 0.879583422349697 0.856984452317332 0.888297538724671 -9999 -9999 0.719769241250368 0.720277389744071 0.661647643719971 0.646689598136243 0.63655878811681 0.556586517489943 0.556401934776792 0.537359316765586 0.50818788646983 0.464335258524978 0.436365830726821 0.360160639576861 0.317985324836267 0.260791215779535 0.264038100634209 0.232126285340658 0.213287881938913 0.209186371653511 0.223589475800123 0.246124246803824 0.229124541963566 0.211375653669364 0.200924960232201 0.192377759282407 0.18593804606158 0.180834123660593 0.177054559227989 0.173152746627751 0.159449893610263 0.164403392467004 0.158915054752976 -9999 -9999 -9999 -9999 -9999 -9999 -9999 -9999 -9999 -9999 -9999 -9999
-9999 -9999 -9999 -9999 -9999 -9999 -9999 -9999 -9999 -9999 -9999 -9999 0.912732096791449 0.902265097503003 0.891311037139117 -9999 -9999 0.748281253142295 0.699414518281389 0.635592385846791 0.617282187807217 0.631293094992552 0.582521487058081 0.570296939026885 0.55147172223783 0.511776022855447 0.454167797935759 0.409722066167534 0.373084741080101 0.32938083662291 0.306642209207394 0.260444588690187 0.235634805136963 0.245595543468439 0.246758853133661 0.261744140554578 0.256939832160146 0.240432464744699 0.219505032668374 0.20573945677069 0.199348525118547 0.19144844767322 0.187808480171198 0.182963450639528 0.175397075325576 0.161198548157021 0.16524375773356 -9999 -9999 -9999 -9999 -9999 -9999 -9999 -9999 -9999 -9999 -9999 -9999 -9999
-9999 -9999 -9999 -9999 -9999 -9999 -9999 -9999 -9999 -9999 -9999 -9999 0.921416816483318 0.905136902879155 0.899981949682014 0.890888981035612 -9999 0.801016599475786 0.722065634468901 0.685974270316464 0.649056109440718 0.65608599982195 0.630059081522709 0.568286801470283 0.552574828853751 0.517229340094175 0.459608380351364 0.399116827615902 0.367863037530366 0.368892181392842 0.338934885247534 0.28205832739248 0.296611812198507 0.290483836161675 0.269622591524093 0.270954341919297 0.255804270300639 0.239591232961624 0.220612995336795 0.210065236155621 0.206542602724141 0.197123385494903 0.193222995806846 0.189848671638704 -9999 -9999 -9999 -9999 -9999 -9999 -9999 -9999 -9999 -9999 -9999 -9999 -9999 -9999 -9999 -9999
-9999 -9999 -9999 -9999 -9999 -9999 -9999 -9999 -9999 -9999 -9999 -9999 0.92875103040826 0.909067464364818 0.901174198580657 -9999 -9999 0.826494935318929 0.733122126937609 0.717761527621673 0.709546325344628 0.6807344544769 0.655549455193574 0.585298254116723 0.550175548351771 0.525221348191429 0.472703260029984 0.422909811616535 0.374568784128118 0.390897690080174 0.349506284608939 0.325187384379984 0.31846809854656 0.296675837806004 0.273964555221035 0.261034541398016 0.247562009341252 0.234708131156206 0.223949095963375 0.21685503502936 0.206168594028579 0.197493992898676 0.191562208092855 -9999 -9999 -9999 -9999 -9999 -9999 -9999 -9999 -9999 -9999 -9999 -9999 -9999 -9999 -9999 -9999 -9999
-9999 -9999 -9999 -9999 -9999 -9999 -9999 -9999 -9999 -9999 -9999 -9999 0.940951093177481 0.925783175259644 0.882115323709857 -9999 0.838536661591341 0.797585922225844 0.753241717478021 0.711337415683599 0.675337820802859 0.676848627959388 0.639820628594244 0.614326408037109 0.553814004118894 0.52415512582372 0.486480537869282 0.446480550369061 0.385145559969525 0.390391663280352 0.364596026952148 0.339731694708862 0.325215396594246 0.299500910508625 0.273696451437063 0.263453898669808 0.242443496922859 0.234422804315016 0.225613684523513 0.218025448647822 0.202132859464987 0.19388388394779 -9999 -9999 -9999 -9999 -9999 -9999 -9999 -9999 -9999 -9999 -9999 -9999 -9999 -9999 -9999 -9999 -9999 -9999
-9999 -9999 -9999 -9999 -9999 -9999 -9999 -9999 -9999 -9999 -9999 -9999 -9999 0.936371163441902 0.888312603351135 -9999 0.854094904710661 0.80045383029536 0.763261157303383 0.760635138031641 0.753042312859303 0.692151192482542 0.658251766243974 0.613234645112997 0.551092937236408 0.520731298275474 0.491514127480447 0.457074176460573 0.404763177113504 0.395095953023286 0.377389419841546 0.353991610764448 0.334994115447276 0.313680601603936 0.288288870222859 0.273889177536022 0.248281131627851 0.236792403676842 0.227724758570112 0.213440803500835 0.201792251029447 0.196092494047735 0.197553066169811 -9999 -9999 -9999 -9999 -9999 -9999 -9999 -9999 -9999 -9999 -9999 -9999 -9999 -9999 -9999 -9999 -9999
-9999 -9999 -9999 -9999 -9999 -9999 -9999 -9999 -9999 -9999 -9999 -9999 -9999 -9999 -9999 -9999 0.850152345089714 0.831339755665613 0.795426083294671 0.708091632743274 0.676800327681012 0.659070022399909 0.651191065268581 0.611354750945313 0.552917616560413 0.524437071732678 0.484128829826257 0.451713798831565 0.40951239730329 0.403477159514436 0.372811613098783 0.342579549969277 0.321560868521923 0.300289916434473 0.287842455361081 0.27511158878838 0.256918883148091 0.244003288094752 0.226592759979755 0.212878396025795 0.20416168399746 0.199185230612459 0.212360299807588 -9999 -9999 -9999 -9999 -9999 -9999 -9999 -9999 -9999 -9999 -9999 -9999 -9999 -9999 -9999 -9999 -9999
-9999 -9999 -9999 -9999 -9999 -9999 -9999 -9999 -9999 -9999 -9999 -9999 0.939396945994485 0.940152770199062 -9999 -9999 0.818336004580624 0.813710049830338 0.787504698187456 0.712562560117126 0.692173288796308 0.702202321486463 0.658842968285222 0.623051120768567 0.582904009131628 0.543395742870462 0.493942973978674 0.445147111914972 0.403636866553183 0.401910509410178 0.368728191161428 0.323239397969684 0.316777452704775 0.301850371077685 0.292486481393601 0.278486836465215 0.259217801754088 0.24503898774946 0.223803085586465 0.213722984199138 0.206551927079145 0.20627559579283 0.22143577616082 -9999 -9999 -9999 -9999 -9999 -9999 -9999 -9999 -9999 -9999 -9999 -9999 -9999 -9999 -9999 -9999 -9999
-9999 -9999 -9999 -9999 -9999 -9999 -9999 -9999 -9999 -9999 -9999 -9999 -9999 0.935361342527508 -9999 -9999 -9999 0.806442336867861 0.772284760510071 0.711482102081319 0.670175209477258 0.668791267541565 0.658741521966913 0.610814869083809 0.58828021290783 0.553510675042178 0.508876935886998 0.464098884538436 0.416771477021994 0.40027525973396 0.378574235742869 0.322914386507811 0.322059785584695 0.312184579613513 0.297379439468273 0.280593799115611 0.263184469131369 0.242322857355672 0.226500361669461 0.222091626721399 0.224993823065539 0.225201975928189 0.222234318842392 -9999 -9999 -9999 -9999 -9999 -9999 -9999 -9999 -9999 -9999 -9999 -9999 -9999 -9999 -9999 -9999 -9999
-9999 -9999 -9999 -9999 -9999 -9999 -9999 -9999 -9999 -9999 -9999 -9999 -9999 -9999 0.931498225306848 0.865729874694635 0.825209570461735 0.817063021717151 0.787287390766031 0.71023421297239 0.656011328933949 0.655269434387004 0.639508829035136 0.597141828247651 0.581600738478754 0.554407006980718 0.522512535451478 0.466260899171009 0.406737175440485 0.404428801710419 0.382586871143964 0.342442288657119 0.326095992728528 0.313577014338237 0.292330453050148 0.282424111850524 0.260971407285936 0.249551003355147 0.247878402490633 0.245287961682878 0.238657705320107 0.229146399617586 -9999 -9999 -9999 -9999 -9999 -9999 -9999 -9999 -9999 -9999 -9999 -9999 -9999 -9999 -9999 -9999 -9999 -9999
-9999 -9999 -9999 -9999 -9999 -9999 -9999 -9999 -9999 -9999 -9999 1 0.950687447867087 0.958400852431212 -9999 0.87631671970437 0.834794351265612 0.78688220465379 0.777490902889481 0.721100873042313 0.675662902105165 0.635584639053791 0.639079491725109 0.597920205748623 0.582071254411904 0.552011318340347 0.523609707455269 0.466225386074066 0.410965229857476 0.39555593187747 0.387283361377782 0.355725496087905 0.334349563622249 0.310089820718198 0.289673811288684 0.282922496533487 0.259226956644485 0.260274615040096 0.26676784900062 0.256050439902703 0.243460382163947 -9999 -9999 -9999 -9999 -9999 -9999 -9999 -9999 -9999 -9999 -9999 -9999 -9999 -9999 -9999 -9999 -9999 -9999 -9999
-9999 -9999 -9999 -9999 -9999 -9999 -9999 -9999 -9999 -9999 1 -9999 0.961031313078647 0.960749993548066 -9999 0.892031607457844 0.865520820692126 0.768147250278188 0.724618625235587 0.710780794842807 0.679745563792299 0.640740017143732 0.630118265989121 0.599085029093127 0.575980445207256 0.540169472649318 0.512718861725316 0.476935514414629 0.425360914088859 0.415271281690265 0.382359583985233 0.356125620648859 0.337762137883549 0.308006767631604 0.293506662922822 0.275373604625296 0.266527718910606 0.26668356405215 0.272329874908599 -9999 -9999 -9999 -9999 -9999 -9999 -9999 -9999 -9999 -9999 -9999 -9999 -9999 -9999 -9999 -9999 -9999 -9999 -9999 -9999 -9999
