layers/veg/veg1000.asc
NCOLS 255 
NROWS 330 
XLLCORNER -2985163.8955 
YLLCORNER -3022031.214 
CELLSIZE 25000 
NODATA_value -9999 
[rows 75 to 99 of 330, columns 0 to 55 of 255]
-9999 -9999 -9999 -9999 -9999 -9999 -9999 -9999 -9999 -9999 -9999 -9999 -9999 -9999 -9999 -9999 -9999 -9999 -9999 -9999 -9999 -9999 -9999 -9999 -9999 0.695121000811958 0.68544261278867 0.70640902301991 0.731167485986769 0.743309086935996 0.745845212442815 0.692632952267748 0.531071220309588 0.3461997080587 0.312630049083659 0.30696078895665 0.289041545730452 0.480568904112092 0.651050209083681 0.693576019207179 0.715456930475653 0.729279537324749 0.739914852688937 0.752268183045395 0.762642333316796 0.769523562481004 0.772567786440469 0.772370864000979 0.772754219750755 0.773659655264832 0.773722134736688 0.775661844322624 0.777773740998234 0.778691820732166 0.780033993479352 0.782842571397983
-9999 -9999 -9999 -9999 -9999 -9999 -9999 -9999 -9999 -9999 -9999 -9999 -9999 -9999 -9999 -9999 -9999 -9999 -9999 -9999 -9999 -9999 -9999 -9999 -9999 0.699842987612868 0.697401304899803 0.721394544169799 0.742972169809694 0.755600574975206 0.760371799319851 0.746280731286662 0.609894439083309 0.395418418308609 0.315854615727151 0.311945149991357 0.355417953344835 0.510099963527652 0.627668414145226 0.679114462256579 0.717913345622139 0.733482640660944 0.742705403139493 0.749237611962817 0.758306375957968 0.767116665909793 0.77181130478879 0.773761396470283 0.772364823158759 0.772597153545334 0.770615220653787 0.770064819327991 0.774410358336938 0.776271032471676 0.777976671988794 0.780023987465767
-9999 -9999 -9999 -9999 -9999 -9999 -9999 -9999 -9999 -9999 -9999 -9999 -9999 -9999 -9999 -9999 -9999 -9999 -9999 -9999 -9999 -9999 -9999 -9999 -9999 0.724650537820275 0.713122294555389 0.722437020302052 0.753640287283485 0.769568208995034 0.77587867942416 0.777946951233388 0.719813769539483 0.555753983200371 0.370899787393272 0.2777494240425 0.332381317784883 0.502499937973705 0.619175527453092 0.669415868684446 0.728721073399945 0.745608612817707 0.752876297151251 0.756585526432108 0.75940142633621 0.762160572362052 0.765973554968491 0.769401965341314 0.772309797693876 0.772967121528582 0.770652047040458 0.770822732288481 0.771585830497753 0.772894146957209 0.775967369533249 0.777747235058136
-9999 -9999 -9999 -9999 -9999 -9999 -9999 -9999 -9999 -9999 -9999 -9999 -9999 -9999 -9999 -9999 -9999 -9999 -9999 -9999 -9999 -9999 -9999 -9999 -9999 0.748522894480515 0.745811139636042 0.754201941822995 0.769283286619419 0.781712325261048 0.797971459716461 0.793673228575736 0.717649006650015 0.517138190413307 0.346308820950684 0.340290781599585 0.39449861794658 0.499953386637754 0.65202117884091 0.720333891084607 0.752290564456256 0.757684730587517 0.758509768811313 0.759441133076409 0.760916276630212 0.762634000638703 0.764111692421183 0.765627605928243 0.766115290616307 0.768622268425831 0.770932560929284 0.769982517995076 0.768811890331279 0.767390338180859 0.767386766980792 0.770442694406699
-9999 -9999 -9999 -9999 -9999 -9999 -9999 -9999 -9999 -9999 -9999 -9999 -9999 -9999 -9999 -9999 -9999 -9999 -9999 -9999 -9999 -9999 -9999 -9999 -9999 0.755037415227736 0.757872350449369 0.765856039975585 0.78681302787235 -9999 0.80432686826886 0.791416550157325 0.683008851467703 0.481706540515266 0.364425063172678 0.420161094607925 0.523595562437292 0.588683008425966 0.65250886379993 0.71343632464138 0.75927522177902 0.761817008105987 0.761508982860322 0.761461379978576 0.76218264414354 0.763259675247903 0.762973402933784 0.76246121693043 0.762502130962206 0.765153100594426 0.768765764202977 0.768667878189588 0.766932602999708 0.766734958613162 0.766409146620637 0.767735207803758
-9999 -9999 -9999 -9999 -9999 -9999 -9999 -9999 -9999 -9999 -9999 -9999 -9999 -9999 -9999 -9999 -9999 -9999 -9999 -9999 -9999 -9999 -9999 -9999 -9999 -9999 -9999 0.77761747193013 0.792577740198965 0.805987526401097 0.798738944328102 0.668405621572569 0.423121357495733 0.370852814558193 0.440342486994078 0.452971392186295 0.54626137845811 0.676813975972878 0.722968105070852 0.756466930988079 0.76895254731385 0.7692793480256 0.767341088037397 0.76663291113855 0.7663018769479 0.765946572332443 0.765546779314682 0.765209367261746 0.765004673410017 0.764847734494536 0.766700764052136 0.769107020480255 0.768277319938417 0.767250598429276 0.766955898386616 0.766208845101003
-9999 -9999 -9999 -9999 -9999 -9999 -9999 -9999 -9999 -9999 -9999 -9999 -9999 -9999 -9999 -9999 -9999 -9999 -9999 -9999 -9999 -9999 -9999 -9999 -9999 -9999 -9999 -9999 -9999 0.814109342042106 0.758883376051689 0.633397688873702 0.417328658781396 0.416659280374927 0.460545543121476 0.458031286782543 0.573876184820034 0.694309915388795 0.709472654033075 0.750605350223871 0.771055826212572 0.775642486861677 0.772003348985695 0.770168093414468 0.768988466674882 0.76808035291271 0.767412351183707 0.766369638030312 0.764890989629555 0.764648197142405 0.764809919049021 0.764585061558397 0.765090827067056 0.765187352969633 0.765376082479423 0.764321562310187
-9999 -9999 -9999 -9999 -9999 -9999 -9999 -9999 -9999 -9999 -9999 -9999 -9999 -9999 -9999 -9999 -9999 -9999 -9999 -9999 -9999 -9999 -9999 -9999 -9999 -9999 -9999 -9999 -9999 -9999 0.770674257569065 0.58379405699668 0.509657806097925 0.525443663941123 0.461975816285539 0.543144168413906 0.653140628703527 0.644069175226583 0.664468657862242 0.750010498058044 0.770650311794117 0.779866244704578 0.776281349862758 0.773318503145709 0.771099118982998 0.769583859443575 0.768093468455437 0.766144952953771 0.764587179818116 0.76354009658486 0.762978865160256 0.762933002484709 0.762701708814719 0.762303230607701 0.762155380131616 0.761377873755541
-9999 -9999 -9999 -9999 -9999 -9999 -9999 -9999 -9999 -9999 -9999 -9999 -9999 -9999 -9999 -9999 -9999 -9999 -9999 -9999 -9999 -9999 -9999 -9999 -9999 -9999 -9999 -9999 0.818863222268758 0.827664059992738 0.806032313768223 0.684850909509373 0.58518773179814 0.54244568082564 0.469418034201783 0.564489236325285 0.702090818032888 0.69854940660363 0.718934755116658 0.777113343569856 0.782306593851125 0.777712971254036 0.780581930564767 0.776906829877303 0.773377360243716 0.771146488391277 0.769103345463756 0.766042861600352 0.764090501241786 0.762772098085984 0.761471347766846 0.76069101482215 0.760088830968273 0.759894757980835 0.759783104071527 0.758605360479297
-9999 -9999 -9999 -9999 -9999 -9999 -9999 -9999 -9999 -9999 -9999 -9999 -9999 -9999 -9999 -9999 -9999 -9999 -9999 -9999 -9999 -9999 -9999 -9999 -9999 -9999 -9999 0.807211533964054 0.817462899682686 0.822399340877972 0.783732865524644 0.653230550043365 0.530782773437247 0.505539698539836 0.551524209266187 0.637441656319723 0.669409460396837 0.680511473335155 0.711407530384652 0.754240195712414 0.772277066080438 0.765657983457893 0.78423781807376 0.780596937014383 0.775990194862091 0.772778144071338 0.769459561332743 0.76541011880327 0.762547320789653 0.760596116324301 0.759012123210297 0.758148547077366 0.757492562856979 0.756716862499757 0.755792983194453 0.75498366987923
-9999 -9999 -9999 -9999 -9999 -9999 -9999 -9999 -9999 -9999 -9999 -9999 -9999 -9999 -9999 -9999 -9999 -9999 -9999 -9999 -9999 -9999 -9999 -9999 -9999 -9999 0.794634686682514 0.799647447393796 0.80099067748799 0.793158307715982 0.763854452888453 0.700945894974684 0.587435806651636 0.534675993328537 0.616287596796358 0.693781834622137 0.671372358525032 0.660649809195429 0.711700500946693 0.758349654820968 0.777341059346334 0.76501479864669 0.785316125235397 0.783705174312206 0.77803083591153 0.77356644392728 0.76942260387214 0.764812419890706 0.761244441731773 0.758668520158796 0.75656726768999 0.755581903514631 0.755060316227761 0.753741365775104 0.752072467088506 0.751506014433678
-9999 -9999 -9999 -9999 -9999 -9999 -9999 -9999 -9999 -9999 -9999 -9999 -9999 -9999 -9999 -9999 -9999 -9999 -9999 -9999 -9999 -9999 -9999 -9999 -9999 0.776916928964765 0.773729030936341 0.772292709263533 0.77170479034314 0.749653587674362 0.694419531491245 0.67044205224353 0.677313247695595 0.603640908868074 0.589758100954387 0.645709614279034 0.64964283239353 0.70581958884199 0.726054397442881 0.762062833633456 0.791380983866021 0.781271509251285 0.785180834997204 0.785634908944557 0.779656869498924 0.774803602903258 0.769841788279071 0.764529464879112 0.760676923252206 0.758116103529855 0.755646703101286 0.753676821880049 0.752263937622113 0.750600321990674 0.749011633735514 0.748345523225307
-9999 -9999 -9999 -9999 -9999 -9999 -9999 -9999 -9999 -9999 -9999 -9999 -9999 -9999 -9999 -9999 -9999 -9999 -9999 -9999 -9999 -9999 -9999 -9999 -9999 0.774710242019681 0.749113386721643 0.724178122668021 0.744646864462498 0.762154099189809 0.723670667393475 0.653072087643705 0.607665893230694 0.577473867139335 0.55230287633772 0.603606957433723 0.68522559008578 0.732490161064558 0.768820224595307 0.78439673592727 0.785054818726885 0.778275735286679 0.792672280846956 0.787325659472106 0.779942949483743 0.773851424811384 0.769493125235248 0.764350909292362 0.760316774769999 0.756905050715304 0.75305105680105 0.750091346047186 0.748266555318345 0.746464423990164 0.745492761012554 0.744502403202143
-9999 -9999 -9999 -9999 -9999 -9999 -9999 -9999 -9999 -9999 -9999 -9999 -9999 -9999 -9999 -9999 -9999 -9999 -9999 -9999 -9999 -9999 -9999 -9999 -9999 0.751792766669977 0.729620623166643 0.734542260788889 0.780246879353198 0.791697090680287 0.744435635897671 0.659628832414678 0.568397025264721 0.548497810544312 0.598363113446389 0.592718264911186 0.604102632553162 0.688805974029604 0.755175912279897 0.783844840781853 0.767780743127573 0.758127671821884 0.789576685696436 0.787569054697733 0.780249270322758 0.773962700544897 0.76896191229315 0.763045462839529 0.758221894916847 0.754247605844849 0.749665300906117 0.746785469132895 0.74476177993643 0.742409145416312 0.741181587161359 0.740871315857538
-9999 -9999 -9999 -9999 -9999 -9999 -9999 -9999 -9999 -9999 -9999 -9999 -9999 -9999 -9999 -9999 -9999 -9999 -9999 -9999 -9999 -9999 -9999 -9999 -9999 0.742482967440373 0.73648881787955 0.772746512554839 0.791060629122456 0.783598591708585 0.720362312426265 0.634425977345019 0.517249494618815 0.472988368437568 0.576034038497566 0.627413385521083 0.646960624829159 0.693189167833244 0.751152773522771 0.775786818435404 0.746257559533678 0.716394116301331 0.756461750199268 0.78100515415198 0.775411595227058 0.768894623998269 0.763732350406353 0.759858158011547 0.755613042603463 0.751197104089962 0.746300430787951 0.743859060646041 0.742294520545378 0.739946868155253 0.73856235995021 0.738374393693067
-9999 -9999 -9999 -9999 -9999 -9999 -9999 -9999 -9999 -9999 -9999 -9999 -9999 -9999 -9999 -9999 -9999 -9999 -9999 -9999 -9999 -9999 -9999 -9999 -9999 0.761827151506672 0.767024103937397 0.787215766699166 0.794201540632834 0.793997463093853 0.716048656622588 0.60105522831589 0.517462278095384 0.47454012444147 0.561086658742264 0.621394536898372 0.627793102736052 0.674493084394317 0.713546679076879 0.713743296208089 0.697195821489299 0.664550608495412 0.684629577602198 0.728620713407203 0.740131115481109 0.754510205609609 0.756613140346265 0.752917324597001 0.751207369328986 0.746291693794153 0.738150953042368 0.736464101349078 0.737961564215007 0.737243957931783 0.736536914273406 0.735875806905365
-9999 -9999 -9999 -9999 -9999 -9999 -9999 -9999 -9999 -9999 -9999 -9999 -9999 -9999 -9999 -9999 -9999 -9999 -9999 -9999 -9999 -9999 -9999 -9999 -9999 -9999 0.773284770034271 0.785909881269072 0.788350006449914 0.792315700433718 0.773793890819628 0.698589789649992 0.562236751752203 0.437413606283326 0.488178891139707 0.616599052790793 0.674777767213301 0.679043431507233 0.667495398075036 0.658742977164315 0.621161911471962 0.616120267587321 0.642824755786352 0.668965775711478 0.669447191040573 0.70201237751232 0.753681382760941 0.749795685522155 0.747156211772199 0.742222573883994 0.731568237678747 0.730627407460732 0.734352024891127 0.734861740440651 0.734016567196502 0.733244806456272
-9999 -9999 -9999 -9999 -9999 -9999 -9999 -9999 -9999 -9999 -9999 -9999 -9999 -9999 -9999 -9999 -9999 -9999 -9999 -9999 -9999 -9999 -9999 -9999 -9999 -9999 0.771836658281907 0.784987169742798 0.787236032581388 0.782197308866583 0.78335277054293 0.766930312049572 0.635415431263304 0.508359332827313 0.566083473783398 0.636581229411504 0.688324411396271 0.70222197683266 0.613943046162767 0.553150622261973 0.561159308505041 0.604027234643664 0.652396959572438 0.663374757169908 0.652285541760069 0.667778373788305 0.726888093961234 0.750031201857966 0.747058439085955 0.739596553068161 0.73139019194587 0.729945279614026 0.73191650124215 0.732640819507398 0.731077784705573 0.73101626804798
-9999 -9999 -9999 -9999 -9999 -9999 -9999 -9999 -9999 -9999 -9999 -9999 -9999 -9999 -9999 -9999 -9999 -9999 -9999 -9999 -9999 -9999 -9999 -9999 -9999 -9999 -9999 0.787336040101433 0.791303711460584 0.788509979068452 0.785454417680853 0.771619434567381 0.670927773504351 0.561137529866259 0.537265739872655 0.522006756284391 0.611701200290498 0.705676489139843 0.672771337974142 0.573202090900364 0.486257529616739 0.477679725603401 0.506100094177597 0.618048529515212 0.660474619163223 0.612145844407345 0.647670283926839 0.726437318534759 0.739835499781779 0.73652174031292 0.730413750976946 0.72770904528534 0.73077458853998 0.731592339444069 0.730268138997933 0.729433361270354
-9999 -9999 -9999 -9999 -9999 -9999 -9999 -9999 -9999 -9999 -9999 -9999 -9999 -9999 -9999 -9999 -9999 -9999 -9999 -9999 -9999 -9999 -9999 -9999 -9999 -9999 -9999 0.777704977534853 0.79157440682614 0.796183388514449 0.798225128633614 0.796580410357729 0.762541143965329 0.630163325482318 0.547976394894038 0.595984011453472 0.629017594848464 0.646893793229549 0.570977662031667 0.479085658516274 0.482676480809284 0.458209249982139 0.393896474240354 0.479369772944746 0.584132321808494 0.593945967374846 0.641920255601802 0.682965805437741 0.704880725963748 0.728472229619144 0.727276027989898 0.725957927681579 0.730312986638176 0.730615953357124 0.729542091712924 0.727687682633896
-9999 -9999 -9999 -9999 -9999 -9999 -9999 -9999 -9999 -9999 -9999 -9999 -9999 -9999 -9999 -9999 -9999 -9999 -9999 -9999 -9999 -9999 -9999 -9999 -9999 -9999 0.759743832025896 0.774598905775986 0.788470205883307 0.794510255228653 0.797449777961423 0.791594469465584 0.769959561740552 0.637794604083441 0.515673261822402 0.583110272389273 0.61636530206209 0.624905557600023 0.619237961280853 0.526201828926455 0.499076503602899 0.488729268678942 0.464218814443837 0.509157996313754 0.549358070295972 0.587413461392903 0.66063474019789 0.692012488213083 0.683551149853781 0.697319491351005 0.717080068089164 0.723011903106025 0.729527200610371 0.731584390041388 0.729931561950936 0.726599212123792
-9999 -9999 -9999 -9999 -9999 -9999 -9999 -9999 -9999 -9999 -9999 -9999 -9999 -9999 -9999 -9999 -9999 -9999 -9999 -9999 -9999 -9999 -9999 -9999 -9999 -9999 -9999 0.757602993088216 0.783809689162623 0.79228712190611 0.797587636130432 0.798477061570796 0.79665543079794 0.719313683023251 0.57895997541048 0.522718306321633 0.519689628199061 0.502422713842654 0.476192092893809 0.524788415155768 0.544730817940322 0.489745456014182 0.524437010013889 0.580082107563212 0.628552577544346 0.673967671515348 0.708653345102187 0.722253619179487 0.705587170594611 0.673207577282713 0.667090226552783 0.694267215365428 0.72761648708983 0.72929929478507 0.726436632018582 0.722699739960297
-9999 -9999 -9999 -9999 -9999 -9999 -9999 -9999 -9999 -9999 -9999 -9999 -9999 -9999 -9999 -9999 -9999 -9999 -9999 -9999 -9999 -9999 -9999 -9999 -9999 -9999 -9999 -9999 -9999 -9999 0.795411043197062 0.801297959185182 0.788651280997574 0.776604108434798 0.745056369317863 0.650574656400752 0.55441958650827 0.470975446707406 0.403940901273977 0.466318164451008 0.555600978071785 0.487260950602709 0.47782866387258 0.583539771185742 0.667088426986195 0.701312062175736 0.723861713947545 0.745262428334443 0.720788580467986 0.67929874667099 0.660671125889025 0.686162405762123 0.731100958154606 0.726419363141819 0.718967321289902 0.714105735159466
-9999 -9999 -9999 -9999 -9999 -9999 -9999 -9999 -9999 -9999 -9999 -9999 -9999 -9999 -9999 -9999 -9999 -9999 -9999 -9999 -9999 -9999 -9999 -9999 -9999 -9999 -9999 -9999 -9999 -9999 -9999 -9999 0.803568719873494 0.798058681619617 0.771692290028428 0.658815100623975 0.477725953353646 0.38494835407513 0.359527586784309 0.385368372394869 0.496486844907444 0.465926488384422 0.403203395997043 0.533532935961089 0.681032224858841 0.747299744511429 0.753937168990886 0.749980771347819 0.717286245797786 0.697220057713823 0.717342887670091 0.736538250410681 0.739838481657806 0.734943640965461 0.716746728379059 0.710338793521911
-9999 -9999 -9999 -9999 -9999 -9999 -9999 -9999 -9999 -9999 -9999 -9999 -9999 -9999 -9999 -9999 -9999 -9999 -9999 -9999 -9999 -9999 -9999 -9999 -9999 -9999 -9999 -9999 -9999 -9999 -9999 -9999 -9999 0.800585309268542 0.785165444546106 0.707997699510207 0.587815259900845 0.506689460742523 0.459222332270088 0.431028900454415 0.44722632553801 0.505627264025157 0.468770733804109 0.485485050750297 0.657407808716615 0.737175763786275 0.758581139482651 0.746905398019464 0.706574253884445 0.690166400411359 0.717278372918635 0.731738476108825 0.743522660324583 0.745704157489644 0.741196171407072 0.732822261628789
