layers/veg/veg1700.asc
NCOLS 255 
NROWS 330 
XLLCORNER -2985163.8955 
YLLCORNER -3022031.214 
CELLSIZE 25000 
NODATA_value -9999 
[rows 175 to 199 of 330, columns 56 to 111 of 255]
-9999 -9999 -9999 -9999 -9999 -9999 -9999 -9999 -9999 -9999 -9999 -9999 -9999 -9999 -9999 -9999 -9999 -9999 -9999 -9999 -9999 -9999 0.498099242864307 0.404515825333101 0.318095389544741 0.362346823928323 0.362593027078215 0.261517373238118 0.185136111407173 0.142851020768388 0.0698290447587859 0.058943947404977 0.0672165304779251 0.10262210191188 0.123594273038904 0.0962764269129489 0.0710446044258133 0.0644989041739141 0.0413798427220869 0.0575737142564946 0.152425590029118 0.250933334631985 0.368479402846671 0.458138756641868 0.46053696244539 0.437810703932396 0.47165898687572 0.514221597730952 0.53156896699516 0.537889736743279 0.540181998001828 0.541423814681775 0.542187609390457 0.543233382368695 0.544212907496926 0.544781092182248
-9999 -9999 -9999 -9999 -9999 -9999 -9999 -9999 -9999 -9999 -9999 -9999 -9999 -9999 -9999 -9999 -9999 -9999 -9999 -9999 -9999 -9999 -9999 0.425997895454843 0.316651635486385 0.320667684880611 0.30576354453861 0.21113735261149 0.147020674058376 0.103380006903193 0.0496414620844144 0.0808981316619478 0.100379322783166 0.133568787277896 0.121893269649296 0.0810275211180684 0.0536857694618561 0.0253108328570666 0.0103153712057314 0.121803724868308 0.187750125295778 0.249764144330669 0.41080439770503 0.442881560652943 0.451111629464988 0.45836663209113 0.496497657864324 0.520111086495825 0.531001618335407 0.535332432940541 0.537616608521858 0.539405262568142 0.540399704845381 0.541655862534611 0.542890480647249 0.543573417352676
-9999 -9999 -9999 -9999 -9999 -9999 -9999 -9999 -9999 -9999 -9999 -9999 -9999 -9999 -9999 -9999 -9999 -9999 -9999 -9999 -9999 -9999 -9999 0.337340483607715 0.323233066611489 0.313650081147769 0.287766416768003 0.202309181240315 0.130344681890823 0.0953862453965717 0.0466678197150867 0.0351438327135072 0.053543149128134 0.103801386992236 0.12359052642304 0.0949710783277872 0.0615350239894851 0.0225187092309196 0.0282247884023529 0.152512679486428 0.159352224336627 0.210808281735934 0.408690389673563 0.441578381577998 0.450247275166244 0.464729752361096 0.506646815428734 0.522251835942178 0.530818021442353 0.534510936363373 0.536820833541515 0.53859928078993 0.539684183865141 0.540923075499947 0.542103138075432 0.542833255724895
-9999 -9999 -9999 -9999 -9999 -9999 -9999 -9999 -9999 -9999 -9999 -9999 -9999 -9999 -9999 -9999 -9999 -9999 -9999 -9999 -9999 -9999 -9999 0.386965735862145 0.366806550653081 0.345546192317357 0.285418565208088 0.153597284571817 0.0718122041245781 0.0725475534735476 0.0229868771391513 0.00671533017027417 0.0263742641619483 0.0324105502377792 0.0868660603738325 0.101714861453506 0.0517045126631361 0.0243072063435889 0.0824583061769879 0.203474776251471 0.215570866721706 0.285930593785766 0.39151170085463 0.410107024027658 0.44670129172944 0.491395245773623 0.508827487687038 0.518627151011702 0.531319603897389 0.534173697894609 0.536076295710308 0.537662320875148 0.538597542454339 0.539676678868892 0.540605843241939 0.541271038598113
-9999 -9999 -9999 -9999 -9999 -9999 -9999 -9999 -9999 -9999 -9999 -9999 -9999 -9999 -9999 -9999 -9999 -9999 -9999 -9999 -9999 -9999 -9999 0.441643567155359 0.408667936110109 0.367313702132641 0.316762298667832 0.205914797661487 0.0886465642899941 0.0475806875644993 0.0421988961926884 0.0188534840728182 0 0.0246542837311606 0.0597829314461278 0.0391202614782315 0.0261483932801389 0.0460780017879981 0.132209623275205 0.232394069274052 0.269729865913827 0.306217609032767 0.352172823512402 0.373508341644495 0.439706239053105 0.490378995500982 0.496347068110268 0.516213200437766 0.532210855092154 0.534984122014587 0.536094213022771 0.537111931994595 0.537728754782458 0.538551732654537 0.539283607576357 0.539781512013079
-9999 -9999 -9999 -9999 -9999 -9999 -9999 -9999 -9999 -9999 -9999 -9999 -9999 -9999 -9999 -9999 -9999 -9999 -9999 -9999 -9999 -9999 -9999 0.503525775704835 0.441983377248176 0.388024281659189 0.310046337746935 0.195667861325893 0.0849439380370177 0.0485984514318994 0.0505352703813948 0.0288878245999077 0.0193669774983273 0.0724156126853835 0.0647236224739663 0 0.00442460062930284 0.00544754844405854 0.074285796213648 0.22286595518229 0.295129643677668 0.31553204299904 0.351002508738086 0.41259930351679 0.465095953344586 0.493122850894534 0.508082702936553 0.521337240629668 0.533627971437263 0.536006669399444 0.536539052213713 0.537015239702669 0.537323004150441 0.537900327252959 0.538489674823086 0.538836118488683
-9999 -9999 -9999 -9999 -9999 -9999 -9999 -9999 -9999 -9999 -9999 -9999 -9999 -9999 -9999 -9999 -9999 -9999 -9999 -9999 -9999 -9999 -9999 0.504496240866909 0.443526540365121 0.398777119582536 0.332412240440547 0.206399001431778 0.0944500230654822 0.0618177563169812 0.0364715610838635 0.0168682149956814 0.0528492249538466 0.0837390520124577 0.0731573190247175 0.0388288420532119 0 0 0.0477328841887352 0.138349452810902 0.252950561899213 0.333595813650595 0.364640652958806 0.438048378315026 0.443111411040882 0.470617881066755 0.513415581209601 0.525411017230344 0.533867806555119 0.536618437940713 0.536709322261494 0.536657880911415 0.5366521317902 0.537042995550556 0.537372679676216 0.53744138342415
-9999 -9999 -9999 -9999 -9999 -9999 -9999 -9999 -9999 -9999 -9999 -9999 -9999 -9999 -9999 -9999 -9999 -9999 -9999 -9999 -9999 -9999 -9999 0.480877116522289 0.475938159496477 0.44573458814074 0.365616277164152 0.217615629528862 0.108667391207025 0.0435493213469802 0 0 0.0103754756205379 0.061271169328703 0.0872508950584836 0.100338063047486 0.0360422961295539 0 0 0.036447783785161 0.201698250558968 0.334974061759935 0.387249278678919 0.42562411649961 0.409265551037386 0.478304373979612 0.51751001450145 0.529338874634437 0.535856567186033 0.537998492369827 0.537539914836543 0.536949280753289 0.536530082349955 0.536461583635198 0.536448411083416 0.53633864730873
-9999 -9999 -9999 -9999 -9999 -9999 -9999 -9999 -9999 -9999 -9999 -9999 -9999 -9999 -9999 -9999 -9999 -9999 -9999 -9999 -9999 -9999 -9999 0.479562289422366 0.469235426612154 0.446187287443315 0.367146104847005 0.226424013928184 0.136370412134347 0.0698024140552763 0 0 0.00541027488121298 0.0589534317349917 0.0901916807877683 0.109349288554289 0.0578027936524465 0.0429320551458319 0.0200322618216372 0.0333859259694192 0.202627955862815 0.322940544111837 0.371483097316174 0.443050771222447 0.422130841128379 0.467934948734866 0.518729018281973 0.52966624222507 0.536010310637513 0.537857201560847 0.537301534139823 0.536506478897387 0.535828307023654 0.535504110049816 0.535344020124405 0.534982675181406
-9999 -9999 -9999 -9999 -9999 -9999 -9999 -9999 -9999 -9999 -9999 -9999 -9999 -9999 -9999 -9999 -9999 -9999 -9999 -9999 -9999 -9999 -9999 0.483573604844894 0.475973245281076 0.449896016279514 0.361337831602068 0.205360202895959 0.118822900266738 0.0507617547161561 0 0 0 0.0277815700430621 0.119851115695832 0.119610502037775 0.0982384738803433 0.114482039192975 0.0924478706017187 0.12307450307096 0.223528978123668 0.269910324704886 0.328824612122799 0.461044150324938 0.47781782558853 0.50768623883485 0.525880880750335 0.53380749325131 0.537325846225892 0.537907802775456 0.537380967768158 0.536304272459589 0.535305371378737 0.534475987468934 0.533527754221998 0.532634374105474
-9999 -9999 -9999 -9999 -9999 -9999 -9999 -9999 -9999 -9999 -9999 -9999 -9999 -9999 -9999 -9999 -9999 -9999 -9999 -9999 -9999 -9999 -9999 0.502830408927559 0.427467377635189 0.397021093073331 0.328511521572121 0.15877829133398 0.0674297574987413 0.0440248879728671 0 0 0 0.00408659511308039 0.0550939795828937 0.0681233482590098 0.10399057682085 0.108182535148049 0.130367431089067 0.196875971350939 0.183201014724088 0.224035108643348 0.388907844776282 0.49419260553621 0.5145774049309 0.521613832462883 0.530869805235624 0.536094545281256 0.53856681776347 0.538176567289103 0.537119265135469 0.535907919629863 0.534857726670546 0.533860597350238 0.531622528864658 0.53024939924502
-9999 -9999 -9999 -9999 -9999 -9999 -9999 -9999 -9999 -9999 -9999 -9999 -9999 -9999 -9999 -9999 -9999 -9999 -9999 -9999 -9999 -9999 0.537539519058773 0.496250999070013 0.428702837765219 0.370086556311686 0.276392245298357 0.16438565739375 0.0829713497262036 0.0299845901133359 0 0 0 0.0981079134872237 0.0903658741162714 0.0170662632675499 0.111212752473955 0.20375196887954 0.234326790036442 0.251810979165547 0.157853781538864 0.20076753593054 0.451824370790208 0.520701285059421 0.519366815745961 0.522450419567848 0.52937322863899 0.534947163661537 0.539220178578752 0.53844202207722 0.537118187012408 0.535746626916719 0.534560236328169 0.533205964320838 0.530567734188184 0.528665382890464
-9999 -9999 -9999 -9999 -9999 -9999 -9999 -9999 -9999 -9999 -9999 -9999 -9999 -9999 -9999 -9999 -9999 -9999 -9999 -9999 -9999 -9999 0.536967848975591 0.494083200155397 0.42326312915066 0.377425132073641 0.315177723876242 0.185947271289804 0.0679464845456167 0.0077673854105533 0 0 0 0.119949339050815 0.216770476575173 0.153330678243204 0.200756376971182 0.284227890594464 0.253850520145462 0.200185076187356 0.161530148068693 0.311677756420791 0.498041167601689 0.522866558495148 0.522265386139328 0.523236104332631 0.526864521893148 0.532303979620873 0.538083153359149 0.537565858695098 0.53628465404276 0.534706132204002 0.533090364532901 0.531533955624142 0.528997753579844 0.526412229228391
-9999 -9999 -9999 -9999 -9999 -9999 -9999 -9999 -9999 -9999 -9999 -9999 -9999 -9999 -9999 -9999 -9999 -9999 -9999 -9999 -9999 -9999 0.547867209554315 0.530874655169416 0.492377740019105 0.439873260331173 0.315715489211186 0.162726996612891 0.0478872989412412 0 0 0 0 0.154503271276687 0.301442915199425 0.259203046934768 0.243123355387452 0.328056403813533 0.323761900565808 0.324465782050254 0.309052270862512 0.39088570778405 0.503169558322268 0.523282079861845 0.524518418074636 0.52331435689049 0.525286576452262 0.531738303636287 0.536214433479812 0.53683564154088 0.535795942595299 0.533904067199662 0.532184918725019 0.530362229802231 0.526909184097408 0.523976433999592
-9999 -9999 -9999 -9999 -9999 -9999 -9999 -9999 -9999 -9999 -9999 -9999 -9999 -9999 -9999 -9999 -9999 -9999 -9999 -9999 -9999 -9999 0.553378375843174 0.521153538340207 0.475003684041442 0.413983501043709 0.290383087524869 0.151422810037348 0.0581704843877047 0 0 0 0 0.127364861570635 0.297553545554815 0.280836678344404 0.273852734375539 0.329119759671311 0.355843593631154 0.387825667487299 0.346452681981607 0.382584761687297 0.494221667241401 0.520571865349117 0.518978912588499 0.514889658227219 0.520425773314865 0.530396465212872 0.534390989739579 0.535265409389657 0.534419112731626 0.532711409202358 0.531016341367134 0.529115742241973 0.525911947010905 0.523231968689986
-9999 -9999 -9999 -9999 -9999 -9999 -9999 -9999 -9999 -9999 -9999 -9999 -9999 -9999 -9999 -9999 -9999 -9999 -9999 -9999 -9999 0.549960482920794 0.547927542472822 0.504236081158471 0.445879190476415 0.388090982446778 0.278548720367813 0.146452675104305 0.0424842635752944 0 0 0 0.0269760093171744 0.152952266515298 0.278138572436968 0.333666202292985 0.379608280420191 0.430617077299206 0.445229853736684 0.452854850845066 0.356109788472606 0.324563676811343 0.461355290934484 0.508138777553799 0.502555637405859 0.499719698753813 0.513651435812101 0.526863555067592 0.532626384542932 0.533150174045771 0.532711853842076 0.531558119533649 0.529829245381799 0.527849256888813 0.526599177237049 0.525951342985738
-9999 -9999 -9999 -9999 -9999 -9999 -9999 -9999 -9999 -9999 -9999 -9999 -9999 -9999 -9999 -9999 -9999 -9999 -9999 -9999 -9999 0.521705095991229 0.526918198876864 0.501644529094655 0.42694044930517 0.349475428270947 0.264982682236992 0.152344460287531 0.0478876677382691 0 0 0.0307699240665637 0.0596720928195464 0.133810338176286 0.269733245189179 0.372035750961937 0.391241122754887 0.439997151814493 0.453099505806569 0.450927594170288 0.31468159729773 0.271996715202414 0.441329201457883 0.486901692748376 0.488124575973212 0.497206858777978 0.517170919068266 0.527350219470059 0.531537189534609 0.5317893700531 0.531280069819986 0.529881127314107 0.528390035361615 0.526930688429606 0.525862470582849 0.524811573477403
-9999 -9999 -9999 -9999 -9999 -9999 -9999 -9999 -9999 -9999 -9999 -9999 -9999 -9999 -9999 -9999 -9999 -9999 -9999 -9999 -9999 0.510253870473674 0.507801878754454 0.478666601013531 0.387640018672831 0.288336394614136 0.227039457783878 0.118708862800761 0.0207076105747699 0.00502129268842221 0.0284584659397714 0.0921905490358466 0.12260055504662 0.131667442387334 0.219408368207114 0.384870852896838 0.41415794968471 0.436289435574608 0.453498392482091 0.443744597107869 0.283255891655364 0.235668725038179 0.402396918587709 0.450344706640558 0.489445697653687 0.503075990794848 0.521005240090275 0.529252257454102 0.531283144665441 0.53085160568325 0.530182141955944 0.52875040023533 0.527106009209651 0.525116768990049 0.523238364711646 0.522021705521006
-9999 -9999 -9999 -9999 -9999 -9999 -9999 -9999 -9999 -9999 -9999 -9999 -9999 -9999 -9999 -9999 -9999 -9999 -9999 -9999 -9999 0.520155522217458 0.508125601889882 0.456518782919049 0.377199623214814 0.254607170760533 0.115786513287337 0.0325592061885172 0.0142928336267229 0.0188112777345525 0.0761002635424199 0.170609312270405 0.218874410809302 0.169153035789486 0.185920707244907 0.350015873011978 0.355350622294683 0.378742034995537 0.444629746451321 0.412148465076162 0.31037750295969 0.326840886671521 0.43231464689869 0.466395853286852 0.498991341714649 0.507949037224884 0.520790646373054 0.528552834320634 0.529394679507495 0.528688854003242 0.527980675761958 0.526547477900668 0.524966618056095 0.523158732728898 0.520812941643343 0.518814144116188
-9999 -9999 -9999 -9999 -9999 -9999 -9999 -9999 -9999 -9999 -9999 -9999 -9999 -9999 -9999 -9999 -9999 -9999 -9999 -9999 -9999 0.483332436890514 0.487974814838881 0.425047377826003 0.334774041398358 0.221997407049136 0.0701155346182406 0 0.00735981339971029 0.0229822870602186 0.112649778001439 0.227127489461272 0.277336285949069 0.197927049575737 0.162869827306305 0.308140766260404 0.271516711494979 0.296911947424565 0.424579329527417 0.392900533602371 0.395380402775424 0.451732213257083 0.446507882144186 0.479569465413482 0.504681280787946 0.510951197851385 0.521005649304265 0.527402523310396 0.527168383633416 0.526030402920594 0.525469737961731 0.524244263921928 0.522633013710397 0.520924523904925 0.518398649952762 0.516096682514966
-9999 -9999 -9999 -9999 -9999 -9999 -9999 -9999 -9999 -9999 -9999 -9999 -9999 -9999 -9999 -9999 -9999 -9999 -9999 -9999 -9999 0.47064025071677 0.437577050671371 0.411199869476648 0.306778288323383 0.178931155695855 0.0620561389330387 0 0.00675541296998818 0.0528149843485387 0.110132914906285 0.197029211348541 0.275129112841805 0.199753188863272 0.123342972692747 0.244618115083024 0.269723473631641 0.304604962797834 0.402112472374193 0.458813649689752 0.494383755323754 0.480469391878551 0.463694732660247 0.4859869176993 0.505689716070999 0.512698320461869 0.52246748180658 0.525699332520188 0.522154944560482 0.519892281412719 0.522029578187476 0.522770069018926 0.521331555893364 0.519455664630279 0.516911297548508 0.514488239781738
-9999 -9999 -9999 -9999 -9999 -9999 -9999 -9999 -9999 -9999 -9999 -9999 -9999 -9999 -9999 -9999 -9999 -9999 -9999 -9999 0.507351713748956 0.462967547685068 0.41989816150659 0.370551297044463 0.255265200713401 0.204181570919901 0.101925645274445 0 0.0353113219615006 0.0933126470877321 0.120054406042292 0.173686262982923 0.266998090810047 0.224992445599134 0.130346540043879 0.251809054683701 0.332094670622859 0.35193328063512 0.409070186129484 0.479254585845129 0.49598729349386 0.498771474984375 0.493160674969151 0.494997075375358 0.507197801778287 0.513615335716793 0.521246895652965 0.517085666050152 0.502786806606085 0.494684611838419 0.506085498307416 0.519081470626332 0.518870714052872 0.516961859569496 0.514420744502227 0.511952914517273
-9999 -9999 -9999 -9999 -9999 -9999 -9999 -9999 -9999 -9999 -9999 -9999 -9999 -9999 -9999 -9999 -9999 -9999 -9999 -9999 -9999 0.46063604371385 0.398221939423888 0.312909106479292 0.180835054204796 0.109661989942773 0.0187033436942918 0 0.0353787730823678 0.106849381796332 0.20985999125858 0.327494265247401 0.34694829943484 0.323767128802542 0.288840324858012 0.344482715498135 0.361420513619755 0.371825489596474 0.473024977053858 0.487672683650532 0.492437541305839 0.495259432443601 0.497518829869423 0.502518081384165 0.509443427358643 0.511957755477393 0.515889241910892 0.509987003106607 0.483209586383134 0.469314263350324 0.492574662141053 0.515034098497105 0.516587839164938 0.514602960453236 0.511752927705906 0.509069490432934
-9999 -9999 -9999 -9999 -9999 -9999 -9999 -9999 -9999 -9999 -9999 -9999 -9999 -9999 -9999 -9999 -9999 -9999 -9999 -9999 -9999 0.47273845515616 0.457791955351123 0.333645277829535 0.150953450229983 0.0703138525693907 0.0196832827478354 0 0.024805994427935 0.105458402232442 0.203625347643823 0.328115003944065 0.368765799552414 0.359963669549749 0.313084746395559 0.328749973631515 0.359748970782931 0.383389995364039 0.477921153423423 0.487140767927816 0.490780490862025 0.489359875872446 0.494885036459206 0.505448422866516 0.50783182807012 0.507308598948492 0.509520661973353 0.497895365198802 0.465202973671845 0.461979471494413 0.493067476700377 0.514155525409628 0.514745306546405 0.512810903921395 0.509839707894644 0.506325110662145
-9999 -9999 -9999 -9999 -9999 -9999 -9999 -9999 -9999 -9999 -9999 -9999 -9999 -9999 -9999 -9999 -9999 -9999 -9999 -9999 -9999 0.455860649501672 0.424847456395944 0.323065308528303 0.165779940822995 0.0624317456562372 0.00897745078868056 0 0.0119918806615952 0.0969603595276108 0.196381834562409 0.277242269117615 0.342451244169974 0.366080510964878 0.324091854907013 0.313823171473928 0.352261703467606 0.411990663466923 0.472215928590455 0.481688612465563 0.486541360070181 0.486480384336864 0.492429139496301 0.502519348885804 0.503992827918456 0.504249075178745 0.501186216272519 0.476507305447219 0.449811349539827 0.46532814774834 0.496726717229464 0.511732959618867 0.51197864357475 0.510076519139013 0.506834210873311 0.503006146321132
