layers/veg/veg1400.asc
NCOLS 255 
NROWS 330 
XLLCORNER -2985163.8955 
YLLCORNER -3022031.214 
CELLSIZE 25000 
NODATA_value -9999 
[rows 175 to 199 of 330, columns 112 to 167 of 255]
0.548653823422906 0.548425533312727 0.54777278701498 0.546966407038085 0.546256968523137 0.54584731694669 0.545600023722642 0.545050922557906 0.544586863742077 0.54416509911658 0.543758094930104 0.543653210460846 0.543645550207021 0.543592524476009 0.54376247389662 0.544067283821407 0.544615042110669 0.545386932599776 0.546019261681579 0.544767813734214 0.53708636767965 0.527348033955236 0.524690030078753 0.526361916690428 0.527370057473721 0.525229616772689 0.52379358619147 0.525842425425673 0.529802615031684 0.530820341139892 0.520638365197537 0.506533406216008 0.500164935216909 0.503062873996763 0.502779498868408 0.488379684677252 0.472625040125629 0.459466785334447 0.443718916327423 0.446778426098122 0.453886183010874 0.443642888785882 0.437752692799154 0.434793754319845 0.428223063476305 0.418844810346786 0.425776528735941 0.450733041202598 0.482165705617449 0.502168091677936 0.521589136201816 0.551598477627295 0.595140792649177 0.647013073763148 0.675947298145793 0.671822767597681
0.547946912223602 0.54802974392692 0.547497732814612 0.546632243890569 0.545743850630478 0.545113284127738 0.544706871815036 0.544069781233373 0.54362833769158 0.543199846406595 0.542612574668144 0.542245581013672 0.542134953922554 0.542063690891114 0.542096885019595 0.542508257819678 0.54301752492064 0.542521601190216 0.5428236164433 0.54358774305495 0.539838048046519 0.531000481674593 0.520723277515356 0.52005992391024 0.526447858383666 0.528335025763411 0.526067796071875 0.526351403342846 0.532895883022532 0.528968039271203 0.512733537012021 0.494133560833986 0.482442523655201 0.481429478245955 0.488779828192233 0.491959873507378 0.477362983115067 0.453078415990909 0.429647569874962 0.42911659734769 0.450159323226344 0.445369559887623 0.425082225272764 0.432094958786433 0.427171152885984 0.423475129321799 0.442225560001031 0.485253931846364 0.522698937833874 0.547070971641091 0.582985553455017 0.583862314699405 0.609279686479278 0.664595663464719 0.684174140969532 0.692913207637757
0.547328418099989 0.547421227432582 0.546957175410814 0.546090606413614 0.545081581319191 0.544403739899092 0.543789463581836 0.543038414977307 0.542475122906705 0.541723165072955 0.541138854954792 0.540703498782203 0.540405682637857 0.540285758742642 0.540510760853386 0.540858331254541 0.540263131356211 0.537172837365469 0.536628886947376 0.539932654983323 0.538436590577027 0.532053561010745 0.523051185226421 0.520619391667517 0.526954258614247 0.53065279630865 0.529990684483641 0.530126487189775 0.534277082182821 0.527365122628498 0.509759675149791 0.494182119526195 0.483501786880988 0.47847100837123 0.483945257883119 0.489805602486371 0.479417994458637 0.462714798030753 0.438796453717728 0.424081298158746 0.438849943940941 0.444176267947252 0.433620539674683 0.432830807420171 0.430003440487138 0.427173630544627 0.44866027214886 0.494172149527208 0.520276541985898 0.532779467555988 0.559212178121193 0.571620703100055 0.610331346590568 0.659691181923192 0.682073396956436 0.691838489296931
0.545933889470703 0.546100654070459 0.545686939831955 0.544883531804351 0.54397108618284 0.54305898498877 0.542190557196604 0.541252575766497 0.54044179285965 0.539567881106404 0.538711469522306 0.538121765926558 0.537667506989781 0.537503435386647 0.537580294279924 0.53781254920398 0.535789250076399 0.531988419988723 0.526120716430989 0.526240459736689 0.531929867613178 0.528599478810612 0.520448182780567 0.515861848945238 0.52229239447446 0.528412518293022 0.531217015400125 0.533653110473221 0.535398730521482 0.530598501170383 0.521437559904149 0.517384929179491 0.50618821074182 0.49629940157514 0.492119405749736 0.473432923886143 0.464115383494204 0.454594611693488 0.431300789293989 0.413624990263268 0.417054082945315 0.432834666937804 0.440596211088493 0.44150227259262 0.446424469115856 0.447611356128041 0.465041761874326 0.488787568052698 0.486672582849235 0.497798547682426 0.541459646345371 0.572679703766197 0.606903838606918 0.66480746498376 0.682209138395518 -9999
0.54440971738918 0.544409003882268 0.543998137282097 0.543304699594974 0.542416560352329 0.541391137432034 0.54051310380067 0.539213652307825 0.537784302712673 0.536928071427822 0.536217835712696 0.535206076936529 0.534547053029328 0.534312180079688 0.534075523354291 0.53431606806736 0.533292713086256 0.52982016525068 0.521266183833066 0.519016838705258 0.526183922185009 0.523314282720652 0.515754653128095 0.515534163838766 0.52284448566791 0.528427971589122 0.53146027116123 0.533440968022163 0.535386838531977 0.536292890215105 0.538232430360893 0.535188825112439 0.525646432913722 0.518394218465368 0.507098873389335 0.485226540688961 0.472538115606541 0.465556283842317 0.449383548203436 0.431732077255635 0.422488995385397 0.433530364275513 0.448037810509699 0.449141498698361 0.45073024817347 0.454324477913286 0.458197281216011 0.465330354349745 0.484167153829361 0.520346685401716 0.590509712033456 0.649482190350702 0.662619432505184 0.664050250397044 -9999 -9999
0.543315372988693 0.54315466200166 0.542590354426028 0.541931019180538 0.541339733268025 0.540433525518373 0.539172373709305 0.537757074246834 0.536569097332132 0.53548486231748 0.534246705006847 0.53302813355054 0.532104715617457 0.531458282145724 0.530945038122656 0.530916044663738 0.530421510812061 0.526224137932494 0.521921984038332 0.521900795946619 0.521424662540524 0.511474413381198 0.505647138872644 0.513223238658581 0.516265834486578 0.519300216027831 0.522986935550716 0.530961333599462 0.533584542006319 0.529993114575435 0.531459732968299 0.528804393382597 0.518822879351346 0.516672945348684 0.515186151319151 0.503704805061729 0.495877909699578 0.478135179425975 0.444713406510678 0.421788763836465 0.411394233854752 0.425350032261072 0.448862348935036 0.450414983171999 0.452641731778203 0.462158465789627 0.468893337572433 0.478656213740473 0.492126160012268 0.551079093129103 0.632246148963548 0.655573064230192 0.661432532341462 -9999 -9999 -9999
0.541735583066345 0.541380254032134 0.540680794740017 0.539767486170118 0.539060630238453 0.538130233312457 0.53657948951998 0.534604031968294 0.533013669409215 0.531881730680409 0.530363080231308 0.528969306193066 0.527907846207243 0.526909127936661 0.525985022473157 0.525332542003846 0.524468868714168 0.518424254406974 0.513468358628039 0.513434665125872 0.513665941578106 0.510564394402483 0.506607981660534 0.506344693213908 0.503459865147146 0.510733195227917 0.519728121287355 0.527737859167055 0.528241025586226 0.520185116314297 0.515643482683354 0.512066901636342 0.499169034369204 0.497686751336023 0.503363151305344 0.489794156320502 0.476616932587893 0.465675210253447 0.444091096519205 0.430193474911762 0.429396174220003 0.438579944699759 0.455430440577323 0.459978774364609 0.462782036915565 0.466702538225704 0.47291985878053 0.481526199136646 0.490606324741585 0.546469947714999 0.626341972988727 0.651224681430034 -9999 -9999 -9999 -9999
0.540543485513943 0.539963963390245 0.538992933224985 0.537749536204871 0.536543444230043 0.535457041596842 0.5339437650489 0.531746291957608 0.529939416694563 0.528397033503903 0.526482882950261 0.524794764293127 0.523379726617 0.522003790981304 0.520502092212347 0.519218294801139 0.517203388028668 0.512004223997531 0.510808469159956 0.514065510383207 0.513875402757261 0.51344742029202 0.511047850778483 0.509559635227307 0.506722923295648 0.501167457587774 0.50850666374306 0.522075766946044 0.52168311741254 0.508755677543333 0.492979068369541 0.484947460503012 0.478319036792507 0.478116219828989 0.486959079842435 0.477935674349606 0.458860953677843 0.449499827131571 0.436860545820123 0.433954058992462 0.446791422906248 0.453461691716478 0.462280974354288 0.46468076642332 0.467237680480884 0.471744550034458 0.478749187110001 0.486166008142146 0.491263362950337 0.552025138217331 0.626054491639639 -9999 -9999 -9999 -9999 -9999
0.538764343185913 0.538095463856308 0.53732709513042 0.535937755811068 0.53457875091876 0.533250231639903 0.531557670348909 0.529226285065428 0.527077996906056 0.52537411109816 0.523259419870948 0.521068716537713 0.519260628275975 0.517609162350696 0.51594036892073 0.514377885015794 0.512173675434872 0.508658063835606 0.50776611318155 0.509099864987439 0.508989167624551 0.506486919019817 0.505104650736855 0.500664094321874 0.491370563621002 0.494969787691864 0.505945726982665 0.516540686466091 0.514076763768825 0.498840271273843 0.488000129897009 0.480947783227285 0.472208895422095 0.468150296658431 0.475919113107005 0.472375158231218 0.458787254795725 0.440707868486387 0.429443405400259 0.431793705283815 0.441265371565381 0.456469640984218 0.460531676149269 0.46170674883079 0.464774887349019 0.467929237012525 0.476642860861554 0.49093955101197 0.508358063480245 0.570032431106682 0.628672059237658 -9999 -9999 -9999 -9999 -9999
0.535774370607447 0.535347672071973 0.535322661842883 0.533719659412524 0.53176045137956 0.529927650286798 0.528003757586581 0.525413201044781 0.52283963147898 0.520722607543024 0.518347886023805 0.515518307795436 0.513381481721208 0.511327347549374 0.508542922604356 0.506046160092694 0.504129660370462 0.501571709502296 0.497852368477377 0.497482737968351 0.500248235261495 0.499781918248854 0.496718778831696 0.490213686234762 0.48812106987207 0.495517229772567 0.505361721732539 0.503930394498167 0.492355679614954 0.484852089240855 0.483704738071992 0.490695143899749 0.490903501583406 0.489188428212067 0.487701373844874 0.476279523331627 0.459184575876436 0.436478656836643 0.412156652075792 0.408826021510373 0.418121224741352 0.423731492924079 0.429992054413845 0.441653293189308 0.461979375888129 0.465216849762863 0.470215170967824 0.506880215168896 0.559891344810003 0.602973204361702 0.6188746690179 -9999 -9999 -9999 -9999 -9999
0.534672074976443 0.534334589432605 0.533764614410789 0.531558921449277 0.528910762152817 0.526743464016519 0.52446738518829 0.52140481524347 0.518566617374367 0.516304771294749 0.513451224349171 0.510066868449741 0.507283554237709 0.50445483654754 0.500745610789238 0.49766966483753 0.495258975448405 0.491873593877771 0.486141915488875 0.48417513663159 0.488091466841981 0.488488709538084 0.483072050700001 0.481611732197755 0.48647721280312 0.491298145656326 0.492178781520645 0.48248131093361 0.474537177571631 0.478914598903905 0.490752657219473 0.49840919026594 0.493868753811541 0.496005063865831 0.503518002678507 0.487235124008038 0.464237256442414 0.442695439169269 0.417016211985317 0.400541989442712 0.40877893318144 0.406820408423057 0.403451479983893 0.424462235423651 0.457022327016333 0.479558693218651 0.48042450837881 0.519564837384173 0.576232551681745 0.596221602674857 0.609147556437899 -9999 -9999 -9999 -9999 -9999
0.533037420176661 0.533224536409311 0.532416425569496 0.530008005355639 0.526986673108937 0.524456905685105 0.52194320739842 0.51829719553439 0.515082853670988 0.512698934992278 0.509614892417359 0.505799867832073 0.502610207180648 0.499119852856225 0.494598779782436 0.491249542662582 0.488601710798585 0.485799131656152 0.483142419340517 0.480534249473003 0.480249486571229 0.480483739466402 0.475174810672174 0.474906096337852 0.481098398939924 0.480567855711013 0.468622128038437 0.456054781047818 0.467938084209535 0.485416647264287 0.493369056074523 0.49648996887045 0.494032407757314 0.503869140832362 0.500279397419613 0.481529495527804 0.473531056019185 0.450942954645902 0.427463927610302 0.423121753491449 0.430211530068088 0.420798737078664 0.410006982451163 0.409322829097868 0.435396355954109 0.477093125095346 0.494729301092627 0.527716746517292 0.566700867300176 0.582399935181733 0.596706615688565 -9999 -9999 -9999 -9999 -9999
0.530501796345456 0.531291761798394 0.530084048113714 0.52724936622883 0.523845327320009 0.520841835378746 0.51771454629286 0.513579557774923 0.509859141103179 0.506932830818148 0.503459085889516 0.499144281429346 0.494927282340085 0.490537474489951 0.4855631108563 0.481887303497056 0.47871881255071 0.475240895313115 0.47271923400157 0.470747732190899 0.469277824985029 0.468836737953152 0.467120633775243 0.465805466843808 0.466914662299125 0.460973774559231 0.454579342436775 0.461627526151766 0.47331633487384 0.482379163895535 0.487262923500502 0.490572517258376 0.494799484340522 0.496439057760225 0.491502035022502 0.485341287078292 0.481029242093791 0.468340129559529 0.452885443426081 0.443403680417047 0.430814984292704 0.421668679918371 0.416993784056228 0.418069967079391 0.451993879389689 0.483976238617426 0.494609443224072 0.512550477504906 0.544295917537087 0.572757731323779 0.575327430695331 -9999 -9999 -9999 -9999 -9999
0.529451447983067 0.530567154205746 0.528130606552048 0.524897132237223 0.521001586014833 0.517642180722885 0.513941767840569 0.50905416897647 0.504899950379719 0.501459001563992 0.497579467542358 0.492474062249168 0.48683303910893 0.48158282581348 0.475970778212336 0.471494731587995 0.467615202154162 0.463486349469202 0.460939333600674 0.459114602087221 0.456790107018463 0.454764834302236 0.453072827903956 0.447235689126078 0.441373162036655 0.443252761868148 0.454646339235183 0.468027356382261 0.472544812564843 0.473204235977749 0.470953944454769 0.472488147272769 0.481680320045879 0.477714576443027 0.459840109131587 0.45930131504802 0.467086243433927 0.476150096595962 0.466191826491875 0.444413100948452 0.426863835140702 0.42138002571883 0.418704110874825 0.408323458450926 0.427840546257043 0.463737371514943 0.473356572720801 0.483236941752718 0.52045992849226 0.553614604734187 0.560427297185385 -9999 -9999 -9999 -9999 -9999
0.528055731066696 0.528516473249265 0.525992226645374 0.522608968661645 0.51845574967744 0.514710648847048 0.510779376126408 0.505656115777061 0.501052013043145 0.497184836147189 0.492958632190849 0.487048427202681 0.480816165260153 0.47544954899669 0.469193658103392 0.46404169585 0.459754094301807 0.455278648803919 0.451926103013967 0.449530982327238 0.44679044698413 0.444289448276561 0.442134896624042 0.43869101949289 0.43398470982699 0.433749331716704 0.442273725083743 0.45423853153266 0.46217342606986 0.46213414687617 0.458618303590872 0.456418205123309 0.466192950932007 0.470043619072694 0.455445609067427 0.45265942888185 0.454791992778404 0.460489957693311 0.464656115159634 0.448459408136179 0.42624579917207 0.417451826069967 0.413834772960984 0.410164612770805 0.411745064794686 0.430618496685902 0.452441997525602 0.463177363143953 0.488825419214261 0.521672208553738 0.541896881206802 -9999 -9999 -9999 -9999 -9999
0.528081049633295 0.525852269915114 0.52336522100027 0.519678582252285 0.51492133239389 0.510601541350167 0.506229702307106 0.500563275970464 0.49549131913743 0.491439215698898 0.486687751832254 0.479777756103241 0.472553138350124 0.46622074926257 0.459233386778181 0.453664083932715 0.448716465611022 0.443348109697926 0.439352055148533 0.436026816019825 0.432797847347416 0.429869016898897 0.426563725336609 0.426257689516185 0.429384177296874 0.4327404672503 0.433407744697616 0.431962285975819 0.435518724461976 0.441369790370049 0.440751315843456 0.437317555002527 0.449902923315194 0.459367886114496 0.449578515837587 0.441108031821873 0.440974823065874 0.451102650039242 0.444302264840148 0.428126194604007 0.417401207232997 0.403427506573957 0.397137134619917 0.39174440126944 0.392690712751084 0.395985337286168 0.403654569023214 0.418930431805481 0.448438420433653 0.502588378939585 0.536246592480271 -9999 -9999 -9999 -9999 -9999
0.52644621540826 0.523360964988289 0.520096746535533 0.516282958986652 0.511255792259381 0.506681489065605 0.501817323377509 0.495488219441464 0.489974276090191 0.485457783679771 0.480147392650539 0.472273757145692 0.464134928806461 0.457382543157461 0.449712484665729 0.443369412385516 0.437929037161336 0.431868990363021 0.426851046645107 0.422596443417033 0.418310577438736 0.414619204816479 0.413362119390124 0.417216368490667 0.419679612416822 0.418888994705369 0.419044124929286 0.417876404136024 0.419457854202543 0.425058030209228 0.431524368810614 0.433408444351554 0.435994044430574 0.444922248248697 0.443409776047894 0.436320595778952 0.44185951413181 0.446642707191671 0.432236060482128 0.416019798897491 0.404707510588629 0.393923576960549 0.378407727837688 0.362777476069159 0.342885229320748 0.341742782214711 0.365099114336333 0.393858662681193 0.416229765096785 0.461690763875866 0.523436154342513 -9999 -9999 -9999 -9999 -9999
0.523685661780208 0.520606986094107 0.517357209825224 0.513552916383453 0.508455285602442 0.503646887633353 0.498505434046714 0.491729434765951 0.48595237280931 0.481455655480502 0.475385208235176 0.466628120351789 0.458621225698511 0.451936021474783 0.443705090375235 0.437130291011507 0.431139416304072 0.423710560030234 0.417702519937935 0.412955404429236 0.408021224830984 0.404814403720139 0.405124400713862 0.407175554881198 0.406432666228709 0.404619239383371 0.406758267992535 0.412068036866611 0.420195947684531 0.427466900126569 0.430384521585349 0.430469066958169 0.433002196627746 0.439776637529896 0.442581111529189 0.435318788510846 0.427872932049745 0.424309206781089 0.420359314396932 0.413585566424013 0.400704503554058 0.386200291373608 0.373126607581197 0.363717726158159 0.341595153425398 0.315888933468247 0.354830842602425 0.436368485785735 0.459465517715418 0.486445900124752 0.521074463470409 -9999 -9999 -9999 -9999 -9999
0.520185056658288 0.516946188137866 0.51352092882212 0.50960260735376 0.504330103552608 0.49929237289 0.493650490746663 0.486473305367223 0.480669024897888 0.476074104813397 0.469318512018881 0.459357811704881 0.450790468605099 0.443812156013816 0.434933543139548 0.427274697401731 0.419825353025223 0.411280259070473 0.40465652129872 0.399155863380092 0.393990802587299 0.390599913339695 0.388797943690936 0.388454591187746 0.388935910260838 0.389094772356938 0.39161157495752 0.395814126219055 0.399977734272149 0.408004293574586 0.415395547654462 0.419667744428432 0.429692401872701 0.439114283087998 0.441713786721989 0.442317830323453 0.441000362645432 0.433760082383077 0.423209369219757 0.415163206635408 0.397426184948558 0.378893443377574 0.3678369645431 0.356432158713391 0.335904241215118 0.314059301146665 0.364841306410329 0.452466366256669 0.478562907928106 0.497935635384956 0.514760623584338 -9999 -9999 -9999 -9999 -9999
0.517047944322439 0.513591909966777 0.510029665118356 0.505859216118109 0.500412395148258 0.495228391591398 0.489195963534702 0.481633027541381 0.475912791125307 0.471478054874778 0.463922943105013 0.452602018784743 0.443713809943981 0.43648802126677 0.425805457068726 0.416597011898057 0.408329920479175 0.399393962402719 0.392790149894014 0.386710777201976 0.380844044685806 0.376788145391188 0.373034499327932 0.371708659683684 0.370368165666432 0.368910002374184 0.374312353523575 0.379227023727422 0.381329651822267 0.388606529541841 0.400287512612573 0.410826707600475 0.426582568536225 0.438794083371269 0.435229680976464 0.432480397344508 0.442838456031312 0.443663825141754 0.432533758282861 0.419817966842866 0.399784784364825 0.378126517745483 0.360131477672355 0.344970593765859 0.33040214278982 0.330620308640194 0.386619712463788 0.461725110026164 0.486629893320605 0.493334512701498 -9999 -9999 -9999 -9999 -9999 -9999
0.514995192268999 0.511235618182561 0.507548460412555 0.503219077944081 0.497644421614335 0.492181234379586 0.485914653856044 0.478631712873016 0.473102668902507 0.468292312750048 0.459767075502605 0.448681316489105 0.440332075731382 0.431140030241873 0.418647369875831 0.409699124996607 0.402605650696835 0.392824664683129 0.384882633773214 0.378873801452384 0.372176537982433 0.366732585595926 0.362994990480093 0.358208855333307 0.353407078308924 0.353024561904383 0.354037585192697 0.359116158573335 0.364767830880916 0.374134415558919 0.390708453826154 0.405918789765748 0.423138195038674 0.429420308007821 0.425927460253384 0.421619013019852 0.428231964192036 0.442042173040119 0.445932572578964 0.429985272211611 0.4100842733355 0.397608499231706 0.373445493124521 0.348835544332011 0.368616276116377 0.425527282816082 0.456262155576279 0.47493178827886 0.481200026551967 -9999 -9999 -9999 -9999 -9999 -9999 -9999
0.512051798817948 0.507906432294472 0.504036620741608 0.499718434309808 0.493990633837351 0.488171180375562 0.481749149332005 0.474578645542736 0.468790774779343 0.463367250594499 0.454300629370413 0.443330653229198 0.434060727857508 0.42266238919727 0.409535861673723 0.400965731246738 0.394052352193195 0.383587492852897 0.375199345801675 0.368137204806557 0.3594864567108 0.353385455520209 0.348720611159599 0.34466811643585 0.342561300406987 0.337696395015049 0.337542439108592 0.345731330890187 0.352521801755596 0.363748776607126 0.376097448643104 0.395086279436541 0.420911285252889 0.423586563095882 0.422436983759648 0.436157829351023 0.447183227674522 0.456281027066444 0.458186972289115 0.439719013693016 0.407055243095574 0.382913694315191 0.372719865920117 0.36452020576428 0.399451429973811 0.459466571926725 0.469434564908959 0.46997932661077 -9999 -9999 -9999 -9999 -9999 -9999 -9999 -9999
0.508819672031777 0.504760155335728 0.50100582298538 0.496534810709381 0.490494045520216 0.484348735459028 0.47794982298006 0.471304144074736 0.46538711132093 0.458914275757484 0.450030544355846 0.438882018021517 0.428044433712539 0.416219497256102 0.404535592424628 0.395708450740493 0.386564231696538 0.375542230336476 0.367108891932814 0.359518291372173 0.350051723746811 0.342206867923153 0.338351800649278 0.335919898799982 0.331920925047673 0.328102907144469 0.336150933267412 0.3456124753295 0.348228940586592 0.361492831537699 0.369756022219603 0.389757099616765 0.412187636818557 0.417429906234333 0.422496596184738 0.448018525141984 0.479675140106915 0.476579521720551 0.461587991532636 0.445503175214554 0.42479359372497 0.393955739754655 0.370244566083704 0.378871268130388 0.430359533822254 0.471048599980621 -9999 -9999 -9999 -9999 -9999 -9999 -9999 -9999 -9999 -9999
0.505889399164983 0.502542927423885 0.498863863509872 0.494316407157312 0.48810825209584 0.481897110947385 0.475765463091943 0.469166927458643 0.462843196952933 0.455989918622989 0.446992928677457 0.43553725521622 0.424060273977656 0.412063276472298 0.400847427014977 0.392770536649389 0.383408446361382 0.37212171626279 0.362873688251313 0.35304109525218 0.342333431066849 0.335475238756922 0.331189805555059 0.329090615931212 0.330942256288223 0.33534725607316 0.342198830681501 0.35225771073644 0.363021580228366 0.373705952986889 0.379562527414868 0.401717600915436 0.416953133154862 0.411458491141067 0.442617305626603 0.476078847629828 0.491383266344388 0.492640224814786 0.492042045794375 0.488289875246724 0.467218946369499 0.426061394883768 0.383747015753747 0.390703727175658 0.440361445298043 0.470885057513265 -9999 -9999 -9999 -9999 -9999 -9999 -9999 -9999 -9999 -9999
0.502007035099498 0.498619471997839 0.495409507187673 0.491039137292829 0.484916910730569 0.478705912809069 0.472862814228152 0.466270032335271 0.459179673950992 0.45201217908721 0.442862484402695 0.430675457649631 0.419078362425407 0.408119698488506 0.396310417620731 0.387891016932272 0.379120762057428 0.366471287380142 0.355089168748617 0.344004250649181 0.33293848486857 0.326098129573379 0.322817133853451 0.32030835444868 0.319890638896096 0.326350680359078 0.337085300839972 0.346400440224753 0.360033788549497 0.379406265577477 0.395591802273165 0.414535216713311 0.431121721519754 0.441602934584498 0.459497444407196 0.476668938596454 0.488975101530438 0.495160263377825 0.496970359319092 0.496096830922678 0.48526995648064 0.468428631780724 0.447471457391496 0.443759266610213 0.462759197022869 -9999 -9999 -9999 -9999 -9999 -9999 -9999 -9999 -9999 -9999 -9999
