layers/veg/veg1800.asc
NCOLS 255 
NROWS 330 
XLLCORNER -2985163.8955 
YLLCORNER -3022031.214 
CELLSIZE 25000 
NODATA_value -9999 
[rows 75 to 99 of 330, columns 168 to 223 of 255]
0.749603399160968 0.741616137235378 0.733199345554956 0.722338290707015 0.714909196063805 0.706896316168057 0.696910499564908 0.688454218500629 0.679664451981572 0.670456861161083 0.664106420404476 0.659507943655088 0.655516604744884 0.651312189609947 0.646529149932125 0.64210160916053 0.638407898032725 0.636021832858794 0.631721585869031 0.626866489891331 0.625223339216102 0.624456935414741 -9999 -9999 -9999 -9999 -9999 -9999 -9999 -9999 -9999 -9999 -9999 -9999 -9999 -9999 -9999 -9999 -9999 -9999 -9999 -9999 -9999 -9999 -9999 -9999 -9999 -9999 -9999 -9999 -9999 -9999 -9999 -9999 -9999 -9999
0.74813277380891 0.739804774472271 0.731629909094327 0.72163902564685 0.713753155118994 0.705957585467183 0.698145358902884 0.690361405610426 0.678550187336077 0.668503782313267 0.664342620259238 0.660273868300385 0.654155201985848 0.648252985795879 0.645659709887755 0.643745327894026 0.641016333875 0.636232442798579 0.631527899712622 0.628956663669496 0.625686520373477 0.62145332413866 -9999 -9999 -9999 -9999 0.610810134553643 -9999 -9999 -9999 -9999 -9999 -9999 -9999 -9999 -9999 -9999 -9999 -9999 -9999 -9999 -9999 -9999 -9999 -9999 -9999 -9999 -9999 -9999 -9999 -9999 -9999 -9999 -9999 -9999 -9999
0.747293115789274 0.738408848797682 0.729472955543751 0.720230851698663 0.711906055375271 0.703800632898307 0.693702477851234 0.684573617065323 0.675842180277151 0.665252086360522 0.662047065587018 0.660439630171175 0.651683188387561 0.644708908427631 0.642130371908608 0.641506649094517 0.639319149387218 0.635306268912521 0.630771479219575 0.628819921403474 0.626862906262909 0.622400143183664 0.618784378804916 0.613581317405778 0.611965960551153 0.609882045788345 0.610474755361526 0.607047877176726 0.604932051338566 -9999 -9999 -9999 -9999 -9999 -9999 -9999 -9999 -9999 -9999 -9999 -9999 -9999 -9999 -9999 -9999 -9999 -9999 -9999 -9999 -9999 -9999 -9999 -9999 -9999 -9999 -9999
0.745978322390288 0.737136064325859 0.728463186538194 0.718250266206454 0.710733600236671 0.702269116950671 0.690711177598066 0.682008440737778 0.672267001303634 0.662781697365708 0.660962747972707 0.658826454241103 0.65045534209492 0.644847790260173 0.642998596978999 0.641378849926993 0.637795282212865 0.633511011781237 0.63061825956671 0.628629277030434 0.625635914224017 0.62117863193764 0.616626047657477 0.612876538180058 0.609444058946093 0.608249452026609 0.606874038861798 0.604922501980339 0.60489430497351 0.60542414017861 0.604093284843752 -9999 -9999 -9999 -9999 -9999 -9999 -9999 -9999 -9999 -9999 -9999 -9999 -9999 -9999 -9999 -9999 -9999 -9999 -9999 -9999 -9999 -9999 -9999 -9999 -9999
0.744269212008646 0.735498615098203 0.727107939164416 0.717937367603622 0.711247471640136 0.702207446734361 0.690681119946409 0.681411593554438 0.673573034111042 0.664945842910667 0.659807871450299 0.657718744096655 0.650513659746445 0.646263024073586 0.64373518143008 0.640271846702997 0.63589327281698 0.632884191337702 0.629990444144329 0.627955380501511 0.625411276524615 0.620678979007605 0.616420767551677 0.611672012505638 0.60698917271559 0.605404477879206 0.603645158498895 0.60301707296514 0.603836696293147 0.604108116138807 0.603450958269764 0.600475263128831 0.597950533966435 0.597444142442837 0.597017988424366 0.597166906345292 0.596199374022434 0.59579606288063 0.595362919070576 0.594986358028199 -9999 -9999 -9999 -9999 -9999 -9999 -9999 -9999 -9999 -9999 -9999 -9999 -9999 -9999 -9999 -9999
0.742179069212574 0.733346803697689 0.722718667422123 0.711298964480678 0.703606206390969 0.69645842361262 0.686246596758741 0.678850512953457 0.675015358401664 0.668272975083146 0.65911510425993 0.653288599384478 0.64965057847566 0.645885190878945 0.643378332852281 0.64021102761077 0.637739079186533 0.634784914091688 0.630694097361918 0.627036765922215 0.623171727851235 0.617896962386837 0.614068252059055 0.609587680409986 0.603721980633838 0.601097395342986 0.599901001775038 0.598695544479951 0.596666009689578 0.59577023322912 0.596658913936946 0.597874550382963 0.597703279802348 0.597063318705169 0.59676688752719 0.596863077882423 0.595896787954698 0.595470024923099 0.595040959785464 0.594755282173906 0.594209029222345 -9999 -9999 -9999 -9999 -9999 -9999 -9999 -9999 -9999 -9999 -9999 -9999 -9999 -9999 -9999
0.740085624422113 0.731962100468285 0.722746448784602 0.712303667712123 0.704256043638951 0.69548693914907 0.685354519739984 0.680022179690901 0.674708805723927 0.663444160067587 0.652434271019853 0.64977312455742 0.649536237652339 0.646713703895168 0.643868547267666 0.640621166588644 0.636780173157769 0.632950839167778 0.629139270009205 0.625580954842541 0.620629838693292 0.614176701836188 0.61066698405315 0.608663283484006 0.604301340417748 0.600466058748347 0.597420997135165 0.594442923025882 0.592715893887964 0.592456360130046 0.592516733262405 0.594919577051488 0.59491126142477 0.592252734281212 0.593163966928862 0.59323319948447 0.592405429502176 0.591976188591657 0.591600455716083 0.592216970513647 0.593004395790578 0.59239272376685 0.59200344044602 -9999 -9999 -9999 -9999 -9999 -9999 -9999 -9999 -9999 -9999 -9999 -9999 -9999
0.740600642544554 0.730830771650143 0.718901399141683 0.705610138448943 0.698729367435037 0.694407613138277 0.683054320161123 0.673573088528383 0.667732775657684 0.657766927298031 0.642854712211358 0.640299420922016 0.644250453887526 0.643849899402444 0.641143952644651 0.639097680382585 0.635389615036429 0.631308006214359 0.628066516342647 0.623916494675152 0.61878244065935 0.613152739235646 0.608895138174506 0.607086658609971 0.602672666907021 0.597918772349805 0.596154942842566 0.59374534736371 0.593820028936892 0.595150876096466 0.59544695720964 0.595421320969834 0.591189926936 0.581654883514458 0.579823458437935 0.583625067813938 0.586335157964828 0.588427446554923 0.588056695554078 0.588785986729595 0.58848258083708 0.589738631833374 0.591749644766381 0.591887769738782 -9999 -9999 -9999 -9999 -9999 -9999 -9999 -9999 -9999 -9999 -9999 -9999
0.738065126996709 0.727603678037779 0.717892475270768 0.701552617354609 0.692382396892388 0.688375263833418 0.677931858964448 0.674209564950609 0.665943085266786 0.651886882765409 0.643515194771718 0.641013868171996 0.642024528414237 0.638257500044986 0.637076923757911 0.635709335400642 0.63253628933967 0.630167690710665 0.626627004878945 0.622587435570707 0.617740681969108 0.613132650086126 0.608188846679206 0.603988590483013 0.602505482085029 0.598598942853106 0.594209831466529 0.59270349802911 0.595114125044248 0.594512152783117 0.591483895682869 0.592909179748688 0.588552955970505 0.579486777183088 0.55839323375859 0.549208643347408 0.573167778461605 0.579398034453651 0.577427482327382 0.579671009866141 0.583318395861931 0.586895440623065 0.587760776514721 0.588049107301547 0.589083008685009 -9999 -9999 -9999 -9999 -9999 -9999 -9999 -9999 -9999 -9999 -9999
0.733091808754543 0.721712615852888 0.713898346336583 0.700440369078103 0.685794927974792 0.67879450969376 0.673935796414356 0.667101644326323 0.658058962757375 0.651552829886653 0.646721103557697 0.640306530206827 0.632491119137032 0.630324638845595 0.631299202163976 0.630012770202926 0.629301994431141 0.627021958545584 0.623870674274015 0.62013754889923 0.615104903352747 0.609290209631412 0.604390459555888 0.600796095960449 0.597545310957432 0.594687532346029 0.592784550164832 0.591548182395361 0.590908113499752 0.588837453600834 0.587664724354499 0.589605906192778 0.586315440956441 0.578655793146863 0.565448499979543 0.538212223889409 0.547297326914357 0.570265431418895 0.565729369731013 0.576095878657007 0.581200923177942 0.576751869200461 0.572274553004134 0.578298638258912 0.589028857252458 0.589842544249957 -9999 -9999 -9999 -9999 -9999 -9999 -9999 -9999 -9999 -9999
0.728517450478469 0.715643840082167 0.709315245092679 0.698599200171156 0.685687797992665 0.673664780630021 0.666327992183062 0.662096486300516 0.656196816925529 0.649026246964761 0.639876260414349 0.630331132876055 0.619918649617793 0.617228270173678 0.619927994866341 0.621840069310424 0.623999834611294 0.62323723703878 0.620013174531475 0.616088815402988 0.611261454743572 0.605813654128872 0.602828805747982 0.600053914243545 0.593567986679566 0.590972300764415 0.591337253902212 0.590190061149916 0.587939838514664 0.586211681934649 0.582814626391012 0.581885377653785 0.583551201410878 0.579188736632149 0.571231072858423 0.538335200728745 0.533336374161061 0.570969727973683 0.577781053486252 0.578145459573233 0.57536455615825 0.569723916424198 0.56447473971123 0.574990878307203 0.587996294352904 0.588092972744726 0.590066091828457 -9999 -9999 -9999 -9999 -9999 -9999 -9999 -9999 -9999
0.731308973393474 0.719309530923864 0.704715857810027 0.691667452350951 0.683993855807685 0.672373076545325 0.664780390656059 0.658798393975295 0.650344382994122 0.642560468524813 0.636235045340448 0.631018495462055 0.619976503335365 0.619457630209959 0.616498750319696 0.613347375836368 0.616860335820447 0.617975559420689 0.615267861278344 0.611641450858198 0.607508382274284 0.600238592631826 0.598641236327833 0.597792745192787 0.592041815467533 0.588393532098348 0.588590081270189 0.589235223080861 0.585798298226006 0.583415357359932 0.580944675827964 0.577816736873353 0.575330946848979 0.573285681864254 0.569400933242976 0.5335716019235 0.525379927953917 0.56575201854975 0.574220512625068 0.572277051071387 0.566143906276664 0.563988825907773 0.568512577207551 0.577510598344569 0.581417028513707 0.582601487574122 0.587979350225298 0.589842654481139 -9999 -9999 -9999 -9999 -9999 -9999 -9999 -9999
0.734017748277199 0.725230847406058 0.716342879110228 0.70259428510281 0.688544214901916 0.674561850882378 0.659469341556561 0.648957489100994 0.64431381009668 0.640828744636028 0.634651633178909 0.626323668968846 0.618144459225309 0.617282647939915 0.612193359176793 0.608545498277034 0.604696563649397 0.602705493299179 0.606167739531212 0.606438998430639 0.599733061078452 0.59466123346285 0.594150758626159 0.593868089672836 0.590334388887086 0.585923446727182 0.584173121112531 0.585104501167601 0.582801604910232 0.580420942842654 0.577704193578232 0.572522083584649 0.55502705026599 0.538740520796252 0.536632276744761 0.520920162941708 0.52720831479744 0.559567542431374 0.567470515322275 0.564133972938285 0.56004176213755 0.552957600346959 0.559129624873 0.572839391720247 0.563595720933848 0.559055864504544 0.577619714753923 0.587586781197971 0.588291394894254 -9999 -9999 -9999 -9999 -9999 -9999 -9999
0.732471356581529 0.724262922188021 0.715659566717794 0.704221030894029 0.696172313332296 0.687216538739437 0.672158498424613 0.652817308961329 0.640943114680214 0.636340543267741 0.625468456652344 0.620248927779422 0.618088310944851 0.613362951982455 0.61124660016291 0.605683624182858 0.598805291617374 0.599715332806335 0.603815465639532 0.601257316127847 0.593031859570632 0.589807818868234 0.587960633165135 0.587313232592268 0.586494599754321 0.584782125052295 0.582698356866089 0.580650172764702 0.575778962401631 0.573836862197821 0.572620130685629 0.564318306414861 0.552876516590363 0.548756750317965 0.550424479161448 0.53119573555849 0.532550651151619 0.55791564611202 0.553298043626644 0.547619743475823 0.546995926741396 0.523998274396484 0.52596069698631 0.555624674280946 0.551455203208279 0.560920171928755 0.580776656806987 0.585967741423012 0.587344449013828 0.588290136901038 -9999 -9999 -9999 -9999 -9999 -9999
0.728009320725596 0.717991696844606 0.710627746990554 0.700849507296422 0.690220272021273 0.681676191096983 0.673213399489355 0.662945310625778 0.648727786312791 0.634463881049079 0.625009948497534 0.623029087839713 0.62390360648801 0.619687874487741 0.609377487367523 0.59957722056255 0.598664001716869 0.600233177643619 0.598878089750156 0.597397834066566 0.591158761218946 0.585833739427621 0.585126260305926 0.58525479627096 0.582173409390221 0.576593480605115 0.577963754316232 0.578698314646892 0.57178469351656 0.569811691911792 0.57057913312951 0.565430236223023 0.557531849087357 0.550588351200127 0.547540329102386 0.539879567715513 0.536419725348696 0.549540906357951 0.5470956657067 0.525480050391587 0.514145770853737 0.531871992992196 0.54594995568112 0.557747348410388 0.568748460957057 0.574153916781556 0.580140475244408 0.584005424598742 0.585834830835648 0.588921247343068 0.588887222378635 -9999 -9999 -9999 -9999 -9999
0.722865860758939 0.711572058625913 0.704543249412879 0.695707213040243 0.681928972789139 0.672399473616592 0.66756436641891 0.659055674005539 0.644526735846312 0.633221778738534 0.629137167599551 0.62498081084045 0.620184044464953 0.613064897099719 0.606261909661006 0.602185994192291 0.600303156173341 0.598000876674306 0.592257497965396 0.58696373889053 0.583038133513731 0.581147900478049 0.579858524240658 0.577362085389012 0.572528594757711 0.569982968644769 0.573595081729694 0.575578141758824 0.572566583838352 0.56840220117903 0.565905038226746 0.564109516464012 0.558211454490892 0.551301116660066 0.543916347256212 0.534246484289292 0.538156028324253 0.546324381167774 0.538087977301707 0.525747979146582 0.528454448256781 0.542334572317949 0.548181432613765 0.556021766027326 0.566150166555288 0.571457539207469 0.576839801794863 0.58094161645832 0.583689411517522 0.588111570611029 0.588711246369232 0.587818910081281 -9999 -9999 -9999 -9999
0.717831930874833 0.704936762300548 0.697259516763171 0.689238919004411 0.674309361952223 0.667990141275016 0.66417809139464 0.655915540200909 0.641869684383924 0.628234260501577 0.620867007868945 0.615494564174068 0.611386640099373 0.606213956629427 0.600640278532017 0.596067721858798 0.592287931922172 0.588051514101464 0.583507638480343 0.575691491063527 0.572357032324259 0.574827119720475 0.574888307839528 0.572425920371071 0.568206034290206 0.568805177431206 0.570797627078631 0.566939868096077 0.567795427695765 0.567665105042378 0.565642217827868 0.561929974274964 0.550027432829118 0.540078253518236 0.525326000558913 0.520182682897192 0.537445537875435 0.543603474581073 0.533593493565939 0.528585365374554 0.538576503051702 0.54826255249398 0.549765286448704 0.553393777522572 0.564597032800757 0.569228701694311 0.574161592004361 0.579856066605431 0.582705439995293 0.586486381194516 0.586336695985267 0.586653338481986 0.589146713333436 -9999 -9999 -9999
0.713226260499108 0.690928518702206 0.679692611833966 0.683196949378966 0.667710215046905 0.661841355619263 0.659745972787252 0.651887673980841 0.639872366709 0.625975436688034 0.614343917436685 0.608914119667519 0.602273033899124 0.591155242829611 0.588784322194573 0.58776695788397 0.582914443477615 0.579079737295968 0.573694484226612 0.564006893456794 0.559978989054938 0.565374942324079 0.567224837437098 0.567183181205315 0.5658006120029 0.567065318364262 0.564780133413354 0.555923106974146 0.558468480583175 0.566713413491059 0.564355714408292 0.558071250139568 0.545971358611299 0.536118229043823 0.525375429277683 0.520303481120643 0.534752156152182 0.541484822531809 0.538324010390646 0.524027973365944 0.513324720771708 0.531962040302264 0.553286933845538 0.561703119885461 0.567734449320735 0.574440459810761 0.579413085737508 0.580725709919159 0.581154998774821 0.580063269358207 0.580107301345952 0.584789118222312 0.582678431034909 0.582733017832987 0.59141208888794 0.59158071087694
0.707623429374126 0.696604451419683 0.686228996590455 0.674641447240939 0.657069249588155 0.652614007525992 0.650877319178325 0.642483617137236 0.629225198374291 0.616096816600237 0.609981063562178 0.603976978452775 0.590175005306626 0.579879546734653 0.578448204026877 0.575047214233771 0.568078524986232 0.56545990839075 0.563154612604614 0.563715027943918 0.565922002106445 0.558370557148636 0.558014209448595 0.557114077254403 0.559245123270514 0.563610502684434 0.557855676811468 0.550869638586488 0.553356254935287 0.556705979859107 0.556890840214614 0.550872706536117 0.540405932468107 0.527495209298647 0.510128414102809 0.505332721759972 0.522629034991798 0.532488827293363 0.525354152436139 0.523494982431216 0.532210246079101 0.544005828400306 0.556619971776236 0.562151047483815 0.565850182390851 0.569723737570541 0.575247338917752 0.578389823217731 0.576329128073988 0.576723795067668 0.580847121440411 0.581576657981658 0.57771383568606 0.583089347418425 0.590895288793349 0.590914947343691
0.701787504649223 0.691788939636761 0.680001729514872 0.665305109649321 0.648515092448299 0.644058268113728 0.643104481551881 0.636113973006175 0.622546825012674 0.60453277692173 0.598682863234363 0.590590158719007 0.571719428828611 0.562957291470386 0.563886551795973 0.55733010106067 0.551290777581197 0.549251559939533 0.551588582306057 0.556215132423591 0.551782118249122 0.543795532666168 0.542987882914256 0.541315309739648 0.55130386391519 0.555726322558565 0.554398127314559 0.54782400199774 0.542400327517745 0.550166819411169 0.549793454509881 0.536863956995362 0.526260479233063 0.519431820439855 0.501749796469054 0.498001282194883 0.512672518643869 0.524067946081423 0.524448355907515 0.523784264299017 0.535473185449057 0.54769791406188 0.55244548470078 0.557460078641562 0.564299437411652 0.565969511541968 0.567897007337845 0.572518106434205 0.571632178310214 0.578441458531704 0.581512298617521 0.579800801987379 0.582854247644804 0.586339476602844 0.58536177786466 0.583706952400997
0.694048077761259 0.685946941526205 0.673727450422838 0.660117116907368 0.644965591534558 0.639098647126021 0.637105036413729 0.627078854773155 0.613677015002493 0.597342643262742 0.589689677020036 0.586095581151185 0.571891593347656 0.558588311669658 0.554803881305285 0.547057035692044 0.544426886084991 0.543687756565654 0.544309916671967 0.549745507687329 0.549761779239127 0.54445549201773 0.54152831337887 0.539737991855716 0.544969718696586 0.547681629609217 0.552331742959716 0.544925644134166 0.536232863911809 0.544047319301507 0.544790883173598 0.534113685369896 0.523919696270084 0.514193285568678 0.499219494535832 0.498071507380641 0.510523651009506 0.523449281654491 0.524320291434624 0.523107839969528 0.52545485848313 0.534466276745959 0.548826717236173 0.557553272192252 0.564914923995978 0.562613747101908 0.563409937095058 0.569327991419583 0.570380788031673 0.577006181213858 0.579190343166138 0.580052391285211 0.583286051513148 0.583152159330936 0.580040429923376 0.575805801369552
0.681742927926743 0.668692261544978 0.659132574008801 0.652773170955129 0.645145887407476 0.640631060903644 0.628272949505293 0.61596748819026 0.606148726883281 0.590758137896382 0.576571415715661 0.568717878882707 0.566638494583036 0.564693389928246 0.560999579417052 0.557226010206206 0.556472338127831 0.557001565072782 0.550969300461643 0.547005257073538 0.547596804958827 0.547809938584285 0.547749939084563 0.546593240412494 0.546160258574393 0.547937729555275 0.548701889727546 0.547045666840719 0.540029630078913 0.53179809859593 0.526355310274017 0.517390112377639 0.515447062016985 0.510958885983738 0.496920420295196 0.49533749092368 0.511126154550339 0.522685004055305 0.525832159537478 0.526968207951052 0.530356175215338 0.540230384950939 0.547702775655625 0.554157293245634 0.559780749896861 0.551726937829922 0.549311843885167 0.559022630244804 0.55762313663345 0.562871443224187 0.569941627019712 0.571827556028733 0.57327306238073 0.573656444488088 0.566239716771527 0.558337042997273
0.669083777981064 0.656622285740057 0.649542916452333 0.646994014626778 0.642300262457572 0.636755935807774 0.626265661560178 0.613645926093755 0.596585878522581 0.576685471443508 0.568402074275906 0.566989689666869 0.564718373939385 0.561898132128866 0.565990440967113 0.564123381718191 0.562260910091251 0.558306541862961 0.551837100484278 0.548685802358611 0.544639901335637 0.54152087069738 0.544609373390348 0.546500066012438 0.545527460333864 0.540747650568249 0.538265398881596 0.542181775844953 0.544325648983188 0.537856298974683 0.521691162699426 0.507945606762062 0.50761318636285 0.507066182162853 0.494381407078169 0.484917315544351 0.49620614125621 0.510646581585693 0.516381303157303 0.529239006847817 0.53586195400467 0.541120863491284 0.549344400076087 0.553588783743831 0.548650422438949 0.532700296825737 0.540393503345969 0.555436416326551 0.549418785270851 0.553696163336304 0.568273237936937 0.569257694563703 0.552933136630872 0.536101001187998 0.532515414819791 0.542071958398581
0.661392712336565 0.652388194841212 0.648564607607521 0.642806317519751 0.639039426459131 0.634014065316614 0.624476502363055 0.61407277526191 0.602268859033788 0.58858130599539 0.577858436400419 0.575924428804353 0.574286346871587 0.569837130303051 0.564759762676653 0.557621981819904 0.551639772165702 0.546752764715005 0.542980208277143 0.534624233844527 0.526351844604981 0.528652968769907 0.537172002290906 0.538777711208583 0.536627986004459 0.536401003700086 0.535005313242346 0.536502359311324 0.535382377297009 0.532411832717396 0.520180855426129 0.50826185292244 0.514186974706042 0.512602312039457 0.502366489026226 0.501599523587576 0.496997544409873 0.497086277804412 0.512213365343449 0.527035260445398 0.531711172360423 0.5352219141892 0.541417127054962 0.545679127176495 0.533522716276126 0.529207274242734 0.539961556296825 0.53988601421951 0.547288928638005 0.559440705592963 0.567913962137866 0.56808977265009 0.559798684291298 0.55033601937659 0.542270655719203 0.541667266054233
0.648503398493612 0.641908651695509 0.64179675430527 0.638257510782137 0.632911261881897 0.623211327151842 0.613782828497584 0.60658622673729 0.597175339630738 0.582276184920804 0.568211178030359 0.565407522399365 0.561474454908655 0.552677937842698 0.547808036371181 0.541892162053762 0.537922994072161 0.533535459803586 0.526682450243798 0.519192481227965 0.515972000616506 0.523800849736521 0.529765164552726 0.524796912432223 0.523745944860843 0.525143957515909 0.527078178976323 0.52847956090234 0.527192774360924 0.528406833492047 0.527686982832599 0.52794084424429 0.525239995321656 0.516482253074677 0.513858578169816 0.509662880763331 0.498476330109803 0.49694741173298 0.505253063759615 0.508984365455788 0.516026061631634 0.521973372057259 0.528802231207972 0.541360815701801 0.541645884259209 0.545967562549877 0.549370343908594 0.548199354766033 0.552384796593006 0.559974875547751 0.561875974433107 0.562449464347612 0.559471125843383 0.546483276863275 0.530801421453226 0.529742190394869
