layers/veg/veg1500.asc
NCOLS 255 
NROWS 330 
XLLCORNER -2985163.8955 
YLLCORNER -3022031.214 
CELLSIZE 25000 
NODATA_value -9999 
[rows 200 to 224 of 330, columns 57 to 113 of 255]
-9999 -9999 -9999 -9999 -9999 -9999 -9999 -9999 -9999 -9999 -9999 -9999 -9999 -9999 -9999 -9999 -9999 -9999 -9999 -9999 0.489311512011879 0.444301363732242 0.335365009736645 0.252884818247622 0.133895857394583 0 0 0.00213327194088468 0.14815970956358 0.215560257189375 0.264097814457957 0.324921281589798 0.350330223754911 0.309232969830059 0.309646681823242 0.36843053507108 0.445751561632808 0.462664092113994 0.471827024285627 0.479181079602429 0.483783221180486 0.490970472453957 0.498758999988107 0.499668538850133 0.499845652953303 0.490287393273362 0.45350801702349 0.437399917947786 0.471384825146738 0.499687925001497 0.510095698470235 0.510377811257767 0.508630069883989 0.505603797800389 0.501692653740048 0.497658410474898 0.494337283818398
-9999 -9999 -9999 -9999 -9999 -9999 -9999 -9999 -9999 -9999 -9999 -9999 -9999 -9999 -9999 -9999 -9999 -9999 -9999 -9999 0.503663274951866 0.463861171825245 0.384102148271833 0.265928675747162 0.144613742145927 0.0433877068954968 0 0.0553491704634038 0.19338687779505 0.260730220210772 0.336275700425006 0.363908036909382 0.361885497988389 0.325444999236807 0.335329942397164 0.38517484438979 0.432451484071171 0.450791687886366 0.457932372391823 0.465570222620197 0.478738771351548 0.490388797351864 0.494396215462842 0.493362217690312 0.489519466043744 0.475976610013407 0.443845762345793 0.441933271103593 0.478134648961947 0.499476748732109 0.50894139093271 0.508398442029632 0.50673444869982 0.503736229223895 0.499384105435848 0.495060585315378 0.491648035163238
-9999 -9999 -9999 -9999 -9999 -9999 -9999 -9999 -9999 -9999 -9999 -9999 -9999 -9999 -9999 -9999 -9999 -9999 -9999 0.504786218207039 0.490762950764304 0.428643988761936 0.305018172032961 0.163267947827439 0.0673494645615453 0 0 0.0550416532766813 0.190119507791245 0.259253296482848 0.334846547233461 0.367413224481351 0.38812546103962 0.338633320158487 0.318899948369907 0.388738612829262 0.417186489211418 0.431244572460998 0.417711913100418 0.425535771356654 0.465468851550587 0.482061585403308 0.484251351343719 0.477231504695526 0.464780529384854 0.438161156807562 0.419217839565951 0.443139772921256 0.478761199732172 0.497089662594669 0.505678708098591 0.505320466179296 0.503675734719348 0.500628964814381 0.496195683317492 0.491750849937931 0.488549301954883
-9999 -9999 -9999 -9999 -9999 -9999 -9999 -9999 -9999 -9999 -9999 -9999 -9999 -9999 -9999 -9999 -9999 -9999 -9999 0.493925939535544 0.465860402600193 0.419053158834695 0.333197132320221 0.159788010995638 0.0287648419649669 0 0 0.0234292048445905 0.158899423363395 0.224355296158159 0.320602001851805 0.370842886503978 0.392192061845891 0.356902969898474 0.33492133275583 0.387006205607198 0.411095913487846 0.403636220773877 0.380059039305925 0.402103014038967 0.455042032860125 0.473892634897262 0.467130877285013 0.44967832406724 0.442447020903469 0.410872101196001 0.39147284580567 0.433954767430158 0.476915717468433 0.493148142853358 0.499776422698089 0.500431122790417 0.50008917379194 0.497330525508358 0.492877097967631 0.488506942651121 0.485493271130703
-9999 -9999 -9999 -9999 -9999 -9999 -9999 -9999 -9999 -9999 -9999 -9999 -9999 -9999 -9999 -9999 -9999 -9999 -9999 0.48312485807732 0.478412936825966 0.44290784882998 0.361736967053949 0.217790118039011 0.0525553465623364 0 0.0225210347437718 0.120400569246922 0.158266602197803 0.205548816749081 0.291282434605508 0.348865774719895 0.379358990558639 0.391190234055366 0.357747079053316 0.360939625766325 0.410237636158221 0.387649066657703 0.37091010178692 0.404627992455008 0.447572038672211 0.469114542632299 0.448145624343776 0.416832874988941 0.401460372230528 0.366046193315747 0.378035763544772 0.436342309313428 0.47334171711453 0.487218187380926 0.493139050609957 0.494956224018807 0.495732159524618 0.492589613458724 0.488532411556993 0.486060196589145 0.483610746859237
-9999 -9999 -9999 -9999 -9999 -9999 -9999 -9999 -9999 -9999 -9999 -9999 -9999 -9999 -9999 -9999 -9999 -9999 -9999 0.443319819504793 0.443648125729705 0.415935526344158 0.346336472158174 0.229363235324156 0.0953970757203101 0 0.0358247269296926 0.161158799858114 0.176090715845675 0.179654203267157 0.273216504761478 0.339174270547201 0.35262368590847 0.329733261575725 0.31616368296151 0.356260889717665 0.41159863802547 0.393509156115213 0.378535718379969 0.404597679118263 0.441913083350338 0.46118227632719 0.423342634221895 0.375586267811399 0.344654150798688 0.334180631841757 0.394727835244094 0.441229555754531 0.468218862888567 0.479460075289234 0.485739300365177 0.488264500003387 0.489703511855346 0.487982108436151 0.484924179070788 0.48272869384369 0.481113303231099
-9999 -9999 -9999 -9999 -9999 -9999 -9999 -9999 -9999 -9999 -9999 -9999 -9999 -9999 -9999 -9999 -9999 -9999 -9999 0.403046037439672 0.388856624567572 0.376875084141028 0.292054077098905 0.165994377491204 0.0766679424694805 0 0 0.160555286980771 0.203323240449967 0.181843683294162 0.271456287472082 0.336622081272167 0.310891199009518 0.222310009552109 0.254246546853936 0.370645203713389 0.413956193766071 0.409656783143406 0.399635040605081 0.408205682258979 0.437464879633294 0.453790903306478 0.407692921865627 0.349760467565915 0.310100900391134 0.324378425451508 0.416528811246298 0.449461512198216 0.462683049844469 0.471715113705146 0.478549257317819 0.481974323111504 0.484251192873092 0.48402698547759 0.481606886093741 0.47973977663637 0.478981379164481
-9999 -9999 -9999 -9999 -9999 -9999 -9999 -9999 -9999 -9999 -9999 -9999 -9999 -9999 -9999 -9999 -9999 -9999 -9999 0.434243179313974 0.402676883559071 0.350241699178165 0.235749491974132 0.0784490167410811 0 0 0.0018743402075406 0.170003307174614 0.195514757389687 0.188910001001003 0.294028401205277 0.351837306207288 0.29888343222692 0.251199230518086 0.342376905817845 0.397299434220733 0.413381162336751 0.415300238238053 0.409222059550194 0.411820691500541 0.433281144706409 0.450174462286957 0.423906705721171 0.364446360022093 0.294792618133961 0.305866789893175 0.401132806468189 0.444252213476809 0.458947270750024 0.466526853971216 0.473841293017651 0.477911130970706 0.480644526273738 0.481254908815925 0.479860793801502 0.478194949465689 0.477690424805798
-9999 -9999 -9999 -9999 -9999 -9999 -9999 -9999 -9999 -9999 -9999 -9999 -9999 -9999 -9999 -9999 -9999 -9999 -9999 -9999 0.433609912565891 0.386988077767692 0.291378684087435 0.125096348312931 0.0121069127693129 0 0.0294457998198738 0.144329475950097 0.140232235691134 0.13475479421886 0.268771559948279 0.337507642532403 0.350796824729005 0.344905297255478 0.375272728909846 0.388629062838249 0.398884437167303 0.412681013813359 0.414838287821915 0.408663624925265 0.421212691183089 0.438751522942114 0.433040332742002 0.39717384872267 0.30869064926031 0.30770640038815 0.407653488147089 0.442635782718506 0.454291892069275 0.4621394629262 0.468771100432437 0.472928179657843 0.476048764912017 0.477786910752169 0.477032744025256 0.475713811520949 0.476162447401784
-9999 -9999 -9999 -9999 -9999 -9999 -9999 -9999 -9999 -9999 -9999 -9999 -9999 -9999 -9999 -9999 -9999 -9999 -9999 -9999 0.39925461919127 0.401646454510347 0.335567019646346 0.199024777064555 0.0396598511964676 0 0.0319875557715256 0.139756004628204 0.115195116554359 0.127294746653005 0.230794210334049 0.314562083437654 0.368153022508023 0.370624940906081 0.374644491418635 0.378737381878858 0.381253512203593 0.39761136104428 0.407618561450545 0.408378007091745 0.416061764740635 0.423240687579939 0.421674276478621 0.391430845209782 0.343122168800916 0.357400299295054 0.410992014938947 0.433924316549485 0.44919808797709 0.457279123103851 0.464181991408039 0.468523990733792 0.472072842623057 0.474467868506976 0.473750927609567 0.472245924593357 0.473695984837211
-9999 -9999 -9999 -9999 -9999 -9999 -9999 -9999 -9999 -9999 -9999 -9999 -9999 -9999 -9999 -9999 -9999 -9999 -9999 -9999 0.385938202613023 0.371232381293877 0.299823712627485 0.176239205296561 0.0708794449509055 0 0 0.0674067272637489 0.0457227625254907 0.160456612709941 0.259549928393167 0.32135789538007 0.364113640398824 0.369138479731579 0.374626119976093 0.376964699341947 0.373106919976821 0.382149602821266 0.397176861667661 0.396665131786084 0.395346664463651 0.399694012789774 0.391855994883237 0.368154397137586 0.338413236769269 0.350997631578525 0.405943790697181 0.430834251932957 0.446213398199016 0.454003125256811 0.461200859949289 0.465880935552626 0.469422121655868 0.471760436309228 0.472273049930156 0.470905827136358 0.47030460109693
-9999 -9999 -9999 -9999 -9999 -9999 -9999 -9999 -9999 -9999 -9999 -9999 -9999 -9999 -9999 -9999 -9999 -9999 -9999 -9999 -9999 0.38776551424019 0.320976482088816 0.190609428324147 0.0585899084711542 0 0 0 0.0131090024439012 0.156501298876137 0.270291621670017 0.329767309425022 0.355235961872062 0.36002229866557 0.367146153804225 0.374180831221136 0.367277741608324 0.366437222909229 0.381164195864735 0.380053862311426 0.363000793895301 0.348186831278994 0.35733264053021 0.36801870279164 0.333864410975112 0.333511933350362 0.393847886617252 0.421180302942873 0.4430187964083 0.451905312153286 0.458331053806057 0.462486260051814 0.465927834496258 0.467736355949077 0.468350022386562 0.467319904005584 0.465931525983159
-9999 -9999 -9999 -9999 -9999 -9999 -9999 -9999 -9999 -9999 -9999 -9999 -9999 -9999 -9999 -9999 -9999 -9999 -9999 -9999 -9999 0.417463127872292 0.373986936117622 0.251114227964574 0.138402074713492 0.00752629532764846 0 0 0 0.155766079682666 0.26685336653986 0.319537109268466 0.346193690051167 0.350919189430679 0.359370213776503 0.369416761222532 0.358625693603868 0.35025394943232 0.36639187364588 0.362984512691737 0.3258212610834 0.307698266482464 0.340906257771097 0.359572722348536 0.340736089937735 0.343959904717803 0.389381277613894 0.419646274009937 0.43938653693726 0.449623724250534 0.456224567468918 0.459573911104249 0.462509432663423 0.464292845060878 0.464545807781331 0.463779990289948 0.462116306551781
-9999 -9999 -9999 -9999 -9999 -9999 -9999 -9999 -9999 -9999 -9999 -9999 -9999 -9999 -9999 -9999 -9999 -9999 -9999 -9999 -9999 0.432850630297656 0.344681761143927 0.268758810584926 0.177741270866896 0 0 0 0.0219751816718346 0.157642529832954 0.278134857386529 0.322562528859983 0.338601940263705 0.344278816244349 0.353200876263591 0.364692608255275 0.367209759502943 0.359795623240415 0.357635910433359 0.338117027312421 0.28577208470945 0.289174617533665 0.337126697527415 0.344705109680588 0.347072424502935 0.367839020906867 0.396219439376036 0.420784377466471 0.43835376727612 0.447929487488326 0.454797431477968 0.458181904659926 0.460733243249969 0.462164999361714 0.462728766701463 0.462042713844535 0.460003757670268
-9999 -9999 -9999 -9999 -9999 -9999 -9999 -9999 -9999 -9999 -9999 -9999 -9999 -9999 -9999 -9999 -9999 -9999 -9999 -9999 0.43531651207475 0.429549377851376 0.370469619871099 0.305567800945767 0.257357226811886 0.0937206008764612 0 0 0 0.153755844258339 0.273173401045985 0.308547709581198 0.327439365463272 0.334754431652164 0.344601598403736 0.357746176573427 0.363790684307027 0.356917608014681 0.354205573221545 0.332089836346467 0.29862952253264 0.314768030422736 0.325165551474341 0.321620417495306 0.346945449861602 0.378613769806647 0.400717864969436 0.420615394186692 0.434909600198165 0.44447295847009 0.451919924074069 0.455502679385925 0.457241283018813 0.457785814950759 0.45759766429777 0.457923919897883 0.457221452513168
-9999 -9999 -9999 -9999 -9999 -9999 -9999 -9999 -9999 -9999 -9999 -9999 -9999 -9999 -9999 -9999 -9999 -9999 -9999 -9999 0.408450975556419 0.408413055864098 0.364824032345811 0.320457708978067 0.225939865996765 0.00087899966751008 0 0 0 0.169090717083626 0.270215671853705 0.29308162451317 0.318490021524365 0.329724633425834 0.339069026832798 0.350958986381606 0.356121836105452 0.352076333653964 0.356097715624316 0.350459096337831 0.33161142864796 0.337034979502241 0.341640706126109 0.345351875489122 0.365838897283347 0.384924855993115 0.40465228944867 0.422178470452889 0.433270962814936 0.441560012411104 0.448348497301784 0.452011449732323 0.453191764775268 0.453038875788434 0.452996048628242 0.452820981064253 0.452388779333051
-9999 -9999 -9999 -9999 -9999 -9999 -9999 -9999 -9999 -9999 -9999 -9999 -9999 -9999 -9999 -9999 -9999 -9999 -9999 -9999 0.399737861332409 0.387915171237681 0.353406140480762 0.330552041452702 0.265591334565081 0.064502944367909 0 0 0 0.197869640551917 0.269826803021337 0.287008410812577 0.307865560492477 0.325979100474328 0.335778130388662 0.347201213614343 0.35303030677753 0.351664340138753 0.357398607608935 0.353631794666137 0.336246689657491 0.341976817276346 0.352218753296155 0.356279532408519 0.371498906198399 0.390045186773581 0.407024627263518 0.421608202700584 0.431400047528968 0.439467361028327 0.445535448345234 0.448464584055138 0.449352906561393 0.449724422349444 0.449858738095283 0.449799122199306 0.449674122499271
-9999 -9999 -9999 -9999 -9999 -9999 -9999 -9999 -9999 -9999 -9999 -9999 -9999 -9999 -9999 -9999 -9999 -9999 -9999 -9999 0.414516275649949 0.40097868465468 0.375821789137316 0.356527463341273 0.331585502462582 0.214824864662109 0 0 0 0.190957437531238 0.264174288408258 0.258433744694372 0.279361910844011 0.314856273533606 0.330213001032065 0.342320420122969 0.35079206850576 0.356844765499025 0.36333045226617 0.356895380097867 0.343843131691778 0.351351058124991 0.366919894936278 0.377927164695863 0.388980591556413 0.399981754788852 0.411900424754404 0.422420030097071 0.429671095341247 0.436875202454252 0.441284136935451 0.442830751871324 0.443571608913433 0.444435997027924 0.445039541194921 0.445510510821036 0.446013912793007
-9999 -9999 -9999 -9999 -9999 -9999 -9999 -9999 -9999 -9999 -9999 -9999 -9999 -9999 -9999 -9999 -9999 -9999 -9999 -9999 0.429494244698541 0.415887731372299 0.388186380030774 0.354033346395853 0.320942421023211 0.201544870904033 0 0 0.0334572165592483 0.159587835897691 0.243349190400198 0.238672052503775 0.269938148393278 0.306786817349825 0.323484707719926 0.337608937934478 0.346405479660118 0.352863456671597 0.356547966474327 0.349015435587887 0.342095670866388 0.351985502272199 0.366118536517852 0.378230817683118 0.390768969910781 0.40088969840573 0.410644131243212 0.420391585547795 0.426688979234565 0.431583465016413 0.435285782935765 0.436929706401087 0.438392473978228 0.439747931221334 0.440488168108967 0.441415364576753 0.441990426793991
-9999 -9999 -9999 -9999 -9999 -9999 -9999 -9999 -9999 -9999 -9999 -9999 -9999 -9999 -9999 -9999 -9999 -9999 -9999 0.42607970334683 0.423737408745681 0.399727630372382 0.341460243440906 0.286179131085558 0.247849409994483 0.119305908775687 0 0 0 0.120808475856411 0.215541706019666 0.221902390383341 0.260434913771546 0.301696273032686 0.319441467492171 0.334112846640922 0.343204981324494 0.349875495811158 0.347643983366754 0.338317589154894 0.342444846103572 0.355747368808093 0.367124606132909 0.378484921277346 0.390211606281778 0.399832452225309 0.408305356908396 0.417209881283436 0.423660128717984 0.42761164109444 0.43074511479642 0.432846836848725 0.434669669472604 0.436510516823552 0.43751141070239 0.438453292117398 0.439588345318704
-9999 -9999 -9999 -9999 -9999 -9999 -9999 -9999 -9999 -9999 -9999 -9999 -9999 -9999 -9999 -9999 -9999 -9999 -9999 0.397889482653195 0.398787556848165 0.393090786491045 0.356771807041737 0.325166851057306 0.309716308353228 0.158662139445301 0 0 0 0.0842902343976492 0.16552138380347 0.201653063422935 0.260635823094927 0.296903138479971 0.314366289774738 0.32881240035098 0.337686135679068 0.344935203991657 0.341236034538941 0.33074355400485 0.339794870612319 0.356833200768382 0.366566675063982 0.376629434411514 0.387460967665407 0.396166359599581 0.403875735076137 0.412157836037172 0.417915600546031 0.421449709291527 0.424545158555478 0.426716229538185 0.42893600720298 0.431215258335062 0.432178713273863 0.433280339105983 0.435034612538246
-9999 -9999 -9999 -9999 -9999 -9999 -9999 -9999 -9999 -9999 -9999 -9999 -9999 -9999 -9999 -9999 -9999 -9999 -9999 0.384785370956668 0.393677061749448 0.400530045353582 0.385322085406217 0.354576790682748 0.251442267509533 0.0959655039023036 0 0 0.033764043465684 0.0854471578062752 0.159951794098021 0.190676887540505 0.257333324444301 0.296927953996074 0.310971874772025 0.323044128595835 0.332292391355405 0.339600584045089 0.339857832830636 0.334308984827157 0.340835828232543 0.35475608219217 0.364396814203796 0.373453814764614 0.383806202111074 0.391966575205179 0.399248443662221 0.407465877119904 0.41252565426813 0.415762348087929 0.418829344950607 0.420812914294525 0.423049747610045 0.425598207973818 0.427114609539351 0.428369378822636 0.43028885027752
-9999 -9999 -9999 -9999 -9999 -9999 -9999 -9999 -9999 -9999 -9999 -9999 -9999 -9999 -9999 -9999 -9999 -9999 -9999 0.397011817124522 0.393633851679785 0.394839710349731 0.372957307201906 0.330217049412191 0.216273689860319 0.0549395914556338 0 0 0.0394152167570251 0.117429165908691 0.16822321452786 0.190339167466569 0.248887038388223 0.292846257119106 0.307648582885432 0.319706629106003 0.328752982111043 0.33583090346014 0.340756878839901 0.340474621093406 0.342697893071662 0.352027760423128 0.361062031890656 0.369505744351049 0.379306033526243 0.387420257908418 0.394755019915395 0.402732064753165 0.40774755740709 0.410945912810151 0.414206793694467 0.416290461392697 0.418354961711367 0.420853595806322 0.422373324053906 0.423692912234715 0.426081485558933
-9999 -9999 -9999 -9999 -9999 -9999 -9999 -9999 -9999 -9999 -9999 -9999 -9999 -9999 -9999 -9999 -9999 -9999 -9999 0.418699378647838 0.40715813697286 0.377309941348189 0.362334794579866 0.328771978689874 0.229577608043771 0.0946362224120962 0 0 0.0709480691230695 0.149687364006959 0.17685854768684 0.185668537746391 0.225887926688791 0.280304259882451 0.304199891412677 0.317254240292942 0.324843204387453 0.331248795313427 0.338483781489105 0.342772658586477 0.344522681280587 0.350046560081217 0.356727254694801 0.363807594965329 0.371834953579382 0.378055798279788 0.386294456946841 0.395020321844898 0.400026124978641 0.403816021739373 0.407416221077583 0.409724360463986 0.411868312337486 0.414258216047221 0.415926422335821 0.417603898480246 0.420049535345981
-9999 -9999 -9999 -9999 -9999 -9999 -9999 -9999 -9999 -9999 -9999 -9999 -9999 -9999 -9999 -9999 -9999 -9999 -9999 0.408979516510599 0.403037862236392 0.385451629783299 0.357897507645215 0.299920051054096 0.215408305871584 0.106095906596843 0 0 0.11049546572738 0.172499646516721 0.181975458122142 0.182779253467773 0.203958132608549 0.256953265373513 0.299288465509018 0.315076101535563 0.321952071091619 0.327531172837321 0.334194349347936 0.339058555827884 0.341356314740336 0.345722020732295 0.351176290605202 0.357011615515545 0.363609490553195 0.369567458693473 0.378356489601263 0.386773024783885 0.391655440199489 0.395766551496082 0.39979935965548 0.402358179498786 0.404856812032461 0.407790062617661 0.410035708662325 0.41183460205932 0.413996237909628
