layers/veg/veg1200.asc
NCOLS 255 
NROWS 330 
XLLCORNER -2985163.8955 
YLLCORNER -3022031.214 
CELLSIZE 25000 
NODATA_value -9999 
[rows 75 to 99 of 330, columns 168 to 223 of 255]
0.77582498603981 0.767830706157447 0.75925527922948 0.748076641583478 0.740474676507226 0.732154839655207 0.721723731618881 0.712849930050263 0.703556441385401 0.693830122580081 0.687139002833529 0.682314501851396 0.678165596884525 0.673740307513896 0.668664044539251 0.663988635015657 0.660081495734429 0.657583103907774 0.653020490513252 0.647835120095987 0.646120016994411 0.645299524907541 -9999 -9999 -9999 -9999 -9999 -9999 -9999 -9999 -9999 -9999 -9999 -9999 -9999 -9999 -9999 -9999 -9999 -9999 -9999 -9999 -9999 -9999 -9999 -9999 -9999 -9999 -9999 -9999 -9999 -9999 -9999 -9999 -9999 -9999
0.774426799869231 0.766027116819285 0.757684768896833 0.747418138400516 0.739293491562525 0.731186516118936 0.723090343797018 0.714925506689235 0.702329560742717 0.691669208597809 0.68733866422525 0.683073342431994 0.676593938010869 0.670308651286805 0.667598282283314 0.665638287613626 0.662767355623835 0.657653229434549 0.652639904863345 0.649927468937312 0.646454775040017 0.64177438261427 -9999 -9999 -9999 -9999 0.630419229996409 -9999 -9999 -9999 -9999 -9999 -9999 -9999 -9999 -9999 -9999 -9999 -9999 -9999 -9999 -9999 -9999 -9999 -9999 -9999 -9999 -9999 -9999 -9999 -9999 -9999 -9999 -9999 -9999 -9999
0.773816504038132 0.764758592907607 0.755543592183169 0.74603902244216 0.737396805846948 0.7289171925971 0.71829562925189 0.708635993319981 0.69935629798553 0.688070036383501 0.684750004582241 0.683133513855181 0.673758330524658 0.666284427378642 0.663569062605756 0.662987527356277 0.660686174200255 0.656393707269678 0.651547025089286 0.649494428545485 0.647465586765203 0.642671714717605 0.638710156281651 0.63315421377743 0.631391095775792 0.629176435735789 0.630032161513582 0.626323893317706 0.624007895139532 -9999 -9999 -9999 -9999 -9999 -9999 -9999 -9999 -9999 -9999 -9999 -9999 -9999 -9999 -9999 -9999 -9999 -9999 -9999 -9999 -9999 -9999 -9999 -9999 -9999 -9999 -9999
0.772689729042545 0.763622988594516 0.754647186995145 0.744035028011292 0.736229169322604 0.727322302315543 0.7150715521396 0.70584019767355 0.695431627727333 0.68530910920781 0.683465436435827 0.681247490793081 0.672259898351674 0.666246111930296 0.664301135732028 0.662612150164477 0.658774076704697 0.654169776471483 0.651088564569247 0.648981132660127 0.645783738217277 0.640907836376389 0.635898934021845 0.631999094835922 0.62849005327944 0.627276660528856 0.625871731934575 0.623868086895191 0.623942754211654 0.624499963793083 0.623064057076113 -9999 -9999 -9999 -9999 -9999 -9999 -9999 -9999 -9999 -9999 -9999 -9999 -9999 -9999 -9999 -9999 -9999 -9999 -9999 -9999 -9999 -9999 -9999 -9999 -9999
0.771051355826004 0.762022296743828 0.753318452998222 0.743799382845525 0.73686039732595 0.727299955256684 0.71505068382338 0.705176801890332 0.69681159883982 0.687593066574498 0.682119941026251 0.679932352597144 0.672187454298933 0.667628553897658 0.664928855607924 0.661216909466902 0.656499472494466 0.653267460682918 0.650170474497455 0.647996076612458 0.645276736295657 0.640204367759513 0.63563667175923 0.630542414630124 0.625542901448756 0.623903821140841 0.622081651412673 0.621517367044617 0.622515559005228 0.622903107476795 0.622329993136249 0.61908266281171 0.616245098578465 0.615807049341828 0.615464823201745 0.615785820065636 0.614932419714128 0.614664130911761 0.614327894529306 0.614053288517129 -9999 -9999 -9999 -9999 -9999 -9999 -9999 -9999 -9999 -9999 -9999 -9999 -9999 -9999 -9999 -9999
0.769088279288456 0.759934413390503 0.74874900562489 0.736728223600296 0.728653091507447 0.721106688942357 0.7102364364964 0.702357984637721 0.698305981583842 0.691092148758214 0.681215815851544 0.674935224102633 0.671028866893094 0.666967163838689 0.66426352343737 0.660842683670676 0.65817291402114 0.654979982284349 0.650559553289037 0.646553910108958 0.642374986260146 0.636760926358958 0.632650116081194 0.62784066573272 0.621550390777577 0.618778872389279 0.617568578276322 0.616379493789921 0.61428589015529 0.613431127738972 0.614551034463932 0.616010199745703 0.615938829992644 0.61536315925103 0.61516642316203 0.615431075532273 0.614580227671617 0.614287505112524 0.613956539806734 0.613784518219585 0.61330456945537 -9999 -9999 -9999 -9999 -9999 -9999 -9999 -9999 -9999 -9999 -9999 -9999 -9999 -9999 -9999
0.767100595215445 0.758661500973246 0.748962026393986 0.7379461244577 0.729439500020389 0.720089400980789 0.709255797360943 0.703578998109474 0.697883205973677 0.685711175140697 0.673786143887497 0.670911792422329 0.670662282843443 0.667593801128987 0.664494692604042 0.660954948702415 0.656772496600855 0.652607096602776 0.648466326837666 0.644607508716621 0.639245928288172 0.632267872477865 0.62849357878575 0.626368761095754 0.621707023443229 0.617617700603647 0.61439931238262 0.6112873735382 0.609527202669079 0.609370680380634 0.609600973284273 0.612360483640652 0.612504547433816 0.609810790140145 0.610972046003029 0.611217800316191 0.610530645617596 0.610246720816532 0.609982900387081 0.610830126247687 0.611901760276975 0.611335206042551 0.610956116798486 -9999 -9999 -9999 -9999 -9999 -9999 -9999 -9999 -9999 -9999 -9999 -9999 -9999
0.767845176139213 0.757580240991282 0.744898968457156 0.730749091354378 0.72347843837367 0.718931114061578 0.706735629779352 0.696521514044316 0.690225979104629 0.679432905132601 0.663241158825926 0.660457483892766 0.664729941588182 0.664270044307833 0.661301552070149 0.65904324641483 0.65498658315199 0.65053106588862 0.64699207274973 0.642477017260753 0.636906082574604 0.630811922167513 0.626217614470983 0.624300128131126 0.619578080156067 0.614489184555283 0.612663739965431 0.610172340605921 0.61037380270854 0.611950931442239 0.612445643009288 0.612574620895316 0.608139155113721 0.597985730328226 0.596177947170452 0.600490597905662 0.603662002456563 0.606130442333293 0.605882040200926 0.60686414352556 0.606765559901062 0.608324981006579 0.610664210503217 0.610876659201904 -9999 -9999 -9999 -9999 -9999 -9999 -9999 -9999 -9999 -9999 -9999 -9999
0.76526980431488 0.754216184220875 0.743911221503618 0.726408525310317 0.716616760956973 0.712379827077187 0.701135171709818 0.697147043206836 0.688185733084648 0.67291290457683 0.663798835224801 0.661046976325952 0.662092971767294 0.657949576266288 0.656615588338221 0.655068411746851 0.651572323842674 0.648960292700538 0.645076524588162 0.64066667322332 0.635396166120413 0.63040014709347 0.625052114254246 0.620530601605315 0.618989249584056 0.614819736573059 0.610142903489683 0.608636558004166 0.611380984586072 0.610864593233836 0.607756948250087 0.609472072016225 0.60491165547125 0.595281851936706 0.572557113919164 0.562772393132397 0.58904909423582 0.596028140902539 0.594052893265569 0.596694431774292 0.600905858291875 0.605001645011743 0.606139771778699 0.606568064184964 0.607703552263363 -9999 -9999 -9999 -9999 -9999 -9999 -9999 -9999 -9999 -9999 -9999
0.760096485904067 0.747995301531959 0.739704566695287 0.725276468734804 0.709487522118963 0.701952250020741 0.69672002742547 0.689303734363452 0.679454673245908 0.672332361509524 0.66702060097444 0.659975813570867 0.651383387901437 0.648939885516151 0.649912328208802 0.648412751728764 0.647560038161421 0.645016667825618 0.641525594846956 0.637425840155506 0.631935259234439 0.62560974434205 0.620297239203722 0.616426369957822 0.612958684292362 0.609927147873383 0.607954080333241 0.606747406472861 0.606185139634924 0.604083941651345 0.603008604118551 0.605300019624571 0.601915009751538 0.593836452248162 0.579701418873899 0.550323264018879 0.560464755663433 0.585653757945857 0.580909154747326 0.592399350785562 0.598221862366453 0.593619497324081 0.588973839556396 0.595782598400528 0.607620175920802 0.608545699317558 -9999 -9999 -9999 -9999 -9999 -9999 -9999 -9999 -9999 -9999
0.75532089797125 0.741550516922527 0.734830437801262 0.723327652176444 0.709376413146255 0.696338371435981 0.688357888269878 0.683722382794173 0.677243417678986 0.669344816229405 0.659295660332811 0.648807111565593 0.637342856766095 0.63428936728378 0.637099556722491 0.639033034813562 0.64126584960597 0.640342432431803 0.636740436371564 0.632408962215764 0.627122579304074 0.621176662600836 0.617932143090108 0.614943943157589 0.607955639109616 0.605207739282885 0.605702066648046 0.604599745882399 0.602297197932316 0.600580522503821 0.597106214128894 0.596296061315696 0.598315518483661 0.593844693747515 0.585436333474657 0.549931504903398 0.544798480138512 0.585947222928609 0.593552086263559 0.594198282942641 0.591481251533929 0.58560850534594 0.580146957556232 0.591863772315186 0.606235769496289 0.606528126711247 0.608855651212548 -9999 -9999 -9999 -9999 -9999 -9999 -9999 -9999 -9999
0.758471975455858 0.745621537279493 0.729890656648226 0.715815191104662 0.707521518720061 0.694887036101971 0.68658696751995 0.680013910374913 0.670725275412146 0.662118757834295 0.655103974742247 0.649286215798351 0.637099292163479 0.636373654563355 0.633006645182483 0.629405167036057 0.633082062252793 0.634176404195232 0.631110497460053 0.627084012166331 0.622537299271496 0.614596841109267 0.612850158391939 0.611949333095826 0.605755859389982 0.601863770726832 0.602178070997261 0.603029820491487 0.599445765843431 0.597028010585207 0.594575225297588 0.591390420804075 0.588914533875036 0.586982091815909 0.583017680999729 0.54434405098923 0.535765054898411 0.579909697190337 0.589331030825059 0.587488860164603 0.581152689360897 0.579086721083364 0.584262338670738 0.594351091405486 0.598853943098329 0.600380342879976 0.6065070448612 0.608654143750042 -9999 -9999 -9999 -9999 -9999 -9999 -9999 -9999
0.761560960660705 0.752160685087833 0.742586548013817 0.72769453439887 0.712422795759024 0.6971725218768 0.680661277654377 0.669112861031725 0.663912793362536 0.659914372036053 0.653007820143943 0.6437594440438 0.634623766281121 0.633476722786697 0.62775050256751 0.623558225427077 0.619195089395317 0.616879027760287 0.620478418227932 0.620657923638625 0.61329278198739 0.607717754833186 0.607137107993078 0.60684244454991 0.603052843285306 0.598331961038372 0.59653614478023 0.59771009183708 0.595371488418199 0.592973306020165 0.590277568980746 0.584884144409776 0.566124940488947 0.548751388999612 0.546746839517807 0.5299618827619 0.537153462518746 0.572623373244576 0.581455298593835 0.578129933712349 0.574048140689718 0.566656902398243 0.573651877186443 0.588893862929669 0.579135539356507 0.574466969693797 0.594950331131834 0.606035636624463 0.60688522795138 -9999 -9999 -9999 -9999 -9999 -9999 -9999
0.760008545614518 0.75119660099027 0.741888409438662 0.729450141128325 0.720649209032297 0.710810218138837 0.694273271738717 0.67307664405294 0.659967070899944 0.654689593339969 0.642626907249838 0.636704368329525 0.634046520845789 0.628650500922984 0.626108128718249 0.619781040668719 0.612083356408755 0.612882530435972 0.617134142427398 0.614208618588603 0.605168462578808 0.601577353560209 0.599528787245015 0.598829095210747 0.597984631538884 0.596196357859888 0.594044563165214 0.591993762426758 0.586879360958436 0.584976671077087 0.583937733252417 0.575180157581365 0.563025951896976 0.558908520457354 0.561038869375535 0.540464939156833 0.542336114447567 0.570240417891521 0.565494578848259 0.559657214132437 0.559383151894516 0.53473306968833 0.537183964347203 0.569796778110712 0.565580773329772 0.576155639975857 0.598073919387182 0.603994179356155 0.605704250232753 0.606834917521262 -9999 -9999 -9999 -9999 -9999 -9999
0.755249926092358 0.744439899064331 0.736444488406675 0.725766682217769 0.714123294896129 0.704692962776885 0.695273876706639 0.683894090275304 0.668197519547648 0.652372233770013 0.641808127113699 0.639364416076884 0.639956216812604 0.63507406964222 0.623591731007689 0.612618061183739 0.611368103978277 0.612854205086396 0.611145978107503 0.609367448430282 0.602466795994334 0.596574122711891 0.595751914855844 0.595888769715298 0.59258221251748 0.586592586108008 0.588199492363836 0.589183288939528 0.581862167938522 0.579941664038356 0.581080915620346 0.575770324648149 0.567488918253696 0.560332582364283 0.557364864168772 0.549386354170347 0.546058045842596 0.560685891336199 0.558321899284725 0.535193288009031 0.523312475904446 0.542937632363103 0.558576610143301 0.571803779366073 0.584094346900589 0.590278622238137 0.59714979692266 0.601648066863316 0.603907376376212 0.607475350036654 0.607542224347954 -9999 -9999 -9999 -9999 -9999
0.749793386182538 0.73754627741229 0.72986202611864 0.720140460022675 0.705016147168142 0.694455884239401 0.68890461993074 0.679372715311199 0.663275341530712 0.650588454338503 0.64579340794364 0.640923768633774 0.635278608590962 0.627179810421207 0.619451691571106 0.614631775123276 0.612275399184552 0.609509059513341 0.602982020497746 0.597021928252184 0.59260560735441 0.590416054278555 0.588943041507985 0.586217814581079 0.581002766404131 0.578312310911198 0.582364765761054 0.584723372352203 0.581662739901764 0.577386812750688 0.575014849912107 0.573381977434032 0.567310380870149 0.5602369260354 0.552598368361458 0.542477940507041 0.547207840265695 0.556497236860361 0.547874341680785 0.534864922188826 0.538288859355976 0.553774827257151 0.560506716077895 0.56947719834556 0.58085431264078 0.586963345849137 0.59321415072264 0.597998790621091 0.601281699000443 0.606432917465618 0.607331310299818 0.606470109437799 -9999 -9999 -9999 -9999
0.744462568332443 0.730420926286887 0.721975800086021 0.713069137522753 0.696631823267038 0.689498238549114 0.684981914278379 0.675651287022848 0.660014035340242 0.644715152416167 0.636285411279925 0.630029487795678 0.625054523752853 0.619005678217336 0.612553359450749 0.607123853102724 0.602650339953118 0.597733837689746 0.59245647334899 0.583715418045666 0.57991028311855 0.582427946987481 0.58240305302443 0.579704817786284 0.575152205046574 0.575881793375953 0.578185385228747 0.57421792178965 0.575382049234233 0.575517656353478 0.573700418840125 0.570021910658994 0.557465298248733 0.547140459133357 0.53154104600095 0.526383077540007 0.545676575845138 0.552827417229472 0.542313042069526 0.537313058258444 0.548703305014409 0.559673964516227 0.56172393399297 0.566162720444373 0.578743945537756 0.584151235082144 0.589951213200315 0.596496286588856 0.599915967221474 0.604400602093754 0.60454094337941 0.60511350657247 0.607939368237471 -9999 -9999 -9999
0.739573541582358 0.715270001490703 0.702912997288736 0.706472822343412 0.689381503962037 0.682689381243788 0.679978804290988 0.671036086729141 0.657554861721298 0.641909757137954 0.628793628395435 0.622424554367117 0.614635631980078 0.602075745728551 0.599056082081473 0.597434129399273 0.591750583008343 0.587231920648684 0.58099759244887 0.570191067543668 0.565607710983103 0.571280338108758 0.57318381081793 0.573108271188812 0.571635764572409 0.573091515979683 0.570756576840004 0.561374177996058 0.56439339088995 0.573652581871925 0.571503791168889 0.56506054030808 0.552321341708009 0.542141655683425 0.530934570169768 0.525889346431682 0.542168194056143 0.54997996055101 0.54693590861594 0.531877593509949 0.52082177651562 0.541551421187468 0.565169509560904 0.574845250925741 0.581834778643449 0.589521003973914 0.595392921709358 0.597199665537243 0.598009881775518 0.597222929228861 0.59759184605629 0.602965805880484 0.600920136521592 0.601149729248923 0.610804671089274 0.611245925624157
0.733678226276226 0.721556387037603 0.71006322439347 0.697137005175368 0.677704609408966 0.6724748912935 0.670062687757662 0.660459433031213 0.645550141902039 0.630644541456154 0.623440013414507 0.616368193606454 0.600702909965251 0.588956757809886 0.586883944621312 0.582585142154753 0.574532443575288 0.5712743499659 0.568319332575452 0.568597658455371 0.57075008181116 0.56231642610004 0.56179899720109 0.56077912949518 0.56312067758887 0.56795100260923 0.561861783753487 0.55454051379611 0.557526757972315 0.561504429960456 0.562170144220158 0.55606456313605 0.545150566614357 0.531713241787048 0.513365145483796 0.508675420187948 0.52811606395221 0.539382559933728 0.532064405182344 0.530571899280241 0.540677522950425 0.554023483637163 0.568222371964276 0.574816323978561 0.579314393666182 0.583960885606972 0.590475014516236 0.594304589991844 0.592439550368885 0.593302113887069 0.598130576651114 0.599233576346484 0.595393355053534 0.601518750839258 0.610228967217282 0.610512769001082
0.727553344163313 0.716461369951223 0.703359404221522 0.686963588870929 0.668303173345651 0.662995561633184 0.661339494845219 0.653179340411322 0.637854329556886 0.617540633173812 0.610539724717473 0.601115995311907 0.579842791494476 0.569678641141923 0.570092471467985 0.562272935030616 0.555155935129488 0.552462647086306 0.554480120111015 0.559122871214704 0.554019012478164 0.545072260464919 0.54403951369428 0.542168491652568 0.553044551430108 0.557943472140876 0.556681784581045 0.549839227105299 0.544264208882917 0.553081875892794 0.553197201669997 0.53963399923369 0.528625876797377 0.521866321670204 0.503235839381255 0.499742569208079 0.516402236074443 0.529397117089176 0.530290558930046 0.530151062469502 0.543551984597543 0.557416466093662 0.563114874383288 0.569202255849664 0.577156158762524 0.579447163533246 0.582098195672172 0.587569497990817 0.587011612722761 0.594878920817838 0.598591058762958 0.597065288890614 0.600766686547366 0.604858846202747 0.604065554975989 0.602574678712745
0.719323527020314 0.710232155938042 0.696602889843188 0.681317279713336 0.664377465102248 0.657479206506561 0.654620634499148 0.643099154088632 0.62789170325966 0.609325956982409 0.60029953646993 0.595699381377864 0.579418184210573 0.564253492858541 0.559483542320562 0.550297453944952 0.546825778419318 0.545493443200464 0.545590233239992 0.551069077759842 0.550766604201104 0.544700105677032 0.541344586786663 0.53933651630109 0.545041889764869 0.548088041352134 0.553337056905385 0.545616276727223 0.536516948440927 0.54542000673276 0.546794487623816 0.535720611778633 0.525201046412064 0.515348026612501 0.499708010144565 0.499086693544807 0.513391252272959 0.528095624779129 0.529557888362744 0.528864810141223 0.532164640531802 0.542577810770494 0.558757461516497 0.568919869960633 0.577474554764266 0.575479848270544 0.576935112384209 0.58384207454612 0.585413766703128 0.593107270573301 0.595876310995467 0.597164436710567 0.601081347151847 0.601256367594717 0.598157391195472 0.593877997589208
0.706241290617151 0.691681461409635 0.680856503178871 0.673344770711696 0.664491025166064 0.658973911728667 0.644743689680952 0.63065028205764 0.619241521952145 0.601583233741992 0.585355480179487 0.576027557154558 0.572798669807223 0.569872548315169 0.565104271542312 0.560120979008273 0.558595576704723 0.558559982184683 0.551335740915803 0.546533267054888 0.546803616221588 0.546683843382033 0.54641281748285 0.545079315155959 0.544627118394062 0.546668006754823 0.547718914333844 0.54628762969121 0.539055032504264 0.530576108028667 0.525301094674094 0.516154017273881 0.514668407761039 0.510593608941366 0.496044439194807 0.495022344153136 0.513038991717332 0.526330287970631 0.530320531406053 0.532243755842233 0.536750069477516 0.548161619905902 0.556911340335451 0.564667671816084 0.571383517213645 0.563181936062253 0.561197710579932 0.572264964510643 0.57120606685557 0.577441611304649 0.585549625292413 0.587976006557086 0.589978778638708 0.590738224894551 0.58298062500839 0.574736900964009
0.692795696127426 0.678787830587848 0.670573108469935 0.667097333292971 0.661341229119812 0.654616524964414 0.642304313515841 0.627772158932898 0.60839807130518 0.58571782310906 0.57579897510043 0.573366216251901 0.569801268934391 0.565816218419993 0.569406116601785 0.566373306630453 0.563544788971605 0.558550731658151 0.550754940484143 0.546763062788917 0.541938651143375 0.538144341883581 0.541261616776668 0.543224934459165 0.542184564051876 0.537112022764848 0.534662253228124 0.539331732892189 0.542100751668214 0.535593938490866 0.518745980516954 0.504475740236283 0.504813041406619 0.505111912670645 0.492111954300795 0.482601376528069 0.495818755423366 0.512315698441294 0.519173974922007 0.533899840007172 0.541998292840535 0.548456972698719 0.558078072710795 0.563496224427351 0.558786025964203 0.542048416520975 0.551097441960406 0.567997538275623 0.561954467308277 0.567173026202586 0.583467445090165 0.584939664110367 0.567662244301479 0.549737656751518 0.54616156742245 0.556909414518762
0.684686738870625 0.67437271470112 0.669634428155038 0.662595129155412 0.657779842900758 0.651552687554296 0.640191892177201 0.627994073551744 0.614257192802799 0.598234475926507 0.585583721210397 0.582503860490761 0.579527686285502 0.573688130489398 0.567234187259578 0.558378677962434 0.550995782709352 0.544919297375611 0.539976810184723 0.530271647467076 0.520810157764861 0.522862209294625 0.531854106939491 0.533496601210939 0.531176351084102 0.53106069951938 0.529813689460915 0.531891742843345 0.531153832352979 0.528494913538155 0.515983903016237 0.50375489142991 0.510949008593146 0.510192066498302 0.499914250709946 0.499911933245025 0.49593228327425 0.496892242152989 0.513999144814068 0.530909528394483 0.536950695347119 0.541556568115151 0.549015101416029 0.55449964722318 0.541983806533234 0.537920693202586 0.550332567353275 0.550834047881237 0.55939818997338 0.573200659617062 0.58288437761191 0.583496359026456 0.574968464151576 0.565067241448574 0.556636997464135 0.556360253957661
0.6710740268216 0.663291645882224 0.662499581057804 0.65776193097713 0.651134356625618 0.639730498990704 0.628364278013796 0.619541755067654 0.608294048250678 0.59081418918185 0.574408755183826 0.570261369914448 0.564639285037243 0.553945904992255 0.547593020996261 0.539916417969763 0.534599101758596 0.528957028258083 0.520546165371329 0.511690550175954 0.507647846187543 0.515638324989112 0.52181339954679 0.516295624439503 0.515168726246597 0.516835204221163 0.519242168188957 0.521276147783323 0.520419871675827 0.522380768276665 0.522475120792251 0.523561140079465 0.521471621066258 0.513031074473302 0.511118229858349 0.507478905555881 0.496450006912621 0.495738598698093 0.505498158420726 0.510432852534562 0.519131377196878 0.526453980506806 0.534662004462677 0.549230854706176 0.550288293010128 0.555657496416237 0.560134844034961 0.559487719312096 0.564591604023029 0.573477465343762 0.576051038527269 0.577121533573803 0.574395737913758 0.560686787167456 0.543999817867009 0.543249029418357
