layers/veg/veg1300.asc
NCOLS 255 
NROWS 330 
XLLCORNER -2985163.8955 
YLLCORNER -3022031.214 
CELLSIZE 25000 
NODATA_value -9999 
[rows 182 to 207 of 330, columns 118 to 176 of 255]
0 0 0 0.00380559564024163 0.0120951918917266 0.0209730674886925 0.0301403707111682 0.0382404450225833 0.0497319258346492 0.0621039983102024 0.0749501201826205 0.0878514806861919 0.103926506962499 0.116877118742726 0.133567597602621 0.156020083412486 0.176770641700873 0.194635112395052 0.219852619852926 0.248055719279051 0.268540582673327 0.306720908017523 0.339120768184904 0.356411034219667 0.377494043948378 0.392410393792265 0.422466276659235 0.436676570942854 0.462384759683303 0.470388756760758 0.46120481820066 0.447000296889557 0.437644974888669 0.427688849411865 0.418734069061189 0.401721546682277 0.391803887442505 0.379020841512898 0.371994850601837 0.36995293824296 0.383502169562774 0.404168241986151 0.426270548491125 0.499604249846838 0.569830368032571 -9999 -9999 -9999 -9999 -9999 -9999 -9999 -9999 -9999 -9999 -9999 -9999 -9999 -9999
0 0 0 0 0.00460436257678028 0.0131700944397242 0.0220989889560653 0.0300332353060197 0.0412778022061054 0.05332904075254 0.0654376189936884 0.0786907659617453 0.0955188230206465 0.110687229253313 0.127846836122499 0.148657878484522 0.168826548038521 0.184561649057873 0.209203501041106 0.242725800290432 0.265827928310118 0.30278621709156 0.33388792496789 0.344985224023311 0.368577137434161 0.39661651766211 0.422503924809 0.440764064849778 0.459925969271138 0.474078650412061 0.465935378727236 0.452284744750927 0.437657561978473 0.42758478921371 0.420512636715958 0.408805139108111 0.39470268583417 0.379084977159634 0.376688590972248 0.372948829543697 0.380963160570687 0.404715840328528 0.443614050511398 0.517877449896159 0.562225687226805 -9999 -9999 -9999 -9999 -9999 -9999 -9999 -9999 -9999 -9999 -9999 -9999 -9999 -9999
0 0 0 0 0 0.00562560309914047 0.0143907680734571 0.021991274145469 0.0329210170434957 0.0445963913808146 0.0576417799264569 0.0711271421227199 0.0859247975153085 0.101212221455302 0.119545095148362 0.139923755423213 0.159657270813264 0.177932292334097 0.207638869261115 0.23558299774171 0.268456656599874 0.298923432058291 0.317625918412716 0.344264613664926 0.376056726586488 0.405860544644921 0.437379642134379 0.460646182833468 0.471965906530786 0.48354835252647 0.473133701973508 0.459708323973546 0.442998745066444 0.42730820770068 0.417286734625133 0.401918640494661 0.387314778052934 0.375326531186512 0.380781613049565 0.377283693294529 0.376041574663504 0.413052330619331 0.472132811173621 0.525441392460624 0.557030227314992 -9999 -9999 -9999 -9999 -9999 -9999 -9999 -9999 -9999 -9999 -9999 -9999 -9999 -9999
0 0 0 0 0 0 0.0069873505000893 0.014361826284674 0.0247241857660151 0.0360920396405839 0.0489417280918672 0.062145451280257 0.075593944269251 0.0899547098900507 0.109683358887547 0.131406376098578 0.148582915608491 0.173088621803942 0.204912762647258 0.236175117391923 0.256556332235451 0.283398587178153 0.307108856520696 0.349112254684015 0.384230929854053 0.410551500595121 0.44598599088418 0.472907816170142 0.488377171572954 0.495681328130073 0.486335874390774 0.472896516785543 0.458525469606159 0.440691533488498 0.428525309948743 0.399587010099536 0.380868545495157 0.376468332742725 0.382334204865828 0.38487726056795 0.379959547047458 0.423801921766751 0.479053694376011 0.526364507562683 -9999 -9999 -9999 -9999 -9999 -9999 -9999 -9999 -9999 -9999 -9999 -9999 -9999 -9999 -9999
0 0 0 0 0 0 0 0.00703438718796222 0.0171864449145122 0.0283336076714608 0.0407664533267186 0.0547078591007668 0.070140514033235 0.083872960324954 0.101956552902031 0.122601091790024 0.143128149106871 0.168865656207521 0.196808832954291 0.22275017630277 0.240799961955227 0.277081889125676 0.30990176138334 0.356211801455757 0.386455044681641 0.414516567301292 0.450505338645154 0.479066970733546 0.502148542435203 0.511803377582529 0.507573092913524 0.494460451213685 0.483864582008312 0.472721471600438 0.452026441068108 0.417574319742795 0.393482025537573 0.370208567665071 0.374782863331457 0.392804342867817 0.402976755725975 0.425913319099419 0.469288850609947 0.507621367256246 -9999 -9999 -9999 -9999 -9999 -9999 -9999 -9999 -9999 -9999 -9999 -9999 -9999 -9999 -9999
0 0 0 0 0 0 0 0.000683401376710179 0.0107913885904933 0.0226195749743403 0.0355605582382448 0.0492196427466034 0.0646677834570893 0.0779889089819826 0.0960271054937545 0.117191388729709 0.139557843226797 0.165193369477636 0.189062942639622 0.209721385932001 0.231466812588682 0.275046567485837 0.317761215709944 0.358541126109949 0.38615117274766 0.414439095027471 0.453961574403922 0.481480623974422 0.506696775040952 0.527061652801317 0.528160826202203 0.522078825816988 0.519814149000263 0.489454466363752 0.457705062191426 0.434972776599859 0.412981478415313 0.37656986826215 0.376015303301934 0.400765283625407 0.397196652647422 0.413167208155025 0.454906006817418 0.501500510752398 0.528691253496222 -9999 -9999 -9999 -9999 -9999 -9999 -9999 -9999 -9999 -9999 -9999 -9999 -9999 -9999
0 0 0 0 0 0 0 0 0.00369317167667596 0.0150641711855571 0.0278037396692984 0.041698303305227 0.0574835985187903 0.0708048281645788 0.0883216285506959 0.109809210685436 0.131847599447433 0.156845154850914 0.180321818316458 0.20466903601272 0.231430179314495 0.275441872408065 0.319814286206402 0.355859413606429 0.383790433956667 0.409866601925396 0.453179689302232 0.479355349563197 0.499473048634655 0.516331016366137 0.534480016988116 0.539581821320125 0.52570539196207 0.498284364691545 0.471300619412947 0.441394444055243 0.419854848213715 0.382613070087599 0.371699798916583 0.392150807471062 0.390323650639276 0.403300248372605 0.444146602856884 0.495684472550579 0.528331165196179 -9999 -9999 -9999 -9999 -9999 -9999 -9999 -9999 -9999 -9999 -9999 -9999 -9999 -9999
0 0 0 0 0 0 0 0 0 0.00715334689936096 0.0193362140687028 0.0333800667723428 0.0493668548685613 0.0625328672443969 0.0797937373343232 0.100533567492101 0.121485613785227 0.146208883064286 0.173764612884441 0.20399660357663 0.235364928987389 0.273760937476539 0.312113007441295 0.349928180718612 0.378166317742436 0.407215053826787 0.441800442201432 0.477211131499083 0.499084172194949 0.512610500117573 0.52713662688489 0.537554693474984 0.53270777817971 0.512325426836061 0.485967846342476 0.453863634002709 0.42379637306936 0.389825429995624 0.37242244990608 0.374463203010877 0.376094242629369 0.389890708336103 0.42935279959311 0.486257824762095 0.505460095330767 -9999 -9999 -9999 -9999 -9999 -9999 -9999 -9999 -9999 -9999 -9999 -9999 -9999 -9999
0 0 0 0 0 0 0 0 0 0 0.0118057743498344 0.0257075422756869 0.04132526324956 0.0540255119783455 0.0718003926965401 0.0916461050218825 0.11302155629386 0.139701221479392 0.172072334508269 0.198983222586766 0.231811658897043 0.262043534222755 0.298259604904913 0.341720712159095 0.370747127723689 0.400496004734918 0.437997913696072 0.477137015249968 0.499123120270285 0.517208500586034 0.540177328285549 0.546524942055156 0.53604397153641 0.517903090299439 0.496592844625284 0.466972979046028 0.428029894497186 0.393837080598151 0.368210454114554 0.347421244937833 0.342816742596498 0.361768923896163 0.392092480182092 0.461089429204092 0.502437732675294 -9999 -9999 -9999 -9999 -9999 -9999 -9999 -9999 -9999 -9999 -9999 -9999 -9999 -9999
0 0 0 0 0 0 0 0 0 0 0.005049527464027 0.0186106619075793 0.0336112983911096 0.0458972830419962 0.0631483751602371 0.0831054642555514 0.106473190698372 0.135399219195761 0.164806088266792 0.194316216497753 0.221258107601109 0.259844883488822 0.296438551439755 0.337776033929764 0.371952867838609 0.40440842454357 0.44004027053899 0.478211826757288 0.504280237311465 0.523840695415344 0.545329281734685 0.549236913423558 0.542041653730457 0.525556253904106 0.504385987877531 0.4761556606974 0.432880791855791 0.393032090414582 0.351359196553759 0.316395748721322 0.30916120280718 0.355084905995874 0.381494251072026 0.469082818922622 0.505026081192875 -9999 -9999 -9999 -9999 -9999 -9999 -9999 -9999 -9999 -9999 -9999 -9999 -9999 -9999
0 0 0 0 0 0 0 0 0 0 0 0.011456154441411 0.0258840595046111 0.0379644056395705 0.0553886889587337 0.075496749234186 0.100445968307918 0.127714671954377 0.156873824594778 0.186546474513484 0.213862545572672 0.252531676712562 0.292478971666254 0.338072862660975 0.372498690900449 0.404381070032707 0.442368908527144 0.481648232027427 0.511342660143926 0.533900441101053 0.547182329856883 0.550307432652867 0.551243459006716 0.539765857266992 0.513541104673578 0.482430161943673 0.439937841550736 0.400039614546098 0.356895018366836 0.299084158335795 0.317922563741344 0.377808165542467 0.410712903975472 0.473916472686644 -9999 -9999 -9999 -9999 -9999 -9999 -9999 -9999 -9999 -9999 -9999 -9999 -9999 -9999 -9999
0 0 0 0 0 0 0 0 0 0 0 0.00394020774230694 0.0186751821479994 0.0306693240197287 0.0481650901806001 0.0694300294402038 0.0918776070391159 0.118908114344526 0.147910697705152 0.17648486614919 0.20627042438168 0.247329860950341 0.287676456552306 0.332264707634008 0.367604403454169 0.403519035204573 0.444992018759002 0.487015264375633 0.519219367879432 0.540511077499191 0.555042466295489 0.559721266398238 0.563814476666238 0.556738699411864 0.529147698699974 0.492485646096063 0.454723544258698 0.413484325094623 0.364089408736382 0.323104589438122 0.334614577914183 0.386720413948675 0.431801939513003 -9999 -9999 -9999 -9999 -9999 -9999 -9999 -9999 -9999 -9999 -9999 -9999 -9999 -9999 -9999 -9999
0 0 0 0 0 0 0 0 0 0 0 0 0.0120022451191602 0.0237432437230998 0.0415042139602924 0.0620912147186118 0.0838384349665663 0.108469331202177 0.136951751871169 0.165250815787913 0.194964291070595 0.238175732787012 0.279034766546301 0.322774850272619 0.360416373390855 0.403333795034005 0.448682282282607 0.489670798112382 0.52043318460515 0.539406222994701 0.565390979433717 0.578970643681258 0.584241814111139 0.572817819899322 0.55065488276845 0.515634284264352 0.463328938512979 0.416567870672658 0.363358299587805 0.370227493184386 0.384339301685781 0.407867049937817 0.439476030582315 -9999 -9999 -9999 -9999 -9999 -9999 -9999 -9999 -9999 -9999 -9999 -9999 -9999 -9999 -9999 -9999
0 0 0 0 0 0 0 0 0 0 0 0 0.00717045905268724 0.0186352682547307 0.0357826255648362 0.0556026632753914 0.0769608606890663 0.100688081023949 0.128849631405667 0.154137765262866 0.183158539293522 0.227847366485247 0.269953280762914 0.315313372288211 0.353356306443157 0.402356241851081 0.453100247154609 0.485361868393916 0.506116511743241 0.538072291125628 0.558550647964367 0.578100232003763 0.595469385590429 0.597961903491504 0.563407426947065 0.522438866348188 0.475316911989462 0.43704684563617 0.387966131014439 0.414493345689546 0.41828030194199 0.421564190385493 0.440167422160664 -9999 -9999 -9999 -9999 -9999 -9999 -9999 -9999 -9999 -9999 -9999 -9999 -9999 -9999 -9999 -9999
0 0 0 0 0 0 0 0 0 0 0 0 0.00230457109361164 0.0140370652478973 0.0307917292693332 0.0501117728141693 0.0710099750218491 0.0951925695185239 0.122488715644849 0.144394440151993 0.176002801937101 0.222593027715578 0.26591638292551 0.312392440466432 0.345324156819288 0.399760771418752 0.454136572453784 0.486043135605529 0.50874483685126 0.554550516057706 0.578019245858306 0.59632164387621 0.603442000991469 0.591316942067652 0.566402044223296 0.527612656127022 0.480151674742572 0.446382196918466 0.414200514412997 0.439082632092524 0.425625797474008 -9999 -9999 -9999 -9999 -9999 -9999 -9999 -9999 -9999 -9999 -9999 -9999 -9999 -9999 -9999 -9999 -9999 -9999
0 0 0 0 0 0 0 0 0 0 0 0 0 0.00848039777042969 0.0255772430473725 0.0441378675706104 0.0652271937502752 0.0887351753438451 0.114812822976898 0.138571676172172 0.17540001443032 0.222903452877223 0.266662482816358 0.311700001755692 0.342265054230381 0.39698557457263 0.458936732812658 0.482481719490783 0.523074967067028 0.560923344614783 0.604210507897895 0.617501914350759 0.622495292798051 0.611602928166112 0.583091719783368 0.547600230205781 0.490016721968289 0.450702355281194 0.436086095072937 0.448151061179168 -9999 -9999 -9999 -9999 -9999 -9999 -9999 -9999 -9999 -9999 -9999 -9999 -9999 -9999 -9999 -9999 -9999 -9999 -9999
0 0 0 0 0 0 0 0 0 0 0 0 0 0.0014926288410171 0.0187518823059897 0.0362850328815384 0.0591783208443306 0.0836968810865733 0.114681871946322 0.144896140513051 0.184153132633145 0.229989890233216 0.277604745133461 0.32572142170319 0.345974421977741 0.404730959521008 0.465733388811687 0.489936628193494 0.53419001149058 0.57687395711271 0.616079177773013 0.631965490681067 0.641857735641683 0.638224258313654 0.613428230611297 0.585460862519368 0.519606659229959 0.478181792218438 0.467540601214716 0.455066718714318 -9999 -9999 -9999 -9999 -9999 -9999 -9999 -9999 -9999 -9999 -9999 -9999 -9999 -9999 -9999 -9999 -9999 -9999 -9999
0 0 0 0 0 0 0 0 0 0 0 0 0 0 0.0106561355642625 0.0273606153359599 0.0527961455862771 0.0790159543068898 0.110242598640682 0.143997889365915 0.180441418593994 0.226615871522568 0.276404055716022 0.328159269167834 0.359882090646785 0.413018507139508 0.465155142302238 0.502940793374369 0.545687301998423 0.587067207006114 0.61735859020107 0.636889119226042 0.650561188903452 0.650944725458149 0.641071382474989 0.618499826060286 0.566605469780873 0.540458736836689 0.520201474617651 -9999 -9999 -9999 -9999 -9999 -9999 -9999 -9999 -9999 -9999 -9999 -9999 -9999 -9999 -9999 -9999 -9999 -9999 -9999 -9999
0 0 0 0 0 0 0 0 0 0 0 0 0 0 0.00438107406705079 0.0233414817233462 0.0464730307921436 0.0761421894835446 0.106167512803921 0.138926348244569 0.176946383956856 0.222686240243318 0.273190285288474 0.325384202662603 0.362484820300852 0.411700906664814 0.461808648179422 0.508572680734413 0.550547286073601 0.587799207574307 0.613338721492884 0.632914566494638 0.64863288595857 0.651384221434833 0.638233493524244 0.615760793307642 0.573081060661913 0.552382617713048 0.526005674806909 -9999 -9999 -9999 -9999 -9999 -9999 -9999 -9999 -9999 -9999 -9999 -9999 -9999 -9999 -9999 -9999 -9999 -9999 -9999 -9999
0 0 0 0 0 0 0 0 0 0 0 0 0 0 0.00112787193144829 0.0161623903484024 0.0387262573216154 0.0697777531930119 0.101941898770335 0.134773528319517 0.173448169509969 0.218802509370242 0.269269049398907 0.320173297548956 0.354551302659432 0.404388245911764 0.457136124699699 0.502310650293213 0.544153251716094 0.581364436658008 0.604135728923418 0.623361670911955 0.642365080247188 0.647475762270502 0.634889370679327 0.616033516131092 0.582015753688401 0.555252708148313 -9999 -9999 -9999 -9999 -9999 -9999 -9999 -9999 -9999 -9999 -9999 -9999 -9999 -9999 -9999 -9999 -9999 -9999 -9999 -9999 -9999
0 0 0 0 0 0 0 0 0 0 0 0 0 0 0 0.0140007789335667 0.0337320150990112 0.0631685898916377 0.0992647285399329 0.131922452729229 0.170224030041564 0.213925505489895 0.260544725315083 0.309397241497799 0.344006294696969 0.395201771331982 0.44978657544761 0.489654754944741 0.529569296029139 0.566473077813288 0.586239284134477 0.610017115697519 0.63786480773252 0.644473230837085 0.634899254723967 0.614207247793719 0.582370293999603 -9999 -9999 -9999 -9999 -9999 -9999 -9999 -9999 -9999 -9999 -9999 -9999 -9999 -9999 -9999 -9999 -9999 -9999 -9999 -9999 -9999 -9999
0 0 0 0 0 0 0 0 0 0 0 0 0 0 0 0.0116360170979646 0.0292472076774366 0.0584702276913506 0.0974887203994445 0.12856401577213 0.166758125969216 0.207267637502729 0.246623637238605 0.291347472693237 0.333367827941435 0.38208486435623 0.438041342752607 0.475904702000378 0.514863115857012 0.551247210522694 0.574511125983139 0.606848816862956 0.632915852369157 0.641496136384865 0.633311261131165 0.600621982900357 0.585930616756593 -9999 -9999 -9999 -9999 -9999 -9999 -9999 -9999 -9999 -9999 -9999 -9999 -9999 -9999 -9999 -9999 -9999 -9999 -9999 -9999 -9999 -9999
0 0 0 0 0 0 0 0 0 0 0 0 0 0 0 0.0050204987176577 0.0251140112412096 0.0567839519113961 0.0950701747954747 0.123624226302084 0.161787699203943 0.200410367183643 0.240585545828319 0.282660948858351 0.328997726482022 0.380027573015362 0.429841286338061 0.472575286179527 0.517296779687749 0.55724565442804 0.578429826289852 0.607322280265705 0.627045168161503 -9999 0.603952430316758 0.600031294181032 0.585536792736271 -9999 -9999 -9999 -9999 -9999 -9999 -9999 -9999 -9999 -9999 -9999 -9999 -9999 -9999 -9999 -9999 -9999 -9999 -9999 -9999 -9999 -9999
0 0 0 0 0 0 0 0 0 0 0 0 0 0 0 0.00130596635543446 0.0292824915132154 0.0603774972058159 0.0932413833805211 0.121759732820834 0.159419525725173 0.199972302271873 0.235456098868755 0.279169122226634 0.315971566688681 0.369820402271061 0.417694189832553 0.464276999815763 0.508133972341008 0.550164495784282 0.576101599288155 0.603156234941586 0.621209635866756 0.61221027774318 0.610514569619922 0.605403462191499 -9999 -9999 -9999 -9999 -9999 -9999 -9999 -9999 -9999 -9999 -9999 -9999 -9999 -9999 -9999 -9999 -9999 -9999 -9999 -9999 -9999 -9999 -9999
0 0 0 0 0 0 0 0 0 0 0 0 0 0 0 0.000431660057670817 0.0330742791071388 0.0614000863945862 0.0916824765363916 0.117257568690904 0.154049025494203 0.198630741409811 0.241795035481473 0.283281208008199 0.316372235914672 0.361063648423368 0.407411921455402 0.45456676077476 0.497575592698809 0.54317202526929 0.57066386038416 0.599936114369571 0.617256842605211 0.610374928786305 0.610343895147681 0.606382622622719 -9999 -9999 -9999 -9999 -9999 -9999 -9999 -9999 -9999 -9999 -9999 -9999 -9999 -9999 -9999 -9999 -9999 -9999 -9999 -9999 -9999 -9999 -9999
0 0 0 0 0 0 0 0 0 0 0 0 0 0 0 0.00440757321552522 0.0337921276565374 0.0610547956682766 0.0893873291723931 0.11482669153386 0.15152659504904 0.196799053711737 0.240591133401559 0.282894885068114 0.314168474032567 0.353906941540268 0.403337717879883 0.449828614076176 0.493214246179891 0.540551897187604 0.565251348484559 -9999 0.594219910615748 0.60310106728753 -9999 -9999 -9999 -9999 -9999 -9999 -9999 -9999 -9999 -9999 -9999 -9999 -9999 -9999 -9999 -9999 -9999 -9999 -9999 -9999 -9999 -9999 -9999 -9999 -9999
