layers/veg/veg1600.asc
NCOLS 255 
NROWS 330 
XLLCORNER -2985163.8955 
YLLCORNER -3022031.214 
CELLSIZE 25000 
NODATA_value -9999 
[rows 75 to 99 of 330, columns 0 to 56 of 255]
-9999 -9999 -9999 -9999 -9999 -9999 -9999 -9999 -9999 -9999 -9999 -9999 -9999 -9999 -9999 -9999 -9999 -9999 -9999 -9999 -9999 -9999 -9999 -9999 -9999 0.665058232061094 0.655625317681296 0.676823827865074 0.70210057196027 0.714944064187707 0.718442695998469 0.666994062845407 0.507919946383751 0.325663588540584 0.293663476433592 0.28900200101683 0.271794070257007 0.462138722553176 0.631153796704078 0.672745922087523 0.693316198176157 0.705339801167111 0.71439108426781 0.725398594945865 0.73451578737828 0.740691936073902 0.743513993621185 0.743399789289856 0.744061149159833 0.745395377073202 0.746057661746449 0.748504105353209 0.751062639773654 0.752468426847478 0.754144154634627 0.757151878611094 0.759372080601523
-9999 -9999 -9999 -9999 -9999 -9999 -9999 -9999 -9999 -9999 -9999 -9999 -9999 -9999 -9999 -9999 -9999 -9999 -9999 -9999 -9999 -9999 -9999 -9999 -9999 0.666585197342278 0.663855744037132 0.687788676145735 0.709596220157101 0.722678602896976 0.72820333102342 0.715381658936925 0.581174223926235 0.369517506202378 0.291950074275686 0.289202306697701 0.333150421962659 0.487368244331572 0.604462170246894 0.655356859949814 0.693055318849642 0.707173390231226 0.71510093537686 0.720565777772951 0.728625687922861 0.73687160828965 0.741426848625625 0.743523519935758 0.742467830833973 0.743171227758425 0.741850975711497 0.741869986385169 0.746694282213003 0.749105238702219 0.751209061189175 0.753536991474784 0.757233252874099
-9999 -9999 -9999 -9999 -9999 -9999 -9999 -9999 -9999 -9999 -9999 -9999 -9999 -9999 -9999 -9999 -9999 -9999 -9999 -9999 -9999 -9999 -9999 -9999 -9999 0.684131239738721 0.673817238341822 0.682717097522652 0.713511354035 0.729757472003518 0.736522199920924 0.738979641570899 0.682188907179842 0.520444547448975 0.338443990882835 0.247382755351819 0.302809235541428 0.473096239803955 0.590312560926548 0.640729813899649 0.699205040908466 0.715080667388521 0.721459114740301 0.724511173820788 0.726813122004553 0.729388130475121 0.733318322369938 0.737128163758282 0.74051164815309 0.741765117479709 0.740253395821092 0.741097041553102 0.742469101016205 0.744457841483176 0.748028214608922 0.750202576251622 0.752444219765734
-9999 -9999 -9999 -9999 -9999 -9999 -9999 -9999 -9999 -9999 -9999 -9999 -9999 -9999 -9999 -9999 -9999 -9999 -9999 -9999 -9999 -9999 -9999 -9999 -9999 0.702119742777713 0.700407473965984 0.707832846801739 0.722178581211408 0.734419949927265 0.748535744927541 0.745980382859473 0.671129361155097 0.473010844922932 0.304790862258982 0.300281493347038 0.355681523358797 0.462710440580373 0.616300962176282 0.685460393760325 0.71716094038814 0.722077160646145 0.7225326527264 0.723330083832705 0.724888941223582 0.726879886554205 0.728846737220662 0.731121056872253 0.732358236211124 0.735640227771843 0.738919748887489 0.738802009096329 0.738382844715752 0.737809185232488 0.738445888923984 0.741997737865012 0.747574566771444
-9999 -9999 -9999 -9999 -9999 -9999 -9999 -9999 -9999 -9999 -9999 -9999 -9999 -9999 -9999 -9999 -9999 -9999 -9999 -9999 -9999 -9999 -9999 -9999 -9999 0.706911633343413 0.708350107652414 0.714699024838892 0.730207702419601 -9999 0.746906650773183 0.73659371279492 0.629242988445209 0.430049510649906 0.314682985300101 0.371386256449195 0.475822671298547 0.54344045398989 0.610567329930209 0.67312126495687 0.718930196403817 0.721582579285561 0.721478141841576 0.721833133803197 0.723229434347662 0.725019505293706 0.72557515950363 0.726185355267485 0.727225055496686 0.730835833887798 0.735598893304024 0.736464754218392 0.735595963262823 0.736357054752401 0.736767113019981 0.738684443599047 0.742993835782597
-9999 -9999 -9999 -9999 -9999 -9999 -9999 -9999 -9999 -9999 -9999 -9999 -9999 -9999 -9999 -9999 -9999 -9999 -9999 -9999 -9999 -9999 -9999 -9999 -9999 -9999 -9999 0.721968783612758 0.732953249215259 0.741315624035688 0.730032104144545 0.602928810673584 0.35887356303257 0.306868539264662 0.376265703943014 0.390074564912036 0.484599131211908 0.617532533491317 0.668006076982171 0.704612863008993 0.718848379467075 0.721038158545088 0.72059647907669 0.721301054610444 0.722701088553534 0.723821957630314 0.72483907647919 0.726209082920234 0.727418288787728 0.728554506005307 0.731889574517525 0.735465676783865 0.73567074248231 0.735795219653844 0.736374764921103 0.736351290285336 0.737342166326451
-9999 -9999 -9999 -9999 -9999 -9999 -9999 -9999 -9999 -9999 -9999 -9999 -9999 -9999 -9999 -9999 -9999 -9999 -9999 -9999 -9999 -9999 -9999 -9999 -9999 -9999 -9999 -9999 -9999 0.742622299133949 0.679668721080583 0.55576561156963 0.339314638016339 0.337577815153242 0.381080361607187 0.379923822468485 0.497106657874475 0.620323682416188 0.640594275434948 0.686039481067554 0.710269016698028 0.718882571646192 0.718267789902995 0.718977220928077 0.720677791121727 0.722057209440803 0.723418515204709 0.724710631066992 0.725093529125556 0.726472968625342 0.728463691908694 0.729664539820062 0.73137308713823 0.732796970645304 0.733990440811398 0.733769707028391 0.733680915501789
-9999 -9999 -9999 -9999 -9999 -9999 -9999 -9999 -9999 -9999 -9999 -9999 -9999 -9999 -9999 -9999 -9999 -9999 -9999 -9999 -9999 -9999 -9999 -9999 -9999 -9999 -9999 -9999 -9999 -9999 0.684291100979956 0.497691830333047 0.420847687980027 0.434622908126373 0.371260899639836 0.453355362081229 0.565235297533172 0.560742680075358 0.58719352158501 0.677536474928855 0.70291045769647 0.71736370618051 0.717774597975624 0.718128810866605 0.719585705978502 0.720923750095738 0.721896255302144 0.722726520968541 0.723339069560017 0.724151935109796 0.725659546949305 0.727201631606968 0.728301209794547 0.729358264811107 0.730305836770845 0.730427883369523 0.730851312224886
-9999 -9999 -9999 -9999 -9999 -9999 -9999 -9999 -9999 -9999 -9999 -9999 -9999 -9999 -9999 -9999 -9999 -9999 -9999 -9999 -9999 -9999 -9999 -9999 -9999 -9999 -9999 -9999 0.730950196797065 0.737978323516882 0.715275294500201 0.589113802947295 0.485584419241405 0.440270968253981 0.366973411087018 0.463291186264117 0.603360067083409 0.605416820364549 0.633050211771504 0.697136199208602 0.708009156261573 0.709798351176856 0.717459146625981 0.717814743677913 0.718724341332497 0.719899595653822 0.720747993313554 0.720912886563154 0.721444735204263 0.722222400130532 0.723232654527461 0.724210346992898 0.72506292113367 0.726443790106001 0.727511325348593 0.72729924979169 0.725914841788794
-9999 -9999 -9999 -9999 -9999 -9999 -9999 -9999 -9999 -9999 -9999 -9999 -9999 -9999 -9999 -9999 -9999 -9999 -9999 -9999 -9999 -9999 -9999 -9999 -9999 -9999 -9999 0.723474824074479 0.729150621709684 0.728800996197252 0.684297021434295 0.547042122542683 0.41901825375028 0.389248004589981 0.433181456646584 0.521438889272633 0.558244440933286 0.576425794722716 0.616040778200564 0.665964498757224 0.690471058145182 0.691333480964249 0.715486432771843 0.716681486287049 0.717414501720876 0.718287459472485 0.718407736138395 0.718154582638937 0.718187178868385 0.718642698487823 0.719679638016077 0.720786714789801 0.721738684925516 0.722691946071234 0.72305446760888 0.723279971116278 0.722061285570252
-9999 -9999 -9999 -9999 -9999 -9999 -9999 -9999 -9999 -9999 -9999 -9999 -9999 -9999 -9999 -9999 -9999 -9999 -9999 -9999 -9999 -9999 -9999 -9999 -9999 -9999 0.711998959554292 0.714319581813679 0.708555228806384 0.694310137810987 0.658434022412757 0.587260889625568 0.466986853600398 0.408239251708809 0.486696184622936 0.567848779095038 0.551975373231374 0.549423906945214 0.609819465384879 0.664071459868198 0.690020908997155 0.685861535222709 0.712294516046744 0.716058701324361 0.716382985857817 0.716525992485497 0.716256233165405 0.715905766851797 0.715572536234217 0.715661835710997 0.716439008543386 0.717597063762011 0.718801840446918 0.719328670128531 0.719024349555421 0.719538563709958 0.720092652706121
-9999 -9999 -9999 -9999 -9999 -9999 -9999 -9999 -9999 -9999 -9999 -9999 -9999 -9999 -9999 -9999 -9999 -9999 -9999 -9999 -9999 -9999 -9999 -9999 -9999 0.697628871727475 0.691225630728926 0.68514527144235 0.677345574362185 0.64894150419914 0.587414281603265 0.555161909462754 0.554842032142289 0.476225603168706 0.460410704569785 0.519550372877035 0.529038587604369 0.592309476145218 0.621779567215457 0.665350013754636 0.701571606794245 0.69974490526693 0.710095918211172 0.716134670765718 0.716454327259573 0.716465337492645 0.715611970853057 0.714816529475906 0.714386903020781 0.714631836257558 0.715181225265396 0.715452053839559 0.715829590712403 0.716063128084751 0.715865496126722 0.716294378732071 0.716716883261677
-9999 -9999 -9999 -9999 -9999 -9999 -9999 -9999 -9999 -9999 -9999 -9999 -9999 -9999 -9999 -9999 -9999 -9999 -9999 -9999 -9999 -9999 -9999 -9999 -9999 0.695393514257485 0.666041004745846 0.635856407302203 0.649141853916722 0.66030053888277 0.616030165217198 0.538825181266429 0.488422472842981 0.455614191450725 0.429842894077016 0.482366347426813 0.566783909358666 0.619541683265259 0.663672739412902 0.686286578069709 0.693761548262731 0.695074394286711 0.715833882401524 0.716248329198841 0.715403606215768 0.714414288706103 0.714386953843504 0.714020411855007 0.713604899548055 0.713148352999398 0.712455389133644 0.711821029075202 0.71182721815083 0.711943745061387 0.712359621504349 0.712455678349759 0.712543831338054
-9999 -9999 -9999 -9999 -9999 -9999 -9999 -9999 -9999 -9999 -9999 -9999 -9999 -9999 -9999 -9999 -9999 -9999 -9999 -9999 -9999 -9999 -9999 -9999 -9999 0.672212535324632 0.646177611078915 0.645857124034095 0.684626156419154 0.690325826980333 0.638178040344739 0.548225220113799 0.453721447693374 0.432014957882782 0.481023661197453 0.476681587871846 0.490446132583318 0.579025858350595 0.651602550681065 0.686336705719441 0.676702829601923 0.674759882152353 0.71225333116835 0.715955720907555 0.715238750674127 0.714166051279817 0.713637718929937 0.712667353586835 0.711590785305457 0.710656391412858 0.709300271243569 0.708764657433216 0.708561407186632 0.708098067607099 0.708221180240763 0.708949066647875 0.709447096872728
-9999 -9999 -9999 -9999 -9999 -9999 -9999 -9999 -9999 -9999 -9999 -9999 -9999 -9999 -9999 -9999 -9999 -9999 -9999 -9999 -9999 -9999 -9999 -9999 -9999 0.663144331412035 0.653337596200046 0.684373080080574 0.696399734557916 0.683803743101607 0.616389452821091 0.526096336248487 0.406471107286581 0.360907287725525 0.462773611542465 0.514883827713135 0.536416678696798 0.58621154107733 0.649652262414688 0.679775858433898 0.656347709777831 0.633963192020346 0.679784477006082 0.709728892339419 0.710685087026515 0.709400833943807 0.708762078494065 0.709882695353767 0.709424245609617 0.708065928118438 0.70638577913614 0.706252611936618 0.70645446353773 0.705925986743755 0.70583162532423 0.706624018293747 0.707226868677042
-9999 -9999 -9999 -9999 -9999 -9999 -9999 -9999 -9999 -9999 -9999 -9999 -9999 -9999 -9999 -9999 -9999 -9999 -9999 -9999 -9999 -9999 -9999 -9999 -9999 0.68298206343837 0.684804404105813 0.70042785327022 0.70187204818064 0.697134011291193 0.615852648578039 0.497622160763284 0.411964182619409 0.36806457855858 0.453671728980273 0.514482238393993 0.522614578222256 0.572215557156612 0.615974654817059 0.621085497739854 0.609919943622709 0.584178379520212 0.609799759192294 0.658842305490009 0.676650585310845 0.696079111312878 0.702687680426794 0.704039810106329 0.706120897810998 0.704236356959167 0.699248464406352 0.699752692530171 0.702862101606999 0.703788302924352 0.704233439667799 0.704442868325283 0.704373393802675
-9999 -9999 -9999 -9999 -9999 -9999 -9999 -9999 -9999 -9999 -9999 -9999 -9999 -9999 -9999 -9999 -9999 -9999 -9999 -9999 -9999 -9999 -9999 -9999 -9999 -9999 0.693652240444555 0.701400349930336 0.69895877325889 0.698946610444276 0.677219913442916 0.599152519014484 0.461638515018627 0.336738999126299 0.386921467298252 0.515161270787876 0.574377882341596 0.581366959290256 0.574187948760269 0.569771940589339 0.537179726299406 0.538249697318729 0.57006996477353 0.601192665033034 0.607925226762205 0.64536864791231 0.701186350445516 0.702396046706289 0.703558682773691 0.70158105343665 0.6939387524702 0.695006733597461 0.70013995058562 0.702065675379071 0.702204577893035 0.702166528424892 0.702441136066228
-9999 -9999 -9999 -9999 -9999 -9999 -9999 -9999 -9999 -9999 -9999 -9999 -9999 -9999 -9999 -9999 -9999 -9999 -9999 -9999 -9999 -9999 -9999 -9999 -9999 -9999 0.692990773092145 0.702418107568286 0.700253842959346 0.691683100135569 0.689834036370816 0.670474420793344 0.538027576057796 0.41104521613036 0.46815704185824 0.538836581784144 0.59149296521536 0.607727127300128 0.523976103549389 0.467525102193327 0.479788696734842 0.527992123675831 0.581037991384434 0.596963602600893 0.592125429494219 0.612627647314927 0.67587979985303 0.703965029911945 0.704804000726509 0.700228673607276 0.694831853275831 0.695211477322139 0.698424409524364 0.700363091008038 0.699642347980846 0.700194611355993 0.701267596512567
-9999 -9999 -9999 -9999 -9999 -9999 -9999 -9999 -9999 -9999 -9999 -9999 -9999 -9999 -9999 -9999 -9999 -9999 -9999 -9999 -9999 -9999 -9999 -9999 -9999 -9999 -9999 0.70723661146952 0.707976338043246 0.702104407204438 0.696508187392486 0.680175999944128 0.578611634013622 0.46889714355444 0.445066012555122 0.430528396932983 0.520603326795443 0.615878150653467 0.586476032868954 0.491016962094461 0.408573771770608 0.40518541501998 0.438056458437194 0.553929068012398 0.602063907538132 0.559280790122864 0.599281940992283 0.682732940189343 0.699866045569449 0.699223490360962 0.695533284135294 0.69430367818043 0.698291848806556 0.700000685892219 0.699289900398699 0.698905848040291 0.699117079217978
-9999 -9999 -9999 -9999 -9999 -9999 -9999 -9999 -9999 -9999 -9999 -9999 -9999 -9999 -9999 -9999 -9999 -9999 -9999 -9999 -9999 -9999 -9999 -9999 -9999 -9999 -9999 0.702710793125714 0.711957457150327 0.713826871540282 0.713636767386832 0.709761129861919 0.674551023545648 0.542521302161937 0.460813957463271 0.508897971164049 0.542548850892007 0.561964796091323 0.489359143471332 0.401016001385114 0.407902520959697 0.388204619818575 0.328690466130721 0.418068059424113 0.527927184773958 0.542876885895041 0.595457211261839 0.641818591077763 0.667543037540117 0.693337748978574 0.6940103041641 0.693725500918087 0.698671303235717 0.699556825461785 0.698883509592348 0.697334694369225 0.694318339425903
-9999 -9999 -9999 -9999 -9999 -9999 -9999 -9999 -9999 -9999 -9999 -9999 -9999 -9999 -9999 -9999 -9999 -9999 -9999 -9999 -9999 -9999 -9999 -9999 -9999 -9999 0.688090529851758 0.700881183704897 0.711556000459964 0.715124612009021 0.716031766898797 0.708187066077161 0.685409190714949 0.553630692208604 0.432269043831231 0.499520010469975 0.533240613085445 0.54314104442755 0.539849987550724 0.450011979791625 0.426061508043174 0.419946436606395 0.399603416726439 0.448566994005682 0.494252254499638 0.537231476431124 0.615042387315697 0.652172878819564 0.647968483403759 0.663758323450663 0.68475739734449 0.691358660094451 0.698257393790158 0.700707000859797 0.699341813522665 0.696239912403685 0.692540951270553
-9999 -9999 -9999 -9999 -9999 -9999 -9999 -9999 -9999 -9999 -9999 -9999 -9999 -9999 -9999 -9999 -9999 -9999 -9999 -9999 -9999 -9999 -9999 -9999 -9999 -9999 -9999 0.686357336653737 0.710108432334349 0.716901577800362 0.720602627094204 0.719693912581947 0.716713835869325 0.639354727543898 0.499833658963563 0.444227658718418 0.441739797475854 0.425677571263185 0.401444207980438 0.451580777363579 0.473757382125578 0.422670334081433 0.460525701807142 0.519738796023939 0.573344781695206 0.623525479363689 0.663171461839153 0.682918151988998 0.670752602561973 0.640537025679896 0.635525756293055 0.663026147333497 0.696428655063121 0.698383920667632 0.695725160274584 0.692142155676815 0.689052839700268
-9999 -9999 -9999 -9999 -9999 -9999 -9999 -9999 -9999 -9999 -9999 -9999 -9999 -9999 -9999 -9999 -9999 -9999 -9999 -9999 -9999 -9999 -9999 -9999 -9999 -9999 -9999 -9999 -9999 -9999 0.722361022368829 0.72671801708065 0.713250318113348 0.70068004833942 0.669020244558416 0.575321591410312 0.480245276592906 0.398187159275356 0.332944476220972 0.396215532672225 0.486575780732358 0.421466038708574 0.41491986452629 0.523344051917746 0.611369391570577 0.650232918093226 0.677605255884613 0.704610772123526 0.684375360999824 0.645426489047543 0.628473699475838 0.654506114893247 0.699471190774864 0.695134007891018 0.687910405339742 0.683179985249536 0.681961272405337
-9999 -9999 -9999 -9999 -9999 -9999 -9999 -9999 -9999 -9999 -9999 -9999 -9999 -9999 -9999 -9999 -9999 -9999 -9999 -9999 -9999 -9999 -9999 -9999 -9999 -9999 -9999 -9999 -9999 -9999 -9999 -9999 0.730849335170959 0.72496688641756 0.698458785352839 0.586404809900583 0.406933699027896 0.315381805506635 0.291052048883178 0.317686247559499 0.429231604289178 0.400944462128039 0.340959711271674 0.473394992767437 0.624565305851507 0.695068990519508 0.706456179423025 0.707977603932732 0.679399717177098 0.661881587398821 0.683725220781675 0.703754647105496 0.70753888329146 0.703078005691159 0.685230517195726 0.67897068297485 0.680992842510972
-9999 -9999 -9999 -9999 -9999 -9999 -9999 -9999 -9999 -9999 -9999 -9999 -9999 -9999 -9999 -9999 -9999 -9999 -9999 -9999 -9999 -9999 -9999 -9999 -9999 -9999 -9999 -9999 -9999 -9999 -9999 -9999 -9999 0.730796988739997 0.715969049814034 0.639218106708859 0.520000694736912 0.439710805034668 0.393030967879492 0.365539766144826 0.382232607531587 0.441162305255205 0.405826334237554 0.424827224038876 0.599899562202008 0.683768243113493 0.709646997796596 0.703213177443686 0.666880751139644 0.653095303458972 0.682160708072313 0.697749634161479 0.710123460319277 0.712820903199385 0.70862063003259 0.700431314319626 0.694903027162219
