layers/veg/veg1300.asc
NCOLS 255 
NROWS 330 
XLLCORNER -2985163.8955 
YLLCORNER -3022031.214 
CELLSIZE 25000 
NODATA_value -9999 
[rows 75 to 99 of 330, columns 0 to 55 of 255]
-9999 -9999 -9999 -9999 -9999 -9999 -9999 -9999 -9999 -9999 -9999 -9999 -9999 -9999 -9999 -9999 -9999 -9999 -9999 -9999 -9999 -9999 -9999 -9999 -9999 0.652436377475493 0.643442137672926 0.664087641359058 0.688783439124924 0.701528972289663 0.705456722320993 0.656764264402482 0.504351165290114 0.330035085330294 0.301634658179882 0.299587443445624 0.285095315020881 0.471580921287836 0.638114655888677 0.681109842518691 0.703658104778471 0.718478243381957 0.729863375490962 0.742921511350945 0.754568840987174 0.762817055305286 0.767526943445349 0.769598703495312 0.771858071588452 0.774399790695611 0.776301046101271 0.779521896593882 0.782587945842677 0.784498725195467 0.786459485567115 0.789560293545763
-9999 -9999 -9999 -9999 -9999 -9999 -9999 -9999 -9999 -9999 -9999 -9999 -9999 -9999 -9999 -9999 -9999 -9999 -9999 -9999 -9999 -9999 -9999 -9999 -9999 0.653968078671661 0.651382651361519 0.674562227669921 0.695736267069274 0.70852819457711 0.714197639081924 0.702538450909618 0.573953544916855 0.371197612695442 0.298863661553167 0.29879494214618 0.343475329722536 0.495215525223538 0.611764076764124 0.663861093526463 0.703063129813422 0.720025541342668 0.730390454327603 0.73809579961922 0.748662113146073 0.758815721902412 0.765078427894673 0.769131209237572 0.769608980347187 0.771442367696123 0.77132982756226 0.772140053783608 0.777348149231514 0.78018726934287 0.782535162493542 0.784964722445497
-9999 -9999 -9999 -9999 -9999 -9999 -9999 -9999 -9999 -9999 -9999 -9999 -9999 -9999 -9999 -9999 -9999 -9999 -9999 -9999 -9999 -9999 -9999 -9999 -9999 0.670686034968518 0.660772282443983 0.66925543798788 0.698810337464575 0.714393276980752 0.720871347178533 0.723373425707159 0.669163886290149 0.514527696825645 0.341591316291513 0.256616168883661 0.31267154403243 0.480171035663234 0.597020397556396 0.648775943984283 0.708149642839872 0.726894233753552 0.735771971530835 0.74108214416571 0.74595896650101 0.750496837765925 0.756004112731824 0.761528407434557 0.766149663553807 0.768401949006902 0.767993036773428 0.769525575105345 0.771351587923845 0.773739381615909 0.777477468462377 0.779745629349172
-9999 -9999 -9999 -9999 -9999 -9999 -9999 -9999 -9999 -9999 -9999 -9999 -9999 -9999 -9999 -9999 -9999 -9999 -9999 -9999 -9999 -9999 -9999 -9999 -9999 0.687746724724078 0.686052766346936 0.692925590738538 0.706327069453938 0.717881636990738 0.730049368548584 0.72778689061153 0.655611504724399 0.465776064210982 0.306579250394879 0.305777142118048 0.362247167850376 0.468977325108319 0.621077787985391 0.690976401994755 0.724555371146391 0.732693870919462 0.735754394041926 0.738748035784249 0.742725042712689 0.746543343851722 0.75001366568791 0.753897712399861 0.756329334759337 0.760451349243568 0.76458198669363 0.765130257783069 0.765191246758135 0.7650747168058 0.7659637256542 0.769555047533165
-9999 -9999 -9999 -9999 -9999 -9999 -9999 -9999 -9999 -9999 -9999 -9999 -9999 -9999 -9999 -9999 -9999 -9999 -9999 -9999 -9999 -9999 -9999 -9999 -9999 0.692244911570696 0.693387007577893 0.69908536702257 0.71295781389281 -9999 0.727006777975733 0.717004619255105 0.612940807332637 0.421977093560305 0.314306516768654 0.37322983542412 0.477475164806913 0.546497107240883 0.615229038694435 0.678691563565787 0.725799582939493 0.731538316036286 0.733855723941868 0.736253634765944 0.739896379930546 0.74339137239404 0.745397079365149 0.747568052040817 0.749733745284359 0.754118634606829 0.759629749882569 0.761094860393989 0.760701742776777 0.761857800615551 0.762519978415715 0.764530983289896
-9999 -9999 -9999 -9999 -9999 -9999 -9999 -9999 -9999 -9999 -9999 -9999 -9999 -9999 -9999 -9999 -9999 -9999 -9999 -9999 -9999 -9999 -9999 -9999 -9999 -9999 -9999 0.705669810269604 0.715304008241324 0.722531683136661 0.709463844488049 0.586294298291309 0.34981376444064 0.300874920994644 0.372090148772029 0.390200498177601 0.485383603414281 0.618251861409976 0.671540995326462 0.709707978931346 0.725555541686164 0.730098974373032 0.731636476484431 0.734076645048603 0.737439470067101 0.740094577824502 0.742401710638502 0.745160549920319 0.747388950218001 0.749312561305831 0.753376759788911 0.75741563564014 0.758033285308758 0.758553858265236 0.759369660291234 0.759504631354129
-9999 -9999 -9999 -9999 -9999 -9999 -9999 -9999 -9999 -9999 -9999 -9999 -9999 -9999 -9999 -9999 -9999 -9999 -9999 -9999 -9999 -9999 -9999 -9999 -9999 -9999 -9999 -9999 -9999 0.723252437617605 0.660432536249188 0.540396354101215 0.33103432201077 0.330793429764262 0.376614435934418 0.379951319445086 0.497029140547286 0.620781290809806 0.645283467869997 0.691906872066945 0.716792927307226 0.726912375986134 0.727892702457521 0.730077915275247 0.733478673975502 0.736209682301454 0.738719119611773 0.741270710861118 0.742609230819862 0.744701011413884 0.747403110297194 0.749107276353359 0.751150533404937 0.752904091331739 0.754301578056978 0.754242798675015
-9999 -9999 -9999 -9999 -9999 -9999 -9999 -9999 -9999 -9999 -9999 -9999 -9999 -9999 -9999 -9999 -9999 -9999 -9999 -9999 -9999 -9999 -9999 -9999 -9999 -9999 -9999 -9999 -9999 -9999 0.665419942754783 0.484580985721509 0.410376739625815 0.425158737095237 0.367406585357235 0.450650383192732 0.562283594168265 0.562300269711895 0.592393476140796 0.682423840876851 0.708604674560751 0.724353799371718 0.726228179053288 0.727960981053551 0.731001612876392 0.733597493292714 0.735654195246602 0.737677874267435 0.739178726958431 0.740678309782318 0.742868803195374 0.74487195826728 0.746306612564225 0.747687591931583 0.748837131398742 0.749104621911898
-9999 -9999 -9999 -9999 -9999 -9999 -9999 -9999 -9999 -9999 -9999 -9999 -9999 -9999 -9999 -9999 -9999 -9999 -9999 -9999 -9999 -9999 -9999 -9999 -9999 -9999 -9999 -9999 0.711742803368552 0.717940662860415 0.695425772023815 0.573183339630388 0.473438009127473 0.431132889045784 0.363438984926012 0.459963347845414 0.598412180200608 0.604260504926243 0.635083551907627 0.699728465212452 0.712080234556427 0.715713900456592 0.724590313337467 0.726269289159222 0.728696996713414 0.731060194204265 0.732927803393842 0.734231023243173 0.735594438684402 0.737011977236575 0.738672070345795 0.740094783765876 0.741265204734413 0.742934417252886 0.744184581184805 0.744121070314532
-9999 -9999 -9999 -9999 -9999 -9999 -9999 -9999 -9999 -9999 -9999 -9999 -9999 -9999 -9999 -9999 -9999 -9999 -9999 -9999 -9999 -9999 -9999 -9999 -9999 -9999 -9999 0.705175310933017 0.710011257985594 0.709121974544154 0.665728700468665 0.533042647372984 0.409784125191298 0.382358613253903 0.427467800446828 0.515721733112909 0.553960113166292 0.574759096385971 0.616614098741987 0.667428745062804 0.693049257557676 0.695924147845179 0.720779035245864 0.72324735367634 0.725437910917293 0.727432770701068 0.728514105351197 0.729311716133303 0.730109769625751 0.731143570570052 0.732749336869851 0.734237180265007 0.735456966976783 0.736666451258408 0.737204546583889 0.737543460787418
-9999 -9999 -9999 -9999 -9999 -9999 -9999 -9999 -9999 -9999 -9999 -9999 -9999 -9999 -9999 -9999 -9999 -9999 -9999 -9999 -9999 -9999 -9999 -9999 -9999 -9999 0.694387576995889 0.696354436231506 0.69019770433587 0.675994282273976 0.641119175710626 0.57244794380619 0.456762984381428 0.401249691838898 0.47944929053663 0.560505229265797 0.547423372222201 0.547653444729404 0.609075720283965 0.663853076946211 0.690857427389431 0.688933608331204 0.716026370500103 0.720970034924563 0.722724630586255 0.723957424144375 0.724590515416226 0.725199696441679 0.725562389482555 0.726165634384797 0.727431632807394 0.728899157478997 0.730305620626715 0.731043105276989 0.730895015601672 0.731483205897511
-9999 -9999 -9999 -9999 -9999 -9999 -9999 -9999 -9999 -9999 -9999 -9999 -9999 -9999 -9999 -9999 -9999 -9999 -9999 -9999 -9999 -9999 -9999 -9999 -9999 0.681151490586488 0.674590834329824 0.668242619951925 0.66022840705934 0.632471231854204 0.572971828851419 0.542073555865321 0.542383334601436 0.467817873788439 0.454920575228796 0.514353619393672 0.525343281639485 0.588727664792631 0.619946472324439 0.664234044210867 0.701096429578412 0.701402680717782 0.712963791074172 0.7200913318338 0.721810819121324 0.722877240177837 0.722896603377195 0.723006870725644 0.723213303149085 0.723903807529842 0.7248738208932 0.725422815126925 0.725976981305281 0.72637316615788 0.726285836840419 0.726760556573319
-9999 -9999 -9999 -9999 -9999 -9999 -9999 -9999 -9999 -9999 -9999 -9999 -9999 -9999 -9999 -9999 -9999 -9999 -9999 -9999 -9999 -9999 -9999 -9999 -9999 0.679015389436295 0.650384707378424 0.620929721496087 0.633440738669743 0.644053994401617 0.601418858167527 0.527402170418459 0.479643584682012 0.449572235901417 0.4268905821838 0.479318461357897 0.562185076121726 0.614981287343174 0.659957070987123 0.683780468798454 0.692774635362851 0.696034240011858 0.717603882818261 0.719263902310022 0.719802287468543 0.719841917624374 0.720583775145954 0.721003139857754 0.721124548106653 0.721034616564971 0.720676313294677 0.72024331243394 0.720342384748418 0.720518782919301 0.720944674112496 0.721038132275885
-9999 -9999 -9999 -9999 -9999 -9999 -9999 -9999 -9999 -9999 -9999 -9999 -9999 -9999 -9999 -9999 -9999 -9999 -9999 -9999 -9999 -9999 -9999 -9999 -9999 0.656880451069487 0.631554782308013 0.631052254383877 0.668337732276945 0.67384244769794 0.6237664296294 0.53761947970308 0.447359428187377 0.427816587801456 0.477032712658682 0.474430946418948 0.488978955537686 0.576164654034217 0.648363011594875 0.683716158978452 0.676079013525369 0.676096147502907 0.713759389946554 0.718541571658877 0.719136109469835 0.719031182182325 0.719214143722535 0.718943767895858 0.71832325976274 0.717657760981967 0.716511549918307 0.716046637852855 0.71582689580899 0.71531282727835 0.715358279766376 0.715986625498428
-9999 -9999 -9999 -9999 -9999 -9999 -9999 -9999 -9999 -9999 -9999 -9999 -9999 -9999 -9999 -9999 -9999 -9999 -9999 -9999 -9999 -9999 -9999 -9999 -9999 0.648447209932843 0.6388671984971 0.668732689512093 0.680323185614815 0.668273514676819 0.603549559130199 0.517140425111473 0.402608354191374 0.359906291108563 0.460014090963148 0.51187374538123 0.53391566814659 0.583604490876099 0.64688837417942 0.677702484473228 0.656671900729202 0.636874731112681 0.682523318214476 0.712597978871522 0.714756305797018 0.714402233860989 0.714427472991245 0.716100242638541 0.715998053731416 0.714829131821988 0.71324260853734 0.713052959929627 0.713118453026804 0.712422257437589 0.712168275200729 0.712789881656545
-9999 -9999 -9999 -9999 -9999 -9999 -9999 -9999 -9999 -9999 -9999 -9999 -9999 -9999 -9999 -9999 -9999 -9999 -9999 -9999 -9999 -9999 -9999 -9999 -9999 0.668066591612423 0.669961922816244 0.685133009674339 0.686689888013301 0.682381918801588 0.604389152346904 0.491091119455114 0.409352110871261 0.368170243260308 0.452473292446378 0.512684267013368 0.521769830605102 0.57122214473823 0.615406562493022 0.621969218478891 0.612678015451715 0.589526836365661 0.615588694507348 0.66403950208834 0.682403625074797 0.701998158277735 0.708964775052143 0.710768097497321 0.713008027442792 0.711180481112402 0.706184429038663 0.706412641695608 0.709099133145889 0.709598616524224 0.709709967809679 0.709649590604372
-9999 -9999 -9999 -9999 -9999 -9999 -9999 -9999 -9999 -9999 -9999 -9999 -9999 -9999 -9999 -9999 -9999 -9999 -9999 -9999 -9999 -9999 -9999 -9999 -9999 -9999 0.679784305183544 0.687117508225777 0.685106535254354 0.685513318612077 0.66514136051196 0.59072181708277 0.45895112353458 0.339545209101952 0.38960836802006 0.514895310685206 0.573281440933261 0.581544518433241 0.576462756550922 0.573736519095868 0.543661614428557 0.546286380843615 0.578251893101038 0.609346808090544 0.616975237765539 0.653943776855912 0.708402857608343 0.710013836423627 0.711274383978389 0.709195593334345 0.701387641546165 0.701926097090105 0.706346806045894 0.707568507014017 0.707206128972655 0.706772601157404
-9999 -9999 -9999 -9999 -9999 -9999 -9999 -9999 -9999 -9999 -9999 -9999 -9999 -9999 -9999 -9999 -9999 -9999 -9999 -9999 -9999 -9999 -9999 -9999 -9999 -9999 0.679493711595399 0.688948389341705 0.68736423370796 0.679620603210643 0.678534510643699 0.66088898303914 0.534063315754701 0.41266791243231 0.46942856433442 0.53913356674767 0.591169879602569 0.608323042874907 0.529245425071443 0.476209732859603 0.489369673438239 0.537416591056958 0.58981528618692 0.606207168631279 0.602659671870543 0.623293665859473 0.684965283632573 0.71254093036351 0.713449271357748 0.708732255361573 0.702870254501466 0.702532353969187 0.704906593356747 0.705934903564061 0.704595751127096 0.704624275235046
-9999 -9999 -9999 -9999 -9999 -9999 -9999 -9999 -9999 -9999 -9999 -9999 -9999 -9999 -9999 -9999 -9999 -9999 -9999 -9999 -9999 -9999 -9999 -9999 -9999 -9999 -9999 0.694680274911428 0.696386621072128 0.69141502678693 0.686853876919039 0.672279280675278 0.575368821365198 0.470701770838385 0.449345647034655 0.436774406607961 0.524916843956298 0.61832684039418 0.59161832211808 0.500805254956108 0.422398891829496 0.420487985320914 0.453308550370027 0.566165011682208 0.613794065244746 0.573417769816859 0.61278658907675 0.693967448345527 0.710620180699625 0.709486830945552 0.704872254627712 0.702607976223291 0.705415344681496 0.705899064168236 0.704347002957775 0.703311744535895
-9999 -9999 -9999 -9999 -9999 -9999 -9999 -9999 -9999 -9999 -9999 -9999 -9999 -9999 -9999 -9999 -9999 -9999 -9999 -9999 -9999 -9999 -9999 -9999 -9999 -9999 -9999 0.692490887154612 0.701831004944484 0.704496180472337 0.705297637416037 0.702903425860216 0.670166202543324 0.544021219836631 0.466831825461008 0.514730628572436 0.548370956325315 0.568470633732979 0.499923771332127 0.415844124882623 0.423533297446099 0.40569410133261 0.349190509197404 0.436423102686459 0.54369836641143 0.559207062945053 0.610977219891574 0.656672626548336 0.681745127115307 0.70588507444931 0.704984294867369 0.703207484387849 0.706619420098587 0.705997386020892 0.704273515869302 0.70196635186125
-9999 -9999 -9999 -9999 -9999 -9999 -9999 -9999 -9999 -9999 -9999 -9999 -9999 -9999 -9999 -9999 -9999 -9999 -9999 -9999 -9999 -9999 -9999 -9999 -9999 -9999 0.678690670619932 0.691277698334858 0.702622353171136 0.707044319420029 0.709007260619002 0.702892491175474 0.682238717547395 0.556388709052815 0.44094918176622 0.507358859565038 0.541044751859425 0.551895726146216 0.550157837338949 0.464504434046827 0.442266935082122 0.437355123379148 0.418536963741548 0.466691105519119 0.512028955221945 0.554711761811447 0.631078972816433 0.668237248875728 0.664618621018854 0.678877938525373 0.697185720542078 0.701766984183703 0.706875449711058 0.707585144021095 0.705073570315268 0.701179891210899
-9999 -9999 -9999 -9999 -9999 -9999 -9999 -9999 -9999 -9999 -9999 -9999 -9999 -9999 -9999 -9999 -9999 -9999 -9999 -9999 -9999 -9999 -9999 -9999 -9999 -9999 -9999 0.678367623536059 0.702737009158447 0.710509938247951 0.715397075727649 0.716133022639173 0.714705315210157 0.641470948904207 0.508547164636186 0.456337420515543 0.455023341124243 0.440698163101073 0.418532226837979 0.467785007846544 0.489784198984233 0.441066460387283 0.478146776387641 0.536045340936632 0.589007753027734 0.638750878324214 0.678488250536522 0.69922425980305 0.688151712159223 0.657849867261153 0.650777424257342 0.675375008497183 0.705951490306709 0.706050038463228 0.702186747774513 0.697743667751437
-9999 -9999 -9999 -9999 -9999 -9999 -9999 -9999 -9999 -9999 -9999 -9999 -9999 -9999 -9999 -9999 -9999 -9999 -9999 -9999 -9999 -9999 -9999 -9999 -9999 -9999 -9999 -9999 -9999 -9999 0.718826580698582 0.724831477255427 0.713439308880439 0.702823983728518 0.674082534910214 0.585087853267893 0.494330964340234 0.416161397204375 0.354158171718699 0.415800648566831 0.503244471994547 0.440459881172252 0.434245196780457 0.539423351036805 0.625548264614435 0.664430927501712 0.692340946982897 0.719910265986366 0.700921258481161 0.662512332276079 0.64435743166921 0.667737458879341 0.70953411949681 0.70356451409418 0.695270628554933 0.689682239214903
-9999 -9999 -9999 -9999 -9999 -9999 -9999 -9999 -9999 -9999 -9999 -9999 -9999 -9999 -9999 -9999 -9999 -9999 -9999 -9999 -9999 -9999 -9999 -9999 -9999 -9999 -9999 -9999 -9999 -9999 -9999 -9999 0.731693604302363 0.727658566975572 0.703942110651123 0.597216901861555 0.424938864311301 0.337507446745954 0.314815067198486 0.340842292366741 0.448386735416339 0.420627210263412 0.362353473615962 0.490461684784933 0.637529396332415 0.707086518885967 0.719617398849466 0.722519260526797 0.695454700158713 0.677978500757517 0.697663989175772 0.715500143211834 0.717663100038466 0.711659201381452 0.693141296820525 0.686082528448386
-9999 -9999 -9999 -9999 -9999 -9999 -9999 -9999 -9999 -9999 -9999 -9999 -9999 -9999 -9999 -9999 -9999 -9999 -9999 -9999 -9999 -9999 -9999 -9999 -9999 -9999 -9999 -9999 -9999 -9999 -9999 -9999 -9999 0.734764350409529 0.722713671950671 0.650030505169799 0.535882127879616 0.459202191444725 0.414679182450085 0.388116489927805 0.403541814725436 0.459087095210999 0.423695638259057 0.441769909194862 0.612040291121034 0.694954548451475 0.721740555124849 0.717080684896375 0.682611429833047 0.668984595500558 0.696034918667656 0.709892814262876 0.720549162270091 0.721619302182867 0.716363903210079 0.707484686569646
