layers/veg/veg1900.asc
NCOLS 255 
NROWS 330 
XLLCORNER -2985163.8955 
YLLCORNER -3022031.214 
CELLSIZE 25000 
NODATA_value -9999 
[rows 125 to 149 of 330, columns 56 to 111 of 255]
0.0753452956392774 0.0820073853941168 0.117898146382338 0.15594156564241 0.146117893735246 0.213274467225209 0.278361822246652 0.313817690836613 0.32286847520909 0.275811907521005 0.276426622180879 0.244574027107007 0.227573945572092 0.234671464415613 0.23801357484544 0.193805958552573 0.149362656873559 0.189504887579741 0.255181059762789 0.357455800507638 0.503985221364549 0.559205072459706 0.608889806354732 0.628190215019451 0.638693106929041 0.662957665390299 0.684116245289846 0.693005277815942 0.696721922333945 0.713315437065258 0.712349014071719 0.707153804992296 0.696837449452524 0.683014771931793 0.670269832612204 0.656700889856874 0.63952150119001 0.624616082892044 0.609744955484184 0.591366009184049 0.575657497033488 0.560134216820905 0.541813363820083 0.527206048228544 0.513547171941147 0.498192676288089 0.48705903483981 0.47883955506123 0.471547005835619 0.468056371562031 0.467249277725128 0.467663493102608 0.468223205411421 0.468412643325203 0.469379696662735 0.473617370905261
0.124435444577877 0.118748371249126 0.12326799807586 0.151122977343864 0.180034838584441 0.211160216399084 0.224072738312713 0.196652988353475 0.211445602107263 0.194082396032883 0.163177101743302 0.199393787995674 0.230639197253055 0.243466372712847 0.213932325312266 0.172720942483836 0.123298183540313 0.0956140658790423 0.113492135080403 0.164747367507929 0.200437112589831 0.249986248113467 0.359100051156913 0.455542662237462 0.508585001775177 0.552082818927096 0.587375424807191 0.608825506739141 0.641243713555573 0.664454581839713 0.690755215432079 0.69812051752523 0.689718936327049 0.676656110897014 0.664099039550168 0.650697557656421 0.633658649386844 0.618757784419798 0.604030938064049 0.585750980656066 0.570136046637477 0.555053613801896 0.537098012047666 0.522432736271179 0.508573594354391 0.492607939162496 0.481794994957563 0.474182723983903 0.464291800545177 0.4575027173088 0.456432788858263 0.457877894472603 0.459177963441606 0.460207047501786 0.460731649320055 0.46085886945715
0.169208407530355 0.104619417261552 0.108658561258025 0.124006150094747 0.131200891333253 0.172037188821504 0.171326064062229 0.134066126183433 0.162866114300244 0.160486803009177 0.171940399058005 0.202288424432708 0.169666287130633 0.202719190283431 0.188484810666616 0.163085337272259 0.138426859799322 0.114184194252457 0.0957567342732744 0.118083661157196 0.143673249086767 0.166662776223851 0.189181026780087 0.272061095198126 0.408070695280334 0.477414608627364 0.533368797609009 0.588383278881822 0.593653821107235 0.611919993709292 0.669729453668751 0.682023065889773 0.678466421449888 0.668820716248047 0.657269643230268 0.643947314112326 0.626882230394805 0.612156086330311 0.598026585651357 0.58002177228407 0.564814610133061 0.550408002962795 0.532732516267794 0.518107235530614 0.5043261902487 0.488326737480174 0.477394856436341 0.469662853294386 0.459607887336361 0.451111592563409 0.447733274290835 0.44835979092103 0.449928245358849 0.451215075951841 0.453224956573303 0.454319506925234
0.226102850015351 0.164326902919331 0.109233393987761 0.104756139344872 0.102247380003754 0.117946647579113 0.159942739319016 0.18156234039718 0.171700592859941 0.166225931781193 0.164075109549416 0.154772626011474 0.146806567225489 0.159842626714139 0.149708888231763 0.167448157011818 0.179862314049877 0.138679740383162 0.123367826829316 0.135351923285743 0.156763553887442 0.169656205465337 0.163900066439183 0.212613462915632 0.301117683551888 0.356192341804144 0.43029716779181 0.511156405838054 0.513199190111525 0.542726558893208 0.639159432187516 0.658168820033956 0.653727957780775 0.655752160902089 0.649977659040975 0.637741590001188 0.620985786997889 0.606180802348274 0.592672766295343 0.576104251618664 0.561490282690719 0.547052320496968 0.529551045176289 0.514982035450437 0.501116922381465 0.485180277618683 0.473929295504003 0.465089723293654 0.455202915415444 0.441775319947474 0.434878727776503 0.440107676941551 0.441064570385183 0.442144152294007 0.445133767733007 0.446416692096974
0.331116911406277 0.236614630620554 0.145432886443305 0.115632041087702 0.113240453488933 0.128252244990223 0.136197588457517 0.131003912750574 0.133824589391676 0.107633828890774 0.0806778890304599 0.0876403459606409 0.124630397512584 0.157506882877429 0.137968595083859 0.14580846247272 0.160914589276187 0.128076138690023 0.12732356825223 0.16106865140827 0.157825876195808 0.151288530747236 0.141401545509797 0.144372397410779 0.151055625618708 0.188266205375036 0.346391886461463 0.49014614250297 0.506198134859897 0.52499707046541 0.601803981868264 0.652884728118318 0.642251610501513 0.634350491884681 0.637648698331146 0.627842302745669 0.612481974383742 0.599256407583144 0.586444203506345 0.57004166225303 0.555959244263313 0.542107761486703 0.525094021496549 0.510720889092325 0.49720677999074 0.481271785345567 0.468797858477386 0.459035636764485 0.447977251335981 0.434258055029731 0.427121617954219 0.430289092406938 0.431713452863995 0.432754111872364 0.435071164388661 0.438037815511002
0.495952193819756 0.397568236128696 0.250339400508913 0.14305485972657 0.121320662631307 0.0906912568226849 0.0797519269367847 0.0789232514571602 0.0694140606206082 0.0461206162512817 0.0351836075367476 0.0486114218971284 0.075967886292898 0.100641785291745 0.11466061495066 0.146809526980144 0.160315484614773 0.138230163322764 0.145390387856135 0.167451027009529 0.168310383837349 0.16349496133071 0.162491377538251 0.161364856089124 0.126077010509384 0.108619886454705 0.187323710385697 0.407413278936075 0.537071513168714 0.538429251871474 0.555476283789974 0.592036366663857 0.609589201491567 0.6215770712116 0.622065271912236 0.616237850202317 0.60351373764587 0.592002516925894 0.579757976030376 0.564598495678839 0.551260533084977 0.537849321688056 0.521137782675473 0.507208112214445 0.494028998969715 0.477977046280575 0.464801910059806 0.454022797973463 0.442636098479598 0.433818656508242 0.426416554357991 0.422257159278992 0.422831866078089 0.423453352085209 0.425898205155791 0.430716104120131
0.529895948581753 0.467488202635385 0.30781257080272 0.164040652711334 0.152848012592569 0.123526046056142 0.0898853657228234 0.087758292827103 0.0835088315679687 0.0474988088095876 0.0323666545335106 0.0456803746715773 0.0457073517805322 0.0648948086203806 0.0874977989709602 0.124546102374753 0.149047838127489 0.133445089603518 0.136010251775868 0.160741071605501 0.166241100077296 0.157807577748039 0.162452055230834 0.161019313766714 0.12960556341168 0.123269078164877 0.175878821541052 0.366714746869397 0.526148611687535 0.538201722003542 0.565906021286032 0.590901980130356 0.578848768000302 0.598591755194197 0.6038838668448 0.604449181295054 0.595914742233735 0.58634911661723 0.574890352494226 0.560676302488009 0.5482399054872 0.53496026270697 0.51864488169861 0.504889325167386 0.491814095364664 0.47585255253661 0.462737937475051 0.451382385812783 0.439703486254858 0.430894539071457 0.421348031099497 0.414662065918731 0.416047664100442 0.418349408023059 0.420753031469506 0.424188045452854
0.546120357140038 0.515303249606978 0.408359495634507 0.302172153206043 0.252776734507537 0.20914371303081 0.159641846188745 0.11977162198153 0.09921842464961 0.0822279814560652 0.0721245957765304 0.0516898180461894 0.0466702233096723 0.044852148570001 0.0561567129142925 0.0754841926450261 0.0801994533059746 0.0659469978950184 0.0636938694932079 0.0753994945168066 0.127934699571361 0.173672512225875 0.176503070885727 0.166253419152078 0.149984545937849 0.134882558575672 0.186665099012365 0.32990816900582 0.451651713646081 0.51013748182301 0.54511911998266 0.55978667366383 0.560849862156373 0.549747093064838 0.545294901286802 0.572376955571214 0.580102686232166 0.575319326919569 0.566970399985207 0.554460146253515 0.543057656718759 0.530512421390959 0.514965602875384 0.501833431976755 0.488837750696509 0.473467256621942 0.461063389018888 0.449413535413453 0.436238121987862 0.427543401368834 0.420313534969003 0.410396115772178 0.404206890240454 0.405349355035469 0.409940546539483 0.411152214555135
0.507115067486903 0.512664109804975 0.45543685249791 0.374896503173138 0.327589942985708 0.293358852720862 0.227357423381726 0.164698983400676 0.177913870744838 0.187278018889655 0.0962291166331872 0.0392797354901807 0.05445022218361 0.0538783992980797 0.062006773296498 0.0758032876953201 0.0913793589598147 0.0604607738900477 0.0458117492050098 0.0518789672136543 0.100727418712287 0.153820686396391 0.162273833551182 0.169835989400748 0.165855835642936 0.15029274440534 0.218207113870594 0.292421271076217 0.289554518143731 0.394090928387734 0.500928444333415 0.519499559139163 0.521510259667397 0.516055153032204 0.495066343299237 0.520204937110182 0.561745976211935 0.564776543799593 0.56008858675861 0.549446995685726 0.539150416090895 0.527284530907687 0.512688066761189 0.499845985769262 0.486459615837678 0.471554779265438 0.459926138346333 0.448801481918569 0.435815900147052 0.426774280670879 0.419729489940162 0.408876987981771 0.396520999081046 0.39363108851122 0.401949944534221 0.407360105040704
-9999 0.552288111127405 0.502014956474863 0.456685036227124 0.401376695593879 0.275966504438785 0.195303065306905 0.15944820350043 0.185835880954887 0.215904444993981 0.110173288075201 0.0463296265242523 0.105941519086876 0.158031543104518 0.110107516794377 0.0716791399381804 0.0638611222354138 0.0543313037127979 0.0739119804862838 0.0847726502654985 0.108745822806218 0.142500213701731 0.159391803436179 0.162223055486755 0.164639829029328 0.16480497434353 0.173121227349435 0.160515644574385 0.172616874927176 0.296877239837305 0.427946006264166 0.476745262714728 0.47712614150092 0.482874639563382 0.503365049818176 0.506852086914452 0.522278726410583 0.557612666707193 0.555580248928652 0.546107881557083 0.536167398743561 0.525171243878833 0.511274704653574 0.498775063377469 0.486376775450985 0.471626366183289 0.459542404118302 0.449075414173548 0.437673559604263 0.428958050951775 0.419775666254555 0.408027142236426 0.392780322133616 0.386016190835769 0.394967653446175 0.401615476766899
-9999 -9999 0.543841352364023 0.48224671107678 0.411065502996529 0.34803203090348 0.268398487467362 0.238690832365865 0.289825866196966 0.313563543369977 0.186808987448559 0.142381766868859 0.245112552533221 0.20838995875101 0.106330929483543 0.0716700348208501 0.0566256287715101 0.0600187229552524 0.059327309630566 0.0765619434089026 0.0923827066114821 0.114330629845914 0.140709472049948 0.147646107559056 0.153988817643039 0.15652240918068 0.1513858133387 0.104757931126759 0.0489853242517515 0.130210419341558 0.319148171118722 0.419133009136299 0.422485753493631 0.431332604381206 0.455630602269761 0.462581987374015 0.480442734535526 0.526548975845828 0.545629512494951 0.540118208637083 0.532319201798551 0.522946748937913 0.510029741216062 0.498406680244626 0.48724410050339 0.473139044121914 0.461912265630393 0.452446958473623 0.441760052794005 0.43369010609877 0.422631453323123 0.403196493058038 0.38971591184231 0.38695025813716 0.38949507923969 0.397886541913945
-9999 -9999 -9999 -9999 -9999 0.520628746394163 0.413985624477408 0.370040337909322 0.413316957265448 0.407092956601497 0.32933788833539 0.338810015196946 0.326832526305705 0.219205651078852 0.177965099183555 0.127709394898731 0.0846445588635472 0.0768042966125601 0.0544133733035151 0.0726168927848456 0.0923679363182422 0.086834286239465 0.121273296980771 0.130685276905147 0.137472136001968 0.143361995161614 0.144208421806758 0.140677135584251 0.124698095620454 0.0896763498128349 0.183019425534317 0.351635223496219 0.367596251397536 0.335548897649067 0.336230776430989 0.37233842606226 0.393575224847784 0.432332587777561 0.50056408386618 0.527568811702096 0.528880668346906 0.520368039123705 0.508071086836418 0.496993570175444 0.486887883387208 0.473965456662233 0.463872915821544 0.45568521924439 0.446192526957833 0.438821669854476 0.43304787798353 0.426527454084309 0.417883352209711 0.403958503067911 0.388876445283959 0.389366904654763
-9999 -9999 -9999 -9999 -9999 -9999 0.439355261168325 0.402866742032759 0.405796808656475 0.377916549340038 0.358289233423816 0.399094547864888 0.401316114012478 0.347428651615382 0.273953276985476 0.157115491517083 0.0781407748561964 0.0786640806290668 0.0498077143142919 0.0492520156649901 0.0615407135374203 0.0616953738231795 0.0805648615539136 0.104741532201208 0.115552834051361 0.114036216683918 0.124972735376402 0.134086151009422 0.125299620201833 0.0945848900727117 0.126050643176096 0.243424360004593 0.308059840018085 0.291700465576882 0.262561131884623 0.326116797347954 0.368972373583692 0.391927249506792 0.449147852011152 0.501863125755178 0.524205387417349 0.51928665072689 0.50778880718406 0.497698414176105 0.488353246335997 0.47599532394453 0.466316071660612 0.458662275714358 0.449817481155731 0.442858156853427 0.437914961143639 0.432801818239363 0.428021417627311 0.416626528352306 0.400448976579713 0.398360750599414
-9999 -9999 -9999 -9999 -9999 -9999 -9999 -9999 0.547168327223588 0.51458830154857 0.474734308680119 0.470202063760955 0.463633225973172 0.437955883428314 0.403293994864681 0.323436892373175 0.216575773486938 0.135073316747924 0.113597345232575 0.103107237745161 0.053219261163882 0.0313414998349941 0.0343491125798493 0.0591363896135212 0.0855857291199462 0.104210399081845 0.129497874117854 0.113419068120848 0.105654678007897 0.125740368029933 0.148717817134179 0.176587915561863 0.208795210862081 0.26485855743857 0.262524225241567 0.225515148453679 0.230736068676106 0.27149298560972 0.335547907827031 0.402113664697917 0.488758976008713 0.512702531682406 0.506955690592521 0.49910213336683 0.490256209581316 0.478525038107184 0.468696051548065 0.46095523627953 0.453541179987612 0.448221732209428 0.443133660138711 0.438032041912859 0.434914040854973 0.43068071370483 0.424003434917627 0.420110163068113
-9999 -9999 -9999 -9999 -9999 -9999 -9999 -9999 -9999 -9999 -9999 -9999 0.501675415308226 0.468202139519762 0.432203750633649 0.343402286086474 0.244512821595989 0.250188937524108 0.265103484232496 0.194005486733664 0.0785141019637811 0.0161049162679921 0.0284239467103268 0.0516264413106748 0.0676713974356168 0.0974745394595048 0.124850352248488 0.118473626294996 0.099066461774912 0.0968796444657935 0.145678796443426 0.213438838361242 0.17251577738115 0.127021897584674 0.213086390603683 0.2122906646911 0.129186946234685 0.130101118226316 0.19684796583485 0.316541555868752 0.432518251102389 0.486208850741296 0.499464974397246 0.497644280515585 0.490901529605204 0.48133127104324 0.472185162846228 0.463195117282567 0.455962950116051 0.452363761980269 0.44781500785286 0.442699506791155 0.439531309743196 0.437965858339746 0.435727491443836 0.43382135696775
-9999 -9999 -9999 -9999 -9999 -9999 -9999 -9999 -9999 -9999 -9999 -9999 -9999 0.522525991179308 0.457249649859357 0.440566000191829 0.413201981260997 0.370363663358192 0.288124827783603 0.162563776128823 0.0522164445794638 0.0107007889365352 0.0142550408374293 0.0330182711872725 0.0546380750513576 0.0898542256974478 0.118500829968784 0.116401059936457 0.102102769462949 0.0931857516160998 0.103052333886059 0.121983913793775 0.120720171078107 0.0920741862928128 0.129744399876904 0.19342795933286 0.120908761559798 0.0573377929976273 0.12224537423623 0.211169923316857 0.279005351732377 0.363481602863755 0.44307222330427 0.476704717070147 0.480498670147347 0.475221954763674 0.471485369149231 0.464840258598481 0.45830156364702 0.453014959480132 0.449159377761704 0.445757872898925 0.44284196472938 0.440827112121311 0.4389011913738 0.437446211788235
-9999 -9999 -9999 -9999 -9999 -9999 -9999 -9999 -9999 -9999 -9999 -9999 -9999 -9999 -9999 0.499678655679441 0.482653947443758 0.418689634615341 0.349127611070322 0.26170928291092 0.141455527864864 0.0782973876016426 0.0429345053043085 0.0291532701835626 0.049633051331924 0.0704710088789674 0.0996161523377342 0.109743363552791 0.110527755340414 0.101196320620853 0.101105588205947 0.100435290782677 0.0991542652591283 0.0896243452660358 0.0748428208322715 0.113826599438607 0.132945050491922 0.133763066381134 0.148021474420552 0.126603826508418 0.127996630621724 0.209918369516872 0.320169219589828 0.376765249579473 0.396539990847389 0.419010731590308 0.442546352302815 0.453162967537969 0.453763715665057 0.451931848324037 0.449568898000611 0.448447891725918 0.447044041254237 0.445000547394612 0.442638485429257 0.441006343367846
-9999 -9999 -9999 -9999 -9999 -9999 -9999 -9999 -9999 -9999 -9999 -9999 -9999 -9999 -9999 -9999 -9999 0.503127795489319 0.443084132247092 0.425306470009637 0.365542536275058 0.280311668670159 0.158368149768913 0.0474259217866879 0.0504247263550718 0.0842787341239244 0.0907420789380341 0.089074675165392 0.0988742753204094 0.113850709109693 0.120396103999937 0.127266604492082 0.125207570928746 0.11683761596264 0.0981332737969493 0.0757958442520774 0.114443410935602 0.209240409751168 0.229231910763771 0.167092875859453 0.108749221580122 0.134619530493932 0.169373775573876 0.192652563638023 0.270697937931127 0.282502144667737 0.323332039540868 0.383848043653779 0.420372845613215 0.443652884665632 0.445661080149082 0.449111366191633 0.450079739108759 0.448547098786137 0.446180296011498 0.444372878920565
-9999 -9999 -9999 -9999 -9999 -9999 -9999 -9999 -9999 -9999 -9999 -9999 -9999 -9999 -9999 -9999 -9999 0.473520445176307 0.468273310344721 0.475414369002658 0.42223898572765 0.288994013100951 0.159230821807838 0.0817101843668211 0.0560146344239968 0.0760826454635893 0.0773290145700449 0.0769208538267054 0.0917842701538407 0.105154959697572 0.109268652552513 0.119834494807136 0.123647066863641 0.121207621039332 0.110407605827257 0.0890194767511413 0.0967418986722602 0.176877653195248 0.218087483039166 0.160263654891864 0.120076528205302 0.169594696556435 0.212466069920975 0.225928416413198 0.264504237044816 0.280803973451061 0.311798741406798 0.347698364457893 0.397671235976999 0.4373242781438 0.445324166044817 0.451981913714187 0.452861810976833 0.451458352362703 0.449188693954705 0.447465928344387
-9999 -9999 -9999 -9999 -9999 -9999 -9999 -9999 -9999 -9999 -9999 -9999 -9999 -9999 -9999 -9999 -9999 -9999 0.523595678250466 0.518424291390674 0.500226976526293 0.448933137606584 0.327356081754172 0.158754864941403 0.0464059648738048 0.0325700740342882 0.0359694012321993 0.0526498297073996 0.0788926894534218 0.080162623805676 0.0855544504201434 0.0859430806416313 0.100228121615831 0.121607020816956 0.118822011893426 0.0901969181823993 0.0788113282736213 0.0958299588933702 0.134244613638902 0.212913011928924 0.234732673731895 0.238309855520349 0.273654147902036 0.291811979245049 0.295622206586935 0.303133622089633 0.305140410580866 0.315629406031661 0.360703090878503 0.412741102320093 0.438980801624903 0.45570846553172 0.456169445021639 0.454646197149835 0.452951438542387 0.45143858257677
-9999 -9999 -9999 -9999 -9999 -9999 -9999 -9999 -9999 -9999 -9999 -9999 -9999 -9999 -9999 -9999 -9999 -9999 -9999 -9999 0.546149750559395 0.524240427338015 0.438185477267857 0.255524532126541 0.0859991145688256 0.0289710519143322 0.00682210647727377 0.0383443435393978 0.0812474472562212 0.0665067493611328 0.0836639600100446 0.101087209370738 0.100314469866962 0.112526379861403 0.12023770213718 0.0891209822955236 0.0926189788808518 0.113714328854649 0.0939890274025495 0.154795533210329 0.236997259778503 0.253326839002794 0.252293921846078 0.274651030781573 0.280975361124052 0.268907631115903 0.276686257023904 0.318169474763026 0.346755941879911 0.401222392278845 0.441845824287663 0.457596620982074 0.458849154926177 0.45830093161461 0.456937450698936 0.455620529981132
-9999 -9999 -9999 -9999 -9999 -9999 -9999 -9999 -9999 -9999 -9999 -9999 -9999 -9999 -9999 -9999 -9999 -9999 -9999 -9999 -9999 0.550626140290993 0.4744537611726 0.33071747892604 0.165220051632883 0.0660178234070016 0.0304933498387351 0.058657143873408 0.100807129058978 0.109529498260505 0.112548043939061 0.11044605534447 0.1120838916893 0.118342590975936 0.119964872750888 0.0872896747068796 0.074710151109273 0.109850681317636 0.103294622722868 0.149670070176371 0.225306029682519 0.249577313168732 0.27933283049945 0.291910822681275 0.298825878287477 0.301492880809633 0.286749331393056 0.276954906685737 0.347405980440267 0.424937057745016 0.44960854584269 0.461337566765538 0.461561729171183 0.460903418067583 0.45953566562181 0.458275364369912
-9999 -9999 -9999 -9999 -9999 -9999 -9999 -9999 -9999 -9999 -9999 -9999 -9999 -9999 -9999 -9999 -9999 -9999 -9999 -9999 -9999 0.526709722149412 0.49289056914494 0.354735388269759 0.204843349891916 0.0976541641775015 0.0450513994425683 0.0726055559121881 0.100291545982108 0.113037130938368 0.115299468423402 0.114168540671654 0.114491817844223 0.117071547103404 0.118690002583354 0.096948064678498 0.0719451057452227 0.0862023097457418 0.102446661090247 0.123900439825358 0.164219955432788 0.216738796104039 0.264795782168864 0.275404850937688 0.291832014899879 0.310157188592665 0.298552803020707 0.315085832058419 0.395276281096163 0.44618611129268 0.460208512202447 0.465523475106144 0.465727134841661 0.465056017887246 0.463070152749831 0.461062308749891
-9999 -9999 -9999 -9999 -9999 -9999 -9999 -9999 -9999 -9999 -9999 -9999 -9999 -9999 -9999 -9999 -9999 -9999 -9999 -9999 -9999 0.49283350465559 0.469865808154255 0.380699621547422 0.254497359618418 0.141465900112397 0.0609372613773549 0.0327325532574368 0.0670429345825325 0.106235587960912 0.116936641976321 0.121675526131139 0.117526199778046 0.112771526312232 0.114715539451141 0.0965138566893645 0.0519184733339165 0.0246787809831697 0.0382845739610031 0.0562101983834989 0.0933224408767185 0.16843788427456 0.210321463564431 0.218664966018234 0.226013524166787 0.252770223024412 0.307632053208661 0.37917068869972 0.423473186868588 0.448473874286725 0.45598126461102 0.465621796981867 0.469080520051689 0.468493590514598 0.463939192277394 0.45996617445574
-9999 -9999 -9999 -9999 -9999 -9999 -9999 -9999 -9999 -9999 -9999 -9999 -9999 -9999 -9999 -9999 -9999 -9999 -9999 -9999 -9999 0.480361007849853 0.461947409686743 0.401686001382964 0.311534275497232 0.194301879234198 0.0750746469882308 0.0282039996038507 0.0585421310806033 0.101928859304397 0.121876952939974 0.122857248696978 0.119722455900009 0.113773870182967 0.113139350614994 0.101909808036406 0.0673133862698126 0.023247193128346 0.0243232897260668 0.0549488250383448 0.0848026873712916 0.153422918341291 0.183431064282578 0.181309279471154 0.212451474927179 0.256420496771531 0.314604440266027 0.386002362376789 0.409367252726743 0.429768792250986 0.447977567707662 0.463033414347663 0.469182276941046 0.470153137440168 0.468255616894495 0.466825350822128
