layers/veg/veg1800.asc
NCOLS 255 
NROWS 330 
XLLCORNER -2985163.8955 
YLLCORNER -3022031.214 
CELLSIZE 25000 
NODATA_value -9999 
[rows 250 to 274 of 330, columns 56 to 111 of 255]
-9999 -9999 -9999 -9999 -9999 -9999 -9999 -9999 -9999 -9999 -9999 -9999 -9999 -9999 -9999 -9999 -9999 0.65140606439719 0.664413044695526 0.684252707991085 0.67872790747631 0.644457482146707 0.588769720428018 0.554645984706922 0.538290121025936 0.527252461274964 0.532335612805366 0.532421936001466 0.527034464718805 0.510371286870997 0.480572732152939 0.469873449038048 0.456985006158595 0.428520759001074 0.414935379595606 0.423897235926095 0.421004351609805 0.413453619974411 0.403360604270636 0.39129546620903 0.379543532511314 0.377515179243014 0.38070402804115 0.380422294153568 0.375100090630767 0.372594582884132 -9999 -9999 -9999 0.312753765752275 0.306050373468954 0.299884727229558 0.294415791031213 0.290088629990039 0.286787410286836 -9999
-9999 -9999 -9999 -9999 -9999 -9999 -9999 -9999 -9999 -9999 -9999 -9999 -9999 -9999 -9999 -9999 -9999 0.673207409607198 0.679389127121226 0.698704373843292 0.693826266424777 0.67219299929106 0.638412188866934 0.594604367984093 0.582048502827315 0.600197523645031 0.576921712001745 0.548378895173533 0.539940525700568 0.521897824783309 0.501510440503882 0.510213993173315 0.503145708550464 0.474750222556689 0.456802570040308 0.444223272853939 0.428109199182415 0.403844487526536 0.377507041602268 0.35709545179463 0.34073286016971 0.34853315714057 0.36797302426319 0.381059507903577 0.383414903705741 0.378651660778174 0.378368561523394 -9999 -9999 -9999 -9999 -9999 -9999 -9999 -9999 -9999
-9999 -9999 -9999 -9999 -9999 -9999 -9999 -9999 -9999 -9999 -9999 -9999 -9999 -9999 -9999 -9999 -9999 0.684033295872432 0.695508190067533 0.706744269507651 0.703838089223425 0.684014328780298 0.65592403225963 0.597850778728039 0.561677724488996 0.5900332666201 0.589264344738604 0.564047601080838 0.543110272083124 0.530626004551411 0.517848997712308 0.520532560374535 0.515290528003606 0.494048630906587 0.472788618577014 0.451198344225866 0.427284598386871 0.40441082728001 0.383315226527325 0.355578295379886 0.333069192069516 0.347017831713704 0.375593314139249 0.389690201793207 0.390481495842203 0.387728051278097 0.388701971967119 -9999 -9999 -9999 -9999 -9999 -9999 -9999 -9999 -9999
-9999 -9999 -9999 -9999 -9999 -9999 -9999 -9999 -9999 -9999 -9999 -9999 -9999 -9999 -9999 -9999 -9999 0.704707377418442 0.704531334481322 0.715189501043365 0.716105912166705 0.682633274147657 0.648155370861087 0.636423214567253 0.617627842804847 0.568575452352165 0.537743517046111 0.559793658192672 0.533773948458399 0.517407694122942 0.52063926769305 0.521220606252815 0.510175549486595 0.49366113411472 0.477356920514 0.45410941482514 0.433612520828834 0.413149754653478 0.390745886580452 0.367799256158255 0.354527559601394 0.369120389914439 0.39304812590375 0.402906253023297 0.398348990059049 0.395020550214966 0.399313264394619 -9999 -9999 -9999 -9999 -9999 -9999 -9999 -9999 -9999
-9999 -9999 -9999 -9999 -9999 -9999 -9999 -9999 -9999 -9999 -9999 -9999 -9999 -9999 -9999 -9999 -9999 0.732963146199469 0.730787120021567 0.734221351712576 0.725246419426869 0.70583802664122 0.682404700060042 0.6496172219249 0.615638143985433 0.583051787081274 0.560626583655649 0.572753315083696 0.571829770507509 0.547634690478988 0.526199809568922 0.510463724338763 0.493933188874011 0.473596222882332 0.475021814208971 0.455821165024947 0.437664609028104 0.430184535984887 0.420297660823686 0.425148051192682 0.420176463868362 0.412398533551103 0.412764117495656 0.413293039013072 0.411946869235682 0.410221182417563 0.416116165343431 -9999 -9999 -9999 -9999 -9999 -9999 -9999 -9999 -9999
-9999 -9999 -9999 -9999 -9999 -9999 -9999 -9999 -9999 -9999 -9999 -9999 -9999 -9999 -9999 -9999 -9999 0.749422536226055 0.748996668024353 0.747030997695217 0.700723041561946 0.688406971646946 0.675746781982316 0.668815418947904 0.657851553243684 0.627801879578018 0.60773848164231 0.614679606448598 0.607548143831308 0.595164445686684 0.56812795749531 0.538553966153345 0.50966705664076 0.472682967533823 0.451123732486563 0.437047956848119 0.430136950103242 0.424865241348934 0.422872460756134 0.443943297167695 0.451931897264164 0.442948181407133 0.435141220145926 0.436827868630084 0.435455500938792 0.433968029342984 0.434968369738262 0.433040810923063 -9999 -9999 0.403195741612902 0.396418037290559 -9999 -9999 -9999 -9999
-9999 -9999 -9999 -9999 -9999 -9999 -9999 -9999 -9999 -9999 -9999 -9999 -9999 -9999 -9999 -9999 0.730935140129432 0.747943217460114 0.761081603435309 -9999 0.723408468583187 0.726730886275078 0.700153148511753 0.64064313734179 0.639578824346424 0.643419621446154 0.635293332606898 0.637241175976814 0.625246604246168 0.607366792509743 0.588314262993818 0.562216976297569 0.519968617693777 0.473548024122195 0.445739974698221 0.430953325788088 0.436852590834704 0.443903707131326 0.448627056562601 0.464000287039018 0.468125960962988 0.459299280343356 0.452289580376737 0.453101394111693 0.450894725287282 0.447190743197116 0.442809725028628 0.434289050975585 0.427380825484573 0.419522841767304 0.410193858741362 0.41093542266745 -9999 -9999 -9999 -9999
-9999 -9999 -9999 -9999 -9999 -9999 -9999 -9999 -9999 -9999 -9999 -9999 -9999 -9999 -9999 -9999 0.69163499455889 0.717848812626649 0.758261602944358 0.770194137196557 -9999 0.743060596250245 0.686241700099477 0.623764969217002 0.64792920981042 0.676451120656262 0.662758186346737 0.658774977846963 0.655810436232951 0.622702788949225 0.601222039723157 0.598979232630235 0.569516956383223 0.533436086673386 0.504752513496969 0.49427597367577 0.483030290326225 0.465102018135737 0.466523779129409 0.48624106766292 0.499257905814718 0.492160899966554 0.483646155456557 0.481988396128681 0.475111595067072 0.46531585375736 0.457390166298999 0.446606565490828 0.432054043309963 0.427230779497393 0.42779968561261 0.429073944777105 -9999 -9999 -9999 -9999
-9999 -9999 -9999 -9999 -9999 -9999 -9999 -9999 -9999 -9999 -9999 -9999 -9999 -9999 -9999 -9999 0.697682630063478 0.72036740131682 0.756704020012998 -9999 -9999 0.729947740879643 0.753417871687517 0.719750596997671 0.681395022427407 0.705968183543806 0.673772210355293 0.664389923290989 0.681034170327416 0.656410861099876 0.639109664577778 0.63169793357058 0.594967070437009 0.547236578104812 0.506534710602015 0.502952625469546 0.493680014774529 0.48308467609452 0.490979960135863 0.519298207628003 0.546168343907285 0.532660409786977 0.513823500737855 0.503918044091157 0.493421899351319 0.480025280422337 0.477419497557487 0.476072567938424 0.466301927009149 0.45442350137648 0.441903604230256 0.44162936669544 -9999 -9999 -9999 -9999
-9999 -9999 -9999 -9999 -9999 -9999 -9999 -9999 -9999 -9999 -9999 -9999 -9999 -9999 -9999 -9999 0.733993421716744 0.740569313092403 0.764508983389488 -9999 0.736398881997062 0.721410905897753 0.69285129013876 0.661206139476598 0.655201052155187 0.663667713299517 0.663069428460588 0.667079827641076 0.672980932942746 0.64592087532014 0.630853934511209 0.635979470706322 0.606884782185503 0.570933457556818 0.55804294819265 0.527669978730972 0.512884222095112 0.527065360614929 0.538894505538982 0.55766770586134 0.56362959443828 0.548743875596374 0.526992324556785 0.511231470109153 0.500527951179143 0.492259821408834 0.487545586335613 0.477638848200797 0.467441270132333 0.464620371020646 -9999 -9999 -9999 -9999 -9999 -9999
-9999 -9999 -9999 -9999 -9999 -9999 -9999 -9999 -9999 -9999 -9999 -9999 -9999 -9999 -9999 -9999 0.76965125797305 0.770280280722473 0.769138961087281 -9999 0.764086430551451 0.750916285299293 0.715605872768406 0.687802080935135 0.680498805159445 0.696819191826276 0.710328505001434 0.696158771210159 0.70243713724336 0.680576544982295 0.631759827163347 0.601717869694968 0.604962264941403 0.603143265902473 0.587593135706593 0.571638728676178 0.563428930645836 0.574725012771253 0.577658430568017 0.576671985833355 0.565809306989094 0.550413349460074 0.532226125600955 0.520995425846118 0.51328027445924 0.506863858950556 0.500311544036899 0.493094753359218 0.490350507221975 -9999 -9999 -9999 -9999 -9999 -9999 -9999
-9999 -9999 -9999 -9999 -9999 -9999 -9999 -9999 -9999 -9999 -9999 -9999 -9999 -9999 -9999 -9999 0.767065918253933 0.767047717883162 0.769255996699471 -9999 0.778826703153387 0.758645930603616 0.729190303921125 0.700772206528774 0.670636389792334 0.69477860312549 0.725385772620662 0.683510630852119 0.673743882741516 0.677143597879559 0.649246537985047 0.627586352419047 0.621418148340655 0.610913905493419 0.594571774984166 0.610876750980183 0.609951715049761 0.598757805255696 0.584531023288717 0.570812598195827 0.561362206471774 0.551898023853482 0.542669035392176 0.538776108645249 0.52335256914351 0.504229143835316 0.500285218385224 -9999 -9999 -9999 -9999 -9999 -9999 -9999 -9999 -9999
-9999 -9999 -9999 -9999 -9999 -9999 -9999 -9999 -9999 -9999 -9999 -9999 -9999 -9999 -9999 -9999 -9999 0.771712309946253 0.774894154410678 -9999 0.793138452091635 0.749135844190804 0.741671700311249 0.753561020274006 0.683952499199346 0.689943056622845 0.70611399663775 0.68211711161969 0.684344937280241 0.676827886057434 0.655189490378123 0.64409778832915 0.626301584285159 0.609310509150623 0.601968769276751 0.615525966338466 0.615689132506333 0.600683895136889 0.58310663152789 0.57155152705157 0.562593836001694 0.554845564649792 0.549435470326509 0.541494302457811 0.522120972496176 0.519790068125892 -9999 -9999 -9999 -9999 -9999 -9999 -9999 -9999 -9999 -9999
-9999 -9999 -9999 -9999 -9999 -9999 -9999 -9999 -9999 -9999 -9999 -9999 -9999 -9999 -9999 -9999 -9999 -9999 -9999 -9999 0.791775476145633 0.75551164566014 0.736661017683019 0.745208218558968 0.718084383285036 0.708052678252588 0.702369979737464 0.692719937671584 0.682185804374465 0.680224463268313 0.664695452545719 0.659075662772794 0.644299128615409 0.63822241459178 0.649450181907944 0.638030662684072 0.622344552847376 0.608432083581582 0.59687929187799 0.582473592143847 0.567187680346833 0.558434495206573 0.545493618776959 0.531623768216623 0.523137876144466 0.523152268250376 0.531483441230085 -9999 -9999 -9999 -9999 -9999 -9999 -9999 -9999 -9999
-9999 -9999 -9999 -9999 -9999 -9999 -9999 -9999 -9999 -9999 -9999 -9999 -9999 -9999 -9999 -9999 -9999 -9999 -9999 -9999 0.781579336975821 0.775893347974264 0.753393471388993 0.717320174058402 0.677201738432818 0.693976015743916 0.714686540616638 0.696053925881287 0.688054284934077 0.678668897172467 0.654566960800224 0.651965775047681 0.645253469993604 0.639749418520778 0.64663456207484 0.631916631000217 0.608708444452739 0.598729871449242 0.598047014461522 0.59161431057665 0.57995170907331 0.566426800462494 0.551042004672095 0.535711101798807 0.528247725237622 0.53157419722337 0.542348381653037 -9999 -9999 -9999 -9999 -9999 -9999 -9999 -9999 -9999
-9999 -9999 -9999 -9999 -9999 -9999 -9999 -9999 -9999 -9999 -9999 -9999 -9999 -9999 -9999 -9999 -9999 -9999 -9999 -9999 0.760222888536404 0.752692701048508 0.776836119159837 0.762481507609139 0.710758891462062 0.722362553927988 0.718074825341359 0.712219553637272 0.706750807374332 0.685496017376485 0.657707359385176 0.633907994955339 0.62379058424973 0.629684297311048 0.636713241506235 0.622077616304303 0.601391452245322 0.596455358681037 0.594996515840585 0.589353796648449 0.575827764506071 0.563092788827591 0.546556703257023 0.536955992837548 0.532483164123912 0.537942448422922 0.547635113746429 -9999 -9999 -9999 -9999 -9999 -9999 -9999 -9999 -9999
-9999 -9999 -9999 -9999 -9999 -9999 -9999 -9999 -9999 -9999 -9999 -9999 -9999 -9999 -9999 -9999 -9999 -9999 0.793175548956321 0.790456270783675 0.767092870373278 0.749410637239447 0.728797443959327 0.724570998875208 0.698797220283194 0.700970983893984 0.720537017669336 0.705875718814182 0.704330283551853 0.701883057835263 0.680341564087474 0.65952420616442 0.634776505819537 0.631769764938198 0.638348290687935 0.611502892971376 0.602109310945024 0.610407276989383 0.606513670213598 0.593608974381937 0.581728827457872 0.567627033679828 0.549023025470913 0.544571226357538 0.548782135810248 0.55784793226491 -9999 -9999 -9999 -9999 -9999 -9999 -9999 -9999 -9999 -9999
-9999 -9999 -9999 -9999 -9999 -9999 -9999 -9999 -9999 -9999 -9999 -9999 -9999 -9999 -9999 -9999 -9999 -9999 0.783391685083139 0.783072068626329 0.782137362384238 0.757715309339691 0.732804685925125 0.731317992436402 0.710404765638351 0.70650072143921 0.6973983235953 0.691471573533297 0.70408869264803 0.704484445883401 0.690508741344849 0.664483341328078 0.63254658483991 0.633706249380508 0.648637150776095 0.636799535860718 0.62589931024852 0.614591080779797 0.603701882571957 0.594594581248415 0.578069763632524 0.563515277183371 0.571833020161863 0.578216517907677 0.575696994228902 0.574425763935461 -9999 -9999 -9999 -9999 -9999 -9999 -9999 -9999 -9999 -9999
-9999 -9999 -9999 -9999 -9999 -9999 -9999 -9999 -9999 -9999 -9999 -9999 -9999 -9999 -9999 -9999 -9999 -9999 0.757697113523461 0.784253024281865 0.775571983825876 0.727544589241975 0.70059653998039 0.700878406482941 0.701110434951538 0.689074944339197 0.665052273176301 0.652095146558188 0.680891091522643 0.696461291689552 0.679361476296433 0.651037960309423 0.631375752245157 0.636737327402701 0.642136911291776 0.632556172404811 0.625259247227426 0.607456748043637 0.594992817819424 0.590393558302878 0.573439589784395 0.569649381564364 0.586816708532566 0.58614536519544 0.576750949842345 0.569385302497208 -9999 -9999 -9999 -9999 -9999 -9999 -9999 -9999 -9999 -9999
-9999 -9999 -9999 -9999 -9999 -9999 -9999 -9999 -9999 -9999 -9999 -9999 -9999 -9999 -9999 0.759137861683343 -9999 0.751451510727227 0.766439058235043 0.781106765717637 0.730195140627653 0.718232131157777 0.693824542354062 0.680543254633687 0.674037732801966 0.668231094202632 0.663503377092329 0.667945053504562 0.677124689670186 0.677020867188351 0.67085440396665 0.659804731815533 0.637865959373484 0.633362419161299 0.636435860356422 0.619934648327705 0.606138619621111 0.594442048912556 0.593372008246948 0.583222751383711 0.580201402358404 0.594633502881202 0.601819451908681 -9999 -9999 -9999 -9999 -9999 -9999 -9999 -9999 -9999 -9999 -9999 -9999 -9999
-9999 -9999 -9999 -9999 -9999 -9999 -9999 -9999 -9999 -9999 -9999 -9999 -9999 -9999 -9999 -9999 -9999 0.755698237077465 0.756315633893458 0.751737203532748 0.736354404858564 0.70252615248498 0.664489143853543 0.653019146123377 0.641162715984061 0.660413147729501 0.678396242062829 0.65786829649657 0.657422608118809 0.659684582039057 0.661011713822156 0.655131047260415 0.633226827300984 0.630504581821527 0.644272643899245 0.631966396216648 0.614902534107352 0.600199546962639 0.579586082553204 0.580108767864123 0.597187427660946 -9999 -9999 -9999 -9999 -9999 -9999 -9999 -9999 -9999 -9999 -9999 -9999 -9999 -9999 -9999
-9999 -9999 -9999 -9999 -9999 -9999 -9999 -9999 -9999 -9999 -9999 -9999 -9999 -9999 -9999 -9999 -9999 0.737741134349368 0.746000814103063 -9999 0.74086559128054 0.723233215341564 0.685872860564143 0.681438210034484 0.656929834830523 0.632491082843999 0.634218368293174 0.639694503708504 0.646853891017719 0.652870561629133 0.651103546249509 0.645653447510277 0.627269285579816 0.624653378369895 0.641822082221134 0.628323420831095 0.603858865046724 0.575905132697558 0.56524941183991 0.576275477843151 -9999 -9999 -9999 -9999 -9999 -9999 -9999 -9999 -9999 -9999 -9999 -9999 -9999 -9999 -9999 -9999
-9999 -9999 -9999 -9999 -9999 -9999 -9999 -9999 -9999 -9999 -9999 -9999 -9999 -9999 -9999 -9999 -9999 0.742496448157147 0.74952231115761 -9999 0.704461409848155 0.692545440092488 0.676126198357284 0.66976134536104 0.667076720175837 0.644494506694776 0.619097664171357 0.620113275767551 0.628972427156582 0.635827492808396 0.636940399926903 0.632744950336468 0.620907705041969 0.615475499544031 0.618502599552795 0.605514971580091 0.579916602589092 0.568735717598658 0.581594255830049 0.595953746264245 -9999 -9999 -9999 -9999 -9999 -9999 -9999 -9999 -9999 -9999 -9999 -9999 -9999 -9999 -9999 -9999
-9999 -9999 -9999 -9999 -9999 -9999 -9999 -9999 -9999 -9999 -9999 -9999 -9999 -9999 -9999 0.755518010663539 0.728077685982647 0.721685378244844 0.725154233982426 -9999 0.742283975607844 0.669429404747323 0.614176558720436 0.606332252847694 0.575631957715445 0.565906895884398 0.601044717952169 0.598114149453099 0.601281060065703 0.610182177330494 0.612546091345345 0.612533468916336 0.612171448939354 0.611417996677318 0.600875976977242 0.584877443404203 0.595765652542142 0.612140973138358 0.607060972494251 0.603997222030233 -9999 -9999 -9999 -9999 -9999 -9999 -9999 -9999 -9999 -9999 -9999 -9999 -9999 -9999 -9999 -9999
-9999 -9999 -9999 -9999 -9999 -9999 -9999 -9999 -9999 -9999 -9999 -9999 -9999 -9999 0.766309292401797 0.755133845345674 0.728638929189504 0.71243714819067 0.730972601019196 0.762345875313828 0.723457738087467 0.647352373892384 0.646432986491441 0.639069419464695 0.57800085891257 0.559569122565518 0.563047231327106 0.57796714978126 0.5900698492013 0.600864102940284 0.605514668153948 0.601541006343707 0.598212192495645 0.599938208370527 0.593196808178585 0.587100904527587 0.604554399459902 0.612535157600901 0.604250605339294 0.591847928627029 -9999 -9999 -9999 -9999 -9999 -9999 -9999 -9999 -9999 -9999 -9999 -9999 -9999 -9999 -9999 -9999
