layers/veg/veg1700.asc
NCOLS 255 
NROWS 330 
XLLCORNER -2985163.8955 
YLLCORNER -3022031.214 
CELLSIZE 25000 
NODATA_value -9999 
[rows 175 to 199 of 330, columns 57 to 113 of 255]
-9999 -9999 -9999 -9999 -9999 -9999 -9999 -9999 -9999 -9999 -9999 -9999 -9999 -9999 -9999 -9999 -9999 -9999 -9999 -9999 -9999 0.58221137679151 0.425318983211456 0.182671239565939 0.223992133794116 0.237283717138209 0.152993976926749 0.0776220849568021 0.00817892590794115 0.0011493765029586 0 0 0 0 0 0 0 0 0 0.0132278825111346 0.0479486316208147 0.193172968300522 0.272180375735506 0.274360439097201 0.282172781820571 0.293337034555832 0.320634348550554 0.333069123834196 0.324724337671715 0.32320487158778 0.323750804843659 0.317242804288221 0.302673099126433 0.27443986887742 0.273292195090608 0.284288989895075 0.284771894174181
-9999 -9999 -9999 -9999 -9999 -9999 -9999 -9999 -9999 -9999 -9999 -9999 -9999 -9999 -9999 -9999 -9999 -9999 -9999 -9999 -9999 -9999 0.428542887733908 0.190881193062794 0.185744121315163 0.169872742462355 0.105106107831154 0.0509434759504002 0.00383056038004523 0 0 0 0 0 0 0 0 0 0 0.0066529766952641 0.0350136114947959 0.183271296097842 0.259047437248817 0.250727795927382 0.273647720641773 0.303145856614645 0.312752928697436 0.317999098355413 0.317148218131231 0.316149248356244 0.313988079120586 0.292033832729761 0.274196250522067 0.263335870666541 0.266881239312264 0.276867004321231 0.278646919932482
-9999 -9999 -9999 -9999 -9999 -9999 -9999 -9999 -9999 -9999 -9999 -9999 -9999 -9999 -9999 -9999 -9999 -9999 -9999 -9999 -9999 -9999 0.211293469134793 0.206468823836842 0.160383207974406 0.112168886167033 0.0623936289333223 0.0273331288569193 0.00205524257048981 0 0 0 0 0 0 0 0 0.00213852010683784 0.00634133565745734 0.00596643526847117 0.0256809418744423 0.169621250869245 0.243097891093009 0.234819962098809 0.265678504636225 0.303335164757317 0.302935201143778 0.304922881144973 0.310248765215357 0.305292245780592 0.295517192943791 0.265897960419458 0.249129232616874 0.25414041393064 0.260923906808752 0.268485290973886 0.273023830590219
-9999 -9999 -9999 -9999 -9999 -9999 -9999 -9999 -9999 -9999 -9999 -9999 -9999 -9999 -9999 -9999 -9999 -9999 -9999 -9999 -9999 -9999 0.216228966922794 0.219037498573061 0.162574937544986 0.103129793253082 0.0416334623351247 0.0109777701901105 0.000825444490525553 0 0 0 0 0 0 0 0 0.0123744047584902 0.0366937181857295 0.0345243819505467 0.0444435915939895 0.158446421587391 0.228875909603388 0.248749985661982 0.270528932910481 0.291184735275738 0.296750166376834 0.299846254835857 0.299489914462902 0.275606923472877 0.244912327076281 0.244026086678606 0.243962888384537 0.245294637806814 0.251968081120245 0.261056530168764 0.270846311363581
-9999 -9999 -9999 -9999 -9999 -9999 -9999 -9999 -9999 -9999 -9999 -9999 -9999 -9999 -9999 -9999 -9999 -9999 -9999 -9999 -9999 -9999 0.258906467746676 0.250171761060501 0.180873292813056 0.111057747452078 0.0455690189266502 0.0124829182327661 0.00093862012981473 0 0 0 0 0 0 0 0 0.0135235991643811 0.0401014146764593 0.0513274583264149 0.0699808792523993 0.151443775560097 0.210662076987131 0.244071372104742 0.263786913504798 0.278647053059667 0.284273685034658 0.28213469592472 0.269138463403112 0.246225693780593 0.221648205683052 0.231169891412854 0.238320098074213 0.241450960772018 0.248201781905937 0.256605309799503 0.26772684701986
-9999 -9999 -9999 -9999 -9999 -9999 -9999 -9999 -9999 -9999 -9999 -9999 -9999 -9999 -9999 -9999 -9999 -9999 -9999 -9999 -9999 -9999 0.27689084898581 0.295970553368008 0.213630716911655 0.134217178849624 0.0716741576594874 0.0300216105267477 0.00225739586244321 0 0 0 0 0 0 0 0 0.00651558658149694 0.0193206140014236 0.0575780774686202 0.101599822876477 0.148186537539687 0.188864722205196 0.222687610615227 0.246638245179184 0.265761730434736 0.266149313142131 0.25308063960954 0.221198551437018 0.217117450878959 0.222928126825878 0.226407155203873 0.232249597654705 0.242097714966195 0.249094169240729 0.254827055383283 0.263761789717174
-9999 -9999 -9999 -9999 -9999 -9999 -9999 -9999 -9999 -9999 -9999 -9999 -9999 -9999 -9999 -9999 -9999 -9999 -9999 -9999 -9999 -9999 0.309300476821294 0.309315695248365 0.233457926430804 0.154582246999262 0.0751115488534441 0.0278857122582794 0.00209679262266884 0 0 0 0 0 0 0 0 0.00270171084985198 0.00801136042327838 0.0423176371890145 0.0871959514846903 0.158634587991979 0.197960189452746 0.200027053293129 0.213896528190646 0.229499023497968 0.230737307712614 0.226007771558737 0.212934526940392 0.212914740267215 0.217396986202253 0.218241176584573 0.22287068450967 0.233915805972396 0.243419216964978 0.252203092352803 0.257648564483132
-9999 -9999 -9999 -9999 -9999 -9999 -9999 -9999 -9999 -9999 -9999 -9999 -9999 -9999 -9999 -9999 -9999 -9999 -9999 -9999 -9999 -9999 0.321813003680794 0.316860958189841 0.246450475939272 0.167644181974889 0.0736236331833199 0.0231938778300841 0.00174400250116486 0 0 0 0 0 0 0 0 0 0 0.0236984048070442 0.0633075409775864 0.167534076788127 0.209767762788744 0.180075038779789 0.183440540980842 0.195127258693581 0.198147321248922 0.203178628507514 0.211021890285239 0.211770311739837 0.210019282234923 0.209308496355749 0.213107830522493 0.224551222788965 0.236481327808363 0.24856096522138 0.250885715911879
-9999 -9999 -9999 -9999 -9999 -9999 -9999 -9999 -9999 -9999 -9999 -9999 -9999 -9999 -9999 -9999 -9999 -9999 -9999 -9999 -9999 -9999 0.32653573110199 0.328887794666022 0.236529405310231 0.145838677791955 0.0681992576201472 0.0239120727736246 0.00179800527668323 0 0 0 0 0 0 0 0 0 0 0.00809674749482731 0.0340733946015878 0.155571219669804 0.206399239715964 0.175233523599033 0.179410415421445 0.192487329605171 0.196333269500614 0.200273641096005 0.204346039214566 0.202867550930969 0.199576176920073 0.199644960455996 0.204490172168921 0.217430799108599 0.229245223612386 0.240487497960607 0.242810856782031
-9999 -9999 -9999 -9999 -9999 -9999 -9999 -9999 -9999 -9999 -9999 -9999 -9999 -9999 -9999 -9999 -9999 -9999 -9999 -9999 -9999 -9999 0.311457390252919 0.318733764642728 0.207964138762938 0.108856522745733 0.050339437699989 0.0173395055393027 0.00130379840969422 0 0 0 0 0 0 0 0 0 0 0.00238241216307968 0.0217570966620997 0.138476353708956 0.192341166976199 0.173279916865529 0.177494341765754 0.187636128020467 0.192299993900229 0.195272236215577 0.195879391617863 0.193079220610721 0.189396750052981 0.19189167035249 0.19793553655119 0.20999439755491 0.221407678177362 0.232470156237154 0.23524161677695
-9999 -9999 -9999 -9999 -9999 -9999 -9999 -9999 -9999 -9999 -9999 -9999 -9999 -9999 -9999 -9999 -9999 -9999 -9999 -9999 -9999 -9999 0.298386828485439 0.285448441351836 0.15928439379188 0.0555008851597942 0.0190635134701977 0.0029012261464937 0.000218150052052401 0 0 0 0 0 0 0 0 0 0 0.00733511366772681 0.0276927897896847 0.11584476835371 0.16675056598587 0.174441959227687 0.177859034284706 0.180399272846261 0.185872486310124 0.18800909024797 0.185480725164346 0.182335484709695 0.179501795333227 0.186199268153252 0.193606613776734 0.202217100092211 0.212921261807975 0.224513366114556 0.228217869053777
-9999 -9999 -9999 -9999 -9999 -9999 -9999 -9999 -9999 -9999 -9999 -9999 -9999 -9999 -9999 -9999 -9999 -9999 -9999 -9999 -9999 -9999 0.338756705696292 0.267535573779335 0.16892254168205 0.0810832529420562 0.0231390461357129 0 0 0 0 0 0.00275959868409208 0.00773410215306152 0.00489860918507167 0.00702819421337926 0.0350429158188749 0.0392097393396548 0.0203563877390317 0.0449827266948026 0.0811118002656705 0.131394956854858 0.162478035236715 0.171284468786298 0.171685320130761 0.170338729051167 0.174549471551814 0.176120040949245 0.17399934061859 0.170952418220643 0.168020555559457 0.173103075812798 0.183221712532151 0.201875901846835 0.21252501663832 0.219532899498519 0.222412531894722
-9999 -9999 -9999 -9999 -9999 -9999 -9999 -9999 -9999 -9999 -9999 -9999 -9999 -9999 -9999 -9999 -9999 -9999 -9999 -9999 0.369930155831496 0.379082646229777 0.332411479466821 0.255227824796963 0.189738084096036 0.119025187236612 0.0339666848436383 0 0 0 0 0 0.0075818247001618 0.0212489616971058 0.015781269478769 0.0196017094948903 0.0746425020116447 0.0836217500000364 0.0481381770874621 0.0881274355067766 0.137985301937227 0.15281308943364 0.162452804758402 0.16607312579299 0.163161452021423 0.159134754323812 0.161638289448809 0.162584447356373 0.161353210391262 0.158836099005275 0.156154467039102 0.158810972729204 0.17139244663206 0.200795431466747 0.212043507740138 0.215095923683643 0.217472165497015
-9999 -9999 -9999 -9999 -9999 -9999 -9999 -9999 -9999 -9999 -9999 -9999 -9999 -9999 -9999 -9999 -9999 -9999 -9999 -9999 0.36577609334224 0.362285258483619 0.325899471800813 0.271533730547232 0.184253243081411 0.10048028556971 0.0286744534680747 0 0 0 0 0 0.0227246868622782 0.0636886263942464 0.0624984855239493 0.0606632657167767 0.0821523189935291 0.0929109133714259 0.0933114861699288 0.110726165494872 0.130867866239302 0.146077240659254 0.154030622053276 0.153565330471141 0.149314359583756 0.144662993741938 0.146034403143659 0.145404715790191 0.14197726193179 0.142402919251521 0.144394360709752 0.149540345121964 0.160155376714251 0.180039721311297 0.195578114206266 0.20911337401309 0.216743819424654
-9999 -9999 -9999 -9999 -9999 -9999 -9999 -9999 -9999 -9999 -9999 -9999 -9999 -9999 -9999 -9999 -9999 -9999 -9999 -9999 0.335344844991665 0.339683094221963 0.314421393674611 0.272980743994155 0.173039114480452 0.0830340232815899 0.0236957451240836 0 0 0 0 0 0.0287515041767519 0.0805794957212533 0.0883341269930621 0.0899041814149237 0.0924919862468115 0.102151756113027 0.118638034251138 0.118729546771888 0.11821606067782 0.134393719882353 0.142415528117043 0.140974614721214 0.135634222913741 0.129865568524365 0.13015659920163 0.129254441470648 0.126684067270867 0.129471331043325 0.134306281146714 0.141216033856087 0.14981061900334 0.161260772719136 0.178563652785039 0.198434246972504 0.208165688091033
-9999 -9999 -9999 -9999 -9999 -9999 -9999 -9999 -9999 -9999 -9999 -9999 -9999 -9999 -9999 -9999 -9999 -9999 -9999 -9999 0.331832983254249 0.325482512630606 0.296496139897159 0.255137276278846 0.154386967486135 0.0670140639646355 0.0191240664570702 0 0 0 0 0 0.022943462753611 0.0643017717410496 0.0870603707511022 0.103799010830624 0.10650549218456 0.111329866843408 0.118198626067904 0.10778459101143 0.0983792876626248 0.116286909158061 0.126655253456774 0.128276247948373 0.122170835717719 0.114645350854173 0.113923183084321 0.114440654771999 0.11669128690955 0.121085666203334 0.126388901806804 0.134120272954791 0.140624301064831 0.14504814474633 0.160836366778936 0.181657812310732 0.18939661307073
-9999 -9999 -9999 -9999 -9999 -9999 -9999 -9999 -9999 -9999 -9999 -9999 -9999 -9999 -9999 -9999 -9999 -9999 -9999 -9999 0.21217613022646 0.218935628783344 0.212923258319214 0.199929949685328 0.121433536144054 0.0546362619311107 0.0236313953366782 0.00723247412078739 0.000543826825710997 0.0043072758470716 0.00739159163752532 0.00530348755683425 0.0214070450822381 0.0521115656275477 0.079894043343153 0.102865100733581 0.107237334007248 0.111448558101323 0.115504361390713 0.0984785306831553 0.0826550529805477 0.0999821468749929 0.109767453655074 0.110802498528245 0.109350584472794 0.107311752350054 0.10628074751265 0.10699521061462 0.110150041341768 0.114544524666516 0.119493664392455 0.126366313400465 0.131664387720416 0.134293765802719 0.150253143324087 0.172133116584381 0.181008249129005
-9999 -9999 -9999 -9999 -9999 -9999 -9999 -9999 -9999 -9999 -9999 -9999 -9999 -9999 -9999 -9999 -9999 -9999 -9999 -9999 0.106013043036809 0.102763903738205 0.114751790666679 0.135068038761961 0.0848163600778837 0.0430710721343742 0.0294863491861574 0.0158222888806545 0.00210548378859828 0.0109452469391558 0.0182028680778699 0.0139222639814922 0.0226762975578274 0.0418921716607798 0.0705059368463091 0.0960638965710085 0.102852302934885 0.108024368306808 0.111636193335599 0.0905526295428304 0.0703317981245139 0.085723232539883 0.0936547640241722 0.0929310386764618 0.0974003644988602 0.10263374188368 0.101560978106002 0.102065977905188 0.104776875083701 0.108663902214573 0.113050089376726 0.118777921990728 0.123278255518084 0.125698140134952 0.141759280806793 0.163895137215779 0.174932858911843
-9999 -9999 -9999 -9999 -9999 -9999 -9999 -9999 -9999 -9999 -9999 -9999 -9999 -9999 -9999 -9999 -9999 -9999 -9999 -9999 0.107399774691646 0.108371298756073 0.106877855171065 0.104037092198204 0.0615608557652429 0.0265310719672913 0.0140914754613223 0.0111880833465237 0.0146245175423986 0.0295757440689375 0.0420251752129313 0.0431219831859916 0.0422894985848099 0.0399085281915637 0.0573282689086987 0.076122096399564 0.0885024438862478 0.0971158598498741 0.102093088547726 0.0936284431746431 0.0848024240006715 0.0904560293321438 0.0924813309386549 0.0902969396183047 0.0940537742742896 0.0988769083238929 0.0982349486296026 0.0984559716948855 0.0998835452444491 0.103513325278675 0.108128706646509 0.116165974514201 0.121412056128534 0.121927445506162 0.129973219558123 0.141429007872187 0.154638074960684
-9999 -9999 -9999 -9999 -9999 -9999 -9999 -9999 -9999 -9999 -9999 -9999 -9999 -9999 -9999 -9999 -9999 -9999 -9999 -9999 0.143814052711043 0.125293219127623 0.107763538843214 0.0907756101133949 0.047782970807683 0.0135254845951561 0.00385982062509065 0.00699533377976703 0.0186412810876976 0.0379184356878437 0.0549907156401426 0.062775987064977 0.0543685139711247 0.0329644455674238 0.0451646186427141 0.0619527864545871 0.0774242002028908 0.0888768380398489 0.0964501853446094 0.0969660052907006 0.095605330510001 0.0918917392934714 0.0888005223749666 0.0864314072645962 0.0900939884783837 0.0948574368468647 0.0942394610785414 0.0943171157372659 0.0953673428133698 0.0980407233268435 0.101524468894693 0.109028371742034 0.114464344044534 0.116395447059737 0.120491558521505 0.125607109957279 0.136664454180174
-9999 -9999 -9999 -9999 -9999 -9999 -9999 -9999 -9999 -9999 -9999 -9999 -9999 -9999 -9999 -9999 -9999 -9999 -9999 0.149899216107172 0.146673375891752 0.13685519256499 0.122396540048388 0.105401467181747 0.0488792305173881 0.00606679304741387 0.00173130454349494 0.0034954037573435 0.00931460971084707 0.030115479149292 0.0509176820772791 0.0674489766845001 0.054623403174397 0.0182354660362405 0.0345923643779669 0.0568428036994939 0.0714804189215019 0.0848272998001015 0.0969282456904299 0.100714354617685 0.100652130299146 0.0881530120183486 0.0811846469764329 0.0806332675440075 0.0851718555681176 0.0904257822856886 0.089193328225308 0.0893482847242943 0.0914430028972314 0.092062736373357 0.0922791640027557 0.0947882204226487 0.09954172263847 0.108099264190517 0.114626415604169 0.120212647009997 0.122333659251081
-9999 -9999 -9999 -9999 -9999 -9999 -9999 -9999 -9999 -9999 -9999 -9999 -9999 -9999 -9999 -9999 -9999 -9999 0.16223017124916 0.161062941107175 0.155752884179023 0.141976525821951 0.115991909314432 0.0833344170384218 0.0366004336764273 0.00225034190807484 0.000642188902673685 0.00326307421388736 0.00869549410308739 0.0359073360162991 0.0620122575377744 0.0783330159201555 0.0647060793474449 0.0270425706331213 0.0452599007153015 0.066870575825444 0.0683263753275229 0.0776063732788054 0.0944390040803897 0.0997311046986136 0.100896610482328 0.0919694642730682 0.0842325997932109 0.0778767444451877 0.0810225405177066 0.0860000729208986 0.083388498962719 0.0825135703828752 0.0840666744595486 0.085462439979592 0.0867727340264526 0.0875698181172703 0.0915656245873975 0.100982843229132 0.10811754301998 0.114165176437348 0.112236575083728
-9999 -9999 -9999 -9999 -9999 -9999 -9999 -9999 -9999 -9999 -9999 -9999 -9999 -9999 -9999 -9999 -9999 -9999 -9999 0.174585709399903 0.167191785178254 0.14468760063578 0.101378300324883 0.046697193228698 0.019091034197274 0 0 0.00433878583179025 0.0115620682037585 0.0469021098796129 0.078768864895286 0.0914129606597624 0.078713237219252 0.0456720971996638 0.064521546096292 0.0827885787411522 0.0665063219114193 0.0693661878793738 0.090703783726616 0.0967033416290976 0.0990304868229484 0.0986388189813128 0.0914674561318854 0.0764300389815924 0.0771796417099229 0.0814312172572771 0.0772481905005607 0.0749689296975475 0.0753513555944331 0.0786044542636931 0.0826926881655215 0.0832151245202864 0.0864462774117601 0.0942683472569947 0.101284642982733 0.107862403263383 0.103996428521911
-9999 -9999 -9999 -9999 -9999 -9999 -9999 -9999 -9999 -9999 -9999 -9999 -9999 -9999 -9999 -9999 -9999 -9999 -9999 -9999 0.170306511166534 0.157282322136358 0.106072748981192 0.0339915394878908 0.0134094625952548 0 0 0.0036897596099694 0.00983253239958533 0.0414884637948506 0.0717057328516673 0.0900037085797068 0.0871607244884871 0.0673496162528022 0.0761115133420492 0.0841729757410722 0.0715997853583743 0.0724609212937318 0.0862900992502816 0.0903663179304024 0.092433994759659 0.0947006233449246 0.0899122942813471 0.0769385409630902 0.072815040150744 0.0712415502940703 0.0702820124000203 0.0698373950761633 0.0701126967268633 0.0717439292263451 0.0739249649300163 0.0771945953805358 0.0805946599777553 0.0842157932351019 0.0922306959097829 0.102139801086179 0.0997812416931111
-9999 -9999 -9999 -9999 -9999 -9999 -9999 -9999 -9999 -9999 -9999 -9999 -9999 -9999 -9999 -9999 -9999 -9999 -9999 -9999 0.170258825531832 0.167430915559577 0.114789511703053 0.0349206973357079 0.0139348732334258 0.000357825597460722 0.00010211409517696 0.0061272900303478 0.0163281037556673 0.0427219844529215 0.068763537085678 0.0890481539261763 0.091650985895501 0.0800620913133907 0.0819200875133137 0.0838787338473026 0.0779512412544813 0.076730936543989 0.0800544406419554 0.081953797540607 0.0840191589069198 0.0888243506031882 0.0868958536256359 0.077154680606975 0.0681733248874684 0.0605288946675373 0.0631159122393971 0.0643213026527988 0.0635950172608141 0.0638703290516026 0.0648054183846224 0.0710724529837656 0.0756739118607713 0.0774524397603541 0.0851577901623922 0.0954619437294795 0.0953010581786867
