layers/veg/veg1300.asc
NCOLS 255 
NROWS 330 
XLLCORNER -2985163.8955 
YLLCORNER -3022031.214 
CELLSIZE 25000 
NODATA_value -9999 
[rows 200 to 224 of 330, columns 114 to 170 of 255]
0.0576761882726678 0.0605027683011215 0.0613679717931856 0.06114507560873 0.0597523200249104 0.0620992974159158 0.074220968458311 0.0825880841788359 0.0884235241094785 0.0929424651292593 0.0970050115645742 0.0999682182139659 0.105028971258853 0.111796572389974 0.115568653003892 0.119103080710198 0.123558611722736 0.131556712375465 0.143021263711037 0.152751609718922 0.162674105171579 0.176018592211084 0.191687693590852 0.210091058510941 0.234827738308194 0.261626635867225 0.290793407044752 0.321333474942114 0.353820647149598 0.38448477911643 0.414508683713906 0.445078415617861 0.473238142188572 0.497253165082691 0.521285445468246 0.545268358496639 0.553952378679667 0.560025924972554 0.560596765538433 0.551454618643577 0.536843803211716 0.509410248630419 -9999 -9999 -9999 -9999 -9999 -9999 -9999 -9999 -9999 -9999 -9999 -9999 -9999 -9999 -9999
0.0554140251984516 0.0554353155589351 0.0550034419853686 0.0543201697023233 0.051959335087707 0.0525353312074806 0.0608664844463934 0.0697301903429978 0.0789529935373466 0.082663663313918 0.0859152191832075 0.0893343865642189 0.0964236693857845 0.106499455642707 0.111499656177884 0.115810090265799 0.120436386711806 0.12894729005558 0.141259332008058 0.152927367448418 0.164689325441628 0.177858991857323 0.19330189734674 0.211418637635359 0.235578657141868 0.261896053833627 0.292267240492401 0.322736815765838 0.353345889585301 0.382095341886011 0.410290257746475 0.44092813787451 0.469092138878576 0.493001586683476 0.516014222610196 0.538559052552127 0.545947197471856 0.552940834906781 0.559102876743612 0.54967910150986 0.531480099521007 0.529844103703391 -9999 -9999 -9999 -9999 -9999 -9999 -9999 -9999 -9999 -9999 -9999 -9999 -9999 -9999 -9999
0.0560081873281351 0.0517493829224187 0.049582728813333 0.0485767228606615 0.0460562889596087 0.0445847460767711 0.0459782970117613 0.0547412473824629 0.0684733428417151 0.0705140532396696 0.072199015594944 0.0762703456605728 0.0868251581550566 0.102655810840531 0.109307845349384 0.11476739328878 0.121036096231689 0.129845343134186 0.141140545497828 0.154722746737054 0.168582064486978 0.181147717922921 0.195989464170672 0.213508401848382 0.237246879128699 0.263438108172307 0.296001269093937 0.326616228573883 0.354468965316898 0.380797455786433 0.406817522769183 0.437636669938253 0.465975339546811 0.490048108029361 0.510873262099359 0.530156528698182 0.53519866476338 0.542961691710652 0.556460176076554 0.546451522208559 0.523207728505946 0.526190862149755 -9999 -9999 -9999 -9999 -9999 -9999 -9999 -9999 -9999 -9999 -9999 -9999 -9999 -9999 -9999
0.0530290624254441 0.0488417323597405 0.047394024984624 0.0474661596735415 0.0444719535195474 0.0424050560985034 0.0430510736245836 0.0517398664538426 0.0658518579772091 0.06776752524099 0.0693316868743329 0.0734497078646302 0.081315196708266 0.0922301333960257 0.103600852741028 0.114212641995125 0.121236691387228 0.131531208483711 0.145025920963356 0.158802752393576 0.17216508211479 0.182645242212035 0.196282243455209 0.213632392078745 0.237300872376987 0.263242381311966 0.29358743387452 0.32240393641186 0.349053211503494 0.37555633889067 0.401942913421031 0.427124673145027 0.451327127773175 0.473845383044884 0.494528878271782 0.514350753955476 0.528658978752974 -9999 -9999 -9999 -9999 -9999 -9999 -9999 -9999 -9999 -9999 -9999 -9999 -9999 -9999 -9999 -9999 -9999 -9999 -9999 -9999
0.0503292912824186 0.0471926073026055 0.0460913441937252 0.0461192578391057 0.0431300345639488 0.0409086488006755 0.0409834325097759 0.0484460345572905 0.0608902014570963 0.0638439216242809 0.0664921259399223 0.0710224555494486 0.0770201349468366 0.0842118490423965 0.0989342533563543 0.113303859957644 0.121237435156284 0.132546981210761 0.147159958860688 0.161431013427423 0.174865697510832 0.183670174335866 0.196468663859441 0.213965000725715 0.236915609935477 0.261800006934278 0.290217022123325 0.317691282093533 0.343828873357355 0.369993839868713 0.395906875188343 0.416805288433331 0.437937563518075 0.459472031914872 0.479320076340806 0.498304798127035 0.493160468464746 -9999 -9999 -9999 -9999 -9999 -9999 -9999 -9999 -9999 -9999 -9999 -9999 -9999 -9999 -9999 -9999 -9999 -9999 -9999 -9999
0.0484677978530435 0.0484784768353646 0.0467211044778243 0.0439828821634904 0.0421455718595223 0.0407390180872 0.0403504779055499 0.0438633920170927 0.0500070350785792 0.0566700809585053 0.0631771896367877 0.0690139482850368 0.0753919137394932 0.0822102784163055 0.0969013151608261 0.111534197163725 0.120785846810024 0.131940088822478 0.144956042325939 0.160514982532775 0.175496705091285 0.183667725361381 0.19652318413338 0.214888584567867 0.235572913149235 0.257498551052251 0.284892858150982 0.312199808306018 0.339382900973352 0.363868570889971 0.387196370599718 0.407301090055877 0.428097115839001 0.450082043503585 0.467353240400597 0.482423607646726 0.486742265343992 -9999 0.495150207239401 0.495150207239401 -9999 -9999 -9999 -9999 -9999 -9999 -9999 -9999 -9999 -9999 -9999 -9999 -9999 -9999 -9999 -9999 -9999
0.0456340884731129 0.0474055036424307 0.0457445581822511 0.0421794650883231 0.0419680637753101 0.0415954888349874 0.0404575851206166 0.0416083656094397 0.0443023931385076 0.0519321050878991 0.059654890124005 0.0661825727462755 0.0725651862578378 0.0788297518756726 0.0953433365209895 0.111819132953966 0.121453811706396 0.132755568385841 0.145688582600183 0.159096221825443 0.172166222808151 0.182570021346201 0.196479056247998 0.21451102880169 0.233607293541458 0.253543310195952 0.278544881327456 0.303990200315678 0.330064679304024 0.354096467299944 0.37720575705537 0.397000047042491 0.416994948710368 0.437334860391013 0.457000880188256 0.476260358464884 0.469435309713309 0.470610989123904 0.488651672564795 0.495150207239401 -9999 -9999 -9999 -9999 -9999 -9999 -9999 -9999 -9999 -9999 -9999 -9999 -9999 -9999 -9999 -9999 -9999
0.0421927508607307 0.0448582700907511 0.0437640814047472 0.0405841448313104 0.0422948967372095 0.0430932658860369 0.0410272258447303 0.040808083156189 0.0418342930896099 0.0487165278357628 0.0560029900420463 0.0628369102378364 0.068989400659386 0.0745873874434653 0.0940822043123864 0.113388178622654 0.122821489621842 0.134460020563131 0.148256388032851 0.157363258468683 0.166359836810095 0.180787790519789 0.196373273946589 0.213320269796118 0.231252351486555 0.249804451331751 0.271557028566109 0.294081777282975 0.317701335591991 0.342045117347388 0.366415084283782 0.386200981653117 0.405104215668424 0.422489453852695 0.447657556118862 0.476260358464885 0.469435309713309 0.470610989123904 0.488651672564795 -9999 -9999 -9999 -9999 -9999 -9999 -9999 -9999 -9999 -9999 -9999 -9999 -9999 -9999 -9999 -9999 -9999 -9999
0.0427210656568127 0.043887605409558 0.0436851884435813 0.0427233245610258 0.0424836363982172 0.0415962832644575 0.038961983785001 0.0392163110328357 0.0414184232310989 0.0462067549160148 0.0509950761363692 0.0549968970913257 0.0622235815963039 0.072074452241117 0.0916315909408292 0.110549728892485 0.120373435696237 0.132057128849572 0.145560842949977 0.155221295088045 0.164792685930666 0.178823402275525 0.193749648301607 0.209729236430175 0.226714257464166 0.24428470304967 0.264673140458047 0.285905212029856 0.308333415283957 0.329677582687975 0.350499934361274 0.368945630593057 0.390729053596868 0.418252666563195 -9999 -9999 -9999 -9999 -9999 -9999 -9999 -9999 -9999 -9999 -9999 -9999 -9999 -9999 -9999 -9999 -9999 -9999 -9999 -9999 -9999 -9999 -9999
0.0427537782808794 0.043057500604851 0.0438429347850792 0.0448956050136867 0.0427058205881977 0.040385397283148 0.0380655021906643 0.0387062252134992 0.0413432765796613 0.044510555038776 0.0473397388969615 0.0488967227455276 0.0566224729455779 0.069367967673838 0.0879064774728201 0.105855671017847 0.117475365454472 0.129639348130077 0.142335923959612 0.152502610187925 0.162678440071437 0.176200913651095 0.190534434582954 0.205821927606523 0.221946413686175 0.238559354417268 0.25752865763196 0.277447269004276 0.298711840050593 0.317576239136187 0.335515118621065 0.352591298062947 0.361708076006246 0.35713635284973 -9999 -9999 -9999 -9999 -9999 -9999 -9999 -9999 -9999 -9999 -9999 -9999 -9999 -9999 -9999 -9999 -9999 -9999 -9999 -9999 -9999 -9999 -9999
0.0404680160941827 0.0423110355206872 0.0443013320119563 0.0463733324104335 0.043056898169589 0.0406622366709749 0.0412080656875645 0.0415844775958714 0.0418466524894957 0.0450865225577191 0.047999085871946 0.0489306256339366 0.0551662495084802 0.0657179952271823 0.0806397056981632 0.0965733688320924 0.11404791503019 0.128049518802454 0.138652803030925 0.148153847710013 0.158035170711478 0.171657902782152 0.186092739808789 0.201482792904406 0.216958226294647 0.232600127972723 0.249586288640381 0.267783851547361 0.287698979556918 0.306334511748593 0.324388252974304 0.340290477320589 0.351516135609406 0.35469908118516 -9999 -9999 -9999 -9999 -9999 -9999 -9999 -9999 -9999 -9999 -9999 -9999 -9999 -9999 -9999 -9999 -9999 -9999 -9999 -9999 -9999 -9999 -9999
0.0365473502843801 0.0409303560643247 0.0443504444793934 0.0472363417007785 0.0431420102994079 0.0405897760330562 0.0427449860343341 0.0428956347484968 0.0416946189258865 0.0452611377861607 0.048459817061281 0.0489999965268852 0.054345599164443 0.0636015455074877 0.0771011531211477 0.0921472701484172 0.111134448434713 0.125366579107056 0.134945833556065 0.143010541618029 0.151745006347556 0.166513782401657 0.181617708449154 0.197115845438059 0.212268356086746 0.227240576082221 0.24144239541268 0.2572736815081 0.275415278052404 0.293013106029809 0.310311459308815 0.325695541230261 0.334453239931027 0.331814949370515 -9999 -9999 -9999 -9999 -9999 -9999 -9999 -9999 -9999 -9999 -9999 -9999 -9999 -9999 -9999 -9999 -9999 -9999 -9999 -9999 -9999 -9999 -9999
0.0313906617316464 0.0390701967310739 0.0440901287555578 0.0476346107157545 0.0430260467558164 0.0402532369688461 0.0430680051929575 0.0430220337802577 0.0410470815272747 0.045132321942595 0.0487703903913401 0.0490961820036646 0.0540054559198551 0.0626444723654317 0.076381215448271 0.0913925670675412 0.108609564807016 0.121857224168576 0.13122083406094 0.137266543250754 0.144209753495633 0.160915210139857 0.177117473904924 0.192727870916266 0.207804020166223 0.222334391213896 0.233146145473808 0.246123348076562 0.262170793068152 0.27811941820277 0.294004455819563 0.309366203977121 0.321682423514681 0.328760972622904 -9999 -9999 -9999 -9999 -9999 -9999 -9999 -9999 -9999 -9999 -9999 -9999 -9999 -9999 -9999 -9999 -9999 -9999 -9999 -9999 -9999 -9999 -9999
0.0286514071018486 0.0345656914760573 0.0401561801900723 0.0455670389622692 0.0435663189454726 0.0422310411354914 0.0433853509305219 0.0432878106796104 0.0423461548991146 0.045956428768304 0.0490450502482487 0.0490353174346149 0.0632844166960411 0.0632724100085102 0.0732883200874201 0.0862063384526315 0.10517497088361 0.119406700417128 0.129003308569492 0.137781245407996 0.147483134084714 0.163856495426469 0.178054291153804 0.189693137796101 0.201290842258774 0.212819143685025 0.223802020819541 0.236444332833997 0.251439445055739 0.266753717212662 0.282476320751593 0.303774042150685 -9999 -9999 -9999 -9999 -9999 -9999 -9999 -9999 -9999 -9999 -9999 -9999 -9999 -9999 -9999 -9999 -9999 -9999 -9999 -9999 -9999 -9999 -9999 -9999 -9999
0.0263243039227123 0.0306544364694809 0.0367053989515653 0.0437110146892707 0.0445774691165559 0.0447569753336763 0.0438028026491419 0.0437118325692482 0.0442029152089409 0.0469719481524029 0.0501459206431389 0.0539577786615305 0.0581073769334916 0.0625318064590961 0.0707489616217916 0.0817796359756427 0.102539037550883 0.11751491806894 0.126831547660645 0.138077188220682 0.150331838368243 0.166199594028713 0.178511693180274 0.186641549374012 0.194618937661626 0.202906062351991 0.214537350969172 0.227223370791247 0.241404822478411 0.256191091464081 0.270269433310209 0.266549958174126 -9999 -9999 -9999 -9999 -9999 -9999 -9999 -9999 -9999 -9999 -9999 -9999 -9999 -9999 -9999 -9999 -9999 -9999 -9999 -9999 -9999 -9999 -9999 -9999 -9999
0.0244058154106657 0.0303322633783149 0.0369225387327929 0.0438810811443465 0.0470872828243126 0.0482676832864519 0.0446100064485398 0.0446792709990027 0.0472615914174397 0.0482604386497438 0.0498508010948813 0.053866379266577 0.0584006402956601 0.0633569720090414 0.071512180732482 0.0824605411184372 0.103436207122922 0.117264163545583 0.124097992745001 0.134460559146574 0.146242384558291 0.16204556980005 0.174451555915595 0.182861680201874 0.188337442989978 0.193713669721305 0.206093310073809 0.219052084295643 0.23283197316577 0.247004043605025 0.260715151876659 0.262848851716659 -9999 -9999 -9999 -9999 -9999 -9999 -9999 -9999 -9999 -9999 -9999 -9999 -9999 -9999 -9999 -9999 -9999 -9999 -9999 -9999 -9999 -9999 -9999 -9999 -9999
0.0230565957544603 0.0279755322667474 0.0341589862451013 0.0410439480778896 0.0462272757539568 0.0491544040794953 0.0464351633550466 0.047039103419574 0.0498838458235543 0.0498678269685112 0.0506821565944324 0.0550949153893771 0.059778857197903 0.0646834702672622 0.0731117905611827 0.0843211229026369 0.105293494504067 0.118909128489216 0.125326098588086 0.133956757543454 0.143567508031674 0.156245551397976 0.166962402299848 0.175372454625214 0.180560060413655 0.185606766956289 0.198045481038742 0.211041926244119 0.224829140594758 0.240443075964812 0.255918632063391 -9999 -9999 -9999 -9999 -9999 -9999 -9999 -9999 -9999 -9999 -9999 -9999 -9999 -9999 -9999 -9999 -9999 -9999 -9999 -9999 -9999 -9999 -9999 -9999 -9999 -9999
0.0222254302988398 0.0237672835146347 0.0286829014719695 0.0354701602161777 0.0423006160968541 0.0476532064813743 0.0491866925331528 0.050666062169665 0.052108941408082 0.0517654232518497 0.0525386430569434 0.0575246381438667 0.0621444190657239 0.0664661984996821 0.0754725446547584 0.0872552509262651 0.108024522050267 0.122279263223763 0.130159451716868 0.136285735795573 0.142179945392274 0.148947621794675 0.156352726093908 0.164507587386251 0.171421368493479 0.178487697231553 0.19035821839764 0.203178400607899 0.217345042826072 0.236271931471406 -9999 -9999 -9999 -9999 -9999 -9999 -9999 -9999 -9999 -9999 -9999 -9999 -9999 -9999 -9999 -9999 -9999 -9999 -9999 -9999 -9999 -9999 -9999 -9999 -9999 -9999 -9999
0.0229803795468394 0.0252109081974961 0.0280774705347258 0.0312968810047724 0.0391428749705738 0.045935918555841 0.0495292343116473 0.0514955590068275 0.0523648126708397 0.054206161207117 0.0563111495411654 0.0589868297534871 0.0624727835593871 0.0666180857999605 0.07403033584964 0.0835327493715658 0.0999698936314697 0.113794528638948 0.125062789205888 0.132370813271319 0.139889425230766 0.153837779697107 0.16292990442312 0.166310022777832 0.171045812646657 0.176659247244699 0.186907879014744 0.199571695592159 0.215659838959438 -9999 -9999 -9999 -9999 -9999 -9999 -9999 -9999 -9999 -9999 -9999 -9999 -9999 -9999 -9999 -9999 -9999 -9999 -9999 -9999 -9999 -9999 -9999 -9999 -9999 -9999 -9999 -9999
0.0239395909255759 0.0272783171592147 0.0284899677259946 0.0285215948234907 0.0363487597975451 0.0437825557823467 0.0493890358022179 0.0520233862964069 0.0526536463672283 0.0565610285260497 0.0598303836996644 0.0600066518802627 -9999 0.0670182354577646 0.0722166856449405 0.0792235515621792 0.090685082901864 0.103743524256693 0.118364562927787 0.126980631044215 0.136330382548142 0.157943988338519 0.169122279072718 0.168026318118934 0.170518286939189 0.174614790522775 0.184181408775718 0.18979133464477 -9999 -9999 -9999 -9999 -9999 -9999 -9999 -9999 -9999 -9999 -9999 -9999 -9999 -9999 -9999 -9999 -9999 -9999 -9999 -9999 -9999 -9999 -9999 -9999 -9999 -9999 -9999 -9999 -9999
0.0244021946013795 0.0270281546793678 0.029434577255546 0.0317192084875984 0.0347071565750717 0.0395472469262317 0.0490947537823948 0.0537356019695412 0.0550679174819372 0.0579253913240093 0.0602051390602106 0.0601227147212765 -9999 -9999 0.0722166856449406 0.078423114638164 0.0856134351055084 0.0971958226092838 0.113075905098307 0.120011425964734 0.12698699356246 0.145841638322198 0.156253051051971 0.156733344842075 0.160504639027191 0.166188951306204 0.181066843759496 -9999 -9999 -9999 -9999 -9999 -9999 -9999 -9999 -9999 -9999 -9999 -9999 -9999 -9999 -9999 -9999 -9999 -9999 -9999 -9999 -9999 -9999 -9999 -9999 -9999 -9999 -9999 -9999 -9999 -9999
0.0287866986662912 0.0293255993282863 0.0308368137160808 0.0328874320535449 0.0339624898485274 0.0378272260718451 0.0489941768369637 0.0546742330937633 0.0566545068736783 0.0590446784816393 0.0621298381045189 0.0673740374466692 -9999 -9999 -9999 -9999 0.0854168323677936 0.0937755165926798 0.110313282552564 0.11637094028779 0.122106311563786 0.139519764968019 0.148724387533567 0.148273599099478 0.153687037236989 0.160100598378895 -9999 -9999 -9999 -9999 -9999 -9999 -9999 -9999 -9999 -9999 -9999 -9999 -9999 -9999 -9999 -9999 -9999 -9999 -9999 -9999 -9999 -9999 -9999 -9999 -9999 -9999 -9999 -9999 -9999 -9999 -9999
0.0374604264435007 0.0344092587767106 0.0327395382280744 0.0318361938109483 0.0341987662630808 0.0388580738958764 0.0491054472909674 0.0547668261085331 0.0573358942663457 0.0598959363311492 0.0629495800110938 0.0676279139340836 0.0697268564442694 -9999 -9999 -9999 -9999 0.0937755165926798 0.110313282552564 0.11637094028779 0.122106311563786 0.139519764968019 0.147036483246102 0.142912439633077 0.150364821726685 -9999 -9999 -9999 -9999 -9999 -9999 -9999 -9999 -9999 -9999 -9999 -9999 -9999 -9999 -9999 -9999 -9999 -9999 -9999 -9999 -9999 -9999 -9999 -9999 -9999 -9999 -9999 -9999 -9999 -9999 -9999 -9999
0.0368799836251898 0.0376568749080685 0.036384450612678 0.0339751412896394 0.0377841230797803 0.042110495087404 0.0471246479439038 0.0519468083515108 0.0566395093177105 0.060363060049037 0.0639694679479964 0.0674856687851843 0.0702439019977751 0.0723853500025399 -9999 -9999 -9999 -9999 -9999 -9999 -9999 -9999 -9999 0.140732523334725 0.140732523334725 -9999 -9999 -9999 -9999 -9999 -9999 -9999 -9999 -9999 -9999 -9999 -9999 -9999 -9999 -9999 -9999 -9999 -9999 -9999 -9999 -9999 -9999 -9999 -9999 -9999 -9999 -9999 -9999 -9999 -9999 -9999 -9999
0.0351419193733501 0.0400159871325119 0.0398240001083679 0.036821551926626 0.041762062812273 0.0455078219733104 0.0453424142480599 0.0491581429678577 0.0556583298698103 0.0606837558449861 0.0650064395732306 0.0674684270800822 0.0700069232026627 0.0726076771063428 0.0738809494989891 -9999 -9999 -9999 -9999 -9999 -9999 -9999 -9999 -9999 -9999 -9999 -9999 -9999 -9999 -9999 -9999 -9999 -9999 -9999 -9999 -9999 -9999 -9999 -9999 -9999 -9999 -9999 -9999 -9999 -9999 -9999 -9999 -9999 -9999 -9999 -9999 -9999 -9999 -9999 -9999 -9999 -9999
