layers/veg/veg1100.asc
NCOLS 255 
NROWS 330 
XLLCORNER -2985163.8955 
YLLCORNER -3022031.214 
CELLSIZE 25000 
NODATA_value -9999 
[rows 75 to 99 of 330, columns 0 to 56 of 255]
-9999 -9999 -9999 -9999 -9999 -9999 -9999 -9999 -9999 -9999 -9999 -9999 -9999 -9999 -9999 -9999 -9999 -9999 -9999 -9999 -9999 -9999 -9999 -9999 0.80193836575489 0.78718903009152 0.77243969442815 0.781734671300203 0.796085547138244 0.798405782010267 0.791507696473216 0.772076065491158 0.566513110761467 0.311343591711001 0.29452619827565 0.295065881393598 0.324181717832395 0.442539613230503 0.598510860722783 0.656537713862028 0.692224569875613 0.682953767153788 0.677296004329083 0.673583850339389 0.654447944789402 0.647573767944996 0.672577216814939 0.679472188169525 0.674498042714265 0.660963628968157 0.654392776561154 0.672147236776634 0.69021235646583 0.708523405617449 0.716413293168973 0.723444888249372 0.733026017859014
-9999 -9999 -9999 -9999 -9999 -9999 -9999 -9999 -9999 -9999 -9999 -9999 -9999 -9999 -9999 -9999 -9999 -9999 -9999 -9999 -9999 -9999 -9999 -9999 0.807369094331336 0.788935261588427 0.770501428845518 0.78786600762896 0.812275557550544 0.814693764235556 0.813341358742258 0.806862299260473 0.627571353148834 0.398548143477873 0.33308313130862 0.297292681549568 0.31035751237645 0.443687537593909 0.627647422640501 0.675439248740498 0.703084877974536 0.690187715800787 0.683833433847776 0.681002469080946 0.654859750441882 0.641401234032188 0.661525443112389 0.667363795708512 0.663838550553557 0.659332820321036 0.661533265420525 0.685217932095814 0.703861131689645 0.71851332056578 0.727127624867055 0.734713026006981 0.741569775494231
-9999 -9999 -9999 -9999 -9999 -9999 -9999 -9999 -9999 -9999 -9999 -9999 -9999 -9999 -9999 -9999 -9999 -9999 -9999 -9999 -9999 -9999 -9999 -9999 0.793672509077193 0.801067288351816 0.808462067626438 0.81362443362427 0.81822213404666 0.823131544737809 0.821760123101912 0.811849065837164 0.692720991137915 0.535657964416318 0.379791146124988 0.296193105177467 0.331576141218654 0.46923242598685 0.649527403800522 0.684521018907317 0.703940436790611 0.692017888069627 0.685922005523786 0.68296376150722 0.679908307652073 0.678571732963673 0.681533527526553 0.679237738971909 0.673495892177059 0.669535260466115 0.671511838532738 0.691800817495782 0.710008831230219 0.726569476372075 0.731666841810571 0.735854458753865 0.742989187614472
-9999 -9999 -9999 -9999 -9999 -9999 -9999 -9999 -9999 -9999 -9999 -9999 -9999 -9999 -9999 -9999 -9999 -9999 -9999 -9999 -9999 -9999 -9999 -9999 0.845585002292259 0.842794406312238 0.840003810332217 0.83549511287728 0.831073675801593 0.831304117975343 0.828417816004355 0.821293881509757 0.716665393957582 0.577119318757003 0.422134591462193 0.342165452383361 0.385699654649533 0.511174321699561 0.670559450330146 0.69574245447586 0.708387084055295 0.695799124674368 0.688636386588809 0.68439511042582 0.693452206971129 0.698549803811557 0.69266757898471 0.686817689177394 0.680988993207249 0.677338448749676 0.679435844145829 0.699140557594459 0.715529914724312 0.729294713885734 0.733381135099558 0.736897987275211 0.743726801096187
-9999 -9999 -9999 -9999 -9999 -9999 -9999 -9999 -9999 -9999 -9999 -9999 -9999 -9999 -9999 -9999 -9999 -9999 -9999 -9999 -9999 -9999 -9999 -9999 0.841844980820734 0.846107205798114 0.850369430775495 0.852523218548612 0.852526035603885 0.839146349300473 0.832881920003143 0.836291638824034 0.689284595707147 0.49944103562218 0.459041533277904 0.446770542066366 0.480809460495893 0.573540313869316 0.690535310304338 0.709629055199139 0.717306787617986 0.702010605128685 0.692130275223457 0.685166362223861 0.692665915549192 0.697113002868366 0.692748143576522 0.689049045783431 0.685786318247833 0.682153131235273 0.684800682469352 0.70742303517376 0.72027048587702 0.725379764730564 0.731576706216952 0.737819566387927 0.743615166853244
-9999 -9999 -9999 -9999 -9999 -9999 -9999 -9999 -9999 -9999 -9999 -9999 -9999 -9999 -9999 -9999 -9999 -9999 -9999 -9999 -9999 -9999 -9999 -9999 -9999 -9999 0.854081513789474 0.856553043463293 0.859358693841809 -9999 0.81579731265555 0.817234156340642 0.672095697004635 0.487742557366549 0.488726064683775 0.50327785189537 0.540168034940566 0.615470096605028 0.706457528290249 0.719591223891144 0.723767493883005 0.709917580549344 0.697350947075573 0.685475355135881 0.694160738894133 0.699435236040189 0.694500242980646 0.690500583818844 0.687113984881407 0.684821136654249 0.687314699980345 0.704662702613614 0.716853303615245 0.724961115846317 0.730483465509542 0.735605085695007 0.740580055147678
-9999 -9999 -9999 -9999 -9999 -9999 -9999 -9999 -9999 -9999 -9999 -9999 -9999 -9999 -9999 -9999 -9999 -9999 -9999 -9999 -9999 -9999 -9999 -9999 -9999 -9999 -9999 -9999 -9999 -9999 0.838530319414192 0.794605627540464 0.657632020052244 0.499578209262377 0.5190937116665 0.547442497291366 0.590334126860447 0.65202097893312 0.72105345522453 0.728679239350426 0.730053369028081 0.718846487811471 0.703708952672968 0.686454774703063 0.696054337609864 0.70198108083475 0.696525520172505 0.691738768206474 0.687390383769246 0.686588958311845 0.68863072137638 0.698721578880958 0.710976287158417 0.724943979273026 0.729090893178407 0.732152761660199 0.736471257056456
-9999 -9999 -9999 -9999 -9999 -9999 -9999 -9999 -9999 -9999 -9999 -9999 -9999 -9999 -9999 -9999 -9999 -9999 -9999 -9999 -9999 -9999 -9999 -9999 -9999 -9999 -9999 -9999 -9999 0.857145360821591 0.820735747788229 0.734822372752899 0.638262498195965 0.5461695529333 0.582452355338832 0.620609656227211 0.661853073368006 0.699374679639428 0.734864189671005 0.741634247608999 0.742972140949458 0.733378188560627 0.716863075399172 0.696620942351092 0.694465868773194 0.693894519897526 0.695784362456782 0.693297706326546 0.687942494619528 0.68570763504935 0.686399984345617 0.69552137551915 0.705881567908042 0.717222440890042 0.721829796155638 0.725702178388341 0.730473403775165
-9999 -9999 -9999 -9999 -9999 -9999 -9999 -9999 -9999 -9999 -9999 -9999 -9999 -9999 -9999 -9999 -9999 -9999 -9999 -9999 -9999 -9999 -9999 -9999 -9999 -9999 -9999 -9999 0.835921773133577 0.837838750520166 0.798733813967606 0.703854072485148 0.630576156719504 0.572365596381483 0.632743498519908 0.681051583931308 0.709488296863197 0.730125938039458 0.747152253922579 0.749789657709375 0.748003765808741 0.737316305260508 0.722360709682855 0.705106738925653 0.694859663658523 0.689440163440009 0.695492446624781 0.694062843100279 0.687729271959776 0.684447561422679 0.684057911739965 0.692004388379112 0.700940437957091 0.710659869860296 0.715529329249106 0.719874512934716 0.72488829402787
-9999 -9999 -9999 -9999 -9999 -9999 -9999 -9999 -9999 -9999 -9999 -9999 -9999 -9999 -9999 -9999 -9999 -9999 -9999 -9999 -9999 -9999 -9999 -9999 -9999 -9999 -9999 -9999 0.833055965664868 0.807877517776048 0.770404963150294 0.716216918212289 0.640458664583908 0.567891741289536 0.663384089374569 0.72235765452543 0.721207826372515 0.735910894620398 0.757150568090666 0.750727562456179 0.74117491313037 0.725324077988041 0.716344724596324 0.711065639118688 0.698234332890858 0.690447817428673 0.695876088536145 0.693634282968972 0.686365161554036 0.682617933285193 0.681548415720661 0.688011030397193 0.696230271423142 0.705840122458882 0.71067343182073 0.714983574377746 0.719923856796916
-9999 -9999 -9999 -9999 -9999 -9999 -9999 -9999 -9999 -9999 -9999 -9999 -9999 -9999 -9999 -9999 -9999 -9999 -9999 -9999 -9999 -9999 -9999 -9999 -9999 -9999 -9999 0.796527397495219 0.797623426870255 0.769087939341663 0.740928749301855 0.713281186268621 0.656306221140705 0.597402135468712 0.668531326198831 0.711175316932845 0.706922156527138 0.728182871564213 0.760095523360122 0.756819003129846 0.74778631604717 0.727169751691878 0.71813092239739 0.715326661296203 0.701947512102688 0.692861564334004 0.695363731629553 0.691849693109284 0.684392360652821 0.680594054752326 0.678432605809047 0.680472783426113 0.686580445222834 0.695908077058587 0.703084448267053 0.709620915538539 0.714763730692202
-9999 -9999 -9999 -9999 -9999 -9999 -9999 -9999 -9999 -9999 -9999 -9999 -9999 -9999 -9999 -9999 -9999 -9999 -9999 -9999 -9999 -9999 -9999 -9999 0.792041904638662 0.792264420861498 0.792486937084334 0.7746095814026 0.75186738731249 0.729228789316065 0.712741436633546 0.704617528620332 0.673880217553761 0.63905374354239 0.663622607408498 0.679994240965139 0.682870208393309 0.715485855449417 0.760516304148938 0.764430836233895 0.758868895003735 0.734236223776619 0.722952696026536 0.718857633454887 0.705732106920213 0.695786395088747 0.694522382884259 0.689627708545004 0.682353333707013 0.678637040119217 0.675240094469975 0.671902432591149 0.675403335363882 0.684317897370533 0.694648699651122 0.7041859191616 0.709599912380455
-9999 -9999 -9999 -9999 -9999 -9999 -9999 -9999 -9999 -9999 -9999 -9999 -9999 -9999 -9999 -9999 -9999 -9999 -9999 -9999 -9999 -9999 -9999 -9999 0.795323721799706 0.789357485089438 0.783391248379171 0.77938644348741 0.774230785059004 0.754876511943689 0.73191715482235 0.704056201508052 0.674502878948095 0.646850513855677 0.658312193715414 0.667181552068211 0.671782992571376 0.712404726269836 0.767846830662381 0.758181735068107 0.747570645578894 0.735055810513745 0.726753979483204 0.720720835792153 0.707832160666866 0.697548362444036 0.6943318219744 0.690036981057386 0.685035373160364 0.680580856270205 0.67645817395455 0.673239327322823 0.675607709030737 0.682399146136103 0.692463260659704 0.701837900017572 0.706432696567278
-9999 -9999 -9999 -9999 -9999 -9999 -9999 -9999 -9999 -9999 -9999 -9999 -9999 -9999 -9999 -9999 -9999 -9999 -9999 -9999 -9999 -9999 -9999 -9999 0.797550836043569 0.786399997978952 0.775249159914334 0.781203500760935 0.787920211219515 0.762114148306144 0.731963689476262 0.695906440555086 0.660954957009971 0.629527634170436 0.647414981758587 0.660652506291869 0.666234706144021 0.709791906909753 0.768832704661697 0.749250642709778 0.736015240592308 0.73555204096627 0.730603716730097 0.723240169214891 0.710691545008723 0.699663444578796 0.692858259863439 0.688017117678149 0.684463297974228 0.679298360213956 0.674483280525458 0.671206105219444 0.672505199081622 0.67742703588791 0.68642352976957 0.694875905545524 0.698681292398324
-9999 -9999 -9999 -9999 -9999 -9999 -9999 -9999 -9999 -9999 -9999 -9999 -9999 -9999 -9999 -9999 -9999 -9999 -9999 -9999 -9999 -9999 -9999 -9999 0.797848875351911 0.783350051353726 0.768851227355541 0.777607009648009 0.785744751727945 0.735679330182674 0.697022524851971 0.673877266467409 0.621488725106949 0.566260359706447 0.626299392356466 0.665616382598356 0.670817243942762 0.708035636555211 0.758214069049607 0.735414129211008 0.723989492402332 0.735456845630828 0.734542077029733 0.726959580887894 0.714939761783979 0.702424381446054 0.689038060212204 0.681554311089821 0.67793937522411 0.672114867856506 0.666668369099619 0.663008864973726 0.66335432594479 0.666870264550179 0.673334213849492 0.67947484826876 0.682545306454931
-9999 -9999 -9999 -9999 -9999 -9999 -9999 -9999 -9999 -9999 -9999 -9999 -9999 -9999 -9999 -9999 -9999 -9999 -9999 -9999 -9999 -9999 -9999 -9999 0.794170775263785 0.78569283493504 0.777214894606295 0.782795131242213 0.787548634459531 0.753285502706613 0.727385041447756 0.712854754583764 0.644248174420639 0.565848772084432 0.629259844298808 0.672816449837188 0.683685276296255 0.689574871625464 0.693259927263353 0.694912706324561 0.697734248819442 0.702907844776909 0.703328417210093 0.701189503773989 0.696659184222014 0.690255053132312 0.679371098851666 0.670963216578352 0.664178264110136 0.657482701446305 0.652486133093318 0.652842228967584 0.654218709907491 0.656402965185175 0.660692242704357 0.664719531070263 0.66642541294745
-9999 -9999 -9999 -9999 -9999 -9999 -9999 -9999 -9999 -9999 -9999 -9999 -9999 -9999 -9999 -9999 -9999 -9999 -9999 -9999 -9999 -9999 -9999 -9999 0.788547590268735 0.790673684511017 0.792799778753299 0.792280591507439 0.791299168886634 0.792436057268668 0.789693421113798 0.781676049982216 0.697447762091971 0.596185514840205 0.643998038409652 0.681110437785987 0.700606484053802 0.66294244644032 0.601725436442207 0.641367094685432 0.664518088135281 0.654482789038608 0.654918764754314 0.660993483846484 0.667357761194853 0.670781998624828 0.66684396413673 0.658352607726446 0.646876797779336 0.639206723280036 0.635189069938365 0.641712185598822 0.645090557480258 0.645979434553203 0.648269107843158 0.650280103018193 0.650313391687666
-9999 -9999 -9999 -9999 -9999 -9999 -9999 -9999 -9999 -9999 -9999 -9999 -9999 -9999 -9999 -9999 -9999 -9999 -9999 -9999 -9999 -9999 -9999 -9999 -9999 -9999 -9999 0.794233632416792 0.795299231832639 0.796831956394525 0.797308038038357 0.796347471632991 0.719995679403685 0.623345180986296 0.620003085547807 0.621604278875139 0.631343949742023 0.631741489558875 0.628314226329628 0.643115789644393 0.64561614840583 0.623361206025904 0.629060987347383 0.649814285641395 0.646288368040763 0.643038650842083 0.642480872832892 0.640379149439978 0.637265454273519 0.629970020438845 0.624272042555752 0.624747360700255 0.625232939646589 0.625726641420944 0.633992927806358 0.641721694017158 0.642662444071305
-9999 -9999 -9999 -9999 -9999 -9999 -9999 -9999 -9999 -9999 -9999 -9999 -9999 -9999 -9999 -9999 -9999 -9999 -9999 -9999 -9999 -9999 -9999 -9999 -9999 -9999 -9999 0.809915453326058 0.801413061101713 0.802791608892824 0.804379017144061 0.806250399259569 0.738100602971824 0.648824600936716 0.610499190652132 0.589826466914088 0.598216579635273 0.617382215042146 0.64085193273872 0.63568159526098 0.622980669824654 0.595124970571005 0.606035224627265 0.637820803452976 0.628882515729877 0.621657496198571 0.622067708391025 0.623105568928593 0.624554818635535 0.619592194869052 0.61451292208826 0.610778825597138 0.609401936306192 0.609891098910008 0.619749653682554 0.62894732787653 0.629908792251443
-9999 -9999 -9999 -9999 -9999 -9999 -9999 -9999 -9999 -9999 -9999 -9999 -9999 -9999 -9999 -9999 -9999 -9999 -9999 -9999 -9999 -9999 -9999 -9999 -9999 -9999 0.817533749818112 0.815032526506506 0.812279859539172 0.813099501742938 0.811528493858204 0.806707075899 0.746932534082609 0.670596788905158 0.634542674614602 0.622090507672095 0.648495855934836 0.641048918757438 0.618942274466014 0.606256401425866 0.591598672550874 0.572972723751783 0.588848395786045 0.623303065071087 0.619528689070212 0.614797059092709 0.610829220719726 0.607535392930535 0.604683342223007 0.606430002767957 0.607208771467443 0.603695051123185 0.60289191427453 0.60423457498983 0.605624590675072 0.606541153812528 0.605465479926317
-9999 -9999 -9999 -9999 -9999 -9999 -9999 -9999 -9999 -9999 -9999 -9999 -9999 -9999 -9999 -9999 -9999 -9999 -9999 -9999 -9999 -9999 -9999 -9999 -9999 -9999 0.817533749818112 0.807337381221282 0.795517724127907 0.793202605140764 0.789789427686105 0.784883292176925 0.746575894006128 0.695998471543406 0.63528436492931 0.608144301895388 0.636279504485943 0.615310521000897 0.573320159806538 0.562206310016445 0.552502698223112 0.545637090313012 0.572000113303701 0.616256633099506 0.615196061213203 0.611671430554349 0.605734200018834 0.599963653417613 0.594302359020768 0.590077493697846 0.587430172213599 0.589391025164348 0.592981769871921 0.597862796825725 0.596563463306517 0.594414068671027 0.592361626691214
-9999 -9999 -9999 -9999 -9999 -9999 -9999 -9999 -9999 -9999 -9999 -9999 -9999 -9999 -9999 -9999 -9999 -9999 -9999 -9999 -9999 -9999 -9999 -9999 -9999 -9999 -9999 0.791974175181266 0.762219783937028 0.755228264634055 0.750760685837416 0.74972474335117 0.740719931364826 0.723572392011647 0.622080026313477 0.566541451106619 0.586659773460907 0.560003370518377 0.513506236233854 0.509403276762263 0.508789939934829 0.51519922101862 0.555354449443193 0.613681747693057 0.613868600461626 0.610781069786349 0.604316019367177 0.597178945680311 0.589601397488814 0.571815592869313 0.560185666079 0.570765707994366 0.581036666029305 0.591062941899406 0.59053308086646 0.588438976533144 0.586044393701602
-9999 -9999 -9999 -9999 -9999 -9999 -9999 -9999 -9999 -9999 -9999 -9999 -9999 -9999 -9999 -9999 -9999 -9999 -9999 -9999 -9999 -9999 -9999 -9999 -9999 -9999 -9999 -9999 0.760342290756727 0.753087094191707 0.748560063329339 0.747742340377556 0.743713621259193 0.733282692762743 0.639836243499983 0.571314879886654 0.543829405402825 0.508404595564346 0.470350025632364 0.491723715957319 0.500877014522965 0.485437641959884 0.521985411002217 0.586528066592871 0.612485611102435 0.62724229981545 0.617223945131107 0.599929593135253 0.577866222765258 0.573863455225416 0.5728561935312 0.576499584215333 0.581075517863587 0.586389686812079 0.583806897883718 0.580615880017494 0.579531819233101
-9999 -9999 -9999 -9999 -9999 -9999 -9999 -9999 -9999 -9999 -9999 -9999 -9999 -9999 -9999 -9999 -9999 -9999 -9999 -9999 -9999 -9999 -9999 -9999 -9999 -9999 -9999 -9999 -9999 -9999 -9999 -9999 -9999 0.73998540090625 0.660000218531228 0.589445332828404 0.534416195527873 0.488286405657565 0.447032215454337 0.475624080432115 0.488030418781405 0.467864533485211 0.499836857871877 0.55988541841676 0.609034650181228 0.639939923958375 0.626206942004182 0.600656128651113 0.567359373034627 0.572865629250116 0.579061591150493 0.577065549165004 0.578077690934769 0.581471221576869 0.577894826188015 0.574127477110198 0.573654864632474
-9999 -9999 -9999 -9999 -9999 -9999 -9999 -9999 -9999 -9999 -9999 -9999 -9999 -9999 -9999 -9999 -9999 -9999 -9999 -9999 -9999 -9999 -9999 -9999 -9999 -9999 -9999 -9999 -9999 -9999 -9999 -9999 -9999 0.741212928083309 0.681738154050481 0.637449169686981 0.618161599159293 0.55638133924736 0.47688960156599 0.458060280145033 0.455224189837508 0.484573342098721 0.512172593546893 0.538829529775972 0.599757221271093 0.639090696502775 0.621698007452051 0.59473720074437 0.561505016113035 0.559848096119342 0.560291635862952 0.558940038930848 0.564489528425568 0.575502171690445 0.574397512733966 0.571717211102817 0.569604573781609
