layers/veg/veg1200.asc
NCOLS 255 
NROWS 330 
XLLCORNER -2985163.8955 
YLLCORNER -3022031.214 
CELLSIZE 25000 
NODATA_value -9999 
[rows 125 to 149 of 330, columns 57 to 113 of 255]
0.0771788094809718 0.0942441362890447 0.131477102867843 0.168472058179571 0.180417395827005 0.226950675421127 0.313069338291131 0.331140248797083 0.327327682581104 0.295689896074097 0.271113472583998 0.256272690420978 0.246007411416164 0.234361417320706 0.172544054432935 0.129694409457212 0.11852840868388 0.221887671903046 0.375680068181393 0.489982496206163 0.584539546942233 0.638744846426702 0.672792632384224 0.6958225825531 0.76365345141826 0.813196910223084 0.812154049454735 0.814153465220336 0.818175436713888 0.824094989047427 0.82206783598947 0.793876011910055 0.763177630649274 0.730467440379241 0.701791719752595 0.67349841934779 0.644332817345387 0.619117244361434 0.597714601113105 0.579596155586161 0.562263875728003 0.545512715805422 0.531065881742394 0.519292612244924 0.511427308831257 0.505313302638096 0.50516338997927 0.506435061175349 0.509694272295663 0.51293831978217 0.515501172181593 0.506001798044314 0.504016954720859 0.514768249138368 0.531063961030001 0.549744829413921 0.552234759055969
0.0836722163043857 0.113155445152372 0.141880738154834 0.171846246690522 0.209825292118147 0.237556718806334 0.25355989880985 0.258914880981365 0.255880481944122 0.204954726043268 0.189626865427041 0.223378529494679 0.206032544987129 0.170473259114676 0.133034167901755 0.0924496715726575 0.0466110958105226 0.15597480463134 0.332944777203007 0.386896505749708 0.428077439985738 0.443159915439494 0.513439099616387 0.613888089804931 0.697108248886642 0.754391598839646 0.74744957502562 0.755178219806875 0.772660167573295 0.803836698686543 0.822055549691137 0.794586034698671 0.763805408241256 0.730367222672347 0.703037770599702 0.676150007209857 0.647358970296774 0.621636108316759 0.598874929752674 0.579983057264609 0.562094880409662 0.545348572017877 0.530466878266739 0.517748579771088 0.508171064327499 0.500192452800662 0.498749769595983 0.498649677796733 0.500426685270257 0.502718908846807 0.505057977519681 0.504917710803887 0.507359876431418 0.514178923975619 0.525142408913051 0.537903328097877 0.540585688014361
0.121281281938254 0.107920002200499 0.124417553425088 0.148440596173748 0.180625535637574 0.196371347510331 0.193302823236215 0.183595780293022 0.170851931363561 0.147484764155762 0.15282907133592 0.197758458045833 0.178491995460557 0.138696255726078 0.13586571303432 0.113915238081665 0.0600268603334803 0.126721451049007 0.245801515372393 0.256094202110712 0.267663038153686 0.281839819263922 0.338322879919654 0.417930004971407 0.574097544814777 0.692531639002298 0.708066724567908 0.719446988263645 0.728065057701971 0.768737422102558 0.797222820623209 0.777265749258186 0.754731119413449 0.730127693608295 0.703636275578303 0.676528657114118 0.647974904234445 0.622051268074377 0.598666461427081 0.579216132553632 0.560855736897614 0.544065642667499 0.528924389387285 0.515696182701425 0.504440064934448 0.494538069360194 0.491928102037946 0.490420437470569 0.490453920635238 0.491610417665193 0.493259584881123 0.496476365467332 0.500831633569067 0.507116487718599 0.515169266559719 0.523985506275929 0.528045089799835
0.174347624840001 0.0906892150330372 0.093111012004851 0.111731566816041 0.122311346953254 0.129457635969318 0.13267434564775 0.106739810753654 0.0790765947667109 0.106539907803617 0.138231269169729 0.175751924674686 0.157128422136508 0.122871060603163 0.159731145096041 0.164546230880404 0.115833404542995 0.115679386870958 0.136597775165018 0.111523308826367 0.105285260964293 0.137541411603701 0.155376254836652 0.165328598243941 0.423036561663361 0.629154226219615 0.681262857733305 0.695262649215901 0.683927053914832 0.726265611953507 0.760060078935648 0.750988575737002 0.74083715019142 0.729818959058758 0.703913100206374 0.67577818317625 0.647393517434081 0.621421373980761 0.597778017969263 0.577876023307851 0.559084977537461 0.542226935959059 0.5269132067362 0.513391246144854 0.500473222295949 0.488618643264384 0.484903729521712 0.481970703021258 0.480130846019598 0.480060259477156 0.480787972658643 0.48438016650817 0.489399707686865 0.496838414165277 0.503183422047608 0.509036233956589 0.515061609022945
0.327146396069307 0.159041852164716 0.117981403648571 0.104099110435545 0.0971358669740896 0.0932485569984095 0.0928816069838165 0.0721837882515789 0.049723595434435 0.060828164941009 0.0852808813447907 0.128136952775246 0.125692280364684 0.110254412163091 0.145867231279935 0.153842769366627 0.115653039552292 0.123116672781758 0.150523685601551 0.147074970169779 0.147603406691267 0.156259570728986 0.137041696838785 0.102588234876388 0.343224025641209 0.536508346757802 0.583997021222011 0.63689439822084 0.693387570069382 0.723804934854061 0.74120477304937 0.724072263768515 0.715992726437956 0.715179271311908 0.688064263341172 0.658225069685547 0.633092462054988 0.610112689860429 0.589211031576298 0.57142403846769 0.554687070772761 0.540298052540697 0.52551158163158 0.510263971344342 0.496241703426978 0.483473605517274 0.478994624159068 0.474998495718754 0.471677451937384 0.470146287427349 0.469450970099627 0.472157758618149 0.476186222472045 0.482454751545872 0.487942340563111 0.493089651298666 0.499915207554617
0.452153421070366 0.223565323280962 0.150482927573988 0.110988200855307 0.0818052457597667 0.0667278559229553 0.0677940749759233 0.0491344897896277 0.0272626418335208 0.0247829639070389 0.0404524125493955 0.08114442216913 0.0945234783472044 0.099972244917737 0.134589967736043 0.145405809885063 0.116463030466101 0.128763713560683 0.159174658304969 0.170478855949746 0.176287669570869 0.170866089064175 0.127866985523538 0.0643284946433581 0.266396310019236 0.435645368286434 0.496866875543314 0.58798724518173 0.698984872753205 0.721236222958733 0.725286862377579 0.695976430454106 0.687233844722232 0.694999391570289 0.664252560274913 0.631517764578345 0.614160722410398 0.596995611109433 0.580015769057497 0.564786586729144 0.550298499866848 0.53802078707983 0.523696244405281 0.506996893568793 0.491913924619839 0.478213403979368 0.472971234151826 0.468003265604526 0.463418662406992 0.460575689840303 0.45857174464482 0.460337166767618 0.463388019572832 0.468617507695844 0.473342886199896 0.477853674677574 0.484153116954334
0.510371883133342 0.276575491074701 0.198635294601721 0.150163399251308 0.0879310210644947 0.0613838672474391 0.0756779200607165 0.0510487868086077 0.0185607837433697 0.011005621409551 0.0154385462302262 0.0363996847193483 0.0642903090819987 0.0949275404526847 0.130444015496832 0.144127111307344 0.121339767047945 0.129720671829932 0.151796937887451 0.160297366146352 0.167196220345694 0.170822089829804 0.134352109620281 0.0759662573395267 0.194105052421368 0.316925376530428 0.435191256684974 0.561824280271532 0.694019919118785 0.71713321733641 0.715499999654595 0.665202722705728 0.649871981509819 0.662606026616449 0.622742664271568 0.584408604769421 0.585076547757871 0.580084931588578 0.569630190641647 0.557889281938022 0.546015800995156 0.534949415899837 0.52091483328157 0.503436437502923 0.487374442847526 0.472664826227384 0.466650513282704 0.460907834019065 0.455544930302238 0.451738007581431 0.448703293198537 0.449439884614022 0.45159718548366 0.456162401331129 0.46031602562934 0.46427546111083 0.467052071339586
0.574462264249828 0.415892830288608 0.335585095762589 0.266364444186062 0.168923913619488 0.121562754749786 0.1315166892699 0.101915324484278 0.0617266244444164 0.0240695053961206 0.0155198747478465 0.0471013160068234 0.0591030218598489 0.0653707512814627 0.0917293563747104 0.103236682668986 0.0899364577544668 0.0925664288391502 0.102518122260663 0.13578492501984 0.161901094846787 0.17340419564223 0.151239301169573 0.110671916593119 0.193129563372329 0.28569518045877 0.392460514035368 0.513344186327499 0.643613963570842 0.681572526666172 0.693397382820577 0.647299499153256 0.606206436817023 0.569130336359193 0.534981875588221 0.512501543800749 0.537695913691582 0.554230763300418 0.562406650930688 0.555799699410886 0.545669451075529 0.533014320649478 0.5181488034533 0.500718713316932 0.484343020955842 0.469077975950888 0.461231928312088 0.454427568196881 0.449079608655284 0.444124060305835 0.439518493546773 0.438635072130448 0.439804414219623 0.444452919466605 0.448181966763326 0.451465824994574 0.45052146403395
0.642118261222321 0.60761862678856 0.526455520868145 0.429338030982897 0.295378499009231 0.221529214952306 0.216475212391461 0.18250721836497 0.136388180181591 0.0534322351048667 0.0308398030833897 0.0914717444500551 0.0691243901601307 0.0209294452945849 0.032023479856679 0.0382927526963908 0.0365027516433708 0.0322698532879311 0.027795630026484 0.102570274819304 0.158911217759783 0.177580955895404 0.174442958648672 0.159385135722855 0.235459275366403 0.307591568709586 0.361233702278608 0.45131242240667 0.565614787568181 0.626909729924986 0.663816248701693 0.637211642622234 0.558713096401424 0.438563517011263 0.419136075038816 0.425536409182702 0.47920508801672 0.522945824413051 0.557103201609384 0.556629518629506 0.547713377334843 0.531769208253887 0.515392113636432 0.49851272271001 0.482227340949081 0.466682348940247 0.456361148928483 0.448320850575825 0.443469518596902 0.437253203801785 0.430748828990762 0.427886410169152 0.428010466641443 0.433196204494179 0.436590045465112 0.439122893531271 0.434337244997856
0.665187455700725 0.675245598544815 0.579410951560688 0.463833456121807 0.35920591615337 0.294608355441928 0.275824508476627 0.294067472270953 0.304173329968357 0.153653399976483 0.0800999726051942 0.11266178982897 0.0825207259458445 0.0333208843880658 0.0368257732679078 0.0417155361835339 0.0489185903669008 0.0589407521389482 0.070527818064313 0.111536115630789 0.143983571610525 0.158936049137245 0.163370179621701 0.162055117859567 0.191241155525878 0.216262676174903 0.227874327498765 0.254100488570309 0.29004261729684 0.429096576946734 0.541197154515713 0.536965602338859 0.518164383548781 0.487669281701821 0.473729912079943 0.471294847906226 0.507414691595608 0.535809172860993 0.556746426858592 0.556086276927204 0.549182719153841 0.532122041344642 0.514694998118789 0.496842884110542 0.481664695396281 0.467007886118526 0.450269070749598 0.438721077787712 0.434430459575851 0.426258147833589 0.416816365137084 0.409693372059132 0.408208387160466 0.416279081855788 0.419180074195697 0.419702865694775 0.413844226563313
-9999 0.726236086438697 0.612186186084136 0.484816356916437 0.414866980362498 0.367185985387513 0.344990820737304 0.401641770154554 0.452647258227663 0.264047434416421 0.155348636909582 0.156810970037524 0.114550549605678 0.0596831512151009 0.052978559943659 0.0518020320691774 0.0598595720256124 0.0780659725918439 0.100608631480576 0.107158230076395 0.117991490532945 0.137578863677384 0.150002641205668 0.158510890161961 0.151344473656997 0.140714738292069 0.122754333583801 0.0967574810063107 0.0654178650445944 0.261422713750679 0.430199232411508 0.446305725283108 0.474996449537194 0.513787509924843 0.51052205990388 0.506133486690353 0.522981479645867 0.538754200216012 0.553488969410883 0.554378997150558 0.550122866501252 0.532604302261192 0.51419792617077 0.494761477751743 0.480385930421243 0.466698249537791 0.44634830092768 0.432449486330096 0.42757010900473 0.418440498153533 0.407583046935294 0.393233824061749 0.388055203673738 0.398419543893261 0.402022829515192 0.402520527842274 0.395323846851267
-9999 -9999 0.612186186084136 0.490452234165557 0.458509881917811 0.443233848626652 0.447032168608996 0.492110973742494 0.528644721103776 0.3907196433065 0.299045993969951 0.271140106930925 0.199485528793701 0.115794261316591 0.0899518687750264 0.0685423293851507 0.0545374204685254 0.0596336366385436 0.0728984072069517 0.05674882712127 0.0623990094577392 0.112599294724175 0.136304088699906 0.145526790338693 0.1396676149789 0.131174567608759 0.117400854070536 0.0786207654711822 0.0232160253811458 0.206464081992319 0.369573759915034 0.399647110268747 0.423036866052935 0.441062245604609 0.465052508829224 0.485366013009406 0.486398814467016 0.505147210405166 0.54099632045544 0.549578991297972 0.549647934523826 0.533166471845803 0.513899282215514 0.49139998856746 0.476766584271191 0.464067185737604 0.448887309422148 0.436375513301575 0.427594004275993 0.420502664003653 0.412790176347504 0.383113086656482 0.368356149436741 0.378886901055908 0.386654116390684 0.393058149532675 0.383256505774833
-9999 -9999 -9999 -9999 0.468550365907833 0.475457641879632 0.490270192098663 0.544769453437658 0.59390797458204 0.500352911035044 0.438697119966731 0.421021488919032 0.355212229396415 0.272761640252453 0.197156523662305 0.123098950506016 0.0516263913073106 0.0565514579308249 0.0944704972768892 0.0450639012483232 0.0256483060220429 0.0675224692271161 0.0957748882880076 0.11658183844546 0.122603753799035 0.123048919668401 0.11071653459969 0.0754768431765474 0.0250079958360938 0.16376305204772 0.287757073343595 0.310158511963872 0.337658523081862 0.369250742493155 0.350575545082357 0.332630403453636 0.34885723079101 0.39852034968547 0.480459239145545 0.521710876852757 0.547648479897432 0.533486482473414 0.515194908636642 0.492112046657121 0.475828382941729 0.46160920520266 0.44882168701057 0.43799347798463 0.429904611543522 0.423285142213148 0.416210631996401 0.391557361291728 0.378278008061713 0.384275943487573 0.387339282295325 0.388995600571581 0.379088443733193
-9999 -9999 -9999 -9999 -9999 0.475457641879632 0.490270192098663 0.569625747031642 0.651278375012204 0.597457462982226 0.575373056454913 0.597044399888197 0.562992009405264 0.503888529161082 0.356002214535037 0.20546187533764 0.0504882579455219 0.0647562339408808 0.152279822020304 0.061853043249949 0.0027519421619713 0.00766815181692279 0.0355171402710151 0.0759008885628473 0.101578835261304 0.115963368835292 0.103053649886969 0.083357106217025 0.0591485692873824 0.130075024016199 0.190358509019884 0.189177071323314 0.227707400886627 0.298111127051733 0.185357502298906 0.082858760326482 0.137080658951549 0.238202053545256 0.384595136506146 0.476880806061155 0.544528045346868 0.533628433870853 0.51766280041364 0.49581937983655 0.476861624620806 0.459278492613311 0.446840882192538 0.437914326858483 0.433896635772554 0.426597265354147 0.418317348278377 0.413652470044424 0.409980093222698 0.407989875275209 0.399828848816045 0.388903540535468 0.380728713381085
-9999 -9999 -9999 -9999 -9999 -9999 -9999 -9999 0.657342607792697 0.60772172125196 0.589820135229711 0.615650578314936 0.610160484117324 0.587907127168048 0.470907523658843 0.36991232443302 0.295650855292028 0.227137108224801 0.160856731233264 0.0646184488997512 0.000155347979766667 0.000628165863771145 0.0136500104141383 0.0335309903897397 0.073452773440646 0.101051961301004 0.0955094377939701 0.070182350371416 0.0317021578232049 0.0811067911239043 0.123974212588979 0.120684148611141 0.126246122235441 0.138912904451624 0.109084220028544 0.0784793212090626 0.0708535975393799 0.112456817883577 0.201580323169261 0.329313937835749 0.45033991358925 0.48405995547232 0.497262597748403 0.486660189910042 0.471094337582841 0.454670586433354 0.443112166296125 0.434370503191308 0.429566994729626 0.424271879720492 0.41888609796256 0.415045470668015 0.411070486765077 0.40686778614724 0.401408828910684 0.395376090053325 0.388367721689504
-9999 -9999 -9999 -9999 -9999 -9999 -9999 -9999 -9999 -9999 -9999 -9999 -9999 0.640972647790519 0.568217188279999 0.520872137036325 0.515972589163028 0.373059475983226 0.169947424300592 0.068703160720878 0.000902092381553305 0.00144570420041142 0.00100821114857055 3.4458882896002e-05 0.0472476623048778 0.0836420810383986 0.0880908356062597 0.0577738989241555 0.00434415602961755 0.0359231754530131 0.0651587044942938 0.0625796073707987 0.0411699905798376 0.00464665150975479 0.0543961740838237 0.0943541698231568 0.0394515392079081 0.0252807321435941 0.0504280112194395 0.181256466925293 0.32466531665387 0.411715423095375 0.460194192048852 0.463921060689831 0.457215415318469 0.447564334752841 0.437740088070845 0.429666732096787 0.42404132541042 0.420882834886663 0.418487699215386 0.413843717554333 0.408902117762696 0.403456094528097 0.401254278618547 0.400482278838226 0.394997160565374
-9999 -9999 -9999 -9999 -9999 -9999 -9999 -9999 -9999 -9999 -9999 -9999 -9999 0.643713782023487 0.619518055435234 0.585790509490809 0.536141028473183 0.390320510461894 0.202531809714662 0.0838314049987869 0.00515074994559262 0.00825465438339049 0.00575666486585749 0.000196752675037725 0.0312826010527194 0.0603949334561719 0.081086182517262 0.0574405751023917 0.0043190926235277 0.0114797987111108 0.0208224579937156 0.0199982681647052 0.0131564985231622 0.001484908372937 0.0407837007396376 0.0777672344380728 0.0734213652418262 0.0660279840585961 0.0556928652272208 0.0764274934154711 0.122114631898974 0.276673987045171 0.371317715562351 0.396445105661274 0.416226031362578 0.432188283205748 0.427037927963482 0.422179016377196 0.417727576991673 0.416019809364413 0.415175766591556 0.412093556426478 0.408067215397187 0.402440697187175 0.399448688462027 0.397641086903649 0.395250962106732
-9999 -9999 -9999 -9999 -9999 -9999 -9999 -9999 -9999 -9999 -9999 -9999 -9999 -9999 0.642742138608028 0.627574243047751 0.587069920171376 0.486293690616167 0.358831118036074 0.238565004912768 0.136061735561234 0.0698587021038913 0.0318201513814592 0.00917594210052327 0.0198567475906133 0.035162360201472 0.0591031322307994 0.0469918695951839 0.0109126183818756 0.0095608803734105 0.0113756784966537 0.0134906450982449 0.00967226086195799 0.00109165984504669 0.0235467399041589 0.0501602216358265 0.0752229514959818 0.0776308700047842 0.058170289965082 0.0390982979175266 0.0435854289715259 0.186639011224293 0.276868390131403 0.305809163660341 0.332713240549997 0.358131349588741 0.375222052710248 0.389170185562558 0.398724638891002 0.406922207364866 0.413993653533979 0.409694945355626 0.405148140409956 0.40018084419478 0.39738404350899 0.395570260566562 0.394281818182046
-9999 -9999 -9999 -9999 -9999 -9999 -9999 -9999 -9999 -9999 -9999 -9999 -9999 -9999 -9999 0.648871271686713 0.665238498385021 0.65196981746689 0.624685242872149 0.51692507414629 0.379137590077988 0.179986135003416 0.0767590043633385 0.0259628669280133 0.0124505553373135 0.0081716082231416 0.0238560753225892 0.0275855641599984 0.0233671858355652 0.0275883262218051 0.0328250032531371 0.0389278291723059 0.0279097193501343 0.00315003082897586 0.00310014151860378 0.012794462426578 0.0485381957321173 0.0634251825702093 0.0581793277449494 0.0615430215320742 0.0748825134973613 0.136459166672351 0.177484070366503 0.194664069945019 0.211544167647243 0.232110003619451 0.286998237224813 0.333561323839915 0.368484884611217 0.394074708116989 0.414697586123174 0.4067221043305 0.40038344208326 0.396818972890011 0.395089994535544 0.394181625671693 0.392229704127393
-9999 -9999 -9999 -9999 -9999 -9999 -9999 -9999 -9999 -9999 -9999 -9999 -9999 -9999 -9999 -9999 -9999 0.696349790751106 0.712196427419616 0.646493499001609 0.557708421556406 0.421752549535868 0.244755587769078 0.0453260979622191 0.0163215974459035 0.00202168837013118 0.00917457450164039 0.0137376287763971 0.0165789200234169 0.023507865750977 0.0301231641562942 0.0345606812902269 0.0279989185996574 0.0126089311190364 0.00512417225101084 0.00353317525374361 0.0220505653977424 0.0382050806161366 0.0520787325742063 0.0830156158683309 0.118520012790654 0.159894015110276 0.183258893356365 0.185728916050599 0.189024586084048 0.196895673112925 0.244314653656268 0.295215817290466 0.350985478757348 0.387674521334095 0.415453232049052 0.40696516359664 0.400279428721539 0.396648411335063 0.394655823684947 0.393392621712382 0.390763181861736
-9999 -9999 -9999 -9999 -9999 -9999 -9999 -9999 -9999 -9999 -9999 -9999 -9999 -9999 -9999 -9999 -9999 -9999 0.75857586355649 0.732334129311663 0.698190567330754 0.647898790880336 0.413958289449001 0.0796377737897707 0.0289196189992076 9.24072347595438e-05 0.000419351009936807 0.00521187636393772 0.0129731941666511 0.0205681609576667 0.0265420970404922 0.0273366897468077 0.0255285485621337 0.0216314051677737 0.0101683322352042 0 0 0.0140033026117631 0.041523875267857 0.0944676203195226 0.149151173796508 0.182683291486559 0.19706860212591 0.189239075110188 0.182507251560434 0.180219118042339 0.215584784975333 0.266440361423784 0.33895263682713 0.383508566619909 0.415721584096086 0.407511531337856 0.400768886682621 0.396513305050347 0.394015451877619 0.392301900661808 0.389374342216769
-9999 -9999 -9999 -9999 -9999 -9999 -9999 -9999 -9999 -9999 -9999 -9999 -9999 -9999 -9999 -9999 -9999 -9999 0.75857586355649 0.732334129311663 0.705620901427747 0.67794412679752 0.479032347140881 0.186525731785541 0.0751383665465531 0.000647719560400691 0.00293940028090497 0.0183708112004922 0.0425377319533656 0.043135629097682 0.0401785687117372 0.032484706157867 0.0264839568075677 0.0218421313317962 0.0102241324161625 0 0 0.00476365574593764 0.0141256282533782 0.056592774022314 0.103580271543934 0.136333202787859 0.156981884037992 0.163586764259761 0.167833146315985 0.175108452994492 0.215983643365215 0.270149687677997 0.342897894939466 0.384762659840631 0.413502586976367 0.406698176617763 0.400058684473672 0.39369870693243 0.390677032952933 0.38916292215791 0.387850380126998
-9999 -9999 -9999 -9999 -9999 -9999 -9999 -9999 -9999 -9999 -9999 -9999 -9999 -9999 -9999 -9999 -9999 -9999 -9999 -9999 0.676037021273588 0.679262612584791 0.517904989329656 0.266588312879034 0.109906687892093 0.000665008501722384 0.00301785880228434 0.023398645288584 0.0557647017490996 0.0551567525524186 0.0484766595594609 0.0316272385919434 0.0232543041858033 0.0216847541818847 0.010336464694484 0 0 0 0 0.0309464739293918 0.0677467431006801 0.100850352685215 0.127505126478428 0.146677721139157 0.166105162915688 0.189271932955822 0.245832248742731 0.302972146009813 0.360922365740263 0.390605026272952 0.408843136053575 0.404697300104417 0.399400944270847 0.392154609112601 0.388816231895597 0.387249590772306 0.386882443279143
-9999 -9999 -9999 -9999 -9999 -9999 -9999 -9999 -9999 -9999 -9999 -9999 -9999 -9999 -9999 -9999 -9999 -9999 -9999 -9999 0.673064693653427 0.667243693833908 0.528892293909406 0.318101493986077 0.132488682878023 0.000109696176081237 0.000497809531316178 0.0197728060865056 0.0516041147891731 0.0559537350039607 0.0510932805823278 0.0243783244194843 0.0155706236821363 0.0211356163203108 0.0105089622955734 0 0 0 0 0.0183146286980271 0.0422763935500317 0.0769331608231683 0.109320214251284 0.139073861260403 0.178155327429156 0.223948275691399 0.307023288163676 0.366778789785497 0.393930897193831 0.401330546729251 0.401586387354642 0.401432581715086 0.398799037721448 0.391962664566337 0.388528012788396 0.386640676839993 0.38650626650578
-9999 -9999 -9999 -9999 -9999 -9999 -9999 -9999 -9999 -9999 -9999 -9999 -9999 -9999 -9999 -9999 -9999 -9999 -9999 -9999 0.636295380920381 0.637006762658611 0.532106133139268 0.369479346284645 0.163221824968195 0.0117411115229243 0.00335060707798246 0.0214965970132621 0.0572844870551017 0.0603786375171115 0.0557701910036056 0.0356552436823907 0.0245079199891468 0.0205581763632768 0.00964878243847279 0 0 0 0 0.0244523897129149 0.0530497893694679 0.075891094612701 0.0912627008582344 0.0979676845109374 0.143789929901497 0.20392097356607 0.294424798887616 0.351674945882551 0.362432574638846 0.37631902558005 0.390707210051294 0.393916883127532 0.393987054919871 0.388736186479585 0.388935116615944 0.391576876375879 0.392002878290609
