layers/veg/veg1600.asc
NCOLS 255 
NROWS 330 
XLLCORNER -2985163.8955 
YLLCORNER -3022031.214 
CELLSIZE 25000 
NODATA_value -9999 
[rows 125 to 149 of 330, columns 57 to 113 of 255]
0.0773021375639364 0.118049471815847 0.161740440054661 0.153049946984223 0.228321632488943 0.301726893782773 0.342232875413695 0.353282050852968 0.302874290910456 0.304038102025136 0.269557331236918 0.251138481464047 0.258778025172214 0.261977082636981 0.21288583886749 0.163449448485156 0.206170715595182 0.276516198943494 0.38703813775262 0.54602077933766 0.605436937204191 0.659112236176903 0.679861768959763 0.691006806004541 0.717056847320105 0.739091063576522 0.746805600841089 0.748687295872061 0.764036183057393 0.758884737994605 0.749105170659241 0.733350145059317 0.712654631689757 0.694140851675944 0.675489189570516 0.652925597856105 0.63438325701215 0.617443042857587 0.597940659973223 0.58240919274211 0.568234479776812 0.552483811506049 0.540726570234803 0.530384144126646 0.519525445796465 0.512530398161905 0.508422336141708 0.50593663188401 0.506136738427228 0.508197865529536 0.511536397868853 0.514111526791533 0.515698151813291 0.517957284771255 0.523094522705184 0.528541331103425 0.527468267839304
0.118059246642827 0.124612796187372 0.157190001571424 0.19072709737949 0.226687002924587 0.243179248151092 0.215116357278335 0.232387845302936 0.214278301524469 0.181010418695789 0.220713544328854 0.254863382427998 0.268746199898845 0.236185340851671 0.190587323736407 0.135984031032405 0.105028089787675 0.123608032944379 0.17879603191999 0.217194629051658 0.270781075700774 0.389569415569892 0.494757548992893 0.552725839529531 0.600174196669193 0.637988665994414 0.65982520357374 0.693452485019412 0.716460298282125 0.741364702535671 0.745288930208309 0.731511452354233 0.711594967189682 0.693328457249591 0.674954327006638 0.652629279023109 0.634073354173635 0.61706574377292 0.597180981206749 0.581179212452702 0.566814462015671 0.550595607638762 0.538023302225806 0.526725040059513 0.514273516633975 0.506811001237346 0.502573170372731 0.496396494097903 0.492453925907834 0.493937581063629 0.498147755521958 0.501327409790291 0.503574584669806 0.504959608279255 0.505234731889548 0.50909696647002 0.513180183869194
0.10304617740619 0.109055412105428 0.127932249453638 0.137705959724032 0.184139222520582 0.185587580516674 0.146621367510767 0.179146744295514 0.177466819630586 0.190448007242302 0.223774316405894 0.188302066929554 0.224286942495153 0.208517337452448 0.180363198458091 0.1529853872974 0.12602336374403 0.105307374271869 0.129190805059357 0.156785300198363 0.18163435631737 0.206148074668099 0.29665420896946 0.445192121140713 0.520907263063132 0.581582869430863 0.640673527098826 0.645311492638454 0.663550485946476 0.723287403475054 0.732608382402956 0.724078509437146 0.707983024746512 0.690956626021016 0.672810083926114 0.650566364368435 0.632197624485153 0.615660818996629 0.595677147547031 0.579644093241387 0.565429896751653 0.548726056583442 0.535484596391051 0.523549145857704 0.510152456461781 0.501776728291849 0.496682909582402 0.489538858986816 0.483192762492295 0.481805278693109 0.484789631712931 0.488016730731817 0.490303132463684 0.49299657642053 0.494074361813436 0.493988594649985 0.497389527193939
0.16823311655173 0.109715655038085 0.106893573938298 0.105992659911655 0.124892759874382 0.172751996234836 0.197876749157774 0.188218928949172 0.183213321934097 0.181419337506422 0.17155585170438 0.163031645904066 0.17724658111556 0.166032058694309 0.185053312297249 0.198236835486929 0.152941044569852 0.135790283730913 0.14852510472737 0.171661131114742 0.18558075356896 0.179288460017747 0.232499199188675 0.32914799235617 0.389264271494146 0.469888522133118 0.55750634218769 0.558950849527146 0.589800256218513 0.691946188376933 0.708757938035549 0.699530780541205 0.696472943781286 0.685978911937328 0.669184290216215 0.647408033796017 0.628984414422821 0.613034425449506 0.594390696169934 0.578720983080057 0.564104851070629 0.54707759624327 0.533420744950341 0.520899340466253 0.5069489820378 0.497694051639885 0.490907191527154 0.483411906713448 0.471303051423707 0.465802967784674 0.473539518937443 0.475914640552723 0.477827953617306 0.481438446196648 0.482633013366772 0.482128443321125 0.486670338078072
0.246927216109269 0.148973947735926 0.11839737301972 0.117475056445039 0.135452552948766 0.145967640240428 0.141708047903107 0.145839967181217 0.118277137882902 0.0895016384090644 0.0974561427619309 0.138062227521981 0.174012348590369 0.152660286536901 0.161055619235894 0.177336073642733 0.141302223871025 0.14021706902248 0.176822445712924 0.17316182676099 0.165944654283829 0.155131552202908 0.158353059832689 0.165586302635002 0.20610505733103 0.378440140790206 0.534854282914024 0.551732379278095 0.570895361675574 0.651953771727222 0.704456079051825 0.689182315981353 0.676000293494191 0.675879337466072 0.662058167638516 0.642064973117288 0.62546108099997 0.610193291009588 0.59148119005174 0.576055547502859 0.561622262961413 0.544472712536962 0.530410379418941 0.517620153997376 0.502848246715359 0.491556345824008 0.483118025752034 0.473624382718795 0.460666654532407 0.454514579016587 0.45962810476046 0.462266192436561 0.463970880843862 0.466713005073263 0.469704180494676 0.470085542083404 0.474586204620155
0.422111261040205 0.262946132785511 0.147727720734888 0.125566835114532 0.0936169599892774 0.0833608110926456 0.0837432967164476 0.0743840926959633 0.0499890809258863 0.0387290290513061 0.0538049101654091 0.084004975173532 0.111105285531656 0.126456098538038 0.161506687659397 0.176173623628545 0.151992582319054 0.159677669538522 0.18364046699306 0.184510342410336 0.179194549491654 0.178045484483351 0.176719245967005 0.13803796809367 0.1188101590694 0.204460976138414 0.444082023741937 0.584839779506744 0.585050905067811 0.601317439545519 0.638587792451312 0.654716419404165 0.663961407395276 0.661305202282609 0.652190391480934 0.635381258534871 0.620785892596158 0.606110676041956 0.588579448032201 0.573704275353578 0.559375370131741 0.54200450463318 0.527895579577039 0.514905040914187 0.499286742372666 0.486613054931348 0.476492789997889 0.465991071365997 0.457892170106091 0.451092592337182 0.447881885964772 0.449384859793386 0.45051049645841 0.453316913349618 0.458336127490046 0.458968172858067 0.460626972981227
0.497981245437932 0.325173752580195 0.170062995409135 0.159300781247664 0.128679576734298 0.0935586548106752 0.092452630647554 0.0887957228787464 0.0505263383871576 0.0347107683402021 0.0497026965815179 0.0501614083610598 0.0713401950189606 0.0961204740543041 0.136602921445695 0.163338776456101 0.146298533586775 0.149049910823393 0.175977600705757 0.181937479367765 0.172689812661781 0.177695732906572 0.176025604801396 0.141567888420387 0.13441466109277 0.191435711075118 0.39898928634098 0.572170262214662 0.584116160668134 0.612254823640454 0.637263115615424 0.621523080329968 0.639724647531581 0.642686196715688 0.640819326966306 0.628822437071154 0.616471030874419 0.602662697690273 0.586080405353384 0.572044092928791 0.557637189882735 0.540365843231916 0.526121826895368 0.512893582475785 0.496925073344182 0.483929614167475 0.472814742607672 0.461569872156979 0.453154919855995 0.443782595130136 0.437609694278726 0.439872896935169 0.442763027202753 0.445490412440993 0.449017840102371 0.450291753487072 0.454065647533381
0.549446069542395 0.434047244943352 0.319786159798517 0.267235060739171 0.220884380813614 0.168331164816882 0.125973012999072 0.104488503776219 0.086942019754233 0.0766252664277959 0.0548574236478336 0.0498863368873037 0.0482331170429051 0.0607758092791004 0.0820411289173061 0.0872919721403717 0.0718077215562622 0.0693938285248382 0.0821775809077798 0.139465221962407 0.189312862293432 0.192341680271064 0.181047835657988 0.163083097592841 0.146297127486865 0.202237398329343 0.357695374958256 0.489703544904982 0.552371868052727 0.588744320374235 0.602899628647729 0.601976676924983 0.587179635349708 0.580017724866033 0.607448871632241 0.613529019231434 0.606576227624404 0.596195940998285 0.581394548718616 0.568323856773165 0.554455258479996 0.537620866289885 0.523660549793706 0.510088228429534 0.494212196756254 0.481514264895788 0.469625536852123 0.456215162368758 0.447502002285261 0.440352477314216 0.430396459924867 0.424237086160925 0.425768491536319 0.430829044842945 0.431943134996653 0.4342145878095 0.43986803608001
0.545807361712031 0.484535533865877 0.398119690224372 0.347735278935654 0.311533086637577 0.24087179471634 0.173583118413737 0.188878956892299 0.200049119786826 0.101462833656379 0.0399052200954399 0.0570081883131651 0.0567737564415825 0.0659204331874264 0.0812414675266669 0.0984111778841121 0.0648184367925355 0.0489571886377717 0.0556401261993094 0.108934955617277 0.166819962419386 0.175978762140321 0.184083793890842 0.179453302358889 0.162094548765451 0.235589773325359 0.315692879851553 0.311731525597673 0.42467678027263 0.539641074198741 0.558382180204013 0.558919854489404 0.550827718249944 0.52606911473283 0.551717423727475 0.594984056438177 0.596722538961026 0.590379448624759 0.577567442616271 0.565580197958327 0.552244238223518 0.536123930440269 0.522159548701064 0.507811780628106 0.491996890438384 0.47976039400214 0.468087145560863 0.454474426368002 0.445069118801108 0.437863139936492 0.426616164068145 0.413551456148923 0.410578227799193 0.419633374797848 0.425315422579073 0.426631136496629 0.43183589249541
0.588470901016487 0.534690385097149 0.486577787242355 0.427383282303541 0.291681195007302 0.204958439016293 0.166849554866987 0.196479830069681 0.230208798332863 0.115608608500198 0.0465467012371385 0.112144128675734 0.16937263257223 0.117431171791935 0.0758501266797282 0.0675517434277017 0.0573237214452754 0.0788335601871976 0.0907731250294029 0.116958267966006 0.153764520415367 0.172125080374119 0.175055511532191 0.177372930885548 0.177149512431393 0.185646550430002 0.171045135616966 0.183379656269383 0.317864528481549 0.459384953452937 0.511291087282941 0.510320979168023 0.514789906615398 0.535537513343108 0.537780251520156 0.552757039801434 0.589827580442788 0.586409961947826 0.574848184288526 0.563180101701113 0.550672670130391 0.535128932684267 0.521351954829659 0.507879304200181 0.491975658276879 0.479024132884882 0.467871313042052 0.455770158596782 0.446560293670385 0.436863077553275 0.424435302378274 0.408071384496125 0.40078217149074 0.410458545721403 0.417464611178687 0.422230057496048 0.426727061918493
-9999 0.579661784622716 0.513575564180012 0.436809347096547 0.36898808842416 0.283296227054795 0.251825487132546 0.308401223042975 0.335195202719145 0.197659683350632 0.14978435658681 0.262435151441919 0.22284714615334 0.111914895136608 0.0745031937944206 0.0583775891061423 0.0622916313608526 0.0617477671095909 0.0806767177783458 0.0979975728472514 0.121949753912235 0.150665007340507 0.158070056031897 0.164663912530664 0.167026457764001 0.160862454716234 0.109160218970662 0.0474729420454084 0.135062473581435 0.339845236843053 0.447834991171862 0.450467166358684 0.458751241108448 0.483978966284636 0.490235887361742 0.508077319736714 0.557007909429149 0.576642855268869 0.569366319939934 0.559949733614803 0.549071052433175 0.534375679772633 0.521336256554792 0.50897456908431 0.493475436770753 0.481205830165325 0.470918100245526 0.459341610590892 0.450633362362848 0.438687803079636 0.417626150961466 0.402995495043543 0.399933385888389 0.402511677228147 0.411365316807111 0.416349704682225 0.420368059828934
-9999 -9999 -9999 -9999 0.556022687810799 0.440757039538284 0.393684551769681 0.441651193907765 0.435739725693754 0.3516279235983 0.362537290260825 0.350114632621059 0.233229731058713 0.188657395534505 0.134287470345275 0.0876485660334791 0.0793546730939992 0.0551947202703747 0.0752163579737397 0.0968524308291521 0.0908653745790923 0.128392360857007 0.138515790555634 0.1456208034343 0.151673171137805 0.152070733505705 0.147414841458432 0.129166775392236 0.0900274504110062 0.190688599784757 0.373769674858899 0.390477504733492 0.354516467193353 0.354231372331777 0.392442145590569 0.414097598202919 0.455079636414286 0.528323809624475 0.556469364095328 0.556917341137541 0.546862790101813 0.532670060863512 0.520054216230047 0.508660112846081 0.494216833886244 0.482986033242314 0.473910138578263 0.463425209671568 0.455305783980001 0.448953615886179 0.44176903186215 0.432250271265875 0.416896818515841 0.400141830598298 0.400317280943349 0.412512266546072 0.415616420437326
-9999 -9999 -9999 -9999 -9999 0.467776901514146 0.428594426852628 0.432480986555685 0.402908890166391 0.382164345380151 0.427243696294951 0.430314092746132 0.37204749367785 0.292341206675025 0.165388885285393 0.0796151638946031 0.0804691555081021 0.0492913591999637 0.0488825943561748 0.0624065510890499 0.0626543646566149 0.0832296395466434 0.109484122060571 0.121020073778221 0.119038189923668 0.130491980605255 0.139703227192483 0.12938008121858 0.0950336579581985 0.128354938553982 0.25570429409685 0.325649196264926 0.306954566238569 0.27424406938125 0.342436677461921 0.387702555464741 0.411463945785103 0.472691757230214 0.528844516177155 0.55218227403803 0.545981364533104 0.532561540608919 0.520925523153667 0.510256431026395 0.496296158391149 0.485402502663714 0.476801849749002 0.466895561499091 0.459117596426757 0.453567782282557 0.447793948087677 0.442390296968622 0.429717868223161 0.411692648279475 0.409009189657118 0.414656586510496 0.411736113756719
-9999 -9999 -9999 -9999 -9999 -9999 -9999 0.58570206044608 0.550768892290117 0.507828259007947 0.503402450391339 0.496820910964838 0.469331812981837 0.431974518325963 0.345383334366536 0.229229946203991 0.140666110878745 0.117583176028821 0.10638340712077 0.052145521750178 0.02842353587342 0.0317538563504889 0.0587340886725088 0.0874088324731882 0.107476531377775 0.134683789100781 0.116575661515167 0.107529764527539 0.128813067851264 0.153164221338163 0.18307044647642 0.21775476606462 0.278148061075173 0.274705892281871 0.2332187031539 0.237426694030696 0.280588124865229 0.349246828569679 0.420460780210381 0.513869682361358 0.539069040707966 0.531808930327038 0.522502401180478 0.512258266717152 0.498828165581487 0.487638106840871 0.478814093648064 0.470311863863206 0.464190014321714 0.458355549959995 0.452443413387283 0.448732342447142 0.443771605590977 0.436007759619399 0.431290876996109 0.425216609057163 0.419871013148047
-9999 -9999 -9999 -9999 -9999 -9999 -9999 -9999 -9999 -9999 -9999 0.536974064477384 0.500944607968542 0.462145566982266 0.365825639238913 0.258391809764215 0.264930433386429 0.281576831121062 0.204324836480301 0.0785917262706726 0.0107336110898975 0.0242802872444874 0.049603304846937 0.0670316702937899 0.0993877904002181 0.128987269498735 0.12162425327457 0.100047089377707 0.0972362660564255 0.149973427235619 0.223519175060898 0.178539537877193 0.128235636376623 0.221162617449847 0.219111166026819 0.126958056319488 0.126649797564334 0.198226102739636 0.327346606398989 0.452704265770713 0.510289689562904 0.523671083522662 0.520862091937512 0.51282118497432 0.501629867905914 0.491080500225091 0.480791369285835 0.472360709132684 0.468006725727209 0.46265694205328 0.456606642614488 0.452742283154852 0.450608706641752 0.447600290280074 0.444992053573418 0.437234531423243 0.429685570284461
-9999 -9999 -9999 -9999 -9999 -9999 -9999 -9999 -9999 -9999 -9999 -9999 0.559347361524536 0.488579937393916 0.470855640177496 0.441428652759219 0.395081210959431 0.305808839779377 0.16919361034331 0.0491063940286378 0.00408426405311122 0.00812217997260169 0.0286612696224364 0.0522487561094682 0.0905836860003615 0.121651797100802 0.119062101850291 0.103154164979156 0.0930945112337839 0.103461067286758 0.123798076632505 0.122077772358784 0.0901435518401835 0.130282366345254 0.198545289584337 0.117939997750127 0.047313801469331 0.116885288789275 0.212444580500046 0.285289005016119 0.376423310155143 0.462105651706683 0.497918621178644 0.501320776255414 0.494747971263484 0.49004018810208 0.482249666596963 0.474501830934154 0.468244439532289 0.463589865657741 0.459336422424072 0.455688951298253 0.453015790327003 0.450295551168076 0.448142201273309 0.444329399159523 0.439446267495642
-9999 -9999 -9999 -9999 -9999 -9999 -9999 -9999 -9999 -9999 -9999 -9999 -9999 -9999 0.53421963051519 0.515929910694568 0.446505970589804 0.371099048647814 0.276121983732588 0.145282522715693 0.0767318146460715 0.0384016915290283 0.0235340785622185 0.0459942680066542 0.0687568801809518 0.100477365385628 0.111350047904149 0.111988238501602 0.101540749446189 0.101079211819707 0.100012640008175 0.0981835328872624 0.0870312628600078 0.0700140123872929 0.11142166638809 0.13082412926351 0.130461781849003 0.144824216613605 0.120067291482672 0.120454118806997 0.208786925329979 0.327872314825186 0.388689061277624 0.40946997097665 0.433088656223592 0.458058642342184 0.469026090971284 0.468979368652213 0.466415781229801 0.463317616904857 0.461465792412917 0.459398169115246 0.456634332683021 0.453374481706927 0.450981932611281 0.447993685369368 0.444722886314978
-9999 -9999 -9999 -9999 -9999 -9999 -9999 -9999 -9999 -9999 -9999 -9999 -9999 -9999 -9999 -9999 0.537413918597579 0.472380470918082 0.453386176684363 0.388559221229117 0.296004698541039 0.163322596751939 0.0425764230367657 0.0460818036587603 0.0831385842440747 0.0902171503242546 0.0883231697675443 0.0988483226592821 0.114919843015358 0.121662857426056 0.128753412030287 0.125989800055492 0.116047317567891 0.0947824951350547 0.0694001958590962 0.11019610106373 0.212388471197761 0.233047813950304 0.163920366384278 0.0991806414185455 0.126388758470721 0.163130722274059 0.187593627314791 0.271890190593449 0.283830749234525 0.327615854386508 0.392951335866553 0.432017310055701 0.456782820166029 0.458396304654997 0.46146313472009 0.461928314178814 0.459674487482704 0.4563582783505 0.453737368324551 0.451652945485166 0.448047731744829
-9999 -9999 -9999 -9999 -9999 -9999 -9999 -9999 -9999 -9999 -9999 -9999 -9999 -9999 -9999 -9999 0.504364272530044 0.499030598239807 0.507212919317092 0.449599068178632 0.304724942994128 0.16355737007376 0.0793091067079236 0.0515928187645713 0.0736811358385824 0.0751301775098225 0.0746609226798717 0.0907233214797708 0.105023302564474 0.109067478947016 0.120135877077555 0.123729759929928 0.120229258724399 0.107598997054347 0.0832995878904444 0.0904369773132924 0.176694261343007 0.220534223166708 0.156152056734472 0.111236793202646 0.164245775742965 0.209845076966749 0.223600024051694 0.264842890585627 0.281666752319728 0.314705467819944 0.353171314925475 0.406869841155303 0.449460786208074 0.457578480929858 0.464106735602759 0.464445496993071 0.462306296134407 0.459067325924461 0.456517775411668 0.454359741503119 0.45164966166451
-9999 -9999 -9999 -9999 -9999 -9999 -9999 -9999 -9999 -9999 -9999 -9999 -9999 -9999 -9999 -9999 -9999 0.558474859655539 0.553004687001868 0.533506915573688 0.478049300570315 0.345855800742078 0.162337561365937 0.0402040366624647 0.0253982569494763 0.0292738635766023 0.0475010310693325 0.0759707339043092 0.0770254190467795 0.082392602289017 0.0823011496373106 0.0972726837908435 0.119728819646786 0.115860153368055 0.0837260715792788 0.0701111188743822 0.0876114188372532 0.128466482152287 0.212999322006827 0.235748679210573 0.238685070840829 0.27609718752864 0.294980955453156 0.298307409678231 0.305534555062751 0.30694353056945 0.317674873999977 0.365997599693642 0.422063821061716 0.450040790845866 0.467511326557995 0.467360630607848 0.465062016170283 0.462418532980243 0.460075051576759 0.45798284341893 0.455149397404686
-9999 -9999 -9999 -9999 -9999 -9999 -9999 -9999 -9999 -9999 -9999 -9999 -9999 -9999 -9999 -9999 -9999 -9999 -9999 0.582506743571166 0.55908221387577 0.465655033759614 0.266837734486666 0.0823989416487689 0.0205380642125667 0 0.0310637347513913 0.0776876817438149 0.0612408313769136 0.0793930665474958 0.0978445742777085 0.0963769879714138 0.108837897053466 0.116441275825582 0.0816408079450786 0.0843328161513358 0.1063474908445 0.0838609352351741 0.148982197119301 0.237628876151009 0.254506728949948 0.252279342350725 0.275760164006705 0.28183503985374 0.267710387947495 0.27540760124283 0.319926922953388 0.35025002952789 0.408944825127284 0.452586441859539 0.468964799793073 0.469654763241782 0.46839944532406 0.46609550429467 0.463950210794 0.461699365162723 0.458639806310688
-9999 -9999 -9999 -9999 -9999 -9999 -9999 -9999 -9999 -9999 -9999 -9999 -9999 -9999 -9999 -9999 -9999 -9999 -9999 -9999 0.587103036295327 0.504398406628576 0.348034470444286 0.167991729402664 0.0601374028331426 0.0216097744108651 0.052394576018449 0.0982099781099555 0.10736400518025 0.110103629009776 0.107264122363132 0.108431214174592 0.114416739906553 0.11540439336245 0.0789403989232533 0.0641508330714621 0.101529093424808 0.0934481308765961 0.142881495893452 0.224405344601074 0.249972742323393 0.281349685524467 0.294184432562465 0.300914506676209 0.302866528428237 0.286004962431649 0.274602009108279 0.350574163319779 0.434414595478305 0.460651229093627 0.472632108753008 0.47219063337948 0.470806404556481 0.468488403429534 0.466398519711578 0.464029375786548 0.460503394927974
-9999 -9999 -9999 -9999 -9999 -9999 -9999 -9999 -9999 -9999 -9999 -9999 -9999 -9999 -9999 -9999 -9999 -9999 -9999 -9999 0.559756368315157 0.523294494698952 0.373001769095001 0.209949830482621 0.0933514492245633 0.0361547209470778 0.0662455150866612 0.0963093010198625 0.109897022752074 0.111856592418181 0.110105987492383 0.109867677187336 0.111882368926573 0.112909385884824 0.0884217217921459 0.060156437828876 0.0748255334719424 0.0916710124276904 0.113997497609569 0.157062410859294 0.213479206760109 0.264860396116651 0.275579638186771 0.29270477343421 0.311751871016282 0.298324353449469 0.315636584024374 0.402230340589884 0.457036528826206 0.471654451029875 0.476632426683045 0.476161212176846 0.474756480856824 0.471757924634091 0.468849189305699 0.466082020014969 0.462018759648814
-9999 -9999 -9999 -9999 -9999 -9999 -9999 -9999 -9999 -9999 -9999 -9999 -9999 -9999 -9999 -9999 -9999 -9999 -9999 -9999 0.521701134921483 0.49697493361641 0.400077599034393 0.262816640556271 0.139803289389369 0.0521122070236659 0.0213721703589123 0.0586733993365959 0.101143135671687 0.112358071271554 0.117051107524481 0.111975125175865 0.1060431616412 0.107473666996255 0.0868999652158194 0.0373380231555678 0.00681442315746339 0.0208408020360726 0.039387755209751 0.079008596798945 0.160112584716962 0.204809173993094 0.213092152977102 0.220342314310192 0.248609107822855 0.30768144107607 0.384989108711523 0.432453434723655 0.459008285821142 0.466522000551076 0.476216424873134 0.479293674194569 0.477979671967354 0.472179753192809 0.467129098723627 0.464542587369197 0.462528916089186
-9999 -9999 -9999 -9999 -9999 -9999 -9999 -9999 -9999 -9999 -9999 -9999 -9999 -9999 -9999 -9999 -9999 -9999 -9999 -9999 0.507260095862612 0.487474420113412 0.422051717775789 0.324070085798426 0.19644473779759 0.0665282315199595 0.0154193023570426 0.0483943869155545 0.0954607530445707 0.116795447728965 0.117422369831312 0.113485723984945 0.106293694706567 0.104949744348287 0.0920182706291432 0.0534099681702023 0.00457921055168894 0.00498215396519368 0.0374266400498734 0.0691701167655057 0.143223571775061 0.175005373615812 0.17190223054851 0.205121168215435 0.252180092229416 0.31489023129119 0.392055111426975 0.41669637366996 0.43824225742415 0.457430595197248 0.473034775229339 0.47904864744553 0.479436184241646 0.476537474592493 0.474263748437348 0.471722771508601 0.468957675478466
