layers/veg/veg1600.asc
NCOLS 255 
NROWS 330 
XLLCORNER -2985163.8955 
YLLCORNER -3022031.214 
CELLSIZE 25000 
NODATA_value -9999 
[rows 225 to 249 of 330, columns 57 to 113 of 255]
-9999 -9999 -9999 -9999 -9999 -9999 -9999 -9999 -9999 -9999 -9999 -9999 -9999 -9999 -9999 -9999 -9999 -9999 -9999 0.423562152806786 0.411023776993779 0.391907708473298 0.361905250465146 0.276029443499926 0.147144560871986 0.0487801656632121 0 0 0.105487030536157 0.18151086813202 0.185939776485295 0.178405231236025 0.191242759804524 0.243193532388991 0.292128712953888 0.318055753470047 0.32796451730205 0.332460044652961 0.337983704867824 0.342221134340041 0.344264569432346 0.347742224932419 0.351425464408925 0.355597969980237 0.36191907591285 0.368678506901553 0.376439000039299 0.383626213017748 0.38866607426245 0.392464662313209 0.396569629149849 0.39916146214652 0.401662788451757 0.404639620726982 0.40690943301861 0.408728513376512 0.410680460001734
-9999 -9999 -9999 -9999 -9999 -9999 -9999 -9999 -9999 -9999 -9999 -9999 -9999 -9999 -9999 -9999 -9999 -9999 0.443406812366723 0.416059556462344 0.405690802840122 0.403532953813005 0.356726030160729 0.251529449352029 0.132821337897423 0.0632257865129726 0.0232574704586844 0.036316444073922 0.12793875417171 0.177301963574031 0.185926609024694 0.14547454006118 0.110666509236199 0.176443544884418 0.263757581107097 0.308418116995387 0.326898363533313 0.331199433419695 0.335524432097325 0.338482600191664 0.339669257811169 0.342278578753403 0.344945777385829 0.34815109714903 0.353749530460231 0.360212437715588 0.366769368080797 0.37357201143877 0.379946873008334 0.38396903234537 0.387628547663851 0.390342375893992 0.393268586870557 0.396570854770348 0.398868201749153 0.400828130448113 0.403348581727133
-9999 -9999 -9999 -9999 -9999 -9999 -9999 -9999 -9999 -9999 -9999 -9999 -9999 -9999 -9999 -9999 -9999 -9999 0.447545297262587 0.418494790714361 0.403716141331626 0.404177000896291 0.338027353053293 0.251302389846058 0.152223765109386 0.04376789810917 0.0566123247000168 0.0875073063915735 0.100911772946399 0.152210497169245 0.182974113548415 0.153263767474862 0.141673436510536 0.19750206246915 0.253143039824649 0.296467800084409 0.321893661130157 0.330080153280261 0.33334445197136 0.335205772525287 0.335344615870125 0.335264649402731 0.337684437834194 0.342466058780345 0.346054463869116 0.351246123296965 0.357960560890462 0.364941507334352 0.370552769776221 0.374459424233975 0.378291849768374 0.381170120016897 0.38430924841207 0.387640267250074 0.390060668667005 0.392051191722891 0.394675013804386
-9999 -9999 -9999 -9999 -9999 -9999 -9999 -9999 -9999 -9999 -9999 -9999 -9999 -9999 -9999 -9999 -9999 -9999 0.422638331517111 0.412212290529821 0.413316051663874 0.405534190806046 0.351436562230954 0.26307791648504 0.180549437355251 0.0961487923765579 0.0716663494998797 0.0965285264124604 0.107859439568917 0.139614208571287 0.175586884815535 0.154853567918702 0.149586098557499 0.204214575733926 0.256412066412818 0.29123939486414 0.316659422109447 0.328319434235243 0.331458081714234 0.332644788897493 0.332290837120092 0.332299516833719 0.334618595389508 0.337817885345488 0.341258305367319 0.345835018127086 0.351331133399305 0.358663701810081 0.363370609552457 0.366813192988956 0.370823395390706 0.373562825605897 0.376657238847817 0.380125871984449 0.382705976307989 0.38497378355166 0.387992829139609
-9999 -9999 -9999 -9999 -9999 -9999 -9999 -9999 -9999 -9999 -9999 -9999 -9999 -9999 -9999 -9999 -9999 0.426450172141415 0.419838814139782 0.411797672648613 0.413884993927475 0.399314044093211 0.320591981169147 0.209921218039089 0.162696794155202 0.0993257285288474 0.0484440095683569 0.0737551950650848 0.110794917099645 0.126153770981014 0.11911945174421 0.140927446362272 0.187134442208193 0.226112116482384 0.255677567350874 0.284675505631908 0.308709011186311 0.324990001443881 0.330224836150999 0.330174436035221 0.329046005889518 0.327861275421333 0.328372197921259 0.330885704928762 0.334060091219642 0.336768807462343 0.341357166176792 0.348282825435394 0.352275342682233 0.355273298881951 0.358737831549935 0.361427341073512 0.364008657437537 0.367108390590936 0.37000985654982 0.373255114523586 0.377461843682284
-9999 -9999 -9999 -9999 -9999 -9999 -9999 -9999 -9999 -9999 -9999 -9999 -9999 -9999 -9999 -9999 -9999 0.420456563972752 0.417758953329316 0.422296819242928 0.416874651146516 0.394017666576145 0.316724376054111 0.218148841445975 0.170564092062201 0.123806359325103 0.0933006333129122 0.0820864564548608 0.0973467660971397 0.0889458411614677 0.0504032833037018 0.12840440443757 0.209220554258721 0.238736020528575 0.260344385579232 0.283629107510003 0.303478808238667 0.319266331594324 0.327972648958126 0.327292198440129 0.32516892016844 0.323555637471665 0.322671312441168 0.323016269450182 0.326213091265069 0.32835630144939 0.3309483916171 0.337225835707963 0.341552385231919 0.344504436792743 0.346968603152538 0.349267418654349 0.351823721114249 0.355288135412926 0.358620596250393 0.362503658270262 0.367569318985766
-9999 -9999 -9999 -9999 -9999 -9999 -9999 -9999 -9999 -9999 -9999 -9999 -9999 -9999 -9999 -9999 -9999 0.456529421412305 0.43576128684609 0.432839134303936 0.419200673786573 0.379648431707737 0.295228599190679 0.192189845403432 0.131768336747511 0.0971991893652642 0.0995556301792028 0.118541501796274 0.137982725954227 0.161340687243682 0.164309064939739 0.199780682735192 0.230974800304865 0.250958291223749 0.268514823474619 0.289483918300464 0.306773409411907 0.318852250726465 0.326621696288616 0.326319231929708 0.32456029383242 0.321887511292545 0.317114834981343 0.311298063639594 0.311223451190246 0.316452810102378 0.321859968701469 0.32971824679528 0.334229068337219 0.335851584689796 0.337738515684782 0.339714247295075 0.342813631612427 0.347470046526533 0.351416857278157 0.35504332535734 0.3594128808164
-9999 -9999 -9999 -9999 -9999 -9999 -9999 -9999 -9999 -9999 -9999 -9999 -9999 -9999 -9999 -9999 0.47365975269139 0.456293264648078 0.437108940030589 0.436898256667795 0.417765823498483 0.36149332606771 0.264836646396509 0.177081344280296 0.163552065826738 0.149290021543757 0.0924652884668989 0.121178274763418 0.194976241374245 0.200637157625424 0.200069360819862 0.214218980089926 0.233478174282751 0.253553676267277 0.273301631031988 0.293951176559661 0.309567049713324 0.321149524616302 0.325959309768739 0.324761378251405 0.322761522510028 0.318084145104035 0.3110651964261 0.304193307609686 0.301099963904318 0.304523479613466 0.310965694579747 0.317036423430015 0.320914575667815 0.323409881344595 0.325077279185564 0.327044797241258 0.33042268075542 0.334299875255998 0.335715534293538 0.338163633455196 0.344145128339823
-9999 -9999 -9999 -9999 -9999 -9999 -9999 -9999 -9999 -9999 -9999 -9999 -9999 -9999 -9999 -9999 0.476230022918002 0.461369527505736 0.439871885650661 0.435359326838603 0.414627584031594 0.343750896589503 0.247441384329014 0.159015519498905 0.135932586560659 0.192010821003097 0.170993211253858 0.117794236044606 0.192160075361112 0.272193421364221 0.278333502214248 0.260906992527552 0.250916839909972 0.266410597549933 0.282414700272824 0.298800215047111 0.312018568752445 0.322077384210587 0.324939552343698 0.322969641401194 0.320297822941471 0.312623093219229 0.302600486524813 0.296392066712796 0.292349864057879 0.293250548478995 0.298413407337444 0.303836722942605 0.307504221784633 0.310641261648223 0.313158224853343 0.313260228718155 0.312450245468772 0.312771288877144 0.315081526525066 0.320419022036864 0.328939590399312
-9999 -9999 -9999 -9999 -9999 -9999 -9999 -9999 -9999 -9999 -9999 -9999 -9999 -9999 -9999 -9999 0.485505133085583 0.465555002359442 0.450544519745125 0.441793801739508 0.418796646410828 0.350504279212658 0.253241978061127 0.174010889013135 0.151089812499615 0.200665779723809 0.211839049898366 0.147693835753896 0.181127332162183 0.253623353328146 0.256732057639811 0.269587724618361 0.268289858687016 0.27108912184749 0.287304004238195 0.30402294674939 0.313766807491936 0.320603435192015 0.323545080855599 0.320930412559128 0.318039881875472 0.313698076526847 0.308002483519786 0.300101986979826 0.292256516326598 0.289694320085161 0.291513591461076 0.293697758013179 0.296003334316706 0.299322582191893 0.301573693386697 0.30044601782066 0.299228893341601 0.299563637424236 0.301544009827367 0.308214101346541 0.318864305179616
-9999 -9999 -9999 -9999 -9999 -9999 -9999 -9999 -9999 -9999 -9999 -9999 -9999 -9999 -9999 0.495528776627413 0.475841046777272 0.453002832570424 0.45686154334513 0.453404005373776 0.426438795339456 0.365450061704157 0.280603857628455 0.212091074419883 0.207871643665727 0.234834368939055 0.241678266313921 0.254027773982259 0.247684099674747 0.256509649120283 0.272162522536537 0.262305631427097 0.27482898316836 0.300434586965355 0.307134394955031 0.315416561999008 0.316097806310348 0.314802453191269 0.314874117972967 0.314052831602025 0.313531856743351 0.31000067477891 0.305397235635109 0.298640418457403 0.286895143701378 0.279495461507076 0.279440147951438 0.280584472133291 0.283489685836089 0.284989734835722 0.284253854347418 0.283182844040053 0.280951433209028 0.277933274045038 0.27139812549753 0.27760792322533 0.299630177833333
-9999 -9999 -9999 -9999 -9999 -9999 -9999 -9999 -9999 -9999 -9999 -9999 -9999 -9999 -9999 0.498002159259988 0.468530490629416 0.43292729007472 0.449979620980264 0.463566865590978 0.435055050216969 0.389520381216528 0.296326747429947 0.206627868334663 0.213364332016621 0.225570069283245 0.238592787760622 0.268361811777828 0.267983274781066 0.284687324278693 0.29439185373656 0.253696733124939 0.257873824378247 0.310406297346459 0.319458577668986 0.322473356697483 0.32005881878842 0.316895026035977 0.313775974335259 0.311113192347226 0.308710446755107 0.305898352237969 0.300098815903261 0.2916406771601 0.282804808780708 0.277561653891293 0.274869645142362 0.272317283355101 0.273071931272871 0.27209570102252 0.270118628005563 0.269211485447526 0.268934174629996 0.269954133122642 0.264091944161042 0.260632702204185 0.279274173815897
-9999 -9999 -9999 -9999 -9999 -9999 -9999 -9999 -9999 -9999 -9999 -9999 -9999 -9999 -9999 0.506855499047214 0.464407367492761 0.402109959424041 0.416346280820677 0.45620174858033 0.430646176679572 0.384289422944785 0.305682833059247 0.197319970152487 0.149546199272787 0.195730191006952 0.254602329611189 0.268611544658434 0.274030487381902 0.297014272368749 0.331738410139047 0.338244857320099 0.332273368083915 0.326342087750391 0.327754538915362 0.332743241315231 0.329147675542319 0.323900615482017 0.318447823349345 0.314181080219683 0.308606447783043 0.304138001995248 0.29480089004552 0.283695149842359 0.275597853395352 0.269798946634461 0.27303861787558 0.278695356651909 0.27876532007088 0.271665142987584 0.264807454042032 0.261403471335796 0.262504846303108 0.267243487073457 0.267605842376377 0.256561978945416 0.258306629046794
-9999 -9999 -9999 -9999 -9999 -9999 -9999 -9999 -9999 -9999 -9999 -9999 -9999 -9999 -9999 -9999 0.499008628152436 0.473315590447547 0.473668468753172 0.458432703191527 0.424338684370938 0.372360407177028 0.32345316996986 0.289586282349477 0.226838598976161 0.212398521557147 0.272374573609979 0.283620885488955 0.289896978521808 0.288163363483381 0.302560121147405 0.339387562602537 0.344930418765399 0.322422740842245 0.312862381382689 0.324992340349134 0.334024782366865 0.329883769703851 0.323188375569064 0.31542265769147 0.310224754899567 0.304441712737634 0.296444418160289 0.283558044788369 0.2715544508542 0.263136327660419 0.258556103349593 0.263936281072931 0.268754896559188 0.267802700363346 0.264812390623826 0.261723689481887 0.261585319806922 0.264426524393527 0.267150594245203 0.273763169893582 0.281757226468443
-9999 -9999 -9999 -9999 -9999 -9999 -9999 -9999 -9999 -9999 -9999 -9999 -9999 -9999 -9999 -9999 0.497205705540932 0.491983478293662 0.486885611683555 0.474174301423657 0.437151102239932 0.372735660540319 0.309433805228289 0.299493705267533 0.262384335059567 0.24147090060808 0.294687731703836 0.309207338288257 0.32343423902341 0.328799686993236 0.335893561301529 0.343436898651378 0.347510392188663 0.347087915693087 0.340247434286059 0.334188374605939 0.328046015410062 0.322980970779564 0.325026364970602 0.323505157051221 0.313579191251203 0.304714875414163 0.296862577603893 0.287568139521746 0.277131105283461 0.26507627403246 0.258923854502931 0.263227651210265 0.264683868982319 0.256982641477702 0.253867664051543 0.257963235665651 0.263270850722744 0.268954213155972 0.274259196979552 0.276252854097314 0.284439300099057
-9999 -9999 -9999 -9999 -9999 -9999 -9999 -9999 -9999 -9999 -9999 -9999 -9999 -9999 -9999 -9999 0.502423243040453 0.498864025262567 0.495567797125628 0.485699417427171 0.453862646876426 0.411132892695544 0.356497042912389 0.322922495240082 0.275753622512223 0.24758364938017 0.31084961595071 0.324894025925831 0.325169743225883 0.335931149109127 0.332048840162802 0.341921488192276 0.354752370350467 0.355298583382324 0.35319027365442 0.344756054194284 0.337202496171175 0.330602325254246 0.325734848625034 0.324225692751493 0.31684283904122 0.306103624627238 0.297499238739018 0.287367213089059 0.275637317146467 0.265610252381567 0.258637419351021 0.257053186645407 0.25536069886199 0.249770476308792 0.248270386672032 0.251279494339892 0.25722629950585 0.265619864604128 0.271892869164733 0.275749810621742 0.284765356748751
-9999 -9999 -9999 -9999 -9999 -9999 -9999 -9999 -9999 -9999 -9999 -9999 -9999 -9999 -9999 -9999 0.52251055538525 0.51313842117859 0.52117426925261 0.515335694300521 0.478789561748121 0.426975908293404 0.369248810676359 0.319253388368427 0.301200866106123 0.27693152452256 0.270179171747187 0.31043304851591 0.32971650138765 0.336217750409268 0.339926473059303 0.350975124206878 0.362613324700493 0.369299631321012 0.365796324799276 0.356138093609255 0.351358793973434 0.347247526011662 0.335805959042082 0.32735600267256 0.320495153110723 0.308411601949924 0.298522601988072 0.288393081712181 0.275447209030428 0.264706636921308 0.25618344508955 0.247653501945637 0.242682029606407 0.239980256026774 0.240162087786933 0.243845023742542 0.248785928191984 0.257134961569806 0.263630529605776 0.269793672614514 0.284904462838915
-9999 -9999 -9999 -9999 -9999 -9999 -9999 -9999 -9999 -9999 -9999 -9999 -9999 -9999 -9999 -9999 0.564109489951333 0.556783300822785 0.548287984855723 0.534931614216517 0.506367137633579 0.447781994675831 0.36834301599068 0.317359325308076 0.315584859287375 0.300676478906207 0.283028031565781 0.313750254911866 0.331250490839156 0.33976628165372 0.349838339410559 0.365507977591818 0.382932087936637 0.382640688741998 0.365642866047419 0.353251077166055 0.351412498152277 0.349745800683996 0.347678051452543 0.339190621771008 0.327654365508116 0.316161949138575 0.305372485111839 0.29229907694162 0.276749463285406 0.265731269699171 0.257246252558243 0.248164845592451 0.242107334010096 0.239161987355484 0.237784126819054 0.239098939940603 0.243859763803514 0.251852781987123 0.260283275902943 0.263822879907842 -9999
-9999 -9999 -9999 -9999 -9999 -9999 -9999 -9999 -9999 -9999 -9999 -9999 -9999 -9999 -9999 -9999 -9999 0.566267173416847 0.555577388468144 0.543920869433106 0.518689955970551 0.453214691550431 0.374941211865522 0.34124870528626 0.323778549771013 0.309175741194302 0.315244573060322 0.340998963891366 0.364773167206908 0.384159225716463 0.381550546401291 0.380191859820946 0.383794848637201 0.36320902811114 0.346000972672873 0.359293504069967 0.372666583231031 0.368697677696241 0.349281318586503 0.33652218188202 0.327100097076653 0.318463976809419 0.313136595610764 0.299856295866539 0.280703679520566 0.268717633780905 0.258993770279473 0.248235385618003 0.240873843379956 0.236035756515079 0.234367691477549 0.237297918012459 0.242136452945218 0.249277138508052 0.257363487205725 0.260836982109431 -9999
-9999 -9999 -9999 -9999 -9999 -9999 -9999 -9999 -9999 -9999 -9999 -9999 -9999 -9999 -9999 -9999 -9999 0.575507326508548 0.565532088538462 0.552382825145956 0.533604992331726 0.482764763355354 0.414144627730519 0.387934019800915 0.367933172455278 0.353896711026575 0.355569521721261 0.372967054298918 0.402240411739043 0.417090823906285 0.420857631354723 0.417032279846563 0.400133579710249 0.370233878045238 0.356704880649093 0.366425001326084 0.378780508763141 0.380932096500458 0.370530190647183 0.355091628246282 0.336819284884146 0.324435307813857 0.316937870261612 0.307841585509012 0.290753875474906 0.276643788084923 0.266153218360371 0.255012843151104 0.247689388055644 0.24314395857821 0.240233488644206 0.240073093189031 0.24221485622844 0.24785317959747 0.255370321390479 0.259240854333584 -9999
-9999 -9999 -9999 -9999 -9999 -9999 -9999 -9999 -9999 -9999 -9999 -9999 -9999 -9999 -9999 -9999 -9999 0.602753178142763 0.598500828781268 0.57878998285592 0.539482134571154 0.503633611282697 0.444516715441253 0.399558037381922 0.405634692027816 0.41079223175005 0.40641469926986 0.401111381395611 0.427232220996668 0.445775875116182 0.440796604679433 0.419518320161503 0.401808106865874 0.385182136179818 0.37517717981457 0.375856520435378 0.378327574054329 0.3823394336188 0.380704933461791 0.375916033524969 0.356407020953574 0.334061508809798 0.322332418026276 0.311878385394742 0.299123021039099 0.289087721992572 0.279016881839065 0.264936065833283 0.255423272023071 0.24894301531498 0.243484870809859 0.241006352035167 0.241973492764171 0.247605510539156 0.252285952611959 -9999 -9999
-9999 -9999 -9999 -9999 -9999 -9999 -9999 -9999 -9999 -9999 -9999 -9999 -9999 -9999 -9999 -9999 0.599158798517615 0.608750917469303 0.611820304774259 0.595342846361574 0.552519742226657 0.529765274462966 0.497341890146611 0.438191902208822 0.44162474563214 0.444088227226103 0.425851912347863 0.420203017160439 0.446545678968914 0.459874815716009 0.438751629642375 0.417160746397817 0.400762037457919 0.383272893877385 0.375113486831235 0.37660316856894 0.382259235097244 0.386156954329146 0.382471994169752 0.377406552907902 0.363348754255821 0.344311829752855 0.332838682710262 0.321087180017918 0.305516521840178 0.294079684193371 0.284577327796841 0.272338041513295 0.26086384097261 0.252822036495246 0.246900458007542 0.243565640724828 0.244034724975415 0.249454431211553 0.260028856715329 -9999 -9999
-9999 -9999 -9999 -9999 -9999 -9999 -9999 -9999 -9999 -9999 -9999 -9999 -9999 -9999 -9999 -9999 0.584152794370569 0.600636984484914 0.614102591454795 0.609442390682729 0.590113488341378 0.534756122156907 0.484245263296318 0.454105900156844 0.437869021181878 0.459759493242835 0.469074267115331 0.460367518602803 0.460758687014127 0.43474694391389 0.405054319918134 0.39270041342027 0.380368006341226 0.369072570636058 0.366540698871634 0.372624109059112 0.382242901773628 0.384482870407091 0.380342692033115 0.377064552654902 0.373705491276869 0.362692173798278 0.352175001576318 0.345765944816658 0.331419868088402 0.314371810757451 0.29560820473064 0.27984411328029 0.272348492726908 0.264907809541749 0.256578520784809 0.252313198030333 0.252232801473166 0.257045989533121 0.264551033041403 0.26901182752054 -9999
-9999 -9999 -9999 -9999 -9999 -9999 -9999 -9999 -9999 -9999 -9999 -9999 -9999 -9999 -9999 -9999 0.593832089786994 0.609516627426122 0.642153994423369 0.642100801784149 0.638119526526034 0.612606299352365 0.538990027080479 0.465681840769454 0.438570278862644 0.460534823054983 0.491433336495249 0.473017764639886 0.463677264248684 0.434258211900363 0.401040770658733 0.390512452904904 0.378674982576671 0.370232729664423 0.371505559781087 0.379020601298827 0.391072026071167 0.393884078170544 0.38988514186757 0.388521729963603 0.385045677926497 0.375263585131706 0.360926559165023 0.344658278768313 0.332922308354023 0.321236236062684 0.305186243830922 0.292148779150448 0.283729230086067 0.277215274120698 0.269795200711829 0.264134749279257 0.261916316488524 0.26526680920173 0.27060556918312 0.273298461267785 -9999
-9999 -9999 -9999 -9999 -9999 -9999 -9999 -9999 -9999 -9999 -9999 -9999 -9999 -9999 -9999 -9999 0.635487179155958 0.649583365473818 0.668305442378031 0.654440231719507 0.590024941238647 0.529002915230711 0.510575857965591 0.46738324776295 0.465698592451547 0.501512425470387 0.517926056271652 0.518798885898112 0.484522025637859 0.439775139976911 0.420601043405053 0.40987879550075 0.391395122579469 0.382133199123012 0.387709218781962 0.392907065474317 0.396814199713344 0.394659494383552 0.387510947000785 0.382228687072329 0.379168010344301 0.375335236699288 0.367125679918728 0.352666007980503 0.3419195431807 0.338151081732125 -9999 0.304837896339494 0.292319343601613 0.285053989760561 0.278063682467426 0.274038548634246 0.272342881706563 0.273050095669185 0.275074705738833 -9999 -9999
