layers/veg/veg1300.asc
NCOLS 255 
NROWS 330 
XLLCORNER -2985163.8955 
YLLCORNER -3022031.214 
CELLSIZE 25000 
NODATA_value -9999 
[rows 175 to 199 of 330, columns 56 to 111 of 255]
-9999 -9999 -9999 -9999 -9999 -9999 -9999 -9999 -9999 -9999 -9999 -9999 -9999 -9999 -9999 -9999 -9999 -9999 -9999 -9999 -9999 -9999 0.502619141502865 0.407203902196002 0.319097640820047 0.364219143284489 0.364474339861222 0.261425941412349 0.183553490328319 0.140442425893066 0.0659913732166309 0.0548906929167282 0.0633192359893452 0.0994066873395961 0.120776660516387 0.0929076349930383 0.0671569286399879 0.0604574103810294 0.0368554297794775 0.0533230176322473 0.149988972663751 0.250377451922207 0.370160468627079 0.461515671079176 0.463898498624615 0.440645871231705 0.475082265690154 0.518400673252063 0.53598888971873 0.542346198070911 0.544595738638703 0.545752352057982 0.546436796216713 0.547411900874573 0.548300439297579 0.548788514182811
-9999 -9999 -9999 -9999 -9999 -9999 -9999 -9999 -9999 -9999 -9999 -9999 -9999 -9999 -9999 -9999 -9999 -9999 -9999 -9999 -9999 -9999 -9999 0.42911715997853 0.317632643244343 0.321728430630257 0.306534051941232 0.210058114595475 0.14468781492602 0.100192901852674 0.0454009162490936 0.0772655588660837 0.0971218984967793 0.130950515162847 0.11903530597049 0.0773553369650396 0.0494566676798597 0.0205043329807799 0.0051890966326925 0.118821349697463 0.186022161256487 0.249209479292824 0.413346247370731 0.446000897656743 0.454338334973704 0.461664874219542 0.50047817172085 0.524487639353692 0.535506983034235 0.539848345502358 0.542103259448893 0.543835240757723 0.544771093303758 0.545977987760644 0.547149488937201 0.547775652956528
-9999 -9999 -9999 -9999 -9999 -9999 -9999 -9999 -9999 -9999 -9999 -9999 -9999 -9999 -9999 -9999 -9999 -9999 -9999 -9999 -9999 -9999 -9999 0.338717684326715 0.324337643273405 0.314566158611532 0.288175554219608 0.201045846507482 0.127672675778305 0.0920287409924734 0.0423541294254033 0.0306007789611261 0.0493541542015275 0.100586033066688 0.120751934632782 0.0915593046801462 0.0574494522629185 0.0176500162906794 0.023444240849132 0.150130563356886 0.157072217562263 0.209499426271453 0.411204642951841 0.444691404104394 0.453482014798774 0.468184960190853 0.510865190816676 0.526716731903824 0.535375539437773 0.539074889882363 0.541364776242696 0.543097753223653 0.54413618038433 0.545336422545514 0.546466748887677 0.547154304140708
-9999 -9999 -9999 -9999 -9999 -9999 -9999 -9999 -9999 -9999 -9999 -9999 -9999 -9999 -9999 -9999 -9999 -9999 -9999 -9999 -9999 -9999 -9999 0.389291218046841 0.36874255722555 0.347062169272669 0.285755066497574 0.15135147499425 0.0679635650511277 0.068710251374307 0.0181757395940329 0.00158147429315755 0.0216193507727186 0.0277651705457391 0.0832770293708621 0.0984051521249541 0.0474001414459555 0.0194504871369187 0.0787198135425393 0.202076472965278 0.214382974235693 0.286089649472019 0.393696213087655 0.412618010165469 0.449887980710833 0.495403422042905 0.513128854182868 0.523070802295165 0.535948630817563 0.538803524425593 0.540689303242197 0.542240540650807 0.543139379076966 0.544190416512726 0.545082883640115 0.545720677992998
-9999 -9999 -9999 -9999 -9999 -9999 -9999 -9999 -9999 -9999 -9999 -9999 -9999 -9999 -9999 -9999 -9999 -9999 -9999 -9999 -9999 -9999 -9999 0.445006480965442 0.411388825709981 0.369218490559738 0.317672431314173 0.204650242589916 0.0850831569911088 0.0432096176209083 0.0377172390186329 0.0139103828261914 0 0.0198118959053188 0.0556202861291719 0.0345443963941807 0.0213057192597376 0.0416121632637019 0.129413311055332 0.2315358533482 0.2695809302431 0.306758558618663 0.353580133930636 0.375302389426185 0.442762051003504 0.494382206839676 0.500427184901136 0.520640695993974 0.536898818717541 0.539680552981438 0.540767772051772 0.541751694008791 0.542336707697614 0.543137775851959 0.543843662521936 0.544324125893401
-9999 -9999 -9999 -9999 -9999 -9999 -9999 -9999 -9999 -9999 -9999 -9999 -9999 -9999 -9999 -9999 -9999 -9999 -9999 -9999 -9999 -9999 -9999 0.508049716986052 0.445320225134804 0.390296254990527 0.310785309277279 0.194161162363276 0.0812650836403347 0.044203416016686 0.0461721779794837 0.0240963303142256 0.0143842709954866 0.0684640447090325 0.0606152509103258 0 0 0.00015092583337993 0.0703232003809553 0.221792018230868 0.295451834560582 0.316233280020232 0.352370002700232 0.415145640866577 0.468640651197279 0.49717783517104 0.512395683053349 0.525873478363335 0.538358727536575 0.540743904509649 0.541247841167477 0.541686848926621 0.541963078488357 0.54252008597135 0.54308884008921 0.543422194650472
-9999 -9999 -9999 -9999 -9999 -9999 -9999 -9999 -9999 -9999 -9999 -9999 -9999 -9999 -9999 -9999 -9999 -9999 -9999 -9999 -9999 -9999 -9999 0.509009805281272 0.446827001919579 0.401189601707371 0.333516220127867 0.205026920673326 0.0908799108142683 0.057602894153665 0.0317540630520756 0.0117621212760645 0.0484425903412764 0.079931416558127 0.0691380580308686 0.0341329829187783 0 0 0.0431884072352982 0.135565174721942 0.252395674869665 0.334603801542652 0.366235226588418 0.441058991925365 0.446198693914995 0.474213099144236 0.517820168552035 0.530020924400642 0.53860550655884 0.541376974669497 0.541437650317683 0.541347155431809 0.541310953048009 0.541684896077959 0.54199766066397 0.542055451316636
-9999 -9999 -9999 -9999 -9999 -9999 -9999 -9999 -9999 -9999 -9999 -9999 -9999 -9999 -9999 -9999 -9999 -9999 -9999 -9999 -9999 -9999 -9999 0.484822502708397 0.479792456429106 0.448982111327076 0.367283529482417 0.216373891481368 0.105284420024289 0.0388849235930712 0 0 0.00504546542701432 0.0569329257314024 0.0834180098324174 0.0967585299848733 0.0312013994390321 0 0 0.031599377662339 0.2000749169302 0.335948259544191 0.389231882014059 0.428343157513582 0.41164790062087 0.482014191784892 0.521964962173369 0.534001665307418 0.54061620050723 0.54277287176068 0.542278747063289 0.541644911675354 0.541192404210865 0.541102771560626 0.541071571648372 0.540951974730853
-9999 -9999 -9999 -9999 -9999 -9999 -9999 -9999 -9999 -9999 -9999 -9999 -9999 -9999 -9999 -9999 -9999 -9999 -9999 -9999 -9999 -9999 -9999 0.483401275320335 0.472887789249699 0.449370256089532 0.368767779326217 0.22527693833763 0.133450283708443 0.0655716184100163 0 0 0 0.054490825386764 0.0863386552961347 0.105870182539026 0.0533143889031229 0.0381517460631953 0.0148022356341552 0.0284138249004355 0.200962539461507 0.323622703819645 0.373105246122481 0.446062688357964 0.424720736312539 0.471402533641373 0.523172398908427 0.534303697239193 0.5407455042593 0.542604802906391 0.542014664015127 0.54117568768969 0.540461586585387 0.540113132550293 0.539933967877028 0.539559002894004
-9999 -9999 -9999 -9999 -9999 -9999 -9999 -9999 -9999 -9999 -9999 -9999 -9999 -9999 -9999 -9999 -9999 -9999 -9999 -9999 -9999 -9999 -9999 0.487369506201369 0.479637929319149 0.453028010941295 0.362719116162062 0.203670997620872 0.11542721781115 0.0460248682553728 0 0 0 0.0225771157693613 0.116448327500295 0.116204921681345 0.0944179015612856 0.110982152180394 0.0885195405452964 0.11974773937461 0.222168433536298 0.269456366540214 0.329520158429936 0.464321646392667 0.481416120947003 0.511856998812699 0.530395048160725 0.538461602865425 0.542027781138595 0.542601487544606 0.542043962360786 0.540920998818498 0.5398818497171 0.539019163444006 0.538036403850738 0.537118006945173
-9999 -9999 -9999 -9999 -9999 -9999 -9999 -9999 -9999 -9999 -9999 -9999 -9999 -9999 -9999 -9999 -9999 -9999 -9999 -9999 -9999 -9999 -9999 0.50687218207927 0.430048804073735 0.398980079255247 0.329108573291462 0.156032281215689 0.0628808322398431 0.0390069614315124 0 0 0 0 0.0502790122428512 0.0635680520506316 0.100144181271897 0.104425096536725 0.127051008503322 0.194868872901956 0.180932713386265 0.222570142054287 0.390671722070452 0.498017083613976 0.518798554450638 0.52596695216955 0.535396403209684 0.54071246576062 0.543216671292383 0.542802425410593 0.541706281231756 0.540447763199589 0.539356848766626 0.538322288859294 0.536022038455465 0.534611173291161
-9999 -9999 -9999 -9999 -9999 -9999 -9999 -9999 -9999 -9999 -9999 -9999 -9999 -9999 -9999 -9999 -9999 -9999 -9999 -9999 -9999 -9999 0.542182796656704 0.500105497966363 0.431196181148542 0.371402963802103 0.275851315445071 0.161628167837855 0.0786034429673292 0.024567901856199 0 0 0 0.0940089312505367 0.0861199013666716 0.0113934131410162 0.107392129404472 0.201751717366869 0.232935101572914 0.250774053457877 0.15498912699205 0.198750881486181 0.454727430913462 0.524956850302125 0.523597991927357 0.526740661290967 0.53379477678148 0.539469725069395 0.543812839556073 0.543005042884542 0.541638185891839 0.540216689835403 0.538986381035808 0.537585947991626 0.5348743072938 0.532919805446714
-9999 -9999 -9999 -9999 -9999 -9999 -9999 -9999 -9999 -9999 -9999 -9999 -9999 -9999 -9999 -9999 -9999 -9999 -9999 -9999 -9999 -9999 0.541423158203157 0.497720064917939 0.425467691408569 0.378697305214938 0.315203415470394 0.183415087668464 0.0630852630574501 0.00171497194230259 0 0 0 0.11607870891682 0.214801056990469 0.150130783148604 0.198499798765072 0.283619166195419 0.252663280918474 0.197967636541566 0.15857294204122 0.311672374597407 0.501697383567058 0.527019748351914 0.526414224803548 0.527409192848927 0.531109511097602 0.536651382981019 0.542534110828616 0.541994740662444 0.540672317961145 0.539039504991828 0.537369743871383 0.535759543375269 0.533145298673659 0.530486647484889
-9999 -9999 -9999 -9999 -9999 -9999 -9999 -9999 -9999 -9999 -9999 -9999 -9999 -9999 -9999 -9999 -9999 -9999 -9999 -9999 -9999 -9999 0.55235897075317 0.535040028546491 0.495735450161957 0.442162336340424 0.315542330210695 0.159526503539022 0.0424164959386928 0 0 0 0 0.151091942888359 0.30091611160027 0.257864233945135 0.241490913232876 0.328105561806699 0.323748372018366 0.324492901377762 0.308800702098783 0.392255922051665 0.50675994038275 0.527283685329508 0.528557471387461 0.527341767807317 0.529358583248241 0.535936520860699 0.540494563702627 0.541118220093666 0.540042663528027 0.538089513398165 0.536312077110292 0.534425941250822 0.530869139651518 0.527847682747936
-9999 -9999 -9999 -9999 -9999 -9999 -9999 -9999 -9999 -9999 -9999 -9999 -9999 -9999 -9999 -9999 -9999 -9999 -9999 -9999 -9999 -9999 0.557722865589177 0.524973302196722 0.477859875067565 0.415599761521357 0.289544271910318 0.147827298201401 0.0527244555310996 0 0 0 0 0.123246676627723 0.296777002385104 0.27975041729252 0.272655074544151 0.329027478756035 0.35629986781153 0.388940233200337 0.346785824818359 0.383650680841745 0.497501208737574 0.524389727167797 0.522783464656574 0.518631325560145 0.524285720174102 0.534454546447126 0.5385245065877 0.539408016220933 0.538530050679165 0.536763873659404 0.535009078585997 0.533039872276865 0.529730886338223 0.526960045235719
-9999 -9999 -9999 -9999 -9999 -9999 -9999 -9999 -9999 -9999 -9999 -9999 -9999 -9999 -9999 -9999 -9999 -9999 -9999 -9999 -9999 0.554070961259866 0.552046559729233 0.507477628397 0.447908495417153 0.388936083419567 0.27720779329478 0.142483301621551 0.0364507491198812 0 0 0 0.0206021867438284 0.149054682403145 0.276705945862784 0.333341891798704 0.380214737302638 0.432252129066959 0.447183573844048 0.454999490652346 0.356397835302692 0.324268468591263 0.463775418738929 0.511504940327554 0.505837664345896 0.502971556579982 0.517192075489803 0.530670637442091 0.536548209687912 0.537076986671714 0.536615762402256 0.535413364446173 0.533621348483874 0.531565801931472 0.530239298902023 0.529529663145148
-9999 -9999 -9999 -9999 -9999 -9999 -9999 -9999 -9999 -9999 -9999 -9999 -9999 -9999 -9999 -9999 -9999 -9999 -9999 -9999 -9999 0.525082563623192 0.53041158318803 0.504570704081194 0.428323969589512 0.349281746775002 0.263086579280243 0.148194056431112 0.0416592691619177 0 0 0.0241620934115513 0.0536347052045644 0.129238424849029 0.267840266730697 0.372171228954888 0.39179164237206 0.441539189174323 0.4549382064541 0.45277532845988 0.31390862104686 0.270431064909078 0.443125786246746 0.489629198148464 0.490908867776977 0.500202979733019 0.520580626185479 0.530972423954492 0.535248589177247 0.53550365469949 0.534971249481487 0.533518281150321 0.531966309689291 0.530436504528055 0.529286313387365 0.528155294555015
-9999 -9999 -9999 -9999 -9999 -9999 -9999 -9999 -9999 -9999 -9999 -9999 -9999 -9999 -9999 -9999 -9999 -9999 -9999 -9999 -9999 0.513179619198165 0.510717826697221 0.480932148133763 0.388035043279925 0.286720492816341 0.224169718094705 0.113663845907627 0.0137074121270739 0 0.0215676706183547 0.0865407998108503 0.117551998983977 0.126814075554692 0.21629455806302 0.38502517518326 0.414930419337145 0.437538212018261 0.455130237731346 0.445245016487163 0.281668292137645 0.233199387957007 0.403247202594977 0.452179314988209 0.492084402073258 0.506022728333245 0.524331362251182 0.532757602272348 0.534840065048464 0.534400956609019 0.533706650161557 0.532220449726412 0.530510942821797 0.52843762834166 0.526455294433468 0.525148092076712
-9999 -9999 -9999 -9999 -9999 -9999 -9999 -9999 -9999 -9999 -9999 -9999 -9999 -9999 -9999 -9999 -9999 -9999 -9999 -9999 -9999 0.522954860268658 0.510729356910278 0.458020418376562 0.377046185034409 0.25197689128265 0.110377618377489 0.0254577810355999 0.00679050828385469 0.0113699367619449 0.0697595291305106 0.166111613301935 0.215329171357306 0.164657165101068 0.181781017839671 0.349124091873032 0.354617749507534 0.378519040122003 0.445751721543712 0.412706884240785 0.309007577822926 0.325853079476807 0.433461456000139 0.468266807227854 0.501549287055227 0.51073530159213 0.523865909140874 0.531805361991405 0.5326833013538 0.531969760850559 0.531238950325203 0.529752724481809 0.528107185396884 0.5262150306197 0.523748522707632 0.52163452923875
-9999 -9999 -9999 -9999 -9999 -9999 -9999 -9999 -9999 -9999 -9999 -9999 -9999 -9999 -9999 -9999 -9999 -9999 -9999 -9999 -9999 0.48510159569656 0.489848588057054 0.425584610778934 0.333427382495442 0.218354864838217 0.0634300471240013 0 0 0.0152210111741665 0.106620303237384 0.223331576731005 0.27453295501345 0.19359681614147 0.157887325831035 0.306044897939338 0.268768909576038 0.294722770421713 0.424953989506287 0.392740701670519 0.395343435721127 0.452869362287036 0.447628427986174 0.481406180500198 0.507069623757383 0.513528065039334 0.523827076562314 0.530382973368451 0.530172843154568 0.529024957217453 0.528448582389432 0.527176985010587 0.525500904207133 0.523707671449209 0.521051669433965 0.518620846207593
-9999 -9999 -9999 -9999 -9999 -9999 -9999 -9999 -9999 -9999 -9999 -9999 -9999 -9999 -9999 -9999 -9999 -9999 -9999 -9999 -9999 0.471823248389817 0.43820137031741 0.411192305029472 0.304598444422371 0.174151762549365 0.0549115514041855 0 0 0.0453211114077664 0.103736212062014 0.192326397024537 0.271966146693631 0.195145781556304 0.117278601411936 0.240976515947762 0.266645468884816 0.302278779801282 0.401768370364411 0.459674675964867 0.496024439530682 0.481919006783851 0.464913308272101 0.487720660692793 0.507878248282465 0.515100298219605 0.525116779142766 0.528452879279733 0.524875486640645 0.522586531594207 0.524764891848513 0.525501127392193 0.524002675782204 0.52203823944267 0.519360702299921 0.516802255929681
-9999 -9999 -9999 -9999 -9999 -9999 -9999 -9999 -9999 -9999 -9999 -9999 -9999 -9999 -9999 -9999 -9999 -9999 -9999 -9999 0.509012733526878 0.463798106016711 0.419769768948477 0.369325420899838 0.251636259202034 0.19944083823406 0.0950945772849975 0 0.0270235157971496 0.0861212718940357 0.113359168279524 0.168033938405422 0.263185724928831 0.220393957526812 0.123940997185946 0.247838625117699 0.329779739537439 0.350087843726618 0.408430025588632 0.480100133894189 0.497258901780137 0.500193490642307 0.494588256327804 0.496555005540715 0.509078080491569 0.515714303161421 0.523564862395069 0.519375001040529 0.504845723254085 0.496612669776366 0.508243180892749 0.52148157882643 0.52123888357597 0.519241954782626 0.51656632413678 0.513958471309874
-9999 -9999 -9999 -9999 -9999 -9999 -9999 -9999 -9999 -9999 -9999 -9999 -9999 -9999 -9999 -9999 -9999 -9999 -9999 -9999 -9999 0.461027784213055 0.397246471378893 0.310115373068204 0.175290521998109 0.102597924817063 0.00975814562310905 0 0.0265861658946598 0.099411887959276 0.204407483072564 0.324336361511832 0.344188101715903 0.320594781665684 0.285036104761417 0.341835112128498 0.359202266288216 0.369904783318408 0.473185185667787 0.488249963852866 0.493222560046811 0.496211334808726 0.49864965403599 0.503857517087609 0.511017387149186 0.513692195711912 0.517784981722676 0.51183301454198 0.484595610439537 0.470467189401042 0.494198061149709 0.517093980517546 0.518656130194657 0.516584825877758 0.513595559294185 0.51076670066932
-9999 -9999 -9999 -9999 -9999 -9999 -9999 -9999 -9999 -9999 -9999 -9999 -9999 -9999 -9999 -9999 -9999 -9999 -9999 -9999 -9999 0.472848202237412 0.457654791432889 0.330916610137979 0.144468548360508 0.0621126012313023 0.0103804951540643 0 0.0154139442888131 0.0975972256599357 0.197651812910908 0.324569798720887 0.366034874404223 0.357106241863277 0.309366974229647 0.325413836688764 0.357127467672748 0.381334811295697 0.477827166302714 0.487371664470551 0.491209571192256 0.489885292007808 0.495668638394506 0.506562518692653 0.509103891059865 0.508696313465096 0.511047932647208 0.499271593903403 0.466015620005617 0.462777212614123 0.494496655094941 0.51600267315372 0.516587896409241 0.514572093901337 0.511462593442677 0.507787623632986
-9999 -9999 -9999 -9999 -9999 -9999 -9999 -9999 -9999 -9999 -9999 -9999 -9999 -9999 -9999 -9999 -9999 -9999 -9999 -9999 -9999 0.455144021285396 0.423567945746673 0.319610807380826 0.159042635600433 0.053515854800028 0 0 0.00174963545062848 0.0883273342108813 0.189656787786931 0.272091259738775 0.338597656960982 0.362741299140384 0.319995976915704 0.309612322691026 0.348926599359735 0.409942939159512 0.471474814265753 0.481298938207815 0.486392868756059 0.486474137875056 0.492713282904673 0.503145057506561 0.504777964006002 0.505188076428825 0.502180407641093 0.477112120643235 0.449989483933365 0.465873455061079 0.497922774367312 0.513242509728424 0.513487673545226 0.51151302452578 0.508135081017117 0.504145377398035
