layers/veg/veg1800.asc
NCOLS 255 
NROWS 330 
XLLCORNER -2985163.8955 
YLLCORNER -3022031.214 
CELLSIZE 25000 
NODATA_value -9999 
[rows 175 to 199 of 330, columns 56 to 111 of 255]
-9999 -9999 -9999 -9999 -9999 -9999 -9999 -9999 -9999 -9999 -9999 -9999 -9999 -9999 -9999 -9999 -9999 -9999 -9999 -9999 -9999 -9999 0.497018716097864 0.405752753709298 0.321464562501758 0.364556858190413 0.36475594791701 0.266181574437031 0.191685921092049 0.15042775969555 0.0792002751278387 0.0685494073822306 0.0765756330681077 0.111043418119138 0.131450673030691 0.104791140392278 0.0801613296089076 0.0737544690281489 0.0511984106297035 0.0669634997058989 0.1594089790609 0.255425517956783 0.370005988862119 0.457410103371062 0.459764838532125 0.437642539348932 0.470670718942004 0.512203870234579 0.52917997290243 0.53540825612669 0.537721614378962 0.539042621893573 0.53989343921711 0.541032109348508 0.542149132680329 0.542855205995855
-9999 -9999 -9999 -9999 -9999 -9999 -9999 -9999 -9999 -9999 -9999 -9999 -9999 -9999 -9999 -9999 -9999 -9999 -9999 -9999 -9999 -9999 -9999 0.426789476093576 0.320162439300068 0.324039508344384 0.309475211200318 0.217193180575148 0.154657456936122 0.112082806560473 0.0596580409902112 0.0900903782530715 0.1090473127617 0.141361072880956 0.129949914051349 0.0900893454338421 0.0634086955174372 0.0357283992714872 0.0210952133643918 0.129754322241854 0.194027859387924 0.25447512071621 0.41145537718922 0.442733273552596 0.450774367559283 0.45787794179992 0.495081335811542 0.518143349586346 0.528824476418713 0.533111397336604 0.535414414279999 0.53726464790839 0.538336391805535 0.539675570681117 0.541034979295076 0.541847050377606
-9999 -9999 -9999 -9999 -9999 -9999 -9999 -9999 -9999 -9999 -9999 -9999 -9999 -9999 -9999 -9999 -9999 -9999 -9999 -9999 -9999 -9999 -9999 0.340435813031317 0.326646273392829 0.317270485233738 0.292006708170869 0.208665812762622 0.138483499252518 0.104375005377121 0.0568474526193163 0.0455822653405722 0.0634877772970929 0.112443280531679 0.131705750267377 0.103785362879774 0.0711678016202862 0.033117636046579 0.0386660311752985 0.159804530490185 0.166465466155123 0.216623127467177 0.40951719358857 0.441586756735218 0.45005639543811 0.464205523113275 0.505099412016686 0.520354633450426 0.528768900825156 0.532432555215881 0.53475862966499 0.536595902074472 0.537752806218839 0.539071681934241 0.540373176752179 0.541226828871255
-9999 -9999 -9999 -9999 -9999 -9999 -9999 -9999 -9999 -9999 -9999 -9999 -9999 -9999 -9999 -9999 -9999 -9999 -9999 -9999 -9999 -9999 -9999 0.3888941716949 0.369209480803157 0.348454834340447 0.289815210867373 0.161285243036698 0.0815342515783819 0.0822224862477378 0.0338787835983316 0.0179899974219016 0.0371272871611626 0.0429818804178323 0.0960396640514699 0.110494009867786 0.0617248942448308 0.035003979363321 0.0916766859002455 0.209629828314922 0.221417272393904 0.290003526383074 0.392928539736323 0.411067528361029 0.4467582863018 0.490356446286704 0.507383131964699 0.516978358449761 0.529412567388736 0.532256094061107 0.534181928880487 0.53582693036958 0.536833287280055 0.537991156084121 0.539040912069955 0.539824612855471
-9999 -9999 -9999 -9999 -9999 -9999 -9999 -9999 -9999 -9999 -9999 -9999 -9999 -9999 -9999 -9999 -9999 -9999 -9999 -9999 -9999 -9999 -9999 0.442261746872592 0.410092978540958 0.369754921666491 0.32045301847982 0.21237141305124 0.0980363847526114 0.0579819054104326 0.0527060464444374 0.029925454660493 0.0108977374192975 0.0355324509884459 0.0697545569052594 0.0495968863298983 0.0369349050448714 0.0563491391559162 0.140298562091118 0.237948254304477 0.274340325162484 0.309911112469611 0.354716723050061 0.375527517468866 0.440074813089528 0.489500478140528 0.495351527440545 0.514757596326537 0.530411023331138 0.533172994366563 0.534322869684374 0.535408947323892 0.53610010107516 0.5370028163367 0.53785287090478 0.538466637629603
-9999 -9999 -9999 -9999 -9999 -9999 -9999 -9999 -9999 -9999 -9999 -9999 -9999 -9999 -9999 -9999 -9999 -9999 -9999 -9999 -9999 -9999 -9999 0.502667811282067 0.442618100314803 0.389995413667713 0.313961303952446 0.202440369609686 0.0944866184083006 0.0590354714346037 0.0608960459724786 0.0397727214346245 0.0304721725602026 0.0821588894638135 0.074643254120821 0.00318376602488118 0.0158361302328163 0.0168226121133896 0.0839165871163844 0.228741885170392 0.299181263642808 0.319073463184778 0.353659561040147 0.413715556248748 0.464907242693165 0.492258016924449 0.506872948522209 0.519832924016503 0.531870817432675 0.534245903592091 0.534829897398149 0.535384212160195 0.535770338788804 0.536429376177607 0.537134794052085 0.537595621023105
-9999 -9999 -9999 -9999 -9999 -9999 -9999 -9999 -9999 -9999 -9999 -9999 -9999 -9999 -9999 -9999 -9999 -9999 -9999 -9999 -9999 -9999 -9999 0.503642746238599 0.444187584956226 0.400544719147884 0.335833109357912 0.212974279291268 0.103829115668609 0.0720000846684256 0.0472695206296407 0.028141382177218 0.0631966485079415 0.0932868853342594 0.0829568944867039 0.0494823948723628 0 0 0.058134951602249 0.146461406481623 0.258170609150082 0.33678563137743 0.367058145104396 0.438626815771253 0.443581524059111 0.470423603434005 0.512171993513198 0.523902306565857 0.532199486965146 0.534933499922728 0.535082842432588 0.535116819658366 0.53519155587409 0.53566237864109 0.536105962502994 0.536287947161184
-9999 -9999 -9999 -9999 -9999 -9999 -9999 -9999 -9999 -9999 -9999 -9999 -9999 -9999 -9999 -9999 -9999 -9999 -9999 -9999 -9999 -9999 -9999 0.480670450708664 0.475837495739439 0.446375542829739 0.368259852555525 0.223971315959061 0.117753442334294 0.05426082118672 0 0 0.021870032305775 0.0714635867358826 0.0967741393660838 0.10952015269389 0.0468363451209926 0.00869223690465744 0.00924795267119885 0.0472187652282622 0.208299490632892 0.338216801776377 0.389183668264308 0.426603266314999 0.410676093094513 0.478000388141269 0.516245395205851 0.527810742245066 0.534213940075891 0.536350769489855 0.535960022546847 0.535462152745397 0.535127883619836 0.535144269811856 0.535244646795785 0.535244285445893
-9999 -9999 -9999 -9999 -9999 -9999 -9999 -9999 -9999 -9999 -9999 -9999 -9999 -9999 -9999 -9999 -9999 -9999 -9999 -9999 -9999 -9999 -9999 0.479425880833647 0.469339417648736 0.446853659959451 0.369789256751869 0.232597205514454 0.144798431773539 0.0798938197668707 0.00958978452408195 0 0.0170769238716285 0.0692525412960663 0.0996900178660725 0.118354216029971 0.0680989222998255 0.0535970790838088 0.0312719401706779 0.0442873351796729 0.209259065257596 0.326540278723365 0.373868295853298 0.443642259027945 0.42326788704222 0.46794238790911 0.517481625315033 0.528175739865489 0.534406648818563 0.536252876982773 0.535764003972208 0.535062041982218 0.534470730849509 0.534232755962567 0.534183012082712 0.53393097466614
-9999 -9999 -9999 -9999 -9999 -9999 -9999 -9999 -9999 -9999 -9999 -9999 -9999 -9999 -9999 -9999 -9999 -9999 -9999 -9999 -9999 -9999 -9999 0.48337826937653 0.475951761910183 0.450515090040171 0.364175581101048 0.212115113628245 0.127745603167885 0.0613871646915439 0 0 0 0.0389275737771069 0.12866214304173 0.12841885591079 0.107577497028149 0.123405345500433 0.10192445392266 0.131777096860812 0.229697580527018 0.274913299364936 0.33235030601423 0.461243973907604 0.477610065808331 0.506748529605745 0.52450851949693 0.532264726110783 0.535736536328552 0.536345141103845 0.535879070330226 0.534895256442645 0.533984346722103 0.533246203384452 0.532417757270127 0.531637351912784
-9999 -9999 -9999 -9999 -9999 -9999 -9999 -9999 -9999 -9999 -9999 -9999 -9999 -9999 -9999 -9999 -9999 -9999 -9999 -9999 -9999 -9999 -9999 0.502197949585838 0.428707653315219 0.399013629580468 0.332218039175659 0.166750865128125 0.0776929765335602 0.0548649169373887 0.00688290133646234 0 0 0.0158805304403531 0.0655904106382137 0.0782829157194701 0.113236734090847 0.117317649853816 0.138939824953962 0.203768586675681 0.190440195222996 0.230248005562263 0.390967622838621 0.493604999648028 0.513489193140149 0.520369187977522 0.52941327400963 0.534532376877472 0.536979644259406 0.536635841479584 0.535647282121152 0.534524764226483 0.533556776747262 0.532647262560436 0.530550906471317 0.529292916143626
-9999 -9999 -9999 -9999 -9999 -9999 -9999 -9999 -9999 -9999 -9999 -9999 -9999 -9999 -9999 -9999 -9999 -9999 -9999 -9999 -9999 -9999 0.536056266302861 0.495795878303145 0.429934381094722 0.372782273409089 0.281438471570768 0.172241783220149 0.0928681824938842 0.0412057047180734 0 0 0.0117712988465363 0.107558145330399 0.100002058961152 0.0285450678875435 0.120307363238686 0.210505601097217 0.240305863634031 0.25734748278967 0.165762928186946 0.207597235157474 0.452324387836308 0.519471739944203 0.518183391221999 0.521208115249731 0.527975699029565 0.533432547295737 0.537631393608248 0.536905883551852 0.53565343743402 0.534369139002068 0.533263066999448 0.531999513682159 0.529505091551989 0.527723738505515
-9999 -9999 -9999 -9999 -9999 -9999 -9999 -9999 -9999 -9999 -9999 -9999 -9999 -9999 -9999 -9999 -9999 -9999 -9999 -9999 -9999 -9999 0.535522931389994 0.49370837846528 0.424658728903387 0.379963351981428 0.319273623610751 0.193288990502415 0.0782533865440341 0.0195809945499161 0 0 0 0.128883109670287 0.223251288213934 0.161405519066719 0.207626525434946 0.28898591486307 0.259372250634933 0.207059562810852 0.169380527586996 0.315740726022887 0.497405648161502 0.521611532624396 0.521035620820455 0.521997386588899 0.52555035319213 0.530872164099791 0.536533612711258 0.53605703488847 0.534840089421303 0.533345742986506 0.531813248467861 0.530343905147665 0.527937068292268 0.525478654220964
-9999 -9999 -9999 -9999 -9999 -9999 -9999 -9999 -9999 -9999 -9999 -9999 -9999 -9999 -9999 -9999 -9999 -9999 -9999 -9999 -9999 -9999 0.54616436179541 0.529590997996783 0.492049504805738 0.440856692897801 0.31982008548117 0.170677997448203 0.0587244148573206 0 0 0 0 0.16259154372868 0.305813394040574 0.264632511850728 0.248951067739976 0.331734871746402 0.327545218847905 0.32822862379986 0.31320338524294 0.392972521945575 0.502425864736882 0.522035845635357 0.523248638131468 0.522087045290154 0.524022196108287 0.530326753025956 0.534712509548966 0.535340364801657 0.534352804551866 0.532544751243566 0.530903648869569 0.529166039999921 0.525853690503594 0.523045721153805
-9999 -9999 -9999 -9999 -9999 -9999 -9999 -9999 -9999 -9999 -9999 -9999 -9999 -9999 -9999 -9999 -9999 -9999 -9999 -9999 -9999 -9999 0.551556811531966 0.520125766539458 0.47512499264618 0.415631842679538 0.295138913851671 0.159671401972604 0.0687606553843286 8.6092938592042e-05 0 0 0 0.13615205187418 0.302036131847566 0.28573392418799 0.278918420264792 0.332784736498033 0.358829992613383 0.390001317032685 0.34967106995486 0.384891419389192 0.493712628512796 0.519401299553589 0.51785438693428 0.513877826769747 0.519284366392868 0.529016126841311 0.532928354381882 0.533799111915986 0.532995653416633 0.531361066279063 0.529737693175998 0.527917755701281 0.52483969547443 0.522269965141957
-9999 -9999 -9999 -9999 -9999 -9999 -9999 -9999 -9999 -9999 -9999 -9999 -9999 -9999 -9999 -9999 -9999 -9999 -9999 -9999 -9999 0.548236416334026 0.546248302642094 0.503645671340437 0.446746479257057 0.390404138426591 0.28361489590838 0.154838807955173 0.0534828359435214 0 0 0 0.0383216711449071 0.161106939277227 0.283124496729548 0.337242929221548 0.382017002825086 0.431732006901641 0.445971124545505 0.453398977797545 0.359093087876717 0.328342008701551 0.461680675778945 0.507284567085818 0.501845486352616 0.499086790264711 0.512673312778251 0.525560415776025 0.53119039739722 0.531713704861054 0.531301536395279 0.530198181449211 0.528533554367152 0.526626998607129 0.52544079300687 0.524840104295683
-9999 -9999 -9999 -9999 -9999 -9999 -9999 -9999 -9999 -9999 -9999 -9999 -9999 -9999 -9999 -9999 -9999 -9999 -9999 -9999 -9999 0.520696518179703 0.525773211001618 0.50112499454756 0.428291531026137 0.352769302973098 0.270397500101156 0.160588337144651 0.0587565067323491 0 0 0.0420363905713055 0.0701993451013405 0.142454937430127 0.274937844473961 0.374650081464272 0.393361723482607 0.440880151832469 0.453646103611206 0.451523045009049 0.318711983172236 0.277101697537881 0.442157536062216 0.486578724767854 0.48777120850631 0.496626153889188 0.516089102965495 0.52601579250629 0.530103947031694 0.530356999738559 0.529869449876645 0.528518591590468 0.527077697914731 0.525669687160978 0.524648578634818 0.523643534939897
-9999 -9999 -9999 -9999 -9999 -9999 -9999 -9999 -9999 -9999 -9999 -9999 -9999 -9999 -9999 -9999 -9999 -9999 -9999 -9999 -9999 0.509533748410644 0.507139766237437 0.478727453948079 0.389983558222185 0.29317403169347 0.233412574963811 0.127802352707014 0.0322631356232454 0.0169618479762426 0.0397944300349536 0.101907099900232 0.131539691695402 0.140366225469114 0.225883097545164 0.387160666133693 0.415699007611 0.437264391778044 0.454032598034449 0.444518037233375 0.288075202837381 0.241685189370048 0.404200786222954 0.450935659875707 0.489048209376797 0.502333678106881 0.519810581186924 0.527850799775992 0.529833198225013 0.529415869889965 0.528767788981183 0.52737891712408 0.525782862595835 0.523851952874986 0.522032428154792 0.520857625489764
-9999 -9999 -9999 -9999 -9999 -9999 -9999 -9999 -9999 -9999 -9999 -9999 -9999 -9999 -9999 -9999 -9999 -9999 -9999 -9999 -9999 0.519180605061772 0.507451423074802 0.457134699204356 0.379802605493355 0.260292034858773 0.124963647947227 0.0438229551431226 0.02600583881944 0.0303991627647114 0.0862288445434623 0.178341363542853 0.225378032334274 0.176899766309915 0.193234405928168 0.353178565139694 0.3583682884853 0.381160917757945 0.445378079797777 0.413708232944645 0.314499515528838 0.330541566418855 0.433346501937742 0.466562457698178 0.498330997056841 0.5070580184704 0.519572039586974 0.527135494444267 0.527953098571618 0.527262892433019 0.526570870071434 0.525172077929687 0.523629885483262 0.521866768780549 0.519579429019675 0.517630703462374
-9999 -9999 -9999 -9999 -9999 -9999 -9999 -9999 -9999 -9999 -9999 -9999 -9999 -9999 -9999 -9999 -9999 -9999 -9999 -9999 -9999 0.483278959268302 0.487801216978707 0.426449386884357 0.338439350658067 0.228496611204793 0.0804365018277299 0.0094784693800547 0.0192383446946337 0.0344551553745226 0.121845685721627 0.233422468333272 0.282353363205723 0.204936040018424 0.170753386270395 0.312347819864378 0.276636936903042 0.301381902409367 0.42581823865819 0.394929151284072 0.397338326367849 0.452260286573656 0.447159073004086 0.479378902396585 0.503850098839226 0.509953603204818 0.519747365192088 0.525976039052229 0.525739387918847 0.524622741314072 0.524068664278557 0.522864342244526 0.521284924023107 0.519610221504202 0.517135810978913 0.514880690370669
-9999 -9999 -9999 -9999 -9999 -9999 -9999 -9999 -9999 -9999 -9999 -9999 -9999 -9999 -9999 -9999 -9999 -9999 -9999 -9999 -9999 0.470897706370725 0.438666379878576 0.412941906718374 0.311140424029613 0.1865073316951 0.0725701873950562 0.000656006524171596 0.0186382882480795 0.0635236305683958 0.119380813525734 0.204072060805364 0.280189663559122 0.206703344777273 0.132211062638255 0.250414880175429 0.274874515505497 0.308865602172169 0.403902600467501 0.459161536612596 0.493824669588292 0.480252968149861 0.4638913766184 0.485612100536717 0.504809041529514 0.511630120854582 0.521143417625233 0.524284256641146 0.520817178339312 0.518600663251856 0.520672419351312 0.521378915426355 0.519962630770287 0.518118905851454 0.515618507560158 0.513237842790818
-9999 -9999 -9999 -9999 -9999 -9999 -9999 -9999 -9999 -9999 -9999 -9999 -9999 -9999 -9999 -9999 -9999 -9999 -9999 -9999 0.506674062283871 0.463409710952037 0.421416071151517 0.373301140836603 0.260908729835262 0.211100945573827 0.111413399895185 0 0.0464524205635019 0.102977589438723 0.129029772414081 0.181295669416375 0.272240607186175 0.231281424992186 0.13901301962211 0.257398683344769 0.335644648738618 0.354971582965422 0.41065593198916 0.479056271706053 0.495356102965893 0.498059861292072 0.492578144056537 0.494357325636088 0.506239157841726 0.512480742230498 0.519907171143817 0.51583787475068 0.501882709766888 0.493969198411586 0.505065224176797 0.517710315983983 0.517483640038091 0.515599798906962 0.513091693991071 0.51065712559328
-9999 -9999 -9999 -9999 -9999 -9999 -9999 -9999 -9999 -9999 -9999 -9999 -9999 -9999 -9999 -9999 -9999 -9999 -9999 -9999 -9999 0.46111698514604 0.400265437203099 0.317091677390515 0.188334258109224 0.118943491297492 0.0302674742876792 0 0.0464925602268623 0.116146444026766 0.216541562913728 0.331193674997168 0.350144477926087 0.327533740351944 0.293476228962975 0.347702403047811 0.364198535955218 0.374329009245356 0.47296268942755 0.487226834106099 0.491859628815659 0.494598714907025 0.49678656339226 0.501646864518711 0.50838431321553 0.510818202886802 0.514635045531646 0.508865363329143 0.482742018881547 0.469177189040398 0.491828373198198 0.513691187583572 0.515177941149597 0.5132127050961 0.510393547698443 0.507739442656286
-9999 -9999 -9999 -9999 -9999 -9999 -9999 -9999 -9999 -9999 -9999 -9999 -9999 -9999 -9999 -9999 -9999 -9999 -9999 -9999 -9999 0.472880576226353 0.458312675258312 0.33728466923908 0.159186438056114 0.0805675125379936 0.031201089507249 0 0.0361639578513436 0.114767383889872 0.210440493487393 0.331774412010742 0.37138639162593 0.362791063726154 0.31708254000334 0.332340066143844 0.362541714141903 0.385573466637381 0.477706451465426 0.486678615415031 0.49021383896834 0.488816583791823 0.494186489886389 0.504469254622983 0.506778011683891 0.506249063718016 0.508387989937664 0.497037536736299 0.465145497830935 0.461980196927104 0.492258100198558 0.512779597266021 0.513322393227742 0.511401517404162 0.508457655002573 0.504987141994413
-9999 -9999 -9999 -9999 -9999 -9999 -9999 -9999 -9999 -9999 -9999 -9999 -9999 -9999 -9999 -9999 -9999 -9999 -9999 -9999 -9999 0.456395958347955 0.426167603569734 0.326938481455101 0.173604137620888 0.0728488393551851 0.0207290981180385 0 0.023635054504515 0.106444810220414 0.203339802993503 0.282144949196112 0.345694378389801 0.368710783971045 0.327768208455833 0.317745599185286 0.355197945423018 0.413405797615655 0.472097940025999 0.481315623797395 0.486032194213766 0.485959100171497 0.491740318921713 0.501560319751728 0.502980352342869 0.503208720432494 0.500203450525659 0.476126078843928 0.450075190117848 0.465173352580591 0.495749661697594 0.510336908060755 0.510538602889413 0.508642818628386 0.505425996093214 0.501641725154122
