layers/veg/veg1700.asc
NCOLS 255 
NROWS 330 
XLLCORNER -2985163.8955 
YLLCORNER -3022031.214 
CELLSIZE 25000 
NODATA_value -9999 
[rows 108 to 134 of 330, columns 180 to 239 of 255]
0.427124781596175 0.414177549627275 0.400217540797526 0.396862472010101 0.398280882112734 0.395479226520722 0.38567783529416 0.371637840482335 0.367109530078795 0.37330631949456 0.380032460170814 0.378599388424361 0.394307382005089 0.41114634420444 0.421864001335754 0.434562276478873 0.447139411129778 0.458267707461361 0.467932381659191 0.479393144332449 0.497752137410919 0.514231606824419 0.525030827792959 0.53970022758465 0.555586060436172 0.568654789065778 0.57489893339092 0.585103319585954 0.598560074343467 0.609963272101964 0.620069743666599 0.6299356895054 0.634770530405826 0.632963225833449 0.627476938217173 0.640548233158837 0.641272017744103 0.632685467935843 0.647798479457616 0.641868682887474 0.642618142682719 0.654665120700933 0.670195728381974 0.681841084073421 0.690316727006589 0.710544737523001 0.730981262533183 0.735269354864029 -9999 -9999 -9999 -9999 -9999 -9999 -9999 -9999 -9999 -9999 -9999 -9999
0.413842269195941 0.406735155223964 0.395413175719125 0.396023116847004 0.398010907743697 0.392641567022782 0.378895689112243 0.367556422646482 0.368531555698467 0.37883956498597 0.38135730299002 0.385036054819779 0.396612665566248 0.408257382903949 0.419744705185269 0.435352016499219 0.449343788981981 0.458564856033945 0.471085686795026 0.487427502844566 0.504580699508587 0.519573268317826 0.532211515172783 0.546095068456089 0.559231781803253 0.571128999660321 0.575784795685176 0.587398278606188 0.598371901224007 0.606998841717524 0.613003529209572 0.620376778160358 0.631379831214605 0.639198227244851 0.639822691688621 0.643954956934809 0.644378457886398 0.651059218960732 0.658573518422088 0.638162667412742 0.639165825430567 0.652500147738687 0.671824903167062 0.692703890674969 0.710034617316022 0.723418604633069 0.735252782264767 0.738923567865449 -9999 -9999 -9999 -9999 -9999 -9999 -9999 -9999 -9999 -9999 -9999 -9999
0.380254593546146 0.386884001514882 0.387931825076759 0.390352045879888 0.392066635366514 0.390859930056432 0.383702553417082 0.379165462092686 0.379019537760154 0.37804098486721 0.383364297801968 0.388178348430866 0.399687540273292 0.409893776979646 0.423290454108655 0.438558195310082 0.45187011663863 0.462816104827703 0.47867805096264 0.49508215940915 0.502665646958105 0.516131021139231 0.535945637826668 0.548969162039567 0.56051397432806 0.571299208753319 0.577364806111015 0.587134312692729 0.596815277744854 0.607422964063149 0.614149745210649 0.619752073596484 0.633267431780829 0.647951055628772 0.653501460045624 0.655818496388819 0.663876067696437 0.666876137033214 0.669920170942047 0.637414363679965 0.645755379847162 0.659594988300282 0.675081724067116 0.690483709032853 0.711643284051182 0.729385132974134 0.73656458336167 0.736671080916119 -9999 -9999 -9999 -9999 -9999 -9999 -9999 -9999 -9999 -9999 -9999 -9999
0.368020322414946 0.376389271831694 0.384142711062484 0.387628021170791 0.39113073580951 0.388485500215555 0.382740537694738 0.38028412482117 0.376046056362736 0.374945635601388 0.381199315813924 0.387781726605072 0.401176026965403 0.414515321361639 0.428226460673786 0.438313629669133 0.439323274738789 0.467470799085792 0.47770926032338 0.480761662865505 0.491628160276636 0.511585641854835 0.529705859850431 0.544900898338971 0.562040481340274 0.572211136432605 0.578277727821721 0.586280895218447 0.595145108881555 0.606162672602816 0.610977958554912 0.620021409768193 0.64016608184685 0.656014403211837 0.66456007057566 0.668006407959322 0.669677418894892 0.672375155144037 0.676304930317845 0.658777048367551 0.66261501302085 0.691742211072828 0.706952912979965 0.711515714058827 0.723909515234712 0.734123349181982 -9999 -9999 -9999 -9999 -9999 -9999 -9999 -9999 -9999 -9999 -9999 -9999 -9999 -9999
0.366670658507459 0.372246569139719 0.383532241884523 0.386162617386057 0.386211646863198 0.38192568325868 0.379608506518798 0.368186215027129 0.367169727812751 0.37301571905607 0.37957355165997 0.387634892882793 0.401084987564188 0.417086587562118 0.432614442718217 0.448565905723403 0.461223465653451 0.474802490740952 0.462562214452543 0.461893234378584 0.48927023715739 0.513458818786789 0.519654638226243 0.538122545922798 0.562399475913448 0.572429474150298 0.580390996389647 0.591017721256126 0.603404185065813 0.610670406659631 0.608885619098509 0.615102856855177 0.640835927762085 0.662227262323132 0.673518556680576 0.670201277657729 0.674891027357577 0.683842932817588 0.686625190566594 0.68661699740575 0.683292462405985 0.694616584301388 0.71638994137267 0.721600832078841 0.732421312495161 0.734661758136944 -9999 -9999 -9999 -9999 -9999 -9999 -9999 -9999 -9999 -9999 -9999 -9999 -9999 -9999
0.364872561410555 0.369061263561993 0.381309758345922 0.382195341483255 0.375570566355147 0.364014410968064 0.368878308204492 0.363088531330707 0.367600212025065 0.375464168159267 0.380866825990489 0.389375518357861 0.402867277620154 0.419652389965568 0.437003921712641 0.45183313180058 0.461995700307628 0.448648834976451 0.43355804941456 0.454824317254218 0.498364366643228 0.520799279648045 0.513801857530324 0.536320931291545 0.563869113065688 0.577505107627489 0.58464156945532 0.593018570610684 0.607390861820983 0.613089229460492 0.612760710588171 0.624655057147654 0.642336768194343 0.658507330690535 0.67114303197394 0.676340319243886 0.686292481178767 0.697731970970209 0.696848005318219 0.693464762549269 0.700946575619645 0.712944562689718 0.721240591666132 0.730182206373237 0.735536353238139 -9999 -9999 -9999 -9999 -9999 -9999 -9999 -9999 -9999 -9999 -9999 -9999 -9999 -9999 -9999
0.365935977371381 0.367124617879223 0.370354120795577 0.376688780134878 0.371780377908732 0.372126734779043 0.373776365011453 0.364768799879995 0.373325992634795 0.382496916357711 0.386574508471238 0.395622794784437 0.410341096615007 0.424761769675876 0.440181226201868 0.456351184078755 0.465876989616825 0.457789571064807 0.444593839208164 0.468850669507572 0.511242035344807 0.523481519563339 0.513336495380441 0.538158693624482 0.570018158492616 0.586838589065147 0.592762729140665 0.598672086287111 0.607342624177074 0.608969005049871 0.609290670666109 0.632673053466611 0.647999578469446 0.664139104713071 0.672280243413917 0.682646090517848 0.691138914094481 0.70451502954039 0.705906886109851 0.704888059770462 0.710667699812849 0.719958299965302 0.727504236087092 0.734588062656646 -9999 -9999 -9999 -9999 -9999 -9999 -9999 -9999 -9999 -9999 -9999 -9999 -9999 -9999 -9999 -9999
0.369131739321267 0.368367425904722 0.370653390401554 0.370209894687422 0.373327656304013 0.37914445200836 0.380185586032663 0.372278319065209 0.382208817508633 0.391114836934048 0.396907705301352 0.406031248352174 0.419699164240376 0.430885714932007 0.444517985789073 0.460492709933147 0.473223005549294 0.47808908227399 0.473298502535779 0.490057281541152 0.518423436724113 0.519447374204687 0.540739246649453 0.564574087589678 0.583333562228627 0.595779957412355 0.602769054725654 0.609117789273853 0.612725671246496 0.614464626717553 0.617247475207846 0.631685428665932 0.656482145206231 0.669520513272868 0.67343562832507 0.684531974248177 0.690459711068961 0.708117308737883 0.713258743808794 0.712801257951851 0.717854379156842 0.724519251217304 0.727963119550336 -9999 -9999 -9999 -9999 -9999 -9999 -9999 -9999 -9999 -9999 -9999 -9999 -9999 -9999 -9999 -9999 -9999
0.358468218898362 0.355833857660419 0.361140084310281 0.374656595144957 0.379133120513703 0.383652505811595 0.385452427750233 0.38450564227032 0.390300056573557 0.398122148586051 0.40541912909471 0.414333735085988 0.412686993336196 0.425668686262298 0.444166918690295 0.456917464536164 0.467388291266881 0.478607324003535 0.486316306558272 0.502191631339021 0.52174533969173 0.523626516985482 0.528137456833329 0.58040973040968 0.593011542075822 0.602642127130936 0.61263336226892 0.62182159620926 0.627110602573258 0.636237796183762 0.642283760255042 0.64790098268734 0.661418778580643 0.672393626783231 0.677869117827988 0.68792726698939 0.696351924004348 0.707869896964785 0.710219154784419 0.720277768107131 0.722819826745789 -9999 -9999 -9999 -9999 -9999 -9999 -9999 -9999 -9999 -9999 -9999 -9999 -9999 -9999 -9999 -9999 -9999 -9999 -9999
0.358283238509923 0.360107947690259 0.363670025450707 0.374451199185159 0.383061054827538 0.387521708676497 0.390613904826995 0.393798881962498 0.394637497111381 0.405061932881718 0.413308867907613 0.422076405273696 0.397414624231986 0.411712660589043 0.425009066725092 0.448421381068419 0.459409029475163 0.470100418395535 0.484386247347875 0.501607273334816 0.519838757146548 0.531331262752286 0.554568008817971 0.586461868385954 0.599859945496013 0.608823486566387 0.620585221500808 0.63167586076278 0.638139106807763 0.641607294229946 0.654672531263465 0.662543510710023 0.661421443066939 0.669015690986012 0.684673904856616 0.695743338565211 0.707975842533379 0.716333888436716 0.716056427620248 0.725354066004003 0.725793499194716 -9999 -9999 -9999 -9999 -9999 -9999 -9999 -9999 -9999 -9999 -9999 -9999 -9999 -9999 -9999 -9999 -9999 -9999 -9999
0.356696461761042 0.35834155159065 0.359199875693945 0.372376736224957 0.386511558647431 0.390652466489232 0.393937660327117 0.396529500663417 0.398727692250525 0.413163920692025 0.419796725520595 0.423025421747875 0.402507407131925 0.413678472495874 0.426728941512408 0.453512605559161 0.46806573795623 0.48192535265632 0.486298325857462 0.491940797956298 0.517614169476418 0.546162921550456 0.569404374713045 0.590865035399962 0.606185675608173 0.615793744017959 0.623365367396013 0.635975547298808 0.648957125068877 0.652900827770228 0.665510407537847 0.671232749707868 0.665466024959421 0.669880156943068 0.690596603651689 0.707327774274495 0.713956287732139 0.717670059924686 0.719373101845622 0.725936626484157 -9999 -9999 -9999 -9999 -9999 -9999 -9999 -9999 -9999 -9999 -9999 -9999 -9999 -9999 -9999 -9999 -9999 -9999 -9999 -9999
0.358044626063255 0.365205401810507 0.361085908018508 0.369158079919756 0.381509104137343 0.386705986092545 0.392287469005154 0.399888782160234 0.399949576250028 0.398879869133883 0.427926026951807 0.429616721068124 0.401594368721085 0.418774853133493 0.4413786592111 0.464927637192508 0.479521842670868 0.488683595821151 0.485490541858045 0.503522872420656 0.532733670470716 0.557817437981975 0.578076682234751 0.597992238795628 0.613164941121939 0.622584465560034 0.629910283640454 0.636730017782387 0.643278480967263 0.655452918605924 0.664690804069407 0.675333547457572 0.682887279745831 0.690151762222538 0.700112057679248 0.711755887713636 0.716223196273705 -9999 -9999 -9999 -9999 -9999 -9999 -9999 -9999 -9999 -9999 -9999 -9999 -9999 -9999 -9999 -9999 -9999 -9999 -9999 -9999 -9999 -9999 -9999
0.359267205557503 0.368391610834956 0.368874957993888 0.363802478942348 0.363268894454009 0.365603630278941 0.371107315371557 0.392407260444421 0.403768116409197 0.405954942237339 0.434155622040886 0.434874616893961 0.421727634555582 0.424549604816337 0.42728177178785 0.468577726364351 0.481031415153056 0.478601392913343 0.494996917556615 0.522765711784908 0.548996783201507 0.570386864787712 0.590714954544013 0.608702355637399 0.621380896335408 0.631604403950797 0.641153377861234 0.645926944453499 0.651395559610478 0.658334107879239 0.665021010463242 0.680169107338685 0.689487573589523 0.698726408630808 0.709360191260847 0.715936188650383 -9999 -9999 -9999 -9999 -9999 -9999 -9999 -9999 -9999 -9999 -9999 -9999 -9999 -9999 -9999 -9999 -9999 -9999 -9999 -9999 -9999 -9999 -9999 -9999
0.359768755962702 0.361544878484605 0.371564383872429 0.369678941967239 0.368453820925475 0.369649832219514 0.373450480599015 0.39903379695937 0.418106853892162 0.427029115291248 0.439937609976395 0.445928064424503 0.459012094680179 0.441850719776486 0.433821933506694 0.452805913847063 0.491153749842905 0.489287169923179 0.515160472464247 0.535564038001277 0.561191520664184 0.584746809527365 0.607242269772895 0.623671756576144 0.62968225946572 0.639406261684799 0.651356461403143 0.656953078599407 0.661122791750941 0.663484319863798 0.674906153488393 0.684361499834755 0.698125709402749 0.703585148413409 0.715383944700586 0.716028852418436 -9999 -9999 -9999 -9999 -9999 -9999 -9999 -9999 -9999 -9999 -9999 -9999 -9999 -9999 -9999 -9999 -9999 -9999 -9999 -9999 -9999 -9999 -9999 -9999
0.360137690707995 0.363054210890547 0.363146838695113 0.366797738277124 0.369057801324255 0.375514763420286 0.395780298434825 0.417759469818985 0.433582329090751 0.44427244090083 0.444924040462387 0.453664380208201 0.469137310745564 0.45639483997265 0.443447872675454 0.462474743211141 0.504221732368109 0.496709336129493 0.539789601196266 0.545145762305729 0.572039535847552 0.597744773057831 0.617518174686217 0.631002469814249 0.635397332491881 0.645037876391213 0.656613808262373 0.664276794422776 0.667948351426829 0.669795730208404 0.679732737543984 0.694568108650783 0.704409790143184 0.708792075078018 -9999 -9999 -9999 -9999 -9999 -9999 -9999 -9999 -9999 -9999 -9999 -9999 -9999 -9999 -9999 -9999 -9999 -9999 -9999 -9999 -9999 -9999 -9999 -9999 -9999 -9999
0.360363905401182 0.363618727126481 0.36928817105945 0.374132566564077 0.375985980518678 0.385816862465927 0.410196897916759 0.431159181997126 0.445478779595495 0.454772898990435 0.44777804141278 0.455222066956777 0.482651988578956 0.472032311497198 0.452971942981995 0.475331232818802 0.497522727508013 0.500108229359354 0.562139844315502 0.561733284537507 0.587257689736534 0.60517229849372 0.629950866178772 0.640165013251913 0.646767202358997 0.65507307120788 0.662944533430844 0.670573585615115 0.677668726941503 0.683253251418505 0.69050557586052 0.699170288490883 0.706907441203925 0.709338381911061 -9999 -9999 -9999 -9999 -9999 -9999 -9999 -9999 -9999 -9999 -9999 -9999 -9999 -9999 -9999 -9999 -9999 -9999 -9999 -9999 -9999 -9999 -9999 -9999 -9999 -9999
0.363240020428627 0.367840521603749 0.37951336926442 0.383724061455698 0.384417060795556 0.398137871676905 0.42170007383163 0.441958538588497 0.456621929175552 0.464973633579735 0.462610482343519 0.448706749543791 0.479444424078043 0.489628421743151 0.473275383605332 0.477805854882168 0.488814213618641 0.513165623113474 0.576347931908866 0.585404478888271 0.608005003211733 0.611540135019094 0.639765857493766 0.649300791300675 0.655809515769652 0.656876954785918 0.6680159953217 0.67922687638942 0.689527318498038 0.691037369542568 0.695381459297047 0.70502754697858 0.709694667571808 0.70947731984305 -9999 -9999 -9999 -9999 -9999 -9999 -9999 -9999 -9999 -9999 -9999 -9999 -9999 -9999 -9999 -9999 -9999 -9999 -9999 -9999 -9999 -9999 -9999 -9999 -9999 -9999
0.366770546954689 0.373306639889635 0.383325131381344 0.391923957849412 0.400232691476078 0.413979714239941 0.433913390323686 0.453122964754523 0.467714736128502 0.47530837172572 0.478291188402314 0.454254164778137 0.490906580397966 0.509443506288868 0.489371870840551 0.487036419019599 0.500452113653779 0.529473512636191 0.577411678072541 0.60710427038707 0.615838776216823 0.625028771849076 0.629695308361095 0.632022224622951 0.650489539277451 0.654428298463283 0.672404547029131 0.689127460430237 0.693042917921028 0.700341274900909 0.706810186441881 0.710658307702483 -9999 -9999 -9999 -9999 -9999 -9999 -9999 -9999 -9999 -9999 -9999 -9999 -9999 -9999 -9999 -9999 -9999 -9999 -9999 -9999 -9999 -9999 -9999 -9999 -9999 -9999 -9999 -9999
0.37271307908921 0.377578008311546 0.386319338796695 0.400056846166425 0.412536972589955 0.422679421520707 0.43726964753047 0.462060971185104 0.478398581345976 0.485143456380179 0.476076556493869 0.474426323252178 0.501448294569793 0.516597732073561 0.4925516167794 0.512744795244497 0.522678283650306 0.532327485052902 0.574270276031365 0.616860471214965 0.618670107375031 0.611112296423214 0.612890556029955 0.614741845612664 0.636094708670721 0.667804839709429 0.682943207837004 0.696794424652237 0.711935158766472 0.712773443210111 0.7111841241863 0.711424634821885 -9999 -9999 -9999 -9999 -9999 -9999 -9999 -9999 -9999 -9999 -9999 -9999 -9999 -9999 -9999 -9999 -9999 -9999 -9999 -9999 -9999 -9999 -9999 -9999 -9999 -9999 -9999 -9999
0.374276948553961 0.380740695699527 0.391114465995197 0.404584972660582 0.413101138746578 0.418827212317518 0.438663181891597 0.473974861568578 0.487181654355017 0.494127520828564 0.485676657383845 0.491477926773342 0.502288271229036 0.528468337595664 0.511953155525261 0.540145807574897 0.53101484953085 0.544108809247646 0.585864553424349 0.618362963032055 0.614171586344502 0.606428383134578 0.613244777589714 0.615002654987512 0.632224428194437 0.680368697918167 0.689628519497415 0.703562647188203 0.713174242996722 0.715806318631231 0.710134363939095 -9999 -9999 -9999 -9999 -9999 -9999 -9999 -9999 -9999 -9999 -9999 -9999 -9999 -9999 -9999 -9999 -9999 -9999 -9999 -9999 -9999 -9999 -9999 -9999 -9999 -9999 -9999 -9999 -9999
0.376472847213 0.387106487430832 0.398945112236471 0.408116786397322 0.415916896501913 0.434159205865366 0.464261511655764 0.481598695715468 0.494793329010384 0.503136838770152 0.505247527306614 0.504879334615388 0.505466813601111 0.556757922104931 0.576938773453788 0.536681073788467 0.532800843863213 0.578588789630494 0.617462309737021 0.631146835011977 0.615061866073275 0.617978753584373 0.631771255934808 0.636119469871712 0.653947442816059 0.684074504621277 0.696262491167865 0.708438117325081 -9999 -9999 -9999 -9999 -9999 -9999 -9999 -9999 -9999 -9999 -9999 -9999 -9999 -9999 -9999 -9999 -9999 -9999 -9999 -9999 -9999 -9999 -9999 -9999 -9999 -9999 -9999 -9999 -9999 -9999 -9999 -9999
0.382490340329477 0.396595562947047 0.410037615684064 0.422949856561367 0.439605039188002 0.456794529236895 0.474666626179383 0.490513595476386 0.503394803594386 0.51386284609553 0.523774242876002 0.523827352846863 0.522994190886662 0.564373784506663 0.5762449691381 0.59507246134491 0.586978778190864 0.606521890285241 0.641561358496075 0.649886695630283 0.636284066751094 0.641793266421669 0.652507693415385 0.672372681710783 0.682845007515108 0.689025523771321 0.701687827055854 0.71459326197046 -9999 -9999 -9999 -9999 -9999 -9999 -9999 -9999 -9999 -9999 -9999 -9999 -9999 -9999 -9999 -9999 -9999 -9999 -9999 -9999 -9999 -9999 -9999 -9999 -9999 -9999 -9999 -9999 -9999 -9999 -9999 -9999
0.390688677341851 0.401303761201705 0.411846378911498 0.428117677903975 0.445422516647629 0.465021513279532 0.482500283470628 0.497485218074563 0.510973410355172 0.522727699279812 0.537246353340457 0.544879148377341 0.544769068447691 0.576398354411652 0.59483900056134 0.617167508958547 0.619388462644831 0.630199918275218 0.655533066646203 0.661201091954246 0.662339293810275 0.671871546409793 0.639650228666748 0.669688655335971 0.684611045385666 0.694392827038919 0.709135319150433 -9999 -9999 -9999 -9999 -9999 -9999 -9999 -9999 -9999 -9999 -9999 -9999 -9999 -9999 -9999 -9999 -9999 -9999 -9999 -9999 -9999 -9999 -9999 -9999 -9999 -9999 -9999 -9999 -9999 -9999 -9999 -9999 -9999
0.395783142606671 0.398276379322755 0.415454171240831 0.42881703382039 0.448074284561356 0.473200374939177 0.49152934274932 0.507104548856559 0.520498519495309 0.529333484278166 0.543320679671616 0.551651292239427 0.560838283340089 0.592287324902155 0.606047869080455 0.617376209613845 0.624618829850451 0.642833088949948 0.652441424257174 0.654075658047579 0.631672636192694 0.655290193015879 0.678158225030682 0.692873557240828 0.696858727152488 0.70085947885549 0.71568685035583 -9999 -9999 -9999 -9999 -9999 -9999 -9999 -9999 -9999 -9999 -9999 -9999 -9999 -9999 -9999 -9999 -9999 -9999 -9999 -9999 -9999 -9999 -9999 -9999 -9999 -9999 -9999 -9999 -9999 -9999 -9999 -9999 -9999
0.394143898757243 0.405292177241151 0.414102589227606 0.427928074685459 0.447732228748075 0.48145654383966 0.50208492717626 0.519138680630467 0.533129578121694 0.536719015814111 0.550178988317137 0.55807469879972 0.569638858994995 0.5940387443291 0.608779947819978 0.616418965140006 0.626495047285642 0.643435594463919 0.641168156729893 0.650873099825781 0.648542101066026 0.661694063038243 0.690090753086354 0.699018489080832 0.707265135737063 0.707169069872635 0.718704517464988 0.721384491351996 -9999 -9999 -9999 -9999 -9999 -9999 -9999 -9999 -9999 -9999 -9999 -9999 -9999 -9999 -9999 -9999 -9999 -9999 -9999 -9999 -9999 -9999 -9999 -9999 -9999 -9999 -9999 -9999 -9999 -9999 -9999 -9999
0.409855934171179 0.416205043632266 0.421106459059859 0.433026500542823 0.456389385032908 0.49067843753604 0.511360865752885 0.527391902997835 0.542486823943604 0.535959468928055 0.557286213701158 0.566446477167343 0.580573234964385 0.602317339033889 0.616309224413841 0.626069528447988 0.640104610464368 0.649714699130697 0.638245122978249 0.630102632622349 0.642900111473509 0.670709814865459 0.695384829503988 0.701340583921898 0.711835716333717 0.71850933912602 0.721987078369208 -9999 -9999 -9999 -9999 -9999 -9999 -9999 -9999 -9999 -9999 -9999 -9999 -9999 -9999 -9999 -9999 -9999 -9999 -9999 -9999 -9999 -9999 -9999 -9999 -9999 -9999 -9999 -9999 -9999 -9999 -9999 -9999 -9999
0.420624489126068 0.425577063928817 0.434205393828043 0.444559397750855 0.47524572226254 0.498025976127499 0.516650958524638 0.5364946381719 0.551863060549772 0.542081476240386 0.552247976256435 0.566096425103187 0.578789791730705 0.603585514824924 0.622183062150744 0.637193994739516 0.65246415319649 0.650549276319635 0.638790351637271 0.648024774553547 0.659694659838372 0.669921643531862 0.69631394210168 0.703554222753481 0.714247450018915 0.725507847380679 -9999 -9999 -9999 -9999 -9999 -9999 -9999 -9999 -9999 -9999 -9999 -9999 -9999 -9999 -9999 -9999 -9999 -9999 -9999 -9999 -9999 -9999 -9999 -9999 -9999 -9999 -9999 -9999 -9999 -9999 -9999 -9999 -9999 -9999
