layers/veg/veg1500.asc
NCOLS 255 
NROWS 330 
XLLCORNER -2985163.8955 
YLLCORNER -3022031.214 
CELLSIZE 25000 
NODATA_value -9999 
[rows 175 to 199 of 330, columns 114 to 170 of 255]
0.546840985106796 0.546013704116468 0.545280225769353 0.544847530354435 0.544567026985101 0.543953282315499 0.543415009725262 0.542913608432668 0.542381887716768 0.542095180172676 0.541898874038052 0.54161150116488 0.541448883205135 0.541429322234929 0.541610219423136 0.541880937980006 0.54204204598211 0.54024166046363 0.531708354538787 0.521145507245232 0.517823424068689 0.518789801416888 0.519196789154977 0.516435919668413 0.514313178184268 0.515902475564624 0.51954074407043 0.520151395017747 0.509431212568906 0.494760760070669 0.487955660287793 0.490641739168257 0.489969012366754 0.474585899014082 0.457695761891268 0.443099049155128 0.425136916919847 0.426222451184017 0.430813356561924 0.416347129042466 0.40634740019997 0.399103854252891 0.388061189266656 0.37689140860974 0.385167169457088 0.412669479105548 0.446289021114651 0.467601551014997 0.487984753112601 0.518736579302642 0.563014118456626 0.615665449571938 0.644983410899614 0.640794754617193 0.636119948975551 0.659460231039851 0.684371474387634
0.546492570118627 0.545610842269833 0.544701447935505 0.544048373771471 0.543609307411461 0.542908960503717 0.54239473729982 0.54188499809695 0.541163591521707 0.540597392356502 0.540281105115861 0.539953200303634 0.539615565186658 0.539667110522217 0.539760502517846 0.538663954466487 0.538416551871948 0.538594983360123 0.533968390834704 0.524218607630868 0.512987185495313 0.51141185841306 0.517183773268301 0.518406059760708 0.515268953817241 0.514919302275342 0.521087111744274 0.516522709787735 0.499535292456461 0.480224768497848 0.467950673381115 0.466633577909082 0.47377648035264 0.476384218787482 0.460686551946844 0.434718186020657 0.40891052458958 0.406338043550483 0.425192538275747 0.416300768318941 0.391535740096778 0.394318116097739 0.384692465775938 0.379480820458267 0.400483564434212 0.447080984689778 0.487268666207632 0.513377702858691 0.550951138307061 0.552095083659162 0.577872504368987 0.633948644806063 0.653498500927857 0.662122612271384 0.666608450980572 -9999 -9999
0.545927631638255 0.545053234819965 0.544030974444413 0.54333842640288 0.542694849215424 0.541886907908267 0.541254509616156 0.54041763659731 0.539701390030606 0.539064493074883 0.538552610982601 0.538165389870097 0.538006131127987 0.537971452384444 0.536906512822898 0.533112732898538 0.531954852729821 0.534676154431505 0.532277827710786 0.524965007156521 0.514957047311906 0.511467645783025 0.517091048531319 0.52007277040086 0.518465884833201 0.517876344898419 0.521524896926429 0.513841643734838 0.495415982324772 0.47919099519582 0.467968243311467 0.462572106013527 0.46782951956669 0.473212274510187 0.461841984115306 0.443654327116933 0.417407496996414 0.400417155055469 0.413016256891884 0.414770940395368 0.40034109635136 0.395806636738475 0.389270157437445 0.385136559736558 0.408326327334368 0.457077092961099 0.485587301777006 0.499641260549393 0.527654607746046 0.540675311501045 0.58002188951967 0.629829197485385 0.65196449863798 0.661610150661985 -9999 -9999 -9999
0.544657382906014 0.543865075772605 0.542963775957442 0.542050878990838 0.541165781133833 0.540188341814611 0.539319978650455 0.53837018041112 0.537387060676089 0.536601719934913 0.535933047357529 0.535496006296872 0.535170866808666 0.534997633644603 0.532439905874646 0.527867232062932 0.521208866750104 0.520604324932519 0.525454776112015 0.521167024367757 0.511921999582634 0.506087166658249 0.511681245638342 0.517014327280612 0.518804382266767 0.520451498136459 0.521553978040926 0.515959748257039 0.506147928382318 0.50174362917463 0.490081899065402 0.479820083785281 0.475299661734343 0.455661773411628 0.445426586166803 0.434626735345251 0.409132258539425 0.389302722340271 0.390666377192453 0.403780796113911 0.408891435789351 0.407178460038708 0.409758831145641 0.410031021283348 0.42846247799679 0.454270967928063 0.453648376566264 0.46636561762747 0.512194924667469 0.54439380177719 0.579028566325876 0.636976621921927 0.653466454671324 -9999 -9999 -9999 -9999
0.543002740147612 0.542345174938561 0.541497306353828 0.540493632235001 0.539623402390763 0.538306245717779 0.536829946884018 0.535916358468759 0.535102400718545 0.533905500287472 0.53304012777309 0.532535716756787 0.53188790840711 0.531713371766655 0.530156857592089 0.525881331004404 0.516431666769936 0.513346480527318 0.519623102119195 0.515722409192471 0.506987489352403 0.50549097765138 0.511870884795936 0.516543029933504 0.518434161487227 0.519514476548367 0.520752025340195 0.520948615999989 0.522496080088087 0.519202222349554 0.509394438120331 0.502006026203708 0.490365013970479 0.467584078567862 0.453928085654798 0.445732851045595 0.4276102180793 0.407999865966412 0.396798890712167 0.405772481590461 0.418572147821777 0.417945280449311 0.41798844039555 0.421019070452246 0.425321973949346 0.43374146593478 0.45439559255994 0.492939723987855 0.566233771889927 0.628665637414432 0.641952428498948 0.641062141464019 -9999 -9999 -9999 -9999 -9999
0.541649393759767 0.541046902115534 0.540528754365241 0.539670216026218 0.538431434239268 0.537024556663023 0.535819376117395 0.534691116397483 0.533358490197209 0.531973575811091 0.530854942387411 0.529941276300768 0.529019173896173 0.528570619952673 0.527547997878444 0.522513873711104 0.517389654898868 0.516550114039778 0.514959335219083 0.503765624071276 0.496742352577698 0.503138267968746 0.505079989556949 0.507072181336557 0.50954666741468 0.516691342983658 0.518579066146102 0.514155582335126 0.515239228320599 0.51242816611343 0.502348324193934 0.500381197537087 0.498958093123231 0.486917624379762 0.478212140847093 0.458952537834283 0.423198790524267 0.398311946999172 0.386202848083987 0.398623929073101 0.421123277892163 0.421452631832652 0.422638950085412 0.431959405770212 0.439182255785996 0.450218931612971 0.465428670137946 0.527653947846434 0.612658273628122 0.637000736395075 0.642690944443939 -9999 -9999 -9999 -9999 -9999 -9999
0.53986250998157 0.539034478046826 0.538442653988755 0.53759920937313 0.536104653138954 0.534175424977639 0.532601982041064 0.531458584656054 0.529878807394593 0.528360295342283 0.527135591922729 0.525888973265495 0.524572323699655 0.523500056201149 0.522101356079952 0.515167266879025 0.509353713727996 0.508465594894463 0.50753969129061 0.503287905841363 0.498103447565526 0.49637977333275 0.492165294412928 0.498397549659896 0.50618732197272 0.51328046682077 0.512940623411573 0.503919541588242 0.498882716174266 0.495255168625755 0.482480388143363 0.481569819323673 0.487876605891082 0.473916037956646 0.459597482417945 0.447090536776342 0.423385700026699 0.407869427097208 0.405926246698968 0.414057622382568 0.430343715203363 0.434335756902174 0.436745203898662 0.440734375387291 0.447613105681414 0.457606689272892 0.46853685261108 0.528595261823237 0.612172893737599 0.637041194462835 -9999 -9999 -9999 -9999 -9999 -9999 -9999
0.538336430100768 0.537208891872575 0.536156321157393 0.535198164174291 0.533787809655874 0.531689417431756 0.529944628376449 0.528420978212392 0.526484209354444 0.524720428078186 0.523178417235582 0.521582869522477 0.519713377299506 0.518020226292654 0.515456614463041 0.509390295568683 0.507413703331374 0.509867585212888 0.508467858843673 0.50690192413986 0.503248860490177 0.500187005137346 0.495941467125213 0.488970823895274 0.494965532453528 0.507661999165241 0.506342340527717 0.492288406860518 0.475753916936976 0.467639965021453 0.461480396097623 0.462200959263459 0.472227270485565 0.46316146037403 0.442559317200518 0.431447139407674 0.416875691296283 0.412763083129157 0.42508981383445 0.431164147989719 0.439741224231227 0.442047524175146 0.444797188072427 0.449839515936394 0.457922809393045 0.467227581933158 0.474636421868377 0.541090575669329 0.621561409551587 -9999 -9999 -9999 -9999 -9999 -9999 -9999 -9999
0.536805376432415 0.535559610308061 0.534391449569152 0.533222588393242 0.531666960853701 0.529480006100972 0.527428267568249 0.525773105869291 0.523672251338577 0.521443401701098 0.519539091588881 0.51769611460279 0.515692768110512 0.513740850672862 0.511000776507943 0.506668478882779 0.505004978705722 0.505483329574071 0.504144104893372 0.500430775848757 0.497782942146575 0.491650761174039 0.480752802622068 0.483091792352742 0.492738352718267 0.50233505077035 0.498842639141017 0.482364758990865 0.470831111345544 0.463683231470117 0.455335377346216 0.45210290129423 0.461064374920684 0.457660341654222 0.442725766902955 0.422811542110471 0.409834239189543 0.411296679452526 0.42042365103397 0.435564067302275 0.439592353003606 0.440972058834892 0.444651140216322 0.448665092739879 0.458895394521261 0.475887110308344 0.496733185948612 0.564692171817304 0.628632997884209 -9999 -9999 -9999 -9999 -9999 -9999 -9999 -9999
0.53503599548478 0.533620426239093 0.531902730843361 0.530276541902834 0.52854494551645 0.526170346828798 0.523751579571082 0.521728423199958 0.519428611492122 0.516627026800103 0.51445264747941 0.51225631088141 0.509176451596563 0.50631628283044 0.503904082021957 0.50057961962954 0.496037028418512 0.494769551230799 0.496352606514732 0.494693205434072 0.490285395249801 0.481980802054992 0.478387223066207 0.484543038163161 0.492944628070925 0.490161742831591 0.477264698889299 0.46857488538414 0.466833748866272 0.473887128655899 0.474416375206637 0.473239974788315 0.472285910988 0.460718165203806 0.442679163516124 0.418576993337016 0.392770178565905 0.388805861893759 0.39810313680767 0.403872080302268 0.410539263046222 0.423042787045374 0.444880679847181 0.449430117897386 0.456316309698091 0.496706074258435 0.554133915212997 0.601310968288104 0.619546143814442 -9999 -9999 -9999 -9999 -9999 -9999 -9999 -9999
0.53374321712187 0.531762147190332 0.529407234256041 0.527500368228187 0.525472655391012 0.522697479090529 0.520080448954529 0.517967586637552 0.515250244064134 0.51196869292584 0.509205326727863 0.506281348685026 0.502327648905251 0.498928737313097 0.49605074426853 0.491915642074864 0.485333417980932 0.48243452068639 0.485182822960395 0.484385406154403 0.477537912634008 0.474343207054765 0.477817048884126 0.481285039841221 0.480445817519532 0.469138723735004 0.459869887736631 0.463201325145544 0.474597791171371 0.482126543000588 0.477454150530677 0.479834628783947 0.487738476739742 0.471123985960235 0.4473745924693 0.424954930681759 0.398290741653774 0.381261822608187 0.389781816243071 0.38816181874042 0.385276609058161 0.407638633395125 0.442365407712368 0.466972449171717 0.469863922355445 0.512809131859844 0.57352670665076 0.59608698330461 0.61044263844607 -9999 -9999 -9999 -9999 -9999 -9999 -9999 -9999
0.532599728813809 0.530450305219578 0.52776555130456 0.525535375252643 0.523314309639051 0.520006356588427 0.517061147210518 0.514869215992457 0.511972922360507 0.508319940694048 0.505198190391278 0.501648899943609 0.496922340716175 0.493286805943813 0.490198100889608 0.48668774147932 0.483265324579087 0.479712926269781 0.478157424637664 0.477179207918893 0.470420673816698 0.468414037030162 0.473216208339966 0.471181275329259 0.457184699089755 0.442903746565727 0.453861918810538 0.470509749338394 0.477837779269827 0.480591780066329 0.477837192486596 0.487887611023098 0.484290860992789 0.465127089702968 0.456847591905359 0.433588462997263 0.409453158461626 0.40503542725664 0.412532983450537 0.40344546062338 0.393088875569903 0.393381933192114 0.421631230359951 0.465968399315156 0.486078279987655 0.522634721684644 0.564943154301824 0.582648601130832 0.598190305292046 -9999 -9999 -9999 -9999 -9999 -9999 -9999 -9999
0.530570822283451 0.528043633838901 0.525045031157254 0.522401514121389 0.519627749143925 0.515916239356542 0.512539005183206 0.509861829217787 0.506653277593094 0.502594147377892 0.498508721099545 0.494117423637135 0.489013865846049 0.485108338885393 0.481533302197866 0.477372029310197 0.474106299508965 0.471203576168065 0.468418433452131 0.46672353870696 0.463605720185327 0.460485492379172 0.460053579318854 0.452455239468808 0.444101207943738 0.449849794440574 0.460566836681043 0.468532599119076 0.472629222390207 0.475439159746913 0.479314617811286 0.480795430821333 0.475700937392601 0.469392527212268 0.464987001405 0.452040810082488 0.436342146620575 0.42682582697981 0.414282414395538 0.405515815277982 0.401425356473467 0.403527859529596 0.439854802763994 0.474346470747936 0.487396841901322 0.508574442635797 0.543288071482262 0.573717927914333 0.577080060166421 -9999 -9999 -9999 -9999 -9999 -9999 -9999 -9999
0.528932213553685 0.526055079203604 0.522631220993619 0.51969491089575 0.516410138881978 0.512026057243852 0.508291394396551 0.505158011107923 0.501621595988584 0.496859840585843 0.491405613121036 0.486212098969198 0.480541720020533 0.475879466542646 0.471618938798494 0.466823734929953 0.463541575360481 0.460776118715395 0.45708402582154 0.453729983456468 0.450593747043114 0.442800091597838 0.435205220760061 0.435588549759905 0.445419943264989 0.457647565168674 0.461031492031705 0.460390451781452 0.457160878579975 0.458094819434746 0.46695164009824 0.462613141386087 0.444236071064815 0.443673361540654 0.451687762440644 0.461063634526829 0.451055622461098 0.428976017103751 0.41129072583682 0.406112318276547 0.403883430250536 0.39407893976458 0.415500632650102 0.453964399483989 0.4661460939411 0.479365826312645 0.519836059733962 0.555025846497986 0.562614685999256 -9999 -9999 -9999 -9999 -9999 -9999 -9999 -9999
0.527010001198468 0.524021844060186 0.520391016487679 0.517112424314487 0.513646772956556 0.509093208134222 0.504962045767477 0.501444516698724 0.49761783638825 0.492110945109136 0.486116122756282 0.480859568587724 0.474590822097396 0.469278906134695 0.464625371564328 0.459488155681994 0.455376847749299 0.452002818409076 0.447838928454322 0.443949945990697 0.440292405235639 0.434896533568436 0.4284563919151 0.426675555412384 0.433595065483647 0.444410015311142 0.451333711682652 0.450031217399255 0.445544691532772 0.442680215069728 0.452145271036075 0.455805019187644 0.440785582436887 0.437939566996993 0.440187280830212 0.446114449300314 0.450499978571748 0.43403351462194 0.411404393378828 0.402550218676293 0.399051616361627 0.395771239928602 0.398471643455009 0.419329372283947 0.444144078375667 0.458723746193764 0.4877922804648 0.522839538947195 0.544198419997479 -9999 -9999 -9999 -9999 -9999 -9999 -9999 -9999
0.524704767315808 0.521466484665172 0.517298837387781 0.513507355320014 0.509670592089022 0.504664619549023 0.500146736891253 0.496514779975259 0.492243556720181 0.485826127781654 0.478907852923394 0.472742028449025 0.465806818391544 0.460121185147027 0.45481622247396 0.448763652578766 0.443963318352156 0.439570663756193 0.434795446369806 0.430356963616062 0.425414370685439 0.423119361668101 0.424634467161034 0.42653790648663 0.425497030223398 0.422705595422586 0.425289253510165 0.430186858487311 0.428807074971874 0.424800239685498 0.437265661348336 0.44675885033866 0.436727621943033 0.428131168495886 0.428082289304624 0.438484192532432 0.431483147994918 0.414785444310012 0.403506188859099 0.388716290430954 0.381815409009525 0.375992342056518 0.377049213981814 0.381258343802155 0.391607868680924 0.41176902616813 0.445907394166082 0.503390220055542 0.538535352511411 -9999 -9999 -9999 -9999 -9999 -9999 -9999 -9999
0.521728391254305 0.518417234228046 0.514050716589923 0.510070530737284 0.50580650281167 0.500221899368269 0.495340296555055 0.4913053286603 0.48655155708955 0.479255857088299 0.471489573591861 0.464967154878036 0.457406787753015 0.450973273791681 0.445173822162224 0.438387939774399 0.432484419580294 0.427036646459884 0.421012701321461 0.415627713917303 0.412618024258546 0.414415539432557 0.415170683065575 0.412855406996371 0.411415041746357 0.409083283880357 0.409869790806519 0.414798003818562 0.420903322286893 0.422545290820736 0.425018127560089 0.434140722412763 0.432713784586749 0.425654713660856 0.431453940198978 0.436318888679836 0.42130828144008 0.404233750682962 0.391840179558928 0.379510965202392 0.362348732247849 0.34506363859864 0.323418251590934 0.321846518179616 0.347678017208447 0.382251223537798 0.410582381973279 0.460269211823973 0.524401007403662 -9999 -9999 -9999 -9999 -9999 -9999 -9999 -9999
0.519183033522961 0.51592109190876 0.511536081065744 0.507366363821112 0.502872084854398 0.496899926218218 0.491811263660459 0.487847098445402 0.482378624121921 0.474254577139227 0.466683735659996 0.460279592920508 0.452193010305579 0.445547252375617 0.439180709641598 0.430956358123529 0.423973904900649 0.417910246757299 0.411043146100976 0.405971870328361 0.404382079412629 0.404147016345342 0.401525040815719 0.398187363781729 0.3989190887524 0.403413377185445 0.411144701457845 0.418098380945077 0.420835956838027 0.420868345444444 0.42354951216585 0.430675548475864 0.433835296378527 0.426766829822454 0.419371733671051 0.415664882073743 0.411161486663895 0.403450895504278 0.389005292253285 0.372196161800543 0.356869056553709 0.34520605597862 0.320246340910743 0.292533454141234 0.333634450618581 0.422386541541987 0.452270430099655 0.483806584720766 0.520685279578157 -9999 -9999 -9999 -9999 -9999 -9999 -9999 -9999
0.515612409572546 0.512287486158316 0.507796707388797 0.503460762228822 0.498528073598504 0.492241504068473 0.487210823262799 0.483216370195225 0.477134133515905 0.467883518818646 0.459823341959199 0.453187199735032 0.444500937231175 0.436775686698272 0.42890072328875 0.41945793470623 0.411721967961382 0.404678097486035 0.397230186292801 0.391610749431381 0.387478314745839 0.384380664375272 0.382782808505322 0.381502871492629 0.382923884368145 0.386710507450229 0.390892835510733 0.399237983230854 0.407046957701843 0.411793225562788 0.422630750883413 0.432865499899951 0.436175922355638 0.437538203556497 0.436648467152306 0.429199458492804 0.417696168256133 0.408222568249242 0.38808770373447 0.366109600397994 0.351897264091361 0.337361305055783 0.313186386980046 0.288858311928603 0.341919646035919 0.436848570913888 0.469862737640432 0.494102642193637 0.513311939676965 -9999 -9999 -9999 -9999 -9999 -9999 -9999 -9999
0.512364966511434 0.508830498235852 0.504227650163505 0.499804315063469 0.494539430467817 0.487946543759796 0.483081057505425 0.479315466289564 0.47249651843496 0.461952361333144 0.453642666984486 0.446817097810596 0.436344441312989 0.427060384616997 0.418328214667929 0.408400176389643 0.400546843378549 0.392670159285379 0.384092402155693 0.377341387886457 0.37069393248837 0.365993439660803 0.362179159273277 0.359288028380408 0.364088666673664 0.369195161876809 0.371929677122562 0.380275589117805 0.393061498672539 0.404716138983698 0.421993303688185 0.435566214509831 0.433046580211648 0.431535756856547 0.44298241942432 0.443918194453899 0.431639266174929 0.416912098418836 0.393645503814001 0.367373139202994 0.345147612751981 0.326231065468927 0.308152774388142 0.307036460640734 0.365883191723004 0.447419948790346 0.47807461735561 0.487159715163853 -9999 -9999 -9999 -9999 -9999 -9999 -9999 -9999 -9999
0.510041708427238 0.506375954300389 0.501685573464889 0.497017611261992 0.491557833792726 0.485310149407429 0.480693428026263 0.476587730969882 0.468831964984649 0.458595682187483 0.450892255810496 0.442101726272839 0.429821873397922 0.420825830624039 0.413283792140526 0.402436439157631 0.393119073067591 0.385134543537309 0.375379970754417 0.36682489265924 0.359695153023416 0.350816090326767 0.343037706625214 0.341273599888189 0.342059368658547 0.347955020828631 0.354932945396625 0.366073220473865 0.384337221142502 0.401155329341341 0.420382852677806 0.428290114241108 0.426276546297122 0.423738859598927 0.43182154200954 0.446289369649036 0.449323890882405 0.430916217983497 0.407142916359317 0.389407442095767 0.360193256048087 0.331280143732469 0.348597758106114 0.406231251337099 0.439510037833176 0.462741106402123 0.471981414039365 -9999 -9999 -9999 -9999 -9999 -9999 -9999 -9999 -9999 -9999
0.506730472353267 0.503115795602862 0.498324149337201 0.49334469763731 0.487784186401345 0.481729022446189 0.476918335648998 0.472244695851737 0.464010586260111 0.453986021341332 0.445419102116162 0.434440867140412 0.421584062661271 0.413018393772411 0.405666741571286 0.394076250490031 0.384204721451374 0.374930596076181 0.362759648069265 0.352999285677257 0.34411768050578 0.334787548132861 0.328817227203362 0.32248274928619 0.323090048273251 0.333359075200477 0.342479818601473 0.356470671159683 0.37105218575342 0.39223817030831 0.420869464455165 0.425645341243758 0.426707739105141 0.443610357855972 0.457154711259963 0.467474712354824 0.468568983640983 0.446940149154399 0.409080980823848 0.378231120567202 0.362476397833463 0.349912095192685 0.382961721826745 0.444365881478296 0.455374467878597 0.456334640547358 -9999 -9999 -9999 -9999 -9999 -9999 -9999 -9999 -9999 -9999 -9999
0.503874037028219 0.500135918572082 0.495070770770159 0.489803085115504 0.484316555749358 0.478865879658605 0.473985649259718 0.468291960645459 0.460313807251397 0.450194055497179 0.440099452680297 0.428756194366733 0.417456275907155 0.408688312616511 0.399093071672004 0.386947915010939 0.377004491070271 0.367085440065185 0.353835920541382 0.341940424871309 0.333242885128019 0.324370534875593 0.315210787522802 0.309893698980576 0.320237568043834 0.333097644201848 0.338756948724283 0.355535545653433 0.366386075297857 0.388955260722909 0.414547311169433 0.422375433666176 0.430389474299636 0.460363968029567 0.496133985463957 0.495031681556236 0.479112504360234 0.459050847480405 0.432330383002717 0.393825647892497 0.363990948043361 0.368752110138837 0.418833898805133 0.460606985728734 -9999 -9999 -9999 -9999 -9999 -9999 -9999 -9999 -9999 -9999 -9999 -9999 -9999
0.501834657879944 0.498037266770517 0.492828383890895 0.487520441012751 0.482338213528043 0.476978151928832 0.471721837952134 0.465673614764371 0.457625754015071 0.44725233044991 0.436558321877192 0.425095049178677 0.414344582851335 0.406405270366266 0.396646367752173 0.384300763032109 0.373580183464543 0.361412812230965 0.346932914265542 0.336058291957568 0.326875842728271 0.318162889018825 0.31457378405751 0.317629757405333 0.327290270618145 0.341085751890746 0.355219365865072 0.369479487390384 0.377947346192401 0.402790427723648 0.421128804353158 0.418099353529954 0.45301154288721 0.491539517445472 0.511198559603662 0.515401800108517 0.51444360644175 0.506176490502949 0.478416964392098 0.429475688925205 0.380996900415484 0.384066392733658 0.432148266334045 0.462699014296353 -9999 -9999 -9999 -9999 -9999 -9999 -9999 -9999 -9999 -9999 -9999 -9999 -9999
0.498487727789714 0.494892143587821 0.489802290221899 0.484526064780448 0.479676181592281 0.474374097603022 0.468383773729807 0.462058662655129 0.453915847696808 0.442877470175361 0.432138569673546 0.421823237314293 0.410582989772783 0.40240475408289 0.393378350118323 0.379819604879989 0.367097830372506 0.353879034614758 0.339392057065351 0.328939941946943 0.321402618481982 0.31340589667817 0.308892938806843 0.31428705506671 0.326685851635603 0.338733511079527 0.355291477720726 0.378024788683689 0.396814144940741 0.418209522715682 0.437757117646961 0.450926794629271 0.472127484099194 0.493785419115571 0.51015714875623 0.519184454412566 0.520506955057277 0.515100277127473 0.497607496522056 0.472990258299599 0.446636356526888 0.440370782965618 0.459069779870701 -9999 -9999 -9999 -9999 -9999 -9999 -9999 -9999 -9999 -9999 -9999 -9999 -9999 -9999
