layers/veg/veg1500.asc
NCOLS 255 
NROWS 330 
XLLCORNER -2985163.8955 
YLLCORNER -3022031.214 
CELLSIZE 25000 
NODATA_value -9999 
[rows 200 to 224 of 330, columns 114 to 170 of 255]
0.491557364764111 0.48795845098035 0.482852939032252 0.477045512471062 0.47222023203915 0.466429575958801 0.458856592910772 0.45193692865285 0.443080031640283 0.430663566158286 0.419840652622843 0.41023523804702 0.398280976272005 0.389813829610763 0.381526794106696 0.368176472470757 0.356637636286233 0.344825949759136 0.327939332552818 0.317394646024842 0.316197230600131 0.314455232791101 0.31199123134642 0.31683507655935 0.32808107476885 0.336618199924148 0.352279251356188 0.373979733438832 0.39171512460934 0.410368326542926 0.430495224771497 0.44614161466524 0.459103862027292 0.475276857534393 0.488022397430336 0.494347574501191 0.498989714868874 0.498258074418772 0.491869897027784 0.48077439055179 0.471873331766234 0.473133965891276 0.477451782995132 -9999 -9999 -9999 -9999 -9999 -9999 -9999 -9999 -9999 -9999 -9999 -9999 -9999 -9999
0.48866934752295 0.485282556470385 0.480637356630256 0.475421405176312 0.47083356356847 0.464930987710674 0.457218663196006 0.450236893857758 0.440761115323999 0.428546091941571 0.418215277464616 0.408683531889449 0.397827000205179 0.388737885847117 0.379290848941555 0.365820358486252 0.353545096868894 0.342869398033693 0.329026462893406 0.315554888559976 0.310384840619389 0.309231866769287 0.304849392637863 0.31233754142159 0.3284608232011 0.33713026053728 0.350925313706708 0.365909750703184 0.378868740330111 0.398913726681795 0.422112768752386 0.438620008215474 0.452733421011814 0.466136453868283 0.470828103170704 0.475831353420309 0.487988554646602 0.492389189559591 0.486777606408357 0.483433762196512 0.482070264653186 0.480167546996542 -9999 -9999 -9999 -9999 -9999 -9999 -9999 -9999 -9999 -9999 -9999 -9999 -9999 -9999 -9999
0.485777010929261 0.482694717416933 0.478321738430097 0.474262834874903 0.469919121439438 0.462462183644387 0.454524796481379 0.446742846423953 0.437156130824817 0.425714422204476 0.415883445270257 0.406988256086141 0.397618208252351 0.387059740257731 0.37383180722228 0.360927207265801 0.349700763235903 0.336666695426931 0.325964061380572 0.318326795415204 0.30844306971404 0.305314990601405 0.309622777485253 0.317967686691155 0.327665364069423 0.335184951639574 0.338212206374145 0.338971685435896 0.352258431242647 0.379740841672597 0.400591192677581 0.404840815540875 0.41849733535503 0.432515691112882 0.432079748806743 0.445679962208876 0.471112519558551 0.485424133268156 -9999 0.48383660030806 0.481720083682719 0.480831477603882 -9999 -9999 -9999 -9999 -9999 -9999 -9999 -9999 -9999 -9999 -9999 -9999 -9999 -9999 -9999
0.483143181537819 0.480750253929022 0.476591358391837 0.472580831470507 0.468546491904881 0.460155151719435 0.450699002856355 0.443129047806642 0.435134946334945 0.424039256182442 0.414171438813105 0.40556277101526 0.395511941742939 0.385827656637881 0.373618946273645 0.357734874460282 0.344286312665921 0.330917129075356 0.320155368830983 0.314732634278356 0.304009929109569 0.30279224885485 0.312357829665448 0.319682997082538 0.325572734076411 0.32928237113345 0.328169967626757 0.335191745232266 0.350574239187044 0.367859332819969 0.386897025757507 0.386157642933887 0.397694392624174 0.422244691899361 0.434729091908785 0.45087582238288 0.471290809531736 0.481148331988947 -9999 0.478943077143986 0.479661460818099 -9999 -9999 -9999 -9999 -9999 -9999 -9999 -9999 -9999 -9999 -9999 -9999 -9999 -9999 -9999 -9999
0.481895659854502 0.479758391836925 0.476150874243633 0.472087818385844 0.467287346675712 0.457970646750482 0.448737266269258 0.44187597515225 0.433155875478443 0.422837989053001 0.414473099112206 0.405842186974015 0.395543648123196 0.387273122224282 0.377010952573683 0.36295001185157 0.348100873270813 0.332444819829189 0.31617564158408 0.305827757552406 0.299357674380418 0.300412691631894 0.310706442181835 0.317276628195053 0.322422165480481 0.321842329010502 0.321052826053759 0.333249228679725 0.35324969362084 0.367345980371213 0.385380533338098 0.397439426189279 0.413426765868921 0.435863311916938 0.441915325657712 0.455056707190257 0.465735588995572 -9999 0.476749610899769 0.476942402692026 -9999 -9999 -9999 -9999 -9999 -9999 -9999 -9999 -9999 -9999 -9999 -9999 -9999 -9999 -9999 -9999 -9999
0.480015569934497 0.477871952114625 0.475042331340776 0.471034601275894 0.464927397399911 0.455070141393139 0.445941406942593 0.439162734264309 0.43144513935034 0.421979090050593 0.413477114836125 0.405527440394828 0.395858128212962 0.385450571011704 0.373716298111517 0.36168416222499 0.351680641657789 0.338196316578146 0.31900788735408 0.306199086986681 0.30781569287615 0.312057485598529 0.31230057976448 0.315730263636785 0.321202283179498 0.322494073672285 0.319791643145 0.325114800184578 0.339420211965809 0.358451994026457 0.377135747195976 0.386853257446281 0.400422202068591 0.425865379806228 0.442558461589139 0.452905558112342 0.460956599556748 -9999 0.468266951740883 0.473275818163517 -9999 -9999 -9999 -9999 -9999 -9999 -9999 -9999 -9999 -9999 -9999 -9999 -9999 -9999 -9999 -9999 -9999
0.478215038348337 0.475977379020503 0.473467838144567 0.469572260985537 0.461557458163455 0.45032890033204 0.442450145223726 0.437091238956903 0.430519535907273 0.42143054810044 0.412727310158548 0.405548512946508 0.396493156736995 0.386222007071798 0.373653678561563 0.359764304820092 0.350550671596038 0.337891474919818 0.317157930089728 0.309860097861895 0.315981589842084 0.316865419888261 0.315842800585156 0.314923069751769 0.317608843246748 0.324427131196715 0.325678407295853 0.324178423137865 0.332326263058995 0.347759750416189 0.35848415354462 0.363768293166559 0.38079241554025 0.410072517291332 0.43358532272671 0.441611065582564 -9999 0.463070209372823 0.463195928623889 -9999 -9999 -9999 -9999 -9999 -9999 -9999 -9999 -9999 -9999 -9999 -9999 -9999 -9999 -9999 -9999 -9999 -9999
0.477173968390526 0.475046490320534 0.471992644259192 0.467214316780776 0.457493903291987 0.447138729546481 0.442100107366708 0.437701217410291 0.43109049027471 0.42150325865982 0.412644201212258 0.40558699822719 0.396114339982821 0.386444429788217 0.375168717288971 0.357934694793587 0.343177490914836 0.333553816945651 0.323185924406184 0.319144692583087 0.320008375473236 0.318234698858868 0.315515134501428 0.313487236848074 0.31793627580093 0.324449691389508 0.329654201000575 0.336782561073222 0.339072978252315 0.339322449824446 0.353152006317119 0.36970768605069 0.38735244833061 0.414882686032819 0.430215067769678 -9999 -9999 -9999 0.460804954114569 -9999 -9999 -9999 -9999 -9999 -9999 -9999 -9999 -9999 -9999 -9999 -9999 -9999 -9999 -9999 -9999 -9999 -9999
0.475234173543409 0.473238808695655 0.468526400104985 0.460315797202811 0.453109333284751 0.445741801309414 0.440195312834141 0.435735790229268 0.430159704735207 0.421489543983278 0.412738082281073 0.40686914318474 0.397289101315566 0.38481974128015 0.373325330270587 0.359404104620384 0.345683457116747 0.333289404263617 0.321536507764173 0.31972514604432 0.322753004454913 0.320693523058859 0.31740148857708 0.314024829266561 0.316434190489163 0.321565702553278 0.325923303471199 0.335810986762852 0.333823768982235 0.336702471634072 0.360658386666807 0.378991962580193 0.396031208322837 0.406584014528151 -9999 -9999 -9999 -9999 -9999 -9999 -9999 -9999 -9999 -9999 -9999 -9999 -9999 -9999 -9999 -9999 -9999 -9999 -9999 -9999 -9999 -9999 -9999
0.473650462364498 0.471650505227139 0.468104390267434 0.459321993948521 0.4503686538957 0.444780960110922 0.439748821361323 0.434337471701562 0.428889762414308 0.421192458061661 0.413520572588299 0.407636584150277 0.398171612299558 0.386821649511373 0.377412913717447 0.366210270088682 0.35222201921446 0.338638561405719 0.327915783189091 0.321567665935369 0.321551541144693 0.321483845730282 0.319082155829323 0.317121932018688 0.317693029974012 0.319318481992011 0.323200191677787 0.333049877993784 0.336114283261506 0.338329843811277 0.357251424382009 0.379067595207632 0.39471398263924 0.406480785934937 0.416207153331695 0.422770648604384 -9999 -9999 -9999 -9999 -9999 -9999 -9999 -9999 -9999 -9999 -9999 -9999 -9999 -9999 -9999 -9999 -9999 -9999 -9999 -9999 -9999
0.470960794365979 0.470041207679601 0.467868992370992 0.459963068870565 0.450127526273498 0.445092164414829 0.439802666418008 0.43371161184533 0.428920812420371 0.422049556840475 0.414748364326273 0.40839495696981 0.397092028879589 0.384893274993784 0.376569043745945 0.364650673305607 0.354258701826964 0.344934257165667 0.331178753667296 0.326001738117006 0.32531966396753 0.321143761340691 0.318284856258338 0.315273839198761 0.314257395064675 0.314913407760933 0.317132309347994 0.325774990101547 0.33475922807056 0.343716693632012 0.363032062774135 0.379832422221832 0.390475717195679 0.403256575263038 0.410762565548671 -9999 -9999 -9999 -9999 -9999 -9999 -9999 -9999 -9999 -9999 -9999 -9999 -9999 -9999 -9999 -9999 -9999 -9999 -9999 -9999 -9999 -9999
0.466420348707463 0.466203666106888 0.465213545416182 0.461127278379674 0.453478527291468 0.445803482789986 0.439713986041077 0.433927851840782 0.428948361284909 0.422361842313116 0.415569718549686 0.409252267766388 0.398681067480252 0.386867017049696 0.376507275043817 0.364515257447922 0.35232297965404 0.344172452609399 0.335785614050939 0.329383292594317 0.326557648037046 0.320081303271411 0.314711800029802 0.311577058337618 0.309085620879229 0.308828914530798 0.314140541841058 0.322427279025858 0.333273899082313 0.345683094407887 0.359875360607859 0.372890382092784 0.382780914441749 0.387126928316936 -9999 -9999 -9999 -9999 -9999 -9999 -9999 -9999 -9999 -9999 -9999 -9999 -9999 -9999 -9999 -9999 -9999 -9999 -9999 -9999 -9999 -9999 -9999
0.461658912231751 0.462263030772604 0.462402449003124 0.460582572246814 0.455220636307558 0.446908800758322 0.440159030813321 0.434704003283827 0.429110022173295 0.422474017090786 0.416134467661148 0.410511824665631 0.399642232219607 0.388156974254785 0.379279663836509 0.368256707297505 0.357193674696055 0.349612712580777 0.341854248693224 0.334670781003888 0.327646160377973 0.318229675465496 0.309870482685484 0.302500876057286 0.296956661936283 0.298089379232247 0.30942142921599 0.320959762629212 0.330292478177387 0.343347702251034 0.355802500573214 0.366698337722273 0.375221517191046 0.37996048337936 -9999 -9999 -9999 -9999 -9999 -9999 -9999 -9999 -9999 -9999 -9999 -9999 -9999 -9999 -9999 -9999 -9999 -9999 -9999 -9999 -9999 -9999 -9999
0.459553746529828 0.459993825899997 0.459582444667176 0.458614787573391 0.455286717713047 0.449191851319744 0.442705204399042 0.43690816801153 0.430183945701905 0.422845942730242 0.416973696104173 0.411918916086323 0.401398220733041 0.389849922554836 0.381839406291597 0.36992854749393 0.360413763291333 0.352837904545286 0.342152067441307 0.332521365017946 0.32371240018145 0.314634389174088 0.304715458982185 0.296269128375191 0.288337785467053 0.291820700615743 0.307463389083582 0.321712594222163 0.330679538569501 0.340094027386365 0.352024572294608 0.362328921729681 0.366195758537799 -9999 -9999 -9999 -9999 -9999 -9999 -9999 -9999 -9999 -9999 -9999 -9999 -9999 -9999 -9999 -9999 -9999 -9999 -9999 -9999 -9999 -9999 -9999 -9999
0.455337670297262 0.454572737169695 0.454788398602859 0.454879440676872 0.452956987190755 0.448557833669624 0.443622678153527 0.43883525614549 0.432483938465434 0.424150292375164 0.418142932163308 0.41234305866376 0.400856345657927 0.390420678893117 0.382362395372488 0.371853573957352 0.362044836288792 0.351893165430153 0.340277010958416 0.330316446176503 0.320454676538685 0.308678926182934 0.297851258148287 0.29636246779032 0.300797808183147 0.301889151847006 0.307790007369964 0.318918320332526 0.326583166836384 0.33528440896231 0.346773496460713 0.358504320100142 0.364457989096874 -9999 -9999 -9999 -9999 -9999 -9999 -9999 -9999 -9999 -9999 -9999 -9999 -9999 -9999 -9999 -9999 -9999 -9999 -9999 -9999 -9999 -9999 -9999 -9999
0.451791860476446 0.45101330305455 0.45061132738173 0.449912689331003 0.448741293146536 0.4466717130339 0.442935948918858 0.439023270269777 0.433708887685817 0.426484215155125 0.422419969388504 0.405651991027674 0.39993472649493 0.388744651625817 0.379315948611027 0.368071129294256 0.359473345247687 0.35409137938391 0.343912565842808 0.332593344978252 0.322542544622684 0.309990296778647 0.295027864524226 0.292878476343626 0.302519693121739 0.307422091543216 0.310899781466671 0.316173059928101 0.322935278699984 0.331230118431462 0.343403932191352 0.351256871282997 -9999 -9999 -9999 -9999 -9999 -9999 -9999 -9999 -9999 -9999 -9999 -9999 -9999 -9999 -9999 -9999 -9999 -9999 -9999 -9999 -9999 -9999 -9999 -9999 -9999
0.449140340600341 0.448368812956591 0.447582815687027 0.446687455000479 0.445795231518957 0.444358300191698 0.441961825417955 0.438444666195829 0.433542747719143 0.426925054531087 0.421305545332552 0.412960384189874 0.399281240855247 0.388052269186445 0.379583447749852 0.369038584818479 0.359847127156115 0.353266260799987 0.344525959779872 0.335246107795582 0.324188949769844 0.309779605989301 0.29505477958523 0.291525626811801 0.300211919296843 0.306818267026425 0.31008681697849 0.314974343286385 0.321790647901917 0.330221375492028 0.335113712551837 -9999 -9999 -9999 -9999 -9999 -9999 -9999 -9999 -9999 -9999 -9999 -9999 -9999 -9999 -9999 -9999 -9999 -9999 -9999 -9999 -9999 -9999 -9999 -9999 -9999 -9999
0.445721351228061 0.444843435635274 0.444050292356618 0.443003091888798 0.44150707343982 0.440138872207121 0.438790036675331 0.436594040206158 0.432814185858954 0.426986843919898 0.421558994869023 0.413127654355004 0.399651909932663 0.388038683227078 0.378339763810192 0.367519325658797 0.359718339632936 0.352947471854621 0.344584516328269 0.337355295604655 0.325769372838947 0.310706317021447 0.304579687687541 0.306755352496072 0.307659746572608 0.308890017097511 0.310036429065557 0.316142110446197 0.322100004781648 0.327947829764815 0.3321230047835 -9999 -9999 -9999 -9999 -9999 -9999 -9999 -9999 -9999 -9999 -9999 -9999 -9999 -9999 -9999 -9999 -9999 -9999 -9999 -9999 -9999 -9999 -9999 -9999 -9999 -9999
0.441451394653883 0.441268633325637 0.440996981324846 0.439908343817901 0.439360992835886 0.438478406684757 0.436427296369528 0.434286402664865 0.431257997025494 0.42643635742882 0.421729710193643 0.414001680258555 0.401422361701405 0.39058314994544 0.38144485208619 0.370256233031095 0.364490392892038 0.36076450393508 0.352192267691631 0.345061372858505 0.33404839168491 0.317221758969803 0.307480022239364 0.307814076684312 0.309806357337003 0.312652583485498 0.313544502057541 0.319505384929492 0.325938047746257 -9999 -9999 -9999 -9999 -9999 -9999 -9999 -9999 -9999 -9999 -9999 -9999 -9999 -9999 -9999 -9999 -9999 -9999 -9999 -9999 -9999 -9999 -9999 -9999 -9999 -9999 -9999 -9999
0.439413823808179 0.439064092195686 0.439081529086477 0.438424554220844 0.437167778834757 0.435353290771892 0.433712663609004 0.432142190987755 0.429217599939781 0.425606148010591 0.421855737316351 0.414522096593669 0.405066979225163 0.396119461289629 0.387691987665011 0.380375861878487 0.373578054420265 0.367578787957444 0.357396382315156 0.348816393067702 0.341626822394804 0.32905409201882 0.309134408886742 0.30399829663956 0.313896896451056 0.31363590640716 0.316000456975734 0.32484831311266 0.330482094169694 -9999 -9999 -9999 -9999 -9999 -9999 -9999 -9999 -9999 -9999 -9999 -9999 -9999 -9999 -9999 -9999 -9999 -9999 -9999 -9999 -9999 -9999 -9999 -9999 -9999 -9999 -9999 -9999
0.435814777307712 0.435733952890569 0.435379172962098 0.434807552656771 0.433862017870167 0.432396620904537 0.430665358765232 0.429218542870544 0.427320675018512 0.424564831350772 0.421745017558641 0.420613610831691 -9999 0.401928722826373 0.396825005188999 0.389300718532939 0.382489289523707 0.376571264113097 0.368742294891261 0.36007167769674 0.351592579823405 0.336879286507623 0.319606109449218 0.311753546924786 0.314624290298074 0.323906391473472 0.330874761747561 0.333253090958235 -9999 -9999 -9999 -9999 -9999 -9999 -9999 -9999 -9999 -9999 -9999 -9999 -9999 -9999 -9999 -9999 -9999 -9999 -9999 -9999 -9999 -9999 -9999 -9999 -9999 -9999 -9999 -9999 -9999
0.431309718709802 0.431422681932865 0.431770141136369 0.431880775118496 0.431349870746179 0.430755846573882 0.429834428968474 0.428371309019571 0.426308540876823 0.423883003666608 0.421612060498295 0.4188489719151 -9999 -9999 -9999 -9999 -9999 0.383447131751029 0.375281326073486 0.367544577244087 0.361488940760465 0.345821141661072 0.335058251335554 0.340234258368554 0.342172884876222 0.343671137123551 0.344598355619906 -9999 -9999 -9999 -9999 -9999 -9999 -9999 -9999 -9999 -9999 -9999 -9999 -9999 -9999 -9999 -9999 -9999 -9999 -9999 -9999 -9999 -9999 -9999 -9999 -9999 -9999 -9999 -9999 -9999 -9999
0.427654679324417 0.428261092334264 0.429246701477144 0.429804045230216 0.429651309748662 0.429160836272575 0.428392472257381 0.427368946133798 0.425576481034314 0.423626436174745 0.421627892243712 0.418655219173231 0.415439582968383 0.412683086043047 0.410496456389628 -9999 -9999 -9999 0.37843370535427 0.373739420427282 0.373293269540223 -9999 0.35246169028425 0.353751485620305 0.351474729838847 -9999 -9999 -9999 -9999 -9999 -9999 -9999 -9999 -9999 -9999 -9999 -9999 -9999 -9999 -9999 -9999 -9999 -9999 -9999 -9999 -9999 -9999 -9999 -9999 -9999 -9999 -9999 -9999 -9999 -9999 -9999 -9999
0.422061056255462 0.423563733532314 0.425137623298718 0.425895841150763 0.426409845419237 0.426887525154541 0.4267979940658 0.426230129088791 0.424985520464951 0.423106454590195 0.421334677489307 0.419157736178444 0.415925384491486 0.412916165982441 0.410696537687137 0.410120482179668 -9999 -9999 -9999 -9999 -9999 -9999 -9999 -9999 -9999 -9999 -9999 -9999 -9999 -9999 -9999 -9999 -9999 -9999 -9999 -9999 -9999 -9999 -9999 -9999 -9999 -9999 -9999 -9999 -9999 -9999 -9999 -9999 -9999 -9999 -9999 -9999 -9999 -9999 -9999 -9999 -9999
0.415827048748736 0.417629661747372 0.419919876988007 0.42146641818144 0.422736534776207 0.424189569909744 0.424870721540048 0.425069607090071 0.424603719609757 0.423294343274381 0.421848765532134 0.420470625503193 0.418256716663149 0.415459574966689 0.412918778214848 0.412099391186195 -9999 -9999 -9999 -9999 -9999 -9999 -9999 -9999 -9999 -9999 -9999 -9999 -9999 -9999 -9999 -9999 -9999 -9999 -9999 -9999 -9999 -9999 -9999 -9999 -9999 -9999 -9999 -9999 -9999 -9999 -9999 -9999 -9999 -9999 -9999 -9999 -9999 -9999 -9999 -9999 -9999
