layers/veg/veg1000.asc
NCOLS 255 
NROWS 330 
XLLCORNER -2985163.8955 
YLLCORNER -3022031.214 
CELLSIZE 25000 
NODATA_value -9999 
[rows 175 to 199 of 330, columns 56 to 111 of 255]
-9999 -9999 -9999 -9999 -9999 -9999 -9999 -9999 -9999 -9999 -9999 -9999 -9999 -9999 -9999 -9999 -9999 -9999 -9999 -9999 -9999 -9999 0.510010170413967 0.411347246371429 0.320037452970898 0.366493917169309 0.366569152174857 0.259800872812849 0.179095309720022 0.134336112855103 0.0571369713949453 0.045470286344959 0.0540071345299935 0.0911071365712786 0.1130307043682 0.0840666050724558 0.0572709786774472 0.0502090963515237 0.0256942727427496 0.0425965606496457 0.142445373499384 0.246167298963815 0.369946938820874 0.464364214046128 0.466824686327942 0.442806262531062 0.478448055779735 0.523300311376903 0.541594534977403 0.548285337109318 0.550756901922142 0.552160825753909 0.55307073121079 0.554306571506424 0.555533619054134 0.556325290846563
-9999 -9999 -9999 -9999 -9999 -9999 -9999 -9999 -9999 -9999 -9999 -9999 -9999 -9999 -9999 -9999 -9999 -9999 -9999 -9999 -9999 -9999 -9999 0.433671572487434 0.318198492928734 0.322255147481238 0.306371638998945 0.206414706692791 0.13864800250874 0.0924705647849217 0.0356103326717884 0.0683747237063769 0.0887363923839191 0.123512745692497 0.111033712023691 0.0677990094396283 0.0387913397136908 0.00873013130008561 0 0.110149731398672 0.179541058442747 0.244807138299614 0.414446835635296 0.448181329586661 0.456802491064924 0.46440421301697 0.50457676410635 0.529473127935538 0.54098536757109 0.545601018302527 0.548088673664143 0.550102281276968 0.551286549606475 0.552778583386882 0.554321081962923 0.555277381071252
-9999 -9999 -9999 -9999 -9999 -9999 -9999 -9999 -9999 -9999 -9999 -9999 -9999 -9999 -9999 -9999 -9999 -9999 -9999 -9999 -9999 -9999 -9999 0.339825792496067 0.3249280907004 0.314657636382195 0.287207947098115 0.196924257492676 0.120892615323168 0.0838736887146246 0.0323132649144477 0.0199908201870499 0.0392186407772773 0.0919945175001214 0.112687991431841 0.0823680394129144 0.0469442812356523 0.00567293833031465 0.0115582649482503 0.142419693663457 0.149515581336497 0.203660296405628 0.412143516525719 0.446741487844116 0.455834617871019 0.471067141280217 0.515242095182444 0.531709803084095 0.540789241818701 0.544748664080405 0.547281266120873 0.549308280246459 0.550610620038528 0.552109514001388 0.553628395359116 0.554666192680944
-9999 -9999 -9999 -9999 -9999 -9999 -9999 -9999 -9999 -9999 -9999 -9999 -9999 -9999 -9999 -9999 -9999 -9999 -9999 -9999 -9999 -9999 -9999 0.391863490288283 0.370585767178516 0.348016079007903 0.284480084490652 0.145336671543038 0.0589628387325914 0.0595764673741539 0.00713890133983839 0 0.0103849663308845 0.0165579243050995 0.0738005539049422 0.0893071733609948 0.0364228600473276 0.0074072375806485 0.068581649009473 0.196005479470523 0.208651645823484 0.282732048774578 0.393936718491822 0.41348120148236 0.452022535265958 0.499117418070434 0.517499974053534 0.527866394822986 0.54131956753892 0.544417778808982 0.546546506235842 0.54840525124175 0.549582357437121 0.550948792060654 0.552251813027038 0.553266728639973
-9999 -9999 -9999 -9999 -9999 -9999 -9999 -9999 -9999 -9999 -9999 -9999 -9999 -9999 -9999 -9999 -9999 -9999 -9999 -9999 -9999 -9999 -9999 0.449277962984379 0.414472581579227 0.37073110275921 0.317297261905933 0.200271503361053 0.0765042226765151 0.0330642026092736 0.027203412076418 0.00243687201416431 0 0.00821929237747194 0.0450972197079406 0.0231791298326783 0.00934428252434516 0.0302216814341223 0.120896704867771 0.22637139300632 0.26563023373811 0.304016017571585 0.352382555834049 0.374826202345413 0.444583648973028 0.497996679472692 0.504310391717602 0.525304453967177 0.54226458859575 0.545299431023689 0.54661710651 0.54790990993305 0.548782623084018 0.549913577321483 0.5510553656226 0.551937733568291
-9999 -9999 -9999 -9999 -9999 -9999 -9999 -9999 -9999 -9999 -9999 -9999 -9999 -9999 -9999 -9999 -9999 -9999 -9999 -9999 -9999 -9999 -9999 0.514373718244374 0.449438395896638 0.392416205539185 0.31007827296448 0.189337036349459 0.0724732048028056 0.0340136930726739 0.0358730002721682 0.0129009695537317 0.00271885474139868 0.058459768955507 0.0502061130698304 0 0 0 0.0597599023053773 0.216252646381078 0.292333023297808 0.313769298796842 0.351091665394489 0.415980493163775 0.471303745541615 0.500857274696854 0.516659225029954 0.530695799962468 0.543764508485336 0.546398618320006 0.547124345123988 0.547869557145559 0.548438465249006 0.549334825861447 0.550359349157038 0.551112971626631
-9999 -9999 -9999 -9999 -9999 -9999 -9999 -9999 -9999 -9999 -9999 -9999 -9999 -9999 -9999 -9999 -9999 -9999 -9999 -9999 -9999 -9999 -9999 0.515308607829949 0.450874934045038 0.403568033236445 0.333478198323727 0.200481554554754 0.0823333077396655 0.0477940206428511 0.020902421880347 9.0870394101124e-05 0.0378761195495969 0.0702663284058541 0.0589717638499558 0.0226578285108656 0 0 0.0316680421319193 0.127069911914669 0.247783032804589 0.332726240176132 0.365393069010579 0.44274040630824 0.448075611075078 0.477094808069785 0.522253491804261 0.534978557423512 0.544027737344429 0.547074703087221 0.547358533421529 0.547579780219531 0.547848761622284 0.548582515224406 0.5493793429779 0.54988335710302
-9999 -9999 -9999 -9999 -9999 -9999 -9999 -9999 -9999 -9999 -9999 -9999 -9999 -9999 -9999 -9999 -9999 -9999 -9999 -9999 -9999 -9999 -9999 0.490135466105861 0.484881086978173 0.452913557056671 0.368333108454859 0.212167733904703 0.0971884918047567 0.028412264774291 0 0 0 0.046477873556365 0.0737254196238726 0.0873943317907035 0.0194756733545488 0 0 0.0195768924309656 0.193682665818287 0.334107515855547 0.389160248744121 0.429588004501813 0.412352142597207 0.485161692035351 0.526546250142441 0.539109823376703 0.546134772607454 0.548559167683233 0.548285486502835 0.547968228974795 0.547829816683264 0.548111043517044 0.548589482595711 0.548945745285289
-9999 -9999 -9999 -9999 -9999 -9999 -9999 -9999 -9999 -9999 -9999 -9999 -9999 -9999 -9999 -9999 -9999 -9999 -9999 -9999 -9999 -9999 -9999 0.488650837557286 0.4777236939234 0.453303330517788 0.369862581773427 0.221374245240632 0.12631511255655 0.0560138528057752 0 0 0 0.0439749251478809 0.0767671794553002 0.0968363602092264 0.0423582019465442 0.0265683078241955 0.00233177003600483 0.0163006581162701 0.194616157097277 0.321379740408032 0.372502201448276 0.447921780889926 0.425883199181449 0.474209435359026 0.527816672235895 0.539449518531719 0.546304389597055 0.548430436712041 0.548068951452242 0.547556375774956 0.547164271970918 0.547197573925735 0.547550544008403 0.5476692471125
-9999 -9999 -9999 -9999 -9999 -9999 -9999 -9999 -9999 -9999 -9999 -9999 -9999 -9999 -9999 -9999 -9999 -9999 -9999 -9999 -9999 -9999 -9999 0.492778193974775 0.484721902091191 0.457115445830972 0.363649031830502 0.199086898727473 0.107739201410545 0.0358681314534101 0 0 0 0.0110539000474653 0.107967999687647 0.107591201227061 0.0849201336602106 0.101927773111946 0.0786047177191968 0.110782145488009 0.216592700599168 0.265430312728292 0.327489515053353 0.466844934526167 0.484544061089201 0.516082153972014 0.535336822605 0.543807850985491 0.547700917323494 0.548510165830402 0.548198335577235 0.547415803551152 0.546711525183552 0.546241486746379 0.545803489861126 0.545398852907009
-9999 -9999 -9999 -9999 -9999 -9999 -9999 -9999 -9999 -9999 -9999 -9999 -9999 -9999 -9999 -9999 -9999 -9999 -9999 -9999 -9999 -9999 -9999 0.513067390660639 0.433521338470107 0.401316070420985 0.328987760993968 0.149932245617352 0.0535175698673572 0.0287206139134031 0 0 0 0 0.039670862983041 0.0532813230026821 0.0909438358267535 0.0952477161835977 0.118534155659493 0.188533347771642 0.174043878375873 0.217035296169188 0.390784138835069 0.501751296497323 0.523261084513753 0.530739634942111 0.540579837215982 0.546212499699331 0.549017094219254 0.548815854142685 0.547961818266132 0.547061255471766 0.546326080694431 0.545705500559538 0.543943905587554 0.54306753094232
-9999 -9999 -9999 -9999 -9999 -9999 -9999 -9999 -9999 -9999 -9999 -9999 -9999 -9999 -9999 -9999 -9999 -9999 -9999 -9999 -9999 -9999 0.549685842308161 0.506116952277099 0.434795268416664 0.372901542902195 0.274030615946905 0.155826953376062 0.0698864560764569 0.0139101109972355 0 0 0 0.0851348944105841 0.0768402108647919 0 0.0985439605532547 0.195970318654482 0.228098790584796 0.246421264171793 0.147307634325196 0.192490552544838 0.457083273731613 0.5296747092348 0.528292621212809 0.53160793111452 0.538992775788224 0.544999004570306 0.549710145996444 0.549108784840572 0.547984477841133 0.546930311264421 0.546066542638847 0.545086657328263 0.542926867545861 0.541515010776462
-9999 -9999 -9999 -9999 -9999 -9999 -9999 -9999 -9999 -9999 -9999 -9999 -9999 -9999 -9999 -9999 -9999 -9999 -9999 -9999 -9999 -9999 0.549068419289387 0.503813910473899 0.429052262240455 0.380634468809541 0.314916119751671 0.178562804798988 0.0540613206462124 0 0 0 0 0.108170687190259 0.210090335217916 0.143092787949601 0.192932748169694 0.280797236558131 0.248674086957076 0.191995454848529 0.151170692162503 0.309382764982816 0.505781844886819 0.531938945228401 0.531330380235108 0.532420968773711 0.536336966307859 0.54220735014928 0.548515736291855 0.548199769979774 0.547133568757063 0.54588044503654 0.544583148486383 0.543412312229139 0.541390701351253 0.53928787515811
-9999 -9999 -9999 -9999 -9999 -9999 -9999 -9999 -9999 -9999 -9999 -9999 -9999 -9999 -9999 -9999 -9999 -9999 -9999 -9999 -9999 -9999 0.560571302418681 0.542608617073707 0.501926687145346 0.446488642693748 0.315517711016542 0.154126885849461 0.032960625138385 0 0 0 0 0.144632722960016 0.299377073356489 0.254721325556595 0.237616301254404 0.327015935932356 0.322380515231491 0.323004364290986 0.306672375339672 0.392872185097976 0.511181755239808 0.532368197831169 0.533695104242633 0.532493242127448 0.534664970437819 0.541606033204406 0.546547725308991 0.547439709585706 0.546638613015062 0.545070973857787 0.543680682164145 0.542248021591159 0.53928633782074 0.536842724425103
-9999 -9999 -9999 -9999 -9999 -9999 -9999 -9999 -9999 -9999 -9999 -9999 -9999 -9999 -9999 -9999 -9999 -9999 -9999 -9999 -9999 -9999 0.566486885028566 0.532397588201257 0.483655648881835 0.419246431518685 0.288866724471819 0.142266124749134 0.0438565080246106 0 0 0 0 0.116077789707022 0.295324566440837 0.277567533455908 0.270044286901386 0.328168670767306 0.356223442262874 0.389810214868831 0.346109835462717 0.384132557286437 0.501755004249186 0.529512603188275 0.527854626818438 0.523609509234726 0.529537163921569 0.540188400295583 0.544625215814268 0.545787927804342 0.545196413518191 0.543831892909029 0.542476379568884 0.540972996207083 0.538290187095022 0.536128614636079
-9999 -9999 -9999 -9999 -9999 -9999 -9999 -9999 -9999 -9999 -9999 -9999 -9999 -9999 -9999 -9999 -9999 -9999 -9999 -9999 -9999 0.562974375257862 0.560781447758779 0.514650458033674 0.453051553049712 0.392056420244316 0.276500358383646 0.137140043947174 0.0274376287443791 0 0 0 0.0105385869192169 0.143151150304567 0.274955752215848 0.33334176908027 0.381595975964543 0.435222642642732 0.450502176093565 0.458403386376024 0.356327377834983 0.323003844214008 0.467131088810688 0.516419159502027 0.510549344435458 0.507619670150788 0.52239362423509 0.536460619194987 0.542762465811945 0.543558587475297 0.543402811593153 0.542631918241127 0.541251417775049 0.539677784133612 0.539073703175419 0.53907311077855
-9999 -9999 -9999 -9999 -9999 -9999 -9999 -9999 -9999 -9999 -9999 -9999 -9999 -9999 -9999 -9999 -9999 -9999 -9999 -9999 -9999 0.533271882183627 0.53872845128918 0.512034867395894 0.43321515424809 0.351486702285137 0.262339818891582 0.143494017384699 0.0332791511965042 0 0 0.0148189027231477 0.0451390489520246 0.123103237758331 0.266217265189474 0.373898411544652 0.393958521232341 0.445199929821438 0.458876526279189 0.456437664826798 0.312713587631287 0.267638479951276 0.446053832335369 0.494055868718753 0.495352190549845 0.504976998902504 0.526103963246422 0.536970974388451 0.541609977492809 0.542120212573121 0.541892629798366 0.540869473618183 0.539747085841949 0.53873232580478 0.538334918197528 0.537924414354621
-9999 -9999 -9999 -9999 -9999 -9999 -9999 -9999 -9999 -9999 -9999 -9999 -9999 -9999 -9999 -9999 -9999 -9999 -9999 -9999 -9999 0.521319844211026 0.518681601694679 0.48792486609099 0.391907845207759 0.287165509117556 0.222472411911342 0.10817035999191 0.00476153349830664 0 0.0126536814807609 0.0796876113017191 0.111592889825611 0.120960930403112 0.213281324238097 0.387529995860165 0.41820700884832 0.441375310360591 0.459371358372288 0.448929210752686 0.279641898386737 0.229390273938047 0.405049755045987 0.455546908576952 0.496761973247807 0.511172710251624 0.530149064786407 0.538975198692908 0.541337970803659 0.541125809052148 0.540729546726989 0.539673703158918 0.538392812646736 0.536824394338134 0.535580703982918 0.535003459877804
-9999 -9999 -9999 -9999 -9999 -9999 -9999 -9999 -9999 -9999 -9999 -9999 -9999 -9999 -9999 -9999 -9999 -9999 -9999 -9999 -9999 0.531941817120915 0.519204424214708 0.464771982020031 0.381106834955422 0.251824522609433 0.105421542021042 0.0175844671971162 0 0.00286594359152815 0.0630907318629885 0.162560922902804 0.213279736641351 0.160670394579564 0.178169580728555 0.350965061527198 0.356378680879274 0.380860498378061 0.450152415643052 0.415735310142533 0.308324570106642 0.325571473126031 0.436646636249229 0.472512931710643 0.506857998731389 0.516329332041098 0.52993232318791 0.538239167015394 0.539340543583215 0.53883423708096 0.538394765575871 0.537336761517744 0.536124296739613 0.534750978557149 0.533021711963115 0.531627905130198
-9999 -9999 -9999 -9999 -9999 -9999 -9999 -9999 -9999 -9999 -9999 -9999 -9999 -9999 -9999 -9999 -9999 -9999 -9999 -9999 -9999 0.493321405408953 0.498172649581163 0.431818321446291 0.336618025804041 0.217690082836583 0.0575248005109367 0 0 0.00751002463782649 0.101860032980661 0.222373255946821 0.275133343272425 0.191219692372743 0.154080664436619 0.307021414779942 0.268190563486965 0.294769036257902 0.429165013016598 0.395573720111176 0.398033231839101 0.457308740698094 0.451680779257663 0.486456171460892 0.512898508665453 0.519520419506159 0.530172987191981 0.537030454949502 0.536987021255141 0.536017833624743 0.535728999873799 0.534886116346296 0.533640153197077 0.532372439534147 0.530456347283644 0.528747109294113
-9999 -9999 -9999 -9999 -9999 -9999 -9999 -9999 -9999 -9999 -9999 -9999 -9999 -9999 -9999 -9999 -9999 -9999 -9999 -9999 -9999 0.480207462757535 0.445224644274508 0.417404648094224 0.307299205870433 0.172491388075441 0.0492291295361232 0 0 0.0391568153356736 0.0994048015554439 0.190841038605272 0.272994370773896 0.193323358979318 0.11258676134984 0.240224469200488 0.266447448642099 0.303013002924161 0.405605909851851 0.465157351899263 0.502482549556482 0.487679474029173 0.469860749695135 0.493271318375681 0.514000265954754 0.521387123603473 0.531728237334873 0.535240482239606 0.531698004758449 0.529536131532965 0.53208570859653 0.533309844592048 0.532242683034403 0.530796808790718 0.528860378598993 0.527023766007437
-9999 -9999 -9999 -9999 -9999 -9999 -9999 -9999 -9999 -9999 -9999 -9999 -9999 -9999 -9999 -9999 -9999 -9999 -9999 -9999 0.519102320878152 0.472259450401804 0.426869926255671 0.374849308030857 0.253302956736081 0.199416356610287 0.0915677970932471 0 0.0211457674529303 0.0821576653280256 0.110170798696126 0.166537440388158 0.264716383316151 0.220206971592944 0.120235879408899 0.248056522111856 0.332423613390294 0.353114846511723 0.413135487693598 0.486875123549107 0.50432345713845 0.507101373481604 0.50102536144721 0.502853551084629 0.515655924719003 0.522397853471421 0.530468375001647 0.526172756354354 0.511277655538455 0.50294789866873 0.515251790782516 0.529383481663271 0.529603028698476 0.528117105454825 0.526179174603773 0.524292382971262
-9999 -9999 -9999 -9999 -9999 -9999 -9999 -9999 -9999 -9999 -9999 -9999 -9999 -9999 -9999 -9999 -9999 -9999 -9999 -9999 -9999 0.470079183046101 0.404319481226238 0.314398224330305 0.175165819136223 0.100109508998695 0.00417199644154038 0 0.0215433378330913 0.0967495988174164 0.205149442846927 0.328972360550748 0.349291576534948 0.324611982514767 0.287576589107915 0.346004217420527 0.363579186109451 0.374308899557216 0.480755686975001 0.495931645958093 0.500743781899796 0.50354051627041 0.505734664776898 0.510875308195178 0.518097228307632 0.520701683863046 0.524853409983278 0.518706228228661 0.490639362418393 0.47618892618145 0.500981557210015 0.525075340814926 0.527145051771812 0.525571193734226 0.523299391495313 0.52117929028863
-9999 -9999 -9999 -9999 -9999 -9999 -9999 -9999 -9999 -9999 -9999 -9999 -9999 -9999 -9999 -9999 -9999 -9999 -9999 -9999 -9999 0.483165920505358 0.467342375916523 0.336493658091928 0.14391199643333 0.0588801248832599 0.00545186892104252 0 0.0106433311537679 0.0955248709848605 0.198814536831336 0.32985873692879 0.37251504145195 0.362983681740763 0.313341759446231 0.329621203099914 0.3620044512548 0.386673386318182 0.486077807621344 0.495514595867623 0.499125105164237 0.49743431127389 0.503051518495294 0.514040856444161 0.516459996186831 0.515844631128471 0.518169337677017 0.505976587455168 0.471659978479974 0.468446589138737 0.501479872105806 0.524116709167188 0.52516149564997 0.523633284135488 0.521225275218833 0.518222398369891
-9999 -9999 -9999 -9999 -9999 -9999 -9999 -9999 -9999 -9999 -9999 -9999 -9999 -9999 -9999 -9999 -9999 -9999 -9999 -9999 -9999 0.465726340952305 0.432967107832117 0.325698470161525 0.159901325505741 0.0509340611523269 0 0 0 0.0869134314891587 0.191518446440846 0.27656813319526 0.345103534908973 0.369747387176436 0.325250453379759 0.314182051892828 0.354390247668294 0.417081883331169 0.480307098974252 0.489986064796768 0.494852921980287 0.49457264304458 0.50060813551824 0.511074661639724 0.512511891074562 0.512691028671187 0.509433421499529 0.483461205477661 0.455442057756582 0.471963723953562 0.505308041301393 0.521515595567949 0.522182898454659 0.520675622258761 0.517966689161158 0.514621097067502
