layers/veg/veg1200.asc
NCOLS 255 
NROWS 330 
XLLCORNER -2985163.8955 
YLLCORNER -3022031.214 
CELLSIZE 25000 
NODATA_value -9999 
[rows 250 to 274 of 330, columns 56 to 111 of 255]
-9999 -9999 -9999 -9999 -9999 -9999 -9999 -9999 -9999 -9999 -9999 -9999 -9999 -9999 -9999 -9999 -9999 0.667080670316286 0.680082685011846 0.699450141328172 0.691090810725736 0.650823624813334 0.587736228024139 0.547989413318538 0.527335761070944 0.513885647729602 0.519297983100888 0.520111818061864 0.515162810281619 0.497945610009092 0.466526723422502 0.455361946728625 0.441597849402222 0.410918052073228 0.396128028173032 0.405476101481804 0.401907353797314 0.393332778843674 0.381988838294015 0.368397680074791 0.355240684674231 0.352609802963731 0.355569718119276 0.35495676805778 0.349092204515864 0.346412423408406 -9999 -9999 -9999 0.285084885415912 0.279134836090669 0.274244545246611 0.270096233821576 0.267239439029727 0.264976020825053 -9999
-9999 -9999 -9999 -9999 -9999 -9999 -9999 -9999 -9999 -9999 -9999 -9999 -9999 -9999 -9999 -9999 -9999 0.691625710032389 0.696249543084198 0.714959837650932 0.707123085808931 0.680117262193564 0.640165288566109 0.589359549550689 0.572087807776617 0.589945693144325 0.565503669695215 0.536370047389911 0.528656991091854 0.510221460462829 0.48914857820882 0.499002636269919 0.491607851311587 0.461114646512202 0.441711278470767 0.427935766970283 0.410189627822257 0.383653814893332 0.354830642682893 0.332239709709677 0.314088604396722 0.321981101853534 0.342342545251444 0.356023071661956 0.358305627077181 0.353036220729573 0.352740782602367 -9999 -9999 -9999 -9999 -9999 -9999 -9999 -9999 -9999
-9999 -9999 -9999 -9999 -9999 -9999 -9999 -9999 -9999 -9999 -9999 -9999 -9999 -9999 -9999 -9999 -9999 0.703348926666775 0.713763501197388 0.723789139001876 0.718070117786435 0.692972192384795 0.659044247736183 0.592593418242767 0.549440237644023 0.578278188876198 0.578655019320693 0.553569464599679 0.532519569114972 0.520047397188268 0.507139759112055 0.51051261738047 0.505102134303792 0.482340698473002 0.45940377356495 0.435957003131343 0.409841117651955 0.384814305995042 0.361632400957183 0.331147844617863 0.306363755280454 0.320842158196573 0.350984895194618 0.365698917045912 0.366229791127321 0.363021771582912 0.364038149138232 -9999 -9999 -9999 -9999 -9999 -9999 -9999 -9999 -9999
-9999 -9999 -9999 -9999 -9999 -9999 -9999 -9999 -9999 -9999 -9999 -9999 -9999 -9999 -9999 -9999 -9999 0.724990407792451 0.723739355107048 0.733204088894763 0.731684075331428 0.692090472918623 0.651514215324517 0.635114905523913 0.610836012163545 0.556648793846223 0.524869372611384 0.55042297653371 0.523561004458712 0.506668434074468 0.51080790802351 0.511842571282465 0.500172512073521 0.482506678790185 0.464920342696724 0.439708568693548 0.417287651171469 0.394864766821941 0.370274806312016 0.34493589305574 0.330076413555911 0.345221357274201 0.37031856019463 0.380423216191326 0.375136321489424 0.371216374154362 0.375809661126194 -9999 -9999 -9999 -9999 -9999 -9999 -9999 -9999 -9999
-9999 -9999 -9999 -9999 -9999 -9999 -9999 -9999 -9999 -9999 -9999 -9999 -9999 -9999 -9999 -9999 -9999 0.755613480297888 0.752433137108713 0.754185829656076 0.742073485374982 0.718298582556884 0.690606248180896 0.652843611973933 0.61419551872233 0.578721540160731 0.554806069405047 0.567683173305875 0.566631004694964 0.54074347960249 0.517958231134099 0.501277158231105 0.483662478326787 0.461877460452391 0.463384549252047 0.442546155149046 0.42266242286145 0.414220559280382 0.403100327171664 0.407664608179269 0.401719589783113 0.392761036484083 0.392453048500424 0.392463949799938 0.390560882728601 0.388256176331999 0.394540482886508 -9999 -9999 -9999 -9999 -9999 -9999 -9999 -9999 -9999
-9999 -9999 -9999 -9999 -9999 -9999 -9999 -9999 -9999 -9999 -9999 -9999 -9999 -9999 -9999 -9999 -9999 0.774327548593529 0.772201545188089 0.769384513448537 0.715006878889548 0.700851054419084 0.68568049964548 0.677015446982111 0.665010349224176 0.632824789003173 0.609921531382797 0.615466179098042 0.60681455499688 0.593241621067292 0.564182359086191 0.532519660677022 0.501592868848251 0.461901747303422 0.438690558503325 0.423383649399594 0.415617277144878 0.409560051071547 0.406935502619702 0.428948924775214 0.436939308134316 0.426663165259906 0.417526343962362 0.41874464223097 0.416760972016049 0.414631084607222 0.41559420663748 0.413579965124487 -9999 -9999 0.381187712409441 0.373873988444863 -9999 -9999 -9999 -9999
-9999 -9999 -9999 -9999 -9999 -9999 -9999 -9999 -9999 -9999 -9999 -9999 -9999 -9999 -9999 -9999 0.75533850848989 0.772859026459108 0.78566027534688 -9999 0.740072097601633 0.742840761039604 0.712841599037105 0.647627269661662 0.64575717751885 0.649403347075109 0.63950150218678 0.640091966416375 0.626366540235782 0.606945754143144 0.586539661120222 0.55866172952358 0.513389485696047 0.46357658235785 0.433662772261274 0.417604935349442 0.423635934383201 0.430845794161182 0.435450416622326 0.451331207089267 0.455160756987564 0.445045951559876 0.436753124153906 0.437013263176768 0.434107475577449 0.42955305933686 0.424440124206541 0.414999998945714 0.407587068060465 0.399144127029493 0.388939896594295 0.389956372625736 -9999 -9999 -9999 -9999
-9999 -9999 -9999 -9999 -9999 -9999 -9999 -9999 -9999 -9999 -9999 -9999 -9999 -9999 -9999 -9999 0.713026678360086 0.740745355332985 0.782949301921684 0.79498594489867 -9999 0.760859651536363 0.698145446696177 0.629203077289211 0.653327800342268 0.682660433253745 0.667138841720292 0.66241997487674 0.659189860915649 0.623812025833593 0.60112830172271 0.599101604178476 0.567686727696994 0.529079751161692 0.49826729282668 0.486871166842959 0.474470197444255 0.454808468925473 0.455864941862324 0.476423771898403 0.489822226246674 0.481566558269359 0.471647419395946 0.469239705943734 0.461289934361899 0.450147379631621 0.44113509156822 0.429012758085885 0.412917581077065 0.407807876998437 0.408654573397125 0.410229353483401 -9999 -9999 -9999 -9999
-9999 -9999 -9999 -9999 -9999 -9999 -9999 -9999 -9999 -9999 -9999 -9999 -9999 -9999 -9999 -9999 0.719410173372842 0.743411260376191 0.782022856681356 -9999 -9999 0.746716262029163 0.770248313330692 0.731783298465278 0.687813703100005 0.712325081430859 0.677155818985528 0.667497526798782 0.686074835571268 0.660285006805614 0.642480263839909 0.635101958087925 0.59597758256563 0.544921737598017 0.501222138986711 0.497269053428054 0.487010036740367 0.47525035105492 0.483280971097457 0.513104488570367 0.54141843419793 0.526270378879384 0.505249756149077 0.493969550639191 0.482122575108879 0.467095123998871 0.464164961909555 0.462771727100875 0.451944342891242 0.438641223990558 0.424699829772129 0.424397637386771 -9999 -9999 -9999 -9999
-9999 -9999 -9999 -9999 -9999 -9999 -9999 -9999 -9999 -9999 -9999 -9999 -9999 -9999 -9999 -9999 0.758160685771055 0.765115627722664 0.790426103127755 -9999 0.754394027826005 0.737474045629988 0.704907612628547 0.668490919484 0.659263304769091 0.666526779959183 0.665422427509027 0.670239099677527 0.677442270431502 0.649227060819202 0.634019544143174 0.64025174066485 0.60941343082554 0.571088658628068 0.557347670249384 0.524579985114747 0.508402070548769 0.523314923291647 0.535587943145151 0.555151754567487 0.560976957891809 0.544358425306767 0.520216485797398 0.502647497693408 0.49058718586871 0.481087318409733 0.47554902372543 0.464535789004613 0.453216295576843 0.449998025848017 -9999 -9999 -9999 -9999 -9999 -9999
-9999 -9999 -9999 -9999 -9999 -9999 -9999 -9999 -9999 -9999 -9999 -9999 -9999 -9999 -9999 -9999 0.795944276594225 0.796427879479053 0.794737982763547 -9999 0.78407089942141 0.769130293983523 0.729275882768851 0.697013001091009 0.686513237746817 0.702410028384775 0.71656077946624 0.701822623677819 0.709494110687286 0.686993390807599 0.635610978403211 0.604101811934095 0.608134049206611 0.606601016929996 0.590033848376926 0.572805361922097 0.563727220412682 0.575553846347525 0.578273364144263 0.576600027108777 0.564345436919711 0.547205775622235 0.526935420193477 0.514272299918844 0.505455878643721 0.497979440620304 0.490269619336247 0.481943384651919 0.478849239910521 -9999 -9999 -9999 -9999 -9999 -9999 -9999
-9999 -9999 -9999 -9999 -9999 -9999 -9999 -9999 -9999 -9999 -9999 -9999 -9999 -9999 -9999 -9999 0.792642765359583 0.792437358101993 0.79433156728172 -9999 0.799686799831246 0.777250848649136 0.743774498957106 0.710910940696062 0.675897803273706 0.700276075755409 0.732954754380015 0.688535326771686 0.679000985866186 0.683735014468595 0.654936985051163 0.632509927376534 0.626463595422603 0.615634417794531 0.598249019365062 0.615762077425606 0.614552971658266 0.602202829225584 0.586483326841701 0.571146529520983 0.560447474865321 0.54972949091695 0.539148554931691 0.534424501952711 0.517352984891393 0.496217552063756 0.491669143686877 -9999 -9999 -9999 -9999 -9999 -9999 -9999 -9999 -9999
-9999 -9999 -9999 -9999 -9999 -9999 -9999 -9999 -9999 -9999 -9999 -9999 -9999 -9999 -9999 -9999 -9999 0.796944088061973 0.800024512019252 -9999 0.814862403672826 0.766763406548979 0.75697007049703 0.767519488237988 0.690011780224254 0.694828772282133 0.712077591983843 0.687044797586703 0.690477097921171 0.683507628400708 0.661505244743401 0.650503482786564 0.631987616825088 0.614223105344104 0.606555852672233 0.621138642144404 0.621132118280929 0.604707874327586 0.585411815990461 0.572441710367992 0.562308418139996 0.553474179442948 0.547050159808792 0.538010498077896 0.516727334954084 0.514315022623609 -9999 -9999 -9999 -9999 -9999 -9999 -9999 -9999 -9999 -9999
-9999 -9999 -9999 -9999 -9999 -9999 -9999 -9999 -9999 -9999 -9999 -9999 -9999 -9999 -9999 -9999 -9999 -9999 -9999 -9999 0.812765460548986 0.773140131925114 0.750868728390101 0.757864251185858 0.726187600792845 0.71387885040188 0.707580519949667 0.69793185183674 0.687695307267411 0.686843955567976 0.671591071039316 0.666609703495299 0.651440822675067 0.645517431714214 0.657900123025158 0.645658494697608 0.628659030269521 0.613464755789686 0.600707419406704 0.5847420131258 0.567863838794429 0.558014865757347 0.543570452915907 0.528222577233547 0.51872395367573 0.518476363808352 0.527518118380247 -9999 -9999 -9999 -9999 -9999 -9999 -9999 -9999 -9999
-9999 -9999 -9999 -9999 -9999 -9999 -9999 -9999 -9999 -9999 -9999 -9999 -9999 -9999 -9999 -9999 -9999 -9999 -9999 -9999 0.80034127967499 0.793687889323301 0.76773470169854 0.726616966138635 0.680858700560199 0.697357683911459 0.719400101068876 0.700124653953455 0.69284980850407 0.684298806741278 0.660124114353629 0.658592938429344 0.652235870645864 0.647053987405268 0.654848175282733 0.639124977988965 0.614109906862248 0.603216427559764 0.602224897551021 0.594927112363006 0.582025854419415 0.567120023538731 0.550142772982206 0.533305265968636 0.524984873124912 0.528257593993034 0.539803373435906 -9999 -9999 -9999 -9999 -9999 -9999 -9999 -9999 -9999
-9999 -9999 -9999 -9999 -9999 -9999 -9999 -9999 -9999 -9999 -9999 -9999 -9999 -9999 -9999 -9999 -9999 -9999 -9999 -9999 0.776593498017487 0.767749723370695 0.791853317452075 0.773878574157306 0.715173462704423 0.725666133512099 0.720800621823971 0.7157272140753 0.711650791028658 0.690665508827378 0.662824908000086 0.638661469393755 0.628749783608132 0.635934059538464 0.643951385503209 0.628373581733803 0.60614057282284 0.600732398128657 0.598965790724223 0.592594743528033 0.577755612773712 0.563766808101424 0.545633039139829 0.535031566355655 0.529992268405327 0.535606169402657 0.545892732526135 -9999 -9999 -9999 -9999 -9999 -9999 -9999 -9999 -9999
-9999 -9999 -9999 -9999 -9999 -9999 -9999 -9999 -9999 -9999 -9999 -9999 -9999 -9999 -9999 -9999 -9999 -9999 0.8129678988349 0.811354699622874 0.783093061932771 0.763291510154651 0.738622576958181 0.73119374638036 0.699742235848877 0.699322938065888 0.72009482443929 0.706319557358876 0.707149592530681 0.706846143312718 0.686098540363468 0.665352042496299 0.639818553131864 0.63754070977582 0.645158711685217 0.616521913714947 0.606544630423068 0.615471810749227 0.611183120828087 0.597123091202079 0.584165921489321 0.568815513752765 0.548590111170372 0.543641737770942 0.548032400940949 0.557788535486822 -9999 -9999 -9999 -9999 -9999 -9999 -9999 -9999 -9999 -9999
-9999 -9999 -9999 -9999 -9999 -9999 -9999 -9999 -9999 -9999 -9999 -9999 -9999 -9999 -9999 -9999 -9999 -9999 0.800551196021874 0.799105595039792 0.797862359041896 0.771325815910628 0.740585356723735 0.737331739779062 0.711035588635273 0.704041533376495 0.693905249477385 0.689485184894289 0.705713932073614 0.708622978548604 0.696128507949417 0.669828182321747 0.636589724133599 0.638839868176134 0.65549570376333 0.643075918915699 0.631575355038386 0.619499351996509 0.607787177962088 0.597949722898238 0.580114329339209 0.56439493571037 0.573285061839376 0.580117131404582 0.577393607654971 0.576061296367315 -9999 -9999 -9999 -9999 -9999 -9999 -9999 -9999 -9999 -9999
-9999 -9999 -9999 -9999 -9999 -9999 -9999 -9999 -9999 -9999 -9999 -9999 -9999 -9999 -9999 -9999 -9999 -9999 0.770126377163065 0.800295088565022 0.790360653169449 0.737268741501729 0.7066522055162 0.704673144080943 0.701453734684742 0.685726298144672 0.659422000179265 0.647339548710504 0.680809814747646 0.699830936278806 0.683744227747102 0.654823495696584 0.634715736914138 0.641442342283064 0.64783886069613 0.637881008552311 0.630322648101331 0.611328395955195 0.598003159515533 0.593124551326059 0.574928860526979 0.570891961584158 0.589413675207009 0.588740559080853 0.578680227668006 0.570784668321167 -9999 -9999 -9999 -9999 -9999 -9999 -9999 -9999 -9999 -9999
-9999 -9999 -9999 -9999 -9999 -9999 -9999 -9999 -9999 -9999 -9999 -9999 -9999 -9999 -9999 0.768197925888751 -9999 0.761089539193231 0.77855905613543 0.794454762018096 0.73924444880863 0.726501791055085 0.699706072193852 0.684231427243362 0.675119808994029 0.666799061049189 0.661044467026782 0.666809229259819 0.67817332253496 0.679493779016675 0.674399653922757 0.663610124394569 0.640811014725789 0.63675993775871 0.640603536714244 0.623228388272455 0.60876161878744 0.596441219479203 0.595501729824039 0.584816197149706 0.581841846812481 0.597623651806636 0.605436623186011 -9999 -9999 -9999 -9999 -9999 -9999 -9999 -9999 -9999 -9999 -9999 -9999 -9999
-9999 -9999 -9999 -9999 -9999 -9999 -9999 -9999 -9999 -9999 -9999 -9999 -9999 -9999 -9999 -9999 -9999 0.762897288579991 0.764502570398087 0.760090880112288 0.744465046282272 0.708789561369202 0.668611306329483 0.656798706008801 0.644189331161676 0.664393905512117 0.682793181591351 0.659881034139233 0.659191817759091 0.661865260562109 0.663789069030936 0.65796273184006 0.634889185701962 0.632542673572031 0.647821894898573 0.634983057811485 0.61708271075442 0.601631887902772 0.579789598087033 0.580780507000982 0.599405196909214 -9999 -9999 -9999 -9999 -9999 -9999 -9999 -9999 -9999 -9999 -9999 -9999 -9999 -9999 -9999
-9999 -9999 -9999 -9999 -9999 -9999 -9999 -9999 -9999 -9999 -9999 -9999 -9999 -9999 -9999 -9999 -9999 0.739545010035418 0.749417384118986 -9999 0.747550330488452 0.729973118490428 0.691434127312054 0.688520065643911 0.664141237155556 0.638499168899062 0.639061661952895 0.642847707522463 0.649181258252634 0.655070110690003 0.652939806220743 0.647162056911504 0.627662945271608 0.625289050095338 0.644183804448755 0.630085853727528 0.604291297930614 0.574664926152746 0.563640226554617 0.57562117494512 -9999 -9999 -9999 -9999 -9999 -9999 -9999 -9999 -9999 -9999 -9999 -9999 -9999 -9999 -9999 -9999
-9999 -9999 -9999 -9999 -9999 -9999 -9999 -9999 -9999 -9999 -9999 -9999 -9999 -9999 -9999 -9999 -9999 0.742292384650822 0.748119790436228 -9999 0.704860564766987 0.694278959812086 0.678891397764922 0.675188580612978 0.67616084271851 0.6537666299881 0.624939646936962 0.623000898657708 0.630330643011927 0.636448347996804 0.636781843838601 0.631975118982119 0.61932953875988 0.613813797923203 0.617479232774918 0.603996844768449 0.577110415763014 0.56567251292776 0.580106165142735 0.595702587687293 -9999 -9999 -9999 -9999 -9999 -9999 -9999 -9999 -9999 -9999 -9999 -9999 -9999 -9999 -9999 -9999
-9999 -9999 -9999 -9999 -9999 -9999 -9999 -9999 -9999 -9999 -9999 -9999 -9999 -9999 -9999 0.746023531343396 0.716580160867617 0.711918334231799 0.717391937727474 -9999 0.737913425175966 0.664480521147504 0.60797339857206 0.602934075070671 0.57378950094646 0.565377014496449 0.602577631352972 0.597342555282473 0.598877835595906 0.607202552411407 0.608804921242783 0.608431066096555 0.608112973903642 0.607658232260894 0.596785748638932 0.580169617410219 0.592708494643702 0.611080864071965 0.606233292899953 0.603139253674201 -9999 -9999 -9999 -9999 -9999 -9999 -9999 -9999 -9999 -9999 -9999 -9999 -9999 -9999 -9999 -9999
-9999 -9999 -9999 -9999 -9999 -9999 -9999 -9999 -9999 -9999 -9999 -9999 -9999 -9999 0.755755959646571 0.745051503819406 0.716601877733352 0.699539948744624 0.717390763767276 0.751693196945248 0.715552633003897 0.636520406684404 0.637958709195867 0.633209328310368 0.57103963754025 0.553253823754983 0.557159527543878 0.572282141989 0.584191535577897 0.594965509604824 0.59934962778411 0.594892789683648 0.591502699993531 0.593849345126646 0.58717859604462 0.581332980549566 0.60108371508136 0.610552388147 0.602380116573164 0.589681210899475 -9999 -9999 -9999 -9999 -9999 -9999 -9999 -9999 -9999 -9999 -9999 -9999 -9999 -9999 -9999 -9999
