layers/veg/veg2000.asc
NCOLS 255 
NROWS 330 
XLLCORNER -2985163.8955 
YLLCORNER -3022031.214 
CELLSIZE 25000 
NODATA_value -9999 
[rows 104 to 129 of 330, columns 174 to 231 of 255]
0.613798801941026 0.599326722143386 0.592267118447061 0.590893229242622 0.586376389271932 0.587431449297556 0.591671684222836 0.588964606226035 0.580931252209402 0.575844893457473 0.576017466132416 0.579562980219638 0.563085243081495 0.586499569330135 0.599843180094528 0.588621043062618 0.586305894592226 0.588910136708159 0.596927912674014 0.602561599362441 0.604981165463601 0.623692606778209 0.633662217463765 0.629430005728416 0.637725706047714 0.638527600788239 0.644555215095039 0.644688120054475 0.640934157374506 0.6459365313475 0.659549719561628 0.670535011806677 0.678474037454272 0.683857318956862 0.686948873443617 0.687535554575764 0.685052271956559 0.694591327908968 0.694881795474997 0.700214604544627 0.699400147435543 0.694877360737314 0.694746856296292 0.695422198838432 0.697934737551419 0.706407551656036 0.71369650020901 0.721150453969533 0.728263258976848 0.730558865224475 0.740678934801435 0.76023978754306 0.775596025169718 0.780565045089499 0.788852575128022 -9999 -9999 -9999
0.609562572403767 0.595231919956222 0.584214722297091 0.583454851232275 0.586139300793142 0.588280460037057 0.580578161321087 0.572422205148758 0.56974328303881 0.56714404657042 0.571277494675258 0.568182354977504 0.574474274266549 0.591023753857043 0.593933100802427 0.57706557168387 0.576811334049649 0.577408257278483 0.585575431853464 0.593276928810882 0.597382459288225 0.614932614757809 0.634548292392009 0.632599631991742 0.634009727602927 0.630308712031236 0.63582538154677 0.637092766908145 0.646807185895922 0.656389292184598 0.663670983229184 0.671839748018362 0.680839160848372 0.688014218204678 0.692598987411309 0.69484469156627 0.69190366755274 0.697118430551308 0.705365773795743 0.701517859901167 0.699637663771113 0.697865970506283 0.698334954468861 0.697056135463947 0.699316972862953 0.709456838415629 0.714742075101834 0.718044788388741 0.731409361600886 0.726892889307775 0.740088472846155 0.754021253095429 0.772503762470343 0.784285474785098 0.788027980391963 -9999 -9999 -9999
0.602039057655198 0.595355095848592 0.579992593062703 0.576336249494161 0.582270652343375 0.583571324445522 0.569569103187312 0.559333268880004 0.561857124387857 0.562120051986247 0.560031879856809 0.570302930490412 0.581649178127555 0.584503468948566 0.574258329057479 0.568145454220321 0.566144242560848 0.568356951551671 0.575121120409693 0.590003499478714 0.603930990377609 0.616590900610843 0.629006065531138 0.629104519516391 0.624803003428041 0.625243601792555 0.631403653336467 0.642153412943205 0.652861670911364 0.656150225876487 0.667400794914518 0.675044196630264 0.683440154180387 0.69149454026131 0.697900464320786 0.702648987841195 0.703749007376154 0.706638191875433 0.711050618390475 0.704001211568569 0.706807011461693 0.706054232684334 0.707697939387737 0.704019451657424 0.70041250375063 0.700056386296525 0.696521635964472 0.700998798458486 0.723364957589092 0.727145080809172 0.745875570527271 0.767950994911123 0.780851981390432 0.78423747712723 -9999 -9999 -9999 -9999
0.594054072932082 0.589943704598689 0.576782834892944 0.570466696698035 0.572203702047613 0.572849278114436 0.566285402476304 0.555743934181054 0.54786818617145 0.546054920439828 0.552971583472161 0.568039799947046 0.576169826113826 0.566935759556218 0.555444810400201 0.562136524016875 0.554003415645885 0.564933863778238 0.584789083203271 0.5944082253215 0.60493044003291 0.614186565444774 0.620942621889212 0.622759843013348 0.620287981598894 0.623590266135986 0.635612626753107 0.648109360167261 0.657338347236446 0.662332657983443 0.670891150912616 0.678751143863884 0.685069498655809 0.691640058419667 0.699629595404327 0.706363188255185 0.709936343024287 0.713624997902584 0.715249419222065 0.707758297275268 0.703397691047975 0.711996658476761 0.711827239734195 0.700554724175078 0.68222883187162 0.688668156404737 0.699325307624352 0.705276159464334 0.721634268701856 0.734027875773092 0.736309941191713 0.75263081973755 0.780814647097525 0.787565391336866 -9999 -9999 -9999 -9999
0.587483342647899 0.5796947890185 0.571128683530296 0.565825238531011 0.566919950810094 0.567540215337406 0.572321496278141 0.565002974733802 0.55613630145953 0.557819986463393 0.564906871010163 0.567644663893758 0.561554057388335 0.549660503685163 0.547842150017996 0.557091706171582 0.565523559562146 0.563056863156885 0.578257010467656 0.593198556179896 0.599550599690495 0.607256245615512 0.614103131695561 0.618790140844242 0.62282670191987 0.629353249106609 0.641990988355111 0.652447444903823 0.656399403487902 0.665021438733196 0.675356425125095 0.682680669999412 0.684485967913801 0.689717762842388 0.698420471814707 0.705133633582107 0.710712339298971 0.717091101538675 0.718572131581416 0.71138439102437 0.700286015204428 0.711209261819853 0.708136413343896 0.694648431883284 0.709050346081407 0.699945248482916 0.698542424865136 0.710210632796038 0.726203155257985 0.737939101504337 0.746211725220672 0.768356770301362 0.79093604992209 0.795199126887795 -9999 -9999 -9999 -9999
0.580684685979531 0.572869170476364 0.565896236312699 0.555687800723901 0.544108847081721 0.552367430953378 0.558683931169478 0.55784485077814 0.5517612620241 0.557629435503912 0.565400918024349 0.564947874466032 0.554084851381854 0.545210655001343 0.549674120156824 0.56363351894525 0.567071865696738 0.57033341039897 0.580417674437208 0.588825217763742 0.595600231279252 0.6063426661457 0.614563850100878 0.6168595156786 0.624484409160169 0.636294372265052 0.647492830802571 0.656249748511467 0.662435507700465 0.670275756685904 0.677543072245081 0.683649864836797 0.684092381039109 0.690800717842924 0.696802659979496 0.700459817593644 0.701449052042376 0.705351146115851 0.713892466954995 0.718059955462852 0.714232285214376 0.71489488715528 0.711574793630447 0.715924456265096 0.721564978879022 0.695810946541753 0.694609571430449 0.707813648531255 0.728256741106924 0.750749374078227 0.769363877425451 0.783618732013935 0.796251750370914 0.799634087688965 -9999 -9999 -9999 -9999
0.573309179751213 0.571742287011212 0.562449256109487 0.541129295984267 0.528809026879656 0.533121487893886 0.521123585415733 0.535911285944504 0.543889188106945 0.551420182557378 0.558836949199034 0.562970826353296 0.559535567442818 0.558399418924728 0.561401678892016 0.562092784699032 0.568671370375662 0.572971027492418 0.58257887140084 0.588970355660489 0.597571282937791 0.607637607339971 0.614867933306013 0.619060252429679 0.630899315693996 0.642379383549152 0.642464509248712 0.649529504550438 0.664179877827005 0.671175271429897 0.676762707633749 0.682009874058275 0.684243455150341 0.688708961690488 0.69338557322894 0.699570796867447 0.701605833490891 0.703879207961701 0.715254410273935 0.727583335191955 0.729662592679174 0.728362633470894 0.734057393444421 0.734240157453857 0.734797626910111 0.695148064693718 0.70242894173767 0.716299938762433 0.732358772378648 0.748541186595012 0.771645181605521 0.790978043304963 0.798550966565577 0.798714468457561 -9999 -9999 -9999 -9999
0.563780271499611 0.555958680070722 0.552812847867403 0.540388058674034 0.52365495835991 0.513659944970779 0.507964250885373 0.524511335950212 0.539996118110205 0.548343167300602 0.557761958920436 0.559919352399073 0.557816678731612 0.558826072672691 0.556795300983097 0.557183349159281 0.564753029121485 0.570777839575727 0.582108349252511 0.591686152029076 0.600412489904512 0.604262557925005 0.597036582666688 0.621170325523585 0.626783854057574 0.622411762549712 0.626413364492223 0.641171368926913 0.654019181296121 0.663741324902864 0.676046191793063 0.681116832355076 0.683207940607437 0.685787404740087 0.689710257430193 0.696608529985563 0.69663608011306 0.703336766929317 0.722351989942784 0.736221156995104 0.741969975187223 0.742130173192455 0.740557881327476 0.740521033647467 0.742359649543271 0.72011181406063 0.722181285832433 0.753913949290048 0.769734768248165 0.773375493731476 0.786350050713495 0.796745290225249 -9999 -9999 -9999 -9999 -9999 -9999
0.553458680281403 0.548132180014319 0.539335051387712 0.523937574447013 0.516212920677726 0.508578736981336 0.507162272351952 0.520119717899546 0.539429537600039 0.546405459033594 0.551772440522 0.551819565102382 0.553498931811896 0.543819614466864 0.545255644156648 0.553481172807273 0.561211373538109 0.568514041370912 0.579418532188925 0.591646517895027 0.60217159893006 0.612595990203526 0.618752773240364 0.625875475208958 0.60575165002231 0.596774818466709 0.620108649711217 0.639961208740705 0.639135441295665 0.652891444715256 0.673730568742522 0.679180317942361 0.683327666650259 0.68921782465287 0.697498778863023 0.700248301859662 0.692821438899246 0.69666186583915 0.722134502912653 0.742650294139533 0.751776113618271 0.744236942115282 0.746340855517322 0.753714860537689 0.754468334340876 0.752557581518467 0.746396758258284 0.75749710242308 0.781014213755412 0.785479532402005 0.796765301838657 0.799097719929365 -9999 -9999 -9999 -9999 -9999 -9999
0.547060930744289 0.540024257175705 0.530385411083988 0.516348232235427 0.509050479909379 0.509516010351001 0.50555023712789 0.516455615572861 0.536281622607991 0.541024804368949 0.538379443338787 0.529550402786052 0.539158753236516 0.53573767582736 0.543315605080549 0.553645286665242 0.55988405237154 0.567423396170811 0.578242407877053 0.591321511426662 0.604015604235473 0.613180186961171 0.616389065461024 0.592296743328857 0.568999420674806 0.585151203768644 0.627304687823083 0.645186041174068 0.629110633347352 0.647716891795657 0.672523403034412 0.68268779165092 0.685793996027743 0.689340062642799 0.700212064509208 0.701396722300563 0.696048742676749 0.70669867300784 0.722803624276039 0.737444875791003 0.748343593315019 0.750887973115392 0.759287749825089 0.769701191387047 0.766439895864335 0.760576583503337 0.767088255658101 0.779073354273973 0.786995572778469 0.795842190775912 0.800637024409624 -9999 -9999 -9999 -9999 -9999 -9999 -9999
0.533553777540571 0.520017505832282 0.512617578666735 0.505354239325478 0.5023253755908 0.507499937136242 0.506891450014013 0.513842974052526 0.522578520883005 0.533516420096509 0.532391165517304 0.536969599392895 0.54238530628583 0.534786659774036 0.546598148913848 0.557973104860385 0.562307605808552 0.570074137302901 0.582181023574107 0.592428244730225 0.602829761142743 0.613553209147431 0.61624233534836 0.598881562776635 0.577745121584847 0.597600858015035 0.63872767118618 0.645086799065886 0.625677343748597 0.647269622089466 0.677268106518999 0.691546936165054 0.693061444384255 0.693903802694682 0.698337784439766 0.694975810304755 0.690799085426009 0.714728948595891 0.728283036387838 0.743079759791338 0.748965950248285 0.757706668598794 0.76458818170642 0.777404723464108 0.777034359755906 0.773903669555341 0.778544479615166 0.787516691844127 0.794555749287804 0.801379443070103 -9999 -9999 -9999 -9999 -9999 -9999 -9999 -9999
0.533901035180673 0.51517570704961 0.497501780023885 0.49161425060464 0.493244374353286 0.501873017434136 0.510298261724585 0.514468229274162 0.521473614136835 0.524268653738537 0.531975324582403 0.542410758620744 0.546667255025029 0.539866182531232 0.552732881220778 0.563252609369222 0.56922740266215 0.576732063445715 0.587556460188059 0.593996190696905 0.602352925801996 0.612954455990208 0.619520584583185 0.617752563427038 0.60620342633363 0.617576896772629 0.64264467719147 0.636221688534505 0.653660165510597 0.674417967470164 0.689593065764744 0.699422459707511 0.702224106282084 0.70392516154016 0.702803017514952 0.699858623486021 0.69900664524686 0.712464017965605 0.737190245936324 0.748547330702791 0.749649649973197 0.759381107400858 0.763446883666328 0.781396244153314 0.785631506189503 0.783146247950802 0.78705715104398 0.792928558546042 0.795988985234159 -9999 -9999 -9999 -9999 -9999 -9999 -9999 -9999 -9999
0.53547221328971 0.51831108709351 0.493582337680682 0.482461296256223 0.485072691932396 0.491660861973947 0.497221836416792 0.498649513612341 0.508533396853908 0.527281810792908 0.536017255789933 0.544368595678462 0.548934954492177 0.549673945899518 0.557179806084067 0.565841819457602 0.573248822524834 0.580153905927329 0.573038801390857 0.581606631159687 0.595784657385478 0.602821838608211 0.606984742354538 0.613184071245968 0.616048056355742 0.62668962421829 0.641832428542898 0.63671792124844 0.634924421182423 0.68908710705061 0.697446199373769 0.704554752062549 0.710875791495452 0.716206740283837 0.71736775345057 0.723315245828876 0.726709155647099 0.7299474866344 0.741828091509731 0.751034491093001 0.754153448451788 0.762849941330414 0.769938854339385 0.780852144472711 0.78204458145565 0.791788253052686 0.792742915030883 -9999 -9999 -9999 -9999 -9999 -9999 -9999 -9999 -9999 -9999 -9999
0.531640326449105 0.520451379003317 0.502271336687952 0.482448381915864 0.483022085555895 0.4876930090394 0.495854378364062 0.501896195153777 0.509152059521302 0.524379814295224 0.537342662337354 0.545020757056576 0.550488280968959 0.555386467061993 0.556515807119657 0.567737927055203 0.57600847277744 0.582337678610971 0.548401529586369 0.558565288264035 0.566863881096459 0.586510387286484 0.591528908784176 0.597703186304707 0.608132418633317 0.620668652241728 0.63461029592075 0.641023656309517 0.661408296691504 0.69224876989371 0.701957192785545 0.708755938678478 0.717213943597896 0.725107530643962 0.727980072369461 0.727643120475363 0.739652832135035 0.745551044428148 0.740665509913381 0.746191756022034 0.761371872694947 0.771454168833028 0.783149587232763 0.790607791363308 0.788780815637696 0.797989173085055 0.798341521031031 -9999 -9999 -9999 -9999 -9999 -9999 -9999 -9999 -9999 -9999 -9999
0.527988328463185 0.528981636762941 0.515745824592009 0.484349489482385 0.482859681683418 0.487730309384201 0.492494111982769 0.49772887956927 0.50124952694138 0.518853109085728 0.537622016750583 0.544280861219067 0.549329862877536 0.552861187048695 0.554933897470167 0.570346509835383 0.57636535341082 0.576088916334209 0.546939483011603 0.553555117288083 0.561770650227528 0.585592923778692 0.59506224997588 0.605533377332343 0.60441228231359 0.603821764621459 0.626800765858625 0.65345375905957 0.674263452485612 0.693375527868355 0.705965794105624 0.713601786360335 0.717460376726929 0.727475503757816 0.738271914124161 0.738819552365812 0.75074219971954 0.754212504845271 0.744195407992388 0.74628118223265 0.767568353629924 0.784448319703802 0.789754859766137 0.791962889054116 0.792497844637456 0.79897479367189 -9999 -9999 -9999 -9999 -9999 -9999 -9999 -9999 -9999 -9999 -9999 -9999
0.525659626522948 0.524084002538912 0.496808730270962 0.477789716427649 0.482475932954779 0.489523505569563 0.49273977998794 0.503828909241628 0.500983277792746 0.512148119237923 0.528138603510999 0.535249931378033 0.542156909739819 0.550635444994871 0.549545026585955 0.546522855543995 0.578172807910653 0.575898053930788 0.538051963517875 0.551792730551124 0.57132091810023 0.591648765788132 0.601489814180129 0.607103143331784 0.597172617587731 0.611402275466568 0.638946834549494 0.662015845614833 0.679815334556277 0.697569076673515 0.710630437899096 0.718120970363428 0.722090965835238 0.725723106102852 0.729374622994244 0.739826829061966 0.748247315380301 0.757537412753957 0.76328598818542 0.7689465052363 0.777950563485193 0.789131537701058 0.793195819025646 -9999 -9999 -9999 -9999 -9999 -9999 -9999 -9999 -9999 -9999 -9999 -9999 -9999 -9999 -9999
0.526742725191631 0.520631711318805 0.498239726111539 0.468631978383532 0.48109742154127 0.487111645611508 0.492286741561564 0.505208371249228 0.507362803998439 0.502968055639432 0.50362333013983 0.507077693444117 0.513565943295608 0.537470560583375 0.548885070082214 0.549170225504417 0.579182334216996 0.575322991907313 0.554442547878155 0.551325163780971 0.547683070787529 0.588653441350108 0.596102541764236 0.58879716755549 0.601731987712065 0.627730650578594 0.652281820457655 0.67152087943415 0.68987813367629 0.705845954494584 0.716631950742137 0.725169234639064 0.732124648406014 0.733789418727107 0.73655812585762 0.741347730047085 0.747064933977848 0.761736040624388 0.76981535912518 0.778033424171261 0.788045922272888 0.793577788018913 -9999 -9999 -9999 -9999 -9999 -9999 -9999 -9999 -9999 -9999 -9999 -9999 -9999 -9999 -9999 -9999
0.503882525026705 0.517641950428071 0.500811981229033 0.463016821104277 0.477012804693457 0.483336726225207 0.490339350194518 0.494072753855738 0.506803649217313 0.50554787487617 0.504734076402203 0.506163462722773 0.510044032409623 0.538518404459453 0.558612601543375 0.566747909681876 0.578849535058604 0.581237922928023 0.591107268550637 0.565135083332054 0.549432372662919 0.564858850826804 0.602685774596598 0.596230058260914 0.619975177928704 0.63755094140223 0.66160034118244 0.683582677311137 0.704730794587892 0.71916948734637 0.722680837680835 0.730784639912671 0.740962000606245 0.744000061117857 0.745634880477863 0.745589007889022 0.756900385713179 0.765238498770244 0.778750958758064 0.782827601790807 0.794490861799749 0.79501579200421 -9999 -9999 -9999 -9999 -9999 -9999 -9999 -9999 -9999 -9999 -9999 -9999 -9999 -9999 -9999 -9999
0.490722261416014 0.498527379568065 0.489864829294898 0.458189183665561 0.472340253961171 0.480910193359975 0.487879191248243 0.492312715977439 0.493025422638517 0.497595520668891 0.500144811595041 0.507007317197002 0.529390541771003 0.55304713609285 0.568824127622139 0.57878726316361 0.576212273148132 0.581630713704899 0.594252849522623 0.573561779994272 0.552368866726727 0.568261827395473 0.610977256615657 0.598313803363045 0.64263903801487 0.643370432596116 0.669548848271827 0.694640230777133 0.713201848748284 0.72466841022599 0.726729752113663 0.734698589544656 0.744656285920708 0.750335424240076 0.751625443077256 0.751334497459334 0.760953039499303 0.775797759705149 0.785034596722385 0.788126953202985 -9999 -9999 -9999 -9999 -9999 -9999 -9999 -9999 -9999 -9999 -9999 -9999 -9999 -9999 -9999 -9999 -9999 -9999
0.492265500629963 0.487412666244532 0.475371331964489 0.454941491380344 0.469507411142735 0.478354380851372 0.484873354880614 0.489068518193699 0.495831415053905 0.50113281319149 0.502555268614718 0.512679390366567 0.539219323786293 0.561093864211815 0.574613645955331 0.582775978243965 0.57088908749988 0.574650148012509 0.601171878451881 0.583076634542921 0.555025745355748 0.575156855202316 0.595792605923541 0.594960246363663 0.661830433600194 0.65637572146764 0.681473714381677 0.698028059280104 0.722942142208742 0.731170086243906 0.736500629200691 0.743270991329837 0.749436901553249 0.755542245978961 0.761211131372334 0.765704748321474 0.772320743430544 0.780197891072492 0.787295586048597 0.788936048973359 -9999 -9999 -9999 -9999 -9999 -9999 -9999 -9999 -9999 -9999 -9999 -9999 -9999 -9999 -9999 -9999 -9999 -9999
0.498466964797223 0.489401533519919 0.471171940381861 0.457330792020394 0.468130024347446 0.476875835549674 0.484652323151309 0.489798409896156 0.503056148718102 0.506984157702228 0.506432575750424 0.520434286574144 0.545403435709941 0.565876802986256 0.579305004643078 0.586233623430108 0.57930550886529 0.558092710829087 0.58844642655331 0.594703554167922 0.570083715551681 0.569860965519781 0.57814339029357 0.602767861355911 0.671507333819674 0.677622773518816 0.699879075791004 0.700247414425624 0.729689319002543 0.737644258692675 0.743395077870045 0.742039081124394 0.752455981964931 0.763153478424154 0.773055478885091 0.773098714829247 0.776504166727811 0.785870070663698 0.789976032897274 0.789214826303094 -9999 -9999 -9999 -9999 -9999 -9999 -9999 -9999 -9999 -9999 -9999 -9999 -9999 -9999 -9999 -9999 -9999 -9999
0.499832862741697 0.495314884546346 0.476638129428484 0.46456753011615 0.468013128525013 0.478393015306363 0.484849997172707 0.491712799177615 0.502540655522884 0.510936936520302 0.518589382599872 0.532019274105 0.552197900618093 0.5708987921069 0.583772572703393 0.589723905190076 0.588576076364465 0.555441421378097 0.592695335143789 0.608831258574773 0.580179300079963 0.572361738914942 0.584073130329728 0.614318337649423 0.665877314272182 0.696577443328768 0.703278629469386 0.710814751365803 0.713420014589559 0.713616467422246 0.7336101389295 0.735960226992202 0.754782506804301 0.7723130803551 0.776451369370657 0.782709610485104 0.788396005718991 0.791621485446826 -9999 -9999 -9999 -9999 -9999 -9999 -9999 -9999 -9999 -9999 -9999 -9999 -9999 -9999 -9999 -9999 -9999 -9999 -9999 -9999
0.495358502344668 0.494779672926663 0.463819105296651 0.45257249760233 0.468331750726061 0.481449466181966 0.487605414362833 0.492040066457696 0.500845590760979 0.514597287922885 0.526464273408635 0.535090999694556 0.54845393530553 0.573145408958598 0.58764506856186 0.592532401159555 0.576927485462585 0.569714026182293 0.595806133707578 0.608178761100979 0.575218854616228 0.594013070528759 0.602287566202751 0.610247690284733 0.655403498187976 0.701703625081875 0.700952273009636 0.689614819271416 0.689431537087322 0.689708208228102 0.713311540902298 0.748440478461522 0.764402194621055 0.778981668898703 0.794365960724014 0.794850496370377 0.792556040413115 0.792721367162714 -9999 -9999 -9999 -9999 -9999 -9999 -9999 -9999 -9999 -9999 -9999 -9999 -9999 -9999 -9999 -9999 -9999 -9999 -9999 -9999
0.495665983460869 0.492925948699759 0.468578811275367 0.458346609364477 0.466478958281211 0.478666230584 0.486015803833489 0.491832960434744 0.501893085539293 0.514630007815349 0.521126721351773 0.523841350376282 0.542502342885901 0.578740245274018 0.589392030003413 0.594150550158898 0.578966123525797 0.580313869076249 0.587605479091432 0.612993595920415 0.589126354414623 0.617651062819923 0.604345565889281 0.616613345002438 0.662145816402741 0.697345353988084 0.690235156850206 0.679298867615436 0.685552856547758 0.686311782263509 0.705404090959071 0.760127695188878 0.76971048645802 0.784923405233046 0.795577004465082 0.797760839643497 0.791092455645163 -9999 -9999 -9999 -9999 -9999 -9999 -9999 -9999 -9999 -9999 -9999 -9999 -9999 -9999 -9999 -9999 -9999 -9999 -9999 -9999 -9999
0.498983625190746 0.483117292443437 0.462206961402361 0.459650530852685 0.466721097244618 0.477121887747457 0.484662465323373 0.495176369657288 0.506623836473478 0.514093707149377 0.519510341312815 0.536591561390829 0.566865697484639 0.581779821089916 0.592069667100053 0.597746256210703 0.594368264176305 0.588155490539972 0.583287113768269 0.637724939615546 0.6565519158433 0.605589807858291 0.598838620269194 0.649497855361387 0.692299856200032 0.70627095962399 0.685960645241722 0.688047062999876 0.70299739038872 0.7073155806776 0.727449494335307 0.761705607649663 0.775220594033694 0.789144747738217 -9999 -9999 -9999 -9999 -9999 -9999 -9999 -9999 -9999 -9999 -9999 -9999 -9999 -9999 -9999 -9999 -9999 -9999 -9999 -9999 -9999 -9999 -9999 -9999
0.499352795051856 0.485826390084456 0.476133538313468 0.464764056804982 0.46712814472687 0.476451715641505 0.486917969347679 0.501150253334614 0.51388399115586 0.525154030166286 0.540300957292094 0.555618242180786 0.571324815453123 0.58432267459865 0.594423195842829 0.602421501736171 0.60825340471767 0.602802638859792 0.59668502950997 0.640102059840781 0.649831657737357 0.667940619511199 0.656574958075813 0.676702019554679 0.715277576940879 0.723318455660897 0.706220454184661 0.7116850784647 0.723424613985193 0.746121486365211 0.758057445549254 0.764942855475611 0.779453392471524 0.794537445639404 -9999 -9999 -9999 -9999 -9999 -9999 -9999 -9999 -9999 -9999 -9999 -9999 -9999 -9999 -9999 -9999 -9999 -9999 -9999 -9999 -9999 -9999 -9999 -9999
