layers/veg/veg2400.asc
NCOLS 255 
NROWS 330 
XLLCORNER -2985163.8955 
YLLCORNER -3022031.214 
CELLSIZE 25000 
NODATA_value -9999 
[rows 150 to 174 of 330, columns 57 to 113 of 255]
-9999 -9999 -9999 -9999 -9999 -9999 -9999 -9999 -9999 -9999 -9999 -9999 -9999 -9999 -9999 -9999 -9999 -9999 -9999 -9999 -9999 0.475059122478835 0.428768527416476 0.334520713526283 0.209386136906663 0.100393464613109 0.0414287281163441 0.0449380582338624 0.0803594486831503 0.105301802706578 0.109126192326854 0.105187496515166 0.0980175035788232 0.0935295779284308 0.082706360541647 0.0306819280088549 0 0.0122701458260061 0.0564057095422973 0.0764345624593143 0.104422572216933 0.166957019930029 0.163652413149051 0.173851140919652 0.223849282174123 0.273635726439112 0.334963782431064 0.387587931040352 0.386374188295284 0.410198710305037 0.446733376046937 0.456650395603882 0.461124070100085 0.461098915339669 0.461865399820137 0.461970671729959 0.461802284912119
-9999 -9999 -9999 -9999 -9999 -9999 -9999 -9999 -9999 -9999 -9999 -9999 -9999 -9999 -9999 -9999 -9999 -9999 -9999 -9999 -9999 0.450213336715745 0.426681113996004 0.371658254631879 0.286315426155826 0.165829934222441 0.0733336940588645 0.0640197314444965 0.0843768191523295 0.100649076654449 0.105084476403125 0.0999288865995399 0.0918563731881323 0.0845120595708 0.0709818005281455 0.0306965045419598 0 0 0.0346952253656313 0.0597572042308667 0.077548198470479 0.111238398012091 0.135195883887549 0.180382485227537 0.193566446550785 0.264917589457993 0.334726444676714 0.387616525402317 0.377997188523689 0.398021566056737 0.443641457237665 0.453603741013798 0.458319127488133 0.460781587096671 0.460395502075069 0.459527298161277 0.463952163385508
-9999 -9999 -9999 -9999 -9999 -9999 -9999 -9999 -9999 -9999 -9999 -9999 -9999 -9999 -9999 -9999 -9999 -9999 -9999 -9999 -9999 0.46977508826915 0.44702204357775 0.400709886671623 0.335903590496423 0.210819089305085 0.0605361816339721 0.016450279080704 0.0692154849161591 0.087350765799497 0.0828488309921555 0.0960271149268221 0.0964469548244008 0.0941389542188243 0.0785289876495636 0.0199777965417838 0 0.00713762916865517 0.0257438023931364 0.02011128335338 0.0576038436374189 0.117411097442749 0.10548054333405 0.148618812410823 0.230126948595323 0.309165443443308 0.357538998728595 0.386174286622929 0.395595553610481 0.414244690829867 0.443905735977904 0.452684224953386 0.457420316429969 0.461325965428918 0.462387108716161 0.46100132215881 0.464169770493533
-9999 -9999 -9999 -9999 -9999 -9999 -9999 -9999 -9999 -9999 -9999 -9999 -9999 -9999 -9999 -9999 -9999 -9999 -9999 -9999 -9999 -9999 0.457876975605474 0.421687216764553 0.369901254847003 0.243810164797354 0.0865006705409626 0.0119253291561587 0.0471769844305102 0.096154397629309 0.1043101843445 0.0992103320698043 0.0976635466850581 0.0963013574579034 0.0775714951803973 0.0289345126416198 0.017562253757676 0.0568108340378343 0.0542586467449721 0.0741493283121317 0.110579116102421 0.120643773728197 0.108519185497887 0.140636349058804 0.227304096504825 0.278196144206941 0.353269644517887 0.391246753481724 0.404730827629382 0.426084055488058 0.44735483246969 0.454827700014425 0.459326860111266 0.463673840164888 0.465413045703141 0.466930807268377 0.470459782868079
-9999 -9999 -9999 -9999 -9999 -9999 -9999 -9999 -9999 -9999 -9999 -9999 -9999 -9999 -9999 -9999 -9999 -9999 -9999 -9999 -9999 -9999 0.449842556313892 0.445475634188581 0.41306828743445 0.285180346346827 0.13161487184231 0.0508799733881408 0.0488118719190607 0.0965771832604153 0.104055668213592 0.102240094020803 0.100675148313825 0.0988694197636328 0.0822806355420399 0.0558802582603777 0.059224372759349 0.0645853874819987 0.0794318457838412 0.127530611785486 0.130312582963384 0.121497755097001 0.134380508143894 0.197702176147152 0.264317446887485 0.294494381456217 0.364056587251246 0.381355483706872 0.390882657765493 0.422172086030567 0.445375091409948 0.455364797208518 0.46173847160806 0.466828580157507 0.469654144889551 0.47229461700013 0.475218854026305
-9999 -9999 -9999 -9999 -9999 -9999 -9999 -9999 -9999 -9999 -9999 -9999 -9999 -9999 -9999 -9999 -9999 -9999 -9999 -9999 -9999 -9999 0.454839639384597 0.451738236588255 0.431787655658514 0.311825646913103 0.140268584608036 0.0548821767824729 0.0546604103792432 0.0974727857626076 0.102280992778061 0.100353862426599 0.0994830449156716 0.0981088127896437 0.0831158401647111 0.0671288935351613 0.0558885093057179 0.0503458685751996 0.0561937680898232 0.109966565331841 0.144718801888535 0.116788622857532 0.139555536461111 0.204282598904579 0.29967439697246 0.350032687002634 0.377337918040206 0.374882751684091 0.389216655916608 0.417283648480496 0.446880483587677 0.45720704516323 0.463266522723354 0.468945402721935 0.472346572684896 0.474799345321163 0.477661526605293
-9999 -9999 -9999 -9999 -9999 -9999 -9999 -9999 -9999 -9999 -9999 -9999 -9999 -9999 -9999 -9999 -9999 -9999 -9999 -9999 -9999 -9999 0.456437731601387 0.452704889861611 0.448764576279975 0.357970162611128 0.167063284320723 0.0664373562388077 0.0700821130293687 0.0820210521124415 0.0969554839261742 0.0947633880581902 0.0934464356508104 0.0971390875002724 0.0932502949971891 0.0847195007479862 0.0626390359829372 0.0501015303317452 0.0719836769970841 0.122210701660364 0.162992538446929 0.142971905985176 0.127249757586461 0.176880477110753 0.2747453204662 0.364575822653407 0.400396273478712 0.390122054285286 0.397143594703794 0.431070862817449 0.452553597766501 0.462873267014162 0.468354097201856 0.473053646454958 0.476205961813252 0.478361089232319 0.480917876806629
-9999 -9999 -9999 -9999 -9999 -9999 -9999 -9999 -9999 -9999 -9999 -9999 -9999 -9999 -9999 -9999 -9999 -9999 -9999 -9999 -9999 -9999 0.463420374991514 0.453505332758966 0.443053887333529 0.386014903475561 0.200487325781918 0.0584148421146034 0.0445226037525001 0.0531201992986377 0.0819093665442187 0.0846484600736831 0.083233548251212 0.092702560361657 0.0886523351800521 0.0794005715133368 0.0644714224363217 0.0529393059395764 0.0870874932115439 0.152474707721664 0.159707936694618 0.157398914680104 0.163873587083836 0.208668357221309 0.310222282502465 0.374592553640218 0.422140250051793 0.41781683821816 0.423909464719806 0.44834374891668 0.462867377723139 0.469706901843679 0.474306409055045 0.47728715774545 0.479247191621968 0.481694607090025 0.484053470610424
-9999 -9999 -9999 -9999 -9999 -9999 -9999 -9999 -9999 -9999 -9999 -9999 -9999 -9999 -9999 -9999 -9999 -9999 -9999 -9999 -9999 -9999 0.45967822717198 0.452879814544413 0.449324158581044 0.400644406367195 0.216232854132233 0.0453841168681677 0.0196291243087302 0.0307692910159527 0.0447416075100693 0.0688323296854887 0.077444721683964 0.0723976407225616 0.0753003443369047 0.0706549576990533 0.0457812560815833 0.0318379097168008 0.0437257032036033 0.0855776931086114 0.125202238870393 0.151388245055513 0.157716692300933 0.190983651878936 0.284056749648644 0.34118394475147 0.403171344555213 0.444808025930563 0.456047530096271 0.46738945684609 0.469742992735083 0.475479982322599 0.479949407116876 0.481828702556183 0.482816917108322 0.484337540523901 0.486709892754187
-9999 -9999 -9999 -9999 -9999 -9999 -9999 -9999 -9999 -9999 -9999 -9999 -9999 -9999 -9999 -9999 -9999 -9999 -9999 -9999 -9999 -9999 0.456176554041593 0.458248461103776 0.460297296862987 0.418834869607426 0.25794894630136 0.0834508692993553 0.0339506185204723 0.0512098478938818 0.0575328338529732 0.0460987637542258 0.0542319575445693 0.0689116411717986 0.0734403690576937 0.0605615753095352 0.034395335847238 0.0238996077353929 0.0422727762988026 0.0832900735095703 0.120526568731916 0.137899887660784 0.156268259033229 0.203575095712374 0.257892470618425 0.309624822612932 0.386027531776287 0.430710155274659 0.460449243476978 0.477186179135954 0.47785550055871 0.482259499560619 0.485300492317553 0.486175832637744 0.486821982796168 0.487706399898063 0.489049169556736
-9999 -9999 -9999 -9999 -9999 -9999 -9999 -9999 -9999 -9999 -9999 -9999 -9999 -9999 -9999 -9999 -9999 -9999 -9999 -9999 -9999 -9999 0.453043559476043 0.460106795046778 0.468367469123049 0.433076922971454 0.275449189530016 0.107395828218122 0.0726134845682638 0.0482709360210435 0.00160494409383706 0 0.0216387248227246 0.0543735898117093 0.0657272088129805 0.0415864208369762 0.0179914260642556 0.0135778837167509 0.0495726163702727 0.117115634206497 0.143113958624327 0.105309969378355 0.108416222150794 0.214307273446278 0.288734358927539 0.324887112757947 0.371889963844995 0.39340514987689 0.443646704021902 0.475420499364862 0.48232477690694 0.488536823447981 0.48921974511603 0.489806673618247 0.490205396118595 0.490497494595025 0.490851774301718
-9999 -9999 -9999 -9999 -9999 -9999 -9999 -9999 -9999 -9999 -9999 -9999 -9999 -9999 -9999 -9999 -9999 -9999 -9999 -9999 -9999 -9999 0.447640227578986 0.450840057648172 0.449608496745934 0.423831571482596 0.277423047554061 0.120174262565546 0.0559526008382468 0.0189122846383791 0.024026520266427 9.20691664117214e-05 0 0.0401802471998532 0.0522184954927836 0.0226464189044501 0 0 0.056248682307235 0.110849656906358 0.108705679305634 0.09588826065904 0.113538426079741 0.227096772421243 0.311041321522822 0.35728200327419 0.385902827169186 0.407913436085337 0.445773190122364 0.47527689259242 0.485933059295465 0.4894709777558 0.489907136248364 0.490531491876977 0.49108750353352 0.491528635130566 0.49196722509022
-9999 -9999 -9999 -9999 -9999 -9999 -9999 -9999 -9999 -9999 -9999 -9999 -9999 -9999 -9999 -9999 -9999 -9999 -9999 -9999 -9999 -9999 0.402920291855368 0.40047066055618 0.404009011293908 0.399353706113361 0.260252779033787 0.124497873775082 0.0911802404952176 0.0438222234373721 0 0 0 0.0249097229375687 0 0 0 0.032464473347778 0.0530346759684554 0.0757785513093551 0.0949611076513301 0.0904408600255658 0.120492814171493 0.217602330980059 0.318657495778026 0.3937733894122 0.397066628418101 0.430533154883878 0.465471375874354 0.482731351578835 0.490319554062213 0.491968001120484 0.491813779333812 0.491968708499187 0.492180854339912 0.492458110632636 0.492842753186278
-9999 -9999 -9999 -9999 -9999 -9999 -9999 -9999 -9999 -9999 -9999 -9999 -9999 -9999 -9999 -9999 -9999 -9999 -9999 -9999 -9999 -9999 0.369952432035053 0.363583813961676 0.395118411990269 0.393584453965897 0.271735093922805 0.143740379239591 0.102468477782577 0.0668041384578585 0.0245067191796014 0 0 0 0 0 0 0.0436619764082617 0.0678006384350316 0.0795321424317308 0.0781934318887362 0.0575696542267958 0.101368337498806 0.234163140853872 0.343334721483123 0.415424771379673 0.435434926875893 0.453145051210914 0.477250802024831 0.486960487999827 0.492569641504103 0.49412422123765 0.493853830824917 0.4935488717223 0.493577578337982 0.493849791732511 0.494218029020295
-9999 -9999 -9999 -9999 -9999 -9999 -9999 -9999 -9999 -9999 -9999 -9999 -9999 -9999 -9999 -9999 -9999 -9999 -9999 -9999 -9999 -9999 0.387686436760463 0.38355555453056 0.391728017597522 0.390751493526871 0.28648401193653 0.201398142086007 0.206867618972466 0.171772604816259 0.0977766588633124 0.0122710827842289 0 0 0 0 0.0192957306862802 0.0525964285716205 0.0611520066466125 0.0819706564548251 0.0727320450289031 0.0547179656361036 0.08862173284715 0.237724187751867 0.390808258159512 0.431484720864451 0.441840229059052 0.462366500218575 0.484946499993288 0.49011132962936 0.494394222767272 0.495553395367397 0.495250339712808 0.494929414354963 0.494897791422765 0.49488658440127 0.494897623303472
-9999 -9999 -9999 -9999 -9999 -9999 -9999 -9999 -9999 -9999 -9999 -9999 -9999 -9999 -9999 -9999 -9999 -9999 -9999 -9999 -9999 -9999 0.379272703227483 0.370370047259313 0.383269638786669 0.385945814678278 0.311819975410674 0.244258405533608 0.219072016586813 0.15128264650495 0.0714573842044098 0 0 0 0 0 0 0.0271359185702992 0.0562650375122145 0.0854902207059119 0.0740530867796248 0.0751196973503454 0.155005236106818 0.296422699743308 0.417145758484269 0.457582324970536 0.469637097845547 0.475880335748873 0.491709701155027 0.49494959484812 0.497107672020429 0.49755028799741 0.496889433573004 0.496125489069972 0.495912452065333 0.495992680482272 0.495927070374189
-9999 -9999 -9999 -9999 -9999 -9999 -9999 -9999 -9999 -9999 -9999 -9999 -9999 -9999 -9999 -9999 -9999 -9999 -9999 -9999 -9999 -9999 0.400532438010247 0.381425293079743 0.374782014523708 0.376380399841566 0.310912132086018 0.233599180518787 0.196711557218038 0.164360004965881 0.13024088956575 0.041680262741585 0 0 0 0 0 0 0.0394603083430284 0.0952699644766347 0.0800155832002642 0.114235049299226 0.212333443813871 0.323844470162905 0.434180004564523 0.461748997831487 0.477911163545249 0.488607891316061 0.497861933878088 0.499398715327584 0.499716046135539 0.499148134252586 0.498293963679 0.497566602666447 0.497001254604098 0.49683109642987 0.49690128419518
-9999 -9999 -9999 -9999 -9999 -9999 -9999 -9999 -9999 -9999 -9999 -9999 -9999 -9999 -9999 -9999 -9999 -9999 -9999 -9999 -9999 -9999 0.412777977301961 0.397542141332046 0.378438637600417 0.367334802201968 0.298508522495601 0.227714001675508 0.20530067368672 0.206558658673984 0.227342315923111 0.124229206848861 0 0 0 0 0 0 0.0311352288791485 0.0864625714317852 0.0832186411633581 0.0417062696318011 0.0733147672536617 0.277440727196753 0.443588210815062 0.478933490688674 0.482324495922588 0.495898668234268 0.501065900688746 0.501298702337294 0.50086433336192 0.500071338621829 0.499259460880557 0.498425918858298 0.497849836641534 0.497507609134218 0.49738227206322
-9999 -9999 -9999 -9999 -9999 -9999 -9999 -9999 -9999 -9999 -9999 -9999 -9999 -9999 -9999 -9999 -9999 -9999 -9999 -9999 -9999 -9999 0.481554356455952 0.400901930656298 0.379188151995439 0.36138678824649 0.305305202613699 0.208777714841663 0.177266857762583 0.226382124672444 0.259619749464405 0.153502068511086 0 0 0 0.00236322270126193 0.0126621294220738 0.0143958128525966 0.0620941638836884 0.0801663138436727 0.0726473319868856 0.082780263873027 0.0915202150952182 0.248979870846877 0.439040995109221 0.484290774919937 0.493410009021178 0.499761561984097 0.50083610077606 0.501179046095201 0.500954419609623 0.500530306502687 0.499932298097 0.499171045438062 0.498787432886012 0.498293639509021 0.497797815505492
-9999 -9999 -9999 -9999 -9999 -9999 -9999 -9999 -9999 -9999 -9999 -9999 -9999 -9999 -9999 -9999 -9999 -9999 -9999 -9999 -9999 0.53880644884516 0.481504804275662 0.406731254536139 0.391788006152892 0.358030505869626 0.279223645217983 0.203312541874546 0.200444333477189 0.239092890326983 0.262915123719832 0.17326798267815 0.0275093439822877 0 0 0.0213553174091944 0.0336341949913534 0.038830639712476 0.0705637141791517 0.0804909149211897 0.0817093927906767 0.0966272490077194 0.153895421824229 0.286158012131108 0.42414301135571 0.489444750101913 0.495078882713667 0.496635310706112 0.499994927014795 0.500838614783321 0.500702614707807 0.500374037650465 0.500090513362531 0.499549816338996 0.499066699328085 0.498664041445152 0.498298249023541
-9999 -9999 -9999 -9999 -9999 -9999 -9999 -9999 -9999 -9999 -9999 -9999 -9999 -9999 -9999 -9999 -9999 -9999 -9999 -9999 -9999 -9999 0.497427772011441 0.443990515945112 0.417159925993376 0.359178424793647 0.291151677511737 0.250774139081573 0.242297319440961 0.25044638381572 0.262683636761423 0.174475600526728 0.0322848055171353 0 0 0.0190234973406837 0.0373743967749662 0.0490126059958689 0.0919740666435761 0.0999326523709207 0.0876544414001637 0.137004762586172 0.278277506202381 0.406166500320099 0.464355776508371 0.486742937467177 0.483384430430429 0.489506801600485 0.49944788672842 0.501144925880055 0.500785805347413 0.500558648770396 0.500328045373818 0.499759659580554 0.499356999593865 0.499088858673727 0.498735705055794
-9999 -9999 -9999 -9999 -9999 -9999 -9999 -9999 -9999 -9999 -9999 -9999 -9999 -9999 -9999 -9999 -9999 -9999 -9999 -9999 -9999 -9999 0.477339838402348 0.445705373423367 0.429990407872911 0.377965286402639 0.290379273705328 0.249388042788514 0.243666795015822 0.241628546473409 0.254715940560445 0.175806541290793 0.0154258039527398 0 0 0.0203424938789376 0.0377687664895701 0.0508794573152406 0.0899328227223186 0.0864043914050406 0.0811633813699117 0.186208541094699 0.338794409067347 0.433287850654769 0.474425455770938 0.469639431634397 0.476473435261313 0.489897018037652 0.500270134174144 0.501298005691979 0.500778629526934 0.50048369735691 0.500217150524581 0.499706962450224 0.499259341138125 0.498890356722128 0.498575343747146
-9999 -9999 -9999 -9999 -9999 -9999 -9999 -9999 -9999 -9999 -9999 -9999 -9999 -9999 -9999 -9999 -9999 -9999 -9999 -9999 -9999 0.49067126528005 0.475561760151075 0.456581163717276 0.45483505413283 0.397989633214723 0.288032272634242 0.22398070717103 0.2068486026171 0.183302978946728 0.188935237484026 0.129277002056068 0.0288606455113812 0 0.00102678439268633 0.0310794866478831 0.0175319533993967 0.0190060764200554 0.0448054163680358 0.0304992785910994 0.0813991346407852 0.245653846617685 0.380341921720193 0.444474620213658 0.422356394623128 0.388400760266118 0.454211853887032 0.489938540178186 0.499662721780305 0.501172788246145 0.500909999025656 0.500290052584691 0.499970010988639 0.499659877575258 0.499271388208985 0.498877542896974 0.498448039691264
-9999 -9999 -9999 -9999 -9999 -9999 -9999 -9999 -9999 -9999 -9999 -9999 -9999 -9999 -9999 -9999 -9999 -9999 -9999 -9999 -9999 0.470107734394078 0.44503950741253 0.41629749492362 0.42346885863253 0.386509311389737 0.284732120624834 0.178726193665484 0.140206114721467 0.149208927322264 0.129263194495963 0.0503616158890183 0.0333947329538149 0.05163164737554 0.0165870134794428 0 0 0 0.0244558742024677 0.0777035127021249 0.115734730067323 0.247429543436076 0.39626335157974 0.431209790181635 0.416182983392351 0.372168474176278 0.436173859591323 0.490106272696442 0.497322521494486 0.499239318247863 0.49958740488931 0.499486492350187 0.499644711060932 0.499467728364305 0.499268753340464 0.498926803857048 0.498617443560424
-9999 -9999 -9999 -9999 -9999 -9999 -9999 -9999 -9999 -9999 -9999 -9999 -9999 -9999 -9999 -9999 -9999 -9999 -9999 -9999 -9999 0.462118843822325 0.409646348519775 0.36760794185491 0.396485705888579 0.360611881720086 0.24065847028916 0.149941030785433 0.118753065993929 0.0846587062393557 0.044810886282011 0.00510481564627401 0.0419007805691594 0.0822482993982391 0.0610502305463839 0.00027749670817909 0 0 0 0.0764971838758644 0.134997023942171 0.238175554084136 0.409732563454634 0.441953754968597 0.386530743302361 0.368202148529335 0.459332240552149 0.48889427790169 0.494923506982801 0.497059217877172 0.497678980387921 0.497941974059242 0.498537210463996 0.498901829409285 0.499009737133344 0.49878346783224 0.498317946087819
