layers/veg/veg2200.asc
NCOLS 255 
NROWS 330 
XLLCORNER -2985163.8955 
YLLCORNER -3022031.214 
CELLSIZE 25000 
NODATA_value -9999 
[rows 75 to 99 of 330, columns 171 to 227 of 255]
0.865732512220035 0.874324153453614 0.880222740339493 0.882910005298124 0.870050433680187 0.854857486192335 0.861359482477306 0.866469109613624 0.869576684366892 0.858902112327743 0.844295491050229 0.854675005156352 0.861412029663911 0.861792262266612 0.859566894606809 0.856133816540232 0.86945324714855 0.878493152351669 0.878370043378024 -9999 -9999 -9999 -9999 -9999 -9999 -9999 -9999 -9999 -9999 -9999 -9999 -9999 -9999 -9999 -9999 -9999 -9999 -9999 -9999 -9999 -9999 -9999 -9999 -9999 -9999 -9999 -9999 -9999 -9999 -9999 -9999 -9999 -9999 -9999 -9999 -9999 -9999
0.864694171087487 0.86897428188096 0.871047028397484 0.870487612176541 0.854051413399609 0.835947589939546 0.847044546041943 0.855711136049418 0.860883164117821 0.838229952256981 0.807767537398368 0.83041787387584 0.845192898964653 0.846224105621322 0.841052883188061 0.833003868825942 0.855944394846598 0.87113004036469 0.869711489562836 -9999 -9999 -9999 0.856580973399818 0.851094530368872 -9999 -9999 -9999 -9999 -9999 -9999 -9999 -9999 -9999 -9999 -9999 -9999 -9999 -9999 -9999 -9999 -9999 -9999 -9999 -9999 -9999 -9999 -9999 -9999 -9999 -9999 -9999 -9999 -9999 -9999 -9999 -9999 -9999
0.856741516687254 0.859887933533836 0.860637535790765 0.858529066039648 0.847316242842966 0.835115253033837 0.839345019828072 0.841389446716864 0.840291628627233 0.813802240817928 0.780891641481219 0.810986892108869 0.830594758185927 0.83190027379352 0.832382699355735 0.832487571620632 0.84987363378862 0.863138795433989 0.867580579173031 0.869195682040067 -9999 0.858075692769756 0.856580973399818 0.851094530368872 0.84884764515246 -9999 -9999 -9999 -9999 -9999 -9999 -9999 -9999 -9999 -9999 -9999 -9999 -9999 -9999 -9999 -9999 -9999 -9999 -9999 -9999 -9999 -9999 -9999 -9999 -9999 -9999 -9999 -9999 -9999 -9999 -9999 -9999
0.851277337978994 0.852016971592867 0.850125600753455 0.845096899136171 0.83713826250112 0.829493602672038 0.833361681570101 0.830228733510992 0.817029185860134 0.792521240353061 0.766629167077512 0.799228650116637 0.819666234226009 0.818879142582074 0.822548260730517 0.828296038106511 0.845363856093334 0.858794694878517 0.864438293530775 0.85650850433342 0.840823181836065 0.844689019176776 0.847602918215233 0.845480634023731 0.846064406774416 0.848525040407437 0.858441171277043 0.866402094540976 0.865122556049652 -9999 -9999 -9999 -9999 -9999 -9999 -9999 -9999 -9999 -9999 -9999 -9999 -9999 -9999 -9999 -9999 -9999 -9999 -9999 -9999 -9999 -9999 -9999 -9999 -9999 -9999 -9999 -9999
0.84891280218561 0.845659893783786 0.839486063523692 0.82982919163124 0.82267192162098 0.817906388101931 0.829516025369968 0.823005329110975 0.790439863572923 0.775159780033897 0.76807795831026 0.797027565366147 0.81330858142606 0.807480653998289 0.81126362746143 0.819526633801109 0.842798437764712 0.858993473829027 0.860036239852348 0.852732022621782 0.840658523963667 0.832081014688166 0.827441806177003 0.832874073821281 0.839891184305584 0.84800750651922 0.858441171277043 0.866402094540976 0.865122556049652 0.864539787343681 -9999 -9999 -9999 -9999 -9999 -9999 -9999 -9999 -9999 -9999 -9999 -9999 -9999 -9999 -9999 -9999 -9999 -9999 -9999 -9999 -9999 -9999 -9999 -9999 -9999 -9999 -9999
0.841668619014222 0.821749664569197 0.794990457329815 0.760074617898739 0.781035174326108 0.812163679671362 0.782868146213436 0.754290281523327 0.726744334603184 0.741728655322305 0.772363874342322 0.798424317622392 0.814793158339026 0.814248429626495 0.821383605470825 0.832092711605031 0.836641248214622 0.840693367400846 0.843682593051637 0.840580884071872 0.833998949898604 0.821087891305553 0.812164122890449 0.814695969903808 0.823303805708105 0.836125812140317 0.84889374539676 0.859618436998171 0.863384848639785 0.858277045497708 0.845746970645939 0.843956540967574 0.840457111982922 0.821440887606949 0.801133193246685 0.779526929675435 0.818309638390436 -9999 -9999 -9999 -9999 -9999 -9999 -9999 -9999 -9999 -9999 -9999 -9999 -9999 -9999 -9999 -9999 -9999 -9999 -9999 -9999
0.832498020299309 0.794179592758071 0.745184264917663 0.683457309854414 0.736020497021273 0.806859169749851 0.729262889661156 0.677735030095658 0.663690293077998 0.710544042704476 0.777950814778044 0.800505125751343 0.817483688531096 0.824731579466461 0.835853044803627 0.848767557543664 0.829571519285064 0.818572014194982 0.82512234057271 0.825865027068402 0.823289356717697 0.809399726133017 0.798158046174506 0.795431082966603 0.804162736600136 0.820841831907973 0.834839291639067 0.847724618782067 0.857734745770066 0.855088210500318 0.841855816255481 0.835920007588514 0.829794115187376 0.817531563703862 0.800500897727384 0.778675906872803 0.816831599817133 0.858811892842969 0.838848641721223 -9999 -9999 -9999 -9999 -9999 -9999 -9999 -9999 -9999 -9999 -9999 -9999 -9999 -9999 -9999 -9999 -9999 -9999
0.818658174063383 0.786728813348984 0.75392256055883 0.720070661306656 0.747968831903642 0.786045545940765 0.746922758321109 0.727892456933225 0.737752633318863 0.760966456950962 0.788295592857946 0.797715933994643 0.80634053454968 0.813576426324368 0.824508296405531 0.837152856667542 0.824771085352683 0.818057908176226 0.823481919948201 0.811506548935172 0.789589555824283 0.784212662022954 0.781415488291875 0.783397700319474 0.792641934945715 0.806922946858329 0.803319204806291 0.801882694498725 0.813997584497494 0.810293285800354 0.79335803432712 0.737154690423649 0.698750764682041 0.769487762107194 0.792730275176575 0.768217226114318 0.79866718220213 0.835071309967827 0.83045140283902 0.827922979843875 -9999 -9999 -9999 -9999 -9999 -9999 -9999 -9999 -9999 -9999 -9999 -9999 -9999 -9999 -9999 -9999 -9999
0.803285710726244 0.777649484286752 0.758639749869395 0.747531749462564 0.756094426593442 0.768186837135678 0.758517266052174 0.760597123508941 0.77957118709723 0.786509515960076 0.788809040026424 0.788078165693922 0.790369632592035 0.79793562224405 0.808270002900214 0.819887280371554 0.812892636371377 0.809221653892381 0.812667058104387 0.79454342018931 0.764095709145322 0.764596797762779 0.76690968466051 0.770113181591038 0.779550369795149 0.793311107560082 0.782643473809405 0.775299501241575 0.787706248331854 0.782569091468816 0.762758453608951 0.669141017377005 0.604690982372914 0.725924606610892 0.76595844765222 0.724346149270797 0.763066609769179 0.810638703120099 0.799209146610259 0.797015633062852 0.805987694732834 0.822467490370433 -9999 -9999 -9999 -9999 -9999 -9999 -9999 -9999 -9999 -9999 -9999 -9999 -9999 -9999 -9999
0.785608539418064 0.766121186487408 0.757310108692947 0.761229912648226 0.758471488406992 0.754771649258336 0.760990848753123 0.767056803218544 0.772902410532113 0.774639676284654 0.774538398788512 0.768141693993126 0.767138894349008 0.775549418112773 0.784672929170974 0.794124071096523 0.790370460597857 0.78787077907642 0.788055920732118 0.773663488594284 0.750941753540954 0.753358752523498 0.755767451322122 0.754947238404296 0.764096733160899 0.780160995323447 0.778275190586642 0.777677064635922 0.787649470134716 0.780515397825562 0.759073701756865 0.64737083154299 0.566246085446303 0.689099325026307 0.71061312415995 0.630230418672772 0.701246021285655 0.785165449417718 0.733613173764701 0.733026726001068 0.79405354564319 0.822467490370433 0.839519436083303 -9999 -9999 -9999 -9999 -9999 -9999 -9999 -9999 -9999 -9999 -9999 -9999 -9999 -9999
0.76910019174324 0.742780407745757 0.729398297710016 0.731443665443673 0.731273984320867 0.731484045468308 0.741800187199433 0.748313186302304 0.749357742809087 0.750411134621919 0.751266721996685 0.747975062817766 0.749776320841131 0.760465624792297 0.766433976238718 0.77020141992343 0.765749567217476 0.762163466673391 0.760431052830905 0.752947743546539 0.742178499932551 0.742517616860937 0.743012155879639 0.742504753440776 0.747786903428219 0.757084558154594 0.761657372142521 0.764883054535308 0.765133830619769 0.756340210875323 0.739981982325651 0.624410731052086 0.538627226898282 0.659706473966293 0.700331994208007 0.660061532478542 0.699412774918888 0.745195092195162 0.717449815697729 0.727714904858071 0.783931230767593 0.790987173880198 0.785850969547221 0.805669861029015 -9999 -9999 -9999 -9999 -9999 -9999 -9999 -9999 -9999 -9999 -9999 -9999 -9999
0.754067717979814 0.717367576226075 0.694392825149667 0.687784861501741 0.694156841769354 0.704300421718766 0.714292289464899 0.719798162487541 0.718853737157051 0.721285398627615 0.724960121635816 0.728285732289533 0.735162820992261 0.748237870266002 0.750369514218515 0.747404298810379 0.740413900646307 0.734635191408116 0.731450863965671 0.732047711731873 0.734805039296392 0.73175850694332 0.729754145476964 0.731273305687415 0.73146101075488 0.730725248161519 0.740433281102934 0.746067926144015 0.734201573235891 0.72348204795365 0.713721713591502 0.601226311762231 0.516825446115546 0.634151048778863 0.706774859396932 0.734451151658527 0.719381373818897 0.700575728525981 0.719424612302623 0.743271304680089 0.773159914367987 0.748098041549211 0.716021582356435 0.779731469086674 0.818063443326498 0.819388018919232 -9999 -9999 -9999 -9999 -9999 -9999 -9999 -9999 -9999 -9999 -9999
0.766664389524901 0.762165620480953 0.751249834700022 0.732682102877754 0.704082256859149 0.676912104531052 0.69265478498572 0.695514917580544 0.679851560433087 0.691359433946372 0.712539003657084 0.724048933335286 0.732459359634349 0.735460601512587 0.736048002913839 0.735505903969439 0.718121616998854 0.704248198447558 0.697892000628172 0.704374258933604 0.718192126823011 0.718977702851284 0.720104634271546 0.723805596945816 0.723873296961406 0.721421046841052 0.725154303566014 0.72601712737932 0.714951140857691 0.691443485176208 0.657529787802308 0.584690240145872 0.537275927024263 0.633353705304302 0.68531230552041 0.692909203997717 0.689678605863486 0.684824385106743 0.685156253994375 0.69779598911403 0.725314867470478 0.732157488555387 0.737406263070544 0.789429695624225 0.820160276750019 0.819840508820397 -9999 -9999 -9999 -9999 -9999 -9999 -9999 -9999 -9999 -9999 -9999
0.778298151193836 0.782001782471225 0.776247265430531 0.759214417111095 0.711018352183612 0.660128898011719 0.672266761510036 0.671131870591818 0.650912421792558 0.668932327766562 0.700365158312327 0.714095657451873 0.722527342484432 0.721711654886495 0.721764207838784 0.722212618212696 0.697134138626161 0.67811063271297 0.672051604015265 0.683000150399818 0.703666448635578 0.703366427579711 0.703201303540801 0.706070933147851 0.705332382925621 0.702091279459799 0.704345349076022 0.704804235848516 0.697243302157466 0.670566420927172 0.62790122297445 0.575391013088324 0.545743862773488 0.626943428423974 0.661281306746848 0.64849989845944 0.644737079308505 0.643832829113603 0.648285911274013 0.661925185450368 0.686669769371666 0.720010410569425 0.756223339883605 0.795673342662352 0.820809760481164 0.825073360455666 -9999 -9999 -9999 -9999 -9999 -9999 -9999 -9999 -9999 -9999 -9999
0.788170729427137 0.756182110353422 0.74297282267278 0.752156873891197 0.71248691561864 0.66274267318795 0.654164066392689 0.646566283390831 0.640378802114514 0.66022079944711 0.688643580077741 0.693686818979311 0.699374137101098 0.706185487965429 0.707549396580912 0.706368046155679 0.678533177926145 0.65974536325102 0.660328453554359 0.673147681687912 0.692958368067339 0.68257815799133 0.673030576650278 0.669557781739071 0.666757823673723 0.664424530273298 0.673421944573222 0.681465850976094 0.682356901372508 0.670103984061144 0.646857632170097 0.57932813460179 0.532295458713274 0.610266972346225 0.63255256551573 0.598846132018958 0.571923526627456 0.556676366727945 0.606656481582085 0.643621246234531 0.66485158086659 0.714801682176503 0.77034421243936 0.795598487479093 0.814368665072104 0.823683392806183 0.826246616472335 -9999 -9999 -9999 -9999 -9999 -9999 -9999 -9999 -9999 -9999
0.775223793361748 0.727812160982835 0.714049609336228 0.740411769944192 0.703992461850901 0.653737722921076 0.647626271894755 0.641432987300634 0.635122036289109 0.650198790832177 0.67221104939044 0.672639541088368 0.674046371523026 0.677160576980608 0.674647908828545 0.669511496279851 0.653073612981745 0.643236255560318 0.647531472771733 0.66085088363019 0.679326518941282 0.656770051467939 0.641391107559561 0.650414237866907 0.653426142406533 0.652268794510101 0.657813225761868 0.663823766980258 0.669120934484194 0.65369444374842 0.620934969078493 0.557893315107051 0.515822519540182 0.590786212577495 0.608378885477846 0.568285169024375 0.544295719598067 0.534830681370299 0.59545316512278 0.63152356676133 0.637912629681378 0.694224688305551 0.761091891698685 0.783870493777893 0.802807889942671 0.816143838840477 0.813095066900839 -9999 -9999 -9999 -9999 -9999 -9999 -9999 -9999 -9999 -9999
0.751113794732412 0.698194643230398 0.68725497093879 0.726373561376988 0.690624206524355 0.639049016315789 0.646745903206613 0.645805760384005 0.632446650984199 0.639535709259433 0.653473971100718 0.651279945455803 0.647654834333289 0.641532224636519 0.632605098605862 0.622376111372152 0.624258892126521 0.627635162374658 0.634209185669808 0.647358345774631 0.66426439347778 0.62850629435388 0.609033145478309 0.639767720404002 0.652443007324374 0.652592773923415 0.649696287550357 0.648968252507159 0.656692342222909 0.629483750827492 0.57305794336563 0.52404681317525 0.497870010107619 0.569933617407672 0.586433492703974 0.547064201465186 0.538772296522941 0.544934330276332 0.599133978147903 0.622461923239128 0.608468656109394 0.666129703175669 0.740405654544536 0.766441909229779 0.788742622198811 0.805595972958407 0.807643450204722 0.80422296476825 -9999 -9999 -9999 -9999 -9999 -9999 -9999 -9999 -9999
0.735598106564684 0.687342284862269 0.680447052359158 0.7228720896579 0.686220449687539 0.63148876398706 0.625920327592373 0.618609742735569 0.608794166667507 0.603815042579686 0.600554751701754 0.595517200095084 0.588408470180175 0.57768516590697 0.580919140737831 0.590651873343459 0.600045974226742 0.600430617099136 0.581524851885984 0.589228582556401 0.612136390035625 0.615579788295099 0.617508582365931 0.617875467141863 0.622238907040027 0.629374268643193 0.634016307820575 0.634947710563138 0.624066263758722 0.596439522093391 0.554807245138893 0.498973040752731 0.461505111144112 0.517631193037811 0.532667340590063 0.506387681916716 0.503981761158535 0.518227498649049 0.605021225078681 0.655027547950837 0.660561089227652 0.702373184907716 0.75197283047116 0.770737145559956 0.784391063090908 0.79059273175231 0.794115788370117 0.79580867223208 0.779335153080167 0.778666211382008 0.805987867401464 0.814760793384823 -9999 -9999 -9999 -9999 -9999
0.717627579221054 0.675777540668408 0.671871343189073 0.713211127821756 0.675941123927005 0.619987158522159 0.605906136600883 0.592620155276245 0.580477342717347 0.56698740483815 0.55323537142194 0.54444648862397 0.535400955252554 0.525907521003591 0.53826720430013 0.560797821319425 0.569858347274791 0.566929863913156 0.538331369992964 0.542502278107311 0.565396897023691 0.59632652501862 0.615421360221491 0.601885821484989 0.599040954985695 0.60361090087083 0.615238428526145 0.619509930962399 0.596236131002686 0.570759678205453 0.543440956740997 0.479689686918796 0.43121199206246 0.478365758590314 0.493805467550368 0.477356786370624 0.482591597039455 0.504724042004351 0.604144016892729 0.669281445781788 0.692974248703217 0.725666671679453 0.758797289484817 0.768945248792523 0.775238677358384 0.77591122769737 0.782165123623834 0.789713031904271 0.778832588029908 0.781394354616693 0.807762863683906 0.815415811768315 0.814216928437871 0.79463154463784 0.788763135337759 0.81285287485816 -9999
0.693925594032133 0.662162078462031 0.658839699457794 0.689431840436344 0.652220129962529 0.599442280169595 0.588193649278578 0.570098468613832 0.54215880719237 0.52826424747048 0.519337399036224 0.504758624844665 0.497221901141735 0.501974807464748 0.516184003675737 0.53478729638213 0.52610973918202 0.519530210770731 0.517442831772055 0.522512559659615 0.531671699962326 0.562464036796775 0.58858110135409 0.599453042385869 0.592312418474428 0.572678680317892 0.58966607159486 0.600861513973975 0.57968450842158 0.561870288374721 0.546868656070204 0.473233913082376 0.415027273778899 0.469200589794277 0.489256688378225 0.475008026758851 0.492067833802912 0.521823103294837 0.587984843186906 0.641317232426006 0.679140048973788 0.718272565891543 0.754175985869182 0.752931529105315 0.755046445773639 0.762060176395097 0.773957210683228 0.786985218833907 0.78386283982923 0.790264610828328 0.813534067922667 0.818264116452474 0.814225647741727 0.79463154463784 0.788763135337759 0.812852874858161 0.821694197241551
0.680184611604869 0.673776395592356 0.669242332687807 0.66694309618985 0.631141865261875 0.587678136075276 0.565017315625575 0.543513403177251 0.523672979483592 0.515678023989308 0.511585230409536 0.496795731778721 0.487463833632963 0.48765641857619 0.496666156007462 0.509777391335274 0.510771068346767 0.516013186543352 0.530351763604482 0.538871554717428 0.544066620368558 0.561822936037381 0.579634426552388 0.595990926876662 0.586043968081686 0.557853515322696 0.561650707717514 0.563349324939325 0.546880537429935 0.536719235679011 0.531833428633308 0.462347677237604 0.407037829660352 0.462739719126214 0.488910980391719 0.485389283223471 0.501114598981912 0.525752749467939 0.579892171550994 0.624066808956123 0.656194885588522 0.676477990259888 0.693041082252118 0.70758549688592 0.718226605314704 0.723175708586431 0.744590357580382 0.771316903262833 0.777061206784329 0.78644486749926 0.802273988932782 0.793669085495273 0.773507709390797 0.774665400061227 0.782893568864789 0.806357489450507 0.814097712510128
0.672405248904873 0.700490633263542 0.693670285573841 0.645226736774478 0.611645263300406 0.581169225798918 0.53857089211804 0.514496422035086 0.517056946914048 0.518734649365468 0.519481219222892 0.507820104932585 0.494715611262214 0.479092163972197 0.478683661672232 0.485366353231945 0.512435629661679 0.538759737629034 0.563488344100692 0.576985107291222 0.584064243905961 0.581064700849091 0.581396989194957 0.591912757703462 0.580050877363673 0.55266835771018 0.532173214097613 0.514547244891455 0.504349601872868 0.501835643754698 0.505748214456562 0.448809827861353 0.403953223869989 0.457897359912663 0.491080793452137 0.50338940264651 0.509904327160577 0.521800554139842 0.576627268666955 0.613228545252268 0.627796847431034 0.614094873037096 0.598083018388136 0.644684194657823 0.671455208425803 0.669308842593926 0.702559964661557 0.747903749462624 0.763178238678503 0.775030210945982 0.780820756050053 0.752649329532335 0.708415031717926 0.742749598985809 0.773511090678706 0.795974642237146 0.807393306119522
0.670605940463966 0.687404649735171 0.684382772414254 0.657725915580743 0.617669044414837 0.574694384346952 0.541488655409411 0.523512091785994 0.52743315979172 0.531865428695478 0.535670595827542 0.522608789635455 0.511140239503909 0.502452204444248 0.507919628147866 0.519968113840159 0.501433853651111 0.497258402824495 0.523827009175248 0.543439395559009 0.559077151865602 0.559215554721355 0.560186730251113 0.565358994895852 0.561895126004805 0.552441427056873 0.530813005705387 0.509491509280436 0.493405322820993 0.490850826217739 0.499614049689112 0.449464281449782 0.405470072816719 0.431988322206825 0.45659059077063 0.479266346337513 0.495673711623386 0.515578707028923 0.566996712567013 0.607101639999056 0.633530036794867 0.621561869489099 0.601076735922176 0.610406533086242 0.625551666508945 0.649177027266014 0.687926117426793 0.730540844084668 0.731245772692656 0.723306282872635 0.700057150043863 0.669603460765199 0.635742258392386 0.713150029403975 0.773113907108894 0.794391189399547 0.817741130790174
0.669604306318816 0.672508449558127 0.670593466329958 0.662931934946006 0.619647878475601 0.56862282148379 0.543721428352677 0.530556931236003 0.534268620048928 0.536649070078942 0.53798203741271 0.527959145618467 0.518911009716472 0.511563996136829 0.518996880520212 0.533290841094958 0.484430634803602 0.460209200793688 0.488742546423291 0.510906419759123 0.529430917647567 0.533091352039501 0.536404967585631 0.540688474626247 0.544122671953777 0.546967806962392 0.530767174481953 0.512429939405283 0.493347490319517 0.488960794590255 0.496865425705038 0.451089750925895 0.407205759095763 0.410706511221482 0.425292025306084 0.45102323442501 0.47494916745335 0.501889519998492 0.550800789355313 0.594582259260962 0.632162246361132 0.62575147654187 0.606498135394387 0.589737073358014 0.596259423721196 0.636734863207073 0.674397058522514 0.709120976772942 0.702066865196689 0.682167807607823 0.639519788991969 0.606489960589274 0.578009212941417 0.683789871775196 0.764372552363873 0.789249157138832 0.815326342830681
0.669845323300409 0.659215150950247 0.649785365888983 0.641786977867784 0.605908444338093 0.563683568994483 0.539069591859685 0.525626783810158 0.528246717247142 0.516178261461595 0.49973136063582 0.506039705543444 0.500713746568491 0.475083858992467 0.470867849085666 0.476612889330833 0.45262717052145 0.446557806889998 0.478849663475146 0.493314998027551 0.497594652572876 0.501831897556501 0.509240213713659 0.525122445637463 0.529482825022412 0.52585190386039 0.529689224089024 0.530551201084108 0.518684965841981 0.508706366751637 0.500306560686828 0.453062245272498 0.408783081706881 0.406035156309029 0.409182111370573 0.418256351123292 0.43978053246808 0.467510164658754 0.51715076377982 0.563228806961681 0.605000028870932 0.608913729732117 0.602253267841031 0.602643377000862 0.613698051199046 0.64030435163604 0.659365954475655 0.675232103504452 0.683702133016079 0.677698746881757 0.64606230879581 0.606712446555605 0.563714393897409 0.654714759964786 0.730568729718618 0.772580981056064 0.808731906076865
