layers/veg/veg2700.asc
NCOLS 255 
NROWS 330 
XLLCORNER -2985163.8955 
YLLCORNER -3022031.214 
CELLSIZE 25000 
NODATA_value -9999 
[rows 200 to 224 of 330, columns 57 to 113 of 255]
-9999 -9999 -9999 -9999 -9999 -9999 -9999 -9999 -9999 -9999 -9999 -9999 -9999 -9999 -9999 -9999 -9999 -9999 -9999 -9999 0.471239923854439 0.427271650971406 0.321526168804153 0.241500688365155 0.125778984422103 0 0 0 0.138752642346926 0.20368377863068 0.250222096748298 0.308588289974011 0.332144191057069 0.291015723555135 0.290226633059364 0.34591638670554 0.419828515801711 0.434923122217911 0.442146493492852 0.447865441857508 0.450985657826746 0.456369543640399 0.46264026765957 0.462357910603771 0.461210506788663 0.450887744706168 0.414249327629708 0.397707906196386 0.430211050965303 0.457398201269885 0.467269537054641 0.467491789322173 0.465969114948919 0.463461856172256 0.460220327326724 0.457094399960607 0.455082728863619
-9999 -9999 -9999 -9999 -9999 -9999 -9999 -9999 -9999 -9999 -9999 -9999 -9999 -9999 -9999 -9999 -9999 -9999 -9999 -9999 0.487315413658642 0.447667213214348 0.370389319174383 0.255672685213763 0.137730584846229 0.0391798891440801 0 0.0504167560095357 0.184385661310135 0.249259759193576 0.322086635963643 0.348117854947157 0.34493301422624 0.308303209131853 0.316690736319186 0.363612255685492 0.408209186559762 0.424627341520339 0.429796028477384 0.435716210794275 0.447103961008352 0.456744166559917 0.459259310453247 0.457016328834652 0.451875038444171 0.437608256203081 0.405438840057047 0.402654084101596 0.437264086844308 0.457629370757676 0.466533171032664 0.465914269492774 0.464441645480034 0.461927564440343 0.458231303793954 0.454803711630257 0.452682457239899
-9999 -9999 -9999 -9999 -9999 -9999 -9999 -9999 -9999 -9999 -9999 -9999 -9999 -9999 -9999 -9999 -9999 -9999 -9999 0.489594198953979 0.475693508295104 0.415371279226408 0.29546225074352 0.1578726930783 0.0647146803379021 0 0 0.0524140834683765 0.183507000961279 0.250124747470068 0.322992172569969 0.353811328920813 0.372729391464993 0.323350369211792 0.302841822407447 0.369144433914702 0.395323070707748 0.407477532029562 0.39239410577473 0.398386511199427 0.435726904610428 0.450049108573322 0.450685428420085 0.442513257957666 0.428871910198604 0.401777101384666 0.382362364643361 0.404633533197254 0.438600962389344 0.455963952591731 0.463938363320663 0.463439304226647 0.46193402315946 0.459315370802067 0.455495988630236 0.451913253976581 0.449956892606711
-9999 -9999 -9999 -9999 -9999 -9999 -9999 -9999 -9999 -9999 -9999 -9999 -9999 -9999 -9999 -9999 -9999 -9999 -9999 0.480093992870109 0.452877880456453 0.408002533473123 0.324940292397522 0.15659415979967 0.0292974313817673 0 0 0.0238210476565688 0.155297519678355 0.218338030032782 0.311319247055583 0.359346547946884 0.378872704783095 0.343299060791493 0.320558004168268 0.369502199299038 0.391361568148334 0.382476900420604 0.357496339591973 0.377229482422286 0.427128917527864 0.443521625908076 0.4353348613254 0.416904918216206 0.408228314367155 0.376213059746091 0.35626861749383 0.396512056302552 0.437546700508655 0.452798968339055 0.458784366471968 0.459208337395263 0.458916085298148 0.456514837916906 0.452626000800997 0.449072377270965 0.447249360660678
-9999 -9999 -9999 -9999 -9999 -9999 -9999 -9999 -9999 -9999 -9999 -9999 -9999 -9999 -9999 -9999 -9999 -9999 -9999 0.47116940857262 0.466485600129062 0.432657051689742 0.354199030050291 0.214573364014517 0.0539785226163786 0 0.0246754030118492 0.119717703252166 0.156154223430191 0.20150705892762 0.284269243883572 0.339466698662125 0.367915036821203 0.378225508653658 0.344309320579817 0.345611283986858 0.391969491013094 0.36829611918666 0.349893534937367 0.380919801968301 0.421013199096733 0.439935366884408 0.417838321918094 0.385840907328302 0.369152057509701 0.333328994410693 0.343883852096432 0.399461972495692 0.434633091543517 0.447538682399363 0.452774296217173 0.45428119122044 0.455033564284648 0.452207702312622 0.448663682712324 0.446921023453049 0.445604147261037
-9999 -9999 -9999 -9999 -9999 -9999 -9999 -9999 -9999 -9999 -9999 -9999 -9999 -9999 -9999 -9999 -9999 -9999 -9999 0.434588991289537 0.434781799439265 0.408432512369158 0.341285804395172 0.227942508924934 0.0977766731547209 0 0.0395784635991747 0.161286143070887 0.175366837547018 0.178173532403816 0.268617068014824 0.332047762154009 0.343987930928507 0.320541305684434 0.305983600488548 0.34319202921216 0.395381314556157 0.376014556618185 0.359224055843315 0.382695481809516 0.417204990243006 0.43378510752648 0.395152520287423 0.347041859219552 0.315081252731966 0.303442398435457 0.361185422851869 0.405163220134577 0.430501690046479 0.440763503825521 0.446257102558355 0.44837961100152 0.449710444675998 0.448189340803389 0.445553654314981 0.444020804314771 0.44344516417777
-9999 -9999 -9999 -9999 -9999 -9999 -9999 -9999 -9999 -9999 -9999 -9999 -9999 -9999 -9999 -9999 -9999 -9999 -9999 0.397105194202216 0.383335167398825 0.372348387171472 0.290403838649171 0.168195182497754 0.0814326449963906 0 0.00308220788407116 0.162167441064058 0.203295125838606 0.181756927624389 0.268469673419386 0.331284395103683 0.305248701822497 0.217950102401561 0.247746101468384 0.359253219461228 0.399702589939482 0.393701834340329 0.381638517830316 0.387987845722379 0.414557302350516 0.42815143785666 0.381375332965542 0.323259335677453 0.282685140361196 0.295050240737682 0.383476740834221 0.414139741833688 0.425988878465862 0.434022809496973 0.439966093302301 0.442890489202679 0.444968453630194 0.444823382725738 0.442740958827676 0.441464183608594 0.441646308389908
-9999 -9999 -9999 -9999 -9999 -9999 -9999 -9999 -9999 -9999 -9999 -9999 -9999 -9999 -9999 -9999 -9999 -9999 -9999 0.428748539010397 0.398104024789104 0.347785387571711 0.236952341664121 0.0842810999783004 0.00534758316315975 0 0.00897063704075893 0.172001440827469 0.196233746984049 0.189234877529092 0.291218767825143 0.347088906906698 0.29477735995099 0.247440450037913 0.33498450850562 0.386664969681696 0.400594918250859 0.400613562662027 0.392330243346092 0.392804638255154 0.411716054448176 0.425780788575057 0.398242578448519 0.33857194015452 0.268712971852885 0.277892559563552 0.369291044336359 0.409799505775815 0.423023273979538 0.429587293877809 0.43593192076348 0.43942913743314 0.441899970443044 0.442505275990672 0.44136956251575 0.44023884742182 0.440607327316861
-9999 -9999 -9999 -9999 -9999 -9999 -9999 -9999 -9999 -9999 -9999 -9999 -9999 -9999 -9999 -9999 -9999 -9999 -9999 -9999 0.429710028732085 0.385480401739264 0.293022489262373 0.131511636759529 0.0214460283577272 0 0.0365263970300544 0.14714497288019 0.142254519802229 0.136514731802278 0.267137421235528 0.334195331387744 0.346900291599799 0.340547281903892 0.369014509807182 0.380292416040212 0.388552168219957 0.400093340770003 0.39975212328514 0.391605245304759 0.401753892292797 0.416337678650983 0.408720304196521 0.371931556384946 0.283629455429425 0.280976964184842 0.376848035719011 0.409331811179032 0.419512143620429 0.426257817511463 0.431842248111297 0.435344497655164 0.438116183156687 0.439726790211931 0.439135451345358 0.438266323055005 0.439469120273234
-9999 -9999 -9999 -9999 -9999 -9999 -9999 -9999 -9999 -9999 -9999 -9999 -9999 -9999 -9999 -9999 -9999 -9999 -9999 -9999 0.399201225583247 0.401566300104246 0.337851884141858 0.205202827277016 0.0497924158780365 0 0.0392379504603742 0.141918275776915 0.116457773636126 0.128158548086738 0.230064499074514 0.312614414648106 0.365244330625058 0.367374031636465 0.370326742843237 0.372656912035558 0.373386609616867 0.387384855034491 0.39461945836636 0.393154317770849 0.398489523442004 0.402888858996088 0.399222799820407 0.367827485414524 0.318543119234724 0.330668105879278 0.3813258306583 0.401982239483291 0.415605651179209 0.422503163188762 0.428259873757112 0.431864378270476 0.43497781740954 0.437135349320262 0.436500803571511 0.435372623108796 0.437453821153561
-9999 -9999 -9999 -9999 -9999 -9999 -9999 -9999 -9999 -9999 -9999 -9999 -9999 -9999 -9999 -9999 -9999 -9999 -9999 -9999 0.387623506845138 0.373227286486777 0.304334892052065 0.184268314823497 0.0813454689847331 0 0 0.0705113745941372 0.0468004253149213 0.158883182899906 0.257935597688833 0.319881337091034 0.362449275396806 0.367268955138045 0.371722152815529 0.372373910012214 0.366892333572505 0.37374069903354 0.385817847213178 0.383069732759249 0.379591058371572 0.381171312370882 0.371344841680804 0.346266517906854 0.314996406348588 0.325417713921657 0.377341890914644 0.399841034084284 0.413512817183242 0.420074163058896 0.426053207301592 0.429931255019418 0.432982488044288 0.435016553693614 0.435519993676286 0.434467144549846 0.434477404580477
-9999 -9999 -9999 -9999 -9999 -9999 -9999 -9999 -9999 -9999 -9999 -9999 -9999 -9999 -9999 -9999 -9999 -9999 -9999 -9999 -9999 0.391028396029456 0.326777445653881 0.200152648528816 0.0712777531241591 0 0 0 0.0143566624910906 0.154718284799243 0.269743118496098 0.329869698770744 0.355831142794804 0.360494529100141 0.366550786753066 0.371757626651712 0.363279364019508 0.360460497954424 0.37218268758029 0.368793260578529 0.349933329849683 0.332779485750342 0.339422351016241 0.347760004996375 0.312111029445923 0.309865870817606 0.366969376981679 0.391761338318005 0.41164931632278 0.419206411509889 0.424343542351058 0.427631954763191 0.430507542479671 0.431926552780651 0.432441412152068 0.43162929131986 0.430762670491439
-9999 -9999 -9999 -9999 -9999 -9999 -9999 -9999 -9999 -9999 -9999 -9999 -9999 -9999 -9999 -9999 -9999 -9999 -9999 -9999 -9999 0.422426117185918 0.380179070978665 0.260999760074703 0.15109349617906 0.0225819272265323 0 0 0 0.160002826212013 0.270032613251845 0.322766055018306 0.349443903180837 0.353857870266523 0.36111321263443 0.369171093245817 0.356851577788467 0.346652310735697 0.359691103071381 0.354015907657175 0.315526081470818 0.295088291192535 0.325105552030031 0.341159313746203 0.320356705931201 0.321534443841287 0.364056863470226 0.3916295723586 0.409409112400361 0.418215147204251 0.423438620596602 0.425867951616707 0.428174884328678 0.429472466518118 0.429550140519185 0.428907748333521 0.427661575700934
-9999 -9999 -9999 -9999 -9999 -9999 -9999 -9999 -9999 -9999 -9999 -9999 -9999 -9999 -9999 -9999 -9999 -9999 -9999 -9999 -9999 0.438605094490019 0.352896916867754 0.279594466277198 0.191017648714553 0 0 0 0.034249131122065 0.16620759521555 0.284269621917858 0.328195295414102 0.343994919911606 0.349079690978107 0.356673644807207 0.366046599740728 0.36663327397593 0.357332727760811 0.352520640672154 0.331130693845034 0.277832747708326 0.278320762348165 0.322664692671133 0.327892257072362 0.32769648810046 0.345920311494633 0.37181432767749 0.393790231394368 0.409413872655816 0.417531791725742 0.42295803266608 0.425369845657472 0.427248702105842 0.428133853116152 0.428451234817081 0.427821452704783 0.426126346366844
-9999 -9999 -9999 -9999 -9999 -9999 -9999 -9999 -9999 -9999 -9999 -9999 -9999 -9999 -9999 -9999 -9999 -9999 -9999 -9999 0.441652141568174 0.436181547366014 0.379689785993553 0.317364362554236 0.270772444767913 0.11124659691951 0 0 0 0.167295041884061 0.28355728682008 0.317926317997158 0.33585844596062 0.34218883109688 0.350507435381604 0.361357014861321 0.365308917595229 0.356496824764262 0.3511118010805 0.327168232531224 0.292234455993109 0.305093111674524 0.312843563196148 0.307209962775986 0.32932612254872 0.358125839599623 0.377866197512175 0.39524028832538 0.407621606805668 0.415669534338206 0.421582287978536 0.424115891406094 0.425127173716976 0.425048108295606 0.424542061524776 0.424802202159668 0.424284415911924
-9999 -9999 -9999 -9999 -9999 -9999 -9999 -9999 -9999 -9999 -9999 -9999 -9999 -9999 -9999 -9999 -9999 -9999 -9999 -9999 0.416674256350724 0.416946503321586 0.37565828030721 0.333533614959477 0.242100203032724 0.0231306385707207 0 0 0 0.185767451142328 0.283893804770527 0.305680862613464 0.329551391486249 0.339452542499202 0.34715070978337 0.356682718019257 0.359730855482214 0.353653064281162 0.354811550359201 0.346904472812613 0.326192189146621 0.32860775429416 0.330707166224856 0.332122604087652 0.349503184469239 0.366025926597732 0.383420659146879 0.398440749304732 0.407660507985011 0.414417144995488 0.419619221319859 0.422165066888636 0.42256034161141 0.421705295168149 0.421251333176684 0.420928228464064 0.420549323111936
-9999 -9999 -9999 -9999 -9999 -9999 -9999 -9999 -9999 -9999 -9999 -9999 -9999 -9999 -9999 -9999 -9999 -9999 -9999 -9999 0.409033802771547 0.397808745757899 0.365419592334114 0.34433892782891 0.281799181652788 0.08632865812981 0 0 0.0217114479742832 0.215569106582292 0.28522133815967 0.301355081162965 0.320661771936684 0.3371768714584 0.345276214899191 0.354330285145509 0.358023507086358 0.354562265205424 0.357401761558217 0.351329207098256 0.332050847770459 0.334773979983239 0.342365744098378 0.344121269201961 0.356367734172606 0.372356278776771 0.38706096081578 0.399192398688394 0.407120502362565 0.413629767544721 0.41808507183914 0.419871931746047 0.419932195667338 0.419518489954422 0.419172064988529 0.418891112025461 0.418718623884559
-9999 -9999 -9999 -9999 -9999 -9999 -9999 -9999 -9999 -9999 -9999 -9999 -9999 -9999 -9999 -9999 -9999 -9999 -9999 -9999 0.424317975328018 0.411484224112479 0.388234235394792 0.370678386897805 0.347176713376568 0.23392141841042 0.0249056451863973 0 0.0161948160168242 0.210547618823285 0.281439245752558 0.275236295033383 0.294592926358911 0.328029257933379 0.341560194526808 0.351320732306356 0.357629329236359 0.361435913490742 0.365060219338177 0.356431789483107 0.341406918622273 0.345896966358822 0.358699803395211 0.367234003146107 0.375434309201522 0.384077457113378 0.393845334918371 0.401998369373299 0.407425393716226 0.413055856842985 0.415837250506232 0.416218281180085 0.416064297047014 0.41603198283257 0.416048591155948 0.416181109124303 0.41648315907467
-9999 -9999 -9999 -9999 -9999 -9999 -9999 -9999 -9999 -9999 -9999 -9999 -9999 -9999 -9999 -9999 -9999 -9999 -9999 -9999 0.438933711228177 0.426693506465307 0.400941883792143 0.36888569256038 0.337425114996451 0.221596851911367 0 0 0.058257934935089 0.180875953740283 0.26214428820573 0.257086638053142 0.286642695942975 0.321508753782279 0.336446886659705 0.348287907843429 0.355004995338404 0.359285320689537 0.360269955847594 0.350639841344914 0.34164083846391 0.348508406141435 0.359955232539223 0.369595846479569 0.379269484625438 0.387070327644727 0.394733669071134 0.402126797128666 0.406608231360574 0.409959822732654 0.412003430084501 0.412425630877121 0.412908247924291 0.413259527161952 0.413317611483731 0.413791966676572 0.414026232014008
-9999 -9999 -9999 -9999 -9999 -9999 -9999 -9999 -9999 -9999 -9999 -9999 -9999 -9999 -9999 -9999 -9999 -9999 -9999 0.435298869828605 0.433493739653489 0.411265016438186 0.355685276275372 0.30295387974407 0.266290039649997 0.141457057496784 0 0 0.0132277564306194 0.143103137073257 0.235218747569149 0.241092824458411 0.277944824680165 0.317279565215173 0.333377161801973 0.345898549134707 0.35301135096713 0.357584741740628 0.352901525894013 0.341593917757171 0.343407673493609 0.353659104775187 0.36246780816781 0.371411198058235 0.380329392503109 0.387665766334223 0.394093000702389 0.400670149875149 0.405295967158522 0.407713739890086 0.409173474637852 0.410006530351827 0.410793931223119 0.411550661886984 0.411796145089973 0.412209202091655 0.4128860996816
-9999 -9999 -9999 -9999 -9999 -9999 -9999 -9999 -9999 -9999 -9999 -9999 -9999 -9999 -9999 -9999 -9999 -9999 -9999 0.408133917493877 0.40948932906623 0.404998854779612 0.370626401641967 0.340684035839391 0.326019546002442 0.178966349751726 0.00673261930701641 0 0 0.106590331857041 0.185952379679659 0.22125156090659 0.278521102035792 0.31337036120082 0.329481311933947 0.342075444786801 0.34918166493562 0.35447754284699 0.348533784230225 0.336216082203708 0.342927163365915 0.356928079904494 0.364220412234699 0.371967673241638 0.380083561278123 0.38657586785437 0.392289512055944 0.398281739163575 0.402237522277827 0.404234530179607 0.405622170214974 0.406477760845987 0.407588644783427 0.408677212442027 0.408790471624424 0.409248110838092 0.410375922837176
-9999 -9999 -9999 -9999 -9999 -9999 -9999 -9999 -9999 -9999 -9999 -9999 -9999 -9999 -9999 -9999 -9999 -9999 -9999 0.395479119074303 0.404606378752546 0.412214198670419 0.398176100191745 0.368696623806225 0.268239113066367 0.116376139736139 0 0 0.0546922636062754 0.105717726399097 0.179151384908534 0.209840539597615 0.275295023523314 0.313886636999253 0.327029413172079 0.337666293158222 0.345380792883512 0.350918987162157 0.349022178313331 0.341662908380334 0.346036068612134 0.357133065490122 0.364435535648029 0.37128569944064 0.379021752152343 0.385044672358722 0.3903842256737 0.396348470422561 0.399639532778668 0.401341379774121 0.402675527450105 0.403310187776957 0.404379432513022 0.405639462262066 0.406197828070155 0.406694542463279 0.407831057165279
-9999 -9999 -9999 -9999 -9999 -9999 -9999 -9999 -9999 -9999 -9999 -9999 -9999 -9999 -9999 -9999 -9999 -9999 -9999 0.407222454270568 0.404489750046274 0.406516508125753 0.385786538836287 0.344279383067259 0.232875600537654 0.0747192219583096 0 0 0.0571220292357383 0.134395984426191 0.185532942586885 0.208563233372185 0.266836784267601 0.310141110520697 0.324331240324205 0.335248116165651 0.342964828946697 0.348429115362189 0.351237564355439 0.349126198384915 0.349410160339451 0.356150252200212 0.36294909040663 0.36927466456392 0.376551154994159 0.38258568850949 0.388017839801616 0.393785061369868 0.397052597749238 0.398720015251117 0.400231252891748 0.400940215455005 0.401802242913593 0.402949930760795 0.403444237469988 0.403923033316267 0.405403100209069
-9999 -9999 -9999 -9999 -9999 -9999 -9999 -9999 -9999 -9999 -9999 -9999 -9999 -9999 -9999 -9999 -9999 -9999 -9999 0.427885864426327 0.417276155419442 0.389117659255603 0.374838337507033 0.34173859811114 0.243996146259059 0.110357113551071 0 0 0.0810686048878953 0.160768323473324 0.190868245832074 0.202365872188554 0.244027869786798 0.298244498453129 0.321746843176938 0.334064140264613 0.34065404132257 0.345689222272642 0.350989909594765 0.353516601354563 0.353501172014044 0.356717958008062 0.361367801121295 0.366487016154544 0.372169236058531 0.376457524900499 0.382842833334379 0.389407945801814 0.392705962609251 0.394962818163651 0.39679704870299 0.397697539404017 0.39858402311461 0.399536604746846 0.400079107201999 0.400788056175883 0.402156825682226
-9999 -9999 -9999 -9999 -9999 -9999 -9999 -9999 -9999 -9999 -9999 -9999 -9999 -9999 -9999 -9999 -9999 -9999 -9999 0.418125832388232 0.412943894148083 0.396688936883043 0.369958708620374 0.312672271754817 0.228621280392374 0.118645888523647 0 0 0.10990190803678 0.17687552163746 0.192905850897062 0.198182667847664 0.222486261494523 0.275964301492328 0.317816272168133 0.333174054925527 0.339336565595634 0.3437840774162 0.348771161277855 0.352050202348999 0.35273857485361 0.355023550193216 0.35863440645243 0.36267515969701 0.367112952058741 0.371255378117697 0.378261278785425 0.384607406912381 0.387835778688652 0.390427896554818 0.392685842230172 0.393810732660785 0.394995333213499 0.396393323050777 0.397405294320081 0.398116167428777 0.399042735145798
