layers/veg/veg2100.asc
NCOLS 255 
NROWS 330 
XLLCORNER -2985163.8955 
YLLCORNER -3022031.214 
CELLSIZE 25000 
NODATA_value -9999 
[rows 200 to 224 of 330, columns 114 to 170 of 255]
0.0904875312372241 0.101095973415205 0.107404360524872 0.1113272349897 0.112883883541776 0.115722771233406 0.122117782858885 0.127658289860731 0.13262260914325 0.134374326524385 0.136444313710357 0.140537064394248 0.149085058437921 0.16125844242228 0.170925262769109 0.179994027211151 0.188102595033206 0.192319485162959 0.192728317819162 0.204490913736456 0.218853854932446 0.234225216822217 0.253000785641292 0.275780459024847 0.297791466916573 0.32010930190655 0.34741225511148 0.373833363716416 0.399004164651712 0.428385812385307 0.458885903961783 0.48122753604268 0.504094591702453 0.52786526571074 0.548799716033154 0.568393619181261 0.577158893520279 0.582159379114212 0.579223939868293 0.572730915692542 0.564234877217416 0.574042633601343 -9999 -9999 -9999 -9999 -9999 -9999 -9999 -9999 -9999 -9999 -9999 -9999 -9999 -9999 -9999
0.0819115433982588 0.0932034779563281 0.101727539028147 0.108716085531926 0.108115454002658 0.10872722589741 0.113258877357234 0.118631681212206 0.124571669453034 0.127574602691357 0.130371058975826 0.13338219881419 0.140719142473206 0.151576146517328 0.160304538597643 0.168902758137039 0.178323333200338 0.182685638955999 0.182098362098929 0.192487589636147 0.205808560363342 0.22263962380248 0.24289979950932 0.267193373998425 0.288472318521847 0.308897860191186 0.329409615639949 0.352397613559174 0.378896507789079 0.410795847965011 0.444126309767378 0.466930467312743 0.489813279808414 0.512831362320799 0.529661944014018 0.543681870611467 0.564495685719723 0.578696149964576 0.578956109457323 0.573585973172985 0.565045944230912 0.564473032057151 -9999 -9999 -9999 -9999 -9999 -9999 -9999 -9999 -9999 -9999 -9999 -9999 -9999 -9999 -9999
0.076640278159227 0.0884801781883085 0.0985143993338039 0.10754689614301 0.10530681027115 0.103798980461345 0.105355350165057 0.109152946112733 0.114461788462465 0.119337338545122 0.123845439800938 0.127277889760314 0.132927425037877 0.140381081473614 0.148127588767409 0.156221494569001 0.165630961636818 0.17056999913801 0.171134662894215 0.178780739378159 0.189437950564022 0.209154161838185 0.231948554405357 0.258363572869136 0.278153279334959 0.29530484643409 0.305428702205929 0.323986710943287 0.354502933338457 0.389575459357929 0.425642500480953 0.448753167240231 0.470831412673225 0.491134109974512 0.500572015726892 0.5051614354119 0.544868929016138 0.57318706224656 0.577497179617241 0.572795546142411 0.563020058870137 0.563578361282664 -9999 -9999 -9999 -9999 -9999 -9999 -9999 -9999 -9999 -9999 -9999 -9999 -9999 -9999 -9999
0.0682964021711494 0.0741989158682283 0.0839570985502216 0.095854264796776 0.097949308610827 0.0993008859774524 0.0997544289239942 0.103206764235063 0.108681168573571 0.1140774192931 0.119012984142743 0.122458529155473 0.127797888205286 0.134678311077009 0.141205045748792 0.148127476332962 0.156996112507691 0.160835649046843 0.15975414587853 0.166056397185637 0.176421606555567 0.201834863187776 0.22629888799267 0.249646405026022 0.26694494770076 0.282304959128936 0.295697744466296 0.315621793745116 0.344806079349605 0.374395642525398 0.404150197397991 0.434217231389803 0.460746017612688 0.481189759817503 0.496742672747052 0.510140911395385 0.546797436005502 -9999 -9999 -9999 -9999 -9999 -9999 -9999 -9999 -9999 -9999 -9999 -9999 -9999 -9999 -9999 -9999 -9999 -9999 -9999 -9999
0.0612016846656541 0.062945816367036 0.072124566040437 0.085427768749915 0.0900155602114887 0.0933463315422196 0.0943403152741534 0.0976153360642392 0.102428447467162 0.10814819414317 0.113480793054213 0.117265540965924 0.122260538927853 0.128240360389522 0.134334576891843 0.140919033730673 0.14955469264109 0.153030076401078 0.15145606349828 0.15619571060466 0.165530155676012 0.194531900834279 0.219668324605546 0.240258270641971 0.256577131477729 0.27162058460845 0.286158549659383 0.30582815887627 0.332773578432764 0.358525547083437 0.384266674033029 0.418180358577359 0.447391794336694 0.468516348478554 0.489438939770237 0.510175186733005 0.50586452302849 -9999 -9999 -9999 -9999 -9999 -9999 -9999 -9999 -9999 -9999 -9999 -9999 -9999 -9999 -9999 -9999 -9999 -9999 -9999 -9999
0.0572118562926541 0.0593246616925931 0.0672961494482119 0.0785178190316309 0.08094701542404 0.0839288182373512 0.0892527929273564 0.0926860112662579 0.0948443031043371 0.100488979892507 0.106210746918337 0.111125622869475 0.115626806518085 0.119791354030122 0.127325139905291 0.135574394992765 0.144730927485693 0.149663319590353 0.150462335129252 0.153052640493148 0.159492409436818 0.186960058838962 0.210455605098664 0.229279074527097 0.248239737431899 0.266378021748526 0.276361890227892 0.291658957396815 0.314489248755042 0.340723155061317 0.368334601396389 0.398415300994449 0.425869937193224 0.448808295159812 0.472665834563443 0.496867627559689 0.500486423828578 -9999 0.529903982970702 0.529903982970702 -9999 -9999 -9999 -9999 -9999 -9999 -9999 -9999 -9999 -9999 -9999 -9999 -9999 -9999 -9999 -9999 -9999
0.0545701097359671 0.0564390058811099 0.0634405334263951 0.0732894563914659 0.0758754572231887 0.0790325940806824 0.0844204155556281 0.0873938855326906 0.0887393717110186 0.0941182880351921 0.0998922644458395 0.105737823999105 0.110164406780406 0.113436317706609 0.120525278831519 0.12841472533073 0.137288337102567 0.143403433037414 0.146819285180893 0.152054548021477 0.159955949594539 0.181668343190657 0.200891321739067 0.217186194457713 0.237356517244131 0.257799450642881 0.270328736126631 0.285561546630699 0.304627501963226 0.327409891018907 0.351693432053268 0.37861584568271 0.405163985776011 0.431068453890708 0.460619080293525 0.491717263605663 0.489777930047548 0.496390225973043 0.521028789356115 0.529903982970702 -9999 -9999 -9999 -9999 -9999 -9999 -9999 -9999 -9999 -9999 -9999 -9999 -9999 -9999 -9999 -9999 -9999
0.0527709049733933 0.0540130317625828 0.0601929110203872 0.0691120740231296 0.0733019879431779 0.0769621443128762 0.0797475020253759 0.0818750117282898 0.0835589381739299 0.088552913745335 0.0941685026694121 0.100820094433477 0.105434081846425 0.108389998146059 0.113856401251048 0.120120673917766 0.128208999098386 0.135335360442568 0.141520427603042 0.152397051711802 0.164482748701842 0.177801690709861 0.191107313407567 0.204397269633661 0.224882173358104 0.247135897499416 0.26664774677881 0.284508949129643 0.300029811113629 0.316902300857904 0.334609082182045 0.3587948920288 0.384967969784162 0.41455873151456 0.451526262609485 0.491717263605663 0.489777930047548 0.496390225973043 0.521028789356115 -9999 -9999 -9999 -9999 -9999 -9999 -9999 -9999 -9999 -9999 -9999 -9999 -9999 -9999 -9999 -9999 -9999 -9999
0.047133951405832 0.0481990229627469 0.0525105211241098 0.0586230175500116 0.0635106607189209 0.0682413440684654 0.0726944676217853 0.0768808938076221 0.0808874874405733 0.0850343600048854 0.0895656449564554 0.0953174274132727 0.0997870152752995 0.103213235803475 0.109293718986474 0.115867959756102 0.122853922968003 0.130112681577421 0.137638374047862 0.147894002978455 0.158955175655379 0.171352909280502 0.184329831873779 0.197988009525646 0.216981412874535 0.23736283762783 0.256434129134717 0.273840494512052 0.28888627401158 0.308897142028005 0.330947006512207 0.357163308006741 0.384472869544489 0.413662609046192 -9999 -9999 -9999 -9999 -9999 -9999 -9999 -9999 -9999 -9999 -9999 -9999 -9999 -9999 -9999 -9999 -9999 -9999 -9999 -9999 -9999 -9999 -9999
0.0426600825998915 0.0434754235352233 0.046286942598536 0.0502058679833958 0.0558922287890189 0.0614025591506281 0.0662744343611854 0.0714267720947622 0.0767682241491113 0.080668197781853 0.0847934926494232 0.0900975312901907 0.0946871852041559 0.0986955188639441 0.104870990105906 0.111332630339909 0.117623231598285 0.125038387986382 0.133553936263206 0.142860996590595 0.152754938192695 0.165180334451364 0.178086698979564 0.191558789177028 0.208769552870764 0.227103754059673 0.245946827033832 0.263075672735242 0.277774031810502 0.300211772563839 0.325604588671275 0.35321885318551 0.368664481244836 0.363182606962949 -9999 -9999 -9999 -9999 -9999 -9999 -9999 -9999 -9999 -9999 -9999 -9999 -9999 -9999 -9999 -9999 -9999 -9999 -9999 -9999 -9999 -9999 -9999
0.0424638146944754 0.0427175598936283 0.0453481509514818 0.0492973288089663 0.0562755024843015 0.0615789899413065 0.0622443525314916 0.0644917471528741 0.0678058971817133 0.0733439673313019 0.0792792930043478 0.0858436854680579 0.0914112017690106 0.0961675244895644 0.100417618572615 0.105097678107574 0.111971919874757 0.119801570399849 0.128566100878655 0.13727932260131 0.14668738336911 0.160378411291478 0.17279585993516 0.183715296058183 0.198660237412199 0.215208632663385 0.236032083497376 0.254066080013212 0.268145098375157 0.288969930905513 0.312409195108759 0.338525955960779 0.356443501532987 0.360260116602407 -9999 -9999 -9999 -9999 -9999 -9999 -9999 -9999 -9999 -9999 -9999 -9999 -9999 -9999 -9999 -9999 -9999 -9999 -9999 -9999 -9999 -9999 -9999
0.0408263827064228 0.0414955092643467 0.0442057927658135 0.0480484351839847 0.0528623461305099 0.0568151861937156 0.0584443004095864 0.0604927357155392 0.0628239169024126 0.0679922967514976 0.0742430800897944 0.0831877883219532 0.0888976278138847 0.0919751395869482 0.0954253790202204 0.0996156006133389 0.10677162519558 0.114679635744516 0.123323474387886 0.132438472552992 0.141997839062096 0.153640655031991 0.164497700793793 0.174430506007883 0.18685556412065 0.200990843921704 0.224563233497732 0.244836710033274 0.260432881433618 0.280441309766785 0.30213846190618 0.325179056492594 0.338856166920577 0.336430048578958 -9999 -9999 -9999 -9999 -9999 -9999 -9999 -9999 -9999 -9999 -9999 -9999 -9999 -9999 -9999 -9999 -9999 -9999 -9999 -9999 -9999 -9999 -9999
0.0380993992871674 0.0399225231636128 0.042909533843814 0.0465422261823689 0.0465790059834449 0.0483164575499932 0.0548181557562061 0.0587134144262302 0.0608511654007029 0.0641319243910981 0.0695682355527982 0.081739975174008 0.0869604520289091 0.0865244391989756 0.0900257435102692 0.0947027128167211 0.101912309223887 0.109644555087016 0.117888220272141 0.128157701537224 0.138350100715024 0.145439366791899 0.153925942167668 0.164056064089781 0.17376916338697 0.185017068085374 0.211919445167603 0.235441183660193 0.254169743902397 0.273963942427616 0.294078835627056 0.312849760640618 0.327112383878297 0.333621673673951 -9999 -9999 -9999 -9999 -9999 -9999 -9999 -9999 -9999 -9999 -9999 -9999 -9999 -9999 -9999 -9999 -9999 -9999 -9999 -9999 -9999 -9999 -9999
0.0362949892268243 0.036593272266889 0.0394804004883415 0.0438037249485911 0.0453448716437271 0.0471805701444011 0.0500663398258438 0.054026110304104 0.0587100735515529 0.061556430650874 0.0636265321331682 0.0637047175970014 0.0832587554741161 0.0831766011936379 0.0872330435954376 0.0922362698226829 0.0986485375039593 0.105492211800515 0.112758023107209 0.121719399219594 0.130368351225207 0.134915763997703 0.141876016440571 0.151674305036392 0.164878014088792 0.17980757669913 0.201849590092434 0.222437170027055 0.240962607370582 0.259003632777423 0.277368839797902 0.305340854362575 -9999 -9999 -9999 -9999 -9999 -9999 -9999 -9999 -9999 -9999 -9999 -9999 -9999 -9999 -9999 -9999 -9999 -9999 -9999 -9999 -9999 -9999 -9999 -9999 -9999
0.0345518059945751 0.033474895721939 0.0360876197316482 0.0407472173500762 0.0442400822685282 0.0465459279642204 0.0459094136128755 0.049476664708859 0.0558784914861093 0.0590092185347778 0.0617014807607227 0.0639477108155657 0.0699457137040581 0.0789966675522291 0.0847169981418384 0.0899881486234012 0.0954815198381606 0.101446903808099 0.107874158426659 0.115357919455019 0.122350593123226 0.124988973471161 0.130620905020733 0.139773918654742 0.156391928884928 0.174978597356449 0.191983426398146 0.209189510876192 0.226680941792405 0.243169785902943 0.258224663889189 0.252870830739917 -9999 -9999 -9999 -9999 -9999 -9999 -9999 -9999 -9999 -9999 -9999 -9999 -9999 -9999 -9999 -9999 -9999 -9999 -9999 -9999 -9999 -9999 -9999 -9999 -9999
0.0325932169360795 0.0320322966219532 0.033880529974234 0.037065273311451 0.041161045713936 0.0442409213987241 0.044603715653671 0.0468851175974696 0.050460226044367 0.0559417075874545 0.0609281520292002 0.0637082086254241 0.0689464310133719 0.0761849503131113 0.0819929262252386 0.0873851536661462 0.0919066574449091 0.0973827889358037 0.103793036116913 0.110350654789122 0.116317420791833 0.118507230291591 0.12316258727703 0.130717976530301 0.147415883130212 0.166345746471627 0.181643360531467 0.196768265436413 0.211648297740244 0.228116042522818 0.244472178179531 0.247543437568569 -9999 -9999 -9999 -9999 -9999 -9999 -9999 -9999 -9999 -9999 -9999 -9999 -9999 -9999 -9999 -9999 -9999 -9999 -9999 -9999 -9999 -9999 -9999 -9999 -9999
0.0287862940625888 0.0293630773980252 0.031535746526439 0.0345937544885159 0.0385477978355227 0.0421160475318576 0.0445951733622514 0.0464571940254873 0.0479031041036948 0.0541442392669182 0.0599474166079198 0.0628532691869955 0.0671919438082511 0.0726965566732856 0.0785039165879808 0.0840753999533558 0.0884268586492792 0.0936974378044703 0.0998673883389845 0.105706558882546 0.111238424612844 0.115335908449893 0.120708198446903 0.127579944049855 0.141877192755414 0.158021212731459 0.171536800433072 0.185319231782576 0.199480002648538 0.21819479705564 0.23756804094568 -9999 -9999 -9999 -9999 -9999 -9999 -9999 -9999 -9999 -9999 -9999 -9999 -9999 -9999 -9999 -9999 -9999 -9999 -9999 -9999 -9999 -9999 -9999 -9999 -9999 -9999
0.0232973239681472 0.0255775917540919 0.0290656570936706 0.0332237641631406 0.0363584336419509 0.0401551006043103 0.0457670872570666 0.0479982421468855 0.0479497209658694 0.0535025533345765 0.0587779339791363 0.0614382607259949 0.064750194570456 0.0685923642799772 0.0743187873662654 0.0801224715115277 0.0850335709908126 0.0903567746795532 0.0960832277221142 0.10139295901375 0.107027761487348 0.115177183665269 0.122807556702197 0.129827412494493 0.139466613773322 0.149977258176789 0.161642738599565 0.174754944227875 0.189918363437757 0.212944300876805 -9999 -9999 -9999 -9999 -9999 -9999 -9999 -9999 -9999 -9999 -9999 -9999 -9999 -9999 -9999 -9999 -9999 -9999 -9999 -9999 -9999 -9999 -9999 -9999 -9999 -9999 -9999
0.0198607443568487 0.0252586938493323 0.0294671167978002 0.0330156341015632 0.0359792502653884 0.0394093601514261 0.0441044864279837 0.047541204360847 0.0501293845403953 0.0526424116450995 0.0556494373506403 0.0603025668970502 0.0640995591683996 0.0671998820966399 0.0721033877760063 0.0771467359836717 0.0816216767245687 0.0872236164051047 0.0939283392743057 0.0992314109771644 0.104352780832108 0.110195023901884 0.117404922730927 0.126223488947717 0.134754553087265 0.143387313038876 0.153760989056047 0.167878054406866 0.187302617693655 -9999 -9999 -9999 -9999 -9999 -9999 -9999 -9999 -9999 -9999 -9999 -9999 -9999 -9999 -9999 -9999 -9999 -9999 -9999 -9999 -9999 -9999 -9999 -9999 -9999 -9999 -9999 -9999
0.016833204236963 0.0244644397223812 0.0295280429748629 0.0331672181533642 0.0358471444576336 0.0386454342240175 0.0418491523632836 0.046371955772093 0.0517842110481424 0.0517139512836223 0.0513420207231476 0.0516460434239678 -9999 0.0668012025621259 0.0705531873509496 0.0747812255827041 0.0786290503262912 0.0843488886441091 0.0919005167054699 0.0974410442805442 0.102246566251595 0.105208404674649 0.111571041254279 0.121933772923435 0.13004385935232 0.137714046997958 0.14732058493643 0.152953919963307 -9999 -9999 -9999 -9999 -9999 -9999 -9999 -9999 -9999 -9999 -9999 -9999 -9999 -9999 -9999 -9999 -9999 -9999 -9999 -9999 -9999 -9999 -9999 -9999 -9999 -9999 -9999 -9999 -9999
0.0139251346275909 0.0177311720027496 0.0249496546699257 0.0340612366729491 0.0352217816613805 0.0365812531470368 0.0392823502098543 0.043433075535145 0.0485612771423951 0.0506422931407917 0.0519883888678316 0.051846225545722 -9999 -9999 0.0705531873509496 0.074660244603271 0.0778625028328732 0.0826292384982053 0.0889268357770553 0.09547202437019 0.101613011116096 0.104979244223131 0.110902343998573 0.119832887713338 0.12762156858537 0.135426314377442 0.146474937185127 -9999 -9999 -9999 -9999 -9999 -9999 -9999 -9999 -9999 -9999 -9999 -9999 -9999 -9999 -9999 -9999 -9999 -9999 -9999 -9999 -9999 -9999 -9999 -9999 -9999 -9999 -9999 -9999 -9999 -9999
0.0158847112364374 0.0151776001635638 0.0226393195292935 0.0346328060457362 0.0349524502328042 0.0354540806818896 0.0376413715401947 0.0412949006866361 0.0459371061630414 0.0502654990478813 0.05414260614028 0.0566322450664004 -9999 -9999 -9999 -9999 0.0788790437085797 0.0817309492881562 0.0873734817425231 0.0944434725196544 0.101282062554526 0.104859538269302 0.110276563494238 0.117857308123776 0.125812071539555 0.133103410629196 -9999 -9999 -9999 -9999 -9999 -9999 -9999 -9999 -9999 -9999 -9999 -9999 -9999 -9999 -9999 -9999 -9999 -9999 -9999 -9999 -9999 -9999 -9999 -9999 -9999 -9999 -9999 -9999 -9999 -9999 -9999
0.0231678354907685 0.0171951925309934 0.0228094623324936 0.0348517258381577 0.0350724959002914 0.0353516766090415 0.0370129285410014 0.0400324249120242 0.0439677779606906 0.0506486496409751 0.0562129663788764 0.0572734417416483 0.0577492258255908 -9999 -9999 -9999 -9999 0.0817309492881562 0.0873734817425231 0.0944434725196544 0.101282062554526 0.104859538269302 0.109697719303773 0.116018770219508 0.12467276218304 -9999 -9999 -9999 -9999 -9999 -9999 -9999 -9999 -9999 -9999 -9999 -9999 -9999 -9999 -9999 -9999 -9999 -9999 -9999 -9999 -9999 -9999 -9999 -9999 -9999 -9999 -9999 -9999 -9999 -9999 -9999 -9999
0.0282843550699482 0.0214547552749895 0.0218457719346895 0.0262425214472205 0.0322004200241167 0.037116086862376 0.0391789821566562 0.0411334400584968 0.0430147792291902 0.04876190775091 0.0540375766566434 0.0565884760684369 0.059098047554062 0.0615739890366322 -9999 -9999 -9999 -9999 -9999 -9999 -9999 -9999 -9999 0.116992006923263 0.116992006923263 -9999 -9999 -9999 -9999 -9999 -9999 -9999 -9999 -9999 -9999 -9999 -9999 -9999 -9999 -9999 -9999 -9999 -9999 -9999 -9999 -9999 -9999 -9999 -9999 -9999 -9999 -9999 -9999 -9999 -9999 -9999 -9999
0.0334248528912407 0.0266414668346301 0.0214859225907273 0.0172334452067417 0.0288939887133654 0.0385727354097998 0.0414786807958516 0.042663305455018 0.0426872531132373 0.0466551589151208 0.0510299137674239 0.0555421979095546 0.0590001506511634 0.0616001564424202 0.0620798949440774 -9999 -9999 -9999 -9999 -9999 -9999 -9999 -9999 -9999 -9999 -9999 -9999 -9999 -9999 -9999 -9999 -9999 -9999 -9999 -9999 -9999 -9999 -9999 -9999 -9999 -9999 -9999 -9999 -9999 -9999 -9999 -9999 -9999 -9999 -9999 -9999 -9999 -9999 -9999 -9999 -9999 -9999
