layers/veg/veg2500.asc
NCOLS 255 
NROWS 330 
XLLCORNER -2985163.8955 
YLLCORNER -3022031.214 
CELLSIZE 25000 
NODATA_value -9999 
[rows 75 to 99 of 330, columns 171 to 227 of 255]
0.740544503451315 0.736526313953315 0.731662790173037 0.725406189480077 0.720010648346059 0.713998873657828 0.708122217452602 0.704551010046606 0.702558425861538 0.701705582974521 0.700034797792261 0.697551368560964 0.695909178090915 0.694515816616396 0.694325184345849 0.692594736353039 0.689827134278632 0.689922153122914 0.690522006384731 -9999 -9999 -9999 -9999 -9999 -9999 -9999 -9999 -9999 -9999 -9999 -9999 -9999 -9999 -9999 -9999 -9999 -9999 -9999 -9999 -9999 -9999 -9999 -9999 -9999 -9999 -9999 -9999 -9999 -9999 -9999 -9999 -9999 -9999 -9999 -9999 -9999 -9999
0.740283948658055 0.735792115900179 0.73114959612133 0.727151686496509 0.722450643410012 0.71328387825233 0.706535320290503 0.705257445842408 0.703835011372051 0.700792448472815 0.697383458275616 0.697228100454362 0.698272590193463 0.697951700980561 0.695340359167412 0.693308417675674 0.693048268983709 0.691890336302161 0.691479418455805 -9999 -9999 -9999 -9999 0.694274636621056 -9999 -9999 -9999 -9999 -9999 -9999 -9999 -9999 -9999 -9999 -9999 -9999 -9999 -9999 -9999 -9999 -9999 -9999 -9999 -9999 -9999 -9999 -9999 -9999 -9999 -9999 -9999 -9999 -9999 -9999 -9999 -9999 -9999
0.739638315650111 0.734667143452331 0.729668312299918 0.723243206927826 0.71710650950063 0.71113155426912 0.703800514970909 0.703518104662605 0.704676124791145 0.698909605994383 0.694417727537396 0.694327800266539 0.696795933643458 0.697120409964161 0.695414938333375 0.693712979440171 0.694260939724085 0.69411150422962 0.692718895636463 0.6917533550977 0.693550927695191 0.694000147951563 0.694123440550462 0.694284719729627 0.691299727566269 0.688632885654561 -9999 -9999 -9999 -9999 -9999 -9999 -9999 -9999 -9999 -9999 -9999 -9999 -9999 -9999 -9999 -9999 -9999 -9999 -9999 -9999 -9999 -9999 -9999 -9999 -9999 -9999 -9999 -9999 -9999 -9999 -9999
0.738538868544342 0.734357521099942 0.728922002705056 0.72089956041257 0.715151094363689 0.70808129912791 0.701867366224889 0.703013616473862 0.703618683742248 0.698266703209631 0.695222855823796 0.695929268181787 0.697414680874291 0.696342783538443 0.694431313305474 0.694560081339359 0.69519445581586 0.694777940894453 0.693961455608588 0.692839282198093 0.6918380203359 0.692005419194793 0.69439516045301 0.694511359594218 0.691313987541048 0.688774458233375 0.687847448316066 0.684503966626809 -9999 -9999 -9999 -9999 -9999 -9999 -9999 -9999 -9999 -9999 -9999 -9999 -9999 -9999 -9999 -9999 -9999 -9999 -9999 -9999 -9999 -9999 -9999 -9999 -9999 -9999 -9999 -9999 -9999
0.739061487181457 0.735669488793626 0.729558750981706 0.721484106142197 0.715080973579175 0.709950335716135 0.704589015836047 0.702247176294507 0.702890592608957 0.698752506727168 0.697130136862576 0.697142719050654 0.696729286590387 0.694854988557916 0.694308534331967 0.694487609911447 0.695135182866472 0.695261440431469 0.693889011252379 0.692695131703735 0.691318632844884 0.691485067682493 0.694887488606378 0.695512565313108 0.692623452454171 0.689541874708567 0.687339868534811 0.683881154468927 0.67875324317903 0.675262518727928 0.673364357653573 0.671858218140831 0.671199622052761 0.669385152152554 0.668430158911706 0.667673688552602 0.66705155688973 -9999 -9999 -9999 -9999 -9999 -9999 -9999 -9999 -9999 -9999 -9999 -9999 -9999 -9999 -9999 -9999 -9999 -9999 -9999 -9999
0.733576988814396 0.728971964207478 0.72467974005278 0.717805933254221 0.713234499486269 0.712192471477126 0.70871528238085 0.702128779094055 0.698845381242165 0.698411747253514 0.697291709032847 0.697332767211651 0.69724306767251 0.697375036488448 0.696905213215544 0.695859844745365 0.694902299222307 0.693680938026533 0.691676480098929 0.690934777409246 0.689816827750658 0.688672447836936 0.690948756306434 0.692306191769893 0.688891379204561 0.682809765276879 0.679116769434417 0.67728900370211 0.676614215249504 0.675059658341615 0.673019624729354 0.671655246965235 0.670949681136002 0.669146897451555 0.668177173209378 0.667433786054541 0.666916445663881 0.666769268128796 -9999 -9999 -9999 -9999 -9999 -9999 -9999 -9999 -9999 -9999 -9999 -9999 -9999 -9999 -9999 -9999 -9999 -9999 -9999
0.73626193788954 0.731047039245219 0.724855039879573 0.717845670404587 0.715275499946578 0.712584751137257 0.70429073420917 0.695711546449513 0.695695816751436 0.698783384331787 0.69863344290802 0.69831581852864 0.698138300297587 0.696837683506462 0.695445099140746 0.694668451558347 0.69370567953951 0.691269644338637 0.687989630224975 0.687386163093442 0.688430995117641 0.687796549364708 0.686865375168281 0.685000158706751 0.681271417141316 0.677676178178681 0.675398591114124 0.673217892880074 0.674049817608882 0.672713414615098 0.668556843016027 0.668526120396748 0.667880927015115 0.666336535156001 0.665470722516168 0.664879432008395 0.665415488451111 0.66623703898115 0.666359997044704 0.666955588108159 -9999 -9999 -9999 -9999 -9999 -9999 -9999 -9999 -9999 -9999 -9999 -9999 -9999 -9999 -9999 -9999 -9999
0.730578290769768 0.726344886841505 0.72460410676221 0.716131395483473 0.709105614129816 0.705780321993275 0.698764885087642 0.686067276370639 0.686134077099845 0.6935677208173 0.695930715232461 0.695747805334137 0.696809817663104 0.695632929721431 0.693953475050422 0.693728432574872 0.692093847885674 0.689377310382543 0.686790476191141 0.685192306613033 0.686067340498971 0.684688501025711 0.682060820024116 0.681259255932518 0.678607048812825 0.677644179572041 0.6775722526897 0.676089464620883 0.674647130276407 0.669067365909544 0.65789335087582 0.655114092583718 0.658462608063773 0.660733212198634 0.662611492260243 0.662126983147021 0.662930235324344 0.66283343546359 0.664449057521558 0.666860272307058 0.667583904193929 -9999 -9999 -9999 -9999 -9999 -9999 -9999 -9999 -9999 -9999 -9999 -9999 -9999 -9999 -9999 -9999
0.727837701998414 0.720894052966257 0.71924330453513 0.711492569349016 0.710330229156616 0.704380161153747 0.693014551143491 0.687092647833746 0.687186665892739 0.691526848765169 0.69036081635157 0.691755352617518 0.693505228878875 0.692863862547283 0.692937124393463 0.692339089975987 0.690746558610833 0.688217219154881 0.686500704442843 0.683952670155829 0.681986692564058 0.683135507491035 0.680931457893816 0.677252178302087 0.675816744908131 0.677762501443294 0.67611805438407 0.671593983697297 0.671937909957452 0.666410762815907 0.655904964912324 0.633154428508572 0.623061112759846 0.64763543386864 0.653949888490505 0.651901886749334 0.654443095001429 0.658707597348208 0.662999718352335 0.6645977944494 0.667373680446212 0.672071116314511 -9999 -9999 -9999 -9999 -9999 -9999 -9999 -9999 -9999 -9999 -9999 -9999 -9999 -9999 -9999
0.728966047069947 0.715712908839697 0.710540900718603 0.708260552061342 0.703635255761215 0.696745705483877 0.693148670663503 0.690857947087537 0.686832936161911 0.681932278847565 0.682414895258221 0.686036600426888 0.687837450187008 0.689726126210407 0.689832436216368 0.689539434068008 0.688148886153529 0.685255818927868 0.682003852653558 0.679197243066226 0.677477844669534 0.676270088003721 0.674776717767315 0.673591129189524 0.672648842108345 0.67180210407461 0.669067612576525 0.666964279570338 0.668188662834085 0.664022918985413 0.655235260617651 0.640892852340703 0.612113119641209 0.621344296054464 0.645279328031944 0.640691744487745 0.651916230494735 0.658025316139059 0.654305619798804 0.650861088680208 0.658902444529993 0.672342850614748 0.677071445767364 -9999 -9999 -9999 -9999 -9999 -9999 -9999 -9999 -9999 -9999 -9999 -9999 -9999 -9999
0.729244176094859 0.717111340844402 0.706291747510435 0.701086110476954 0.698984635096023 0.69526907343675 0.690895408482784 0.684054874624008 0.67674068318546 0.669110863494533 0.669032642190104 0.674436549592709 0.679543230161395 0.684388175069803 0.686017907661481 0.685548126776452 0.68384372453551 0.681008775257481 0.677899497951856 0.676843913705308 0.675701563602093 0.670783984365416 0.669336008042823 0.670459683428916 0.66972431587552 0.667422218768706 0.66533315684898 0.661255731318631 0.659750575810623 0.660964315993151 0.655831416868611 0.647121024821496 0.612561455258749 0.607240819493168 0.64660011084223 0.653957084247611 0.654901441000327 0.65303044150727 0.648358038161399 0.644588878436688 0.658264447780578 0.674699361011984 0.677371552167136 0.680951679540099 -9999 -9999 -9999 -9999 -9999 -9999 -9999 -9999 -9999 -9999 -9999 -9999 -9999
0.723310927069604 0.716147367699822 0.705497570414796 0.699835989182704 0.695812361726051 0.689387747864772 0.684345929499191 0.680442378090887 0.677643330204434 0.669356792747658 0.671543179150016 0.671035649926301 0.670841499356126 0.677073859225532 0.680623076141585 0.680624900049945 0.679156453022617 0.676948099379062 0.671794208725687 0.672046983197775 0.672771285780878 0.668459405714515 0.665808636266588 0.666727886117879 0.667904255172554 0.664456070981831 0.66181453774312 0.658873102610269 0.655211963333022 0.652208275977547 0.649613279600552 0.645238596550201 0.607684287911066 0.599102278997549 0.64137309189929 0.650500129027739 0.649092328189799 0.643808461927985 0.642872530642185 0.649481602166851 0.661993587922882 0.669709756054742 0.675672807777102 0.6819875863284 0.677566773136805 -9999 -9999 -9999 -9999 -9999 -9999 -9999 -9999 -9999 -9999 -9999 -9999
0.735693297809331 0.721406541546331 0.708101083216117 0.694495162076334 0.685703105162799 0.683253685769969 0.682714443137328 0.678987778108943 0.672965004201647 0.667689451832771 0.669531936097863 0.666802636221461 0.666077083063907 0.664601546064095 0.664861474908374 0.67121842077328 0.673724547290406 0.668713544154489 0.665684701387681 0.666913176319575 0.668072105988607 0.665903140855497 0.66234658558488 0.661197586482174 0.662699379742053 0.660512041974068 0.657993071727658 0.654957751397054 0.649290847259787 0.630742642020351 0.613409064419708 0.610971454191985 0.594464204223514 0.601038875679835 0.634973066902936 0.643515813345576 0.640645223936556 0.637458383320714 0.631328217809393 0.639554200481573 0.656747180875342 0.650330063608815 0.649368283434284 0.669024709420207 0.674144457391954 0.668608208503 -9999 -9999 -9999 -9999 -9999 -9999 -9999 -9999 -9999 -9999 -9999
0.737080615335074 0.729066381081549 0.721063820184483 0.707579141808562 0.689650381362607 0.679727251593972 0.67810266677776 0.669538998551944 0.666808897916716 0.667862362706308 0.665704446694566 0.666091473384577 0.663368831604895 0.658718183904997 0.661970139781451 0.668928547301495 0.668409410428349 0.661720038684613 0.660488673727889 0.660201791365209 0.660864184951698 0.661401765424697 0.660577390536995 0.659044383634104 0.657438378787331 0.652607487911485 0.650612511801573 0.649236705016848 0.64039621920596 0.628232638068266 0.623661414922422 0.625203832481377 0.605041275603726 0.606460930467842 0.633067585242729 0.628499812419704 0.623091773004415 0.623349514717719 0.600391401991415 0.603823034799546 0.636805276171432 0.634331360652322 0.645291529064817 0.665196009283664 0.667691287859358 0.665541453621108 0.663734974380982 -9999 -9999 -9999 -9999 -9999 -9999 -9999 -9999 -9999 -9999
0.732297995310477 0.722010931387343 0.714683646300505 0.708305996747655 0.699992984470704 0.687732290867386 0.676135292292597 0.669127671073098 0.669833749794396 0.6741102005376 0.672520649784869 0.664379179013751 0.6572485054526 0.658822034680036 0.662746697230908 0.663980522903693 0.664546886506468 0.659878908278159 0.656382966194754 0.657218570456276 0.658626208201484 0.656731100209228 0.651821235351308 0.653863659853888 0.655146151337636 0.648187002705807 0.646176977971411 0.646898887715492 0.641372182410937 0.632922973027985 0.625415819835703 0.622035121682334 0.613922301999773 0.610272367735538 0.624044067184773 0.621674740701044 0.599516414163383 0.588392510620308 0.607681944194258 0.623369253790603 0.637015356773079 0.649544822611074 0.655434142392781 0.660547686920969 0.662223246263616 0.660671285250576 0.65839636666011 0.653241910337219 -9999 -9999 -9999 -9999 -9999 -9999 -9999 -9999 -9999
0.72422448866961 0.711560967180309 0.703740997561332 0.701629182691435 0.695459407003886 0.683087328555203 0.674787697495409 0.673526906112066 0.672068834463099 0.670532281513113 0.665983037534181 0.661546291048828 0.660423950992415 0.660999150472983 0.660876018165756 0.657501951525532 0.654049019815017 0.651738720057397 0.651745301964599 0.651897163126315 0.650489694894797 0.646678411710252 0.644868886791283 0.649204061072373 0.651749859272289 0.648842567770516 0.644539466463116 0.64185179969869 0.639820661942693 0.633446631070747 0.625945143599862 0.61799895790593 0.607724623052216 0.611654228672964 0.620133583559692 0.61159090206368 0.598896197482747 0.602078492196873 0.616971651600532 0.623541311923233 0.632236937386139 0.643041132397055 0.648184337567164 0.652433748897014 0.654738516799156 0.654894628733516 0.65580357895853 0.652883480448728 0.6486235592449 -9999 -9999 -9999 -9999 -9999 -9999 -9999 -9999
0.71451458899067 0.701585612222804 0.697709777780401 0.697211472769399 0.691651569468571 0.680029260572627 0.669538887365418 0.665018169039678 0.662412712775368 0.661716132512226 0.659280414216035 0.656182806371026 0.654591639421968 0.653213243136103 0.651076725149199 0.648942370848384 0.64283300988888 0.641099581144664 0.645594807412174 0.6470961496047 0.64566161042773 0.642414349953318 0.643824769197149 0.646418596428524 0.642815662695452 0.643904193690649 0.643778069670097 0.641546567277452 0.637479936397229 0.624797282788968 0.614058534808236 0.598353735312902 0.592709495648639 0.610430194339733 0.61666205092594 0.606120879042919 0.600847578652612 0.611284870962846 0.621441324753738 0.623035669294677 0.626724075814568 0.638116438543642 0.642191153653746 0.6458378112247 0.649992883724504 0.650690072440695 0.651515700012935 0.648544809112181 0.646569673284325 0.647464172942969 -9999 -9999 -9999 -9999 -9999 -9999 -9999
0.706196392777156 0.693269829493766 0.690274284007744 0.69196162177747 0.68708692589204 0.677771666807089 0.667195560561695 0.658355248784307 0.655787011074726 0.652545604045952 0.643975054173403 0.644268598688547 0.646433294938146 0.643963400411282 0.64225877915049 0.63924965782378 0.631180098792181 0.628704064455774 0.636219585106553 0.639552902153633 0.640605041510442 0.640267303325309 0.642327709145081 0.640415585520328 0.63154537554583 0.634354790846127 0.642926782713704 0.640293866987106 0.633495804435996 0.620554344202511 0.609841802307844 0.598247882203863 0.592591919458263 0.607252485052141 0.613960720333565 0.610450946846936 0.595318087389395 0.583922306318968 0.603184830183314 0.62520386771115 0.63356158035469 0.639298594855894 0.64537610427347 0.648999511157399 0.64865085982433 0.647008955287097 0.643028803258217 0.640504932193919 0.642835358073028 0.636913624252714 0.633706398715776 0.64034057639816 0.637667202947629 0.636538757692052 0.63501096039515 -9999 -9999
0.69485002768119 0.68040627498143 0.679390747658528 0.681960924343964 0.676880331466285 0.666529759008781 0.657021435632308 0.654124696400829 0.651101391334312 0.640537030948657 0.632930707636671 0.634284165090867 0.634039747059769 0.629412252114558 0.629005601293862 0.629228199727993 0.631852457188079 0.635865160258303 0.629835447166997 0.630825338191592 0.630930053668226 0.6341870533493 0.639416606225474 0.63381537872124 0.626809912769708 0.629480941380154 0.63286647513289 0.632784876341963 0.626172249067327 0.614835049446637 0.600797362560382 0.582164439507218 0.57665384055619 0.594088723633303 0.603871081799895 0.596045654061514 0.593654219021421 0.602199561180141 0.614025052953197 0.626648381937196 0.631628976745719 0.634655588464834 0.637609407092526 0.641732411932672 0.643347494019526 0.639283435180414 0.637135764919869 0.639132103427781 0.637586366174773 0.630721527074078 0.633945919125713 0.639699479449842 0.636903427353382 0.635554391684215 0.633973397214533 0.631452872459177 -9999
0.683346936766211 0.670186487356016 0.669558993908959 0.673358527399688 0.670040669805886 0.659599857691327 0.645235856418408 0.642792530153819 0.637729102790928 0.622023127173779 0.616124436791613 0.620024912285792 0.616573390770786 0.612973801519262 0.613209489965225 0.618305417440142 0.625183037498594 0.622259602759371 0.615750633794023 0.616235541169916 0.615486885731672 0.62687315795692 0.632094533069287 0.6310375411245 0.62436310628781 0.618690463297053 0.626590550587293 0.625804007257148 0.611868828056883 0.600271534343177 0.592425104465663 0.57332071897694 0.568749076135154 0.583239682275576 0.594434156194685 0.594286098076064 0.592922277300711 0.604283560864673 0.616301309611775 0.620468318576231 0.624625070316422 0.630720068920899 0.631248713618558 0.631555095338264 0.634738526636393 0.632012742476178 0.636750467215323 0.637838884744003 0.633937412895221 0.63451417707284 0.635943452325817 0.632840644073646 0.628630033028147 0.624762841006001 0.622712972728792 0.624766864802718 0.629826839324848
0.677163890356979 0.665932641550171 0.664035603779904 0.66697678592526 0.660664313944978 0.650538409262849 0.638081544970408 0.633873224383338 0.633599932836109 0.622868289159265 0.612310328287346 0.611356678431117 0.606730913323067 0.606736837404967 0.608363120564031 0.611699349932368 0.619435801230021 0.621155245967971 0.617430748708123 0.615683071748873 0.614778442804604 0.621149819029765 0.624533999886188 0.629654630058786 0.622030150252039 0.612870465081734 0.620739898128899 0.621013505439257 0.609333467252485 0.598064535761939 0.587066339281419 0.570672531703495 0.568694272803947 0.580713668889217 0.593364819486665 0.593612091549696 0.591526157140806 0.592950807199703 0.60145359150152 0.615501083342925 0.623363976946307 0.62988436054685 0.626195749255881 0.62527840078123 0.629819417917721 0.629167422614184 0.633807619444768 0.634069764261463 0.632959773330879 0.633854962107165 0.631614914650218 0.626379749662601 0.61958303739703 0.612996706405799 0.61262755838321 0.617665493473298 0.626801637468445
0.669021678003882 0.665837747166267 0.665551996542104 0.657917922444592 0.649420104978716 0.643202062639521 0.631921195500574 0.621045032178954 0.616456817550443 0.618522311836407 0.619929367326195 0.619166173780321 0.61879046745571 0.620830905137412 0.623837516573715 0.620282834068467 0.618240539276129 0.620567337209906 0.622590676732927 0.623807926307353 0.623517043166354 0.623900759340978 0.626229337421813 0.627199748100483 0.625443456864855 0.617910348883357 0.608905371983278 0.602552556183593 0.59250500143683 0.589687111442598 0.583952304409229 0.5683552529701 0.565741140923832 0.581010995421581 0.592033107688355 0.594490904245843 0.594649803204547 0.596908185181858 0.606100289284697 0.612771350588202 0.618056273097912 0.622615771726675 0.612831930981199 0.608502833137425 0.616995272810331 0.613831745930774 0.617131577760194 0.622598587010848 0.622677484918666 0.621860008077145 0.62028937997035 0.610680893385265 0.600193091825318 0.602178966677874 0.612631356147548 0.618820155803035 0.622491593309626
0.663093751254211 0.663069322613526 0.661830156180936 0.656303068037138 0.64761446363221 0.633970955716288 0.618139540833212 0.613550416287532 0.615799385496798 0.617800277476313 0.618403236149941 0.625860202425593 0.627580862320588 0.628545205785487 0.626936107441924 0.622985525637553 0.621827077988725 0.619327789095538 0.617868592275881 0.622347659848178 0.625189962968 0.624932225962405 0.620334648269008 0.617816069014937 0.62173331848069 0.623625201513435 0.616316737870097 0.598590850932243 0.583389992548459 0.582084514384436 0.58024948019841 0.565879216464094 0.554857011381132 0.565201592129609 0.579032448805545 0.58403335058052 0.596231547152361 0.601635551746131 0.60582387145808 0.613114102750957 0.615914677400384 0.609327384011066 0.591222447013054 0.597381596997979 0.611422959212899 0.603468125514996 0.605820123489676 0.619196958839906 0.618427065434996 0.59918831827673 0.579759653400788 0.57424847432566 0.582095514822519 0.604118340742773 0.612069696669778 0.617295140006556 0.620728214047518
0.659192002544798 0.660151747847897 0.659495164818565 0.655027624946277 0.648716081566717 0.640626811063394 0.631367470088153 0.624310907488712 0.626091797575494 0.628846168364963 0.627826761039703 0.625786677113457 0.622089129063645 0.618818006821084 0.616286536070581 0.615200437314393 0.608642681941517 0.601746884882979 0.605942971721834 0.616073133809287 0.618583615828645 0.617037659469305 0.617125109417137 0.615659879631419 0.616940311330094 0.615320474709159 0.611549214595261 0.597781125772769 0.58435531028348 0.589447523500145 0.586365149755224 0.574408252538534 0.572322629227393 0.565916784069709 0.564629377445662 0.579319584424896 0.593434615881224 0.596650849614786 0.598889689672079 0.603955871260464 0.606659250150561 0.592458483808622 0.586438875238029 0.595749174506723 0.593999570949623 0.600057468108694 0.610656485572033 0.617703993735023 0.616140951640168 0.605353595227945 0.593676588511074 0.583552054066299 0.58087130229832 0.590827180853971 0.604117534467516 0.613937591290086 0.619312411552547
0.655540880702334 0.654828852037113 0.649309914233992 0.645002163131873 0.642094991540221 0.636576842001101 0.626156589264996 0.615708992079972 0.616682937092168 0.617169756723621 0.611723797549808 0.610004292632538 0.607704034288944 0.606630339499251 0.604700016020312 0.600480895730107 0.594878904362821 0.593279189125414 0.603247044997938 0.610691109237152 0.606290989865652 0.605800398158877 0.607482505569279 0.609366900039368 0.610372335909065 0.608412952214195 0.608831248360649 0.606845888274892 0.605919754632701 0.601810047865144 0.590993572571981 0.586766502138411 0.580898912619998 0.567375499805267 0.564194278868345 0.571609593777662 0.573967385060798 0.579437510877713 0.584048619237377 0.589631803595121 0.6008380149216 0.599509702092761 0.602427540554401 0.604005146328595 0.601085174142777 0.603789613456406 0.609657554012312 0.609889437402976 0.608798788704219 0.603635811303982 0.588355235159231 0.570359015314498 0.567295471202936 0.583061573841839 0.600331406804047 0.609609937811577 0.616836591798293
