layers/veg/veg2700.asc
NCOLS 255 
NROWS 330 
XLLCORNER -2985163.8955 
YLLCORNER -3022031.214 
CELLSIZE 25000 
NODATA_value -9999 
[rows 78 to 103 of 330, columns 174 to 231 of 255]
0.784620368221079 0.778066510353341 0.772200998598143 0.762335080188643 0.762729227728723 0.76454806335719 0.758829892678125 0.755100850344393 0.753759301831828 0.752059088987145 0.748387698830979 0.744847727837325 0.743498785170401 0.743002723528903 0.739948895905611 0.734146780302725 0.733227128159091 0.732991876125711 0.729605519402971 0.729314934139921 0.729055134448236 0.728756969927015 0.729266658318923 0.729744738683837 -9999 -9999 -9999 -9999 -9999 -9999 -9999 -9999 -9999 -9999 -9999 -9999 -9999 -9999 -9999 -9999 -9999 -9999 -9999 -9999 -9999 -9999 -9999 -9999 -9999 -9999 -9999 -9999 -9999 -9999 -9999 -9999 -9999 -9999
0.778414349689211 0.771604737758204 0.770151264565153 0.759148024621883 0.758632257055692 0.758794244414183 0.753068138128828 0.750228946820135 0.748550484351256 0.745455450110525 0.743829210560748 0.741252137596455 0.740251883113079 0.739130929666036 0.736330608433997 0.731962611509714 0.728175206495257 0.72494336535872 0.720702667935906 0.720519772574158 0.720602723598236 0.721903784756602 0.724040971935568 0.723949743699131 0.722804417308383 0.727162848409907 0.727778446679441 0.726818664378027 -9999 -9999 -9999 -9999 -9999 -9999 -9999 -9999 -9999 -9999 -9999 -9999 -9999 -9999 -9999 -9999 -9999 -9999 -9999 -9999 -9999 -9999 -9999 -9999 -9999 -9999 -9999 -9999 -9999 -9999
0.772457311957474 0.765382030988996 0.765697824472163 0.760989487999063 0.755812928879391 0.752566086150558 0.749021143724137 0.746175582245283 0.744866390063983 0.741915390446461 0.739602398347918 0.738574343907292 0.737034863635843 0.734605656975025 0.731392074172079 0.726964753581929 0.721575279156087 0.717561598711652 0.714763614704526 0.715309461425039 0.715033660343817 0.716355636705104 0.717135651259066 0.718404503592989 0.721338484394111 0.725844447824054 0.727440224916301 0.726959947350256 0.731140310476096 0.732641798430929 0.734442607165642 0.737683783473372 0.741627209034462 0.745410692211878 0.748700388425127 0.751472736529303 -9999 -9999 -9999 -9999 -9999 -9999 -9999 -9999 -9999 -9999 -9999 -9999 -9999 -9999 -9999 -9999 -9999 -9999 -9999 -9999 -9999 -9999
0.763552666265887 0.759405021588783 0.755104547755166 0.753360766631402 0.745013203556208 0.742606890545207 0.743007182730133 0.742192432589158 0.740594985491434 0.7386718045759 0.735484755780322 0.733960086746341 0.732413983476267 0.730264745236455 0.725626296770536 0.721503827307871 0.720132030788449 0.718884352940584 0.715361385270559 0.712384694355815 0.711228177717794 0.712029604490962 0.711441437211651 0.713078285051218 0.715791706877089 0.718562225873981 0.722429642693881 0.723835307311258 0.729291286644349 0.731284151039829 0.731816548786189 0.73618706356353 0.74123184963099 0.745318500086828 0.748909186491622 0.752016860858472 0.755652074034322 -9999 -9999 -9999 -9999 -9999 -9999 -9999 -9999 -9999 -9999 -9999 -9999 -9999 -9999 -9999 -9999 -9999 -9999 -9999 -9999 -9999
0.754888143558817 0.753441789649597 0.747283099250552 0.745738896755469 0.734465328023673 0.729591818958035 0.733571077188948 0.735396722751426 0.734359662271831 0.733606543340256 0.730771079419693 0.727881344012797 0.726972860457799 0.724973889056891 0.721099018640907 0.717255360000385 0.713810325161489 0.712724527984848 0.711981181902814 0.70898205039076 0.708103966355268 0.70789300754985 0.708781398886534 0.711559121198667 0.718228972130994 0.720208043409813 0.717575998776752 0.711151617588093 0.702596994784159 0.722832911850224 0.727277290350027 0.731199042068104 0.738085382821682 0.741934031043577 0.745869686871028 0.751535947685783 0.756379158795063 0.757532030367459 -9999 -9999 -9999 -9999 -9999 -9999 -9999 -9999 -9999 -9999 -9999 -9999 -9999 -9999 -9999 -9999 -9999 -9999 -9999 -9999
0.744462002193979 0.739312044569235 0.734194009635954 0.727459324309447 0.723413202577128 0.725686487589292 0.723961099763875 0.725453216881594 0.725869545288758 0.725212950620944 0.724312736583486 0.722427111747613 0.722930028761396 0.719729999403529 0.713437897961214 0.712035371221915 0.708443353287311 0.706772067626044 0.706308947354447 0.704647570557657 0.704952956396234 0.703923845056561 0.707528755082011 0.710779162278688 0.712026907430653 0.716152914962185 0.714632872139695 0.707019400698075 0.695591460102644 0.698325427569538 0.709156127860843 0.724201486808464 0.72995570441966 0.734453091802603 0.743118901106252 0.751020266232215 0.754705586085952 0.757442413603086 -9999 -9999 -9999 -9999 -9999 -9999 -9999 -9999 -9999 -9999 -9999 -9999 -9999 -9999 -9999 -9999 -9999 -9999 -9999 -9999
0.735169108893407 0.731670691209458 0.723502645836201 0.727108514606354 0.722230099495421 0.716546444455451 0.707354112239213 0.710048346132142 0.711540461046719 0.712597455751848 0.71527403312423 0.715632669436991 0.715218084131691 0.713364663539574 0.708840523526107 0.705903427151636 0.703823333698765 0.70122505079997 0.700132669942397 0.699967282416996 0.700847145339814 0.701392858756123 0.704518566083998 0.704094348235665 0.708366818462848 0.713696093445051 0.710542029961622 0.707765761950317 0.696106033381476 0.67035435785808 0.670978961304507 0.724426935398734 0.699348803414286 0.729899460396406 0.740031249342234 0.7439122910774 0.745408738509494 0.751380668503951 0.761907124211998 0.768491593899926 0.776306987982327 -9999 -9999 -9999 -9999 -9999 -9999 -9999 -9999 -9999 -9999 -9999 -9999 -9999 -9999 -9999 -9999 -9999
0.725385642408503 0.721201805749671 0.713635439806555 0.721179245622113 0.709562701675912 0.707278552110623 0.6927553946572 0.698464901030364 0.696148093176002 0.698314121856672 0.703813058535114 0.706498747468746 0.707613470039933 0.706993958919518 0.699885387519313 0.696077599990192 0.69945944483636 0.696773783031021 0.695341906028206 0.694755075891795 0.696301873933461 0.700299459644627 0.699278735646919 0.700183613598444 0.701962455935736 0.705171473447605 0.704353095332491 0.706109960123558 0.695959971580058 0.663745298281617 0.653358379483773 0.716430348031704 0.724543148633101 0.731045996432282 0.73494167417149 0.736636115659443 0.737885128934395 0.746396941568424 0.760888976926144 0.769405365554029 0.776377578640957 -9999 -9999 -9999 -9999 -9999 -9999 -9999 -9999 -9999 -9999 -9999 -9999 -9999 -9999 -9999 -9999 -9999
0.714700425366684 0.71328019611876 0.708632548771091 0.710752144407294 0.700365438928317 0.698102084670864 0.684013689928933 0.696070639872139 0.689705386966267 0.689552435581495 0.694215779582262 0.698238053764375 0.700559021560085 0.698124816889757 0.692726214140897 0.690202159986614 0.694356090586835 0.692334641731357 0.691891625818039 0.689708436898346 0.691990658767481 0.698098424504692 0.698427412931268 0.696485000972851 0.699177783849361 0.69869466072277 0.688608705282817 0.687488592308868 0.690077363103957 0.667515503262086 0.657066765210244 0.700310704971905 0.726071856987011 0.725450643953741 0.72783184421864 0.722635333179039 0.737568710719397 0.750744473776489 0.758789838059792 0.765603415134533 0.773033306431293 0.778403165082718 -9999 -9999 -9999 -9999 -9999 -9999 -9999 -9999 -9999 -9999 -9999 -9999 -9999 -9999 -9999 -9999
0.709411356248363 0.701179207452352 0.700626910498781 0.701576100572238 0.695699532203916 0.689334415691507 0.683410882087983 0.690196355341411 0.691243147985509 0.686550278013979 0.681282231847602 0.687387868502012 0.694398782461487 0.691153643465865 0.685451141971165 0.685179240252865 0.685340949743433 0.68588308185496 0.688158627974224 0.686964171585299 0.688571366120777 0.692306161772556 0.693578764332481 0.693510763940681 0.6961946466847 0.694149039190457 0.672420636999924 0.6576845295883 0.664562156185647 0.664644207674224 0.681686210173194 0.708521748610455 0.719312605832564 0.71950068550112 0.720687452730989 0.705134361526808 0.729545443841971 0.746712598806559 0.746295840995822 0.754109686885286 0.768356944928308 0.777311096355784 -9999 -9999 -9999 -9999 -9999 -9999 -9999 -9999 -9999 -9999 -9999 -9999 -9999 -9999 -9999 -9999
0.71012090662893 0.697479657327379 0.694643789007361 0.695181749723904 0.690347100985751 0.686073884168001 0.690321131695084 0.684724523206951 0.682332536421864 0.678919538167727 0.677885662794695 0.682973200760679 0.6856223044725 0.683276323888219 0.680642153382145 0.678895741379227 0.675953886368506 0.679889674609787 0.681415984930894 0.68151234895518 0.684318089500055 0.687288796934052 0.687416948123194 0.688034227987784 0.691313033059584 0.688756590836284 0.675462499205045 0.674414585443326 0.683197786474329 0.662955025353408 0.680673761897549 0.705038428785173 0.707429324054363 0.703546964489993 0.705731154571446 0.699086737775463 0.713739070763927 0.73718598967277 0.737180716079636 0.752950617335634 0.766980121802511 0.775168003287531 0.784222186731681 0.791241118583546 -9999 -9999 -9999 -9999 -9999 -9999 -9999 -9999 -9999 -9999 -9999 -9999 -9999 -9999
0.708951176458418 0.6958102562326 0.690510563253556 0.68912621805223 0.684547627451245 0.680301255885094 0.679218562558124 0.681709419358275 0.676659287558501 0.673470294460221 0.677564896460803 0.67758136262662 0.677208999712316 0.676508008427425 0.675917890950116 0.674286857165397 0.672967377185065 0.676829629790137 0.682859859045086 0.679296026884848 0.679206525403923 0.684522020229198 0.684088268636592 0.683109563237175 0.685496529770009 0.685899013553683 0.684787461959904 0.693598107143792 0.689339009094557 0.655534613329178 0.681475958794557 0.699332799360136 0.696671399928965 0.689594614889507 0.68910045910988 0.690933692106285 0.712195557238522 0.732390134930902 0.745486035063956 0.758360670346441 0.767051109213366 0.775055589887884 0.784936774406682 0.791687983515481 0.793769371671452 -9999 -9999 -9999 -9999 -9999 -9999 -9999 -9999 -9999 -9999 -9999 -9999 -9999
0.705025556595072 0.693708063476729 0.684579709268492 0.680336219797293 0.68070728499346 0.683786274594291 0.68212039104607 0.675286743252588 0.669652619429879 0.669428539963667 0.673771212968906 0.672227050616653 0.669652036057348 0.666357745543348 0.66609464827817 0.669199116436756 0.671066855322003 0.668995223872524 0.670359392540621 0.667434307072002 0.674309570940306 0.678668256080062 0.68115377836762 0.680822898809972 0.681309693039158 0.68552325990427 0.689250715918833 0.679019871668758 0.681528109532177 0.650176226128262 0.686459655041903 0.697038054598159 0.693252186008242 0.692691843897426 0.702789254110785 0.718392226159044 0.725514055730793 0.733271077622139 0.749501101678928 0.756509585909928 0.765434503928542 0.775752702030717 0.785803227781243 0.792769445015283 0.796881612317725 0.802545744035044 0.811904557344403 -9999 -9999 -9999 -9999 -9999 -9999 -9999 -9999 -9999 -9999 -9999
0.699727839512655 0.691911809739653 0.678215421556124 0.670769020750596 0.669361140648989 0.668179367299506 0.665268983238642 0.662835486358262 0.661937393976745 0.659973531903987 0.663067759841778 0.663059739347857 0.659195167871579 0.651888461272319 0.653675662722609 0.661449625393757 0.666025979536166 0.662608689869766 0.660226486020096 0.660827189346646 0.671316469841778 0.67083425998282 0.676024472816256 0.680765665087059 0.681152715362709 0.682000853468713 0.682474301512637 0.676436513925247 0.66536163407429 0.645519527658426 0.689649751601744 0.696282524819546 0.691364107555114 0.69375699980527 0.707229936594735 0.722278522187021 0.730882919576825 0.738768852130183 0.752130070745641 0.760460977476097 0.765981821486363 0.776733843094009 0.788234516232126 0.794745047885487 0.798468296929237 0.80491577260495 0.811423045672459 -9999 -9999 -9999 -9999 -9999 -9999 -9999 -9999 -9999 -9999 -9999
0.691399536700843 0.683185655630212 0.67518808849695 0.67035395944182 0.666515941144705 0.662870225587809 0.657499318569743 0.654121166794156 0.654409897420486 0.650011310809281 0.650613688533554 0.65064333704869 0.648989235535259 0.641992612632575 0.647284772778597 0.649108422685892 0.652495238209257 0.656500452340748 0.654999133839811 0.657746066492707 0.665355557072029 0.661431739143359 0.668246444296571 0.680656702624577 0.682038977190586 0.677442721993243 0.669776086215352 0.661360104865825 0.650140538692398 0.639742914852472 0.686550908315379 0.693209937744399 0.689477272349958 0.692220075721563 0.692083655142263 0.71239132737517 0.733541981111627 0.744157703742557 0.755483569284376 0.768448724561114 0.773478230839367 0.781783696691552 0.780867006468511 0.78717255562093 0.796371998916651 0.805069420701301 0.808326783703255 0.810905855972481 0.826278700525249 -9999 -9999 -9999 -9999 -9999 -9999 -9999 -9999 -9999
0.680000615845979 0.673036466410786 0.661365434620551 0.649699120778307 0.652375186906924 0.643742548881535 0.638688903051117 0.638229801379409 0.636472782746747 0.635330606370053 0.637283917041771 0.639609973156063 0.640951747264669 0.634936129463676 0.637915874776971 0.644526459425038 0.64659514620565 0.645433135125466 0.648056730269998 0.656835410882282 0.660581923994501 0.656173434929647 0.663591111900121 0.672184316831813 0.67870469672473 0.675641627397466 0.671852242654243 0.66511477288713 0.647729449383422 0.639150160275179 0.677680281639682 0.687168731427752 0.682199052251014 0.69713024972994 0.707903288936227 0.721832271396202 0.731488995532808 0.742935422677002 0.756247709321536 0.764834014677364 0.771158782493265 0.780993156299183 0.780003802302613 0.787824012550227 0.79856512924154 0.804139954448793 0.804548436901378 0.81014757403127 0.826788921060326 0.831156056468851 0.838147665514827 0.840909272365954 0.846786236744457 -9999 -9999 -9999 -9999 -9999
0.671002538896571 0.666389313100423 0.659511176123294 0.63814344331504 0.63967202539048 0.637051926951466 0.630225311482271 0.624310923703556 0.618577775978777 0.61756791243188 0.621446469453384 0.624197318983457 0.620056944935115 0.630793164104533 0.626444414921048 0.634127007884574 0.635387685174735 0.634704893964685 0.640660490593537 0.652872697833698 0.660730137961504 0.662145008522129 0.658568734797625 0.667090689684154 0.675026055392453 0.658916538089394 0.663617025817334 0.663114485073939 0.650818839547532 0.64819809402697 0.669250179304303 0.678961081750469 0.68513550065191 0.679882629774831 0.710855864337368 0.722428467761257 0.729874983875066 0.742539397666866 0.758643877348264 0.767145476919001 0.770153340055297 0.775731633140164 0.781945562726608 0.793137458275414 0.801369840735081 0.804415063099117 0.811165391577287 0.818849687791669 0.82527610361655 0.828934936943937 0.831734226591808 0.836603913464799 0.845391566933422 0.851280379858251 -9999 -9999 -9999 -9999
0.663941040633137 0.652279311348906 0.6458604175757 0.638901855451722 0.631555546894908 0.626922420186912 0.625677926604497 0.620328754302071 0.612865681700798 0.609852000944388 0.614220455076934 0.620613275130284 0.623339333992754 0.633521995894133 0.615613134398482 0.630588971133804 0.634785137856114 0.634478147628011 0.638956024760802 0.647444331593245 0.657228923703198 0.661319392236179 0.65574643578291 0.660095145466647 0.664201345689064 0.651050139859018 0.654703455122255 0.656170019183652 0.650003982785032 0.653996176764279 0.669412330912656 0.683239918281828 0.685441111986395 0.689184376344403 0.711221944146193 0.719663991774689 0.733519640484241 0.744981366406719 0.757303294858755 0.760885428785154 0.764340769269267 0.774599874003465 0.782401781546226 0.792009631758321 0.799078082919092 0.805406460669869 0.816481421587244 0.820896386128212 0.821815392889918 0.821647900533796 0.824980440419652 0.833494338262419 0.842925079112655 0.85220686432652 -9999 -9999 -9999 -9999
0.6532253232244 0.644652978062999 0.636938501991295 0.630322230302958 0.622806207372516 0.618151219788718 0.621421467987463 0.621451270765121 0.615377848924408 0.614187742359662 0.614756080655677 0.613853020175666 0.616820175202604 0.616650285907042 0.628419987445365 0.631175526409333 0.639428965313781 0.641457035039756 0.646179244102657 0.649653713766407 0.653009337956103 0.656696849836903 0.654659723881078 0.648755814649981 0.65452781979229 0.645492366961617 0.645748306085796 0.654224145856435 0.641085440504995 0.643759411259739 0.663883157693533 0.679704071291891 0.686556600982631 0.695602139203348 0.708724914458081 0.723363828745546 0.735366557101256 0.744552962886099 0.754795034542997 0.726372102067745 0.741275952478238 0.763102110528739 0.765800763215941 0.781695481558739 0.795682652024496 0.799184136323437 0.816891612126333 0.818315873813659 0.811978564077225 0.808152750534386 0.819426933213014 0.835650602816807 0.846190645317231 0.854353353549463 -9999 -9999 -9999 -9999
0.651594840721788 0.641729886624178 0.634018529691399 0.626230521828397 0.619418121778056 0.622069674421187 0.619592257849497 0.625955365798988 0.627721679685572 0.627360401274517 0.624795153209298 0.622298665525925 0.620617177196422 0.617529884672944 0.625995387209124 0.624956119240124 0.637150377445646 0.643906519319232 0.646402473739548 0.642326526485048 0.644759657064931 0.653439401020005 0.658610695590545 0.655337788037782 0.648462760443141 0.637622173359372 0.639924866117357 0.654256633758015 0.639900361975958 0.638724724045059 0.653346809714868 0.672203102269822 0.689907440724033 0.701480407051539 0.709317556103279 0.72699079177416 0.735845741235969 0.746127177403965 0.728100399021814 0.721384217286365 0.740066495273004 0.754571305377837 0.759177171646078 0.77704651904698 0.797826340144165 0.806177876439194 0.806456598468865 0.780021650396162 0.793593452799745 0.797014522940972 0.815027435114066 0.835379250821112 0.848300988483459 0.85935984960894 0.869086152416434 -9999 -9999 -9999
0.64583592576786 0.638141821461221 0.632256827293446 0.628316446231985 0.620187330303896 0.620943874457359 0.624114441701396 0.625208897417763 0.622734075473899 0.620377623963153 0.619434396749307 0.617911274795687 0.61509449982419 0.612513410377412 0.61324982390359 0.618122940359902 0.627472123221337 0.632907884873626 0.633830548191079 0.64033346610086 0.645415264104036 0.651130115655912 0.657337109886298 0.657882978069067 0.649062386659736 0.641260489971211 0.649624638889605 0.666134044408258 0.655156140100291 0.660072335273809 0.660002251623931 0.672602245042987 0.693847968298182 0.699601036479612 0.704105860028521 0.722109973554447 0.734160917272481 0.745201991564328 0.742028449424837 0.744736307272948 0.748031004619624 0.755020513345433 0.771274951697639 0.786075649992182 0.797576016438818 0.802950589963461 0.80202480922167 0.788490072450585 0.789574694932181 0.78932486195068 0.811467485449805 0.832072174086107 0.848049560237508 0.861124885434803 0.869153298786843 0.869146024638184 -9999 -9999
0.633565157108657 0.62983789756097 0.625050140819334 0.621985960972999 0.612800476765387 0.606474235968708 0.614201113431054 0.606324385888077 0.606570064403534 0.609293145287794 0.6062640662673 0.605220554000657 0.604258054413386 0.60238623966283 0.606191022800754 0.615114770660173 0.618318780898729 0.622253199107501 0.62666287574892 0.634510199582069 0.641116256796995 0.647997163776075 0.653226192152994 0.656223366004428 0.656136398255123 0.660112683051624 0.670461439475583 0.669618023867333 0.671847417461873 0.667203061296461 0.660059505673944 0.665754620389183 0.68166683246197 0.682431951183239 0.691761916734597 0.718857976948803 0.732070178263946 0.740491729909835 0.74791514331832 0.755088218039096 0.757677947944447 0.758095031736878 0.777172257605972 0.788983466172338 0.795938399870596 0.802745469375269 0.805346234141256 0.801528470376348 0.786562128440774 0.776467922135397 0.806777038333903 0.817063439957256 0.844033840134548 0.860752383937366 0.868359293408201 0.871421223217463 -9999 -9999
0.622818354569373 0.618800186626633 0.612974314005027 0.608623016012437 0.604445044172874 0.608894020812531 0.601885175879986 0.609850861323904 0.601466134142213 0.594998112328504 0.595205256207868 0.594615355217593 0.593199058979807 0.592078233158128 0.597726286127149 0.610968803243396 0.615111587829039 0.611251670304207 0.61071151017788 0.623150401127171 0.633517343844914 0.645258352516495 0.649063094672396 0.654702033554002 0.659033905592251 0.664665973648657 0.671292843941707 0.671011710328875 0.670344501861026 0.656274308851395 0.643969377053986 0.648548187284282 0.655330142092174 0.666631039258178 0.682551327144981 0.705933545884552 0.726220307385745 0.731674831174982 0.733176439726491 0.743781914257226 0.759416474636722 0.7767304304694 0.784120692019821 0.791049423091084 0.794755061737664 0.799057212566142 0.794487471932028 0.788802793639392 0.782320345885812 0.782233402341183 0.804880354675993 0.821566823444235 0.848925683893677 0.863796955416606 0.868212492779407 -9999 -9999 -9999
0.616463879654465 0.610330681692002 0.601011056500762 0.596015162414596 0.598210983369327 0.599169529693785 0.594154917319156 0.604622217037717 0.589227851103923 0.582521101328064 0.58528324587998 0.587010696176493 0.583367750265864 0.581624556318503 0.585834490885831 0.596459406716129 0.605864613987666 0.602940954992957 0.608581122770154 0.615413004426085 0.631435890131673 0.640077675219794 0.644123905676328 0.651015518791246 0.658338116415598 0.661255831469926 0.666304265981552 0.670406380354666 0.664280771249976 0.648477087481488 0.644003650056321 0.645150154820551 0.648331136989581 0.647490828093453 0.666085973425134 0.70167211099009 0.725215418744148 0.729869235480133 0.722881789360568 0.726866676750829 0.749540313845758 0.773554941968745 0.775760925311318 0.777231151741958 0.777837573562321 0.778260770254084 0.773200239935272 0.776391233401754 0.78352618040798 0.78358997829303 0.801018777632481 0.813014929771972 0.851375891236012 0.870335682367337 0.870185747302857 -9999 -9999 -9999
0.609654279778713 0.602824058404141 0.587694760821849 0.58416909631394 0.59110689840678 0.591045181230606 0.588661724522598 0.597021779779326 0.576014651104164 0.578333167786343 0.574375389068039 0.584571314307327 0.580558712792611 0.576227459578981 0.586954468055297 0.597745675625816 0.597346866489142 0.59599477073032 0.605497822716187 0.616529461865358 0.630145038062777 0.632895746041463 0.640524964359676 0.645355417598097 0.65505133887124 0.664009401754462 0.667413835168365 0.667996972300353 0.663760981439226 0.658399217151251 0.665493229463075 0.669040969611529 0.672101994572316 0.691393371667056 0.686887108828466 0.692525583593963 0.718967179518885 0.725549383160978 0.719968335843054 0.725203400959458 0.750481945869288 0.762052129091479 0.757296042625512 0.738237544972401 0.757278667216518 0.76254181976668 0.768711673897112 0.778005927121397 0.785879296814522 0.791591606672847 0.802010422033507 0.821070343003941 0.854674096895002 0.872412594668968 0.874876485530274 -9999 -9999 -9999
0.604012266611173 0.599009771601595 0.580500024755767 0.578865667525477 0.578210269955274 0.577396943322672 0.585026676148029 0.588701314074793 0.572102110337402 0.575106527173629 0.568834596530427 0.589223256297524 0.563271896364673 0.574531782709033 0.591714738885299 0.593930459136104 0.59219960059535 0.593705873997188 0.602660702491621 0.614729896896112 0.62151007948739 0.632352839288125 0.63546964297542 0.639798993824354 0.645435578084931 0.656809236822857 0.662942479179848 0.664492273570147 0.662211044997454 0.666111189439375 0.675990457669869 0.686792264719457 0.697739841176124 0.703402342534753 0.706660395576761 0.704126577993051 0.718473201568606 0.721050916708218 0.724567157257637 0.735726553225297 0.738311570304681 0.74140758992673 0.748221743932627 0.742467990715515 0.753767671718004 0.767293808708957 0.776887859567618 0.788624400228428 0.795580075907376 0.801514212633642 0.815032697962993 0.838225551152741 0.859979151998494 0.867282655221969 0.87187734707826 -9999 -9999 -9999
