layers/veg/veg2700.asc
NCOLS 255 
NROWS 330 
XLLCORNER -2985163.8955 
YLLCORNER -3022031.214 
CELLSIZE 25000 
NODATA_value -9999 
[rows 125 to 149 of 330, columns 57 to 113 of 255]
0.0612920356137739 0.0971311265778702 0.134381335624082 0.121127013034343 0.188482366267954 0.251996472453527 0.2847096419493 0.291857084515388 0.240922477419353 0.240103024258491 0.204422384057741 0.183753944828493 0.189032117317118 0.190987769104164 0.143158969220932 0.0959058013366244 0.138696527045412 0.209239073113755 0.318909033622597 0.4763719989583 0.539531634946503 0.597693008193516 0.626350917160532 0.650457899499123 0.687467298329796 0.711196992819349 0.713734392579381 0.71150288950234 0.724621078974777 0.717929442883885 0.706484454445892 0.688673960548865 0.665630956648629 0.645584200195216 0.626184225047912 0.603333409873432 0.585055840333346 0.568961051569742 0.550839680069865 0.536546767744596 0.523215498142522 0.507789207790166 0.49552727327309 0.483605370604877 0.469880885960831 0.459924057257205 0.453176427797476 0.448403390207738 0.447552069399845 0.449307191295157 0.452468491448883 0.454927524058451 0.456453725047951 0.458751562377291 0.463848566222526 0.468022163408614 0.463305191364132
0.100639911220592 0.103541086075289 0.130288171191736 0.158149970876204 0.187690812535409 0.196212331369729 0.161937221850068 0.175486488763674 0.157462016876945 0.123973741691715 0.1606243399153 0.191474187995738 0.203279483066029 0.170862871894696 0.126425096060406 0.0740099526528774 0.0452756988045596 0.0654588887123119 0.121373302637281 0.161965047383576 0.219315893457264 0.340449246465685 0.451304417293616 0.523163413029877 0.586370884766458 0.625933029130187 0.637603197737169 0.666046512286439 0.688589255191625 0.712450832382715 0.713238365376822 0.694942771582174 0.670416971231201 0.649445820276978 0.62984767483441 0.606988393199682 0.588625815801016 0.572375824383934 0.553697364286261 0.538769622346752 0.525183948328855 0.509412513195122 0.496663754883859 0.484421299751237 0.470159923732123 0.460711798753741 0.454464351523063 0.446236884960785 0.440932433603121 0.441355567455833 0.444351427734578 0.446506727664128 0.447600733671781 0.447243306768124 0.445482388960814 0.445710543763518 0.443450513063201
0.0864073002180388 0.0890127311228224 0.102886796487421 0.108192561058368 0.148588026479888 0.144132629349886 0.101721699094031 0.13021849548617 0.126239643268311 0.137165816535409 0.16783929107703 0.131675589459726 0.165175118613772 0.149158477206288 0.121599343770748 0.0953903897192183 0.0702739569798326 0.0520606022676771 0.0773088647109176 0.106956682200225 0.135674426630056 0.164553758768672 0.259292504317481 0.414076433180424 0.497065689358201 0.559726213375704 0.617481418090732 0.623580516340868 0.64720274261735 0.709065276253577 0.712900451203272 0.69553331089705 0.672006460324098 0.651124189254264 0.631341660714547 0.608330571184965 0.590061843411655 0.574212586780313 0.555366959451009 0.54036360642129 0.526963645838803 0.510905561166354 0.497803597792854 0.485412409827704 0.470928300083363 0.461199755601161 0.45450926119855 0.445479626268843 0.437672419211689 0.434914348050695 0.436140806006679 0.437787410278785 0.438235581595393 0.43807383924693 0.43596305445436 0.431061314565167 0.4256153122538
0.14994944451799 0.090322089132322 0.0835467217523674 0.078920024691222 0.093259582822647 0.134675422526123 0.155107145266032 0.142930369042946 0.135446510849708 0.131874530990404 0.12077764449453 0.11082564186361 0.123383214733853 0.111835251794937 0.129911601939519 0.142857644612742 0.0998082535670903 0.084728375763765 0.0988302564429959 0.123631589694077 0.140810790526965 0.13862609198178 0.195017257631484 0.295488545984881 0.359891962172983 0.442753952280416 0.532466462826525 0.539130677909393 0.580352545571046 0.687112393754936 0.695309568774805 0.674811621895981 0.663130235961279 0.648361342017853 0.62983366013251 0.607253060194368 0.588928655135824 0.573650419124936 0.556112655491367 0.541487454219046 0.527771943652857 0.511555739071927 0.498245246714319 0.485540805977379 0.470854349937395 0.460533557116111 0.452342428609731 0.443004127145451 0.429552499033308 0.422713547896902 0.428428463858709 0.429156060711298 0.429113653807644 0.429654802163016 0.427544241403913 0.422486077579665 0.419673147101751
0.226980725752774 0.129524466839796 0.0964129562564605 0.0923279967820129 0.106492100863061 0.112747526579799 0.105497372511302 0.106977128866654 0.0777101646733216 0.0479960511884205 0.0542039309454671 0.0919385914942094 0.125654322170168 0.104345052288136 0.112092091397973 0.127894998113494 0.0935392333468809 0.0935394273204206 0.130198481520064 0.128242305763672 0.12349092112844 0.115063231687392 0.119914489303267 0.128421851896421 0.170166746207521 0.343141009192038 0.5028547369467 0.526399213135764 0.552461496016423 0.636255506723983 0.684709304303957 0.663318981167336 0.644183159324254 0.64032445519295 0.625006855737468 0.604376156149063 0.58792172589162 0.573366250219815 0.55583582921435 0.541526672794587 0.528116461922651 0.512003280407919 0.498543570563231 0.485854816378762 0.470688561665676 0.458585923039294 0.448788128986519 0.437332467282209 0.422863563622785 0.415411202400875 0.418856149393754 0.420164175802895 0.420204452568123 0.42026084107148 0.420341631723332 0.417276682721664 0.417258070321533
0.397509601768136 0.241143294349984 0.126606755592094 0.10246315706144 0.0688758490998566 0.0557447088728035 0.0535325764744037 0.042285079074865 0.0163151680796161 0.00367272474725728 0.01687908791129 0.044676176330953 0.0699225066826807 0.0841608291539452 0.117650091244123 0.131760914098514 0.108632294498724 0.116697864926223 0.140632889079088 0.142343214479235 0.138207567412405 0.137682842850194 0.135930444152686 0.0960170257351889 0.0770399126607827 0.166563560652236 0.408064264739152 0.551764910939396 0.557445580628518 0.576980477277336 0.61320369830902 0.626356288326309 0.631956166524685 0.627011187920766 0.616822886640915 0.599666787299352 0.585345083265461 0.571465600096156 0.555185363154526 0.541507818793332 0.528328936534505 0.512203148084542 0.498900944749209 0.486217914585939 0.470413300611716 0.457002500380662 0.445312362586212 0.432272626078068 0.421968122301769 0.414012394927263 0.410233194134399 0.41133998349774 0.411522848251128 0.412402206504363 0.415160720901414 0.413398399707041 0.412319986047417
0.471706622167571 0.302364032782057 0.149542366549362 0.136740157917898 0.104769532981486 0.0679791314652497 0.0646419842505217 0.0591465418314823 0.0199669719971524 0.00305699887852319 0.0162857806184002 0.015402627214294 0.0349790698678177 0.0583522467903689 0.0970530271873119 0.122754087600619 0.106383626945372 0.109424209235374 0.135953337631026 0.142218793970762 0.133706839436095 0.138562756716907 0.136026659936015 0.100688262479269 0.0927167318735474 0.151694022330763 0.361067545530261 0.536106509425071 0.552624413770982 0.583439584474795 0.6085252811728 0.592216652343091 0.607926232093877 0.60925425054589 0.606500912184732 0.594309461641315 0.582313843515272 0.569358614029666 0.554083198891849 0.541292095327114 0.528127297616751 0.512228756466627 0.498921268278925 0.48612174989737 0.470059367563128 0.456293143124792 0.443259365401518 0.428500070889708 0.416651073229671 0.406279020152185 0.401227583694913 0.404379730125317 0.407016956271323 0.408501122463439 0.41034315209623 0.409759268987604 0.411398126664272
0.522638422491817 0.409156948806847 0.296285614899403 0.243431048806385 0.196641139474174 0.143470469701507 0.100601514892131 0.0781685939268218 0.0593660028759043 0.0480012030731343 0.0258166044276412 0.0198275238300949 0.0173852090982638 0.0289116909748633 0.0489304247851684 0.0537029454539476 0.0386463887251413 0.0364157889844643 0.0489940493248153 0.104628862674653 0.152903771447322 0.155536017424551 0.143662732919186 0.124472202243066 0.10627894726581 0.162185312981253 0.319891249924904 0.454428047798844 0.519328604358905 0.557809342166901 0.572799999815919 0.571776374353359 0.556695208391769 0.548993114528909 0.575038311231034 0.58068992313462 0.5741044906614 0.564575444734814 0.551136185289884 0.539377190555574 0.526849502099717 0.511543694617665 0.498676180520301 0.485707263949844 0.4698881496623 0.456429593893335 0.442210711905303 0.423599160697145 0.407669080358217 0.3991937622129 0.395090202913245 0.392542460834717 0.394815957030538 0.399371677345535 0.399478383961506 0.400417684090574 0.404472481178904
0.520189507366185 0.459359181664333 0.373797540896161 0.323371192985712 0.286739166409921 0.216452898554303 0.149788497720479 0.163232541834052 0.172522128903793 0.0759484791394508 0.0154125891755292 0.0309226842018908 0.0299137177724657 0.0381238157636619 0.0522662541585363 0.0684066309314752 0.0356432905031022 0.0202155725062554 0.0267778176411013 0.0784725489842314 0.134470525498802 0.143079760976773 0.150334292390723 0.145000176432802 0.127842828757602 0.200698347077979 0.282559510300965 0.283065864669083 0.395672473472236 0.509699271081923 0.529113967775316 0.529812768502861 0.521678595960317 0.497303637578098 0.52186386660654 0.563708820441395 0.565652850625663 0.560107769252331 0.548679414115644 0.538047184820504 0.526132379310311 0.511665675213753 0.498947439981494 0.485411681815425 0.469907786477524 0.457140064033751 0.443419480840764 0.425144347694893 0.410071746792046 0.402034928853417 0.395515220642281 0.386232001187185 0.384382825933963 0.393171582346941 0.398055085430709 0.398421946246424 0.402407748221695
0.562151435184911 0.508774316982468 0.460525458145271 0.401794185174161 0.269075499853248 0.183497504910426 0.145279672462047 0.172777573353148 0.204097826451806 0.0921721833155797 0.0244788663157545 0.0870076160210882 0.141638661637219 0.0906775272108833 0.049598991535936 0.04089335514686 0.0305599675723223 0.0512165374735657 0.0629288171308841 0.0885093374838941 0.124266208572974 0.141956734666461 0.144531613353927 0.146545742319631 0.146585506046699 0.156380946258317 0.145440111697346 0.160589961820589 0.293437158008041 0.432763938305725 0.484088160457075 0.483249715321708 0.487253105515283 0.506945040321932 0.508895388533463 0.523408374515842 0.559579367422429 0.556894406739162 0.546714834165824 0.536432003015742 0.525375372770356 0.511558891309725 0.499126421197078 0.486589249416324 0.471265148450706 0.458149402783601 0.445656333222532 0.430726975833209 0.418775150784834 0.408756941638511 0.398417080446155 0.384362061132993 0.377991959017174 0.387324968385509 0.393584887694203 0.397439592550161 0.400906909127509
-9999 0.553104117657693 0.487874469413199 0.412593140378196 0.345902654894052 0.261638088380963 0.230105096381445 0.28391169762761 0.30877738288811 0.174846191333606 0.127794786194042 0.235972184428695 0.196935025962551 0.0887767153531552 0.0514059898142523 0.0346349338631516 0.0374724833884269 0.0366951435598654 0.0556015741167483 0.0730464456671277 0.0967590343620117 0.12476307344168 0.132016383111254 0.138656462768765 0.141516873587015 0.136865181805409 0.0891321550437791 0.0317603753719024 0.118739653594456 0.31895563477857 0.424209836609903 0.426472085809107 0.433863896659404 0.45775447772913 0.463538528076062 0.480796491149765 0.528440899490009 0.548077667881776 0.542073650424294 0.534007622066379 0.524588827313111 0.511702835685707 0.500117869617038 0.488871455976676 0.474341121452789 0.462418421002627 0.451747522334551 0.439187497818785 0.429565424830821 0.417626462199478 0.397591674243586 0.383954391001577 0.381152720306461 0.383412014526365 0.391497622892353 0.395706665733285 0.398889833425689
-9999 -9999 -9999 -9999 0.528588894368514 0.416015745761508 0.369618773027853 0.41529034410137 0.408724754095417 0.326661365365912 0.336623373940987 0.323861452529028 0.210051886810388 0.166022602864923 0.111890524973068 0.0649033580190344 0.0548427777620545 0.0310871131326894 0.0521477897296783 0.0744323237378122 0.0695833289850966 0.106336217282264 0.116399791759995 0.123713644259366 0.130185983970735 0.131635690668318 0.128877953619471 0.113000771798501 0.0771978369040541 0.176687984156084 0.354254556065861 0.369571400554268 0.333769634669732 0.332785286130793 0.36938829011205 0.390253298017419 0.430165743936629 0.501674621356556 0.529957331773797 0.531456906417807 0.522875888929871 0.510555783237107 0.499485448819118 0.489355751405757 0.476186942596819 0.465704459037932 0.456889149398196 0.446430903582846 0.43822747085966 0.431894595844542 0.424895016715139 0.415687796483456 0.400687929786562 0.384097954075141 0.383809441822037 0.395107696228634 0.397556463643386
-9999 -9999 -9999 -9999 -9999 0.443115576557226 0.40467796249114 0.407878793115311 0.378576349575884 0.357955103314181 0.401067977183354 0.403380044047192 0.346347732166239 0.268324619410155 0.143888686085653 0.0588135491483752 0.0567874414444428 0.0261077717136184 0.0282894016958658 0.0429197385469555 0.0441772804948281 0.0645515573912786 0.0902344359266581 0.101809204697055 0.100422993142195 0.112378398476574 0.122704396251688 0.114148568277151 0.0827562192627633 0.116960383358342 0.240488852173233 0.307262976655921 0.288144322902617 0.255701664026082 0.32121498748132 0.364834968100951 0.388035299832672 0.447898238304594 0.50327855676586 0.52693239006694 0.522094530611657 0.510556132134855 0.500484209019922 0.491149364338915 0.478623618368819 0.468683082587653 0.460625650387525 0.451131805599047 0.443564314702856 0.438128051383999 0.432469189550603 0.427148077977998 0.414675230973433 0.39684263860619 0.393829968945685 0.398872265058065 0.395597906231357
-9999 -9999 -9999 -9999 -9999 -9999 -9999 0.557490570038539 0.523405033456652 0.481549554196827 0.476935879502849 0.470125381711332 0.442984098864061 0.406085033033398 0.321018398547282 0.207143859233459 0.120016063027963 0.0972974803442481 0.0873845594485404 0.0358027038570205 0.0135163219557863 0.0170410312878598 0.043310324598846 0.0712994542632365 0.09104708066403 0.117941571381769 0.101356978753288 0.0935877443206496 0.115298723047445 0.14005505808054 0.169485363680872 0.202917770579109 0.260797165116652 0.256578561933013 0.215672769326347 0.219363119148165 0.261261475077622 0.328290206465178 0.398229541383695 0.4896884214428 0.515240287085669 0.509681076111461 0.501901255774453 0.493060742903885 0.481210366405869 0.471181353263908 0.463170510739793 0.455382827589454 0.44968605474176 0.444124013170693 0.438406808966926 0.434734356501141 0.429743063291715 0.421909537775225 0.417027373428495 0.410852531661125 0.405392400024775
-9999 -9999 -9999 -9999 -9999 -9999 -9999 -9999 -9999 -9999 -9999 0.510895883709643 0.475663452393868 0.437560678069271 0.343488807665838 0.238671721520413 0.244317734481801 0.260052313043895 0.185374276096315 0.0639294278134771 0 0.0115824318992589 0.0360523961320863 0.0529058189548046 0.0842940431630727 0.113188614739424 0.106550107431875 0.0862209510612323 0.0841253139479522 0.135898437987949 0.207677750518633 0.164999542120684 0.116499820815405 0.205157109417034 0.201942647477356 0.112178357665154 0.111957497542657 0.181796095234251 0.307760304527325 0.430122294126544 0.487001381432661 0.501408154363072 0.499921768719128 0.493249644361435 0.48364960060009 0.474349516230733 0.465068735576156 0.457550455593453 0.453729511942735 0.448759353552175 0.443020979692721 0.439276741167835 0.437100515783291 0.433987661994331 0.43126660394026 0.423594099374202 0.416162752496651
-9999 -9999 -9999 -9999 -9999 -9999 -9999 -9999 -9999 -9999 -9999 -9999 0.533272618446643 0.464398777269966 0.446675342035477 0.417601618042157 0.372240220843693 0.285440228031856 0.153073649454879 0.0367983601729129 0 0 0.0165209350345958 0.0391210373279674 0.0760944474580144 0.106184578729263 0.103863767125081 0.0887500449356573 0.0793905644775624 0.0899448879222862 0.110194674386792 0.109725885761512 0.0792811294545718 0.116724537877971 0.18156327818451 0.103031872056761 0.0347924540951917 0.102699100151288 0.196176243987533 0.267700193547792 0.357024396517629 0.441375539124904 0.477249262354712 0.481649230238599 0.476535110469464 0.472920468161162 0.466110944582206 0.459332991890284 0.453743855780155 0.449517552759727 0.445602683644856 0.44214049146648 0.439518177536538 0.436786682164268 0.43460025673056 0.430840787440807 0.426103793863686
-9999 -9999 -9999 -9999 -9999 -9999 -9999 -9999 -9999 -9999 -9999 -9999 -9999 -9999 0.509456502277089 0.491479560760186 0.423940814804334 0.350506934107341 0.258246451110919 0.131298218473527 0.0645164766719787 0.0269996296961857 0.0121624171548313 0.0333542407677836 0.0549622490554127 0.0853746932764095 0.0957044470640383 0.0962992042253785 0.0863116882208903 0.0861176561442711 0.0853994528257513 0.0840189356417204 0.0733422761490218 0.0564464050645759 0.0960428466709005 0.114673793928344 0.114569324951687 0.129076221641266 0.106105257723116 0.107474337460862 0.194040902715506 0.310659028838189 0.370684075875769 0.391872396889426 0.415960276965358 0.441073525802258 0.452451032435974 0.453189190700645 0.451243816520916 0.448604334970129 0.447122625779666 0.445290919982359 0.442691497424082 0.439584297365711 0.437298057219972 0.434466143641521 0.43144316504307
-9999 -9999 -9999 -9999 -9999 -9999 -9999 -9999 -9999 -9999 -9999 -9999 -9999 -9999 -9999 -9999 0.513113151637418 0.449689386259527 0.430845363951719 0.367610750776845 0.277367084611754 0.148331066632653 0.0308049100878518 0.0333477297775783 0.0684996880233344 0.0747733439850947 0.0724329714344358 0.0823903090824469 0.0979331582119183 0.104552465885222 0.111542676774574 0.108980795646541 0.0993949671139382 0.0787495583057599 0.0541647387321903 0.0938334466617316 0.193115863228628 0.213745095374553 0.147816985196119 0.0861167481724737 0.113470496565749 0.150322767548447 0.175102720765178 0.257710299500766 0.270451468926108 0.313752121086968 0.377749000401776 0.416365441447262 0.440908191992548 0.442886818495365 0.446252905647103 0.446959605969522 0.444952009639849 0.441920407803632 0.439529197970746 0.437684653669207 0.434470496340991
-9999 -9999 -9999 -9999 -9999 -9999 -9999 -9999 -9999 -9999 -9999 -9999 -9999 -9999 -9999 -9999 0.48142629433702 0.475935441548974 0.483337316499579 0.427000012915628 0.286002079267337 0.148636404503114 0.0662915410112686 0.0384094926049002 0.0588596018211189 0.0594548292838369 0.0582825659710022 0.0735330494608503 0.0873802981202111 0.0913956581333652 0.102211888626041 0.105772694609405 0.102453114351359 0.0902767491628008 0.0668862077948627 0.0741138405597636 0.158034905922373 0.201102787396698 0.139741537043864 0.097187234095763 0.149459792407145 0.194817979236806 0.209179446475085 0.250073176649882 0.267492005332957 0.300361936032462 0.338341137874316 0.391117091016158 0.432922714943525 0.441223329800165 0.44798611357818 0.44862040920431 0.446782348926745 0.443903819744753 0.441651487034844 0.439802909286263 0.43753322033666
-9999 -9999 -9999 -9999 -9999 -9999 -9999 -9999 -9999 -9999 -9999 -9999 -9999 -9999 -9999 -9999 -9999 0.533734094840015 0.527899061209522 0.50836688317284 0.453779999954403 0.324973777950001 0.146397412520217 0.0268815592600583 0.0113214912524718 0.013825602841441 0.0303870209439818 0.057720164929933 0.0589741721961857 0.064414837991845 0.0644778208529903 0.0790698549130683 0.100926620375134 0.0973166777645768 0.0664424315749681 0.0536741111639901 0.071086162905097 0.111245979815578 0.193943278311267 0.216803007078562 0.220533699191657 0.257862428797517 0.27709809017323 0.28121888232376 0.28926699155594 0.291469170062014 0.302573048018657 0.350124962992906 0.404971457144298 0.432513569494363 0.449911874982536 0.450125603463127 0.448198669097239 0.445985046226475 0.444011385489507 0.442302138090488 0.439999655122939
-9999 -9999 -9999 -9999 -9999 -9999 -9999 -9999 -9999 -9999 -9999 -9999 -9999 -9999 -9999 -9999 -9999 -9999 -9999 0.555744843788759 0.532077419310345 0.440713493519666 0.247236659772012 0.0672675718388728 0.00596676401486255 0 0.0128777588362255 0.0581051681161801 0.0427356728036604 0.0606778780836766 0.0787240613673721 0.0774247675475767 0.0896390105035161 0.0971672613057196 0.0637445859176372 0.0667760905537692 0.0885475308546248 0.0673649171965633 0.131200762627306 0.217755006661315 0.234890000712046 0.233745400511718 0.257336639340934 0.264034401921285 0.251328334864912 0.259551217158243 0.303309962026135 0.333406333949304 0.390782297925391 0.43349046369314 0.449856128099901 0.450916745034485 0.450043991209211 0.448220608881426 0.446494162389704 0.444683422113468 0.442219842283584
-9999 -9999 -9999 -9999 -9999 -9999 -9999 -9999 -9999 -9999 -9999 -9999 -9999 -9999 -9999 -9999 -9999 -9999 -9999 -9999 0.559043945123521 0.478026121963902 0.325625168753797 0.149913384288774 0.0441337980506461 0.0053442031275507 0.0338199652706567 0.0779542284026899 0.087144009742708 0.090072445495913 0.087474625226328 0.0887098713294222 0.0946485963313436 0.0957703966833472 0.0607300279279377 0.0468230880198486 0.0834341266169578 0.0761493485886536 0.124737283457449 0.204334538871746 0.229811763083131 0.261104729262289 0.27432260954625 0.281591424486608 0.284374014817248 0.268777590581936 0.258377581781114 0.332616797095832 0.414308406760364 0.44016609123062 0.452278830919155 0.452254778355577 0.451274743372941 0.449463267512949 0.447813606546063 0.445909137398914 0.443015079236709
-9999 -9999 -9999 -9999 -9999 -9999 -9999 -9999 -9999 -9999 -9999 -9999 -9999 -9999 -9999 -9999 -9999 -9999 -9999 -9999 0.531617305517341 0.496037843606049 0.349558943992153 0.19040278297707 0.0763445075341071 0.0198719914747008 0.0479521224768891 0.0765861796873416 0.0896666224907713 0.0915717040847021 0.0899050382320749 0.0897214577603343 0.0917681931328834 0.092894141760911 0.0694082020477932 0.0424046473536948 0.0569791818396398 0.0737442491034647 0.0959958822969193 0.138277376185407 0.193511005855412 0.24404117562441 0.255109320389092 0.272345839695178 0.291568775477376 0.279217163941666 0.296545956948596 0.381004462053362 0.434559170983616 0.449151500829273 0.454474308599239 0.454420296496425 0.453428171422797 0.450972054063687 0.448542982304522 0.446262859564392 0.442853754701661
-9999 -9999 -9999 -9999 -9999 -9999 -9999 -9999 -9999 -9999 -9999 -9999 -9999 -9999 -9999 -9999 -9999 -9999 -9999 -9999 0.494511194737749 0.470290330692665 0.375562383269596 0.24150880444875 0.121418934419684 0.0356439126651569 0.00498554957070284 0.0405348564619476 0.0813535261801578 0.0920013793366182 0.0964438151220325 0.091503315077792 0.0857892019072108 0.0872541757793316 0.0675053511868616 0.0198216515607457 0 0.00455112405761411 0.0230406901823705 0.061894061098291 0.14092317413782 0.184865637480733 0.193476979310324 0.201066740865703 0.229110020366153 0.286843450905751 0.362170891801836 0.408695226305831 0.434863823968889 0.442550341705171 0.452410830520749 0.455775802823791 0.454863643222401 0.449689826374302 0.44518246486127 0.443068286834135 0.441624981515162
-9999 -9999 -9999 -9999 -9999 -9999 -9999 -9999 -9999 -9999 -9999 -9999 -9999 -9999 -9999 -9999 -9999 -9999 -9999 -9999 0.480314785361127 0.460891098202346 0.396677422436896 0.300732426029422 0.176275297473862 0.0497202549432524 0 0.030744738667923 0.0759379941511036 0.0962816315516367 0.0967157035531845 0.0928235891402222 0.0858334796904335 0.0845694125237886 0.0721735024298736 0.0350336765758238 0 0 0.0206143845478898 0.0517763291475812 0.123914117759875 0.155274460089068 0.152796722271501 0.185454553059221 0.23161096416155 0.292807505448378 0.367948707588251 0.392333882422148 0.413617426759647 0.432573790631787 0.448124638511496 0.454311232422401 0.45502962442421 0.452644906380683 0.450808665231231 0.448719625993296 0.446520813452245
