layers/veg/veg2400.asc
NCOLS 255 
NROWS 330 
XLLCORNER -2985163.8955 
YLLCORNER -3022031.214 
CELLSIZE 25000 
NODATA_value -9999 
[rows 75 to 99 of 330, columns 171 to 227 of 255]
0.859709729616538 0.868103512611665 0.873166933698551 0.874259077996782 0.860744353671331 0.845103007998626 0.850491844824607 0.855252910885638 0.859111321241325 0.848369784559785 0.833460840976143 0.844978600034291 0.85254558330136 0.853217760451063 0.849455917834416 0.843634943133004 0.854377375781678 0.861681415377266 0.861623413319251 -9999 -9999 -9999 -9999 -9999 -9999 -9999 -9999 -9999 -9999 -9999 -9999 -9999 -9999 -9999 -9999 -9999 -9999 -9999 -9999 -9999 -9999 -9999 -9999 -9999 -9999 -9999 -9999 -9999 -9999 -9999 -9999 -9999 -9999 -9999 -9999 -9999 -9999
0.85857197517852 0.86227700718454 0.863922283248181 0.863111411544813 0.845935136648863 0.826963368335617 0.83733707798033 0.845498534205301 0.850479047190334 0.826518347123531 0.794494109897745 0.818926755097823 0.834931317083537 0.836227375530456 0.827893273744334 0.815087697273398 0.840420299710346 0.855877414382618 0.850189839907754 -9999 -9999 -9999 0.835835222102283 0.836029848820673 -9999 -9999 -9999 -9999 -9999 -9999 -9999 -9999 -9999 -9999 -9999 -9999 -9999 -9999 -9999 -9999 -9999 -9999 -9999 -9999 -9999 -9999 -9999 -9999 -9999 -9999 -9999 -9999 -9999 -9999 -9999 -9999 -9999
0.850743505838372 0.853032258564928 0.853197370655824 0.850830155931735 0.83904213542311 0.826178792241797 0.829797144120918 0.831359683957966 0.829966223655315 0.800392012999617 0.763711888322135 0.797384384914235 0.819413669648191 0.821123479780067 0.81935372264569 0.815971039080446 0.834573652651163 0.847418240177764 0.847934153546165 0.848121747812209 -9999 0.835782198253453 0.835835222102283 0.836029848820673 0.836109555088251 -9999 -9999 -9999 -9999 -9999 -9999 -9999 -9999 -9999 -9999 -9999 -9999 -9999 -9999 -9999 -9999 -9999 -9999 -9999 -9999 -9999 -9999 -9999 -9999 -9999 -9999 -9999 -9999 -9999 -9999 -9999 -9999
0.844946304765224 0.844977994708482 0.842480675085498 0.836967648081328 0.828563501241906 0.820473207609206 0.82378288782326 0.819929318059848 0.805775892326749 0.777781336148576 0.747866210852381 0.784873175154799 0.808069138763395 0.807162450865992 0.809218240976968 0.8126578958191 0.829617911117639 0.841988138015137 0.8445310377665 0.834615129704158 0.817580534697331 0.823077745943136 0.828256200843666 0.829709199912637 0.830144556251217 0.829874098235674 0.841143120621652 0.850926317981837 0.85166719920261 -9999 -9999 -9999 -9999 -9999 -9999 -9999 -9999 -9999 -9999 -9999 -9999 -9999 -9999 -9999 -9999 -9999 -9999 -9999 -9999 -9999 -9999 -9999 -9999 -9999 -9999 -9999 -9999
0.84167924948065 0.838406597521504 0.831774214629864 0.821135533973612 0.813618606119696 0.808638019500704 0.819669014020772 0.811872637647258 0.77700486084771 0.759549758596005 0.750625478273089 0.783611170084041 0.801922637817402 0.794624975777758 0.797094869733866 0.80411761481573 0.82577188064512 0.840331045058355 0.839698685013561 0.830893391079332 0.817418263670917 0.812983461476095 0.811236758036338 0.815515556838576 0.821684669267978 0.829164861167609 0.841143120621652 0.850926317981837 0.85166719920261 0.852004635233831 -9999 -9999 -9999 -9999 -9999 -9999 -9999 -9999 -9999 -9999 -9999 -9999 -9999 -9999 -9999 -9999 -9999 -9999 -9999 -9999 -9999 -9999 -9999 -9999 -9999 -9999 -9999
0.834063291261864 0.81344199420728 0.786537990851658 0.752142199398922 0.772441944812887 0.802385019239368 0.770130124274606 0.738025118356498 0.706135634107578 0.722553734417405 0.756802632010766 0.786966441348675 0.805055302061615 0.802071230760968 0.807720348613476 0.817386839296679 0.81958461832853 0.822131874729823 0.825427407116758 0.820239176249044 0.810203510889682 0.80116439277073 0.795020819504247 0.796482823687315 0.804568542752367 0.817248323074571 0.83015715365557 0.841381246271578 0.846773834631974 0.842015398475639 0.828766784435242 0.816971229192326 0.806739482096988 0.802552453677474 0.790898656954106 0.771737047007919 0.807493117736591 -9999 -9999 -9999 -9999 -9999 -9999 -9999 -9999 -9999 -9999 -9999 -9999 -9999 -9999 -9999 -9999 -9999 -9999 -9999 -9999
0.824654472256135 0.784605275745923 0.735741436489251 0.676366611608863 0.727911300555116 0.796416927349423 0.713225879466186 0.655950477636372 0.635938527808279 0.688021780781688 0.764592760805881 0.79127885649989 0.809705901005664 0.81371943290845 0.823200050713898 0.835215056828697 0.813181194035235 0.800823090499614 0.80918203169584 0.806947143030867 0.798659174532519 0.787759313427921 0.778986304412418 0.776226339534638 0.785053058020663 0.801916042271286 0.814491190591132 0.826402600779678 0.837522328107562 0.8362996682983 0.824754004920716 0.809879417305711 0.797550282710406 0.799176213788723 0.79034843482837 0.771009481654222 0.806218977767805 0.845003028336166 0.828072467740399 -9999 -9999 -9999 -9999 -9999 -9999 -9999 -9999 -9999 -9999 -9999 -9999 -9999 -9999 -9999 -9999 -9999 -9999
0.810226535655875 0.776431639194065 0.74302784729911 0.710090426486661 0.737328714290022 0.774127278185493 0.732160835047692 0.711267874052201 0.720675940038648 0.746984912971812 0.778629801997379 0.790236202511134 0.799015569975734 0.802861262184621 0.813859167242887 0.828177446298631 0.8125318728529 0.802306599976009 0.803686887588206 0.788139492217193 0.762919993571543 0.76248576362395 0.762187656559228 0.759091415604812 0.768747352406458 0.78724791594963 0.784441855396295 0.783489803246869 0.796196506933753 0.793807171127217 0.778791714633775 0.722724294914248 0.684619227851385 0.757683770752773 0.783586456722103 0.762068036440627 0.790560380684458 0.824440331837504 0.820799273334448 0.818806563137225 -9999 -9999 -9999 -9999 -9999 -9999 -9999 -9999 -9999 -9999 -9999 -9999 -9999 -9999 -9999 -9999 -9999
0.794975608315435 0.767656446961615 0.747787536463127 0.736802647913789 0.74459391567921 0.755699440812428 0.745491233579503 0.748169722873768 0.769377667174162 0.777131513338285 0.779765498103267 0.780364974142509 0.782594724274747 0.787669592526508 0.798927059615519 0.813055160548963 0.802487335454119 0.794446184690368 0.791814968562768 0.770480301877796 0.73845889764213 0.743882522568846 0.748255094917536 0.745044217685133 0.754780235654238 0.773495932052353 0.764753899464506 0.758664708849998 0.771077544491376 0.767337940306454 0.750088656663965 0.661397789833714 0.600655709937237 0.718358734770958 0.758563884569462 0.720845152542215 0.7574810828298 0.802309906554776 0.792527591805232 0.79142865572122 0.800827171633203 0.819471336707132 -9999 -9999 -9999 -9999 -9999 -9999 -9999 -9999 -9999 -9999 -9999 -9999 -9999 -9999 -9999
0.778487089852279 0.757976651634898 0.748747610241699 0.752971025544154 0.748622678596835 0.743078891123948 0.750393651439335 0.757378771387976 0.763889909790538 0.763944595803197 0.761500501868979 0.757217575404856 0.757556486251774 0.765961324868525 0.775587020959051 0.785775359783231 0.778314527082418 0.772534629127875 0.770353828608664 0.754548135207519 0.730957479671236 0.735309910645204 0.738632475878005 0.735640258277104 0.744329825316773 0.761121618250496 0.760647104254204 0.761039411168289 0.770330016032257 0.764964062232588 0.747339563493204 0.638911657962047 0.560252787324659 0.682292986650538 0.706081527046248 0.631078317911029 0.698205008300169 0.777821973305968 0.732678955657384 0.73354488790521 0.790031651804749 0.819471336707132 0.838966596675655 -9999 -9999 -9999 -9999 -9999 -9999 -9999 -9999 -9999 -9999 -9999 -9999 -9999 -9999
0.763506191216287 0.735695391019836 0.72144091686782 0.723351629696376 0.722367366532141 0.721713700552517 0.732636018080583 0.73923669787898 0.739623404088746 0.739232564035173 0.738499432764613 0.736691801491101 0.739189404780098 0.749200407757662 0.754642845693161 0.757954671750793 0.751046810087036 0.745668333153711 0.743564465584695 0.736052130853972 0.725449517731492 0.726028052835798 0.726555932264434 0.725522244202541 0.730601645439992 0.73992094939246 0.745484271050601 0.749560397057471 0.749850130624279 0.742613404402226 0.729081650290194 0.615060944295177 0.530582889873183 0.652777870031778 0.695317106122195 0.657762729520778 0.696018893212849 0.740703254553859 0.717338736666392 0.728916664055712 0.782736978428764 0.790910374818427 0.78833520183356 0.81480569835369 -9999 -9999 -9999 -9999 -9999 -9999 -9999 -9999 -9999 -9999 -9999 -9999 -9999
0.750063258607354 0.711056000587016 0.686457755868277 0.679041481652639 0.685877003140858 0.696719453198426 0.70607311578324 0.710412990081525 0.70754366501134 0.709860079409235 0.714083954118368 0.717732236294676 0.723912239990674 0.734510547823505 0.734909874295141 0.730559186364116 0.722856364433539 0.716863285418972 0.714530985835458 0.716233606131961 0.720241690314047 0.716323223590967 0.713629896781471 0.71521949426535 0.715825892674161 0.715750366081774 0.726098095566705 0.732515700320858 0.721928559446692 0.712386622376898 0.703718879454659 0.591272263017817 0.507209057738651 0.626937456897434 0.700083763745719 0.72639191593815 0.714610943604256 0.699528165074769 0.718171515604351 0.743004469472403 0.775320117165352 0.752056836404589 0.721862991631389 0.790237037731296 0.832384156019605 0.83628579713642 -9999 -9999 -9999 -9999 -9999 -9999 -9999 -9999 -9999 -9999 -9999
0.762308195792576 0.757299073448618 0.745533103334174 0.725709957016446 0.695450955957931 0.666698310393824 0.682773887941568 0.684072909853474 0.66412509614524 0.677195506642706 0.701939268593069 0.713290954912145 0.721213454441666 0.72315141338865 0.722455775575653 0.720528632280957 0.702726854376197 0.688406381468688 0.681539830205084 0.687907644004379 0.701837280989371 0.702710950572127 0.70388840723251 0.707542587161613 0.707673986609075 0.705362063900238 0.710285690256671 0.712503991635509 0.702996118763408 0.681948364623855 0.6512488118348 0.583794564002265 0.540116216762707 0.630877492428809 0.680348365043229 0.6883018607428 0.686729207594477 0.683345138256148 0.682063569070461 0.695603950014535 0.727062783667781 0.739237137261903 0.750056100435816 0.805847724330333 0.838560543041383 0.837618641568266 -9999 -9999 -9999 -9999 -9999 -9999 -9999 -9999 -9999 -9999 -9999
0.774025380671134 0.777851193572101 0.771583876299134 0.753281046163311 0.702330291806694 0.648605796094865 0.66138391807092 0.658752900330108 0.633965470318361 0.654166340159316 0.690055087924886 0.703213256012837 0.711209481899661 0.710197200964563 0.709265557772749 0.708363431919053 0.683111370470135 0.663569284680698 0.656252990997381 0.66624151282951 0.68611762311541 0.686574311017256 0.687036515510562 0.689990631512311 0.689528331966349 0.686696482615523 0.690502431259164 0.692535910880586 0.68623414329765 0.662174188148782 0.623261528124181 0.577064857048719 0.551625204156401 0.625625908653513 0.656834159170125 0.645014725050286 0.641064019891411 0.639645004046058 0.6431417405181 0.658404770478231 0.687892229179709 0.727636878860123 0.770338697235236 0.812076547119497 0.836034508902266 0.834064908395537 -9999 -9999 -9999 -9999 -9999 -9999 -9999 -9999 -9999 -9999 -9999
0.784777294921949 0.751413993585172 0.737231972938583 0.745922594028952 0.704281113692212 0.652331006854352 0.643486023207699 0.635298622660532 0.628056744220525 0.648760544628631 0.678647376395316 0.682826424958271 0.687844160964726 0.694325555660462 0.694728961904284 0.692293916355729 0.664436051750387 0.645352895159614 0.645057516726862 0.656756359592992 0.675308434955069 0.665820549300871 0.657179541134572 0.654376993918264 0.653103890397948 0.652891574993356 0.663456393145042 0.672647626574217 0.67344199666364 0.661904851916964 0.64005379704566 0.571703244100868 0.523996462919862 0.603562650109403 0.626408431502346 0.592222014317014 0.562872506177709 0.545615472522034 0.599073259591002 0.639864067021649 0.665341594240838 0.71826700451277 0.776152792822205 0.801145733740701 0.820216559036412 0.830651445746972 0.833522914386067 -9999 -9999 -9999 -9999 -9999 -9999 -9999 -9999 -9999 -9999
0.771611071729455 0.721831294944646 0.707099157296045 0.734159437298611 0.696405392383788 0.644325568302555 0.637401153278296 0.630652817374187 0.624157661183546 0.639632071077859 0.662199102485271 0.661944209737209 0.662663611467588 0.665083330271195 0.661802732382793 0.655864199310926 0.638643021705943 0.628374808504887 0.632993786141939 0.646618322731109 0.665388436320809 0.642439717728011 0.627216384649091 0.637945819357772 0.641647271479522 0.640474271259373 0.647773493927426 0.655154920052602 0.659903167880089 0.644750637245534 0.612953368053249 0.548172872044269 0.505027759051816 0.583884520066052 0.603455988936743 0.563416273669811 0.536210964931719 0.523992430816641 0.589548431413958 0.62942531930703 0.638258386206493 0.695366631269207 0.762557501540169 0.785840804523027 0.806040748049488 0.821744375631195 0.818462534722224 -9999 -9999 -9999 -9999 -9999 -9999 -9999 -9999 -9999 -9999
0.746744351269672 0.690709851973051 0.679030274283382 0.720241546145045 0.683722631143424 0.630581621451959 0.637095088922036 0.635207915805513 0.62124167405851 0.628682503217204 0.643285039318091 0.640819657875175 0.636595071553892 0.629300359971528 0.619880490575074 0.609474489254118 0.609368083335595 0.612002486380872 0.6205053138455 0.636160902175886 0.655903419701543 0.617773751652118 0.597201285010224 0.630898500744927 0.642404644615397 0.638519554816761 0.637649320840619 0.638834104586072 0.645999070167429 0.619336520459674 0.564381100243424 0.515754537168414 0.490295452930242 0.565373169399707 0.584159397589611 0.546344702483246 0.5347573356091 0.537789870253017 0.596921989056554 0.622949961770398 0.608957891845271 0.665847282541647 0.739467345594911 0.768396104575258 0.79266825385556 0.810149891442729 0.812142943375248 0.80842227722749 -9999 -9999 -9999 -9999 -9999 -9999 -9999 -9999 -9999
0.730250108152002 0.679868665329892 0.672303443488111 0.715794253765934 0.678184905028774 0.621868067644977 0.614349281734451 0.605869585802269 0.596008221653283 0.591405483613203 0.588575781184056 0.581837319995289 0.57347548499227 0.562280574082854 0.565476954618843 0.575374360620059 0.585480017007028 0.586019502811713 0.566076587330419 0.574985502898681 0.600379715943888 0.603329768688128 0.605254343139429 0.607303346559387 0.610450413460287 0.614359072758441 0.620212564230402 0.622771866328719 0.613413899238063 0.58801702906389 0.549205440008888 0.494492105607667 0.457413816146274 0.511840618509213 0.526289772948066 0.50054152183106 0.496365242662413 0.50942425350102 0.602101015260674 0.655707664767271 0.66208193576635 0.702054731584284 0.74959784724313 0.772259300201436 0.788364489467596 0.79490899228319 0.795305639304928 0.792919970635575 0.780520642371163 0.780486589110644 0.802351978547306 0.809372908866777 -9999 -9999 -9999 -9999 -9999
0.71114265695826 0.668005053459995 0.663549524499077 0.705220281203099 0.666855972344384 0.609272186962302 0.592382508746599 0.577026281776968 0.563874965570015 0.550624427774065 0.537494628147386 0.527618431482085 0.517953418938284 0.508656960230437 0.521364149059887 0.544312912211754 0.555459302767095 0.553185856823499 0.522178815341419 0.52680987484021 0.551803756205451 0.583054278737151 0.602497054326908 0.589608535346634 0.586084323444353 0.589054986565164 0.601299936560596 0.606805388140543 0.586108340633351 0.563439891036168 0.539122587729936 0.476286864116999 0.427631199447898 0.471153427613318 0.484712507758521 0.468143732083238 0.473049066067323 0.495636236010263 0.600851274603861 0.669808245349355 0.694932355481069 0.725701791583468 0.756488223882937 0.770210721262804 0.778771477774084 0.779805113916067 0.781595205577113 0.783347054293082 0.77782920756603 0.782067291522279 0.803583555291703 0.809486365723957 0.808004537412479 0.789543096657208 0.783010214089014 0.802536177653507 -9999
0.685952480418462 0.653356624698978 0.649723616138139 0.68062723927785 0.642318631369048 0.587815886220628 0.572704009116447 0.550104587848429 0.516739016202191 0.50258136469015 0.495434153880638 0.485025440947592 0.480418637700436 0.485937198308403 0.500717006248246 0.519800061209314 0.511503330427689 0.50515756294291 0.50298905874196 0.509109556541291 0.519966206563575 0.549406376325308 0.574494936309915 0.58559175252662 0.579581065262272 0.561704994244368 0.579238684938337 0.591048345592288 0.571134103363264 0.554183042807299 0.539710346820902 0.464698889499082 0.405257879122034 0.460220114836029 0.4807342398092 0.466610892344985 0.484554275043029 0.515672112939228 0.585180134869787 0.640970108819719 0.680176152055332 0.719505352967922 0.755292724231513 0.75434502430743 0.757054354109463 0.765096555832688 0.775175036116154 0.785416173664613 0.782021413500794 0.787206770713579 0.807587890961545 0.81165704304549 0.808011182345953 0.789543096657208 0.783010214089014 0.802536177653507 0.809702520758787
0.670884734155956 0.664109156357123 0.659330732607167 0.656933807245733 0.620364771211892 0.57574822824036 0.550068053569122 0.524784358431531 0.50007075118761 0.491140553521923 0.487724207918119 0.476539777317212 0.469853947796588 0.471018976914403 0.481088292686802 0.495299372394714 0.496465320274049 0.501793400293154 0.51603314041269 0.524969012227099 0.530874371120564 0.547942128854296 0.565379877698468 0.582381809273392 0.573951386643308 0.547881649034679 0.552240765079451 0.554341319873503 0.538264298320936 0.528220611112379 0.523223122120587 0.450952168327109 0.393580613311488 0.452435833359722 0.480673687345271 0.478125871223087 0.494528780705436 0.520083706185136 0.577103954558809 0.623447547469598 0.656883989544701 0.677788162295591 0.694721055456702 0.709154578291497 0.72018855630826 0.726265140357058 0.746721883126753 0.771636310053991 0.774172544745273 0.781311236677343 0.796601081622921 0.788966593469729 0.770489666125174 0.770901807974185 0.777231504496666 0.796305577135233 0.802477236755539
0.661875221333691 0.690064059739263 0.682962419336698 0.633778788083694 0.599957113839657 0.569299634850068 0.525662072657864 0.500422599025489 0.501637271608857 0.501606041579212 0.500572913738017 0.488467210418286 0.475430748101129 0.460769945864777 0.462069104898422 0.470805962600177 0.498734593128371 0.52516053892082 0.548369043470809 0.560913856444288 0.567365672147015 0.565739668251715 0.567568647490286 0.57965475622642 0.568844541847545 0.542153947224649 0.522288269315843 0.50509581425025 0.494684068594024 0.492259955510712 0.496516588918044 0.43591344610356 0.388304892719653 0.446536234337073 0.482957871699752 0.497449916590009 0.503587166647016 0.51514422905609 0.573573326639286 0.612697311941457 0.628483090163966 0.614811945674155 0.598612990432889 0.646413388973935 0.674256338515463 0.672996292632004 0.705082078913906 0.748370894449822 0.759117141654932 0.768811292008758 0.776642132836566 0.751396860341957 0.710507697757295 0.741103783667896 0.767994260665526 0.786345987492947 0.796100439860924
0.660386043171377 0.676493937826936 0.672644000686625 0.644995426537324 0.604710024764777 0.561658520939464 0.527676807218623 0.509341328999203 0.513503177082704 0.517650886834176 0.521001186400173 0.5080156185177 0.49653831899977 0.487693215915254 0.492924295135187 0.504700191653382 0.487920488571009 0.484423358968267 0.50936592712966 0.528769167600806 0.545007358871464 0.546781213883091 0.549053425740701 0.554501623534327 0.552220073900568 0.544577343446616 0.522635346205505 0.500782554459764 0.484152344760012 0.481701870443609 0.491111132605547 0.438683667297623 0.392529305777484 0.419534088701721 0.446892421978678 0.474606249079074 0.492479253911778 0.513156843527945 0.566047630375286 0.607122664881934 0.633913479182305 0.622949314044739 0.603695816936486 0.614634927575716 0.63055423115379 0.653735912419426 0.691292060788233 0.732435915742281 0.73181582543098 0.723874967738881 0.702968710918604 0.675909241106114 0.64593950832492 0.716924380185878 0.771370080023606 0.789166088787943 0.807398105411123
0.659296899668608 0.660781280333723 0.657720031613437 0.649238365243225 0.605874512654744 0.554921885146595 0.529464747510072 0.516410721717825 0.52119081674697 0.52432113488535 0.5262758434366 0.516684032478801 0.507658554022332 0.499621426462272 0.505611718852416 0.518113982348776 0.4713075889874 0.44809641423566 0.475405636526392 0.497946834985829 0.517763690192977 0.523055442867836 0.527398393604824 0.531060371030596 0.535469449461041 0.540396700524502 0.523257886804955 0.503879246734469 0.484441701415791 0.480328971068439 0.489033706084557 0.442583916260043 0.3975990275187 0.399128181145784 0.415958096789759 0.448172882931234 0.474962108361282 0.503622668968559 0.552131951978497 0.595483060946234 0.63259838468789 0.627799378009296 0.610723319939475 0.595604423010918 0.60260241412669 0.641852407569243 0.678557343735166 0.712506878650147 0.706489101865821 0.688096372543481 0.647787061187891 0.618227539844498 0.593752307933865 0.691929719609761 0.766353843126203 0.788291920605699 0.808572682280867
0.658068534083893 0.645687312695937 0.635524029991286 0.628005519432828 0.592669720693569 0.550938783318649 0.526157456603232 0.512649319216603 0.515350615644345 0.503595374058718 0.487508770369192 0.493363926340275 0.487975561246298 0.462965253040497 0.458619456433582 0.463886153328234 0.440536641385135 0.43502483325123 0.467705842640044 0.482337858256591 0.48665707843966 0.492074279145065 0.500374021080554 0.516231674608347 0.520304979618408 0.516204922711374 0.519548496407826 0.52031014147043 0.509695396953493 0.500593205430723 0.492756092517346 0.446670063705304 0.403452248555451 0.400895343054865 0.405970584507542 0.418719926920956 0.442758618422446 0.472293599097321 0.520857367040788 0.565855364276555 0.606542653863305 0.611381053940849 0.606175313126282 0.607327633210114 0.618721982461357 0.645051794055954 0.664104500064007 0.68007047700699 0.688799671582842 0.683630571379788 0.653846983427508 0.617188211550693 0.577277708715773 0.663686952480581 0.73552827064744 0.774837509275685 0.807107115372172
