layers/veg/veg2800.asc
NCOLS 255 
NROWS 330 
XLLCORNER -2985163.8955 
YLLCORNER -3022031.214 
CELLSIZE 25000 
NODATA_value -9999 
[rows 125 to 149 of 330, columns 57 to 113 of 255]
0.0688051114247982 0.0840958644360303 0.120601204893176 0.156870077864162 0.16686878635422 0.205441124910104 0.276715556567751 0.288410195326908 0.28100630480244 0.249781156587242 0.225335933223661 0.210238326803414 0.196865346575921 0.181718138816838 0.126702521257248 0.0928209138763635 0.094241521668474 0.183548408221604 0.311531294393236 0.40674728078633 0.484618329479711 0.527043177206658 0.554227094918455 0.573080517703449 0.63325415173013 0.677750813599949 0.678610739185318 0.685151025805248 0.695467710336109 0.707813916561466 0.712777482521242 0.693357484946611 0.670318959783007 0.644376137658679 0.619674839675321 0.595266289199723 0.571331760333597 0.549835318567208 0.530692341739232 0.511751370247227 0.492883431216517 0.474196878939253 0.455746176874972 0.437569116999616 0.420623188124349 0.404450634723462 0.392175062002968 0.381490161741605 0.373029206981592 0.366162729644256 0.359372351521911 0.343679509885825 0.334496012671944 0.336344994959251 0.344510220001544 0.355434692427736 0.353770952062127
0.0725932458819474 0.103317757200196 0.131620486505181 0.159753730819935 0.189757353332 0.210567828418123 0.220856883498151 0.222187203157915 0.216433194323647 0.17015817932302 0.15399128550513 0.179335055869994 0.160243794080397 0.125524989926489 0.0926972039069643 0.0613490131476942 0.0324723358307281 0.127209017100029 0.27571997004544 0.319502153145892 0.353119390503121 0.365963494173444 0.422013997276965 0.501680558647655 0.573385723251535 0.623886737384395 0.621311315839204 0.633314155328062 0.655008863727901 0.688527041796412 0.710842301289508 0.693661153159085 0.671546867040835 0.645473153417172 0.622023263110594 0.598851325890812 0.575236116472745 0.553672433837332 0.534089072722716 0.514184381259113 0.494420580907562 0.475885448260162 0.457190084583905 0.438308814908597 0.420622732380299 0.403626497260993 0.389858564702842 0.378075493554053 0.369067490004391 0.361497880894251 0.354386811881113 0.346204552132186 0.340465836012593 0.338868603774068 0.341639133318499 0.346329940084996 0.344017834935277
0.110837902790769 0.10099953572756 0.115586740390104 0.136037618200662 0.161485490214671 0.171995745588981 0.16541012168773 0.153563883438261 0.139333259871623 0.116878062416526 0.119148098979858 0.155507306366889 0.135149908260759 0.0969662534203163 0.0966432571917329 0.0821836982524538 0.0441104486600698 0.10218336480052 0.201974040269767 0.21018374453528 0.219748162784519 0.232081081269993 0.277109079706516 0.340007785336946 0.469905002075491 0.569829948262582 0.587444659916557 0.602733369852943 0.616475715399163 0.657740947473455 0.688642152909505 0.678271826355882 0.663698292983044 0.64575118831907 0.623514221171288 0.600812961500127 0.578794668863939 0.557153119348629 0.535875236794139 0.514908515996792 0.494421739553137 0.476383053253492 0.457892428529408 0.438877448036634 0.420377992835268 0.402386254292757 0.387700393282503 0.374923780036001 0.364816517698786 0.35643448394715 0.348801194961993 0.343431217217283 0.339250796267564 0.337086517052713 0.337007727333972 0.337852831627309 0.336330776893891
0.166199472584731 0.0879808653212164 0.0861139039102568 0.0991075815485196 0.107798740080448 0.111715484867867 0.110167984390699 0.0837481567472383 0.0560103946238972 0.0766842471390233 0.102437686367033 0.135194452602594 0.115782603425516 0.0821354208277046 0.119442353639607 0.129002644371531 0.0922149906881333 0.0927133896671323 0.109383395756791 0.0899000265848874 0.0854468411094597 0.111709413804586 0.125899266556931 0.133490326969434 0.344759070317895 0.515677425451074 0.565218663297467 0.582711936551851 0.578899193199455 0.621242403796508 0.656375008424958 0.655086714909378 0.651340809466934 0.645622379378947 0.62457921749602 0.601968142687543 0.582181436866926 0.560456741804882 0.536861322054122 0.514783734934622 0.493659866324136 0.476289024756441 0.458226387001443 0.439361101580407 0.420011900807656 0.400939303241798 0.385620873162382 0.371902694098747 0.360421852475103 0.351173100834155 0.342917478589808 0.338025815748676 0.334466543300228 0.333165496679364 0.331501850277218 0.329687516842892 0.329670071800079
0.295420009366088 0.143114821535932 0.10445342771048 0.0902911185491128 0.0833956703396989 0.0785722544728575 0.0761202486935885 0.0512459913012183 0.0242492584833768 0.0327020561815985 0.0542119975000807 0.0937240818522292 0.0901128678447179 0.0743684031916107 0.111155700193592 0.123409375043275 0.094682128578459 0.0997228074496629 0.119533623396793 0.118291492023407 0.119418213146496 0.125385933015363 0.108655326564681 0.0795181089646836 0.277786007643029 0.438796202302433 0.484069442972078 0.534533619320662 0.588448815513665 0.621381474089225 0.64265097110833 0.632301674656441 0.628911557261319 0.631107005289354 0.610950570630682 0.588715909253456 0.571485625363469 0.552385519183015 0.531480489297354 0.511574740521854 0.492362982003426 0.476012190491136 0.458385589674216 0.439278747451713 0.418649407203395 0.398239776212935 0.383718732834396 0.370212507616931 0.358125116472477 0.347965057336552 0.338704897737687 0.333105678256368 0.328745140880676 0.326484006156378 0.324324696157435 0.322232423213663 0.323077957011205
0.400794285611739 0.195415474029787 0.1296635102468 0.0940694644598401 0.0677337960208618 0.053872978626234 0.0542894420441301 0.0300577045749134 0.00217334339779299 0.00168784233706308 0.0167896506059864 0.0533819915843007 0.0642612939516046 0.0679858632793688 0.104369562798925 0.119020850239772 0.0973703529770335 0.105065180002451 0.125688459140691 0.136732694701366 0.14205077571713 0.13566685881986 0.098946176681786 0.0456438116225994 0.213147312986636 0.355088508939747 0.411591023485267 0.494261935168114 0.594330029825876 0.62070206454724 0.630589409921992 0.608354012881686 0.603427186061664 0.612392536833003 0.590368809492921 0.566847342631942 0.5561316994648 0.542221177189089 0.525226665024216 0.507833806979874 0.490751089283338 0.475991135186876 0.45897056205644 0.439327134645041 0.41764194626563 0.396188272034127 0.382056792597831 0.368583052862042 0.356028909891514 0.345072828008659 0.334910685975733 0.328636975805389 0.323567709331842 0.320539815926516 0.317966157723279 0.315619356039293 0.316325276688402
0.449238570982746 0.239041834896951 0.169053527464208 0.12575702705655 0.0711274405799613 0.0476182692445978 0.0597259485148217 0.0335522434390564 0.000595956150894316 0.000462826087922435 0.00509634510131715 0.0163017377924201 0.0381964678320411 0.0645434055068526 0.102016225516785 0.119074539848167 0.102032498117421 0.10606365671921 0.119397763722977 0.12762750068834 0.133329868971213 0.133867294042023 0.102165032352578 0.0528409754884935 0.151977646970816 0.256494814855613 0.36084465127699 0.472984345040064 0.590302864728577 0.616971573978089 0.621734635066645 0.581733708171038 0.571277508448246 0.584534451495158 0.554352835436371 0.52573034699314 0.530574260288159 0.527634250708745 0.517180485952066 0.502975153976298 0.488435751081996 0.476561115772664 0.460535205573276 0.439692831850755 0.417478760617964 0.395659568777113 0.380938660894868 0.36704972197469 0.354323972635014 0.342837043671067 0.332019833258206 0.325185427519348 0.319664887974528 0.316371178185957 0.313534161244416 0.310909776888111 0.309203058057619
0.502726611663056 0.357873229418228 0.2864500686843 0.2256969471684 0.140002073364827 0.098459185110595 0.10744758527635 0.0784144278486162 0.0403540020682384 0.0148071208246303 0.00797572633945047 0.0269477448646879 0.0348037613318513 0.0402412216224565 0.0710720490494099 0.0868753752235476 0.0775767884974117 0.0750192520669142 0.0757565234241518 0.104826714772366 0.126945287780046 0.13485749896582 0.115723143226438 0.0818054843465347 0.152216385408076 0.232252844292579 0.327005481452735 0.4341385027187 0.549502207983313 0.587898125236785 0.603372904116918 0.566905033058973 0.534447239312899 0.505208007554476 0.479872608374909 0.464537359994932 0.489199417220097 0.504662499160236 0.511245887751867 0.501842453690699 0.489190508871573 0.477123450096401 0.460926786194134 0.439938800833669 0.418062981962916 0.396558739597318 0.380704895817687 0.366304111392126 0.353934873307315 0.341743947995043 0.32983576191911 0.321827178616263 0.315744914464743 0.312927506982551 0.310012852759187 0.307038783738657 0.301900689362999
0.559277380855254 0.522371510353489 0.451214650288022 0.367081867790001 0.248638843154173 0.183970379098015 0.180846096951244 0.148396361276907 0.10521223662277 0.0386055959770377 0.0197041060806746 0.0665746542509067 0.0451782863734238 0.00327234913102801 0.022766606425867 0.0350912525287004 0.0354397921156996 0.0245173915402224 0.00943484529145713 0.073709530213707 0.121979397713007 0.137541740709967 0.135559578436076 0.123987816839391 0.189744258558322 0.253159603112984 0.303432902218684 0.384624659355088 0.486371518465816 0.54343562690653 0.579238247300267 0.559236610171392 0.494774766258527 0.394628340630876 0.382035664513708 0.391153593038102 0.438219743839801 0.476599215364695 0.506593508562126 0.502972270304412 0.491809526512986 0.477681141366826 0.460606045745187 0.440112067034794 0.419101052586015 0.398324960934351 0.381008146260418 0.366036829611994 0.354344792586671 0.341344729188411 0.328080870694165 0.318525584063517 0.311814525622891 0.309924058499584 0.307044542964912 0.303677006659306 0.294488927824536
0.581750820543829 0.588571943058145 0.499452416908202 0.393682174791181 0.304935726048357 0.251167323352062 0.237430772250969 0.255085539327409 0.264672962284474 0.127833749381895 0.0593254556678994 0.0850263562945439 0.059222325574763 0.0182192983824319 0.0281327664216858 0.0362539834678335 0.0413814274596651 0.0446689549376814 0.0474893465557301 0.0831828789105758 0.111219656203805 0.123609050764187 0.128341814397944 0.128889562745413 0.155839603148812 0.179728327402278 0.193388836557755 0.219650687460997 0.254290118655644 0.37719386636427 0.476586795806234 0.474984645127842 0.461145656826327 0.4374851570277 0.430507855600377 0.432970811837007 0.465156237602636 0.489773003075376 0.507083804527395 0.502448631185416 0.492307697179274 0.476794050050984 0.459645720691042 0.440600772208257 0.420681164719715 0.400362646097942 0.378646041673144 0.361639670694876 0.351218755083985 0.336644122465825 0.320735675361331 0.307747984505348 0.299987219363926 0.301085403305519 0.298029420000465 0.293065092215117 0.28334652456784
-9999 0.639189570175662 0.529737077213688 0.40946102532531 0.355545322686994 0.319551477645774 0.304068931111136 0.357830839382293 0.404993914116664 0.227341795484293 0.124627441885662 0.125231272109978 0.090010164997335 0.0447047743852654 0.0429650198817798 0.0432416166785628 0.0468863233070594 0.0591807449105189 0.0752140104499664 0.0816681914933525 0.0913352446359148 0.107568139182954 0.119306644931854 0.128588575980605 0.125411878072034 0.119390656687454 0.107309864600531 0.088446074329721 0.065072834744751 0.236141966219614 0.383554998777537 0.399205254975193 0.425428967506989 0.46013913104421 0.463296027043504 0.465052215755269 0.480374529681764 0.493621457633262 0.504865032986587 0.501201343430841 0.492991316963182 0.476372167654308 0.459138118821028 0.441190640689971 0.422139899820402 0.402332237085289 0.378450835088544 0.360210335950449 0.349856476493602 0.334691795534578 0.317661987345155 0.298297274227008 0.287473040875863 0.291123793306442 0.289085954518489 0.28443917891092 0.273879814319739
-9999 -9999 0.529737077213688 0.415121483836318 0.399378575725364 0.394690633857032 0.402654935839767 0.442543749206563 0.473060747432505 0.344426937841014 0.2585983322141 0.231786110780117 0.168221553123204 0.0948507514370178 0.0751843795427781 0.0572900151189478 0.0423556090030577 0.0445889916639764 0.0542045383972074 0.0411787034112033 0.0462999480646623 0.0885066549429252 0.109992500828387 0.120152592497544 0.118017589462343 0.113892199265114 0.105859873874965 0.0753260737484625 0.0298329212726562 0.189685646038899 0.332494461979718 0.361749239656773 0.382612287098214 0.396739977127212 0.424312378900911 0.448128655615655 0.447703536565478 0.463152861865601 0.49392565456737 0.498177486003343 0.494594962681867 0.477550396879591 0.46004770289799 0.44201347156387 0.423151000551289 0.404056658450784 0.384966483291497 0.368059864287772 0.354206111297557 0.341419052294095 0.327878507731477 0.294023258677602 0.27442824143837 0.279002434640756 0.281452711629628 0.282841895668648 0.269907620480631
-9999 -9999 -9999 -9999 0.418182646974289 0.426529380296772 0.444428825318069 0.491687637843474 0.53242134291213 0.445151069876442 0.385837954720333 0.365069927954156 0.302865699530978 0.226818152915084 0.164728624342972 0.102753614469467 0.0409698964381327 0.0434302156869782 0.0736671228299566 0.0334214424948357 0.017892120396245 0.0528732709426446 0.0779399273219521 0.0975874496143852 0.105562722365292 0.108994408035028 0.101980950098538 0.0740016343126824 0.0320838696674135 0.153281191750491 0.262005664679331 0.283966010487467 0.307806208564506 0.333155210732973 0.320895598685807 0.309008854381172 0.321953449664714 0.36535867387867 0.438167286592328 0.472665246716561 0.493069485314111 0.477639273160671 0.46102361141743 0.443032546970437 0.424786718643787 0.406640987658738 0.390057218395096 0.374651198840739 0.360891810654546 0.348519570483313 0.335741917600472 0.306800696726892 0.288724359486607 0.289062565738324 0.287965602809993 0.286141081805454 0.273167740383675
-9999 -9999 -9999 -9999 -9999 0.426529380296772 0.444428825318069 0.51467766205578 0.585380250731661 0.53384496797491 0.508128082971432 0.518007535327167 0.479004794631239 0.418948762995425 0.29642379778945 0.171316778498682 0.0418967003932908 0.0521486939778401 0.122888768461811 0.0497321542983197 0.00171045338370803 0.00505458621944765 0.0291678102356957 0.0646331504641121 0.0893868171499498 0.104538286033733 0.096316034366524 0.0813504587653277 0.0619018099471112 0.124267864037562 0.17723128756179 0.176530222758215 0.20947835873501 0.269433963676539 0.170101203219488 0.0800382836819601 0.127762401547133 0.218060047691603 0.349453562035605 0.430617323549745 0.489243166983101 0.4769271493506 0.462048288230701 0.444195920778539 0.426881717235087 0.409857606212269 0.394100216373149 0.380317384807733 0.369295215856895 0.355894547415041 0.341875087744225 0.332116050939621 0.3231242258331 0.3154327232757 0.304880131714094 0.293040636803271 0.281745773087641
-9999 -9999 -9999 -9999 -9999 -9999 -9999 -9999 0.590978174790241 0.543220193531044 0.521054536315152 0.534173524148016 0.517851839199675 0.48727676540815 0.39277743854828 0.311101590884895 0.250846061373759 0.190799837180052 0.130654733302217 0.0524858744963357 0 0 0.0112451423420854 0.0286367338272864 0.0655126592843179 0.0917692895206587 0.0892591261563549 0.0681900137971035 0.0347826053705451 0.0790419183846087 0.117327153529339 0.114186525205231 0.117413837206823 0.125752175524855 0.100524191665231 0.0745499667665631 0.0661619515544663 0.102166679502323 0.18102334844856 0.295310480753789 0.40408577643905 0.436542443795103 0.448495047199183 0.436658073011753 0.423195078893525 0.409018463654482 0.392497391499851 0.378236111884112 0.367134285631642 0.356700899163786 0.346541971475115 0.336980736495224 0.328136474284435 0.320507386270152 0.312923510243801 0.305344741517884 0.295636778412699
-9999 -9999 -9999 -9999 -9999 -9999 -9999 -9999 -9999 -9999 -9999 -9999 -9999 0.53006312844613 0.474593710709581 0.439536215828215 0.438574762665155 0.315277883967485 0.138656647267792 0.0557202819950794 0.000231177703217665 0.000833432489659271 0.000644067380197972 2.20130896815051e-05 0.043021520423646 0.0765800272305954 0.0821148819375612 0.0555322804978988 0.00759746331726244 0.0366187169499549 0.0633108618136479 0.0605326900691222 0.0397387843606727 0.00448511840164887 0.0503988737179611 0.0873351531981338 0.0360194330393983 0.0211631006064904 0.0415007080036756 0.159940542408967 0.290905896058273 0.37455526138012 0.418862329783805 0.417523002070352 0.41251455494572 0.405469655337323 0.389254507043253 0.375223453041991 0.364246017432836 0.3566725626466 0.350091018774771 0.339310253267194 0.330091920615521 0.32352170539883 0.319232164416521 0.315938941543967 0.308101296005082
-9999 -9999 -9999 -9999 -9999 -9999 -9999 -9999 -9999 -9999 -9999 -9999 -9999 0.532381166765915 0.517976254502511 0.494634519468285 0.456364730659561 0.330203345959426 0.165711567462466 0.0666824691082803 0.00131997405877688 0.00475871699900166 0.00367748369385454 0.000125689921340543 0.0290366461102712 0.0560571781994971 0.0752570078212762 0.0537325006687613 0.00513378126410037 0.0117020696066935 0.0202319516769408 0.0193441445159685 0.0126991347432927 0.00143328800411238 0.0368224894410728 0.069917459881166 0.0644399869138411 0.0558222704879677 0.0441733035056371 0.0652291537943576 0.109431155544139 0.249823445421022 0.335970471950507 0.359180126435231 0.378423407037894 0.393646970126894 0.38240296830163 0.372152699511911 0.3632917853321 0.35642795787253 0.350136082045196 0.341202156763129 0.333593324786415 0.328230351037545 0.322995235876767 0.317819956636103 0.312944198669195
-9999 -9999 -9999 -9999 -9999 -9999 -9999 -9999 -9999 -9999 -9999 -9999 -9999 -9999 0.541403975720289 0.529374215414278 0.497249963660059 0.410349863665357 0.299250509968736 0.199729858854171 0.114213067383671 0.0573146331447142 0.0254904065753 0.00737141712573749 0.0182543971961653 0.0329370156657951 0.0545629793142928 0.0431559005278433 0.00978790910149933 0.0085099309761977 0.0100806422493365 0.0116793084819878 0.00830427636836767 0.000937262257800811 0.020846163084378 0.0440170009370151 0.0641594990613483 0.063957524131916 0.0441172007498583 0.0283728087690657 0.0343938995299427 0.16381350904087 0.246251688201246 0.274180264518861 0.299167669132388 0.322096839188871 0.333798362997756 0.342905348459257 0.348384866900363 0.350995917661814 0.352031762194636 0.343408429209014 0.336116679771212 0.331081788665462 0.325752551718715 0.320302872099639 0.316573602523125
-9999 -9999 -9999 -9999 -9999 -9999 -9999 -9999 -9999 -9999 -9999 -9999 -9999 -9999 -9999 0.546085499928541 0.558587034326049 0.548252395146523 0.527085574979382 0.44088887862223 0.326113612293044 0.152935038203417 0.0639333798008815 0.0209417331488156 0.0103082090396195 0.00751682175736625 0.0216164486845317 0.0248070533835509 0.0207451597814894 0.0245557671184038 0.0290881211811252 0.0337011404663395 0.0239623420165052 0.00270451003607428 0.0027445861271883 0.0106046928967052 0.0384630202654744 0.0486047238825671 0.0416447198407786 0.0427495610607613 0.0536115548121486 0.11209344095374 0.150487371718293 0.16557450953603 0.179916769334718 0.197655519348143 0.248219644639003 0.290477508980711 0.321122252365381 0.34097018314092 0.355566242157832 0.345893088706521 0.337773930678933 0.332288589752603 0.327619228261603 0.323318795895553 0.319128401661906
-9999 -9999 -9999 -9999 -9999 -9999 -9999 -9999 -9999 -9999 -9999 -9999 -9999 -9999 -9999 -9999 -9999 0.584904052955119 0.600243656085499 0.551877875548616 0.480270763265204 0.361167549809367 0.207954838330218 0.0360983170601656 0.0128021084716929 0.00181519142901009 0.00823747578817577 0.0118044918277622 0.0134732782915163 0.0191197853764362 0.0245195410904638 0.0279885843076238 0.0219310380323277 0.00822727538070173 0.00311936779644561 0.00274499388571798 0.0171315213218743 0.0276745073090127 0.0345073551142258 0.0630042936594012 0.0966740722765801 0.134100029253078 0.155156228533069 0.15721962610373 0.158631014417085 0.164069738974655 0.207840147362285 0.25470041863392 0.305880678361528 0.335265402117828 0.355248858003637 0.347673199627622 0.340695576192156 0.334731543034705 0.330194963196789 0.326299067646572 0.321939701582406
-9999 -9999 -9999 -9999 -9999 -9999 -9999 -9999 -9999 -9999 -9999 -9999 -9999 -9999 -9999 -9999 -9999 -9999 0.638184162730904 0.625005036585204 0.601499075445219 0.556889142939532 0.353922031119957 0.0643989363265313 0.0230963836717912 1.72899769589025e-05 7.84632211792382e-05 0.00340479013878058 0.008901845190739 0.0144299980005264 0.0188173356670634 0.0195173813522423 0.0174349609346927 0.0131192819204425 0.00604753309262904 0 0 0.00846666250442663 0.0251061229994079 0.07567572202818 0.129007298487108 0.156706774027347 0.168356326710784 0.161384161961325 0.153311103229241 0.148946126674437 0.18115260645828 0.227976729800382 0.295238022620799 0.331308223455642 0.354540555022003 0.349330944836544 0.343528540055123 0.336721426687986 0.332283651381346 0.328913308015321 0.325330847213543
-9999 -9999 -9999 -9999 -9999 -9999 -9999 -9999 -9999 -9999 -9999 -9999 -9999 -9999 -9999 -9999 -9999 -9999 0.638184162730904 0.625005036585204 0.609469808032936 0.589119636882052 0.415114355253884 0.157123180570911 0.0631191305427289 0.00012119241858389 0.000549980347989902 0.0132762703229258 0.0341781429328141 0.0327103452252455 0.0285434130404651 0.0220569239575292 0.0164287017262379 0.0114893402946592 0.00522519428254887 0 0 0.00288019666548137 0.0085406229087617 0.045096910443607 0.0862454575456904 0.116314272063867 0.134377488122768 0.138511362332733 0.140264741115978 0.14496621428334 0.182587837362666 0.231698170329219 0.296871058803891 0.332237045530506 0.355322461789378 0.351006475974645 0.344785280212632 0.335335005095544 0.331297723411231 0.329725868036586 0.331397034884387
-9999 -9999 -9999 -9999 -9999 -9999 -9999 -9999 -9999 -9999 -9999 -9999 -9999 -9999 -9999 -9999 -9999 -9999 -9999 -9999 0.596279890263358 0.598117120463509 0.452691196583336 0.226773140218366 0.0933088756432409 0.000124427288644375 0.000564660432621898 0.0173669308651903 0.0450469541481983 0.0419209375426605 0.0340693466214373 0.0197716184987821 0.0118693019148576 0.00910006054946067 0.00420853974576504 0 0 0 0 0.0233634584737413 0.0522833231622098 0.0851229812417384 0.109487195378908 0.124017884232431 0.139752734221969 0.159362257827304 0.211173141731061 0.262829077291382 0.314268377007318 0.339530088001366 0.35435274907917 0.35129083962158 0.345752167769317 0.336015710613924 0.333694166850436 0.334732328579799 0.337772673056839
-9999 -9999 -9999 -9999 -9999 -9999 -9999 -9999 -9999 -9999 -9999 -9999 -9999 -9999 -9999 -9999 -9999 -9999 -9999 -9999 0.594586913831551 0.591271392542058 0.465134826666055 0.271865868749978 0.11303366803744 2.05248470193878e-05 9.31433058112348e-05 0.0153052479452623 0.0405823332500911 0.0414788766440193 0.0351252000403487 0.0123513798849201 0.00352840696733959 0.00590264126627463 0.00298508112844468 0 0 0 0 0.0110438429090161 0.027686438079834 0.0637242483467991 0.094269554450726 0.11844225294553 0.15258064504954 0.193315249929143 0.26865341036442 0.32313101224957 0.348443121844386 0.353596368900491 0.351518843173402 0.350094627718801 0.346410574372756 0.338896394120487 0.339690361175499 0.344202224769814 0.344477649608339
-9999 -9999 -9999 -9999 -9999 -9999 -9999 -9999 -9999 -9999 -9999 -9999 -9999 -9999 -9999 -9999 -9999 -9999 -9999 -9999 0.561187134521449 0.561934659896222 0.465470424698695 0.315871500379965 0.137221873372504 0.00690623212251297 0.00197085856707018 0.0162626646041392 0.0433370174554852 0.0434233335660686 0.0374794654791077 0.0197933907003604 0.00897108624730941 0.00365777041072663 0.0014345379985941 0 0 0 0 0.0182116655657237 0.0404128881968 0.0636532779937586 0.077451211429779 0.0802936558086468 0.120749133599549 0.17476712407461 0.256205008393515 0.307917112127264 0.318069109864942 0.330203372029861 0.342448365875007 0.343913597067715 0.343339688839467 0.339309708478205 0.345345920667314 0.355838801449989 0.354521372569534
