layers/veg/veg2100.asc
NCOLS 255 
NROWS 330 
XLLCORNER -2985163.8955 
YLLCORNER -3022031.214 
CELLSIZE 25000 
NODATA_value -9999 
[rows 175 to 199 of 330, columns 114 to 170 of 255]
0.527768282237393 0.527446386710258 0.527361931895182 0.527507482095183 0.527820922603589 0.527977374771065 0.5281231764388 0.528185787714321 0.528371331849284 0.528981440783081 0.529569700277148 0.530070899248268 0.530893354116517 0.531728518208757 0.53275519233712 0.534085292035711 0.535171496928544 0.53435238050102 0.527236344464806 0.518005099041784 0.515816096951063 0.518072570162293 0.51963226924123 0.518134663660773 0.51757636006107 0.520438980050502 0.525280444473667 0.527477829149899 0.518402646298074 0.505336935326554 0.499991362683705 0.50345130234334 0.50321862359373 0.488325026971945 0.471500682944065 0.456233538474414 0.43672391915743 0.435307498750166 0.436225863125199 0.416449499768708 0.400367319662167 0.384696756053185 0.362779606744592 0.346532150329331 0.354827423004116 0.380212070730223 0.410097530618287 0.426764103928916 0.440896766034589 0.465553661792621 0.503284990884675 0.54794955379795 0.571057190213412 0.562290817143685 0.552722078743892 0.571814406740175 0.594682729954223
0.52708221319779 0.526719684478181 0.526481859242308 0.526430270006372 0.526608398074163 0.526705524108632 0.526897132074042 0.526970229261207 0.526994995123907 0.527362542890771 0.527858495250831 0.528342411052408 0.529019897537453 0.529943047174977 0.530899087492409 0.530914536670458 0.531611022776312 0.532714567567514 0.529388260563919 0.520938640733351 0.511056394418322 0.510827534843538 0.517583054315247 0.519944548738277 0.518399710419078 0.519390780054341 0.526723930946475 0.523966893869344 0.508892014707007 0.491432339146086 0.480923758875269 0.48061313135357 0.488035096816962 0.490619141495058 0.474887646314092 0.448433602504106 0.421075605188855 0.415877556469003 0.430381525730857 0.415613510566606 0.384701781233662 0.377564079805831 0.354513944387167 0.343702937781042 0.366547428730981 0.411395131656156 0.448037818440357 0.469723272782065 0.501074039053102 0.497468133660429 0.517706484424029 0.566253219186216 0.580335142476708 0.584386819788353 0.585982350652073 -9999 -9999
0.526325433555707 0.52598110618868 0.525649209729947 0.525574104241924 0.525569808202855 0.52558376488743 0.525679814385496 0.525451033754963 0.525500679643912 0.5258239690145 0.526150381615359 0.526595251015404 0.527466938186758 0.528322200283958 0.528165306959148 0.525572311789493 0.525390405636588 0.528964226774871 0.527798394227015 0.521708934498882 0.51300521676841 0.510904436675428 0.517505376625683 0.521570967596588 0.521517031289564 0.522292695625013 0.527222220651258 0.521520608057931 0.505151189116763 0.490823230785518 0.481518747118856 0.477395154413985 0.483069392026704 0.488356132693191 0.47674647226363 0.457688949526623 0.429683004890788 0.410307168906115 0.418640898882321 0.414248253112108 0.393670407915765 0.380975067208672 0.364454368581571 0.354708562594145 0.375628391066341 0.420728707908231 0.445556794771768 0.455671914613482 0.478179389990435 0.486579524293394 0.520419550943435 0.563277392728976 0.580063745738034 0.58743232671071 -9999 -9999 -9999
0.524844973607031 0.524599136911204 0.524410799963619 0.524146423759583 0.523934416478511 0.523819013007783 0.523717589473564 0.523405193823131 0.523228369874181 0.523447656898746 0.523655412634874 0.524082502520615 0.5248277396449 0.525574697223861 0.523988037067725 0.520657023751098 0.515143244955909 0.515488793778741 0.521357217915035 0.518195123030226 0.510216575902102 0.505816492393823 0.512371797879526 0.518713463795091 0.521967472334538 0.524946965592418 0.527483353445947 0.523971468596485 0.51617019357836 0.513609050421006 0.504291373674292 0.495799335604164 0.492196545749758 0.473219855310245 0.462525093794998 0.450283763336653 0.422552919673696 0.400105010085597 0.397438416099483 0.404311558905665 0.403378497727277 0.395076048666133 0.389515529186545 0.383879454819785 0.397544343899029 0.417941654069331 0.413565694332827 0.422672813606536 0.463461269552762 0.491330463821847 0.521326048936906 0.572238448954897 0.584645316830741 -9999 -9999 -9999 -9999
0.523047208299144 0.522953170325076 0.52284569147511 0.522520511191571 0.522352558931839 0.521946088311652 0.521289174805725 0.521040650929127 0.521064178882831 0.520928136396992 0.520982061942641 0.521377712584357 0.521848202273802 0.522623285966334 0.52203148222579 0.519010035876652 0.510797017125573 0.508735731080556 0.515983555249275 0.51318577449478 0.505684443835332 0.50547180812555 0.512768653362649 0.518456063760229 0.521811743261063 0.524269834726019 0.527022186690403 0.529317893837348 0.532794664421641 0.531697056145753 0.524783976478033 0.519654354650318 0.509530827670138 0.487589827877739 0.473264393830692 0.462985401628541 0.4417484551401 0.419092541837443 0.404104215888767 0.407142289433935 0.414165718790805 0.407725628053722 0.400404996586686 0.397168594651412 0.395727411204943 0.397552881215919 0.413076000060712 0.447951515315172 0.517154663411788 0.577513361655919 0.588289674538212 0.583907293079884 -9999 -9999 -9999 -9999 -9999
0.521631848804549 0.521608445331637 0.521844838382582 0.521682921310788 0.521181199079537 0.520719287080339 0.52035417206032 0.519920650385136 0.519470047394743 0.519187879650406 0.519026527358239 0.519052910133229 0.519289190595476 0.519822798466777 0.519768564055063 0.516028386046755 0.512026070174229 0.512147845027509 0.511750707514829 0.501860360798975 0.496004843520684 0.50343242299157 0.506396757002026 0.509463762932637 0.513375809488829 0.521732495015981 0.525168002959313 0.52310683048951 0.526326327226302 0.526048004075785 0.519500550652312 0.52033258160359 0.52072857103824 0.509387477391629 0.499415633982015 0.477659836409048 0.438560563008828 0.410367791765176 0.394371516527841 0.4008214521139 0.417473995150055 0.412231775705353 0.406179484744895 0.408862815892754 0.409557517531035 0.412769930931358 0.422220818291133 0.481179846086008 0.564292779989403 0.587440670295022 0.591924972433199 -9999 -9999 -9999 -9999 -9999 -9999
0.519795208468016 0.519579866328516 0.519782090902733 0.519670097622133 0.51895819497699 0.518039229352311 0.517361734454131 0.516950884965859 0.516307471856397 0.515953953244468 0.515738886955533 0.515487451925928 0.515392791294963 0.515360890916493 0.51497284958301 0.509417383601011 0.504762530469676 0.504841039261499 0.505082043049696 0.501916205544295 0.497816974794578 0.497313298479617 0.494254118390788 0.50139498352427 0.510424907586113 0.518712610990813 0.520017623622382 0.513619076807878 0.511121734500573 0.510550523577034 0.502451477680662 0.505766170531729 0.515426997831129 0.502810225759927 0.485955722828939 0.469010538515606 0.440225147133637 0.420496359085778 0.414222323483647 0.416609808826081 0.427492519405617 0.426138208429596 0.421555944486205 0.419049411522227 0.418792014995456 0.419225585376611 0.422005326534686 0.481599944976572 0.568539296610337 0.593400851402336 -9999 -9999 -9999 -9999 -9999 -9999 -9999
0.518254929667255 0.517777235445801 0.517571393231732 0.517385208184886 0.516795498846451 0.515765492068566 0.514969686540335 0.514229386076986 0.51328976335675 0.512760701552124 0.512290566606385 0.511749561742617 0.511174802530574 0.510583879946668 0.509099134378909 0.504419489417479 0.503509772513186 0.506838264327188 0.506610420230463 0.506032967424067 0.503385491616272 0.501524961383794 0.498376620470635 0.492629954224873 0.499835153884055 0.51350117211231 0.513819725566142 0.502543450194824 0.488966788892832 0.484338185491763 0.483471187558266 0.489824370546461 0.506117585289519 0.499359800113695 0.473598345865867 0.455843288701414 0.434730595468802 0.425678271866222 0.433275870564063 0.433904977174965 0.437645345713188 0.435092817223695 0.431408142306311 0.430396786041887 0.431700938106367 0.431602044749664 0.429464281170966 0.50083445134632 0.597389267867678 -9999 -9999 -9999 -9999 -9999 -9999 -9999 -9999
0.51675511079198 0.516184662430294 0.515897121026123 0.515535255247068 0.514836022843766 0.513761702282917 0.51270558254044 0.511868968186509 0.510809949823305 0.509879011904993 0.509099372477085 0.508357611531315 0.507698606093861 0.506891938334221 0.505263971105901 0.502295332696943 0.501705109665985 0.503118502185925 0.502941661386241 0.500261244639255 0.498558307948131 0.49366347132494 0.483998439599952 0.487224793659709 0.4978820584643 0.508449324082811 0.506564840239087 0.492816638700126 0.48399487020161 0.480207762008098 0.477102576130451 0.479540497685318 0.495048873389322 0.493853592624457 0.473258134911785 0.446975275615642 0.427545914138402 0.424072161253713 0.428792928395168 0.438586522039409 0.438287531096008 0.435304200657194 0.43321945787891 0.431961153001382 0.436587193685445 0.446939290516971 0.46441704774824 0.543548935823244 0.619279883746965 -9999 -9999 -9999 -9999 -9999 -9999 -9999 -9999
0.515051527951429 0.514349421379142 0.513574401663108 0.512812307327802 0.511990253031265 0.510797410045944 0.509442760513197 0.508297073763584 0.507106518416725 0.505696462143027 0.504720344166573 0.503697115940458 0.50206425550236 0.500431329325776 0.49916602090088 0.497218542880336 0.493856329862535 0.493578945647163 0.49622623127991 0.495510575830913 0.492044403688641 0.484949180060362 0.482279072802479 0.489087644424367 0.498354403071262 0.496717500873865 0.485479259432412 0.478964354219009 0.479295045148074 0.488754223363195 0.493188104821974 0.495950271893653 0.498303348646053 0.487882278106707 0.467534130152559 0.439579751433075 0.409227250465508 0.401306280589908 0.406808373650251 0.40826152962456 0.411236546080454 0.419899250376984 0.436700396987014 0.43729104986925 0.44056136301293 0.476868448995379 0.532741773902164 0.582597317905983 0.603720962370655 -9999 -9999 -9999 -9999 -9999 -9999 -9999 -9999
0.513839419488739 0.512621539644813 0.511274317224581 0.510284125643799 0.509223432847268 0.507706646431801 0.506218806713749 0.505035688321799 0.503503313408165 0.501706958486644 0.500227172575627 0.498561573086171 0.496154800718489 0.494056932294383 0.492385360009205 0.489694477367505 0.484375816920096 0.482517492357233 0.486279229650936 0.486366192892072 0.480469520917697 0.478234127618983 0.482315183772163 0.486369306057765 0.486447205899647 0.47631109793646 0.468315796846786 0.473039876763455 0.48564482281383 0.494838110565575 0.492907805966248 0.497490898311229 0.506614221087527 0.490642396630866 0.466138954975646 0.441684006305406 0.412177223351026 0.39259687517749 0.398105385626345 0.39327444090186 0.387770406409629 0.406919530992232 0.437546769915647 0.458909541482247 0.459666896448303 0.499699276956136 0.558324410654611 0.580865911526451 0.595486994489775 -9999 -9999 -9999 -9999 -9999 -9999 -9999 -9999
0.512779749614411 0.511422944722025 0.509789887036488 0.508518777463398 0.507306898757422 0.505321563391181 0.503559742421231 0.502337428354013 0.50067960625228 0.49858332435765 0.496807657116592 0.494583952139613 0.491483755195237 0.489200528074814 0.487359107319589 0.485307369874009 0.483074426640314 0.480581640116655 0.480146705520734 0.480027600586841 0.474165649867409 0.472998838755835 0.478277534790146 0.476869585482763 0.463994025151455 0.450788491298029 0.462206199885211 0.479508820115914 0.487780527782187 0.491817432331324 0.490941085183711 0.502164879020112 0.499482136278814 0.480824551743923 0.471757200602794 0.447262900397296 0.421131661271172 0.414476644484311 0.419547354057147 0.40812106838565 0.395944700072273 0.394322093395417 0.419593371241713 0.461002073489765 0.479242787664341 0.513466635648685 0.553673938224684 0.570139301272917 0.585403931132973 -9999 -9999 -9999 -9999 -9999 -9999 -9999 -9999
0.51090265775753 0.509214284627213 0.507326289639384 0.505701811827084 0.504006665674566 0.501701116613912 0.499585612472707 0.497947611677559 0.496058192032782 0.493657769194378 0.491023813183259 0.488055491530708 0.484673866262747 0.48219386365095 0.479930267577132 0.477291342309526 0.475231796601163 0.4733641864216 0.471700596332375 0.470831182204581 0.468418837042172 0.46603317963233 0.466083676008419 0.459092617028178 0.451432634230804 0.457409963578455 0.46825983853341 0.476632750814246 0.481249801283287 0.484702567753957 0.489369752030536 0.491479525620459 0.486798000863669 0.480436732186357 0.475438190578794 0.461640456527914 0.444626148308573 0.433782726893636 0.420069887999578 0.40977331423825 0.404411594982466 0.405390032317363 0.439757908363937 0.472876543931186 0.48550939136796 0.505706177761733 0.538263026374876 0.565872539760161 0.568686939885434 -9999 -9999 -9999 -9999 -9999 -9999 -9999 -9999
0.509417505746079 0.50742297953502 0.50516995191427 0.503307623739315 0.501168316457439 0.498279740398608 0.495881800660827 0.493855490909686 0.491718440393799 0.488724984204782 0.48483849960567 0.481163247872441 0.477314217810867 0.474162696666614 0.47128009949726 0.468064398008072 0.466002977966836 0.464253170979652 0.461659979326832 0.459111390626988 0.456582142933687 0.449507250576082 0.442449004128185 0.443029545705472 0.452775205075995 0.464791933101642 0.468216750574152 0.467791502622727 0.464855503844101 0.465985528874403 0.474840039201881 0.470768483357981 0.452847849679931 0.451930961042143 0.459142157840173 0.467416341092643 0.456514249221216 0.43399008645803 0.415764713142663 0.409523100707157 0.406462794104794 0.396462922362443 0.417338573327265 0.455532284290437 0.469022338136348 0.483294870035345 0.521776498730514 0.552949369271756 0.558824801664104 -9999 -9999 -9999 -9999 -9999 -9999 -9999 -9999
0.507635786765975 0.505556719391424 0.503136159228629 0.500974130459444 0.498696117977256 0.495692947945699 0.492956249921295 0.490596204995631 0.488228234360182 0.484575524225332 0.480219334021618 0.476534469223615 0.472163031604543 0.468424322701491 0.465189848355667 0.461662597830665 0.458796966249362 0.456431913571657 0.453325577981338 0.450189293807014 0.447063550036687 0.44218910923651 0.436131548426598 0.434481393752896 0.441227869800588 0.451711396542314 0.458388571587905 0.457059547827149 0.452649943604706 0.449817616319432 0.458925350333082 0.462359529486068 0.44753444035537 0.444318195866477 0.445968569241404 0.451041442509878 0.454350645316126 0.437487250283647 0.41463622268133 0.404990949787225 0.400791063810951 0.397193313942071 0.400097910063494 0.421743256046848 0.449193001752791 0.467538034748082 0.495840402206642 0.525402407634817 0.543080973103907 -9999 -9999 -9999 -9999 -9999 -9999 -9999 -9999
0.505524892115101 0.503234264029046 0.500337964724627 0.497722793085029 0.495135611698284 0.49176275748012 0.488715275801971 0.48629930933063 0.483571293993112 0.479124848547724 0.473949420494343 0.469453199159109 0.464514615057965 0.460470549799416 0.456637644219235 0.452235602612368 0.448683734817204 0.445268055679486 0.441448185795336 0.437639711314376 0.433095837961946 0.431006895702793 0.432479811550299 0.434227844299936 0.433031075794921 0.430118296120609 0.432381960052145 0.436795061567939 0.43513201995515 0.430899867662983 0.442568207850469 0.451397571576149 0.441243996097688 0.432342302230361 0.431771955625598 0.441288037619667 0.433687255555978 0.416710018380863 0.404902682656719 0.389374212984918 0.381591071016185 0.374928397884568 0.375224515233497 0.379925094999153 0.394826101136558 0.424086427326875 0.45978543312144 0.50765423199012 0.536667689647138 -9999 -9999 -9999 -9999 -9999 -9999 -9999 -9999
0.502759801233916 0.500426120945173 0.497377618744184 0.494619987075948 0.491664869182048 0.48779436721382 0.484453706092739 0.481697710823864 0.478567846211188 0.473352766470074 0.467425773085903 0.462648824268332 0.457174546930855 0.452452774289387 0.448161499415343 0.443040847929323 0.438376543609569 0.433840251887987 0.42863336894355 0.423711380015909 0.420816571256983 0.422415733058299 0.422925025760834 0.42040961605767 0.418670810538924 0.416101440593951 0.41651986224183 0.420812401678167 0.426259816037342 0.427330705526524 0.429068719784334 0.437365898351216 0.435459376782106 0.427983185374976 0.433084421343754 0.437242367133846 0.421862432031556 0.40446289590137 0.391383877185197 0.37780977462037 0.359428037726357 0.340390792964859 0.316079460597941 0.311797360035944 0.338495279360054 0.380136792446451 0.413501882770405 0.460246785370801 0.520028044484446 -9999 -9999 -9999 -9999 -9999 -9999 -9999 -9999
0.500375688272937 0.49810704528452 0.495066640993983 0.492151345124566 0.489003488017087 0.484799172302551 0.481297414995783 0.478644535798 0.47486534375938 0.468902256447931 0.46321302082813 0.458593763256073 0.452653340932927 0.447753240080149 0.442916108118719 0.436374348983583 0.430608342997514 0.425366276838775 0.41914942660478 0.41431966463109 0.412555741233816 0.411879127102009 0.408890922569957 0.405270524615862 0.405599765277535 0.40968214185056 0.416883170240074 0.423163720489042 0.425325902812873 0.424785447059054 0.426656299231884 0.432962942123373 0.435490206163279 0.428008528306696 0.420311279963111 0.416133656781644 0.410876606950412 0.402419661053937 0.38706701701449 0.368642291310493 0.351437023555167 0.336810980405091 0.307013835803916 0.273733850957817 0.310862206108991 0.404495543849418 0.443587547855599 0.476642935849725 0.512048506534532 -9999 -9999 -9999 -9999 -9999 -9999 -9999 -9999
0.497026342561399 0.494717013452357 0.491605840549287 0.488562164532041 0.485027913097539 0.480573049309844 0.477179442861966 0.474541924094921 0.470225141830529 0.463241678434292 0.457139554235505 0.452349537657236 0.44588149365869 0.439962915978932 0.433653365822374 0.425867298990692 0.419257837314078 0.412849186993111 0.405681625977239 0.399877730331964 0.395107023102398 0.390989013309767 0.388537669378948 0.386764775776685 0.387865128896603 0.391510431981004 0.395539521855435 0.403431557408774 0.410655153264048 0.414740296985319 0.424560799087859 0.433918676706741 0.43667062320112 0.437514816417859 0.436256375570501 0.428462682796973 0.416238199807378 0.405722934292463 0.384259587370405 0.359914526848058 0.342910643620283 0.324545176350893 0.294096866579114 0.262292691426888 0.310899285452884 0.41107079950954 0.453700714543314 0.482114298492141 0.502214051150599 -9999 -9999 -9999 -9999 -9999 -9999 -9999 -9999
0.493976389949899 0.491478664131202 0.488283502887661 0.48518151699621 0.481357156615657 0.476650662922003 0.473461290923769 0.471084148996219 0.466101884382732 0.457925237130899 0.451633942605135 0.446705588460942 0.438546389042059 0.431134021336648 0.423972824654736 0.415634760372016 0.408773564718014 0.401289302402276 0.392526012845507 0.385024661016092 0.37702175080732 0.370323885919084 0.365005499644102 0.361527610831734 0.366287888177626 0.371815735082948 0.375017024902924 0.383448572701034 0.395810010540533 0.406765025409083 0.422993758511231 0.435739431853765 0.433049727695355 0.431452460979727 0.442488841682789 0.442979745521466 0.429840789184947 0.413747949991335 0.388439747666969 0.358795842069927 0.333082716002063 0.310212243115021 0.287046112819669 0.281457424676914 0.338479223648155 0.423429599148601 0.459749056349903 0.47092765167214 -9999 -9999 -9999 -9999 -9999 -9999 -9999 -9999 -9999
0.491783795707265 0.489165228688464 0.485897467136602 0.482572084968238 0.478576697379539 0.474231795533021 0.471309613324028 0.468624750644466 0.46276254150813 0.454922711240685 0.449252121645555 0.442442614292179 0.432553387644709 0.425430257492649 0.419406597507165 0.410110629039549 0.401718092739398 0.39390804108928 0.383563715036228 0.373741725579024 0.364401142540061 0.352364205071215 0.342203272167646 0.339706634470638 0.341315673078424 0.348572092084047 0.356653101730857 0.368438318539753 0.386461871836421 0.402616801785442 0.420931653063932 0.428366354742789 0.426470927660408 0.424394060140138 0.432690818355837 0.446681301854494 0.448381206154481 0.428202480629366 0.401523381046276 0.3790185049228 0.34559744619481 0.312733620459944 0.325619259843651 0.380543278924041 0.414471185048338 0.441372359865564 0.453397842127366 -9999 -9999 -9999 -9999 -9999 -9999 -9999 -9999 -9999 -9999
0.488642552610163 0.486077214895097 0.482721159197786 0.479106573884641 0.475032153837367 0.47090246238873 0.467820108423006 0.46460907850211 0.458316410160656 0.45072589018205 0.444253995507311 0.435351998806458 0.424932490388309 0.418239104180686 0.412378449034751 0.40228022431022 0.393210194385077 0.383850216004782 0.370530626294557 0.35865018250326 0.345964646323496 0.330503231134171 0.319196819353559 0.311967984504596 0.315966483347881 0.330103527909 0.341808172333366 0.357489480426313 0.372482751224253 0.393162851284603 0.42091947002892 0.425650526349246 0.427356151263316 0.445355702341151 0.460391436414446 0.471654683399398 0.471740688173728 0.447218357512301 0.404973273330822 0.367602259444224 0.345888061186563 0.328126213448718 0.357922794068737 0.420140764566736 0.432756156932622 0.434371966755887 -9999 -9999 -9999 -9999 -9999 -9999 -9999 -9999 -9999 -9999 -9999
0.485922858173897 0.483235048908773 0.479615108645342 0.47572619988678 0.471734168646712 0.468208941911681 0.465077487392553 0.460893169775436 0.454873081812262 0.447221709866484 0.439293888716709 0.430062515285825 0.421180522708779 0.414304157451847 0.406256743140838 0.39557524774988 0.386350065431193 0.376165516966284 0.361350846445069 0.346709589122995 0.332618539838908 0.313707382565499 0.293610727892492 0.286527260989558 0.30556266894084 0.326269471824464 0.33612995339151 0.355456289912712 0.367229476006631 0.389450497717863 0.41449227148135 0.422485997807123 0.431598023842285 0.463802418749686 0.502660924750394 0.505704956526827 0.490200872775313 0.464806114244512 0.430794071717466 0.384073743263204 0.348635759356287 0.349872555649989 0.397280697743616 0.439397276616818 -9999 -9999 -9999 -9999 -9999 -9999 -9999 -9999 -9999 -9999 -9999 -9999 -9999
0.4839667620573 0.481214534216416 0.477449674517829 0.473519696083762 0.469824445181494 0.466391534605376 0.462900774528879 0.458378624453758 0.452300715029578 0.444416978670244 0.435920252231167 0.426586083871331 0.418254635234173 0.41219675546001 0.404001021185687 0.393132960061403 0.383153146074722 0.370768591309823 0.354708707858534 0.340968376355785 0.326133487686447 0.306332853284506 0.287560586809939 0.287614605090193 0.310447228095581 0.333525223873045 0.351842259517066 0.368817282803448 0.378296013831381 0.402729180525322 0.420758536988241 0.418294212223181 0.453813046916259 0.495146189014944 0.519980452086761 0.531823563595106 0.532166513543818 0.514803689646012 0.478005300539964 0.423993869246215 0.372853303084194 0.370345150270491 0.414269234551964 0.443944852601255 -9999 -9999 -9999 -9999 -9999 -9999 -9999 -9999 -9999 -9999 -9999 -9999 -9999
0.480732903274746 0.478160332046893 0.474494850164016 0.470585008658316 0.467206047164327 0.463824888814664 0.459620205042498 0.454830607279336 0.448664997134839 0.440144192148889 0.431614134387463 0.42340907305049 0.414624817534613 0.408360531809195 0.400914079736234 0.388935301955717 0.377098025905359 0.363848375044958 0.348108469235495 0.335270588380635 0.323236247449468 0.30758800910339 0.295869545613924 0.299742481384306 0.316765084130823 0.33393993710086 0.353353497482304 0.377754114596793 0.396870928843698 0.417746073926936 0.436754956586413 0.449879656176479 0.471932290341077 0.496628952465972 0.517922447493013 0.534338945336771 0.53673707607764 0.521883168175047 0.49444122714247 0.459891859140036 0.429566103525662 0.424239188374008 0.442286085653015 -9999 -9999 -9999 -9999 -9999 -9999 -9999 -9999 -9999 -9999 -9999 -9999 -9999 -9999
