layers/veg/veg2500.asc
NCOLS 255 
NROWS 330 
XLLCORNER -2985163.8955 
YLLCORNER -3022031.214 
CELLSIZE 25000 
NODATA_value -9999 
[rows 200 to 224 of 330, columns 114 to 170 of 255]
0.461569985485477 0.459373008464617 0.456209138284812 0.452273979154568 0.449426798478383 0.446222679286041 0.441079430156334 0.436200999432747 0.429939984836124 0.420804482174936 0.412773656875537 0.405730271592485 0.396724060814454 0.390445569481808 0.383779593118134 0.37189357625413 0.360912661041937 0.348507188562196 0.329679199865557 0.316104582666744 0.310164163976176 0.302059555433132 0.295031023663475 0.298799944893676 0.312248311321368 0.324497225930525 0.343481848635152 0.368320697244617 0.388047114555434 0.408067161242792 0.430028444658439 0.447707334502985 0.463827136044113 0.48520813219183 0.503354058643354 0.513592263785802 0.51713192060118 0.509282182130125 0.491903732560074 0.467468588382959 0.45067564877009 0.450218163478732 0.453998015606756 -9999 -9999 -9999 -9999 -9999 -9999 -9999 -9999 -9999 -9999 -9999 -9999 -9999 -9999
0.458888301083985 0.456884656507151 0.454153208440362 0.450780520992328 0.44815870654927 0.444846389884068 0.439571504051689 0.434638003631842 0.42779193743058 0.418868873000817 0.411334318491666 0.404397665040988 0.396509908053983 0.389709367336761 0.382047361766353 0.370258706532873 0.35883234246524 0.347943011487986 0.332807742845519 0.317363230310887 0.309015726795341 0.303563508893691 0.296294014975293 0.302694979167137 0.319413867054757 0.330016126087109 0.345767599359251 0.362835766540517 0.377151889997226 0.397918715682555 0.42213136411263 0.439949577545862 0.456158963752461 0.473014371524268 0.481139262117565 0.487845550981388 0.498091892223739 0.497556674575776 0.484468397602058 0.471562284941436 0.464205920589741 0.461469460421743 -9999 -9999 -9999 -9999 -9999 -9999 -9999 -9999 -9999 -9999 -9999 -9999 -9999 -9999 -9999
0.456216291286612 0.454480446010677 0.451983396461892 0.449702850829683 0.447299736909008 0.44247686785228 0.436975814533233 0.431269066565679 0.424318161103862 0.416150871982288 0.40911862490862 0.402836950843092 0.396461478223987 0.388354300285191 0.377230023699771 0.366296377572298 0.35625802501472 0.343686715450587 0.332571543474727 0.323880698294427 0.312472476708654 0.307017401141679 0.309393848793798 0.316700563181677 0.326171462247741 0.334170588379385 0.338097315469725 0.33996505902229 0.353542286894785 0.380618736659215 0.401539539046068 0.406569665423657 0.421002045261368 0.4363236513442 0.437367406448563 0.450750176617388 0.473648151706006 0.484893653494658 -9999 0.473112055904861 0.466814452571947 0.464669428440696 -9999 -9999 -9999 -9999 -9999 -9999 -9999 -9999 -9999 -9999 -9999 -9999 -9999 -9999 -9999
0.453768633530625 0.452662333852123 0.450332714129889 0.448068093898438 0.445935845199768 0.440184960787397 0.433201615302516 0.427685104836603 0.422255194972405 0.414417564455575 0.40735860004914 0.401382793748912 0.394419800155262 0.387245077906754 0.377255701589377 0.363734069489738 0.351892038144522 0.339489654458012 0.329112459189071 0.323400805691389 0.312161878512007 0.309693121365025 0.317853008991677 0.32424537469308 0.329509589555481 0.333007584624053 0.332009034975074 0.338817432349127 0.353590311511172 0.370149649661982 0.388437829444422 0.38782668500452 0.399197593335409 0.423200879341687 0.435401120086231 0.450485999534508 0.468738461396612 0.477181002198564 -9999 0.467294168440904 0.467031482616041 -9999 -9999 -9999 -9999 -9999 -9999 -9999 -9999 -9999 -9999 -9999 -9999 -9999 -9999 -9999 -9999
0.452620053443057 0.451728836900317 0.449892948631332 0.447547845916867 0.444651490824695 0.437979053394956 0.43118496417668 0.426332593069714 0.420187524077287 0.41308375914914 0.407465938674822 0.401479886565543 0.394312539907526 0.388548949933982 0.380522864244648 0.368918544989124 0.355924234100982 0.341597252126671 0.326347113924126 0.316326318936859 0.309626229723176 0.309841404568117 0.319006034999423 0.32471599817381 0.329074340606538 0.328123138354042 0.327025108164049 0.338299315882039 0.357095837732157 0.370201390193002 0.387034176108362 0.398274869156039 0.413418558471479 0.434737177659959 0.440240212673801 0.452185723534868 0.46144901709555 -9999 0.466101268623552 0.466271524180922 -9999 -9999 -9999 -9999 -9999 -9999 -9999 -9999 -9999 -9999 -9999 -9999 -9999 -9999 -9999 -9999 -9999
0.450882078421297 0.449932603276865 0.448781939393586 0.446437600974633 0.442235630748844 0.434985394401862 0.428245055550992 0.423438197290316 0.41822106379643 0.411901217049138 0.406132049192247 0.400801922609861 0.394266414509826 0.386499011907448 0.37715645279646 0.367683843503511 0.359562636413861 0.347617441100794 0.329998800800659 0.318039131530506 0.319544563672559 0.323287561035777 0.323068593299364 0.325813746258551 0.330344640461779 0.330926713625186 0.327628258265298 0.33182271847487 0.344742191973719 0.362207818896078 0.379172612308589 0.387710800967892 0.40004898671655 0.4236709463397 0.438970205304754 0.448088436522308 0.45524830907841 -9999 0.458545585396168 0.4630335419762 -9999 -9999 -9999 -9999 -9999 -9999 -9999 -9999 -9999 -9999 -9999 -9999 -9999 -9999 -9999 -9999 -9999
0.449224178570404 0.448126417791197 0.447213119535773 0.444917200449469 0.438824429177422 0.430187922291649 0.42459402990673 0.42111120530422 0.416950158243443 0.410944579780678 0.404949800117977 0.400346698956008 0.394405398054812 0.386795326175017 0.3767143526979 0.365577360467148 0.358361030080428 0.347406422958593 0.328590217851653 0.322203412665509 0.3283051468226 0.329098233766443 0.327830383251574 0.326432339297983 0.328215643560695 0.333971464480045 0.334277293871559 0.331648161426826 0.338419912374693 0.352204643396571 0.361233113423319 0.365249939939453 0.380640816485423 0.407629717202986 0.429273243652472 0.436586679540818 -9999 0.453719069665736 0.45385225675552 -9999 -9999 -9999 -9999 -9999 -9999 -9999 -9999 -9999 -9999 -9999 -9999 -9999 -9999 -9999 -9999 -9999 -9999
0.448288924159049 0.447250218881016 0.445755936844509 0.442562171498415 0.434782232785167 0.426928701576301 0.42401862399168 0.42142322097424 0.417183720653779 0.410653734584518 0.404476153181258 0.399968190174307 0.393611311100017 0.386580180060751 0.377763551444598 0.363458523492741 0.350972512430112 0.343020778566169 0.334292990294226 0.331149033683083 0.332296758815943 0.330636518784805 0.327793652849936 0.325336945081442 0.328783110931202 0.334191375721371 0.338231669011705 0.343819530678066 0.344897176254817 0.344028068567267 0.355976534758876 0.370769421077502 0.38668564196143 0.411918292059005 0.426002361340169 -9999 -9999 -9999 0.451319256169335 -9999 -9999 -9999 -9999 -9999 -9999 -9999 -9999 -9999 -9999 -9999 -9999 -9999 -9999 -9999 -9999 -9999 -9999
0.44654686304784 0.445561791767196 0.442381974625831 0.435810148671349 0.430372699155392 0.425300893221505 0.421826000885087 0.41911389061608 0.415801242725669 0.410075716222956 0.403942559625187 0.400532233542371 0.394031293426017 0.384287967708461 0.375263435977362 0.364169032186223 0.35271980643931 0.342163092286865 0.332187075542664 0.331260259293988 0.334545098649553 0.332650338819288 0.329260141243341 0.325469106108054 0.3268830077936 0.33089532029828 0.33407477179322 0.342294007560518 0.33927239968015 0.340976878178786 0.362728416835419 0.379281683444435 0.394644635374264 0.404035199384868 -9999 -9999 -9999 -9999 -9999 -9999 -9999 -9999 -9999 -9999 -9999 -9999 -9999 -9999 -9999 -9999 -9999 -9999 -9999 -9999 -9999 -9999 -9999
0.445182178473648 0.444115965724569 0.441962496956604 0.434759051018196 0.427562250389296 0.424104727533159 0.421042518303157 0.417352010543768 0.414088290652793 0.409211920531793 0.404049004839194 0.400568164809331 0.394120189717177 0.385414874895546 0.378373788879853 0.369879981657212 0.358171916443195 0.346477426563188 0.33749801146573 0.332205429408356 0.332536598064067 0.332493780824982 0.329877669296931 0.327343003858909 0.326857464009819 0.327405560171098 0.330098266141486 0.338321717639468 0.340258315980429 0.341484434349084 0.358614388488095 0.378701469391069 0.392874173357071 0.402999694215487 0.411386989281379 0.417405365348946 -9999 -9999 -9999 -9999 -9999 -9999 -9999 -9999 -9999 -9999 -9999 -9999 -9999 -9999 -9999 -9999 -9999 -9999 -9999 -9999 -9999
0.442749751016589 0.442663184536234 0.441757039357885 0.4353327242611 0.427225318682367 0.424222487554239 0.420848092285474 0.41645379365052 0.413761904829334 0.409609495965168 0.404746481180956 0.400765083473434 0.392495455955497 0.382933254733257 0.376902475675113 0.367685213184235 0.359407432733246 0.351778334294599 0.33983544504691 0.335614227582328 0.335223215837127 0.33109672765688 0.327899716287849 0.32419569351404 0.321995299754575 0.321482839124997 0.322538707608078 0.329660629049473 0.337429578537738 0.345356337157922 0.363162729877573 0.378677620112052 0.388251671568673 0.399673065806417 0.406394591869673 -9999 -9999 -9999 -9999 -9999 -9999 -9999 -9999 -9999 -9999 -9999 -9999 -9999 -9999 -9999 -9999 -9999 -9999 -9999 -9999 -9999 -9999
0.438669383905472 0.439168906408769 0.439287117400869 0.436438595530652 0.430338608316235 0.424679893608993 0.420436391349262 0.416257552784628 0.413290817947506 0.409301419335225 0.404837717964005 0.400810242404206 0.393152157624503 0.383887259352818 0.375834642087285 0.366469319593691 0.35639201068873 0.349811686573704 0.342906724078616 0.337367270756183 0.334716089817023 0.328060287144925 0.322113910245287 0.317906070788448 0.313816508662035 0.312089083273489 0.315993009973425 0.32287594956656 0.33274243338019 0.344477159441042 0.358017399833221 0.370438292686134 0.379780809965345 0.383596300055687 -9999 -9999 -9999 -9999 -9999 -9999 -9999 -9999 -9999 -9999 -9999 -9999 -9999 -9999 -9999 -9999 -9999 -9999 -9999 -9999 -9999 -9999 -9999
0.434442519320863 0.435639704708043 0.436729067915965 0.435960069174293 0.431960746959375 0.42556821876455 0.420586320430467 0.416644974487074 0.412989653082031 0.408836022296076 0.404711677777816 0.401232439718577 0.393178975667503 0.384187080917507 0.377483087653708 0.368953476797895 0.359873652060021 0.353734151353614 0.34726589325815 0.340786831861381 0.333827652769116 0.323905803997698 0.314607765244067 0.305748862305674 0.297976837779774 0.297014813786195 0.306452761437753 0.316567762932094 0.325424906025634 0.338502426174841 0.351319263441334 0.362457556995544 0.371036991668418 0.375778957345925 -9999 -9999 -9999 -9999 -9999 -9999 -9999 -9999 -9999 -9999 -9999 -9999 -9999 -9999 -9999 -9999 -9999 -9999 -9999 -9999 -9999 -9999 -9999
0.432740285392995 0.433710312730692 0.434182530370833 0.434156817797943 0.432037921590662 0.427683946739348 0.422875351937525 0.418542572745015 0.413724545657991 0.408804831544289 0.405054567551926 0.401762748774665 0.393903520735839 0.385132430082074 0.379197862163153 0.36973306594291 0.362066367126757 0.355839453586797 0.346410601319371 0.337412855555303 0.328493622771306 0.318485684231172 0.30721818958955 0.296699492424576 0.285754369833761 0.286314024228701 0.299504516573255 0.312295088883505 0.321332436069136 0.33174576539182 0.345086669418253 0.356455049729499 0.360427412956846 -9999 -9999 -9999 -9999 -9999 -9999 -9999 -9999 -9999 -9999 -9999 -9999 -9999 -9999 -9999 -9999 -9999 -9999 -9999 -9999 -9999 -9999 -9999 -9999
0.429250343248495 0.428957617532172 0.429901263277962 0.430778643176244 0.429897314692107 0.427032360045854 0.423594453216662 0.420137143143587 0.415561700730729 0.409544901283046 0.405575499859681 0.401787236434534 0.392906022490011 0.384712089368419 0.378631973685141 0.37038974299078 0.362324664768054 0.353481797420064 0.342940226470811 0.333376347588071 0.323066451817174 0.309800699331488 0.296859850250434 0.291845847556641 0.2909322864805 0.287416451586971 0.290112657584331 0.299970398688413 0.30907739388395 0.320697835293515 0.335699087146374 0.350286191946901 0.357585057870166 -9999 -9999 -9999 -9999 -9999 -9999 -9999 -9999 -9999 -9999 -9999 -9999 -9999 -9999 -9999 -9999 -9999 -9999 -9999 -9999 -9999 -9999 -9999 -9999
0.426499069823346 0.426088046501226 0.426304190600103 0.426305083509431 0.426029336217174 0.425259418819849 0.422850322524719 0.420135959655604 0.416437922644129 0.411343079540144 0.408425557827777 0.395663340756931 0.391210399876079 0.382182885719757 0.374683640546064 0.36560856643742 0.358596079833772 0.354211201565086 0.34485494345119 0.333762216766951 0.322926932771394 0.308288961402365 0.290575415933302 0.283585971539446 0.285256474557842 0.282652811668775 0.280818040550297 0.28503937420704 0.295680272024362 0.309759720907907 0.328152581905474 0.338948489243613 -9999 -9999 -9999 -9999 -9999 -9999 -9999 -9999 -9999 -9999 -9999 -9999 -9999 -9999 -9999 -9999 -9999 -9999 -9999 -9999 -9999 -9999 -9999 -9999 -9999
0.424520844127282 0.424037350156329 0.423783184319886 0.423506002022005 0.423409807229429 0.423137360028058 0.421920743957029 0.419511295012321 0.416117752134464 0.411495244207845 0.407369595143123 0.400871473797352 0.390030699819252 0.380883688754077 0.374232834993209 0.365742395798776 0.358084476272422 0.352469537359008 0.344387518665345 0.335139863139808 0.323162795889401 0.306416359839732 0.288500529072789 0.279353000583223 0.278304347403929 0.274685035595755 0.269527114264269 0.273221808602547 0.287288906300901 0.304119945818489 0.313027378383359 -9999 -9999 -9999 -9999 -9999 -9999 -9999 -9999 -9999 -9999 -9999 -9999 -9999 -9999 -9999 -9999 -9999 -9999 -9999 -9999 -9999 -9999 -9999 -9999 -9999 -9999
0.422191538007843 0.42148739837272 0.421074875143001 0.420517935520347 0.419706884275841 0.419332694136038 0.418978809627232 0.41772517861536 0.415270356775651 0.411238158509212 0.407377999415464 0.400712169089034 0.389646055988171 0.380006910048798 0.372065508019796 0.363188873455828 0.356774102023246 0.350895852558944 0.343083652778143 0.335728973044031 0.323152311054583 0.305625682424014 0.295781335052648 0.291710725649552 0.282155839939536 0.271410579155163 0.260378980033374 0.264923168398478 0.282488137787642 0.297706655748167 0.306283867411919 -9999 -9999 -9999 -9999 -9999 -9999 -9999 -9999 -9999 -9999 -9999 -9999 -9999 -9999 -9999 -9999 -9999 -9999 -9999 -9999 -9999 -9999 -9999 -9999 -9999 -9999
0.419160939789386 0.419005791176711 0.418941195786683 0.418208393818654 0.418172584162271 0.418093664681822 0.416916117925488 0.415597711520438 0.413721160602036 0.410481267561384 0.407236293859277 0.40114816750399 0.390711462661247 0.381666622677521 0.37415953647002 0.364817581834301 0.360282619812888 0.357286329333121 0.349250258840631 0.342007471924353 0.330066797938218 0.311046244140109 0.298024750760429 0.292805447458639 0.28576746837063 0.279197525276592 0.27270127104002 0.277667121500301 0.28858478214302 -9999 -9999 -9999 -9999 -9999 -9999 -9999 -9999 -9999 -9999 -9999 -9999 -9999 -9999 -9999 -9999 -9999 -9999 -9999 -9999 -9999 -9999 -9999 -9999 -9999 -9999 -9999 -9999
0.418099680415881 0.41769412444605 0.41779156072041 0.417370760730941 0.416548500115579 0.41544246922675 0.414546241092406 0.413686135610145 0.411798636105633 0.409588161211779 0.407150800824593 0.401573378758285 0.39407851644204 0.38648834814349 0.379591755678379 0.373887325039025 0.368299192950448 0.363105278111867 0.35355056301598 0.344990199376686 0.336901122161047 0.322336562461645 0.300034601637127 0.290514711227718 0.293066881500756 0.28625740226178 0.284061833552888 0.29163779933783 0.298327293345317 -9999 -9999 -9999 -9999 -9999 -9999 -9999 -9999 -9999 -9999 -9999 -9999 -9999 -9999 -9999 -9999 -9999 -9999 -9999 -9999 -9999 -9999 -9999 -9999 -9999 -9999 -9999 -9999
0.416097608387603 0.415816667478475 0.415382592598906 0.414889059655855 0.414208996449664 0.413240870568281 0.412085901867813 0.411207940228123 0.410139562036267 0.408547658496836 0.406834873096414 0.406166731436647 -9999 0.391644389863441 0.387876291928062 0.381776920624371 0.375940464314514 0.370778774456969 0.363565681425009 0.355075316945203 0.346074849346194 0.330103899650372 0.311202252672137 0.300496498590122 0.298798168718125 0.303909561585064 0.307529574029737 0.307914350085028 -9999 -9999 -9999 -9999 -9999 -9999 -9999 -9999 -9999 -9999 -9999 -9999 -9999 -9999 -9999 -9999 -9999 -9999 -9999 -9999 -9999 -9999 -9999 -9999 -9999 -9999 -9999 -9999 -9999
0.413354875714262 0.413125359032972 0.413191074195733 0.413196595028934 0.412755382943266 0.412423496659706 0.411871998570183 0.410838383476409 0.409439009081008 0.407955092159148 0.406595025071406 0.404753087584944 -9999 -9999 -9999 -9999 -9999 0.376536826677704 0.369058177036428 0.361625077472051 0.355290653954059 0.339035614423301 0.32717776944013 0.330163365460278 0.329252590190721 0.328398520185602 0.328462369291334 -9999 -9999 -9999 -9999 -9999 -9999 -9999 -9999 -9999 -9999 -9999 -9999 -9999 -9999 -9999 -9999 -9999 -9999 -9999 -9999 -9999 -9999 -9999 -9999 -9999 -9999 -9999 -9999 -9999 -9999
0.41112784119578 0.411271818136047 0.411819236628002 0.41213585776679 0.411937254209703 0.41155190152164 0.411014317095994 0.410296803273632 0.40902577946713 0.407838841012885 0.406606608713414 0.40452461429802 0.402280332225115 0.400275429707487 0.398692689660436 -9999 -9999 -9999 0.37167523244167 0.367189003119318 0.36671256786976 -9999 0.344465706188575 0.344263377016072 0.341036436499533 -9999 -9999 -9999 -9999 -9999 -9999 -9999 -9999 -9999 -9999 -9999 -9999 -9999 -9999 -9999 -9999 -9999 -9999 -9999 -9999 -9999 -9999 -9999 -9999 -9999 -9999 -9999 -9999 -9999 -9999 -9999 -9999
0.407786671232013 0.40864280826062 0.409559599879161 0.409892571342366 0.410153872746588 0.410469928736216 0.41038488126263 0.409945077116862 0.409002539592829 0.407641865128694 0.406424782644991 0.404919701423883 0.402617293318262 0.40046178481508 0.398844189871236 0.398443653621616 -9999 -9999 -9999 -9999 -9999 -9999 -9999 -9999 -9999 -9999 -9999 -9999 -9999 -9999 -9999 -9999 -9999 -9999 -9999 -9999 -9999 -9999 -9999 -9999 -9999 -9999 -9999 -9999 -9999 -9999 -9999 -9999 -9999 -9999 -9999 -9999 -9999 -9999 -9999 -9999 -9999
0.403956556685868 0.404951652000031 0.406360425844582 0.407273589413546 0.408079051632531 0.409100870635931 0.409554121208891 0.409688871815215 0.409293666289136 0.408234561669252 0.407124233487737 0.406194477029684 0.404645781728418 0.402514612132425 0.400557409175551 0.400018200038691 -9999 -9999 -9999 -9999 -9999 -9999 -9999 -9999 -9999 -9999 -9999 -9999 -9999 -9999 -9999 -9999 -9999 -9999 -9999 -9999 -9999 -9999 -9999 -9999 -9999 -9999 -9999 -9999 -9999 -9999 -9999 -9999 -9999 -9999 -9999 -9999 -9999 -9999 -9999 -9999 -9999
