layers/veg/veg2800.asc
NCOLS 255 
NROWS 330 
XLLCORNER -2985163.8955 
YLLCORNER -3022031.214 
CELLSIZE 25000 
NODATA_value -9999 
[rows 175 to 199 of 330, columns 114 to 170 of 255]
0.296990512474403 0.294210188084928 0.296499748298664 0.301601894313442 0.311162290620872 0.318128913323353 0.3179362325864 0.321192930223139 0.326775524529439 0.328617560450411 0.330929239816476 0.335921638278603 0.342824966045706 0.351283284936786 0.355177612576883 0.359581210119813 0.369166505430268 0.373187727634296 0.371764431599258 0.366102301780752 0.362078225571787 0.37350805198503 0.382868453658743 0.389794751525758 0.392330891524201 0.394211893996219 0.401780018011924 0.404311221058606 0.399700915364414 0.397750596195682 0.397457005750235 0.410198380924077 0.413459004006886 0.400414722072866 0.394698175282011 0.392309439285866 0.381663135365823 0.380252172248164 0.398308694676359 0.384803067235961 0.353527115614218 0.358673969662582 0.35431198229937 0.32077462965133 0.316900655224213 0.333312898328819 0.364003992690656 0.388900962500538 0.389770757585009 0.437583754917009 0.524124455273813 0.573581740601333 0.607945860915646 0.600828336918284 0.540463397029942 0.427281618082875 0.430596820100474
0.28978873985577 0.29098075367763 0.293908894213359 0.29780017409572 0.305604707782921 0.312016553549496 0.314426054119682 0.317761855959916 0.321722257599189 0.325160627273403 0.32893772338438 0.333986603552375 0.34177202567413 0.351784269289183 0.353859535969574 0.355944704950926 0.363243773715629 0.36904683485676 0.37338603299025 0.3679385448079 0.362568925118949 0.370403410699136 0.380131568563128 0.392087106252343 0.398853750218814 0.404076806067395 0.408741497030096 0.407539879347444 0.398020820369787 0.393667639463498 0.391673934807861 0.398571317348611 0.402287825959219 0.400533898595604 0.393006214970319 0.382813041387848 0.367533618427544 0.361101777989949 0.373320054376638 0.371856963548393 0.36269090154532 0.361442404207752 0.354681533396594 0.33253345726178 0.342727697233762 0.375040229166144 0.382502714763234 0.391543529274989 0.413912388207913 0.449713239565688 0.496595359110455 0.559713938161152 0.61303797985274 0.611782246601745 -9999 -9999 -9999
0.285039753605169 0.288742226513855 0.291929187263502 0.294830160798006 0.300431949707174 0.305806259059336 0.310312095881842 0.31381885838667 0.316651950630835 0.32218000960883 0.327863564884627 0.333238535934277 0.341339411927742 0.351658453701281 0.352566282844873 0.352901238178097 0.356883586866299 0.363906002870535 0.37390316446735 0.369741395136239 0.364227259052771 0.368926593571516 0.378625512743808 0.394205055552537 0.404004449385992 0.411670358951075 0.414796117653017 0.411733917738349 0.399898230842159 0.394257964596266 0.39105770484018 0.391060853880549 0.3938540304974 0.401445469339871 0.392558986254734 0.37611688239789 0.358918113112881 0.348424918572913 0.35206663060748 0.360182837562359 0.370818303364079 0.365155027316405 0.358167178014328 0.34958663546495 0.372545549603931 0.417073695488777 0.400781669567252 0.394010719048748 0.438810920252839 0.462920433332229 0.46996032212721 0.539333823688694 0.603814524380994 -9999 -9999 -9999 -9999
0.284435059406443 0.287605496364628 0.291937346288412 0.296913505475984 0.2994681433708 0.301836485402017 0.30397618930679 0.308291935611739 0.314074975215096 0.321393595877731 0.328811565412605 0.336089021264761 0.342858440663295 0.349214452734837 0.35145952729118 0.352452329986102 0.350693444758543 0.357540759416703 0.372809353118213 0.369931351417735 0.365176246056372 0.372638152284538 0.38234167278813 0.394681830293654 0.403108558412919 0.410403852786472 0.417587788634694 0.419792089884196 0.414936104853288 0.41017660640615 0.405625015010941 0.404375623215615 0.40509459038598 0.409198722115701 0.398972961307184 0.382198632036456 0.370673621713665 0.360391765107223 0.352730394038038 0.359792049982865 0.375143159087851 0.37112305760362 0.366053272960368 0.360467751549925 0.380115019617728 0.41701851023967 0.399332090758033 0.393678593637152 0.445993068010972 0.475544768992853 0.486317394714901 0.547512051505249 -9999 -9999 -9999 -9999 -9999
0.280940423815731 0.282619975990903 0.287640024726869 0.294513258284709 0.29582262819699 0.297228865568885 0.29946465457065 0.305027579682629 0.312833974185194 0.320950262671226 0.329047183769185 0.336986226441908 0.343359206886779 0.348457826811056 0.350079220870152 0.350439046924408 0.347594011163063 0.354572555986856 0.371163602775608 0.369287420416766 0.365403651503518 0.373362251974609 0.382798636733631 0.39397322452658 0.402876024045913 0.411243361611381 0.420694480020846 0.426177061016107 0.426032921876924 0.420755007654207 0.414112807320132 0.417403769054384 0.420005344160477 0.4214213188644 0.411117541696679 0.395435231509565 0.377965853735345 0.36262112413462 0.351755011890046 0.360811757149737 0.381085597504137 0.377331574967499 0.373404466162561 0.371801427947653 0.383049298498956 0.403085659989157 0.410324001326461 0.42578053184529 0.472904005703951 0.494704469711593 0.495613687313988 -9999 -9999 -9999 -9999 -9999 -9999
0.274851460754589 0.274179360564031 0.279477632894419 0.2880880486548 0.289769717868406 0.292048645246204 0.296590875531248 0.303794351214468 0.31279228988143 0.320814916066799 0.328643289974473 0.336129953720404 0.342945869310617 0.349215973276165 0.348453345271958 0.34702140988178 0.347269135563367 0.354653907221617 0.369022371626119 0.367894900987624 0.364983286425194 0.371404481703053 0.380329789797939 0.392200491568609 0.403238991120766 0.413973459828718 0.424083968176283 0.431059983917545 0.433591815109602 0.426539424904296 0.417142959471299 0.430174610294459 0.438210865381276 0.437656087581624 0.428406540201125 0.415094806730219 0.381251360544742 0.356109049373013 0.349308153395073 0.363097678668755 0.388480155062533 0.383755979833804 0.380275473056516 0.383541371979271 0.381822522862172 0.376694699813508 0.432484753503577 0.486998832917967 0.51752566300814 0.519731028888628 0.498571451547797 -9999 -9999 -9999 -9999 -9999 -9999
0.268327324469566 0.270532075317894 0.275622581839366 0.282313999637283 0.284194049600056 0.286962544944963 0.292525401436393 0.300077988761737 0.308972240531671 0.31647147766401 0.324079147865924 0.332467344738317 0.339216138748623 0.344630892356423 0.343171087135142 0.34226341836698 0.348228662150295 0.35693658639273 0.368328259302371 0.370939269405118 0.371744223726872 0.373013058226153 0.37667991891282 0.383167391801408 0.400669530247441 0.419412818106826 0.420077678917099 0.422074666888371 0.425960387643567 0.420671059862999 0.413209941521914 0.428601667009902 0.438950046065706 0.440624927095813 0.427049343715916 0.406510448454246 0.393146164158641 0.383222812948029 0.380552720337151 0.38897614566878 0.403645514669351 0.400587206417438 0.397169380829527 0.394857662405794 0.389466271808303 0.381968752260227 0.432062791787035 0.483420705350807 0.520374573852962 -9999 -9999 -9999 -9999 -9999 -9999 -9999 -9999
0.26170274319154 0.267338507687807 0.272239100648267 0.276731847437705 0.279050722711613 0.282181788577355 0.287635673334581 0.295173047465645 0.304115306903763 0.310915534052416 0.318255573283641 0.328020791918725 0.334839304428845 0.339259977386577 0.337831392978928 0.337849805157301 0.34795334550182 0.357610619573058 0.366831216264633 0.372820110263271 0.37691360221991 0.373710127066627 0.37303221137432 0.375324915381572 0.398320667224043 0.42357509975255 0.414147569113448 0.411110768904068 0.417134952082177 0.414895142170782 0.410664093653792 0.426344784232617 0.437667022178252 0.441493635776562 0.422486954114056 0.393151624002223 0.40045616380236 0.405718052115681 0.406674166646997 0.41049540431491 0.415929781999227 0.416076978443608 0.41356372484752 0.404677368344824 0.398819646177189 0.395033149157532 0.434397097892664 0.4724645679717 0.492225820480563 -9999 -9999 -9999 -9999 -9999 -9999 -9999 -9999
0.254972349344157 0.261959187729515 0.267219352934139 0.271521623265161 0.275677785924881 0.278880235287943 0.279636217818779 0.286504238788478 0.297493573313572 0.303097836851459 0.309884214717613 0.322192542517912 0.330263905376495 0.334887499204684 0.335641217501928 0.336467151672312 0.340127455647276 0.347950916870255 0.359848081859406 0.364546816205101 0.367145675272021 0.366367201993786 0.370508177493938 0.380435519016295 0.399866969429007 0.418627684510047 0.405306183243068 0.403051696844681 0.416488380489553 0.420571243125325 0.42180057629923 0.434088378228067 0.44245436265242 0.444075643566974 0.419032031945946 0.381883830153318 0.376114046513499 0.372821580950612 0.374751137496824 0.38740618674797 0.406099971736854 0.414875119245062 0.417951010392673 0.407211570543146 0.408595193543686 0.418269547569383 0.472157871241197 0.514787842023732 0.505401877760958 -9999 -9999 -9999 -9999 -9999 -9999 -9999 -9999
0.248837184927082 0.257025293261717 0.262487386891366 0.266437187667678 0.269642197561154 0.272128388877709 0.272836771546269 0.279318874146049 0.289694164011517 0.294772879616106 0.300962853351684 0.312415036054146 0.320696171641839 0.326396913436658 0.328188014737873 0.329291303104323 0.32995930791225 0.337336487912074 0.351278683504373 0.356226340636177 0.359080423280294 0.360931982351276 0.368624733348289 0.383188025337303 0.398762613457053 0.411886994517155 0.399084480680286 0.400225669116699 0.421136687629298 0.430591007132892 0.436124525150348 0.44705290723606 0.453018363830485 0.450448629549328 0.421811037570501 0.381312763689678 0.364247323181567 0.354622587996917 0.36068236586218 0.375062322275651 0.394126759013304 0.413462051003467 0.426369997079499 0.422372888720696 0.427526405852446 0.438937860899092 0.494759634101621 0.540914391298156 0.540319577112351 -9999 -9999 -9999 -9999 -9999 -9999 -9999 -9999
0.243344189771992 0.252571950567629 0.25806589700131 0.261488460340487 0.260733980743494 0.261654159006225 0.267331967324206 0.273733938031639 0.280624207414189 0.285900659786976 0.291448115929199 0.298376833857996 0.305742407386384 0.313463465849802 0.315056742011816 0.315865407711436 0.317264191687599 0.325692042923779 0.340997928321045 0.347854962819485 0.352852119302767 0.357554909913697 0.367432395885615 0.383396474636714 0.394798568231558 0.403211612010158 0.395689049821514 0.403045363937236 0.431497427983414 0.445296975745005 0.453887303999915 0.465650094532035 0.469814573552131 0.460911550510972 0.431315578939837 0.392281969230215 0.365839804187267 0.352280117344461 0.365875839654643 0.374311190143474 0.379841114970762 0.41182111775992 0.439138625122854 0.451157098066747 0.456335299437665 0.45683556978967 0.501006945918642 0.538514911660285 0.539572572494682 -9999 -9999 -9999 -9999 -9999 -9999 -9999 -9999
0.232462305518147 0.242840784777029 0.249325933327905 0.253651204973265 0.255598478675726 0.258135591094825 0.262442858402878 0.266589481666359 0.270627783543266 0.276925239048365 0.28320669091675 0.288748550200636 0.294013361671654 0.299052729486118 0.305273634632198 0.311310303478368 0.315778330602885 0.323158672340225 0.333388751980737 0.339847053661638 0.345939227558155 0.354716518822222 0.362041923890996 0.367659587843434 0.380153717129006 0.393799227650904 0.399721820059658 0.411317439466517 0.430956459225164 0.447106040161693 0.461625074359757 0.469434499280179 0.471484428183838 0.463629231988095 0.442975656684312 0.416494768484254 0.400411333774246 0.391553097692421 0.397925100848086 0.395176245611646 0.387292106146639 0.417747252990332 0.445412577748766 0.461320389159172 0.475504241467915 0.488509111089938 0.522183475292563 0.549738947293652 0.550111420051901 -9999 -9999 -9999 -9999 -9999 -9999 -9999 -9999
0.220652356899164 0.231959029249123 0.239512036262135 0.244982647588692 0.251040748505409 0.255871956806468 0.257475169085742 0.259110483629917 0.260767444552926 0.267822271867184 0.274801046914505 0.279888434821332 0.283207250808994 0.285086916939435 0.296205113989352 0.307789874548 0.315378772344094 0.321450096014913 0.326036453574367 0.331412428412515 0.338007199047867 0.35097028812442 0.35564401893565 0.350567620581379 0.365039118431144 0.385049731803333 0.404552015793804 0.419153511809338 0.426806512826557 0.444098009645356 0.464057350902416 0.467404980851478 0.46746658330429 0.461876907705049 0.452769933405328 0.442081584745443 0.439622031572098 0.436397904121007 0.431562104830268 0.417845005337428 0.399127499205614 0.423409710170987 0.446866170330929 0.463182489046456 0.486179398713567 0.513745036873939 0.54071229001208 0.560241637361223 0.555052666354854 -9999 -9999 -9999 -9999 -9999 -9999 -9999 -9999
0.212062869277617 0.22240914489135 0.229788886684778 0.235522904452058 0.243685793057899 0.249881677335576 0.250747425256544 0.252066062225219 0.253690079762109 0.25795321828698 0.262742576628387 0.268458508696148 0.273245795638873 0.277277411022741 0.286176087632494 0.295250360746949 0.301915133885195 0.30868416370887 0.315555210061535 0.31907086949768 0.323688382862509 0.339356903178935 0.349610123989911 0.353493748028979 0.366635745914521 0.382696368752033 0.401309617035205 0.413362798607694 0.416114906360846 0.429221730997719 0.445492727605249 0.4496234748917 0.449243167073165 0.441104790664058 0.444407470709242 0.452916263773156 0.451278642671848 0.444344721601265 0.426246551662708 0.413125255623587 0.402806071068343 0.412734856953183 0.424286702878851 0.43775818933887 0.451085770978693 0.464314938861842 0.510966221507477 0.549833202266665 0.551812318341215 -9999 -9999 -9999 -9999 -9999 -9999 -9999 -9999
0.205443308320941 0.212045939084298 0.218739019866663 0.22548227899806 0.235289700771345 0.242574584926366 0.243029242506934 0.243790336123084 0.244758057855194 0.2475801110691 0.251319238092096 0.257507915148838 0.263142670806446 0.268326680925331 0.276015350338609 0.283746080484427 0.290027397683976 0.297121597013057 0.305011212127624 0.308300037504856 0.312552476581637 0.328637251737695 0.342797979196447 0.354695598587137 0.365181068708964 0.375872201908955 0.392333414919949 0.402844984130443 0.404920956779534 0.414288828352285 0.426079753686584 0.43305041193496 0.434933688340326 0.428067735049765 0.438918122906944 0.457798349650127 0.452482283980554 0.442378323153301 0.422181797062717 0.412007349313674 0.407475596433056 0.406940349012412 0.408194248560677 0.413683063955942 0.422837707476943 0.434499340803312 0.485341224583927 0.525475778134543 0.517068909247038 -9999 -9999 -9999 -9999 -9999 -9999 -9999 -9999
0.201381194611603 0.200626842853122 0.20596674915612 0.214687526037661 0.225541957892618 0.233557946834865 0.234025227479488 0.233916074976344 0.233418236804839 0.23655261878645 0.240720456111265 0.247179612676471 0.252855624057353 0.257894362354799 0.265683619992365 0.273585786884288 0.280185568552725 0.287121293584351 0.294385743586552 0.299568393728859 0.305548766853515 0.31907788526089 0.334975475506738 0.353658915466257 0.359765050750647 0.363243836841361 0.37591333183554 0.386190234527244 0.393074842810012 0.399282413890458 0.405565412899588 0.418046203944649 0.425705459006129 0.425072683488956 0.437158781864509 0.454952511823462 0.440115410561312 0.42754214267741 0.419740885324822 0.415565517835874 0.413431622128507 0.407481724440996 0.400523525964088 0.391359497260095 0.403476862832968 0.430148167288443 0.465066387825724 0.49539925458275 0.507705503272671 -9999 -9999 -9999 -9999 -9999 -9999 -9999 -9999
0.192348659064307 0.192240279640407 0.198344824245215 0.207896070949522 0.216706321904344 0.223551368215305 0.22540109066554 0.225740498818038 0.225061510432225 0.227638432540458 0.231114853446051 0.236556855647716 0.242574085817294 0.249059399438227 0.256447490385395 0.263769476154196 0.270216661383681 0.276323851725197 0.282098352626202 0.290758303561107 0.300085971521089 0.309711571340867 0.322346476166944 0.33852099305594 0.345934882419971 0.351586813431609 0.364284977476351 0.377311386177598 0.390803190722453 0.396764299907768 0.400384042213745 0.412064443810845 0.421579989662944 0.427372437710305 0.437296094939732 0.449004160347065 0.431554168607759 0.418830160167232 0.416068210900001 0.414029119273666 0.412397015595526 0.394783273378233 0.37531299334135 0.352816783195707 0.380581068820309 0.442717547081024 0.471567226633844 0.491424067814629 0.491932894333248 -9999 -9999 -9999 -9999 -9999 -9999 -9999 -9999
0.182103555180996 0.184841338975802 0.192041117183909 0.2017162460387 0.207786184739133 0.213082676869201 0.216758290548173 0.217993927758317 0.217584302394214 0.21931093138873 0.221748293927557 0.225871452347578 0.232241981045306 0.240441274849637 0.247222319785311 0.253740463303618 0.260042633242724 0.265313604898398 0.269575535559309 0.281665190800551 0.294306774428915 0.300114236572813 0.308330796738695 0.319380992046752 0.32965467771264 0.340034830439293 0.353525147362496 0.369890735436405 0.390332975532735 0.397716433362345 0.400606877455834 0.409188440797902 0.419054492659623 0.431129595354762 0.438321087001923 0.443191266340606 0.425926763991206 0.413919084376874 0.412992438240549 0.411340372490993 0.409279876335133 0.379485300830927 0.348222247301267 0.316311038095445 0.362360341079021 0.461725348611821 0.486677668677664 0.500356292598028 -9999 -9999 -9999 -9999 -9999 -9999 -9999 -9999 -9999
0.177295405836657 0.177359472803501 0.180909620901431 0.186393718794661 0.193861455197423 0.200817656174418 0.20624689118515 0.20857976600095 0.208824782343442 0.209600080859587 0.211252921219537 0.215628053556812 0.221226366916845 0.227820026168773 0.233453469792826 0.239463996046514 0.247735173146042 0.254935992692181 0.26108945338622 0.269213915671205 0.277806562348055 0.286676011233045 0.296778498916611 0.308331314498597 0.317392603482275 0.325698576628836 0.333602637310762 0.348237706502844 0.372416216301954 0.390537047316224 0.405769559210025 0.408249994148242 0.415581952965445 0.431257515251463 0.44281779273971 0.452418008661454 0.442309420146623 0.432415970906103 0.422976020978994 0.415405577081433 0.408887714466908 0.386897558625948 0.371623696117542 0.375771289010197 0.420275672842947 0.492379294827052 0.499612664448944 -9999 -9999 -9999 -9999 -9999 -9999 -9999 -9999 -9999 -9999
0.172771464595882 0.171531773936779 0.173164429548698 0.176390557393187 0.18258076233824 0.188933365606485 0.195396412090403 0.199150464815374 0.201077858102271 0.20103720557782 0.201690089981056 0.20522037539109 0.20974664844858 0.215083392069975 0.220514033108773 0.226562079496983 0.235226082332473 0.243579075297701 0.251627741040984 0.257381040183307 0.263225854611854 0.272612042655644 0.282415685288727 0.292710347375434 0.30145866251749 0.309535873198903 0.315448864556922 0.329853140458445 0.356296633008708 0.382904387769571 0.408178662234142 0.406774403458226 0.41217642043124 0.429283804081819 0.446245104060675 0.463055229085821 0.45737105288983 0.449748743598206 0.438040978357252 0.425447124303127 0.412354378838593 0.399073024432675 0.398451805615184 0.43108909539799 0.469640184095197 0.512235606863964 -9999 -9999 -9999 -9999 -9999 -9999 -9999 -9999 -9999 -9999 -9999
0.168693558618778 0.168300119802941 0.170733694023469 0.174735591262712 0.175449611958879 0.177646591648345 0.184013782379088 0.189697403860926 0.194920098396748 0.194275958876414 0.193590786260034 0.194554877714224 0.197538566154725 0.202165672475491 0.208876274945072 0.215817378310399 0.222400552934493 0.23068523955929 0.240634877910029 0.246518679060302 0.251657610685628 0.257566034697636 0.263642057392102 0.269915213416992 0.279762105967451 0.290506745738869 0.300070942305368 0.316598089330353 0.342997531725337 0.374560362280884 0.406266307849035 0.404455820676621 0.408876048713675 0.424011800023753 0.447994111298491 0.475906049210254 0.470359475831516 0.465254559860233 0.461080628395079 0.444867924008808 0.421877072428999 0.418723853238487 0.430657705124296 0.479905762959494 0.50558506573906 0.515146147308302 -9999 -9999 -9999 -9999 -9999 -9999 -9999 -9999 -9999 -9999 -9999
0.161383214535642 0.162624042832475 0.165099211717765 0.16825914743395 0.168799081890968 0.170844868808454 0.177050393824335 0.181426064569667 0.184567874748671 0.185368927009352 0.185772833081889 0.185583561850709 0.188778080775652 0.194726110070903 0.199698990160131 0.204902565003777 0.211741767604349 0.219219779777024 0.227322875463178 0.233961493107377 0.239982449325199 0.244160648536816 0.24723967211037 0.249025820638155 0.263267700366273 0.280731719055295 0.29496326506034 0.314152442004526 0.340370707732045 0.374002742411955 0.408658529473455 0.41085325268372 0.417521066419724 0.431881657633036 0.461452854389327 0.497841639451005 0.493012683826891 0.487687415651411 0.481315953553405 0.460032010537938 0.430351946809697 0.451167719701589 0.475777056943927 0.504506539417418 0.516174552386274 -9999 -9999 -9999 -9999 -9999 -9999 -9999 -9999 -9999 -9999 -9999 -9999
0.152375959931503 0.155780802928025 0.15810590122757 0.159831996819727 0.16228603637258 0.16577017714986 0.171837351151762 0.173669675647942 0.17264646465501 0.175617654467711 0.178016743888783 0.177321253668333 0.181406367511189 0.18938162886831 0.191471458007528 0.193951302339936 0.201956666627008 0.208318528557954 0.213072201958173 0.220650570797331 0.228143796989165 0.231445708518158 0.232099597535387 0.22963882306523 0.249474020432704 0.27502856294343 0.294339449965508 0.316431583758179 0.342467058779519 0.376844182061472 0.412826360385229 0.420959302068864 0.431333935082944 0.445563806992524 0.479854129074363 0.523163447194751 0.519496981716215 0.513065047159017 0.500803687303031 0.474212772079978 0.439553938628684 0.488879564603635 0.530377782500825 0.541615091102345 -9999 -9999 -9999 -9999 -9999 -9999 -9999 -9999 -9999 -9999 -9999 -9999 -9999
0.129520201032285 0.142945636896884 0.149856399536851 0.153153060704286 0.15339961136283 0.155689151799754 0.163569666212548 0.166906971328943 0.167180815662896 0.167567634087265 0.168152593786214 0.169354278607266 0.172549871932198 0.177367979505814 0.180586775454177 0.184311506110242 0.191271975821395 0.196370754763017 0.199647844960381 0.205327953038304 0.211702596446011 0.219165503929911 0.227793857311241 0.237793034304198 0.256801314380058 0.278623191723841 0.302678673973916 0.328358035242938 0.356339784474616 0.386465949316231 0.416747202915967 0.434939623470992 0.453743615166675 0.473599380947758 0.501920224594123 0.53402113994062 0.539421329639859 0.54141975042827 0.536247468097121 0.518459787522195 0.493569304463852 0.525507420856009 0.549748228467804 0.547209859101707 -9999 -9999 -9999 -9999 -9999 -9999 -9999 -9999 -9999 -9999 -9999 -9999 -9999
0.112367630228637 0.129062642384759 0.137964793784777 0.142543752207535 0.141732689137575 0.143863430364359 0.154148848890395 0.158997400071064 0.160179901812833 0.159388539805904 0.159289689131384 0.162066638645799 0.164777527998703 0.167434661849227 0.171220150349701 0.175431140609863 0.18075202255733 0.184631232600392 0.187099747847007 0.192145734347821 0.198369194699292 0.20838439710096 0.222271400233197 0.240712502249551 0.259352995049819 0.278876114033413 0.306212453575315 0.333751170400502 0.361576824254563 0.389132425464357 0.416448550198214 0.441076915240596 0.465527379422652 0.489671891439503 0.513611230939142 0.53741370219925 0.549777349967451 0.55780127386626 0.556677347836392 0.546689971701771 0.531712239004544 0.55077475492405 0.565664860534528 -9999 -9999 -9999 -9999 -9999 -9999 -9999 -9999 -9999 -9999 -9999 -9999 -9999 -9999
