layers/veg/veg2100.asc
NCOLS 255 
NROWS 330 
XLLCORNER -2985163.8955 
YLLCORNER -3022031.214 
CELLSIZE 25000 
NODATA_value -9999 
[rows 200 to 224 of 330, columns 114 to 170 of 255]
0.477104018550814 0.474908658131382 0.471745385684279 0.46779204168746 0.464951568683048 0.461764579145832 0.456590021354143 0.451670793411103 0.445352576631971 0.43611421030088 0.427985700973289 0.42085253998855 0.411717432077794 0.40534460853888 0.398556981596561 0.386428227235805 0.375203608709567 0.362496978531758 0.343195842710258 0.329234381839385 0.323008965497501 0.314474341436043 0.307004243413515 0.310428350662877 0.323504854825868 0.335361490849348 0.354013789520963 0.378401557188679 0.397654845968233 0.41715636322573 0.438355357171768 0.455299050665812 0.470604609239787 0.490956205461675 0.508209311918722 0.517627877443181 0.520449903901622 0.512199034042171 0.494356181964177 0.46931349630875 0.45298999105115 0.454550586915224 0.459691118858319 -9999 -9999 -9999 -9999 -9999 -9999 -9999 -9999 -9999 -9999 -9999 -9999 -9999 -9999
0.47423455300602 0.472229151065057 0.469498469669429 0.466111966109059 0.463495376509226 0.460191350864246 0.454877329329709 0.449898247671015 0.442979487218043 0.433953469831381 0.426327921662262 0.41930138039445 0.411304638472318 0.404398299521471 0.396594437994984 0.384564408567744 0.372885099891542 0.361723218058319 0.346184403223964 0.330311886138481 0.321624357806381 0.315782936723597 0.308060936452812 0.314179150888376 0.330619863945058 0.340829629420143 0.356215255038501 0.372713367922809 0.386477135507895 0.406767457190113 0.430301100636935 0.447429206739117 0.462890620486944 0.478744521417608 0.485919684914011 0.491865912236953 0.501535012588125 0.500571401412896 0.487084103871754 0.474147561413492 0.467462420391124 0.465458427874335 -9999 -9999 -9999 -9999 -9999 -9999 -9999 -9999 -9999 -9999 -9999 -9999 -9999 -9999 -9999
0.471320646345934 0.469579411481174 0.467077589622098 0.464796698472066 0.462396282746569 0.457544546882858 0.451994298484917 0.446223055537956 0.439193692827762 0.430934801033276 0.423819381063772 0.417459909964642 0.411005281859597 0.402767643958371 0.391435428282247 0.380280076654049 0.370018691147108 0.35714401708306 0.345705911968136 0.336719875721611 0.324910736811582 0.319067431869436 0.321187646374562 0.328251456485533 0.337344050192497 0.344944200501053 0.348319934838193 0.349377673127922 0.362439261431656 0.389218539299537 0.409475022364051 0.413646476359721 0.427405754038949 0.441865188473232 0.441988547121332 0.454879671791783 0.477524323779591 0.488882598370054 -9999 0.476675473338233 0.471040189847549 0.469257297426922 -9999 -9999 -9999 -9999 -9999 -9999 -9999 -9999 -9999 -9999 -9999 -9999 -9999 -9999 -9999
0.468644429462471 0.467537820507023 0.465198597388841 0.462927740808256 0.460798459622567 0.454995224739053 0.447929931152015 0.442350531649313 0.436870370654704 0.428946735241546 0.42180434921042 0.415758361706004 0.408707892142823 0.4014247796208 0.391254591077458 0.377467326906422 0.365373347089068 0.352677708433274 0.342000679605278 0.336059980248669 0.324432364983603 0.321648623587631 0.329683774525333 0.335843121799334 0.340690635425932 0.343745831546642 0.342148180622259 0.348306705270875 0.362644689804335 0.378763251341761 0.396423579937769 0.394930840611819 0.40567434005386 0.429133868654966 0.4407662723394 0.455502519326617 0.473472704569129 0.481777401288696 -9999 0.472293668018375 0.471853556776583 -9999 -9999 -9999 -9999 -9999 -9999 -9999 -9999 -9999 -9999 -9999 -9999 -9999 -9999 -9999 -9999
0.467344858337436 0.466453351370639 0.464613023167609 0.46225679974617 0.459345962775669 0.452600811400782 0.445727213611601 0.440824585498122 0.434615506123454 0.427441426726529 0.421770410216913 0.415716981004744 0.408462912260801 0.402623625935463 0.39446129029941 0.382637429354168 0.369376629196931 0.354727545003787 0.33909398297998 0.328770968932984 0.32178452792314 0.321756711174118 0.330836237532942 0.336324520733808 0.340283821913928 0.33883649425885 0.337174149689943 0.347934251787975 0.366418664938306 0.379063023069068 0.395303898403708 0.40595717758526 0.420615879948224 0.441427421482059 0.446307434814412 0.457905505823789 0.467185554655573 -9999 0.471475259472612 0.471618083029614 -9999 -9999 -9999 -9999 -9999 -9999 -9999 -9999 -9999 -9999 -9999 -9999 -9999 -9999 -9999 -9999 -9999
0.465388902582353 0.46443325347682 0.463286727827221 0.460927967230419 0.456683813296287 0.449348101722847 0.442529118319887 0.437673677466142 0.432412937279071 0.426042341500662 0.420221915684042 0.414843903458359 0.408244017339324 0.400371672094809 0.390878968546679 0.381245417524396 0.372969499415446 0.360767071667009 0.342743294583078 0.330466921979542 0.331873816396354 0.335480343343857 0.335028191060743 0.337534560373892 0.34172562461317 0.341893268568183 0.338041395495074 0.34165249579506 0.354206969513769 0.371362633477838 0.387824802341051 0.395802263235402 0.407684251849056 0.430949600441299 0.445904904686445 0.454648796929137 0.461590186926202 -9999 0.464919268560521 0.468901812599837 -9999 -9999 -9999 -9999 -9999 -9999 -9999 -9999 -9999 -9999 -9999 -9999 -9999 -9999 -9999 -9999 -9999
0.463519285205012 0.462409067268848 0.461501368859605 0.459190092324831 0.453017346912208 0.4442684734552 0.438619764165366 0.435116357390831 0.430936194814651 0.424892233365037 0.418848498220877 0.414220342558269 0.408238879322432 0.400539510549237 0.390308647645394 0.378998721165909 0.371665403909987 0.360495604322641 0.341281778014181 0.334717152008076 0.3408434548442 0.341486832340707 0.340007061186374 0.338334044413249 0.339782581110912 0.345278237749964 0.345154528178706 0.341874693235382 0.348218777790069 0.361679752377849 0.370124403718565 0.373557911743113 0.388618698347684 0.415397091895375 0.436859701444016 0.444056033777307 -9999 0.460684770894754 0.460797108696855 -9999 -9999 -9999 -9999 -9999 -9999 -9999 -9999 -9999 -9999 -9999 -9999 -9999 -9999 -9999 -9999 -9999 -9999
0.462434886636247 0.461383383509696 0.459882139374652 0.456655021064364 0.448762484649718 0.440813427387509 0.43790326130631 0.435307042612921 0.431050767156615 0.424478101983698 0.418254235376309 0.413730790495819 0.407336732414258 0.400238726814565 0.39130996903604 0.376787971739225 0.364099094030206 0.356011094435072 0.347111212937663 0.343879170818529 0.344982987214377 0.343163375551128 0.340112980099681 0.337397222831405 0.340587707319464 0.345769033291113 0.349491431189746 0.354635935798877 0.355212415682913 0.353768073511618 0.365234120085637 0.379692617295311 0.395324402933062 0.420317473926706 0.434266905883067 -9999 -9999 -9999 0.458660627458068 -9999 -9999 -9999 -9999 -9999 -9999 -9999 -9999 -9999 -9999 -9999 -9999 -9999 -9999 -9999 -9999 -9999 -9999
0.460467089848198 0.459469250890396 0.456249101555007 0.449578250591083 0.444076051400465 0.438966867228052 0.43548497404545 0.432774139550344 0.429469796480277 0.423727703685057 0.417559681784449 0.41416818674611 0.407645563025022 0.397800229630456 0.388680656612181 0.377462059756754 0.365859178584308 0.355147999419835 0.345020809156788 0.344092584820773 0.34742298633026 0.345427467586229 0.341876439320853 0.33785867213811 0.339049373633015 0.342867923431579 0.345767493698989 0.353657607742259 0.35010333472193 0.351325616858907 0.372835946804458 0.389128601438065 0.404231180672463 0.413584408141646 -9999 -9999 -9999 -9999 -9999 -9999 -9999 -9999 -9999 -9999 -9999 -9999 -9999 -9999 -9999 -9999 -9999 -9999 -9999 -9999 -9999 -9999 -9999
0.45888476036178 0.457804242576758 0.455631581325095 0.448318397954695 0.441025135171142 0.437566610544798 0.434510629072585 0.430807305971658 0.427560632145004 0.422695792992485 0.417528572746885 0.414078946350902 0.40762998839385 0.398862425097563 0.391787886027684 0.383252825457269 0.371417046038678 0.359581348788587 0.350519615789113 0.345186929397179 0.345557636457965 0.345519598294451 0.342820594515365 0.340147115659414 0.339478031472002 0.339827025191677 0.342283728410875 0.350234967868722 0.351776874040144 0.352542002364743 0.369371559069922 0.389290449451615 0.403197945717401 0.413098748846339 0.421162966556144 0.426804014284393 -9999 -9999 -9999 -9999 -9999 -9999 -9999 -9999 -9999 -9999 -9999 -9999 -9999 -9999 -9999 -9999 -9999 -9999 -9999 -9999 -9999
0.456262058103308 0.456181230018223 0.455282009350504 0.448765225005781 0.440546224559905 0.437555543656074 0.434185653086959 0.429768963751821 0.42711163815942 0.422994060959999 0.418141677503226 0.41419237460884 0.405901226959827 0.396274930018951 0.390248036602171 0.381000018300595 0.372685984970648 0.365023364646015 0.352978854417674 0.348775930975289 0.348452061135142 0.344306290243537 0.341066228287351 0.337252228898113 0.334897074748949 0.334214354331862 0.335041417667281 0.341907191709889 0.349418755974687 0.357028131022343 0.374555928681285 0.389816673148433 0.39903610155458 0.410008166766557 0.416483572686163 -9999 -9999 -9999 -9999 -9999 -9999 -9999 -9999 -9999 -9999 -9999 -9999 -9999 -9999 -9999 -9999 -9999 -9999 -9999 -9999 -9999 -9999
0.451889003105011 0.452407845791899 0.452556493562422 0.449689391178708 0.443521930170309 0.437830191495679 0.43358117848335 0.429390800724428 0.426462883533022 0.422525285053982 0.418093634343578 0.414113283083399 0.406468249657208 0.397167240698146 0.38910470752935 0.379742326328524 0.369629308262674 0.363077829615177 0.356228889404348 0.3507388879572 0.348175359520915 0.341539085991834 0.335577784391477 0.331334576728037 0.327155551052931 0.325314565798308 0.329105165809199 0.33577725912151 0.345449962217056 0.356943391739483 0.370111909014682 0.382205206477108 0.39118086802273 0.394889499577111 -9999 -9999 -9999 -9999 -9999 -9999 -9999 -9999 -9999 -9999 -9999 -9999 -9999 -9999 -9999 -9999 -9999 -9999 -9999 -9999 -9999 -9999 -9999
0.447363874327345 0.44859691343352 0.449740023553419 0.448997595559151 0.444977256319326 0.438544773222365 0.433550250211853 0.429608822523636 0.425988544764367 0.421897228487738 0.417825021195082 0.414416502461787 0.406389759323848 0.397391990454381 0.390729696176516 0.382255021921627 0.373194054395947 0.367133120543723 0.360787731784257 0.354396939675743 0.347507439982878 0.337633789526008 0.328343284817488 0.319451764591856 0.311634318258797 0.31066576916165 0.320163030716987 0.330175369024836 0.338827659989769 0.351671579487587 0.364068117566091 0.374821773938684 0.383070954508689 0.387622477849322 -9999 -9999 -9999 -9999 -9999 -9999 -9999 -9999 -9999 -9999 -9999 -9999 -9999 -9999 -9999 -9999 -9999 -9999 -9999 -9999 -9999 -9999 -9999
0.445465056105088 0.446469111907321 0.446986681042099 0.447005756163965 0.444906930287391 0.440558832409005 0.435746623499163 0.431411133444665 0.42661244737715 0.421749915756021 0.418068704131617 0.414837665398129 0.407019305098523 0.398291331830053 0.392430996294778 0.383027437670046 0.375431617833932 0.369310252308417 0.35998725729618 0.351069280615663 0.342230214309753 0.332339072535116 0.321109842546265 0.310604678266241 0.299654239155072 0.300321458054625 0.313701466609404 0.32647156100537 0.33529837464102 0.345390108211646 0.358271386318907 0.369211452614859 0.373057335801845 -9999 -9999 -9999 -9999 -9999 -9999 -9999 -9999 -9999 -9999 -9999 -9999 -9999 -9999 -9999 -9999 -9999 -9999 -9999 -9999 -9999 -9999 -9999 -9999
0.441660656521156 0.441381633780033 0.44238597329084 0.443331626632087 0.442501065665247 0.439679942117662 0.436273582000131 0.432838046423866 0.428296818941716 0.422329535305748 0.418445104883091 0.414751690871462 0.405909290017537 0.39775688333375 0.391771333833583 0.383647028620809 0.375677130212431 0.366926482078967 0.356523688209349 0.34708353455195 0.336893948587687 0.323780725548691 0.310947764860144 0.306181422160033 0.305637157142575 0.3023078885407 0.305098012512703 0.314918128180844 0.323767264691834 0.334995513933239 0.349459947628517 0.363496047313308 0.370490160661632 -9999 -9999 -9999 -9999 -9999 -9999 -9999 -9999 -9999 -9999 -9999 -9999 -9999 -9999 -9999 -9999 -9999 -9999 -9999 -9999 -9999 -9999 -9999 -9999
0.438604252252438 0.438209553485665 0.438478673146072 0.43853668825307 0.438330128919534 0.437653883759312 0.435304612172206 0.432633613628958 0.428996538080124 0.423982159005582 0.421088014440903 0.408444992349801 0.40404340442847 0.395058604797537 0.387646041740797 0.378700448600728 0.371831030554521 0.367657920742407 0.358509802107739 0.347557290937387 0.336889864902273 0.322465169884471 0.304859574789632 0.298205897408233 0.300496962571578 0.298305105399456 0.296640671044581 0.300753255663536 0.311054169865828 0.324640032361385 0.342406991563545 0.352870975110014 -9999 -9999 -9999 -9999 -9999 -9999 -9999 -9999 -9999 -9999 -9999 -9999 -9999 -9999 -9999 -9999 -9999 -9999 -9999 -9999 -9999 -9999 -9999 -9999 -9999
0.436395654586419 0.435931066724174 0.435725837154394 0.435505000282081 0.435486417174607 0.435323795068305 0.434196205624806 0.431841007682874 0.428520906798721 0.423996719387595 0.419851728778738 0.413392298551111 0.402727815162104 0.393631871671276 0.387096206327333 0.378762955073224 0.371250967923204 0.365841490173852 0.358017879708446 0.348971797747879 0.337171152135666 0.320643762363401 0.302883391877297 0.294105155505549 0.293761836503179 0.290713676014939 0.285859422599084 0.289468881249194 0.303091678632705 0.319353354224481 0.327964701835321 -9999 -9999 -9999 -9999 -9999 -9999 -9999 -9999 -9999 -9999 -9999 -9999 -9999 -9999 -9999 -9999 -9999 -9999 -9999 -9999 -9999 -9999 -9999 -9999 -9999 -9999
0.433730910920562 0.433047625647403 0.432688936050991 0.432189938579109 0.431449694376992 0.431192566019083 0.430952842701761 0.429782925088539 0.42742873382524 0.423517728297653 0.419739008272305 0.413136685158389 0.402153176308868 0.392567922460263 0.384729628008579 0.376020130171071 0.369791864314274 0.364131470411479 0.356606686231537 0.349513153387768 0.337126650263725 0.319840078754503 0.310346735030806 0.306795963268559 0.297872714735276 0.287698473011928 0.277093416302373 0.281619246921366 0.298590501115909 0.313248552494189 0.321546608818194 -9999 -9999 -9999 -9999 -9999 -9999 -9999 -9999 -9999 -9999 -9999 -9999 -9999 -9999 -9999 -9999 -9999 -9999 -9999 -9999 -9999 -9999 -9999 -9999 -9999 -9999
0.430344467331098 0.430227549623228 0.430231909000353 0.429560819622271 0.429618224521756 0.429671159459944 0.428599414912122 0.427369733821542 0.425613056834052 0.42251977325386 0.419405657391715 0.413410698440203 0.40304565859023 0.394070830757518 0.386684399357809 0.377511566725058 0.373209438213384 0.370496378227811 0.362753427127226 0.355781558267062 0.344048279656091 0.32523984947601 0.312501847967517 0.307757229307972 0.301334444169647 0.29528791624474 0.289065506551427 0.294019494878923 0.304731948639703 -9999 -9999 -9999 -9999 -9999 -9999 -9999 -9999 -9999 -9999 -9999 -9999 -9999 -9999 -9999 -9999 -9999 -9999 -9999 -9999 -9999 -9999 -9999 -9999 -9999 -9999 -9999 -9999
0.429036262076229 0.428669177001064 0.428845140005171 0.428497659064938 0.427758495523918 0.426770670458538 0.425991283906224 0.425233202363842 0.423470567820581 0.421433162561549 0.419147690726646 0.413727409148452 0.406381197655104 0.398838968982407 0.392078552626999 0.386614565686498 0.381236282469213 0.376282641554184 0.366989007716858 0.358668899265207 0.350852270216179 0.336565574337473 0.31433512533704 0.30515027732508 0.308393867835063 0.301951483218804 0.299964989263009 0.307622462769953 0.314267649406974 -9999 -9999 -9999 -9999 -9999 -9999 -9999 -9999 -9999 -9999 -9999 -9999 -9999 -9999 -9999 -9999 -9999 -9999 -9999 -9999 -9999 -9999 -9999 -9999 -9999 -9999 -9999 -9999
0.426653219246064 0.426421145188452 0.426064919553103 0.425651545375926 0.425065237373999 0.424227477659235 0.423192101141231 0.422421744566984 0.421501236516203 0.420102521723732 0.418562113648222 0.417922512807038 -9999 0.403950639009142 0.400381824514329 0.394479913491337 0.388791691443195 0.383850455482367 0.376931389216455 0.368665658592729 0.359892156134582 0.34412248363291 0.325299728559184 0.314814728373295 0.313572608120647 0.319126659972047 0.323042865585024 0.323569791647514 -9999 -9999 -9999 -9999 -9999 -9999 -9999 -9999 -9999 -9999 -9999 -9999 -9999 -9999 -9999 -9999 -9999 -9999 -9999 -9999 -9999 -9999 -9999 -9999 -9999 -9999 -9999 -9999 -9999
0.423507794219427 0.423336452892222 0.423499930873125 0.423603879121144 0.423269028831956 0.423089351971716 0.422676879819412 0.421753400195558 0.420501680451128 0.419219982010688 0.418044308446437 0.416307628782977 -9999 -9999 -9999 -9999 -9999 0.389449768918408 0.38223068559775 0.375013082116952 0.368936777688647 0.352824899751338 0.341107822376118 0.344501862268736 0.343967142754492 0.343363455825917 0.34350333058186 -9999 -9999 -9999 -9999 -9999 -9999 -9999 -9999 -9999 -9999 -9999 -9999 -9999 -9999 -9999 -9999 -9999 -9999 -9999 -9999 -9999 -9999 -9999 -9999 -9999 -9999 -9999 -9999 -9999 -9999
0.420971635536274 0.421187622912035 0.421850119803854 0.422277805091147 0.42219632894176 0.421969114365449 0.421576377246847 0.420979176240699 0.419862625912445 0.418888232006111 0.417845970916983 0.415947304792585 0.41382004911902 0.411879368597257 0.410429333950452 -9999 -9999 -9999 0.384750462745321 0.380454374712509 0.38012238571524 -9999 0.358410203533193 0.358511572170543 0.355415351799258 -9999 -9999 -9999 -9999 -9999 -9999 -9999 -9999 -9999 -9999 -9999 -9999 -9999 -9999 -9999 -9999 -9999 -9999 -9999 -9999 -9999 -9999 -9999 -9999 -9999 -9999 -9999 -9999 -9999 -9999 -9999 -9999
0.417165111251267 0.418117365785046 0.419168664355688 0.419623071349433 0.420019661280808 0.420518121335746 0.420595032139804 0.420286764419453 0.41951122506108 0.418365801143812 0.417342907053737 0.416034328094693 0.413977533229389 0.412038681554811 0.410557342323714 0.410170504936375 -9999 -9999 -9999 -9999 -9999 -9999 -9999 -9999 -9999 -9999 -9999 -9999 -9999 -9999 -9999 -9999 -9999 -9999 -9999 -9999 -9999 -9999 -9999 -9999 -9999 -9999 -9999 -9999 -9999 -9999 -9999 -9999 -9999 -9999 -9999 -9999 -9999 -9999 -9999 -9999 -9999
0.41285310734218 0.413957769198932 0.415523548776393 0.416580079692093 0.417541004611719 0.418769896812293 0.419404058544911 0.419687420310849 0.41947593768456 0.418643860574543 0.417733397882924 0.417012824884083 0.415724040279116 0.41380747799959 0.412025845906952 0.411573639753927 -9999 -9999 -9999 -9999 -9999 -9999 -9999 -9999 -9999 -9999 -9999 -9999 -9999 -9999 -9999 -9999 -9999 -9999 -9999 -9999 -9999 -9999 -9999 -9999 -9999 -9999 -9999 -9999 -9999 -9999 -9999 -9999 -9999 -9999 -9999 -9999 -9999 -9999 -9999 -9999 -9999
