layers/veg/veg2900.asc
NCOLS 255 
NROWS 330 
XLLCORNER -2985163.8955 
YLLCORNER -3022031.214 
CELLSIZE 25000 
NODATA_value -9999 
[rows 225 to 249 of 330, columns 57 to 113 of 255]
-9999 -9999 -9999 -9999 -9999 -9999 -9999 -9999 -9999 -9999 -9999 -9999 -9999 -9999 -9999 -9999 -9999 -9999 -9999 0.41509467628878 0.403926111815914 0.385665568245188 0.356247337128659 0.271890968538398 0.145261796729657 0.0468628209858154 0 0 0.0898324743951874 0.169712118872787 0.180004723081549 0.17678397758196 0.192903066174457 0.245430748461661 0.294078248606994 0.320126147563497 0.330109646047652 0.334448584148544 0.339522585174263 0.343225302411049 0.344671999777975 0.3473012806509 0.350189807963076 0.353539875006632 0.358801118352776 0.36461179590772 0.37142183938022 0.377528657274234 0.381694605115626 0.384699331445373 0.387865745509762 0.389703357129856 0.391498839333721 0.393638199335082 0.395228367091061 0.396441329747238 0.397702990641762
-9999 -9999 -9999 -9999 -9999 -9999 -9999 -9999 -9999 -9999 -9999 -9999 -9999 -9999 -9999 -9999 -9999 -9999 0.432844785393954 0.407562890005244 0.39828990404549 0.396547325384312 0.351021638576287 0.248237821900724 0.131784670431164 0.0617510262828346 0.0186703827545769 0.0272088478199397 0.115773975226166 0.16810424796553 0.181343417899829 0.1458968415173 0.115695370616732 0.181562777383193 0.267406355285648 0.311686579314701 0.330077900633913 0.334357135092339 0.338440691145881 0.341055920367776 0.341821403001404 0.343789442209798 0.345842508269192 0.348390130420068 0.353104548387462 0.358746970896087 0.364490104849561 0.37032828287068 0.375859645259726 0.379130393010839 0.381905974818519 0.383878082228277 0.386076736242132 0.388498479060873 0.390067967443706 0.391346660692648 0.393049885385149
-9999 -9999 -9999 -9999 -9999 -9999 -9999 -9999 -9999 -9999 -9999 -9999 -9999 -9999 -9999 -9999 -9999 -9999 0.436553598957497 0.409305284829468 0.395887224465076 0.396851394930934 0.332897934620626 0.248546107578906 0.151776307938224 0.0452234376137757 0.0553380920474492 0.0835451321839225 0.0967353957970248 0.14870876010259 0.18142251654681 0.155434850508942 0.147066362656543 0.203019281614609 0.258116332273421 0.301103819891146 0.326278777824839 0.334423366254786 0.337632513884622 0.339329386537586 0.339227194142695 0.338772211756548 0.340736565334909 0.344947809347674 0.347874005666769 0.352409015885493 0.35840769665453 0.36452846653861 0.369399352284031 0.372614211861781 0.375606025369426 0.377761257970054 0.380165288504157 0.382591001655114 0.384239290474323 0.38548272085881 0.387183065186337
-9999 -9999 -9999 -9999 -9999 -9999 -9999 -9999 -9999 -9999 -9999 -9999 -9999 -9999 -9999 -9999 -9999 -9999 0.411289302999002 0.402669148376731 0.404733349945783 0.397869037567282 0.3458620740399 0.260452961034808 0.180346173343405 0.0979604354905353 0.0731472714242224 0.0964072589231942 0.107617553870441 0.139866510104034 0.17668404949676 0.158706829061315 0.155909213904026 0.210422425834418 0.262077656833592 0.296798978193638 0.321990268303052 0.333563725209385 0.336757069480133 0.337904711356541 0.337434489753697 0.337200828892986 0.339181451208183 0.341964874863429 0.344867405634644 0.348900807535369 0.35379895701264 0.360345470836868 0.364403230973441 0.367215363689931 0.370422866375433 0.372468523328583 0.374836185984144 0.377386655358284 0.379167185625616 0.380637337484783 0.382650653936665
-9999 -9999 -9999 -9999 -9999 -9999 -9999 -9999 -9999 -9999 -9999 -9999 -9999 -9999 -9999 -9999 -9999 0.413761501202249 0.408038279546508 0.401258351778735 0.404402908010796 0.391159324007813 0.315698708007211 0.209465032597378 0.164521587399545 0.10373112073359 0.0547150251668524 0.0791103723907425 0.11508196157279 0.13070178290764 0.125010011501544 0.147488549949736 0.193874229437445 0.232880702320674 0.262478288372087 0.291501914514611 0.315383713974636 0.331528722839607 0.33690900035188 0.33701401128309 0.335956857670018 0.334769795785009 0.335168935634499 0.337442283156913 0.340263374486227 0.342626052157958 0.346761883268576 0.353041788686353 0.356503098517681 0.358959537276727 0.361713485086711 0.363758636607164 0.365652555833888 0.367849761005333 0.36992218636799 0.372289144187623 0.37536251688454
-9999 -9999 -9999 -9999 -9999 -9999 -9999 -9999 -9999 -9999 -9999 -9999 -9999 -9999 -9999 -9999 -9999 0.406747425648712 0.404759326262227 0.410177417981443 0.406116924939369 0.384961102822405 0.311144141414482 0.217253912859403 0.172921707022596 0.129543621584178 0.101429801593957 0.090698225531956 0.105263776889782 0.0973336805830503 0.0606138412610121 0.137046121032023 0.216517641545835 0.246127541244253 0.267931483352756 0.291411566659088 0.311297255991981 0.327073967349157 0.335982433679933 0.335638184503053 0.333783603625528 0.332384938365357 0.331601621724541 0.331926481960317 0.334940341446378 0.336888253889932 0.33920361749648 0.344980128283998 0.34886018146972 0.35135204581283 0.353223358128067 0.354951351143319 0.356860290052628 0.359435742850471 0.36192438725567 0.364875444701633 0.368708126344047
-9999 -9999 -9999 -9999 -9999 -9999 -9999 -9999 -9999 -9999 -9999 -9999 -9999 -9999 -9999 -9999 -9999 0.43940854932966 0.421062351752839 0.419241244517711 0.407212656901123 0.369884562128566 0.289172648716669 0.19110034240406 0.134851400592875 0.104420654994237 0.108987437491888 0.127357121299442 0.145715297010909 0.168348822834128 0.171677201246386 0.206809501510823 0.238120663628425 0.258442052533783 0.276321753891168 0.297604289909867 0.315081785851402 0.327366297170759 0.335506044857579 0.335654736669119 0.334279103959688 0.332006131431535 0.327581002639509 0.322047042507165 0.322011546844022 0.327036714353833 0.332152154492786 0.339543161813887 0.343669013331332 0.344936126698006 0.346322637849758 0.347796984289699 0.350278609993131 0.354050335871678 0.357153045350957 0.359848468099876 0.362972461507594
-9999 -9999 -9999 -9999 -9999 -9999 -9999 -9999 -9999 -9999 -9999 -9999 -9999 -9999 -9999 -9999 0.454181815624646 0.438211971063087 0.420445446997036 0.421190207834586 0.403766119763191 0.350163229201082 0.257397961285531 0.173662772548167 0.162822082214898 0.152838511550251 0.1008462209434 0.12915786991166 0.200546617413138 0.206352688111496 0.20639816395485 0.220946610638719 0.240759698473866 0.261229045479867 0.281320673589499 0.302439601553969 0.318448237579043 0.330425184514445 0.335926594409101 0.3354077504171 0.333988917687425 0.329996834182829 0.323570975882285 0.317159242357438 0.314352999436748 0.317739595136483 0.323945217018375 0.329706696232037 0.33330704591965 0.335512812906977 0.336811913408218 0.338389872767738 0.341243011115618 0.344365960282026 0.345083082957172 0.346658254284007 0.351324529125393
-9999 -9999 -9999 -9999 -9999 -9999 -9999 -9999 -9999 -9999 -9999 -9999 -9999 -9999 -9999 -9999 0.454700163100492 0.441013954766464 0.420935521713713 0.417431328770884 0.398360389293786 0.330537969843183 0.238042461618235 0.153651176942751 0.133216948458531 0.190344563730012 0.172869898819877 0.122913262952777 0.195796375257994 0.274343502474111 0.281296640526011 0.265531473830325 0.257278448963217 0.273499860049235 0.290142702258818 0.307356204339878 0.321242038586766 0.331945022480615 0.335810928990092 0.334755641533053 0.332878546333786 0.326201081548371 0.317029891226441 0.311383890042087 0.307777647764177 0.308797520141988 0.313817312591642 0.319014594319318 0.322475006695227 0.32539365599698 0.327658984650159 0.327574406898724 0.326518877166036 0.326362040746457 0.328057588743947 0.332490025596771 0.339636864448641
-9999 -9999 -9999 -9999 -9999 -9999 -9999 -9999 -9999 -9999 -9999 -9999 -9999 -9999 -9999 -9999 0.459804425392284 0.443277141462315 0.429421832399556 0.421730804552255 0.400374645156999 0.334997772537862 0.241609271260855 0.166189396073564 0.145656061955111 0.195859229329142 0.209268272770009 0.149003642835392 0.182795592538962 0.254642229744788 0.259074710792129 0.272926367599031 0.273392555448773 0.277545745044172 0.29458114920257 0.312337115937171 0.3230406750594 0.330794840007439 0.334941084776665 0.33342699478174 0.331481861256041 0.328185635601226 0.32331202732542 0.316097061785816 0.308858829403777 0.306541701460466 0.308318425983383 0.310374245246637 0.312530274475572 0.315686831992674 0.317821442453647 0.316690706338336 0.315400588406374 0.315443053051127 0.316954057510255 0.322761335882563 0.332026527101795
-9999 -9999 -9999 -9999 -9999 -9999 -9999 -9999 -9999 -9999 -9999 -9999 -9999 -9999 -9999 0.46684406087084 0.448953552423777 0.428096023661501 0.432510427378826 0.429779778507593 0.404382152810794 0.345913785872248 0.264400441459088 0.199097691234834 0.196247526914173 0.224049950115491 0.233049339804324 0.247136455340846 0.243073950195586 0.254136089182592 0.271386019866147 0.263780110051618 0.278180174335661 0.304817844720144 0.312976888378604 0.322944627501943 0.325178450064185 0.325335050539783 0.327022591327477 0.327498468608733 0.328059322849618 0.32576548073333 0.322089695917471 0.316047014397034 0.305040826923619 0.29798775834392 0.297849107630166 0.298777454347933 0.30145746072268 0.302923465288372 0.302390759898562 0.301604477693911 0.299668061698982 0.296858816467867 0.290413477684085 0.29596421887596 0.316383156754543
-9999 -9999 -9999 -9999 -9999 -9999 -9999 -9999 -9999 -9999 -9999 -9999 -9999 -9999 -9999 0.467242054433697 0.439438715482086 0.405544433082074 0.422528626222525 0.436087814814699 0.408907827201591 0.365125927857174 0.275192293088152 0.188860177351094 0.196100064185227 0.209239322360268 0.22416061831039 0.255471067924388 0.257873796040936 0.277483373217451 0.289714374407877 0.252849414131391 0.259794125408846 0.312958258154085 0.323770360222131 0.329058035749273 0.328625544608463 0.327266399573849 0.326200025208137 0.325154359335036 0.324104771634463 0.32271459535697 0.318001928369021 0.310337480936673 0.302079234863508 0.296967583402669 0.294048872374767 0.291109088745652 0.29152618963851 0.29062846248265 0.28917358670154 0.28895063799296 0.289382186824437 0.291032475748841 0.285632923763516 0.28208123275727 0.299433221432343
-9999 -9999 -9999 -9999 -9999 -9999 -9999 -9999 -9999 -9999 -9999 -9999 -9999 -9999 -9999 0.473667952064996 0.433195359577568 0.373197928387273 0.387278776406115 0.42607740033831 0.401486324645445 0.356623841908439 0.280428550243029 0.175438465525503 0.129349383735575 0.175038771672156 0.234380750397882 0.250871230397396 0.259565371816881 0.286077382898352 0.323151820444141 0.332464424517976 0.33008063507404 0.327005758660764 0.330718125569337 0.338247374202033 0.33693094810501 0.333782860885511 0.330715716627608 0.328317001433604 0.324355152696995 0.321511946885974 0.313454167444835 0.303218445859071 0.295564016736952 0.289720783636294 0.292237313715501 0.296819161952763 0.29626326736561 0.289402351384865 0.283508627916067 0.281328421639729 0.283615614170419 0.289435975270771 0.290450984896571 0.279801457905233 0.280992063582205
-9999 -9999 -9999 -9999 -9999 -9999 -9999 -9999 -9999 -9999 -9999 -9999 -9999 -9999 -9999 -9999 0.463867257673296 0.438208675583976 0.438563948360881 0.423719996684571 0.390423874322169 0.339652626768348 0.291538135074772 0.257542755795286 0.195751332744011 0.181867658559287 0.24237873095909 0.257314947793307 0.268231234455317 0.272259477508758 0.290635434973099 0.330013652602057 0.33950439786625 0.320912278173426 0.314441209881611 0.329377748056322 0.340676435516055 0.338942530961705 0.335062599024311 0.329578478063499 0.326222016509541 0.322334994913065 0.315694300796093 0.303710776546516 0.292063135853307 0.283306800440219 0.277585032739818 0.280858887125671 0.284025355759513 0.282900885192103 0.281379990460067 0.280565814930693 0.282728511032849 0.287785516845857 0.29176556134758 0.298614496989529 0.306178163690202
-9999 -9999 -9999 -9999 -9999 -9999 -9999 -9999 -9999 -9999 -9999 -9999 -9999 -9999 -9999 -9999 0.456742470961232 0.452189119083451 0.44697296999315 0.43427057504868 0.39772389490744 0.334484121054377 0.271797642958906 0.259765978400745 0.221208092181252 0.199422520832644 0.253493676267351 0.273596067970819 0.293984967302382 0.306393468441503 0.318616940237801 0.33028528914549 0.339017768621872 0.342303529522994 0.338889012312652 0.336699104110626 0.333692414335808 0.33140823961939 0.336385093808465 0.337255084814761 0.329572921700422 0.322950991671222 0.316592296918064 0.308086458484293 0.297762852414029 0.285090211935476 0.277015275104243 0.277717807609548 0.27607050665428 0.267856691459618 0.267244752390273 0.275092206870985 0.283931022744133 0.292966267073364 0.300150308496057 0.302924139805963 0.31099008635179
-9999 -9999 -9999 -9999 -9999 -9999 -9999 -9999 -9999 -9999 -9999 -9999 -9999 -9999 -9999 -9999 0.45841478401815 0.455716607162681 0.452027233964204 0.441876130161246 0.41011005538027 0.367656960672213 0.313110075262448 0.277724473866843 0.228631687218762 0.19833164175522 0.262151038921355 0.283667249823374 0.291504243869645 0.30983956533471 0.311879132910963 0.326153823566589 0.343762045865046 0.348304277899592 0.349760491179896 0.345611096037215 0.34151557374047 0.337997711145862 0.336575566141121 0.337691377350949 0.332671231880095 0.324445607903474 0.317500215611072 0.308243160128808 0.296626867317481 0.285734111915356 0.276327967052168 0.270051410635285 0.263565381047088 0.256475157939422 0.258678650826127 0.267385931123919 0.277900004804669 0.290334010581983 0.298800058891514 0.303607842393623 0.312722459919007
-9999 -9999 -9999 -9999 -9999 -9999 -9999 -9999 -9999 -9999 -9999 -9999 -9999 -9999 -9999 -9999 0.473190824260064 0.464836189251648 0.471826110592088 0.465321355931201 0.42875553485693 0.377391464479501 0.3199283213542 0.269058975321712 0.249026141969502 0.224120921223361 0.220470944093372 0.265950604817521 0.291690833502901 0.30585294937283 0.315429406153921 0.331153903753303 0.348040957013648 0.35891835113931 0.359408471813354 0.354540861508822 0.353520614081239 0.352774552107335 0.345415870442233 0.340160863141777 0.33595916601199 0.326787813940505 0.318871745427283 0.309827131430758 0.297217611708697 0.285699984241824 0.274635229123527 0.260975400187082 0.249838806927943 0.244413339171241 0.249371545028845 0.260433974751987 0.270510284889502 0.283272447484358 0.292745175501292 0.300174114600046 0.314426771664278
-9999 -9999 -9999 -9999 -9999 -9999 -9999 -9999 -9999 -9999 -9999 -9999 -9999 -9999 -9999 -9999 0.50898660372101 0.502211376413591 0.493109182726631 0.479101178607212 0.450106344448521 0.392208004435714 0.314094390519847 0.263287355739101 0.260622855168147 0.246752720477044 0.232853518681147 0.267396822731194 0.290217036110988 0.30568323535774 0.321294364196443 0.341643465228356 0.364438117910787 0.368878854205518 0.356645276486578 0.349558200446593 0.35174869714497 0.353714803901734 0.355846543109542 0.350901173777751 0.342498811585669 0.334293838896439 0.325840325292748 0.314279767703574 0.299593139664353 0.288247622977102 0.277875681042341 0.265071443812659 0.255210075748457 0.251068728255513 0.252694615712462 0.258789667466045 0.267690093421516 0.279510406613946 0.290164092403717 0.294465331304829 -9999
-9999 -9999 -9999 -9999 -9999 -9999 -9999 -9999 -9999 -9999 -9999 -9999 -9999 -9999 -9999 -9999 -9999 0.508190900249472 0.496546377713629 0.484019027298953 0.458148881110943 0.393619274175588 0.316927650059337 0.283540881865494 0.266523419459478 0.253676006149604 0.262943981600235 0.292249083889281 0.320605072657275 0.346187726957894 0.349392174161628 0.353315725178423 0.362900777232159 0.347890152295085 0.335675090011613 0.353738404949611 0.370902088748298 0.370877614947341 0.356504640903206 0.347671523388859 0.341559889440104 0.336430306847084 0.333546151681883 0.322103054491164 0.30439854149004 0.292631541994416 0.281853846599961 0.268878849615291 0.259405946731021 0.254073598305016 0.254148666612334 0.259909664787504 0.267650442240616 0.277775185030194 0.287766765420484 0.291821882082558 -9999
-9999 -9999 -9999 -9999 -9999 -9999 -9999 -9999 -9999 -9999 -9999 -9999 -9999 -9999 -9999 -9999 -9999 0.510189498236663 0.501031730074637 0.486788732237228 0.466961461492357 0.416585757781902 0.349519999539863 0.324031232530388 0.305324991261605 0.293670647016567 0.299019758103186 0.320107969222745 0.35347995168298 0.374408472290162 0.383716676206283 0.385357721622967 0.375328887612613 0.351560024568261 0.343197675020286 0.358176349221656 0.374680646524542 0.380900763993139 0.375649798458917 0.364564052846481 0.350229969310607 0.341923813563748 0.337360928290531 0.330461220200242 0.315488266953157 0.302446335237963 0.291976230616259 0.280188128217966 0.272066133066802 0.267215458221179 0.264757517892178 0.265569333249444 0.269024826884254 0.276403606764067 0.28548555564076 0.290061615519243 -9999
-9999 -9999 -9999 -9999 -9999 -9999 -9999 -9999 -9999 -9999 -9999 -9999 -9999 -9999 -9999 -9999 -9999 0.5324426258034 0.528111792333188 0.507206896637207 0.467213027900004 0.431220127358893 0.373444158510554 0.330137936352701 0.337114381518475 0.344483139868523 0.344358245836561 0.343624279363377 0.373968983742216 0.398506020723983 0.39942133718822 0.384311727245391 0.373731513869439 0.363047097429391 0.358348573513473 0.364896595313619 0.372112468704751 0.380411750211996 0.383996974572763 0.383526968265613 0.368311834125732 0.350781617562082 0.342519487271358 0.334768994732672 0.324662565343776 0.316245048399597 0.30696769531805 0.293299699868495 0.283671938133118 0.276753131203043 0.270617042231208 0.267528034520798 0.268257914633942 0.274459875984834 0.279313999945608 -9999 -9999
-9999 -9999 -9999 -9999 -9999 -9999 -9999 -9999 -9999 -9999 -9999 -9999 -9999 -9999 -9999 -9999 0.527507212753421 0.536670280361768 0.537793510579006 0.519762091930514 0.476075018672276 0.452557422278074 0.420540024544852 0.363533871271613 0.368110463718765 0.373133568254363 0.35993022872768 0.35911922867139 0.389864946529199 0.409539412118079 0.39496385528763 0.379681194529819 0.37053476237533 0.359160646742412 0.35639803736313 0.363919803159651 0.374385141452375 0.38274080294701 0.384553062040926 0.384004581069574 0.374267128690335 0.360209067045645 0.352450404076288 0.34373725592198 0.331315566430667 0.321931495934547 0.313596741992503 0.302114830261093 0.290756982378604 0.28204134742192 0.274535564135604 0.269337117441233 0.268148614037821 0.27315881835201 0.283356326846716 -9999 -9999
-9999 -9999 -9999 -9999 -9999 -9999 -9999 -9999 -9999 -9999 -9999 -9999 -9999 -9999 -9999 -9999 0.510058407914698 0.525314544904007 0.535994503394624 0.529022797954293 0.507586097767557 0.452082336266824 0.402238966131752 0.373141884254899 0.358768276659207 0.382983826962906 0.397060582945608 0.393810590942627 0.399831029711648 0.381791759871657 0.35915812313683 0.352989342022143 0.347967014222797 0.342742993134432 0.345582015399273 0.357748588379481 0.372227756807282 0.379163412447381 0.380776191560766 0.382178263997947 0.383037242545563 0.377071400816784 0.370547678934531 0.367357947749421 0.356601708431372 0.342226141481713 0.325339989238671 0.310844145492275 0.303479197980188 0.294997450354726 0.284023721499098 0.276101223216723 0.271490329194703 0.273495217103528 0.28370451824844 0.29102251600389 -9999
-9999 -9999 -9999 -9999 -9999 -9999 -9999 -9999 -9999 -9999 -9999 -9999 -9999 -9999 -9999 -9999 0.517602510861463 0.53147642473263 0.560109942659471 0.557274426979284 0.550199269311725 0.523077029963119 0.450353486471985 0.379035773399667 0.354102578800496 0.37883241300119 0.414569125852998 0.40256845313334 0.399616690743159 0.378645661392752 0.352789111556759 0.348482083957586 0.344021755416775 0.341623054751899 0.348215479923294 0.361869463376353 0.37880497476693 0.386412091711653 0.388324567859797 0.391736243914155 0.392658518478724 0.388129918165476 0.378145106120558 0.365680255321102 0.357818051103175 0.34897580999427 0.335037826526485 0.323507498934275 0.315434096992063 0.307805601372889 0.297336367290959 0.287308864779666 0.278635686023944 0.278980893763557 0.289063545649571 0.294874699412463 -9999
-9999 -9999 -9999 -9999 -9999 -9999 -9999 -9999 -9999 -9999 -9999 -9999 -9999 -9999 -9999 -9999 0.556836266812054 0.569041307348451 0.584147484245385 0.567831698812437 0.501995278490393 0.440124253543153 0.420279384695511 0.377513485346778 0.377045867725671 0.415650932818035 0.438138031737786 0.445370966277649 0.418551862529657 0.382881057308915 0.37063109934439 0.366086996897136 0.355122270604232 0.351878331516413 0.362608743919749 0.37400785352274 0.3830676954916 0.385897098308767 0.38481640627878 0.384496914447617 0.385901909359574 0.387251739780933 0.383318655017959 0.372746182633012 0.366076800204324 0.364317021210181 -9999 0.335964097386751 0.324130222586518 0.316051997126506 0.306528655232691 0.298925348762805 0.293022970920683 0.29155643856019 0.294196446762306 -9999 -9999
