layers/veg/veg2900.asc
NCOLS 255 
NROWS 330 
XLLCORNER -2985163.8955 
YLLCORNER -3022031.214 
CELLSIZE 25000 
NODATA_value -9999 
[rows 78 to 103 of 330, columns 174 to 231 of 255]
0.765769971420912 0.760781605892572 0.75645777888047 0.748502657132215 0.749681528924397 0.752147071572413 0.74791920787338 0.745459337501747 0.745112590848815 0.744372523516887 0.741740229898994 0.739143725354222 0.738320919438571 0.738182108982572 0.736102407104165 0.731563502983553 0.729989399102496 0.729839443200967 0.72662987533545 0.726160227792021 0.725705223208878 0.725119741733342 0.725235763354316 0.72548190031979 -9999 -9999 -9999 -9999 -9999 -9999 -9999 -9999 -9999 -9999 -9999 -9999 -9999 -9999 -9999 -9999 -9999 -9999 -9999 -9999 -9999 -9999 -9999 -9999 -9999 -9999 -9999 -9999 -9999 -9999 -9999 -9999 -9999 -9999
0.760656803612247 0.755503926045716 0.755268930355703 0.746345791037909 0.746720810308617 0.747766044756617 0.7435933631258 0.741990470558641 0.741365151097562 0.739380686139729 0.73862668704045 0.736916769152127 0.736392062127148 0.735689236059202 0.733585324175701 0.729970608304378 0.726439952030878 0.723488751180851 0.719485824718249 0.71906491308727 0.71886687916803 0.719641910316417 0.721066096689102 0.720557909422014 0.719159833156573 0.722360649832026 0.722045500167685 0.720400619697395 -9999 -9999 -9999 -9999 -9999 -9999 -9999 -9999 -9999 -9999 -9999 -9999 -9999 -9999 -9999 -9999 -9999 -9999 -9999 -9999 -9999 -9999 -9999 -9999 -9999 -9999 -9999 -9999 -9999 -9999
0.755822383927278 0.750457944268786 0.751861966698566 0.748690933944549 0.744789944831109 0.742762867214832 0.740591870496764 0.739015784981793 0.73877034248616 0.736956758654177 0.735624943451361 0.735362750582252 0.734356874937575 0.732565924593048 0.730010160991998 0.726225048340411 0.721436530974365 0.717770600564588 0.715055095276571 0.715274909064021 0.714728329710039 0.71547162434811 0.715612912470468 0.716086728555891 0.717969590700612 0.721182805369476 0.721675931221347 0.720437118646696 0.723501030207318 0.723693560959006 0.724047506140193 0.725456745751374 0.727536925467893 0.729546194082744 0.730993685926241 0.732037023308848 -9999 -9999 -9999 -9999 -9999 -9999 -9999 -9999 -9999 -9999 -9999 -9999 -9999 -9999 -9999 -9999 -9999 -9999 -9999 -9999 -9999 -9999
0.748457157214605 0.745821471937931 0.743075213363831 0.74265559639927 0.735864728198101 0.734675872240905 0.736118912229262 0.736391807816933 0.735875934620124 0.734980928737433 0.732830398326084 0.732095317522125 0.731023393892021 0.729466487107934 0.725566440022642 0.722004066420077 0.720831440131344 0.719673339907843 0.71630757193809 0.713337582587937 0.712009276369131 0.712264161263683 0.711149258976842 0.711938956274468 0.713599696983702 0.715202303908551 0.717683802401367 0.717920635385373 0.722051900786397 0.722573943612079 0.721689600881524 0.724095466650671 0.727143084222967 0.729322178190521 0.730993079716922 0.732381907528842 0.734686027365898 -9999 -9999 -9999 -9999 -9999 -9999 -9999 -9999 -9999 -9999 -9999 -9999 -9999 -9999 -9999 -9999 -9999 -9999 -9999 -9999 -9999
0.741365407948097 0.741249925452298 0.736863163055461 0.736673465257684 0.727214859139312 0.723850598674753 0.728586653719386 0.73129023430766 0.731306042761537 0.731490203971753 0.729669331942742 0.727686056845412 0.727188588994843 0.72578357767429 0.722567804402908 0.719239713007375 0.716146545856669 0.71506784381964 0.714165020253245 0.711115465062988 0.709972486643856 0.709226805676794 0.709374538790404 0.711116971580672 0.716299591719396 0.717109260467948 0.713632898652482 0.706728354429952 0.698012031057591 0.715109620019775 0.717741719772027 0.719810041620911 0.724517755911493 0.726394799542741 0.728293542401883 0.731952567788536 0.735193233437472 0.735233321326703 -9999 -9999 -9999 -9999 -9999 -9999 -9999 -9999 -9999 -9999 -9999 -9999 -9999 -9999 -9999 -9999 -9999 -9999 -9999 -9999
0.732732505244114 0.729301652313441 0.725914035974096 0.721045903325215 0.718159862550296 0.721375297177141 0.72094499400976 0.723366966689893 0.724724675791075 0.725006933615466 0.724955273994568 0.723865862234565 0.724661888072555 0.722172753405587 0.71674263651967 0.715617179366808 0.712365256952182 0.710719331279527 0.710036401778498 0.708180182238706 0.708065393989397 0.706530109446031 0.709100150938621 0.711207217877156 0.711386700325754 0.714070971718907 0.711510247917627 0.703483826843902 0.692023188303418 0.693092811452319 0.70146816845459 0.713592043254853 0.717197938871911 0.719603754230801 0.72576839300009 0.731497306556572 0.733505422268209 0.734358257889743 -9999 -9999 -9999 -9999 -9999 -9999 -9999 -9999 -9999 -9999 -9999 -9999 -9999 -9999 -9999 -9999 -9999 -9999 -9999 -9999
0.725188915740726 0.723318221602325 0.717203603196848 0.721756925419873 0.718138305082344 0.714177366620399 0.70697387437061 0.710511200319853 0.712865386274124 0.714716962065877 0.717928282110111 0.718860173682738 0.718834256595216 0.717574028550371 0.713742592596684 0.711192896722784 0.709289969334857 0.706762000143778 0.705466744962814 0.70494613609375 0.705298931433735 0.705141975874819 0.707223478333542 0.705919955622466 0.70878704181873 0.712492769107329 0.708371711756378 0.704739539987569 0.692956232822286 0.668007834973838 0.667013050629909 0.714053166706495 0.689508482907013 0.715569134284922 0.722991275471777 0.725077209698122 0.724864730027241 0.728409824927111 0.736088262602986 0.74016890861664 0.745277841295359 -9999 -9999 -9999 -9999 -9999 -9999 -9999 -9999 -9999 -9999 -9999 -9999 -9999 -9999 -9999 -9999 -9999
0.717273155346876 0.714829943782307 0.709305291045102 0.717440880391946 0.707732307356034 0.706912347655561 0.694877407985134 0.70117778302149 0.700075912668945 0.702942786305895 0.708726928841489 0.711752051503468 0.713132667603461 0.712985528946495 0.706797100622132 0.703425986593005 0.706468064160835 0.703820280028258 0.702173907514783 0.701241946840818 0.702141436533882 0.70506955671657 0.703306422351393 0.703157075202849 0.703683722808175 0.70537956386206 0.703310282132724 0.703797653770788 0.693270548560593 0.66236069065893 0.65126007098615 0.706994391146247 0.712616260728843 0.716704463947731 0.718379831759745 0.718506108652074 0.717931672949744 0.723731023509564 0.734957087517131 0.740719590054988 0.745323986495317 -9999 -9999 -9999 -9999 -9999 -9999 -9999 -9999 -9999 -9999 -9999 -9999 -9999 -9999 -9999 -9999 -9999
0.70859790400798 0.708716575700481 0.70588922665297 0.709074745340646 0.700546312136297 0.699774221071129 0.688159350155264 0.700255678719869 0.695477708583236 0.696235506200255 0.701258907934281 0.705474406065659 0.707966008854705 0.706149935122682 0.701494243803738 0.69928001239035 0.702991882812635 0.700904747654009 0.700113159681273 0.697698510569635 0.699200973131735 0.703988571404609 0.703384367326968 0.700569162522237 0.701865016616087 0.700119722805677 0.689530452690085 0.687390808269688 0.688339922061935 0.666144624158692 0.654908832781532 0.692507494060442 0.714129667347569 0.711665310173362 0.711895745738506 0.705782759510172 0.717530532849852 0.727518877943485 0.732816018550338 0.73697482759916 0.74186965404263 0.745568371367166 -9999 -9999 -9999 -9999 -9999 -9999 -9999 -9999 -9999 -9999 -9999 -9999 -9999 -9999 -9999 -9999
0.704617788074117 0.698589235300381 0.699547846592427 0.701677228038677 0.697344899690114 0.692888690922803 0.688767637684106 0.696109874376596 0.698128839889615 0.694790739805002 0.690781263689066 0.696864299490816 0.703637167992077 0.701064757090627 0.696104835189463 0.695914840140725 0.695969069993678 0.696169443575182 0.697804896229412 0.696261930358579 0.697076785623137 0.699637713291911 0.699816763764018 0.698632563887806 0.699837802311411 0.696601163571007 0.675328132001163 0.660783355362788 0.665504523155882 0.663854552337721 0.677576557098355 0.700153127376779 0.708063663937544 0.706265384789483 0.705372719439422 0.689841963117835 0.710073564991766 0.723637029902357 0.721167393490673 0.726182032300078 0.73734552544565 0.743937603776073 -9999 -9999 -9999 -9999 -9999 -9999 -9999 -9999 -9999 -9999 -9999 -9999 -9999 -9999 -9999 -9999
0.706343554436222 0.69630090123846 0.69517489421296 0.696873098703103 0.693511153190067 0.690938996954319 0.69605291857002 0.692093682214226 0.690943481733441 0.68876043423022 0.688627673022485 0.693789060344909 0.696638278020574 0.694907650347402 0.692756468533422 0.69123589697002 0.688472018718218 0.69177414555605 0.692718536222955 0.69236361416296 0.694192034784643 0.695986790955938 0.695043810124847 0.694404415408778 0.696065691623359 0.692280097306186 0.678628156680166 0.676542742240897 0.682856488336133 0.6626103422141 0.67686480452563 0.697112802611302 0.697295226954423 0.69171777189061 0.691758114307213 0.684264232816949 0.695491639464601 0.714714596154461 0.712559154306492 0.724766163664282 0.735789950422068 0.741549005507177 0.747664087160825 0.75176691522574 -9999 -9999 -9999 -9999 -9999 -9999 -9999 -9999 -9999 -9999 -9999 -9999 -9999 -9999
0.70650512228614 0.696036676455952 0.692692322487088 0.692614112097077 0.689542856771134 0.687010826190406 0.687279672823881 0.690695256576855 0.687139205326948 0.685123119341189 0.689614243327717 0.690079549516782 0.690141161710868 0.689844743056143 0.689481317832412 0.687990766635835 0.686620660800391 0.689778949919038 0.694752835996503 0.691046128764358 0.690206365134525 0.694117244493476 0.69263095015733 0.690503788121063 0.691308028565461 0.690170632350515 0.687629780616086 0.694487655289492 0.688798895453293 0.656114450071826 0.677772892247984 0.692013418624565 0.687515296575236 0.678955040588518 0.676584851506986 0.676670460969793 0.693856798168435 0.7100557258567 0.719775842088795 0.729292643731988 0.735518424214043 0.740918157727406 0.747719716938858 0.751902464702075 0.752672737512153 -9999 -9999 -9999 -9999 -9999 -9999 -9999 -9999 -9999 -9999 -9999 -9999 -9999
0.704214994422065 0.695430315693081 0.688618909552836 0.685905111322588 0.687397486062481 0.691549305919389 0.691293662601158 0.686222776758953 0.68213626091112 0.68282350961136 0.687531370736704 0.686537200195256 0.684596746769617 0.681913462844054 0.681812100325826 0.684596725267297 0.686080141675622 0.683781475526637 0.684467161140052 0.681270840030409 0.686644843560732 0.689573033335128 0.690629300693007 0.688982057303143 0.687944456307707 0.690176111657643 0.692018100533541 0.681399358415003 0.681831017365318 0.651339006472659 0.682366767794223 0.689926643934124 0.684348312103906 0.681666901492474 0.688989187990943 0.701474172830957 0.705715356998734 0.710525867644808 0.723045273801495 0.727165678384961 0.733674885724608 0.741034301453689 0.747946962227171 0.75216501187768 0.753756115182594 0.756495361569406 0.763666386446773 -9999 -9999 -9999 -9999 -9999 -9999 -9999 -9999 -9999 -9999 -9999
0.700729434749881 0.695152992309117 0.684197432853037 0.678531016358543 0.678457189359656 0.67873809796565 0.677353083943448 0.676289767912959 0.676509822750652 0.675609953345211 0.679175728443996 0.679540222294751 0.676426674082385 0.670060985660702 0.671787953150416 0.678784444292165 0.682681891291975 0.679102547906045 0.67633850385088 0.676295825400445 0.684887507861846 0.683325421360982 0.686754184447036 0.689637416115633 0.688413144543492 0.687487059494853 0.686351702857502 0.679398726685172 0.667347546382682 0.647243212408185 0.685325335177928 0.689206305207767 0.682519023561935 0.682461507521808 0.69290837252644 0.704747434816475 0.710294574105227 0.715176185092466 0.725035706896877 0.730312102928826 0.733791933821688 0.741387642252027 0.74956752925505 0.753236544759687 0.754382406829989 0.758062344172977 0.761946889064057 -9999 -9999 -9999 -9999 -9999 -9999 -9999 -9999 -9999 -9999 -9999
0.694529553141555 0.688604881742837 0.682852174200708 0.679525434767508 0.677292739037667 0.675335692207222 0.671708789970553 0.669782770969613 0.671074469948965 0.667946010061322 0.669226382640917 0.669599460908996 0.668498742780339 0.662385486340545 0.667262884843096 0.668795634434743 0.671552988190784 0.674674054023946 0.672674529756655 0.674503084116775 0.680401856062392 0.675631820026245 0.680444932275739 0.690220573671002 0.689803738982489 0.683823019305773 0.675263312062024 0.665993768328139 0.653718763073729 0.642124993104523 0.682565918108475 0.686391361317167 0.680703461796742 0.680890040668854 0.678984695177662 0.695451864684321 0.712365207943138 0.71968052155306 0.727643318717832 0.737203791742997 0.740233114598608 0.745472488035562 0.742319062859451 0.745752079428827 0.751838930731741 0.75749009444957 0.758209385758834 0.758478786537174 0.770657733145485 -9999 -9999 -9999 -9999 -9999 -9999 -9999 -9999 -9999
0.685578959743719 0.68080330163876 0.671714085430091 0.662123978239317 0.665873982288329 0.659375499181806 0.656032951170329 0.656759959704634 0.656175568541773 0.655999209883189 0.658468821510266 0.660931482269583 0.662554315847006 0.657302019725195 0.66002845117219 0.665874529614354 0.667370220973793 0.665721257593908 0.667441506764515 0.674673303880232 0.676970567828804 0.671676465402852 0.676954259472763 0.683155872883469 0.687314823530127 0.682629977976788 0.677597492676663 0.669697990734254 0.651713491969111 0.641683346873611 0.674498617068061 0.680822024549444 0.673932295906415 0.685144774701358 0.693226330447564 0.703718612784399 0.710099992764741 0.718112957695475 0.727831005377592 0.733469300191515 0.737533375319373 0.744120525763096 0.74086575950637 0.745659696960254 0.753138504628921 0.755940207770658 0.754064582475526 0.757275892746528 0.770761508916583 0.772502203019846 0.776643769725187 0.776961328721649 0.780141184858939 -9999 -9999 -9999 -9999 -9999
0.678831997833067 0.676221679935865 0.671507013095329 0.653034640077023 0.655787239809748 0.654763978107784 0.64979972284595 0.645549958201591 0.64132891435592 0.641256934431079 0.645437092345649 0.648287001515108 0.644900111842784 0.654876748162384 0.65087989800305 0.657651619844814 0.658346329217292 0.657066520425239 0.661784709521128 0.672045649125812 0.67800028463833 0.677913030343508 0.673087602918537 0.679136074591216 0.684474830472668 0.667804135548063 0.670504913195998 0.668116091002682 0.654671533016876 0.649974056675976 0.666782025696392 0.673223079634111 0.676406224185749 0.669160823552034 0.695701373866544 0.70387786748497 0.708185206090745 0.717250992707659 0.72946055579949 0.735095263964008 0.735989661975156 0.73865527974105 0.741922228523969 0.749751627641173 0.754913149457823 0.755382246139624 0.7592563122679 0.764465046797136 0.768509167137889 0.769653731031922 0.770048230122962 0.772364840630167 0.778281819422452 0.781261576933729 -9999 -9999 -9999 -9999
0.673443961585814 0.664437793200282 0.660161267596574 0.654826906362115 0.64958143146819 0.646761578271391 0.646914156768877 0.643211674007181 0.637441064740674 0.635569822557339 0.640196188878719 0.646406380479305 0.649253975942281 0.658702049486504 0.642309934053424 0.655671276393609 0.65897123880954 0.657962815215179 0.661298702323136 0.668061368924045 0.675679593971894 0.677926852315531 0.671180462073252 0.673324498266231 0.67508111332781 0.660999557729137 0.662753037680195 0.661980987427942 0.654022928193441 0.655254304388802 0.666841796182701 0.67694731519405 0.676430259732787 0.677397262443195 0.695776658378715 0.70092568008528 0.711009806634721 0.718923993320791 0.727636828440253 0.728869447102794 0.730015354187569 0.73690511922695 0.74158310723877 0.747936579578911 0.752006659350437 0.755440429558488 0.763229355516127 0.765561748784455 0.764451251372463 0.762091208838999 0.762954796499383 0.76857484406793 0.775082889567641 0.781678612922546 -9999 -9999 -9999 -9999
0.665163600917004 0.658934073718425 0.65339056108871 0.648342239010713 0.642932682240302 0.640045419306075 0.644256496024883 0.645398494223294 0.64083143199995 0.640558500345891 0.641635494821889 0.641196446210858 0.644266019261904 0.644288828412977 0.654948444565588 0.657181509408481 0.664156732060157 0.665251109687499 0.668820793422003 0.67094678021369 0.672654391359124 0.674447999228693 0.670814720704926 0.663507546804154 0.666676255457709 0.65624871178293 0.654919525587673 0.660344779918026 0.645936805709329 0.645871260849343 0.66165706878936 0.673489907468553 0.677132671304443 0.682976247987636 0.693078117854885 0.703807638850687 0.712145974194083 0.717934602469343 0.724704410913607 0.696866663084222 0.708284514839108 0.725671179868987 0.7256663045684 0.737714419533081 0.748057621863491 0.748888120985298 0.762693363709308 0.762406992061758 0.754549749211731 0.748840673599499 0.756923771017902 0.769552631555501 0.777040938329461 0.782899146634078 -9999 -9999 -9999 -9999
0.665213150989522 0.657805656198132 0.652215290075364 0.646141658837464 0.64137188723148 0.645133196629945 0.644095160302533 0.650991063018988 0.653542664834183 0.654001965553843 0.652177086778016 0.650238051394371 0.64899212047979 0.646265370967048 0.653822435930769 0.65251609720899 0.662980028728514 0.668272181878334 0.669749671714589 0.66485411386664 0.665625655163017 0.671894678262708 0.674775757168593 0.669801926509923 0.66138680641965 0.649334375344246 0.64983364593327 0.660430006303464 0.644830815951545 0.641170607558066 0.651852464967523 0.666365617970141 0.679815539328227 0.688014597086592 0.693135204637821 0.706566372191906 0.711980342650079 0.718713901877954 0.699683431412889 0.691709124073478 0.70641093084564 0.71709334750809 0.718794284213342 0.73261224190041 0.749117452739612 0.754342236746426 0.752283737506081 0.726693050455387 0.736829763021802 0.737705045382692 0.751912649572906 0.768288545518519 0.777935758977487 0.785889239141163 0.793023688626442 -9999 -9999 -9999
0.661516350704191 0.656083819650455 0.652105367245264 0.649576791814158 0.643598055127416 0.645629231297215 0.649721089857556 0.651801217263645 0.650465350082657 0.649081859127213 0.648685467007114 0.647623487649071 0.64530419247977 0.642987023238315 0.643450486505886 0.647461384437694 0.655278636584691 0.659297394109716 0.659308718527793 0.663916429705842 0.666975849144687 0.670395046472874 0.674079731783539 0.672445929852709 0.662133977231082 0.652835153353641 0.658678017322936 0.67117283678812 0.65857044242845 0.660387861997828 0.657629316807063 0.666382697360012 0.682996510412506 0.685960927106267 0.687873528834389 0.701540416363545 0.709798962828838 0.717165098075781 0.711615016098226 0.712322705170014 0.712847207750063 0.716649468125503 0.728930005236745 0.739924948406655 0.747954044655495 0.750441283700417 0.747391568253834 0.733468043419679 0.732160730423556 0.729678673439942 0.747637027438844 0.764232558224661 0.776651790249501 0.78646510315924 0.792622692887483 0.792666133844885 -9999 -9999
0.651896092686534 0.650073494880166 0.647041780479717 0.645350566426138 0.638397956113238 0.63396060658157 0.642195195559349 0.636085194322394 0.637199228908073 0.64041429753197 0.638068237789707 0.637430817780923 0.636759179724739 0.635034340776966 0.638236962169966 0.645866628275368 0.648012198098866 0.650614075603273 0.653762642744652 0.659452736212959 0.663790101857545 0.66814894591366 0.670824263372005 0.671299483516495 0.668825681663625 0.670251105834576 0.677719148535144 0.674303027478483 0.673629179941566 0.666640404584398 0.657352257429269 0.659742082614846 0.671437145154194 0.669943308652438 0.676095836256166 0.698013780160431 0.70729777409008 0.712233728641662 0.716389579754046 0.721142373046773 0.720851466928671 0.718614531566074 0.733413952376013 0.741632119412579 0.74548730663372 0.749258284961969 0.749529950748375 0.744321567513746 0.7283789070024 0.716913434268948 0.742299195484056 0.749484604180673 0.771908788648001 0.785033798427723 0.789944468249966 0.790594948065732 -9999 -9999
0.643665924766764 0.641574170752155 0.6375433528076 0.634717774562114 0.632312806878701 0.637670667995396 0.632462151192213 0.640769890384502 0.633994731286464 0.628807728853103 0.62935874552464 0.629118909391168 0.627990207041869 0.626892900672148 0.631716117614321 0.643205165270639 0.646127556804065 0.641584643364499 0.640136455181551 0.649900062568322 0.657547558251575 0.666205694699892 0.667461414191487 0.670216440535868 0.671649355489924 0.674587566972351 0.678474383197316 0.675460132294933 0.672046650761351 0.656382972452136 0.642310151703206 0.64360288684981 0.646908774855514 0.655087457902202 0.667062448855844 0.685537996362787 0.701220634478433 0.703426979660835 0.702303028297761 0.710053332543126 0.721638030836052 0.734793210324343 0.738958504036549 0.742724402887594 0.743585075932311 0.745030093166777 0.738854422844188 0.731776316783316 0.72351358691277 0.721116054634076 0.739480099997749 0.752481689781049 0.775253886883004 0.786690040511173 0.789059294831048 -9999 -9999 -9999
0.639433898510955 0.635410556599625 0.628143103287215 0.624766664695027 0.628151060549225 0.630306714079443 0.626891008877583 0.637446612171604 0.624270046898368 0.618835203735232 0.62166267560567 0.623515085948636 0.620312979709361 0.618590692875529 0.622044376114305 0.631072553300791 0.63870369359564 0.634971223783008 0.639025390072715 0.643578201752054 0.656276996266576 0.661978002083041 0.663325640722169 0.667090252999531 0.671125136988313 0.671600253118763 0.673843285805116 0.67471716242771 0.666233103611888 0.648901389853771 0.641879510705666 0.639972626819651 0.639929476966125 0.637135757231549 0.651360760147178 0.680894453149747 0.699495024340925 0.700928371634456 0.692169665690681 0.693733065674665 0.711697196488611 0.730925690575073 0.730339198715989 0.729126409814122 0.727178839794682 0.725109117301473 0.718640800815165 0.719548175960792 0.723718615233964 0.721489814113928 0.735084076198069 0.74376946162992 0.776514579697699 0.791628733160715 0.790033965251388 -9999 -9999 -9999
0.634700108198603 0.630075727717947 0.617501758383135 0.615498488196492 0.623183721459724 0.624385435702073 0.623340237204849 0.631942931097663 0.613620019126924 0.616379171372794 0.61304207546695 0.622585026389494 0.618997988580918 0.614857266886187 0.624183542340069 0.633279530794266 0.631896286813745 0.629555681915231 0.636992266617862 0.645253656611044 0.65563400241377 0.655860049916408 0.660341358920305 0.66209565001403 0.668167765349541 0.674157848045662 0.674693269670002 0.672256747774662 0.665394894014652 0.657485016584494 0.660916801950998 0.661123225497979 0.66094314859015 0.676536717046363 0.669528849261192 0.671735197070969 0.692932247138493 0.696082768823776 0.68871093821985 0.691255764659471 0.71156443141229 0.719432183949602 0.712478052102245 0.69254315406001 0.70736982222128 0.709693590975345 0.713575763319266 0.71990368164753 0.72473670908483 0.727645293373416 0.734887375391206 0.750043924573164 0.778494468049604 0.79258154708139 0.793484807409389 -9999 -9999 -9999
0.630655100691571 0.627670133281607 0.61196286657039 0.611758155645686 0.612552458998915 0.613088170120554 0.621180539120216 0.625524795453608 0.61122512516416 0.614594837947286 0.609177437343829 0.628020692199653 0.604441577557127 0.61445610344682 0.629595094267682 0.630796717059658 0.628112007609487 0.62833652683367 0.635126415998421 0.644209277950621 0.648225992240288 0.655688141899964 0.655941194282862 0.65710532545299 0.659348947833508 0.66756798579456 0.67037198594047 0.668713741778677 0.663537416458431 0.663978667969476 0.669869693588405 0.676614092153048 0.683689631956356 0.686750731994238 0.68669943103563 0.681413630143778 0.69155247371024 0.691017701180453 0.692043299197141 0.699823752523009 0.699434215890233 0.699558254457897 0.703124122859349 0.695293052633479 0.70305176719416 0.712887106193855 0.720014798592419 0.728429143021272 0.732415107956849 0.735520196989564 0.745580063171439 0.764498124308159 0.782151597212513 0.786854130261189 0.789693877796451 -9999 -9999 -9999
