layers/veg/veg2200.asc
NCOLS 255 
NROWS 330 
XLLCORNER -2985163.8955 
YLLCORNER -3022031.214 
CELLSIZE 25000 
NODATA_value -9999 
[rows 200 to 224 of 330, columns 57 to 113 of 255]
-9999 -9999 -9999 -9999 -9999 -9999 -9999 -9999 -9999 -9999 -9999 -9999 -9999 -9999 -9999 -9999 -9999 -9999 -9999 -9999 0.491666073565337 0.447258997384814 0.340556612685183 0.259804812184548 0.143009499666726 0.00310426295724304 0 0.0129121351359006 0.155878763060147 0.221276158841425 0.268108981746632 0.3268592678247 0.350421848506562 0.308718407201553 0.307723491112564 0.363681248817924 0.438066570140901 0.45310059822331 0.460154279053479 0.465735688035972 0.468719054035938 0.473970281510349 0.480163587958211 0.479776235695597 0.478521710333637 0.468047463394136 0.431051572427921 0.414370387834789 0.447217987968691 0.474741045536915 0.484847067992015 0.485228801661048 0.483891587333872 0.481650856762473 0.478665390732632 0.475839379636889 0.474261796227873
-9999 -9999 -9999 -9999 -9999 -9999 -9999 -9999 -9999 -9999 -9999 -9999 -9999 -9999 -9999 -9999 -9999 -9999 -9999 -9999 0.508220766374756 0.468048155060034 0.390091652981719 0.274343287542137 0.155319491638675 0.055842401646019 0 0.0670836571634667 0.202205755249474 0.267542027394105 0.3409009079663 0.367006345519681 0.363564905482525 0.326386693740471 0.334636844595046 0.38172345370729 0.42650272320046 0.442854062468583 0.447811553861467 0.45357737556709 0.464887671416051 0.474414375819266 0.476800781627121 0.474419769194424 0.469117129828011 0.45464852976975 0.422150897899887 0.419340018259198 0.454302978234207 0.474931268673802 0.484049909937189 0.483574218278983 0.48228031377581 0.480024753298593 0.476574326281973 0.473438988677266 0.47174570102198
-9999 -9999 -9999 -9999 -9999 -9999 -9999 -9999 -9999 -9999 -9999 -9999 -9999 -9999 -9999 -9999 -9999 -9999 -9999 0.510715995709927 0.496638242712883 0.435767627535299 0.314807227597186 0.175999938004759 0.0820102779813705 0.000731349669022947 0 0.0695212165443425 0.201741507225915 0.268832320567637 0.342222332259071 0.373144454077957 0.391986908195717 0.341917425295588 0.32097745453354 0.387591336650587 0.413752175142065 0.425771895561551 0.410255233772929 0.416065633047919 0.453543258314622 0.46776492136443 0.468230438676041 0.459843121171361 0.44593601886718 0.418499960098416 0.398857151828743 0.421313766270586 0.45561166300365 0.473195291634154 0.481359402500085 0.480991664531023 0.479653537540176 0.477279781538003 0.473695275889547 0.470395041528791 0.468859009811814
-9999 -9999 -9999 -9999 -9999 -9999 -9999 -9999 -9999 -9999 -9999 -9999 -9999 -9999 -9999 -9999 -9999 -9999 -9999 0.501304699899865 0.473845656624672 0.428654632429068 0.34490670195177 0.175085435568468 0.0466620902696073 0 0 0.0411017150555799 0.173710313693759 0.237185450175499 0.330865684890445 0.37913917247031 0.398570173029021 0.362409126146346 0.339188708454762 0.38824824311463 0.410019424735239 0.400775757978142 0.375235272008781 0.394885124984025 0.445012045046316 0.461292819848674 0.452828749599186 0.434066424154433 0.425144595449302 0.392722041073417 0.37252646981505 0.413101181201175 0.454515213458316 0.469953832104752 0.47609362467742 0.476644088340135 0.476518451564106 0.474350659560025 0.470685408731113 0.467405223987763 0.465993142402214
-9999 -9999 -9999 -9999 -9999 -9999 -9999 -9999 -9999 -9999 -9999 -9999 -9999 -9999 -9999 -9999 -9999 -9999 -9999 0.492556153284346 0.487808132030333 0.453782818268558 0.37470033512706 0.23388757239175 0.0718741640167355 0 0.0423339531312675 0.138221670665283 0.174909820645528 0.220529430433897 0.303888405482568 0.359386275275567 0.387803123341736 0.39793268963771 0.363412666748551 0.364361449611356 0.410835660806143 0.386644184816454 0.367716548142097 0.398742870067596 0.438953385475455 0.457764505473263 0.435242984336057 0.402771120247866 0.385743992969467 0.349463309360239 0.36003653938202 0.416072733841193 0.451556511763565 0.464615676734625 0.469986013932478 0.471619249279824 0.472538806279583 0.469931898824944 0.466606162350228 0.465146077723235 0.464235885690906
-9999 -9999 -9999 -9999 -9999 -9999 -9999 -9999 -9999 -9999 -9999 -9999 -9999 -9999 -9999 -9999 -9999 -9999 -9999 0.455998834118791 0.456172764828671 0.429694935797745 0.36205622929052 0.247801754056833 0.116524399926299 0.00823229282234331 0.0578563203871633 0.180664960372739 0.194790755251675 0.197464515944527 0.288566446003047 0.35235736077909 0.364086189723712 0.340118113073914 0.325105570191239 0.362254602866939 0.414580091508904 0.394703027267548 0.37736429328908 0.400734607273355 0.435281333606334 0.451696066610455 0.412459440848312 0.363701467040099 0.331233884203872 0.319340015104474 0.377519668798193 0.421825492697991 0.447367368737836 0.457742010085471 0.463353857212942 0.465593165890551 0.467082734721859 0.465776509444854 0.463354346737517 0.462093912606765 0.461917475705811
-9999 -9999 -9999 -9999 -9999 -9999 -9999 -9999 -9999 -9999 -9999 -9999 -9999 -9999 -9999 -9999 -9999 -9999 -9999 0.418465160552129 0.40458157826742 0.393630937796627 0.311083954314531 0.187912784829652 0.100464401208961 0 0.0214841100811917 0.18202041171073 0.223442611236274 0.201541911924281 0.288872913835064 0.352030460615239 0.325409256930285 0.236972315846402 0.266695829162662 0.378794812864536 0.419238658181646 0.412820417727887 0.40021584449521 0.406275257892504 0.432781227597034 0.44615090679093 0.398670026396786 0.33979135885255 0.298604182034477 0.310915902520935 0.400044753987246 0.430890366677031 0.442800082301731 0.450910130598524 0.456957043827736 0.459990371145068 0.462219971052701 0.462285949565713 0.460408514659734 0.459393792474849 0.459966864618706
-9999 -9999 -9999 -9999 -9999 -9999 -9999 -9999 -9999 -9999 -9999 -9999 -9999 -9999 -9999 -9999 -9999 -9999 -9999 0.450622736513293 0.419720267496423 0.369093819090029 0.25740881107974 0.103512965739031 0.0239801239000507 0 0.027736091748843 0.192245381574545 0.216608117828452 0.209382054311155 0.312132080276012 0.3682827246278 0.315135108359696 0.267017179052141 0.355005438599205 0.406697161622713 0.420352912553757 0.419988226483784 0.411173028133919 0.411282113245477 0.430040134529365 0.443862850111741 0.415780636053045 0.355317045355113 0.284555056098774 0.29363683870382 0.385751784317518 0.426518440766172 0.439802744219701 0.446417551443722 0.452855726635938 0.45645584723924 0.459071438139405 0.459882188765744 0.458949791839792 0.458072610293655 0.458821802651075
-9999 -9999 -9999 -9999 -9999 -9999 -9999 -9999 -9999 -9999 -9999 -9999 -9999 -9999 -9999 -9999 -9999 -9999 -9999 -9999 0.451884571681466 0.407493069825967 0.314377545052232 0.1515850224877 0.0406449730607976 0.0147599543577749 0.055919093219673 0.167473586933944 0.162404512601004 0.156463532560171 0.2881693588005 0.355649113899528 0.368135686336636 0.361373269077855 0.389714206489386 0.400595507221638 0.408498389013862 0.419734014750604 0.418899952132209 0.41027950086394 0.420167782277247 0.434484393291738 0.426483532867311 0.389092131506158 0.299690349190259 0.29680952744487 0.393419601300038 0.426064863607636 0.436259264218237 0.443040577446717 0.448691494606552 0.452280127377124 0.455183826940912 0.456990503962643 0.456591848607034 0.455963716146053 0.45753670934405
-9999 -9999 -9999 -9999 -9999 -9999 -9999 -9999 -9999 -9999 -9999 -9999 -9999 -9999 -9999 -9999 -9999 -9999 -9999 -9999 0.42163143124636 0.424057417718194 0.359971967330421 0.226327995444225 0.0696289304553878 0 0.0589083220965791 0.162294592320644 0.136338635654704 0.148053459985258 0.25094608268245 0.334164385663201 0.386995677137613 0.388798636512678 0.391371595365571 0.393194651621939 0.393471808799826 0.407161874855907 0.413943367278157 0.412041470167364 0.417048593489717 0.421059184292183 0.417024193609568 0.385056074526927 0.335010177123046 0.347024489266017 0.397984026452512 0.418671076016992 0.432323044613797 0.439241339780452 0.445046647260696 0.448722220395822 0.451955432809716 0.454295413207296 0.453837354719339 0.452932557700451 0.455373434435337
-9999 -9999 -9999 -9999 -9999 -9999 -9999 -9999 -9999 -9999 -9999 -9999 -9999 -9999 -9999 -9999 -9999 -9999 -9999 -9999 0.410181389637283 0.395677066914567 0.326377275879202 0.205443071630727 0.101720468226801 0 0.0072000764740064 0.0900804424709644 0.0655884561683967 0.178723363919387 0.279114290479601 0.341670270248262 0.38439827145928 0.38892276143746 0.393000693721193 0.393113551991981 0.387106337542782 0.393564676197043 0.405214696211844 0.402002097451675 0.39809880376144 0.399246562897812 0.388979504198229 0.363373507642821 0.331492950291126 0.341774575589894 0.39400000495765 0.416532159463251 0.430220692258123 0.436788134612073 0.442803848431451 0.4467437200799 0.449902853641709 0.452104405276985 0.452783119815668 0.451942916504424 0.452279532137274
-9999 -9999 -9999 -9999 -9999 -9999 -9999 -9999 -9999 -9999 -9999 -9999 -9999 -9999 -9999 -9999 -9999 -9999 -9999 -9999 -9999 0.413924128720337 0.34933572482968 0.221796168878294 0.0918881720337986 0.0100539087450647 0 0 0.0323209405089807 0.174090957350047 0.29123082545428 0.352038645609438 0.378026979302356 0.382388974740442 0.388071373154948 0.392762039597559 0.383712333405334 0.380395519616069 0.391664605341498 0.387785388634067 0.368339632975185 0.350557093475132 0.356893323739384 0.364995503432573 0.328674156160623 0.326154041590309 0.383590027437016 0.408415961484848 0.428361276174643 0.435917394624046 0.441063489536309 0.444391354436127 0.447356830958876 0.448917430944606 0.449590354040517 0.448976145015958 0.448406699589902
-9999 -9999 -9999 -9999 -9999 -9999 -9999 -9999 -9999 -9999 -9999 -9999 -9999 -9999 -9999 -9999 -9999 -9999 -9999 -9999 -9999 0.446044375336844 0.403503658650261 0.283491275770566 0.172741753411498 0.0430780979030588 0 0 0.0144301545664197 0.180810803255207 0.292053911960574 0.34523381131146 0.371874676163148 0.37595921419447 0.382837777121086 0.390390392945714 0.377450509908286 0.366671204082542 0.37925164785515 0.373050103918986 0.333777138446903 0.31266131928738 0.342572620267046 0.358446939508869 0.337090713733407 0.338009219493054 0.380713508061932 0.408327202633132 0.42612857123131 0.434929761313861 0.440143965621518 0.442588461659436 0.444964009873118 0.446382181570804 0.446596697756318 0.44613683280589 0.445163169824298
-9999 -9999 -9999 -9999 -9999 -9999 -9999 -9999 -9999 -9999 -9999 -9999 -9999 -9999 -9999 -9999 -9999 -9999 -9999 -9999 -9999 0.462494582254454 0.376141844842443 0.302439037047885 0.213228073094176 0.00760801243702514 0 0 0.0546769898828521 0.187724155079518 0.306816151871369 0.350976654934927 0.3665699581882 0.371307561247451 0.378518840114476 0.387390811393184 0.38747056457675 0.377591607436225 0.372146516960817 0.35007604241036 0.295848770951138 0.295841535365764 0.340202471654621 0.345140354536511 0.34456988545621 0.362682080613111 0.388593472820362 0.410545740079346 0.426160272493973 0.434256192924891 0.439661623195226 0.442076804852914 0.444008749092179 0.444996178627995 0.445440010659625 0.444980293349418 0.443537755332336
-9999 -9999 -9999 -9999 -9999 -9999 -9999 -9999 -9999 -9999 -9999 -9999 -9999 -9999 -9999 -9999 -9999 -9999 -9999 -9999 0.465622357047058 0.46015872551662 0.403405609396561 0.340787068431588 0.29396098709842 0.133065329759624 0.0067134352768638 0 0 0.189337638689281 0.306490885293504 0.34091288979427 0.358596503102375 0.364567139630048 0.372501618932701 0.382857714931693 0.386329037392959 0.376937023537558 0.370904632764686 0.346247818423343 0.310544897961532 0.323009606974174 0.330425557056582 0.324389169630338 0.346321922731264 0.375094428388638 0.39478144628655 0.412072099928657 0.42439931203399 0.43240966065202 0.438287301331159 0.440808922769269 0.441848665209016 0.441841975119278 0.441436346776393 0.441856299930651 0.441578658596942
-9999 -9999 -9999 -9999 -9999 -9999 -9999 -9999 -9999 -9999 -9999 -9999 -9999 -9999 -9999 -9999 -9999 -9999 -9999 -9999 0.440588210924995 0.440938191505666 0.399529241430685 0.357298622171704 0.265217940665124 0.044340984390189 0 0 0 0.208271057318174 0.307082560398701 0.328770677248728 0.352421297290404 0.361985470091744 0.369291516038639 0.378316874530626 0.380874902245137 0.374239676167275 0.374806054852178 0.366328314688006 0.3449711977293 0.346885450264663 0.348588151472525 0.349655834111494 0.366795733005638 0.383165512420774 0.400473026347765 0.415372399024109 0.424495065476455 0.431188233188204 0.436330854341852 0.438849103584746 0.439251082767271 0.438440749967438 0.438069582222354 0.437882492165632 0.437721685248956
-9999 -9999 -9999 -9999 -9999 -9999 -9999 -9999 -9999 -9999 -9999 -9999 -9999 -9999 -9999 -9999 -9999 -9999 -9999 -9999 0.433013247201057 0.421748383719236 0.389318643212075 0.368323298158364 0.305401175446578 0.108240853766487 0 0 0.0430098412468339 0.238474137984014 0.308541716800955 0.324518944270736 0.343560662464697 0.359800715215294 0.3675139790986 0.376059658030701 0.379270187387784 0.375275556814792 0.377536736858102 0.370907803454314 0.35099397924575 0.353212867116455 0.360453235265045 0.36185796875487 0.373807940382988 0.389631107438043 0.404215800487707 0.416189572129972 0.423999456881111 0.430433435768401 0.434810025191933 0.436551169028952 0.436603542547118 0.436223831623746 0.435947966976521 0.435789835935657 0.435820002063756
-9999 -9999 -9999 -9999 -9999 -9999 -9999 -9999 -9999 -9999 -9999 -9999 -9999 -9999 -9999 -9999 -9999 -9999 -9999 -9999 0.448602915355585 0.435715960854805 0.412504512569987 0.395057106197309 0.371525684397435 0.257334763057967 0.0464503683876721 0 0.0375634439449838 0.233528624086766 0.304849217246341 0.298286989058908 0.317386800873524 0.350712774005153 0.363915216751713 0.37318112194801 0.379035523059988 0.382377572035127 0.385430326678238 0.376219632393851 0.360594781112002 0.364590707399575 0.377084106011745 0.385323063620816 0.393179400726094 0.401579769944338 0.411171862172263 0.419117066850421 0.424390502357622 0.429924562043137 0.432594661029703 0.432901400935566 0.432721171221521 0.432705064174481 0.432776376436766 0.43301561128147 0.433499066410648
-9999 -9999 -9999 -9999 -9999 -9999 -9999 -9999 -9999 -9999 -9999 -9999 -9999 -9999 -9999 -9999 -9999 -9999 -9999 -9999 0.463389723426789 0.45121315382404 0.425469202052758 0.393373597910549 0.361795333326604 0.244992817130347 0.00902615350946247 0 0.0800866402544145 0.203656954864337 0.285460002501555 0.280066575138001 0.309476973108373 0.344259277758277 0.358892397185717 0.370267976110229 0.376540573346609 0.380363560020449 0.380753323696335 0.370530981432732 0.360985505981221 0.367376774452697 0.37849699486958 0.387847040589929 0.397182512132595 0.404725204430371 0.412184772719037 0.41935151033813 0.423659772761973 0.426881987694431 0.428791606891626 0.429125230058615 0.42957177379253 0.429922089835928 0.430016394896674 0.430580853482195 0.43097027065901
-9999 -9999 -9999 -9999 -9999 -9999 -9999 -9999 -9999 -9999 -9999 -9999 -9999 -9999 -9999 -9999 -9999 -9999 -9999 0.459696941573432 0.457949834587368 0.435736430774912 0.379879836079009 0.326902981312055 0.290057202385954 0.164148132333377 0 0 0.0346417766137455 0.165546158705041 0.258312276555149 0.263970130267252 0.300765217528306 0.340072982074495 0.355887029736043 0.367958930701 0.374636592287914 0.378758372348707 0.373429709646481 0.361514852819572 0.362881792433852 0.372686675115587 0.381142246408781 0.38978579697365 0.398354619738099 0.405424282729079 0.411631225114642 0.41796727628539 0.42241432793511 0.424686183143259 0.4259957106641 0.426733798463301 0.427476769894162 0.428221364074572 0.428491057231487 0.428979053449555 0.429796157984084
-9999 -9999 -9999 -9999 -9999 -9999 -9999 -9999 -9999 -9999 -9999 -9999 -9999 -9999 -9999 -9999 -9999 -9999 -9999 0.432406398359508 0.433850182648194 0.429532845104344 0.395064436985615 0.36505781251756 0.350379449205197 0.201998822557546 0.0281453421416705 0 0.0141940923187275 0.128624046217408 0.208561899093309 0.243964732812714 0.301416732939811 0.336230731004951 0.35207927784042 0.36424251509537 0.370923752102045 0.375780326250917 0.369183742753694 0.356251484991727 0.362561672004683 0.376150328258854 0.383074177797998 0.390508135415449 0.398263189294353 0.40447649917605 0.409957433885226 0.415694504773813 0.419456561844094 0.421293357063245 0.422515493746247 0.423262215480063 0.424315850772295 0.425373952222866 0.425490269963331 0.426001864439995 0.427245942764618
-9999 -9999 -9999 -9999 -9999 -9999 -9999 -9999 -9999 -9999 -9999 -9999 -9999 -9999 -9999 -9999 -9999 -9999 -9999 0.419735065004657 0.42903097303816 0.436915666407586 0.422949362766497 0.393367498917463 0.292045866837235 0.138733763814535 0.00768700504125803 0.00118908779208726 0.0761199363482049 0.127532786983765 0.201572403086961 0.23240419475053 0.298196221152864 0.336835289762952 0.349715371234202 0.359925124826177 0.367232336283233 0.372340189549323 0.369833732230954 0.361909210922921 0.365861733392384 0.376521001378325 0.383455579806401 0.389983559394112 0.397353465754602 0.40309044975454 0.408189740061702 0.413891908878345 0.416975879576273 0.418505677947217 0.419660584683927 0.420171219332779 0.421167749269884 0.422378195464466 0.422924247879595 0.423454086881887 0.424678899169968
-9999 -9999 -9999 -9999 -9999 -9999 -9999 -9999 -9999 -9999 -9999 -9999 -9999 -9999 -9999 -9999 -9999 -9999 -9999 0.431638128671173 0.428976071636968 0.431224111194115 0.410484765539352 0.368721318874161 0.256291522292204 0.0965251172728583 0 0 0.0781116811738052 0.156129375003238 0.207807238774478 0.231019779642812 0.289657301448785 0.33310252642399 0.347064552154522 0.357575753247874 0.364895221841129 0.369934199421137 0.372181836272644 0.369557379901006 0.369385431411278 0.375650122873985 0.382078273982691 0.388077905977001 0.394984533679729 0.400732886552853 0.405924034168919 0.41142405096464 0.414480214250509 0.415969576218372 0.41729452009668 0.417871228632164 0.418648014419496 0.419730251784809 0.420197497060187 0.420693658918143 0.422244415226494
-9999 -9999 -9999 -9999 -9999 -9999 -9999 -9999 -9999 -9999 -9999 -9999 -9999 -9999 -9999 -9999 -9999 -9999 -9999 0.452510276901153 0.441923869289809 0.413732880414145 0.399475436223822 0.366127935684085 0.267375170932355 0.132115023650831 0 0 0.100908908177828 0.181814492551977 0.212719457248083 0.224554096051619 0.266610856527706 0.321155683615027 0.344554560672341 0.356506981431855 0.362703856445224 0.367318613871293 0.37209035449727 0.374153450180225 0.373684924905468 0.376399970773816 0.380664061587843 0.385449894957398 0.390750866977881 0.394738426708819 0.400891188474203 0.407193890858884 0.410276589834677 0.412353935851323 0.41399360469041 0.414751584800298 0.415538227337796 0.416402446215765 0.416897916249596 0.417603587692363 0.41901143039678
-9999 -9999 -9999 -9999 -9999 -9999 -9999 -9999 -9999 -9999 -9999 -9999 -9999 -9999 -9999 -9999 -9999 -9999 -9999 0.442684125457618 0.43758990142582 0.421428720339617 0.394583620116575 0.336767466521599 0.251728072004717 0.140048190424292 0 0 0.127218595393495 0.196561852208793 0.214230836277027 0.220123772210349 0.244855567665691 0.298733530152668 0.340683853048645 0.355727732860552 0.361505807993043 0.365536091041667 0.370000838653185 0.372831006160843 0.373080118585932 0.374863429539752 0.37808594089636 0.381789252023392 0.385840345176179 0.389684581317183 0.396465357251687 0.402546791879248 0.405556813490901 0.407967151527522 0.410024853936522 0.410998480905934 0.412072074719027 0.413365597864741 0.414315026903431 0.415000187089002 0.41593137396666
