layers/veg/veg2600.asc
NCOLS 255 
NROWS 330 
XLLCORNER -2985163.8955 
YLLCORNER -3022031.214 
CELLSIZE 25000 
NODATA_value -9999 
[rows 75 to 99 of 330, columns 0 to 56 of 255]
-9999 -9999 -9999 -9999 -9999 -9999 -9999 -9999 -9999 -9999 -9999 -9999 -9999 -9999 -9999 -9999 -9999 -9999 -9999 -9999 -9999 -9999 -9999 -9999 -9999 0.644083539789482 0.635573030884228 0.657397173105504 0.683803276341214 0.698147219148059 0.703791342245353 0.656743649794844 0.504497665693884 0.329955155683638 0.303280130890812 0.302840652999842 0.28936015311425 0.479204744767055 0.64867667670061 0.692486513027812 0.714789442711472 0.728460144873483 0.738330724957124 0.74939733428571 0.758148444632322 0.763648148446861 0.765488458827209 0.763990734980926 0.763292826528642 0.763161625413014 0.761971087431489 0.762747872663121 0.763646286653916 0.763035048981829 0.762974850521481 0.764282338204497 0.764482934078935
-9999 -9999 -9999 -9999 -9999 -9999 -9999 -9999 -9999 -9999 -9999 -9999 -9999 -9999 -9999 -9999 -9999 -9999 -9999 -9999 -9999 -9999 -9999 -9999 -9999 0.645517473592425 0.643567775509743 0.668105845611576 0.691221689855608 0.705932917826894 0.713767884479572 0.704782744290558 0.577160034972074 0.374249447525202 0.303494120003987 0.305291877371196 0.35183880929493 0.506709839895623 0.625660382748696 0.678460257565496 0.717091243537902 0.732192120553826 0.740445443256231 0.745707481498919 0.753082250738709 0.760422023909385 0.763889611851859 0.764535188848023 0.762180222426383 0.761470436291781 0.758393478950019 0.756840938579167 0.759987590691054 0.760395358428467 0.760778774184002 0.761436835910348 0.763085098472916
-9999 -9999 -9999 -9999 -9999 -9999 -9999 -9999 -9999 -9999 -9999 -9999 -9999 -9999 -9999 -9999 -9999 -9999 -9999 -9999 -9999 -9999 -9999 -9999 -9999 0.663091248877013 0.653357250807277 0.663277920199375 0.69531756799546 0.713295799569364 0.722688389270622 0.729249682043352 0.677820066054407 0.524156664779086 0.351914772036472 0.267914867592644 0.32615691322172 0.497412921315622 0.617085598324663 0.669377809492775 0.727567378113909 0.743336503945972 0.749281668398845 0.751639234601532 0.752911102762814 0.754444345685964 0.757174954568088 0.759419050399852 0.761381633837583 0.761221913018999 0.757984916884259 0.757263904057089 0.757062244070551 0.757081145024016 0.758910892056373 0.759422287403292 0.75964218973778
-9999 -9999 -9999 -9999 -9999 -9999 -9999 -9999 -9999 -9999 -9999 -9999 -9999 -9999 -9999 -9999 -9999 -9999 -9999 -9999 -9999 -9999 -9999 -9999 -9999 0.680532570478567 0.679516744308755 0.688057342444944 0.704153497794241 0.717435598964899 0.73804329337029 0.737807091962335 0.669526936722831 0.480827892430294 0.3222204904041 0.322886941993001 0.381516882149251 0.491971938849107 0.648323229174375 0.718960589799001 0.749857881570175 0.753641905226429 0.753025961163866 0.752727255839779 0.752892007873078 0.753641071850634 0.754344927886046 0.755013885607254 0.754849927345324 0.756665664996693 0.758110541696997 0.756455739229601 0.754508442278439 0.752025499431588 0.750986156247489 0.752831619947115 0.75628685062621
-9999 -9999 -9999 -9999 -9999 -9999 -9999 -9999 -9999 -9999 -9999 -9999 -9999 -9999 -9999 -9999 -9999 -9999 -9999 -9999 -9999 -9999 -9999 -9999 -9999 0.68530079497155 0.68748862062518 0.695025667516696 0.712602073827627 -9999 0.737414052817982 0.729997906549506 0.63085546863254 0.441505936502642 0.334105340054832 0.394149505641301 0.500722307045193 0.573366469910235 0.646558930973619 0.710875227704731 0.754356975909679 0.755135444550865 0.753645255921649 0.75275554110015 0.752632191786072 0.753113427852436 0.75240293059218 0.75142207529195 0.751055428131119 0.753189461319473 0.756081066421875 0.755384081650413 0.752991699853203 0.751801145213633 0.750527300395529 0.750758802570757 0.752949971939479
-9999 -9999 -9999 -9999 -9999 -9999 -9999 -9999 -9999 -9999 -9999 -9999 -9999 -9999 -9999 -9999 -9999 -9999 -9999 -9999 -9999 -9999 -9999 -9999 -9999 -9999 -9999 0.702417060360075 0.715476514891456 0.725320639812158 0.721639772648277 0.600624117823431 0.36886841292042 0.323687477697816 0.395963739379581 0.413415905058054 0.509955096093085 0.645501456890053 0.701828353412321 0.741395261829946 0.754893575385452 0.755913155704302 0.754370982385212 0.753927473378138 0.753881931640801 0.753751338453765 0.753521117133191 0.753313071785284 0.753133207611598 0.752862873899948 0.754366093127044 0.756313234776732 0.754956436226291 0.753118945698486 0.751982126784216 0.750282615886521 0.749182830734131
-9999 -9999 -9999 -9999 -9999 -9999 -9999 -9999 -9999 -9999 -9999 -9999 -9999 -9999 -9999 -9999 -9999 -9999 -9999 -9999 -9999 -9999 -9999 -9999 -9999 -9999 -9999 -9999 -9999 0.727020584021539 0.672509880418905 0.554266396695547 0.34822776248403 0.351555638907031 0.399426898447638 0.402865254760742 0.521244435571649 0.646005188479239 0.670647441089263 0.718922784029804 0.744742843150624 0.753793103698601 0.752870691457099 0.752808319015084 0.753359494477967 0.753658986474083 0.7538769655807 0.753694482371732 0.752769734498941 0.752771367995335 0.752983530128211 0.752613946376403 0.752711417418479 0.752112646019319 0.751540154453789 0.749604427335696 0.747390167622426
-9999 -9999 -9999 -9999 -9999 -9999 -9999 -9999 -9999 -9999 -9999 -9999 -9999 -9999 -9999 -9999 -9999 -9999 -9999 -9999 -9999 -9999 -9999 -9999 -9999 -9999 -9999 -9999 -9999 -9999 0.67475236157837 0.497023989730802 0.426571579013414 0.444708845451704 0.388495162608847 0.473567754570489 0.586785647176077 0.586929535180704 0.617726063527646 0.709600787473488 0.736579197704757 0.751953847388805 0.752552766004847 0.752489281601501 0.753114259899433 0.753568949838832 0.753535501223954 0.753019137475902 0.752390499721596 0.751879376670414 0.751647562389525 0.751618765406438 0.751111800292795 0.750130543399931 0.749288714772064 0.747651513980902 0.74588797400124
-9999 -9999 -9999 -9999 -9999 -9999 -9999 -9999 -9999 -9999 -9999 -9999 -9999 -9999 -9999 -9999 -9999 -9999 -9999 -9999 -9999 -9999 -9999 -9999 -9999 -9999 -9999 -9999 0.716307766954599 0.724777609424702 0.705014765772626 0.585956586825824 0.488909629126766 0.449040016351837 0.383102932647089 0.482172525195938 0.622968011472063 0.629594019140421 0.661628194879145 0.72781698497766 0.740734463180301 0.744160448059635 0.752277224659858 0.752575081247783 0.753021618347922 0.753555486077196 0.753564974331605 0.752551826321098 0.751939573830136 0.751448808267569 0.750769744126797 0.750201392388376 0.749442592403092 0.748748940076133 0.747989237872706 0.745982198313872 0.742393909190516
-9999 -9999 -9999 -9999 -9999 -9999 -9999 -9999 -9999 -9999 -9999 -9999 -9999 -9999 -9999 -9999 -9999 -9999 -9999 -9999 -9999 -9999 -9999 -9999 -9999 -9999 -9999 0.707640742960083 0.714633126142508 0.71617718360315 0.675225736885304 0.544767963060212 0.423230128294405 0.398111379700028 0.446395028498976 0.537542489998225 0.577520694684485 0.599948774487491 0.643744620602813 0.696158639365247 0.722603994633391 0.725597447116756 0.750324164508953 0.751916390757249 0.752701169010128 0.75330443762858 0.752868679555796 0.751701524562859 0.750762607171068 0.750050811633995 0.749463735947892 0.74904157843319 0.748361510567207 0.74720123335846 0.745693560790619 0.744040998897716 0.740516571974618
-9999 -9999 -9999 -9999 -9999 -9999 -9999 -9999 -9999 -9999 -9999 -9999 -9999 -9999 -9999 -9999 -9999 -9999 -9999 -9999 -9999 -9999 -9999 -9999 -9999 -9999 0.69621319651546 0.699099814384247 0.695412112889448 0.683446435650643 0.650688142146071 0.584340592110757 0.469899125278082 0.416017961971526 0.497613165956732 0.581705102287521 0.570296375442648 0.572511501756518 0.636630647050366 0.693337504311849 0.721388409381541 0.719855198812258 0.747210493163256 0.751721871215627 0.752576972073322 0.752820720710098 0.752274640983231 0.751277093302096 0.750150596386864 0.74917966270005 0.748406431902927 0.748051568708753 0.7475940025018 0.745958507944362 0.743730696389427 0.742277783905078 0.740375734170851
-9999 -9999 -9999 -9999 -9999 -9999 -9999 -9999 -9999 -9999 -9999 -9999 -9999 -9999 -9999 -9999 -9999 -9999 -9999 -9999 -9999 -9999 -9999 -9999 -9999 0.68270333943926 0.67667034471868 0.671473655819502 0.665794589444795 0.639963693314259 0.582053946562138 0.553508613009971 0.55592533748949 0.482155873819395 0.471289525147938 0.53394556497147 0.547424761118608 0.613923204440895 0.647809988771175 0.694100811426521 0.732291823259788 0.73325247097061 0.745138203251873 0.752128750618214 0.753289442628466 0.753648145566858 0.752726759815248 0.751488304534489 0.750392483539463 0.749644165743131 0.74869305678695 0.747477838031234 0.746185637318604 0.74420869430579 0.742024162071819 0.740418063256516 0.738297067174294
-9999 -9999 -9999 -9999 -9999 -9999 -9999 -9999 -9999 -9999 -9999 -9999 -9999 -9999 -9999 -9999 -9999 -9999 -9999 -9999 -9999 -9999 -9999 -9999 -9999 0.680608635870371 0.652706646431017 0.624617717591555 0.639559833260881 0.652364153558614 0.61125914478051 0.538694328792832 0.492013588523883 0.462488540390373 0.441525267173264 0.497764894985384 0.58427687197342 0.640302632852495 0.688341932667234 0.714128325651217 0.724352621483963 0.728629603996366 0.750970089912358 0.752797938443782 0.753231798007306 0.752945257453476 0.753101973570836 0.752553943437422 0.751645428042488 0.750304513936462 0.748189080616003 0.746082763178908 0.74437183055353 0.742179555573168 0.740488686601458 0.738441976872173 0.735848494814375
-9999 -9999 -9999 -9999 -9999 -9999 -9999 -9999 -9999 -9999 -9999 -9999 -9999 -9999 -9999 -9999 -9999 -9999 -9999 -9999 -9999 -9999 -9999 -9999 -9999 0.658910416881738 0.634489760223448 0.635617246955556 0.675495014603987 0.682995828642368 0.634217268036478 0.54924640581876 0.45960081780156 0.441329316226311 0.49340462304934 0.493323032598278 0.510262176312326 0.600885035781135 0.676446661004019 0.713991851165915 0.707580871679686 0.708880112671062 0.747809188319999 0.753139206816861 0.754067850341874 0.754004717947586 0.753924839017565 0.753038917230477 0.751641882537757 0.749908920844094 0.747170653514824 0.7451318932431 0.743139609142601 0.740256661658615 0.738157230407545 0.73659969622052 0.734249360919996
-9999 -9999 -9999 -9999 -9999 -9999 -9999 -9999 -9999 -9999 -9999 -9999 -9999 -9999 -9999 -9999 -9999 -9999 -9999 -9999 -9999 -9999 -9999 -9999 -9999 0.65080884334986 0.642284475402404 0.674069070144459 0.687863735230826 0.677522103132997 0.613862253489449 0.528614705525465 0.414516317277807 0.373029254289514 0.476645128989943 0.531401068611996 0.555631260276796 0.608120918440193 0.67457875431962 0.707563267995609 0.687725810359149 0.669191232827992 0.71641457285799 0.747568188328668 0.750381186667984 0.750319715879433 0.750304781206377 0.751630053613666 0.750936758957418 0.748826183550415 0.745764349775874 0.744074753188749 0.742400989406597 0.739340807495733 0.736923368001767 0.735324631739634 0.732952734104823
-9999 -9999 -9999 -9999 -9999 -9999 -9999 -9999 -9999 -9999 -9999 -9999 -9999 -9999 -9999 -9999 -9999 -9999 -9999 -9999 -9999 -9999 -9999 -9999 -9999 0.670953933326484 0.674015858405291 0.690829482180227 0.694323497509894 0.691679723223442 0.61449685698994 0.501994170292416 0.421098949926481 0.381217667165616 0.468793123558954 0.531776433993191 0.542660175482171 0.594712981588869 0.641765280873322 0.650271659704561 0.64248655433886 0.620860731445 0.648579415600838 0.698652547014208 0.718268349674072 0.738722370884901 0.746020324033951 0.747794220332624 0.74970231875021 0.747100425993207 0.740756385727891 0.739589546818599 0.740612564057909 0.738777010310507 0.7367132849101 0.73438294377628 0.731167428331183
-9999 -9999 -9999 -9999 -9999 -9999 -9999 -9999 -9999 -9999 -9999 -9999 -9999 -9999 -9999 -9999 -9999 -9999 -9999 -9999 -9999 -9999 -9999 -9999 -9999 -9999 0.683840287943121 0.692680997177717 0.692390938569899 0.694363058880884 0.675333860172009 0.602032781556976 0.470457672672214 0.351392135006772 0.404214988205523 0.532872694764324 0.593493420403361 0.603783129828367 0.600988215029564 0.600185352483086 0.5715675438918 0.5763192313935 0.610308189860237 0.643130308839362 0.652247930297338 0.690559212259333 0.746128106839645 0.747953041882348 0.749053711078454 0.7463475498223 0.737313352106297 0.736560102572289 0.739388738413518 0.738308893982619 0.735760748295358 0.733024074335688 0.729961106781889
-9999 -9999 -9999 -9999 -9999 -9999 -9999 -9999 -9999 -9999 -9999 -9999 -9999 -9999 -9999 -9999 -9999 -9999 -9999 -9999 -9999 -9999 -9999 -9999 -9999 -9999 0.683423091911392 0.694183469793727 0.694160729740677 0.687755491222608 0.688110337853787 0.672098484710659 0.545419936731008 0.424251536565476 0.483741941666045 0.556091415530226 0.610238743848467 0.629505189222365 0.551908632013932 0.500316606564965 0.515594627962707 0.566530287172578 0.621406183165812 0.63955667093262 0.637583890205332 0.659517902566309 0.722475676370858 0.750653214859041 0.751471510401129 0.746185725416827 0.739233694475119 0.737678047348113 0.738486526620244 0.737244050944113 0.733716788866518 0.731440073392396 0.729031957523027
-9999 -9999 -9999 -9999 -9999 -9999 -9999 -9999 -9999 -9999 -9999 -9999 -9999 -9999 -9999 -9999 -9999 -9999 -9999 -9999 -9999 -9999 -9999 -9999 -9999 -9999 -9999 0.699347085789557 0.702223910662397 0.698406387343723 0.695037910434323 0.68188928107176 0.585280113996868 0.480875195913761 0.461185578284942 0.450207498095607 0.540840725727639 0.637275074004585 0.612789980035108 0.523187827960386 0.446125884751231 0.44691307906288 0.482312539375841 0.598298404189921 0.648314175087586 0.608626754833159 0.648997601058506 0.731319308915948 0.748037279438532 0.74648705013592 0.741000385982009 0.737658673497141 0.739004449551409 0.737285357967323 0.733577167439163 0.730236157959188 0.726832324822819
-9999 -9999 -9999 -9999 -9999 -9999 -9999 -9999 -9999 -9999 -9999 -9999 -9999 -9999 -9999 -9999 -9999 -9999 -9999 -9999 -9999 -9999 -9999 -9999 -9999 -9999 -9999 0.695491264332047 0.706421699660414 0.710100689566135 0.711934605889719 0.71084457250794 0.678941694114193 0.552645364478837 0.47632140614108 0.526428464315396 0.561923641558959 0.584281595671648 0.517682758086214 0.43515929031476 0.445530589405488 0.430653001199214 0.376050646044517 0.466340406797903 0.576802290619925 0.593584366952878 0.646244260922442 0.692261737324283 0.71725149615863 0.741392604282636 0.739972002506425 0.73734778272364 0.73942787677378 0.736686671627171 0.732859707844776 0.728268091384309 0.721602210812774
-9999 -9999 -9999 -9999 -9999 -9999 -9999 -9999 -9999 -9999 -9999 -9999 -9999 -9999 -9999 -9999 -9999 -9999 -9999 -9999 -9999 -9999 -9999 -9999 -9999 -9999 0.680452640141442 0.693765064141254 0.706116805492543 0.711387620779089 0.714228103223802 0.709175449358521 0.689338547456156 0.563218197908875 0.448093927406168 0.516878534028227 0.552433643276583 0.565531219533224 0.566726546833437 0.48287779450874 0.4633149743851 0.461942845551562 0.445780284392156 0.496693629310309 0.544493756280849 0.588582986366231 0.665731453299448 0.702445111067196 0.697958103868763 0.712264124854685 0.730633735119668 0.734623885885233 0.738502748587565 0.737181277103505 0.732609559422582 0.72645870077471 0.719090992344772
-9999 -9999 -9999 -9999 -9999 -9999 -9999 -9999 -9999 -9999 -9999 -9999 -9999 -9999 -9999 -9999 -9999 -9999 -9999 -9999 -9999 -9999 -9999 -9999 -9999 -9999 -9999 0.679707824661243 0.704764413687939 0.712981279235843 0.718433886004214 0.720022035642247 0.719405674237756 0.646332378610727 0.513371110286637 0.462113015988985 0.462303580652285 0.450116390166783 0.431049437256339 0.4841676230582 0.510016506730174 0.465199060340961 0.506223244006047 0.567242578767843 0.622604528818177 0.673372711585329 0.712776903950664 0.731830604159206 0.719049657498812 0.688303145104036 0.681187594656622 0.705464837064441 0.735146994023095 0.733283283430131 0.727425726975607 0.720808203309468 0.714054444981839
-9999 -9999 -9999 -9999 -9999 -9999 -9999 -9999 -9999 -9999 -9999 -9999 -9999 -9999 -9999 -9999 -9999 -9999 -9999 -9999 -9999 -9999 -9999 -9999 -9999 -9999 -9999 -9999 -9999 -9999 0.719765579325764 0.726344498877492 0.715344165193016 0.705442170411192 0.677718813361584 0.589201084325673 0.498963894944681 0.422403221122019 0.363510173918851 0.429780049172249 0.522712439856641 0.464894086007588 0.463081535941038 0.572258421120982 0.660815384659952 0.69982447017529 0.726497461260629 0.75205219306935 0.731061819034849 0.691285142796602 0.672061037623534 0.694786854535951 0.735764888024889 0.727802708388514 0.717547362000966 0.709879444713206 0.705041846789753
-9999 -9999 -9999 -9999 -9999 -9999 -9999 -9999 -9999 -9999 -9999 -9999 -9999 -9999 -9999 -9999 -9999 -9999 -9999 -9999 -9999 -9999 -9999 -9999 -9999 -9999 -9999 -9999 -9999 -9999 -9999 -9999 0.731974667866348 0.728473577460211 0.70567255983547 0.599173570026764 0.426499067869389 0.340713703968686 0.321943518548409 0.352700389311726 0.466810471424762 0.445760939504199 0.392485879557439 0.525293271581124 0.674912074720323 0.743841233742053 0.754001705383845 0.753875673227222 0.724296321398949 0.705176960872085 0.723660215081698 0.740502014398582 0.741327913698758 0.733356439780432 0.71282947539562 0.703768251895283 0.702213233974519
-9999 -9999 -9999 -9999 -9999 -9999 -9999 -9999 -9999 -9999 -9999 -9999 -9999 -9999 -9999 -9999 -9999 -9999 -9999 -9999 -9999 -9999 -9999 -9999 -9999 -9999 -9999 -9999 -9999 -9999 -9999 -9999 -9999 0.733275161565214 0.721473231263432 0.649293432606095 0.535409683122695 0.460632216303111 0.420190406762169 0.398415956110374 0.420666217057122 0.486419350061721 0.459158902334302 0.48197427634021 0.653342378994859 0.732831179538979 0.75539016374696 0.746099440737863 0.708237720910609 0.692470903952751 0.717895235525744 0.730460586373123 0.739839751567248 0.739097080902073 0.732109637066122 0.721360153684326 0.712656185762426
