layers/veg/veg2000.asc
NCOLS 255 
NROWS 330 
XLLCORNER -2985163.8955 
YLLCORNER -3022031.214 
CELLSIZE 25000 
NODATA_value -9999 
[rows 75 to 99 of 330, columns 168 to 223 of 255]
0.752684617082256 0.744872371647052 0.736678572272613 0.726112092600735 0.718947974227613 0.711176602928702 0.701464660406076 0.693218191451845 0.684592708135724 0.675558281388709 0.669330911910171 0.664818238067697 0.660903240448886 0.656729450003305 0.651935153097 0.647467997765438 0.643714434247173 0.641244535768926 0.636808265884806 0.631810459180786 0.63004561448509 0.629240159004982 -9999 -9999 -9999 -9999 -9999 -9999 -9999 -9999 -9999 -9999 -9999 -9999 -9999 -9999 -9999 -9999 -9999 -9999 -9999 -9999 -9999 -9999 -9999 -9999 -9999 -9999 -9999 -9999 -9999 -9999 -9999 -9999 -9999 -9999
0.751540303220997 0.743428283103018 0.735499919747652 0.725821708910455 0.718201436963558 0.710642899233485 0.703103253694557 0.695519782160693 0.683844926895853 0.673950828219212 0.669909119001075 0.665916268519706 0.659849962856992 0.653959657088926 0.651356603734496 0.649404833028076 0.646613261466393 0.641728137762807 0.63687893180622 0.634170527289543 0.630737164712581 0.626496405067838 -9999 -9999 -9999 -9999 0.614929551920744 -9999 -9999 -9999 -9999 -9999 -9999 -9999 -9999 -9999 -9999 -9999 -9999 -9999 -9999 -9999 -9999 -9999 -9999 -9999 -9999 -9999 -9999 -9999 -9999 -9999 -9999 -9999 -9999 -9999
0.75124162772724 0.742630522587999 0.733965769977516 0.725053507548752 0.716989868522283 0.709105738711749 0.699245366230361 0.69028704185136 0.681682603308096 0.671213716043601 0.668109844911981 0.666570459686131 0.657832631594135 0.650849309742986 0.648248346671041 0.647579864137914 0.645322450179173 0.641204009976533 0.636516676981437 0.634424188933668 0.632281304349848 0.62762844139758 0.623957609270046 0.618335327456263 0.616652173858261 0.614387509987624 0.614615503655607 0.610966364238892 0.608691385309311 -9999 -9999 -9999 -9999 -9999 -9999 -9999 -9999 -9999 -9999 -9999 -9999 -9999 -9999 -9999 -9999 -9999 -9999 -9999 -9999 -9999 -9999 -9999 -9999 -9999 -9999 -9999
0.750523880807277 0.742009190146002 0.733629848972907 0.723746309342777 0.716484060826834 0.708217669904073 0.696858916234995 0.688299747021743 0.678652924054634 0.669262327531901 0.667526539143811 0.665435687540367 0.657063720288056 0.651438190483212 0.649558214122828 0.647876905229112 0.644208244097966 0.639810510963417 0.636765951373245 0.634630535731351 0.631467210483185 0.626893198874754 0.622261744373001 0.618171905302032 0.614316351620281 0.612875470570271 0.611248108464974 0.608976561596021 0.60867655887877 0.609090016226445 0.607543854909856 -9999 -9999 -9999 -9999 -9999 -9999 -9999 -9999 -9999 -9999 -9999 -9999 -9999 -9999 -9999 -9999 -9999 -9999 -9999 -9999 -9999 -9999 -9999 -9999 -9999
0.749306970617666 0.740897947876329 0.732809956524778 0.723966661185673 0.717518956116972 0.708651521383675 0.69729415022756 0.688139520434196 0.680381385663117 0.671827386195057 0.666737861661758 0.664679595101404 0.657464103989883 0.653191477459801 0.650622146542013 0.647081255565386 0.642608966779477 0.639488985008434 0.636439916781153 0.634262084357414 0.631549160274849 0.626572904642543 0.622096559437053 0.617115110064704 0.612136778794868 0.610299806814055 0.608281981076328 0.607333644212079 0.607879357092904 0.607922819171382 0.606928088421016 0.603736306196823 0.60112336741577 0.600306085668256 0.59958191229255 0.599425992327096 0.598082972472383 0.59736622324845 0.596690082568597 0.596074277404107 -9999 -9999 -9999 -9999 -9999 -9999 -9999 -9999 -9999 -9999 -9999 -9999 -9999 -9999 -9999 -9999
0.748016817147086 0.739583579993347 0.729245170131692 0.718114692464068 0.710622324071446 0.703612496950859 0.693521786543289 0.686205706322837 0.68243313903312 0.675733917412842 0.666577680877652 0.660743915139987 0.657092508778924 0.653294444315133 0.650737702817554 0.647486702582489 0.644925567484753 0.641858101853252 0.637603946430231 0.63385190396601 0.629822034293798 0.624229347577859 0.620182047303383 0.615466681982073 0.609294705830907 0.606407521821699 0.604948724014223 0.603411001227143 0.601085139830545 0.599898824692986 0.600434328859412 0.601347415525871 0.600907468624147 0.599948842132679 0.599351984864382 0.599142119802326 0.597799141718832 0.597057793686988 0.596384933590773 0.595854620354363 0.595036540974734 -9999 -9999 -9999 -9999 -9999 -9999 -9999 -9999 -9999 -9999 -9999 -9999 -9999 -9999 -9999
0.746792042708206 0.739093269803278 0.73015424803973 0.719957548533586 0.712056683506044 0.703364189492588 0.69329081159437 0.688000351902183 0.682704808414402 0.671423733651058 0.660380764237009 0.657709628077094 0.657459447153982 0.65459920813689 0.651697492187071 0.648362581585647 0.644424757444146 0.640478257657558 0.636505615947421 0.63279020765718 0.627656572752111 0.620956813036846 0.617229164315589 0.615000249522061 0.610335155880131 0.60622692242722 0.602904605869937 0.599576899763066 0.597546085995259 0.596988935485177 0.596678598202556 0.598771944831357 0.598449165733524 0.595390768343107 0.595976447729432 0.595728904330954 0.594511900243587 0.59375672665649 0.593128507528386 0.593446138083902 0.593875822440904 0.593031137428629 0.592491598815659 -9999 -9999 -9999 -9999 -9999 -9999 -9999 -9999 -9999 -9999 -9999 -9999 -9999
0.747979293876139 0.738627846278742 0.726932526459402 0.713822688426003 0.707045665067798 0.702776676245882 0.69142767257855 0.681933289790768 0.676082386153766 0.66608151772159 0.651102109056815 0.648527911503745 0.652478099049433 0.652047952305541 0.649285634906031 0.647158686032402 0.643356460797995 0.639159161423873 0.635762708292347 0.631455548994696 0.6261402027031 0.620269539032355 0.615791154275078 0.613757821971216 0.609038519033268 0.604004616443458 0.601965564948229 0.599202826680421 0.598975927071811 0.600009332496572 0.599925783192694 0.599569831207715 0.594994113287598 0.585013908159349 0.58283263355703 0.586323747336672 0.588647157470162 0.590413261767487 0.589780443724281 0.590199663515047 0.589519184156843 0.59046971223082 0.592247679671162 0.592261634512891 -9999 -9999 -9999 -9999 -9999 -9999 -9999 -9999 -9999 -9999 -9999 -9999
0.746181088427006 0.736119579537666 0.726604207576743 0.710359848019657 0.701220866588329 0.697215881385058 0.686727325336135 0.682982348817187 0.674668876243161 0.66053610721492 0.652115365308151 0.64958922213163 0.650581921964976 0.646769579232217 0.645542666941695 0.644102618288972 0.64084303642421 0.638372151997321 0.634681418387147 0.630490187831321 0.625467346035305 0.62062675179419 0.615460839694059 0.611024678600657 0.609248871916013 0.605063911173625 0.600383087046763 0.598521335536034 0.600634589782057 0.599717930048534 0.596283149977194 0.597374520206145 0.592662242778207 0.583138696994576 0.561591414300319 0.552022054403397 0.575678937869368 0.581588793142961 0.579337740695007 0.581265103195736 0.584538081454502 0.587807219968841 0.588374765230188 0.588406108608332 0.589300846438424 -9999 -9999 -9999 -9999 -9999 -9999 -9999 -9999 -9999 -9999 -9999
0.742316895000437 0.731273131892298 0.723558617971338 0.710076347360161 0.695332805404362 0.688242366807767 0.683290388586339 0.676371901097884 0.667250705497419 0.660682332607567 0.655809001616602 0.649350677837715 0.641480719704173 0.639284517376405 0.640233695116442 0.638889877252372 0.638117298173521 0.635747836595142 0.632462676978827 0.628590356071881 0.623389350848134 0.617344690332637 0.612228000534823 0.608402489177548 0.604850198124867 0.601716196036306 0.59952759016171 0.597927491396048 0.596965318025787 0.594560546697876 0.592972708443359 0.594566065777974 0.590907086072206 0.582774016511845 0.569130085407712 0.541403385913909 0.55009059627026 0.572795720877409 0.567949911287734 0.578017816012683 0.582730182538247 0.577914311658628 0.573094431460715 0.578765877114418 0.589266342038493 0.58994848883422 -9999 -9999 -9999 -9999 -9999 -9999 -9999 -9999 -9999 -9999
0.738827089192659 0.726172959748914 0.719812948293223 0.708932873216733 0.695826245331787 0.683620175637819 0.676118841024269 0.671782567712827 0.665805035929508 0.658563479257283 0.649354550373125 0.639760945572687 0.629298364646538 0.626592624110254 0.629293191902857 0.631185661996009 0.633316285122587 0.632488773571398 0.629150069913456 0.625100492222319 0.620117375528724 0.614452748297698 0.611267129563026 0.608268360069463 0.601466530473291 0.598593857027772 0.598678521601668 0.597158398007052 0.59456783634847 0.592494088919549 0.588653044763041 0.587345020750262 0.588647098637672 0.583802550972987 0.575411495546914 0.541976750549748 0.536486406475365 0.573902944980539 0.580439938166527 0.580436258093204 0.577198650409001 0.571163324837855 0.565547283355572 0.575707611055223 0.58844177880879 0.588282765694232 0.589975529534961 -9999 -9999 -9999 -9999 -9999 -9999 -9999 -9999 -9999
0.742343129079104 0.730440521590879 0.715660599003373 0.702330429233274 0.694424118339634 0.682589978310525 0.674810376679094 0.668709187079757 0.660169825906712 0.652324227708483 0.645967703535629 0.640740497937451 0.629668458820219 0.62916489990257 0.626199948916199 0.623028772230962 0.626538323755681 0.627614555880803 0.624813636399289 0.621077714334599 0.616803327396096 0.609319121135313 0.607534587963341 0.606475034097079 0.600413371249093 0.596482164946238 0.596393743291117 0.596667102811463 0.592875937352617 0.590133921194001 0.587208979957562 0.583677952525029 0.580793802278775 0.578257936264719 0.573941730836222 0.537542259950494 0.528822317307482 0.568971998361147 0.577159429501265 0.574819286473821 0.568192318417085 0.565641383916173 0.569828135432139 0.578443885074799 0.582020329391709 0.582891161742905 0.58791984261983 0.589574030548859 -9999 -9999 -9999 -9999 -9999 -9999 -9999 -9999
0.745719098623871 0.736836709405567 0.727664535515682 0.713542100136414 0.699192780032791 0.684982465084645 0.669681735714763 0.659052354108907 0.654372585141918 0.650889411631216 0.644721406447426 0.636407845400743 0.628261032986068 0.627453984791122 0.622386607150205 0.618761014357222 0.614909341546566 0.612895316884698 0.616327430512781 0.616533006180336 0.609693345717816 0.604437083916097 0.603757188142798 0.603273066613619 0.59944281903232 0.594744484343209 0.592694232100903 0.593243906537823 0.590579161373082 0.587823023861214 0.584627629173758 0.579010624074861 0.561022460510823 0.544147070734705 0.541588290229211 0.525373615054115 0.531167730300662 0.563237389048135 0.570833679893287 0.567066074735234 0.562456330084103 0.554925379052068 0.560742682920177 0.574062426630019 0.56440217095052 0.559499563022109 0.577751011091423 0.58744040211582 0.587990806602723 -9999 -9999 -9999 -9999 -9999 -9999 -9999
0.74403518359643 0.73569920971812 0.726824945076407 0.715061407861401 0.70678633791404 0.697677899864864 0.682478838546585 0.663037118828873 0.6511498438736 0.646613288053134 0.635786056673338 0.630649554714162 0.62861348187731 0.623976459279276 0.621942705824901 0.616446496986735 0.609593338278197 0.610530275720769 0.614642924447432 0.61203525923792 0.603691819605309 0.600314826598932 0.598306614554626 0.597464297813223 0.596366685690907 0.594379110807118 0.591987918834498 0.589532005067547 0.584272928902204 0.581939778442954 0.580226485656827 0.5714512145287 0.559519300939874 0.554834962219772 0.556040506165846 0.53626306505667 0.53706401436345 0.562075138764795 0.557067226728841 0.550917276238957 0.54975698015606 0.526208087321989 0.527768997277231 0.557086819177844 0.552499145795536 0.561644522283084 0.581168041115088 0.586037535093493 0.587157707897293 0.587967253566044 -9999 -9999 -9999 -9999 -9999 -9999
0.738712038149225 0.728763478548276 0.721274031660348 0.71131752043487 0.700550053496964 0.69193754887604 0.683456380746636 0.673202044485841 0.659022805409074 0.64485079880599 0.635505536521064 0.633673857779789 0.634745858578383 0.630667625460869 0.620442324251136 0.610735630513029 0.609912409625976 0.611542655257118 0.610208195223996 0.608708708986429 0.602380533030793 0.596911945497843 0.596061342727242 0.596005713430042 0.592638816327831 0.586765306863329 0.587839772260602 0.588170124380696 0.580847730722222 0.578469204910119 0.578729175682996 0.573102452690123 0.564709983519635 0.557161735455403 0.553605474971575 0.545427033426206 0.541361155738578 0.554045635852107 0.551200914062281 0.529014859941276 0.517065476109456 0.534409968991637 0.548122561580583 0.559464552406176 0.570099165033787 0.575147858444802 0.580715131065098 0.584235682017262 0.585746650178425 0.588547543192739 0.588325577486518 -9999 -9999 -9999 -9999 -9999
0.731895615413993 0.720963710170527 0.714084290408124 0.705360056097581 0.691634918244783 0.68219628501161 0.677536936108862 0.669184507435392 0.654805886224216 0.643734183042938 0.639883422444682 0.635953101579695 0.631426293676044 0.62450941741493 0.617876685517548 0.613998912800287 0.612261811409139 0.610053236385696 0.604365214538738 0.599075318567383 0.595103292677804 0.593117158527511 0.591702224739364 0.589020676380512 0.583900116505448 0.581074918438842 0.584394179086233 0.585963364240909 0.582543351364052 0.577940054028528 0.574887444173868 0.572599093295712 0.566183373471269 0.558625766628686 0.550674558136827 0.540440066478153 0.543732210293774 0.551401225106412 0.542707466477681 0.52980425886785 0.53191838709769 0.545362746798407 0.550772550739298 0.558100503180942 0.567827402625689 0.57274994170426 0.577678294163604 0.581411559211069 0.583823043684241 0.587861334791141 0.588163997621324 0.587103384255209 -9999 -9999 -9999 -9999
0.725091642721299 0.712788396442431 0.705521479602278 0.697917874905993 0.683264545701698 0.677237786141312 0.673808306707183 0.665856010054867 0.652091094201397 0.638820994140974 0.631783470904087 0.626727874572093 0.623002694935877 0.618127748275072 0.612805212278845 0.608513101323571 0.60493585029094 0.600839430956315 0.596416889532399 0.588637324859297 0.58529363116395 0.587722404753436 0.587686311496227 0.585051216482706 0.58055417735739 0.580887991426053 0.582571384860176 0.578254957154207 0.578700473230249 0.578125214349152 0.575513782812036 0.571266236470626 0.558782022638755 0.548125322553972 0.532731385393958 0.527004855798454 0.543664253234411 0.549271715991339 0.538763733026343 0.533188427246879 0.542575784898794 0.55176864519382 0.552779552417681 0.555835880771485 0.566610643489791 0.570825707439596 0.575269767925287 0.580577203505718 0.583067950446618 0.586436129827598 0.585940691977555 0.586000013755437 0.588363378259892 -9999 -9999 -9999
0.719223267387436 0.697609111456714 0.686933123177591 0.691113804866391 0.676065307194871 0.670631915251435 0.669083067958122 0.661656490148331 0.650033145274703 0.636613839521986 0.625380509064257 0.620344263350718 0.614161348097267 0.603382081966899 0.601337476382202 0.600685104671782 0.596082719206765 0.592434322759465 0.587214733773535 0.577590623345678 0.573577686587556 0.578973224644648 0.580751640215926 0.580558253013046 0.578917147489016 0.579918751192902 0.577296975316165 0.567943287212167 0.570070176021816 0.577889206427706 0.574912558012114 0.568053496530603 0.55534222245917 0.544745098943092 0.53334717140755 0.527660436394296 0.541453221995295 0.547605143611752 0.543953249693716 0.529015729027826 0.517574876662555 0.535731967535085 0.556632143899004 0.56446790197883 0.570021499396191 0.57629872418948 0.580757549080012 0.581642512585052 0.581684363090592 0.580137182391712 0.579821000672283 0.584204887249333 0.581779006518059 0.581611662552652 0.590080195489036 0.589961982091448
0.711934307389508 0.701817733492801 0.692210454309605 0.681489291416258 0.664564181928652 0.660746610529731 0.65977984404759 0.651988775760124 0.639266403550053 0.626788923689415 0.621231001193167 0.615734791732935 0.602490728217611 0.592643483339199 0.591635538773635 0.588693123639883 0.582046286234336 0.57968882264629 0.577638985505654 0.578367021550032 0.58066118805476 0.573090060870362 0.572678512870174 0.571636940456582 0.573533367984665 0.577648039363343 0.571527861455288 0.564030348374243 0.566071438801654 0.568938930054184 0.568470609428156 0.56183579132418 0.550719627478723 0.536991992526802 0.518887638594368 0.513428367397877 0.530021049180134 0.539263454333617 0.531579352692589 0.529090476723709 0.537104480933613 0.548342329795269 0.560449807216275 0.565339639521044 0.568512299135491 0.571910343638767 0.576884721778094 0.579578201845918 0.577092211601522 0.577009026014753 0.580768456229284 0.581161652157324 0.576891220469931 0.581983202059481 0.589571410853081 0.589300179565202
0.704628813236098 0.695675234887984 0.684816322020416 0.671190063221464 0.655239574640053 0.651596073363124 0.651620310429813 0.645402618022466 0.63251487266633 0.615294795446848 0.610136406255939 0.602659295090335 0.584457827457764 0.576259075916573 0.5777181227298 0.571713607766522 0.566085264162956 0.564381844132572 0.56707470336532 0.57194619058808 0.567613500452984 0.559648722592112 0.55881124785446 0.557007947032953 0.566805661472011 0.570974261311085 0.569287504818783 0.562177472720958 0.556241407564783 0.563510396018921 0.562431100520687 0.548805504523614 0.537502970925186 0.529823746407569 0.511348320271749 0.506888168374013 0.520778834228916 0.531510115625635 0.53133525007482 0.529998081028513 0.540942171405763 0.552564451224332 0.556726147855602 0.561048591020907 0.567337697912162 0.568487845694561 0.569810442840204 0.573959115205015 0.572627100087101 0.578959212634398 0.581638101268949 0.57955897615984 0.582215486062061 0.585391235852552 0.58412308931179 0.5821353717833
0.695974662898245 0.68901017710621 0.67781481403962 0.665410523865011 0.651222039668554 0.646273871943539 0.645387576611966 0.636230066601172 0.623608915266534 0.608193944789995 0.601319164985884 0.598448005257421 0.58503552275496 0.572354848179072 0.569149897436975 0.562031752377681 0.559893539216879 0.559551675583288 0.560582056310651 0.56631127131501 0.56648324544879 0.561244869863106 0.558298751004732 0.55638764990849 0.561410179983287 0.563856453968706 0.568164101400384 0.56019608321729 0.550951146452053 0.558238842067066 0.558241160024767 0.546840864713284 0.535910528787403 0.525270139583311 0.509472658267255 0.507583546048759 0.519193982417755 0.531420484286781 0.531706342849902 0.529780246871879 0.53129379362916 0.539651643323079 0.55343954010031 0.561454571982376 0.568239120758261 0.565373552331678 0.565530373713273 0.570959307738369 0.571555495523809 0.577680764618034 0.579451641605974 0.579943622562812 0.582764946983717 0.582291948409193 0.578869116639945 0.574277720843709
0.682576246474067 0.670736003289505 0.662327743187317 0.657364076605677 0.650876295941197 0.647427725274471 0.636301062453942 0.624999085509905 0.616114506992293 0.601810372215934 0.588504869703895 0.581477515574458 0.580392286282069 0.579241783347774 0.576234614935454 0.573231562357296 0.573076085104809 0.574092152131914 0.568528285440187 0.56488147827401 0.56568347983562 0.566041045731514 0.566006872956607 0.56474742684682 0.564083229128377 0.565583428568452 0.565966340474421 0.563739248910525 0.556139697033452 0.547258386095724 0.540980575901308 0.53124085199221 0.528538843261703 0.52308371134796 0.508158871727467 0.505768057120494 0.520652687999549 0.531441099467637 0.533964628998549 0.534340299944303 0.53683224299171 0.54600265237805 0.552821594119245 0.558498479875198 0.563492800047177 0.554809178118953 0.551696342379771 0.560902194888749 0.559005503339365 0.563714743931455 0.570369650635132 0.571869044756932 0.572870114452103 0.572898676961642 0.565135212607024 0.556841580338184
0.66907559120598 0.657900597760946 0.652072690519141 0.651059842067281 0.647633159593398 0.643268190792579 0.63416679713604 0.622677144581977 0.606640784232029 0.587955764433657 0.58070748067812 0.580270158717497 0.579133356029991 0.577219871768485 0.58214188656142 0.58117775590028 0.580006540336227 0.576602710115952 0.570692974075192 0.567932209723685 0.564127863578983 0.561188647916776 0.564349161712822 0.566165875765866 0.564962714907972 0.559865488789182 0.556963688031615 0.560295778553876 0.561856728913575 0.554695196952649 0.53757532134322 0.522969305721115 0.521820400925378 0.520243274573286 0.506608236852513 0.496231613859901 0.506514141979458 0.520130811161152 0.525203530183297 0.537297082571175 0.542970506935434 0.547448631021706 0.554973421661198 0.558373968929145 0.552712563731283 0.536057115474571 0.543057378174972 0.557587079705941 0.551021760492697 0.554723527952143 0.568896168954011 0.569468974572732 0.552592877367642 0.535306844655475 0.531377820182283 0.540609664378929
0.660952964816189 0.653288584659917 0.650779431372514 0.646610362778054 0.644180664583619 0.640408324197515 0.63235659060905 0.623175374982108 0.61250186533386 0.600160706642599 0.590548339515814 0.589670517359301 0.589271112717717 0.585805310335146 0.581592456637697 0.575424252964801 0.570187303944936 0.565910347769938 0.562780798760569 0.554843320504644 0.546832583528885 0.549377588436193 0.558017522601352 0.55955791936788 0.557173070465498 0.556641744082484 0.55481243393963 0.555681162101933 0.553928232946506 0.550241416430511 0.537019387452687 0.524198466709292 0.529285536488879 0.52660193933147 0.51537280184156 0.513682405473319 0.507936761056777 0.50708265927103 0.521553654800493 0.535575869389094 0.539241201981123 0.541921500453218 0.547371927670765 0.550748743340215 0.537802618406004 0.532808761179868 0.542853031924573 0.542168314377811 0.549066159343806 0.560656398454604 0.568678550316532 0.568423887917561 0.559602702742743 0.549708356700168 0.541267825320439 0.540280127845606
0.647629226589501 0.642422363402701 0.643693382062467 0.641830570032306 0.637890712287102 0.629508385629798 0.621682006138968 0.615828370745959 0.607667589756487 0.594246331785479 0.581395495678955 0.579761150025387 0.577199652281334 0.569487231929302 0.565596597808099 0.560790400901947 0.557684516246216 0.554004397602598 0.547885010239024 0.540896141833335 0.538020979443417 0.546176873444204 0.552284018171759 0.54723315862733 0.545951802682514 0.547038439022495 0.548523618227412 0.549244207750381 0.547269011364116 0.547722950316684 0.545980969689213 0.545312876117541 0.541654468091685 0.531666008704188 0.5280017477931 0.522787604266021 0.510332424059569 0.507776165780636 0.515335957643436 0.518148493772279 0.524114017264095 0.529181364696314 0.535214966167625 0.546867051403021 0.546373864841812 0.550017247456061 0.552629718865599 0.550809162254438 0.554444471683449 0.561418377274099 0.562811953180154 0.562935597214364 0.55942890991246 0.545974919870278 0.529867083540352 0.528405205205257
