layers/veg/veg2300.asc
NCOLS 255 
NROWS 330 
XLLCORNER -2985163.8955 
YLLCORNER -3022031.214 
CELLSIZE 25000 
NODATA_value -9999 
[rows 125 to 149 of 330, columns 171 to 227 of 255]
0.446294113292964 0.481892977421337 0.474214573210985 0.473597184859826 0.474826465719485 0.456697075656523 0.437761226850667 0.431827519631171 0.438086113803965 0.444265279883626 0.445909107603727 0.447634583204375 0.454308620404678 0.452776015244366 0.457028422689979 0.475525801981187 0.484835276058738 0.487129185007162 0.486436444020775 0.466462932090201 0.448124041059244 0.465145753047249 0.468794076787492 0.427468270253227 0.397484011052569 0.405696198592109 0.443771543184808 0.492421448094907 0.498662059429219 0.503781967882979 0.523188633441674 0.534188026293205 0.535734500793596 0.528119676509835 0.535803061488588 0.55443626928371 0.560178374290074 0.573301248690776 0.576230992740401 0.575015936380902 0.577230421046234 -9999 -9999 -9999 -9999 -9999 -9999 -9999 -9999 -9999 -9999 -9999 -9999 -9999 -9999 -9999 -9999
0.421044496570623 0.41445051268479 0.438574005185022 0.470251976697326 0.469501612798309 0.445136201127483 0.427123870100388 0.431833905472695 0.439517251034545 0.446256820451251 0.451386703914366 0.454410540964039 0.461991516176077 0.470538341429122 0.4690372855234 0.474270434510826 0.487170122379146 0.490708322719353 0.487178597064717 0.464796042465802 0.447624228540359 0.462187167763939 0.458935335153987 0.416114077323469 0.409372171724051 0.430893983309895 0.440999960734681 0.481565550069161 0.513512047692869 0.512336233798667 0.48937938892565 0.486023919364652 0.501624496641062 0.522813610907433 0.546168787960847 0.558946621147396 0.570317242983573 0.580038934029488 -9999 0.582797320543576 0.582449990977433 -9999 -9999 -9999 -9999 -9999 -9999 -9999 -9999 -9999 -9999 -9999 -9999 -9999 -9999 -9999 -9999
0.391610056920384 0.395143304109104 0.432602019266821 0.473647773759134 0.467171500012573 0.441933120040474 0.42405916459424 0.429207170170068 0.437910441024005 0.445407659387089 0.446582826559558 0.45262378146618 0.46318998864352 0.463750173702222 0.456329475360239 0.470133274615418 0.492156146746985 0.4941153028312 0.489166814308729 0.456018325966904 0.436081549361361 0.461485399211984 0.460080530452209 0.423172453554809 0.425289506088954 0.440499947618695 0.442263084253527 0.481799528042809 0.506813090343979 0.503735431389651 0.484667239468277 0.494983020175611 0.505576802889841 0.527643276408375 0.556219379831196 0.564595416741008 0.576378236551077 0.584230922217734 -9999 -9999 -9999 -9999 -9999 -9999 -9999 -9999 -9999 -9999 -9999 -9999 -9999 -9999 -9999 -9999 -9999 -9999 -9999
0.408286568895148 0.453527378753417 0.471217485320069 0.469382460102559 0.451992225612317 0.42580547969145 0.417981364709199 0.426728656331649 0.436488122173899 0.44777138929978 0.455506224860183 0.457046743204848 0.455610906887447 0.455756622428569 0.467036212260522 0.485972160078223 0.494999192653192 0.496045676038132 0.491568331224761 0.470472824110299 0.449931540710136 0.450641667219081 0.4637669869422 0.480456063282788 0.487285268407691 0.463880052865184 0.454094477321076 0.498184754320699 0.523572693307142 0.501802411432296 0.478875843080008 0.492310164457204 0.504399656566173 0.53086844559309 0.56143580228025 0.575221647583426 0.584930735114436 -9999 -9999 -9999 -9999 -9999 -9999 -9999 -9999 -9999 -9999 -9999 -9999 -9999 -9999 -9999 -9999 -9999 -9999 -9999 -9999
0.419148634541801 0.456139834688592 0.469614547633539 0.466939665744785 0.454704215385064 0.436240682560177 0.424827654760385 0.425230566018057 0.433998632048351 0.442374180457597 0.450894479409668 0.461655605914975 0.469390540192855 0.474936859295489 0.485271846972521 0.494866472324191 0.498005992198182 0.498254439058181 0.498030994318372 0.49437809147706 0.471928223543594 0.463212757147937 0.488928419561628 0.504557063215429 0.500148903648866 0.479968712971861 0.489463709601458 0.525030799175165 0.537316991871942 0.518337586256168 0.502100528071757 0.507289923461779 0.521255353883493 0.548661696546475 0.567917591666952 0.57889587505922 0.588955451704582 -9999 -9999 -9999 -9999 -9999 -9999 -9999 -9999 -9999 -9999 -9999 -9999 -9999 -9999 -9999 -9999 -9999 -9999 -9999 -9999
0.42372027424292 0.466340257943066 0.466748484238228 0.459786620501922 0.440050338414562 0.426359340927862 0.425289597086951 0.424278042068091 0.434503402904517 0.443113171651044 0.448202792760137 0.460381472946348 0.470157541685579 0.476886011762002 0.48850680356576 0.494909562358356 0.494742696006145 0.494877312514093 0.493099420382175 0.495321999984668 0.485618959364705 0.48104224120547 0.494189931625366 0.496886377517886 0.51113474661235 0.524104549312793 0.534259093840349 0.53989322146999 0.538064880326967 0.527910538331944 0.525332044023124 0.538130259414425 0.546144450563914 0.556712964003432 0.569449171135278 0.587984346127651 0.594133181037647 -9999 -9999 -9999 -9999 -9999 -9999 -9999 -9999 -9999 -9999 -9999 -9999 -9999 -9999 -9999 -9999 -9999 -9999 -9999 -9999
0.425656333952591 0.460274936757544 0.459449511378074 0.441312206825296 0.420361220496426 0.419597679303747 0.422719419941682 0.427466805566915 0.435890133523116 0.440814311159374 0.444680588440294 0.453323291789337 0.46586179179967 0.474878756963112 0.488482531713582 0.487800896646484 0.485692858863063 0.495784558119683 0.486240017944414 0.484262888061134 0.479629026456618 0.476584392031189 0.493849427438539 0.504735823188946 0.521730024572764 0.525998213475077 0.531935477210154 0.535470995670408 0.52212382029998 0.515432558134122 0.524791303145785 0.547168437339903 0.564323817402938 0.565359465022362 0.575786329428441 0.587846078163445 -9999 -9999 -9999 -9999 -9999 -9999 -9999 -9999 -9999 -9999 -9999 -9999 -9999 -9999 -9999 -9999 -9999 -9999 -9999 -9999 -9999
0.418640668558076 0.435441226907288 0.424955649739206 0.409502277217245 0.406780948518053 0.415914884283691 0.428183305399163 0.433188492954679 0.436545550650896 0.442595011639586 0.447501706496456 0.448684764362253 0.456411368039656 0.47065756614073 0.487777621162707 0.501389892227285 0.502901042565584 0.501671140910155 0.494934521793367 0.489113871133545 0.482775453724611 0.481516066941829 0.495742579325139 0.501598781805267 0.504476371402829 0.513661186161965 0.519442417451544 0.51034013007603 0.501152732581493 0.503565506505167 0.514638168800915 0.545308782585531 0.56848822865182 0.571909519202303 0.583799384113601 0.589223663688218 -9999 -9999 -9999 -9999 -9999 -9999 -9999 -9999 -9999 -9999 -9999 -9999 -9999 -9999 -9999 -9999 -9999 -9999 -9999 -9999 -9999
0.405224796991341 0.408035456713252 0.396053684473723 0.401689139137093 0.40882370785685 0.419685995529537 0.433085592565125 0.433263251583017 0.433881568370341 0.44409506622879 0.450241076238692 0.44979464388213 0.452271916206862 0.469727822705953 0.491926476548916 0.504405324446179 0.506796250344468 0.496853447504894 0.479716598293008 0.481056724074524 0.483403290881354 0.481202415234482 0.491404346587423 0.498002404761107 0.506815598117196 0.521013331611098 0.520350847270676 0.492102363637001 0.482999508902311 0.496826557916965 0.531291740695163 0.564853928178044 0.567711962247918 0.573728932513529 0.590277890637672 0.59201700446835 -9999 -9999 -9999 -9999 -9999 -9999 -9999 -9999 -9999 -9999 -9999 -9999 -9999 -9999 -9999 -9999 -9999 -9999 -9999 -9999 -9999
0.384035139246521 0.400003588210241 0.405597892893476 0.406950088842944 0.417652599621308 0.430672196984106 0.425983308903344 0.431255134914405 0.446104927371613 0.456990040730805 0.462748070772096 0.462406088118264 0.46744839726566 0.48513877541813 0.499916195132805 0.503846575080911 0.508312403437924 0.497889810080546 0.489476827353767 0.48154397661333 0.464848941185647 0.480626714635403 0.495997143136144 0.501581043833779 0.515713554178292 0.52749719927898 0.514965520457942 0.492745234584621 0.490268063553851 0.510099925686146 0.538807197854217 0.555588503230956 0.56122358551521 0.580357477543324 0.599550490491893 -9999 -9999 -9999 -9999 -9999 -9999 -9999 -9999 -9999 -9999 -9999 -9999 -9999 -9999 -9999 -9999 -9999 -9999 -9999 -9999 -9999 -9999
0.379160962282692 0.38934235248442 0.406950685023698 0.423483151515179 0.429703758959218 0.439159232881281 0.438228875602041 0.440001367460802 0.451286154286021 0.462642916688844 0.472078507191228 0.475807176571497 0.481717649814407 0.486798633597897 0.492899556710426 0.502778414372108 0.508673741114326 0.510841566632051 0.500270574928634 0.48223782239097 0.471112609282506 0.479567393093457 0.489700822358839 0.487145362444849 0.50007774528734 0.511694992174235 0.507390604797253 0.514970950631771 0.534253193730238 0.54336310127571 0.550310238475342 0.566249862676795 0.573706072003425 0.586912703639251 0.598749176512229 -9999 -9999 -9999 -9999 -9999 -9999 -9999 -9999 -9999 -9999 -9999 -9999 -9999 -9999 -9999 -9999 -9999 -9999 -9999 -9999 -9999 -9999
0.391783851863153 0.399010488205799 0.40124623291748 0.403218031589423 0.417831890821192 0.441163214097142 0.452502120843757 0.45125454307721 0.459533951503557 0.472736606354347 0.480905900583719 0.482560736699661 0.472993726257693 0.463888066068466 0.481223570962161 0.50292103169538 0.509355713688686 0.513687277272738 0.496910294667823 0.479998020210217 0.487308992403719 0.492884855471322 0.501331080004578 0.503665964161814 0.50852477916153 0.514481938628556 0.522019471412049 0.541506997360662 0.561916462566792 0.575303431879825 0.581626457197155 0.583129712339502 0.570714729702908 0.577250391933206 0.603327441449922 -9999 -9999 -9999 -9999 -9999 -9999 -9999 -9999 -9999 -9999 -9999 -9999 -9999 -9999 -9999 -9999 -9999 -9999 -9999 -9999 -9999 -9999
0.397579786328709 0.405678351012517 0.405704366344677 0.406444480986601 0.430373935732807 0.451210457960124 0.452624165804466 0.453997363128352 0.460038551712691 0.472926532462498 0.47767674281427 0.474668667169332 0.463845271407416 0.460873060862098 0.481261735601936 0.502828747972436 0.503602715686824 0.503819324837699 0.49413748841561 0.482021380916606 0.492190287932531 0.501922409138651 0.508762955342763 0.511475217302043 0.515555138447556 0.521232463508442 0.528003625709865 0.539953773621507 0.565929287254325 0.580340696233597 0.583294186665254 0.577475024433652 0.57292618466838 0.59480643849724 0.6109970161913 -9999 -9999 -9999 -9999 -9999 -9999 -9999 -9999 -9999 -9999 -9999 -9999 -9999 -9999 -9999 -9999 -9999 -9999 -9999 -9999 -9999 -9999
0.404356757930809 0.421947621225343 0.429750639830068 0.416348127318645 0.412956992617628 0.430431739800829 0.452361140279336 0.461892673416889 0.465809988777564 0.468230850271546 0.462952910777483 0.455729337816465 0.451528310138472 0.458102163685566 0.481043658622051 0.500361651276092 0.498288206613299 0.493472463311467 0.495554554948226 0.501287925161496 0.511292843783929 0.515197943893445 0.508298716543733 0.513680976410719 0.521478937233846 0.527515635606413 0.534874430299259 0.554367840292885 0.579852051009342 0.583158544143594 0.590475536830239 0.591479548689733 0.593555764790938 0.60914528521775 0.61830057232901 -9999 -9999 -9999 -9999 -9999 -9999 -9999 -9999 -9999 -9999 -9999 -9999 -9999 -9999 -9999 -9999 -9999 -9999 -9999 -9999 -9999 -9999
0.402789167670934 0.416458307379262 0.437705677026732 0.43310645056198 0.418834013222044 0.426088202547501 0.446477175562278 0.454056044665805 0.461208156396188 0.462738524583259 0.455352797660695 0.454682134665475 0.452430733064663 0.455464577197346 0.478753703885256 0.490468328941907 0.481196814047943 0.486599185020636 0.499238404137557 0.514443821982055 0.527450541292983 0.529233724150378 0.525368966296667 0.529852100729425 0.535552889391875 0.544159609772401 0.551133804357237 0.571493693385327 0.592944452940009 0.598391408456961 0.60321194621732 0.596669329929372 0.598412278222247 0.616290195129275 0.623463972409417 -9999 -9999 -9999 -9999 -9999 -9999 -9999 -9999 -9999 -9999 -9999 -9999 -9999 -9999 -9999 -9999 -9999 -9999 -9999 -9999 -9999 -9999
0.405514076032256 0.422826453115546 0.444601635082621 0.448355764977099 0.443875736612619 0.436279460470644 0.437560699759908 0.449619781279916 0.460365029092101 0.458450112915887 0.451824887560829 0.45113282874354 0.448343951557655 0.448238679145711 0.471972744241964 0.484251785682376 0.472121105958743 0.489563957531343 0.506695568363025 0.517526452576679 0.535709369714133 0.551054705394354 0.553708884567588 0.556481368417205 0.552811146254439 0.545607591675552 0.568580308195451 0.600128047952009 0.60866539851308 0.607311483224352 0.603253417426916 0.601035698920595 0.611058095403107 0.621216121058843 0.624663774590748 -9999 -9999 -9999 -9999 -9999 -9999 -9999 -9999 -9999 -9999 -9999 -9999 -9999 -9999 -9999 -9999 -9999 -9999 -9999 -9999 -9999 -9999
0.412349121923517 0.426070368725556 0.445609274695304 0.452961810263835 0.452313238990619 0.446541894401271 0.445030738616843 0.45272777499064 0.455152890794797 0.452171875750895 0.448531999838566 0.442499313699593 0.43918178044824 0.4436629332538 0.465344770156356 0.477566212841482 0.478811465499938 0.499901450198614 0.517270386463185 0.544404993449808 0.571153334528747 0.579895876579722 0.589777427699906 0.580597678877584 0.568461364370704 0.574943653096721 0.582680163084363 0.589855922521908 0.590142677275975 0.590576088127688 0.605552574702406 0.612551242982731 0.617579651341259 0.625336203999866 0.627140946517286 -9999 -9999 -9999 -9999 -9999 -9999 -9999 -9999 -9999 -9999 -9999 -9999 -9999 -9999 -9999 -9999 -9999 -9999 -9999 -9999 -9999 -9999
0.427098369601101 0.439029723061094 0.444945416627743 0.452734056326624 0.44992696932478 0.449156668625358 0.450560548687302 0.447098308499381 0.440215747004804 0.44029248730307 0.451022643837501 0.447535340813405 0.439248237974111 0.444093821660684 0.456470389796035 0.458508953862773 0.469708985128811 0.50180603175283 0.531099119512512 0.566076683906714 0.601114311124011 0.612731033434946 0.594763405859879 0.565443330549817 0.565646607072653 0.594133205967267 0.602540416849952 0.576932646071017 0.571509180164172 0.592599268466773 0.613658607889974 0.620403160746323 0.628495943234005 0.633031793111205 -9999 -9999 -9999 -9999 -9999 -9999 -9999 -9999 -9999 -9999 -9999 -9999 -9999 -9999 -9999 -9999 -9999 -9999 -9999 -9999 -9999 -9999 -9999
0.427519256862996 0.446150149370583 0.44993889481127 0.45316967819108 0.449573662739213 0.445272372101743 0.441907477928041 0.434910235046248 0.432372695953195 0.43405428517966 0.441569289805713 0.446552210906332 0.445619796135213 0.454323211769737 0.466865835072503 0.471607680353869 0.490012699169601 0.526215140347541 0.55617667614844 0.58258850723987 0.604913138287937 0.608776896831866 0.582948055769774 0.572589104745453 0.581178060615467 0.59175052364163 0.596280118032682 0.580630161088715 0.58279684739376 0.599366913423968 0.617208215495453 0.626291270593863 0.631606957074469 0.636459027785314 -9999 -9999 -9999 -9999 -9999 -9999 -9999 -9999 -9999 -9999 -9999 -9999 -9999 -9999 -9999 -9999 -9999 -9999 -9999 -9999 -9999 -9999 -9999
0.42862249266128 0.449688939549926 0.454425829574807 0.45321872979682 0.447499708400019 0.439634652235113 0.428958644641164 0.415466684052118 0.417798687202444 0.434483029369202 0.433727339625193 0.415645273051074 0.422415390205625 0.444760727656773 0.455274512261308 0.488311652261853 0.515994909321328 0.536178818528869 0.564329773045367 0.581994580500609 0.592344448996085 0.594182855038268 0.585018954224673 0.587477821988365 0.597546503701135 0.62019650435042 0.63419762961121 0.612828858312203 0.59408813131822 0.611247137769301 0.63067084261394 0.628671288945762 0.633338357072458 0.64202102767819 -9999 -9999 -9999 -9999 -9999 -9999 -9999 -9999 -9999 -9999 -9999 -9999 -9999 -9999 -9999 -9999 -9999 -9999 -9999 -9999 -9999 -9999 -9999
0.438595500705974 0.450618613815091 0.450626857618464 0.448056111641567 0.434838335980982 0.424182673450779 0.416161102505694 0.409998992497937 0.416447206854396 0.421773943520107 0.412403122148401 0.384339670935574 0.39624472072425 0.430040688749018 0.453606115218647 0.491777864285334 0.515673782586944 0.553554161245282 0.582695602023949 0.581732761277142 0.591671968534889 0.608547148795977 0.601875668808755 0.630246044125456 0.648149955826107 0.643090257692065 0.642531191266047 0.64070773673637 0.638877621467004 0.637992625723069 0.64091952719967 0.642157932087028 0.644627128658587 0.645246913804008 -9999 -9999 -9999 -9999 -9999 -9999 -9999 -9999 -9999 -9999 -9999 -9999 -9999 -9999 -9999 -9999 -9999 -9999 -9999 -9999 -9999 -9999 -9999
0.432662584687527 0.443440681137198 0.439505978980682 0.43511455471446 0.430369351154246 0.420236346000379 0.415930994397598 0.419573079804746 0.421293469895164 0.404279495862165 0.401906231977013 0.380539252116652 0.383145129185573 0.407653542453622 0.422455488113697 0.491158392803234 0.531086814950204 0.551802793126666 0.580988892321904 0.607535070035097 0.622082294729956 0.637807751020841 0.648101030642585 0.655787308675548 0.661283804791955 0.656792945880541 0.652411415576908 0.6480982351561 0.646939504550769 0.6481425239715 0.647970773094689 0.64872420348796 0.650135320554344 -9999 -9999 -9999 -9999 -9999 -9999 -9999 -9999 -9999 -9999 -9999 -9999 -9999 -9999 -9999 -9999 -9999 -9999 -9999 -9999 -9999 -9999 -9999 -9999
0.42798793811785 0.430915706911487 0.43101490813917 0.430790693414881 0.42769930616866 0.421808578629847 0.425581327086191 0.430724260756068 0.422503784067955 0.404703710726318 0.408584858244775 0.397278668378668 0.388194208070287 0.395237153874393 0.42998127897805 0.499699049326984 0.531985658925705 0.557862930085397 0.611106082545875 0.666312863846493 0.68830076866184 0.677954213885432 0.672193056756107 0.669919395103008 0.667013270746274 0.665203740413964 0.66027116101144 0.656481679128738 0.653676942522031 0.655321536303262 0.654990158833411 0.654045135445021 0.655406314629385 -9999 -9999 -9999 -9999 -9999 -9999 -9999 -9999 -9999 -9999 -9999 -9999 -9999 -9999 -9999 -9999 -9999 -9999 -9999 -9999 -9999 -9999 -9999 -9999
0.411775329485218 0.412397860336926 0.424457112466379 0.420801421551609 0.42090327173339 0.429499761607997 0.443649705731255 0.445328355279827 0.425826253734944 0.419147527559355 0.425487429011264 0.429431488496853 0.416782854732671 0.394295041780604 0.415722539415292 0.482034624694486 0.552739311827217 0.591828664377999 0.647860031017276 0.70170409409033 0.718773435292692 0.703965361246013 0.678444426119601 0.671494983342148 0.670291723087185 0.668755568477701 0.665283247643686 0.66459489857733 0.665680858326226 0.665615743619454 0.662142500003138 0.66070827897074 0.660370366874863 -9999 -9999 -9999 -9999 -9999 -9999 -9999 -9999 -9999 -9999 -9999 -9999 -9999 -9999 -9999 -9999 -9999 -9999 -9999 -9999 -9999 -9999 -9999 -9999
0.406643641694301 0.409283361148742 0.431675737970272 0.430382747041436 0.43047857473909 0.435058505595771 0.445500849475543 0.452315976546769 0.437005872570928 0.428527869172619 0.436465133150343 0.443603715540791 0.428549936511848 0.410156109835492 0.445936970853326 0.510413259473102 0.565614511200116 0.596383862576231 0.646304967018806 0.674142601719136 0.683029734716683 0.698069055229185 0.68402694576127 0.678533691554402 0.677813379938386 0.672950875908862 0.668417409164787 0.667828921228265 0.668755640701574 0.667030579319168 0.666151702874071 -9999 -9999 -9999 -9999 -9999 -9999 -9999 -9999 -9999 -9999 -9999 -9999 -9999 -9999 -9999 -9999 -9999 -9999 -9999 -9999 -9999 -9999 -9999 -9999 -9999 -9999
