layers/veg/veg2400.asc
NCOLS 255 
NROWS 330 
XLLCORNER -2985163.8955 
YLLCORNER -3022031.214 
CELLSIZE 25000 
NODATA_value -9999 
[rows 200 to 224 of 330, columns 114 to 170 of 255]
0.0958921117771381 0.102463548136148 0.107047399871957 0.110528612647101 0.113605989051243 0.117444676540087 0.123290491384403 0.128515022860828 0.133320626414688 0.137618798497577 0.141748624845833 0.145479586397024 0.149323851755415 0.153260316450565 0.154676729902505 0.15683847127724 0.163873848855716 0.167184429451178 0.166850247527722 0.174853771112976 0.185137248865249 0.19840866595672 0.21580417857901 0.238050544889767 0.261264265359263 0.285506222753897 0.316860024522228 0.34657105079875 0.373952897084917 0.405762691352895 0.438869605055864 0.465713795148602 0.492581959726788 0.519491355391315 0.543507722211238 0.566169374997091 0.581172957243 0.59099894537534 0.589910908706106 0.584419294536029 0.576448349899761 0.582026221263136 -9999 -9999 -9999 -9999 -9999 -9999 -9999 -9999 -9999 -9999 -9999 -9999 -9999 -9999 -9999
0.089423991066179 0.0936412116447092 0.0974905870486459 0.101135895457766 0.105562477592489 0.110294804642656 0.115734931789299 0.120771245000315 0.125535268718488 0.128573757402425 0.131978346095611 0.137110650439975 0.141417384465666 0.145052322567558 0.146791506570703 0.149142871310865 0.155383801525788 0.158525788717605 0.158635419668159 0.16495286176447 0.173721494770568 0.189287918522773 0.208628678097982 0.232408896146377 0.254752884283771 0.276923497661332 0.301342206099738 0.32768286165185 0.356748515709286 0.390588877197277 0.425737542259723 0.452402717342781 0.478842757554112 0.504895613007922 0.525315930730751 0.54317656699583 0.566923440574644 0.583851527127538 0.586406063130669 0.584137202743471 0.579152642764572 0.578435821463842 -9999 -9999 -9999 -9999 -9999 -9999 -9999 -9999 -9999 -9999 -9999 -9999 -9999 -9999 -9999
0.0845593622234301 0.0846901225617933 0.0872311384978522 0.0911092757298607 0.0981437141750357 0.104507301888462 0.108810563289966 0.113277817092832 0.117855650060647 0.119155756328991 0.121346104472737 0.127458486533246 0.132100701789422 0.135546590040956 0.138681498169797 0.14224859629277 0.147892317536458 0.1507877422561 0.150993922915624 0.153575860052334 0.158995241305853 0.178541323540666 0.200933444319157 0.22667313948431 0.247524741048764 0.266408031896586 0.279898930967255 0.301693120217904 0.335259981655194 0.372158148503097 0.409673142672849 0.435603765549314 0.460789832610222 0.484695419838328 0.499019361320796 0.509054698167675 0.546660155146815 0.575065944251216 0.584079443973951 0.582254170134725 0.574326380442614 0.576304449208991 -9999 -9999 -9999 -9999 -9999 -9999 -9999 -9999 -9999 -9999 -9999 -9999 -9999 -9999 -9999
0.0756672230839223 0.0828622209979515 0.0872599270615925 0.0901057983290747 0.0923162898319767 0.0953016178063438 0.100353101418306 0.105926171453008 0.111850944314164 0.114307854439309 0.117224938999613 0.122708701673554 0.125929164720141 0.127307900381904 0.130803229162461 0.135207528670425 0.142174249199949 0.145259460955029 0.144546565655558 0.147488111759733 0.15365233373861 0.174617352262515 0.196541492435844 0.219593773011359 0.238565390234154 0.256213209269543 0.272381967809143 0.294959874090269 0.326624876416604 0.358403310624694 0.390186510117537 0.421264437717214 0.449477088482815 0.472762064083203 0.491215685827138 0.507537385898956 0.545913164693326 -9999 -9999 -9999 -9999 -9999 -9999 -9999 -9999 -9999 -9999 -9999 -9999 -9999 -9999 -9999 -9999 -9999 -9999 -9999 -9999
0.0683533201163233 0.0793760537121893 0.0848802901569893 0.087323067033193 0.0869143682811974 0.0877650876538605 0.0921635689850251 0.098395758633173 0.105864407609745 0.10955990011344 0.113193583181142 0.117771575960671 0.120308579686488 0.121184758046138 0.124427735103136 0.128762243351953 0.13628776328931 0.139803328115906 0.139395099469489 0.142472308137307 0.14884333469054 0.170666700181816 0.19176403184334 0.21200738622556 0.230187898606771 0.247725401794601 0.264763099019108 0.286766426035447 0.315810182866029 0.343855232126509 0.371848088799282 0.405854540719272 0.435795834805249 0.458745910080145 0.480759412165259 0.502244685832857 0.497302257946543 -9999 -9999 -9999 -9999 -9999 -9999 -9999 -9999 -9999 -9999 -9999 -9999 -9999 -9999 -9999 -9999 -9999 -9999 -9999 -9999
0.0649695098460114 0.0716163210676673 0.0762966869659083 0.0798861412107242 0.0824385253909238 0.0843430975309828 0.0846835833840428 0.0904358618622057 0.0998372820347336 0.104820222626114 0.109049760545411 0.112147316009855 0.115833018837212 0.119997318087022 0.121591633143899 0.123732068260422 0.129914885968928 0.134407484977429 0.137246182902288 0.139725678620924 0.144828013925118 0.166312787208318 0.18591092114849 0.203289947566165 0.223271626131411 0.243255157915877 0.256208986905719 0.274162384974591 0.299204333071955 0.327199616309528 0.35639345982633 0.387792315287311 0.416181860184026 0.439396022110557 0.463113077488389 0.486986791442236 0.491135952875431 -9999 0.521296845659106 0.521296845659106 -9999 -9999 -9999 -9999 -9999 -9999 -9999 -9999 -9999 -9999 -9999 -9999 -9999 -9999 -9999 -9999 -9999
0.0599020917471795 0.0652073031992589 0.0694511361169824 0.0731061551998958 0.0753238683301634 0.0774421651201829 0.079453559616298 0.0852758210561581 0.0936677288996131 0.0989993479498369 0.103635027207374 0.106914519600838 0.111498364394983 0.117143607117516 0.118138348401211 0.119307269137097 0.124261263814418 0.128927560831204 0.133312341927879 0.138381363036661 0.145284958889915 0.162430449292079 0.178769396107681 0.194159668261759 0.214536371369287 0.235700120558278 0.25081058391437 0.268532398700897 0.289956671632118 0.314416268145932 0.340136347295289 0.368671039364904 0.396244194479964 0.422163707714753 0.451011910108873 0.48107706791773 0.477638949299834 0.484104799485095 0.511447558671077 0.521296845659106 -9999 -9999 -9999 -9999 -9999 -9999 -9999 -9999 -9999 -9999 -9999 -9999 -9999 -9999 -9999 -9999 -9999
0.0537824304215205 0.0596424727065949 0.0636918559386505 0.0667367520192978 0.0665599706976298 0.0683669178855996 0.0756297464039679 0.0818656708275189 0.0874091595263288 0.0925027325222601 0.0974259834867487 0.10192638519293 0.107251775480794 0.113248488312385 0.114299328695429 0.11526082579915 0.119057171154741 0.123395086637748 0.128262935567003 0.137913483943107 0.148537038947028 0.158842842519006 0.170822621028284 0.184771366414862 0.204664265281963 0.226217108651427 0.247384477257863 0.267261148344797 0.285307826927573 0.304053060434117 0.323377688100984 0.348887864224307 0.376104224092037 0.406254862129546 0.442376433866818 0.48107706791773 0.477638949299834 0.484104799485095 0.511447558671077 -9999 -9999 -9999 -9999 -9999 -9999 -9999 -9999 -9999 -9999 -9999 -9999 -9999 -9999 -9999 -9999 -9999 -9999
0.0469894830444541 0.0502606648057817 0.0556723470088909 0.062271500253425 0.0621297501244859 0.0639293944625765 0.0714422050887007 0.076477133593857 0.0798412399541656 0.0860356018140873 0.0924569097117425 0.0987632718280164 0.103608112872974 0.107263662253669 0.110664489244856 0.114036130199055 0.117447169941303 0.121326540286077 0.12566417824499 0.135214071409399 0.14584599785774 0.156262922786933 0.167801608883213 0.180659735631212 0.19909363172523 0.219075457909453 0.238609191991908 0.257069610475885 0.274008247543119 0.295718457957552 0.319368817981036 0.346652325178141 0.375021367498518 0.405257302540844 -9999 -9999 -9999 -9999 -9999 -9999 -9999 -9999 -9999 -9999 -9999 -9999 -9999 -9999 -9999 -9999 -9999 -9999 -9999 -9999 -9999 -9999 -9999
0.0401579073789254 0.0421318991882201 0.0483422606793552 0.0569028045015761 0.0577019573293169 0.0600650403516784 0.0672732866025544 0.0714396923144539 0.0735550018540981 0.0800343552687333 0.0871983284687283 0.0952848214920773 0.0999440290770999 0.101814332634089 0.106977258520047 0.112184178347303 0.115436707717106 0.119080406876797 0.123106870787215 0.132126936334886 0.142362327367663 0.153475970425575 0.164702997449499 0.176063389238046 0.192866516237485 0.211230126101295 0.229624661051309 0.246979173424951 0.262859108300647 0.286876696775621 0.313956854140662 0.342519516135449 0.358740930219656 0.353737986464002 -9999 -9999 -9999 -9999 -9999 -9999 -9999 -9999 -9999 -9999 -9999 -9999 -9999 -9999 -9999 -9999 -9999 -9999 -9999 -9999 -9999 -9999 -9999
0.0333543186289536 0.0385441325580163 0.0435446345780472 0.0484401133028785 0.0523610488763691 0.0569221342948843 0.0632370544361312 0.0678676363931717 0.0713624784722856 0.0754138140760955 0.0808145324241092 0.0904800129243044 0.0960911065919994 0.0984030015288507 0.1030906938371 0.107865589645553 0.11147076992809 0.115569950805685 0.120152517720535 0.128359437313072 0.137781089393782 0.14985866608283 0.160327283329641 0.168903406383085 0.183771507917829 0.200792655601041 0.221153197766316 0.239084122091633 0.253570256008734 0.276094276569791 0.301660116707952 0.329011819924051 0.347587651068511 0.351070822981515 -9999 -9999 -9999 -9999 -9999 -9999 -9999 -9999 -9999 -9999 -9999 -9999 -9999 -9999 -9999 -9999 -9999 -9999 -9999 -9999 -9999 -9999 -9999
0.0293166162229417 0.0358162712251435 0.0402749963550294 0.0436014885389895 0.0481282487728506 0.0529976376335008 0.0586263876481406 0.0635701675013982 0.0680520757811403 0.0715926118557665 0.0768499255414204 0.0880347379247493 0.0937106017812985 0.0949036383352966 0.0984617737963671 0.102509215810987 0.107137471128046 0.111913625865691 0.116834502118946 0.125049488499127 0.134130719486807 0.144182898985167 0.152990515065811 0.160334247732446 0.172766884659154 0.187568942409867 0.211015732536435 0.231147131896362 0.246577863470356 0.267546642345477 0.290623398206904 0.315163837777123 0.329693256811929 0.327005820328934 -9999 -9999 -9999 -9999 -9999 -9999 -9999 -9999 -9999 -9999 -9999 -9999 -9999 -9999 -9999 -9999 -9999 -9999 -9999 -9999 -9999 -9999 -9999
0.0273699841266292 0.0337385170235087 0.0381605502435209 0.0415027369223668 0.0447332027131601 0.0484822414540782 0.0535814357765832 0.0587242706063636 0.0638965319876942 0.0683757273059849 0.0747142783486716 0.0873733216871474 0.0924432767977937 0.0913377209658703 0.0932716169386177 0.096368253815806 0.102526439403518 0.108147020884185 0.113241549721361 0.122085457606559 0.131184106110249 0.136950889216929 0.143415125385236 0.150699721492164 0.160318550920234 0.172238769067386 0.199618733555117 0.223178435008136 0.24132164451645 0.260688554990897 0.28053928145806 0.301058592052411 0.316684546373203 0.323894954280822 -9999 -9999 -9999 -9999 -9999 -9999 -9999 -9999 -9999 -9999 -9999 -9999 -9999 -9999 -9999 -9999 -9999 -9999 -9999 -9999 -9999 -9999 -9999
0.0223543689593806 0.0260304543614227 0.0310368150249807 0.036781163553124 0.0413286550166127 0.0454095888971025 0.0484109260703662 0.0532356499434584 0.0592898733358838 0.064525164110565 0.0685026611497785 0.0685961594245521 0.0872226003526166 0.0871084134083448 0.0899503995463817 0.0936231308316434 0.0989721005904882 0.103827467732322 0.108199838263623 0.115145215275235 0.122160298205519 0.126251098142432 0.131808041040903 0.139089494184042 0.152980318751893 0.169496602608707 0.192963756938067 0.213947610644465 0.231410560764295 0.248868492075803 0.266836477779262 0.294603031095517 -9999 -9999 -9999 -9999 -9999 -9999 -9999 -9999 -9999 -9999 -9999 -9999 -9999 -9999 -9999 -9999 -9999 -9999 -9999 -9999 -9999 -9999 -9999 -9999 -9999
0.0179373635439773 0.0188521046918374 0.0241544548989792 0.0318908894899834 0.0380161555026056 0.0428004974844359 0.0442915183135796 0.0485359192085326 0.0546369089816278 0.0606638915364752 0.0659026002327081 0.0685735936158242 0.0739678743824123 0.0815781909271485 0.0865069793528226 0.0910237534946085 0.0955010157934305 0.0995688644253646 0.103236096434538 0.10831221429175 0.113366998930283 0.116459500679517 0.121343015482354 0.128333160020666 0.146360478866292 0.167343476087477 0.186413284269565 0.204332572071683 0.220620615031836 0.236488300551388 0.251198670293467 0.246707641298311 -9999 -9999 -9999 -9999 -9999 -9999 -9999 -9999 -9999 -9999 -9999 -9999 -9999 -9999 -9999 -9999 -9999 -9999 -9999 -9999 -9999 -9999 -9999 -9999 -9999
0.017338241432399 0.0164804274554941 0.0206598455678729 0.0276337350656362 0.0350641355887592 0.0412763755567008 0.044296800810633 0.0472006911371363 0.0500260026096464 0.057071740044716 0.063743891356602 0.0679050351068346 0.0719893778377581 0.0760112248483915 0.0816753388680909 0.0873237218190782 0.0918339517964879 0.0958168296279148 0.0992836864937117 0.103842217942678 0.108442747047358 0.111877942726512 0.11628834306132 0.121845800991069 0.140013585930735 0.161298895371304 0.177943066536736 0.193850782580671 0.208714328839182 0.224374364014995 0.239662484843621 0.242238791311014 -9999 -9999 -9999 -9999 -9999 -9999 -9999 -9999 -9999 -9999 -9999 -9999 -9999 -9999 -9999 -9999 -9999 -9999 -9999 -9999 -9999 -9999 -9999 -9999 -9999
0.0163870750553458 0.0164954676574801 0.0195641412261309 0.0242750699672657 0.031605791292583 0.0382367337615144 0.0427885635554489 0.0457004547250427 0.0475065443932039 0.0540538995223083 0.060596973086318 0.0656841652114427 0.0695093394000735 0.0723075647191472 0.0775367415045903 0.0829989131960157 0.0878876023218158 0.0921230296695173 0.0957192318313324 0.0997701731959489 0.10398469589888 0.108600239862733 0.113850165034404 0.11984626361521 0.135803440912127 0.154259748575542 0.16939588864422 0.184128212705509 0.198287993428476 0.215913001364815 0.233870993095699 -9999 -9999 -9999 -9999 -9999 -9999 -9999 -9999 -9999 -9999 -9999 -9999 -9999 -9999 -9999 -9999 -9999 -9999 -9999 -9999 -9999 -9999 -9999 -9999 -9999 -9999
0.0151155363117917 0.0186825026591975 0.0206515227739343 0.0217340609987308 0.0276866744274649 0.0338179168624255 0.0399029713698666 0.0440500550585347 0.046890375793197 0.0515587016968648 0.0565507503442392 0.0620506386669298 0.0665728806228819 0.0702995769672257 0.0740288371720826 0.0781055361034567 0.083687093475143 0.0884822254137337 0.0925078297900056 0.0960602780681694 0.0999509034224126 0.106509089888677 0.113793086724732 0.121930798001469 0.133537809847883 0.14631551250605 0.160778674364514 0.17509655874314 0.189208464032855 0.210775606336058 -9999 -9999 -9999 -9999 -9999 -9999 -9999 -9999 -9999 -9999 -9999 -9999 -9999 -9999 -9999 -9999 -9999 -9999 -9999 -9999 -9999 -9999 -9999 -9999 -9999 -9999 -9999
0.0134404379339187 0.017604878519125 0.020274438664819 0.0221146940378234 0.0254824611279546 0.029961948383484 0.0371518588378123 0.042561373343739 0.0467703767551246 0.0501498889318009 0.0542481469635068 0.0609604081106065 0.0656808978431099 0.0687806123524671 0.0722494740444339 0.0760835181303205 0.0812605289113158 0.08619173051698 0.0908824046326526 0.0946931384680526 0.0982343244021315 0.101284642472334 0.106691222833481 0.114869291764572 0.125419459567169 0.136894482117366 0.150699298137415 0.166850353778322 0.186327983503593 -9999 -9999 -9999 -9999 -9999 -9999 -9999 -9999 -9999 -9999 -9999 -9999 -9999 -9999 -9999 -9999 -9999 -9999 -9999 -9999 -9999 -9999 -9999 -9999 -9999 -9999 -9999 -9999
0.0120625418435559 0.0158178334436719 0.0195208291565265 0.0231948130315434 0.0240563906020128 0.0266960649377585 0.0342182235981868 0.0405339710879325 0.0460362422291824 0.0488343074115684 0.0508066748035021 0.0508881939896125 -9999 0.0678853735767249 0.0710275605325011 0.0747952895700433 0.0792282876693057 0.0841431798644412 0.0895296117291847 0.0937675252734818 0.097128593636654 0.0966631665192509 0.100068034615465 0.108025230772977 0.11810844731672 0.129027692027434 0.142102392026352 0.149769479372653 -9999 -9999 -9999 -9999 -9999 -9999 -9999 -9999 -9999 -9999 -9999 -9999 -9999 -9999 -9999 -9999 -9999 -9999 -9999 -9999 -9999 -9999 -9999 -9999 -9999 -9999 -9999 -9999 -9999
0.0126495553385159 0.013531261199688 0.0182362055061715 0.0250621421047617 0.0250278010388331 0.0259793582147356 0.0301902283277693 0.0355096667009027 0.0415766064916285 0.0469328169795741 0.0509799888518945 0.0509418698618261 -9999 -9999 0.0710275605325011 0.0745247343050875 0.077514022657114 0.0820301628622043 0.0880403475565291 0.0928446340937527 0.0969424585595907 0.0983223025425785 0.102948011860915 0.111391580808491 0.120849593380427 0.130808468346518 0.142760646175592 -9999 -9999 -9999 -9999 -9999 -9999 -9999 -9999 -9999 -9999 -9999 -9999 -9999 -9999 -9999 -9999 -9999 -9999 -9999 -9999 -9999 -9999 -9999 -9999 -9999 -9999 -9999 -9999 -9999 -9999
0.0146767354952356 0.0143576973266662 0.0184743283809146 0.025051705832885 0.0262634284913656 0.0274186393398702 0.0289868605677168 0.0330305239613749 0.0387433642516772 0.0453524447604211 0.0509075388840764 0.0527267512608945 -9999 -9999 -9999 -9999 0.0777239801967218 0.0809263916222919 0.087262404472934 0.0923625458092403 0.0968452276596103 0.0991889811465429 0.104387882518288 0.112945072888106 0.122154456612082 0.1306524987712 -9999 -9999 -9999 -9999 -9999 -9999 -9999 -9999 -9999 -9999 -9999 -9999 -9999 -9999 -9999 -9999 -9999 -9999 -9999 -9999 -9999 -9999 -9999 -9999 -9999 -9999 -9999 -9999 -9999 -9999 -9999
0.0182789676375784 0.0185887047064981 0.0203778174953027 0.0229876336077134 0.0277880193995057 0.0312158371085344 0.0308726735858185 0.0333349214974785 0.0376888427499727 0.0441232665330366 0.0498059106665883 0.0523855737511817 0.0535429440029293 -9999 -9999 -9999 -9999 0.0809263916222919 0.087262404472934 0.0923625458092403 0.0968452276596103 0.0991889811465429 0.10425276689019 0.112515915598789 0.121888515445462 -9999 -9999 -9999 -9999 -9999 -9999 -9999 -9999 -9999 -9999 -9999 -9999 -9999 -9999 -9999 -9999 -9999 -9999 -9999 -9999 -9999 -9999 -9999 -9999 -9999 -9999 -9999 -9999 -9999 -9999 -9999 -9999
0.0240358211571922 0.0234737659258994 0.0234047912395848 0.02360935953267 0.027779736374214 0.0313893348426646 0.0331384044651607 0.0353478177473955 0.0378676382013127 0.0418952502060358 0.0463108316219129 0.0515427399564278 0.0560317843335149 0.0599163338938054 -9999 -9999 -9999 -9999 -9999 -9999 -9999 -9999 -9999 0.11425308247884 0.11425308247884 -9999 -9999 -9999 -9999 -9999 -9999 -9999 -9999 -9999 -9999 -9999 -9999 -9999 -9999 -9999 -9999 -9999 -9999 -9999 -9999 -9999 -9999 -9999 -9999 -9999 -9999 -9999 -9999 -9999 -9999 -9999 -9999
0.0300225100368662 0.0283620134039975 0.026677352458216 0.0249792860389949 0.0275122967599238 0.0307178569242735 0.0352186728803993 0.0375577238429832 0.0384391086831144 0.0398903554452145 0.042839446078969 0.0505370679491472 0.0559947710467528 0.0596297725924428 0.0590492422754157 -9999 -9999 -9999 -9999 -9999 -9999 -9999 -9999 -9999 -9999 -9999 -9999 -9999 -9999 -9999 -9999 -9999 -9999 -9999 -9999 -9999 -9999 -9999 -9999 -9999 -9999 -9999 -9999 -9999 -9999 -9999 -9999 -9999 -9999 -9999 -9999 -9999 -9999 -9999 -9999 -9999 -9999
