layers/veg/veg2400.asc
NCOLS 255 
NROWS 330 
XLLCORNER -2985163.8955 
YLLCORNER -3022031.214 
CELLSIZE 25000 
NODATA_value -9999 
[rows 130 to 155 of 330, columns 174 to 231 of 255]
0.558919327176962 0.542678648008587 0.547466706024239 0.532894601307555 0.536163042055353 0.543372870602469 0.558153063186035 0.567199743601425 0.574059823668987 0.585984506334977 0.597679333091979 0.61077984319425 0.620115182890424 0.625491372635108 0.630669688532845 0.634207994857984 0.638308339172916 0.634681378822548 0.622696802450512 0.649744935246445 0.662494412554158 0.681479527972509 0.679874491875858 0.687244563580465 0.713062479157361 0.716586618294416 0.715441959553902 0.725088846096374 0.685331157308744 0.720515871219262 0.737766997935337 0.749003110098632 0.766962401140356 -9999 -9999 -9999 -9999 -9999 -9999 -9999 -9999 -9999 -9999 -9999 -9999 -9999 -9999 -9999 -9999 -9999 -9999 -9999 -9999 -9999 -9999 -9999 -9999 -9999
0.532863087048496 0.522896581672632 0.535557003988643 0.531682711507464 0.539811633586051 0.544580752133139 0.557580145085621 0.55692982621576 0.571211825690505 0.579255998066584 0.592711185894719 0.611775495903163 0.621384490711799 0.626739258271704 0.631751845570621 0.630776414749828 0.633801134408249 0.63079904827352 0.629947165168919 0.657086703151087 0.664745136809608 0.671528424804162 0.676226077003025 0.693319953539243 0.701267193667415 0.700870047361463 0.672481866066662 0.699865993013445 0.72678012518176 0.744442430137512 0.749362689924785 0.754407480690396 0.771495332426898 -9999 -9999 -9999 -9999 -9999 -9999 -9999 -9999 -9999 -9999 -9999 -9999 -9999 -9999 -9999 -9999 -9999 -9999 -9999 -9999 -9999 -9999 -9999 -9999 -9999
0.51437069944005 0.511112160203778 0.524659823495589 0.537561386761782 0.544026204453003 0.551525957316919 0.548822067561851 0.55859462685682 0.562454206941021 0.570705921465749 0.584277723274897 0.612997989266128 0.624613630554447 0.631001437181385 0.636707921218659 0.628384644520749 0.630329027446168 0.626631796050147 0.628667911854236 0.647732717415232 0.657111752142383 0.660426433198282 0.668905133071011 0.685397438993445 0.68014325404175 0.690333275226854 0.686875506557149 0.702622695914743 0.736929541996692 0.748193588480312 0.758857711961441 0.759628726805745 0.774137005224678 0.777087481883026 -9999 -9999 -9999 -9999 -9999 -9999 -9999 -9999 -9999 -9999 -9999 -9999 -9999 -9999 -9999 -9999 -9999 -9999 -9999 -9999 -9999 -9999 -9999 -9999
0.510409875006991 0.512598634063474 0.520499162571175 0.538425476495558 0.54001513482702 0.544427130792419 0.562724565287949 0.566571379914674 0.565259999451898 0.570751935797333 0.587888082926819 0.616499885599527 0.627232615201478 0.631416897502867 0.63816865976869 0.616385797042055 0.627299924759124 0.624939163857814 0.630104195304534 0.646405321656485 0.655500619978 0.662296733229711 0.676011987121062 0.684723301420962 0.66950799943115 0.659379064057781 0.674978218074633 0.709088424040137 0.739679453019432 0.747886279402918 0.761864308221801 0.77129070185339 0.776657355398399 -9999 -9999 -9999 -9999 -9999 -9999 -9999 -9999 -9999 -9999 -9999 -9999 -9999 -9999 -9999 -9999 -9999 -9999 -9999 -9999 -9999 -9999 -9999 -9999 -9999
0.514246569628972 0.525677085431689 0.528424437456645 0.535527497260555 0.54175314021234 0.546840300005154 0.569272988513144 0.571446312222137 0.574756149552765 0.578427743876749 0.604197550490634 0.618801912893519 0.626699913754451 0.635121313148261 0.642504047633378 0.615753155138033 0.612655496594047 0.615439381720356 0.618619006022467 0.638613317954244 0.653439567467816 0.667041462447693 0.682462343099918 0.678095376430888 0.66359771490823 0.675247552236316 0.690450963473574 0.70439705437644 0.737689823599217 0.747977488490735 0.762807185760899 0.778010039043562 -9999 -9999 -9999 -9999 -9999 -9999 -9999 -9999 -9999 -9999 -9999 -9999 -9999 -9999 -9999 -9999 -9999 -9999 -9999 -9999 -9999 -9999 -9999 -9999 -9999 -9999
0.546125399618556 0.554669155114063 0.555175601764077 0.550823944867615 0.551593512627874 0.558861877695436 0.574671054499142 0.581680136347574 0.586930284676843 0.591193271826009 0.606865822552784 0.616138531382254 0.624397348348758 0.636443057125437 0.643963806908713 0.625702125589615 0.603161483843278 0.616610112360489 0.614952180689241 0.632258201216778 0.644790388385516 0.651313565588393 0.658098776777873 0.664151550926235 0.681912182164001 0.707233115709696 0.717995167216675 0.722976531146271 0.741614392625702 0.745375148199542 0.757836440326115 0.776514942523352 0.783962374216461 -9999 -9999 -9999 -9999 -9999 -9999 -9999 -9999 -9999 -9999 -9999 -9999 -9999 -9999 -9999 -9999 -9999 -9999 -9999 -9999 -9999 -9999 -9999 -9999 -9999
0.515463718439009 0.533914040017905 0.55180670849779 0.55818362062161 0.559586554679613 0.568734958777754 0.581694614326067 0.591445662962418 0.597067421747432 0.597912571783081 0.58447208106329 0.609644637838843 0.626835317261845 0.635233345884252 0.64145914549956 0.626973130148995 0.596869665942827 0.62419605988692 0.631650510730382 0.645213854897513 0.649319028142815 0.657876950650709 0.665695869370616 0.677071962363953 0.694497734027949 0.723737547891596 0.741956841181305 0.750916198830053 0.75898601896891 0.737006795807453 0.740332012945031 0.779052245718492 0.783982773250165 -9999 -9999 -9999 -9999 -9999 -9999 -9999 -9999 -9999 -9999 -9999 -9999 -9999 -9999 -9999 -9999 -9999 -9999 -9999 -9999 -9999 -9999 -9999 -9999 -9999
0.518931314934177 0.527302115001494 0.553020079712865 0.565801233482073 0.566911751300075 0.575229789097012 0.585794067768532 0.587675278732999 0.588713547595249 0.58701161901747 0.581120783224684 0.607800959983778 0.628226391172249 0.633587145632093 0.634558821242442 0.622950094755813 0.60722383413921 0.628126980643137 0.643584819073625 0.65737061195144 0.659701181073025 0.668445676519659 0.666791240251409 0.672553865002856 0.688910109374621 0.728901054156673 0.745863432831403 0.754763439091387 0.763185402414616 0.757026221580726 0.765874720886084 0.784640849781048 0.788236055250764 -9999 -9999 -9999 -9999 -9999 -9999 -9999 -9999 -9999 -9999 -9999 -9999 -9999 -9999 -9999 -9999 -9999 -9999 -9999 -9999 -9999 -9999 -9999 -9999 -9999
0.528029826265538 0.525301551635078 0.546812275022537 0.566180336409253 0.571696417758407 0.580240482900128 0.586054770878438 0.578861760287988 0.57014036966037 0.570949701967012 0.583356658200373 0.60600379623679 0.623836127284855 0.629196504005811 0.626358416419666 0.624233255954045 0.62743433514292 0.639386201712163 0.663794459739533 0.648386809990309 0.657632710795994 0.671962301869684 0.676475942754771 0.678127121321919 0.691907010905364 0.733286737622812 0.749795015192017 0.755256990145934 0.771037018937714 0.771417231029757 0.77841279850774 0.791067119316301 0.794854491203538 -9999 -9999 -9999 -9999 -9999 -9999 -9999 -9999 -9999 -9999 -9999 -9999 -9999 -9999 -9999 -9999 -9999 -9999 -9999 -9999 -9999 -9999 -9999 -9999 -9999
0.540976474822769 0.532630479986958 0.537784813487342 0.556467899687402 0.569493293201291 0.58049114877513 0.585168300560901 0.579644098923295 0.572313761995301 0.571453231632681 0.582651877464225 0.604676213741927 0.617832695446294 0.61919174732564 0.619832165763353 0.627340186364397 0.643044375583611 0.655372046229353 0.654779554803461 0.65770381326832 0.661746817145364 0.676596641881819 0.682331067029561 0.694554212793608 0.718786535211381 0.739816041895165 0.764298243226778 0.7628199335075 0.7746591861578 0.773499423785713 0.784246829011143 0.795771353087698 0.798026021466328 -9999 -9999 -9999 -9999 -9999 -9999 -9999 -9999 -9999 -9999 -9999 -9999 -9999 -9999 -9999 -9999 -9999 -9999 -9999 -9999 -9999 -9999 -9999 -9999 -9999
0.552250268036389 0.551965404646971 0.542078187803669 0.554163154439864 0.564731218974193 0.581104739947261 0.580042934997645 0.575724610937049 0.572471538859074 0.571642776950285 0.577320055896551 0.602592714207809 0.605798042031903 0.606196010535875 0.618053054731918 0.635532200429386 0.6519512391501 0.665776243630972 0.676003998756486 0.680910572916714 0.685569827395035 0.685670786569186 0.684471595176444 0.699318808048174 0.746190823893117 0.761651467508406 0.768776538309112 0.768693530167429 0.767498558075453 0.776003338470291 0.789114186261979 0.797884151330462 0.798546374936249 -9999 -9999 -9999 -9999 -9999 -9999 -9999 -9999 -9999 -9999 -9999 -9999 -9999 -9999 -9999 -9999 -9999 -9999 -9999 -9999 -9999 -9999 -9999 -9999 -9999
0.55708060778898 0.555975820554061 0.542882773549811 0.553159482228369 0.566084537482946 0.574094256433975 0.583176738769243 0.578030961827051 0.573708330728209 0.56683739729307 0.56909338892753 0.597918659326988 0.585502181094019 0.598997235650238 0.623744089352831 0.645476864989275 0.663004834698223 0.687378747365644 0.700119888342394 0.701436209803765 0.701471068422804 0.695968560160005 0.698980302065224 0.700917410328579 0.723037648581897 0.736237945883557 0.751643808009319 0.768418037349852 0.770360852539753 0.78258121914307 0.7919106324299 0.799272190025044 -9999 -9999 -9999 -9999 -9999 -9999 -9999 -9999 -9999 -9999 -9999 -9999 -9999 -9999 -9999 -9999 -9999 -9999 -9999 -9999 -9999 -9999 -9999 -9999 -9999 -9999
0.556124756974117 0.561891404728776 0.556289526294802 0.562171117520046 0.567711134477805 0.562614265939531 0.579611242619652 0.581036932215922 0.577873278110427 0.567521375628065 0.570499418233703 0.594213816216394 0.569487641906466 0.595977671800451 0.60654164629102 0.652476115636148 0.678642754120339 0.704474211838827 0.715930195379483 0.701596499255684 0.695032742507641 0.694307452269145 0.721774955888977 0.730443406853897 0.72204959628157 0.728803517592742 0.746435557108439 0.769390303548214 0.778415852163801 0.78777214171165 0.794351819375517 0.799617208397515 -9999 -9999 -9999 -9999 -9999 -9999 -9999 -9999 -9999 -9999 -9999 -9999 -9999 -9999 -9999 -9999 -9999 -9999 -9999 -9999 -9999 -9999 -9999 -9999 -9999 -9999
0.55570991217375 0.559219181500232 0.554543817950507 0.554032004062649 0.564106461011399 0.555191441378741 0.580505887660644 0.581364295184147 0.580986931712133 0.585785486949721 0.595939858984373 0.590801017915857 0.605315484644978 0.614872454137632 0.628455416512396 0.651136482477585 0.677621565272298 0.700262228755488 0.709052011604987 0.681804714339685 0.693757117235708 0.694328153856833 0.704578078327318 0.711342614938504 0.713308247534792 0.731980384171201 0.757394015756566 0.77526499631841 0.783140725241829 0.792270697879496 0.797578142434817 -9999 -9999 -9999 -9999 -9999 -9999 -9999 -9999 -9999 -9999 -9999 -9999 -9999 -9999 -9999 -9999 -9999 -9999 -9999 -9999 -9999 -9999 -9999 -9999 -9999 -9999 -9999
0.55478416031357 0.555029219418118 0.548639433319202 0.549680110949064 0.552560583043253 0.558118414571415 0.583074177810207 0.577766109398603 0.574787037314172 0.580251560445708 0.595165612862074 0.594515060825466 0.591577649879776 0.621421569446513 0.640361389475659 0.646981990464202 0.669890396101097 0.674570615098482 0.669819806752104 0.670265405768225 0.684417141733734 0.701288590333852 0.731721712867628 0.732884815113055 0.732738717627741 0.745416957943269 0.770565339361216 0.785651624237706 0.789516008917786 0.797484419204196 0.801477109634035 -9999 -9999 -9999 -9999 -9999 -9999 -9999 -9999 -9999 -9999 -9999 -9999 -9999 -9999 -9999 -9999 -9999 -9999 -9999 -9999 -9999 -9999 -9999 -9999 -9999 -9999 -9999
0.545129713324017 0.54232189828193 0.540789954844592 0.544625317925006 0.547048970648698 0.564895640135906 0.572102433538865 0.579385286330255 0.56113537494112 0.565841172545655 0.597286206765149 0.581565467341872 0.599009048777454 0.617256033806773 0.637435673836293 0.645956985896634 0.662821380978598 0.645911321732914 0.662404751712282 0.68611792232497 0.697462908076455 0.722608513705955 0.740016293235155 0.751458002791211 0.758722933515317 0.757834462328025 0.772825842377236 0.786427522324894 0.794576301677773 0.799415874848705 0.80199661130816 -9999 -9999 -9999 -9999 -9999 -9999 -9999 -9999 -9999 -9999 -9999 -9999 -9999 -9999 -9999 -9999 -9999 -9999 -9999 -9999 -9999 -9999 -9999 -9999 -9999 -9999 -9999
0.534092848887743 0.534944959714579 0.534053126483985 0.541634541966416 0.556167369552408 0.568714485418447 0.550614754169416 0.551329212549375 0.544488042624575 0.571484521495943 0.580200729268071 0.576523927060928 0.606703434624066 0.618466886496747 0.630950534446606 0.631386617852912 0.648485141147696 0.658211882187405 0.670653413013793 0.704197263092615 0.717365020947404 0.735843428921449 0.743083487014496 0.758979185712705 0.765012238085483 0.774697295153703 0.779203182663925 0.7837957145254 0.79642225851294 0.804187005380123 0.804302827197166 -9999 -9999 -9999 -9999 -9999 -9999 -9999 -9999 -9999 -9999 -9999 -9999 -9999 -9999 -9999 -9999 -9999 -9999 -9999 -9999 -9999 -9999 -9999 -9999 -9999 -9999 -9999
0.525156388858642 0.531532022658106 0.534740309052164 0.548466484279861 0.551419032185318 0.548386843194959 0.551303366803985 0.558839427998043 0.568119515749015 0.57651599020236 0.560956417261205 0.576280343989717 0.608012864574754 0.623974514390447 0.623390364257382 0.633740362517719 0.675131573518682 0.703382962434078 0.695471388588917 0.703329633277068 0.721944429799932 0.738103481458266 0.754721224768919 0.764814604990605 0.769421542350012 0.776428444853751 0.785747817735987 0.791772693650449 0.801250798185516 0.808757388488206 0.809071548868113 -9999 -9999 -9999 -9999 -9999 -9999 -9999 -9999 -9999 -9999 -9999 -9999 -9999 -9999 -9999 -9999 -9999 -9999 -9999 -9999 -9999 -9999 -9999 -9999 -9999 -9999 -9999
0.51561154924918 0.523142571485731 0.537385988188848 0.554308808578561 0.558067420686295 0.552018356674412 0.555278638723941 0.568481401435965 0.586215739466889 0.570890257617201 0.550770134715465 0.575876071394177 0.600796599475583 0.612140057504263 0.630628991297282 0.656987062190353 0.693879251673001 0.712037680263723 0.710184591518771 0.712724249041492 0.723624611526819 0.739019753876537 0.754371479200105 0.763077187087336 0.775304927246859 0.787224178154748 0.791003267679008 0.797464976242729 0.804089297721487 0.809906610043913 -9999 -9999 -9999 -9999 -9999 -9999 -9999 -9999 -9999 -9999 -9999 -9999 -9999 -9999 -9999 -9999 -9999 -9999 -9999 -9999 -9999 -9999 -9999 -9999 -9999 -9999 -9999 -9999
0.519440700661542 0.530560253258677 0.533158490579062 0.554776251450832 0.568432580478065 0.559892463469356 0.56205205011015 0.576558634101073 0.591622892344965 0.57126189451881 0.557539502391426 0.56709927518342 0.592830462302807 0.628757988373783 0.645381847290019 0.668205565466603 0.698851682402697 0.72123117372348 0.72738701191297 0.726240414572768 0.727812396050982 0.741227437662324 0.75572539854791 0.766731127844415 0.778338487141866 0.790173832381501 0.794833038326703 0.800628987642433 0.804959048977054 -9999 -9999 -9999 -9999 -9999 -9999 -9999 -9999 -9999 -9999 -9999 -9999 -9999 -9999 -9999 -9999 -9999 -9999 -9999 -9999 -9999 -9999 -9999 -9999 -9999 -9999 -9999 -9999 -9999
0.506133872678919 0.521812340335823 0.533944645396046 0.557009846814304 0.568885431630552 0.565291649877266 0.569073651735832 0.580671043773926 0.590908525231754 0.597560764107171 0.568918880760486 0.588968740106604 0.617818512542257 0.628355280665516 0.639713509511458 0.656041202738075 0.698350388724027 0.732280906002531 0.739281059744304 0.725393080360186 0.717515160243005 0.728811540150963 0.751167441948951 0.765738294777527 0.77700064466719 0.790617462576179 0.79787725102007 0.803634295577056 0.807199868285685 -9999 -9999 -9999 -9999 -9999 -9999 -9999 -9999 -9999 -9999 -9999 -9999 -9999 -9999 -9999 -9999 -9999 -9999 -9999 -9999 -9999 -9999 -9999 -9999 -9999 -9999 -9999 -9999 -9999
0.512468894844849 0.518833752748943 0.544016592992403 0.557857992093384 0.563765333454198 0.564838831865451 0.57071572657861 0.576846273272933 0.588977119717585 0.598286753191544 0.568843326997012 0.606785652241071 0.628111108898533 0.629364245918118 0.637568154970673 0.655776537832759 0.704436035876226 0.734231972019358 0.739860756283981 0.731732446987806 0.740973980921884 0.753754846765774 0.761159978213031 0.768836314118052 0.781669583717079 0.79302321166799 0.800649889984023 0.804229084633075 -9999 -9999 -9999 -9999 -9999 -9999 -9999 -9999 -9999 -9999 -9999 -9999 -9999 -9999 -9999 -9999 -9999 -9999 -9999 -9999 -9999 -9999 -9999 -9999 -9999 -9999 -9999 -9999 -9999 -9999
0.498401317283397 0.517310965145043 0.551818190397959 0.556988794509579 0.561662709009802 0.560798094032387 0.566330650556979 0.568226187955866 0.582788477837683 0.590801308592539 0.567702482732907 0.603373511877974 0.62582879914833 0.642191195947635 0.659707253589136 0.683181722949413 0.715456347466751 0.734047035851225 0.747771969522504 0.743397793526068 0.734674416547366 0.738265265790798 0.76102197787979 0.768967366478049 0.785819119872694 0.795525189784317 0.802858962741524 0.805605010769501 -9999 -9999 -9999 -9999 -9999 -9999 -9999 -9999 -9999 -9999 -9999 -9999 -9999 -9999 -9999 -9999 -9999 -9999 -9999 -9999 -9999 -9999 -9999 -9999 -9999 -9999 -9999 -9999 -9999 -9999
0.483559289436204 0.521535863031739 0.553560861420258 0.555907464094573 0.561763802945131 0.566889178663775 0.566315572207572 0.574844056910236 0.581446205963684 0.595918626255544 0.569977323391145 0.579253414190119 0.62626230844552 0.643685128907848 0.672485598488198 0.710779305049776 0.726669024637988 0.730945929966993 0.73754758882109 0.737340192844993 0.744213718782759 0.720765714456892 0.760689793484549 0.767213705112662 0.785259345097067 0.795751157314585 0.804082812886124 0.805645313506963 -9999 -9999 -9999 -9999 -9999 -9999 -9999 -9999 -9999 -9999 -9999 -9999 -9999 -9999 -9999 -9999 -9999 -9999 -9999 -9999 -9999 -9999 -9999 -9999 -9999 -9999 -9999 -9999 -9999 -9999
0.492927531925724 0.53033775534989 0.553446409583699 0.551074612618625 0.545112515326806 0.551172209667144 0.558838907337315 0.570130866463648 0.56996983682052 0.585791317465523 0.571951580817349 0.588062029068083 0.624487673199702 0.622709457224709 0.626709058855837 0.709093376073707 0.709376841776512 0.710606095232176 0.710659094428404 0.711991429423169 0.749645701557577 0.716828239923134 0.765717316275652 0.770618751660524 0.788574777571938 0.800295542444713 0.805169413661534 0.805538265928451 -9999 -9999 -9999 -9999 -9999 -9999 -9999 -9999 -9999 -9999 -9999 -9999 -9999 -9999 -9999 -9999 -9999 -9999 -9999 -9999 -9999 -9999 -9999 -9999 -9999 -9999 -9999 -9999 -9999 -9999
0.517875189899717 0.542464677476842 0.55161435026258 0.550954075427079 0.549536617558313 0.556201388849282 0.557216827083742 0.558965066584099 0.568429899136406 0.573824010177351 0.577339312414236 0.616616376820535 0.617144003577942 0.646815460915428 0.672285049011027 0.689076284965164 0.684115659058726 0.692518908624125 0.700111479665371 0.720214081904295 0.738298222709354 0.73240722276141 0.768681438059932 0.756521703829657 0.791583780198453 0.801370324010884 0.805238698282567 -9999 -9999 -9999 -9999 -9999 -9999 -9999 -9999 -9999 -9999 -9999 -9999 -9999 -9999 -9999 -9999 -9999 -9999 -9999 -9999 -9999 -9999 -9999 -9999 -9999 -9999 -9999 -9999 -9999 -9999 -9999
