layers/veg/veg2800.asc
NCOLS 255 
NROWS 330 
XLLCORNER -2985163.8955 
YLLCORNER -3022031.214 
CELLSIZE 25000 
NODATA_value -9999 
[rows 125 to 149 of 330, columns 171 to 227 of 255]
0.390951752686621 0.42622919772687 0.418542973151126 0.417995819570209 0.419355343156802 0.401490265905077 0.382903580907686 0.377248036157633 0.383738913690571 0.390206373422179 0.392105294743915 0.39407545043154 0.401039314646151 0.399793411690917 0.40433674364899 0.423192074362196 0.432884792405518 0.435664064850107 0.435677300123104 0.416466376403544 0.398982830635394 0.41701845117327 0.421657525724534 0.381551137225254 0.353057280087529 0.362461284258516 0.401614558790981 0.451590777048755 0.459086370447722 0.465401218501923 0.48619104024955 0.498351760106373 0.500998983496708 0.494712042275555 0.503423262182901 0.522775461953809 0.529410847240864 0.543482189864991 0.547239083538299 0.546834858048734 0.549608567986535 -9999 -9999 -9999 -9999 -9999 -9999 -9999 -9999 -9999 -9999 -9999 -9999 -9999 -9999 -9999 -9999
0.365262511072494 0.358664986680656 0.382867843581467 0.414778352513202 0.414423128087744 0.390607554150301 0.37326824835079 0.378497062076158 0.38667536945806 0.394025071573707 0.39966778565689 0.403184074246352 0.411350191352461 0.420389353314999 0.419415025134115 0.425294748291425 0.438745425892005 0.442903231977973 0.440222090369631 0.418688767038361 0.402396918367545 0.417976068680277 0.415700305203244 0.37402630517564 0.368564462073339 0.391101333312454 0.402243580600976 0.443976177144009 0.476915994060624 0.476792621687594 0.455171673081046 0.452860480035049 0.469352288424255 0.491577113108726 0.515750582084198 0.529155229666834 0.541256071108681 0.551705474038063 -9999 0.555540522628552 0.55523849540048 -9999 -9999 -9999 -9999 -9999 -9999 -9999 -9999 -9999 -9999 -9999 -9999 -9999 -9999 -9999 -9999
0.335270228217335 0.338939069416878 0.376650612399941 0.418198763208943 0.412414205782706 0.388003434931802 0.37113783211228 0.377084901072779 0.386543861950869 0.394963747879394 0.396926236433071 0.403687831120321 0.41510848890792 0.416415863056253 0.409741453221126 0.424380512551657 0.447086157831783 0.449797381318851 0.445824001751681 0.413636637558618 0.394619182107252 0.420998240793874 0.420531121996832 0.384682897454359 0.387939098307399 0.404075019217998 0.406775967757673 0.447311971729411 0.47319062963802 0.471018629355047 0.453082529984864 0.464232313813923 0.475584818830562 0.498504481966287 0.527732836307394 0.536641529405806 0.548871703810756 0.556924276675792 -9999 -9999 -9999 -9999 -9999 -9999 -9999 -9999 -9999 -9999 -9999 -9999 -9999 -9999 -9999 -9999 -9999 -9999 -9999
0.351275160711928 0.396645675539297 0.414847803666484 0.413923868633264 0.39748831120033 0.372347384936748 0.365751173992273 0.375494809912898 0.386198793597739 0.398617265350795 0.407299809973522 0.409744890188211 0.409402069950559 0.410452190352635 0.422545310998244 0.442448107653552 0.452318138661158 0.454206569904607 0.450785965999336 0.430657952567576 0.411059894210374 0.412837440562227 0.426828521762288 0.444339170078663 0.452219295859917 0.429806079268945 0.420913618634799 0.465870179935458 0.492016251070913 0.471113146006878 0.44919999775676 0.463343889265165 0.476079400393103 0.503257137395681 0.53436398139372 0.548609615753537 0.559040860565404 -9999 -9999 -9999 -9999 -9999 -9999 -9999 -9999 -9999 -9999 -9999 -9999 -9999 -9999 -9999 -9999 -9999 -9999 -9999 -9999
0.361036411524721 0.398437453653803 0.412756921630508 0.411412681165499 0.400470382747857 0.383354521308282 0.373566253290295 0.375304140101781 0.385296301607044 0.395138141905572 0.404861990461242 0.416727083929572 0.425791501995162 0.43243793217145 0.44377736019043 0.454580744294257 0.458740568836915 0.459953886247468 0.460887745585476 0.458209458321376 0.436741385547258 0.42913261982368 0.455643939375653 0.472041468231786 0.468628803037422 0.449326159717265 0.459523226206024 0.495825220238423 0.508769467841813 0.490496217030799 0.475059931082518 0.480828293946161 0.495279668320488 0.523207941325391 0.542893221279508 0.55446146958194 0.56523024964524 -9999 -9999 -9999 -9999 -9999 -9999 -9999 -9999 -9999 -9999 -9999 -9999 -9999 -9999 -9999 -9999 -9999 -9999 -9999 -9999
0.364373042183544 0.407683314613683 0.409357565262216 0.404211863773854 0.386181538667991 0.37415867715216 0.375056991770764 0.375684519193674 0.387390948856515 0.39776800177429 0.404316080293188 0.417811312571633 0.429161625521782 0.437187373543987 0.449983655241565 0.45780210660324 0.458814482304702 0.460028037400492 0.459523611362394 0.462767240793294 0.454030200003942 0.450550730617578 0.464518170381994 0.467977710065961 0.483061915293988 0.496690266683342 0.507429160056468 0.513751610254555 0.512490395141728 0.502864149179473 0.500854174825411 0.514047485259353 0.522420408082535 0.533393724276258 0.546435531121351 0.56510765918514 0.571307008506238 -9999 -9999 -9999 -9999 -9999 -9999 -9999 -9999 -9999 -9999 -9999 -9999 -9999 -9999 -9999 -9999 -9999 -9999 -9999 -9999
0.365283068250085 0.400916365066304 0.401701150632716 0.385816499597644 0.36687844254878 0.367983329047294 0.373327667741648 0.379899824715042 0.389989391797996 0.396899079799584 0.402392773102246 0.41251358069932 0.426789386003544 0.437234530104626 0.452129133967262 0.453026196625755 0.452208229703823 0.46342329013641 0.455259596080077 0.454367643894812 0.45070347383353 0.448754587397771 0.46680842289705 0.478389333374602 0.496142802159968 0.501030199201669 0.507483146609699 0.511600762834648 0.49875882472922 0.49247663753523 0.50222728052339 0.524850710179284 0.542222843721426 0.543568072935557 0.554201605779237 0.56668874131858 -9999 -9999 -9999 -9999 -9999 -9999 -9999 -9999 -9999 -9999 -9999 -9999 -9999 -9999 -9999 -9999 -9999 -9999 -9999 -9999 -9999
0.356716637782038 0.375196897702988 0.366950716490494 0.354360768158685 0.354022646691516 0.36532371604709 0.380137439511829 0.38723610592692 0.392510772307097 0.400810480470878 0.407559055884105 0.410448023326179 0.420166196671241 0.436014170543207 0.454584398890531 0.469917489800033 0.47285383819331 0.472905377266613 0.467653677997074 0.463002967146129 0.457672367142444 0.457507071073542 0.472508923201438 0.479019767880261 0.482608412379366 0.492287950599562 0.498460124645648 0.48981694665966 0.48096542726507 0.483597008076679 0.494859659963649 0.525579298255427 0.548794764682454 0.552327156088951 0.564262115542355 0.570070196012783 -9999 -9999 -9999 -9999 -9999 -9999 -9999 -9999 -9999 -9999 -9999 -9999 -9999 -9999 -9999 -9999 -9999 -9999 -9999 -9999 -9999
0.341920718057815 0.347292038348495 0.338187342311312 0.347185089172207 0.357039378784513 0.370334643420245 0.386563046257258 0.389071238468561 0.391811122787555 0.40448868621611 0.412662511458714 0.414108395113896 0.418813963906604 0.438040488934125 0.461835617673587 0.476228067504313 0.480186524618315 0.471672660397949 0.456172547465054 0.458726682465534 0.462080242638358 0.460979826492239 0.47194482918589 0.47913336036072 0.488531631201213 0.503095337461146 0.502718464606401 0.474826010920714 0.46590186447212 0.479747318791393 0.514120140461435 0.547553705769561 0.550364250283743 0.55629483660904 0.572662694993185 0.57429867705828 -9999 -9999 -9999 -9999 -9999 -9999 -9999 -9999 -9999 -9999 -9999 -9999 -9999 -9999 -9999 -9999 -9999 -9999 -9999 -9999 -9999
0.320520691926241 0.339609963484961 0.348329389875232 0.353315255857468 0.366886400467162 0.382454822069749 0.380799299202327 0.38849542163614 0.405522575947429 0.419004041333033 0.426909139253773 0.42857718083186 0.435985791044746 0.455571992794413 0.472091836627352 0.478105528080055 0.484239710217455 0.475335056250079 0.468613062408999 0.46198122351602 0.446385317622142 0.463197694163542 0.479288979394382 0.48541684396381 0.500031058473505 0.512101623870746 0.499797667654928 0.477776481037381 0.475332637818403 0.495039777614602 0.523526680927297 0.540115142315721 0.545574961811901 0.564435329267478 0.583826281399593 -9999 -9999 -9999 -9999 -9999 -9999 -9999 -9999 -9999 -9999 -9999 -9999 -9999 -9999 -9999 -9999 -9999 -9999 -9999 -9999 -9999 -9999
0.317912375333386 0.331025885036321 0.351654607898884 0.371763782005953 0.380903634828479 0.392981176321379 0.395162987491896 0.399466182284689 0.413050596947037 0.427153090231435 0.438865203548034 0.444743586089315 0.453218524990766 0.460419680305267 0.468468602937621 0.480615535211904 0.488338236543756 0.492111824695493 0.483372404651352 0.466758959331538 0.456745259893093 0.466257410735074 0.477090248842165 0.47502544808085 0.488307380289715 0.500070924845667 0.495803754076226 0.503262916756711 0.522311097133822 0.53115017838487 0.537730638141 0.553291787561497 0.560391320268668 0.573140915989505 0.585085232619619 -9999 -9999 -9999 -9999 -9999 -9999 -9999 -9999 -9999 -9999 -9999 -9999 -9999 -9999 -9999 -9999 -9999 -9999 -9999 -9999 -9999 -9999
0.334503342514549 0.343931206725294 0.348824997956533 0.354129787740493 0.371493651489255 0.397347163822919 0.411743691375296 0.413064089175981 0.423716185258951 0.439763870449185 0.450328281223931 0.454277327966643 0.447519323290501 0.440758755007112 0.460176457457242 0.484311449718498 0.492743476960734 0.498814966116226 0.484033500335451 0.468622518227713 0.477010214298026 0.483645022091007 0.492748133289911 0.495461006244341 0.50054594298699 0.5065141570612 0.51387155691058 0.532968077372543 0.552940714687518 0.56584818746944 0.571574122593657 0.572559422104538 0.559684680078318 0.565583090765937 0.591475792516067 -9999 -9999 -9999 -9999 -9999 -9999 -9999 -9999 -9999 -9999 -9999 -9999 -9999 -9999 -9999 -9999 -9999 -9999 -9999 -9999 -9999 -9999
0.343462552158211 0.353406454736209 0.355774033272579 0.359556339842689 0.386028108676667 0.40930046216706 0.41373960353407 0.417647266692028 0.426083521820426 0.441865645769504 0.449088526822019 0.448482279054701 0.440604977434946 0.440083055571116 0.462677740502521 0.486850451325746 0.489780574826981 0.491868093516317 0.4842714742315 0.473709124596149 0.484968894404631 0.49573290271352 0.503191177319896 0.506196839151063 0.510374282903645 0.515932087725238 0.522382407880308 0.533785623363503 0.559145403335391 0.572922615671841 0.57511194270131 0.568655347352817 0.563486417464169 0.58452183738798 0.600592440142362 -9999 -9999 -9999 -9999 -9999 -9999 -9999 -9999 -9999 -9999 -9999 -9999 -9999 -9999 -9999 -9999 -9999 -9999 -9999 -9999 -9999 -9999
0.354716082501356 0.37381696189123 0.383570047528213 0.372869134111774 0.371852670533105 0.391600065560323 0.416331902022629 0.428294293111381 0.434604248461349 0.439997542703419 0.437305525402643 0.432622880373953 0.431534973421547 0.44071551100475 0.466063512493141 0.488261749682511 0.488578115188636 0.48584213465244 0.49015726539091 0.497493943737174 0.508627536928611 0.513559204188882 0.507245734069146 0.512766346990501 0.520423574039002 0.526118767852104 0.532919724450323 0.551543587733362 0.576163325454739 0.57864274262775 0.584906143891013 0.585027877551761 0.586265289670279 0.600811615901189 0.609740074524991 -9999 -9999 -9999 -9999 -9999 -9999 -9999 -9999 -9999 -9999 -9999 -9999 -9999 -9999 -9999 -9999 -9999 -9999 -9999 -9999 -9999 -9999
0.35737215865824 0.372398725400683 0.395291185715983 0.393042923284979 0.380939277539384 0.390318816960592 0.413344233920085 0.42326317844585 0.432764117202353 0.437288310032619 0.432559279933897 0.434523151835673 0.435568020164279 0.441417779470907 0.467334645086157 0.482246046260525 0.475637503648824 0.483296943895358 0.498347221573027 0.51525111669696 0.529413960776592 0.532192994835972 0.52880039385101 0.533251764291932 0.538557448599731 0.546561293306035 0.552718234762635 0.571884289100505 0.592217853575106 0.596586462572366 0.600082090912104 0.592462749584792 0.593175259472751 0.609784718822074 0.616501474258881 -9999 -9999 -9999 -9999 -9999 -9999 -9999 -9999 -9999 -9999 -9999 -9999 -9999 -9999 -9999 -9999 -9999 -9999 -9999 -9999 -9999 -9999
0.362995230904414 0.381589824726384 0.404880077015013 0.410771907271509 0.408266780453449 0.402715793815269 0.406568460601353 0.420867729558988 0.433914800573452 0.435010756485008 0.431081962165602 0.433111085951197 0.433763290361507 0.436635235568716 0.463170702511743 0.478878582588803 0.469627291955271 0.489467847467225 0.509182888135445 0.521841348433856 0.541191464537433 0.557441294315026 0.560445358851378 0.563033576468455 0.558769454097055 0.550802855416134 0.572682010471906 0.602733628544537 0.609988566515861 0.607393406679218 0.601830818244572 0.598355670079452 0.607177204554822 0.615919119967922 0.618806440782636 -9999 -9999 -9999 -9999 -9999 -9999 -9999 -9999 -9999 -9999 -9999 -9999 -9999 -9999 -9999 -9999 -9999 -9999 -9999 -9999 -9999 -9999
0.373828528159477 0.388801962632148 0.409727417419181 0.418985254521686 0.420090354335437 0.416164920289089 0.41703223600425 0.42685506437217 0.431559034464365 0.431602283516185 0.430718215078632 0.427560480463013 0.427898395955969 0.435558740763817 0.460312053899906 0.476327627885405 0.480737949110054 0.504525780347685 0.524804352905028 0.553904005638154 0.58183533602442 0.591420831518659 0.601440304335193 0.591834120847986 0.578727976483114 0.584027886655788 0.590371756820943 0.595726016675676 0.594431864426718 0.593335443843388 0.606425317636643 0.61189427793746 0.615541531846202 0.621412753128789 0.622041792990506 -9999 -9999 -9999 -9999 -9999 -9999 -9999 -9999 -9999 -9999 -9999 -9999 -9999 -9999 -9999 -9999 -9999 -9999 -9999 -9999 -9999 -9999
0.39230316616437 0.405484255248331 0.412734754233046 0.42224056317289 0.421003188565347 0.421868307514114 0.425430685092522 0.423999753263427 0.419382626533311 0.422504594017197 0.436037230798008 0.435568963483328 0.431164835381085 0.439384369848225 0.455109156834174 0.461344284260439 0.476032493934099 0.511147190258356 0.543693663587195 0.580844478552627 0.617086105765069 0.629417833423694 0.611452300365001 0.581430407096598 0.580139481778064 0.606943513633139 0.613569896906449 0.585823303240253 0.578502614047982 0.59770704015289 0.616553463039249 0.621541489671029 0.628056463581149 0.631742537516496 -9999 -9999 -9999 -9999 -9999 -9999 -9999 -9999 -9999 -9999 -9999 -9999 -9999 -9999 -9999 -9999 -9999 -9999 -9999 -9999 -9999 -9999 -9999
0.395371506240739 0.415243145075434 0.420316247820475 0.425153259017272 0.422986927864149 0.420181743270436 0.418823869429731 0.413763661031002 0.413454583555374 0.418249354242434 0.428721688548751 0.436858488540173 0.439926451574698 0.452066127264811 0.468069693896594 0.477232918965248 0.499375702280718 0.538891475113627 0.57245496695559 0.601292472125642 0.624911953290179 0.629397121433483 0.603365888107458 0.591913515603403 0.59855640585059 0.60716023629406 0.609617945670699 0.591459238157735 0.591452194420823 0.605954055634995 0.62138335500699 0.62854682977052 0.632200667009559 0.636326683120655 -9999 -9999 -9999 -9999 -9999 -9999 -9999 -9999 -9999 -9999 -9999 -9999 -9999 -9999 -9999 -9999 -9999 -9999 -9999 -9999 -9999 -9999 -9999
0.400218625849451 0.422569517086363 0.428513288513917 0.428733768791833 0.424219662975485 0.417606966934026 0.408676756653394 0.396965039611465 0.401501708231263 0.421484198069362 0.424162899215554 0.40979645337089 0.420713718535662 0.446261417691786 0.460171875087682 0.497742414997044 0.529524812732119 0.553598362975953 0.58597532737146 0.606501962325755 0.618270648812751 0.62050112637541 0.610636322673715 0.61138786669543 0.61880386988013 0.638885792159137 0.650326138332457 0.625990969174119 0.604807321572786 0.619628910139651 0.636358280338639 0.632281285216213 0.635417495509099 0.643437959299299 -9999 -9999 -9999 -9999 -9999 -9999 -9999 -9999 -9999 -9999 -9999 -9999 -9999 -9999 -9999 -9999 -9999 -9999 -9999 -9999 -9999 -9999 -9999
0.413773948538779 0.427204258175277 0.428367772630751 0.427008034047053 0.414746093260738 0.405042423955503 0.398403922400017 0.393766832114516 0.402397344472083 0.411458708078222 0.406460092272908 0.383343978190555 0.399491711445277 0.435401813615968 0.461800290428551 0.50452280160598 0.532905639143303 0.575173392887791 0.609236444199633 0.611675208930737 0.62313519155307 0.64006794059714 0.63216394544292 0.658091421736523 0.672569558473434 0.664487729571061 0.660994748485637 0.655700636473826 0.651063342416957 0.647681985911754 0.647747664154086 0.646737563471744 0.647565485087367 0.647312363289716 -9999 -9999 -9999 -9999 -9999 -9999 -9999 -9999 -9999 -9999 -9999 -9999 -9999 -9999 -9999 -9999 -9999 -9999 -9999 -9999 -9999 -9999 -9999
0.410488330109091 0.422791387473203 0.419972228296413 0.416584586306111 0.412494199311065 0.40301350009198 0.399734980759702 0.40462432949828 0.408452826965287 0.395472484740053 0.398364172946722 0.384003945822396 0.390988086588075 0.415429847751692 0.432494417559194 0.505665823430507 0.550310689891485 0.575884542182633 0.610464674878237 0.64049553730952 0.656579299445627 0.672342752651889 0.681016315819074 0.685865639364088 0.687470048273617 0.679596923363588 0.672038212870155 0.664012584573516 0.659875377984917 0.658454577803312 0.655316033476061 0.653743728582978 0.654267066127558 -9999 -9999 -9999 -9999 -9999 -9999 -9999 -9999 -9999 -9999 -9999 -9999 -9999 -9999 -9999 -9999 -9999 -9999 -9999 -9999 -9999 -9999 -9999 -9999
0.409669839557107 0.414427086728438 0.415524563210502 0.41584101189956 0.412858972610416 0.407050838044921 0.411188614319425 0.417091765444515 0.410626155042304 0.396442560733141 0.4052491635568 0.401167455257671 0.396638457179729 0.403428685960092 0.440754711377878 0.515462501348842 0.552979776696435 0.584169822398894 0.643064019040079 0.700797452504654 0.723940507714047 0.714827701857964 0.707573259714977 0.701993801534813 0.694694390236555 0.689134462351042 0.680780459589067 0.673045033395734 0.667118830927051 0.66603967563638 0.662652234629432 0.659331555344107 0.659714726895655 -9999 -9999 -9999 -9999 -9999 -9999 -9999 -9999 -9999 -9999 -9999 -9999 -9999 -9999 -9999 -9999 -9999 -9999 -9999 -9999 -9999 -9999 -9999 -9999
0.397341644887516 0.400265807235279 0.41310665141785 0.409312688017694 0.408775991451809 0.416738669229603 0.430483872480662 0.432356590534966 0.4140447909875 0.409898850140927 0.419449677347635 0.42730945484819 0.419098117673007 0.400089853958881 0.425567129421521 0.497779702137076 0.57406734156782 0.618713929745661 0.680622665492083 0.737624634905032 0.756062791645872 0.741705272337649 0.714369569604003 0.703952937849664 0.698164810048703 0.692750606179414 0.685769300750946 0.68105546217695 0.678971047972885 0.676177115879364 0.669674225242733 0.665890980325844 0.664600429764186 -9999 -9999 -9999 -9999 -9999 -9999 -9999 -9999 -9999 -9999 -9999 -9999 -9999 -9999 -9999 -9999 -9999 -9999 -9999 -9999 -9999 -9999 -9999 -9999
0.395339352403993 0.400900139154552 0.423338721847893 0.421072305503645 0.419834901050573 0.423281113392004 0.432785579929941 0.439333174445846 0.424708826784673 0.417997708110034 0.428254786834258 0.438518205503115 0.427841483940201 0.413602808442197 0.45408132559456 0.525054224582884 0.586203632973541 0.622645760635229 0.678537151228478 0.71014447055663 0.720459798783629 0.734963102606409 0.718781579894714 0.709937619220098 0.704760512057536 0.696120225653209 0.688153207372163 0.683622110777221 0.681447695226415 0.677082372362458 0.674398594651558 -9999 -9999 -9999 -9999 -9999 -9999 -9999 -9999 -9999 -9999 -9999 -9999 -9999 -9999 -9999 -9999 -9999 -9999 -9999 -9999 -9999 -9999 -9999 -9999 -9999 -9999
