layers/veg/veg2800.asc
NCOLS 255 
NROWS 330 
XLLCORNER -2985163.8955 
YLLCORNER -3022031.214 
CELLSIZE 25000 
NODATA_value -9999 
[rows 125 to 149 of 330, columns 171 to 227 of 255]
0.428041515194778 0.465556867386341 0.459763988203068 0.461695853624031 0.465241401282801 0.449383170915988 0.433328507786371 0.429942895977618 0.438745811607614 0.448024490382439 0.452259061024419 0.456423855720433 0.466025264670981 0.466856511714315 0.473278908539312 0.49434639239238 0.505659456065829 0.509638659281368 0.510776570762241 0.492068111937291 0.47470212229202 0.492885621319333 0.497274347481082 0.456204113401129 0.426446326844281 0.434874429337454 0.47314791942735 0.521923758397518 0.527998620564778 0.532857212182937 0.551940689410744 0.562587888447924 0.563699933562714 0.555471843051147 0.562684611332849 0.580998294392601 0.586249793041186 0.598840644346242 0.601243004199856 0.599456086263535 0.601264178530521 -9999 -9999 -9999 -9999 -9999 -9999 -9999 -9999 -9999 -9999 -9999 -9999 -9999 -9999 -9999 -9999
0.400028465442458 0.395172315872033 0.42141981125731 0.455926038130288 0.457585936573312 0.435554933999967 0.420530614502835 0.427913898671528 0.438193643029001 0.448068439190591 0.455816842877341 0.46127591655296 0.471760483538013 0.482688222042068 0.483286701278927 0.49097013101738 0.505849746844897 0.511048049921254 0.50930905922266 0.488171452713878 0.471991161118654 0.487737791430642 0.485235707489242 0.442721972553817 0.436409703513301 0.458294189550577 0.468535926273684 0.509285301089351 0.541280238663449 0.539886687553117 0.516477653674492 0.512765931063684 0.528063945922659 0.548854312503134 0.571871127206715 0.584336503794994 0.595294197259969 0.60458348069873 -9999 0.606553908405486 0.606165140635517 -9999 -9999 -9999 -9999 -9999 -9999 -9999 -9999 -9999 -9999 -9999 -9999 -9999 -9999 -9999 -9999
0.367632334401356 0.373020523856617 0.412786353062561 0.456872804909834 0.452923087787489 0.430144237895017 0.415397478172491 0.423318188631683 0.434689219879712 0.445382202523674 0.449184764506245 0.457683687945403 0.471162532853601 0.474047419174377 0.46867312806806 0.484940262096288 0.508964275143044 0.512556638074412 0.509377541882515 0.477416557063003 0.458468956144691 0.485139760680333 0.484528754464258 0.4480040238912 0.450660510258327 0.46626177510642 0.468180315113084 0.507972603336174 0.533064376685251 0.529819655929776 0.510389583752556 0.520475360401279 0.530790576739596 0.552518970551142 0.580827392105191 0.588900046317315 0.600413911825976 0.608142960393836 -9999 -9999 -9999 -9999 -9999 -9999 -9999 -9999 -9999 -9999 -9999 -9999 -9999 -9999 -9999 -9999 -9999 -9999 -9999
0.3821365847855 0.429527815356047 0.449553710487281 0.450716520057789 0.435946250279455 0.412341089023269 0.407828142575612 0.419458655491218 0.43195502597423 0.446510960221326 0.45694028605916 0.460932259240158 0.462356642398833 0.464825038578209 0.478240541280843 0.499655975691614 0.510608730036767 0.51327718025637 0.510567597634001 0.490722205923475 0.471174785470181 0.473041790125873 0.487054337494519 0.504425220430944 0.51185260834631 0.488673387879601 0.479017904764217 0.523429438539828 0.548933348433148 0.526934145219689 0.503665658392168 0.516918046154356 0.528765326861091 0.554951484554913 0.585287489273577 0.598802557599596 0.608106642894855 -9999 -9999 -9999 -9999 -9999 -9999 -9999 -9999 -9999 -9999 -9999 -9999 -9999 -9999 -9999 -9999 -9999 -9999 -9999 -9999
0.389455228001165 0.428747187832643 0.44481324217212 0.445487283613371 0.436183300816404 0.420569529641611 0.412680613550203 0.416080938365099 0.427688088415303 0.439419384745733 0.450697528905949 0.463990749614285 0.474657522705696 0.482564477533267 0.495031598678285 0.507054839683513 0.512085752490019 0.513949095733592 0.515514796697451 0.513204792310197 0.491748838427165 0.484160302291841 0.510848213032224 0.527179214618535 0.523348155779763 0.503444409278379 0.513203377124001 0.549092652526483 0.561465981859407 0.542308124630025 0.525806483450298 0.530807193187038 0.544572160179939 0.571738103914706 0.590735021030325 0.601325667180736 0.610977658061801 -9999 -9999 -9999 -9999 -9999 -9999 -9999 -9999 -9999 -9999 -9999 -9999 -9999 -9999 -9999 -9999 -9999 -9999 -9999 -9999
0.390138466728115 0.435392899487986 0.438724205901621 0.435564577615598 0.419077620850868 0.408526006773008 0.411290459821537 0.413437900152481 0.426622402671123 0.438691669484683 0.446584589397346 0.461340448525312 0.474089922687514 0.483201711259625 0.496968966015635 0.505789088415783 0.507498941920058 0.509249651956666 0.509256416130201 0.512856708158667 0.504220539467055 0.500804779550441 0.5148742742856 0.518223625046393 0.53316737607613 0.546604353550721 0.557048521676457 0.562880111801498 0.56109121134334 0.550827136077124 0.548082474041301 0.56075478702095 0.568560448976939 0.578829125967534 0.591294979548821 0.60966281321193 0.615712159411698 -9999 -9999 -9999 -9999 -9999 -9999 -9999 -9999 -9999 -9999 -9999 -9999 -9999 -9999 -9999 -9999 -9999 -9999 -9999 -9999
0.388851871181069 0.426462509868422 0.428997068356497 0.415074924296254 0.397684986168877 0.40034046809726 0.40751388583161 0.415572866213269 0.427025318635972 0.435461424892741 0.442168592123342 0.453397691150489 0.468947614536904 0.480373914357357 0.496143064735214 0.497850485365039 0.497614366101663 0.509376956551911 0.501581898168139 0.500964881744096 0.497427841523719 0.495557397820771 0.51377029753692 0.52535686944657 0.543067653920064 0.547765093099348 0.553977278144003 0.557708385646104 0.544349698346722 0.537574478258766 0.546838329701549 0.569147553627251 0.586150207178244 0.586848751228097 0.597003425358476 0.608810154927812 -9999 -9999 -9999 -9999 -9999 -9999 -9999 -9999 -9999 -9999 -9999 -9999 -9999 -9999 -9999 -9999 -9999 -9999 -9999 -9999 -9999
0.376485876948904 0.39724811242389 0.390991977619587 0.380599510272167 0.382029238313745 0.394931234821933 0.41155727563792 0.420031209104455 0.426487851151897 0.436140393663636 0.443945695599411 0.447710532055444 0.458454841160238 0.475157192452266 0.494474962123683 0.510563935140572 0.513975986565256 0.514367280541723 0.50940279774713 0.50492824225138 0.499681464308713 0.4996079876914 0.514767670267949 0.521297688525443 0.524817980200892 0.534455182868258 0.540508545864607 0.531535247252211 0.522356499790333 0.524731963517199 0.535719984668856 0.566367573634805 0.589429160082651 0.592532068882271 0.604164038875658 0.609314279640592 -9999 -9999 -9999 -9999 -9999 -9999 -9999 -9999 -9999 -9999 -9999 -9999 -9999 -9999 -9999 -9999 -9999 -9999 -9999 -9999 -9999
0.357114030902746 0.365803917685765 0.359177492649201 0.370818012958721 0.382586010372733 0.39745512212697 0.415406252195918 0.419135517551133 0.422902689810565 0.436795515573097 0.445880187650052 0.448029939078374 0.453520954249991 0.473466247082434 0.497902969389672 0.512869137460704 0.517178241458167 0.508822323754957 0.493414253956939 0.496142567845312 0.499626270179642 0.498603799434002 0.509712678528504 0.516979132451984 0.526451441750184 0.541113756145811 0.540676645409877 0.512442584149112 0.50333533869386 0.517172149871029 0.551660572163277 0.585206650979994 0.587838203492171 0.593546780558583 0.609883127345757 0.611512349380264 -9999 -9999 -9999 -9999 -9999 -9999 -9999 -9999 -9999 -9999 -9999 -9999 -9999 -9999 -9999 -9999 -9999 -9999 -9999 -9999 -9999
0.331921259842905 0.356066017609479 0.367694337552532 0.375369636151782 0.390872739780666 0.407977627464881 0.407797045332528 0.416670993437876 0.43475420308114 0.449331467813206 0.45803220279091 0.460292824661919 0.468370597658481 0.488560428780464 0.505548349935314 0.511935945595947 0.518342086789519 0.50951351898072 0.502882803109506 0.496295099878161 0.480638986476578 0.497680819282663 0.513975087337084 0.520208268903249 0.535006650410178 0.547223121415127 0.534836202677184 0.512636776340204 0.510169126241896 0.5300240782185 0.558706248735063 0.575371847614956 0.580784306157454 0.59966698640627 0.61861769727881 -9999 -9999 -9999 -9999 -9999 -9999 -9999 -9999 -9999 -9999 -9999 -9999 -9999 -9999 -9999 -9999 -9999 -9999 -9999 -9999 -9999 -9999
0.32873641892699 0.345936737883522 0.369285537266002 0.391991251640953 0.402872948957003 0.416324334533829 0.419853176011811 0.425163104326848 0.439629319107712 0.454649078349801 0.467027746592619 0.473372889392169 0.482324346740409 0.489848725621842 0.4981313351687 0.510520951380291 0.518384950574232 0.522229312166702 0.513446411226525 0.496714957246522 0.48665393993933 0.496320763572007 0.507329921996757 0.505351605610043 0.518899370900264 0.530906699597718 0.526746284320347 0.534447612848385 0.553807872271706 0.562848752832191 0.569618533397309 0.585407618001221 0.592626939047523 0.605528596597189 0.617081911679091 -9999 -9999 -9999 -9999 -9999 -9999 -9999 -9999 -9999 -9999 -9999 -9999 -9999 -9999 -9999 -9999 -9999 -9999 -9999 -9999 -9999 -9999
0.347050305817272 0.358501223545541 0.365278121005323 0.372582790383256 0.39151070600475 0.41868934632215 0.434355731731309 0.436507331950355 0.447870953307267 0.464671391302985 0.475732859242437 0.479972013414007 0.47335769027991 0.466627951607921 0.486219987524217 0.510517211527986 0.518950556777352 0.524993928483343 0.509996023063995 0.494401281294048 0.502866267708464 0.509619484164787 0.518903686141703 0.521799256990942 0.527172362127706 0.533434505693181 0.541119561239761 0.560719957696511 0.581157028736068 0.594447890977461 0.600536561713288 0.601775424930347 0.588990776611405 0.595155796678926 0.621054824332397 -9999 -9999 -9999 -9999 -9999 -9999 -9999 -9999 -9999 -9999 -9999 -9999 -9999 -9999 -9999 -9999 -9999 -9999 -9999 -9999 -9999 -9999
0.35640040766922 0.367804952078685 0.371615580109416 0.3770380115243 0.404951310053084 0.429389030120787 0.434866340766675 0.439515104981164 0.448536798207927 0.464936296766498 0.472510280592656 0.472036983278947 0.464147168082062 0.463585489626829 0.486263359087228 0.51045858234785 0.513230586247106 0.515163680506493 0.507321748518056 0.496559610687839 0.507893656481979 0.518805039575601 0.526446518901176 0.529680271027615 0.534211451181702 0.540137345166273 0.546997094291908 0.55895567005439 0.584934049136631 0.599208785810093 0.601860681788649 0.595702631245763 0.590795485649952 0.612354287818338 0.628265914635724 -9999 -9999 -9999 -9999 -9999 -9999 -9999 -9999 -9999 -9999 -9999 -9999 -9999 -9999 -9999 -9999 -9999 -9999 -9999 -9999 -9999 -9999
0.367569274957507 0.387791729752429 0.398652971129138 0.389071464304674 0.388995104300593 0.409687049868399 0.435431620381283 0.448044312195345 0.454766901076474 0.460492717558503 0.457894365098769 0.453137315925487 0.451881959883507 0.460923598433376 0.486202712555812 0.508197223563082 0.508165497108 0.505094093609709 0.509128447317294 0.516333708051174 0.527498816491115 0.532518413524658 0.526295801065321 0.532135675435742 0.540293343975332 0.546478578798507 0.553828736249778 0.573250604681052 0.598640834024901 0.601673968118892 0.608625260674485 0.609261801951117 0.610964718933287 0.626151405630831 0.634970976342492 -9999 -9999 -9999 -9999 -9999 -9999 -9999 -9999 -9999 -9999 -9999 -9999 -9999 -9999 -9999 -9999 -9999 -9999 -9999 -9999 -9999 -9999
0.369664782463562 0.385546935906541 0.409411815304019 0.408077732382122 0.396611595742709 0.40667952308407 0.430517053685487 0.440916030605931 0.450707749911396 0.455365685492291 0.450542896430284 0.452320273754767 0.453004078686365 0.458503907931127 0.484182946350259 0.498618747930625 0.491433246032524 0.498707548089098 0.513427905123065 0.530193707078329 0.544374251711576 0.547218627697394 0.54397753500306 0.548815373398672 0.554726336116418 0.563368584963172 0.570210750657508 0.590362355545587 0.611588012408143 0.616680785274976 0.621025054199148 0.614005499943936 0.61531965668532 0.632752711984439 0.639594088300328 -9999 -9999 -9999 -9999 -9999 -9999 -9999 -9999 -9999 -9999 -9999 -9999 -9999 -9999 -9999 -9999 -9999 -9999 -9999 -9999 -9999 -9999
0.374711560906125 0.394093741084332 0.418245075511561 0.424983517975229 0.423088716897694 0.417994766260427 0.422370277734043 0.4370829954629 0.450341802526505 0.451396679513911 0.447251546732997 0.448966693342384 0.449099595338612 0.451466671105659 0.477648067249063 0.492740266114168 0.482767326223437 0.502225117387097 0.5215436455991 0.533958859391966 0.553344307267297 0.569780450563862 0.573024570210111 0.576047158900048 0.572406280956547 0.565039349484351 0.587851723673082 0.619123458023932 0.627274231710453 0.625454310903983 0.620794003753243 0.618064059788274 0.627657378638396 0.637298135235233 0.640384596056084 -9999 -9999 -9999 -9999 -9999 -9999 -9999 -9999 -9999 -9999 -9999 -9999 -9999 -9999 -9999 -9999 -9999 -9999 -9999 -9999 -9999 -9999
0.384573312587323 0.400203947749894 0.421856788661585 0.431848172724155 0.433473708825067 0.429899345868498 0.431106113415194 0.441154923940876 0.445828021146918 0.445589774207606 0.444306510657475 0.440591633180686 0.440186744175702 0.447215752917755 0.471447312922064 0.486661405282253 0.490307420900802 0.513599300387835 0.533331743341621 0.562235795382749 0.5902413695523 0.599966285503341 0.610343838780255 0.60116892820197 0.588769774151911 0.594943920603492 0.602250103911697 0.608813415990658 0.60851369056289 0.608366879227252 0.622712075117833 0.629157507054165 0.633667580417766 0.640948590488623 0.642571841052589 -9999 -9999 -9999 -9999 -9999 -9999 -9999 -9999 -9999 -9999 -9999 -9999 -9999 -9999 -9999 -9999 -9999 -9999 -9999 -9999 -9999 -9999
0.402057892552449 0.41581443870759 0.423599695942895 0.433746864482037 0.432923268102674 0.4340850796439 0.437870438319028 0.436420286415461 0.431502613778109 0.434097537014955 0.447104396037824 0.445881603278851 0.44048569066224 0.447956417061573 0.462986768522549 0.468205118434555 0.482090716664497 0.516678057461512 0.548645281166166 0.585583229278948 0.621942797964461 0.634457287162711 0.616665229580243 0.587003923337582 0.586690664373906 0.614718969243587 0.622475858242705 0.595849962447397 0.589639062639362 0.610124996339881 0.630454759110688 0.636556694781535 0.644085044272303 0.648170711886202 -9999 -9999 -9999 -9999 -9999 -9999 -9999 -9999 -9999 -9999 -9999 -9999 -9999 -9999 -9999 -9999 -9999 -9999 -9999 -9999 -9999 -9999 -9999
0.404257122826799 0.424734784729823 0.430296075854305 0.435695338253287 0.433894966583908 0.431298907838042 0.430027187890478 0.424804238241101 0.424062930277553 0.428069056440281 0.437709859252222 0.444941194999571 0.446947843342332 0.45837629848279 0.473724838316476 0.481895416342861 0.503255321623554 0.542211917264797 0.575127122709717 0.603633136985123 0.627247353042303 0.631859736962027 0.605968907377183 0.595113204590316 0.602919617205583 0.612701518514936 0.6163702963793 0.59955876019393 0.600842221600785 0.616688226255549 0.633689782539792 0.642080376127182 0.646786734348557 0.651174724301804 -9999 -9999 -9999 -9999 -9999 -9999 -9999 -9999 -9999 -9999 -9999 -9999 -9999 -9999 -9999 -9999 -9999 -9999 -9999 -9999 -9999 -9999 -9999
0.40779844386761 0.430763371061956 0.437196853747626 0.437922839767221 0.433724573655776 0.427226127722791 0.418192545667268 0.406092995138212 0.409935698732214 0.428679100210641 0.429761317189689 0.413687186881067 0.42345650471857 0.448761588913814 0.462354785377001 0.499391698153667 0.530503456015713 0.553838677306237 0.585525753726524 0.605657088138925 0.617325964738449 0.619647625528611 0.610057622589322 0.61156873770283 0.620283124470926 0.64178678559403 0.654670785141246 0.631815036871608 0.611887586679384 0.628190738608085 0.646656671427039 0.643827947080639 0.647937870164746 0.656214677774766 -9999 -9999 -9999 -9999 -9999 -9999 -9999 -9999 -9999 -9999 -9999 -9999 -9999 -9999 -9999 -9999 -9999 -9999 -9999 -9999 -9999 -9999 -9999
0.420113722689452 0.434102467059874 0.435749269002428 0.434907834716893 0.422891147303811 0.413232775674459 0.406410943756292 0.40129751178425 0.408937969244025 0.415876811678472 0.407987024904835 0.381678837735238 0.396629585149126 0.433691535555597 0.460748827144609 0.503432350118521 0.531228623731652 0.572961333200252 0.606497268649012 0.608597987443216 0.6200361646821 0.63703227546629 0.629214648325457 0.656057707150531 0.671939033006001 0.665128839202792 0.663070595192721 0.65957576172371 0.656464992407812 0.654515129153072 0.656295443633843 0.656658375826445 0.658551985729277 0.658886439432433 -9999 -9999 -9999 -9999 -9999 -9999 -9999 -9999 -9999 -9999 -9999 -9999 -9999 -9999 -9999 -9999 -9999 -9999 -9999 -9999 -9999 -9999 -9999
0.415779418596971 0.428700736154353 0.426408929484173 0.423579736395342 0.419818239189959 0.410363994925814 0.406883018794408 0.411308723924549 0.413930075095802 0.398112698413266 0.396992483658467 0.37716717774147 0.382772535811733 0.410776589337992 0.429289936202686 0.503013202790777 0.547292104234365 0.572293046475095 0.606759165308595 0.637472226099324 0.653915369106824 0.669067189796182 0.677280462172695 0.682644345564444 0.685477985842113 0.678905637762857 0.672804526253403 0.666631510996729 0.664090068839664 0.664176051910228 0.662790129075778 0.662638154649755 0.66351076493943 -9999 -9999 -9999 -9999 -9999 -9999 -9999 -9999 -9999 -9999 -9999 -9999 -9999 -9999 -9999 -9999 -9999 -9999 -9999 -9999 -9999 -9999 -9999 -9999
0.413408785346851 0.418976448456259 0.420884695031306 0.421917065526837 0.41926535796814 0.413472800232855 0.417431713886719 0.422858415818898 0.415093491082782 0.398095295391918 0.403016623626802 0.393165735125687 0.386992527673732 0.397555496155085 0.436338345517758 0.511482147615226 0.548523335474421 0.579352998355119 0.639293218682868 0.70092996394891 0.726090450773301 0.713274227114339 0.702999752814358 0.697417541672878 0.691128808568396 0.686887008499909 0.680024780251992 0.674205209616994 0.6699127464766 0.670393804726254 0.668816005929907 0.666948317703621 0.667743013064126 -9999 -9999 -9999 -9999 -9999 -9999 -9999 -9999 -9999 -9999 -9999 -9999 -9999 -9999 -9999 -9999 -9999 -9999 -9999 -9999 -9999 -9999 -9999 -9999
0.399294692022546 0.403645327654316 0.417917426881789 0.414872226624099 0.414542280116324 0.422544681651141 0.436162512352042 0.437571676784954 0.418076541476021 0.411905617233511 0.419159972841614 0.424737732488243 0.414929284838325 0.395599789154415 0.421090348037242 0.493095498058477 0.569047166939545 0.613401103224415 0.676345121092387 0.736609428855317 0.756641002058359 0.739158947469488 0.708842453434982 0.698325514281574 0.693522822635108 0.689412428574368 0.683933825341235 0.681169085945375 0.680762741246324 0.679528153460538 0.674851209218411 0.672564275040392 0.671881305072575 -9999 -9999 -9999 -9999 -9999 -9999 -9999 -9999 -9999 -9999 -9999 -9999 -9999 -9999 -9999 -9999 -9999 -9999 -9999 -9999 -9999 -9999 -9999 -9999
0.394791475289662 0.403139246240834 0.429056602843098 0.426923540115512 0.425479322400494 0.428794728735753 0.438107265582741 0.444294547821233 0.428722031723858 0.42045229883685 0.429133249735979 0.437827553145181 0.425518459383269 0.410282296750175 0.450317711438342 0.520706216191489 0.581247996135556 0.617146460570082 0.673212299319626 0.705631539952232 0.716187225159925 0.729769140980073 0.712539403063461 0.703882540054144 0.699754834086342 0.692371070957372 0.685865397853037 0.683248817432501 0.682726420654834 0.679883149495032 0.678066798017039 -9999 -9999 -9999 -9999 -9999 -9999 -9999 -9999 -9999 -9999 -9999 -9999 -9999 -9999 -9999 -9999 -9999 -9999 -9999 -9999 -9999 -9999 -9999 -9999 -9999 -9999
