layers/veg/veg2200.asc
NCOLS 255 
NROWS 330 
XLLCORNER -2985163.8955 
YLLCORNER -3022031.214 
CELLSIZE 25000 
NODATA_value -9999 
[rows 225 to 249 of 330, columns 57 to 113 of 255]
-9999 -9999 -9999 -9999 -9999 -9999 -9999 -9999 -9999 -9999 -9999 -9999 -9999 -9999 -9999 -9999 -9999 -9999 0.269399792371691 0.269663759314421 0.267650226308698 0.260982383078772 0.229525557280738 0.184519394708706 0.109348381149658 0.0517572637914319 0.0415939525765843 0.0576155347868526 0.091045266976838 0.100061311447079 0.102890341724562 0.0927368631215014 0.0895962274280404 0.0920842287554642 0.115878579372335 0.137513010463851 0.136815422249882 0.135270549665803 0.13290780061696 0.129778725975225 0.126053278294849 0.119755099855742 0.11017848628932 0.0967981103554619 0.0915106042184801 0.0886122912341467 0.0867980361114701 0.0839002485788967 0.079487556444357 0.0767995342397931 0.0747064495393058 0.0721347040078522 0.0692166240928331 0.0657115531170539 0.0609150961301945 0.0555432687634252 0.0511815328231958
-9999 -9999 -9999 -9999 -9999 -9999 -9999 -9999 -9999 -9999 -9999 -9999 -9999 -9999 -9999 -9999 -9999 -9999 0.341623304742353 0.306276725348602 0.279663535532983 0.270897944103937 0.233916910053333 0.181513680547287 0.111002964267201 0.058704613345174 0.0543166408144606 0.0691140748481137 0.0966662842964336 0.103895733425234 0.104633769744157 0.0902404032518514 0.0832263349536093 0.0821350274442049 0.112150506359625 0.140236642022326 0.14090990946209 0.139902570313811 0.137272955783881 0.133721527190583 0.130034903829001 0.126689602766515 0.117500523891435 0.101531276654323 0.0946659892124372 0.0906411342079308 0.0892264128630176 0.0862833760025136 0.0812035759158453 0.0779282808323342 0.0753099230599307 0.0728058843594768 0.0704548368634729 0.0683630892627393 0.0639382205486531 0.0584802878698147 0.0557448783369827
-9999 -9999 -9999 -9999 -9999 -9999 -9999 -9999 -9999 -9999 -9999 -9999 -9999 -9999 -9999 -9999 -9999 -9999 0.341794101371121 0.322666771235059 0.302843503475188 0.281598014125322 0.240262813275216 0.187946836346007 0.117741488807527 0.0641705840958691 0.0544848620494835 0.066180690638774 0.0920913275231305 0.105428382844073 0.109932858226509 0.0895457993061081 0.0853949052807169 0.0942754565597887 0.119666283283122 0.142491460221679 0.144228892472231 0.143955379705669 0.141740718654714 0.137704826889538 0.133355246024991 0.129405073973592 0.121764143723598 0.109841058543603 0.100930774271711 0.0935474248545957 0.0923716175157603 0.0896588124259311 0.0847971053328717 0.080296577304721 0.07601853414969 0.0733877178671416 0.0711162322310414 0.0694537646056591 0.0656880616601972 0.0609814397949788 0.0573861428248286
-9999 -9999 -9999 -9999 -9999 -9999 -9999 -9999 -9999 -9999 -9999 -9999 -9999 -9999 -9999 -9999 -9999 0.337820813326532 0.338065395751903 0.33480488033306 0.324340714992731 0.299155134837923 0.248184688336819 0.183120567888485 0.124581147338561 0.0796155780969957 0.0684939423724269 0.0801472651305026 0.106941756753043 0.112788603173245 0.112326256307993 0.0974983698716712 0.0985514297227964 0.112350829874493 0.130997297248762 0.146775995346518 0.147395965431357 0.147185793633859 0.146174292870632 0.141706604857858 0.136688698448674 0.132694797847707 0.126744920019221 0.118525644663967 0.107710924525795 0.0971138067697315 0.0951262623810126 0.0922188369283978 0.0880253105301822 0.083287118863245 0.0784217561370136 0.0747913674398519 0.071720570063967 0.069598206106349 0.0665247851856223 0.063020481817418 0.0592652937072625
-9999 -9999 -9999 -9999 -9999 -9999 -9999 -9999 -9999 -9999 -9999 -9999 -9999 -9999 -9999 -9999 -9999 0.347047336710373 0.335155506860904 0.345742835303961 0.344405702518561 0.31869968144783 0.257496457464467 0.176890922172976 0.13136222327736 0.0964613403635679 0.0852685915344315 0.0982574944218257 0.127322759087911 0.122066348538505 0.114470640427205 0.10912628163544 0.115869115916959 0.132313354220766 0.143705131068087 0.152073192069882 0.150741138284399 0.15026605861606 0.150618208843667 0.145745145219559 0.140066184617608 0.136088500855997 0.131649622079475 0.126675647693724 0.114549829580106 0.101471834850835 0.0979897164639966 0.0945079945852526 0.0910268270710403 0.0863984017671633 0.0813665991357453 0.07651713920979 0.072398253747571 0.0695175955587111 0.0670745625854643 0.0648191297681645 0.0611935350852977
-9999 -9999 -9999 -9999 -9999 -9999 -9999 -9999 -9999 -9999 -9999 -9999 -9999 -9999 -9999 -9999 -9999 0.357912070435382 0.361414502004089 0.359694901357211 0.352495621584311 0.334098042290521 0.278691322247469 0.203055885259288 0.136873061488576 0.0867557782652925 0.0765339008981866 0.0957690194046812 0.1345876356858 0.130963376772031 0.126531539623016 0.13160737958191 0.139974874816838 0.150984313267308 0.157834253203427 0.161980815344505 0.157233779816683 0.155057034705354 0.155361369280394 0.150204544325868 0.143989202759963 0.138275768044209 0.132214901273872 0.125750930911993 0.119830582880251 0.113688856989753 0.104143274121194 0.0968151975460295 0.0925874532341816 0.0883134652613037 0.0839809126410781 0.0789005304188236 0.0743468746983348 0.0706859508655056 0.0678698299296675 0.0654327626981911 0.0627047721791129
-9999 -9999 -9999 -9999 -9999 -9999 -9999 -9999 -9999 -9999 -9999 -9999 -9999 -9999 -9999 -9999 -9999 0.385019475959299 0.381903788307678 0.373124298536788 0.362129589444455 0.346607847127095 0.295365045431745 0.224597575383968 0.153462123339654 0.0973473927711642 0.0793906511200858 0.101477312708607 0.150185490679724 0.147442519380115 0.143547704027582 0.150621148522669 0.15813751704332 0.166009384553449 0.1700669030811 0.171595654051926 0.164757955548816 0.161339719182244 0.161222260809796 0.155697663983973 0.148949125349611 0.14165938551825 0.134183295018653 0.12649099354295 0.124241779776749 0.122353478897614 0.109850134405184 0.100174975188037 0.0944539486295952 0.0901240542819787 0.0862463404353573 0.0814880576716248 0.0768621182122978 0.0724604831833821 0.0688775043477585 0.0656715257354201 0.0635313086722784
-9999 -9999 -9999 -9999 -9999 -9999 -9999 -9999 -9999 -9999 -9999 -9999 -9999 -9999 -9999 -9999 -9999 0.389667821546597 0.393207452807474 0.385721584645311 0.374221748639067 0.354518947978963 0.304840918949449 0.23877881836965 0.187688188277484 0.14025297547782 0.100701468062516 0.120235209710721 0.179049801602905 0.175992710468118 0.168452861345057 0.164114782253622 0.166838464821202 0.175230047499903 0.179280288485536 0.180744367279002 0.173924377588505 0.169997266840438 0.168862627765271 0.162836510714895 0.15555984390909 0.146947643516796 0.138385506788839 0.129881455786232 0.127268605904632 0.125362528587645 0.114845833477212 0.10521049647861 0.0968074008485124 0.0917683154985855 0.0879563273428292 0.0844005781860797 0.0802794489399737 0.0752000750778773 0.070223339859143 0.0653134799636441 0.0632677726953676
-9999 -9999 -9999 -9999 -9999 -9999 -9999 -9999 -9999 -9999 -9999 -9999 -9999 -9999 -9999 -9999 -9999 0.402585358623058 0.401888091909924 0.393840097866721 0.380067279423798 0.354595181359168 0.300894128285591 0.231763494060656 0.207904480062728 0.181909699541016 0.146278862673155 0.154777672982688 0.192614602189403 0.195256805165627 0.193166829417697 0.185861788766021 0.184502288980043 0.187914789915773 0.190414032400006 0.191053108673944 0.184367795358733 0.178977873847464 0.174838383131883 0.167985859736699 0.160406560697359 0.151890775454268 0.143526188503875 0.135337027436089 0.130851347031769 0.127073695580925 0.120284020887913 0.111217485577299 0.0989676337399823 0.0930627608769893 0.0893456850429143 0.0838506829095541 0.0787957295327442 0.0744866007077288 0.0695930826042156 0.0644599638786974 0.0626762684629935
-9999 -9999 -9999 -9999 -9999 -9999 -9999 -9999 -9999 -9999 -9999 -9999 -9999 -9999 -9999 -9999 -9999 0.437986764675513 0.409816679419581 0.400320723142492 0.383486145567843 0.351654325003147 0.291714634366305 0.216411546036117 0.22219649645892 0.222482277569189 0.201260502777223 0.1955005385411 0.200019841542929 0.210651338287833 0.217459907878165 0.210197727846603 0.205200083435491 0.202019997066486 0.202417810059504 0.201906497157422 0.195327684883283 0.18805521575243 0.180113165501305 0.172316990026505 0.164542069589697 0.156712314205933 0.149060392871247 0.141614801214369 0.1346592132112 0.128272121838437 0.125809452989635 0.117563981258729 0.101233477074388 0.0943556872117661 0.090609450529676 0.0819328884180594 0.0753699879186487 0.0723894648287919 0.0681557696141929 0.0633808642622607 0.061972074737992
-9999 -9999 -9999 -9999 -9999 -9999 -9999 -9999 -9999 -9999 -9999 -9999 -9999 -9999 -9999 -9999 0.45763226815125 0.447760723653077 0.433491260126344 0.417850689199467 0.395946914156381 0.361243624024774 0.301144078304572 0.227163268243528 0.235198857555618 0.23804844543362 0.220098879856827 0.215545630995489 0.219898474924842 0.227752748427456 0.226513339361807 0.194953294105522 0.192874302496896 0.21445734811268 0.217193710773617 0.215288874685064 0.205351890132491 0.195377223630835 0.185366183061169 0.17749792982689 0.170069927723891 0.162592086457959 0.154532114655721 0.145796733354455 0.138072694724959 0.130966714377298 0.126904953736716 0.120808350308165 0.111866799487535 0.102170335451644 0.0922909680939268 0.084004716554831 0.0773336816605622 0.0734002257555455 0.0678154618497543 0.0615369871556343 0.0624014767644603
-9999 -9999 -9999 -9999 -9999 -9999 -9999 -9999 -9999 -9999 -9999 -9999 -9999 -9999 -9999 0.474291372159001 0.467487012375826 0.460415171581342 0.453115907237631 0.435607427432548 0.412351111929758 0.377348490802223 0.316213810010039 0.24079568390009 0.251007957574633 0.255989768755694 0.23972307506621 0.236840535715052 0.242856003405229 0.247074283441982 0.241493766444122 0.204831086289708 0.203772926030446 0.231291609909293 0.23382538090263 0.230620462259348 0.218523643045335 0.206533910756541 0.194647548574538 0.185325576598059 0.176734301313963 0.169286357771592 0.160680136091779 0.150730037037814 0.142012601217028 0.134077539761803 0.130117475491703 0.125872425619819 0.121228932659668 0.109672779751453 0.09592031843776 0.0874470279545564 0.0803697806493586 0.0756586422401019 0.0689576523417621 0.0614276673390101 0.0634710356855835
-9999 -9999 -9999 -9999 -9999 -9999 -9999 -9999 -9999 -9999 -9999 -9999 -9999 -9999 -9999 0.479376237972703 0.486150495334054 0.478664199920327 0.464874640073341 0.453804610047071 0.436414367608283 0.406108107643048 0.342238294187484 0.26002307715099 0.272268398272797 0.278544197152343 0.260873512101369 0.260562866935979 0.271793463244279 0.270707818032642 0.26798579938165 0.263502092209689 0.259778752033513 0.256665696427677 0.254061387445739 0.249737869716978 0.237808666587631 0.22513843808074 0.211752904019461 0.198293744726917 0.185606052614819 0.177562575960425 0.168141688962006 0.157122679253315 0.146974947621823 0.137996786273553 0.137441745100136 0.134470794303918 0.128122120264639 0.116568851287072 0.103332813691542 0.093551137037718 0.0854887403917446 0.0803402963980086 0.072979199722961 0.0646872617595174 0.0657839283892407
-9999 -9999 -9999 -9999 -9999 -9999 -9999 -9999 -9999 -9999 -9999 -9999 -9999 -9999 -9999 0.514089446579824 0.5116352047189 0.500520825745071 0.48560396211741 0.474721191531881 0.455648231689054 0.419837760337485 0.361028718465987 0.289648955854381 0.294084502388376 0.295388983662395 0.281687289020213 0.281963071278684 0.291531311225418 0.289263272937793 0.287326860429318 0.289837366732958 0.28424832630823 0.272158440341207 0.264500354760873 0.256747628088203 0.245853746596638 0.234626580439694 0.22307769740292 0.208690661357357 0.194712167319397 0.186652501097264 0.177004566735267 0.165513864605966 0.154658434942143 0.144858703387711 0.143048080491458 0.139577380278634 0.133785698484158 0.12511914203403 0.115254132099605 0.102496475142585 0.0926779437359723 0.0878408421451897 0.0813328654556661 0.0741161903506936 0.0731847521901519
-9999 -9999 -9999 -9999 -9999 -9999 -9999 -9999 -9999 -9999 -9999 -9999 -9999 -9999 -9999 0.519109375727954 0.53006034424868 0.524253315215439 0.510997774100346 0.497051794813433 0.472370928666378 0.425752194330677 0.376057606146165 0.324681796090177 0.316189538073523 0.309264894158177 0.302326010801775 0.302155825674829 0.306485583015962 0.305178248934405 0.30294958863857 0.299358841152068 0.292319810615856 0.282513124525073 0.269845098068179 0.257461701077441 0.248054327174591 0.239374422584074 0.231396737992395 0.217750589249813 0.203940145339004 0.1961655342133 0.186596099645828 0.174944244167505 0.163756849880692 0.153250738212036 0.147761131541559 0.142868323496969 0.13880990949223 0.134529586856573 0.12951992975544 0.112919183783316 0.100943623800681 0.0968071435023451 0.0919391282023728 0.086753023852038 0.0832311773960051
-9999 -9999 -9999 -9999 -9999 -9999 -9999 -9999 -9999 -9999 -9999 -9999 -9999 -9999 -9999 0.536906322331549 0.537176751859291 0.538597118143755 0.540302801691406 0.520839074977718 0.491965384805698 0.443861446499874 0.393243971533502 0.341252629986927 0.315533999459673 0.298189866465558 0.299654542650792 0.304144775787592 0.310646449197603 0.30920623717378 0.306859937473964 0.303858387622055 0.298893404770982 0.292352534393326 0.281512255306034 0.270308362581805 0.260220318149312 0.24940477233755 0.237886975573006 0.226061679660982 0.214304593463562 0.203330113417134 0.192144903393629 0.180715196613176 0.169978745091487 0.159720394696145 0.152044390353504 0.14530679585134 0.139881207684088 0.135691954114109 0.131717177798705 0.123614827377188 0.114544290347976 0.103832804828426 0.0950045054201915 0.087092374174154 0.0884466881203814
-9999 -9999 -9999 -9999 -9999 -9999 -9999 -9999 -9999 -9999 -9999 -9999 -9999 -9999 -9999 -9999 0.539639718200202 0.550461499152799 0.5656818113911 0.542684309374018 0.512751508821638 0.468645697682518 0.41529379520572 0.35688809897062 0.322703588433884 0.299891043619193 0.303686129721355 0.310188201037373 0.31848992086945 0.316769694509061 0.314107182622522 0.311266276838213 0.307529340158538 0.303073232561373 0.293226675651414 0.28277939584779 0.273116874478173 0.260787905351003 0.245885036666191 0.235189361502208 0.22484728492774 0.211392596953746 0.19882684616146 0.18729247334906 0.176741024017971 0.166573659416493 0.157392901395942 0.149255977529055 0.142578455474828 0.137946904334526 0.134164349693618 0.132370607343294 0.125792769604816 0.11110652172883 0.107677359507534 0.109256087574398 0.100965071467296
-9999 -9999 -9999 -9999 -9999 -9999 -9999 -9999 -9999 -9999 -9999 -9999 -9999 -9999 -9999 -9999 -9999 0.556926845646317 0.58139953810073 0.559778804710791 0.536229713632973 0.508739821191492 0.448897012515862 0.371370518901852 0.350015925753822 0.333756338285284 0.325197996262876 0.327048015260725 0.335817684712826 0.33352882257373 0.330062818714477 0.325956958914054 0.321207384611875 0.315941153181886 0.304680126649517 0.293629601626352 0.287177854364912 0.275107297751079 0.257612951803426 0.246322709454418 0.235750771004905 0.221750794069231 0.208469850249725 0.19602315539413 0.184971592130052 0.174462150378245 0.165325421151037 0.156884114683321 0.149415090289534 0.14331459706551 0.137926635774581 0.136451004386406 0.131075702123045 0.119090972519335 0.112886376994447 0.109256087574398 0.100965071467296
-9999 -9999 -9999 -9999 -9999 -9999 -9999 -9999 -9999 -9999 -9999 -9999 -9999 -9999 -9999 -9999 -9999 0.604822326666101 0.601463714790277 0.575523595227942 0.548913538945778 0.520934396650337 0.468576253030053 0.402892863072753 0.382210455917626 0.365347479363662 0.353988386026615 0.355323188225871 0.365097102005045 0.361756591700238 0.356400871266571 0.348289721626826 0.336528995239311 0.321839051263744 0.311862250764579 0.303528038092615 0.299246338621406 0.290703191610897 0.278046505190042 0.262992077125569 0.247799824883606 0.234757436775599 0.221461219969338 0.207870501666874 0.195710794389691 0.184181838131233 0.174740882666437 0.16576957672228 0.157454895548762 0.150709687854826 0.144740093875705 0.142515766321289 0.138146157156715 0.130140578860197 0.120139232884926 0.109315204264143 -9999
-9999 -9999 -9999 -9999 -9999 -9999 -9999 -9999 -9999 -9999 -9999 -9999 -9999 -9999 -9999 -9999 -9999 0.614252148754282 0.624283635269971 0.590412643543437 0.554753492959244 0.515440052038249 0.479427389512932 0.445218889702907 0.417500402495734 0.395496757621546 0.387393517766852 0.390835946832255 0.401954127443183 0.397255728617385 0.389321601594539 0.375467729621687 0.352892662556437 0.323317803510073 0.316336260766281 0.312823032120994 0.310051537326401 0.307108415150581 0.303999622509488 0.283171401665681 0.260575193656038 0.249443251570531 0.236575526301213 0.221693880824174 0.20804052524297 0.195062544464743 0.185096561500796 0.175452210075577 0.166257537029803 0.159390193093916 0.153488061377854 0.149838658742695 0.146349940330462 0.143133560464266 0.12868792676151 -9999 -9999
-9999 -9999 -9999 -9999 -9999 -9999 -9999 -9999 -9999 -9999 -9999 -9999 -9999 -9999 -9999 -9999 -9999 0.659779506726633 0.661135562826407 0.599863818560752 0.551918818819531 0.531208420483031 0.492768186509226 0.44463705403495 0.432383852697762 0.420604335262614 0.406686406522901 0.408119966017892 0.419759448648137 0.40514067515521 0.388293838827495 0.371756015418046 0.35167770075403 0.328757722530104 0.32501029161162 0.322827647250243 0.315428618552809 0.310572838797332 0.308172035820655 0.29128109150919 0.272373769172432 0.259473709923692 0.246814901932153 0.23443600262192 0.219861585265722 0.205208930119131 0.195451035644276 0.185559886053188 0.175482430277832 0.167645184799573 0.160727331494709 0.155804920214816 0.15173786544762 0.149120527054371 0.148104444567793 -9999 -9999
-9999 -9999 -9999 -9999 -9999 -9999 -9999 -9999 -9999 -9999 -9999 -9999 -9999 -9999 -9999 -9999 -9999 0.689234728613715 0.687216257851002 0.611831266370636 0.55703204791216 0.544302017606224 0.502141029492466 0.443893461067318 0.448908240284901 0.448340438548055 0.427713157090258 0.425211209658159 0.434759283894248 0.410893555914562 0.38642066604565 0.369525110419591 0.352586416105115 0.335613097883931 0.333906098866114 0.332268797963028 0.321489302379212 0.314837531485844 0.312170218463332 0.299232264101032 0.28423671979245 0.269790433675973 0.257294397878062 0.247061115034155 0.23191315753048 0.216015172809509 0.205840074993219 0.195495057331248 0.184912471919725 0.176300802661095 0.168505579830433 0.16260112517366 0.157870858854049 0.155130686762068 0.1576614290249 -9999 -9999
-9999 -9999 -9999 -9999 -9999 -9999 -9999 -9999 -9999 -9999 -9999 -9999 -9999 -9999 -9999 -9999 0.690091814323611 0.685077698610478 0.677441883340152 0.632667568971919 0.588218987730245 0.544436076326382 0.49891671171998 0.452448224285771 0.475062680096766 0.485195320134905 0.457215735631591 0.445876631089472 0.445600392689136 0.416482633051109 0.389729363364997 0.378830394611536 0.363943517390123 0.345855871303935 0.342516072836539 0.339839870502174 0.330860722215303 0.324480541638145 0.320609122696916 0.309456370929629 0.296517668562246 0.282037039470756 0.269613975506939 0.259578175129943 0.244779592007736 0.228989350781671 0.216334176487663 0.204810299545992 0.19486810816314 0.186268026312989 0.178261970752301 0.172222866786703 0.166904981784101 0.162809467716119 0.161945483163776 0.162535206806627 -9999
-9999 -9999 -9999 -9999 -9999 -9999 -9999 -9999 -9999 -9999 -9999 -9999 -9999 -9999 -9999 0.701328995912182 0.698973568067856 0.695515412315698 0.691160165271752 0.648520921383033 0.603871373440931 0.555113558134972 0.512211214379664 0.472509395526592 0.494014237775179 0.505479047945007 0.485762439377064 0.472604818591423 0.463807721302123 0.434688234742631 0.408621993661451 0.39819981830018 0.382829807286164 0.363488572149878 0.35705518685194 0.351609130628049 0.342370585813792 0.335264882766609 0.330217993909668 0.320437456502829 0.309236367172528 0.295501328728701 0.282607883520344 0.270690886084615 0.257456777613402 0.243772462208745 0.22935300821655 0.216488941100296 0.205799486127324 0.196831457728144 0.188584425276248 0.182129835201807 0.176230549852581 0.171272432707167 0.166782870542185 0.162535206806627 -9999
-9999 -9999 -9999 -9999 -9999 -9999 -9999 -9999 -9999 -9999 -9999 -9999 -9999 -9999 -9999 0.704537415567113 0.71074974619065 0.717141017271103 0.722887210543526 0.660554494156604 0.60761543753628 0.573873310744228 0.538168547594527 0.501391032834241 0.507444282804468 0.513059828033118 0.51357639827422 0.50398054008428 0.4876617723171 0.46256528442228 0.43946079792854 0.425284108413682 0.407487746555777 0.386786168936422 0.376139401168888 0.366596594999676 0.355519716037051 0.346924133869296 0.340723726594653 0.331998819197882 0.32229063163501 0.309899057479325 0.296118712910341 0.280727065256204 0.269988890730173 0.259942247576565 0.244307222153116 0.229979293454046 0.217478838326499 0.207851924069784 0.199340807120006 0.192255449898534 0.18577953099218 0.180336529578385 0.172044426527641 -9999 -9999
