layers/veg/veg2000.asc
NCOLS 255 
NROWS 330 
XLLCORNER -2985163.8955 
YLLCORNER -3022031.214 
CELLSIZE 25000 
NODATA_value -9999 
[rows 182 to 207 of 330, columns 116 to 173 of 255]
0.121850890994333 0.124786869177991 0.127472362226398 0.13198478662084 0.136283992416429 0.14301535021274 0.150198393298308 0.157964979957837 0.166190295004758 0.173449753737784 0.183712605484578 0.194569347352191 0.205308104315899 0.215209997014044 0.228242971172976 0.237872318239941 0.250484505681615 0.268071423176909 0.281478379381554 0.289193385701464 0.304518824860123 0.321988423845475 0.334344316507034 0.362153948082201 0.381267710619939 0.379819688453061 0.385244391453365 0.387853377690946 0.406501116120778 0.407233783354247 0.428212210637534 0.43329203318781 0.42427651160742 0.412631773430183 0.412516623405439 0.416547492394213 0.424386031585537 0.422068153650277 0.426879346287965 0.423131778570575 0.418428474744885 0.412353589177986 0.416453549634043 0.418273876764883 0.414605538155597 0.47478365659557 0.540086008446551 -9999 -9999 -9999 -9999 -9999 -9999 -9999 -9999 -9999 -9999 -9999
0.117964795472082 0.120794894473011 0.123743176912051 0.12804470891088 0.132780310993462 0.138990027249137 0.146074836481761 0.153660886643207 0.161779407881569 0.168943866087763 0.179039394388395 0.189595893778883 0.199443130280342 0.209851702123373 0.22387211813995 0.236455162175769 0.249474370112511 0.26462650490857 0.276852323588636 0.281181253769954 0.294963631605821 0.318543406125988 0.333594668616433 0.358374646743004 0.374290864691604 0.363021022598218 0.370598135301335 0.389100910896908 0.400631285789891 0.405340625994465 0.416365255726983 0.42864775437092 0.42005835089754 0.40844778558412 0.401293636753967 0.405272326641304 0.416259297238024 0.422071585710706 0.422854059213125 0.417240791749555 0.419892609753667 0.413460253660581 0.412015457041367 0.419468421140436 0.439017398063777 0.500851299452702 0.533086067553801 -9999 -9999 -9999 -9999 -9999 -9999 -9999 -9999 -9999 -9999 -9999
0.114233761541682 0.116929150524162 0.119877692607026 0.124019739080075 0.128997667707521 0.134852330009599 0.14201334830198 0.149439823317139 0.157556980121864 0.164412896175007 0.174264495685064 0.184464988477122 0.195668829194918 0.206452539240739 0.217793926432893 0.23057227020145 0.24497358070429 0.259347514736606 0.270637780574935 0.27783827825248 0.297617479433513 0.312877471907631 0.340054249603156 0.354921107151261 0.352926029347719 0.360784828988547 0.378162859694893 0.397447532994167 0.414958702272616 0.425029354478959 0.424558972647254 0.432393052544371 0.419506397370019 0.407273970468367 0.397094526895721 0.393562031408768 0.401264598170957 0.403401066915921 0.405360387101945 0.406740647257577 0.421158199612944 0.417685451602372 0.406189037165631 0.433125243185036 0.480906849540082 0.516277936807715 0.534346643057053 -9999 -9999 -9999 -9999 -9999 -9999 -9999 -9999 -9999 -9999 -9999
0.110749832323772 0.113563120897203 0.116204316214515 0.1203181711158 0.124896386557745 0.131135385000696 0.137978235995337 0.145450914073973 0.153440529889409 0.160139512018984 0.16942399841603 0.179376237053637 0.190453902532044 0.200959121246696 0.210563577512441 0.222180077918238 0.238307829137937 0.254331863038103 0.261942741330199 0.277006393323485 0.298946994707765 0.317959212753085 0.327493421942739 0.336288771897858 0.339545943566691 0.36632572374425 0.387109329033328 0.400205510651866 0.421492633883224 0.435204535517392 0.43917545143915 0.440151122833688 0.427212189071491 0.41390148562467 0.406347281779719 0.399786341411278 0.405278961889093 0.390689029988326 0.389256797082354 0.402886920347516 0.420025918123807 0.427564844029211 0.41375838424535 0.451925169810828 0.496138510460325 0.520805483952139 -9999 -9999 -9999 -9999 -9999 -9999 -9999 -9999 -9999 -9999 -9999 -9999
0.107507280583837 0.109963597769488 0.112778475029127 0.116454429281954 0.120919775656928 0.12702506875488 0.13396181905602 0.141411810300516 0.149345355099237 0.155992078902955 0.165190789527014 0.175020443263378 0.185693381978381 0.197297171760495 0.209629598359032 0.220516323275045 0.234377502935458 0.24889083497544 0.260739168133907 0.277083659491614 0.293242957134389 0.304592282712849 0.309992569558797 0.330115160870837 0.344108583927323 0.375149517294742 0.388519995849636 0.402376828297666 0.423028806023844 0.437728179219226 0.450663227722689 0.453462546060087 0.445740751152595 0.431742762618471 0.428509544008626 0.43052595820908 0.425312329170159 0.404843938042683 0.398629464960306 0.389732870438925 0.407884874185264 0.439510257255012 0.448545304092038 0.461026644127936 0.49078445601993 0.51123603137062 -9999 -9999 -9999 -9999 -9999 -9999 -9999 -9999 -9999 -9999 -9999 -9999
0.105025317005009 0.10749925548333 0.110143994959441 0.113776099153216 0.118333352338484 0.124068126092351 0.131109662120592 0.138481779197117 0.145474976991912 0.151267139560498 0.160568815972491 0.171454891176023 0.18294681539223 0.194302307934061 0.206770063444877 0.217254775023622 0.23104008106917 0.246258140583216 0.260462753245843 0.276480153473916 0.286748372364686 0.290789525957263 0.300253089283764 0.32914057896761 0.355203853036233 0.377716850082803 0.386927050136355 0.399678231595984 0.423835602445777 0.436045363301355 0.450636210340021 0.466308570334111 0.464014400551205 0.458132313951254 0.464948908984352 0.440781580848091 0.421495662902455 0.418129544949193 0.417316719138081 0.393700488406058 0.408228188033435 0.45258327424405 0.446274527767455 0.451554408901022 0.480236586799536 0.509739126542686 0.525190877649875 -9999 -9999 -9999 -9999 -9999 -9999 -9999 -9999 -9999 -9999 -9999
0.102179418253826 0.104523406315651 0.10686197891386 0.110355314031824 0.114823904616491 0.120499048375648 0.127592812498952 0.134557009226549 0.140651471077726 0.14672679151774 0.155879629351417 0.166307112107849 0.177663762034544 0.189439997192446 0.202444126151644 0.213027168737066 0.226061831033774 0.241679224885678 0.255306973582008 0.270202204492546 0.279399820991664 0.287976795785483 0.303138205847904 0.331588777991901 0.358746726033443 0.373834183366517 0.382942225036231 0.391463971409331 0.419700981038697 0.429287279590368 0.436243290991825 0.446393547869616 0.465823008167193 0.474211331392257 0.46503097842687 0.444746496549028 0.43222749222317 0.420228328093454 0.421815270126451 0.39882862151258 0.402231371126555 0.443831156075926 0.442081777501589 0.444972933727994 0.47325515299823 0.510014314565565 0.526952801900261 -9999 -9999 -9999 -9999 -9999 -9999 -9999 -9999 -9999 -9999 -9999
0.0990969933020148 0.10106572053923 0.103251539096572 0.106769769915377 0.111033209870357 0.116651672123502 0.123745769654497 0.130266581759138 0.135618412608525 0.141983947394249 0.15095085274183 0.16098189450966 0.171788654824672 0.18393751201217 0.19737422082207 0.207923847787057 0.220657720882772 0.235359767247286 0.24751613370755 0.26179613760883 0.275997429057414 0.29204897597783 0.312307826793868 0.332151594723401 0.350011557159523 0.366090232415753 0.374880079801688 0.385762287775001 0.401056108028167 0.421596898466094 0.429430530340944 0.43353955166143 0.446346752206802 0.460771260943201 0.462790706480015 0.451726346152076 0.440697663350747 0.427516179928086 0.420680455927717 0.404699069176951 0.403082253004399 0.423703596663693 0.428678141201414 0.433567694770792 0.459836934959431 0.50361510795263 0.514404964807627 -9999 -9999 -9999 -9999 -9999 -9999 -9999 -9999 -9999 -9999 -9999
0.0957737030819966 0.0974705598576839 0.0996102537561117 0.103081067784711 0.107103226697678 0.112651014412913 0.119773695149022 0.125886992896644 0.130728272499547 0.137119791856865 0.146046532307174 0.15618909079153 0.166857148636511 0.179004198141151 0.192134391044617 0.202256277634837 0.215752013449644 0.2293965967111 0.242159341283273 0.258860094338518 0.279117116338293 0.290470630708651 0.311643954029782 0.319515000632514 0.333265477679006 0.3555218707484 0.364715595079384 0.374938340564518 0.392788387284218 0.41693288753905 0.423361828015004 0.4318192615482 0.453956591886081 0.461979804988705 0.455348864985762 0.446619728516431 0.442615421804089 0.434337344568441 0.418785131956475 0.405431150037375 0.39731377471094 0.392011552451991 0.391575678562191 0.40460116836302 0.418716206556583 0.478821413622748 0.51116761947738 -9999 -9999 -9999 -9999 -9999 -9999 -9999 -9999 -9999 -9999 -9999
0.0922373376207244 0.0939583547118754 0.0960921028384614 0.0992012581353823 0.103007399455874 0.108591993877365 0.115697913166395 0.121329264163208 0.126031947088882 0.132338615727471 0.141608041070959 0.151605437350251 0.162610157899979 0.174497645670801 0.18700372491542 0.196778161180096 0.209690031165801 0.223663508766373 0.239126581936627 0.258788666361909 0.274853171793589 0.289458756752115 0.301792358166418 0.319688046775874 0.332724433997298 0.35090918067259 0.366382970018034 0.378601435262373 0.392645638906769 0.414108485578255 0.424360722183522 0.432999908714557 0.451281021030531 0.455166434623751 0.451397067324661 0.444090573163335 0.440391300831217 0.43545200501658 0.417245202400649 0.39925083349102 0.374553697583796 0.35485892092548 0.353635665955567 0.403367165781615 0.41200310294012 0.497190653595037 0.513539309273207 -9999 -9999 -9999 -9999 -9999 -9999 -9999 -9999 -9999 -9999 -9999
0.0887557028877643 0.0904419175344114 0.0926348595636403 0.09535390415183 0.099063868643667 0.104842210214501 0.111557870143782 0.116565756803401 0.12163512240555 0.127483963148625 0.137637854405006 0.147601820488206 0.158268084652493 0.169608210291994 0.181551536849985 0.19125243394142 0.204520447054362 0.218900715823858 0.236563647211969 0.254079216636021 0.269651367987017 0.284338997643105 0.296150454206451 0.313090008132803 0.329402938737015 0.352048168833873 0.367374828698545 0.377245463655907 0.393143471360014 0.414695458484237 0.428158557478516 0.438974016394441 0.444787167494646 0.446318573596385 0.451749133646211 0.450179457240497 0.439613614173575 0.432091095540495 0.417907745602584 0.402578201230087 0.380775852160125 0.33475447140392 0.370225496278362 0.43873644616798 0.4564205056194 0.51007141379081 -9999 -9999 -9999 -9999 -9999 -9999 -9999 -9999 -9999 -9999 -9999 -9999
0.0851891906863202 0.0868653743915769 0.088126672671432 0.0912495575733133 0.0953124207139606 0.101589697050175 0.107224502630333 0.111165052052913 0.117257412239732 0.124471118077099 0.133656744314254 0.142956982205935 0.15210645706231 0.1637393076123 0.176283210585222 0.186075136964258 0.199584514773525 0.215716903232898 0.23024039235698 0.247594437639377 0.262911538977286 0.276081047823883 0.290152702229085 0.30923698701494 0.324970532095858 0.345178008643382 0.361351185738687 0.375039662648969 0.394361083452417 0.418219739616545 0.433437626491359 0.441027498520019 0.446718976007441 0.448874806217693 0.456803046324006 0.460031313038922 0.447204309871713 0.433221915136239 0.428142907012807 0.413510521248132 0.387994184993359 0.367229820209432 0.394323618504111 0.453231121995542 0.488305165498827 -9999 -9999 -9999 -9999 -9999 -9999 -9999 -9999 -9999 -9999 -9999 -9999 -9999
0.0816084688172349 0.0834251177150272 0.0844611776249472 0.0872222951446871 0.0922867656998288 0.0980932408761454 0.101472303676645 0.107449056737618 0.113867228204074 0.120401350145684 0.127487308332825 0.137065999349083 0.147629846994231 0.159077134325792 0.171354392900432 0.18100229292132 0.195002676880425 0.210396646119601 0.224241039613541 0.238613682403403 0.253281560929555 0.26608588066441 0.27902871545391 0.299983055429224 0.315377705992233 0.333470907386622 0.352456421615162 0.373980330680905 0.397343491699417 0.418570920610084 0.43051956455891 0.433403767123943 0.45262313067442 0.465074347634881 0.472822496830604 0.469101753910414 0.462670192930651 0.451075359128573 0.428754211857093 0.409068040484057 0.382790732315327 0.427002308527541 0.458052690234854 0.480843843953327 0.50126045324327 -9999 -9999 -9999 -9999 -9999 -9999 -9999 -9999 -9999 -9999 -9999 -9999 -9999
0.0790985067056264 0.0806398049249128 0.0816611980005891 0.0846799570188862 0.089435955649772 0.095458315506296 0.0978726184839332 0.104817775138813 0.111494637229935 0.116599169492042 0.12276124671892 0.13306325223541 0.144438646896051 0.155419673122359 0.167706253739418 0.177157647228694 0.190447908451628 0.204949520086084 0.218498480614241 0.231880196877812 0.246235650713527 0.255151522844612 0.26626436298315 0.288409287562305 0.304687892919688 0.324190732200391 0.343668888659717 0.371971599421452 0.401584961229084 0.410126295130286 0.407669735003488 0.426144033689766 0.436433905091217 0.455239902822013 0.477429005902301 0.491132848206065 0.467111332157456 0.447041172141025 0.433061891029842 0.426614427530427 0.40969760532019 0.48020722537545 0.497750646607791 0.497201028997486 0.503200147251618 -9999 -9999 -9999 -9999 -9999 -9999 -9999 -9999 -9999 -9999 -9999 -9999 -9999
0.0762285468802103 0.0775338249197214 0.0785934690796391 0.0820347438988422 0.0868025028836913 0.0923206817277149 0.0953634111792133 0.101823475056723 0.107057452752014 0.11153374024707 0.118428531372393 0.128817521296149 0.140547320475745 0.151541115035561 0.163774244392045 0.173687540719847 0.186465985487828 0.200347715364315 0.213392939852284 0.227485560841828 0.240751018736553 0.245231237277284 0.258830049294853 0.282824925814434 0.300102827401785 0.320526041000893 0.333328486265933 0.367757529885118 0.401587851312246 0.40915225620259 0.408601375808926 0.444597374045716 0.458198588077229 0.474243109369067 0.481702432696836 0.47525877791491 0.463047410032177 0.444843577118494 0.430858265527824 0.431007471403988 0.439029812578283 0.506756150802185 0.50326614084424 -9999 -9999 -9999 -9999 -9999 -9999 -9999 -9999 -9999 -9999 -9999 -9999 -9999 -9999 -9999
0.0729628951102514 0.0740983814591512 0.07534249247976 0.0792067394564519 0.0842406079556484 0.0886340619283269 0.0927339049693292 0.0981214967177769 0.101538019175554 0.106133219190226 0.114437716336832 0.124668509479069 0.135898734843528 0.147223776235282 0.159498752122983 0.169128408342366 0.182371478341119 0.195340193203684 0.208773329031919 0.222124500069935 0.233934714076046 0.241013782263953 0.260615550473414 0.285218374826795 0.302524238002594 0.320509535306336 0.330313996175174 0.363981513426395 0.407266231080044 0.403002058598584 0.425324130339864 0.44959392454541 0.488671943750312 0.496762963621278 0.50034344362883 0.495157028212193 0.477487911200073 0.462441737922777 0.435169353447944 0.427905299366037 0.460918063816726 0.511099150031357 -9999 -9999 -9999 -9999 -9999 -9999 -9999 -9999 -9999 -9999 -9999 -9999 -9999 -9999 -9999 -9999
0.0697957421807702 0.0707229468768339 0.0723742255075474 0.0767016915998965 0.0814735154274946 0.0850080351018629 0.0894332920392796 0.094077426161457 0.0972322059263366 0.102142717312482 0.111170779238516 0.121926255518637 0.13179453183116 0.142984232856707 0.155678076162384 0.162172362235477 0.175594381808906 0.187226897871074 0.203090637602423 0.217791675533355 0.236132536164474 0.251922323534842 0.274043606623573 0.296119617073751 0.318248297762756 0.340025562721437 0.336430490257512 0.374480620546629 0.416119116962225 0.412098018931612 0.43855900121062 0.468303645065809 0.501296149759598 0.511574245392973 0.520680170440104 0.52467098723417 0.511179774339636 0.504977234332388 0.465736502243339 0.453545650368318 0.489065918411505 0.513061172402856 -9999 -9999 -9999 -9999 -9999 -9999 -9999 -9999 -9999 -9999 -9999 -9999 -9999 -9999 -9999 -9999
0.0666604561523405 0.0674938634829737 0.069543213274245 0.0743765770920694 0.0783046360449846 0.081642858699164 0.0857071619646126 0.0899092198632504 0.093928336444846 0.0992577492795201 0.107497044381438 0.11800647518239 0.128645913255652 0.137766939639841 0.147511989653122 0.151947267243124 0.166418650243513 0.176856193326675 0.195943002344182 0.212594007645045 0.230828602105411 0.251537149337581 0.269797843166906 0.292494300534131 0.31754608765061 0.344119952741347 0.35624890236692 0.386088671894109 0.415713589482217 0.429354748885833 0.453364357607544 0.480783918694603 0.50170504826449 0.516038653112545 0.529610794347832 0.538550789899129 0.544501807022321 0.545806906109039 0.523448149921208 0.527096334499943 0.531328649560666 -9999 -9999 -9999 -9999 -9999 -9999 -9999 -9999 -9999 -9999 -9999 -9999 -9999 -9999 -9999 -9999 -9999
0.0638668588481449 0.0647000021781291 0.0659985212787943 0.0715008952793456 0.0750480425847186 0.0780738437230554 0.0823851236828296 0.0861368893921434 0.0910991748345283 0.0959101393031492 0.10412239259974 0.114352746992011 0.123975816954622 0.13277065265368 0.143898546590738 0.149626691875701 0.159048796837535 0.17233036413472 0.188114793575989 0.208956844741616 0.225194070116141 0.244864332295002 0.265224340512329 0.287731291793028 0.313975253548068 0.341284535624218 0.361169406639397 0.385252690352665 0.412131367182735 0.437549616352104 0.460373686924516 0.482096953743493 0.496933729543434 0.51111585299343 0.527303686117401 0.539091061071019 0.540617132076242 0.542907120612747 0.530056989899662 0.536532581222475 0.53222950463055 -9999 -9999 -9999 -9999 -9999 -9999 -9999 -9999 -9999 -9999 -9999 -9999 -9999 -9999 -9999 -9999 -9999
0.0613882720162932 0.0624621252018917 0.0660921590276502 0.0697157838167557 0.0729525238270577 0.0759292325743703 0.0783067557557719 0.0832538277078321 0.0882582493536165 0.0933250142845601 0.101688733812313 0.112607907658595 0.119321414895672 0.12952474354972 0.140872054231442 0.141660187108635 0.155018045222572 0.162912857234877 0.177704053126704 0.200030950768035 0.218810414020495 0.238875321962133 0.260053295741051 0.282443124411286 0.308947516753731 0.334802012861103 0.351308891975384 0.376295788617129 0.406828567796595 0.430212046822341 0.452984560068379 0.474788891184311 0.486533680178395 0.500354747828202 0.521076683209526 0.535852729239881 0.538033901212419 0.544735114418454 0.539628305549758 0.536655859612365 -9999 -9999 -9999 -9999 -9999 -9999 -9999 -9999 -9999 -9999 -9999 -9999 -9999 -9999 -9999 -9999 -9999 -9999
0.0592305019309647 0.0607611203734646 0.0642575434298594 0.0671805158755626 0.0701772230285448 0.0718031599666732 0.0751698733554042 0.0797006021780999 0.0845318341685127 0.0903767756147338 0.0991016478342147 0.108557831555384 0.114297492662555 0.123614123840155 0.133612329564802 0.135675842322923 0.149203425605879 0.159689421002291 0.17042188552829 0.190246923839552 0.214038705785121 0.234236694036256 0.254923958986139 0.275591370564712 0.297376528012827 0.320832632905655 0.337805070720365 0.364809581526865 0.397973409440368 0.414442334704963 0.434854884983353 0.45647272218763 0.464834084760444 0.484828763432191 0.517643008147667 0.534562264157616 0.540595563243901 0.544570412454366 0.539668796580399 -9999 -9999 -9999 -9999 -9999 -9999 -9999 -9999 -9999 -9999 -9999 -9999 -9999 -9999 -9999 -9999 -9999 -9999 -9999
0.0568258524369269 0.0590934178408221 0.0619375083014481 0.0640208732993901 0.0673586239967854 0.0676420925606102 0.0718832399111333 0.0765101060333555 0.0811758460777046 0.0875113194657743 0.0967602870235161 0.10442171558904 0.110538572719242 0.117866417294811 0.125662983707635 0.130954807431297 0.141548019330693 0.155768544035542 0.163367342151889 0.182571671450655 0.210114616051099 0.228661829194112 0.249367949143341 0.266485074174709 0.279264749651471 0.298263426957096 0.324995389147268 0.349175167303322 0.384608639691678 0.398815428966057 0.418473334848413 0.439967273064196 0.453880993837962 0.485402171005681 0.515942927234934 0.530824284886324 0.541032745987332 0.537447990165451 0.537679980079742 -9999 -9999 -9999 -9999 -9999 -9999 -9999 -9999 -9999 -9999 -9999 -9999 -9999 -9999 -9999 -9999 -9999 -9999 -9999
0.0549173561088489 0.0575632959150979 0.059579510581938 0.0605727652371363 0.063556384676004 0.064069393563807 0.068338170176891 0.0735752000327169 0.0785097071665438 0.0846780875541663 0.0940405928544645 0.101093803618743 0.107934544413687 0.115038957756628 0.121957236024566 0.127315093530121 0.134342159250915 0.145729553895554 0.156346591114449 0.178547205976223 0.205086724117056 0.220785294185598 0.241655503033752 0.257009556261463 0.271616607122782 0.288311470223306 0.320689446090825 0.348555908466028 0.376432033328526 0.397701727811715 0.425664072393076 0.452537333562291 0.464568123184171 0.491670466648367 0.513899688807663 -9999 0.534468313424657 0.534913508802421 0.536211212150764 -9999 -9999 -9999 -9999 -9999 -9999 -9999 -9999 -9999 -9999 -9999 -9999 -9999 -9999 -9999 -9999 -9999 -9999 -9999
0.0537492346784413 0.0560700909564552 0.0571467610151465 0.0562814541743665 0.0583507095799948 0.0606880207217395 0.0653561547673745 0.0705869875432685 0.0758655845284731 0.0818349302970619 0.0911238998925707 0.0983050860140956 0.104768580008349 0.113222131620147 0.122102825841325 0.125938437626678 0.13013127009902 0.139084197546987 0.159949420018234 0.181222006660027 0.200627313680181 0.216829572614107 0.237276750836578 0.2559875982379 0.265158751731671 0.285368737071613 0.305098067197622 0.337457101040625 0.363484921313829 0.390564120440293 0.418124611996738 0.448471301616663 0.467695322219733 0.492469885354707 0.511173153447058 0.516640859961625 0.524081867907356 0.529863846478292 -9999 -9999 -9999 -9999 -9999 -9999 -9999 -9999 -9999 -9999 -9999 -9999 -9999 -9999 -9999 -9999 -9999 -9999 -9999 -9999
0.0521410424847308 0.0538258844357328 0.0546450542058074 0.0504809864207069 0.0532738471826505 0.0573374574034906 0.063730913944739 0.0678642190907118 0.0726148128184894 0.0795354914428264 0.0901097955874164 0.0964776310032745 0.0997563859538852 0.104743406380593 0.115518675797369 0.121108504297329 0.124514422905464 0.135869893056181 0.162755899297924 0.18026231278282 0.196392426276785 0.209271695400937 0.228863889485052 0.253762745960308 0.27398311080385 0.292625698361393 0.307521271021269 0.328532633253048 0.35334894472314 0.381968487359613 0.409220232975996 0.445052264810329 0.467203381127464 0.491556802118311 0.509371359589751 0.515854820113722 0.523898638351896 0.527235328741743 -9999 -9999 -9999 -9999 -9999 -9999 -9999 -9999 -9999 -9999 -9999 -9999 -9999 -9999 -9999 -9999 -9999 -9999 -9999 -9999
0.0497828132628222 0.050017425746497 0.0509406820967241 0.0470971435511427 0.0507847543324247 0.0559097728227865 0.061964156007509 0.065495724098002 0.0706829308481199 0.077961554541192 0.0855831596005429 0.0921636004766826 0.0975070239963165 0.101914553323017 0.108107123769128 0.115346088516749 0.120395145113778 0.138715594820546 0.161175884876175 0.177287461328049 0.191073939605777 0.204404673783574 0.22422437052323 0.250890445948434 0.272848831473553 0.293999194072841 0.306649980011393 0.321969279748386 0.351764065666377 0.380337709756835 0.408941230237063 0.446944830918452 0.466119383159219 -9999 0.494874023472723 0.508285780305658 -9999 -9999 -9999 -9999 -9999 -9999 -9999 -9999 -9999 -9999 -9999 -9999 -9999 -9999 -9999 -9999 -9999 -9999 -9999 -9999 -9999 -9999
