layers/veg/veg2500.asc
NCOLS 255 
NROWS 330 
XLLCORNER -2985163.8955 
YLLCORNER -3022031.214 
CELLSIZE 25000 
NODATA_value -9999 
[rows 175 to 199 of 330, columns 57 to 113 of 255]
-9999 -9999 -9999 -9999 -9999 -9999 -9999 -9999 -9999 -9999 -9999 -9999 -9999 -9999 -9999 -9999 -9999 -9999 -9999 -9999 -9999 0.473476778934282 0.378074262810936 0.28934341193901 0.333632540861972 0.333176382668972 0.229497113962592 0.151057968944353 0.107316087962212 0.0321415866001546 0.020298591371322 0.0279658675912117 0.0630630709265758 0.0836193043048126 0.055092457491196 0.028528528792375 0.0211136807261932 0 0.0124902223334563 0.108245322902702 0.207765780026831 0.326522067391856 0.417055767574809 0.418888785197762 0.395060898195377 0.428907936844736 0.471673833501511 0.488709453369239 0.494650669392468 0.496549911770209 0.497319161346447 0.497706257136925 0.498431126026051 0.499045379676993 0.499325100869895 0.499170506226313 0.49874762192539
-9999 -9999 -9999 -9999 -9999 -9999 -9999 -9999 -9999 -9999 -9999 -9999 -9999 -9999 -9999 -9999 -9999 -9999 -9999 -9999 -9999 -9999 0.399276261038583 0.287212133803363 0.29058307008096 0.27472234714751 0.177608470298611 0.111648151052368 0.06653148255868 0.0109745158005155 0.0419971425276531 0.0610673608220269 0.093913407701268 0.0812658182476304 0.0389610588394958 0.010252902818942 0 0 0.0772034250487321 0.143561064640855 0.205966840292806 0.368965697510167 0.400937875106978 0.408709315360169 0.415385764194963 0.453599717727819 0.477106109509079 0.487594512002182 0.49153187970835 0.493446855542719 0.494806288889703 0.495461191892988 0.496438210423679 0.497364791981856 0.497811755587972 0.498015392368798 0.497952996683476
-9999 -9999 -9999 -9999 -9999 -9999 -9999 -9999 -9999 -9999 -9999 -9999 -9999 -9999 -9999 -9999 -9999 -9999 -9999 -9999 -9999 -9999 0.308068685985633 0.293471425786516 0.283014635498414 0.255990122097616 0.168205911136985 0.0942666594430294 0.0579832053508621 0.00753488557477675 0 0.0130186215270445 0.0632266492940317 0.0825825774280317 0.0527341093039327 0.017828080297572 0 0 0.108031465404915 0.114273062151654 0.165942488480795 0.366416675789805 0.399217589457914 0.407440864193225 0.421476879471279 0.463550573524989 0.478922880132851 0.487063695226924 0.4903688520447 0.492329716961131 0.49370672234926 0.494480896323658 0.495471596722118 0.496385874864963 0.496922001635213 0.49716913846415 0.497164971307603
-9999 -9999 -9999 -9999 -9999 -9999 -9999 -9999 -9999 -9999 -9999 -9999 -9999 -9999 -9999 -9999 -9999 -9999 -9999 -9999 -9999 -9999 0.357987706836429 0.337224336511833 0.314896332906394 0.2530474534112 0.118112118864861 0.0341886013912882 0.0342124987643322 0 0 0 0 0.0446969281642206 0.0590599169240692 0.00729606232778468 0 0.0371054727869827 0.159332341042148 0.17092177396812 0.241820769739586 0.348420764046535 0.366690480492971 0.403324840557024 0.448101870766269 0.465285959863146 0.474771169819437 0.487134612260158 0.489612641566208 0.491190257888015 0.492415529213874 0.493080365354685 0.493957730534005 0.49468472230052 0.495219512282291 0.49557143346816 0.495720191805135
-9999 -9999 -9999 -9999 -9999 -9999 -9999 -9999 -9999 -9999 -9999 -9999 -9999 -9999 -9999 -9999 -9999 -9999 -9999 -9999 -9999 -9999 0.413156601585626 0.37931307108716 0.336553744666119 0.284449977468152 0.170852561077634 0.0508432162425739 0.00835408620921817 0.00198927981402392 0 0 0 0.0166902029454571 0 0 0.000353896984364619 0.0872425853128671 0.188280957532359 0.225542173854573 0.261992044156007 0.307950888868099 0.329013019054181 0.395765175750838 0.446636163094079 0.452174069604673 0.471915814244212 0.48766760689421 0.490090426646378 0.490894288722302 0.49158743847637 0.491973276278153 0.492641537665876 0.493238952072143 0.493671330013683 0.493960595935044 0.494033020371323
-9999 -9999 -9999 -9999 -9999 -9999 -9999 -9999 -9999 -9999 -9999 -9999 -9999 -9999 -9999 -9999 -9999 -9999 -9999 -9999 -9999 -9999 0.476102630136391 0.41289734391823 0.357322541621181 0.277327312539463 0.160142707746946 0.0467924283910757 0.00910627084459102 0.0101866853213627 0 0 0.0300284677766074 0.0214320568200591 0 0 0 0.0280379692082159 0.17829813960583 0.251083902635173 0.271174068529637 0.306471114771122 0.368486204953854 0.421308320725716 0.449155421850717 0.463849007151702 0.476879440035954 0.488880912523417 0.49092283034977 0.491163709214281 0.491341164610184 0.491447048180442 0.491905005807164 0.492412197243055 0.492742744566397 0.492884033931275 0.49287031282494
-9999 -9999 -9999 -9999 -9999 -9999 -9999 -9999 -9999 -9999 -9999 -9999 -9999 -9999 -9999 -9999 -9999 -9999 -9999 -9999 -9999 -9999 0.476923852920818 0.414105542398828 0.367905735047121 0.299728384233587 0.170716421399592 0.0561243277620009 0.022217345893996 0 0 0.0107032522435336 0.0412091687647618 0.0296705682391508 0 0 0 0.000675172967340994 0.0919768980805991 0.207821643158568 0.289184218846579 0.319981602238409 0.394013167250111 0.398597647643613 0.425927780105935 0.468949345514354 0.480718253999714 0.488849276740276 0.491299446915738 0.491127722353312 0.490820777052445 0.490659180567694 0.490986827949887 0.49131222052304 0.491438926546826 0.491426358099117 0.491332170264023
-9999 -9999 -9999 -9999 -9999 -9999 -9999 -9999 -9999 -9999 -9999 -9999 -9999 -9999 -9999 -9999 -9999 -9999 -9999 -9999 -9999 -9999 0.452143849134355 0.446794084848841 0.415397428418448 0.333238206934693 0.181869529143259 0.0703336930078807 0.0033876958297936 0 0 0 0.0181026668351813 0.0437463018514897 0.0563061848160091 0 0 0 0 0.155401093480979 0.290291946173369 0.342682313401172 0.381083988685285 0.363886129300621 0.433469411254266 0.472850398754455 0.48446793867556 0.490654656769715 0.492514912209753 0.49182027544112 0.491016785330888 0.490485943035604 0.49040586803038 0.490465301334893 0.490489754154096 0.490434742606415 0.490235543032394
-9999 -9999 -9999 -9999 -9999 -9999 -9999 -9999 -9999 -9999 -9999 -9999 -9999 -9999 -9999 -9999 -9999 -9999 -9999 -9999 -9999 -9999 0.450668880274298 0.439839364503898 0.415727610083106 0.334669390313827 0.190708981726425 0.0983940569874869 0.0299748181420848 0 0 0 0.0156233680293127 0.0466110807177145 0.0653401379697137 0.0119920389033642 0 0 0 0.156186117902861 0.277888906141138 0.326480551521152 0.39864241369449 0.376807803997125 0.422765325435189 0.473941061842333 0.484663916169651 0.49069344028497 0.49227426870748 0.491506742610641 0.490532994257467 0.489776238207875 0.489479897935261 0.48945108360431 0.48927844521523 0.488880816640382 0.488682041114544
-9999 -9999 -9999 -9999 -9999 -9999 -9999 -9999 -9999 -9999 -9999 -9999 -9999 -9999 -9999 -9999 -9999 -9999 -9999 -9999 -9999 -9999 0.454652337170826 0.446581543672291 0.419400577835148 0.328671456922556 0.169203056801799 0.0804695308012623 0.01053362724223 0 0 0 0 0.0766800712939118 0.0756699524864822 0.052999898227553 0.0687358108408823 0.0455825377964547 0.0758440885588394 0.177282031651075 0.223782331123504 0.282916699914287 0.416764624805489 0.433269522745371 0.463025195521322 0.481053875688555 0.488730503615355 0.491912136994785 0.492234879644301 0.491533069634027 0.490326421125877 0.489297192851867 0.488550325761703 0.487808703209026 0.487180588984255 0.486295672054517 0.486466552508962
-9999 -9999 -9999 -9999 -9999 -9999 -9999 -9999 -9999 -9999 -9999 -9999 -9999 -9999 -9999 -9999 -9999 -9999 -9999 -9999 -9999 -9999 0.474632291789641 0.397228928727797 0.365617139304713 0.295289089236039 0.121838981317539 0.0282172311148564 0.00370299289469739 0 0 0 0 0.0108087702230188 0.023284269229624 0.0588171614820493 0.0622820602417243 0.0840908327184716 0.150832296601602 0.136177201010239 0.177025441227482 0.343920145941611 0.450367105975499 0.470543556024361 0.477079856234454 0.486024000504348 0.490965815475909 0.493106508169673 0.492466320212821 0.491258966512323 0.48996606775699 0.488936056275039 0.488079689756917 0.486112398199355 0.485079856455608 0.485617389146649 0.486007878598736
-9999 -9999 -9999 -9999 -9999 -9999 -9999 -9999 -9999 -9999 -9999 -9999 -9999 -9999 -9999 -9999 -9999 -9999 -9999 -9999 -9999 0.510323891929124 0.467974159725624 0.398549342833316 0.338296703105253 0.242361327131587 0.127632273366431 0.0441188217948475 0 0 0 0 0.0554388396385696 0.0467532414860315 0 0.0662088240755453 0.159519429393372 0.18984964287257 0.206714207898894 0.11039261717815 0.153346188239727 0.407888214280482 0.477298007351154 0.475380341491733 0.477895375278866 0.484469048567611 0.489773418271194 0.493759778192429 0.492741803371881 0.491286253258844 0.489865212605505 0.488732449517043 0.487555948735542 0.485242928480608 0.48373182372936 0.484347313492687 0.485349751976048
-9999 -9999 -9999 -9999 -9999 -9999 -9999 -9999 -9999 -9999 -9999 -9999 -9999 -9999 -9999 -9999 -9999 -9999 -9999 -9999 -9999 0.509928659189704 0.465942391033704 0.393213774203338 0.345975539920955 0.282037774706371 0.14980240650187 0.0290836804719626 0 0 0 0 0.0778718580265232 0.175522172105059 0.1101936894994 0.157446095899388 0.241513104797601 0.209828189033545 0.154301348799206 0.114206767224288 0.266209421749916 0.454932250154795 0.479523416665324 0.478342688880018 0.478702881925098 0.481925781091294 0.487100558235477 0.492635146136014 0.491903356790735 0.490521224435969 0.488936477763956 0.487415874501087 0.486093580661774 0.483970016425082 0.481848082406396 0.482384621633195 0.48411863059327
-9999 -9999 -9999 -9999 -9999 -9999 -9999 -9999 -9999 -9999 -9999 -9999 -9999 -9999 -9999 -9999 -9999 -9999 -9999 -9999 -9999 0.521273614540481 0.503637063278845 0.463810842582352 0.409811636601701 0.282919368902179 0.126532951019545 0.0090366721442318 0 0 0 0 0.113338413416317 0.261946922575226 0.218160986601162 0.200795634443515 0.286325115586028 0.281144848665102 0.28088730103453 0.264406911857526 0.346905397407368 0.460257662146918 0.480037351962105 0.480712654925056 0.47885012491684 0.480384237108253 0.486591672707799 0.490812192929053 0.491254888203169 0.490144176630595 0.488282188594683 0.48670069359199 0.485162755958028 0.482186546953775 0.479790382579115 0.481900776286801 0.484089077349373
-9999 -9999 -9999 -9999 -9999 -9999 -9999 -9999 -9999 -9999 -9999 -9999 -9999 -9999 -9999 -9999 -9999 -9999 -9999 -9999 -9999 0.527649696504411 0.4940363023325 0.446448322792212 0.383803948156564 0.257490437331478 0.115382944340861 0.0198491021247289 0 0 0 0 0.0860606651525589 0.258301051552166 0.240457560074379 0.23232073126023 0.287656342976037 0.314003879722458 0.345533560188012 0.302628278438281 0.338624374150343 0.451296345902957 0.477403399139254 0.475187964977477 0.470378607097845 0.475530680267613 0.485315926713571 0.489050499411191 0.489759152507164 0.488860495331914 0.487211860888195 0.485683567482266 0.484103192314204 0.481434512486175 0.479349381481544 0.480946053695135 0.482585909050346
-9999 -9999 -9999 -9999 -9999 -9999 -9999 -9999 -9999 -9999 -9999 -9999 -9999 -9999 -9999 -9999 -9999 -9999 -9999 -9999 0.524763697178362 0.522360667584186 0.477362381942291 0.41739436497742 0.358063374565081 0.246067603326756 0.110959276445609 0.00453576068601978 0 0 0 0 0.11267880016285 0.239123171644032 0.29473136545666 0.340387781187005 0.391358084353266 0.405352666321852 0.412065646935319 0.312805132665552 0.279932300343391 0.418150414652257 0.465010107943972 0.458712089263222 0.45515326905139 0.468829172978736 0.481904212137059 0.487436707842151 0.487795643077338 0.487329081956379 0.48627536258916 0.484748943553363 0.483135922362554 0.482526128268349 0.482580408315014 0.481584006811612 0.480714121400454
-9999 -9999 -9999 -9999 -9999 -9999 -9999 -9999 -9999 -9999 -9999 -9999 -9999 -9999 -9999 -9999 -9999 -9999 -9999 -9999 0.49646865281164 0.501508632972429 0.475367725928222 0.398811994544526 0.31949631426934 0.232999331071581 0.117700675590103 0.0107909126531212 0 0 0 0.0195504603868094 0.093915916742632 0.231253677292901 0.334405450823747 0.35282622053977 0.401467118110118 0.413886558227982 0.410586706758755 0.271108815064321 0.226868486006869 0.39813934143543 0.443732261301441 0.444327458166164 0.452860208702688 0.472650868230682 0.482628863761861 0.486551278591912 0.486635048424848 0.486107569982695 0.484828456500766 0.483573517052234 0.482531320740747 0.482169465139505 0.481878409993049 0.48058253140173 0.478991284144365
-9999 -9999 -9999 -9999 -9999 -9999 -9999 -9999 -9999 -9999 -9999 -9999 -9999 -9999 -9999 -9999 -9999 -9999 -9999 -9999 0.485430195079229 0.482600599383928 0.452561153831071 0.359435577347025 0.257931162061434 0.195043679457823 0.0841419203742163 0 0 0 0.0540977445290571 0.0841929993491992 0.0923532537076456 0.180663227776769 0.348029296829053 0.376669659993749 0.398199275232414 0.414763238022307 0.403711515913433 0.239542024995069 0.190283247420097 0.358867330118368 0.406845858964317 0.445940923185781 0.459071636113963 0.476772810840063 0.484771831449652 0.486490289280879 0.485874553169938 0.485187588291569 0.483886615878681 0.482492131454412 0.480935820289514 0.479789152426387 0.479370695987213 0.478307030857447 0.476801036450361
-9999 -9999 -9999 -9999 -9999 -9999 -9999 -9999 -9999 -9999 -9999 -9999 -9999 -9999 -9999 -9999 -9999 -9999 -9999 -9999 0.496414126938171 0.483829997268195 0.430981115260336 0.349813651618028 0.224659262751993 0.0829498540976039 0 0 0 0.039642930505873 0.134942736513561 0.183177138693064 0.131509982991245 0.147598018031822 0.313532424036343 0.317755513332644 0.340515872483771 0.406538750810157 0.372305629336328 0.267801903379307 0.283635865878423 0.389855719731461 0.423680234831469 0.456114836382809 0.464445078930545 0.476936262342793 0.484416016469069 0.484901297797846 0.483993898847503 0.483265836802363 0.481971681887143 0.48065821738727 0.479314932462929 0.477740245468117 0.476577525332968 0.475485383841824 0.473924019327882
-9999 -9999 -9999 -9999 -9999 -9999 -9999 -9999 -9999 -9999 -9999 -9999 -9999 -9999 -9999 -9999 -9999 -9999 -9999 -9999 0.459893429691335 0.464340086000537 0.400026537019639 0.307771617871266 0.192640461521571 0.0376756596925842 0 0 0 0.0780340783384754 0.19363096708739 0.243819652150363 0.161920681518614 0.125260033534229 0.272004399850631 0.233491723242201 0.258235510263918 0.387037996090077 0.353550265391467 0.355018997918635 0.411365506827369 0.404925864933049 0.437657529740788 0.462431360349762 0.467973106576943 0.47758820579226 0.483647227419661 0.483006806492549 0.48164052683475 0.481053946479687 0.479970537114872 0.47863460907474 0.477412629929665 0.475691182270056 0.474261361781569 0.472987589941649 0.471299342706868
-9999 -9999 -9999 -9999 -9999 -9999 -9999 -9999 -9999 -9999 -9999 -9999 -9999 -9999 -9999 -9999 -9999 -9999 -9999 -9999 0.448331104346276 0.41391031659938 0.386811190907256 0.280208924374483 0.149780950295008 0.0304445844572234 0 0 0.0190939921936192 0.0764713942392044 0.164005120693029 0.242543957704672 0.164718570146138 0.0859680721150913 0.208271488070136 0.232496241596825 0.266844871154787 0.36492671518113 0.421273142842327 0.456348864955771 0.441180919222233 0.422937437992582 0.444669798159275 0.463901306107648 0.470148271901974 0.479437816539369 0.482249119790209 0.478212546379138 0.475682633726336 0.477828266200796 0.478736885849379 0.477576456449818 0.476192407457467 0.474470226854985 0.472939692137376 0.471375480583728 0.469440279112971
-9999 -9999 -9999 -9999 -9999 -9999 -9999 -9999 -9999 -9999 -9999 -9999 -9999 -9999 -9999 -9999 -9999 -9999 -9999 0.486684858687084 0.441186656494518 0.397255621761005 0.346854822499713 0.229268385629432 0.176964698698352 0.0725328331030219 0 0.0035646216531863 0.0618756414703657 0.0881476301331102 0.141832742394447 0.235816410986694 0.191887942147333 0.0945441734410754 0.216984352522697 0.297259445653671 0.316240295053087 0.373190945849472 0.443162124549536 0.459001452409136 0.460743556146291 0.453766038818276 0.454619967239126 0.466155514110398 0.471726495835757 0.478783721594371 0.474027337708368 0.459001470233406 0.450496215581655 0.462039161632604 0.475392368298051 0.475471961911905 0.474057514725776 0.472353482123825 0.470799664912037 0.469039600960446 0.466783184695171
-9999 -9999 -9999 -9999 -9999 -9999 -9999 -9999 -9999 -9999 -9999 -9999 -9999 -9999 -9999 -9999 -9999 -9999 -9999 -9999 0.440125977420977 0.376626279336066 0.289707343380176 0.155113992352291 0.0824269753968647 0 0 0.00531838432945112 0.0773334677202047 0.181171911424716 0.299938240985029 0.318773907950546 0.293947238067832 0.257296939696511 0.312736423856073 0.328504967505946 0.33782074644346 0.439514029612969 0.452905882619708 0.45649196801861 0.458194330797611 0.459127494679416 0.463120714275868 0.46922023867583 0.47074032595835 0.473970601318899 0.467389649892858 0.43961371741994 0.425173828533901 0.44874757178122 0.471696647512788 0.473553972986065 0.472056533214841 0.470041454254632 0.468279807444089 0.4663773232766 0.464244646666019
-9999 -9999 -9999 -9999 -9999 -9999 -9999 -9999 -9999 -9999 -9999 -9999 -9999 -9999 -9999 -9999 -9999 -9999 -9999 -9999 0.453934631703537 0.438334664323121 0.31196541365964 0.125939991498614 0.0436615284188954 0 0 0 0.0772413707738166 0.176148817007391 0.301876662003884 0.34225166898138 0.332017406448761 0.283176275286752 0.297913917714638 0.327927155443808 0.350652080352939 0.445506902515125 0.453306160668287 0.455685339487481 0.453011810163845 0.457192923493081 0.466784322124819 0.468208377264414 0.466574280610206 0.468004409362189 0.455558376953005 0.421717666076716 0.418095563683529 0.449602111581401 0.471127588201998 0.47198552244787 0.470528349358007 0.468383234072319 0.465776268577894 0.463847084596466 0.462429320425667
-9999 -9999 -9999 -9999 -9999 -9999 -9999 -9999 -9999 -9999 -9999 -9999 -9999 -9999 -9999 -9999 -9999 -9999 -9999 -9999 0.438492383849636 0.406553014898409 0.303000197275843 0.142889558274891 0.0375668622739257 0 0 0 0.0706126908949491 0.170790105822501 0.252127981159045 0.317454157183557 0.340161065397982 0.296245728228497 0.284547204998372 0.322044641819754 0.381396401998033 0.441275297021715 0.449224441972475 0.45274299413048 0.451359839511255 0.455859283970824 0.464875658690187 0.465287896206556 0.464346037753819 0.460330680665082 0.43453776448923 0.40671773813696 0.422096578470326 0.453870391293787 0.469159160197112 0.469631292737536 0.468182070862108 0.465739728015566 0.46280337164885 0.460506731180001 0.459052483921885
