layers/veg/veg2800.asc
NCOLS 255 
NROWS 330 
XLLCORNER -2985163.8955 
YLLCORNER -3022031.214 
CELLSIZE 25000 
NODATA_value -9999 
[rows 250 to 274 of 330, columns 57 to 113 of 255]
-9999 -9999 -9999 -9999 -9999 -9999 -9999 -9999 -9999 -9999 -9999 -9999 -9999 -9999 -9999 -9999 0.605305430507413 0.618921834419837 0.639248877426254 0.633811564689819 0.599051625052528 0.542143865230066 0.507387362655119 0.490920564902029 0.480504297218342 0.488579567507791 0.492621690792889 0.490263299887607 0.475974658363701 0.448818095286249 0.441121740603744 0.431301789252138 0.406342740685739 0.39636707912356 0.409927408423638 0.412287966428618 0.409124405682377 0.403265586374024 0.396450085577712 0.389108587861047 0.391646357806316 0.400516364020437 0.404766119779852 0.403265863934638 0.403872554439553 -9999 -9999 -9999 0.351666769373339 0.343108315451185 0.332957666209773 0.322648422842101 0.311588642216115 0.303165576075291 -9999 -9999 -9999
-9999 -9999 -9999 -9999 -9999 -9999 -9999 -9999 -9999 -9999 -9999 -9999 -9999 -9999 -9999 -9999 0.626792957720995 0.633251331752176 0.653606258696657 0.649825967327014 0.629940465333683 0.59772581300618 0.55422650069152 0.540684410486993 0.559285856041014 0.538683606659929 0.512574130175028 0.505706959864203 0.488653657916739 0.46994235839495 0.481536304456168 0.477184343095872 0.451775992368877 0.436954055660647 0.427936029578623 0.416409579897022 0.395795550116582 0.373016465541606 0.357510670413974 0.345378456432819 0.35815416915371 0.383956328442724 0.40214803197285 0.408695728271401 0.408344016934804 0.40998153278658 -9999 -9999 -9999 -9999 -9999 -9999 -9999 -9999 -9999 -9999 -9999
-9999 -9999 -9999 -9999 -9999 -9999 -9999 -9999 -9999 -9999 -9999 -9999 -9999 -9999 -9999 -9999 0.637729180246721 0.649518489513436 0.661973662936194 0.661166027848243 0.644994063975512 0.62120778720497 0.566598445837196 0.528055379742306 0.555322330291605 0.5595051919648 0.534324365235001 0.511982317647957 0.499166297768348 0.487021848560165 0.491537328522777 0.488578679177167 0.470168868226583 0.451641211648144 0.433099469092058 0.413334965401254 0.394096227700067 0.3767281059595 0.353569097429718 0.335022849083568 0.354178340626616 0.389469536317466 0.408708666708854 0.413641859350595 0.415419537826749 0.41836813861554 -9999 -9999 -9999 -9999 -9999 -9999 -9999 -9999 -9999 -9999 -9999
-9999 -9999 -9999 -9999 -9999 -9999 -9999 -9999 -9999 -9999 -9999 -9999 -9999 -9999 -9999 -9999 0.658084469246481 0.658508507444415 0.670871876464891 0.675023621353513 0.646630066635257 0.619145274689109 0.621171489326694 0.617494466628169 0.566743971493105 0.523555114783366 0.537500542558043 0.505915366366123 0.487196819312116 0.490154186701442 0.491572323499728 0.482028546724221 0.468060748979344 0.454407585461305 0.433977180064556 0.417625254104327 0.400810131506356 0.382027482957863 0.363797442631384 0.354819527983261 0.374612242224794 0.405033660774321 0.419839075652573 0.419198929790231 0.420388055675225 0.42653495542764 -9999 -9999 -9999 -9999 -9999 -9999 -9999 -9999 -9999 -9999 -9999
-9999 -9999 -9999 -9999 -9999 -9999 -9999 -9999 -9999 -9999 -9999 -9999 -9999 -9999 -9999 -9999 0.686638111765003 0.685176603453263 0.690569761357569 0.685755722753054 0.673677661760281 0.659316794773703 0.64347109732206 0.643725121866169 0.616118820889053 0.561246802847532 0.558163928028985 0.549407851226182 0.520452283879552 0.49587717179521 0.479186111572891 0.463246380095219 0.444707847230012 0.449142297161008 0.432709192795466 0.418604564023098 0.415173568517481 0.409323125472648 0.419908910166445 0.419488296223999 0.415944534436486 0.421776002971154 0.426810632266318 0.429458615899582 0.432278247785125 0.44005923097807 -9999 -9999 -9999 -9999 -9999 -9999 -9999 -9999 -9999 -9999 -9999
-9999 -9999 -9999 -9999 -9999 -9999 -9999 -9999 -9999 -9999 -9999 -9999 -9999 -9999 -9999 -9999 0.702620281334195 0.703317667485222 0.702036335551158 0.664743726456746 0.655702917730576 0.650804184952923 0.655811221810296 0.654827568544385 0.625283840230665 0.601634751578334 0.602240352670915 0.58762161072724 0.56997348279632 0.538477888054448 0.506679746018175 0.477441426800276 0.441199653401907 0.421495986481546 0.41024566140525 0.407698327579302 0.406468476399208 0.408747350551096 0.436105025490012 0.449077822574118 0.444192864326644 0.441415076693696 0.447560769629789 0.450100855882829 0.453088907190238 0.456525711749671 0.456060845146515 -9999 -9999 0.432619311958928 0.427101432675576 -9999 -9999 -9999 -9999 -9999 -9999
-9999 -9999 -9999 -9999 -9999 -9999 -9999 -9999 -9999 -9999 -9999 -9999 -9999 -9999 -9999 0.682486244586894 0.700555059919808 0.713561514073274 -9999 0.684907006247819 0.692825979161826 0.67223623243572 0.619971544860966 0.629344747603335 0.639084729735269 0.629535668972646 0.624407391073562 0.604590339948868 0.581082448424534 0.557731722530842 0.52943817888017 0.486226209136035 0.440096002797461 0.4138427180509 0.401811729272813 0.41253721330095 0.424078171803184 0.433291410691077 0.45465339530923 0.463541427790895 0.458745898543833 0.456700933286261 0.461852440292648 0.46344616896179 0.464042140135483 0.462956294384689 0.457035982743568 0.45181168710792 0.445492147098316 0.438593518385215 0.439434857048791 -9999 -9999 -9999 -9999 -9999 -9999
-9999 -9999 -9999 -9999 -9999 -9999 -9999 -9999 -9999 -9999 -9999 -9999 -9999 -9999 -9999 0.64033178333495 0.667671718070258 0.709684598383089 0.722193367533868 -9999 0.704556798975906 0.651475470668993 0.592985996274065 0.628745822420486 0.669548258136441 0.656965958750972 0.642681560257803 0.63141784017789 0.592606118044467 0.567342730216442 0.564241306196979 0.534545837712994 0.499341001142071 0.472262777138884 0.464741773500506 0.45763193290319 0.443162646642932 0.448881213611343 0.474662067836886 0.492694451466918 0.489579911727339 0.485812940564764 0.488256334779505 0.484858285101799 0.478962732377853 0.474238551344807 0.466658548116155 0.455284058899161 0.451595638886494 0.452689925633111 0.453993091907314 -9999 -9999 -9999 -9999 -9999 -9999
-9999 -9999 -9999 -9999 -9999 -9999 -9999 -9999 -9999 -9999 -9999 -9999 -9999 -9999 -9999 0.645942340013652 0.669205577017193 0.706314755973387 -9999 -9999 0.682820916519541 0.712467197809211 0.682792690220458 0.650590009348734 0.682923380950767 0.651274717334158 0.637546846580394 0.649909424522995 0.621573071544492 0.60207409636276 0.594427236512687 0.55765096280248 0.510720302992001 0.471351972710645 0.4710956061421 0.466084103215469 0.459233770889966 0.471631983153527 0.506260155121909 0.538593432040178 0.528685690492062 0.514014682385587 0.507728511452363 0.500417095596671 0.490599558141371 0.490057444944279 0.490040383056624 0.482661223237786 0.473565598056038 0.463321876393934 0.463660237799432 -9999 -9999 -9999 -9999 -9999 -9999
-9999 -9999 -9999 -9999 -9999 -9999 -9999 -9999 -9999 -9999 -9999 -9999 -9999 -9999 -9999 0.683099246131113 0.689555012714393 0.7135671509959 -9999 0.685616449779397 0.671616320034282 0.64413914730578 0.614833587881316 0.61357683411475 0.62644901651564 0.627419000463325 0.630680808763721 0.634946751206633 0.60572396570332 0.589907827395007 0.596083678155535 0.567700741490088 0.533389812473742 0.52314438598811 0.495117559180991 0.484420937992943 0.50333693146905 0.519785072051096 0.544408047548874 0.554910978082233 0.543469181135793 0.52563148585996 0.513134022616778 0.505486792976216 0.500858638703588 0.499098537796761 0.491405553351587 0.483674365994063 0.482295858907452 -9999 -9999 -9999 -9999 -9999 -9999 -9999 -9999
-9999 -9999 -9999 -9999 -9999 -9999 -9999 -9999 -9999 -9999 -9999 -9999 -9999 -9999 -9999 0.719795463334346 0.719564427990756 0.717267211885596 -9999 0.710912106446051 0.697957578699559 0.661534877229014 0.634256841123988 0.62907202779794 0.648173425299356 0.663745818629358 0.650175465159947 0.657388031601321 0.63553845767938 0.586383694693553 0.557033422380881 0.562891140781886 0.564571196608219 0.551820313261471 0.538899563848577 0.535086867284893 0.55098034068514 0.558098477727943 0.562036083183361 0.554899564237974 0.542764980305059 0.528420078441752 0.520443395951197 0.515716906898445 0.512789494529132 0.509536044523159 0.5048769244152 0.503108732722251 -9999 -9999 -9999 -9999 -9999 -9999 -9999 -9999 -9999
-9999 -9999 -9999 -9999 -9999 -9999 -9999 -9999 -9999 -9999 -9999 -9999 -9999 -9999 -9999 0.717317241019776 0.71613095287393 0.71719587537442 -9999 0.723293949960137 0.70236265174002 0.671734651858334 0.642526675395276 0.612084399317436 0.638357481017971 0.67162920112465 0.6301969647448 0.62213539708338 0.627834939562777 0.601633592694707 0.581718969898126 0.578196317457406 0.57116280566305 0.557742809454435 0.578414741061147 0.582160066110367 0.574600478836301 0.563763994682478 0.554295516470768 0.548465407114896 0.542322657730761 0.537065105816739 0.536518587790992 0.523580090662107 0.507279361066069 0.505090847052263 -9999 -9999 -9999 -9999 -9999 -9999 -9999 -9999 -9999 -9999 -9999
-9999 -9999 -9999 -9999 -9999 -9999 -9999 -9999 -9999 -9999 -9999 -9999 -9999 -9999 -9999 -9999 0.72132805087303 0.72328401476282 -9999 0.738415944067773 0.69213705766146 0.684136364835413 0.696420982582832 0.624431693268268 0.631519098686301 0.64958316774745 0.626988398146148 0.631981198479151 0.626714352453986 0.607310062340641 0.598523830614836 0.582960552226015 0.569197927883274 0.565120759308539 0.58288428412343 0.587672878961734 0.576054565163879 0.561620942519228 0.554248922049939 0.548790129464161 0.544286090550147 0.542816406108267 0.5379015162334 0.520704074968184 0.520317190926102 -9999 -9999 -9999 -9999 -9999 -9999 -9999 -9999 -9999 -9999 -9999 -9999
-9999 -9999 -9999 -9999 -9999 -9999 -9999 -9999 -9999 -9999 -9999 -9999 -9999 -9999 -9999 -9999 -9999 -9999 -9999 0.739614974786499 0.700959634688641 0.681543160551624 0.690568430700325 0.661991011661184 0.650682084898408 0.646087376572763 0.64017570084394 0.63248537779559 0.632624512312045 0.618981972632443 0.615439684017803 0.602699324113367 0.599973247342822 0.614980005971939 0.606567310759294 0.594628648035924 0.583934849461386 0.575552415490751 0.564944297697482 0.552666678174047 0.546882719881427 0.537291862498275 0.525966502265467 0.5198619310835 0.522640873685315 0.532299791005696 -9999 -9999 -9999 -9999 -9999 -9999 -9999 -9999 -9999 -9999 -9999
-9999 -9999 -9999 -9999 -9999 -9999 -9999 -9999 -9999 -9999 -9999 -9999 -9999 -9999 -9999 -9999 -9999 -9999 -9999 0.733503702489971 0.727117619913901 0.705018854145749 0.669444506396328 0.628301818761688 0.641703585893696 0.664020778185858 0.652281599326464 0.646574100114064 0.63709552714204 0.612691812067472 0.611160817239154 0.606114643323375 0.603355492446083 0.613431715268083 0.601271763170266 0.581159891403028 0.57427757076993 0.576940040687628 0.574309611555207 0.56553526004973 0.554535997958448 0.542098358038374 0.528999454461125 0.523723129619849 0.529967174206949 0.542414217978579 -9999 -9999 -9999 -9999 -9999 -9999 -9999 -9999 -9999 -9999 -9999
-9999 -9999 -9999 -9999 -9999 -9999 -9999 -9999 -9999 -9999 -9999 -9999 -9999 -9999 -9999 -9999 -9999 -9999 -9999 0.715408457214225 0.707916838458677 0.735991249222469 0.726249271983341 0.679641225668173 0.692669836717041 0.688257658148666 0.684824630828861 0.675938113814126 0.65114203192328 0.62061957065125 0.595796653913681 0.586492193441325 0.59495058250153 0.604765732454281 0.592387571167278 0.574573150374262 0.572683818749091 0.574316032332272 0.572244942024545 0.561317100565527 0.550939467018651 0.537067210777201 0.529732916558536 0.527382133196446 0.535685492625353 0.547159050807131 -9999 -9999 -9999 -9999 -9999 -9999 -9999 -9999 -9999 -9999 -9999
-9999 -9999 -9999 -9999 -9999 -9999 -9999 -9999 -9999 -9999 -9999 -9999 -9999 -9999 -9999 -9999 -9999 0.753065945573851 0.747045759577159 0.727808330785009 0.710516611126949 0.695789578945292 0.702017053955427 0.694774241501273 0.722375222434553 0.744753338872525 0.705525157976744 0.689110582566677 0.679245186875192 0.651758798539427 0.628175869218869 0.602579470457466 0.600809904537574 0.609515980514213 0.583955476389121 0.577363362117852 0.588835021760606 0.587581080224372 0.577546218874723 0.5679960002052 0.55589170172316 0.539510279961569 0.537239251157837 0.543566934304458 0.554001369263769 -9999 -9999 -9999 -9999 -9999 -9999 -9999 -9999 -9999 -9999 -9999 -9999
-9999 -9999 -9999 -9999 -9999 -9999 -9999 -9999 -9999 -9999 -9999 -9999 -9999 -9999 -9999 -9999 -9999 0.747035795208981 0.749066991443847 0.749143161328247 0.724828865113998 0.713794426078816 0.719967030230791 0.72031083120815 0.736321976078604 0.728187732738419 0.705021102815173 0.701163272657418 0.691405221154561 0.669403336542874 0.639040425024351 0.605110749125445 0.606847657402717 0.623658560873771 0.613237251469031 0.604557819679363 0.595230795016533 0.586339283074764 0.579833229796796 0.565112401181014 0.552228924265856 0.563485968215341 0.572192575105885 0.571058949762358 0.570510577046743 -9999 -9999 -9999 -9999 -9999 -9999 -9999 -9999 -9999 -9999 -9999 -9999
-9999 -9999 -9999 -9999 -9999 -9999 -9999 -9999 -9999 -9999 -9999 -9999 -9999 -9999 -9999 -9999 -9999 0.724253108861671 0.750435174887024 0.743859385016459 0.700227597393559 0.679695026623764 0.691945045672764 0.716046724894386 0.729158678801482 0.707081331569521 0.671329261436066 0.681883752397201 0.687451677558837 0.661824783738897 0.628765358086192 0.607292659737072 0.613017694488071 0.619594576378985 0.611221157176021 0.605936085150409 0.589567090059553 0.578775607205865 0.576650819718255 0.56121206971334 0.559275887231472 0.579466764259109 0.580618246136585 0.572198644751745 0.565245577702811 -9999 -9999 -9999 -9999 -9999 -9999 -9999 -9999 -9999 -9999 -9999 -9999
-9999 -9999 -9999 -9999 -9999 -9999 -9999 -9999 -9999 -9999 -9999 -9999 -9999 -9999 0.730081443690814 -9999 0.720315154767153 0.734853078474061 0.750595126255442 0.702650679478962 0.692234596349306 0.672515194279934 0.668467969096581 0.681087069129456 0.702389150043357 0.702796705215185 0.684110132530983 0.677765645996342 0.669448164343882 0.656800223125797 0.642294612459744 0.618487199353452 0.613749361791905 0.617617069868667 0.601699619202977 0.589210051761334 0.578808820880878 0.579505652187094 0.571179569080899 0.569587382002962 0.585997960858526 0.594671663375108 -9999 -9999 -9999 -9999 -9999 -9999 -9999 -9999 -9999 -9999 -9999 -9999 -9999 -9999 -9999
-9999 -9999 -9999 -9999 -9999 -9999 -9999 -9999 -9999 -9999 -9999 -9999 -9999 -9999 -9999 -9999 0.727651085234417 0.72802049294595 0.72356776831923 0.710922318995959 0.67670168716228 0.639481155323718 0.630523520325694 0.623598954593645 0.650686266434454 0.675013211250324 0.654415089488517 0.651032063905364 0.650201889741331 0.648595895827264 0.640827707993524 0.61747187153139 0.614686496839172 0.629556263481756 0.617754369350176 0.601508492145043 0.587652984161103 0.567700615480203 0.570020571320099 0.58871124475006 -9999 -9999 -9999 -9999 -9999 -9999 -9999 -9999 -9999 -9999 -9999 -9999 -9999 -9999 -9999 -9999 -9999
-9999 -9999 -9999 -9999 -9999 -9999 -9999 -9999 -9999 -9999 -9999 -9999 -9999 -9999 -9999 -9999 0.711542439099085 0.720109031639117 -9999 0.716725199439644 0.698221207501068 0.65914512004438 0.651579483005024 0.61939051407832 0.591949525857736 0.60420910408237 0.622373458987141 0.634570554632911 0.64134961100632 0.639085688357509 0.632928999825123 0.613674544210754 0.611210759234547 0.629623448681339 0.616467877319018 0.592329270153253 0.564497886526208 0.554679139050913 0.567392235956917 -9999 -9999 -9999 -9999 -9999 -9999 -9999 -9999 -9999 -9999 -9999 -9999 -9999 -9999 -9999 -9999 -9999 -9999
-9999 -9999 -9999 -9999 -9999 -9999 -9999 -9999 -9999 -9999 -9999 -9999 -9999 -9999 -9999 -9999 0.71797413674781 0.726970835202751 -9999 0.680972499927831 0.667212045438106 0.647788648510507 0.632956404901004 0.609093774077916 0.572894093671205 0.565587450004944 0.591608729732139 0.611425032625573 0.622313785450393 0.625597660336287 0.622055325659584 0.610189688899341 0.605131298067104 0.608905930748994 0.596184669558119 0.570660602594301 0.56004917040861 0.574265501667404 0.59015978118319 -9999 -9999 -9999 -9999 -9999 -9999 -9999 -9999 -9999 -9999 -9999 -9999 -9999 -9999 -9999 -9999 -9999 -9999
-9999 -9999 -9999 -9999 -9999 -9999 -9999 -9999 -9999 -9999 -9999 -9999 -9999 -9999 0.735240629479643 0.707054304873056 0.700485862824777 0.704178613069869 -9999 0.724147751762293 0.646234314056313 0.586153873543067 0.571513887779794 0.528723820401803 0.513410171650773 0.558769561091224 0.570293031549379 0.582664974471939 0.596354550024642 0.601930632519006 0.603433457873165 0.60390079083733 0.603983239842646 0.593735957122452 0.577841384295799 0.590132267014398 0.608018794664451 0.603419884300992 0.600926001108009 -9999 -9999 -9999 -9999 -9999 -9999 -9999 -9999 -9999 -9999 -9999 -9999 -9999 -9999 -9999 -9999 -9999 -9999
-9999 -9999 -9999 -9999 -9999 -9999 -9999 -9999 -9999 -9999 -9999 -9999 -9999 0.746937616365993 0.735022999914694 0.707846443334113 0.691798251532615 0.713853689077818 0.74788982056175 0.706148709712438 0.626676106526504 0.624105312904472 0.612634482845414 0.543902381570991 0.522817132570268 0.530920381128026 0.554595284447982 0.573393842010015 0.588354711420981 0.596157117501043 0.593647667912011 0.591180746083047 0.593986250816441 0.58776488474235 0.582176584305698 0.60125528535707 0.610342576089131 0.602343283722105 0.591517762235808 -9999 -9999 -9999 -9999 -9999 -9999 -9999 -9999 -9999 -9999 -9999 -9999 -9999 -9999 -9999 -9999 -9999 -9999
