layers/veg/veg2400.asc
NCOLS 255 
NROWS 330 
XLLCORNER -2985163.8955 
YLLCORNER -3022031.214 
CELLSIZE 25000 
NODATA_value -9999 
[rows 125 to 149 of 330, columns 171 to 227 of 255]
0.441509768672279 0.47637713618545 0.468622149724794 0.467751203424929 0.468721295896335 0.450628226377168 0.431675910294892 0.425563687989089 0.43146009176334 0.437221003942735 0.438570255903997 0.440019788113769 0.446298845635068 0.444558612045266 0.448546242930402 0.466539890602756 0.475549118590121 0.477698304006289 0.476923888448666 0.457220600225423 0.439175265176718 0.455981322558527 0.459650134649797 0.419085338150272 0.389741339999184 0.397993032366609 0.435656920699006 0.483785701976972 0.490141441077441 0.495392512976294 0.51475562633694 0.525803003710844 0.527533523778298 0.520286981966909 0.528055965906503 0.546553737808623 0.552390137504694 0.565513275075224 0.568571076447106 0.56754243072189 0.569836683373278 -9999 -9999 -9999 -9999 -9999 -9999 -9999 -9999 -9999 -9999 -9999 -9999 -9999 -9999 -9999 -9999
0.416980589993943 0.410325148261782 0.433880974301001 0.464807022566454 0.463834651520451 0.439611181418392 0.421580776041447 0.425959672925377 0.433276133213979 0.439614045532363 0.444419434137462 0.447174084011133 0.45438124298309 0.462593953960447 0.460948294516458 0.465920651377623 0.478491626392638 0.481887487698845 0.478341249438244 0.456278387264951 0.439384928503118 0.453766652989709 0.450633471715642 0.408579952590664 0.402088810833999 0.423416170714641 0.433520187584737 0.473654952489224 0.5052828381382 0.504306215594487 0.481931978965082 0.478818818293425 0.494355849690903 0.515430268403967 0.538599825503523 0.551314644879841 0.56266711149258 0.572383514339872 -9999 0.575360823965081 0.575039845616083 -9999 -9999 -9999 -9999 -9999 -9999 -9999 -9999 -9999 -9999 -9999 -9999 -9999 -9999 -9999 -9999
0.388345357965708 0.391665309680039 0.428349742533827 0.468498046461445 0.461890590288071 0.43681145517053 0.41892513526105 0.423745147812206 0.432079637600527 0.439184448123046 0.440117969785494 0.445865956147908 0.456042397334764 0.456420658375996 0.448974325953126 0.462414235229802 0.48399000356249 0.485850979733466 0.480927076495765 0.448277965528837 0.428666822836911 0.453718304748659 0.452396521250516 0.41615099305659 0.418359801615159 0.433453695258789 0.43532196016061 0.474412942636083 0.499189114034182 0.496313537214585 0.477734347422659 0.488051133580492 0.498634249059158 0.520542305838839 0.548826728164952 0.557190480092038 0.568896465367194 0.576678641343141 -9999 -9999 -9999 -9999 -9999 -9999 -9999 -9999 -9999 -9999 -9999 -9999 -9999 -9999 -9999 -9999 -9999 -9999 -9999
0.405025583885697 0.449401642860726 0.466623308136856 0.464556351011898 0.447201761735866 0.421187912511644 0.413195961513177 0.421563373337707 0.430945472878747 0.441789896382376 0.449193675868017 0.450526800269456 0.448909102867557 0.448897323010466 0.459876187244731 0.478388652976926 0.487188317510094 0.488164262123863 0.483717471499144 0.462941127826723 0.442738768814778 0.443483517836381 0.456461701768972 0.472967886957604 0.47980342044594 0.456873440559742 0.447359253462958 0.490913502885564 0.516040755917192 0.494747467384742 0.472348563845952 0.485716713752375 0.497754804090542 0.523975677448266 0.554203292212347 0.567883981769348 0.577582880733988 -9999 -9999 -9999 -9999 -9999 -9999 -9999 -9999 -9999 -9999 -9999 -9999 -9999 -9999 -9999 -9999 -9999 -9999 -9999 -9999
0.416129528287995 0.452378892898202 0.465436601788117 0.462524256915015 0.450230373573074 0.43181180214445 0.420284593788873 0.420441271607657 0.428856571942869 0.436854799180465 0.445049023327016 0.455478852951031 0.462915792400112 0.468244730289791 0.478318010263176 0.487664232792298 0.490691647313147 0.490901274776303 0.490661509680847 0.487067750850996 0.464993562473549 0.456463263114382 0.481832839461515 0.497287738262832 0.49304801289728 0.473277457210283 0.482723932013864 0.517863459230701 0.530071138407766 0.511501697866225 0.495658438510511 0.500885689519346 0.514746561694164 0.541861795431221 0.560931390520838 0.571870239926359 0.58191287677203 -9999 -9999 -9999 -9999 -9999 -9999 -9999 -9999 -9999 -9999 -9999 -9999 -9999 -9999 -9999 -9999 -9999 -9999 -9999 -9999
0.421067044744783 0.462838906780318 0.463006927919935 0.455842656671689 0.436143492311796 0.422410690502075 0.421058146379683 0.419822935720131 0.429679956082048 0.437922809889969 0.442755817154297 0.454600117029596 0.464072210699703 0.470588381749523 0.481950838579543 0.48818342832383 0.487979079377883 0.488096060253055 0.486346478779627 0.48855006751768 0.479031505059681 0.474580307627808 0.487578613866718 0.490298445490175 0.504412540259769 0.517260715240884 0.527340620914673 0.532993543327732 0.531287073411548 0.521383352569412 0.51895812143893 0.531652010257721 0.539632503101063 0.550146534959663 0.562776207588062 0.581083864242854 0.587164408791486 -9999 -9999 -9999 -9999 -9999 -9999 -9999 -9999 -9999 -9999 -9999 -9999 -9999 -9999 -9999 -9999 -9999 -9999 -9999 -9999
0.423325895470634 0.457190112332333 0.456107655179357 0.437906086334289 0.416988546559975 0.415969109702662 0.418735455099558 0.423168411798293 0.431256349089656 0.435881112018834 0.439521198178356 0.447898720173915 0.460109069147027 0.468895391167009 0.482227422301309 0.481507898831032 0.479410297078971 0.489343737755878 0.479965227366369 0.478046159580371 0.473524804355519 0.470587129979817 0.487639859459409 0.498419093932548 0.515229838228308 0.519504717148495 0.525423027966159 0.528995552293396 0.515936659727757 0.509427272347642 0.518733992889483 0.540840862309235 0.557803962867876 0.558915454104209 0.569256246761303 0.581222256594131 -9999 -9999 -9999 -9999 -9999 -9999 -9999 -9999 -9999 -9999 -9999 -9999 -9999 -9999 -9999 -9999 -9999 -9999 -9999 -9999 -9999
0.416989795377929 0.433219997365962 0.422547430500069 0.40691795884726 0.403906900947953 0.412612512712637 0.424372884547173 0.429059412926378 0.432167921319331 0.437915387621761 0.442596642093935 0.443652169362606 0.45115479026595 0.465115189073816 0.48193566997363 0.495319780230894 0.496812309378844 0.495625454537922 0.489037104969799 0.483353326587778 0.477166725386036 0.475996465423236 0.490062120027307 0.495887811414844 0.498795348235455 0.507899743523274 0.513650488308358 0.504762780040291 0.495779355470739 0.498211131147031 0.509178877136062 0.539426782010731 0.562297676886226 0.565730808202134 0.577489485610837 0.582914067854284 -9999 -9999 -9999 -9999 -9999 -9999 -9999 -9999 -9999 -9999 -9999 -9999 -9999 -9999 -9999 -9999 -9999 -9999 -9999 -9999 -9999
0.404405637214475 0.406676050146213 0.394426661411287 0.399483712311301 0.406140910961049 0.416535048523341 0.429403905016305 0.429340981942247 0.429762773398347 0.439625569511312 0.445544771792817 0.445018258856969 0.447384064986633 0.464532183601867 0.486380896629672 0.498685324499794 0.501073856816861 0.491337009274814 0.474540215995852 0.47592616770541 0.478303261413457 0.476218430954674 0.486327891545928 0.492882929858671 0.501626916804474 0.515656463776087 0.51505103178409 0.48729732552633 0.4783785515631 0.492026225628783 0.525995227475161 0.559067492706129 0.561913619938801 0.567876034144352 0.584190235572244 0.58590533564981 -9999 -9999 -9999 -9999 -9999 -9999 -9999 -9999 -9999 -9999 -9999 -9999 -9999 -9999 -9999 -9999 -9999 -9999 -9999 -9999 -9999
0.383957954563487 0.398963822945982 0.403962275849199 0.404775614809989 0.414935478194767 0.427452062613523 0.422518355266379 0.427475320776237 0.441914620886464 0.452452373562372 0.458004215885311 0.457598063662924 0.46251319548745 0.479915015118241 0.494482519951427 0.498402096770756 0.502858146478871 0.4926714428623 0.484486683840231 0.476762667409125 0.460408703517244 0.476031983228132 0.49123415113947 0.496790808702285 0.510766621264147 0.522413069807493 0.510114303131862 0.488280085792045 0.485869545775832 0.505413459452495 0.533696051012078 0.550233895696861 0.555798108987786 0.574653518578827 0.593621379572874 -9999 -9999 -9999 -9999 -9999 -9999 -9999 -9999 -9999 -9999 -9999 -9999 -9999 -9999 -9999 -9999 -9999 -9999 -9999 -9999 -9999 -9999
0.379015817115186 0.388446398194475 0.405312915627894 0.421098600416816 0.426863581669091 0.43588414476055 0.434664596511731 0.436189972264843 0.44713526794115 0.458159716156931 0.467354538414204 0.470983103791239 0.476791903921321 0.481818743071296 0.48788488165122 0.497709494212588 0.503614630430609 0.505859075250309 0.495591613205355 0.477955911262827 0.467105846666782 0.475538778863677 0.485594444487239 0.483139138879572 0.495926970048207 0.507399008239947 0.503183515941981 0.510661509784466 0.529648904531227 0.538616578497139 0.54545171769195 0.56113719836177 0.568471274567962 0.581464888925228 0.593175753956321 -9999 -9999 -9999 -9999 -9999 -9999 -9999 -9999 -9999 -9999 -9999 -9999 -9999 -9999 -9999 -9999 -9999 -9999 -9999 -9999 -9999 -9999
0.390903560103847 0.397710733978811 0.39956180426443 0.401094978844646 0.415162926189006 0.437865748908284 0.448745764139929 0.447314823612204 0.455318290829311 0.468183118967661 0.47615528675975 0.477771917617265 0.468387762579535 0.459490943291928 0.476660257322144 0.498175039165862 0.504659151395182 0.509076832943929 0.49274816860993 0.476249930811961 0.483571583410961 0.489190742926433 0.497594827210589 0.499952955655201 0.504785686402857 0.510674186948725 0.51809856926273 0.537273585138421 0.557348280477902 0.570503180427638 0.576695455306965 0.578146230905138 0.565897217148486 0.572297162370327 0.597989632972119 -9999 -9999 -9999 -9999 -9999 -9999 -9999 -9999 -9999 -9999 -9999 -9999 -9999 -9999 -9999 -9999 -9999 -9999 -9999 -9999 -9999 -9999
0.396275025211642 0.404037037673164 0.403789169647236 0.404174364400887 0.427448481967764 0.44771647117441 0.448845185394666 0.450006603919552 0.455818505693444 0.468390089401208 0.47301410603877 0.470063705148392 0.45947716392823 0.456652141401008 0.476865021862465 0.498300586131896 0.49925469934491 0.499659880688055 0.490357046311391 0.478609826657688 0.488764965847792 0.498491746809141 0.505322171071533 0.508050354149306 0.512108502396671 0.517710587009136 0.524366141054549 0.536101758044036 0.561637241895902 0.575782384836509 0.57863564614021 0.572860034109287 0.568336952800711 0.589821304674485 0.605790492799908 -9999 -9999 -9999 -9999 -9999 -9999 -9999 -9999 -9999 -9999 -9999 -9999 -9999 -9999 -9999 -9999 -9999 -9999 -9999 -9999 -9999 -9999
0.402540889767962 0.419724188599594 0.427208531953602 0.41374733033848 0.410174641333069 0.427160910322488 0.448507697225731 0.457714464200414 0.461448817095678 0.463737000768219 0.458513016358582 0.451447336920268 0.447434060021473 0.454062485333922 0.476853424929476 0.496160202459198 0.494384741714285 0.489902437253345 0.492251400173083 0.498125279445728 0.50815233596834 0.512168802134725 0.505483589553828 0.510834950229052 0.518536743991715 0.524472162905174 0.531680959275692 0.550808204723245 0.575830316786115 0.579015468381152 0.586129443742409 0.58704193693284 0.589014601585697 0.604276930369404 0.613303519747456 -9999 -9999 -9999 -9999 -9999 -9999 -9999 -9999 -9999 -9999 -9999 -9999 -9999 -9999 -9999 -9999 -9999 -9999 -9999 -9999 -9999 -9999
0.4006674837565 0.414034779731938 0.43480226833097 0.430058682979694 0.415808730137502 0.422753700153325 0.442598532345106 0.449890224239935 0.456814521113304 0.458238016356714 0.450957366548702 0.450375417627487 0.448339389058615 0.451547079119811 0.474756386165636 0.486679351648677 0.477905507482877 0.483559753235139 0.496385086920078 0.511641568363964 0.524660225712061 0.526613935650406 0.522922465058161 0.527379032530283 0.532993536232141 0.541432513739727 0.548232520526052 0.568173900300083 0.589192413829117 0.594453445946788 0.599073615175427 0.592528275403812 0.594146941250564 0.611632229813186 0.618671872105311 -9999 -9999 -9999 -9999 -9999 -9999 -9999 -9999 -9999 -9999 -9999 -9999 -9999 -9999 -9999 -9999 -9999 -9999 -9999 -9999 -9999 -9999
0.403154632350139 0.420127710999143 0.441436480675175 0.444938737880585 0.440342335516996 0.43267491707813 0.433711322530626 0.445409257432069 0.455865525485379 0.453895699598992 0.447369687372873 0.446788944522268 0.44426986110383 0.44444248021043 0.468158355287768 0.480728451271174 0.469219522167396 0.486796755221592 0.50411974531554 0.515121588490114 0.533265530569753 0.548587540547472 0.551314136504784 0.554073494788242 0.550438492741237 0.543288451222465 0.56580894849397 0.596729131479568 0.605008238545248 0.603549683388308 0.599401516961055 0.597090908392817 0.606840059424386 0.616700467142173 0.620054962412048 -9999 -9999 -9999 -9999 -9999 -9999 -9999 -9999 -9999 -9999 -9999 -9999 -9999 -9999 -9999 -9999 -9999 -9999 -9999 -9999 -9999 -9999
0.409652679974285 0.423111246462139 0.442238918998114 0.44930241877275 0.448486147188448 0.442611351734429 0.440883489856328 0.448266568827903 0.450508279186467 0.44746414721115 0.443868870907063 0.438056438787283 0.435088184508268 0.439870040576877 0.461689086888777 0.474367513879641 0.476167614434622 0.497461012147504 0.515150667677723 0.542289869009291 0.56891292138021 0.577758215860817 0.587591382390673 0.578553202939602 0.566531973758124 0.572803298370416 0.580276472486055 0.587147933719592 0.587259447771577 0.587520636847907 0.602065165429851 0.608792913504682 0.613597709134154 0.621012191732902 0.622635944126836 -9999 -9999 -9999 -9999 -9999 -9999 -9999 -9999 -9999 -9999 -9999 -9999 -9999 -9999 -9999 -9999 -9999 -9999 -9999 -9999 -9999 -9999
0.423995843603564 0.435709047698306 0.441439442462394 0.448940417165999 0.445997646901349 0.445030378820025 0.446139933292073 0.442500235027569 0.435533449670061 0.435443425110649 0.445959178424673 0.442663766797225 0.434877517028501 0.440131624488985 0.452944265691222 0.455802311912302 0.467574424657068 0.499854413507853 0.529440956608937 0.564404823772963 0.59923795075927 0.610926620290437 0.593323443138206 0.564409440799173 0.56446132795485 0.592327721619578 0.600402058474706 0.574936812381678 0.569377029546512 0.589930164117491 0.610417365319263 0.61686116751523 0.624654592029873 0.629042973023521 -9999 -9999 -9999 -9999 -9999 -9999 -9999 -9999 -9999 -9999 -9999 -9999 -9999 -9999 -9999 -9999 -9999 -9999 -9999 -9999 -9999 -9999 -9999
0.424322672696127 0.442642917050114 0.44628639257657 0.449301386631897 0.445574536104001 0.441112451703978 0.437492241985219 0.430331123719816 0.427585979841121 0.428998860703882 0.436288410190802 0.441315714029896 0.440825596584635 0.449988504753276 0.463115072235479 0.46882495566066 0.487846649774014 0.524305123542177 0.554695635604432 0.581323439941903 0.60368225457224 0.607736135413427 0.582356322817276 0.57204661640497 0.580275532037435 0.590445555974292 0.594651174463032 0.578933000784909 0.580804555942096 0.596876883364812 0.61416317719002 0.622884522247708 0.627928122501654 0.632647397131645 -9999 -9999 -9999 -9999 -9999 -9999 -9999 -9999 -9999 -9999 -9999 -9999 -9999 -9999 -9999 -9999 -9999 -9999 -9999 -9999 -9999 -9999 -9999
0.425336110641938 0.446076320177128 0.450663359035624 0.449307360526725 0.443474369875398 0.435469378536596 0.424589993736218 0.410962252229849 0.412903027398095 0.428911120777506 0.427887633196086 0.410117486809517 0.417294649501058 0.440125873975484 0.451551613151548 0.485455137169537 0.513876854008593 0.534804191432943 0.563676946234981 0.581875316353416 0.592510870957874 0.594531061984208 0.585447338503409 0.587621195193611 0.597153922145295 0.619100497853238 0.63254490897336 0.611112009124379 0.592343447172494 0.608950263978706 0.627747549727714 0.62552609817406 0.629938371675464 0.63843363213328 -9999 -9999 -9999 -9999 -9999 -9999 -9999 -9999 -9999 -9999 -9999 -9999 -9999 -9999 -9999 -9999 -9999 -9999 -9999 -9999 -9999 -9999 -9999
0.435138171115218 0.447007733652288 0.446953788008712 0.444251768841864 0.431017118952138 0.420226844174505 0.411896123386899 0.405409707979173 0.411285478272374 0.415891333935924 0.406100673848874 0.378251798256488 0.39056930165447 0.425080142299429 0.449742869478399 0.489080451318858 0.514053386354645 0.552664012755087 0.582840804421322 0.582954615551292 0.593265401241493 0.609980369363779 0.603152149749034 0.63063861934937 0.647691347341046 0.642234906929985 0.641259874168277 0.638982533074351 0.636803249546701 0.635606891393244 0.638123485216555 0.639059572559294 0.641283283343931 0.641781105278712 -9999 -9999 -9999 -9999 -9999 -9999 -9999 -9999 -9999 -9999 -9999 -9999 -9999 -9999 -9999 -9999 -9999 -9999 -9999 -9999 -9999 -9999 -9999
0.429334224379247 0.440014927185152 0.436095786818605 0.431597384531009 0.426682902720263 0.416377239487585 0.411662983231639 0.414786364253317 0.415947370273554 0.398428241464247 0.395283092038592 0.373643030036799 0.376854580275306 0.402733642915496 0.419060262605172 0.488685281584148 0.529612197797709 0.551521131711365 0.582046564073741 0.609552446241952 0.624511945588465 0.639889229740951 0.649469718141714 0.656404727307809 0.661085272378303 0.656096030741983 0.651300095728527 0.646517817719005 0.644963742749716 0.645797265922091 0.64523825362745 0.645679141220823 0.646980648833522 -9999 -9999 -9999 -9999 -9999 -9999 -9999 -9999 -9999 -9999 -9999 -9999 -9999 -9999 -9999 -9999 -9999 -9999 -9999 -9999 -9999 -9999 -9999 -9999
0.42484634696029 0.427889614250493 0.427978472122856 0.427564835587053 0.4242320025772 0.418053854769374 0.421243872728957 0.4258170371321 0.417184851123897 0.398904985470605 0.401951827574856 0.390212821786424 0.381957782969344 0.39074639427543 0.42676528554685 0.497505622608059 0.531043643565101 0.558238347783758 0.612873579369119 0.669281629812529 0.691900662180189 0.681031180327819 0.67414105530665 0.671016486608281 0.667241268632135 0.664789779089055 0.659388657691964 0.655063461634438 0.651850582889745 0.653091246982586 0.652347664593349 0.651097509765176 0.652334340230891 -9999 -9999 -9999 -9999 -9999 -9999 -9999 -9999 -9999 -9999 -9999 -9999 -9999 -9999 -9999 -9999 -9999 -9999 -9999 -9999 -9999 -9999 -9999 -9999
0.409050095532671 0.409988439471076 0.421909220577074 0.418060850600907 0.41778625913908 0.425811126487298 0.439181642069382 0.440348502189905 0.420675768577715 0.413533436294556 0.419358827934148 0.423235854524982 0.411513625194216 0.390617587436755 0.413283043416387 0.480578692026897 0.551933653007694 0.592166449737686 0.649598485850106 0.704707238060156 0.722432489658028 0.707081412533091 0.680701331053449 0.672919283324939 0.670764004987699 0.668541380005408 0.664547216884029 0.66324387214368 0.663839430405421 0.66338131860753 0.659526624226519 0.657780830821857 0.657316522501346 -9999 -9999 -9999 -9999 -9999 -9999 -9999 -9999 -9999 -9999 -9999 -9999 -9999 -9999 -9999 -9999 -9999 -9999 -9999 -9999 -9999 -9999 -9999 -9999
0.404053963865971 0.407249440033726 0.429497298436933 0.427802247057369 0.427404419621006 0.431429666057116 0.44113681694872 0.44737871031288 0.431897565062022 0.423128129203651 0.430714650007881 0.437902659340989 0.423816470960314 0.406790653960198 0.443440119370094 0.50882476810144 0.564860738650859 0.596804569540896 0.647927420569625 0.676845373427009 0.686199728378539 0.700674251145579 0.686056392936556 0.679830657169553 0.678210419817244 0.672731899376511 0.667696385190993 0.666490931269391 0.666927972037765 0.664835833362373 0.663736346891232 -9999 -9999 -9999 -9999 -9999 -9999 -9999 -9999 -9999 -9999 -9999 -9999 -9999 -9999 -9999 -9999 -9999 -9999 -9999 -9999 -9999 -9999 -9999 -9999 -9999 -9999
