layers/veg/veg2200.asc
NCOLS 255 
NROWS 330 
XLLCORNER -2985163.8955 
YLLCORNER -3022031.214 
CELLSIZE 25000 
NODATA_value -9999 
[rows 78 to 103 of 330, columns 0 to 57 of 255]
-9999 -9999 -9999 -9999 -9999 -9999 -9999 -9999 -9999 -9999 -9999 -9999 -9999 -9999 -9999 -9999 -9999 -9999 -9999 -9999 -9999 -9999 -9999 -9999 -9999 0.55261280303077 0.554628097334066 0.554388364633813 0.555949647612981 0.548046360288915 0.58169148064381 0.58660313719105 0.516620104848318 0.418387554189368 0.28804194811214 0.19054292464519 0.262138403406909 0.412613082257356 0.490183609809992 0.570736681881059 0.599022759150581 0.605724478903825 0.610078892620962 0.615380243304526 0.621237913580596 0.62722917296561 0.634647332626208 0.643820366933927 0.654600358904086 0.66317836073145 0.670972041314351 0.680453135901246 0.690407543837026 0.699832724407663 0.710344491074952 0.725190255902467 0.737733402638822 0.74596944797412
-9999 -9999 -9999 -9999 -9999 -9999 -9999 -9999 -9999 -9999 -9999 -9999 -9999 -9999 -9999 -9999 -9999 -9999 -9999 -9999 -9999 -9999 -9999 -9999 -9999 0.562450740780373 0.561786097611091 0.560403223985107 0.574074638796588 0.582397383737395 0.588432926622813 0.566111233049395 0.400683493800436 0.230586886884091 0.204623941667952 0.24832391796505 0.433455808527942 0.501731858071719 0.526921385847938 0.585685179917994 0.611882521438768 0.616556646663088 0.619805491792888 0.624820934603009 0.630057973113302 0.636148686644287 0.64261705200053 0.650926892750453 0.659759839601443 0.667330606792998 0.676351073187901 0.687626872793536 0.697814470597911 0.70717314110924 0.718302976167525 0.72892539400532 0.739228389443152 0.748437686750192
-9999 -9999 -9999 -9999 -9999 -9999 -9999 -9999 -9999 -9999 -9999 -9999 -9999 -9999 -9999 -9999 -9999 -9999 -9999 -9999 -9999 -9999 -9999 -9999 -9999 -9999 0.563051701683338 0.559393184864463 0.572381878754546 0.590090120625712 0.592805647974658 0.512444665521491 0.305654705810767 0.173495211910778 0.239893582083172 0.275375361875445 0.436531797535505 0.51138293241506 0.572838749129574 0.605828969965575 0.620569265924024 0.62535751440598 0.628268822837024 0.633251972379925 0.638993498563723 0.645321673993842 0.65313511207413 0.66175844727307 0.670256955229325 0.676517413250441 0.68267053794251 0.692998004910267 0.703954314977293 0.711772461419775 0.72088928981607 0.730884840014362 0.742481787441086 0.750720233003155
-9999 -9999 -9999 -9999 -9999 -9999 -9999 -9999 -9999 -9999 -9999 -9999 -9999 -9999 -9999 -9999 -9999 -9999 -9999 -9999 -9999 -9999 -9999 -9999 -9999 -9999 -9999 -9999 0.588153088976423 0.589794163269968 0.593549604329005 0.466533908563738 0.267231872864241 0.267746188048015 0.257248315393339 0.278063084477549 0.460377907820095 0.493626330451268 0.529610103111624 0.588344721507359 0.624037121741657 0.632081780349839 0.634521756189681 0.639508832375875 0.645446305136059 0.651666709385384 0.658747101473317 0.665841143050439 0.674049275864766 0.682005165931736 0.688665437321341 0.698895832606771 0.709284931187495 0.716346418270951 0.725878665974556 0.735801424382066 0.745606075453133 0.754681567975509
-9999 -9999 -9999 -9999 -9999 -9999 -9999 -9999 -9999 -9999 -9999 -9999 -9999 -9999 -9999 -9999 -9999 -9999 -9999 -9999 -9999 -9999 -9999 -9999 -9999 -9999 -9999 -9999 -9999 0.593678814909757 0.587695307205865 0.464093657763621 0.269653254286273 0.335601489954533 0.259924822720737 0.337204700999145 0.457254704681634 0.444860558969554 0.483382981121604 0.584915922999665 0.624235163532769 0.636935062935098 0.639993527438345 0.645582426709287 0.65177394040591 0.658559451123917 0.665382503534004 0.672521182768786 0.680361670349888 0.687602310792633 0.69385215462277 0.703491913486288 0.712777295890046 0.721781783362374 0.731771906039558 0.739994430533106 0.74964302750515 0.758988852021631
-9999 -9999 -9999 -9999 -9999 -9999 -9999 -9999 -9999 -9999 -9999 -9999 -9999 -9999 -9999 -9999 -9999 -9999 -9999 -9999 -9999 -9999 -9999 -9999 -9999 -9999 -9999 -9999 0.596491728338334 0.598173346230635 0.593177294724494 0.561752206685393 0.468804603697609 0.298168068416551 0.296224419758658 0.389139686680982 0.454751150807234 0.481690800335787 0.534301076816622 0.585652837662087 0.612066834236122 0.642444632971801 0.646999708291155 0.652574069284509 0.658688870664477 0.665225398171517 0.67176173025085 0.678627365497058 0.686063410278318 0.693560505028589 0.699219780001936 0.707856569433663 0.716738575822666 0.726018295668321 0.735233116577572 0.743231195441364 0.751789098501589 0.760010299301544
-9999 -9999 -9999 -9999 -9999 -9999 -9999 -9999 -9999 -9999 -9999 -9999 -9999 -9999 -9999 -9999 -9999 -9999 -9999 -9999 -9999 -9999 -9999 -9999 -9999 -9999 -9999 0.583622583628035 0.587514262077941 0.583257706545125 0.551194187828209 0.477642410545249 0.324606662806924 0.299556325091652 0.317342151632244 0.402941326455685 0.437600512218605 0.461511634007534 0.534614977549698 0.571154740962251 0.63649433208867 0.645615342328351 0.652732300563786 0.658673056866165 0.665051927376846 0.671551690136742 0.677883407616934 0.684343272382402 0.691411635635337 0.698978159782428 0.704178904939817 0.71273874103655 0.72181944976082 0.730290883292206 0.738963777892822 0.747312711841372 0.754956137726016 0.761664077806715
-9999 -9999 -9999 -9999 -9999 -9999 -9999 -9999 -9999 -9999 -9999 -9999 -9999 -9999 -9999 -9999 -9999 -9999 -9999 -9999 -9999 -9999 -9999 -9999 -9999 -9999 0.574984747997236 0.576727271964572 0.572533063210847 0.555326488819009 0.534301297589632 0.507345240068645 0.387686512730349 0.345959269285201 0.373963443321333 0.42773222714761 0.452158067186667 0.466457568143346 0.530776244771343 0.589118459757847 0.640928385366161 0.647989494174565 0.657071697482059 0.664578439392191 0.671208964105901 0.677731258370472 0.68374514303433 0.689756838551699 0.696347096014156 0.704547058890857 0.708849305321705 0.716897826412333 0.726052888447101 0.734400930529944 0.742242147148918 0.750387587697366 0.758603756861429 0.765593855206559
-9999 -9999 -9999 -9999 -9999 -9999 -9999 -9999 -9999 -9999 -9999 -9999 -9999 -9999 -9999 -9999 -9999 -9999 -9999 -9999 -9999 -9999 -9999 -9999 -9999 -9999 0.566120451273753 0.556780003359656 0.555596297393234 0.546345100276274 0.498991854892334 0.476920765638013 0.441189041091531 0.36024161519122 0.327748667001697 0.404680690421462 0.498487726193553 0.546504714828406 0.564783101231636 0.620025898377487 0.642915187428651 0.656531480929146 0.664010296802944 0.669419777988029 0.675980719631863 0.682246276679609 0.688324907077417 0.694623379252126 0.701042774456923 0.708677482693508 0.713493048969468 0.720434476983937 0.728074092522938 0.735699549832913 0.74366161643275 0.751753286207584 0.759856736342752 0.767717257330206
-9999 -9999 -9999 -9999 -9999 -9999 -9999 -9999 -9999 -9999 -9999 -9999 -9999 -9999 -9999 -9999 -9999 -9999 -9999 -9999 -9999 -9999 -9999 -9999 -9999 0.563334963057188 0.560689174847923 0.536958403406032 0.555697203108998 0.569571316638259 0.511940571744971 0.479741706809345 0.424515260403893 0.351628942361089 0.351992582265167 0.433248146394755 0.504451925203563 0.581016415020324 0.592110658390387 0.632634479379677 0.62817237286039 0.647525838322913 0.666738790687875 0.673196974453173 0.679383583859668 0.684618766965134 0.691755625197296 0.698767994028477 0.70520408805413 0.711755503489983 0.716673009551751 0.722853417475137 0.729979784511434 0.737298858361074 0.744712181749856 0.751974404209696 0.760705352980759 0.768131967782429
-9999 -9999 -9999 -9999 -9999 -9999 -9999 -9999 -9999 -9999 -9999 -9999 -9999 -9999 -9999 -9999 -9999 -9999 -9999 -9999 -9999 -9999 -9999 -9999 -9999 0.570766486726538 0.562480076969923 0.542756330874319 0.582379568238739 0.583728906186894 0.534162895850403 0.487868440815312 0.417360314666835 0.373200721959521 0.423798363229504 0.464591948678625 0.468413551145828 0.528370728745236 0.58211064459541 0.630572899012241 0.61559341185978 0.633479096211742 0.668328207831219 0.67534425391983 0.68243730529633 0.688679553675753 0.694952119095678 0.701591505271609 0.707791633836811 0.713786063397742 0.718518987283347 0.724297378287496 0.731069191270754 0.737554481844969 0.744908491987136 0.752947281154831 0.761016883690897 0.768013345126179
-9999 -9999 -9999 -9999 -9999 -9999 -9999 -9999 -9999 -9999 -9999 -9999 -9999 -9999 -9999 -9999 -9999 -9999 -9999 -9999 -9999 -9999 -9999 -9999 -9999 0.579474484400317 0.554898649476819 0.575113485292935 0.592665151446611 0.590682819292037 0.514464141784967 0.440236711165214 0.402384701237555 0.412226229207656 0.491868669610666 0.478251183702107 0.452581947510521 0.536711318010046 0.599543632500682 0.632329108996757 0.614737726583918 0.60099751799308 0.624387108901249 0.674480033395562 0.681738468471449 0.685066798610065 0.692372463238596 0.700654069702568 0.708436390325671 0.714281522195401 0.718472286195018 0.724181127132394 0.731624754826195 0.738183713136733 0.745511388664262 0.753708015411121 0.761260603187754 0.768590191234395
-9999 -9999 -9999 -9999 -9999 -9999 -9999 -9999 -9999 -9999 -9999 -9999 -9999 -9999 -9999 -9999 -9999 -9999 -9999 -9999 -9999 -9999 -9999 -9999 -9999 0.59484102469016 0.581893943620017 0.593869481378076 0.601912347631663 0.60590094628975 0.518503490856276 0.42469134373629 0.403869785238994 0.36223266802366 0.465479201637596 0.460136977735359 0.458821329633535 0.521996006756105 0.587081613610387 0.605723926683222 0.58913225896611 0.567273972501762 0.575682332312138 0.634597928565109 0.659950496589725 0.681672789972966 0.689173681320866 0.697821467024553 0.707905143794056 0.713318600898697 0.715702607887599 0.72123829036639 0.731484000264002 0.738658998653267 0.746053387465003 0.753512221008754 0.760147908363111 0.767294255584044
-9999 -9999 -9999 -9999 -9999 -9999 -9999 -9999 -9999 -9999 -9999 -9999 -9999 -9999 -9999 -9999 -9999 -9999 -9999 -9999 -9999 -9999 -9999 -9999 -9999 0.599016917530203 0.595441669537252 0.598648647812281 0.600049335210199 0.601997759385056 0.582191392791804 0.539616546724368 0.49404631163909 0.301333460112985 0.415836228186501 0.461766658495651 0.504340249936352 0.558958474522056 0.552860796915133 0.508363821827774 0.511634791775019 0.533395325016715 0.557592059650988 0.584494785927716 0.598935537574457 0.614068364212397 0.670476300495899 0.699686288514329 0.707063978227707 0.711564427912027 0.712681183376924 0.717863562443167 0.730702915855573 0.738561476905835 0.745388244170507 0.752646706032949 0.759665618932532 0.766544650790255
-9999 -9999 -9999 -9999 -9999 -9999 -9999 -9999 -9999 -9999 -9999 -9999 -9999 -9999 -9999 -9999 -9999 -9999 -9999 -9999 -9999 -9999 -9999 -9999 -9999 0.596693349939027 0.595521185378688 0.600997525497573 0.605053223030626 0.601300285792683 0.595368612199312 0.589703862342681 0.576965958572994 0.362196475616744 0.40563135901617 0.414175714798253 0.486000685435323 0.563875289397497 0.50516276715663 0.403660765210301 0.469822794846082 0.486147647144443 0.535694474240223 0.576109927610672 0.579385903529024 0.56346464099872 0.637313139901255 0.698390889487015 0.707900789284537 0.711841701713966 0.714594710876065 0.719340187346605 0.729953674594246 0.737909914188869 0.74438232216662 0.75121172199656 0.75818693887517 0.763981147646976
-9999 -9999 -9999 -9999 -9999 -9999 -9999 -9999 -9999 -9999 -9999 -9999 -9999 -9999 -9999 -9999 -9999 -9999 -9999 -9999 -9999 -9999 -9999 -9999 -9999 0.601838802319461 0.596662938807163 0.601788459655784 0.6120105701248 0.609920448516215 0.607780172234266 0.609846578899902 0.587182440766503 0.452533188628838 0.413061057825087 0.391939957170634 0.472096079332085 0.526919704568995 0.464910449526176 0.450923475644587 0.437899030383188 0.373130679654079 0.45147333819314 0.546591177464853 0.577352177133739 0.574557575200838 0.62446576221031 0.68286681843371 0.707542169778903 0.713126708663553 0.716962445946641 0.717436330827837 0.729495909342309 0.736828551370132 0.742881590492967 0.748337322789851 0.753914027472472 0.758798075009849
-9999 -9999 -9999 -9999 -9999 -9999 -9999 -9999 -9999 -9999 -9999 -9999 -9999 -9999 -9999 -9999 -9999 -9999 -9999 -9999 -9999 -9999 -9999 -9999 -9999 0.614774338562843 0.607584222576883 0.606528344037722 0.615857065555502 0.618289995282537 0.618667743779262 0.618417045454102 0.615983790103366 0.511579606915297 0.403772509795631 0.406701657031477 0.486113603324873 0.52044746130839 0.521669691242662 0.431587407044394 0.414923224753062 0.348530892860836 0.309417492230742 0.437148532549542 0.525570021434249 0.574435069055688 0.623211417166533 0.656265099008431 0.674964028364697 0.705299882739277 0.717486283794679 0.712693894287246 0.726803701906071 0.735033475795959 0.740357640621028 0.744117732470873 0.748261344107224 0.753571245814343
-9999 -9999 -9999 -9999 -9999 -9999 -9999 -9999 -9999 -9999 -9999 -9999 -9999 -9999 -9999 -9999 -9999 -9999 -9999 -9999 -9999 -9999 -9999 -9999 -9999 -9999 0.609170544640986 0.608364116745872 0.617298425572379 0.62210483870808 0.624968364299716 0.61478417696141 0.620271541007925 0.49000870031685 0.37607516651455 0.395370343983514 0.454111592182477 0.449524724909235 0.493461237981577 0.436449045387246 0.362529426574031 0.363098952854861 0.404962131057462 0.446521305626281 0.481903124818438 0.551458250576702 0.627555169711739 0.638623973331696 0.644118905212719 0.689363960426246 0.711253317746445 0.713131861806542 0.723682351456356 0.732248712984531 0.737897332562372 0.740523481039439 0.742370775881788 0.743985544601965
-9999 -9999 -9999 -9999 -9999 -9999 -9999 -9999 -9999 -9999 -9999 -9999 -9999 -9999 -9999 -9999 -9999 -9999 -9999 -9999 -9999 -9999 -9999 -9999 -9999 -9999 -9999 0.616971264878905 0.61841543061502 0.623587668883735 0.628412545882705 0.626443568123599 0.629645048298309 0.587789320950361 0.491711428011881 0.380979450332999 0.380127092110708 0.348812667946321 0.367558474873019 0.422667066069804 0.370187348833702 0.36474925345779 0.436568022522052 0.496003931082935 0.521720727555994 0.582599619870396 0.649816802094886 0.652695669690244 0.653702255391106 0.649749613974357 0.633468199727437 0.664105552629655 0.708107467264028 0.730034572342575 0.734598071297246 0.735836217205937 0.736801021326887 0.735759790846097
-9999 -9999 -9999 -9999 -9999 -9999 -9999 -9999 -9999 -9999 -9999 -9999 -9999 -9999 -9999 -9999 -9999 -9999 -9999 -9999 -9999 -9999 -9999 -9999 -9999 -9999 -9999 -9999 -9999 0.626362863717178 0.629636661286051 0.633459339863704 0.635746871855813 0.615890840131447 0.539723860808147 0.433031574935818 0.467145336816462 0.291920931309128 0.277365279934532 0.346851390683047 0.383313647454314 0.35269373763815 0.37960893769244 0.474590666851171 0.531491139556415 0.592959094201211 0.652290752623625 0.682012051625031 0.675859021149201 0.646349251770339 0.630588176546443 0.672042753271748 0.712155885369601 0.723568621330301 0.719044231182893 0.716072358378614 0.728579455539607 0.740374677407166
-9999 -9999 -9999 -9999 -9999 -9999 -9999 -9999 -9999 -9999 -9999 -9999 -9999 -9999 -9999 -9999 -9999 -9999 -9999 -9999 -9999 -9999 -9999 -9999 -9999 -9999 -9999 -9999 -9999 -9999 -9999 0.637944541295484 0.636968539306181 0.629883383843844 0.609726511490589 0.536995393592294 0.329024770688699 0.251642937267262 0.247816313522391 0.287676601064103 0.372094042986119 0.355779506260807 0.329348309273151 0.432639590823711 0.542477828496468 0.640120006705534 0.661457779237789 0.663756630797676 0.655691388370124 0.66380797673935 0.674240857162866 0.697128850369287 0.714874354615715 0.720834091509797 0.722425643485616 0.722612689954498 0.723840780648862 0.733362131441337
-9999 -9999 -9999 -9999 -9999 -9999 -9999 -9999 -9999 -9999 -9999 -9999 -9999 -9999 -9999 -9999 -9999 -9999 -9999 -9999 -9999 -9999 -9999 -9999 -9999 -9999 -9999 -9999 -9999 -9999 -9999 -9999 0.638743634598831 0.637093576194293 0.613933733048577 0.55892381402804 0.435413482335819 0.413919902460707 0.32069969398852 0.297735026220582 0.375985811964082 0.40625989753603 0.350856507541567 0.441614307742404 0.520804804017843 0.60612830142719 0.663968354892207 0.646092127792663 0.624899938708925 0.654147415881617 0.688223157806091 0.702423895045514 0.708267624064863 0.719382434666574 0.72391230336348 0.723735934323869 0.727052810364881 0.732619701448504
-9999 -9999 -9999 -9999 -9999 -9999 -9999 -9999 -9999 -9999 -9999 -9999 -9999 -9999 -9999 -9999 -9999 -9999 -9999 -9999 -9999 -9999 -9999 -9999 -9999 -9999 -9999 -9999 -9999 -9999 -9999 -9999 -9999 0.645152293385958 0.621221101714327 0.512095474447555 0.455405868865818 0.376153994744444 0.290487138395957 0.29634958566567 0.361684604440914 0.413363285353585 0.385146731914406 0.359694970783805 0.486912468620379 0.521279251496756 0.607956136900903 0.635066091885901 0.617055440221615 0.624662671758836 0.662888907931269 0.696163892103667 0.700678092903086 0.71456426670053 0.722484883551605 0.725406759953678 0.7281636918125 0.731575085508036
-9999 -9999 -9999 -9999 -9999 -9999 -9999 -9999 -9999 -9999 -9999 -9999 -9999 -9999 -9999 -9999 -9999 -9999 -9999 -9999 -9999 -9999 -9999 -9999 -9999 -9999 -9999 -9999 -9999 -9999 -9999 -9999 -9999 -9999 0.635067404704663 0.549107757919245 0.521963493235053 0.495029152941987 0.457394523211244 0.412338943428201 0.301425734332224 0.267703106680757 0.38768133663601 0.286299722538884 0.399335090411877 0.428660141781766 0.556348273591664 0.601312386221331 0.592875532386551 0.581355675082232 0.613910819133373 0.695935668593748 0.69779677896052 0.70481551624103 0.716552616343275 0.723116333769247 0.726806843310802 0.729071385463843
-9999 -9999 -9999 -9999 -9999 -9999 -9999 -9999 -9999 -9999 -9999 -9999 -9999 -9999 -9999 -9999 -9999 -9999 -9999 -9999 -9999 -9999 -9999 -9999 -9999 -9999 -9999 -9999 -9999 -9999 -9999 -9999 -9999 -9999 0.642680902801747 0.611520296677827 0.596098571549006 0.55273703128938 0.419115569921033 0.27588511700633 0.238591055412762 0.249223896938683 0.322104810811363 0.31277744800287 0.315412866474138 0.353488781365694 0.482697510489858 0.572538566766062 0.58829517190947 0.566477380772985 0.585092746639115 0.690677297927756 0.690732042652921 0.695884651202978 0.708920844888505 0.716659772045103 0.723225932247888 0.727328372312513
-9999 -9999 -9999 -9999 -9999 -9999 -9999 -9999 -9999 -9999 -9999 -9999 -9999 -9999 -9999 -9999 -9999 -9999 -9999 -9999 -9999 -9999 -9999 -9999 -9999 -9999 -9999 -9999 -9999 -9999 -9999 -9999 -9999 -9999 -9999 -9999 0.630364810209894 0.590490143997388 0.440023374705827 0.26185530543576 0.273471853032752 0.190003687571707 0.268306098672007 0.292281156279751 0.284769741531505 0.313156106046086 0.411369331993708 0.5379753487103 0.610605782509689 0.604547439562111 0.587428097226971 0.68206722011458 0.683844089110541 0.693356154585101 0.703256586636887 0.710193495699516 0.718333834460276 0.724785460291918
