layers/veg/veg2900.asc
NCOLS 255 
NROWS 330 
XLLCORNER -2985163.8955 
YLLCORNER -3022031.214 
CELLSIZE 25000 
NODATA_value -9999 
[rows 182 to 207 of 330, columns 116 to 173 of 255]
0.136857152307697 0.139120035234089 0.141139235665642 0.144459040945252 0.147328663661796 0.152157642141355 0.157155681353317 0.162390918124569 0.167963351627201 0.172791429586008 0.179542268749981 0.186538370671384 0.193094174857507 0.198545460724635 0.206572693926223 0.21199248909563 0.21958084116859 0.230952533042832 0.238116001722982 0.239720991617147 0.248151830916268 0.258421879977456 0.265725511027754 0.285593197820855 0.297530221367794 0.290741291168615 0.291115587372153 0.290343954198871 0.304223593923322 0.302589379051983 0.321263746160633 0.327046539821896 0.321805684864443 0.31472462554993 0.319967974394997 0.330975998582558 0.346654485327057 0.353645812617168 0.367559817348128 0.373242933874043 0.374771604243115 0.375942093459347 0.38501902827857 0.389905955762276 0.388155910841908 0.444314100555463 0.50490179294938 -9999 -9999 -9999 -9999 -9999 -9999 -9999 -9999 -9999 -9999 -9999
0.134998934626339 0.137237351766979 0.139554117837961 0.142751933731475 0.146104196413381 0.150527582484265 0.155514950303573 0.160665567998603 0.166224007552988 0.171020776084853 0.177704414453074 0.18451018101809 0.190327655020609 0.196338186388742 0.20537015334304 0.21362978888959 0.221629047073932 0.230801768799682 0.236911316897969 0.235392740923774 0.242379804254374 0.258288876806813 0.268061281925409 0.284988595989717 0.293815688915829 0.277716880022516 0.279959965683831 0.293721594933221 0.300716480922144 0.30249530900415 0.31160104110041 0.323762600557083 0.318553038200977 0.311141360466653 0.30966552600628 0.320361911476838 0.338810139475756 0.353295908570536 0.363551480553958 0.367714250756557 0.376130677833825 0.377490003537092 0.381804780681349 0.392280209915878 0.412320783596288 0.470153115737686 0.499620338335757 -9999 -9999 -9999 -9999 -9999 -9999 -9999 -9999 -9999 -9999 -9999
0.133308695874756 0.135497457350878 0.137869244933586 0.140994779147282 0.1446516398097 0.148826941177607 0.153968750653658 0.159057579431039 0.16470287866978 0.169273556472139 0.175823188827776 0.1823916415847 0.189565578746192 0.196018981077751 0.202654433125438 0.21119437862114 0.220518474768685 0.229039182946421 0.234329739199968 0.235509347361399 0.248063639403207 0.256209166107803 0.277192773049905 0.284802365358611 0.276844101576867 0.278342357803686 0.289562522289342 0.303797057803471 0.316076428678048 0.322556870095893 0.320675673626395 0.328362439299676 0.318728181132852 0.310335907318649 0.30580253545009 0.309202439685985 0.32440849394862 0.335403902507559 0.346868225217161 0.35774045369915 0.377364317335275 0.381945481450217 0.377355359933777 0.406301575455063 0.452825312521328 0.486348455098069 0.502861084496916 -9999 -9999 -9999 -9999 -9999 -9999 -9999 -9999 -9999 -9999 -9999
0.131873613664821 0.134249019637582 0.136391340964997 0.139568516107848 0.142935585014219 0.147552728314117 0.152485520421455 0.157707323312578 0.16332527666989 0.167814809971418 0.173934908040028 0.180371661385617 0.187530111499224 0.193825887908041 0.198948813398707 0.206514832095459 0.217495808211246 0.227634190404316 0.229569025129467 0.238099715873369 0.252668153537269 0.264328391890648 0.268793506943361 0.270648157449328 0.267422777788086 0.286314679148845 0.300568897629595 0.308787244817594 0.324300146527174 0.333880683826163 0.33580953638892 0.33674427117185 0.326582980078305 0.316758389997213 0.314348645566226 0.314567258549579 0.327499216633939 0.322866717798788 0.33133347821137 0.353696097505029 0.376358453702211 0.391703404394273 0.385433031295939 0.425195433825351 0.46867077423029 0.491738942178778 -9999 -9999 -9999 -9999 -9999 -9999 -9999 -9999 -9999 -9999 -9999 -9999
0.130683618403877 0.132805388562075 0.135166383701362 0.138015815505069 0.141361493088015 0.145941147562797 0.151050378018955 0.156343992722202 0.162003468418161 0.16651275612112 0.172654861131741 0.179081537062337 0.185971179926921 0.193395710613492 0.201162526542263 0.208158997907292 0.217092773777009 0.225917627784412 0.231860861355483 0.241629978015058 0.250830524612284 0.255399010245305 0.255899779461016 0.268169408632148 0.274771209141354 0.297429404868569 0.304667648225947 0.313319813573377 0.327964619661586 0.338170864202663 0.348089830277093 0.350307764489011 0.34448375782802 0.333575257117394 0.334793781031036 0.34256178692601 0.345282125420407 0.335118515056848 0.339314876868778 0.340874384133107 0.365064564815448 0.403407639316993 0.418890165007312 0.435165543268729 0.465459478317589 0.486156006572648 -9999 -9999 -9999 -9999 -9999 -9999 -9999 -9999 -9999 -9999 -9999 -9999
0.129650763683786 0.131841159726524 0.1340825252822 0.1369459843055 0.140435746220391 0.144733218537337 0.15000496684022 0.155295548156979 0.160153934170784 0.163922979075364 0.17024195888511 0.177735284471017 0.185476231217157 0.192762954087621 0.200752852720978 0.207482956389581 0.216408440755663 0.225984045616396 0.234200829832157 0.243736535159232 0.247493211274157 0.245348209410829 0.249550143250737 0.269913065471774 0.287647858139206 0.302259215359726 0.305582787955471 0.312997495105455 0.330696763869553 0.338360978011421 0.349526840500536 0.363338662864099 0.362081899962352 0.358300145406966 0.368428512728284 0.351388479973666 0.340764291917938 0.346405901743757 0.355781719489019 0.343823878443854 0.365329084537377 0.416194952433904 0.417975393823122 0.427931110247745 0.457442843176544 0.486296669387363 0.502298679161399 -9999 -9999 -9999 -9999 -9999 -9999 -9999 -9999 -9999 -9999 -9999
0.128715742558257 0.130861536236996 0.132874260480337 0.135684110052861 0.13916992806166 0.143492396826856 0.148894007660046 0.153888821069533 0.157993480747948 0.162082953637476 0.168349707948046 0.175502719658743 0.183204852052151 0.190967515152452 0.199539665803105 0.206441979209151 0.214705327586229 0.22471439804032 0.23243656531854 0.240945780502852 0.243676321977426 0.245752886798317 0.25509151256909 0.274909304765744 0.293490775356241 0.301000236256524 0.304113337811108 0.307316868371892 0.328557185008463 0.33352305521416 0.337294741814601 0.345645982570649 0.364204314461593 0.373391672948594 0.368351936411783 0.354660431144399 0.350139213797303 0.347673399984749 0.359395411900031 0.348072837104811 0.35984321797978 0.408708782470956 0.415166871997048 0.42318218608504 0.452477631406931 0.488261587913116 0.504596303266765 -9999 -9999 -9999 -9999 -9999 -9999 -9999 -9999 -9999 -9999 -9999
0.127723313331176 0.129600587217529 0.13153082284882 0.134445619340754 0.137827603407635 0.142188061286103 0.147683555665664 0.152364169812173 0.155875637631213 0.160309907847901 0.16651240425097 0.17340860754517 0.180715890183994 0.188943039796705 0.198038438124357 0.20502612437101 0.213091596975221 0.22236260093169 0.228812178881429 0.236809619653467 0.244217388454912 0.253289482561404 0.267238655562474 0.27893971770835 0.288719166758783 0.296948592467641 0.299652117493839 0.304745390393735 0.313658057200086 0.328466948945992 0.332645296151214 0.334895111971289 0.346720999920099 0.361066783215798 0.365919849207901 0.360330678613066 0.356838240930262 0.353169890326893 0.357266601913729 0.35263268127739 0.360530619028371 0.390612682345904 0.403801183632092 0.413860417087028 0.441297646096106 0.483648448913171 0.495817804407667 -9999 -9999 -9999 -9999 -9999 -9999 -9999 -9999 -9999 -9999 -9999
0.126520754536383 0.128225861705556 0.130173125718173 0.133126018645082 0.13637116043381 0.140757311354514 0.14637378838552 0.150774525594522 0.153908915474615 0.158444155458929 0.164719333802187 0.171832574308143 0.179129221429745 0.187475427572072 0.196410359127721 0.203118276326331 0.211980400245476 0.220388112560302 0.227505017845171 0.237819994789927 0.250890282193279 0.255648922029333 0.27031861683561 0.270772364549712 0.276568973703748 0.290336770420905 0.293310683616015 0.297480282819947 0.308467911247359 0.326277473821638 0.328720230467989 0.334503561594144 0.354403947070896 0.362390830160574 0.358612067120921 0.354608809415831 0.357180876684661 0.357877571993509 0.354036439819041 0.352027562621416 0.354808089670515 0.361708224136346 0.370531629731612 0.388411511239935 0.404596993011691 0.462215960958186 0.493189954722058 -9999 -9999 -9999 -9999 -9999 -9999 -9999 -9999 -9999 -9999 -9999
0.125132625866788 0.126940712258979 0.128942572654838 0.13164160343162 0.134773681971718 0.139285836811068 0.14498168535359 0.149034013638239 0.152137115456268 0.15667178532955 0.163376513719601 0.170469508572624 0.178198873668491 0.18642660198465 0.194908543294796 0.201412285414974 0.209827063101263 0.218667098613809 0.228397754679966 0.241553297074907 0.250772273351132 0.258614929848174 0.264940928910733 0.27459406816787 0.279566322441662 0.289352401852427 0.298062185087053 0.303763459052318 0.310904687713634 0.325859453226243 0.331415272711833 0.336847826394204 0.352567535378968 0.356326503061103 0.354519386998365 0.351199741577545 0.35351438260954 0.357059529252782 0.350879640368123 0.34472470340976 0.333080915026127 0.327567021184481 0.336357373218103 0.38858973123408 0.399652888561825 0.480622229648379 0.495514341021256 -9999 -9999 -9999 -9999 -9999 -9999 -9999 -9999 -9999 -9999 -9999
0.123804200681942 0.125660285443626 0.127777347576731 0.130195913371691 0.133326293839579 0.138110359283272 0.143538551969092 0.147111100282651 0.150652118173289 0.154840542918992 0.162478700788572 0.169655760310011 0.177190955611813 0.18503358559113 0.19312075283407 0.199674390212823 0.208520138542111 0.217869474778249 0.229755400631834 0.241015548097728 0.249834019063899 0.257819294102753 0.263527775458897 0.272170953056789 0.280025739446472 0.293760353457377 0.302242541625036 0.30543410435143 0.313990339587152 0.3286629700701 0.336760384985509 0.343692573031375 0.347285479730472 0.348397537093262 0.354425905712954 0.355746776447288 0.351050293845877 0.351850697669765 0.349470022785685 0.345912286077442 0.337943447436913 0.308869302670259 0.352368912934317 0.422185364127393 0.441715613250924 0.493523996508707 -9999 -9999 -9999 -9999 -9999 -9999 -9999 -9999 -9999 -9999 -9999 -9999
0.122406007038983 0.124332436234046 0.125643497873579 0.128518875391127 0.132064406913361 0.137403521069525 0.141921712488243 0.144601413650622 0.14918923057916 0.154725710683922 0.161574631370123 0.168249153859103 0.174494077111624 0.182731417978692 0.191504158208974 0.198258558096189 0.207431109832232 0.218538522402106 0.227627171504989 0.238847202776868 0.247498148986866 0.254145361622996 0.261819968804783 0.272335682883298 0.279494067938335 0.2907742512684 0.299964957593313 0.306376065803924 0.317810921760047 0.334264371937734 0.343553275992328 0.347012817371629 0.349929417620752 0.35113146202378 0.358747086654497 0.36378834446339 0.356273836463409 0.350632568517596 0.356706904984372 0.35385906219066 0.343338406771989 0.338403371735281 0.3745787494599 0.435731425449627 0.471673091556396 -9999 -9999 -9999 -9999 -9999 -9999 -9999 -9999 -9999 -9999 -9999 -9999 -9999
0.120999397876798 0.123135300874245 0.12429652045408 0.126916322416485 0.13147915758588 0.136471233674385 0.138986647421883 0.143657117814946 0.148642345721895 0.1536267018077 0.158633788003258 0.165680324561305 0.173357979156971 0.181544134461555 0.190194898636509 0.196928684397637 0.206660668169989 0.217203082299766 0.225791027632509 0.234356896782293 0.242485520948108 0.248872014278167 0.255360856198683 0.26749716140374 0.274191656297477 0.283330353558773 0.295072161759471 0.308440323312356 0.32333885011392 0.33699300447751 0.342842211993309 0.341440219404168 0.356403137943388 0.366666717969712 0.373380720674828 0.371187495635812 0.368810377613258 0.364800322231211 0.354687887748536 0.347163350789043 0.336745740231786 0.392537811166314 0.432623668948957 0.460731983430843 0.483526941617589 -9999 -9999 -9999 -9999 -9999 -9999 -9999 -9999 -9999 -9999 -9999 -9999 -9999
0.120101710255768 0.122037586448405 0.123227765185032 0.126145980046924 0.130486400773609 0.135747734958475 0.137438830336412 0.143086685749928 0.148389212522105 0.152111451275153 0.156351432865016 0.164166645916783 0.172701456515894 0.180562022819324 0.189335937002005 0.195998740460171 0.205170722723651 0.215002892959272 0.223449882012914 0.231224015143425 0.239171385155106 0.242062121468195 0.246762916928642 0.259953651731557 0.267395551765402 0.277747673705298 0.289963730764528 0.30938012230153 0.329875478072888 0.331463905903728 0.323615462786458 0.33625854924025 0.342474675163907 0.358145513562922 0.377583695288352 0.39082477807466 0.371232177061748 0.358617449351993 0.355995750798817 0.360770476663223 0.359762138636256 0.440082375305575 0.467732826618129 0.47559249988965 0.485100194245469 -9999 -9999 -9999 -9999 -9999 -9999 -9999 -9999 -9999 -9999 -9999 -9999 -9999
0.119099087025056 0.120885137332672 0.122163202278667 0.125542659375737 0.129966137630234 0.13483295691868 0.137183153007588 0.142457051090277 0.146489833420136 0.149685449402014 0.154685568808985 0.162660550441343 0.171604415866031 0.179554975862005 0.188356890245835 0.195514470789251 0.204256803760312 0.213572784593596 0.22161391203576 0.230100650749996 0.237067097373897 0.235869836032174 0.24270846143666 0.257495210249934 0.265726929606473 0.276778335579909 0.282746264705743 0.307556582213099 0.331740291838463 0.332192153966897 0.325876649931753 0.354512105290165 0.36355979307022 0.376341015723033 0.381654213520617 0.375662259879898 0.36641508252933 0.35492655337853 0.352030533298187 0.362824089697815 0.385481800226358 0.463104680079965 0.47133875577522 -9999 -9999 -9999 -9999 -9999 -9999 -9999 -9999 -9999 -9999 -9999 -9999 -9999 -9999 -9999
0.117987782483847 0.1196917143264 0.121198749083536 0.125048500621573 0.129802217203061 0.13371053261582 0.137133092148075 0.141504262977866 0.143936794239316 0.147320423131786 0.153734832216156 0.161669720250393 0.170260143760001 0.178631243839186 0.187587646295008 0.194581680815446 0.203842650747661 0.212422172082971 0.220936268053097 0.228841039523518 0.234550902423628 0.235860755683567 0.248154679551656 0.263437698206254 0.271604142139795 0.280269669936617 0.283442762984819 0.307251998850847 0.33999363304441 0.329163519804513 0.343716645848789 0.361002895311771 0.393351611627261 0.398271031253555 0.399422834792007 0.394013469401718 0.379034526578094 0.369798999672321 0.354279071250101 0.35809674501567 0.404383384872029 0.465120072666828 -9999 -9999 -9999 -9999 -9999 -9999 -9999 -9999 -9999 -9999 -9999 -9999 -9999 -9999 -9999 -9999
0.11696516068186 0.118549625356633 0.120491569749404 0.124847322768211 0.129438649757708 0.132633622831953 0.13644652178354 0.140218623945155 0.142494249106619 0.146247126109778 0.153435404710089 0.161961847344596 0.169393848684003 0.177747753995945 0.187204199477983 0.19137871885548 0.200887186175361 0.208326984744273 0.219197880674454 0.228442895426464 0.240295790795522 0.24979120535568 0.26433603073061 0.277243272364574 0.289834874678031 0.301935373158097 0.292667739904096 0.320272731674692 0.351283933482083 0.340399999098944 0.358475580652195 0.380460009640165 0.406840365384444 0.413342859836459 0.419107675351775 0.421672084724821 0.409948325581105 0.408256498275731 0.381148175565626 0.379995606491313 0.427900922760013 0.465152350875681 -9999 -9999 -9999 -9999 -9999 -9999 -9999 -9999 -9999 -9999 -9999 -9999 -9999 -9999 -9999 -9999
0.115966941351713 0.11753633748627 0.119903362333288 0.124802625170564 0.128688628514503 0.131783679757876 0.135346384495086 0.138796667964676 0.141958716141389 0.146175006810001 0.152727797429251 0.161125190823713 0.169376393108707 0.175910393351615 0.182729883595488 0.185076469062847 0.195630160980708 0.202043934319889 0.21598163922146 0.227080095019802 0.238847089676964 0.25301417189542 0.263963463134069 0.277487239525614 0.292783918835814 0.309287721272038 0.314671205880251 0.334397827559049 0.354059352533395 0.359342771853797 0.374851735635996 0.394331019797839 0.409242256594885 0.419103807065697 0.428592597005995 0.435348968452601 0.441291572990116 0.446299144205299 0.434406889049019 0.447235443067658 0.460060867237041 -9999 -9999 -9999 -9999 -9999 -9999 -9999 -9999 -9999 -9999 -9999 -9999 -9999 -9999 -9999 -9999 -9999
0.115279532377133 0.11691888871953 0.118641882246259 0.124234178133475 0.127842825007001 0.130727599692904 0.134602491132655 0.137720373357817 0.141838697155251 0.145644804977976 0.152265944735793 0.160498839537745 0.167902349926772 0.1742293744934 0.182430124884057 0.186036142588419 0.191982893732781 0.201114869014226 0.212042184976898 0.227064870698824 0.23699212922141 0.250304044808139 0.263216311994039 0.276635088196219 0.293056994532284 0.310216438076861 0.322864814256318 0.337015410467537 0.353963495982831 0.369976996409889 0.384135139043808 0.398027543973788 0.407102012390826 0.41646877275228 0.428078346030433 0.437253597945841 0.438943939510148 0.444950451717707 0.441430124978439 0.456013198617581 0.460039656670798 -9999 -9999 -9999 -9999 -9999 -9999 -9999 -9999 -9999 -9999 -9999 -9999 -9999 -9999 -9999 -9999 -9999
0.114280267996527 0.116187929455295 0.120112642149804 0.124005706561194 0.12737746570742 0.130271700281108 0.132407368813058 0.136698083385808 0.140915174000391 0.14501440666742 0.151848522988706 0.160796641609879 0.165574865891808 0.173291407921737 0.181779171930296 0.180849052683405 0.190533864738933 0.194731411703365 0.204798635640454 0.22124587369569 0.233583029576841 0.247397430854842 0.261107026695879 0.274527201173457 0.291264135094373 0.307112180559339 0.316653895907925 0.33159536238998 0.351873285316614 0.365883735073652 0.379854622024643 0.393646623539088 0.399786685140674 0.40857375419933 0.424233243441761 0.436127924279014 0.438455258609402 0.448677003531422 0.451809491618038 0.456879732408041 -9999 -9999 -9999 -9999 -9999 -9999 -9999 -9999 -9999 -9999 -9999 -9999 -9999 -9999 -9999 -9999 -9999 -9999
0.114021838435372 0.116417667688678 0.120266835593261 0.123570723978871 0.126784871530961 0.128490589944988 0.131613047005585 0.135585340544547 0.139701998517303 0.144577263892361 0.151815165521919 0.159469949736529 0.163408201758256 0.170361482235787 0.177652449021479 0.177926924602812 0.187809399864805 0.19443953795584 0.200743760508113 0.214856194102538 0.231849812287139 0.245862137740223 0.259085399242769 0.270943901041083 0.283291915120177 0.296871214192831 0.306766774904402 0.323471652810077 0.346055216881233 0.353469366088518 0.365067973890917 0.378494735674421 0.381423090899276 0.395749820632136 0.422590227902617 0.436514853208665 0.442516095072513 0.449255144307639 0.453192673128753 -9999 -9999 -9999 -9999 -9999 -9999 -9999 -9999 -9999 -9999 -9999 -9999 -9999 -9999 -9999 -9999 -9999 -9999 -9999
0.113665384359646 0.116809565228479 0.120101432146595 0.122688981565781 0.126289109611434 0.126819067541894 0.130828332715324 0.134966969255881 0.138999804746876 0.144396013734095 0.152203729609169 0.158273785526937 0.162647195860997 0.167834952949642 0.173161515180289 0.176481147734591 0.183706477883826 0.193865362716384 0.197305009007871 0.210878635447532 0.231415916592284 0.244027003799989 0.257309655820019 0.265987660018043 0.270043396815726 0.279599842753276 0.298463177034449 0.312489989055511 0.33709216925486 0.342273976970272 0.353032472599152 0.36619410167089 0.374272573384064 0.399084521730039 0.42369085032147 0.434952461133322 0.443709101573709 0.448747478133082 0.451501936998342 -9999 -9999 -9999 -9999 -9999 -9999 -9999 -9999 -9999 -9999 -9999 -9999 -9999 -9999 -9999 -9999 -9999 -9999 -9999
0.113755136988737 0.117311595642728 0.119880980484826 0.121516404532128 0.124853254659377 0.125665175963779 0.129770736131042 0.134549788419162 0.138898660218397 0.14420185557634 0.15219364346984 0.157777431176335 0.162903762788921 0.167962266502361 0.172557887225739 0.175973104982716 0.179951276066569 0.187534318944345 0.193831688073613 0.210240124227392 0.229918306672456 0.240022345167396 0.253509408129535 0.260678399260677 0.26652471192814 0.274092241698348 0.298093604649874 0.31551655806515 0.333030880117058 0.344682497164733 0.363050668742985 0.381093306609967 0.387438979129607 0.407977533509405 0.424823060924182 -9999 0.446402319264833 0.447376287664944 0.450772570199547 -9999 -9999 -9999 -9999 -9999 -9999 -9999 -9999 -9999 -9999 -9999 -9999 -9999 -9999 -9999 -9999 -9999 -9999 -9999
0.11451606012819 0.117828008621379 0.119568958198615 0.119534888376721 0.122084384529048 0.124656866557505 0.129200413982296 0.134042977267355 0.138773772131203 0.143951015512883 0.151948268191444 0.157725054546254 0.162575764333222 0.168961452981421 0.175460825650158 0.177493046085688 0.178901702611878 0.184280028122364 0.200161235962111 0.215770602176272 0.228908021550805 0.239628230748252 0.252784436951888 0.263213872704699 0.264108430970187 0.275121004368122 0.287273569679109 0.308863836404687 0.324618401984268 0.341599047587488 0.35951746363523 0.380707208814585 0.393790105095865 0.412028210396943 0.424867137368217 0.432424723247479 0.438412038427391 0.443395106627197 -9999 -9999 -9999 -9999 -9999 -9999 -9999 -9999 -9999 -9999 -9999 -9999 -9999 -9999 -9999 -9999 -9999 -9999 -9999 -9999
0.114851088614579 0.117626720590642 0.119171090791779 0.116126032811823 0.119407405156279 0.123646082764823 0.129856595579224 0.133744822734965 0.138043474917056 0.144161322485856 0.153423185491703 0.158514260081949 0.160476266123128 0.163709919999687 0.172046111000288 0.175740428741761 0.176480088445695 0.18414980152035 0.205691115648546 0.217873956083508 0.228069500632309 0.235854510997299 0.248291877485481 0.264624223073906 0.275893141299742 0.285641797708725 0.29321854673212 0.304268318335211 0.3188722090597 0.337236628127376 0.354819282689764 0.381057936632747 0.396942680599008 0.412929751412179 0.424676032675269 0.432398115619143 0.438372286953013 0.441607322433108 -9999 -9999 -9999 -9999 -9999 -9999 -9999 -9999 -9999 -9999 -9999 -9999 -9999 -9999 -9999 -9999 -9999 -9999 -9999 -9999
0.114465804445002 0.115944825260964 0.117626063978913 0.114930062192895 0.119098235402567 0.124380690934096 0.13033471186904 0.133724247490268 0.138482099319538 0.144984446600195 0.151565748146445 0.156918068246462 0.160863478090836 0.163621736679412 0.167767730818913 0.173023629465229 0.175354897692897 0.189563027745833 0.207066788495725 0.218042342101011 0.226177374007212 0.234543058906665 0.247281482684659 0.265414673165668 0.278419113815433 0.290701259208765 0.296118896354353 0.30189791843877 0.321119782654411 0.339413614431683 0.358226804196586 0.38599307086283 0.399179785054688 -9999 0.419559695554203 0.428500728594734 -9999 -9999 -9999 -9999 -9999 -9999 -9999 -9999 -9999 -9999 -9999 -9999 -9999 -9999 -9999 -9999 -9999 -9999 -9999 -9999 -9999 -9999
