layers/veg/veg2400.asc
NCOLS 255 
NROWS 330 
XLLCORNER -2985163.8955 
YLLCORNER -3022031.214 
CELLSIZE 25000 
NODATA_value -9999 
[rows 78 to 103 of 330, columns 174 to 231 of 255]
0.82505579814307 0.819136476131169 0.813723380513616 0.804125691195298 0.804655918346811 0.806471261650248 0.800600832488584 0.796576252513044 0.794770368868383 0.792441626592334 0.78792841779354 0.783395965580327 0.781150036924976 0.779665737625241 0.77565754086124 0.768818773806692 0.765353164202844 0.762774579472808 0.7572052491227 0.754597031976742 0.752437533278475 0.749872668792253 0.747629395707263 0.746093505462044 -9999 -9999 -9999 -9999 -9999 -9999 -9999 -9999 -9999 -9999 -9999 -9999 -9999 -9999 -9999 -9999 -9999 -9999 -9999 -9999 -9999 -9999 -9999 -9999 -9999 -9999 -9999 -9999 -9999 -9999 -9999 -9999 -9999 -9999
0.820506943984441 0.814343244987811 0.813371904291081 0.802630090448401 0.802243482773993 0.802400316861035 0.796513267361527 0.793342026127922 0.791129843340232 0.787340814608729 0.784817595491629 0.781183278481503 0.779264178941954 0.777084596514782 0.772935921007782 0.766793212263836 0.760896709326793 0.755635883774674 0.749148479406792 0.746540172464724 0.744722346097533 0.74340465916135 0.742503542475447 0.739373027983402 0.73518864251448 0.736113854749363 0.733151508582318 0.728665159068251 -9999 -9999 -9999 -9999 -9999 -9999 -9999 -9999 -9999 -9999 -9999 -9999 -9999 -9999 -9999 -9999 -9999 -9999 -9999 -9999 -9999 -9999 -9999 -9999 -9999 -9999 -9999 -9999 -9999 -9999
0.816200453087907 0.809682655872932 0.810387266538231 0.805881429089138 0.800703860232869 0.79733944463344 0.793578901016897 0.790372560469636 0.788530853241827 0.784877443957403 0.7816708856454 0.779582466497264 0.777152719266115 0.77344290980601 0.768688577953589 0.76253272944683 0.755224741132563 0.749112575735452 0.743989844936046 0.742048582032411 0.739895084929308 0.738415588575976 0.736059529351091 0.734017570749804 0.733507769106755 0.734465277297687 0.732412662454271 0.72842939971813 0.730099874175451 0.727844497825315 0.725734883776066 0.724706369623834 0.724659392762099 0.724725023820867 0.724034028497872 0.722983036876093 -9999 -9999 -9999 -9999 -9999 -9999 -9999 -9999 -9999 -9999 -9999 -9999 -9999 -9999 -9999 -9999 -9999 -9999 -9999 -9999 -9999 -9999
0.809265333215204 0.805636012668096 0.801647994317105 0.800066380810823 0.791642452813929 0.789070001843879 0.78918376716233 0.78790023221269 0.785651204531731 0.782911756860396 0.778711123483276 0.776024589928986 0.773528586549547 0.769953714720297 0.763655142789792 0.757693382289525 0.754335597286397 0.750946479475456 0.745059068312694 0.739604465146215 0.73658522767588 0.734442086690679 0.730665596554371 0.728943532916257 0.728162814000423 0.727317380115837 0.72745717101179 0.725277482232137 0.728111093042585 0.726168650561115 0.722714177867591 0.722851172962084 0.723915728933461 0.724134107340481 0.72372095308013 0.723173750030423 0.724447876060564 -9999 -9999 -9999 -9999 -9999 -9999 -9999 -9999 -9999 -9999 -9999 -9999 -9999 -9999 -9999 -9999 -9999 -9999 -9999 -9999 -9999
0.802549186737521 0.801578179544492 0.795668895103326 0.794234352539579 0.782811369426571 0.777697642807581 0.781347615377449 0.782649021884299 0.780892934901694 0.779253617929335 0.775331044763451 0.771224663655204 0.769338252524372 0.765794340485212 0.760179961971746 0.754405353384009 0.748854491705872 0.745490916978011 0.742269988490684 0.736764787014769 0.733882931662996 0.730584356344459 0.728197125286231 0.727527385822238 0.730643866101316 0.72892423596252 0.722471726823931 0.712506366822744 0.701037321590524 0.717413875724507 0.717848191545356 0.717719744173375 0.72056072484025 0.720338446195075 0.720208055795391 0.722349737465429 0.724523092280613 0.723288213276534 -9999 -9999 -9999 -9999 -9999 -9999 -9999 -9999 -9999 -9999 -9999 -9999 -9999 -9999 -9999 -9999 -9999 -9999 -9999 -9999
0.794031810561009 0.789270431277995 0.784348434709942 0.777640313152066 0.773444020133165 0.775464364166209 0.773303991075329 0.774195475108813 0.773830232779725 0.772208945258082 0.770157269593788 0.767026796338779 0.76649737532663 0.761640773323189 0.753505027202775 0.750089620342772 0.744296571295075 0.740240051140186 0.737199736830899 0.733046944037345 0.731178262932602 0.726988340231947 0.727267766280339 0.726992600100106 0.724574662660759 0.72492781796775 0.719502273348953 0.708419188106794 0.693830828617096 0.692513361801844 0.69931267255233 0.710320066750183 0.711965821288767 0.712348572400886 0.71694032273059 0.721479277426518 0.72215576503008 0.721272738984332 -9999 -9999 -9999 -9999 -9999 -9999 -9999 -9999 -9999 -9999 -9999 -9999 -9999 -9999 -9999 -9999 -9999 -9999 -9999 -9999
0.786627338305407 0.783466052648331 0.775411720293697 0.779051293658954 0.773985590365897 0.767931045502709 0.758184898900929 0.760210691464195 0.760854285367036 0.760876635345521 0.76234590624876 0.761441526259535 0.75987916219808 0.756306064224396 0.74986084091318 0.744802184073396 0.740434971297373 0.73534034778588 0.731565413462324 0.72893231050962 0.72746113055682 0.724773503328413 0.72450886802962 0.720461964202751 0.721012074010716 0.72250040541656 0.715358749655035 0.709246964643853 0.694207416680378 0.664146961940717 0.660606254882084 0.710214643263226 0.680760924247088 0.707309964098616 0.713320599331414 0.713955423215578 0.712006995560811 0.713939353664189 0.72048676673164 0.723029367669978 0.726916212163777 -9999 -9999 -9999 -9999 -9999 -9999 -9999 -9999 -9999 -9999 -9999 -9999 -9999 -9999 -9999 -9999 -9999
0.778691626445915 0.7747776877429 0.767269367433156 0.77481447791155 0.762922296792284 0.760234725219373 0.745052998016252 0.750037814027319 0.746772129105221 0.747828527381206 0.752058238577566 0.75346679860616 0.753327740505778 0.750905117332345 0.741785910125633 0.735749334340065 0.736781740538654 0.731492231791445 0.727273768260363 0.724236173671167 0.723250334991134 0.723952579480338 0.719430713053896 0.716659632334629 0.714631731447554 0.713911489533722 0.709052496435884 0.707613354091976 0.693873049457685 0.657242688034717 0.642554109280123 0.701792313792413 0.705693701805407 0.707978542479704 0.707658806780631 0.706240776699742 0.703815936634046 0.708260121943744 0.718794116622419 0.723384013667423 0.726951319147497 -9999 -9999 -9999 -9999 -9999 -9999 -9999 -9999 -9999 -9999 -9999 -9999 -9999 -9999 -9999 -9999 -9999
0.769813861341287 0.768621056482053 0.763991264107371 0.766019558877093 0.755313203953091 0.752590057447025 0.737782096566424 0.749078909962831 0.741661159007666 0.740298556098184 0.74360406798105 0.746329466093183 0.747281802943507 0.742941168338783 0.735444728837294 0.730624062144024 0.732334442727875 0.727607154612845 0.724283899669245 0.719666539946951 0.719231069455015 0.721972696294043 0.718722447010271 0.713011619578616 0.711844945110966 0.70733675568436 0.693079343819768 0.688858100129505 0.687716742542831 0.66074135734896 0.645929492368387 0.685147332477748 0.706761914873889 0.701824576028818 0.699931351078391 0.691732549956897 0.702855533801758 0.711954225779624 0.715962583356279 0.718822004163324 0.722740390451474 0.725945531268037 -9999 -9999 -9999 -9999 -9999 -9999 -9999 -9999 -9999 -9999 -9999 -9999 -9999 -9999 -9999 -9999
0.765834514200265 0.757784581583163 0.757277932591352 0.758131935834349 0.751965402339886 0.745100605698334 0.738510616444453 0.744474787661043 0.744489578832551 0.73851605283531 0.731751945155723 0.736549623524429 0.74209563797377 0.736845442982238 0.728941574294864 0.726292667287938 0.723901795519266 0.721648137554145 0.720961389712662 0.71737240705708 0.716061427059133 0.716324920880705 0.713940458396067 0.71004295963569 0.708793492162971 0.702655717936191 0.67661289196058 0.658805127185085 0.661753359950133 0.657513592059692 0.670315497433312 0.692959770659824 0.699452176573028 0.695281853451849 0.692200927124627 0.673677039665027 0.694112211721273 0.707193495405398 0.702655017982666 0.706499209551867 0.717468236047571 0.723684171541974 -9999 -9999 -9999 -9999 -9999 -9999 -9999 -9999 -9999 -9999 -9999 -9999 -9999 -9999 -9999 -9999
0.768193195551879 0.755600898316768 0.752694169898518 0.753042092657224 0.747825844044257 0.742963062085025 0.746503352494444 0.739916455851592 0.736365616843492 0.731605509952384 0.729067338985759 0.732876436542593 0.733953062062092 0.7295682583191 0.724701108451119 0.720513823328831 0.714940429280281 0.716052559003866 0.714542367173977 0.712317053781718 0.712008644005582 0.711416399365065 0.707794066978808 0.704510919627136 0.703785001227508 0.697064811506764 0.67948617764458 0.675555321443031 0.680189359457182 0.655427249156158 0.6688531621023 0.688958618654283 0.6869468160376 0.678634784049722 0.676711335606716 0.667054025823057 0.677510920910932 0.696883495515227 0.692736547863221 0.704569922135167 0.715488615787244 0.720739569575409 0.726196474775728 0.729435020550784 -9999 -9999 -9999 -9999 -9999 -9999 -9999 -9999 -9999 -9999 -9999 -9999 -9999 -9999
0.768789251695936 0.755635742445041 0.75019085175743 0.748556178191382 0.743537123748092 0.738633378520635 0.736731910858168 0.738213666318419 0.731922140541648 0.727264328517043 0.729763941139993 0.728414569523883 0.726278621847863 0.72342781185022 0.720493100338359 0.716304860736337 0.712245742867418 0.713184098819008 0.716121814008277 0.710270834082873 0.706883619933149 0.708602970725947 0.704361245516491 0.699422772737156 0.697746281209128 0.69395527660689 0.688765392083622 0.69469708336927 0.686004620457819 0.647530631740014 0.669179224242646 0.682683052796808 0.675538954449423 0.66396924021671 0.659509279945573 0.658168651301853 0.675246321300513 0.691313147960785 0.700337115087207 0.709237540431249 0.714954562784668 0.719729783129567 0.725939127573258 0.729454789866446 0.729695183323623 -9999 -9999 -9999 -9999 -9999 -9999 -9999 -9999 -9999 -9999 -9999 -9999 -9999
0.766569977255186 0.755195642882865 0.745840041345008 0.741283377570959 0.741184396188019 0.743587680324736 0.741022417996009 0.733038818570284 0.726082925609344 0.724338142989463 0.727000657724323 0.724067257090185 0.719570098529251 0.714012991038126 0.711303796241499 0.711782586182523 0.710825233391913 0.705689013287298 0.703907911998925 0.698669155102396 0.702063197137658 0.702717695545164 0.70131768498244 0.696947975814845 0.69327977702435 0.693258314388238 0.693058702283559 0.679603965482498 0.677688097397632 0.641646687789206 0.673667458112717 0.679805603452544 0.671491413224469 0.666444315648381 0.672811060691629 0.685108643247825 0.687922156688493 0.691444028931689 0.703598323053584 0.70657525188945 0.712705232948382 0.719601656618032 0.725956713827 0.729479473831895 0.73018447404268 0.732114205372429 0.73944375744827 -9999 -9999 -9999 -9999 -9999 -9999 -9999 -9999 -9999 -9999 -9999
0.762928349016587 0.755022739828527 0.741012265968485 0.733189979431633 0.7312341316285 0.729278854332702 0.725382320519577 0.721752691358953 0.719480206354451 0.715910035828612 0.717239754757361 0.715844633355993 0.709900677808018 0.700208798186573 0.699460192799548 0.704540148961731 0.70620312528282 0.699609666046847 0.694085262932109 0.692264935087773 0.699162983067004 0.694856391716603 0.696091843657884 0.696750427210768 0.692905033152716 0.689426910720743 0.686069326136203 0.676604165206163 0.66095183901574 0.636445306538132 0.676317925059761 0.67844363273133 0.668956965509997 0.666857837091791 0.676807030352667 0.688334342262773 0.692619582688309 0.696253766268169 0.705496756099747 0.709771373969087 0.712645795166938 0.719757624011298 0.727535547519396 0.730427786568104 0.73061082863864 0.733676047363051 0.73710379943463 -9999 -9999 -9999 -9999 -9999 -9999 -9999 -9999 -9999 -9999 -9999
0.756196748343047 0.747835706057337 0.739507230594649 0.734276903386573 0.729803900994835 0.725299045494519 0.718848398982109 0.714191188477112 0.713027932254136 0.706922029009445 0.705693784517651 0.704314594001438 0.700441380511805 0.690965220786198 0.69364073290854 0.692629664424163 0.692986849813645 0.693766417121614 0.689163546041543 0.689303690484299 0.693220866042849 0.685373497240023 0.688157173327167 0.696458557891503 0.69353875299922 0.68451023096695 0.673079721456557 0.660989895970628 0.645135099643417 0.630083008836022 0.67260467909305 0.67471234995157 0.666379836390802 0.664597914609286 0.661021535981263 0.67762429239683 0.694526147666162 0.700903996997669 0.70809593789541 0.717201195145489 0.719597364743774 0.72406302190191 0.719336478774149 0.721981983484213 0.727632424160883 0.73286940687786 0.732716470489505 0.73220316406837 0.745080169867033 -9999 -9999 -9999 -9999 -9999 -9999 -9999 -9999 -9999
0.746312399824976 0.739173496174156 0.727091431755002 0.714944864192913 0.71695860567372 0.707366264548347 0.701158316159986 0.699363553501701 0.696055445514293 0.693143339175415 0.693254453253996 0.69411262354897 0.693125632052765 0.684540943896299 0.68478339787664 0.688489329462332 0.687413405975986 0.682891392416528 0.682481005785984 0.688486834556698 0.688423195682191 0.680005297687146 0.683321014843705 0.687700455126603 0.689874354469919 0.68231790650413 0.6749203310148 0.664286318195621 0.642169320168683 0.628896647109644 0.663039839760931 0.667955116991719 0.658339821588659 0.668793977223838 0.676380263187103 0.686338021557977 0.691648254186139 0.698848008585415 0.708024516618883 0.71290068320765 0.716400378188698 0.722373800970074 0.717558976436933 0.721733047296134 0.728939698656042 0.731044723073688 0.728036241810436 0.730819528107151 0.745071938948417 0.746200188383305 0.750023621562983 0.749667931586465 0.752511227513567 -9999 -9999 -9999 -9999 -9999
0.738786896706371 0.733987745372563 0.72668551694784 0.704739337154928 0.705524181413104 0.70191683672981 0.69384637239994 0.68648272472801 0.679085351253123 0.676221054465222 0.678253483260722 0.67940111421756 0.672816736059029 0.681004290723874 0.673763158223979 0.678448776832812 0.676453928457611 0.672315247336266 0.675305479211262 0.68455610512059 0.688539247924349 0.685891781412055 0.678063652818267 0.682301209943781 0.685819161949365 0.665059252584091 0.666342155450612 0.661745587062992 0.64469701102641 0.637372006630093 0.653875373178729 0.658975386461539 0.660542370159015 0.650641642423529 0.678751060167914 0.686112319379714 0.689179182337233 0.697592617058619 0.709566329606875 0.714541002401069 0.714498932854718 0.716168845392333 0.718580629124606 0.726128611743031 0.730793814419159 0.730341104171183 0.733703991410957 0.738751907583346 0.742539835952709 0.743013503642805 0.742695272085913 0.744541089225905 0.750395913160899 0.753231505360265 -9999 -9999 -9999 -9999
0.732684921940874 0.720774305914146 0.713950024134275 0.70652993773098 0.698356211502943 0.692705424287649 0.690225847005124 0.683401132411406 0.674219912432281 0.669294254626665 0.671845216305177 0.676550244085483 0.676790749154666 0.684338165746561 0.663348668469046 0.6752761731075 0.676130247817774 0.672270019535947 0.673823927291264 0.679107152592504 0.684937354186536 0.684890061072119 0.674966848409048 0.674923751058422 0.674521229845682 0.656670442070206 0.657038799865278 0.65418178432704 0.643250211697697 0.642533881180884 0.653321202055077 0.662527716442794 0.660059667859603 0.659351909142697 0.678486364207299 0.682469127941079 0.691970182516874 0.699160646132853 0.707312841816343 0.707522091426991 0.707723289141175 0.714091349866979 0.718090536876748 0.724023863937511 0.727495460727707 0.73033911625104 0.738044599318301 0.739969983555759 0.738031453955629 0.734645157560708 0.734859633451436 0.740368428591254 0.746898090508857 0.753642032101247 -9999 -9999 -9999 -9999
0.723330797770026 0.714440138528353 0.706234223146367 0.699083821056101 0.690636503027312 0.684863126294573 0.686820808246582 0.6853077337639 0.677416174215181 0.674222689065781 0.672923539097319 0.67014881290456 0.670581865655521 0.667655024746711 0.676506950107825 0.676079943183532 0.680948785705585 0.679370707090154 0.681251987161974 0.681283878275984 0.680564894032899 0.680023803998047 0.673573426592486 0.663126120416045 0.664329056098333 0.650560204654428 0.647652276969888 0.651603280514757 0.633598312504175 0.63150656794921 0.64699016323557 0.658164679414367 0.660349245916747 0.665161828691136 0.675108285984608 0.685298819131898 0.692917283044631 0.697807044421795 0.703853727753975 0.672031368546586 0.683551336010058 0.70155107258139 0.700403182723967 0.712652427543594 0.723077079230589 0.723054383500639 0.73742571481171 0.736512490427659 0.727086802212979 0.720011380126867 0.728218270286406 0.741484229985654 0.749099129645932 0.75505153879544 -9999 -9999 -9999 -9999
0.723129774224382 0.712888172470617 0.704649399729013 0.696256765406033 0.688470464354386 0.689988671265403 0.686081355415974 0.690866216522808 0.690779049547678 0.688333164215024 0.683872417923786 0.67931082165544 0.67494110394117 0.668950891646814 0.674358785504835 0.670011989013692 0.678742009207755 0.681820084676077 0.681518627904667 0.673722519132904 0.671995710832436 0.676411066679788 0.677160255808756 0.669300684375616 0.657714549161534 0.642252840014141 0.641369726871403 0.650980422928199 0.631694162629255 0.625674139197385 0.635574868992319 0.649770841685566 0.662850515097104 0.670393539739118 0.674797603561177 0.688025838285289 0.69245511082701 0.698432151016601 0.676006400753071 0.666231509139843 0.6813483774868 0.691967681957519 0.692733198410241 0.706960097471932 0.724216446388262 0.729067105309166 0.725930485110903 0.697087268977198 0.70752048551843 0.707735139658208 0.722724427709877 0.740142686435764 0.750155174591385 0.758335908870976 0.76580442259834 -9999 -9999 -9999
0.718732491138521 0.710627225088911 0.704193963637636 0.699610050783426 0.690435040573131 0.689995440771534 0.691699068674056 0.691102439253468 0.686656404420823 0.682113234116879 0.679285162315106 0.675545676041691 0.66993761191418 0.664353476538721 0.661880968203055 0.663380012018455 0.669159169116043 0.670815502816461 0.668997252430063 0.671612167332808 0.672449054606717 0.673776185990238 0.675478860876603 0.671381771549698 0.657769083184764 0.6455058771548 0.650494263922973 0.662260305981488 0.646341697788587 0.64641733707877 0.641490533497441 0.649353991610525 0.665965334648502 0.667830469031796 0.668644571239882 0.682176275800231 0.689797046813426 0.696514022591047 0.689022418046176 0.688933391999283 0.688350656500604 0.691395399916933 0.703882438380532 0.715011489365811 0.722921451819579 0.724765798024863 0.720589054443923 0.704624026029121 0.702399720240564 0.698915329492304 0.718062268793349 0.73573303940704 0.748821895599856 0.759059043444296 0.765487218822691 0.76552158236915 -9999 -9999
0.707742815071394 0.703581074138816 0.698220753068869 0.694450883198282 0.684148450899945 0.676504431164264 0.682740539808374 0.673034576040753 0.671237280649669 0.671721303243035 0.666798073065668 0.663379160413458 0.659542688603476 0.654569341067471 0.655086650020672 0.660557631244866 0.660049959955583 0.660175063194471 0.661879402230434 0.665602485862881 0.667877539614102 0.670282220187999 0.670913347665809 0.66919985230296 0.664304757516206 0.664033180018293 0.670774612987044 0.665014703581507 0.662339534598356 0.652754283377069 0.640679717160044 0.641575406563859 0.65280791807494 0.64986427911689 0.655330952855201 0.678023753600997 0.686817205801644 0.690881045987587 0.694194960853739 0.698602438970169 0.697091678430917 0.693492728264014 0.708796074669406 0.716884621799848 0.720207013447937 0.723487555545644 0.723036684902808 0.716674126670506 0.698285779329382 0.684879928600037 0.712247297339643 0.719528805806363 0.7436864607941 0.757591576208163 0.762648952437411 0.763217269088864 -9999 -9999
0.698250112788089 0.693746025682967 0.687311596317686 0.682175884835438 0.676850897555354 0.679979763289929 0.671304257399783 0.677487325287244 0.666915340222413 0.658059133090819 0.656401981673175 0.653271643102683 0.648882189090192 0.64456052688708 0.646833359039738 0.656545100085475 0.656880806603967 0.649207401550343 0.645776029496167 0.653970579011721 0.659934851830421 0.667135593186531 0.666245783467459 0.667108155149093 0.66658773551991 0.668123989979277 0.670869349406181 0.665615999461966 0.659975839343872 0.640859271507313 0.623550033892585 0.623292499980598 0.625308412921735 0.633169769932706 0.645044694370458 0.663983466077919 0.679900001809353 0.680988618021553 0.678559375385071 0.686242351411807 0.697873256971965 0.711301600184957 0.714867437515697 0.718050271634188 0.718086282667075 0.718818147702446 0.711302331897236 0.70285270028568 0.692974347115403 0.689614083784104 0.709236907161226 0.722955394838366 0.747507590912035 0.759554033637455 0.76176490957949 -9999 -9999 -9999
0.693141168765011 0.6864575098059 0.676478163058504 0.670620161833268 0.671645768653616 0.671183545214124 0.664441416633462 0.673058346718352 0.655366337799952 0.646185773702805 0.647113625935169 0.646143483283589 0.6394164805643 0.634364056291258 0.63508928644429 0.642058857042304 0.647587035486472 0.640911713287967 0.643470849919697 0.645926303648768 0.657498931342759 0.661481052212854 0.660745316782829 0.662783720323707 0.66519895810522 0.664147041189989 0.665045477449945 0.66415090152338 0.652969283680443 0.63206855033209 0.622610702294107 0.618866603456716 0.617234752695289 0.613077678012105 0.627416359497427 0.658626925572654 0.677816443126684 0.678092710175856 0.667318141419714 0.66813274980413 0.686846180967034 0.707012396915529 0.705347403738115 0.703045911938762 0.699990255023438 0.696843876803393 0.689046214847146 0.689382096182063 0.693244312958425 0.690069842213356 0.704433086484895 0.713399668047723 0.748990769382024 0.765121708664892 0.762963924136831 -9999 -9999 -9999
0.687468958492812 0.680069213937341 0.6642504300434 0.659794281906311 0.665527617662326 0.663962482137187 0.659793754339509 0.666203396990803 0.642776105469002 0.64262964286907 0.636796026106921 0.644172390277822 0.636975999897315 0.629212599593131 0.636396728137649 0.643422725029313 0.638978575739916 0.633947264683462 0.640157390669521 0.646740174596477 0.655790569876543 0.653760454338738 0.656543430092615 0.656422699319352 0.661151671827661 0.666327934097196 0.6653124338769 0.660821275379965 0.651495819790562 0.641068176471926 0.643224396768096 0.641872107010532 0.640156577029668 0.656405232412752 0.64725684020046 0.648310477073172 0.67041540210835 0.672629586812249 0.663476229910977 0.665346258766797 0.686681117911956 0.694321002078037 0.685642123042507 0.662663408755683 0.678166126967141 0.679891834077418 0.683585242127055 0.68988421066403 0.694490378960214 0.697007279758641 0.704346888318437 0.720462217851996 0.751300320789899 0.766296915050071 0.766905774103387 -9999 -9999 -9999
0.682614116398967 0.676994205911907 0.657754268667283 0.655168507347009 0.653238812614645 0.650885905351451 0.656765499419692 0.658413550722271 0.639377668635025 0.639957980530819 0.631747569305622 0.649264460490046 0.619909753873832 0.62774498566152 0.641324392378607 0.63960823418121 0.633718897033634 0.631631648559624 0.637043762408453 0.644568121859426 0.646633546220801 0.652655133990909 0.650814570108555 0.650105350281451 0.650669281799235 0.658435419098821 0.659904760980554 0.656335081925339 0.648934359534641 0.647794757022796 0.652727255797843 0.658655133888697 0.665076149172021 0.667470839759277 0.666024931464826 0.658843618121053 0.668771053050263 0.666951293714708 0.667164160641167 0.674793792695341 0.673282458880174 0.672393920732648 0.675364664541762 0.665785282998986 0.673488925845405 0.683528314073574 0.690857858048115 0.699434776883545 0.703117865667671 0.705863535349219 0.716326274776082 0.73660806533381 0.755519717289891 0.760178573362275 0.762928036249778 -9999 -9999 -9999
