layers/veg/veg2400.asc
NCOLS 255 
NROWS 330 
XLLCORNER -2985163.8955 
YLLCORNER -3022031.214 
CELLSIZE 25000 
NODATA_value -9999 
[rows 75 to 99 of 330, columns 0 to 56 of 255]
-9999 -9999 -9999 -9999 -9999 -9999 -9999 -9999 -9999 -9999 -9999 -9999 -9999 -9999 -9999 -9999 -9999 -9999 -9999 -9999 -9999 -9999 -9999 -9999 -9999 0.651048035912055 0.641646173108741 0.66199479683535 0.686561592640701 0.699394234206074 0.70359103555557 0.655219495533633 0.502887174094787 0.328287045213976 0.299323175378745 0.296613934227052 0.281526564183067 0.467348388570186 0.632783746124267 0.674414378594985 0.69508972309634 0.707240334061309 0.716168189340622 0.726755406068486 0.735356927426229 0.741050516706434 0.743446506617129 0.742920407730436 0.743216141800386 0.744187085140516 0.744425913246989 0.74641546443715 0.748445881065931 0.749164302976513 0.750147158278734 0.752324616465901 0.75348993330936
-9999 -9999 -9999 -9999 -9999 -9999 -9999 -9999 -9999 -9999 -9999 -9999 -9999 -9999 -9999 -9999 -9999 -9999 -9999 -9999 -9999 -9999 -9999 -9999 -9999 0.651431253473667 0.648371516959585 0.671326210451124 0.692568893182714 0.705739548154349 0.71212983373951 0.701468785286179 0.573517956117424 0.370750114645883 0.297933572683125 0.297209780242621 0.341408553319155 0.492679551551125 0.608305405156114 0.658962070544332 0.695853915394743 0.709523504697747 0.717003113635074 0.722063013100869 0.729591960722864 0.737350948019771 0.741566605134793 0.743380725434491 0.74219080110779 0.742699870530672 0.741181348365018 0.740942426699046 0.745257456477 0.747052318433016 0.748529870304208 0.75011810954321 0.752780496773586
-9999 -9999 -9999 -9999 -9999 -9999 -9999 -9999 -9999 -9999 -9999 -9999 -9999 -9999 -9999 -9999 -9999 -9999 -9999 -9999 -9999 -9999 -9999 -9999 -9999 0.666314008548204 0.656478147014563 0.664888621398497 0.694918909982868 0.711425852176816 0.719581011899722 0.72463854872889 0.672397757305042 0.518228861891975 0.344353441777359 0.258055338013734 0.31351914687096 0.481195950896271 0.598118114125817 0.648527323814593 0.704571113771333 0.718805767824351 0.724165269122808 0.726684054212528 0.728615724528062 0.730988243031039 0.734766585734626 0.738461598523219 0.741750172609503 0.742952596047559 0.741423160673884 0.742109708065013 0.743193971279256 0.744695627564481 0.747678132604185 0.749191655573775 0.750527196418291
-9999 -9999 -9999 -9999 -9999 -9999 -9999 -9999 -9999 -9999 -9999 -9999 -9999 -9999 -9999 -9999 -9999 -9999 -9999 -9999 -9999 -9999 -9999 -9999 -9999 0.682786896622911 0.680953115097575 0.687935411656331 0.702230309270277 0.714563543099198 0.73339096149111 0.733105508296125 0.665224877568473 0.476425626614154 0.314664573894989 0.310615210925574 0.365790042160581 0.473836340836262 0.628667714068521 0.697624568705699 0.725546696961236 0.7273796187968 0.726414390276603 0.72670356785036 0.728023304927799 0.72998567872916 0.732039355451318 0.734456611814038 0.735832685480051 0.739125946331577 0.742362770391807 0.742219160205906 0.741650007116683 0.740758142888273 0.740967650278745 0.743862313059736 0.748473558329688
-9999 -9999 -9999 -9999 -9999 -9999 -9999 -9999 -9999 -9999 -9999 -9999 -9999 -9999 -9999 -9999 -9999 -9999 -9999 -9999 -9999 -9999 -9999 -9999 -9999 0.687149673759549 0.688003206417487 0.693908302843408 0.709018155144206 -9999 0.732379194536923 0.725983489838842 0.629506703846873 0.440546851453631 0.32717023952453 0.379574500814503 0.481092397575072 0.551802303486707 0.626838122930593 0.690311432104041 0.728648929140349 0.727323368739005 0.725942602282769 0.72606499967078 0.727511669020122 0.729485751169013 0.730335979475056 0.731311344747353 0.732614456469018 0.736312847823419 0.74106947694672 0.741934643606897 0.740972587453671 0.741411048683706 0.741429486833524 0.742765421802276 0.746172317306511
-9999 -9999 -9999 -9999 -9999 -9999 -9999 -9999 -9999 -9999 -9999 -9999 -9999 -9999 -9999 -9999 -9999 -9999 -9999 -9999 -9999 -9999 -9999 -9999 -9999 -9999 -9999 0.700427422148684 0.711348090528381 0.71961439676099 0.715254742753254 0.597470054670981 0.372434366755531 0.327114380079771 0.388081708429825 0.395319927375414 0.48494358213157 0.612274969008831 0.666428516010383 0.708827344650415 0.72243561188087 0.725047596955287 0.725184358541923 0.726494618005643 0.728640853658926 0.730391101198124 0.731971957921155 0.733956291970163 0.735606994378082 0.737041774268881 0.740537583839685 0.744095994613158 0.744217585185413 0.744079804634806 0.744283379456803 0.743754247225841 0.743960197105818
-9999 -9999 -9999 -9999 -9999 -9999 -9999 -9999 -9999 -9999 -9999 -9999 -9999 -9999 -9999 -9999 -9999 -9999 -9999 -9999 -9999 -9999 -9999 -9999 -9999 -9999 -9999 -9999 -9999 0.720191541544172 0.664165486500742 0.547904755594188 0.34442887754102 0.345246539263751 0.385385361634997 0.381061151772248 0.491925355735582 0.606050548111088 0.622492573736172 0.672974597352129 0.706226568790179 0.720608729155809 0.72279747584866 0.725110517691771 0.728352214641324 0.730832348617348 0.733060098496506 0.735265633812962 0.736311031610914 0.738108589717622 0.740419206592115 0.741748757993354 0.743356286904963 0.744493904660069 0.745293851198389 0.744565104124093 0.743709437042437
-9999 -9999 -9999 -9999 -9999 -9999 -9999 -9999 -9999 -9999 -9999 -9999 -9999 -9999 -9999 -9999 -9999 -9999 -9999 -9999 -9999 -9999 -9999 -9999 -9999 -9999 -9999 -9999 -9999 -9999 0.664872919503725 0.488325466386211 0.417314110670667 0.432306928164769 0.370950485949827 0.449067758382693 0.55595169125493 0.549999258670698 0.575895360471486 0.667650385194767 0.698745800226059 0.718707670439582 0.722536996503201 0.725038884367229 0.728545888968703 0.731311841078316 0.733388691761464 0.735362662896558 0.736769677076602 0.738110202227206 0.740031110069184 0.741731402098291 0.74276543024988 0.743549665639932 0.744101583415891 0.743684119854111 0.743293344156874
-9999 -9999 -9999 -9999 -9999 -9999 -9999 -9999 -9999 -9999 -9999 -9999 -9999 -9999 -9999 -9999 -9999 -9999 -9999 -9999 -9999 -9999 -9999 -9999 -9999 -9999 -9999 -9999 0.707611420488192 0.714569069380941 0.693837577457615 0.573873868194442 0.475757572690224 0.433279616773358 0.363165771520655 0.456366354236971 0.591797336922145 0.594390717622781 0.623397161928938 0.689239891817411 0.704743057894513 0.711856695401222 0.722870160835234 0.725740965168131 0.729139874786144 0.732055036065005 0.734240414464307 0.735795723489637 0.737272509416289 0.738673667580008 0.7401920111285 0.741385073148513 0.742188170966743 0.74327444619054 0.743919735719125 0.743146378864206 0.740962268502656
-9999 -9999 -9999 -9999 -9999 -9999 -9999 -9999 -9999 -9999 -9999 -9999 -9999 -9999 -9999 -9999 -9999 -9999 -9999 -9999 -9999 -9999 -9999 -9999 -9999 -9999 -9999 0.701410816724099 0.705902876940572 0.705330812223234 0.66255191221211 0.530620902001178 0.407816927395443 0.380076570656031 0.423624107275479 0.510014549157308 0.547124052955272 0.567279096553598 0.609501500669631 0.661765429052286 0.689698944330841 0.695427249847056 0.722419841743765 0.726431241383747 0.730119750866895 0.733121392065065 0.734912050644342 0.736377047984391 0.737581401824968 0.738803906605512 0.740451663165083 0.741813029524059 0.742707174063625 0.743341534773036 0.743251459233508 0.742831168215347 0.740713151571196
-9999 -9999 -9999 -9999 -9999 -9999 -9999 -9999 -9999 -9999 -9999 -9999 -9999 -9999 -9999 -9999 -9999 -9999 -9999 -9999 -9999 -9999 -9999 -9999 -9999 -9999 0.691182448134875 0.692826531848493 0.686347369715257 0.671982345490534 0.636946696128838 0.567916865719428 0.451809163147356 0.395826925110089 0.472398647167661 0.55212197949044 0.539767949723459 0.541469203069324 0.604995854136985 0.661816128694583 0.691029346151076 0.691797679427946 0.721063398860843 0.727799124078756 0.731459496156242 0.734080803859554 0.735777869071648 0.737444203603341 0.73849460233398 0.739485758626143 0.740970680016017 0.742408187950659 0.743522145992002 0.743679825435771 0.74286843409919 0.742635742633167 0.742111387275708
-9999 -9999 -9999 -9999 -9999 -9999 -9999 -9999 -9999 -9999 -9999 -9999 -9999 -9999 -9999 -9999 -9999 -9999 -9999 -9999 -9999 -9999 -9999 -9999 -9999 0.68035632326918 0.672662731200333 0.665290749722223 0.656747682793998 0.628545250595904 0.568414055673853 0.536325256926056 0.535094048437618 0.458089240427735 0.442568803065543 0.502612395075364 0.51665941669527 0.583082547929551 0.617423822964473 0.664186789191136 0.703389182926865 0.706472811532023 0.720295832114951 0.72939288687956 0.73329139130614 0.736005248601516 0.737337109313453 0.738783211392908 0.739881292103396 0.741104005004166 0.74241828513076 0.743001550620778 0.743278717548231 0.743080203997592 0.742293782045099 0.7418922092578 0.741131671480677
-9999 -9999 -9999 -9999 -9999 -9999 -9999 -9999 -9999 -9999 -9999 -9999 -9999 -9999 -9999 -9999 -9999 -9999 -9999 -9999 -9999 -9999 -9999 -9999 -9999 0.678292958612529 0.648936328792116 0.618861259413493 0.630657919265357 0.640594838899312 0.596928216606723 0.5208904357141 0.470229023767195 0.433785081918282 0.408014409543205 0.465943661730313 0.553633885039927 0.610481921294334 0.659344327139063 0.68601387317531 0.697524176083841 0.703767989420906 0.727813525756721 0.731721561036735 0.734848791012273 0.736916937108955 0.739338435962024 0.741505406212274 0.742818427176013 0.743468213682 0.743628208712759 0.74331242928306 0.74314366583702 0.742685774670925 0.742345729603445 0.74146943353482 0.740198387261055
-9999 -9999 -9999 -9999 -9999 -9999 -9999 -9999 -9999 -9999 -9999 -9999 -9999 -9999 -9999 -9999 -9999 -9999 -9999 -9999 -9999 -9999 -9999 -9999 -9999 0.656929306878192 0.631030513043523 0.62986936979393 0.666350843415957 0.671063837892429 0.619869387817332 0.531776966811038 0.439200474468121 0.417268268930087 0.465703663516108 0.465180129006049 0.48272166644854 0.573389092608915 0.649363901448497 0.687631395013074 0.682627461741023 0.685837105395558 0.726223216620447 0.733562116566369 0.737177780796602 0.739496688212649 0.741735128270412 0.743631163356725 0.744503468953177 0.744779086754018 0.744311143680056 0.744030553748539 0.743534441527043 0.74232566877475 0.741522783492664 0.741078384032945 0.739991455962046
-9999 -9999 -9999 -9999 -9999 -9999 -9999 -9999 -9999 -9999 -9999 -9999 -9999 -9999 -9999 -9999 -9999 -9999 -9999 -9999 -9999 -9999 -9999 -9999 -9999 0.649080614696261 0.638933742739412 0.668134240264307 0.67887183162287 0.666012167797677 0.600257507908364 0.51227533397077 0.396132489496646 0.352196797495628 0.452220096160613 0.50550770311184 0.52961294920739 0.582088530777376 0.648755458452053 0.682372674302725 0.664011874331075 0.647538383913274 0.696101462969337 0.728995708548099 0.734519643439713 0.736900901876741 0.739275040373368 0.743438388106472 0.745056189965948 0.744970262428797 0.74416373595874 0.744189799248497 0.743954648767612 0.742499905917025 0.741324022594063 0.740789761737081 0.739629982973867
-9999 -9999 -9999 -9999 -9999 -9999 -9999 -9999 -9999 -9999 -9999 -9999 -9999 -9999 -9999 -9999 -9999 -9999 -9999 -9999 -9999 -9999 -9999 -9999 -9999 0.669255775283339 0.670687943696791 0.685167704339453 0.685830765819505 0.680730500536824 0.601849735519878 0.487391952024 0.404703462723598 0.363011894628277 0.447552500252997 0.508760507635944 0.519211238416457 0.570779586514787 0.617834336944375 0.627001518390902 0.6204360741942 0.600816426100847 0.630065082987405 0.681729879070701 0.704004735180846 0.726832726532568 0.736607174367365 0.74139400788488 0.745691341836431 0.745138007979627 0.741034771964477 0.741489957836793 0.743811397045954 0.743431463794023 0.742498428497361 0.74115574020646 0.739075912431043
-9999 -9999 -9999 -9999 -9999 -9999 -9999 -9999 -9999 -9999 -9999 -9999 -9999 -9999 -9999 -9999 -9999 -9999 -9999 -9999 -9999 -9999 -9999 -9999 -9999 -9999 0.681052738751245 0.687527066034397 0.684564401439802 0.684167702438718 0.663022607584724 0.587685421961724 0.455213747642255 0.335490184949443 0.385809938302666 0.511883166531114 0.571302238683765 0.5812435099083 0.578653214512504 0.578391486976416 0.551088640856715 0.55748294798783 0.592934416576128 0.627625269176482 0.63970866217897 0.680424735132061 0.738195316445376 0.74329484839692 0.746942814238148 0.746299563746488 0.73944557247492 0.740175365816665 0.744131656976932 0.74432627632214 0.742787017935688 0.740949048063047 0.738930200867271
-9999 -9999 -9999 -9999 -9999 -9999 -9999 -9999 -9999 -9999 -9999 -9999 -9999 -9999 -9999 -9999 -9999 -9999 -9999 -9999 -9999 -9999 -9999 -9999 -9999 -9999 0.680809226713629 0.689425091902276 0.686812273777698 0.678208920069253 0.676344237240345 0.657830423554103 0.530334613264526 0.408618751503716 0.465558638283927 0.53586351198683 0.588766606961012 0.60742257987642 0.530634249119625 0.479981879010519 0.496010796915575 0.5480370368116 0.60416011324026 0.624429177788685 0.625735839270702 0.650480040940271 0.715825366090685 0.747287898812359 0.750818322704509 0.747614117102044 0.742689670230996 0.742464841687916 0.7442696657344 0.744145545433808 0.741531908507636 0.740078679541844 0.738644068992966
-9999 -9999 -9999 -9999 -9999 -9999 -9999 -9999 -9999 -9999 -9999 -9999 -9999 -9999 -9999 -9999 -9999 -9999 -9999 -9999 -9999 -9999 -9999 -9999 -9999 -9999 -9999 0.695034454272517 0.695509017671764 0.68955199218497 0.684101754945936 0.6685438484509 0.570887909638549 0.465792909918806 0.44436680959929 0.432129879435962 0.520982910983909 0.615765642718872 0.59125192649263 0.502790209589696 0.427329372055624 0.429654204393589 0.466518888246723 0.583720882985183 0.636789624864724 0.6009919676997 0.644532190916161 0.730198491616308 0.749808761699805 0.750214549532424 0.74637798018487 0.744024590393957 0.746081677317221 0.745230992020369 0.74228476803118 0.739687956397348 0.737192322832834
-9999 -9999 -9999 -9999 -9999 -9999 -9999 -9999 -9999 -9999 -9999 -9999 -9999 -9999 -9999 -9999 -9999 -9999 -9999 -9999 -9999 -9999 -9999 -9999 -9999 -9999 -9999 0.692203346865335 0.700354952068755 0.701871029457119 0.701621313570086 0.698047940411532 0.664431225866461 0.537659663794657 0.46012302623672 0.508189612788469 0.542355270542978 0.563653352961858 0.49721867131624 0.415551063531975 0.42643248998813 0.413148365781477 0.360964453360908 0.452874444316268 0.56606627203554 0.586586379970612 0.642986738117993 0.693708943417366 0.722059839535935 0.74762353851496 0.74713851229661 0.744981769813612 0.747464926183899 0.745367972600111 0.742181367290134 0.738286592983821 0.732519701881751
-9999 -9999 -9999 -9999 -9999 -9999 -9999 -9999 -9999 -9999 -9999 -9999 -9999 -9999 -9999 -9999 -9999 -9999 -9999 -9999 -9999 -9999 -9999 -9999 -9999 -9999 0.678735951498716 0.69072127815204 0.700530724596796 0.703663313144515 0.704425246678716 0.69693794372841 0.675246219272647 0.548606770930735 0.432599874919306 0.499038877361501 0.53315686953031 0.545142910872774 0.545580667819464 0.462442305786715 0.443586880771809 0.443558663491881 0.429363818111689 0.48236557990086 0.533727500540709 0.58152397894739 0.662699926223475 0.705269293208289 0.705165003016559 0.720530486449624 0.738783978933569 0.742759733515784 0.746867501350755 0.746082846557208 0.742126039315222 0.736683204662946 0.730225914872867
-9999 -9999 -9999 -9999 -9999 -9999 -9999 -9999 -9999 -9999 -9999 -9999 -9999 -9999 -9999 -9999 -9999 -9999 -9999 -9999 -9999 -9999 -9999 -9999 -9999 -9999 -9999 0.677177642263314 0.699668924447926 0.705937538124522 0.709325889566043 0.708392412433297 0.705676865635865 0.631436728761308 0.497643350950373 0.445168542592405 0.444144043874187 0.430896225253532 0.411006038071699 0.463131327290789 0.489019918542721 0.44585614233078 0.488155295079832 0.55112421281106 0.609967244790673 0.664435129396944 0.708557737529127 0.734603503880771 0.72707510992029 0.697368805448032 0.689751788713068 0.713684794334015 0.743351000073165 0.742098408797626 0.736933571353013 0.731086162238687 0.725297964553717
-9999 -9999 -9999 -9999 -9999 -9999 -9999 -9999 -9999 -9999 -9999 -9999 -9999 -9999 -9999 -9999 -9999 -9999 -9999 -9999 -9999 -9999 -9999 -9999 -9999 -9999 -9999 -9999 -9999 -9999 0.711314320786423 0.715313348861644 0.702305061555843 0.690476547599274 0.660651850213708 0.571163474639919 0.480532153897139 0.40339357659322 0.343840263717771 0.408765384910222 0.500879193303337 0.444770400224246 0.44466738859795 0.55517420306505 0.646561454432581 0.689014148298445 0.719949254416845 0.75104783982561 0.734465615680313 0.69694791289002 0.678906366832515 0.701962832879589 0.743131245071486 0.736127396599056 0.726787574040375 0.720019075913689 0.716238900175105
-9999 -9999 -9999 -9999 -9999 -9999 -9999 -9999 -9999 -9999 -9999 -9999 -9999 -9999 -9999 -9999 -9999 -9999 -9999 -9999 -9999 -9999 -9999 -9999 -9999 -9999 -9999 -9999 -9999 -9999 -9999 -9999 0.719198546671132 0.713686719512327 0.688654653338812 0.581278364899309 0.408997619205434 0.32259908118694 0.302572171024133 0.332247010341145 0.445295038696313 0.425701446700369 0.374924459477077 0.508806862951473 0.6600846298268 0.731408906692937 0.745238409871455 0.749993762434149 0.72445525761677 0.707863469735039 0.72803361261699 0.745879960727117 0.747684299626895 0.740978277504385 0.721663442263138 0.713636192889257 0.713213531977265
-9999 -9999 -9999 -9999 -9999 -9999 -9999 -9999 -9999 -9999 -9999 -9999 -9999 -9999 -9999 -9999 -9999 -9999 -9999 -9999 -9999 -9999 -9999 -9999 -9999 -9999 -9999 -9999 -9999 -9999 -9999 -9999 -9999 0.718956179884308 0.704877713349486 0.631382246801365 0.517147722521167 0.44148061663411 0.399823835883618 0.377415085436679 0.399721198357091 0.466743088698763 0.443121879968357 0.468934157206591 0.640151747538331 0.719626280276717 0.744356831742482 0.738960348204339 0.704815563592254 0.691877786701818 0.719679073814764 0.733957050059229 0.74470376361718 0.74559436652461 0.739955107276633 0.730441672547807 0.723116316021633
