layers/veg/veg2200.asc
NCOLS 255 
NROWS 330 
XLLCORNER -2985163.8955 
YLLCORNER -3022031.214 
CELLSIZE 25000 
NODATA_value -9999 
[rows 125 to 149 of 330, columns 171 to 227 of 255]
0.466478725688721 0.504053631734599 0.497943896926716 0.499521622781082 0.502759732203509 0.486444730636881 0.469857018922647 0.466103469962258 0.474659124252352 0.48364096507935 0.487610422787964 0.491536997034101 0.500892139274761 0.501462505263601 0.507672414765927 0.528567281582392 0.539664204270205 0.54334588939724 0.54404891578401 0.524779518860672 0.506821453765705 0.524530767717479 0.528389483775725 0.486413174600206 0.455668630348003 0.463493445540662 0.50139749563157 0.549728803820386 0.555154645319694 0.559388131334735 0.577821771720806 0.587889976026417 0.588397980871527 0.579382623259956 0.586058521661787 0.604067690283783 0.608838475882849 0.620942388750446 0.622875923878641 0.620614765202308 0.622133733178848 -9999 -9999 -9999 -9999 -9999 -9999 -9999 -9999 -9999 -9999 -9999 -9999 -9999 -9999 -9999 -9999
0.438103707716008 0.432892672752956 0.458964618535227 0.493227608939643 0.494441743131135 0.471784665128429 0.456086886625788 0.463060989499332 0.472989474466783 0.482435338385333 0.489833617692895 0.494962407214385 0.505089076446259 0.515739106470802 0.515999596393124 0.523320278590822 0.537948171769695 0.542814950829099 0.540584086469273 0.518853766604959 0.502099713716408 0.517384442432421 0.514341620494452 0.4709689551608 0.463934101218956 0.485399177358802 0.495142219903687 0.535494637418044 0.567133906063095 0.565158506038313 0.540883663818793 0.536573883673591 0.551460486000618 0.571784439862159 0.594465194815965 0.606640288202418 0.617235639081015 0.626207097127502 -9999 0.627424797947427 0.626954297509686 -9999 -9999 -9999 -9999 -9999 -9999 -9999 -9999 -9999 -9999 -9999 -9999 -9999 -9999 -9999 -9999
0.40539956221715 0.410413258391982 0.449990947226523 0.4937539453827 0.489180324613806 0.465639961759033 0.450067401000787 0.457456742736466 0.46837031228444 0.478507360417035 0.481822293269531 0.489918725360992 0.502953522552355 0.505413541002519 0.499583639440799 0.515477291572879 0.539265488396635 0.542477496568194 0.538766789702914 0.506120048691297 0.486586560459019 0.51290721773872 0.511807344449748 0.474521045647641 0.476598473119252 0.491803987229527 0.493237051702814 0.532723920991645 0.557493486211982 0.553736947353296 0.533573854809912 0.54325273448352 0.553197581591225 0.574560218769786 0.602649223260883 0.610454626404675 0.621758769472196 0.629400899838249 -9999 -9999 -9999 -9999 -9999 -9999 -9999 -9999 -9999 -9999 -9999 -9999 -9999 -9999 -9999 -9999 -9999 -9999 -9999
0.420050872069982 0.46730591582869 0.486891748385792 0.487271059799672 0.471681625917023 0.447204820893783 0.441824326919184 0.452856148134361 0.464819428194608 0.478752981352798 0.488669608937702 0.492158413787609 0.492971930547257 0.494954865616129 0.508011547412617 0.529043266656373 0.539625298121139 0.541883551132964 0.538628665426072 0.518185078768729 0.49805412867141 0.499400138904006 0.513061228026891 0.530118329267894 0.53705333855626 0.513229247111759 0.50305164742375 0.547260475420778 0.572504510715022 0.549907841321869 0.525947976093678 0.538877412532709 0.550421859277349 0.576342530775821 0.606528667756325 0.619847451718347 0.628856399171837 -9999 -9999 -9999 -9999 -9999 -9999 -9999 -9999 -9999 -9999 -9999 -9999 -9999 -9999 -9999 -9999 -9999 -9999 -9999 -9999
0.427601557593699 0.466547775120374 0.481966525841586 0.481629462944796 0.471362831030613 0.454775110899713 0.445808970272206 0.448404942045497 0.459350282441372 0.470300882885268 0.480966470839608 0.493736698905249 0.503762044457718 0.511147767949811 0.523185789404572 0.534687766720537 0.539257416060552 0.540675452552843 0.541707462392983 0.538928259590933 0.516885015435443 0.508730759677575 0.535199809399957 0.551256820401757 0.546916315643138 0.526459601928646 0.535917616147068 0.571632410840042 0.583727730767486 0.564075739421794 0.547034566252984 0.55173320362346 0.565289030674754 0.592290797830341 0.61112769774463 0.621457969276934 0.630826816035169 -9999 -9999 -9999 -9999 -9999 -9999 -9999 -9999 -9999 -9999 -9999 -9999 -9999 -9999 -9999 -9999 -9999 -9999 -9999 -9999
0.428608637296825 0.473377053002627 0.475745278603745 0.471281824590214 0.453569893395403 0.441910842419896 0.443492853026591 0.44468544180822 0.457103033402274 0.468264770602759 0.475419650889851 0.489579510642796 0.501610532730122 0.510139826583404 0.523431182949756 0.53164693779781 0.532830181971745 0.5341097868919 0.533553512836538 0.536726658850096 0.527613209412854 0.523691374443241 0.537479607483987 0.540501231760372 0.555145731962189 0.568349176724946 0.57856665210692 0.584082692962923 0.581986191230406 0.57137438600508 0.568291690992746 0.580801709626087 0.5884286231497 0.598493988234623 0.610823867566693 0.629179602889382 0.635207979844287 -9999 -9999 -9999 -9999 -9999 -9999 -9999 -9999 -9999 -9999 -9999 -9999 -9999 -9999 -9999 -9999 -9999 -9999 -9999 -9999
0.427689448864699 0.464556704865899 0.465908827515885 0.450365270566546 0.431573015032366 0.43309159864373 0.438980202584289 0.446030035618457 0.456621454164561 0.464033889826938 0.469926567404763 0.480475986495813 0.495266613045659 0.506081070590856 0.521351941687841 0.522361758195534 0.521557996256874 0.532910385362331 0.524482090878574 0.523404749597145 0.519439066005285 0.517095388338587 0.53508427476522 0.546439794276896 0.563920728423505 0.568363864907202 0.574366863786822 0.577831007957445 0.56413310522993 0.557093388734833 0.566180593225272 0.588459820430413 0.605409100178842 0.605896081851737 0.615950403565683 0.627613136213744 -9999 -9999 -9999 -9999 -9999 -9999 -9999 -9999 -9999 -9999 -9999 -9999 -9999 -9999 -9999 -9999 -9999 -9999 -9999 -9999 -9999
0.416011499086358 0.43543912819437 0.427525263918738 0.415145075327107 0.415058730258002 0.426719386393582 0.441948295778822 0.449283518936544 0.454734164569405 0.463256026907512 0.470166354284851 0.473119193159614 0.482984436050975 0.49905253238336 0.517848721568554 0.533298604194672 0.536136196388603 0.53600939331311 0.53042077129761 0.525456875738999 0.519783668195588 0.519282915948141 0.534233544799236 0.540543675321995 0.543796787463189 0.55328597308697 0.559202540992922 0.549959914778095 0.540557715792767 0.542821351866576 0.553746900686293 0.584513291984144 0.607647399736192 0.61065130138139 0.622271139790657 0.627259497529942 -9999 -9999 -9999 -9999 -9999 -9999 -9999 -9999 -9999 -9999 -9999 -9999 -9999 -9999 -9999 -9999 -9999 -9999 -9999 -9999 -9999
0.397512629227967 0.403980232809455 0.395210265458999 0.404640526579388 0.414740423566027 0.428228760066817 0.444638796253864 0.447082250233862 0.449732858816652 0.462428241180573 0.470550892901203 0.471810269962717 0.476308214252226 0.495587636991626 0.519496153009644 0.533767349600379 0.537477072339828 0.528517365028252 0.5123944973791 0.514690733820263 0.517831540413936 0.516408223805884 0.527316695300461 0.534420182976486 0.543744058194003 0.558366570191706 0.557817492478376 0.529262357721184 0.520016358412772 0.533911694867522 0.568618341448054 0.602389540412482 0.605015220525217 0.610737165397972 0.627196205329814 0.62885471305437 -9999 -9999 -9999 -9999 -9999 -9999 -9999 -9999 -9999 -9999 -9999 -9999 -9999 -9999 -9999 -9999 -9999 -9999 -9999 -9999 -9999
0.372736286718172 0.393916483831787 0.403275533449617 0.408523373886458 0.422279713236202 0.437946216770916 0.43600727597648 0.443575832879408 0.460601386309908 0.473928100420566 0.481617111933093 0.48294647855724 0.490003244837165 0.509491662317893 0.52586310819727 0.531457390264472 0.537258090413392 0.527809154447325 0.520523961227851 0.513434979663361 0.497302482412541 0.514108620960695 0.53027344059993 0.536375835574453 0.551123603697244 0.563335597682059 0.550802577811828 0.528401888199464 0.525910468016947 0.545932313364274 0.574863474419604 0.591687327366328 0.597173003294246 0.616237839202599 0.63518862207751 -9999 -9999 -9999 -9999 -9999 -9999 -9999 -9999 -9999 -9999 -9999 -9999 -9999 -9999 -9999 -9999 -9999 -9999 -9999 -9999 -9999 -9999
0.367763941140096 0.382271802829971 0.403492798790891 0.423876896077347 0.432942539669643 0.444882219380136 0.446620968419114 0.450544802130792 0.463872700429466 0.477579990410476 0.488919658052662 0.49431231814523 0.502187141937212 0.508862624328314 0.516418595310576 0.528014507893393 0.535251981919799 0.538553803377718 0.529089294387702 0.511782177937125 0.501308342335687 0.510724590070737 0.521612815240537 0.519503873802732 0.533080957293877 0.54516686328493 0.541012780814687 0.548855596365786 0.56845756916431 0.577676647515254 0.58464049295855 0.600674381497199 0.608065976283364 0.621203140855506 0.632756153639602 -9999 -9999 -9999 -9999 -9999 -9999 -9999 -9999 -9999 -9999 -9999 -9999 -9999 -9999 -9999 -9999 -9999 -9999 -9999 -9999 -9999 -9999
0.383074374294106 0.392711567223999 0.397563715288489 0.402616944524119 0.419858617421211 0.445642607889337 0.4596017567359 0.460320828954819 0.470490146459595 0.485945890475364 0.495915265560466 0.499141291648593 0.491275545598381 0.483540941983445 0.502450932105324 0.525999237178904 0.53377700117667 0.539273600386979 0.523533868071539 0.507374619147398 0.515590120841846 0.522114586210876 0.531317293894535 0.534187822652314 0.539624179694391 0.546011861494732 0.553889302131506 0.573842304315066 0.594632018495223 0.608231021730795 0.614624231221739 0.616090774728823 0.603410208572721 0.609857450496821 0.635974930624085 -9999 -9999 -9999 -9999 -9999 -9999 -9999 -9999 -9999 -9999 -9999 -9999 -9999 -9999 -9999 -9999 -9999 -9999 -9999 -9999 -9999 -9999
0.39041865073512 0.400283555487236 0.402362154966198 0.405688496000869 0.432069643756949 0.455128768430392 0.45884147175734 0.462079686936759 0.469878853144446 0.484909462851645 0.491340934104981 0.489790351155897 0.480602036850781 0.479049664016784 0.501037327605271 0.524446109610387 0.526491438775484 0.52782728837084 0.519285446897483 0.507995518894666 0.519117826240761 0.52986737714014 0.537457701377495 0.540725324455699 0.545393073440288 0.551516699584122 0.558639770942764 0.570988490166161 0.597443309796625 0.612109462984867 0.615128357149834 0.609212833300028 0.604533705639517 0.626565291503641 0.642611233466518 -9999 -9999 -9999 -9999 -9999 -9999 -9999 -9999 -9999 -9999 -9999 -9999 -9999 -9999 -9999 -9999 -9999 -9999 -9999 -9999 -9999 -9999
0.398937463995001 0.417863456650319 0.427246750102511 0.415650434463867 0.413947121136355 0.433299025104658 0.457484213705643 0.46876765800814 0.474247737531903 0.478504085809197 0.474658088485779 0.468753852488062 0.466198386045279 0.474274000919755 0.498832939306616 0.519963799925086 0.519136085906437 0.515393347432093 0.518790973479311 0.525600123662242 0.536574155237636 0.541441529776488 0.53513133877416 0.54111834804995 0.549572498813319 0.556080519513748 0.563823100933594 0.583846215703836 0.609836614560532 0.613292082140353 0.620778750102275 0.621817526087062 0.623893021028341 0.639609508368449 0.648571999102303 -9999 -9999 -9999 -9999 -9999 -9999 -9999 -9999 -9999 -9999 -9999 -9999 -9999 -9999 -9999 -9999 -9999 -9999 -9999 -9999 -9999 -9999
0.398586367590814 0.413198304470105 0.43579519245821 0.432643073947369 0.419560198546842 0.428273857739828 0.450595457696464 0.459678184978457 0.468257434793885 0.471427614482354 0.465318138494278 0.465963688571586 0.465310296085808 0.469766353797632 0.494673653945223 0.508118517171597 0.500024186621629 0.506659215786164 0.520783417814765 0.537211286012153 0.551242940807676 0.553976346466459 0.55074865930258 0.555832411137124 0.562173194583875 0.571296135930719 0.578665853711769 0.599592147834748 0.621523496151513 0.627177077279947 0.632176216886875 0.62560926611588 0.62738633878137 0.645470296394304 0.652546507942297 -9999 -9999 -9999 -9999 -9999 -9999 -9999 -9999 -9999 -9999 -9999 -9999 -9999 -9999 -9999 -9999 -9999 -9999 -9999 -9999 -9999 -9999
0.402009311116783 0.420144224553986 0.443065711917076 0.448107989199916 0.444724389954339 0.438206670547071 0.440963170370897 0.454420216090207 0.466502803226026 0.466038846549866 0.46059757691063 0.461154526461414 0.459906152747488 0.46116552131856 0.486533288225851 0.500577983943412 0.489619840643005 0.508482351189451 0.527191922796262 0.539212482528334 0.55849857775301 0.574973937173145 0.578348662467645 0.581697573898071 0.578545930649303 0.571657623840776 0.595237349360914 0.627507417318556 0.636374257821903 0.635157936232009 0.631190098702315 0.629027398877726 0.639215387167666 0.64953054775903 0.652877188847562 -9999 -9999 -9999 -9999 -9999 -9999 -9999 -9999 -9999 -9999 -9999 -9999 -9999 -9999 -9999 -9999 -9999 -9999 -9999 -9999 -9999 -9999
0.409657410072701 0.423970831760572 0.444392213495854 0.452768922897792 0.452998625988587 0.448080757645447 0.447718888180052 0.456524544891832 0.459975056720605 0.458205101388165 0.455624544617935 0.450668663094662 0.448816503552071 0.454711889499283 0.478040314564768 0.492100438800533 0.494762842172575 0.517387455917235 0.536407076377994 0.564982039318417 0.592957602207927 0.602742786859012 0.613423890332701 0.604650650899131 0.592908145289782 0.599873560014374 0.608024018878289 0.61562087838186 0.616147346277342 0.616763584448539 0.632106687021977 0.639309622724527 0.644473094583036 0.652623458843689 0.654760710011586 -9999 -9999 -9999 -9999 -9999 -9999 -9999 -9999 -9999 -9999 -9999 -9999 -9999 -9999 -9999 -9999 -9999 -9999 -9999 -9999 -9999 -9999
0.425117636398453 0.43747539274027 0.443917625139144 0.45249057970939 0.450314576909727 0.450245521266475 0.452571087876582 0.449850198178853 0.443662045619037 0.444743706226133 0.456533862691274 0.454041682568875 0.447095358358642 0.453374736323834 0.467352584170658 0.471215479372956 0.484065878083854 0.51793163577395 0.549119872433652 0.58568881076677 0.622067576924869 0.634742389819623 0.617183876148962 0.587978377687152 0.588701194452573 0.617935510214727 0.626761363168086 0.601159952406028 0.595915055862041 0.617471793475476 0.63900427732023 0.645977709200542 0.654275134998589 0.658776813665076 -9999 -9999 -9999 -9999 -9999 -9999 -9999 -9999 -9999 -9999 -9999 -9999 -9999 -9999 -9999 -9999 -9999 -9999 -9999 -9999 -9999 -9999 -9999
0.425801921328261 0.444862450900032 0.449047967972262 0.452863567797105 0.44975830952305 0.44597701061132 0.443297045762576 0.436837801855776 0.434885465884247 0.437384145140657 0.445748541565317 0.451727838190968 0.452191437549757 0.462422927395716 0.476666688480639 0.483398544746463 0.503655557014053 0.541773020902042 0.573730921739883 0.60167250570128 0.625170242351625 0.629949257831068 0.604377871267182 0.594333731632381 0.603512003145834 0.614583047042292 0.61947572398695 0.603961497306399 0.606411489022691 0.623403062854854 0.641695688149392 0.651056624657331 0.65655994833024 0.661317579078925 -9999 -9999 -9999 -9999 -9999 -9999 -9999 -9999 -9999 -9999 -9999 -9999 -9999 -9999 -9999 -9999 -9999 -9999 -9999 -9999 -9999 -9999 -9999
0.427163275864886 0.448592681853172 0.453621851356529 0.452781100890362 0.447372914034506 0.439814824565772 0.429503860803777 0.416251473498048 0.418980752039264 0.436318389934935 0.435972856915998 0.418355827330505 0.42657142677987 0.450778642369738 0.463198675508292 0.498847537206967 0.528698875566711 0.55076677921325 0.581077917564972 0.60026073138489 0.611594332360965 0.614185750588714 0.60536027906819 0.608209069516709 0.618817498827398 0.642089402999637 0.656567154267715 0.635264680560208 0.616551059756039 0.634158060479263 0.654081456590452 0.652244817851084 0.657098981625947 0.665745986092289 -9999 -9999 -9999 -9999 -9999 -9999 -9999 -9999 -9999 -9999 -9999 -9999 -9999 -9999 -9999 -9999 -9999 -9999 -9999 -9999 -9999 -9999 -9999
0.437390247980888 0.449584468955439 0.449740664059648 0.447402245005251 0.434285572804014 0.423769955708276 0.415963032945399 0.40995080395577 0.416611472107195 0.422053814961174 0.412525979574929 0.384379574197157 0.397753822894475 0.433922321640682 0.459901044538537 0.501047300400219 0.527266194018887 0.567461522303577 0.599044724694382 0.599533966588995 0.610363517508969 0.627905589820257 0.621385217217929 0.650373016071974 0.668851917257851 0.664035013397033 0.663764328327471 0.662267153373304 0.660695846890574 0.660047973328534 0.663291895230858 0.664761627737657 0.667443119217396 0.668185365903786 -9999 -9999 -9999 -9999 -9999 -9999 -9999 -9999 -9999 -9999 -9999 -9999 -9999 -9999 -9999 -9999 -9999 -9999 -9999 -9999 -9999 -9999 -9999
0.431388987221441 0.4422838128835 0.438413041709677 0.43418163904266 0.429593229292777 0.419540408766277 0.415401745308553 0.419223876092087 0.420969351759464 0.403550130246657 0.400747478237607 0.378843808360658 0.382754392010833 0.410037831544901 0.427388445798424 0.499607263496946 0.542158715542347 0.565109738016387 0.597029225969086 0.625719646201383 0.641067700595722 0.656926245198952 0.667377533608208 0.675368550323192 0.681263907694196 0.677023110099365 0.67288935087301 0.668885290348195 0.66800933066041 0.669493585825298 0.66962200795543 0.670621028432192 0.671943923481575 -9999 -9999 -9999 -9999 -9999 -9999 -9999 -9999 -9999 -9999 -9999 -9999 -9999 -9999 -9999 -9999 -9999 -9999 -9999 -9999 -9999 -9999 -9999 -9999
0.426550330576641 0.429466729116828 0.429682013101141 0.42965370652961 0.426701036976453 0.4208846772327 0.424844249378232 0.430112899638813 0.421723925193641 0.403441128816731 0.406932986188687 0.395116769587364 0.387092788302044 0.396667224039306 0.434127439966484 0.507295874389563 0.542070006201656 0.570295988930487 0.626894994587877 0.685589424972049 0.708103369625956 0.6961296639583 0.690351233033766 0.688317398032057 0.685751660207786 0.684258260963149 0.679593713941344 0.676153618688317 0.673639731414437 0.675600334957678 0.675603430635204 0.674913546074335 0.676206626187273 -9999 -9999 -9999 -9999 -9999 -9999 -9999 -9999 -9999 -9999 -9999 -9999 -9999 -9999 -9999 -9999 -9999 -9999 -9999 -9999 -9999 -9999 -9999 -9999
0.409888163780425 0.410486881018657 0.422894379869113 0.419430984747404 0.419700754131093 0.428525001042942 0.442958581859489 0.444703233537402 0.424927471380614 0.418078192708743 0.424430504924728 0.4287080564237 0.416991798132688 0.395769010214558 0.419270861554398 0.488637086994496 0.562095725284995 0.603466200237638 0.662374671353842 0.718296319644282 0.735548130360563 0.720480398918297 0.695154137090201 0.688519940461995 0.687771072494979 0.686607487977779 0.68346099221186 0.683205309709179 0.684666989313187 0.684928369739036 0.681816970919597 0.680697993598063 0.680476843861882 -9999 -9999 -9999 -9999 -9999 -9999 -9999 -9999 -9999 -9999 -9999 -9999 -9999 -9999 -9999 -9999 -9999 -9999 -9999 -9999 -9999 -9999 -9999 -9999
0.404282992630206 0.407006965129788 0.430158836640923 0.429124370484537 0.429374484738007 0.434115417484646 0.444787658346347 0.451748295034019 0.436278115229299 0.427752821661428 0.435922443637335 0.443592444839829 0.429361105743221 0.411988317641039 0.449711665611586 0.516895660244246 0.574405508928056 0.607066759519896 0.659292806816546 0.688523349611659 0.697903074292048 0.713524623176709 0.699767031846835 0.694655276773438 0.69445377295724 0.68996359528267 0.685776377703337 0.685659490056358 0.686989415338399 0.685598390937282 0.684760162032546 -9999 -9999 -9999 -9999 -9999 -9999 -9999 -9999 -9999 -9999 -9999 -9999 -9999 -9999 -9999 -9999 -9999 -9999 -9999 -9999 -9999 -9999 -9999 -9999 -9999 -9999
