layers/veg/veg2100.asc
NCOLS 255 
NROWS 330 
XLLCORNER -2985163.8955 
YLLCORNER -3022031.214 
CELLSIZE 25000 
NODATA_value -9999 
[rows 125 to 149 of 330, columns 57 to 113 of 255]
0.0412317764571796 0.0535055863858505 0.0866262869995298 0.119850046327579 0.129185579866378 0.165773987839037 0.23355290380713 0.25046257202545 0.250501560351497 0.225253298492586 0.20683633101165 0.19783780465949 0.189776668407617 0.179947732010401 0.135019198848026 0.109100409105869 0.114935462904498 0.204383361901219 0.330611379041483 0.424230295120787 0.501421062514731 0.545039183532588 0.573099501569414 0.592656126020821 0.651636591790087 0.696174677331347 0.700386088455202 0.708934912488734 0.72036732032113 0.735754324877523 0.74445017534043 0.730442729600916 0.714382556019838 0.696674825225264 0.676815236812452 0.656355257856547 0.634679318430237 0.612607404443546 0.590153259549496 0.570217072466671 0.550699900682053 0.530543891689635 0.510628431600191 0.490992065294555 0.471151408135446 0.451881946273168 0.438334615329373 0.426552278957556 0.417237610719256 0.410118071387349 0.403294926514987 0.387636389681502 0.378813151003827 0.381574840376855 0.390450593328164 0.40199526038345 0.401074570258707
0.0458891388613522 0.071519947792091 0.0965917026609691 0.122023399735835 0.150179008034524 0.169911429580575 0.180003639618192 0.186221261772523 0.186500366107029 0.144047719056765 0.13296298890435 0.165125828288279 0.153627774288947 0.126760371528862 0.101515917627405 0.0764949257252456 0.0518472043720979 0.146969299460312 0.29416088413345 0.336801405050025 0.369437380563497 0.381628017323053 0.438981051943027 0.521019268233963 0.591531978828282 0.64171585476868 0.64137677308504 0.654440456383455 0.676414519386785 0.713411240621607 0.739689216397785 0.727119012001461 0.711895412467368 0.694542149072839 0.675010253568657 0.654812446416936 0.633137355692231 0.61085307862256 0.587980759106007 0.566985274766543 0.546470722777279 0.526475116866785 0.506641331496512 0.486995296335487 0.466863596986485 0.447159973547439 0.432594054087993 0.419973270499237 0.410072013576269 0.402315712965157 0.395294986593164 0.38760140841563 0.382698600583551 0.382525780079189 0.386896060981181 0.393266885836504 0.392796349112818
0.0807845542124276 0.0685012326196813 0.0813016595160854 0.100067891431448 0.123644852422825 0.13397283815002 0.129137569450176 0.120470451690019 0.109787031119326 0.0906618542132487 0.097606766478113 0.140495028054652 0.127752440273825 0.0974057211255716 0.102203556612009 0.0933735982883364 0.0617797960301848 0.12206239051781 0.222143979646474 0.228499339758863 0.236205237613672 0.24667110111721 0.29286493168849 0.358587206265937 0.488617717756191 0.588668060303671 0.606638617732638 0.622194565046286 0.636145239642279 0.681274291333839 0.716176846777659 0.709208179356839 0.701149931312869 0.692217165771252 0.672956315438118 0.651938115143831 0.629851905334428 0.607316592773989 0.584347765111312 0.562644801031304 0.541457045375765 0.521745618262654 0.502164357223441 0.482734119704346 0.46199740183107 0.441487410174939 0.426378210162289 0.413020050387569 0.402110048960894 0.393677915017385 0.386296620081354 0.381727797648677 0.378721310973064 0.378362777162717 0.38042417808922 0.383560702122637 0.384377428092816
0.130701279936143 0.0550339488197143 0.0534655015138933 0.0661259261498012 0.0735004931888097 0.0781257382636017 0.0796044253885146 0.0539697697329157 0.026758705813293 0.0510959455720415 0.0813846334856555 0.119878701079332 0.106980686678327 0.079890408914299 0.119876165668289 0.134834437774143 0.107986841480368 0.113304009487738 0.132458805378243 0.109828139788339 0.102352898641937 0.125849358279727 0.140788747319686 0.151050952412689 0.364436974601497 0.536321220064673 0.583957608664456 0.601001058507649 0.597705816970711 0.644272058998597 0.683349368138911 0.684050928336018 0.686301968675851 0.689796650347293 0.670778704377013 0.648402326841025 0.625700345352642 0.602894786069772 0.579989244014445 0.557753572032314 0.536053653383553 0.516687892936828 0.497444028923744 0.478341593686586 0.456843883755402 0.435342623370344 0.419926260799226 0.405880933736865 0.39375247411908 0.384625097080286 0.376802266750591 0.372953740016293 0.370838060685721 0.37165932895237 0.372503047519876 0.373368773674896 0.375888611815929
0.255558760191312 0.109148827154798 0.0728893824351556 0.0601333527414684 0.0530274259550308 0.047923207845708 0.0451099154385383 0.0281980369342181 0.0105938827988691 0.020911636987275 0.0426286021272978 0.0800618856283689 0.0808330050047125 0.0715942650406209 0.112122558301057 0.130068434670933 0.110292679724474 0.118435473725622 0.138720620515907 0.135091933779376 0.135019491345902 0.142214607460882 0.126472759487465 0.0981938640514159 0.299461541608489 0.462071405832428 0.505191338116618 0.554820612895202 0.608777406162101 0.644303676583079 0.669103185810126 0.664574959303573 0.667118317444661 0.675337459808656 0.655127486615864 0.631422240975195 0.610468677976425 0.589493997612223 0.568498932833069 0.54868845946493 0.529317810623297 0.511079014323716 0.492188556489575 0.472542016706211 0.45077618860685 0.429158180980552 0.414298381135557 0.40028147496466 0.387443032395031 0.377382744547517 0.368581504623193 0.364376983403069 0.361753725364261 0.361810499676228 0.362117422637317 0.362556675523877 0.365707422606204
0.358757172716581 0.161596702997819 0.0993567289813764 0.0659835462650033 0.0399794083524218 0.0254094330164067 0.023925686075529 0.0125978603161633 0 0 0.0126480121142584 0.0427340895354745 0.0561330688150385 0.0654930985900115 0.106148845214766 0.126343500893992 0.112359984559228 0.121837330355063 0.141626860310517 0.151522436018578 0.157345119611741 0.154844420618082 0.119436284674924 0.0660413699532163 0.236955301311002 0.380749747017879 0.434827101716839 0.51664038900219 0.616892982740019 0.644281284937015 0.656984428073781 0.643129836760947 0.643875352416271 0.6563391831186 0.63257421920848 0.606178463154402 0.59102249156955 0.574495801535026 0.556645968528258 0.53950440717914 0.522519722020396 0.505585590539917 0.487231929310427 0.46723127687048 0.445221652667349 0.423438651696952 0.408849577205568 0.394746928701419 0.381324360423618 0.370455743779337 0.360791075447917 0.356182365957496 0.353079303773685 0.352528115015024 0.352415408303405 0.352520153086357 0.355357655410836
0.409994516773956 0.208056829822073 0.140417343687074 0.0980277634937679 0.0429634442849708 0.0196605394110904 0.0327080991520071 0.0189573038404478 0 0 0.00346823268873781 0.01171818661395 0.0349181352077827 0.0641168881684468 0.105065011882184 0.126487355238051 0.115293867817575 0.120835469323638 0.133769857125744 0.143114367581712 0.150656503703864 0.154515298671425 0.124621746930434 0.0762795996809185 0.178193320000583 0.28395417213006 0.385488749112363 0.49756638980871 0.616653233536747 0.642943973609377 0.649134908170362 0.616997043861472 0.611485219999627 0.62734394712712 0.594664313368147 0.562462023882263 0.562291033579318 0.556132005586755 0.544192775256907 0.530182523822316 0.515622095555628 0.500374027427773 0.482976196948589 0.463084132234666 0.440870498915695 0.418783997256731 0.403783941628115 0.389311355181713 0.375576232132099 0.364191943283861 0.353944164297753 0.34885563553546 0.345381295507884 0.344642792297618 0.344356597020415 0.34427789483945 0.344676668842699
0.467060311405187 0.328097408917695 0.259608670517769 0.200708781181277 0.114128289821766 0.0728580871231565 0.0834448334661271 0.0629288392604341 0.0345945838588312 0.0126938136695665 0.00674041705122229 0.0227739808573278 0.0323615551696067 0.0411772897238865 0.0752595281087131 0.0951123136545006 0.0911962450325214 0.0902123801717692 0.0908536677827958 0.121858580537938 0.14621715147387 0.156993225205487 0.139913113802094 0.107607172431856 0.179626414779278 0.259997468045288 0.351852148116331 0.459384579622639 0.577339839432998 0.615180492594963 0.631944796087607 0.603612728149273 0.573679702436269 0.542461718495119 0.514569230962258 0.496387615977765 0.517334008968881 0.530228188814025 0.535349635142921 0.525670773029046 0.512438024306562 0.496521441404372 0.478895221059571 0.459285415768411 0.437748272603902 0.416243442509919 0.39995497631826 0.384908243113078 0.371597597355256 0.359593804351491 0.348340366517802 0.342071346875526 0.337999165781719 0.337650336024298 0.33724389397718 0.336796650059868 0.334287222755046
0.527665326450174 0.492818376983298 0.4262434487066 0.346282708910324 0.226694689703061 0.161849787292227 0.159657564923563 0.129739632173385 0.0901960984357087 0.033095714402487 0.0175738295431057 0.059377046637204 0.0411349203719316 0.00514371679783277 0.028013345427524 0.0445979968086011 0.050684232729866 0.0416023399570179 0.0266484264408053 0.0928012504618325 0.143143623629585 0.161175680783671 0.161341107117388 0.151740864475514 0.217611872729375 0.280270841095835 0.327750149690937 0.409599899364974 0.514299686404344 0.571370201535982 0.609082779594107 0.597969692925563 0.532585790913533 0.423643131870488 0.408857968721474 0.416736738994385 0.462524304666079 0.499745831778509 0.528698634031813 0.524079887592028 0.511508941799439 0.493494069456882 0.474920362854526 0.455698275959589 0.435372290088305 0.414986636282001 0.396876956495666 0.381132074448652 0.368693455274162 0.356007108054149 0.34349142668178 0.335616446092075 0.330808847543287 0.331200056630686 0.33070569792398 0.329777516842283 0.324074809312157
0.551278632347862 0.561681714317768 0.4786743723201 0.377948071143502 0.285138624338358 0.228936529471142 0.214631002471754 0.232092464152359 0.242424012606256 0.11364329203361 0.0504204736457294 0.0775836360236584 0.0563511962145233 0.0209136903239823 0.0345954792842814 0.0463534114319557 0.0548977363850169 0.0598422274562903 0.0635465785692437 0.100919330587064 0.130874026326324 0.14566914535321 0.152334736276779 0.154556832442832 0.18116564758358 0.20405019033276 0.215211558505518 0.239386899070661 0.272214143600447 0.398992966947959 0.503580214161115 0.509803182386866 0.497525728978897 0.470399496059982 0.458831741570368 0.457074762367087 0.487306932524732 0.510582092228876 0.527141708349595 0.521505120776156 0.510053608403941 0.491713937732704 0.472863877619103 0.453421644691885 0.434260520935274 0.414795380970241 0.391844435032948 0.373845346282041 0.362769531049688 0.348731983971175 0.333824388493948 0.322445355577531 0.316496689878046 0.319751779751913 0.319412480157995 0.317416387301628 0.310526913258413
-9999 0.615232306389135 0.5121789031927 0.397376752510699 0.33610653775167 0.295158905418455 0.27747016532351 0.330696436510317 0.378420129360682 0.206913663143517 0.110195830421127 0.116590570909334 0.0870082054190453 0.0472062524935493 0.0496093238569534 0.0530822563561428 0.0583422831030095 0.0722706146055073 0.0899430325830493 0.097753351116574 0.10911874939888 0.127749326340725 0.141209003361967 0.151842333466535 0.147898579327637 0.140650852857555 0.126374692864175 0.103355957016565 0.0745250122281498 0.253203293784542 0.408725714600414 0.430369522260027 0.459882177661151 0.495710515344128 0.492483697798429 0.487717403171665 0.500566449157006 0.512308128377154 0.522980875787554 0.518087991377443 0.508432279222361 0.489903367038489 0.470839659695601 0.451155463118931 0.432952984058227 0.414413023141763 0.389016372292125 0.369660925785571 0.358751787093318 0.344284850338917 0.328430825793244 0.310711694321725 0.301668520806026 0.307329950717707 0.308183572659549 0.306820726442738 0.298861964809393
-9999 -9999 0.512178903192701 0.402462044791889 0.375485839428728 0.362899287047653 0.366781477715262 0.412040990955547 0.45014515193355 0.325743030189569 0.243298863827481 0.21870296322338 0.160839385572053 0.0942617102447774 0.0790105614620869 0.0645498268313348 0.0514093986749134 0.0557968777115001 0.0677094557761327 0.0553860361531526 0.0617970340345096 0.10649378072307 0.12955433415767 0.140788824618537 0.137357413162526 0.131702389407773 0.121769237449569 0.0875024349706439 0.0370582193954942 0.207263573752698 0.359549582622953 0.391091712480666 0.413715956173054 0.429182540002638 0.450819442080702 0.468596743450855 0.466190908016798 0.480320084572234 0.510410368906665 0.512431014423676 0.506430270231362 0.487777567796722 0.468557749853732 0.448679943405592 0.430852239557168 0.413287141703902 0.392877219927831 0.375028536581574 0.360760763089619 0.348634303973662 0.33619208798268 0.304333461582362 0.286658938459658 0.293024597957988 0.298007849494471 0.302271747619976 0.293214664369388
-9999 -9999 -9999 -9999 0.385530417446017 0.391602947604599 0.404625397887144 0.459921887259367 0.51131760999223 0.42658377151279 0.368043277674245 0.345616067909856 0.288587067252399 0.21999880981591 0.163079231583161 0.105245656067345 0.0458853410221391 0.0518723130187279 0.0860620985288625 0.0437878750857685 0.0281758191726596 0.0670507014561756 0.0944410008898638 0.115553976100436 0.122205694286741 0.124206833469647 0.115750964824738 0.0851280640266851 0.0397681538369104 0.169703188819654 0.286088395869757 0.308761213116984 0.334475265814877 0.362630270159273 0.345247888522085 0.328010980957602 0.339542677875791 0.381752258492064 0.453574941805072 0.485063373037744 0.502304236309073 0.485303556487962 0.467464575713912 0.448652966995876 0.430759088764494 0.413110018640974 0.395346017579821 0.379169729781895 0.365213250184535 0.353658486273113 0.342096385976576 0.314947644731459 0.298852096786902 0.301490252361726 0.302562764443944 0.302866236590939 0.294441468206053
-9999 -9999 -9999 -9999 -9999 0.391602947604599 0.404625397887144 0.483196990404818 0.564730778297554 0.514197494980736 0.486641607219538 0.490765110706788 0.455979496640789 0.403590439092074 0.287344808190129 0.167432993685636 0.0413971922375181 0.0571751416428331 0.134257746470823 0.0548142409970104 0.00462856813468547 0.0142343475418147 0.0420785362426043 0.07989160321675 0.103663840779974 0.117779598919425 0.108693849169105 0.0926648989217208 0.072019994214265 0.138304120302599 0.194770433502666 0.194774115710535 0.230914952766289 0.296060136593851 0.192685365077926 0.0981120542505416 0.145046435119858 0.234228387490833 0.36419156472982 0.441731902590114 0.496616409055593 0.482573505207137 0.467245477704113 0.450426401940282 0.432142119545447 0.413630516628089 0.396791242321141 0.382409139394853 0.371462448458442 0.359178795860608 0.346635260121564 0.338056333676829 0.331047402145624 0.326699404738816 0.317949102336054 0.307242712101279 0.300722793794822
-9999 -9999 -9999 -9999 -9999 -9999 -9999 -9999 0.570376719126247 0.523458542661973 0.499177825763381 0.506107823617741 0.49124034709706 0.464921018165162 0.376248805268918 0.301199983421034 0.24890765114178 0.195684326759192 0.141719561302226 0.0569307741111758 0.00100196116494907 0.00405153515089631 0.0180871825869912 0.0381276754656509 0.0765750493384719 0.10380558527851 0.100853042616435 0.0791750537678954 0.0450480787669642 0.0916655912727401 0.132109479167613 0.129605810071544 0.132110597334328 0.138635264015819 0.115572505069543 0.0907582330330216 0.0768070146534666 0.112053630455102 0.194790501138806 0.306391829741584 0.411059781873226 0.439133888230991 0.45081561824934 0.443478303567613 0.427893611510393 0.410081338574231 0.393050985242474 0.378871163426196 0.368676716917023 0.359111305623647 0.349863555359791 0.342238267093978 0.33564021101852 0.330783177901439 0.325524888324649 0.320077478033516 0.313503680241373
-9999 -9999 -9999 -9999 -9999 -9999 -9999 -9999 -9999 -9999 -9999 -9999 -9999 0.50231667269326 0.451773706373317 0.424393016802966 0.435702555485388 0.320329310889046 0.149575802334667 0.0607130056227283 0.0012666209892061 0.00193576241261615 0.00293718251635949 0.00412022184268634 0.050985600371556 0.0873648098591292 0.0928757680273472 0.0656041946965489 0.0165382525369555 0.047018828919741 0.0750516047087182 0.0724921395603891 0.0478190276658102 0.00539709516492242 0.0588414975524763 0.101959391363303 0.0420170213831638 0.0267181529981559 0.0545132806165618 0.170549029676432 0.296891029600796 0.375006551388588 0.419234845439485 0.424145917524219 0.416209491317411 0.404219018204341 0.388129677392388 0.374775406071957 0.365245080691267 0.358260493922173 0.352090440635838 0.344077872198901 0.337288035973498 0.332570569434542 0.331221914980186 0.331347479291968 0.325114804752091
-9999 -9999 -9999 -9999 -9999 -9999 -9999 -9999 -9999 -9999 -9999 -9999 -9999 0.504528613115939 0.493170607121328 0.476972397019661 0.45268911809179 0.335132180558987 0.176756445593127 0.0745814398224473 0.00723212846560804 0.0110527794551313 0.00814636660092941 0.00156302778704407 0.0347060861625488 0.0650820365043173 0.0847358634692102 0.0609526717068102 0.00829183188985669 0.0164433568214961 0.0262142665970103 0.0238531024321037 0.0152812997526502 0.00172472409069343 0.044639167330397 0.0844128103077003 0.0759553780361052 0.0669331335635757 0.0573656806315827 0.0731855970086872 0.11159881533552 0.251982830838916 0.338555674827296 0.362694796259743 0.379410222647794 0.391559937565003 0.381100684875708 0.3715821826113 0.363378959091623 0.356953896519241 0.351176983208642 0.34552704717479 0.340113891175138 0.335102046076273 0.333373964377398 0.333103714349097 0.329536409892349
-9999 -9999 -9999 -9999 -9999 -9999 -9999 -9999 -9999 -9999 -9999 -9999 -9999 -9999 0.517019520651288 0.511695856565015 0.497479552913738 0.419883379925785 0.314157322951971 0.20966188411451 0.121182620041338 0.0654340903897636 0.0315309275236335 0.00956815917406935 0.0222772055826923 0.038891356357719 0.0621886037099808 0.0494567419693842 0.0127721329503713 0.012959095365195 0.0156962617082998 0.0161344750410011 0.0109437616173974 0.00123516779396058 0.0259968445934667 0.0543711876300564 0.0767570157797377 0.0773934329838872 0.0570353270239853 0.0365813927858132 0.0379491361246158 0.168227549210407 0.250294216180023 0.276423822197263 0.299459393365163 0.320638111737804 0.332813039540287 0.342211550263012 0.347728306298306 0.350580384356358 0.352090027342369 0.346784179581578 0.341993037660475 0.338074254191648 0.335917552491889 0.334550186507665 0.332396265361928
-9999 -9999 -9999 -9999 -9999 -9999 -9999 -9999 -9999 -9999 -9999 -9999 -9999 -9999 -9999 0.530607140288101 0.566891496987667 0.566576794874657 0.549162896973922 0.452080709363137 0.330758399507365 0.159898855247983 0.0710105562667164 0.026926678160958 0.0132582245589529 0.00924005883797494 0.0268830192602094 0.0318997994796307 0.0285224863921577 0.0334652510816153 0.0391116532244341 0.0446526077359836 0.0315786887611405 0.00356412910815413 0.00342271998607593 0.0132646751228239 0.0482146821196439 0.0615046990240779 0.053886509960702 0.0537820648658223 0.0631636614549384 0.119246137376469 0.155318319573904 0.168173814762691 0.181296025173052 0.198122151519259 0.247989105510051 0.289659710990627 0.319870865914826 0.339719904059181 0.354620516151873 0.347871250140318 0.343033833385289 0.341436748738058 0.33880786476319 0.335722350468667 0.333873125194502
-9999 -9999 -9999 -9999 -9999 -9999 -9999 -9999 -9999 -9999 -9999 -9999 -9999 -9999 -9999 -9999 -9999 0.605686252402589 0.626153091037989 0.567210308602864 0.48898157387476 0.371339971101746 0.216856251206398 0.0422351073169012 0.0153777201922403 0.00235129297291308 0.0106703450808172 0.0163206964792813 0.0201968515330566 0.0277836314316397 0.0348669205077737 0.0392678915375766 0.0315911572913992 0.0142206341039838 0.00577833868064619 0.00348511867020387 0.0217506440063502 0.0356556514352893 0.0453514876623327 0.0728640937994939 0.104788370279304 0.14073118128906 0.159999294893229 0.159920804396168 0.16009521993575 0.164569577701085 0.207546500056939 0.253637189497427 0.304081288252561 0.334843470986688 0.357019912214605 0.352593246557205 0.34846508286503 0.344842840598857 0.341872868912732 0.339198360599679 0.336688678915659
-9999 -9999 -9999 -9999 -9999 -9999 -9999 -9999 -9999 -9999 -9999 -9999 -9999 -9999 -9999 -9999 -9999 -9999 0.666790673241178 0.644218229947495 0.614351118657237 0.56957658756147 0.363767010831066 0.0699377640829447 0.025393698638843 8.66506110170559e-05 0.000393227016652946 0.00560660993998113 0.0140821189447357 0.0223218309427576 0.0288672606982685 0.0300169738288836 0.0281677386877278 0.0239114923695353 0.0112433021460017 0 0 0.0113751881912031 0.0337307497163662 0.0834506137599688 0.134828388498251 0.162172371954867 0.172790921676396 0.164004001120203 0.154613576611459 0.149116400201507 0.180606237347886 0.226778739419034 0.293479318417551 0.332441720558675 0.359755431657861 0.357634433499214 0.354000555064439 0.347802544275995 0.344626402845757 0.342804237911968 0.339676472694761
-9999 -9999 -9999 -9999 -9999 -9999 -9999 -9999 -9999 -9999 -9999 -9999 -9999 -9999 -9999 -9999 -9999 -9999 0.666790673241178 0.644218229947495 0.621118320126394 0.596940477085951 0.420786170960945 0.161563498702067 0.0649943370359315 0.000607369063931676 0.0027562866806575 0.0174926407535194 0.0405973306500588 0.0414064681046776 0.038839896410959 0.0317510856923518 0.0259953591966362 0.0213095906774003 0.00996523751734789 0 0 0.00386962148076611 0.0114745559784001 0.0497953717115733 0.0921443853906069 0.120306989472305 0.136991710971554 0.14035936620916 0.141067340776375 0.144683651016064 0.181571134500584 0.231028523374399 0.298060105088775 0.337079281972435 0.364292092745289 0.361020314228436 0.356127455004549 0.348487077980081 0.345663259535323 0.344998095153484 0.342328586458559
-9999 -9999 -9999 -9999 -9999 -9999 -9999 -9999 -9999 -9999 -9999 -9999 -9999 -9999 -9999 -9999 -9999 -9999 -9999 -9999 0.594173654593919 0.597494356211517 0.453905347447062 0.230017393945045 0.0947231881501229 0.000623580969127855 0.00282985753076148 0.021719697472635 0.0517010461254341 0.0507869195883126 0.0442210100738198 0.0282480391689459 0.0200878369200736 0.0181983068450472 0.00863955005192962 0 0 0 0 0.0266318472672991 0.0585494582993666 0.0887502052307548 0.111473283721076 0.125520493173968 0.140101318259451 0.158551791406765 0.210870356854779 0.263474300094046 0.316477234748171 0.345597102155909 0.364893455671471 0.362527129041829 0.358169739772772 0.350437762168831 0.347522245375038 0.346768337856547 0.344427736599206
-9999 -9999 -9999 -9999 -9999 -9999 -9999 -9999 -9999 -9999 -9999 -9999 -9999 -9999 -9999 -9999 -9999 -9999 -9999 -9999 0.591113684441463 0.585121045681065 0.461588527443697 0.273810233606911 0.113945808364101 0.000102862516213234 0.000466797866756921 0.0177955503632232 0.0464027937231057 0.0498395132572595 0.0447155120769554 0.0191712506577221 0.0102051203423317 0.0145449037157307 0.00726317910794443 0 0 0 0 0.014634325951932 0.0346277472693529 0.0681645359731398 0.0968963690570531 0.120053313923172 0.152524018788 0.191896989604355 0.270324905133026 0.325928179901116 0.349619946521772 0.358244558991688 0.361306605262174 0.362034113447346 0.360121971290451 0.35373597026233 0.350256197260287 0.348087741007852 0.345938385049354
-9999 -9999 -9999 -9999 -9999 -9999 -9999 -9999 -9999 -9999 -9999 -9999 -9999 -9999 -9999 -9999 -9999 -9999 -9999 -9999 0.558662531895705 0.559246421863306 0.465103453933196 0.319184012496265 0.139752437327804 0.00844719875629068 0.00241061026349087 0.0188976561202762 0.0503587864035344 0.0514966841709057 0.045745881518693 0.0264364328986813 0.0155336876460428 0.0113783175174673 0.00521976741118476 0 0 0 0 0.0214166830544336 0.046644939397229 0.0679008988168979 0.0804144301142646 0.0827846711526431 0.121348207973996 0.173573695579992 0.257750229439864 0.311619841864697 0.32311684564948 0.337803303344982 0.352996127205882 0.356702954116489 0.357600972860688 0.353738432551818 0.353668072258014 0.355283115530017 0.353349573170396
