layers/veg/veg2300.asc
NCOLS 255 
NROWS 330 
XLLCORNER -2985163.8955 
YLLCORNER -3022031.214 
CELLSIZE 25000 
NODATA_value -9999 
[rows 200 to 224 of 330, columns 57 to 113 of 255]
-9999 -9999 -9999 -9999 -9999 -9999 -9999 -9999 -9999 -9999 -9999 -9999 -9999 -9999 -9999 -9999 -9999 -9999 -9999 -9999 0.480951632806511 0.437091839817087 0.331743655546057 0.252018038594764 0.13670452013846 0 0 0.00827398350976076 0.149442560268529 0.214029341817443 0.26028674751159 0.318313559546149 0.341605143319855 0.30045450555564 0.299498158860012 0.354780689683284 0.428253299663421 0.443125211268231 0.450124335842485 0.455664784452655 0.458639312089427 0.463859905854506 0.47000580256387 0.469654264518387 0.468454794072139 0.458147829151313 0.421656010650902 0.405232557048749 0.43770676298615 0.464926411769053 0.474963893665337 0.47539541503778 0.474133943650034 0.471999933844062 0.469124782834811 0.466413033537721 0.46496020462613
-9999 -9999 -9999 -9999 -9999 -9999 -9999 -9999 -9999 -9999 -9999 -9999 -9999 -9999 -9999 -9999 -9999 -9999 -9999 -9999 0.497435727963966 0.457695041904902 0.380729014609066 0.266449641118909 0.1489357247346 0.0507222013059797 0 0.0618380561893256 0.195262766114854 0.259791602696976 0.332241998088385 0.358040242932242 0.354673789165937 0.317994903006839 0.326170305408974 0.372698322093971 0.416943068992498 0.433118679501721 0.438051545233846 0.443776667989395 0.454974883194821 0.464419151495595 0.466808039292 0.464489450763046 0.459294568456247 0.445044889381529 0.412995282722004 0.41026755044561 0.444831061653522 0.465243799665607 0.474307070178615 0.473892549683075 0.472674318636939 0.470526232326465 0.467192474011893 0.464175757289377 0.462609226155956
-9999 -9999 -9999 -9999 -9999 -9999 -9999 -9999 -9999 -9999 -9999 -9999 -9999 -9999 -9999 -9999 -9999 -9999 -9999 0.499990333807504 0.486057698131371 0.425941464372574 0.306515295616045 0.16946784667949 0.0766702519191199 0 0 0.0643598581032915 0.194921165390686 0.261185775847107 0.333670963475557 0.364230005865775 0.38287230700173 0.333471410236931 0.312831937302878 0.378646894370135 0.404514175075885 0.416417477679239 0.401140155447915 0.406912882334298 0.443950093491015 0.458032827833986 0.45852721106393 0.450279878101559 0.43659096853218 0.40953898721038 0.390182256192583 0.412402938651463 0.446310235965377 0.463717103287203 0.471838125334693 0.471530280172529 0.470268383147008 0.468003524868709 0.464537269446651 0.461357563201723 0.459946008937027
-9999 -9999 -9999 -9999 -9999 -9999 -9999 -9999 -9999 -9999 -9999 -9999 -9999 -9999 -9999 -9999 -9999 -9999 -9999 0.49078386409798 0.463655385434859 0.419041729931569 0.336356025799357 0.168685169023536 0.0418876778509659 0 0 0.0364141590144474 0.167360094954273 0.230058157868652 0.322581176339107 0.370277717878769 0.389508886113932 0.353847257187251 0.330962560979304 0.379452546660836 0.400991243369803 0.391904705198482 0.366735062840066 0.386175404119254 0.43570427087682 0.451822448562003 0.443501828776667 0.425011817899899 0.416245976300218 0.384271077385404 0.364368738508501 0.40447819906996 0.445411385527662 0.460700030154521 0.466821777841327 0.467419923144464 0.467354484527275 0.465292041912159 0.461745177869068 0.458584298176074 0.457293819679036
-9999 -9999 -9999 -9999 -9999 -9999 -9999 -9999 -9999 -9999 -9999 -9999 -9999 -9999 -9999 -9999 -9999 -9999 -9999 0.482256784442453 0.477538045532378 0.443948170429369 0.365867582051709 0.226835820331467 0.0668709225757522 0 0.0377069328912726 0.132388618645758 0.168628442605623 0.213699479074936 0.296035630721249 0.350870248989593 0.378980444060156 0.389029550691079 0.354993543635223 0.355987423538424 0.401920777586118 0.378078836806651 0.359441579118905 0.390116580161087 0.429855990375649 0.448473777703477 0.426274337305599 0.394248603166358 0.377480134030821 0.341695799120211 0.352172518983915 0.407547187904341 0.442624527631304 0.455563073412732 0.460924064680687 0.462590308960114 0.463555796512558 0.461058427588096 0.457845535960277 0.45648040558956 0.45568373273322
-9999 -9999 -9999 -9999 -9999 -9999 -9999 -9999 -9999 -9999 -9999 -9999 -9999 -9999 -9999 -9999 -9999 -9999 -9999 0.446317991484179 0.446455015205053 0.420314581730582 0.35353045246124 0.240716263907296 0.111093329356031 0.00416532922884678 0.0531576553970981 0.174415381182646 0.188378068386609 0.191050699341232 0.281038638101933 0.344070800861092 0.355716607389777 0.332109932334167 0.317343246463727 0.354088370018168 0.405805344946064 0.386227772709214 0.369163596573678 0.392282156374333 0.426431015588205 0.442683887421932 0.403981293251607 0.355875379263696 0.323861213828554 0.312154211003918 0.369633723559679 0.41342480791073 0.438684461855066 0.448970705746654 0.454567837107973 0.456830382655065 0.458356471535663 0.457140477833865 0.454817165787372 0.453646491725962 0.453570815126897
-9999 -9999 -9999 -9999 -9999 -9999 -9999 -9999 -9999 -9999 -9999 -9999 -9999 -9999 -9999 -9999 -9999 -9999 -9999 0.409408474987786 0.395675480814758 0.384864791397032 0.303358148169334 0.181734360634147 0.0953789502497801 0 0.017369297726712 0.175869901359508 0.216781757051641 0.19519535017173 0.281469028412405 0.343888183902885 0.317684872602807 0.230437505923471 0.259850353814478 0.370606449588237 0.41059845697993 0.404313516683726 0.391927183228812 0.397955918224843 0.424166639000415 0.437413269738394 0.390570437832372 0.332471045116429 0.291846166167529 0.304036880737588 0.3920721229915 0.422570905704284 0.434368673680603 0.442416618827289 0.448440248405155 0.451484024458149 0.453737960245489 0.453873186217974 0.45208448139089 0.45115307926266 0.451813121978392
-9999 -9999 -9999 -9999 -9999 -9999 -9999 -9999 -9999 -9999 -9999 -9999 -9999 -9999 -9999 -9999 -9999 -9999 -9999 0.441280877567866 0.410745259118692 0.360763875166881 0.250485797469473 0.0985213031205351 0.0199749602144248 0 0.0236332820813592 0.186046771429615 0.210111469422199 0.203018190377263 0.304525810357174 0.360039814469209 0.307660972582642 0.260233339544991 0.347181273766313 0.398301645595397 0.411848874677534 0.411543350063762 0.402900287058073 0.403054762286737 0.421615539666151 0.435308865900128 0.407618306269448 0.347952803739128 0.278125596508692 0.287125530935075 0.378107218908651 0.41839906277947 0.431551841731786 0.438121229207563 0.444528310983986 0.448129179654166 0.450761652428311 0.451628952330311 0.450770427046709 0.449971858775857 0.450801983938227
-9999 -9999 -9999 -9999 -9999 -9999 -9999 -9999 -9999 -9999 -9999 -9999 -9999 -9999 -9999 -9999 -9999 -9999 -9999 -9999 0.442656271193256 0.398876123758689 0.306930146844253 0.146174728195544 0.036608532086809 0.0110106471170556 0.0515953583671117 0.161699089091117 0.156692576265818 0.150877254078806 0.280998746119178 0.347726286470519 0.360179393672456 0.353602111080127 0.381668763141647 0.392504551376102 0.400376844348402 0.411527191945822 0.410765464273119 0.402300775907705 0.41210290945719 0.426281755112882 0.418416121177441 0.381528140143228 0.293293417510496 0.290478831778871 0.385895327689585 0.418164165719087 0.428262268891973 0.43499214157539 0.440616981589789 0.444202168439778 0.447114731978786 0.448959816702922 0.448623399079182 0.448065768259839 0.4497029319304
-9999 -9999 -9999 -9999 -9999 -9999 -9999 -9999 -9999 -9999 -9999 -9999 -9999 -9999 -9999 -9999 -9999 -9999 -9999 -9999 0.413086294123744 0.415444825953782 0.352160969511881 0.22018043711987 0.0654252940365665 0 0.0546901719615517 0.156685923861504 0.131030023916189 0.142662796653447 0.244380561920242 0.326686875779089 0.379007440094748 0.380905363182284 0.383539561849775 0.385438649257493 0.385784802331015 0.399359131562659 0.406115849116611 0.404283120069471 0.40926349640489 0.413263282940581 0.409310011744101 0.377773126722343 0.32839163633041 0.340279609791089 0.390619184758452 0.41107597864305 0.424583390842031 0.431444027146488 0.43721567970552 0.440881806201723 0.444114811932299 0.44648027330404 0.44607978591897 0.445243515986097 0.447730615140045
-9999 -9999 -9999 -9999 -9999 -9999 -9999 -9999 -9999 -9999 -9999 -9999 -9999 -9999 -9999 -9999 -9999 -9999 -9999 -9999 0.401976977469418 0.38759659406844 0.319166432751255 0.199734954352993 0.097282836984422 0 0.00376851549433185 0.0854694305774989 0.0612132369965339 0.173003035848818 0.272314679412273 0.334254175219282 0.376621074373663 0.381215585813795 0.385339293342841 0.385551488037645 0.379692666208993 0.386125410895202 0.397686613353392 0.394557239452139 0.39073711682051 0.391906565740455 0.381796759836274 0.356538121281948 0.32508787387967 0.33526144619887 0.38684730957541 0.409121411637512 0.422661094529721 0.429171547843313 0.435146249846115 0.439069264892556 0.442225091979151 0.444448810325314 0.445166285387967 0.444389345580487 0.44479318338295
-9999 -9999 -9999 -9999 -9999 -9999 -9999 -9999 -9999 -9999 -9999 -9999 -9999 -9999 -9999 -9999 -9999 -9999 -9999 -9999 -9999 0.405872696472308 0.342116582327529 0.216170846580069 0.0878692195180173 0.00699988257056698 0 0 0.0285539413519754 0.168633557269563 0.2845597456349 0.344791845140532 0.370638943181517 0.375074466554033 0.380780560225633 0.385508848983708 0.376641877113368 0.373418374101003 0.384597117250825 0.380803888245905 0.361632303909569 0.344103937519008 0.350381220573598 0.35839826943773 0.322556194662779 0.320083879968107 0.376808404295687 0.401339943752883 0.421050978910694 0.428531501373002 0.433640042260167 0.436952289797733 0.439910483328659 0.441493324618909 0.442198086268382 0.441637282108086 0.441137693394013
-9999 -9999 -9999 -9999 -9999 -9999 -9999 -9999 -9999 -9999 -9999 -9999 -9999 -9999 -9999 -9999 -9999 -9999 -9999 -9999 -9999 0.437954453097974 0.395904549032194 0.277405962780629 0.168034624636213 0.0399601121163152 0 0 0.0114388411464378 0.175794303525527 0.285788155722069 0.338452500784255 0.3649203784676 0.369068993406423 0.375946818382559 0.383490578227725 0.370774446010066 0.360175297084407 0.372639701818364 0.366545944123769 0.32779091549466 0.306962847328856 0.336509663008262 0.352193703849527 0.331119168550634 0.332035078178385 0.374207778908892 0.401483807272886 0.41907124883986 0.427774521531376 0.432942217325561 0.435375326764201 0.437744223483361 0.439177918783641 0.439422680106125 0.439006896814642 0.438098933710706
-9999 -9999 -9999 -9999 -9999 -9999 -9999 -9999 -9999 -9999 -9999 -9999 -9999 -9999 -9999 -9999 -9999 -9999 -9999 -9999 -9999 0.454543417980335 0.369133507625176 0.296374734285293 0.20828565487939 0.00523838424734625 0 0 0.0516032985040688 0.183031810508898 0.300724596425417 0.344447003054154 0.359977942027512 0.364754344257928 0.371949084655869 0.380783534006876 0.380913304499664 0.371195415586887 0.365853583872605 0.344084633809274 0.2905581280478 0.290563961221581 0.334371369272556 0.33925166734962 0.33869303619968 0.356579396641018 0.382166399402339 0.40384621286131 0.419269067829307 0.427270777134437 0.432620870309843 0.435019552420431 0.436945086187529 0.4379468096309 0.438412201102697 0.437990819222998 0.436612707836434
-9999 -9999 -9999 -9999 -9999 -9999 -9999 -9999 -9999 -9999 -9999 -9999 -9999 -9999 -9999 -9999 -9999 -9999 -9999 -9999 0.457881762877014 0.452422808715783 0.396432079129245 0.334645041618161 0.288431399988217 0.12957542997841 0.00481810952930787 0 0 0.185201535863333 0.300943360282832 0.335010729748024 0.352565416877891 0.358532073126179 0.366420621388557 0.376699104719239 0.380161543262749 0.370910907174927 0.364973922162973 0.340639267728514 0.305391932220835 0.317699408233317 0.325019297457448 0.319055016744203 0.340703969363637 0.369106789907256 0.388539835644921 0.405606977792428 0.417775675162995 0.425684813297696 0.431491242794192 0.433986566561441 0.435022930372255 0.435032862851013 0.434650683820735 0.435089060777882 0.434850111439489
-9999 -9999 -9999 -9999 -9999 -9999 -9999 -9999 -9999 -9999 -9999 -9999 -9999 -9999 -9999 -9999 -9999 -9999 -9999 -9999 0.433504066377693 0.433817471003291 0.392998863550753 0.351371110096765 0.260502821630412 0.0424539972827389 0 0 0 0.204450230235716 0.302062160824177 0.323528879286144 0.346941570461084 0.356430400228326 0.363677133478032 0.372618419164684 0.375161318664606 0.368617428061534 0.369178641365544 0.360804897780326 0.339710025282337 0.341587008266428 0.343255078288287 0.344295151693122 0.361200396367528 0.377348026221978 0.394422932079416 0.409118569080487 0.41811449918771 0.424714748063825 0.42978521878603 0.432268482150357 0.432666635094181 0.431872532862802 0.431515260586205 0.431345258214827 0.431210390034599
-9999 -9999 -9999 -9999 -9999 -9999 -9999 -9999 -9999 -9999 -9999 -9999 -9999 -9999 -9999 -9999 -9999 -9999 -9999 -9999 0.426337107448211 0.415154961290933 0.383219220949299 0.362580294085937 0.300521264520558 0.105908029912302 0 0 0.0416360923335492 0.234674357247643 0.303896533839412 0.319709357010139 0.338550814554455 0.354613379637461 0.36224626005437 0.370695865798359 0.373868875283302 0.369919973857938 0.372140797220444 0.365581683568067 0.345902422748701 0.348069423656031 0.355196500961721 0.356561679592053 0.368333716597335 0.383934348591981 0.398314146675613 0.4101131462148 0.417806177597328 0.424144105786485 0.428450408576239 0.430159729824748 0.430206196642035 0.429829205112195 0.4295590748913 0.42941079331807 0.429455900213008
-9999 -9999 -9999 -9999 -9999 -9999 -9999 -9999 -9999 -9999 -9999 -9999 -9999 -9999 -9999 -9999 -9999 -9999 -9999 -9999 0.442151173053075 0.429373001212566 0.406565209460822 0.389462654284692 0.36632448779585 0.25365685744908 0.0455238499301705 0 0.0368534810549539 0.230383153625653 0.300830750015219 0.294369862051252 0.313240987086765 0.346148451145776 0.359177626731163 0.368311151382665 0.374072989240198 0.377349132860393 0.380330292880919 0.371205458213875 0.355746413651935 0.359651474454107 0.371952010627394 0.380053262008329 0.38776991035409 0.396030662867198 0.405470895321564 0.413280200767192 0.418458779819044 0.423898556907011 0.426508214469099 0.426791269884554 0.426598306561751 0.426568204369785 0.426630405202622 0.426864135345201 0.427343907190723
-9999 -9999 -9999 -9999 -9999 -9999 -9999 -9999 -9999 -9999 -9999 -9999 -9999 -9999 -9999 -9999 -9999 -9999 -9999 -9999 0.457151833072326 0.44510519756436 0.419824047297354 0.388292778883103 0.357238598480062 0.242018222506604 0.00914721181063982 0 0.0794348257831802 0.201482100723925 0.282268034787762 0.276942334120538 0.305966511880652 0.340287295188051 0.354705425761236 0.365894259184877 0.372046914921035 0.375778626941477 0.376108717934671 0.365967990501803 0.356496594031863 0.362749887006728 0.373681328232687 0.382867810715427 0.392031192692082 0.399434026450146 0.406758521157726 0.413787042460752 0.418002509920996 0.421150021462388 0.422996989329042 0.423296489540765 0.423712499217323 0.424031935591307 0.424106261517987 0.424650645658459 0.425024522353902
-9999 -9999 -9999 -9999 -9999 -9999 -9999 -9999 -9999 -9999 -9999 -9999 -9999 -9999 -9999 -9999 -9999 -9999 -9999 0.453707016527159 0.451945297334023 0.430146105486132 0.375154331189751 0.323032649139702 0.286800405247795 0.162609145834772 0 0 0.0350154421600335 0.164299967562321 0.255900327043644 0.261470757825555 0.297764731140124 0.336534549206749 0.352100523588009 0.363955761466754 0.370491592824239 0.374503755507963 0.369171395100539 0.357346780833206 0.358638646605819 0.368249840547153 0.376540479206197 0.385020674358339 0.393416998662934 0.400344598961609 0.406424791746363 0.412624151955545 0.416969142668561 0.419171143110376 0.420416813712604 0.421108131011551 0.421809435179932 0.422508979350546 0.422748531846983 0.423209560016841 0.423995895560388
-9999 -9999 -9999 -9999 -9999 -9999 -9999 -9999 -9999 -9999 -9999 -9999 -9999 -9999 -9999 -9999 -9999 -9999 -9999 0.427202224675462 0.42859984876452 0.424494465709805 0.390652255487235 0.361251695786564 0.346942981600478 0.200598777849706 0.0291124773504446 0 0.0155087619977192 0.128518206483781 0.207433586174307 0.242345659727462 0.298999301746391 0.333301509651122 0.34887355862777 0.360787019303908 0.367301334534715 0.372017474440936 0.365409144024611 0.352561282682281 0.358717731896705 0.372046631370401 0.378810616539177 0.386083895804872 0.393662139488716 0.399732390846956 0.40508487332292 0.410679806458584 0.414337556388657 0.416099521783816 0.417246011680522 0.417934779545158 0.418931909117933 0.419927389235677 0.42000371113035 0.420476337218714 0.421669618666562
-9999 -9999 -9999 -9999 -9999 -9999 -9999 -9999 -9999 -9999 -9999 -9999 -9999 -9999 -9999 -9999 -9999 -9999 -9999 0.415091533118021 0.424284961720681 0.432251501241419 0.418684823862139 0.389747694167467 0.289932727395763 0.138760127755057 0.00958442176725764 0.00330918305558291 0.0773571570693306 0.128132141542079 0.201197058463369 0.231562134236682 0.296408431618624 0.334453517852111 0.347065506822517 0.357017742932546 0.364125106170642 0.36906815540487 0.366474609218394 0.358552874184267 0.362365881179642 0.372784884450049 0.379545653173121 0.385912259876889 0.393096170088459 0.398684729045289 0.403649882159754 0.409197735393026 0.412175362378852 0.413623953768622 0.414691372342095 0.415136086387793 0.416065978620626 0.417198285200678 0.417687081951991 0.418165960966474 0.419325503476823
-9999 -9999 -9999 -9999 -9999 -9999 -9999 -9999 -9999 -9999 -9999 -9999 -9999 -9999 -9999 -9999 -9999 -9999 -9999 0.427184874182081 0.424551953464328 0.426971998215558 0.406742372332176 0.365811819442737 0.255062547265472 0.0975551256279974 0 0 0.0798790706736302 0.156901279463723 0.207855406942511 0.230664243870575 0.288409630485703 0.33117261872392 0.344830744890031 0.355056678276345 0.362158031268869 0.367017923965591 0.369101541134241 0.36639988798122 0.366129618935184 0.372197310844732 0.378448384660707 0.384284825290279 0.391001484470649 0.396593284677018 0.401641729014236 0.406981053226418 0.40992365556935 0.411324932029488 0.412551024091562 0.41305296542733 0.413757886978176 0.414753527229315 0.415155707576128 0.415592538788486 0.41706287294794
-9999 -9999 -9999 -9999 -9999 -9999 -9999 -9999 -9999 -9999 -9999 -9999 -9999 -9999 -9999 -9999 -9999 -9999 -9999 0.448198525628579 0.437782003721494 0.410189243474412 0.396393277490804 0.363820681698063 0.26662576560827 0.133381365366171 0.00079626209000664 0 0.103271164060501 0.183082058879051 0.213448149121714 0.224960942004219 0.266275236621247 0.319956278902091 0.342900371859363 0.354515729687779 0.360483473307346 0.36490349043927 0.369456049222311 0.371364788088142 0.370786547590894 0.3733325590061 0.377433705793697 0.382060080111749 0.387177948008 0.391020288820597 0.397007955084127 0.403127377649971 0.40608555872115 0.408056874722669 0.409580490800919 0.410249811855351 0.410952752390317 0.411718297326674 0.412135319901531 0.412765940961198 0.414078757280225
-9999 -9999 -9999 -9999 -9999 -9999 -9999 -9999 -9999 -9999 -9999 -9999 -9999 -9999 -9999 -9999 -9999 -9999 -9999 0.438833028558368 0.433902101247379 0.418255350350294 0.392059991921969 0.335369906047914 0.251759533313349 0.14186730509302 0 0 0.130229289657377 0.198483793129201 0.215654552509708 0.221233468957451 0.245385005358604 0.298370794971529 0.339603580335041 0.354241154339133 0.359772542743376 0.363596284710913 0.367824496252328 0.370474292902239 0.370590809510153 0.372201485375819 0.375262243981416 0.37880930086927 0.382680953670537 0.386371859418858 0.392970236571461 0.398859698605485 0.401736181795276 0.404026275567494 0.405949891944692 0.406820821070813 0.407795513322517 0.408970168058241 0.409822369898332 0.410419596037686 0.411245248397189
