layers/veg/veg2000.asc
NCOLS 255 
NROWS 330 
XLLCORNER -2985163.8955 
YLLCORNER -3022031.214 
CELLSIZE 25000 
NODATA_value -9999 
[rows 225 to 249 of 330, columns 56 to 111 of 255]
-9999 -9999 -9999 -9999 -9999 -9999 -9999 -9999 -9999 -9999 -9999 -9999 -9999 -9999 -9999 -9999 -9999 -9999 -9999 -9999 0.438987568534466 0.42804172158044 0.410775426867092 0.382936543865062 0.302414007645025 0.181210592705141 0.0879622890041034 0.00806813996277184 0.0120813735155048 0.137014913985986 0.209651730018456 0.215494984733808 0.209720333761283 0.222834165498635 0.272008930093212 0.317913540311076 0.341983250903224 0.350863889653936 0.354474978444051 0.358772268571385 0.361906475484599 0.362943533686136 0.365091519107144 0.367584652618338 0.370573496239562 0.375386880902636 0.380799814688567 0.387221112611095 0.392958477608874 0.396872518493533 0.399703945189535 0.402707608330691 0.404461651701178 0.406206231611853 0.408308660488672 0.409891052425386
-9999 -9999 -9999 -9999 -9999 -9999 -9999 -9999 -9999 -9999 -9999 -9999 -9999 -9999 -9999 -9999 -9999 -9999 -9999 0.456768407367085 0.432257586706193 0.423813143594727 0.422709495777512 0.37947457248015 0.281317467395257 0.170046376260192 0.104126964791059 0.0652649416906293 0.0761417327712071 0.161650698548329 0.208830586037102 0.218132325302381 0.181199532691054 0.149355162709422 0.211212023371336 0.292839612994305 0.334236895586384 0.350994275654808 0.354314918515524 0.357383036445841 0.359247488194708 0.3594321999565 0.360719783219843 0.362231216565838 0.36429468243036 0.368413517198583 0.373537773370563 0.378825508867182 0.384196618853113 0.389356187212673 0.392393379704787 0.394975249054853 0.396838314434736 0.3989731782041 0.401367951368077 0.402962402230504
-9999 -9999 -9999 -9999 -9999 -9999 -9999 -9999 -9999 -9999 -9999 -9999 -9999 -9999 -9999 -9999 -9999 -9999 -9999 0.460744777489759 0.434895996453236 0.422653462610598 0.424348459612914 0.363445197196431 0.283216064853145 0.190942482331367 0.0893330080002371 0.100804810591942 0.129098953429936 0.141392421688936 0.189614518646281 0.218827861439193 0.191339742030018 0.180635878173301 0.232781743643013 0.284477896642437 0.32434907694259 0.347423374333697 0.354252254955694 0.356204930619146 0.356963002116772 0.356113993741298 0.354836014898262 0.356086107015653 0.359606917199983 0.361828922841262 0.36575478670754 0.371186036845173 0.376721945097011 0.381166618223244 0.384096747186856 0.38684189549586 0.388859519983209 0.391192302988849 0.393609293786851 0.395311653452355
-9999 -9999 -9999 -9999 -9999 -9999 -9999 -9999 -9999 -9999 -9999 -9999 -9999 -9999 -9999 -9999 -9999 -9999 -9999 0.437172742235741 0.429118529421063 0.431994844303857 0.426250461757876 0.377001354375096 0.295813341146301 0.219607861888405 0.141121680560974 0.118320638637341 0.141350149100785 0.151633336891449 0.181095464376576 0.214635094421457 0.195053756892272 0.189762613871318 0.240441252910698 0.288673692805729 0.320361733996619 0.343281188455627 0.353261179289004 0.355003528080075 0.355071802122824 0.353724573560702 0.352497220342798 0.353634002961217 0.355662932145321 0.357738253651816 0.361084825096743 0.36537527523462 0.371242189639917 0.374843587118593 0.377344096618849 0.380262388390003 0.382155964912207 0.384451716144067 0.387001482288334 0.388854294636997
-9999 -9999 -9999 -9999 -9999 -9999 -9999 -9999 -9999 -9999 -9999 -9999 -9999 -9999 -9999 -9999 -9999 -9999 0.439784782081842 0.434381532764471 0.428567267907859 0.43269799600347 0.420975191426857 0.349214592452716 0.248014160381031 0.205780492625787 0.147935260376209 0.101347193869122 0.125188372804535 0.159337205415041 0.172821678744669 0.165405576640108 0.18498851037061 0.227188475233791 0.26273673816385 0.289446309232258 0.315358002650772 0.336773673044428 0.350944380926353 0.354527385874443 0.353363565874148 0.351246790378348 0.348865008000237 0.348288499508794 0.349664986396711 0.351484366071416 0.353080471788713 0.356523657856049 0.362016445879454 0.36495809774791 0.367054972621019 0.369480754155169 0.371344725471339 0.37317667541459 0.375399072697135 0.377564547962278
-9999 -9999 -9999 -9999 -9999 -9999 -9999 -9999 -9999 -9999 -9999 -9999 -9999 -9999 -9999 -9999 -9999 -9999 0.433413292649627 0.43172636840557 0.437843669277686 0.435202560333369 0.41601815407254 0.346042153092786 0.256960352882892 0.215329763299982 0.174081984747717 0.147485119736894 0.13737162226115 0.150814516372665 0.141446534822749 0.103949898039851 0.175603044656388 0.24963750995361 0.27593524976073 0.294918644183033 0.315220884476457 0.332554048786294 0.346157459691748 0.352898410766238 0.351091729271165 0.348014559263588 0.345209335053358 0.34331582280399 0.342658045595169 0.344496665604927 0.345564422274639 0.347143412793219 0.352039000068708 0.355305693531523 0.357377589608594 0.358894210217521 0.36041913406186 0.362255239345388 0.364851436129739 0.367444734806115
-9999 -9999 -9999 -9999 -9999 -9999 -9999 -9999 -9999 -9999 -9999 -9999 -9999 -9999 -9999 -9999 -9999 -9999 0.464906265898289 0.447741694437811 0.446942891453292 0.436721912056343 0.402033989596659 0.325575427861517 0.232707011494247 0.179656265212706 0.150663099057859 0.155526456363002 0.173731202911127 0.190792636313421 0.210776247093846 0.211836633143432 0.243428536017266 0.270749726017794 0.287940048410306 0.303000535491887 0.32101477160806 0.335877517815892 0.345966424632163 0.351797058051442 0.350328228635344 0.347586845724829 0.343788543987076 0.338256427125721 0.331832623869967 0.330610893920053 0.334569171856995 0.338786418760253 0.345169103825156 0.348618881761129 0.349463656730133 0.350468086539677 0.351719491117775 0.354095480825345 0.357846139479442 0.36104521893234
-9999 -9999 -9999 -9999 -9999 -9999 -9999 -9999 -9999 -9999 -9999 -9999 -9999 -9999 -9999 -9999 -9999 0.478962838582106 0.46381979790786 0.447334093511047 0.449106197080553 0.433805830416804 0.3835370929693 0.295701751378741 0.217301183714235 0.208591065737476 0.199522545144647 0.149776784568477 0.177180453348227 0.24493988736202 0.248173310255979 0.245783974321531 0.257291908122453 0.273302225542944 0.290478357322146 0.307521557706368 0.325179063412497 0.33844685918841 0.348065028348711 0.351131644583815 0.348838123677411 0.34588866140901 0.340234621699852 0.332614507819856 0.32521118532124 0.321168045237629 0.323436161138352 0.328622710497322 0.333338481122534 0.336210338345926 0.337902060651219 0.338753777001772 0.340054567627995 0.34275606787754 0.345858616638155 0.346754441256835
-9999 -9999 -9999 -9999 -9999 -9999 -9999 -9999 -9999 -9999 -9999 -9999 -9999 -9999 -9999 -9999 -9999 0.479398696537944 0.466498888471053 0.44781377114428 0.445530211583181 0.428713085550874 0.364770871563022 0.277277197043726 0.198280976296103 0.180555308659092 0.237074876953774 0.220852074166969 0.171993617455335 0.240723891593322 0.313955608553631 0.318069889238445 0.300154630050776 0.288903910745386 0.301867216286965 0.315464486926373 0.329197861099236 0.34027773274427 0.348524001532579 0.349832805986608 0.346869357810594 0.343334606454152 0.334918550984353 0.324513834764699 0.317743282795873 0.312813987322983 0.312714232941038 0.316694290499622 0.320799795507074 0.323483153943413 0.325808108199462 0.327519787966363 0.327148452200536 0.326016998237201 0.32590149361446 0.327725628888681
-9999 -9999 -9999 -9999 -9999 -9999 -9999 -9999 -9999 -9999 -9999 -9999 -9999 -9999 -9999 -9999 -9999 0.483406103329567 0.468531240268852 0.455885784830057 0.449564378951528 0.430545799879066 0.368961282895129 0.280528334650238 0.210017908529248 0.192104131470065 0.241924503968777 0.255474572590105 0.196647970532922 0.227626057762384 0.294388034509797 0.296057911582204 0.30676345360391 0.303916343750755 0.305179173138263 0.319110999408351 0.333300423529414 0.341234629585397 0.346552339644294 0.348030561150302 0.344533908643445 0.34084778580383 0.335601943856892 0.329276575509271 0.320931476018813 0.312437464362139 0.309081136222709 0.309910760383175 0.310964373907253 0.312368951943846 0.314888444575759 0.316410114048704 0.314960361635055 0.313536015416492 0.313545813609358 0.315153351402865
-9999 -9999 -9999 -9999 -9999 -9999 -9999 -9999 -9999 -9999 -9999 -9999 -9999 -9999 -9999 -9999 0.489469359864031 0.472629083008586 0.453368939741565 0.458520952464336 0.456982639018579 0.434029189131715 0.379079181650091 0.302018118234798 0.241080161179124 0.240056222030604 0.268007111344727 0.277087416237685 0.29010810600906 0.284560823873798 0.292637084411527 0.306753240282977 0.296743634523464 0.307389742558625 0.330392830042448 0.335718006578827 0.342323942351335 0.342004766475493 0.339894315613405 0.33888115561176 0.337204501250365 0.335840630226748 0.331449483501312 0.326199109759622 0.318936270718326 0.306770898449491 0.298842450383869 0.297856983379152 0.297870188265231 0.299804448787117 0.300651298177934 0.299480374397554 0.298221854473491 0.29601910070041 0.293106621170272 0.286917906132475
-9999 -9999 -9999 -9999 -9999 -9999 -9999 -9999 -9999 -9999 -9999 -9999 -9999 -9999 -9999 -9999 0.489549180289631 0.463070284634271 0.431116144532134 0.448394723460638 0.462576228543107 0.437856707673732 0.397062480259479 0.311797310313786 0.230422452736081 0.239036976827278 0.252650311390302 0.267245331970281 0.296773013713781 0.297414059383887 0.313734553583834 0.323014237049419 0.284750567321324 0.28823239596551 0.336911674972996 0.344808114390487 0.34687297223761 0.343942127615067 0.340311147664719 0.336552451619396 0.333325645771021 0.330327228945074 0.326724801746276 0.320416541123517 0.311569647398391 0.302089460842894 0.296108300338992 0.292553133393404 0.28898321377344 0.288831713456751 0.287379307759653 0.285170021396616 0.284244075565121 0.284093039609285 0.285236086595836 0.279894698475738
-9999 -9999 -9999 -9999 -9999 -9999 -9999 -9999 -9999 -9999 -9999 -9999 -9999 -9999 -9999 -9999 0.495421562528721 0.456678684598544 0.399445080891125 0.413886809026162 0.452442233755188 0.430195102559383 0.388341668332642 0.316379122682647 0.217032686526492 0.174170115966752 0.21927427171535 0.276679366755809 0.291639739586632 0.298139520864284 0.320957281253869 0.354190174753127 0.360575815855183 0.355065329447328 0.349397112961497 0.350447780946254 0.354687923903483 0.350895007365348 0.345510179439394 0.339775100178983 0.335197358143025 0.329340571459372 0.324289128660369 0.31472379486427 0.303404329853949 0.294574675634506 0.287996588495623 0.289875701721277 0.293833359419397 0.292932846455158 0.285743369209886 0.279080243320368 0.275998804324392 0.277357336976473 0.28224037701825 0.282921212881091
-9999 -9999 -9999 -9999 -9999 -9999 -9999 -9999 -9999 -9999 -9999 -9999 -9999 -9999 -9999 -9999 -9999 0.485878702822098 0.46166591699303 0.462784834906976 0.449425425318154 0.418718503515634 0.371151947342969 0.326455475802193 0.296088297057682 0.23852491772531 0.226418644767155 0.284782629639087 0.297547374678984 0.305533187568221 0.306110702540484 0.321062522521018 0.356485969223285 0.362482307210782 0.341853641684273 0.333094736198269 0.344523132051088 0.352930750052363 0.348892227194474 0.342327215743561 0.334717735522506 0.329396302711315 0.323285624524232 0.315070391797795 0.302100945738784 0.289551932802654 0.280388634086972 0.274714869157505 0.278068843964837 0.28134081810889 0.279853263433409 0.27702814501193 0.274607148794177 0.275211261696363 0.278765613791653 0.281976607709354
-9999 -9999 -9999 -9999 -9999 -9999 -9999 -9999 -9999 -9999 -9999 -9999 -9999 -9999 -9999 -9999 -9999 0.47847344764277 0.47451987562789 0.470194041058648 0.458847328389077 0.424941288668289 0.365308768931158 0.306655428541783 0.29799604438924 0.263755165358245 0.245065236747247 0.297089068574669 0.313476276813805 0.329621116268589 0.337675263482201 0.346454868217251 0.355054734199377 0.360346169017752 0.360916666094526 0.355154542180227 0.35005817037349 0.344645916359773 0.340063562160514 0.342029342453647 0.340524041610317 0.330976726385696 0.322176402211529 0.314214491733114 0.304645893254852 0.29352324912947 0.280830838526978 0.273420024868367 0.275310236713325 0.275007809336026 0.267070597737591 0.264422553979282 0.26922418887951 0.275399404813621 0.282086698835491 0.288030430629016
-9999 -9999 -9999 -9999 -9999 -9999 -9999 -9999 -9999 -9999 -9999 -9999 -9999 -9999 -9999 -9999 -9999 0.479563767630131 0.477432929816137 0.474536765959771 0.465602866939463 0.436248893166179 0.396659618847862 0.345868913248917 0.31476447573364 0.270790051073787 0.244988251644281 0.306442397272093 0.322799411248185 0.326272673760478 0.339819875425089 0.338697931620233 0.349836690492057 0.363754968523648 0.365583045298038 0.364564102663367 0.357601663024008 0.351148286158228 0.345368051147532 0.341127194918693 0.339833436047582 0.332827676623756 0.322437642824297 0.313882369760401 0.303590290902468 0.291277094441249 0.280440087478599 0.272107913708787 0.268150222436948 0.264489291059435 0.258343106693437 0.257483667769399 0.261714216938449 0.268805430112324 0.278312726182184 0.285372783589707
-9999 -9999 -9999 -9999 -9999 -9999 -9999 -9999 -9999 -9999 -9999 -9999 -9999 -9999 -9999 -9999 -9999 0.493217588782679 0.485538558991895 0.492889774632873 0.487388377340237 0.453245503993606 0.404874043074507 0.351011388905473 0.304448546347823 0.287818050506077 0.265939536476389 0.26196607321342 0.302736477987437 0.324090060308686 0.333946462341498 0.340286964285403 0.352940951965463 0.366275067333199 0.374306399778181 0.37240581454292 0.364791595954045 0.361329301777024 0.35822302501608 0.348215274912482 0.34072366613017 0.334456988950017 0.323079123291219 0.313519269382047 0.303375415747331 0.290054829410895 0.278613417023095 0.268808019561624 0.258202495617482 0.251190708836744 0.247557756833629 0.248456750318164 0.25361792093294 0.259923358966385 0.269545778014502 0.276632092303612
-9999 -9999 -9999 -9999 -9999 -9999 -9999 -9999 -9999 -9999 -9999 -9999 -9999 -9999 -9999 -9999 -9999 0.527329788050283 0.52106623253306 0.512710173716185 0.49985755076086 0.472863088424504 0.417955030670732 0.343730391110128 0.296403053827802 0.295368111944946 0.282708036449621 0.268687071278348 0.30029189402172 0.319848093658368 0.331669283801572 0.34418258112978 0.361481788526368 0.380673559206764 0.382568569164736 0.368417981082523 0.358698461352023 0.358356946897103 0.357867074320312 0.357009007319232 0.349778431101174 0.339392934736608 0.328859866913139 0.318686018165964 0.305987820538143 0.290465787750548 0.278964854510432 0.269420763648985 0.258668322851538 0.251102245133865 0.247461225961039 0.246509263004355 0.248902116319457 0.254765356238307 0.263898735320542 0.27307186175583
-9999 -9999 -9999 -9999 -9999 -9999 -9999 -9999 -9999 -9999 -9999 -9999 -9999 -9999 -9999 -9999 -9999 -9999 0.526387570650197 0.515505945050795 0.504023389259972 0.479934404633554 0.418461208664154 0.345338427617489 0.314347628012419 0.298856598344511 0.286721263462806 0.295040502922162 0.321974661301302 0.347369939446479 0.369415079070381 0.370180651249931 0.371732755791878 0.37826233279178 0.361413031378097 0.347315839752378 0.361940436439638 0.376086659384473 0.37366784277161 0.356833242603974 0.345816021661223 0.337601076280356 0.329967117562462 0.325092912176874 0.312382713222865 0.29372286108824 0.281537859173127 0.271107281149976 0.259202660791469 0.250813899175272 0.24550608012187 0.243924870952003 0.247313437370763 0.252872482926313 0.26093756590385 0.269704829115249
-9999 -9999 -9999 -9999 -9999 -9999 -9999 -9999 -9999 -9999 -9999 -9999 -9999 -9999 -9999 -9999 -9999 -9999 0.527617769773768 0.519110301405578 0.50590744045756 0.487544258361824 0.439598727935789 0.375509986215115 0.35168517880873 0.334080076833985 0.322751338621594 0.327201953900591 0.346429003143359 0.377053556811732 0.395007951413755 0.40193768916633 0.401441247565677 0.389141024280141 0.363901837143395 0.353574553842361 0.365251030191348 0.378773747027486 0.382388009404297 0.374350058597068 0.361118561691086 0.344892131547013 0.334079360277544 0.327454542418909 0.318943926955473 0.302588422557119 0.288763025830707 0.278003548357875 0.266241343658335 0.258250171103808 0.253206814662185 0.249989156882434 0.249833201806277 0.252297848500444 0.258521031002023 0.266699332706167
-9999 -9999 -9999 -9999 -9999 -9999 -9999 -9999 -9999 -9999 -9999 -9999 -9999 -9999 -9999 -9999 -9999 -9999 0.548175157438485 0.544590580676832 0.524920216494659 0.487011616564876 0.45290583955997 0.397671020830308 0.356390312397362 0.363381653401902 0.370264489399137 0.369339794674129 0.36753112420881 0.395389136339645 0.417038115812195 0.416005220160039 0.399418930678333 0.386682723607357 0.374154953427099 0.367407436624134 0.370963122224907 0.375519546096638 0.381143488521389 0.381633528945403 0.378638355074688 0.361508819243023 0.341684188210049 0.331369229533318 0.32186369321758 0.309921786541267 0.300234221092969 0.290189154106339 0.27602519149932 0.266173168289412 0.25920458696345 0.253129788920501 0.250194702995839 0.250989570363935 0.256792235040814 0.261453862546691
-9999 -9999 -9999 -9999 -9999 -9999 -9999 -9999 -9999 -9999 -9999 -9999 -9999 -9999 -9999 -9999 -9999 0.542736803928952 0.551971226955859 0.55341836224965 0.536531391413725 0.495073601707215 0.473056729227334 0.442743271593532 0.388203301929997 0.392827202791691 0.39736907153315 0.383721560886866 0.381803013921504 0.410059251658131 0.427046375058179 0.411080305913146 0.394370017317642 0.383067406345968 0.369906837644633 0.365055914460667 0.369576417049409 0.377288604738673 0.382972517980735 0.381746440951211 0.378665009483041 0.366806533599408 0.350289186891669 0.340397903065033 0.329865154770105 0.315526330605395 0.30473365177887 0.295406087580173 0.28314214625979 0.271521107313406 0.262975659410464 0.256118996126469 0.25192431511171 0.251777519275331 0.257051864549341 0.267229749125083
-9999 -9999 -9999 -9999 -9999 -9999 -9999 -9999 -9999 -9999 -9999 -9999 -9999 -9999 -9999 -9999 -9999 0.524900018367849 0.540055982224623 0.550806393649793 0.54463288770786 0.52477556042152 0.47196408806785 0.424582450399106 0.397193776757041 0.383549236286851 0.406564250751969 0.419124762904425 0.414706958155598 0.418982031347577 0.399475797905382 0.37573437413563 0.367877373664413 0.360619570279757 0.35345338065116 0.354058961042821 0.363112846333013 0.374735588509221 0.379066221647789 0.377661635087639 0.376468253013089 0.374839656919898 0.366105495540525 0.357349980316113 0.352063478258694 0.339180287143442 0.32339895420074 0.305632024487884 0.290285394362492 0.282477980336054 0.274382313876513 0.264879990272878 0.259224433959995 0.257780376781074 0.261784131825784 0.270049112936623
-9999 -9999 -9999 -9999 -9999 -9999 -9999 -9999 -9999 -9999 -9999 -9999 -9999 -9999 -9999 -9999 -9999 0.531348302147293 0.545073450544697 0.573092522919419 0.570917715189569 0.565049629438678 0.539884710964842 0.470704751506736 0.402872121601095 0.379193039024222 0.402600696651111 0.435831195457394 0.422713608038795 0.418180305855151 0.395774270569972 0.368922996040236 0.362912160020747 0.356266031882926 0.351890761393189 0.356177380000053 0.366726494850875 0.380767094794832 0.38578106659431 0.384700626477107 0.38547200379048 0.383912631075107 0.376561858927709 0.36443764559392 0.350135146851138 0.339964778889986 0.329444098431829 0.314428489720869 0.301841148499572 0.293303526528511 0.286103960312054 0.277362756433624 0.270189492283216 0.26632165237 0.2689566860271 0.275602351904722
-9999 -9999 -9999 -9999 -9999 -9999 -9999 -9999 -9999 -9999 -9999 -9999 -9999 -9999 -9999 -9999 -9999 0.568357228571636 0.58053749382103 0.595372851632808 0.580097903482695 0.517431826236573 0.458829301960339 0.441167053555633 0.401480375333083 0.401723317954082 0.43837626292917 0.458423767858978 0.463636763734755 0.435927537321457 0.39929564903246 0.385643265523994 0.379469410376175 0.366616583013712 0.361489231973544 0.369831151574303 0.378259598129306 0.384730983022917 0.385164397934796 0.381233337792771 0.378430130895876 0.377362850247428 0.37571879706916 0.369456854988625 0.356980974156532 0.34793390260641 0.344870260376315 -9999 0.313734320301727 0.301501619578561 0.293758498401324 0.285659084555981 0.280295396631808 0.277352244368809 0.277597374545315 0.279887850059942
