layers/veg/veg2100.asc
NCOLS 255 
NROWS 330 
XLLCORNER -2985163.8955 
YLLCORNER -3022031.214 
CELLSIZE 25000 
NODATA_value -9999 
[rows 208 to 233 of 330, columns 58 to 115 of 255]
-9999 -9999 -9999 -9999 -9999 -9999 -9999 -9999 -9999 -9999 -9999 -9999 -9999 -9999 -9999 -9999 -9999 -9999 -9999 0.384900262649689 0.322951104306427 0.248915004095227 0.0352728193672034 0 0 0 0.0150417431935718 0 0 0.104444316075859 0.182740614127019 0.170708629184143 0.108836044258469 0.159308191251162 0.149348305243943 0.140932226222745 0.13731879451188 0.123360037247244 0.0997575554926038 0.102373809410051 0.100407264934604 0.0897306812986285 0.0480714961014743 0 0 0.00155917993176912 0.0265295289984646 0.030575189020824 0.0298358797114895 0.0279326160026846 0.0261200553067722 0.0226108140582154 0.0187847791459787 0.0144643647629037 0.0099056371753267 0.0086302788036193 0.00790128113543125 0.00707626024221572
-9999 -9999 -9999 -9999 -9999 -9999 -9999 -9999 -9999 -9999 -9999 -9999 -9999 -9999 -9999 -9999 -9999 -9999 -9999 0.376245535100385 0.338355081844644 0.28060242428553 0.083533845976217 0.0186695090485739 0 0 0.0467578688491128 0 0 0.107156005479376 0.192681568701757 0.190440203417298 0.177429450550052 0.159851879476437 0.151777584978901 0.138452327284079 0.132208081045043 0.128416446606775 0.108664362797585 0.101216257683401 0.0928682755753683 0.0831247677154648 0.0543782701061571 0 0 0.00476840807580184 0.0280826456992875 0.0295934429629151 0.0289202486744514 0.0269600833061662 0.0252004823772123 0.0216850180404439 0.0183353631100219 0.0143038340782013 0.00868516679877392 0.00823969508024012 0.0080207118046847 0.00696484210620272
-9999 -9999 -9999 -9999 -9999 -9999 -9999 -9999 -9999 -9999 -9999 -9999 -9999 -9999 -9999 -9999 -9999 -9999 -9999 0.354107185020777 0.315295554820515 0.251866338690784 0.110187510143423 0.0251026246356979 0 0 0.0267519796646683 0 0 0.113619226014536 0.198013398508398 0.192089098151604 0.178627641888287 0.165414353730538 0.153681297355931 0.142240957675176 0.123498667860453 0.125888599208481 0.104490311456671 0.0899455871295084 0.07695887396051 0.0700861534726249 0.0443807736610954 0 0 0.0175609794678303 0.0276192703038472 0.0295060530134518 0.028862474427824 0.0265926218146947 0.0248467286144577 0.0212804330695237 0.0179175225033777 0.0139555221782754 0.00935763548206469 0.00671179371433419 0.00684957057730913 0.00617040333569318
-9999 -9999 -9999 -9999 -9999 -9999 -9999 -9999 -9999 -9999 -9999 -9999 -9999 -9999 -9999 -9999 -9999 -9999 -9999 0.381269761797324 0.327539025696348 0.226441849518034 0.11307636262174 0 0 0 0 0 0.0120122752749926 0.119481232553305 0.200507539448796 0.191524016542352 0.178222143753838 0.166831484676031 0.155091767094671 0.143857098948867 0.116204356113635 0.119144950231496 0.0965072758528721 0.0676032713355878 0.039315441712952 0.0370154099860883 0.0343243439053956 0 0 0.0155158498194079 0.0222599308673324 0.0302547866048694 0.0303424112073631 0.0275852499346128 0.0251579319933891 0.0213991257201837 0.0174200697629428 0.0129157189375852 0.010149706966779 0.00531096317046578 0.00432309506324123 0.00449317258132534
-9999 -9999 -9999 -9999 -9999 -9999 -9999 -9999 -9999 -9999 -9999 -9999 -9999 -9999 -9999 -9999 -9999 -9999 -9999 0.378872477034898 0.364849929721801 0.34654503742508 0.217559276274796 0.0527981659524737 0 0 0 0 0 0.136276045683656 0.200408977131368 0.189625237893478 0.176284353830419 0.166562844793005 0.156484007262774 0.14725095939564 0.111181728583675 0.107327735228593 0.0843577378756331 0.0279700226879048 0 0.00405905997230058 0.0238536226372718 0 0 0.0131568050440953 0.02316133127612 0.0313639820146229 0.0329318208189566 0.0301080075773034 0.0263065548393697 0.0219531197137805 0.0173727886828798 0.0121641456137244 0.00985484885517124 0.00494633366247657 0.00186044829703303 0.00269498400578167
-9999 -9999 -9999 -9999 -9999 -9999 -9999 -9999 -9999 -9999 -9999 -9999 -9999 -9999 -9999 -9999 -9999 -9999 -9999 -9999 0.371085534031171 0.348169835630797 0.270608775096093 0.0383543010583172 0 0 0 0 0.000428037833273307 0.147142331302775 0.197817417699782 0.187112848635079 0.174736857540459 0.165882852323485 0.157560119329919 0.149618742367961 0.120995843495466 0.0929897074928197 0.066663919902208 0 0 0.0129115957061669 0.0138790542179921 0 0.0040277949688727 0.0206279500095797 0.0287730713473658 0.0343127644310684 0.0345688969763609 0.0319163270732159 0.027906206568224 0.0229209994629852 0.018142141708533 0.0135881699288545 0.0102419613946264 0.00486996658784745 0.00114843998289913 0.00187005512675826
-9999 -9999 -9999 -9999 -9999 -9999 -9999 -9999 -9999 -9999 -9999 -9999 -9999 -9999 -9999 -9999 -9999 -9999 -9999 -9999 0.398486839109886 0.343888922983043 0.274290450863259 0.168102074729738 0.0242953739628258 0 0 0 0.0585981656643736 0.138321820350895 0.193560427650088 0.184761959008245 0.173818112905718 0.165205210438282 0.157462323266988 0.150429361375673 0.127727535335577 0.0951318922969357 0.0666498149813443 0.00258898898005933 0.0175977409811912 0.0220126059171507 0.00364035639425648 0 0.0153504524316726 0.0311525741571707 0.0327768347425935 0.0356051957872045 0.0361388190426315 0.0337057363801513 0.0293183541589809 0.0239236060117546 0.0176754117923609 0.0122668574797084 0.00949615326188881 0.00566571380831276 0.0017000106978603 0.0010744880243339
-9999 -9999 -9999 -9999 -9999 -9999 -9999 -9999 -9999 -9999 -9999 -9999 -9999 -9999 -9999 -9999 -9999 -9999 -9999 0.390854159693531 0.386078054359655 0.308532548643162 0.234623317634737 0.126067702220124 0 0 0 0 0.103966907606268 0.157995413417569 0.186013189612488 0.18086012648096 0.173360594592078 0.165643285042387 0.157430942550144 0.151045791356254 0.128618410425203 0.110917998886371 0.0838771837235095 0.0351469427069075 0.0432048700064314 0.0388407618376899 0.0238025199758523 0.0268111630979698 0.0314088974930322 0.0411464694951359 0.0403445578076522 0.039316942850664 0.0392635909661235 0.0357212674604874 0.0309984761304587 0.0243708336177826 0.0176208446541819 0.0119632325366142 0.00868854434661158 0.00468522088234268 0.00167270464745078 0
-9999 -9999 -9999 -9999 -9999 -9999 -9999 -9999 -9999 -9999 -9999 -9999 -9999 -9999 -9999 -9999 -9999 -9999 -9999 0.406210228994663 0.384170176896537 0.328397234842622 0.267789983475719 0.205035225773383 0.0617990054078107 0 0 0 0.16566036788786 0.172330258457544 0.160320588334947 0.16725391722891 0.172981842347836 0.168755150361077 0.159216599057981 0.15213797091634 0.133151564162578 0.127141887984507 0.101259070691421 0.0673098182281833 0.0594962618385532 0.0558619996522045 0.0490255647910612 0.0456985148118424 0.0449243777852045 0.0496152870116918 0.0468998017418973 0.0423819015390595 0.0426608635201564 0.0378527459626721 0.0317864256770045 0.0243522204519463 0.0177877258397125 0.0126388421736642 0.00875195380504649 0.00521836726480441 0.00239311432988119 0
-9999 -9999 -9999 -9999 -9999 -9999 -9999 -9999 -9999 -9999 -9999 -9999 -9999 -9999 -9999 -9999 -9999 -9999 -9999 0.436587195182195 0.391676661854255 0.378389337662183 0.327501731531662 0.267462503451034 0.128911662704254 0 0 0 0.167570642557656 0.172743946297471 0.138239246990774 0.155433949238337 0.169225881576321 0.170859129456114 0.161044624558494 0.153660054293635 0.142182380738522 0.133969120219969 0.107895421597977 0.0766620792216857 0.0681936410725433 0.0664833352474646 0.063100211726146 0.0575589489377162 0.0546990625546907 0.0556733391120055 0.0519429314445442 0.0456854179415916 0.0448444431960089 0.0394121783728906 0.0321713132800147 0.0246106125555858 0.0181947729963956 0.013481167215357 0.00915543380831603 0.00552603143460685 0.00242296268721317 2.63064240961299e-05
-9999 -9999 -9999 -9999 -9999 -9999 -9999 -9999 -9999 -9999 -9999 -9999 -9999 -9999 -9999 -9999 -9999 -9999 -9999 0.44345069833733 0.393409113255178 0.387539157401482 0.347508358577299 0.253753559017134 0.0812566845425571 0 0 0 0.155825085708885 0.161838937665153 0.135595202112095 0.159534672802143 0.16863718116843 0.170939708839029 0.163178688913421 0.155706524752083 0.145534128546055 0.133826614044454 0.107936163810538 0.0816525400195526 0.0738600427019308 0.0721923788490264 0.069521297219462 0.0674089870683724 0.0626036805983142 0.0598045363438625 0.0557150284535593 0.0494611359260383 0.0462929049453258 0.0401573799985144 0.0326274562195797 0.0254908598080055 0.0193566975528565 0.0143491561558204 0.0101540849410128 0.00657743795462099 0.00291874691547297 0.000541460684963015
-9999 -9999 -9999 -9999 -9999 -9999 -9999 -9999 -9999 -9999 -9999 -9999 -9999 -9999 -9999 -9999 -9999 -9999 -9999 0.44383151351302 0.412209313787444 0.362608213079968 0.349947628818243 0.233663929570046 0.0341177615658441 0 0 0 0.120694299692156 0.137407631653705 0.137010648626135 0.158814702541904 0.169547156500731 0.172655969699404 0.165737438440308 0.158011693806891 0.148432334633128 0.136571763490719 0.103896533758171 0.0894007587604084 0.0838568329708605 0.078994847034741 0.0756365677047256 0.0730183134995045 0.0677152400957564 0.0633410988893614 0.0581828916534894 0.0524184542658444 0.0479947395039777 0.0406606116526193 0.0334366813599626 0.026943097279466 0.0212040112611832 0.015246408317513 0.0116276631577461 0.00824083736937713 0.00442777955336735 0.00187793444904363
-9999 -9999 -9999 -9999 -9999 -9999 -9999 -9999 -9999 -9999 -9999 -9999 -9999 -9999 -9999 -9999 -9999 -9999 -9999 0.42961298051607 0.412641476499431 0.357223974316114 0.34176920480607 0.280335335710671 0.110764473166543 0 0 0 0.0703256651545381 0.10627140153846 0.140320466093984 0.16305296945902 0.171967083776804 0.175106047593252 0.167693247267872 0.159570510935995 0.150667757577793 0.139230505945971 0.100657649691973 0.0961611560082548 0.0904504691369001 0.0846024157727533 0.0805105887232863 0.077049188252162 0.0710574207274609 0.06604574040816 0.0601073698338716 0.0544677285299423 0.0492826202837796 0.0419344129473802 0.034794960931891 0.0286353396652475 0.022971105351403 0.0162750877089587 0.0131549774026756 0.00955831464091702 0.00629746322713753 0.00389957587300802
-9999 -9999 -9999 -9999 -9999 -9999 -9999 -9999 -9999 -9999 -9999 -9999 -9999 -9999 -9999 -9999 -9999 -9999 -9999 0.433163071082709 0.421013724563828 0.398068509487955 0.371705544669004 0.282263602708082 0.107154931720602 0.111667711770447 0 0 0.0508774490280722 0.0938057199477055 0.140566071917039 0.172868655631099 0.177609006635358 0.177824088008384 0.169453782881077 0.161273809269809 0.152635037497753 0.141721961782388 0.11056374576287 0.102792653897452 0.0966498497131193 0.0904948322224827 0.0855006764751856 0.0814651155946873 0.0755558518807431 0.0697270380078332 0.064080607742979 0.057325116874996 0.0517134015311932 0.0439789850907414 0.0366893484393183 0.0301283290471067 0.0242035010760358 0.0179708846325188 0.0148171754972697 0.0112065023478644 0.00803783858997218 0.00488446455134177
-9999 -9999 -9999 -9999 -9999 -9999 -9999 -9999 -9999 -9999 -9999 -9999 -9999 -9999 -9999 -9999 -9999 -9999 0.452500470417948 0.442795034815774 0.41533108275019 0.391680019808995 0.374325833330803 0.209656248536496 0.122216121452942 0 0 0.0134646980063093 0.0932485062304863 0.120313362319652 0.138409897486863 0.167906842130841 0.179161280719594 0.180541213092025 0.172001797757593 0.163576191030184 0.154902574942391 0.144029038281965 0.124436886316879 0.111058629220604 0.102431537561531 0.0955758098060545 0.0896474151196535 0.08310216393362 0.0765709343945905 0.0722950246001698 0.0668393281592181 0.0602738773501883 0.0543723052720126 0.0465436455493814 0.0391853036706313 0.0320904257980077 0.0258032055881164 0.0179625645842156 0.0161500755995379 0.01238934195671 0.00989218651683373 0.00747335942822455
-9999 -9999 -9999 -9999 -9999 -9999 -9999 -9999 -9999 -9999 -9999 -9999 -9999 -9999 -9999 -9999 -9999 -9999 0.466513902256666 0.447887694865084 0.415357210027733 0.389483980179835 0.359617465599053 0.187701799036782 0.162263247765168 0 0.00955307215795791 0.103229543882726 0.131337159472847 0.138410667844466 0.129925688697177 0.132316236606403 0.166360945917156 0.183578695314253 0.176097015444582 0.166584769071835 0.157698553883519 0.146510810420522 0.13355835783975 0.118139429700273 0.106999395142447 0.0992288807768262 0.0927602025577123 0.0850481490251536 0.0780853200760791 0.0742906007149168 0.0684948307496063 0.0616876563450732 0.0561871034116738 0.0487676605894584 0.0414544172861458 0.0345099644575951 0.02825200224544 0.0216668489173613 0.0186081083808315 0.0143973248747517 0.0114755344951753 0.00911890314453311
-9999 -9999 -9999 -9999 -9999 -9999 -9999 -9999 -9999 -9999 -9999 -9999 -9999 -9999 -9999 -9999 -9999 -9999 0.466730815200716 0.44306462183483 0.424312189329696 0.400903667700224 0.337663207714578 0.187545588120057 0.120776526856182 0 0 0.117420640153989 0.148935627536367 0.143986143306793 0.126362799650563 0.114221983293075 0.162982590073064 0.188006006778557 0.181004591460226 0.170501567064746 0.161179097782783 0.149676364111955 0.137470061451374 0.122897813322328 0.110962434752352 0.102126046773763 0.0944873293830508 0.0870206454336003 0.0801089885264223 0.0761999160487561 0.0696140374055797 0.0631033293666407 0.0578021015085348 0.0511184955974285 0.0439111111205798 0.0371161802753428 0.03103097191096 0.0253722461802345 0.0215571385794842 0.0168760267459403 0.0130886514333641 0.0106118302934301
-9999 -9999 -9999 -9999 -9999 -9999 -9999 -9999 -9999 -9999 -9999 -9999 -9999 -9999 -9999 -9999 -9999 0.503608568144472 0.470067968437068 0.454514716833506 0.432283048690123 0.4124096068689 0.30636986581325 0.172500953939391 0.0703384266749372 0.0749914493440042 0.00888264244869554 0.127839484939434 0.158455817874576 0.133331185111942 0.0848789137122429 0.0815011908220822 0.127568686898122 0.180095660246401 0.183639226574279 0.17582973553897 0.165796111328125 0.153708634015379 0.141506699407713 0.127207552102358 0.114858933640572 0.10495210827396 0.0955095101688371 0.0882554404793342 0.0819474345197964 0.077183504749514 0.0701695951477812 0.0649752214108606 0.0591985665890745 0.0531113290999771 0.0459562856046863 0.0393800788607189 0.0334083950129302 0.0277743374975577 0.0236215162175461 0.0189151846205429 0.0148423070004708 0.0117435753788355
-9999 -9999 -9999 -9999 -9999 -9999 -9999 -9999 -9999 -9999 -9999 -9999 -9999 -9999 -9999 -9999 -9999 0.469242647039401 0.473940879825782 0.475780033516589 0.453624028683212 0.407266967669403 0.283789756155019 0.143076851550231 0.0426325348513681 0.099785403877727 0.0513387655601944 0.119254049072395 0.157049017601745 0.137101721204349 0.0665341829776973 0.024797631553613 0.0875502227096909 0.167456894912127 0.179060326451002 0.179481969124109 0.169803915658208 0.157001219314381 0.144159499962659 0.129915427552655 0.117068132289959 0.107333717573069 0.0974891984614946 0.0894943331499063 0.0837843582659369 0.0775577058969787 0.0708787656641011 0.0669740326355461 0.0611909107501095 0.054955197783794 0.0479252303165762 0.041538942334478 0.0355683721495813 0.0296862110253057 0.0255455725523184 0.020874877960753 0.0168050891473272 0.0134389493975388
-9999 -9999 -9999 -9999 -9999 -9999 -9999 -9999 -9999 -9999 -9999 -9999 -9999 -9999 -9999 -9999 -9999 0.478746745151785 0.45739907022092 0.461694435522716 0.452355169554728 0.399969564856281 0.298828951444258 0.153185852114259 0.0388702373169117 0.0603639371198907 0.0877836589445748 0.113735862942753 0.136470855993054 0.143659302844124 0.0788356488208709 0.0374914611018161 0.0940573954093065 0.159077543276165 0.174067101805618 0.180244936318129 0.174455681739991 0.161525501322205 0.148041792767645 0.133449156648466 0.120050813859219 0.111369495472274 0.100342379249469 0.0928982289125117 0.0862508645769292 0.0797677629533889 0.0736791133436918 0.0689622658378781 0.0645104921923054 0.0572168899204345 0.0503493182242505 0.0438731606948288 0.0377817978523367 0.0318046871717996 0.0277286377317746 0.0227473824142258 0.0185918082686446 0.0156215834674069
-9999 -9999 -9999 -9999 -9999 -9999 -9999 -9999 -9999 -9999 -9999 -9999 -9999 -9999 -9999 -9999 -9999 0.495307207900965 0.475891416127845 0.471003006878593 0.458355159365386 0.399334195680939 0.269528318907488 0.201735113698787 0.101070863235872 0.0869703378643998 0.118150706136175 0.141414776414471 0.116797238283937 0.14528285218028 0.101354830341929 0.0838669875911579 0.120826300852076 0.158823837360364 0.17025761828024 0.17627271380141 0.179763485569313 0.16684674915339 0.152787701928428 0.138170942908994 0.12382861874393 0.112819530108599 0.104913410248017 0.09581944267069 0.0883226790143858 0.0827960963360868 0.0781820234240218 0.0707662796407379 0.0666919583141218 0.0593868053190257 0.0523580063709221 0.0458113629158205 0.039524209065426 0.0334313747537352 0.029122226058923 0.0238736299867237 0.0198772344291288 0.0172239880023051
-9999 -9999 -9999 -9999 -9999 -9999 -9999 -9999 -9999 -9999 -9999 -9999 -9999 -9999 -9999 -9999 0.497386482488001 0.492579490753592 0.48713665246233 0.47918796865449 0.458107936291727 0.387789608145894 0.258495140753065 0.195980475749516 0.0988041654570805 0.0566421978587928 0.123640114656326 0.150144210258781 0.127022521397457 0.121206092056237 0.114269175656444 0.123708752064615 0.14447691872386 0.162525067431308 0.16931823069308 0.173394542203578 0.182021767268082 0.171962337610193 0.157482928226321 0.142598717463974 0.128918189275219 0.115662732285272 0.108709188710108 0.100703554128751 0.0920142351416997 0.0880698813623488 0.0811257888835134 0.0731825367246215 0.0680663350370639 0.0607842219105172 0.0541768309757743 0.0472072228848832 0.0401609464547714 0.034234774432749 0.0302028549204396 0.025380098706795 0.021659671345577 0.0186890809523607
-9999 -9999 -9999 -9999 -9999 -9999 -9999 -9999 -9999 -9999 -9999 -9999 -9999 -9999 -9999 -9999 0.522019018513874 0.500038902146567 0.495492651730727 0.484072307547353 0.455695926307827 0.375205484967328 0.25808562343615 0.211102856871779 0.114182824117127 0.117443170046896 0.10544887413683 0.114102508120989 0.1110991227181 0.0466305543053995 0.115566397156373 0.154554854318225 0.162565264822943 0.169282604149071 0.173259125395845 0.176167143717769 0.181093698162238 0.177030715769234 0.162286604349418 0.147058730927541 0.1338803252951 0.11999798943285 0.109989023007983 0.102845034319519 0.0937332177195969 0.0899940364316378 0.0832899588571699 0.0757030393090817 0.0714162010376199 0.0633478179773345 0.055923918067273 0.0486388159793231 0.0419272644663116 0.0358820861709565 0.0318690293171884 0.0275608270442014 0.0240308887596904 0.0203480621710558
-9999 -9999 -9999 -9999 -9999 -9999 -9999 -9999 -9999 -9999 -9999 -9999 -9999 -9999 -9999 0.531513254739634 0.529940415558514 0.523862959773776 0.509517896711145 0.488516352181094 0.451567240298159 0.344989522398516 0.22742261929246 0.19676583308556 0.098297770392974 0.0389368618789542 0.141544830091935 0.212908664969877 0.137987856784751 0.151075644814308 0.171205813492497 0.175126291152205 0.177998194984878 0.179698003275268 0.182025933938088 0.183854078044139 0.183456110291556 0.182201501041301 0.16765682280913 0.15301071406751 0.139506201229399 0.124034039026402 0.110588589124445 0.101065323691212 0.0937914964189708 0.0898461851878516 0.0847588482593114 0.079162996636794 0.0740749353001114 0.0656967983134845 0.0580780886208193 0.051543357431908 0.0451301074628333 0.0386528962583588 0.0337904760035307 0.0285296780828177 0.0243857948259587 0.0199153521124829
-9999 -9999 -9999 -9999 -9999 -9999 -9999 -9999 -9999 -9999 -9999 -9999 -9999 -9999 -9999 -9999 0.532302051404411 0.518598237601279 0.515241521382392 0.490940347079441 0.442474077996607 0.312355254158172 0.212561106159788 0.178782682840417 0.136730631342357 0.0879751753936617 0.149290139776076 0.232005609754351 0.192741668274238 0.189093458863983 0.168939681958756 0.181141013794789 0.18365163162381 0.189079637692122 0.190859737360081 0.191633157131222 0.194479435981139 0.187323101448852 0.173163581523175 0.159643775205133 0.145339092524576 0.125103910796553 0.111282561610765 0.102584735422941 0.0965167350810319 0.0902766108799443 0.0866858501407632 0.081873410322459 0.0767160079972646 0.0689286813951709 0.0616781567686286 0.0557168042736632 0.0480603825615468 0.0385031521327222 0.0331263651136933 0.0282959717285094 0.0250799325387952 0.0208559345031245
-9999 -9999 -9999 -9999 -9999 -9999 -9999 -9999 -9999 -9999 -9999 -9999 -9999 -9999 -9999 -9999 0.558742811495458 0.522866211631871 0.521042575140187 0.490654390011489 0.432162160092456 0.304826568351157 0.227031115119277 0.179469478414316 0.18347822084523 0.192911122111168 0.15265877756271 0.200840644211568 0.243487756243611 0.235853313610154 0.196626302060509 0.196405047469882 0.196951890864552 0.198395564391402 0.198421478095194 0.197119799895151 0.200476408883686 0.19209168160656 0.177746246689196 0.164356948331601 0.150031130697257 0.127286178621988 0.115544949379415 0.108245937033157 0.102306131610631 0.093868244186523 0.0893647568790341 0.0827026163161335 0.078602891964622 0.0719981716584652 0.06378921220683 0.0547543948360059 0.0460060341039119 0.0362435906616558 0.031336585542477 0.0272311402103915 0.0252627969499143 0.0215380394325492
