layers/veg/veg2200.asc
NCOLS 255 
NROWS 330 
XLLCORNER -2985163.8955 
YLLCORNER -3022031.214 
CELLSIZE 25000 
NODATA_value -9999 
[rows 225 to 249 of 330, columns 57 to 113 of 255]
-9999 -9999 -9999 -9999 -9999 -9999 -9999 -9999 -9999 -9999 -9999 -9999 -9999 -9999 -9999 -9999 -9999 -9999 -9999 0.447164880412288 0.436734876840482 0.4191516365107 0.390152778690733 0.305860501604947 0.178696338060852 0.0786491002321474 0 0 0.108290028817135 0.196485051699545 0.211993253909592 0.210414889476013 0.227270875225779 0.279834637104262 0.328018820949163 0.353162114786269 0.362207179036601 0.365534114712394 0.369334733218295 0.371948184082608 0.372357901635224 0.373752930155291 0.375628669679892 0.378052797445551 0.382231099153398 0.387165300806749 0.393182991826423 0.398358825494553 0.401767695210026 0.404084873535569 0.406449678696424 0.407639778872599 0.408858711094552 0.410339814895062 0.411413786461979 0.412190225320429 0.41298066421511
-9999 -9999 -9999 -9999 -9999 -9999 -9999 -9999 -9999 -9999 -9999 -9999 -9999 -9999 -9999 -9999 -9999 -9999 0.46453982985771 0.439761193067673 0.431321615535279 0.430207448750286 0.38499352448741 0.28219063058823 0.165266688632088 0.0939408706587342 0.0477975814916036 0.0520936480549803 0.140303609544757 0.197295347273556 0.214168639180207 0.18007598219124 0.150473163922466 0.216459185207058 0.302005644350292 0.345524275725815 0.363081053266063 0.36642493198103 0.3693220710316 0.370917136317099 0.370707452259012 0.371511567706997 0.372605575685559 0.374271178351226 0.377949065145749 0.382747198783251 0.387715338235584 0.392634571412873 0.397412311782463 0.399982000367328 0.4019241784422 0.403211283725705 0.4047833164531 0.406472206480066 0.407451113451685 0.408209576400999 0.409329992541539
-9999 -9999 -9999 -9999 -9999 -9999 -9999 -9999 -9999 -9999 -9999 -9999 -9999 -9999 -9999 -9999 -9999 -9999 0.468407705783044 0.441786070651339 0.429069315087812 0.430562209452205 0.366809158277974 0.282495853393707 0.185468903448134 0.0781799278610877 0.0872725525473176 0.114594170663632 0.127971752429209 0.181461886198184 0.21572102894359 0.19053306143197 0.182575538629632 0.238594485680326 0.293374350325685 0.335687210958613 0.360128137692714 0.367428459377921 0.369546260169105 0.370299829509431 0.36929126191498 0.367747597165856 0.368816114555934 0.372202376428905 0.374143957848438 0.377871450497731 0.383121651455679 0.388343500456738 0.392464404360158 0.394967934249145 0.397100113317471 0.398535782857845 0.40026454067211 0.401883780483634 0.4028682340332 0.403507848945576 0.404512869864211
-9999 -9999 -9999 -9999 -9999 -9999 -9999 -9999 -9999 -9999 -9999 -9999 -9999 -9999 -9999 -9999 -9999 -9999 0.443566740162712 0.435315737286681 0.438006065734766 0.431548213534145 0.379697684021288 0.294324383928787 0.214134782841063 0.131473016672765 0.106329825320508 0.129430251972708 0.140942646901753 0.174122628493518 0.211902731678518 0.194442213236584 0.191910881619728 0.246458919609536 0.297823042923538 0.33191384231728 0.356433736365261 0.367234009921122 0.369411874391648 0.369677508657485 0.368357029350319 0.367101109969358 0.368238078372387 0.370237413146063 0.372202939687114 0.37546176280074 0.379632362615491 0.385300227822503 0.388613685340254 0.390709053931662 0.393040783011902 0.394342886019611 0.396000296560589 0.397691376845022 0.398754710810097 0.399560026489311 0.400795524659346
-9999 -9999 -9999 -9999 -9999 -9999 -9999 -9999 -9999 -9999 -9999 -9999 -9999 -9999 -9999 -9999 -9999 0.446133212761575 0.440493192168 0.43417749725072 0.437753942553283 0.424698762436655 0.349154467915511 0.242821688416684 0.198046488097586 0.137541522179778 0.0888376625725689 0.113521118510918 0.149910868460242 0.166177078134626 0.16103490867459 0.183930210368522 0.230594115524122 0.269593920204975 0.29890333572138 0.327376573829811 0.350674465091897 0.366149257353467 0.370631828863438 0.369946391238608 0.368124623547705 0.366014791164944 0.365647888031545 0.367206057320323 0.369166213750322 0.370805678168963 0.374251495820469 0.379685835231098 0.382416909684767 0.384152861329889 0.386009568627027 0.387279381305601 0.388413042435525 0.389674190908414 0.390952786003601 0.392567552653126 0.394744144959853
-9999 -9999 -9999 -9999 -9999 -9999 -9999 -9999 -9999 -9999 -9999 -9999 -9999 -9999 -9999 -9999 -9999 0.439563599379554 0.437656035144124 0.443446931874788 0.439581376185392 0.418332218615424 0.344112457896855 0.2498845029546 0.205868644672774 0.163563490221067 0.136475660826048 0.125950944783102 0.140780924396055 0.13339150536528 0.0970991250228691 0.17404283308463 0.253867775011543 0.283478570069017 0.305035635175282 0.328042178110653 0.347419633433066 0.362612744459127 0.370740694460857 0.369697319884162 0.367163462364028 0.364944844120545 0.363476224158753 0.363154131177334 0.365387446189398 0.366669718645578 0.368333139552419 0.373300368566404 0.37646996621739 0.378241922788087 0.379197815242698 0.380121694246938 0.381225100580834 0.382793671419727 0.384415303967469 0.386528667007262 0.389347739713862
-9999 -9999 -9999 -9999 -9999 -9999 -9999 -9999 -9999 -9999 -9999 -9999 -9999 -9999 -9999 -9999 -9999 0.472754807299187 0.454406872928691 0.452871073174569 0.440866526443705 0.403184695570864 0.321630502731952 0.222526050193937 0.166495996969597 0.138338450901058 0.144699789955743 0.162953502577944 0.181500434758679 0.204860440858445 0.20878790539816 0.244367654725072 0.275951175014007 0.296283518756147 0.313947445280631 0.334808992129786 0.351827359674487 0.363578052865716 0.371009715292357 0.370525205837065 0.368534293283002 0.365514881583611 0.360457615791646 0.354317176849846 0.353553822770044 0.357964785195768 0.362467101044916 0.369081541608128 0.372512799708797 0.373059674190815 0.3735213905426 0.374174079398839 0.375822103416485 0.378541678639767 0.380727875746067 0.382523923255588 0.384548293150455
-9999 -9999 -9999 -9999 -9999 -9999 -9999 -9999 -9999 -9999 -9999 -9999 -9999 -9999 -9999 -9999 0.487924300750736 0.47193492546405 0.454525122156228 0.455518079658596 0.437979701756018 0.383757608864506 0.289407779502091 0.202296855505242 0.190896048281571 0.18431342774805 0.134260996333993 0.163804090168452 0.236426257165306 0.243389004503909 0.244188903788893 0.259188855322483 0.279287386132751 0.29980070066181 0.319723602095732 0.340484627983165 0.356094689629527 0.367609834114794 0.372493624544715 0.371427147808262 0.369480211337545 0.364844143743394 0.357869373502311 0.350926674546226 0.347470740184849 0.350300675811392 0.355939625383285 0.360959678179079 0.363885288866766 0.36537880457663 0.365746516786513 0.36648550877001 0.36847156239041 0.370481211413239 0.370210167662409 0.370800969428629 0.37425534748386
-9999 -9999 -9999 -9999 -9999 -9999 -9999 -9999 -9999 -9999 -9999 -9999 -9999 -9999 -9999 -9999 0.489221347336804 0.475585230465104 0.455893053084078 0.452663992507272 0.433513092058884 0.36506782361123 0.271097697181269 0.184460768304508 0.16330718542396 0.221753125397962 0.205795156855975 0.157457866953618 0.232123176693828 0.312255475931517 0.320043969519597 0.30466019068499 0.296620049032925 0.312875986341276 0.329357825837005 0.34623983722959 0.35976580353484 0.370061221002513 0.373386901112987 0.371859291349999 0.36953257056369 0.362303242026789 0.352658311861064 0.34655433321342 0.342372160809308 0.342882165653586 0.347366739835839 0.351849722029857 0.354649978039984 0.356864172430576 0.35820126850828 0.357267381046421 0.35531547297859 0.353996109831419 0.354654517954569 0.358039122469427 0.363876781790957
-9999 -9999 -9999 -9999 -9999 -9999 -9999 -9999 -9999 -9999 -9999 -9999 -9999 -9999 -9999 -9999 0.494679766567034 0.478526729577733 0.465147686580699 0.457807711732236 0.436510438244586 0.370713828110347 0.276359622353191 0.19973748606068 0.178750295353292 0.229583536583025 0.244125136751643 0.184972831084186 0.220096554869369 0.293333169970125 0.298512027700914 0.312762342505953 0.313411841156933 0.317541005424114 0.334405569865121 0.351834280859961 0.362185818992434 0.369554836135222 0.373208580242257 0.371268509556724 0.368925216837754 0.365149908058289 0.359866142072133 0.352233450215503 0.344453231667911 0.341642882416641 0.342885541878267 0.344220934914384 0.345711742214754 0.348166651170138 0.349382033442453 0.347410490228018 0.345229035332613 0.344103578422508 0.344557894818916 0.349283039613665 0.357182340822339
-9999 -9999 -9999 -9999 -9999 -9999 -9999 -9999 -9999 -9999 -9999 -9999 -9999 -9999 -9999 0.50178681939521 0.484141230859174 0.464192524750094 0.46942051821178 0.467220034525013 0.442136802150698 0.383578998327222 0.301618647253894 0.23577253447616 0.232734096331882 0.260838338419221 0.270524764276906 0.285459480506045 0.282247845445743 0.294232827487442 0.312075749089543 0.304694701904008 0.319193625272215 0.345785785052984 0.353711032116857 0.363309467200686 0.36517332340638 0.364953837395899 0.366195257745338 0.366307208709296 0.366541130030165 0.363852430928752 0.359834957986336 0.353424906805598 0.341901656363467 0.334347351033966 0.333641019443716 0.333794063500029 0.335768544778666 0.336522107849776 0.335097447455982 0.33352676839587 0.330754676004777 0.32681806559147 0.319308793630925 0.323749636798015 0.342765766743423
-9999 -9999 -9999 -9999 -9999 -9999 -9999 -9999 -9999 -9999 -9999 -9999 -9999 -9999 -9999 0.502736493779839 0.475342286374842 0.442624131098562 0.460604686426155 0.474909005212824 0.448288196696009 0.404696205040088 0.314546928271049 0.227845572403483 0.234949122524389 0.248187227154157 0.263559420204355 0.295551253327705 0.298642297451647 0.31900380441744 0.331669605551912 0.294834400840123 0.30172585439244 0.354814114276274 0.365338357141871 0.370200435962103 0.369377074221852 0.367651353103397 0.366168960092629 0.364800900743186 0.363474530017595 0.361758728926843 0.356752468107349 0.348742318122817 0.339968003103366 0.334314271451811 0.330722124180446 0.326847609311453 0.326436783309352 0.324791658182194 0.322512097922984 0.321633738885374 0.321375375649425 0.322043828475361 0.315651979832404 0.31097840061337 0.326891047003945
-9999 -9999 -9999 -9999 -9999 -9999 -9999 -9999 -9999 -9999 -9999 -9999 -9999 -9999 -9999 0.509704267649165 0.46968067362523 0.410932499364295 0.426119148885546 0.465845762563602 0.44196921289901 0.397405130001843 0.321062761164484 0.215572191944488 0.169015896300327 0.214651165228474 0.274438309383058 0.291644347369407 0.301140259907903 0.328461727987473 0.366000550160579 0.375381965482448 0.372827042221816 0.369466347358896 0.372819939651963 0.379883774819257 0.378153787230968 0.374635784593805 0.37116488867825 0.368465771193392 0.364252080254204 0.361118299376795 0.352784414323943 0.342196273774986 0.333983993966342 0.32750870289371 0.329196427717848 0.332595740675229 0.330986447622307 0.323295269657734 0.316684537910873 0.314067248454417 0.315896987147941 0.320958120753787 0.321111303148504 0.309366136490751 0.309089139967853
-9999 -9999 -9999 -9999 -9999 -9999 -9999 -9999 -9999 -9999 -9999 -9999 -9999 -9999 -9999 -9999 0.501083248601957 0.477085468903532 0.478682601426661 0.46480374467285 0.432379934299001 0.381988002969764 0.333693505971428 0.298893651443501 0.235787995230924 0.220836402281206 0.281658557360223 0.298027502411274 0.310393736422762 0.315549751661755 0.334413509333587 0.373856069620378 0.383073390863756 0.364046264625726 0.357106784814301 0.371520593950846 0.382397942722793 0.380291247794416 0.376021270153445 0.370258343858861 0.366690169041557 0.362555376378037 0.355667364257214 0.343305171260045 0.330977658877095 0.321371605298576 0.31436421165518 0.315671734344829 0.317041554148122 0.314827055400037 0.313006353171732 0.312491956003139 0.314828807642745 0.319651487286256 0.323043996525863 0.328949939134767 0.335118918352023
-9999 -9999 -9999 -9999 -9999 -9999 -9999 -9999 -9999 -9999 -9999 -9999 -9999 -9999 -9999 -9999 0.49584927538787 0.49195993590054 0.488138275284582 0.476564429577271 0.44104511171128 0.378227620148589 0.315163292096935 0.301648656440357 0.260307877191994 0.235113236429657 0.289271507272637 0.31314747665225 0.336322719333634 0.350478986317421 0.363281402327966 0.374870190909536 0.383192442301628 0.385980245062658 0.382016422065328 0.379183741091287 0.375679635464263 0.373010729964779 0.377628439935994 0.378258325534776 0.370387217822357 0.363549656452876 0.356964181069746 0.348057921920198 0.336922096477189 0.323126587712409 0.313116681540704 0.310452530647018 0.305323073575394 0.295249519469634 0.295345704516345 0.305161132693104 0.315249444340952 0.324804665038154 0.33174769953378 0.33371040330075 0.340474282478655
-9999 -9999 -9999 -9999 -9999 -9999 -9999 -9999 -9999 -9999 -9999 -9999 -9999 -9999 -9999 -9999 0.497991757618454 0.496014552510052 0.493847546796931 0.484953472026935 0.454363527021415 0.412471069109965 0.357547654413232 0.320317732964095 0.267405150143899 0.230432955404763 0.293948675448377 0.3227648518065 0.334178295364413 0.354466367529872 0.357021053694946 0.371122946013853 0.388218675497186 0.392172422588292 0.393023887037476 0.388167974385812 0.383541251405552 0.3796270714775 0.377835998239359 0.378727928985539 0.373548473443513 0.365132343372088 0.357977064566345 0.348307625997366 0.335802806587094 0.32362808883886 0.311779386506812 0.300661797963364 0.288104725682216 0.277524261280113 0.282267267190055 0.295637404306267 0.308402455277103 0.32192136387387 0.330386824628941 0.334504986030306 0.342396181597533
-9999 -9999 -9999 -9999 -9999 -9999 -9999 -9999 -9999 -9999 -9999 -9999 -9999 -9999 -9999 -9999 0.513486446228264 0.505778893817163 0.514468264505121 0.509428039712092 0.474277481141359 0.423671889040366 0.366082975650917 0.313855763524806 0.291159453113118 0.262532746350426 0.258561784878418 0.30784006784072 0.33600049796008 0.351419931254908 0.361171828710111 0.376492791666747 0.392638077955723 0.402790792059217 0.402574481940052 0.396914796784069 0.395328310778889 0.394182535307523 0.386451040051951 0.380981115659214 0.376658479186492 0.367344090914015 0.359257074248199 0.34982615190779 0.336323730309662 0.323465532889573 0.309692809848199 0.290184142319152 0.270077024904273 0.258387000484222 0.268098489606097 0.287350377057063 0.300237133749927 0.314357490409431 0.323663168610329 0.330595417968581 0.34421116327399
-9999 -9999 -9999 -9999 -9999 -9999 -9999 -9999 -9999 -9999 -9999 -9999 -9999 -9999 -9999 -9999 0.550135194116185 0.544011802530268 0.536388499555693 0.524047899388939 0.496784743264441 0.439921151951029 0.362064534411009 0.310854260564043 0.307242274226846 0.292279089859903 0.277993251876187 0.313179628658886 0.33660103456592 0.352187685355461 0.367443167780293 0.387100696416309 0.408906126559608 0.412446926397123 0.39938020035662 0.391419273601498 0.393015784657845 0.394584347907323 0.396381906707701 0.391250358590005 0.382757708487105 0.374471452592331 0.365903952112879 0.354022576246314 0.338558070731127 0.326036599223572 0.313397922142073 0.296242954237872 0.281371334586 0.274412381105805 0.277407602729719 0.286620066074502 0.297245198644618 0.30992488073812 0.320613492636958 0.324608394264163 -9999
-9999 -9999 -9999 -9999 -9999 -9999 -9999 -9999 -9999 -9999 -9999 -9999 -9999 -9999 -9999 -9999 -9999 0.550151869885507 0.540105687368791 0.529433398327488 0.505555059003039 0.442289292248999 0.366176366290945 0.332972072290875 0.315601966276043 0.30213634348009 0.310907457992177 0.340069948509367 0.368229035187339 0.393240172195608 0.395651012898908 0.398607398211703 0.406969996717566 0.390895483922769 0.377782717787187 0.394985954762908 0.41157409197221 0.411151454850102 0.396423990901798 0.387421348892451 0.38125984734951 0.376108222574289 0.373177779973204 0.36149296262598 0.343154004106849 0.330430022452838 0.317910443952611 0.301916420257086 0.289414787349199 0.282215220506534 0.282016032051682 0.288577201120212 0.29689620989168 0.307238470179577 0.317122957797327 0.320620278531678 -9999
-9999 -9999 -9999 -9999 -9999 -9999 -9999 -9999 -9999 -9999 -9999 -9999 -9999 -9999 -9999 -9999 -9999 0.553065706096852 0.544765153631245 0.532676840240815 0.515269432380822 0.466572073999505 0.400509287243204 0.375740118045122 0.357100737919046 0.34497560004214 0.349494857387687 0.369748169588259 0.402155242343585 0.42169028020068 0.429693356118417 0.430032656143562 0.418453187268849 0.393441025776686 0.384111455299366 0.398174777790505 0.414093012073756 0.419949825004376 0.414408660235478 0.403195841245384 0.388850663693 0.380599129503012 0.376073139738457 0.369066934524422 0.35369390445643 0.339998632757873 0.32836720084557 0.314656779471248 0.304630479990382 0.298106902223144 0.294053498730372 0.29380841002688 0.296467870333384 0.303215870237032 0.312297622272357 0.317106082840402 -9999
-9999 -9999 -9999 -9999 -9999 -9999 -9999 -9999 -9999 -9999 -9999 -9999 -9999 -9999 -9999 -9999 -9999 0.573809270845334 0.571808440339468 0.553387246577119 0.516236025843156 0.482373805063466 0.425991294791377 0.383715800174222 0.390986102770185 0.397818588568689 0.39642350104105 0.39423977894875 0.422995894470289 0.445471688717965 0.444597784809523 0.427847210536701 0.415464003868337 0.403433972759069 0.397722066546993 0.403314546468101 0.409934850028115 0.417912999201519 0.421289062187927 0.42077693537172 0.405614562569154 0.388206949550816 0.380061576538861 0.372318871785771 0.362018445038371 0.353190778009299 0.343095000770528 0.327983004714227 0.316767833224078 0.307899540216737 0.299016831544006 0.293354438656667 0.291909644713334 0.29670549315268 0.300440718466269 -9999 -9999
-9999 -9999 -9999 -9999 -9999 -9999 -9999 -9999 -9999 -9999 -9999 -9999 -9999 -9999 -9999 -9999 0.567005406228289 0.577740354036783 0.58118255031664 0.565943077651588 0.52551573259628 0.504539048661765 0.474284206606155 0.418507620164453 0.423397187158585 0.427659542983467 0.41270917902726 0.40998101958841 0.438688114241707 0.455812652468773 0.439091846740501 0.42197226707086 0.410873500545252 0.398081684346677 0.394295976142638 0.400879410057053 0.410788813558963 0.418868500063658 0.420529211658401 0.419994192707555 0.410378811504049 0.396523420602901 0.388948420289011 0.380316762411616 0.367807758396344 0.358126488149834 0.349100673962699 0.33629578969078 0.323336843515626 0.312317140730643 0.301100022896067 0.291925148483696 0.286782176614382 0.289310909131528 0.296984433000491 -9999 -9999
-9999 -9999 -9999 -9999 -9999 -9999 -9999 -9999 -9999 -9999 -9999 -9999 -9999 -9999 -9999 -9999 0.547309083588454 0.564653346824031 0.578461634966412 0.574822900055122 0.557475241395541 0.505165227888327 0.457647119951923 0.430273283345962 0.41614492561888 0.439125030246898 0.450593306768619 0.444545271892208 0.447720600785028 0.426312243841397 0.401065359988517 0.392839870510715 0.385713825362333 0.37903709022053 0.380891953244039 0.3922034265338 0.406219625361392 0.412969717478796 0.414548833445157 0.416069294858929 0.41716998320645 0.411540329299198 0.405301592842655 0.402309458255031 0.391608464742373 0.377052302425096 0.359572675900465 0.343831485752352 0.334822722607293 0.323598321300146 0.307592511956866 0.29327763985785 0.279335864864333 0.274520305339983 0.289118779718149 0.301274731493753 -9999
-9999 -9999 -9999 -9999 -9999 -9999 -9999 -9999 -9999 -9999 -9999 -9999 -9999 -9999 -9999 -9999 0.552838833208799 0.56893538719102 0.601168958858371 0.602250395958792 0.600251111321893 0.577364922724839 0.50779466635878 0.438737954073076 0.413968630902998 0.436654324791827 0.468497724415014 0.452526367569987 0.445852307986943 0.420758730512845 0.3918780933022 0.385350571289224 0.37871835340429 0.374896037942367 0.380596413322235 0.393530131484319 0.410133257005581 0.417680351931958 0.41970760545089 0.423362119284175 0.424633050537418 0.420568368756068 0.410962680262642 0.398773249803913 0.391101456057422 0.382256127225625 0.367853077228354 0.355140538006206 0.345475071307164 0.335015539261333 0.319090889352486 0.301634500728571 0.278218229250911 0.271284033085604 0.292439738303007 0.304009218528948 -9999
-9999 -9999 -9999 -9999 -9999 -9999 -9999 -9999 -9999 -9999 -9999 -9999 -9999 -9999 -9999 -9999 0.589832773585834 0.604714807328242 0.623576795553808 0.61157508257232 0.551510122294045 0.494779378504979 0.479279723244705 0.439694464101267 0.439386415200405 0.474941734187597 0.491960722118267 0.494116539335226 0.462830122232513 0.422504287999042 0.40705846189437 0.400266814416888 0.387170082550507 0.382593429137572 0.392559248908467 0.403384866758946 0.412222852142847 0.415098741073501 0.41426030643343 0.414279983380588 0.416125104306878 0.418055053706933 0.414597267921162 0.404381735784652 0.398086771942541 0.396524792340803 -9999 0.366695889661042 0.353363948887401 0.342732050942193 0.328464320538688 0.314915387446981 0.301369532476446 0.295397052716078 0.298956618688586 -9999 -9999
