layers/veg/veg2800.asc
NCOLS 255 
NROWS 330 
XLLCORNER -2985163.8955 
YLLCORNER -3022031.214 
CELLSIZE 25000 
NODATA_value -9999 
[rows 200 to 224 of 330, columns 57 to 113 of 255]
-9999 -9999 -9999 -9999 -9999 -9999 -9999 -9999 -9999 -9999 -9999 -9999 -9999 -9999 -9999 -9999 -9999 -9999 -9999 -9999 0.468592274387317 0.424938866791308 0.319974234633305 0.240547132353467 0.125669747670762 0 0 0 0.138524417711509 0.202949016637053 0.249107274560895 0.306997104849235 0.330301229442638 0.289387734288005 0.288520359092513 0.343704405361312 0.416993752166523 0.431887009892305 0.438943714302198 0.444524213015948 0.447529075158226 0.452762114972849 0.458894065044636 0.458525191600588 0.457279588988656 0.446941795196867 0.410481386200014 0.393957125652703 0.426143298777936 0.45305547586515 0.462758040534178 0.462895450388682 0.46130315743618 0.458714658423538 0.455411183847057 0.452223826172604 0.450121916348685
-9999 -9999 -9999 -9999 -9999 -9999 -9999 -9999 -9999 -9999 -9999 -9999 -9999 -9999 -9999 -9999 -9999 -9999 -9999 -9999 0.484607313972132 0.445234474279671 0.368540559767318 0.254678275308674 0.137603120769075 0.0397703976135647 0 0.0509261090440511 0.183915432609249 0.248282962831844 0.320539787263854 0.346321592895957 0.343069699360365 0.306616557136544 0.314853838959328 0.361324489661132 0.405501687631783 0.421703418242153 0.426713871122355 0.432489431885712 0.443698931095397 0.453153839083177 0.455554121605011 0.453236405372489 0.448023201264415 0.433768015868374 0.401743578091372 0.398876654986919 0.433153972748638 0.45329262269885 0.46203425236867 0.461336380883204 0.45979377890004 0.457198598630764 0.453443786417777 0.449957127582514 0.447746724351033
-9999 -9999 -9999 -9999 -9999 -9999 -9999 -9999 -9999 -9999 -9999 -9999 -9999 -9999 -9999 -9999 -9999 -9999 -9999 0.486889941396417 0.473096384071048 0.413233587845783 0.29422392352642 0.157665904162692 0.065209495528611 0 0 0.0530376059945326 0.183174015130455 0.249271772910057 0.321564677303264 0.352092609320603 0.370774115070214 0.321651778316752 0.301188297903921 0.366888293405221 0.392768163179221 0.404727606400118 0.389620793829009 0.395460768319768 0.432431765959834 0.44652931737852 0.447060041894944 0.43885244680641 0.425196934834335 0.398203408695872 0.378841238601561 0.400850120478258 0.434488860493286 0.451646457793515 0.45946535891332 0.458886695418967 0.457312101657613 0.454613795778834 0.450737465829176 0.447097624455164 0.44505211548947
-9999 -9999 -9999 -9999 -9999 -9999 -9999 -9999 -9999 -9999 -9999 -9999 -9999 -9999 -9999 -9999 -9999 -9999 -9999 0.477472847038078 0.450475336369397 0.405977033754691 0.323562971329006 0.156483932413979 0.0301465498862701 0 0 0.0247845870522617 0.155304980751774 0.217849691721072 0.310107198321182 0.357710622423144 0.37698141409549 0.341552349500883 0.318859219503348 0.36730962886832 0.388889263766632 0.379950159972775 0.355006608626212 0.374481702668966 0.423916367633197 0.440063964835165 0.431830773622903 0.413435988690531 0.40470723015311 0.372826856634792 0.352937884569301 0.392790024279803 0.433445315597067 0.448507471600406 0.454352097350837 0.454690527068494 0.454321163032695 0.45183996099333 0.44789588992658 0.444286319291396 0.442375060844311
-9999 -9999 -9999 -9999 -9999 -9999 -9999 -9999 -9999 -9999 -9999 -9999 -9999 -9999 -9999 -9999 -9999 -9999 -9999 0.468647463773284 0.464017430476065 0.43049419022571 0.352661483393833 0.214111363207896 0.0547261651593885 0 0.0257237269867841 0.12010423444905 0.156266877472029 0.201248798946914 0.283354632566784 0.338067326047439 0.366182626638428 0.376297335651833 0.342497336235244 0.343632943916639 0.389526655906081 0.365896856370061 0.347476438072443 0.378158494067878 0.417853213675752 0.43650836340375 0.414461770312399 0.382594825915379 0.365909675713996 0.330247950854956 0.340640103968515 0.395717371143258 0.430551280498354 0.443284028911083 0.448385045424124 0.449799511113425 0.450468303055547 0.447566886541405 0.443966455578978 0.442156316110325 0.440749465830648
-9999 -9999 -9999 -9999 -9999 -9999 -9999 -9999 -9999 -9999 -9999 -9999 -9999 -9999 -9999 -9999 -9999 -9999 -9999 0.432373599134792 0.432588239702551 0.406489699054969 0.339903545710815 0.227470813400032 0.0983188503597567 0 0.040674675090014 0.161546963485762 0.175520014645994 0.1782566177392 0.267977293627557 0.330845347515524 0.342544041558144 0.319120136770458 0.304520513781108 0.341284803546747 0.392952602605956 0.373587173455134 0.356755961203555 0.3799295106382 0.414074987201894 0.430399974574127 0.391932998833005 0.34406621840304 0.312217175433192 0.300566422345819 0.357809788947112 0.401370296558692 0.426442721096027 0.436551815948489 0.44191076052952 0.443938171072308 0.44518320740551 0.443579791663402 0.440883571221749 0.439284280904104 0.43861673845218
-9999 -9999 -9999 -9999 -9999 -9999 -9999 -9999 -9999 -9999 -9999 -9999 -9999 -9999 -9999 -9999 -9999 -9999 -9999 0.39517182853974 0.381531790123773 0.370696685901184 0.289435251956456 0.168225663162539 0.0821920896859034 0 0.0046003139997023 0.162606679371756 0.203442916568806 0.182003918085429 0.268003726782962 0.33023426984454 0.304194411467526 0.217347087752064 0.246761856994146 0.357271102835892 0.397267106671011 0.391161065980672 0.379012720933044 0.385179738739691 0.411437576462862 0.424794211208032 0.378239856827715 0.320438348118755 0.280036961678459 0.292218960296221 0.379927413146062 0.410269665424737 0.421950618503806 0.429849485123476 0.435657267075497 0.438483032570301 0.440472206413 0.440238068390348 0.438093953218213 0.436751859653887 0.436840545588327
-9999 -9999 -9999 -9999 -9999 -9999 -9999 -9999 -9999 -9999 -9999 -9999 -9999 -9999 -9999 -9999 -9999 -9999 -9999 0.426587656689328 0.396198530378186 0.346319303056731 0.236388110739858 0.0849533681809863 0.00671419454345107 0 0.0105705457054498 0.1725209234319 0.19659403622236 0.189584791115023 0.290726701958419 0.346034327670208 0.293872872398155 0.246676833699014 0.333408858098686 0.384501470643225 0.398156282467774 0.39801932097993 0.389617459091243 0.389947655269566 0.408600031467637 0.422422374268759 0.394967905011761 0.335623019975722 0.266146759305467 0.275166903197738 0.365827293377043 0.405946342980224 0.418993694580222 0.425434856060257 0.431643337771281 0.435039832669032 0.437421139524381 0.437934687153497 0.436732910969927 0.435538320970917 0.435815265073965
-9999 -9999 -9999 -9999 -9999 -9999 -9999 -9999 -9999 -9999 -9999 -9999 -9999 -9999 -9999 -9999 -9999 -9999 -9999 -9999 0.427567760606572 0.383735022508213 0.29206374740253 0.13188051005524 0.0227644157375513 0 0.0381104265594291 0.148083649969454 0.143272029739334 0.137498216474395 0.267025057013688 0.333381561885545 0.345709981461406 0.339163835261759 0.367214402574276 0.378169432771636 0.386180358103453 0.397475271213947 0.396952040010362 0.388719104751371 0.398670044354747 0.413007509962359 0.4053322391837 0.368707226409473 0.280921912232135 0.278196819576036 0.373300388684179 0.405455422711314 0.415484074455502 0.422108646121296 0.427566241510483 0.430971148149686 0.433654614340628 0.435170677852525 0.434513281531203 0.433582405889319 0.434692859054601
-9999 -9999 -9999 -9999 -9999 -9999 -9999 -9999 -9999 -9999 -9999 -9999 -9999 -9999 -9999 -9999 -9999 -9999 -9999 -9999 0.397260859161598 0.399666375727114 0.336544790373088 0.205039833379937 0.0509324979593814 0 0.040963625228024 0.143150146709864 0.117973427184409 0.129488081806348 0.230415247767588 0.312071510298769 0.363968005111612 0.365803068594547 0.36849861752021 0.370551500706132 0.371076340487152 0.384806086449321 0.391801708355885 0.390202161894317 0.395375009982156 0.399602906907256 0.395853106288838 0.364585785427298 0.315543148783814 0.327493280151047 0.3777098837006 0.398126244945327 0.411577000806312 0.41835589283102 0.423988972985451 0.427499241241127 0.430525830957845 0.43258970454133 0.431893612175327 0.430709795907474 0.432697821922155
-9999 -9999 -9999 -9999 -9999 -9999 -9999 -9999 -9999 -9999 -9999 -9999 -9999 -9999 -9999 -9999 -9999 -9999 -9999 -9999 0.385694161252308 0.37147291531323 0.30321299377251 0.184208656957311 0.0822270361182914 0 0 0.0724121676520405 0.0490597515118972 0.160203154350011 0.25817916082941 0.319310714675021 0.36117151528172 0.36565618319436 0.369832259224265 0.370212838242167 0.364568799571242 0.371200160674494 0.383005523537211 0.380134440812078 0.376559137697214 0.377991754281548 0.368128805575777 0.343136545317798 0.311983376840347 0.322245304496769 0.373722448310007 0.395972168605588 0.409474134400755 0.415922302839756 0.421779840964798 0.425564859945055 0.428532774794974 0.430477903055706 0.43091499847899 0.429809313930943 0.429745430262866
-9999 -9999 -9999 -9999 -9999 -9999 -9999 -9999 -9999 -9999 -9999 -9999 -9999 -9999 -9999 -9999 -9999 -9999 -9999 -9999 -9999 0.389032102432361 0.325366277169327 0.199845401477195 0.0720961182245025 0 0 0 0.0169247872035816 0.156117095843373 0.26982137843864 0.329111771432052 0.354468751591267 0.358794605477683 0.364564450064894 0.369472828530742 0.360859368032032 0.357899143521592 0.369360505223646 0.365859954397996 0.347020200787183 0.329860813328025 0.336356310081441 0.34454748693268 0.309054018705457 0.306745906922052 0.363370804691259 0.38790337856158 0.407582415140211 0.415024163034676 0.420051760898218 0.423256372984009 0.426054730673158 0.427395157700405 0.427848724271503 0.426987141338681 0.426059053029466
-9999 -9999 -9999 -9999 -9999 -9999 -9999 -9999 -9999 -9999 -9999 -9999 -9999 -9999 -9999 -9999 -9999 -9999 -9999 -9999 -9999 0.42005107211548 0.378209612257965 0.260057965367182 0.151118604771249 0.0237474174940192 0 0 0 0.160809464188801 0.269749221881295 0.321772886980687 0.34789108541434 0.351997017166526 0.358976288442579 0.36673502868634 0.35432254560579 0.344047206338183 0.356829912333419 0.351071026627881 0.312751293027609 0.292342396040741 0.322053938381198 0.337913670350342 0.317169153822468 0.318266368533691 0.360420492116177 0.387721078751026 0.405312531437211 0.413999619481012 0.419119289869652 0.421476250719616 0.423715060670259 0.42494110255628 0.42496589038423 0.424278020520756 0.422979592348524
-9999 -9999 -9999 -9999 -9999 -9999 -9999 -9999 -9999 -9999 -9999 -9999 -9999 -9999 -9999 -9999 -9999 -9999 -9999 -9999 -9999 0.435842103252227 0.350957005907586 0.278325858324043 0.190533394145994 0 0 0 0.0355611114176185 0.166489617686934 0.283504501577372 0.32685962746149 0.342239932460305 0.347048696165493 0.354388558460238 0.363477136288839 0.3638957901072 0.354526353121267 0.349600373720024 0.328250059091121 0.275237195357741 0.275614731650968 0.319558363486104 0.324675852515597 0.324398345159557 0.342425635539847 0.368075198355409 0.389824743136292 0.405280330837814 0.413288416622883 0.418614364211919 0.420958033070549 0.422775697218536 0.423596964742713 0.423863753034508 0.423192312446931 0.421453018056351
-9999 -9999 -9999 -9999 -9999 -9999 -9999 -9999 -9999 -9999 -9999 -9999 -9999 -9999 -9999 -9999 -9999 -9999 -9999 -9999 0.438661881049878 0.433306431117868 0.377280332040642 0.315497237583287 0.269338411939774 0.111065674846863 0 0 0 0.166912999225475 0.282219458916375 0.316172090261002 0.333757074438575 0.339861586234464 0.347963594609097 0.358561489811826 0.362352232812091 0.353492072460039 0.348023142459998 0.324156692938406 0.289392491826333 0.302069338017262 0.309693832293663 0.304038511749592 0.325925418946184 0.354462222030688 0.374009987537943 0.391199562824121 0.403443119332096 0.411388111588254 0.417204608904949 0.419675378846829 0.420637467828019 0.420508435018274 0.419963629763886 0.420181531623213 0.419618297556372
-9999 -9999 -9999 -9999 -9999 -9999 -9999 -9999 -9999 -9999 -9999 -9999 -9999 -9999 -9999 -9999 -9999 -9999 -9999 -9999 0.413629460382684 0.413946535227229 0.372976390750332 0.331195786661329 0.240463949341473 0.0231142914027734 0 0 0 0.184645579834114 0.281991594610957 0.30351387270678 0.327068267025789 0.336773953727541 0.344304440436654 0.353640971636757 0.356568566868596 0.350450307490358 0.351507001361663 0.343583814128605 0.322956734637688 0.325283655689378 0.32731138269296 0.328666181589202 0.345863879283206 0.362221008397226 0.379448065492416 0.394309656941271 0.403421507373943 0.410090912919016 0.415209386043522 0.417698521066007 0.418054809207345 0.41716235432318 0.416675187548522 0.416319741482499 0.415901465250121
-9999 -9999 -9999 -9999 -9999 -9999 -9999 -9999 -9999 -9999 -9999 -9999 -9999 -9999 -9999 -9999 -9999 -9999 -9999 -9999 0.405826915985949 0.394741455453129 0.362576496400962 0.341649060862628 0.279567563140853 0.0855122834162838 0 0 0.0213796675664732 0.213811846554616 0.282909588360676 0.298852787127916 0.317920702439478 0.334230437609745 0.342191576006192 0.351088949248867 0.354683494049609 0.351184455302566 0.353932952478384 0.347848029708238 0.328658157113101 0.331304919988444 0.338796520972752 0.34049774904581 0.352607549810105 0.368441538920744 0.383003873698776 0.395004301903035 0.402839112719172 0.409267696113361 0.413650313089382 0.415390452979249 0.415418388389002 0.414969269494225 0.414593216122504 0.414283813461446 0.414075640289542
-9999 -9999 -9999 -9999 -9999 -9999 -9999 -9999 -9999 -9999 -9999 -9999 -9999 -9999 -9999 -9999 -9999 -9999 -9999 -9999 0.420712559437606 0.408014985877037 0.384878480123935 0.367391367403197 0.34401674519045 0.231540461975994 0.0239878584914005 0 0.0152955215590357 0.208229649009503 0.278585096470547 0.272393387251007 0.291569141259283 0.324729962755079 0.338129844581073 0.347780044630377 0.354010362692146 0.35775909860623 0.361320901177357 0.352723552949918 0.337776930704171 0.342199453671283 0.354880782544109 0.363325112051636 0.37143157078493 0.379983151837003 0.389652773979118 0.397713087158749 0.403072430656477 0.408635359680833 0.411364045451103 0.41171497254182 0.41153633882818 0.411473319631976 0.411463985292432 0.411571162238835 0.411841594635963
-9999 -9999 -9999 -9999 -9999 -9999 -9999 -9999 -9999 -9999 -9999 -9999 -9999 -9999 -9999 -9999 -9999 -9999 -9999 -9999 0.434966105750735 0.42281598405607 0.397149927289303 0.365206864289764 0.33387883187487 0.218801591441675 0 0 0.0564705458961575 0.178193570802955 0.258877170019535 0.253861759329138 0.283218705450918 0.317847294061823 0.33268873922053 0.344454673446651 0.35112887626269 0.355379298109657 0.356353789665528 0.346786605410233 0.337842462659197 0.344646379950045 0.355996750348903 0.365551947363839 0.375134524085451 0.382859839036335 0.390448343605321 0.397763545676417 0.402191408821378 0.405498287771052 0.40750211814354 0.407900221778489 0.408359565855184 0.408684588400531 0.4087225254325 0.409174994343084 0.409385385919242
-9999 -9999 -9999 -9999 -9999 -9999 -9999 -9999 -9999 -9999 -9999 -9999 -9999 -9999 -9999 -9999 -9999 -9999 -9999 0.431248202978401 0.429461669530156 0.407284554364521 0.351969052516012 0.299453662176644 0.262920404684014 0.138867368913452 0 0 0.0113325488305789 0.14027160678529 0.231745896129626 0.237614392513208 0.274256355066617 0.313357441987392 0.329382423684143 0.341860033954201 0.348954562769557 0.353518200599355 0.348888982666339 0.33767361849036 0.339478678255359 0.349656732617887 0.358398411634926 0.367269822251304 0.376111425097726 0.383382398442996 0.389749316367578 0.396260734917143 0.400836964884086 0.403221191184471 0.404650622668477 0.405461042247734 0.406227170656034 0.406959853414506 0.407188203154585 0.407584050024747 0.408239142267027
-9999 -9999 -9999 -9999 -9999 -9999 -9999 -9999 -9999 -9999 -9999 -9999 -9999 -9999 -9999 -9999 -9999 -9999 -9999 0.404042026703127 0.405372573434463 0.400769652409819 0.366458627242021 0.336501086628371 0.321748628372103 0.175576286084329 0.00439729334426222 0 0 0.103405584591936 0.18225564745578 0.217390043355931 0.274369592396436 0.309071957009684 0.325157545274629 0.337759023247606 0.344885437441464 0.350196971749526 0.344348381445645 0.332153501718606 0.338839181317653 0.35275909889247 0.360009195266558 0.36770410040958 0.375760974225228 0.382202785797668 0.387868638463575 0.393807661089709 0.397725267728872 0.39969774945897 0.40106277898813 0.401901596113504 0.402994708550966 0.404064030777613 0.404167268465312 0.404613433662813 0.405723721113139
-9999 -9999 -9999 -9999 -9999 -9999 -9999 -9999 -9999 -9999 -9999 -9999 -9999 -9999 -9999 -9999 -9999 -9999 -9999 0.391286160918391 0.400296668870265 0.407669551354473 0.393496636248708 0.36392823304564 0.263929442026466 0.112914337382761 0 0 0.0512193850199529 0.10192509422531 0.174940526673164 0.205559513923623 0.270739424487631 0.309214807215909 0.322399863583923 0.333106911265354 0.340872572997728 0.346452052793157 0.344649875349288 0.337398366304335 0.341778560625613 0.352831661682156 0.360103641665009 0.366917166147229 0.374606835243861 0.380590037478721 0.385890714687108 0.391809033628545 0.395072358248901 0.396757067846196 0.398075404096381 0.398700353174628 0.399757532277461 0.401003859407967 0.401554909264723 0.40204571263792 0.403171918759506
-9999 -9999 -9999 -9999 -9999 -9999 -9999 -9999 -9999 -9999 -9999 -9999 -9999 -9999 -9999 -9999 -9999 -9999 -9999 0.402829255187964 0.40004368635054 0.401847815026222 0.380994830559521 0.339432333807484 0.228512648173088 0.0711878783536906 0 0 0.0531308406214176 0.129938151803538 0.180874368755003 0.203947760863269 0.262060394361542 0.305258692725007 0.319515889153046 0.330533242866134 0.338323591969601 0.343846512972412 0.346733092825563 0.34470407728088 0.345033451654533 0.351770183320996 0.358548846476709 0.364846752824801 0.37208568090005 0.378084560209021 0.383480705317195 0.389207491273409 0.392450826502322 0.394104611363776 0.395602862640531 0.396305186839386 0.397160308523963 0.39829979696744 0.398791401405103 0.399268603670153 0.400741165208577
-9999 -9999 -9999 -9999 -9999 -9999 -9999 -9999 -9999 -9999 -9999 -9999 -9999 -9999 -9999 -9999 -9999 -9999 -9999 0.423267622185843 0.412611034843854 0.384382350061263 0.369887398469068 0.336601572366954 0.239168886837359 0.106081022159988 0 0 0.076115705883888 0.155442552866146 0.185626399545411 0.197354007430081 0.239069940639314 0.293163107244932 0.31670638752493 0.329152775210081 0.33585031256918 0.340965972741649 0.346345732418979 0.348934634102338 0.34897637806662 0.352224673809741 0.356876487747612 0.36198182317058 0.367643305829217 0.371912495041571 0.378258556671402 0.384781820390603 0.388059130775708 0.39030199236544 0.392126002495674 0.393023150565092 0.3939075321119 0.394859827623586 0.39540515683159 0.396116887921119 0.397486560000589
-9999 -9999 -9999 -9999 -9999 -9999 -9999 -9999 -9999 -9999 -9999 -9999 -9999 -9999 -9999 -9999 -9999 -9999 -9999 0.413537520239891 0.408231889007139 0.39176924161431 0.364877334210183 0.307523383804555 0.223621773473805 0.113923527951543 0 0 0.10387548213181 0.170791838243472 0.187211668158145 0.192869976277371 0.2174343303411 0.270840352755993 0.312630124178326 0.328120863256416 0.334410690512166 0.33895450016058 0.344034207582774 0.347377693286756 0.348123570100863 0.35045186892965 0.35407553974121 0.358112548481476 0.362540975652347 0.366667220174705 0.373631238644985 0.379939501063638 0.383150028733171 0.385728591326539 0.387977356711299 0.389101294736319 0.390286196021645 0.391686841866398 0.392703927913698 0.393423461061502 0.394361600310421
