layers/veg/veg2100.asc
NCOLS 255 
NROWS 330 
XLLCORNER -2985163.8955 
YLLCORNER -3022031.214 
CELLSIZE 25000 
NODATA_value -9999 
[rows 78 to 103 of 330, columns 0 to 57 of 255]
-9999 -9999 -9999 -9999 -9999 -9999 -9999 -9999 -9999 -9999 -9999 -9999 -9999 -9999 -9999 -9999 -9999 -9999 -9999 -9999 -9999 -9999 -9999 -9999 -9999 0.640789355482021 0.639005598927324 0.631517780674757 0.62623741403152 0.61255910319548 0.638274894919791 0.636084384506383 0.557132634976664 0.450552919027043 0.311076639045843 0.204526329510781 0.272338891906857 0.421548380011324 0.495599167711956 0.572231357586594 0.594842219734459 0.596610940285879 0.595807444442595 0.595124340027412 0.59535298038397 0.596186603833087 0.598960728450646 0.604256791581928 0.61177284581904 0.618287846450868 0.624316133840676 0.632252098095341 0.641303660784153 0.650480540708572 0.661312472425461 0.677284340694951 0.691360745916014 0.700993754776133
-9999 -9999 -9999 -9999 -9999 -9999 -9999 -9999 -9999 -9999 -9999 -9999 -9999 -9999 -9999 -9999 -9999 -9999 -9999 -9999 -9999 -9999 -9999 -9999 -9999 0.648259366517141 0.645002312055903 0.635660607422292 0.64303397225041 0.644299306402252 0.643688352137549 0.613810862758313 0.436798049691658 0.256159863839902 0.224649022053095 0.263809599336769 0.448888884415388 0.513871443804168 0.534342626864736 0.588762932385649 0.609346622907155 0.60884998002661 0.607214719418122 0.606307079943897 0.605939974528843 0.606915178679488 0.608782103430075 0.613164934994936 0.618642549354446 0.62396193684972 0.631276751174187 0.640968243254349 0.650136348429241 0.659123366097309 0.670481966346078 0.681985687933069 0.693612006124232 0.704175765915809
-9999 -9999 -9999 -9999 -9999 -9999 -9999 -9999 -9999 -9999 -9999 -9999 -9999 -9999 -9999 -9999 -9999 -9999 -9999 -9999 -9999 -9999 -9999 -9999 -9999 -9999 0.646839559053099 0.635069124112759 0.642140380633097 0.651325679320238 0.6474057798622 0.557458845016416 0.338033618310005 0.196373692749556 0.260383930320056 0.29135562590557 0.452054586102548 0.524094440663241 0.582205380585834 0.610383091011499 0.619376844437549 0.618888360473859 0.617234211196048 0.616389097122429 0.616600152663069 0.617912340141436 0.621187054692733 0.625874492181764 0.630945213424377 0.634721661338509 0.639073154441275 0.647665329909737 0.657476309737141 0.664745394167759 0.673934369178074 0.684632479255844 0.6974503075851 0.706940688393863
-9999 -9999 -9999 -9999 -9999 -9999 -9999 -9999 -9999 -9999 -9999 -9999 -9999 -9999 -9999 -9999 -9999 -9999 -9999 -9999 -9999 -9999 -9999 -9999 -9999 -9999 -9999 -9999 0.652622732036349 0.651523854859735 0.647966722164387 0.509181799549767 0.297597067125038 0.292432711871397 0.277633911297963 0.293747004552971 0.476473382914332 0.505871758025405 0.537950050496256 0.592978898208122 0.623837483794473 0.626638673515749 0.624811698068212 0.624042257452576 0.624519720305754 0.625713875026352 0.628202260908219 0.631242001948336 0.635969642132043 0.641370431487733 0.646315279557111 0.654769415922608 0.66393170724723 0.670415706260547 0.679953604612237 0.690473330325153 0.701347347071811 0.711653517274352
-9999 -9999 -9999 -9999 -9999 -9999 -9999 -9999 -9999 -9999 -9999 -9999 -9999 -9999 -9999 -9999 -9999 -9999 -9999 -9999 -9999 -9999 -9999 -9999 -9999 -9999 -9999 -9999 -9999 0.65253087377996 0.63825949859765 0.505785350325227 0.299365350778213 0.361494552618107 0.279866195689917 0.354430362061117 0.473224134823494 0.45577472671314 0.49062069610872 0.589945641389588 0.624763740830235 0.632311160039621 0.63145803357079 0.631455739794906 0.63231338328614 0.634161598771419 0.636444263777064 0.639552745614927 0.643917954081015 0.648447481815121 0.6530075905101 0.660780283656289 0.668769513187116 0.677142424737495 0.687036424994308 0.695668709357124 0.706253550363835 0.716761422236488
-9999 -9999 -9999 -9999 -9999 -9999 -9999 -9999 -9999 -9999 -9999 -9999 -9999 -9999 -9999 -9999 -9999 -9999 -9999 -9999 -9999 -9999 -9999 -9999 -9999 -9999 -9999 -9999 0.657649235686089 0.656202187218828 0.644647573721156 0.606041339107492 0.504090135208684 0.322493591972511 0.316699633802043 0.407640437545792 0.470475209159991 0.49363353306234 0.543135847725761 0.591038333690531 0.612866080959475 0.638657813420801 0.639575190428092 0.639867169799732 0.640767113885109 0.642424066485688 0.644449458401173 0.647271243877939 0.651202242010773 0.655858273868105 0.659855186864162 0.666565183227599 0.674077172808371 0.682619405398411 0.691606110444108 0.699876892186202 0.70921550468296 0.718487457792236
-9999 -9999 -9999 -9999 -9999 -9999 -9999 -9999 -9999 -9999 -9999 -9999 -9999 -9999 -9999 -9999 -9999 -9999 -9999 -9999 -9999 -9999 -9999 -9999 -9999 -9999 -9999 0.6525584514023 0.650640711038691 0.640647924520486 0.600974911767471 0.518732053675411 0.354947422522119 0.323332750579785 0.337673749053499 0.421415459733014 0.45253624437157 0.472740488571338 0.543526073992869 0.576417742197941 0.638591934032069 0.642644632260161 0.646245212665241 0.647295203738611 0.648594455714309 0.650283807385641 0.65213786074714 0.654538179301964 0.658074300968671 0.662667974213352 0.666220734611774 0.67286711356578 0.680507531456805 0.688112235746033 0.696439395250012 0.704948282185248 0.713227828362501 0.720862903075219
-9999 -9999 -9999 -9999 -9999 -9999 -9999 -9999 -9999 -9999 -9999 -9999 -9999 -9999 -9999 -9999 -9999 -9999 -9999 -9999 -9999 -9999 -9999 -9999 -9999 -9999 0.647345862469271 0.646087026946997 0.635179636372212 0.611193597085786 0.582951719917013 0.548742861566725 0.419377241307947 0.370605804551347 0.395281630186644 0.44656515018948 0.467309677759837 0.477784842277972 0.539701753991607 0.595256812217254 0.643721714438878 0.645880750236652 0.651454567928508 0.654477939138413 0.656162249174205 0.657946310680913 0.659512307976587 0.661448996588982 0.664478676773721 0.669634269704564 0.672230842751379 0.678389609776134 0.686038649697066 0.693418159841607 0.700792728079319 0.708974464730349 0.717730579840339 0.725575918709552
-9999 -9999 -9999 -9999 -9999 -9999 -9999 -9999 -9999 -9999 -9999 -9999 -9999 -9999 -9999 -9999 -9999 -9999 -9999 -9999 -9999 -9999 -9999 -9999 -9999 -9999 0.639265265441361 0.625393980560994 0.61753130534934 0.601403350999371 0.546143123776998 0.517054361677271 0.474147381323589 0.384997393900613 0.347168193579439 0.422597986296009 0.514928412141505 0.560266174758346 0.574933671434864 0.627464547313091 0.646346649983405 0.655471633190239 0.659345241071553 0.660542452784916 0.662274541333127 0.663861593866674 0.665528200241065 0.667754414771963 0.670598019588945 0.675191400431861 0.678171117839496 0.6832317904465 0.689255045455916 0.695801448549037 0.703211856613099 0.711227256729528 0.719759451783706 0.728420225048658
-9999 -9999 -9999 -9999 -9999 -9999 -9999 -9999 -9999 -9999 -9999 -9999 -9999 -9999 -9999 -9999 -9999 -9999 -9999 -9999 -9999 -9999 -9999 -9999 -9999 0.640297434257115 0.633673640777903 0.604421756932811 0.617157177654911 0.624931226113546 0.559189039959291 0.5197655072123 0.456860346219409 0.376075192573117 0.371885687234417 0.452001082679832 0.521163537705124 0.596010113428418 0.60340284506391 0.640911396666477 0.631823718986659 0.647041537043537 0.662940733066628 0.665522866439098 0.666966605796743 0.667548126869837 0.670328516082452 0.673278221784758 0.67617262093763 0.679623999870564 0.682568169022166 0.686890882535465 0.692325862354246 0.698471402962652 0.705233896657936 0.712276985383147 0.721328201681494 0.72944773661812
-9999 -9999 -9999 -9999 -9999 -9999 -9999 -9999 -9999 -9999 -9999 -9999 -9999 -9999 -9999 -9999 -9999 -9999 -9999 -9999 -9999 -9999 -9999 -9999 -9999 0.647580040283424 0.634739388313861 0.609938173709643 0.644276084581802 0.639264926351146 0.581939329598943 0.528122951653575 0.449603551365603 0.3985329853906 0.445954283162452 0.484607863831572 0.484393517468494 0.542197309328027 0.59357489979487 0.639375201105962 0.619614956081032 0.633476722923875 0.665408605411757 0.668846688720465 0.671305336032599 0.672958598001857 0.674833555183008 0.677405054297793 0.679996636781055 0.682813500111874 0.685396655267686 0.689320414352074 0.694303668251598 0.699483796629432 0.70608455330372 0.713827287514201 0.722134850609871 0.729777054855571
-9999 -9999 -9999 -9999 -9999 -9999 -9999 -9999 -9999 -9999 -9999 -9999 -9999 -9999 -9999 -9999 -9999 -9999 -9999 -9999 -9999 -9999 -9999 -9999 -9999 0.656884949767282 0.626271827419464 0.64275759073066 0.654656301679083 0.646327755430939 0.561679648259981 0.479233532029151 0.434469754945918 0.43914028230224 0.516364148438592 0.499205222543655 0.468628583285313 0.551325362574349 0.612110236580413 0.641849753625705 0.619508481869874 0.600909343718475 0.620930988073035 0.668945689940903 0.671596612886211 0.670234809055148 0.673193184428314 0.677466133504275 0.681673685206712 0.68433035727754 0.686246283007604 0.690176363413089 0.695828665617087 0.701038775672993 0.70756507737732 0.715402435423183 0.723135454674613 0.731014400595966
-9999 -9999 -9999 -9999 -9999 -9999 -9999 -9999 -9999 -9999 -9999 -9999 -9999 -9999 -9999 -9999 -9999 -9999 -9999 -9999 -9999 -9999 -9999 -9999 -9999 0.671865329360441 0.653561562757394 0.661584072446344 0.664078489806901 0.662017481800535 0.566006777593565 0.463541535007684 0.43644052372707 0.388222751508717 0.489624687527199 0.481109077024444 0.475699302981953 0.53680086052083 0.599939593981461 0.615192224048286 0.593987656900352 0.567142763165016 0.571659643697347 0.629016881880852 0.650363703452545 0.667990153532166 0.671164006739818 0.675790736279824 0.682326949037944 0.684507964368387 0.684431106015428 0.688234237945398 0.696722309169981 0.702493539682346 0.709013066653049 0.71604798067815 0.722726210678219 0.730310941509853
-9999 -9999 -9999 -9999 -9999 -9999 -9999 -9999 -9999 -9999 -9999 -9999 -9999 -9999 -9999 -9999 -9999 -9999 -9999 -9999 -9999 -9999 -9999 -9999 -9999 0.675050847258193 0.667204066230727 0.66635669129787 0.66240884286834 0.658344727258412 0.631986806747839 0.582350603359167 0.529847862490676 0.326174165022535 0.439194025979644 0.483401322704789 0.523376447159579 0.575685229501864 0.565559915225266 0.515868796230425 0.515212698863694 0.533378167938715 0.55405638487345 0.578684218998413 0.588828245663584 0.599680441179142 0.653182824878928 0.678940641863572 0.682640192425791 0.683846705254444 0.682334788589503 0.685826438269184 0.696937201267531 0.70334061649012 0.709239851644554 0.715984553072631 0.722947966980853 0.730152310599773
-9999 -9999 -9999 -9999 -9999 -9999 -9999 -9999 -9999 -9999 -9999 -9999 -9999 -9999 -9999 -9999 -9999 -9999 -9999 -9999 -9999 -9999 -9999 -9999 -9999 0.672542281761803 0.667213744972279 0.668660102379729 0.667692363179927 0.657841811976005 0.645874220364039 0.634373949083055 0.615805398874071 0.389580134006478 0.429547255865957 0.435103221219997 0.505397363204821 0.581671075308485 0.517411997629134 0.409081389165548 0.473268153724961 0.485930738729357 0.532611194548262 0.571208322825914 0.570038879893769 0.548912035032717 0.620326447448699 0.678835432005501 0.684662841381148 0.685256119795151 0.685301930196511 0.68839714165663 0.697169079198072 0.703645789010971 0.709103291334851 0.715318611000177 0.722129407308204 0.728112969682054
-9999 -9999 -9999 -9999 -9999 -9999 -9999 -9999 -9999 -9999 -9999 -9999 -9999 -9999 -9999 -9999 -9999 -9999 -9999 -9999 -9999 -9999 -9999 -9999 -9999 0.677923897759542 0.668586153438353 0.669586191037053 0.674998450646795 0.666982090269619 0.659042930809198 0.655628566157014 0.626996319944585 0.483395022231686 0.438100328845959 0.412970631205657 0.492053100478415 0.544627770121935 0.477021844123137 0.458867003512102 0.441603125156146 0.3708569536617 0.447215939876337 0.542017929096279 0.569340679042218 0.561710032726903 0.608415293471228 0.664090147855316 0.68544908556101 0.6876943122329 0.688730006096214 0.687480487793708 0.697723926867955 0.703506521715094 0.708441964670412 0.713153784945923 0.718416421014698 0.723358246877084
-9999 -9999 -9999 -9999 -9999 -9999 -9999 -9999 -9999 -9999 -9999 -9999 -9999 -9999 -9999 -9999 -9999 -9999 -9999 -9999 -9999 -9999 -9999 -9999 -9999 0.689339036006551 0.678132814314819 0.673425939141643 0.679169928229468 0.675932326811829 0.670709288129537 0.665063421937695 0.657387881126682 0.545033510870828 0.429472394946044 0.428972356281293 0.507499221404944 0.53901881339952 0.536566871170812 0.440133304568297 0.419214397460445 0.3468507991751 0.302347786810631 0.430596792376145 0.517476291323222 0.563010222844727 0.608482802862234 0.637966931225606 0.653070350257722 0.680760484656119 0.690267055760811 0.683611449549799 0.695983676935208 0.702619703783988 0.70671207560281 0.709587265901711 0.713265960777615 0.71854167596862
-9999 -9999 -9999 -9999 -9999 -9999 -9999 -9999 -9999 -9999 -9999 -9999 -9999 -9999 -9999 -9999 -9999 -9999 -9999 -9999 -9999 -9999 -9999 -9999 -9999 -9999 0.680284038799377 0.675581441317317 0.680919790567496 0.680243328266743 0.677714811197716 0.661962740775588 0.66256429714565 0.523679784003361 0.401898977689487 0.418126606178861 0.475580115729483 0.467074847451267 0.508657956874352 0.446347362775393 0.366549964965393 0.36322917943399 0.402174279383162 0.441567803399836 0.47402222406697 0.54082992488697 0.614364025814134 0.62111636161152 0.62250519963177 0.665505574225565 0.684954950274741 0.685067528011764 0.693799845253246 0.700694667484785 0.705002379666333 0.706598051616872 0.707788684798013 0.709145309510648
-9999 -9999 -9999 -9999 -9999 -9999 -9999 -9999 -9999 -9999 -9999 -9999 -9999 -9999 -9999 -9999 -9999 -9999 -9999 -9999 -9999 -9999 -9999 -9999 -9999 -9999 -9999 0.684646392717583 0.6824051832755 0.682261285284173 0.681824097156313 0.674631339717094 0.672991106504037 0.625222367605183 0.521904328027789 0.404136947714553 0.400436010225153 0.364462122060594 0.380166728765518 0.43336079092507 0.375722235929165 0.366319437428342 0.436196210052873 0.493870177551779 0.516530760672261 0.574341901387081 0.638641064925403 0.636850845026966 0.63347883655555 0.625766884296866 0.605833568334324 0.635370871451427 0.678542854227653 0.699108319313744 0.702220326248509 0.702328855962637 0.702536033337746 0.701085299030113
-9999 -9999 -9999 -9999 -9999 -9999 -9999 -9999 -9999 -9999 -9999 -9999 -9999 -9999 -9999 -9999 -9999 -9999 -9999 -9999 -9999 -9999 -9999 -9999 -9999 -9999 -9999 -9999 -9999 0.684065823640946 0.683732706318006 0.68254573390824 0.680045850303709 0.655009765584949 0.572267734036734 0.458545971535888 0.491020941576461 0.306904117683527 0.288342439297897 0.356361098485148 0.390335506221865 0.355060957060315 0.378750383061064 0.472863384326014 0.527816344504426 0.586241430692368 0.642415389696043 0.668246999478768 0.657516100198865 0.623423332477686 0.603958178555899 0.644486449637574 0.683692807917011 0.693367558346372 0.687036095239488 0.68271318233044 0.694691293915394 0.706349135503123
-9999 -9999 -9999 -9999 -9999 -9999 -9999 -9999 -9999 -9999 -9999 -9999 -9999 -9999 -9999 -9999 -9999 -9999 -9999 -9999 -9999 -9999 -9999 -9999 -9999 -9999 -9999 -9999 -9999 -9999 -9999 0.683837325882533 0.681386327837123 0.670186979559624 0.645140461057399 0.566228509747577 0.349547991262318 0.266310022131086 0.258843494355455 0.296426192526118 0.379870573197581 0.359457271915091 0.328362889749136 0.430967645977752 0.540655485076724 0.63631483101941 0.653330745610642 0.650925496002543 0.638203521411752 0.642725336167204 0.650114299676024 0.671334375274564 0.687514596787435 0.691475841098609 0.691331586312983 0.690158928547942 0.690412987329121 0.699620889389638
-9999 -9999 -9999 -9999 -9999 -9999 -9999 -9999 -9999 -9999 -9999 -9999 -9999 -9999 -9999 -9999 -9999 -9999 -9999 -9999 -9999 -9999 -9999 -9999 -9999 -9999 -9999 -9999 -9999 -9999 -9999 -9999 0.683140398822739 0.678349987498768 0.650317470602568 0.58968841584588 0.45989111407183 0.434392834764489 0.334920766743092 0.307864355069692 0.385027346993714 0.412685555602156 0.351882907017996 0.441500991351206 0.519820003672398 0.602772461213464 0.657368740188881 0.634193486301583 0.607922776168285 0.634094314320319 0.665713131055215 0.67778848943112 0.681716678061062 0.690881585221063 0.693649249342084 0.69199753698101 0.69428577345563 0.699335904157357
-9999 -9999 -9999 -9999 -9999 -9999 -9999 -9999 -9999 -9999 -9999 -9999 -9999 -9999 -9999 -9999 -9999 -9999 -9999 -9999 -9999 -9999 -9999 -9999 -9999 -9999 -9999 -9999 -9999 -9999 -9999 -9999 -9999 0.687202376187598 0.658659575342085 0.542379540598708 0.481234084010908 0.396447854002273 0.304785817056455 0.307439751443485 0.371349916221489 0.421121536780078 0.388412648329599 0.358300714869478 0.486229135121538 0.516734036362156 0.601048619871118 0.62420629901211 0.601197095766019 0.605004969421526 0.64079861863419 0.672313463200638 0.674879127363372 0.686793492597252 0.69293943065264 0.694373604702855 0.695997380911092 0.69872547525964
-9999 -9999 -9999 -9999 -9999 -9999 -9999 -9999 -9999 -9999 -9999 -9999 -9999 -9999 -9999 -9999 -9999 -9999 -9999 -9999 -9999 -9999 -9999 -9999 -9999 -9999 -9999 -9999 -9999 -9999 -9999 -9999 -9999 -9999 0.672080307255016 0.581081029801032 0.550460369646814 0.51970454931938 0.477506331152407 0.427757439269601 0.310222687963764 0.272105206638137 0.392041906519624 0.283680471890717 0.396984667164722 0.422550002369812 0.549147526894806 0.590714759412936 0.577561012275174 0.561622064923042 0.591491061590333 0.673002592769708 0.672848393859419 0.677589718633463 0.687553568624628 0.692657713992991 0.695148446791314 0.696574757396658
-9999 -9999 -9999 -9999 -9999 -9999 -9999 -9999 -9999 -9999 -9999 -9999 -9999 -9999 -9999 -9999 -9999 -9999 -9999 -9999 -9999 -9999 -9999 -9999 -9999 -9999 -9999 -9999 -9999 -9999 -9999 -9999 -9999 -9999 0.679296148005128 0.645707865089236 0.627430652769003 0.57991512908768 0.438887555853843 0.288052755697475 0.246328192545217 0.253886222748387 0.325321074202354 0.311734589244281 0.311295007960781 0.346150617247705 0.474397262755281 0.562213864461777 0.573978905611705 0.547396923182275 0.562859295957182 0.668443872062728 0.666452848360185 0.669178342631163 0.680408418518755 0.686626353969942 0.691973702717073 0.695174282014011
-9999 -9999 -9999 -9999 -9999 -9999 -9999 -9999 -9999 -9999 -9999 -9999 -9999 -9999 -9999 -9999 -9999 -9999 -9999 -9999 -9999 -9999 -9999 -9999 -9999 -9999 -9999 -9999 -9999 -9999 -9999 -9999 -9999 -9999 -9999 -9999 0.663205601115267 0.619472991820716 0.461116951887407 0.274287608391221 0.282894169491385 0.19354387523786 0.270523825599168 0.291248657097623 0.280282461044013 0.305453140592433 0.40189265679742 0.527626208862505 0.597974661460759 0.587595339519402 0.566215798786542 0.660364762608118 0.660171010980117 0.667315442782987 0.675221830060264 0.680500318692762 0.687364636581243 0.692870729243708
