layers/veg/veg3100.asc
NCOLS 255 
NROWS 330 
XLLCORNER -2985163.8955 
YLLCORNER -3022031.214 
CELLSIZE 25000 
NODATA_value -9999 
[rows 250 to 274 of 330, columns 57 to 113 of 255]
-9999 -9999 -9999 -9999 -9999 -9999 -9999 -9999 -9999 -9999 -9999 -9999 -9999 -9999 -9999 -9999 0.568190939849773 0.578830326403366 0.593898290452997 0.582060288868259 0.538026292486818 0.471961576890676 0.427878354883264 0.402370183129717 0.389436480045585 0.403326500096041 0.417923840561802 0.424836647267376 0.418250398481973 0.399141682303828 0.397339441789806 0.392071659163349 0.371759468244853 0.365183587092174 0.381512766014789 0.386671571316503 0.385478161804643 0.38109424792468 0.375766309901424 0.369437177339866 0.372747055378691 0.382392595348674 0.387128716548934 0.385905541802651 0.387214721386645 -9999 -9999 -9999 0.334386493516151 0.326251388576605 0.316884433722472 0.307416598331017 0.297604468827198 0.290126365278795 -9999 -9999 -9999
-9999 -9999 -9999 -9999 -9999 -9999 -9999 -9999 -9999 -9999 -9999 -9999 -9999 -9999 -9999 -9999 0.594685148549579 0.594850592511438 0.609816191919253 0.599233507062252 0.569082022919282 0.525996584538822 0.468712172489024 0.438782742084083 0.4526393360361 0.443590596307853 0.434348318094187 0.439822503989103 0.431651974376013 0.421772349880451 0.43966399290864 0.439970663986652 0.419211450925102 0.407724679384009 0.401280212684969 0.392392113885909 0.3735760778379 0.352107804066614 0.337967679990968 0.326764401413871 0.340329600996372 0.366960602283269 0.385684756381343 0.392523894321538 0.392369062332076 0.394256914909026 -9999 -9999 -9999 -9999 -9999 -9999 -9999 -9999 -9999 -9999 -9999
-9999 -9999 -9999 -9999 -9999 -9999 -9999 -9999 -9999 -9999 -9999 -9999 -9999 -9999 -9999 -9999 0.606563145230812 0.613246420768308 0.620454954191048 0.613037499573799 0.586728027484579 0.551896648317148 0.480991552659308 0.417193521788022 0.436798679822333 0.46128874196635 0.457776768412545 0.448697712417961 0.444813397874594 0.441373542464969 0.451950977966452 0.453477751158324 0.439558905571001 0.424191838425948 0.408042144472461 0.390734181056205 0.373205353868312 0.357103779172594 0.335179136924438 0.317459694086326 0.337394189980213 0.373519554467665 0.393257749856761 0.398439903659367 0.400392170341621 0.403597731257975 -9999 -9999 -9999 -9999 -9999 -9999 -9999 -9999 -9999 -9999 -9999
-9999 -9999 -9999 -9999 -9999 -9999 -9999 -9999 -9999 -9999 -9999 -9999 -9999 -9999 -9999 -9999 0.628203661324918 0.625160845309203 0.632618654810225 0.630713340831937 0.593252070237931 0.556058211164212 0.544199897340554 0.517938494929805 0.459757836396179 0.434889727379144 0.46814441034974 0.448181511642406 0.437401305103888 0.448289703645294 0.455191454875695 0.449703574162594 0.439873851971143 0.429150338438113 0.410905684946237 0.396832354901415 0.381599662860119 0.363963610317535 0.346881781668549 0.338704900524854 0.359212989283869 0.390366878006716 0.405591604760347 0.405124419163179 0.406440382375555 0.412960496773918 -9999 -9999 -9999 -9999 -9999 -9999 -9999 -9999 -9999 -9999 -9999
-9999 -9999 -9999 -9999 -9999 -9999 -9999 -9999 -9999 -9999 -9999 -9999 -9999 -9999 -9999 -9999 0.661506751097932 0.657120588781287 0.657255506342079 0.646765148552482 0.629661207074941 0.609864246315793 0.587219848134287 0.578043727477337 0.548386057611653 0.501265238838331 0.505818153778417 0.503686016509898 0.480068060102161 0.461143857461601 0.448558401868626 0.435814805860837 0.420612705904687 0.427575089519807 0.412981415206555 0.400795672215501 0.398766731113556 0.393940689770316 0.405642660839423 0.405922866713715 0.40282843214968 0.409112430364014 0.414413416130405 0.417182681227449 0.420063299264816 0.428214251913082 -9999 -9999 -9999 -9999 -9999 -9999 -9999 -9999 -9999 -9999 -9999
-9999 -9999 -9999 -9999 -9999 -9999 -9999 -9999 -9999 -9999 -9999 -9999 -9999 -9999 -9999 -9999 0.684755425613529 0.680439587697426 0.677680443208619 0.634445517881373 0.622587414843858 0.615194141013579 0.618290996470703 0.61758613035848 0.589320962039431 0.565584463585009 0.56724781254399 0.554970039048149 0.540098963532651 0.511899288042312 0.482691507892285 0.455637526676023 0.421745720881099 0.403837228540914 0.394038712615544 0.393059516661984 0.392946877843814 0.396070909596184 0.424409035905784 0.437991434733242 0.433409817624042 0.430886087686658 0.437199650015376 0.439777678326567 0.442740926737347 0.446610694538235 0.446609448939457 -9999 -9999 0.422198318318399 0.416279205746416 -9999 -9999 -9999 -9999 -9999 -9999
-9999 -9999 -9999 -9999 -9999 -9999 -9999 -9999 -9999 -9999 -9999 -9999 -9999 -9999 -9999 0.669853525264444 0.685024136073575 0.69954192545382 -9999 0.663644377154081 0.667793612267615 0.645620998950168 0.592658539991529 0.602883946286659 0.614023071685635 0.604956364790429 0.600094478203975 0.58085929211771 0.558596848391707 0.537141285842399 0.510507147969184 0.468735374961609 0.424257146123336 0.399325780428535 0.388422481508118 0.400472580354691 0.412976769855123 0.422895745584145 0.44500813178946 0.454338951218403 0.449734746468669 0.44782909085214 0.45305484019511 0.45461147210027 0.45509478781768 0.453867560630784 0.447733786124677 0.442731643376023 0.436354079841669 0.428784977098275 0.429878160621309 -9999 -9999 -9999 -9999 -9999 -9999
-9999 -9999 -9999 -9999 -9999 -9999 -9999 -9999 -9999 -9999 -9999 -9999 -9999 -9999 -9999 0.633362263876431 0.658687496291638 0.699371760291648 0.712056951936942 -9999 0.689629617394426 0.634421759822011 0.577676159955131 0.615064891670661 0.657691600846233 0.64570931105156 0.630875632272745 0.61879210793 0.579716769921459 0.554824061242384 0.552462159331153 0.523487672320191 0.489189695660209 0.462853957149762 0.456046611970929 0.449686743251987 0.435679124036921 0.441809524748097 0.468076858638998 0.486392381913747 0.483304658550686 0.479479086977203 0.48184145974933 0.478264565131687 0.47209831399382 0.467043503180069 0.458828638890369 0.446812346426859 0.443252075885637 0.444609347645306 0.446148437665004 -9999 -9999 -9999 -9999 -9999 -9999
-9999 -9999 -9999 -9999 -9999 -9999 -9999 -9999 -9999 -9999 -9999 -9999 -9999 -9999 -9999 0.642587937777342 0.664864781462202 0.702567090759044 -9999 -9999 0.679247534672313 0.706747544538657 0.677658208006377 0.646450144360894 0.679782870559893 0.648458172965099 0.634539655050854 0.645983412162079 0.616796665939078 0.596839836417825 0.5892015093673 0.552512407636629 0.505777791356899 0.466598215139381 0.466709962821283 0.462036406748052 0.455373880917852 0.467959536738033 0.502839074230804 0.535325452976595 0.525222226648309 0.510230146822315 0.503663336459659 0.496031192491728 0.485792618035574 0.485463636112205 0.485761155757171 0.477932761753659 0.467957535351739 0.456838327633284 0.457091256496977 -9999 -9999 -9999 -9999 -9999 -9999
-9999 -9999 -9999 -9999 -9999 -9999 -9999 -9999 -9999 -9999 -9999 -9999 -9999 -9999 -9999 0.684674669281353 0.689413720064901 0.714433160553203 -9999 0.685672089452792 0.670754399259254 0.64365002505589 0.614983622106555 0.614814412960053 0.628513929056522 0.62965749975112 0.632395361051373 0.635745160859921 0.605554654118099 0.5890559268257 0.595068779507605 0.566558207034669 0.532197028906057 0.522053922162885 0.493980489461489 0.483308957015854 0.502354330324517 0.518826210772317 0.543427369569367 0.553785261176717 0.542002716987855 0.523675876161952 0.510747190719756 0.502685497490453 0.497569601458852 0.495382381585716 0.487257421689634 0.479021583535261 0.477355247128474 -9999 -9999 -9999 -9999 -9999 -9999 -9999 -9999
-9999 -9999 -9999 -9999 -9999 -9999 -9999 -9999 -9999 -9999 -9999 -9999 -9999 -9999 -9999 0.727591228687612 0.725923483767912 0.723893760613447 -9999 0.717113164825607 0.703277525535417 0.668229580914333 0.641640719587159 0.637552213647463 0.657395576068706 0.672660337033548 0.657848704242822 0.664017400296388 0.641257726118194 0.591168263461789 0.561316495635997 0.567055734782069 0.568602448368164 0.555646109273542 0.542475730257471 0.538369797734765 0.554076535895375 0.56089393209892 0.564377837587923 0.556749850827651 0.544069307131231 0.529035507305065 0.520487393737156 0.515225460176874 0.511669549201437 0.507520366940339 0.502022432077297 0.500060989851878 -9999 -9999 -9999 -9999 -9999 -9999 -9999 -9999 -9999
-9999 -9999 -9999 -9999 -9999 -9999 -9999 -9999 -9999 -9999 -9999 -9999 -9999 -9999 -9999 0.728629134681351 0.726921227194241 0.729020752617644 -9999 0.736641191444877 0.714866830939025 0.684437656768325 0.655857658507741 0.626637381046068 0.653900446665619 0.686208226517414 0.64238559209599 0.632996508455385 0.638160075996188 0.61140154610743 0.591141912279402 0.587388188542075 0.579993841087409 0.566151664392004 0.586532027309472 0.589707417698328 0.581538110399094 0.570033102117122 0.559731875396075 0.55318514095432 0.546333491857456 0.540221458006989 0.538979953204596 0.52531350894626 0.50809159777393 0.505415480222351 -9999 -9999 -9999 -9999 -9999 -9999 -9999 -9999 -9999 -9999 -9999
-9999 -9999 -9999 -9999 -9999 -9999 -9999 -9999 -9999 -9999 -9999 -9999 -9999 -9999 -9999 -9999 0.735458444661485 0.737882326781964 -9999 0.756078730905749 0.708452534069298 0.700519775317895 0.713284648072081 0.64229517954984 0.650588962716401 0.666854284902788 0.641191076683943 0.645214841020427 0.639803137903888 0.620315052933808 0.611468295941409 0.595636207131488 0.581403855488007 0.576838149987523 0.594122930122099 0.598121216870948 0.585669417488142 0.570358407221532 0.561949897713541 0.555604806706703 0.550253744973951 0.547788118833925 0.542024496375566 0.523966851554755 0.52377411898511 -9999 -9999 -9999 -9999 -9999 -9999 -9999 -9999 -9999 -9999 -9999 -9999
-9999 -9999 -9999 -9999 -9999 -9999 -9999 -9999 -9999 -9999 -9999 -9999 -9999 -9999 -9999 -9999 -9999 -9999 -9999 0.762786310803266 0.722440785513646 0.702540710972521 0.710426547017781 0.680192267059397 0.667510829183705 0.661461902056278 0.654982411898468 0.648105205875804 0.649341796171221 0.636584759219359 0.633432476259674 0.620515352523678 0.617289174027873 0.631734507087993 0.622421965424423 0.609245600469626 0.597426189009204 0.587926537972093 0.575940595581299 0.562480353869392 0.555623182967985 0.544743307316918 0.532343509616633 0.525292580212288 0.527297423364588 0.537001691655097 -9999 -9999 -9999 -9999 -9999 -9999 -9999 -9999 -9999 -9999 -9999
-9999 -9999 -9999 -9999 -9999 -9999 -9999 -9999 -9999 -9999 -9999 -9999 -9999 -9999 -9999 -9999 -9999 -9999 -9999 0.762591014389227 0.754625073507104 0.730882056348098 0.691826449648103 0.644919198640564 0.653682327611139 0.675374563047724 0.666581005724714 0.66455649086262 0.65759341366142 0.634992751090488 0.634230731133774 0.629056360624342 0.625617052540969 0.634854667811902 0.621478651618609 0.599705810867422 0.591408044574626 0.592737498397754 0.588453902943362 0.578264431705004 0.56594284087166 0.551958812908753 0.537591423495596 0.531221323227802 0.536286129610865 0.548389537740689 -9999 -9999 -9999 -9999 -9999 -9999 -9999 -9999 -9999 -9999 -9999
-9999 -9999 -9999 -9999 -9999 -9999 -9999 -9999 -9999 -9999 -9999 -9999 -9999 -9999 -9999 -9999 -9999 -9999 -9999 0.749267097746318 0.740004201213366 0.76651384212267 0.752270148905825 0.697150788569789 0.702565716178714 0.697459594029756 0.699989215824333 0.696938846458745 0.675394324700014 0.647064943084227 0.622924174952262 0.613316725129384 0.620895384068195 0.629604769295951 0.615743477603771 0.595967083852221 0.592440294024794 0.592512826179055 0.588545865751217 0.576000028794108 0.564145014706964 0.548543006700072 0.53984371760897 0.536306507282413 0.543253706866697 0.554015907360947 -9999 -9999 -9999 -9999 -9999 -9999 -9999 -9999 -9999 -9999 -9999
-9999 -9999 -9999 -9999 -9999 -9999 -9999 -9999 -9999 -9999 -9999 -9999 -9999 -9999 -9999 -9999 -9999 0.793826488940659 0.783637132819518 0.769516193563593 0.74952946851951 0.734296600825585 0.736155559974044 0.718721025585346 0.733700586839076 0.754750845133312 0.726426886714098 0.717301091285326 0.711039814649836 0.685595064052938 0.662307064300533 0.635793968319553 0.6324332886828 0.639492143932465 0.611896603273169 0.602887742824711 0.61240267176646 0.609235199463432 0.596887623295746 0.585450242116976 0.571628621939891 0.553252433397262 0.549459879498496 0.55451391391354 0.56459394339044 -9999 -9999 -9999 -9999 -9999 -9999 -9999 -9999 -9999 -9999 -9999 -9999
-9999 -9999 -9999 -9999 -9999 -9999 -9999 -9999 -9999 -9999 -9999 -9999 -9999 -9999 -9999 -9999 -9999 0.794585735376198 0.802011312839255 0.802151921227782 0.777262230548899 0.765565010867933 0.766235817693921 0.757379453516187 0.764106057066316 0.754309040264568 0.737270245073661 0.739662119946588 0.732777048695405 0.711765897772449 0.680699799525631 0.6449611549055 0.644214207429297 0.658749418490935 0.645845032648767 0.634159890270912 0.622322183290791 0.611129042854535 0.601967830597054 0.585056733928928 0.570231255265555 0.579428623752413 0.586504540832367 0.584143036911045 0.583144994233483 -9999 -9999 -9999 -9999 -9999 -9999 -9999 -9999 -9999 -9999 -9999 -9999
-9999 -9999 -9999 -9999 -9999 -9999 -9999 -9999 -9999 -9999 -9999 -9999 -9999 -9999 -9999 -9999 -9999 0.776777173050527 0.803644387461665 0.800393786604866 0.766375119841022 0.748015234051902 0.749840321347695 0.765113353223147 0.765795981459096 0.740633173482295 0.713277819622897 0.730304728034386 0.737509795342991 0.711237827402693 0.676278136899411 0.652201184484931 0.654600246535417 0.658240311084646 0.646953611047553 0.638232932937274 0.61898858038429 0.60563527351169 0.600622133141654 0.582770732975228 0.578778683142905 0.596761806651968 0.596065297253388 0.586300069881183 0.578621893199338 -9999 -9999 -9999 -9999 -9999 -9999 -9999 -9999 -9999 -9999 -9999 -9999
-9999 -9999 -9999 -9999 -9999 -9999 -9999 -9999 -9999 -9999 -9999 -9999 -9999 -9999 0.768386901288592 -9999 0.774912024523017 0.790186688290524 0.809904421312006 0.776144019969375 0.765756754849906 0.750278759723221 0.748053494827439 0.757011639527595 0.765606241187674 0.760574245918245 0.748966935846608 0.744521561586672 0.73396748168817 0.71719058236464 0.698631782070704 0.670703021551983 0.661161531304488 0.661145232256578 0.641608409820778 0.624984592766326 0.611290526893318 0.609153221082345 0.597544269871684 0.593020347123717 0.6069057614593 0.614259256739934 -9999 -9999 -9999 -9999 -9999 -9999 -9999 -9999 -9999 -9999 -9999 -9999 -9999 -9999 -9999
-9999 -9999 -9999 -9999 -9999 -9999 -9999 -9999 -9999 -9999 -9999 -9999 -9999 -9999 -9999 -9999 0.787554829294148 0.789945881487418 0.789342307468234 0.793714817434344 0.762745917014172 0.734694329311984 0.734901295015721 0.736417483990301 0.764776352956352 0.781798139886608 0.750004805580948 0.737833877576555 0.729505749586683 0.71953784915097 0.705271039185327 0.676268834309044 0.667305935029768 0.677473065658472 0.661466458675873 0.640466612402454 0.622887804875658 0.599667833314104 0.598411067689964 0.615319588928737 -9999 -9999 -9999 -9999 -9999 -9999 -9999 -9999 -9999 -9999 -9999 -9999 -9999 -9999 -9999 -9999 -9999
-9999 -9999 -9999 -9999 -9999 -9999 -9999 -9999 -9999 -9999 -9999 -9999 -9999 -9999 -9999 -9999 0.77046576467036 0.78394525912612 -9999 0.806072437653716 0.792104820754034 0.765359818402264 0.773269565700305 0.761396814165958 0.743069661287804 0.742141873661084 0.737759059092219 0.734179984472247 0.729911447081027 0.716466320180734 0.702242955582855 0.676422784764449 0.666935403630829 0.680128822786301 0.662391546472107 0.633091297278757 0.601204369728474 0.588010953125373 0.599031387441976 -9999 -9999 -9999 -9999 -9999 -9999 -9999 -9999 -9999 -9999 -9999 -9999 -9999 -9999 -9999 -9999 -9999 -9999
-9999 -9999 -9999 -9999 -9999 -9999 -9999 -9999 -9999 -9999 -9999 -9999 -9999 -9999 -9999 -9999 0.777498072237941 0.79236661016067 -9999 0.774844686868575 0.76784258555347 0.762810101455961 0.768636454467504 0.779706449251896 0.763130326315098 0.732838977690317 0.72355762546164 0.722432113517509 0.719569648529694 0.709388558544551 0.696403024532201 0.677128425722244 0.664204825125904 0.662129562553281 0.644449287002626 0.613378924344933 0.598558154318069 0.609515609696728 0.623876162472505 -9999 -9999 -9999 -9999 -9999 -9999 -9999 -9999 -9999 -9999 -9999 -9999 -9999 -9999 -9999 -9999 -9999 -9999
-9999 -9999 -9999 -9999 -9999 -9999 -9999 -9999 -9999 -9999 -9999 -9999 -9999 -9999 0.784669516861442 0.76060020603901 0.761367664460417 0.770372055800822 -9999 0.810451548731387 0.747062296700995 0.700961912503056 0.703895082163798 0.683112931749802 0.678352791313742 0.712698723627225 0.701673688525541 0.696206676648008 0.69654949859823 0.688543198538493 0.680351091737663 0.673189694930372 0.665108177422492 0.648677224835932 0.627608526127607 0.634382875328618 0.648087108445777 0.640426563213304 0.636417714952433 -9999 -9999 -9999 -9999 -9999 -9999 -9999 -9999 -9999 -9999 -9999 -9999 -9999 -9999 -9999 -9999 -9999 -9999
-9999 -9999 -9999 -9999 -9999 -9999 -9999 -9999 -9999 -9999 -9999 -9999 -9999 0.794260281458653 0.784346403758424 0.761262325701434 0.751028508452012 0.779965438861124 0.821836769336145 0.792606228365609 0.726048057873255 0.733941173609955 0.735944246118562 0.681395756111884 0.666472809034906 0.668570039180825 0.678134678110949 0.683553369232155 0.686981173216147 0.682388693966161 0.67067444752329 0.660764181256472 0.655544280518198 0.64320459840321 0.632504887970912 0.646089918990157 0.650915447253032 0.639754317820121 0.625003778855327 -9999 -9999 -9999 -9999 -9999 -9999 -9999 -9999 -9999 -9999 -9999 -9999 -9999 -9999 -9999 -9999 -9999 -9999
