layers/veg/veg3400.asc
NCOLS 255 
NROWS 330 
XLLCORNER -2985163.8955 
YLLCORNER -3022031.214 
CELLSIZE 25000 
NODATA_value -9999 
[rows 208 to 233 of 330, columns 58 to 115 of 255]
-9999 -9999 -9999 -9999 -9999 -9999 -9999 -9999 -9999 -9999 -9999 -9999 -9999 -9999 -9999 -9999 -9999 -9999 -9999 0.370489071192047 0.309141021653257 0.235440299023645 0.0263810620405654 0 0 0 0.00222053092793051 0 0 0.088743270619822 0.165153650999892 0.154229059929432 0.0951870713360639 0.145358859349882 0.136969897180224 0.129875235673733 0.127894727235276 0.115953846911977 0.0947237149923661 0.0989920356741394 0.0988608498570297 0.0898442537295275 0.0511918500036963 0 0 0.0118177029172244 0.0380307674226103 0.0436672062264612 0.0446599290759861 0.0448542072078148 0.0451481579476937 0.043799474054888 0.0421366548816705 0.0399085199540398 0.0369502796873455 0.0376795932053703 0.0388820938327192 0.0399158139295464
-9999 -9999 -9999 -9999 -9999 -9999 -9999 -9999 -9999 -9999 -9999 -9999 -9999 -9999 -9999 -9999 -9999 -9999 -9999 0.363038471525386 0.325073052509152 0.267099273909421 0.0740399700734815 0.00941425586059988 0 0 0.0335097762576772 0 0 0.0917650285782378 0.175182983792935 0.173727569363261 0.162074580205843 0.14617958244433 0.139611464510173 0.127704651399382 0.123134877616482 0.121019966448964 0.103484549515736 0.0979432223604645 0.0915759780221235 0.0834546517251895 0.0572698717361965 0 0 0.0147714618996393 0.039344267747916 0.0425126836121768 0.0435312120986883 0.0436469826018563 0.0439730205826417 0.0426027242334685 0.0413907139181614 0.0394450843281584 0.0354465870828781 0.0369786634208819 0.0386761828113127 0.0394881821545419
-9999 -9999 -9999 -9999 -9999 -9999 -9999 -9999 -9999 -9999 -9999 -9999 -9999 -9999 -9999 -9999 -9999 -9999 -9999 0.342490419022101 0.303681821437838 0.240110081821069 0.100705176007807 0.0163671533972929 0 0 0.0145646061918448 0 0 0.0983686200836213 0.180677440024863 0.175614659485321 0.16350478559861 0.151821820640561 0.141698124797526 0.131588565923953 0.114872042034487 0.118730821669253 0.099568965180558 0.0871075839330025 0.0762021631234514 0.0708591967427189 0.0475654210352411 0 0 0.0270523893688469 0.0387213478900809 0.042237728106492 0.0432385687432517 0.0430203776268452 0.0433300302571756 0.0418845699312265 0.0406382801201826 0.0387530981869539 0.03572634122176 0.0351130024749771 0.0371499983646805 0.0383239569938855
-9999 -9999 -9999 -9999 -9999 -9999 -9999 -9999 -9999 -9999 -9999 -9999 -9999 -9999 -9999 -9999 -9999 -9999 -9999 0.369654588370046 0.316420707302786 0.216294305883456 0.104321947367884 0 0 0 0 0 7.46372892345745e-05 0.104591003463338 0.183634523003738 0.17558271738055 0.163613979748259 0.153678704679271 0.143531886312492 0.133580593057558 0.108170698571626 0.112511779524844 0.0920927097197641 0.065641129048099 0.0398292916112438 0.0388986929372181 0.0378604326719788 0 0 0.0249434517542729 0.0333430604444571 0.0427593675856899 0.0444163475762978 0.0436835030750073 0.0432952226305627 0.0416312765128634 0.0397608676280995 0.037338282399758 0.0360685099327803 0.0333140566210355 0.0342494379456513 0.036241546558016
-9999 -9999 -9999 -9999 -9999 -9999 -9999 -9999 -9999 -9999 -9999 -9999 -9999 -9999 -9999 -9999 -9999 -9999 -9999 0.367574695488468 0.353663244472059 0.334047368795778 0.20683384455511 0.0450474264213347 0 0 0 0 0 0.121572729149474 0.184211189414531 0.174379620858181 0.162346237947839 0.153997223889588 0.145424811732468 0.137382999451478 0.103757634459173 0.101451140218409 0.0806497000115356 0.0274633329460002 0 0.0070998203098413 0.0277994353429596 0 0 0.0225614956099144 0.0340670424498329 0.043653065148751 0.0466903404517481 0.0458469494669714 0.0440846236071992 0.0418082848294484 0.0393246237914768 0.0362038604550224 0.0353544591921682 0.03251590523284 0.0314029355618434 0.0340307362747142
-9999 -9999 -9999 -9999 -9999 -9999 -9999 -9999 -9999 -9999 -9999 -9999 -9999 -9999 -9999 -9999 -9999 -9999 -9999 -9999 0.360233023090462 0.336957075469043 0.259551492420954 0.0321789287164951 0 0 0 0 0 0.132920554114889 0.182485222972872 0.172696870530042 0.16157026335082 0.154026179724648 0.14711620019446 0.140303065814286 0.113838798479127 0.0880355602215574 0.0639126348487523 0 0 0.0159431684857453 0.0182876880030215 0 0.0119666846997091 0.0297595831527503 0.0393957548521056 0.0463590254181406 0.0480639222323377 0.0473358337108163 0.0453257181283343 0.0423966368663516 0.039686489794555 0.0371821739321395 0.0353013891969269 0.0319932233769973 0.0302475472510003 0.0327533599203957
-9999 -9999 -9999 -9999 -9999 -9999 -9999 -9999 -9999 -9999 -9999 -9999 -9999 -9999 -9999 -9999 -9999 -9999 -9999 -9999 0.389935543785633 0.334282938788704 0.264521038901176 0.159389415200122 0.0183331227534392 0 0 0 0.0478059478643411 0.125293137047816 0.179266374603272 0.171290441144018 0.161518183634306 0.154164851549938 0.147768946591643 0.141818025137618 0.121017283044697 0.0906930022189716 0.0644053572149575 0.00362770470064311 0.0196121778879087 0.0250806651179066 0.00856957247643405 0.00209361208350868 0.023014451574598 0.0399574012037214 0.0431962952541444 0.0474845919084455 0.0493955867895576 0.0488245884531698 0.0463985407008323 0.0430283253035234 0.0388548649898096 0.0354988005518999 0.0341492945394287 0.0323142572990097 0.0303129651912788 0.0314964001084195
-9999 -9999 -9999 -9999 -9999 -9999 -9999 -9999 -9999 -9999 -9999 -9999 -9999 -9999 -9999 -9999 -9999 -9999 -9999 0.386321126413007 0.379170193039102 0.30157962805294 0.227549413863996 0.120029488884038 0 0 0 0 0.0929109707371608 0.145430482012637 0.17297022311373 0.16849534361939 0.162027671757776 0.155496659160224 0.148591867908794 0.143244897073325 0.122625574757696 0.106680789449103 0.0817128681090896 0.0357287379800718 0.0448833247407327 0.0417800492864425 0.0284115695051915 0.0327634993123136 0.0387051271538049 0.0496813961033602 0.0504906313713004 0.0509871773635934 0.0522628753685238 0.0505549767328149 0.0477490507937149 0.0431343750200767 0.0384322105887357 0.0348069065556676 0.0329391561322774 0.0309096480670641 0.0298106939239701 0.0295901665577279
-9999 -9999 -9999 -9999 -9999 -9999 -9999 -9999 -9999 -9999 -9999 -9999 -9999 -9999 -9999 -9999 -9999 -9999 -9999 0.401758964826376 0.379134773249023 0.322607466173132 0.261402392709364 0.19823478463909 0.0574897902342189 0 0 0 0.154024537281136 0.160543407244409 0.149211903475133 0.156424057961246 0.162747603416577 0.15954920340223 0.151295366466936 0.145241698110312 0.127871605212373 0.123186751590996 0.0992551062810076 0.0675230138041936 0.0611835974015667 0.0587270463077843 0.053220721455929 0.0513324162690905 0.0519713758140752 0.0579624881793138 0.0568339991348838 0.0538877286420995 0.055417562068739 0.0524165287666058 0.048248495958297 0.0427994846071096 0.0382322392795086 0.0350612910923659 0.0325768604211865 0.0309737987309846 0.0300313674130803 0.0291606052595089
-9999 -9999 -9999 -9999 -9999 -9999 -9999 -9999 -9999 -9999 -9999 -9999 -9999 -9999 -9999 -9999 -9999 -9999 -9999 0.432823714389626 0.388343726043674 0.373018697847906 0.321160804649262 0.260532110154993 0.124200193781014 0 0 0 0.157269700706827 0.162280886959842 0.12909828132847 0.146222071021398 0.160314070529652 0.162734751072833 0.154125844882249 0.147715792608421 0.137523748627471 0.13059945028008 0.106382062098935 0.0771852684362817 0.0701120964407848 0.0694556422667744 0.0672056421155888 0.0630797940547972 0.0616104164119185 0.0639153555585367 0.0617288315116511 0.0570464537906918 0.057430362350162 0.0537694957604626 0.0484138601411932 0.0428006663428303 0.0383421541477477 0.0355632117215701 0.0326363410594356 0.0309182010627542 0.0296873734673977 0.0290957065784285
-9999 -9999 -9999 -9999 -9999 -9999 -9999 -9999 -9999 -9999 -9999 -9999 -9999 -9999 -9999 -9999 -9999 -9999 -9999 0.442056513734312 0.391968145197351 0.383782499974018 0.342337354555576 0.248861288956025 0.0794191987522217 0 0 0 0.147026351575241 0.152781853935595 0.127563419904623 0.151173421114323 0.160651782021086 0.163652909853982 0.156977580286169 0.150449792418682 0.141450064710605 0.13107953279179 0.106983626262996 0.0825290205872187 0.0760464321753814 0.075387623666902 0.0737559201366039 0.0728844803479708 0.0694537822616408 0.0680245545473057 0.065417703016365 0.0606889204577664 0.0587536399873847 0.0543509071603764 0.0486601044877214 0.0434092595405528 0.0391802306362024 0.0360771664405819 0.033253390208115 0.0315562247021054 0.0297597025573827 0.0291636416691841
-9999 -9999 -9999 -9999 -9999 -9999 -9999 -9999 -9999 -9999 -9999 -9999 -9999 -9999 -9999 -9999 -9999 -9999 -9999 0.443874179849401 0.41183240215887 0.361166539150543 0.346273892412953 0.230906453329557 0.0351298776534017 0 0 0 0.114354656549258 0.130492173314853 0.130346301664615 0.151873288298142 0.162902784284047 0.166639311344698 0.16072097191057 0.153908490127829 0.145398335559033 0.134776456804341 0.103981376276924 0.0908494789485166 0.0864328428986168 0.0825888545158579 0.0801849306884709 0.0787123390044256 0.0746914629449155 0.0716312851065624 0.0678888611787823 0.063561974127599 0.0603334513189603 0.0546906959534922 0.0492272707052849 0.0445387278597936 0.0406387690497691 0.0365660909852113 0.0342728957030945 0.0327231193936777 0.030744401764121 0.0299524262810305
-9999 -9999 -9999 -9999 -9999 -9999 -9999 -9999 -9999 -9999 -9999 -9999 -9999 -9999 -9999 -9999 -9999 -9999 -9999 0.432281942145348 0.414638414838358 0.358282725190896 0.340596823798137 0.278351428710913 0.111506359009361 0 0 0 0.0672628003338669 0.102031241452511 0.135270731146768 0.157652916697327 0.166849476482062 0.17053159328367 0.16403854470572 0.156769827237023 0.14880710870357 0.138481466451063 0.101844266188716 0.0982942480652342 0.0935946907321645 0.0886962806864535 0.0854700489947705 0.0830607620511728 0.0782568703740811 0.0744695097303251 0.0698661927031664 0.0655814156028275 0.0615372531273404 0.0557999175874697 0.0503452386946954 0.045915840726075 0.042031203847135 0.0371915557137001 0.0353515636600889 0.0335589467416258 0.0320813199630167 0.0314060526781726
-9999 -9999 -9999 -9999 -9999 -9999 -9999 -9999 -9999 -9999 -9999 -9999 -9999 -9999 -9999 -9999 -9999 -9999 -9999 0.439880941857197 0.425294219734062 0.400426226447711 0.372095448040566 0.282558354283276 0.110164315817236 0.112927558011083 0 0 0.0503347614749058 0.0918506491228392 0.137384978888624 0.169004947348018 0.174074475833421 0.174826291564029 0.16729900249712 0.15989204209029 0.152071846444892 0.142131102788293 0.112561680218625 0.105704089541482 0.100456332929648 0.0951549678375397 0.0909416666570842 0.0878508631986913 0.0830061864960405 0.0783094659992608 0.0738783362569548 0.0684216074596404 0.0638830541334049 0.0576843481100269 0.0520057324456727 0.0471178617708609 0.0429195482374516 0.0384760206951105 0.0365705307770124 0.0347224188223573 0.0332969153556035 0.0318553199146535
-9999 -9999 -9999 -9999 -9999 -9999 -9999 -9999 -9999 -9999 -9999 -9999 -9999 -9999 -9999 -9999 -9999 -9999 0.46161820017935 0.451447907467722 0.42248874665012 0.39693212831359 0.37729676540251 0.214679928895518 0.127183847969296 0 0 0.0167965226336212 0.0935905493142646 0.119680669314818 0.137349845892521 0.166195517833269 0.17748924074289 0.17926366027448 0.171453195699996 0.163709925101275 0.155736090570094 0.145699252979895 0.127216422197417 0.114778999220883 0.106983719457327 0.100887202862946 0.0956533635477424 0.0899963211039964 0.0844210551177291 0.0811098840917801 0.076749064562013 0.0713809009625315 0.066479420773568 0.0600989332797471 0.0542719449388081 0.0487935997034641 0.0441794771788583 0.0381191188654746 0.0374800984419709 0.0354420814257298 0.0346285966294847 0.0338644217969554
-9999 -9999 -9999 -9999 -9999 -9999 -9999 -9999 -9999 -9999 -9999 -9999 -9999 -9999 -9999 -9999 -9999 -9999 0.48035722903652 0.459209986560322 0.425386070818094 0.397683178882206 0.365868019804631 0.196144691128646 0.168660397790309 0 0.0167346780434104 0.106267942579445 0.132882805201404 0.139523457454767 0.131339350473487 0.133825323315439 0.167125630007623 0.184149172489587 0.17723488134276 0.168325868038748 0.160022447029872 0.149537340045573 0.137352594673659 0.122789531889049 0.11241085410355 0.105301811047943 0.0994280105074625 0.0925014788638012 0.0863741064568311 0.083402552548734 0.0785912125070846 0.072885335640258 0.0682894467518388 0.0622113907599634 0.0563425724892597 0.0509346020286154 0.0462819251664961 0.0413808364050819 0.0394955894492501 0.0369741928996934 0.0357066814202598 0.0349651260966993
-9999 -9999 -9999 -9999 -9999 -9999 -9999 -9999 -9999 -9999 -9999 -9999 -9999 -9999 -9999 -9999 -9999 -9999 0.48172717170786 0.457492810834624 0.437116422385815 0.411840016606461 0.347620577752385 0.198989868914282 0.131318184188163 0 0.0012742960705287 0.122674080303586 0.152573194359991 0.147490287874569 0.130338493716762 0.118633232542018 0.16608326316576 0.190540897078861 0.183945241126389 0.173945076110342 0.165088706883314 0.154142868330385 0.142527042484856 0.128631575948578 0.117327259096055 0.109048323690146 0.10192130918737 0.0950889060786942 0.0888714655778963 0.0856556314331478 0.0799514098499858 0.0744227962659319 0.0699351005744431 0.064472437514688 0.058617247138275 0.0532758602237024 0.0487212889063535 0.0446579189130865 0.0420058783876672 0.0389737804697729 0.0368225268605293 0.0359248474456597
-9999 -9999 -9999 -9999 -9999 -9999 -9999 -9999 -9999 -9999 -9999 -9999 -9999 -9999 -9999 -9999 -9999 0.522257843581365 0.487921739048723 0.47172149036561 0.448070910705336 0.426281549605957 0.320526259069437 0.187612810727216 0.0855231467520565 0.0881418492347003 0.0217978167074451 0.135690055086471 0.164660997748064 0.13991180945208 0.0927302195543895 0.0894258163332476 0.134122585683298 0.185102344904765 0.188571238405871 0.181021246956006 0.171313065744559 0.159613644932624 0.147823114120656 0.134021403211133 0.122150597986076 0.112686948871531 0.103690689675013 0.0969224095498614 0.0911560971559389 0.0869853859237156 0.0807496511132006 0.0763962876751302 0.0713733621621855 0.0664040913942515 0.0605240582511754 0.0553297125784119 0.0508285166771528 0.0467400001614635 0.0437365899588333 0.040635591107691 0.0381734034094821 0.0366418286507902
-9999 -9999 -9999 -9999 -9999 -9999 -9999 -9999 -9999 -9999 -9999 -9999 -9999 -9999 -9999 -9999 -9999 0.49066826159508 0.494745435755106 0.495597048687006 0.472063254962766 0.42457045089036 0.301824815343829 0.162156117241648 0.0615991720166022 0.114984414659228 0.0657042431438547 0.129935608723878 0.165725683304247 0.145843135820886 0.0770388649322742 0.0363669959335282 0.0971013201426793 0.174483730898382 0.185614826605705 0.185921402769098 0.176464347762973 0.163952235863491 0.151430611260074 0.137589610447386 0.125137680287356 0.115746593515865 0.106286286458919 0.0986960212408931 0.0934059132044987 0.0877134370720616 0.0817027168823098 0.0785055653814418 0.0734108497804879 0.0682149124467625 0.0623803793301494 0.0573028219001877 0.0527420156832363 0.0483587401433297 0.0453382633299433 0.0422219118647505 0.039722877239062 0.037895587332181
-9999 -9999 -9999 -9999 -9999 -9999 -9999 -9999 -9999 -9999 -9999 -9999 -9999 -9999 -9999 -9999 -9999 0.502069047804446 0.480936541782728 0.484210927253744 0.473250538539496 0.419988008088678 0.319037709076443 0.174658498708248 0.0606818322164911 0.0794501224300464 0.1039181627755 0.127430716840428 0.148556629921774 0.1549298435279 0.0916066048921204 0.0512325485162539 0.105866106620093 0.168671274876557 0.182947630665071 0.188704171177339 0.182917812923321 0.170130704049883 0.156825496986568 0.142468678492227 0.129308465080709 0.120772095283244 0.110043844196091 0.102828390143182 0.0964734431899416 0.0903838976667826 0.084805294772274 0.0806893296194239 0.0767981819615176 0.0704668479895281 0.0646919053316485 0.0594413786790944 0.0546873803050018 0.0501451060236067 0.0471501690772579 0.0436732391176883 0.041042344739685 0.0395550299521201
-9999 -9999 -9999 -9999 -9999 -9999 -9999 -9999 -9999 -9999 -9999 -9999 -9999 -9999 -9999 -9999 -9999 0.52227163020961 0.501914556834723 0.496489127547785 0.482674096532446 0.423209597028669 0.294497361113765 0.225641564652507 0.124862967310573 0.10899869426424 0.137193377636381 0.158026965655521 0.133048994856125 0.159896255255486 0.116646388633882 0.0992400516216295 0.134673599556231 0.171047953194885 0.181667409484209 0.187069789852377 0.190148449368116 0.177184348393777 0.163135444172986 0.148574771366652 0.134322109370308 0.123352479836219 0.115532259894818 0.106549539301551 0.0992086017825723 0.0938928622451249 0.0895987767469797 0.0827290590273399 0.0791125808846929 0.0726581047508021 0.0666260853612579 0.0612193236311904 0.0561974973895428 0.0514744398667135 0.0482144586723099 0.0444178223322869 0.0418912738502672 0.0406658313625159
-9999 -9999 -9999 -9999 -9999 -9999 -9999 -9999 -9999 -9999 -9999 -9999 -9999 -9999 -9999 -9999 0.527056907153749 0.521986280353347 0.516150959308023 0.507935729697672 0.486212155302623 0.41601617745894 0.287910596087552 0.224203950749492 0.126743649239784 0.0835334921058115 0.146564437277925 0.170508145228465 0.14679236692078 0.140137448855962 0.132551300281471 0.141062991595473 0.160601249161708 0.177391184226328 0.183288499859568 0.186594814541069 0.194517791559158 0.184129177415937 0.169480964348794 0.154475317433831 0.140683880606816 0.12735454796033 0.120337234099409 0.11224157274436 0.103578230111043 0.0996394684696599 0.0929332140654465 0.0854101076891865 0.0806858407311571 0.0741371082711364 0.0684095350069367 0.0625014784688591 0.0566625204563708 0.0520306254677607 0.0489988224501436 0.0455538064922321 0.0432431751163582 0.0416623240863466
-9999 -9999 -9999 -9999 -9999 -9999 -9999 -9999 -9999 -9999 -9999 -9999 -9999 -9999 -9999 -9999 0.555452583672177 0.532000281357934 0.527638493034956 0.516276108144975 0.487769952521292 0.407999479561724 0.291887979995563 0.243335532091224 0.146089315717663 0.146849064834059 0.133280773071268 0.139826315081334 0.135419976821773 0.0716004662726781 0.137372934847722 0.174310408615817 0.181273272879165 0.186822525467285 0.189752888785215 0.191691432971325 0.195883054265769 0.191108684479395 0.176006080048307 0.160476491657472 0.146986877844133 0.132868762272592 0.12275825863779 0.115325784883113 0.106083118689973 0.102180775175893 0.095551886609151 0.0882299556694272 0.0842127900402174 0.0767804903622487 0.0701542764110092 0.0638478276078208 0.058251839438477 0.0534321530483846 0.0503756507469489 0.0473669741810611 0.0451875338985781 0.0428663528857165
-9999 -9999 -9999 -9999 -9999 -9999 -9999 -9999 -9999 -9999 -9999 -9999 -9999 -9999 -9999 0.566592113084029 0.564199829274176 0.558196791522795 0.544662460794734 0.524263837097169 0.487758802129524 0.382977854880394 0.266719152008546 0.234152473231251 0.135398729725219 0.0752670550833043 0.17294954329924 0.240242690691652 0.165817162851243 0.176957808770096 0.195074906755181 0.197707368697297 0.199484403740019 0.199905811112989 0.200992322332056 0.201638649378389 0.200520541620242 0.19826242565282 0.183152273737682 0.167994045710933 0.154000160188299 0.138156684021851 0.124581204594527 0.11466449179066 0.107032899607077 0.102764208844893 0.0975444058056309 0.0920057949215644 0.0871129320153487 0.0792537951197197 0.0723300896222911 0.0666579295589148 0.0612679929733841 0.0559555092668066 0.0520303810559716 0.0480335690728268 0.0452032998329256 0.042067087804467
-9999 -9999 -9999 -9999 -9999 -9999 -9999 -9999 -9999 -9999 -9999 -9999 -9999 -9999 -9999 -9999 0.568521593188842 0.556145621895049 0.553632826767526 0.530334351985376 0.482994184370472 0.355727821114368 0.257066098618971 0.221728830541859 0.177814928715558 0.127874266841801 0.185451607446194 0.263567096724567 0.22346608064712 0.21804313516148 0.196749844468019 0.207103906398092 0.208322433435386 0.212087466350857 0.212387305115785 0.211771985013204 0.213639026157031 0.205440749838071 0.190499696689127 0.17623848280537 0.16127784102724 0.140627620896207 0.126554794384644 0.117261073042865 0.110624078558767 0.103958650956655 0.100027139662782 0.0950958128056582 0.0900322334866905 0.0826190557257699 0.0759421252905685 0.0707309149615207 0.0640496203011924 0.0556732761848752 0.0512027688074926 0.0475588600479372 0.0455723723377381 0.0426230396091489
-9999 -9999 -9999 -9999 -9999 -9999 -9999 -9999 -9999 -9999 -9999 -9999 -9999 -9999 -9999 -9999 0.596524832691859 0.563301595957853 0.562659453488927 0.53379851420575 0.477085371096074 0.352927802319204 0.276012042874277 0.227675121125613 0.228640226059339 0.235095545566901 0.194000622671945 0.238319903066238 0.277373889782908 0.267735482947046 0.227588063374211 0.225554391783343 0.224665984975557 0.224282164297565 0.222617012139455 0.219742753279682 0.22189876666993 0.212262020919624 0.196910566653256 0.182561912445637 0.167378466416364 0.14410171327083 0.131898981550644 0.123796564471268 0.117115009138864 0.108156724344681 0.103187582687547 0.0963222723367851 0.0921892539503997 0.0858130218612175 0.0781111619875997 0.069837184911327 0.06202559683931 0.0533886587160763 0.0493371314125117 0.0463443496306067 0.0455238271711193 0.0430178264975554
