layers/veg/veg3100.asc
NCOLS 255 
NROWS 330 
XLLCORNER -2985163.8955 
YLLCORNER -3022031.214 
CELLSIZE 25000 
NODATA_value -9999 
[rows 182 to 207 of 330, columns 114 to 170 of 255]
0.275886212596316 0.281143131747223 0.286040731034226 0.290738992855717 0.295826891762777 0.300431011094819 0.303745834840927 0.306315833164443 0.30838359984442 0.31726551928002 0.325655157109577 0.330355012270218 0.337181221832687 0.345737721580494 0.349409519959108 0.352455171389154 0.355968183954459 0.363967291815954 0.376356102543518 0.38331130692484 0.387411073541859 0.381252945474891 0.377907016408718 0.377868858899667 0.399395450694309 0.42302802022131 0.408200213815636 0.39932066916922 0.39887476158163 0.39190311044218 0.383592513181407 0.395474152141997 0.404991260985209 0.410441873984729 0.394234458424146 0.368259295647737 0.384855871129887 0.397596160150066 0.402207653215071 0.410356125258875 0.420496009907258 0.426045423293582 0.428458768216807 0.423169803082196 0.421714305903849 0.422880444207559 0.478893794329635 0.530032865568826 0.547097321282674 -9999 -9999 -9999 -9999 -9999 -9999 -9999 -9999
0.270722827454058 0.273051385284068 0.276881689812311 0.281545108261439 0.28717203525445 0.292017355248272 0.294744866535235 0.298148802572931 0.302008848061228 0.310965836120806 0.319816020612157 0.326765281554332 0.334128464022948 0.341828469155785 0.34641755254972 0.349772656025075 0.349803874213719 0.356869580067249 0.370818624018852 0.37527425528631 0.376846066657115 0.373269209322186 0.374237189079569 0.380550908189489 0.397696002941373 0.414054736388573 0.393643116413167 0.385155685732928 0.393574754599328 0.392519362981894 0.388645136309494 0.397340587066994 0.40352683858778 0.405397793723842 0.38132057104252 0.345487636426541 0.346472984423357 0.351625831784546 0.365563491246806 0.382102458923543 0.4001060318461 0.415505559338285 0.424901054428751 0.418835262199465 0.425543636725015 0.440988019794336 0.510712116546202 0.566580328104514 0.558475256251299 -9999 -9999 -9999 -9999 -9999 -9999 -9999 -9999
0.264096202225403 0.266189369516006 0.269441466663763 0.27333649553793 0.278538562257896 0.283145718607793 0.28608117847784 0.291035318967298 0.297350644580838 0.304802156337343 0.312693512008304 0.321684655823283 0.329081339714163 0.335180554869255 0.340014671567579 0.343461151521026 0.341714915964885 0.348207697229277 0.362762464109843 0.36626916502177 0.367150397893944 0.366473082556818 0.371190638276418 0.382253762368223 0.394076778275915 0.403010763567004 0.382545589069353 0.377559125463385 0.394518876580699 0.398853347403165 0.398935352344918 0.406269047715326 0.40965982935573 0.406269626403355 0.377789583680988 0.337914192930493 0.326026115324656 0.323296138315678 0.339870829625035 0.358717398687127 0.37884309494222 0.404972291019931 0.424281324646495 0.424991143820726 0.435457076936183 0.452595029947756 0.521748528554964 0.577691804911098 0.572557038742507 -9999 -9999 -9999 -9999 -9999 -9999 -9999 -9999
0.255890945701751 0.260654061085817 0.263855607693897 0.266190853289147 0.269928159078247 0.273779984778119 0.277781368611111 0.285058465131532 0.294544356514307 0.29878520516471 0.304186424490043 0.314995562998985 0.321882573034209 0.32557800766795 0.329931892145982 0.333234475556857 0.33154953130114 0.337858292667974 0.351988999438331 0.356219696542068 0.358392623313285 0.360958220132493 0.368816515626736 0.382900202045577 0.388386382965466 0.389732807087959 0.375180453704546 0.37704897463971 0.402199539942866 0.411355964414906 0.414876198205783 0.422816445895902 0.42398936578655 0.413523901303402 0.384381432446796 0.346737497442437 0.324929699351571 0.313998221361388 0.325993304381 0.340584883143967 0.356638357604374 0.394446138470879 0.426831268480261 0.442464723348505 0.451934419800468 0.457188839653979 0.51036416756218 0.55697816498659 0.566108480301701 -9999 -9999 -9999 -9999 -9999 -9999 -9999 -9999
0.24547459970466 0.251426524376144 0.255996425997144 0.259799631980527 0.261786738032672 0.264974096942768 0.271448660136439 0.279705283626571 0.289163540471893 0.292271171617328 0.295819126444162 0.302745175347059 0.3097488581243 0.316815714345589 0.321227697614448 0.324889527795407 0.327028276803126 0.332639137893287 0.341647506025386 0.346296840005112 0.350211958219489 0.355342637945246 0.35927988477969 0.361813389072407 0.369757626610476 0.378384878180962 0.378825401805025 0.385425167222232 0.400757703983953 0.411387334683746 0.420044925353336 0.423976767863371 0.422939667501526 0.413357027631623 0.392396990169359 0.36627071543145 0.353148090125981 0.345846022361612 0.350813303636414 0.352507072075617 0.352357766309084 0.386823959087513 0.418250469598876 0.437694110103357 0.456104037112913 0.473807027216383 0.5158152717662 0.549972765178936 0.549970135438418 -9999 -9999 -9999 -9999 -9999 -9999 -9999 -9999
0.234887113420156 0.241423198502971 0.247434125131418 0.253153713134304 0.254073789167834 0.256934603750706 0.265304679988066 0.273696178007979 0.28210212061683 0.284926235455907 0.287210203596505 0.289416708296772 0.29637837838507 0.307209495633019 0.311809570990984 0.315989783901643 0.32240897259215 0.327445508362215 0.331129100182831 0.335684810294673 0.340849182428907 0.348572311248005 0.348242562159534 0.338440837407849 0.350385319549606 0.368302632393703 0.383863866867573 0.393843916268586 0.395910781756774 0.406689099555985 0.419938092621061 0.419310660392715 0.416173173829286 0.408718920291293 0.398284337820785 0.386522614316958 0.385155590309574 0.383061475106732 0.379434699914292 0.367678542293214 0.351345327603703 0.377775977934323 0.403713933271462 0.423413392643616 0.450523208038124 0.482700824312809 0.518352468055051 0.54284161391252 0.528819702273716 -9999 -9999 -9999 -9999 -9999 -9999 -9999 -9999
0.227201887705995 0.232571300912208 0.237880638294873 0.243156647816745 0.248702485777969 0.253612604257221 0.256853725215856 0.26155835602141 0.267249823384177 0.272258359679015 0.276514202465035 0.278504417768365 0.283039780747945 0.289646220891642 0.294393812523143 0.299338310857814 0.306347661147572 0.312716147469985 0.318457540026334 0.319635893364137 0.321478206381962 0.33328547255407 0.339470944434525 0.339043935742776 0.349940467174068 0.364104630815303 0.378532518099988 0.385732888335035 0.382685852167991 0.3899751919447 0.400476784429402 0.399887261486321 0.395461229157367 0.384437205389318 0.385423940167943 0.391885205856786 0.39014732306018 0.382730064437956 0.363341058463851 0.350360573872281 0.340988256118675 0.352469909885952 0.36537399278837 0.379600923945145 0.394756325275711 0.41054668961612 0.466992804642742 0.514715390617965 0.520063462651171 -9999 -9999 -9999 -9999 -9999 -9999 -9999 -9999
0.219647411059598 0.223568284402624 0.227549040567034 0.231563017521725 0.240100374550138 0.246754537096296 0.248076729711297 0.251033243579017 0.255091771185698 0.260436994113713 0.265347897122907 0.268440368501936 0.271397528857884 0.274244581822982 0.278743137112505 0.283854771097486 0.290548816824108 0.297464221959683 0.304596230169369 0.30540678861491 0.306726181293771 0.3193567756342 0.329982057093873 0.338248644553505 0.346507514503965 0.355095082653702 0.366814324988858 0.372158253112783 0.368463055460206 0.372330858592522 0.378728519363758 0.380446721466714 0.377604473417922 0.366919207658693 0.37478405032631 0.391061968215194 0.383430034487711 0.370691423424568 0.347188275421585 0.33534906324735 0.330076955081245 0.330895659596373 0.333066279348609 0.338081772618312 0.347902751658672 0.361010110590193 0.422615103290014 0.470933308639886 0.459055459406426 -9999 -9999 -9999 -9999 -9999 -9999 -9999 -9999
0.21226267872369 0.214369078527287 0.216207264342426 0.217896654886149 0.227303883521664 0.235305788117739 0.23887645348856 0.24260182307859 0.246431508863959 0.24971460611396 0.253571021737535 0.259477544128397 0.2619575491837 0.261649275243503 0.265383971780117 0.269887494766773 0.275090719102223 0.281533879598707 0.289190333830714 0.293540245750221 0.297970685734166 0.30719127934688 0.319561978132318 0.335637901295311 0.339195275863791 0.339838968676186 0.346804443777428 0.351490517588783 0.352944782853646 0.35347860476679 0.354011224198442 0.360983928084287 0.363454452150473 0.358182171255261 0.367026923427449 0.382208009382486 0.361511568690872 0.343453930315467 0.330958712109315 0.323331899694662 0.318446128353618 0.314166222682326 0.308589873907459 0.299539908874798 0.312620836187597 0.340836657879164 0.387301698577719 0.428438960625752 0.445826143478766 -9999 -9999 -9999 -9999 -9999 -9999 -9999 -9999
0.206403996905994 0.208186951672629 0.209013332147065 0.209309040331607 0.215380600009949 0.221589685134207 0.227552143607705 0.232412009935432 0.23652840450625 0.239489988366409 0.242859918752844 0.247922827819821 0.250280378932484 0.250436484081037 0.254765482335392 0.259495138116761 0.263243433302693 0.268973830908533 0.276643741631914 0.283088038950787 0.289328027291012 0.295922701433347 0.305584800944088 0.318854874991603 0.322989795787742 0.325044874221253 0.332151862180814 0.339716272500475 0.347929230971482 0.348086558290221 0.345690871168356 0.35099049731957 0.35445744769841 0.354772580150965 0.360363112990262 0.368251266688227 0.343980064754281 0.324401283649239 0.314713814258235 0.306647913147867 0.299494997817907 0.278721704527733 0.256640063079968 0.232698610169773 0.267060743722982 0.341295585942997 0.381754340815901 0.410367520960126 0.41023628457922 -9999 -9999 -9999 -9999 -9999 -9999 -9999 -9999
0.200335346569215 0.202651109968902 0.203076922192941 0.202454258907712 0.204036976635635 0.207531994794324 0.215733255096353 0.221710008825898 0.226186790134957 0.229399077785814 0.232496697918679 0.235602058264112 0.237850050206574 0.23940037099337 0.244690016210894 0.249914539373239 0.252420506632611 0.257522756853891 0.265165503878413 0.27297428720977 0.280340378348648 0.284804255789363 0.290599975850841 0.297962239083082 0.304135144002209 0.310211685939206 0.318596699105376 0.329804538102787 0.345014670459919 0.346471993165892 0.343119834393764 0.344274323558492 0.347125124780682 0.352893226941684 0.3544101024898 0.353889225022222 0.329551142341763 0.309767871198365 0.299585840513674 0.28934106423827 0.279060960537687 0.240026910314381 0.201141065261745 0.165969281519619 0.22561162408546 0.350095535842732 0.386544950515903 0.408063724261008 -9999 -9999 -9999 -9999 -9999 -9999 -9999 -9999 -9999
0.184998328625776 0.192643646423831 0.195809034438571 0.196489121921966 0.196523152017982 0.198715410451892 0.206545690279013 0.211845390696685 0.215438735480719 0.21892384693313 0.222114589970011 0.224370969589707 0.225160368802104 0.224756033894428 0.229977638393764 0.235635606003067 0.239520372284703 0.246127671519786 0.255399004824512 0.261227546982967 0.266367559053806 0.271808398629686 0.277680683384576 0.284060443638596 0.28874913310555 0.292891879071009 0.296446791494076 0.306156360968635 0.324592201393368 0.336578053322488 0.345441283389293 0.339822166823748 0.339475294706402 0.348195577191136 0.353056829252434 0.356066046326731 0.336847780262681 0.317797293481985 0.299100474296614 0.283868720453988 0.270587889939033 0.238971098165165 0.216845872309313 0.221759176543354 0.281782403270827 0.379494252903346 0.398924987339648 -9999 -9999 -9999 -9999 -9999 -9999 -9999 -9999 -9999 -9999
0.170268201734144 0.183112369154835 0.188841110241789 0.190622474092197 0.18979858254055 0.190875512136506 0.197130120691855 0.201544642131075 0.204718403053052 0.208955779810252 0.21259249801075 0.213932043926572 0.213768159445302 0.212380880191181 0.217045646102087 0.222524285678147 0.227589038083103 0.234721768045515 0.243878041069668 0.248362714074911 0.252076088743731 0.257186631642136 0.262012843616437 0.266504619178771 0.270617655012997 0.274391807980722 0.275984316013853 0.285347090549074 0.305726799136835 0.32613513224936 0.345011683397923 0.334366273798045 0.331240975615021 0.34104869173196 0.350615486754454 0.359977149468975 0.344043188741189 0.326281002357843 0.304665037615288 0.284102418777387 0.264132861510979 0.242683063095451 0.237727012426676 0.276243224477589 0.331689561802556 0.398714088286925 -9999 -9999 -9999 -9999 -9999 -9999 -9999 -9999 -9999 -9999 -9999
0.156490527664645 0.174328417062505 0.182343947866444 0.184910394820129 0.18431266748626 0.184568421662048 0.187356721168294 0.190559431891945 0.194041577796656 0.199783653778116 0.204420112318785 0.204736336289849 0.204412198455914 0.20356697545137 0.206907785002744 0.211245413429033 0.217178135647118 0.223298886617619 0.229603626179287 0.233743150187558 0.237284528577611 0.240013167114342 0.242031442745955 0.243214173591397 0.248177449726302 0.254039434099276 0.258170090974326 0.268993190997204 0.289305052414578 0.314830641838552 0.340264596167952 0.327335120336136 0.32208936138115 0.330057983801181 0.346466531934852 0.366610028827568 0.351079728065473 0.335477667118529 0.319724340463994 0.293291160831431 0.260844941833082 0.253877561704804 0.266731872651538 0.328677880281285 0.371766614666118 0.401959220219894 -9999 -9999 -9999 -9999 -9999 -9999 -9999 -9999 -9999 -9999 -9999
0.149984724114278 0.16220029403333 0.17143687706486 0.179020827565854 0.177796099167082 0.177145734296947 0.178895387801364 0.181375689204041 0.184348662424383 0.190204592699511 0.195057624168513 0.195738486696195 0.196059767831628 0.196088444802252 0.197821157153915 0.200326287876547 0.205070517557119 0.210368138234963 0.216207259234667 0.219889366016922 0.222925467248172 0.224847749775174 0.224807729803452 0.222459605607985 0.231848521306397 0.244123011735803 0.251925820119904 0.264959592405592 0.285409993750208 0.313086013024139 0.341449631553089 0.332238776706766 0.328601206408379 0.334548516540714 0.355870218417308 0.384079167531643 0.36962434527252 0.353254012368117 0.332845910138486 0.298432528801342 0.25613380533678 0.277630571090418 0.307817920906722 0.353443666778892 0.37197382286651 -9999 -9999 -9999 -9999 -9999 -9999 -9999 -9999 -9999 -9999 -9999 -9999
0.146374654276676 0.148818860408701 0.15882631353311 0.173029578350568 0.170864787488623 0.169308985702942 0.171029946506783 0.172979799181814 0.175083992373659 0.180424027454252 0.185138234961985 0.18681199527016 0.188118076245895 0.18912496347494 0.189162438984797 0.189588036510759 0.192328144036909 0.196873367615846 0.203184920839461 0.206339310131381 0.208729201533371 0.210587379301063 0.209032451862194 0.203462953505501 0.218601063824382 0.238797408271986 0.2507942231635 0.266390178348687 0.287089110536088 0.315561199476298 0.345185889982198 0.342292390740129 0.341958663141027 0.346027205857885 0.371183881808817 0.405828550229728 0.392949782025438 0.3748733067936 0.345840410072235 0.303030603869993 0.252464033673173 0.306959317072793 0.354038577823903 0.369499645323477 -9999 -9999 -9999 -9999 -9999 -9999 -9999 -9999 -9999 -9999 -9999 -9999 -9999
0.138337889440486 0.140498546307736 0.150929897379047 0.165949525877497 0.164393859826231 0.163316407424926 0.165199751120866 0.166208358952875 0.166627137252647 0.169367986792036 0.172739690852744 0.17747820643251 0.179994865477791 0.180703520856542 0.180222707966441 0.180082992533558 0.182197251396898 0.185702630091609 0.190569237718749 0.192276263751308 0.193905638855019 0.199174169298476 0.205100721629827 0.211801254068607 0.226643871427904 0.243915542686955 0.262129165120327 0.281865458776167 0.303760644721883 0.328158947327679 0.352606527287346 0.360421159265504 0.369261495897123 0.379865829392008 0.398057334253351 0.419635527559936 0.416920177791094 0.407731125525405 0.384895937997122 0.351335891072672 0.311737464980051 0.350832196862497 0.3806897790334 0.377197314645374 -9999 -9999 -9999 -9999 -9999 -9999 -9999 -9999 -9999 -9999 -9999 -9999 -9999
0.132257392894064 0.133969841594475 0.14234335983807 0.154412194855748 0.156599145658198 0.158292538849995 0.159741259759865 0.160066118994015 0.159633164545404 0.160202359273343 0.162228890570578 0.168739390553829 0.172288878885723 0.173428886749727 0.172633122005954 0.171995131451392 0.173302426648393 0.175305581410326 0.177989643849179 0.179731853364602 0.182041567269433 0.189020111992757 0.199668152755793 0.214632337086802 0.22954692317701 0.245145836397107 0.267355472881444 0.289223983124755 0.31060883359913 0.332449054437668 0.354110371423767 0.369149671526588 0.384423228940075 0.400099659792635 0.414186921334172 0.427508814420138 0.43095865636573 0.427551982754842 0.409692229355468 0.385758925551541 0.35840605241948 0.383069513049156 0.402588983858675 -9999 -9999 -9999 -9999 -9999 -9999 -9999 -9999 -9999 -9999 -9999 -9999 -9999 -9999
0.129919412000981 0.130868645374416 0.132436558554772 0.134347692572787 0.146271909880039 0.155121898304316 0.154993871338545 0.155127595249426 0.155437816321912 0.154653260641778 0.155329512535183 0.161138810991661 0.165381079340867 0.16834819957158 0.167626483916053 0.166618467599204 0.166772309980444 0.166388668465394 0.165479091934651 0.170092729030241 0.175839266003661 0.181274926058426 0.191364345749978 0.206927621934581 0.222617163731395 0.238938344210724 0.260895418798661 0.281054429428788 0.298664087081112 0.320845904125033 0.344294862704875 0.359894655455418 0.376357955767734 0.394306307966319 0.409762536083383 0.424030422381166 0.42599649185399 0.422431970293849 0.407209329851243 0.393623972869734 0.380960449730392 0.393046958671224 -9999 -9999 -9999 -9999 -9999 -9999 -9999 -9999 -9999 -9999 -9999 -9999 -9999 -9999 -9999
0.123536240225836 0.126007604436715 0.126045814618363 0.124734200295125 0.13451666495657 0.142998804330256 0.146969060115487 0.148924096095866 0.14952028056019 0.148685480502034 0.148653739433413 0.15169596270602 0.156126907256154 0.161687903689739 0.161055551620284 0.15967410221471 0.159079476087695 0.15799147923293 0.156420712674303 0.159955097132908 0.164856025295338 0.171407667843604 0.182640420817662 0.199379200896422 0.213991445454496 0.227985681350487 0.241889178538107 0.257958226752764 0.277097662945214 0.30201321908573 0.328464392646559 0.343751612605018 0.359397290357184 0.375659440328306 0.385348878297687 0.392056812476252 0.407085372245562 0.414203909554397 0.4046486444328 0.397550297156551 0.391835259533813 0.392107686019622 -9999 -9999 -9999 -9999 -9999 -9999 -9999 -9999 -9999 -9999 -9999 -9999 -9999 -9999 -9999
0.115081281429015 0.120245240532441 0.121455856402859 0.120473302622677 0.1220300501422 0.126290617250374 0.137265682361664 0.142072726492813 0.142720708352073 0.142503268227899 0.142092487948292 0.141309577133015 0.145671015816822 0.154218594609991 0.153683449607611 0.151926822015269 0.150791144349121 0.149860471961649 0.149130399918118 0.149562149348318 0.15142417620801 0.160453568009199 0.173701328074215 0.191910827531294 0.204497124039105 0.21460272946203 0.216457277177134 0.227217183935541 0.250603395501879 0.279477851860058 0.309553296926261 0.324080794452483 0.337880756329021 0.350429509488091 0.350697504513418 0.345489077281409 0.381030148693012 0.404384029226254 0.402048120140927 0.399459363050306 0.396728245852995 0.394268524902461 -9999 -9999 -9999 -9999 -9999 -9999 -9999 -9999 -9999 -9999 -9999 -9999 -9999 -9999 -9999
0.109387864946353 0.11095665497599 0.113778296262669 0.117294973419423 0.11793978013065 0.120409964053719 0.127890864296177 0.132229870343917 0.134450314595324 0.136343329375342 0.137722953289972 0.137515176353598 0.141004073732238 0.147501086446758 0.147911050039221 0.147310441467277 0.146293621025562 0.144263314111606 0.141241297441573 0.141275836259717 0.143767279688628 0.157190686762152 0.17115654350707 0.185760441725477 0.195164155026457 0.202824943940062 0.208071436435357 0.22042932893278 0.242869993343317 0.26534436549586 0.287827600324774 0.310243795605922 0.32918152942148 0.342137039120582 0.349831791350958 0.355205938327241 0.384807571877366 -9999 -9999 -9999 -9999 -9999 -9999 -9999 -9999 -9999 -9999 -9999 -9999 -9999 -9999 -9999 -9999 -9999 -9999 -9999 -9999
0.10422974947777 0.103284265989111 0.107103300763623 0.113565515307418 0.113529108917872 0.114418525219142 0.11837452047022 0.122395990775024 0.126461610544718 0.129829310686791 0.132549148992672 0.133352388430528 0.136272080670695 0.140914005812593 0.142256536315724 0.14282982152926 0.142217147549194 0.139789463166585 0.135585767388777 0.135036197369029 0.137575038675796 0.154100382298617 0.168027636425125 0.178898959397281 0.186973438319967 0.194156952753567 0.200481497912888 0.212589170436409 0.232896347156044 0.251060443599758 0.268911635451262 0.295821414841748 0.31793625080648 0.331804789814252 0.346147180494794 0.360643855137103 0.358337243669656 -9999 -9999 -9999 -9999 -9999 -9999 -9999 -9999 -9999 -9999 -9999 -9999 -9999 -9999 -9999 -9999 -9999 -9999 -9999 -9999
0.100198804680633 0.0996066701639227 0.102951258619116 0.108479796414379 0.107942661878069 0.107625383530893 0.108507377641611 0.112732495304102 0.119211862600179 0.122477516395004 0.125365622113401 0.12799041337513 0.131097705857862 0.134597626740826 0.136800807715456 0.138513868997981 0.138946552286234 0.137843552184967 0.135237865820642 0.133527651684605 0.134555699122345 0.151034334893845 0.163199632524795 0.170291485064009 0.181473734820786 0.192757136552461 0.193922201777586 0.201068048610586 0.216693640190932 0.236002086340537 0.256775214986374 0.279724910649375 0.300035690817203 0.315808089843632 0.334116967749911 0.353523056416307 0.355459453580259 -9999 0.373088456916681 0.373088456916681 -9999 -9999 -9999 -9999 -9999 -9999 -9999 -9999 -9999 -9999 -9999 -9999 -9999 -9999 -9999 -9999 -9999
0.0939702174503204 0.0959387402540508 0.0996100906253011 0.104226107199604 0.102678308970986 0.101565621625948 0.102218035542227 0.105769535487042 0.111275873030994 0.115358323551147 0.119121116502103 0.122266535912029 0.125355143793912 0.128397522115332 0.130282121376483 0.131868177325941 0.132914016104299 0.132674360915597 0.131176833082881 0.132796351754212 0.136557156508139 0.149256087460837 0.158571204614488 0.16390620406099 0.175456663973768 0.187933816610981 0.192351427481758 0.199673383243524 0.211113212712871 0.226642698141567 0.243816994088863 0.263759371892575 0.283611882805116 0.303309841514346 0.326325770245709 0.350773127250836 0.351344303805946 0.355817194512296 0.368514639728176 0.373088456916681 -9999 -9999 -9999 -9999 -9999 -9999 -9999 -9999 -9999 -9999 -9999 -9999 -9999 -9999 -9999 -9999 -9999
0.0863681189271015 0.0922768514742751 0.0967757133569881 0.100492430768473 0.0976152626650093 0.0959642170038584 0.0981647941074334 0.100494391741186 0.102910987201485 0.108384505000513 0.113463492676654 0.116316471951796 0.119257468635078 0.122270088213072 0.12309909381623 0.123766414834074 0.125155285985951 0.125490641801026 0.124795119093005 0.132550825034423 0.141696577191028 0.148282706086802 0.15406751031505 0.158909778491433 0.169116242119275 0.180970830553792 0.193898444769305 0.204607682995291 0.21217163631068 0.220845126116152 0.230345153615355 0.247875685625529 0.268111034546114 0.292998101219543 0.321183927894093 0.350773127250836 0.351344303805946 0.355817194512296 0.368514639728176 -9999 -9999 -9999 -9999 -9999 -9999 -9999 -9999 -9999 -9999 -9999 -9999 -9999 -9999 -9999 -9999 -9999 -9999
