layers/veg/veg3800.asc
NCOLS 255 
NROWS 330 
XLLCORNER -2985163.8955 
YLLCORNER -3022031.214 
CELLSIZE 25000 
NODATA_value -9999 
[rows 250 to 274 of 330, columns 56 to 111 of 255]
-9999 -9999 -9999 -9999 -9999 -9999 -9999 -9999 -9999 -9999 -9999 -9999 -9999 -9999 -9999 -9999 -9999 0.620685649173269 0.632802557788987 0.651899546931664 0.645435596803001 0.609600158469302 0.552028459561064 0.515386987668119 0.495957844014801 0.483573766158343 0.49028916036422 0.493752584112197 0.491396711099946 0.477322388063045 0.450417775406144 0.442125605496088 0.431531533971294 0.405875478044188 0.394780590515616 0.4063188392242 0.406594899401332 0.40176459238227 0.394319359074363 0.385498781019263 0.376477757994619 0.377052549633346 0.383343471292033 0.385561771297792 0.382409900634427 0.381745170436758 -9999 -9999 -9999 0.327037298528748 0.31979361441991 0.312319044862328 0.30531336104773 0.299021957730837 0.294284398775273 -9999
-9999 -9999 -9999 -9999 -9999 -9999 -9999 -9999 -9999 -9999 -9999 -9999 -9999 -9999 -9999 -9999 -9999 0.645004240846583 0.650514390248239 0.669982564869313 0.665306576248239 0.643769903645001 0.609590292912525 0.563668993265004 0.546707860683004 0.562363816192917 0.54137213505889 0.516536018441138 0.510517996903856 0.493988020610078 0.475220272938402 0.485402679737613 0.479867882289438 0.453482806649753 0.437451437485337 0.426951675525748 0.413541636502299 0.391644869023665 0.367678822520395 0.35026533701299 0.336467243303874 0.34680219042942 0.369306028894513 0.38488246832303 0.389410103200479 0.387041259307277 0.387801009144827 -9999 -9999 -9999 -9999 -9999 -9999 -9999 -9999 -9999
-9999 -9999 -9999 -9999 -9999 -9999 -9999 -9999 -9999 -9999 -9999 -9999 -9999 -9999 -9999 -9999 -9999 0.656657740081211 0.668781349533836 0.68088571470148 0.679249611246046 0.661274918878585 0.634774381214835 0.576666935011616 0.535868481301736 0.560510509100521 0.562540388179695 0.539881268539695 0.519621169844796 0.507245833739933 0.494716767759446 0.497922548993382 0.493571803033327 0.473741305672726 0.453963069585956 0.434114678822726 0.412574901508491 0.391868029424184 0.373011041923337 0.348087127341066 0.328008025101386 0.344432984915547 0.376026490645911 0.392563364432706 0.395490212392166 0.395124895567 0.39713401800888 -9999 -9999 -9999 -9999 -9999 -9999 -9999 -9999 -9999
-9999 -9999 -9999 -9999 -9999 -9999 -9999 -9999 -9999 -9999 -9999 -9999 -9999 -9999 -9999 -9999 -9999 0.679907315967638 0.679966676444716 0.692222185851105 0.695575723647019 0.665976277180828 0.635586723258528 0.628736281824202 0.612369342087495 0.560486043697594 0.526461071314736 0.545729546490421 0.517130532696408 0.498924401239638 0.500765390777171 0.500807206003357 0.489937003512788 0.474198689134312 0.458963583289926 0.437144835311011 0.418732164243151 0.400235925737971 0.379907950907904 0.359631350048707 0.3487102010103 0.365692483524892 0.392528607914533 0.404747615443279 0.402265590011368 0.401297762816864 0.406509963204957 -9999 -9999 -9999 -9999 -9999 -9999 -9999 -9999 -9999
-9999 -9999 -9999 -9999 -9999 -9999 -9999 -9999 -9999 -9999 -9999 -9999 -9999 -9999 -9999 -9999 -9999 0.710498731113153 0.708911655490971 0.714199297299132 0.708975881050562 0.696441396741327 0.679608855747203 0.655824844570169 0.633116326242959 0.602733568700165 0.570611182637743 0.571798351005922 0.563861265581397 0.535271759509575 0.510194448135252 0.492545436174062 0.475314318566151 0.454932739455407 0.456962862412328 0.438823615853182 0.422376902318536 0.416645334969493 0.408676928435974 0.416090257639352 0.413342843863955 0.407738708087329 0.410785659497451 0.413543408888675 0.414219535209503 0.41480890383878 0.421594162571311 -9999 -9999 -9999 -9999 -9999 -9999 -9999 -9999 -9999
-9999 -9999 -9999 -9999 -9999 -9999 -9999 -9999 -9999 -9999 -9999 -9999 -9999 -9999 -9999 -9999 -9999 0.727232900102906 0.729207238195611 0.728428348012338 0.693264532267721 0.683458640688075 0.676957147911452 0.678897914338193 0.677985125489751 0.651170764269345 0.624015019636866 0.619536141467005 0.604099532859461 0.586257907650238 0.554455147836999 0.522167425250527 0.491993655243993 0.454363968644482 0.432946060181967 0.419670870591685 0.41422289491931 0.410496550577779 0.410283227294305 0.433796621102891 0.443920771792029 0.436989431782624 0.431704479893141 0.435530542539205 0.436110111842956 0.436875387304525 0.439120651654112 0.438027074396482 -9999 -9999 0.412039960310082 0.406030756790553 -9999 -9999 -9999 -9999
-9999 -9999 -9999 -9999 -9999 -9999 -9999 -9999 -9999 -9999 -9999 -9999 -9999 -9999 -9999 -9999 0.707406056502702 0.725858548193067 0.741256193833261 -9999 0.714987703527016 0.721562476788008 0.700334176599178 0.647452835716329 0.653276740692542 0.659120609528031 0.646418399895984 0.640134475436206 0.621275961734876 0.598369795376702 0.574753229476886 0.545936625742906 0.502249298345145 0.4550034306778 0.427188000801107 0.413085672387163 0.420368230627775 0.428909810822036 0.435347371116654 0.453034725004836 0.459195843181635 0.452346841107501 0.44777666391586 0.450658097399255 0.450346560375883 0.448833385301215 0.446176908201899 0.439124697754305 0.433262626892287 0.426384183792491 0.418494502322158 0.419381076421977 -9999 -9999 -9999 -9999
-9999 -9999 -9999 -9999 -9999 -9999 -9999 -9999 -9999 -9999 -9999 -9999 -9999 -9999 -9999 -9999 0.667569174056173 0.694945168152995 0.737796615320667 0.751162989480588 -9999 0.734948828069148 0.682180939657501 0.622580699260818 0.649692958093819 0.678383313824477 0.662431227995841 0.654595819342411 0.647748671733774 0.611056632510778 0.586054044825108 0.581660955925178 0.550984387859834 0.514198416345686 0.485501981982858 0.475677296690093 0.465663052360357 0.449042458800211 0.452075580070199 0.474010162341787 0.488999093529849 0.483792159937158 0.477598548082321 0.477909764497715 0.472831697053058 0.465120090332384 0.458931572300442 0.449955941003511 0.4372917190376 0.433213777248753 0.434172923368557 0.435530997908431 -9999 -9999 -9999 -9999
-9999 -9999 -9999 -9999 -9999 -9999 -9999 -9999 -9999 -9999 -9999 -9999 -9999 -9999 -9999 -9999 0.673029796461125 0.696665236221718 0.73369004194479 -9999 -9999 0.715605808589139 0.742888662700994 0.710891969077506 0.672647759776793 0.695845165744045 0.662575681996203 0.652539368376484 0.667692460659608 0.640982734209856 0.621399911204577 0.612496768519769 0.574881941751067 0.526670679646106 0.486037833979146 0.483178251710815 0.475150044325939 0.465866308980149 0.475349159476699 0.505842909914744 0.534666196584162 0.522944785815514 0.506290077667583 0.498238097057696 0.489451253492024 0.478040837204072 0.476507440989491 0.475884176530274 0.46757687670749 0.457404673466532 0.446341383090553 0.446442386746884 -9999 -9999 -9999 -9999
-9999 -9999 -9999 -9999 -9999 -9999 -9999 -9999 -9999 -9999 -9999 -9999 -9999 -9999 -9999 -9999 0.708388158372103 0.715776071241598 0.740012130198906 -9999 0.718890288800524 0.705219192995149 0.678106518943291 0.6475348449836 0.641620943283315 0.649254928233248 0.64790420611083 0.65117407544567 0.656039644854445 0.627512898264758 0.610852649854997 0.614998037022892 0.585351144779731 0.549228027158534 0.536666943708887 0.506987995214797 0.493475811729329 0.509081130578578 0.522500923238783 0.543379301041367 0.551172746934871 0.538021140801299 0.518377670227217 0.504391725129689 0.495343776680248 0.48902071473094 0.485890056815947 0.477316032520119 0.468629322308223 0.466651458688242 -9999 -9999 -9999 -9999 -9999 -9999
-9999 -9999 -9999 -9999 -9999 -9999 -9999 -9999 -9999 -9999 -9999 -9999 -9999 -9999 -9999 -9999 0.742600290015695 0.744002714950628 0.743158454586659 -9999 0.743193914691793 0.731110405822546 0.696230088570419 0.669496010758664 0.662999318178812 0.679381607823711 0.6920688160903 0.67642620095095 0.681511428833016 0.658572472463444 0.608631474965689 0.577976551970562 0.581186308121889 0.579699856046989 0.564698049529455 0.549628396102344 0.542819353003683 0.55557106221354 0.560059752964015 0.561071765630649 0.551930899324858 0.538208392428488 0.522061507949325 0.512548762322256 0.506426867470373 0.501874465618143 0.497162146777652 0.49144545169956 0.489270427939729 -9999 -9999 -9999 -9999 -9999 -9999 -9999
-9999 -9999 -9999 -9999 -9999 -9999 -9999 -9999 -9999 -9999 -9999 -9999 -9999 -9999 -9999 -9999 0.739006700159615 0.739360466974564 0.741528696722471 -9999 0.753961172102086 0.734634137617404 0.70615519650843 0.679171621531437 0.650912215353197 0.676133973674815 0.705535561368738 0.661002160053931 0.649532928575045 0.652074006380192 0.623489206964878 0.601598750145698 0.59565914242043 0.585755713209684 0.570157808263999 0.587599849354371 0.588204660412042 0.57842456060513 0.565692088966426 0.553902727451654 0.546144633160147 0.538325741562224 0.531098253826307 0.528882833100607 0.514951535999259 0.49760293465757 0.494650677047249 -9999 -9999 -9999 -9999 -9999 -9999 -9999 -9999 -9999
-9999 -9999 -9999 -9999 -9999 -9999 -9999 -9999 -9999 -9999 -9999 -9999 -9999 -9999 -9999 -9999 -9999 0.743037838461857 0.746286475130363 -9999 0.76611804439806 0.72292759934164 0.716462840268145 0.730082738108888 0.662929186420739 0.670695552464631 0.685129401746192 0.657756647673224 0.658278510849982 0.650004751885008 0.627903483236683 0.616789950402495 0.599317946462099 0.583050586074179 0.576591411167858 0.591342932423507 0.593096761567408 0.579517181473658 0.563423781935946 0.553792180629419 0.546504154331108 0.540372000409143 0.536926545747589 0.530597921038391 0.512651042734161 0.511186688532227 -9999 -9999 -9999 -9999 -9999 -9999 -9999 -9999 -9999 -9999
-9999 -9999 -9999 -9999 -9999 -9999 -9999 -9999 -9999 -9999 -9999 -9999 -9999 -9999 -9999 -9999 -9999 -9999 -9999 -9999 0.762420639018109 0.726798301392948 0.708744366100926 0.718594538156964 0.69286592258255 0.683266672055328 0.676428012141811 0.665310314964088 0.654000208486281 0.651651170740802 0.635890046057397 0.630377542341426 0.616023739926057 0.610815170914299 0.623076799659879 0.612808735249705 0.598696798583174 0.5862334800594 0.57618195485694 0.563660082053548 0.54997938585577 0.542784915340922 0.531703166919585 0.519351806853525 0.512263421612975 0.513727005551309 0.522542321433338 -9999 -9999 -9999 -9999 -9999 -9999 -9999 -9999 -9999
-9999 -9999 -9999 -9999 -9999 -9999 -9999 -9999 -9999 -9999 -9999 -9999 -9999 -9999 -9999 -9999 -9999 -9999 -9999 -9999 0.750612062356 0.74545970430426 0.723750868372363 0.68852851171604 0.648515989900539 0.664115579214898 0.684530733379141 0.66697152467733 0.659235244880953 0.649486088271417 0.625005527963081 0.622421623009308 0.616115881349883 0.611463579128071 0.619370309326183 0.60580212600355 0.58414584898385 0.575628357739219 0.57647021747155 0.571914004450729 0.561826187643238 0.549785585886139 0.536173906083032 0.522285735246111 0.516153268266642 0.521060560923303 0.532541672815046 -9999 -9999 -9999 -9999 -9999 -9999 -9999 -9999 -9999
-9999 -9999 -9999 -9999 -9999 -9999 -9999 -9999 -9999 -9999 -9999 -9999 -9999 -9999 -9999 -9999 -9999 -9999 -9999 -9999 0.728284935135873 0.721428089837185 0.746826591005928 0.734040348019739 0.68364855352303 0.695180964272405 0.690719912436749 0.685356933325753 0.679207879068232 0.656934484689731 0.628255739817883 0.604123671860788 0.594271166401771 0.600973388781893 0.608984642188641 0.59548023972707 0.576336721041595 0.57286335748188 0.572901665681622 0.569101008117736 0.55710416835552 0.545812930161933 0.530987239905978 0.52279975449229 0.519615970377026 0.526648971937349 0.537228887126701 -9999 -9999 -9999 -9999 -9999 -9999 -9999 -9999 -9999
-9999 -9999 -9999 -9999 -9999 -9999 -9999 -9999 -9999 -9999 -9999 -9999 -9999 -9999 -9999 -9999 -9999 -9999 0.758923619446681 0.756885908888721 0.734019917582984 0.717369119764301 0.698532506721936 0.697448054919935 0.676674008563652 0.683761696846277 0.703786825044772 0.684907074272943 0.679753269152871 0.674965184851623 0.651539211369302 0.629904942447245 0.605141065849113 0.602752829209255 0.610237359215727 0.584433553735679 0.576583646812061 0.58635812405987 0.583906998410084 0.572751602533602 0.562345402133499 0.549614461774023 0.53262486825552 0.529529185012357 0.534952670652395 0.544566979841578 -9999 -9999 -9999 -9999 -9999 -9999 -9999 -9999 -9999 -9999
-9999 -9999 -9999 -9999 -9999 -9999 -9999 -9999 -9999 -9999 -9999 -9999 -9999 -9999 -9999 -9999 -9999 -9999 0.748071560987624 0.747178668461863 0.747034995242137 0.723302000996039 0.703186617637182 0.704861173092766 0.69100404162397 0.693199249889217 0.68474274717264 0.674226574142246 0.681786161241187 0.678765079040218 0.662155770542729 0.634941262477116 0.602819127602667 0.604521248598074 0.620345614847865 0.609577209443697 0.600173609912461 0.590223621723947 0.580700375980628 0.57328884495825 0.558154600814971 0.544899867250703 0.55484981415681 0.562554896118699 0.560983859504328 0.560125003203674 -9999 -9999 -9999 -9999 -9999 -9999 -9999 -9999 -9999 -9999
-9999 -9999 -9999 -9999 -9999 -9999 -9999 -9999 -9999 -9999 -9999 -9999 -9999 -9999 -9999 -9999 -9999 -9999 0.721563787915035 0.748322855657399 0.739867047434353 0.691400834374862 0.666349570501535 0.672876046516831 0.681095604535971 0.676819969505889 0.653939989822587 0.635221688417991 0.658312295747379 0.670417699242681 0.650692508945504 0.621229502491891 0.601484316110953 0.607452019538852 0.613729536479711 0.605227614091654 0.59942641925015 0.582932013097558 0.571792619966952 0.568855812014185 0.553245092955164 0.550750669135055 0.569536687758391 0.570123726939949 0.561611792070196 0.554705252755799 -9999 -9999 -9999 -9999 -9999 -9999 -9999 -9999 -9999 -9999
-9999 -9999 -9999 -9999 -9999 -9999 -9999 -9999 -9999 -9999 -9999 -9999 -9999 -9999 -9999 0.727040587398197 -9999 0.714969247533299 0.729891480785953 0.743944292057942 0.691250787328075 0.680321381085735 0.657107032475799 0.646684475199528 0.646322382662238 0.647926841909503 0.645328797050009 0.645475368388829 0.650650694604749 0.648344573807934 0.640719536139575 0.629226188808155 0.607530006315762 0.603848010068025 0.607913768455835 0.592506842008591 0.580187647769833 0.569800710682852 0.570053879406102 0.56147311423653 0.559819611451537 0.575609362141199 0.583651307985555 -9999 -9999 -9999 -9999 -9999 -9999 -9999 -9999 -9999 -9999 -9999 -9999 -9999
-9999 -9999 -9999 -9999 -9999 -9999 -9999 -9999 -9999 -9999 -9999 -9999 -9999 -9999 -9999 -9999 -9999 0.718380187389715 0.71859769556331 0.713256283718929 0.695110432567131 0.66105875926207 0.622006821314078 0.610194437924966 0.599175004351389 0.620887568636664 0.642023169173586 0.623761100666679 0.624118735579224 0.62674429712148 0.628613276406388 0.623345158985956 0.602212049282893 0.600716209635383 0.615715048207875 0.604598054584341 0.589031291134976 0.575616726566276 0.556209306057101 0.558276808553514 0.576253127763879 -9999 -9999 -9999 -9999 -9999 -9999 -9999 -9999 -9999 -9999 -9999 -9999 -9999 -9999 -9999
-9999 -9999 -9999 -9999 -9999 -9999 -9999 -9999 -9999 -9999 -9999 -9999 -9999 -9999 -9999 -9999 -9999 0.700894456090143 0.708012376516151 -9999 0.697682728453364 0.679293726156417 0.639400792451202 0.631890923587347 0.603482651391653 0.578142769160234 0.5846500192819 0.59692113353383 0.608243861537753 0.616581201497173 0.61688448630346 0.612876699831828 0.595710957912492 0.594654373488368 0.613235455108629 0.600993137655291 0.578032815607528 0.551315210763826 0.541872743029704 0.553757176998344 -9999 -9999 -9999 -9999 -9999 -9999 -9999 -9999 -9999 -9999 -9999 -9999 -9999 -9999 -9999 -9999
-9999 -9999 -9999 -9999 -9999 -9999 -9999 -9999 -9999 -9999 -9999 -9999 -9999 -9999 -9999 -9999 -9999 0.705701937998554 0.711550848055106 -9999 0.659654086072231 0.646030474402686 0.625869810795709 0.613966255887838 0.602667435082491 0.575873981886382 0.557335505369494 0.569231539432045 0.584908564282362 0.595859710452575 0.600620266048957 0.59879194963674 0.588722495239042 0.585258005597702 0.589861911176337 0.578231032035867 0.554184470575113 0.544308313491536 0.55835629334117 0.573446790580699 -9999 -9999 -9999 -9999 -9999 -9999 -9999 -9999 -9999 -9999 -9999 -9999 -9999 -9999 -9999 -9999
-9999 -9999 -9999 -9999 -9999 -9999 -9999 -9999 -9999 -9999 -9999 -9999 -9999 -9999 -9999 0.722195288841283 0.693498523110066 0.685114169017963 0.687207788359264 -9999 0.699669318941902 0.622499561270932 0.563079740544509 0.55011418529519 0.513055754001519 0.500784320539666 0.540374067038549 0.545482377593954 0.554993566630483 0.568400087439138 0.57502216382426 0.577859273486776 0.579632886134378 0.581147292246547 0.572286103798122 0.557706068740163 0.57032873650248 0.588116442519317 0.58400680928532 0.581485535878505 -9999 -9999 -9999 -9999 -9999 -9999 -9999 -9999 -9999 -9999 -9999 -9999 -9999 -9999 -9999 -9999
-9999 -9999 -9999 -9999 -9999 -9999 -9999 -9999 -9999 -9999 -9999 -9999 -9999 -9999 0.733776374127719 0.721882507701462 0.694145736521835 0.676403254485288 0.693683491973227 0.723425553958552 0.680857827341857 0.60095021321548 0.597099227565895 0.585790487846126 0.520350380626707 0.500429475375646 0.506614088920675 0.527103871411135 0.544247036626912 0.559122569255459 0.567882601600784 0.566759898248503 0.565627526468262 0.569716933442479 0.564728268418734 0.560118610427001 0.579344722770581 0.588698157659001 0.581372414154971 0.570307352089855 -9999 -9999 -9999 -9999 -9999 -9999 -9999 -9999 -9999 -9999 -9999 -9999 -9999 -9999 -9999 -9999
