layers/veg/veg3500.asc
NCOLS 255 
NROWS 330 
XLLCORNER -2985163.8955 
YLLCORNER -3022031.214 
CELLSIZE 25000 
NODATA_value -9999 
[rows 130 to 155 of 330, columns 58 to 115 of 255]
0.206519823509621 0.0764312898071234 0.0939175376367012 0.0824018254027709 0.0586540623189669 0.0514202728359759 0.078266325621295 0.0413976719340911 0.025547134652408 0.0409432053534453 0.0885685176826377 0.0871322152311355 0.0908077711198698 0.130161035674598 0.143746209384451 0.121952937762142 0.135613938224863 0.171996678989513 0.16870281674347 0.156299976280145 0.162655117809165 0.15122423366577 0.110652923715844 0.108560118499341 0.21378235047215 0.462421438233049 0.465314195345446 0.457948188712734 0.532952472355791 0.526383436649651 0.550508631593294 0.532244632927725 0.540279892832613 0.529302779220105 0.516122311837081 0.501306301179971 0.487355267844104 0.474139069691096 0.462882694505491 0.451240061709157 0.43814456167253 0.425909474058931 0.414611450321582 0.403574342759158 0.393103376854916 0.385327040129258 0.379183509932313 0.372449581215079 0.364884878239095 0.35740652439757 0.354962972841885 0.352519406303276 0.351609942120116 0.352959358309712 0.351235566095962 0.349276595594397 0.35743732070195 0.365580857415569
0.280641257230587 0.125093671748373 0.132886102156285 0.0755150601852376 0.0736961682303622 0.0943639940530105 0.0581520913356782 0.0237516767840049 0.00795485099060814 0.0128673712318848 0.0310246761924224 0.036288239620302 0.0665265071008024 0.107167883755579 0.12860953491098 0.130594162948792 0.136588250102656 0.161406493379997 0.177469196821831 0.174398164277859 0.183556024690575 0.171182254057573 0.134572906117459 0.120098001752258 0.218311570247669 0.356799758287599 0.471673481697323 0.491917651920228 0.441553794069489 0.527610638490564 0.481476982228985 0.519841695377384 0.528218751530719 0.518894385298606 0.508995533668341 0.496164431362425 0.482700928942567 0.469583453026702 0.458915900312261 0.447012806920102 0.433605639533852 0.421389818805947 0.409793505395725 0.398643254344033 0.388586907025759 0.380503531764208 0.374034040386228 0.367463236259229 0.359088583557313 0.349583831335003 0.345654371044966 0.343212272932539 0.341958592633272 0.343162417629335 0.343744632190449 0.34360812919499 0.347793675309452 0.359196255482124
0.401697557560262 0.248185709952363 0.233021188141205 0.156138730213429 0.133238833210126 0.154286688471747 0.0882208482824725 0.0458142617774106 0.0131864001613727 0.0119105287363594 0.0279857880533545 0.0291970958190572 0.0459991253009764 0.0784537560262145 0.0913996182081162 0.0886631489278336 0.0975458376735463 0.121121543988789 0.168661846973427 0.180267985969911 0.183706391955859 0.174555532915251 0.155144091449707 0.134070130997279 0.215554912287598 0.331648720258132 0.409989476469717 0.49189998796085 0.462171624871744 0.506680414151365 0.518026508268691 0.515318332768227 0.497473876012299 0.50341036321934 0.49787777595984 0.486963177255884 0.476063377449036 0.463195987033409 0.452670681296147 0.441076027872265 0.428265604814397 0.415939019834615 0.403496327440575 0.392475061251441 0.383205626895024 0.374815510308607 0.367574863021659 0.360830148637108 0.352864027726502 0.341738783421201 0.333468170858764 0.332170736483915 0.332134613731699 0.332013102724563 0.329350204692055 0.33252761492423 0.338067252416041 0.349666945698333
0.434953272809418 0.346218459188398 0.264913834628011 0.286248261997225 0.194273268251284 0.184697330984825 0.170567444859445 0.127277355513658 0.0484553703345904 0.0283750004047555 0.0409439721794997 0.0182315810562947 0.0253174842653272 0.0686748857613332 0.101885853610024 0.0655609436435953 0.0672238108443781 0.097987221872266 0.136467092397875 0.179903107539813 0.184318230863112 0.184521059822727 0.168513646918644 0.151111767391262 0.193338571678239 0.2250132504201 0.300206841603899 0.425584837753857 0.486737817286161 0.488752833016636 0.454675482374887 0.462426536559839 0.406903655836473 0.447050650253904 0.47881283614456 0.476450608892199 0.467525805950545 0.456916003353982 0.446654227400514 0.434783985943033 0.422414020065485 0.410262345054059 0.39730564310847 0.386097347285743 0.376998411905974 0.368747402106514 0.361525556840322 0.354997983087573 0.348291994188471 0.33625344144163 0.322818982510427 0.317754257430924 0.31922246241373 0.318575685801805 0.316328650465793 0.321459332633311 0.327980099696016 0.337118382569274
0.475031469145012 0.408550523561904 0.311673842658069 0.20062681260472 0.144774793778288 0.171734204381098 0.235654055711656 0.217617507721475 0.110901096762028 0.0713985383439394 0.12875748162888 0.134688850852997 0.0869164043131247 0.097711579470988 0.0814281916463448 0.0629150886610707 0.0856602944629253 0.117747495367686 0.124165677688535 0.172278808409041 0.176198922207154 0.178851338273245 0.178966199627705 0.173087875977745 0.183644812257479 0.129638309361006 0.146062008940712 0.265904476084762 0.424377848931214 0.441818908198849 0.418460703925585 0.43202192263308 0.40540742991271 0.408106932688012 0.445122304695693 0.459254509264249 0.457662138197488 0.450444038315125 0.439808931003865 0.42882571620286 0.416718379932997 0.404103532256519 0.391651073636306 0.380429305017046 0.370350007376617 0.362174475930256 0.355833932925647 0.348904681392987 0.340290597295177 0.327202022230236 0.313551723517812 0.300726602603345 0.299758061266078 0.303696494218262 0.310812044404714 0.312721924904659 0.317317777940941 0.323845408611461
0.518538770689956 0.493238186027143 0.401279345275287 0.277686230624253 0.200813461007239 0.196780686226228 0.194479962608268 0.201612171283915 0.197660319018841 0.15559649307878 0.22305859587049 0.202023768842641 0.119572744831922 0.101192888464834 0.0652661250371143 0.071222609806613 0.0759416627782905 0.113148497375898 0.0954424578651342 0.138331715336237 0.155209724445715 0.167540119798605 0.171538625746619 0.169871483692962 0.154315174014629 0.155023271485935 0.0538537589622902 0.104040982077221 0.293315067834674 0.374140749743904 0.383210992629035 0.404353935830164 0.387687392783544 0.360169014230142 0.375595115522492 0.424894306641147 0.450149549908701 0.443216370025038 0.432871977530942 0.422676082965193 0.410659063998979 0.397781236442722 0.385247200040709 0.374270965135837 0.364271975022972 0.356315359220273 0.350670489766692 0.342328762754271 0.332499540387668 0.312190423633921 0.291017200959455 0.290761669211644 0.284637147317132 0.293203889533904 0.300315441370302 0.298879570181199 0.306082901339122 0.311408395061492
0.558303940351969 0.535296064692796 0.485011319247885 0.404592125201604 0.314123548161304 0.302679262743279 0.329742859223094 0.330490411940502 0.304395002980438 0.269990339437207 0.295195957270667 0.167328671937653 0.146564377831361 0.132543588423014 0.0717478011292844 0.0849181017520868 0.0573265443763082 0.10133437132169 0.1096249294542 0.0887964794680178 0.149376332815669 0.142674527731324 0.161441734638729 0.162533455796594 0.139980842009589 0.142887423185386 0.106615053621001 0.067715646573597 0.16458706824265 0.27630994159449 0.340757634885389 0.356081919288651 0.310363802483509 0.307567765531185 0.322257340493245 0.351324615789192 0.401250771844012 0.427939921001915 0.426211302622778 0.415944970401113 0.403521195167557 0.390937238285213 0.379241047357196 0.368056427532767 0.357827098734327 0.349720392868097 0.344109457053731 0.336874699000293 0.329341707368882 0.319775201744687 0.309458552870576 0.294557149149676 0.273309102739357 0.277014739440912 0.289584239777609 0.292098340791594 0.293358562524869 0.297844641258232
-9999 -9999 -9999 0.468407913079427 0.387699210667169 0.411695089614411 0.383807140729926 0.35905873920899 0.345796275568483 0.360192677941013 0.424624457590264 0.345199269665821 0.270738357484165 0.246497182665294 0.135185779887858 0.0998324412630246 0.0457438185538405 0.100884227232897 0.0955057786573906 0.0681263258062009 0.104770243600179 0.133773875763423 0.131150379765992 0.113263331322291 0.134693501548987 0.132584186773506 0.130686466138601 0.102742020341507 0.0804499212025685 0.14459998274668 0.276649784960506 0.303796380598438 0.225248602479322 0.262799052418767 0.293569224907381 0.267622123371821 0.323482534562593 0.39685050042578 0.41991508345311 0.409561219686452 0.397103445082347 0.384964206818903 0.37389207085303 0.362388418951767 0.351446395970019 0.344131516396153 0.339163119168302 0.331361077341847 0.32454233170369 0.318669375791083 0.311033517804812 0.292972992378714 0.277521170793263 0.281072857939504 0.287977473449437 0.28304262264436 0.288972970484775 0.287032417384291
-9999 -9999 -9999 -9999 -9999 0.460009581471263 0.413715510631397 0.455724800196952 0.441307745602427 0.429034447764651 0.437402292933641 0.423335268838981 0.405409941730155 0.345536440223882 0.248809921882588 0.139606052183227 0.110743124013158 0.122388100990345 0.0804908407329031 0.059890357319524 0.0588666390615151 0.116050901890751 0.109173054227348 0.123381103249893 0.123234126556667 0.106078408799525 0.109651075843328 0.107901192344843 0.109716993362304 0.113378801061437 0.140380536097334 0.243582944939842 0.215143177096363 0.218705362502768 0.228935951589046 0.197730176501921 0.259313334815682 0.337659942852258 0.404034983096057 0.401913121308134 0.391986000043722 0.380740862640412 0.369586257585157 0.357537808405653 0.34617222166037 0.338512882494476 0.333985202715421 0.326718717354235 0.320048220443556 0.314742568750555 0.309749868902493 0.300411529234379 0.288361194272515 0.292892505379954 0.285644577164653 0.286351696701072 0.285767434308286 0.291061117838837
-9999 -9999 -9999 -9999 -9999 -9999 -9999 0.498831229512363 0.471928367602443 0.444391629111048 0.487560256524589 0.436368617909124 0.429630731500946 0.371440755037492 0.27411949303323 0.231090351590678 0.25831778133426 0.149019331900922 0.0664448128519027 0.0468076080815251 0.0412899670831422 0.0984105990783498 0.0927950535311471 0.120369441461308 0.129416277213644 0.11455563620731 0.0978170356093346 0.0855056245502249 0.104479792115584 0.170750660963626 0.104761243419855 0.0860022224696487 0.176655097051249 0.136257453519733 0.0583784007498286 0.11907390691877 0.203451179149808 0.240810724540888 0.339684091006368 0.357990839197562 0.370588220899742 0.369370015102454 0.362804840957784 0.350591981372279 0.340977004283888 0.331961106013028 0.326903873069838 0.320306999518588 0.313907919109213 0.308812646453238 0.304538648486566 0.301465482838392 0.295045331290884 0.296777515425299 0.288749276629925 0.287383087058153 0.287146008420909 0.294448321876214
-9999 -9999 -9999 -9999 -9999 -9999 -9999 -9999 -9999 -9999 -9999 0.452863420412528 0.436999374743546 0.43029773521053 0.392233311808349 0.361201139381389 0.322784559354406 0.136473118653696 0.0367515458568521 0.0426764159194612 0.0534466255346987 0.0821390704848247 0.0785162457715499 0.101579106653422 0.122106114391063 0.11605189372207 0.0973121674873954 0.0763775508045671 0.0814028030648966 0.104271838287004 0.0714222563064154 0.0102610857290006 0.0463453740936666 0.148243906230649 0.0995635578628964 0 0.00106228873503308 0.117480532447793 0.176515902844381 0.230256723244736 0.311776881540031 0.339052088626129 0.340685294965602 0.331622253048022 0.334007674959716 0.324240356220895 0.318168162509158 0.311745848211208 0.305712800280352 0.301830185040109 0.29763260592513 0.295409195406047 0.294005056078227 0.292982516542083 0.29073653831867 0.287835387222103 0.28998674211241 0.291258613991061
-9999 -9999 -9999 -9999 -9999 -9999 -9999 -9999 -9999 -9999 -9999 -9999 0.501333358066748 0.506076244996481 0.45634722316592 0.403322449163657 0.360142089644368 0.216560555125308 0.091535563349679 0.107479496276909 0.0817398893608869 0.0595775295505805 0.0660112077411705 0.0821192502029492 0.102517254848077 0.107450972741086 0.0996487376322037 0.0825526044438416 0.0805453486164845 0.0824155349975601 0.056294591944298 0.0142583549003108 0.024275944260403 0.081049600501742 0.0718939620795259 0.0687441453967804 0.0976981097134936 0.024829308436484 0.00435568160968109 0.123388434781948 0.248254119985206 0.290786012040636 0.28037390543671 0.280152893379372 0.3124389513988 0.309129171582511 0.306352734317725 0.301294741833578 0.295698468262649 0.294052092551259 0.291503014649135 0.28877598371191 0.287582265967038 0.286795662933894 0.286469440412503 0.286286467713029 0.287536426121062 0.285935581888741
-9999 -9999 -9999 -9999 -9999 -9999 -9999 -9999 -9999 -9999 -9999 -9999 0.559921072163147 0.536447794751653 0.47645883487901 0.433916275351243 0.411936288996155 0.333453701674208 0.259481181597215 0.225409845020719 0.0901050045783235 0.0351922504338714 0.0627013587320139 0.0693641883956689 0.0832684670635285 0.091756279656144 0.093308699861619 0.0880015521517315 0.0845125324196061 0.0832389048245555 0.0629891825683995 0.0386383053273488 0.0287738284693711 0.0275002393520678 0.0514936811611398 0.113407335010562 0.126236413222008 0.0567896955717422 0 0 0.0727695690897204 0.097565643222637 0.173247252102956 0.163990339822638 0.208550879372179 0.257611432523042 0.280912975358416 0.283130662336973 0.281614642615764 0.284186787997841 0.284683336436002 0.2822772763349 0.280497609759476 0.279548274995251 0.279743425581301 0.277250650387851 0.27814608867199 0.283823511081021
-9999 -9999 -9999 -9999 -9999 -9999 -9999 -9999 -9999 -9999 -9999 -9999 -9999 -9999 -9999 0.457158008483131 0.466184588273199 0.440799202794406 0.397126741546574 0.343763243727652 0.208976452129868 0.0818713402201165 0.0578022268430285 0.0659097070784773 0.0604267704199725 0.0629754008099207 0.0703673227364809 0.0753601300282124 0.0719352041942312 0.0729796764065966 0.0681343461284171 0.0556072323790732 0.0365389248290792 0.00367498939619191 0.0110957639165576 0.0539212506309352 0.0558352473727245 0.10140510734813 0.0449674856187169 0.0363876941042484 0.117319371609713 0.108320293547842 0.153735870116661 0.146815606556061 0.161262160039454 0.173292553343561 0.219706108030483 0.241237839482043 0.264767356037629 0.277541552848625 0.27716897799114 0.275186518151153 0.274118368456103 0.27319819911735 0.273529343617158 0.274597204858195 0.276171852876667 0.276415603543731
-9999 -9999 -9999 -9999 -9999 -9999 -9999 -9999 -9999 -9999 -9999 -9999 -9999 -9999 -9999 0.474666458769344 0.502380809220672 0.515693277749761 0.486427249282531 0.448791147807709 0.332428494879724 0.157446260621771 0.0653694322229684 0.0536528134040524 0.0286005638530609 0.0323623982921902 0.0493649457626152 0.0399920079086083 0.0477492549193654 0.0543140517325197 0.0556231987442354 0.0567882133168257 0.0407611607938462 0.00176225156511244 0 0 0 0.0941642972654374 0.0806014173738681 0.0945137830190059 0.114752085326365 0.136400710347977 0.132476785813941 0.151493935859523 0.144172160378102 0.13935161061351 0.173299774482237 0.223453481698166 0.25073967762593 0.270192201141 0.270144669105467 0.268623410130124 0.267925159796924 0.267103029541396 0.267810209972956 0.269055679610337 0.270289264826556 0.270096695268817
-9999 -9999 -9999 -9999 -9999 -9999 -9999 -9999 -9999 -9999 -9999 -9999 -9999 -9999 -9999 -9999 -9999 0.548959121582099 0.525964461117992 0.509536542006646 0.410740034657218 0.217035778834595 0.0868416922625359 0.0345036068552745 0.00300248399148195 0.0177219144986145 0.0552562593740433 0.0354852404232064 0.0455141913960243 0.0479321199591 0.0321970624844817 0.0502011817346908 0.0383828812533931 0.00432784135541831 0 0 0 0.0507391571282877 0.110432660509207 0.0958399377047582 0.0962772807631221 0.131528769034076 0.115367947532214 0.14583101783026 0.12104333653737 0.0758758983346721 0.153735809533497 0.216298983239183 0.24658694838842 0.26395828653041 0.262861805463084 0.262303189905622 0.261530693192275 0.260878941673005 0.261753898422838 0.262879197467184 0.264161499532068 0.265784387710455
-9999 -9999 -9999 -9999 -9999 -9999 -9999 -9999 -9999 -9999 -9999 -9999 -9999 -9999 -9999 -9999 -9999 -9999 0.533520916208629 0.529985004474092 0.45597408773429 0.2849761953243 0.142584437866945 0.0556569981432188 0.00709365805615189 0.0194523918437383 0.0467724828383035 0.067880160555419 0.0634880238530047 0.053440252922043 0.0470550097565677 0.0424868261717537 0.034174532141383 0.00361363728764972 0 0 0 0.00386442446990995 0.122877338787098 0.0549399369317513 0.0891583473189933 0.107867648553359 0.130346109082352 0.16833648700059 0.106216704026037 0.0549939541428132 0.145853100823672 0.223241142474609 0.247590807977017 0.259261740276784 0.258037180114712 0.257378163404949 0.256654184240909 0.256203741409702 0.257087942694503 0.258122116328398 0.259214234567624 0.25827356994362
-9999 -9999 -9999 -9999 -9999 -9999 -9999 -9999 -9999 -9999 -9999 -9999 -9999 -9999 -9999 -9999 -9999 -9999 -9999 0.493573196988948 0.468871838361629 0.336743592651964 0.194317227993509 0.0722237031718928 0.0282771441494261 0.0400920594396966 0.0547201738702442 0.0729298516149849 0.0652020837533044 0.053488783603068 0.043142110721472 0.0386188482825677 0.0321146927145965 0.0154887742003262 0 0 0 0 0.0451416860513193 0.0391374801454888 0.0688764838177222 0.0858994033377598 0.131787941987964 0.187820201091102 0.105120782878397 0.104635484010915 0.159275918827772 0.233303975264813 0.247864275638475 0.254575710312236 0.253405747470532 0.252588025250331 0.251585723092139 0.250229267720873 0.250181565426669 0.249706182205973 0.250375285350376 0.248619632231798
-9999 -9999 -9999 -9999 -9999 -9999 -9999 -9999 -9999 -9999 -9999 -9999 -9999 -9999 -9999 -9999 -9999 -9999 -9999 0.462226858954997 0.452867720409559 0.350386922060187 0.231555663083425 0.0848768824862897 0.019642883823787 0.0183464704762821 0.053683855076979 0.0689096158238756 0.061857126593469 0.0516895483323556 0.0382143497693439 0.0304575499134657 0.0232756850468721 0.0110130790806533 0 0 0 0 0 0 0.0846831751704812 0.0503101460860937 0.020624359443434 0.104205465275606 0.106800944960725 0.165561128392627 0.189752375281204 0.226016913964692 0.239302102938213 0.246790672907872 0.246939860484802 0.246552211752091 0.245224367068108 0.243271183111951 0.242661155790828 0.241031004200461 0.242542022346541 0.243306332892606
-9999 -9999 -9999 -9999 -9999 -9999 -9999 -9999 -9999 -9999 -9999 -9999 -9999 -9999 -9999 -9999 -9999 -9999 -9999 0.459171166443073 0.44064905459476 0.372300827001028 0.276037854410547 0.122809387109495 0 0 0.00347378342223666 0.0346421365788561 0.0574895520519864 0.0494719506471307 0.0358519555147569 0.0233951979468971 0.015864289462271 0.00658861821392225 0 0 0 0 0 0 0 0 0 0.0677694593872162 0.110188086741497 0.190510158219951 0.165146129710029 0.192223611932164 0.214496946662987 0.23318875339989 0.239026919002566 0.23905802573803 0.238215710541427 0.237703780510949 0.238363114566995 0.2378864942871 0.241140219165089 0.244282851360298
-9999 -9999 -9999 -9999 -9999 -9999 -9999 -9999 -9999 -9999 -9999 -9999 -9999 -9999 -9999 -9999 -9999 -9999 -9999 0.448036854988653 0.447544681414613 0.404073935039581 0.336030538733975 0.12710772469997 0.00472682726231658 0 0 0 0.0497255122478058 0.0454688545552804 0.0332645593121091 0.0184725350698049 0.00760094847126306 0 0 0 0 0 0 0 0.00614879004940105 0.0386901548769113 0 0.0236008958963668 0.065138938710157 0.163209245043046 0.184562762339363 0.172692317422643 0.19256161505819 0.21847812585095 0.228088547737186 0.230628962953278 0.231229084960624 0.231253763270661 0.233546747026776 0.234825982993338 0.237233104972463 0.240979749247767
-9999 -9999 -9999 -9999 -9999 -9999 -9999 -9999 -9999 -9999 -9999 -9999 -9999 -9999 -9999 -9999 -9999 -9999 -9999 -9999 0.501083389325219 0.390129811281689 0.342557397294563 0.196283659619269 0.0459967609513573 0.0260129443050686 0.0435656011493863 0.0380903271605234 0.0386930257168693 0.0376731994827896 0.0242046878761021 0.0146454590993855 0.00268797293999971 0 0 0 0 0 0 0 0 0 0 0.0621413855372552 0.0748620657946889 0.148584230763708 0.173324718669606 0.164572525936793 0.139293593399734 0.206482026078959 0.218486599759175 0.2221280374131 0.224319594328616 0.225108490119612 0.222763233110909 0.230922721949454 0.235061837097765 0.237647669501299
-9999 -9999 -9999 -9999 -9999 -9999 -9999 -9999 -9999 -9999 -9999 -9999 -9999 -9999 -9999 -9999 -9999 -9999 -9999 -9999 -9999 0.391488288608208 0.354429787259303 0.245108562551085 0.0651379960898804 0 0 0.0361910464571717 0.0333326527530215 0.0280927551530135 0.00569210361735863 0.00885342243359045 0.002592171164437 0 0 0 0 0 0 0 0 0 0 0.0151820850952495 0.0788553307248106 0.14905612254231 0.158980318446412 0.167296400813696 0.155069907851465 0.202571769900601 0.211717446700012 0.215478083026368 0.218910792995348 0.220083210508946 0.21980734128293 0.223015866565632 0.22934975040383 0.237368385196652
-9999 -9999 -9999 -9999 -9999 -9999 -9999 -9999 -9999 -9999 -9999 -9999 -9999 -9999 -9999 -9999 -9999 -9999 -9999 -9999 -9999 0.375219055067665 0.365612398297929 0.293315905263471 0.118695461766588 0.0202796499184521 0 0.000858475948673359 0 0.0183548763334474 0 0 0 0 0 0 0 0 0 0 0 0 0 0 0.0763335466934151 0.1490207677135 0.159003382682729 0.163343804614793 0.167508227499887 0.198933917061677 0.206685095462739 0.210416183185501 0.214048863079154 0.215389730691731 0.217869420304748 0.221061148714111 0.225670221581245 0.233094494132879
-9999 -9999 -9999 -9999 -9999 -9999 -9999 -9999 -9999 -9999 -9999 -9999 -9999 -9999 -9999 -9999 -9999 -9999 -9999 -9999 -9999 0.377352822554841 0.371488771656239 0.315962423772112 0.159499446788623 0.0405536325129984 0 0 0.0114339541809567 0.0158755940990771 0.00387500034949548 0 0 0 0 0 0 0 0 0 0 0 0 0 0.0908257546552531 0.146325607819857 0.15750517253491 0.152230572988243 0.165515281963919 0.19386394015983 0.202191612200132 0.206867528873756 0.210730417972511 0.211942087473084 0.215700246966112 0.220175945621537 0.223256789036801 0.22911779477963
-9999 -9999 -9999 -9999 -9999 -9999 -9999 -9999 -9999 -9999 -9999 -9999 -9999 -9999 -9999 -9999 -9999 -9999 -9999 -9999 -9999 0.377219971673778 0.372565294292164 0.328942726745569 0.183117012699689 0.0462912350559515 0 0.000646603266171161 0.0116963873496247 0.00998966893402856 0.00373321334603635 0 0 0 0 0 0 0 0 0 0 0 0 0.0590406468229795 0.127421630620986 0.148490982720879 0.14511538569509 0.1384747490141 0.163588975774928 0.189276639316711 0.198569105831696 0.204333138761171 0.208706006602622 0.209663402928289 0.213218953156756 0.21788597151866 0.221013256713072 0.226100982049326
