layers/veg/veg3100.asc
NCOLS 255 
NROWS 330 
XLLCORNER -2985163.8955 
YLLCORNER -3022031.214 
CELLSIZE 25000 
NODATA_value -9999 
[rows 182 to 207 of 330, columns 116 to 173 of 255]
0.0546207267545172 0.0563210930025366 0.057984277821924 0.0609012145228421 0.0634460309106489 0.0680159799632584 0.0728356407223536 0.0779860915412668 0.083539314946693 0.0884210166215764 0.0953064769228823 0.102525873116992 0.109415244030553 0.115325280151647 0.123869384547597 0.129817253642929 0.138050661560568 0.150199630146506 0.15836026651808 0.161198602555133 0.170860409098556 0.182430726307168 0.190726474190705 0.211840028196809 0.225211033184291 0.220216383613039 0.222120787644887 0.22260262012849 0.237765262625927 0.237759894938879 0.257865464007694 0.265916318792747 0.263887708329764 0.259847385409128 0.268302098779641 0.283090809923232 0.302787798414811 0.314359730710595 0.333289401926333 0.344773053821907 0.351006180023873 0.359328754233677 0.376181048905169 0.389413971988823 0.396104780384001 0.458711337440323 0.522548630123105 -9999 -9999 -9999 -9999 -9999 -9999 -9999 -9999 -9999 -9999 -9999
0.0515589573125492 0.0531247925810707 0.0549957038554327 0.0576748861645237 0.0605646089312204 0.0646012321759237 0.0692686682941238 0.0741871533904445 0.0795830936322989 0.0843122942295443 0.0909651398767156 0.0978251461804664 0.103811274106709 0.110084284086994 0.119422277478398 0.127992918982594 0.136459763159133 0.146254554630112 0.153185130666563 0.152767856185216 0.160828672860028 0.177748015956909 0.188345267172301 0.20642356377103 0.216598771459483 0.202345358575152 0.205954970386234 0.220626006726343 0.228960175715508 0.232243989823152 0.242930139641135 0.257202913814898 0.255143460767952 0.25066846074423 0.252531121449572 0.266936566759092 0.289271467435411 0.308113360364677 0.323399919633463 0.333342280558773 0.346193100736173 0.354823663453614 0.367004027280591 0.385743492470538 0.41386088096272 0.478261129451663 0.513094999020591 -9999 -9999 -9999 -9999 -9999 -9999 -9999 -9999 -9999 -9999 -9999
0.0486902980572135 0.0500982265935947 0.0519399066444593 0.0544315578009219 0.0574931454606126 0.0611523594023442 0.0658309585419954 0.0705414559867243 0.0758813279367071 0.0802671803810768 0.0866234973832914 0.0930795504504068 0.10021707456936 0.106740333775674 0.113539837249854 0.122228055284593 0.131822392309235 0.140780824109689 0.146713925534534 0.148750553610802 0.162087585444851 0.171228932607657 0.19271433247332 0.201520925562625 0.195120236512619 0.198009080182934 0.210313374846242 0.225404087816706 0.238859239016327 0.246721806419008 0.2466403923483 0.25649994467299 0.250000605324506 0.24441961932558 0.243239090740199 0.250373421746099 0.269409492112567 0.284707085363665 0.301067438528759 0.317451415555249 0.341297111493179 0.352980613807528 0.356344549451888 0.393116316893601 0.447116554649767 0.48763428694083 0.509392139652639 -9999 -9999 -9999 -9999 -9999 -9999 -9999 -9999 -9999 -9999 -9999
0.0461058602035442 0.0475891255027362 0.0491237702083729 0.0515512807650846 0.0542041295624523 0.0581643008828975 0.0625000774483669 0.0671958939151372 0.0723709726425388 0.0765564933756163 0.0823293665553693 0.0884877909203985 0.0954349485368238 0.101622855809252 0.10675398353791 0.11433728634715 0.125386828092918 0.135739681031572 0.138196572609153 0.147257243768355 0.162401423112085 0.174825285823067 0.180034312083557 0.183075585070589 0.181205725425294 0.201053833127547 0.216248933311751 0.225416848028259 0.242009677811869 0.252907797486546 0.256574728713026 0.259778070575335 0.252635824285818 0.245481336429172 0.246292490045044 0.250144792857441 0.266784058647741 0.266592932075728 0.27986941824053 0.307257035448545 0.334111205123383 0.356186120774107 0.357746702318638 0.404965162574248 0.455849147437207 0.488796533599047 -9999 -9999 -9999 -9999 -9999 -9999 -9999 -9999 -9999 -9999 -9999 -9999
0.0437943368388752 0.0449228883399983 0.0465906727786508 0.0485840685962855 0.0510932437750574 0.0548868146645439 0.0592600375685507 0.0638839885638584 0.0689654564984725 0.0730511563785104 0.0786867837623276 0.0846707166138588 0.091183543912111 0.0983015658461079 0.105841995867033 0.112720372504009 0.121593143074868 0.13046890821675 0.136669135443115 0.146764896805566 0.156485838174742 0.161807482953492 0.163051420491577 0.176191468725959 0.183863582650592 0.207334178454754 0.215590341386033 0.225175174661155 0.240909045814374 0.25243683922315 0.263952419738232 0.268369846446014 0.265348989434828 0.256956219305247 0.261200917677646 0.272251982785731 0.278670873430984 0.272857649666632 0.281752069438959 0.288430611737058 0.316760635483232 0.36115235819537 0.383827975832596 0.407839451018111 0.4456686343803 0.471837345250657 -9999 -9999 -9999 -9999 -9999 -9999 -9999 -9999 -9999 -9999 -9999 -9999
0.042015253642644 0.0431402043287454 0.0446359967113727 0.0465668219155098 0.0491332272156569 0.0525603490251629 0.0569978865978657 0.0615177301764853 0.065717507836679 0.0689872699552199 0.0746774794501855 0.0815813237350346 0.0887954537039973 0.095638051471862 0.103249064547166 0.109742076594622 0.118457607094252 0.127903404796163 0.136164798398881 0.145864801389329 0.150095880557394 0.14868219818789 0.153451493225216 0.17439736754845 0.192866940170065 0.208349488040964 0.212666554587012 0.220981536840833 0.239649352313849 0.248640031106923 0.261320846145733 0.27698556421754 0.278244478565405 0.276586998343353 0.289337360548142 0.275755050983484 0.268813658431554 0.278263472616975 0.29198975900913 0.285075617539582 0.310714339842913 0.367125815652149 0.376134188013844 0.393741719744241 0.430673223126088 0.466542736851539 0.484439873461639 -9999 -9999 -9999 -9999 -9999 -9999 -9999 -9999 -9999 -9999 -9999
0.0401119884042597 0.0410975239292578 0.0422957081384732 0.0440737295338359 0.0465279029837668 0.0498659418448653 0.0543134858098596 0.0584217769726674 0.0617714435620904 0.0652555242499088 0.0707643682544017 0.0772019961921024 0.0842429198794403 0.0914153329483639 0.0994592928691489 0.106021766112167 0.113964509675197 0.123704136008764 0.13135892896025 0.139944350383888 0.143086868746592 0.145743377999178 0.155540158846977 0.175935444051985 0.19524074785059 0.203788617959131 0.207928057647877 0.212190942179668 0.2344042345329 0.240834929713199 0.246342133855079 0.256691798573511 0.277362253065905 0.288325458261589 0.286123392810206 0.27567275797111 0.27448925860386 0.275700456958193 0.291419049990351 0.284720646723811 0.300651118458926 0.354751559830735 0.367994816390496 0.383360536459485 0.419809368141997 0.462312287472684 0.484617217903002 -9999 -9999 -9999 -9999 -9999 -9999 -9999 -9999 -9999 -9999 -9999
0.0380979356152184 0.038720012138875 0.0397600503632079 0.0415346964612733 0.0437712837160038 0.0470241492007305 0.0514360508544 0.055102518298552 0.0577467439542484 0.0614536988153505 0.0667503002797213 0.0727814477024969 0.0792747455261256 0.0867364722255887 0.0951221122085129 0.101637225515765 0.109218700969622 0.118056283430759 0.124289580833297 0.132213523342682 0.139797292498956 0.149189464411613 0.163444877452941 0.175815757961489 0.186448215071234 0.195676646801847 0.199390791555153 0.205528286173968 0.215679807208945 0.231782461404545 0.237698698464936 0.24202246879832 0.255981392128116 0.271885486648424 0.279288643251253 0.276615694513718 0.276253810827517 0.276117283128354 0.284214524282598 0.283879510312107 0.296081170126128 0.331689371779221 0.35149279837089 0.368881996118922 0.403634018720769 0.452795384028044 0.464186363930394 -9999 -9999 -9999 -9999 -9999 -9999 -9999 -9999 -9999 -9999 -9999
0.0359190247668533 0.0362745102835916 0.037255615893396 0.0389641296482852 0.0409537010805176 0.0441125285087549 0.0485187365749555 0.051780691804793 0.0539355918402527 0.0576286551404123 0.0628516003292593 0.0689452991774342 0.0752724245987164 0.0826899121670322 0.090752216269516 0.0968679858591794 0.105064749170535 0.112881715496046 0.119598339056719 0.129638238191873 0.142634153868226 0.147686915642683 0.162593947461542 0.163883456088835 0.170577731493187 0.185218635539686 0.189189635235784 0.194458534988686 0.206676290259231 0.225750331739033 0.229961563008475 0.237692851221975 0.259447515416775 0.268974025962343 0.267705460508215 0.266300693510116 0.271555284085403 0.275372771177894 0.275379738516442 0.277271869511282 0.284339690959409 0.296946259652018 0.312231993799969 0.337119331011205 0.360797127292402 0.424990862736967 0.460416246469508 -9999 -9999 -9999 -9999 -9999 -9999 -9999 -9999 -9999 -9999 -9999
0.0336024184838043 0.0339635627843883 0.0349243601811117 0.036283587052562 0.0380526994050559 0.0412194153666154 0.0455830602289534 0.0483776607761377 0.0503871641531846 0.0539699247061699 0.0594745240327676 0.0654042109396566 0.0720062624592185 0.0791537091797816 0.0866134100657927 0.0924119870168838 0.10000946694162 0.108082880621274 0.117200695037334 0.129872011795433 0.138962890148448 0.146943087385814 0.153633814902567 0.163906004926689 0.169781319611682 0.180524621598335 0.190106417067749 0.19690557729119 0.205373459951973 0.221663969516944 0.228917251515021 0.236249751864873 0.253789570633352 0.259056846122425 0.25947940887516 0.25844231455273 0.26309351190811 0.269358956005829 0.266758016908292 0.26426002158854 0.257073512605357 0.257248541294111 0.272287147822021 0.330734631169939 0.349392219048879 0.436543228684523 0.462696013924224 -9999 -9999 -9999 -9999 -9999 -9999 -9999 -9999 -9999 -9999 -9999
0.0313846991925279 0.0317000595409966 0.0327016518369483 0.033688296529764 0.0353490582975976 0.0386699048706597 0.0426543071419025 0.0448565557171291 0.0471848740542531 0.0503209698799494 0.0566056794983722 0.0624784947548372 0.0687463010915454 0.0753679272406575 0.0822893611495943 0.0880295330580396 0.0958958622608886 0.104311358208047 0.115391057769112 0.126060973055329 0.134639301821836 0.142671311793391 0.148721404075565 0.157975614580539 0.166667432681216 0.181283368908588 0.190634267907721 0.195004757093618 0.204879105142886 0.220905606516283 0.230640758771846 0.239394224467951 0.244918496573575 0.24750547346111 0.255373561705588 0.258576505935421 0.255991809473945 0.259215670070607 0.260034088255681 0.259794841050529 0.256126699062746 0.233008571633023 0.28194881939371 0.357627604165413 0.384567169255815 0.443115043628772 -9999 -9999 -9999 -9999 -9999 -9999 -9999 -9999 -9999 -9999 -9999 -9999
0.0291537114427827 0.0294483299719478 0.0295901061838246 0.0309306327170627 0.0328959261518517 0.0366533373961249 0.0396344150056066 0.0408457085679932 0.0440966923557794 0.0484523606749457 0.0538375345740978 0.0590884741577141 0.063958970056888 0.0708317859904098 0.0782850338431241 0.0841218832856497 0.0921600098576565 0.102149399065587 0.110339428344669 0.120826972375317 0.12911961615995 0.135758674899685 0.143708062841752 0.154779125770445 0.162784389557912 0.174997235804618 0.185031791035416 0.192584195322873 0.205292002499223 0.223068496178187 0.233957227726146 0.239261507454437 0.244002304395014 0.246593047566351 0.255788355052178 0.262321218543513 0.256596263965875 0.253147607421678 0.261961059753722 0.262190878464129 0.256007565058338 0.256441095683561 0.298125670587667 0.365268081201744 0.408241936795122 -9999 -9999 -9999 -9999 -9999 -9999 -9999 -9999 -9999 -9999 -9999 -9999 -9999
0.026961252459667 0.0273745864660532 0.0273018753077615 0.0283014071979792 0.0311649684376934 0.0344785768541701 0.0353892412733683 0.0384401619098907 0.0419818734820746 0.0456973814429575 0.0491561533154822 0.0546474543432118 0.060794866051825 0.0674873695420831 0.0746881187428519 0.0804134511584079 0.0888589238826951 0.0981579210734175 0.105715939590609 0.113465883834295 0.121129534575918 0.127440503092494 0.134209416625272 0.146859885897774 0.154410966950877 0.164528162209392 0.177051453189556 0.191446445327778 0.20755633412429 0.222588932393219 0.230092752298883 0.230588932092896 0.247035702093871 0.258436675781661 0.266539811724057 0.265670278431332 0.264612959367022 0.262428216077299 0.25513908352997 0.250606472082709 0.244552593193104 0.304458638351246 0.349940267178018 0.384595860455706 0.415264923434942 -9999 -9999 -9999 -9999 -9999 -9999 -9999 -9999 -9999 -9999 -9999 -9999 -9999
0.0255053533668507 0.0256602382624154 0.0255665711887441 0.0267929894868212 0.0293660938057957 0.0328670071958238 0.0328895654332802 0.0368142846505202 0.0405926043741041 0.0429916794300172 0.0456034951660724 0.0517491850351752 0.0586335779132653 0.0648997922928147 0.0721097743731792 0.0776859859697421 0.0854565231735019 0.093938130053762 0.101228842671802 0.108072764669328 0.115437976536648 0.118238239884204 0.123213809869399 0.136859963129731 0.145107893222334 0.156376722142551 0.169309873343059 0.189610033260169 0.211162987496886 0.214318441002127 0.208333564185237 0.222504503415724 0.230239325258004 0.246872890629291 0.267270611241615 0.281239608704236 0.262945080598502 0.251987555904227 0.251817971924672 0.25921611222121 0.262461857257942 0.346407291429975 0.379683875445868 0.397084899855326 0.414641756170755 -9999 -9999 -9999 -9999 -9999 -9999 -9999 -9999 -9999 -9999 -9999 -9999 -9999
0.0238996311145475 0.0238360819261931 0.0237722610490148 0.0253774037580004 0.0279523255613972 0.0309841946861677 0.0315686569288851 0.0350410143578702 0.0375026918448988 0.0393110047341921 0.0425806015610303 0.0487959988075578 0.0559951726719065 0.0622649184565529 0.0694193936891423 0.0754356876706929 0.0826998058776179 0.0906026508356914 0.0974233225766839 0.104898126785711 0.111245127738992 0.110023836395974 0.117123810702712 0.13236333072504 0.141415931435226 0.153400874025903 0.160227936928203 0.18586676894619 0.211070559836997 0.213146008710149 0.208651245147178 0.238473127154796 0.248926488003905 0.262663190073086 0.269035643829616 0.263876493839357 0.255398912400564 0.245234674839491 0.244575520194934 0.257711036064924 0.284156160167604 0.365370374410734 0.380368191152794 -9999 -9999 -9999 -9999 -9999 -9999 -9999 -9999 -9999 -9999 -9999 -9999 -9999 -9999 -9999
0.0221289918254853 0.0219065272102091 0.0220054086902144 0.023990332880879 0.0268002743770974 0.0288002692910164 0.0303405887561632 0.0328300459825999 0.0336391921810617 0.0355435789008796 0.0400957310332247 0.0461669792179451 0.05291395217712 0.0594899086596282 0.0666897776395318 0.0724801719002576 0.0801408798352337 0.087219530671203 0.094401467867558 0.101204343776895 0.106222329107858 0.107406116589225 0.119845487500706 0.135556428919279 0.144528836302962 0.154157993539469 0.15822443715926 0.182889592432368 0.216470311636619 0.207471894116709 0.223437961388467 0.242133720540247 0.275398664523829 0.281454169729121 0.283674494395989 0.278917119307643 0.264649300692839 0.256558226709562 0.243507814893119 0.249844978646729 0.299630672211302 0.364460784993079 -9999 -9999 -9999 -9999 -9999 -9999 -9999 -9999 -9999 -9999 -9999 -9999 -9999 -9999 -9999 -9999
0.0204947748545426 0.0200799182189978 0.0205456329428425 0.0229488322024916 0.0255147474728336 0.0267273176202061 0.0285594918099523 0.0303685694350456 0.0309450312126492 0.0331270430222064 0.0383402295343644 0.0448932389791561 0.0504065302231813 0.0568680739942971 0.0644614007265213 0.0674311255254144 0.0752331207545249 0.0811063700879804 0.09051352350613 0.0985506132428573 0.109515093744101 0.11868263176877 0.133312198353671 0.1466683724836 0.159954765235372 0.172928067279716 0.164763452278688 0.19313642319995 0.224992744232109 0.215899404574001 0.235265782791975 0.258501610281872 0.285827008582876 0.293395130252874 0.300006240175637 0.302863943525064 0.291600384535931 0.290753438067745 0.266255199543311 0.267637247966796 0.318967021389506 0.362161108812267 -9999 -9999 -9999 -9999 -9999 -9999 -9999 -9999 -9999 -9999 -9999 -9999 -9999 -9999 -9999 -9999
0.0189411957640731 0.0184397566566243 0.0192652534833348 0.0221274703427055 0.0239216163231847 0.0249528889981063 0.0264544531964487 0.0278608238693779 0.0292334433513048 0.031790608684546 0.0362913184801606 0.0426285954847508 0.0488563984248889 0.0534478504264637 0.0583728081176936 0.0595084651652288 0.068253471267287 0.073058387292826 0.0854197783338283 0.0952404112253099 0.106104341958269 0.119814868887201 0.130853116356193 0.144746982327062 0.160631794676164 0.177873089205846 0.184019868857413 0.204645213447753 0.225330239249311 0.23202502679414 0.248806599749446 0.269502569943396 0.285477157469565 0.296265676930895 0.306404465098862 0.313262427405445 0.319246386416943 0.324958456224636 0.315325272690033 0.330288494845281 0.345282651144189 -9999 -9999 -9999 -9999 -9999 -9999 -9999 -9999 -9999 -9999 -9999 -9999 -9999 -9999 -9999 -9999 -9999
0.0177431119524603 0.0172412991755539 0.0173808331110795 0.0208520634491449 0.022297810870754 0.0230440620505817 0.0247711979409166 0.0257701313186211 0.0280134830174807 0.0300949672766278 0.0345810435108115 0.0406769685614419 0.0459959023119455 0.0503101817883626 0.0565186575892806 0.0588422066376356 0.0630102921233608 0.0704282502692437 0.0798005882716982 0.0934471724518129 0.102493555751288 0.11533037602089 0.128221736230268 0.141935915622508 0.158860810231154 0.176687619767237 0.18990173440749 0.20502652607473 0.22299358258195 0.240136390830491 0.255512213226955 0.27063187763094 0.280760208074824 0.290957969882543 0.303071062794618 0.312296177034905 0.314168151122389 0.320963698659454 0.319531621509061 0.336218975615996 0.343491062555531 -9999 -9999 -9999 -9999 -9999 -9999 -9999 -9999 -9999 -9999 -9999 -9999 -9999 -9999 -9999 -9999 -9999
0.0164426436920563 0.0161584647584578 0.0184191838779349 0.0201786624749149 0.0213410129697818 0.0220432980597759 0.0220109223119746 0.0241030345986962 0.0263981807343741 0.0287113640509947 0.0333469540830255 0.0400845676284969 0.0427711824159273 0.0483895649763214 0.05482300297366 0.0526604254030636 0.0604432307909686 0.0629825896403626 0.0714784266625723 0.086499567876759 0.0978841785036795 0.111172508479371 0.124771815286535 0.138402454757118 0.1555574756506 0.17202095792385 0.18212846690416 0.197948927864119 0.219090487160176 0.234167729768908 0.249241191662942 0.264120827912195 0.271205733068731 0.280688258443558 0.296648136207105 0.308538570364917 0.311141151656695 0.322207037740344 0.32730857653036 0.335130549256132 -9999 -9999 -9999 -9999 -9999 -9999 -9999 -9999 -9999 -9999 -9999 -9999 -9999 -9999 -9999 -9999 -9999 -9999
0.0158031003392227 0.0159388100171702 0.0180785565987425 0.0192018345968111 0.0201459969537643 0.0196185481079634 0.0204882726192582 0.0222034497010209 0.0243505685666598 0.0273664994123843 0.0323377054567548 0.0377509670062392 0.0395616149068682 0.0443850539812602 0.0496046777500955 0.0486030199643659 0.0565557364768822 0.0614672983684004 0.0662750081616768 0.0790189707566754 0.0949723271500034 0.108446604020951 0.121531491330075 0.133584173689995 0.146398102610564 0.160603164110038 0.171048077213738 0.188567773281809 0.211940102313143 0.220518658175031 0.233227543029339 0.247701344284175 0.251580683439196 0.266451711340578 0.293340509332861 0.307275007837841 0.313541472804742 0.322534240372827 0.327316412771031 -9999 -9999 -9999 -9999 -9999 -9999 -9999 -9999 -9999 -9999 -9999 -9999 -9999 -9999 -9999 -9999 -9999 -9999 -9999
0.0150804990161112 0.0158901884832417 0.0174359553253955 0.0177971576588796 0.0190542477006177 0.0173075417209124 0.0189789020290907 0.0207893280843809 0.0228016310408012 0.0262658644921724 0.0317306313259566 0.0355285667906346 0.0377070525161445 0.0407467799186561 0.0439933080175789 0.0459489495958999 0.0512660576777766 0.0596164183752103 0.0616073412507814 0.0738211101953728 0.0932329425038791 0.105304507682019 0.118380958015967 0.127233816304139 0.13183994534012 0.142016695950988 0.1612060721596 0.176019436271244 0.201284103752987 0.207578683729472 0.219362651677403 0.233463855863409 0.242279916411523 0.267391662503954 0.29211898485111 0.304107155278698 0.314340613221709 0.31868245538038 0.323742322508264 -9999 -9999 -9999 -9999 -9999 -9999 -9999 -9999 -9999 -9999 -9999 -9999 -9999 -9999 -9999 -9999 -9999 -9999 -9999
0.014851016944425 0.0160086760280127 0.0168010812280388 0.0161727762000895 0.0171104236524442 0.0155775265271355 0.0172802769796674 0.0196554983664328 0.0219297141258399 0.025244573237687 0.0308306094448216 0.0340960458450897 0.0369603399670755 0.0398270472061987 0.0423304910841791 0.0443437494319064 0.0464540087683119 0.0522659736470294 0.0570522182470912 0.0720418504188069 0.0905941478209906 0.100180016895335 0.113391565220967 0.120683974068426 0.126961799639335 0.135098798688381 0.15927771698208 0.177338530547282 0.19557009777035 0.208111651853776 0.227245046988102 0.246015403897738 0.253028381798752 0.273900345236562 0.291019570095633 -9999 0.314673748123687 0.316370689053797 0.32230208144666 -9999 -9999 -9999 -9999 -9999 -9999 -9999 -9999 -9999 -9999 -9999 -9999 -9999 -9999 -9999 -9999 -9999 -9999 -9999
0.0153368686225257 0.0162020790879935 0.0161397642267981 0.0138225211839044 0.0139311344632872 0.0140657174310609 0.0161395515836953 0.0185193202475836 0.021125197177937 0.0242630448802999 0.0298017064469021 0.0332073498909735 0.0357567221379064 0.0398857952114555 0.0442380135416541 0.0448646767100825 0.0444401929538442 0.0480842385714033 0.0622622308735814 0.0764666495435457 0.0885905856228607 0.0987558393301908 0.111587860533191 0.122005774948201 0.123357959318918 0.134784667333509 0.147295216608228 0.169344769375649 0.185751763610877 0.203410979231948 0.221994093956326 0.24374127971455 0.257266598525995 0.275847166223337 0.289403704628129 0.295458463037993 0.302845439831032 0.309715700813146 -9999 -9999 -9999 -9999 -9999 -9999 -9999 -9999 -9999 -9999 -9999 -9999 -9999 -9999 -9999 -9999 -9999 -9999 -9999 -9999
0.0154568010986539 0.0157465843466669 0.0154511034405194 0.0101333173959047 0.0109054571569177 0.0126187704861756 0.0162721943265788 0.0176630496300229 0.0198067194785524 0.0238163418239279 0.0305464873257571 0.0332360116249644 0.0329143179318238 0.0339206242441117 0.0400614553146063 0.0422890071883649 0.041199879205632 0.0470894493887101 0.0668180482018168 0.0776648426661622 0.086891140690988 0.0941610997348376 0.106230895362076 0.122362534996748 0.133808105274486 0.143902251401291 0.15186752939049 0.16348934140066 0.178668427739052 0.197580125415567 0.215730354259556 0.242329643250877 0.258526011756752 0.275690019613333 0.288388694714562 0.295180914863849 0.302694432731096 0.306862050922291 -9999 -9999 -9999 -9999 -9999 -9999 -9999 -9999 -9999 -9999 -9999 -9999 -9999 -9999 -9999 -9999 -9999 -9999 -9999 -9999
0.0149352856406305 0.0139078115439882 0.0137085519219409 0.00868741919947527 0.0102793521818129 0.0129662524881784 0.0163194117524269 0.0171738957542061 0.0197349690388474 0.0240771001342588 0.0281395538922394 0.0310493623828735 0.0326407073695052 0.033156921751572 0.0351887302020997 0.0389258935106332 0.0393892095158492 0.0516854126242095 0.0674552377321111 0.0771135049228698 0.0843005422395228 0.0921181032950609 0.104427153336904 0.12225703008184 0.135327940141721 0.14781322188048 0.153597284360315 0.159953584564042 0.179556778074531 0.198295670720681 0.217552205341111 0.245725229436144 0.259226114409504 -9999 0.279659626008219 0.289869009796727 -9999 -9999 -9999 -9999 -9999 -9999 -9999 -9999 -9999 -9999 -9999 -9999 -9999 -9999 -9999 -9999 -9999 -9999 -9999 -9999 -9999 -9999
