layers/veg/veg3700.asc
NCOLS 255 
NROWS 330 
XLLCORNER -2985163.8955 
YLLCORNER -3022031.214 
CELLSIZE 25000 
NODATA_value -9999 
[rows 225 to 249 of 330, columns 57 to 113 of 255]
-9999 -9999 -9999 -9999 -9999 -9999 -9999 -9999 -9999 -9999 -9999 -9999 -9999 -9999 -9999 -9999 -9999 -9999 -9999 0.432293017963222 0.420712508203819 0.402456921261688 0.373007041643096 0.289019189736431 0.163178581381679 0.0647314109232323 0 0 0.100746545968337 0.18143791196613 0.19305422003157 0.1904434341919 0.206658148081249 0.258543066954054 0.306452182690369 0.331973266272531 0.341634952217606 0.345712541610761 0.350464072371055 0.353901696413202 0.355127535608691 0.357483265876338 0.360138220276015 0.363265084765733 0.368245798078838 0.373806575792731 0.380366705986711 0.386203614053571 0.390158951329313 0.392980733998161 0.395936880711256 0.397613881225421 0.399264506374654 0.401239065928832 0.40270392913174 0.403818326328888 0.404981774771774
-9999 -9999 -9999 -9999 -9999 -9999 -9999 -9999 -9999 -9999 -9999 -9999 -9999 -9999 -9999 -9999 -9999 -9999 0.450627415195489 0.425306598636314 0.41606812734812 0.414157534447267 0.368847610072801 0.266699963756999 0.150907715907123 0.0804975510674587 0.0358633426909733 0.04208688725172 0.128675298227058 0.181149679797466 0.195111881735231 0.160542156060012 0.130947617756963 0.195939043817547 0.280518300441246 0.324007304032342 0.341954911083946 0.345971001147747 0.349745623697901 0.352112417012468 0.352669208691885 0.354376270604361 0.356209603691991 0.358545958268718 0.362986812888189 0.368379441986885 0.373882147597759 0.379445327881941 0.384737908399455 0.387809445221458 0.390361629701879 0.392153440762305 0.394182021394465 0.396408974141887 0.397829793268008 0.39898496613223 0.400553862080981
-9999 -9999 -9999 -9999 -9999 -9999 -9999 -9999 -9999 -9999 -9999 -9999 -9999 -9999 -9999 -9999 -9999 -9999 0.454648976756083 0.427862870799996 0.414621187806331 0.415456772996805 0.352033026710015 0.268144396276457 0.171843964428951 0.0655864355660213 0.0739759804951116 0.100493082977361 0.112806485906527 0.163861732941405 0.196229222861477 0.170665459201153 0.162394542289303 0.217504074163612 0.271705391055868 0.313890778342232 0.338520794818532 0.346350392490363 0.349267147304122 0.35073431285815 0.350442228320402 0.34976717041181 0.351519202319794 0.35550090910637 0.35818011922412 0.362480081111079 0.368231463839791 0.374065940388953 0.378697648104647 0.381701461797589 0.384448379005902 0.386402519379298 0.388613214121497 0.390816868562267 0.392290843659261 0.393386208810053 0.394920939745561
-9999 -9999 -9999 -9999 -9999 -9999 -9999 -9999 -9999 -9999 -9999 -9999 -9999 -9999 -9999 -9999 -9999 -9999 0.430630804037538 0.421908333355419 0.424024518105857 0.417217853811362 0.365659945730766 0.280813216155434 0.201014220067443 0.118686338377076 0.0927924989427441 0.114595912382803 0.124900901896258 0.156179029119349 0.192269821680079 0.174397106861952 0.171459366082899 0.225067847522398 0.275838936108083 0.309848968592306 0.334490133217044 0.345706229880472 0.348615616330927 0.349549521536625 0.348902975986623 0.348456103410316 0.35023144440299 0.352809502360513 0.35546928643772 0.359275600980917 0.363939466306999 0.370189005613947 0.374011832478221 0.376608849699958 0.379554352063618 0.381386260573203 0.383545215059782 0.385850904982075 0.387436364192459 0.388736176268963 0.390555703877461
-9999 -9999 -9999 -9999 -9999 -9999 -9999 -9999 -9999 -9999 -9999 -9999 -9999 -9999 -9999 -9999 -9999 0.433488583357555 0.427789522195386 0.421312235897105 0.424637098658077 0.411692291709288 0.337164570169247 0.231942965427728 0.186910944598413 0.125888352532222 0.0761183169549075 0.099040141840246 0.133648316888149 0.148226158735087 0.142085600142243 0.163906654208633 0.209309457811968 0.247525337805718 0.276497012836182 0.304868956781565 0.32821996345936 0.343958827913337 0.349045509782954 0.348968918876679 0.34776020435225 0.346391416553465 0.346620069181344 0.348704292510943 0.351291323111812 0.353452182964603 0.357361821645351 0.36334110175968 0.366565420908614 0.36879701072093 0.371273233960197 0.373082982561289 0.374750315708121 0.376675448761122 0.37852013139171 0.380675797231424 0.383505327765698
-9999 -9999 -9999 -9999 -9999 -9999 -9999 -9999 -9999 -9999 -9999 -9999 -9999 -9999 -9999 -9999 -9999 0.427080203523549 0.425148425170634 0.430777909139355 0.427139562626247 0.406573325109384 0.333910671628126 0.241129188234717 0.196784125658612 0.152813575264165 0.123473634630724 0.111597810834142 0.124914776557902 0.116013604386144 0.0790601602228659 0.153969247694916 0.231898157486515 0.260788133064514 0.282056006487006 0.304962505971923 0.324385817557699 0.339782661070954 0.348378225166858 0.34788197404413 0.345907064205972 0.344351553738391 0.343429241855512 0.343601668394773 0.346387259925357 0.348141975700266 0.350253135053685 0.355727846754576 0.359354436717907 0.361605580129814 0.363188106666514 0.364662420376213 0.366319649867656 0.368585270875024 0.370811467421477 0.373514409566877 0.377057442710852
-9999 -9999 -9999 -9999 -9999 -9999 -9999 -9999 -9999 -9999 -9999 -9999 -9999 -9999 -9999 -9999 -9999 0.459612051760848 0.441548347929255 0.440057122483966 0.428630042946139 0.392234122957242 0.313012797963322 0.216457775229303 0.160489086521763 0.129131191057425 0.131806810960932 0.148417350202952 0.165259379172552 0.186316425588027 0.188765987638485 0.222877533282281 0.253262491774762 0.272984496656445 0.290393610226086 0.311155895618845 0.328227103051726 0.340202271312147 0.348067009536161 0.348078545229477 0.346593604256152 0.344193512641881 0.339690516197501 0.334090484800731 0.333873245803967 0.338665325515511 0.343535996129409 0.350596024352912 0.354455636129759 0.355485807985743 0.356571810117037 0.357778382028254 0.359981729744964 0.363403155000967 0.366213684302379 0.368643344014102 0.371461590894446
-9999 -9999 -9999 -9999 -9999 -9999 -9999 -9999 -9999 -9999 -9999 -9999 -9999 -9999 -9999 -9999 0.474315204452908 0.458575481916881 0.441209210848439 0.442200014313668 0.425426811617181 0.373024510309956 0.282188751873801 0.200469933281174 0.189594746157581 0.178258048364668 0.124960942605932 0.150777278943846 0.219498672768112 0.223720505693736 0.222863491870247 0.236675753962646 0.255758127380593 0.275675468501703 0.295320916732435 0.315987380336893 0.331662132253517 0.343378573277293 0.348688592846619 0.348076858119821 0.34657620121892 0.342506566186533 0.336046776266156 0.329590265728064 0.326644619450294 0.329818975388682 0.335757291631699 0.341194264219487 0.344518065526863 0.3464531889126 0.34742406117188 0.348706218103853 0.351248412277616 0.35399464983001 0.3544211412148 0.355716212245302 0.360020825155096
-9999 -9999 -9999 -9999 -9999 -9999 -9999 -9999 -9999 -9999 -9999 -9999 -9999 -9999 -9999 -9999 0.475018340482907 0.461518587807258 0.441768022188232 0.438415049941233 0.41980538427954 0.353175350560528 0.262379251574474 0.179603520534394 0.159158314294418 0.214216107541854 0.195036333942775 0.143810893026239 0.214080507574213 0.290161652530115 0.296225089915838 0.280245083463891 0.271774744601902 0.287608941666073 0.303940935615017 0.320848888393313 0.33449775231801 0.345009640185348 0.348759132990791 0.347654817849079 0.345727994391815 0.339032949500872 0.3298786468913 0.324183128294047 0.320447674997519 0.321280435635766 0.326035147098642 0.330893188234633 0.334056347830366 0.336670317611774 0.338563412267526 0.338178492127495 0.336838174838464 0.336316182747274 0.337680346350943 0.341768192231483 0.348489150167404
-9999 -9999 -9999 -9999 -9999 -9999 -9999 -9999 -9999 -9999 -9999 -9999 -9999 -9999 -9999 -9999 0.480409580720103 0.463808486919274 0.450076963565199 0.44240316293448 0.421237700497548 0.356685598147594 0.264514751024664 0.189869395649787 0.168982121528306 0.21731176133635 0.228824759695518 0.167849695985624 0.19997813413625 0.269811922791896 0.273625711443238 0.287042095189954 0.287353584090325 0.29140628984637 0.308216340724416 0.325748441750821 0.336317503859614 0.343961915000206 0.348027719899362 0.34649638491483 0.34451864343625 0.341172580746805 0.33626393472895 0.329019189743589 0.321692487501434 0.319220811204286 0.320757994963897 0.322490713613311 0.324343181350952 0.327169661136241 0.328909016911183 0.327473099818793 0.325884960887927 0.325540219063992 0.326706111142622 0.332135219884297 0.340928497827161
-9999 -9999 -9999 -9999 -9999 -9999 -9999 -9999 -9999 -9999 -9999 -9999 -9999 -9999 -9999 0.487676991753922 0.46981561714641 0.448924555243267 0.452970945679707 0.449847448807839 0.424143162768934 0.365803582894242 0.284591484052141 0.218993691424176 0.214993507729603 0.241162972080743 0.248624364431238 0.261545877719402 0.256982693943932 0.267559142507464 0.284519161883076 0.277126403658389 0.291532616869415 0.317996778259999 0.32620403133929 0.33619600534502 0.338500213592684 0.338707925880702 0.340400410652607 0.340863307437795 0.341374074008873 0.33902597080065 0.335298032038561 0.329197336689781 0.318126516315907 0.310949636540853 0.310553855331118 0.311114809873772 0.313433233672338 0.314550980527501 0.313621031779522 0.312502480460002 0.310261958646372 0.307087386182903 0.300389717828437 0.305552251117994 0.325334120120159
-9999 -9999 -9999 -9999 -9999 -9999 -9999 -9999 -9999 -9999 -9999 -9999 -9999 -9999 -9999 0.488404988230437 0.460723379510771 0.426823244128116 0.443019069331269 0.455603823882229 0.427556631121219 0.383076269118055 0.292804279338121 0.205528822961612 0.210834117875263 0.222319266823098 0.235822200671071 0.266257717813062 0.268784950850282 0.28863121616696 0.301246409717858 0.265414755799974 0.272863442486557 0.32574860311789 0.336732310737325 0.342247525397698 0.342005315975426 0.340766834935813 0.339781767382793 0.33876308854297 0.337690033632228 0.336228694090106 0.331464518865585 0.323737856747732 0.315331997017183 0.310017570738054 0.306810837877472 0.303462900063201 0.303471785948516 0.302204566199531 0.300328795939992 0.299756413612699 0.299855035889002 0.301084158645038 0.295419270096999 0.291600075027829 0.308354316828726
-9999 -9999 -9999 -9999 -9999 -9999 -9999 -9999 -9999 -9999 -9999 -9999 -9999 -9999 -9999 0.495156640065903 0.454917913640478 0.3951431463708 0.408307503803892 0.445543669550238 0.419640882298043 0.373643207322516 0.296354133622647 0.189888231097417 0.141926411400593 0.1851798227335 0.242586687719816 0.258877756042567 0.268275833796622 0.295676678262996 0.333313552706216 0.343376017598046 0.341918375995486 0.339495949147655 0.343579073071746 0.351391365461853 0.350323550936735 0.347342141685878 0.344395767882564 0.342043528933857 0.338089272636227 0.335176961043608 0.327090831952187 0.316795210892794 0.308931581180215 0.302834696494264 0.304908910349051 0.308866307381088 0.307817688705843 0.300610171689832 0.294337475182016 0.291853285040162 0.293812690503145 0.299185858678675 0.299867397446981 0.28905706563889 0.28987932047769
-9999 -9999 -9999 -9999 -9999 -9999 -9999 -9999 -9999 -9999 -9999 -9999 -9999 -9999 -9999 -9999 0.485724549487898 0.459884223050329 0.459322548342279 0.44334191261613 0.408347287752772 0.355936958214349 0.305520402484817 0.267768481444259 0.202947432660667 0.18642654167622 0.245031741757348 0.260914805697334 0.273828424157474 0.280313490252474 0.300268031460897 0.340439415966374 0.351065915339055 0.333539081144189 0.327682261927393 0.342879720361848 0.354290712148416 0.352708880131909 0.348949381627062 0.343532886449498 0.340145629350129 0.33615693601836 0.329419846479565 0.317334728048236 0.30542587701829 0.296333475982184 0.290102561486639 0.292492447837092 0.294861003343489 0.293178114635773 0.291236509005409 0.290215875536525 0.292163943522462 0.296879522677038 0.30053990748293 0.307028875090663 0.314178808251547
-9999 -9999 -9999 -9999 -9999 -9999 -9999 -9999 -9999 -9999 -9999 -9999 -9999 -9999 -9999 -9999 0.479751878373879 0.474601323859318 0.468446156922514 0.45439684572902 0.415858286951491 0.350726617279711 0.285239540109659 0.26782034786797 0.224116398741281 0.19781150741316 0.250008318747002 0.273109771586435 0.2970598301888 0.313060225761437 0.327570608325045 0.340712124057046 0.350818043276449 0.354984004917267 0.352181062324253 0.35049171519414 0.347776028318342 0.345621579351162 0.35055402629434 0.351361237890271 0.343656300338708 0.336901494457483 0.330377213824111 0.321642857827131 0.310913525944513 0.297809981821694 0.289018655006269 0.288437412408635 0.285580506095054 0.276650176439501 0.275742045614043 0.283578768325707 0.292320051932996 0.301108027583389 0.308005113431549 0.310526187979416 0.318234413471255
-9999 -9999 -9999 -9999 -9999 -9999 -9999 -9999 -9999 -9999 -9999 -9999 -9999 -9999 -9999 -9999 0.482560460363569 0.479064288207838 0.474429891071409 0.462878201603542 0.428989914051509 0.384261203339975 0.326591388895172 0.285631481776582 0.230583523540439 0.193828004671262 0.255443659508497 0.282165764687983 0.294561370222709 0.316818884012896 0.321429719604069 0.337180456637724 0.356043244417663 0.361424547180498 0.363386381810221 0.359706025822831 0.35586322944093 0.352438937510631 0.350993604998572 0.351988602013971 0.346856804571124 0.338452935624536 0.331289725056026 0.321746826119584 0.309641967819278 0.298182170146152 0.287884399563812 0.279991185047776 0.271717526607853 0.263478319984414 0.265656992962524 0.274864102782656 0.285451759406967 0.297702231197798 0.305972471279316 0.310542565198004 0.319299471526712
-9999 -9999 -9999 -9999 -9999 -9999 -9999 -9999 -9999 -9999 -9999 -9999 -9999 -9999 -9999 -9999 0.498964052572705 0.489906013898663 0.495955883740516 0.488136179696997 0.449681422380621 0.396322058998448 0.336014072649055 0.280300940319974 0.254871915316285 0.225325069362738 0.220434480043603 0.268550451458044 0.297578670315277 0.315049260852596 0.326733865328445 0.343672732354646 0.361574090011708 0.373019442948062 0.373871787647047 0.369308077671591 0.368363110025837 0.36755531796628 0.360118458198965 0.354720620614524 0.350298505979503 0.340844206977683 0.332623148223731 0.323187490967227 0.309965546366315 0.297755059458169 0.285636993866243 0.270082693744262 0.2564933819225 0.249231769714005 0.254425534633885 0.266542262560385 0.276760603480453 0.289364536380737 0.297973583628963 0.304954706823128 0.319931127191687
-9999 -9999 -9999 -9999 -9999 -9999 -9999 -9999 -9999 -9999 -9999 -9999 -9999 -9999 -9999 -9999 0.536212225780487 0.528947440037606 0.519427848365169 0.504487869891352 0.473902376439033 0.414514901449666 0.33446221241126 0.280035803344389 0.273490229792412 0.256939082548783 0.241885313932634 0.27672307180754 0.301016271008872 0.318365628184694 0.335224459847817 0.356239432734845 0.379504544489416 0.38428053874495 0.37233651285531 0.365327234588377 0.367361096859744 0.369074829754133 0.370831784712051 0.365608852983549 0.356928570312409 0.348295581639876 0.339436095397155 0.327417095292444 0.312026604553392 0.299894838904298 0.288429173517984 0.273881028435739 0.262214068384074 0.256734543407941 0.257768680163626 0.263832761983807 0.272564050474127 0.284084451055814 0.294502033862949 0.298492149695389 -9999
-9999 -9999 -9999 -9999 -9999 -9999 -9999 -9999 -9999 -9999 -9999 -9999 -9999 -9999 -9999 -9999 -9999 0.536648687328828 0.524986255282108 0.511810133659621 0.484732985128503 0.41923106213964 0.341136348927249 0.304769286242024 0.28495604507458 0.270022475901914 0.277696473695181 0.306509364401047 0.335224777171087 0.361505721465268 0.365438197208245 0.369777629470624 0.379552634237448 0.364824272773226 0.352663850218097 0.370226082461933 0.386858244469277 0.386470421338602 0.371796455631913 0.36262675156017 0.356112570286442 0.35040757847959 0.346958543722097 0.334981697550452 0.316534679920121 0.303938304068852 0.292090918812906 0.277542105836927 0.26657234509627 0.259990141851761 0.258966520669449 0.264055757956476 0.271297775871468 0.28096089371059 0.290721719690258 0.294304977181543 -9999
-9999 -9999 -9999 -9999 -9999 -9999 -9999 -9999 -9999 -9999 -9999 -9999 -9999 -9999 -9999 -9999 -9999 0.542784158874585 0.532925466295871 0.518588675997029 0.498194272631523 0.44733647740145 0.379493757878173 0.351913295133906 0.331251520435853 0.317881363293706 0.321440556392037 0.341333663769141 0.373882432793241 0.394265620065423 0.403255069840028 0.404612842101056 0.394299843889225 0.370414756971574 0.361666942711533 0.375787626882505 0.391484549665137 0.39703567832164 0.391126573163476 0.379560118290923 0.364789503768921 0.355790122474581 0.350559826101284 0.342958273972819 0.32709146957662 0.313161823427772 0.301599093919772 0.288267724290963 0.278690550888104 0.272402444691433 0.268280950802597 0.267813189984247 0.270343548586107 0.277032710429152 0.28607749137921 0.290860522694749 -9999
-9999 -9999 -9999 -9999 -9999 -9999 -9999 -9999 -9999 -9999 -9999 -9999 -9999 -9999 -9999 -9999 -9999 0.568206900648439 0.56335113099863 0.543034908433242 0.503519554273988 0.467538547530659 0.409520819163207 0.36510099126404 0.370268546194349 0.375781177894966 0.37362578507678 0.371357061189439 0.400047092508348 0.422889157042502 0.422720624506477 0.406838400282678 0.395235980338177 0.383727191883457 0.378188464788114 0.383575464285434 0.389812165083574 0.397185750926453 0.399754473043212 0.398485278127897 0.382702159189963 0.3644452592635 0.355444363863435 0.346900290338362 0.335720965294348 0.326268986731517 0.315815398016934 0.300539819843875 0.289351953300168 0.280716281186938 0.272350559068047 0.267360949224913 0.266641533454569 0.271892740855718 0.27606148332824 -9999 -9999
-9999 -9999 -9999 -9999 -9999 -9999 -9999 -9999 -9999 -9999 -9999 -9999 -9999 -9999 -9999 -9999 0.564945583396713 0.57372991146002 0.575715298763749 0.55871683418054 0.516171685093614 0.493014456885171 0.460842538123666 0.403314947972405 0.406315863395486 0.409464120163167 0.394103937963221 0.391322780470622 0.419848423291435 0.437173740331533 0.42113023343495 0.404576323748979 0.393854504500936 0.381278404347026 0.377352661209681 0.383395618324655 0.39262183549455 0.399885426069032 0.400532929304804 0.399061419619588 0.388582698681677 0.37364351848625 0.365057563581906 0.355494661808638 0.341953372546404 0.331485431816265 0.321897245874401 0.308675179423047 0.295645862554962 0.284979896740649 0.274756985552636 0.267058617722062 0.263752365977893 0.267429722363758 0.276225046393073 -9999 -9999
-9999 -9999 -9999 -9999 -9999 -9999 -9999 -9999 -9999 -9999 -9999 -9999 -9999 -9999 -9999 -9999 0.550556603202295 0.565889417179469 0.578011034349422 0.572694791207088 0.553077007390657 0.499162879036911 0.450017129438671 0.420519000876195 0.404976631720495 0.426842701458614 0.437830579993052 0.431958769965784 0.435288071496935 0.414399099120633 0.38958495269607 0.381329036038542 0.373936146127537 0.366891590008891 0.368081773572924 0.378287393066784 0.391176983650909 0.396814596558794 0.397033596073619 0.397320114920672 0.397165225311111 0.390071229060701 0.382600885503658 0.378403188210224 0.366412304901273 0.35094645144372 0.33284584715288 0.316530561273414 0.307288195233563 0.296556377342096 0.282263368820625 0.270883005054256 0.262413973361521 0.261605929384761 0.273098830943349 0.282148435042462 -9999
-9999 -9999 -9999 -9999 -9999 -9999 -9999 -9999 -9999 -9999 -9999 -9999 -9999 -9999 -9999 -9999 0.560081491810677 0.574791247709356 0.605638212148506 0.605238277382403 0.600865734649771 0.575837810640725 0.504757824924594 0.434039545202634 0.408108015276704 0.430114730057046 0.461752732468693 0.446477921356234 0.4401312982223 0.415360356511081 0.386584596608034 0.379522762300792 0.372008640629546 0.367267677975867 0.371794973893757 0.383096935639754 0.398149958172986 0.404255243285021 0.404571571146532 0.406700311214336 0.406500515704686 0.400713560385644 0.38974926835399 0.376340684538001 0.367144352354812 0.357108704801457 0.341886381463124 0.328438973100249 0.318450464190134 0.308468821927717 0.294453719268182 0.280591020634903 0.266643537644609 0.264264224523785 0.277580287121467 0.285445023342927 -9999
-9999 -9999 -9999 -9999 -9999 -9999 -9999 -9999 -9999 -9999 -9999 -9999 -9999 -9999 -9999 -9999 0.600503190868781 0.613794691226005 0.631858337829507 0.618835726024658 0.557409905920782 0.498891617196174 0.480544963624166 0.438298663823199 0.436404202031013 0.471679175203399 0.489555253144157 0.492582949042551 0.462033045620774 0.422019857632728 0.406115935932162 0.398392628972296 0.384026710988765 0.378149106255779 0.386536134100935 0.395391202858267 0.402520853773329 0.403799922910847 0.401050591532451 0.399420270969683 0.399639744226586 0.399596545343982 0.394566165093739 0.383002459643404 0.374986552773185 0.372447753899115 -9999 0.340481035277739 0.326830432855295 0.316536157444002 0.303766122692654 0.292854639340389 0.283568033494994 0.280137489729257 0.282995837003521 -9999 -9999
