layers/veg/veg3900.asc
NCOLS 255 
NROWS 330 
XLLCORNER -2985163.8955 
YLLCORNER -3022031.214 
CELLSIZE 25000 
NODATA_value -9999 
[rows 125 to 149 of 330, columns 56 to 111 of 255]
0.0634863477069042 0.0686604020825315 0.102872723264862 0.138787335078157 0.127255256792854 0.192423542590678 0.255094032478866 0.28842699896646 0.295060316264301 0.244970962940364 0.242907237461151 0.208957868688282 0.189824401829844 0.195606497975689 0.198672631784739 0.155296151485461 0.11234032852217 0.154329861206616 0.222698665969886 0.327424398025128 0.476465099584724 0.535437448134264 0.588379993727315 0.61080830882954 0.624813373073594 0.651559449172511 0.674573715194482 0.685026300016794 0.68906421872742 0.704370486474738 0.70049110912029 0.691707057105708 0.67673989485133 0.656411060318695 0.637683907478811 0.618233238565447 0.594211033131908 0.57408726899062 0.555320938997122 0.533384811724988 0.515668281548368 0.499321569194397 0.480768991811108 0.466447842279638 0.453373619226589 0.438701587639461 0.427885720677104 0.419269156170787 0.410645749138419 0.4053042550393 0.401900479800217 0.398488016852079 0.395308261956419 0.391420494295555 0.387177997385093 0.387013513912668
0.111122688619023 0.104049430516146 0.107091527404703 0.132984309335673 0.160174484360473 0.189622336359859 0.200580443654326 0.171554828707209 0.184154971921585 0.163933447764201 0.130778896103661 0.164988810627452 0.194367594576182 0.206220104412547 0.176759202282609 0.136483808670925 0.0885772707589098 0.0629978498185407 0.0837884405091479 0.137767996532098 0.176536363029848 0.230096402727619 0.342494975940464 0.442072007818954 0.498831630271491 0.545036427703294 0.582621724400726 0.606386339403056 0.639662265842669 0.66214445302829 0.686128688179835 0.690480625097838 0.678074242680262 0.659291955260397 0.641386405013822 0.622638200834587 0.599299301536406 0.579506221433919 0.560968855028879 0.539017474285124 0.521141146669182 0.504866855862363 0.486179446502413 0.471360801215545 0.457666645749114 0.441896002995801 0.431030315532696 0.422768662016834 0.411326780858827 0.402492152878727 0.398483722612355 0.395509230376375 0.392441757150189 0.388694120188637 0.383140898949282 0.378157222380376
0.154672286383743 0.0889693136463894 0.0915971891107791 0.105125916619906 0.110772715804175 0.149975075568413 0.147427288280073 0.1086472420291 0.135481461466814 0.130719184621154 0.140186615516795 0.16891746161539 0.135082065921977 0.167371874403618 0.153309508760008 0.12885001606804 0.105578362420212 0.0833366299144978 0.0678393292411298 0.0929051998131824 0.121547616998119 0.148617765902891 0.174786441857008 0.261014497370494 0.400813167053963 0.473280484710128 0.531851310071567 0.589457480549276 0.59620998643564 0.614371831213562 0.670523554218619 0.680577246457074 0.673895889440804 0.659535380679225 0.643400161449262 0.625346677095589 0.602602110703236 0.583375462297361 0.56561249796187 0.543973444852964 0.526402611179887 0.510590295997652 0.491871732155219 0.476814365033449 0.462946435802783 0.446875952269607 0.435714365408821 0.427222429604184 0.415489708316281 0.404794521339317 0.398177784035272 0.393842095209168 0.39045753337428 0.386319996672841 0.381442377615417 0.376751391938825
0.210736732253603 0.14786576172653 0.0916273211000331 0.0854607649552666 0.0814870225224872 0.0956840853628575 0.135717343977786 0.155654164031277 0.144164735117904 0.136647705378138 0.132856995643546 0.122337689808679 0.113318261880288 0.125832928069636 0.11593029959435 0.134451869957743 0.148052155373864 0.10881696935953 0.0962400764790955 0.110825983318982 0.135127034490693 0.151935283885494 0.149804795563887 0.201987022535766 0.294614003364146 0.353100990484072 0.429973441649095 0.513640453198756 0.517573825539354 0.547420598521772 0.642678932072201 0.660148547206969 0.65340169971006 0.651510021998143 0.641752119435293 0.62527790443438 0.603349176587792 0.584381800992776 0.567436567537941 0.547359835183475 0.530409102488535 0.514520299660504 0.495885946074855 0.480801072692684 0.466789329941512 0.450747068119696 0.439277239816804 0.429723863226119 0.418192070595902 0.402549887476513 0.392247940000147 0.39213038675424 0.387730459710341 0.382948109877715 0.378524478087945 0.373610079421085
0.314659818338413 0.219231239304025 0.127096434385527 0.09577544200838 0.0919815960427777 0.105556408530907 0.111765087072679 0.105120894822084 0.106503248598095 0.078727765941487 0.0505736046306444 0.0565573189922004 0.0926242671670804 0.125089747822367 0.105887720858245 0.114521488313437 0.130688601394488 0.0995506885909849 0.101135658335378 0.137053658111535 0.136416507470661 0.133399250508089 0.126788324867999 0.133207658797746 0.144338617119553 0.185189212556268 0.345990038786829 0.492827243771915 0.511415715364896 0.531529760790172 0.608565932353079 0.65906114255737 0.647042338936155 0.636363333320998 0.636525233791494 0.623207479606823 0.603439959284315 0.586579931817792 0.570681796181889 0.551064069856364 0.534788782485424 0.519531523796529 0.50139771413456 0.486513532811695 0.472894200591932 0.456974443556162 0.444458726419497 0.434218096242647 0.421780907342548 0.405956880066151 0.395231976062903 0.392558715088717 0.388042546840722 0.382627248067901 0.376877930519994 0.373171058200849
0.478377996660908 0.379127091987183 0.231214172098633 0.122780740667407 0.0997867877575324 0.0679733911497537 0.0554898088126572 0.0533332375337131 0.0426343281962687 0.0180403976070463 0.00611118452915205 0.0187706395985626 0.0454769808374831 0.0699124888927107 0.0841799904001284 0.11698281590418 0.131431151221198 0.110778544326806 0.119879164822861 0.143777911649742 0.146793470430502 0.144925953783559 0.146681774001294 0.148632844493637 0.11767988214818 0.104048159111971 0.186005239653981 0.409547332841184 0.542110752492809 0.545887474577542 0.564744536109494 0.601779568564447 0.618620470822252 0.628718867042737 0.626885803993197 0.618230577452059 0.601841664394991 0.587229519844871 0.572284287341787 0.554262398458811 0.538944814127913 0.524253348391799 0.506537530345066 0.492188173338499 0.479030738472399 0.463226975740775 0.450295420032378 0.439422628702549 0.4271472425206 0.416510550802223 0.405423394932401 0.394955185198493 0.38900328553379 0.382633013414386 0.376482382808148 0.374288004683311
0.51198217645954 0.44860468059538 0.288334743062712 0.14361239714091 0.131175073540201 0.10072901487018 0.0657273021041369 0.062377770263015 0.0570427579227005 0.0199521294801944 0.00399493704998564 0.0166735868698599 0.0162896042140438 0.0353402186938336 0.0581815022351806 0.0958333684392896 0.121153500631556 0.106805277233448 0.111073441991419 0.137362374795828 0.144686634665004 0.138796641513453 0.14580433546115 0.147073753515373 0.119524166487583 0.116799358308287 0.173132142347934 0.368168018253258 0.530971246261596 0.546047035559188 0.576328378711962 0.602485633227374 0.590377518080252 0.608834722971158 0.612307222192804 0.610483309808743 0.598781711246135 0.586490066679854 0.572619645048897 0.555826941652857 0.541596955570445 0.52716516203587 0.509971642133303 0.495894952276099 0.482955848719868 0.467431948126157 0.454786785805334 0.443673862915361 0.431611069084036 0.421387483678338 0.408161864898414 0.394773301230446 0.38919026853405 0.384182967079833 0.377742197163875 0.37404939521992
0.527988630539133 0.496157511042166 0.388481425455085 0.281288700293802 0.230881259073025 0.186277330476869 0.13561432293699 0.0948037347603421 0.0733839838413471 0.0554459418720471 0.0446766695719703 0.0238942062189409 0.0186459843581996 0.0168752995698509 0.0285025914095265 0.048485195881999 0.0540146170468187 0.0408348565900919 0.0399914030078956 0.052965883444276 0.106750625354761 0.154312860788913 0.159074095167902 0.151158020828155 0.138289514744534 0.12671481650585 0.182564406206459 0.330826993736698 0.456704521563061 0.518730444660633 0.557135467200894 0.573721969412674 0.575319823945072 0.563805952646045 0.558200674933868 0.583371958172213 0.588533528069654 0.58151861217655 0.571156234312523 0.556478502220956 0.54356332611426 0.530061044345021 0.513823930227905 0.500502985595515 0.487771285036133 0.473027271406924 0.461311008828541 0.45025928210805 0.437343082843424 0.427914984505739 0.417090221746558 0.399942758823721 0.386371465808869 0.380028524774583 0.375702064478367 0.369825198690971
0.488938343744419 0.493605509899771 0.435521141514737 0.353967687168111 0.305727053844114 0.270584609943019 0.203616172101196 0.140228252122606 0.152579423455661 0.161064452972683 0.0698059762181442 0.0127790770084702 0.0277834842125469 0.0273524611857066 0.0358755539643463 0.0503790382610496 0.0667054789900705 0.0368152065956917 0.0233960956232162 0.0304884050008046 0.0802976035010944 0.134823765174326 0.14491413806966 0.154576424327928 0.153888225292363 0.14189623408384 0.213898005021676 0.293650723379779 0.295770474572108 0.404101020273638 0.514635055381519 0.535567653493229 0.53853389893839 0.53317298496053 0.511559924992 0.535259138535657 0.574664804109763 0.575882806079147 0.569542194348885 0.557116594354157 0.545573066849701 0.532931105275587 0.517803250305043 0.504864690656681 0.491792655990873 0.477549188279995 0.466625466018917 0.456113165387427 0.443403291256484 0.43362176405487 0.423091327137028 0.405299653227986 0.385834808176631 0.375725737393321 0.375428956644443 0.373998371178646
-9999 0.53321743266548 0.48211682847838 0.435710575943757 0.379570143262992 0.253666112706948 0.172180347689373 0.13557320275035 0.161129105471671 0.190342099154753 0.0845449924191116 0.020730027119137 0.0800962032182712 0.132196394936178 0.0849452857099283 0.0474926427346376 0.0405566379163192 0.0319583247587427 0.0525385049834574 0.0642592639552765 0.0891254713502952 0.124220870406693 0.142627603089769 0.14757584889901 0.153323405621582 0.157060553304347 0.169709342474068 0.163017499740818 0.180141884489518 0.308266779478527 0.44312318425141 0.494306959554131 0.495782559096215 0.501783676115756 0.521707296323102 0.524096298319169 0.537824082445004 0.571505560005802 0.568057265903054 0.557057100489255 0.546047867962981 0.534386893858977 0.520041860711422 0.507470990834796 0.495349522597544 0.48116007759083 0.46964023397981 0.45954191776883 0.447979062846148 0.43809614481708 0.425540159285211 0.407559628968926 0.385869862745711 0.372391598587494 0.37322874956461 0.373391839706679
-9999 -9999 0.524009476801062 0.461542313179511 0.389790961512967 0.326147997198755 0.245805625039114 0.215426180375515 0.265737957024098 0.288771533477104 0.162138086731641 0.117762829877767 0.220198322015659 0.183926097693339 0.0828527649067284 0.0492996787894073 0.0353026802799021 0.0396543122761513 0.0399740741840188 0.0578562238490448 0.0744056138385772 0.0975819609880854 0.12539003191301 0.134475676409703 0.144231948671204 0.150390663245631 0.149622690622418 0.109000707041302 0.0585197901408194 0.143848810711867 0.336415595444263 0.438572941786503 0.442997161615151 0.452183477883233 0.476098034813927 0.482242145399842 0.498819316108064 0.543603404191849 0.561515077217751 0.554806501230208 0.546164718719285 0.536258917615387 0.522970682098422 0.511263931922644 0.500257782902997 0.486461406415713 0.475481362237919 0.465939369066258 0.454474069523754 0.444817081156847 0.430601388225201 0.405833015309578 0.386859412073272 0.378222019223222 0.373590976816082 0.37614944244618
-9999 -9999 -9999 -9999 -9999 0.498800745429849 0.391681594433069 0.347223872230758 0.389794486903341 0.383085806094022 0.305348523651644 0.314742161103851 0.3030013866779 0.196175547083522 0.155776481304928 0.106833815749018 0.0650968927174775 0.0584263942191558 0.0371253987401621 0.0557809428600555 0.0760925754233704 0.0718097085600255 0.107647702528979 0.119249496181761 0.129502828408945 0.139006572646578 0.144114491703545 0.14627636671097 0.135325318053669 0.104817199181392 0.202067196784474 0.372410196568504 0.389254856266685 0.357708090292374 0.358246996109479 0.393710630102675 0.414043481820919 0.451850529797391 0.519023858707033 0.545017456106891 0.545657102075652 0.536718329653012 0.524094539696609 0.512891478293816 0.502792177474778 0.489893026158262 0.479719587516634 0.471064616161797 0.460347058830314 0.451169418033558 0.442447433412434 0.431245618269457 0.417905351764217 0.398980049123226 0.377725210158147 0.373111194357209
-9999 -9999 -9999 -9999 -9999 -9999 0.417386904535249 0.380578701153751 0.383052531613075 0.354848597712342 0.335071343155011 0.375716550828389 0.378161305065117 0.324898166323738 0.252414613042431 0.13718368419167 0.0597242248915216 0.0614667404278 0.0337477417954408 0.0336573114696451 0.0465275882829116 0.0479362163443922 0.0682989824756682 0.094632283675773 0.108885701148782 0.110953043789857 0.125977225772927 0.140510892163487 0.136507569764399 0.110098110982976 0.145495427304227 0.26463133864823 0.329899597870647 0.31402564667443 0.284999866238755 0.348028836282231 0.390193987825929 0.412505779074323 0.46891576997646 0.520728537567867 0.542450832968033 0.537158240422819 0.52534978946901 0.515092195295383 0.505644606923533 0.493119801848291 0.483158692114712 0.474832454209021 0.464568833607908 0.45574889393997 0.448028687738369 0.438653286236757 0.429654381964733 0.413786882931385 0.392080123590763 0.385394693285581
-9999 -9999 -9999 -9999 -9999 -9999 -9999 -9999 0.524651683621435 0.491999006694109 0.452204759478376 0.447771748654918 0.441547082902418 0.416389003239588 0.38254235684534 0.304074424012122 0.198717424417446 0.118596134580131 0.0982509780609308 0.0884883405558992 0.0395986274737923 0.0192104567240185 0.0238542948880788 0.0508050240754183 0.0805592955413908 0.102532442944645 0.131566777593001 0.120539817520869 0.117075460076656 0.140756291594043 0.167219170622072 0.19702898231633 0.230019490443346 0.286456920152168 0.284422838650819 0.247651775264555 0.252779420938717 0.293174817980008 0.356669834934278 0.422554014625388 0.508504852138413 0.532046914074372 0.525989432399911 0.517910515279762 0.508830932441578 0.496712051004994 0.486384217737845 0.477777306886001 0.468792082150824 0.461616484375063 0.454005099263338 0.445176343340991 0.438439564887255 0.430384243567243 0.418971962744805 0.411153658450191
-9999 -9999 -9999 -9999 -9999 -9999 -9999 -9999 -9999 -9999 -9999 -9999 0.48060225099739 0.447691017283566 0.412443603843354 0.324927277085375 0.227343785900075 0.233925942187409 0.249856304141106 0.179915799085008 0.0658822024888025 0.00529651436489259 0.0192964706883726 0.0446473602740199 0.0639067472044509 0.0968055003805776 0.127584420011254 0.125698568468503 0.110116025232961 0.111104610906735 0.162831282390158 0.232197247073259 0.192346912347625 0.147797117368863 0.234157629718051 0.233850038800319 0.151413046371791 0.152428317384904 0.218843965269693 0.337886875998897 0.453204289477415 0.506451305203497 0.519346292341363 0.517241687595069 0.510162790871179 0.50004312554826 0.49025222508553 0.480293736239326 0.47144188772834 0.466047244279519 0.459215908742836 0.450833952665481 0.44455337991797 0.439726139248864 0.433447683986644 0.428191343298287
-9999 -9999 -9999 -9999 -9999 -9999 -9999 -9999 -9999 -9999 -9999 -9999 -9999 0.502493473007676 0.438067751902723 0.422347098856455 0.395919386323418 0.354115075650387 0.273277845999943 0.149164930220277 0.0403585619057935 0.000678871196350797 0.005980393039189 0.0268667768247096 0.0515515220823642 0.0896654425046918 0.121455155722886 0.123455768378209 0.112615378692805 0.106598671544483 0.119287260683995 0.139925428907245 0.139632354067595 0.112014063956933 0.150347539114046 0.214454746238077 0.142773775994015 0.0797190383610572 0.144438918281411 0.232968917332191 0.300419058715086 0.38437946339918 0.463373558971291 0.496573100684074 0.499948327064768 0.49403945312582 0.489580756946917 0.481930377114717 0.473787423990681 0.466788444108711 0.460816392168158 0.454434685293691 0.4487165502881 0.443790582286086 0.43826342222575 0.433821921070671
-9999 -9999 -9999 -9999 -9999 -9999 -9999 -9999 -9999 -9999 -9999 -9999 -9999 -9999 -9999 0.482038293131202 0.465865179304082 0.40300392328236 0.334796866647332 0.248739162926643 0.130143650059466 0.0689678292825473 0.0355015207705805 0.0238748597868783 0.0472123989112092 0.0707399136186284 0.102676648388039 0.116370937300135 0.120128100599873 0.113358679286513 0.115869831344568 0.116939824550273 0.116816697413888 0.108487275898215 0.0946740054448178 0.134260698455018 0.15402308738601 0.155264328126444 0.169673811695642 0.148439463520318 0.149806088217145 0.231280692362416 0.340850380954474 0.396922927674367 0.416186980378908 0.437871540044854 0.460546220468232 0.470096419749896 0.469135343329598 0.465707628855542 0.461452848522978 0.457719489661886 0.453896687404072 0.449373867887836 0.4439578882598 0.439795948267365
-9999 -9999 -9999 -9999 -9999 -9999 -9999 -9999 -9999 -9999 -9999 -9999 -9999 -9999 -9999 -9999 -9999 0.487875004156941 0.429164817396663 0.412495835768493 0.354179549403795 0.271015130058545 0.151257838637908 0.0427272009661087 0.0484315954191138 0.0846748666825092 0.0937089037539783 0.0952434616023726 0.107634866792319 0.124820028188438 0.133757328831597 0.14232205175613 0.141553590627032 0.1345476984556 0.116906134813675 0.0954481955465591 0.134743108376991 0.229691926086825 0.249908911552845 0.188219860290931 0.13015875100837 0.155847839581938 0.190247551378793 0.213142243470059 0.290447467070057 0.301498119886846 0.341403142419934 0.400697540399609 0.435618440947186 0.457341903798573 0.457650881559896 0.458797244270372 0.457665570549231 0.454010410439191 0.449042380654813 0.445084915443803
-9999 -9999 -9999 -9999 -9999 -9999 -9999 -9999 -9999 -9999 -9999 -9999 -9999 -9999 -9999 -9999 -9999 0.459646987104105 0.454822105565852 0.462978619818222 0.41121008661698 0.28017860135918 0.152574570802446 0.0772398346492347 0.0542004600149776 0.0765430734541065 0.0801885643991347 0.0827294692480976 0.0999582019004868 0.115389147418132 0.121789832795182 0.134010064377723 0.139132753098952 0.138099484756404 0.128373394251871 0.107886092226274 0.116410232127349 0.196793550015399 0.238193015995 0.180858487889919 0.140927179453064 0.190204666254863 0.232718396965146 0.24585051416457 0.2838486065657 0.299393107201056 0.329522416457388 0.364337728422367 0.412736691222429 0.450869699471238 0.457285453007176 0.461832843700602 0.460814808731011 0.457505055482801 0.452905620580097 0.449259476181533
-9999 -9999 -9999 -9999 -9999 -9999 -9999 -9999 -9999 -9999 -9999 -9999 -9999 -9999 -9999 -9999 -9999 -9999 0.51055434127295 0.506589075450724 0.489656455368423 0.440175490706713 0.320622800711746 0.154410267968976 0.0448267342461755 0.0331750066513983 0.0387307792523443 0.0579930300840219 0.0862958116172186 0.0894683424906861 0.0969800419900924 0.0990016601931287 0.11456965693886 0.137304378369234 0.135597761988589 0.107929025934207 0.0974559779329416 0.115004300097767 0.153666033239327 0.232358391423863 0.25424421001353 0.257797572693389 0.292854638359563 0.310694125841873 0.314088073435814 0.320918771639249 0.322218486991849 0.331793437379799 0.375435459142447 0.426044791383155 0.450810809755208 0.465650362238737 0.464465422659822 0.461300635753473 0.457602617242328 0.454438234610975
-9999 -9999 -9999 -9999 -9999 -9999 -9999 -9999 -9999 -9999 -9999 -9999 -9999 -9999 -9999 -9999 -9999 -9999 -9999 -9999 0.536083486398748 0.515796814497295 0.431516923750405 0.251152383334451 0.084400494771249 0.0295218133831493 0.00942945378783015 0.0432240214327591 0.0878946523229629 0.0749366586027432 0.0940162046866123 0.112932671621678 0.113481677647106 0.12708702580868 0.135847954563411 0.105712462874247 0.110089269417238 0.131724413927281 0.112501865657042 0.173444086582379 0.255517230488734 0.271808507284363 0.270668370826487 0.292724103259076 0.298657322510582 0.286035108616338 0.293139339786719 0.333664964411722 0.361002927048886 0.41415900862416 0.45341084560509 0.467498597284013 0.467310249738147 0.465332194808772 0.46222918334601 0.459477431660884
-9999 -9999 -9999 -9999 -9999 -9999 -9999 -9999 -9999 -9999 -9999 -9999 -9999 -9999 -9999 -9999 -9999 -9999 -9999 -9999 -9999 0.542456037797296 0.467966647763519 0.326272227827968 0.163384154692461 0.0663515231564198 0.0327806079289568 0.0630498199115548 0.106844920460165 0.117164716750711 0.122064842569469 0.121472980796929 0.124393357968533 0.132048720796702 0.134736966086331 0.103049743218887 0.09141728771128 0.127053595759338 0.120964550769449 0.167553136875243 0.243106546692556 0.267330599115664 0.296888129891348 0.309227422433017 0.315777346166185 0.317874306203077 0.302585723598482 0.292085825253217 0.361209825515406 0.437426004629525 0.460886457219785 0.471103753134352 0.470016046882064 0.468054892775993 0.46510087290504 0.462529141251945
-9999 -9999 -9999 -9999 -9999 -9999 -9999 -9999 -9999 -9999 -9999 -9999 -9999 -9999 -9999 -9999 -9999 -9999 -9999 -9999 -9999 0.520089194927026 0.486767719325473 0.350487647680418 0.202940960841154 0.0977571262829781 0.0469646249102838 0.0763873863686789 0.105612227221983 0.119821954564903 0.12384280430503 0.124131271682006 0.125685639601153 0.129628339886562 0.132286572365509 0.11147892821333 0.0874666098272693 0.102304001631371 0.118940106783139 0.140724527920015 0.181120233657431 0.23350990534657 0.281335267744618 0.291748465910953 0.307815178915125 0.325570044258677 0.313469715470365 0.329271533786694 0.408207467278214 0.458013983662369 0.470990847595915 0.47498583681273 0.474028761445927 0.472204383918189 0.468812558535799 0.465636716597143
-9999 -9999 -9999 -9999 -9999 -9999 -9999 -9999 -9999 -9999 -9999 -9999 -9999 -9999 -9999 -9999 -9999 -9999 -9999 -9999 -9999 0.486758323604422 0.464238246243901 0.376626239848505 0.252495250947198 0.141320182606219 0.0625337330913598 0.0362087065815717 0.0718822681296703 0.112320637699049 0.124623742081095 0.130670058190743 0.127704132164417 0.12427947943709 0.127223780071888 0.109920368901899 0.0663746705395743 0.0398693347128926 0.0538810688717778 0.0721631324784779 0.109379761763067 0.184300588861419 0.226008064608582 0.234196436945844 0.241258135899298 0.267468313475543 0.321635200835197 0.392299092375057 0.435581885065273 0.459672739406459 0.46626362957984 0.474704316002427 0.477111140232624 0.475487744299641 0.469673557104412 0.46464469244201
-9999 -9999 -9999 -9999 -9999 -9999 -9999 -9999 -9999 -9999 -9999 -9999 -9999 -9999 -9999 -9999 -9999 -9999 -9999 -9999 -9999 0.474634653705309 0.456628518792948 0.397730409049878 0.309393332248821 0.193925260648662 0.0764804822369017 0.0314325441482143 0.0630478854008432 0.10757964520649 0.129002500584794 0.131236750538205 0.129228976719712 0.124562463563293 0.124902856424149 0.114521337208596 0.0809159920767303 0.0376383229632408 0.0391657267525256 0.070101298178395 0.100094127774956 0.168556488840677 0.198453325844229 0.196237032307586 0.227026281979953 0.270419710133521 0.327933101482763 0.398500520124765 0.420987144042116 0.440554371928952 0.457867805294795 0.471783243246982 0.476939559071706 0.47693305646112 0.473838895826169 0.47139679871687
