layers/veg/veg3900.asc
NCOLS 255 
NROWS 330 
XLLCORNER -2985163.8955 
YLLCORNER -3022031.214 
CELLSIZE 25000 
NODATA_value -9999 
[rows 200 to 224 of 330, columns 56 to 111 of 255]
-9999 -9999 -9999 -9999 -9999 -9999 -9999 -9999 -9999 -9999 -9999 -9999 -9999 -9999 -9999 -9999 -9999 -9999 -9999 -9999 -9999 0.479038170942661 0.437846938240301 0.337960848597282 0.262230720721991 0.153185331117469 0.0228440763763441 0 0.0321539619190085 0.165587848052636 0.227138643349032 0.27148408849117 0.327103686776765 0.350371349050221 0.312843517395785 0.313299886254824 0.367168619420375 0.437983262980538 0.453562092404743 0.462079468391405 0.468916539642838 0.473217678434066 0.47988146329436 0.487057427715921 0.487902180303155 0.4880369887254 0.479231969826199 0.445476290640271 0.430532589586223 0.46136960474729 0.486937219269523 0.495987971395064 0.495774590316019 0.493617790819533 0.490064033732217 0.485726788770842
-9999 -9999 -9999 -9999 -9999 -9999 -9999 -9999 -9999 -9999 -9999 -9999 -9999 -9999 -9999 -9999 -9999 -9999 -9999 -9999 -9999 0.491723291624832 0.455388266745876 0.382163200386985 0.273771492990349 0.162581943538497 0.0698080944256381 0 0.0803731349173241 0.206494573017973 0.267986722224738 0.337026036935377 0.362294446861914 0.36048061618649 0.327215981383993 0.336341012250053 0.382047890339316 0.425401334898595 0.442299907316011 0.44898705291622 0.456100800247145 0.468252750019499 0.47901906893698 0.482755858322044 0.481840827705513 0.478320545878358 0.465888943639141 0.436399525016802 0.434454681845154 0.467332726890146 0.486547280921943 0.494749329222054 0.493791931489082 0.49172014255788 0.488200747348353 0.483466219730495
-9999 -9999 -9999 -9999 -9999 -9999 -9999 -9999 -9999 -9999 -9999 -9999 -9999 -9999 -9999 -9999 -9999 -9999 -9999 -9999 0.492559609628781 0.479698223038945 0.422685743274595 0.309318589929112 0.179335196952943 0.0913444369620301 0.0154358159840495 0 0.0794517680703273 0.20285564375974 0.265974762739018 0.335051831871481 0.364830659718351 0.383808312251137 0.338614184113211 0.320665213864565 0.384671663400095 0.410824828941444 0.423828095385757 0.411638399125946 0.418947436522154 0.455599591004713 0.470917911577772 0.473020156071193 0.46665779969504 0.455297470493746 0.43093435537451 0.413528059325831 0.435235163539323 0.467605471684975 0.484084355782582 0.491508704439424 0.490738292319668 0.488699645575127 0.485153038693522 0.480357300299951
-9999 -9999 -9999 -9999 -9999 -9999 -9999 -9999 -9999 -9999 -9999 -9999 -9999 -9999 -9999 -9999 -9999 -9999 -9999 -9999 0.482434190899726 0.4566241479492 0.413433432843827 0.334576548420044 0.175612270652591 0.0554972772099347 0 0 0.0499280775787576 0.173679673499319 0.233424169561627 0.321379818336656 0.367316480207913 0.386875425863191 0.354671855321692 0.33467485445519 0.382460916116761 0.404644706250875 0.397990731457723 0.376642641845341 0.396979719294222 0.445550463149781 0.462965549958594 0.456909838991155 0.44103404763012 0.434478902601167 0.405610988320533 0.387812578341403 0.426520917174803 0.465626687326547 0.480210652447515 0.485867403953389 0.486043761301838 0.485214809011229 0.4819528955304 0.477155682825711
-9999 -9999 -9999 -9999 -9999 -9999 -9999 -9999 -9999 -9999 -9999 -9999 -9999 -9999 -9999 -9999 -9999 -9999 -9999 -9999 0.472165047114949 0.467775325397523 0.434906126168429 0.360313938694207 0.22826973387464 0.0768548162073034 0 0.0488585643765142 0.13817113886016 0.172661822424263 0.215778023253273 0.294112412022245 0.346757477060413 0.374673618339596 0.385557704267389 0.355083336918803 0.358168715504252 0.40341403554527 0.382938921437975 0.367862668399576 0.39889240396815 0.43834187017153 0.458241985926871 0.439215083030134 0.410684788934418 0.396709063541599 0.364350534611457 0.375274113286692 0.428475653283022 0.462148662164183 0.474595602006587 0.479626074010552 0.480882433746927 0.481091490584815 0.477497314127458 0.473077977269425
-9999 -9999 -9999 -9999 -9999 -9999 -9999 -9999 -9999 -9999 -9999 -9999 -9999 -9999 -9999 -9999 -9999 -9999 -9999 -9999 0.4352179301247 0.435452676918716 0.409767259914569 0.345729664375429 0.238322478825849 0.11548063752619 0.0143807670750832 0.060445289483918 0.174852439561851 0.188359839110587 0.191481825925761 0.276959898459754 0.3372491442447 0.349566790739709 0.328693765239023 0.31639365289683 0.353234166782919 0.404014768825367 0.38767143711591 0.374235405949003 0.398288979099647 0.432617734943969 0.45047272690735 0.416048032800245 0.372509896709464 0.344341134700748 0.334818982458004 0.390173637697313 0.432614454569007 0.457162305493726 0.46722629421705 0.47261678274442 0.474547659951661 0.475388788898929 0.473125416923257 0.469646301567752
-9999 -9999 -9999 -9999 -9999 -9999 -9999 -9999 -9999 -9999 -9999 -9999 -9999 -9999 -9999 -9999 -9999 -9999 -9999 -9999 0.398019391649589 0.384932554384674 0.373608629675274 0.295626326396959 0.179884606077853 0.0978463089990225 0.00222374995008365 0.0241346238133911 0.173767799960687 0.212719069264996 0.192922097366135 0.274768263643596 0.334312940030788 0.310781659412206 0.229826279334644 0.259135346010773 0.365752581788414 0.405544957535151 0.40182732126904 0.392942894703721 0.401024891326475 0.428011808716594 0.44320777191665 0.401259768891045 0.348444314184804 0.312329425475549 0.325469903478508 0.409751836622352 0.439818944302751 0.451805990334894 0.459877557470857 0.465809277127331 0.468591715755379 0.470226814124811 0.469366836723135 0.466500478113558
-9999 -9999 -9999 -9999 -9999 -9999 -9999 -9999 -9999 -9999 -9999 -9999 -9999 -9999 -9999 -9999 -9999 -9999 -9999 -9999 0.426288704671731 0.397295705217965 0.348956961521483 0.243824689926794 0.0994983474403829 0.0248847891850387 0 0.0285285504295938 0.182062189492734 0.205227458724311 0.199016016344804 0.29502055319199 0.347815716991741 0.29936746797079 0.255795400344986 0.339270852977236 0.389671852540078 0.404569723731505 0.406548425775277 0.401285894283998 0.403922670261691 0.423795556042013 0.439532947004712 0.415738504827867 0.361545928616782 0.298028160959964 0.30826069314994 0.395412363801174 0.434819974059575 0.44817613438886 0.454940571243235 0.461337509972497 0.464731927761387 0.466806559126404 0.466737363987869 0.464833266750129
-9999 -9999 -9999 -9999 -9999 -9999 -9999 -9999 -9999 -9999 -9999 -9999 -9999 -9999 -9999 -9999 -9999 -9999 -9999 -9999 -9999 0.425284166047536 0.382163305791843 0.294272636225439 0.141708818252578 0.0380096894468795 0.0141399344991237 0.05328958182637 0.15814250729994 0.154227593452442 0.149018001970493 0.27140724540761 0.334151184513722 0.346233677076745 0.340851531999287 0.368708171718058 0.381096320021765 0.390671587911648 0.403524353906561 0.405813670943274 0.400449274463365 0.412197202678002 0.42855624936505 0.423587455237993 0.390998113832229 0.310297222062916 0.309533510856349 0.400995573253982 0.432999311229412 0.443608403685032 0.450649277734611 0.456460989508097 0.459969204631711 0.462431914868141 0.463436965809861 0.462155896301278
-9999 -9999 -9999 -9999 -9999 -9999 -9999 -9999 -9999 -9999 -9999 -9999 -9999 -9999 -9999 -9999 -9999 -9999 -9999 -9999 -9999 0.393174108940061 0.395216946319408 0.334302918083349 0.208908431299363 0.0627874979236489 0 0.0552088058966994 0.153572958771108 0.130946321513302 0.141775149158274 0.236204507685425 0.312641261880483 0.36152697656638 0.36376389056205 0.36751471783264 0.371428039497383 0.373930541982115 0.389136907993354 0.398623516353018 0.399619439853078 0.40694031600584 0.413854852385433 0.412702195327398 0.385281191920756 0.341350613056775 0.354572365449284 0.403674226464115 0.424695069330946 0.438643630902894 0.44592928860263 0.452028461051529 0.455740380532734 0.458629752333703 0.460280138535512 0.459072752785895
-9999 -9999 -9999 -9999 -9999 -9999 -9999 -9999 -9999 -9999 -9999 -9999 -9999 -9999 -9999 -9999 -9999 -9999 -9999 -9999 -9999 0.380770064266833 0.367182569443236 0.301373067020818 0.187803431078109 0.0910503949462 0 0.00653533593431811 0.0871373623654257 0.0671454028544403 0.1717970966671 0.262150740837694 0.318468381827621 0.357413406569663 0.361967484662169 0.367054070832531 0.369361782726631 0.366039212175857 0.374564162983538 0.388654006468345 0.38850047980068 0.387604008815471 0.391948628320988 0.385078513896145 0.363657614528887 0.336728770658585 0.34842190010922 0.398782675298969 0.421619900765349 0.435687490220437 0.442729738034951 0.449127811617982 0.45317482682224 0.456083794834242 0.457716527562157 0.457664091438475
-9999 -9999 -9999 -9999 -9999 -9999 -9999 -9999 -9999 -9999 -9999 -9999 -9999 -9999 -9999 -9999 -9999 -9999 -9999 -9999 -9999 -9999 0.382035934894295 0.320402458478862 0.200585099628049 0.0794163455803374 0.00424373189947505 0 0 0.0368341306442947 0.16765465772058 0.271404553996946 0.325560443136759 0.348673850050608 0.352997892180933 0.359577459668206 0.366181662120866 0.360080736920203 0.359579025267475 0.37341115788694 0.372727183146718 0.357461497044744 0.344309755435396 0.352993446258433 0.363042011768702 0.332108732079538 0.331999610007274 0.387317371226251 0.412423927308777 0.432430486739226 0.440508891195291 0.446243759677514 0.449849052808117 0.45270656962929 0.453906162291627 0.453992333860102
-9999 -9999 -9999 -9999 -9999 -9999 -9999 -9999 -9999 -9999 -9999 -9999 -9999 -9999 -9999 -9999 -9999 -9999 -9999 -9999 -9999 -9999 0.408659648092687 0.368616132834041 0.255596289964498 0.152032122238096 0.0319736807633827 0 0 0.0119863628823258 0.166334891696662 0.267624289478558 0.315577866745793 0.33978307488398 0.344054597868645 0.351851458384055 0.361216235559476 0.351567452205312 0.344188848165963 0.359325824430161 0.356555782767919 0.322916878312371 0.306761112405149 0.337468306625212 0.354835853103438 0.337937555275575 0.341123992283277 0.382829705597416 0.410652153522008 0.428770863198752 0.438116573665001 0.444053428241865 0.446959626536329 0.449394012567394 0.450622296312194 0.450425396557985
-9999 -9999 -9999 -9999 -9999 -9999 -9999 -9999 -9999 -9999 -9999 -9999 -9999 -9999 -9999 -9999 -9999 -9999 -9999 -9999 -9999 -9999 0.422881428130287 0.341672653123485 0.271538271576069 0.187766938281313 0 0 0 0.0438394957076136 0.16755466044818 0.277456845927026 0.317878069198008 0.332390169945544 0.337540713277197 0.345774083941428 0.356466573048999 0.35899258837013 0.35249558737717 0.350908966930621 0.333414240692908 0.285902155423757 0.289443167937611 0.333645220476041 0.340886956914431 0.343396344038077 0.362641177734996 0.388781871807355 0.411415551750995 0.427570720166223 0.436334521508251 0.44254583863381 0.445511744188576 0.447624063838149 0.448569179235388 0.448691468137768
-9999 -9999 -9999 -9999 -9999 -9999 -9999 -9999 -9999 -9999 -9999 -9999 -9999 -9999 -9999 -9999 -9999 -9999 -9999 -9999 -9999 0.425342629514015 0.41981236418258 0.365112976878179 0.304985043387189 0.260287738070481 0.110139230547246 0 0 0 0.163342828524492 0.272262750619321 0.304420774770701 0.321558885582245 0.328218936183664 0.337305307623702 0.349515895689217 0.355272538806119 0.349275769040985 0.347192078266368 0.327330922874015 0.297097731384591 0.312299544901069 0.322174700332027 0.31926113411385 0.342786570437936 0.372021854063568 0.392447045459662 0.410844742656564 0.424034836008951 0.432819724419487 0.439603657701841 0.442790657935388 0.444202413755689 0.444392552156439 0.443878839067584
-9999 -9999 -9999 -9999 -9999 -9999 -9999 -9999 -9999 -9999 -9999 -9999 -9999 -9999 -9999 -9999 -9999 -9999 -9999 -9999 -9999 0.400795625980432 0.400474998635324 0.359892990923917 0.318474150117176 0.231363784920739 0.0249710460052319 0 0 0 0.176815725923691 0.268992236818197 0.289712181938491 0.312813329745628 0.323060729221686 0.331688734130889 0.342752660446482 0.347703317786775 0.344293068719609 0.34836907344455 0.343578724663962 0.32671358678215 0.332126656163309 0.336715741001724 0.340450356990909 0.359570233505338 0.377318018390249 0.395590964381476 0.41184931667721 0.42213932608709 0.429789620809921 0.436012812430367 0.439311732859118 0.440254784143926 0.439862785365931 0.439533135827983
-9999 -9999 -9999 -9999 -9999 -9999 -9999 -9999 -9999 -9999 -9999 -9999 -9999 -9999 -9999 -9999 -9999 -9999 -9999 -9999 -9999 0.392931635990266 0.381794673715765 0.349484027923198 0.327689954095673 0.267561497425792 0.0830391793280971 0 0 0.0208629982762456 0.202821325141112 0.268302872536928 0.283812372747512 0.302741017579311 0.319271596704023 0.328309304970881 0.338939380078376 0.34449391742172 0.343529834709271 0.349168498694583 0.346088043026165 0.330560653078577 0.336256523486716 0.346003506922182 0.350064160142949 0.364377324860354 0.381642458422875 0.397415916632562 0.411002605802289 0.420121996055078 0.427590887288647 0.433184602934299 0.435840133476113 0.436546508584437 0.436674668018248 0.436544591171751
-9999 -9999 -9999 -9999 -9999 -9999 -9999 -9999 -9999 -9999 -9999 -9999 -9999 -9999 -9999 -9999 -9999 -9999 -9999 -9999 -9999 0.406674807505471 0.393932983874161 0.37013479855878 0.351535717980348 0.327941251597581 0.220463582113131 0.0231084422695007 0 0.0138852758377438 0.196175392056352 0.262762764040269 0.257278066289467 0.276237897946574 0.308637651008766 0.322737406816756 0.333971103172843 0.341925262009731 0.347731582262324 0.354043656993215 0.348514179485037 0.336943769364763 0.344262586874629 0.358881525217541 0.369299379777702 0.379813359983177 0.390191318934472 0.401353718075545 0.411249138461757 0.418070343237095 0.424779453508582 0.428897151365963 0.430327787004354 0.430942986360721 0.431580705073856 0.431934425377604
-9999 -9999 -9999 -9999 -9999 -9999 -9999 -9999 -9999 -9999 -9999 -9999 -9999 -9999 -9999 -9999 -9999 -9999 -9999 -9999 -9999 0.42110528652059 0.407859174140591 0.381703735870168 0.349467729047056 0.318369592187725 0.208420308927202 0 0 0.0525658658659573 0.167299991252883 0.243472071182955 0.2389124036641 0.26727432612745 0.300873880749236 0.316167991728556 0.329210798412988 0.337435462858374 0.343590799874333 0.347318731152758 0.340769753380815 0.334796110575481 0.34428374751192 0.357585512566116 0.369014596340409 0.380891781089322 0.390473320245587 0.399670292221947 0.408881263533295 0.414853085849448 0.419477733229156 0.422988286708941 0.424545651450891 0.425863409197332 0.427007708803095 0.427540156404599
-9999 -9999 -9999 -9999 -9999 -9999 -9999 -9999 -9999 -9999 -9999 -9999 -9999 -9999 -9999 -9999 -9999 -9999 -9999 -9999 0.418563613325271 0.416004439381499 0.393380377546465 0.339260114295081 0.287676912050481 0.25175741206317 0.133406003480355 0 0 0.0104476577353594 0.131807362915197 0.217960118253403 0.223447185749567 0.25840132026884 0.295995537625507 0.312213394170008 0.325719303966242 0.334186103973091 0.34051281062909 0.338806503342628 0.330599537970071 0.334714695289991 0.34731080784669 0.35808536819615 0.368823985440136 0.379959480482591 0.38908750096883 0.397120354256211 0.405574018802248 0.411700544429873 0.415481801927694 0.41849950342602 0.420502314932151 0.422179866261142 0.423809720038421 0.424619653330326
-9999 -9999 -9999 -9999 -9999 -9999 -9999 -9999 -9999 -9999 -9999 -9999 -9999 -9999 -9999 -9999 -9999 -9999 -9999 -9999 0.393342357078907 0.393728026946581 0.387853872673312 0.353796197936082 0.323838807912389 0.308807287202852 0.169823415027793 0.00718514101027915 0 0 0.0985126367938418 0.172227000853256 0.204852668592372 0.258409892136043 0.291361610625455 0.307257739096378 0.32048768717843 0.328701887932825 0.335514460225666 0.332420013783689 0.323113212980822 0.331705747855218 0.347693263206666 0.356948985644975 0.366492660777199 0.376805495067709 0.38509819770396 0.392441407897842 0.400342680563855 0.405855639989209 0.409281167954284 0.412302336416629 0.414406590931078 0.41649092059724 0.41858180948122 0.419414177834208
-9999 -9999 -9999 -9999 -9999 -9999 -9999 -9999 -9999 -9999 -9999 -9999 -9999 -9999 -9999 -9999 -9999 -9999 -9999 -9999 0.381934711111114 0.389672623498047 0.395290165392405 0.380543788618824 0.351365037572163 0.256132206274329 0.113067471219473 0 0 0.0534440404397836 0.0998127600030643 0.167268151731614 0.194847107646775 0.255303306276653 0.291205675006132 0.303897844727942 0.314872497977593 0.323365403530677 0.330180050878716 0.33064800418097 0.325821315070289 0.332074357999315 0.34517973456055 0.354330350302663 0.36294214306239 0.372808607996743 0.380601602788334 0.387559829455294 0.395415871430744 0.400308042466125 0.403485732306431 0.406517102852699 0.408486378335752 0.410628776666683 0.413024471851459 0.414417922941538
-9999 -9999 -9999 -9999 -9999 -9999 -9999 -9999 -9999 -9999 -9999 -9999 -9999 -9999 -9999 -9999 -9999 -9999 -9999 -9999 0.39375812409702 0.390154891648691 0.390617646692111 0.369785333688967 0.329647213585033 0.22452759511723 0.0760901693377365 0 0 0.0590034411592874 0.129347387696578 0.175024404104071 0.194638780150719 0.247575284871221 0.287387752447732 0.300705823305156 0.311593801843908 0.319846685514405 0.326405778537235 0.331095046294531 0.331049309796943 0.333340080528315 0.342220786939458 0.350798688424441 0.358838118189639 0.36819088939682 0.375938626326569 0.382947894025716 0.39059251437846 0.395455687351936 0.398614983454443 0.401849149234432 0.403935964082257 0.405951372484288 0.408343955407893 0.40978073092836
-9999 -9999 -9999 -9999 -9999 -9999 -9999 -9999 -9999 -9999 -9999 -9999 -9999 -9999 -9999 -9999 -9999 -9999 -9999 -9999 0.414525422562602 0.403434072851482 0.375420857386315 0.360946909624297 0.329233681493338 0.237612009387614 0.113298849100159 0 0 0.0885566753272141 0.159388819744096 0.183296570728318 0.190587858097559 0.226589871231164 0.275831497179045 0.297354378794429 0.309033413950184 0.315863674969499 0.321735230240865 0.328458658779572 0.332536617086933 0.33435130958693 0.339708015067089 0.346104197140364 0.352877619363826 0.360593642393064 0.366603570535919 0.374441666693968 0.382781517378713 0.387651274239241 0.391374732436223 0.3949552429691 0.397284427953662 0.399416473110553 0.40177086629471 0.403401661461634
-9999 -9999 -9999 -9999 -9999 -9999 -9999 -9999 -9999 -9999 -9999 -9999 -9999 -9999 -9999 -9999 -9999 -9999 -9999 -9999 0.40630736555929 0.400438576434265 0.383711235471362 0.357791694153606 0.303801776124671 0.225628464569142 0.12474960382117 0 0 0.125526427350289 0.18085477009425 0.188391884874035 0.18819485670834 0.206600881110888 0.254402200399125 0.292670189191706 0.306721926686174 0.312805435434881 0.317844919486681 0.323964693158059 0.328510093041317 0.330780645890181 0.335032891320977 0.340276803179598 0.345891367119159 0.352283427450591 0.358045463981926 0.366388062247738 0.374454221729061 0.37922545560257 0.383264754452839 0.387275516162342 0.389869823895716 0.392368976480695 0.395279933015717 0.397495647448412
