layers/veg/veg3000.asc
NCOLS 255 
NROWS 330 
XLLCORNER -2985163.8955 
YLLCORNER -3022031.214 
CELLSIZE 25000 
NODATA_value -9999 
[rows 75 to 99 of 330, columns 171 to 227 of 255]
0.709976385734074 0.701774559948593 0.69310524121049 0.682405205483637 0.673412726890417 0.664131092783278 0.654459949560178 0.647833543312423 0.643084524821722 0.639020406285697 0.634706753218647 0.629771149467152 0.625240113441922 0.62145611373265 0.619046064417354 0.614620338983031 0.609575093466229 0.607912820203878 0.606987295573735 -9999 -9999 -9999 -9999 -9999 -9999 -9999 -9999 -9999 -9999 -9999 -9999 -9999 -9999 -9999 -9999 -9999 -9999 -9999 -9999 -9999 -9999 -9999 -9999 -9999 -9999 -9999 -9999 -9999 -9999 -9999 -9999 -9999 -9999 -9999 -9999 -9999 -9999
0.706827473758684 0.698292713420675 0.689984661446797 0.681740157062948 0.673576329461154 0.661184112509623 0.650734189011801 0.646521873345282 0.642412786232348 0.636176596570807 0.630128713858012 0.627580175513139 0.625788328880659 0.6230841667906 0.618175338447239 0.613375684675099 0.610800895255501 0.607481410807236 0.602390572099433 -9999 -9999 -9999 -9999 0.59098341499692 -9999 -9999 -9999 -9999 -9999 -9999 -9999 -9999 -9999 -9999 -9999 -9999 -9999 -9999 -9999 -9999 -9999 -9999 -9999 -9999 -9999 -9999 -9999 -9999 -9999 -9999 -9999 -9999 -9999 -9999 -9999 -9999 -9999
0.701706124147739 0.692938542084657 0.684500200738157 0.674049947160195 0.664630790591524 0.655660054195314 0.644801848273514 0.641738226872535 0.640359700955857 0.631452940021423 0.624369938341417 0.621927837710883 0.621610486255372 0.619563368086657 0.615545567577283 0.611008656335977 0.609157776356541 0.607444132205883 0.602814160980237 0.59870775126246 0.593297651851187 0.591509181178991 0.589356687679408 0.590553847700105 0.586789041543759 0.584333303401091 -9999 -9999 -9999 -9999 -9999 -9999 -9999 -9999 -9999 -9999 -9999 -9999 -9999 -9999 -9999 -9999 -9999 -9999 -9999 -9999 -9999 -9999 -9999 -9999 -9999 -9999 -9999 -9999 -9999 -9999 -9999
0.695939249513644 0.688267495627007 0.679649158524562 0.667873214771148 0.659081763915302 0.649189066766675 0.639675008691828 0.638217644351113 0.636393734957707 0.628028387733011 0.622501280123281 0.620924788572892 0.619652638699876 0.616204058438152 0.611969639759526 0.60925910968407 0.607433738617529 0.604507424925383 0.599660027095459 0.5945817529769 0.591212406627423 0.588280468091161 0.587208731844065 0.58592931103827 0.584072735761054 0.58422306957572 0.584626262912363 0.583071426102101 -9999 -9999 -9999 -9999 -9999 -9999 -9999 -9999 -9999 -9999 -9999 -9999 -9999 -9999 -9999 -9999 -9999 -9999 -9999 -9999 -9999 -9999 -9999 -9999 -9999 -9999 -9999 -9999 -9999
0.692876035341603 0.686258473472814 0.677177666852664 0.665601650017619 0.656337493092855 0.648577981435283 0.640101742886567 0.635217597123868 0.633529957028107 0.626500952918806 0.622492121162412 0.620261627930086 0.617107028825188 0.612873876638725 0.610046719049668 0.607395275625692 0.605544909103563 0.603133490632707 0.598475295335727 0.594223817204476 0.589423210410241 0.584733348127798 0.583281838563022 0.581626583730015 0.581214017371283 0.582296555364718 0.582752670982738 0.582291058548419 0.578944445902471 0.575897170376659 0.575487465446589 0.57518636548958 0.575594343288878 0.574871926071598 0.574702575236677 0.574445590899709 0.574248255811137 -9999 -9999 -9999 -9999 -9999 -9999 -9999 -9999 -9999 -9999 -9999 -9999 -9999 -9999 -9999 -9999 -9999 -9999 -9999 -9999
0.68181553597542 0.674386230525478 0.667530304691626 0.657590955934438 0.65050435122818 0.647159986516469 0.640869642212486 0.631859348433097 0.626326901799172 0.623229365782333 0.619847671670508 0.617736611837711 0.61500666226589 0.612885750965657 0.610192961024863 0.606356729033428 0.602640270808001 0.598843581790876 0.593935782930748 0.590198177457871 0.58573488246465 0.579850223611938 0.577344774137296 0.576334669150019 0.575365085257921 0.573467767480087 0.572760716317761 0.574001073441142 0.575542461548802 0.575541315957645 0.575009330734561 0.574858709346876 0.57521329193263 0.574495344580378 0.57430370655307 0.574053073014029 0.573958907273842 0.573480100889308 -9999 -9999 -9999 -9999 -9999 -9999 -9999 -9999 -9999 -9999 -9999 -9999 -9999 -9999 -9999 -9999 -9999 -9999 -9999
0.678932176998822 0.671368440930588 0.662996131085026 0.653372639323337 0.648659782738057 0.64390297185574 0.632987664289293 0.622150838774333 0.620103569076696 0.620757808901874 0.618486537681577 0.616110559810044 0.613402498800222 0.609911361181655 0.606362454094647 0.60290692897089 0.599598265746458 0.594755874831531 0.588381325416402 0.585038677218004 0.583257874052564 0.579031352105652 0.575289824979839 0.572362641815104 0.569566156128411 0.568037139065001 0.568050415743252 0.56846455057754 0.571312207466375 0.57158607325659 0.569106711450038 0.570366946777009 0.570721465894805 0.570185052614731 0.570019448246297 0.569847498668523 0.570779629272028 0.571952887483081 0.571393033513279 0.57097481349238 -9999 -9999 -9999 -9999 -9999 -9999 -9999 -9999 -9999 -9999 -9999 -9999 -9999 -9999 -9999 -9999 -9999
0.66907523986953 0.662912152419704 0.659402377069626 0.648638379038756 0.639641600091387 0.634433267868537 0.625020833207374 0.610135468511233 0.608284942528629 0.613483318265375 0.613859519226218 0.611695953326848 0.610336748951059 0.607044056721988 0.603277131452485 0.600484278453546 0.596592461832237 0.591596313233455 0.586143770046467 0.58204505870962 0.580506982347392 0.576267209119831 0.571584712675145 0.570051466168235 0.567898562809082 0.568316872215482 0.570051408760336 0.570754510668688 0.571054858031266 0.566873467293039 0.557126616676463 0.555504823847373 0.559854195223567 0.563112105583684 0.565655197844968 0.565511630419347 0.566591221134022 0.56663866754517 0.568283853188255 0.570666661010314 0.570888488763206 -9999 -9999 -9999 -9999 -9999 -9999 -9999 -9999 -9999 -9999 -9999 -9999 -9999 -9999 -9999 -9999
0.661880288197659 0.653446160596711 0.650410829994269 0.64077399713886 0.638022800752255 0.630349701797767 0.616720250695623 0.608883965707258 0.607178340286882 0.609351810655907 0.606228814393031 0.605752132536002 0.605188803261238 0.602523157289285 0.600627159169298 0.597574879338544 0.593846932189731 0.589197665660548 0.584879146030759 0.580091216973912 0.576049103972169 0.574966862355197 0.571221251360408 0.566933974125926 0.565782935309584 0.568718498716816 0.568434037925837 0.565647414046236 0.567524439304794 0.563244269699514 0.554036593897649 0.531986896522661 0.522573624584585 0.548444351828298 0.555416329806635 0.553598688546338 0.556317334136278 0.560598110962391 0.564738948122623 0.565980864356713 0.566402702572817 0.567411590902872 -9999 -9999 -9999 -9999 -9999 -9999 -9999 -9999 -9999 -9999 -9999 -9999 -9999 -9999 -9999
0.656552583241013 0.642519143255115 0.636498549651058 0.633020416427415 0.627144765824036 0.618807489247173 0.613381136117165 0.609448737832036 0.603709670642517 0.596645811922695 0.595330945207411 0.597236159910924 0.596862860700362 0.596894034892754 0.595162683914724 0.5926046351654 0.58926649649405 0.584477561126539 0.578945043119296 0.574259652343724 0.570913277842167 0.56801599121013 0.565437326375297 0.563841774497304 0.563039496243667 0.562786957324697 0.560993239523107 0.560240219059274 0.562718354607738 0.559621406661366 0.551970099167544 0.538350567529759 0.509810578723227 0.519940602810441 0.544743836322965 0.540239551326542 0.55163379406066 0.557518423734364 0.553178707925553 0.548787315559183 0.555625327109661 0.567300951447736 0.568170251589659 -9999 -9999 -9999 -9999 -9999 -9999 -9999 -9999 -9999 -9999 -9999 -9999 -9999 -9999
0.650569236568386 0.638577853433962 0.627407276747072 0.621514597718601 0.618579272163462 0.613735661083499 0.607778724785347 0.599395725008715 0.590447960877789 0.580755513244032 0.578984707724227 0.582808169924039 0.585928337148318 0.589083377331422 0.589028636536148 0.586467064554417 0.582984772170371 0.578467308541059 0.573387650189042 0.570788749575945 0.568362355969936 0.56208850858414 0.559839414951249 0.560702802511558 0.560056538538715 0.558146038083222 0.556767417119882 0.553714615433621 0.553197374761682 0.55541773016402 0.551332792958583 0.543343912266287 0.508842997214923 0.504073474848428 0.544507753934669 0.552097943205802 0.55291461495924 0.550478899748668 0.544920413189867 0.539752552085794 0.551413931469071 0.565636986137323 0.566058266459825 0.568434978232048 -9999 -9999 -9999 -9999 -9999 -9999 -9999 -9999 -9999 -9999 -9999 -9999 -9999
0.640292299242038 0.634010413082927 0.62340428776717 0.617400096940059 0.612733059915704 0.60528695469578 0.59880263743885 0.593515948005989 0.589247108165281 0.578974779736479 0.579578701666879 0.577448011176485 0.575252540880645 0.579894161682347 0.581876720212894 0.579912242446979 0.576785444310425 0.573041175289541 0.566068549437584 0.564979293076645 0.56463373018507 0.559183124604729 0.555852394594823 0.556572981138284 0.557875776101754 0.554743604361335 0.5527078427358 0.550686844562118 0.54787485500843 0.545724706922484 0.54415018628938 0.540529411154911 0.502951756358962 0.494838214315401 0.538221883242744 0.547603286599317 0.546005109027829 0.540052137668699 0.538232608788538 0.543480084262993 0.553568123769402 0.558157334100714 0.559825263761238 0.566026017753336 0.568173236528323 -9999 -9999 -9999 -9999 -9999 -9999 -9999 -9999 -9999 -9999 -9999 -9999
0.64768564035041 0.634862268141391 0.621958373053927 0.608227120319549 0.598934919199656 0.595694648193917 0.593950798326023 0.588953412670665 0.58148805192207 0.574375268970946 0.574704206445033 0.570384391523204 0.56774300637884 0.564626702028532 0.563363551663687 0.568015612440217 0.569079546943967 0.562648598509398 0.558067263590553 0.558180626493463 0.558483431389497 0.555447551849526 0.551358523673897 0.550063077970061 0.551735781394519 0.549865872817335 0.547889917494632 0.545679161951758 0.540746825918518 0.522712526927625 0.506083522032026 0.504413026426455 0.488266584426345 0.495608215115746 0.530540738351862 0.539368360405478 0.536346484972436 0.532628520503565 0.525627825101533 0.532677016239736 0.547830184420178 0.538498546367839 0.534129787309509 0.554390076748546 0.56542264783353 0.566280158357599 -9999 -9999 -9999 -9999 -9999 -9999 -9999 -9999 -9999 -9999 -9999
0.645299105887876 0.639115496992359 0.631773864297807 0.618322491482418 0.599834056063667 0.589062353384231 0.586292294522886 0.576426920277673 0.57236000524127 0.571743862260186 0.568044929110996 0.566945489922788 0.562337327929248 0.556054535770618 0.557917802971901 0.563298801253597 0.561398897358975 0.553393465040938 0.550824211064523 0.549560379210087 0.549519177013014 0.549423229197879 0.548250447321318 0.546651735783223 0.545224347699819 0.54068367311085 0.539231688522102 0.538687410939301 0.530504261646123 0.518962609248034 0.515335163577777 0.517741101321978 0.497921276444902 0.500097740520062 0.527663299965334 0.52323863465801 0.517787066775211 0.517822583995603 0.493973404571958 0.496602764659917 0.528765650817812 0.524874313406327 0.535428420615466 0.557114727877197 0.563116366263056 0.564955335105154 0.566132067889578 -9999 -9999 -9999 -9999 -9999 -9999 -9999 -9999 -9999 -9999
0.63878407347544 0.630075520855198 0.623339913676582 0.617071688154034 0.608350338117859 0.595190041911283 0.58226198900634 0.57397936048576 0.573412208636637 0.576082110807185 0.572969238446216 0.563200342648339 0.554128454650355 0.554210875316326 0.556798735305065 0.556412996453423 0.555681911125341 0.549810166361855 0.545039200434427 0.545013416493195 0.545825541375003 0.543364163522556 0.538117978615811 0.540225572969883 0.541802445029816 0.535135167846904 0.533694371928647 0.535313622897094 0.530528474682491 0.522798991997109 0.516231041250381 0.513677772601769 0.506195132197717 0.50331523114066 0.517922799126918 0.515843367401775 0.493506033581117 0.482216711728222 0.501672789190993 0.517212625970332 0.530442375983593 0.542705078829965 0.548981146026842 0.55597328141094 0.560598462426384 0.563019425573029 0.566649260600782 0.566756156269101 -9999 -9999 -9999 -9999 -9999 -9999 -9999 -9999 -9999
0.629281360188559 0.617535140429869 0.609985249094168 0.607808677549002 0.601124833377545 0.587761180727865 0.57810617563981 0.575618447515587 0.572807924145206 0.569521174617607 0.563371278838637 0.557363779751231 0.554409601946578 0.553488977957067 0.551987340610376 0.546967679539045 0.542209779242981 0.538821722946116 0.537735117327391 0.537125119034584 0.535187026715536 0.530916835490388 0.528943457521836 0.53348630598354 0.53646041224591 0.53400270551321 0.530300484468763 0.528536398875081 0.52738782421777 0.521856840264674 0.51541500588551 0.508332198450653 0.498789461868389 0.503827877066836 0.513248817256155 0.505074710063755 0.492659341303464 0.496366660035488 0.511803225880267 0.518659569793408 0.527756569772735 0.539149643163434 0.545373379588899 0.551783789138827 0.556709036446873 0.560148938817277 0.565459488856929 0.566529260584907 0.565752515385606 -9999 -9999 -9999 -9999 -9999 -9999 -9999 -9999
0.61878979856912 0.606077246087233 0.60213169963732 0.601237741344519 0.594951142883394 0.582199561928092 0.570165877923507 0.56425593574932 0.560198286077233 0.557685081093014 0.55362942984502 0.548944993329595 0.545479124446911 0.542554110340969 0.539007160535415 0.535274286108586 0.527849576787022 0.525106256951327 0.52867754960199 0.529529456480153 0.527661149098425 0.524091060215658 0.525505516101726 0.528380682647449 0.525221096831597 0.526936847738292 0.527588445471183 0.526415763025216 0.52330806055338 0.511474944728788 0.501899594994559 0.487070896555689 0.482414037527263 0.501731148285182 0.509094068815052 0.499095281256639 0.494539264464169 0.506068605912226 0.517117867305643 0.519421423241477 0.524116589273205 0.536710097995899 0.542268733745052 0.548262831988124 0.55492898627498 0.5585204796167 0.563200156973533 0.563580974131505 0.564330087558057 0.567184988239216 -9999 -9999 -9999 -9999 -9999 -9999 -9999
0.610103049330686 0.596925014982672 0.593555530198277 0.594582843779723 0.588791560488397 0.578241887015775 0.565970907152488 0.555554883438568 0.551448616823464 0.546251800050601 0.535881688292131 0.534596224400803 0.534900716245156 0.530829937630966 0.527704593696147 0.523073905145151 0.513660584101916 0.5101850463681 0.516875500673515 0.519642086810749 0.520366497117948 0.51984313142154 0.521997991582261 0.520368016876548 0.511951187703352 0.515511991792359 0.525113651858828 0.523653408533528 0.517873326448106 0.505890426554556 0.496491194301731 0.485984905938469 0.481464124054172 0.497864257866502 0.505898040546573 0.503221246424168 0.488852982524887 0.478462461946903 0.499073071388968 0.522481452858912 0.532317859456475 0.539461620069842 0.54726371955098 0.553346067398378 0.555394139376179 0.556447456920047 0.555988396846589 0.556604919260839 0.562095868404003 0.560288827442615 0.560642987124885 0.57028022508893 0.570947167586644 0.572421237724897 0.572834723392461 -9999 -9999
0.598291210653583 0.582986459047585 0.581189724313303 0.582667182576017 0.576350203450522 0.564502806207698 0.55306115107682 0.548504295411259 0.543775979864412 0.530949213407368 0.521428015906053 0.521112912844153 0.518850107394147 0.512502090878074 0.510643955841721 0.509260452401088 0.510718829343958 0.513862055386528 0.506802987925425 0.507239468104099 0.507078033673055 0.51033129347694 0.515827567591725 0.510569664090073 0.504221324281358 0.507796061859602 0.512279108194251 0.513625470406633 0.508221745217728 0.498066792590153 0.485534486729267 0.468089259697798 0.463955125392268 0.483492277926041 0.494940807308136 0.488113001053042 0.487039818748656 0.497375596506143 0.510797398206761 0.525023805822669 0.53187843556736 0.536611458917308 0.541464205056928 0.548200535606782 0.552247294918 0.550703968464589 0.551879518065751 0.556873682266733 0.558204902636401 0.554750016535858 0.560984909451152 0.569702313937291 0.570219633956442 0.57146307867204 0.571856336760868 0.572141961247043 -9999
0.586292346381555 0.571811715452708 0.570010014990573 0.572310711326986 0.567470978762568 0.555273235009757 0.53860542506914 0.534293588352926 0.527303275355249 0.509034123769191 0.501089872782255 0.503231078898926 0.497554325770984 0.492143511539282 0.490858363718846 0.494362084039862 0.500110236285017 0.496183310819579 0.488654823236061 0.488617514924811 0.487656606472755 0.499297284377976 0.504900355777498 0.504403678502029 0.498576428332543 0.493827628494749 0.503088628252902 0.503953446517449 0.491306384963511 0.481104469792564 0.4751545341277 0.457477331516074 0.454553234862152 0.471418573331148 0.484594925540156 0.485823574575413 0.486105801800166 0.499700992347961 0.513659934675204 0.519602580028765 0.525993038720203 0.534129647101644 0.536701738657452 0.539686936333892 0.545359409587199 0.545112534503982 0.553157843343604 0.557077813003707 0.555854384124063 0.559790623201556 0.564052053216719 0.563516435454226 0.562342217114493 0.560956661846863 0.561202758905698 0.566027655114063 0.573537158755209
0.57973149622937 0.566918310115615 0.563560573894237 0.564690839775798 0.556572115929129 0.544497350571291 0.529547869312023 0.523262891709574 0.520993965594868 0.507610829551963 0.494781369362693 0.491857272240986 0.484847589068776 0.483003552582162 0.483052730035126 0.484684927698753 0.491257767730066 0.492035258033502 0.48733876350953 0.485047446344324 0.483973245272783 0.490587982065004 0.494407745005327 0.500307060737188 0.493661307881272 0.485502680513168 0.494883016901043 0.497023194193752 0.486847436904632 0.477158596816012 0.468226392249769 0.453507393130575 0.45342247567743 0.468021722842249 0.482898672288552 0.48470500937896 0.48447080418002 0.488218908318738 0.498826289486207 0.515036269792563 0.525433858622773 0.534176240027164 0.532574644833105 0.534409589143835 0.541500718321706 0.543349291433097 0.551240169998594 0.554250520266243 0.555789267696431 0.559949049634011 0.560391100667064 0.557610489777433 0.55372066341638 0.549503556933996 0.551408543470003 0.55921484671538 0.57069243689798
0.570974689200272 0.565974673173924 0.563905587729692 0.553859705474832 0.543187405733463 0.534797491212984 0.520704593771086 0.507355901798762 0.50044463811044 0.499799074632161 0.498916042691296 0.495976638293949 0.4930568063925 0.493101226547561 0.494407819454076 0.488874084738385 0.485392563888836 0.486734644420197 0.487865125478126 0.488607284190327 0.488218782427779 0.488853521684255 0.491730964937129 0.493572053419732 0.49313702713592 0.486859235848425 0.479302099454496 0.475011229218202 0.466778608777672 0.465977898936844 0.462761125897658 0.449162607857592 0.44873456147448 0.467019300066283 0.480559655433028 0.484870406032095 0.487231628862501 0.492202150963824 0.50381957293636 0.512795346254669 0.520874670383937 0.527846315663178 0.52020029578423 0.518699924352686 0.529880279532545 0.529176359700592 0.535664129335947 0.54391208575936 0.546579565095835 0.548886280428991 0.54991439488957 0.542592269824228 0.534841739708525 0.539270984507713 0.552124048156353 0.56102522210271 0.56688040608377
0.56440688763551 0.562288168114194 0.558927653425125 0.550643125312163 0.539459916977125 0.523217285839365 0.504143871106067 0.496909224487905 0.496692698906205 0.495665532580888 0.493704922301005 0.498899572166997 0.497843995399914 0.496581320556494 0.493013465861693 0.486894368896658 0.484188924770949 0.480543598417514 0.478083640911485 0.482149183041066 0.485006075359594 0.485103469764961 0.481066730045092 0.479533486353595 0.485128623339957 0.488689209509215 0.48312136229955 0.467591922812684 0.454414894220127 0.455456712654408 0.456587095419545 0.444560857904411 0.435885400099309 0.44953718043011 0.466258504155038 0.473407286483678 0.488323881948226 0.496850087081322 0.503659625133942 0.513517314557929 0.519344728964643 0.515172310938098 0.499204410143756 0.50851787534717 0.525422206161497 0.519864258170256 0.525379404824408 0.541648261759777 0.54339821456716 0.526872844538381 0.509648176239264 0.506426755606702 0.517258245317805 0.542018287059834 0.552264126794774 0.560115385332367 0.565673844853063
0.559996939568272 0.558657537858847 0.555671425576201 0.54819767122572 0.539207944870468 0.528403804444045 0.515759087499167 0.505791576540881 0.504888637606895 0.504375524517339 0.500552541334209 0.495883534749877 0.489084591130751 0.48332928030556 0.478669611947051 0.475304841176998 0.466989573217807 0.458796551587217 0.462044707362838 0.471855911944041 0.474412831350249 0.473285981008871 0.474126627583614 0.473808199678128 0.476923663235891 0.477105414109435 0.475350482980612 0.464124294936692 0.452996187390881 0.460791242330675 0.460947335799685 0.451629051644129 0.452290741995337 0.44917625731906 0.45074424803823 0.467939261924868 0.485021267153367 0.491569481030573 0.49659360817248 0.504359474562784 0.510277139813596 0.498493213253146 0.494934117577137 0.507554985043841 0.508442322966207 0.517179083153788 0.531102068126026 0.540920189528803 0.541840053191981 0.533881428267895 0.524511007922311 0.516552688699387 0.516615933175403 0.529048618658008 0.544691293437532 0.557175191868138 0.564674441231357
0.555597224473042 0.552254059938755 0.54401555129652 0.536328172960224 0.530480521721246 0.52197761257001 0.507760741806237 0.494007153478705 0.49195930062657 0.488742419996378 0.480079584673288 0.475423857775773 0.469677971288724 0.465862530876619 0.461559017815953 0.454729297732528 0.447192024466754 0.444262448879816 0.453291989571898 0.460344705013327 0.455918413273764 0.455998576587582 0.458631018419062 0.461948953523524 0.465110907617141 0.465260054556799 0.468106685759163 0.469309190366801 0.47128667951782 0.47008617697799 0.462823994585889 0.461758626133318 0.45892971345614 0.448996823752307 0.448987916879289 0.459040278992958 0.464459198862176 0.473655900299477 0.481375160329465 0.489907161585655 0.504743717931765 0.506259169836752 0.511946968626184 0.516838905127642 0.516625644033855 0.521998938595252 0.531137347000449 0.534021695739622 0.535405366089499 0.533137085095695 0.520058088155557 0.504039885958001 0.503654006943322 0.521950362570639 0.541595129534216 0.55346892616958 0.56280554576111
