layers/veg/veg3600.asc
NCOLS 255 
NROWS 330 
XLLCORNER -2985163.8955 
YLLCORNER -3022031.214 
CELLSIZE 25000 
NODATA_value -9999 
[rows 175 to 199 of 330, columns 114 to 170 of 255]
0.371147668998405 0.369532843996915 0.360293770680191 0.346825044376598 0.350754291757651 0.355173336624062 0.359044486826075 0.364473996187732 0.370954298471105 0.378137734181638 0.385205064868017 0.391677059448223 0.401957185314916 0.415336123018345 0.429487827304785 0.443086846332238 0.453785907655029 0.461001197909348 0.464807572651557 0.461276304204017 0.458993363097001 0.473830776462782 0.487365572888792 0.499368202045706 0.507191958389524 0.514626473147579 0.529692430700791 0.537452920264303 0.534855482072852 0.533882284781903 0.534269798713397 0.549298712319636 0.552450037491584 0.535174401870702 0.529782105230808 0.529790966582697 0.517602401721586 0.514862425264247 0.532039446145186 0.507903719949689 0.460507825754653 0.463475142397114 0.453459607889604 0.403536371958029 0.394497977272909 0.413419944253219 0.444309493317416 0.469033238566332 0.469232882980503 0.524248858000147 0.624487793341167 0.674746918090764 0.706585003729483 0.691034712750404 0.616254311233365 0.482722754127498 0.483614895570002
0.359208935288155 0.352582374014996 0.346610308376785 0.341001332882385 0.345626978788263 0.350732275230603 0.35600960716408 0.361907170671992 0.368222952883987 0.375751534754691 0.383612637009221 0.39219757063004 0.401567402240808 0.411575933255274 0.422382424940219 0.433075112576489 0.442754460978638 0.451465104862542 0.459227858717511 0.455789899367193 0.452422848198159 0.464057190697097 0.477782794980294 0.493968188292118 0.505502475228329 0.515657692562506 0.525355361907335 0.527621181968348 0.51934988680607 0.514727963988533 0.512006901681459 0.520046714169522 0.524195241209695 0.521651573473335 0.511806543618304 0.498617566419568 0.486147263159849 0.482328859457149 0.496748085872762 0.490734960158391 0.473217880415257 0.470278940446109 0.458215007072352 0.420509445390577 0.427905508221848 0.466145710216621 0.468638453124692 0.473364953366665 0.497141245746685 0.537019178037368 0.590180812734726 0.657082316156407 0.711855016658795 0.703409686911284 -9999 -9999 -9999
0.344417373060481 0.335209044845565 0.333565379374854 0.336118311004313 0.341038926753882 0.346421632118213 0.352750450554781 0.359302598620141 0.366005336613178 0.373494706624853 0.381685542301947 0.39194213850848 0.400828996916705 0.408601250973529 0.415911308921341 0.423189891617299 0.430633116540486 0.440444958686362 0.452574523734799 0.450391182285336 0.447139547873777 0.456025426030419 0.469533411695685 0.488478023910733 0.502341234664284 0.514141690375974 0.520179362339329 0.519054342335242 0.507773827017994 0.50105275823299 0.496242585680455 0.495995096475137 0.499395347108802 0.509068945155165 0.495943294669678 0.472412878975288 0.461023162789728 0.455825905156368 0.463681939213892 0.472721900008063 0.482428442831809 0.476254456313313 0.465513525475697 0.444619332951253 0.466882731229089 0.518660781163914 0.491806016301171 0.476578990600659 0.525743356139514 0.550832117639761 0.556058730869134 0.631786422138154 0.702483593044984 -9999 -9999 -9999 -9999
0.322060599463644 0.322694653662459 0.325658075699044 0.32991374547274 0.336376846511768 0.34255234346725 0.347755566906586 0.355308005460293 0.364444506711286 0.371304244670204 0.37850376062477 0.387512127440639 0.39805293615812 0.409840747341266 0.41395681519262 0.416477099965804 0.417076072923481 0.427006120976532 0.446066747937354 0.445049918949802 0.441988036879661 0.452635942290408 0.465220394209727 0.480082655579332 0.491843043957927 0.502567387231619 0.511885659756072 0.515636910811294 0.511495059566987 0.506319802775274 0.500908535181483 0.498235902689428 0.49826602087926 0.502944303342261 0.491055467718965 0.471611185982046 0.46237700489469 0.454345896736319 0.44885078647524 0.457564938140742 0.474279279649593 0.473155878658641 0.469229324143653 0.460006317524501 0.478571795198643 0.516141286274502 0.484693415868863 0.469554659285776 0.531375086567924 0.563444092669942 0.570968454417396 0.639169173928385 -9999 -9999 -9999 -9999 -9999
0.307737441368702 0.313431850171845 0.318687638901022 0.323700097320213 0.331398634262136 0.338573196577567 0.344115520573909 0.351813232626574 0.360964310868359 0.367421833992629 0.37420658390386 0.382885687989914 0.393979305204779 0.40703769760743 0.409454762877285 0.409596244623918 0.406803424412114 0.415554494331778 0.435601411586362 0.436639859411858 0.435556110336009 0.446323391020432 0.458031565682193 0.47084644094929 0.48181334929598 0.492278917803863 0.50300360888509 0.509617735865442 0.510403772701667 0.504446032250811 0.496534799105839 0.498583286841528 0.500392778968531 0.501791248777723 0.490961231218876 0.474519247681687 0.45622343265339 0.440637722052271 0.43076473173866 0.442752827296749 0.467049291724313 0.467293485954636 0.467105347958599 0.46856350357433 0.480413886296755 0.499371314553757 0.497652014764139 0.507685715067815 0.563775212000811 0.58588748072378 0.579968853795754 -9999 -9999 -9999 -9999 -9999 -9999
0.300626135196165 0.307088027424763 0.31255823627896 0.317478295613737 0.326136627346748 0.334495428917458 0.341691724396117 0.348767153183645 0.355761082232987 0.362020545090528 0.368908106599361 0.378082912939061 0.388740833327536 0.400605616353829 0.402665743344515 0.402564516932172 0.399479208166511 0.405886805683125 0.421583336038502 0.425474912764044 0.427974742754231 0.437386774635524 0.448261094632215 0.460855390717035 0.472204227923572 0.483144753353582 0.493593392242561 0.501262951467727 0.504992242057996 0.49616188512138 0.484046052573362 0.497230928264351 0.505442554464922 0.505101234676858 0.495170245789045 0.480757590934785 0.443330384198348 0.415952207917798 0.409756720975499 0.42825029244814 0.460644456041161 0.458949990579985 0.459738951161038 0.470989515484802 0.473416257568094 0.469808556234376 0.528628717391347 0.58635318501668 0.620205576486984 0.617156620383216 0.583664397488055 -9999 -9999 -9999 -9999 -9999 -9999
0.295835982080363 0.303676789500308 0.30962411262164 0.314521000186825 0.322758358956685 0.330619748938849 0.337162766835261 0.343458730588842 0.349588107106766 0.356503974367297 0.363540271105764 0.370733121133772 0.379609069306939 0.389854614288157 0.392390978828913 0.393792517995173 0.395295894080338 0.401503203226239 0.412313372337251 0.419099219111328 0.424782848800096 0.429013611805843 0.435156140700905 0.443547331525924 0.460071790174502 0.477258134890865 0.478685948993328 0.480721655549148 0.483619251599731 0.476171020687535 0.466172852413455 0.480010028059177 0.489430264957613 0.491254293659896 0.477677653999164 0.457068567148919 0.443557134222861 0.434217061599592 0.433669939679356 0.446814500325701 0.46766783996236 0.465380046172773 0.463744692990922 0.466498131595742 0.465380510874978 0.461615546653008 0.518765685530322 0.577613777745091 0.62243616734007 -9999 -9999 -9999 -9999 -9999 -9999 -9999 -9999
0.291831660504717 0.300907072623683 0.307025409204693 0.311503268867273 0.31910537472828 0.32624000777356 0.331842603920684 0.337503224660409 0.343202971060487 0.350367475893854 0.35725336364531 0.362778301233527 0.36992261254496 0.378384665836407 0.3817079925127 0.38490957642529 0.39093116623264 0.397377286490222 0.404238815340596 0.413078438147639 0.42098684892079 0.420671427332518 0.422662073396568 0.427365167970482 0.448202638238761 0.470461351237054 0.462483309624687 0.458883687184907 0.461491928434973 0.456685922363029 0.450138812577253 0.462324775248555 0.471409890747949 0.475162199511741 0.456480705058545 0.427664912626856 0.438491232287581 0.447463013240043 0.452525549664353 0.460830886082775 0.470962004565807 0.470602161951742 0.467865381118429 0.460101543789643 0.45775695828342 0.459118495542882 0.507702331289441 0.55166616201474 0.564874516518689 -9999 -9999 -9999 -9999 -9999 -9999 -9999 -9999
0.289675787761447 0.298668815171906 0.30313894449074 0.305099936038663 0.312267244160259 0.319081660505896 0.324442927313537 0.3303563074841 0.336641974627249 0.34115639752801 0.346312581300732 0.354116185960831 0.361055558265916 0.367291673973492 0.372212578087317 0.377096366900459 0.382676084076729 0.389596731833329 0.397829497684406 0.404368406255714 0.409953875012343 0.411957516510275 0.416445959627969 0.423857082157974 0.440062446673264 0.455931788423015 0.44480872836393 0.441867734027389 0.450527535938254 0.45082594339593 0.448620758540922 0.457203898782457 0.462919679795526 0.463704204361813 0.436706439883887 0.397110623239755 0.393889536326487 0.394477382869201 0.403094208372854 0.420345288079855 0.442457681002096 0.455704602548098 0.461863342947509 0.450438619782886 0.453227865920899 0.465737774052128 0.528948053334197 0.579954895595586 0.573681348749883 -9999 -9999 -9999 -9999 -9999 -9999 -9999 -9999
0.284460029903978 0.293343386743631 0.297138807516477 0.298111628199164 0.305116847137882 0.311885427632453 0.31741488377383 0.322829203269475 0.328165886764703 0.332532293902135 0.337384343805455 0.344127246565741 0.35003635982565 0.355266988921351 0.361670387141166 0.368012674561736 0.37332591716356 0.380802174501827 0.390394970023305 0.395623956394439 0.399713082927115 0.402562572113967 0.408686591735445 0.41866218751904 0.430728421133209 0.44110515759308 0.429831755639251 0.429188628500481 0.443617447293858 0.44862840816415 0.450451487058033 0.457382596619459 0.460640587090904 0.457581583161209 0.426909491170926 0.383684567374995 0.368197843941162 0.360683841740933 0.369975806824145 0.388500435407362 0.412223297448547 0.438419120598449 0.456291805116078 0.452027762204858 0.457923648618972 0.470767716553938 0.534400241928268 0.58603336592844 0.581040976895985 -9999 -9999 -9999 -9999 -9999 -9999 -9999 -9999
0.275943084192732 0.284687332834401 0.288858313949667 0.290492214181282 0.2976295583082 0.304648321491888 0.310787780309489 0.314891930441905 0.317623683237889 0.324541453882489 0.330627360577491 0.332706849611469 0.336695298995312 0.342237137294347 0.349998870809581 0.357558309051596 0.362794307037788 0.370913650178693 0.381854384229473 0.38684237436051 0.390326944175327 0.392432887791548 0.399262268598179 0.411647462199665 0.420106415793537 0.42595803194415 0.417765125035659 0.421188374691049 0.441081385167877 0.450382137219407 0.455895083339053 0.463278793534579 0.465062421824002 0.457215083847381 0.427876670746246 0.38873747864472 0.362907399246317 0.347595879264024 0.354456784509769 0.365977737805337 0.380122421261583 0.418557404375148 0.451184716908972 0.465756309747641 0.472571780626278 0.474082987907158 0.522813417994167 0.565894075182562 0.574771224510382 -9999 -9999 -9999 -9999 -9999 -9999 -9999 -9999
0.267539865076559 0.272523185312642 0.278543999461478 0.285140377134152 0.290641458443193 0.29599742140988 0.30109289491111 0.304434250458919 0.306592814018178 0.312810908138412 0.318633172102918 0.321920264019628 0.326491466978238 0.332107596751857 0.339992295660508 0.347798017079704 0.353783305200407 0.361385455854925 0.37056972762594 0.375551580311093 0.379744989699775 0.384621170718365 0.388723259590633 0.391914843913448 0.40089806699919 0.410789654333617 0.413595829046849 0.420194692935347 0.432170953662739 0.44276522864536 0.452565999578841 0.456881651649169 0.456892756124204 0.449500941610562 0.42921488811125 0.403057106694798 0.387169404553767 0.376861417651107 0.378315100195978 0.377087536738944 0.374350360949981 0.408786320525758 0.439978220677001 0.45835494506664 0.474009347964093 0.487802007213523 0.524646718855914 0.554703468009195 0.554565266207035 -9999 -9999 -9999 -9999 -9999 -9999 -9999 -9999
0.259557439912203 0.261128614078477 0.268748668552342 0.27972441969326 0.283181914090934 0.286561010797662 0.29052083784881 0.293382977916341 0.295504953750545 0.300193783398922 0.305316524731674 0.311084497133554 0.31679673988387 0.322463633435082 0.330136542119905 0.33789524220123 0.344719017885433 0.351563591706416 0.358428516776003 0.363110641039605 0.367911335283295 0.376271130456887 0.377777195437712 0.37122174920065 0.381480139613339 0.396453642127927 0.410523558427694 0.419408410251447 0.420941710699833 0.431553489099028 0.444844772121724 0.445679832559292 0.443954435016529 0.437825586801498 0.428445911858943 0.417607057284874 0.415011731265948 0.411468630776947 0.405927684600199 0.39206837889296 0.373525617016567 0.399107663191692 0.423957911464022 0.441784572694156 0.46575500805052 0.493927053131245 0.523002225251868 0.541757483206263 0.525655737632022 -9999 -9999 -9999 -9999 -9999 -9999 -9999 -9999
0.254532412889132 0.262189336126252 0.266723422550276 0.269525073787526 0.271220796901572 0.273882254724903 0.279151618198745 0.282634951539015 0.284913974684991 0.287982690635242 0.291958725389033 0.298676011005932 0.304992031943466 0.310981529543293 0.318260943041531 0.325601923310674 0.332369479433921 0.338843998249243 0.345031776229713 0.346754961413625 0.348906633481466 0.359466361544812 0.365875395891305 0.367402291166182 0.376763663863695 0.388434488520655 0.400748273323293 0.40689987376089 0.404314530780784 0.411003478446011 0.420639159403013 0.42155889529488 0.418934010126723 0.410213120216604 0.411083789486534 0.416321824526824 0.413813267712213 0.406042845830663 0.387180761570133 0.372463890802569 0.36008088473933 0.370991654198265 0.383204387588626 0.396141583487418 0.409468040106551 0.423060704693993 0.469685132356475 0.509459369859154 0.515600707603225 -9999 -9999 -9999 -9999 -9999 -9999 -9999 -9999
0.24680634714173 0.257786560614412 0.261022525938916 0.25996226677588 0.260758362607493 0.262870600056079 0.268186653173726 0.271998004029038 0.274794742510325 0.276804141936658 0.27994611547834 0.287049088655921 0.293433459690805 0.299233078610234 0.305823493789284 0.312564372175124 0.319442468009356 0.325825976589274 0.331725525078191 0.332668193962481 0.334071714363152 0.34472009760659 0.354244711278185 0.362447521967326 0.369280978910698 0.37603177399403 0.385708083213778 0.390051555472224 0.386833959767327 0.389958680706974 0.395267481952519 0.397849356763472 0.396325502835152 0.38774065664842 0.394727676493437 0.408775507970638 0.402342466201346 0.390880338958301 0.368817233271248 0.35622082322611 0.348954412917471 0.348613581923647 0.349479817335671 0.352714125437119 0.361417351400669 0.373860665785285 0.425696114053472 0.466202207301141 0.456014947664694 -9999 -9999 -9999 -9999 -9999 -9999 -9999 -9999
0.23557367164399 0.246290827256049 0.250549734667441 0.251225843137551 0.252241585739919 0.254023251283794 0.257746509654241 0.26150526409217 0.265287953331156 0.266966088305289 0.269679890888094 0.276436827494732 0.282194431839626 0.287138843989042 0.292656625413871 0.298560625322605 0.305765755242257 0.31242052203681 0.318536751321989 0.321527030172356 0.324650194350558 0.332646277253651 0.342966000244697 0.356018840838642 0.358207076965296 0.357938123857136 0.363832757028929 0.367569137594199 0.36824547811729 0.368271528156601 0.368381966910154 0.374673914539325 0.376848255266292 0.371941175786041 0.379677610047046 0.393100771300935 0.377535654319804 0.36307718249629 0.350951445227058 0.344341702690826 0.340837610910202 0.333684756734517 0.324880550280008 0.312162969412913 0.324059370216024 0.35278880273807 0.393817221022988 0.429756134633205 0.444668577331251 -9999 -9999 -9999 -9999 -9999 -9999 -9999 -9999
0.22829270959055 0.238575230399531 0.242908987676462 0.243942589396913 0.245220360840639 0.246841361811436 0.249322860323456 0.251600896365464 0.253741738794562 0.256767743170761 0.2603673607814 0.265582660651838 0.27083398186227 0.276114614917897 0.281013755420447 0.286075536643535 0.292091087626846 0.298352140565269 0.304853420374684 0.310185093710195 0.315250461806567 0.320221468108574 0.327566969604583 0.337705405620173 0.340460002055066 0.341578791520774 0.34720975207339 0.352941960354205 0.35881772092428 0.357925121850802 0.354925438838709 0.359118084133466 0.361722134339647 0.361594134199955 0.366332508630281 0.373204149092277 0.354093272377286 0.338536317454872 0.330470793829743 0.32567896349001 0.322730308954017 0.300666023418479 0.277408033904265 0.253226655175511 0.283632769601163 0.351370227489931 0.385527680156334 0.409228326246277 0.408772537229932 -9999 -9999 -9999 -9999 -9999 -9999 -9999 -9999
0.221987157940497 0.231627542712389 0.235841372247192 0.237044748210974 0.238651994274714 0.240218590516325 0.241638196791179 0.242031561323456 0.241732936751426 0.246449760440582 0.251242837593871 0.254761287981205 0.259506199911172 0.265249127208705 0.26973827093989 0.27406721250062 0.278518345010656 0.284175690191044 0.291013330230664 0.298561439327126 0.305478340264824 0.307640871589252 0.311126497903904 0.316168378230027 0.320895013512037 0.325671266722157 0.331770694512904 0.340012875168805 0.351293119834473 0.350833109110549 0.346301117084701 0.34626120041359 0.347998699371286 0.352792980399101 0.353788947061691 0.352971003191623 0.332675321554679 0.31678554685783 0.310183131610725 0.305428776948033 0.30171492921622 0.263936136523962 0.227029446478533 0.196351408448189 0.248633856295623 0.357651395153927 0.385673953232447 0.401227151388399 -9999 -9999 -9999 -9999 -9999 -9999 -9999 -9999 -9999
0.211507275932619 0.218531383014823 0.224138937579074 0.228960640825149 0.231596298511454 0.233768469417055 0.234972001819599 0.23431783891736 0.232411042394116 0.236111620706068 0.240492332099487 0.245402724996788 0.249124182818787 0.251878161894048 0.256738262265986 0.261784717172411 0.26626707998711 0.271424664729743 0.277242962951824 0.28411993109498 0.290752957342393 0.294528531545432 0.298719843420722 0.303400155273295 0.306150542881629 0.308241318296362 0.309315254615808 0.315642887417303 0.329419380262303 0.337701411248227 0.343296220913997 0.33603355922543 0.333968730518627 0.340843084299375 0.344412892606482 0.346406045986604 0.331841592602287 0.317493116913801 0.303599907875651 0.293479389905254 0.28548299667253 0.256155971187691 0.236569673279838 0.245022320803533 0.297598639616879 0.380350294071825 0.395006944675752 -9999 -9999 -9999 -9999 -9999 -9999 -9999 -9999 -9999 -9999
0.20048028559881 0.206938281595435 0.213368980874126 0.219784536936099 0.224007980686561 0.227237865614566 0.2281315440152 0.226992517099924 0.224482848285653 0.226642965103635 0.229802148445436 0.234824129149956 0.237725804223434 0.238902111211444 0.244394625043426 0.250167182526181 0.254342016378052 0.259093397570005 0.264408937867837 0.269982502709442 0.275442089870391 0.279874404081098 0.283741807975074 0.286944751680608 0.288609228112022 0.289591577355887 0.288284053033863 0.293805816635527 0.309010364561364 0.324133057680321 0.337863956604937 0.325528259536945 0.320295294323687 0.327277538108557 0.334307215103378 0.34128909860504 0.329698115224182 0.316686362252987 0.30067972126892 0.285660785798659 0.271197954625764 0.252895047854002 0.250736035171309 0.291403693863897 0.340464070660814 0.395264066993942 -9999 -9999 -9999 -9999 -9999 -9999 -9999 -9999 -9999 -9999 -9999
0.188594665256379 0.197704074897953 0.20406245201995 0.208894657323781 0.215583767548626 0.220580952522156 0.221017598693695 0.220276749889835 0.218741922767273 0.218538875040497 0.219206633689356 0.22233081773854 0.22473235122564 0.226545838254482 0.233081095019412 0.239593234988827 0.242928892196819 0.247420897709189 0.253044405147122 0.256322296235799 0.259212364870515 0.262800600506161 0.264728255697885 0.26470269891593 0.266678555342303 0.269027498051773 0.269488046382897 0.2759438974215 0.290900081690057 0.309879418083158 0.328622188717188 0.314587203510588 0.307181399310013 0.31117639597468 0.323056469586843 0.338444653081463 0.325499122971306 0.313503031358541 0.303508293092682 0.284325018856116 0.259968356126334 0.256726608066485 0.272162638269297 0.33419187147939 0.373757198286502 0.397959888764428 -9999 -9999 -9999 -9999 -9999 -9999 -9999 -9999 -9999 -9999 -9999
0.180296961781103 0.189792280862152 0.195753546153323 0.199754248179752 0.207336778641775 0.213129032669048 0.213927223181136 0.21310376795745 0.21118684602544 0.210004935045469 0.209749651115004 0.212315692468417 0.214642750464398 0.216775339204705 0.222340721321715 0.228006102988891 0.23186861825214 0.236121600478519 0.240756659730457 0.243466425462269 0.24579069434583 0.248280439259889 0.248174636813588 0.245015893330276 0.250557579694522 0.25812934551456 0.261355356342607 0.269289434172051 0.28389876099783 0.304355579867235 0.32528063250722 0.314108999308023 0.307576640360555 0.3090228600422 0.324148345549258 0.345414780801664 0.332211339211016 0.318949487564006 0.305564511394328 0.280446037934647 0.248721295526482 0.272539443133265 0.305153348735346 0.354436057546233 0.374451429771487 -9999 -9999 -9999 -9999 -9999 -9999 -9999 -9999 -9999 -9999 -9999 -9999
0.173481793312298 0.182315475477235 0.187784882038709 0.191387912038653 0.199090878485848 0.205206987659586 0.206800125266583 0.205748977560712 0.20291480296238 0.20132556352606 0.200784864806379 0.203311025129031 0.205747936382906 0.208112222496014 0.21189229944052 0.216053246607583 0.220943293219986 0.224949718490168 0.228091508730914 0.23092413990479 0.233495062824692 0.234880152659514 0.232906104078101 0.226980961528399 0.237304798109028 0.251463592221605 0.257918550682463 0.267601553703737 0.281861382247172 0.30269688380526 0.324476987135731 0.318165827457183 0.313907987482855 0.313181426717711 0.330678247013671 0.356383747753914 0.343585866253735 0.328339076043294 0.307930148783416 0.276459838298334 0.238761676839084 0.293424104880589 0.33779526314867 0.344468549089987 -9999 -9999 -9999 -9999 -9999 -9999 -9999 -9999 -9999 -9999 -9999 -9999 -9999
0.166558919303604 0.170497299824644 0.177007731861327 0.184945043627752 0.188054848378216 0.191841667186512 0.197878790419793 0.198682516758692 0.195957392653126 0.193901454824461 0.192625594091159 0.1937095214426 0.196569413189741 0.20087447031512 0.203554533108524 0.206173865899757 0.209588555675329 0.212732361097302 0.215611102639695 0.217633216221664 0.21979280140315 0.223900948142926 0.227933758108531 0.231877955270156 0.24192870412047 0.253711182778614 0.265347829770686 0.278533688914915 0.293916070933761 0.310734386735581 0.327353793922916 0.330083009594193 0.333503016320311 0.338111038767916 0.349886342830471 0.364874593777974 0.360568981002195 0.352033769379832 0.334582844068881 0.308976942578787 0.278779574062592 0.318625329605366 0.349298420117323 0.347791007158819 -9999 -9999 -9999 -9999 -9999 -9999 -9999 -9999 -9999 -9999 -9999 -9999 -9999
0.161052767477265 0.161545520379811 0.167830132560959 0.177327855580627 0.178397074556888 0.181190226606351 0.189311019881152 0.191543192383397 0.189804700621132 0.187619077549661 0.185839036532535 0.185527685948882 0.188393035670056 0.193843379385867 0.195609476237217 0.196996341563179 0.199139118376581 0.201121918539796 0.202948179460425 0.205076116125836 0.207748609165435 0.213332966648298 0.221206065075777 0.231771231950788 0.241714287989664 0.252000243654928 0.267215877172712 0.282299267464882 0.29719515905349 0.311579039817976 0.325506656674477 0.334295790191304 0.343175493450141 0.352210957668309 0.360681529038087 0.368865185426376 0.369572190586888 0.365166345375103 0.349982950871893 0.330873203722762 0.309552816308035 0.337181552722561 0.358750526557616 -9999 -9999 -9999 -9999 -9999 -9999 -9999 -9999 -9999 -9999 -9999 -9999 -9999 -9999
