layers/veg/veg3600.asc
NCOLS 255 
NROWS 330 
XLLCORNER -2985163.8955 
YLLCORNER -3022031.214 
CELLSIZE 25000 
NODATA_value -9999 
[rows 125 to 149 of 330, columns 171 to 227 of 255]
0.233864027683985 0.362344473266618 0.438239105588252 0.451427994399204 0.402261273419915 0.338848223889542 0.314307291882543 0.304659813630151 0.316427255846293 0.327420388589435 0.338372986109217 0.354449169451098 0.372721264428634 0.394825615595675 0.420663945631792 0.448237394684134 0.465142735545933 0.477081675231655 0.478386911393007 0.423953380048483 0.337671951017522 0.368280029139927 0.372292086972105 0.290367475564477 0.271341429663714 0.295940429235768 0.432628545865241 0.549082484818858 0.557893488670575 0.58276079510964 0.621057373136245 0.620286014823319 0.620135929817263 0.65104433830993 0.678538721078 0.702600311179267 0.724787112804971 0.746160079993074 0.765008519477254 0.779781262334243 0.789626841313881 0.791884052988552 -9999 -9999 -9999 -9999 -9999 -9999 -9999 -9999 -9999 -9999 -9999 -9999 -9999 -9999 -9999
0.212553539969273 0.344771116742277 0.427212773917952 0.450299334087013 0.404030798053142 0.341699093355492 0.320458861384753 0.314262174988822 0.329696222293568 0.344648726723824 0.359105020568055 0.367034383123625 0.381665425939168 0.407992092221227 0.416828630705927 0.417534860706935 0.459320773589446 0.48806883387239 0.48890117526293 0.438153562471561 0.357934305850188 0.383222035326994 0.392339815905328 0.344816254567086 0.330876524090673 0.340229791422593 0.424781724889123 0.507224729244757 0.556603307823394 0.588475663437291 0.605706053917152 0.58240679961327 0.57025376403848 0.637967786739931 0.687416415622075 0.718499245586125 0.73362882580219 0.747445765051639 0.775840139733551 0.791515712439888 0.791815356221794 -9999 -9999 -9999 -9999 -9999 -9999 -9999 -9999 -9999 -9999 -9999 -9999 -9999 -9999 -9999 -9999
0.230908086516939 0.356533560042044 0.433887001635815 0.453678651078497 0.405490343517308 0.342109647153748 0.324445697507271 0.319980513445051 0.334493500593264 0.350511528819665 0.366720530001478 0.375284236957142 0.387042663308258 0.404376442955998 0.419476764344505 0.433544713247544 0.470609067559897 0.496946253153998 0.500315191165668 0.4532955855114 0.37748508161791 0.392886795809692 0.402054127352831 0.382937017386232 0.383916340524324 0.398834102495936 0.462534892898763 0.52595635501286 0.571645959628458 0.575849852999207 0.545355665645675 0.538967290339155 0.552581086306849 0.63952074476884 0.700896806823465 0.736568749060825 0.744768243417425 -9999 0.796708951033777 0.796708951033777 -9999 -9999 -9999 -9999 -9999 -9999 -9999 -9999 -9999 -9999 -9999 -9999 -9999 -9999 -9999 -9999 -9999
0.268966970233499 0.382869102838707 0.449354308617275 0.459297388919935 0.406795901113416 0.341307929146142 0.327357162407065 0.323769391905477 0.335082311592885 0.350728291314801 0.367820163767799 0.381380420849238 0.390647965338178 0.392423963202352 0.425345670608309 0.472759805138809 0.490397196664745 0.504775620506653 0.512176175481585 0.468905485244582 0.396682367364037 0.399929987179551 0.406635123122382 0.412946537087577 0.433729507845832 0.464549628387589 0.522940696273082 0.574786873193964 0.594802247221005 0.554112972193307 0.462651160067018 0.492765602460281 0.550909065685968 0.648341181450247 0.716663672460298 0.755716522743949 0.754938000831377 -9999 -9999 -9999 -9999 -9999 -9999 -9999 -9999 -9999 -9999 -9999 -9999 -9999 -9999 -9999 -9999 -9999 -9999 -9999 -9999
0.283203023623819 0.380359146530243 0.42806054869994 0.416789866164624 0.390243108495391 0.360390982744681 0.341881582948223 0.334221768725332 0.342162299190963 0.35966526515717 0.380896392084429 0.405413983351701 0.425648240788613 0.438407319208031 0.462556561275135 0.492000698249605 0.495185536969385 0.495425585179363 0.489360458250962 0.45089830188349 0.39392520017064 0.432461613454853 0.467946067902109 0.483096733028435 0.505550181808292 0.533068678835212 0.580289876137785 0.620005573270647 0.627316504199884 0.610349493626662 0.573076745275439 0.597895490938525 0.637497135320629 0.699287184352453 0.746634603916878 0.779460002698677 0.783882677062225 -9999 -9999 -9999 -9999 -9999 -9999 -9999 -9999 -9999 -9999 -9999 -9999 -9999 -9999 -9999 -9999 -9999 -9999 -9999 -9999
0.311172489265078 0.379253050500852 0.404949646364759 0.380105651587177 0.374221675758962 0.372151465897234 0.3531592858153 0.343793000412003 0.348267545508996 0.366560503228484 0.390348617089063 0.421106826595531 0.447039582022876 0.464551062221456 0.483835950027283 0.503937966323983 0.497912421418765 0.489335389362108 0.475295295230373 0.437035322442564 0.384936647223181 0.453730256440938 0.513881877434115 0.53553337767036 0.556185962129929 0.576145720833777 0.614376563486552 0.645350885129604 0.645262986909892 0.645783174902471 0.646811957875062 0.672462973674511 0.703423122926911 0.740673100960259 0.773563450864045 0.802070207707791 0.812492803938091 -9999 -9999 -9999 -9999 -9999 -9999 -9999 -9999 -9999 -9999 -9999 -9999 -9999 -9999 -9999 -9999 -9999 -9999 -9999 -9999
0.371326765717102 0.382286563783912 0.378864184639706 0.358291835581694 0.359990349288739 0.36652014679216 0.356635767867241 0.351134041877852 0.351934021698406 0.368504260920586 0.391124792695327 0.417141257047494 0.436287293393568 0.443443211456471 0.467659988349177 0.499809017740636 0.496405771853108 0.491255503539897 0.482364635571827 0.433734638708191 0.36239858342515 0.448412199888546 0.522818439081591 0.546154761106834 0.557648296378145 0.56092793827205 0.595343104667105 0.625347292118532 0.629581185003491 0.631117052842359 0.630396329483044 0.672243432612178 0.719240407151544 0.75883289099363 0.793075869218393 0.821939935526398 0.822748784548796 -9999 -9999 -9999 -9999 -9999 -9999 -9999 -9999 -9999 -9999 -9999 -9999 -9999 -9999 -9999 -9999 -9999 -9999 -9999 -9999
0.372654210653676 0.355347570599633 0.347605660994214 0.351269176104458 0.359411635789677 0.36755105060297 0.362788841140087 0.359421903726534 0.358061192703493 0.370895231605826 0.388906310670823 0.404430594747266 0.41726456131287 0.42540344554217 0.459739348302575 0.506256198184979 0.501035833366871 0.496947217177899 0.495281820330195 0.456155954233622 0.395626005389827 0.46395953676235 0.520980399780277 0.531352134516474 0.538083325162371 0.542289515433374 0.564050113854904 0.581898499342547 0.580350667416145 0.586137419609253 0.598058717510297 0.664197233348363 0.732572352079284 0.771904781363001 0.804413633344887 0.830061398734979 0.834763742788609 -9999 -9999 -9999 -9999 -9999 -9999 -9999 -9999 -9999 -9999 -9999 -9999 -9999 -9999 -9999 -9999 -9999 -9999 -9999 -9999
0.338260134006121 0.310208318976781 0.313205889753252 0.353228176926898 0.36712322276007 0.372627467890493 0.370567225663028 0.368284705001162 0.365682575800338 0.37355776423271 0.384869377364159 0.386409634213136 0.393219753137838 0.409226718251444 0.456831601900708 0.519125540279145 0.509392300869736 0.50492916586773 0.511750002060151 0.494196485142167 0.462716002509496 0.492177003616544 0.512599680371304 0.501111241075211 0.505749905831375 0.521573971112258 0.52531274561477 0.524213036192319 0.510748303505544 0.522750459043339 0.556052771114475 0.651398438497237 0.744395120003082 0.781887137365428 0.810787487637713 0.831048942318245 -9999 -9999 -9999 -9999 -9999 -9999 -9999 -9999 -9999 -9999 -9999 -9999 -9999 -9999 -9999 -9999 -9999 -9999 -9999 -9999 -9999
0.293363745036068 0.299288922203637 0.322976422865667 0.367844535410015 0.38784808039326 0.39856765750969 0.389296387516711 0.388984271426146 0.401554296136951 0.415503684327829 0.429485778906248 0.433525995199258 0.441896915940873 0.457825685850281 0.487056267916929 0.522468988024714 0.522919885719587 0.523988513429613 0.526379780533104 0.48554696120866 0.420016855888404 0.458936198987933 0.489611889745876 0.484948715908794 0.491516460934373 0.505873721382709 0.52966198037961 0.548759226857125 0.548594860559747 0.574282937839079 0.621593644867975 0.693086191219389 0.761460114759098 0.79820522137843 0.816146246029172 0.815179822437025 -9999 -9999 -9999 -9999 -9999 -9999 -9999 -9999 -9999 -9999 -9999 -9999 -9999 -9999 -9999 -9999 -9999 -9999 -9999 -9999 -9999
0.264213826812008 0.293500085275054 0.330857614147843 0.377839697263174 0.404617472471103 0.422298639794419 0.408441754244992 0.409712414663602 0.432734590823775 0.453089893146983 0.471580450845382 0.472140881013281 0.47695981922117 0.489210611028869 0.505073779027732 0.522616232361627 0.531879164851895 0.537834389867048 0.536707387855284 0.47962911943682 0.39058153616475 0.439110845904033 0.480081084732233 0.483314867229337 0.490846095723333 0.501357937137839 0.548776224503102 0.591070760148463 0.603176352394326 0.635938520554327 0.685977565910086 0.731382934040343 0.7754822124934 0.817005117923205 0.843873925072243 0.856008080178569 -9999 -9999 -9999 -9999 -9999 -9999 -9999 -9999 -9999 -9999 -9999 -9999 -9999 -9999 -9999 -9999 -9999 -9999 -9999 -9999 -9999
0.282211158311285 0.296197957116403 0.325244661483573 0.372249490236536 0.407648691915162 0.435873456166749 0.426782534112457 0.428360756466696 0.445279871721971 0.470978790105277 0.497545764142199 0.474439934715316 0.459636004946653 0.459320365978623 0.481976937238804 0.515322742036952 0.52677229288632 0.534682254321508 0.535013499681623 0.490085113532753 0.419296375996097 0.469043949841667 0.51187106689047 0.520840908526214 0.525827594015957 0.528051651032471 0.602431080064507 0.669391350828413 0.68620151080104 0.705681970126398 0.727395831259724 0.749988070338423 0.779806651874257 0.841776437812057 0.868514022519724 0.859825734145448 -9999 -9999 -9999 -9999 -9999 -9999 -9999 -9999 -9999 -9999 -9999 -9999 -9999 -9999 -9999 -9999 -9999 -9999 -9999 -9999 -9999
0.292880090146038 0.323701104112936 0.347778795196174 0.363815437773539 0.40191871630138 0.442498953507457 0.444061874562907 0.450655937335859 0.464484151536775 0.480140260083619 0.49408430388205 0.458652574222305 0.439056046547676 0.447094761491285 0.479021162146912 0.522052611437029 0.511486369109722 0.505226469036825 0.50818700146311 0.486868988962672 0.451678753422492 0.487021072458531 0.51787776394396 0.527758090811782 0.536621069778696 0.544778438878659 0.611666979346495 0.67463153051557 0.703997633165076 0.725702302941239 0.740999055188065 0.769159805652348 0.803540363410151 0.856841793526421 0.883004368587905 0.881878905968171 -9999 -9999 -9999 -9999 -9999 -9999 -9999 -9999 -9999 -9999 -9999 -9999 -9999 -9999 -9999 -9999 -9999 -9999 -9999 -9999 -9999
0.298160457300709 0.369443544229355 0.391009452357386 0.353290308707808 0.389746643039387 0.444014623764676 0.460560739709825 0.475632635191669 0.48858478635531 0.482884462046433 0.468985367515701 0.42956629211172 0.416081848747804 0.447857948906825 0.490875092528399 0.53909384271256 0.488715799083394 0.456429637353197 0.462880521119504 0.473599769703691 0.486757867442444 0.496206974398295 0.504926038175008 0.512168610781378 0.529629117637371 0.55417655632855 0.588241666100453 0.626135759721216 0.6738309129133 0.709161279524565 0.734149907979585 0.788748160635549 0.841545692650933 0.864770363840015 0.877973299146021 0.881099408961173 -9999 -9999 -9999 -9999 -9999 -9999 -9999 -9999 -9999 -9999 -9999 -9999 -9999 -9999 -9999 -9999 -9999 -9999 -9999 -9999 -9999
0.31363502713978 0.391118407121826 0.424386989893688 0.404931813892861 0.414749918925298 0.433116901993727 0.451564312566125 0.46917204434388 0.485572423219972 0.4835789739858 0.4734339738107 0.436752079965351 0.416866722640047 0.426294307600784 0.471655862829629 0.533712279490853 0.483800819198113 0.454363600365865 0.468764365187861 0.505080588162545 0.553918818713456 0.564203553409172 0.569048300168068 0.56428324274077 0.580377236671182 0.610938604486308 0.666484387303002 0.715976716722774 0.736205903913528 0.756100044883415 0.77571395778274 0.818592343326792 0.860611840634545 0.881918110150521 0.892301046483282 0.891700603933393 -9999 -9999 -9999 -9999 -9999 -9999 -9999 -9999 -9999 -9999 -9999 -9999 -9999 -9999 -9999 -9999 -9999 -9999 -9999 -9999 -9999
0.327298655132889 0.406660790161432 0.450867863196954 0.453154422623696 0.440931246981086 0.42759131373604 0.444949554499723 0.462931350057591 0.481809739283069 0.483852724224926 0.478176962020527 0.442895332342549 0.416927365565679 0.407213396317765 0.450776166747162 0.519110402091104 0.479608109782588 0.461388470702962 0.488737728823622 0.546303743581162 0.621134944076545 0.631510507724166 0.634029270568588 0.623788135583136 0.642239173446528 0.680590463965254 0.746480861820209 0.797005160143167 0.785588601759644 0.791493288004783 0.811885226037007 0.845360526868762 0.878384481723371 0.899903525084823 0.913475175012165 0.919055744584067 -9999 -9999 -9999 -9999 -9999 -9999 -9999 -9999 -9999 -9999 -9999 -9999 -9999 -9999 -9999 -9999 -9999 -9999 -9999 -9999 -9999
0.329774082354836 0.410006283143306 0.456084065891016 0.461434548924055 0.455182064395825 0.447438248290041 0.458349565737667 0.471291197673475 0.487152167461126 0.48346429865742 0.471055893800683 0.429266254415346 0.403883277981253 0.40713284514461 0.437361612955794 0.480135233250739 0.470265460443765 0.481647872350295 0.538533944447867 0.604046623460912 0.674488354670817 0.670471516410279 0.668400087613442 0.681022052653843 0.720012795580799 0.777292336115358 0.788403487492891 0.784682553159508 0.746194601827729 0.756220248401611 0.806822003853582 0.856220402447332 0.89966303894947 0.916954038459799 0.923979589683831 0.920683263323654 -9999 -9999 -9999 -9999 -9999 -9999 -9999 -9999 -9999 -9999 -9999 -9999 -9999 -9999 -9999 -9999 -9999 -9999 -9999 -9999 -9999
0.332954972623959 0.416057922789217 0.464308563614997 0.470999707027487 0.465918041620238 0.458614340497469 0.46325644524126 0.470237666093312 0.480582242836511 0.479787571629563 0.473538939521248 0.440549383093205 0.418186650466436 0.414369614590836 0.427171048559893 0.447714462373839 0.480361457490933 0.517400881002698 0.563845058509358 0.628467332874024 0.703476169316996 0.679089978024861 0.66589538498181 0.695267543446119 0.73927711151189 0.793438861178661 0.786560522609787 0.769302304395736 0.737594483290259 0.757587285114045 0.820821779898268 0.871387097769065 0.913471547041627 0.926235798100966 0.932635416862398 -9999 -9999 -9999 -9999 -9999 -9999 -9999 -9999 -9999 -9999 -9999 -9999 -9999 -9999 -9999 -9999 -9999 -9999 -9999 -9999 -9999 -9999
0.336760580371579 0.424505970194786 0.475197034304242 0.481702815348181 0.473541478634623 0.462112033688979 0.460642296020704 0.460848187592837 0.463463424069739 0.473198914054704 0.484526835875841 0.473893328360159 0.456707359871533 0.428086182100193 0.419835463647188 0.421097889158601 0.507671201174841 0.566874136434561 0.567473575629333 0.623379845656105 0.710887214317019 0.6608388260238 0.630735844137441 0.671444957708008 0.706728952804895 0.73825020644333 0.74596126923442 0.751214384024403 0.756263654072634 0.791400664947476 0.85170265018786 0.890367664818118 0.920665009486968 0.928637996490717 -9999 -9999 -9999 -9999 -9999 -9999 -9999 -9999 -9999 -9999 -9999 -9999 -9999 -9999 -9999 -9999 -9999 -9999 -9999 -9999 -9999 -9999 -9999
0.358584648440791 0.428397279839945 0.470066650236843 0.478176701179982 0.464050350537417 0.443967015939004 0.429110702057576 0.43098189300467 0.456905140072662 0.468742586509429 0.473684773185852 0.444841035683532 0.431354464295052 0.444668877945058 0.453002261042905 0.459038205426575 0.531357436000562 0.584511356207367 0.596629882540058 0.632000311131201 0.680656361871491 0.65202870596628 0.641661863489077 0.689919906133867 0.728491684486781 0.760345285456959 0.789723471974531 0.812436737902604 0.813243261029994 0.838719853452063 0.884830153967221 0.912713958868368 0.933170573741433 0.933104597880937 -9999 -9999 -9999 -9999 -9999 -9999 -9999 -9999 -9999 -9999 -9999 -9999 -9999 -9999 -9999 -9999 -9999 -9999 -9999 -9999 -9999 -9999 -9999
0.382317846601514 0.425813622268355 0.454554738772345 0.465701720743106 0.447237245283941 0.420932568713037 0.402499770610476 0.409740520556539 0.453896615906367 0.464189012408922 0.459828881770015 0.413929686212204 0.400518714081085 0.443805467528459 0.4727893693403 0.495122265928933 0.54405531025339 0.587103063563356 0.617549652049143 0.637667351138294 0.651883351509692 0.651851755013195 0.666060961158346 0.720118401955199 0.763246426799258 0.798794051930069 0.842510275878033 0.875563284589078 0.869396105524111 0.88407814325657 0.916198180381288 0.935074642498077 0.950169842465197 0.957682293477501 -9999 -9999 -9999 -9999 -9999 -9999 -9999 -9999 -9999 -9999 -9999 -9999 -9999 -9999 -9999 -9999 -9999 -9999 -9999 -9999 -9999 -9999 -9999
0.399483160134581 0.394873779546413 0.401378860407234 0.421137336540663 0.409067656362383 0.392781188002976 0.426427502459822 0.450037252736142 0.459215681222055 0.457239268181548 0.450419335782796 0.429567397734584 0.399401611190643 0.352981503222136 0.389291428827126 0.464111388591115 0.504952095544526 0.542827758119827 0.574354879420346 0.616267097551818 0.664113130084569 0.686469503362498 0.71669286448906 0.771176924832907 0.81446017582741 0.849974794687623 0.864978196499368 0.877224151701295 0.887108966931427 0.907522080762941 0.936740919356024 0.954494156257591 0.966889822295021 0.963265795015052 -9999 -9999 -9999 -9999 -9999 -9999 -9999 -9999 -9999 -9999 -9999 -9999 -9999 -9999 -9999 -9999 -9999 -9999 -9999 -9999 -9999 -9999 -9999
0.406048367961677 0.380687732247163 0.372893164413289 0.386045184236957 0.385441388671162 0.38651576194578 0.443651649492801 0.473031684682517 0.462502281768652 0.458162089136639 0.456235293639006 0.456443361682638 0.417250611814495 0.309296430082566 0.344061686941628 0.445260548347562 0.48505081130748 0.528030325548422 0.577838436872996 0.64020090833428 0.709736663221869 0.726113477436426 0.750232250023696 0.801807371476615 0.842218895295665 0.874887596198275 0.88469575678828 0.893745077062141 0.908065730578608 0.928395496090032 0.953751200577208 0.967474893220087 0.977201543082064 -9999 -9999 -9999 -9999 -9999 -9999 -9999 -9999 -9999 -9999 -9999 -9999 -9999 -9999 -9999 -9999 -9999 -9999 -9999 -9999 -9999 -9999 -9999 -9999
0.401332218632044 0.384332219391325 0.370684448415588 0.361034028678481 0.377293117671243 0.403542865039104 0.453741383281084 0.477611825868183 0.46362579436079 0.467463432158068 0.478255273560026 0.495279842152717 0.455284636394824 0.315779787520502 0.339559578198524 0.439351250887133 0.485585534197156 0.544605260509515 0.631000264310426 0.712382329631039 0.790900112891377 0.771106704538831 0.765580609608781 0.810696862849397 0.845015168829276 0.871844258855396 0.901486195586104 0.926081092302526 0.932474876755223 0.946533185983047 0.967001998764517 0.973603043735383 -9999 -9999 -9999 -9999 -9999 -9999 -9999 -9999 -9999 -9999 -9999 -9999 -9999 -9999 -9999 -9999 -9999 -9999 -9999 -9999 -9999 -9999 -9999 -9999 -9999
0.372096016998046 0.372251009949424 0.366446522030448 0.353535674891383 0.362713579746476 0.382867230792371 0.447652871249185 0.482530734031443 0.474404959722939 0.478212237932244 0.484967984277515 0.460685265934437 0.416590759585725 0.337921161062538 0.379599482655911 0.477297381232501 0.521862153643103 0.568381365013398 0.619085281508597 0.709826720886499 0.82344471440156 0.797389186862773 0.77865836222516 0.797305552235172 0.821744901461763 0.850201563439017 0.899156050321719 0.941233821331305 0.952780411488674 0.962656241581039 0.97113467083666 -9999 -9999 -9999 -9999 -9999 -9999 -9999 -9999 -9999 -9999 -9999 -9999 -9999 -9999 -9999 -9999 -9999 -9999 -9999 -9999 -9999 -9999 -9999 -9999 -9999 -9999
