layers/veg/veg3200.asc
NCOLS 255 
NROWS 330 
XLLCORNER -2985163.8955 
YLLCORNER -3022031.214 
CELLSIZE 25000 
NODATA_value -9999 
[rows 200 to 224 of 330, columns 57 to 113 of 255]
-9999 -9999 -9999 -9999 -9999 -9999 -9999 -9999 -9999 -9999 -9999 -9999 -9999 -9999 -9999 -9999 -9999 -9999 -9999 -9999 0.110373984542326 0.110724115305798 0.0851549580367246 0.0454186536679141 0.0235000244658068 0.00685981822816247 0.0019576132518695 0.0102476600476742 0.0273081338866757 0.0368423440807889 0.0461507303632896 0.0568786902123856 0.0612543585906069 0.0605315607118025 0.0613307748238331 0.063616551855619 0.0712659276817608 0.0818360230272136 0.0952254643198938 0.0950001532249414 0.0920299879237341 0.0896857254821707 0.0917733884766812 0.0990031361958704 0.0996912676577668 0.0980348799844304 0.0917394637440706 0.0887133638930069 0.0902581494148137 0.100027834022852 0.111977247788781 0.10990693053369 0.111403121171011 0.118944071873516 0.1238137504675 0.127512689664616 0.136006924365785
-9999 -9999 -9999 -9999 -9999 -9999 -9999 -9999 -9999 -9999 -9999 -9999 -9999 -9999 -9999 -9999 -9999 -9999 -9999 -9999 0.110644187491419 0.110723824930832 0.08475843687846 0.0445571752598386 0.021989903286658 0.00521231716615366 0.00148745940752756 0.011405486435719 0.0303935287841607 0.0428455742876081 0.0529337145386341 0.0572648633480607 0.0593503211470646 0.059633345935423 0.0606642615833241 0.0629577393027734 0.0701433961355554 0.0786165479739239 0.088332507895053 0.0888008146684469 0.086645103423397 0.080431289169994 0.079007361932265 0.0831408397573007 0.0856116768290994 0.0870067947321528 0.0828542900575139 0.0816717755242674 0.084641653380851 0.0919100113383936 0.100410809787526 0.103249666167178 0.106884686395824 0.111869099247428 0.117432055257412 0.123242249294372 0.1271337897823
-9999 -9999 -9999 -9999 -9999 -9999 -9999 -9999 -9999 -9999 -9999 -9999 -9999 -9999 -9999 -9999 -9999 -9999 -9999 -9999 0.110498565467642 0.110134986991082 0.0804885852946671 0.0348365717338211 0.0142415150292775 0.000105543132215247 3.0119257886477e-05 0.0104548894326144 0.0278603621771218 0.0478524724712147 0.0629761992674648 0.0616642935460557 0.0600743281262386 0.0582611868656604 0.0617095327768433 0.0659553695433789 0.0703306674702605 0.0753273605422204 0.0809238811129595 0.0852741365670953 0.0868129466921695 0.0732987434836502 0.0643315600591431 0.0606399981024227 0.0674925429031292 0.0761082764908391 0.0738485220342656 0.0742561195040037 0.0783929858643858 0.0811058339427451 0.0839018405405225 0.0973462224996948 0.105650479354821 0.105242902703258 0.111900792066813 0.121654621925324 0.118635326093034
-9999 -9999 -9999 -9999 -9999 -9999 -9999 -9999 -9999 -9999 -9999 -9999 -9999 -9999 -9999 -9999 -9999 -9999 -9999 0.190332872144587 0.175720313337025 0.131245456659391 0.0920233212618052 0.0556722552761159 0.0275818403787285 0.00644241593735012 0.00217596656427193 0.0105854473181862 0.0274220959509448 0.0451789146784907 0.058706195368559 0.0583332696578535 0.0576182322268326 0.0566286096212873 0.0550592337865658 0.0550966534325549 0.0623069101880026 0.0646722956174716 0.0623609675702014 0.0712615298091159 0.0797400716170949 0.0718713503776187 0.0639789261729292 0.0560590009064303 0.0582377619439874 0.06269703559329 0.0621282978309707 0.064341756266973 0.0704450492717556 0.0752658366186706 0.0797912774627117 0.0872978428862625 0.0936285943993235 0.0979664965525564 0.102620971140771 0.107418307018104 0.112220634031445
-9999 -9999 -9999 -9999 -9999 -9999 -9999 -9999 -9999 -9999 -9999 -9999 -9999 -9999 -9999 -9999 -9999 -9999 0.169972539382183 0.177829212447698 0.170663974640894 0.132799885048133 0.099794708344855 0.0694453504882859 0.0383045034077868 0.0142081440720894 0.00806492357647989 0.01413442601148 0.0283231485244529 0.0429799426424702 0.054519528305684 0.0558744892768118 0.0548949523284115 0.0520417043067106 0.0483219699392202 0.0466390706990307 0.0541300701371789 0.0547383196519262 0.048702708647366 0.0597632094907223 0.0718706347085437 0.0690283989246431 0.0628673974056986 0.0528558404482418 0.050993203578427 0.051467831155705 0.0524105909503294 0.0554637267169437 0.0614674140707972 0.0669092326281117 0.0721520184135183 0.0774577057075498 0.0833077434455144 0.0900803833265869 0.093709240748398 0.0959767864616082 0.106187529716191
-9999 -9999 -9999 -9999 -9999 -9999 -9999 -9999 -9999 -9999 -9999 -9999 -9999 -9999 -9999 -9999 -9999 -9999 0.16982034917928 0.16322468291434 0.151050529093356 0.127476150352362 0.0978854659425115 0.0650063467847362 0.0417902134731384 0.0247795060544093 0.0226189006995108 0.0257069719050059 0.0322844500473541 0.0422853749104817 0.0512434848873809 0.0558622427636962 0.0516989146681149 0.0404869224488379 0.0417629607895882 0.0445461504571821 0.0460009567497275 0.0468755304121507 0.04719001040472 0.0547288553019457 0.0624800448279851 0.0625560935530304 0.0592484178943919 0.052014819357124 0.0480566263979764 0.04551991940478 0.0475600457000121 0.049159078573206 0.0501414114300099 0.0523585268007655 0.0555564498705081 0.0683163211224939 0.0775442492044651 0.0807859998628505 0.0858542066445038 0.0917698997050943 0.100952180419652
-9999 -9999 -9999 -9999 -9999 -9999 -9999 -9999 -9999 -9999 -9999 -9999 -9999 -9999 -9999 -9999 -9999 -9999 -9999 0.14944673739841 0.144544550762835 0.129624231132613 0.0939503540514008 0.0469328512933632 0.0298621213676811 0.0193768948971842 0.0228177772199864 0.0269451494234087 0.0315289114469985 0.0407429847927221 0.0494634069406071 0.0552707934796829 0.0491150030818916 0.033357346299489 0.0368287587031057 0.0418121119892668 0.041320019786823 0.0418722383320154 0.0434325212444047 0.0485533480417182 0.0539473076301386 0.0565529216531647 0.0554704742983643 0.0501090009653208 0.0453550814288493 0.0413561956091926 0.0426798352625767 0.0432053628458804 0.0426150367299256 0.0441375024186161 0.0468316476316052 0.0568447124726377 0.0642135894095694 0.0671009169066265 0.0743150293174997 0.083478232350119 0.0922250529942558
-9999 -9999 -9999 -9999 -9999 -9999 -9999 -9999 -9999 -9999 -9999 -9999 -9999 -9999 -9999 -9999 -9999 -9999 -9999 -9999 0.146230648619134 0.136442144811928 0.0887490877673962 0.020337892910255 0.00830050971025945 0.00399066121405194 0.0140448153327373 0.0217244183159116 0.0278253804533746 0.0386707115585576 0.0486182970477462 0.0543173464772506 0.046913666050441 0.0289934930549833 0.0329100497725342 0.0386773790724743 0.038794169196274 0.0386561121627252 0.0382720533150746 0.0416646280190727 0.0459507224147838 0.0508429549224372 0.0515931792508747 0.047537691638746 0.0428004299632222 0.0383075769227568 0.0377810842887476 0.0374709774471432 0.0374634031645285 0.0398724850803024 0.0430260197949245 0.0439167299287903 0.0461535035776645 0.0506716771914828 0.0604732880040913 0.0726336054252273 0.081315588433434
-9999 -9999 -9999 -9999 -9999 -9999 -9999 -9999 -9999 -9999 -9999 -9999 -9999 -9999 -9999 -9999 -9999 -9999 -9999 -9999 0.149413045318616 0.150427313766848 0.107199652715572 0.0397899260763571 0.0174826440970866 0.0035391237329777 0.00662389459661918 0.0143182136327117 0.0250770364886971 0.0358246881627468 0.0454235914261536 0.0513216848440721 0.04869764932247 0.0392335959844018 0.0395956561061504 0.0406353589674255 0.0384743508061083 0.0369678505593948 0.0360931412889342 0.0369471877254208 0.0383241202431923 0.0406506186847372 0.0433046877078741 0.0463388163028954 0.0416355743865302 0.0354367958135322 0.0353822787269881 0.034775262750316 0.0333957889278137 0.0341706333257684 0.0358646545833325 0.0401030127980354 0.0442626545288698 0.0482888822108603 0.053263724617344 0.0586747723006987 0.065231329835972
-9999 -9999 -9999 -9999 -9999 -9999 -9999 -9999 -9999 -9999 -9999 -9999 -9999 -9999 -9999 -9999 -9999 -9999 -9999 -9999 0.160571022135387 0.16251767995305 0.123140062195806 0.0611751306927249 0.0275002674545406 0.00340085340682832 0.000970514884715247 0.00891927847669637 0.0237682407184701 0.0344443039863323 0.0436285069975449 0.049193180192717 0.0504504653702706 0.0482505615059745 0.0453484104048491 0.0421697568920953 0.0382525911609098 0.0357098017895685 0.0344936863403457 0.0331942019424051 0.0320445642033726 0.0318823597571307 0.0352506603469152 0.0427151841872953 0.039196945365248 0.0332973684585542 0.0337656631087389 0.0328344182905558 0.0299464541699334 0.0292587358302104 0.0296929306636416 0.0359948912881119 0.0414467342898541 0.0454577401445632 0.0469304980873865 0.047287664121008 0.051762268775141
-9999 -9999 -9999 -9999 -9999 -9999 -9999 -9999 -9999 -9999 -9999 -9999 -9999 -9999 -9999 -9999 -9999 -9999 -9999 -9999 0.159486134749726 0.158130823923565 0.126584636801393 0.078536507765596 0.0334761434918384 0.0010235169817506 0.000292085058283703 0.0099602425873334 0.0265422190874103 0.0375915431186658 0.0464991684163572 0.0500799627452711 0.0512641318339406 0.0505247253162095 0.0460719651875726 0.0413615843458841 0.0378542634700001 0.0354080515022108 0.033986119024398 0.0318513442452687 0.0296966775433745 0.0283055914262048 0.028831454006177 0.0315814317604104 0.0326710600736719 0.0332974607445208 0.0339467635187013 0.0324955482127052 0.0281075638012278 0.0270037234428354 0.0271800905120758 0.0290747118638795 0.0324429558256118 0.0383087955791827 0.0417977064670466 0.0442181101926608 0.0471777898458345
-9999 -9999 -9999 -9999 -9999 -9999 -9999 -9999 -9999 -9999 -9999 -9999 -9999 -9999 -9999 -9999 -9999 -9999 -9999 -9999 0.162281622286015 0.160843246073071 0.137936296743439 0.103294903435881 0.0435323835718609 0 0 0.00883293840585403 0.0235381602705065 0.0378941029606429 0.0492583658550984 0.0510759971773704 0.0512037392617445 0.0499751450858831 0.0456135583747039 0.0410680795882422 0.0376795595336645 0.0351669397447535 0.0334998191035203 0.0300522240768935 0.0265256984021056 0.0247337637260287 0.0239620928032158 0.0243741698329518 0.0266909429866244 0.0296155398117029 0.0332096667256194 0.0332237540486693 0.0282325287461915 0.0265154857577888 0.0259911541297024 0.0256873172579488 0.0276884955608121 0.0335963703010527 0.0378971086787436 0.0414649967497965 0.0439507182603608
-9999 -9999 -9999 -9999 -9999 -9999 -9999 -9999 -9999 -9999 -9999 -9999 -9999 -9999 -9999 -9999 -9999 -9999 -9999 -9999 0.164022172753564 0.167881344602112 0.155265885395186 0.133645606253248 0.0566734677276855 0 0 0.00606637617640446 0.0161657795107861 0.0360460233095435 0.051933294097516 0.0521546284096218 0.0504825390237471 0.0472907528672396 0.0442615628555801 0.0411636748868574 0.037673920025719 0.0349716720364473 0.033029597796463 0.0279081595440757 0.0227324434202259 0.0211656712502933 0.0202644482759287 0.0201354202316043 0.0211234385475838 0.0231499367010055 0.0317783928511372 0.0347586925135594 0.0298422110758471 0.0273629682233676 0.0258031178279495 0.0249707849093338 0.0261466123936664 0.0307260066650092 0.0349280762613726 0.0389511192051916 0.0417498761875549
-9999 -9999 -9999 -9999 -9999 -9999 -9999 -9999 -9999 -9999 -9999 -9999 -9999 -9999 -9999 -9999 -9999 -9999 -9999 -9999 0.170784827257874 0.170802300158438 0.153960879096291 0.127904604971488 0.0553106760485363 0.00167217768679077 0.000477195909609248 0.00271842302890951 0.00724409862239055 0.032347924360814 0.0527687380483564 0.0522175199322957 0.0500016540266056 0.0464497111124576 0.0434883207514693 0.0406295914691004 0.0378411631180395 0.0347636215399415 0.031407001399336 0.0261843051595606 0.0213625803631386 0.0212136369801937 0.0203500544468201 0.0186573209920057 0.0198494589444889 0.0223020368345713 0.0288625922053636 0.0319610830099199 0.0302192040241585 0.0283317195884311 0.0264012242728679 0.0246399646067161 0.0245330764724392 0.0272301296921486 0.0310703859331841 0.0354203750872589 0.0389297468944047
-9999 -9999 -9999 -9999 -9999 -9999 -9999 -9999 -9999 -9999 -9999 -9999 -9999 -9999 -9999 -9999 -9999 -9999 -9999 -9999 0.167841879129612 0.16966996312707 0.150930364673787 0.12094873741113 0.0530496987975501 0.00278185437475927 0.000793868701424561 0 0 0.0294829954147832 0.0537839698670408 0.0529628090558928 0.0502213203670898 0.0459385411169926 0.0428356236591373 0.0400332089049822 0.0377758258417784 0.0345048210720772 0.0302553758080592 0.0251115509853682 0.0207090502418512 0.0217872084375223 0.0211468224791583 0.0185125176765779 0.0196153674708653 0.0219541499057517 0.0260011639096261 0.0290194423359799 0.0305994285189659 0.0292480682334151 0.0268320232527761 0.0242746088479063 0.0230648664507633 0.024139250201386 0.0274945799417832 0.0318768201355305 0.0359574973140858
-9999 -9999 -9999 -9999 -9999 -9999 -9999 -9999 -9999 -9999 -9999 -9999 -9999 -9999 -9999 -9999 -9999 -9999 -9999 -9999 0.166896692196478 0.165848000542367 0.150361137246787 0.126982556353134 0.0544239624330507 0.000897702604148554 0.000256180915538589 0 0 0.0307453463224251 0.0563955902933848 0.0568437294832499 0.0530312929583595 0.0457992398090146 0.0423653034342067 0.039504560773801 0.0367267035114896 0.034056104271407 0.0314890402966174 0.0263497903414724 0.021637066060546 0.0226206080043567 0.0228387798274388 0.0221689407705342 0.021297149049053 0.0207862993653382 0.0240773764622538 0.0276440959854496 0.0315961957485489 0.0299024227271662 0.0262308437078914 0.0235867428179087 0.0221935432926214 0.0229204564497927 0.0254438986061034 0.0287820351758017 0.0327006754148004
-9999 -9999 -9999 -9999 -9999 -9999 -9999 -9999 -9999 -9999 -9999 -9999 -9999 -9999 -9999 -9999 -9999 -9999 -9999 -9999 0.167053193546409 0.166112872133404 0.152821824277707 0.132780029330402 0.0681686337041431 0.0171766623180145 0.00490177154236925 6.91055872875867e-05 0.000184153711304571 0.0314611827160894 0.0572641606450601 0.056524268367103 0.0536587067919804 0.0490870438462131 0.0448762820629547 0.040675808984863 0.036295857804271 0.0335272629601678 0.0323140968132681 0.0280201679537524 0.0238662993141572 0.0243465054570042 0.0247216735579993 0.0249749726162257 0.0236366171488686 0.0220629009784002 0.0224112438989967 0.0245494406850608 0.0291900617944564 0.0289893397161727 0.0270239910135288 0.0247141586566801 0.0230801558029636 0.0225915947412303 0.0241498351806078 0.0266391405186636 0.0301903376979632
-9999 -9999 -9999 -9999 -9999 -9999 -9999 -9999 -9999 -9999 -9999 -9999 -9999 -9999 -9999 -9999 -9999 -9999 -9999 -9999 0.168026461560626 0.170048383517263 0.158039837475749 0.138362419366514 0.0931708005729833 0.0499846769831177 0.0142643234555179 0.000201099631252339 0.00053589362149522 0.0316796721413718 0.0565464955936447 0.0523823158563468 0.0522999172336156 0.055493631392642 0.0501003449900968 0.043394021221134 0.0364276650481466 0.0329255055938094 0.0327673060488544 0.0300838062135247 0.0272796851015247 0.0268846066232652 0.0267783259508679 0.0270071192339023 0.0265746025603225 0.0255640379638843 0.0209795861250199 0.0198901552201402 0.0236871709489759 0.0266498347691198 0.0290860236173686 0.0274935433107345 0.0255665501177589 0.0230726017412697 0.0235443200264376 0.0253624987132202 0.0283593262123428
-9999 -9999 -9999 -9999 -9999 -9999 -9999 -9999 -9999 -9999 -9999 -9999 -9999 -9999 -9999 -9999 -9999 -9999 -9999 -9999 0.172547441836316 0.172547858051865 0.157678014107754 0.134680278578474 0.0815061105341441 0.0354139448785423 0.0101062164461726 0.000110927092349698 0.000295600349294638 0.0302488865556887 0.0537756235417901 0.0480858926748632 0.049218216261466 0.0558260465363857 0.0519354432514176 0.046235649128496 0.039353299298675 0.034122604452028 0.0304862382467456 0.0283541197550624 0.0268404242963033 0.0271176205189875 0.0272419957809236 0.0271890624804282 0.0271811104442116 0.0268517840665282 0.0234816563039177 0.0216708857533752 0.0220402783387891 0.0245855763871817 0.027726748969315 0.0275021662865092 0.0269845504989708 0.0259702822820261 0.0254790430743831 0.025240064517928 0.0272694200112507
-9999 -9999 -9999 -9999 -9999 -9999 -9999 -9999 -9999 -9999 -9999 -9999 -9999 -9999 -9999 -9999 -9999 -9999 -9999 -9999 0.183921295482946 0.17687112451602 0.158199237061734 0.133175069914382 0.0691525812784503 0.0184687169455994 0.00527049024262802 0.000187702352688067 0.00050019233212299 0.0279579270324721 0.04945155044383 0.0439683915728292 0.0463677047612874 0.0550936353603864 0.0528625468621248 0.0486708951051259 0.0429382183777414 0.0363400763202647 0.028906507870514 0.0267443616250844 0.0260062493746807 0.0271580169961841 0.0275945960486971 0.02720138672392 0.0275350193668748 0.0278985109704074 0.0266775902767843 0.0247516525619895 0.0218400188771597 0.0232394862589661 0.0260985300621824 0.0272689476647922 0.0283000588197186 0.0290950639355777 0.0280134351943953 0.0261041904609593 0.0268476051215595
-9999 -9999 -9999 -9999 -9999 -9999 -9999 -9999 -9999 -9999 -9999 -9999 -9999 -9999 -9999 -9999 -9999 -9999 -9999 0.186237683787563 0.184945897714739 0.181014211197433 0.168900778438389 0.152315309163763 0.0895158169918161 0.0359820211235854 0.0102683305938629 0.00136374305595201 0.00363412503788258 0.0227725047597483 0.0389842846197963 0.04094610644882 0.0464422434330798 0.0547750869260515 0.0523677526560782 0.048844026821887 0.0472253592373109 0.0421472686121787 0.0337298260689142 0.0295259857791915 0.0269113760902502 0.0284689742123313 0.0289413126767322 0.0281544925229298 0.0288698166510797 0.0298700526717434 0.0296279617582295 0.0282944236745902 0.0254349152316671 0.0254020573725469 0.0264453622625176 0.0285086738223421 0.0301348810187285 0.0310202540209588 0.0311874996470255 0.0310189658381932 0.0292090191286295
-9999 -9999 -9999 -9999 -9999 -9999 -9999 -9999 -9999 -9999 -9999 -9999 -9999 -9999 -9999 -9999 -9999 -9999 0.186929685207184 0.186751445222355 0.185405388396135 0.181672775263484 0.172236149385352 0.159681784026007 0.0934378025468972 0.0370255557930743 0.0105661281782639 0.00141635304868803 0.00377432101615747 0.0229730732712926 0.0390805283521633 0.0404147449187986 0.0456291650596667 0.053957908131767 0.0526041794328266 0.0501674356757138 0.049123416131483 0.045088589942953 0.0381667632958732 0.0331610998462737 0.0293777000915598 0.0304400032081841 0.0306384968574877 0.0298347666356972 0.0304710604206794 0.0314585532880974 0.0319658724082828 0.0314197516675521 0.0294007992158175 0.0285433682604064 0.0282032220314879 0.0296222690488711 0.03102407092617 0.032396644567546 0.0340471461195561 0.0357813743751137 0.0317139883995012
-9999 -9999 -9999 -9999 -9999 -9999 -9999 -9999 -9999 -9999 -9999 -9999 -9999 -9999 -9999 -9999 -9999 -9999 0.186934850845422 0.187247152007376 0.185246839448381 0.178520457985033 0.167515437887282 0.154171769334216 0.0793786582817035 0.0200567701833135 0.00572367922802422 0.000240312345424056 0.000640388310397806 0.0290640818996384 0.0507296549165966 0.0426076057006255 0.0438453358511969 0.0525953974954225 0.0536403130014772 0.0527488560756061 0.048408628593524 0.0448956242028355 0.0421811312935656 0.0377296412852257 0.0335514423730913 0.0331329259923635 0.0327189732150905 0.0323103153002768 0.0323637059266383 0.0326281373738195 0.0336339594370744 0.0340885390170383 0.0337724173543726 0.0327550872238165 0.0315042655393679 0.0305979199814322 0.0308790610718393 0.0331728352718245 0.0365629263736683 0.0403771454660002 0.0343759582518343
-9999 -9999 -9999 -9999 -9999 -9999 -9999 -9999 -9999 -9999 -9999 -9999 -9999 -9999 -9999 -9999 -9999 -9999 0.181412929576068 0.181612069483888 0.17917972767613 0.171369676743976 0.158433136049799 0.142694522456371 0.0743286850066841 0.0198844494057856 0.00567450337139933 0.0075304962922197 0.0200673909970036 0.0410568526208111 0.056038791627488 0.049238166945309 0.048876517183823 0.053682907414442 0.0551973113674988 0.0550474450389144 0.049874537113674 0.0469963090976578 0.0463331162671434 0.0430476553287754 0.0394495763295138 0.0372472088266054 0.0360323265811362 0.0359631614582503 0.0356127893812889 0.0352781402344114 0.0358048054409638 0.0362257736198557 0.0364989650343843 0.0363608743194595 0.0360082000300145 0.0344717691628545 0.0336578597267357 0.0340685287366335 0.0371567666906843 0.0413899094844736 0.0368347486963387
-9999 -9999 -9999 -9999 -9999 -9999 -9999 -9999 -9999 -9999 -9999 -9999 -9999 -9999 -9999 -9999 -9999 -9999 0.181828046363885 0.17839961118115 0.173516024754516 0.165658684007123 0.15004766943452 0.130198597184284 0.0717177651815658 0.0242646261746743 0.00839767541486642 0.0176416195554034 0.0435797017034232 0.0536714087080896 0.0594466242929366 0.0558258096871455 0.0542285013335991 0.0542552964071787 0.0563750161428296 0.0573809983289231 0.0523697476196491 0.050219783847874 0.0508317962527759 0.0488546697528173 0.0461156671022541 0.0420798968285358 0.0398832411028583 0.0398203944768194 0.0392432673793208 0.0385622875116751 0.0382491950246919 0.0382931422999428 0.038836272778163 0.0397433717089376 0.0406419227837912 0.0390456545357555 0.0373516056180251 0.0354918313731268 0.0376958151661742 0.0416866373570037 0.0391920091841698
