layers/veg/veg3500.asc
NCOLS 255 
NROWS 330 
XLLCORNER -2985163.8955 
YLLCORNER -3022031.214 
CELLSIZE 25000 
NODATA_value -9999 
[rows 175 to 199 of 330, columns 57 to 113 of 255]
-9999 -9999 -9999 -9999 -9999 -9999 -9999 -9999 -9999 -9999 -9999 -9999 -9999 -9999 -9999 -9999 -9999 -9999 -9999 -9999 -9999 0.493676402949217 0.391236687552036 0.296356942545046 0.344550656337184 0.344560904539543 0.233577891206967 0.149663939248953 0.1030684139193 0.0227415495792813 0.0104829904749079 0.0191949959647891 0.0575218255072838 0.0801052225560521 0.0498303669306112 0.0217509899550467 0.0141932289103148 0 0.0057686816976714 0.109212001763737 0.21667666383364 0.344906345617772 0.442683025708045 0.444958837811433 0.419664436322365 0.456376247409818 0.502655175518874 0.521275110602078 0.527892652219795 0.530127154704304 0.531164607760616 0.531738801055964 0.532644145944123 0.533433390531183 0.533821739603326 0.533711836149777 0.533300567670897
-9999 -9999 -9999 -9999 -9999 -9999 -9999 -9999 -9999 -9999 -9999 -9999 -9999 -9999 -9999 -9999 -9999 -9999 -9999 -9999 -9999 -9999 0.414221841677457 0.294229080916327 0.298378491414299 0.28180588677406 0.177886622409234 0.107402226563013 0.0593265685534245 0.000114521152876669 0.0339935120201288 0.0549804421336455 0.0908873378942485 0.0777363402217862 0.0326356987328342 0.00225299398194178 0 0 0.0756038770913898 0.147409658769168 0.214929721126083 0.390779496938861 0.425526328756811 0.434192269208431 0.441726315558495 0.483133560657215 0.508676417459456 0.520238593276168 0.524687870344049 0.526925195881766 0.528577699545786 0.529420461362902 0.530574898361356 0.531669943839078 0.532209903350522 0.53245494307857 0.532391366622291
-9999 -9999 -9999 -9999 -9999 -9999 -9999 -9999 -9999 -9999 -9999 -9999 -9999 -9999 -9999 -9999 -9999 -9999 -9999 -9999 -9999 -9999 0.316553514022948 0.301083066697003 0.290346892976946 0.261756584520718 0.167876946707791 0.0888036266445821 0.0502347421200025 0 0 0.00337557945217147 0.0579709774815615 0.0792673132376251 0.0475754404167111 0.0105245063867236 0 0 0.108908936766406 0.116012935968558 0.17197813318275 0.388162902095904 0.423800961011999 0.432951238841344 0.448402672340369 0.493959724536912 0.510741715970712 0.519767877717726 0.523527153507708 0.525802392479167 0.527457564423745 0.52841295817484 0.529564377440318 0.530622068509483 0.531235455833569 0.531502971595172 0.531469948296708
-9999 -9999 -9999 -9999 -9999 -9999 -9999 -9999 -9999 -9999 -9999 -9999 -9999 -9999 -9999 -9999 -9999 -9999 -9999 -9999 -9999 -9999 0.370443628595023 0.348336310311768 0.32481911963265 0.258744122784161 0.114112541794858 0.0242913039190447 0.0247993800178341 0 0 0 0 0.0386454140284362 0.0545409652047796 0 0 0.0322646327280285 0.164291486175338 0.177152716149742 0.253815051590783 0.368961569706559 0.38895760911883 0.428683087820068 0.477214590281595 0.495975281086672 0.506410991494244 0.519967071257885 0.522820950790539 0.524665667913815 0.526132133590318 0.526945318974694 0.527947160704306 0.528765781184793 0.529342655360744 0.529684973953301 0.529766292163475
-9999 -9999 -9999 -9999 -9999 -9999 -9999 -9999 -9999 -9999 -9999 -9999 -9999 -9999 -9999 -9999 -9999 -9999 -9999 -9999 -9999 -9999 0.429959250939932 0.393784784099036 0.348273275773445 0.292683935626386 0.171015475699385 0.0423529603451844 0 0 0 0 0 0.00864080958386615 0 0 0 0.0863749761459628 0.195598108532107 0.23609076105792 0.275674957094896 0.325551391204756 0.348550262214618 0.420687239665507 0.475770235385938 0.481987832153099 0.503452035895444 0.520639193303718 0.523417688040146 0.524410727122682 0.525277938260894 0.525765246688718 0.526513245281915 0.52715325759227 0.52758322974672 0.527818272216368 0.527764540847895
-9999 -9999 -9999 -9999 -9999 -9999 -9999 -9999 -9999 -9999 -9999 -9999 -9999 -9999 -9999 -9999 -9999 -9999 -9999 -9999 -9999 -9999 0.497526115879385 0.430029073029779 0.370721175027356 0.285109744509464 0.159578042147608 0.0380812131905798 0 0 0 0 0.0226179239037748 0.0138339565393193 0 0 0 0.0227474166354976 0.184949113445914 0.263677309950403 0.285652923585457 0.324052406900299 0.39112689184226 0.44826725647425 0.478563555468525 0.494628971715995 0.508861437605299 0.521999838190017 0.524356031674307 0.524728571007037 0.525020293892255 0.525186561225551 0.525685988164494 0.526198616964945 0.526490551595946 0.526535304837932 0.526347510535068
-9999 -9999 -9999 -9999 -9999 -9999 -9999 -9999 -9999 -9999 -9999 -9999 -9999 -9999 -9999 -9999 -9999 -9999 -9999 -9999 -9999 -9999 0.498467579989831 0.431453843604609 0.382231672919248 0.309336266048904 0.17107109332065 0.0482353336020783 0.0122202172953122 0 0 0.00136575450580931 0.0347616515621727 0.0228125373107334 0 0 0 0 0.0921610204441904 0.217234144200601 0.305156697228702 0.338710670615338 0.418715046089084 0.423931466868646 0.453662357571299 0.500207567287901 0.513069744697565 0.522023919469585 0.524800971220117 0.524707511093614 0.524447060836655 0.524295664353975 0.524621206831059 0.524892229576362 0.524921505872069 0.524753263858518 0.524415459617918
-9999 -9999 -9999 -9999 -9999 -9999 -9999 -9999 -9999 -9999 -9999 -9999 -9999 -9999 -9999 -9999 -9999 -9999 -9999 -9999 -9999 -9999 0.472244764385337 0.466739497367132 0.433445177769017 0.345497185649091 0.183165530238293 0.063616730595572 0 0 0 0 0.00997920251393357 0.0380511063207119 0.0520128506352769 0 0 0 0 0.160911699710937 0.306446241455268 0.363238495302934 0.404890813306294 0.386657367126474 0.461856668643975 0.504473796975422 0.517160582702652 0.524003645297477 0.526127168260539 0.525448846638385 0.524622883693931 0.524043956444981 0.523896531357777 0.523834541286344 0.523709585380234 0.523447041482001 0.522930926602766
-9999 -9999 -9999 -9999 -9999 -9999 -9999 -9999 -9999 -9999 -9999 -9999 -9999 -9999 -9999 -9999 -9999 -9999 -9999 -9999 -9999 -9999 0.470717591429244 0.459311367163632 0.433853961438345 0.347087944089387 0.192726804224968 0.0938635804793401 0.0207000794595201 0 0 0 0.00735561161508252 0.0411806544399093 0.0617838303763225 0.00489736472143573 0 0 0 0.161811059465169 0.293150879756328 0.345853111275312 0.423839457468702 0.400611692890023 0.450376157198226 0.505681079827641 0.517395859112314 0.524056257690738 0.52586536984726 0.525092302509266 0.524060025871717 0.523215515694063 0.522809766955102 0.522617654201345 0.522247241762535 0.52157906407013 0.521013683836247
-9999 -9999 -9999 -9999 -9999 -9999 -9999 -9999 -9999 -9999 -9999 -9999 -9999 -9999 -9999 -9999 -9999 -9999 -9999 -9999 -9999 -9999 0.475059001872312 0.46662500315419 0.437858061177499 0.340678384851986 0.169621086626588 0.0746093867756754 0 0 0 0 0 0.0735839739386855 0.072944341993566 0.049080205908555 0.0664602083804589 0.0419497937915918 0.0750024402491004 0.184571806471952 0.234970851530753 0.29901888419616 0.443395592617053 0.461427919690024 0.493745686961061 0.513364587999136 0.521787908456479 0.525363882143713 0.525799271395655 0.525073323361281 0.523756785400822 0.522586198149366 0.521657955092096 0.52064675419788 0.519736717857375 0.518489145286902 0.518247280463994
-9999 -9999 -9999 -9999 -9999 -9999 -9999 -9999 -9999 -9999 -9999 -9999 -9999 -9999 -9999 -9999 -9999 -9999 -9999 -9999 -9999 -9999 0.49628417306361 0.413533962974399 0.379991497334727 0.304764428298945 0.118653362797613 0.0183770652556434 0 0 0 0 0 0.00269615133625312 0.0165742023505147 0.055358242234085 0.0595343696241566 0.0834199979770713 0.155739502708682 0.140359432560723 0.184675995358556 0.364706668672831 0.479589709353156 0.501569640826569 0.508888734441292 0.518721113764654 0.524188987669371 0.526626376504211 0.526006558534103 0.524713648822206 0.523271577291443 0.522068027319437 0.52098490165519 0.518603172731286 0.517208786811774 0.517437363428248 0.51735733902933
-9999 -9999 -9999 -9999 -9999 -9999 -9999 -9999 -9999 -9999 -9999 -9999 -9999 -9999 -9999 -9999 -9999 -9999 -9999 -9999 -9999 0.534440812572522 0.489115914444183 0.414950060574698 0.350575917556012 0.247783334671108 0.124869887969194 0.0354704989977954 0 0 0 0 0.0502334513691043 0.0413648598018672 0 0.0633017754193687 0.164182561140148 0.197242864923278 0.215882917241552 0.112607116656056 0.159191086906038 0.433557749421425 0.508576961882157 0.506774668302586 0.50976110546314 0.517036506096312 0.522886589544598 0.52729800889327 0.526258503917212 0.524682332957486 0.523079052166953 0.52174186979063 0.520287405674736 0.517496248966573 0.515550944546025 0.515823125933777 0.516346741764476
-9999 -9999 -9999 -9999 -9999 -9999 -9999 -9999 -9999 -9999 -9999 -9999 -9999 -9999 -9999 -9999 -9999 -9999 -9999 -9999 -9999 0.533980546642671 0.486897360569409 0.409164150892237 0.35878885847911 0.290428742068391 0.148666457887738 0.0192185156130633 0 0 0 0 0.074310774452642 0.179896120610081 0.110040828141538 0.161448727839703 0.252386317232251 0.218704878487598 0.159435960551751 0.116682361425947 0.280639841701779 0.484167512367958 0.51094879916293 0.509937787808307 0.510599943751146 0.514262039897049 0.519962247096535 0.526023388545206 0.525274120584302 0.523754632080113 0.521942571376241 0.520155464020806 0.518505999732814 0.515865393986903 0.513211161425532 0.513340137282667 0.514571355034879
-9999 -9999 -9999 -9999 -9999 -9999 -9999 -9999 -9999 -9999 -9999 -9999 -9999 -9999 -9999 -9999 -9999 -9999 -9999 -9999 -9999 0.54612751822783 0.527400394636131 0.485067736796239 0.427406174276005 0.291280437543345 0.123516990474514 0 0 0 0 0 0.112377890854637 0.272814536995169 0.226151261370715 0.208018327444029 0.300536842153643 0.295389198549826 0.295614802291876 0.278283436553192 0.367437962646782 0.489848240667794 0.511453086876085 0.512439399283637 0.510706157448297 0.512545442963999 0.51934838389099 0.523980631860774 0.524479494885728 0.523231597958907 0.521090803299935 0.519207611558745 0.517289883273262 0.51368058458907 0.510681740417937 0.512448391842652 0.51409113913148
-9999 -9999 -9999 -9999 -9999 -9999 -9999 -9999 -9999 -9999 -9999 -9999 -9999 -9999 -9999 -9999 -9999 -9999 -9999 -9999 -9999 0.552646593350072 0.516985930771442 0.46628902262128 0.399314920139287 0.263806109574349 0.111405243644512 0.00905555400785637 0 0 0 0 0.0829075932801543 0.268783520161525 0.250047237945093 0.241853782043384 0.301880590568857 0.33067257365126 0.365118226801039 0.31935143860258 0.358460021276908 0.480142976917198 0.508561042982541 0.506437207867473 0.501531770492205 0.507262792869642 0.517911600516688 0.522011923602955 0.522786841865058 0.521753591694192 0.519821997898461 0.51797521719721 0.515986796032232 0.512672946663719 0.509974165889675 0.511148120639792 0.512145584265965
-9999 -9999 -9999 -9999 -9999 -9999 -9999 -9999 -9999 -9999 -9999 -9999 -9999 -9999 -9999 -9999 -9999 -9999 -9999 -9999 0.549264651926456 0.546877700972805 0.498878102113173 0.434840001638579 0.371419703969873 0.251311506166014 0.106434395429795 0 0 0 0 0 0.111348136680395 0.247940659573827 0.308269378465078 0.357985495327373 0.413324451316735 0.428831451868803 0.436579575216033 0.330167808092784 0.295161404268775 0.444349398433717 0.495110213265546 0.488596060722773 0.485038423323756 0.499942560063364 0.514127135466464 0.520152282843916 0.520538241121739 0.519952525001624 0.518634295204361 0.516761602663788 0.514704029582147 0.513557432816364 0.513113407002046 0.511441114251104 0.509660518185725
-9999 -9999 -9999 -9999 -9999 -9999 -9999 -9999 -9999 -9999 -9999 -9999 -9999 -9999 -9999 -9999 -9999 -9999 -9999 -9999 0.518671556040847 0.524273051348725 0.496527176043972 0.414617661206687 0.32967420571451 0.236999990225072 0.113433835593036 0 0 0 0 0.0102630504057511 0.0908993242934851 0.239224598990224 0.350734511684518 0.371150052102299 0.42399400759979 0.437817949148885 0.434804235778576 0.285118719705142 0.237888438783266 0.422663381631275 0.472069524005485 0.472980567643828 0.482441759887804 0.503928527412641 0.514777116946425 0.51906212497352 0.519142097344258 0.518476079740117 0.516891906692922 0.515286699062434 0.513812836662613 0.512888696931911 0.512028990973282 0.509983151810949 0.507354658334728
-9999 -9999 -9999 -9999 -9999 -9999 -9999 -9999 -9999 -9999 -9999 -9999 -9999 -9999 -9999 -9999 -9999 -9999 -9999 -9999 0.50659278380276 0.503748512988941 0.471793453762818 0.372035057488478 0.263198697378771 0.195926944717244 0.0770847987043699 0 0 0 0.0467257277695798 0.0796048695533729 0.0889904750564515 0.184553806413856 0.365186265955947 0.396612587063231 0.420286938331344 0.438582255541939 0.427238245127557 0.250987969566837 0.198366217994587 0.380260530362894 0.432242722415427 0.474597732169657 0.489013533792098 0.508254409497043 0.516973165178224 0.518883355917551 0.51820550870038 0.517359315347298 0.515737402953947 0.513966465424652 0.511919425771704 0.510121461395877 0.509095456612046 0.507265211486905 0.504680240372722
-9999 -9999 -9999 -9999 -9999 -9999 -9999 -9999 -9999 -9999 -9999 -9999 -9999 -9999 -9999 -9999 -9999 -9999 -9999 -9999 0.518108870783161 0.504770032686056 0.448243967588332 0.361332657211188 0.227023989052488 0.0749019987052434 0 0 0 0.0302682645561246 0.133337124457282 0.185745497126604 0.13074906961524 0.148590999473248 0.327696343747715 0.332861060958038 0.357877379969475 0.429423305137944 0.393150982826361 0.281137819041569 0.298592758626558 0.413383553766457 0.450146711222294 0.48534498518699 0.494605839788387 0.508246514034518 0.516409498131232 0.516992149847746 0.51599639152633 0.515096802623919 0.5134656834531 0.511763030906696 0.509920244846952 0.507624199387168 0.505759197176197 0.503853101478941 0.501144609217911
-9999 -9999 -9999 -9999 -9999 -9999 -9999 -9999 -9999 -9999 -9999 -9999 -9999 -9999 -9999 -9999 -9999 -9999 -9999 -9999 0.478481175585137 0.483446843191565 0.414558547864745 0.315688370710729 0.192148632268182 0.0257449273722352 0 0 0 0.0711317042032875 0.196048922094846 0.250567326279334 0.163043906612526 0.124124834597822 0.282591102543692 0.241779971924314 0.268950302166467 0.408086020625538 0.372640576723282 0.3747070365376 0.435785244879491 0.429342440428805 0.464946986716404 0.491914509004458 0.498189224127817 0.508744603663599 0.515384524649537 0.514759112490137 0.513268869212971 0.512515950719077 0.511099763379337 0.50935825606191 0.50762552860297 0.505140120775448 0.502955229493397 0.500814422339668 0.497913424425695
-9999 -9999 -9999 -9999 -9999 -9999 -9999 -9999 -9999 -9999 -9999 -9999 -9999 -9999 -9999 -9999 -9999 -9999 -9999 -9999 0.465463018644943 0.428876115120858 0.400023615496019 0.285690874872372 0.145671671623059 0.0176030815882599 0 0 0.00674425228003055 0.0690675245695705 0.163782273814717 0.248819545041437 0.165690122915572 0.0814799259135378 0.21365280579537 0.240383527263197 0.277907470856299 0.383994739510653 0.445258772413882 0.483514063059405 0.467637214905089 0.448509016374549 0.472290194594729 0.493305463312551 0.500353164511296 0.510568146957797 0.513719475447828 0.509444513053998 0.506704208531063 0.508890756561516 0.509613615997253 0.508053618903625 0.50613500083361 0.503630503793133 0.501317796575719 0.498840311712107 0.495638746843401
-9999 -9999 -9999 -9999 -9999 -9999 -9999 -9999 -9999 -9999 -9999 -9999 -9999 -9999 -9999 -9999 -9999 -9999 -9999 0.506299916304569 0.457537063825467 0.410472784495601 0.35651173708901 0.230324480064038 0.174366605511803 0.0623209508062115 0 0 0.0521731629179395 0.0810161372277796 0.139302704958922 0.240971941716491 0.194341150136511 0.0901354633280414 0.222475530536192 0.309561018671653 0.330569934585865 0.392413740348605 0.468375157748489 0.485954430767581 0.488304627206099 0.48133348555719 0.482668368776998 0.495422371930745 0.501766622751268 0.50959680946042 0.504616421211525 0.48852620242243 0.479361787596991 0.491664801229699 0.505779622017205 0.505548102437098 0.503584962037376 0.501079809672393 0.498719734911775 0.496002858723266 0.492413602044672
-9999 -9999 -9999 -9999 -9999 -9999 -9999 -9999 -9999 -9999 -9999 -9999 -9999 -9999 -9999 -9999 -9999 -9999 -9999 -9999 0.455920541327079 0.387749271351504 0.29445308480412 0.149927186313227 0.0720049839937976 0 0 0 0.0681432528969029 0.180469930792759 0.308807155798639 0.329603178542716 0.303547735139954 0.264684259983384 0.324932318384073 0.342618303387118 0.353251799936834 0.463280560464889 0.478380861644102 0.482802415616541 0.485138845491004 0.486716424226797 0.491458034923091 0.498385791337435 0.500397504919472 0.504129554888333 0.497201868449044 0.467405248933197 0.451864153564897 0.477121914889041 0.501567712829814 0.503248134560707 0.501189001357582 0.498335785321408 0.495736170048101 0.492844506921506 0.489356058725115
-9999 -9999 -9999 -9999 -9999 -9999 -9999 -9999 -9999 -9999 -9999 -9999 -9999 -9999 -9999 -9999 -9999 -9999 -9999 -9999 0.470315660717242 0.453747837590157 0.317967265932519 0.118058244521017 0.0297927956946681 0 0 0 0.067511117154673 0.17452920821744 0.310361579812397 0.354347292797064 0.34400990637588 0.292038808752471 0.308495724039221 0.34153623259762 0.36662342004628 0.469314234728905 0.47842345159037 0.481570380283498 0.479220332394587 0.484321521875421 0.495111200783728 0.497027004603289 0.495666837178632 0.497479153388296 0.484253484713412 0.447944725999682 0.444057731647477 0.477861053146028 0.500780805068481 0.501388251556671 0.499371594220025 0.496374064167628 0.492858017282385 0.489927338833268 0.487192017481248
-9999 -9999 -9999 -9999 -9999 -9999 -9999 -9999 -9999 -9999 -9999 -9999 -9999 -9999 -9999 -9999 -9999 -9999 -9999 -9999 0.453042073770369 0.41888593252745 0.307626681850899 0.135569848976945 0.0224718349817885 0 0 0 0.0595492946774067 0.167931877758198 0.255990183642376 0.326840507017943 0.351975400926874 0.305325640475064 0.293353731936131 0.334484015586581 0.3990253532835 0.464105668991449 0.473419852180016 0.477830929550316 0.476906140741402 0.482393623732446 0.492600259999151 0.493459370749969 0.492881274756404 0.488861589301258 0.461295107116763 0.431493024006963 0.448076388501556 0.482182142059351 0.498403503091734 0.498604409241503 0.496600257539435 0.493283459028357 0.489409776275667 0.486075782042247 0.483287056099673
