layers/veg/veg3200.asc
NCOLS 255 
NROWS 330 
XLLCORNER -2985163.8955 
YLLCORNER -3022031.214 
CELLSIZE 25000 
NODATA_value -9999 
[rows 150 to 174 of 330, columns 57 to 113 of 255]
-9999 -9999 -9999 -9999 -9999 -9999 -9999 -9999 -9999 -9999 -9999 -9999 -9999 -9999 -9999 -9999 -9999 -9999 -9999 -9999 -9999 0.484373726166404 0.436303902135458 0.337583527785598 0.205793626096162 0.0909092104263029 0.0290625327774994 0.0331691115126905 0.0708036993296095 0.0970428410147232 0.100696564730678 0.0959160139132655 0.0874148004755391 0.0817784280462985 0.0693201064780506 0.0128029686765817 0 0 0.0362879094361531 0.0562651177667682 0.0847278211113255 0.149595937251184 0.144802855547751 0.154425536263084 0.206077482701031 0.25776249412918 0.32180741639067 0.376437222133956 0.374151793325136 0.39857050458063 0.436369690719051 0.446128386897139 0.450229963767661 0.449498687947709 0.449790378408024 0.449496502367151 0.448910542251666
-9999 -9999 -9999 -9999 -9999 -9999 -9999 -9999 -9999 -9999 -9999 -9999 -9999 -9999 -9999 -9999 -9999 -9999 -9999 -9999 -9999 0.458043065558009 0.433633167300093 0.376318713753435 0.286569247337194 0.15931241221968 0.0617202026937195 0.0521588212576038 0.0738289790654811 0.090949902234133 0.0953528917093566 0.0893937199600767 0.0800815676783541 0.0715436684541645 0.0563451101854242 0.012462288602189 0 0 0.013356569601957 0.0388306202280724 0.0566110921143047 0.0910262861262942 0.115321851773503 0.162224687380148 0.174942619303561 0.249649229092959 0.322811228221881 0.377853307930616 0.366746748013235 0.387221759267555 0.434770738311891 0.444658392011088 0.44908584114892 0.451072686163638 0.450199404042363 0.448920745028798 0.453264776284477
-9999 -9999 -9999 -9999 -9999 -9999 -9999 -9999 -9999 -9999 -9999 -9999 -9999 -9999 -9999 -9999 -9999 -9999 -9999 -9999 -9999 0.47854908268231 0.454901253400033 0.406694184401563 0.338638162320845 0.206410202111705 0.0473858567944635 0.000872222330543293 0.0569611429331475 0.076100686764308 0.0710676419316798 0.0846417672700649 0.0844378315578959 0.0813310419594112 0.0640111726069372 0.000844942596839676 0 0 0.00392706700879933 0 0.0357057009627156 0.0979657869290761 0.0842516363713904 0.129067382149379 0.214432953802837 0.297385808808251 0.347864504686909 0.377241703529742 0.386422277072273 0.405499404477773 0.43617481756369 0.444861409425801 0.44935908450634 0.452932284763095 0.453637387927802 0.45184448613099 0.454893490493545
-9999 -9999 -9999 -9999 -9999 -9999 -9999 -9999 -9999 -9999 -9999 -9999 -9999 -9999 -9999 -9999 -9999 -9999 -9999 -9999 -9999 -9999 0.466042287244881 0.428342340698385 0.373985461533645 0.240591097679813 0.0740203749597273 0 0.0325943086697838 0.0845228272742451 0.0929891623105115 0.0872365389541676 0.0850577053864924 0.08306128401467 0.0625408153306999 0.0100448986130686 0 0.0380454449709146 0.0343010494735913 0.0545173248229432 0.092309854576358 0.101907236126213 0.0881136054950152 0.121344896590189 0.212327394510373 0.265508398486954 0.344438758851775 0.38385398142787 0.397444005342268 0.419477244174093 0.441341409737641 0.448718605660091 0.453031611578582 0.457148831059649 0.45863266414758 0.459972991059049 0.463461022398427
-9999 -9999 -9999 -9999 -9999 -9999 -9999 -9999 -9999 -9999 -9999 -9999 -9999 -9999 -9999 -9999 -9999 -9999 -9999 -9999 -9999 -9999 0.457313125146042 0.453045957622445 0.419168578156785 0.283792401375973 0.121131374225027 0.0356347004570739 0.033511765679989 0.0841837680957856 0.0919772193561884 0.089776972137153 0.0876732124326196 0.0852960476482947 0.0671456769938276 0.0383850207857614 0.0412626644309 0.0462518676176786 0.0611182477097549 0.111402373668527 0.113581446164814 0.103269324044282 0.116141073664856 0.182609898792664 0.252426489766814 0.283715267533852 0.356887126785636 0.374455556126552 0.383931769875108 0.416592997366911 0.440598411446478 0.45071909465649 0.457084785610101 0.462061811758418 0.464754656200342 0.467335128969553 0.470235289415659
-9999 -9999 -9999 -9999 -9999 -9999 -9999 -9999 -9999 -9999 -9999 -9999 -9999 -9999 -9999 -9999 -9999 -9999 -9999 -9999 -9999 -9999 0.462265461148563 0.459337291096168 0.438632053990835 0.311630204521778 0.129829724142177 0.0393765233981808 0.0392149073741232 0.0846450273506654 0.0896299950135937 0.0873503307319296 0.0860412030740466 0.0841781858247221 0.0677832447083226 0.0501588659661376 0.0376221803993556 0.0311056715645468 0.0365067064033169 0.0928916779195822 0.129089273901576 0.0985703172804004 0.122011330454868 0.190042134778347 0.290495574916379 0.343280275887958 0.371647315456619 0.36831428137459 0.3829528931196 0.412245345818924 0.443100288271068 0.453627102400936 0.459701953826163 0.465352914015368 0.468695466773241 0.471110345421123 0.473982919556696
-9999 -9999 -9999 -9999 -9999 -9999 -9999 -9999 -9999 -9999 -9999 -9999 -9999 -9999 -9999 -9999 -9999 -9999 -9999 -9999 -9999 -9999 0.463543668419221 0.459900127056034 0.456131091146334 0.360050912134411 0.157663351002657 0.0510089986357226 0.0549540595427724 0.0676242734183782 0.0833933347983635 0.0808804060429282 0.0791693969914814 0.0827567249165116 0.0782295535752888 0.0686239510252079 0.0446691351205885 0.0308183089846075 0.0533598120615992 0.106079708991746 0.148775823452316 0.126772280304775 0.109445317743447 0.161539728602846 0.26472903625558 0.359514575224671 0.397005888067809 0.385468278784064 0.392421829342906 0.428007604301289 0.45032951527977 0.460914835683693 0.466433681496115 0.471111731427224 0.474243173420894 0.476388776897928 0.478990533587596
-9999 -9999 -9999 -9999 -9999 -9999 -9999 -9999 -9999 -9999 -9999 -9999 -9999 -9999 -9999 -9999 -9999 -9999 -9999 -9999 -9999 -9999 0.47061767272198 0.460347038656166 0.449615027237663 0.389338158471896 0.192629542340111 0.041953104785211 0.0272796206195759 0.0364193171160369 0.0669258563374202 0.0696889728436112 0.0679345822448949 0.0777150276729887 0.0730831827590472 0.0628002385921828 0.0465178680207208 0.0338153626395181 0.0694820451485263 0.138386187634759 0.14554672855442 0.142452673779923 0.14878093808858 0.195823054408579 0.303027675313573 0.37086156906785 0.420879194798276 0.415747785760119 0.421786423270652 0.447357367183481 0.462365188647187 0.46931551186845 0.473952155667082 0.476866853525802 0.478781480410871 0.481280903725583 0.483722431180536
-9999 -9999 -9999 -9999 -9999 -9999 -9999 -9999 -9999 -9999 -9999 -9999 -9999 -9999 -9999 -9999 -9999 -9999 -9999 -9999 -9999 -9999 0.466387276600244 0.459427007274268 0.455988047045062 0.404565635822271 0.209023656793056 0.027785104533265 0.000517719291195146 0.0123679658861136 0.0271592166934719 0.052617706215513 0.0615476641860817 0.0559529038260958 0.0587454686692439 0.0534092344063569 0.0266186001971168 0.0114076498638979 0.0235041991452663 0.0674759460095302 0.109083646256451 0.136312116611583 0.142542044338512 0.177398160874864 0.275662613380501 0.335859405878253 0.401257908745615 0.444983462519602 0.456534216752987 0.468247072552933 0.470383073016322 0.476203008867957 0.480737552109006 0.482524338188948 0.483440375796172 0.484985349960064 0.487475297366335
-9999 -9999 -9999 -9999 -9999 -9999 -9999 -9999 -9999 -9999 -9999 -9999 -9999 -9999 -9999 -9999 -9999 -9999 -9999 -9999 -9999 -9999 0.462407539084216 0.464806440006595 0.467278112983851 0.423494157697786 0.252909813856637 0.0677871758409966 0.0153106278121635 0.0336722216595791 0.0403630095276588 0.028134032832243 0.0366029289114173 0.0520009674022313 0.0565735756916603 0.042566811939921 0.0144686834781783 0.00298499543210399 0.0220518356285273 0.0652106415865776 0.104354600518356 0.122314119460394 0.141402102465148 0.191235941213567 0.248435699327417 0.302974755264091 0.383744099060934 0.430780682968745 0.462036502673967 0.479534744801398 0.479949161739088 0.48440757697179 0.487473751117093 0.488250441026729 0.488848080584606 0.489757528213524 0.491200474347376
-9999 -9999 -9999 -9999 -9999 -9999 -9999 -9999 -9999 -9999 -9999 -9999 -9999 -9999 -9999 -9999 -9999 -9999 -9999 -9999 -9999 -9999 0.458921433312867 0.46655828615496 0.475538903620653 0.438288620909476 0.271147442411491 0.0928607883213329 0.0560142993088711 0.0302173564552892 0 0 0.00174861358144193 0.0363578727293187 0.0482230499303824 0.0223203431557305 0 0 0.0298909132074647 0.101277888358984 0.128552495876557 0.0880040063509964 0.0909527823985885 0.203051764962716 0.281678404887722 0.319737940280077 0.369349440973331 0.39185617036678 0.444936885034881 0.478451873268073 0.485546082779315 0.49197251434426 0.49257841117588 0.493099216834533 0.493474573345832 0.493791268002374 0.494226483317758
-9999 -9999 -9999 -9999 -9999 -9999 -9999 -9999 -9999 -9999 -9999 -9999 -9999 -9999 -9999 -9999 -9999 -9999 -9999 -9999 -9999 -9999 0.452965448910875 0.456534033235835 0.455429444715374 0.428269271723884 0.27303120011712 0.106213014882094 0.0381113280078387 0 0.00427856950708354 0 0 0.0211639139195414 0.0337851589453494 0.00215474707375726 0 0 0.0370431426951518 0.0947297168108045 0.0921642279509804 0.0781954615094193 0.0966287991302381 0.216909040677874 0.305689673497017 0.354500740022593 0.384632542119075 0.407709992892038 0.447680752543683 0.478818881839135 0.489935852955833 0.49355466530033 0.493927095405612 0.494520739636477 0.495089701663514 0.495588439174358 0.496140714542269
-9999 -9999 -9999 -9999 -9999 -9999 -9999 -9999 -9999 -9999 -9999 -9999 -9999 -9999 -9999 -9999 -9999 -9999 -9999 -9999 -9999 -9999 0.405200301891515 0.402774978045298 0.406772141131211 0.402025124346913 0.25453567371737 0.110535418735027 0.0752503365312767 0.0250362208631017 0 0 0 0.00480035534313359 0 0 0 0.0121412004011985 0.0337216860091798 0.057636385441679 0.0777669817396701 0.0726724059941977 0.104328451754829 0.207196376609238 0.314207832990405 0.393730416853632 0.3970194732195 0.432318825684808 0.46923548517937 0.487417416650117 0.495328167118953 0.496982296024358 0.496765262665105 0.4969038348955 0.497142515187432 0.497498386681984 0.498029363326148
-9999 -9999 -9999 -9999 -9999 -9999 -9999 -9999 -9999 -9999 -9999 -9999 -9999 -9999 -9999 -9999 -9999 -9999 -9999 -9999 -9999 -9999 0.370033679195033 0.363420941945872 0.397128226939108 0.395685024480059 0.266504813687004 0.130741747270486 0.087014845044259 0.0492269351337835 0.00435353806575138 0 0 0 0 0 0 0.0240650105816712 0.0494867862954048 0.0617548778846893 0.0601421966867593 0.0380056792975773 0.0843054516509446 0.225108684378726 0.340793305300186 0.417149387237673 0.438231049923224 0.456852006033772 0.482309127785282 0.492512828911287 0.498367242857828 0.499958089794405 0.499650454405266 0.499338653609716 0.499412977903913 0.499790608708674 0.500335423951803
-9999 -9999 -9999 -9999 -9999 -9999 -9999 -9999 -9999 -9999 -9999 -9999 -9999 -9999 -9999 -9999 -9999 -9999 -9999 -9999 -9999 -9999 0.388743874836196 0.384509226439577 0.393402333835312 0.392545053682143 0.282028345009752 0.191823442180351 0.19772766474775 0.16055104018286 0.0820299620635083 0 0 0 0 0 0 0.033579051205425 0.0424885147843187 0.0644342406124464 0.0544626872918969 0.0351329084345302 0.0709571689521273 0.229104622862138 0.391449469786312 0.434481239968799 0.445339529375778 0.466983334428399 0.490847326062715 0.496249984335312 0.500724890658227 0.501919073732923 0.501597538375638 0.501292783046518 0.501322228590498 0.501415928907743 0.501600973000324
-9999 -9999 -9999 -9999 -9999 -9999 -9999 -9999 -9999 -9999 -9999 -9999 -9999 -9999 -9999 -9999 -9999 -9999 -9999 -9999 -9999 -9999 0.379674522333815 0.370362774273295 0.384264053381121 0.387278075292878 0.308759842505673 0.237160856697911 0.210519540569815 0.138638168278318 0.0539390825011939 0 0 0 0 0 0 0.00658774929962097 0.037384072215613 0.0682929654721392 0.0560242222108281 0.056999634921307 0.141684998776424 0.291710396647828 0.419740883057002 0.462555873803641 0.475253770773465 0.481774291027187 0.498505043791396 0.501895170755888 0.504150511895224 0.504613276220542 0.503938080362339 0.503193095174932 0.503053880762485 0.503265705916539 0.50339330243056
-9999 -9999 -9999 -9999 -9999 -9999 -9999 -9999 -9999 -9999 -9999 -9999 -9999 -9999 -9999 -9999 -9999 -9999 -9999 -9999 -9999 -9999 0.402140818938759 0.381977433239944 0.375119828076369 0.37698390046651 0.307654269723118 0.225701292133498 0.186639572656217 0.152392897869158 0.116232992906604 0.0222401291730879 0 0 0 0 0 0 0.0196192506216588 0.0787868258957649 0.0624970304503635 0.0987126076847009 0.202769541754928 0.321073678049537 0.438114165801078 0.467299417480388 0.484388774114166 0.495673799334918 0.505452457304013 0.507060915179308 0.507392746220741 0.506807362450606 0.505948862545664 0.505267758480762 0.504774188764685 0.504737227027295 0.505028167537438
-9999 -9999 -9999 -9999 -9999 -9999 -9999 -9999 -9999 -9999 -9999 -9999 -9999 -9999 -9999 -9999 -9999 -9999 -9999 -9999 -9999 -9999 0.415074161608367 0.399016532194636 0.378923920189419 0.367298053156788 0.294401016459516 0.219369106704542 0.19567802528369 0.197121834823263 0.21926195672202 0.109826005531454 0 0 0 0 0 0 0.0108301112140254 0.0695050659681571 0.065986908041122 0.0218169345372555 0.0552975713776371 0.271956656642748 0.448279971097868 0.485741451104244 0.48928904260107 0.503650734191063 0.509107644053963 0.509347339773853 0.508899223676194 0.508089316099681 0.507288357527336 0.506508750009011 0.506014827284768 0.505804492843877 0.505898060433164
-9999 -9999 -9999 -9999 -9999 -9999 -9999 -9999 -9999 -9999 -9999 -9999 -9999 -9999 -9999 -9999 -9999 -9999 -9999 -9999 -9999 -9999 0.487866600128677 0.402515737538285 0.379646888812468 0.36090697166047 0.301540103072538 0.199185939325697 0.165837696002532 0.218099573563816 0.253468735370339 0.140850446384375 0 0 0 0 0 0 0.0437502785661407 0.0628872644387719 0.0548481916072713 0.065535946592433 0.0747546997593574 0.241883397895128 0.443619458855379 0.491615508941327 0.501262062079343 0.50797490485413 0.509102431753927 0.50947346456847 0.50926451954033 0.508859255881586 0.508296533780437 0.507606055850403 0.507325906452145 0.506962330135759 0.506670681358097
-9999 -9999 -9999 -9999 -9999 -9999 -9999 -9999 -9999 -9999 -9999 -9999 -9999 -9999 -9999 -9999 -9999 -9999 -9999 -9999 -9999 0.548492038432729 0.487774895172003 0.40861995947224 0.392933969191804 0.357248909294049 0.273751109654984 0.193287032421926 0.19035358521613 0.231508486395046 0.256888167750734 0.161767672345962 0.00706711234873683 0 0 0.000600928802180399 0.0136361176187155 0.0191395838233373 0.0528066692416713 0.0633187019016892 0.0645796297578513 0.08037608414716 0.141144457627334 0.281542620532176 0.428013448238448 0.497322667027961 0.503289673152134 0.504935508872277 0.508508763834444 0.509428661994524 0.509333234559732 0.50904444637244 0.508828181119786 0.508385388632094 0.508009468707394 0.507750144931569 0.50760387869899
-9999 -9999 -9999 -9999 -9999 -9999 -9999 -9999 -9999 -9999 -9999 -9999 -9999 -9999 -9999 -9999 -9999 -9999 -9999 -9999 -9999 -9999 0.504629730254932 0.448108497433148 0.419795990413396 0.358387827004905 0.286334362164946 0.2435989505262 0.234713082717627 0.24349000845724 0.256575536541471 0.162991501137018 0.0120915502099813 0 0 0 0.0176222556968032 0.0299827843247507 0.0755940036994155 0.0840352924999525 0.0709851268352156 0.123364494383805 0.273346152427717 0.409119601150338 0.47088875248069 0.494651394780112 0.491087277701293 0.497600669720451 0.508177444562531 0.510016801472286 0.509699278258668 0.509529322471818 0.509378070218357 0.508914844453425 0.508630380661584 0.508517653004266 0.508387558860176
-9999 -9999 -9999 -9999 -9999 -9999 -9999 -9999 -9999 -9999 -9999 -9999 -9999 -9999 -9999 -9999 -9999 -9999 -9999 -9999 -9999 -9999 0.483225679208731 0.44988419242492 0.433370783956867 0.378285104773863 0.28546326459008 0.2420764634358 0.236117994006645 0.234081699750357 0.248073839439195 0.164368024736082 0 0 0 0 0.0180495827626405 0.0319842391410044 0.0734595913293763 0.0697162557161933 0.0641496606850157 0.175678283114078 0.337683947309659 0.438010510384185 0.481688256198216 0.476610298976864 0.483878035218994 0.498154727427798 0.509198848153982 0.510334855924345 0.509854752570499 0.509618209492284 0.509432543422008 0.509034329214122 0.508703669614837 0.508483810480842 0.508392720130152
-9999 -9999 -9999 -9999 -9999 -9999 -9999 -9999 -9999 -9999 -9999 -9999 -9999 -9999 -9999 -9999 -9999 -9999 -9999 -9999 -9999 0.497244563303413 0.481311146568749 0.461373867225906 0.459688124924808 0.399482078356872 0.282905748272712 0.215034465779962 0.196962322034243 0.172094331408552 0.178175772385112 0.114916704694264 0.00838862983478543 0 0 0.0109176869306061 0 0 0.0255830772689607 0.0104109445816985 0.064467110197926 0.238879867187901 0.38189687531665 0.450001006864487 0.426531765433828 0.39049527384655 0.460394012376124 0.498363713847138 0.508728074112993 0.510383243296499 0.5101826156081 0.509605385501799 0.509365022805899 0.509179736128321 0.508910501730743 0.508660587861609 0.508441288319141
-9999 -9999 -9999 -9999 -9999 -9999 -9999 -9999 -9999 -9999 -9999 -9999 -9999 -9999 -9999 -9999 -9999 -9999 -9999 -9999 -9999 0.47538225675689 0.448865647341165 0.418551054171747 0.426330049874863 0.387236044535503 0.27934385635329 0.166926912885904 0.126147322061916 0.135841506830275 0.11476914992973 0.0310835482429503 0.0131671992714483 0.0326051964830012 0 0 0 0 0.00400427848055978 0.0605703918665489 0.100974662374146 0.24083045731788 0.398878576723654 0.436004375540968 0.420076838729613 0.373369822540056 0.441359404175248 0.498667908430059 0.506375481351097 0.508466570667454 0.508917753510212 0.5088927338719 0.509159066354208 0.509111697751846 0.509038899661847 0.508837046735311 0.508734435569296
-9999 -9999 -9999 -9999 -9999 -9999 -9999 -9999 -9999 -9999 -9999 -9999 -9999 -9999 -9999 -9999 -9999 -9999 -9999 -9999 -9999 0.466868455345649 0.41125592752515 0.366820218966313 0.39764398327803 0.359701316931945 0.232509276858753 0.136325037506769 0.103331294994712 0.0672682907389723 0.0250669511104324 0 0.022172962301335 0.0650918924936438 0.042650780552987 0 0 0 0 0.0593084712508937 0.12145233159557 0.231038519395081 0.413219916792839 0.447457965510703 0.388645631081608 0.369215976620478 0.466009462035388 0.497445985312635 0.503895384635213 0.506219650725619 0.506958845483114 0.507318608778249 0.508045737331441 0.508567871511095 0.508814768759442 0.508727930668862 0.508448184513502
