layers/veg/veg3000.asc
NCOLS 255 
NROWS 330 
XLLCORNER -2985163.8955 
YLLCORNER -3022031.214 
CELLSIZE 25000 
NODATA_value -9999 
[rows 200 to 224 of 330, columns 114 to 170 of 255]
0.462400598842467 0.458658115660396 0.45340611986578 0.447505047868778 0.442580937095357 0.436655588567468 0.428982051100311 0.42196549288841 0.412934114965919 0.400232270161124 0.389068647266482 0.378948818785365 0.366161277501755 0.356753308962443 0.347229238398454 0.332045565623717 0.318605957149123 0.304482114373792 0.284343594693623 0.270637608009212 0.266054337634747 0.260434157197183 0.255421579974479 0.259482722026319 0.271431334188689 0.281602097351354 0.299151026512967 0.322975633619936 0.342231764714309 0.361858795443717 0.382768506142474 0.398722114473294 0.411470406416183 0.426678932077184 0.437670271040028 0.43987442501385 0.435765205970659 0.424431124321602 0.40624641945507 0.382333212738575 0.365739852487928 0.364319985249287 0.367804167833547 -9999 -9999 -9999 -9999 -9999 -9999 -9999 -9999 -9999 -9999 -9999 -9999 -9999 -9999
0.459505225954063 0.455958760183712 0.451145405959809 0.445815361236355 0.441114407774837 0.435066195722934 0.427245843082885 0.420162070870713 0.410515351108542 0.398010392808266 0.387335286984646 0.377299843462347 0.365621486152282 0.355635772729064 0.345027719734551 0.329833997713109 0.315799332439031 0.302995852379233 0.286197278048315 0.269987408528629 0.261986094711581 0.257605561554664 0.251141276913186 0.257746314333891 0.273929708952626 0.283511291335543 0.298538292383318 0.315020433972242 0.329052689509743 0.349644348115956 0.373118161357097 0.38952010094675 0.402951857552519 0.414767125589013 0.41717911015206 0.417780802420669 0.421744344295619 0.417087942018683 0.401853203025053 0.387943363371307 0.379953562222599 0.377317428561596 -9999 -9999 -9999 -9999 -9999 -9999 -9999 -9999 -9999 -9999 -9999 -9999 -9999 -9999 -9999
0.456606380821467 0.453342707326242 0.448777881408016 0.444573774864979 0.440100893897027 0.432506187161666 0.424455593763548 0.416579072712151 0.406824244217422 0.395092002917515 0.384927392035949 0.375553212546136 0.365403354246488 0.35404422582075 0.339821966474339 0.325382066560412 0.312606163402895 0.297789756021432 0.284583415023819 0.274648714660855 0.262587283159141 0.256942787612254 0.259452544372572 0.26681261574973 0.276078231141016 0.283766270531977 0.287355514582537 0.288871308864957 0.302515692099762 0.32984564646173 0.3503090679287 0.354032921963477 0.366418398164041 0.378102682116455 0.374923597699876 0.384068941333724 0.402253791925462 0.411950262795906 -9999 0.392653879766197 0.385118195400287 0.38237811242837 -9999 -9999 -9999 -9999 -9999 -9999 -9999 -9999 -9999 -9999 -9999 -9999 -9999 -9999 -9999
0.453986329974197 0.451387056836679 0.447016073383089 0.442846746862351 0.438669477062102 0.430144525295498 0.420592003874029 0.412925739677758 0.404750003146681 0.393378270099754 0.383203907659636 0.374156222566556 0.363410908753333 0.353003210006051 0.33991385639914 0.322739939742165 0.307997053262196 0.293145026366172 0.280317609746765 0.272996794880502 0.260544921550047 0.257247838488849 0.265187925000932 0.271463250325476 0.276574081887459 0.279969994800243 0.278854774751435 0.285793015522724 0.300898078939331 0.317637282908216 0.335702340251584 0.334009353163309 0.343863738292051 0.365495265881891 0.374867809964365 0.386843516334884 0.401140084183515 0.407357166127958 -9999 0.391815613835747 0.389277983535719 -9999 -9999 -9999 -9999 -9999 -9999 -9999 -9999 -9999 -9999 -9999 -9999 -9999 -9999 -9999 -9999
0.452759398976084 0.450402077015346 0.44656406854462 0.442335113710474 0.437396934429693 0.427955740947727 0.418623218086592 0.411659515011067 0.402776946752577 0.392191643620502 0.383524206909387 0.374491382160252 0.363562867497958 0.354618697578236 0.343543267416205 0.328312954977445 0.31234073049455 0.295419644599948 0.277420868547978 0.26548273644594 0.25745092645921 0.256616212869114 0.265379211815408 0.270861345976786 0.275037399814498 0.273932339672565 0.272806808465444 0.284432015854002 0.303745443233941 0.31703029108748 0.33375931192812 0.344429405683002 0.358482356525909 0.377896439656973 0.380950790563214 0.390270061234802 0.39821587904893 -9999 0.393968597032685 0.39396280998708 -9999 -9999 -9999 -9999 -9999 -9999 -9999 -9999 -9999 -9999 -9999 -9999 -9999 -9999 -9999 -9999 -9999
0.450937198021558 0.448560075481179 0.445475404243459 0.441291449215783 0.435058685392463 0.425082081286841 0.415855645488849 0.408980582002616 0.401103582753295 0.391389806897304 0.382624869289639 0.37431910527317 0.364100066504313 0.353144442010178 0.340743434501465 0.327705113024664 0.316707244406461 0.302154975334757 0.28158003246286 0.267481984938872 0.267661824658413 0.270188171641052 0.269129568446742 0.271453578175199 0.275738074498499 0.276197247143575 0.272834717934453 0.277227641946427 0.290544098593919 0.308367241903417 0.325380312822423 0.333491619070729 0.345023362957099 0.367387723990415 0.381102418059195 0.388078563861863 0.393713991032578 -9999 0.392811432608791 0.39407287012829 -9999 -9999 -9999 -9999 -9999 -9999 -9999 -9999 -9999 -9999 -9999 -9999 -9999 -9999 -9999 -9999 -9999
0.449220899800557 0.446738921917757 0.443957715662144 0.439876381624601 0.431757762655473 0.420428029660241 0.412439203970742 0.406973100651104 0.400244154667518 0.390934054262507 0.382007823470171 0.374514991963667 0.364984107901497 0.354250910030945 0.341137867743177 0.326428762646024 0.316369414057806 0.302808482502151 0.28093805590549 0.272470449351493 0.277252910067358 0.27660471084535 0.274349591041334 0.27233110933464 0.273711459849275 0.279424875602638 0.279720680300908 0.27707141522757 0.28405620700892 0.298115763073864 0.307064836695822 0.310678276265575 0.325600094420034 0.35185557593115 0.372497239869805 0.379208655956921 -9999 0.39131641423463 0.391370554024886 -9999 -9999 -9999 -9999 -9999 -9999 -9999 -9999 -9999 -9999 -9999 -9999 -9999 -9999 -9999 -9999 -9999 -9999
0.448261124519053 0.445879849746178 0.442553612113033 0.43759630632625 0.427792871598545 0.417325445814169 0.412142430640859 0.40762975969317 0.40087507228845 0.391095798875768 0.382041562667901 0.374703754956446 0.36481500225252 0.354730923571148 0.342961118634378 0.325048176427497 0.3096109905667 0.299141364151002 0.287616623567349 0.282457504033423 0.282124238103097 0.278909953479714 0.274993909581263 0.271846040809015 0.274880277657154 0.280191952936452 0.284272276882653 0.289994684535494 0.291091954636683 0.290094793560094 0.302050920889067 0.316775603360638 0.332365029631327 0.356988865123534 0.370608629870216 -9999 -9999 -9999 0.390340903773673 -9999 -9999 -9999 -9999 -9999 -9999 -9999 -9999 -9999 -9999 -9999 -9999 -9999 -9999 -9999 -9999 -9999 -9999
0.446477250340821 0.44421551804411 0.439242175995346 0.430891899477396 0.423566044401344 0.416047332349072 0.410368653144882 0.405804867914436 0.400088250080963 0.391243664359264 0.382329461531215 0.37620913728733 0.366282466582265 0.353505725617666 0.341601528152875 0.327068508139178 0.312756791847438 0.299656942033408 0.286886594358397 0.284018143842688 0.285878325544795 0.282414952356739 0.277924093621333 0.273386764891043 0.274300037266154 0.278135568148032 0.28126834622781 0.289594045202334 0.286397018371629 0.287971183945789 0.309944210452857 0.32649691679563 0.341636492247585 0.351071719599476 -9999 -9999 -9999 -9999 -9999 -9999 -9999 -9999 -9999 -9999 -9999 -9999 -9999 -9999 -9999 -9999 -9999 -9999 -9999 -9999 -9999 -9999 -9999
0.44507539995048 0.442799143970614 0.438966392366089 0.430045646071019 0.420993734143295 0.41523174512106 0.410065119071639 0.404569862427142 0.398994968519107 0.391136072377163 0.383315993856164 0.377218811128682 0.367461867668989 0.355845514784191 0.346062546428611 0.334295856811756 0.319794616625639 0.305590476724608 0.293910830994707 0.286614941894072 0.285489773451958 0.283979637470249 0.28032676388435 0.277113947142225 0.276105680322767 0.276387146285688 0.278978281326635 0.287215388584467 0.288999135515755 0.289974044231687 0.307101273458466 0.32723756580232 0.341202564832516 0.351298260323731 0.359186812975067 0.364320618558252 -9999 -9999 -9999 -9999 -9999 -9999 -9999 -9999 -9999 -9999 -9999 -9999 -9999 -9999 -9999 -9999 -9999 -9999 -9999 -9999 -9999
0.442566716971913 0.441349352233382 0.43886489299143 0.430804172831448 0.420879641329065 0.415662385118945 0.410244239935586 0.40408280410064 0.399165014857295 0.392136660932554 0.384699730014412 0.378161914697182 0.366624366705112 0.354202456311747 0.345524029921678 0.33309497233781 0.322178044926327 0.312204819541621 0.297557810779592 0.29142506066734 0.289627410059963 0.284020742089043 0.279859216360896 0.275534727063673 0.27286386283565 0.272115652377751 0.273029061974452 0.280076369901895 0.287745693192515 0.295469233810227 0.313144140356241 0.328494716691906 0.337707577308402 0.348562836736983 0.354928189482958 -9999 -9999 -9999 -9999 -9999 -9999 -9999 -9999 -9999 -9999 -9999 -9999 -9999 -9999 -9999 -9999 -9999 -9999 -9999 -9999 -9999 -9999
0.438335553915956 0.43780167270786 0.436472884921585 0.432173345812338 0.424402157059933 0.41657886883064 0.410373197383931 0.404517158409319 0.399423305209521 0.392693806007571 0.385779388705122 0.379303134624407 0.368524982660688 0.356518440445766 0.34586906426545 0.333411942318904 0.320752622008988 0.311957573091051 0.302612095549888 0.2952520286972 0.29128368151312 0.283298727003357 0.276534057364708 0.271935160215654 0.267620163952441 0.265834452939128 0.26974407791894 0.276475358687342 0.286104443359327 0.297450483120723 0.310396526038697 0.322320033385851 0.331116787598892 0.335017588610145 -9999 -9999 -9999 -9999 -9999 -9999 -9999 -9999 -9999 -9999 -9999 -9999 -9999 -9999 -9999 -9999 -9999 -9999 -9999 -9999 -9999 -9999 -9999
0.433920996051361 0.434187047738112 0.433961850790827 0.431890514728226 0.426370312936229 0.417915212283918 0.41105782427932 0.405530907323087 0.399837572880845 0.393072132342952 0.38661923327363 0.380852286922691 0.369808562662949 0.358147518578314 0.348986658909771 0.337514372769606 0.325987674428638 0.317757380429555 0.309013048726584 0.300840904469223 0.292646476414576 0.281610949147255 0.271727293626115 0.262745034035167 0.255159337725184 0.25455346422896 0.264327451503162 0.274323582476859 0.28263860391965 0.294920407024096 0.306574796054774 0.316782786973952 0.324676044758615 0.329030590843221 -9999 -9999 -9999 -9999 -9999 -9999 -9999 -9999 -9999 -9999 -9999 -9999 -9999 -9999 -9999 -9999 -9999 -9999 -9999 -9999 -9999 -9999 -9999
0.432083425484141 0.43218023841372 0.431403184687648 0.430166195198648 0.426647704624724 0.420375491875855 0.413775653992607 0.407911349806175 0.4011052624089 0.393652876026452 0.387668237556683 0.382509294085188 0.371831895416988 0.360076424882105 0.351783301245538 0.339447515154448 0.329454010584495 0.321222462519669 0.309564925125267 0.298936814657541 0.288905596896146 0.278067615517304 0.266488003160695 0.256241738503029 0.246030737066121 0.247529720520513 0.261459976131971 0.274181915562426 0.282327345834749 0.291321441929163 0.30286183785807 0.312810012753226 0.316582288263805 -9999 -9999 -9999 -9999 -9999 -9999 -9999 -9999 -9999 -9999 -9999 -9999 -9999 -9999 -9999 -9999 -9999 -9999 -9999 -9999 -9999 -9999 -9999 -9999
0.428316581656464 0.42721330564397 0.427041570551786 0.42683846001277 0.424697940501232 0.420089812319414 0.415015070779913 0.410144452025283 0.403706179993039 0.395274900268923 0.38914760833876 0.383217806556336 0.371611550128087 0.361018292204949 0.352690859479108 0.341750203734245 0.331470359234915 0.320685259071641 0.308070851135929 0.29705542244333 0.285871215038529 0.272161810084381 0.259433454348502 0.255698165210134 0.257170869226302 0.25585594305158 0.259929357847692 0.269649596733606 0.276906223214628 0.285787101999059 0.297610900228051 0.309386740795422 0.315191819256033 -9999 -9999 -9999 -9999 -9999 -9999 -9999 -9999 -9999 -9999 -9999 -9999 -9999 -9999 -9999 -9999 -9999 -9999 -9999 -9999 -9999 -9999 -9999 -9999
0.425250367891815 0.42412194892976 0.423326533798745 0.422332460539112 0.420922398552977 0.41860109571417 0.414701425758913 0.410688979358129 0.405270197692632 0.397931719121601 0.393855104492618 0.376913240683966 0.371072035220822 0.359743783947968 0.350073710810221 0.338416213659961 0.329334517850018 0.323246514273919 0.312020534862342 0.29961569985843 0.288149395072642 0.273489664061574 0.256447698032404 0.251693998658244 0.257698966539136 0.259530512813878 0.26080029916597 0.264813398657549 0.271747408336074 0.280975382734179 0.294262553426492 0.302636676014102 -9999 -9999 -9999 -9999 -9999 -9999 -9999 -9999 -9999 -9999 -9999 -9999 -9999 -9999 -9999 -9999 -9999 -9999 -9999 -9999 -9999 -9999 -9999 -9999 -9999
0.422988578822658 0.421857889554064 0.420671960140328 0.419473812872568 0.418329827686895 0.416621900333043 0.414035218389289 0.410407391143199 0.405390182531993 0.398645975671898 0.393156190537912 0.384773344950662 0.370708356505321 0.359346144043972 0.35062894929419 0.339669609261013 0.330007876057646 0.322738667505333 0.312926442817764 0.302518865114305 0.290022871824962 0.273451436999013 0.256532692500375 0.250215034629288 0.254885916682248 0.257905052811063 0.258509758596417 0.26217801485584 0.269729650500372 0.279634459166706 0.285454591290109 -9999 -9999 -9999 -9999 -9999 -9999 -9999 -9999 -9999 -9999 -9999 -9999 -9999 -9999 -9999 -9999 -9999 -9999 -9999 -9999 -9999 -9999 -9999 -9999 -9999 -9999
0.420182893863187 0.41893284137669 0.417721184985867 0.416356808195498 0.414601185564741 0.412942064112396 0.411373672528748 0.409038377685922 0.405116734520587 0.399140983499246 0.393653458403389 0.385145944885288 0.371499299168305 0.359762222016706 0.349840106513768 0.338623442033956 0.330348839593028 0.322909518091075 0.313491404341703 0.305124249568895 0.292117055478181 0.274900963427866 0.266447087300912 0.265693035156126 0.262518490894236 0.25995133833452 0.258066590708114 0.262989966519002 0.270017376328607 0.277201919278803 0.282247161711132 -9999 -9999 -9999 -9999 -9999 -9999 -9999 -9999 -9999 -9999 -9999 -9999 -9999 -9999 -9999 -9999 -9999 -9999 -9999 -9999 -9999 -9999 -9999 -9999 -9999 -9999
0.416581717171755 0.41600222401072 0.415284836259024 0.413861423887934 0.413023621884943 0.411821491272873 0.409541959301487 0.407247496965378 0.404052303804067 0.399053044966241 0.394206364501998 0.386370411809321 0.373677000245585 0.362710604249142 0.353350655691833 0.34178917954805 0.335545167976409 0.331142849174534 0.321570913464584 0.313358385002552 0.300994583462578 0.282163944892969 0.270285360341581 0.267928136434594 0.266216564995551 0.265760137723369 0.264270972594974 0.269184376975235 0.27630375440528 -9999 -9999 -9999 -9999 -9999 -9999 -9999 -9999 -9999 -9999 -9999 -9999 -9999 -9999 -9999 -9999 -9999 -9999 -9999 -9999 -9999 -9999 -9999 -9999 -9999 -9999 -9999 -9999
0.415062642009846 0.414306313946535 0.413857778362313 0.412845285124584 0.411292295328631 0.409151763938571 0.407261158786999 0.405517269876739 0.402410604505362 0.398590057221154 0.394675808262087 0.387161810523968 0.377526479718226 0.368490145344296 0.359837996033625 0.352120251406747 0.344888826124677 0.338278546626723 0.327177888333731 0.317605352848589 0.30911558251239 0.294653377037824 0.272934465428048 0.265485733194888 0.272102853692909 0.269187357429389 0.269675461924806 0.277346946039122 0.282754570734809 -9999 -9999 -9999 -9999 -9999 -9999 -9999 -9999 -9999 -9999 -9999 -9999 -9999 -9999 -9999 -9999 -9999 -9999 -9999 -9999 -9999 -9999 -9999 -9999 -9999 -9999 -9999 -9999
0.412285526523857 0.411775630640356 0.410933970124561 0.409981682232645 0.408710800918416 0.406883238003816 0.40487628805773 0.40323358619962 0.401115669961134 0.398112063768894 0.395095692169933 0.393981993474679 -9999 0.374519808334162 0.369152555285237 0.361321651606215 0.354221874574339 0.34778012924716 0.339105802157623 0.329567061986427 0.319985937309448 0.303712926872368 0.284948687945782 0.275301820927733 0.275731106731974 0.2829564509604 0.288183776865438 0.289447704080278 -9999 -9999 -9999 -9999 -9999 -9999 -9999 -9999 -9999 -9999 -9999 -9999 -9999 -9999 -9999 -9999 -9999 -9999 -9999 -9999 -9999 -9999 -9999 -9999 -9999 -9999 -9999 -9999 -9999
0.408661166533781 0.408322691953619 0.40814631278536 0.407841290848955 0.4069522201608 0.405949631563622 0.404711602494193 0.403029271449054 0.40072085450476 0.398011295440623 0.39551214691921 0.392693295704874 -9999 -9999 -9999 -9999 -9999 0.355166129188061 0.346287378783719 0.337811997985888 0.330774198575388 0.313855344242113 0.301888224496669 0.305523452404902 0.305557066648699 0.305523192362038 0.305888658887679 -9999 -9999 -9999 -9999 -9999 -9999 -9999 -9999 -9999 -9999 -9999 -9999 -9999 -9999 -9999 -9999 -9999 -9999 -9999 -9999 -9999 -9999 -9999 -9999 -9999 -9999 -9999 -9999 -9999 -9999
0.405702594615068 0.405835621737049 0.406267138182702 0.406382219625789 0.405844180144111 0.40491537208082 0.403803511985935 0.402535193568482 0.400469871146636 0.398201991681131 0.395950186112016 0.39275315894815 0.389485851120124 0.386751627322118 0.384422485861675 -9999 -9999 -9999 0.349738003008774 0.344471821362451 0.343659089471654 -9999 0.320082495206726 0.320106958950831 0.317016388440932 -9999 -9999 -9999 -9999 -9999 -9999 -9999 -9999 -9999 -9999 -9999 -9999 -9999 -9999 -9999 -9999 -9999 -9999 -9999 -9999 -9999 -9999 -9999 -9999 -9999 -9999 -9999 -9999 -9999 -9999 -9999 -9999
0.401187771513268 0.40218181731752 0.403160355779159 0.403441538222391 0.403526524478507 0.403507783520381 0.403025870527664 0.402175274256199 0.400611913811571 0.398368651581752 0.396304533720809 0.393863059152656 0.390315622048477 0.387035537524616 0.384665014009404 0.384115593699561 -9999 -9999 -9999 -9999 -9999 -9999 -9999 -9999 -9999 -9999 -9999 -9999 -9999 -9999 -9999 -9999 -9999 -9999 -9999 -9999 -9999 -9999 -9999 -9999 -9999 -9999 -9999 -9999 -9999 -9999 -9999 -9999 -9999 -9999 -9999 -9999 -9999 -9999 -9999 -9999 -9999
0.396084571958179 0.397351063959743 0.39900201517114 0.40002754649134 0.400821833072849 0.401717415093901 0.401953230575916 0.401824715690402 0.400987587351472 0.399256290830755 0.397473659029339 0.395786160424854 0.393208218992267 0.390114479209776 0.387332944055603 0.386412874791007 -9999 -9999 -9999 -9999 -9999 -9999 -9999 -9999 -9999 -9999 -9999 -9999 -9999 -9999 -9999 -9999 -9999 -9999 -9999 -9999 -9999 -9999 -9999 -9999 -9999 -9999 -9999 -9999 -9999 -9999 -9999 -9999 -9999 -9999 -9999 -9999 -9999 -9999 -9999 -9999 -9999
