layers/veg/veg3800.asc
NCOLS 255 
NROWS 330 
XLLCORNER -2985163.8955 
YLLCORNER -3022031.214 
CELLSIZE 25000 
NODATA_value -9999 
[rows 250 to 274 of 330, columns 57 to 113 of 255]
-9999 -9999 -9999 -9999 -9999 -9999 -9999 -9999 -9999 -9999 -9999 -9999 -9999 -9999 -9999 0.648102393818279 0.648488191797708 0.646026173217621 0.642076389017034 0.617151307392098 0.593086914387166 0.570781428927617 0.552269702144178 0.53583159471162 0.529894401589115 0.522719345523589 0.511424741356425 0.499806219062825 0.487972350644471 0.473524201700863 0.459112633509589 0.445565033604312 0.432031940627293 0.41851049117837 0.405157064233099 0.391755377561465 0.378045148014645 0.364358019275646 0.350693189551832 0.337733643823798 0.324942220970119 0.312271422456761 0.300562194474428 0.289968616385263 0.270711130729481 0.250157758720846 0.239932603339987 0.230259168784933 0.221357104251098 0.212897801664874 0.204664703484759 0.197620220820666 0.191063517357905 0.185333535249979 -9999 -9999 -9999
-9999 -9999 -9999 -9999 -9999 -9999 -9999 -9999 -9999 -9999 -9999 -9999 -9999 -9999 -9999 0.675095154936239 0.667224911717176 0.671003458798924 0.679593840684666 0.654296297635637 0.628737815430197 0.602646076666661 0.580960438952473 0.561683118998558 0.555075090230018 0.547041074432696 0.534208136039512 0.521684343487789 0.509366076201583 0.495371778487224 0.481191165360281 0.466888077719983 0.452460992728324 0.437934385176219 0.424578730612301 0.411180196964767 0.39687591854468 0.382588751550309 0.368318102071032 0.354809339195624 0.341539318263427 0.328736763973377 0.317163700793506 0.307017138927334 0.30635253123355 -9999 -9999 -9999 -9999 -9999 -9999 -9999 -9999 -9999 -9999 -9999 -9999
-9999 -9999 -9999 -9999 -9999 -9999 -9999 -9999 -9999 -9999 -9999 -9999 -9999 -9999 -9999 0.679708376321153 0.684157271754658 0.689379792657707 0.69461532986067 0.668796149321673 0.644893713611253 0.624908347167462 0.605109171334261 0.585411764877036 0.576999628421453 0.567922938348777 0.556108769811872 0.543413442223 0.530132305531009 0.517085220645442 0.503399692377991 0.48758879244798 0.47221311417562 0.457186752830237 0.442376154344651 0.427554029296708 0.412549633370492 0.396901711312516 0.380632598900752 0.36779554483642 0.355887311275186 0.345219413917764 0.334148617015766 0.322610361077368 0.314542508997555 0.308150243051656 -9999 -9999 -9999 -9999 -9999 -9999 -9999 -9999 -9999 -9999 -9999
-9999 -9999 -9999 -9999 -9999 -9999 -9999 -9999 -9999 -9999 -9999 -9999 -9999 -9999 -9999 0.720135648042937 0.714021273387222 0.714500564008375 0.717608137380733 0.692569675973276 0.668147667632744 0.644985445846358 0.625748283287854 0.608656507261063 0.596734735733544 0.585613163007295 0.576041167122584 0.564330588650294 0.551198245123469 0.538251048651235 0.524610519385266 0.508681589904705 0.492860473229343 0.477125889099267 0.46180539988065 0.446421162678535 0.430510572501621 0.413994821417411 0.396894913607394 0.383073183436004 0.370250716878444 0.359274521199054 0.347520580502876 0.334864271112052 0.322970223455952 0.312601854442786 0.314177177199874 -9999 -9999 -9999 -9999 -9999 -9999 -9999 -9999 -9999 -9999
-9999 -9999 -9999 -9999 -9999 -9999 -9999 -9999 -9999 -9999 -9999 -9999 -9999 -9999 -9999 0.727272276890266 0.740215543944458 0.745843216689226 0.747954648874112 0.724898357180004 0.697949723133022 0.663046678891046 0.643149698718277 0.631454838788533 0.614450048343954 0.600359035266785 0.594157826099469 0.58449869249076 0.572540673554661 0.558911691417308 0.544900947756549 0.530136091686321 0.514333707258733 0.497698583441753 0.482740034357763 0.467588417200409 0.450581522767155 0.433652676993384 0.416799170933113 0.400464715738776 0.384628340912136 0.371090170795114 0.357559521303257 0.344037597520427 0.331617254870303 0.320374506802561 0.317039771152615 -9999 -9999 -9999 -9999 -9999 -9999 -9999 -9999 -9999 -9999
-9999 -9999 -9999 -9999 -9999 -9999 -9999 -9999 -9999 -9999 -9999 -9999 -9999 -9999 -9999 0.743277288204384 0.743289419762134 0.747332812932265 0.752885217198375 0.732032645556294 0.708810046896076 0.680744049231767 0.662378592752451 0.649315326431378 0.635324366935753 0.622834589588864 0.614241305036285 0.603693834923865 0.591847189948992 0.576864657308398 0.562277881952791 0.549862042573339 0.535676570426893 0.520070758393461 0.505615237248192 0.490455629138885 0.471598863656114 0.451719054380203 0.430851709549115 0.413687838096488 0.397394974128609 0.381665797272397 0.366697379093109 0.352611621425196 0.339186490938586 0.325852880237325 0.311665346936029 -9999 -9999 -9999 -9999 -9999 -9999 -9999 -9999 -9999 -9999
-9999 -9999 -9999 -9999 -9999 -9999 -9999 -9999 -9999 -9999 -9999 -9999 -9999 -9999 -9999 0.738579437069491 0.737741778789084 0.738064282636837 -9999 0.721219661643677 0.71507176207135 0.696359984349968 0.680130595376803 0.665258047938427 0.655371769219555 0.64510054730759 0.633388030312809 0.621668141324924 0.609943351314168 0.593621210552673 0.578496182177245 0.568543007603306 0.556212194865689 0.541973045899406 0.527604651171535 0.512070388358461 0.491671573813289 0.468476642563241 0.442582643413058 0.424041511712427 0.407022524104329 0.389900060997052 0.374029388100013 0.359611088761918 0.345376602525743 0.33087899777824 0.313516418232212 0.301108243408576 0.295626903855762 0.280923258110852 0.263968507776893 0.266177968002846 -9999 -9999 -9999 -9999 -9999
-9999 -9999 -9999 -9999 -9999 -9999 -9999 -9999 -9999 -9999 -9999 -9999 -9999 -9999 -9999 0.73903751453615 0.739423105554779 0.739274650522368 -9999 -9999 0.716246907600011 0.701111808655481 0.687998781098292 0.67599099156904 0.667657763626304 0.658172989198718 0.645423357981666 0.634062388625418 0.623624624628516 0.606738775812268 0.591494216317702 0.583381834892486 0.572523207351401 0.559460392042887 0.54278534852456 0.525146705251636 0.505654544413415 0.479824115469867 0.447875409719166 0.423242123428748 0.401373349301942 0.386779876714119 0.372546229342449 0.358730064569306 0.345240937435282 0.331417462019185 0.313714729491812 0.301108243408576 0.295626903855762 0.28329481815874 0.26922426362491 0.268207204474333 -9999 -9999 -9999 -9999 -9999
-9999 -9999 -9999 -9999 -9999 -9999 -9999 -9999 -9999 -9999 -9999 -9999 -9999 -9999 -9999 0.749278501678556 0.746793107842238 0.747750000520485 -9999 -9999 0.742882365002097 0.71866199954902 0.702670910145633 0.69117783643519 0.68179451993817 0.671767750935941 0.659911407703593 0.648879893037523 0.638396738036555 0.624503934993341 0.610451768043545 0.596858738199148 0.583624474397378 0.570678162836289 0.554693572339147 0.537492866962958 0.517012905108196 0.488355972680067 0.451805879442009 0.425639536624102 0.40325824876832 0.390383467835741 0.377118079470021 0.363399493832759 0.349635180945185 0.336753076081606 0.332019739758272 0.320561742493828 0.299701885429619 0.284541707827538 0.272131515013188 -9999 -9999 -9999 -9999 -9999 -9999
-9999 -9999 -9999 -9999 -9999 -9999 -9999 -9999 -9999 -9999 -9999 -9999 -9999 -9999 -9999 0.751816224759937 0.756107562385842 0.75445536968539 -9999 0.750840153761014 0.747486015322111 0.737277342884131 0.724886375265313 0.711302593368449 0.697983162688762 0.685941593648364 0.677118719749185 0.666383992841028 0.654378234449981 0.647421747745803 0.636016465335219 0.608825715597685 0.588949846668639 0.574945035947051 0.562973698959791 0.549029526646131 0.525461436366335 0.493766237832323 0.454226010165006 0.431581151579817 0.413495959462168 0.401441515163481 0.388402943618156 0.374222551039271 0.359051603699246 0.344197838040006 0.334761574794148 0.320561742493828 0.299701885429619 0.284541707827538 -9999 -9999 -9999 -9999 -9999 -9999 -9999
-9999 -9999 -9999 -9999 -9999 -9999 -9999 -9999 -9999 -9999 -9999 -9999 -9999 -9999 -9999 0.745976397106558 0.746458637444948 0.746272971800245 0.745194498106002 0.745389048454635 0.744541056743544 0.741562520893019 0.734125759495538 0.724252189762573 0.714442285269347 0.70372201141694 0.690685223398153 0.677368612569513 0.663865970911471 0.658197353234799 0.64921453158072 0.627309929365444 0.601117185499887 0.571482700081765 0.547087670795182 0.523626575960151 0.500887220096828 0.472929139690685 0.439933468447004 0.420445896971552 0.404112239150865 0.38969876961289 0.376149390208604 0.363602560314972 0.350127950088655 0.337252703957264 0.332203747953838 0.329260175856536 -9999 -9999 -9999 -9999 -9999 -9999 -9999 -9999 -9999
-9999 -9999 -9999 -9999 -9999 -9999 -9999 -9999 -9999 -9999 -9999 -9999 -9999 -9999 -9999 -9999 0.73179660134269 0.73179660134269 0.744653292322671 0.741999925755943 0.740875662159242 0.742876280998693 0.740585932871585 0.735950197782497 0.730740258387877 0.721945368944571 0.704105070707733 0.687629889326817 0.672062260196809 0.665226621606763 0.6576174020053 0.645022081338205 0.612927790333184 0.565183266216148 0.526872199379261 0.493115466478776 0.472841834184125 0.449882032061613 0.424329292833133 0.407804570192356 0.392786472056881 0.375503027864141 0.361253873224732 0.350525214177471 0.338631285399523 0.327619939246437 -9999 -9999 -9999 -9999 -9999 -9999 -9999 -9999 -9999 -9999 -9999
-9999 -9999 -9999 -9999 -9999 -9999 -9999 -9999 -9999 -9999 -9999 -9999 -9999 -9999 -9999 -9999 -9999 -9999 0.744691531360819 0.745669433722393 0.74736618447556 0.750531977377737 0.752074280505352 0.75272920515165 0.745166039341132 0.73611291098607 0.724043345924329 0.705846675471853 0.683576604075873 0.667718073612175 0.653495765747301 0.642719641359145 0.607387448825958 0.552346103238838 0.522849563110502 0.499535273991169 0.486647900611358 0.464528257911563 0.433496783411794 0.419136724571092 0.40729967257952 0.389749716525277 0.374836662657063 0.362983040777682 0.345172931871724 -9999 -9999 -9999 -9999 -9999 -9999 -9999 -9999 -9999 -9999 -9999 -9999
-9999 -9999 -9999 -9999 -9999 -9999 -9999 -9999 -9999 -9999 -9999 -9999 -9999 -9999 -9999 -9999 -9999 -9999 0.749234070733945 0.749404870469205 0.751155246899388 0.756133654121003 0.760816832869995 0.765338643560017 0.756355119494222 0.746899315682912 0.737502335513915 0.719329022123802 0.695321057337377 0.674718812610396 0.655723534484024 0.640937856643688 0.601422307304974 0.542058107136373 0.518346325509829 0.501123076780801 0.489377063677019 0.468291866000249 0.438191632130453 0.42507902890163 0.414341267241287 0.396625323388496 0.382306497269229 0.371929133491206 0.370679564131734 -9999 -9999 -9999 -9999 -9999 -9999 -9999 -9999 -9999 -9999 -9999 -9999
-9999 -9999 -9999 -9999 -9999 -9999 -9999 -9999 -9999 -9999 -9999 -9999 -9999 -9999 -9999 -9999 -9999 -9999 0.749229712300356 0.748986624939231 0.751338575477341 0.75899375837548 0.765894475397091 0.772382811143371 0.76322406087473 0.753172797054454 0.742313193940291 0.72649214531849 0.707372645711575 0.687738256078724 0.666426078120898 0.639851008881107 0.594890170215558 0.535172574015115 0.513201612352302 0.496261432358307 0.477321492951392 0.457530060144198 0.436916687930876 0.423827310179294 0.411410245907357 0.393662487270071 0.381617155372927 0.376187991066377 0.373541710903608 -9999 -9999 -9999 -9999 -9999 -9999 -9999 -9999 -9999 -9999 -9999 -9999
-9999 -9999 -9999 -9999 -9999 -9999 -9999 -9999 -9999 -9999 -9999 -9999 -9999 -9999 -9999 -9999 -9999 -9999 0.750651541557544 0.750517311554403 0.752596989290384 0.759201019895233 0.76501282756846 0.770391616449119 0.764057910949096 0.756061962150086 0.744937685130477 0.728635381814883 0.708890641026048 0.688288326115515 0.667912943313927 0.648513994801393 0.599288819050716 0.52612456338765 0.519905161218538 0.515290985897986 0.476098636479802 0.446002855427869 0.424687915188448 0.414537671007235 0.406057247946611 0.393634003615196 0.379800240484375 0.364329940981968 0.360033514171424 -9999 -9999 -9999 -9999 -9999 -9999 -9999 -9999 -9999 -9999 -9999 -9999
-9999 -9999 -9999 -9999 -9999 -9999 -9999 -9999 -9999 -9999 -9999 -9999 -9999 -9999 -9999 -9999 0.720121138618051 0.720121138618051 0.720433326747292 0.738229261339065 0.751619952453078 0.756008066081827 0.760869579270605 0.765989846526833 0.763003927439133 0.757456230323379 0.746161328272886 0.728106077892664 0.705556436195723 0.6840976731475 0.666217583129371 0.65956518719891 0.607085158145727 0.517823025785913 0.529078951261749 0.538656993351955 0.478977897031753 0.43645300249025 0.410486914415077 0.403078002200876 0.399173395828842 0.393016981173845 0.376332325362197 0.347432412590517 0.338203047333924 -9999 -9999 -9999 -9999 -9999 -9999 -9999 -9999 -9999 -9999 -9999 -9999
-9999 -9999 -9999 -9999 -9999 -9999 -9999 -9999 -9999 -9999 -9999 -9999 -9999 -9999 -9999 -9999 -9999 -9999 0.720192024134559 0.715073295534911 0.712838351243842 0.716496722911321 0.738757232811356 0.771185430511278 0.764323738723553 0.753840524047765 0.7378239610053 0.713529148147612 0.683730817975063 0.672599091921009 0.663794031626159 0.65716426573081 0.610268641408292 0.531054896696877 0.515626427945482 0.507028779302019 0.487968006235384 0.459426204494019 0.421732445643142 0.399784600043109 0.382002779443805 0.36934900486134 0.354436670799727 0.336903872029261 0.333896845078384 -9999 -9999 -9999 -9999 -9999 -9999 -9999 -9999 -9999 -9999 -9999 -9999
-9999 -9999 -9999 -9999 -9999 -9999 -9999 -9999 -9999 -9999 -9999 -9999 -9999 -9999 -9999 -9999 -9999 -9999 0.70306688845865 0.698111019349076 0.69476484161486 0.694708237182817 0.721764249980313 0.76363966815914 0.755813194976228 0.743552551887148 0.724665480604925 0.69783367890908 0.66572008910956 0.660551828466249 0.657273684770129 0.652400798269797 0.612298403964653 0.543920157139518 0.513585293594884 0.49320592789329 0.49152909713867 0.472366149734183 0.436324001234352 0.402420903856292 0.371398135705717 0.354731564743444 0.34091382392921 0.330401401807433 0.328098544205381 -9999 -9999 -9999 -9999 -9999 -9999 -9999 -9999 -9999 -9999 -9999 -9999
-9999 -9999 -9999 -9999 -9999 -9999 -9999 -9999 -9999 -9999 -9999 -9999 -9999 -9999 -9999 -9999 0.674595998994851 0.674595998994851 0.703180688733775 0.709031561192616 0.710136785616627 0.701543780109181 0.71303950559039 0.735515471215771 0.731425732676854 0.722488262729666 0.703720463472935 0.680331666531676 0.653870753945639 0.647618393248511 0.644136640355257 0.643821603891108 0.612464802519912 0.556193308291382 0.529974591572377 0.508140358549268 0.486321829107429 0.469101471648627 0.456319690869068 0.414634222785849 0.371398135705717 0.354731564743444 0.34091382392921 0.330401401807433 -9999 -9999 -9999 -9999 -9999 -9999 -9999 -9999 -9999 -9999 -9999 -9999 -9999
-9999 -9999 -9999 -9999 -9999 -9999 -9999 -9999 -9999 -9999 -9999 -9999 -9999 -9999 -9999 -9999 0.674595998994851 0.674595998994851 0.687601463597001 0.690665716482682 0.690632760271912 0.684270332144405 0.691845066257559 0.707037672720001 0.700531241155843 0.691620222279756 0.678626614534409 0.661482013065392 0.641577762353839 0.633941533205284 0.629723634416133 0.633026884814545 0.611382225671374 0.569713914344692 0.542869870516266 0.51868997778626 0.496644259764372 0.471190743303438 0.44244770771731 0.435119872522807 -9999 -9999 -9999 -9999 -9999 -9999 -9999 -9999 -9999 -9999 -9999 -9999 -9999 -9999 -9999 -9999 -9999
-9999 -9999 -9999 -9999 -9999 -9999 -9999 -9999 -9999 -9999 -9999 -9999 -9999 -9999 -9999 -9999 -9999 -9999 0.67944617885317 0.666157176204474 0.657406661566356 0.6579310236036 0.66625845525492 0.678850943682235 0.667136833532289 0.656717709640306 0.651848588507751 0.642070262916215 0.629028217052247 0.619891481110444 0.614675966675841 0.620989517962681 0.609354685942551 0.58331415055092 0.554203219939722 0.527552559493859 0.513234065531354 0.475305502121844 0.414586337571394 0.404073276294744 -9999 -9999 -9999 -9999 -9999 -9999 -9999 -9999 -9999 -9999 -9999 -9999 -9999 -9999 -9999 -9999 -9999
-9999 -9999 -9999 -9999 -9999 -9999 -9999 -9999 -9999 -9999 -9999 -9999 -9999 -9999 0.710076105975733 0.710076105975733 -9999 -9999 0.679616310860238 0.682483443430712 0.687736472354948 0.697865330936499 0.690744312482449 0.674194734682597 0.648808246089708 0.630256612334904 0.629875176523198 0.623419305995496 0.612925050859489 0.602903598379915 0.59489768449557 0.59325570618253 0.585474656249559 0.572766274243243 0.56194517744347 0.546437024012706 0.509884300892341 0.465352083284282 0.413117326868213 -9999 -9999 -9999 -9999 -9999 -9999 -9999 -9999 -9999 -9999 -9999 -9999 -9999 -9999 -9999 -9999 -9999 -9999
-9999 -9999 -9999 -9999 -9999 -9999 -9999 -9999 -9999 -9999 -9999 -9999 -9999 -9999 0.710076105975733 0.706057408481063 0.695325885428329 0.676014476758867 0.653431082355098 0.681380395389208 0.704199984035613 0.716536442405221 0.697371528719218 0.660988373112563 0.631287766062791 0.610625615007408 0.6122815240847 0.607777207838731 0.599177471970649 0.587571508374866 0.577088044571314 0.571081808288012 0.566068563606554 0.561852312293353 0.559741419534988 0.548830980475899 0.499300066309954 0.471574615218952 0.464897793940328 -9999 -9999 -9999 -9999 -9999 -9999 -9999 -9999 -9999 -9999 -9999 -9999 -9999 -9999 -9999 -9999 -9999 -9999
-9999 -9999 -9999 -9999 -9999 -9999 -9999 -9999 -9999 -9999 -9999 -9999 -9999 -9999 -9999 0.706057408481064 0.695325885428329 0.676014476758867 0.65338842632906 0.677287022884524 0.693319629909996 0.6932772616022 0.668782118015152 0.63092140420322 0.615360846116974 0.604463340356794 0.603324607112453 0.598068475869386 0.590075030377055 0.57550458478056 0.563160499591795 0.559871869702314 0.555484921234413 0.550216442024856 0.537925052273229 0.518706221177835 0.474449705360934 0.456048893589882 0.462606375120329 -9999 -9999 -9999 -9999 -9999 -9999 -9999 -9999 -9999 -9999 -9999 -9999 -9999 -9999 -9999 -9999 -9999 -9999
