layers/veg/veg3700.asc
NCOLS 255 
NROWS 330 
XLLCORNER -2985163.8955 
YLLCORNER -3022031.214 
CELLSIZE 25000 
NODATA_value -9999 
[rows 75 to 99 of 330, columns 171 to 227 of 255]
0.718801497226716 0.713380845377601 0.707129099160841 0.69913700342876 0.692237091559889 0.684754797755988 0.677026195324808 0.671836090033484 0.668231308666196 0.665353527848325 0.661956599351202 0.657790599631227 0.654029533156028 0.650802113741813 0.648773047893778 0.644769552735475 0.640051034288814 0.638502652766806 0.637828378101268 -9999 -9999 -9999 -9999 -9999 -9999 -9999 -9999 -9999 -9999 -9999 -9999 -9999 -9999 -9999 -9999 -9999 -9999 -9999 -9999 -9999 -9999 -9999 -9999 -9999 -9999 -9999 -9999 -9999 -9999 -9999 -9999 -9999 -9999 -9999 -9999 -9999 -9999
0.71806564218803 0.712242004651326 0.70624784202391 0.700509651174755 0.694310906010783 0.683735980126142 0.675151492718687 0.672209275121539 0.669152453327129 0.664101848539875 0.658973179067722 0.657062988574054 0.655893397963904 0.653668825844837 0.649195601467182 0.644795097405517 0.642432708775524 0.639234381431414 0.63524725706921 -9999 -9999 -9999 -9999 0.624126026111706 -9999 -9999 -9999 -9999 -9999 -9999 -9999 -9999 -9999 -9999 -9999 -9999 -9999 -9999 -9999 -9999 -9999 -9999 -9999 -9999 -9999 -9999 -9999 -9999 -9999 -9999 -9999 -9999 -9999 -9999 -9999 -9999 -9999
0.716748500646186 0.710549327175362 0.704266227623779 0.696195917094225 0.688616060586791 0.681190835633673 0.672040328503052 0.670074031749035 0.669542111907133 0.661794778832122 0.655578034327086 0.653698573190307 0.653874824920917 0.652226896137317 0.648566525718147 0.644367980813343 0.64266444724057 0.640767245519695 0.636360305643273 0.632846262255745 0.627504827252117 0.625852517891381 0.623606873705304 0.623815731270912 0.620127453680827 0.617820544980715 -9999 -9999 -9999 -9999 -9999 -9999 -9999 -9999 -9999 -9999 -9999 -9999 -9999 -9999 -9999 -9999 -9999 -9999 -9999 -9999 -9999 -9999 -9999 -9999 -9999 -9999 -9999 -9999 -9999 -9999 -9999
0.715019977403981 0.709692009144237 0.703039689967063 0.693451584990674 0.686282906231247 0.677797920132497 0.669756284458533 0.669197657335012 0.668120298830095 0.660772426952875 0.655967015334633 0.654851635823858 0.654031210127063 0.650975572128842 0.647061684587186 0.64457740054334 0.642861466157653 0.63999982665889 0.635734535673374 0.631307161958479 0.627296333920068 0.623493522314447 0.62211755017229 0.620491293551945 0.618167622073221 0.617818612825789 0.618238958997496 0.616602550594998 -9999 -9999 -9999 -9999 -9999 -9999 -9999 -9999 -9999 -9999 -9999 -9999 -9999 -9999 -9999 -9999 -9999 -9999 -9999 -9999 -9999 -9999 -9999 -9999 -9999 -9999 -9999 -9999 -9999
0.715082443401049 0.710597281181491 0.703322610885918 0.693718798147579 0.685928243878252 0.679362098558998 0.67217084456912 0.668193444068958 0.667159661722697 0.661009876777104 0.657604011880596 0.655806986334778 0.653117629881022 0.649267217381698 0.646681765950919 0.644222596288551 0.642488540373469 0.640108819289991 0.635433772481175 0.631149998668366 0.626269464747379 0.621375975496536 0.61961017334082 0.617597015215429 0.616635563374805 0.617158022511618 0.617142140560946 0.615996039616329 0.61268213265845 0.610002712647834 0.608978176516241 0.608033698590364 0.607632765786567 0.605947656211379 0.604935251948607 0.604014701856108 0.603149695745959 -9999 -9999 -9999 -9999 -9999 -9999 -9999 -9999 -9999 -9999 -9999 -9999 -9999 -9999 -9999 -9999 -9999 -9999 -9999 -9999
0.709066392516405 0.703479133212063 0.698044426253477 0.689667352881145 0.683706551199633 0.68118032502535 0.675865706850407 0.667738495685864 0.662866225349808 0.660380336008419 0.657488443923531 0.655738680685558 0.653390343414648 0.65152992326208 0.649036790122744 0.64539446942589 0.642098092033142 0.638410104452169 0.633138290482364 0.629323072532952 0.624740167423453 0.618657286783914 0.615841248033763 0.614415468290404 0.612870087152802 0.610474574664461 0.609193316718915 0.60961232060889 0.610403851170722 0.609807563499605 0.608634243888609 0.607817644601471 0.607361348796226 0.605675802927514 0.604637825978652 0.6037202053962 0.60293679068961 0.601814637667256 -9999 -9999 -9999 -9999 -9999 -9999 -9999 -9999 -9999 -9999 -9999 -9999 -9999 -9999 -9999 -9999 -9999 -9999 -9999
0.711106047048712 0.704995759366329 0.697738643074199 0.689269325491231 0.685304166202004 0.681184797783436 0.671171381975331 0.661116743883866 0.659486920753037 0.660502015518384 0.65860032092273 0.656536634459611 0.654152267454107 0.650930443825115 0.647582010487256 0.644276580821753 0.641051538154344 0.636271993788225 0.629919275212176 0.626462072113394 0.624443074175447 0.619926842269599 0.615886373605467 0.612575862740929 0.609221026899386 0.607138158517722 0.606506611107798 0.606069050228431 0.608068121001812 0.607567863900315 0.604206792363919 0.604576492404393 0.604078217231686 0.602515914472401 0.601458615580327 0.600581940508885 0.600607435543539 0.600672280473658 0.599557588074506 0.59883221304833 -9999 -9999 -9999 -9999 -9999 -9999 -9999 -9999 -9999 -9999 -9999 -9999 -9999 -9999 -9999 -9999 -9999
0.705100975618808 0.699997361104084 0.697138817309335 0.687258076652656 0.678937340969249 0.674218420035592 0.665493618052137 0.651422664639084 0.649906269753358 0.655233948952245 0.655839806801102 0.653949274499884 0.652837018454349 0.649787591516056 0.646215417821845 0.643535866776238 0.63973762502378 0.634799642814532 0.629323303410685 0.625123499054291 0.623323536869145 0.618772904063661 0.613803203706239 0.611813828669408 0.609047124284919 0.608812653725516 0.609808920502329 0.609606493795534 0.609107766380567 0.604267277890775 0.593840976731261 0.591384145404541 0.594696384085068 0.596740339136385 0.598249618571458 0.597362951074674 0.597485153132535 0.596408307665488 0.597047916383972 0.598593918557947 0.598464300074083 -9999 -9999 -9999 -9999 -9999 -9999 -9999 -9999 -9999 -9999 -9999 -9999 -9999 -9999 -9999 -9999
0.701932041149784 0.694201466126468 0.69145573318658 0.682314510471231 0.679783430408833 0.672518357464829 0.659564093223718 0.652192065150011 0.650746479178517 0.653092075879012 0.650282286369317 0.649996160469223 0.649632006117484 0.647176266958693 0.645402870728316 0.6424664272549 0.638821169003232 0.634211895569394 0.629820421457603 0.624944946009376 0.620714420245925 0.619189914844738 0.615102841388321 0.610430126554857 0.60859476333913 0.610755860574189 0.60976680684891 0.606147884517693 0.607126659095599 0.602145297168828 0.59218135251349 0.569959311360365 0.559939172566583 0.583743572846851 0.589473569780444 0.586929253241111 0.588582014952596 0.591528667249202 0.594524977422893 0.594772670685609 0.594503334524353 0.595231923188222 -9999 -9999 -9999 -9999 -9999 -9999 -9999 -9999 -9999 -9999 -9999 -9999 -9999 -9999 -9999
0.702228947881682 0.688344272302788 0.682180224624683 0.678472973195026 0.6725981713785 0.664476500189173 0.659243654890816 0.655519615581677 0.650109595877775 0.643481426558852 0.642385426252808 0.64438488717286 0.644198311512303 0.644346131169794 0.642736153441258 0.640282624148147 0.637017379923337 0.63227327432336 0.62670517406294 0.621919337068199 0.618343834977439 0.615040202511264 0.612049466068216 0.609937291085715 0.608385511946518 0.607418684687539 0.604916444857448 0.603184761421882 0.604675039400483 0.600764431110395 0.592211764783204 0.578045823870675 0.549488011079053 0.558003589726393 0.58085833468217 0.575655483247776 0.58560081433689 0.589998701889121 0.584730087656102 0.579465924009206 0.584828527240882 0.595217914350836 0.595742764079071 -9999 -9999 -9999 -9999 -9999 -9999 -9999 -9999 -9999 -9999 -9999 -9999 -9999 -9999
0.7014917502888 0.688765015344951 0.677115797042168 0.67062471590836 0.667315577136026 0.66240357075203 0.656524045945701 0.648431535556912 0.639890966576422 0.630707855719393 0.629171187931233 0.633033560488778 0.636239253279177 0.639422577326034 0.639451117879446 0.637017064642013 0.633628866767778 0.629156228990456 0.624029772197419 0.62125479152041 0.61855513424647 0.611969177320614 0.609268569642428 0.609492639944123 0.608037658219999 0.605418014361306 0.603257184673413 0.599226840062778 0.59775391753686 0.598899515466161 0.593692408139756 0.584875954164699 0.550481563203706 0.544514186952781 0.582365360816554 0.588765004364252 0.588417744253306 0.584684066281964 0.5781544410074 0.572061870589759 0.581985536115125 0.594603336460609 0.594141631849661 0.595513113044075 -9999 -9999 -9999 -9999 -9999 -9999 -9999 -9999 -9999 -9999 -9999 -9999 -9999
0.694649064565749 0.686888798596769 0.675492893173516 0.668664508275296 0.663563114999882 0.656082742458562 0.649660117034998 0.644548547448503 0.640534934563618 0.630817103233686 0.631599730782843 0.629746830408374 0.627861664448681 0.632512484458037 0.634536264597486 0.632710108756227 0.629687626697578 0.625976343765469 0.619034606952396 0.617719975684419 0.617023131238386 0.611216988371192 0.607453121284524 0.60751201018199 0.607896959398329 0.604057356806633 0.601215787889503 0.598118543414324 0.594373492796142 0.59124123746423 0.588380182343227 0.583711945195954 0.546281531017996 0.537004389360387 0.577631570248856 0.58570477387828 0.582960221577213 0.575751799511135 0.572763778126437 0.576660711855987 0.584992542014904 0.588252862612091 0.588770597627237 0.593453971149263 0.594866278925764 -9999 -9999 -9999 -9999 -9999 -9999 -9999 -9999 -9999 -9999 -9999 -9999
0.704846814631599 0.690319961818284 0.676523137724626 0.662132117789341 0.652541685028045 0.649143603932257 0.64735057025516 0.642579788819406 0.635552137778311 0.628975606998784 0.629573217280746 0.625684423864974 0.623459531383816 0.620695996162008 0.61964953418229 0.624275681509758 0.625345519076711 0.619074833700742 0.614468927530231 0.614327278303137 0.614252891815514 0.610759063528267 0.606236157930391 0.604308514753141 0.604987699597091 0.602302820375958 0.599446136386674 0.596067320484449 0.590185385889806 0.571629180415462 0.554118581188852 0.551226431346304 0.534373638646464 0.539882158256344 0.572243041238972 0.579695602846401 0.575472803340459 0.570296165858464 0.562204198193473 0.567743800454917 0.58085030892579 0.57058329510453 0.565190809232779 0.583344148217782 0.592838740494662 0.593197013330108 -9999 -9999 -9999 -9999 -9999 -9999 -9999 -9999 -9999 -9999 -9999
0.703733548017218 0.695737958530888 0.687451982492879 0.673508821191936 0.655192654678682 0.644665537679396 0.64204774505085 0.632715388689186 0.629093207749582 0.628934450953087 0.625765214336874 0.625092304016163 0.62109289393813 0.61537023792379 0.617422284781028 0.622838982921834 0.621111050956903 0.613365341353902 0.610740209211481 0.609289003614164 0.608883757484835 0.608212339079143 0.606477631186782 0.6042154350787 0.601837298588967 0.596507950949555 0.594079432040652 0.592203820006316 0.583087781067809 0.570696278798316 0.565603928927983 0.566532615961108 0.546022891526534 0.546408804120969 0.571542992346527 0.566114935477887 0.559437248014653 0.557751214029957 0.533290300447758 0.534463853539155 0.563867425965469 0.558754134421782 0.567675700576194 0.587103298065617 0.591660553285179 0.592481424399174 0.593130652795569 -9999 -9999 -9999 -9999 -9999 -9999 -9999 -9999 -9999 -9999
0.696849673720977 0.686991811918779 0.679657146359679 0.673000131465297 0.664355951537861 0.651716118878308 0.639503047654959 0.631856742936236 0.631747708291186 0.63491346312248 0.632430327562717 0.623495547790698 0.61530621317862 0.615817607027921 0.618644762001383 0.618577137184979 0.618035446989906 0.612390814148889 0.607678532368216 0.607442257775469 0.607864625511296 0.604901497669672 0.599216521396181 0.600498642829843 0.600968045856499 0.593532927320007 0.59105300106484 0.591180871879513 0.585266248373568 0.576472458169438 0.568438642139831 0.564490657574919 0.555797864356447 0.551194217401442 0.563730041365809 0.560493067041054 0.537432536688597 0.524713524981067 0.541959773335661 0.555514247995899 0.566553667254053 0.576955183007267 0.581680390225987 0.586848429277401 0.590014138116921 0.591157604347835 0.59363621297219 0.593160578873459 -9999 -9999 -9999 -9999 -9999 -9999 -9999 -9999 -9999
0.685473849304427 0.67388372220475 0.666531535085063 0.664553925392385 0.658373170863485 0.64591383193809 0.637257424488811 0.635500786885276 0.633474904344293 0.631168449117003 0.625969084692368 0.620848735299527 0.618769582982913 0.618471629079682 0.617483622529881 0.613084309218424 0.608757562368985 0.605583121961207 0.60449314565418 0.603729741875338 0.601507731833952 0.596787803484794 0.594232642672873 0.597814125090505 0.599550146399264 0.596092668202917 0.591331233055472 0.588059371674355 0.585530291895412 0.578729031190794 0.570652540165697 0.562189763082313 0.551367996296121 0.554233446004014 0.561618041730664 0.552386400881478 0.538765954776626 0.540358733375183 0.55359352289427 0.55864660663929 0.56555568215216 0.575002997306797 0.579574252901214 0.58406113748561 0.587420507309236 0.58946209640898 0.593084749759257 0.593013998509367 0.591714015654402 -9999 -9999 -9999 -9999 -9999 -9999 -9999 -9999
0.672535329401562 0.661261195606 0.658243642020987 0.65833770259544 0.653115087224201 0.641684534748176 0.631194971738503 0.62648011409584 0.623536980586786 0.62229480684181 0.619362611871921 0.615729785189327 0.613391956487099 0.611340422537891 0.608528369419577 0.605530977032841 0.598746074223739 0.596277944504242 0.599760232147287 0.600450782311217 0.598309050324226 0.594254777337152 0.594939270231137 0.596856860256634 0.592585194118472 0.593063582292775 0.592396681055248 0.589550073115935 0.584996433173988 0.571974124200838 0.560697083317374 0.54460537805063 0.538348658789254 0.554810557929227 0.560054582926636 0.548942838963159 0.542764875828343 0.55173761380438 0.560600030990351 0.561133224298206 0.563646968737658 0.57413392081193 0.57795675738562 0.581918893858345 0.5868601339726 0.588961066546392 0.591875360241234 0.590940584036286 0.590670005035627 0.592896410204181 -9999 -9999 -9999 -9999 -9999 -9999 -9999
0.662074575499539 0.65115552058021 0.64930193323042 0.651870320135145 0.647568046688951 0.638609699465069 0.628262823718144 0.619479038932248 0.616723680635075 0.613153341605998 0.604330697480143 0.604153013364569 0.605649563200231 0.602643137821569 0.600363361129537 0.596633802218452 0.588026881688957 0.584923105416539 0.591480942383209 0.594056141020935 0.594428180213333 0.593306890219643 0.594681929066735 0.592207318285501 0.582789902564672 0.584973829844348 0.592856883016029 0.589614297735252 0.582372928940751 0.569093648516324 0.557844383970941 0.545800822644497 0.539555501393465 0.553056340061315 0.558825439207544 0.554685947271991 0.538926655748898 0.526613061146874 0.544595063730763 0.565398109810891 0.57275975306006 0.577895806594573 0.583802104212178 0.587755494752859 0.588165191918601 0.587750699552148 0.585630541691676 0.584863811363184 0.588929549058178 0.586054521114166 0.585583863247699 0.5938806267586 0.593355825418727 0.593738503320812 0.593369931478221 -9999 -9999
0.648057164562336 0.636029610281999 0.636475158460442 0.640315440754225 0.6361276671643 0.62642451338941 0.61743314684405 0.614729080370846 0.611736389092244 0.601211437795326 0.593528566382417 0.594565329739648 0.593897015163746 0.588935112566255 0.588080674671642 0.587702306984824 0.589745045667926 0.593144422350059 0.586539502685616 0.58692610660555 0.586462205322952 0.588973693080235 0.593534325510401 0.587486249493326 0.579947965076568 0.582023754409718 0.584825803399313 0.584101250827274 0.577048857336572 0.565354340812909 0.550855480894025 0.531920199222394 0.525859200747246 0.54215858343276 0.551032059403568 0.542740390928916 0.539638658175259 0.547123632123005 0.558002277472303 0.569794504814577 0.574105167025726 0.576775736122232 0.579712271314568 0.584155271230375 0.586381520173182 0.583362459599277 0.582707594481423 0.586077167589272 0.586051471716595 0.581192698990193 0.58598056931663 0.593375374019095 0.592690329201976 0.592847180319523 0.592441425016243 0.591786806211739 -9999
0.634476705531829 0.623950872451405 0.625034194650349 0.630395764682511 0.628197996446185 0.618638858662492 0.605145128825469 0.60310123825161 0.598295538700525 0.582940571026415 0.577114380110366 0.580815568525885 0.577185661855184 0.573387844888851 0.573304773526121 0.577878448931781 0.584232472121124 0.580934508666395 0.573992526652845 0.573987149183407 0.572771726385496 0.583363493025184 0.587983291938453 0.586449965788342 0.579285246881956 0.573194497385429 0.580453130657005 0.57905619556118 0.564824356443459 0.552890970100986 0.544501762817465 0.525133832446522 0.520039792915737 0.533518314932071 0.543857810994471 0.543187849662589 0.541213339390844 0.551631899739429 0.562857310131691 0.566500967343432 0.570185660249847 0.575998766017251 0.576608608729645 0.577287838892709 0.580969372308559 0.579102103937035 0.584964294840614 0.587208599110595 0.584640620807299 0.586828050681672 0.589643542760502 0.587964101789159 0.585486001256585 0.583070258045349 0.58234537610391 0.585891746517497 0.592357940012356
0.627192897782338 0.618641331925394 0.618593364845315 0.623271033290149 0.618273174506255 0.609161221829644 0.597706517187702 0.594064629702167 0.594090564648863 0.583770445709529 0.573486783843363 0.572528917931406 0.567875084944038 0.5677257351596 0.569105443680929 0.572062701050654 0.579351155921889 0.580695265584231 0.576580155689572 0.574451899620261 0.573142277575999 0.578870202699403 0.581731253881412 0.586303045926851 0.578240417052421 0.568747928879556 0.575994424079657 0.575658085292075 0.56365704318264 0.552062138541859 0.54059935644032 0.52391914007927 0.521405478790522 0.532505420792015 0.544327667210763 0.544095288204112 0.541481697020383 0.542233004359853 0.550091682906417 0.563525977504962 0.570942073628645 0.577231824273489 0.573718802795722 0.573179835991251 0.578145256544069 0.578226072144257 0.583855348411668 0.585156108354619 0.585197058115882 0.587536330852389 0.586616026703115 0.582727172692307 0.577580266057363 0.572394516206686 0.57323857298476 0.579626387080149 0.589787589374443
0.617999502723848 0.617368882083805 0.618992392404559 0.613428503798576 0.606432219544457 0.601317551788167 0.591216120883277 0.581191743480782 0.57713880471789 0.579585240776745 0.581217710317253 0.580595817396439 0.580294379382994 0.582288908238751 0.585157357318184 0.581498815309011 0.579303861665122 0.581354865029279 0.583011838271594 0.58389333872469 0.583267303889542 0.583198819277737 0.585086253313779 0.585629405273057 0.583382580630376 0.575523483169425 0.566217322184408 0.559399646277178 0.549026234619744 0.545759255477984 0.539502404533984 0.523640015054563 0.520545385248592 0.534903757799638 0.545190726054725 0.547190596223951 0.546866233435575 0.548546991967661 0.55717969030743 0.563454249194436 0.56842897238379 0.572848175994638 0.563360378037642 0.559442075685341 0.568227808455553 0.565736016373917 0.569887998583126 0.576147215952893 0.577194650865243 0.577652613716565 0.577225589876869 0.568891883210686 0.559949766895468 0.56305455856713 0.57441832114543 0.581811414906063 0.586506830239507
0.611503624253911 0.613916741043914 0.614625370857025 0.611207904795274 0.604119033141322 0.591824039451153 0.577405587952385 0.573696057043107 0.576497559027658 0.579048553419294 0.580033095724842 0.587622467847704 0.589542199836397 0.590612949529513 0.589069242316009 0.585165661038336 0.583955075229478 0.581366714856334 0.579717621890043 0.583893350055054 0.586419982680681 0.585800860908493 0.580941377233952 0.578101545113562 0.581475383735146 0.582909431629695 0.57529571828648 0.557331679616254 0.541917714456806 0.540159993652222 0.53776686458032 0.523141557775986 0.511823961914846 0.521398186840464 0.534499012686203 0.539046238807265 0.550616372517226 0.555471737675571 0.559259427635202 0.566204143795828 0.568799269226088 0.56230088085451 0.544640153819532 0.550997759355445 0.565182139370329 0.55789766865817 0.560989398057821 0.574894681765705 0.574975446200703 0.557168213778508 0.539055444406827 0.534618981326415 0.543542584405174 0.566215990693237 0.575019254790819 0.581349671958838 0.585720520052571
0.60751819557274 0.610814769880122 0.612073389180271 0.609708513037281 0.604990519823148 0.598209503361456 0.59033177639103 0.584277401004707 0.586702664933313 0.590100108544984 0.589582652486151 0.587930252980527 0.584635086214802 0.581635240436324 0.579269808964626 0.578280102610794 0.571844771856794 0.565007527093728 0.568994654842132 0.578784053879842 0.581035027098535 0.579203730908501 0.578986239380055 0.577210943956575 0.578024060377838 0.576028844513347 0.571906926227766 0.557849504647829 0.544194101374768 0.548737106180218 0.54513859779861 0.532904216762025 0.530390383732068 0.523539575575549 0.5218178034783 0.535912834010851 0.549402597920776 0.552153597145195 0.554063068598674 0.558853038131403 0.561380942685674 0.547415741102803 0.541625514833306 0.55105692379576 0.549691720616141 0.556123631596223 0.567241013803388 0.574852206489512 0.574073231965794 0.564468062769805 0.55388457236517 0.544833580842194 0.543317078581484 0.554056666921922 0.56803680245409 0.578803055020847 0.585019917809807
0.604060656981923 0.605565272726813 0.601980904661337 0.599748637165835 0.598393156728514 0.59419163671288 0.585262624584709 0.575968232788178 0.577703461350907 0.579007668315771 0.574260798830483 0.573042815738112 0.571267857664537 0.570551745742923 0.568894229026493 0.564964841854599 0.559580787864055 0.558046043750958 0.567814931913962 0.575049661213656 0.570579106763689 0.569856273837797 0.571256373475763 0.572809705314052 0.573389687137239 0.571086150686208 0.571099548401608 0.568639484887278 0.567281894580477 0.562800571844274 0.551626324107009 0.547009666960656 0.540806958711899 0.527000847575926 0.523454525840021 0.530432991197269 0.532410962371012 0.53742534204707 0.541704743790537 0.547032896817087 0.557940887716124 0.556632860751777 0.55961359023611 0.561414483173907 0.55885388197978 0.561925935521989 0.568298734350269 0.569120015133581 0.5687050047826 0.564498321956294 0.55026397268076 0.533373708164309 0.531356091197451 0.547702410917805 0.565500710209969 0.575629173804513 0.583581517578784
