layers/veg/veg3700.asc
NCOLS 255 
NROWS 330 
XLLCORNER -2985163.8955 
YLLCORNER -3022031.214 
CELLSIZE 25000 
NODATA_value -9999 
[rows 104 to 129 of 330, columns 174 to 231 of 255]
0.707112129619059 0.695873898681844 0.690596262712165 0.690450756894504 0.687591412056069 0.689516154907028 0.694153380999028 0.692654388932647 0.686442549816379 0.682692084145978 0.683278931542365 0.687044917609224 0.673271432333305 0.694271508889361 0.706303755261902 0.696590945586163 0.694394288571745 0.696277632453261 0.702580926535072 0.706463727675878 0.707298408160289 0.722210923009235 0.729362083449655 0.724051104617821 0.72980691668202 0.729505133986256 0.733654837466348 0.732805020894854 0.728802030826408 0.732691894889533 0.744353538594308 0.753938972947773 0.760996656284467 0.765924547500167 0.769134388050493 0.770305820330826 0.768964040621979 0.778253402810019 0.779230656533366 0.784909062872277 0.785375997515331 0.782669780745969 0.783866390086959 0.785817946502841 0.789424520484253 0.798216427962052 0.805553217577012 0.813577779046327 0.821328675607815 0.824897797010329 0.835336990216245 0.854061205350275 0.869130576434805 0.874895885779689 0.883209692661578 -9999 -9999 -9999
0.705523563444849 0.694465673552769 0.685725240903728 0.686214170816758 0.689713724369087 0.692649531868502 0.686906324397151 0.680711818252539 0.679261731659554 0.677731364267104 0.681885547518557 0.679903177833079 0.686052698004847 0.701032456628816 0.703899868855745 0.689172691673636 0.688667973488091 0.688663046252343 0.694892418273975 0.70036145801259 0.70243390081644 0.716146690672562 0.731645677913347 0.728308617053514 0.728041970537012 0.723820176256172 0.727440763741836 0.727541486614823 0.735285083335769 0.743138759905367 0.749199624217079 0.756227692791613 0.764139542414601 0.770618137852175 0.775081337365923 0.777663119494714 0.775876925151679 0.781351018593593 0.789229045813826 0.786910410799788 0.786442260650594 0.786148010570308 0.787877054866789 0.788132891960796 0.791534814832386 0.801721633910559 0.807400803797088 0.811805890590058 0.825042936712427 0.822674485210731 0.835824164059295 0.849645871630996 0.867469146774161 0.879109697607577 0.883457150479744 -9999 -9999 -9999
0.700857203964382 0.696547674225677 0.68399893156613 0.682047472321391 0.688442538086469 0.690697758154768 0.67950469825173 0.671557411561381 0.6747331569888 0.675731070374198 0.674516457618488 0.684307768738263 0.694959709134434 0.698046492066016 0.689500844381903 0.684229286751674 0.6822061562613 0.683595318281686 0.688478664721007 0.700074831450174 0.71052299396668 0.719690450438417 0.72861596639462 0.72682597011967 0.721411152253371 0.720625489492787 0.724628489029451 0.732881320776681 0.741388557932265 0.743653590736078 0.753163557608312 0.759745463030747 0.767138261789218 0.774422844935198 0.78048523951859 0.78526677712403 0.787023256226907 0.790429933325854 0.794923263461774 0.789850574460199 0.793484248920929 0.794091953154978 0.796860638472307 0.795034863515671 0.793322156793868 0.794262435153379 0.792324370676833 0.79778203645438 0.818918970028956 0.823830619326969 0.841846087236407 0.862816077173416 0.87577808757771 0.879988317284631 -9999 -9999 -9999 -9999
0.695611203832009 0.693551107526627 0.682956379157294 0.678756854595918 0.681514635456622 0.683232409634509 0.678587678359704 0.670419091129121 0.664527192006482 0.663709719848038 0.670472899683206 0.684537934085079 0.69245676991596 0.685054834176802 0.675495755304624 0.681516435714118 0.674158538117949 0.683162139734726 0.699370396549475 0.706156855141589 0.713413253026703 0.719409811350923 0.723207281186043 0.72276290977825 0.718885284817956 0.720468053546521 0.729489529241474 0.739163951240709 0.746270964614709 0.7499222466228 0.756986703008521 0.763678385296431 0.769194588716553 0.775149817163095 0.78255604910826 0.78904750306593 0.792943959218713 0.796993412592293 0.799138967794402 0.7937066210426 0.791102763871585 0.799933493734875 0.801157372328173 0.792734760947042 0.778185306523984 0.785005415335343 0.795588733434229 0.802361923101899 0.818270778317808 0.830743427415033 0.834394073448607 0.850352630996505 0.876702418244283 0.883777954320366 -9999 -9999 -9999 -9999
0.691405111602362 0.68610960516927 0.679601732392887 0.676325744318891 0.678549475953525 0.680273923908462 0.685582335867198 0.680237597056634 0.673509827032351 0.675754070903219 0.682750880487706 0.686086350623855 0.681626749515368 0.671967903363119 0.670930521263929 0.679240262682909 0.686429794575076 0.683701042928145 0.69563605807196 0.706890065872617 0.710297216715346 0.714760910063066 0.718485589203713 0.720422397468989 0.72221729074255 0.726496866209038 0.735975640860025 0.743782299014087 0.74618943904121 0.752943121334857 0.761527541050176 0.767721042472793 0.769278802145748 0.774061432857586 0.782080597444813 0.788554716135421 0.794189947183077 0.800527332269302 0.802590309762328 0.797416024635947 0.788913796088557 0.799771911830054 0.798456762407985 0.788102598159295 0.802206181314896 0.795394686947454 0.795561196649678 0.807388703537734 0.823033219470003 0.834985807966799 0.84393430370531 0.865012095465713 0.886447938441499 0.891299916692336 -9999 -9999 -9999 -9999
0.686796942797584 0.681443334880727 0.676384880825728 0.668826173005041 0.659977037872706 0.668374434351453 0.675015626781581 0.675358315416056 0.671091597738419 0.676992860768429 0.684667711694979 0.685260900465357 0.676682966326436 0.66973367778234 0.674257274361314 0.686751512719338 0.689599755241485 0.691807903997482 0.699138397518499 0.704462968030946 0.70802895984943 0.714976065724305 0.719761479755693 0.719490319718301 0.724428276006023 0.733204339318023 0.741337100309756 0.747604510656312 0.751937273789229 0.757994763477393 0.763866780344263 0.768976926414045 0.769357801874788 0.775445271352626 0.781110787474877 0.784909206815724 0.786543194053108 0.790685150841794 0.798996540965987 0.803778380657818 0.801664662000602 0.803574711533035 0.802068299579759 0.807335135535633 0.813784068203917 0.792329821523084 0.792761335690727 0.805936692710075 0.825477434888733 0.846838260626727 0.864846584399031 0.879071868482064 0.891704747205937 0.895658409858391 -9999 -9999 -9999 -9999
0.681429428884467 0.681522335974495 0.674505426507871 0.657238752929156 0.647710569252354 0.652644563417469 0.643260900856345 0.657271020818532 0.665308022472984 0.672640533908625 0.680058724880972 0.684684529699952 0.68263080182139 0.682488745776093 0.685775314973883 0.686678470708029 0.692282371046694 0.695325219391393 0.702088584173795 0.705489768437798 0.710477230284274 0.716697391319127 0.720514583582943 0.721824050830153 0.730495802808253 0.738840448011858 0.73719840195585 0.741968152016638 0.753691209362767 0.759012160354404 0.763416966196339 0.767775310982956 0.76972960177431 0.773871519206772 0.778380447355233 0.784427468978279 0.787009414780295 0.789713622410082 0.800588502350724 0.812545870393827 0.815639622899435 0.815870548147396 0.822278310607947 0.823936035318998 0.825947357340011 0.792305950827914 0.800278123769627 0.814072832295168 0.82981448837301 0.845684317685345 0.867629975329748 0.886296819367162 0.89397050561182 0.894145275247974 -9999 -9999 -9999 -9999
0.673808699678948 0.66835710869693 0.66673877700104 0.657230373499979 0.643854879675318 0.63628733058754 0.632432694508991 0.647997041287909 0.662615807495609 0.670651370904308 0.679877425655427 0.682792945888495 0.681924703675734 0.683685594173151 0.68254017379853 0.683187095705361 0.689688164991485 0.694138165256907 0.702223422183892 0.70822715062803 0.713201240619679 0.713875271474181 0.704969331410897 0.723667248240369 0.726929182257993 0.721307731438755 0.723091583556781 0.734610333342939 0.744775098032423 0.752514921325925 0.762825808690071 0.767063782259485 0.768936351015941 0.771424465601904 0.775296412191122 0.782014707528268 0.782881929455811 0.789451595581334 0.807100188353885 0.820447637002589 0.826797987059487 0.82833914432045 0.828438613750983 0.829949821684259 0.833040340898696 0.814713012658768 0.818191723150906 0.847651892069892 0.86322156698432 0.868153339828981 0.881273450186033 0.891983417903829 -9999 -9999 -9999 -9999 -9999 -9999
0.665540457170413 0.662187439839202 0.655625428547484 0.643461643197391 0.637911057129312 0.632357662638172 0.632198967271434 0.644581686290292 0.662511049773218 0.669295884334984 0.674988868120005 0.676038873979254 0.678455934697478 0.670817238073491 0.672700395807648 0.680210545469013 0.686870437534354 0.692329307552952 0.699897672706695 0.708094457973473 0.714558368918118 0.720917828672688 0.723654639300835 0.727400440756778 0.708247362340753 0.698519570299069 0.717231695905455 0.733243661076533 0.731481647010239 0.742800285194103 0.76062190245678 0.76523971712148 0.768939288270491 0.77438156836707 0.782125973519279 0.785258483519736 0.779656627789167 0.783728289666426 0.807129837937762 0.826346272159204 0.835695277436205 0.830551010305828 0.833918630768672 0.841960819703815 0.844059602533483 0.843647082016824 0.839969531988317 0.85141765033188 0.873755618565533 0.879449332599336 0.890764855988658 0.893105625100126 -9999 -9999 -9999 -9999 -9999 -9999
0.660474885965842 0.655552756406624 0.648263820427838 0.637243996284091 0.63201761198731 0.633502185368784 0.631065806033596 0.641607138634901 0.659911062728776 0.664732878064901 0.66339688771091 0.656609916771889 0.66587185979656 0.663640935320462 0.670819753210152 0.680090363728326 0.685388317225444 0.690924089258165 0.698349323434645 0.707256075254703 0.715617737382905 0.72088326444363 0.721018188103349 0.697499893911861 0.6756335238074 0.687816149153256 0.723015068366102 0.737341816611909 0.722272939019914 0.737881907856645 0.759214890054513 0.767999453975227 0.770854015693462 0.77431395863149 0.784399041087545 0.786228755922655 0.782468549056514 0.792527964775269 0.807841769541381 0.821970515666325 0.832936465369039 0.836674103069946 0.845610339944499 0.856366868535842 0.854913737022357 0.851175653239244 0.858629426779352 0.870893042117189 0.879631050603284 0.889133203290723 0.894237663863007 -9999 -9999 -9999 -9999 -9999 -9999 -9999
0.64892983403879 0.638245011547386 0.632913333491902 0.627763928019098 0.626213749906945 0.631762018380151 0.632206761375231 0.639234774823632 0.647757411067324 0.658002344311394 0.657891385451985 0.662745202630112 0.6682530248628 0.662272582532817 0.673032489188617 0.683071854765912 0.68658838274509 0.692188273938294 0.7007219349148 0.707154715920375 0.71350314287454 0.720126238459387 0.719863195683455 0.702395130824152 0.682420307350764 0.697889211662792 0.732273852021399 0.736629327621416 0.718743871527602 0.73706620810123 0.762993033209842 0.775429592919131 0.77694410225237 0.778094372919009 0.782610353318355 0.78051892401563 0.777787121285789 0.799562145580468 0.812692811089373 0.827017319215153 0.833670100663467 0.842892501666839 0.850564601300075 0.863481268289015 0.864514867533231 0.86330246085263 0.869165352081132 0.878776252028714 0.886692698508632 0.894110237265037 -9999 -9999 -9999 -9999 -9999 -9999 -9999 -9999
0.649277522783556 0.633964573447905 0.619622319159423 0.615601207706888 0.61804751338253 0.626540067540655 0.634808364144158 0.639323531462533 0.646219650125327 0.649277422085348 0.656805598717748 0.666687027934999 0.671079996548245 0.665678789477129 0.677206670181057 0.686319001669991 0.691159230843762 0.696426179532855 0.703862219879376 0.706977028701538 0.711568097504718 0.718154193919417 0.721354209212849 0.71769540639873 0.706094760185937 0.714231270955727 0.734648745131333 0.727898484221215 0.742337758394015 0.760025317753757 0.773110867865853 0.781766990222512 0.78452123523047 0.786533679740894 0.786299900600307 0.784668669031638 0.784875397307142 0.797591497762722 0.820549005072535 0.831921252435439 0.834436374820664 0.844577585301323 0.84984759257938 0.86731347330405 0.872332475160319 0.871822590080015 0.877100111246494 0.883899607197332 0.887389028486 -9999 -9999 -9999 -9999 -9999 -9999 -9999 -9999 -9999
0.650438209879707 0.63640389678536 0.615855604477398 0.607173984919376 0.610393310736924 0.617018406561935 0.622696854152502 0.624693298160393 0.633984005188468 0.650947554502161 0.659262041382552 0.667190412676539 0.671706188030438 0.672738754342597 0.679398189920053 0.686677532108885 0.692671187323678 0.697304824440648 0.689022244108606 0.694061143259214 0.703853205903292 0.707435903202483 0.708648294951627 0.712164315576133 0.713191665964742 0.720811098515289 0.732681698089913 0.727186681307599 0.724881936028371 0.771904725018683 0.779149685371349 0.785525094218279 0.791471971666338 0.796770614304269 0.798647259377832 0.80489476609989 0.808835413172643 0.812756202517132 0.824571972269716 0.834152360396441 0.838507395267033 0.847810125036069 0.855777523345576 0.867135420699649 0.869430982043963 0.879762088108201 0.882451693496301 -9999 -9999 -9999 -9999 -9999 -9999 -9999 -9999 -9999 -9999 -9999
0.646615242489554 0.637704832048082 0.622826271458476 0.606430296047923 0.607761941792371 0.612596295643605 0.620414809755594 0.626344235738319 0.633236294507201 0.64705692496304 0.65894794985176 0.666147319134923 0.671293141071527 0.675775180012432 0.676657093862911 0.686020068173883 0.692700255535058 0.696685188293452 0.664963623646514 0.671474995597912 0.676233783246294 0.690970822063619 0.693060242510825 0.696767909155665 0.704448064037603 0.71386648121523 0.724823934942066 0.72954671092695 0.746808482402974 0.773573525521302 0.782120538068076 0.788327757477788 0.796283636436911 0.8039530994206 0.807455920021952 0.808304171232437 0.819815103194509 0.826210961964979 0.823454588899815 0.829907922406519 0.844896164729162 0.855490871030534 0.867559083669044 0.87587939901752 0.875553733561005 0.885148889476314 0.885587148731879 -9999 -9999 -9999 -9999 -9999 -9999 -9999 -9999 -9999 -9999 -9999
0.642791279590912 0.644423875888243 0.633765677735695 0.607096108931372 0.606480043360703 0.611360997421517 0.616093843588472 0.621202481748385 0.624720949134696 0.64052924684144 0.657356545846026 0.663500375806568 0.668098595921615 0.671176628427896 0.672671927349764 0.685536247451409 0.690111668873914 0.688293796977027 0.660797923473465 0.664296657915264 0.669113201711339 0.687653930322091 0.693795394552307 0.701496010239252 0.699139373721021 0.697217331204149 0.716246138270652 0.738843908145068 0.756655278346025 0.77332334830665 0.784534804155747 0.791592692089196 0.795654193897783 0.80531321967523 0.815872835980715 0.817622538769185 0.829096395632886 0.833533996409966 0.82639329622271 0.829937548127596 0.850357423921258 0.866983728216975 0.873547257025935 0.877260567989243 0.879007692742928 0.8858186560417 -9999 -9999 -9999 -9999 -9999 -9999 -9999 -9999 -9999 -9999 -9999 -9999
0.640056407503568 0.639446350143473 0.616451310561284 0.600505306640252 0.605169257718943 0.611828232443241 0.615070510033567 0.62515323698587 0.622958395678937 0.632978936049851 0.647169669233004 0.653469172570403 0.65942368017385 0.666523985449296 0.66500936267604 0.661617380231493 0.688474008451261 0.684868412597832 0.649821469824273 0.659650976719469 0.674490648655295 0.690129301687504 0.69676357940173 0.700448251602123 0.690444128577597 0.701675767727843 0.72491145990325 0.744573186021118 0.759956164281993 0.775622957031043 0.787401186169166 0.794486041543589 0.798805075058221 0.803007872462029 0.807447535527546 0.817992509771449 0.826435754201325 0.836141556999608 0.842900996067752 0.849676171522237 0.859443104922408 0.871198579428674 0.875783224931824 -9999 -9999 -9999 -9999 -9999 -9999 -9999 -9999 -9999 -9999 -9999 -9999 -9999 -9999 -9999
0.63976206195807 0.635099433312802 0.616257853715157 0.5909721426179 0.602369626328168 0.608066807832644 0.612974244361523 0.624621146517986 0.62679232148495 0.623185446153299 0.623928466659219 0.626991137085282 0.63251562828485 0.652941675236256 0.662137729997069 0.661469491598234 0.68665216492129 0.681507126158959 0.661205694303619 0.656260260868247 0.650835142153695 0.684563122663867 0.689174711513665 0.681762658713721 0.69187527577982 0.713613589759804 0.734455068401807 0.750977448154376 0.767065449055873 0.78136887746609 0.791310263388601 0.799480188634697 0.806569624646888 0.809226576401107 0.813048826808578 0.81873019505094 0.824880234582696 0.839478132312615 0.848392253991831 0.857513867163735 0.868252308588205 0.875290212468883 -9999 -9999 -9999 -9999 -9999 -9999 -9999 -9999 -9999 -9999 -9999 -9999 -9999 -9999 -9999 -9999
0.618237922117532 0.63088000275842 0.616766155712197 0.584183447612853 0.596798792680492 0.602651224523542 0.609037510571405 0.612525486824753 0.623862536810686 0.622871676492122 0.622173822524646 0.623269518105296 0.626331381518521 0.650668821768822 0.667404788996865 0.673663377898399 0.683178134489046 0.683599784659425 0.690355428318931 0.665630810819496 0.649902229212517 0.661490406792666 0.692787808245662 0.686189250197216 0.70575089496689 0.720207055512718 0.740720948625556 0.759753457122719 0.778412114035682 0.791501773009796 0.795169634415822 0.803141320178326 0.813235055097703 0.817273387104985 0.820263268167602 0.821780867132091 0.833004498363926 0.842182525449718 0.855960335431912 0.8615629962065 0.873934981077697 0.87471372461423 -9999 -9999 -9999 -9999 -9999 -9999 -9999 -9999 -9999 -9999 -9999 -9999 -9999 -9999 -9999 -9999
0.60488089975619 0.612225953243095 0.605118472392919 0.577758398078575 0.590393190506176 0.598099812521376 0.604354347088518 0.60834785351503 0.609103582146577 0.613074467329928 0.615139862461716 0.62080747023659 0.639877179519322 0.659815321420488 0.672611966701306 0.680419077330286 0.676967242494255 0.680017601187793 0.689223312213423 0.669226936849663 0.648836787631313 0.661046278935619 0.697011909811015 0.685208601490794 0.723059547746304 0.723094697136015 0.745793519717056 0.767839467769171 0.784519536099242 0.795225007300838 0.797702768327568 0.805664717762951 0.815659901331218 0.822109605156886 0.824891560689168 0.826197054973572 0.836086560334204 0.851051073262128 0.861206307055869 0.866093004160406 -9999 -9999 -9999 -9999 -9999 -9999 -9999 -9999 -9999 -9999 -9999 -9999 -9999 -9999 -9999 -9999 -9999 -9999
0.60410663375016 0.600268625077186 0.590056518950326 0.572397653872098 0.585277090152909 0.593115704475197 0.598871946670765 0.602560077670741 0.608525769272849 0.612984573023738 0.61392946248582 0.622292656242965 0.644834878267944 0.663045000896845 0.673720688058884 0.679924768935287 0.668205644943896 0.669795017089215 0.691212554141814 0.673576790582038 0.647342308268957 0.663460700038022 0.680386621741543 0.67906527655905 0.736893004786086 0.731769381635835 0.753764664385668 0.768591300912089 0.791080390983833 0.799213002836423 0.804764832923879 0.811973243951638 0.818896677817634 0.825943458750534 0.832747317487269 0.838306916047063 0.845780520905108 0.854739557001321 0.862921922243617 0.86575021249109 -9999 -9999 -9999 -9999 -9999 -9999 -9999 -9999 -9999 -9999 -9999 -9999 -9999 -9999 -9999 -9999 -9999 -9999
0.607087163732963 0.599445964716283 0.583677999899932 0.571659332969486 0.581142156807481 0.588800448857115 0.595566524518562 0.599984621121278 0.611539549802728 0.61468437710582 0.613778375144879 0.625380769380564 0.646387197819195 0.663205750806516 0.673658763586411 0.678765790881984 0.671257105654789 0.650983423968266 0.675784302217957 0.679568656564317 0.656514416801298 0.655043529409282 0.661439735582295 0.682550669718277 0.74228841848253 0.747577691980595 0.767365968267739 0.768287012591799 0.794976526264341 0.803114708443322 0.809169380027007 0.809531005741726 0.820382665879772 0.831644948727176 0.842405856987359 0.844037342833166 0.848922176514201 0.859353124203239 0.865052582484724 0.865507299871164 -9999 -9999 -9999 -9999 -9999 -9999 -9999 -9999 -9999 -9999 -9999 -9999 -9999 -9999 -9999 -9999 -9999 -9999
0.60551143255281 0.601710058221254 0.58540447085534 0.574815164427798 0.577772433426459 0.586762703369291 0.592283639323604 0.598162384459736 0.607521416618561 0.614479447070273 0.620628132366714 0.631601897980144 0.648281444046956 0.663398282642028 0.673234351764475 0.677485055963411 0.674897238442832 0.64417272009176 0.67506963618538 0.687614513596047 0.661213851755374 0.653317863272407 0.66297886897423 0.689191053757947 0.734184435431021 0.761283229382751 0.767743039162827 0.775231830180625 0.77872481321486 0.780285298057018 0.798972005070176 0.80283695527583 0.821258692748217 0.838670592118404 0.84543153568896 0.851946099692624 0.858811596525839 0.864289754180506 -9999 -9999 -9999 -9999 -9999 -9999 -9999 -9999 -9999 -9999 -9999 -9999 -9999 -9999 -9999 -9999 -9999 -9999 -9999 -9999
0.598790969226065 0.5981970518536 0.570905408811425 0.560847527043192 0.574475670147826 0.585799188137086 0.591011516895906 0.594742951973439 0.60226443261573 0.613823074826431 0.623545366277438 0.630186978035019 0.640754992024293 0.660979821273096 0.672128395275013 0.675436771294439 0.660065760255332 0.652015979861559 0.673218114698173 0.682598439045895 0.652624334828208 0.668241192144718 0.675158785653733 0.682092649880043 0.721784718321562 0.762834333645306 0.763081162779229 0.754369706896676 0.755708762800689 0.757530753984441 0.779630064215715 0.812400946027342 0.828509879718337 0.843196082991314 0.858827485307915 0.861248341214762 0.861653646489151 0.862362150141983 -9999 -9999 -9999 -9999 -9999 -9999 -9999 -9999 -9999 -9999 -9999 -9999 -9999 -9999 -9999 -9999 -9999 -9999 -9999 -9999
0.596684685415935 0.594198473251722 0.572586074266517 0.563313844760892 0.570129190743071 0.580504081337379 0.586623628520614 0.591442398584729 0.599878504189039 0.61035552084176 0.615149362217807 0.616363449846424 0.631281455032635 0.661360213532939 0.669095747006028 0.672183025816372 0.65710022982243 0.656535995640956 0.661363142132581 0.682258005418968 0.660440191768357 0.684809762656663 0.673102525890146 0.684044637464995 0.724372301432735 0.756052865084083 0.751062004953882 0.74302502211297 0.75029149815054 0.752713895116172 0.771145138087911 0.821296825046802 0.832064479500161 0.84788773431893 0.860136405820193 0.863661558322096 0.860092606862661 -9999 -9999 -9999 -9999 -9999 -9999 -9999 -9999 -9999 -9999 -9999 -9999 -9999 -9999 -9999 -9999 -9999 -9999 -9999 -9999 -9999
0.59584044237013 0.581681440932095 0.563076906149225 0.560587249531437 0.56658386604071 0.575530467253745 0.581957968413405 0.591043028530941 0.60078924852306 0.606757387837564 0.610677340745485 0.624520724675965 0.649535186238346 0.660818264649742 0.668081418313997 0.671677866360098 0.666720870350898 0.659380096516262 0.653453470134942 0.699699041372642 0.71525863262811 0.670170941950167 0.66436730218022 0.709165357227903 0.747438118491389 0.760899378995621 0.744694049153896 0.748378796413507 0.763554003820208 0.76925010467325 0.788892319837379 0.821380869891781 0.835587152327855 0.849474559290015 -9999 -9999 -9999 -9999 -9999 -9999 -9999 -9999 -9999 -9999 -9999 -9999 -9999 -9999 -9999 -9999 -9999 -9999 -9999 -9999 -9999 -9999 -9999 -9999
0.592022544491259 0.579759377899265 0.570890811043104 0.560679574519395 0.562583844445917 0.570634764966208 0.579668315407972 0.592056639027725 0.602909372188889 0.612176237285959 0.624535309149678 0.636732351022368 0.648987542160602 0.65863015294654 0.665878610106784 0.671530184894133 0.674765262312987 0.66828813027566 0.661522320447023 0.698430845850558 0.706356110100539 0.721883482062544 0.712135171385644 0.730305474417278 0.765010179880114 0.773449386026326 0.760222399694097 0.767049618313244 0.779597816498036 0.801410715811627 0.814183766593735 0.822972972892993 0.838076851044625 0.852528068161774 -9999 -9999 -9999 -9999 -9999 -9999 -9999 -9999 -9999 -9999 -9999 -9999 -9999 -9999 -9999 -9999 -9999 -9999 -9999 -9999 -9999 -9999 -9999 -9999
