layers/veg/veg3400.asc
NCOLS 255 
NROWS 330 
XLLCORNER -2985163.8955 
YLLCORNER -3022031.214 
CELLSIZE 25000 
NODATA_value -9999 
[rows 150 to 174 of 330, columns 57 to 113 of 255]
-9999 -9999 -9999 -9999 -9999 -9999 -9999 -9999 -9999 -9999 -9999 -9999 -9999 -9999 -9999 -9999 -9999 -9999 -9999 -9999 -9999 0.508603551022853 0.459430889145569 0.357128128383804 0.219543840836308 0.0996216032817466 0.0358577071519377 0.0413594355226665 0.0820267689959941 0.110686665700185 0.115197485258275 0.110581081203455 0.101961039488225 0.096175389707168 0.0830250270297804 0.0232340106500071 0 0 0.0471099700888886 0.0677884388541012 0.0973987781140322 0.165325787780132 0.159784149711316 0.169485577466257 0.223474665547778 0.277600834067727 0.344824823658238 0.402054820361308 0.399292695942602 0.424773383716105 0.464345007323764 0.474386964149389 0.478490510505386 0.477457832095328 0.477554619044385 0.477047124354585 0.476187565140925
-9999 -9999 -9999 -9999 -9999 -9999 -9999 -9999 -9999 -9999 -9999 -9999 -9999 -9999 -9999 -9999 -9999 -9999 -9999 -9999 -9999 0.48114125550797 0.456256709260986 0.397555616924809 0.304267977599546 0.171211184581675 0.0696328714095664 0.0606520893969747 0.0844326344763474 0.103446418658183 0.108749499162444 0.102911306164702 0.0934797645536639 0.0846813345791026 0.068699827357615 0.0223330685399847 0 0 0.0226253729787274 0.0491973975535158 0.0676157652989451 0.10349354144585 0.128744878340435 0.177877146768458 0.190840660703475 0.269331862259124 0.346227989744303 0.403939983895386 0.39189564830246 0.413231271941519 0.463109205330227 0.4732901569291 0.477730834800866 0.479551129981865 0.478397094317965 0.47682163043365 0.481125067972903
-9999 -9999 -9999 -9999 -9999 -9999 -9999 -9999 -9999 -9999 -9999 -9999 -9999 -9999 -9999 -9999 -9999 -9999 -9999 -9999 -9999 0.502566676161902 0.47844481562663 0.429271388026271 0.358822573743852 0.220464515172144 0.0539737994988534 0.00594348702660449 0.0660405880347833 0.0871728573767245 0.0825145923670988 0.097313845077317 0.0975282031545387 0.094497772269526 0.0763187822722993 0.00965171505811457 0 0 0.0124368000077474 0.00476907333216553 0.0454322994690538 0.110777855984045 0.0959568530811394 0.142935778504298 0.2326539933074 0.31989380377723 0.372875723950633 0.403526533939099 0.412924398808287 0.432799768483495 0.464875720288102 0.473793863460697 0.47830720365379 0.481794878947754 0.482296348781309 0.480161863730289 0.483073323364619
-9999 -9999 -9999 -9999 -9999 -9999 -9999 -9999 -9999 -9999 -9999 -9999 -9999 -9999 -9999 -9999 -9999 -9999 -9999 -9999 -9999 -9999 0.489886067742177 0.451618277474635 0.395542987029389 0.255879735475752 0.0813458902765443 0 0.0394866326092605 0.0952181379872084 0.104812150288463 0.0992258344370761 0.0973938561174841 0.0955804930524591 0.0740784457572779 0.0187547814834387 0.00518731727922646 0.0482493808380924 0.044140760869186 0.0653072582966868 0.104992645384225 0.114834186636994 0.100006896553005 0.134824233317031 0.230550048080694 0.286417179863504 0.369485502887746 0.410784318114199 0.424872619350344 0.447893138757409 0.470687455490327 0.478233830687287 0.482553760999523 0.486610139811206 0.48792278482187 0.489078088540738 0.492424037680601
-9999 -9999 -9999 -9999 -9999 -9999 -9999 -9999 -9999 -9999 -9999 -9999 -9999 -9999 -9999 -9999 -9999 -9999 -9999 -9999 -9999 -9999 0.480989811683027 0.477218222109914 0.442681952575595 0.300858361411042 0.130382073099508 0.0410969012584825 0.0396781148591858 0.0940651037440208 0.102947382931872 0.101127097219671 0.0994074988049204 0.0972311634293271 0.0782808040479987 0.0480852783856069 0.0511966026654015 0.0564569928819083 0.072083884943427 0.125070177362511 0.127228502959029 0.116136810613154 0.129532560227852 0.199504011848895 0.272955149783012 0.305764503176128 0.382798683186987 0.401080530575455 0.410859865057553 0.445125581518963 0.470202967710997 0.480658515525962 0.487150076677789 0.492112914447719 0.494695330846339 0.497146686302073 0.499849650546193
-9999 -9999 -9999 -9999 -9999 -9999 -9999 -9999 -9999 -9999 -9999 -9999 -9999 -9999 -9999 -9999 -9999 -9999 -9999 -9999 -9999 -9999 0.485894993328458 0.48353203517536 0.46284721547513 0.329819318045312 0.139089070736048 0.0445389983519106 0.0451713625346044 0.0940109679809946 0.0999259993084701 0.0980308185196957 0.0971704090992749 0.0955613183568092 0.0784957646353564 0.060102036043484 0.0469815380135613 0.0401391217844511 0.0458295941574553 0.105306235303691 0.143427661632256 0.111059496281782 0.135660833075337 0.207323596878707 0.313168125968945 0.368709555074382 0.398471727418528 0.39472007478873 0.409973955893941 0.44070105991617 0.473027072492075 0.483921873578509 0.490111441325928 0.495787570822537 0.499053797544864 0.501323798338827 0.503985648353873
-9999 -9999 -9999 -9999 -9999 -9999 -9999 -9999 -9999 -9999 -9999 -9999 -9999 -9999 -9999 -9999 -9999 -9999 -9999 -9999 -9999 -9999 0.486853474852809 0.483686890812098 0.480809192848987 0.380366406091821 0.167837798095192 0.0561399520019701 0.0610809811102969 0.0753147166145258 0.0926106850637136 0.090479295594706 0.0892191391238286 0.0933947414498535 0.0888986635800977 0.0790277883719085 0.0539065554026972 0.0393784511446202 0.0632389566406153 0.11891047045423 0.163955194439027 0.140652506552612 0.12227455553796 0.17716841670241 0.285965728910728 0.385900516959882 0.425338283016315 0.412970555002893 0.420144620283453 0.457541678565765 0.48088398978202 0.491856661267711 0.497468225881931 0.50212247007285 0.505165559020432 0.507145188314537 0.509508466488238
-9999 -9999 -9999 -9999 -9999 -9999 -9999 -9999 -9999 -9999 -9999 -9999 -9999 -9999 -9999 -9999 -9999 -9999 -9999 -9999 -9999 -9999 0.49400102216299 0.48376846943119 0.473473845681379 0.410776358730475 0.204186408733779 0.0459724538797376 0.0312315981111556 0.0417192820788643 0.0745689433986949 0.078015044808886 0.0767287317020433 0.0874679766132316 0.0828951376595558 0.072357736698189 0.0553832974432408 0.0421174311209104 0.0798991675134579 0.152713585845025 0.160295944205734 0.157023494458881 0.163674771240181 0.213284619641987 0.326378775496277 0.397904438108782 0.450605713263805 0.445043669329105 0.451283195213096 0.478131350434674 0.493776155112958 0.500927345892709 0.505617502760337 0.508417293773818 0.510177728207238 0.512527763587201 0.514713495097544
-9999 -9999 -9999 -9999 -9999 -9999 -9999 -9999 -9999 -9999 -9999 -9999 -9999 -9999 -9999 -9999 -9999 -9999 -9999 -9999 -9999 -9999 0.489293226263699 0.482547299001836 0.479909425169531 0.426524350860978 0.221128485378047 0.0306220420729072 0.00256784751627388 0.0159038785806546 0.0321570994042151 0.0595675672064421 0.0695725354864135 0.0640941667467376 0.0673803593942946 0.0620955455050419 0.0340558695772667 0.0181730583517808 0.03111088971084 0.0776383062398444 0.121623733780872 0.150407271037359 0.156990162677643 0.193766972518586 0.297460072976802 0.360952631489005 0.429918160601217 0.475965811674181 0.488046102652118 0.500280260439542 0.502352730006719 0.508322310779318 0.512912507932716 0.514527924237484 0.515236939736086 0.516578839208006 0.518812261180062
-9999 -9999 -9999 -9999 -9999 -9999 -9999 -9999 -9999 -9999 -9999 -9999 -9999 -9999 -9999 -9999 -9999 -9999 -9999 -9999 -9999 -9999 0.484928637810338 0.487928355860508 0.491456207128358 0.44608836096001 0.266992044598192 0.0723500315548615 0.0176575235133707 0.0378491061604541 0.0455424510122478 0.0331668196606362 0.0426975767018555 0.0594004343822957 0.0645911835789391 0.0501895841813026 0.0208057747484937 0.00889765092825474 0.0292459021419913 0.0749605229750894 0.116389694050526 0.135442184648985 0.155645902156632 0.208277844663071 0.268665488520831 0.32622400389654 0.411451484433143 0.46103253026284 0.493945306183406 0.512310480633876 0.51258930247842 0.51713818893995 0.520189801805023 0.520749084770588 0.521127387471425 0.521799504506325 0.522925384388935
-9999 -9999 -9999 -9999 -9999 -9999 -9999 -9999 -9999 -9999 -9999 -9999 -9999 -9999 -9999 -9999 -9999 -9999 -9999 -9999 -9999 -9999 0.481276822110392 0.489690219868004 0.499862672287611 0.461350951427039 0.285845358870148 0.0983891267716399 0.0601767545995364 0.03372943740836 0 0 0.00542980999693793 0.0424291965614901 0.0553397960834466 0.0284097480275549 0.00199788494056908 0 0.0372252165615109 0.11278091649866 0.141717393712122 0.0990465164390661 0.102250686188083 0.220656633159905 0.303708984258857 0.343903496842099 0.396265800379175 0.419982807107188 0.475963243025094 0.511259313495695 0.518612564912649 0.525255008685569 0.525720600843648 0.526020374612002 0.526170255432465 0.526219178669171 0.526281311202701
-9999 -9999 -9999 -9999 -9999 -9999 -9999 -9999 -9999 -9999 -9999 -9999 -9999 -9999 -9999 -9999 -9999 -9999 -9999 -9999 -9999 -9999 0.474724698750632 0.478925197458776 0.478441563476562 0.450555290226696 0.287587411639189 0.112218390277865 0.040993394443923 0.000308650506964872 0.00666484629585139 0 0 0.0260993548675745 0.0398203031438514 0.00686161792483636 0 0 0.0445840736012815 0.105699487716406 0.103155967134398 0.0885766329109449 0.108153829087351 0.235220579827938 0.329020565114478 0.380588248193407 0.412404073807854 0.436745542882597 0.478901860225149 0.511702501230506 0.523317765919272 0.527006868363258 0.52723411399459 0.527618691727903 0.527977991116975 0.528221874889261 0.52840916734983
-9999 -9999 -9999 -9999 -9999 -9999 -9999 -9999 -9999 -9999 -9999 -9999 -9999 -9999 -9999 -9999 -9999 -9999 -9999 -9999 -9999 -9999 0.423906662870961 0.42181193418737 0.426843504968515 0.422584358133324 0.26775874239321 0.116452436966694 0.0798543276765666 0.0275982846619259 0 0 0 0.00845923705309898 0 0 0 0.0177248687367117 0.0408310668595795 0.0663214585775124 0.0877698711780948 0.0825969861372967 0.116165892922978 0.224879073613836 0.337961554602328 0.421981707435281 0.425483115841409 0.462756499306876 0.501710499220734 0.520850930445487 0.529101122660057 0.53073065514297 0.530346871950084 0.530262317620915 0.530280461910788 0.530378286003241 0.530546771696856
-9999 -9999 -9999 -9999 -9999 -9999 -9999 -9999 -9999 -9999 -9999 -9999 -9999 -9999 -9999 -9999 -9999 -9999 -9999 -9999 -9999 -9999 0.386674526353749 0.380123241957449 0.416484216904327 0.415681363824357 0.280151756691823 0.137517212203693 0.0919885908013998 0.0528353770171374 0.00605686037265092 0 0 0 0 0 0 0.0300764816727493 0.0572660076707928 0.0704854971105809 0.0690036218751235 0.0458701139920546 0.0949262122422463 0.243715453397299 0.365984791026432 0.446686291778407 0.468994261131008 0.48868398835656 0.515558760832714 0.526292384003605 0.532389346030711 0.533965302292674 0.53349629528432 0.532946963786589 0.532799010410226 0.532924970274001 0.533112697069275
-9999 -9999 -9999 -9999 -9999 -9999 -9999 -9999 -9999 -9999 -9999 -9999 -9999 -9999 -9999 -9999 -9999 -9999 -9999 -9999 -9999 -9999 0.406371593698015 0.402316203471936 0.412455010135961 0.412250081671802 0.296402320683394 0.201850070156248 0.208708102990209 0.170189041792477 0.0878800588490868 0 0 0 0 0 0.00245707894994385 0.0399773227098777 0.0497505328289435 0.0732025774770089 0.0629112814349057 0.0427604574844605 0.0807734875100518 0.247889854555618 0.419440058317004 0.464974257497274 0.476502470216411 0.499399272120719 0.52460436007669 0.530279676296479 0.534931693997999 0.536097515007854 0.535620789781577 0.535086205439699 0.534896110494429 0.534726235405129 0.534538021720737
-9999 -9999 -9999 -9999 -9999 -9999 -9999 -9999 -9999 -9999 -9999 -9999 -9999 -9999 -9999 -9999 -9999 -9999 -9999 -9999 -9999 -9999 0.396754963560402 0.387314433640035 0.402708966049586 0.406564105382076 0.324469653143043 0.249539174361148 0.222020594852423 0.14684613798694 0.0580054058736398 0 0 0 0 0 0 0.0113086225701728 0.0442095599578541 0.0771432637920295 0.06444585754932 0.0657565464470604 0.155375928874301 0.313936955940266 0.449282742839361 0.494607243957378 0.508094909435364 0.515044897191495 0.53273455193708 0.536298448354564 0.538621864722827 0.539026652088427 0.538185660438427 0.537196029637981 0.536835013243853 0.536795482428696 0.536552547188404
-9999 -9999 -9999 -9999 -9999 -9999 -9999 -9999 -9999 -9999 -9999 -9999 -9999 -9999 -9999 -9999 -9999 -9999 -9999 -9999 -9999 -9999 0.420463914991709 0.399545229146474 0.392995325366594 0.395612390591929 0.323192689483991 0.237311449902812 0.196665128751409 0.161209759726704 0.123606087259889 0.02489314851232 0 0 0 0 0 0 0.0253358928303747 0.0881193627744307 0.0711924936462959 0.109728358524449 0.219816653944802 0.344903921795412 0.468666466649071 0.499617266894443 0.517755790287457 0.52975264453694 0.5401156890695 0.541809867303551 0.542115043552589 0.541422783094661 0.540396138736794 0.539482464122544 0.538753701619206 0.538456743110753 0.53839203578885
-9999 -9999 -9999 -9999 -9999 -9999 -9999 -9999 -9999 -9999 -9999 -9999 -9999 -9999 -9999 -9999 -9999 -9999 -9999 -9999 -9999 -9999 0.434131287683532 0.417534530063776 0.396994151859521 0.385354013189982 0.309151478826337 0.230564970124425 0.206136946455007 0.208352985136493 0.232294409960693 0.117274022514206 0 0 0 0 0 0 0.0159953506473285 0.0782674790431709 0.0748335532029131 0.0285128476344245 0.0640992410271886 0.293035585590371 0.479398195867477 0.519096133770445 0.522946259750792 0.53820111262935 0.544009120756878 0.544264832228648 0.543753914773184 0.542830215836672 0.541868967476973 0.540856362270374 0.540131072041771 0.539654341163093 0.539385010195793
-9999 -9999 -9999 -9999 -9999 -9999 -9999 -9999 -9999 -9999 -9999 -9999 -9999 -9999 -9999 -9999 -9999 -9999 -9999 -9999 -9999 -9999 0.510637036978068 0.421245648205943 0.397757342894053 0.378591872516437 0.31665792642942 0.209213578006235 0.174580537485345 0.230439131607928 0.2683412528578 0.149957605938603 0 0 0 0 0 0 0.0507032806521332 0.0712405377102012 0.0630418369982195 0.0746483474862939 0.0846289757201008 0.261281650259001 0.474484513480378 0.525313013244449 0.535609916979477 0.542798251729538 0.544042424222944 0.544442757496668 0.544190935770075 0.5436994527188 0.542993861014237 0.542079865366196 0.541583708412556 0.540948170190292 0.54027566029862
-9999 -9999 -9999 -9999 -9999 -9999 -9999 -9999 -9999 -9999 -9999 -9999 -9999 -9999 -9999 -9999 -9999 -9999 -9999 -9999 -9999 0.574362818392859 0.510572190198874 0.427740203391493 0.411813201082543 0.374738528537031 0.287306864132912 0.202957350108767 0.200422625266984 0.244542297374688 0.271889548484695 0.171974365132592 0.0092481420234969 0 0 0.00387832191409675 0.0180601253655998 0.0242458327616489 0.0602218749898792 0.0716625723485197 0.0732923401253103 0.0903049814074802 0.154720672745556 0.303162688702711 0.458031073087968 0.531371484195005 0.537792863962136 0.539642138547488 0.543476620410795 0.544463351797709 0.544338942626455 0.543976102994441 0.543640884844346 0.542993340868715 0.542399827698952 0.541877647804883 0.541362636179433
-9999 -9999 -9999 -9999 -9999 -9999 -9999 -9999 -9999 -9999 -9999 -9999 -9999 -9999 -9999 -9999 -9999 -9999 -9999 -9999 -9999 -9999 0.528441820680927 0.469501937911937 0.440224785469514 0.375975628320362 0.300607630883529 0.25607642527673 0.247246069831336 0.25717078634087 0.27153057816786 0.173232620346544 0.0145152114766453 0 0 0.00122765844017495 0.0222377313490097 0.0356682959141892 0.0842623125587359 0.0935242289510961 0.080052773578558 0.135698376436405 0.294310890296179 0.43787867305263 0.503332131771276 0.528594276066812 0.524960262556753 0.531956654045827 0.5431914462424 0.545154046134141 0.544800618547216 0.544567198452846 0.544303659764852 0.543637681332021 0.54314301220404 0.542777583781376 0.542282153375949
-9999 -9999 -9999 -9999 -9999 -9999 -9999 -9999 -9999 -9999 -9999 -9999 -9999 -9999 -9999 -9999 -9999 -9999 -9999 -9999 -9999 -9999 0.506029085678767 0.471443545801126 0.454610717359811 0.397025514897407 0.299718690073112 0.254490411948507 0.248743207068546 0.247244027948724 0.262555715416977 0.174683346904405 0 0 0 0.00269952865829108 0.022686136515189 0.0377816391961286 0.082013595668338 0.0784157054923745 0.0728496930301542 0.190948718202457 0.362260766550538 0.468409824964072 0.514768704286544 0.509586557500343 0.517392354836162 0.53258927599491 0.544320683265288 0.545543175317699 0.545020529795208 0.54471839029881 0.544419492038541 0.543822930431366 0.543279889303406 0.542801596520043 0.542347726528832
-9999 -9999 -9999 -9999 -9999 -9999 -9999 -9999 -9999 -9999 -9999 -9999 -9999 -9999 -9999 -9999 -9999 -9999 -9999 -9999 -9999 0.52061976139787 0.504068387742918 0.483686749854978 0.482491680102437 0.419485969555053 0.297083736193845 0.225993254713805 0.20744690768008 0.181832548128637 0.188785272981184 0.122495007972757 0.0106169254479374 0 0 0.0147465350913356 2.81237301239957e-05 0.00209675693257288 0.0314941600087504 0.0158351700706583 0.0732220283856826 0.257718617637621 0.408989000002152 0.481124302679753 0.456598264342162 0.418736270021969 0.492669742474539 0.532885230972776 0.54390198483338 0.545674550142303 0.545448488357925 0.544787231643668 0.544430291880021 0.544057529944679 0.543578066669728 0.543066552320934 0.542475577560941
-9999 -9999 -9999 -9999 -9999 -9999 -9999 -9999 -9999 -9999 -9999 -9999 -9999 -9999 -9999 -9999 -9999 -9999 -9999 -9999 -9999 0.497644642414024 0.469930725240886 0.438599142126939 0.447381687467341 0.40665227127552 0.293403898677022 0.175272676398929 0.132743695893769 0.143609503456612 0.121887765870332 0.0340274664023894 0.0156985278900818 0.0367044810393454 0 0 0 0 0.00875564934779452 0.0688392097137217 0.111817128820347 0.259835090488605 0.426979302541091 0.466412981267613 0.449853898436932 0.400729912851444 0.472650474426572 0.533285688371512 0.54149892846385 0.543732105452172 0.544193742798728 0.544114323902735 0.544290291788528 0.544059916046463 0.543784604141893 0.543320328269541 0.542848223802304
-9999 -9999 -9999 -9999 -9999 -9999 -9999 -9999 -9999 -9999 -9999 -9999 -9999 -9999 -9999 -9999 -9999 -9999 -9999 -9999 -9999 0.488784484319245 0.430332962758239 0.384080577740337 0.417183134557498 0.377660696736737 0.244026690505902 0.143026069207443 0.108711200200756 0.0712621064402356 0.0272288656269746 0 0.025246249270947 0.071041122161125 0.0477952048866906 0 0 0 0 0.0675525499041016 0.133484769374371 0.249548233959151 0.442173995703635 0.478561102590484 0.416728193790411 0.39640427664917 0.498735923054304 0.532057025873551 0.538941831451337 0.541420284953582 0.542184127597787 0.542508715716607 0.543168235943285 0.543534876489712 0.543593006006384 0.543245791308508 0.542581148194841
