layers/veg/veg3500.asc
NCOLS 255 
NROWS 330 
XLLCORNER -2985163.8955 
YLLCORNER -3022031.214 
CELLSIZE 25000 
NODATA_value -9999 
[rows 182 to 207 of 330, columns 116 to 173 of 255]
0.120038067948498 0.122632341839293 0.124979796534798 0.128888507951817 0.132418761576866 0.138190692164398 0.144254262145579 0.150707060463023 0.157569047327473 0.163576362644034 0.172022648580484 0.180872566930144 0.189399219288597 0.196887152089874 0.207309399176408 0.214701486470026 0.224708628204561 0.239177653748455 0.249283471896143 0.253552951239019 0.26534289956391 0.279245433266957 0.289186514181564 0.313613460131737 0.329547999982689 0.325299764140454 0.328554803778622 0.329975088168191 0.347729207999941 0.348519621222591 0.370793839139561 0.378479604881492 0.373544671625902 0.366336181027606 0.372416997618141 0.384909346794547 0.402829228843802 0.411845211400852 0.428879230602989 0.437486619071588 0.44121339983988 0.445362333134214 0.457996311607496 0.465649256096035 0.465332433941353 0.525866386181349 0.589779306483794 -9999 -9999 -9999 -9999 -9999 -9999 -9999 -9999 -9999 -9999 -9999
0.116113902891295 0.118585701112701 0.121182348340076 0.124858699386924 0.128800959372283 0.13402154307618 0.139954684246879 0.146191065986231 0.152914701022173 0.158788434882109 0.167020486286552 0.17551734065627 0.183092891553068 0.191022190148488 0.202358920522152 0.212661402102746 0.222967290572268 0.234883168560686 0.243667542974412 0.244382292753337 0.254428897380799 0.27422309395873 0.286694793514217 0.307776914661198 0.320175243898994 0.305708268636165 0.31076761590623 0.327743719790008 0.337881375920389 0.342145710817775 0.3539069333648 0.368274228216116 0.363225034960784 0.355559514051606 0.354311939546365 0.366400560559746 0.387301850975392 0.404457157928466 0.417713744544164 0.424940110641544 0.436308696882333 0.441166663648886 0.449176407921209 0.463397893585226 0.487068316285688 0.549894262006661 0.581762051832989 -9999 -9999 -9999 -9999 -9999 -9999 -9999 -9999 -9999 -9999 -9999
0.112347101297338 0.114668244070004 0.117251591346361 0.120747944608713 0.124908738161789 0.129745965569818 0.135724642444205 0.14176695012874 0.148459410538745 0.153986531293765 0.16192926815461 0.170018942294916 0.178897562269255 0.187138364638525 0.195718348375728 0.206170309305393 0.217752040430119 0.228775650921055 0.236484531526721 0.239912313325875 0.255764883917246 0.266991332531846 0.291418003981582 0.302256408417035 0.296359240551626 0.300654531819425 0.315169948374538 0.332527640173411 0.348142944270298 0.357238194371533 0.356902901840481 0.366227477534153 0.356269957142093 0.347455366255178 0.342812043159876 0.346948920500778 0.364326232909401 0.377751415618718 0.392451990009026 0.407135245922082 0.430865238024831 0.43961401311679 0.438493931222399 0.473105250605182 0.525700223395777 0.562634005135957 0.58101712722124 -9999 -9999 -9999 -9999 -9999 -9999 -9999 -9999 -9999 -9999 -9999
0.108830658024169 0.111254936537925 0.113517345880029 0.116966128263497 0.120703233062768 0.125899026693282 0.131529434168807 0.137585304207937 0.144121887756572 0.149455400063339 0.156787007542385 0.164579598629315 0.173278178163078 0.181178249314392 0.187948415910895 0.197194269008385 0.210399203739711 0.222967359380935 0.22685507299269 0.237998872206256 0.255813661023706 0.27060085172734 0.277106231127994 0.281533855072041 0.28052798877904 0.303356098207686 0.320911783333506 0.331631362823268 0.35048438837551 0.362650494589072 0.366141894798179 0.36795765165426 0.357285216988419 0.346836971501351 0.344370742262559 0.344977785689959 0.359856591917766 0.3564491826579 0.36806481654356 0.395308801289428 0.422630193816752 0.443390605700322 0.44087241149485 0.487552148469609 0.537208614496987 0.56508095549053 -9999 -9999 -9999 -9999 -9999 -9999 -9999 -9999 -9999 -9999 -9999 -9999
0.105559093158795 0.107611281884099 0.11003506155654 0.113026487719211 0.116628054696689 0.121664342358517 0.127360360531228 0.13336200551474 0.139815792901191 0.145061551211397 0.152266036160449 0.159889461168838 0.168131298103488 0.177072943927328 0.186509256051102 0.194984595965631 0.205813330428744 0.216761682272979 0.22476108172838 0.237026771144982 0.248842391605197 0.255754683633463 0.257860238305483 0.273297910548661 0.282663634956107 0.309321582532668 0.319075510716019 0.330085762505855 0.347731226600152 0.360276669512862 0.372086254152029 0.375040994596533 0.368872592669859 0.357152836173221 0.358458970298037 0.367075007005255 0.370865461676451 0.361503207822468 0.368630979099978 0.373550249156666 0.402797948628801 0.448700577734437 0.470070707831738 0.49187729082047 0.527689448915885 0.550211247417489 -9999 -9999 -9999 -9999 -9999 -9999 -9999 -9999 -9999 -9999 -9999 -9999
0.103059485769955 0.105119681217825 0.107364305638988 0.110299144666903 0.113977137488026 0.118624272044654 0.124404994469551 0.130306006058357 0.135799792431211 0.140161332110848 0.147438297871761 0.156084966673076 0.165108174678809 0.173755285595734 0.183275163651344 0.191321393449706 0.201984723207384 0.213554320949485 0.223806168060979 0.235612020515296 0.241346796976943 0.240783555722647 0.246718255786598 0.27063815827069 0.291748644002084 0.309458767139666 0.314702369487425 0.324125724538069 0.344717896296278 0.35414612331966 0.366916410242945 0.382013718014296 0.38045895588895 0.376174723613057 0.386780056474308 0.36834984191505 0.357583298346952 0.365228895578063 0.377988467030761 0.368419519829934 0.395082852648243 0.454856601141847 0.461884852104789 0.47731536452292 0.512639091570613 0.545579129636426 0.560629542165669 -9999 -9999 -9999 -9999 -9999 -9999 -9999 -9999 -9999 -9999 -9999
0.100194165731155 0.102111579339917 0.104038307134571 0.106817872340045 0.110387358973483 0.114952478891572 0.120760797701326 0.126225981160166 0.13079761887177 0.135411492242893 0.142504593286915 0.15065292648035 0.159498181223424 0.168518262121265 0.17852154183303 0.18664135408055 0.196463224048471 0.208350056286965 0.217919153628572 0.228472355776539 0.23296284462183 0.236806645393371 0.248223518873035 0.271436403366827 0.293342914277562 0.303280964305716 0.308187839624299 0.313007604020357 0.337294260018268 0.343690676650625 0.348389185164337 0.357536220128918 0.377324605641117 0.386992286842272 0.381109821340789 0.3661875641919 0.361852810786274 0.360575386796805 0.375741165221054 0.366723814996587 0.382978292560997 0.440702965383632 0.452933513073895 0.466451310467339 0.501655293017646 0.542197141494174 0.561152851649948 -9999 -9999 -9999 -9999 -9999 -9999 -9999 -9999 -9999 -9999 -9999
0.0970941371271764 0.0986221773493539 0.100384021807051 0.103171309065026 0.10651443817245 0.110999189482298 0.116781614107463 0.121773695788898 0.125577852221643 0.130448896539355 0.137318110405567 0.145026893237356 0.153274602096915 0.162614233061143 0.172990551642666 0.181046058962347 0.190466848623767 0.201341240907983 0.209313897186358 0.219089161740096 0.228389880569521 0.239539808589303 0.255774648983347 0.270005991225522 0.282184216115626 0.292645447176339 0.296867260973436 0.303501876101044 0.314201492257568 0.330897799182116 0.335737780651352 0.338041639573008 0.35034270470989 0.365517783961002 0.370234157337232 0.364028062900203 0.36081309332227 0.358340770410599 0.365492965810156 0.363911356061063 0.376467185627001 0.414436825932398 0.434456905254159 0.450711554771868 0.484347781487609 0.532398001137661 0.541083042241662 -9999 -9999 -9999 -9999 -9999 -9999 -9999 -9999 -9999 -9999 -9999
0.093757548270043 0.0949999797283942 0.0967039096713017 0.0994267889246668 0.102507742011698 0.106898596312737 0.112684008827197 0.117239629141191 0.120509711931085 0.125373712295233 0.132166128800055 0.139945464479205 0.14800902754515 0.15729482131615 0.167305913572483 0.174904877255455 0.184991501700357 0.194715501279386 0.203178750352479 0.215221130998584 0.230389914817765 0.236657466316897 0.253510073414649 0.255383168730848 0.263024952452511 0.279199773930848 0.283473110045815 0.288880049923975 0.301518071113706 0.321143497058556 0.323823063016321 0.329669896493721 0.350436877794799 0.358609441795104 0.353788805456945 0.349077462917439 0.352203416978898 0.354326789265645 0.352923829648264 0.354204204285416 0.361554664130665 0.37487674300028 0.39060265325744 0.41572435441708 0.437601223196819 0.502520250462323 0.536870877523223 -9999 -9999 -9999 -9999 -9999 -9999 -9999 -9999 -9999 -9999 -9999
0.0902127140925992 0.0914662043380091 0.0931525495974688 0.0954964334669156 0.0983408210595608 0.102745876070693 0.108489363676603 0.112534600505781 0.115644106716689 0.120390523696193 0.127490742634113 0.135084702602145 0.143441867928794 0.152417439489087 0.161747516087365 0.168973445382065 0.178380689834567 0.188348790286881 0.19939952235454 0.214266136906358 0.225043858436951 0.234405885738763 0.242100363752432 0.253656158386664 0.260166840784309 0.271794288302562 0.282019414357876 0.288841707430754 0.297042323166327 0.313294251083874 0.319046801012192 0.324250304179653 0.340269132376341 0.343710855117255 0.340771254841411 0.336553528676563 0.339169730780477 0.344222200435813 0.340277635792135 0.33711012871489 0.329226525970943 0.329493978759367 0.34557447266704 0.408114593624616 0.424845179038805 0.515395752069104 0.539084311702925 -9999 -9999 -9999 -9999 -9999 -9999 -9999 -9999 -9999 -9999 -9999
0.0867275938900952 0.0879330579988997 0.0896670714906061 0.0916035569433973 0.0943315846821226 0.0989083050674723 0.104235984990197 0.107629461923262 0.111085198383283 0.115340608807727 0.123292077321896 0.13081337421162 0.138788729286935 0.147166905972355 0.155879135889231 0.163009049656713 0.172681079848648 0.182976280466469 0.196119004402538 0.208702828242847 0.218807638774853 0.228098500354873 0.234959756895676 0.245196021796391 0.254573258855976 0.270203277553264 0.279960337856906 0.283837589992807 0.29327843281687 0.308938484469949 0.317156257913883 0.323715610138156 0.32643837850451 0.326827081503703 0.33207465242427 0.332590833458163 0.327381239199472 0.329298936708292 0.329405075484439 0.329048372439797 0.325442335653574 0.300612499876733 0.354442074800467 0.436281566039145 0.462572178404519 0.522221221684284 -9999 -9999 -9999 -9999 -9999 -9999 -9999 -9999 -9999 -9999 -9999 -9999
0.0831642007002444 0.0843462792027128 0.0851351843633601 0.0874597018341703 0.0905213601129376 0.0955757159476811 0.099796047659421 0.102093545461917 0.10655373883244 0.1121446120394 0.119092074917558 0.125910327282638 0.132324708852054 0.140948793108709 0.150210495862543 0.157411283577087 0.167234917667746 0.179205608200761 0.189100918964811 0.201400450645187 0.211081693346473 0.218711138555468 0.227522474717263 0.23955085685436 0.247940072483771 0.260674057176312 0.270981994734388 0.278088470535976 0.290356014072288 0.307658577511804 0.316896441003108 0.319447654035563 0.32124040935618 0.321514721180814 0.328206379909161 0.33244508206824 0.323898232634746 0.318666276429492 0.327827169028874 0.328255314771401 0.322239582831079 0.323734706937182 0.369979342449957 0.442845246766899 0.487258727882378 -9999 -9999 -9999 -9999 -9999 -9999 -9999 -9999 -9999 -9999 -9999 -9999 -9999
0.0795923959484356 0.0809016407076652 0.0814529861938318 0.0833984036712062 0.0874435150384491 0.0920039755593024 0.0939399542720962 0.0982508762154815 0.103017367751917 0.107895454945566 0.11270569743371 0.119765133162711 0.127555481335968 0.135946680766751 0.144889665430674 0.151927260470292 0.16215320688581 0.173299108304115 0.182423506867885 0.191621919015283 0.200497084028183 0.207633490048223 0.214997052034219 0.228551115169806 0.236206855587138 0.246386765843095 0.259243145358122 0.273608871675237 0.289345568003466 0.303368074058095 0.308639435069756 0.305709427220535 0.320307839960929 0.330138253852369 0.335598049541222 0.331744022106365 0.328422072090963 0.324725644159 0.316382327168047 0.311810036032065 0.30628411807662 0.373568094464931 0.424333625596261 0.461892772732928 0.493799068537864 -9999 -9999 -9999 -9999 -9999 -9999 -9999 -9999 -9999 -9999 -9999 -9999 -9999
0.0770935806447224 0.0781165851904095 0.07864393484239 0.0808347138062535 0.0845551901627757 0.0893145408807626 0.0902646572897872 0.0955246811045366 0.100535390943206 0.103953770049867 0.107810882493553 0.115563601041731 0.124132724159337 0.132016962900017 0.140925271162969 0.147752847546011 0.157185203106842 0.16736091399931 0.176110285808848 0.184217233462388 0.192648047263567 0.195790786385522 0.201023794827664 0.215462580504164 0.223651391551706 0.234847370075012 0.247959188274254 0.268535117368289 0.28997151462158 0.290647059943038 0.280798958141439 0.292678410793613 0.297566936509119 0.312993101009259 0.33194109246187 0.344456845299065 0.322259896305216 0.309037418744597 0.308712760107735 0.317471041042899 0.322499388463962 0.416558582257502 0.454207926754261 0.474406282899728 0.492496888218202 -9999 -9999 -9999 -9999 -9999 -9999 -9999 -9999 -9999 -9999 -9999 -9999 -9999
0.0742420898197594 0.0750162551080396 0.075570994663043 0.0781700744221838 0.0818843173136296 0.0861187258273647 0.0876767510313419 0.0924274919269692 0.0959761541855009 0.0987363343401395 0.103298720342717 0.111106447404509 0.119996219760833 0.127853976219522 0.136666232549755 0.143947085397392 0.152785136211375 0.162271812168263 0.170446394741753 0.179182232121804 0.186417953780356 0.185057316054965 0.192525593529957 0.208587887238693 0.217528332081037 0.229380247537853 0.235709828018418 0.262018240008278 0.287355411350548 0.286718993123868 0.278376043731085 0.307364558931474 0.315236331067135 0.327307109111642 0.330739950703306 0.322193556204326 0.31077333505635 0.298423499817223 0.297621050390255 0.312772865727195 0.343505591671205 0.434736335814476 0.453212383447424 -9999 -9999 -9999 -9999 -9999 -9999 -9999 -9999 -9999 -9999 -9999 -9999 -9999 -9999 -9999
0.0710026515776795 0.0715919930092859 0.0723187902220836 0.0753241756480253 0.0792843001540011 0.0823691981301101 0.0849615397495677 0.0886112101303809 0.0903194655620084 0.0931665013599417 0.0991079435590395 0.106719911852536 0.115068824471758 0.123212036479834 0.132015191813573 0.138995091959568 0.148199024111758 0.156691920042891 0.16516519318805 0.173051918981392 0.178702111218166 0.179857214477947 0.193035439934026 0.209418866952021 0.218063023006557 0.227111249712075 0.230265320408108 0.255271548547663 0.289608359599076 0.276608633544128 0.290676336067679 0.307380588218586 0.340398857987592 0.34396829237635 0.342901658487868 0.334949317859193 0.317301925257196 0.307362366459991 0.293151107386218 0.301088800486475 0.357829499454835 0.43149085630495 -9999 -9999 -9999 -9999 -9999 -9999 -9999 -9999 -9999 -9999 -9999 -9999 -9999 -9999 -9999 -9999
0.0678681909536088 0.0682335706998602 0.0693551145045027 0.0728066905688923 0.0764831481842504 0.0786844801253052 0.0815778138437978 0.0844558424865915 0.0858823115688126 0.0890127127356548 0.0956457780743113 0.103746127093197 0.110690235692586 0.118651392037218 0.127822986873651 0.131645259197815 0.140926682144635 0.14799938375999 0.158812878631385 0.167936516279499 0.179992899473775 0.18979871127074 0.205227935119185 0.218837734463988 0.232033178270014 0.244564976932738 0.234153850699192 0.263029032580868 0.295275415882399 0.282024684789603 0.29971139192646 0.321327830249198 0.347836006141151 0.35296667786836 0.356748905124335 0.357256086833707 0.342972303890777 0.34103215637411 0.314371017269145 0.31706400959424 0.375768147347752 0.427089555535571 -9999 -9999 -9999 -9999 -9999 -9999 -9999 -9999 -9999 -9999 -9999 -9999 -9999 -9999 -9999 -9999
0.0647728767364321 0.0650282438486405 0.0665348816228921 0.0704748410057197 0.0732842987881877 0.0752654880960581 0.0777718196478843 0.080179882515298 0.0824527155153541 0.0859699896831471 0.0917795186356342 0.0995961132257593 0.107272539849169 0.113114747538646 0.11928081415728 0.121024296100172 0.131253019535236 0.137044029496749 0.150984531336318 0.161928642622218 0.173716191079365 0.188396945232508 0.199749371199355 0.213798789954432 0.229687799624526 0.246748052798557 0.251986737084147 0.27214702125769 0.291959742186485 0.295962699864043 0.310726579171714 0.32951399164125 0.343607288513314 0.352233856035358 0.359958159097895 0.364942938889963 0.3696884196454 0.375022098332997 0.364833192008943 0.382627080263428 0.400487964885177 -9999 -9999 -9999 -9999 -9999 -9999 -9999 -9999 -9999 -9999 -9999 -9999 -9999 -9999 -9999 -9999 -9999
0.0620263770107352 0.0622646630753869 0.0630048118608679 0.0675959871838786 0.0700015972664528 0.0716458423913877 0.0743738376255977 0.0763034097817012 0.0795015481180189 0.0824663189004929 0.0882153914677751 0.095715168225258 0.102333213889243 0.107802350770684 0.11530273858958 0.118292298183937 0.123390499829283 0.131944784007318 0.142472165020438 0.157479928523362 0.167113875998579 0.180720251030577 0.19398774619946 0.207702241019985 0.2245881270409 0.242146800963705 0.255088167726056 0.269024097814491 0.285735977485213 0.30115497066134 0.314333649351905 0.32700052695154 0.334782051827945 0.342783208073029 0.352790685865134 0.360462580529025 0.360777403959275 0.367468255467489 0.366446669618395 0.386298412796092 0.396767767709313 -9999 -9999 -9999 -9999 -9999 -9999 -9999 -9999 -9999 -9999 -9999 -9999 -9999 -9999 -9999 -9999 -9999
0.059584494183904 0.0600516758070711 0.0631170118269827 0.065812151436788 0.0678903096385956 0.0694675599664844 0.0702388440782646 0.0733452287690082 0.0765720839540157 0.0797656061233536 0.0856403939069149 0.0938007411158047 0.0974718682446138 0.104314653466467 0.111993387223449 0.109988809548794 0.118972303055298 0.122057618104137 0.131502709699372 0.147886691640534 0.159947808568903 0.173938441391014 0.187853124805418 0.201337404359457 0.218327833613861 0.234237420872682 0.243635658537568 0.258188780080651 0.278264430228128 0.291316312206594 0.304100226557936 0.316491301579639 0.32101443566802 0.328227425157568 0.34254534635753 0.353200437374164 0.354440083995656 0.366067530660942 0.372387118807602 0.382994018134125 -9999 -9999 -9999 -9999 -9999 -9999 -9999 -9999 -9999 -9999 -9999 -9999 -9999 -9999 -9999 -9999 -9999 -9999
0.0574837435287062 0.0583914135043665 0.0613084224420284 0.0632826135053688 0.0650982434845963 0.0652987597452128 0.0670360628254925 0.0696991319831836 0.0727345475003612 0.0766759925260762 0.0828818682592537 0.0895426814610282 0.0922023571509098 0.0981160368898367 0.10439909186077 0.103626879488285 0.112721847987498 0.118331761875146 0.123628115299017 0.137407494405373 0.154396859099809 0.168539397572303 0.181821271121142 0.193511466665044 0.205672366338879 0.219053864786842 0.228797732251882 0.245204947611449 0.267739031274474 0.273682537707789 0.283935967648265 0.29599117656277 0.297182861187931 0.31038150244228 0.336841252738612 0.349860194460056 0.355207667995552 0.366071246862887 0.370903933780279 -9999 -9999 -9999 -9999 -9999 -9999 -9999 -9999 -9999 -9999 -9999 -9999 -9999 -9999 -9999 -9999 -9999 -9999 -9999
0.055146174370863 0.0567727681180359 0.0590200860029008 0.0601320447772503 0.0622651194517311 0.061095036303977 0.0636811567733284 0.0664120254002412 0.0692617068913644 0.0736604998417275 0.0803578785967211 0.0851836469417521 0.0881819126783902 0.0920583730701552 0.0960870819790209 0.0984991363424455 0.104589706043503 0.113862883594625 0.115930923847143 0.128986758655272 0.149641846133787 0.162150290612794 0.175310006715287 0.183376933673428 0.186410896057369 0.195293980339073 0.21456665165115 0.227943692004255 0.252531373745399 0.255978330819097 0.265280112799177 0.27704803617686 0.283869127237721 0.30846829222312 0.332776431588465 0.344903993367327 0.355552337787018 0.357717256060255 0.365078912865053 -9999 -9999 -9999 -9999 -9999 -9999 -9999 -9999 -9999 -9999 -9999 -9999 -9999 -9999 -9999 -9999 -9999 -9999 -9999
0.0533127404621936 0.0552979549642246 0.0566989340620371 0.0566968495956537 0.0584500905803445 0.0574836232650827 0.0600696036532032 0.063382799994783 0.0664816878080421 0.0706786747617645 0.077456280384721 0.0816360490230051 0.0853209075901348 0.0889299666978756 0.0920524637774502 0.0944619164237182 0.0969195076696351 0.103283048629288 0.10829771256252 0.124271710360561 0.14385167060946 0.153543338270968 0.166742984138594 0.172999415122655 0.17778582504751 0.18438171379617 0.209063765140284 0.225985073649603 0.242841725765359 0.253208103354998 0.270682136110632 0.287722891232984 0.292759203404244 0.312809414240736 0.32893544099597 -9999 0.351803277959028 0.354235981581868 0.362720182834999 -9999 -9999 -9999 -9999 -9999 -9999 -9999 -9999 -9999 -9999 -9999 -9999 -9999 -9999 -9999 -9999 -9999 -9999 -9999
0.0522283023409718 0.0538662186273849 0.0543081413909819 0.0524212398854811 0.0532325111975698 0.0540666341873592 0.0570242777134959 0.0603018478084893 0.0637252954808704 0.0676881977532254 0.0743587324298776 0.0786305292809732 0.0818997553555537 0.0868185525631525 0.0918849647549739 0.0927017263080488 0.0922658137744228 0.0961288876580653 0.11134906834682 0.126332060210393 0.138721470930876 0.148976307815627 0.161655880815351 0.171267679557577 0.170563835419529 0.180765658187352 0.19255639271569 0.213863525266986 0.228742684530088 0.244807613282217 0.261788111564669 0.282256666013623 0.294654565987793 0.312308310373696 0.325118872351509 0.327263158656143 0.335825902081098 0.344548642063538 -9999 -9999 -9999 -9999 -9999 -9999 -9999 -9999 -9999 -9999 -9999 -9999 -9999 -9999 -9999 -9999 -9999 -9999 -9999 -9999
0.050709457094862 0.0516874846677448 0.0518528596864494 0.0466374311326703 0.0481469050929163 0.0506827406106748 0.0553398854047789 0.0574880595075224 0.0603622804201998 0.0652433310034652 0.0731683182670069 0.0765895714961176 0.0766314272804805 0.0780370432469743 0.0849823776478081 0.0874911576800027 0.0862192034464231 0.0924377868871701 0.113643635077797 0.124813503160188 0.133903852520951 0.140909433232819 0.152654775000739 0.168478743289907 0.17881253538103 0.187555133041142 0.194301013884124 0.204158705917305 0.217737909962395 0.235270887410342 0.251905707878298 0.277878148911467 0.293414283803409 0.310663450913074 0.322887579274606 0.326589449753324 0.335521176934722 0.340468850525017 -9999 -9999 -9999 -9999 -9999 -9999 -9999 -9999 -9999 -9999 -9999 -9999 -9999 -9999 -9999 -9999 -9999 -9999 -9999 -9999
0.0484471837896168 0.0479481726809368 0.0481982348671187 0.0432791796728036 0.0456573021765391 0.0492278922371199 0.0535156483946758 0.0550306564348071 0.0583219702557647 0.0635265090944318 0.0684604354483744 0.0720599037254397 0.0741351377947973 0.0749228142351781 0.0772626905103752 0.0813628476704893 0.0816984404170355 0.0948560196391244 0.111598614598699 0.121351524315074 0.128097596204342 0.135649885584346 0.147569294366317 0.165197456765202 0.17727291489422 0.188666443726308 0.192981340983892 0.197085743434681 0.215599867583015 0.233049470812653 0.251044012469788 0.279187509476605 0.291960284230373 -9999 0.308688927583953 0.319487594476862 -9999 -9999 -9999 -9999 -9999 -9999 -9999 -9999 -9999 -9999 -9999 -9999 -9999 -9999 -9999 -9999 -9999 -9999 -9999 -9999 -9999 -9999
