layers/veg/veg3400.asc
NCOLS 255 
NROWS 330 
XLLCORNER -2985163.8955 
YLLCORNER -3022031.214 
CELLSIZE 25000 
NODATA_value -9999 
[rows 104 to 129 of 330, columns 174 to 231 of 255]
0.675667702586166 0.662108594522891 0.655468293605553 0.654504533460338 0.650361302484309 0.651637673903147 0.655988108945408 0.653357715906425 0.645378025796073 0.640276142796922 0.640300969094838 0.643779074186717 0.627390482035634 0.65066335344935 0.663805708175508 0.652301743476637 0.649444148794841 0.651353404053874 0.658382580559373 0.662731696584759 0.663719789453437 0.680842258546789 0.689218636005209 0.683512194838032 0.690490922931156 0.69047314870299 0.695759403828593 0.695451085739788 0.691624781180784 0.696836499488604 0.710939314786719 0.722718115466866 0.731549911110079 0.737820663334621 0.742395182155154 0.744651532214711 0.744036155525143 0.755503146602462 0.757246088356495 0.764476787383956 0.765833763820529 0.763545672531694 0.765663615980578 0.76860665863309 0.773396484986066 0.784030604740395 0.792794995251484 0.80252484808384 0.811917419466129 0.816522741261344 0.828922460486353 0.850726348467422 0.868350110233148 0.875305866922671 0.885054067497869 -9999 -9999 -9999
0.675674458231257 0.662262872571635 0.651658071850214 0.65134084763665 0.654374804993548 0.656742175312499 0.649221681335136 0.64119002796437 0.638571647703975 0.63596949260739 0.639989527592515 0.636875192163319 0.643071744178838 0.659400563648023 0.66202860828513 0.644740858298888 0.643733920005903 0.643440585297052 0.650320218065437 0.656413926169414 0.658757416354988 0.674480568887247 0.692350724267563 0.688894683104328 0.68900256575349 0.684520268630191 0.689224526003788 0.689990367414616 0.699522201301652 0.70923112192096 0.716940020743691 0.72577715807307 0.735512108142319 0.743566665475122 0.749538702852632 0.753372416713521 0.752228691387437 0.759334321613566 0.76887351230008 0.767032504547004 0.767311657574079 0.767756179029126 0.770471869873297 0.771478328086799 0.776031759624425 0.788217706835786 0.795127912115995 0.800742123233096 0.81638083762737 0.814230755068255 0.829717452315685 0.845944823505282 0.866705640538182 0.880323183420531 0.885562107455688 -9999 -9999 -9999
0.672225952764149 0.66643532603887 0.651471815073666 0.648294359536997 0.654559456289249 0.656088001344471 0.642302719719194 0.632214115806349 0.634798393751034 0.635048433122625 0.632890887568103 0.643117483052609 0.654384306447339 0.657124745717369 0.646708003819637 0.640132917584742 0.637351041408112 0.638621320616052 0.643924191542104 0.656949186006832 0.668787665344416 0.679283012247454 0.689611387880548 0.687855511232528 0.682028943360274 0.681435733839122 0.686520601619538 0.696515951755637 0.706876853668724 0.710195504183942 0.721817487145281 0.730141529818085 0.739241699660495 0.748249265634052 0.756030131441787 0.762354802884554 0.765230672797426 0.769942770164718 0.775612228358938 0.77066130346142 0.775594966231794 0.777054423877968 0.780945211162266 0.779576086055562 0.778305711639142 0.779933826845421 0.778208476772728 0.785020537798816 0.809649722361828 0.815787780894206 0.83681428420473 0.861177778319877 0.876409832370546 0.881547531104191 -9999 -9999 -9999 -9999
0.668157347497058 0.664883492452542 0.652104063697846 0.646279470471653 0.648338958131926 0.6491884999365 0.642788494980056 0.632382500060881 0.624586152337894 0.62274652960056 0.629588935865565 0.64461822527532 0.652718383274874 0.643467606431058 0.631845536097205 0.638061717135122 0.629159121971889 0.639074467573184 0.657214322828906 0.664725343594617 0.672895106833867 0.679743591757775 0.684201765325831 0.683940286719499 0.679810821579771 0.681909537462955 0.692669851714969 0.704245299707855 0.712977666264256 0.717834772706031 0.72662857263223 0.735034624054663 0.741926343952895 0.749428297827533 0.75870540240753 0.766945965772912 0.772230635528176 0.777620891797173 0.780658010218703 0.775295929831132 0.773130319096171 0.783944644575966 0.786077576575472 0.777202432731444 0.76132680265924 0.769609681439797 0.782165039775153 0.790473931511157 0.80915378191695 0.823897355698953 0.828580732826695 0.84724541706585 0.877714951503354 0.886087411925153 -9999 -9999 -9999 -9999
0.665313523548027 0.658316377689183 0.650113460526325 0.645271787124281 0.646652666989098 0.647437972175302 0.65229434772127 0.645035590022059 0.636220663691467 0.637841686396024 0.644865808499191 0.647622979580044 0.641578780888722 0.629702221138402 0.62772457760997 0.636493380465998 0.644092662602122 0.640632928603348 0.653856010087041 0.666408620859387 0.670161024851 0.675226425796172 0.679567007326118 0.681978478276095 0.684255773186218 0.689416762696467 0.700662703051502 0.710080891817277 0.713431108442255 0.721782805806058 0.732276631834209 0.74008645600102 0.742415210912395 0.74859726503136 0.75854616200896 0.76674303071725 0.773985970424926 0.781912530579336 0.784874319792389 0.779783572541394 0.77088672103026 0.783993917184322 0.783223645769301 0.772137843612491 0.788865853099958 0.781607028632851 0.782348265547419 0.796415515869638 0.814801816944822 0.828962982274597 0.839684686708201 0.86417883631514 0.889051575548156 0.894877559357866 -9999 -9999 -9999 -9999
0.662050301261244 0.654946927571353 0.648312461412102 0.638524580918839 0.627234598928388 0.635540906399939 0.641842009680025 0.640980974737761 0.634894183392009 0.640654474252101 0.648358398443765 0.64792923551686 0.637137379188963 0.628284180124975 0.632579907875835 0.646056565819273 0.648681689328581 0.650798237641974 0.65872416007737 0.664487326449159 0.668383563155368 0.676236365413473 0.681749702834696 0.681612527784064 0.68742254817447 0.697690868524774 0.707371854095489 0.715007642290474 0.720516758834253 0.72804583224568 0.735420207401185 0.741966828964367 0.742901158533576 0.750580550370378 0.757826172345454 0.762956863824332 0.76562590365335 0.770997956397993 0.781096074280116 0.787319885055602 0.785679185509713 0.788593922321456 0.787599428797599 0.794284998901567 0.802290752554574 0.778324277723368 0.779391340854541 0.794983035026648 0.81779315537682 0.842651461505517 0.863680015627143 0.880385108996149 0.895206643281791 0.899969547469547 -9999 -9999 -9999 -9999
0.657776239060799 0.656895639485003 0.648007143480383 0.627147354423429 0.615010855016673 0.619301432497082 0.607290346783037 0.621905290519957 0.629744543928753 0.637114419503827 0.644427921602062 0.648519735647914 0.645088909607823 0.643920308321024 0.646752338276229 0.646984506408923 0.652714642829251 0.65573310228369 0.662966821214924 0.666490344628549 0.671964812541087 0.678951842588827 0.683329424728981 0.684955147590633 0.69497418092582 0.704739653173845 0.703264940867032 0.709166491148306 0.72305419582011 0.729716227561116 0.735391784809307 0.741026855328555 0.743729711939207 0.749201360772213 0.755108727232126 0.762776405953496 0.7665038861157 0.77018536940878 0.783225511885064 0.797599840567056 0.801871470549072 0.802865120848276 0.810868665295484 0.813441702072436 0.816386087246263 0.778524101221907 0.788204229178314 0.804499633098301 0.822985664763788 0.8415966775612 0.867099809191025 0.888851351377335 0.89787910246814 0.898088511488975 -9999 -9999 -9999 -9999
0.650515933900943 0.643245916288916 0.640409706035785 0.628334029032861 0.611818827088339 0.601880539842154 0.596155782133378 0.612530030895188 0.627847297602291 0.636059736479119 0.645382734838596 0.647512283531385 0.645415118291671 0.646393965579311 0.644129871682318 0.644014573142266 0.650738406377916 0.655305825918554 0.663998745703873 0.670444391436871 0.675856558191216 0.67648852065895 0.66635469895853 0.687732335307335 0.691560454053546 0.685418401280838 0.687810185782819 0.701362732844259 0.713447093028874 0.722833840130816 0.735201834520267 0.740640263226679 0.74326656880737 0.746831926727824 0.751991132506548 0.760402314797991 0.762159499564739 0.770187596017569 0.79096033998371 0.806902552864739 0.814867354744869 0.817343393107953 0.818159256853156 0.820559007768487 0.824692182606567 0.804277077669237 0.808854371843783 0.84297474287755 0.8612641795818 0.867429102481414 0.882889567144322 0.895525836604199 -9999 -9999 -9999 -9999 -9999 -9999
0.643171176665514 0.638256060956063 0.62965492936842 0.614418932680084 0.606671333417957 0.598892833265094 0.597246256707282 0.609877780459914 0.628844140028087 0.635581382676205 0.640741545175719 0.640650752491435 0.642214931061552 0.63245768312934 0.633641841918762 0.641338294198936 0.648271543601356 0.653977184779757 0.662081925059401 0.671024577741084 0.678128659197403 0.685224464017936 0.688324279474468 0.692652236677052 0.670942580326127 0.660110040670058 0.681734351205009 0.700372419312304 0.698856197231286 0.712289234407109 0.733177197013031 0.738992249303583 0.743714215317232 0.750617241444404 0.760160294620887 0.764470238798531 0.758847379556928 0.76398257831397 0.791325198321319 0.813932070459491 0.825298347838403 0.820157201497122 0.824683241443129 0.834508506173314 0.837473953522205 0.837475330941494 0.83390659729588 0.847530336509477 0.873522566543698 0.88055427365202 0.8938435231904 0.89659197579865 -9999 -9999 -9999 -9999 -9999 -9999
0.639496890313746 0.632761282998343 0.6232269418212 0.60920708484086 0.601741258476088 0.601885183589828 0.597561237887135 0.608013574425806 0.627367892710594 0.631805139055975 0.628857837358673 0.619775829299517 0.629051131612233 0.625340459459146 0.632455018650061 0.642064986619313 0.647399186371598 0.653103601458949 0.660976568263565 0.670667583987698 0.679874220389027 0.68568304693178 0.685803582858744 0.659103737619373 0.634311911272809 0.648425785626534 0.688812040722509 0.705533604238485 0.688871788074526 0.707183485307367 0.732058668310381 0.742564274134252 0.74633866269405 0.750963358818247 0.763148883270148 0.765956580286056 0.762386679481061 0.774315399600582 0.792474587912087 0.809280361441529 0.822474750545435 0.827430643206018 0.838284403272812 0.851191647006128 0.850075575688453 0.846322910131812 0.855418101685051 0.869967837809385 0.880483405116785 0.891827736449755 0.897841540850419 -9999 -9999 -9999 -9999 -9999 -9999 -9999
0.628475707305886 0.615148702206469 0.607727542606089 0.600298077630884 0.596924138179386 0.601601922301372 0.600467152827754 0.606834285081136 0.615022428852487 0.625529698996395 0.623896747598705 0.627982394773382 0.632916522811704 0.624872746122751 0.63600385163569 0.646432378868452 0.649726439115118 0.655438853215784 0.664526839511814 0.671362876620335 0.678238692887997 0.685551628084154 0.68515719959197 0.665278830692716 0.642603192995093 0.660403174520189 0.699816651366381 0.705153451474957 0.685249274827123 0.706619690855472 0.736710762927419 0.751347488566335 0.753631681839969 0.755627277936737 0.761473895236803 0.759816896375108 0.75737878672606 0.782676679920599 0.798340813969905 0.815357573749991 0.823632627863417 0.834820402644968 0.844227203281516 0.859586062782757 0.861260324754379 0.860412383367696 0.867694849569021 0.879197842082625 0.88872779090237 0.897575516314548 -9999 -9999 -9999 -9999 -9999 -9999 -9999 -9999
0.631004982288684 0.612380830627223 0.594585679671396 0.588347848979074 0.589427360460742 0.597362244036472 0.6050377882932 0.608455253570882 0.61476039328296 0.616981522046758 0.623959995854063 0.633690356668172 0.637278480950805 0.629824928223891 0.641771303711728 0.651088852542764 0.655881335150748 0.661145278634586 0.668938231656303 0.671959458725056 0.67679612261168 0.684033570971919 0.687545785414487 0.683346485188869 0.670187407604821 0.679614194217343 0.703103136760944 0.695771859549416 0.712626258449562 0.733249630683775 0.748687913607453 0.75896153659419 0.762654448235299 0.765599095543864 0.766011860502271 0.764851563484061 0.76569792959958 0.780714567657775 0.807561369742143 0.821220130087599 0.824790127708953 0.837027138228052 0.843703719954476 0.864243794323754 0.870423284073406 0.870406129691966 0.877019038405289 0.885228154546498 0.889410396338171 -9999 -9999 -9999 -9999 -9999 -9999 -9999 -9999 -9999
0.634476965167185 0.617278973926519 0.592293021658907 0.580655743279999 0.582516692876969 0.588229558677434 0.592862220109419 0.593321571817705 0.602322852730106 0.620251386496866 0.628041683818485 0.635473635989663 0.639129460549813 0.638926421322016 0.645267206580678 0.652442959937117 0.658545142926631 0.663014378247796 0.65287512198425 0.658047618999321 0.668764222384911 0.672551969834593 0.673769573902641 0.67770442208095 0.678900139410662 0.687710389181921 0.70144880457866 0.695520317897895 0.693293286013693 0.747273738569716 0.756043929510017 0.763679758466977 0.771016076661512 0.777680680429211 0.780477129598447 0.788265026522589 0.793312785763744 0.798333988845349 0.812477191830263 0.824073713585041 0.829716650291097 0.840980323920333 0.850710136640352 0.864285370287278 0.867329934716976 0.879690246673376 0.88329841086807 -9999 -9999 -9999 -9999 -9999 -9999 -9999 -9999 -9999 -9999 -9999
0.632291990781199 0.620899129727483 0.602228982581636 0.581714296774364 0.581325690339055 0.584901106396675 0.591870885006468 0.596708402761117 0.602953846428646 0.617181225638649 0.628956213680157 0.635481234174076 0.639781031392817 0.643439193605426 0.643143491006621 0.652634208165502 0.6595092580452 0.663161660181125 0.626305978949379 0.633117334342423 0.638069288129404 0.654519516368254 0.656703787848925 0.660831188316312 0.669580396125892 0.680411350452649 0.693088190323893 0.698763228610949 0.718780016679011 0.749684869479316 0.759904644443812 0.76731521988881 0.776946577266001 0.786290163854379 0.790919915877296 0.792548814260419 0.806164290305659 0.814024553355894 0.811572342342465 0.819598196675071 0.837330413422081 0.850054404197908 0.864442794243749 0.874522209242368 0.874509895148434 0.885931421651893 0.886460241563575 -9999 -9999 -9999 -9999 -9999 -9999 -9999 -9999 -9999 -9999 -9999
0.629916205978626 0.630558083512395 0.616616298187745 0.584374328301716 0.58166864928486 0.58519399148752 0.588549551817247 0.592353153199399 0.594737940337477 0.611094629067954 0.628399972260487 0.633645450449836 0.637248347012118 0.639244577225075 0.639586534835558 0.653043095990665 0.6574660586693 0.654446384383958 0.622356184138373 0.625704587201508 0.630686895962865 0.651436981476291 0.658202546483653 0.666852837949651 0.664161912730157 0.662063587336896 0.683904294762586 0.709897389463075 0.730519760468556 0.74991397288892 0.763120084908959 0.771504074130329 0.77669058829801 0.788280056367407 0.800925879055161 0.803564741361646 0.817092634624295 0.822745915199972 0.815291378077454 0.819994631377591 0.843896868193695 0.863474422422802 0.871519379881779 0.876183781755938 0.878550812358216 0.886688937793702 -9999 -9999 -9999 -9999 -9999 -9999 -9999 -9999 -9999 -9999 -9999 -9999
0.62835141809653 0.626298757383594 0.598202469752644 0.578090914147276 0.581375468294282 0.586905657842586 0.588542873854649 0.597982177697187 0.593916716258628 0.603611630440029 0.617889459157285 0.623287848676568 0.628409022886354 0.634962032178564 0.631823584027834 0.626768344142139 0.656477742047093 0.651378371412143 0.61064677191205 0.62115781279131 0.63751223172862 0.65493356139346 0.662232181463467 0.666296667028518 0.654883363288679 0.667730277520967 0.694338948766561 0.716970021288648 0.734810685424484 0.753045712462767 0.766854165643504 0.775281657839279 0.780742876977819 0.786106963260652 0.79177176895068 0.80440393923249 0.814440127696878 0.826109293268455 0.834459816335399 0.842828254248743 0.854597971210419 0.868580195164174 0.874055645027072 -9999 -9999 -9999 -9999 -9999 -9999 -9999 -9999 -9999 -9999 -9999 -9999 -9999 -9999 -9999
0.63024700582427 0.623460734787466 0.599951825204086 0.569047715901786 0.579828345096019 0.584103261349804 0.587481553932617 0.598556289140587 0.59940746701822 0.593415369059062 0.592276218337764 0.593891131407545 0.5984421545008 0.620120585667176 0.629168026388442 0.627260073399413 0.655040926474411 0.648193083708788 0.624247598439326 0.617946235444973 0.611235418161673 0.649242080414997 0.654238319303404 0.645664337354199 0.657120983310803 0.681902734790621 0.705769709769264 0.724809194279988 0.743435640137027 0.760101143648453 0.771780343592851 0.781454937528958 0.790053222253573 0.793642305805233 0.798588502745547 0.805650747188993 0.813057611931016 0.830309951855373 0.841099923312784 0.85212705906663 0.864994063716968 0.873430406192552 -9999 -9999 -9999 -9999 -9999 -9999 -9999 -9999 -9999 -9999 -9999 -9999 -9999 -9999 -9999 -9999
0.607992407514923 0.620766188829021 0.602529885600377 0.563210904447577 0.575266813401196 0.579606787470416 0.584555790703681 0.586238196633226 0.597511737158476 0.594340266893899 0.59147058683333 0.590766426809236 0.592429010857299 0.618455349634683 0.635988694960002 0.641929212869234 0.651776736204155 0.651196746641323 0.657985322872844 0.629124240993808 0.6106457649362 0.623422615108695 0.658769943985443 0.651144591155483 0.67336497300438 0.689872196796272 0.71337960908499 0.735284026770066 0.756844814744745 0.772134398292451 0.776654413346412 0.786115823639237 0.798116997340767 0.80326342942932 0.807247576181189 0.809526476200706 0.822729091101014 0.833800775222184 0.850113383497092 0.857127339203313 0.871771344583794 0.872687192938789 -9999 -9999 -9999 -9999 -9999 -9999 -9999 -9999 -9999 -9999 -9999 -9999 -9999 -9999 -9999 -9999
0.595037734745139 0.601644001608391 0.591269572223131 0.557778220100535 0.569740456717503 0.576075097703409 0.580760729847525 0.582907009962595 0.582137684930745 0.584447488914564 0.584629210854204 0.589046509268441 0.608850065800893 0.629807971849356 0.642800776037593 0.650507629865305 0.645522123484456 0.647893118402679 0.657438333506098 0.633926422599283 0.610119044930642 0.623568742095323 0.664185460678866 0.650595861648774 0.693579871685376 0.693637625887966 0.719599937370276 0.744901217751987 0.764182407625765 0.776738251500875 0.779882329782329 0.789367803436569 0.801265700457552 0.809164405017015 0.812918092581844 0.814930953423163 0.826654480527903 0.844313802164233 0.856494006522487 0.862650929101812 -9999 -9999 -9999 -9999 -9999 -9999 -9999 -9999 -9999 -9999 -9999 -9999 -9999 -9999 -9999 -9999 -9999 -9999
0.596402406180118 0.590135638692298 0.576114574536945 0.553543755147979 0.565665117770383 0.572031123218694 0.576033795175999 0.577779631915599 0.582863706207208 0.585568666488566 0.584381538271179 0.591785572589516 0.61546639130415 0.634397376039965 0.644920741583716 0.650814692154025 0.636341134885794 0.637011938124515 0.660424967559209 0.639569858197276 0.609090526341546 0.626965977391427 0.645904725331177 0.644227472017478 0.709926052761329 0.704094728602786 0.729236540156998 0.746306065126563 0.772186067545675 0.781793001364767 0.788385016972285 0.797004666945112 0.805376591127706 0.813926638890415 0.82222927840777 0.829027436173098 0.838011509208026 0.848831782207453 0.858724533706811 0.862324072810223 -9999 -9999 -9999 -9999 -9999 -9999 -9999 -9999 -9999 -9999 -9999 -9999 -9999 -9999 -9999 -9999 -9999 -9999
0.602039325018332 0.591288787736985 0.570828177588562 0.554552783860999 0.562686106415228 0.568724729341432 0.573757743463236 0.576301280684166 0.587594613651503 0.588700174845711 0.585307676410629 0.596315233669181 0.618174684746923 0.635463135537623 0.645678788395923 0.650342205279269 0.640576739169605 0.6163334793229 0.643570223965153 0.647064372342905 0.620186121709299 0.61802671672457 0.624976394212089 0.648809383321442 0.716665820092987 0.722671450060445 0.74528713365609 0.746518014111658 0.777161472648159 0.786759863574388 0.793895898382053 0.794733161635231 0.807561877836375 0.820896764011164 0.833659384776771 0.835977586312181 0.842035422702494 0.854502687395116 0.861395707231419 0.862049817042487 -9999 -9999 -9999 -9999 -9999 -9999 -9999 -9999 -9999 -9999 -9999 -9999 -9999 -9999 -9999 -9999 -9999 -9999
0.602488515453704 0.595943126168738 0.574749988807409 0.559974283042039 0.560554951777003 0.567982629493913 0.571475211538006 0.575653095223753 0.58428803771256 0.589630488816831 0.594176399393721 0.604382219154475 0.621238586741171 0.636532393452029 0.645994514725532 0.649708887711905 0.645457217377974 0.609288391456826 0.643440121877257 0.656880578287615 0.626179397090171 0.616691843707217 0.627354482232241 0.656975677203789 0.708040751428704 0.738854339597128 0.746291372439138 0.754985950290484 0.75922043904317 0.761304195217495 0.782805663573956 0.787629274356036 0.809059336956962 0.829379222513662 0.837260929347622 0.845321307608272 0.853747484957445 0.860416366187105 -9999 -9999 -9999 -9999 -9999 -9999 -9999 -9999 -9999 -9999 -9999 -9999 -9999 -9999 -9999 -9999 -9999 -9999 -9999 -9999
0.59688652167333 0.59389248999743 0.560144321455706 0.545887808956995 0.55848003430016 0.568432149627316 0.571447276969704 0.573159699051786 0.579534788965525 0.590008942189326 0.598532006677902 0.603727895913823 0.613564637365716 0.63460606643382 0.64550931940361 0.648174191518913 0.629289256432122 0.618894818119036 0.641996853050771 0.651817306966963 0.617038404029467 0.634293057529052 0.641836306767741 0.649502935138132 0.694524217388652 0.741205817466717 0.741562326891822 0.731813518406141 0.733585660622041 0.735937193225588 0.761334272337051 0.799037714593467 0.817821226543177 0.835016291232568 0.853561136445894 0.856583869577106 0.857287706611234 0.85814950789789 -9999 -9999 -9999 -9999 -9999 -9999 -9999 -9999 -9999 -9999 -9999 -9999 -9999 -9999 -9999 -9999 -9999 -9999 -9999 -9999
0.596000144612946 0.590633603604274 0.563256644183448 0.549818497566998 0.554623212761844 0.563455718492772 0.567460676139819 0.570469626438982 0.577774573945961 0.586977330170727 0.589859073460979 0.588848016630341 0.603613942314351 0.635839423239357 0.642868505713591 0.645220197872468 0.626602618494594 0.624698065965938 0.629152341389566 0.652059807052109 0.626554152064247 0.65375790774763 0.64011429385927 0.652325276067431 0.698061779763338 0.734076574381417 0.728463918745415 0.719475385915871 0.727982164142795 0.730989238321229 0.75222334234656 0.809692867432059 0.822388497770151 0.840845769648455 0.855133845362167 0.859537574078941 0.855596897437842 -9999 -9999 -9999 -9999 -9999 -9999 -9999 -9999 -9999 -9999 -9999 -9999 -9999 -9999 -9999 -9999 -9999 -9999 -9999 -9999 -9999
0.597258204482182 0.578419107026778 0.554269734845833 0.548351681284451 0.552034202565101 0.559059511983279 0.563245870797592 0.571065585948878 0.579646314584843 0.583594638657917 0.585379767426319 0.598651180076741 0.624861553786825 0.635679310352593 0.642242039894645 0.645140417086566 0.638060398199531 0.628458459602458 0.620686375166219 0.672455050614288 0.689506913040665 0.637692270407478 0.630788820509585 0.681509292697243 0.724901142788637 0.740180154016738 0.721798929636482 0.726143409850215 0.743640909132403 0.750348259318882 0.772971049297975 0.810331269859974 0.826882296765794 0.842906017091347 -9999 -9999 -9999 -9999 -9999 -9999 -9999 -9999 -9999 -9999 -9999 -9999 -9999 -9999 -9999 -9999 -9999 -9999 -9999 -9999 -9999 -9999 -9999 -9999
0.595119222568877 0.57823813328167 0.565031994339842 0.550183094897682 0.549065630350298 0.554930262771992 0.561947023949191 0.573522277441003 0.583167049391864 0.590764572965341 0.602066434748022 0.613386495028163 0.624994458131638 0.633864964998674 0.640408569368373 0.645541810032324 0.647736533346619 0.639082407026558 0.630321177548079 0.671435070413759 0.679765621334566 0.696918065000263 0.685560524586879 0.705995458253268 0.745352577129514 0.754943603790457 0.739972968154675 0.747915191883396 0.762440480341492 0.787488758634434 0.802311371878612 0.812693664132624 0.83022161244432 0.846786916697016 -9999 -9999 -9999 -9999 -9999 -9999 -9999 -9999 -9999 -9999 -9999 -9999 -9999 -9999 -9999 -9999 -9999 -9999 -9999 -9999 -9999 -9999 -9999 -9999
