layers/veg/veg3100.asc
NCOLS 255 
NROWS 330 
XLLCORNER -2985163.8955 
YLLCORNER -3022031.214 
CELLSIZE 25000 
NODATA_value -9999 
[rows 200 to 224 of 330, columns 114 to 170 of 255]
0.453623503836681 0.451401359196624 0.448209443220764 0.444233274231949 0.441371875432116 0.438156213640895 0.432949407727717 0.427995642139721 0.421617523320898 0.412277060516271 0.404030253937386 0.396726733029061 0.387311187658235 0.380623863320124 0.373398345750801 0.360566761775384 0.348570407463523 0.33482355904666 0.313898370376629 0.298209709848735 0.289849499738006 0.27844796255024 0.268734640016891 0.271171261582308 0.284241085624684 0.296562181949283 0.315431262188055 0.339586952805935 0.358215441956785 0.376655379154176 0.396231641219873 0.411594027016199 0.425241079096759 0.443523537944728 0.458893597110086 0.465057285685 0.460268156920472 0.442041224385547 0.413454263622814 0.378216687400222 0.357596838898867 0.35985474058642 0.366150314746755 -9999 -9999 -9999 -9999 -9999 -9999 -9999 -9999 -9999 -9999 -9999 -9999 -9999 -9999
0.450801812718702 0.448775846624775 0.44602455120971 0.44262245279049 0.439992028457573 0.436668126305797 0.431329751865209 0.426322873250815 0.419352899794229 0.410237489395752 0.40250619136677 0.39532401028334 0.387069825483181 0.379872366089943 0.371663458177361 0.35898807465167 0.346606141101241 0.334518820910758 0.317571396513027 0.300245195852766 0.289870929355192 0.281877502469728 0.272489993892335 0.277645724870108 0.293540873039579 0.303572468602872 0.318699135752963 0.334559868580687 0.347468018764619 0.366557164332584 0.388321358083622 0.403729211279794 0.417301129920848 0.430590600388128 0.43519651728095 0.437365244648979 0.440315191139694 0.431709636247344 0.410672713850575 0.390844149478896 0.380970832655144 0.380386481497068 -9999 -9999 -9999 -9999 -9999 -9999 -9999 -9999 -9999 -9999 -9999 -9999 -9999 -9999 -9999
0.447970402082596 0.446217940371232 0.44370738308029 0.441422259961147 0.439019113638742 0.434160583802329 0.428598993524081 0.422810774309767 0.415745997152419 0.407420474046232 0.400221517582185 0.393733546595667 0.38706278207994 0.378575707884419 0.366894103544351 0.355190156671922 0.344338214144623 0.330702544483208 0.318143166184101 0.308040015011362 0.294988045434621 0.287590897660524 0.288473308389977 0.294599780741264 0.302785585817981 0.30972595893054 0.31239628747164 0.312385538683776 0.324329632433156 0.349740767793971 0.368043860473188 0.370324679224578 0.38197510614491 0.393510637515595 0.390730485752021 0.39999718399333 0.417270150107956 0.425951985541709 -9999 0.401371217119801 0.393706612783038 0.391181783502962 -9999 -9999 -9999 -9999 -9999 -9999 -9999 -9999 -9999 -9999 -9999 -9999 -9999 -9999 -9999
0.445387993503284 0.444279901619922 0.441944027563412 0.439679768111469 0.437559490670516 0.43176402502299 0.424700481386811 0.419116906322464 0.413620361319026 0.405655362619167 0.398454179186642 0.392310131445592 0.385088081621798 0.37760366375935 0.367147550871077 0.35290821629213 0.340330944421908 0.327024026929455 0.315462704898773 0.30865865551913 0.296081347657259 0.292098693901604 0.299130691898159 0.304383252037443 0.308171785303121 0.310331649495219 0.307777617781354 0.312611045225906 0.325657802498559 0.340281952856531 0.355871412365453 0.352396821787844 0.360950430828602 0.381428913270324 0.390210995029185 0.401744059154494 0.415336496391053 0.421085702092322 -9999 0.40531264373629 0.401990386786434 -9999 -9999 -9999 -9999 -9999 -9999 -9999 -9999 -9999 -9999 -9999 -9999 -9999 -9999 -9999 -9999
0.444168075537789 0.4432821524691 0.441454593497478 0.439113142196348 0.43621957499899 0.429493428089249 0.422633077104836 0.417736940998251 0.411525207791623 0.404330622538479 0.398622077398084 0.392494850755399 0.385104772772802 0.379102207399084 0.370702366316355 0.358498994917253 0.34482856835538 0.329661332833138 0.313278668678819 0.302225629536227 0.294436776442805 0.293374830566053 0.301557576075273 0.30617025859928 0.309041154058354 0.306627254379616 0.30392303261993 0.313264597690081 0.330393953180679 0.341500026858751 0.355639476632063 0.364313418711986 0.376809830748964 0.394723128930576 0.396900596630772 0.405618799193023 0.413439850178836 -9999 0.408594498584079 0.408531026160801 -9999 -9999 -9999 -9999 -9999 -9999 -9999 -9999 -9999 -9999 -9999 -9999 -9999 -9999 -9999 -9999 -9999
0.442342290418081 0.441402288701104 0.440282415971031 0.437950694728885 0.433736106447569 0.426437098145217 0.419648697207055 0.414815302726527 0.409574741283259 0.403215489518458 0.397388263420043 0.391973977032793 0.385292392074095 0.377309634693071 0.367645425255805 0.357732853988193 0.349151612508458 0.336553374446206 0.317947451260465 0.305098146451932 0.305867951992841 0.308621215641761 0.307385399587058 0.3090714363174 0.312188456236495 0.31136467941249 0.306421315247992 0.308551443620078 0.319709983693926 0.335321435396422 0.349699141188368 0.355738308256322 0.365551090770153 0.386114392065525 0.398633942621119 0.404781630124175 0.409902843319748 -9999 0.409327641988039 0.409738167826189 -9999 -9999 -9999 -9999 -9999 -9999 -9999 -9999 -9999 -9999 -9999 -9999 -9999 -9999 -9999 -9999 -9999
0.440615359293803 0.439530598848983 0.438662894722251 0.436390876247718 0.430259512925132 0.421564483065251 0.415964800490869 0.412500304609329 0.408363653115529 0.402363039145325 0.396343622945371 0.391716987805979 0.385707822018163 0.377951648024264 0.367612746527827 0.356114367566207 0.34856727813027 0.337106981508435 0.317451931630821 0.310448478977337 0.31606802140836 0.315999566669961 0.313839369628275 0.311409542005104 0.311831639994174 0.31635995113953 0.315151528457239 0.31038900504507 0.315342368227851 0.327284576541215 0.333697646608782 0.335266388355051 0.34838320409508 0.372674084726833 0.391875640653194 0.398025614519889 -9999 0.408840649664915 0.408858323290207 -9999 -9999 -9999 -9999 -9999 -9999 -9999 -9999 -9999 -9999 -9999 -9999 -9999 -9999 -9999 -9999 -9999 -9999
0.439647521680583 0.4386286722606 0.437176430094862 0.433996655338407 0.42615387269867 0.418272733937587 0.415426715368985 0.412881797975426 0.408685589305094 0.402179318903792 0.396002720631595 0.391508102013422 0.385124795613087 0.378008782566473 0.369017980167417 0.354368117024348 0.341522178234425 0.333214404208126 0.323972446790203 0.320385760398101 0.321058194597211 0.318617512148009 0.314956862528376 0.311538920612832 0.313759201620671 0.318009912269407 0.320679334403003 0.324382271904755 0.323595532215875 0.320661155317439 0.330162363985465 0.342835497073219 0.356618890971727 0.379162562288974 0.391679295247758 -9999 -9999 -9999 0.40852219984688 -9999 -9999 -9999 -9999 -9999 -9999 -9999 -9999 -9999 -9999 -9999 -9999 -9999 -9999 -9999 -9999 -9999 -9999
0.437865041998796 0.436909989563318 0.43375085922235 0.427137059386885 0.421700488970254 0.416680716681449 0.413280960584093 0.410638068144167 0.407418475289651 0.40177722953877 0.39568969596215 0.392366867098021 0.385910033542985 0.376098508361858 0.366979364431321 0.355722767208114 0.344047005344169 0.333205581909062 0.322856280467379 0.321683545146133 0.324690951475628 0.322201370363988 0.318141539126193 0.313506936048586 0.313819667956328 0.316777297033211 0.318684608863729 0.325209646921119 0.320354971826933 0.32016361529181 0.339823465211223 0.354439459702205 0.367825019811214 0.376459062122163 -9999 -9999 -9999 -9999 -9999 -9999 -9999 -9999 -9999 -9999 -9999 -9999 -9999 -9999 -9999 -9999 -9999 -9999 -9999 -9999 -9999 -9999 -9999
0.436481458362385 0.435453131913849 0.433354953608265 0.426110076510467 0.418894115651561 0.415544498970997 0.412588523123302 0.408968258419841 0.405829175200409 0.401098123894171 0.396043850291194 0.392699863922739 0.386369040068174 0.377687199022063 0.370673440581228 0.362183724465246 0.350351937039785 0.338469314246485 0.329297208885199 0.323815705184033 0.3239597354089 0.323548999123519 0.320440262621947 0.317238626929503 0.31578957987349 0.315353564671915 0.316889269090015 0.323562922305428 0.323885284484608 0.323317502722375 0.338402143975464 0.356751338738557 0.369059052161732 0.377666807322588 0.384106632539428 0.388090240940916 -9999 -9999 -9999 -9999 -9999 -9999 -9999 -9999 -9999 -9999 -9999 -9999 -9999 -9999 -9999 -9999 -9999 -9999 -9999 -9999 -9999
0.434016075719774 0.433994686798816 0.433179535965158 0.426739695630782 0.418606169492796 0.41573714915317 0.412478989322392 0.408155704889568 0.405622137490498 0.401661176284102 0.39694383467496 0.393125312712401 0.38498683400764 0.375480671689293 0.369555658452631 0.360407906655984 0.35215332994526 0.34450457874744 0.33242281913295 0.328139842496787 0.327656666986425 0.323217911569617 0.31963658854678 0.315355848993376 0.312291353803242 0.310881028369871 0.310840894547744 0.316497386768017 0.322855727478782 0.329201181570356 0.345066280510615 0.358826758066916 0.366516715598068 0.375488026365156 0.380802127129736 -9999 -9999 -9999 -9999 -9999 -9999 -9999 -9999 -9999 -9999 -9999 -9999 -9999 -9999 -9999 -9999 -9999 -9999 -9999 -9999 -9999 -9999
0.42988908042707 0.430476376738308 0.430721237165571 0.427944595686405 0.421876078136406 0.416320170264405 0.412198086655557 0.408115875360114 0.405332494580973 0.401581494173905 0.39731462826372 0.393499510747723 0.386056366938286 0.376923234151834 0.369015359368175 0.359828275536928 0.349844461382574 0.343385586448667 0.336606266973006 0.331127398097394 0.32849501031479 0.321675952580695 0.315463214100923 0.310834000701356 0.306035948912237 0.303540638601983 0.306541339659728 0.31210542329367 0.320722360951938 0.331055381644606 0.342682572547264 0.353379024670526 0.360928099172588 0.364198119125285 -9999 -9999 -9999 -9999 -9999 -9999 -9999 -9999 -9999 -9999 -9999 -9999 -9999 -9999 -9999 -9999 -9999 -9999 -9999 -9999 -9999 -9999 -9999
0.425623616865752 0.426933099683093 0.428182975943841 0.427541806373518 0.42363231513569 0.417349197731901 0.412494795692644 0.408674443655105 0.405216542874638 0.401337974682793 0.39745684657911 0.394240813872099 0.386458250632911 0.377675665112231 0.371217958988726 0.362986768769436 0.354119952357327 0.348222232527625 0.342039541689636 0.335742342930159 0.328862832819362 0.318901837598738 0.309434345350893 0.300214067537129 0.291836562106321 0.290261611400219 0.299031057797972 0.308035023941291 0.315736690878255 0.327538452555275 0.338533623971605 0.348000611188789 0.355116452396337 0.35899952801652 -9999 -9999 -9999 -9999 -9999 -9999 -9999 -9999 -9999 -9999 -9999 -9999 -9999 -9999 -9999 -9999 -9999 -9999 -9999 -9999 -9999 -9999 -9999
0.423930460813752 0.425015268996327 0.425644928927546 0.42577127509044 0.423790902982227 0.419602322213827 0.414938684951472 0.410731659032006 0.406105664659973 0.401471484673273 0.397997856805064 0.394944528751579 0.387390902497405 0.378946430534808 0.373322482251503 0.364204886437513 0.356845639392508 0.350932758496974 0.341829854663126 0.333056893895593 0.324277887449113 0.314357674907973 0.302990377480397 0.292173573979909 0.280660120779222 0.28070920964327 0.293372596115227 0.3052023452529 0.313183587185271 0.322355090279095 0.333973746742989 0.343701168256855 0.347205196018689 -9999 -9999 -9999 -9999 -9999 -9999 -9999 -9999 -9999 -9999 -9999 -9999 -9999 -9999 -9999 -9999 -9999 -9999 -9999 -9999 -9999 -9999 -9999 -9999
0.420444233150619 0.420250080609612 0.421373471447771 0.422433138020882 0.421728755392814 0.419077824483621 0.415830551011975 0.41253303571318 0.40817780537935 0.402457060852423 0.398781410860899 0.395322847756052 0.386807019809249 0.378925711302539 0.373214880694084 0.365431230491054 0.357748981827807 0.349261403507319 0.339152743101126 0.329923835796592 0.319855504850375 0.306775038596412 0.293836161683478 0.288739071799224 0.287532063126684 0.283425274655415 0.285383503481006 0.29434446677897 0.302608954130331 0.313221302192137 0.326720759592565 0.339422242587795 0.345537203645622 -9999 -9999 -9999 -9999 -9999 -9999 -9999 -9999 -9999 -9999 -9999 -9999 -9999 -9999 -9999 -9999 -9999 -9999 -9999 -9999 -9999 -9999 -9999 -9999
0.41772161741369 0.417415279343396 0.417807200572988 0.41798236218934 0.417906784117322 0.417408630115725 0.415225557291552 0.412699259174356 0.409258179055054 0.404504948158851 0.401811564260587 0.389702397186539 0.385390886524183 0.376702109887521 0.369593360597033 0.361030338173112 0.354490548407333 0.350629948914768 0.34183752695215 0.331148802703674 0.320651063899183 0.306303430359879 0.288599084350888 0.281536821750563 0.282912302985177 0.279535226275781 0.276631304173164 0.279936553931344 0.29020611007248 0.303718873417951 0.320916770795764 0.330899577084513 -9999 -9999 -9999 -9999 -9999 -9999 -9999 -9999 -9999 -9999 -9999 -9999 -9999 -9999 -9999 -9999 -9999 -9999 -9999 -9999 -9999 -9999 -9999 -9999 -9999
0.415774015498626 0.41539904133286 0.415317565635539 0.415214695472485 0.415328389894899 0.415346043127506 0.414387636970313 0.412179544867272 0.409059322294115 0.404802502105927 0.401135162750232 0.394985226927754 0.384384305772185 0.375597119794749 0.369381563953003 0.361453673868169 0.35429259742691 0.349219301368759 0.341785595109524 0.333034690197421 0.321430382803562 0.305003856805009 0.287148569469588 0.277893538986539 0.276370778782894 0.27158016066585 0.264607460486332 0.267386620262379 0.281987253628865 0.298810584622043 0.307652303079755 -9999 -9999 -9999 -9999 -9999 -9999 -9999 -9999 -9999 -9999 -9999 -9999 -9999 -9999 -9999 -9999 -9999 -9999 -9999 -9999 -9999 -9999 -9999 -9999 -9999 -9999
0.413512694840851 0.412918904644133 0.412683205622451 0.412300986182822 0.41169130335607 0.411613139391883 0.411542627900599 0.410520753345641 0.408368161513203 0.404727581820232 0.401255558704196 0.394932496252165 0.38423277541206 0.374966488264114 0.367460969097271 0.359176883096097 0.353321093993632 0.348020780162252 0.340919571291407 0.334154281342799 0.321996427961636 0.304848960288296 0.295293690541584 0.291257421963359 0.281002562727763 0.268597596548636 0.25443063944565 0.258014744578479 0.277486829007688 0.293080352281186 0.301711663025626 -9999 -9999 -9999 -9999 -9999 -9999 -9999 -9999 -9999 -9999 -9999 -9999 -9999 -9999 -9999 -9999 -9999 -9999 -9999 -9999 -9999 -9999 -9999 -9999 -9999 -9999
0.410546534867841 0.410517707992644 0.410642034757588 0.41008405851224 0.410268691396642 0.410495723535884 0.409588151903065 0.408503215615804 0.406945135735369 0.40411948742745 0.401254841022075 0.395532651012447 0.385521091548081 0.376862131946359 0.369813464083507 0.361073702772091 0.357154690867503 0.354816162860149 0.347514985757066 0.340890880993379 0.329412864433515 0.310785991677408 0.298038341350573 0.292921813456858 0.285485118348925 0.277928043479485 0.269968633148249 0.274259195456807 0.285760380953524 -9999 -9999 -9999 -9999 -9999 -9999 -9999 -9999 -9999 -9999 -9999 -9999 -9999 -9999 -9999 -9999 -9999 -9999 -9999 -9999 -9999 -9999 -9999 -9999 -9999 -9999 -9999 -9999
0.409566926428018 0.409284742611979 0.409576132758252 0.409337306051975 0.408719426796822 0.407897894073049 0.407276733786329 0.406658796545 0.405088651360954 0.40331243204348 0.401271129782435 0.396152620433072 0.389158654815854 0.381882673839527 0.375457531838812 0.370430828641379 0.365437927110126 0.360856780863706 0.352005789057445 0.344037304824904 0.336492002320929 0.322421769995302 0.300225228161043 0.290795089344826 0.293377313641626 0.286026276944639 0.28310462332477 0.290124964187518 0.296653605226887 -9999 -9999 -9999 -9999 -9999 -9999 -9999 -9999 -9999 -9999 -9999 -9999 -9999 -9999 -9999 -9999 -9999 -9999 -9999 -9999 -9999 -9999 -9999 -9999 -9999 -9999 -9999 -9999
0.407689759891516 0.407536152842943 0.407285066119664 0.406970539928226 0.406494781905952 0.405809089615065 0.404918810127599 0.404277952116007 0.403537187308524 0.402383458184665 0.401073486074569 0.400609640768784 -9999 0.38721197344545 0.383974628679123 0.378541061489291 0.373287211574168 0.368720353725096 0.36223510512252 0.35431625510419 0.345820854135558 0.330298862644871 0.311575357412919 0.30099842681868 0.299438384027178 0.304558875452421 0.307894592208234 0.30799565167167 -9999 -9999 -9999 -9999 -9999 -9999 -9999 -9999 -9999 -9999 -9999 -9999 -9999 -9999 -9999 -9999 -9999 -9999 -9999 -9999 -9999 -9999 -9999 -9999 -9999 -9999 -9999 -9999 -9999
0.40507057009315 0.404969066221638 0.405225338111826 0.40541607168772 0.405178153827184 0.405132797230039 0.404849388985775 0.404041545626354 0.402951715122609 0.401892871860978 0.400928514189071 0.39951823557913 -9999 -9999 -9999 -9999 -9999 0.374543064415315 0.367741964928393 0.360849405901821 0.355045972103246 0.339193741911678 0.327621753717183 0.331029248447987 0.330357319185515 0.329517399411568 0.329527489847747 -9999 -9999 -9999 -9999 -9999 -9999 -9999 -9999 -9999 -9999 -9999 -9999 -9999 -9999 -9999 -9999 -9999 -9999 -9999 -9999 -9999 -9999 -9999 -9999 -9999 -9999 -9999 -9999 -9999 -9999
0.402943680976954 0.403221634585729 0.403965488552983 0.404468758753565 0.404471811077709 0.404362217585431 0.40408347488119 0.403589610394144 0.402618885172373 0.401847015288634 0.400998053579368 0.39931372606663 0.397596814411312 0.396058572392346 0.394845898227205 -9999 -9999 -9999 0.370413291186505 0.366362546852258 0.366161452223586 -9999 0.344998801010787 0.345139724009991 0.342035722389323 -9999 -9999 -9999 -9999 -9999 -9999 -9999 -9999 -9999 -9999 -9999 -9999 -9999 -9999 -9999 -9999 -9999 -9999 -9999 -9999 -9999 -9999 -9999 -9999 -9999 -9999 -9999 -9999 -9999 -9999 -9999 -9999
0.399766482842696 0.400766936750002 0.401879365511327 0.402389645803165 0.402849584412546 0.403437838018949 0.403603430155782 0.403377339100069 0.402720345439107 0.401742193511471 0.400881640800269 0.39975655836943 0.397949158569497 0.396243004868128 0.394992845830685 0.394783858025033 -9999 -9999 -9999 -9999 -9999 -9999 -9999 -9999 -9999 -9999 -9999 -9999 -9999 -9999 -9999 -9999 -9999 -9999 -9999 -9999 -9999 -9999 -9999 -9999 -9999 -9999 -9999 -9999 -9999 -9999 -9999 -9999 -9999 -9999 -9999 -9999 -9999 -9999 -9999 -9999 -9999
0.396107942640588 0.397244329493068 0.398848156544846 0.399938633700729 0.400939018999317 0.402226329772072 0.402920796871865 0.403262865345554 0.403139584487159 0.40243583070933 0.40165325032887 0.401081755353725 0.399998822093805 0.398276188070747 0.39666595609307 0.39635455495991 -9999 -9999 -9999 -9999 -9999 -9999 -9999 -9999 -9999 -9999 -9999 -9999 -9999 -9999 -9999 -9999 -9999 -9999 -9999 -9999 -9999 -9999 -9999 -9999 -9999 -9999 -9999 -9999 -9999 -9999 -9999 -9999 -9999 -9999 -9999 -9999 -9999 -9999 -9999 -9999 -9999
