layers/veg/veg3300.asc
NCOLS 255 
NROWS 330 
XLLCORNER -2985163.8955 
YLLCORNER -3022031.214 
CELLSIZE 25000 
NODATA_value -9999 
[rows 175 to 199 of 330, columns 114 to 170 of 255]
0.535103967563462 0.534237660025916 0.533494683541226 0.533085262926308 0.532863879582177 0.532336345278128 0.531897228291617 0.531494326970275 0.531121850078028 0.53109227076463 0.531155522477175 0.531167514104091 0.531437394281688 0.53184298312328 0.532517032514865 0.533465985313179 0.5342646635685 0.533057987043377 0.524979433012321 0.514691792762484 0.512124730475917 0.514391301444379 0.515953489507239 0.514210997612684 0.513463877749412 0.51644555784478 0.521541827828229 0.523659371606438 0.513483375527278 0.498867140851882 0.492450440561866 0.495609562881281 0.494664906113673 0.477548177162398 0.458452141817434 0.441167300320411 0.419349180066474 0.417652726958077 0.419293968762477 0.399728700119482 0.385275574265293 0.373610192988498 0.356802674970392 0.340421282188747 0.344581515341788 0.368072670971837 0.398982314543925 0.417241293926265 0.433707676425533 0.461965071772221 0.504664506065338 0.555243978368681 0.581888620403394 0.57334309741243 0.56347601042081 0.583795872065687 0.608098581129339
0.534543832595784 0.533628512624292 0.532712302442243 0.532083100184382 0.531710639401464 0.531116180862784 0.530727813367654 0.530340512862383 0.529804203598763 0.529532870486715 0.529523450151482 0.529557857124842 0.529736735863273 0.530310854859057 0.531002795063198 0.530663528169972 0.531184051837115 0.532246547283367 0.528545539812029 0.519358014011507 0.508706901798011 0.50866448531819 0.516253549974317 0.519114834603326 0.517824055383974 0.519241782958869 0.52751582486796 0.524801207290244 0.508543436427044 0.489508539177186 0.477827859160079 0.477095381935858 0.484559437571133 0.486445791069533 0.468437202106604 0.438783758453579 0.40811781818641 0.402007609579193 0.418146448823432 0.403760653137276 0.373111228845147 0.371505544467727 0.355589016508942 0.345023265156634 0.362247965928814 0.40559000441642 0.443305110190559 0.466693103249574 0.501548379704978 0.498801498442021 0.52228455368989 0.576913264464347 0.593617522718172 0.598890482962129 0.601047345808804 -9999 -9999
0.533802949707683 0.532899044150636 0.53186937571909 0.531204798525907 0.530624670566891 0.529929553077315 0.529430120733973 0.52871077459718 0.528200816614061 0.52788586913728 0.52770159748128 0.527712332969945 0.528136470944491 0.528676443847736 0.528212452843353 0.525120384849408 0.52477502503522 0.528637383781392 0.527449991159842 0.520992463685897 0.511812091709817 0.509993947592168 0.517662657070178 0.522648309726494 0.523334434312082 0.524834582539152 0.530805953547107 0.525260867865345 0.507891170968905 0.492500850705109 0.482357853048057 0.477610878931364 0.483231118929157 0.488072509826659 0.4745159234331 0.452816225239304 0.421263141796271 0.399508281954995 0.408619345143362 0.40497414359735 0.384820741741202 0.375084325608028 0.361969677622432 0.352218111968427 0.371557551498111 0.417027367002286 0.442387490562009 0.453191320875611 0.478264491608477 0.488408144791174 0.526572620367832 0.57490601907372 0.594444333826605 0.602910861189654 -9999 -9999 -9999
0.532244632870954 0.531429051455347 0.530530563663656 0.529637541871957 0.528809073525486 0.527946370279213 0.527210558855401 0.526385344935946 0.525614826508199 0.525175865637604 0.524860349190443 0.52486174184021 0.525174638550935 0.525633385647682 0.523671150594512 0.519870583067165 0.513827059168265 0.514310550129243 0.520976024153671 0.517904702877603 0.509751023590402 0.505763521118831 0.51370061101501 0.521512242160721 0.526258435923074 0.53056928112489 0.534343749433833 0.5316641356214 0.523994189433013 0.521690354831939 0.511778835527515 0.502400323205068 0.497970254505744 0.476445620758437 0.463908133669721 0.449593683027164 0.418189376101497 0.392834089638035 0.389492639611908 0.397167783867733 0.397106952777617 0.389844079168757 0.385787180103392 0.380276551698363 0.394321870686647 0.415377644220336 0.409999953648933 0.419759191739877 0.464348280266848 0.495258244087614 0.529039935502127 0.585905443916367 0.600073908625651 -9999 -9999 -9999 -9999
0.530275757346119 0.52960012530372 0.528755971066202 0.527766193053392 0.526954385672606 0.525735997781724 0.52436280938563 0.523582166368962 0.523001753271729 0.522146676183835 0.521644168663765 0.521602174441532 0.521616644576038 0.522118533449226 0.521270086435906 0.517865788434005 0.508956124474373 0.506919325358207 0.515237628633228 0.51272039949647 0.505277415019287 0.506118164506595 0.515125091811999 0.522517003973371 0.52776146483598 0.531853514994835 0.536205825474859 0.540245957718251 0.545147768848176 0.544624360579064 0.537426734815777 0.531677990485814 0.520084610912073 0.495356708062882 0.479006679034471 0.466980608345703 0.442696791270101 0.416994346694287 0.399868533914986 0.402609694038793 0.410247366358712 0.403766508060889 0.396617482322681 0.393707635142768 0.392582198431465 0.395090189738541 0.412261249238034 0.449814718451199 0.524360946050363 0.589653901488794 0.602092631830011 0.59824626254145 -9999 -9999 -9999 -9999 -9999
0.528677392729503 0.528054818212668 0.527552935376487 0.526711536866185 0.525506007118105 0.524188353334476 0.523098734194302 0.522089895024817 0.520961288964685 0.519909586681906 0.519143441444747 0.518676448752668 0.518414330201734 0.518642051584664 0.518379084071037 0.514206399371836 0.509902820225774 0.510283925402684 0.510355359675189 0.500199738935056 0.494648992501888 0.503951247924387 0.508390164592433 0.513096562739813 0.51916859874614 0.529879972772383 0.535172347659069 0.534695162656238 0.539470596438091 0.539883593923976 0.532978166840437 0.533464357564229 0.533022547277822 0.51977432444509 0.508470470892343 0.484357642687009 0.440941356614554 0.409285042217552 0.390926630086342 0.397055900539115 0.414782597489332 0.409204678956416 0.403152379775785 0.406794570833281 0.408640009086206 0.413780238835183 0.425205248479053 0.488261513203253 0.576033637469487 0.600135238497882 0.605283293873242 -9999 -9999 -9999 -9999 -9999 -9999
0.526534485425128 0.52566160107064 0.525066738706332 0.524228128471059 0.522739405134621 0.520853980303507 0.519361970746193 0.518327062400708 0.51692567247924 0.515719809134589 0.514831941400821 0.514006301517026 0.513321958547319 0.51288926266078 0.512232826086168 0.506063251394073 0.501046532037145 0.501400686844571 0.502215356568426 0.49944069143421 0.49589351049081 0.496708363690935 0.494739410409785 0.504050217666578 0.515924829707163 0.526774820257714 0.529958299608644 0.524993659720088 0.523692338519976 0.523748277024835 0.51475870523218 0.517125669525123 0.525510145309268 0.51049133137489 0.492884640335922 0.475275375118878 0.443941270921515 0.421794747906661 0.41399417780185 0.415510683231129 0.426705923663631 0.425121918259073 0.420553943151539 0.418724073673041 0.420280640376734 0.424274548137652 0.431121475604033 0.492712401147673 0.579455760235441 0.604241826177706 -9999 -9999 -9999 -9999 -9999 -9999 -9999
0.524661618768152 0.523456005485921 0.522353260750468 0.521374618058471 0.519955493853284 0.517866489345342 0.51617141889241 0.514716664143705 0.512915120516731 0.511421266554264 0.510173089573122 0.508954214422487 0.507655624519648 0.506541526116907 0.504630528930881 0.499350455463406 0.498366610346494 0.502234400222609 0.502530219294771 0.502582358340766 0.50064922481444 0.500052893680497 0.498061990585252 0.493445685700264 0.503470919491042 0.520301119510981 0.522539704413292 0.512411228763078 0.499141430866391 0.494729503642568 0.493204114929617 0.497864449573749 0.51086827612341 0.50131492743173 0.476624799509335 0.459982957973648 0.437955071014621 0.427762323720016 0.435144544434091 0.434761499321263 0.438152267694938 0.435227246154505 0.431628449874434 0.431464647162876 0.434820190959352 0.438658800825995 0.442162614027597 0.511488215730973 0.598370762800724 -9999 -9999 -9999 -9999 -9999 -9999 -9999 -9999
0.522846165522633 0.521500264791593 0.520255219842815 0.519035562570227 0.517443506481066 0.515235458160189 0.513192872441816 0.511579559689685 0.5095787862117 0.507559722229622 0.505898102472552 0.504385681660439 0.502903910479998 0.50147873865394 0.499342104087647 0.495843770619902 0.495145410753631 0.496878803797303 0.497178418358256 0.494907805407084 0.493982061383972 0.490071128522542 0.480988340985558 0.486146619646641 0.499950936120151 0.513435716344681 0.513309540020646 0.500535753826029 0.492481004780038 0.489029076978638 0.485127553419164 0.485572103069378 0.497465131494495 0.493936278743132 0.475284337298724 0.449471964672313 0.429361390049797 0.425320052209686 0.429660572445705 0.439360987435228 0.438448432229993 0.435123284949817 0.43329252048852 0.432769856224474 0.439183034212925 0.452255306604741 0.471134059450706 0.542670249494408 0.612164028057593 -9999 -9999 -9999 -9999 -9999 -9999 -9999 -9999
0.52068073565517 0.519128746004769 0.517267723652993 0.51553237398084 0.513719590476562 0.511267120671874 0.508794189821534 0.506755521007976 0.504495571013149 0.501806287567612 0.499799356035561 0.497849102044845 0.495144219489111 0.492680486590195 0.490805740038022 0.488260270557841 0.484416353255644 0.48419428607537 0.487435318951025 0.487200149149486 0.484269399858611 0.477869510227688 0.476326359668171 0.485323216595313 0.497549911120108 0.497707210297885 0.48737007420934 0.482451105613006 0.484382746667724 0.495511467095296 0.500362362514012 0.502316533319253 0.503003409225433 0.490629663054804 0.469348177135931 0.439960275005038 0.407230607215132 0.398228840252903 0.403549653450899 0.4044245450918 0.407318453308405 0.416871982989211 0.435727057240958 0.437128528127129 0.441383964574203 0.480837899443146 0.539507401332034 0.588683562055026 0.608820823397118 -9999 -9999 -9999 -9999 -9999 -9999 -9999 -9999
0.51901718302559 0.516837410956274 0.514262834377053 0.512193713154766 0.510027775317671 0.507098212070825 0.504365813588278 0.502189054581705 0.499429235337719 0.496154086319399 0.493451493575959 0.490652431866344 0.4869169009542 0.483783965049445 0.481308087463249 0.477759857395164 0.471624543826207 0.469530209221806 0.473803500745931 0.474293599992475 0.46858169771659 0.467307584553253 0.472975628210241 0.478847477565162 0.480920715775557 0.471700927677938 0.464780243822635 0.471984309367601 0.48723618658367 0.498213804552073 0.496651670001641 0.501503351748395 0.510863294646663 0.492938894464904 0.466111207206939 0.439394755491574 0.40689821828665 0.385064328104304 0.390550564757759 0.384916165666561 0.378920483607124 0.400197672830087 0.43438311288933 0.458484092162318 0.459878262467563 0.503351753919471 0.566029714287249 0.588802930687591 0.603880525644324 -9999 -9999 -9999 -9999 -9999 -9999 -9999 -9999
0.517587884989172 0.515205259915568 0.51224879892538 0.509807059324388 0.507403048434934 0.503865115277922 0.500743536886382 0.498446246022165 0.495446870209811 0.491711086271296 0.488565890870658 0.485035717382511 0.480388398506345 0.476916197317152 0.47411944790879 0.471098690892843 0.468178002088157 0.465256310482065 0.464796931613179 0.464922749956239 0.459114016547603 0.458836775234793 0.465664872620651 0.465450824294844 0.453250311597918 0.440536199193687 0.454594407287619 0.475326910615389 0.48576308017673 0.491127151584983 0.490853638946324 0.503192097020404 0.499980725158016 0.479199675074322 0.468925219402386 0.441836735107245 0.412782063227018 0.404996111478526 0.41017079144849 0.397669107984641 0.384732054266184 0.383724027952073 0.412415313110499 0.458534257799378 0.479101979189759 0.516644985836245 0.560088889018527 0.577449504115153 0.593479239882401 -9999 -9999 -9999 -9999 -9999 -9999 -9999 -9999
0.515120832628891 0.512299517091756 0.508958509955599 0.506030710719401 0.502988732311268 0.498951628876766 0.495305347095309 0.492435575406574 0.489024407522717 0.484748497392611 0.480480515869718 0.47594496532083 0.47074230645573 0.466836936824521 0.463362669525071 0.459432202844124 0.456468393406497 0.454002916167499 0.451932420333585 0.451008178527302 0.44872391028798 0.446832730899321 0.447718472467742 0.441169659272106 0.434311616268032 0.442177358029296 0.455331239770329 0.46601129561518 0.472217113301744 0.476784943215165 0.482459825895146 0.484903662604996 0.479553755818331 0.472069713863423 0.466021396827586 0.450362959264721 0.431123158319694 0.418866530524424 0.403906686851669 0.393170041701763 0.388205548832767 0.390604162289394 0.429813842069092 0.467277799865378 0.481874432106948 0.504392237209009 0.540101830141657 0.570494250109523 0.572939558883942 -9999 -9999 -9999 -9999 -9999 -9999 -9999 -9999
0.513072747434381 0.509840138199662 0.505994098388229 0.502704964143729 0.49906600985969 0.49424115176681 0.490144778671883 0.486729343635052 0.482884334976518 0.477747136109338 0.471920538113736 0.46641263037228 0.460441301634946 0.455575978584417 0.451199360728663 0.446357081060802 0.443147921195445 0.440575460333746 0.437205268080835 0.434207349652935 0.431550984015259 0.424244873718238 0.417114630632876 0.418508500757389 0.43020276643969 0.444292322076439 0.449017007825418 0.44969704411719 0.447336740664132 0.449086642766109 0.459020740279489 0.454534684948145 0.434611232472089 0.432837296388494 0.439888690827997 0.448129735295702 0.435530895676681 0.410704081936424 0.391177828367029 0.385457928171375 0.383646575628146 0.374809321852601 0.400110394576955 0.443478189142231 0.458753538366325 0.4742476803462 0.516336020744864 0.551238165333741 0.557394464181392 -9999 -9999 -9999 -9999 -9999 -9999 -9999 -9999
0.510813829919947 0.507431947317142 0.503324313042392 0.499633425582331 0.495759307925616 0.490695750311963 0.486124287337466 0.482253550492627 0.478033822508658 0.472016591516402 0.465531097567525 0.459858925927653 0.453122057575384 0.447444110052482 0.44251183023555 0.437117047166708 0.432851416581387 0.42943644696786 0.425297811427294 0.421481635722523 0.417997126761535 0.41285194538236 0.406594311755681 0.405322283579984 0.413431595803644 0.425556956815138 0.433515013738241 0.432830161766419 0.428543940664123 0.425685989808722 0.435554912728529 0.4389676742178 0.422180923460623 0.417649934462613 0.418468244893951 0.423127264550258 0.425978362588799 0.407412394961441 0.383120948914092 0.374196411617506 0.371716638781245 0.370548898401475 0.377153097954554 0.402984914663032 0.432808006173771 0.450940789110014 0.481182035801325 0.515280132434244 0.534222679648678 -9999 -9999 -9999 -9999 -9999 -9999 -9999 -9999
0.5080554470691 0.504361394573493 0.499622267614866 0.495329405300749 0.490997160561768 0.485366178551608 0.480301900711696 0.476236125998089 0.471444457178199 0.464325684725511 0.45673237285157 0.449952067800604 0.442309730962329 0.436046192186076 0.430212996951779 0.423561325255056 0.418294173836744 0.413500402336105 0.40830691898902 0.40352761861237 0.398268025689401 0.395841669726799 0.397473778184305 0.399537412797575 0.398493679426296 0.395558647108431 0.398204236558969 0.403124653672276 0.401277179736056 0.396375606595614 0.408411523039902 0.417187962575296 0.405029562003072 0.393804503677489 0.391838014820045 0.401108352573959 0.39199044800936 0.373403265535015 0.361518888496195 0.346983533342768 0.341577572697691 0.338458905700078 0.344294386300123 0.353446151589196 0.369123909927392 0.394532413565799 0.430270357102942 0.486692429460771 0.519159331367413 -9999 -9999 -9999 -9999 -9999 -9999 -9999 -9999
0.504605320796008 0.500786469773588 0.495773103101698 0.491220996703299 0.486371484331037 0.480039971600436 0.474507441792127 0.469941892718758 0.464538386275708 0.45635247421989 0.447731292472306 0.440427011255825 0.431922893977585 0.424678269164764 0.418109655478825 0.410392785800995 0.403685680021997 0.39747368057001 0.390551009875079 0.384389099276277 0.380757152296099 0.382103966081083 0.382426146149825 0.379491296040158 0.377313383608876 0.374213833361153 0.374273674300728 0.378334800104471 0.383602545394611 0.383878116685664 0.384390591439186 0.391985080421459 0.388237202650969 0.377913298280439 0.38162656895538 0.384733989712278 0.366941589425408 0.347929054192376 0.335032196768832 0.323446389973505 0.307574262382228 0.292689077103348 0.274820410644003 0.277934577252191 0.309720399646142 0.349766362101304 0.379374244532171 0.42975913006427 0.495244046879357 -9999 -9999 -9999 -9999 -9999 -9999 -9999 -9999
0.501705461165611 0.497903671008313 0.492823969474268 0.488027950239984 0.482887239719559 0.476081385861029 0.470269059898341 0.465724639867378 0.459491885471994 0.450329703417095 0.441819422333737 0.434533329319209 0.425327133323871 0.417719702041089 0.410397161523913 0.400949184938683 0.392902475926501 0.385818925418229 0.377707227059581 0.37159899167802 0.369167670349542 0.367971022483061 0.364364549703663 0.359971519426835 0.35959682416688 0.363265098459103 0.370196219739115 0.375790699605531 0.376956688780914 0.374982106394408 0.375032105655724 0.379938942352638 0.380503798314482 0.36955696166036 0.358854232428465 0.352530350043447 0.345483107356436 0.336162076613464 0.321051254895124 0.304810418875483 0.291023301384802 0.282180933346192 0.260730889084943 0.235908302872625 0.28336520439228 0.380574327953637 0.413157647288897 0.446232219641781 0.483729325941575 -9999 -9999 -9999 -9999 -9999 -9999 -9999 -9999
0.497647327830667 0.493728890053295 0.48847048741022 0.483436519320011 0.477764319327135 0.470534054669561 0.46469637686563 0.460043805896888 0.453057650693959 0.44256217997933 0.433399628395053 0.425717562679036 0.415671591140676 0.406727999659314 0.397593273522294 0.386559910848032 0.377435269824312 0.369003833772851 0.359856656744578 0.352775998004269 0.347234804306584 0.342458644870832 0.339435048075009 0.336702322017135 0.336395315392485 0.338723323994521 0.341284496264977 0.347542151840778 0.353339969399695 0.355598345713611 0.363318376735024 0.370684310691787 0.370603617569969 0.36759196557186 0.362961200049823 0.351975589607468 0.336770719342717 0.325070148548413 0.303700247698048 0.28198758893587 0.269603320518937 0.258023195876222 0.237529529122253 0.216057991575307 0.27605936758855 0.380759574897295 0.420042486856055 0.449362599251807 0.470798660334229 -9999 -9999 -9999 -9999 -9999 -9999 -9999 -9999
0.49395908296405 0.48977128536809 0.484330593603944 0.47914499898827 0.473057056291915 0.46541587298166 0.45967095541983 0.455188476107839 0.447325254585379 0.435328822756395 0.425775944629414 0.41775269982597 0.405626591750986 0.394853506997898 0.38460965028322 0.372786072724246 0.363274926559064 0.35367216155503 0.342936650861742 0.334291758141511 0.325696267285247 0.31870891638726 0.312882749993805 0.307985800161629 0.310668545499785 0.313876173701014 0.314369536537853 0.319923151320798 0.330339355214698 0.339226496300294 0.352883098534606 0.36300123497187 0.355968868807715 0.348921811559619 0.356461894100776 0.353512630460333 0.336534739485552 0.318568015950791 0.293463466916535 0.267110777090245 0.24660322307986 0.231097879424765 0.217871672519303 0.221487189192323 0.288098282004754 0.379569919089014 0.416328403881893 0.427808643361228 -9999 -9999 -9999 -9999 -9999 -9999 -9999 -9999 -9999
0.491338027713202 0.486978025396359 0.481400413522209 0.475915237692801 0.469576725608058 0.462240379923569 0.456702307026493 0.451811458551404 0.442891242195227 0.431129266820068 0.422131438857106 0.411936851626236 0.397771876526837 0.387181113361414 0.378059194072576 0.365079273035721 0.353846285859244 0.343935445094213 0.331692798042951 0.320894127523878 0.311520678581297 0.299767287475464 0.289443776990558 0.285441962134295 0.283522893451656 0.287252063941124 0.291901997431945 0.299974990833471 0.315781801802135 0.329701262255985 0.344861236216041 0.34848329103279 0.341444387207641 0.332600720318625 0.335942454947979 0.34664036003235 0.345042676501433 0.322525429352962 0.296384125030677 0.278807574106892 0.251225534029157 0.226070456344156 0.251410410062745 0.317908465516135 0.358092495205682 0.388898383750926 0.402187847193804 -9999 -9999 -9999 -9999 -9999 -9999 -9999 -9999 -9999 -9999
0.487628687433418 0.483276603475613 0.477531135880817 0.471660782075677 0.465155314813376 0.457941463431929 0.452123072722804 0.446566497876226 0.437051448183032 0.425392564560652 0.415369101450441 0.402737939720164 0.387794232533798 0.377499216615859 0.368402612708179 0.354398729897783 0.342355305574317 0.33083269155439 0.315698354159267 0.303307387621236 0.291732390240195 0.279038181602091 0.270215683363461 0.261014178590813 0.258483729121649 0.266472743925745 0.27300051910923 0.283569315753171 0.295008570958535 0.313035401031074 0.337461205989624 0.337155716717714 0.332693024973231 0.343479885162295 0.351739155053876 0.357156378992942 0.352378448986566 0.325453280228594 0.283400134780271 0.251064909878943 0.237868326083675 0.231606239683468 0.275686489616031 0.34786898784311 0.366152319836591 0.371358301560205 -9999 -9999 -9999 -9999 -9999 -9999 -9999 -9999 -9999 -9999 -9999
0.484436506067472 0.479911715774942 0.473821709694259 0.467595931698192 0.461114122971522 0.454466503146638 0.448507455194467 0.441814861360202 0.432491567755373 0.420626427518112 0.408890073424765 0.395765390077239 0.382321771793308 0.371677383119961 0.360061384477652 0.345271289131861 0.332964830351607 0.320555586518367 0.304004660433132 0.289097627427109 0.277429248554124 0.264827310114378 0.252276514369855 0.243847552587833 0.251293084652725 0.261750195305035 0.264321095517815 0.277438107022933 0.284573345369904 0.303684899149046 0.32440890653729 0.326882124151027 0.32927798751265 0.353205570407954 0.384299401282163 0.376948112641648 0.353370298059205 0.327382223417245 0.295990717770673 0.253944587710394 0.225319560851949 0.238675423954887 0.302835678659812 0.351866201152827 -9999 -9999 -9999 -9999 -9999 -9999 -9999 -9999 -9999 -9999 -9999 -9999 -9999
0.482182500809743 0.477566915575085 0.471288304384319 0.464986616011819 0.458790942699933 0.452192295949062 0.445792847542578 0.438688733263363 0.429242267683567 0.417043167833295 0.404612487185079 0.391295190068524 0.378344540554252 0.368494801197518 0.356618592722333 0.34150080843393 0.328266492796805 0.313367401796396 0.295365935407819 0.281400232562769 0.269073280104601 0.256445471954314 0.249596762677776 0.24984800654337 0.256389137639048 0.26767023419939 0.279026886193253 0.289272760149998 0.293712153153642 0.315058023779249 0.327914757563254 0.318745807912575 0.349401790313901 0.382155873188983 0.396020774337145 0.394060062111869 0.386173630364325 0.372699129555078 0.340012004290337 0.285915265747199 0.236946144434362 0.249026696653292 0.311769248957443 0.35042966187555 -9999 -9999 -9999 -9999 -9999 -9999 -9999 -9999 -9999 -9999 -9999 -9999 -9999
0.47853984515422 0.474100419710009 0.46789962736586 0.461588231195902 0.455698386284716 0.449101625124069 0.441872458977619 0.434429825377262 0.424822016173803 0.411839891500724 0.39928829962412 0.38710597845515 0.373535149329139 0.363339493423534 0.352138965310182 0.335611290096772 0.320147344850656 0.304019286480759 0.285861166574982 0.272212889054577 0.261502469034322 0.249493226298526 0.241564835244948 0.244125013992787 0.253283962469099 0.262487505154934 0.276215520438721 0.295209978039138 0.310407504961357 0.328005466268497 0.342055581078239 0.349976825852715 0.366187816821812 0.381252893538624 0.391850115369734 0.395332025126758 0.390462504774686 0.380761882604941 0.360233664714131 0.334065947997372 0.308887453076205 0.307981738772172 0.332159523044179 -9999 -9999 -9999 -9999 -9999 -9999 -9999 -9999 -9999 -9999 -9999 -9999 -9999 -9999
