layers/veg/veg3900.asc
NCOLS 255 
NROWS 330 
XLLCORNER -2985163.8955 
YLLCORNER -3022031.214 
CELLSIZE 25000 
NODATA_value -9999 
[rows 25 to 49 of 330, columns 112 to 167 of 255]
0.499422324666231 0.501083877520761 0.503279816553987 0.503744048898425 -9999 -9999 -9999 -9999 -9999 -9999 -9999 -9999 -9999 -9999 -9999 -9999 -9999 -9999 -9999 -9999 -9999 -9999 -9999 -9999 -9999 -9999 -9999 -9999 -9999 -9999 -9999 -9999 -9999 -9999 -9999 -9999 -9999 -9999 -9999 -9999 -9999 -9999 -9999 -9999 -9999 -9999 -9999 -9999 -9999 -9999 -9999 -9999 -9999 -9999 -9999 -9999
0.49249239231565 0.494603884902619 0.495931027717639 0.499395560187433 0.502297423695686 0.504167792551472 0.50908719168599 -9999 -9999 -9999 -9999 -9999 -9999 -9999 -9999 -9999 -9999 -9999 -9999 -9999 -9999 -9999 -9999 -9999 -9999 -9999 -9999 -9999 -9999 -9999 -9999 -9999 -9999 -9999 -9999 -9999 -9999 -9999 -9999 -9999 -9999 -9999 -9999 -9999 -9999 -9999 -9999 -9999 -9999 -9999 -9999 -9999 -9999 -9999 -9999 -9999
0.478879115754318 0.481309044805075 0.488347802781279 0.494393702693698 0.499282103439348 0.503864430527071 0.508805042473896 0.513961448360304 0.518973844787939 -9999 -9999 -9999 -9999 -9999 -9999 -9999 -9999 -9999 -9999 -9999 -9999 -9999 -9999 -9999 -9999 -9999 -9999 -9999 -9999 -9999 -9999 -9999 -9999 -9999 -9999 -9999 -9999 -9999 -9999 -9999 -9999 -9999 -9999 -9999 -9999 -9999 -9999 -9999 -9999 -9999 -9999 -9999 -9999 -9999 -9999 -9999
0.46040067634226 0.480125119005586 0.484897892346816 0.489026835051018 0.494807972605605 0.499920166544628 0.505219605455975 0.511962900833168 0.518540502868163 0.522069248972644 0.525183158351999 -9999 -9999 -9999 -9999 -9999 -9999 -9999 -9999 -9999 -9999 -9999 -9999 -9999 -9999 -9999 -9999 -9999 -9999 -9999 -9999 -9999 -9999 -9999 -9999 -9999 -9999 -9999 -9999 -9999 -9999 -9999 -9999 -9999 -9999 -9999 -9999 -9999 -9999 -9999 -9999 -9999 -9999 -9999 -9999 -9999
0.456000122503984 0.466491688680604 0.4701935718293 0.476712013285187 0.484082281628978 0.489654724891009 0.496613822095697 0.506250515664026 0.513856777944187 0.519177223122407 0.525009849524245 0.531799836445039 0.538899990558986 -9999 -9999 -9999 -9999 -9999 -9999 -9999 -9999 -9999 -9999 -9999 -9999 -9999 -9999 -9999 -9999 -9999 -9999 -9999 -9999 -9999 -9999 -9999 -9999 -9999 -9999 -9999 -9999 -9999 -9999 -9999 -9999 -9999 -9999 -9999 -9999 -9999 -9999 -9999 -9999 -9999 -9999 -9999
0.425928556354047 0.446738501769032 0.457689601671904 0.463671405306583 0.471834950022912 0.48053885400004 0.48942675746564 0.500480353194196 0.509533733066566 0.516069688741156 0.522985931071825 0.531050372095976 0.538617853233896 0.544673620059833 -9999 -9999 -9999 -9999 -9999 -9999 -9999 -9999 -9999 -9999 -9999 -9999 -9999 -9999 -9999 -9999 -9999 -9999 -9999 -9999 -9999 -9999 -9999 -9999 -9999 -9999 -9999 -9999 -9999 -9999 -9999 -9999 -9999 -9999 -9999 -9999 -9999 -9999 -9999 -9999 -9999 -9999
0.427776312220072 0.441574749335385 0.447577130301102 0.454828166486666 0.464613187353609 0.475876115525316 0.485830191553603 0.496478837678827 0.505922534996367 0.511711158578312 0.51920653566949 0.527978905692082 0.535659061588159 0.543292696547188 0.547731155670092 -9999 -9999 -9999 -9999 -9999 -9999 -9999 -9999 -9999 -9999 -9999 -9999 -9999 -9999 -9999 -9999 -9999 -9999 -9999 -9999 -9999 -9999 -9999 -9999 -9999 -9999 -9999 -9999 -9999 -9999 -9999 -9999 -9999 -9999 -9999 -9999 -9999 -9999 -9999 -9999 -9999
0.434307185167301 0.439600617108065 0.444641678257093 0.448511730756315 0.457031316844104 0.468088516084043 0.477655158807066 0.489267860433532 0.49905101124275 0.505430425498043 0.511969922542182 0.523149799023198 0.533616523913826 0.542575524294167 0.548397667009813 -9999 -9999 -9999 -9999 -9999 -9999 -9999 -9999 -9999 -9999 -9999 -9999 -9999 -9999 -9999 -9999 -9999 -9999 -9999 -9999 -9999 -9999 -9999 -9999 -9999 -9999 -9999 -9999 -9999 -9999 -9999 -9999 -9999 -9999 -9999 -9999 -9999 -9999 -9999 -9999 -9999
0.429963257190391 0.437248517318848 0.443262775122809 0.448659280471721 0.456874391254588 0.466338000270229 0.473577492623983 0.482881574020811 0.493153621966715 0.500697503505854 0.507302066655939 0.519248652038744 0.530470057532905 0.539650238342685 0.553003733787317 0.5633402575529 -9999 -9999 -9999 -9999 -9999 -9999 -9999 -9999 -9999 -9999 -9999 -9999 -9999 -9999 -9999 -9999 -9999 -9999 -9999 -9999 -9999 -9999 -9999 -9999 -9999 -9999 -9999 -9999 -9999 -9999 -9999 -9999 -9999 -9999 -9999 -9999 -9999 -9999 -9999 -9999
0.428390501320397 0.43332569338573 0.435880967531634 0.441995160614323 0.452266945233644 0.462240589752812 0.473437735773577 0.482176208743015 0.491939605781713 0.501791931012586 0.508962625088653 0.519893561510767 0.530266382634384 0.538600707461306 0.551195324261091 0.563261344583513 0.571317572306237 0.581299436001535 -9999 -9999 -9999 -9999 -9999 -9999 -9999 -9999 -9999 -9999 -9999 -9999 -9999 -9999 -9999 -9999 -9999 -9999 -9999 -9999 -9999 -9999 -9999 -9999 -9999 -9999 -9999 -9999 -9999 -9999 -9999 -9999 -9999 -9999 -9999 -9999 -9999 -9999
0.422428158366848 0.414822126751884 0.393440765009413 0.393649457533811 0.427569552162982 0.45591477515343 0.469149914943557 0.480037493862718 0.491587680306549 0.499378110165305 0.508215068108224 0.520389746468492 0.528666418368593 0.538665332185103 0.55262648037338 0.562451491916315 0.571773228002163 0.581402457833894 0.59026174220031 0.597072617373002 -9999 -9999 -9999 -9999 -9999 -9999 -9999 -9999 -9999 -9999 -9999 -9999 -9999 -9999 -9999 -9999 -9999 -9999 -9999 -9999 -9999 -9999 -9999 -9999 -9999 -9999 -9999 -9999 -9999 -9999 -9999 -9999 -9999 -9999 -9999 -9999
0.417761279065553 0.387666192243507 0.356734483691197 0.366604777239086 0.400335962480199 0.445574986809695 0.472611143220123 0.483126553412419 0.491652490682625 0.499296146973956 0.508316382377109 0.520973773267042 0.531742932362068 0.542326167641126 0.552955163007206 0.562175309255667 0.571984782239783 0.582510076780005 0.591044615589622 0.597310720872813 0.601531128543113 -9999 -9999 -9999 -9999 -9999 -9999 -9999 -9999 -9999 -9999 -9999 -9999 -9999 -9999 -9999 -9999 -9999 -9999 -9999 -9999 -9999 -9999 -9999 -9999 -9999 -9999 -9999 -9999 -9999 -9999 -9999 -9999 -9999 -9999 -9999
0.398848816153767 0.366784757592506 0.342706032609135 0.359861514843578 0.387355167782452 0.41880967148 0.459137542336734 0.479360217990725 0.485962351635799 0.496866939734117 0.508174176114438 0.522284943140702 0.533330545608362 0.542490559980684 0.553483547651537 0.562794474136534 0.572369760599798 0.58367180040312 0.592796901985232 0.599988956396445 0.611210220120718 0.620875362810191 0.627516891542662 0.636498486227367 0.644577423690674 0.652089453989117 0.660752094033795 0.668486890221767 0.676033018432371 0.684984917403612 0.693135610734533 0.699921015582492 0.708053389811204 0.715952115245584 0.721455518628532 -9999 -9999 -9999 -9999 -9999 -9999 -9999 -9999 -9999 -9999 -9999 -9999 -9999 -9999 -9999 -9999 -9999 -9999 -9999 -9999 -9999
0.297065049189914 0.32160764560201 0.345190541283219 0.368174626537659 0.401609743947612 0.418527596718895 0.425565986154564 0.453752359627604 0.485898721470185 0.501569204845224 0.514842890501185 0.525908375486131 0.534541795289935 0.545166659263608 0.557957428196349 0.566258447282605 0.574661245382413 0.586477544334068 0.595818182303543 0.603425841739314 0.613177190384554 0.621042928433572 0.627778056631686 0.636779952659045 0.64488078973734 0.65239402127046 0.661037232102483 0.668727720976994 0.676276283655569 0.685285831313005 0.693437614070101 0.700321605119785 0.708504231253148 0.716365119870896 0.722012874216169 0.731310086468901 0.7422619949659 -9999 -9999 -9999 -9999 -9999 -9999 -9999 -9999 -9999 -9999 -9999 -9999 -9999 -9999 -9999 -9999 -9999 -9999 -9999
0.297755183471212 0.314286399207985 0.330842403327901 0.379467765390349 0.415851900679124 0.417933722827998 0.410352466894672 0.430951567685719 0.474535832372827 0.503547625928471 0.518982608440975 0.5308888588662 0.539951827505918 0.550004180134415 0.561997119721935 0.570116758627558 0.577436439669849 0.588645615679138 0.597048615021721 0.605469389717435 0.61531441391361 0.622985916256498 0.630564986829854 0.639835714089908 0.648161123921276 0.655706045722544 0.664191879961498 0.671452190105883 0.679011005347533 0.688596128164487 0.696757052220961 0.704619099786276 0.713336501801568 0.720780169234434 0.727844741121932 0.736071915683408 0.742584842717835 0.750404734483021 -9999 -9999 -9999 -9999 -9999 -9999 -9999 -9999 -9999 -9999 -9999 -9999 -9999 -9999 -9999 -9999 -9999 -9999
0.316012733626222 0.322331836708372 0.323253948209044 0.362581746058607 0.407873487667765 0.419855211799385 0.409067581601521 0.420867070561357 0.453759804418067 0.478627483940585 0.507025726819914 0.531297485756317 0.544710774969693 0.554123268064456 0.56271903900981 0.570801299426457 0.58013515290521 0.59034500659823 0.598499737840617 0.607059339869255 0.617935152794432 0.625880565347376 0.632676126270805 0.642651086594221 0.651049786273852 0.658778800397656 0.667739142572724 0.674923844593267 0.682368492728906 0.692206765162908 0.70045785691981 0.7085216146517 0.717479581629096 0.724603243617486 0.731637384929205 0.740348494636577 0.746268497086099 0.752262002145277 0.762832392277758 0.77213386116227 0.778168454817118 -9999 -9999 -9999 -9999 -9999 -9999 -9999 -9999 -9999 -9999 -9999 -9999 -9999 -9999 -9999
0.349902574294267 0.346302703182206 0.3510362582965 0.340102160399343 0.358175280890607 0.382824820443566 0.380157055055159 0.418651209708959 0.44935424357734 0.468097951199122 0.485280559207246 0.514284931910434 0.54731708103366 0.558512938858797 0.566377011335046 0.576127836072051 0.583623555751742 0.59238044060015 0.600921960081007 0.609918738316206 0.619690226079916 0.62644480684336 0.633251006699227 0.643285631589749 0.651762786125559 0.659548401363664 0.669824560104806 0.675770780881216 0.683157891486651 0.694533483652869 0.704297362707006 0.713769404815641 0.721445462532999 0.729882180303712 0.736906706644927 0.744437056056841 0.752218874422036 0.759233646943202 0.766801855256714 0.772770676773436 0.778724249755361 0.788044793420245 -9999 -9999 -9999 -9999 -9999 -9999 -9999 -9999 -9999 -9999 -9999 -9999 -9999 -9999
0.374106657720229 0.367991956734141 0.366860481286028 0.372448355677229 0.394597788330489 0.40791217616616 0.406136029767413 0.423485774114265 0.442632959447144 0.450054743387847 0.47859528471885 0.528938498263155 0.55402467128839 0.563164145117506 0.567561790287188 0.575135968569295 0.587476230780197 0.595765111587583 0.60299877438752 0.609597806693186 0.618208798567045 0.627278354422774 0.633125814638284 0.642027894726567 0.653340425993489 0.662613510782314 0.672417947095676 0.680100123381403 0.685285835311293 0.694244080523672 0.708353397246954 0.717098343989073 0.725948905654434 0.735764868524825 0.738400845690572 0.748520812106417 0.762629500225142 0.768312254190241 0.773679306561927 0.779623981312903 0.784979973646711 0.790667129316569 0.797371457753389 0.798536701364544 -9999 -9999 -9999 -9999 -9999 -9999 -9999 -9999 -9999 -9999 -9999 -9999
0.377143905992311 0.380747398161188 0.380793860799408 0.383454922069177 0.413013030813254 0.431878325944381 0.44642231312516 0.461209342656488 0.468101490222129 0.47692114167771 0.50558626146919 0.543413249619388 0.560268502493429 0.566932032745232 0.566105115356633 0.572022434383049 0.589430714911656 0.59842758688403 0.605134097823404 0.609905720190718 0.615646863924264 0.617083510430254 0.616436461537945 0.635452387975881 0.656337556533538 0.663450422625244 0.670884315883004 0.677141347917904 0.687174071450593 0.702184522340439 0.71354054620448 0.722084327514183 0.730102584020302 0.734734625268175 0.738433934279609 0.751475473105649 0.765007821473733 0.772651188928884 0.778801731567173 0.785767748189863 0.793044680064514 0.797151963990251 0.798790672186427 0.798836556538933 0.800381391971458 0.80332742010195 -9999 -9999 -9999 -9999 -9999 -9999 -9999 -9999 -9999 -9999
0.427997169660027 0.443326050254861 0.45033374233073 0.457283197133089 0.472043193114538 0.479609451827818 0.479832842370685 0.489278340815892 0.496483816969891 0.489463942393454 0.505869254580837 0.544681757997298 0.56693201270603 0.571144054055367 0.577052343981012 0.585975887962659 0.59352006030052 0.60237617936637 0.608659838463385 0.61391054364152 0.615226779747388 0.615295172185683 0.627083338155623 0.645649810501564 0.657413073894549 0.662877702274861 0.671820660151956 0.681274052484033 0.69236823523227 0.70657294701452 0.715289177133121 0.720756651829063 0.73296109758927 0.745889871732503 0.753522811470752 0.762953723633594 0.772452176780578 0.779512139377952 0.785630786731236 0.791140424040604 0.797922045522141 0.805224256741479 0.805894532380501 0.802834053659637 0.803400513603497 0.803672658974578 0.798525924273508 -9999 -9999 -9999 -9999 -9999 -9999 -9999 -9999 -9999
0.487638999817321 0.506337859551447 0.513978641716818 0.518443587563023 0.525040762561558 0.523014608144286 0.511929101073999 0.517266967856556 0.532784661192531 0.532241134283864 0.527946029297106 0.548082643066373 0.573913661765374 0.577850212325508 0.584993288162331 0.59143913771686 0.5978645133313 0.60633147572332 0.612810486620077 0.615800115058636 0.61754225659467 0.617898550809081 0.62941648566241 0.650532238409947 0.658671680071895 0.660742992206754 0.669511636937869 0.684303910782582 0.696216696008319 0.710060681107961 0.714939041009396 0.715349690316008 0.730227399389948 0.750135178451991 0.759001760398574 0.768760690407896 0.776179926213435 0.782741910756323 0.788709063800519 0.792832705769534 0.802017031120561 0.811170846246521 0.815057304753185 0.813202391316441 0.809735010271616 0.806878383047356 0.800637634521306 0.793316590495536 -9999 -9999 -9999 -9999 -9999 -9999 -9999 -9999
0.515894303056731 0.523066590955586 0.527495666609013 0.53132562903331 0.536380177672949 0.538953640447754 0.525219081696798 0.526832418880424 0.552887187913202 0.559070583830178 0.559177699268222 0.566737384520568 0.578354572228664 0.583280403108766 0.590009384847772 0.595141820177123 0.601193517008446 0.609471384072943 0.615016272834583 0.618436562664123 0.615304218717546 0.619614960991616 0.633773245038387 0.645883897644961 0.656929855347466 0.662324632916399 0.676007897662299 0.689132155547415 0.699317873995996 0.707098529196034 0.716274259076763 0.729925541212286 0.743130508929269 0.754596216634977 0.759750058972162 0.765758769368459 0.774414929871978 0.782465706575416 0.78836835765694 0.792467006177178 0.804342417729536 0.810436440988199 0.813576692257047 0.814248600210703 0.810115260247748 0.805423071835345 0.801420879064418 0.795339169082546 0.792492215762428 -9999 -9999 -9999 -9999 -9999 -9999 -9999
0.532955796540474 0.538558075977903 0.5414073234527 0.544671716628587 0.54920632448522 0.55261169056167 0.556237418057671 0.561869729974551 0.566248788060455 0.568966738228067 0.573040479872003 0.577808147493632 0.58311865831848 0.588203982397285 0.594220638666676 0.600896985392176 0.606009316972116 0.614341074380446 0.61877867675659 0.619442817364876 0.623142460780059 0.625711581803519 0.629415198231306 0.637334038614691 0.643065994512994 0.653561270452178 0.674287716844775 0.690748003832468 0.698763402170698 0.708022081985139 0.718075474339625 0.73048615251497 0.744077137872151 0.753685430143305 0.76034827211136 0.769649297901726 0.779672179766218 0.786860529256975 0.792646428999757 0.796594860268469 0.804662310378322 0.814279475667614 0.815263791152852 0.812977704414709 0.811019992542914 0.810554882372452 0.808231039975807 0.801150879124482 0.793863877068205 -9999 -9999 -9999 -9999 -9999 -9999 -9999
0.548238344139191 0.551673841186319 0.554295164751213 0.556868615497006 0.560726600480648 0.564235050005472 0.567000354955222 0.569757078972216 0.56671267631095 0.557927115268368 0.558440543817728 0.568684487121372 0.581424702227054 0.593514197853208 0.599514956926203 0.605544335211826 0.610754811730775 0.61520766032981 0.621558776662121 0.626710570158322 0.631288751521822 0.634642982782849 0.639521701029091 0.647436836323785 0.654373980153789 0.666759784261754 0.680436018693584 0.690260452935898 0.698867201239625 0.710446848709974 0.721969870628012 0.732260489058505 0.743398312541527 0.754119916045402 0.761956977303446 0.770716493784388 0.777332464443439 0.776124033239627 0.782126183970958 0.798345713497217 0.809869628038533 0.81519396908612 0.814358481501684 0.813995862394815 0.812059187055412 0.809578497008291 0.806759533387055 0.801606862747812 0.795633742244027 0.79228743851716 -9999 -9999 -9999 -9999 -9999 -9999
0.555452332482058 0.558098362104598 0.559741011612273 0.563472208696152 0.568690804672818 0.571220779887013 0.572735786432733 0.563342839556304 0.542804087651589 0.530816830023404 0.539166109744203 0.56130071675825 0.581434132007227 0.595343406985892 0.59520124300664 0.598579861507009 0.605025815520221 0.611139607638836 0.618545069694269 0.62628357824404 0.634462296061744 0.638140775911895 0.641873891134883 0.642566822781205 0.64568446735119 0.660366936919541 0.676898699069065 0.692066466740677 0.701015319461448 0.712358191164313 0.721938350040076 0.729796182303704 0.741805492198505 0.753118900807667 0.76134474936934 0.772971452692618 0.784072291746575 0.792004000390623 0.79885042998026 0.80146140455164 0.80771200958932 0.815582974859974 0.815797056062503 0.815506125006658 0.812452523364779 0.808067304023185 0.805153045234017 0.802482774792568 0.797273641177453 0.79411187891551 -9999 -9999 -9999 -9999 -9999 -9999
