layers/veg/veg3200.asc
NCOLS 255 
NROWS 330 
XLLCORNER -2985163.8955 
YLLCORNER -3022031.214 
CELLSIZE 25000 
NODATA_value -9999 
[rows 175 to 199 of 330, columns 57 to 113 of 255]
-9999 -9999 -9999 -9999 -9999 -9999 -9999 -9999 -9999 -9999 -9999 -9999 -9999 -9999 -9999 -9999 -9999 -9999 -9999 -9999 -9999 0.475883562719768 0.376151234405705 0.283497039522996 0.33000737411305 0.329679210714475 0.221357256710424 0.139415299451178 0.0937694184915865 0.0152516732624804 0.00297950114527555 0.0111125288488801 0.0479684240360741 0.069583735733152 0.0398265098817117 0.0121410129672186 0.00447498736882871 0 0 0.0959432891518179 0.200179262191426 0.32456903771518 0.419411740448537 0.421435875615458 0.396638870392116 0.43218426044696 0.477071162030038 0.49507572391717 0.501456541419992 0.503620449851065 0.504660609587953 0.505283370008723 0.506277312803957 0.507233979944631 0.507817057540831 0.507968685991605 0.507943249499651
-9999 -9999 -9999 -9999 -9999 -9999 -9999 -9999 -9999 -9999 -9999 -9999 -9999 -9999 -9999 -9999 -9999 -9999 -9999 -9999 -9999 -9999 0.398293462818179 0.28122306226998 0.2849168492411 0.268472056953753 0.167025949733167 0.0981479549565188 0.0510694303350999 0 0.0256817664829704 0.0457556727607821 0.0802663200482625 0.0671443476894505 0.0229784791734694 0 0 0 0.0634432593215597 0.132985946357261 0.198391296367622 0.369089139713459 0.402656679487522 0.410901071869639 0.418031631043166 0.45815046551504 0.482884508603278 0.494037540077961 0.498319486952246 0.500495445759088 0.502145254549841 0.503039199073911 0.50428510706272 0.505550975819943 0.506291347273571 0.506797085496415 0.507119947924788
-9999 -9999 -9999 -9999 -9999 -9999 -9999 -9999 -9999 -9999 -9999 -9999 -9999 -9999 -9999 -9999 -9999 -9999 -9999 -9999 -9999 -9999 0.302923909448887 0.287746905926187 0.276972369038475 0.24884745204223 0.157167968416812 0.0799436652461596 0.0421125946733294 0 0 0 0.0481636806014635 0.0685380243449936 0.0374129780155456 0.0010167163380587 0 0 0.0957508833016493 0.102389659227801 0.156564529682083 0.366484192537064 0.40092274394167 0.409642627625094 0.424476933346138 0.468635742366315 0.484857164070999 0.493551340739214 0.497168486037126 0.49938746025316 0.501047632094231 0.502057853932386 0.503307488233935 0.504545212594337 0.505363858413928 0.505897836377167 0.506257800707594
-9999 -9999 -9999 -9999 -9999 -9999 -9999 -9999 -9999 -9999 -9999 -9999 -9999 -9999 -9999 -9999 -9999 -9999 -9999 -9999 -9999 -9999 0.355129546142122 0.333500190471255 0.310305312596741 0.245740970312313 0.10472386168048 0.0170556500010311 0.0172237727420478 0 0 0 0 0.0289120856823287 0.0440598010134578 0 0 0.0214527835256714 0.14949292827371 0.161734186443322 0.236037254312373 0.347726110238932 0.366961819258997 0.40541490340791 0.452419494854485 0.470531464251929 0.480589422029295 0.493696810877559 0.496441619216571 0.498250191425923 0.499737335942129 0.500618497026723 0.501731905069888 0.502748632688326 0.503541555268887 0.504157547172517 0.504639671419496
-9999 -9999 -9999 -9999 -9999 -9999 -9999 -9999 -9999 -9999 -9999 -9999 -9999 -9999 -9999 -9999 -9999 -9999 -9999 -9999 -9999 -9999 0.412835647305555 0.377516724716071 0.332943288644996 0.278579493446699 0.159895525727292 0.0344683681644352 0 0 0 0 0 0 0 0 0 0.0739592874532139 0.179832281258379 0.218942657764031 0.257199362989122 0.305432599411066 0.327592273637786 0.397562871206241 0.450943367476818 0.456865516110448 0.477652069314304 0.494297564121649 0.496976076830009 0.497963923612218 0.498877935627364 0.4994507556435 0.500326032089779 0.50118006534608 0.501839688347992 0.502360674399904 0.502722767580021
-9999 -9999 -9999 -9999 -9999 -9999 -9999 -9999 -9999 -9999 -9999 -9999 -9999 -9999 -9999 -9999 -9999 -9999 -9999 -9999 -9999 -9999 0.478562684329328 0.412643380282605 0.354660281303649 0.271110635241631 0.148675088181782 0.0302186310759198 0 0 0 0 0.0134515064938135 0.00459094186716767 0 0 0 0.0120254212497096 0.169410375145846 0.245698143920538 0.266836418134139 0.303913464325551 0.368929137444948 0.424321468470914 0.45360593747184 0.469106132226287 0.482865019046181 0.495578817064147 0.49785121123337 0.498240591058415 0.498601456547192 0.498867962125817 0.499507663160654 0.500245719825784 0.50077812732303 0.501121142788907 0.501361669427036
-9999 -9999 -9999 -9999 -9999 -9999 -9999 -9999 -9999 -9999 -9999 -9999 -9999 -9999 -9999 -9999 -9999 -9999 -9999 -9999 -9999 -9999 0.479410433845123 0.4138828141743 0.365711868092079 0.294531163629173 0.159721473598975 0.0399681985968625 0.00463834121717142 0 0 0 0.0251548358961088 0.0132194035680732 0 0 0 0 0.0791031885706202 0.200452644866453 0.285711263068327 0.318079531787406 0.395668926123659 0.400579559398936 0.429318077276796 0.474456724164588 0.486887582407124 0.495539095671556 0.498226364357103 0.498169014950811 0.498001612654493 0.497967276121747 0.498446546361198 0.498961060494285 0.499248394701695 0.499394995283938 0.499503296201525
-9999 -9999 -9999 -9999 -9999 -9999 -9999 -9999 -9999 -9999 -9999 -9999 -9999 -9999 -9999 -9999 -9999 -9999 -9999 -9999 -9999 -9999 0.453565376426984 0.448066061003022 0.415387290491355 0.329576568919904 0.171373561825923 0.0548207185885399 0 0 0 0 0.0009728102273322 0.0279504569655994 0.0412269890398594 0 0 0 0 0.145611058327001 0.286885004628735 0.341848269624292 0.382150019159501 0.364262476252844 0.437211250715683 0.478533311766204 0.49079690341317 0.49740060753049 0.499457234444004 0.498836817110964 0.498127356335135 0.497684781097 0.497712461201899 0.497914313770394 0.498061983880006 0.498127862558152 0.498077101334105
-9999 -9999 -9999 -9999 -9999 -9999 -9999 -9999 -9999 -9999 -9999 -9999 -9999 -9999 -9999 -9999 -9999 -9999 -9999 -9999 -9999 -9999 0.452000667760952 0.440769775257311 0.415715010273488 0.331057276240594 0.180607995479826 0.0841703916515434 0.01272843245216 0 0 0 0 0.0309441818962052 0.0506780987107455 0 0 0 0 0.146434107773302 0.273906388453314 0.324892611511907 0.400520907517287 0.377777751777741 0.425997579450795 0.479656701002653 0.490976846702061 0.497405563544935 0.499159305147576 0.498450297954184 0.497545368595361 0.496849645815729 0.496632016978339 0.49671542711673 0.496632091432233 0.496311967789542 0.496224484488839
-9999 -9999 -9999 -9999 -9999 -9999 -9999 -9999 -9999 -9999 -9999 -9999 -9999 -9999 -9999 -9999 -9999 -9999 -9999 -9999 -9999 -9999 0.456139168550546 0.447796225032227 0.419530181274982 0.324753022578318 0.158076469015572 0.0653880089778358 0 0 0 0 0 0.0623969615523286 0.0614761445123019 0.0379150940657988 0.0545163993337708 0.0304119060752738 0.0622275948120731 0.168500816469101 0.217274395551261 0.27928971528712 0.419466232044577 0.436838381679778 0.468094819802356 0.487057621810328 0.495178856623295 0.498611268552113 0.499032533856387 0.498373717848033 0.497199086022469 0.496193185509683 0.495475772208021 0.494774416283541 0.49417764446931 0.493306809598606 0.493550989054697
-9999 -9999 -9999 -9999 -9999 -9999 -9999 -9999 -9999 -9999 -9999 -9999 -9999 -9999 -9999 -9999 -9999 -9999 -9999 -9999 -9999 -9999 0.47689368076374 0.396118668017826 0.363216127074088 0.289788467263326 0.108481373197134 0.0106784623085866 0 0 0 0 0 0 0.00663646773607196 0.0439838106903026 0.0477444373688091 0.0706910804932653 0.140680932569436 0.125465403224991 0.16832188880792 0.34310057778821 0.454598314844534 0.475806514620706 0.482755480993762 0.492202193134572 0.49745010471538 0.499776821233804 0.499174277975902 0.49796772701943 0.496676774621463 0.495644997083747 0.49478473095827 0.492762047984281 0.491705415379114 0.492282536681863 0.49270161707264
-9999 -9999 -9999 -9999 -9999 -9999 -9999 -9999 -9999 -9999 -9999 -9999 -9999 -9999 -9999 -9999 -9999 -9999 -9999 -9999 -9999 0.514123099042696 0.469911999077252 0.39747379463747 0.334599481276929 0.2343747215819 0.114517460802192 0.0272929009021196 0 0 0 0 0.0399777199480867 0.0310366162733765 0 0.0516976966711795 0.149478783176287 0.181342410627209 0.199136802538076 0.0984587444726828 0.14351630711503 0.410011517169459 0.482747454486026 0.480830185061879 0.483563993796745 0.49052294208011 0.496141681384596 0.500387611168049 0.499377755817337 0.497897664881066 0.496453418511523 0.495295694334093 0.494079678045561 0.491666824037301 0.490082541054154 0.490711500567068 0.491730713192749
-9999 -9999 -9999 -9999 -9999 -9999 -9999 -9999 -9999 -9999 -9999 -9999 -9999 -9999 -9999 -9999 -9999 -9999 -9999 -9999 -9999 0.513664859595282 0.46774227852677 0.39184593845609 0.3425902603279 0.275849689838601 0.137672653449405 0.0115142263469713 0 0 0 0 0.0634111837953814 0.165747506034638 0.097521575021216 0.147133366622905 0.235241039930035 0.202207062124853 0.144244519612379 0.10240383197401 0.261574226988975 0.459186706116371 0.485015925345058 0.483862774465014 0.484331205058416 0.487773178115738 0.493243778000674 0.499092091622894 0.498364336204898 0.496941073094323 0.495297752127949 0.493707557865469 0.492309042034832 0.490053507689243 0.487791280186122 0.488294705754273 0.49002137098366
-9999 -9999 -9999 -9999 -9999 -9999 -9999 -9999 -9999 -9999 -9999 -9999 -9999 -9999 -9999 -9999 -9999 -9999 -9999 -9999 -9999 0.525491149745665 0.507139562031845 0.465673257756341 0.40934164449959 0.276720830332275 0.113270141524079 0 0 0 0 0 0.100475012670208 0.256137590355177 0.210455238456638 0.192446528204603 0.282084087982847 0.276785215802276 0.276658069780264 0.259526432846472 0.345959755931192 0.46469429532125 0.485482925623666 0.48626508398405 0.484397298522472 0.486061749541057 0.492600800387713 0.497056716934365 0.497541166060605 0.496382576408388 0.494422285189838 0.492742654251308 0.491089559949034 0.487902216968055 0.485315598460718 0.487424528783738 0.489570392044232
-9999 -9999 -9999 -9999 -9999 -9999 -9999 -9999 -9999 -9999 -9999 -9999 -9999 -9999 -9999 -9999 -9999 -9999 -9999 -9999 -9999 0.532008895927099 0.497051342152589 0.447461449625036 0.382082113391211 0.250066319244259 0.101557438044011 0.00175359920414316 0 0 0 0 0.0718846407435622 0.25227718240984 0.23374259555079 0.225390886502327 0.283431095344409 0.31112410311274 0.344259654244284 0.299473497168345 0.337241223309041 0.45526006960909 0.482666082451958 0.480418205989978 0.475459385891003 0.480902606204315 0.491177057723195 0.49511219812642 0.495863019732032 0.494912628602044 0.493156599270452 0.491514440488883 0.4897964703628 0.486902949318153 0.484615316232902 0.486157256376431 0.487689326271888
-9999 -9999 -9999 -9999 -9999 -9999 -9999 -9999 -9999 -9999 -9999 -9999 -9999 -9999 -9999 -9999 -9999 -9999 -9999 -9999 0.528871060981273 0.526440936528328 0.479534206669315 0.416986923008874 0.355073357918171 0.238039361336508 0.096853636009694 0 0 0 0 0 0.0996627285327505 0.232131192160438 0.290460997632321 0.338401491831336 0.391872773330408 0.406637559153798 0.413801091994984 0.310038617211499 0.275733957891181 0.420480673610335 0.469598054449874 0.463070959389138 0.459410642486954 0.473763586052826 0.487468632915218 0.493268167737684 0.493636373594593 0.493119040270841 0.491959061110628 0.490293469544294 0.488512769238418 0.487734707087746 0.487648872255802 0.486436148267613 0.485286088330664
-9999 -9999 -9999 -9999 -9999 -9999 -9999 -9999 -9999 -9999 -9999 -9999 -9999 -9999 -9999 -9999 -9999 -9999 -9999 -9999 0.499207911246297 0.504557462541515 0.477370590841065 0.397462368215105 0.31463364387019 0.224281752116972 0.103824613271712 0 0 0 0 0.0019403953364414 0.0799408217865333 0.223808621051764 0.331890833294685 0.35132957977808 0.402362475613291 0.415477750658984 0.412161190204355 0.266310324500036 0.22010683920681 0.399437260350382 0.447223900244854 0.447903925192606 0.456887652787783 0.477630064723072 0.488082980814753 0.492181774936398 0.492246558801803 0.491647692612336 0.49022716529268 0.488822008047139 0.487612018842309 0.487056941343656 0.48657516434286 0.4850106471028 0.483053564118695
-9999 -9999 -9999 -9999 -9999 -9999 -9999 -9999 -9999 -9999 -9999 -9999 -9999 -9999 -9999 -9999 -9999 -9999 -9999 -9999 0.48758655876487 0.48470920667836 0.453440763170155 0.35619065433635 0.25014056405047 0.184493880466104 0.0686365495305546 0 0 0 0.0378699689175258 0.0695134322596208 0.0782321157750197 0.170793821155475 0.346073856734367 0.37620667524406 0.398868079691312 0.416319716720678 0.404889822396197 0.233198588638983 0.181741447047321 0.35825709281068 0.408536838464346 0.449501417672602 0.463290521828433 0.481840070707714 0.490214552944692 0.4919963167409 0.491318655800998 0.490540866695791 0.489080751720402 0.48751352459108 0.485747448231511 0.484346309227167 0.483707711529738 0.482360063440927 0.480456684723822
-9999 -9999 -9999 -9999 -9999 -9999 -9999 -9999 -9999 -9999 -9999 -9999 -9999 -9999 -9999 -9999 -9999 -9999 -9999 -9999 0.498978950329231 0.485895508348451 0.430754696290648 0.346014875281791 0.215213234305849 0.0670799212829808 0 0 0 0.0224660893213424 0.122352520882041 0.172977450646285 0.119088331530517 0.136071950268399 0.309853515215122 0.314434060618262 0.338382871782824 0.407590714393601 0.371900791028238 0.26264596806405 0.279303636347374 0.390553291967687 0.4260170827169 0.460006256833342 0.468763726525754 0.481852964685896 0.489674159189959 0.490151329657385 0.489154595170596 0.488317774829779 0.486842479454062 0.485338585178856 0.483771209853318 0.481888935005208 0.480439958362365 0.479027415181762 0.477018384952756
-9999 -9999 -9999 -9999 -9999 -9999 -9999 -9999 -9999 -9999 -9999 -9999 -9999 -9999 -9999 -9999 -9999 -9999 -9999 -9999 0.460659272550063 0.465390473961322 0.398248937336283 0.30190270315881 0.181587118903221 0.0195800833182859 0 0 0 0.0625118855664872 0.183637589245194 0.23630700477206 0.150780803915215 0.112564428747002 0.266264060306712 0.226122813252666 0.252146882950219 0.387050854610137 0.352139894257304 0.353780288579331 0.412830980670452 0.406183150968251 0.440499797716566 0.466467642613566 0.472300135894146 0.482372561554271 0.488698402340113 0.487985210508072 0.486496087230919 0.485793162613961 0.484518631202135 0.482972177939237 0.481510183947786 0.479444717399268 0.477688103825438 0.476054162283047 0.473869750766282
-9999 -9999 -9999 -9999 -9999 -9999 -9999 -9999 -9999 -9999 -9999 -9999 -9999 -9999 -9999 -9999 -9999 -9999 -9999 -9999 0.44835233597957 0.412528271969561 0.384327673030826 0.2729644189904 0.136638915542404 0.0119138821544622 0 0 0.000541421646763886 0.0607715473086885 0.152529336355447 0.234865695112201 0.153601917280054 0.0713397232771723 0.199462629373171 0.224973853443699 0.261048975751484 0.363804666868517 0.422901639797682 0.459710000626154 0.443922286197165 0.424920428903101 0.447724717081254 0.467890034798028 0.474456398791727 0.484183845485503 0.487105752460242 0.482830908282252 0.480116432521375 0.482263714322742 0.483061204328537 0.481686253268068 0.480040861461548 0.47795564605041 0.476075587449311 0.474117586011194 0.471647371837164
-9999 -9999 -9999 -9999 -9999 -9999 -9999 -9999 -9999 -9999 -9999 -9999 -9999 -9999 -9999 -9999 -9999 -9999 -9999 0.488326706845696 0.440804716991392 0.394957716811713 0.342368583694113 0.219506131083109 0.164931433803201 0.0558004879047195 0 0 0.0451462824488916 0.0728237928705054 0.129158885090186 0.227656850354491 0.181864265465967 0.0801444442310923 0.208410325571055 0.292576285541941 0.312569615921032 0.372282954151219 0.445637623895561 0.462315403562722 0.464222644807144 0.45700860530355 0.457962319613486 0.470071139817483 0.475925427992519 0.483311815309408 0.478308046791611 0.462523948801408 0.453547102748933 0.465517246778742 0.479321903534655 0.479229380832132 0.477534831062149 0.475444690203855 0.473517490894947 0.471329120549684 0.468488193272567
-9999 -9999 -9999 -9999 -9999 -9999 -9999 -9999 -9999 -9999 -9999 -9999 -9999 -9999 -9999 -9999 -9999 -9999 -9999 -9999 0.439552154679696 0.373217923147932 0.282409584839648 0.141745265976552 0.0658365126134718 0 0 0 0.0611474311664846 0.169993545574376 0.294432442868241 0.314289558790907 0.288485382930898 0.250278643276036 0.308430409044185 0.325092506137644 0.334971861576126 0.441507110359335 0.455653780157768 0.459509106869693 0.461374564101589 0.46243806881353 0.466675828631634 0.47309413106403 0.474706040114588 0.478083997951729 0.471166046950143 0.442032175936266 0.426837511846645 0.451388535706771 0.475222220725777 0.47697759938918 0.475181934340231 0.472746564550772 0.470583051748494 0.468224608995595 0.46548455919078
-9999 -9999 -9999 -9999 -9999 -9999 -9999 -9999 -9999 -9999 -9999 -9999 -9999 -9999 -9999 -9999 -9999 -9999 -9999 -9999 0.45390248671314 0.437672820696645 0.305577962057388 0.111088326965951 0.0251398807575332 0 0 0 0.0609135738227474 0.164597931209772 0.296320552409653 0.338716825947282 0.328182080419419 0.277217409826097 0.29277579510439 0.324344390967437 0.348256108822253 0.447635503428567 0.455930258062378 0.458523074142281 0.455809655750432 0.46027222176779 0.470368172919581 0.471893169352891 0.470203059003091 0.47169559977878 0.458637669952808 0.423153476949938 0.419275302753221 0.452122832034267 0.47445967942412 0.475162214792467 0.473400550169687 0.470817787793103 0.467758843548363 0.46536032959088 0.463351911046269
-9999 -9999 -9999 -9999 -9999 -9999 -9999 -9999 -9999 -9999 -9999 -9999 -9999 -9999 -9999 -9999 -9999 -9999 -9999 -9999 0.437552810167587 0.404226237721619 0.296003613515107 0.128628252257384 0.0185614200438449 0 0 0 0.0537662623008235 0.158776963564832 0.244044770446516 0.31254954167458 0.33648436905788 0.290672822060341 0.278565755619953 0.317965782858343 0.380206272831446 0.442985153433121 0.451437839357166 0.455224078691217 0.453862097234551 0.458658976843879 0.468153937068288 0.468620300840914 0.467654195301757 0.463447238907169 0.436420333390139 0.4072332136308 0.423235072826918 0.456357302654655 0.472160241125835 0.472451572312465 0.470689401801085 0.467783222954575 0.464367661957368 0.461571222769948 0.459506402747934
