layers/veg/veg3800.asc
NCOLS 255 
NROWS 330 
XLLCORNER -2985163.8955 
YLLCORNER -3022031.214 
CELLSIZE 25000 
NODATA_value -9999 
[rows 75 to 99 of 330, columns 0 to 57 of 255]
-9999 -9999 -9999 -9999 -9999 -9999 -9999 -9999 -9999 -9999 -9999 -9999 -9999 -9999 -9999 -9999 -9999 -9999 -9999 -9999 -9999 -9999 -9999 -9999 -9999 0.574538299309492 0.559874922226828 0.569112526039334 0.586342622296324 0.597026598611796 0.597678912625355 0.576469582927253 0.463633862413902 0.366141208606389 0.306578841265465 0.255972385649116 0.311285216781217 0.446717848854374 0.548656818763067 0.574790995117225 0.585750654085924 0.591772241535666 0.599122326758591 0.607616860260969 0.616314739525911 0.623053282784088 0.627662649790924 0.632389123766197 0.637461581398396 0.639506266324118 0.645511762570321 0.653337576952263 0.659821333558305 0.66499355867716 0.670290083198162 0.676998197933183 0.682865531947868 0.686156522477597
-9999 -9999 -9999 -9999 -9999 -9999 -9999 -9999 -9999 -9999 -9999 -9999 -9999 -9999 -9999 -9999 -9999 -9999 -9999 -9999 -9999 -9999 -9999 -9999 -9999 0.576080139409979 0.56749800995271 0.570363373032593 0.587505813946307 0.599651928018101 0.602334061202227 0.599649003090403 0.495918942003133 0.396856306018421 0.31767828141792 0.277814948164096 0.32324189023675 0.4466075639528 0.533918321025688 0.568919723752609 0.588192527825726 0.596121350398696 0.602381643546739 0.608216236132034 0.615242480415017 0.623644780039333 0.630430980068168 0.635643129787317 0.640559778343265 0.642816793065062 0.647353047372497 0.65335220849238 0.659446387309002 0.665521412308935 0.672263597212447 0.678875159923388 0.685591392723818 0.690549185850694
-9999 -9999 -9999 -9999 -9999 -9999 -9999 -9999 -9999 -9999 -9999 -9999 -9999 -9999 -9999 -9999 -9999 -9999 -9999 -9999 -9999 -9999 -9999 -9999 -9999 0.576287177215709 0.568172870871213 0.571889207607185 0.591516957370018 0.593798001712924 0.605701610134176 0.607037155053241 0.558946844842242 0.513927085115264 0.400597440128259 0.282664864136324 0.31030517294757 0.44370788951767 0.520453607940946 0.571758402165746 0.59596483487026 0.6046164212698 0.609710510396336 0.613391722266456 0.616998894425944 0.623763537637341 0.630429089919393 0.636760698796247 0.642083920342388 0.646496245313368 0.649772053267877 0.653967745267921 0.659566347788172 0.66617350725438 0.674983264197531 0.680167631641326 0.685644958487211 0.691192644402143
-9999 -9999 -9999 -9999 -9999 -9999 -9999 -9999 -9999 -9999 -9999 -9999 -9999 -9999 -9999 -9999 -9999 -9999 -9999 -9999 -9999 -9999 -9999 -9999 -9999 0.585432898608379 0.586368416725334 0.585502299029052 0.586097925729178 0.579154944742506 0.605127194512989 0.608053853280417 0.550752637525924 0.470840694137871 0.365018187767048 0.285260996256575 0.341177249991346 0.460451260412995 0.52138776792671 0.585122866651761 0.607105477952786 0.61187427937665 0.614739044143323 0.618245815250336 0.62204325441966 0.625718516298214 0.630314477320502 0.635969383146992 0.642652615885896 0.647755484711156 0.651828190386332 0.656792690997034 0.661960304148372 0.666551413957976 0.671942476786918 0.680767286339241 0.687771884244235 0.692096937749133
-9999 -9999 -9999 -9999 -9999 -9999 -9999 -9999 -9999 -9999 -9999 -9999 -9999 -9999 -9999 -9999 -9999 -9999 -9999 -9999 -9999 -9999 -9999 -9999 -9999 0.591967566129961 0.591013848461803 0.588988493006503 0.599124176966569 0.605260810764614 0.608952658262019 0.589791418895701 0.455728172486266 0.317944969219157 0.295800350298052 0.329147743890865 0.475919246688748 0.528899087924274 0.547503789094994 0.593513849452213 0.613641428249718 0.61664743088819 0.618526733479532 0.621685984273654 0.624903468387792 0.628612544436693 0.632404919489755 0.637419620400944 0.642630724370458 0.646967696568222 0.652229302626354 0.658817305149083 0.66437710915427 0.669127098616862 0.675224242213819 0.680866555858701 0.686269016927234 0.691430857720631
-9999 -9999 -9999 -9999 -9999 -9999 -9999 -9999 -9999 -9999 -9999 -9999 -9999 -9999 -9999 -9999 -9999 -9999 -9999 -9999 -9999 -9999 -9999 -9999 -9999 -9999 0.59186312047523 0.588075170799468 0.597850007664152 0.608551198375318 0.610484485195373 0.544983390458373 0.37759962052356 0.270097932631782 0.322028689118408 0.348575489235855 0.475869089247475 0.533876541859266 0.581320229076107 0.606375603345088 0.617090624975094 0.620009017910071 0.62151206310537 0.624506153096545 0.628025482086498 0.631844233847198 0.636694677192248 0.641984717376055 0.64711726249605 0.650572869168902 0.653842576716296 0.659948809700605 0.666412842359019 0.67020501445746 0.67494819395911 0.68034133547292 0.687010668247411 0.691495406578302
-9999 -9999 -9999 -9999 -9999 -9999 -9999 -9999 -9999 -9999 -9999 -9999 -9999 -9999 -9999 -9999 -9999 -9999 -9999 -9999 -9999 -9999 -9999 -9999 -9999 -9999 -9999 -9999 0.607014166494428 0.60831635663108 0.61012292821409 0.506484792505162 0.34501982885624 0.343858152757322 0.334032007970151 0.34862042434551 0.492703349449617 0.517119452943847 0.543897943565739 0.589409579537654 0.616814010856096 0.622268733967771 0.62343852464185 0.626447796991137 0.630166922267081 0.633994804673546 0.638386567925157 0.642618962675104 0.647576991447029 0.652273618032057 0.655949114249449 0.661957393592463 0.667972828924767 0.67117262718702 0.676293629221341 0.681683400942442 0.686971446244089 0.692086302403919
-9999 -9999 -9999 -9999 -9999 -9999 -9999 -9999 -9999 -9999 -9999 -9999 -9999 -9999 -9999 -9999 -9999 -9999 -9999 -9999 -9999 -9999 -9999 -9999 -9999 -9999 -9999 -9999 -9999 0.61006333386638 0.603318438728252 0.502997508567422 0.345446507428237 0.396749303403131 0.334656214385831 0.394561502054143 0.488632683759197 0.476386144730633 0.505171112526226 0.584863892507514 0.614882348857774 0.623750299042228 0.625211485040642 0.628431885717236 0.63209882030825 0.636160011995465 0.640154770584361 0.644276884312437 0.648831191471634 0.65293294705092 0.656416028433659 0.66207620143851 0.667339417691687 0.672263868189122 0.677919507475342 0.682110965599442 0.687431392388383 0.692820324042941
-9999 -9999 -9999 -9999 -9999 -9999 -9999 -9999 -9999 -9999 -9999 -9999 -9999 -9999 -9999 -9999 -9999 -9999 -9999 -9999 -9999 -9999 -9999 -9999 -9999 -9999 -9999 -9999 0.610892977482792 0.6118779102798 0.606902330619622 0.580429806360366 0.504263092786919 0.365481999268549 0.362417373863836 0.434775900002692 0.484937897821493 0.504029940159317 0.543848675956676 0.582911574307865 0.602274008874489 0.625048775629048 0.627587191977042 0.630638498089001 0.634093653193537 0.637851221266327 0.641552265794299 0.64543775005184 0.649689148096464 0.653994557873682 0.657113713847566 0.662072489762421 0.667141380661839 0.672438119270761 0.677623912276431 0.681787765287537 0.68637752492005 0.690919443152325
-9999 -9999 -9999 -9999 -9999 -9999 -9999 -9999 -9999 -9999 -9999 -9999 -9999 -9999 -9999 -9999 -9999 -9999 -9999 -9999 -9999 -9999 -9999 -9999 -9999 -9999 -9999 0.599946098993655 0.60275933286288 0.598835644350551 0.571851117962997 0.511426884498365 0.386973084752434 0.364998092867162 0.377653630589927 0.444123163058274 0.469306486872401 0.485817467902532 0.541914086438075 0.568866264368052 0.619231426135855 0.624676606761911 0.629101420556681 0.632313904250955 0.635825604528396 0.63944066906832 0.642905252288153 0.646435452959146 0.650402634714455 0.654754237464015 0.657587982919849 0.662585603657398 0.667926829678325 0.672705931205864 0.677591287054872 0.682173098014306 0.686159651697978 0.6895396543561
-9999 -9999 -9999 -9999 -9999 -9999 -9999 -9999 -9999 -9999 -9999 -9999 -9999 -9999 -9999 -9999 -9999 -9999 -9999 -9999 -9999 -9999 -9999 -9999 -9999 -9999 0.593037568695283 0.594140884172278 0.589873743721907 0.575008771136851 0.556841338583071 0.533780065144591 0.436079624818653 0.400694360377005 0.421441534862307 0.462367016422569 0.479213989647346 0.487871939195128 0.536761373050579 0.581021392874627 0.620322670073419 0.623902223063077 0.629677965655394 0.634026911252143 0.637576755884886 0.641082909388624 0.64420596687004 0.647329592152082 0.650908632528261 0.655758499351841 0.657899386728722 0.662616930267743 0.668109529757548 0.672906113166462 0.677247595667281 0.681791380714698 0.686357982669383 0.690014919236676
-9999 -9999 -9999 -9999 -9999 -9999 -9999 -9999 -9999 -9999 -9999 -9999 -9999 -9999 -9999 -9999 -9999 -9999 -9999 -9999 -9999 -9999 -9999 -9999 -9999 -9999 0.584649781025847 0.577121393331769 0.575043313448906 0.566402398479117 0.527044744121242 0.507847643090445 0.477487496982865 0.410602121087285 0.38268607305088 0.44223708771623 0.514675218304571 0.550282229552508 0.562076433893719 0.603691851179139 0.619592015907306 0.628222089939793 0.632489156640272 0.635042700026112 0.6383753239355 0.64154500599084 0.644629168949527 0.647928266522261 0.651359542289128 0.655777019452598 0.658322907425012 0.662270591881326 0.666636137517477 0.67094642446277 0.675488328350296 0.680098306981155 0.684680097964203 0.689079676121721
-9999 -9999 -9999 -9999 -9999 -9999 -9999 -9999 -9999 -9999 -9999 -9999 -9999 -9999 -9999 -9999 -9999 -9999 -9999 -9999 -9999 -9999 -9999 -9999 -9999 0.582208778408471 0.57981442620361 0.559921393187568 0.5737838538651 0.583648736878189 0.535979771248852 0.508596804715771 0.462539202344146 0.402074501445974 0.400421694466215 0.463517542286587 0.517746759965687 0.576183649606394 0.582106869034852 0.611784623662951 0.605551156106458 0.618602361541267 0.632071346386358 0.635390354435797 0.638251705930905 0.640457073263058 0.644290234013571 0.648094341671357 0.651521697499502 0.655081054261329 0.657692639393765 0.661133875128893 0.665164215492407 0.669317976597045 0.673507351652865 0.677591397200014 0.682856735437599 0.687047110932473
-9999 -9999 -9999 -9999 -9999 -9999 -9999 -9999 -9999 -9999 -9999 -9999 -9999 -9999 -9999 -9999 -9999 -9999 -9999 -9999 -9999 -9999 -9999 -9999 -9999 0.587344276407221 0.579982270700185 0.563299554188683 0.593866586957781 0.593614586496928 0.552361261565511 0.513597980044809 0.455207965307136 0.417728154781579 0.456258445511863 0.486970754878321 0.487097102773605 0.532155423235664 0.572239399590547 0.608177900207644 0.593350144994966 0.605059024444255 0.630860347828632 0.634570995050275 0.638003828769125 0.640885635631892 0.644030196428352 0.647587309134996 0.650907036031541 0.654133145448574 0.656680876247486 0.659992593549111 0.663896422636872 0.667542409786864 0.671841937400461 0.676650722696937 0.681407281662948 0.685224266360182
-9999 -9999 -9999 -9999 -9999 -9999 -9999 -9999 -9999 -9999 -9999 -9999 -9999 -9999 -9999 -9999 -9999 -9999 -9999 -9999 -9999 -9999 -9999 -9999 -9999 0.593401566530286 0.572617780901763 0.587970713747659 0.600792776791792 0.597806380223477 0.535096839016657 0.473841108934966 0.441596571835103 0.447392149296136 0.509091421165227 0.496225781737977 0.472667112710705 0.537168193786065 0.584583740414571 0.607940124735965 0.590988862338207 0.577278214713233 0.593782689065998 0.63216100445364 0.635720239529451 0.636250703676559 0.640138011547104 0.644851555723906 0.64930294837641 0.652300871498299 0.654279814830089 0.657513317605013 0.661908595827671 0.665579266170253 0.66983123345683 0.674746855600024 0.679095451241335 0.683243253794401
-9999 -9999 -9999 -9999 -9999 -9999 -9999 -9999 -9999 -9999 -9999 -9999 -9999 -9999 -9999 -9999 -9999 -9999 -9999 -9999 -9999 -9999 -9999 -9999 -9999 0.604454132140963 0.593028045625043 0.601716085924779 0.606900291418416 0.608674721930446 0.537004343709137 0.460038637677181 0.441488366504828 0.405989577233102 0.48658838298784 0.480494059159397 0.476621985426661 0.524330143912983 0.573465048935068 0.585329889712709 0.569009924594295 0.548591280632794 0.552784188522996 0.59814400324247 0.616001869876196 0.631086018944483 0.634928581820274 0.639842096156476 0.646096584809081 0.648743916947218 0.649247366066114 0.652423918906806 0.659122826075474 0.66334946205052 0.667717998255705 0.672098584614881 0.675773228831498 0.679830404455704
-9999 -9999 -9999 -9999 -9999 -9999 -9999 -9999 -9999 -9999 -9999 -9999 -9999 -9999 -9999 -9999 -9999 -9999 -9999 -9999 -9999 -9999 -9999 -9999 -9999 0.60663151857236 0.602919887795675 0.60461812527436 0.604554501909516 0.60469501959456 0.587210187054376 0.551258866199779 0.51272754051101 0.355833376786468 0.445290095596642 0.480204159290251 0.511594535103417 0.552350616424112 0.544295460970249 0.505420656532479 0.504959546157952 0.519450329071617 0.536113728194058 0.555779543636928 0.564767852992368 0.574442820558026 0.617432530518968 0.638766072584712 0.642781807390104 0.644693975737436 0.644159102225018 0.647132964315743 0.655964794863787 0.66079493184467 0.664757210084444 0.669028234659018 0.673061079223125 0.676949602400005
-9999 -9999 -9999 -9999 -9999 -9999 -9999 -9999 -9999 -9999 -9999 -9999 -9999 -9999 -9999 -9999 -9999 -9999 -9999 -9999 -9999 -9999 -9999 -9999 -9999 0.603993821379634 0.602184243881629 0.605510803981399 0.607390063385048 0.602831557171761 0.596396008473382 0.590010689599276 0.577780889150948 0.403106633345922 0.435466236107236 0.440264828332568 0.495250319259095 0.554677075847349 0.504370807545069 0.419689425192732 0.469646754316675 0.479690180518496 0.51651200060307 0.54698372047096 0.54699056948287 0.531630622291884 0.588514961676197 0.635346377377127 0.641020307887929 0.64245843986002 0.643212004774519 0.645907012425317 0.65299047861811 0.657935085583342 0.661649683141028 0.665612164709652 0.66964527427084 0.672694777720275
-9999 -9999 -9999 -9999 -9999 -9999 -9999 -9999 -9999 -9999 -9999 -9999 -9999 -9999 -9999 -9999 -9999 -9999 -9999 -9999 -9999 -9999 -9999 -9999 -9999 0.607592397848566 0.602674815217633 0.605461597760113 0.611723574189326 0.608445460124451 0.605001676435902 0.604763617330157 0.584492335096048 0.474085708682631 0.439864396638775 0.420742769317497 0.482533559442904 0.523461901746755 0.470504301800709 0.4560495129493 0.442383689774902 0.387261811544578 0.44712384842742 0.521358559580266 0.543441223498768 0.538522538842508 0.5760853675976 0.620677313159687 0.638460249573259 0.641211056148858 0.642792590367638 0.642126181773824 0.650403128796562 0.654875125456394 0.658281083385618 0.661165914479732 0.664100348424494 0.666439571355472
-9999 -9999 -9999 -9999 -9999 -9999 -9999 -9999 -9999 -9999 -9999 -9999 -9999 -9999 -9999 -9999 -9999 -9999 -9999 -9999 -9999 -9999 -9999 -9999 -9999 0.614246894083826 0.607596062789908 0.606294184331756 0.613590667583787 0.613893957655433 0.612425035050314 0.610258992067398 0.60617391857924 0.520014235188782 0.430915482550298 0.430989734041991 0.492301941376364 0.516788172518851 0.514588781530638 0.439032334312337 0.422409517080836 0.365933015204066 0.331449603315947 0.431715662002386 0.500126208042975 0.53660517604797 0.573174998283297 0.597335540294508 0.610251495156132 0.632873765769725 0.641136829957553 0.636259059947943 0.64621279245358 0.651413273536211 0.654242600467098 0.655772737038987 0.657563326127806 0.660248805229808
-9999 -9999 -9999 -9999 -9999 -9999 -9999 -9999 -9999 -9999 -9999 -9999 -9999 -9999 -9999 -9999 -9999 -9999 -9999 -9999 -9999 -9999 -9999 -9999 -9999 -9999 0.608952658763416 0.607248946315373 0.613560163026065 0.615719825828067 0.616186195389528 0.606004921331062 0.608237443317234 0.501290818358118 0.407258653654171 0.420361828002733 0.465205891803874 0.45846056508884 0.49055877353841 0.441544793459541 0.378949098515985 0.376196325033289 0.406664287753883 0.437613904021867 0.463510928003798 0.516547174538146 0.574982068815123 0.581417976653025 0.583650989413921 0.618239853392433 0.634284380674612 0.63473424393697 0.641852813460198 0.647335194864793 0.650481288610385 0.651157536816193 0.651162746782347 0.650939147506541
-9999 -9999 -9999 -9999 -9999 -9999 -9999 -9999 -9999 -9999 -9999 -9999 -9999 -9999 -9999 -9999 -9999 -9999 -9999 -9999 -9999 -9999 -9999 -9999 -9999 -9999 -9999 0.613502277205573 0.613704176590391 0.615976287266551 0.617771495005629 0.614084190031963 0.614451722240148 0.578459632072361 0.498744339679269 0.407360548613394 0.404493878626615 0.376306889395521 0.388194226185502 0.429187181300717 0.383798338240931 0.376204494561388 0.430694295572594 0.475851871644712 0.494116009350023 0.540218760788056 0.591546357003147 0.591420542571134 0.590045193246957 0.585194704744699 0.570637416618205 0.594179538801389 0.62824245497112 0.644462900765824 0.64670207650332 0.64619234000903 0.645416328255838 0.642985489708318
-9999 -9999 -9999 -9999 -9999 -9999 -9999 -9999 -9999 -9999 -9999 -9999 -9999 -9999 -9999 -9999 -9999 -9999 -9999 -9999 -9999 -9999 -9999 -9999 -9999 -9999 -9999 -9999 -9999 0.617255116449891 0.618345069199758 0.618897105406313 0.618100223480961 0.599759245030315 0.536023589223175 0.447768541738972 0.473166342488232 0.329533193210444 0.314764636014222 0.367378881923555 0.393454622179046 0.365702005922048 0.384196740275505 0.457832423187049 0.501234120456195 0.547761933757399 0.592694409825938 0.61404830338203 0.606873863948202 0.58138050577956 0.567121536425706 0.599208521312897 0.630098052697595 0.637776674622221 0.632632659553259 0.628693138605725 0.637148611434918 0.644989020655675
-9999 -9999 -9999 -9999 -9999 -9999 -9999 -9999 -9999 -9999 -9999 -9999 -9999 -9999 -9999 -9999 -9999 -9999 -9999 -9999 -9999 -9999 -9999 -9999 -9999 -9999 -9999 -9999 -9999 -9999 -9999 0.619441485401504 0.617899850729667 0.61016603829071 0.591464876891632 0.530435962853172 0.36155448520808 0.296480485840244 0.290288917665238 0.319085111211721 0.38361183606944 0.36728855064507 0.342900712889578 0.423041023754688 0.508998452527664 0.584550983708858 0.598985425907913 0.598355483635155 0.589646455462081 0.594263905389482 0.600946050798886 0.61802551573005 0.630954364518648 0.634196818941801 0.633908322904664 0.632453108102026 0.631794334506789 0.63776250769734
-9999 -9999 -9999 -9999 -9999 -9999 -9999 -9999 -9999 -9999 -9999 -9999 -9999 -9999 -9999 -9999 -9999 -9999 -9999 -9999 -9999 -9999 -9999 -9999 -9999 -9999 -9999 -9999 -9999 -9999 -9999 -9999 0.618695697090382 0.615265720478291 0.593840986094471 0.546944240987163 0.445738788590133 0.425664051068708 0.347747356687066 0.326146471794639 0.38575020570557 0.406842894615333 0.35920786890883 0.429189541160662 0.490674933342577 0.556373116858314 0.600140491122363 0.583328241956548 0.56407650954381 0.58558264872623 0.611158602831445 0.621148982460104 0.624515350977066 0.631825287388387 0.633829090172605 0.632018370629727 0.632974774258123 0.635700294792819
