layers/veg/veg3600.asc
NCOLS 255 
NROWS 330 
XLLCORNER -2985163.8955 
YLLCORNER -3022031.214 
CELLSIZE 25000 
NODATA_value -9999 
[rows 125 to 149 of 330, columns 171 to 227 of 255]
0.39209579866469 0.430294676595997 0.42418141672649 0.426249204130169 0.430179132223351 0.414364160035201 0.398675192002758 0.396074268606035 0.406181714219506 0.417155883807614 0.422827249846345 0.428488752968457 0.440132256095184 0.442525097774032 0.450655596623549 0.474215713787199 0.487435195151288 0.493000484363917 0.495903564188822 0.478034355325718 0.461392111469781 0.481538097404288 0.487160563165681 0.445781768358336 0.416139014253408 0.425574413707398 0.465595995141475 0.51645424746389 0.523139294671654 0.528443715787049 0.548372883912058 0.559494964437748 0.560701491352861 0.552228565187303 0.559605810116775 0.578387683900619 0.583653098916951 0.596341866546761 0.598589589007892 0.59657535078388 0.598454912682969 -9999 -9999 -9999 -9999 -9999 -9999 -9999 -9999 -9999 -9999 -9999 -9999 -9999 -9999 -9999 -9999
0.361646613704074 0.356119819085683 0.382959785562667 0.418545445367287 0.420525358812741 0.398375637866886 0.383804090701119 0.392364776551001 0.404082365370203 0.415796966386691 0.425208408187083 0.43233323351992 0.445056232917763 0.458001547657675 0.460287349922555 0.470255441076996 0.487318660700578 0.494307187634973 0.494453454228115 0.474257905727429 0.459004667124957 0.476840817770614 0.475529161177761 0.432810390941166 0.427485547961788 0.450910657318869 0.462160900280929 0.50486033075766 0.538322831447928 0.53724091603128 0.513446798273071 0.5098051383746 0.525635514107743 0.547055239547031 0.57070314788081 0.583446208130803 0.594569236032528 0.6043364854581 -9999 0.605075170379057 0.604280971810561 -9999 -9999 -9999 -9999 -9999 -9999 -9999 -9999 -9999 -9999 -9999 -9999 -9999 -9999 -9999 -9999
0.326912066893252 0.331840474060004 0.37252824017349 0.417913193871715 0.414081875615817 0.391166126149153 0.37691711170189 0.386086865639101 0.399008899099253 0.411685541177461 0.417149417622544 0.427535927118122 0.443516471004152 0.448334024041689 0.444629615354943 0.463646269127965 0.490309531129109 0.495821221810696 0.494701810263457 0.463540627720341 0.445608798170873 0.474900817295751 0.475700691819332 0.439294557784457 0.443368121469885 0.460441603190047 0.46321415605885 0.505026054379 0.531444725836056 0.528500562070084 0.508842612649135 0.51943202001245 0.530131499580467 0.552507588331252 0.581588833667934 0.589786325977377 0.601444597816663 0.609254290918035 -9999 -9999 -9999 -9999 -9999 -9999 -9999 -9999 -9999 -9999 -9999 -9999 -9999 -9999 -9999 -9999 -9999 -9999 -9999
0.341133759952929 0.389227805941359 0.409485733408201 0.410557916074146 0.395522375950246 0.371733872911216 0.368029872365885 0.381046153335348 0.395175802783637 0.411909839774986 0.424280787514069 0.430118647907528 0.43380977621154 0.438316950877284 0.454093064222563 0.478573345857854 0.491912642157184 0.496611610464268 0.496146029800877 0.477608001443037 0.459190450619011 0.46308574146868 0.479072078555628 0.498289776631736 0.507393208880869 0.484604052015082 0.475520153667767 0.522156050013111 0.549042316278708 0.526805036343914 0.503212039098158 0.517069327527621 0.529341327986553 0.556293575738159 0.587443441631399 0.601252879195289 0.61123518555665 -9999 -9999 -9999 -9999 -9999 -9999 -9999 -9999 -9999 -9999 -9999 -9999 -9999 -9999 -9999 -9999 -9999 -9999 -9999 -9999
0.348207467445629 0.387731160588973 0.403678394542199 0.404004455222798 0.394445452235564 0.378810163698571 0.371588671273997 0.376134431469864 0.389398494513763 0.403317679892022 0.416668892104221 0.432218952107195 0.445614454283321 0.455898104770503 0.470884674227262 0.485933140163205 0.493387726699471 0.497471007491421 0.50167112103229 0.501415532395769 0.481233472429648 0.475621532726296 0.504848692835457 0.523150648066029 0.520824447156906 0.501531877494341 0.512538771273448 0.550484036048564 0.563899485515041 0.544618674982066 0.528012802475987 0.533368727776547 0.547598226950143 0.575524936749107 0.594955313122824 0.605946498470304 0.616329614224108 -9999 -9999 -9999 -9999 -9999 -9999 -9999 -9999 -9999 -9999 -9999 -9999 -9999 -9999 -9999 -9999 -9999 -9999 -9999 -9999
0.349291950968962 0.394590277582735 0.397037436828202 0.393021704065854 0.375815412732018 0.365257948687992 0.368917858939821 0.372145605763771 0.387059376749846 0.401395849855535 0.41134830090385 0.428524449538535 0.444239872746861 0.455934973279572 0.472449082842499 0.484445646331352 0.488700708006683 0.492889259099117 0.495755032044501 0.501814887657227 0.495046749779598 0.493972526754313 0.510388511848608 0.515474043281497 0.5326542523869 0.547825540657691 0.559624577000624 0.56668700297364 0.565560715569797 0.555462110902309 0.553032457374094 0.566279736156921 0.574342844529357 0.584817009882809 0.597471158870245 0.616115741730983 0.622144301501662 -9999 -9999 -9999 -9999 -9999 -9999 -9999 -9999 -9999 -9999 -9999 -9999 -9999 -9999 -9999 -9999 -9999 -9999 -9999 -9999
0.349258317248085 0.386160543329502 0.387290250607959 0.371718961508735 0.353304462820276 0.356199429100968 0.364286912592016 0.373553497939173 0.38667820936954 0.397299195797935 0.406078792725345 0.419698966318285 0.438418889942934 0.452619997085537 0.471335831181412 0.476192397097037 0.478612168622718 0.493284862649232 0.488324155220395 0.49021577047403 0.488861110702358 0.489562700110685 0.510389714585106 0.524077953184796 0.544231699581831 0.550486798291017 0.55798660198558 0.562938336595505 0.54992224997456 0.543425592264282 0.553360275322789 0.576517950528717 0.594026366487705 0.594597975659489 0.604827332587844 0.617264222361356 -9999 -9999 -9999 -9999 -9999 -9999 -9999 -9999 -9999 -9999 -9999 -9999 -9999 -9999 -9999 -9999 -9999 -9999 -9999 -9999 -9999
0.340395869940957 0.358393833164993 0.349285966603488 0.336380831952376 0.336829467950316 0.350001964075001 0.367608520434815 0.377190562580764 0.385129779563602 0.397008487627328 0.406965193112414 0.412991432917697 0.426921396349662 0.446728693124732 0.469304084871357 0.489253707985057 0.495686988929713 0.49890639562741 0.497183436844627 0.495371344929161 0.492501692362469 0.495335024059272 0.513233555380257 0.521888966749492 0.527607063032871 0.53907622220358 0.546496319986275 0.538431096678643 0.529754083964199 0.532685722538223 0.544375127662305 0.576086292845927 0.599782864903899 0.602752790948397 0.614428200986924 0.619993422141575 -9999 -9999 -9999 -9999 -9999 -9999 -9999 -9999 -9999 -9999 -9999 -9999 -9999 -9999 -9999 -9999 -9999 -9999 -9999 -9999 -9999
0.326965035306431 0.329282047945652 0.318145223642586 0.326807269196771 0.337350314886124 0.352255169190379 0.370980578433919 0.375533477234864 0.380631770501403 0.396846471141048 0.408139106618468 0.412575963959861 0.421235870751453 0.444544530132568 0.472593635359454 0.49166606991906 0.49928341963185 0.493760254316708 0.481612097877001 0.487499567487328 0.493878337188797 0.496023977239763 0.509972382897024 0.51956524584624 0.531597298625245 0.548366406803302 0.54917956485804 0.521335246337316 0.512756401671486 0.527486624826776 0.563349698631697 0.597999227442295 0.600586301329625 0.606148757821217 0.622517111711946 0.623912295259344 -9999 -9999 -9999 -9999 -9999 -9999 -9999 -9999 -9999 -9999 -9999 -9999 -9999 -9999 -9999 -9999 -9999 -9999 -9999 -9999 -9999
0.307108230156112 0.321284440758139 0.327953844335871 0.331931525000613 0.34601806405109 0.363035727363785 0.362899960683814 0.372630441352589 0.392399354749472 0.409265161130365 0.420151995087685 0.424740183143062 0.436152954560931 0.459823273919729 0.480344563257662 0.490787538907411 0.500761282332257 0.494956233973147 0.492105829534547 0.488612769184874 0.475472513758454 0.496450107764082 0.515911177070151 0.524575689523638 0.542231352127234 0.556571772925419 0.545130405824347 0.523541795610832 0.521813705466692 0.542729308100475 0.572575041371112 0.589791124089196 0.595186005600118 0.614240407933229 0.633971674799102 -9999 -9999 -9999 -9999 -9999 -9999 -9999 -9999 -9999 -9999 -9999 -9999 -9999 -9999 -9999 -9999 -9999 -9999 -9999 -9999 -9999 -9999
0.302430708643079 0.311181875468461 0.330182347525305 0.349592007065116 0.35874990392079 0.371793865486034 0.375223973342905 0.381085854820956 0.396984887150224 0.41418676203859 0.42881493249163 0.437640146816677 0.450058673262209 0.460829101874329 0.472589818189782 0.489518140174856 0.501284414628916 0.508841823484624 0.504161659054382 0.490547630649113 0.48347166313962 0.497193668117102 0.511471455994654 0.511883404539552 0.528456681581109 0.542715668673122 0.539826103363751 0.549089007725607 0.569853903875563 0.579598644634664 0.58680466902763 0.603039574766176 0.610199941376588 0.622962750570416 0.635019574383296 -9999 -9999 -9999 -9999 -9999 -9999 -9999 -9999 -9999 -9999 -9999 -9999 -9999 -9999 -9999 -9999 -9999 -9999 -9999 -9999 -9999 -9999
0.315666041152268 0.322897586209099 0.326086998312332 0.330148745089238 0.347634035051356 0.374659717315499 0.390343424691256 0.392734607002057 0.405262518008618 0.424139361765275 0.437331523593723 0.443990941708543 0.440454207585982 0.436670215598191 0.460276012686385 0.48976355322949 0.50240288068109 0.512533840375514 0.501842786714314 0.489733908422866 0.50205052149578 0.513123344930189 0.525894078326911 0.531539624417888 0.539903362771335 0.548379804827818 0.557767546947325 0.579331810262562 0.601205814006925 0.615287465243485 0.62171105935898 0.622867493642466 0.60931438278563 0.614993896237691 0.64159204055239 -9999 -9999 -9999 -9999 -9999 -9999 -9999 -9999 -9999 -9999 -9999 -9999 -9999 -9999 -9999 -9999 -9999 -9999 -9999 -9999 -9999 -9999
0.323841123217879 0.332116132726173 0.332918990280746 0.335396866477005 0.362180634661984 0.386262399737259 0.391246935139179 0.396026104977047 0.405986244797448 0.424301630501157 0.433818643848579 0.43560579952036 0.43079075729846 0.433438084604205 0.460352201474314 0.489936183333187 0.496945517634076 0.50306493192528 0.500032234796997 0.493150310585917 0.508656694298953 0.524283678756079 0.535571991720539 0.541732830980893 0.549394883511444 0.55763044016566 0.566224440612201 0.5799466670198 0.607523807294726 0.622581328761754 0.625394598613035 0.618855348247278 0.61332856262743 0.634748252753829 0.651182240735178 -9999 -9999 -9999 -9999 -9999 -9999 -9999 -9999 -9999 -9999 -9999 -9999 -9999 -9999 -9999 -9999 -9999 -9999 -9999 -9999 -9999 -9999
0.335706907388923 0.353627166288731 0.36211920805533 0.349345633704833 0.347238191871266 0.367228968643684 0.392740670975365 0.405415680962772 0.412749914258183 0.419820759984394 0.418713324582934 0.416036946598404 0.418074686114588 0.43069595772047 0.460445648787813 0.48801696929881 0.492401748001517 0.493667887327138 0.50326906955324 0.515252006502133 0.530932293233914 0.540902414628291 0.538235785986949 0.547346702447051 0.559010020190121 0.56768230493426 0.576871188977349 0.598327148506951 0.625287699078828 0.628702164639455 0.635829550988961 0.636166595782214 0.637307977425043 0.651978497572698 0.661016515825735 -9999 -9999 -9999 -9999 -9999 -9999 -9999 -9999 -9999 -9999 -9999 -9999 -9999 -9999 -9999 -9999 -9999 -9999 -9999 -9999 -9999 -9999
0.339991151969395 0.353534838932187 0.375476654980241 0.371116707193924 0.357077667404038 0.36582364961709 0.388965936307004 0.399022453819376 0.40924532968534 0.414954989816122 0.411401206418801 0.415387274863305 0.419403735805195 0.428412148658771 0.458672374972109 0.47863666890991 0.475853015891921 0.488026027391445 0.508984556349347 0.531144601256002 0.550274779100201 0.5584305565486 0.559186304754449 0.567560736052191 0.57721024052742 0.588607321925735 0.597376283628962 0.619637686217212 0.642298111918378 0.647766351390385 0.652084498804802 0.644403058131542 0.644994098143279 0.661783077411225 0.668496810178784 -9999 -9999 -9999 -9999 -9999 -9999 -9999 -9999 -9999 -9999 -9999 -9999 -9999 -9999 -9999 -9999 -9999 -9999 -9999 -9999 -9999 -9999
0.347747073505303 0.364805906008719 0.386917635195723 0.390655673628687 0.386237263946493 0.379093150257393 0.381853441520223 0.396092697420149 0.409694224849491 0.411520977253386 0.408569360441789 0.412438907427864 0.415840055737478 0.421590389945627 0.45236041797165 0.473026049819584 0.467428560762073 0.49225887285983 0.518135165187491 0.536012119227936 0.560749318454998 0.583241281097252 0.590973796681335 0.597742366229962 0.597826614369413 0.592911626132867 0.618229293395228 0.652000058969313 0.661189108869078 0.659484359089731 0.654429588778915 0.65106303598527 0.660065042451793 0.668631757155076 0.671344040989628 -9999 -9999 -9999 -9999 -9999 -9999 -9999 -9999 -9999 -9999 -9999 -9999 -9999 -9999 -9999 -9999 -9999 -9999 -9999 -9999 -9999 -9999
0.362557091897997 0.375534358784178 0.39477903357167 0.401427711855864 0.400205616009645 0.394187251529442 0.393178526812195 0.402250949335878 0.406789853606799 0.407143381599715 0.407096862865225 0.405334433098913 0.40806092164742 0.418439844690582 0.446999595597668 0.467578503941017 0.47588674233353 0.504643047433017 0.53102519528817 0.566066898548311 0.600020110584078 0.616139798923086 0.631746704745763 0.626446893457028 0.618031555053208 0.62740804906171 0.636941396126989 0.645371836169762 0.645864353136012 0.645806999758934 0.66018235917929 0.666108268291703 0.669694259181905 0.675045910488195 0.675077068559795 -9999 -9999 -9999 -9999 -9999 -9999 -9999 -9999 -9999 -9999 -9999 -9999 -9999 -9999 -9999 -9999 -9999 -9999 -9999 -9999 -9999 -9999
0.385853965354836 0.396645415311684 0.401251099130292 0.407548867670266 0.403327237758626 0.401733117242328 0.402896319716573 0.399822179067574 0.39439701131489 0.397759478014627 0.412610889669599 0.413493212578351 0.410902872976623 0.421347389536752 0.43991164909099 0.44959158652013 0.468011633576187 0.508103058521379 0.546867463079318 0.590174426605842 0.633028213533518 0.652650894414863 0.639924959859133 0.614195510941258 0.61893605788694 0.651281646157315 0.661528623738333 0.635924106733236 0.63035217859623 0.651475236457666 0.671865127013271 0.677273663679724 0.683784652310107 0.687489238102457 -9999 -9999 -9999 -9999 -9999 -9999 -9999 -9999 -9999 -9999 -9999 -9999 -9999 -9999 -9999 -9999 -9999 -9999 -9999 -9999 -9999 -9999 -9999
0.392412989752917 0.409922627815055 0.411944066174492 0.412935378607211 0.407332716346302 0.401532763942062 0.397164594396956 0.390058121868207 0.38905316322513 0.394296056724547 0.406214383349798 0.416134688816751 0.420987629763454 0.434852776731082 0.452894316828408 0.464672234053686 0.490104582834449 0.534134881075202 0.573302444386819 0.607631070760865 0.637519116549446 0.649634248035503 0.629339504629757 0.62373893217303 0.637605084854928 0.651624977830705 0.657905660781615 0.642561989723582 0.644741025199107 0.661030572842952 0.677877586172097 0.685518723897276 0.68901413955702 0.693307719914681 -9999 -9999 -9999 -9999 -9999 -9999 -9999 -9999 -9999 -9999 -9999 -9999 -9999 -9999 -9999 -9999 -9999 -9999 -9999 -9999 -9999 -9999 -9999
0.402707551051638 0.422451599653246 0.424899228295033 0.420426059311243 0.411786947314171 0.401488519006119 0.388705162716681 0.374405028761046 0.378598962991246 0.400427274732791 0.405445672785745 0.392866418933141 0.405355918970009 0.431354961720076 0.44520451251199 0.484414324789231 0.51830616662889 0.544792911087451 0.580924756520463 0.605436247766545 0.623114128722553 0.634326118173555 0.632712615697882 0.641556502637969 0.65793819144131 0.684935156836531 0.701142357634258 0.679829264356435 0.660209863906067 0.676885713434884 0.695064486701614 0.690958262040277 0.693940989014324 0.702338237594088 -9999 -9999 -9999 -9999 -9999 -9999 -9999 -9999 -9999 -9999 -9999 -9999 -9999 -9999 -9999 -9999 -9999 -9999 -9999 -9999 -9999 -9999 -9999
0.422199698998557 0.432315585255343 0.429299668069051 0.422521743070499 0.40526257530154 0.391253204555574 0.38036088480881 0.373188412213048 0.381967921780599 0.393869741928563 0.393442163036394 0.374478724122257 0.39184542771029 0.424841209003958 0.448506885121629 0.490388698265684 0.518860522482385 0.562141507597462 0.596944494049026 0.600171899105448 0.617374113079384 0.646341369172234 0.649918652620084 0.687422924012721 0.713287465142908 0.712194485859279 0.713472208077677 0.712354868917095 0.710094132001101 0.707867853836136 0.708668050968992 0.707651814931707 0.708090116236773 0.707488393843499 -9999 -9999 -9999 -9999 -9999 -9999 -9999 -9999 -9999 -9999 -9999 -9999 -9999 -9999 -9999 -9999 -9999 -9999 -9999 -9999 -9999 -9999 -9999
0.422805313477694 0.431418738022767 0.423848052530421 0.414477582857195 0.405336947705753 0.391239527142766 0.38349909935222 0.386025704498836 0.389929783308326 0.379842665308163 0.390011165711025 0.384479470529995 0.392056831818432 0.407809837484883 0.419210943447336 0.491036081469332 0.535190094495511 0.559285984594789 0.590997065169941 0.618652226933857 0.63979422192943 0.671585699934324 0.696713972042541 0.71470478777077 0.728903616006212 0.728841293897158 0.726239641864246 0.722487985182095 0.720799961014739 0.720573154770723 0.717951555276171 0.716248971966372 0.716957893741076 -9999 -9999 -9999 -9999 -9999 -9999 -9999 -9999 -9999 -9999 -9999 -9999 -9999 -9999 -9999 -9999 -9999 -9999 -9999 -9999 -9999 -9999 -9999 -9999
0.427702365757895 0.427721462045419 0.423447796809197 0.417280278170203 0.408919554823247 0.398301705306396 0.397811358598113 0.400972271615145 0.393747364256737 0.38182547629941 0.397556635682886 0.402794266572585 0.398296089457116 0.395094310615684 0.427564719919382 0.500665942506185 0.536750466349533 0.564844301921699 0.616500613729298 0.662483205334097 0.687376995502102 0.703864515867785 0.721261395152523 0.731313806965893 0.738003229409388 0.741064723572495 0.737870734442036 0.734490152961479 0.730885145511693 0.730874313613031 0.727784658014596 0.724069482765733 0.724562312284171 -9999 -9999 -9999 -9999 -9999 -9999 -9999 -9999 -9999 -9999 -9999 -9999 -9999 -9999 -9999 -9999 -9999 -9999 -9999 -9999 -9999 -9999 -9999 -9999
0.420304619829976 0.416994894706514 0.423819339929427 0.413050963334705 0.407284237983571 0.410876092537762 0.420024359889001 0.418505962000524 0.398050181227983 0.394394012348933 0.406964985286407 0.417955835597526 0.409470899423146 0.386764990135869 0.41011670393135 0.482347848909688 0.559451294644988 0.602060392977758 0.657871553822424 0.705954648283119 0.727192137446083 0.735997742216028 0.731708081394446 0.736762898948505 0.745032338239676 0.74819276747401 0.746295733304811 0.745841038660347 0.746012808130511 0.743989705128989 0.7373114097402 0.732803300001674 0.731091102293468 -9999 -9999 -9999 -9999 -9999 -9999 -9999 -9999 -9999 -9999 -9999 -9999 -9999 -9999 -9999 -9999 -9999 -9999 -9999 -9999 -9999 -9999 -9999 -9999
0.422597478058123 0.419444413602841 0.434130910951924 0.425993839212822 0.420216113224724 0.419264871186928 0.423883286952219 0.426906564564675 0.409606100710888 0.401852010683437 0.413250273554305 0.425048947183277 0.414129149215282 0.398302731695184 0.43907418597959 0.511596120527467 0.57413722227106 0.610160008994885 0.664667813138694 0.694720794194193 0.710879760915008 0.742793512431365 0.743529652178288 0.748151577047015 0.755795561328456 0.754991300395294 0.751696532926618 0.751052675052998 0.750846847155413 0.746938357632262 0.744754460757848 -9999 -9999 -9999 -9999 -9999 -9999 -9999 -9999 -9999 -9999 -9999 -9999 -9999 -9999 -9999 -9999 -9999 -9999 -9999 -9999 -9999 -9999 -9999 -9999 -9999 -9999
