layers/veg/veg3800.asc
NCOLS 255 
NROWS 330 
XLLCORNER -2985163.8955 
YLLCORNER -3022031.214 
CELLSIZE 25000 
NODATA_value -9999 
[rows 75 to 99 of 330, columns 0 to 55 of 255]
-9999 -9999 -9999 -9999 -9999 -9999 -9999 -9999 -9999 -9999 -9999 -9999 -9999 -9999 -9999 -9999 -9999 -9999 -9999 -9999 -9999 -9999 -9999 -9999 -9999 0.663178544314587 0.654603565108574 0.674670596857424 0.698512984619275 0.710614381499956 0.713876050921214 0.665643422764962 0.516654469642914 0.345893233364276 0.315592468376791 0.31084813507577 0.294393303558473 0.472078517771218 0.629797693663265 0.668480114279767 0.687707316953278 0.699099891373045 0.707792511974316 0.718365610467892 0.727232472089735 0.733278698051264 0.736140371742835 0.736265922526413 0.737046744971537 0.738397482061697 0.73908370479796 0.741374552278494 0.743697201381555 0.744861700778071 0.746253510231486 0.748851447803035
-9999 -9999 -9999 -9999 -9999 -9999 -9999 -9999 -9999 -9999 -9999 -9999 -9999 -9999 -9999 -9999 -9999 -9999 -9999 -9999 -9999 -9999 -9999 -9999 -9999 0.663487853063126 0.660939859755086 0.683289798286859 0.703493210319832 0.715436286015466 0.720169651672206 0.707524928364008 0.581313295079993 0.382569891441041 0.309083311620353 0.305714793189183 0.346232889744175 0.489954336182493 0.599114337922721 0.646721679756462 0.6823972375777 0.696376488113636 0.704589661872556 0.710511865405215 0.718996853586004 0.727445701985592 0.732309311262684 0.734906643239497 0.734373545440474 0.735361332009505 0.734428480507259 0.734617470399065 0.739190492006124 0.741428016357983 0.74331118316905 0.745333187263035
-9999 -9999 -9999 -9999 -9999 -9999 -9999 -9999 -9999 -9999 -9999 -9999 -9999 -9999 -9999 -9999 -9999 -9999 -9999 -9999 -9999 -9999 -9999 -9999 -9999 0.678483272839645 0.668896685944111 0.676892148583441 0.705086145269912 0.719635353751392 0.725064955027469 0.726003433024954 0.671653716652129 0.519011870898366 0.347031463176289 0.260365359655877 0.31114988111154 0.469525294187657 0.578700629497431 0.626137965875525 0.681891431337761 0.69846841796279 0.706078222674509 0.710490133518738 0.714398679274778 0.718139232299601 0.722886333798238 0.72757179077758 0.731537802115318 0.733301412858864 0.732454496747698 0.733600413690922 0.735078997121922 0.737053785140993 0.74039480301393 0.742323105826852
-9999 -9999 -9999 -9999 -9999 -9999 -9999 -9999 -9999 -9999 -9999 -9999 -9999 -9999 -9999 -9999 -9999 -9999 -9999 -9999 -9999 -9999 -9999 -9999 -9999 0.694967187928502 0.693130726956195 0.699602900338266 0.712183997097857 0.723087187815911 0.733842515958239 0.730649948427226 0.659039937089836 0.471887860582045 0.312046614184469 0.305609555231252 0.355720057137652 0.454263221665233 0.597170423015379 0.662378332362396 0.693750073809262 0.701069470426541 0.7039683374201 0.706936625108737 0.710832571032391 0.714507540606017 0.717778360651727 0.7213918478041 0.723603322151008 0.727450810404328 0.731269905557459 0.731638604628362 0.731523907752558 0.731174581225903 0.731811439039566 0.735043060183278
-9999 -9999 -9999 -9999 -9999 -9999 -9999 -9999 -9999 -9999 -9999 -9999 -9999 -9999 -9999 -9999 -9999 -9999 -9999 -9999 -9999 -9999 -9999 -9999 -9999 0.699466753641138 0.700621002713827 0.706122109506344 0.720444729888212 -9999 0.732927300839019 0.722028015162781 0.620022127019574 0.431689443388124 0.320751834345366 0.370935457494437 0.466275633754022 0.527069279326107 0.588500180914906 0.647722212190908 0.692933204491052 0.698945623245987 0.701879130633447 0.704804158953059 0.708897998480925 0.712618532445694 0.714736744576663 0.716958740167903 0.719097496256535 0.723330189362369 0.728608715283715 0.729940508330659 0.729426761107141 0.730337476905365 0.730759782909379 0.732446155827412
-9999 -9999 -9999 -9999 -9999 -9999 -9999 -9999 -9999 -9999 -9999 -9999 -9999 -9999 -9999 -9999 -9999 -9999 -9999 -9999 -9999 -9999 -9999 -9999 -9999 -9999 -9999 0.71341567719223 0.723435375464937 0.731845279708649 0.719748394721807 0.599281852637728 0.369703133687415 0.319132088133144 0.380530442398012 0.389792430689267 0.474918355062972 0.594815440390216 0.638682503988746 0.674047644718144 0.691355707818806 0.698081702733202 0.701218324552147 0.704729086944883 0.70905055961734 0.712289564453647 0.714942849584271 0.717976390445802 0.720338857541844 0.722294160464102 0.726261723108964 0.730133785102297 0.730608910544001 0.730888053119619 0.731425951670384 0.731241068173323
-9999 -9999 -9999 -9999 -9999 -9999 -9999 -9999 -9999 -9999 -9999 -9999 -9999 -9999 -9999 -9999 -9999 -9999 -9999 -9999 -9999 -9999 -9999 -9999 -9999 -9999 -9999 -9999 -9999 0.735108163986246 0.676538836164331 0.559337760720886 0.355864484216523 0.352492303097834 0.389935778556894 0.385131849967427 0.491089662370733 0.601298000425678 0.615983184255577 0.659002077999564 0.685607133900991 0.698216341543216 0.701040830358383 0.704435722450319 0.708929393270001 0.712346361903886 0.715284050343901 0.718209057992242 0.719770545736627 0.721922100877367 0.724584705464531 0.726185318993851 0.728008081891825 0.729420078149811 0.730453749728966 0.729999885590745
-9999 -9999 -9999 -9999 -9999 -9999 -9999 -9999 -9999 -9999 -9999 -9999 -9999 -9999 -9999 -9999 -9999 -9999 -9999 -9999 -9999 -9999 -9999 -9999 -9999 -9999 -9999 -9999 -9999 -9999 0.685547693983958 0.509200584280964 0.436914946389068 0.448476120512694 0.38631300452742 0.459593091071744 0.560730587998335 0.552119007283716 0.573143859383072 0.657192086349877 0.683155711558701 0.700002411396855 0.7031671098661 0.705885638965799 0.70985684650391 0.713058049050272 0.715518499066283 0.717903048983832 0.7196033504925 0.721160159333853 0.723292916167618 0.725145184213632 0.726328735730302 0.72730834515858 0.728032946533924 0.727820701169828
-9999 -9999 -9999 -9999 -9999 -9999 -9999 -9999 -9999 -9999 -9999 -9999 -9999 -9999 -9999 -9999 -9999 -9999 -9999 -9999 -9999 -9999 -9999 -9999 -9999 -9999 -9999 -9999 0.733735042559488 0.73958672523931 0.716972583459246 0.599970527726673 0.503608122483217 0.460568941033484 0.389608674194632 0.476347205370053 0.603943265637507 0.601739151128018 0.623884434361282 0.682537009764022 0.69353899458707 0.697165983573983 0.706299397636533 0.70853262869754 0.711565991960722 0.7143540977211 0.716527824619047 0.718125442062512 0.719634888282734 0.721062908651 0.722617853034323 0.723847044911557 0.724705615533305 0.725870574384737 0.726605458498461 0.725981011590535
-9999 -9999 -9999 -9999 -9999 -9999 -9999 -9999 -9999 -9999 -9999 -9999 -9999 -9999 -9999 -9999 -9999 -9999 -9999 -9999 -9999 -9999 -9999 -9999 -9999 -9999 -9999 0.726288589078525 0.73238743188821 0.733772460396064 0.69432997053606 0.568701911543042 0.451124557944658 0.42407915588602 0.463622611790273 0.542649919236462 0.573297072412254 0.585905626841764 0.618694039828387 0.663096667022456 0.68543885989811 0.68657735143332 0.710028432713784 0.712304417243058 0.714493602255261 0.716569314753029 0.717771750208116 0.718693646803396 0.719533019620146 0.720488798787288 0.721867850785235 0.723048813887748 0.723834571944714 0.724393557580404 0.72429232938662 0.723907911780614
-9999 -9999 -9999 -9999 -9999 -9999 -9999 -9999 -9999 -9999 -9999 -9999 -9999 -9999 -9999 -9999 -9999 -9999 -9999 -9999 -9999 -9999 -9999 -9999 -9999 -9999 0.716056503780687 0.719102108876783 0.716640809100172 0.706162032540052 0.675856071052021 0.613708629397673 0.505200040085365 0.45295880705407 0.525634873119157 0.597227486877476 0.577904845370908 0.570558500085445 0.622120923776736 0.669822172571026 0.692572512945653 0.687860714307513 0.712578276381154 0.716622424201447 0.717819603599823 0.718811994304377 0.719368377952288 0.719915509549103 0.720203992802748 0.720634521606021 0.721550696106467 0.722590960348206 0.723426799063305 0.723355082398369 0.722431945720621 0.722129220322849
-9999 -9999 -9999 -9999 -9999 -9999 -9999 -9999 -9999 -9999 -9999 -9999 -9999 -9999 -9999 -9999 -9999 -9999 -9999 -9999 -9999 -9999 -9999 -9999 -9999 0.702880361084151 0.697761670623394 0.693637647931804 0.68969684109719 0.666383211364865 0.612555435149359 0.587520180291598 0.591994239589806 0.522135546245836 0.507160138304314 0.557865623985786 0.562090586217952 0.616195168989739 0.638610341186276 0.676046314329826 0.708033104972364 0.705005145605786 0.71426518508154 0.72010863762766 0.720969690792568 0.721611222275844 0.721453083308179 0.72140546146972 0.721464732506893 0.721909086561557 0.722445361288248 0.722507160483879 0.722418149486029 0.721883172977231 0.720898341100765 0.720362795182225
-9999 -9999 -9999 -9999 -9999 -9999 -9999 -9999 -9999 -9999 -9999 -9999 -9999 -9999 -9999 -9999 -9999 -9999 -9999 -9999 -9999 -9999 -9999 -9999 -9999 0.700867567878817 0.675085560842664 0.649503600843535 0.665626843334986 0.679605919116077 0.642114206247541 0.575063750418242 0.532391846033139 0.504739125327488 0.480860294211123 0.526879656537654 0.60203340010465 0.646857066327304 0.683319649672073 0.701186537812392 0.706097705910574 0.705685857912892 0.724379007757351 0.724685608896337 0.724167576367416 0.723666628357434 0.724117647564161 0.724283287309021 0.72419359684706 0.723806514816949 0.722942224589439 0.721934688264905 0.721264213142903 0.720323787841427 0.719659276530086 0.718573138160678
-9999 -9999 -9999 -9999 -9999 -9999 -9999 -9999 -9999 -9999 -9999 -9999 -9999 -9999 -9999 -9999 -9999 -9999 -9999 -9999 -9999 -9999 -9999 -9999 -9999 0.679990338630078 0.657616368901651 0.660071643134515 0.700100804152853 0.708944833232551 0.663866486522405 0.584324820670656 0.499564543822791 0.481429513718164 0.527657837754483 0.521820242534122 0.532079708328121 0.611452936786191 0.675347496990975 0.704955477178296 0.693990322491033 0.690556226610303 0.724860981805646 0.728171285440635 0.727686476088821 0.727041006984866 0.726958447719654 0.726462948195249 0.725647596995692 0.724665675700472 0.722957296634259 0.721819902495465 0.7207105070338 0.718917460593697 0.71771310818293 0.716969487970958
-9999 -9999 -9999 -9999 -9999 -9999 -9999 -9999 -9999 -9999 -9999 -9999 -9999 -9999 -9999 -9999 -9999 -9999 -9999 -9999 -9999 -9999 -9999 -9999 -9999 0.671862793297898 0.664665932506815 0.696416112269596 0.711300059271546 0.702842675015157 0.643158113087392 0.562742149313777 0.453891791960231 0.413018154633142 0.508766603487135 0.55636180656892 0.574605196289408 0.618458568996804 0.674540634112464 0.700285976985168 0.676677860234267 0.654335474000459 0.696560446757579 0.724510438825318 0.725677082130054 0.724894788173174 0.724745073361517 0.726216111645207 0.725949386136017 0.724485487606726 0.722320057488133 0.721393547062446 0.720475219449708 0.718380467752654 0.716767291577366 0.715894749916146
-9999 -9999 -9999 -9999 -9999 -9999 -9999 -9999 -9999 -9999 -9999 -9999 -9999 -9999 -9999 -9999 -9999 -9999 -9999 -9999 -9999 -9999 -9999 -9999 -9999 0.690514338651339 0.694082509293191 0.711218748502082 0.715892524455788 0.714420387858121 0.641245581484357 0.533931435971294 0.456191836755433 0.416483772116165 0.497087932818575 0.553398644723823 0.559843319923682 0.604443249514978 0.643113685653637 0.646153515870241 0.634512041795517 0.609505684934031 0.63315899095272 0.679242260080529 0.696468470581184 0.71528925046023 0.722083739978593 0.723895636921565 0.7260287447826 0.723976668116775 0.718499801216168 0.717919679364732 0.719433077310376 0.718332293755683 0.716915114913462 0.715218419278311
-9999 -9999 -9999 -9999 -9999 -9999 -9999 -9999 -9999 -9999 -9999 -9999 -9999 -9999 -9999 -9999 -9999 -9999 -9999 -9999 -9999 -9999 -9999 -9999 -9999 -9999 0.701521728289162 0.711366316712387 0.712032263301985 0.714583129749086 0.696650715023312 0.626279286749476 0.499505720219285 0.383738616594149 0.431235888921709 0.551009707626063 0.605761175602778 0.611191743629701 0.603038787731964 0.597809598602815 0.566633314258667 0.567262370224546 0.597128737362673 0.626803080971962 0.634083207910485 0.670094560788244 0.723201275737229 0.725111541330209 0.726474318510327 0.724263327067313 0.716087526964787 0.71577280587021 0.71887880819464 0.718338706309125 0.716327478267182 0.714130006793469
-9999 -9999 -9999 -9999 -9999 -9999 -9999 -9999 -9999 -9999 -9999 -9999 -9999 -9999 -9999 -9999 -9999 -9999 -9999 -9999 -9999 -9999 -9999 -9999 -9999 -9999 0.700573589106305 0.711451730951664 0.712061865385263 0.706316281849326 0.706668716572022 0.690847380566736 0.568528913091795 0.450668844061374 0.504653220551649 0.570729096583833 0.619585384844412 0.634037210155193 0.554713601401467 0.501194024085819 0.512345706651225 0.557484817722349 0.607540159292359 0.62330179462269 0.620131207804257 0.640606444376433 0.700942420101653 0.72825771194423 0.729434462999489 0.724749029023566 0.718501523475959 0.717330534059082 0.71840787604547 0.717604043774682 0.714571037700129 0.712743759522077
-9999 -9999 -9999 -9999 -9999 -9999 -9999 -9999 -9999 -9999 -9999 -9999 -9999 -9999 -9999 -9999 -9999 -9999 -9999 -9999 -9999 -9999 -9999 -9999 -9999 -9999 -9999 0.714693795123883 0.717267831641185 0.713656178986913 0.710098709348778 0.696636784346705 0.602872863113985 0.500990566651279 0.479201799786711 0.465677825123036 0.549785239838015 0.638585507396436 0.610650954633305 0.521101043043107 0.444081562252811 0.441484690341349 0.4731184051459 0.582857221980755 0.629834428763357 0.59160370488091 0.630663561038562 0.710271122913409 0.726931181905648 0.725854944962272 0.720909066828566 0.717892032098564 0.719357887708833 0.717962121865098 0.714656023757629 0.711726815697695
-9999 -9999 -9999 -9999 -9999 -9999 -9999 -9999 -9999 -9999 -9999 -9999 -9999 -9999 -9999 -9999 -9999 -9999 -9999 -9999 -9999 -9999 -9999 -9999 -9999 -9999 -9999 0.707682133028115 0.718814457945302 0.72209515556798 0.72324883647642 0.721044195174739 0.689082819200762 0.566155630951195 0.490144167220423 0.535280832363318 0.566733973011512 0.584808019555678 0.516823416812056 0.434284009468228 0.441211745645695 0.423802616966571 0.369380896913472 0.454731452787255 0.559999411930768 0.576286550200682 0.62763371307502 0.673107791489633 0.698104593613215 0.721669663450627 0.720459159456374 0.717977947505064 0.72004441060327 0.717573808351465 0.714088318863694 0.709906466292938
-9999 -9999 -9999 -9999 -9999 -9999 -9999 -9999 -9999 -9999 -9999 -9999 -9999 -9999 -9999 -9999 -9999 -9999 -9999 -9999 -9999 -9999 -9999 -9999 -9999 -9999 0.692228967404633 0.705217929171674 0.71678625373806 0.721408105673401 0.723368135731664 0.7171988748722 0.696688138156393 0.5738804608352 0.460690802858782 0.52376264621406 0.555330749217603 0.564609569237132 0.561659969741378 0.477897045138415 0.456161352468389 0.451710467470611 0.434161700691685 0.48191648602623 0.527422244395862 0.570209364186646 0.645486695989244 0.682740290408932 0.679974521737306 0.694088584484543 0.711648032472648 0.715415892127746 0.719181095042535 0.718056471835058 0.713847709423252 0.708158525391777
-9999 -9999 -9999 -9999 -9999 -9999 -9999 -9999 -9999 -9999 -9999 -9999 -9999 -9999 -9999 -9999 -9999 -9999 -9999 -9999 -9999 -9999 -9999 -9999 -9999 -9999 -9999 0.69019976393227 0.713395155825639 0.720447526896412 0.724605137556661 0.724602713049858 0.722377392515301 0.650325872292068 0.520014061760758 0.468079529311072 0.465784661986509 0.450847592442408 0.428451160287567 0.475833202620019 0.497459383476262 0.451191539716155 0.488327009546386 0.54585992186172 0.598968096947032 0.648638717838821 0.688370714174103 0.709617680565806 0.69959263906923 0.670656426817433 0.663821864769084 0.68713477890502 0.71571757991705 0.714159708463623 0.708766405060823 0.702647669796989
-9999 -9999 -9999 -9999 -9999 -9999 -9999 -9999 -9999 -9999 -9999 -9999 -9999 -9999 -9999 -9999 -9999 -9999 -9999 -9999 -9999 -9999 -9999 -9999 -9999 -9999 -9999 -9999 -9999 -9999 0.723529574305452 0.728095353666286 0.715739117995293 0.704152416068153 0.674625180567123 0.586968798338159 0.498013590490117 0.421337456797326 0.360632727074085 0.420400284897389 0.505969468400715 0.446782661979048 0.44253352444314 0.546171322033122 0.631411901259385 0.670323060979949 0.698328275874048 0.726046362732401 0.708329238476527 0.671478642451995 0.653917604915276 0.676181753678468 0.715818536832481 0.708605394616469 0.699100849600123 0.692024750269569
-9999 -9999 -9999 -9999 -9999 -9999 -9999 -9999 -9999 -9999 -9999 -9999 -9999 -9999 -9999 -9999 -9999 -9999 -9999 -9999 -9999 -9999 -9999 -9999 -9999 -9999 -9999 -9999 -9999 -9999 -9999 -9999 0.730070376224076 0.724480292736307 0.699607789693076 0.594702303543809 0.426737410587183 0.341153298690629 0.318731793851298 0.344247836989459 0.449726750950695 0.425158024845661 0.371055942631083 0.497153212074857 0.641213291637941 0.709346315654826 0.721989471230112 0.72544600614137 0.699753414938585 0.683148777566321 0.702301128051459 0.719305623014905 0.720690983186397 0.713648641684614 0.694402284022862 0.686041664079371
-9999 -9999 -9999 -9999 -9999 -9999 -9999 -9999 -9999 -9999 -9999 -9999 -9999 -9999 -9999 -9999 -9999 -9999 -9999 -9999 -9999 -9999 -9999 -9999 -9999 -9999 -9999 -9999 -9999 -9999 -9999 -9999 -9999 0.727274860480332 0.712488503639674 0.640505772319833 0.52884839900545 0.453734770587829 0.410350004770445 0.385220269387732 0.402057035957717 0.459428560458207 0.428842049840636 0.448890318481265 0.614612439137493 0.694282118172204 0.719746014270019 0.715142100758703 0.681966284140728 0.669049967062309 0.69544515872749 0.708783235358412 0.718647486243452 0.718776642749673 0.71264274887594 0.70273724777966
