layers/veg/veg3700.asc
NCOLS 255 
NROWS 330 
XLLCORNER -2985163.8955 
YLLCORNER -3022031.214 
CELLSIZE 25000 
NODATA_value -9999 
[rows 182 to 207 of 330, columns 116 to 173 of 255]
0.187250796242584 0.189545564008279 0.19149560344796 0.194583876675 0.197152080504561 0.201441396752955 0.205795344154777 0.21026456133223 0.215011136122754 0.219085333248166 0.224742945297772 0.23055676884866 0.235884200159621 0.240111863451984 0.24671143659913 0.251022601614207 0.257272503396981 0.266932586560934 0.272618042630496 0.273069716545384 0.27995509924784 0.288589640435016 0.294800218207198 0.312529195090573 0.322827136529177 0.315542125838192 0.315094112365076 0.313767014585628 0.325976088598921 0.323512105570249 0.339950013803546 0.343730542510979 0.336545810099871 0.327927805977807 0.330853693037243 0.339064072599875 0.352026549287253 0.357199108616058 0.36935148193741 0.37416420838748 0.375535110306736 0.376809290367095 0.385819216626696 0.391184742440181 0.390498059077844 0.444457767699455 0.502123901554116 -9999 -9999 -9999 -9999 -9999 -9999 -9999 -9999 -9999 -9999 -9999
0.184097596034129 0.186307265141095 0.188492189299118 0.191403661088107 0.194360846957613 0.198202134813487 0.202478833971339 0.206800451513693 0.211472017061918 0.215461870260451 0.220986366482046 0.226550368252751 0.231111846966932 0.235794122265362 0.243267358648938 0.25020044636026 0.256765091405302 0.264282427306549 0.268902416407844 0.266340477749892 0.271792879103917 0.285660529052169 0.294147471391812 0.309029968781444 0.316324118065554 0.300197487178494 0.301444150762002 0.313714149235437 0.319348449378471 0.31999199433767 0.327316899749764 0.336998680609538 0.329786577472365 0.320874128113483 0.317420731009988 0.325350611939774 0.340973387532693 0.353281904145299 0.362110781381921 0.365625505587245 0.373592312413958 0.375184062285887 0.379836362091719 0.390566402345546 0.410495745096004 0.466145676355014 0.49528050729623 -9999 -9999 -9999 -9999 -9999 -9999 -9999 -9999 -9999 -9999 -9999
0.181119545957158 0.183219713182715 0.185410552364048 0.188191218806989 0.19136882572836 0.194909207915844 0.199262808534686 0.203456893289757 0.208147312591244 0.211867673783128 0.217194247498202 0.222462053228654 0.228226820184664 0.233251461820259 0.238394014121043 0.245538252455031 0.253273437362442 0.260099884968102 0.263870767449966 0.263769401577081 0.274381508164291 0.280860798876434 0.299840796040716 0.305865459435045 0.297269195502092 0.297607029257252 0.307225433602612 0.319842131574616 0.330332640615663 0.335266510063409 0.332097723407561 0.33745559559276 0.326052158225429 0.31625945295218 0.309890819361016 0.31098300017975 0.323622475695308 0.332741066048907 0.34284100332684 0.352822443092519 0.37146206934131 0.376220550233184 0.372608299880674 0.400813331232839 0.445749216411676 0.478593433152465 0.495486807332602 -9999 -9999 -9999 -9999 -9999 -9999 -9999 -9999 -9999 -9999 -9999
0.178402224803309 0.180614534210174 0.18254278947533 0.185308453008908 0.18814600532244 0.192033687578126 0.196120799313978 0.200369198165207 0.204969882789964 0.208555298793323 0.213403763227792 0.21847247650805 0.224146613964835 0.228945433288263 0.232585948418419 0.238758821018284 0.247971882864431 0.256238415789542 0.256766174540156 0.263497175108476 0.275915498056747 0.285625850234738 0.288979261486842 0.289489055690894 0.285244181227288 0.301842034036416 0.31422613525321 0.321061457448368 0.334452322095371 0.342141387495335 0.342388260541592 0.341280790735722 0.329364172072734 0.318281067011022 0.313891284155645 0.312036490464102 0.322620277951433 0.317140350297069 0.324580206975704 0.345547520345344 0.367164298949464 0.382194351847095 0.377110780306 0.415570376186954 0.457704905589645 0.481878211028031 -9999 -9999 -9999 -9999 -9999 -9999 -9999 -9999 -9999 -9999 -9999 -9999
0.175935439420073 0.177844751699374 0.179931522813013 0.182324379979517 0.185073638852575 0.188856516556752 0.193038899660254 0.197282885473415 0.201857900979926 0.205401771578293 0.210195513203597 0.215177749166127 0.22052068285148 0.226301931541416 0.23234952283567 0.237930070571661 0.245130182379223 0.252073980127251 0.256285528629478 0.264090955477836 0.271362335138181 0.274316545547414 0.273851709020155 0.284057089149641 0.288947695887571 0.308966440036746 0.314646955217395 0.321753302897774 0.334164273797763 0.34226185971155 0.349853965431677 0.349844048177973 0.341986096410062 0.329940577857688 0.328953470360046 0.33426106664717 0.335329034063821 0.324785162118988 0.328378944177221 0.329928076397071 0.353111593035916 0.389937071178007 0.405445608111637 0.421868859665505 0.451658415446448 0.471907149616222 -9999 -9999 -9999 -9999 -9999 -9999 -9999 -9999 -9999 -9999 -9999 -9999
0.174046478528516 0.175977677270401 0.177919980267283 0.180281538919069 0.1831180150992 0.186584751463958 0.190867304788638 0.195053371476667 0.198823994145989 0.201620192820115 0.206517949191991 0.21243854659606 0.218514281330581 0.224093784741279 0.230276004848425 0.235550193709338 0.242655315810395 0.250218654285736 0.2564778364463 0.263966263058799 0.266009947825901 0.262553201961041 0.265462304640838 0.283158754346115 0.298390382732231 0.310683588953831 0.312548940232688 0.318309799896469 0.333391402865819 0.338872955292871 0.347420385366546 0.3581553981588 0.354496234727588 0.349138722239047 0.35645089486079 0.338391856642424 0.326978213459116 0.331459372810116 0.340095262604244 0.329095198939645 0.349903406499348 0.398680755983848 0.401411181234583 0.411947130973916 0.441055048889174 0.469745837727941 0.484849625318849 -9999 -9999 -9999 -9999 -9999 -9999 -9999 -9999 -9999 -9999 -9999
0.171968536962424 0.173795778265403 0.175477113027268 0.177727413382815 0.180496337179865 0.183922257131103 0.188262396892697 0.192105309801424 0.19511065020611 0.198156246545974 0.202940567207781 0.208476562099074 0.214451970009656 0.220415669993578 0.227082761910956 0.232484084501318 0.238899658613936 0.246809325049479 0.25254114082723 0.259002052817586 0.260017829486827 0.26049298875173 0.268182608019511 0.285302014768333 0.301263988600911 0.306801981380597 0.30843374095451 0.310150620642014 0.328482738691647 0.3313438288424 0.332872811768584 0.338455205712256 0.353486798989054 0.360411685876066 0.353423301300157 0.338578881746825 0.332963394527775 0.329852452459172 0.340757525903918 0.330414296394454 0.342116803139382 0.3890749952582 0.396231467602862 0.404911953563147 0.433787417815245 0.469005876132776 0.486136681581834 -9999 -9999 -9999 -9999 -9999 -9999 -9999 -9999 -9999 -9999 -9999
0.169751805516244 0.171260551914857 0.172815357823768 0.17509840748883 0.177699230289016 0.181088843062549 0.185443690193583 0.188915629898471 0.191295801485043 0.194601192294433 0.199245184146382 0.204457525480331 0.209977601042 0.216292332101891 0.22336371325804 0.228786513582391 0.234918443544932 0.242037563283143 0.246471709354236 0.252346990667185 0.257656456603221 0.264626073342182 0.27654828445557 0.285901536194826 0.293442693354428 0.299510172325355 0.300645141325515 0.303970083175566 0.31051655921325 0.322458099115891 0.324209081193524 0.323940300364555 0.332584430641852 0.344449224820819 0.34684026511463 0.339782588055476 0.335320766643198 0.331308067011504 0.335296439510317 0.331496634239437 0.339801776635169 0.369324445100104 0.383002691606683 0.393725313315274 0.420970600947559 0.462521872149936 0.472997329879724 -9999 -9999 -9999 -9999 -9999 -9999 -9999 -9999 -9999 -9999 -9999
0.167363129780499 0.168643631255286 0.170165081116129 0.172417467065084 0.174818461393068 0.178159433984262 0.182553636295125 0.185685935028351 0.187643798529458 0.190977994466555 0.195609210421312 0.200942381630078 0.206367079075971 0.212705823720188 0.219535879905934 0.224635889292493 0.231416524087275 0.23762442213693 0.242583596163295 0.250532498054225 0.26105923019649 0.263877791866838 0.276365232869623 0.275001371191345 0.27865296789163 0.289780835110491 0.291060122155535 0.293339163019673 0.301658042368067 0.316246924063097 0.316211680568599 0.319161942909111 0.335349583829464 0.341251591782428 0.335527482183449 0.330035044524568 0.331390478967349 0.331648964064156 0.328371378611549 0.327235192905675 0.330935471362844 0.338849828496346 0.348569340452806 0.366714682002334 0.383422135492216 0.439439972728337 0.46998881219075 -9999 -9999 -9999 -9999 -9999 -9999 -9999 -9999 -9999 -9999 -9999
0.164827810929377 0.166138579581398 0.167661533714882 0.169608003867792 0.171830957372684 0.175217040348471 0.179610698375774 0.182338032799801 0.184198681438623 0.187464791609688 0.192418011303695 0.197647416665915 0.203392621053457 0.209530198842317 0.215841810954884 0.220689903275255 0.226944920883478 0.233458564854401 0.24077116798034 0.251283320459515 0.258069378831643 0.263699162795478 0.26821538293618 0.275376370881213 0.278108867202641 0.285335858744451 0.291908812737255 0.295452094541894 0.299977273632808 0.311711559930702 0.314460776292076 0.316974277832103 0.329172916083964 0.331081724231407 0.32723350738916 0.322450580426021 0.323667663384853 0.32676984616665 0.321504077050944 0.316662425202237 0.307019626459841 0.30347255327125 0.313330737082942 0.363902102892855 0.375850477531862 0.453937214075437 0.472132070375469 -9999 -9999 -9999 -9999 -9999 -9999 -9999 -9999 -9999 -9999 -9999
0.162374562226469 0.16366353035357 0.165244631636503 0.166859800162702 0.169009038244581 0.172576993328484 0.176642835060714 0.178840829506978 0.181045597530556 0.183916991691607 0.189665480897875 0.194888179338765 0.200362623538705 0.206046703095414 0.211893476166236 0.216729417608598 0.223283112595426 0.230173717087815 0.239406503382053 0.248022776626361 0.254314595553221 0.259987863159893 0.263800611884656 0.269876070732138 0.275178026827437 0.285969179039837 0.292228810602224 0.293232072219404 0.298922628131212 0.310232595464953 0.31523585800443 0.319056296402596 0.319826080569172 0.31918209901386 0.322719935326163 0.322363744688263 0.317077166071592 0.317753456708255 0.316280789948142 0.314083273528655 0.308152377770656 0.282652912920649 0.325357769267474 0.392616027360099 0.412640248133648 0.463357911962457 -9999 -9999 -9999 -9999 -9999 -9999 -9999 -9999 -9999 -9999 -9999 -9999
0.159891399279727 0.161179109592988 0.161950811007255 0.163928269884907 0.166395732092204 0.170411659546631 0.1735447134276 0.174824198874373 0.177946317462161 0.182016918683864 0.186938871387644 0.191602296710603 0.195773837668412 0.201737849161489 0.208135426539687 0.213100860044423 0.219851837748918 0.228292248182123 0.234781904279521 0.243246398233209 0.249261458991795 0.253586187675026 0.259124112972363 0.266827595711349 0.27133201332699 0.279664075296652 0.286499337762767 0.290357413231985 0.298600448377417 0.311438361851934 0.317433357621337 0.317885479740849 0.318001809080407 0.31737332605748 0.322407897257011 0.325605360905177 0.317750428101122 0.312510751150405 0.319213324925032 0.317884936514454 0.309820624404941 0.307244001439696 0.343208432684356 0.402477820291858 0.438091913807479 -9999 -9999 -9999 -9999 -9999 -9999 -9999 -9999 -9999 -9999 -9999 -9999 -9999
0.157431087633112 0.158848393624231 0.159428036500095 0.161097090951468 0.164449183581006 0.168063584772454 0.169234780538604 0.172309247364796 0.175737295135422 0.179217372779237 0.182321186729507 0.187247502121822 0.192678029659064 0.198501146802366 0.204688581564778 0.209576005347669 0.216741269672669 0.224543339719397 0.230451745210665 0.236303561341409 0.241707717803768 0.245700739966364 0.249995231593428 0.259091450718715 0.263020263624167 0.269192819216803 0.278347303319028 0.28858275961176 0.299940939223564 0.310009472123787 0.312648342042554 0.308435385336642 0.319875447135023 0.327701954367048 0.331885961741445 0.328322063726786 0.325377143418239 0.321800905267768 0.313473335434794 0.307944797162421 0.300258242768256 0.3550130057537 0.394799573300889 0.423148520597265 0.44701930610892 -9999 -9999 -9999 -9999 -9999 -9999 -9999 -9999 -9999 -9999 -9999 -9999 -9999
0.155758007588464 0.156938046129619 0.157507422160019 0.159406824622179 0.162494191060175 0.166304117579681 0.166638922482083 0.170570072757437 0.174241597914447 0.176472054431668 0.17878164504691 0.184355280212386 0.190512747299343 0.19594487863731 0.202159409096302 0.2069218706984 0.213448670111573 0.220476229921296 0.226140597227774 0.231128750504011 0.236236568109881 0.236843930204423 0.239309519480644 0.24925049638271 0.253725635178133 0.260875211035868 0.27036847171444 0.286092758548669 0.302541949854549 0.301082493758292 0.290667366421814 0.299533971905325 0.302667551682689 0.315494630838481 0.331661317658828 0.342683390407235 0.323598105497041 0.312016868304503 0.310919938217291 0.317161171369638 0.3186182388344 0.39661105982577 0.424837099839837 0.435864509773529 0.447432226870954 -9999 -9999 -9999 -9999 -9999 -9999 -9999 -9999 -9999 -9999 -9999 -9999 -9999
0.153885012796947 0.154863610349898 0.155469877082008 0.157743951077335 0.160846148846817 0.164220480654265 0.165110633463382 0.168624217513847 0.171046869948528 0.172723926097923 0.175682455219686 0.181339294843665 0.187814613830592 0.193263597760676 0.199436808417344 0.204634800947386 0.210675226876952 0.217148026576827 0.222362265426068 0.227952934500061 0.232069851968676 0.228801634873939 0.233204431121258 0.244585177885115 0.249742983471555 0.257494000337774 0.261114120521959 0.281837092030243 0.301722427075519 0.299162863754105 0.290134526444037 0.314013686681435 0.319837844727257 0.329833396011403 0.33264278354439 0.325541439781452 0.316166632882504 0.305628505032241 0.304325202781617 0.316288649950128 0.340180515994814 0.415681366435151 0.4263975711926 -9999 -9999 -9999 -9999 -9999 -9999 -9999 -9999 -9999 -9999 -9999 -9999 -9999 -9999 -9999
0.151791783867692 0.152625172926119 0.153395254288609 0.156043911894553 0.159383597832801 0.161780388712184 0.163602525388679 0.166187132263413 0.167036242868724 0.168817357368893 0.173021862939005 0.178553076615037 0.184605636127091 0.190357175029345 0.196580073129013 0.201568851658734 0.207979811363036 0.213654217239955 0.21920478668866 0.22413494598158 0.226952917123271 0.22596923132787 0.235377518121333 0.247102670272996 0.252074406451132 0.257455969165928 0.258396275604725 0.278031842606206 0.305870362570442 0.292614793595266 0.303220742647519 0.316434809397452 0.344277508168964 0.346876805355475 0.345857789445394 0.33944925596585 0.324810109329677 0.316502451895155 0.303496330148981 0.309063218381897 0.355463293806675 0.415417698004757 -9999 -9999 -9999 -9999 -9999 -9999 -9999 -9999 -9999 -9999 -9999 -9999 -9999 -9999 -9999 -9999
0.149816187170898 0.150469240889044 0.151596845891076 0.15465376064623 0.157767245940054 0.159417223886298 0.161529379897858 0.163470791189878 0.164105279221599 0.166160438743022 0.171008134979871 0.177008243421832 0.181880433091483 0.187522618862983 0.194120633960112 0.196401710015506 0.202926901557958 0.207423957864795 0.215084969111072 0.22116529371838 0.229651050540039 0.23630248029929 0.247702848991073 0.257076790020116 0.266099369124407 0.274603835324694 0.263794217569919 0.286863931364511 0.312981769540524 0.299607515869913 0.313480726503472 0.331091335751885 0.353358490646419 0.357400329494639 0.360762125558904 0.361943573424202 0.350436748374228 0.349278435801719 0.325447068385838 0.326375646003039 0.374407383410095 0.413650577764353 -9999 -9999 -9999 -9999 -9999 -9999 -9999 -9999 -9999 -9999 -9999 -9999 -9999 -9999 -9999 -9999
0.147903187746562 0.148474200014103 0.149949973895949 0.153450603569875 0.155826990685972 0.157307688972833 0.159107199155657 0.16066664884456 0.162069275981285 0.164486914321721 0.168651790103686 0.174443150781757 0.179997089186231 0.183834086923824 0.18785579991009 0.18836580401492 0.195757543893154 0.19918788836251 0.209632264612375 0.217351738697735 0.225650190334331 0.236635752137762 0.24452503351108 0.254368532794654 0.265829168595383 0.278375504755564 0.281326448018662 0.296852529604407 0.312216206632345 0.314010246777417 0.325441463482144 0.340693986308594 0.352234148733468 0.359424197834276 0.366355527272129 0.37156539992673 0.376764874735018 0.382017669127774 0.37255846897905 0.386596934840419 0.400443514911295 -9999 -9999 -9999 -9999 -9999 -9999 -9999 -9999 -9999 -9999 -9999 -9999 -9999 -9999 -9999 -9999 -9999
0.146318815946025 0.146887736219815 0.147705248716658 0.151790488699233 0.153832782930592 0.155040649376074 0.157057270371505 0.158225377689764 0.160463020875324 0.1624211554344 0.166566747254288 0.172117283436913 0.176785619466927 0.180337409467436 0.185566964558598 0.187193788017917 0.190150497000141 0.196039017319429 0.203547897027031 0.214856968680618 0.221318973131212 0.231441698702738 0.241054079543808 0.250694660393922 0.263115089563189 0.276186725698009 0.285957923212042 0.296120765779117 0.308878379298495 0.320744184713927 0.330902609480169 0.340925943131529 0.347070622334539 0.353826141872931 0.362849214670257 0.370423145472605 0.371719002149357 0.378067434856862 0.376516892412443 0.392225104358385 0.398752442341239 -9999 -9999 -9999 -9999 -9999 -9999 -9999 -9999 -9999 -9999 -9999 -9999 -9999 -9999 -9999 -9999 -9999
0.144761322391127 0.145537392033582 0.148391734984313 0.150831298143336 0.152599465894169 0.153762845270714 0.154086715547076 0.156300572723393 0.158583106630319 0.160757472718111 0.16503748496588 0.171191660582853 0.173316476842322 0.178099521015101 0.183519284185481 0.18081058444127 0.187197944722065 0.188349938214447 0.194953295278915 0.20750291430143 0.216129398459005 0.226663382097115 0.236892308674716 0.246422649763337 0.259029371112528 0.270760247484432 0.277527950954866 0.288337258030461 0.304152129246546 0.314076777091652 0.324028031643187 0.333956091878642 0.337403795454972 0.343614394293388 0.356508937454177 0.366690958810342 0.368686013915213 0.379146304498385 0.383862574915899 0.391071328169964 -9999 -9999 -9999 -9999 -9999 -9999 -9999 -9999 -9999 -9999 -9999 -9999 -9999 -9999 -9999 -9999 -9999 -9999
0.14372245019876 0.1448942260574 0.14762837088138 0.149450895557718 0.151003714894988 0.150980500938541 0.152164438328249 0.154009354400442 0.156142797892586 0.158983856475809 0.163574004497526 0.168440476935016 0.169704673140894 0.173698984564198 0.177922743298623 0.17630007954197 0.182805267683048 0.186179540049797 0.189175858814554 0.199464747640297 0.212414159779776 0.223125648236539 0.232819883088449 0.240835792580587 0.249277025092877 0.258849767570529 0.265951024394662 0.278426576751273 0.296436029917052 0.300198470163429 0.307986951078689 0.317665248367653 0.31823988497873 0.329718174179246 0.353232226616157 0.365418431242566 0.370918782742231 0.37943275832736 0.383775062212633 -9999 -9999 -9999 -9999 -9999 -9999 -9999 -9999 -9999 -9999 -9999 -9999 -9999 -9999 -9999 -9999 -9999 -9999 -9999
0.142559973209985 0.144368976445269 0.14652672901585 0.147608347910074 0.149452311411077 0.148248545251927 0.150191539814147 0.152115810651718 0.154107736097701 0.157365398447361 0.162410053813115 0.165701043722519 0.167289528217505 0.169534577812831 0.171820607754926 0.172997213765043 0.176909623259415 0.183511809408489 0.183718073501961 0.193405390304326 0.209596475039543 0.218947698709851 0.22858208245378 0.233520064361569 0.234081850525772 0.239841721640259 0.255311158593906 0.265237072274055 0.285139977967799 0.286822662376613 0.293881527205006 0.303405446910499 0.308973633285286 0.330423987298101 0.351998822458818 0.362489942297573 0.371652943573106 0.375476561502376 0.380283960590527 -9999 -9999 -9999 -9999 -9999 -9999 -9999 -9999 -9999 -9999 -9999 -9999 -9999 -9999 -9999 -9999 -9999 -9999 -9999
0.141859456979275 0.143989765839919 0.145415833591759 0.14553512330218 0.147059631174821 0.146047912891029 0.14800654899925 0.150457102856798 0.152684978733243 0.15578158084144 0.160918694213096 0.163669256370502 0.165882447634546 0.167919859122888 0.169447921962235 0.170631670845517 0.171398211869583 0.175485093094118 0.17829010626728 0.190554405398961 0.205846957924524 0.212802232069815 0.222516045588186 0.225955410668266 0.228135354350073 0.232015293817167 0.252250477715222 0.265362847134073 0.278609657692371 0.286425984281159 0.300715898802936 0.314930105462142 0.319004143763461 0.336506573364398 0.35089645148337 -9999 0.371613586245078 0.373225497174585 0.378852844814803 -9999 -9999 -9999 -9999 -9999 -9999 -9999 -9999 -9999 -9999 -9999 -9999 -9999 -9999 -9999 -9999 -9999 -9999 -9999
0.141834509345385 0.143668305885967 0.144263136166888 0.142745454609518 0.143457840879691 0.14403058420418 0.146327324812722 0.148762185893607 0.15128947490338 0.154194642029976 0.159257649662087 0.162108914771042 0.163980800744706 0.16718380229421 0.170438449693035 0.170237848767354 0.168499890958156 0.170424814340117 0.182163913536139 0.193590163651587 0.202642532590912 0.210148887288109 0.219447597475306 0.225891034447053 0.223359602233957 0.230494544639011 0.239515936014304 0.256548430065532 0.268160949839435 0.281041166432983 0.294985110848914 0.31226255840996 0.322810734961749 0.338221987488321 0.349288068772305 0.353775417330418 0.360464154851587 0.366842091150332 -9999 -9999 -9999 -9999 -9999 -9999 -9999 -9999 -9999 -9999 -9999 -9999 -9999 -9999 -9999 -9999 -9999 -9999 -9999 -9999
0.141448657528085 0.142711729552078 0.143070253517134 0.138653517796573 0.139984264545674 0.142053289797516 0.145845581482735 0.147307549905105 0.149369222384131 0.153087133166031 0.159262300067952 0.161388505290751 0.160461073340536 0.16061542057545 0.165536566650824 0.166817911546682 0.164368603297555 0.16836856610729 0.185354636825751 0.193476706109968 0.199684135172733 0.204408003065232 0.212927690927127 0.224865829786002 0.232053234262454 0.238015520846192 0.242674473866292 0.249795569978428 0.260359473833008 0.274601550893448 0.288316694737117 0.310453621891883 0.323770875594489 0.33792799655135 0.348253047844671 0.353483617479873 0.360306317095341 0.364121594863647 -9999 -9999 -9999 -9999 -9999 -9999 -9999 -9999 -9999 -9999 -9999 -9999 -9999 -9999 -9999 -9999 -9999 -9999 -9999 -9999
0.140435667201342 0.140412759215003 0.140849029847643 0.136696514182319 0.138792359794586 0.141773022314732 0.145251927709724 0.146171639975405 0.148608936062739 0.152617868060401 0.156194806780569 0.158490621566983 0.159353506783795 0.158983080316997 0.159904232165943 0.16257666457275 0.161546531259501 0.171621491808338 0.184729566201356 0.191638906611163 0.195833557538013 0.201086696518965 0.209791271896962 0.223369714076381 0.232153338920038 0.240525210375425 0.243102900094975 0.245281515202376 0.260234865536214 0.274476183212686 0.289440415509345 0.313307975207353 0.324216674217433 -9999 0.339856707044456 0.348582857949588 -9999 -9999 -9999 -9999 -9999 -9999 -9999 -9999 -9999 -9999 -9999 -9999 -9999 -9999 -9999 -9999 -9999 -9999 -9999 -9999 -9999 -9999
