layers/veg/veg3100.asc
NCOLS 255 
NROWS 330 
XLLCORNER -2985163.8955 
YLLCORNER -3022031.214 
CELLSIZE 25000 
NODATA_value -9999 
[rows 234 to 259 of 330, columns 58 to 115 of 255]
-9999 -9999 -9999 -9999 -9999 -9999 -9999 -9999 -9999 -9999 -9999 -9999 -9999 -9999 0.572292779032012 0.555180073087717 0.509714400437827 0.477363050295016 0.47308686931721 0.442691918988578 0.391100848141925 0.294564995515292 0.210477492976998 0.184394437785109 0.195479635323304 0.228991252041183 0.17193284219518 0.169458904479844 0.206026236011092 0.216286104036518 0.201907805596158 0.187653862279793 0.175804678172333 0.178256944385868 0.180984955256445 0.174440223251915 0.182088141918596 0.175127207969976 0.163127101464865 0.152650016856941 0.142395739170801 0.130700254109919 0.121568367499177 0.107852102840764 0.103178903467575 0.0987840006988591 0.0934594014888613 0.088231608301691 0.0861864753571892 0.0819703480670994 0.073659115682473 0.0638904826094379 0.0559868984268868 0.046330849874733 0.0454603213404851 0.0454359037194255 0.0455971557618748 0.0442447428714375
-9999 -9999 -9999 -9999 -9999 -9999 -9999 -9999 -9999 -9999 -9999 -9999 -9999 -9999 0.564007256873302 0.549378543907236 0.509142821825689 0.499121202557496 0.480913825315933 0.447904544256911 0.395416586541613 0.313700090637475 0.239362876675913 0.242403885268476 0.249425620094668 0.249946415850661 0.230251194798689 0.203639889735681 0.202348421772792 0.213655254463281 0.192859387514118 0.197968501477721 0.199985288970077 0.196716373434976 0.194084104201741 0.186400674648472 0.181437397581145 0.17418208727823 0.1650114769679 0.157280074598377 0.147923727498195 0.138613944815796 0.131911607471121 0.11670185851065 0.103099575557429 0.0993355451588846 0.0949231632879855 0.0933612047343372 0.0905026392993592 0.0846063867893044 0.0742825732370688 0.0647280527873682 0.0551916578896197 0.0365573298534107 0.0357158851031398 0.0438830976713569 0.0458667178960401 0.0465695567705246
-9999 -9999 -9999 -9999 -9999 -9999 -9999 -9999 -9999 -9999 -9999 -9999 -9999 -9999 0.555491416076309 0.536506006566562 0.494720139863498 0.508191955491941 0.492028521591011 0.459366485696766 0.414411971309944 0.336637248141541 0.247760247178985 0.219965794140628 0.221776296255172 0.1988813579133 0.244975826630088 0.227174791909934 0.218032710687923 0.222660066246158 0.191241364366918 0.202470530170979 0.218522070132206 0.212273969849984 0.207589416228096 0.195802752965991 0.186478752647403 0.178661183143692 0.169158895244436 0.161132188455622 0.153427417973564 0.145025801704425 0.138167700572898 0.124327340230698 0.11245778623845 0.10740849146493 0.10116540880141 0.0979483764465815 0.0948615022580282 0.086992892498322 0.0781544465308199 0.0690001114764268 0.0611079159552115 0.0356383879220841 0.0258077813707036 0.0434438445060758 0.0470761488000414 0.0499435173920526
-9999 -9999 -9999 -9999 -9999 -9999 -9999 -9999 -9999 -9999 -9999 -9999 -9999 -9999 0.555379017976775 0.533345016882472 0.480645354286398 0.506269363783125 0.500975490903298 0.470114821637825 0.411741023164713 0.350305846548123 0.239289301914043 0.187159371721899 0.253691181763443 0.188721054292456 0.25468482812902 0.259547978580143 0.240225508198608 0.243955884497008 0.237528597815845 0.225084798493417 0.224347592823041 0.218259579453873 0.216774429196364 0.207145627606862 0.196405292540338 0.187929212234629 0.176584623741112 0.167280010959476 0.15925785759343 0.148756711096148 0.137620859661403 0.127732675856555 0.116658282422369 0.11632640251597 0.116196008548827 0.112057521532047 0.107621943703932 0.0969572241647868 0.0835276435917439 0.0772588083418692 0.071297592329427 0.0598764308570199 0.0451898694368609 0.0512973276900827 0.0488888456255879 0.0536004749950807
-9999 -9999 -9999 -9999 -9999 -9999 -9999 -9999 -9999 -9999 -9999 -9999 -9999 -9999 0.552621819922317 0.543373841973116 0.499039686929228 0.50882105559867 0.50432218182395 0.468835408814821 0.408990208259382 0.359796911885927 0.303108368879735 0.223231902821088 0.256069513354546 0.231372603515469 0.246891318892237 0.273718821020299 0.250517435642751 0.260318901109572 0.277488561392065 0.262240903722089 0.231801195415773 0.222767623153472 0.218480748215241 0.211140977951119 0.202796470668336 0.197948745086117 0.183855710941045 0.174593333749532 0.165993265754513 0.156194089412264 0.146618127505879 0.13582280247309 0.126088606523454 0.121501523555843 0.118840073523059 0.120392593173833 0.121298551384081 0.105056394117367 0.104711409165706 0.0894404728324971 0.0821842692915578 0.0733736805980581 0.06963981608029 0.0672757821311974 0.0617662173627719 0.0624554811616673
-9999 -9999 -9999 -9999 -9999 -9999 -9999 -9999 -9999 -9999 -9999 -9999 -9999 -9999 0.552201321888364 0.548538613788303 0.542313417153588 0.528859073725338 0.507414651470803 0.469977989360238 0.431108082038979 0.367445798157237 0.313614545518043 0.255130043190796 0.269237542040525 0.276662970986903 0.284598500972107 0.284495365721 0.269288737943163 0.281791353925478 0.269880412683007 0.263197806483052 0.25187649414814 0.235818310440146 0.222328743202585 0.2102588116654 0.205252826977708 0.203937565770699 0.193106306406846 0.183168353502925 0.174082313434928 0.164278867748542 0.156041521200227 0.146072708456809 0.137639825932108 0.128941613759754 0.128063419011816 0.128753379230684 0.124120726967306 0.115730728323943 0.11050106710787 0.101168364705354 0.0952319002383267 0.0889115390980853 0.0834551571938014 0.0792586278811554 0.0750497759604509 0.0731864329257631
-9999 -9999 -9999 -9999 -9999 -9999 -9999 -9999 -9999 -9999 -9999 -9999 -9999 -9999 -9999 0.535822396440146 0.542334656688595 0.535342464492246 0.519868928183946 0.489039536978046 0.44811960556105 0.382699031675214 0.314642031945036 0.279807593060909 0.263129142564396 0.289598383605815 0.296487633323868 0.291542608649167 0.287141820294442 0.278531127477804 0.271635070069273 0.26814564888192 0.269815095998906 0.2545815228547 0.242579723245363 0.224673194131652 0.213334113539714 0.206893923293699 0.201969658197482 0.191036512400599 0.180793862331068 0.171135972758208 0.162946096933928 0.154440986530827 0.146245063579115 0.137135984154671 0.13406437955708 0.130845479033809 0.123907142171043 0.118891532374238 0.11283440967181 0.109897048694569 0.10513456066244 0.0956218205176418 0.0863624776099329 0.0922799519507863 0.0904339314345079 0.0885865644521515
-9999 -9999 -9999 -9999 -9999 -9999 -9999 -9999 -9999 -9999 -9999 -9999 -9999 -9999 -9999 0.581766278897199 0.558159081100825 0.556004386140928 0.532768646422847 0.503846823330268 0.443882407229321 0.376227841857341 0.341875187667455 0.300307525072077 0.267112325005606 0.283349772495003 0.287360127412617 0.293491057666553 0.290943975217319 0.284129860567217 0.289296535725463 0.28578847237549 0.279553179370498 0.271169130753293 0.257727078486479 0.234363245025773 0.223536504875171 0.214385644767169 0.204970038099777 0.196801408489125 0.186268603888727 0.176596152596141 0.168320635363857 0.160016795081303 0.15148671322014 0.143726472170152 0.136972331689555 0.131996787541918 0.127665665182056 0.122293464832175 0.118752725490767 0.115262564581789 0.111030293975562 0.109348320476636 0.106313298291776 0.0986809930169726 0.0956959189736908 0.0939076339516057
-9999 -9999 -9999 -9999 -9999 -9999 -9999 -9999 -9999 -9999 -9999 -9999 -9999 -9999 -9999 -9999 0.602127447883184 0.584771090649789 0.558288559655625 0.526799912779708 0.492731779761873 0.373806141028307 0.3380668471533 0.314392656010535 0.290214203928732 0.277803795363099 0.281426777071053 0.287979143822114 0.289921740047021 0.289946362792491 0.290407583768376 0.290499197316233 0.283035763422411 0.260124388923611 0.246299840787639 0.233497952734552 0.228666762645018 0.229804254842656 0.220053409024364 0.205032183726595 0.196617733295527 0.182479515632228 0.173796170322982 0.165172512262156 0.156785251643709 0.149008089255985 0.141612000870624 0.136390645071603 0.133171485942493 0.127805610173321 0.124556604228749 0.119855583571118 0.115927665260114 0.114451011372804 0.108724327214361 -9999 -9999 -9999
-9999 -9999 -9999 -9999 -9999 -9999 -9999 -9999 -9999 -9999 -9999 -9999 -9999 -9999 -9999 -9999 0.62353096928534 0.598952921057981 0.570686253771222 0.534776570767916 0.456855515946535 0.392315345905453 0.329551285046636 0.342105405166543 0.320073728917164 0.281120224596932 0.292633463061699 0.303549541660988 0.309052384051611 0.311152641353104 0.306393090832358 0.294920603808824 0.26277418330346 0.243864182414706 0.248473713451961 0.247787610857303 0.244198119506058 0.228510756361834 0.215652028458214 0.206339057689508 0.196985787342223 0.193005721333121 0.185861163926871 0.173485427560058 0.163927032653509 0.155559192709515 0.148402406384698 0.142024602221179 0.136630274946424 0.132242205311126 0.127335267850258 0.125852141168892 0.121789908104739 0.118245157539761 0.117640841796982 -9999 -9999 -9999
-9999 -9999 -9999 -9999 -9999 -9999 -9999 -9999 -9999 -9999 -9999 -9999 -9999 -9999 -9999 -9999 0.633551036649948 0.59837976834466 0.566330932648502 0.540126393933623 0.456593700524973 0.430285508241267 0.361427618473776 0.342815228066466 0.359555623124272 0.312107514508037 0.31331798152334 0.338959785329605 0.341095413118962 0.335637132114803 0.320430889545236 0.296833915300037 0.263516892847256 0.251959921966708 0.247787290576537 0.255368555358189 0.257295550696069 0.251680804486969 0.238980038424633 0.213523218779215 0.202637502019435 0.199385931548536 0.194814729897103 0.182494383143249 0.171466467014312 0.162847453798919 0.155505290217096 0.148814518920612 0.143276012562146 0.138029822789532 0.132817966001762 0.132459371709265 0.127700317280878 0.12386838882237 0.12302094157472 -9999 -9999 -9999
-9999 -9999 -9999 -9999 -9999 -9999 -9999 -9999 -9999 -9999 -9999 -9999 -9999 -9999 -9999 -9999 0.643196071618212 0.612225470370946 0.570796355240026 0.538141054069936 0.474923775163363 0.461751338899396 0.350806803965191 0.369717030792559 0.392609279310587 0.35213498177697 0.334474108918493 0.353700690296543 0.355553481498477 0.341486366924951 0.317707977626207 0.293406341203831 0.269198088625632 0.260702056915375 0.252147920773203 0.255495220748131 0.258064620584158 0.255200717376163 0.244346581586687 0.224072058906667 0.21065379375468 0.203728100961434 0.197294410716312 0.189873911977827 0.182174388723442 0.173850700232042 0.168041258137575 0.15907775567294 0.153228692659578 0.147587690668886 0.142220052333038 0.137186361137561 0.133020967556108 0.128609303188072 -9999 -9999 -9999 -9999
-9999 -9999 -9999 -9999 -9999 -9999 -9999 -9999 -9999 -9999 -9999 -9999 -9999 -9999 -9999 -9999 0.644819375092335 0.629916966686512 0.591917688209627 0.542152520528041 0.494993640675774 0.455364904578857 0.39480218692864 0.402511090520224 0.403195348252385 0.364707563584702 0.362937658101319 0.374911538699288 0.357921542434488 0.326737772039983 0.310120009327407 0.285821698056553 0.26605732052509 0.258054386415813 0.256100664697133 0.25428709977187 0.255772037858598 0.252371126428185 0.24288002646154 0.233827999106995 0.219323961137837 0.215285013362308 0.208276701068182 0.195755091766909 0.186128208679434 0.178090956437799 0.171299263470772 0.164938020479242 0.1573510341609 0.152658476252677 0.146938154056915 0.142219710252472 0.138484168873289 0.13197751037251 -9999 -9999 -9999 -9999
-9999 -9999 -9999 -9999 -9999 -9999 -9999 -9999 -9999 -9999 -9999 -9999 -9999 -9999 -9999 0.634920644284638 0.643520453423043 0.636331256646181 0.614077564681801 0.566138256727952 0.496715834826655 0.466675332547821 0.457160365901994 0.40888450513686 0.408980990316234 0.395833493746161 0.374047879290903 0.374972186184233 0.360279598225564 0.321436042324546 0.300345831400825 0.275631218290996 0.260698752007026 0.254072700121238 0.25315650853759 0.254414573645035 0.255340069787416 0.251461008719247 0.244598534194844 0.241272724064793 0.232558292114287 0.222440484925135 0.216547161666779 0.210926476664065 0.199021798711431 0.185353241761168 0.176636525519904 0.171837005220029 0.166545195346774 0.160667740804244 0.15537345174546 0.149672548085175 0.146124858829006 0.142814055330775 -9999 -9999 -9999 -9999
-9999 -9999 -9999 -9999 -9999 -9999 -9999 -9999 -9999 -9999 -9999 -9999 -9999 -9999 -9999 0.631658613925377 0.64516200397042 0.651075704720342 0.626477709007593 0.600519105375328 0.497062627126837 0.488368350821578 0.461140077791339 0.409443999421204 0.41739872726704 0.416141049205134 0.392021550562143 0.374262159950407 0.336348788997559 0.303732749278001 0.286630743255503 0.269798438918715 0.255903186278822 0.251440925521912 0.253220868063273 0.254762488270055 0.255956559644414 0.250226576592551 0.245403542175694 0.241417931192775 0.23769013923637 0.228060812047552 0.219198307754778 0.215353260642347 0.210032741854987 0.199004831608785 0.183731688713799 0.177487538102693 0.1722958762641 0.168780072134616 0.164355321124472 0.156005746724556 0.152461795088748 0.14932801498827 -9999 -9999 -9999 -9999
-9999 -9999 -9999 -9999 -9999 -9999 -9999 -9999 -9999 -9999 -9999 -9999 -9999 -9999 -9999 0.700875146079233 0.688646867494221 0.677191179246832 0.647606475991478 0.587775668846449 0.512704530488209 0.499481282142617 0.439445796575196 0.407664915638615 0.418417568021696 0.412563812620956 0.40832644503624 0.394344039055198 0.342235034079342 0.322736070696333 0.307055217955014 0.269476414509205 0.275692478078115 0.266841287138619 0.266923383346433 0.257803871860705 0.256492972533757 0.24958783861683 0.240504757146231 0.234463406438733 0.233233795738863 0.232023066847764 0.22150288641926 0.216122383904267 0.214578473540768 0.206174397996476 0.190132962651816 0.183691910042997 0.177624701684882 0.172643304295313 0.167909726068854 0.162444132247114 0.156914781189387 0.154616964453035 -9999 -9999 -9999 -9999
-9999 -9999 -9999 -9999 -9999 -9999 -9999 -9999 -9999 -9999 -9999 -9999 -9999 -9999 -9999 0.686592156568222 0.690584757451845 0.689248466619384 0.662064258307316 0.618128727933932 0.517394872618842 0.47727075042012 0.459841218543264 0.420891683836415 0.415610977629081 0.405519978593807 0.406641832266105 0.406710818873404 0.350047152768429 0.339687310930166 0.321884572381481 0.272786334270713 0.272944197329714 0.274555690773808 0.271280637873949 0.261858749821787 0.257398500998999 0.250053861614848 0.231414246919926 0.224811118394418 0.228036518135661 0.229950053912722 0.225297409608312 0.221601503002468 0.221260458377129 -9999 0.193123706311466 0.187675485896553 0.18330624498234 0.176044384555492 0.170923546942018 0.166794118816807 0.15841921860249 -9999 -9999 -9999 -9999 -9999
-9999 -9999 -9999 -9999 -9999 -9999 -9999 -9999 -9999 -9999 -9999 -9999 -9999 -9999 -9999 0.666206733944963 0.700939179063095 0.697021948417033 0.66944584258448 0.650677493841204 0.595865016162256 0.508664885257052 0.488569271486287 0.46287863761815 0.427717155264132 0.41407038369254 0.40985467588827 0.407915320973344 0.361024420967195 0.356657016917153 0.346256450889094 0.30724591043431 0.294968159961622 0.285104976629489 0.270544318398799 0.253461012114097 0.238834961925078 0.214758316024488 0.202626766854548 0.205264414517065 0.217080750722954 0.225209330867853 0.228955018161752 0.22643061691114 0.228539525333169 -9999 -9999 -9999 0.186620687715313 0.178694726490968 0.173352679606316 0.168295392667555 -9999 -9999 -9999 -9999 -9999 -9999
-9999 -9999 -9999 -9999 -9999 -9999 -9999 -9999 -9999 -9999 -9999 -9999 -9999 -9999 -9999 0.702926679414746 0.717020342030177 0.707665118347014 0.688332688433586 0.641036194575185 0.618579171544252 0.578656223722964 0.499335042281435 0.492220330680115 0.45546804828029 0.437656301268151 0.421519110236067 0.395065599617443 0.377165955092442 0.373076479876456 0.359267656827806 0.332808673909936 0.313195137451707 0.292049164434818 0.268943805177345 0.24726340366996 0.222593783120579 0.207085233834304 0.17874250654056 0.196079320921346 0.213096640439401 0.22795970948345 0.232479937468603 0.229371703424353 0.233543174070361 -9999 -9999 -9999 -9999 -9999 -9999 -9999 -9999 -9999 -9999 -9999 -9999 -9999
-9999 -9999 -9999 -9999 -9999 -9999 -9999 -9999 -9999 -9999 -9999 -9999 -9999 -9999 0.761892083140867 0.742239005775974 0.736819372077987 0.726144899180125 0.704904327525124 0.659829143128385 0.58221627720588 0.592439401384627 0.521683140848866 0.462883191934721 0.441057018762066 0.458585845006673 0.428393457110482 0.38982160760792 0.387939645279739 0.37930472681716 0.351455354214749 0.32687634706993 0.321109812266294 0.290942808056179 0.271777724774933 0.255819132935084 0.22983943038227 0.234144357146926 0.204996103204835 0.21344668585293 0.226227495294953 0.23181113942616 0.232223840500875 0.229388042483982 0.23762226312432 -9999 -9999 -9999 -9999 -9999 -9999 -9999 -9999 -9999 -9999 -9999 -9999 -9999
-9999 -9999 -9999 -9999 -9999 -9999 -9999 -9999 -9999 -9999 -9999 -9999 -9999 -9999 -9999 0.755220635840743 0.754630591213267 0.745475965833936 0.710597042122658 0.669716048186885 0.609010303263831 0.583499981683176 0.518396308611231 0.527933629015846 0.466989343664157 0.471259921320248 0.464000388434287 0.428735630914526 0.402027634702152 0.375879400199549 0.344104037062796 0.321062850741317 0.306186448046582 0.292353028390539 0.26754168824502 0.260604873121881 0.241717290992706 0.24864060760626 0.254198258222362 0.243915800702204 0.242873622804551 0.243173005932636 0.24222941839575 0.23802059839856 0.244170068298062 -9999 -9999 -9999 0.221886132688894 -9999 -9999 -9999 -9999 -9999 -9999 -9999 -9999 -9999
-9999 -9999 -9999 -9999 -9999 -9999 -9999 -9999 -9999 -9999 -9999 -9999 -9999 -9999 -9999 0.788562327439885 0.776647451831129 0.755131752335873 0.691569774783545 0.684677818436187 0.631666936040333 0.604477259507899 0.576787254254646 0.515856700616452 0.532908140812791 0.507031319674922 0.486372434937335 0.470472131673424 0.433476273578317 0.391335314242949 0.357067182165435 0.329900139364789 0.279200063871452 0.28949640334896 0.263300361806742 0.265476575139681 0.265168295978691 0.271991810947825 0.277041202885461 0.261697167895111 0.256583161722383 0.256901871509727 0.255740886214451 0.253643107949148 0.255405016008394 0.248415378254277 -9999 -9999 0.221991761604988 0.219442292250199 -9999 -9999 -9999 -9999 -9999 -9999 -9999 -9999
-9999 -9999 -9999 -9999 -9999 -9999 -9999 -9999 -9999 -9999 -9999 -9999 -9999 -9999 0.756027865560285 0.786778055098094 0.788798775686434 0.785753651975988 0.705199449190043 0.701566377390021 0.642188063822293 0.579252352245722 0.580043431819581 0.527374226356592 0.570670219592491 0.536179263030549 0.521044015310754 0.477307064104585 0.458031784701815 0.427667658615395 0.380985071659114 0.337660474302047 0.289387032225437 0.297965194650819 0.283834315286756 0.274040036558538 0.280547795674007 0.292530379040927 0.29152241258094 0.278963741993356 0.271206068960976 0.273560399541846 0.26888071443721 0.265174366761192 0.262901937950355 0.252661112673702 0.247937774345091 0.23517437265795 0.232834081041086 0.22506740713186 -9999 -9999 -9999 -9999 -9999 -9999 -9999 -9999
-9999 -9999 -9999 -9999 -9999 -9999 -9999 -9999 -9999 -9999 -9999 -9999 -9999 -9999 0.750777641479659 0.775932626895984 0.792711212540872 0.788858269073786 -9999 0.695231686310738 0.662774120544582 0.600828401131413 0.606712301343268 0.598788613031172 0.553986410022696 0.539261931737184 0.526844415147771 0.478009554856026 0.458266948847193 0.451860218559172 0.407266358269155 0.369899015249305 0.346398365513458 0.341893811441082 0.319486918135935 0.287558313298265 0.283690449163613 0.301037980567024 0.318026083688475 0.305256357544103 0.292000049492766 0.289509754792404 0.281955790365137 0.275303021882135 0.270142658120471 0.259008972388872 0.248216092694481 0.238294269306772 0.241935576171375 0.23067077032597 -9999 -9999 -9999 -9999 -9999 -9999 -9999 -9999
-9999 -9999 -9999 -9999 -9999 -9999 -9999 -9999 -9999 -9999 -9999 -9999 -9999 -9999 0.783837179682623 0.767304956352694 0.807980608023899 -9999 -9999 0.661049861739989 0.671680199566016 0.619254909190304 0.613934706607209 0.616384766530042 0.545578833191267 0.559932489724342 0.554401510851996 0.535471128880218 0.502117572756654 0.486208346380653 0.418000401151245 0.384627460568445 0.334040975130248 0.344069141262366 0.317498958522888 0.303557789303942 0.30387896307959 0.322011940711713 0.34820721760375 0.331554881480614 0.313097361171754 0.301535535346743 0.291273933690512 0.283194449099302 0.275559193659019 0.26984364607048 0.263608801660088 0.243725723183332 0.2469408562649 0.239815108330638 -9999 -9999 -9999 -9999 -9999 -9999 -9999 -9999
-9999 -9999 -9999 -9999 -9999 -9999 -9999 -9999 -9999 -9999 -9999 -9999 -9999 -9999 0.820151327034534 0.815976552836702 0.810533536223208 -9999 -9999 0.693565215913092 0.650628349189639 0.592289824552057 0.58201942031222 0.608904029847579 0.571012838467397 0.573325836516099 0.568957249920777 0.539908231969437 0.492228508842259 0.459450371635447 0.433562944634161 0.398897732297274 0.38500591592866 0.342941123262945 0.323908996566862 0.340563818495095 0.346496746833873 0.365313458442458 0.362484211588045 0.34634156278931 0.324441941533187 0.30928041131008 0.301192370428342 0.291491353732434 0.285263389369019 0.277798609789073 0.266454354009872 0.246140038230903 0.248250410649476 -9999 -9999 -9999 -9999 -9999 -9999 -9999 -9999 -9999
