layers/veg/veg3300.asc
NCOLS 255 
NROWS 330 
XLLCORNER -2985163.8955 
YLLCORNER -3022031.214 
CELLSIZE 25000 
NODATA_value -9999 
[rows 200 to 224 of 330, columns 114 to 170 of 255]
0.474526604106395 0.470489216025528 0.464819472160738 0.458443196895213 0.45311650526169 0.446697557189537 0.438379689926792 0.430765333723062 0.420947949092758 0.40712436636214 0.394950981929436 0.383866763636244 0.369816302838385 0.359403144756818 0.348791077826168 0.331894501943107 0.316859548196623 0.300945200769691 0.278197580034605 0.262356882794232 0.25608033447248 0.24796401810313 0.240353897161694 0.241911670780321 0.2506919551851 0.25768102777202 0.272347647569616 0.292579884472426 0.308570008817105 0.325096468857834 0.342060063310812 0.354710319709234 0.364564483061634 0.377011592459568 0.386553333869572 0.388980679956964 0.387655707598083 0.380778854837468 0.368656211474877 0.352611402003222 0.342341746686524 0.345580028047736 0.351686628129455 -9999 -9999 -9999 -9999 -9999 -9999 -9999 -9999 -9999 -9999 -9999 -9999 -9999 -9999
0.471400808855915 0.467572204100092 0.46237308745258 0.456611291808625 0.451523104952251 0.444967859087867 0.436488249478456 0.428798731633752 0.418312527388056 0.404697100120782 0.39304721500608 0.382048198427312 0.369187893998878 0.358139911725028 0.346342085591759 0.32941323214596 0.313711376257256 0.299193439115444 0.280009014508001 0.261409878059432 0.251379755552145 0.244542030663009 0.235341185454879 0.239719891377919 0.253256376506206 0.259810680001539 0.271970210934567 0.284539901268215 0.295125301800256 0.312952660437768 0.333039617735049 0.346514899220419 0.357514016671134 0.36687364735749 0.367684338417007 0.368748176384892 0.376080993279483 0.375654561876704 0.365657204069662 0.359360736051454 0.357635076260732 0.357416647092788 -9999 -9999 -9999 -9999 -9999 -9999 -9999 -9999 -9999 -9999 -9999 -9999 -9999 -9999 -9999
0.468277663845857 0.464749706630217 0.459813288237229 0.455264111189095 0.450417889687983 0.442184528875888 0.433450937215434 0.424899968964777 0.414291168344811 0.401503437478867 0.390397737466051 0.380104091264537 0.368882061610663 0.356333434855318 0.340607182475654 0.32446292724593 0.310090181523735 0.2933554717176 0.277998732588032 0.266132632589631 0.251667412099035 0.243439012865221 0.243974432937853 0.249307160735942 0.255637058892404 0.260449906005478 0.260593476385024 0.257443841400653 0.268031567983924 0.293594472849871 0.311026430603028 0.311354104192568 0.321833939641504 0.331832974651631 0.327214576725329 0.337778328500636 0.36019657195024 0.373699067655982 -9999 0.365235217751446 0.363465375551367 0.36280116483265 -9999 -9999 -9999 -9999 -9999 -9999 -9999 -9999 -9999 -9999 -9999 -9999 -9999 -9999 -9999
0.465459530309136 0.462644537414262 0.457911266988025 0.453394397526758 0.448862887696065 0.439617506678471 0.429254501057872 0.420926604163799 0.412019685349371 0.399613972855552 0.38849013053241 0.378540496229902 0.366661292920395 0.355128019633495 0.340610219447966 0.321485120130387 0.304961242830281 0.288161405219002 0.273181638526928 0.264118460115739 0.249227510098217 0.243571672695406 0.250058298362532 0.254381291011758 0.256503694914968 0.256982740213166 0.252398682369015 0.255596467844932 0.268207165270881 0.282785982997476 0.298236801239684 0.293257531166399 0.301546759936148 0.322927882949543 0.332301323908407 0.345997534919636 0.363713605067862 0.372075552477932 -9999 0.368366504411673 0.36695101322508 -9999 -9999 -9999 -9999 -9999 -9999 -9999 -9999 -9999 -9999 -9999 -9999 -9999 -9999 -9999 -9999
0.464146617800897 0.461588962570624 0.457427033803148 0.452841611575184 0.447483518221358 0.43724285031037 0.427113997807704 0.419542871677312 0.40986777349254 0.398307545989274 0.388808714517005 0.378870064565981 0.366785734806354 0.356828406294653 0.344481024080393 0.327448042196289 0.309586543875577 0.290543291945923 0.269969139096341 0.255919165112936 0.245834121573548 0.242902586992479 0.250364725734844 0.253965375609214 0.255293910768217 0.251130980825101 0.246796943298485 0.255414888981054 0.272898342352478 0.284075587784096 0.298504988351326 0.307258984102595 0.320416876146424 0.339736616295094 0.34246411753626 0.353256677798678 0.363525723488251 -9999 0.369666656479127 0.369651454955399 -9999 -9999 -9999 -9999 -9999 -9999 -9999 -9999 -9999 -9999 -9999 -9999 -9999 -9999 -9999 -9999 -9999
0.462199679368879 0.459614092848483 0.456259319119602 0.451716567150727 0.444953174914949 0.434127343981756 0.42410823851244 0.416629243127797 0.408037152642386 0.397414116215581 0.387805434443484 0.3786488641232 0.367326850336923 0.355190502073639 0.34140706096764 0.326743545283012 0.314263728383291 0.297792334196972 0.274457449534017 0.258109040095536 0.256972009652483 0.257799944170285 0.254790644153113 0.255185737161573 0.256950533259943 0.254800756651025 0.248413186116484 0.249697943522781 0.261138038284158 0.277670848935341 0.292959431201173 0.299402687241144 0.310215955569909 0.333084147265413 0.347504168331604 0.355485780685879 0.362036715707679 -9999 0.368744290158876 0.369940563070737 -9999 -9999 -9999 -9999 -9999 -9999 -9999 -9999 -9999 -9999 -9999 -9999 -9999 -9999 -9999 -9999 -9999
0.460369982690893 0.457664425865089 0.454630360043584 0.450192750027655 0.441385014214234 0.429090414781916 0.420405513552687 0.414447367810032 0.407093946521549 0.396904739746055 0.387120091689598 0.378842394876717 0.368265857438279 0.356372962776643 0.341825879446447 0.325368304115544 0.313920114898541 0.298548518947154 0.273862562487813 0.26366331713234 0.267593940217413 0.265137794608441 0.260998968629154 0.256910805719192 0.255846003882866 0.259683152549982 0.25759016254197 0.251704690237622 0.256694810077121 0.269549461683074 0.276586937000206 0.278539807739453 0.293309747648937 0.32063418587841 0.342514417509186 0.349681470855166 -9999 0.367941448437356 0.367918579939245 -9999 -9999 -9999 -9999 -9999 -9999 -9999 -9999 -9999 -9999 -9999 -9999 -9999 -9999 -9999 -9999 -9999 -9999
0.459353530826052 0.456751987525103 0.453123094989558 0.44773408326728 0.437101072100167 0.425735577278876 0.420082608097594 0.415154298081231 0.407772386523498 0.397076122015417 0.387154428461216 0.379047561253934 0.368090177248064 0.35690689814646 0.343824090976667 0.323921675480071 0.306680723311541 0.294684777777599 0.281239925129224 0.27467772817424 0.273156174844333 0.268048222457017 0.262241774607503 0.257088715569581 0.258033129112687 0.26164633905559 0.263872743046861 0.267332873636501 0.266211776682177 0.263028117247674 0.273600725503278 0.287786002082124 0.30343382853044 0.328946562132985 0.343145866466334 -9999 -9999 -9999 0.368353501366043 -9999 -9999 -9999 -9999 -9999 -9999 -9999 -9999 -9999 -9999 -9999 -9999 -9999 -9999 -9999 -9999 -9999 -9999
0.457458061661828 0.45497863605004 0.449560773240793 0.440496855740107 0.432538789931229 0.424358024672177 0.418166833623717 0.413182676929876 0.406924335903239 0.397242365181242 0.387477423451021 0.380696090393636 0.369713177794906 0.355635957807053 0.342433169352731 0.326226604785759 0.310247710653413 0.295468085051993 0.280770663357032 0.276786256368491 0.277765292053904 0.272578505231103 0.266342474197134 0.259911246757635 0.258870348739704 0.261174484751335 0.262677044785586 0.269332382727488 0.26389249192748 0.263790256464655 0.285534667139002 0.301947559412606 0.317277161644952 0.327573496742772 -9999 -9999 -9999 -9999 -9999 -9999 -9999 -9999 -9999 -9999 -9999 -9999 -9999 -9999 -9999 -9999 -9999 -9999 -9999 -9999 -9999 -9999 -9999
0.455977027143431 0.45347483402519 0.449282878477527 0.439596679736115 0.42976833486772 0.423484271111657 0.417845718362941 0.411854851153628 0.405752614464206 0.397142920584409 0.388569461419044 0.381825853125013 0.371047501479922 0.358248632702162 0.347371726553376 0.33420671301962 0.318076547101205 0.302172459839614 0.288759997394859 0.280097061230236 0.277982208594705 0.275101467373483 0.26996194813053 0.265178227071707 0.262348098537164 0.261071769103443 0.262255674359734 0.269144706270414 0.269366009096382 0.268861272048706 0.285634196737125 0.306113470208804 0.320291001407645 0.331374438157953 0.33969127424975 0.343979325738461 -9999 -9999 -9999 -9999 -9999 -9999 -9999 -9999 -9999 -9999 -9999 -9999 -9999 -9999 -9999 -9999 -9999 -9999 -9999 -9999 -9999
0.453290594369735 0.451928305406132 0.449188990252253 0.440429100011776 0.429654768187928 0.423958248064355 0.41804768135677 0.411337653719632 0.405949399736023 0.39824450192229 0.390093534856867 0.382885305769273 0.370200546933979 0.356551482506576 0.346896736939099 0.333057915952631 0.320848501895574 0.309576180181404 0.293038429005702 0.285718195584713 0.28297767794801 0.275810303527237 0.270258661826992 0.264424450022037 0.259995417578821 0.257782540896133 0.25732555495846 0.263135502659512 0.269889151082242 0.276825336706721 0.294341044811146 0.309747000202737 0.318831059627737 0.329691268459578 0.336134225485571 -9999 -9999 -9999 -9999 -9999 -9999 -9999 -9999 -9999 -9999 -9999 -9999 -9999 -9999 -9999 -9999 -9999 -9999 -9999 -9999 -9999 -9999
0.448753775236351 0.448123016262745 0.446625661677675 0.441927899446 0.433479196229666 0.424962994504353 0.4182015831022 0.411824475831175 0.406252095269655 0.398882060037421 0.391310060103439 0.384188150484164 0.372355922895805 0.359189828058713 0.347447639516699 0.333644964737153 0.319620378323915 0.309707917100443 0.299028698479543 0.290507047422264 0.285567290990095 0.276034768469674 0.267864736210321 0.261946407181836 0.256014114516407 0.252918813615094 0.255928664232305 0.261659515981729 0.270736922197721 0.28175590924051 0.294324832179501 0.306132020326595 0.314732917791434 0.318986383492963 -9999 -9999 -9999 -9999 -9999 -9999 -9999 -9999 -9999 -9999 -9999 -9999 -9999 -9999 -9999 -9999 -9999 -9999 -9999 -9999 -9999 -9999 -9999
0.444017352614722 0.444244086905372 0.443932508547798 0.441639314016598 0.43562215657713 0.426421726467237 0.418956909635158 0.412938944998371 0.406725394918495 0.399329369774163 0.39227152889546 0.385939369873198 0.373853226657149 0.361093848251375 0.351006428865811 0.338336284379263 0.32560595256763 0.316389364195474 0.306483606083109 0.297206462150699 0.287839678201111 0.27520660925992 0.26385127449586 0.253393775612535 0.244181553353766 0.242582596936193 0.252135137121429 0.261619881554153 0.269441445540513 0.281596633751209 0.292887295443076 0.302910061702757 0.31069312396056 0.314974170787117 -9999 -9999 -9999 -9999 -9999 -9999 -9999 -9999 -9999 -9999 -9999 -9999 -9999 -9999 -9999 -9999 -9999 -9999 -9999 -9999 -9999 -9999 -9999
0.44205617421418 0.442094253119088 0.441180233360493 0.439785641132256 0.435931274995799 0.429090902191263 0.421905842318191 0.415525646362551 0.408114349616845 0.399985415064902 0.39344546807867 0.387801751788852 0.376139443993352 0.363285736383159 0.354169640339277 0.340614608757225 0.329592116596953 0.320434611457589 0.307465433947447 0.295618301302064 0.284364795517886 0.272083161981887 0.259024154018442 0.247339689103103 0.235467181977028 0.236296346284962 0.250476298053473 0.263047376025063 0.270779669328461 0.279442124860983 0.290664169962158 0.30040326743468 0.304358430200859 -9999 -9999 -9999 -9999 -9999 -9999 -9999 -9999 -9999 -9999 -9999 -9999 -9999 -9999 -9999 -9999 -9999 -9999 -9999 -9999 -9999 -9999 -9999 -9999
0.438017242366354 0.436749113619178 0.4364812326907 0.436199221341268 0.433832222261041 0.428790604425623 0.423256595151387 0.417954796776044 0.4109493789472 0.401776279847004 0.395096367329359 0.388624375446149 0.375991806826649 0.364451875122687 0.355344708250249 0.343366180324024 0.332102661866751 0.320266207804602 0.306380170456384 0.294230156584177 0.281863838294116 0.266662723412849 0.252537881390059 0.248086315580496 0.249096945029948 0.247096085524218 0.250797725869252 0.260297091148415 0.2671718264781 0.275768984767437 0.287342499530455 0.298676979084383 0.304045194764057 -9999 -9999 -9999 -9999 -9999 -9999 -9999 -9999 -9999 -9999 -9999 -9999 -9999 -9999 -9999 -9999 -9999 -9999 -9999 -9999 -9999 -9999 -9999 -9999
0.434730940460146 0.433427047110149 0.432476090429193 0.431333121739612 0.429753096297148 0.427183408840831 0.422921651998936 0.418551404641588 0.412656057306671 0.404678224930264 0.400250427959203 0.381858704326916 0.375506208118352 0.363205247157536 0.352688166438407 0.339995881339063 0.330089749900429 0.323406160937606 0.311125815431569 0.297575222371428 0.285021054600037 0.268954613811083 0.250319990779381 0.244938943845358 0.251079226727789 0.252683429171092 0.253525031544842 0.257000829835556 0.263594930140476 0.272593918527667 0.285718281134477 0.294074333859521 -9999 -9999 -9999 -9999 -9999 -9999 -9999 -9999 -9999 -9999 -9999 -9999 -9999 -9999 -9999 -9999 -9999 -9999 -9999 -9999 -9999 -9999 -9999 -9999 -9999
0.432301852509928 0.43098895804713 0.429609056761532 0.428241014045214 0.426946274428413 0.425038721742207 0.422197546647754 0.418245411987823 0.41278925599409 0.405462964281287 0.39951297237548 0.39042627866242 0.375170709457499 0.36285508706156 0.353395599821802 0.341497640314419 0.331003391456457 0.323088370172516 0.312401357740321 0.301072990249196 0.287476095492241 0.269439567743577 0.251030562649175 0.244061534626531 0.24890062618373 0.251922374060233 0.252166345891084 0.255361991088866 0.262632727462873 0.27236618976577 0.278289359797882 -9999 -9999 -9999 -9999 -9999 -9999 -9999 -9999 -9999 -9999 -9999 -9999 -9999 -9999 -9999 -9999 -9999 -9999 -9999 -9999 -9999 -9999 -9999 -9999 -9999 -9999
0.429284344262163 0.427832425367406 0.426414504252215 0.424859833947994 0.422899575138799 0.42104235425381 0.419302651735975 0.416750715959538 0.412485341389241 0.406001240611697 0.400056349400275 0.390850424099219 0.376086770168821 0.363393642493741 0.352665107030677 0.340537605744286 0.331591363268524 0.323547722916683 0.313363491770834 0.304314527995747 0.290245395840323 0.271619868793009 0.262464786788123 0.261619432684791 0.258116809407459 0.255230543193356 0.252916159525756 0.257585162097671 0.264125888228329 0.270848384357084 0.275869803987754 -9999 -9999 -9999 -9999 -9999 -9999 -9999 -9999 -9999 -9999 -9999 -9999 -9999 -9999 -9999 -9999 -9999 -9999 -9999 -9999 -9999 -9999 -9999 -9999 -9999 -9999
0.42539703396276 0.424660021750948 0.423765980233832 0.422140170067423 0.421167805998414 0.419801503076311 0.417292188542842 0.414785978731748 0.411310816785666 0.405891692549755 0.400648489722331 0.392183446169969 0.378475422554921 0.366638078619277 0.356545023925431 0.344083723400614 0.33737130025406 0.33265464929488 0.322362004124049 0.313533989081254 0.300217395682852 0.279918605335489 0.267123200217576 0.264603200101899 0.262747616467327 0.262186872926879 0.260333891183895 0.265084232802366 0.272442537099875 -9999 -9999 -9999 -9999 -9999 -9999 -9999 -9999 -9999 -9999 -9999 -9999 -9999 -9999 -9999 -9999 -9999 -9999 -9999 -9999 -9999 -9999 -9999 -9999 -9999 -9999 -9999 -9999
0.423750640724418 0.422814529384932 0.422202950209405 0.421015699746285 0.419266007196802 0.416881766567094 0.414791847767581 0.412881441503427 0.409504268048838 0.405364668230486 0.401135820833003 0.39303300353505 0.382646436934587 0.372902932974192 0.363590317284859 0.355306803988086 0.347547014883403 0.340465042596231 0.3285485018098 0.318275773362375 0.309173863561621 0.293628629136712 0.270214197237656 0.262202579062523 0.269360644676773 0.266136545002763 0.266428209061291 0.274205178347132 0.279681984693993 -9999 -9999 -9999 -9999 -9999 -9999 -9999 -9999 -9999 -9999 -9999 -9999 -9999 -9999 -9999 -9999 -9999 -9999 -9999 -9999 -9999 -9999 -9999 -9999 -9999 -9999 -9999 -9999
0.420728776859853 0.42004719242055 0.418997768677913 0.417866541632737 0.416415501683937 0.414364116083801 0.412145643013306 0.410344296673267 0.40803816405074 0.404786865997977 0.401535431675407 0.400325182506488 -9999 0.37942137701825 0.373672338242341 0.365283873295218 0.357685223000757 0.350807160642357 0.341542445609983 0.331329716846 0.321067877375362 0.303584779259296 0.28337720699117 0.272989805260041 0.273448601405537 0.281181452306854 0.286624222628748 0.287814743325965 -9999 -9999 -9999 -9999 -9999 -9999 -9999 -9999 -9999 -9999 -9999 -9999 -9999 -9999 -9999 -9999 -9999 -9999 -9999 -9999 -9999 -9999 -9999 -9999 -9999 -9999 -9999 -9999 -9999
0.416776153386092 0.416267670716086 0.415924511849249 0.415483697407208 0.414438558120922 0.413272854534783 0.411882254635893 0.410036795371818 0.407525063889699 0.404594479824358 0.401906582333576 0.398862835792382 -9999 -9999 -9999 -9999 -9999 0.358800049111637 0.349328419531014 0.340275235840422 0.332773007287374 0.314596745314553 0.301737358323584 0.305706329114567 0.305728733220085 0.305609402368554 0.305942009876288 -9999 -9999 -9999 -9999 -9999 -9999 -9999 -9999 -9999 -9999 -9999 -9999 -9999 -9999 -9999 -9999 -9999 -9999 -9999 -9999 -9999 -9999 -9999 -9999 -9999 -9999 -9999 -9999 -9999 -9999
0.413539042970878 0.413531083234764 0.413835179419215 0.413841244982035 0.413170119906223 0.412078823715617 0.410821344754248 0.409422054854284 0.407172556656726 0.404720183305987 0.40230137037388 0.398879361760862 0.395352306676736 0.392396621667496 0.389920818309687 -9999 -9999 -9999 0.353052673031925 0.347449832269304 0.346620879161195 -9999 0.321379151460091 0.321437945145171 0.31810360979485 -9999 -9999 -9999 -9999 -9999 -9999 -9999 -9999 -9999 -9999 -9999 -9999 -9999 -9999 -9999 -9999 -9999 -9999 -9999 -9999 -9999 -9999 -9999 -9999 -9999 -9999 -9999 -9999 -9999 -9999 -9999 -9999
0.408582194460787 0.409491259798164 0.410371609074795 0.410546013701752 0.410539994408842 0.410424344504962 0.409842604583061 0.408892169511133 0.407183596188367 0.404757250475376 0.402542247374423 0.399939575431112 0.396167160368758 0.392688424720876 0.390170020216511 0.389568614788593 -9999 -9999 -9999 -9999 -9999 -9999 -9999 -9999 -9999 -9999 -9999 -9999 -9999 -9999 -9999 -9999 -9999 -9999 -9999 -9999 -9999 -9999 -9999 -9999 -9999 -9999 -9999 -9999 -9999 -9999 -9999 -9999 -9999 -9999 -9999 -9999 -9999 -9999 -9999 -9999 -9999
0.402968930822228 0.404158356544212 0.405750335904213 0.406718207525445 0.40747038227994 0.408334667287923 0.408523248703674 0.408350435085994 0.407424693676373 0.40555040159787 0.403639562017276 0.401853125516157 0.399130905451185 0.395855551336887 0.392915523637975 0.391943601482948 -9999 -9999 -9999 -9999 -9999 -9999 -9999 -9999 -9999 -9999 -9999 -9999 -9999 -9999 -9999 -9999 -9999 -9999 -9999 -9999 -9999 -9999 -9999 -9999 -9999 -9999 -9999 -9999 -9999 -9999 -9999 -9999 -9999 -9999 -9999 -9999 -9999 -9999 -9999 -9999 -9999
