layers/veg/veg3000.asc
NCOLS 255 
NROWS 330 
XLLCORNER -2985163.8955 
YLLCORNER -3022031.214 
CELLSIZE 25000 
NODATA_value -9999 
[rows 234 to 259 of 330, columns 58 to 115 of 255]
-9999 -9999 -9999 -9999 -9999 -9999 -9999 -9999 -9999 -9999 -9999 -9999 -9999 -9999 0.561835892583639 0.548174329506712 0.506406592335485 0.477497651961174 0.477215358415103 0.44936113825316 0.398898988282395 0.302295714508204 0.217836673838278 0.192422706635855 0.204496586585131 0.239374701263702 0.180850957437193 0.17863111715664 0.216543451459281 0.227216495053625 0.212374486552225 0.197584345937386 0.185246337349044 0.187558431392262 0.190111793817625 0.183072739168504 0.190733980772875 0.183224431844796 0.170507473970384 0.159366830522151 0.148468194748704 0.136110932026284 0.126507452243174 0.112181602315554 0.107270993597836 0.102790770280367 0.0975334685481885 0.0926006712348711 0.0909980429196058 0.0875847231858381 0.0802606482757744 0.0717032350441091 0.0652847044853179 0.0572558399304202 0.0579288508782458 0.0600237722866387 0.0625547668017258 0.0636632534550474
-9999 -9999 -9999 -9999 -9999 -9999 -9999 -9999 -9999 -9999 -9999 -9999 -9999 -9999 0.553749251539632 0.541713141797486 0.505215436542119 0.499486429438608 0.485041937596662 0.45475586596438 0.403424092326285 0.322284869981542 0.248082929861177 0.252904740205739 0.2610322398491 0.262004371578942 0.241973664749763 0.214807301017996 0.213630750288968 0.225327232889006 0.203828381708338 0.208960415736546 0.210899094130304 0.20728402772483 0.204283669945991 0.19604161320861 0.190677893578562 0.182837787330026 0.172999150102272 0.164638606164033 0.154611628662179 0.144655917288269 0.13750793803672 0.121581014964324 0.107397132028753 0.103495935219015 0.0991069108688693 0.0978880406121236 0.0954119813595781 0.0902227182245093 0.0808047671845677 0.0724577827133089 0.0643472384611445 0.0470556268249968 0.0477620788582307 0.0582830679256306 0.0626817859861828 0.0658991381639119
-9999 -9999 -9999 -9999 -9999 -9999 -9999 -9999 -9999 -9999 -9999 -9999 -9999 -9999 0.545103456654358 0.527782042939793 0.489597438510432 0.508266373474963 0.496167854751647 0.466580070265665 0.423124525750185 0.346324928048711 0.257419619173232 0.230729739213851 0.233742292306637 0.210699630330315 0.258432884911364 0.240233275808366 0.230851326539749 0.235567132768115 0.203044183026133 0.2144232768878 0.23079696588807 0.22406688081365 0.218911256445123 0.206401299491449 0.196507626018547 0.188056358426826 0.177833422584641 0.16912262008987 0.160748339852357 0.151675080060962 0.144318321776841 0.129744419375966 0.11727796479853 0.111979857559163 0.105629710489026 0.102637041532901 0.0998877356780773 0.0926244299362829 0.0847155167622824 0.0767700929071138 0.0703434173936228 0.0459952205013562 0.0374366474097981 0.05769709302383 0.063781100722066 0.0692166265656873
-9999 -9999 -9999 -9999 -9999 -9999 -9999 -9999 -9999 -9999 -9999 -9999 -9999 -9999 0.544818901344815 0.523686812420538 0.474172031709876 0.505577889334378 0.5049238269544 0.47757810061271 0.420389301483145 0.360704398711403 0.249262971870841 0.1977676826706 0.267752796860187 0.201490191584196 0.269663669844344 0.274720593244006 0.254736522826375 0.258435700358991 0.25160317859372 0.238522248290072 0.237563447014213 0.230961207915762 0.229070748832301 0.218753710954814 0.207368953143903 0.198214314690336 0.186056148743275 0.175987511593236 0.167241280611613 0.155954667310949 0.144142599591534 0.133592513805332 0.121878997891885 0.121374344155776 0.1212501268037 0.117234679556195 0.113052143069714 0.102867642379809 0.0902014457821826 0.0852168614430229 0.0807659647751965 0.0708833231628383 0.057316546304651 0.0656683326491845 0.0655070786063704 0.0728265529629522
-9999 -9999 -9999 -9999 -9999 -9999 -9999 -9999 -9999 -9999 -9999 -9999 -9999 -9999 0.541894146916538 0.533584862484371 0.492079252199446 0.507357693301936 0.507758055534609 0.475971436820467 0.417420075407573 0.370626895234882 0.315470395431415 0.235649070239365 0.271154943689641 0.246526224602653 0.262710087106529 0.290337508021963 0.266269713940961 0.276150522873222 0.293583429758213 0.277568434957953 0.245969596182587 0.236304069520691 0.231502110162976 0.223521487703336 0.214580022548984 0.209147768022556 0.194126666942598 0.184065963924979 0.174683717601853 0.164075469819086 0.153827032981077 0.142296425918193 0.131901142511178 0.126943725690022 0.124137064942062 0.125913232895606 0.127190177693332 0.111218949796939 0.112015633035228 0.0977352623444563 0.0919296805973115 0.0847172799072178 0.0824335944368394 0.0820237822644701 0.0786432860601471 0.0817956352804397
-9999 -9999 -9999 -9999 -9999 -9999 -9999 -9999 -9999 -9999 -9999 -9999 -9999 -9999 0.541375970713049 0.537722741337851 0.535474970980541 0.527000467584521 0.510166168620286 0.476623290348795 0.439925181586328 0.378492762678974 0.326562292884107 0.269054189716865 0.285502187468627 0.294104952535641 0.302499271332085 0.302316636222309 0.286437313270531 0.299054155412926 0.286469513922511 0.279251087479812 0.267342914893166 0.25041978972675 0.236117891631432 0.223247116697414 0.217726311205423 0.215925026079695 0.204243309261981 0.193456520762609 0.183538576453085 0.172885864559285 0.163975836919911 0.153257684145562 0.144146205989484 0.134890120742457 0.133853053929566 0.134666070633419 0.130182991346653 0.122269524069952 0.118003808376401 0.109821106465456 0.10534926132495 0.100676581825511 0.0966055718058737 0.094272462643291 0.0922047085507846 0.0926999937733877
-9999 -9999 -9999 -9999 -9999 -9999 -9999 -9999 -9999 -9999 -9999 -9999 -9999 -9999 -9999 0.523293740519249 0.534142257437725 0.532514852903289 0.522057688504334 0.495572905451347 0.457058310095143 0.394015411607434 0.327687378242379 0.294785651075325 0.279706922025536 0.308065577107199 0.315430095179406 0.310258293772712 0.305495422170923 0.296325719259644 0.28889919979732 0.284969486089559 0.286446763914676 0.270378660674047 0.257610325087896 0.238720556872323 0.226658807293937 0.219572798814701 0.213964628152592 0.202128954746691 0.190989617560812 0.180451866631942 0.171552072031551 0.16230861552397 0.153389165395961 0.143654432729638 0.140294508525708 0.13700965832552 0.130096666682002 0.125623879706788 0.120470375519002 0.118847738816885 0.115551829700269 0.107562800288442 0.0995734594839377 0.107603617544389 0.107936512171049 0.108418505861774
-9999 -9999 -9999 -9999 -9999 -9999 -9999 -9999 -9999 -9999 -9999 -9999 -9999 -9999 -9999 0.569161446397792 0.54889476998174 0.552441509791402 0.534205228922863 0.509932120983638 0.452123121330204 0.386943040683142 0.355615151091848 0.315971191062995 0.284032035430251 0.301978370674571 0.306462524123789 0.312759377957729 0.309923352432008 0.302613386825131 0.307631289036812 0.303696262037613 0.297030483953899 0.288049387468765 0.2738119025019 0.249297359032359 0.237748953930676 0.227864937955904 0.217609733837291 0.208600266993027 0.197132007526073 0.186544544554653 0.177517100784076 0.168450553591332 0.159142321205826 0.15074879508777 0.143542809098055 0.138395122578152 0.134128915361901 0.129246943730564 0.126645872714744 0.124419350818261 0.121636526195696 0.120810095210625 0.120372636878429 0.114150376159516 0.113304281690746 0.113840760781433
-9999 -9999 -9999 -9999 -9999 -9999 -9999 -9999 -9999 -9999 -9999 -9999 -9999 -9999 -9999 -9999 0.592497853633009 0.580534432651492 0.559160561016823 0.53249548005032 0.501744681423039 0.383835232524177 0.351368269157736 0.330338215535449 0.307822752862893 0.296357146132514 0.300541196229116 0.30733362253152 0.309163669242078 0.308921964554438 0.309106168261635 0.308897325009917 0.300967269106376 0.277031095628618 0.262409087935644 0.248794750788962 0.24342711763113 0.244161077466969 0.233567706285077 0.217496600039987 0.208206372885761 0.193004132721833 0.183536390406276 0.174129882071999 0.164944794386197 0.156502315170296 0.148603552254463 0.143172830429287 0.140030595970231 0.135105580259931 0.132748690147829 0.129229960431026 0.126718721905548 0.126940772702981 0.122542030220913 -9999 -9999 -9999
-9999 -9999 -9999 -9999 -9999 -9999 -9999 -9999 -9999 -9999 -9999 -9999 -9999 -9999 -9999 -9999 0.613209127675529 0.593755913179916 0.570710315843957 0.53967602070698 0.464033266669552 0.402221296462549 0.3421292771122 0.358564781441001 0.338362677087387 0.299633152917486 0.312056474214846 0.323432768751575 0.329022391828261 0.330987629060873 0.325855679152699 0.313789835697862 0.280459633785792 0.260707380896315 0.26513972441707 0.264055428498189 0.259990016515367 0.243409034784429 0.229618437993169 0.219428644777972 0.209157244280383 0.204405128817213 0.196493924179868 0.183200901147681 0.172775505547386 0.163685141323328 0.155996982076632 0.149343260890488 0.14393367964252 0.139951041935939 0.135810222249683 0.135538657757113 0.132830035357044 0.130861789144236 0.130967360935992 -9999 -9999 -9999
-9999 -9999 -9999 -9999 -9999 -9999 -9999 -9999 -9999 -9999 -9999 -9999 -9999 -9999 -9999 -9999 0.622235838046773 0.591376036644952 0.564549672797787 0.543697457303608 0.462608773531426 0.440282010807639 0.374166702063703 0.35871422942685 0.378588834153524 0.331206651268212 0.333136037715144 0.359805995145273 0.362053102087746 0.356332537754306 0.340527624374776 0.316050557865689 0.281571809233476 0.269467162867279 0.264909207134259 0.27239221192314 0.274036635418747 0.267865445738593 0.254251409659009 0.227423971399993 0.215567018314588 0.211549635604724 0.206264116864366 0.193013127425772 0.181044516147963 0.171661749857769 0.163752549439816 0.156749856528612 0.151165338754526 0.14623441517592 0.141699271723187 0.142508297237386 0.139014871914293 0.136688871071424 0.136546198234331 -9999 -9999 -9999
-9999 -9999 -9999 -9999 -9999 -9999 -9999 -9999 -9999 -9999 -9999 -9999 -9999 -9999 -9999 -9999 0.630495569967536 0.603542655761351 0.567184542747123 0.539884811066325 0.480109763617021 0.471402407605653 0.362154731983453 0.385632356981394 0.411969658958953 0.371872282399671 0.354471649704763 0.374648149445049 0.376753770990275 0.362303620065039 0.337790078756692 0.312701718427459 0.287694280451431 0.2788291219304 0.269835982631443 0.27301539390783 0.275357537674292 0.272056423889049 0.260368224775514 0.238893235726759 0.224426709611442 0.216611855735668 0.20938439597195 0.201175071843778 0.192613741912887 0.183506158033303 0.177150139310642 0.167777640956743 0.161842961259021 0.156443574935208 0.151666923505399 0.14757146872546 0.144604706396884 0.141592281023281 -9999 -9999 -9999 -9999
-9999 -9999 -9999 -9999 -9999 -9999 -9999 -9999 -9999 -9999 -9999 -9999 -9999 -9999 -9999 -9999 0.627782385927885 0.619470022841133 0.586738500905319 0.541972998772592 0.499118875714644 0.463206849596031 0.406155309094093 0.418275599082753 0.42188240882292 0.383928609798721 0.383058011130799 0.395895087773222 0.378764323414074 0.346858404952746 0.329893574873364 0.304957839854666 0.284642177923873 0.276386647011919 0.274294996264112 0.272234733947118 0.273506731319551 0.26969307225098 0.259439751772901 0.249549508962406 0.233970155275292 0.229124437031416 0.221284976125943 0.207811249044674 0.197243053593939 0.188408122430079 0.18101144107073 0.174293172015141 0.166533887248366 0.162052239949729 0.15683203201208 0.152972830605106 0.150268267334394 0.144897866561835 -9999 -9999 -9999 -9999
-9999 -9999 -9999 -9999 -9999 -9999 -9999 -9999 -9999 -9999 -9999 -9999 -9999 -9999 -9999 0.612003678835465 0.624429364036126 0.623562421774967 0.607118648481132 0.564367806998482 0.498930153499723 0.47296088110038 0.468817505153047 0.423438147944588 0.426603484970613 0.414852224143169 0.393496177380199 0.395101727722477 0.380569336221699 0.340985295293097 0.319614837645655 0.294427483406159 0.279230256967433 0.272508639489742 0.271602008041528 0.272804035884105 0.273559078981678 0.2692993182388 0.261792811884681 0.257827936711609 0.24822776213015 0.237113920402917 0.230406711932298 0.224042904378539 0.211108993353827 0.196448416834915 0.187038696543421 0.181899211297552 0.176469806276871 0.170708918143876 0.165850255202485 0.16088911668556 0.158369567070035 0.155617308880587 -9999 -9999 -9999 -9999
-9999 -9999 -9999 -9999 -9999 -9999 -9999 -9999 -9999 -9999 -9999 -9999 -9999 -9999 -9999 0.608195595093844 0.623723035480069 0.636056180176072 0.617208822699619 0.597186776057454 0.497003419102805 0.493069390546793 0.470975461056566 0.422296739943565 0.433647843020414 0.434299784048846 0.410711792724161 0.39322248753931 0.355014456664342 0.322124767884344 0.305124850342474 0.28827696191317 0.274319836458686 0.269958725746914 0.271966651680471 0.273573354333409 0.274678798626829 0.268563200423655 0.263203026321172 0.258586284984297 0.254140231574237 0.243532644322456 0.233749415238115 0.229213986074865 0.223050131379389 0.211090533490258 0.194892543973442 0.188230173722414 0.182865265478813 0.179481882202576 0.175443087821881 0.16766272918559 0.165096772933089 0.162637756587038 -9999 -9999 -9999 -9999
-9999 -9999 -9999 -9999 -9999 -9999 -9999 -9999 -9999 -9999 -9999 -9999 -9999 -9999 -9999 0.672873629863011 0.66569427194879 0.660064591561489 0.636043348790425 0.581121562450152 0.510486369612886 0.50188392250226 0.44630695017851 0.418419412525604 0.432733912290318 0.428816692773089 0.425946258009553 0.412539827359309 0.36000332378177 0.34093945630842 0.325693023156085 0.287712298324363 0.294689279678727 0.285943309015902 0.286345538032582 0.277073306958867 0.275675208071184 0.268392423918244 0.258677918194594 0.251963007892067 0.250098648355524 0.248165747868371 0.236652252847552 0.230527160769109 0.228099397849646 0.218742597495397 0.201933189090281 0.195033021423529 0.188727946370972 0.183785213123134 0.17936591406766 0.174486756329343 0.169814897240744 0.168242931448389 -9999 -9999 -9999 -9999
-9999 -9999 -9999 -9999 -9999 -9999 -9999 -9999 -9999 -9999 -9999 -9999 -9999 -9999 -9999 0.655020039281946 0.664716534764509 0.669415530288827 0.64780309977275 0.609300041097563 0.51249156657808 0.476188422828008 0.464906029617375 0.429971142028782 0.427895360172281 0.419810364512508 0.422758867610832 0.424032750805712 0.367095345518952 0.357728162059324 0.340537202758762 0.290893647412193 0.291790521673698 0.293929628997535 0.290986145988069 0.281498201923007 0.27693498297097 0.269250843034918 0.249734145112883 0.242476490978555 0.245227845026888 0.246530217902081 0.241059686839258 0.236700108185137 0.236108553026687 -9999 0.20521648189577 0.199347142665583 0.194900131094195 0.18756793268217 0.182698170387406 0.17913626902966 0.171393891121287 -9999 -9999 -9999 -9999 -9999
-9999 -9999 -9999 -9999 -9999 -9999 -9999 -9999 -9999 -9999 -9999 -9999 -9999 -9999 -9999 0.631775006966477 0.673017947320987 0.675023799221151 0.65298723649246 0.640362850582183 0.590818076668774 0.505936810407103 0.492041608636978 0.471003095167974 0.438170673395222 0.426567381492513 0.424303931505691 0.423673264603111 0.37712872416761 0.374261467685122 0.365006219933382 0.326047583208915 0.314366884284244 0.30482893946265 0.290432484030194 0.273192616440175 0.258264755963483 0.233393796760057 0.220643225590488 0.222949611719707 0.234577123755583 0.242294390387126 0.245467175058012 0.242336109089285 0.244274615939235 -9999 -9999 -9999 0.19850269059562 0.190454334880403 0.185320584872647 0.18076561614883 -9999 -9999 -9999 -9999 -9999 -9999
-9999 -9999 -9999 -9999 -9999 -9999 -9999 -9999 -9999 -9999 -9999 -9999 -9999 -9999 -9999 0.66688654164677 0.686705400692464 0.682864524903499 0.66907749364354 0.626793048225549 0.610420098852559 0.574241477342931 0.499396168408981 0.497864194575031 0.463596398970594 0.448049990652867 0.433964444383053 0.408371000418821 0.392164223854641 0.390011717999111 0.377626328917102 0.351942429346764 0.332992419098776 0.311984274739544 0.28897109996563 0.267145102304011 0.241979930143945 0.226011553156773 0.196610546828446 0.21410891385384 0.231118944153867 0.245785741562084 0.249744139062787 0.245967697195051 0.249984588025334 -9999 -9999 -9999 -9999 -9999 -9999 -9999 -9999 -9999 -9999 -9999 -9999 -9999
-9999 -9999 -9999 -9999 -9999 -9999 -9999 -9999 -9999 -9999 -9999 -9999 -9999 -9999 0.724817260054366 0.705208210240831 0.703939393711638 0.698520417585794 0.682551371153786 0.642324733055973 0.568866500222124 0.584387391153877 0.51801033005513 0.46339674881011 0.445019929503648 0.466422197144513 0.438384100695305 0.400697284259933 0.401511498680733 0.395145795729995 0.368703067336976 0.345315963806906 0.340967126294911 0.310822625435067 0.292072001099263 0.27630403978227 0.249908035888319 0.254438742994087 0.224268561952398 0.23264789244007 0.245311311300104 0.250419136993698 0.250129023075165 0.24663069969844 0.254821909189342 -9999 -9999 -9999 -9999 -9999 -9999 -9999 -9999 -9999 -9999 -9999 -9999 -9999
-9999 -9999 -9999 -9999 -9999 -9999 -9999 -9999 -9999 -9999 -9999 -9999 -9999 -9999 -9999 0.717219397910157 0.719324659861961 0.715020781468811 0.686452583619405 0.648745647583903 0.591898468706868 0.570816745055082 0.509760023130772 0.525512626747882 0.467460256917421 0.475901739046662 0.472161033264019 0.43834972057853 0.414142700457369 0.390240500043466 0.360196401537035 0.338776111029728 0.32539395271582 0.312247838194801 0.287884668391108 0.281581115429159 0.262617211608182 0.269925731559561 0.275590643607083 0.264700062814487 0.263133803097794 0.262799241351138 0.261094433987046 0.256176530381501 0.261886822686624 -9999 -9999 -9999 0.237013623021062 -9999 -9999 -9999 -9999 -9999 -9999 -9999 -9999 -9999
-9999 -9999 -9999 -9999 -9999 -9999 -9999 -9999 -9999 -9999 -9999 -9999 -9999 -9999 -9999 0.744452728534899 0.737701307182748 0.722622302408331 0.666261920020628 0.660176459982991 0.610966775945038 0.587952542430954 0.564985065173021 0.508031122621631 0.530835240235287 0.508938775958145 0.492115756983016 0.478860008391159 0.444584107066713 0.404746347040776 0.372600724773602 0.347326407567558 0.297352260658473 0.309285162578274 0.283705523908199 0.286962435408722 0.287271038461189 0.294553303380679 0.29975624798358 0.283685374886751 0.277937400299045 0.277623863773266 0.275674481117218 0.272925806612808 0.274046292706554 0.266208285757728 -9999 -9999 0.237126862830443 0.234393696246554 -9999 -9999 -9999 -9999 -9999 -9999 -9999 -9999
-9999 -9999 -9999 -9999 -9999 -9999 -9999 -9999 -9999 -9999 -9999 -9999 -9999 -9999 0.704573957118983 0.741988257703327 0.747191164911052 0.74458838856618 0.675152128017283 0.672935476040852 0.61791755161575 0.55743046294981 0.563396318715638 0.514872721050371 0.565100698220213 0.535027401711055 0.524646768074357 0.483350237666356 0.467882540146173 0.440759585405276 0.396300332030409 0.354780324772803 0.307638280511813 0.318022395502586 0.305089083734953 0.296172166257414 0.303624538088713 0.316297791595113 0.315318139402941 0.3021516009125 0.293689898772317 0.295471915749235 0.28987907561071 0.285455164710528 0.282275990644407 0.270922213959878 0.265355768760183 0.251584231639675 0.248684250528379 0.240484609412497 -9999 -9999 -9999 -9999 -9999 -9999 -9999 -9999
-9999 -9999 -9999 -9999 -9999 -9999 -9999 -9999 -9999 -9999 -9999 -9999 -9999 -9999 0.698279495227265 0.7280354754082 0.748502717754575 0.745085212161385 -9999 0.662095479595926 0.634918371154179 0.575202685952655 0.586037752508471 0.58356488515608 0.543305983726606 0.534249335877845 0.527406156775343 0.481548026600886 0.466113131432744 0.464277568644341 0.42247243133871 0.387505391896168 0.366217856418451 0.363330885573664 0.34205285342309 0.310461067446588 0.307311822965748 0.325571093166845 0.343182796187601 0.329814950725576 0.3156828039737 0.312457809964111 0.303878863753067 0.296394750496875 0.290183456864049 0.277702424490739 0.265679491742356 0.254926270947337 0.258339589639406 0.246542766358112 -9999 -9999 -9999 -9999 -9999 -9999 -9999 -9999
-9999 -9999 -9999 -9999 -9999 -9999 -9999 -9999 -9999 -9999 -9999 -9999 -9999 -9999 0.730682674144282 0.716451210521486 0.761174903952723 -9999 -9999 0.624007486082417 0.639914448230644 0.59040396158097 0.589477644734707 0.597775107610004 0.531037936320418 0.552493172197018 0.553361609817015 0.538954825695489 0.509839914573399 0.498689468124752 0.432876774610646 0.40231189703347 0.353336889532125 0.365627628856819 0.340197611407986 0.327276141666659 0.328538216717497 0.347674726160544 0.374829745884744 0.357489101386934 0.338006140265623 0.325429163928937 0.314045932612643 0.305078242118397 0.296285289727606 0.289695335082933 0.282590233312044 0.260807308334157 0.263740404966633 0.256195133349473 -9999 -9999 -9999 -9999 -9999 -9999 -9999 -9999
-9999 -9999 -9999 -9999 -9999 -9999 -9999 -9999 -9999 -9999 -9999 -9999 -9999 -9999 0.766670513843472 0.764813237896189 0.763514056428788 -9999 -9999 0.655069137783256 0.615140075115467 0.559353886175048 0.552934997610677 0.5863029970309 0.553630284461413 0.563029376359178 0.565625044390535 0.541412361477304 0.497888348416909 0.469914632128968 0.448167446681182 0.416655777737957 0.405808831321498 0.364647782958367 0.34715250541923 0.365913995384242 0.373056536845859 0.392961172415364 0.390229829869206 0.373439514730407 0.350402045333674 0.334095768690689 0.32492195651509 0.314255559365177 0.306866128048232 0.298320118063553 0.285646024634778 0.263427193405687 0.26518195516221 -9999 -9999 -9999 -9999 -9999 -9999 -9999 -9999 -9999
