layers/veg/veg3000.asc
NCOLS 255 
NROWS 330 
XLLCORNER -2985163.8955 
YLLCORNER -3022031.214 
CELLSIZE 25000 
NODATA_value -9999 
[rows 182 to 207 of 330, columns 116 to 173 of 255]
0.0691510210116564 0.0713411655872351 0.0733746898591565 0.0768242697017858 0.0799242822232441 0.0851460839771776 0.0906604878425841 0.09656692660779 0.102888221273835 0.108452179954285 0.116317584290187 0.124606211651587 0.132647319117517 0.139779135010179 0.149736307603424 0.156863432709498 0.166554306166112 0.180569609176693 0.190630038526208 0.19535376580683 0.207293869028536 0.221366532619376 0.231469047970636 0.255718395896486 0.272174088618756 0.2699075197312 0.274689121537611 0.277508152720887 0.296347822419158 0.299496945279957 0.323091987904645 0.333519799846221 0.332627979527361 0.328967946206972 0.337806321049827 0.352872298437601 0.372480729193792 0.383154647340005 0.40066148405712 0.409728098207975 0.41356011912073 0.417833342399797 0.430097382847155 0.438054841510922 0.43922203211325 0.498722554208319 0.561808472979291 -9999 -9999 -9999 -9999 -9999 -9999 -9999 -9999 -9999 -9999 -9999
0.0665266025572063 0.0686704000952029 0.0709879697635867 0.074290410770499 0.0778519697846716 0.0826356366259552 0.0881092378365307 0.0938977835340377 0.100171009174242 0.105679018844642 0.113438717916122 0.121495993638708 0.128749975852638 0.136405381926894 0.147335186951708 0.157284554339187 0.167371561048382 0.179129308715117 0.188097516726175 0.18964529316532 0.200121204746988 0.21989641264372 0.232503124988135 0.253826343922631 0.267181797149968 0.255559192963792 0.262217116003415 0.279830463339408 0.291775666137469 0.298434248215353 0.312422818992469 0.329352633716792 0.328550451621139 0.324527481204237 0.326690837870448 0.341481041083994 0.36391378672724 0.382176086183558 0.395986577954044 0.403505144489511 0.414215675863531 0.418705306063207 0.426120969656452 0.439703134916718 0.462888413559111 0.52410666879039 0.555861537446692 -9999 -9999 -9999 -9999 -9999 -9999 -9999 -9999 -9999 -9999 -9999
0.064093662501062 0.0661659038546778 0.0685225920326523 0.071728316414179 0.0755716773543733 0.0800764061927568 0.0856759973768123 0.0913695768552884 0.0976965836657176 0.102951231885876 0.110537095728958 0.11831463965405 0.126896655434687 0.134956423254619 0.143420433004069 0.153604700336436 0.165007879768542 0.176067732829134 0.18417777101179 0.188428275297343 0.204521073017838 0.216453986339266 0.240415197678673 0.252354865980859 0.248794199226151 0.255000361444318 0.270714899891495 0.288918370369003 0.306262418264469 0.317729700904953 0.320674354131874 0.333139050306342 0.327926260047557 0.322882642916577 0.322072254974245 0.329528640183717 0.348708886609511 0.363457121565937 0.378481077634729 0.392735645496527 0.414755740400214 0.422448139788856 0.420809502674175 0.453004527436638 0.502900411007357 0.539476178195209 0.557948090864222 -9999 -9999 -9999 -9999 -9999 -9999 -9999 -9999 -9999 -9999 -9999
0.0619442642571981 0.0641840006297269 0.0662925705343255 0.0695271121367297 0.0730520574815747 0.0779751624368436 0.0833337529763614 0.0891292761713131 0.0953949307229864 0.10054232088518 0.10765549037354 0.115259442288752 0.123782481746542 0.131638534742813 0.138528140132693 0.147679378079476 0.160731140648389 0.17338285259056 0.1780679640999 0.189718054154365 0.207834819868179 0.223287568199877 0.230618449568304 0.236774483086446 0.238038825961216 0.261868725417432 0.280633865250596 0.292871919388145 0.313540540511424 0.328195605711789 0.335043529492567 0.340741428802443 0.335055426022266 0.328532649983204 0.329984919859816 0.334264167833079 0.351167655253605 0.350135793317855 0.362113247332951 0.387876465757699 0.412995188172544 0.431495322500011 0.428078963965334 0.47112096107802 0.517854659048249 0.544290386827588 -9999 -9999 -9999 -9999 -9999 -9999 -9999 -9999 -9999 -9999 -9999 -9999
0.0600666568498417 0.0620293442979646 0.0643427359573319 0.0672231876716118 0.0707013063898925 0.0755589695431735 0.0810664669898713 0.0869026243530366 0.0931771701462498 0.0983193754478342 0.105416404381654 0.11296982683632 0.121177916018724 0.130129477366549 0.139642629273516 0.148167976592318 0.159122351225125 0.170400809837256 0.179097115893648 0.191967272607575 0.204649453546267 0.212903230593352 0.216287756196742 0.232997470432393 0.244234570006212 0.271920615929356 0.283580954775842 0.296370641436596 0.316218042909184 0.331558864287008 0.346531962163247 0.353580058572862 0.352333456362829 0.344680180889641 0.349916293173369 0.361858310484313 0.368463126502357 0.361841227858065 0.369480699585214 0.37412391425313 0.400801268024046 0.44244871408306 0.460909591768911 0.480120693558115 0.513436267758135 0.536524237715516 -9999 -9999 -9999 -9999 -9999 -9999 -9999 -9999 -9999 -9999 -9999 -9999
0.0585737207935651 0.0605925396392954 0.0627746636022706 0.0656539802833975 0.0692605018239557 0.0738138766280484 0.0794647237958867 0.0852746444286293 0.0907147630751085 0.0950897950963513 0.102335838560287 0.110935092927777 0.119968160670943 0.128743329773484 0.13844139002243 0.146650924285109 0.157570502798044 0.169563632304746 0.180517595884447 0.193116442042788 0.200285912132181 0.201704092528243 0.208871388009554 0.233770342866114 0.256278205913083 0.275861839666676 0.283525503570544 0.295155628171169 0.318119253325148 0.330920487495557 0.347182221057263 0.365973986265554 0.369375531384514 0.368863860890173 0.383201541397273 0.370095696999522 0.363218810164572 0.372560016659037 0.385411267082616 0.376293197686389 0.400264216085991 0.454465185229224 0.458966346320598 0.471673655020501 0.504087799212139 0.535671421936948 0.552890972302211 -9999 -9999 -9999 -9999 -9999 -9999 -9999 -9999 -9999 -9999 -9999
0.0570559186718396 0.059010672310685 0.0609471200445154 0.0637520449799025 0.0673327051035227 0.0718877560611454 0.0776450741050416 0.0831296104710732 0.0877812569556755 0.0924602786423993 0.0996228367174052 0.107846393027358 0.116806239922123 0.126027482120747 0.136277260340651 0.144622611735363 0.154854656715227 0.167251996611428 0.177679962885043 0.189225515098758 0.195365951171701 0.201023476487476 0.213455531328246 0.237849849737544 0.261270264815651 0.273739239779207 0.281179615780596 0.288678124956058 0.315278511671548 0.325410110466153 0.33425681722917 0.347585397229019 0.371060413255181 0.383604198163881 0.382722259338616 0.373011512097908 0.372295671722009 0.373423861020911 0.388609739536553 0.380019144104269 0.394147139540887 0.446220394080797 0.455320107359206 0.465933372607878 0.49800205267814 0.536488518550776 0.554824399542172 -9999 -9999 -9999 -9999 -9999 -9999 -9999 -9999 -9999 -9999 -9999
0.0554528874851949 0.0571173164231967 0.0589555221937282 0.0618453366207496 0.0652976996099605 0.0698654042769549 0.0756900091671529 0.0808269170900176 0.0848481984367926 0.0898507185616577 0.0969111192269221 0.104835515202159 0.113353123806716 0.12299778514919 0.133726623094441 0.142107302034374 0.152103228238057 0.163701189410872 0.172794953924599 0.183793064455428 0.194636837216989 0.20731777647675 0.224468579000408 0.240696769714937 0.255271635259581 0.268519308883231 0.275523726521668 0.285045188083836 0.299241283583415 0.319366276763305 0.328673716105131 0.33588757697992 0.352611539547112 0.370331034697695 0.379573557568709 0.378086221988812 0.378441183151223 0.378368954541508 0.385849935744819 0.383938250750265 0.394176780424609 0.427199165237617 0.443014176914883 0.455619778071567 0.485763606306768 0.530876524684541 0.543559680483197 -9999 -9999 -9999 -9999 -9999 -9999 -9999 -9999 -9999 -9999 -9999
0.0536667302496615 0.0551389860985881 0.0569800699532357 0.059888102824972 0.0631797292276538 0.0677486259709101 0.0736688837107135 0.0784938673397633 0.0821042518937335 0.0871844698900391 0.0942820842361527 0.102386989140269 0.110851366444812 0.120571013238588 0.131088347499457 0.139135844860749 0.149898483795219 0.160568336881538 0.170284161605171 0.1835896795791 0.200128800390782 0.208406043351013 0.22634622094582 0.231246650622345 0.241845505979887 0.260739185498263 0.267993388566186 0.276696008155554 0.293037498387108 0.316241320942788 0.323841963078551 0.334672279908526 0.359601740898088 0.370875557994071 0.37147539592924 0.371614362566607 0.378110659885982 0.382446207332913 0.381889899799297 0.382533223532684 0.387593675961917 0.397079060257357 0.408348328455008 0.428733724012469 0.447413017508308 0.507903514104442 0.540692659042063 -9999 -9999 -9999 -9999 -9999 -9999 -9999 -9999 -9999 -9999 -9999
0.0517242875864472 0.053283197266719 0.0551657363878439 0.0577979966150577 0.060953981887388 0.065626595614728 0.0716017314435747 0.0760469305197178 0.0795972904442706 0.0846536260678159 0.0921506381940292 0.100197995324702 0.109058771502509 0.118614999600961 0.12862665679355 0.136418814325415 0.14669062021003 0.157740261941835 0.170049179643774 0.186179021565139 0.198797685569149 0.210144867144264 0.219720027904905 0.233954470061665 0.243771251641936 0.258692987488886 0.271713424335444 0.282073971535253 0.294572691921833 0.314934236679558 0.325722694504146 0.336241249949707 0.356973465546497 0.364010756982828 0.366636109614571 0.367487025337788 0.373736443448242 0.380948843187206 0.378017858019513 0.374383241474522 0.364865432756807 0.361695121400488 0.372799609915407 0.42779046419766 0.441216317794311 0.525259221683092 0.54307378245513 -9999 -9999 -9999 -9999 -9999 -9999 -9999 -9999 -9999 -9999 -9999
0.0498704257445922 0.0514613181635887 0.0534471843880203 0.0557777542120189 0.0589116362213522 0.0638364831222301 0.0695170520528318 0.0734509876038189 0.0774167067188528 0.0821007515886458 0.0905076639467598 0.0986043151896093 0.107229626150281 0.116354469473051 0.125921252668181 0.133717721784509 0.144387459384103 0.155896105391082 0.170335038649364 0.184501768847542 0.196683894569469 0.208127591185592 0.2171445710823 0.230399259211155 0.24317759219195 0.262135487837078 0.274893289192834 0.282826421487041 0.296794019323628 0.316908636687863 0.330303874490176 0.342376729034825 0.35080836554958 0.35527612132236 0.365848424576366 0.371406285426019 0.370584390375074 0.375024993475194 0.375929444331558 0.374842339324543 0.369044347217684 0.341973519837091 0.388041472676095 0.460736920020757 0.482657846440222 0.537171687455128 -9999 -9999 -9999 -9999 -9999 -9999 -9999 -9999 -9999 -9999 -9999 -9999
0.047984607636839 0.0496310862771126 0.0507903756781702 0.0535654755259147 0.0570999686522317 0.0625649283172491 0.0673040259380808 0.0703117473254503 0.0753106024196704 0.0813364480479927 0.0889162281876904 0.0964733573759933 0.103760133884992 0.113246262281751 0.123463501503228 0.131418550045437 0.142381571947976 0.155613897537541 0.167173768244714 0.181246155443115 0.193219838985566 0.203261973433505 0.214333540282146 0.229522084763479 0.241643565390678 0.258163131431388 0.271597659237932 0.282886675156873 0.299795349736972 0.321741272423838 0.336373737002303 0.34496588969372 0.352666479024886 0.357328758705945 0.369532050023311 0.378864038270527 0.375205455159969 0.373140740159943 0.382592728122619 0.382159695953479 0.37380945427076 0.371054861653818 0.40964060706416 0.473517836395133 0.511956747850112 -9999 -9999 -9999 -9999 -9999 -9999 -9999 -9999 -9999 -9999 -9999 -9999 -9999
0.0461227441104554 0.0479665889780588 0.048963126682143 0.0514642714088042 0.0560090530895861 0.0611041232425633 0.0637991388082629 0.0687955307086874 0.0741729558902743 0.0796218535127292 0.0853127694044674 0.0932157597904506 0.101917021994507 0.11131595549589 0.121370596152713 0.129263976288547 0.140758341614757 0.153376177061724 0.164373635396451 0.175709691539349 0.187112651792293 0.196841452138824 0.206786869716451 0.22365572024427 0.235351787403299 0.24974333242528 0.265710204802669 0.284126143410205 0.304560626153119 0.323704507707745 0.334886148141979 0.338592146420765 0.358410337264696 0.372329992129609 0.383646114851689 0.385680486388101 0.387219948144075 0.386806001352543 0.379917968456384 0.374711741908885 0.366510887497892 0.425058306011745 0.467535437615682 0.497957420202722 0.523127075444966 -9999 -9999 -9999 -9999 -9999 -9999 -9999 -9999 -9999 -9999 -9999 -9999 -9999
0.0449074113368528 0.0465395998977013 0.0475576220356882 0.0503493560371399 0.0546571085626474 0.0600104424639237 0.0618576992621964 0.0678249372715805 0.0735054782153734 0.0776647340758623 0.0825592114042528 0.091215706394412 0.100757128926556 0.10979916989337 0.119946720290142 0.127732476364046 0.138634496549413 0.150499171364482 0.161305443512687 0.171791430604279 0.182966293932273 0.189106769081649 0.197306777720092 0.215266777925045 0.227740315926586 0.243371547004277 0.259751794348824 0.284356089443725 0.31044983743348 0.317407844052744 0.314750325333886 0.332653425393297 0.343559624605857 0.363039257289648 0.38723116389887 0.404866279947651 0.38901685458215 0.379909210736878 0.380602672543925 0.387779553828261 0.389143911112175 0.472434923548801 0.502306869158802 0.512674128897715 0.524332306720759 -9999 -9999 -9999 -9999 -9999 -9999 -9999 -9999 -9999 -9999 -9999 -9999 -9999
0.0435685507320697 0.0450382122836256 0.0461361706400849 0.0493822629486334 0.0537613042861787 0.0587025001120707 0.0612015448315245 0.0667758792077653 0.0711586208147883 0.0747745256318478 0.0804199008250682 0.089220328295332 0.0991563102229712 0.108270215548853 0.118425495381058 0.126687898198887 0.137146376895076 0.148470829649449 0.158840399555715 0.170019481124257 0.180179308994969 0.182156301593933 0.192600266478072 0.212213804920204 0.225520839525359 0.241886994839313 0.251907504308283 0.282058973960361 0.31190407445077 0.317734819680511 0.316636197792019 0.350709159769894 0.364405027763258 0.381045891543402 0.390959584749674 0.389145336519515 0.383730394292065 0.37573735971055 0.376140629139661 0.389326341429528 0.414640856398227 0.495165899032462 0.505484937740213 -9999 -9999 -9999 -9999 -9999 -9999 -9999 -9999 -9999 -9999 -9999 -9999 -9999 -9999 -9999
0.0420963853247777 0.0434719524810047 0.0447922757032268 0.0485013511769638 0.0532005216970346 0.0571585138408276 0.0607252235398286 0.0653703592870534 0.068119093149956 0.071910758087801 0.0789644225818374 0.0877027855736886 0.097258302026916 0.106772735180418 0.117057588779259 0.125125701158111 0.136094101209166 0.146644336091561 0.157455850526377 0.168007668731454 0.176855447010565 0.181316109340731 0.197342470390627 0.217478280548059 0.230732662135909 0.244694495300676 0.251826709696045 0.281045387087861 0.319541013069105 0.313978335386094 0.333982537584529 0.356613055368352 0.393792166932581 0.402600330299172 0.408335129259482 0.407123750672646 0.395935778159114 0.390231578053416 0.377895737067545 0.383978562526987 0.433234608122402 0.49667927893181 -9999 -9999 -9999 -9999 -9999 -9999 -9999 -9999 -9999 -9999 -9999 -9999 -9999 -9999 -9999 -9999
0.0407478661650736 0.0419928515602892 0.0437445587502783 0.0479540723355658 0.0524771900333943 0.0557013570135451 0.059648508167908 0.0636732770505379 0.0662482892526664 0.0704006730862164 0.078218342187358 0.0875359241857309 0.0959012705182577 0.105378180718437 0.116146653821731 0.121341388331393 0.132552274941903 0.141929771027222 0.155098805244509 0.166982204502396 0.182011689375048 0.194698684123152 0.213054468430211 0.230791257641337 0.248514976966821 0.265941643627599 0.260428100715588 0.293547383966645 0.330286849256792 0.324664215437243 0.348223000200637 0.37560048829165 0.406668081443913 0.417164983682396 0.427564179100736 0.434405269068827 0.426509685813465 0.428429800642205 0.404376861329645 0.405344123840321 0.456169748470968 0.496250067437272 -9999 -9999 -9999 -9999 -9999 -9999 -9999 -9999 -9999 -9999 -9999 -9999 -9999 -9999 -9999 -9999
0.039463030252872 0.040684259837111 0.0428584748848024 0.0476078912909375 0.0514082080818512 0.0545203158956853 0.0582030111811943 0.0618900650345774 0.0653480336804734 0.069958797694694 0.0771201836965553 0.0862931224216835 0.0954711738058087 0.103095034452403 0.111184719902905 0.114515749232206 0.126787244374369 0.135123132529515 0.151390030135206 0.165158958741636 0.180123840584897 0.197484690048348 0.212212224545364 0.230532990160216 0.250960818827103 0.272809781924237 0.282011448010827 0.307224798956637 0.332478167892683 0.343173667833543 0.364125042588689 0.388961397110956 0.408349906948082 0.422319875571498 0.436476754834213 0.447548727711179 0.457506565438493 0.466204130850064 0.457509026668798 0.472487979210951 0.487002261848773 -9999 -9999 -9999 -9999 -9999 -9999 -9999 -9999 -9999 -9999 -9999 -9999 -9999 -9999 -9999 -9999 -9999
0.0385271349981331 0.0398115832505165 0.0413290226669354 0.0467707715708153 0.0502822869278521 0.0531727328546742 0.0571613220312491 0.0605024898934524 0.0649166353581257 0.0691059029064127 0.0763259192457837 0.0853228831967758 0.0936348240444972 0.101041523537584 0.110519455923608 0.115122711951434 0.122737403179531 0.133822462260377 0.147057317656909 0.164813878556795 0.177942219609717 0.194389713803277 0.211097396804022 0.229258679045595 0.250781250358954 0.273254748023045 0.289703096534934 0.309327351792889 0.331811217167115 0.353323078994459 0.372886737560446 0.392058921960893 0.405449678618046 0.418988131298748 0.435274218579415 0.44878364390069 0.454446655356598 0.46414856149833 0.463853875384648 0.480571036752999 0.486457841437274 -9999 -9999 -9999 -9999 -9999 -9999 -9999 -9999 -9999 -9999 -9999 -9999 -9999 -9999 -9999 -9999 -9999
0.0373769615181365 0.0389283990390309 0.042666770266151 0.0463873506805043 0.04965463344102 0.0525492867023447 0.0547751647632091 0.0592952975424531 0.0638027710880314 0.0682841735918959 0.075713019898408 0.0854268267391611 0.0910806012188166 0.0998867708874765 0.109650819576034 0.109674508279629 0.12106716382215 0.127174113201108 0.139552542040269 0.158770759834042 0.174350338989448 0.191257507818244 0.208774856168086 0.226886855508316 0.248682797765317 0.269787484301335 0.283059548531591 0.303453729883279 0.329261491679044 0.348710768610764 0.368045610135645 0.387077580518897 0.397382948365186 0.410382427787342 0.430724426451377 0.446952035513777 0.453245497194245 0.46717820083004 0.473498519845779 0.480793951374285 -9999 -9999 -9999 -9999 -9999 -9999 -9999 -9999 -9999 -9999 -9999 -9999 -9999 -9999 -9999 -9999 -9999 -9999
0.0369600431958981 0.038999958666317 0.0426580738181772 0.0457787546936433 0.048881885920047 0.0505706778448685 0.053788578992875 0.0579820648792597 0.0623831354617096 0.0676465691155423 0.0754798007903727 0.083884822829082 0.0886887949330488 0.0967253156246175 0.10528352337449 0.106535019452335 0.118138845888743 0.126722169353203 0.135322948472985 0.152212551751581 0.172513990255882 0.189576371682258 0.206611410736722 0.223099642886095 0.240422059972344 0.259199399155336 0.2728176346844 0.294968025238637 0.323084318094567 0.335852850288297 0.352776724550461 0.371429037352779 0.378400324619352 0.397067142119194 0.428687155000095 0.44694924956229 0.456928590100396 0.467818708725087 0.474401991106099 -9999 -9999 -9999 -9999 -9999 -9999 -9999 -9999 -9999 -9999 -9999 -9999 -9999 -9999 -9999 -9999 -9999 -9999 -9999
0.0364623467843761 0.0392546933387787 0.0423466133752417 0.0447398336680268 0.0482288909143158 0.0487255416518369 0.0528352322087883 0.0571925830397495 0.0615045766402112 0.0672927136424589 0.0756987620667894 0.0825013705643549 0.0877446980573286 0.0940000841110928 0.100578278890068 0.104917845714356 0.113850646822038 0.126019998637757 0.131752010776498 0.148124961815529 0.172015615997876 0.187607998683723 0.204696008537597 0.217903072340905 0.226782303221974 0.241380731696656 0.264077280104114 0.283467281536137 0.313572317803148 0.324038713595452 0.340070026876785 0.358413136399953 0.370470988119126 0.399792090545584 0.429141265213475 0.444109489579999 0.458210760069822 0.466619112164207 0.471665302887346 -9999 -9999 -9999 -9999 -9999 -9999 -9999 -9999 -9999 -9999 -9999 -9999 -9999 -9999 -9999 -9999 -9999 -9999 -9999
0.0364538526852129 0.0396604430075173 0.0420203332306368 0.0434493225491938 0.0466699531090276 0.0474489629724791 0.0516536438401969 0.0566558550133918 0.0612846449981604 0.0669791147125346 0.0755708018384522 0.081883574264613 0.0878903082646474 0.0940209773403622 0.0998633824326625 0.10431890538113 0.109987788461208 0.119577847143965 0.128222109725193 0.147482571725614 0.170508153987112 0.183511515362526 0.200798337109136 0.212412008988807 0.223030738199161 0.235489584942135 0.263402548060063 0.286164904080367 0.309053673588243 0.32600463522123 0.34967192273012 0.372897371275458 0.383083842702183 0.408132583999184 0.429604999276643 -9999 0.462780219021473 0.464510689971524 0.470588293564987 -9999 -9999 -9999 -9999 -9999 -9999 -9999 -9999 -9999 -9999 -9999 -9999 -9999 -9999 -9999 -9999 -9999 -9999 -9999
0.0371630871293156 0.0401216367449685 0.0416434580279395 0.0413848810134753 0.0438092282153199 0.0463662447914815 0.0510131006427356 0.0560794909424932 0.0610937087515385 0.0666634195162357 0.0752631233676991 0.0817754447337221 0.0875097977813692 0.0949908282792249 0.102762687127846 0.105843519843699 0.108936240716686 0.116323685565717 0.134674571247629 0.153146659810306 0.169561820226872 0.183131073317149 0.200078699089296 0.214921136406996 0.220471983686997 0.23627718474905 0.252236934569788 0.279140440260314 0.30018607923252 0.322459667252773 0.345613438470011 0.371963208233339 0.388832750083937 0.411596547788328 0.429153155185754 0.440868270095472 0.449985261208364 0.457972614579767 -9999 -9999 -9999 -9999 -9999 -9999 -9999 -9999 -9999 -9999 -9999 -9999 -9999 -9999 -9999 -9999 -9999 -9999 -9999 -9999
0.0374775788709913 0.0398944684628466 0.041217522358543 0.0379172983491834 0.0410816368716187 0.0453227910526831 0.0516550327731419 0.0557589177893376 0.060337586289087 0.0668616358328464 0.0767434311706488 0.0825695704537579 0.0853935961905635 0.0897016488384533 0.0993371487192321 0.104121029320966 0.106560230239365 0.116288861865178 0.140381233881878 0.15540729656922 0.168845191235769 0.179392950345357 0.195606746936875 0.216346027617034 0.232312367085711 0.246701068583661 0.25805065271608 0.274232453512094 0.294046546424691 0.317652636880233 0.340403955327222 0.371795493304677 0.391371044926813 0.412280836778308 0.428849652024977 0.44082137067295 0.449915375810927 0.455082050579236 -9999 -9999 -9999 -9999 -9999 -9999 -9999 -9999 -9999 -9999 -9999 -9999 -9999 -9999 -9999 -9999 -9999 -9999 -9999 -9999
0.0371090449442918 0.0382173048659389 0.0396794274836409 0.0367336970296141 0.0407962528562144 0.0460946472028734 0.0521711563743378 0.0557753280851402 0.0608213672562441 0.0677405545469461 0.074921827269386 0.0810220255527968 0.0858617875359172 0.0897048562484589 0.0951181969835995 0.10150637574058 0.105574372059445 0.1219310688759 0.141960976947972 0.155775548890757 0.167120123155478 0.178195522914101 0.194704876759204 0.217199312495921 0.234849984817057 0.251658868820662 0.260835132050134 0.271615174401416 0.296021327941943 0.319485753932339 0.343412523974724 0.376365059910839 0.393098755172904 -9999 0.421976541110743 0.435212545821389 -9999 -9999 -9999 -9999 -9999 -9999 -9999 -9999 -9999 -9999 -9999 -9999 -9999 -9999 -9999 -9999 -9999 -9999 -9999 -9999 -9999 -9999
