layers/veg/veg3400.asc
NCOLS 255 
NROWS 330 
XLLCORNER -2985163.8955 
YLLCORNER -3022031.214 
CELLSIZE 25000 
NODATA_value -9999 
[rows 200 to 224 of 330, columns 57 to 113 of 255]
-9999 -9999 -9999 -9999 -9999 -9999 -9999 -9999 -9999 -9999 -9999 -9999 -9999 -9999 -9999 -9999 -9999 -9999 -9999 -9999 0.493592043053996 0.445359431308039 0.328996699966713 0.240956297200901 0.113731046570501 0 0 0 0.128908082647586 0.200813143440751 0.252491773889818 0.317248026047909 0.343932691524669 0.299432371750088 0.299323801435842 0.361529942906737 0.44365228180734 0.461083894994958 0.470042151720611 0.477177478348753 0.481385786406648 0.488204324618394 0.495807339345527 0.496092099972821 0.495464497652126 0.484563250910477 0.44458184785428 0.426637252643793 0.462465907453565 0.492282302495742 0.502879862468219 0.502761353551539 0.500539825617342 0.496921471550073 0.492454838357585 0.487917739781574 0.484138909290697
-9999 -9999 -9999 -9999 -9999 -9999 -9999 -9999 -9999 -9999 -9999 -9999 -9999 -9999 -9999 -9999 -9999 -9999 -9999 -9999 0.510072756345318 0.46703220175696 0.381930328420441 0.255699300195404 0.125999534662593 0.017714605456062 0 0.0304968531286769 0.178139818063798 0.249976972225941 0.330561982614607 0.359770014380447 0.357065647226768 0.317529955239574 0.327536432852696 0.380137540450453 0.43006098874313 0.448986429575622 0.455735123621905 0.463135286524312 0.476476718966258 0.488026474470752 0.49154212175364 0.489709396462699 0.484734540639728 0.469531719077824 0.434494783518993 0.431710632360545 0.469881897180535 0.492218451142227 0.50177480775489 0.500747770808318 0.498593453848479 0.494979238511952 0.490019747042168 0.485154418030278 0.481256261721114
-9999 -9999 -9999 -9999 -9999 -9999 -9999 -9999 -9999 -9999 -9999 -9999 -9999 -9999 -9999 -9999 -9999 -9999 -9999 0.511893177073713 0.496773157030135 0.430411286707596 0.298375444578273 0.146932767107641 0.0444419661026277 0 0 0.031346687416201 0.175816098358394 0.249560823095033 0.330185911144648 0.364661167677537 0.386272445518143 0.332736876110043 0.311000256878047 0.384960049077678 0.414679789516326 0.428971761770229 0.413523667024971 0.421066987079045 0.463007880812708 0.479781732368362 0.48129444096833 0.472999792905296 0.458745493986429 0.429490849267785 0.408525626575236 0.433345401748725 0.470851366139144 0.489921618177168 0.49849445944554 0.497628224203734 0.495461556087108 0.491757301306794 0.486680436605234 0.481658027314477 0.477954371550235
-9999 -9999 -9999 -9999 -9999 -9999 -9999 -9999 -9999 -9999 -9999 -9999 -9999 -9999 -9999 -9999 -9999 -9999 -9999 0.500849987388062 0.470890348961569 0.421218765047906 0.329646596218352 0.144332875972175 0.0042708084517854 0 0 0 0.143519679661424 0.213318273010555 0.316047723146498 0.369435411305585 0.391711695637799 0.353362486343354 0.329191581287874 0.384102781186172 0.409115751749625 0.400324670664079 0.374062654094985 0.396776834530893 0.45258890088991 0.471714569933564 0.463588327382398 0.444072291960789 0.435344650113912 0.400733958129472 0.379234525970648 0.423871259164752 0.469191621447847 0.485978733713826 0.492407066015724 0.492588960908394 0.491784591159222 0.488351271513537 0.483222766691622 0.478253510750533 0.474720143232409
-9999 -9999 -9999 -9999 -9999 -9999 -9999 -9999 -9999 -9999 -9999 -9999 -9999 -9999 -9999 -9999 -9999 -9999 -9999 0.490187400134072 0.485103619127139 0.447544726041353 0.361003485766835 0.207243202862337 0.0305555461307027 0 0 0.10324462756782 0.143622679974548 0.19395898472927 0.285431561989589 0.346679941281909 0.378743037277438 0.390835181175623 0.35437953657521 0.356921665392083 0.408897532222604 0.383878663622732 0.364896734474019 0.400072075209734 0.445145788666821 0.467107110394524 0.443731101265847 0.409339017415701 0.391851171417007 0.353093915211673 0.365167040774141 0.426707324541781 0.465613827664008 0.479850399869299 0.48548862346617 0.486888756894723 0.487257631959362 0.483386021150443 0.478659856622175 0.475703111728238 0.472751457564116
-9999 -9999 -9999 -9999 -9999 -9999 -9999 -9999 -9999 -9999 -9999 -9999 -9999 -9999 -9999 -9999 -9999 -9999 -9999 0.448815199504436 0.449098407911664 0.419802506255439 0.345664586846245 0.220786163785182 0.0775657899924072 0 0.0138473193319146 0.147938655620593 0.163746284827627 0.167271262209514 0.267133014374043 0.337361372717196 0.351191134895093 0.326113973868476 0.310926208229465 0.352955110275283 0.411366718679853 0.391125144345819 0.373978418440944 0.400906354136031 0.439902001965184 0.459364896498279 0.417871795709829 0.365822827545789 0.331614486581135 0.319508260841092 0.383521562861947 0.432368517510289 0.460513517697241 0.471888545270624 0.477863705507585 0.479984191841769 0.481029137781758 0.478639849271848 0.474952091222359 0.472263641947999 0.470172885542329
-9999 -9999 -9999 -9999 -9999 -9999 -9999 -9999 -9999 -9999 -9999 -9999 -9999 -9999 -9999 -9999 -9999 -9999 -9999 0.406691549950295 0.391522503743853 0.379084266592168 0.288655234917054 0.154038266176277 0.0585854187670794 0 0 0.148213335655759 0.193797689773929 0.170510001406985 0.26616532082235 0.33558075605381 0.307502215096207 0.212117615503409 0.245653254461126 0.369360066454842 0.414872943067979 0.409361642636576 0.397467452346971 0.405622631517006 0.43594520403462 0.452197070689097 0.401811130505789 0.338818649417863 0.295208147208317 0.3095528252842 0.40735695931801 0.441624575851596 0.454987165530347 0.463958647170842 0.47048315119077 0.473530870524936 0.475440249171462 0.474616067267386 0.4715807958341 0.469216859017826 0.468012652553816
-9999 -9999 -9999 -9999 -9999 -9999 -9999 -9999 -9999 -9999 -9999 -9999 -9999 -9999 -9999 -9999 -9999 -9999 -9999 0.44083404480743 0.407081282034842 0.351359003144621 0.229161423750046 0.0610789333825882 0 0 0 0.158880903571119 0.185959497305857 0.178602001471942 0.290894250213971 0.352483835144364 0.295314756017672 0.243748977435188 0.340722442005464 0.39861153611994 0.414961217168165 0.416086962189072 0.408383386644979 0.410114329760854 0.432055217176795 0.448873861365412 0.419683758642385 0.355022135035854 0.279259109283322 0.290141028748006 0.391250174058706 0.436387757250867 0.451298412850018 0.458687926050556 0.465695142164067 0.469407610120883 0.471782625453567 0.471825056378865 0.469866550651971 0.46769876265347 0.46674423972383
-9999 -9999 -9999 -9999 -9999 -9999 -9999 -9999 -9999 -9999 -9999 -9999 -9999 -9999 -9999 -9999 -9999 -9999 -9999 -9999 0.441077557739718 0.391827569100497 0.289838380234488 0.112102987218601 0 0 0.00936714533191684 0.132019923763266 0.12732568585075 0.12119564707218 0.264524180576538 0.3379317040129 0.351803346276761 0.345051019143372 0.376948231574796 0.390343636131038 0.400444684550632 0.414260962178556 0.415333687500519 0.407631635728363 0.419988992317731 0.437444473466433 0.430215880788678 0.390769360927044 0.294792759057153 0.292719486880408 0.398798330150675 0.435174423351924 0.446790756239133 0.454429817995629 0.460662077399972 0.464432151693493 0.467189135105006 0.468400939564775 0.467096851049117 0.465272992640412 0.465307465967048
-9999 -9999 -9999 -9999 -9999 -9999 -9999 -9999 -9999 -9999 -9999 -9999 -9999 -9999 -9999 -9999 -9999 -9999 -9999 -9999 0.406050557109923 0.408611519915393 0.338229162706852 0.19229665398232 0.0217056207699973 0 0.0127555686904225 0.127585768831636 0.100862552990999 0.113593256061604 0.22441351365601 0.314080338003033 0.371246454551797 0.373525404865521 0.377243893206537 0.380730867869775 0.382537085778744 0.399072778140783 0.408513761206486 0.408200007021799 0.415310434535283 0.42162599259511 0.418793002795524 0.385326131675575 0.332312204906282 0.346538158658021 0.402949470594118 0.426378852933297 0.441830664148096 0.44968488833811 0.456166410078321 0.460100779521486 0.463285423830114 0.465164298998732 0.46387069698461 0.461821237292665 0.462897555337684
-9999 -9999 -9999 -9999 -9999 -9999 -9999 -9999 -9999 -9999 -9999 -9999 -9999 -9999 -9999 -9999 -9999 -9999 -9999 -9999 0.39266230496657 0.376835471191016 0.300745458592185 0.168667724508597 0.0558622611666985 0 0 0.0504640523168422 0.0266850481678944 0.149347756375159 0.25562764591471 0.321911552742281 0.367570336080768 0.372624497183104 0.377927372410769 0.379536344169187 0.374509660605647 0.383197599736466 0.397989203789535 0.396291417463999 0.393739374600871 0.396992228981171 0.387417634219724 0.360928228524276 0.327760954517126 0.340146497501519 0.397982357083005 0.42347754809853 0.439016732235548 0.446535349503607 0.453304312151545 0.457577326122631 0.460732217143295 0.462524927547255 0.462526940515106 0.460606185161423 0.459464649718584
-9999 -9999 -9999 -9999 -9999 -9999 -9999 -9999 -9999 -9999 -9999 -9999 -9999 -9999 -9999 -9999 -9999 -9999 -9999 -9999 -9999 0.395611975999746 0.324532505557626 0.185191780098811 0.043831384478726 0 0 0 0 0.145923160598654 0.268071061250575 0.331915826504862 0.359097100741362 0.363902591275151 0.370950026219629 0.37757001352633 0.369263569765446 0.36734667503193 0.381784357907403 0.37941572662309 0.359986662101146 0.34268533880422 0.35125948172858 0.361552395751352 0.323618664508192 0.322118374223743 0.385690967022187 0.413759820138653 0.436180415526524 0.444841119711927 0.450744964200989 0.454423932363322 0.457442185353561 0.458631997420995 0.458712852500666 0.457126200369622 0.455110791884869
-9999 -9999 -9999 -9999 -9999 -9999 -9999 -9999 -9999 -9999 -9999 -9999 -9999 -9999 -9999 -9999 -9999 -9999 -9999 -9999 -9999 0.42895621839776 0.382408733191631 0.251116529929678 0.130455031869941 0 0 0 0 0.146729375608549 0.265742831876492 0.322178709403404 0.350529264797935 0.355213724907221 0.363647501177476 0.373457875399891 0.360963284413589 0.350959799803395 0.366878878559977 0.362025318848887 0.321039693212952 0.300162476584595 0.334469105054517 0.353277191524145 0.331707142969483 0.334005089332825 0.381580155795991 0.412752511043823 0.432896088670617 0.44297361796545 0.449029489707542 0.451815916135711 0.454264220496802 0.455393337099819 0.455059960468054 0.453730354261689 0.451389845882446
-9999 -9999 -9999 -9999 -9999 -9999 -9999 -9999 -9999 -9999 -9999 -9999 -9999 -9999 -9999 -9999 -9999 -9999 -9999 -9999 -9999 0.446396597138768 0.351847777027539 0.27085221064197 0.173457561387881 0 0 0 0.00508763341923769 0.150046389955301 0.278951713442696 0.326397427875058 0.343254396786751 0.348887408379664 0.357786486703423 0.369110664734384 0.370843056604549 0.361848831513663 0.358159856090952 0.336041694398366 0.278786961966416 0.280936037694159 0.331010809347205 0.337930341933519 0.339039792788676 0.36010037829089 0.389412191763881 0.414458634530072 0.432258048350763 0.441607966244399 0.44792593673829 0.450729667207904 0.452747124745605 0.453476009411759 0.453455456059145 0.4521925482122 0.449428117268678
-9999 -9999 -9999 -9999 -9999 -9999 -9999 -9999 -9999 -9999 -9999 -9999 -9999 -9999 -9999 -9999 -9999 -9999 -9999 -9999 0.449667817307307 0.443437871231242 0.380617803041577 0.311465536965808 0.259958144387305 0.0846514971647514 0 0 0 0.147590553802249 0.275185679258125 0.312767417368435 0.332513277048222 0.339801291998728 0.349634490220938 0.362681645497801 0.368163064177165 0.359729388208836 0.355428846769737 0.330513821150814 0.293460616982328 0.309223244730269 0.31907139979235 0.314061152527687 0.339723150463681 0.37243189747743 0.39500045363776 0.415020061658825 0.429287040612529 0.438597984093747 0.445503794945747 0.448492135420861 0.449612360365796 0.449357996156028 0.448504055846893 0.448297901459733 0.446931920189062
-9999 -9999 -9999 -9999 -9999 -9999 -9999 -9999 -9999 -9999 -9999 -9999 -9999 -9999 -9999 -9999 -9999 -9999 -9999 -9999 0.421907441489754 0.421900714954464 0.375680976488741 0.328542108643132 0.227494310471845 0 0 0 0 0.16542434980151 0.273345399644886 0.297427671411407 0.324037159301954 0.33544933051435 0.34470250172675 0.356373100366846 0.360892271286062 0.355474499255588 0.358370893428871 0.35108652019246 0.32966691356102 0.333942648532335 0.337575526202085 0.340318243805055 0.360779654624478 0.379998454356074 0.400002787120262 0.417458258675131 0.428274936333465 0.436198734674787 0.442370600451155 0.445419392140951 0.445916491707697 0.444883699484224 0.444157962109406 0.443388486643086 0.442279540870574
-9999 -9999 -9999 -9999 -9999 -9999 -9999 -9999 -9999 -9999 -9999 -9999 -9999 -9999 -9999 -9999 -9999 -9999 -9999 -9999 0.41343860819128 0.400732467965826 0.364233358366608 0.340125529063871 0.270725614238766 0.0553966860555888 0 0 0 0.19705802042116 0.273720754802379 0.291680344211792 0.313377709087958 0.332129911389235 0.341857242276781 0.353019921958228 0.358249434883928 0.355699435414746 0.36042824509981 0.355145749607834 0.335288247045738 0.33988592495329 0.349546315986523 0.352655182926726 0.367465585774008 0.386095873502938 0.403146504078742 0.417436169352793 0.426846314552914 0.434517975269871 0.43989943420169 0.442145425751012 0.442312284719813 0.441818489420349 0.441262706387764 0.440597279308396 0.439793078795938
-9999 -9999 -9999 -9999 -9999 -9999 -9999 -9999 -9999 -9999 -9999 -9999 -9999 -9999 -9999 -9999 -9999 -9999 -9999 -9999 0.43037663455152 0.415827223932561 0.389320718298312 0.368990565913068 0.342403994179906 0.217331662802408 0 0 0 0.190594158593213 0.268593420990937 0.262003181484001 0.283772460672299 0.321135928814785 0.336822502159606 0.348731393455566 0.35680168290784 0.362203208862932 0.367744212406767 0.359608563650304 0.344389599442281 0.350887136446122 0.36624528077812 0.376783403601071 0.387121904302448 0.39766249497255 0.409281499530051 0.419201768510552 0.425874360982594 0.432602928017938 0.436182852584962 0.436925536268834 0.436910053913396 0.436912195951201 0.436830426306136 0.436704300510273 0.436536825458658
-9999 -9999 -9999 -9999 -9999 -9999 -9999 -9999 -9999 -9999 -9999 -9999 -9999 -9999 -9999 -9999 -9999 -9999 -9999 -9999 0.447350301588749 0.432868147359707 0.403598408308132 0.367292870835908 0.331912504293818 0.203946282230763 0 0 0.0230684050465791 0.157689862985027 0.246995356973755 0.241575791697164 0.274459376935648 0.313313685197299 0.330472327496413 0.344578891980229 0.353023851278063 0.358877639344221 0.361435861815785 0.352134361895307 0.343484923446675 0.352533876800561 0.366353375789438 0.378070458014079 0.38999134957512 0.399581439660402 0.408873484620925 0.417952822751791 0.423590367609799 0.427830086204551 0.430631306377615 0.43145719824401 0.432191702335208 0.43268922380028 0.432726150624967 0.43305979070657 0.432932511822787
-9999 -9999 -9999 -9999 -9999 -9999 -9999 -9999 -9999 -9999 -9999 -9999 -9999 -9999 -9999 -9999 -9999 -9999 -9999 0.444159803663093 0.441613314666258 0.416361361632749 0.354324478528094 0.295322338946557 0.25425056657548 0.116402324774395 0 0 0 0.116489476115092 0.217579766938129 0.224034986117175 0.26477251291888 0.308410678383961 0.326737296145279 0.341475475034789 0.350266736590013 0.356367233032041 0.352608321001738 0.341395943449965 0.344578926026274 0.357285310714998 0.36815576647963 0.379067292507936 0.390117343855761 0.399169250291298 0.407084675098962 0.415254227087508 0.421047616479119 0.424268028570899 0.426446152029975 0.427748315431095 0.428852505363936 0.429848173956125 0.430144120419279 0.430472145690011 0.430916765102486
-9999 -9999 -9999 -9999 -9999 -9999 -9999 -9999 -9999 -9999 -9999 -9999 -9999 -9999 -9999 -9999 -9999 -9999 -9999 0.4152187519629 0.416118748360218 0.410448265447467 0.371836285875339 0.338040196455198 0.321300855770861 0.159163454804489 0 0 0 0.0776367051142858 0.164370635712532 0.20283404644376 0.265629476818902 0.304043799251879 0.322157521802432 0.33673717847136 0.345345587701249 0.352096346601297 0.346792303943245 0.334346610396459 0.342810203903813 0.359523673619332 0.368638539657584 0.37816296600421 0.388255486037321 0.396326421234192 0.403421176699965 0.410917812006443 0.41596176406792 0.418723914735605 0.420843779936486 0.422202059961409 0.423709533653163 0.425144209061191 0.425371157563631 0.425838677739559 0.426904767824739
-9999 -9999 -9999 -9999 -9999 -9999 -9999 -9999 -9999 -9999 -9999 -9999 -9999 -9999 -9999 -9999 -9999 -9999 -9999 0.402364895836078 0.411903391465 0.419652390656628 0.403568654227648 0.370532480629728 0.259718299292995 0.0925955775387663 0 0 0.0238828048600257 0.0789228483407884 0.158612689655999 0.19147919227407 0.262705929194926 0.30483335746084 0.3193861256921 0.331511047324413 0.340570501118479 0.347412542185195 0.346367120695959 0.339227196279737 0.34499618843857 0.358379359897141 0.36740068004012 0.375852872895289 0.3854369218383 0.392926986129599 0.399564417793547 0.406989658510759 0.411281860567271 0.413717330020322 0.415792577985411 0.416934449902517 0.418440263821361 0.420134378414123 0.420925222551363 0.421525265792619 0.422726218865134
-9999 -9999 -9999 -9999 -9999 -9999 -9999 -9999 -9999 -9999 -9999 -9999 -9999 -9999 -9999 -9999 -9999 -9999 -9999 0.416530757860667 0.412837074590788 0.414550048061918 0.391281516412155 0.345289462080149 0.222740792570016 0.0491104138592919 0 0 0.0297557470276078 0.113091737778599 0.167581588252349 0.19142174724181 0.254158886754912 0.301079006010756 0.316512553968131 0.328676022133499 0.337546707589917 0.344155083282441 0.348117599661092 0.346621548546228 0.347787248343213 0.356261269654181 0.364638358828438 0.372439228478011 0.381438542707892 0.388884093218952 0.395581477242915 0.402751468467348 0.406995989635173 0.409386938458903 0.411662154575873 0.412901680321399 0.414209739662123 0.41583052688104 0.416604810343032 0.417251055834779 0.418922708025554
-9999 -9999 -9999 -9999 -9999 -9999 -9999 -9999 -9999 -9999 -9999 -9999 -9999 -9999 -9999 -9999 -9999 -9999 -9999 0.441107820065881 0.428790259869382 0.397370128360138 0.38149221151467 0.345214660081152 0.238244431652935 0.0924836056702795 0 0 0.0631615901300902 0.14754550771009 0.177137012249774 0.187051638705659 0.23044034764756 0.288702181740928 0.313936999462227 0.327207172193122 0.334530639378081 0.3404199686747 0.3468528547597 0.350250057401185 0.350911699883781 0.355317695071037 0.361183448866585 0.367535175400355 0.374650068961311 0.3800799727013 0.387754349027126 0.395734469742294 0.39997256122643 0.402995501974333 0.405626952499824 0.407095854341193 0.408471743557112 0.409948824694826 0.410853666051118 0.411849339897371 0.413535466240959
-9999 -9999 -9999 -9999 -9999 -9999 -9999 -9999 -9999 -9999 -9999 -9999 -9999 -9999 -9999 -9999 -9999 -9999 -9999 0.431896986510468 0.425818166125702 0.407812130871915 0.378548393246148 0.316138346840087 0.224775877873711 0.106118449388482 0 0 0.105329957139621 0.172230830441449 0.18336306962873 0.184975005527718 0.208151950192804 0.264952495701182 0.309929821771082 0.326104958456505 0.332639857251736 0.337622039331766 0.34342230549618 0.347425158468686 0.348672264109287 0.351844242461034 0.356406945406973 0.361439514204978 0.367042642934896 0.372207238750598 0.380484835970369 0.388147904890268 0.392262489955562 0.395632098269055 0.398724213386748 0.400453977348292 0.402195040460371 0.404229201457169 0.405725565037276 0.406818419470272 0.408154326937772
