layers/veg/veg3100.asc
NCOLS 255 
NROWS 330 
XLLCORNER -2985163.8955 
YLLCORNER -3022031.214 
CELLSIZE 25000 
NODATA_value -9999 
[rows 78 to 103 of 330, columns 171 to 227 of 255]
0.78442522998167 0.78172303583496 0.777327141040645 0.770911599657137 0.762032430006483 0.753322269633183 0.75335684448776 0.747791974326172 0.734175803796999 0.710647460626695 0.68580936297865 0.710250446360581 0.724594989966163 0.721319276717028 0.721442914351327 0.723152462804312 0.734218151351998 0.742284116608207 0.743927288576921 0.735153796574058 0.720428453404666 0.725220964215634 0.729445562183607 0.729663784889405 0.729241835923282 0.728375878130043 0.740341692018956 0.751670192195682 0.756409252417352 -9999 -9999 -9999 -9999 -9999 -9999 -9999 -9999 -9999 -9999 -9999 -9999 -9999 -9999 -9999 -9999 -9999 -9999 -9999 -9999 -9999 -9999 -9999 -9999 -9999 -9999 -9999 -9999
0.777926220948979 0.772882971861127 0.765393628648608 0.754987450242858 0.746763621022506 0.740481723131968 0.747056149199248 0.738734201714463 0.708993135458227 0.693550972142106 0.684902929106239 0.706314892434997 0.717223732253158 0.709802754318599 0.710154850909356 0.714130162533468 0.729843892494373 0.739976879149854 0.738160776786639 0.730787144869355 0.720238063609587 0.715218190908382 0.712808939211997 0.716666166356049 0.721774223571542 0.727749828692232 0.740341692018956 0.751670192195682 0.756409252417352 0.758567668136477 -9999 -9999 -9999 -9999 -9999 -9999 -9999 -9999 -9999 -9999 -9999 -9999 -9999 -9999 -9999 -9999 -9999 -9999 -9999 -9999 -9999 -9999 -9999 -9999 -9999 -9999 -9999
0.767863706273674 0.749153984476801 0.725096421599759 0.694661846933538 0.709546140891721 0.732609944998687 0.706003953290628 0.679105413443552 0.65178622602651 0.662225343084598 0.686511022032006 0.70573954348434 0.716823631109536 0.713694233803333 0.716335106278462 0.721661379062292 0.72278384494979 0.723820154825953 0.724671993603446 0.720130873046663 0.712508334927371 0.704498890370925 0.699301343926202 0.701662468113611 0.708867797561506 0.719432959989142 0.732438829217607 0.744482930848029 0.75240353136411 0.753324732276955 0.748391731220808 0.753272487146818 0.758916110622522 0.760927137910416 0.756440492474675 0.745420456526888 0.782406756682682 -9999 -9999 -9999 -9999 -9999 -9999 -9999 -9999 -9999 -9999 -9999 -9999 -9999 -9999 -9999 -9999 -9999 -9999 -9999 -9999
0.75637307992485 0.722370788433301 0.680359018612669 0.628796378269884 0.669650434722247 0.725149915217018 0.659318529711202 0.613127453857946 0.595176682511416 0.632833406354824 0.689309252919628 0.705897583672998 0.717611564955698 0.72081893985885 0.726203216836734 0.73259328879347 0.715248582267159 0.704921778317773 0.709621206184982 0.707422523806964 0.701282413960235 0.692981305130502 0.686806906772938 0.686587657493109 0.694987703170275 0.709365900040753 0.721706871678175 0.73380245922665 0.745760822905838 0.749355898052017 0.745956033207265 0.747787530576647 0.751212703457858 0.758087005817269 0.755994682850792 0.744886444906611 0.781406044478266 0.820798010622122 0.809946208189987 -9999 -9999 -9999 -9999 -9999 -9999 -9999 -9999 -9999 -9999 -9999 -9999 -9999 -9999 -9999 -9999 -9999 -9999
0.741232241859193 0.713219233066858 0.684768722779941 0.655796515578904 0.676340644832956 0.704947303964065 0.670669192390545 0.652472297952269 0.657398178906633 0.675074944214003 0.696742579521847 0.702574302475399 0.70741234141114 0.710516225080411 0.71656520427359 0.723979018118486 0.711748803773824 0.703545562457865 0.703964588206062 0.693561263822874 0.676974288183409 0.674959345657888 0.674798748578593 0.677731437984275 0.689151561218102 0.706458379700327 0.706696294090772 0.708841152670941 0.723368033416496 0.726151121502952 0.719111862244568 0.680379924618089 0.656541355006731 0.723183082229934 0.750515886606042 0.738323686493412 0.769107749479899 0.804087577547626 0.804035590953268 0.804007139277303 -9999 -9999 -9999 -9999 -9999 -9999 -9999 -9999 -9999 -9999 -9999 -9999 -9999 -9999 -9999 -9999 -9999
0.722189346639606 0.699118832795102 0.68233110372638 0.673035256331668 0.677829811040598 0.685131289125122 0.676632777265966 0.677744106088393 0.692673181774787 0.696482110617368 0.696074858727916 0.694305934740237 0.694768795745797 0.699126518327352 0.705465276976652 0.712721355118654 0.704505538467604 0.698563666054563 0.697490600650995 0.682906715116545 0.660603046091317 0.66278373742592 0.666241171217078 0.669984937818924 0.68221246752829 0.700324146555909 0.696087202536384 0.69452376451714 0.709775725768506 0.711683267248177 0.702429718787165 0.633471852864057 0.587894205642281 0.691549802019142 0.731513685815795 0.707435742889786 0.743573682226496 0.785939176432456 0.781460345629679 0.78542137144658 0.799585452218325 0.819173525962942 -9999 -9999 -9999 -9999 -9999 -9999 -9999 -9999 -9999 -9999 -9999 -9999 -9999 -9999 -9999
0.69727864385152 0.677576493964994 0.669596665986114 0.675595074061933 0.671497788686768 0.665896627473636 0.674495420852479 0.681853264973181 0.68742677954169 0.686559115085446 0.683225002883492 0.678601280178064 0.678449544862826 0.68610222256548 0.692166962008531 0.697488630535052 0.691632919364988 0.688159645180117 0.689787474927016 0.677074331735674 0.656167074119164 0.659399713403175 0.662872483594459 0.663907203462406 0.673614784971503 0.689337670334124 0.692096946134415 0.696212411768101 0.709417343693115 0.710353759445401 0.701028956292315 0.617390423880979 0.558381540049079 0.664834826487566 0.692175356564682 0.639968246467 0.698136020138553 0.765628398032824 0.733825285199106 0.739678268607356 0.791054207754669 0.819173525962942 0.838493037050321 -9999 -9999 -9999 -9999 -9999 -9999 -9999 -9999 -9999 -9999 -9999 -9999 -9999 -9999
0.679868439767241 0.653126075038316 0.640401822729547 0.644393412725227 0.644463767051292 0.644563838318644 0.656225504124124 0.663596709863618 0.664798771588543 0.664279441638985 0.663082779868869 0.661166577980602 0.66334963781278 0.672686638106636 0.676788016866581 0.678449073402466 0.672584435093875 0.668847056951292 0.669664416358607 0.663335202690061 0.652922595392392 0.654039062596695 0.655618449546123 0.656963415985995 0.66335016552163 0.673233783627228 0.681114717244217 0.688328852289298 0.693954916836908 0.693603856550992 0.688253610913071 0.606415391016977 0.547286128255232 0.646476427275124 0.684843479047775 0.662052937420624 0.697287331900206 0.737158360146386 0.723123944830944 0.737163365192348 0.785141619009315 0.79631386286212 0.798213448280041 0.81731346009042 -9999 -9999 -9999 -9999 -9999 -9999 -9999 -9999 -9999 -9999 -9999 -9999 -9999
0.66624354154074 0.629930547369081 0.607929324033604 0.602994114810774 0.610820447019772 0.622183947919523 0.631714243787827 0.636663427780285 0.635025546871941 0.637086004448521 0.640510701847651 0.643605067036938 0.649237747154702 0.659300238079796 0.660822966269821 0.658367829746385 0.651270736952641 0.645976072452277 0.644540638693897 0.646258434617295 0.649777916167784 0.647785746560336 0.646930711553861 0.649815528909205 0.652703649867233 0.655594062130572 0.667573670274716 0.676682182855218 0.672860949917023 0.670782469415134 0.670161603183386 0.597397629492792 0.544208302351774 0.631977446104679 0.689409806844238 0.716338622893941 0.712646526337847 0.706166200376274 0.725939519998238 0.749971421257986 0.779151578517566 0.765162250210327 0.745349794849245 0.79758060213626 0.828127719316852 0.827054546049538 -9999 -9999 -9999 -9999 -9999 -9999 -9999 -9999 -9999 -9999 -9999
0.675229240516522 0.672041075904786 0.662674950175878 0.645941939327032 0.619204260073308 0.593799357017477 0.610273777686755 0.613336902708622 0.597116264917553 0.608619838525145 0.62997583138758 0.641133110699615 0.648940311439117 0.650901029498504 0.65120817434503 0.650740174706791 0.634508939600153 0.621757359200176 0.616456166959751 0.623104347391537 0.636580134806947 0.63842748569479 0.640872191056781 0.646395507658499 0.649530126973022 0.651007999000306 0.659341974911325 0.665229819659335 0.660407039924465 0.648021531721833 0.629310661002901 0.586910406853635 0.561903070999771 0.632931485853703 0.674704322364482 0.687060762251225 0.691150847781329 0.693990777105664 0.70072206133952 0.716430650658717 0.74299202353333 0.753379460738973 0.762042294993822 0.802389330243215 0.826428861517812 0.826687938006686 -9999 -9999 -9999 -9999 -9999 -9999 -9999 -9999 -9999 -9999 -9999
0.684301601510648 0.690031490465385 0.686295846488086 0.671273065478557 0.625092582309316 0.576200481478522 0.590140301352847 0.590133027575811 0.570071580587361 0.588308854468341 0.619960964214353 0.63349324302155 0.641863400822298 0.641224739754049 0.641231837105641 0.641531931134777 0.61852697874905 0.601103551766741 0.595630888375499 0.606209651909141 0.625959845406159 0.627186160067952 0.628912307855204 0.634336227179613 0.637090033650775 0.637991909259893 0.64540433085429 0.650976677311747 0.648026693992087 0.632938587197044 0.607698320162917 0.580957635926436 0.569593008287666 0.62907455990866 0.658070260056512 0.656412527623522 0.658772857894122 0.66291399740381 0.672700824006761 0.688940599114624 0.712981429522749 0.742841066202633 0.7742530170529 0.803832255870366 0.82250343549951 0.82526791299148 -9999 -9999 -9999 -9999 -9999 -9999 -9999 -9999 -9999 -9999 -9999
0.693532469250822 0.663905683715356 0.652988924348277 0.664382861141206 0.626416596710861 0.578328917611588 0.572397338176483 0.567153481890684 0.562898485327383 0.582913878205922 0.610897194540431 0.616401151334212 0.622386680842164 0.629212640349492 0.630594225498763 0.629432756219353 0.603971356086761 0.586970035829859 0.588082834429067 0.600763522204879 0.620053845741039 0.612500667392932 0.606158701896986 0.606475550717952 0.607701178302954 0.609557114617356 0.621030380583456 0.631600848022198 0.635780898350918 0.631898861796062 0.621273806184802 0.583298477353374 0.558983887995925 0.616418271427587 0.637908786295509 0.623257848703627 0.606490880176203 0.597266219229371 0.639551413539425 0.672517446392076 0.694217420972926 0.734578697493019 0.778266467984278 0.799119054406235 0.815005445481094 0.823649870888412 0.826028640984209 -9999 -9999 -9999 -9999 -9999 -9999 -9999 -9999 -9999 -9999
0.680522243768137 0.636987187692319 0.625672362057741 0.65277842184098 0.619531708112235 0.572877645284384 0.567603858990221 0.562869441783908 0.558910569747295 0.574972197130783 0.597472252789147 0.598660339101989 0.600665734700675 0.604097480302958 0.602247869524893 0.597935661669964 0.583127348406202 0.574589261667392 0.579476536177725 0.592592893999366 0.610411167831693 0.593853732183305 0.583111239873381 0.59228287994658 0.597020930946522 0.59868394321752 0.607969523775039 0.617477913115549 0.625125460463063 0.619082340406429 0.601588533631307 0.565718788287955 0.544232937150188 0.60129005008505 0.618757419824678 0.596417421054455 0.581458805974839 0.57687346623961 0.628287327382988 0.661008089412748 0.6711305152234 0.715551119198648 0.76707008595896 0.786726026401503 0.80308552473022 0.814637978844032 0.811848065654436 -9999 -9999 -9999 -9999 -9999 -9999 -9999 -9999 -9999 -9999
0.65663191313126 0.609680916546966 0.601286219797304 0.638867829169439 0.608631111879659 0.563718460569082 0.569145129004148 0.567731043240928 0.556480810032343 0.565784695273301 0.581913872257595 0.580602179710915 0.577846937101046 0.572572442999135 0.565238585028086 0.556949312106204 0.559207129967328 0.563065910052581 0.570352556119968 0.583089470238841 0.59894054685241 0.573268901614537 0.559920026602498 0.584776451513581 0.595492734714341 0.596401730258635 0.60044291140582 0.60592463801281 0.615248008594845 0.600504736256516 0.565632453380445 0.538394188560438 0.527455847053705 0.58495258559977 0.600100187047004 0.572665857657913 0.569757093403225 0.5786189880114 0.627729308030472 0.651902508806136 0.645928894354781 0.691257315403785 0.748433216171267 0.770576109313557 0.789002442714223 0.802009094413096 0.804889125496569 0.803965891555123 -9999 -9999 -9999 -9999 -9999 -9999 -9999 -9999 -9999
0.642340331354554 0.600307986029069 0.595780522895993 0.635975607106303 0.604525157942646 0.556530173080417 0.551467486181217 0.545369536431334 0.537783008412319 0.53483070787157 0.533516765323877 0.530322387870408 0.52643615021064 0.521342493493198 0.525187320837978 0.533194264552773 0.541587710318381 0.542870488273129 0.528928412117177 0.53711527641338 0.557946127345191 0.563138794142874 0.566927784970145 0.568963025227949 0.573744293698074 0.580430146234096 0.588868567435935 0.594794599532863 0.591539032652154 0.576323646971387 0.551105232640033 0.514504423750902 0.491774515146428 0.540204908221487 0.557488966995461 0.543455479678266 0.545872628385016 0.560716119347035 0.63166788975766 0.674394472785059 0.682999251265407 0.717594551938102 0.757594003565493 0.773706359058053 0.785965542164607 0.792605827869778 0.79475757417759 0.794804524563093 0.785900159512894 0.787200317084193 0.806573130405663 0.812793699804445 -9999 -9999 -9999 -9999 -9999
0.62600375338166 0.590068972128862 0.588351379558205 0.627435937303442 0.595062904096361 0.545723829580314 0.534625121723682 0.524260863091946 0.514952650424997 0.503260264998184 0.491041542018449 0.486318317705321 0.482413450178057 0.479936760728146 0.492040416968714 0.510929465090266 0.518921408679472 0.517284521444427 0.495031069288158 0.500294984805115 0.521281714971043 0.547842050986122 0.565098700458805 0.556798404590889 0.556763049095556 0.562460072338572 0.575283490018059 0.583058055097053 0.571141750187814 0.55710282609402 0.541288572384256 0.495228923756972 0.461440493187268 0.505189437492588 0.524441624523766 0.519062395298987 0.528349896534813 0.549933401064783 0.629360879890269 0.683092950458316 0.705761500121692 0.734733106343124 0.763608830032788 0.772253423212043 0.778854055226478 0.782474076220432 0.78598062704878 0.789118739672724 0.784988809424998 0.789171543418843 0.808076369251474 0.812894453241837 0.811049981720937 0.79872782099996 0.79503136993995 0.810166378064053 -9999
0.60483451475994 0.577453015490071 0.57614220375232 0.605919279491409 0.573379730242822 0.526724899305785 0.520120959609139 0.50662107744006 0.483205694002041 0.470820272251077 0.462680783111707 0.45721064416245 0.45570508031532 0.461118404836552 0.474510356812646 0.491609460622637 0.484742567316967 0.479768848668265 0.478848660394641 0.484952181129125 0.49506889368465 0.520664237319534 0.542655304187182 0.553046483497889 0.550996130765553 0.540316608246029 0.557267858249322 0.569945950879341 0.55852975358289 0.549182938704803 0.541566926940542 0.486260136326742 0.443595520656964 0.4927614948779 0.513496718506313 0.505644907349805 0.525440015147064 0.555648807135328 0.612885531978002 0.659984476893173 0.694827724776804 0.729956153263526 0.761878919677117 0.760022827467785 0.762306041510056 0.770625408314433 0.780328971831324 0.790099068069841 0.789616209448026 0.795580767984902 0.812963984219818 0.815517882867866 0.811058012631458 0.79872782099996 0.79503136993995 0.810166378064053 0.815721169803793
0.592336938936372 0.587111102594264 0.584943515865962 0.586422726704967 0.556225154052295 0.519020313023475 0.503827072025016 0.488011910864341 0.471302506432018 0.463961577890714 0.45995267521021 0.452553718763191 0.448272881475048 0.449433716452854 0.458637372677325 0.471582099374722 0.472776778198351 0.477361131334591 0.48920321303656 0.497823381272442 0.504602619487551 0.520617315177709 0.536620433141385 0.551414539338723 0.547295427734131 0.530058529102164 0.536411205248727 0.541107438933293 0.532034347310339 0.52749742230243 0.526754484927001 0.474518817537474 0.434176600833825 0.48501618178047 0.510613126813221 0.510828676846035 0.52890946642111 0.554660485706802 0.603922368076514 0.644698350422164 0.675215615328829 0.695157025853158 0.711558107627424 0.723909732781354 0.733813653180888 0.740148202551559 0.758863182495055 0.781483772825754 0.786353095631 0.793387451509114 0.804256175624235 0.79737240816273 0.782092308751877 0.783662043737152 0.789381587850625 0.804014251774587 0.808563611914259
0.585029318104553 0.61010011448199 0.606319519730795 0.568135198577978 0.541780925184288 0.518075345783714 0.486462041010745 0.468822573739826 0.471275733986823 0.472413186796062 0.472565604908189 0.462530466897338 0.452377392761601 0.442018499121464 0.443756141815367 0.451131387964533 0.47410541069859 0.495965382851654 0.515440029460235 0.52758054819833 0.53553050865015 0.536808121505855 0.540405997851136 0.551051392770773 0.544831346173414 0.526913804614618 0.513854212570822 0.50285673578565 0.497229776695934 0.497573232801903 0.50291026241068 0.461118149981821 0.42980063935976 0.480073403445205 0.512554199027343 0.527145223432281 0.536196922403456 0.549660010576389 0.599455215818144 0.634093866940898 0.650409558140178 0.642389748947362 0.632155838114438 0.673503059402405 0.698172605120861 0.698521892483122 0.727932698068518 0.767125535775141 0.778367541303444 0.786045549132203 0.787411561201101 0.7667968285036 0.735785942186986 0.759579459925274 0.78035043410983 0.794180102868572 0.802246587849532
0.586022539325433 0.599878251632976 0.597339388786848 0.575250880117992 0.545859781547388 0.51470025227444 0.487107971402184 0.472708413374875 0.477278337855984 0.481682314853425 0.485347131196442 0.475045747788063 0.46657206002288 0.461288026079573 0.467056217217802 0.477962506238332 0.464295244027395 0.462012425591394 0.484105165150118 0.502552676718737 0.518917385719817 0.52292685509069 0.527246042874026 0.533968407662436 0.534837442722115 0.531646738525014 0.515277632783997 0.498932948432633 0.487204131767579 0.487656869821742 0.498298093412527 0.457976534000905 0.422805193353065 0.447838343000745 0.473028298643878 0.498375922246985 0.517136540428576 0.538789524744891 0.588526396756315 0.627903348842491 0.654756055898413 0.647359602441235 0.632298413171528 0.643136413305723 0.658480184211069 0.680394505598193 0.714783673322122 0.752249413988096 0.752643678373555 0.745257051724827 0.724090126839101 0.700252686034208 0.675152180941322 0.737306189150026 0.783664864731297 0.795083510984898 0.808678306699531
0.586438937468766 0.587821665429543 0.585160394965088 0.577676874690564 0.547045258165777 0.510995598277146 0.488101548186869 0.476546629896751 0.48129596243277 0.484778044230476 0.487313567633764 0.480082066484766 0.473854093800411 0.469377456692374 0.476048637137375 0.487894044904477 0.449750936791552 0.431710173317498 0.456711114582114 0.478314030263993 0.4979753893608 0.504886089660881 0.511276253068055 0.517902795139295 0.52415649235629 0.530151592678591 0.516779578035341 0.501698267500204 0.487441351336549 0.486638296059356 0.497087865772404 0.456965186138464 0.418269081222124 0.422600891579921 0.439096669423682 0.467823280235157 0.493634933741132 0.522132687835391 0.572092577709085 0.61615871643617 0.653099820989237 0.649850940911788 0.635037479792433 0.624229699647385 0.632559186155722 0.668795635316135 0.702418427695565 0.733439328643142 0.728503885859897 0.712471637313463 0.676786460558304 0.649772703959998 0.626860237695782 0.714782605115521 0.779583130312758 0.793350200940095 0.80892093408896
0.583827799796997 0.57618768842809 0.569073015193777 0.562584898569611 0.536942123741961 0.50677070421229 0.487039071777723 0.4763593819559 0.478695251475221 0.470314540488076 0.458731308132177 0.46358463444092 0.459927161776954 0.441416831870818 0.438226388116403 0.442161901299786 0.423725138371705 0.420572743274399 0.450146145048438 0.465540757426556 0.472833923464814 0.48017811555167 0.490234540845137 0.507527613084876 0.512806413088401 0.509752381199752 0.514459403643908 0.517551890078464 0.512462085118777 0.507355514371893 0.502234920950211 0.460235529722562 0.421114940928126 0.421712931006316 0.427944520351046 0.439840676928104 0.462043083984719 0.490136559612999 0.54121321080485 0.587996022279348 0.629587953792533 0.635611917411989 0.631690547111581 0.634283735927277 0.64618441487408 0.671657762487618 0.689266598689244 0.703614896842411 0.711825489820641 0.70791094533022 0.682522252217423 0.650691135327518 0.615812968486485 0.691247538172461 0.752547576781053 0.782365422242604 0.808748493974855
0.583096569041425 0.557887101905968 0.542587377086022 0.539104485007813 0.515238995963376 0.486424092958242 0.46743327123917 0.456951530488159 0.458704782049455 0.455910779180093 0.451325233592887 0.444791658865595 0.435384140637865 0.420961080077279 0.41372203083321 0.409826524316686 0.40132651518406 0.405300436845466 0.435982648301545 0.442027683552905 0.433995581792437 0.443844008664415 0.458980731320805 0.485959240381888 0.496567363804645 0.495821352007871 0.505191209466325 0.512677485212538 0.510252885938544 0.508398853265731 0.507022034684041 0.454599610554234 0.405747044718135 0.409988694374256 0.408849762732838 0.402300672671042 0.414640866140131 0.439259774404351 0.515520996921875 0.569358891478264 0.596088926533285 0.596244176717929 0.591771871143467 0.62094296433376 0.644798586883205 0.660902912273081 0.674423127612866 0.685872195934157 0.672970390138942 0.662451717877759 0.656153679306634 0.637350699549895 0.612633302836623 0.680510516698651 0.737981188875687 0.772196894132499 0.799937515208423
0.583728496189068 0.534752424196969 0.508561754998819 0.509541448580714 0.485124482236616 0.454387303849924 0.434381337479307 0.423606437034406 0.426104652811982 0.441550338299803 0.459274432042145 0.424334139008772 0.403143182087884 0.405947261015946 0.398874741791045 0.387205409321978 0.381558028915171 0.38702984929123 0.416309308309631 0.410726966293659 0.385225363013245 0.399079561613159 0.420321926886953 0.456274462465795 0.476783225102747 0.486580530468256 0.490884867920076 0.49277277528995 0.48829872066348 0.49517627080708 0.511548147716282 0.442505583085722 0.377171991754708 0.390406858398731 0.383995661650471 0.357830406853188 0.355774235868299 0.374692249209096 0.493590090886212 0.557628936164999 0.555348010831256 0.538655103283486 0.525334296570963 0.590638152142259 0.632527943047209 0.64027412086406 0.658353013218493 0.676890198446206 0.618034521469715 0.587336148733922 0.606505592972039 0.613670875543894 0.615158593043345 0.679053612594898 0.732456441023653 0.762620245561542 0.78486256021281
0.554838345429704 0.520377250237336 0.500212472752908 0.497095282359925 0.456833409880091 0.410464185280812 0.410684412852717 0.407827852704724 0.400547257312401 0.417006377988126 0.439734395561167 0.409029046657401 0.390880570706033 0.39464607039527 0.383246133214819 0.364797778224498 0.385775089339498 0.405858381903418 0.424027465791795 0.412666103479847 0.384431698018468 0.405492284984694 0.42886086596012 0.452104896832588 0.464067749747734 0.468206228650385 0.461152609137976 0.456751014072083 0.465254377790976 0.470913585276016 0.474193979438748 0.426883069537349 0.385334175620987 0.406496995220672 0.41025456874527 0.396511219338925 0.394733634590358 0.4072541739881 0.494377740623453 0.533810498022959 0.515589201639164 0.507252561106019 0.505684739582317 0.543419383394239 0.569694944546313 0.579260272329777 0.579930234646719 0.577153108672579 0.572813562347205 0.577197919848596 0.597032692475389 0.606226524987408 0.610387550410285 0.689882917786345 0.750510833112421 0.769596592498169 0.789370955423986
0.527929628861749 0.509252225103791 0.495484280395509 0.487570600570746 0.433463259284402 0.37358054434347 0.389562302514075 0.393337954990576 0.379562756806336 0.39394031589002 0.41657713678712 0.392861835932971 0.380287278072367 0.387155297317089 0.373879513073968 0.351245463635092 0.392929667775738 0.423109869920614 0.428658524546523 0.411975720318699 0.382590352710383 0.410333246625443 0.435339791732128 0.445751387169911 0.449615967051336 0.448939682621219 0.432696258698745 0.423034755592538 0.441202000564543 0.445737670427998 0.438872077559714 0.412500521310039 0.39396587046862 0.425087126591412 0.440647445649087 0.440561288975536 0.441035131429193 0.448401546369121 0.499243518579869 0.516144592170737 0.492014061856397 0.490333411273023 0.495650881694752 0.504255919943618 0.514685134960726 0.527774459901796 0.515083728555298 0.495551916103935 0.541837801814817 0.57671530722124 0.591388072282912 0.60481565086461 0.617654298085346 0.703420217047851 0.765322199287943 0.774830595874218 0.793286371524787
