layers/veg/veg4100.asc
NCOLS 255 
NROWS 330 
XLLCORNER -2985163.8955 
YLLCORNER -3022031.214 
CELLSIZE 25000 
NODATA_value -9999 
[rows 150 to 174 of 330, columns 56 to 111 of 255]
-9999 -9999 -9999 -9999 -9999 -9999 -9999 -9999 -9999 -9999 -9999 -9999 -9999 -9999 -9999 -9999 -9999 -9999 -9999 -9999 -9999 -9999 0.447888424032597 0.408205858644744 0.324268024605439 0.211329189879294 0.113201960458628 0.0618471942709068 0.0676701931461039 0.10271352525989 0.128370129714335 0.133920967605115 0.131965556461505 0.127147429785377 0.124311234237658 0.115266714380333 0.0680502888266456 0.0325653683419058 0.0517503842079848 0.0925629123700976 0.110875861205134 0.136322495970932 0.19343434489788 0.189624852078843 0.198185723793479 0.243256430899575 0.288237719492501 0.343870299772865 0.391177562214623 0.388883877788814 0.409789190680707 0.442212195861972 0.45024445416839 0.453319878842683 0.452037704654801 0.451715081699403
-9999 -9999 -9999 -9999 -9999 -9999 -9999 -9999 -9999 -9999 -9999 -9999 -9999 -9999 -9999 -9999 -9999 -9999 -9999 -9999 -9999 -9999 0.429152735591116 0.408355054399876 0.360382171497888 0.283971317382517 0.174963220507518 0.0923216308369547 0.0860888282296222 0.107060378628621 0.124565045330767 0.130593827256144 0.127458103583203 0.121764882175751 0.116276651360746 0.104751172062902 0.0684499309063392 0.0203228451416053 0.0186667931071738 0.0732014450288569 0.09631751369926 0.112495771683929 0.143142540542928 0.164733225854692 0.205837077169537 0.217085976362614 0.28219952621606 0.345848873352562 0.393603358284616 0.383695620006499 0.401223357919405 0.442198378190298 0.450382955857767 0.453765183288739 0.454862569761311 0.453520450930182
-9999 -9999 -9999 -9999 -9999 -9999 -9999 -9999 -9999 -9999 -9999 -9999 -9999 -9999 -9999 -9999 -9999 -9999 -9999 -9999 -9999 -9999 0.44876592063975 0.428635071633006 0.388561663132782 0.3309756827009 0.217558175380799 0.0812969381861542 0.042773136326412 0.0936142473840537 0.11273835252252 0.110431365161154 0.124205550125015 0.126329847343914 0.125485531103589 0.112045778301258 0.0588833217389901 0.0215934126883469 0.0480227705247061 0.0654710673643259 0.060292331422912 0.0947939056901324 0.14972906282841 0.138248445370411 0.177576611127116 0.252160053736767 0.32450514999685 0.368443003611221 0.393896944704264 0.401703278463226 0.418049021533903 0.444363072702214 0.451525711431413 0.454982309083196 0.457467087883662 0.457494803806629
-9999 -9999 -9999 -9999 -9999 -9999 -9999 -9999 -9999 -9999 -9999 -9999 -9999 -9999 -9999 -9999 -9999 -9999 -9999 -9999 -9999 -9999 -9999 0.440344908646978 0.40987270349349 0.364115657013928 0.249568197241342 0.106579837809918 0.0396814525959123 0.0741821170858609 0.121681676008092 0.130977587230529 0.12777679930425 0.128023079760482 0.128026732909214 0.111706228091123 0.067746243577752 0.0579219565424552 0.0946701313691372 0.0926667312303135 0.111208824698843 0.144856919336494 0.153958598072915 0.142451103329996 0.171738993794176 0.251281919019964 0.297753893701299 0.366531612681808 0.400796520164304 0.412497041116837 0.431461685968113 0.450145755424347 0.456197277499141 0.459508259272685 0.462471869836124 0.463169403482284
-9999 -9999 -9999 -9999 -9999 -9999 -9999 -9999 -9999 -9999 -9999 -9999 -9999 -9999 -9999 -9999 -9999 -9999 -9999 -9999 -9999 -9999 -9999 0.437036159825789 0.4337374839798 0.405719712571988 0.289338159407709 0.149611894116094 0.07685904595884 0.0767131059512119 0.122951831050489 0.131521775485976 0.13128812785401 0.131455994847701 0.131018296443098 0.116675270887794 0.0933021259497001 0.0971268997907802 0.10259619228553 0.116779472711634 0.161506163695042 0.164144547780009 0.155930620874478 0.167681381747834 0.225959732377578 0.287119465613658 0.314570240487616 0.378378746804083 0.39366942778898 0.401830495790891 0.430088687798821 0.450674609275077 0.459139544312165 0.464250082886831 0.46796496058816 0.469706549605769
-9999 -9999 -9999 -9999 -9999 -9999 -9999 -9999 -9999 -9999 -9999 -9999 -9999 -9999 -9999 -9999 -9999 -9999 -9999 -9999 -9999 -9999 -9999 0.443200534339369 0.44086737613872 0.424254336237119 0.315093161693583 0.158598346907418 0.0814404923582571 0.0829141545197818 0.124477124241373 0.130508442530149 0.1301212816909 0.130885215890285 0.130821335358099 0.117947613101697 0.10421331301299 0.094569909928905 0.0899904169604111 0.0959079181642637 0.14594024428609 0.178212774076817 0.152409481716805 0.173382479246593 0.233042702859717 0.320918175299368 0.367120095485447 0.391928861199775 0.389045816937352 0.401729314711346 0.427074412758573 0.453648037301131 0.462480391243403 0.467343764290631 0.471645809323385 0.473946510379016
-9999 -9999 -9999 -9999 -9999 -9999 -9999 -9999 -9999 -9999 -9999 -9999 -9999 -9999 -9999 -9999 -9999 -9999 -9999 -9999 -9999 -9999 -9999 0.446648515952539 0.443660832497939 0.441706142500541 0.359378708954473 0.184820704950539 0.0934337394197798 0.098366548262233 0.111248727551374 0.126551130412843 0.125848647104117 0.126134053390158 0.130717899037523 0.128099784729242 0.121264990020377 0.101616717938711 0.0906085939194234 0.111422094764925 0.158245234293776 0.19617606708878 0.177798447652462 0.16327609968095 0.209077778973711 0.299369257898544 0.382186593164889 0.414974306956816 0.404982436773996 0.411002170747124 0.441853988378881 0.461020123599707 0.469919187150444 0.474304772932174 0.477758105883262 0.479865150685744
-9999 -9999 -9999 -9999 -9999 -9999 -9999 -9999 -9999 -9999 -9999 -9999 -9999 -9999 -9999 -9999 -9999 -9999 -9999 -9999 -9999 -9999 -9999 0.454835553392316 0.446213187114166 0.438107929610639 0.386875632529594 0.217145949348299 0.0873086011042727 0.0759184487575132 0.0855954808501996 0.113625658150085 0.117418374194209 0.117550315879471 0.127438147379825 0.124653709246827 0.117149419290633 0.104127751959858 0.0940799198301256 0.12629005568285 0.18719033350049 0.194161131833171 0.192255535786431 0.198346009974421 0.239762079756715 0.333574443525663 0.392938563603996 0.436660918601933 0.432278001254847 0.437524173734543 0.459672025520301 0.472486676753191 0.478231452333108 0.48185300210746 0.483768096695002 0.484806048499453
-9999 -9999 -9999 -9999 -9999 -9999 -9999 -9999 -9999 -9999 -9999 -9999 -9999 -9999 -9999 -9999 -9999 -9999 -9999 -9999 -9999 -9999 -9999 0.452820113074329 0.446907912476267 0.445098210882445 0.401518120607996 0.232726463931181 0.0761989082723137 0.0537697836969311 0.0657226833072289 0.0799926212530868 0.103487832316171 0.112849753587997 0.109284850188355 0.112916586612488 0.109666558335103 0.0874522955349259 0.07519042303061 0.0868425219143399 0.12600894930566 0.16297630284423 0.187478966793379 0.193485187464796 0.22429296122869 0.310329007125355 0.36305228246436 0.420184440734404 0.458373404373731 0.468433527140833 0.47852098637901 0.480134286101694 0.4849008001569 0.488435369004923 0.489365839512941 0.489527795986995
-9999 -9999 -9999 -9999 -9999 -9999 -9999 -9999 -9999 -9999 -9999 -9999 -9999 -9999 -9999 -9999 -9999 -9999 -9999 -9999 -9999 -9999 -9999 0.451559884108855 0.453676927550215 0.456920099434971 0.419913353709671 0.272757453051201 0.112755194018048 0.0682767719359412 0.0857892547937452 0.0929090567692522 0.083489550997564 0.0923482697292214 0.106988417741127 0.112102031794046 0.101225094623463 0.077817169840743 0.0687603116982789 0.0864431604518242 0.124875369131303 0.15968148507245 0.176100044894249 0.193303446331091 0.237161287484811 0.287437578947449 0.335243582187758 0.405777096120723 0.446866391621854 0.474104036240341 0.489242278283186 0.489367407169018 0.492954715272066 0.495211909657309 0.495259161868057 0.495135735262518
-9999 -9999 -9999 -9999 -9999 -9999 -9999 -9999 -9999 -9999 -9999 -9999 -9999 -9999 -9999 -9999 -9999 -9999 -9999 -9999 -9999 -9999 -9999 0.450576383319632 0.45731469807026 0.465965571117447 0.434578558679771 0.290329834534261 0.13620072840692 0.10525594218642 0.084205115643101 0.0422508694539894 0.0312710523307609 0.0631614160845643 0.0944628465170214 0.105866180056642 0.084558872556153 0.063526795302038 0.0601056997428603 0.0941097144562552 0.157103013549676 0.181553171649312 0.146994827621691 0.150133840122405 0.248226732665324 0.317170363751484 0.350627932413723 0.394029697349743 0.413763282304425 0.460020614242107 0.489118112612803 0.495069575002806 0.500375703568755 0.500490640143162 0.500311752417969 0.499987904530545
-9999 -9999 -9999 -9999 -9999 -9999 -9999 -9999 -9999 -9999 -9999 -9999 -9999 -9999 -9999 -9999 -9999 -9999 -9999 -9999 -9999 -9999 -9999 0.446717958475211 0.449869690385616 0.449718334503349 0.427073602934969 0.29313299013106 0.148940448162219 0.0907185096960083 0.057866923760089 0.0637569275340419 0.0426862274275604 0.0374345906833594 0.0820070717939521 0.0940272578772098 0.0676845986330754 0.042787587269313 0.0428395786299011 0.100938693895479 0.151978397911128 0.150422739440906 0.139003984297777 0.155623619047942 0.260839713842073 0.338627031873472 0.381450849112432 0.407887906140497 0.428123077834689 0.462965227625231 0.489996103933782 0.499455283881528 0.502317963354181 0.502229651381618 0.502112116001013 0.501952938852492
-9999 -9999 -9999 -9999 -9999 -9999 -9999 -9999 -9999 -9999 -9999 -9999 -9999 -9999 -9999 -9999 -9999 -9999 -9999 -9999 -9999 -9999 -9999 0.406661469857978 0.404653656415372 0.409075143199048 0.405892048063764 0.278622205645874 0.154235696075577 0.124529523297285 0.0820607972281897 0.0352927193396938 0.00742620388333824 0.0330263130115726 0.0688491321360283 0.0384540652541394 0.020860965699569 0.0447663598840617 0.0791326286317045 0.0988953877750667 0.120489415676443 0.13868188894079 0.134972913601863 0.163097612223281 0.253139855311698 0.346802194988674 0.416375641211635 0.419432764171231 0.450316663383879 0.482501802645955 0.498250517257164 0.504920266165992 0.506073481975425 0.505471615854568 0.50495526860401 0.50450405044373
-9999 -9999 -9999 -9999 -9999 -9999 -9999 -9999 -9999 -9999 -9999 -9999 -9999 -9999 -9999 -9999 -9999 -9999 -9999 -9999 -9999 -9999 -9999 0.377572361970442 0.372033540616477 0.402282299228315 0.401922953238878 0.290531838320628 0.173259101714547 0.13613901778724 0.104419158799637 0.0663511482152323 0.0406240804123508 0.0219873295465618 0.0398278414069971 0.0325661075374589 0.0174105813176945 0.0404789450599488 0.0903691026033028 0.113439180966333 0.124860517296101 0.124092543822022 0.1055184550525 0.146384654898191 0.269461246489172 0.370670858593132 0.437482346721583 0.456036333163901 0.472392731092688 0.494597110336089 0.503397884233314 0.508278107814316 0.509377143008672 0.508696182442073 0.507785912298677 0.507188697330608
-9999 -9999 -9999 -9999 -9999 -9999 -9999 -9999 -9999 -9999 -9999 -9999 -9999 -9999 -9999 -9999 -9999 -9999 -9999 -9999 -9999 -9999 -9999 0.395118506674624 0.391530484386465 0.400131682216015 0.400247696890288 0.305068331002476 0.227439035306655 0.233510370944114 0.20227444527986 0.134856820816562 0.0567235990700811 0.000461914918746773 0.00508365584378133 0.0179962372652227 0.0257447401371138 0.0677922238314627 0.0992552481783588 0.107915647703199 0.127746808260363 0.119682484863218 0.103537462644517 0.135268228813352 0.273444776160273 0.415290371829475 0.453070764327714 0.462717404560132 0.481705132464975 0.502521168057488 0.507140010063871 0.510818836039059 0.511572557188322 0.510879427265624 0.509974776339557 0.509337538439978
-9999 -9999 -9999 -9999 -9999 -9999 -9999 -9999 -9999 -9999 -9999 -9999 -9999 -9999 -9999 -9999 -9999 -9999 -9999 -9999 -9999 -9999 -9999 0.388757545937685 0.380743794732444 0.393663714682393 0.397106136710158 0.329740187119093 0.268265810326488 0.245937374756131 0.184408891163924 0.111556285871193 0.0429392019454003 0.000204558330695965 0.0095532042171815 0.00542982228037989 0.00953362847659217 0.0443994341918278 0.0765844166731541 0.104272361763657 0.131883235827299 0.12179598822927 0.123314752628785 0.197589354589311 0.328679377781185 0.440624233760647 0.478208293892693 0.489452484158961 0.495263077644795 0.509863486795162 0.512728266889828 0.514473148300024 0.514589641809815 0.513588554552314 0.512300576144826 0.511516464781794
-9999 -9999 -9999 -9999 -9999 -9999 -9999 -9999 -9999 -9999 -9999 -9999 -9999 -9999 -9999 -9999 -9999 -9999 -9999 -9999 -9999 -9999 -9999 0.409633125541999 0.39226975331234 0.387069441358104 0.389470058547267 0.330056281847789 0.259517819283096 0.226325653413337 0.197522887510886 0.166902653438741 0.0858738747129295 0.00463994118190602 0 0.00471107546828616 0.0147162780429371 0.0361364929626198 0.0522379133321518 0.0895574486422964 0.141757095495846 0.128146475681367 0.160338776457978 0.251470832778401 0.354918189623987 0.457278125606646 0.4829818369423 0.498045432481072 0.508000813427444 0.516542427448885 0.51785347657272 0.517921611724017 0.51712470192601 0.515964246355558 0.514732842417355 0.51364133856217
-9999 -9999 -9999 -9999 -9999 -9999 -9999 -9999 -9999 -9999 -9999 -9999 -9999 -9999 -9999 -9999 -9999 -9999 -9999 -9999 -9999 -9999 -9999 0.421815698999876 0.408025399484538 0.391272970694823 0.38189835715694 0.319345276708251 0.25480723046329 0.234975583820523 0.237226167836786 0.257358309993052 0.16285011590454 0.0316547292869155 0.0127158800674647 0.0235101875879086 0.0224181497305051 0.0276645051703017 0.0308962207973268 0.0824087213377873 0.134162474763234 0.131662611074205 0.0938208989125575 0.123467139238463 0.312577135429465 0.46656604244042 0.49947251237607 0.502736185963994 0.515367148071697 0.52014156063207 0.520258664942029 0.519646152874877 0.51865321453442 0.517543207855465 0.516227127596082 0.515136930792744
-9999 -9999 -9999 -9999 -9999 -9999 -9999 -9999 -9999 -9999 -9999 -9999 -9999 -9999 -9999 -9999 -9999 -9999 -9999 -9999 -9999 -9999 -9999 0.486366135166978 0.411983658570095 0.392789953137652 0.37719466754837 0.32639615111983 0.238032235820036 0.209761926346009 0.256243915756645 0.287870851986292 0.19056387145776 0.0404250952903704 0.0100662196185157 0.0303784616663743 0.0542528572835585 0.0644981608834717 0.0667466596895189 0.111600038837365 0.128897871318807 0.122446154117345 0.132372648731699 0.140874531937545 0.286832570697088 0.462947670924241 0.505023504469162 0.513594632573413 0.519558209498019 0.520558294058497 0.520787726926599 0.520381919799699 0.519740821661092 0.51883871708704 0.51760172349479 0.516699880690616
-9999 -9999 -9999 -9999 -9999 -9999 -9999 -9999 -9999 -9999 -9999 -9999 -9999 -9999 -9999 -9999 -9999 -9999 -9999 -9999 -9999 -9999 0.53977102595429 0.4868905070577 0.418530264626509 0.405563012262287 0.375176496497333 0.30331893263021 0.233987029832206 0.232174381556888 0.268938644765139 0.291827693477799 0.209727163970685 0.0758920671766826 0.0286865767650984 0.0377830540328856 0.0726144361220248 0.0846789299265904 0.0901222568978857 0.120204293253642 0.12996702000644 0.131597083068756 0.145952765693868 0.199340907518868 0.322002939341842 0.449966369209029 0.510597118924062 0.515955736463912 0.517498194970936 0.520623477401217 0.521327587029947 0.521017867216665 0.520477044448396 0.519877212599714 0.518858246621439 0.517876533409389
-9999 -9999 -9999 -9999 -9999 -9999 -9999 -9999 -9999 -9999 -9999 -9999 -9999 -9999 -9999 -9999 -9999 -9999 -9999 -9999 -9999 -9999 -9999 0.502476501979025 0.454045219558714 0.430053174207907 0.377233233875872 0.315309034834977 0.278809552518074 0.271781600125168 0.280305662079303 0.292453999524323 0.211661356348214 0.0811002742369079 0.0336828894543754 0.0357141357315248 0.0711982659823852 0.0888672722183994 0.100260684126762 0.140720823052828 0.14865976651886 0.137807185317668 0.18400920987004 0.315091435682707 0.433713345101523 0.487885430326886 0.508833850170154 0.505883070339341 0.511657734027105 0.520878038942179 0.522379333494238 0.521872967813189 0.521434135150761 0.520891166337339 0.519856488721599 0.518957968280742
-9999 -9999 -9999 -9999 -9999 -9999 -9999 -9999 -9999 -9999 -9999 -9999 -9999 -9999 -9999 -9999 -9999 -9999 -9999 -9999 -9999 -9999 -9999 0.485338515119389 0.456339911434837 0.44260806621117 0.395277433844378 0.315240460197249 0.278153773215795 0.27365614174254 0.272737339441691 0.285654918835794 0.213447182545539 0.0660466809110128 0.0107289017368795 0.039296211403623 0.0729228374971352 0.0897291841070857 0.10247910739549 0.139320095922369 0.136632675854141 0.132287380604209 0.229998351710843 0.371544392875731 0.459282592511915 0.497687568009009 0.493508057125241 0.499986934272664 0.512518106402394 0.522141424148254 0.523027090623024 0.522376364839067 0.521878028544897 0.521304859017455 0.520327873903309 0.519391353915377
-9999 -9999 -9999 -9999 -9999 -9999 -9999 -9999 -9999 -9999 -9999 -9999 -9999 -9999 -9999 -9999 -9999 -9999 -9999 -9999 -9999 -9999 0.497998066380865 0.484161541941131 0.467348125661187 0.466509001945103 0.414694975920715 0.313937324304723 0.255497917282717 0.240423489531154 0.219586271747684 0.225587010529454 0.171164319870242 0.0791998921729111 0.0480420626227399 0.0549121854397623 0.0835371284240178 0.0716876127988139 0.0736683247968325 0.0982446671283587 0.0855854706528671 0.133159507412748 0.285628841623016 0.410622358515815 0.470282790632176 0.450188131965531 0.419033404691251 0.480058917638501 0.513219486085317 0.522244619706313 0.523577771596775 0.523165831562825 0.522367863300513 0.521745911512645 0.520954849524123 0.520074098918912
-9999 -9999 -9999 -9999 -9999 -9999 -9999 -9999 -9999 -9999 -9999 -9999 -9999 -9999 -9999 -9999 -9999 -9999 -9999 -9999 -9999 -9999 0.479574096594892 0.456655640536529 0.430946618885083 0.438331311249194 0.404886054749747 0.311666616582625 0.214403553032915 0.179527978433269 0.188768889487848 0.171094837625804 0.098858377153912 0.0840528630657232 0.101657841567814 0.0699367500952743 0.0517938862366704 0.00648964458698533 0.0323753399188456 0.0800246925214637 0.129838090519321 0.165508277297218 0.287862988953605 0.425938219050347 0.458605774804343 0.445069603286414 0.40461211354194 0.463967546057985 0.513965039435554 0.52066986637061 0.522377651606008 0.522528130030714 0.522207478217835 0.522024695442003 0.521352703768498 0.520643838003718
-9999 -9999 -9999 -9999 -9999 -9999 -9999 -9999 -9999 -9999 -9999 -9999 -9999 -9999 -9999 -9999 -9999 -9999 -9999 -9999 -9999 -9999 0.472819800244495 0.424502010995582 0.386477676131482 0.413921808016036 0.381465858603761 0.271418537291418 0.188280281803081 0.160172436164234 0.129539868161589 0.0934472957544729 0.057449901412533 0.0923547732755521 0.130399641328664 0.111477196518346 0.0560831059974361 0.035415287595657 0.0363785333290893 0.0409295518384802 0.129117670558486 0.183716313787825 0.279696298666596 0.438785778509455 0.468931989197203 0.418034521939752 0.401331243351184 0.485771142887657 0.513227368014731 0.518831676788282 0.520738481782043 0.521135212592922 0.521146203833318 0.521362117387336 0.521183827040311 0.520752431893935
