layers/veg/veg4300.asc
NCOLS 255 
NROWS 330 
XLLCORNER -2985163.8955 
YLLCORNER -3022031.214 
CELLSIZE 25000 
NODATA_value -9999 
[rows 150 to 174 of 330, columns 56 to 111 of 255]
-9999 -9999 -9999 -9999 -9999 -9999 -9999 -9999 -9999 -9999 -9999 -9999 -9999 -9999 -9999 -9999 -9999 -9999 -9999 -9999 -9999 -9999 0.421257042144632 0.384466285622228 0.307055286253887 0.203494084120193 0.113681532861607 0.066644112538661 0.0719458504853623 0.104077427098278 0.127808386367463 0.133205205208482 0.131724101606114 0.127621724460924 0.125188863051453 0.116949666143879 0.0737845262812859 0.0412211169081811 0.0583712825833856 0.0950691813896259 0.111276932014358 0.133960086707017 0.185378083913853 0.181373325729082 0.188699683858315 0.22925261848669 0.26986434213379 0.32029334678056 0.363171849169877 0.360967850961575 0.380030578462235 0.409699996804977 0.417208524876895 0.420293965500714 0.419551007229428 0.419676520062458
-9999 -9999 -9999 -9999 -9999 -9999 -9999 -9999 -9999 -9999 -9999 -9999 -9999 -9999 -9999 -9999 -9999 -9999 -9999 -9999 -9999 -9999 0.405195792109073 0.385674431552026 0.341115284010571 0.270887156327525 0.171153825499171 0.0955462268157787 0.0897703913347258 0.108948192038468 0.125075905812874 0.130763022137991 0.1280892787687 0.123079728661731 0.118168809005046 0.107651427452527 0.0744492334729316 0.0304018083767109 0.0286199881079079 0.0779192189244113 0.0985947785084766 0.112922743171446 0.140331822688695 0.159569388974752 0.196635331043569 0.206445422671566 0.26546484099188 0.323238100746737 0.366551205451735 0.357413789425192 0.373382993767314 0.410810111263662 0.418411469363082 0.421716211022793 0.423056700002573 0.42217298273679
-9999 -9999 -9999 -9999 -9999 -9999 -9999 -9999 -9999 -9999 -9999 -9999 -9999 -9999 -9999 -9999 -9999 -9999 -9999 -9999 -9999 -9999 0.423764778571874 0.404893710343044 0.367597930988902 0.314552907883755 0.210799776014118 0.0862926658793157 0.051038240665347 0.097371708257485 0.114880681714617 0.112888337008444 0.125557518427353 0.127604454422671 0.126884495598666 0.114605078085088 0.0660339160748814 0.0318786343846625 0.0557253210499531 0.0712707417250269 0.0662049358302683 0.0972838156603086 0.146892394174441 0.136038619060306 0.171530309129057 0.239112974291046 0.304756151171536 0.344584120435158 0.367585714352306 0.374595784673958 0.389477287721715 0.413518157534089 0.420159279341682 0.423494468398941 0.426046806080325 0.426362271559791
-9999 -9999 -9999 -9999 -9999 -9999 -9999 -9999 -9999 -9999 -9999 -9999 -9999 -9999 -9999 -9999 -9999 -9999 -9999 -9999 -9999 -9999 -9999 0.416391449439058 0.388118940898636 0.345888326601521 0.241106755314867 0.110438815076609 0.0492717353514942 0.0806365246366137 0.123902142082917 0.132391667203271 0.129507016441118 0.129757828618103 0.12975654797595 0.114824505119422 0.0746308974750601 0.0655187189089326 0.0987995500769658 0.0966654710143012 0.113270631706473 0.14362697626687 0.151530377081209 0.140709608797083 0.167100149470929 0.239256173040109 0.281354215822246 0.343844618075931 0.374891144771609 0.385450985183387 0.402704888303569 0.4197604467162 0.425351950435242 0.428507177948842 0.43142953561505 0.432293370727342
-9999 -9999 -9999 -9999 -9999 -9999 -9999 -9999 -9999 -9999 -9999 -9999 -9999 -9999 -9999 -9999 -9999 -9999 -9999 -9999 -9999 -9999 -9999 0.414311010534587 0.410879235688139 0.384846369688357 0.27839714841304 0.150683183893497 0.0841440056054167 0.0838753870979255 0.125912935270203 0.133669701838958 0.133424807703178 0.133535572474128 0.133085905387956 0.119930150156946 0.0984857819875898 0.101815869233711 0.106605572726851 0.119257742179273 0.159764186348844 0.161897174503589 0.154069365354836 0.164489759574847 0.217340584553663 0.272780933133207 0.297569271585549 0.355546325136178 0.369307817881833 0.376639781150058 0.402350249828988 0.421111443756844 0.428870435458571 0.433625230100528 0.437175477542544 0.43893780684076
-9999 -9999 -9999 -9999 -9999 -9999 -9999 -9999 -9999 -9999 -9999 -9999 -9999 -9999 -9999 -9999 -9999 -9999 -9999 -9999 -9999 -9999 -9999 0.420653916422051 0.418057095116725 0.402438547554747 0.302574946868498 0.159569562296926 0.0889976835122006 0.0901765060595015 0.127910298875372 0.133314490912803 0.132893248897934 0.133507401362722 0.133370458945239 0.121536394418329 0.108865246804426 0.0999175768408684 0.095555157788502 0.10068856626466 0.146048070191302 0.175211136868022 0.151378022452641 0.17022623530411 0.224356092753463 0.304166773748804 0.346059408590176 0.368498012749521 0.365698272913846 0.377149242585035 0.400194671996098 0.424394785696848 0.432467826723901 0.436971506330252 0.441020960190704 0.443259367185024
-9999 -9999 -9999 -9999 -9999 -9999 -9999 -9999 -9999 -9999 -9999 -9999 -9999 -9999 -9999 -9999 -9999 -9999 -9999 -9999 -9999 -9999 -9999 0.4246787891346 0.421516076635811 0.419284100446599 0.343886353169445 0.184411982815184 0.100853582400423 0.105154676969812 0.116701779685885 0.130512835312687 0.129762512359541 0.129893756188605 0.133959084374176 0.131449748342412 0.125049655267649 0.106977131489073 0.096759892106358 0.115483518785966 0.157934923312953 0.192276050788045 0.175238442610038 0.161758308780047 0.203277521642156 0.2853116463394 0.360590911519057 0.390308408161498 0.3810302427063 0.386401798348846 0.414452132787423 0.431875812183638 0.439982251377226 0.444016992133592 0.447246567606461 0.449265380183912
-9999 -9999 -9999 -9999 -9999 -9999 -9999 -9999 -9999 -9999 -9999 -9999 -9999 -9999 -9999 -9999 -9999 -9999 -9999 -9999 -9999 -9999 -9999 0.432879329881218 0.424667463867408 0.416853646154206 0.369806839217838 0.214732361647043 0.0961179180495954 0.0855202985116619 0.0941129062852939 0.119492562757364 0.122807543175241 0.122762392661791 0.131634763588284 0.128954543893863 0.121928068249129 0.109888038549745 0.100546867810104 0.129665004352686 0.184957289459719 0.191094037535933 0.189088244934968 0.194411490977961 0.231947481483599 0.317204925178849 0.371116805581027 0.410803629097543 0.406635696064927 0.411295289636814 0.431398929292632 0.443010787008625 0.448217814654575 0.451526768858631 0.453313837346586 0.454320663027093
-9999 -9999 -9999 -9999 -9999 -9999 -9999 -9999 -9999 -9999 -9999 -9999 -9999 -9999 -9999 -9999 -9999 -9999 -9999 -9999 -9999 -9999 -9999 0.431624352560308 0.425847876408378 0.423788200285946 0.383723543608987 0.229506067324009 0.0865609936677558 0.0658916844275891 0.0765416395014137 0.0893627846097242 0.110618007001079 0.11896493916209 0.115560239796694 0.118716192580439 0.115556598747894 0.0951324673125915 0.0837721370476688 0.0941548222538001 0.129642120171912 0.163125002027248 0.185197216342807 0.190451097041732 0.21832465134864 0.296500655968486 0.344363197123157 0.396272390185998 0.430902976031267 0.439944459568201 0.449046190940297 0.450433248781431 0.454732485899924 0.457943053238009 0.458806547075822 0.458990759629733
-9999 -9999 -9999 -9999 -9999 -9999 -9999 -9999 -9999 -9999 -9999 -9999 -9999 -9999 -9999 -9999 -9999 -9999 -9999 -9999 -9999 -9999 -9999 0.431127943934015 0.432736597559843 0.435311791283059 0.401249764629043 0.266757273789537 0.120642746087764 0.0798668249398219 0.0955663987625772 0.101852449242918 0.0930885686718361 0.100953533709904 0.114123263992105 0.118615497683144 0.108490822627019 0.0869708091003305 0.0785286130640085 0.0944080368642983 0.129228959914952 0.160747205552352 0.175458809838185 0.190924923635412 0.230698373643753 0.276286478628836 0.319669208861831 0.383791147819873 0.421059063247556 0.445747927859993 0.459439667030477 0.459449358747844 0.462652278453994 0.464673476835987 0.464697771323328 0.464590304032636
-9999 -9999 -9999 -9999 -9999 -9999 -9999 -9999 -9999 -9999 -9999 -9999 -9999 -9999 -9999 -9999 -9999 -9999 -9999 -9999 -9999 -9999 -9999 0.430707999984548 0.436625428863236 0.444225741716555 0.415297015259194 0.28346104400264 0.142699692012047 0.114252789140443 0.0947923850389562 0.0563375315056982 0.0461372083958754 0.0749764097564692 0.103317582516617 0.113530853803586 0.0938879645171144 0.0745261198669797 0.0712168902350292 0.101970342669528 0.15917778999771 0.181259647128198 0.149512798248363 0.152163571692608 0.241371612096304 0.303975619559961 0.334280364476602 0.373670164858002 0.391466524405371 0.433481652178804 0.459883703462322 0.465184509357157 0.469934624523397 0.46998094763923 0.469768866456669 0.469450855615143
-9999 -9999 -9999 -9999 -9999 -9999 -9999 -9999 -9999 -9999 -9999 -9999 -9999 -9999 -9999 -9999 -9999 -9999 -9999 -9999 -9999 -9999 -9999 0.427694108175633 0.430276286768849 0.42985634576125 0.408903700904461 0.28646866779961 0.154765434482942 0.101454861298733 0.0712333544446324 0.0763792066716835 0.0569741337503374 0.0519510643266949 0.09237999446264 0.103148674865278 0.0789093001979918 0.0560200522186969 0.055873431640277 0.108585997783423 0.15489776262864 0.153277201266461 0.14262150021157 0.157559818334609 0.253260536570825 0.323924531630947 0.362764585890889 0.386688951004105 0.404936739667362 0.436540995510224 0.461050666419743 0.469535576374838 0.472045765913042 0.471892208106017 0.471716319815096 0.471530271341799
-9999 -9999 -9999 -9999 -9999 -9999 -9999 -9999 -9999 -9999 -9999 -9999 -9999 -9999 -9999 -9999 -9999 -9999 -9999 -9999 -9999 -9999 -9999 0.391825312163593 0.38969815627935 0.393389361120086 0.390185998021672 0.273839723803586 0.160191919855261 0.132870531322611 0.0938787423770313 0.0510235606889142 0.0254164675103039 0.0485022695231308 0.0809473331525908 0.0530490533919486 0.0367757157867563 0.0583607714288415 0.0894853553514138 0.107253091328196 0.126725005631997 0.143102839670776 0.139473590050669 0.164897647531566 0.246767345140481 0.331898173892806 0.395115686978087 0.397725485648487 0.425670299864679 0.454843379364466 0.469058001029533 0.474983044719204 0.475918029280323 0.475277106738748 0.474711818067714 0.474235830495491
-9999 -9999 -9999 -9999 -9999 -9999 -9999 -9999 -9999 -9999 -9999 -9999 -9999 -9999 -9999 -9999 -9999 -9999 -9999 -9999 -9999 -9999 -9999 0.365752714252434 0.360460861744972 0.387707405597728 0.387088103861941 0.285223020985156 0.178063117907413 0.143984674510814 0.114787318947595 0.0798576221470668 0.0561948415135663 0.0389536740061042 0.0550020875376121 0.0481820815932552 0.0341233759478056 0.0549403112141921 0.100210085284724 0.120988511565273 0.131186240977003 0.130281162003321 0.113101560460894 0.150137233824232 0.26211377306938 0.35412018792531 0.414816507577568 0.431545322084608 0.446240679743055 0.466307908719431 0.474178827199803 0.478457006431333 0.479327254806829 0.478597101403853 0.477649835094634 0.477019773708709
-9999 -9999 -9999 -9999 -9999 -9999 -9999 -9999 -9999 -9999 -9999 -9999 -9999 -9999 -9999 -9999 -9999 -9999 -9999 -9999 -9999 -9999 -9999 0.38208111503015 0.378549676107534 0.386075788465667 0.385896763139781 0.2988139014183 0.227789899436647 0.233078771159833 0.20432194598424 0.142640169966278 0.0712096050190755 0.0196715731301381 0.0236681619499885 0.0352322066783147 0.0420449546091898 0.0801569787224677 0.10862895234203 0.116271135516551 0.13413196764055 0.126575146970981 0.111607669398155 0.140315337307106 0.26605265473351 0.395093385099324 0.429326533415638 0.437932811795711 0.455020395578816 0.473816020234948 0.477867917585955 0.48104060837418 0.481586043534805 0.480833633465448 0.479876593554278 0.479196434376405
-9999 -9999 -9999 -9999 -9999 -9999 -9999 -9999 -9999 -9999 -9999 -9999 -9999 -9999 -9999 -9999 -9999 -9999 -9999 -9999 -9999 -9999 -9999 0.376677305500595 0.369129607937402 0.380604995738054 0.383467165017968 0.321743122808201 0.265448278023499 0.244854516265614 0.188488192840033 0.121851472096758 0.0590915445319417 0.0198783196449726 0.0281790840091146 0.0242117224649017 0.0276975728524597 0.0592599505598207 0.0883865447629443 0.113367441580385 0.138316158607368 0.128913072739402 0.130042035186464 0.197523103496961 0.316798396321348 0.418581926349673 0.452631511448729 0.462688117201154 0.467757127568125 0.480879136351793 0.483322372329067 0.484718522168408 0.484669925347302 0.483622253372188 0.482296430860165 0.481464682125993
-9999 -9999 -9999 -9999 -9999 -9999 -9999 -9999 -9999 -9999 -9999 -9999 -9999 -9999 -9999 -9999 -9999 -9999 -9999 -9999 -9999 -9999 -9999 0.396019824111783 0.379990471551864 0.374961750075071 0.376882750518728 0.322414516055545 0.257863076609973 0.227370025669413 0.200832251202464 0.172687327786526 0.0986131709565981 0.0243072311937475 0.0163684227614981 0.0239367208424483 0.032797350584744 0.0521015916796654 0.0665660364398172 0.100322142470923 0.147679309712442 0.135062377157632 0.164145276664248 0.246988071799304 0.341065609744436 0.434108592275031 0.457325491132697 0.47085786361996 0.479696845651777 0.487288973376959 0.488307205397449 0.488162824714445 0.487270065290729 0.486064371870958 0.484773153641531 0.483645755839376
-9999 -9999 -9999 -9999 -9999 -9999 -9999 -9999 -9999 -9999 -9999 -9999 -9999 -9999 -9999 -9999 -9999 -9999 -9999 -9999 -9999 -9999 -9999 0.407329805815366 0.394565753032741 0.37901494830804 0.370208769938406 0.312884288845346 0.253805024818864 0.23549100799348 0.237257529283694 0.255370409225537 0.169009890366484 0.0491657354129753 0.0316796217640141 0.0413038610026323 0.0400478010893147 0.0446086406467147 0.0473413317288024 0.0940313154559573 0.140980302621895 0.13848843891094 0.103737453190702 0.130537722706486 0.302689353034509 0.442785955867001 0.472564754274887 0.475338719761639 0.48661137464503 0.490765090541767 0.490689581141617 0.48991722749767 0.488838620875066 0.487671075703528 0.486292292108618 0.485156609915756
-9999 -9999 -9999 -9999 -9999 -9999 -9999 -9999 -9999 -9999 -9999 -9999 -9999 -9999 -9999 -9999 -9999 -9999 -9999 -9999 -9999 -9999 -9999 0.466657236868257 0.39837415773126 0.380604870657326 0.36613393363632 0.31952791190364 0.238735963717351 0.212732449373115 0.254814454355006 0.283404470188073 0.194492585913419 0.0573816125558097 0.0294855791783971 0.0477833290464688 0.0692806637487054 0.0783959926000992 0.0802308446830233 0.120849382862669 0.136392156249424 0.130296702674006 0.139081326743181 0.14660780992289 0.279426866969932 0.439687098763619 0.477820256916744 0.485428215200298 0.490619144523699 0.49132813059727 0.491349713616235 0.49075852384047 0.489993790314265 0.489008328174454 0.487691814096627 0.486718856744837
-9999 -9999 -9999 -9999 -9999 -9999 -9999 -9999 -9999 -9999 -9999 -9999 -9999 -9999 -9999 -9999 -9999 -9999 -9999 -9999 -9999 -9999 0.515653538499208 0.467251794534773 0.404589049885112 0.392503119897443 0.364557272328355 0.298763546812605 0.235322262248201 0.233435824916535 0.266662614331846 0.287289277484147 0.212236852239638 0.0899846347759019 0.0467325782352759 0.0548061155874147 0.0862877233315044 0.0970590075355885 0.101803617854587 0.128956328593282 0.137629024997838 0.138897326289874 0.151715930185314 0.200150801922886 0.311734018910646 0.428102891010838 0.483143826337155 0.48781931738463 0.48897446257006 0.491614471777183 0.492061978934374 0.491549221194445 0.490867305852064 0.490148041504474 0.489017931137752 0.487960950424795
-9999 -9999 -9999 -9999 -9999 -9999 -9999 -9999 -9999 -9999 -9999 -9999 -9999 -9999 -9999 -9999 -9999 -9999 -9999 -9999 -9999 -9999 -9999 0.481609612495274 0.437161391098266 0.41503404846878 0.366646938465692 0.309912305813947 0.276399382298844 0.269761801166402 0.277251178496846 0.288089113632962 0.214228678644029 0.0949598429528545 0.0515136629631214 0.0531463304047177 0.0852209958809895 0.101098707985875 0.111264660712861 0.147874105578565 0.154882543564844 0.144771652897616 0.186613633361321 0.30585952776795 0.41375781678763 0.46286683810075 0.481736372570683 0.478834528474902 0.483841787223389 0.492031992066224 0.493200445502888 0.492500807433692 0.491904698039928 0.491229521732766 0.490074858990004 0.489084378815299
-9999 -9999 -9999 -9999 -9999 -9999 -9999 -9999 -9999 -9999 -9999 -9999 -9999 -9999 -9999 -9999 -9999 -9999 -9999 -9999 -9999 -9999 -9999 0.466187025244258 0.439369650203451 0.426598105020793 0.383217481252121 0.309977505297455 0.275931628415961 0.271601736624108 0.270485709323967 0.28202531460724 0.215989534934109 0.0813722705845622 0.0307248243777728 0.0565427215895094 0.0869232771555322 0.102013681249572 0.113414909674019 0.146724308829174 0.14404621652638 0.139865040441471 0.228652622912176 0.357434137735608 0.437182181852071 0.471918243533092 0.467883123314249 0.473573507584164 0.484735722246766 0.493290223829341 0.493894213338248 0.493058465629758 0.492403896848156 0.491696635091589 0.490588534750576 0.489557936467994
-9999 -9999 -9999 -9999 -9999 -9999 -9999 -9999 -9999 -9999 -9999 -9999 -9999 -9999 -9999 -9999 -9999 -9999 -9999 -9999 -9999 -9999 0.477949411400455 0.46517525652951 0.449534336752074 0.448518853203965 0.401055906435582 0.308934359644222 0.255429523680073 0.241461319006065 0.222192350970153 0.227428381895443 0.177602659306381 0.093511624766443 0.064883860752048 0.0709251661532447 0.0967456412872333 0.085716690447062 0.0873010750569768 0.109430242024298 0.0976619269973439 0.140800457799503 0.279494888102687 0.393187927876759 0.447342813163177 0.428757367930902 0.400133491525779 0.455537042748859 0.48549793866353 0.493503693554314 0.494511638641212 0.493888282033539 0.492955742306568 0.492198774607003 0.491253217472519 0.490267157752936
-9999 -9999 -9999 -9999 -9999 -9999 -9999 -9999 -9999 -9999 -9999 -9999 -9999 -9999 -9999 -9999 -9999 -9999 -9999 -9999 -9999 -9999 0.461205821468323 0.440175079548922 0.416449498864549 0.422933599660237 0.392215853548711 0.306968150538621 0.218080094914464 0.186065768228745 0.194212337198238 0.177870784024584 0.111808933788373 0.0980432103359101 0.113859225718034 0.0847262136303893 0.0679195567730548 0.0263975906288848 0.0497687689787799 0.0929261159086757 0.138096466932899 0.170384060308976 0.281629183855351 0.407243914659909 0.436794873677032 0.424185015722775 0.387080321460124 0.440959604144986 0.486263510251667 0.492151811629215 0.49349833253543 0.493383732157468 0.492882673005662 0.492522164491504 0.491680113406989 0.490846157861948
-9999 -9999 -9999 -9999 -9999 -9999 -9999 -9999 -9999 -9999 -9999 -9999 -9999 -9999 -9999 -9999 -9999 -9999 -9999 -9999 -9999 -9999 0.455082446326285 0.410906384774457 0.375959193921954 0.400728512361789 0.370914217413405 0.270330689992071 0.194317709453539 0.168472499131782 0.14027741270403 0.107148747323037 0.0741165506627415 0.10565854614526 0.140103899820447 0.122635567103879 0.0718759776452446 0.0528079390350009 0.0534631333059014 0.0573381048872272 0.137483909457606 0.187022883549436 0.274228115365233 0.418995230959515 0.446247303177951 0.39958382842407 0.38412867215947 0.460869879155172 0.48562742480633 0.490511407874149 0.492037965747903 0.49214601168699 0.491945577379393 0.491946709985217 0.491552355734514 0.490969236852164
