layers/veg/veg4100.asc
NCOLS 255 
NROWS 330 
XLLCORNER -2985163.8955 
YLLCORNER -3022031.214 
CELLSIZE 25000 
NODATA_value -9999 
[rows 250 to 274 of 330, columns 56 to 111 of 255]
-9999 -9999 -9999 -9999 -9999 -9999 -9999 -9999 -9999 -9999 -9999 -9999 -9999 -9999 -9999 -9999 -9999 0.601256994528006 0.61114647877784 0.626358693687009 0.617376341516391 0.580183587013207 0.5234652130788 0.48761292334307 0.468770449856038 0.456882341897692 0.462140734259825 0.463889367777787 0.460643778548214 0.44672534058532 0.420648285604043 0.412073986227501 0.401152446432456 0.375648278531065 0.363828397810783 0.373076305658119 0.371243779597697 0.364829772842434 0.35595601874962 0.345365493085011 0.334979027947181 0.333808624448784 0.337840146217965 0.338584639804795 0.334775579104228 0.334672299792637 -9999 -9999 -9999 0.287083618322644 0.283706939301535 0.281539920929475 0.279452851542699 0.278100475472364 0.276789019028413 -9999
-9999 -9999 -9999 -9999 -9999 -9999 -9999 -9999 -9999 -9999 -9999 -9999 -9999 -9999 -9999 -9999 -9999 0.626530277869734 0.627851423206879 0.64262719145631 0.634222730242255 0.608758943095145 0.572363694515989 0.526875135162927 0.511084460622865 0.526754539271417 0.506079406510716 0.48179822127973 0.476202728145433 0.461182138880818 0.444053314402242 0.453750292362707 0.44825948319239 0.42273512010612 0.406720561835906 0.395580622355151 0.381163247683764 0.358883170533962 0.334575531053734 0.315946981784664 0.301054841546011 0.308966776472784 0.328070536502905 0.341187571050645 0.344369004759575 0.341288261682841 0.342051291277694 -9999 -9999 -9999 -9999 -9999 -9999 -9999 -9999 -9999
-9999 -9999 -9999 -9999 -9999 -9999 -9999 -9999 -9999 -9999 -9999 -9999 -9999 -9999 -9999 -9999 -9999 0.637667032006212 0.645181226523846 0.652487857570187 0.646071183945332 0.622436795263128 0.591434293408812 0.532330617234297 0.493981613752668 0.519386171803504 0.52055693913188 0.499873782892272 0.482566320666769 0.472662268196745 0.462527283830122 0.46641205888929 0.462525609938482 0.443613406994786 0.4243801657137 0.404661552603739 0.382785632535947 0.361718372262009 0.342248417178939 0.316589878425842 0.295790242309328 0.309368576535412 0.336911610542852 0.350826246592477 0.352365333280728 0.350948228758079 0.352777995261254 -9999 -9999 -9999 -9999 -9999 -9999 -9999 -9999 -9999
-9999 -9999 -9999 -9999 -9999 -9999 -9999 -9999 -9999 -9999 -9999 -9999 -9999 -9999 -9999 -9999 -9999 0.658691925895682 0.656166197664454 0.663091738759722 0.660497907591572 0.624476799124862 0.587896782088511 0.572786924165874 0.551143179628002 0.504010791412337 0.477083322083511 0.500644975484844 0.478099987357681 0.464145111024704 0.468709482046807 0.470368149711125 0.460846964776937 0.446220300055706 0.43153361263133 0.410149130230688 0.391366696052477 0.372463484676774 0.351653173389921 0.330368007172741 0.318144598974733 0.332197695866981 0.355188240685996 0.364948982751901 0.361274070843561 0.359077194739284 0.36402371950301 -9999 -9999 -9999 -9999 -9999 -9999 -9999 -9999 -9999
-9999 -9999 -9999 -9999 -9999 -9999 -9999 -9999 -9999 -9999 -9999 -9999 -9999 -9999 -9999 -9999 -9999 0.68870300279716 0.684682509991106 0.684435726377173 0.67250899825454 0.651553778845777 0.626944881264766 0.593596513642639 0.559864349018827 0.529309830300738 0.509082573181361 0.521142722761008 0.520806115357282 0.498633933776397 0.479255780575551 0.465129711645174 0.45018160269307 0.431706478171833 0.433545829546054 0.41582471298508 0.399069289361691 0.392242918916342 0.38306871634259 0.387768490552088 0.383184452155125 0.375976759173551 0.376524986441042 0.37727059212431 0.376374417179824 0.375356418196978 0.381649416220513 -9999 -9999 -9999 -9999 -9999 -9999 -9999 -9999 -9999
-9999 -9999 -9999 -9999 -9999 -9999 -9999 -9999 -9999 -9999 -9999 -9999 -9999 -9999 -9999 -9999 -9999 0.709255195549095 0.705111117594423 0.702155066925812 0.653867326717598 0.640761670505717 0.627341176090826 0.619916936280126 0.609969249677586 0.582426152424593 0.56281849015734 0.568002069999334 0.560619910939807 0.548902527799741 0.523698473936251 0.496223359140583 0.469441814067976 0.435098203203372 0.415149708703361 0.402132153445191 0.395814859384894 0.39093079318458 0.389048442785533 0.408839426324537 0.416293341132371 0.407770983946661 0.40038665865911 0.402008945158178 0.400859163118365 0.399760827377922 0.401582244750445 0.400800152751467 -9999 -9999 0.374212091573855 0.368071431698397 -9999 -9999 -9999 -9999
-9999 -9999 -9999 -9999 -9999 -9999 -9999 -9999 -9999 -9999 -9999 -9999 -9999 -9999 -9999 -9999 0.695615696250825 0.709313383338716 0.721439103143029 -9999 0.679167586370729 0.68040684360639 0.65408615235955 0.597382423303991 0.596419468986691 0.600233345875743 0.591909801330159 0.592583941299936 0.580589801049492 0.563611507957167 0.545842225464581 0.521586322032669 0.48217610455181 0.438890683862726 0.413005069557604 0.399256209471398 0.404917132393345 0.411554321792991 0.415901810988707 0.430196798895144 0.433893715404688 0.425394644054817 0.418598781701497 0.419249777244572 0.417158856293152 0.413768848058978 0.409834973603691 0.402118335293382 0.39646874411567 0.3897169052384 0.381160602446616 0.38243278775665 -9999 -9999 -9999 -9999
-9999 -9999 -9999 -9999 -9999 -9999 -9999 -9999 -9999 -9999 -9999 -9999 -9999 -9999 -9999 -9999 0.662421786587506 0.685267014439526 0.721114371191653 0.731626315031309 -9999 0.699736635729346 0.644313928318309 0.584821696547198 0.606553989217413 0.632775882601227 0.619458975303667 0.615402345347316 0.612541983611698 0.581579241314468 0.561818116822303 0.560199086043212 0.532917341372869 0.499418546085418 0.472705580828505 0.462967793092427 0.452383311292108 0.435383853216691 0.43649206487654 0.454701766364974 0.466609557806228 0.45956633710256 0.451127830162136 0.449250611564974 0.442550975355486 0.433151500198881 0.42555005684734 0.415126035663976 0.401398524671087 0.397477212372092 0.398701278525767 0.400331042924742 -9999 -9999 -9999 -9999
-9999 -9999 -9999 -9999 -9999 -9999 -9999 -9999 -9999 -9999 -9999 -9999 -9999 -9999 -9999 -9999 0.670400168548725 0.690445990382819 0.724253492875563 -9999 -9999 0.691183792154516 0.71069836007874 0.677101058617533 0.638955359055706 0.660794241051774 0.630254196097587 0.621960171427801 0.638340116594572 0.615954067971568 0.600678632190259 0.594530535057837 0.560598876043326 0.516271299518262 0.47829184027485 0.475031936004616 0.466237278208384 0.456053588993879 0.463139928914498 0.489284074425974 0.514085090010825 0.500838806749407 0.482466068086343 0.472632425426686 0.46233264915448 0.449298201788615 0.447153850408136 0.446378008273519 0.436975979645318 0.425273417088453 0.413012687956957 0.41283330371542 -9999 -9999 -9999 -9999
-9999 -9999 -9999 -9999 -9999 -9999 -9999 -9999 -9999 -9999 -9999 -9999 -9999 -9999 -9999 -9999 0.707703246578501 0.712218471331651 0.734585995334312 -9999 0.699362426285319 0.683961128451783 0.655088862150621 0.622951770094968 0.614844234050123 0.621368086681471 0.620664160938713 0.625249717538164 0.631934771399143 0.607693109496275 0.594982982573092 0.600950449475818 0.574399090090937 0.541311114933646 0.529589958995894 0.50109169092153 0.487059681608311 0.500149747717996 0.510854490109352 0.527885639772429 0.53287881231896 0.518217842660354 0.496951549927964 0.481473021700084 0.470849333816377 0.462485081803885 0.457610955853194 0.4479812934966 0.438118143438293 0.435320569980789 -9999 -9999 -9999 -9999 -9999 -9999
-9999 -9999 -9999 -9999 -9999 -9999 -9999 -9999 -9999 -9999 -9999 -9999 -9999 -9999 -9999 -9999 0.745420581703556 0.744103019350327 0.742143028021761 -9999 0.728003760388185 0.713949213790698 0.678707391638706 0.649618645838009 0.639741306297189 0.653449901644769 0.666145883764245 0.653994957113511 0.661557675809358 0.642780758655163 0.598896911639692 0.572157960798062 0.5763274295768 0.575584585734395 0.56143256985391 0.546499018958099 0.538580791381496 0.548846305507176 0.551035657549114 0.549268787562841 0.538245961284077 0.522935162926595 0.504815953622462 0.493424339097987 0.485440580563401 0.478605793215967 0.471442850672511 0.463802360099524 0.461058954503322 -9999 -9999 -9999 -9999 -9999 -9999 -9999
-9999 -9999 -9999 -9999 -9999 -9999 -9999 -9999 -9999 -9999 -9999 -9999 -9999 -9999 -9999 -9999 0.745636060120102 0.744206015293584 0.745853176137533 -9999 0.745618396398526 0.724743562159586 0.694162083948518 0.663981725434216 0.632003257278955 0.652765716436073 0.681719959500079 0.64394232531874 0.636874041694479 0.642351456124993 0.618664144689644 0.600148964514705 0.595641668004924 0.586841337305558 0.571968680919575 0.587369051898555 0.58619664141977 0.575146933946428 0.561021269374523 0.547064578076388 0.537199394600167 0.527307882494397 0.517422527836945 0.512771298526345 0.497364448014751 0.478305782311743 0.474012740743414 -9999 -9999 -9999 -9999 -9999 -9999 -9999 -9999 -9999
-9999 -9999 -9999 -9999 -9999 -9999 -9999 -9999 -9999 -9999 -9999 -9999 -9999 -9999 -9999 -9999 -9999 0.751145301971001 0.7532270616526 -9999 0.762624908494834 0.718632887146889 0.708580936845132 0.716102491391574 0.646569590094902 0.649985028957522 0.665425014986227 0.644764711544939 0.649233099789107 0.64464213259603 0.627069998249034 0.618643686073483 0.603236294522324 0.588327041436927 0.581888064330413 0.594614718649392 0.594337225564522 0.579572347498384 0.56216108153955 0.550081638742524 0.540545261492464 0.532143842222936 0.525706537243204 0.517120005919846 0.49788100350084 0.495692038053332 -9999 -9999 -9999 -9999 -9999 -9999 -9999 -9999 -9999 -9999
-9999 -9999 -9999 -9999 -9999 -9999 -9999 -9999 -9999 -9999 -9999 -9999 -9999 -9999 -9999 -9999 -9999 -9999 -9999 -9999 0.766871837673437 0.72991260922095 0.708922550591408 0.713150316762522 0.683496747530844 0.671736904740959 0.666448547412089 0.659197170922324 0.651708336691774 0.652476040975731 0.640767826548595 0.637522554323882 0.62489563527816 0.620120466802985 0.631003244027976 0.620001853828005 0.604532095569723 0.590567295854802 0.578612192409361 0.563588296777775 0.547880230031384 0.538343269091712 0.524594500343819 0.510249600830487 0.501111913433551 0.500097690590854 0.507822472808678 -9999 -9999 -9999 -9999 -9999 -9999 -9999 -9999 -9999
-9999 -9999 -9999 -9999 -9999 -9999 -9999 -9999 -9999 -9999 -9999 -9999 -9999 -9999 -9999 -9999 -9999 -9999 -9999 -9999 0.762846522412156 0.755080218634274 0.730852364844049 0.69302813903973 0.651050323159879 0.664421861027811 0.683756500123221 0.667817425438386 0.662684036638366 0.65645011813783 0.636578709752409 0.636029103370879 0.630782435479852 0.626239902647277 0.632750302984766 0.618362732789871 0.595471647486899 0.584937815275418 0.582976183110475 0.575182158251408 0.562666617953747 0.548444326533793 0.532179348180756 0.516291303734715 0.507972820590522 0.509648583667186 0.519251105017375 -9999 -9999 -9999 -9999 -9999 -9999 -9999 -9999 -9999
-9999 -9999 -9999 -9999 -9999 -9999 -9999 -9999 -9999 -9999 -9999 -9999 -9999 -9999 -9999 -9999 -9999 -9999 -9999 -9999 0.748086610845122 0.738394200955054 0.758337950454523 0.740975570282403 0.687807682469969 0.695916507529295 0.691539930956205 0.687730871335748 0.685060089909207 0.667555321665125 0.64398392451501 0.623208003936532 0.614466201346071 0.620301173105128 0.626648341595835 0.612069919159458 0.59124962069326 0.585228126330767 0.582334061675203 0.575061788933139 0.560621384978434 0.547001946932802 0.529497691107501 0.518889593045605 0.513290713079103 0.516804757384307 0.525047491954825 -9999 -9999 -9999 -9999 -9999 -9999 -9999 -9999 -9999
-9999 -9999 -9999 -9999 -9999 -9999 -9999 -9999 -9999 -9999 -9999 -9999 -9999 -9999 -9999 -9999 -9999 -9999 0.792539835168291 0.784804459374344 0.762615429856806 0.742664128454607 0.721557331559218 0.714431370470348 0.685503400444472 0.684161969238596 0.701974932859779 0.689953707406169 0.690889824203992 0.690719329289835 0.672404492109134 0.653834338019526 0.630718877390454 0.627477582467207 0.632854269461094 0.606310972256392 0.595619489865963 0.601680314048019 0.596178887131044 0.581727846172436 0.568585810913702 0.553474850904513 0.533803570716188 0.527882339728658 0.53036506939349 0.538334845908844 -9999 -9999 -9999 -9999 -9999 -9999 -9999 -9999 -9999 -9999
-9999 -9999 -9999 -9999 -9999 -9999 -9999 -9999 -9999 -9999 -9999 -9999 -9999 -9999 -9999 -9999 -9999 -9999 0.789801747164374 0.792202226464606 0.788637300272262 0.763438298227392 0.736153934354554 0.731168386052996 0.707251175003639 0.700345244266418 0.690837263366702 0.686287143360704 0.699884624568356 0.701638592269982 0.689464487891653 0.665149932589167 0.634514811066592 0.634366674829849 0.646981291514606 0.634062886410009 0.621405558938083 0.608595372424273 0.596184468344266 0.584972639199903 0.567208643645614 0.551476441829691 0.556959344374539 0.561094658466712 0.557359233618774 0.555587636365502 -9999 -9999 -9999 -9999 -9999 -9999 -9999 -9999 -9999 -9999
-9999 -9999 -9999 -9999 -9999 -9999 -9999 -9999 -9999 -9999 -9999 -9999 -9999 -9999 -9999 -9999 -9999 -9999 0.771528244443745 0.793551682598452 0.785408591955735 0.744252413265591 0.718376316339175 0.710953456970631 0.707590120698761 0.693159256978772 0.669290839897572 0.65750165226264 0.685578436169341 0.700765751667392 0.68462946847978 0.657354935829537 0.637628733391387 0.640743188142556 0.643871173074774 0.632680173011944 0.623000976254016 0.603773218427989 0.589646326540422 0.582439525414326 0.564081201330005 0.558337511542278 0.571992747235095 0.569352689257814 0.559084659374255 0.551400232174641 -9999 -9999 -9999 -9999 -9999 -9999 -9999 -9999 -9999 -9999
-9999 -9999 -9999 -9999 -9999 -9999 -9999 -9999 -9999 -9999 -9999 -9999 -9999 -9999 -9999 0.769283930838617 -9999 0.76959357235946 0.782312215431637 0.797371743448778 0.754463101362178 0.741316843129638 0.717974362432847 0.704679785596779 0.696572187715645 0.688726984959069 0.68252819812956 0.68562611718967 0.69352446218561 0.692311934304234 0.684685623735758 0.67236942770307 0.649478801261923 0.642246017918131 0.642429668743624 0.624143080525837 0.607748217564452 0.593849360239257 0.590132956095491 0.577368048868405 0.571691069184463 0.582716766269595 0.588017549350027 -9999 -9999 -9999 -9999 -9999 -9999 -9999 -9999 -9999 -9999 -9999 -9999 -9999
-9999 -9999 -9999 -9999 -9999 -9999 -9999 -9999 -9999 -9999 -9999 -9999 -9999 -9999 -9999 -9999 -9999 0.778326358281315 0.77899508014938 0.775902908780272 0.766917960563075 0.734969932092632 0.700864075674338 0.691130140749495 0.680246368467073 0.697401781181618 0.712017066248417 0.689333199567964 0.685955702858921 0.685152326812886 0.682714251842967 0.673951276222967 0.650107086017419 0.643550319894895 0.653102134146518 0.638233894110624 0.618216578931735 0.601101577591409 0.578686550375757 0.575660160349861 0.589870434664534 -9999 -9999 -9999 -9999 -9999 -9999 -9999 -9999 -9999 -9999 -9999 -9999 -9999 -9999 -9999
-9999 -9999 -9999 -9999 -9999 -9999 -9999 -9999 -9999 -9999 -9999 -9999 -9999 -9999 -9999 -9999 -9999 0.763472394023858 0.772974280812424 -9999 0.776089781577493 0.759786717638281 0.727320513905299 0.725510624563134 0.704421164043616 0.681411135241774 0.680167552240851 0.680413940898134 0.682751201159633 0.684314456319313 0.6777717359153 0.668582094998265 0.647431132916688 0.640341502049727 0.652650085251603 0.636321031756257 0.608988189270357 0.579149022534956 0.565949827430852 0.574454661605377 -9999 -9999 -9999 -9999 -9999 -9999 -9999 -9999 -9999 -9999 -9999 -9999 -9999 -9999 -9999 -9999
-9999 -9999 -9999 -9999 -9999 -9999 -9999 -9999 -9999 -9999 -9999 -9999 -9999 -9999 -9999 -9999 -9999 0.769475139145255 0.77958169636923 -9999 0.746273594121945 0.736286743923898 0.724406539943859 0.721891413531004 0.722917827021398 0.702599044822963 0.675318619895328 0.670073926345857 0.672831021309271 0.6741168843867 0.669119096562301 0.660246025184374 0.64457864956223 0.634120781963122 0.632591923687317 0.616345431638982 0.58753401833155 0.573203967887981 0.582144874811914 0.59391734452049 -9999 -9999 -9999 -9999 -9999 -9999 -9999 -9999 -9999 -9999 -9999 -9999 -9999 -9999 -9999 -9999
-9999 -9999 -9999 -9999 -9999 -9999 -9999 -9999 -9999 -9999 -9999 -9999 -9999 -9999 -9999 0.780681929916231 0.756980780362884 0.753669181716128 0.7587615726349 -9999 0.782089850611047 0.717314314348086 0.668922508485389 0.665003586801472 0.639331229293279 0.630968812397664 0.661279782590306 0.652900665658362 0.650329686696155 0.653238771575808 0.648926803484377 0.643541894113912 0.638264075743667 0.631739540723047 0.617067114293255 0.597691174474744 0.602940602543611 0.614346777823394 0.606612359644382 0.602111570904779 -9999 -9999 -9999 -9999 -9999 -9999 -9999 -9999 -9999 -9999 -9999 -9999 -9999 -9999 -9999 -9999
-9999 -9999 -9999 -9999 -9999 -9999 -9999 -9999 -9999 -9999 -9999 -9999 -9999 -9999 0.790297783285278 0.780436181287329 0.75760459437176 0.744948046990262 0.765581397325711 0.797971607951551 0.764921234183577 0.697184243232673 0.69904647094809 0.695099929592068 0.640173818016945 0.623361610403963 0.62440573698135 0.633745040299843 0.640158814463801 0.645075553749004 0.642990027211924 0.633823467019712 0.625628867702816 0.621263883019744 0.610016122495503 0.599827894699406 0.611107611676255 0.614493442229353 0.603609811551386 0.58732512094743 -9999 -9999 -9999 -9999 -9999 -9999 -9999 -9999 -9999 -9999 -9999 -9999 -9999 -9999 -9999 -9999
