layers/veg/veg4800.asc
NCOLS 255 
NROWS 330 
XLLCORNER -2985163.8955 
YLLCORNER -3022031.214 
CELLSIZE 25000 
NODATA_value -9999 
[rows 75 to 99 of 330, columns 0 to 55 of 255]
-9999 -9999 -9999 -9999 -9999 -9999 -9999 -9999 -9999 -9999 -9999 -9999 -9999 -9999 -9999 -9999 -9999 -9999 -9999 -9999 -9999 -9999 -9999 -9999 -9999 0.637143564258484 0.630914912968137 0.651027664921892 0.675341378670663 0.689013767096546 0.695194724021436 0.656418889493404 0.526937382070506 0.378429525460434 0.357793888299391 0.359292805807554 0.348866764114388 0.513304200211047 0.659727710594205 0.697312167342514 0.71582537072211 0.726365382498456 0.733595847441721 0.741823294162828 0.7478610554541 0.751473304476676 0.752182729040233 0.749970414536003 0.748672273429049 0.747943693243823 0.746192422412482 0.746267768109229 0.746512825921494 0.745397980260526 0.744907119659415 0.745695615232368
-9999 -9999 -9999 -9999 -9999 -9999 -9999 -9999 -9999 -9999 -9999 -9999 -9999 -9999 -9999 -9999 -9999 -9999 -9999 -9999 -9999 -9999 -9999 -9999 -9999 0.639086490212514 0.638579030601348 0.660994892650569 0.682375343346967 0.696227185379373 0.704111570590057 0.697906665086783 0.589528424323332 0.416697035716999 0.358448709058028 0.362301847206765 0.403941156146885 0.538656974660416 0.642068203062914 0.687897041636351 0.721029023182183 0.733416510285028 0.739640053782801 0.742999317268416 0.747791040049181 0.752774057898355 0.754539935232581 0.753692971450667 0.750547635595837 0.748944210379695 0.745153157021956 0.742912434674868 0.744847472070907 0.744349372948852 0.744048607093181 0.744123137762069
-9999 -9999 -9999 -9999 -9999 -9999 -9999 -9999 -9999 -9999 -9999 -9999 -9999 -9999 -9999 -9999 -9999 -9999 -9999 -9999 -9999 -9999 -9999 -9999 -9999 0.656624877408455 0.648381007429608 0.658181682139612 0.687119490963094 0.703514469801688 0.712365866882173 0.719102296703223 0.67602366998133 0.54579660684383 0.400894090795146 0.331719935191251 0.384035088763094 0.533302618307549 0.637737620319883 0.683653453952503 0.734406399490191 0.748180531505424 0.752837358844137 0.753751122075458 0.753096087159885 0.752743825686726 0.753413329386516 0.753318731409359 0.753348758858973 0.75172211053784 0.747233082725061 0.745279780384964 0.743976635351555 0.742759718956548 0.743415755830257 0.743124659698863
-9999 -9999 -9999 -9999 -9999 -9999 -9999 -9999 -9999 -9999 -9999 -9999 -9999 -9999 -9999 -9999 -9999 -9999 -9999 -9999 -9999 -9999 -9999 -9999 -9999 0.672739283198319 0.672507479104909 0.68115092672664 0.696230923149227 0.708185355895713 0.726912415084356 0.726636293540383 0.668357650193432 0.508087847831605 0.376111432294248 0.381192236229817 0.434591731364863 0.53167085832186 0.667488948091653 0.729479810502362 0.757664286866371 0.761894449382858 0.761136860245096 0.759648602327313 0.757720397260959 0.75631729772158 0.754802760242395 0.752786433960854 0.7505024484821 0.750136556729603 0.749178079112111 0.746029530559516 0.742892390963009 0.73915574375309 0.7370610104954 0.737683246035542
-9999 -9999 -9999 -9999 -9999 -9999 -9999 -9999 -9999 -9999 -9999 -9999 -9999 -9999 -9999 -9999 -9999 -9999 -9999 -9999 -9999 -9999 -9999 -9999 -9999 0.677356801539212 0.680595187686625 0.688529731422694 0.706235912682657 -9999 0.727898717750677 0.720516418633336 0.63475548809235 0.473891739900591 0.387396252169201 0.445060515674189 0.540505987598534 0.605164823454646 0.668693397522642 0.725149349021117 0.764953447509876 0.766803927351066 0.765131384767254 0.762862603147424 0.760325108110628 0.758372004047199 0.75532546188689 0.751507608992 0.748734722961048 0.748359400786068 0.748322973497562 0.745745105998856 0.742006014145901 0.739138117351178 0.736651553415852 0.735720620363374
-9999 -9999 -9999 -9999 -9999 -9999 -9999 -9999 -9999 -9999 -9999 -9999 -9999 -9999 -9999 -9999 -9999 -9999 -9999 -9999 -9999 -9999 -9999 -9999 -9999 -9999 -9999 0.696313850702522 0.709686743686945 0.720289163647287 0.718055142570766 0.612152212741122 0.411463372461749 0.374791178433853 0.444709655954042 0.467243379299461 0.555086624760384 0.675667487419349 0.725925521300824 0.76027496498591 0.772575438670078 0.773027523741113 0.770372495933344 0.767855400002342 0.76472865303241 0.761750866335831 0.758682784253903 0.755027610783796 0.752011882985121 0.749207062294845 0.7475658142472 0.746943766175019 0.74381764986531 0.740077504693736 0.737462292288367 0.734653983000991
-9999 -9999 -9999 -9999 -9999 -9999 -9999 -9999 -9999 -9999 -9999 -9999 -9999 -9999 -9999 -9999 -9999 -9999 -9999 -9999 -9999 -9999 -9999 -9999 -9999 -9999 -9999 -9999 -9999 0.724400560017502 0.68071277913651 0.578206381330533 0.401636274202363 0.407691514307993 0.455622098361945 0.465251416519131 0.572061084523766 0.684494573092711 0.709397351141392 0.750923470160075 0.770969791247244 0.776121228091173 0.772839573538439 0.769956141783669 0.76667698074634 0.76359858215111 0.760532456793331 0.756470634358261 0.752477227789457 0.749612915834224 0.746525197256818 0.743643709323162 0.741539830311227 0.738604618613102 0.736268553131864 0.733075409682813
-9999 -9999 -9999 -9999 -9999 -9999 -9999 -9999 -9999 -9999 -9999 -9999 -9999 -9999 -9999 -9999 -9999 -9999 -9999 -9999 -9999 -9999 -9999 -9999 -9999 -9999 -9999 -9999 -9999 -9999 0.68654411376535 0.533947342039424 0.475458377845644 0.494696348072252 0.45224629376964 0.531213478407289 0.632951046956222 0.637126468847337 0.666446133267598 0.745583693923325 0.766737974834592 0.776809325676497 0.774320756706605 0.771045395530993 0.767441193050724 0.764222318737884 0.760721642691399 0.75613374235345 0.75221135973995 0.74874612163193 0.745094917039316 0.742363703639676 0.739612810977771 0.736203184449542 0.733519592079447 0.730481195841146
-9999 -9999 -9999 -9999 -9999 -9999 -9999 -9999 -9999 -9999 -9999 -9999 -9999 -9999 -9999 -9999 -9999 -9999 -9999 -9999 -9999 -9999 -9999 -9999 -9999 -9999 -9999 -9999 0.722708693600197 0.731201695860104 0.714872770511311 0.615581943352502 0.535100827134528 0.504608417201373 0.453231883536841 0.543334945885905 0.667975810234798 0.676654739631372 0.706034943103581 0.762766457110262 0.77182802877677 0.771389717748798 0.775074799919878 0.771825491881295 0.767764534826945 0.764393751280002 0.760754058927203 0.755546566185511 0.751491133827351 0.747916433368271 0.743735231204474 0.740424072336118 0.737353593157212 0.734072811235359 0.73136423072965 0.727921294431213
-9999 -9999 -9999 -9999 -9999 -9999 -9999 -9999 -9999 -9999 -9999 -9999 -9999 -9999 -9999 -9999 -9999 -9999 -9999 -9999 -9999 -9999 -9999 -9999 -9999 -9999 -9999 0.712255639336816 0.721473437513925 0.725941518028298 0.694162918348074 0.586246121313855 0.485531786488148 0.467914000033339 0.514317199052162 0.596466392445671 0.633037242555811 0.653848622953253 0.691960248893224 0.736170519835784 0.756684770898389 0.755654054337615 0.77341710924305 0.771049017737313 0.767017625448009 0.763511198827917 0.759330788923459 0.753820340554256 0.749353349475461 0.745475695906689 0.741244295502604 0.737954575015417 0.73485639733215 0.73106066635825 0.727614842950191 0.724391631397972
-9999 -9999 -9999 -9999 -9999 -9999 -9999 -9999 -9999 -9999 -9999 -9999 -9999 -9999 -9999 -9999 -9999 -9999 -9999 -9999 -9999 -9999 -9999 -9999 -9999 -9999 0.701296663257172 0.705648758644242 0.707068209613254 0.700833556808664 0.676776046658432 0.624914364386478 0.530907940212739 0.488645634083013 0.56331674691418 0.638425745811159 0.629545231091754 0.631595801606157 0.685941616920499 0.733156892770591 0.754758236295081 0.749615920711989 0.769511135417849 0.769552026166984 0.765468941859295 0.761572574047305 0.757236724096962 0.751809852043984 0.747134854950147 0.742993493387299 0.738553261389841 0.735280008106266 0.732331948901676 0.728074275135991 0.723962073375834 0.720865344875645
-9999 -9999 -9999 -9999 -9999 -9999 -9999 -9999 -9999 -9999 -9999 -9999 -9999 -9999 -9999 -9999 -9999 -9999 -9999 -9999 -9999 -9999 -9999 -9999 -9999 0.685942896770987 0.683573131492878 0.682706969366026 0.682667185555308 0.664737682288113 0.619285772196462 0.600342817875736 0.607334943570411 0.548262528600996 0.543119307097365 0.598867080135909 0.610500761116047 0.667077765143443 0.694626682331242 0.732442312355692 0.762576603876906 0.759454503258883 0.765975583931961 0.768143097263427 0.764330278797845 0.760549290444214 0.755913817576506 0.75031152955293 0.745690519152506 0.741764702129877 0.737195809914214 0.733197737339775 0.729540243693318 0.724994648402638 0.720920730044467 0.71768844596569
-9999 -9999 -9999 -9999 -9999 -9999 -9999 -9999 -9999 -9999 -9999 -9999 -9999 -9999 -9999 -9999 -9999 -9999 -9999 -9999 -9999 -9999 -9999 -9999 -9999 0.684110933221938 0.663082788822541 0.642778819874018 0.660645888741998 0.676115837007985 0.645225905065494 0.588429580417563 0.553181237970081 0.532393992110882 0.518049009802486 0.567082736174554 0.6408667349819 0.687706296216597 0.726768030401397 0.746513924873057 0.75236082816773 0.751990213211765 0.767509754317625 0.765285717255221 0.760948168063132 0.756715702909342 0.753120708104634 0.748251278598813 0.743905240232873 0.739567812348802 0.734103814572371 0.729417721299872 0.725461032804641 0.720792269506866 0.717186484334491 0.713604967694898
-9999 -9999 -9999 -9999 -9999 -9999 -9999 -9999 -9999 -9999 -9999 -9999 -9999 -9999 -9999 -9999 -9999 -9999 -9999 -9999 -9999 -9999 -9999 -9999 -9999 0.665093154847373 0.6470487918511 0.651881438061597 0.691157923223199 0.701954345506881 0.664250333843878 0.596355344275107 0.523516846503216 0.511286964397489 0.558894968386911 0.559500386382778 0.573453886153536 0.649959834293224 0.712488704303996 0.742187105162422 0.73362478356313 0.730679798045274 0.760545314221299 0.761452611646202 0.757718744107369 0.75385129847686 0.750232012552504 0.745291073022899 0.740703805174833 0.736184817860336 0.73035577841897 0.725856232728139 0.721759995095822 0.716604852971107 0.712726123627526 0.709627534591451
-9999 -9999 -9999 -9999 -9999 -9999 -9999 -9999 -9999 -9999 -9999 -9999 -9999 -9999 -9999 -9999 -9999 -9999 -9999 -9999 -9999 -9999 -9999 -9999 -9999 0.657470121654434 0.653020432406604 0.684145343704022 0.700766587788736 0.69598248721059 0.645155652010528 0.576514847966055 0.482034667374039 0.449147603008882 0.540602426486051 0.588350657674282 0.608675587133868 0.65238761671867 0.707081402080059 0.732841676255038 0.712727753067185 0.692754590000619 0.729849766597114 0.753126565111252 0.751200225073023 0.747511315355755 0.744132045386067 0.741320730925117 0.73752277476944 0.732836080365629 0.726900174788 0.722829747063581 0.719111634910922 0.713915154312317 0.709845299953742 0.706778028216588
-9999 -9999 -9999 -9999 -9999 -9999 -9999 -9999 -9999 -9999 -9999 -9999 -9999 -9999 -9999 -9999 -9999 -9999 -9999 -9999 -9999 -9999 -9999 -9999 -9999 0.673792989287274 0.678819785642797 0.696691564903583 0.704052168489094 0.705491278183282 0.642491871848119 0.549592668375159 0.482943444918326 0.450704548752485 0.527694154106208 0.582283748835286 0.591109072574159 0.634485443439027 0.67250859710971 0.677220662310458 0.667553454180391 0.645045781899307 0.665499179339446 0.705296767738204 0.7181758884758 0.732481311124844 0.735740328023708 0.733729764066084 0.732507309262517 0.727678873674366 0.719216997784337 0.715819047729992 0.714603370753315 0.710656075086256 0.707037357217684 0.703460250919223
-9999 -9999 -9999 -9999 -9999 -9999 -9999 -9999 -9999 -9999 -9999 -9999 -9999 -9999 -9999 -9999 -9999 -9999 -9999 -9999 -9999 -9999 -9999 -9999 -9999 -9999 0.684325963517236 0.695914998984553 0.699568239364529 0.70453464901445 0.691099866076924 0.631239955394517 0.52027305537796 0.419237692305537 0.465739994060082 0.57661599463695 0.62819437009331 0.635561165873717 0.630646215499314 0.627364231768871 0.599815666799097 0.600163286002236 0.626188982588189 0.651376116688139 0.655595254141244 0.685666287181113 0.730919250804817 0.72945793326233 0.727942440458448 0.723349380087343 0.712907055923669 0.710108276549046 0.710643769717464 0.707562040898836 0.703690182124556 0.69990020097569
-9999 -9999 -9999 -9999 -9999 -9999 -9999 -9999 -9999 -9999 -9999 -9999 -9999 -9999 -9999 -9999 -9999 -9999 -9999 -9999 -9999 -9999 -9999 -9999 -9999 -9999 0.683155163307201 0.695229686814511 0.698714053044591 0.696129756882337 0.699023217297954 0.688031442426472 0.580867138725838 0.477659376408664 0.529542678507989 0.591687328580453 0.637577080210776 0.652591772936232 0.58317874868871 0.5361204892754 0.546399667006561 0.586600221756893 0.630732094948451 0.643476419377287 0.638465032697032 0.654768293172757 0.706768126820277 0.728478072423979 0.727085121908751 0.720541605581336 0.712156168189259 0.708849611729697 0.707795070610165 0.704742290934149 0.700159231611792 0.696877767402176
-9999 -9999 -9999 -9999 -9999 -9999 -9999 -9999 -9999 -9999 -9999 -9999 -9999 -9999 -9999 -9999 -9999 -9999 -9999 -9999 -9999 -9999 -9999 -9999 -9999 -9999 -9999 0.697147216716397 0.701958493394762 0.701135316246108 0.700324310583637 0.691168203651643 0.609372374335544 0.520136622766274 0.503317690508801 0.493339237697698 0.570452191803245 0.651743745059665 0.627889824350236 0.547963242637117 0.478640525410368 0.475658969658694 0.503129683125843 0.600432932952498 0.640724669279943 0.60453112767246 0.637772808399326 0.707000526576461 0.719965318583748 0.717063078605139 0.710305168961247 0.705708958532552 0.705336537884307 0.702131313142676 0.697599061391358 0.693577657422175
-9999 -9999 -9999 -9999 -9999 -9999 -9999 -9999 -9999 -9999 -9999 -9999 -9999 -9999 -9999 -9999 -9999 -9999 -9999 -9999 -9999 -9999 -9999 -9999 -9999 -9999 -9999 0.68872373284666 0.701815220605524 0.707019225827276 0.710245172565066 0.710921686289573 0.684398685449688 0.57588800110776 0.509820378690089 0.552113309913408 0.581490816432186 0.598707880594053 0.538277934835001 0.464216793212229 0.470039724521213 0.45345172917052 0.403422150281135 0.478842308717576 0.571751441872581 0.58487181409454 0.629566849185248 0.668663515297961 0.689595130301432 0.709229837448711 0.706251651777317 0.702481477485003 0.702963903966636 0.699152110246395 0.694738717204865 0.689827295284704
-9999 -9999 -9999 -9999 -9999 -9999 -9999 -9999 -9999 -9999 -9999 -9999 -9999 -9999 -9999 -9999 -9999 -9999 -9999 -9999 -9999 -9999 -9999 -9999 -9999 -9999 0.67295796540985 0.685968040651652 0.698825640497915 0.705084965547757 0.708889624382934 0.705796126877825 0.689367356950668 0.580732898206078 0.480921855914085 0.539044885014012 0.568276762185129 0.577271100977403 0.574928360196456 0.499451850436717 0.479239742438895 0.474047621217145 0.457038069174342 0.498674505146475 0.53801913234733 0.57521863871587 0.641781743195289 0.673984899858886 0.67036313410015 0.681765491879418 0.695936613816088 0.698022917059259 0.700253031400912 0.697900392083615 0.69302841189492 0.686921821348475
-9999 -9999 -9999 -9999 -9999 -9999 -9999 -9999 -9999 -9999 -9999 -9999 -9999 -9999 -9999 -9999 -9999 -9999 -9999 -9999 -9999 -9999 -9999 -9999 -9999 -9999 -9999 0.671468081290994 0.694385879708718 0.702357960534671 0.707836091082468 0.710005485312477 0.709748207845893 0.646447282376411 0.530835118083766 0.485179863223329 0.483643710007537 0.470443730326681 0.450074736150838 0.492034061538749 0.510362462179775 0.467098880564766 0.498975947421682 0.549402974524974 0.595868779394528 0.639708721461938 0.674900760327842 0.693497254869151 0.683981135510593 0.657105058080301 0.649794960739351 0.669825764359206 0.694683526504037 0.692283744710882 0.686604375651149 0.680323399374921
-9999 -9999 -9999 -9999 -9999 -9999 -9999 -9999 -9999 -9999 -9999 -9999 -9999 -9999 -9999 -9999 -9999 -9999 -9999 -9999 -9999 -9999 -9999 -9999 -9999 -9999 -9999 -9999 -9999 -9999 0.70487532761305 0.710840401636716 0.701158842144207 0.691961041476751 0.666614503276608 0.588518857250472 0.508787578550903 0.439697146990863 0.384366871428032 0.436971132076165 0.512264079417033 0.456757112055124 0.451003629394652 0.54283314092165 0.61854816935074 0.653301127390783 0.67862183992539 0.703748736791005 0.687856431308503 0.654449495120762 0.638133610735982 0.657633709145097 0.692731571623398 0.68556016372327 0.676413305231102 0.669456364481837
-9999 -9999 -9999 -9999 -9999 -9999 -9999 -9999 -9999 -9999 -9999 -9999 -9999 -9999 -9999 -9999 -9999 -9999 -9999 -9999 -9999 -9999 -9999 -9999 -9999 -9999 -9999 -9999 -9999 -9999 -9999 -9999 0.712361683931284 0.708276562288281 0.686859225745795 0.593058947733578 0.442119579819741 0.364776957150408 0.343515277262906 0.364962131996404 0.457696875508493 0.432670387437935 0.381572151813801 0.493469207655575 0.62245843377134 0.684135392902657 0.69629584165282 0.700264063769514 0.677658187082509 0.662849591282871 0.679964544756711 0.695019467284117 0.695926366175269 0.689110295261478 0.671349071333632 0.663351968093689
-9999 -9999 -9999 -9999 -9999 -9999 -9999 -9999 -9999 -9999 -9999 -9999 -9999 -9999 -9999 -9999 -9999 -9999 -9999 -9999 -9999 -9999 -9999 -9999 -9999 -9999 -9999 -9999 -9999 -9999 -9999 -9999 -9999 0.7086018643272 0.695447700077382 0.631011543187122 0.530501696888691 0.46229319512659 0.421765810462918 0.397218255604808 0.409571861028891 0.457051041409615 0.425879293778616 0.441967192815969 0.591329317197001 0.66483732194866 0.6896790643672 0.687442799436715 0.658772025950685 0.647765223893777 0.671886932146686 0.683985426893733 0.692761367344144 0.692640902300537 0.686845613730295 0.677599362755948
