layers/veg/veg4800.asc
NCOLS 255 
NROWS 330 
XLLCORNER -2985163.8955 
YLLCORNER -3022031.214 
CELLSIZE 25000 
NODATA_value -9999 
[rows 225 to 249 of 330, columns 56 to 111 of 255]
-9999 -9999 -9999 -9999 -9999 -9999 -9999 -9999 -9999 -9999 -9999 -9999 -9999 -9999 -9999 -9999 -9999 -9999 -9999 -9999 0.422811548797352 0.417264708514998 0.404197581246177 0.382121631247133 0.313605245552768 0.208026580588222 0.128154927863941 0.0615554424183711 0.069724223742996 0.184757768592118 0.249718905874314 0.252919968220682 0.24526485870738 0.254233471662226 0.296491439704734 0.336128130015613 0.355778318186094 0.36220942462069 0.364201325027625 0.366770568554531 0.368677657439359 0.368939753816738 0.370243424206306 0.372103258454556 0.37459514964739 0.378831479528593 0.383739417358979 0.389684592905466 0.395134049483446 0.398966064608676 0.401882400688637 0.405086046715557 0.407117709556798 0.409147768370193 0.411604463543208 0.413495909016313
-9999 -9999 -9999 -9999 -9999 -9999 -9999 -9999 -9999 -9999 -9999 -9999 -9999 -9999 -9999 -9999 -9999 -9999 -9999 0.433604939150063 0.41450734422774 0.408808957258786 0.409938903306926 0.373440102025445 0.288379129350979 0.191370173985415 0.135916305549737 0.106116755488271 0.120170014470116 0.199619687602815 0.242306740251714 0.249417067716521 0.214137307530117 0.183031834553499 0.237339028759278 0.309839912131735 0.345713999856097 0.359675077167728 0.361723282704863 0.363527439443792 0.364548560271286 0.364260066113748 0.365030243241223 0.366191250079791 0.368010790044163 0.371809637143026 0.376611693583646 0.381672820340592 0.386963274787577 0.392070616097768 0.395312742033825 0.398303072679263 0.40057626032185 0.403095166240422 0.405978034603075 0.408012655369647
-9999 -9999 -9999 -9999 -9999 -9999 -9999 -9999 -9999 -9999 -9999 -9999 -9999 -9999 -9999 -9999 -9999 -9999 -9999 0.435318592284776 0.41243257929022 0.402613522816742 0.405656227275609 0.352460145169743 0.282787757821988 0.202233227729389 0.113627830754715 0.128537427284024 0.157699176755833 0.170933280145235 0.215744821673828 0.242156062342264 0.21648025943952 0.205647421727934 0.251948823980069 0.297939414541893 0.333112393282821 0.353309441403639 0.358948354136131 0.360179804283725 0.360525781981779 0.359569696340587 0.358308695480121 0.359459686969944 0.362796111728105 0.365096510175335 0.368989557239111 0.374343314257758 0.379976564663951 0.384596320927778 0.387893480092884 0.391215530492896 0.39378230054803 0.39662399665385 0.399696399575252 0.401966518237254
-9999 -9999 -9999 -9999 -9999 -9999 -9999 -9999 -9999 -9999 -9999 -9999 -9999 -9999 -9999 -9999 -9999 -9999 -9999 0.408698875570194 0.403734902114331 0.407048653406976 0.40279028132789 0.359549289600491 0.28817676029491 0.221443300767759 0.153097726264007 0.136182869374049 0.160204609317642 0.171839321670877 0.200416192334779 0.231647300682872 0.214008723205976 0.209039131068329 0.254718969271329 0.29813361439539 0.326483712343533 0.346981616567419 0.355832051580005 0.357250117403585 0.357251024113101 0.356072144815407 0.355106984677871 0.356345887797029 0.358491646680665 0.360843491464273 0.364358198195995 0.368810477197148 0.374901871153834 0.378887396243378 0.381917474334378 0.385543578256992 0.388119684619507 0.391040253019726 0.394364656075207 0.396876804811822
-9999 -9999 -9999 -9999 -9999 -9999 -9999 -9999 -9999 -9999 -9999 -9999 -9999 -9999 -9999 -9999 -9999 -9999 0.408055575336551 0.403863861679589 0.398220990901333 0.401785244349463 0.391254249052763 0.326628409014598 0.235777575736153 0.198637721466026 0.147901912733322 0.108411450770644 0.132828186854274 0.166539068679538 0.181699942495292 0.176972103172108 0.196069131363194 0.23556282659501 0.268575724258421 0.293329396555418 0.317362978162349 0.337180134032046 0.350381771524917 0.354058672945705 0.353380982268697 0.35186329694773 0.350243292462458 0.350227803418565 0.352037752546136 0.354448145982773 0.35660698020682 0.360500963473688 0.366501707699963 0.370094320125947 0.372950265599894 0.376358647369596 0.379096595417307 0.38176869756116 0.384995545498241 0.387949283452486
-9999 -9999 -9999 -9999 -9999 -9999 -9999 -9999 -9999 -9999 -9999 -9999 -9999 -9999 -9999 -9999 -9999 -9999 0.398771181913575 0.397388400626959 0.401952227372417 0.398528377032041 0.380424308382352 0.316502454559002 0.235356051303982 0.197517957517829 0.160667047225039 0.138364699627658 0.131813897443034 0.147274734132879 0.142728891179088 0.111760678542922 0.179152246044575 0.24876739264396 0.274365544460984 0.292930240898392 0.312767120425206 0.329550047469863 0.342782891628558 0.349914174100091 0.349096072865112 0.347072542843975 0.345469717063451 0.344567864152869 0.34479770855366 0.347528167995073 0.349450295737777 0.351874046860385 0.357594666718841 0.361698323414075 0.364732940334746 0.36755564081049 0.370181655234886 0.373033924399908 0.376801601942849 0.380300867938981
-9999 -9999 -9999 -9999 -9999 -9999 -9999 -9999 -9999 -9999 -9999 -9999 -9999 -9999 -9999 -9999 -9999 -9999 0.424709474148449 0.409288579742773 0.407175709730053 0.396333139138618 0.363662175999233 0.293312766716669 0.207956653607292 0.158937298034726 0.132297073800167 0.137841584047887 0.15697854801713 0.17615418463594 0.19888222942177 0.203498381094452 0.235166395615963 0.263151354293629 0.281092240218854 0.296626950330403 0.314978567055289 0.329973537423926 0.340397016565047 0.347117987078463 0.346922590669399 0.34546895324486 0.343260071066342 0.339286669281487 0.334486018383454 0.334670880709607 0.339401520098899 0.344389838087321 0.351663294180081 0.356101728733342 0.358179757286464 0.360722515878398 0.363250156176605 0.366724901067064 0.371689097528055 0.375851945137613
-9999 -9999 -9999 -9999 -9999 -9999 -9999 -9999 -9999 -9999 -9999 -9999 -9999 -9999 -9999 -9999 -9999 0.436240234149302 0.422255314264292 0.405738080595402 0.405466794365143 0.389370207825717 0.341986332307457 0.260749363325478 0.187805583480972 0.178221029205584 0.168631925557499 0.123828379946951 0.151263495054155 0.216792595558165 0.22487533498503 0.226917045003441 0.240989105067382 0.259513923998975 0.278127028745668 0.296093947872891 0.314853467951072 0.328979330299302 0.339473967093626 0.344245037672376 0.343733599735593 0.342461732464331 0.338987666551108 0.333450287072266 0.328054998897816 0.326024093473316 0.329503104004133 0.335632731074051 0.341707501452453 0.345881378955438 0.348967399289071 0.351651937539622 0.354448905160053 0.358413745983959 0.363004687544458 0.365238011458048
-9999 -9999 -9999 -9999 -9999 -9999 -9999 -9999 -9999 -9999 -9999 -9999 -9999 -9999 -9999 -9999 -9999 0.434936218474244 0.422597244064277 0.403804190513412 0.399481827963011 0.381529793815438 0.32132291673163 0.239994367945625 0.166048513845493 0.148025042713311 0.197929595677098 0.183365421600899 0.14122515444348 0.207372188139499 0.278907427695277 0.287001883952039 0.274702959432351 0.268987983048519 0.284246086597932 0.299560191870744 0.315333356129153 0.327945571044809 0.337619321840254 0.341282382055975 0.34054959778134 0.339088026841815 0.333501754036431 0.325755333814619 0.321223796520704 0.318734082710867 0.320352635370868 0.325659777964082 0.33150821623091 0.335782430917199 0.339691039664016 0.343441963495861 0.344947375196438 0.345624951976395 0.34749989404406 0.35072108756008
-9999 -9999 -9999 -9999 -9999 -9999 -9999 -9999 -9999 -9999 -9999 -9999 -9999 -9999 -9999 -9999 -9999 0.439947903551288 0.423583784344878 0.41007931738381 0.401916558116449 0.381747549466254 0.323495284497246 0.241151116444211 0.17477925499171 0.156690115847641 0.200882300002998 0.213486117886133 0.161992248861461 0.193439411633872 0.258741518592148 0.264476211320659 0.27816746194937 0.280215923937788 0.285044527242016 0.300888494122782 0.317373983359661 0.327394149165769 0.334661834328255 0.338777610797864 0.337807110805225 0.336434884276477 0.333993547417686 0.330170989881033 0.324423245160443 0.318959104936214 0.317844567964924 0.320507704552669 0.3238470141381 0.327175948962345 0.331453870592535 0.33524947750808 0.335942103951979 0.336486505631407 0.338610659064497 0.341726804200705
-9999 -9999 -9999 -9999 -9999 -9999 -9999 -9999 -9999 -9999 -9999 -9999 -9999 -9999 -9999 -9999 0.447187146415068 0.430431071100321 0.409879519523652 0.411896068808613 0.407935764959978 0.384046244153854 0.331709495132329 0.259652504984738 0.202074850310994 0.199594443602528 0.224332847047158 0.233027494398109 0.24639025575317 0.244118232577725 0.255555581782955 0.27220782617681 0.266965232828059 0.281241627128217 0.305890350463869 0.314118368723033 0.324013825649048 0.326823525749406 0.327639988598384 0.329854902772822 0.330843225967917 0.331875562000761 0.330575794089106 0.328042545169248 0.323587280769173 0.31518353822624 0.310263423009683 0.311619346535849 0.314429979368066 0.31858215036616 0.321642192196952 0.323319897145725 0.324421981715321 0.324436108666352 0.324077784726132 0.320224805384688
-9999 -9999 -9999 -9999 -9999 -9999 -9999 -9999 -9999 -9999 -9999 -9999 -9999 -9999 -9999 -9999 0.447810177523078 0.422217797214989 0.390117700502878 0.40309498176248 0.413371448402963 0.387881715162538 0.348427359943708 0.269053163577643 0.193199559306917 0.199772536349945 0.21176200892187 0.225506879937761 0.253582769796836 0.256429259386177 0.274731598865176 0.286563082926878 0.255438045392885 0.263052579206372 0.310961148237337 0.321595393916539 0.327530256531995 0.328149504093159 0.327797123881418 0.327802970771083 0.327640109410986 0.327452345612916 0.327204375200392 0.324011237819356 0.318429692384091 0.312865122750399 0.310074981678971 0.30947233089391 0.309494021701835 0.312134081295749 0.313427219889041 0.314488953240319 0.316112154615317 0.318132816610961 0.321577560736822 0.31855467225934
-9999 -9999 -9999 -9999 -9999 -9999 -9999 -9999 -9999 -9999 -9999 -9999 -9999 -9999 -9999 -9999 0.454062376749229 0.417313292903605 0.362365542730135 0.372813357030701 0.405257905058251 0.382107726172586 0.341806275199447 0.274665290924197 0.18276663906327 0.142883783825386 0.183586442144546 0.236151173383283 0.250813366336932 0.258632605577364 0.282390772032812 0.315616843796077 0.324762117570866 0.32402537247442 0.322539894065118 0.326947664499892 0.334889978360189 0.334794595153137 0.332954401899171 0.331321471125351 0.330084611566681 0.327473679200389 0.326140191164871 0.320205997017103 0.312614958367145 0.307955127669468 0.304917460741822 0.309559269388961 0.316809070734923 0.319100274615632 0.31545029287806 0.312711179974472 0.312516826952485 0.315978082484419 0.322860500897742 0.325304891264853
-9999 -9999 -9999 -9999 -9999 -9999 -9999 -9999 -9999 -9999 -9999 -9999 -9999 -9999 -9999 -9999 -9999 0.44537328415732 0.421055449974209 0.419561453439543 0.405072962898882 0.374475647579348 0.32922253496255 0.287106625600278 0.258206604810715 0.205382752643905 0.194430515950814 0.247810062502794 0.260117847951772 0.268754792920378 0.271698282267351 0.287856173736841 0.322982570280992 0.332350222375444 0.317097518950887 0.312516778826822 0.326947818906113 0.337951500698477 0.337427114003176 0.335207630300575 0.331401357474888 0.329497515560583 0.327517123243234 0.323112453988362 0.314373254828466 0.30682426969822 0.301909252374051 0.300226998777951 0.307625650630904 0.314291737516284 0.316250703171533 0.317328663702033 0.317874434369422 0.320689594264369 0.326360066625548 0.331046609863173
-9999 -9999 -9999 -9999 -9999 -9999 -9999 -9999 -9999 -9999 -9999 -9999 -9999 -9999 -9999 -9999 -9999 0.441055407870765 0.43569225731188 0.429466405351151 0.417016427208528 0.383795129392266 0.327854438776476 0.273372005014353 0.264589078109566 0.233350594870115 0.216752803384057 0.264308705892315 0.279418867629326 0.294897339208124 0.304013811623505 0.314121475061899 0.324564618607434 0.332942448939078 0.336690343378296 0.334691426423633 0.334038336265527 0.332483874442387 0.331512888773667 0.337146191039888 0.339020585135391 0.333478773032241 0.329349945150084 0.325468736232965 0.320162897104592 0.314403884483975 0.306778541662703 0.304103422753509 0.310991161377716 0.31514951187268 0.311774983031096 0.313306613555185 0.320446150380224 0.328283393676973 0.336725885917118 0.343786257076044
-9999 -9999 -9999 -9999 -9999 -9999 -9999 -9999 -9999 -9999 -9999 -9999 -9999 -9999 -9999 -9999 -9999 0.445098700382898 0.441064933417822 0.436330383473436 0.426256259425728 0.397389941723533 0.359818037354653 0.312643065142564 0.28371925076783 0.243868067549291 0.221043165380055 0.277096108517416 0.291816415752971 0.295482671080975 0.309237353464589 0.310089325816588 0.322597981857134 0.338544563781 0.343249697000365 0.345426504436217 0.342973685716267 0.340425148076215 0.3383712969304 0.338424998819454 0.340572472705677 0.337462538859383 0.332090549842439 0.3278785342618 0.322168996644404 0.315693159578356 0.310112590713634 0.307041562118546 0.309279685884541 0.311049649916183 0.309775242637455 0.313107899275774 0.319688525850728 0.328326917017466 0.339270622135462 0.346867893727736
-9999 -9999 -9999 -9999 -9999 -9999 -9999 -9999 -9999 -9999 -9999 -9999 -9999 -9999 -9999 -9999 -9999 0.461871862075318 0.452991275786652 0.457908805457651 0.451250509431659 0.418381906326726 0.373097404783093 0.32330391493362 0.280451053741696 0.265341789135109 0.245842654235131 0.242420937239617 0.279348849699357 0.299122631048835 0.309252074808959 0.31657326412083 0.330144817019501 0.345197328492947 0.355251604621147 0.356419164544364 0.3531822184206 0.353240512047084 0.353585422382953 0.348445017924797 0.34506123566039 0.34278482410659 0.336785354971952 0.331949232142749 0.326727339237059 0.319841137900986 0.314202322521101 0.310354730033574 0.30734962559971 0.306872795058751 0.308555184309438 0.313920573494941 0.32152542035793 0.329583005333991 0.340647802773429 0.352506214049544
-9999 -9999 -9999 -9999 -9999 -9999 -9999 -9999 -9999 -9999 -9999 -9999 -9999 -9999 -9999 -9999 -9999 0.497044876121032 0.490011348032991 0.481313728750361 0.46831041210336 0.442275700638467 0.391299699463696 0.323143623528518 0.27955903641683 0.278374209617827 0.266897005205704 0.25422904825917 0.28299665993132 0.301174241556212 0.312938353304262 0.325626698607658 0.343128340341257 0.363141687774101 0.36734723060198 0.357176864854162 0.351810664918401 0.354567340277894 0.357231963971694 0.360395890814895 0.357313084122363 0.351439464766496 0.346446522463392 0.341316243254353 0.33410226241525 0.32567534611356 0.320410444760924 0.317228948624993 0.314561821149635 0.313856547482815 0.315913241840183 0.320491559948525 0.326402433300703 0.334456255284495 0.345232748644074 0.3548574785485
-9999 -9999 -9999 -9999 -9999 -9999 -9999 -9999 -9999 -9999 -9999 -9999 -9999 -9999 -9999 -9999 -9999 -9999 0.498642333757975 0.488189878571154 0.47668692309499 0.453560689885135 0.396809346573927 0.32972938895431 0.300943426188774 0.286530600904572 0.275378589434238 0.282871906305929 0.307389655501206 0.330831159610099 0.351746981142262 0.353611503385525 0.3566225070754 0.364887649459289 0.351875055873324 0.341574961576301 0.358111986182307 0.373895701889478 0.374752706686515 0.363404329425341 0.356913917059617 0.353092042612148 0.350881193264604 0.350729709998101 0.343719239302125 0.33274487858264 0.327134138088113 0.323408504580072 0.319970082422794 0.318713068484777 0.319608554814716 0.324332542154395 0.331820102531696 0.339994283197702 0.34997308579789 0.35911932860108
-9999 -9999 -9999 -9999 -9999 -9999 -9999 -9999 -9999 -9999 -9999 -9999 -9999 -9999 -9999 -9999 -9999 -9999 0.507615263251132 0.498129092399817 0.485469086599223 0.467965938243287 0.423773359806086 0.365032177559338 0.342781128620614 0.326368615160104 0.315798645495231 0.319612814322443 0.337015786362161 0.36504985920294 0.381997307821854 0.389173534431181 0.390009269989971 0.380796647639452 0.359848325026301 0.352695130086749 0.366277491264335 0.381309983024854 0.387534980628805 0.384109685071842 0.375624666585061 0.364628023155625 0.359717750070512 0.358192824881771 0.355266313341984 0.346769574103475 0.340033043484733 0.336379326881791 0.333536719223135 0.333084370376223 0.33486077130373 0.339122909892906 0.344316693396328 0.350278177690907 0.358825653691165 0.366758359630451
-9999 -9999 -9999 -9999 -9999 -9999 -9999 -9999 -9999 -9999 -9999 -9999 -9999 -9999 -9999 -9999 -9999 -9999 0.533630352805714 0.52803266518636 0.509930590517886 0.475154831574578 0.443831016929182 0.393300185421199 0.355305659460823 0.361179545558214 0.367011739631598 0.365759565220478 0.36389107643221 0.389188040900371 0.409158326726405 0.408793956618602 0.394701136121236 0.384685594907685 0.374937683665098 0.370754070557093 0.376681093915892 0.38338404231847 0.391311889132088 0.395541362529542 0.396329683216947 0.384573862063434 0.371626066667695 0.366922457494432 0.363317218709011 0.359147462575036 0.356476916230623 0.353820543619799 0.349289788993813 0.347655476513087 0.348364785314687 0.351044125505488 0.354627360734207 0.359696451451321 0.368077525311369 0.374518602590252
-9999 -9999 -9999 -9999 -9999 -9999 -9999 -9999 -9999 -9999 -9999 -9999 -9999 -9999 -9999 -9999 -9999 0.532812132390997 0.539652377838503 0.541067738040782 0.525820574292771 0.488186847745758 0.468084235963878 0.440316405109116 0.390391403797286 0.394120609627637 0.397745521013167 0.384790019581487 0.382643913874921 0.408090812645488 0.423545830330821 0.40937540763074 0.394912999929029 0.385891653925441 0.375325181482682 0.3726572269871 0.379244526278369 0.388660942041155 0.396544859336546 0.399139977780254 0.399820291522159 0.392862162910393 0.382973511085904 0.378735979053573 0.374314709638246 0.368143442073464 0.364643297446021 0.362844373065843 0.360344428568899 0.357434584629209 0.357161058779489 0.359817418490576 0.362929777229204 0.36767894921579 0.375859153183541 0.389665077997329
-9999 -9999 -9999 -9999 -9999 -9999 -9999 -9999 -9999 -9999 -9999 -9999 -9999 -9999 -9999 -9999 -9999 0.523213399093462 0.535825492765684 0.545910480207684 0.540880263779436 0.523397018305811 0.475761358190393 0.432764746918553 0.407632168866586 0.394799119589621 0.415043270940298 0.425587673777318 0.420873464468459 0.42421871040865 0.406114286941421 0.384491710592781 0.377681403332882 0.371887639160496 0.366411234717181 0.368403683737743 0.378797671687205 0.391545348128976 0.398050539640374 0.400350857295172 0.40267419083563 0.404980547783522 0.402177197701108 0.399025156706054 0.399453615624351 0.394743836940064 0.386862840147292 0.377585796241387 0.372559694773931 0.373406321009985 0.373967120765631 0.374932053409486 0.377514412334628 0.381926743636819 0.390200051430075 0.398298447117216
-9999 -9999 -9999 -9999 -9999 -9999 -9999 -9999 -9999 -9999 -9999 -9999 -9999 -9999 -9999 -9999 -9999 0.534032937012048 0.5462873462566 0.572947896533916 0.572043696935277 0.567820445159867 0.545684680202131 0.483187420750004 0.421540439555002 0.399605784365139 0.420041621409219 0.449022350299268 0.436081877284427 0.431066339098469 0.409862743755692 0.385022902482073 0.379525864786327 0.37387511571975 0.370611192124478 0.375678667036755 0.387147778421711 0.401885722608661 0.408859804194071 0.411308413431438 0.415321400651212 0.41763661156021 0.416049350201491 0.409827610354516 0.402080816946455 0.39984424004419 0.396647667408229 0.389860959410237 0.387484285649198 0.38769996367783 0.389136703806607 0.390926309064966 0.39232654640957 0.394870504906657 0.400864980801183 0.405817503932603
-9999 -9999 -9999 -9999 -9999 -9999 -9999 -9999 -9999 -9999 -9999 -9999 -9999 -9999 -9999 -9999 -9999 0.571967654555005 0.582698035453072 0.597759029299891 0.585327347133017 0.530004704461962 0.477863281973989 0.462318649319866 0.426338168767266 0.426088208653602 0.458383520121265 0.475134274908063 0.478549957336426 0.452230500755144 0.417784218664998 0.404644309753117 0.398763243768039 0.3872208104182 0.383075665333898 0.391657628838866 0.4010255956501 0.40876513062558 0.411477663917387 0.411226956550795 0.411913321709965 0.414605497939836 0.41811595938142 0.417146305849051 0.410987468414018 0.409552748233537 0.410591796036797 -9999 0.400329696183107 0.397090237694384 0.397774250689654 0.399712345721688 0.402247170701636 0.404967658023404 0.40850989146153 0.411017602644023
