layers/veg/veg4000.asc
NCOLS 255 
NROWS 330 
XLLCORNER -2985163.8955 
YLLCORNER -3022031.214 
CELLSIZE 25000 
NODATA_value -9999 
[rows 130 to 155 of 330, columns 58 to 115 of 255]
0.166465258947471 0.0841542685787069 0.0939416208145038 0.0863323495465938 0.0716866398349722 0.0683706499535979 0.0872455264738105 0.0678853798836524 0.0625130717505493 0.0774021984124839 0.112900798345436 0.116854183250847 0.125146382097227 0.156657491956159 0.172444985030752 0.166481452890759 0.182642772890751 0.212991178824744 0.21763777353414 0.216103733749535 0.227910150901267 0.228688689860644 0.21141515271817 0.218076500092247 0.291334252974476 0.452883927823886 0.459663720884595 0.461556150534123 0.51345232100378 0.512840084768039 0.529762489269383 0.518939985973533 0.523859403553511 0.516260409778606 0.506488316281631 0.495084107575191 0.483565728869824 0.471995922878738 0.462136686574691 0.451192111909719 0.438709317905597 0.426599250786921 0.415027136274247 0.403713386788639 0.392949577923279 0.384726367012391 0.37790799263151 0.370297054632574 0.362382825911141 0.354672515229557 0.350208564337931 0.345877682264108 0.34280681595006 0.341702407277107 0.338084595777392 0.33445101536674 0.337372473291828 0.34067214202265
0.209440424733813 0.111305696967269 0.115078226890626 0.0790280431362158 0.0779715025729732 0.0918751759654392 0.0714934740179235 0.0534090683363296 0.0478054579539438 0.0559149460311249 0.072892033506965 0.0809889988674006 0.105384529521548 0.137604630159403 0.158206754239201 0.166960108486699 0.178352112431476 0.201534572664315 0.218409187870257 0.22253631335188 0.236134971952939 0.23639934671426 0.221670523730357 0.220728901611284 0.289647090961951 0.382995439548716 0.459120440458268 0.478137022089368 0.452251427605266 0.50913870049188 0.48264888955702 0.507018314307958 0.512182589014996 0.50566269867556 0.497994116740392 0.487892669119496 0.476770618326987 0.465367228465951 0.455907445658532 0.444960394729877 0.432429304739134 0.420483982762084 0.408880501298815 0.397642684894656 0.387267500970307 0.378909898291843 0.371974788041379 0.364511570042307 0.356090572791856 0.347062454745971 0.341601632375908 0.337202154414121 0.333850362453499 0.33263709045994 0.330439973800175 0.327956482537342 0.328449542649512 0.333781185254806
0.281755383171494 0.184884789979073 0.174478677893069 0.126393583548057 0.112325758219976 0.126454499447061 0.0875083076546523 0.0643304069333222 0.0481606000270011 0.0522981918560084 0.0678883260609558 0.0736056937292832 0.0894652697740622 0.116469647518391 0.131664434353998 0.137279150005493 0.15024510788145 0.172447312891648 0.208837131588431 0.221711034067668 0.231573697870922 0.233658061763757 0.229425240621538 0.224200576891599 0.282468379927589 0.361759928220809 0.414849218566556 0.471787096204127 0.458432053053703 0.489523696841694 0.498764403023212 0.497829949685929 0.486930175829439 0.490097999831213 0.48536221806925 0.47666707967992 0.46736686453929 0.456353867770945 0.447130537049754 0.436637573393632 0.424728836272735 0.412965476330188 0.401078326904678 0.390143095384711 0.38045220062674 0.372014347442124 0.364726837318738 0.357244599735693 0.349113510312762 0.339054047737796 0.330861063646323 0.327135637981431 0.324501868658712 0.322473603980421 0.318280194183174 0.317891551500798 0.319272182721601 0.32474597945072
0.300663709601812 0.244002434633553 0.192521819398639 0.205263990488019 0.148243802674781 0.14320143228041 0.13626795558748 0.112265573816999 0.0671482839279982 0.0592918516271352 0.0723856560067698 0.0631487458159513 0.0725324307822491 0.10598902577758 0.133445578717025 0.118023092565753 0.126330424096456 0.152835291829446 0.183657336383202 0.215999977377847 0.226348654137948 0.234122760008449 0.231888426081988 0.228800028172021 0.262510845149855 0.289300084059006 0.34030607811329 0.423873268422025 0.466761977642439 0.471557178337091 0.452782366392715 0.458521796648224 0.424447205531951 0.449067637765171 0.467708247889023 0.464556311285219 0.45672875910324 0.447363039773674 0.438463394685765 0.428060480155592 0.416679731919432 0.405275675650059 0.393308650220375 0.382475613261035 0.373080408807923 0.364835768336744 0.357677897286923 0.35041247057093 0.343108288139148 0.332489925383554 0.321088196923738 0.315017453234936 0.313301214385738 0.310967254992588 0.307060512930999 0.30792656680491 0.309959662288797 0.313926833931183
0.323310842348629 0.28034686442554 0.219092541179896 0.149662174587999 0.11500587420264 0.132522213502512 0.173866737485536 0.165317884584607 0.102666013417486 0.0824960664988683 0.123116702188798 0.131596750229119 0.106598666351483 0.119633975973969 0.11617565219764 0.111604922799469 0.132801925784558 0.159950415959422 0.170907662912065 0.205867117662146 0.21576600535504 0.22491730811821 0.232528396839645 0.236397341341463 0.250230703840583 0.223648438806719 0.238186742236684 0.318007861659311 0.421146314940449 0.435550459529835 0.423556004181284 0.433077601616585 0.417123677429728 0.418758294769703 0.440911999904968 0.44824017491571 0.44521792583301 0.438210558293995 0.429251026267248 0.419656425801308 0.408694395234566 0.397252404420874 0.38583317023206 0.375204007186346 0.365383028112054 0.357287730970532 0.350784661973983 0.343338442711484 0.334899022359803 0.32368187905536 0.312178808873957 0.301314793853092 0.298093544391909 0.298635569254393 0.300575271026841 0.299489624065842 0.300370088486765 0.302738809712756
0.348391572539822 0.330466177463318 0.272365464776883 0.19512284379887 0.147397000866469 0.145571819453353 0.145703515613619 0.152569410997497 0.153439102717762 0.131424642797409 0.17806219694026 0.169755656046527 0.12290223249475 0.11761167446462 0.10174565064839 0.112145904775597 0.121962186047173 0.152099176486113 0.148094863356141 0.179517379112482 0.197275260888899 0.212251632832403 0.222075662221518 0.228327468599406 0.225728052312725 0.232861228016345 0.174448236380199 0.210780130669891 0.332920494142637 0.386666969363292 0.394896997985584 0.409291524440351 0.399688897798645 0.382825027624121 0.391848962340543 0.421246090807801 0.435139064464732 0.428566566568667 0.41996612200237 0.411111284458773 0.400458787846037 0.389098958440965 0.377858498991434 0.367588636499356 0.357994249526678 0.350135624469781 0.344168633399424 0.335917414581997 0.326782702190325 0.311155164369925 0.295042266734261 0.292016524870104 0.285620819286711 0.289074455034174 0.291058786877374 0.287946757769845 0.290485555389761 0.29213117510768
0.370229915315815 0.355525545667587 0.323117249810524 0.271953242514621 0.215475488255727 0.208951692391489 0.227166510658097 0.229870259969702 0.216786819367881 0.199272955384611 0.219451326155779 0.144804861176117 0.135873561966144 0.133048004820356 0.101521809710727 0.116177370771538 0.105738951066602 0.13989230531578 0.151990031233047 0.143660363199022 0.188265058032515 0.191231857948051 0.209991186927299 0.21771180259855 0.210533743901024 0.218808040727357 0.200634532927149 0.181447834178567 0.246181467354555 0.319110478241471 0.36178152414486 0.372727394680431 0.345273241236949 0.343985407629486 0.352813931918297 0.369919405430321 0.399378381266938 0.413918755276139 0.41084641917146 0.402191126286131 0.39153575824592 0.380598146377016 0.370099967104758 0.359900344627007 0.350332345978323 0.342478501655965 0.336635668956445 0.329151262548482 0.3215142131913 0.312630229863284 0.303326727600958 0.291280369191482 0.275545960345783 0.276034147588525 0.281458890364157 0.280848638390678 0.279742334314367 0.280891861301799
-9999 -9999 -9999 0.310909223939355 0.259962039321466 0.274392519413204 0.258396019461651 0.245103216403261 0.239770231046267 0.25227335857777 0.296535465097413 0.251852267837499 0.209288349952495 0.199883563494426 0.136785991239625 0.121119165215809 0.0940269475322184 0.134875599921146 0.138291169065794 0.125917743740515 0.155301194893644 0.180189130881128 0.185437562495752 0.181132122574813 0.200990960689119 0.205931639915835 0.209062322609808 0.196431530410286 0.187170075048326 0.230603016229878 0.315280734730832 0.333708384787348 0.286044255081075 0.310016607171438 0.329075852200672 0.312311951358894 0.345712358021735 0.389461223721203 0.40195467753381 0.393479264480172 0.383047650496516 0.372620914110884 0.362727212720338 0.352524975753324 0.342681267764157 0.335418373175772 0.330079333996447 0.322332043816138 0.31522046166454 0.308713954659271 0.301157277774102 0.287226851395826 0.275141228617179 0.275589922675466 0.277562452134422 0.272387286295245 0.274220960009562 0.27141190614322
-9999 -9999 -9999 -9999 -9999 0.30347949528043 0.275988684694118 0.303235952099237 0.296897591340306 0.292215406866081 0.301459727167283 0.297210565667107 0.289393296607177 0.257644873384242 0.2033577827526 0.141651642699293 0.129976437484869 0.143615530802624 0.124154413339636 0.115989359178932 0.12162965171204 0.16375708920839 0.166113797121166 0.181456837861031 0.187688419143386 0.18307866441686 0.189584736159088 0.192976370603983 0.198589127949753 0.204528924514579 0.224221547638741 0.290066077418207 0.273714777180129 0.276914264287565 0.283554269102328 0.263838406279447 0.301096103506611 0.348226544818849 0.387811720815248 0.384699600514294 0.376095967203913 0.366465951976334 0.356740869491047 0.34639653845878 0.336457704424407 0.329089266222668 0.324141755563608 0.316827568032924 0.309900622925272 0.303836944736445 0.298006100940418 0.289564041082439 0.27964492900394 0.280760496348269 0.274013282258361 0.272388401442599 0.270221011396003 0.271926241847325
-9999 -9999 -9999 -9999 -9999 -9999 -9999 0.329237903821734 0.315175795961063 0.300907838890518 0.3297400497841 0.302296972481356 0.301273365477301 0.270217283022329 0.215366565922099 0.194547754611683 0.217525369987934 0.156020030305041 0.111214985385437 0.103755037232194 0.106365835124988 0.148354000844717 0.151394975173114 0.174936771706385 0.186803097277131 0.183579618844762 0.177628785045468 0.17441979040288 0.190759714391568 0.235649282838758 0.197710148761406 0.188012075566302 0.245604396690006 0.221598078594962 0.17367163032057 0.211050192063708 0.262553774693125 0.284372973957137 0.344188366923842 0.353857456506656 0.359350346459102 0.356064968871355 0.349304542282483 0.338966898863788 0.330207622267656 0.322045375130728 0.316833063058394 0.309993063079025 0.303291456148292 0.297418013952643 0.29209403372354 0.287597098401366 0.281212130916094 0.280633928672037 0.273451701655978 0.270583771719316 0.268664644575888 0.271637747798584
-9999 -9999 -9999 -9999 -9999 -9999 -9999 -9999 -9999 -9999 -9999 0.310442843718742 0.30368270934213 0.304336429574208 0.286089101319734 0.272532172982267 0.254576545033159 0.145044521313179 0.0893401966433576 0.0976598820495465 0.10995576836248 0.134011479643726 0.137974035812972 0.158393282395968 0.177066309314783 0.179014366101246 0.171707972362125 0.162858510351679 0.170386424315748 0.188262263338013 0.170831886080744 0.134855911765341 0.158597396615093 0.223027334386456 0.193417756437573 0.116152841339974 0.131667860547858 0.202757735203473 0.238049574716782 0.269900716754293 0.318370004748753 0.332975699139755 0.331501861451015 0.323301780185347 0.322146472355639 0.313625900913223 0.30789446576606 0.301271800937203 0.294899852180401 0.289879376551336 0.284701405023664 0.280824958573649 0.277624409651414 0.275402506075532 0.271879269527754 0.268121880344855 0.267732901483487 0.267000359015992
-9999 -9999 -9999 -9999 -9999 -9999 -9999 -9999 -9999 -9999 -9999 -9999 0.341849658606383 0.348974297598665 0.322699450644313 0.294990016036668 0.273795011908839 0.190511715063138 0.118864140735554 0.133357864286696 0.122641546725899 0.114897218743377 0.12483440674575 0.140675616487693 0.159025322231639 0.167583558605511 0.167042451181452 0.160397470558337 0.163515874621721 0.168385915802876 0.155196655345487 0.131214075637873 0.138860530546564 0.175452381173024 0.170545113933856 0.168739799026051 0.186314559869338 0.140214476889237 0.126369898653727 0.198908894615706 0.274481133918179 0.298761372585899 0.290012388633392 0.287477009420784 0.305027090454915 0.300622715478379 0.297046735249883 0.291384286219336 0.28539079357875 0.281861882779972 0.277808235497349 0.273716221245437 0.27072360013017 0.268714583836351 0.266457180118199 0.264450545601239 0.263553166604059 0.261076109747605
-9999 -9999 -9999 -9999 -9999 -9999 -9999 -9999 -9999 -9999 -9999 -9999 0.377877292349057 0.366757601432673 0.334092771498829 0.311237560721656 0.302110987719435 0.258958488458896 0.218728656632976 0.202138332488884 0.12309920018488 0.0947871188603295 0.11753800772195 0.127260738143198 0.141341907729179 0.151904902700199 0.157150182807571 0.157656464907869 0.159816575318817 0.162757925746414 0.153276095037512 0.140390148966432 0.135761827938327 0.136478654265249 0.152296536779671 0.191029443766437 0.198803201933228 0.155031390511537 0.115752289522472 0.116081407186931 0.161184668301297 0.174662993934986 0.219501229194096 0.211534986454625 0.236854321910228 0.265046038205397 0.277756670567262 0.27672521227649 0.273374333592888 0.2725696915638 0.270509503730144 0.266715844738862 0.263440502504343 0.261398015469488 0.259541092446026 0.256168338702701 0.255103625348573 0.257181449726997
-9999 -9999 -9999 -9999 -9999 -9999 -9999 -9999 -9999 -9999 -9999 -9999 -9999 -9999 -9999 0.324257672678346 0.332374206130502 0.321646966180944 0.299969387825348 0.271351809165826 0.192294314092802 0.118944174875365 0.109439747494657 0.11979823678962 0.121613403676623 0.128293542889539 0.137144361476131 0.143886798660358 0.146047007583049 0.150439988383683 0.150565982560707 0.145128871431803 0.134833880688056 0.116068070822616 0.121750302553046 0.148807052945904 0.149995091382804 0.177755944789475 0.141947738048248 0.135674558993052 0.184398495806604 0.177107582968291 0.203353965393773 0.197006965179928 0.203801580686952 0.209139776720265 0.236295970108849 0.247364499544714 0.259662426361891 0.265294974585492 0.262801197002951 0.259370497974426 0.256619035795215 0.254661976044834 0.252967778794977 0.251871537103497 0.251282243366077 0.250032682499745
-9999 -9999 -9999 -9999 -9999 -9999 -9999 -9999 -9999 -9999 -9999 -9999 -9999 -9999 -9999 0.333915987683077 0.352397323625906 0.364354354930735 0.351371271146309 0.332437267981916 0.264482319268944 0.161192313045274 0.109261823785569 0.107073642220444 0.0965033202842987 0.103724641944351 0.118521903966968 0.116209515488323 0.125263905848131 0.133086776734064 0.137071601875155 0.140232192479467 0.131855785290822 0.109384699429198 0.094431493254979 0.107546549571537 0.108564075841451 0.168392577452538 0.159339692424646 0.167169579848 0.178434309489992 0.190336916568737 0.186153783864674 0.196059605106758 0.189503105695614 0.184505529715574 0.20403902993863 0.232983105971244 0.24772768113689 0.257613916066912 0.255428966207363 0.252385955138869 0.249948714208089 0.248120220124347 0.246738412057984 0.245821153691494 0.24507660252839 0.243600312282379
-9999 -9999 -9999 -9999 -9999 -9999 -9999 -9999 -9999 -9999 -9999 -9999 -9999 -9999 -9999 -9999 -9999 0.382457533861689 0.372426776247461 0.366215983097215 0.308851771105835 0.193719528233462 0.117921774418509 0.090318518202796 0.0755388547929828 0.0893703447476292 0.116864336676221 0.107934462778078 0.118327252690307 0.123564827349567 0.116999260228873 0.130692447445924 0.124944276022544 0.10562434379117 0.0788271489569006 0.0967467925747524 0.102811757588848 0.136664554279415 0.173203158300013 0.163491580948667 0.162650747485721 0.183165831116731 0.171559667891129 0.188724756317834 0.171482706395435 0.141576459912403 0.188453783641919 0.22521783595899 0.241941527462224 0.250648738279519 0.247920674217237 0.245576485289479 0.243178964965914 0.241523313395335 0.240325395342305 0.239404195517753 0.238746923310311 0.238441945614372
-9999 -9999 -9999 -9999 -9999 -9999 -9999 -9999 -9999 -9999 -9999 -9999 -9999 -9999 -9999 -9999 -9999 -9999 0.375169854967579 0.376213328845494 0.332874130439931 0.231604400398483 0.148028147491203 0.0987691127971181 0.0732220921552049 0.0854198442771924 0.106529184053886 0.122785118316754 0.124153071011243 0.1216156421321 0.12084405646643 0.120601844973471 0.11711003440988 0.100107686689861 0.0679564434420128 0.0890304001075139 0.0994461958245204 0.10327668582029 0.176802071445819 0.134174912473467 0.154487611619436 0.164936634504039 0.177479517761824 0.199485547833815 0.159245628893494 0.125710937298676 0.180769492063037 0.226855285771066 0.240013970240784 0.245295810382996 0.242591859666131 0.240281319912042 0.237993386519944 0.236527997701739 0.235408387163851 0.234493556466275 0.233768626406963 0.231914235574492
-9999 -9999 -9999 -9999 -9999 -9999 -9999 -9999 -9999 -9999 -9999 -9999 -9999 -9999 -9999 -9999 -9999 -9999 -9999 0.35126388949331 0.337408360772105 0.260144130095875 0.176460199167307 0.105322761789259 0.0825946008306866 0.0944232504035068 0.107727638044343 0.122127751745585 0.121456150229183 0.117952111369369 0.11481348265062 0.114748998209824 0.112370885229164 0.104055273771263 0.0832292326953069 0.0845925076754773 0.0750263554164465 0.0697824029165979 0.12538548639531 0.12120819706138 0.138809520231294 0.148286072246192 0.17542365348809 0.208696464043281 0.155765516024994 0.153757328997569 0.186404989857491 0.230477284648677 0.23763414679817 0.239908813569538 0.237307105282572 0.234964494381648 0.232563985639073 0.230569300035466 0.22893457714174 0.227133532544941 0.226187360525456 0.223861707141406
-9999 -9999 -9999 -9999 -9999 -9999 -9999 -9999 -9999 -9999 -9999 -9999 -9999 -9999 -9999 -9999 -9999 -9999 -9999 0.328720356497306 0.324680609587791 0.265582460651832 0.196313699234341 0.109714597008613 0.0735786100819276 0.0770702393337884 0.103094066141758 0.115392425165905 0.11496073493263 0.112275784152097 0.107090448381558 0.104985392001315 0.10209236624945 0.0964529022888211 0.0678724114171527 0.0504035387389691 0.0578638545756216 0.0522409348698142 0.0812927596049319 0.0895336260693715 0.144449473358489 0.122198892590584 0.102608731595562 0.153114275339089 0.153226522437504 0.188082984216907 0.201943267816426 0.222713314917308 0.22919564417675 0.232063573621625 0.230387062691789 0.228412111091226 0.225904488927328 0.223590640730921 0.22169332906442 0.219246873206701 0.218881452780869 0.218167506282679
-9999 -9999 -9999 -9999 -9999 -9999 -9999 -9999 -9999 -9999 -9999 -9999 -9999 -9999 -9999 -9999 -9999 -9999 -9999 0.326396493722383 0.313535087188381 0.275413914556281 0.219962314676488 0.12913764327385 0.0494588024594962 0.0383080791522713 0.0674868153025162 0.0894980456663803 0.107497363350506 0.10607256734879 0.100760827600725 0.0957760064215609 0.0926449332939035 0.0888960930620983 0.0725920811254009 0.0339978525370785 0.0473835521805531 0.050361434578847 0.0852929288840362 0.0845277248272625 0.0865054662597267 0.0614713842435177 0.0766565793440875 0.126835820563369 0.151782578136988 0.200138482560348 0.183338930727585 0.198540957338402 0.210714310820013 0.220642132599272 0.222600606977403 0.220985450755362 0.218873139588191 0.217504851859584 0.21648009807526 0.214820078140829 0.215594767370636 0.216405674622183
-9999 -9999 -9999 -9999 -9999 -9999 -9999 -9999 -9999 -9999 -9999 -9999 -9999 -9999 -9999 -9999 -9999 -9999 -9999 0.315954690078278 0.314419287360786 0.291532249812376 0.25339939155133 0.127874687975604 0.0560027870663698 0.0328705270980817 0.030974597868416 0.0613899324352035 0.0981220074336009 0.0989476945963207 0.0944679362333523 0.0880446051028328 0.0828430275520765 0.0780894747639915 0.0636277924943587 0.0105424470322037 0.00822884276027548 0.0482772593313528 0.0433293568951917 0.0343100313534716 0.0876303502499218 0.10715738288986 0.07793116490447 0.0958286904165777 0.120358490844307 0.179846483683129 0.192093838621334 0.183264187296395 0.194058864000158 0.208575881326236 0.212977805312744 0.213017044311696 0.211892187545014 0.210908459379154 0.210980747814792 0.210480465613209 0.210789571562072 0.212025631521398
-9999 -9999 -9999 -9999 -9999 -9999 -9999 -9999 -9999 -9999 -9999 -9999 -9999 -9999 -9999 -9999 -9999 -9999 -9999 -9999 0.345425211231155 0.279540702278646 0.253902904537941 0.167074701238966 0.077740758954671 0.0692093004754167 0.0839245310464685 0.0830284135766962 0.0869124206181043 0.0896502465137685 0.0843310411448214 0.0811224067647867 0.0752934006318298 0.0633429627659235 0.0523523291987027 0.00421773385431634 0 0.0222231961109157 0 0.028056350564799 0.0579821657045165 0.0486461652144556 0.0597525069798441 0.11617353925211 0.122954350685051 0.167461465653751 0.181880704559114 0.175108267701807 0.158010432535157 0.198233895036286 0.204223478869344 0.205042326760599 0.204995330543424 0.204536949008461 0.201814161380842 0.205651398652008 0.207094297082154 0.207661297889683
-9999 -9999 -9999 -9999 -9999 -9999 -9999 -9999 -9999 -9999 -9999 -9999 -9999 -9999 -9999 -9999 -9999 -9999 -9999 -9999 -9999 0.277470488960795 0.25787746726611 0.193818921221325 0.0859310059280835 0.0395449500593556 0.0472402290153746 0.0778458161960355 0.0793896253930215 0.0794133808489628 0.0684932968494578 0.0731374543651616 0.0708815488540468 0.0513824864157201 0.0432628070038021 0.0102721682622408 0 0.00550644462111251 0 0.0352443455541153 0.0422381678352235 0.0246799919676568 0.0428042734254801 0.0835510757512479 0.122056327894695 0.164496509038603 0.169796548674935 0.173729347135492 0.164836211114984 0.192953635843642 0.197270616166713 0.198258573993189 0.199071261480103 0.198902680748802 0.197544186712905 0.1983804054391 0.201244682979857 0.20523340061321
-9999 -9999 -9999 -9999 -9999 -9999 -9999 -9999 -9999 -9999 -9999 -9999 -9999 -9999 -9999 -9999 -9999 -9999 -9999 -9999 -9999 0.264638016495997 0.261599560208226 0.22035923765135 0.115650316071867 0.0581901252213871 0.0343232566487746 0.052141573505999 0.0518741092341777 0.0692906880153956 0.0523612198316632 0.0626883442578609 0.0630293216621399 0.0512005838766989 0.0252358191969496 0.00809587015141861 0.0235784850343317 0.0146060675217788 0.03620502793871 0.0333850271392603 0.0423133618191807 0.0275042344081955 0.0385202173069866 0.0480127616897995 0.117173959347371 0.161268977544709 0.166675121671473 0.168255369231184 0.169634781752039 0.187883125516121 0.191433635829758 0.192496612921401 0.193521601207185 0.193509357766474 0.193939174590465 0.194834338951863 0.196688858065464 0.200361296916436
-9999 -9999 -9999 -9999 -9999 -9999 -9999 -9999 -9999 -9999 -9999 -9999 -9999 -9999 -9999 -9999 -9999 -9999 -9999 -9999 -9999 0.263166958433497 0.262187796457062 0.231200985610032 0.137612946463206 0.0672809985038781 0.0273011039771725 0.0465351041588261 0.0580160285499992 0.06383529277934 0.0592152441042139 0.0575367609563241 0.054788087607134 0.0471864208780382 0.0121432064342887 0.0113933698173927 0.00649462807468832 0.0143407109923011 0.0402686087282843 0.0293113219881924 0.0357592147058997 0.0123162777924842 0.0412194055778333 0.0596880889978866 0.123288223460833 0.15684744268614 0.163081990399505 0.158817594537878 0.165963883687934 0.182407787384457 0.186413947960595 0.188154292937796 0.18940687120363 0.189367421607004 0.190664126188205 0.192419627347393 0.193381300654901 0.196131703213638
-9999 -9999 -9999 -9999 -9999 -9999 -9999 -9999 -9999 -9999 -9999 -9999 -9999 -9999 -9999 -9999 -9999 -9999 -9999 -9999 -9999 0.260668633839566 0.260233592365514 0.236559135643705 0.149508982450836 0.0680352094619926 0.0267475118657583 0.0455775364681307 0.0553096868681036 0.057306972669593 0.0562632402934008 0.0525029692333438 0.0492053453859497 0.0443817430597211 0.00834631417704054 0.0067364166423343 0.00309914056337743 0.00358897538846402 0.0573125805322256 0.0538969239261975 0.0275139721836828 0.0122481656404877 0.0462118410720913 0.101930311385737 0.143647342357428 0.155899336528122 0.1531289132806 0.148073863913434 0.1626124005497 0.177461435552864 0.182121674361467 0.184591628733743 0.186213959371476 0.186044870245216 0.187267211141054 0.18918737585702 0.190218967562553 0.192526906255035
