layers/veg/veg4700.asc
NCOLS 255 
NROWS 330 
XLLCORNER -2985163.8955 
YLLCORNER -3022031.214 
CELLSIZE 25000 
NODATA_value -9999 
[rows 175 to 199 of 330, columns 112 to 167 of 255]
0.537025112080924 0.535638772691524 0.533884948443804 0.531823758169496 0.529358465551571 0.527262743867091 0.525131725999752 0.522052637662393 0.519225394640358 0.516759682387094 0.513597552206398 0.509816519727242 0.506438210835088 0.502822528073148 0.498327056914344 0.494412086679367 0.490566833476347 0.485687428441491 0.481304018155055 0.475090519240776 0.461549910632041 0.446914196023773 0.438991858108504 0.433880999528248 0.429197180169895 0.421942365059018 0.414449724700989 0.411469341042227 0.41104154375354 0.407650230201625 0.395166249914488 0.38023460637037 0.37332391412654 0.376315100873013 0.377828344386173 0.367958225213175 0.357456689900628 0.350593468868419 0.3435605756314 0.353632527884286 0.367689458682823 0.36715427844405 0.368948408460284 0.372084543787356 0.371493974692049 0.36567908315224 0.372677234277893 0.394887944335889 0.42216484127829 0.437882004094472 0.451933273961706 0.476339804959303 0.513638323725291 0.558297644796548 0.582506328413014 0.576642426910754
0.53655802736634 0.535512730212839 0.533920588321419 0.531860818546002 0.529308042773999 0.527083648344716 0.52489368511057 0.521857418049415 0.519171530621447 0.516806821671323 0.513624257237704 0.509798422791134 0.506510124606359 0.503076973521078 0.498714714732527 0.495133770980549 0.491491082690793 0.485725658873746 0.481289629914256 0.47720241313656 0.467621801614998 0.45405558794327 0.439204098086852 0.432110805547683 0.432590248306066 0.42917911339734 0.420955640644276 0.416319251470189 0.418244122130043 0.410108826733596 0.391833163813768 0.372548051649368 0.360477111205234 0.359671239608631 0.368224845044545 0.374722139986319 0.365296398261114 0.348076480471895 0.333936846817357 0.340718179481648 0.36783626288494 0.372401287755712 0.360696577833651 0.373035792027144 0.373754953977342 0.372958572887183 0.390616637320404 0.429219474988832 0.461707767755012 0.481188902895414 0.51037801181956 0.507448444812812 0.527883706021857 0.576017807230969 0.591825015562994 0.598350200053496
0.536131703583863 0.535128585462327 0.53363213990483 0.531609131566058 0.528997247972697 0.52678139433152 0.524458609854923 0.521401997984591 0.518685540073476 0.516093281273592 0.5130170763364 0.509267890911516 0.505935773246949 0.50259798346837 0.498599323383503 0.495124330523482 0.490617674807495 0.482637858761399 0.477590627806891 0.476045364053841 0.468767334093424 0.457649453373961 0.44411525310061 0.43549570164326 0.436005293498846 0.434322492864662 0.427600400771797 0.4227894859249 0.422394256743437 0.411328433873079 0.391621894796273 0.37499340656563 0.363657029284659 0.358927636735113 0.365598479135139 0.374484973418439 0.368931614897492 0.35877109096889 0.344153075551307 0.337649745743996 0.35883847794878 0.372724036783189 0.369949292893702 0.374777122730377 0.377171572100309 0.376986238684963 0.397078813426371 0.437860816463275 0.459634365400858 0.467948173911347 0.488258668638584 0.496179170560399 0.529240492842112 0.572157517377402 0.590897523294028 0.599253031017
0.535056638419836 0.53416447585939 0.532756414588102 0.530841562531806 0.528390359767151 0.526025437558497 0.523547450540733 0.520432435727723 0.517597875928059 0.514993842443518 0.511805735011754 0.50810625618569 0.504809475827363 0.501626015986165 0.497745239989032 0.494392801119867 0.488785224890011 0.48043268184926 0.470657865667771 0.466367762140127 0.466071225190573 0.458012574071915 0.445436602550243 0.434959788550174 0.435648605071786 0.436251255070624 0.432730471592889 0.429977633196109 0.427169783684722 0.41780879187791 0.405715353709132 0.399543657802075 0.387326107043878 0.377728275375577 0.375111926337206 0.360805974436605 0.356100521389246 0.352557931760274 0.338414140776793 0.32902610654791 0.339431106375539 0.362769442052478 0.376766660934596 0.38278614791404 0.39198225534414 0.395292082924656 0.411509258219021 0.431912788450864 0.427304869308208 0.434372387757893 0.470938857791735 0.496739896210907 0.526092965244563 0.577494722375943 0.592415438193833 -9999
0.533859784118269 0.532845840975724 0.531475131210802 0.529704951849998 0.52733727517749 0.524927480742652 0.522513472419343 0.519164720979146 0.515854243023251 0.51335971573064 0.510438654240732 0.5065233550701 0.503203109497726 0.500135118273096 0.496199840123587 0.493069623754788 0.488613976983984 0.480838611945039 0.468782331202154 0.462489577876371 0.463815246098526 0.456371061396875 0.444487585410522 0.438217148095105 0.439791309408652 0.439887525188251 0.43650618227562 0.433204565966242 0.430384994128676 0.426041940434125 0.423998913858745 0.418403595553508 0.407259433719825 0.399728521616145 0.390133645827691 0.372531532293019 0.364479261247852 0.36317985586083 0.355536041158682 0.346009133754888 0.344339754561224 0.362883594623758 0.38281440305758 0.388641179086053 0.394330702134969 0.399675377081419 0.403177933576843 0.408092226762376 0.423134970689028 0.453738229051329 0.515334179546705 0.567048542302393 0.577420934408296 0.578349131661656 -9999 -9999
0.533002665386046 0.531859162933513 0.530365322031752 0.528652112382986 0.52659898520028 0.524338530004593 0.521612801892188 0.518222809941703 0.515204518966147 0.512558251640524 0.509230727040966 0.505242060186258 0.501788152428482 0.498459013679669 0.494427875628001 0.491192263813969 0.487379309237762 0.479110759949864 0.471183284195897 0.467114614659143 0.461456977320215 0.447514791489863 0.437336188610268 0.438423442845134 0.436036761046531 0.433728346212767 0.430881455359607 0.433070977991523 0.430718992380886 0.421916798974504 0.419171014306436 0.413641173560693 0.401697032340593 0.398599734242371 0.397887127892207 0.38972054488474 0.386045109321231 0.374580713557698 0.350686436757174 0.336098827089752 0.33317726378539 0.354184761703732 0.382284253168965 0.388300718624141 0.394361425751256 0.405123952813037 0.411289181164565 0.418711182076278 0.42881242880336 0.48080721301918 0.552938554858074 0.57208449337157 0.576650970964137 -9999 -9999 -9999
0.531762694730314 0.530459140467215 0.528861654061651 0.526940143241634 0.524823088542741 0.52258610683543 0.519647571570728 0.515819246083845 0.512510827632366 0.509900206406029 0.506425557179074 0.502433289541199 0.499002992858922 0.495512040075316 0.491318310990422 0.487699967733279 0.483744846208817 0.474001119924565 0.46567358426726 0.461783771454757 0.45699888187519 0.449611725346407 0.441286938574815 0.435126840223546 0.427219040378927 0.428819046010464 0.430797283517585 0.43284192665511 0.428255497953392 0.414897812185964 0.406151903308822 0.399323611911478 0.38407518805128 0.381094051850681 0.386629743673667 0.376078876634586 0.367146455999907 0.361868959546176 0.348832559546062 0.342482103443303 0.348291323408037 0.364512947686059 0.38609770426433 0.394666930634881 0.401041421087271 0.406471498615338 0.412170784626532 0.418613480412633 0.424739054844528 0.474007900363046 0.54558920682134 0.567593776962258 -9999 -9999 -9999 -9999
0.530874649735855 0.529375987863662 0.527540285734253 0.525331484390987 0.522781380929466 0.520434898166402 0.517578768378902 0.513614479307867 0.510177365722291 0.507253212957665 0.503510923166537 0.499387236999494 0.495764757484991 0.492074459370273 0.487544614739836 0.483520933876763 0.478677615448011 0.469956160272159 0.465336873519169 0.46469598582215 0.45970721836466 0.454953943882321 0.448170039836282 0.440920028709761 0.433055510832236 0.422596281813029 0.422874683715681 0.429927649481348 0.424251436196879 0.405969796634233 0.386360055113813 0.374964166985556 0.365043660286074 0.362788093644187 0.370850695611194 0.364111661504339 0.349396728207647 0.345398115317344 0.340484217969602 0.344198712528817 0.362543148032112 0.376165770976277 0.390048441717213 0.396469568997792 0.40251345325089 0.408477017949566 0.414984643542053 0.420464142985952 0.423028279224913 0.477071245433148 0.544232656058915 -9999 -9999 -9999 -9999 -9999
0.529370942286369 0.527793894942156 0.52615380269221 0.52381837817779 0.52114220949495 0.518588957076667 0.51559253838879 0.511545888553063 0.507835159215108 0.504804492949755 0.500940896558703 0.496442217334021 0.492544797391406 0.488700836620237 0.484154013608965 0.479996835405894 0.475106190655284 0.468118395425589 0.463916731935618 0.461596555425323 0.456808950492135 0.450204807968408 0.444421867800459 0.43443610132062 0.420521203583027 0.418552130932568 0.422102838717955 0.42623045190282 0.418433165119847 0.397732215127772 0.382489768753443 0.371751458898454 0.359534705647286 0.353399391541039 0.360199024417123 0.358278212491038 0.348450814190833 0.336098965433667 0.3322462787985 0.340709511640751 0.35578680961037 0.377273063609679 0.386650204402664 0.391921061744258 0.398487656776502 0.403269659969017 0.411503969189444 0.423608630369873 0.437884383289598 0.493074521528572 0.546449412287072 -9999 -9999 -9999 -9999 -9999
0.526799464894363 0.52544967502375 0.524507038347648 0.521979141482372 0.518757157509906 0.515752357826998 0.512570348034255 0.508332126199426 0.504279885133047 0.500919585067532 0.496899185894485 0.491929277301056 0.487849284488866 0.483771389762954 0.478374616783315 0.473521348734492 0.469081455864143 0.463214042283098 0.456557854054444 0.452810222885653 0.450884490254784 0.446299358049857 0.43900466113276 0.427103092675063 0.41987448090181 0.421338142338772 0.423623197153022 0.416281760871846 0.399691939365413 0.385840227180801 0.379315242838921 0.381366442594468 0.377114703044034 0.372849989675885 0.370698284726056 0.361000783934306 0.347495749321252 0.33045332898855 0.314026651514316 0.316945544512931 0.331740160088311 0.344215585102359 0.355690954046956 0.370900441721438 0.393845093932126 0.398978582026852 0.404076826844193 0.437568679606052 0.485599234620204 0.524291828212087 0.538566262883081 -9999 -9999 -9999 -9999 -9999
0.52598058816728 0.524709214479698 0.523254289012265 0.520163832926863 0.516304219253677 0.512998267646503 0.509508882770754 0.504868694057285 0.50061486524995 0.497167391479735 0.492775457230939 0.487400508382261 0.482830784422699 0.478162287277133 0.472083695911731 0.466858397757989 0.462132116619749 0.455709735195897 0.447355000382239 0.442273212320773 0.441588179905103 0.437917047573066 0.428469323537289 0.421276463576774 0.420487253220927 0.41940582611193 0.413076252737515 0.397755604667323 0.384262080085786 0.381121796659844 0.386388567103458 0.38873952087024 0.379677510087057 0.378715541002155 0.384683088514621 0.370034233059899 0.350619453865991 0.334303975608071 0.31626043393013 0.306706849687337 0.320481997225378 0.325982871086318 0.328649605823334 0.352893880875991 0.387716623483454 0.411319994873648 0.413038668197904 0.449502360072129 0.501581024032049 0.519245126037894 0.531064391449565 -9999 -9999 -9999 -9999 -9999
0.524602243479954 0.523813422199948 0.522129735689332 0.518845743418919 0.514635725777103 0.510993650062936 0.507292058907709 0.502127522589082 0.497548892913261 0.494017297044208 0.489459300268874 0.483757796806056 0.478886739035752 0.473693519811471 0.466986303795697 0.461627809261347 0.456808312618866 0.451091527394089 0.445745344410214 0.440181389710509 0.435691165324306 0.431943662950341 0.422623582118387 0.416525656215307 0.416912356529885 0.410704011973267 0.3921780095767 0.373954954831751 0.378738127878935 0.38751065968419 0.388858287107809 0.386700875790631 0.37927167258104 0.385251995185651 0.380597998706624 0.363327577648363 0.357654709222279 0.340131874620626 0.323947281926359 0.325659259758272 0.338430845150544 0.337173118434929 0.333173991406127 0.337497485108888 0.366746745444533 0.408700636503059 0.426540367880102 0.457817393167822 0.493858655453052 0.50788920922631 0.52141870256351 -9999 -9999 -9999 -9999 -9999
0.522445502065104 0.522204455678255 0.520133864796732 0.516440439855776 0.511863295625522 0.507775708985263 0.503508024876287 0.497907956793823 0.492887463340536 0.488886493647494 0.484029082600924 0.477963286640189 0.472240796695688 0.466339961605878 0.459396768679544 0.453911736921819 0.448796282254651 0.442689623299219 0.437673452838739 0.432882770378017 0.427468494191936 0.423203403193693 0.417275304986171 0.410155961007307 0.405674763137161 0.394188874414836 0.380484987255898 0.380210236999885 0.384371562697012 0.384701406851514 0.382674727898541 0.380211108262482 0.378459162760531 0.376315010288125 0.369974881999104 0.363966340375237 0.361343833643372 0.352791606457121 0.343916932849644 0.340828312472585 0.335444555799094 0.334930046417133 0.337222142779177 0.343886162267075 0.381388496592319 0.415056067726056 0.427081024237553 0.445136274262334 0.47507408528506 0.501491334852174 0.504280033810146 -9999 -9999 -9999 -9999 -9999
0.521671550439106 0.521716033985768 0.518480152954165 0.514398773330374 0.509346860037762 0.504918094609035 0.500115741046216 0.493825295277928 0.488422866169647 0.483972275943703 0.478792936174063 0.472082422285688 0.465131246321001 0.458554713244314 0.45119986144285 0.445145082354946 0.439558632426739 0.433091612463572 0.428263642088978 0.423797897819489 0.417779507548972 0.412154295075901 0.406282253849989 0.394881752056155 0.383746179869104 0.379309356675256 0.381799630107161 0.386991716154157 0.383929134476119 0.375715157265614 0.366410240471099 0.361696211641996 0.363880347439445 0.355925631755442 0.336989607982471 0.335677982261163 0.343961989725045 0.355503911021057 0.351668011568053 0.337192913432099 0.327535294948891 0.331114067373143 0.336012061185623 0.332824468524815 0.357956787992338 0.396190792904694 0.408033968728527 0.419357258329548 0.454981634264568 0.486140197533884 0.492845924017678 -9999 -9999 -9999 -9999 -9999
0.520520119922478 0.519936610672263 0.516604140431548 0.512368736999725 0.50706056766928 0.50226102257825 0.497239065567414 0.490731851889524 0.484920762622694 0.480090427386616 0.474623896843844 0.467224422728658 0.459791405737884 0.453197868640425 0.445375748701048 0.438821607587601 0.433000852659737 0.4264015438067 0.420987256271776 0.416139321991817 0.409891153656856 0.403921730828196 0.397646967230508 0.38843801893078 0.378265267377922 0.371627791624538 0.371062062155513 0.374533706767031 0.374201449118797 0.364716658463126 0.353677487505331 0.344934052746347 0.347017039053913 0.345844128459495 0.329520793075259 0.325634359429562 0.328317779803383 0.336555536340403 0.345895708239368 0.336778423126206 0.323112940175403 0.324212583621414 0.328888027855859 0.332716928427546 0.34202450987981 0.365107569587759 0.388945605834171 0.401619905135759 0.426767697235655 0.457836724285933 0.477228589514232 -9999 -9999 -9999 -9999 -9999
0.520771505615173 0.517649655005689 0.514328543774871 0.50978622917103 0.503886575741566 0.498530308955942 0.493085569777037 0.486068290957666 0.479830125247579 0.474848142845757 0.468936960212283 0.46068642892178 0.452422292922564 0.445055271300728 0.436742446843205 0.429991589660991 0.423773927625925 0.416631823254473 0.410874275518135 0.405397420584162 0.398952327697145 0.392752510648551 0.385460337979369 0.379122213496773 0.376084341562115 0.372435738584196 0.36390316016856 0.354174751637974 0.348964562987981 0.34393120811785 0.33465488177471 0.323828710849385 0.327422650181863 0.330593038161909 0.317994455562157 0.307995561630016 0.308037173241583 0.320168314984905 0.319242994480883 0.310393440333888 0.308044792152893 0.305300985438503 0.308534129882317 0.311945707207351 0.322161792087139 0.331895871237146 0.34341153984831 0.36110815521623 0.390282429309836 0.441553649022013 0.473411052920715 -9999 -9999 -9999 -9999 -9999
0.519476039669021 0.515528405001238 0.511456557665955 0.506770105995039 0.500587864240776 0.494970311784588 0.489049439854578 0.481403023466602 0.474754575924773 0.469353067280704 0.462956628770286 0.453876915195608 0.444844316630672 0.437204406516377 0.428436460859899 0.421149514845242 0.414689730747476 0.407196715729594 0.40075126332626 0.39466262619366 0.38751550121405 0.380797661738104 0.37549910163562 0.373002795109906 0.369157986352567 0.361237812026051 0.351540994843388 0.341330781489967 0.333395721944628 0.326946360868256 0.323228612536784 0.316322792971014 0.309308678771544 0.310952285734551 0.305214897334506 0.295597699496375 0.300343873602164 0.307193870547439 0.299120250669577 0.290479947109791 0.288174753893974 0.289427856813641 0.28511101484983 0.280164515219237 0.272439394393648 0.279279894041399 0.306400776720003 0.337488965413504 0.360388361824053 0.403613080383212 0.461515105742968 -9999 -9999 -9999 -9999 -9999
0.517075524223251 0.513115419113831 0.509038639831079 0.504341218081393 0.498068441290435 0.492212032243703 0.486016257434233 0.477938857310824 0.471040253860013 0.465661941351376 0.458574093020995 0.448709900835068 0.439853428801974 0.432354005003243 0.42318440916601 0.415809505671718 0.408990406969978 0.400433427698013 0.393262415753009 0.386913421476329 0.379391542277896 0.37329266446571 0.369540544486313 0.365347328260467 0.358375606429382 0.349191883706134 0.340801478985455 0.336045001806388 0.333513060599358 0.327664227771927 0.319765972754559 0.310323143091563 0.302226672822604 0.301013625591742 0.298582982614244 0.288037535550857 0.280135979290941 0.278919020827776 0.280535669014291 0.280867287653695 0.277502999701288 0.275984581169596 0.274690713035434 0.276385155927818 0.26762355763324 0.252377718760605 0.29475673926149 0.375798994584902 0.39980668797753 0.426019695177445 0.458492275158477 -9999 -9999 -9999 -9999 -9999
0.51408087662519 0.509944764773019 0.505677180360459 0.500843232582523 0.494368523461707 0.488265116681646 0.481573486373193 0.473093291777963 0.466153954357698 0.46068180141124 0.452967929294295 0.442020033596734 0.432698671898792 0.425018902680952 0.415397345371815 0.407175260745393 0.399200590948343 0.389895841373351 0.382431028711696 0.375671609660662 0.368287178592824 0.362284060087758 0.356712643161418 0.35030598106212 0.344311931668863 0.336517239411908 0.327645132982385 0.320928774582709 0.313588839890761 0.306968366620817 0.301925730686043 0.295083979179288 0.292395452836545 0.29234440263257 0.288570322473864 0.284138962118926 0.28111227531854 0.275976286671252 0.271199460954836 0.270474403217044 0.263079201829144 0.258693711695245 0.260220771953761 0.261062000485963 0.255040292612103 0.244430099120396 0.298768717457357 0.386494631965832 0.414578235964786 0.43497149322477 0.451529941451413 -9999 -9999 -9999 -9999 -9999
0.51143971398328 0.507076240884071 0.502654861428624 0.497555266681256 0.490877758814482 0.484602424744634 0.477512928947794 0.46863608734215 0.461750483438665 0.456416062902503 0.447953775224801 0.435752721696979 0.426167075527431 0.418322435932153 0.407131145181743 0.397592450958865 0.389026186587198 0.379610102410264 0.372413802024315 0.36538683912901 0.357689793097355 0.351340493597421 0.344128145756567 0.336874455874998 0.329050233849098 0.319308082397719 0.312298535989059 0.305313173188681 0.294938852892161 0.28614430746956 0.283796480676631 0.281510207809837 0.282588421718041 0.283820695089928 0.273096023882254 0.264219447852477 0.271168869427112 0.2729940710542 0.267333700916274 0.262273508641486 0.253118297169779 0.246522592635936 0.242299874987338 0.240386761715718 0.240821648494429 0.251544887855795 0.311499964456483 0.388552534220095 0.416058069304311 0.423844268502712 -9999 -9999 -9999 -9999 -9999 -9999
0.509750360956233 0.505087123667219 0.500531156658631 0.495261128408632 0.488433910002738 0.481869799405128 0.474533435742672 0.4658846918208 0.459151321258941 0.453448362617513 0.444064624589251 0.432075448217784 0.422997847810271 0.413338146128223 0.400503392473541 0.391268817908933 0.383887311944385 0.373818058511927 0.365511944342524 0.358714836800985 0.350458799730884 0.342998534479969 0.335944414048082 0.325541349572037 0.314425230915707 0.305393893489651 0.293689547737225 0.286188972147268 0.278352825930542 0.27049067261738 0.27181318148288 0.272998191393689 0.274341986250222 0.269100031275359 0.257574715787443 0.246251101731449 0.248962207825151 0.262425636136857 0.270454639707227 0.262308568155888 0.253452829544967 0.255792420412667 0.246170649623705 0.235785694998234 0.268724969080265 0.3327660132593 0.369601856895439 0.395047080176094 0.404753732728518 -9999 -9999 -9999 -9999 -9999 -9999 -9999
0.507356400672288 0.502312279335358 0.497561660161368 0.492271014780168 0.485256135109173 0.478316448507553 0.470789245067369 0.462187669173052 0.455162945357312 0.448849493432933 0.438918568017854 0.426995552339498 0.417031676573835 0.405302649173233 0.391887119563435 0.383036552925141 0.375884447794294 0.3652835649375 0.356681313845963 0.349053543963919 0.339188540613432 0.331312967316935 0.323565872493488 0.313976241723699 0.305337088817677 0.291742520738423 0.278157714930276 0.272680870198025 0.264913657039186 0.257506658912152 0.253753003168381 0.257346393617593 0.265330816062188 0.255508818891778 0.245005973236503 0.249146590383703 0.254896289348254 0.263163803753221 0.268724340950294 0.258020955137274 0.237338795245449 0.229032060649701 0.232732011097203 0.237949956741851 0.285373925592842 0.353152834278793 0.372163050133255 0.378430401036026 -9999 -9999 -9999 -9999 -9999 -9999 -9999 -9999
0.504710980101511 0.499730767353644 0.495067131366712 0.489604554449803 0.482253731820005 0.474966289545015 0.467411861273355 0.459235581077271 0.452031104363112 0.444688489920587 0.434868262774387 0.422705896164608 0.411218158566384 0.399040466324799 0.386921239108398 0.377796438198778 0.36854302087912 0.357419196868367 0.348789630417379 0.340705302980228 0.330143748231655 0.320708633033564 0.313789371680313 0.305769475948158 0.29532466795058 0.282410291529737 0.275853524462971 0.270880087222828 0.258473208528719 0.252026473991021 0.243623409235027 0.247319354664113 0.251056275030793 0.242681463034119 0.237027088797096 0.251003262035386 0.275041908035132 0.271116096966666 0.26020954957725 0.251443297386188 0.24185791659489 0.227237080890752 0.218255348391347 0.23917491053947 0.302131713060486 0.346339101365378 -9999 -9999 -9999 -9999 -9999 -9999 -9999 -9999 -9999 -9999
0.502266317530546 0.497944083593848 0.493338175774171 0.487784740258381 0.480246943261412 0.472866237109365 0.465523635564809 0.457338439319445 0.449703504907308 0.441961381594237 0.43197655629265 0.41945031009764 0.407295998782334 0.394886963256292 0.383115965384457 0.374614608417923 0.36508093972544 0.353614909642855 0.344142794670614 0.333884126820504 0.322064784290961 0.313466989709691 0.30605996305574 0.298239808884576 0.293156964794747 0.287772203522318 0.279845968459518 0.275187834198597 0.270133981144648 0.26092882275974 0.249953922092825 0.255311278104782 0.251852544307515 0.233005586839813 0.251263993064838 0.272041257096114 0.28024500754072 0.279873031129559 0.281912697803873 0.284375270934942 0.274220333475893 0.249629792743364 0.222959982288437 0.242049626474728 0.303560385934071 0.340300381105513 -9999 -9999 -9999 -9999 -9999 -9999 -9999 -9999 -9999 -9999
0.499090206469217 0.494722784630025 0.490541287875448 0.485128591263621 0.477629824669207 0.470204437914358 0.463075188593195 0.454813925462489 0.446382337307518 0.438273791002751 0.428044745773483 0.41469650749787 0.402299724816284 0.390718692014385 0.378202699686346 0.369205057279124 0.360034767025208 0.34704341122459 0.335345164028533 0.323667867551097 0.311185742306651 0.302304805205537 0.295523821461617 0.286930864970728 0.279421553805152 0.27581719113539 0.271510690401157 0.266201482132449 0.263848443054857 0.262737490428302 0.261345137050378 0.26356426452304 0.261134513233312 0.256962241480313 0.262505828787768 0.267604631669678 0.272566247991342 0.276303381388198 0.279913771497641 0.284433275676196 0.283204879221782 0.280528144942489 0.273081261334498 0.281146755833695 0.303922268108307 -9999 -9999 -9999 -9999 -9999 -9999 -9999 -9999 -9999 -9999 -9999
