layers/veg/veg4200.asc
NCOLS 255 
NROWS 330 
XLLCORNER -2985163.8955 
YLLCORNER -3022031.214 
CELLSIZE 25000 
NODATA_value -9999 
[rows 25 to 49 of 330, columns 112 to 167 of 255]
0.486780901043489 0.48858512513304 0.490752601938069 0.49159782706567 -9999 -9999 -9999 -9999 -9999 -9999 -9999 -9999 -9999 -9999 -9999 -9999 -9999 -9999 -9999 -9999 -9999 -9999 -9999 -9999 -9999 -9999 -9999 -9999 -9999 -9999 -9999 -9999 -9999 -9999 -9999 -9999 -9999 -9999 -9999 -9999 -9999 -9999 -9999 -9999 -9999 -9999 -9999 -9999 -9999 -9999 -9999 -9999 -9999 -9999 -9999 -9999
0.481364826504717 0.483656978798924 0.485208913071041 0.488319440580441 0.491153681815387 0.4932070477717 0.497519048304145 -9999 -9999 -9999 -9999 -9999 -9999 -9999 -9999 -9999 -9999 -9999 -9999 -9999 -9999 -9999 -9999 -9999 -9999 -9999 -9999 -9999 -9999 -9999 -9999 -9999 -9999 -9999 -9999 -9999 -9999 -9999 -9999 -9999 -9999 -9999 -9999 -9999 -9999 -9999 -9999 -9999 -9999 -9999 -9999 -9999 -9999 -9999 -9999 -9999
0.470077200773662 0.472782961071064 0.479127861180571 0.484450762143336 0.488888293336474 0.492977970039044 0.497309814551859 0.501944077112987 0.506460054151654 -9999 -9999 -9999 -9999 -9999 -9999 -9999 -9999 -9999 -9999 -9999 -9999 -9999 -9999 -9999 -9999 -9999 -9999 -9999 -9999 -9999 -9999 -9999 -9999 -9999 -9999 -9999 -9999 -9999 -9999 -9999 -9999 -9999 -9999 -9999 -9999 -9999 -9999 -9999 -9999 -9999 -9999 -9999 -9999 -9999 -9999 -9999
0.453801603751073 0.471761103531166 0.476255008632495 0.480082202357022 0.485339495057612 0.489919850064632 0.494584064905452 0.500449419953264 0.506131431672052 0.509347950819253 0.512202536154934 -9999 -9999 -9999 -9999 -9999 -9999 -9999 -9999 -9999 -9999 -9999 -9999 -9999 -9999 -9999 -9999 -9999 -9999 -9999 -9999 -9999 -9999 -9999 -9999 -9999 -9999 -9999 -9999 -9999 -9999 -9999 -9999 -9999 -9999 -9999 -9999 -9999 -9999 -9999 -9999 -9999 -9999 -9999 -9999 -9999
0.450201201279188 0.459947214992739 0.463520449186224 0.469525069464704 0.476258707725584 0.48129701664306 0.487478700886694 0.495958674992894 0.502575105920631 0.507133311010603 0.51209494847908 0.517980348186802 0.524141108661711 -9999 -9999 -9999 -9999 -9999 -9999 -9999 -9999 -9999 -9999 -9999 -9999 -9999 -9999 -9999 -9999 -9999 -9999 -9999 -9999 -9999 -9999 -9999 -9999 -9999 -9999 -9999 -9999 -9999 -9999 -9999 -9999 -9999 -9999 -9999 -9999 -9999 -9999 -9999 -9999 -9999 -9999 -9999
0.423421477873778 0.442408538768455 0.452502332622243 0.458097199597802 0.465629304381715 0.473536508233089 0.481498605031717 0.491299184408989 0.499239976399393 0.504896490590702 0.5107832777262 0.517564599827741 0.523918820842159 0.529104543718533 -9999 -9999 -9999 -9999 -9999 -9999 -9999 -9999 -9999 -9999 -9999 -9999 -9999 -9999 -9999 -9999 -9999 -9999 -9999 -9999 -9999 -9999 -9999 -9999 -9999 -9999 -9999 -9999 -9999 -9999 -9999 -9999 -9999 -9999 -9999 -9999 -9999 -9999 -9999 -9999 -9999 -9999
0.424845602203645 0.43760879206197 0.443344717214021 0.450152137607235 0.459234707973207 0.469509538435964 0.478489470791607 0.487992549510716 0.496320869116807 0.501329201942619 0.507743809809898 0.515159029242804 0.52160784697645 0.528058203828571 0.53184660284431 -9999 -9999 -9999 -9999 -9999 -9999 -9999 -9999 -9999 -9999 -9999 -9999 -9999 -9999 -9999 -9999 -9999 -9999 -9999 -9999 -9999 -9999 -9999 -9999 -9999 -9999 -9999 -9999 -9999 -9999 -9999 -9999 -9999 -9999 -9999 -9999 -9999 -9999 -9999 -9999 -9999
0.429914348114351 0.435158744939159 0.440166386455884 0.444129081631288 0.452299658654978 0.462562403199115 0.471328412363782 0.481817370975838 0.490525866386028 0.49609978447258 0.501687226000372 0.511263329457535 0.520196567957557 0.527737580310526 0.53267892517543 -9999 -9999 -9999 -9999 -9999 -9999 -9999 -9999 -9999 -9999 -9999 -9999 -9999 -9999 -9999 -9999 -9999 -9999 -9999 -9999 -9999 -9999 -9999 -9999 -9999 -9999 -9999 -9999 -9999 -9999 -9999 -9999 -9999 -9999 -9999 -9999 -9999 -9999 -9999 -9999 -9999
0.424783954379966 0.431915517106545 0.4379865376405 0.443557639562428 0.451753959529702 0.460820250061435 0.467675509256885 0.47625860872906 0.485496994948339 0.492156661922989 0.497835173533611 0.508114680855546 0.517723975487605 0.525461606975435 0.536836777622829 0.545583582765652 -9999 -9999 -9999 -9999 -9999 -9999 -9999 -9999 -9999 -9999 -9999 -9999 -9999 -9999 -9999 -9999 -9999 -9999 -9999 -9999 -9999 -9999 -9999 -9999 -9999 -9999 -9999 -9999 -9999 -9999 -9999 -9999 -9999 -9999 -9999 -9999 -9999 -9999 -9999 -9999
0.421985301068487 0.42716172717261 0.430375761401647 0.436850811516534 0.447180534459083 0.456914761659739 0.467448271213791 0.475657394127801 0.484518547913778 0.493275552929187 0.499485833221146 0.508875340574877 0.517731256298647 0.524786772968465 0.535422074963281 0.545529540599702 0.552225342330668 0.560528861577492 -9999 -9999 -9999 -9999 -9999 -9999 -9999 -9999 -9999 -9999 -9999 -9999 -9999 -9999 -9999 -9999 -9999 -9999 -9999 -9999 -9999 -9999 -9999 -9999 -9999 -9999 -9999 -9999 -9999 -9999 -9999 -9999 -9999 -9999 -9999 -9999 -9999 -9999
0.413923775451404 0.408276441095983 0.390646257291088 0.392370734586555 0.424345461955456 0.450833237991895 0.463412567629692 0.473732598614634 0.484296365507595 0.49126332548184 0.498995218501374 0.509515580660809 0.516505874692636 0.524955668962471 0.536780866432173 0.544978726535397 0.552726241217167 0.560627186041576 0.567962469881595 0.573582308218541 -9999 -9999 -9999 -9999 -9999 -9999 -9999 -9999 -9999 -9999 -9999 -9999 -9999 -9999 -9999 -9999 -9999 -9999 -9999 -9999 -9999 -9999 -9999 -9999 -9999 -9999 -9999 -9999 -9999 -9999 -9999 -9999 -9999 -9999 -9999 -9999
0.406338290342541 0.38126934045059 0.355877962573462 0.366868046486595 0.399277056788528 0.441204935158004 0.466307791857711 0.476459845233331 0.484410129703226 0.491282291794898 0.499200619071602 0.510163728750408 0.519379681097397 0.528345814682723 0.53718785072134 0.544836118853701 0.553008058140924 0.561680285890891 0.568683132091999 0.573785569279847 0.577235564650735 -9999 -9999 -9999 -9999 -9999 -9999 -9999 -9999 -9999 -9999 -9999 -9999 -9999 -9999 -9999 -9999 -9999 -9999 -9999 -9999 -9999 -9999 -9999 -9999 -9999 -9999 -9999 -9999 -9999 -9999 -9999 -9999 -9999 -9999 -9999
0.38654445336008 0.360587767873666 0.342081644142912 0.360074136843217 0.387321071561884 0.417158636100553 0.454222761570563 0.473105037784769 0.479366614156285 0.489156738603517 0.499117735737354 0.511375230559785 0.520833741042216 0.528525112950934 0.537686392554398 0.545411112646299 0.55336979294833 0.562729887372131 0.570254986267592 0.576081177095453 0.585351008228048 0.593349721466775 0.598713749850872 0.606026560846814 0.612645523272029 0.618807488080449 0.625895148554984 0.632273211768037 0.638539081907591 0.646000001029135 0.652872330551758 0.658615727698444 0.665574048477831 0.672447392929564 0.677293475815558 -9999 -9999 -9999 -9999 -9999 -9999 -9999 -9999 -9999 -9999 -9999 -9999 -9999 -9999 -9999 -9999 -9999 -9999 -9999 -9999 -9999
0.292042024657566 0.318351128540215 0.343445771572643 0.367137005625452 0.400004321347317 0.41698685464438 0.424360661171262 0.450335944254209 0.47936912964972 0.493391118007486 0.50508433724829 0.514601890168534 0.521893625671869 0.530884014775058 0.541643335320895 0.548463799689515 0.555375061338148 0.565193474863319 0.572910432807509 0.579106368393137 0.587080462468086 0.593493159506201 0.598939838826895 0.606271770762234 0.612911436250193 0.619074518069726 0.626144946092313 0.632483670399792 0.638752201189084 0.646265609879871 0.653140320450232 0.6589740109506 0.665981173693712 0.672825339219112 0.677806974061145 0.68627895813406 0.696377241071611 -9999 -9999 -9999 -9999 -9999 -9999 -9999 -9999 -9999 -9999 -9999 -9999 -9999 -9999 -9999 -9999 -9999 -9999 -9999
0.292794782446722 0.31242224550674 0.33142535518947 0.377960902191358 0.413314776334696 0.416901683659982 0.411088008764183 0.430148140377907 0.469292460781845 0.495165627240904 0.508740321786999 0.518968807237983 0.526622930814557 0.535093626854318 0.545137362749636 0.551797263601013 0.557746464235665 0.567030028302356 0.573916521684616 0.580843684068024 0.58891545112869 0.595160215934237 0.601351907880127 0.608934211139659 0.615786136960161 0.621978305093779 0.628909830201272 0.634867177879268 0.641150497549021 0.649189337142019 0.656087941782212 0.662820126791153 0.670348764211572 0.676871326894628 0.683191238963569 0.690675995484228 0.696709379664933 0.704299896637486 -9999 -9999 -9999 -9999 -9999 -9999 -9999 -9999 -9999 -9999 -9999 -9999 -9999 -9999 -9999 -9999 -9999 -9999
0.313018991392263 0.3222763637498 0.326582110572417 0.364312444159329 0.407107399776313 0.419189393135466 0.41029000347264 0.421297140871227 0.450780099523839 0.472892879828166 0.497986565711227 0.519211975977955 0.530730168677812 0.538624600161366 0.545637621902336 0.552269425597622 0.560024486371752 0.568427916969146 0.575103253464266 0.582164038811259 0.591166771149038 0.597664437098629 0.603163712392296 0.611381662570648 0.618304304460355 0.624665510702378 0.632026854697692 0.637923417637433 0.64411483093638 0.652397277908765 0.659397927431471 0.66634317838351 0.674142344070445 0.680442942626996 0.686822795575171 0.694873213665457 0.70051499005895 0.706335374448949 0.717145353537139 0.726974850242123 0.733096936285431 -9999 -9999 -9999 -9999 -9999 -9999 -9999 -9999 -9999 -9999 -9999 -9999 -9999 -9999 -9999
0.349421589234244 0.348718597660736 0.355190130900923 0.34697207562179 0.364390001430971 0.387092007557915 0.385019497965983 0.419490895758816 0.446812482357863 0.463357137486387 0.478362554570858 0.50375383126043 0.53275593688893 0.542239152070046 0.548608123334612 0.556743819541513 0.562878123688143 0.57001124494879 0.577054902258596 0.584527655603478 0.592570213074293 0.598025177016299 0.603551080073097 0.611841343083033 0.618848864098409 0.62527412278972 0.633826873110175 0.63863446209306 0.644795264774261 0.65448313100237 0.662872168394999 0.671130262544504 0.677878788999393 0.685457343102324 0.691975932348198 0.699203494531999 0.706750465993425 0.713776121372827 0.721561693613369 0.72776275291738 0.733835872054273 0.74390387068713 -9999 -9999 -9999 -9999 -9999 -9999 -9999 -9999 -9999 -9999 -9999 -9999 -9999 -9999
0.376555390090035 0.372926044509839 0.3731188237599 0.378471194309564 0.398378983549707 0.410272524913718 0.408583398658744 0.423836639463029 0.440647014505223 0.446991454304596 0.472061897015909 0.51644870068655 0.538343562889543 0.545996897387494 0.549291024670102 0.555507253553892 0.565992357057526 0.572743554613592 0.578651035120675 0.584013200707686 0.591054343219776 0.598602674169344 0.603297037805356 0.610603912088464 0.620163444665526 0.627935890335654 0.636091979658999 0.64247074566286 0.646692593728339 0.654262038283903 0.666571523835442 0.674240559100501 0.682135771673344 0.691057221008797 0.693817389870739 0.703609450996728 0.717078438264363 0.723266938215863 0.729586517199236 0.736217782865372 0.742021159768861 0.747819470160879 0.75481914631814 0.756452456253495 -9999 -9999 -9999 -9999 -9999 -9999 -9999 -9999 -9999 -9999 -9999 -9999
0.382312935760181 0.386713301654281 0.387304173291263 0.389449878800192 0.415416418106292 0.43191381315848 0.444567291404694 0.457341286637858 0.463104680391006 0.470644333178042 0.495790340490055 0.528988193144814 0.54353685754306 0.548993300551069 0.547648379834241 0.552410569244395 0.567445501875611 0.574862851877702 0.580329284928646 0.58408825613913 0.588600790077541 0.589363577067693 0.588285428214938 0.604644910405466 0.622768653622927 0.628632623689941 0.634696502090995 0.63982368806021 0.648393039428291 0.661394933645317 0.671279848067268 0.678813137329113 0.686036519105231 0.690412088115522 0.694236320554843 0.706825054114364 0.719993211770684 0.728223678407221 0.735687878223029 0.743670297834145 0.751589879978902 0.756276545488706 0.757754214623026 0.757032091945522 0.757915532304599 0.759813929382262 -9999 -9999 -9999 -9999 -9999 -9999 -9999 -9999 -9999 -9999
0.42963999610424 0.443619588094439 0.44980998159899 0.455588771751212 0.468108161140752 0.474304760215667 0.47400785735453 0.481857625159019 0.487809024286215 0.481172416290375 0.495356484452372 0.529434192923785 0.54881502292857 0.55211591641476 0.556830288907209 0.564321990051395 0.5706026679409 0.577955205921827 0.583095854679493 0.587330684039304 0.587951276138204 0.58753915773899 0.597599827169399 0.613605828934151 0.623627039763923 0.628054317147506 0.635505412446231 0.643519183078514 0.653070385183308 0.665399859343636 0.672974798136222 0.677820845158303 0.688871625315843 0.700753617049269 0.708235001038276 0.71784690671507 0.727699732186367 0.735826358445548 0.743949532044815 0.751385678549476 0.759688811233124 0.767911861042157 0.768478541604028 0.764000598041181 0.762040725865296 0.760212529491729 0.753507752570323 -9999 -9999 -9999 -9999 -9999 -9999 -9999 -9999 -9999
0.482205174998018 0.499188697702907 0.505866727338503 0.509430929184769 0.514679730778348 0.51229615968856 0.501868151739813 0.506010494229584 0.51935757494701 0.518497009929294 0.514219171964611 0.531660170086223 0.554273292501868 0.557374172555955 0.563253012608615 0.568590384541073 0.573929787734223 0.581005430827608 0.586379705278906 0.588652077166379 0.589718118950265 0.589616051927628 0.599483356967357 0.617819610666082 0.624650994103023 0.626089381856035 0.633430723314627 0.646246476613584 0.656563831218869 0.668616340672729 0.672807338338691 0.673187906818452 0.686694749844449 0.704880405732428 0.713568086098363 0.723648975545662 0.731853884667649 0.739857760169333 0.748420044991917 0.755329113376081 0.766799250855343 0.777694679948657 0.781039679335994 0.776558715761674 0.769587887144228 0.764021256282921 0.75585319941271 0.747207427979981 -9999 -9999 -9999 -9999 -9999 -9999 -9999 -9999
0.506205530703265 0.512931820274445 0.516814453496315 0.519889829698132 0.523851506487161 0.525632280812082 0.512876387447066 0.513729100194229 0.536506203855943 0.541671161187536 0.541353533624417 0.547614453535882 0.557584279534986 0.561612281762235 0.567178469735338 0.571393588909676 0.576448379322858 0.583414846606614 0.588005397621589 0.590708643742824 0.587479581187322 0.5909513731723 0.603215470139429 0.613562213884214 0.623024906478106 0.627462379642256 0.639227567304828 0.650584840880955 0.659387588306362 0.666059981394053 0.674111339009142 0.686332308502008 0.698377039812564 0.709057109106397 0.714464897226789 0.721250181803914 0.730616089952346 0.740036043238141 0.748704048571797 0.755815310124667 0.770187367264889 0.779029934925563 0.781623544040137 0.778686375485665 0.77067087777232 0.763261014525691 0.75701771505459 0.749267125053117 0.746096433984594 -9999 -9999 -9999 -9999 -9999 -9999 -9999
0.519350443682099 0.524676847178792 0.527236517922537 0.529930107281232 0.53357989125911 0.536220218261433 0.539048148055099 0.543583517707951 0.547090311983983 0.549217813417229 0.55250867280561 0.556364391175089 0.560782087320789 0.565028917096978 0.570055057812988 0.575730311379066 0.580026336810029 0.58713737797341 0.590820386419127 0.591139163820108 0.594096119913438 0.596086318944748 0.599086272436237 0.605768481862033 0.610549866504834 0.61959282912102 0.637704203785689 0.6520857224461 0.658990936945999 0.667024359198199 0.675888967288556 0.68702325113854 0.699428054059202 0.708454010106601 0.715194881669245 0.724879567685064 0.735406334702297 0.743945617639328 0.752287609370698 0.758955986020788 0.769307418862611 0.780507539051713 0.781278606016521 0.77654511364296 0.771080400722598 0.767744447885824 0.763548082632024 0.75511214320449 0.747195074670632 -9999 -9999 -9999 -9999 -9999 -9999 -9999
0.530817682153287 0.534188965056384 0.536599229365633 0.538777245512541 0.541961468784779 0.54481108044914 0.546974286757092 0.549059411281092 0.546033113284722 0.537963231283606 0.538159709243973 0.547004106264291 0.558139219485059 0.568721817009922 0.573838692317328 0.579025999718201 0.583495412572978 0.58724864467017 0.5927260228738 0.597130639930314 0.600967625327655 0.603737057417615 0.607857130122687 0.614618977573572 0.620542242103806 0.63133048452139 0.643215212178491 0.651724415197686 0.659196817627786 0.669340482304746 0.679540302569474 0.68878980543796 0.69899504360141 0.708984839750483 0.716706324574352 0.725773351994166 0.733084158686946 0.733835733993863 0.741827315252092 0.758760266366427 0.771181434343729 0.77752609649606 0.776776733522561 0.774861092759074 0.770545157647628 0.766075569953836 0.761717201321327 0.755296900467559 0.74879275480701 0.745419362355503 -9999 -9999 -9999 -9999 -9999 -9999
0.535644858022834 0.538287221846693 0.539843318493752 0.543107660172458 0.54758770599633 0.549639930539896 0.550761221952789 0.542091835852615 0.52352586376782 0.512654402623678 0.519911374099278 0.539449781296014 0.557253012041449 0.569527770109289 0.569246189643503 0.572138941369577 0.577778961253187 0.583096797407354 0.589583936452709 0.596361438986193 0.603488243535205 0.606609931374991 0.609765011569982 0.610148353829946 0.612716468968657 0.625601082937322 0.640086279316035 0.653403307795501 0.661211130422466 0.671171397263217 0.679651780341781 0.686728282284986 0.69768925268138 0.708166962149717 0.716157517040538 0.727637050184778 0.738768708021645 0.747397551069489 0.75567268111564 0.759942784058315 0.767100680417132 0.775268359345141 0.775491237478782 0.774141394762913 0.769524032990968 0.763865759130831 0.759765344535449 0.755866249764843 0.750228519679473 0.747079040390253 -9999 -9999 -9999 -9999 -9999 -9999
