layers/veg/veg4500.asc
NCOLS 255 
NROWS 330 
XLLCORNER -2985163.8955 
YLLCORNER -3022031.214 
CELLSIZE 25000 
NODATA_value -9999 
[rows 75 to 99 of 330, columns 168 to 223 of 255]
0.751920582692826 0.745533954759884 0.738254398569588 0.728418995230468 0.721371959189545 0.713414363677165 0.703203285439808 0.694323466835829 0.684941924849772 0.674708622783887 0.667247677103439 0.661349754669943 0.655575897977773 0.649904454600812 0.643770277547364 0.637590188536858 0.632433694781086 0.628592044539337 0.622691297338001 0.616637772183661 0.613894545184349 0.612487748088652 -9999 -9999 -9999 -9999 -9999 -9999 -9999 -9999 -9999 -9999 -9999 -9999 -9999 -9999 -9999 -9999 -9999 -9999 -9999 -9999 -9999 -9999 -9999 -9999 -9999 -9999 -9999 -9999 -9999 -9999 -9999 -9999 -9999 -9999
0.749099642479483 0.742823433228738 0.736097584793098 0.727398501036056 0.720170948502414 0.712581636339022 0.704519553352241 0.696359198601102 0.684284002979304 0.673344177414082 0.66791978558791 0.662525670173419 0.654821916240446 0.647604974670589 0.643473326926006 0.639588514001316 0.63531039124741 0.629272252056798 0.622995329343169 0.619023257122628 0.614564804687282 0.60931497488258 -9999 -9999 -9999 -9999 0.593492767585051 -9999 -9999 -9999 -9999 -9999 -9999 -9999 -9999 -9999 -9999 -9999 -9999 -9999 -9999 -9999 -9999 -9999 -9999 -9999 -9999 -9999 -9999 -9999 -9999 -9999 -9999 -9999 -9999 -9999
0.74591696502071 0.739788311400068 0.732878287512954 0.725383092352741 0.718112034299966 0.710492906922141 0.700582638169532 0.691349000112746 0.682191345544449 0.670847217697698 0.666353703212901 0.663244417612675 0.653159933568807 0.644980865252667 0.640872999152281 0.638176378842135 0.634397822296874 0.629066617378186 0.622946045748197 0.619540331502848 0.616418220527156 0.610695615290725 0.606361140764905 0.59878057635071 0.596816273268157 0.593981476874049 0.593224094467599 0.588986266103165 0.586225059126144 -9999 -9999 -9999 -9999 -9999 -9999 -9999 -9999 -9999 -9999 -9999 -9999 -9999 -9999 -9999 -9999 -9999 -9999 -9999 -9999 -9999 -9999 -9999 -9999 -9999 -9999 -9999
0.74208616416336 0.736677098464764 0.730531436266737 0.722675341770769 0.71650168889177 0.70880594841048 0.697800325944398 0.689111314590418 0.679134446693702 0.668897138417806 0.665733199924779 0.66218331163907 0.652492380963982 0.645590711159565 0.642170534940717 0.638585356828997 0.633546710297721 0.627980287936875 0.623374344697272 0.619944487625459 0.615729974803164 0.61008258198087 0.60470822063373 0.59983598930711 0.595001409268225 0.592697423088362 0.5903449403263 0.587285302538505 0.586228528839999 0.586113382660482 0.584045330028296 -9999 -9999 -9999 -9999 -9999 -9999 -9999 -9999 -9999 -9999 -9999 -9999 -9999 -9999 -9999 -9999 -9999 -9999 -9999 -9999 -9999 -9999 -9999 -9999 -9999
0.738399420686166 0.733577393882183 0.728083439983089 0.721570357610273 0.716415110831915 0.708375968110254 0.697573197395689 0.688480473857638 0.680322506480558 0.670947237608479 0.664802940964315 0.661336590770983 0.652753999920747 0.64712427657376 0.643110170126953 0.637869248682247 0.63212675733442 0.627745508168469 0.623160509308383 0.6197119495752 0.615923277850273 0.609867945684681 0.60457386100993 0.598958704008014 0.593188233697111 0.59053174825247 0.587829795148773 0.585979416670683 0.585695409650415 0.585157966163305 0.583497848297164 0.579968991483226 0.577239961418436 0.575937030190764 0.574791590092646 0.574224334529245 0.572516694749561 0.571479568285095 0.570583781448924 0.569758210604254 -9999 -9999 -9999 -9999 -9999 -9999 -9999 -9999 -9999 -9999 -9999 -9999 -9999 -9999 -9999 -9999
0.733117473442157 0.729021098984523 0.722060195708476 0.714056506776798 0.708361242966675 0.702313262215197 0.692963903951478 0.685753094308178 0.681378436050133 0.673853118614724 0.664126886268871 0.657319821765008 0.652081119072359 0.646959776490011 0.643021258116729 0.638115139318612 0.634166114218219 0.629879232606609 0.624249762424196 0.619415811875759 0.614464064529389 0.607876636792883 0.603000781249519 0.59765043093015 0.590818244301496 0.58722393231731 0.585043973395113 0.582670778514696 0.57978327597352 0.578026597372416 0.577741350478677 0.577961129868417 0.577065697444567 0.57562939107121 0.574599903056888 0.573983344825438 0.572275373983484 0.57121548714792 0.570322335419758 0.569568989711831 0.568533590485826 -9999 -9999 -9999 -9999 -9999 -9999 -9999 -9999 -9999 -9999 -9999 -9999 -9999 -9999 -9999
0.727577773208204 0.724914519708292 0.719811189732235 0.713246662403394 0.707588608073397 0.70031218635929 0.691285247060947 0.686135035863629 0.680544705911137 0.669031712826062 0.657723911758779 0.653905815131411 0.651884855583668 0.647711893563627 0.643540846037987 0.638649508111506 0.633518901944288 0.628493027119265 0.623187477245335 0.618431651170876 0.612518408582915 0.604981602802944 0.600433424978403 0.597375308310114 0.591946314463388 0.587264844725177 0.583407913527035 0.579424935009085 0.576818638963855 0.575643101218745 0.574596100194579 0.575893865248217 0.575065757382379 0.571672025209354 0.571719534414685 0.571066269803456 0.569468916493101 0.568392314495277 0.567535978961611 0.567498791503071 0.567515640489259 0.566515373456184 0.565883843643636 -9999 -9999 -9999 -9999 -9999 -9999 -9999 -9999 -9999 -9999 -9999 -9999 -9999
0.725253846905923 0.721639714234246 0.714444389325737 0.705646679775749 0.70130090338049 0.698266896780908 0.688305600544423 0.679495913875015 0.673534078923083 0.663331893963532 0.648554789977349 0.644920066221185 0.646827108616127 0.644948151672718 0.640975746958703 0.637264212281071 0.632320036526823 0.627120125904128 0.622399244522994 0.617151776176248 0.611112622367058 0.604373426219568 0.599175125879888 0.59632187197106 0.590872439680001 0.585370087160858 0.582697189529579 0.579245192818604 0.578291825619332 0.578571647045645 0.57773867118014 0.576812770549073 0.572117746824837 0.562427797736169 0.559957454470735 0.562703320506198 0.564323116593748 0.565536213023687 0.564671909109444 0.564721911653666 0.563721851189498 0.564282598835908 0.565672541366836 0.565571441361048 -9999 -9999 -9999 -9999 -9999 -9999 -9999 -9999 -9999 -9999 -9999 -9999
0.719694815089498 0.716033288094965 0.711266690951174 0.700065068775259 0.69388470491186 0.691333083387472 0.682411365657504 0.679024037246524 0.670981728382348 0.65719816502927 0.648525572203547 0.645053252435067 0.64440357458689 0.639552444151042 0.637067473713143 0.63408287039367 0.629711894265953 0.62615073560069 0.621238172217492 0.616154788679726 0.610431093140542 0.604683217640894 0.598900497885726 0.593894901333864 0.591159358200533 0.586455863321851 0.581400389922205 0.578789426203758 0.579979942022455 0.578496384964171 0.574624656811954 0.575021582611686 0.570205548026628 0.560932836467521 0.540844210807575 0.531706453018421 0.552730613829022 0.55770931898405 0.555368832319572 0.556785265529223 0.55937436534753 0.562037671184428 0.562277168240444 0.562082672759489 0.562788253677269 -9999 -9999 -9999 -9999 -9999 -9999 -9999 -9999 -9999 -9999 -9999
0.709828513342528 0.70616472713044 0.703696930509877 0.695678811110953 0.684880209569512 0.679905407984189 0.676438353640036 0.670483543448353 0.661979039858974 0.655383714724985 0.650178167966395 0.643336347538083 0.63485861267836 0.631661527039642 0.631314935346675 0.628596229633652 0.626626506080411 0.623276080659347 0.618864325825019 0.614172447835983 0.608371756624229 0.601621766560206 0.59595433104187 0.591561898737224 0.587271934075152 0.583569957022877 0.580817329471195 0.578481030965526 0.576899364014415 0.574080509979491 0.571906556684777 0.572771075285919 0.568919334967252 0.560915463869374 0.548017470025186 0.522358759472686 0.529759161231226 0.550011294687146 0.5453043208297 0.554118218327859 0.558005535207968 0.55330327169097 0.548631067628808 0.553458239885353 0.562775742601739 0.563298501776442 -9999 -9999 -9999 -9999 -9999 -9999 -9999 -9999 -9999 -9999
0.69964654568243 0.695415842704616 0.694851897143557 0.689897887060222 0.681101858609722 0.671898121813669 0.666584085149056 0.663345392843989 0.65801767511332 0.651167754057898 0.642298339874118 0.632847073059285 0.622284559585752 0.618837798733447 0.620268507001757 0.620700149239517 0.621531428405386 0.619719736026061 0.615410136208563 0.610672689565041 0.605166995765219 0.598868590180762 0.595037773515311 0.5914625565943 0.584285947248083 0.580872854686512 0.580228323936635 0.578005967746293 0.574971761650569 0.572474916890063 0.568270943800729 0.566508374739444 0.567177009123102 0.562169603728428 0.554051476658877 0.523197742479434 0.517695098136638 0.551324823177593 0.556967276331405 0.556609980062625 0.553253228983815 0.547430989743916 0.542023637148746 0.550920926182513 0.562227267655679 0.561872199320737 0.563189786457614 -9999 -9999 -9999 -9999 -9999 -9999 -9999 -9999 -9999
0.696986134552285 0.694123757763402 0.686427245710482 0.679808992152794 0.676172679113068 0.66767199269274 0.662514551485382 0.657990419024086 0.650608922927747 0.643521567126812 0.637490961743656 0.632222123579673 0.621341104014083 0.620081272099296 0.616514798114225 0.612515063977853 0.614736205413425 0.614771090274293 0.611077583113647 0.606722468486557 0.601942375096376 0.594076808313248 0.591586978993058 0.589829890580624 0.583384199691881 0.579050298915997 0.578281205408843 0.577724278213152 0.573621492768624 0.570533748182549 0.567179387574854 0.563404595870756 0.560270600294077 0.557367421336708 0.552957321697232 0.519404796745843 0.51096009392605 0.547071535570779 0.554210737923202 0.551721126017241 0.545271854298911 0.542611282376105 0.546113562174753 0.553595102556466 0.556561130317115 0.557094711887489 0.561369439117416 0.562720535091375 -9999 -9999 -9999 -9999 -9999 -9999 -9999 -9999
0.690425370536782 0.691374126091075 0.689628880526193 0.683222763337105 0.674444863891086 0.664399793734625 0.653093560343784 0.644990438680845 0.641584970153297 0.638987842070108 0.63353428576774 0.625805005391509 0.617973673709 0.616738693899284 0.611515855701356 0.607387948059377 0.603131935252693 0.600540875282219 0.602722489708705 0.60210924656022 0.595125139305043 0.589427687427378 0.588048837096887 0.586901180810999 0.582577004028003 0.577612105907634 0.57511022005973 0.574857920358549 0.571817029177064 0.568743047835752 0.565167766312065 0.559510892518003 0.542644819654123 0.52670205609443 0.523891945720242 0.508699655676881 0.513452642207026 0.542205696548893 0.548799615354523 0.545000798759414 0.540372519610598 0.533168552127232 0.538141165447537 0.5498858286049 0.540795802066038 0.536063539261669 0.552351339560884 0.56091119777949 0.561309318912904 -9999 -9999 -9999 -9999 -9999 -9999 -9999
0.678375873565998 0.680914118570959 0.68036807092525 0.677147844807405 0.674704469477792 0.669993666624177 0.659555429287723 0.644036941902742 0.63458852727259 0.631607331828303 0.622359702754292 0.617899690493466 0.616049992340489 0.611656956864421 0.609470839400865 0.603948566678152 0.597198244299848 0.59749070348273 0.600510557743026 0.59750483409497 0.589291009159109 0.585453554061702 0.58297890471021 0.581596387487171 0.579854861843542 0.577426524619701 0.574668959938185 0.571737927169273 0.566375420599685 0.563713642008049 0.561512322470969 0.552997951637458 0.541650049148411 0.536803289984477 0.537418343319484 0.518981306966952 0.519184404330442 0.541507532381387 0.536626653522915 0.53064912439179 0.52914384467113 0.507353986302035 0.508440611177846 0.534722371728836 0.530232492658973 0.538266345766483 0.555694533616532 0.559855467627266 0.560670717878343 0.56130461661283 -9999 -9999 -9999 -9999 -9999 -9999
0.665295051996317 0.667134728010218 0.668569590348299 0.667819632821056 0.663756936004962 0.660053914621482 0.656349529740735 0.649671022860509 0.638547897858515 0.627258285675369 0.619712280130164 0.618559241528832 0.619871418514806 0.616244559313963 0.606824632860025 0.597714114524475 0.596635479995332 0.597714990290605 0.59595138347392 0.594084658787388 0.58781248842727 0.58218967869891 0.580855990229604 0.580259890061309 0.576528770056268 0.570619597906322 0.571056697010892 0.570702839618278 0.563492408486936 0.560809774105703 0.560422436188073 0.554783714609427 0.546661519358733 0.539212317842278 0.535494917826269 0.527606534886295 0.523375479774851 0.53447727862556 0.531557581052602 0.510981964863229 0.499649140159407 0.515051031860118 0.527181731719035 0.537096575491621 0.54644368700039 0.550739713419072 0.555458183520234 0.558381095721397 0.559503573117982 0.561841778381839 0.561528721558651 -9999 -9999 -9999 -9999 -9999
0.646992094518348 0.648966922521175 0.651963772972066 0.653520615559476 0.647714755308899 0.644086004744323 0.644787896545278 0.640562614887051 0.629876481599577 0.622098012934244 0.620085113405953 0.617477949012998 0.614203564625639 0.608385526280885 0.60256570932201 0.599126160939023 0.597498865196401 0.595323738561801 0.589861095989801 0.584744962178262 0.580780750288563 0.578504309805939 0.576790258780817 0.573912043056731 0.568698250835791 0.565643797352379 0.568185292181923 0.569021076201884 0.565403514948116 0.56072624729504 0.557351764146337 0.554765425497258 0.548448533500648 0.540993338270138 0.533275379027407 0.523509746626293 0.525961021131793 0.532487822913343 0.524235819823457 0.512090202871767 0.513532091759271 0.525368604181982 0.529928804478101 0.536170921813221 0.544674524423893 0.548839035528013 0.552956230045647 0.556056136151212 0.557982643884354 0.56134587563162 0.561397580569813 0.560328768362993 -9999 -9999 -9999 -9999
0.629472145656022 0.63099831474894 0.634491677364608 0.638113412931763 0.632327312028789 0.632578980817007 0.635287309489833 0.632124893853748 0.622601836798188 0.613503236282682 0.609120197009416 0.605942322153931 0.603903553674852 0.600335141817088 0.596040765702559 0.592595056142003 0.58957896709584 0.585926651616362 0.581879913017741 0.574700113239584 0.571473933152692 0.573394122054334 0.573068766099847 0.570340278336981 0.56580673673879 0.565707520905361 0.566822290358612 0.562364996583565 0.562305382739063 0.561320293147649 0.558371387784935 0.554015947011244 0.542183171206332 0.531908583395711 0.517415239626992 0.511741992443788 0.52634019775589 0.530977493476509 0.521062519515389 0.515566911602414 0.523604419966917 0.531554630846935 0.532094833462371 0.534428747183986 0.543867072166699 0.547370534431172 0.551026411063649 0.555541375003654 0.557524383157497 0.560259692176101 0.559544057968369 0.559397921079951 0.561444354448014 -9999 -9999 -9999
0.616829776977779 0.610227089243977 0.611060882013358 0.625996586482903 0.620372920845789 0.621660619367939 0.626664122767861 0.624450916486696 0.617293194254372 0.608533884862123 0.600707462000681 0.597871000430266 0.593960824401055 0.585304931594049 0.584235888761377 0.584373012687341 0.580634044736443 0.577566641873289 0.572990502277562 0.564281718836713 0.5605700176753 0.565322657322441 0.566747351231104 0.566319342581479 0.564466800388542 0.565034318516284 0.562276680666901 0.553280254336652 0.554778993652704 0.561449090597831 0.558183300183314 0.551459627011088 0.539421745507504 0.529198737222758 0.518335346322884 0.512689888723646 0.524667665637841 0.529788121599656 0.526099928450224 0.512073411413791 0.501145260331263 0.517235746010595 0.535855750410417 0.542520301373409 0.547194146738009 0.552560119650533 0.556213410439147 0.55669194585855 0.556435149894121 0.554684802093186 0.554121001352614 0.557861573427421 0.555437775547131 0.555135478581142 0.56264558639901 0.562313483888495
0.60132495537553 0.605335309633306 0.607510966521404 0.609474263387013 0.602710971773654 0.60605440854418 0.612306430652169 0.610360172277486 0.60274976415964 0.595481884060786 0.593325584775226 0.590517013590225 0.580690361065724 0.573281030264561 0.5734998237104 0.571940748293852 0.566642354873549 0.565004810960037 0.563595101992056 0.564520019509538 0.566724978973681 0.559874637376758 0.559450719981568 0.558365095039346 0.559849480696663 0.563333283642255 0.557454877647375 0.550206987437793 0.551666261882437 0.553855241614586 0.552889431315278 0.546377049055234 0.535788834610046 0.522709722572276 0.505733775272066 0.500279818322644 0.51478288685927 0.522694317885731 0.515320446782228 0.512596862324896 0.519340045117792 0.529112132973674 0.539710438392996 0.543667824657447 0.546153154034957 0.548879050895759 0.552976930060688 0.555080870263602 0.552506366327233 0.552066936073383 0.555194051265502 0.555289028723264 0.551100080692677 0.555488822025986 0.56219487468591 0.561719989695202
0.587863044141281 0.592766904986082 0.593902413376384 0.593515022730069 0.587992960733375 0.591917752753519 0.599625386051117 0.599594239901865 0.59229597746261 0.581263721380699 0.579919638317785 0.57571276260278 0.561841249633483 0.556301302085399 0.559088142280417 0.555109702973063 0.551024181057762 0.550226744716891 0.553404073675708 0.558307041954731 0.554656296959563 0.547634974440763 0.546962361267383 0.545293266242376 0.554079004667172 0.557691342909809 0.555903478116959 0.549062216675406 0.543297947286373 0.549509967941183 0.54800066777393 0.535131039144283 0.52436753403924 0.516777902510604 0.499449082358439 0.49488528790834 0.506904578954842 0.516147087927024 0.515585369875651 0.513885258295929 0.523264167116015 0.53336070304711 0.536706500166682 0.540119252392354 0.545416347618716 0.546075769694758 0.546826314527302 0.55023374852023 0.548690729923808 0.554066348953867 0.55619340187827 0.554024016658292 0.556119379927495 0.558750931895879 0.557367736408473 0.555295096728797
0.576541777398178 0.582931113994257 0.583647553315727 0.584377930631918 0.580561106442518 0.583483263311517 0.590637819786174 0.588193629595743 0.581406873461476 0.572349330965742 0.569723536753508 0.569966834258468 0.560757212209133 0.551386362698041 0.550149886469267 0.545409762461738 0.544697733591866 0.545310474539692 0.547167026290069 0.552997657973579 0.553567593135621 0.549159086598543 0.546666121686302 0.544975638236018 0.549495602561766 0.551595298402169 0.555298674307655 0.547711308972919 0.538956917104238 0.545195294181021 0.544673660264226 0.533825934412662 0.523392755541153 0.51309494612747 0.498187437070622 0.495945642043371 0.505868120358966 0.516450978387049 0.516292304068786 0.514036549231856 0.514811901810512 0.521918450038192 0.534002854243266 0.540752690639345 0.546482350241785 0.543471983649773 0.543142743799009 0.547699400849697 0.547896692645694 0.553068136728648 0.554356345296358 0.554514684720256 0.556746995919578 0.556048790664602 0.55269629252078 0.54824459735346
0.561184826605122 0.562483136383796 0.565384080220517 0.572669421726592 0.5758289582361 0.580232694381757 0.578308729440074 0.574174012630068 0.571084046352096 0.563423763969618 0.555285676322205 0.552074083747749 0.554470606007 0.555911538823476 0.555148080761389 0.554491152056491 0.555853590577891 0.557938334121173 0.554061829447557 0.551568089878573 0.552882518044626 0.553749900744966 0.554042405319449 0.55305037808379 0.55250349017296 0.553814798484577 0.553996013090516 0.551673101523102 0.544437555828281 0.535972788303005 0.529734746914613 0.520387091379745 0.517421349703192 0.51181295497151 0.497672026699926 0.494944345157741 0.507807735257665 0.517049362122141 0.518900274741807 0.518706754762301 0.520334000385795 0.528148162905444 0.533863468132377 0.538451997538844 0.54252526585656 0.534196934331012 0.530864150311004 0.538833601018561 0.536742309170422 0.540601735206427 0.546314231901035 0.547372338635755 0.547929556454783 0.54767249458134 0.540357822306625 0.532522885505582
0.547411808987819 0.548554929120844 0.553322596011028 0.563818498349919 0.569588172639982 0.573143032645044 0.573149248431743 0.56898895649202 0.559595343878467 0.548234797611991 0.545870757901581 0.548922080557489 0.551602196145637 0.552627578377359 0.559337417573343 0.560840807367058 0.561525806093078 0.559808010706924 0.555864206518061 0.554368515331015 0.551652838790875 0.549694010295572 0.553019735790475 0.554923138720541 0.553982008590661 0.54935466567078 0.54658731556131 0.549352974516484 0.550464312987628 0.543562515279625 0.527448352822064 0.513655390947946 0.512077747672209 0.509962191414266 0.496961790337294 0.486935029180497 0.495569040256822 0.507347186358922 0.511488756648863 0.521921374056922 0.526402345635838 0.52991442878375 0.536241555860552 0.538723842115591 0.533074601358198 0.517468427265679 0.523306601897116 0.536095934560419 0.529736589586689 0.532655663455899 0.545188503685915 0.545387035967377 0.529661609076669 0.513637672528229 0.509798267575956 0.517892187643081
0.540025251647802 0.543762505638341 0.551129823344117 0.55837702324404 0.564838047433536 0.568836318598125 0.569762871508048 0.567731004073125 0.563298770434905 0.557846868831474 0.553471928958212 0.556276391669625 0.559825451200318 0.559611186545866 0.558177042235395 0.555145671685096 0.552295798474355 0.549931353762701 0.54868554558522 0.542612118727652 0.536180129416771 0.539329229419136 0.547726143077351 0.549442642790926 0.547488571527639 0.547054082817947 0.545284060584739 0.545822192795305 0.543920453987238 0.540171164666117 0.527585110031921 0.515395798521132 0.519467042273692 0.516312352140643 0.505471482037427 0.503317853164865 0.497334545773465 0.495917923136397 0.508586514316168 0.520746447829294 0.523368502278155 0.525219008945534 0.529635571633692 0.532069173000395 0.519770991916557 0.514754665271246 0.523340037168282 0.522270556382726 0.528143843339747 0.53822181018247 0.545145326916599 0.544578869998746 0.536167497695477 0.526857186000155 0.518903906753627 0.517689803060161
0.529044109976018 0.534138393832999 0.544291687292956 0.553012761611386 0.557709057367914 0.557292097904345 0.558272421097721 0.559225906837805 0.557126251382831 0.550809553844095 0.543629461481703 0.545918852344408 0.547735474680304 0.543870059131029 0.542941477400928 0.541409486793595 0.540715883484537 0.539093890424753 0.535358115667946 0.530328410954386 0.528720213642167 0.537136080275245 0.543345537292893 0.539150389866877 0.5382786605485 0.539362103786329 0.54062778155843 0.541036860396276 0.538923533903004 0.538917685903488 0.53673656750906 0.535563451315795 0.531634474316699 0.521777304807316 0.517768843758336 0.512361344028311 0.500216008253297 0.497202804052 0.503547612491745 0.505467038723543 0.510132172251037 0.514114473113181 0.51902608823168 0.528947301496592 0.527945690398271 0.530758463248084 0.532550120057106 0.530421477642184 0.533304051223941 0.539156580294487 0.540029473044192 0.539789466114851 0.536192843680527 0.523628345488593 0.508685998378031 0.507024927323632
