layers/veg/veg4000.asc
NCOLS 255 
NROWS 330 
XLLCORNER -2985163.8955 
YLLCORNER -3022031.214 
CELLSIZE 25000 
NODATA_value -9999 
[rows 104 to 129 of 330, columns 174 to 231 of 255]
0.556611276280832 0.546952522564626 0.542221393869503 0.541080110717025 0.538121269088906 0.538882873290546 0.541897036282704 0.540890780396912 0.536909120101939 0.534947116638148 0.536235560157437 0.540381995034569 0.532418689353507 0.549687518246233 0.561033515145719 0.557507542922807 0.559844711176664 0.564684727554706 0.57333212140596 0.581472614007251 0.587917966458991 0.60481363491964 0.616533765583727 0.619723953805171 0.630954825666763 0.635695607565608 0.645690667890829 0.652489963299651 0.657067348231184 0.6672364341152 0.682878376943496 0.696980651044607 0.708478477837569 0.717206249819639 0.726493828503521 0.734209342186123 0.739963008427413 0.753123411061362 0.75846085020988 0.768166651653779 0.77462514628979 0.77865709703096 0.785292703193051 0.792304979320682 0.800324419787917 0.811671974289863 0.820337263124334 0.83108563826324 0.84151442459903 0.848828362891616 0.860902665532504 0.878736431503819 0.893858895821247 0.901693334306359 0.910389126820514 -9999 -9999 -9999
0.551756269415746 0.542360037533258 0.535322131824675 0.534723003810628 0.536435569514231 0.538082705816776 0.533886913178404 0.529720447517535 0.529289660348902 0.529031884401057 0.533015348212844 0.533257383057102 0.539661078008814 0.552864726864959 0.557928116009195 0.551082802060278 0.554855189704173 0.558397598299478 0.567388727422974 0.576897848837159 0.584463773713526 0.600703214931467 0.618517626014454 0.623237952914728 0.630103086803365 0.632039948208684 0.642077845843164 0.649670752797097 0.662704024956025 0.67579274752377 0.687550632415699 0.699913200919237 0.711744335180588 0.72192639368949 0.732142452912624 0.740885764015156 0.746358066024448 0.756836000065957 0.766771087733608 0.771122643934796 0.776923739455175 0.78266834029158 0.789685868958931 0.795490825440659 0.803366898444661 0.815433096608647 0.823190977661109 0.831382755022014 0.845718519253975 0.848809154300315 0.862807875747176 0.877153053807402 0.894229889602929 0.905991794945481 0.91187936801705 -9999 -9999 -9999
0.544823345781337 0.540339701916762 0.530744297623585 0.528513858238963 0.532441295930742 0.533776264455962 0.525876686010641 0.52064392086927 0.523670458238435 0.525333974327579 0.525687332075384 0.534466394311793 0.544252333120773 0.549163013061651 0.546247571098721 0.546307239471328 0.549190791355027 0.553720292182741 0.562146043073004 0.576254478933209 0.590044048676696 0.603321398543486 0.616719539243349 0.622747561632562 0.625823519070637 0.630591813913066 0.641029476923453 0.654508265814477 0.66815478380001 0.677333898696791 0.691602711944749 0.703706209891375 0.714890633238727 0.726013839045369 0.737416578417528 0.747766335644223 0.755801405317991 0.764632133940256 0.772124218915572 0.774816866616124 0.783535727713867 0.789917166668136 0.797673859220023 0.801994044692188 0.806235738874024 0.811457738832349 0.814074642308985 0.823009908859764 0.842952560928348 0.851221275913207 0.868674942709405 0.88808802249664 0.901707219289988 0.907941912404793 -9999 -9999 -9999 -9999
0.537570147074607 0.534857446981167 0.526741059679891 0.523030328599461 0.524539510174341 0.525672435510396 0.522600933982058 0.517399371444413 0.514174742431353 0.514674337855676 0.520881727076169 0.532873907123712 0.540904256973409 0.53853441564091 0.535076271464911 0.543281482447758 0.542552459245936 0.552474790768022 0.569352527824234 0.58031610446908 0.59211313938757 0.603380818466126 0.613365443702686 0.620546048319047 0.624567221929341 0.631439130480089 0.645577456357536 0.660182275410108 0.672941975983852 0.683193583246098 0.695772112820647 0.707982731381925 0.717507916110358 0.728008128784875 0.740353755201077 0.751891189416641 0.761415724690413 0.770399183714425 0.776558170057663 0.779039826709749 0.783369640452324 0.795619591568717 0.802313500966767 0.801977612168545 0.797129709211992 0.806248604954177 0.818026788399906 0.827890081351692 0.844107480611987 0.857740604263808 0.864989065502052 0.880843462026714 0.903968083260748 0.911982406579 -9999 -9999 -9999 -9999
0.531154727512616 0.526320571835547 0.521183913630889 0.518264391913955 0.51956183626572 0.520883284245408 0.525064800139879 0.522075134326996 0.518448882052289 0.521239237024657 0.527818453484859 0.532376050415081 0.531808406460065 0.528013823024532 0.530799428159268 0.540808619292723 0.550492728940313 0.55210142084807 0.566397785908394 0.580803856493052 0.590138521090898 0.600554268710546 0.610705408001189 0.619761785542036 0.627639661656336 0.636849364905412 0.651434988470294 0.664828531784383 0.674347443197783 0.686881712561629 0.700597585871706 0.712500446296792 0.718903745024729 0.728923985329745 0.741723982815306 0.753255676340254 0.76403230271287 0.774293395195205 0.780662013718502 0.783283373250141 0.783376997870479 0.797029979936575 0.801869930023429 0.800107102691934 0.815614415842426 0.814801554149211 0.819488415628207 0.83297611972815 0.849036347922752 0.86233712039142 0.873382712036231 0.892874827292471 0.912426449057949 0.918693030583116 -9999 -9999 -9999 -9999
0.524557035664991 0.519856410288473 0.515839155417981 0.510048771367239 0.503635209741068 0.509889318338814 0.515216789151899 0.516470403835841 0.514788829067253 0.520286070882014 0.527568784198767 0.530371561207538 0.527078079685341 0.525389506102902 0.532314746895165 0.545469829937869 0.552068767956516 0.557455856697167 0.568780390881873 0.579257435623956 0.588982499858237 0.601398793036467 0.612517016155529 0.620184116996878 0.630104036739179 0.642938115768938 0.656695595773237 0.669097489047979 0.680057105042765 0.692152192046329 0.703991087537026 0.715164080666367 0.720405370764103 0.731700177935312 0.742836707724586 0.752478778439214 0.760412304279428 0.768791416359557 0.779901643609821 0.789585632205002 0.794200179024688 0.801484502288304 0.806185229856537 0.815514926932092 0.825527329889356 0.813974101056851 0.819067631644855 0.833452619995559 0.852214754226852 0.87213775602004 0.889590934452745 0.904245123695185 0.917251052846995 0.922664567506596 -9999 -9999 -9999 -9999
0.517771368591262 0.517016021130153 0.511621435399939 0.499042503592072 0.492349025128149 0.496318528275008 0.490449567447142 0.501625601145065 0.508891837505674 0.515513169111451 0.522859664919133 0.528734993083784 0.530291153544018 0.533635274882917 0.539884129161866 0.54500247775574 0.553556980590951 0.559913594927715 0.571092681513245 0.580436109101285 0.591425947075133 0.60354530845186 0.614170228012167 0.623121734017995 0.635475246429433 0.648449497118681 0.655375386070013 0.666797656506776 0.683073887367866 0.6946945347313 0.705528006014594 0.715933536014247 0.722279989961138 0.732496015528233 0.742826502467081 0.75405336634419 0.762648418214046 0.769672566544903 0.782901225895339 0.79766425232626 0.80595291750316 0.812025156106611 0.822331693269938 0.829082448062469 0.835862137440959 0.815436216115104 0.826148603387608 0.840957087658144 0.856999517819908 0.873009355209358 0.893206024519125 0.910952431321429 0.919063398940246 0.91924140931895 -9999 -9999 -9999 -9999
0.510131181600313 0.505650824426221 0.504197069414297 0.497253631276995 0.487897297850496 0.483063958236801 0.48120351831727 0.493574863922543 0.505637844643384 0.512785032549339 0.521611613927197 0.526430107336493 0.529007820992459 0.533879513164839 0.537214693742787 0.542354506617728 0.551525219203923 0.559284085285248 0.571683567230244 0.583154701391474 0.594342466918102 0.602715110771123 0.604485132743772 0.625940493300162 0.63423222379205 0.637718242605058 0.64716401655017 0.663446383931871 0.678666320798693 0.692038087589579 0.707089830992504 0.717083721255944 0.723703997821078 0.732770538550847 0.742654984663339 0.754341045576054 0.761702311958243 0.771134256469295 0.789471107980694 0.805199732739263 0.815772845035385 0.822760216301873 0.828554306382485 0.835176266930365 0.842421109679789 0.833046635984612 0.840647647011838 0.866565227060353 0.882463042237943 0.890686506357626 0.904591737885987 0.916351248047977 -9999 -9999 -9999 -9999 -9999 -9999
0.501239671276697 0.498421453940422 0.493642030771725 0.485075059587377 0.48154898633463 0.478409213558095 0.47944253554909 0.489799430649227 0.504431183420642 0.510810928955296 0.517418050900098 0.521128148304758 0.526250496615829 0.524630435350566 0.530275162122734 0.540438418315689 0.549655509447325 0.558520965946583 0.570791527982842 0.584058079610617 0.596509765220356 0.609113916380567 0.61932654562277 0.630318816620539 0.62242965420522 0.623428644678115 0.644978054893316 0.664509698610382 0.671300807410542 0.68723987540836 0.707643010526888 0.717571549303671 0.725835328063973 0.736987404337218 0.749601801241545 0.758731563146112 0.761478380089803 0.768788638259122 0.791501881952042 0.811369938909368 0.824046376366927 0.826256852553018 0.834338475054462 0.845572664428565 0.851808836037935 0.855415070613237 0.857908683846681 0.87101790258325 0.891711045077652 0.900453292317214 0.912158250116553 0.91458252950429 -9999 -9999 -9999 -9999 -9999 -9999
0.494745646364495 0.490971302255672 0.485815307761318 0.478254225678964 0.475170632445523 0.477243735104477 0.476889737998348 0.486167996173428 0.5012242841774 0.506368227832582 0.508266641539574 0.506666368636628 0.516934926700146 0.519432898133303 0.529116718508446 0.540782816790202 0.549028423785076 0.558372920469174 0.570735741173164 0.584671107396966 0.598588405954381 0.61051992349927 0.618999092654339 0.610575278621861 0.600653483285618 0.617666533612801 0.651025993790224 0.669446824051962 0.666865894472627 0.685919853875377 0.708876225320526 0.721431688911455 0.729421624976474 0.739147736937465 0.753395612510063 0.761572143836461 0.765391727058501 0.776861521925522 0.794090958278403 0.810318729073894 0.824101675664304 0.832585472316383 0.844581982912494 0.857711208130221 0.86111495004031 0.862609843707975 0.872984161439253 0.886644497679548 0.897653282752939 0.908934027128116 0.914810800945845 -9999 -9999 -9999 -9999 -9999 -9999 -9999
0.483786606810456 0.476070132638089 0.472456028785514 0.469261611984361 0.469005644369093 0.474182805366196 0.4761109237526 0.483128075632977 0.491385831958882 0.500641884340557 0.503663012405236 0.510576697827204 0.518458196169211 0.518565355513335 0.531086510442635 0.543588872575973 0.550593524353307 0.560440569367541 0.573791607634854 0.586155367519343 0.598812407176779 0.611866051578461 0.620147121066276 0.615727706943919 0.607440812308691 0.626865823003518 0.659641524846411 0.67094817613902 0.666322584043408 0.687254808671808 0.713483609388229 0.728330249627449 0.7357484456119 0.743868744855407 0.754185678218146 0.759604904167076 0.763864347721205 0.784000688851223 0.799670459289132 0.816011920018379 0.826684895643713 0.839026297365989 0.850081453426626 0.864709556274038 0.869568937227865 0.873108147846327 0.882324384972013 0.89387936064494 0.903987947377367 0.912845566961852 -9999 -9999 -9999 -9999 -9999 -9999 -9999 -9999
0.481400079303395 0.470544280769169 0.460697356335774 0.458508860244958 0.461317022770523 0.468812461387391 0.476544555186284 0.482023392363276 0.489279416573341 0.4937328513424 0.502448938243622 0.513212167667079 0.52055481977193 0.521354862112472 0.534735246055914 0.546889657645338 0.554846577593401 0.564913133727942 0.577665810663512 0.587854104397872 0.599414416746719 0.612566420828831 0.623409890507313 0.628527257186008 0.626586897885871 0.640857092339082 0.663752634204365 0.667201114589927 0.68555310136379 0.706028649924849 0.723063110857415 0.734797288629856 0.743351602240452 0.751990486318484 0.758829462081587 0.764476373140576 0.770407627625369 0.784391030671785 0.807055922518627 0.821317573150365 0.82908662535338 0.842111319364234 0.851475044640132 0.869356168875941 0.876785432963708 0.881073373681159 0.889839571892144 0.898821826456825 0.903239972317247 -9999 -9999 -9999 -9999 -9999 -9999 -9999 -9999 -9999
0.479730972970595 0.469923701314056 0.455847740828765 0.450555330205322 0.454140702114875 0.460539045402613 0.466681546466575 0.470636289951361 0.479741378035494 0.49438494604195 0.503942473409043 0.513623162214387 0.521358310153866 0.527024774643963 0.537249508235969 0.548429547230731 0.557200165589356 0.567290263534105 0.569085324244453 0.580799665560627 0.596169650502941 0.607290925841884 0.616803936747667 0.626718700661623 0.634137901997206 0.648076280795144 0.664917435171341 0.669271631213644 0.675748149056626 0.71705249424157 0.729913627743782 0.739651792538889 0.750782742904443 0.761714371076229 0.770000417069847 0.781196347931521 0.78942562067146 0.797382405273074 0.812022704507166 0.82489744134226 0.833868855759988 0.846195796676416 0.857389835860236 0.870850068391038 0.876048070708253 0.888342777595214 0.894939753557288 -9999 -9999 -9999 -9999 -9999 -9999 -9999 -9999 -9999 -9999 -9999
0.47466243512818 0.46863180874345 0.45877966268183 0.448221496675746 0.450702369808863 0.456071369499204 0.464006541920503 0.471015231753066 0.478544511888062 0.491288171155042 0.503675994680467 0.513152037544659 0.521648425934467 0.530103638654074 0.536548903750528 0.549436292550948 0.558705698992098 0.568841027790258 0.554172898883681 0.56708682122925 0.578997014820494 0.598140301297701 0.608351568640459 0.618090497100403 0.63062562451691 0.645868592568618 0.662077933357733 0.673693479566189 0.694041670531531 0.720926769970765 0.734594200600396 0.743926009580657 0.756781039527089 0.769343872933068 0.778722671297871 0.786037884495129 0.799278360199021 0.809259484465847 0.813493274978787 0.824086562867073 0.840559622172138 0.853748650801561 0.867808984009898 0.878821573025726 0.881739455007057 0.892689404547878 0.89328717782438 -9999 -9999 -9999 -9999 -9999 -9999 -9999 -9999 -9999 -9999 -9999
0.469922345305386 0.471436049268982 0.464727212463577 0.447034264315934 0.448381555507709 0.454032920024478 0.460041245697939 0.466733355023588 0.471986503829571 0.48650144375132 0.502697665802383 0.511751187586672 0.520186230810601 0.527994699724263 0.535214820977942 0.550658839460072 0.558793426901325 0.565102307397976 0.553618065681382 0.56453991502091 0.576598036669245 0.598528369037204 0.611678274730642 0.623921433582556 0.629708159702504 0.636922276384352 0.658866430189563 0.683162123678485 0.703865800320867 0.723538822807051 0.738710627423284 0.748855179232364 0.758999791286337 0.772921907095385 0.78725481445 0.795145241062403 0.807986081377071 0.816832731943918 0.817889615530358 0.826349812704245 0.846623914742037 0.864037167293932 0.873754324633907 0.880474297928945 0.88496678228173 0.892944365919695 -9999 -9999 -9999 -9999 -9999 -9999 -9999 -9999 -9999 -9999 -9999 -9999
0.466526621896865 0.466604805257307 0.451295962279992 0.441389647575986 0.446623139938787 0.453680380101319 0.458806546213568 0.46922195734444 0.470467315629449 0.481202037710936 0.495793701798454 0.505269959818823 0.514998897439709 0.526035783758319 0.531470841006273 0.535408202829348 0.55985363896762 0.565125420726642 0.548436671876182 0.563987371544223 0.583275644597306 0.603228012545068 0.616784455061312 0.625833653166536 0.62658464617758 0.643144685465549 0.668051338011317 0.690227062455111 0.709154308280797 0.728061905737898 0.743236554805415 0.753687192931966 0.763948371318971 0.773944062366346 0.783872494947169 0.79794450319763 0.808260261506254 0.82110043605669 0.831965891087099 0.842651744253935 0.855298454912787 0.868962411240672 0.87461764516934 -9999 -9999 -9999 -9999 -9999 -9999 -9999 -9999 -9999 -9999 -9999 -9999 -9999 -9999 -9999
0.464383662094517 0.461760172588951 0.44964638789116 0.433350420231753 0.443634264854044 0.450274713827981 0.456860086520248 0.468648955840018 0.473077359216525 0.474494068129798 0.479782363537887 0.487213623621247 0.496874659451807 0.517649218473849 0.530968412383306 0.536829948564172 0.56059327916911 0.565024337630821 0.559042548146433 0.56428470302445 0.569341743407395 0.602298084304968 0.614546437092707 0.615378202789297 0.630794790110103 0.65480765307021 0.677980205937413 0.697884449103957 0.71725317031627 0.735130914183707 0.748596991811148 0.760100355555226 0.772265238363865 0.781076122174945 0.790486566816085 0.80084784421605 0.809395485952263 0.825922380415841 0.838246979858753 0.850525301420317 0.863803764277697 0.873191676804885 -9999 -9999 -9999 -9999 -9999 -9999 -9999 -9999 -9999 -9999 -9999 -9999 -9999 -9999 -9999 -9999
0.447313643130276 0.457161255510032 0.448621529337647 0.427378264354799 0.438747255165524 0.445718200638991 0.453625455708547 0.459891813814241 0.470913546209768 0.474607095233081 0.479187706103882 0.485572722522055 0.493827217781032 0.517700206462587 0.536651707481127 0.547356117397444 0.560420500354712 0.56894381756961 0.582273260671654 0.573495452012976 0.571226406977864 0.588445864410487 0.619620838112355 0.620832380952025 0.643417833624772 0.66233055486226 0.685323066430135 0.707057149464394 0.728280043133924 0.745320754001315 0.75399459977554 0.765636662369618 0.779852633785415 0.789553963154247 0.798290093566951 0.805305598228125 0.817704303210898 0.830314872848386 0.846032602956294 0.85574246751918 0.869758953808131 0.870760827188627 -9999 -9999 -9999 -9999 -9999 -9999 -9999 -9999 -9999 -9999 -9999 -9999 -9999 -9999 -9999 -9999
0.436217261416839 0.442489882545378 0.439140720556145 0.421840549669681 0.433456166582559 0.441997365597328 0.450039836510247 0.456916631961899 0.460485768012665 0.468139568595592 0.475011686780188 0.484992789932974 0.50495753120883 0.526057517764218 0.542537743407063 0.554310512141074 0.558686755699102 0.56930797322025 0.584568164529223 0.579283480622084 0.57380944202079 0.59150958210964 0.625569896459413 0.623249867887764 0.658843797556111 0.667392744496357 0.691791050122162 0.715516777736562 0.735171836654045 0.750401481286329 0.75786222802469 0.769863270745269 0.784024789737871 0.795442999438816 0.804039081224374 0.810606123532599 0.822381838236627 0.839097909276829 0.852163495888778 0.86114568682338 -9999 -9999 -9999 -9999 -9999 -9999 -9999 -9999 -9999 -9999 -9999 -9999 -9999 -9999 -9999 -9999 -9999 -9999
0.434212968477809 0.432744228246529 0.427406338093724 0.417232577352076 0.429255061155466 0.438144557742067 0.446089685031867 0.452886773879616 0.460342353242276 0.468756113940968 0.475145167638053 0.487383410210261 0.510151310305749 0.530372624546981 0.545669210305665 0.556247827383633 0.555288377224584 0.565099090420037 0.589219668536995 0.585758061235613 0.576231656113372 0.596760741547913 0.616945389048039 0.62243420021943 0.672194140597464 0.677039056643907 0.70088889029101 0.719420067102494 0.743117162723358 0.756400976660915 0.765538563493513 0.777167022081486 0.788969006622966 0.800632662778898 0.811921877728577 0.821055542012768 0.831293105388461 0.843690086921963 0.854925647956606 0.860447781998114 -9999 -9999 -9999 -9999 -9999 -9999 -9999 -9999 -9999 -9999 -9999 -9999 -9999 -9999 -9999 -9999 -9999 -9999
0.435051514711122 0.431091082472862 0.42201806120839 0.416079200017548 0.425913832385799 0.434922100372027 0.443835542689307 0.451259428286138 0.463059119442766 0.470819718495067 0.476180094733546 0.491055507395967 0.513071718270745 0.53265590390946 0.54811940105187 0.557845605350727 0.560435718829181 0.554949280930251 0.581673824608564 0.59356129152886 0.586379641226517 0.594457776188728 0.606798774271575 0.62857692902286 0.679655718153218 0.691833129987704 0.714040548644417 0.722621991901405 0.74922694385111 0.762422508561717 0.771500136862231 0.77850247106782 0.792992290091155 0.807542258504255 0.821403208876544 0.827503706680158 0.83612095824314 0.84939770956905 0.857809801631598 0.859899401641946 -9999 -9999 -9999 -9999 -9999 -9999 -9999 -9999 -9999 -9999 -9999 -9999 -9999 -9999 -9999 -9999 -9999 -9999
0.43283284877063 0.431823179102656 0.422579767555703 0.417882090512041 0.423301499778835 0.433506047967134 0.441786753355412 0.450318209151022 0.460936312874618 0.471696390711665 0.482391855454151 0.497125401602224 0.51637678863567 0.535095961676252 0.55044503949695 0.55946794962525 0.566135426150213 0.553465083553861 0.584705825796247 0.602949228966991 0.593474322793186 0.597030068869924 0.611320659291493 0.63707464178249 0.677634677432586 0.705231223670328 0.717896611470742 0.731040190880568 0.741059639518534 0.749229986236272 0.767227427606276 0.77685037433613 0.796607302770503 0.815371602854407 0.824824193603641 0.83506871934854 0.845759312674558 0.854730356379798 -9999 -9999 -9999 -9999 -9999 -9999 -9999 -9999 -9999 -9999 -9999 -9999 -9999 -9999 -9999 -9999 -9999 -9999 -9999 -9999
0.427198851173462 0.428665509238787 0.411799421684671 0.407690720732952 0.420914888055633 0.433011628308456 0.441305049204901 0.448362278064787 0.458066835787694 0.472382987726823 0.485940144083863 0.497923460708064 0.513182811238052 0.535844869932499 0.552392854330764 0.560672981627676 0.558862966574508 0.562531037524598 0.587066679542665 0.603190419761712 0.591251536838432 0.61154166741915 0.623500924020753 0.635902739657141 0.672640353977735 0.710072308514829 0.718229712238619 0.71975047270123 0.72812624357209 0.736043685238538 0.756702301742881 0.786747277329478 0.804732310470973 0.821030904753852 0.839771085972747 0.84513915726829 0.849128435889526 0.850484738106191 -9999 -9999 -9999 -9999 -9999 -9999 -9999 -9999 -9999 -9999 -9999 -9999 -9999 -9999 -9999 -9999 -9999 -9999 -9999 -9999
0.425211424250007 0.425544906557828 0.412872839779278 0.409482361303977 0.418006391680767 0.429598890780324 0.438717017336512 0.446550024441108 0.457287921699517 0.471104734690267 0.481481063502766 0.489949572575471 0.508681419571967 0.538716029316984 0.552820380134375 0.56136191614398 0.560141302439407 0.56935814668908 0.582443214110682 0.606874647983352 0.600799225657499 0.627333838660247 0.625672689698953 0.641261488835605 0.678391129363218 0.70906412526193 0.713390926183771 0.715262807322667 0.727724793199872 0.735628891236307 0.753905876287359 0.796175028664497 0.810261867555224 0.827511660456411 0.841525831748451 0.848133138806111 0.848352614719854 -9999 -9999 -9999 -9999 -9999 -9999 -9999 -9999 -9999 -9999 -9999 -9999 -9999 -9999 -9999 -9999 -9999 -9999 -9999 -9999 -9999
0.424050919563285 0.416351033856802 0.406020902997298 0.407649111254951 0.415772288895156 0.426541690036499 0.436061374571514 0.44690211619923 0.458931258391072 0.469751539827426 0.479734245480253 0.497384303838609 0.523539711668951 0.54048734108409 0.554200691569045 0.563705395222528 0.569974981820423 0.574655115691956 0.580351242824518 0.623013704565098 0.643660947647131 0.620993354748401 0.623182014091088 0.66315251060097 0.698740967135934 0.71635849750024 0.712601045388055 0.722663620267303 0.74061275633547 0.750405687019352 0.769755509096313 0.799352283743594 0.815192097015259 0.828470452442297 -9999 -9999 -9999 -9999 -9999 -9999 -9999 -9999 -9999 -9999 -9999 -9999 -9999 -9999 -9999 -9999 -9999 -9999 -9999 -9999 -9999 -9999 -9999 -9999
0.420994760080318 0.414883776552161 0.411645084460441 0.407965481886759 0.413348219379509 0.423669504498188 0.435232634067482 0.448407460027459 0.461631905920224 0.475063930467457 0.491357191128393 0.508164604260091 0.525571417903367 0.541624216781164 0.555181386147991 0.566642907223123 0.578879027278355 0.584261015497017 0.589382559241816 0.625376595985799 0.640522734109386 0.660914110859295 0.659963421864059 0.681466614685352 0.714565814061351 0.728629777150949 0.726995991400734 0.739275575612864 0.755342432976112 0.776263852452226 0.790960210094905 0.803590496488157 0.819518910369379 0.831938530678597 -9999 -9999 -9999 -9999 -9999 -9999 -9999 -9999 -9999 -9999 -9999 -9999 -9999 -9999 -9999 -9999 -9999 -9999 -9999 -9999 -9999 -9999 -9999 -9999
