layers/veg/veg4900.asc
NCOLS 255 
NROWS 330 
XLLCORNER -2985163.8955 
YLLCORNER -3022031.214 
CELLSIZE 25000 
NODATA_value -9999 
[rows 250 to 274 of 330, columns 58 to 115 of 255]
-9999 -9999 -9999 -9999 -9999 -9999 -9999 -9999 -9999 -9999 -9999 -9999 -9999 -9999 -9999 0.751868935382224 0.752833575966041 0.749895794262034 0.7277997903646 0.69311903803695 0.615734231103318 0.583663149741525 0.566190512990988 0.529756044529951 0.515356343359768 0.495337638392345 0.483452897831514 0.473556270292599 0.418371263610779 0.398422798589727 0.373574324205337 0.326125550047822 0.316961609238321 0.310638321514927 0.299281363242086 0.283955232618111 0.273025469011247 0.262259098103372 0.241562417833103 0.230339881723494 0.226914473890703 0.222980713880551 0.21487130217299 0.208638249382483 0.206596233087563 -9999 0.175283707558956 0.168363736271774 0.163145574145009 0.15591266559451 0.150215919230595 0.145593699699372 0.137616297730255 -9999 -9999 -9999 -9999 -9999
-9999 -9999 -9999 -9999 -9999 -9999 -9999 -9999 -9999 -9999 -9999 -9999 -9999 -9999 -9999 0.737690910954158 0.761590051519059 0.756692255449686 0.734310602570386 0.718598357623967 0.675799978040947 0.608895297731457 0.58997190305141 0.563910525958569 0.527177162645259 0.504393801854695 0.488087298368321 0.476907553487276 0.428947430430703 0.413406664550541 0.394037930394696 0.354039984801472 0.335343314116714 0.320581284820693 0.30073561836927 0.279611402931074 0.260867337470563 0.237651605338045 0.221754971095631 0.217377367696189 0.220320649318224 0.220972234083614 0.219038964531983 0.213791598956006 0.21349895667066 -9999 -9999 -9999 0.166145744483059 0.158395155299391 0.152490969307575 0.147133464928048 -9999 -9999 -9999 -9999 -9999 -9999
-9999 -9999 -9999 -9999 -9999 -9999 -9999 -9999 -9999 -9999 -9999 -9999 -9999 -9999 -9999 0.766140771894114 0.774510675472335 0.765518328774938 0.749317125216521 0.712366319698675 0.693992065060706 0.662813365175049 0.600201670744966 0.588554968483271 0.550560212623193 0.524504323748686 0.498966343734025 0.469558169651746 0.443225991230309 0.427847603966855 0.405895730332546 0.375226109326454 0.350792099163312 0.327730037619706 0.301444784740223 0.276824554240822 0.25051215772688 0.233641179299071 0.205574424259737 0.212138057006866 0.218925708295816 0.224568730776341 0.223107092765037 0.217290267670062 0.218275775821056 -9999 -9999 -9999 -9999 -9999 -9999 -9999 -9999 -9999 -9999 -9999 -9999 -9999
-9999 -9999 -9999 -9999 -9999 -9999 -9999 -9999 -9999 -9999 -9999 -9999 -9999 -9999 0.811528632087859 0.796151724400829 0.790044404708099 0.779920696655847 0.762184304239661 0.726829512064391 0.667236072122792 0.673599677702654 0.618013474851603 0.568286034304796 0.541494546914422 0.54181570678159 0.505770669757025 0.467291107134018 0.452995854313965 0.434267123211623 0.401859168680837 0.372611962291775 0.358322311582738 0.328682832168839 0.305330193595848 0.284960407824932 0.257640247569276 0.25553291537822 0.226831905596042 0.226714714189313 0.23030433430219 0.228976393634908 0.224344331624188 0.218767652739975 0.222686084151786 -9999 -9999 -9999 -9999 -9999 -9999 -9999 -9999 -9999 -9999 -9999 -9999 -9999
-9999 -9999 -9999 -9999 -9999 -9999 -9999 -9999 -9999 -9999 -9999 -9999 -9999 -9999 -9999 0.805898827042324 0.803785041334784 0.794572875163243 0.766629621914135 0.734078641408648 0.686815020839561 0.666291471149997 0.615176581836246 0.617049225751508 0.561289731433947 0.551899739412387 0.533232973763873 0.497354526925298 0.46470373984129 0.433046945679101 0.397838767264495 0.369831141082152 0.348579922286034 0.331354707129959 0.303802736772184 0.290180720948914 0.268159436358047 0.267972602708468 0.265207681126314 0.251059361156173 0.244292072631425 0.238988747070012 0.233250296840546 0.226688228301277 0.228263275155539 -9999 -9999 -9999 0.19878061964717 -9999 -9999 -9999 -9999 -9999 -9999 -9999 -9999 -9999
-9999 -9999 -9999 -9999 -9999 -9999 -9999 -9999 -9999 -9999 -9999 -9999 -9999 -9999 -9999 0.831714527399354 0.820562266852914 0.801910498073107 0.750191554517349 0.744423109447675 0.702572567712121 0.680467405975456 0.657185877512888 0.606708098256552 0.609684282730562 0.578292142200946 0.550081424707294 0.52866826326662 0.488911383494619 0.445561070965707 0.408700128705212 0.377758687299513 0.329799944725173 0.330669862727865 0.30213839514317 0.295360347366942 0.287250761803545 0.286914991346729 0.28382197826315 0.265879751089599 0.256059000002224 0.250756102682596 0.244771058311211 0.239833822191929 0.237132105186573 0.228366448509583 -9999 -9999 0.198902509978541 0.195960553590379 -9999 -9999 -9999 -9999 -9999 -9999 -9999 -9999
-9999 -9999 -9999 -9999 -9999 -9999 -9999 -9999 -9999 -9999 -9999 -9999 -9999 -9999 0.809566892940518 0.830532139208485 0.82985120080922 0.826489841751891 0.75827310176905 0.755380432517089 0.708572789150304 0.659183587551762 0.656788514366018 0.61252060150362 0.63567550666955 0.598580304522124 0.575197225025295 0.533177528372589 0.50741901476641 0.47326309530053 0.427421594387189 0.384621873205214 0.338649611349024 0.33828854665186 0.318870773158572 0.303200311167127 0.300229491529981 0.303645456129691 0.296138123297607 0.280282832941842 0.268487143155752 0.264701098501103 0.256074417260718 0.249918177939988 0.243944100691867 0.232429636649802 0.225512614259062 0.212858505037527 0.208312857911138 0.20121256648904 -9999 -9999 -9999 -9999 -9999 -9999 -9999 -9999
-9999 -9999 -9999 -9999 -9999 -9999 -9999 -9999 -9999 -9999 -9999 -9999 -9999 -9999 0.805806339301988 0.822336322976558 0.832239441525327 0.828028313352771 -9999 0.748733312631437 0.721560154038992 0.672190413426244 0.673070040377822 0.661962540593306 0.620010839158746 0.598580846290487 0.578083341623745 0.532564591142047 0.507304342945448 0.491556110673271 0.447652106557491 0.409576194422773 0.382323184842939 0.372242893097657 0.346728048541519 0.314559046116144 0.303860970096235 0.311170698276545 0.317220603411173 0.301196316452027 0.285274953210884 0.277844909725559 0.267048605429752 0.258651307531517 0.250450303376813 0.237810194055412 0.225861107143133 0.215405560639196 0.21611532644053 0.206468592661403 -9999 -9999 -9999 -9999 -9999 -9999 -9999 -9999
-9999 -9999 -9999 -9999 -9999 -9999 -9999 -9999 -9999 -9999 -9999 -9999 -9999 -9999 0.830511445619271 0.815665975213184 0.843526033238547 -9999 -9999 0.721858573789399 0.725843924991987 0.682941518260486 0.675065545529313 0.671483942443596 0.610836946975298 0.612005500439501 0.597449887880037 0.574581997220066 0.539865225404281 0.517386240150812 0.456105300869797 0.421224847624876 0.373877970659721 0.374610429274143 0.346209210452206 0.32757030567838 0.320070919886366 0.327890239147452 0.340966350889348 0.322070778923341 0.302289054108059 0.288096294903434 0.2752955358041 0.265830608833669 0.255793211921339 0.248146906235841 0.240448849073321 0.220371518940032 0.220795980648274 0.214240091698814 -9999 -9999 -9999 -9999 -9999 -9999 -9999 -9999
-9999 -9999 -9999 -9999 -9999 -9999 -9999 -9999 -9999 -9999 -9999 -9999 -9999 -9999 0.857439043153815 0.851948785514115 0.845658061320556 -9999 -9999 0.7442919975829 0.708000529874147 0.65980897478189 0.64762661313008 0.661718470834632 0.626056198085488 0.619067037590673 0.606226509771814 0.576195285972616 0.531590070043842 0.497056224099873 0.46786261246515 0.43237464480922 0.412755439411091 0.374528176165476 0.352075462443141 0.356437645106315 0.353227739935908 0.361493290292876 0.35302597670413 0.334534702575894 0.312207008555656 0.295339366120004 0.284178078261188 0.273490391609548 0.264510984791844 0.255341422627871 0.243003149255602 0.222656089240823 0.222146113561981 -9999 -9999 -9999 -9999 -9999 -9999 -9999 -9999 -9999
-9999 -9999 -9999 -9999 -9999 -9999 -9999 -9999 -9999 -9999 -9999 -9999 -9999 -9999 0.865282344551582 0.855024107456888 0.854439904214135 0.849897649617986 -9999 0.785961040628072 0.724651842485586 0.696844642281009 0.668141392496334 0.675120332400698 0.657683699176801 0.612961002281186 0.604386042611092 0.57922535093225 0.535680799860594 0.489473677774217 0.465332529410832 0.465867134404582 0.44095989958145 0.394494384117644 0.40353450719135 0.395329582994968 0.374785484054653 0.372217865167684 0.355663030024562 0.337418940314488 0.31660248374235 0.302230082909151 0.293266238447063 0.281293649971006 0.271816319089014 0.262665778732022 -9999 -9999 -9999 -9999 -9999 -9999 -9999 -9999 -9999 -9999 -9999 -9999
-9999 -9999 -9999 -9999 -9999 -9999 -9999 -9999 -9999 -9999 -9999 -9999 -9999 -9999 0.871538464194373 0.858905596886718 0.855035474071484 -9999 -9999 0.806328928551098 0.732708335016226 0.719833526708229 0.712321889810865 0.689323816272328 0.672550080905637 0.622375707842764 0.600094949810001 0.584589329272687 0.546062418025253 0.509316537028527 0.472428800127083 0.485641055367917 0.452082008703792 0.431630609728248 0.424089311929655 0.403657763539899 0.381744714911125 0.367852313214954 0.352725774611675 0.337150074125395 0.32280368230371 0.311105378040881 0.296382931628876 0.284848409981566 0.274083145230177 -9999 -9999 -9999 -9999 -9999 -9999 -9999 -9999 -9999 -9999 -9999 -9999 -9999
-9999 -9999 -9999 -9999 -9999 -9999 -9999 -9999 -9999 -9999 -9999 -9999 -9999 -9999 0.882254686051903 0.872837923386641 0.84208301611078 -9999 0.816065020277052 0.784315817491899 0.749029425948362 0.713806546236427 0.682999928441122 0.682460338695795 0.655985219361838 0.642195893855735 0.601227137382982 0.583306284682931 0.557353912011668 0.52925172972125 0.482810920181042 0.487750011201588 0.466915824713475 0.446238691555428 0.432751891259751 0.409398020779003 0.385120735478033 0.373322328454963 0.35231132900991 0.340546833765527 0.327647397928084 0.315444310847869 0.296467987980107 0.285075747089683 -9999 -9999 -9999 -9999 -9999 -9999 -9999 -9999 -9999 -9999 -9999 -9999 -9999 -9999
-9999 -9999 -9999 -9999 -9999 -9999 -9999 -9999 -9999 -9999 -9999 -9999 -9999 -9999 -9999 0.881575378717024 0.846728563906544 -9999 0.830254961743145 0.78843751990849 0.758397876278282 0.753447411033879 0.744074652983669 0.692603730389114 0.667970899324428 0.639283633757911 0.598104179735089 0.580692430014916 0.561983978031166 0.538921772333575 0.500114836928805 0.493630486194103 0.479420052784393 0.459994825035256 0.44306980281148 0.423287439899466 0.399335873375723 0.384137407576652 0.359512133889015 0.344951923138802 0.331820597197071 0.314261077024185 0.29861989429169 0.289142084144559 0.286401539370317 -9999 -9999 -9999 -9999 -9999 -9999 -9999 -9999 -9999 -9999 -9999 -9999 -9999
-9999 -9999 -9999 -9999 -9999 -9999 -9999 -9999 -9999 -9999 -9999 -9999 -9999 -9999 -9999 -9999 -9999 -9999 0.829109697522422 0.814604709420623 0.785710573290737 0.713377369423528 0.684793061331963 0.666419071580023 0.661593045856992 0.637204506928057 0.599535779713999 0.584398602023528 0.557243354061504 0.536284185851643 0.50592903358579 0.502751794414809 0.478558154892506 0.453908794695179 0.435595688433719 0.416034257957669 0.402450985200408 0.38857020231288 0.369942694139363 0.354266292837326 0.334522718021957 0.317369886390297 0.30394322209157 0.294861380606147 0.301120618570179 -9999 -9999 -9999 -9999 -9999 -9999 -9999 -9999 -9999 -9999 -9999 -9999 -9999
-9999 -9999 -9999 -9999 -9999 -9999 -9999 -9999 -9999 -9999 -9999 -9999 -9999 -9999 0.886419887832103 0.886780061310108 -9999 -9999 0.806451294940688 0.803278951777912 0.782811230361771 0.720592302182714 0.700451937138442 0.702740234731263 0.668637141382394 0.647471431202683 0.624658094951301 0.601419095460162 0.567213986170127 0.533637770247192 0.504159490446599 0.504730803434054 0.478737479487656 0.442112227092069 0.435461926288059 0.421001212174838 0.409930991263959 0.394967153977779 0.375542884549958 0.358813187853376 0.335975827614545 0.321603080444433 0.309282726065477 0.303736437874898 0.311242869938537 -9999 -9999 -9999 -9999 -9999 -9999 -9999 -9999 -9999 -9999 -9999 -9999 -9999
-9999 -9999 -9999 -9999 -9999 -9999 -9999 -9999 -9999 -9999 -9999 -9999 -9999 -9999 -9999 0.884496798669641 -9999 -9999 -9999 0.801145748029683 0.775404297501332 0.725197936954258 0.688636648485839 0.681015893445454 0.671987968813068 0.640914516054312 0.631773563574046 0.612480725656891 0.5820631056547 0.55180104480577 0.517879465659613 0.506894920706998 0.490187739762588 0.44556502194853 0.443447789784862 0.433027668862355 0.417691269651543 0.400419880080884 0.382510690723538 0.360416500151804 0.341790637490282 0.33179811247884 0.32689519067428 0.321061854083362 0.312327683254399 -9999 -9999 -9999 -9999 -9999 -9999 -9999 -9999 -9999 -9999 -9999 -9999 -9999
-9999 -9999 -9999 -9999 -9999 -9999 -9999 -9999 -9999 -9999 -9999 -9999 -9999 -9999 -9999 -9999 0.89049811919308 0.844374047061486 0.818191490049831 0.813692379302868 0.793599159091637 0.731393328381936 0.68554408915315 0.678450680112848 0.663610603800738 0.635871290959139 0.63139491897544 0.61743655330175 0.596920372228065 0.557390865062031 0.513755401621336 0.514003422688722 0.497276898558701 0.464940494946521 0.450596287361493 0.438078168523241 0.417653805900477 0.405707190196443 0.384622578254499 0.369920966727935 0.362407911907582 0.353737280793647 0.341422272214143 0.32582060818055 -9999 -9999 -9999 -9999 -9999 -9999 -9999 -9999 -9999 -9999 -9999 -9999 -9999 -9999
-9999 -9999 -9999 -9999 -9999 -9999 -9999 -9999 -9999 -9999 -9999 -9999 -9999 0.9401283152955 0.890854219900552 0.903374499175431 -9999 0.85254749159384 0.826196537037599 0.79399780947154 0.792422096034647 0.748468168057065 0.711315008010381 0.674056717322919 0.672928417941056 0.644463211565224 0.638211710196217 0.620900761307468 0.60272200226585 0.561838311839495 0.521363637223026 0.5111091236031 0.505139318811936 0.479542330381597 0.461224964336386 0.439364212129281 0.419566709530483 0.409986437310523 0.387161472917115 0.381796475309947 0.38128831397049 0.36375583799911 0.346686039432066 -9999 -9999 -9999 -9999 -9999 -9999 -9999 -9999 -9999 -9999 -9999 -9999 -9999 -9999 -9999
-9999 -9999 -9999 -9999 -9999 -9999 -9999 -9999 -9999 -9999 -9999 -9999 0.961007584811262 -9999 0.898063584246559 0.908248513842113 -9999 0.86999558866254 0.854867839992829 0.7832796350738 0.755768784592339 0.749387596009802 0.726251120556522 0.691853650560511 0.678464446356366 0.655497843569408 0.64137576423454 0.618030235728882 0.599935787296475 0.575518502659792 0.537532412673729 0.531224145460996 0.505594955660205 0.484121436228478 0.468163209128174 0.441864803937571 0.426676808312469 0.40793088409245 0.396323179724925 0.388724097730829 0.387766203381814 -9999 -9999 -9999 -9999 -9999 -9999 -9999 -9999 -9999 -9999 -9999 -9999 -9999 -9999 -9999 -9999 -9999
-9999 -9999 -9999 -9999 -9999 -9999 -9999 -9999 -9999 -9999 -9999 -9999 -9999 -9999 -9999 0.894145057232621 0.87539700939524 0.877129682760028 0.846029566827734 0.802234737134615 0.78624189793005 0.73963112493244 0.715019057767094 0.702673845971227 0.682067411742389 0.657620462594929 0.64381433939939 0.622871063877441 0.606000450315258 0.584946977440673 0.548269881058546 0.535124392029092 0.520942221157353 0.501580292655283 0.476690210188328 0.453522181049505 0.423865230924685 0.406007861350853 0.418286403389923 -9999 -9999 -9999 -9999 -9999 -9999 -9999 -9999 -9999 -9999 -9999 -9999 -9999 -9999 -9999 -9999 -9999 -9999 -9999
-9999 -9999 -9999 -9999 -9999 -9999 -9999 -9999 -9999 -9999 -9999 -9999 -9999 -9999 -9999 0.887749233329155 0.875505284607517 0.882314255417016 0.815646048082324 0.803078908086233 0.799966310446237 0.764610789031149 0.729437492116544 0.708101648348278 0.678016562897379 0.660169759191594 0.647839291158524 0.629693945384314 0.609916827017513 0.588115854995744 0.557002716102779 0.53370945179672 0.526821958959452 0.504164665600912 0.477967217108865 0.441866472917074 0.420609026675401 0.433028507027766 -9999 -9999 -9999 -9999 -9999 -9999 -9999 -9999 -9999 -9999 -9999 -9999 -9999 -9999 -9999 -9999 -9999 -9999 -9999 -9999
-9999 -9999 -9999 -9999 -9999 -9999 -9999 -9999 -9999 -9999 -9999 -9999 -9999 -9999 0.924837201835871 0.906833529509722 0.883468737538008 0.883150809946282 0.874155286134947 0.847073791601458 0.815523232442595 0.769788250708036 0.767248286641941 0.724109437076517 0.677695173287436 0.664567863846739 0.647139499272422 0.628459300100264 0.608175206397096 0.586222968275786 0.56234922314698 0.533127380456387 0.521363198636774 0.492874350945003 0.469813822651135 0.441779724042173 0.439478544549673 0.446604659221565 -9999 -9999 -9999 -9999 -9999 -9999 -9999 -9999 -9999 -9999 -9999 -9999 -9999 -9999 -9999 -9999 -9999 -9999 -9999 -9999
-9999 -9999 -9999 -9999 -9999 -9999 -9999 -9999 -9999 -9999 -9999 -9999 -9999 -9999 0.924707920831014 0.919625033714224 0.902276963743297 0.883104676491349 0.847997398760164 0.817674666511994 0.763086357223894 0.765956212499541 0.748225134433158 0.699600921192911 0.678204067608347 0.657281011949603 0.63954142394287 0.621114161946294 0.601977841377099 0.583007720065454 0.561257115801128 0.543077877835574 0.519537690207807 0.481335477743039 0.481815401068674 0.479239329302514 0.468957062829145 0.465510160161471 -9999 -9999 -9999 -9999 -9999 -9999 -9999 -9999 -9999 -9999 -9999 -9999 -9999 -9999 -9999 -9999 -9999 -9999 -9999 -9999
-9999 -9999 -9999 -9999 -9999 -9999 -9999 -9999 -9999 -9999 -9999 -9999 -9999 0.955980271902048 0.923171092456694 0.92725402933135 0.911567316654509 0.891882364129395 0.823733750973957 0.806259627633453 0.797954419840665 0.776244339899651 0.750004017931992 0.680733383739836 0.669751232372157 0.657902684119923 0.639560177585773 0.619167592153864 0.601243398678072 0.584092735607028 0.558963819069479 0.539817717505496 0.52120097504004 0.501911962653779 0.504520466377915 0.486167026168626 0.468728913656208 0.465286430987788 -9999 -9999 -9999 -9999 -9999 -9999 -9999 -9999 -9999 -9999 -9999 -9999 -9999 -9999 -9999 -9999 -9999 -9999 -9999 -9999
