layers/veg/veg4700.asc
NCOLS 255 
NROWS 330 
XLLCORNER -2985163.8955 
YLLCORNER -3022031.214 
CELLSIZE 25000 
NODATA_value -9999 
[rows 200 to 224 of 330, columns 57 to 113 of 255]
-9999 -9999 -9999 -9999 -9999 -9999 -9999 -9999 -9999 -9999 -9999 -9999 -9999 -9999 -9999 -9999 -9999 -9999 -9999 -9999 0.142211309449171 0.143513495784914 0.118607674119762 0.079376894760033 0.059006260460655 0.0431024251216343 0.0367795618354413 0.0422818753444929 0.0556457618546717 0.0613643014072657 0.06760126620976 0.07769152621868 0.0840560647851006 0.087430270627534 0.0874978263613167 0.0875817441616883 0.0897792563411882 0.0922206205978021 0.0948973732101925 0.0969952941672543 0.0992910426116215 0.103469738264548 0.107488437713291 0.111321503615306 0.118106197784132 0.123568270556042 0.109450572750656 0.102445536368909 0.105384829685544 0.125517396256874 0.150646897924512 0.154331883225815 0.157313896607852 0.159104465385615 0.166324642512545 0.175931326959956 0.176747889440548
-9999 -9999 -9999 -9999 -9999 -9999 -9999 -9999 -9999 -9999 -9999 -9999 -9999 -9999 -9999 -9999 -9999 -9999 -9999 -9999 0.139741792679451 0.140498543387693 0.116156596293535 0.078096026090133 0.0532579548273691 0.0342353950188799 0.0287418725026352 0.0378859511491538 0.0567613490051007 0.0635525066119212 0.0690679045274564 0.0739181640026252 0.0787676591028329 0.0836165407016035 0.0870928922139799 0.0901424348133505 0.0922303898066117 0.0918439436103284 0.0890689787906604 0.0897010380091658 0.0911423788120963 0.0931494725574812 0.094353393055558 0.0946254420802032 0.101783486149501 0.109459503605173 0.104265422026978 0.0998766846728701 0.0966139124122766 0.113256812691621 0.136297778932153 0.145450381141318 0.150826258969675 0.149801087535563 0.153413760667944 0.159124985799376 0.165690203362462
-9999 -9999 -9999 -9999 -9999 -9999 -9999 -9999 -9999 -9999 -9999 -9999 -9999 -9999 -9999 -9999 -9999 -9999 -9999 -9999 0.138358026822066 0.134903140883156 0.108166854394999 0.0687052559362773 0.0399200584614505 0.0189462710800571 0.0168043340943524 0.030585145456201 0.054951663119135 0.065174576363233 0.071916708723828 0.0714715492721759 0.0738390186589643 0.0784639558102713 0.0874600726820242 0.0953000930197871 0.0955347966874258 0.0919230523797648 0.0845983642448441 0.0845163373004126 0.0851102748733288 0.0807427591296484 0.0776350659852721 0.0759890658763781 0.0799279138247999 0.0859339464900077 0.0964975029486057 0.0991039371127418 0.0905853868535358 0.100590980986593 0.117347315606791 0.13540127535448 0.1454623502713 0.141976540535479 0.138700134054033 0.13565737420258 0.151994059041519
-9999 -9999 -9999 -9999 -9999 -9999 -9999 -9999 -9999 -9999 -9999 -9999 -9999 -9999 -9999 -9999 -9999 -9999 -9999 0.172098966632274 0.164539370234497 0.141530945032617 0.115294988534841 0.0872949052377277 0.0555379693742982 0.03203915230125 0.029849871474557 0.038955252212766 0.0555695106576669 0.0637425910059579 0.0693332797283884 0.0690061622956469 0.0694767356151452 0.0705875502400818 0.0749371364442816 0.0800770307505292 0.0865663862754054 0.0847817262162544 0.0750102286159117 0.0721966671942027 0.0713615527396842 0.0736041622617418 0.0725412398543313 0.0676431163618339 0.0727471811640654 0.080612805478827 0.088076511965488 0.0923558305498093 0.0921830036850072 0.0943668410876796 0.0980356567193723 0.11304660852685 0.125298260551403 0.132873263697323 0.134375613187558 0.133206294487842 0.141517313002646
-9999 -9999 -9999 -9999 -9999 -9999 -9999 -9999 -9999 -9999 -9999 -9999 -9999 -9999 -9999 -9999 -9999 -9999 0.170911298363801 0.171369597420332 0.164849258849754 0.144067341708814 0.121670684298777 0.0983914307737748 0.0663004309254274 0.0426199949714505 0.0411066824353181 0.0463841979155585 0.0561763681120212 0.0625880804525761 0.0673001879644339 0.0674967857493583 0.0659278574882821 0.0629418854702079 0.0642932619526547 0.0677706963352409 0.0775833631019188 0.077488168301045 0.0678289981949499 0.0633093108068539 0.0611464722227859 0.066542076903975 0.0668830686371089 0.0613595104349485 0.0663599463506845 0.0739774212026782 0.0785445783081826 0.0839343191858428 0.0904741280546028 0.088853723269115 0.0850590083815135 0.0949644904329732 0.106692465657314 0.121509326223514 0.127639722880389 0.129855782881561 0.132721516557035
-9999 -9999 -9999 -9999 -9999 -9999 -9999 -9999 -9999 -9999 -9999 -9999 -9999 -9999 -9999 -9999 -9999 -9999 0.170902420735087 0.170517679305577 0.165955634882998 0.152856833283572 0.125514556759259 0.0903869813402025 0.0641459118625725 0.0458497796096218 0.0468910599484727 0.0508078046984592 0.0566362057197818 0.0622415158231104 0.0668383861395877 0.0682473284658516 0.0642727541588757 0.0559772701416704 0.0587322507439556 0.063372680308407 0.0691778057984162 0.0701949511201748 0.0665902995204859 0.0628880537792436 0.0596659259500614 0.0593980834464652 0.0593117250933383 0.0594359314014088 0.0611159155741583 0.0633287964808937 0.0664201338513091 0.0718566403926179 0.0805719667799467 0.0846994783593665 0.0870695409059812 0.0875917220471856 0.0925068321521987 0.104867376943088 0.11468787999147 0.12333197134685 0.127737143727027
-9999 -9999 -9999 -9999 -9999 -9999 -9999 -9999 -9999 -9999 -9999 -9999 -9999 -9999 -9999 -9999 -9999 -9999 -9999 0.169713977868818 0.165733095705429 0.153616862949832 0.117660508032039 0.0686734511472996 0.0486377658181466 0.0367419277403615 0.042809923945807 0.0485239023154831 0.0540025237761004 0.0624889519832673 0.0697066081019786 0.0719749491140354 0.0650551187435233 0.0507606926113741 0.054491746345284 0.0601570012357641 0.0628816891330311 0.0643136590823505 0.0644977792866474 0.063073069842439 0.0611821114890341 0.058527648099214 0.0569514863522281 0.0566264102758362 0.0566342373898338 0.0567577491881994 0.0570843104318306 0.0608138522812938 0.0693011576578007 0.0778332107559373 0.0858286456914101 0.083957107713258 0.0848318676583079 0.0903612400461295 0.100359599243828 0.112337260190083 0.119171760027798
-9999 -9999 -9999 -9999 -9999 -9999 -9999 -9999 -9999 -9999 -9999 -9999 -9999 -9999 -9999 -9999 -9999 -9999 -9999 -9999 0.164679993729377 0.149358534560755 0.102495339619342 0.0383918404723087 0.0247836954397345 0.0199231385434856 0.0325629103555325 0.042047853181277 0.0494354135482779 0.0631076345210084 0.0746560718571058 0.077563222840859 0.0673608838848352 0.0466366265925348 0.0510765495528689 0.0576802745668819 0.0579039582498054 0.0593148104754664 0.061871626494471 0.0636370023864211 0.0645712336454657 0.0615781431003501 0.0578481520041715 0.0532631814815826 0.0526290242931678 0.0527351595344763 0.0494913558379063 0.0504178636752287 0.0571749531145615 0.0692719477610126 0.0825556306696216 0.0826588137594537 0.0812260261829272 0.077189971089441 0.0851710543720487 0.0985482677491344 0.108368269348725
-9999 -9999 -9999 -9999 -9999 -9999 -9999 -9999 -9999 -9999 -9999 -9999 -9999 -9999 -9999 -9999 -9999 -9999 -9999 -9999 0.148748477135717 0.149078797959084 0.113383082276088 0.0579960016927409 0.0329225244771407 0.0163325266473243 0.0184516876261495 0.0288970808306326 0.0448778908495748 0.0599269634125381 0.0734955527220978 0.0825563893476323 0.0779236442070917 0.0623001778610989 0.058810871552336 0.0572329841409112 0.056259980400183 0.056829953808696 0.0588893500610032 0.0599965640789225 0.0603600524355192 0.0575108255600953 0.0540059598450298 0.0497403975634592 0.0502349927111815 0.0515022877905587 0.0476477348184916 0.0461794994064285 0.0480476140844816 0.0565489835095906 0.0672751598735595 0.0750289311815414 0.0794411254762358 0.0781897878528807 0.0800165653499456 0.0832991709016816 0.0959252758289515
-9999 -9999 -9999 -9999 -9999 -9999 -9999 -9999 -9999 -9999 -9999 -9999 -9999 -9999 -9999 -9999 -9999 -9999 -9999 -9999 0.150285625181386 0.151932125357861 0.123757485378338 0.0792829964700381 0.041062283877218 0.012534707360831 0.00802674219895968 0.019763606409477 0.0423003017103208 0.0584403274283615 0.0733262377835062 0.0859937786267293 0.0863406401882122 0.0767986973915195 0.0670421595684558 0.0584189627247102 0.0547349356538523 0.0536094991225547 0.0549538484849831 0.0555909353223173 0.0556524431124435 0.0531909524288089 0.0501811993145053 0.0465353317369684 0.0478466109155077 0.0499251758666599 0.0463295146891761 0.043438947368414 0.0415341834427416 0.0460774438485794 0.0532704377561457 0.0662682699986822 0.0754075756811755 0.0780071882060512 0.0761573122659953 0.0724124211232953 0.0843224954082958
-9999 -9999 -9999 -9999 -9999 -9999 -9999 -9999 -9999 -9999 -9999 -9999 -9999 -9999 -9999 -9999 -9999 -9999 -9999 -9999 0.149368017959542 0.14822168423093 0.127070785116367 0.094985649685852 0.0424104786789984 0.00531074942361333 0.00939672303298118 0.0240073969582096 0.0456150656244721 0.0628038116357148 0.0774053787979543 0.0849259023073811 0.0866160194818684 0.0836265450318634 0.0743851231741438 0.0640362963532931 0.0528559730106052 0.0476652253180546 0.0482561645431203 0.0498001680753602 0.0510810124381532 0.0496308154702617 0.0474147254338975 0.0443100177741241 0.0451328821619088 0.0467307862617065 0.0453544603135086 0.0438497832566004 0.0421656563895373 0.0431923603469622 0.0456137255001937 0.0554858483356354 0.0642929400472407 0.0712949445980299 0.0740231264572958 0.074822740756158 0.0755692645933343
-9999 -9999 -9999 -9999 -9999 -9999 -9999 -9999 -9999 -9999 -9999 -9999 -9999 -9999 -9999 -9999 -9999 -9999 -9999 -9999 0.146607578108444 0.146440929254673 0.13263620646627 0.111377089122492 0.0474111902598972 0.00208158082057982 0.00802878435544902 0.0227194528085455 0.0432229212668885 0.0649062245289062 0.0820876891485717 0.0844168490006911 0.0852786765561522 0.0849627961558849 0.0785732691195514 0.0704933159151599 0.0589990429383253 0.0508421453023752 0.0459067879682199 0.0459084027245136 0.046757624134528 0.0465079710750684 0.0454495084230006 0.043452634800055 0.0431798231156041 0.0433071950800012 0.042674972825789 0.042118234455873 0.0416670313543533 0.0413753609192719 0.0414993928425311 0.0480173672229924 0.0551703600737233 0.0633996254031739 0.0689436195014573 0.0732322354460441 0.0714098171597433
-9999 -9999 -9999 -9999 -9999 -9999 -9999 -9999 -9999 -9999 -9999 -9999 -9999 -9999 -9999 -9999 -9999 -9999 -9999 -9999 0.146809236574246 0.147256356430149 0.139904280799984 0.128289265942012 0.0551732840679335 0.00187255995010162 0.00459091890256002 0.0172493967603895 0.0365162299745537 0.0652992182684575 0.087226008652761 0.084330278061253 0.0827220805117798 0.0821472807211658 0.0803763042102291 0.0775851563287209 0.0712069441882807 0.0609148864264431 0.0468448264573399 0.0434523241623491 0.0426217612648302 0.0437157293808425 0.0440900590548538 0.043629437443407 0.0418018469333817 0.0397103225148693 0.0387068967873274 0.0387669961748728 0.0403140276342571 0.0403658563115073 0.0400631763048037 0.0430542973352868 0.0475538175611681 0.0546098753004235 0.0616373856171021 0.0686170193516883 0.0707233700028813
-9999 -9999 -9999 -9999 -9999 -9999 -9999 -9999 -9999 -9999 -9999 -9999 -9999 -9999 -9999 -9999 -9999 -9999 -9999 -9999 0.146614003349582 0.146584190035941 0.135603065763016 0.118636096774745 0.0623504576201037 0.0183959795851809 0.00939994976190663 0.0100283517268389 0.0170552350343742 0.0566095198947593 0.087715343828302 0.0822980394072634 0.0794659093293055 0.0787086878441219 0.0768224067193377 0.0744429145580136 0.0706697072721916 0.0641802687102401 0.0550688749795515 0.0464439789246144 0.0393119014101125 0.040389236718441 0.0404170940374853 0.0392273079608039 0.0400312678725524 0.0409613677781129 0.0379481283105349 0.0366552508666949 0.0377676400517106 0.0381848037474108 0.0384286669650041 0.0400529570311852 0.0428165515928733 0.0475111168755786 0.0537548690756199 0.0606814694626656 0.0653681150980212
-9999 -9999 -9999 -9999 -9999 -9999 -9999 -9999 -9999 -9999 -9999 -9999 -9999 -9999 -9999 -9999 -9999 -9999 -9999 -9999 0.14277875595354 0.144327357846739 0.130681726961639 0.108731125254519 0.0662299729628205 0.0302295779284862 0.0126420934024361 0.00378767078082361 0.000739132068930665 0.0483273177813197 0.0867156804590433 0.0809905149282822 0.0780716072979803 0.0774050539999069 0.0740741448792704 0.0706861781679638 0.0687033602024448 0.0658400493981938 0.0621268062741741 0.0499132569849873 0.038005651692923 0.0384090460026912 0.0377878639959483 0.0359779304403828 0.0387189016990202 0.0419840709688489 0.038399332024436 0.0361307105401056 0.0357021746672401 0.0360741381246519 0.0367557471502825 0.0378133192531683 0.0393473938376115 0.0416890772255024 0.0466335674994952 0.0527575797144278 0.0596104788662136
-9999 -9999 -9999 -9999 -9999 -9999 -9999 -9999 -9999 -9999 -9999 -9999 -9999 -9999 -9999 -9999 -9999 -9999 -9999 -9999 0.141978071588864 0.14108970656669 0.129032485156215 0.110870511516812 0.057648612463855 0.0157347528700954 0.00578604228656051 0.00219473897986911 0.00282994511740876 0.0460711047352034 0.0822382372894082 0.0834378912784602 0.0842173994631601 0.0846596908787079 0.0770652068646043 0.0695690116606863 0.0674580713664801 0.0646289681742086 0.061106628386392 0.0525593113458079 0.0440398392125207 0.0418949479264392 0.0403270041674805 0.039428456387527 0.0393701995834738 0.03974848034911 0.0419551850861035 0.0411343210796488 0.0360805630865203 0.0348096517202896 0.0350315157130638 0.0375568360387774 0.039369341390932 0.0399737194611587 0.0427372297003634 0.0465058161140078 0.0545852290216549
-9999 -9999 -9999 -9999 -9999 -9999 -9999 -9999 -9999 -9999 -9999 -9999 -9999 -9999 -9999 -9999 -9999 -9999 -9999 -9999 0.143946711634281 0.142705313533269 0.131897787766185 0.115861540529209 0.065620982816264 0.023994304315773 0.00741512485521614 0.00318073176960596 0.00715335672274447 0.0461125543221469 0.0785898660854298 0.0801832728120502 0.0826460448782201 0.0858065855951271 0.0800560123244715 0.0734352800128961 0.0686331346364397 0.0641118982810857 0.0598618210373641 0.0538232208459164 0.0480819853467204 0.0463061949743284 0.0443651592942725 0.0422323998624029 0.0411700093982214 0.0407265692856481 0.0431847251063321 0.042763049911609 0.0383150352938309 0.0357600600424174 0.0341566180942162 0.0373564973929318 0.0394953338246204 0.0398358426642973 0.0410849704674033 0.0427793170565836 0.0493869649579834
-9999 -9999 -9999 -9999 -9999 -9999 -9999 -9999 -9999 -9999 -9999 -9999 -9999 -9999 -9999 -9999 -9999 -9999 -9999 -9999 0.145231605339682 0.147900916112202 0.138871480768718 0.123447662334935 0.0886578164972282 0.0529611194887217 0.0167659703530967 0.00651363446577963 0.013508509655104 0.0482449557789674 0.0756959788304477 0.071739643325386 0.0740518218377014 0.0813952252781904 0.0830465843373579 0.0818366451577879 0.0720108014082475 0.0642264025229564 0.0584125931675585 0.0538293310767308 0.0503113054377323 0.0515595378502843 0.0497674694882949 0.0444479310917356 0.0440150044954691 0.0446292169370721 0.0422972404015523 0.0413205205372733 0.0422386074635945 0.0387260985982004 0.0340546434058808 0.0372072522317842 0.0397160106710796 0.0411335276993573 0.0414748997640267 0.0413508954201598 0.044031252015715
-9999 -9999 -9999 -9999 -9999 -9999 -9999 -9999 -9999 -9999 -9999 -9999 -9999 -9999 -9999 -9999 -9999 -9999 -9999 -9999 0.14935359845915 0.149353375643373 0.137898760090375 0.120183321838751 0.0815998191566034 0.0462705221097841 0.0211437066434745 0.00984068047948034 0.00772793794795239 0.0410020257490233 0.0676639725802302 0.0629078041325725 0.0659686230433052 0.0753035001362047 0.0782739355950412 0.0790065914395934 0.0741833709117237 0.0681534491610681 0.0609587088855655 0.0558334209619766 0.0519751048999663 0.0530369146390565 0.0523608107152112 0.0496683147225256 0.0478496820600604 0.046103058500424 0.0427803013904152 0.041423153094637 0.0428141550259727 0.0410140433211394 0.0381916730718528 0.0376569408931672 0.0384782796929428 0.0415979797871363 0.0423200993988333 0.0419645048326863 0.0421635325655699
-9999 -9999 -9999 -9999 -9999 -9999 -9999 -9999 -9999 -9999 -9999 -9999 -9999 -9999 -9999 -9999 -9999 -9999 -9999 -9999 0.161155255197058 0.152124962087487 0.136511029938675 0.117298565970494 0.0726368328808595 0.0363364290767431 0.0236273363362708 0.0126295787597918 0.00276954508834056 0.033315929865697 0.0584793764563671 0.0547557174269994 0.0590069875691597 0.0696590829048161 0.0727496242731464 0.0745409313644657 0.0754968041204159 0.0721858375404442 0.0647561268942704 0.058737216876863 0.0538573868997995 0.05395687172537 0.0541569310091964 0.0544736805200924 0.0515606992959098 0.0477627864386278 0.0441564053884335 0.0422845986968747 0.0428379291349011 0.0428486728859414 0.0424779576791738 0.0387896234977122 0.0378972361836376 0.0417436097186025 0.042835433693523 0.0426740765533141 0.0410599293104307
-9999 -9999 -9999 -9999 -9999 -9999 -9999 -9999 -9999 -9999 -9999 -9999 -9999 -9999 -9999 -9999 -9999 -9999 -9999 0.164122227976073 0.16129296978966 0.1526818254992 0.140814490682875 0.127167364303341 0.0834729041012266 0.0446671206790768 0.0210669278403855 0.0125906892814724 0.0141691055234922 0.0325890975698415 0.0483187213487789 0.0505676265958386 0.0574443715851728 0.0680355060790019 0.0709622929877804 0.072595527692575 0.0734809737627236 0.072993944754035 0.0711820771137674 0.0643979974959721 0.0574506172562357 0.0556844596069868 0.0545395416864825 0.0541154092046364 0.0536396253616687 0.0528086987648308 0.0488763164392703 0.045609991627015 0.0432748928518067 0.0429685114791703 0.043348479341261 0.042924923053384 0.042219510257498 0.0410363878882363 0.0411626174331671 0.0418648930318387 0.0405224819239278
-9999 -9999 -9999 -9999 -9999 -9999 -9999 -9999 -9999 -9999 -9999 -9999 -9999 -9999 -9999 -9999 -9999 -9999 0.167268911690591 0.166458415004261 0.162834115406625 0.153459514182034 0.142927595838726 0.131763102949336 0.0846966993847191 0.0428744127823975 0.0177049806635425 0.0115429509312906 0.0180173564939573 0.0322543222170608 0.0446160705023412 0.0487162660990155 0.0568216998013126 0.0681418114551018 0.0709434320792606 0.0723470445182593 0.0730879096138521 0.0740888036292637 0.0753407013704374 0.0696758298503542 0.0629587857026247 0.0585800411885567 0.0556077413086546 0.0542672508023004 0.0548275046916551 0.0555379057690557 0.0527610529794812 0.0490792538812045 0.0441322343658333 0.0436462108017088 0.0448113231409731 0.0467426663806702 0.0465205970018304 0.0426487775052113 0.0415183582982459 0.0416192708013224 0.0409565643513743
-9999 -9999 -9999 -9999 -9999 -9999 -9999 -9999 -9999 -9999 -9999 -9999 -9999 -9999 -9999 -9999 -9999 -9999 0.167292400991704 0.168712503541328 0.165910136729508 0.154478710525746 0.142645197744671 0.130591909648762 0.0754079375435846 0.0300101526094739 0.0134664230745032 0.00939187540423019 0.0136070459505232 0.0323483236739814 0.0479762775214363 0.0494204929871045 0.0572270069438465 0.0701400189765337 0.072858675641097 0.0739544146074014 0.0744695991843052 0.075497271190234 0.0770196429940974 0.07453484718786 0.0705612444287512 0.0627530102039245 0.0574257418098755 0.0549769822456575 0.0550408822728324 0.0557334259338514 0.0557323929620352 0.0527058601918361 0.0454493260613134 0.0449340198238611 0.0469219656877098 0.0502131113144116 0.0507985120214388 0.0467980322732964 0.0440926499833125 0.0419899927439596 0.0424531696125901
-9999 -9999 -9999 -9999 -9999 -9999 -9999 -9999 -9999 -9999 -9999 -9999 -9999 -9999 -9999 -9999 -9999 -9999 0.168201121383924 0.168272652757366 0.164474014361718 0.152766277773597 0.139343159374879 0.124982435498246 0.0721499756730338 0.029311799894485 0.0154220423111319 0.0159307300431725 0.026011742224115 0.0394978029744831 0.050033663090526 0.050085290964041 0.0557247687587424 0.0658491579280426 0.0702775044234658 0.0732582741760738 0.0736212114637041 0.0744329772417193 0.0756779933804763 0.0742227563087697 0.0718449506683925 0.0673592889149071 0.0627731136058255 0.0580703187312053 0.0573144376302076 0.0576880617384553 0.0582652601431501 0.0560328041335923 0.0498721237689448 0.0478826944797686 0.0475557946289007 0.0500630938376657 0.05128723794297 0.0503366035364037 0.0480068090885493 0.0450688399515036 0.0440872931937172
-9999 -9999 -9999 -9999 -9999 -9999 -9999 -9999 -9999 -9999 -9999 -9999 -9999 -9999 -9999 -9999 -9999 -9999 0.174194724348548 0.169941813377068 0.163483000256901 0.152516194532303 0.136820666598426 0.118540480357249 0.0703856618569698 0.0315337513307351 0.0190750029772879 0.0244145901820976 0.0415868050687247 0.0479287323245339 0.0517106851268669 0.0503288759391972 0.0530661196583586 0.0591093911869604 0.0668422123367288 0.0733710549037916 0.0737493221916733 0.0743510336378453 0.0751684338476737 0.0741821173629055 0.0729621278389907 0.0725921593479304 0.0693065154933964 0.0626379966413262 0.0606006109155934 0.0599844804434126 0.0604807294678839 0.0591011432478971 0.0550989207150467 0.0515691959879507 0.048436912009364 0.0493585737974505 0.0508231583154387 0.0532079251897234 0.0517827191617135 0.0486420710750938 0.045985011372282
