layers/veg/veg4000.asc
NCOLS 255 
NROWS 330 
XLLCORNER -2985163.8955 
YLLCORNER -3022031.214 
CELLSIZE 25000 
NODATA_value -9999 
[rows 125 to 149 of 330, columns 57 to 113 of 255]
0.00912355132435065 0.0177164267378146 0.0467637825729633 0.0761525114973345 0.0834826371867587 0.117202121999942 0.181123834425541 0.19406362031391 0.190518499818172 0.165340565724911 0.149346401380449 0.146014082644365 0.144735548643757 0.142086844884214 0.104374624843305 0.0838754967418722 0.0921290885597389 0.177993816816578 0.298026671849666 0.390429200497051 0.467873628703118 0.514749608437455 0.547738746309261 0.573137516298654 0.631174221537518 0.674684650348793 0.678287317416301 0.685120476455271 0.694101319956213 0.703594454132272 0.707349385867947 0.692456002329711 0.675216457515655 0.656093840403489 0.636704380526373 0.617601501791809 0.599878979947779 0.581737220826813 0.563190775494167 0.546615837542305 0.530223755823983 0.512474362497204 0.494829422082792 0.477305671822159 0.459800894098267 0.44268659182861 0.429078886320207 0.416184756089501 0.404288287268977 0.39323586033487 0.381968157945475 0.361426003393297 0.347492125756896 0.344758405138274 0.347541056141355 0.352726837809384 0.345986493857637
0.0131121410258661 0.0358031845129505 0.0575523545089535 0.0795575699606421 0.104139476995106 0.121482640312986 0.130541169497432 0.133780735518428 0.131162266663918 0.0912057593239264 0.0833353525068351 0.119702689242597 0.11130120159794 0.0874130557340016 0.0697472829288912 0.0522484161017578 0.0350283487404323 0.127454220023643 0.26758045956971 0.315018460038111 0.353495557768127 0.373660110085502 0.433389761762899 0.514745184254115 0.585551502474274 0.635574494263368 0.633830079533004 0.643311652081679 0.660256446536632 0.688127697652345 0.707075786946066 0.69413423737889 0.677238830285316 0.657169984240484 0.638951590036337 0.621184772643021 0.6041891278351 0.586183323314649 0.567202420133492 0.55030901500089 0.533882903119843 0.517634886131888 0.500197554897107 0.48138033703976 0.462909262736054 0.444855076168962 0.429712402138026 0.415687119685325 0.40322408089844 0.391504523002524 0.379950994556787 0.366576709943572 0.355530193727519 0.348428937657416 0.345288364402854 0.343882987905109 0.335276700442327
0.0473617346918133 0.0336124706190621 0.0430499034572899 0.0581649925937223 0.0786634300107439 0.0869926321509119 0.0813943261626368 0.0754160161862554 0.0679142267910132 0.0479695882347176 0.0546102113642262 0.0979044623754624 0.0879806035588832 0.0614595582571382 0.0726280496655567 0.0704313879814517 0.0459095969772285 0.106372251956602 0.203705739830472 0.219726980496574 0.236937884695272 0.256579991207224 0.307642835434321 0.375879847896045 0.497113163172393 0.589929078255909 0.605684907266144 0.617879083828182 0.627705414969302 0.66234039168093 0.689016562122891 0.682951080383761 0.672616158824027 0.65885450614505 0.6412472702488 0.623432712009001 0.607116274994573 0.589467450987166 0.570532485039748 0.553579387587262 0.537130966639201 0.521211822567815 0.50387292150301 0.484886765570334 0.465712057051834 0.446816732135544 0.430946570168672 0.416134092254834 0.402800379927271 0.390299644090979 0.378169831023121 0.367300822701121 0.357416383977001 0.349200660748878 0.342630361479965 0.336787466225608 0.328862987987063
0.0966440400715611 0.0213485487693674 0.01598367038546 0.0244537323748464 0.0302700208497894 0.0332426500574447 0.0329607536799959 0.0180041809177849 0.00273286016807406 0.0200828839886361 0.0444075324164074 0.0783482342044466 0.0696841968303023 0.0497733952536841 0.0941416610013083 0.11335842191737 0.0905621513273191 0.0999239041398686 0.123224792609531 0.114559377227046 0.119297454069898 0.15142697430082 0.176233771354328 0.197038062772078 0.387405375023027 0.541037151375968 0.585643054378797 0.600581722770524 0.595797123199734 0.631426162444975 0.662121999677148 0.665378789734393 0.664692439110448 0.660841251072803 0.643567029176501 0.625017300836994 0.609356391040796 0.592174346244066 0.573523962645687 0.556639724057098 0.540174816712447 0.524002082862375 0.506707375281306 0.488110912048691 0.468363051688553 0.448675642293667 0.432479123261701 0.417050316750036 0.402694861823767 0.389356293107538 0.376505904769132 0.36582594336844 0.35624651553163 0.34853234680486 0.339771012752539 0.330560458829871 0.324583432965816
0.214395841071351 0.072683186923987 0.0344396319474272 0.0193197934593167 0.0155150077438517 0.0134442806022579 0.0133581576147743 0.00711905237314661 0.000756668673940875 0.0081483984308466 0.022457318846505 0.0463031072978943 0.0484757374581593 0.0456981929889654 0.0885084897545203 0.109599686580674 0.0944113352784236 0.10766240321166 0.133339635505541 0.140038510653252 0.149564121239703 0.164866462430508 0.161956146253484 0.149091027472192 0.327732966292347 0.472597271059635 0.513899833157034 0.55817813647558 0.604434761746311 0.631516331707853 0.650020915277913 0.646341908833957 0.647212983629278 0.651736037520891 0.636632271317361 0.619093394339364 0.603360687889873 0.587526420142823 0.571594116130816 0.557592490641723 0.543678090809361 0.527892423978296 0.510744209827206 0.49201511759908 0.471382984339401 0.450805859528176 0.435589675734659 0.420500097490788 0.405587528562044 0.391364774873774 0.377529321579032 0.366168305940539 0.35565911034577 0.346593637276885 0.337558685658886 0.328577775258131 0.325204547539789
0.311124901931419 0.122009206581308 0.0596365455528553 0.0260625767752083 0.00906917021493568 2.33676005284097e-05 7.34790710615901e-05 4.49817131956444e-05 0 0 0.00579030291672822 0.0195638113757049 0.0308805620380634 0.0430716957486059 0.0844252550703045 0.107002147397945 0.0982145266563248 0.113700968754557 0.139870290177413 0.157048099659897 0.170257736798531 0.175357997195391 0.154266334093232 0.118858504876874 0.270382443487079 0.398528950978936 0.449936229493061 0.523044331942788 0.610579500854889 0.632326721863065 0.641230921972433 0.627497810567504 0.627530798922993 0.638612712763268 0.622729057775259 0.604460384364668 0.592747208168871 0.580787495366997 0.568589802856154 0.55763764249355 0.546315067799778 0.531266974950807 0.514483743752487 0.49568734050737 0.47451470197815 0.453381168004214 0.438672256507521 0.423732658335403 0.408470533302968 0.39354761877928 0.378896318958827 0.366910621349139 0.355646184232111 0.345604188437 0.336377020801522 0.327565905706746 0.325499012191333
0.357556822024528 0.164694099999001 0.0987905612522748 0.0590568644271365 0.0205504145069631 0.000100194136840855 0.000315058967733257 0.000192869778040801 0 0 0.00158776870800524 0.00536462564366374 0.0216453110791799 0.0435146144404874 0.0847611670135578 0.108562978429246 0.103225123460386 0.115394148744778 0.135286841060715 0.150478753101033 0.164292624690818 0.175290325960755 0.157879647784319 0.124941317383155 0.216734172610913 0.312213086287253 0.405433556169684 0.505349534612156 0.609716797820671 0.633787392101976 0.639539936981618 0.609141863508413 0.603116751308213 0.616653827210365 0.593181560172697 0.57014477646199 0.5718344101208 0.569501515517703 0.563285708270023 0.555674209581312 0.546955404977124 0.533426144416139 0.517504451904122 0.498806970862339 0.477890285770071 0.456966000584811 0.441640081909359 0.426386773821502 0.411234983798351 0.396034398479703 0.380962887984431 0.368509464077671 0.356928777872617 0.346827266862404 0.337532426214033 0.328638465975493 0.324888535438267
0.409570596996551 0.278126450186754 0.209957057843868 0.152535081251523 0.0825411875988695 0.0445485121829557 0.0431807533680065 0.0327107942431897 0.019783979367706 0.00725934871079824 0.00440805240094476 0.0148935741266944 0.0213335176053056 0.0279264427776318 0.0610311426970933 0.0820044152545065 0.0827133718837431 0.0896647395412552 0.0996337571551992 0.132697880772284 0.160438393611638 0.177299548983043 0.169893294606429 0.149222788403218 0.216381995414526 0.290873660640418 0.375797680591047 0.471847743507855 0.575294583699695 0.612157790422954 0.629054177449253 0.600570500621382 0.573488562621138 0.547531686048975 0.527253865999714 0.51562414371365 0.537160202527302 0.552147401505223 0.560813041252704 0.557446739918815 0.550313055103615 0.535814117184132 0.519625419187628 0.501476198703607 0.481298375387816 0.460988779054946 0.444660256601508 0.429022969559681 0.414352110191382 0.398729919370069 0.382890758904188 0.369300610353144 0.357338264693831 0.34813483005077 0.339877612214071 0.332051918574381 0.324870548022389
0.464973851639671 0.43451890444488 0.36485182135463 0.282741062019129 0.175202951746197 0.115940609978132 0.111929164668389 0.0848848335145362 0.0515814197326762 0.0189268046573466 0.0114928143054937 0.0388309997736228 0.0264403310994456 0.00260368359116484 0.0226875170800381 0.0383708622972579 0.046703639282582 0.0472834627028128 0.0451142036281082 0.108109013699251 0.157865956575752 0.180569928200821 0.187007890664178 0.184555063217321 0.248392900024304 0.308989993701084 0.355189397062579 0.428747443445646 0.520493967941983 0.576507041837807 0.613227951321623 0.597940648192928 0.540694181772109 0.449770517256903 0.439234960324308 0.448834377773211 0.494129629726951 0.531108523586517 0.56005970703655 0.561487865868646 0.555320744007704 0.538341026588759 0.521200035222682 0.503871927824983 0.484726203576019 0.465277492186915 0.447712219446369 0.43164828385744 0.417683392597333 0.40155219454466 0.384734407926318 0.369601297674122 0.357217573307462 0.349493695072093 0.342945270797501 0.336886835388544 0.325212338961075
0.485048384786479 0.493355105567113 0.40975852153127 0.310422546245754 0.228603809766883 0.178172915286709 0.16366493745871 0.179696044737656 0.190945643695202 0.0866361498068218 0.0350208011450736 0.0560559162443802 0.040727904287754 0.0148987577736996 0.0288542258120106 0.0420492207051036 0.0539739225312983 0.0657582517261348 0.0777624556224859 0.116283331380726 0.148583973500626 0.168172915214337 0.180077162395703 0.187781055087409 0.217764264395375 0.244049916725074 0.258876424128541 0.283711164953626 0.315199544791364 0.429001182560326 0.52166041976071 0.522659458001629 0.511565322428372 0.490764982579914 0.484947697797428 0.488131295314163 0.520225013995558 0.544720949281477 0.561882808261087 0.562961602341696 0.558465988368042 0.540946683605669 0.523405299327872 0.50583829757509 0.487711466648433 0.46905884688534 0.447048959405598 0.428978557293205 0.416416014897665 0.39914046164469 0.380209146729042 0.362050811047965 0.34895596389914 0.344443061384555 0.338947431936164 0.332959850563922 0.320207182613892
-9999 0.538188187939921 0.43788074278322 0.327377067133867 0.276098083468612 0.241086409570899 0.2246924288857 0.272443808115348 0.315868286554853 0.166693795504569 0.0836847333518186 0.0918992611003884 0.0690000565089541 0.0373122788900749 0.0429522321257805 0.0503351098315589 0.0606293656502704 0.0791491103997784 0.101229091445215 0.114647459405378 0.131078390960857 0.153665812465882 0.171301079023052 0.186229561832194 0.189891776097784 0.190218360644255 0.183127886994703 0.168107982736693 0.147816461938385 0.303976252413671 0.438905167070808 0.455025115835076 0.480803541494929 0.51433403879258 0.516991255664594 0.51872509047948 0.53562901478358 0.550114999559712 0.562266967678736 0.563933017078302 0.560911927942054 0.54318647297401 0.525453607221138 0.507712143200085 0.49039313664848 0.472489537678453 0.448184665452107 0.428874663480218 0.416548072309507 0.398913297994357 0.379141181315974 0.355375584157322 0.340012391252404 0.338890164361483 0.335159912781881 0.330189104287596 0.316318192480214
-9999 -9999 0.43788074278322 0.33224540651643 0.31379735316868 0.307629462234709 0.315516033881623 0.351477350729882 0.37966376371185 0.271984290681813 0.201544233102589 0.182446896636996 0.135763776310823 0.0819187651056274 0.0717021282363359 0.0632142426891281 0.0576140604522125 0.0668223950647509 0.0824026256094333 0.0788495508914299 0.0911773411177067 0.135959345944308 0.161616195090992 0.176819481875833 0.181376432330149 0.183463705324001 0.180274049380123 0.155664157460719 0.116813738592857 0.263953391071034 0.395295204537347 0.422624203391303 0.444681991517445 0.462509008723728 0.485347454446486 0.504944806421857 0.507698549607728 0.525574383654694 0.55804744461816 0.563930508638828 0.561689391473521 0.544360986395217 0.526935902301465 0.50939864761827 0.4922836172563 0.475005669960607 0.455166153004622 0.437107787057369 0.421539677825355 0.405916889245614 0.389166944149377 0.352648343368374 0.33059686252308 0.333065240173445 0.333266954108761 0.332339745155078 0.316611776345917
-9999 -9999 -9999 -9999 0.327350559214914 0.335825778082769 0.354000758438259 0.397211409787851 0.434806740410476 0.362800438008966 0.313445568066525 0.295320677582446 0.249424219683014 0.194248931040932 0.148417010450797 0.102083509224905 0.0549121685459061 0.0648345674865761 0.0993966499474011 0.0670551145406405 0.0591592605134829 0.101220722560003 0.131689951125707 0.155823015027821 0.168935693555531 0.177516440331962 0.175620929398716 0.154065347410717 0.11943942520874 0.232161599621415 0.333165194648459 0.35433602339456 0.379604600711823 0.408162106585913 0.395231652774086 0.382472434630762 0.396087681912227 0.438817814783872 0.509652301445718 0.541920468392462 0.560362441145698 0.544864890396021 0.528662274218136 0.511641614907401 0.494827937889058 0.477998414187531 0.460496009645237 0.443857847155919 0.428427995789838 0.413218525287633 0.397316141930991 0.367626569999409 0.348621334406441 0.347724638474925 0.343967512446314 0.338845815882916 0.323412330936342
-9999 -9999 -9999 -9999 -9999 0.335825778082769 0.354000758438259 0.418460393089582 0.483587542487257 0.442973612359389 0.420965870636192 0.424610850114019 0.397567775304924 0.356376248503004 0.260400497249052 0.16006329412487 0.0524407291082846 0.0704489133634869 0.142729443595109 0.0729104064004801 0.0329375190227874 0.0539583718822195 0.0868802561008618 0.12630708990349 0.153608615899534 0.172162848611691 0.169644798957288 0.160440865819425 0.146792046825529 0.206422105335598 0.257417413128474 0.259659972750325 0.293236010147557 0.351960874528801 0.262121449752784 0.180078883349391 0.222946700948584 0.306313920161689 0.428774870577117 0.503728312811358 0.557488117487605 0.544875695984846 0.530568115579673 0.514293748768966 0.497853026414685 0.481341610683609 0.464611423787652 0.449517412215314 0.436710964452545 0.420739313355482 0.404085503374406 0.395623608479029 0.386822410308645 0.377446137878335 0.363928070793178 0.34855442967424 0.334997454358525
-9999 -9999 -9999 -9999 -9999 -9999 -9999 -9999 0.48874382755403 0.451448170465426 0.432331106690371 0.438277230278404 0.431099015405515 0.415818689268318 0.342821737783092 0.279912932097709 0.233855348244395 0.191222964055623 0.149764380978222 0.075690257812643 0.0288707105516338 0.0377487501885176 0.0597776687875931 0.0889946874808637 0.129606465108749 0.15979255335433 0.162456468696473 0.148220318670046 0.122748725832119 0.166377872585666 0.204449357063072 0.204882070572666 0.203567741419253 0.200851203612826 0.188390731067307 0.169132452768129 0.127068438189659 0.160383988069171 0.266462796506466 0.377519499666006 0.477550520215753 0.506355558600556 0.51724938052227 0.507361942943182 0.494016662509476 0.479457923733109 0.462682242536559 0.447387019512274 0.43416164957009 0.421226843767069 0.408744543348785 0.40246992264679 0.394916387873392 0.385195262577607 0.374340456763071 0.3629669833588 0.350591751260273
-9999 -9999 -9999 -9999 -9999 -9999 -9999 -9999 -9999 -9999 -9999 -9999 -9999 0.453513509678558 0.41310365329945 0.390517313247873 0.397703344990075 0.300183410195497 0.156889021268349 0.0811372096208221 0.0306635417076668 0.0318484140775209 0.0423397051546872 0.0579177641489616 0.106695801277767 0.145341841548226 0.155180800683317 0.135767155761518 0.0969058961233982 0.127610743522757 0.155637359758493 0.155176777289723 0.12332597422931 0.0662808013543378 0.130093598165889 0.176396985520106 0.0737273205524482 0.0602287534047809 0.132806295786429 0.248973108037105 0.367541703973469 0.446414853616252 0.488958642494115 0.489351755838026 0.483506722524363 0.475076286434568 0.459038695182178 0.444129274944678 0.430797169281853 0.421440228773332 0.413588997379579 0.407034477857154 0.399521322916845 0.390383407492082 0.382690708975939 0.375624798759326 0.365044453457264
-9999 -9999 -9999 -9999 -9999 -9999 -9999 -9999 -9999 -9999 -9999 -9999 -9999 0.45555518064411 0.451313927615371 0.439694824980992 0.41575177473374 0.314822188353418 0.180262498596448 0.0978270537633936 0.0444797508804528 0.0505771195872469 0.0529910809766395 0.0533917396384128 0.0916382029027489 0.126249957918929 0.148112659952608 0.130605131749524 0.0869236237035367 0.0998538001020343 0.112254866533777 0.106795019765562 0.0795013221758771 0.0346833733479413 0.103014686275274 0.167273548267814 0.144311166996165 0.135774735397998 0.14116355149237 0.150348780222157 0.179766326279751 0.323903767334101 0.411800797847504 0.434445612337969 0.451247919478078 0.463719709418342 0.451685688331881 0.440105080054759 0.429158395733379 0.423720571065355 0.420046640880289 0.412408478527854 0.404384179821186 0.395705430967708 0.387577625172545 0.379710313175854 0.373504127598871
-9999 -9999 -9999 -9999 -9999 -9999 -9999 -9999 -9999 -9999 -9999 -9999 -9999 -9999 0.477231811537481 0.470961550753582 0.454217456867862 0.386399474573421 0.295999556241683 0.214689470727829 0.146218841081101 0.103986987314975 0.0783891266139183 0.0618831910580649 0.080420558697107 0.102026741721851 0.128158866797174 0.120578213825306 0.0905847487426394 0.0959851269562056 0.101813857747513 0.0989236758310792 0.0767390297578032 0.0390682910041002 0.0834727964439122 0.134076349058926 0.160230391366101 0.16302897540977 0.143282732343032 0.116064758528038 0.110776508329486 0.244152305991034 0.327969869276431 0.354288125851158 0.376379909370275 0.396092542194592 0.404938269277841 0.411230623314611 0.413953064219742 0.419397992144908 0.425017507988946 0.416233609770388 0.407633151082895 0.399343598184819 0.391856693178247 0.384750402151306 0.380218780422067
-9999 -9999 -9999 -9999 -9999 -9999 -9999 -9999 -9999 -9999 -9999 -9999 -9999 -9999 -9999 0.486367515161041 0.510763482802105 0.508398226989803 0.49352848552604 0.420258953722774 0.325817375171652 0.188108496565157 0.116845974438144 0.081902170066974 0.0726033569325582 0.0732595126868073 0.0967942813631088 0.106243225804191 0.106327681458031 0.113270531308196 0.120543931952412 0.1269260229878 0.11033920008709 0.0753171033642216 0.0706052596280451 0.0795608115930775 0.127741772119452 0.147518827685447 0.139877833073734 0.13875680945245 0.146976346537613 0.202266307878667 0.238229641586456 0.251769503111329 0.263779637448301 0.278635378390931 0.323305425739349 0.36035020469562 0.386733969663775 0.409228246165764 0.428671771481791 0.41868715137749 0.40945295809102 0.401490639197401 0.395597485804888 0.390635807424864 0.385388142783451
-9999 -9999 -9999 -9999 -9999 -9999 -9999 -9999 -9999 -9999 -9999 -9999 -9999 -9999 -9999 -9999 -9999 0.540979285092082 0.558032266037018 0.519018357256062 0.463625005994596 0.37475854459957 0.246327133880057 0.0962700343542064 0.0628705882124271 0.0477881699940742 0.0683335541262068 0.0847587633172732 0.0984448121019065 0.107288887543059 0.115127153805573 0.12110403092549 0.113692599772257 0.0955354655475757 0.072963412572722 0.0604949083817196 0.0936049529415501 0.116835158368026 0.130528438308943 0.157510701512373 0.187968188945445 0.222513050354607 0.241633365256012 0.242857547623901 0.241867877879408 0.244264172759667 0.283141583948853 0.326850383108009 0.377314025779683 0.408947988709649 0.431966389415294 0.422364994688514 0.413873963817941 0.407264853105207 0.401225226993973 0.395446599831868 0.390234594995087
-9999 -9999 -9999 -9999 -9999 -9999 -9999 -9999 -9999 -9999 -9999 -9999 -9999 -9999 -9999 -9999 -9999 -9999 0.591984269752863 0.585431144750998 0.572962923315748 0.548406581384273 0.374989289678819 0.120206531059054 0.0609741956563821 0.0288681959668784 0.0474028435106115 0.0686996465733003 0.0918327762828321 0.101165593974632 0.108094178623682 0.111208704457039 0.111413093906162 0.109281754236686 0.0766511708669645 0.0490706395812158 0.061762330403528 0.0839648780823761 0.115348175763354 0.165650976009851 0.215839449146591 0.241971036541236 0.252674175655667 0.245476655255063 0.234757652683198 0.227132645584825 0.256670065288131 0.303074826347611 0.373062096624179 0.4105544914411 0.434522512140417 0.42618419413112 0.418678852554208 0.412585296069495 0.40632626880502 0.400002501393519 0.395059238591123
-9999 -9999 -9999 -9999 -9999 -9999 -9999 -9999 -9999 -9999 -9999 -9999 -9999 -9999 -9999 -9999 -9999 -9999 0.591984269752863 0.585431144750998 0.577098942448829 0.565131008925646 0.418056885894325 0.197135469741242 0.100048330620921 0.0398159421868187 0.0615932684844977 0.0862190234133376 0.112738460780091 0.115163138616825 0.114583107352234 0.111190507592801 0.107995287416241 0.104958487732145 0.0733682706637938 0.0441892074845198 0.0428878567815961 0.0537254647825192 0.0762807073590916 0.124149098810301 0.173694259626057 0.201851901326243 0.218582730416366 0.222055746526218 0.220603072775458 0.221976791134564 0.261662729816174 0.312451608757267 0.37876369230287 0.412758719333496 0.433701196532509 0.429615416046529 0.423077976438357 0.412385298260042 0.407099522201853 0.404243626576611 0.400063727600169
-9999 -9999 -9999 -9999 -9999 -9999 -9999 -9999 -9999 -9999 -9999 -9999 -9999 -9999 -9999 -9999 -9999 -9999 -9999 -9999 0.560895782385509 0.563897417829525 0.443570581345822 0.25583399961017 0.130255100370205 0.0460275522262832 0.060965245658781 0.0867664204441858 0.119789817204031 0.121208241612295 0.117519906949222 0.106384337342888 0.101080901585349 0.100458443986776 0.0711127946833192 0.0413295767522295 0.0274475801869134 0.0271515714879526 0.0399700024251289 0.0879627431909406 0.139742486716368 0.170402222459708 0.192724839903723 0.205374422619793 0.217537412026337 0.234097067565309 0.291928488126412 0.346678657873235 0.397120879841356 0.419951970627864 0.432112690913616 0.431484834775026 0.426702087555602 0.414877348438714 0.40982362135118 0.407811778017069 0.403998142055089
-9999 -9999 -9999 -9999 -9999 -9999 -9999 -9999 -9999 -9999 -9999 -9999 -9999 -9999 -9999 -9999 -9999 -9999 -9999 -9999 0.558129826294011 0.552712984018552 0.450402215551365 0.29513048211841 0.151024613849856 0.0471986423618047 0.0445664176380298 0.069251076291578 0.112096450556623 0.118789812547496 0.116676287887045 0.096482478491464 0.090445216980041 0.0957702618165365 0.0699507737993515 0.0406216852501408 0.0156622108436881 0.00447877517221293 0.0065932336393269 0.0574335290269378 0.114510707897753 0.148179171716939 0.175629661208996 0.195865825625606 0.226273337127441 0.264603783543091 0.3490916006066 0.407353059678894 0.428947013422492 0.432454881695645 0.429707689236941 0.431692075781072 0.429501377103422 0.420234460125216 0.41462394391771 0.410663704793515 0.406793710015051
-9999 -9999 -9999 -9999 -9999 -9999 -9999 -9999 -9999 -9999 -9999 -9999 -9999 -9999 -9999 -9999 -9999 -9999 -9999 -9999 0.533321006643363 0.533724457058315 0.454834473970234 0.332603727236557 0.17647817568189 0.0607259540589681 0.0506002972644916 0.0718221136634775 0.113884248408519 0.118771427128614 0.116408746298629 0.101278132735467 0.0930373035397047 0.0903263423099254 0.0556797108970946 0.0211681703767935 0.00697248823278329 0 0 0.0595993949002599 0.124196995274955 0.144636814581365 0.155993272510036 0.156810876736651 0.197180843027158 0.252083332552018 0.338284298272276 0.391683434725345 0.399221790590866 0.411343121707645 0.424470273397386 0.426059356816585 0.425335919841404 0.420693066072105 0.419070493754405 0.418751878113792 0.410262244564118
