layers/veg/veg4900.asc
NCOLS 255 
NROWS 330 
XLLCORNER -2985163.8955 
YLLCORNER -3022031.214 
CELLSIZE 25000 
NODATA_value -9999 
[rows 250 to 274 of 330, columns 56 to 111 of 255]
-9999 -9999 -9999 -9999 -9999 -9999 -9999 -9999 -9999 -9999 -9999 -9999 -9999 -9999 -9999 -9999 -9999 0.577461483350733 0.587525481782749 0.604033982786322 0.598207582513742 0.566740300600072 0.51646220379341 0.485335054294942 0.470373123631733 0.46150423819287 0.468849028405325 0.473284866143935 0.472330801290027 0.461103384899163 0.438966353878711 0.433106363199869 0.425357719577057 0.404893343224912 0.397094576932354 0.409367629598705 0.412407459754049 0.410712719531018 0.406871904672867 0.402675043087691 0.397995810052309 0.401985081375479 0.412142906999904 0.418361838789839 0.420204110931207 0.426535067939644 -9999 -9999 -9999 0.404953024236955 0.406450077501762 0.409462605553706 0.41104926478991 0.412111656042448 0.412174423548461 -9999
-9999 -9999 -9999 -9999 -9999 -9999 -9999 -9999 -9999 -9999 -9999 -9999 -9999 -9999 -9999 -9999 -9999 0.60121154710935 0.604892411004751 0.621608075620513 0.617152118204211 0.597909366629988 0.567829592649559 0.528427979005011 0.516490259865055 0.533283634828915 0.516142157210893 0.495404416402079 0.491172851833703 0.477797309859829 0.462839466361268 0.473253863298616 0.469973964460959 0.448892366407183 0.436773606697435 0.429676073802121 0.420703642554546 0.404014877141467 0.385655089061851 0.373915795667114 0.365041204333584 0.377613469585653 0.402008125817203 0.419927790084715 0.428420030557623 0.432299229006049 0.436510697158407 -9999 -9999 -9999 -9999 -9999 -9999 -9999 -9999 -9999
-9999 -9999 -9999 -9999 -9999 -9999 -9999 -9999 -9999 -9999 -9999 -9999 -9999 -9999 -9999 -9999 -9999 0.612021188390797 0.622139204064731 0.632263773981282 0.630300548285173 0.613826604414776 0.589981472508189 0.539069149713311 0.506635183165639 0.532454274155262 0.535356007510661 0.51661886957901 0.500070210068251 0.490476368277669 0.481108016691197 0.485442125861512 0.48325315317242 0.467996858959972 0.452623924155743 0.437332860892456 0.421238835021795 0.405617694540375 0.391761028445135 0.373403822805563 0.358980393514195 0.376871207639687 0.409188855081263 0.427859759814869 0.434804198241584 0.44021865707609 0.445322221205915 -9999 -9999 -9999 -9999 -9999 -9999 -9999 -9999 -9999
-9999 -9999 -9999 -9999 -9999 -9999 -9999 -9999 -9999 -9999 -9999 -9999 -9999 -9999 -9999 -9999 -9999 0.633872401418387 0.633182703919825 0.643297468484301 0.645531003355838 0.618501473516935 0.590717841135199 0.583284008059628 0.569533426173396 0.527948817804412 0.501888564292552 0.521661863156178 0.498363238142451 0.483859852385645 0.487312386849593 0.488972193317279 0.481134443233861 0.469579507461175 0.458279487176806 0.441308326851018 0.428014721419461 0.414363036528872 0.399210902539056 0.384920439473881 0.378516539939481 0.396826907965236 0.424836255551032 0.439570008707568 0.441567211880704 0.446160332200445 0.45383662883372 -9999 -9999 -9999 -9999 -9999 -9999 -9999 -9999 -9999
-9999 -9999 -9999 -9999 -9999 -9999 -9999 -9999 -9999 -9999 -9999 -9999 -9999 -9999 -9999 -9999 -9999 0.662490529349245 0.660349658150402 0.663909168880705 0.658230370553965 0.646275826714468 0.630369647135797 0.607820108068133 0.586276839237587 0.561479833305677 0.53855544583238 0.544110713942837 0.539683503657179 0.51635525338085 0.496413932696616 0.482730386171167 0.469494079093257 0.454072385153789 0.458128829876382 0.444506309793213 0.433033588396633 0.430655967566103 0.42637052972827 0.436392452111219 0.437091838470544 0.435378705609516 0.442218404821355 0.448375866513157 0.452833280486031 0.458318561819783 0.467012620288291 -9999 -9999 -9999 -9999 -9999 -9999 -9999 -9999 -9999
-9999 -9999 -9999 -9999 -9999 -9999 -9999 -9999 -9999 -9999 -9999 -9999 -9999 -9999 -9999 -9999 -9999 0.679874618421058 0.679650162678906 0.678463513762438 0.645230500645209 0.636060878212393 0.629546358297184 0.630518068688147 0.629564377561542 0.607257340724113 0.586408092775632 0.58610291023408 0.574992893574343 0.561295922365858 0.535732123483687 0.509450531025344 0.485093732114892 0.454786827852565 0.438413278850164 0.429209558339857 0.427524708571761 0.426951199795944 0.429466882126804 0.453574792009292 0.465485343850471 0.462430173221942 0.461665884031756 0.468481895659464 0.472507690851323 0.477646611459324 0.483228573128442 0.485555105546801 -9999 -9999 0.474069872595709 0.471166049819848 -9999 -9999 -9999 -9999
-9999 -9999 -9999 -9999 -9999 -9999 -9999 -9999 -9999 -9999 -9999 -9999 -9999 -9999 -9999 -9999 0.664765861759931 0.679442186666135 0.692509617145204 -9999 0.665131953108753 0.670370430021636 0.65101025741831 0.604170820358966 0.609806559959247 0.616264920211314 0.607134402807711 0.604206665970509 0.589737984317826 0.571658725468825 0.553562997464675 0.530619458898841 0.494634882710566 0.456146672189309 0.434333815316176 0.424519723750134 0.434124571946392 0.44437298735184 0.452710195487071 0.471603919596508 0.479916202562933 0.47678233242237 0.476420942475691 0.482177243209524 0.485150020189038 0.487907685198903 0.489121089445438 0.48640335091066 0.48473457423178 0.481941093656233 0.478850525923342 0.480825580610817 -9999 -9999 -9999 -9999
-9999 -9999 -9999 -9999 -9999 -9999 -9999 -9999 -9999 -9999 -9999 -9999 -9999 -9999 -9999 -9999 0.632640149845924 0.655173111609751 0.690874766544093 0.70182900085619 -9999 0.682754979246118 0.635392675279331 0.582734779088924 0.607532230977772 0.634294478122996 0.621482791727577 0.61605343430959 0.611814758609353 0.581888535728811 0.563168554491577 0.562288258750587 0.538243213713471 0.509451333392898 0.48717715628411 0.4813042722674 0.475794104296203 0.463907087801084 0.469171362442375 0.491639960931881 0.507529233774764 0.50559057859836 0.503438584749158 0.506578627606814 0.504954645907049 0.501710528050966 0.499361471656543 0.494773755754436 0.487637246727542 0.486517068573997 0.489141149743807 0.491025882225942 -9999 -9999 -9999 -9999
-9999 -9999 -9999 -9999 -9999 -9999 -9999 -9999 -9999 -9999 -9999 -9999 -9999 -9999 -9999 -9999 0.639559544932131 0.658960881083617 0.691027003534995 -9999 -9999 0.665780645517964 0.688204802205822 0.659180209980773 0.626079611784518 0.648243809035217 0.619936611111393 0.611935024309949 0.627296181135726 0.606853192778341 0.593839058481917 0.58973427344386 0.560148507981027 0.521830228893408 0.489365463558884 0.489776449527903 0.486084546554102 0.480629280049158 0.491455540065636 0.521249144289036 0.549087344192138 0.541137509141999 0.529391149576457 0.524803161336606 0.519514282301553 0.512483919286854 0.513324047893827 0.514584991467093 0.509766513217448 0.503683739770914 0.496525843211245 0.49747005399576 -9999 -9999 -9999 -9999
-9999 -9999 -9999 -9999 -9999 -9999 -9999 -9999 -9999 -9999 -9999 -9999 -9999 -9999 -9999 -9999 0.674148714429976 0.678577099461108 0.69960445024482 -9999 0.669695151069969 0.656447203001757 0.630282978620146 0.601303263436136 0.59504115250208 0.602182088755379 0.602278861060749 0.607572829391746 0.615016414102546 0.593923785797529 0.584467184956651 0.59251779566257 0.570386003720694 0.543081922640653 0.535522722848132 0.51239189303145 0.503863609956954 0.520246159103654 0.534408836465877 0.555536981243343 0.564661252322091 0.555223153885085 0.540538798277439 0.5304459374084 0.524631771311656 0.521698670646784 0.521183121768665 0.515718985006035 0.510593924503712 0.510271122231532 -9999 -9999 -9999 -9999 -9999 -9999
-9999 -9999 -9999 -9999 -9999 -9999 -9999 -9999 -9999 -9999 -9999 -9999 -9999 -9999 -9999 -9999 0.709512601546453 0.708114409104647 0.706194413009665 -9999 0.692684563455439 0.679741398665393 0.645536017826315 0.617561568072239 0.607622071403524 0.620482407725443 0.633690052876564 0.624977667564595 0.634975179109252 0.620531535196485 0.583379943573893 0.5617758259438 0.569122659092208 0.57271803146015 0.563174690550701 0.55288541928799 0.550117377931769 0.563790424820634 0.569827648156408 0.573096310563199 0.566964101356296 0.556651404585047 0.544564067445812 0.537981213234185 0.534309985581088 0.532391138653997 0.530237939026654 0.526909125754914 0.525799437955992 -9999 -9999 -9999 -9999 -9999 -9999 -9999
-9999 -9999 -9999 -9999 -9999 -9999 -9999 -9999 -9999 -9999 -9999 -9999 -9999 -9999 -9999 -9999 0.71029665194948 0.708498418244792 0.709879201504547 -9999 0.706096323221337 0.68590224028108 0.655619267269358 0.624987371098479 0.592296839908887 0.610620839931854 0.639619650175808 0.608558273617968 0.606427890441552 0.616010418032219 0.599011379567935 0.585862307163454 0.585487122929241 0.581828938480243 0.57173014880015 0.589884420603497 0.593339873201522 0.586867240399222 0.577397028884399 0.568942039434413 0.563622154706106 0.558099912329799 0.553356516975768 0.552759273448934 0.541786001231318 0.528099645972283 0.52637541090723 -9999 -9999 -9999 -9999 -9999 -9999 -9999 -9999 -9999
-9999 -9999 -9999 -9999 -9999 -9999 -9999 -9999 -9999 -9999 -9999 -9999 -9999 -9999 -9999 -9999 -9999 0.715776033538671 0.717363126311972 -9999 0.72285828017028 0.680081247767272 0.668612957227697 0.672584164713188 0.603441662247321 0.604591955485752 0.621249130480206 0.607344726127425 0.616884584609867 0.617561202964835 0.606708794180894 0.603203072399651 0.592627793571244 0.58318239528421 0.580893519378428 0.596393532524835 0.600479449505287 0.590323417814954 0.577560132296594 0.570594383368273 0.565342012463123 0.560975370622325 0.559163536988772 0.554612873948541 0.539790575232134 0.539282406112608 -9999 -9999 -9999 -9999 -9999 -9999 -9999 -9999 -9999 -9999
-9999 -9999 -9999 -9999 -9999 -9999 -9999 -9999 -9999 -9999 -9999 -9999 -9999 -9999 -9999 -9999 -9999 -9999 -9999 -9999 0.730971974422048 0.694075600215593 0.672461396716696 0.673307748988621 0.64131000227384 0.627780524349882 0.624751619799231 0.62370385099052 0.622353632709528 0.627988637217539 0.622306745849485 0.623270205866274 0.614878785297329 0.614416514141016 0.627938252412061 0.620765029693409 0.610102637525077 0.600282655381888 0.592244162272193 0.58203760134944 0.570590985218697 0.56477146750812 0.555628795705946 0.545278558682584 0.539556552250003 0.541394931160056 0.54931623140884 -9999 -9999 -9999 -9999 -9999 -9999 -9999 -9999 -9999
-9999 -9999 -9999 -9999 -9999 -9999 -9999 -9999 -9999 -9999 -9999 -9999 -9999 -9999 -9999 -9999 -9999 -9999 -9999 -9999 0.733696408080918 0.724606813413905 0.700866921857378 0.663469389142266 0.620993414168856 0.630927562447238 0.650476825444246 0.641004301961781 0.641061621367195 0.638920333849837 0.624139886535471 0.6265270278671 0.624164300609814 0.622960937682717 0.631662129194515 0.620712416998658 0.602417000441772 0.595288329296691 0.596156232958807 0.592185307632263 0.583287377661577 0.572660344636334 0.560667319191818 0.548464990014471 0.543137162866011 0.547583175385752 0.557695544929828 -9999 -9999 -9999 -9999 -9999 -9999 -9999 -9999 -9999
-9999 -9999 -9999 -9999 -9999 -9999 -9999 -9999 -9999 -9999 -9999 -9999 -9999 -9999 -9999 -9999 -9999 -9999 -9999 -9999 0.72637311544034 0.716103982640694 0.735301416007933 0.71901654475393 0.668649844228345 0.675346162658428 0.672292866818448 0.672130310574504 0.672160971527566 0.657550752544961 0.637396285230142 0.61949343282664 0.612876606457898 0.620413009468882 0.628246857944192 0.616552026669093 0.599588395275253 0.596228775441754 0.595826072586141 0.591895647283171 0.580834967667318 0.570453860082575 0.556925638947126 0.549374472219753 0.546325738107725 0.552302143741135 0.561528509937827 -9999 -9999 -9999 -9999 -9999 -9999 -9999 -9999 -9999
-9999 -9999 -9999 -9999 -9999 -9999 -9999 -9999 -9999 -9999 -9999 -9999 -9999 -9999 -9999 -9999 -9999 -9999 0.773935034281117 0.762316442523432 0.749463370070903 0.729829641867665 0.714761025114153 0.712153501168249 0.689589574321554 0.692257970560125 0.709762658129572 0.696376465922081 0.695123302339175 0.693410893870994 0.674889817458973 0.656811890350164 0.635067938788252 0.632426020077116 0.638167059763317 0.614323099983171 0.605875977767769 0.613112174249047 0.609644677813334 0.598287636971207 0.587902683142138 0.57564522278258 0.55953472449035 0.555940113814532 0.560071736988525 0.568199356768606 -9999 -9999 -9999 -9999 -9999 -9999 -9999 -9999 -9999 -9999
-9999 -9999 -9999 -9999 -9999 -9999 -9999 -9999 -9999 -9999 -9999 -9999 -9999 -9999 -9999 -9999 -9999 -9999 0.778519409648747 0.786679690555034 0.785166448098949 0.762709123440809 0.748682749030206 0.745352702542657 0.730798297599821 0.729982847075501 0.721554145313067 0.71310552209272 0.720659400048654 0.717815507354448 0.701994265188044 0.676369331281957 0.645946538241981 0.644539669750688 0.655875480760417 0.643873988868749 0.63258047838675 0.621363409783307 0.610790558035704 0.601779963552488 0.586520254380733 0.573211069172459 0.580163234112352 0.585577032057773 0.583250843731533 0.582002343509664 -9999 -9999 -9999 -9999 -9999 -9999 -9999 -9999 -9999 -9999
-9999 -9999 -9999 -9999 -9999 -9999 -9999 -9999 -9999 -9999 -9999 -9999 -9999 -9999 -9999 -9999 -9999 -9999 0.766573376619418 0.788195733276511 0.785593364491215 0.759031365007117 0.742454537852691 0.73735501305719 0.743593982544192 0.736826574842195 0.714849921296796 0.698231430896303 0.717846373110231 0.726147026628052 0.704948715767706 0.675281986454753 0.654068726246583 0.654631243138977 0.656261841085074 0.645231850779144 0.636031985162502 0.618266498788173 0.6056427727178 0.599899197839038 0.58369879421765 0.579434331504272 0.593719711911727 0.592532878527662 0.583887979234245 0.577212086507585 -9999 -9999 -9999 -9999 -9999 -9999 -9999 -9999 -9999 -9999
-9999 -9999 -9999 -9999 -9999 -9999 -9999 -9999 -9999 -9999 -9999 -9999 -9999 -9999 -9999 0.753277090563106 -9999 0.766743477252883 0.779339494387819 0.797169729340536 0.771891617946758 0.761898580240421 0.747905078367324 0.743730385006442 0.746049983642632 0.74563618225717 0.74004757226037 0.736786444617484 0.736807944133065 0.728728260214533 0.714106403040939 0.697235069512239 0.671924827097784 0.661507832177775 0.659396083214402 0.64088770601507 0.624482636419033 0.61102334753678 0.607578324828441 0.595961935711646 0.591115805620831 0.602191992765883 0.607765476845837 -9999 -9999 -9999 -9999 -9999 -9999 -9999 -9999 -9999 -9999 -9999 -9999 -9999
-9999 -9999 -9999 -9999 -9999 -9999 -9999 -9999 -9999 -9999 -9999 -9999 -9999 -9999 -9999 -9999 -9999 0.779960490541817 0.782421731839518 0.783071849004515 0.790049932013606 0.76367719979751 0.740135971135126 0.739217874822256 0.737939337260549 0.759302873532034 0.77285635142119 0.746683756639097 0.736963074919682 0.729251530272672 0.71902491933048 0.704862922839431 0.67794599821986 0.667282824123905 0.673235741869641 0.657290350685467 0.63675509483625 0.61970369236269 0.598216453704111 0.595153865867521 0.608456544609923 -9999 -9999 -9999 -9999 -9999 -9999 -9999 -9999 -9999 -9999 -9999 -9999 -9999 -9999 -9999
-9999 -9999 -9999 -9999 -9999 -9999 -9999 -9999 -9999 -9999 -9999 -9999 -9999 -9999 -9999 -9999 -9999 0.765635676197933 0.778765037787642 -9999 0.802538606781975 0.790752360190377 0.768683667143931 0.774820843897426 0.763161030582978 0.746024934118698 0.744466858813597 0.740290142979897 0.736570227184734 0.731436589008451 0.717499597684017 0.702861412709704 0.678248020572708 0.666742377356971 0.674960688357584 0.6573268302548 0.629546213468026 0.600243401317763 0.587117078230677 0.594856566275477 -9999 -9999 -9999 -9999 -9999 -9999 -9999 -9999 -9999 -9999 -9999 -9999 -9999 -9999 -9999 -9999
-9999 -9999 -9999 -9999 -9999 -9999 -9999 -9999 -9999 -9999 -9999 -9999 -9999 -9999 -9999 -9999 -9999 0.772000652911266 0.786854325179913 -9999 0.777582583855079 0.772107394023891 0.768612363458721 0.77335868353312 0.781406175843286 0.765983815943294 0.739749013868205 0.730858456398082 0.728294153403757 0.723565672819476 0.711621770549448 0.697511524940503 0.678038736124854 0.663229938121978 0.658263974858783 0.640452201309915 0.610943236242669 0.595886696424088 0.603261618390922 0.613900368586797 -9999 -9999 -9999 -9999 -9999 -9999 -9999 -9999 -9999 -9999 -9999 -9999 -9999 -9999 -9999 -9999
-9999 -9999 -9999 -9999 -9999 -9999 -9999 -9999 -9999 -9999 -9999 -9999 -9999 -9999 -9999 0.774167636858908 0.755929690793739 0.759367654842843 0.768807154386677 -9999 0.806716015953031 0.754913726701315 0.716779247007024 0.719291860573333 0.701045086330148 0.696012629353415 0.723835703718325 0.71262558634706 0.705816161429404 0.703342472714695 0.692783795160418 0.682412122313052 0.672938815935234 0.661983667196002 0.644727255188951 0.623927065718189 0.626248733487408 0.635193347831514 0.626888662409119 0.622176674727184 -9999 -9999 -9999 -9999 -9999 -9999 -9999 -9999 -9999 -9999 -9999 -9999 -9999 -9999 -9999 -9999
-9999 -9999 -9999 -9999 -9999 -9999 -9999 -9999 -9999 -9999 -9999 -9999 -9999 -9999 0.781238541057842 0.773870870551624 0.756448874313353 0.750146591784836 0.776602846424644 0.813766374863183 0.791390771929882 0.736551648594028 0.743700582967683 0.745449821220801 0.698848852732513 0.685328626744854 0.685701997550731 0.691520246085525 0.693658989310689 0.693623519489475 0.685787658708109 0.672335879950074 0.6604677588178 0.651858854557179 0.638011741160368 0.625938957341848 0.633988841891103 0.635425311884325 0.624131350418052 0.607493037813742 -9999 -9999 -9999 -9999 -9999 -9999 -9999 -9999 -9999 -9999 -9999 -9999 -9999 -9999 -9999 -9999
