layers/veg/veg4200.asc
NCOLS 255 
NROWS 330 
XLLCORNER -2985163.8955 
YLLCORNER -3022031.214 
CELLSIZE 25000 
NODATA_value -9999 
[rows 175 to 199 of 330, columns 57 to 113 of 255]
-9999 -9999 -9999 -9999 -9999 -9999 -9999 -9999 -9999 -9999 -9999 -9999 -9999 -9999 -9999 -9999 -9999 -9999 -9999 -9999 -9999 0.535289353909318 0.391147005938628 0.168218317678107 0.206369059478927 0.221901790471815 0.155718740274064 0.0906240494906981 0.0262529180363633 0.0107733665707687 0.00194265827468768 0.000598491969862061 0 0 0 0 0 0 0 0.0388151411120841 0.0999897916305625 0.24516035267447 0.320075383082574 0.313477333878361 0.321526425300856 0.334667203784525 0.356757901070794 0.37216450864965 0.378225979742301 0.378379796586908 0.376394380333731 0.374239489189211 0.373474773035843 0.375066219976353 0.374242977160316 0.37231301025325 0.367972949372651
-9999 -9999 -9999 -9999 -9999 -9999 -9999 -9999 -9999 -9999 -9999 -9999 -9999 -9999 -9999 -9999 -9999 -9999 -9999 -9999 -9999 -9999 0.392946452838252 0.172800765844015 0.179319116333662 0.174778311556254 0.121063451177486 0.0672716645953685 0.0134287362016898 0.00410733442504722 0 0 0 0 0 0 0 0.000302640043151742 0.000897415970453672 0.0243858157400459 0.0709760173703916 0.225620154365728 0.304207723275728 0.294551633170216 0.314493394218794 0.341581451052263 0.358143248735566 0.368646371190414 0.370678759496866 0.370463900867359 0.369312813335341 0.365911019040944 0.363587216473402 0.363090467577871 0.358708485794557 0.352570977130815 0.346063412051409
-9999 -9999 -9999 -9999 -9999 -9999 -9999 -9999 -9999 -9999 -9999 -9999 -9999 -9999 -9999 -9999 -9999 -9999 -9999 -9999 -9999 -9999 0.200055023630601 0.188976108050729 0.164963374594069 0.134670397640274 0.0896419787749074 0.0460691603149247 0.0034640490652055 0 0 0 0 0 0 0 0 0.00432760548601566 0.0128326120910118 0.0200882000863719 0.0486480213800909 0.20449023219069 0.286374053109281 0.282448599388449 0.308772265399386 0.341652800755255 0.356977438714142 0.36506566717109 0.363036551692526 0.362170757218608 0.361542652198619 0.357671189012452 0.353795771417627 0.349913651622147 0.341951009532786 0.332163372760672 0.324601177961877
-9999 -9999 -9999 -9999 -9999 -9999 -9999 -9999 -9999 -9999 -9999 -9999 -9999 -9999 -9999 -9999 -9999 -9999 -9999 -9999 -9999 -9999 0.211388491680809 0.217837770982214 0.173240940375979 0.124333232066791 0.0692371830234202 0.0303667395748139 0.00228334693140467 0 0 0 0 0 0 0 0 0.0223065735490045 0.066145494629536 0.0722878453403498 0.0877963075140214 0.205172074244061 0.276572502411896 0.29463063284873 0.31701215608343 0.339422842206038 0.351057651776181 0.357200091704759 0.355663558702109 0.352889607930403 0.349804023638458 0.349118676682519 0.344839063839814 0.334467644795813 0.325212953034419 0.316489901129354 0.311640036572855
-9999 -9999 -9999 -9999 -9999 -9999 -9999 -9999 -9999 -9999 -9999 -9999 -9999 -9999 -9999 -9999 -9999 -9999 -9999 -9999 -9999 -9999 0.261060786764802 0.253530883636411 0.190048894060224 0.127608395783323 0.073021077553833 0.0329299311386018 0.0024760793641164 0 0 0 0 0 0 0 0 0.0272639787407326 0.0808456464823299 0.0994514413406953 0.12080520269978 0.201603326062497 0.259742251858187 0.291591133887686 0.313909048146037 0.332674829222866 0.343441381749612 0.34883104659928 0.346703195764265 0.34348288776594 0.339928793959976 0.337446643490773 0.331318310873234 0.319010180844469 0.308844181535311 0.299717844785254 0.300786521623955
-9999 -9999 -9999 -9999 -9999 -9999 -9999 -9999 -9999 -9999 -9999 -9999 -9999 -9999 -9999 -9999 -9999 -9999 -9999 -9999 -9999 -9999 0.276564529869201 0.293012515002312 0.214514656906208 0.143103475070304 0.0985193860325883 0.0518903340422523 0.00390175687821323 0 0 0 0 0 0 0 0 0.0205318049124462 0.0608827881425786 0.104139941302821 0.148302709096577 0.19421878319298 0.236602271574587 0.274887122624704 0.300623224046222 0.321870916433764 0.334302162955952 0.340010032080515 0.33631783594871 0.333963441449083 0.331726354920262 0.322974187187049 0.313700371589589 0.303542431724636 0.292806920640762 0.281959578649194 0.291825042681797
-9999 -9999 -9999 -9999 -9999 -9999 -9999 -9999 -9999 -9999 -9999 -9999 -9999 -9999 -9999 -9999 -9999 -9999 -9999 -9999 -9999 -9999 0.297057605707988 0.297049749045494 0.230550977048216 0.163979630527199 0.103415169621721 0.0509352016500989 0.00382993821584627 0 0 0 0 0 0 0 0 0.00969783313786245 0.0287569029070914 0.0765384903531422 0.133244972625421 0.207129053116016 0.248218610992964 0.251258744028024 0.28388428040986 0.321452269113586 0.328461085591834 0.332240142361791 0.331503618609518 0.326384957627673 0.319445482202713 0.308203418393589 0.297301846976905 0.286977365217222 0.280342731980806 0.275488769355879 0.286780823734786
-9999 -9999 -9999 -9999 -9999 -9999 -9999 -9999 -9999 -9999 -9999 -9999 -9999 -9999 -9999 -9999 -9999 -9999 -9999 -9999 -9999 -9999 0.299947387612713 0.296010236785872 0.241668223514425 0.179765240880044 0.103365231760328 0.0468377454524819 0.00352184079852744 0 0 0 0 0 0 0 0 0.000842613045208888 0.00249859336460614 0.0451957853176133 0.105222564342879 0.21680734868277 0.262914239851599 0.233051244086292 0.270943460347076 0.322343001910954 0.323680752243857 0.324777719049303 0.325538042418439 0.316235402450943 0.303387809558593 0.292018182886288 0.281331926187716 0.27180389138338 0.269680979511625 0.270972512950706 0.282503727900113
-9999 -9999 -9999 -9999 -9999 -9999 -9999 -9999 -9999 -9999 -9999 -9999 -9999 -9999 -9999 -9999 -9999 -9999 -9999 -9999 -9999 -9999 0.303702217855141 0.305572238844008 0.235468040546836 0.164342971114698 0.097328498889619 0.0453663378827176 0.00341120218515278 0 0 0 0 0 0 0 0 0.00601184068044101 0.0178268605246853 0.0250608938629851 0.0507182060031765 0.190771820727748 0.2606796217874 0.249201640944987 0.280758046009596 0.320173806390019 0.321240120104196 0.317903865608657 0.308412307607239 0.291055562710367 0.27177920650811 0.268851022919241 0.266414051789612 0.264809620933748 0.264908344207157 0.265859239198644 0.278475429714006
-9999 -9999 -9999 -9999 -9999 -9999 -9999 -9999 -9999 -9999 -9999 -9999 -9999 -9999 -9999 -9999 -9999 -9999 -9999 -9999 -9999 -9999 0.300760169215462 0.303789975330904 0.214332905522545 0.131226320127477 0.0728493582860899 0.0318466469974033 0.00239462466880573 0 0 0 0 0 0 0 0 0.00856882081018398 0.0254090521628668 0.0194160982521095 0.0321674933646972 0.183767577749358 0.264982817123686 0.264534941538861 0.284415327587591 0.306824325829066 0.30033909800832 0.293047915936536 0.284629915882457 0.269827956882098 0.253723450367296 0.255450039434974 0.25729788716872 0.259351252334173 0.260887477344765 0.262271079570038 0.274890793935554
-9999 -9999 -9999 -9999 -9999 -9999 -9999 -9999 -9999 -9999 -9999 -9999 -9999 -9999 -9999 -9999 -9999 -9999 -9999 -9999 -9999 -9999 0.295317724138579 0.289930315195431 0.177085047148766 0.0790199078617432 0.0284734404736867 0.00532854438885789 0.000400665848540534 0 0 0 0 0 0 0 0 0.00830755142586486 0.0246343122585343 0.0294040883878215 0.0524057332712256 0.197295428121492 0.276339398251415 0.278986709603205 0.281429739679565 0.281412882221009 0.259521898400863 0.248791800751887 0.253665922845943 0.252864258390103 0.250289319526945 0.252585393747568 0.25444095553628 0.255549906904675 0.2576776634328 0.260328304664084 0.271784807811147
-9999 -9999 -9999 -9999 -9999 -9999 -9999 -9999 -9999 -9999 -9999 -9999 -9999 -9999 -9999 -9999 -9999 -9999 -9999 -9999 -9999 -9999 0.343080960323592 0.280350729933297 0.188019503492072 0.10190786393529 0.0343382060281751 0.0047286350163771 0.000355557244720879 0 0 0 0.00754647627508066 0.021149893549225 0.0200347827425414 0.0229789838119318 0.0522378829967659 0.0585955014727584 0.0428467066057732 0.0874604441965307 0.148888420122363 0.234954076382011 0.278758212876689 0.273528962334589 0.262929183725286 0.250929411363277 0.239899152318177 0.236586014643026 0.244062312125038 0.247281297058697 0.24894881746754 0.250318553718199 0.25114782841103 0.251061092109331 0.252965570993865 0.255817450928868 0.265498133663614
-9999 -9999 -9999 -9999 -9999 -9999 -9999 -9999 -9999 -9999 -9999 -9999 -9999 -9999 -9999 -9999 -9999 -9999 -9999 -9999 0.375305160235001 0.380433673758726 0.339294100442812 0.27286499018215 0.208188266856242 0.137063146811091 0.0494083411017011 0.0092605944677874 0.000696325988798058 0 0 0 0.0179403430348296 0.0502799361704971 0.0481213040546864 0.0534788988976881 0.112039985200547 0.118142628051006 0.0736075773579635 0.154340353500609 0.249068915668743 0.271585789370745 0.276394626881076 0.260657942198256 0.240895931865713 0.222513637574844 0.226973011767362 0.23242869713995 0.239277341668988 0.243889115022647 0.247507605241625 0.247790159975986 0.247540742658741 0.246389702939318 0.248092262452771 0.251114645981162 0.258647079520695
-9999 -9999 -9999 -9999 -9999 -9999 -9999 -9999 -9999 -9999 -9999 -9999 -9999 -9999 -9999 -9999 -9999 -9999 -9999 -9999 0.372977469658177 0.371021412563062 0.338745371212006 0.289896819208794 0.206624076542661 0.122324523642603 0.0386241453304996 0.00334284822397256 0.000251356659991578 0 0 0 0.0354953644892545 0.0994799629752564 0.0989321621750737 0.0971176042890703 0.129825270252229 0.151656102759421 0.16298761956033 0.196606043944995 0.232555108201038 0.254715871234913 0.25491691677807 0.229639481354881 0.221644099029985 0.219307406308039 0.224353631650011 0.228186645579037 0.230323448544881 0.235436129540127 0.241336942899433 0.242155900743089 0.242393344302165 0.241645197914208 0.244851970255828 0.249834113205827 0.253571606629484
-9999 -9999 -9999 -9999 -9999 -9999 -9999 -9999 -9999 -9999 -9999 -9999 -9999 -9999 -9999 -9999 -9999 -9999 -9999 -9999 0.361129913306749 0.361912088890543 0.337619136152644 0.299620443078353 0.201870227908325 0.108300830546776 0.0309062330830349 0 0 0 0 0 0.0413616919056998 0.115921040354963 0.132922177472009 0.142559144872613 0.156547667197027 0.180586399826643 0.214326515798758 0.211105619308576 0.205117450602604 0.228475911455331 0.230591371924086 0.208059913270138 0.208329531273535 0.214811633302714 0.219623752762362 0.222273659951165 0.221900542365061 0.22660154847661 0.232791406856523 0.232904979126614 0.233254025998067 0.234002171233974 0.237223708940679 0.241568184589371 0.246892593022973
-9999 -9999 -9999 -9999 -9999 -9999 -9999 -9999 -9999 -9999 -9999 -9999 -9999 -9999 -9999 -9999 -9999 -9999 -9999 -9999 0.360496733339704 0.359351759226016 0.335743157096261 0.29985622686977 0.192975421624228 0.0952052917721059 0.0271691077842307 0 0 0 0 0 0.0320532318919957 0.0898329786927061 0.145074619348643 0.190341207051104 0.194872624083665 0.203566609892379 0.216278688274347 0.189557977357441 0.163497960276406 0.190071342892804 0.202568640126727 0.198734339577137 0.202722987630108 0.208641719311173 0.212153929608333 0.214191392691529 0.214166987277977 0.217271562895951 0.22116270314195 0.218958744013261 0.218932217978271 0.222596153595531 0.223898789093577 0.224233501443108 0.238131790859829
-9999 -9999 -9999 -9999 -9999 -9999 -9999 -9999 -9999 -9999 -9999 -9999 -9999 -9999 -9999 -9999 -9999 -9999 -9999 -9999 0.346030139629457 0.346798292220706 0.313267345363966 0.260988955033546 0.168940942152473 0.0847456555635625 0.0241842003463752 0 0 0 0 0 0.024697286214965 0.0692170697105478 0.130912251211958 0.18280792923536 0.18252586575772 0.18567406404617 0.192133465120171 0.162255153634434 0.134749305389645 0.16615464932041 0.184541662065742 0.187824322787338 0.195669887167378 0.204018416307441 0.205293077424572 0.205218468897022 0.20325742413983 0.207078336817566 0.212718533873775 0.213625790022325 0.215118313963005 0.217602789550513 0.219731762031332 0.221774014333366 0.234074593303332
-9999 -9999 -9999 -9999 -9999 -9999 -9999 -9999 -9999 -9999 -9999 -9999 -9999 -9999 -9999 -9999 -9999 -9999 -9999 -9999 0.283104308726502 0.316442404644295 0.281935327200932 0.210344956813419 0.138694059989718 0.0726241963081072 0.0207250519431337 0.000429142798450184 0.00114358682294892 0.00235373864661499 0.00337737220184639 0.00365814406841375 0.021078364158047 0.0522550214058302 0.108297736626798 0.156085113533117 0.153489121889079 0.155140918796726 0.16089307020904 0.135673235103057 0.113604272794498 0.148409338804161 0.169893400037909 0.175921936091097 0.187495125504599 0.199252688470828 0.198528535073587 0.196356193398146 0.192159115713776 0.197437913328935 0.205947636726579 0.211151858043825 0.214471287057888 0.214596241928299 0.218205057129353 0.223405179132026 0.231323635234523
-9999 -9999 -9999 -9999 -9999 -9999 -9999 -9999 -9999 -9999 -9999 -9999 -9999 -9999 -9999 -9999 -9999 -9999 -9999 -9999 0.268875619626883 0.258907206619718 0.223141619567853 0.173275631340234 0.0921326551672727 0.0275385029516663 0.00785877067318005 0.00645904120558642 0.0172121597712193 0.0354261913763239 0.0508329308964514 0.0550588367303076 0.0578790825066395 0.0595711196034743 0.0879421741182017 0.115544238442087 0.123391787209301 0.134478348299245 0.148691500698191 0.143119099011116 0.136636131808296 0.149231431992519 0.156581530447088 0.157845950773507 0.170869537666518 0.186012155171333 0.19041590987682 0.192747997858724 0.192183654294485 0.198704859886601 0.207392023270329 0.209145647954762 0.210205085764612 0.210087968461213 0.211962103378857 0.214791200170098 0.225499604981334
-9999 -9999 -9999 -9999 -9999 -9999 -9999 -9999 -9999 -9999 -9999 -9999 -9999 -9999 -9999 -9999 -9999 -9999 -9999 -9999 0.135844641937964 0.173255864196729 0.167039027750377 0.136975659540681 0.0615492623966805 0.00548567966001053 0.00279021300961946 0.0114235602161923 0.0275884901377499 0.0537758145059111 0.0767538096931069 0.0865237008639961 0.0786895412942884 0.0567260460195959 0.0704956842350656 0.0881825378277842 0.100391757123402 0.116127297343941 0.135266765446828 0.142236829409394 0.146349077280968 0.148634254874445 0.149109315513457 0.147484211139385 0.160437219037029 0.17648155282772 0.183439978810633 0.18812137683416 0.189619224367669 0.197732000473013 0.207635311022745 0.206932082693493 0.206123975019007 0.205138110699408 0.205886824544835 0.207494913458688 0.219797182969046
-9999 -9999 -9999 -9999 -9999 -9999 -9999 -9999 -9999 -9999 -9999 -9999 -9999 -9999 -9999 -9999 -9999 -9999 -9999 0.123552894956486 0.123590306666823 0.123704173134512 0.115159864249443 0.101883108868012 0.05604170922785 0.0195805669495222 0.00995937714638204 0.014716076303298 0.0290314337042953 0.0490194772482723 0.0688782326325613 0.086701341225467 0.0744049392796603 0.0379340628369192 0.0576146833695364 0.0815041903233381 0.0885302135415454 0.101403937561225 0.119922397902288 0.128284414448186 0.135159363615373 0.145809679601952 0.150801835406549 0.149229183327705 0.159724596749061 0.172773303933422 0.178247971777184 0.18189644220031 0.182991675773896 0.193243996929354 0.205993598279503 0.204393094906443 0.202333344770611 0.199495231996757 0.200074694173656 0.202266608634588 0.214285612530359
-9999 -9999 -9999 -9999 -9999 -9999 -9999 -9999 -9999 -9999 -9999 -9999 -9999 -9999 -9999 -9999 -9999 -9999 0.128930732685467 0.128421674447585 0.123711944490564 0.110417700911846 0.0939148616292311 0.0756582454965881 0.0473979140384681 0.0238314640846941 0.0131099032741651 0.0176048045093442 0.0322158612373802 0.0561935241056752 0.078622067832937 0.0933827877457078 0.0805571223094978 0.0455901153589758 0.0677217225595205 0.0916272616488562 0.0877571450756557 0.0940860110843551 0.110259869060961 0.118480131862053 0.12552144487278 0.135434200962608 0.143763172758897 0.150254579113156 0.15793797565623 0.165510220533809 0.169026305443175 0.171488132564068 0.172475984415898 0.185233855574804 0.201235979202208 0.199407062523301 0.197196114820762 0.194337674964839 0.195222021701127 0.197825011259215 0.204610995487195
-9999 -9999 -9999 -9999 -9999 -9999 -9999 -9999 -9999 -9999 -9999 -9999 -9999 -9999 -9999 -9999 -9999 -9999 -9999 0.134319291678976 0.128853125368023 0.112216274392278 0.0855935888545571 0.0535127754942084 0.0375538104588536 0.0238930797756017 0.0145643079901656 0.0202432328969156 0.0358995226386541 0.0677483391414381 0.0949242211335135 0.102412058453282 0.0908890483474056 0.0641075815788409 0.0869862486486154 0.108195091872174 0.091621832969051 0.0901529711729907 0.10326425666172 0.110505609955904 0.116463470984157 0.122100616919072 0.133167989907369 0.150535714285931 0.15546725267928 0.15688287271571 0.158048531547609 0.159185244227193 0.160281486811972 0.175641333250373 0.194969878061347 0.193352366476607 0.191543712953115 0.189411099075966 0.19075695671343 0.193649161003939 0.193337619003517
-9999 -9999 -9999 -9999 -9999 -9999 -9999 -9999 -9999 -9999 -9999 -9999 -9999 -9999 -9999 -9999 -9999 -9999 -9999 -9999 0.129985056656704 0.116793357382037 0.0866066249979131 0.0471306276569648 0.0314940040819953 0.0195513746568629 0.0147646556333712 0.0196722585837919 0.0310248070275428 0.0577564071406141 0.0828241019686861 0.0981381314965067 0.0957828400471118 0.07924582579738 0.0923887201702186 0.105049048844883 0.0973144100619015 0.0985413329177441 0.108418775729439 0.106874549119673 0.104994119147394 0.115245151778614 0.124812254826662 0.133585837335364 0.143751694572143 0.15240009166631 0.143677213394574 0.140599958095283 0.145415941746489 0.161251021833039 0.180266826291481 0.185149958568984 0.187523932425297 0.185645213990111 0.185921743702745 0.187159714046308 0.186876342967169
-9999 -9999 -9999 -9999 -9999 -9999 -9999 -9999 -9999 -9999 -9999 -9999 -9999 -9999 -9999 -9999 -9999 -9999 -9999 -9999 0.114983640034681 0.115362811020826 0.0886484197524098 0.0471250383051626 0.0301782115480082 0.0176362167704287 0.0139856522857074 0.0194668781976033 0.0310190693117166 0.0513496746781096 0.072500638115598 0.0937917130339699 0.0982888633423647 0.089306900115182 0.094157057062914 0.0998905360217553 0.100819039112859 0.105018149455978 0.112374349427177 0.105746080165812 0.099015668777938 0.108965454832883 0.116243401998904 0.120421382314011 0.131815098470822 0.142503928315231 0.12834712276025 0.123930860604894 0.133133013447525 0.148562322673256 0.165845250973273 0.17614316265688 0.182411665350153 0.18185085172455 0.181262174874469 0.180664244023227 0.180528175642381
