layers/veg/veg4700.asc
NCOLS 255 
NROWS 330 
XLLCORNER -2985163.8955 
YLLCORNER -3022031.214 
CELLSIZE 25000 
NODATA_value -9999 
[rows 250 to 274 of 330, columns 56 to 111 of 255]
-9999 -9999 -9999 -9999 -9999 -9999 -9999 -9999 -9999 -9999 -9999 -9999 -9999 -9999 -9999 -9999 -9999 0.637498298154249 0.647711125436839 0.664363285659158 0.655780980710927 0.618085689908766 0.560057766632756 0.524217320046861 0.506969200416836 0.496988034758684 0.505132289929557 0.510278599573443 0.509647304027828 0.497538328082513 0.472983750738688 0.466048607121153 0.456293782424334 0.431475582121563 0.420568921108651 0.431603301145006 0.431480489485041 0.426474875464722 0.419183469458992 0.410954488658161 0.402916441571323 0.404979869531444 0.413762505002366 0.418886189691015 0.419637127061054 0.425764293767216 -9999 -9999 -9999 0.399720107623938 0.400716784265879 0.403100628363114 0.404244548270644 0.405055727838041 0.405019306010335 -9999
-9999 -9999 -9999 -9999 -9999 -9999 -9999 -9999 -9999 -9999 -9999 -9999 -9999 -9999 -9999 -9999 -9999 0.666270864645137 0.667279826679799 0.683133390603363 0.674770024551538 0.648832576690758 0.611623190048343 0.565409862020965 0.551130970076028 0.569909775618819 0.551112899647157 0.529349628369338 0.526555983136821 0.513616057624598 0.498814206899508 0.511308361476007 0.50753741738334 0.483041580199023 0.468002346870471 0.457911493398098 0.444776995566707 0.423243932552419 0.399782594471744 0.383011508504089 0.370070229538753 0.381341079400711 0.405449550021802 0.42308324216024 0.43067455296355 0.43304162776582 0.436941576285324 -9999 -9999 -9999 -9999 -9999 -9999 -9999 -9999 -9999
-9999 -9999 -9999 -9999 -9999 -9999 -9999 -9999 -9999 -9999 -9999 -9999 -9999 -9999 -9999 -9999 -9999 0.678720031450883 0.687091694070764 0.694961623144106 0.688463549532882 0.664158026050044 0.632338893282589 0.571700900476081 0.53369845348052 0.562614565991671 0.566714652836708 0.548851770126082 0.53396668979692 0.526525059728629 0.519227297849985 0.525822904644913 0.523885782259062 0.506470523272995 0.488193505581517 0.469220710719611 0.448346109908136 0.428079759973854 0.409612187024339 0.385369598876223 0.366100562608945 0.383078419415699 0.415691296876153 0.433853757690644 0.439391646824745 0.443050513759949 0.447763801721838 -9999 -9999 -9999 -9999 -9999 -9999 -9999 -9999 -9999
-9999 -9999 -9999 -9999 -9999 -9999 -9999 -9999 -9999 -9999 -9999 -9999 -9999 -9999 -9999 -9999 -9999 0.703871321922724 0.700581602074273 0.707873352462117 0.70518491367025 0.667781370787869 0.629966559452058 0.615106792014559 0.594386530396002 0.547474024383103 0.522253057291049 0.550663302589124 0.530373476988157 0.518789516967066 0.526974201847388 0.531365076914547 0.523658690847198 0.510848870342974 0.497411220028088 0.476749138716571 0.459125283179732 0.441095164917726 0.42114682002255 0.401317782598366 0.390827414149308 0.408067953493291 0.43558777256066 0.449082572998848 0.44881088440247 0.451176227386816 0.458734816590239 -9999 -9999 -9999 -9999 -9999 -9999 -9999 -9999 -9999
-9999 -9999 -9999 -9999 -9999 -9999 -9999 -9999 -9999 -9999 -9999 -9999 -9999 -9999 -9999 -9999 -9999 0.738582259009615 0.733613785083669 0.732717212804302 0.719905340383756 0.69877577115056 0.673492754394707 0.639459066563318 0.60595549250153 0.576208273942053 0.557833247196549 0.574078855178349 0.576911200083664 0.556745402751553 0.539975338060318 0.527954659926478 0.514668036142934 0.497939891173138 0.501831806508979 0.485020469342635 0.469491804831825 0.464005756108835 0.456068843612127 0.463132953038566 0.460346682669172 0.455032898546195 0.45861445597559 0.462212859036002 0.464316154836222 0.467219651446762 0.475715080378023 -9999 -9999 -9999 -9999 -9999 -9999 -9999 -9999 -9999
-9999 -9999 -9999 -9999 -9999 -9999 -9999 -9999 -9999 -9999 -9999 -9999 -9999 -9999 -9999 -9999 -9999 0.763678190433412 0.758291733997374 0.755079103095328 0.705213618048682 0.691012629408876 0.67721113885552 0.670203682668803 0.661414814451136 0.634600133330467 0.616575837110642 0.625320875304155 0.620600590549223 0.611259459335008 0.588350187546355 0.562379258150642 0.536751867054882 0.503476498080551 0.484625171493488 0.472710224707328 0.468022047988338 0.464468510404325 0.463990001462248 0.486558074740364 0.496067743557827 0.489038664183436 0.483850227596744 0.487900027870053 0.489231656347876 0.491387475989494 0.495521349748257 0.496556934883656 -9999 -9999 0.477450337038052 0.473115614011364 -9999 -9999 -9999 -9999
-9999 -9999 -9999 -9999 -9999 -9999 -9999 -9999 -9999 -9999 -9999 -9999 -9999 -9999 -9999 -9999 0.751691327836878 0.765128288084943 0.780085425708613 -9999 0.734941358683329 0.735062071857053 0.707701498333222 0.64921747981132 0.649644063204345 0.655364778988431 0.648898049603485 0.652689462655072 0.642984052511542 0.628037203891278 0.612799405249877 0.590139819790283 0.551296187236193 0.508658357923158 0.483584956507799 0.470870801588174 0.478625864284977 0.487021650955994 0.492926966655078 0.509560997715207 0.514944156519185 0.507695202726297 0.502779036104656 0.505488550200296 0.505484131692504 0.504785949936984 0.503205596080322 0.49769243793846 0.493726262985683 0.488820725397601 0.483227974018728 0.484875040812837 -9999 -9999 -9999 -9999
-9999 -9999 -9999 -9999 -9999 -9999 -9999 -9999 -9999 -9999 -9999 -9999 -9999 -9999 -9999 -9999 0.720901100457732 0.744034242300838 0.781674592838779 0.793243257029244 -9999 0.75898137872435 0.700652197012257 0.639656291304388 0.663488494200145 0.692280739658549 0.680273804716291 0.678775614612477 0.678356381492031 0.648613641465472 0.631117037246015 0.631991401929978 0.605747604060129 0.573265571483736 0.547274013626482 0.538680902164167 0.529353278808634 0.512929152445547 0.515270077464079 0.535715531839672 0.549389196050919 0.543320628529303 0.536215103931745 0.53583585224205 0.530535173493615 0.522933644497401 0.517098893466926 0.508897474446783 0.497721899229649 0.494834030356693 0.4966743237816 0.498294814610351 -9999 -9999 -9999 -9999
-9999 -9999 -9999 -9999 -9999 -9999 -9999 -9999 -9999 -9999 -9999 -9999 -9999 -9999 -9999 -9999 0.731372514667461 0.752125624902512 0.788118901871474 -9999 -9999 0.754461940359956 0.773913429704699 0.739196102595909 0.700198278127022 0.724110565285914 0.693803108322481 0.687517978385367 0.706919890426461 0.685925779852957 0.672913638080474 0.668930593822387 0.635659818321571 0.59178780404406 0.553965656798835 0.552065090381372 0.54449012437514 0.535055320848265 0.543466807992457 0.571937341149706 0.598810529817769 0.585947727957324 0.568029990314642 0.558930106709152 0.54943025153433 0.537464724331607 0.53577411160237 0.53515562870035 0.526758595595924 0.51713222150024 0.506966955149818 0.507295573931209 -9999 -9999 -9999 -9999
-9999 -9999 -9999 -9999 -9999 -9999 -9999 -9999 -9999 -9999 -9999 -9999 -9999 -9999 -9999 -9999 0.77282282070645 0.776964646097908 0.801093693221955 -9999 0.764391812240817 0.747931372305507 0.717832697554059 0.684518207145668 0.676704431594219 0.684426168764754 0.685062655187987 0.691954782337198 0.701015393064204 0.677923599302674 0.667443264346474 0.676025136567181 0.650408033696908 0.618222705739489 0.607785082996507 0.579472323229567 0.566345882539288 0.581130537980576 0.59320192197225 0.611974495860164 0.617976812816038 0.603424339516141 0.582192825167747 0.566924211767304 0.556796426823543 0.549336490690109 0.545444660871143 0.536583834589386 0.527797378122092 0.525790697632392 -9999 -9999 -9999 -9999 -9999 -9999
-9999 -9999 -9999 -9999 -9999 -9999 -9999 -9999 -9999 -9999 -9999 -9999 -9999 -9999 -9999 -9999 0.815037770430643 0.813320881279566 0.811641568872377 -9999 0.796270076789786 0.781270908955532 0.744693414866087 0.714360806390338 0.704415747154702 0.719368390664389 0.733695799128383 0.722728489623462 0.732416516404285 0.714829855197572 0.671612773823531 0.645934631595184 0.652351500224999 0.653899117033908 0.640877665218568 0.626670996955394 0.619824638171144 0.631538387595492 0.634553699034992 0.63344936873947 0.622478795506151 0.606964601006508 0.588633544692529 0.577274070348572 0.569524440521753 0.563176822710966 0.557135379285841 0.550677234920054 0.548215720597109 -9999 -9999 -9999 -9999 -9999 -9999 -9999
-9999 -9999 -9999 -9999 -9999 -9999 -9999 -9999 -9999 -9999 -9999 -9999 -9999 -9999 -9999 -9999 0.816580511839188 0.8151227484223 0.817399089223425 -9999 0.81651798276242 0.794423346174885 0.762177870591402 0.730455159393642 0.697108549511123 0.719149809186635 0.750179571803556 0.712125566391448 0.706307958226949 0.713920453508793 0.691700238192947 0.674569963806401 0.671909747874715 0.66502595544705 0.651229011747052 0.66865790574571 0.668766038262389 0.658107179682874 0.643933723443279 0.629876395114537 0.619893974136522 0.60978667917601 0.599712084831211 0.595075495985141 0.579240678692225 0.55980682437666 0.555668121628967 -9999 -9999 -9999 -9999 -9999 -9999 -9999 -9999 -9999
-9999 -9999 -9999 -9999 -9999 -9999 -9999 -9999 -9999 -9999 -9999 -9999 -9999 -9999 -9999 -9999 -9999 0.823394286074455 0.825895968777961 -9999 0.834859669018508 0.788560217851342 0.777556418343379 0.784969052282751 0.712106580786186 0.715802226164773 0.732537010420427 0.712196699331188 0.718343016917431 0.715416380722833 0.699591635311523 0.693022482080126 0.679000499341495 0.665752188179257 0.660761813971093 0.675369399501309 0.676350700092015 0.661735912133168 0.64402871645794 0.631781806294062 0.621994357190834 0.613276225518724 0.606579175565287 0.597627707522824 0.577579344599818 0.573162197411985 -9999 -9999 -9999 -9999 -9999 -9999 -9999 -9999 -9999 -9999
-9999 -9999 -9999 -9999 -9999 -9999 -9999 -9999 -9999 -9999 -9999 -9999 -9999 -9999 -9999 -9999 -9999 -9999 -9999 -9999 0.839471879606476 0.800501172197267 0.777636681304479 0.781169486828834 0.749444011929461 0.73691536093722 0.731782395384889 0.72532250610566 0.71897311697672 0.721715204440023 0.712128276335467 0.711064885460676 0.700010731664907 0.697388212751558 0.710490080419182 0.700267875363932 0.685284695130424 0.671391657524521 0.659235938908624 0.643702009125946 0.627264372005733 0.617136702686226 0.60250868327349 0.587278011496824 0.577512106471547 0.575666095222322 0.582434974871744 -9999 -9999 -9999 -9999 -9999 -9999 -9999 -9999 -9999
-9999 -9999 -9999 -9999 -9999 -9999 -9999 -9999 -9999 -9999 -9999 -9999 -9999 -9999 -9999 -9999 -9999 -9999 -9999 -9999 0.834836132149228 0.826266363908956 0.799773870572032 0.758905205787835 0.713739765643168 0.72706573497125 0.747474782230028 0.731912789899701 0.728114684128549 0.723689164623907 0.705747625117444 0.707618328247766 0.704335418257794 0.701981691486053 0.710497179705233 0.696672487985591 0.673820607932682 0.663384252468312 0.661514890761664 0.653324299440996 0.640027746755984 0.624802298291065 0.607284056571994 0.590210701928001 0.581071611337845 0.582309832871153 0.591537353957006 -9999 -9999 -9999 -9999 -9999 -9999 -9999 -9999 -9999
-9999 -9999 -9999 -9999 -9999 -9999 -9999 -9999 -9999 -9999 -9999 -9999 -9999 -9999 -9999 -9999 -9999 -9999 -9999 -9999 0.819289522800821 0.808430464118557 0.82780866508159 0.807991753077029 0.750741832729361 0.758288394865253 0.753822709755634 0.750952514768387 0.749823823968861 0.73373693102915 0.712039931345059 0.692842595207741 0.685917593182622 0.694374006677127 0.702665081343046 0.688559907287772 0.667751592951053 0.661913491084875 0.658946942921813 0.651142363185307 0.635695002748396 0.620959469324667 0.601973438295551 0.590266872329209 0.583851669501803 0.587035068985263 0.595487969087182 -9999 -9999 -9999 -9999 -9999 -9999 -9999 -9999 -9999
-9999 -9999 -9999 -9999 -9999 -9999 -9999 -9999 -9999 -9999 -9999 -9999 -9999 -9999 -9999 -9999 -9999 -9999 0.868336829405623 0.86036136035962 0.834566361533881 0.812761526021768 0.788678271318752 0.779230284915117 0.746885721869091 0.744245370583931 0.76281935028315 0.751369424489935 0.754079120908958 0.756160554240902 0.739979932283376 0.723056664342943 0.701027738063755 0.69984776959605 0.70696248696111 0.680177764230776 0.669712413274495 0.67628660143573 0.670393643715328 0.654843555428832 0.640544847907753 0.624056386394906 0.602574065222217 0.595570815988021 0.597657379193637 0.604898791941464 -9999 -9999 -9999 -9999 -9999 -9999 -9999 -9999 -9999 -9999
-9999 -9999 -9999 -9999 -9999 -9999 -9999 -9999 -9999 -9999 -9999 -9999 -9999 -9999 -9999 -9999 -9999 -9999 0.86503485915418 0.866865707546695 0.862220565469694 0.835132298586126 0.802820612104846 0.796419067765302 0.769173110651343 0.760583108210189 0.750505686969881 0.746749715294007 0.762601183461897 0.766580767271184 0.756629356211453 0.733510240055562 0.703401134760151 0.705154982885638 0.719567985965994 0.706760819980903 0.693937921887548 0.680551477346189 0.667215058015357 0.65478604766767 0.635449973092288 0.618126988617624 0.622705850393886 0.626038520802414 0.621380526441998 0.618537229168406 -9999 -9999 -9999 -9999 -9999 -9999 -9999 -9999 -9999 -9999
-9999 -9999 -9999 -9999 -9999 -9999 -9999 -9999 -9999 -9999 -9999 -9999 -9999 -9999 -9999 -9999 -9999 -9999 0.84458135139924 0.868241731161126 0.858806610103583 0.814332385645795 0.785597035612204 0.775741126372852 0.770116790626829 0.753714081396359 0.728575596760637 0.717099884488486 0.747876809090145 0.765639121174446 0.751216812178223 0.724711778907067 0.705713003271314 0.71053620484281 0.714765003096059 0.703516674584862 0.693525152173706 0.673217063926593 0.657901813953668 0.649449483222831 0.629398069856449 0.622455930633307 0.635565283202747 0.631879149254883 0.620332540317414 0.611867120168924 -9999 -9999 -9999 -9999 -9999 -9999 -9999 -9999 -9999 -9999
-9999 -9999 -9999 -9999 -9999 -9999 -9999 -9999 -9999 -9999 -9999 -9999 -9999 -9999 -9999 0.836350221086971 -9999 0.841194669598971 0.855373372458848 0.871211144570012 0.825364644693701 0.81119431310107 0.785616309453775 0.770422318992558 0.760409768279222 0.751180134251464 0.744453067153358 0.748189944028509 0.757428013656779 0.757505075596232 0.751264331644172 0.739787242974022 0.716939771899312 0.71033110468749 0.710993113314054 0.69191214889671 0.674439421016222 0.659341952209591 0.654608006272217 0.640035678866629 0.633816729857658 0.645230091775997 0.649998706994955 -9999 -9999 -9999 -9999 -9999 -9999 -9999 -9999 -9999 -9999 -9999 -9999 -9999
-9999 -9999 -9999 -9999 -9999 -9999 -9999 -9999 -9999 -9999 -9999 -9999 -9999 -9999 -9999 -9999 -9999 0.848374436749048 0.849868912946154 0.847126715588805 0.837555885697434 0.804253397079642 0.768270237775541 0.757571811641769 0.745497181000319 0.762871559675332 0.777901198768658 0.754325561628104 0.751233127850214 0.751083178529268 0.749440350265387 0.740991581873468 0.716535825469911 0.70993866320058 0.719845648394893 0.703879982617523 0.682126250947131 0.663296533330501 0.638732212582624 0.63414893810012 0.648262930622207 -9999 -9999 -9999 -9999 -9999 -9999 -9999 -9999 -9999 -9999 -9999 -9999 -9999 -9999 -9999
-9999 -9999 -9999 -9999 -9999 -9999 -9999 -9999 -9999 -9999 -9999 -9999 -9999 -9999 -9999 -9999 -9999 0.828887503661532 0.840136860851244 -9999 0.845737374005823 0.829359889403575 0.795679308274382 0.793892548040871 0.771866236937243 0.747727071461829 0.746272185699045 0.746444521446725 0.748970820740426 0.750845201346543 0.744335819619619 0.734948988433364 0.712856395573883 0.705187746057542 0.717571632414198 0.699740266921894 0.669975013349538 0.637578678124254 0.622453959487741 0.629695259184274 -9999 -9999 -9999 -9999 -9999 -9999 -9999 -9999 -9999 -9999 -9999 -9999 -9999 -9999 -9999 -9999
-9999 -9999 -9999 -9999 -9999 -9999 -9999 -9999 -9999 -9999 -9999 -9999 -9999 -9999 -9999 -9999 -9999 0.832811693314403 0.841949235754174 -9999 0.811406785566989 0.802468357093556 0.790852700977067 0.789177818924356 0.791220648896059 0.770543214397747 0.742148104297069 0.736547054214274 0.739239463647372 0.740365452322828 0.734814685001135 0.725163313220037 0.708221611732171 0.696354655249315 0.693741347256199 0.675527792147167 0.64370338963783 0.627121018592367 0.635138644357788 0.645808716743117 -9999 -9999 -9999 -9999 -9999 -9999 -9999 -9999 -9999 -9999 -9999 -9999 -9999 -9999 -9999 -9999
-9999 -9999 -9999 -9999 -9999 -9999 -9999 -9999 -9999 -9999 -9999 -9999 -9999 -9999 -9999 0.831146405961262 0.807447876871123 0.80746169127892 0.815302266032793 -9999 0.841637901583887 0.778198729086639 0.729345334910976 0.726888048812461 0.701848579837316 0.694269071450088 0.726449091665541 0.717861355716534 0.715021552506885 0.71765066596075 0.71243792993394 0.706026047918196 0.699494321514808 0.691183770617166 0.674381652143451 0.652488114429716 0.655780477441461 0.665731673612476 0.656062493283687 0.649862569298215 -9999 -9999 -9999 -9999 -9999 -9999 -9999 -9999 -9999 -9999 -9999 -9999 -9999 -9999 -9999 -9999
-9999 -9999 -9999 -9999 -9999 -9999 -9999 -9999 -9999 -9999 -9999 -9999 -9999 -9999 0.838318696679653 0.830179836412147 0.807364657084064 0.795426435358325 0.815145395449882 0.84978479795589 0.821460025301955 0.753047685706761 0.756694850404954 0.754603620467602 0.699518388049861 0.683560042398433 0.68558589841188 0.695925473571911 0.702709438848767 0.707500487497687 0.704561442193377 0.694066157736571 0.684283187640584 0.677939463222948 0.664453572630906 0.651907864242694 0.661212326643465 0.662565092829187 0.649417587602028 0.626816026050851 -9999 -9999 -9999 -9999 -9999 -9999 -9999 -9999 -9999 -9999 -9999 -9999 -9999 -9999 -9999 -9999
