layers/veg/veg4900.asc
NCOLS 255 
NROWS 330 
XLLCORNER -2985163.8955 
YLLCORNER -3022031.214 
CELLSIZE 25000 
NODATA_value -9999 
[rows 175 to 199 of 330, columns 112 to 167 of 255]
0.487131964173261 0.485672446279202 0.483975748964804 0.482089480469638 0.479911468322041 0.478129333322447 0.47640338351077 0.473953643327713 0.471756335457709 0.469874051864323 0.467518238197784 0.464801326613245 0.462416889552669 0.459887736960383 0.456811177089144 0.454179769738623 0.451663904446455 0.448503187321456 0.445664771379389 0.441215975019228 0.430500130961375 0.41863010781036 0.412794489779843 0.409804427619463 0.406975836443727 0.401790238439784 0.396662113408895 0.395298450061591 0.396063551024601 0.394246268266497 0.383863799455146 0.370845486504338 0.364594041601044 0.366680987673842 0.366548370168966 0.354863328764104 0.342113750330321 0.33151935323959 0.318679316883791 0.321311931135546 0.326842467828242 0.317145528871569 0.310787981972844 0.30672556989049 0.300588273622021 0.295188066620143 0.307255715126722 0.336680027283377 0.370129202938482 0.39314599552147 0.416426774051891 0.446991791132166 0.488063381936461 0.53662046644916 0.56480316600634 0.564725273792209
0.48663402537328 0.485465401930741 0.483899828706607 0.481999179173822 0.479720769670081 0.477801741260772 0.475997919418135 0.473551522167902 0.471447144120366 0.469625141200779 0.46720945062764 0.464397470404361 0.462044844472124 0.459631761586566 0.456619054538562 0.454245583283621 0.451884193082654 0.447913189503681 0.445037085988565 0.442546052577222 0.435492209128694 0.42471962648292 0.412866512215347 0.408427961211175 0.410594083083072 0.409309879397586 0.404173995610598 0.401956053407866 0.405534760468732 0.400369461832308 0.385580065415131 0.369377405035846 0.35926689463194 0.358452165939369 0.36486167502318 0.367852753634833 0.355800266607389 0.335378421758842 0.315345436598772 0.314247232308862 0.33072319487338 0.32464650993887 0.305344295155682 0.308657738022199 0.302613805274317 0.30146573831576 0.323744392831735 0.368495597622232 0.407064604843739 0.433835581113078 0.471058566677742 0.477196149656955 0.502922845865361 0.5540208089083 0.573882385652181 0.58388826334704
0.48622573438517 0.485091714137059 0.483608960027087 0.481737228569671 0.479399091261899 0.477480278518771 0.475546941962757 0.473066418578631 0.470917967889515 0.46887566349089 0.466532545566013 0.463757791707024 0.461336506787427 0.458979306917558 0.456257551826126 0.453951645974144 0.450795372320999 0.444824328948927 0.441403911562778 0.441226074837715 0.436308355274369 0.42782472002742 0.4172922986928 0.411706637347908 0.414142645475818 0.414720118838735 0.411384942409508 0.409458041960408 0.411461596152681 0.404345237701539 0.38888429010912 0.37566338707016 0.366890764671946 0.363039189139958 0.36803683171774 0.373294088805089 0.364633031451361 0.350285088839804 0.329416034405629 0.316036484296845 0.326943250631883 0.329111381279445 0.317937428232115 0.315090615171857 0.311530857437293 0.310863726003794 0.334085009842218 0.379891160417173 0.408481654015111 0.425160309730673 0.454390142091641 0.470176112882765 0.506897750688313 0.552558361356447 0.574156039802813 0.583344871076989
0.485264559505245 0.484235593740656 0.482836867589619 0.481065833424155 0.478874506265316 0.476821624655539 0.474744589436319 0.472201547971617 0.469933811896546 0.467866167356896 0.465398928592962 0.462633943168947 0.460210266880854 0.457954952692684 0.455293427789048 0.453060825245459 0.448888639873906 0.442564025524575 0.434899013448106 0.432290310689523 0.433726377222199 0.428103866859209 0.418609979591008 0.411649602746611 0.414568868685448 0.417616403956281 0.417775231934833 0.418319463520501 0.418883866555418 0.414301342870924 0.406613877566906 0.403749896267896 0.395348261746116 0.38801758976088 0.385256185272009 0.370026324698105 0.36209811401099 0.353387093484572 0.332501746994813 0.316224644414049 0.317410394731091 0.328393320566184 0.3329463298786 0.332291639331959 0.336014845171765 0.338418405412655 0.35675064294391 0.382641619170944 0.386664312399127 0.40196622690325 0.445678309747366 0.476931464949209 0.509474288835262 0.561030740010118 0.57603463513041 -9999
0.484234134240042 0.483110799915379 0.48175902500485 0.480130634715585 0.478028579629819 0.475945617670484 0.473932148289867 0.471181994833393 0.468484527503724 0.466508905051962 0.464267771794377 0.461285294183348 0.458814975273179 0.456633172358671 0.45388296875703 0.451816115692692 0.448650978827668 0.44282171470304 0.43310198822777 0.428716817697872 0.431672534407953 0.426692607341045 0.417969236985316 0.41503720637123 0.419031126273571 0.421992949889613 0.422832877556697 0.423453323213984 0.424692536915545 0.425589531111231 0.427870553386232 0.426560115344938 0.420447829408118 0.416062328091207 0.407805337889931 0.39010613162377 0.379179026031825 0.372172769543012 0.356733443484304 0.340138865405311 0.330628664611837 0.337863300222035 0.348532493495657 0.348645892672503 0.350021409738453 0.354219669048417 0.360198076431235 0.370870971262125 0.3917402878272 0.428075990997983 0.494398726521192 0.552155735939601 0.566615879860732 0.565638713477763 -9999 -9999
0.483527972583694 0.4823065585835 0.480860693281629 0.479299794063743 0.477499732301442 0.475566376379508 0.473285344514947 0.470509999040428 0.468081520515779 0.465971208320423 0.463362062782066 0.460304243990675 0.457700887214063 0.455266325475654 0.452403846790145 0.45021815842916 0.447607817842313 0.441312904601229 0.435289686765086 0.432906676487269 0.429617224862694 0.418847275276815 0.411738656378322 0.415561419874223 0.416165564931593 0.41719520275103 0.418863906435444 0.424779688794453 0.426889096159093 0.424438680314946 0.426749456367313 0.426280290451181 0.420529579602125 0.421097045215252 0.421580433195817 0.412829724440798 0.405787704268478 0.38933078248492 0.358972406886443 0.337731160872078 0.327282681179346 0.337206683713485 0.355780377089362 0.356638139923219 0.358824297551253 0.367949694416823 0.375905972827857 0.388117480528843 0.40407433240189 0.45989083412076 0.536095482915548 0.561008606832813 0.567426464454711 -9999 -9999 -9999
0.482545234539345 0.481215387535144 0.479708490271256 0.477992755225574 0.476174591275669 0.474294553031891 0.471850106976392 0.468710131286034 0.466040463144746 0.463971874234252 0.461234545916851 0.458168517937728 0.455573480139695 0.452970469454903 0.449925232825203 0.447359051025013 0.444582748479955 0.436918704531039 0.43050534988463 0.428270727798079 0.425775434403276 0.420930054612194 0.415570207068487 0.413041184649511 0.408874728762102 0.413678712390797 0.420091811573417 0.426310134976143 0.426956765118836 0.421221693671731 0.418972405323562 0.418374785931931 0.411199981837145 0.413419728080265 0.420945143116161 0.410895044784282 0.398847012496406 0.387294757463915 0.366210367171808 0.352318200771558 0.350088082316831 0.35648215963883 0.370034883888618 0.373999535029398 0.377237021942756 0.381895976787091 0.389228843544689 0.399894560860967 0.411639726640192 0.466022630948529 0.54080677117192 0.563497063240045 -9999 -9999 -9999 -9999
0.481911867402093 0.480449311663282 0.478767233061736 0.476832890857354 0.47467441578105 0.472736562862616 0.470402147776284 0.467179296994026 0.464421904413777 0.462087716842066 0.459120878492109 0.455938982987625 0.453163042063041 0.450359802865969 0.446975420954518 0.444005120865378 0.440385249275827 0.433581416277353 0.430451882983339 0.43110145825639 0.428400405274003 0.425923660426193 0.421989459209612 0.418577366004081 0.414575205448024 0.408733799256585 0.413914643838604 0.424943613673973 0.425002821270358 0.41542197350545 0.404005184321926 0.400054183584061 0.398834462418072 0.403015122999627 0.414394857555296 0.408694015733512 0.390931599387821 0.379944333295144 0.365978708936393 0.36133556949396 0.370902518738797 0.375841766451725 0.383347082487362 0.386242690811571 0.390122495265364 0.395895916182929 0.404334849997411 0.41442306145604 0.423078740269652 0.48345189304824 0.55622651935486 -9999 -9999 -9999 -9999 -9999
0.480706955434714 0.479210465244893 0.477737474233797 0.47572363776104 0.473494516791544 0.471406802403496 0.468978839399395 0.465718089053814 0.462741305728219 0.460327423906323 0.457263936262083 0.453750773996392 0.450723712725398 0.44776635753368 0.444336011559664 0.441210932820162 0.437505828282958 0.432201569381709 0.429396503498144 0.428492450593173 0.425925782477013 0.421759333937157 0.418720081401915 0.412871671269267 0.403477786088399 0.405337547639225 0.413581827230883 0.422114985439055 0.420425476810344 0.408885140967746 0.401587574299816 0.398430942178754 0.395408414141493 0.396337620969483 0.406877655281451 0.405858101080714 0.392756416375758 0.374629967443105 0.36213788021058 0.3622618853484 0.369460317814756 0.382225095067425 0.386377654914889 0.38893063636949 0.394108257562397 0.399500239207202 0.41017692941785 0.427304363598439 0.447975653533895 0.50996963202994 0.568114742331918 -9999 -9999 -9999 -9999 -9999
0.47863813296489 0.477404501662894 0.476611944501306 0.474480910621076 0.471831152356818 0.469396807117616 0.466855987362531 0.463483510150039 0.46024454790961 0.457562026404217 0.454379403427712 0.450453658919953 0.447256552046557 0.444062069867399 0.439815224665266 0.436003194635136 0.432624640347817 0.428217738120079 0.423108246600661 0.420824845937411 0.420717588063175 0.418283178849175 0.413833852729036 0.406231805020759 0.402844454286917 0.407824926223029 0.415005613384341 0.413314741299253 0.403799802380861 0.398468073921548 0.398995519318968 0.407187342279952 0.410929034706083 0.412914330016574 0.414477265623234 0.406460185493825 0.391517882449036 0.370757766902345 0.34851625430563 0.344782731746094 0.352716975046135 0.358590046526217 0.3656632265485 0.37816794669684 0.399317054864688 0.406080824408236 0.414893360536677 0.452208246403288 0.50338768520509 0.545963074146396 0.563962543548986 -9999 -9999 -9999 -9999 -9999
0.478163779442779 0.477062782293972 0.475867501820718 0.473290684597613 0.470142884502566 0.467501524087628 0.464742906236049 0.46107494649329 0.457703483592871 0.454972605195619 0.451479787425912 0.447201149366391 0.443556167910673 0.43979873881078 0.434875643572202 0.43065463130545 0.426922210714616 0.421879862829502 0.415116293556188 0.411503821097341 0.412354021538638 0.410616568055704 0.404136100932308 0.400671512546255 0.403015069153319 0.405687168512804 0.405117982367658 0.396249525277672 0.389471836635522 0.393635578614498 0.404551087246894 0.412618836403708 0.411307010577903 0.415410579484791 0.423529353154032 0.411088924587168 0.391887499628763 0.373272964435658 0.35123021549329 0.337499803939276 0.345507931822401 0.346254340230796 0.346365682433053 0.367924669519688 0.400907918982973 0.42521119476095 0.431610948991108 0.471620901903261 0.525272566082351 0.546477676494155 0.559955646465162 -9999 -9999 -9999 -9999 -9999
0.477131955609731 0.47651227249961 0.475155935188487 0.472451569940409 0.469047334370951 0.466153783210943 0.463250340837439 0.459162940955376 0.455537831250779 0.452754659406949 0.449130295311013 0.444564904360925 0.440640117015519 0.436380992459459 0.430834532132082 0.426425138526464 0.422519389756855 0.417982243733883 0.413798487216446 0.409625061446118 0.40690005961721 0.404965353751356 0.398491495858435 0.395899484440957 0.399225135474601 0.397243453335246 0.385670513856687 0.374150728271192 0.383714436616368 0.398426182280721 0.405617131885205 0.4093084155988 0.408941353281909 0.418781418244449 0.417044633098795 0.402298286586163 0.395911224670029 0.376976592962061 0.357549883658608 0.354663283642874 0.362352171293434 0.357672679474637 0.352325103531709 0.356533457465961 0.385218929842381 0.426599764587345 0.447800225473525 0.482925407425235 0.521197370493871 0.537680204647395 0.551523768309522 -9999 -9999 -9999 -9999 -9999
0.475508593750021 0.475452180710786 0.473814750662737 0.470812224166717 0.467166151809287 0.463947598808356 0.46060499848676 0.456204300170297 0.452239609879359 0.449069331486972 0.445200740237638 0.440313937673277 0.43560503475965 0.430655381585491 0.424792730424601 0.420148185697249 0.415817479847286 0.410700092926424 0.406591586485474 0.402878109950302 0.399030678193867 0.396389047818911 0.392755272098342 0.389032062667779 0.387842442265682 0.381029942001096 0.373706376632853 0.378245092637014 0.387158174842559 0.394101263479104 0.398014306975054 0.401053967763346 0.405224157081586 0.407274306287346 0.403749861742915 0.399175702120944 0.395944312970427 0.385758520858025 0.373775753971799 0.367244625933122 0.359116078696549 0.355596792384914 0.356286313125852 0.363053606314636 0.399884221354681 0.434587734069811 0.451171654061935 0.474415297270398 0.506155969581431 0.532061090152491 0.534844014103528 -9999 -9999 -9999 -9999 -9999
0.475130528222234 0.475400939151324 0.472782838020615 0.469501392960916 0.465517046799694 0.462067604899476 0.458314536192073 0.453372039161185 0.449121553454958 0.445581280514708 0.441446165957643 0.43598140763299 0.430143126672152 0.424521026490821 0.418166125937819 0.412867426354557 0.407926137889792 0.402211902808897 0.398007493234597 0.394301195206825 0.389552973732033 0.385391097532651 0.381552428352286 0.373722928846747 0.366388241949757 0.365816572518381 0.372981688080765 0.382411397955607 0.384813642642616 0.384010762583854 0.381264403554187 0.382072495433955 0.389460934600302 0.386020883179483 0.37104021291207 0.370711692492135 0.377477651635905 0.385659468253992 0.378569512956325 0.362028312656254 0.350098499356653 0.350167344648779 0.353065272478706 0.350949143630656 0.376916095670141 0.416304939701567 0.433653997235843 0.451538891585295 0.487832916617773 0.516478125494377 0.521613185238238 -9999 -9999 -9999 -9999 -9999
0.474330296313828 0.474087185693567 0.471430082649702 0.468061052091749 0.463911197702279 0.460184349263214 0.456285532727188 0.451206087141822 0.446630576514168 0.442773636228974 0.438395640112218 0.432309285492588 0.426014189176984 0.420320008341559 0.413440139136602 0.407570397851151 0.402255824894558 0.396183163736147 0.39121709693521 0.386910878055148 0.381629752945855 0.37688423582713 0.37244946218367 0.366353627611447 0.359741607577507 0.357139154648544 0.361563412176367 0.36949802715666 0.374428054756787 0.372568392779343 0.368311603648169 0.365499954556472 0.372760505465096 0.375365828829685 0.36270467674415 0.360065084340672 0.361823074673075 0.367032451474018 0.371682527490066 0.359761151186673 0.34387281286805 0.34112546444628 0.343226245985407 0.346833449589717 0.358087031600271 0.383847465663235 0.412802900627077 0.433138204963765 0.460014968894536 0.48725470324412 0.501209683454063 -9999 -9999 -9999 -9999 -9999
0.474893155090311 0.472441011865147 0.469861699843795 0.466289546289745 0.461701375696243 0.457554838417145 0.453351045631358 0.447897478865933 0.442999490436987 0.43904157828694 0.434284900343759 0.427426878801474 0.420345390930926 0.413864621462009 0.406373579756818 0.400127616651411 0.394187890039345 0.387227481140231 0.381555204128013 0.376241178151368 0.370211699341503 0.364773135941169 0.359007335573576 0.355078646809771 0.354640384442503 0.35467122534302 0.352033976528643 0.348304308328738 0.349122410973734 0.35160932242772 0.349214574693172 0.344744057060633 0.353558096562851 0.360181293887998 0.350921141952514 0.342796427517879 0.342106120216186 0.350565840232507 0.345462141376926 0.333092388835115 0.326371445651674 0.318646121758387 0.317910702352063 0.319426188441872 0.329395014031585 0.341725537496871 0.359751349574535 0.38628535256886 0.417118690306276 0.4604122665308 0.483993528459467 -9999 -9999 -9999 -9999 -9999
0.47405312745889 0.470925193128772 0.467735229357272 0.464102772531562 0.459350086067554 0.455046603098013 0.450488096220994 0.444551899519207 0.439345727769529 0.435045992744417 0.429874002363377 0.42226345883482 0.414450608728861 0.407629211020963 0.399550395620845 0.392611036196714 0.386163376297304 0.378448285261195 0.371713822721766 0.365343420904671 0.3580168513847 0.351535875329549 0.347057727734504 0.346086361478631 0.344654675376038 0.340830477260458 0.337347194253889 0.333515816362909 0.332334869218064 0.334140664454168 0.337233304858922 0.336703468026523 0.336424289457357 0.341967568472682 0.339027788049603 0.331287961523744 0.334691574989846 0.337990805732845 0.325629313561818 0.31243418516198 0.304381678660876 0.298212512503213 0.288655108762294 0.280237370920559 0.270656102890331 0.277164210959924 0.306506091677504 0.343054592584349 0.368733104435276 0.40854589556579 0.459199189424307 -9999 -9999 -9999 -9999 -9999
0.472123380070046 0.469028482746575 0.465877558432759 0.462283346834977 0.457512171845683 0.453049443947769 0.448296675826899 0.442033656444405 0.436647629297099 0.432395485174074 0.426619530870045 0.418301578015708 0.410619229483786 0.403855374353646 0.395283926917852 0.388106260358673 0.381111496958779 0.372093751294091 0.364348540304177 0.357320069869182 0.349082734845495 0.34264566501118 0.339094539373393 0.336140053561997 0.331654939515562 0.326707610498371 0.324645628313198 0.326090791288138 0.330256027448881 0.333243817089313 0.333120340237665 0.330778967493276 0.330027352340328 0.333355145936441 0.333597295418201 0.325122918528959 0.317074189329912 0.312742665494216 0.308297887479552 0.302220468398673 0.291999915775691 0.281616246012527 0.273117694410879 0.268744184191395 0.255406591206933 0.239155262353044 0.279547608997121 0.359830548035871 0.388643526326182 0.416284294469719 0.445705876725921 -9999 -9999 -9999 -9999 -9999
0.469745312942187 0.466550414160665 0.463286412574059 0.459635500345426 0.454770285365412 0.450163614025338 0.445041134533423 0.438504553149428 0.433149233003443 0.428854917521406 0.422547429243988 0.413261634406648 0.405131431190799 0.398116951283348 0.388961501773796 0.380801372819869 0.372445912139285 0.362244497500865 0.353691537770318 0.34562538058714 0.336573584285117 0.329353500148991 0.323341707394645 0.317549500261885 0.313481227816162 0.30982509898171 0.307850437885596 0.308298034931727 0.309097392834827 0.312599451575823 0.316033859893304 0.316885475007649 0.321920916480011 0.326966280217364 0.326455222808163 0.323766275067757 0.320044352060813 0.311614885985222 0.300153478351043 0.291576131907081 0.275798658646037 0.260272978102073 0.252075593556006 0.244769267459228 0.231115209925908 0.216476396494223 0.265953192922154 0.351998336329105 0.387512387872185 0.414325115291325 0.432698967604577 -9999 -9999 -9999 -9999 -9999
0.467659329003847 0.464310305773746 0.460959913243349 0.457130612413283 0.452164481064816 0.447477143719821 0.442070813793404 0.43526581316084 0.430028060398498 0.425903550797605 0.418963031071191 0.408572080220348 0.400191106051831 0.392961953801217 0.382250554403649 0.372717056541474 0.363538610842878 0.352759504373125 0.343924008186517 0.334941210902247 0.324618431542083 0.316123730735449 0.307650231752312 0.300022716224461 0.293697354414191 0.288351122648576 0.288752768718237 0.289958409604463 0.28920674146969 0.292182199662411 0.299172943186333 0.305080459254963 0.31455769018994 0.321550434803817 0.315393828145354 0.309201233948156 0.314546764583661 0.311866317940135 0.298302320785479 0.284154416952005 0.26475160391334 0.244751125329967 0.229543813719068 0.218636932673371 0.210197522656503 0.215003109041635 0.269680169085768 0.34534074602408 0.378265994723251 0.389123778540973 -9999 -9999 -9999 -9999 -9999 -9999
0.466333273552028 0.462745331618814 0.459306837786969 0.455364257900846 0.450318784182949 0.445423382325356 0.439848322166039 0.433313683341947 0.42826667754317 0.42384985495097 0.416120089180312 0.405951087640958 0.398035554940742 0.38915270461771 0.37689638385427 0.367535032530449 0.359251899407745 0.347595475077583 0.337430066455346 0.328194966172968 0.316658615628123 0.306425158141515 0.297240895485023 0.285756399698778 0.275820464194282 0.271154417099579 0.268063124747406 0.269778872810162 0.272327288842761 0.277293688222875 0.288454309904838 0.298202073331136 0.308722387996475 0.310532267578482 0.30419965007707 0.296360579507469 0.298181650056651 0.305736455846073 0.303535621097614 0.285258393880863 0.264459565322715 0.250637289377616 0.229488254725657 0.210837872566907 0.232367494974325 0.286326496483657 0.320724406237217 0.349454481747089 0.362708921415899 -9999 -9999 -9999 -9999 -9999 -9999 -9999
0.46443677198967 0.460541859774463 0.456968954493241 0.453059603734149 0.447919485990756 0.442757493983645 0.437087000570602 0.430691909272387 0.425466927012216 0.420565861469487 0.412415951623218 0.40237958880335 0.393712741485039 0.382980755002586 0.370170892627088 0.361079956130167 0.35284873619711 0.340425604557887 0.329641476831904 0.319136494601543 0.305290653544299 0.293716079200269 0.282625075007328 0.270071007591019 0.260993973643349 0.252250694623963 0.248924480399799 0.254208575885277 0.258354635615766 0.265316871042913 0.273054366248164 0.285884670624862 0.303413988578745 0.301973842476219 0.297409613392019 0.304498201452585 0.309819558356173 0.312784340913505 0.307189847875594 0.284428118273449 0.250218906676874 0.223949880695453 0.213428932505317 0.209254342383427 0.245575066960799 0.304697842671233 0.322685596652965 0.329208004952363 -9999 -9999 -9999 -9999 -9999 -9999 -9999 -9999
0.462286061227825 0.458473648369438 0.455010897535987 0.450991373770436 0.445615313679678 0.440206151679766 0.434584407484637 0.42866850132927 0.423369527067649 0.417615233909297 0.409651441132887 0.399501638246208 0.389544804628343 0.378468534473014 0.366870540914196 0.357546075029948 0.347389734850159 0.334387202950532 0.323415733802441 0.31221761248832 0.297233615937845 0.283629569186818 0.272288179271022 0.25941212534927 0.246949380424054 0.238730103984997 0.243581836232178 0.251129175435275 0.252318431906068 0.261278483449681 0.265614870874184 0.279163887111044 0.29361808045147 0.294132471588347 0.294672209408526 0.311691896145451 0.334522868018511 0.327218770331855 0.306074877969715 0.282696466615695 0.255348976459559 0.220345690442566 0.197426759004679 0.208694430163689 0.26125382253346 0.300789968997227 -9999 -9999 -9999 -9999 -9999 -9999 -9999 -9999 -9999 -9999
0.460236838947073 0.457025744034129 0.453631625357526 0.449557010970841 0.444054891319275 0.438605442183002 0.433225600426255 0.427373245232021 0.421755065957745 0.415700052244333 0.407664794963208 0.397286178186348 0.386816676090616 0.375616945462526 0.364433862030298 0.355753487469075 0.345419832103596 0.332191227467563 0.320520883227337 0.307405056598472 0.291307165810115 0.27843605063729 0.266560878633383 0.253576831376958 0.245303850882339 0.243761373387244 0.248130466414342 0.256393876711388 0.264382511518264 0.271045038569254 0.273204504937529 0.288378100731544 0.296557828814861 0.287866746505165 0.310174776220294 0.333823714241926 0.343109684756275 0.339861386253549 0.330269929334251 0.315463499344913 0.285737428430393 0.239887464386208 0.200716027407042 0.21183876791731 0.26458829144681 0.297371838915854 -9999 -9999 -9999 -9999 -9999 -9999 -9999 -9999 -9999 -9999
0.457576579389778 0.454328976739428 0.451331252898184 0.447413280799163 0.441997934230963 0.436565070172042 0.431448227929969 0.425630430333051 0.419397500118285 0.413104183904636 0.404975258281139 0.394028670831699 0.383500575404027 0.37321778277172 0.361597450378385 0.352687160353809 0.342917308357455 0.328643629472886 0.315287041156096 0.301268397929653 0.285126665204302 0.272590531830527 0.262124364409579 0.24996127519137 0.241398018985133 0.241718233762555 0.247513480665718 0.253746298667425 0.263358928504685 0.276600244009739 0.286942047911925 0.299021146450095 0.307871366288986 0.312199911617963 0.322978998401457 0.332431106960526 0.338703862301602 0.339107187978618 0.331023516588728 0.318278858788316 0.296770887461004 0.270684375009532 0.249284376142958 0.251616448308148 0.272338231679567 -9999 -9999 -9999 -9999 -9999 -9999 -9999 -9999 -9999 -9999 -9999
