layers/veg/veg4700.asc
NCOLS 255 
NROWS 330 
XLLCORNER -2985163.8955 
YLLCORNER -3022031.214 
CELLSIZE 25000 
NODATA_value -9999 
[rows 100 to 124 of 330, columns 174 to 231 of 255]
0.618726766474987 0.618195278385912 0.616088959815387 0.614871301152137 0.614167235370021 0.619351528575243 0.616704410387373 0.624295243923559 0.62073327038167 0.618494615824033 0.620275350694799 0.621899469105592 0.623149953552589 0.624609118130688 0.63069373250324 0.641959503851076 0.646994504031108 0.646431006788199 0.647597823665425 0.658247193669685 0.667473348621182 0.67764147634398 0.682401672853316 0.688442631227987 0.693624825963708 0.699400168453459 0.705792987608536 0.7079355940786 0.709858779525289 0.70267147445489 0.696727020527597 0.702354251266977 0.709508278413854 0.719170200871847 0.732333751478856 0.750843691948368 0.767223107030468 0.773446779322264 0.776757038594156 0.785822042085808 0.798908504469787 0.813101741036341 0.820464058395767 0.827420428306668 0.832094306443393 0.837138945969 0.835769339057514 0.833551067074454 0.831136262632935 0.833062711094827 0.850511841504568 0.863921052325801 0.884591083573675 0.896705610189169 0.901020736319492 -9999 -9999 -9999
0.612162455110957 0.610238678568799 0.605734907742916 0.60418461451977 0.607895172366117 0.61075559164877 0.609540429936693 0.618912836423341 0.610633617222614 0.60830714905123 0.611824076915657 0.615171621960889 0.614976391040426 0.616082751840283 0.621251212636796 0.630785376647818 0.639452427705916 0.639484646166344 0.644964037122786 0.651790390491228 0.664877489645055 0.672911842180832 0.677815298447599 0.684686783587646 0.691884710196222 0.695699096164942 0.701072163792353 0.706184300166393 0.704355179055993 0.695961365206582 0.695347164675431 0.69860995921234 0.703288287822823 0.704545785831467 0.71962761617924 0.74646310791193 0.765060311776443 0.77073401592276 0.768140768116606 0.772790291727903 0.790694101515325 0.80947877076263 0.813315444825154 0.816607777974065 0.819266969200095 0.821765801509799 0.820063876111567 0.824107934777752 0.831099504976584 0.833222385969373 0.847098524461574 0.857237832200783 0.88536258291181 0.900207356567194 0.901463211000919 -9999 -9999 -9999
0.605400103305738 0.602978229032658 0.594419024758318 0.593975984087386 0.60098360195698 0.603209830875386 0.603858074644181 0.611859567836689 0.59981622868571 0.603712160815437 0.602635486549245 0.611911001024888 0.611536633760915 0.610945216990469 0.620629027618836 0.630324446730035 0.632338415067053 0.633400607120521 0.641610044279931 0.651312698141253 0.662750888317332 0.666745700500225 0.674076043374344 0.679515429222835 0.688307236311186 0.696141635113405 0.700454762972538 0.703138174257632 0.702578721063184 0.701298873167589 0.708570351748244 0.713457709953945 0.718009389084996 0.732943027373079 0.73233314956483 0.738702826273417 0.759278574436009 0.766271716594439 0.764539598302503 0.770155222741786 0.789850104453025 0.800143631031715 0.799239104830447 0.788528380538265 0.803804366149541 0.809632971228475 0.815523475885847 0.82385796456207 0.831378546024139 0.837387603069007 0.846581583267855 0.861651775592837 0.886629755290475 0.900706132177246 0.903786152803195 -9999 -9999 -9999
0.600047707497672 0.59894060016204 0.588034453261345 0.588910245709639 0.590703157575876 0.592394158829386 0.599866610696539 0.604654863177002 0.595615337606621 0.599903706597279 0.59724706350254 0.613539842572758 0.598182184988509 0.608277494791407 0.622430936710478 0.626321840416902 0.627468684619251 0.63043524110207 0.63835767208869 0.648771181656058 0.655529413757083 0.665034879149305 0.669259308753455 0.674326911400642 0.680313658558254 0.689704955733247 0.695947651704812 0.699272692811375 0.700033409405737 0.705067168047795 0.714230016023315 0.724063264969169 0.733892301298957 0.739563394295128 0.744298621086471 0.745082758737365 0.757395784550849 0.761657066538401 0.766041945950786 0.775819312309056 0.780020807168199 0.784536692595251 0.791557305034318 0.789957625611194 0.799970725857429 0.811471995958695 0.819620386204621 0.829748177815685 0.836664539607643 0.842849231758076 0.854186256316969 0.872104191682984 0.889010026291058 0.895883859028745 0.900438537830795 -9999 -9999 -9999
0.59114437250134 0.584485575175338 0.5820478391171 0.584089330758305 0.584172422707436 0.588100527506788 0.594225343541792 0.595499606204433 0.593065431247355 0.592473890159493 0.594892220664956 0.600572806389335 0.592273766917989 0.611783253241459 0.624254018277394 0.61954860081107 0.62098516338732 0.625191177019002 0.633195717149198 0.63994586224869 0.644416704525292 0.660247157020323 0.670038211389403 0.670040967956553 0.678906252452131 0.681688835419459 0.689138909717502 0.692773727300264 0.693881730699166 0.701257438646101 0.714793582372329 0.726637352307055 0.736036644567077 0.743073062173607 0.749698866334884 0.754644133136297 0.757509137526791 0.768783513677302 0.77240746268523 0.78035422840458 0.78441108140595 0.785864984629338 0.790356750289173 0.795381264020344 0.801652232645935 0.811871950654661 0.820013380036808 0.829627716148398 0.838968753380791 0.844913489248863 0.856279532510258 0.874191847347194 0.889138832824288 0.896279900323139 0.904896801342862 -9999 -9999 -9999
0.586532839559842 0.580059227254309 0.574833948660558 0.577484344610559 0.582683935043656 0.587467987221645 0.585369068474304 0.582950356201966 0.584357581579763 0.585500111498507 0.590869284885202 0.592016894092149 0.599717269163078 0.614566773681117 0.619876329737351 0.611325370470052 0.614264386669633 0.617001046676928 0.625230019977663 0.633418475003243 0.639053208511996 0.654038882294772 0.670501208551264 0.672030626029236 0.675934085242802 0.675475196835087 0.682620829875527 0.686966569023639 0.697388140562747 0.707874053010977 0.716935106989748 0.726787286091426 0.736728693813494 0.745198858088709 0.752858012980863 0.75895804405478 0.761504571229594 0.769772212061357 0.778745976290401 0.780518439451924 0.783857576750932 0.787258778379498 0.792202054293675 0.795899949011834 0.802034652129504 0.813234933404388 0.820228448510351 0.826990739426546 0.840734073112096 0.841970198539872 0.855521334277762 0.869548887635681 0.886714294951037 0.898411921238238 0.903887525515319 -9999 -9999 -9999
0.579550530538619 0.578494004138031 0.570202397758242 0.571013871827413 0.578569829475622 0.582861929635268 0.57646912902042 0.572702909757252 0.577843261369049 0.580966226916572 0.582175705015957 0.592748712718847 0.604079594618365 0.609484699330961 0.605724134797611 0.604751471815311 0.606528244056528 0.610304300142277 0.617650139918496 0.630805745269883 0.643215918886634 0.654734127117364 0.666146189839249 0.669083662624155 0.668880571130682 0.67145511447916 0.679060834117579 0.690043994533388 0.701206294011892 0.707327555812071 0.719131390662046 0.728559300695057 0.737839086433318 0.747051705743167 0.755918579205218 0.76370406907229 0.769009415380371 0.775445274310381 0.781714287466852 0.781477672418135 0.788112590019441 0.792256772679434 0.798054901024225 0.80011764001013 0.802202007059179 0.8058983890616 0.806997465733134 0.81462281288644 0.83468577695744 0.841751851845536 0.859205147341369 0.878950005837256 0.892263596038412 0.897909942219175 -9999 -9999 -9999 -9999
0.572179712083123 0.572904816377598 0.566190161090605 0.565322088544665 0.57003153249033 0.573949844754058 0.572829787822419 0.568941345486674 0.566913152357172 0.568556634857258 0.57623932081617 0.590260815827026 0.599454954966088 0.596536577290897 0.592005296420812 0.600054237270455 0.597620196181113 0.607387369779615 0.623952753511133 0.633372539794583 0.643337789230463 0.652417394020988 0.659826714245121 0.663910857976561 0.664826222609604 0.669500904570768 0.681162547535945 0.693330389596202 0.703428606190649 0.710742285101268 0.720727904111636 0.73036917755068 0.73809040748827 0.746531803413273 0.756582650631758 0.765838202925232 0.772955040098945 0.779749561545506 0.784235804513986 0.783644695390874 0.785241363171506 0.795868100766013 0.800368797246119 0.797107776355226 0.788919829620487 0.797163708651396 0.808419144955863 0.817116452132011 0.833033998526982 0.846148776251646 0.852178395547557 0.867954505399933 0.891961369689548 0.899754709486905 -9999 -9999 -9999 -9999
0.565717453675955 0.563841879062534 0.560475425167029 0.560394751131932 0.564731321690728 0.568710358937341 0.575579327576217 0.574006627792364 0.571369389545232 0.575415270134573 0.583407145752712 0.588924932297311 0.588299647235432 0.583622100427756 0.585923746928793 0.595835565119859 0.604983193592892 0.605357570989941 0.618733861634636 0.631806312084095 0.638798879814479 0.646740537907927 0.6541689860035 0.660217464333525 0.665533971874788 0.672569400879833 0.684644542210107 0.695374189606047 0.701773877940398 0.711601078481664 0.722832425891932 0.732108732909938 0.736516585581388 0.744225980585412 0.754791785738097 0.764056621229857 0.772589631566172 0.781142665377959 0.785838192149813 0.785560590233806 0.782562352264725 0.794913336734103 0.797492454843653 0.792777963981387 0.807422321763308 0.804563956020953 0.807606302187398 0.820264451627595 0.83590415358608 0.848541392991635 0.858730243518168 0.878599499044974 0.89866333045171 0.904598535992423 -9999 -9999 -9999 -9999
0.559014898029423 0.557071091654733 0.554961077288284 0.551521830113863 0.54708825799101 0.556450250913967 0.564448158282154 0.567468339461642 0.566850278701925 0.573770254305263 0.582430579730977 0.585811918357316 0.58195088760328 0.579471937695494 0.586244429794945 0.59952537398496 0.605134384897202 0.609566257058752 0.619394653948918 0.627839901215956 0.635056282021911 0.645059768582078 0.653407806665432 0.657759969985158 0.665453595819628 0.676286964949546 0.687341682558932 0.696887944672435 0.704856070916914 0.714157821567503 0.72325806734722 0.731699599027426 0.735002227776356 0.743952943157636 0.752664635152719 0.759823992663798 0.765189882817656 0.771834565281529 0.781699027498743 0.789376871589965 0.791488466888052 0.796728853869358 0.799180185671268 0.806954526119525 0.81560327314146 0.801006880805178 0.804522305244928 0.818353175837751 0.837192161699655 0.857421412087514 0.874864407944136 0.889214234026771 0.902175446763235 0.907753204864488 -9999 -9999 -9999 -9999
0.552036397782708 0.554319191786514 0.550664566830302 0.539470972729184 0.534564704971339 0.541229954786716 0.536519829894409 0.550498658770111 0.559750450356697 0.567771970954022 0.57636664952053 0.583018604229497 0.58441130851695 0.587404434452981 0.593235897048143 0.597326273685986 0.605054489523897 0.610328117964209 0.619786876917465 0.626776842746515 0.63521144483564 0.644707619961367 0.652347109729057 0.658012204536379 0.668540164893609 0.679251798101021 0.682560098560288 0.690947294796559 0.704836505431214 0.713578120379364 0.721534310567998 0.729258978067987 0.733816338387475 0.741395440118667 0.74921253272638 0.758179332947171 0.764317463512233 0.769650276517395 0.781746610700509 0.795159981944576 0.801436521376539 0.805356094090059 0.814136331194821 0.819054455802845 0.824145629878891 0.79972898576576 0.80943749376361 0.82378109615792 0.839609203043144 0.855483438209833 0.876140555150904 0.894127227107162 0.902213643474822 0.902269099796401 -9999 -9999 -9999 -9999
0.543991651619051 0.541906747135819 0.542683173792065 0.537705386084798 0.529689850535345 0.526352068166209 0.526011064593703 0.541194083534942 0.555661218681804 0.564110363493999 0.574201905112125 0.579463894887301 0.581775627653279 0.586256133254076 0.588612912454265 0.592547474762572 0.600904019396444 0.607485601169468 0.618090226008365 0.627246324431681 0.635736139270605 0.640872999885447 0.638429124704438 0.65799993216829 0.664077597808953 0.663871086095435 0.669939591451194 0.683730869855492 0.696401274578593 0.707089995472406 0.719771784087197 0.727233265509098 0.731915895951805 0.738206204153356 0.745536800476128 0.755052501720261 0.759839845669541 0.76808373951857 0.785769977593682 0.800307106060039 0.809192822695421 0.814178155495876 0.817943925332723 0.822760954988913 0.82856117652526 0.816472717354662 0.822674969482434 0.849520878241783 0.865228789070056 0.872404827871127 0.886043609769525 0.898184599884645 -9999 -9999 -9999 -9999 -9999 -9999
0.534591611358035 0.53416095088091 0.531177934797664 0.524233488891005 0.52260644505982 0.521025596075578 0.523781666277748 0.536576295806476 0.553823198867994 0.561307857769848 0.568807754623297 0.572713842257715 0.577754187118388 0.574798530876769 0.579540087826195 0.588904232485235 0.59721585447102 0.604709689227474 0.614900992544694 0.625799620519951 0.635457108358201 0.645099537066161 0.651906379637188 0.659612973659016 0.647668108983968 0.644398321032674 0.663984516933864 0.681378702881039 0.68456402188448 0.698121496574636 0.716805331134147 0.724397737563075 0.730737148099699 0.739392986282117 0.74981977480504 0.756493718710736 0.756139034026773 0.762215938993619 0.784677746940433 0.803904484404168 0.815196849665696 0.814868877580212 0.821251658053816 0.831288829204276 0.836143980188563 0.838509849092695 0.839024700435176 0.851536360801689 0.872659416448594 0.880457712496469 0.892437168370811 0.894936827274878 -9999 -9999 -9999 -9999 -9999 -9999
0.527825990631909 0.526119506806624 0.522680424405093 0.516714312810071 0.515417797254211 0.519520583138229 0.520539255144484 0.531944647023417 0.549476001659395 0.555467258748042 0.557508357973642 0.555250968356474 0.565851273221337 0.56735653444951 0.576468299961015 0.587379661345723 0.594608856776556 0.602434428923371 0.612641927384691 0.624226725617275 0.635503192148819 0.644361459584428 0.649125509179567 0.634964693927775 0.620694437141787 0.635014449962678 0.667683550881354 0.683675718716355 0.676197109642678 0.693112811308288 0.714543323067683 0.725286853482326 0.731144823319015 0.738230694199215 0.750530488284148 0.756175861657878 0.757179843142624 0.767993055564658 0.784186747895581 0.799375283270601 0.811964767974573 0.818726067898385 0.829555808614542 0.841768154992062 0.84363202165793 0.843524815644498 0.852925944481298 0.866102775192402 0.876402276534558 0.887272464025415 0.894621162128867 -9999 -9999 -9999 -9999 -9999 -9999 -9999
0.515985370256122 0.509658807346361 0.507908206485574 0.506689568979973 0.508397733394007 0.515816408210953 0.519212021146324 0.527898635130288 0.537617511478572 0.54808049073365 0.551190184318973 0.558294852917953 0.565987190763405 0.564586064123345 0.57663835494355 0.588250372817463 0.594002121505729 0.6020801149426 0.613216273263891 0.622868540348823 0.632579429196829 0.642576683166391 0.647118729137221 0.637685962165672 0.625153755032756 0.642211519199906 0.674314028903226 0.682437003898644 0.672790332035952 0.691930431480914 0.717025196365744 0.730419302200299 0.735324983147329 0.740501084393479 0.748292032319077 0.750745070369062 0.75231963735734 0.772580985857958 0.787042775348786 0.802401987956999 0.811561167232769 0.822703863930319 0.832534564705734 0.846479875876572 0.85016197436859 0.852248584657891 0.860397436011246 0.871417783964246 0.881295532959668 0.890302269351329 -9999 -9999 -9999 -9999 -9999 -9999 -9999 -9999
0.513699643062979 0.503658040814329 0.494863675386488 0.494618971382346 0.499593641264698 0.509442973127683 0.519162183590341 0.525935607777207 0.534347684389245 0.539256915220119 0.548544514490916 0.55974598566293 0.566633912858187 0.565781549020836 0.57854022603844 0.58950930827052 0.596252941204673 0.604260254169988 0.61455422125474 0.621598865992203 0.629937472144411 0.639923336841129 0.647240101874798 0.648639328591329 0.642971704008404 0.654195000104459 0.675174995453729 0.674456413138321 0.690580455666227 0.709238730128315 0.724174516728782 0.734438373359796 0.740593153821561 0.746529867350462 0.750606358674354 0.753499121144424 0.757304165566676 0.770542574362622 0.792776039385972 0.80571042494892 0.811508565531617 0.823320163015522 0.831168828197191 0.848676204121187 0.855305753655742 0.858137487925415 0.865830939082032 0.875023659973576 0.879812114487939 -9999 -9999 -9999 -9999 -9999 -9999 -9999 -9999 -9999
0.512145133680173 0.503093781371085 0.489496764964057 0.485614974312813 0.491290062259649 0.49973798183604 0.507484602976624 0.512353143826436 0.522663287171569 0.538830076041098 0.548842575732105 0.558588286484484 0.565674655335003 0.570048524333119 0.579024955229684 0.58863652932492 0.596229670013624 0.603930613101577 0.601744407289309 0.610344449251189 0.622833815344153 0.630431332623435 0.636166811927234 0.643098441880164 0.647679117450005 0.658490307213511 0.672656742541644 0.672942463858091 0.675732737349793 0.717772322905795 0.728053470560345 0.736307113325017 0.745195831674973 0.753752536216814 0.759510340004048 0.768684495432664 0.775288190792612 0.781764796363816 0.795194357108741 0.806774047586227 0.814114250892275 0.825332772016384 0.835411099645066 0.848122021165447 0.852400076589866 0.863977028269801 0.869984158817359 -9999 -9999 -9999 -9999 -9999 -9999 -9999 -9999 -9999 -9999 -9999
0.506699683248307 0.50170394370022 0.492778601168347 0.482832208671966 0.48709438118573 0.49421260940403 0.503772978870787 0.511876300947846 0.520255179549412 0.534101648550886 0.547066322647872 0.55633512868534 0.56402697530388 0.571258088452387 0.575733906867399 0.58706175079229 0.595148778054004 0.602544776201215 0.581709910747102 0.591500428242687 0.599983594369327 0.616473708235369 0.622907726838301 0.629802534710157 0.639868670402614 0.652110049140429 0.665549200406452 0.673978164112685 0.692352780419353 0.718241237430846 0.72950632128352 0.737480810133417 0.748156327533736 0.758598534155947 0.765647230830032 0.770524779826167 0.782975402431965 0.791609418501865 0.793427639486848 0.80251605810664 0.818334928883896 0.830586005085523 0.843939031500908 0.854165134344166 0.856725223125085 0.867210367417431 0.867892723461728 -9999 -9999 -9999 -9999 -9999 -9999 -9999 -9999 -9999 -9999 -9999
0.501531290175036 0.504853360794116 0.499377475637864 0.481259268334774 0.484069463819893 0.49132872468168 0.498535037904089 0.506090450558513 0.511760501333971 0.52738972827704 0.544398087515337 0.552937564681353 0.560303590092493 0.566529306176194 0.571601882032096 0.585679060900436 0.592236733938205 0.595101433931885 0.577659937669037 0.585060790736042 0.593588469764829 0.613104852207994 0.622759294829771 0.632638671707425 0.63488275317377 0.638084667602322 0.657950518038231 0.680615547791948 0.699417036539404 0.717249581855889 0.730440369259673 0.739222728829692 0.746846291952059 0.758870446016786 0.771544268521941 0.777135757611005 0.78936433195441 0.796620372370576 0.794942894421049 0.801710310931508 0.821859106123615 0.838917287295335 0.848320122019988 0.85547683866829 0.859528452333715 0.866951196382334 -9999 -9999 -9999 -9999 -9999 -9999 -9999 -9999 -9999 -9999 -9999 -9999
0.497751858117337 0.499441507524681 0.484257429293815 0.474755924584668 0.481780077458425 0.490464632612351 0.496501121657921 0.508044634281087 0.509060739628891 0.520213515942499 0.535164678578024 0.543880984579257 0.552385456066342 0.561881992378911 0.564663928266884 0.565731048841169 0.590249534085783 0.591738699453126 0.568297265379067 0.580749084442411 0.597264127102683 0.614461632363871 0.624498129987422 0.630977891715199 0.627312414328706 0.64098359245071 0.664183199621821 0.684491192865003 0.701339494190105 0.718359047714758 0.731797699633931 0.740779316182125 0.748597395581631 0.75627449227223 0.764068016858809 0.776664699397601 0.786284566773249 0.797923141522255 0.8073218476328 0.816661365547199 0.828320837402176 0.841730248966494 0.847620524228734 -9999 -9999 -9999 -9999 -9999 -9999 -9999 -9999 -9999 -9999 -9999 -9999 -9999 -9999 -9999
0.495257637548498 0.493866306223361 0.482122063003026 0.465334526155396 0.477891139282215 0.485974942913529 0.493504534892373 0.506454782740676 0.510967095044275 0.511514566041396 0.515890833863798 0.522163928670184 0.530443269217296 0.550647853499387 0.562000763370794 0.565108356576873 0.588446968580071 0.588709965834988 0.577006646583958 0.577648533156747 0.577967684946668 0.609532774803939 0.617908451659058 0.615353862910867 0.62789267122222 0.649918320790709 0.671189627283892 0.688977291355028 0.706368399640583 0.722285140163158 0.734054845446899 0.744080315918086 0.754101209937313 0.760530778418498 0.767820753347093 0.776421428463447 0.784153725966724 0.79985408916853 0.810964873876091 0.822168737456791 0.834607446806166 0.845083734465477 -9999 -9999 -9999 -9999 -9999 -9999 -9999 -9999 -9999 -9999 -9999 -9999 -9999 -9999 -9999 -9999
0.47591935444558 0.488469993844035 0.480585743374355 0.458084301723478 0.471715103978279 0.480030159223775 0.488857777273071 0.4954251298002 0.507210675381594 0.510074248355198 0.513421969533553 0.518252931224953 0.524702192416651 0.54817530734798 0.565669993472655 0.574252433772615 0.585340874701845 0.59011570473487 0.600035320144752 0.584954905178338 0.577096311493188 0.591034557494776 0.620629231853709 0.618521782562543 0.638720038643016 0.654879653897893 0.675824471140659 0.695547149968897 0.714919061296035 0.72980165351453 0.73632939475539 0.746379801843111 0.758779818804247 0.766294752544813 0.772909746679148 0.777995057528456 0.789948994505369 0.801326423817276 0.816312365701017 0.824712748193494 0.838750983092463 0.840082276889829 -9999 -9999 -9999 -9999 -9999 -9999 -9999 -9999 -9999 -9999 -9999 -9999 -9999 -9999 -9999 -9999
0.46316915382526 0.471655518095265 0.469450098466224 0.451215869310376 0.46497213001896 0.474881381778415 0.483718846662811 0.49080811944504 0.494121590661236 0.501181026871583 0.506862070035563 0.515459403494163 0.534778958564775 0.554851459549284 0.56929823611607 0.579025878365868 0.579984315116231 0.586894233562184 0.598788985079421 0.587479374059243 0.575903716424933 0.590339476420774 0.623487173070108 0.617384281088679 0.652236465675559 0.65692432426467 0.679632061389155 0.70178177192564 0.719603533253755 0.732601792289203 0.737968461820121 0.748136764632152 0.760391588799339 0.769759868470019 0.776143222308241 0.780806640337243 0.791820180842523 0.807749867654659 0.819845443499596 0.827802602547542 -9999 -9999 -9999 -9999 -9999 -9999 -9999 -9999 -9999 -9999 -9999 -9999 -9999 -9999 -9999 -9999 -9999 -9999
0.460514127514329 0.460254731733337 0.455675544501587 0.445284153103014 0.459351598444367 0.46948935793153 0.478055157927382 0.484924875316473 0.492479906415672 0.500158978214625 0.505068610047382 0.515931445799385 0.538127320462765 0.556922157250554 0.569763515905486 0.578112852482415 0.572684806902308 0.578464663740205 0.600108928176893 0.590689773499353 0.574449843483926 0.591980665405724 0.60974502858027 0.612160377140341 0.662904408913216 0.663452190242902 0.68557308058731 0.701943155817033 0.724371818634114 0.735318869294106 0.742974962322444 0.75276585943683 0.762606333233209 0.772485389929151 0.782113875867621 0.790022292572766 0.799337104426174 0.810472570035109 0.820645392193875 0.825400428137337 -9999 -9999 -9999 -9999 -9999 -9999 -9999 -9999 -9999 -9999 -9999 -9999 -9999 -9999 -9999 -9999 -9999 -9999
0.460922708602934 0.45780607109154 0.448902244011599 0.443120386843669 0.454599816528681 0.464719955094792 0.474219161373785 0.481672114837752 0.493907093003736 0.500665533191569 0.504222231849031 0.517784749646961 0.538866119530559 0.556649940215709 0.569396772246999 0.576764135272121 0.57489695440832 0.563287339699548 0.58765301413146 0.595302502034686 0.581581535914009 0.585069336663413 0.594229329701049 0.614681434120549 0.666913672220351 0.675724791323033 0.696053336848323 0.701316818872118 0.727071080976059 0.737997467794827 0.745843399758977 0.750347091336812 0.763297650132064 0.776516100088123 0.789363591949401 0.793859279693517 0.80129984134021 0.813652758633567 0.82193370144265 0.824275173990926 -9999 -9999 -9999 -9999 -9999 -9999 -9999 -9999 -9999 -9999 -9999 -9999 -9999 -9999 -9999 -9999 -9999 -9999
