layers/veg/veg4300.asc
NCOLS 255 
NROWS 330 
XLLCORNER -2985163.8955 
YLLCORNER -3022031.214 
CELLSIZE 25000 
NODATA_value -9999 
[rows 182 to 207 of 330, columns 116 to 173 of 255]
0.125941666430314 0.13291270998347 0.138358481783613 0.146359333991301 0.154457020510954 0.164184031975674 0.174215365509148 0.184607170828783 0.194881920110056 0.203547022097262 0.215350832603309 0.227400819314689 0.239191789871094 0.250220680791378 0.263031091593891 0.272611756814921 0.284111509230534 0.299011558315205 0.310781226244145 0.318455822666123 0.330620519008979 0.343787762179951 0.352854514884349 0.372043864043733 0.385295383514816 0.384893978781834 0.388789833554571 0.390700885826773 0.402920919336878 0.403269059186677 0.416270933335499 0.417736461769545 0.408785869057913 0.39866778480986 0.396552746029658 0.397836772584327 0.403361018168583 0.404115193530364 0.411568446529603 0.415094088062211 0.417270682897714 0.421214299257571 0.43236893201284 0.442070137915744 0.447552398458267 0.492558996127271 0.537216932578307 -9999 -9999 -9999 -9999 -9999 -9999 -9999 -9999 -9999 -9999 -9999
0.122954458039379 0.129809955874802 0.135394006547919 0.143198206643002 0.151515270848002 0.160831692519168 0.17072277335965 0.180915222089112 0.191025988482436 0.199578075286432 0.21117801508823 0.222931946756267 0.234036520413761 0.245279957749406 0.258608986229345 0.269977305462636 0.281637346713294 0.294786854876986 0.305591311560734 0.310837946396389 0.321727843044586 0.338559494483726 0.349125594672783 0.365947603846091 0.376675505901757 0.369393497116572 0.374185487915291 0.385972278499821 0.392911881832431 0.395127305197179 0.400902288752749 0.406275533220545 0.396902202334622 0.386339632833435 0.379038521888515 0.379725243774439 0.386888251241879 0.392664219165352 0.397485426297468 0.399987880016786 0.407164599146117 0.411679259701843 0.420024229690506 0.434276155738784 0.455742748818149 0.502762713211393 0.528320905953913 -9999 -9999 -9999 -9999 -9999 -9999 -9999 -9999 -9999 -9999 -9999
0.120013189593956 0.126729169516046 0.132276840343499 0.139912676477013 0.14831734687551 0.157325742400568 0.167183985921323 0.177184330781277 0.187194042621297 0.195488263643673 0.2068270828557 0.218240800448276 0.230112852963394 0.241476406429944 0.25292998774718 0.264285958949733 0.27672893641868 0.289193508232657 0.299178183742682 0.306050063287735 0.320547242008645 0.331623696202045 0.349787185261571 0.359709151408332 0.358276617918462 0.362862886000739 0.373483232937525 0.385254533545962 0.3953592454332 0.400249209139961 0.39764352197831 0.399276289056984 0.386432493643534 0.375035797494361 0.365111610987138 0.360307504490861 0.364872562876353 0.367936688360661 0.373473821718904 0.38066819702408 0.395908520007187 0.40289841730141 0.405363594289826 0.43296077991637 0.473310000810512 0.503499270121184 0.520323441087057 -9999 -9999 -9999 -9999 -9999 -9999 -9999 -9999 -9999 -9999 -9999
0.117170863301391 0.123905811684067 0.129212665891078 0.136759694754515 0.14482801338048 0.154002555897968 0.163564318269949 0.173498749423816 0.18331837943355 0.19144589196232 0.202304050883527 0.213437563032304 0.225101881769663 0.236148789554745 0.246326071998676 0.256774824266145 0.270205310142399 0.283543530540032 0.290899022242752 0.302613314683265 0.318185100645548 0.331307685204195 0.337699024385027 0.343181977501518 0.344612561037022 0.360886834120457 0.373137797760656 0.380279656448913 0.392026951103631 0.398374917697275 0.397678947518759 0.393972875438682 0.380401444037348 0.367896766963986 0.358986609745618 0.351581635160964 0.354217635286861 0.346057005178257 0.3493944722333 0.364631284542355 0.382118753906964 0.396798918642173 0.398257401172896 0.433602873426204 0.472017738021071 0.499771414816231 -9999 -9999 -9999 -9999 -9999 -9999 -9999 -9999 -9999 -9999 -9999 -9999
0.114431246734558 0.120871272789782 0.12624634786668 0.133432883011574 0.1413456012713 0.150343067430969 0.159869549089919 0.169685797099231 0.179354898090632 0.187375925001293 0.198056752842199 0.208981058795414 0.220244736435948 0.231857794177993 0.243651351607262 0.253470562697891 0.265282532801816 0.277431125071694 0.287298284205128 0.299564467045301 0.311027346208317 0.318759543671742 0.322130187895132 0.334451529996658 0.342265627317113 0.360640459079821 0.367451462538333 0.374406528778357 0.384853358263771 0.390860748329156 0.394974266844751 0.391538340634881 0.380603037661976 0.367223775908186 0.360352927508116 0.357832144819405 0.352943725058161 0.340646661838752 0.340839704585782 0.341365166750438 0.359915321586036 0.390683697852864 0.407534451858907 0.426633057367251 0.45602670641946 0.47460271735996 -9999 -9999 -9999 -9999 -9999 -9999 -9999 -9999 -9999 -9999 -9999 -9999
0.112337009116023 0.118744766000344 0.123979447607057 0.131083688913746 0.13899805419151 0.147690167397546 0.157215134416282 0.16690492064764 0.175874226106546 0.183287060417707 0.193941311089419 0.205451068486601 0.217137704159616 0.228468439496122 0.240218421258046 0.249638361680627 0.261274920744144 0.273699370501979 0.28488091992499 0.296680890658517 0.303978723062199 0.306599205805101 0.312276731310647 0.329794036159919 0.344875182043796 0.357040531299699 0.360529816591473 0.366025875693833 0.377826742570434 0.381179369174025 0.38528432183576 0.389184443117077 0.380828174645964 0.372095900818395 0.370702509365309 0.350152013805305 0.335413573738867 0.333856014131583 0.337388085086071 0.328307236535536 0.34499987206628 0.384552149454339 0.391921104798449 0.406724897339583 0.435754860499919 0.463557950626415 0.473333973141747 -9999 -9999 -9999 -9999 -9999 -9999 -9999 -9999 -9999 -9999 -9999
0.109806282050308 0.116061335576448 0.121048221829972 0.127982779039658 0.135754021681626 0.144314886306386 0.153776086581511 0.163096896383883 0.171370194639365 0.178896602544488 0.189336991478036 0.200425695719219 0.21189652975112 0.2233655663998 0.235322750022955 0.244674295938785 0.255698203470886 0.268207480434905 0.278810042305802 0.289644629208006 0.295944236519851 0.301206650076229 0.310310334350192 0.327115835068806 0.342433583369374 0.349256244880987 0.352275650399503 0.354508084047418 0.368362568913871 0.369388357473472 0.367943644605163 0.367754596640334 0.37314080309173 0.373507588046943 0.361036784286371 0.342545915215723 0.331700581266452 0.32399832645783 0.3287294279912 0.319720759070693 0.329306313900773 0.367146563829022 0.377533997616743 0.390726174677733 0.419416732121978 0.452064701475141 0.470479540086213 -9999 -9999 -9999 -9999 -9999 -9999 -9999 -9999 -9999 -9999 -9999
0.107021051245428 0.112953821767654 0.117784810825464 0.124644586397927 0.132183599060987 0.140600134562716 0.149947075996794 0.158856996715194 0.166517028169186 0.174141312285556 0.18431739074602 0.194995815761633 0.205947888347485 0.217486456700849 0.229541381044457 0.238701575172311 0.249353008325492 0.261032858778062 0.2704053778 0.28050288538444 0.289666551878173 0.299366423830454 0.311365167352382 0.321956421531238 0.330528017281109 0.337223266014067 0.339386426012561 0.342322816771994 0.346785146715118 0.353904382158212 0.35199670786755 0.346901383796347 0.347070667765958 0.351022752973329 0.345116993212156 0.332140006121737 0.321866775103748 0.313294121731127 0.312775130543076 0.30869381930842 0.315931790280096 0.341012240396301 0.356600342636032 0.371760417335236 0.399784386669798 0.437813535571502 0.439518600919781 -9999 -9999 -9999 -9999 -9999 -9999 -9999 -9999 -9999 -9999 -9999
0.10402726772664 0.109699484817325 0.114439678005124 0.121172154682729 0.128449437635375 0.13670624605291 0.145950691459226 0.154466059560518 0.161657895327148 0.169201220483879 0.179199645758074 0.189789537415402 0.200481313589886 0.211836573869524 0.223499246000892 0.232207494318522 0.243166986084576 0.253917661090367 0.263405422495193 0.274731368048117 0.287434326887529 0.293652112055205 0.30579860994787 0.307965269970397 0.313143619613191 0.323066774751489 0.324842666698224 0.326476993054973 0.331619934981392 0.340057675937015 0.3362337282744 0.333002744145531 0.338323092827541 0.337587512819288 0.325071641620151 0.312732144607659 0.306216529541369 0.300317946345662 0.293980173280461 0.291648596318178 0.295309521665997 0.304184119544162 0.316860815905594 0.337726785023666 0.358250498103756 0.407568906968712 0.434750547151641 -9999 -9999 -9999 -9999 -9999 -9999 -9999 -9999 -9999 -9999 -9999
0.100842188874454 0.106440840768389 0.11111206722862 0.117507254321696 0.124533033015573 0.132693428658548 0.14179886652432 0.14986373518104 0.156822818341709 0.164205231344623 0.174265765743316 0.184590181578793 0.19532021457841 0.206313229164604 0.217365491195335 0.225667736722493 0.236046548482672 0.246759920192788 0.257700439533974 0.270613887149967 0.280181813794059 0.288081462965573 0.293996182287652 0.302016420948702 0.30598277693149 0.312448898492971 0.317691845973883 0.319748014782296 0.321466411173516 0.3271747392999 0.324863002556061 0.320798155602522 0.322719986880513 0.318631426978144 0.307014737390304 0.294647418517504 0.287429336947015 0.283126787664099 0.274906944547714 0.26964026608755 0.263252822403427 0.263496997793488 0.276354895923684 0.321603718285461 0.339015174168431 0.405331541381291 0.435982668641533 -9999 -9999 -9999 -9999 -9999 -9999 -9999 -9999 -9999 -9999 -9999
0.0976481129160003 0.103129905146299 0.107770664664845 0.113805148122273 0.120651958936285 0.128812335827999 0.137529861643652 0.145045856986358 0.152095695451279 0.159068015909864 0.169535598416018 0.179659266488826 0.189980143418202 0.200415008852892 0.21088627876769 0.218953207805565 0.229347290680322 0.240061972900482 0.252117309624482 0.263289341705988 0.272121605682082 0.279648205647682 0.284723317784199 0.291449508700166 0.296799935234577 0.305368048026358 0.309923283842361 0.309563098692275 0.311558227452172 0.316366104829376 0.315195735681112 0.311612027527309 0.304700786560706 0.298234125328447 0.291600251178492 0.281939991495945 0.269252413306439 0.262611756256601 0.25683210099434 0.25342196579608 0.249737026297838 0.233634475172897 0.271098258300694 0.32919330528974 0.353132103607529 0.399637782051423 -9999 -9999 -9999 -9999 -9999 -9999 -9999 -9999 -9999 -9999 -9999 -9999
0.094341760317895 0.0997168382366327 0.103678026738078 0.109862051768774 0.116815053065784 0.125166422305917 0.133038740135022 0.139708257617541 0.147267795374445 0.15500567525737 0.164663536171252 0.17416344991312 0.183294413499162 0.193701671213649 0.204334955703899 0.212270315091222 0.222593815249431 0.234172475159351 0.243874562911136 0.254601601190812 0.262862362467925 0.268985999808641 0.275011205907721 0.28245567878816 0.286687244381945 0.29288635621068 0.297439305832055 0.298676846977133 0.302006229933774 0.307397125322857 0.306461322517018 0.299861275015234 0.292214553926536 0.285271829926592 0.279243956972369 0.271622855378874 0.256365939385902 0.244786679300836 0.244744101715738 0.24196830754414 0.236780523968186 0.237889084129928 0.270627802089436 0.323224328025856 0.359229330091253 -9999 -9999 -9999 -9999 -9999 -9999 -9999 -9999 -9999 -9999 -9999 -9999 -9999
0.0909819973170571 0.0963429932797217 0.100079946597588 0.105910478263516 0.113386084733457 0.121292044101519 0.127549151386799 0.135384730828241 0.142995986740549 0.150163612898533 0.15826930462591 0.167751408057276 0.177591922566721 0.187653235372803 0.197875564431646 0.205521210884107 0.215921984311226 0.226720341395352 0.23567401770209 0.244119268838273 0.251555739474759 0.257035235549811 0.261786119783463 0.269769343404607 0.273048509278236 0.277109078218348 0.282979253677903 0.288436413765474 0.293543752876769 0.296353742572566 0.292416643242382 0.281902202388324 0.282472893491561 0.281336564743456 0.274190718675831 0.260934737187404 0.248661654562361 0.237796664303041 0.226323909621295 0.220550677822567 0.215913316502739 0.260041534726914 0.296047501175617 0.325953257095509 0.355577415041694 -9999 -9999 -9999 -9999 -9999 -9999 -9999 -9999 -9999 -9999 -9999 -9999 -9999
0.0885490232979823 0.093652695916639 0.0973232793846553 0.103232106339712 0.110409237466764 0.118348754256846 0.123863225325381 0.132203841421216 0.139853121918128 0.145986409298255 0.153336772809123 0.163121380349921 0.173308833466373 0.182869082199034 0.192884832650246 0.200218540956802 0.209928674538661 0.219860093236883 0.228326680366096 0.235796519950648 0.24264653610458 0.245210769652925 0.248222608771396 0.256324573760627 0.259464413541588 0.263686190800111 0.269353172714492 0.278291776497358 0.286571618956366 0.280195225519505 0.265907700850826 0.264576603730102 0.258636131002609 0.260709881940238 0.262035243304861 0.259045910254794 0.234112316771142 0.21677900345558 0.210482423727241 0.213697481648417 0.216284833503103 0.278233880816015 0.306135698589344 0.32993421539555 0.3510177027028 -9999 -9999 -9999 -9999 -9999 -9999 -9999 -9999 -9999 -9999 -9999 -9999 -9999
0.0857199073092946 0.0905702206253069 0.0941922480031177 0.10026586256052 0.107331627232416 0.114815861821668 0.120604858579157 0.128487941071401 0.135057721045317 0.140670774162334 0.14833605885104 0.158006843336872 0.168247309195105 0.177628115034377 0.187414601132624 0.194900510528507 0.204078811280504 0.213373803553821 0.221282084279645 0.228969185078023 0.234845334465533 0.234287880793605 0.238528487876488 0.247411711047957 0.250771147247242 0.255169665347152 0.256330245089743 0.268731982240746 0.279353392346797 0.271907574323608 0.258348220257347 0.267928888738132 0.263955813241474 0.26342088688832 0.254322184721324 0.237233869083188 0.218830563859 0.201682279268894 0.194896686036168 0.202401475616414 0.221849257732455 0.282195683005933 0.300017774339769 -9999 -9999 -9999 -9999 -9999 -9999 -9999 -9999 -9999 -9999 -9999 -9999 -9999 -9999 -9999
0.0824562899733887 0.0870778998223547 0.090731938730777 0.0969497846856461 0.104045634065143 0.110644246271183 0.116956985345242 0.123967430483894 0.129181889893617 0.134725114223723 0.143100263490198 0.152446736352969 0.162127588331338 0.171471557412312 0.181018399351585 0.188110177982667 0.19729034617186 0.205664586033087 0.213480144667851 0.220315191724377 0.224848524560878 0.225613216853951 0.233200812737999 0.241868355487211 0.24460533893057 0.246761390762588 0.245603703189922 0.256708101610674 0.272768944579772 0.25694286134292 0.257762254057949 0.259276239478487 0.271789862170755 0.265567467928735 0.253519875158531 0.236721039935554 0.214166725011916 0.198570574524884 0.183323859772394 0.186748752932077 0.223721387535529 0.27402622052408 -9999 -9999 -9999 -9999 -9999 -9999 -9999 -9999 -9999 -9999 -9999 -9999 -9999 -9999 -9999 -9999
0.0792217084017321 0.0835852450017791 0.0874126563954948 0.0937967020609005 0.100574436265813 0.106455421598489 0.112810882235254 0.11915730436939 0.124024382595258 0.129619326564668 0.138251674253523 0.147710998903059 0.156263825398001 0.16525905811529 0.17480223228619 0.179641516302318 0.188620964134592 0.195784234830174 0.204815952692836 0.212132242890477 0.220490313470796 0.22656132219497 0.235261024059744 0.241731076317203 0.247019589625782 0.251044313678497 0.240861574264786 0.254051685009107 0.268363339409925 0.25207074169948 0.254970088474273 0.259466719849922 0.267790298878668 0.262274522263468 0.253217314806751 0.241695456079651 0.221087067161793 0.210468753497123 0.187194088538403 0.187664474409967 0.226697755257143 0.26626275586983 -9999 -9999 -9999 -9999 -9999 -9999 -9999 -9999 -9999 -9999 -9999 -9999 -9999 -9999 -9999 -9999
0.075970570255088 0.0801459434309719 0.084137156886281 0.090710715813427 0.0967870048179221 0.10237613882843 0.10832239189913 0.11419496830507 0.119442694456287 0.125149881866749 0.13304862311888 0.142111588934506 0.150915162044753 0.158294402332259 0.165632514136206 0.16891203866516 0.178234209729164 0.184255614167264 0.194987116741675 0.203123764586944 0.210923047160701 0.219863975541886 0.225623927976375 0.232039072866887 0.238719150914103 0.24533288859683 0.245128285908782 0.252239274590637 0.258154810596116 0.252799738812196 0.253569974540445 0.256055692054917 0.256381913243068 0.252841055107319 0.246245779423786 0.237551528617107 0.229220768114092 0.223233440723404 0.210764581222786 0.221521816059635 0.233377630544102 -9999 -9999 -9999 -9999 -9999 -9999 -9999 -9999 -9999 -9999 -9999 -9999 -9999 -9999 -9999 -9999 -9999
0.0729116558037485 0.0769559918031169 0.0803607093424396 0.0872262225225904 0.0928979443298979 0.0981152855528742 0.104043006623844 0.109431319542278 0.11510724261685 0.120310623386666 0.12796474150843 0.136602668085272 0.144486480671098 0.151374089214577 0.159314698845606 0.163203380911251 0.168899064661514 0.176395702613148 0.184570851820371 0.19497482570628 0.200994927741002 0.208958000699922 0.215673675065313 0.221556007384481 0.228553623026891 0.235169456907526 0.239813860316325 0.242480218384714 0.246107261136028 0.24793843707601 0.247487288802712 0.245861864457407 0.242184667917142 0.237966895299324 0.232842098306535 0.22599371918508 0.214948701325552 0.210094905282353 0.2039672479415 0.216608741489232 0.226615973122554 -9999 -9999 -9999 -9999 -9999 -9999 -9999 -9999 -9999 -9999 -9999 -9999 -9999 -9999 -9999 -9999 -9999
0.0704211660987277 0.0745334518434963 0.0793889914491607 0.0849338150010641 0.0902948209884141 0.0953619226687916 0.0999044605787125 0.105932191065305 0.111497833017017 0.116743201929997 0.124323902470076 0.133221759834519 0.139009839381685 0.146589280486468 0.154429917866752 0.154898396523732 0.162861214248001 0.166526099800578 0.173692591479501 0.184651823268227 0.191898493466603 0.199838947534224 0.206669909272915 0.212083047395837 0.218809330985266 0.224014331118561 0.226067081742611 0.228781100751993 0.234263516768194 0.234265144499381 0.233286263988794 0.231253468081626 0.225454283994935 0.220362366118652 0.217967644119277 0.213150607651459 0.203040833023443 0.202011559458546 0.201277392099763 0.209159085642389 -9999 -9999 -9999 -9999 -9999 -9999 -9999 -9999 -9999 -9999 -9999 -9999 -9999 -9999 -9999 -9999 -9999 -9999
0.0678183977243856 0.0720985027208423 0.0767701192360167 0.0817201925415661 0.0867738966778372 0.0908015897782485 0.0958183542278773 0.10139676890547 0.106681471910575 0.112281495233847 0.119893683493483 0.127624887876703 0.132555048543895 0.139318857295427 0.146033163742847 0.147142698621738 0.154937072780067 0.159986913660189 0.164197391657815 0.17319357537247 0.183385315384926 0.191274686963405 0.197520499723945 0.201611603809361 0.205053070072859 0.20849068455098 0.210681743350108 0.214520098678054 0.221542819285014 0.216920358758831 0.214318873772438 0.212134318974401 0.204459064547818 0.203122182956951 0.208726638620035 0.20569808649775 0.1985100253002 0.200738542193424 0.196541035175001 -9999 -9999 -9999 -9999 -9999 -9999 -9999 -9999 -9999 -9999 -9999 -9999 -9999 -9999 -9999 -9999 -9999 -9999 -9999
0.0649404683152366 0.0695591014894578 0.0737001516345368 0.0779518035355486 0.0830603740102736 0.0860361022636656 0.0914320205048697 0.0968710482364275 0.101856888717426 0.10759636764369 0.115311357382726 0.121620252574159 0.12652567708546 0.131704721527036 0.136678688418669 0.139642402203088 0.14517351791962 0.152266774267633 0.154029999297601 0.162190040567621 0.174409590268963 0.18099851874484 0.18688253387319 0.188354574375962 0.185610261123215 0.185934494033024 0.194070090285013 0.195745977830315 0.203932932725903 0.197572450924576 0.194286059912196 0.191913855919381 0.188122058887185 0.19419884079804 0.198792273070942 0.199750652732032 0.196895891527266 0.183325300578812 0.188942573649805 -9999 -9999 -9999 -9999 -9999 -9999 -9999 -9999 -9999 -9999 -9999 -9999 -9999 -9999 -9999 -9999 -9999 -9999 -9999
0.0623648678680566 0.0670858007785644 0.0705796091370547 0.0739672387533116 0.0786755720249631 0.0816188825278695 0.08684028367207 0.0924714233476018 0.0974396444820925 0.10288709959037 0.110435250052844 0.116091076332722 0.121195101998424 0.125935813861504 0.130025468200571 0.132789025715163 0.135647838391431 0.140518002011551 0.143847365015389 0.15354539405447 0.164728249819843 0.169263759793238 0.174893239003245 0.174935792400089 0.173088305220891 0.171775178678665 0.183189568826016 0.187010994108789 0.190056678870818 0.188123601249059 0.190115024048906 0.19120258052161 0.186506056040124 0.18961258750801 0.189211081932434 -9999 0.177576530507437 0.179405657298292 0.185624386072389 -9999 -9999 -9999 -9999 -9999 -9999 -9999 -9999 -9999 -9999 -9999 -9999 -9999 -9999 -9999 -9999 -9999 -9999 -9999
0.0602525545937687 0.0646154844394338 0.0673871053310735 0.0694084877994159 0.0733495195357752 0.0772950489110352 0.0825811168342834 0.0880009892402291 0.0929996934314054 0.0981308969065889 0.105388416130899 0.110868136391198 0.115453237242106 0.120777807886588 0.125834691667629 0.127362109720733 0.12802981586802 0.130946143290116 0.140562416306126 0.149273984833783 0.155465848729346 0.160159176844974 0.165178197410865 0.167164426356957 0.161525532862286 0.16246039302233 0.165298006608933 0.171848703573126 0.173525729217602 0.175262107698984 0.176950595545876 0.180349369961214 0.180721884205723 0.182314662419082 0.18119056197248 0.164000341865364 0.166227679462833 0.170446376341527 -9999 -9999 -9999 -9999 -9999 -9999 -9999 -9999 -9999 -9999 -9999 -9999 -9999 -9999 -9999 -9999 -9999 -9999 -9999 -9999
0.0578408946907907 0.0616413320283463 0.0641324396226556 0.0638489823074662 0.0680859936145208 0.0729680582740851 0.0791793639788004 0.0836764880958878 0.0881383807199793 0.0936989419329976 0.101548647509143 0.106239387864534 0.108479561283759 0.111256704141886 0.117242498290791 0.119662924467708 0.119478259238437 0.123599119031507 0.136772852798082 0.14268026319124 0.146424058179087 0.148818609130726 0.152963390078819 0.158760614719587 0.160069113105628 0.159996017491763 0.159367159052052 0.158398480903459 0.159183072510085 0.161881266305084 0.163406765687735 0.170512169902104 0.173245986959389 0.177286052436895 0.176463445967699 0.162416223236064 0.165666178528068 0.166799542639752 -9999 -9999 -9999 -9999 -9999 -9999 -9999 -9999 -9999 -9999 -9999 -9999 -9999 -9999 -9999 -9999 -9999 -9999 -9999 -9999
0.0549283194796632 0.0576344321440452 0.0600783005036318 0.0598422372335226 0.064484587885624 0.0698689793157832 0.0756612234324098 0.0795567735961804 0.0841095871532008 0.089711529064363 0.0953969475348791 0.0999668676701761 0.103278547939273 0.105390119850663 0.108102254952213 0.111350558361952 0.111908689839759 0.12022140720754 0.130184033972434 0.134859880318052 0.136791617548924 0.139367119718973 0.143364436317749 0.150119400243029 0.152368428500373 0.153981009361613 0.151602056698488 0.146843806819178 0.150818439236026 0.153506211405912 0.156013047391953 0.165343981348861 0.166648374925622 -9999 0.155187699828361 0.156111441797781 -9999 -9999 -9999 -9999 -9999 -9999 -9999 -9999 -9999 -9999 -9999 -9999 -9999 -9999 -9999 -9999 -9999 -9999 -9999 -9999 -9999 -9999
