layers/veg/veg4700.asc
NCOLS 255 
NROWS 330 
XLLCORNER -2985163.8955 
YLLCORNER -3022031.214 
CELLSIZE 25000 
NODATA_value -9999 
[rows 150 to 174 of 330, columns 57 to 113 of 255]
-9999 -9999 -9999 -9999 -9999 -9999 -9999 -9999 -9999 -9999 -9999 -9999 -9999 -9999 -9999 -9999 -9999 -9999 -9999 -9999 0.515050362708865 0.526176342601818 0.474454724669992 0.388381423847386 0.220178665389869 0.091131783247679 0.069112689467342 0.0835313521240878 0.122174437568544 0.124385229425027 0.121757169604401 0.113923246655835 0.105432644504198 0.0964149795164355 0.0477453793391199 0.00326687921022537 0.00107606261881718 0 0 0.0691513670297061 0.141844569507849 0.149979413405226 0.146209460056989 0.128627118176943 0.166448536297927 0.221980029004548 0.297257315008036 0.340118819012695 0.337659281507355 0.362920338570226 0.396296790848409 0.396149298273663 0.393237774902956 0.385641584211054 0.380730101101585 0.377034134022807 0.373933878137804
-9999 -9999 -9999 -9999 -9999 -9999 -9999 -9999 -9999 -9999 -9999 -9999 -9999 -9999 -9999 -9999 -9999 -9999 -9999 -9999 0.509976756262955 0.505660682338217 0.473093514146811 0.425084663772551 0.267660561995212 0.133488942581862 0.0685217245629294 0.0668977856586165 0.107385505760588 0.10947425460129 0.104582354009461 0.0881398438292344 0.0859319791314298 0.0951491033538608 0.0610490091722714 0.0251302326549656 0.00827753406907318 0 0 0.0522040492987055 0.10850041267065 0.124432111189798 0.146288578349638 0.175019182442506 0.205050432060546 0.237363350221936 0.287127842391758 0.318045468679498 0.322612979736144 0.358048745643651 0.401630289066868 0.391974199058538 0.385127660234165 0.383042939779521 0.381619649200618 0.380491105231404 0.378852160373464
-9999 -9999 -9999 -9999 -9999 -9999 -9999 -9999 -9999 -9999 -9999 -9999 -9999 -9999 -9999 -9999 -9999 -9999 -9999 -9999 -9999 0.489551801299063 0.475263572953922 0.45316558407423 0.300520906468785 0.161609349395412 0.0697089195146929 0.0549201699954832 0.0913965402202242 0.0974842848411666 0.0959287877338169 0.0784003799429495 0.0791797702189061 0.0946533367794546 0.067433381733853 0.0357914074766721 0.011789170392328 0.0011826970788788 0.00350704168470718 0.0404466235939712 0.0804619104082421 0.0958500300454692 0.123600984338513 0.165695759202174 0.207444524346587 0.248778745724117 0.287222453240412 0.312706737999491 0.320072239236809 0.355715271073077 0.398552878798098 0.387845240915783 0.381541080994192 0.382700234915679 0.383762582560917 0.384749616293588 0.381331028078598
-9999 -9999 -9999 -9999 -9999 -9999 -9999 -9999 -9999 -9999 -9999 -9999 -9999 -9999 -9999 -9999 -9999 -9999 -9999 -9999 -9999 -9999 0.481955154225471 0.470206278262675 0.314659462756553 0.171500674730954 0.0731729132555188 0.0489041460935617 0.0738710225305751 0.0892344404519881 0.0981860347149713 0.0892039626360959 0.0887509925942301 0.0951436371054438 0.0649581703146112 0.0321090424669081 0.0105762527786479 0.00387974803750922 0.0115045841718022 0.035334460878234 0.0592168962954587 0.0633821447275747 0.0717623425044812 0.0850328812751073 0.163477271321773 0.255113513389551 0.300408227277446 0.328795418150665 0.333543921164771 0.356631664493486 0.38470593833657 0.383775362915535 0.383746545675827 0.385246089512943 0.38751038065549 0.390034438326458 0.380686410552731
-9999 -9999 -9999 -9999 -9999 -9999 -9999 -9999 -9999 -9999 -9999 -9999 -9999 -9999 -9999 -9999 -9999 -9999 -9999 -9999 -9999 -9999 0.485402092918967 0.48469583940413 0.338834641979987 0.200949616628544 0.0968243486649234 0.0591023200452686 0.0655262625728568 0.087319075804871 0.103296090051873 0.0961350746890097 0.0930108031664267 0.0931264966788697 0.0616925800357835 0.0303159303660004 0.0186864214137958 0.0125957220061318 0.0118515887917012 0.0425809477728411 0.0727325935991406 0.0605772836211506 0.0814321512947216 0.14058665480589 0.22143763447456 0.301857890085827 0.322946653978324 0.331568232992561 0.322759234413424 0.345730661741731 0.378627054673003 0.384175501296879 0.388666252466358 0.391364349466342 0.388628416073484 0.383438406594976 0.377907490867199
-9999 -9999 -9999 -9999 -9999 -9999 -9999 -9999 -9999 -9999 -9999 -9999 -9999 -9999 -9999 -9999 -9999 -9999 -9999 -9999 -9999 -9999 0.494275580232986 0.497122486802577 0.368710247928018 0.242309154042299 0.133234266265641 0.0784276567340322 0.0596994956227907 0.0860081694049469 0.107072477940087 0.098375144067639 0.0927670222983527 0.0896383591214469 0.058929085432515 0.0306276716195361 0.0295886018298705 0.0226034568932868 0.0098786157083868 0.0534239263179834 0.0967090783584889 0.068915942166941 0.110791850455268 0.233500375305004 0.305938905637308 0.357506406663032 0.347438499263114 0.331140058883839 0.30613060718924 0.33244624085937 0.375473377548765 0.386521906500118 0.394605729331625 0.397664766658978 0.388607329997055 0.374195572114056 0.375403456531974
-9999 -9999 -9999 -9999 -9999 -9999 -9999 -9999 -9999 -9999 -9999 -9999 -9999 -9999 -9999 -9999 -9999 -9999 -9999 -9999 -9999 -9999 0.491873797295682 0.491006137485319 0.42924688455677 0.353376074690379 0.247358790178544 0.146269639459135 0.0484567935459306 0.0669008809135405 0.0829044150196083 0.0578632931255147 0.0578443252878693 0.0779085996502756 0.0655532810672371 0.0495162392685287 0.0379070927645267 0.0246046890379183 0.00966779837868743 0.0595439908649644 0.111684027834876 0.0970845354856952 0.138864148640635 0.246056896873179 0.312754772641185 0.362274989183919 0.358821366508335 0.344165929504962 0.313849050425154 0.336777769689025 0.377599294700881 0.395170278083419 0.402361057084437 0.391958759943005 0.384951819709748 0.379553429508332 0.384834562897637
-9999 -9999 -9999 -9999 -9999 -9999 -9999 -9999 -9999 -9999 -9999 -9999 -9999 -9999 -9999 -9999 -9999 -9999 -9999 -9999 -9999 -9999 0.497061649424898 0.493121911727549 0.469684492252194 0.423778547203435 0.322661250623928 0.189622988319425 0.0353631403541918 0.049759043158543 0.0660404385037154 0.0402733112049544 0.0402917326748011 0.0610061110160244 0.0607184877869574 0.0544512185648901 0.0358078776699597 0.0201470521894054 0.0073652237130033 0.0578471628362243 0.112938398650696 0.117047797969812 0.157906556534847 0.241403288492224 0.305510327410619 0.359371269446475 0.369466279140833 0.363817969969143 0.336158666033883 0.351150000095984 0.380849822148442 0.398638201389735 0.404137015226855 0.388806638041675 0.38467020858074 0.385617382656349 0.391204303408951
-9999 -9999 -9999 -9999 -9999 -9999 -9999 -9999 -9999 -9999 -9999 -9999 -9999 -9999 -9999 -9999 -9999 -9999 -9999 -9999 -9999 -9999 0.502742813585434 0.507589490789267 0.479026024471221 0.43126729624222 0.337900420462589 0.19508891438431 0.0194058007743035 0.0356580390999024 0.0604769294321228 0.0581467425427698 0.0496131785621343 0.0361006697511925 0.0381549979927263 0.0377979988482876 0.0175909797733904 0.00569662024769586 0.00182640095723195 0.0440564827944423 0.0929650698087793 0.12431623883896 0.162978431276997 0.210123144987009 0.27651256604153 0.344597399618982 0.378969470329398 0.393721643894952 0.381042914422098 0.381056633439499 0.385840282741266 0.394091229491059 0.396662032474426 0.389605741605894 0.389608502514022 0.392773767031999 0.392837672626731
-9999 -9999 -9999 -9999 -9999 -9999 -9999 -9999 -9999 -9999 -9999 -9999 -9999 -9999 -9999 -9999 -9999 -9999 -9999 -9999 -9999 -9999 0.509896969783557 0.510106747158396 0.484543154207067 0.441145170881032 0.354881961448355 0.207234796964022 0.0187785644976716 0.0246962574425271 0.0418923044630989 0.0399869454879935 0.036206460092186 0.0309209636578514 0.0256165495009597 0.0190455338671381 0.00711454980502974 0.000874927688660132 0.000129129313266841 0.0337693895445327 0.0730146823639424 0.102844216799658 0.142983636579761 0.195084968785341 0.251701278359133 0.308458070688551 0.354963206340853 0.382577694022684 0.383780854010758 0.387749051060657 0.392702607659672 0.397451769779011 0.398680619129012 0.393943003049253 0.393126860409282 0.394065650362393 0.393014983270951
-9999 -9999 -9999 -9999 -9999 -9999 -9999 -9999 -9999 -9999 -9999 -9999 -9999 -9999 -9999 -9999 -9999 -9999 -9999 -9999 -9999 -9999 0.473900572767227 0.504579474565892 0.487179735401654 0.450841389126412 0.370912113977224 0.221502920122895 0.0259023278251593 0.0159184699978198 0.0183713246156219 0.00795673273076521 0.0139520252041706 0.0331181934262562 0.0171062733268455 0 0 0 0 0.0249940922573477 0.0532142297664575 0.0695850377457719 0.112397672536218 0.185889098226759 0.229098000062194 0.265625827017754 0.318664042587608 0.355567923441119 0.369914123796841 0.385289513928304 0.400392127263647 0.404002373224768 0.404451432517503 0.399542697713579 0.396001449851296 0.393094617169263 0.392618651765693
-9999 -9999 -9999 -9999 -9999 -9999 -9999 -9999 -9999 -9999 -9999 -9999 -9999 -9999 -9999 -9999 -9999 -9999 -9999 -9999 -9999 -9999 0.449481442370451 0.442394033404406 0.444956549120694 0.421395717494606 0.330633336138846 0.215499655870246 0.0841635332320203 0.0378448082299694 0.0072595569584762 0.00314415839199991 0.00551323999629535 0.0130868849454273 0.00675966312510197 0 0 0 0 0.0191034352585846 0.038180228445781 0.0334903381337968 0.068804325068149 0.150532298222117 0.223555105072494 0.290849517829528 0.328222131397895 0.357353178693374 0.374961555729827 0.393041400927 0.410283456161963 0.409536351397728 0.406367939230413 0.399095730650139 0.396653708638276 0.396367860458965 0.392876141506836
-9999 -9999 -9999 -9999 -9999 -9999 -9999 -9999 -9999 -9999 -9999 -9999 -9999 -9999 -9999 -9999 -9999 -9999 -9999 -9999 -9999 -9999 0.389378905925567 0.39446421876623 0.413602810549052 0.400029148285415 0.302120789478089 0.21126517841392 0.125098350629818 0.0535903272216617 0 0 0 0 0 0 0 0 0 0.0145376720212903 0.0270248215112423 0.00944298898328644 0.038469775857221 0.121573616445562 0.217815295593428 0.310736162548498 0.339870635541713 0.364005078770651 0.381148897602307 0.399654954913585 0.417410529673355 0.413003098049309 0.407566936899161 0.400387215004207 0.397850690306498 0.397370876546698 0.391582486730391
-9999 -9999 -9999 -9999 -9999 -9999 -9999 -9999 -9999 -9999 -9999 -9999 -9999 -9999 -9999 -9999 -9999 -9999 -9999 -9999 -9999 -9999 0.382727005149977 0.377524574414805 0.402732732120983 0.393887785794693 0.29578190674751 0.210364009932552 0.133381293435216 0.0576879866241464 0 0 0 0 0 0 0 0 0 0.0124686937414322 0.0231786920455398 0.00809907786225228 0.0331216587700368 0.104672297917572 0.211704397390685 0.320565052608797 0.355458563140712 0.379828254270668 0.389484419255333 0.404123300866252 0.419328316622077 0.412574111536296 0.407413776500306 0.404954840792933 0.400074211562581 0.394095610637272 0.387365673576304
-9999 -9999 -9999 -9999 -9999 -9999 -9999 -9999 -9999 -9999 -9999 -9999 -9999 -9999 -9999 -9999 -9999 -9999 -9999 -9999 -9999 -9999 0.373396454218949 0.373144637407923 0.393223272378773 0.384489020227705 0.300732480743061 0.231328327386575 0.171465877569968 0.0842870217780316 0.0136622266143241 0.00420904336375027 0 0 0 0 0 0 0 0.00712157543675444 0.0132386605486271 0.00462584093893645 0.0362441867812427 0.114540227072756 0.232008727901191 0.350377389515066 0.376900075962499 0.395277606248081 0.402267258847109 0.411584863800941 0.420815961468577 0.413521848970295 0.408070760814062 0.405743355621122 0.398807991039636 0.389816879613093 0.384054828487897
-9999 -9999 -9999 -9999 -9999 -9999 -9999 -9999 -9999 -9999 -9999 -9999 -9999 -9999 -9999 -9999 -9999 -9999 -9999 -9999 -9999 -9999 0.374320100641592 0.37549678342361 0.384400142860676 0.37344713877043 0.311377740138328 0.263322144889593 0.224583157775299 0.122236315768417 0.0342160233294609 0.0105412338701656 0 0 0 0 0 0 0 0.000120881004329167 0.0002247118769299 7.85186232360475e-05 0.0436395208395579 0.137911236813736 0.26563756294125 0.390269878704162 0.401294284127638 0.410538392255679 0.417293437259173 0.420556280527464 0.422086631839798 0.415164040526461 0.409136402459919 0.40462559200448 0.395781457151759 0.385031975592573 0.381200976436569
-9999 -9999 -9999 -9999 -9999 -9999 -9999 -9999 -9999 -9999 -9999 -9999 -9999 -9999 -9999 -9999 -9999 -9999 -9999 -9999 -9999 -9999 0.37486446593564 0.374797134829568 0.378736106748837 0.366518218780385 0.312919966379444 0.255036242952002 0.194303467548219 0.150337143434076 0.101316330382403 0.0312134207749473 0 0 0 0 0 0 0 0 0 0 0.0455064097438919 0.143811048563208 0.27777714034564 0.408263542382483 0.415994657455028 0.420853729561085 0.421697350844226 0.421568812391411 0.420585677119399 0.410603498452425 0.402624861611267 0.398041963678575 0.391952750709343 0.385196347602211 0.380166892664389
-9999 -9999 -9999 -9999 -9999 -9999 -9999 -9999 -9999 -9999 -9999 -9999 -9999 -9999 -9999 -9999 -9999 -9999 -9999 -9999 -9999 -9999 0.373521510148208 0.373883911966544 0.373297523111718 0.36039309254346 0.316312885403934 0.246950555912234 0.160780253572723 0.167636788055912 0.155115438492642 0.053566100209836 0.00559674670725835 0.000631676888207337 0 0 0 0 0 0 0 0 0.0444784690909448 0.14056251228023 0.281469238614065 0.420323517429443 0.426020113095602 0.427797935453021 0.42409685596565 0.420740428051864 0.417036397508379 0.404909492148503 0.39604017047065 0.392692023102261 0.38855022691874 0.384041806781289 0.378341450968428
-9999 -9999 -9999 -9999 -9999 -9999 -9999 -9999 -9999 -9999 -9999 -9999 -9999 -9999 -9999 -9999 -9999 -9999 -9999 -9999 -9999 -9999 0.373087759209598 0.372779327444761 0.368254048117745 0.355968699791416 0.324380348344366 0.240975757533256 0.123122874281542 0.16022698778336 0.176089088074198 0.0792399870206308 0.0242054111040503 0.00273194403172765 0 0 0 0 0 0 0 0 0.036946152234892 0.116758604407127 0.266399556402002 0.4194827727313 0.425572806721325 0.427106592313715 0.422270211585064 0.415957200754305 0.408838171834653 0.396833665245943 0.38959493601309 0.39043357027115 0.386171306689014 0.379618740200219 0.374601838722935
-9999 -9999 -9999 -9999 -9999 -9999 -9999 -9999 -9999 -9999 -9999 -9999 -9999 -9999 -9999 -9999 -9999 -9999 -9999 -9999 -9999 -9999 0.476083162508758 0.390817912844418 0.365855293326145 0.343217734092188 0.320866470251159 0.243006639879293 0.128243796932968 0.168082863051616 0.188985656067505 0.104713151352931 0.0450298492398725 0.00508229450644946 0 0 0 0 0 0 0.00446826077728095 0.0353083393813347 0.079709028787987 0.139843243198869 0.274865121469893 0.415767386763497 0.418953695534224 0.420127569341113 0.418487824505838 0.411044380942767 0.40161117188271 0.394007607593193 0.388453341886345 0.386372366750509 0.381603159655802 0.375645054931987 0.373019220396298
-9999 -9999 -9999 -9999 -9999 -9999 -9999 -9999 -9999 -9999 -9999 -9999 -9999 -9999 -9999 -9999 -9999 -9999 -9999 -9999 -9999 0.531214394755377 0.485689080592647 0.415280219409053 0.365085854450673 0.325337069675695 0.310217749213405 0.249969530916833 0.159718875368979 0.185343365738211 0.196906227894646 0.130062657867424 0.0672193449784986 0.00758671222485136 0 0 0 0 0 0 0.0116892544883889 0.0923688623299155 0.153456944534521 0.19181421004019 0.29782989630251 0.410281038873292 0.408532359898675 0.409274935534856 0.413500575489275 0.406051723897237 0.394982508770043 0.39441574181716 0.390579127649788 0.381200554104327 0.375686309621143 0.371948217144545 0.372765447563346
-9999 -9999 -9999 -9999 -9999 -9999 -9999 -9999 -9999 -9999 -9999 -9999 -9999 -9999 -9999 -9999 -9999 -9999 -9999 -9999 0.490478574227263 0.487778957843867 0.46006323462697 0.418674031454608 0.375832512485713 0.329762646150725 0.275634218055618 0.214840514916024 0.14961562675128 0.143016804258714 0.128347955534003 0.0709286091432164 0.030401073847818 0.00343121758600334 0 0 0 0 0 0 0.0197380764840779 0.155970910824649 0.247798596892908 0.288105778403578 0.323917362203994 0.357796929879637 0.385567799686496 0.400945075862593 0.39899466358687 0.398143536434205 0.397337098815217 0.390254207502514 0.383302783736356 0.376574180106643 0.37339591642425 0.371804140079011 0.368083110340842
-9999 -9999 -9999 -9999 -9999 -9999 -9999 -9999 -9999 -9999 -9999 -9999 -9999 -9999 -9999 -9999 -9999 -9999 -9999 -9999 -9999 0.451516713464603 0.436187048229275 0.412478386545204 0.378613631376896 0.33048623261477 0.24710481889568 0.182768342165387 0.131093254353991 0.102330835984134 0.0703947484877114 0.021687134705731 0 0 0 0 0 0 0 0 0.0253900870578798 0.200633278907859 0.315447976092062 0.360151286286987 0.337508640564358 0.305663334445871 0.362026083479173 0.392420297013121 0.386507471112928 0.389501005054133 0.394786094903198 0.383662257593028 0.375408017046177 0.372017364199495 0.370580657359063 0.369983958148007 0.363603090845167
-9999 -9999 -9999 -9999 -9999 -9999 -9999 -9999 -9999 -9999 -9999 -9999 -9999 -9999 -9999 -9999 -9999 -9999 -9999 -9999 -9999 -9999 0.424375083479399 0.382398190116426 0.355832376344283 0.315986086272094 0.240997991875757 0.167935515674123 0.0961532222783836 0.0781934000830502 0.0585334902894281 0.0180329316600233 0 0 0 0 0 0 0 0 0.0238705627008853 0.188625948904256 0.300987779678975 0.352560658805644 0.313945234053756 0.263823284971508 0.339270470483674 0.382828046725746 0.381800232261535 0.379286237673778 0.376119508653396 0.370864979334081 0.367559219758445 0.367556367642481 0.365515500596228 0.362562190356394 0.3605880257996
-9999 -9999 -9999 -9999 -9999 -9999 -9999 -9999 -9999 -9999 -9999 -9999 -9999 -9999 -9999 -9999 -9999 -9999 -9999 -9999 -9999 -9999 0.441246315450184 0.304569869237759 0.304723486339043 0.288973634862935 0.220119092970063 0.145492747427237 0.06702921141124 0.0499341395832319 0.0352565978002745 0.0108618128793202 0 0 0 0 0 0 0 0.0143548096719558 0.0516594841939763 0.206674256396495 0.305256548419498 0.338363778081373 0.31069080465808 0.276360770223468 0.336646895635094 0.371054651743109 0.369281431268101 0.366217286581775 0.362769087463593 0.360772690009811 0.359502397390039 0.359462756611275 0.357698697407353 0.355203043414808 0.359168126565231
