layers/veg/veg4000.asc
NCOLS 255 
NROWS 330 
XLLCORNER -2985163.8955 
YLLCORNER -3022031.214 
CELLSIZE 25000 
NODATA_value -9999 
[rows 200 to 224 of 330, columns 56 to 111 of 255]
-9999 -9999 -9999 -9999 -9999 -9999 -9999 -9999 -9999 -9999 -9999 -9999 -9999 -9999 -9999 -9999 -9999 -9999 -9999 -9999 -9999 0.47796263107007 0.435977420216647 0.334294060666199 0.257233721402324 0.146185366229715 0.0134051489758573 0 0.0229400581432408 0.158902822904536 0.22157613515131 0.266699866127656 0.32328660353273 0.346856487927234 0.308470280372453 0.308776142298568 0.363461212036046 0.43543461295988 0.451109910360359 0.459534719526494 0.466280056847812 0.470445502324955 0.476969942449004 0.484058312540576 0.484707649324491 0.484593179836321 0.475413259708931 0.440824488553691 0.425376986951518 0.456628856175426 0.482531874870418 0.491582677093168 0.491231130400522 0.488920601092729 0.485176828549103 0.480666224651981
-9999 -9999 -9999 -9999 -9999 -9999 -9999 -9999 -9999 -9999 -9999 -9999 -9999 -9999 -9999 -9999 -9999 -9999 -9999 -9999 -9999 0.491252371169977 0.454099743156063 0.37959580187797 0.269259199099035 0.156032518184765 0.0615424492506181 0 0.0723626780694274 0.200873311002175 0.263485208082968 0.333771872074741 0.359422760435924 0.35742450872066 0.323375401728095 0.332506693898655 0.378861755835881 0.422837866311934 0.439846338463288 0.446390940552272 0.453405185403611 0.46555875126372 0.476248639319797 0.479819140594319 0.478662963431145 0.474809230385834 0.461921722558461 0.431670128090451 0.429457556791254 0.462779526822852 0.482199199444562 0.490374859321045 0.48925692311853 0.487025805148691 0.483308761065749 0.478386681653207
-9999 -9999 -9999 -9999 -9999 -9999 -9999 -9999 -9999 -9999 -9999 -9999 -9999 -9999 -9999 -9999 -9999 -9999 -9999 -9999 0.492297910537711 0.479167620348663 0.42113453595832 0.305734051551647 0.173406577349218 0.0838315132643014 0.00653544745638169 0 0.071836040336616 0.197577047034215 0.261844564317265 0.332165684088526 0.362406778362792 0.381587149174608 0.335369887989744 0.316897048478922 0.381883867078992 0.408314614874319 0.421336111457006 0.4086211271923 0.415815212046923 0.452918475563171 0.468224544666803 0.470110156174089 0.463384714176219 0.451519987155982 0.426455689600718 0.408502466261947 0.430375606851 0.463165434303528 0.479783994269718 0.487151893339522 0.486212350866426 0.484004173849378 0.480246904352874 0.475252441480556
-9999 -9999 -9999 -9999 -9999 -9999 -9999 -9999 -9999 -9999 -9999 -9999 -9999 -9999 -9999 -9999 -9999 -9999 -9999 -9999 0.482163840439698 0.455905124735715 0.412063795198612 0.331845139632695 0.169995407446805 0.0476907192794984 0 0 0.0421511929020105 0.168246116231325 0.229072121778841 0.318628989146801 0.365331010424597 0.385094581261359 0.352106342699234 0.33153437591918 0.379974081289209 0.402343802963416 0.395315596538751 0.373245657119479 0.393697912050951 0.442929084407662 0.460349487094356 0.453902374406377 0.437464068372136 0.430475492487167 0.400803246246343 0.382434903042371 0.421616109198587 0.461255534975138 0.475929872759384 0.481481241910335 0.481494398850435 0.480508149319447 0.477028407041418 0.472022297831146
-9999 -9999 -9999 -9999 -9999 -9999 -9999 -9999 -9999 -9999 -9999 -9999 -9999 -9999 -9999 -9999 -9999 -9999 -9999 -9999 0.471996981977158 0.467524654530549 0.434208075902764 0.358343792175643 0.223936772254952 0.0697392465086308 0 0.0413333109025842 0.132368763941771 0.167496177517397 0.211374421877042 0.291124009972218 0.344659326825746 0.372934241515016 0.383850905365449 0.352593358853942 0.355466616576127 0.401327547893066 0.380202117245069 0.364508436690652 0.395844115230794 0.435766339099256 0.45570295496408 0.436023072762015 0.406675627785896 0.392109491279965 0.358867514340656 0.369758773051495 0.423696977630123 0.457789164101422 0.470276051270399 0.475178048939149 0.476282891663401 0.47634643426538 0.472518710779667 0.467890124592706
-9999 -9999 -9999 -9999 -9999 -9999 -9999 -9999 -9999 -9999 -9999 -9999 -9999 -9999 -9999 -9999 -9999 -9999 -9999 -9999 0.434757329602344 0.434988241980314 0.408964586183498 0.343867369561435 0.234578359531583 0.109505839169231 0.00654781769373373 0.0535465904512699 0.170154989418449 0.183896278696516 0.187013753627548 0.27404154958213 0.335364111185567 0.347736663307423 0.326282124808531 0.313535989742217 0.350794185727312 0.402281051962094 0.385349664227811 0.371305777252472 0.395512706720926 0.430197339531283 0.448026477456164 0.412634984142489 0.36797457702852 0.338922446964221 0.328935497545629 0.385090751661157 0.42804364190976 0.452820952296017 0.46286552340397 0.468118338415249 0.469897607606351 0.47059357976459 0.468108411582565 0.464426909836928
-9999 -9999 -9999 -9999 -9999 -9999 -9999 -9999 -9999 -9999 -9999 -9999 -9999 -9999 -9999 -9999 -9999 -9999 -9999 -9999 0.397169442373093 0.383855980824094 0.372477957568513 0.293178838778474 0.175403991330337 0.0919184492860421 0 0.0169225238658029 0.169426449952704 0.209094974036076 0.188853682024172 0.272179865109927 0.332743154656893 0.308579083203026 0.225889212063994 0.255539148970134 0.363894179529578 0.404169045824475 0.400089043222787 0.39066320606266 0.398575041827273 0.425759396659792 0.440856464509255 0.397779184650895 0.343646628222855 0.306475696306036 0.319567423906911 0.405187208654353 0.435511682489187 0.447473361384528 0.455474071773481 0.461262884113519 0.463897379658733 0.465391063412407 0.464322722166695 0.461254780764628
-9999 -9999 -9999 -9999 -9999 -9999 -9999 -9999 -9999 -9999 -9999 -9999 -9999 -9999 -9999 -9999 -9999 -9999 -9999 -9999 0.426216574411836 0.396701470324778 0.347613508772807 0.240651334012454 0.0937497958169448 0.0178317378186555 0 0.0216612696602488 0.178134662192185 0.201712062205996 0.195315137499854 0.293072095374334 0.346759265360706 0.297203195363163 0.252609699683666 0.337456531507874 0.388512496676623 0.40340792868379 0.405122441789874 0.399373511620006 0.401723347816703 0.421645056094948 0.437278353870366 0.412688472614177 0.35714017735542 0.292028045168635 0.302144252840235 0.390677639559069 0.430508253980245 0.443854762408607 0.450513883147006 0.456765726352355 0.460014902393874 0.46194832963342 0.461676257894498 0.459581096133391
-9999 -9999 -9999 -9999 -9999 -9999 -9999 -9999 -9999 -9999 -9999 -9999 -9999 -9999 -9999 -9999 -9999 -9999 -9999 -9999 -9999 0.425505833462358 0.381819350505115 0.292435671843866 0.137143791138653 0.0315836920166059 0.00732182703112434 0.0472516351530892 0.154101058347982 0.15007315705276 0.144697161424144 0.269349629702683 0.333183490404746 0.345320700082936 0.339647305579897 0.367806941848827 0.380112543353734 0.38957126548989 0.402352997251755 0.404280672328744 0.398458878456493 0.410082860673611 0.426328196023123 0.420905613451477 0.387356369449407 0.304712436562766 0.303605578022811 0.396516448324948 0.428783747512171 0.439316087945748 0.446243647284029 0.451883516952547 0.455235997204295 0.457553340134541 0.458362390978386 0.456890960605302
-9999 -9999 -9999 -9999 -9999 -9999 -9999 -9999 -9999 -9999 -9999 -9999 -9999 -9999 -9999 -9999 -9999 -9999 -9999 -9999 -9999 0.393360067309625 0.395469570027765 0.333584882308004 0.20598553716603 0.0571917163538935 0 0.0495391305461893 0.149758013503968 0.126649869841903 0.137620209794571 0.233789749372096 0.311589509336628 0.361241321353553 0.363333771218329 0.366921898732121 0.370580317227086 0.37281946941068 0.387986097970017 0.397230420303194 0.397874228189927 0.404970358342589 0.411570788635503 0.410020488377847 0.381722555321634 0.336532830973342 0.349663220504766 0.399390102098003 0.420447863684499 0.434369840815021 0.441534402537074 0.447452589385295 0.451000717947915 0.45374190874223 0.455195653742767 0.453788633340792
-9999 -9999 -9999 -9999 -9999 -9999 -9999 -9999 -9999 -9999 -9999 -9999 -9999 -9999 -9999 -9999 -9999 -9999 -9999 -9999 -9999 0.380984219524288 0.367143198850451 0.300274656355478 0.184729886919703 0.0862478395089811 0 0.000173216458804401 0.0822766674279705 0.0618434363427388 0.168431449262974 0.260457831967197 0.317761635057307 0.357286557329543 0.361739584832502 0.366684359948734 0.368698352969552 0.364992621465227 0.373340586804966 0.38726361155675 0.386724922126215 0.385435701572792 0.38940365548265 0.382015294047319 0.359821453641825 0.331945643753522 0.343507692113403 0.394507869471048 0.417405315634461 0.431439268215836 0.438347224514758 0.44455995636228 0.448441337556015 0.451194892870505 0.452621615238106 0.45238415176757
-9999 -9999 -9999 -9999 -9999 -9999 -9999 -9999 -9999 -9999 -9999 -9999 -9999 -9999 -9999 -9999 -9999 -9999 -9999 -9999 -9999 -9999 0.382604892567692 0.320017109340761 0.198113190923932 0.074753309539674 0 0 0 0.0312973166549146 0.164553078965164 0.27023558708796 0.325335618476654 0.348721270928409 0.352932736937588 0.359389488229141 0.365768572703435 0.359218657191143 0.35835400465687 0.371997214687584 0.370902928985703 0.354955163642937 0.341074376038064 0.349521904170487 0.359384649991381 0.327410797374045 0.326930939345882 0.382969811509081 0.408164564915822 0.428238374483422 0.436190692682037 0.441713836418175 0.44513378801145 0.447824469993574 0.448797333604547 0.448690805173755
-9999 -9999 -9999 -9999 -9999 -9999 -9999 -9999 -9999 -9999 -9999 -9999 -9999 -9999 -9999 -9999 -9999 -9999 -9999 -9999 -9999 -9999 0.410230161555524 0.369482407839626 0.254516427613037 0.14910625661871 0.0268145706447597 0 0 0.00636870276523002 0.163593867556628 0.266749654274026 0.315511914186266 0.339992457856613 0.344136803282477 0.351821761638219 0.360999158042887 0.35082069695244 0.342935015901452 0.357892197445741 0.35465838432719 0.319973078402746 0.303014772647683 0.333893166010487 0.351202004316359 0.333516091876368 0.336382147629107 0.378537132397155 0.40648582223518 0.424624314831928 0.433857645148189 0.439574164967011 0.442271375348593 0.444521259140119 0.445511896776617 0.445107334841113
-9999 -9999 -9999 -9999 -9999 -9999 -9999 -9999 -9999 -9999 -9999 -9999 -9999 -9999 -9999 -9999 -9999 -9999 -9999 -9999 -9999 -9999 0.424941477264659 0.342253191375852 0.271001110473934 0.185770408608297 0 0 0 0.0391253841563199 0.165124678175856 0.277040867698398 0.318109097108225 0.33269284446009 0.337719917208988 0.345839285623797 0.356358119844503 0.358577802799213 0.351581896859602 0.349485357354071 0.331236553970655 0.282404388555493 0.285508898259225 0.330131317035597 0.337112583269814 0.339195378134201 0.35841853464558 0.384703421531085 0.40735513309416 0.423485100136182 0.432118480087119 0.438106465122572 0.440857693952485 0.442772952740838 0.443467307461341 0.443381582337939
-9999 -9999 -9999 -9999 -9999 -9999 -9999 -9999 -9999 -9999 -9999 -9999 -9999 -9999 -9999 -9999 -9999 -9999 -9999 -9999 -9999 0.42757460654717 0.421968736470167 0.36645643244074 0.305414204501614 0.260016055291947 0.107083890432053 0 0 0 0.161220118623109 0.272116415927824 0.304740837594819 0.321975222115548 0.328521866609227 0.33749567075386 0.349545436095269 0.355044876823135 0.348547364820647 0.345930628283137 0.325258737544379 0.294024762861394 0.308999658274232 0.318627998207066 0.315249333352009 0.338737155760533 0.368131173178763 0.388581518582727 0.406904603944342 0.420003162137704 0.428649017924048 0.43520978010076 0.438177352546703 0.439370184778466 0.439284884156457 0.43854236814244
-9999 -9999 -9999 -9999 -9999 -9999 -9999 -9999 -9999 -9999 -9999 -9999 -9999 -9999 -9999 -9999 -9999 -9999 -9999 -9999 -9999 0.402814137685636 0.40254393904448 0.361426193229522 0.319460111910709 0.230847358581704 0.0206064519813462 0 0 0 0.175288458182501 0.269108295931415 0.290059209473417 0.31335036943729 0.323537358116461 0.332031384675205 0.342898770142948 0.347566101226644 0.343694914380155 0.347344115681325 0.342021434136878 0.324401796899092 0.329389689330397 0.333621513432866 0.33700915149636 0.355996473149335 0.373674506649504 0.391923103266949 0.408055952470037 0.418190698082114 0.425672490138024 0.431652433946503 0.434726229320705 0.435433940136775 0.434746293660134 0.434183653742423
-9999 -9999 -9999 -9999 -9999 -9999 -9999 -9999 -9999 -9999 -9999 -9999 -9999 -9999 -9999 -9999 -9999 -9999 -9999 -9999 -9999 0.395006444623579 0.383697580501759 0.35101262103785 0.329050221806257 0.267938400155302 0.0799894637735558 0 0 0.0166626155298179 0.201999382902046 0.268608006145155 0.284241049067831 0.303270137813512 0.319852487066929 0.328757317764499 0.339175016296302 0.344451772909349 0.343067985464097 0.348303040683171 0.344717276749361 0.328455488899712 0.333724901811815 0.343207541558347 0.346922062714218 0.361004317377206 0.378185056661728 0.393881308535231 0.407285333432505 0.416222002174988 0.423514121860498 0.428846749452082 0.431259958095791 0.431721750565099 0.431558402466558 0.43119418041421
-9999 -9999 -9999 -9999 -9999 -9999 -9999 -9999 -9999 -9999 -9999 -9999 -9999 -9999 -9999 -9999 -9999 -9999 -9999 -9999 -9999 0.409266257499038 0.39632604048527 0.372317903586208 0.353612299854748 0.329732578845036 0.220300275060782 0.0192402599496881 0 0.00980792950237152 0.195478422230752 0.263208790620055 0.257440257035826 0.276493366449546 0.309241716024231 0.323299434684939 0.334325248406075 0.342041532669601 0.347551673282142 0.353465646881402 0.347377644145324 0.335142118258475 0.34205766185137 0.356498696860494 0.366685536269573 0.376888296830213 0.38704380218678 0.398034812568036 0.407669737845257 0.414258204814261 0.420770226088182 0.42459156212052 0.425750455201422 0.426113462207825 0.426462118088038 0.42658461773488
-9999 -9999 -9999 -9999 -9999 -9999 -9999 -9999 -9999 -9999 -9999 -9999 -9999 -9999 -9999 -9999 -9999 -9999 -9999 -9999 -9999 0.424096598388779 0.410753915424092 0.384341821292478 0.351734270535651 0.320202136568579 0.208244855911277 0 0 0.0494293122806709 0.16624955744075 0.243746007552839 0.238919041312883 0.267552589980188 0.301522327204517 0.316795365917248 0.32966192534106 0.337650804222532 0.343512975132981 0.346788427427425 0.339656850178493 0.333120331831713 0.342240224927469 0.355333834831859 0.366546353348788 0.378132478006645 0.387471418646798 0.396454801773238 0.405386608212983 0.411104766108175 0.41548798316806 0.418685027275052 0.419968297093612 0.421042539893272 0.421901459956839 0.422200818253967
-9999 -9999 -9999 -9999 -9999 -9999 -9999 -9999 -9999 -9999 -9999 -9999 -9999 -9999 -9999 -9999 -9999 -9999 -9999 -9999 0.421528888913311 0.418982004161208 0.396157611631981 0.341242515993311 0.288910684981498 0.252456800148919 0.131927533746391 0 0 0.00661428892475167 0.130185546037796 0.217854913134545 0.223269822144381 0.258625581353044 0.296669238255384 0.312885316184963 0.326224655748975 0.334460074878139 0.340495731454444 0.338231044568083 0.329407665212744 0.333150403229042 0.345435165203075 0.355950664982363 0.36645702018456 0.377284271840767 0.386158525616649 0.393953198126166 0.402110400059424 0.407983835859403 0.41150522750527 0.414197101145144 0.41593178136162 0.417370072019106 0.418720422949176 0.419299488210928
-9999 -9999 -9999 -9999 -9999 -9999 -9999 -9999 -9999 -9999 -9999 -9999 -9999 -9999 -9999 -9999 -9999 -9999 -9999 -9999 0.396045781292456 0.396500786625727 0.390743707812767 0.356266492323329 0.325958181379653 0.310773830957555 0.169197480732001 0.00347546025127442 0 0 0.0963634163692407 0.171363265261952 0.204445555863472 0.258772258907404 0.292093640820715 0.307987551795996 0.321049988977667 0.329029712864441 0.335560345975158 0.331879642679962 0.321933600709251 0.330237077469559 0.345975178664492 0.354940327633681 0.364226563115014 0.374212669718428 0.382233390559953 0.389323173347445 0.396914954431626 0.402161009659394 0.405317798634287 0.408010533344363 0.409846157361099 0.411696344442046 0.413512935259325 0.414111453747329
-9999 -9999 -9999 -9999 -9999 -9999 -9999 -9999 -9999 -9999 -9999 -9999 -9999 -9999 -9999 -9999 -9999 -9999 -9999 -9999 0.38461262540144 0.39257623027438 0.398527420346809 0.383720961088568 0.354187067079797 0.25724624309425 0.111483926120787 0 0 0.0506030028820386 0.0977537392378026 0.166386857063798 0.194341835102309 0.255717557924904 0.29205865392732 0.304695318320028 0.315465614508494 0.32373230626562 0.330265809519478 0.330215340863242 0.324834190481721 0.330752279790549 0.343551624713667 0.352408383058538 0.360743829075718 0.370273846043838 0.377784426347267 0.384481145800075 0.392026013843052 0.396638732962593 0.399542213140349 0.402244287844857 0.403941257180638 0.405849207335056 0.407974278890783 0.409142366654626
-9999 -9999 -9999 -9999 -9999 -9999 -9999 -9999 -9999 -9999 -9999 -9999 -9999 -9999 -9999 -9999 -9999 -9999 -9999 -9999 0.396804155624348 0.393212377919907 0.393912347407464 0.372896956435102 0.332179326353133 0.225143821507343 0.0738809735253308 0 0 0.0562851972752254 0.127875158002034 0.174327668387037 0.194181807825033 0.247910844187259 0.288247513446982 0.301528237072 0.312214876377139 0.320239111160618 0.326512837149605 0.330764482073526 0.330255455159245 0.332135266346052 0.340628934636903 0.348901927179191 0.356654162421172 0.36566095720084 0.373125797040985 0.379875035337841 0.387205128284373 0.391788900226446 0.394674168773198 0.397583443592983 0.399400487639004 0.401179000842884 0.403300520115314 0.404512084872719
-9999 -9999 -9999 -9999 -9999 -9999 -9999 -9999 -9999 -9999 -9999 -9999 -9999 -9999 -9999 -9999 -9999 -9999 -9999 -9999 0.418110584664414 0.406921099835003 0.378640072333375 0.364098556772124 0.331948803691623 0.2386429629257 0.111925289839036 0 0 0.0864100802779301 0.158512013253182 0.18280655050544 0.190127630409636 0.226622082194502 0.276581493663515 0.298230359643551 0.309727408903689 0.31630335914131 0.321876569122755 0.32820104502042 0.331894326910035 0.333289052214613 0.338191871241615 0.344242232477213 0.350705469048341 0.358046078102445 0.363741737708006 0.371337688361036 0.37937895967705 0.383971772213967 0.387434194715551 0.390698972760032 0.392764941410837 0.394663710480059 0.396747438724875 0.398157112073269
-9999 -9999 -9999 -9999 -9999 -9999 -9999 -9999 -9999 -9999 -9999 -9999 -9999 -9999 -9999 -9999 -9999 -9999 -9999 -9999 0.409875226968102 0.404042312841059 0.387305483142523 0.361100777585363 0.306240341505075 0.226622047338192 0.123751588623963 0 0 0.124112072715279 0.180432894362665 0.188072421841126 0.187781280419449 0.206357341021238 0.254854579129217 0.293569510748842 0.307483808924292 0.313297337159935 0.318021253882796 0.323729419144917 0.327898691292939 0.329758415736766 0.333536899788217 0.338414577938973 0.343698985449859 0.349693477572309 0.355139537827297 0.363252910917735 0.37101950558801 0.375515646893069 0.379303575155094 0.383011148123411 0.385350766909173 0.387626533099187 0.390280373299106 0.392287990075791
