layers/veg/veg4600.asc
NCOLS 255 
NROWS 330 
XLLCORNER -2985163.8955 
YLLCORNER -3022031.214 
CELLSIZE 25000 
NODATA_value -9999 
[rows 75 to 99 of 330, columns 168 to 223 of 255]
0.775266101829207 0.770043743630243 0.763492405364717 0.754203789269544 0.747550812358148 0.739600446207358 0.729128907627436 0.719827710826113 0.709744378170448 0.698607517572936 0.690373052428054 0.683719562962172 0.677064384634578 0.670491806132245 0.663354754534306 0.656049696955511 0.649932323469968 0.645284327350639 0.638292986907215 0.631232141406834 0.627931064431954 0.626258142030924 -9999 -9999 -9999 -9999 -9999 -9999 -9999 -9999 -9999 -9999 -9999 -9999 -9999 -9999 -9999 -9999 -9999 -9999 -9999 -9999 -9999 -9999 -9999 -9999 -9999 -9999 -9999 -9999 -9999 -9999 -9999 -9999 -9999 -9999
0.77145214674717 0.766246211387925 0.760281028373396 0.752273512494743 0.74548384878187 0.738034485089962 0.730067978414373 0.721681541016271 0.708741096607311 0.696957638228638 0.691073423000123 0.685058832091148 0.676359215396182 0.668139674918709 0.663252045183563 0.658514267190091 0.653384614246273 0.646318839468415 0.638911133945552 0.634140001080117 0.628888072075712 0.622899906762138 -9999 -9999 -9999 -9999 0.604753918298288 -9999 -9999 -9999 -9999 -9999 -9999 -9999 -9999 -9999 -9999 -9999 -9999 -9999 -9999 -9999 -9999 -9999 -9999 -9999 -9999 -9999 -9999 -9999 -9999 -9999 -9999 -9999 -9999 -9999
0.76653206283481 0.761323450782466 0.755123518014061 0.748502007442385 0.741778545071188 0.734462293979061 0.724687443838163 0.715323774116126 0.705799226010122 0.693795233324051 0.689112458343289 0.685760060822612 0.674578909648826 0.665398777687291 0.660607719571258 0.65724468329378 0.652703046214176 0.646434219905296 0.639205735141391 0.635055398204693 0.631273431083835 0.624609158535134 0.619657840012166 0.610844977276317 0.608627631490421 0.605414802532998 0.604465625461165 0.599800327414733 0.59681414412947 -9999 -9999 -9999 -9999 -9999 -9999 -9999 -9999 -9999 -9999 -9999 -9999 -9999 -9999 -9999 -9999 -9999 -9999 -9999 -9999 -9999 -9999 -9999 -9999 -9999 -9999 -9999
0.760477599123959 0.755899524458868 0.750527261411258 0.743593715224408 0.738225393227572 0.731022311455154 0.72030825877771 0.711783634768519 0.701577674688584 0.691049256698521 0.688029090254404 0.684348192841467 0.673764871890499 0.66610864636236 0.662157330284552 0.657888623981308 0.65200170174253 0.645497232389836 0.639954718852617 0.635779617717791 0.630773820661154 0.624196887068617 0.618025946949169 0.61235900119351 0.606732834446222 0.604045777644685 0.601375669057157 0.597967109482989 0.596821531889841 0.596758996424517 0.594618230670944 -9999 -9999 -9999 -9999 -9999 -9999 -9999 -9999 -9999 -9999 -9999 -9999 -9999 -9999 -9999 -9999 -9999 -9999 -9999 -9999 -9999 -9999 -9999 -9999 -9999
0.754691996826603 0.750649573939687 0.746005287578356 0.740649862095644 0.73654273230147 0.729136846210013 0.718880324717426 0.710112519115709 0.70209948599324 0.692732326427821 0.686583498925476 0.683123467136894 0.673896617001871 0.667737505213427 0.663197699761953 0.657164887599092 0.650540530352162 0.645366534468604 0.639863409733176 0.635675033287186 0.63113708905124 0.624044927152674 0.617889985304431 0.611445810259272 0.604830753172885 0.601739310776225 0.598668724785074 0.596577055348385 0.596270108807842 0.595723260520508 0.594015072567388 0.590276389851019 0.587412563559831 0.58620973995516 0.585188594368819 0.584815749682675 0.583260256774419 0.582407985378781 0.581657060487255 0.580987500653873 -9999 -9999 -9999 -9999 -9999 -9999 -9999 -9999 -9999 -9999 -9999 -9999 -9999 -9999 -9999 -9999
0.745874284962098 0.74248727856817 0.736272776975287 0.729465173905285 0.725009660158212 0.720100530954682 0.711834834053841 0.705472199977685 0.70192986489856 0.694935008812534 0.685083847459399 0.678137011172147 0.672806886425729 0.66735370726171 0.663001697266553 0.65743767948417 0.652855443682701 0.647823568488815 0.641197404218708 0.635507772516946 0.629690131287428 0.621986341520338 0.616281769845928 0.610114657814687 0.60230708184137 0.598161893615022 0.595648991394528 0.592958586867148 0.589761075543985 0.587871765674454 0.587667789142489 0.588044125533714 0.587215339819287 0.585865845651347 0.584971619320137 0.584544229500913 0.582988292871795 0.582110908343393 0.58136294700379 0.58077830981436 0.579968423683679 -9999 -9999 -9999 -9999 -9999 -9999 -9999 -9999 -9999 -9999 -9999 -9999 -9999 -9999 -9999
0.736387778113592 0.73446172991729 0.73038598207131 0.725413268230641 0.721290558696486 0.715360161245345 0.707870967163843 0.704132023163534 0.699556742715493 0.688502766078188 0.677162456542664 0.673716828109602 0.67214681650303 0.667886877127891 0.663384337408035 0.657938321131277 0.652117509924419 0.646310849032285 0.640075433712015 0.634472461338218 0.627594898633266 0.618860428641328 0.613510264406521 0.609861368872693 0.603586008495001 0.598226153680853 0.593847912134542 0.589363514936224 0.586462233694774 0.585202163257496 0.584144479173326 0.585700801345267 0.58495328867314 0.581448517482032 0.581732417686493 0.581263127638959 0.579828536804392 0.578932848377354 0.578226196007581 0.578483580841343 0.578870555608416 0.578054173042548 0.577571603107533 -9999 -9999 -9999 -9999 -9999 -9999 -9999 -9999 -9999 -9999 -9999 -9999 -9999
0.731231443161029 0.728190758733814 0.721900489095697 0.714676807358688 0.712237478584895 0.711244291420367 0.703036827349631 0.695513984962376 0.69074843018471 0.681381195692102 0.666391062803528 0.663288150648196 0.666197203498116 0.664569918653447 0.660359977736391 0.656286695159784 0.65071757646157 0.644748244233335 0.639182927179607 0.633050724535202 0.626039332138805 0.618186048620661 0.612115859992415 0.60868756090591 0.602381306258249 0.596107684753463 0.593028158118997 0.589120335743231 0.588035644982948 0.588375368638529 0.5875473055828 0.58664515651154 0.581627251544339 0.571171745476654 0.568675784817753 0.571957335076572 0.574073633263156 0.575705961004157 0.574992036447292 0.575348006226745 0.574616163248594 0.575551267292178 0.577337119492234 0.577376147689877 -9999 -9999 -9999 -9999 -9999 -9999 -9999 -9999 -9999 -9999 -9999 -9999
0.722264760465183 0.719120625893472 0.715636807360316 0.706015569701165 0.701818632256247 0.701635335616822 0.694907086520388 0.693633231048373 0.686797086544433 0.673721936639348 0.665648748235932 0.662866148828937 0.663098758399651 0.658293161705215 0.655798537188968 0.65259904960304 0.647709311584165 0.643578832510296 0.63782836734995 0.631891918647004 0.625235194414442 0.618478689318244 0.611762576298121 0.605955209999848 0.602637401158238 0.597239094569088 0.591524042199805 0.588536904840845 0.589812248457779 0.588201406386181 0.584015389258835 0.584570055554227 0.579417024547219 0.569421142355699 0.547483199886789 0.537652174500735 0.561184139712525 0.566974657079833 0.564634363988416 0.566501908344173 0.569735705379637 0.572995468002102 0.573566083724819 0.573676302226897 0.574694697964826 -9999 -9999 -9999 -9999 -9999 -9999 -9999 -9999 -9999 -9999 -9999
0.707349176202264 0.704160315466966 0.703433802589484 0.697724239424808 0.688823306192012 0.686353402594138 0.686095978641914 0.682342595188124 0.675291735843191 0.670466675404072 0.666453006548516 0.660134159570186 0.651915432818361 0.649066465484133 0.649027684016616 0.646215329543324 0.644037295429775 0.640180335962452 0.635018826426765 0.629535417032602 0.622804283455029 0.614948222822185 0.608360339840961 0.603226864818235 0.598188311083298 0.593889627530024 0.590710173794586 0.588019669731265 0.586231068524827 0.58314341265766 0.58082835771954 0.581898138867617 0.577810068356079 0.569216909802112 0.555217365934957 0.527159673884895 0.535664227323972 0.558315897611141 0.553369838058452 0.56340818421309 0.56808420908594 0.563224283895656 0.558382940385039 0.564088892597813 0.57467128775563 0.575440693587438 -9999 -9999 -9999 -9999 -9999 -9999 -9999 -9999 -9999 -9999
0.692573925097609 0.688746690129485 0.690350708342621 0.688397185180976 0.682052876538414 0.675241673322383 0.673316615366169 0.672846450904649 0.669537407611533 0.664684682096315 0.656814014456478 0.64776120211347 0.637392192896869 0.634373847210137 0.636374784806934 0.6371161063565 0.638080599770713 0.635956530089585 0.630939348368796 0.625424604638265 0.619029483926076 0.6116792571346 0.607121020622486 0.602889208506381 0.594663429514162 0.590681362230464 0.589826092644369 0.587259225174354 0.583866665817175 0.581134622814922 0.576581065684834 0.574754414872178 0.575658758560678 0.570378591469869 0.561660179299049 0.527877035398199 0.52215270249476 0.55957598175523 0.566058362691741 0.565985719844377 0.562679783837942 0.556594260358173 0.550951553492453 0.561160888948801 0.573962769761809 0.573823964273412 0.575595052304775 -9999 -9999 -9999 -9999 -9999 -9999 -9999 -9999 -9999
0.687783203682449 0.685458763512943 0.679319304304951 0.675719420052481 0.675235388013541 0.669350741682232 0.667768790152185 0.666011719425234 0.660546311733983 0.655551187651957 0.650902532155552 0.646536581055643 0.63589112200658 0.63534004305555 0.631867278789108 0.627759384076751 0.630285520303555 0.630218668462533 0.625899564650525 0.620818147613831 0.615230724226431 0.606156897145167 0.603081634467699 0.600857787654851 0.593439900655687 0.588442590396978 0.58745092397188 0.586723717352551 0.58215410210862 0.578773008577695 0.575161678249101 0.571119280399711 0.567832983531734 0.564882686632965 0.560263487332788 0.523509944558413 0.514549034438382 0.554719850683933 0.562861141800812 0.560444407392466 0.553736804205682 0.551149550505346 0.55534760479668 0.564005059671244 0.567611762536367 0.568510212277618 0.573593324198804 0.575336379446772 -9999 -9999 -9999 -9999 -9999 -9999 -9999 -9999
0.679482989140234 0.681253804422139 0.681684417685096 0.67835055166014 0.672232890521608 0.664692884472299 0.65639132285089 0.65074376176905 0.649724101604523 0.649753908349194 0.645799010480387 0.63876810945976 0.631544075169931 0.631062952343086 0.625796608688077 0.621583076018681 0.616986940909875 0.614041054776717 0.61622367301149 0.615283738458035 0.607272527051334 0.600599261225454 0.598755364594711 0.597208224563178 0.592136340846008 0.586446986405793 0.583547960691873 0.583163807490042 0.579772880630369 0.576415050129845 0.572571209243932 0.566462652775804 0.548034469094304 0.530710279689273 0.527870856603951 0.51139284051659 0.517014317299419 0.549080967685476 0.556633276160766 0.552787463416941 0.548108382344785 0.540523272940829 0.546358702508078 0.55973816203173 0.550055020561103 0.5451554367392 0.563510293765376 0.573266989163812 0.573890524175408 -9999 -9999 -9999 -9999 -9999 -9999 -9999
0.667353952147665 0.670466602888191 0.671910324716805 0.671779694699671 0.672438991931578 0.670636961391356 0.663155099719054 0.649238569034589 0.641498937879076 0.641063760780886 0.63290159691498 0.629471771449314 0.628848361384093 0.624886613447805 0.622978775873822 0.617236776077912 0.609897045568733 0.610141318613555 0.61325809116284 0.60968502211501 0.60032276583818 0.595708898702001 0.592661396442642 0.590860690848737 0.588646210914599 0.585762945438497 0.582589596579235 0.579260222405514 0.573317690322356 0.570426270748466 0.568114157883986 0.558866626629725 0.546543056221264 0.541483212526165 0.542440982605784 0.522399856996007 0.523022326249285 0.548012214945801 0.542916629997366 0.536684604368017 0.535473573832704 0.511810618981483 0.513374462718375 0.542815629141215 0.538224826082982 0.547427335392532 0.567057217780238 0.571972803611556 0.573119405841073 0.573959708476692 -9999 -9999 -9999 -9999 -9999 -9999
0.655562103198945 0.657312007014447 0.66045578963036 0.662549847073553 0.661069745173566 0.660120261472585 0.659813042368123 0.655478591593321 0.645769955519399 0.636051593633896 0.629693243894203 0.629864359174368 0.632686744244513 0.629544259539999 0.619638310697166 0.609924135712372 0.608836815398683 0.609947073768148 0.607784377380178 0.605469052962736 0.598251708244338 0.591671491040799 0.589887181320339 0.588959355063874 0.584556515931363 0.577839103187747 0.578199174130572 0.577724773605906 0.569753355359163 0.566850151205001 0.566554639765182 0.560493913141585 0.551743917309468 0.543829968183963 0.540022342263691 0.531637364217978 0.527385727304079 0.540008856689928 0.537090188917204 0.514764152068062 0.502726546074895 0.520120787010968 0.533885977516781 0.54528215990562 0.555974020477958 0.561063558385933 0.566681536865642 0.570241730082115 0.57178339851952 0.574665264300858 0.574527967417188 -9999 -9999 -9999 -9999 -9999
0.640573449484066 0.641571233726537 0.645584833027238 0.64929322227003 0.645208755059338 0.643820103667043 0.647847377200544 0.645854097960322 0.636362192616751 0.63025884101498 0.629832733522711 0.62827905463423 0.625926831240036 0.620293626940088 0.614313189149707 0.610814852283294 0.60909681926995 0.606601212111188 0.600345876912141 0.594440353324901 0.589770246719413 0.586886611124122 0.584688261264049 0.581250355160937 0.575223848012201 0.571669224399073 0.574365988259698 0.575224124767102 0.571235990656374 0.566151480903253 0.562585513993415 0.559916489925421 0.553182558788506 0.545292187588142 0.537096136016451 0.526665406465741 0.529819646707549 0.537421049287703 0.528638947855293 0.515640749688741 0.517730306106882 0.531214683836714 0.536648152769831 0.544017678235298 0.553799895603252 0.558763202614583 0.563739340941864 0.567512033366564 0.569955973031428 0.574036249599017 0.57437302142913 0.573361176504619 -9999 -9999 -9999 -9999
0.626829726401259 0.626587934202587 0.630339037968403 0.635376541883627 0.630582200913404 0.632887532966812 0.638516431758916 0.637260729985113 0.62872715607794 0.620842411663033 0.617578941884476 0.615237475483521 0.614096431034822 0.61084539585148 0.606480548238159 0.602912976942262 0.599623550378654 0.595474261045163 0.590762266563309 0.582569909677416 0.578711771926295 0.580461109600344 0.579800412739137 0.576536635848275 0.571274818221097 0.570995730559799 0.572134770451475 0.567174707362629 0.567134176095071 0.566146835943202 0.563080124913848 0.558485343182844 0.545691412509346 0.53472364500275 0.519080139260016 0.513194132717578 0.529787906152605 0.535333790422715 0.524739462642242 0.519107145994745 0.52850772156922 0.537730179624048 0.538751811612831 0.541836869544821 0.55267335553069 0.556927430435589 0.561417675410441 0.566770251314188 0.569292506366694 0.572697868696597 0.572218077189836 0.572288901122128 0.574678140777892 -9999 -9999 -9999
0.616756740512524 0.607174738355522 0.607511247501796 0.624420452437091 0.619299876944735 0.622315436443618 0.630009828695847 0.629459265735083 0.62327157140252 0.615491674594959 0.608240278106338 0.606138188247709 0.602797082156585 0.593841316693786 0.592972957870173 0.593300164147254 0.589175510437528 0.585648075382946 0.580331950223684 0.570441719697706 0.56604396119476 0.570918977683732 0.572192927075529 0.57147475243651 0.569182889440443 0.569651461195986 0.566531189519863 0.55658124829655 0.558278280462742 0.565757667375532 0.562365966621271 0.555179798356368 0.542181794847919 0.531298868735086 0.519685218027755 0.513853323955615 0.527583988371512 0.533687101279932 0.529982730574168 0.514958485198936 0.503456214017322 0.521683118526335 0.542675738099594 0.550562382309574 0.556159287318233 0.562484772066111 0.566990535303848 0.567903309290338 0.567966480723294 0.566435996792233 0.566134804461416 0.570547094873386 0.568151591644867 0.568023648454307 0.576531934125578 0.576416200054783
0.604513434852984 0.606345205003208 0.607657840564774 0.60954060389883 0.602534698472599 0.607244694874761 0.615674276618266 0.614932776345503 0.607858090282768 0.601320733041956 0.600039735747376 0.597754268849836 0.587670677559798 0.579945045596558 0.580395126551315 0.578752653084385 0.572843936593297 0.570853736654279 0.568996848520793 0.569718434611508 0.571842083901483 0.563911368768115 0.563149840789876 0.561716550313906 0.563124881817336 0.566830485769459 0.5602886871098 0.552298961035795 0.55398106865565 0.556545888281935 0.555731752459174 0.548813889173004 0.537451087924958 0.523460762951814 0.505140005296468 0.499556540362246 0.51611909929093 0.525340033890178 0.517597600906694 0.515081188929673 0.523120787987815 0.534408725159988 0.546579575731528 0.55151402226618 0.554724050153753 0.558161092304025 0.563185924250241 0.565914794338225 0.563439759572962 0.563377778299127 0.567166612639517 0.567570410301302 0.563289520417349 0.56840284898746 0.576026179809262 0.575755443877623
0.593478369665575 0.596216044122882 0.596072924151465 0.594857643864199 0.588735085876342 0.593606072675938 0.603081247914067 0.604014640617531 0.596921650017767 0.585844196158219 0.585179534966744 0.581137072419213 0.566373364047993 0.560560962963555 0.563737375142543 0.559321289115224 0.554683139257162 0.553575602117327 0.556741818149918 0.561831533973618 0.55748390767575 0.549361748206646 0.548329819201902 0.546263396734529 0.555747439090384 0.559614646963109 0.557610441541395 0.550101915232005 0.54384302116486 0.550879691448064 0.549507691985013 0.535611718217056 0.524093051865011 0.516207493978535 0.497537787174969 0.492975817534359 0.506845103437631 0.517574843108986 0.517380473939578 0.516029990160591 0.527021278995521 0.538702368805778 0.542901632286583 0.547271811505942 0.553614075271889 0.554796648951022 0.556157156714907 0.560347713075438 0.559031074892499 0.565408762127766 0.568111569420619 0.566031556547418 0.568702205086166 0.571889228791794 0.570609681620855 0.568601858076029
0.582970448929964 0.587421340518501 0.586719999816654 0.586514809454675 0.582024474469655 0.585514753273183 0.594042168949853 0.592037488353172 0.58527120322892 0.576113239465841 0.573841441535513 0.574558685213289 0.564783890149505 0.554634692609247 0.553291220266838 0.547956366799477 0.54698914217299 0.547403311580394 0.549081531706542 0.555177591702551 0.555479826426871 0.550238261388826 0.54720024675199 0.54511825561004 0.549908974084682 0.552122112604664 0.556195843760199 0.547889131482205 0.538354129059539 0.545445017347591 0.545195530141014 0.533559793955703 0.522434910119236 0.511597397652514 0.49563116165933 0.493662056498186 0.505254492150178 0.517494355723834 0.517768563528336 0.515833203634737 0.517363617725261 0.525772332286884 0.539639366061918 0.547720429537591 0.55456265621083 0.551715457078733 0.551907067373477 0.557383638473063 0.558002877945383 0.564172539925735 0.565963075725192 0.566463184283261 0.569297643321811 0.56881994491122 0.565375428464018 0.560751307453102
0.567950359839942 0.5670031280649 0.568699385385585 0.575556461302547 0.578522990822197 0.583346337708031 0.581462659363187 0.577258387944803 0.574270702288608 0.566317793269434 0.557707494436944 0.554406815319897 0.55722500193904 0.558853876503601 0.557918430561837 0.556976885922993 0.558223525463217 0.560211325091799 0.555517670150995 0.55240153089112 0.553513447977125 0.554089535770395 0.554129132176094 0.552829709493616 0.552049888312265 0.553415634700431 0.553629844705442 0.551170353760694 0.543346885662928 0.534250377693311 0.52774191361984 0.517805415383727 0.514965335528823 0.509358146147495 0.494285592772917 0.491826519630709 0.506720485654104 0.517527288057837 0.520055205326928 0.520438419011166 0.522959416052588 0.532190059520634 0.539065632968747 0.544804384833971 0.549852835701214 0.541167132822752 0.538078352841789 0.547347797840951 0.545464638514117 0.550212374421082 0.556905320816056 0.558415438225279 0.559420369006445 0.559444064492815 0.551639459651468 0.543295380087929
0.553837742316749 0.55299951050944 0.556830577177211 0.567178261431266 0.57288545863777 0.576559701817472 0.576509652718538 0.57201243812788 0.56181877080317 0.549495381019502 0.547033981066253 0.550460859082082 0.553396833312457 0.554425999918445 0.561630634813715 0.562966312663998 0.563393232776868 0.561135701762805 0.556323629226022 0.554283310671145 0.55093613893911 0.548388969428315 0.55177944824669 0.553686825168313 0.552492563400939 0.547327270743483 0.544314783797118 0.547508299245113 0.548931245015555 0.541597490773895 0.524239918956046 0.50944207070696 0.508178484813612 0.506481740292534 0.492716080024182 0.48224909356787 0.492532731366775 0.506186296854951 0.511278574824367 0.523431404997644 0.529152697153924 0.533677442590123 0.541265589988136 0.544723236850846 0.539077071360966 0.522390339897299 0.529456293618624 0.544071545759439 0.53750172031035 0.541237796743229 0.555477344334463 0.556056051840472 0.539111712841228 0.521750888592331 0.517793634826644 0.527041025866132
0.545980642631653 0.548226943967881 0.555021992604719 0.561808351941235 0.568233768786094 0.572296217896886 0.573105841337455 0.570809218391079 0.565942866141042 0.559964745205859 0.555144809886838 0.558181073181427 0.561948192099172 0.561515530889711 0.559660757331356 0.555919224580136 0.552395531465657 0.549390180605218 0.547524519515954 0.540414628203866 0.532958180418166 0.536044707765758 0.545034084853546 0.54674360994305 0.544446407302485 0.543924192901975 0.542031871519946 0.542794513345122 0.540918177813766 0.537091006609046 0.523662992693208 0.51066725613641 0.515670328904955 0.512868299824422 0.501521533357839 0.499777518130425 0.493972896390837 0.493101172593454 0.507630463372386 0.521721761347114 0.525429775012722 0.528151865912606 0.533659491212243 0.537095521126466 0.524137651099971 0.519159534567588 0.529282560358053 0.528624227588456 0.535570619838108 0.547225979093124 0.555290416427792 0.555037613172129 0.546178582773574 0.536237215639223 0.527749291765899 0.526735081308641
0.533839804917767 0.53789439395255 0.547922255840475 0.556413426761144 0.560874171041529 0.559968143374696 0.560671207108547 0.561501543613141 0.559033796065426 0.551887718479506 0.543798224074971 0.546115071080242 0.547804776546146 0.543219745873256 0.541826606306862 0.539641760137362 0.538430357479732 0.536197920217499 0.531542632111109 0.525560299656529 0.523416119243413 0.53231099722121 0.538890623506741 0.53408845111371 0.533006574142602 0.534182100331985 0.535667221736854 0.536325760393253 0.534252209805931 0.534595318793862 0.532700990080723 0.531908330265311 0.528130396096168 0.517991827581669 0.514236640580359 0.508952413969359 0.496409428464161 0.493827526230732 0.501418084719328 0.50425590870638 0.510274099685349 0.515393833814357 0.521488372658895 0.533233997573028 0.532779446764113 0.536473639706009 0.539136705903069 0.537338605510374 0.541009675033518 0.54803015007569 0.549439243423985 0.549565091788672 0.546039685412783 0.532522933276935 0.516335613602321 0.514842761265054
