layers/veg/veg4000.asc
NCOLS 255 
NROWS 330 
XLLCORNER -2985163.8955 
YLLCORNER -3022031.214 
CELLSIZE 25000 
NODATA_value -9999 
[rows 175 to 199 of 330, columns 114 to 170 of 255]
0.364124805663592 0.361821868283562 0.350573156007626 0.334361656327099 0.339821458040882 0.3452447875418 0.348316735283667 0.352767081391501 0.358146873857897 0.363295412951991 0.369723088414431 0.380424253409931 0.388699319965319 0.395000183953168 0.402560749741628 0.412293851218242 0.430626583862506 0.438377128893085 0.435772865068735 0.42643382298542 0.419130979688861 0.432944948371835 0.444418497482322 0.453139192583753 0.456284747675854 0.458568570576893 0.467792911687097 0.469856753219744 0.46176820788021 0.457177905682613 0.454737954018552 0.468895737519489 0.470652994287947 0.45108394607656 0.443328340918581 0.440933875181941 0.424210190561054 0.42005809159347 0.442406060921247 0.419908703963189 0.372162243587419 0.376754815411971 0.366878019434025 0.312962489466181 0.310341667696802 0.342800316680565 0.384099842423522 0.417695955705474 0.42262984879572 0.484928440828343 0.594552373237905 0.653876690109239 0.695328928286687 0.692046766423251 0.62769300186036 0.502761480483135 0.507143601714504
0.355770741732506 0.348429248089255 0.340584636193029 0.332460912765611 0.337043453648787 0.341652914029353 0.345008397771308 0.349914201235871 0.355865376674432 0.36505696502067 0.374063625225911 0.381477217385231 0.387566151942753 0.392577165507729 0.40136302404257 0.411214683112841 0.423228437151035 0.430389030757834 0.432800743467414 0.425441190855915 0.418530969996512 0.427058797751343 0.437635860685752 0.450623280013486 0.459543278107488 0.4670283872245 0.471947224290164 0.46883882635968 0.454349156171289 0.446077903150586 0.440721494733369 0.447496246024498 0.44993220695253 0.444906358513651 0.431096487232872 0.413257593692191 0.394672199289188 0.38777591734125 0.405519508748505 0.398804552363187 0.378318787427486 0.377358019456119 0.366970555266154 0.329577368867337 0.344802490010068 0.396012266204189 0.405976975514032 0.417916052125812 0.449815216971988 0.497563136639345 0.558386130878546 0.633322482205501 0.697396138597668 0.703610240671731 -9999 -9999 -9999
0.345782323559999 0.335068406540788 0.331447452264244 0.331761413248831 0.33469825949027 0.338075206864362 0.3423149302934 0.348242551485596 0.355308312760027 0.367094641655936 0.377462072433564 0.381731570471059 0.385861082695206 0.389876683485436 0.399932046324405 0.409733907470835 0.414501638439194 0.421140217146142 0.429609444811223 0.424915443859361 0.419019050871412 0.422950841243772 0.432349699294342 0.448179045003052 0.460857094183017 0.471744061284883 0.474213164036719 0.468401617819889 0.450849500854876 0.440504989320761 0.433082590912279 0.430984674302542 0.432272341807441 0.439382503866103 0.421057261083051 0.391114352150234 0.372084139123686 0.362106492104835 0.371211053493737 0.377961736929565 0.38338712489333 0.378624015958977 0.370281715644438 0.35372110375483 0.385125116948508 0.449331220686975 0.426637056958612 0.416632873960859 0.477253299447279 0.51093165356483 0.522383050660043 0.605257109294954 0.681902084465529 -9999 -9999 -9999 -9999
0.328397399787529 0.323962735755143 0.324085900870235 0.326737582223282 0.330505976687262 0.335238381909402 0.342342736941982 0.351155109787419 0.361119189552797 0.366594884891217 0.37149410564189 0.375863977023308 0.380562608357859 0.385528763356269 0.396242843423994 0.40535326287008 0.403765261613351 0.412106618749707 0.430163982818271 0.424464719656573 0.416242307561534 0.423614915415691 0.433031561167246 0.44485245015222 0.454143407898312 0.462593071005567 0.469931112965968 0.470741207396951 0.462295767618046 0.453567679047842 0.444933380577682 0.440079070195647 0.437968676453999 0.440577243799618 0.423508001208243 0.397444244682247 0.378049566303941 0.362953414471698 0.356918271344446 0.366929867907053 0.385976202836016 0.380070901932168 0.372789805520856 0.36478212385388 0.392643747137819 0.445035702655887 0.416602386317992 0.40573922593664 0.479880039678608 0.520949277651687 0.534734774771588 0.611401228928478 -9999 -9999 -9999 -9999 -9999
0.313139164675814 0.315257854650373 0.318430043200222 0.322186674072961 0.327313356882863 0.332971461345387 0.339858547310216 0.349465753091194 0.36090712054879 0.363064677034242 0.365081244862398 0.369457726858301 0.376690990016681 0.386248917587937 0.394818005133868 0.400940071954097 0.397095846044695 0.405460460479674 0.425771584721655 0.421364416512975 0.414052864768036 0.421274077398484 0.429849635118954 0.440018203919378 0.448232436145233 0.456029003056625 0.465164601299898 0.469838743399448 0.468187289317648 0.4584275890122 0.446340489322375 0.44663681559701 0.446482753750168 0.445554118802913 0.429933191932079 0.407552791991475 0.378456652326018 0.354597486282092 0.341777513102046 0.355737957427583 0.384776484290823 0.378397389532403 0.372478622818011 0.371863892276832 0.389216321409419 0.41885614771082 0.426279348070666 0.445784165721783 0.51294375111644 0.543065541501201 0.542631497235537 -9999 -9999 -9999 -9999 -9999 -9999
0.299790077904942 0.308708184940922 0.314305402771005 0.318060313219688 0.325018143920575 0.331216149293934 0.335119315076621 0.34364521417476 0.355288196659484 0.35681400483213 0.358268998580754 0.362567919510238 0.374100273674925 0.391518729668359 0.395425908174698 0.396497663905928 0.394077379709802 0.400957529584807 0.416938275724984 0.415885561523904 0.412390647151928 0.416235701548815 0.423199150444639 0.433830524912076 0.443042068749768 0.451787239526786 0.459963184817328 0.466025857525425 0.469092264317858 0.455923786711901 0.438372207832467 0.45091738607993 0.457526345029131 0.453926251902311 0.439926284204548 0.421053473105554 0.373873963400871 0.337980072904203 0.325875518774125 0.344402376232388 0.380175527632074 0.373922666270685 0.369636552700184 0.375373449178925 0.375962518703647 0.373031087743658 0.453651626948711 0.53155715315009 0.573331016843871 0.576042867647038 0.546528922970767 -9999 -9999 -9999 -9999 -9999 -9999
0.295327142280228 0.303360878939707 0.310016881785769 0.31590856850543 0.321401118566046 0.327319708259859 0.334379547058679 0.341107880129607 0.347612680730359 0.351916830453347 0.356223701440308 0.361208729320425 0.372164837302321 0.387979825481745 0.390184882923171 0.390637419631489 0.392357760013681 0.398725270328792 0.409640097146732 0.412052458419899 0.412486823373973 0.411979839391048 0.413621369554777 0.417790030260252 0.434429530832475 0.452367016546921 0.448821058945072 0.44734642791738 0.448808590404119 0.437261342304984 0.422414164137631 0.435749124267262 0.443694911077969 0.442372450154682 0.423620659092589 0.396912190813438 0.378803393290805 0.364531777703229 0.358348686995887 0.368818573828525 0.38866452695266 0.383952830348831 0.379142765125163 0.376914189178058 0.371358834873422 0.363528360421038 0.440215873484984 0.518441843089028 0.574469788381738 -9999 -9999 -9999 -9999 -9999 -9999 -9999 -9999
0.292790606909076 0.298703818050374 0.305736327537943 0.313389782645035 0.317553622181274 0.323264522910317 0.33333210536435 0.338549693006885 0.340496956098921 0.347160217503813 0.354143873064135 0.360746195913397 0.370217187354368 0.382022516432071 0.383549222332562 0.384507442613101 0.389697204248268 0.395791656718104 0.402771360991043 0.407753794349116 0.411072051962147 0.406890516542275 0.404078942649255 0.402878748239546 0.425825367935866 0.451310893175831 0.435441744935599 0.426360360017117 0.426902884505069 0.418488654558577 0.407937821066363 0.419380570368468 0.426898489375819 0.427666523506034 0.40239119324331 0.365357913447551 0.376198760461663 0.383885518985703 0.384923668280838 0.388402667555013 0.393255929849487 0.392087458669701 0.387875269022908 0.376368720849238 0.36871822609789 0.363704812597254 0.427845103013967 0.48643664926365 0.504064861526556 -9999 -9999 -9999 -9999 -9999 -9999 -9999 -9999
0.291774610201888 0.296458331007237 0.301651061713743 0.307126172421498 0.313767905665731 0.320411241353192 0.326937200034096 0.332791537855746 0.338193005464126 0.341850311815451 0.347396104214955 0.359677746053668 0.367589527257319 0.371945397479414 0.375262338608631 0.378328103813165 0.380981610455585 0.387117706600554 0.396661562079938 0.399514231915782 0.400242461382077 0.396784419279079 0.397475664168485 0.403047393508647 0.420488011705338 0.437312758275784 0.416171363524055 0.407535059505247 0.416628875796795 0.41437189344083 0.408596285282558 0.415170278829222 0.418310705131767 0.41554611596226 0.38065329484687 0.331199726826594 0.32594778939167 0.325612653178896 0.335641807659037 0.349495662550743 0.365502924814667 0.376824863042573 0.381002457288268 0.366965769939521 0.368008822797216 0.379364621825337 0.459385340579869 0.524191526304757 0.515818688082988 -9999 -9999 -9999 -9999 -9999 -9999 -9999 -9999
0.285844424865486 0.291181955029349 0.295923912600219 0.300335468367173 0.309272297845424 0.317303943063769 0.322527820455274 0.328001528276334 0.333643695367762 0.336826562939126 0.341876055484583 0.353807035872997 0.359880013118972 0.361186124910004 0.364358126467973 0.367735698578268 0.370789012663459 0.377607131007723 0.388109159513295 0.389855729122798 0.389454031149281 0.387406915760165 0.390874567704877 0.400828812712823 0.412555407465417 0.421615597945175 0.400642101171096 0.395248250103914 0.411943722391168 0.414918499901527 0.413179781625733 0.417559542252643 0.417414169840436 0.409486517743785 0.369771727585658 0.315616525809839 0.296045210717323 0.286873134087147 0.299621962032708 0.316682733068472 0.33617124197645 0.361168751942144 0.377811694032314 0.37188432331152 0.377513669497843 0.39104643354117 0.470605029020976 0.53555367711895 0.530202288660416 -9999 -9999 -9999 -9999 -9999 -9999 -9999 -9999
0.274612517664218 0.282635674017736 0.288425401174142 0.292976103828204 0.304010816645781 0.31392259626598 0.320260545318076 0.324256012291546 0.326671956616317 0.332111537219691 0.33768054496162 0.342755358809421 0.34668788959835 0.349690904045155 0.350630183221023 0.352382212201665 0.359002934240208 0.367193953600091 0.376921529407609 0.378666388240903 0.378710007171427 0.378815462935703 0.384275825332448 0.396034749048971 0.401822893788898 0.40408542692779 0.38914898276956 0.390015557648334 0.413288161781687 0.420496227411906 0.421997838385291 0.427068801973306 0.424815415895623 0.409965684669102 0.370602622440711 0.32007313497292 0.288095699989436 0.269207362705765 0.277909974768933 0.290444458301133 0.305136386700349 0.345088092712536 0.378593345838103 0.392253775726496 0.398038262620732 0.398436542601615 0.459901688508629 0.513966183163668 0.523481682486487 -9999 -9999 -9999 -9999 -9999 -9999 -9999 -9999
0.269093899197327 0.274637875840928 0.280791727644192 0.287283915790139 0.293948346539018 0.301455248333174 0.311118760918908 0.316267974323989 0.318373220877026 0.324458650481207 0.329975905599008 0.332415804965489 0.335843425338378 0.340074789415408 0.341811366593949 0.344096699875098 0.350386854646855 0.357146270401255 0.364364864158894 0.367224756047978 0.369271351071238 0.37205321853346 0.373821432962697 0.374397365952978 0.380655039129722 0.387641579633427 0.386141534954303 0.390555923972373 0.403355987533596 0.412257206613031 0.419398950917138 0.420237914219975 0.415674285604979 0.401819332080404 0.373153103396688 0.337750629976126 0.316403626922959 0.302441516040927 0.30404626778752 0.301891912676846 0.297621081097868 0.334738925631834 0.368075578988335 0.386699456418901 0.404678979886385 0.422217841991393 0.468809492363026 0.506851107527397 0.506854123604622 -9999 -9999 -9999 -9999 -9999 -9999 -9999 -9999
0.264991222308566 0.267141312474172 0.273316630853156 0.281724998030082 0.283452451535535 0.288132099296203 0.301127699339225 0.307826330611416 0.310278950833006 0.315973850373067 0.320871985672367 0.322166028479165 0.325539641635084 0.330605475129112 0.333756737286656 0.337023475710306 0.342038279205856 0.346912747214396 0.351649895115167 0.355329658436832 0.359090787724592 0.364721201242449 0.362611918965172 0.351399032851645 0.359249995096545 0.372410310332986 0.38419850309684 0.390758803441637 0.38990682957434 0.399141060473072 0.411234486143922 0.407235288054491 0.400394856835511 0.388668100579955 0.373257403813716 0.356196814040426 0.349465229034906 0.342588821089087 0.335407135995701 0.317880948793423 0.294530533623945 0.323356450264497 0.351214290134859 0.370497197026449 0.400307893983736 0.437318345392806 0.474262575765049 0.499116130951903 0.483495519183789 -9999 -9999 -9999 -9999 -9999 -9999 -9999 -9999
0.260731845038803 0.262384317896145 0.267293602995655 0.27400964793013 0.27879210834125 0.285584950033097 0.297768302796072 0.304009072578021 0.30624279167815 0.306786801919829 0.30787077466282 0.311242870127553 0.314861194161038 0.318679883136273 0.322155657736708 0.325689061531767 0.329695760898137 0.334584807035227 0.340337241016885 0.34049355181541 0.340840479594148 0.349624110963119 0.353019567022063 0.350077330396292 0.355844351335982 0.364262707884834 0.374190932407274 0.377469688571046 0.371320614380196 0.375448248409057 0.382751378580169 0.37867877929308 0.370197179019968 0.354133021835135 0.351655205825718 0.355369366378097 0.349619571981948 0.338346945786248 0.315432556657214 0.296655017748701 0.280206634801185 0.293313868969271 0.307945308009908 0.323160568136155 0.339228095694851 0.355878472664734 0.416477365857725 0.467783112608548 0.473740941975226 -9999 -9999 -9999 -9999 -9999 -9999 -9999 -9999
0.254152312414662 0.255440873260809 0.259929360303379 0.266193048891707 0.272578690012515 0.280477240045875 0.292268145349204 0.298322676750544 0.300509203106178 0.29782204575394 0.296275984791557 0.299961579081845 0.303139214573063 0.305903505927562 0.310514343774589 0.315089582406048 0.31830742915875 0.322583153345275 0.327894024423829 0.327150991096329 0.326590195888663 0.335010794683503 0.34171587605906 0.346403127357996 0.349187688558559 0.351866142897681 0.358692352580414 0.359528909253164 0.351873143018991 0.351258412862621 0.353023842956165 0.350909440101179 0.343696542578215 0.327715303631284 0.332634239784017 0.347037827002384 0.336036837690544 0.320607991697104 0.295845517655425 0.280216652220644 0.26973024972219 0.270334574243049 0.272722041485001 0.278508317554082 0.288872664278645 0.302367866042746 0.367783990419773 0.41897673144324 0.405728645350438 -9999 -9999 -9999 -9999 -9999 -9999 -9999 -9999
0.244560649932968 0.245658880988031 0.250823892291168 0.258245003935218 0.264348999810142 0.272045295155745 0.283988755975562 0.290209682313278 0.292571935449212 0.289145879416555 0.286507073991248 0.288215344092267 0.290062474739508 0.292022601150793 0.298820795692039 0.305444228964966 0.308157865265975 0.3110050994261 0.313983060837061 0.315747418728858 0.317532923495385 0.321025535532086 0.328190447940185 0.3396748024341 0.338310406920555 0.333953383961187 0.3360650981416 0.335549130287017 0.331307550230739 0.326423319114625 0.321680734948707 0.324162039788849 0.321995571247502 0.311835907356541 0.316964344954009 0.328964138825706 0.304620012924395 0.285346523899869 0.276761600919555 0.26999371921116 0.264248879741247 0.256525155286919 0.247944084209989 0.237341047422092 0.252440087467672 0.285116286722083 0.330894042719301 0.371580206206765 0.390973186435805 -9999 -9999 -9999 -9999 -9999 -9999 -9999 -9999
0.23692978893352 0.238150411109673 0.244943756716088 0.254828644639494 0.25859286602198 0.263302055319927 0.271087873421109 0.278515579803192 0.285701813443076 0.281915030220058 0.27829635528951 0.27856695388588 0.279689792518229 0.28150612917167 0.286371134454554 0.291293589095003 0.294478933808349 0.297578526582355 0.300594209963217 0.303911142406158 0.306998867722993 0.308303887231035 0.312587555841007 0.320374778351408 0.319422889106449 0.316438963497577 0.317887012436485 0.319396173090364 0.320991979901553 0.314872979995903 0.306370144152674 0.306407815776053 0.304880737477647 0.300662617518744 0.3024013619381 0.306753866283409 0.279957879575335 0.259622550744162 0.252905859982393 0.249144857096288 0.247047984567212 0.225261218686149 0.201977143129016 0.177039026376537 0.213555377057309 0.292099263690398 0.329456935721231 0.355186251878661 0.35529667477593 -9999 -9999 -9999 -9999 -9999 -9999 -9999 -9999
0.229862355790227 0.231349041080902 0.239677215614368 0.251800797145869 0.253060468026961 0.254433702267141 0.257231625632348 0.265885564402321 0.278488181818488 0.274755741495179 0.270527222691787 0.269636088801921 0.270207992011673 0.271970420531822 0.273756682096683 0.275933754951487 0.279789897054148 0.283541164836093 0.287189811724851 0.291648529377124 0.295649586765975 0.295819774171855 0.296438351497663 0.297584335107031 0.298264787363277 0.298919046157054 0.300585938262313 0.304844725470873 0.312778385017016 0.307117485430087 0.296754917823951 0.291851543051939 0.289290915877695 0.29075932318228 0.288441588739466 0.284309355977097 0.259052116475644 0.238769390595745 0.228972609316853 0.225721832940852 0.226156630256799 0.190311687627648 0.1537598866217 0.119547594659544 0.181061466129987 0.3080406315534 0.339774100800845 0.357124677065924 -9999 -9999 -9999 -9999 -9999 -9999 -9999 -9999 -9999
0.221760418663583 0.2240504928044 0.228621549664627 0.234458011975104 0.239866797435773 0.245264134702509 0.250676468367444 0.256360005575097 0.262226413824558 0.262347685694007 0.261855687893745 0.261095610867433 0.260785834029163 0.260842482465603 0.26222599866883 0.264065177486338 0.267015696605593 0.269439879952165 0.271349036867662 0.275672782342241 0.279978086972166 0.281030329797785 0.282046080470873 0.283018908255444 0.281739011576703 0.279623396631542 0.275698337868044 0.27771344326474 0.288150704683564 0.292059766618839 0.292886969454702 0.280561271950323 0.27398572558738 0.277299233098358 0.277619233394655 0.276503074030466 0.258275975710485 0.240686343206975 0.224440446341776 0.214158407265866 0.20723417767785 0.18192740954532 0.166814864488552 0.180590923830321 0.242463685792066 0.33722886360209 0.351838247067437 -9999 -9999 -9999 -9999 -9999 -9999 -9999 -9999 -9999 -9999
0.214230212172274 0.216421270542905 0.218491366924947 0.220494358037699 0.228993286955009 0.236890684839617 0.242558831395043 0.246260565102649 0.248636357554111 0.252265680928434 0.254659232577787 0.25261091508874 0.251124661775114 0.250095780066816 0.251348955868527 0.252904745582134 0.254285932474008 0.255555991724354 0.256717311125387 0.259781891466879 0.262992419750267 0.264612573825424 0.265318677070591 0.264949653222564 0.26217750026471 0.258445582936841 0.252137510907669 0.253337580504327 0.265182935063431 0.276641615581368 0.28648224923748 0.268065775377784 0.25763144185558 0.260924715466661 0.265196135878158 0.269844558312433 0.255438119903272 0.240214480356548 0.223268235042048 0.207358723951008 0.192032921616106 0.17929444009121 0.184552607595786 0.236758255199681 0.294579151161569 0.356240208174452 -9999 -9999 -9999 -9999 -9999 -9999 -9999 -9999 -9999 -9999 -9999
0.207597277861043 0.208273089616136 0.209813634493496 0.211833901552272 0.22176102812624 0.229766659481358 0.231989043904854 0.235260476662271 0.239239276881804 0.245834173013464 0.249777762153098 0.244213763642018 0.241088381308842 0.239947387671551 0.241497734520883 0.242855674993929 0.241625906552233 0.242013285094169 0.243983063090466 0.244024173569385 0.243944302485791 0.245639350982224 0.244926524597866 0.241381501757446 0.237851715596198 0.234313906980828 0.230658917813949 0.233286063966223 0.244820223861413 0.260657803392637 0.276096327619258 0.253678801912205 0.239630714324604 0.239976304819877 0.250260838858324 0.264987343141378 0.249364615284973 0.235993618371539 0.227369120858988 0.208035242239895 0.182671699138593 0.185687555496307 0.20963946708117 0.285273211644673 0.332120014865618 0.359279978988238 -9999 -9999 -9999 -9999 -9999 -9999 -9999 -9999 -9999 -9999 -9999
0.200869872209777 0.201625800180613 0.202706926651028 0.203968461307039 0.210610746193042 0.217025065578004 0.222290521258957 0.226493774590012 0.229980790779073 0.233991151868154 0.236672328474097 0.234826735789499 0.232884957769087 0.23086491032078 0.231385283507296 0.231885024823678 0.230640213233972 0.230273783749851 0.230766862633655 0.229899462220607 0.228824399633485 0.228259124472101 0.225264905460662 0.219413708198825 0.21964379242186 0.2214064351018 0.221206726540808 0.225739416589417 0.23698185377196 0.254460362614741 0.272287351353187 0.252996857071981 0.239512769839279 0.236014484841026 0.249466438107528 0.270550418709837 0.254974583221946 0.240481801525276 0.228272025348071 0.202317719331039 0.168624879912739 0.202011987440456 0.245491768421586 0.307711055692197 0.33298040927197 -9999 -9999 -9999 -9999 -9999 -9999 -9999 -9999 -9999 -9999 -9999 -9999
0.194096957710256 0.195581196617931 0.196245637850436 0.196455285437452 0.197996712607574 0.202135484286025 0.212839698061728 0.218529013282599 0.220836810275191 0.220079013930565 0.220371795741469 0.22504895743623 0.225417682025869 0.222280478144353 0.221227589884953 0.220581385464257 0.220340665140563 0.219253759085712 0.217338849236016 0.216401797680073 0.215263054735531 0.211628360637924 0.206199432184518 0.198660085027726 0.204423217262504 0.213426268124612 0.217072358661046 0.223761905168919 0.234766561553671 0.25261906947715 0.271321364581505 0.258206317402018 0.247173786289847 0.23972274600747 0.254934396490719 0.280383081562681 0.26560848551523 0.249040071319406 0.228690407506208 0.195215660925032 0.154351146008524 0.222804899047453 0.278699127952251 0.288979718259789 -9999 -9999 -9999 -9999 -9999 -9999 -9999 -9999 -9999 -9999 -9999 -9999 -9999
0.187077001909698 0.188816544938677 0.189593135049042 0.189835514241815 0.191490781065497 0.194100644854331 0.199027310992214 0.205830193907473 0.213898199369784 0.212773321145411 0.212156772179247 0.216006106396167 0.217077296890083 0.215887813051801 0.213498038944305 0.211150976069238 0.209771105767142 0.207190930967367 0.203436242532519 0.201013193203925 0.199090503150755 0.198471603118379 0.198472274291925 0.199201699018109 0.206754301616853 0.216282247260626 0.226029480501064 0.236930954301286 0.249468947534206 0.262543332363345 0.274997980801576 0.271823402962627 0.269343543562608 0.26805845416094 0.276164277460628 0.288509412338823 0.283469262315907 0.275537605310633 0.261510843469568 0.236848024252638 0.206196823750929 0.257383344768396 0.296420419243823 0.294098160736255 -9999 -9999 -9999 -9999 -9999 -9999 -9999 -9999 -9999 -9999 -9999 -9999 -9999
0.180566717366439 0.182068173652735 0.182689373910262 0.182822240447879 0.184347800710216 0.185937289423928 0.187546727291704 0.194453903998573 0.204933316565686 0.204543237676233 0.204045420004592 0.206498976913964 0.208123035842458 0.209072102768754 0.205906338049096 0.202382160280059 0.199984692152719 0.196039938348802 0.190581145292339 0.18753695332451 0.185549666677027 0.18683440295948 0.190494448608923 0.19694838642648 0.205416879134411 0.214919719205707 0.228756710779657 0.241934267390366 0.254176855876106 0.264549075508483 0.273930546495496 0.277480587393621 0.281072996828086 0.284738271258293 0.288686100627511 0.292753770578923 0.294238371042321 0.291866385681014 0.281364973327751 0.265297971352743 0.24609739538957 0.282697622221693 0.310981946310159 -9999 -9999 -9999 -9999 -9999 -9999 -9999 -9999 -9999 -9999 -9999 -9999 -9999 -9999
