layers/veg/veg4400.asc
NCOLS 255 
NROWS 330 
XLLCORNER -2985163.8955 
YLLCORNER -3022031.214 
CELLSIZE 25000 
NODATA_value -9999 
[rows 175 to 199 of 330, columns 56 to 111 of 255]
-9999 -9999 -9999 -9999 -9999 -9999 -9999 -9999 -9999 -9999 -9999 -9999 -9999 -9999 -9999 -9999 -9999 -9999 -9999 -9999 -9999 -9999 0.461333914700225 0.380680930728563 0.306136038502233 0.344152132761276 0.344276000000825 0.257119611914969 0.191247702463141 0.154743156505584 0.0917448270222544 0.0822743047210087 0.0893000560126099 0.119663626634268 0.137607677813627 0.113953487779831 0.0920531156412095 0.0862577515339534 0.0661741324517943 0.0798888417631331 0.16136247012296 0.245964792547308 0.346882950912255 0.42380628553653 0.425551897717481 0.405552552032939 0.434309793741325 0.47054211841464 0.484919527093273 0.489845710881244 0.49126653247877 0.49160530968404 0.491594069617221 0.491783077739177 0.491690434263433 0.49132561724192
-9999 -9999 -9999 -9999 -9999 -9999 -9999 -9999 -9999 -9999 -9999 -9999 -9999 -9999 -9999 -9999 -9999 -9999 -9999 -9999 -9999 -9999 -9999 0.399180620685063 0.304875312682247 0.308226642856412 0.295290380922128 0.213673889507466 0.158352481152068 0.120669052525929 0.0742649752501099 0.101077810778543 0.117747307113841 0.14619153106358 0.1360098413964 0.100680978578655 0.0769565383887754 0.0523561967988218 0.039265845466933 0.135049608742989 0.191627832345755 0.244801018392856 0.383180446117499 0.410514853733558 0.417287731212731 0.42311657812937 0.455569607806774 0.475490895019645 0.484319822802683 0.487544262724787 0.488972001846211 0.48980106319249 0.490007125728191 0.490398705477487 0.490555599187183 0.490318549382628
-9999 -9999 -9999 -9999 -9999 -9999 -9999 -9999 -9999 -9999 -9999 -9999 -9999 -9999 -9999 -9999 -9999 -9999 -9999 -9999 -9999 -9999 -9999 0.322686788937272 0.310496692213423 0.302127352187006 0.279726848228059 0.20599714271911 0.143908696978276 0.113695271010564 0.0716060322061078 0.06156751860723 0.0772992825206584 0.12043722850663 0.137349232843025 0.112563531532679 0.0835866156489788 0.0498190337541291 0.0545563546856384 0.16136293702877 0.167036220673452 0.211117797370226 0.381229536845924 0.4092653304065 0.416420190904945 0.428479609965 0.464199305113759 0.477230407443616 0.484067259090324 0.486751698529235 0.488212233850048 0.489047200196323 0.489345251597608 0.489737936756014 0.489869983441893 0.489694887687622
-9999 -9999 -9999 -9999 -9999 -9999 -9999 -9999 -9999 -9999 -9999 -9999 -9999 -9999 -9999 -9999 -9999 -9999 -9999 -9999 -9999 -9999 -9999 0.365310967658175 0.347912610951562 0.329474099017282 0.277569898462113 0.163896051901157 0.0933386552775669 0.093856199819863 0.0510301783803557 0.0368939387965349 0.0537030031277972 0.0587470931107601 0.105509264432367 0.118155817584328 0.0749004039845866 0.051137268904852 0.10104159757239 0.205031126613484 0.215233085944448 0.275598228717119 0.366221608701517 0.381953388223778 0.41316543897554 0.451253857562036 0.465895683490173 0.473937777314915 0.484343224334168 0.486319418977534 0.487445054279488 0.488136040099237 0.488325844815666 0.488604151834836 0.488552041920433 0.488351563028368
-9999 -9999 -9999 -9999 -9999 -9999 -9999 -9999 -9999 -9999 -9999 -9999 -9999 -9999 -9999 -9999 -9999 -9999 -9999 -9999 -9999 -9999 -9999 0.412260695691303 0.383813980672054 0.348058133808265 0.304390560880395 0.208767509942513 0.107640375541503 0.0721480047536687 0.0673604808037993 0.0471241467512723 0.030203474629814 0.0518303995008997 0.0819428516928796 0.0640023594512833 0.0526434211360225 0.0696390602823195 0.143641722411048 0.229691632743791 0.261633648281713 0.29283078188549 0.332108001063448 0.350205991067957 0.406921309384854 0.450169313999023 0.454947718767643 0.471670644456941 0.484937881111775 0.486858794247406 0.487317719325889 0.487540716483044 0.487476516225645 0.48755664844422 0.487365233133697 0.487049709931243
-9999 -9999 -9999 -9999 -9999 -9999 -9999 -9999 -9999 -9999 -9999 -9999 -9999 -9999 -9999 -9999 -9999 -9999 -9999 -9999 -9999 -9999 -9999 0.465433943261689 0.412363098530877 0.365742997682252 0.298446905190666 0.19977396017767 0.10427600827309 0.0728429638440848 0.0743518419171846 0.0555728630751146 0.0472408515588402 0.0927633329855795 0.085994397792395 0.0227235166235513 0.0337282360919977 0.0344408344838592 0.0935509039255668 0.221283504759766 0.28330960623648 0.300657046663406 0.330909732396596 0.383687656408117 0.428608965208265 0.452361736762725 0.464892039624342 0.475929356234821 0.486015525722263 0.487607293407756 0.487580267923008 0.487352410214751 0.487036501759285 0.486920888734666 0.486628072961911 0.486202145607556
-9999 -9999 -9999 -9999 -9999 -9999 -9999 -9999 -9999 -9999 -9999 -9999 -9999 -9999 -9999 -9999 -9999 -9999 -9999 -9999 -9999 -9999 -9999 0.466159045731583 0.413441284260149 0.374740624355399 0.317435147618121 0.208729288211979 0.112166430138067 0.0839230870029978 0.0619258183019046 0.0449008163292513 0.0757520498662011 0.102185990501628 0.0929256853784093 0.0632132647648103 0.0173300613914724 0.00820234171044517 0.0703537795749814 0.148170583091082 0.246664556267959 0.315901933734942 0.342352087794237 0.405310720490135 0.409389907830325 0.432707412763229 0.469224798071708 0.479190629221379 0.485991930106349 0.487919690199716 0.48752917258683 0.486869062516701 0.486303539390271 0.486049304329469 0.485562150817462 0.484924209074053
-9999 -9999 -9999 -9999 -9999 -9999 -9999 -9999 -9999 -9999 -9999 -9999 -9999 -9999 -9999 -9999 -9999 -9999 -9999 -9999 -9999 -9999 -9999 0.445364768175303 0.441067530384717 0.414882088064005 0.345720775507638 0.218066272269304 0.124078382764402 0.067849259897363 0.0101891891961666 0.0029569378633435 0.0388139736421383 0.0824744682990507 0.10470081693544 0.115824766073243 0.0602646145131693 0.0264045624504225 0.0267295614986115 0.060060102289541 0.202181579385772 0.316753821494929 0.361498494411053 0.394294861153069 0.37993517927453 0.439035623205744 0.472471800630007 0.482307271215967 0.487455645545603 0.488874645371389 0.488027161675787 0.486923901345724 0.486021569750688 0.485392091602397 0.484636461976623 0.483869351431064
-9999 -9999 -9999 -9999 -9999 -9999 -9999 -9999 -9999 -9999 -9999 -9999 -9999 -9999 -9999 -9999 -9999 -9999 -9999 -9999 -9999 -9999 -9999 0.443958304483499 0.435051599765225 0.415019506983378 0.346777857572498 0.225383046324955 0.147661251072105 0.0901780424131891 0.0278973628807074 0.0097090232628135 0.034244967101481 0.0801839870955432 0.106938842093235 0.123291808084919 0.0787140585066149 0.0657450678256251 0.0458571510982251 0.0571436752737995 0.202708343276847 0.306122336016769 0.347660644362548 0.4090517384985 0.390771803567191 0.429872219825601 0.473298395143313 0.482375850183785 0.487387416423591 0.488563663842237 0.48764422172082 0.486379883923855 0.485267886949226 0.484432006336027 0.483567688357023 0.482599932847549
-9999 -9999 -9999 -9999 -9999 -9999 -9999 -9999 -9999 -9999 -9999 -9999 -9999 -9999 -9999 -9999 -9999 -9999 -9999 -9999 -9999 -9999 -9999 0.44701297560797 0.440458011795225 0.41780329126435 0.341353308542179 0.206806735415921 0.132103575897102 0.073326882988693 0.00152895350371532 0 0.00156069900556924 0.0528690599688141 0.132014799487969 0.131663655669185 0.113078024682467 0.12691124812239 0.107775599270472 0.133947943275671 0.220279269088899 0.260030897603807 0.310515294414982 0.424154535965351 0.43835066911547 0.463743081650655 0.479107919952438 0.48560734906619 0.488204104584646 0.488307470432755 0.487429514118134 0.485943669870852 0.484573928892119 0.483321593365979 0.481802087469983 0.480396873147274
-9999 -9999 -9999 -9999 -9999 -9999 -9999 -9999 -9999 -9999 -9999 -9999 -9999 -9999 -9999 -9999 -9999 -9999 -9999 -9999 -9999 -9999 -9999 0.463259291229103 0.398250715275215 0.371818955402399 0.312623553641758 0.166216967845928 0.0873605432834943 0.0670364134221871 0.0244608163497853 0 0 0.0319606747162354 0.0757435456977436 0.0868245470401559 0.117541711355417 0.121002137237561 0.139957677012045 0.197044047357577 0.185092961300749 0.220078351531158 0.361833194693224 0.452288364935989 0.469608106055104 0.475353901438901 0.483035482747699 0.487223010071545 0.488937675736379 0.488220055611294 0.486901339022117 0.48531953240309 0.483922850866146 0.482542943668334 0.479933476278747 0.478132988707498
-9999 -9999 -9999 -9999 -9999 -9999 -9999 -9999 -9999 -9999 -9999 -9999 -9999 -9999 -9999 -9999 -9999 -9999 -9999 -9999 -9999 -9999 0.492980325841781 0.457411048370936 0.398964990092634 0.348261067817129 0.267366285887759 0.170666272946326 0.100358423176136 0.054551965508699 0.0122715898151469 0.00547870243786896 0.0280683692701062 0.112535914426052 0.105723365020716 0.0424578590812958 0.12337312756714 0.202927667271388 0.229115867377262 0.243989951932817 0.16290535906698 0.199691151068718 0.415683247402971 0.474793179005983 0.473418158158533 0.475773099331919 0.481456931297735 0.485956640013758 0.489236282999606 0.488196613098416 0.486659945896154 0.484954286457997 0.483452215181644 0.481776006426765 0.478835440411293 0.476590361596387
-9999 -9999 -9999 -9999 -9999 -9999 -9999 -9999 -9999 -9999 -9999 -9999 -9999 -9999 -9999 -9999 -9999 -9999 -9999 -9999 -9999 -9999 0.491955009277503 0.455012518632386 0.393726712639531 0.354010924774876 0.300185286135704 0.18863628792454 0.0868079281667845 0.0347995678759214 0 0 0 0.130720592115812 0.213966087170011 0.15919865320318 0.199886051345997 0.27164124815168 0.245346596766413 0.198959457264681 0.165517858126265 0.294672849523467 0.454967621959184 0.476155533600345 0.475428899178039 0.47598504425109 0.478849523442919 0.483250723094094 0.487848613385107 0.487051352859135 0.485568166718325 0.483704333852996 0.48184904182719 0.4800139430138 0.477178925648636 0.474359543076497
-9999 -9999 -9999 -9999 -9999 -9999 -9999 -9999 -9999 -9999 -9999 -9999 -9999 -9999 -9999 -9999 -9999 -9999 -9999 -9999 -9999 -9999 0.500821402102043 0.486133078463632 0.452662203858648 0.407187036640725 0.300026857550798 0.168000840516403 0.0688839431908766 0.00709520092034386 0 0 0.0116996112521837 0.159818942089981 0.286233695627372 0.249732196313446 0.235737848839709 0.308763420861136 0.304945526035778 0.305400988532578 0.291991801395583 0.362328323975098 0.458843639442505 0.475990807424189 0.476864576315788 0.475569692305977 0.477026439864819 0.482317231434409 0.485814309746736 0.486015382798899 0.484756700849204 0.482642426230605 0.480713827608506 0.47866333836939 0.475054375908498 0.471947884181039
-9999 -9999 -9999 -9999 -9999 -9999 -9999 -9999 -9999 -9999 -9999 -9999 -9999 -9999 -9999 -9999 -9999 -9999 -9999 -9999 -9999 -9999 0.504899919607264 0.477312632172869 0.437232369646671 0.384408901637939 0.277717049896989 0.157760480616941 0.0772270215405616 0.0163673405474052 0 0 0.00336490918625441 0.135925873188736 0.282368502591546 0.26785530780477 0.261704761169767 0.309190753784148 0.332098203507637 0.359506376108269 0.323753062745269 0.35474319886826 0.450718262522817 0.47325219025503 0.471703472196407 0.467941075753989 0.472481769509506 0.480816951568003 0.483915595461142 0.484348169741344 0.483268270815844 0.481326752834888 0.479430111063535 0.477322119008698 0.473938220248727 0.47105693456974
-9999 -9999 -9999 -9999 -9999 -9999 -9999 -9999 -9999 -9999 -9999 -9999 -9999 -9999 -9999 -9999 -9999 -9999 -9999 -9999 -9999 0.501537502681397 0.499870930155552 0.462044864146321 0.411422383835868 0.36135997253167 0.266757218988534 0.152693356886415 0.0629176993544664 0 0 0.00816423339218546 0.0488190462842655 0.157155527084118 0.264848940484016 0.312567424374225 0.352016126398798 0.395851482643577 0.408346728750776 0.414801621892937 0.331381124888194 0.304105744470756 0.421772104134127 0.46192720802938 0.456964326729587 0.454308397464586 0.466102331276601 0.477250204854568 0.481896652808149 0.482047493848946 0.481337129896374 0.479893482736334 0.477983956268611 0.475821107730463 0.474134051060718 0.473012750142866
-9999 -9999 -9999 -9999 -9999 -9999 -9999 -9999 -9999 -9999 -9999 -9999 -9999 -9999 -9999 -9999 -9999 -9999 -9999 -9999 -9999 0.476709714570005 0.481185559672841 0.459080966302927 0.394348465568668 0.327315511244882 0.254266812929493 0.156940590783423 0.0667305819636463 0 0 0.0513744131638837 0.0761248731040592 0.139824584530268 0.256775037550793 0.344791537029223 0.361233104064175 0.403147122282593 0.414361943468821 0.412405888357709 0.294989166516014 0.258144196542434 0.403865283317188 0.443002329770665 0.443924850336887 0.451561986869121 0.468574932396168 0.477132729886144 0.480447696370507 0.480385390893955 0.479632334987937 0.477998378669088 0.476309761848199 0.474608461247152 0.47309155420859 0.471632119599348
-9999 -9999 -9999 -9999 -9999 -9999 -9999 -9999 -9999 -9999 -9999 -9999 -9999 -9999 -9999 -9999 -9999 -9999 -9999 -9999 -9999 0.466236024735206 0.46417191400176 0.4387193802051 0.359904065901216 0.274043348078373 0.220956013509193 0.12732347800819 0.042662339498879 0.0289363004715146 0.0488867364122035 0.103601169804384 0.129653639417667 0.137318804175686 0.212782065788531 0.355206257781885 0.380347357983156 0.399347176467717 0.414115834850232 0.405651970998404 0.26737585463642 0.22632805443483 0.369829871133411 0.411032643906997 0.444596279170543 0.456173011908283 0.471452177552902 0.478362921254183 0.479840933586197 0.479205799047287 0.478328896765135 0.476682532918818 0.474874024419761 0.472726126243001 0.470521359987151 0.46892561568818
-9999 -9999 -9999 -9999 -9999 -9999 -9999 -9999 -9999 -9999 -9999 -9999 -9999 -9999 -9999 -9999 -9999 -9999 -9999 -9999 -9999 0.473918591441028 0.463605130057159 0.418763729794785 0.349990917880546 0.244041695836915 0.124162508043125 0.0521240975798272 0.0361166334620095 0.039781616160463 0.0888803332275841 0.170101031364657 0.211537375181009 0.168584991276303 0.18293883042419 0.324205296622439 0.32874565038256 0.34885696706542 0.405577721968974 0.377575877964506 0.289901239424009 0.304047172057035 0.394831888278527 0.424123924025072 0.452114567793066 0.459702524909863 0.470629084043504 0.477148731100362 0.477633418026717 0.476786623941296 0.475897888763449 0.474274370311148 0.472538987875528 0.470562057382774 0.467969732960722 0.465710142953331
-9999 -9999 -9999 -9999 -9999 -9999 -9999 -9999 -9999 -9999 -9999 -9999 -9999 -9999 -9999 -9999 -9999 -9999 -9999 -9999 -9999 0.441399976402851 0.445373712410847 0.390744044400124 0.312493105299665 0.214963656648015 0.0838080997423338 0.0207387070157241 0.0290783637182154 0.042295967548744 0.119274255162208 0.21769344064024 0.260811611712028 0.192306531171445 0.162044757258642 0.287121665748193 0.255556974640345 0.277423601735695 0.387382502458545 0.360111213983924 0.362255880789534 0.410788698594711 0.406276307384203 0.434724140886298 0.456301204991603 0.461611808960395 0.470168541567963 0.475540009228298 0.475130054615033 0.473936615134049 0.4731972305238 0.471777583876339 0.470035113338982 0.468159168098084 0.465427457609035 0.462917175922722
-9999 -9999 -9999 -9999 -9999 -9999 -9999 -9999 -9999 -9999 -9999 -9999 -9999 -9999 -9999 -9999 -9999 -9999 -9999 -9999 -9999 0.429686916897021 0.401292334603827 0.378109756602503 0.287637732001337 0.177101005219641 0.0760721327386015 0.0121352290815561 0.0277248807950939 0.0671477486957926 0.116260867040089 0.19092703705953 0.258073392498997 0.19305591442023 0.127195044877684 0.23162521529899 0.253251198926568 0.283312620638979 0.367322401425999 0.41620003906632 0.446871410644553 0.434915198784865 0.420487847861593 0.439687780877419 0.45663150300493 0.462607870212165 0.47094292863474 0.473610189160292 0.470374287667633 0.468232096775553 0.469833646717224 0.470126610606189 0.468547822940671 0.466539857073199 0.463804831699219 0.461198873688134
-9999 -9999 -9999 -9999 -9999 -9999 -9999 -9999 -9999 -9999 -9999 -9999 -9999 -9999 -9999 -9999 -9999 -9999 -9999 -9999 0.460769907285839 0.422569163293406 0.385035918099408 0.342020121522356 0.242132714076253 0.197662365690601 0.109187187674107 0.00387387149900734 0.0510344907816635 0.100728859999402 0.123502176276416 0.169522577176393 0.249782960803314 0.213529488270345 0.131990217513224 0.236614391755138 0.305808485258351 0.322955389682747 0.372238462728798 0.432781071678471 0.447274014250836 0.449742320707476 0.444981390149544 0.446606651810896 0.457128507449987 0.462641782889823 0.469173045627772 0.465506445657148 0.45304678473679 0.445905901774601 0.455512318292711 0.466390212424326 0.465891972090301 0.463874745851632 0.46116274790572 0.458532489015704
-9999 -9999 -9999 -9999 -9999 -9999 -9999 -9999 -9999 -9999 -9999 -9999 -9999 -9999 -9999 -9999 -9999 -9999 -9999 -9999 -9999 0.419585956370724 0.365309349378521 0.29126263165949 0.176852527536086 0.115030175847521 0.0362438752042522 0.000614270067745923 0.0497555701235798 0.111036049064037 0.199489000777186 0.300635083122488 0.317301618131097 0.297288823166249 0.267213089160939 0.315187394879026 0.329874026049582 0.3389420399645 0.426219972463128 0.438989704533642 0.443224344496278 0.44577134614264 0.447843617860551 0.452238068219539 0.458257803360464 0.460457599279404 0.463840997245728 0.458709632861002 0.435542804360097 0.423444332739118 0.443292383744368 0.462351922632901 0.463397669386625 0.46133538674808 0.458379358847571 0.455579435672982
-9999 -9999 -9999 -9999 -9999 -9999 -9999 -9999 -9999 -9999 -9999 -9999 -9999 -9999 -9999 -9999 -9999 -9999 -9999 -9999 -9999 0.428649468359813 0.415805958872068 0.308268202436701 0.150210780896588 0.0801936399089735 0.0361053339647546 0 0.0396104040159794 0.108787108735768 0.193064081251657 0.300118713923811 0.335054774292081 0.32745081151261 0.287108469471379 0.300684601776541 0.327523860438824 0.348029610979875 0.429602825652954 0.437744747060455 0.441049982379585 0.439980171036669 0.444908794682271 0.454130958415377 0.456271254459806 0.455892430677593 0.457825052962574 0.447791526749742 0.419561235185877 0.41667821379937 0.443289190343191 0.461192011783757 0.461426648069844 0.459424150159935 0.456381747734284 0.452879506394881
-9999 -9999 -9999 -9999 -9999 -9999 -9999 -9999 -9999 -9999 -9999 -9999 -9999 -9999 -9999 -9999 -9999 -9999 -9999 -9999 -9999 0.412913891380835 0.386217150052569 0.29786639887674 0.161603029254873 0.0719595056433919 0.0253827142750411 0 0.0269777249445515 0.0998530291586714 0.185204222369137 0.254692239116771 0.31080357502004 0.33117418149848 0.295089713913862 0.286383900642446 0.319701060538621 0.371350127624712 0.423439763488575 0.431875111602002 0.43628794323647 0.436447198506145 0.441808788757388 0.450678599489159 0.452084768508572 0.452434497194249 0.449869923909353 0.428634740832282 0.405615484220594 0.418909486355406 0.445820659331122 0.458522928829505 0.458490692822449 0.456541596274565 0.453294435787989 0.44954438721619
