layers/veg/veg5000.asc
NCOLS 255 
NROWS 330 
XLLCORNER -2985163.8955 
YLLCORNER -3022031.214 
CELLSIZE 25000 
NODATA_value -9999 
[rows 125 to 149 of 330, columns 168 to 223 of 255]
0.450296849831733 0.441176855530625 0.405274441094692 0.409296379011287 0.44177195588486 0.43470002861105 0.434178866944546 0.435438488525506 0.419114216260461 0.402265604153513 0.397386769272832 0.403836035737703 0.410542822935124 0.413080531532704 0.415826561926019 0.423505491768306 0.423539952533104 0.428927187756846 0.447759326141727 0.457927566379636 0.46161758308463 0.462896894178293 0.446184771222569 0.430820818282675 0.448049391313132 0.452685203042624 0.415956394663794 0.389733624300289 0.398192567678122 0.433828245121138 0.479200217739771 0.485516768971918 0.49066601918855 0.508896067577339 0.519273139819287 0.520880501767791 0.514053432179374 0.521141617758181 0.538188356370611 0.543366162700446 0.555160043628436 0.557643613127303 0.556357612069425 0.558377491994204 -9999 -9999 -9999 -9999 -9999 -9999 -9999 -9999 -9999 -9999 -9999 -9999
0.437968961527547 0.439843728642136 0.418880651191025 0.387665326017317 0.381369564545061 0.403273583956396 0.432148546681286 0.431454214084796 0.409304200542688 0.393184636497345 0.397976071603154 0.4056869149612 0.412880949701589 0.418610233421733 0.422569232563089 0.431127850662843 0.440448684479755 0.440639057944929 0.447426281810693 0.460978217757007 0.465912630249028 0.464732655183185 0.445939515515549 0.431770685428114 0.446903831238288 0.445351402667757 0.407368975088743 0.402555502196995 0.423293329961261 0.433381286428547 0.471402620526124 0.501279494779003 0.500657370974438 0.480064445388059 0.477251839827345 0.491664593718252 0.511119839382351 0.532469026665335 0.544076988051109 0.554314430737621 0.563420082569648 -9999 0.564553294185447 0.563844007671578 -9999 -9999 -9999 -9999 -9999 -9999 -9999 -9999 -9999 -9999 -9999 -9999
0.433427265169259 0.432671849279191 0.401676635357989 0.362270903921097 0.365094341163304 0.399038753844381 0.436282234939904 0.430177478864793 0.407093574184734 0.390967791771567 0.396076394357871 0.404677848252241 0.412545741905728 0.414663483929903 0.421425293456476 0.43279133905554 0.434880628460031 0.429749537421203 0.444521105180362 0.466553580031941 0.470174392451468 0.467863113696586 0.439357021013128 0.422795160593589 0.448019195122533 0.448289242071092 0.415832129844117 0.419247107040108 0.434286030507585 0.436785304134217 0.473900447010475 0.497437653423176 0.495055420260446 0.477977747198404 0.487627420759 0.49738241653435 0.517537532889867 0.543569784064787 0.551064058980328 0.5615801650883 0.568574710138832 -9999 -9999 -9999 -9999 -9999 -9999 -9999 -9999 -9999 -9999 -9999 -9999 -9999 -9999 -9999
0.430165228845963 0.412093220480526 0.377181322045479 0.37882518802455 0.419699108977216 0.43538060391162 0.433161530763612 0.416907493260806 0.392833423005949 0.385792415592169 0.394124515012631 0.40365796162914 0.414979524395131 0.423116517326665 0.425797111840468 0.426243977434076 0.428030720709931 0.440115045488295 0.45971122574006 0.469958433251258 0.47286077102997 0.471126586992098 0.453780241490734 0.436778435872977 0.439521470661446 0.453197789133355 0.469900321270765 0.477713116444226 0.457447066607093 0.449402406210935 0.490705160440247 0.514583436298994 0.495062915875941 0.474408789214722 0.486864407639629 0.49792753100678 0.522028645549569 0.549805192266578 0.562215805375008 0.571500090356362 -9999 -9999 -9999 -9999 -9999 -9999 -9999 -9999 -9999 -9999 -9999 -9999 -9999 -9999 -9999 -9999
0.417784295132845 0.399300746770361 0.383838391435672 0.390949343761834 0.424002299387376 0.43551214117977 0.432149864569846 0.420329498508231 0.403111422504204 0.392580225006538 0.393148857079527 0.40171658532949 0.410355598936628 0.419235061916154 0.430427324605064 0.439392770174786 0.446255692032367 0.457630733179347 0.468884321729577 0.473932853788018 0.476299129983006 0.478699799443536 0.477525521042436 0.458957644474523 0.453275380147203 0.478637187205448 0.49449211136554 0.492137163059873 0.474901741760505 0.484552115472501 0.518068143264456 0.529938648162009 0.512932762511335 0.498329122617948 0.503152532114902 0.515834054416431 0.540657901021765 0.557951929316459 0.567945954750849 0.577566335006622 -9999 -9999 -9999 -9999 -9999 -9999 -9999 -9999 -9999 -9999 -9999 -9999 -9999 -9999 -9999 -9999
0.385543128038157 0.369995596001977 0.367120231569678 0.397712168858049 0.435552698762453 0.434676454457078 0.426903831716592 0.407860443774432 0.394758109000761 0.393464247051362 0.392599901660988 0.402438360708106 0.411270630755406 0.417035158375212 0.429601820906397 0.44057077938833 0.448661393778359 0.461386156541947 0.469950272511195 0.472183315251347 0.474658917785426 0.475897747294155 0.480320675030009 0.473619660693196 0.471945623792304 0.485963991479524 0.490104512337788 0.504956606606826 0.518152336058283 0.528443150672123 0.534561583014093 0.533490286700106 0.524517003571982 0.522335711728007 0.534035565511337 0.541160417486756 0.550421126127656 0.561612829636705 0.578066971848607 0.58335547311573 -9999 -9999 -9999 -9999 -9999 -9999 -9999 -9999 -9999 -9999 -9999 -9999 -9999 -9999 -9999 -9999
0.369871005801833 0.365510887380814 0.370995985295434 0.401859303816219 0.431943696366987 0.429486916887997 0.411006163852915 0.390528814338134 0.389048846847723 0.391401562499509 0.395700192610721 0.403838672958393 0.409280427234193 0.413946888243655 0.423337716532518 0.436944990443522 0.447248542509834 0.461928394688468 0.464193980342331 0.464820812913369 0.476586014150765 0.470923339907734 0.471674676953931 0.469770611310393 0.46967246987538 0.487590550802062 0.499329257340693 0.516790284259719 0.522075312636104 0.528529822964004 0.532731283992625 0.521095136408386 0.51525177963338 0.523931372313841 0.544328745680052 0.559738233339266 0.560154829716992 0.569127644754897 0.580348335207239 -9999 -9999 -9999 -9999 -9999 -9999 -9999 -9999 -9999 -9999 -9999 -9999 -9999 -9999 -9999 -9999 -9999
0.40145920180518 0.391292677380991 0.38610576685154 0.399759717791662 0.412457133261905 0.40023401265065 0.383360246982211 0.379051582910574 0.386307691674124 0.396751631689688 0.401124888479742 0.404552932776656 0.411005426232589 0.416661201709154 0.419318570669439 0.428689293291974 0.443963853100166 0.462080294135261 0.477728005386816 0.481935669088131 0.483602127358953 0.480838238537828 0.478341154043093 0.475117660784029 0.476922788521327 0.4922590911479 0.499543811727255 0.504223093857089 0.514096400769311 0.520444490087515 0.51307726484135 0.50522009437708 0.507646491574376 0.517784319095894 0.545659666976535 0.566451341658693 0.568873755286427 0.579025115934429 0.584116215425304 -9999 -9999 -9999 -9999 -9999 -9999 -9999 -9999 -9999 -9999 -9999 -9999 -9999 -9999 -9999 -9999 -9999
0.39715927658582 0.388480986314193 0.381462366243488 0.392746935304175 0.390699092872637 0.375965000786594 0.37751105857416 0.381728685922682 0.390270236122858 0.401492981989969 0.401299934750744 0.402157393413601 0.412410498574045 0.41924262574672 0.42050956856348 0.425249210271793 0.443651381947383 0.466641771297399 0.481554522148251 0.486843470707408 0.480809416747202 0.46886206331928 0.473203496456628 0.478183902408894 0.479406679058485 0.491266707405791 0.499388964740737 0.509653314819959 0.524205724420354 0.524689944701543 0.499792379043084 0.491979237395091 0.504786028772495 0.536225881895685 0.566626442483939 0.568669961239859 0.573282907646693 0.587459270345548 0.588536358307431 -9999 -9999 -9999 -9999 -9999 -9999 -9999 -9999 -9999 -9999 -9999 -9999 -9999 -9999 -9999 -9999 -9999
0.372151864528046 0.382224234828302 0.374671230557571 0.377245913344216 0.385096744497096 0.38581095080434 0.38298999254017 0.390226297260533 0.400584843511624 0.395100454438991 0.399487725084002 0.413341970506038 0.42421007430931 0.430722672026861 0.432163386157403 0.439384311073162 0.458142405175032 0.474504293310885 0.481815744976935 0.489211129665381 0.482946776881357 0.479244679911896 0.475309101657806 0.463045939876734 0.480946808019856 0.497701251444177 0.505018043863414 0.520270284901635 0.532681725465696 0.522326160668819 0.502949543385409 0.501177170765404 0.519426531354501 0.545501850923184 0.560441126880855 0.564918838698438 0.581398850465655 0.5988752481262 -9999 -9999 -9999 -9999 -9999 -9999 -9999 -9999 -9999 -9999 -9999 -9999 -9999 -9999 -9999 -9999 -9999 -9999
0.364535605899908 0.366639424004234 0.368758730348666 0.372312644414002 0.375714094954536 0.387550263132671 0.398579702641525 0.401602716620361 0.408575821962485 0.406401414485394 0.407500696531261 0.418059868917593 0.429375396716103 0.439315539820894 0.444600244911827 0.452808718539365 0.460223141567612 0.468877845633924 0.481958464442075 0.490957777945639 0.496523417508066 0.491218889624357 0.478349402640841 0.471473162094466 0.482993160918604 0.4951986917718 0.49525289879897 0.509589231727132 0.521958466946371 0.519183496316666 0.527099635448096 0.545213942720776 0.553561330853361 0.559571855600641 0.573595718540151 0.579576219686497 0.590411118537068 0.601037886617161 -9999 -9999 -9999 -9999 -9999 -9999 -9999 -9999 -9999 -9999 -9999 -9999 -9999 -9999 -9999 -9999 -9999 -9999
0.373340377471175 0.375319009721969 0.380340418862697 0.380407925848915 0.383442224743218 0.381984828517771 0.380072003849573 0.390876841098398 0.410530657455139 0.419532863859986 0.417822742819654 0.425621629650488 0.438660923171656 0.447509908717281 0.451011164681059 0.445229970884875 0.439841221722796 0.458999494963027 0.483195053045757 0.492957813454817 0.500784511266785 0.490150120967468 0.478609146282355 0.48889796112037 0.49810921621473 0.50902345823348 0.513756671322269 0.520897144448056 0.528205000400866 0.536329058721772 0.555160991493833 0.574273584506111 0.586454450005654 0.591753503585213 0.592412001576279 0.58002980037926 0.584535633757763 0.607899990203891 -9999 -9999 -9999 -9999 -9999 -9999 -9999 -9999 -9999 -9999 -9999 -9999 -9999 -9999 -9999 -9999 -9999 -9999
0.384063563327827 0.380950720579962 0.380659906901649 0.384163820307401 0.388677072757965 0.3856793392811 0.382969628943064 0.402431120872418 0.419823424071866 0.419733797430959 0.420417690110715 0.426180957831038 0.438975958257504 0.444754718935885 0.444070073455257 0.437259235768565 0.437602555577258 0.459684107952915 0.48393194429535 0.488671515246129 0.492903437132828 0.488993316293501 0.482047676560648 0.495155555586612 0.508415890725727 0.518055727841923 0.523297017153385 0.529888811648113 0.537045986443046 0.544522004503492 0.556473454114451 0.580664906073085 0.593726106908645 0.595838306803912 0.589683942546728 0.584380273546275 0.602772350907934 0.617173056738398 -9999 -9999 -9999 -9999 -9999 -9999 -9999 -9999 -9999 -9999 -9999 -9999 -9999 -9999 -9999 -9999 -9999 -9999
0.391531233309241 0.388794738552382 0.38581077573744 0.389301355214651 0.402931029856074 0.407456168474301 0.392121657637385 0.386711149906613 0.401066129665947 0.419783239026385 0.427960131596915 0.431833903923721 0.435148393191601 0.431857586975578 0.427434987282814 0.426834752882098 0.436037518742674 0.460568358417031 0.482903924526783 0.485179624252176 0.48497831859661 0.49209401419011 0.501742632499685 0.514977275830554 0.523258891528444 0.520622025587591 0.528576692848566 0.538855656044136 0.546531169998364 0.554651739268345 0.573568641592713 0.597300998874883 0.600118917442894 0.606085616827891 0.606024665990511 0.606606666770705 0.618998300360065 0.626814423532928 -9999 -9999 -9999 -9999 -9999 -9999 -9999 -9999 -9999 -9999 -9999 -9999 -9999 -9999 -9999 -9999 -9999 -9999
0.400037550177296 0.39595881179267 0.38825212276821 0.387787321425753 0.397967027350357 0.414974741842882 0.40785443430304 0.392552808041239 0.397578061877225 0.414923926101409 0.421372094771887 0.428315061336894 0.430982964018336 0.425918538433181 0.427622778208346 0.428911258941917 0.434911803325238 0.459754986744883 0.475112202957165 0.470798195528349 0.480005192145336 0.49691720989252 0.515412129774226 0.531640718747967 0.538335074007038 0.538806834838812 0.546251634812411 0.55495375199141 0.565221908717615 0.57313652159312 0.59294386317987 0.612998567382882 0.617717478202581 0.621271055804312 0.614153951322028 0.614255920550704 0.628509050057337 0.634188725994683 -9999 -9999 -9999 -9999 -9999 -9999 -9999 -9999 -9999 -9999 -9999 -9999 -9999 -9999 -9999 -9999 -9999 -9999
0.398704552519282 0.385147475257011 0.380366040139938 0.390840910876071 0.404352893703853 0.421857403361275 0.422394845460774 0.416060290853078 0.407499013094708 0.407399629715402 0.418040071739877 0.428424267050914 0.428159624387636 0.423979844920792 0.425778382660983 0.426606348932491 0.429662513712664 0.454757527767268 0.470412933147566 0.463304981604606 0.483424189116079 0.504393111081171 0.518917489084875 0.540033741156737 0.559418817135743 0.566146047562116 0.572320382820806 0.572777555628828 0.568809538437214 0.591529636283799 0.621698148589499 0.629967845810566 0.628432852599023 0.623777373569445 0.620521793060842 0.628082102675307 0.635062630204222 0.637180827697987 -9999 -9999 -9999 -9999 -9999 -9999 -9999 -9999 -9999 -9999 -9999 -9999 -9999 -9999 -9999 -9999 -9999 -9999
0.406508815691391 0.397065341211582 0.394907432279465 0.398528632353702 0.408679304321213 0.424069341368151 0.427823624142652 0.424947307846389 0.418072836792517 0.415543482138025 0.422417263328948 0.425564391977737 0.424884272602199 0.423906817608218 0.421060585927293 0.42137755771588 0.428321913624462 0.450989501089251 0.465848606555118 0.470379817753592 0.493376319539716 0.514178749777418 0.543501043207846 0.572621799721756 0.586402395328642 0.600276675468211 0.596087202164874 0.589459435351379 0.598504499066078 0.607590238949185 0.615691905692727 0.616511629105539 0.616602201403891 0.629284392707276 0.63433838874566 0.637156333546526 0.641228786893125 0.6407910957441 -9999 -9999 -9999 -9999 -9999 -9999 -9999 -9999 -9999 -9999 -9999 -9999 -9999 -9999 -9999 -9999 -9999 -9999
0.405290709193949 0.401735409738676 0.403109978536293 0.413914504285044 0.422313021014037 0.425103553394558 0.429113701169955 0.424173439540261 0.421900689295566 0.422234964516192 0.419242815141205 0.41447951767421 0.417533505870905 0.430521980998789 0.430422813923789 0.426078431098636 0.432723117671451 0.44584528833092 0.450044478070626 0.462613459174121 0.49483177668424 0.525756784399219 0.561873408015238 0.598679565534635 0.615626231780713 0.604716767767435 0.582891539647587 0.588479423293763 0.61832356066588 0.628446898293721 0.606869120121287 0.602616014041935 0.621640015151169 0.639826677001811 0.644535811462385 0.650004284268068 0.653074653439174 -9999 -9999 -9999 -9999 -9999 -9999 -9999 -9999 -9999 -9999 -9999 -9999 -9999 -9999 -9999 -9999 -9999 -9999 -9999
0.404674676778402 0.406178006084487 0.406839398736813 0.415939546887592 0.430363451546185 0.431075751497995 0.430761535457837 0.425006567509128 0.419519237505318 0.415681704711101 0.409823177735584 0.409744415625928 0.415447021672402 0.426617001595847 0.434922715632358 0.4371527032437 0.446378600797555 0.458268537054523 0.463280546543062 0.481164473381468 0.516087411416993 0.546553674483615 0.57421628303989 0.599387221405561 0.609810707494767 0.59253230739423 0.588971028015737 0.603214436748537 0.617315454068168 0.624298871676461 0.612165336238497 0.615016651433881 0.629936526212567 0.645146778239219 0.651927111045467 0.654791906075914 0.658436942992211 -9999 -9999 -9999 -9999 -9999 -9999 -9999 -9999 -9999 -9999 -9999 -9999 -9999 -9999 -9999 -9999 -9999 -9999 -9999
0.414036637135456 0.407499500320569 0.407708917042901 0.419520334724969 0.435972101610684 0.437305461723129 0.432642342790484 0.424763318987757 0.416017136374357 0.405782653291967 0.394605314688851 0.400360850615816 0.422436737174956 0.428989833990289 0.418273908773398 0.427196135668031 0.446141137498296 0.452801174364937 0.480186342927735 0.504019798634301 0.52206640619984 0.548361401999781 0.566366036763964 0.580451625819128 0.590415654814876 0.590399114163537 0.600544415784488 0.618107818692852 0.644502170591775 0.660874072880149 0.644055463956076 0.628020904858439 0.643546886804794 0.660177979217474 0.656720072870696 0.65928030609109 0.666615790677087 -9999 -9999 -9999 -9999 -9999 -9999 -9999 -9999 -9999 -9999 -9999 -9999 -9999 -9999 -9999 -9999 -9999 -9999 -9999
0.429499193748496 0.421348150666253 0.418801181903374 0.431223513431562 0.439127039325967 0.435811615948689 0.429541754802263 0.414564712559628 0.403209605498489 0.39561337247395 0.391701295125435 0.402704166292156 0.417801895592865 0.421351818119504 0.406299099030126 0.419435460362765 0.443049592577569 0.456548620228927 0.484273871900627 0.501744086996265 0.533175608891363 0.556545577908816 0.55447100983606 0.567798652884571 0.594080633128405 0.599774822955728 0.636479371173626 0.663728583622705 0.66618153390037 0.669981755466949 0.671623111963533 0.671328900936691 0.670397216928705 0.67189763004003 0.67132243683827 0.67171988860687 0.671147079434823 -9999 -9999 -9999 -9999 -9999 -9999 -9999 -9999 -9999 -9999 -9999 -9999 -9999 -9999 -9999 -9999 -9999 -9999 -9999
0.430596638840579 0.432993537356922 0.426333454427883 0.427576808116405 0.434036955179552 0.426782637794757 0.418518674118905 0.411099357816893 0.400117658207929 0.395905643393798 0.401119503479512 0.408448217441772 0.405098946828143 0.419202316582512 0.417212058143502 0.42163488671547 0.428645828523478 0.430133190723256 0.483200504846692 0.513640222236814 0.52712681356178 0.5463762269158 0.564692149107168 0.581168144659719 0.610761621626794 0.636744309311968 0.657239886859007 0.675170992492574 0.679176122359305 0.679970950837864 0.679678993737049 0.680146718090343 0.681154699726911 0.679788720705694 0.678708906255794 0.679346969884462 -9999 -9999 -9999 -9999 -9999 -9999 -9999 -9999 -9999 -9999 -9999 -9999 -9999 -9999 -9999 -9999 -9999 -9999 -9999 -9999
0.443234242229725 0.440637741679193 0.432483416843852 0.425620435645558 0.424139662831889 0.419881974166629 0.41492499372808 0.408786595581163 0.401486152505855 0.404358014963351 0.410623864982984 0.408464208407578 0.403794132568346 0.422944648875913 0.430527116331142 0.42428816189442 0.414481221404986 0.434426435997715 0.488190471969124 0.510939319322875 0.527114285541357 0.562496990615348 0.595243108360982 0.614447284504366 0.63206954602193 0.653193294213254 0.667943298407206 0.680357522521486 0.687827766368822 0.688568035776101 0.689049101687809 0.688114604748153 0.689517159487182 0.687932691068222 0.685202464443884 0.685674993534434 -9999 -9999 -9999 -9999 -9999 -9999 -9999 -9999 -9999 -9999 -9999 -9999 -9999 -9999 -9999 -9999 -9999 -9999 -9999 -9999
0.432050714866431 0.433948181988417 0.428328797556225 0.412767083264426 0.407749021244061 0.413358886212638 0.404945866989428 0.401789755459749 0.407604906365028 0.419462522578675 0.42177468806872 0.40773835765844 0.409664707649743 0.424795606941732 0.436020455005755 0.426347509310015 0.400976869764316 0.414002938553083 0.467716142812236 0.527004551199672 0.556099543624313 0.595263946237586 0.630062444694018 0.646286546109033 0.657426774112211 0.659724500493123 0.670424290577748 0.684652727506575 0.692526410711243 0.694666302890836 0.697998760732058 0.700593216822455 0.700359707016146 0.695765572960895 0.692456742086101 0.69110382954495 -9999 -9999 -9999 -9999 -9999 -9999 -9999 -9999 -9999 -9999 -9999 -9999 -9999 -9999 -9999 -9999 -9999 -9999 -9999 -9999
0.426129531180712 0.42814284160782 0.427329870066571 0.410361253066301 0.40472876285571 0.417341116555763 0.411963306928712 0.409390067422059 0.411512908604844 0.419538332391985 0.425827097571149 0.41426213081262 0.411855831931186 0.425094475795552 0.436395198351917 0.424672486774751 0.406196880514913 0.435509450544014 0.490297261841778 0.537263556136425 0.561191258258877 0.600452171317493 0.620905712605571 0.633502522256431 0.664435106509655 0.670168796971493 0.680051636410638 0.693489176633897 0.697792284962183 0.698714787940099 0.701933662450885 0.704251767652176 0.702406742627671 0.701214263830889 -9999 -9999 -9999 -9999 -9999 -9999 -9999 -9999 -9999 -9999 -9999 -9999 -9999 -9999 -9999 -9999 -9999 -9999 -9999 -9999 -9999 -9999
