layers/veg/veg5000.asc
NCOLS 255 
NROWS 330 
XLLCORNER -2985163.8955 
YLLCORNER -3022031.214 
CELLSIZE 25000 
NODATA_value -9999 
[rows 200 to 224 of 330, columns 57 to 113 of 255]
-9999 -9999 -9999 -9999 -9999 -9999 -9999 -9999 -9999 -9999 -9999 -9999 -9999 -9999 -9999 -9999 -9999 -9999 -9999 -9999 0.144825624462493 0.143287965273411 0.123546883960977 0.0938560479092807 0.0772069603105999 0.0634225886183141 0.0556947422670996 0.0622433719632025 0.0782832389226641 0.0862261692111682 0.0950320435374991 0.108930938306605 0.110199211039179 0.101329913643911 0.104306927208942 0.106964445443844 0.100943479398045 0.0971078298190946 0.0953816478160235 0.0871062893683071 0.0790692902150809 0.0805330528735297 0.0824423103372003 0.0848684474428903 0.0848656131188473 0.0846413365927598 0.0886042383254932 0.0965337696717757 0.110009111554942 0.125916532024351 0.142041495265983 0.146398674377441 0.15048663591016 0.154118309186162 0.1604921549131 0.168087858787681 0.17355225620213
-9999 -9999 -9999 -9999 -9999 -9999 -9999 -9999 -9999 -9999 -9999 -9999 -9999 -9999 -9999 -9999 -9999 -9999 -9999 -9999 0.142030417101001 0.141893905114101 0.124561936532917 0.0978311541142339 0.0818531485003013 0.068550974691742 0.0610390542586485 0.067697140304015 0.0837756808834448 0.0909146465113619 0.0977112313073058 0.10595487257923 0.107515906664334 0.103713357008488 0.104537135489862 0.10436799474495 0.0971278379576483 0.0931138528127655 0.0922140639763523 0.084092964920101 0.0755031501086266 0.0730715903155153 0.0733659961368278 0.0768231686490765 0.0782815719333266 0.0793230280844098 0.0816730237380748 0.0868936612860557 0.0961277907947526 0.111110853930692 0.127825080780548 0.138445868265189 0.145661383279717 0.147105410985273 0.151235325663725 0.156585786735232 0.163158334992132
-9999 -9999 -9999 -9999 -9999 -9999 -9999 -9999 -9999 -9999 -9999 -9999 -9999 -9999 -9999 -9999 -9999 -9999 -9999 -9999 0.142280037781284 0.142903272538643 0.124537377753898 0.0957922707322592 0.0805322358289556 0.0687081646627709 0.0643492103320542 0.0709960125531938 0.0849596236528144 0.0941715951803344 0.10074549933937 0.100169221084695 0.103584756187992 0.110204194292794 0.107830132312752 0.103161332074752 0.0943204026715381 0.0890453908993822 0.087212529376437 0.0813481755956292 0.0745688528878276 0.0673717712743342 0.0648816064369554 0.0678525815045458 0.0720631304405406 0.0763141364459509 0.0777677685842026 0.079515269284164 0.0816736324857367 0.094835275869686 0.112052755090018 0.130860695419299 0.142810090081198 0.143135155229168 0.142823879882802 0.142281941873374 0.149597782438454
-9999 -9999 -9999 -9999 -9999 -9999 -9999 -9999 -9999 -9999 -9999 -9999 -9999 -9999 -9999 -9999 -9999 -9999 -9999 0.174516944443752 0.170647885304581 0.158871997661763 0.136911412888424 0.109384004588404 0.0894473472580112 0.0750357853320142 0.0739405447195468 0.0780680209702148 0.0856676457218904 0.0916085785420734 0.0959296393847352 0.0955009514743969 0.0969932476662739 0.100027361117377 0.097079826165525 0.0929417537166474 0.0874525177974439 0.0827461898301308 0.0787955963133943 0.0770476227328856 0.0745600400374418 0.0649850997577606 0.0615576395142405 0.0652627142479364 0.0705588751440196 0.0758364710325192 0.0768816145733652 0.0779933964223544 0.0791983463932672 0.0844848639981356 0.0918293376473773 0.109643788618247 0.124040372827274 0.132644124065409 0.136199738950112 0.137500668124115 0.141982233184343
-9999 -9999 -9999 -9999 -9999 -9999 -9999 -9999 -9999 -9999 -9999 -9999 -9999 -9999 -9999 -9999 -9999 -9999 0.16950890050199 0.171441411350772 0.170551197127826 0.163892447906502 0.14479326908102 0.118894312577821 0.0961718695259655 0.080540449660796 0.0826108114432935 0.0846501409662394 0.0866688397300787 0.0887183552490862 0.0900925135487957 0.0892802717699271 0.0891645852051716 0.0896079666982332 0.0856954916405698 0.0818751730706751 0.081138522891818 0.0779300025385905 0.0723354067296039 0.0727613506823068 0.0729083968211674 0.0639687499049923 0.0609110745076889 0.064677881230955 0.0701467967414755 0.0755465251600534 0.0759693793561905 0.0763339239748561 0.0766169450078462 0.0763484686006681 0.07666023856659 0.0908788451720655 0.105247321035666 0.119869805507642 0.127607798051731 0.132226307661783 0.134970264287434
-9999 -9999 -9999 -9999 -9999 -9999 -9999 -9999 -9999 -9999 -9999 -9999 -9999 -9999 -9999 -9999 -9999 -9999 0.169471466181415 0.167849125973843 0.164777488736123 0.158744060877993 0.141442166179766 0.117981073469939 0.097209760517733 0.0837928340446343 0.0887914457687624 0.0898865394927062 0.0883865099258081 0.0853451840687447 0.0822336641508572 0.0793356406103028 0.0785452789754778 0.0794465656469136 0.0735132757166584 0.0692566244945803 0.0763358075959626 0.0767293067834652 0.0706691716105252 0.0685864026619135 0.0673287147562767 0.0660251575575629 0.0663336866549804 0.0685126182304558 0.0720803759492523 0.0755739251117801 0.074844966026071 0.0740572732597109 0.0731874639619984 0.0731481696352786 0.0736560840322081 0.0785874712669746 0.0871929175589436 0.102025408942653 0.114276963326126 0.125311967798414 0.129088059122494
-9999 -9999 -9999 -9999 -9999 -9999 -9999 -9999 -9999 -9999 -9999 -9999 -9999 -9999 -9999 -9999 -9999 -9999 -9999 0.164460155991074 0.160976520688247 0.150373710951038 0.131882954291163 0.109080748017856 0.0938311916288966 0.0847814870213625 0.0907642340284713 0.0912893414782001 0.0881861199365655 0.083154830344487 0.0781484183969507 0.0737724200596559 0.0729665122529833 0.075026024930928 0.0680530580543583 0.0623475383890885 0.0676012344073938 0.0697170917618075 0.0688040198877879 0.0654941646598532 0.0624252771681232 0.0637407114584151 0.0653664520430539 0.0673522215314158 0.0701795264000338 0.0727732361735651 0.071091026688253 0.0702850262859132 0.0707040683095823 0.0705279822781643 0.0702678314274896 0.0723368726250055 0.0783837352071579 0.0911724799265789 0.102679220360171 0.113577593490228 0.120301898803621
-9999 -9999 -9999 -9999 -9999 -9999 -9999 -9999 -9999 -9999 -9999 -9999 -9999 -9999 -9999 -9999 -9999 -9999 -9999 -9999 0.158408501685818 0.13998965653807 0.118443717302483 0.0951885489444942 0.0876923659170658 0.0843553235544171 0.0901071476539433 0.0902961721892119 0.0867869556222726 0.0817037293343433 0.0764216487726388 0.0709475507800994 0.0705380477957544 0.074193482145153 0.0667940427277249 0.0590068267659112 0.0564092772803744 0.0590727174675476 0.0668145466660902 0.0630786129169738 0.0579444876921204 0.0587432618429388 0.0604056074829237 0.0630699008828974 0.0658821854470859 0.0682050112754333 0.0656936518160451 0.0655780420136921 0.0688119694724785 0.0682703606565325 0.0666395201902898 0.0698617166649539 0.0753527519967875 0.0846891696835378 0.0921646477351167 0.0988307310528472 0.109700786635528
-9999 -9999 -9999 -9999 -9999 -9999 -9999 -9999 -9999 -9999 -9999 -9999 -9999 -9999 -9999 -9999 -9999 -9999 -9999 -9999 0.13325287992621 0.133294336865945 0.120302820375651 0.100187649427784 0.0898705385986547 0.0824852702624627 0.081628925098534 0.0831798384046745 0.0863311369331856 0.0818163954005228 0.076420367978792 0.0703703447291977 0.0681074152058091 0.0688840769328822 0.0644625718666274 0.0594918768065721 0.0554056205854822 0.0544441686547086 0.0564990639813601 0.0576118563545256 0.0581497498376727 0.0564588923631136 0.0576107441932014 0.0620608130855947 0.0634969654868308 0.0639174376219458 0.0627878901433073 0.0631690867539819 0.0656624796888177 0.0661097111413366 0.0658847682269919 0.0668286380726068 0.0695487610070027 0.0752793984448332 0.0821916481187538 0.0896465002686481 0.0984247632835987
-9999 -9999 -9999 -9999 -9999 -9999 -9999 -9999 -9999 -9999 -9999 -9999 -9999 -9999 -9999 -9999 -9999 -9999 -9999 -9999 0.141070618785881 0.137595161465961 0.124569203859382 0.106323066506073 0.0914812454032246 0.0795704067169404 0.0747816409208829 0.0779371661490536 0.0863741873675663 0.0826201302686283 0.0773367096238329 0.0706009237624645 0.0663391880731218 0.0640631706679758 0.0621503650706866 0.059792837305323 0.0553246994605656 0.0516315392153087 0.0486864583182733 0.0534994308903126 0.0584575394949754 0.0546842681350267 0.0551412973465468 0.0605064786159268 0.0611646492938939 0.0604808572838479 0.0596003793758274 0.0602087334371948 0.0628986481250641 0.0640641134048967 0.0646119333062916 0.0639445901167362 0.0645253707730451 0.0672215565840527 0.0730071039121753 0.0801894885099109 0.0877944665726445
-9999 -9999 -9999 -9999 -9999 -9999 -9999 -9999 -9999 -9999 -9999 -9999 -9999 -9999 -9999 -9999 -9999 -9999 -9999 -9999 0.143007517901674 0.145427216365785 0.132753305899427 0.111829424302869 0.0896362883602315 0.073851715040337 0.0744507401204832 0.0795728812860125 0.0877020647912482 0.0851491239442875 0.0806184299194871 0.0727589943842327 0.0665434449059053 0.0616473086865675 0.0601232660908175 0.0587332741547579 0.0558271311974625 0.0529474368956753 0.0500932732582411 0.0540669205305343 0.0580753830091495 0.0538510111823296 0.0531806465182295 0.056633773146214 0.0585837537357915 0.0595181366854347 0.0550449394136633 0.0551188001629499 0.0615499780156208 0.0623404382175968 0.0611864742130289 0.0616227019908447 0.0624147829018055 0.0638099878974998 0.0660548281166561 0.0687390538156961 0.0792298704117619
-9999 -9999 -9999 -9999 -9999 -9999 -9999 -9999 -9999 -9999 -9999 -9999 -9999 -9999 -9999 -9999 -9999 -9999 -9999 -9999 0.151657077611478 0.151430535589625 0.137926779115575 0.117165869204948 0.0901137468246962 0.0710058644621517 0.0726468489930416 0.0779122475989277 0.0855872165926624 0.0867099343152082 0.0850843191195055 0.0764668112556683 0.0680731109585789 0.0598590427410882 0.0578080517359796 0.0565163373472339 0.0546346457311 0.0526003773989053 0.0504188280480361 0.0526666368903505 0.0553593617719215 0.0552038661912658 0.0550100366638031 0.0547717306655253 0.0566467262579424 0.0583824390645315 0.0534529640528126 0.0524245963714898 0.0568504314381438 0.0589220512597976 0.060075183253837 0.0599826686897254 0.0602364747853323 0.0610772486815905 0.0622311988913644 0.0635711727463113 0.0711397794660503
-9999 -9999 -9999 -9999 -9999 -9999 -9999 -9999 -9999 -9999 -9999 -9999 -9999 -9999 -9999 -9999 -9999 -9999 -9999 -9999 0.151931211609598 0.152539025188119 0.140824151377351 0.12237385625837 0.0923470019888466 0.0703319443172269 0.0697293451005355 0.0737595024151348 0.0808695928502129 0.0875387770232833 0.0904454657992798 0.0813462700412138 0.0706048152453853 0.0585452530661475 0.0552750158832769 0.0534244008505216 0.0521607659482737 0.0509960860614251 0.0499269266173233 0.0497786737972991 0.0508788879572519 0.0582094694509147 0.0597047803226743 0.0544297931914437 0.0551964770705034 0.0571159670476453 0.0541014324669508 0.0515416162416464 0.0496175492776351 0.0542224252971753 0.0607134538004443 0.0588581324851229 0.0580069686886953 0.0588577193285925 0.0607728946067854 0.063153039034646 0.0634084247964726
-9999 -9999 -9999 -9999 -9999 -9999 -9999 -9999 -9999 -9999 -9999 -9999 -9999 -9999 -9999 -9999 -9999 -9999 -9999 -9999 0.163770835140301 0.164124071565451 0.148880972236905 0.125113117808527 0.0965637986023673 0.0743658215882475 0.0687332412463026 0.0674365061560924 0.069022312659832 0.0814813552671058 0.0906395314199645 0.0860516544234836 0.0803786517255518 0.0738347071322669 0.0620510478072707 0.0522019645001078 0.0537966701237171 0.0539756276394924 0.0527879754333391 0.0515442660024887 0.0509843883368685 0.0545297872646437 0.0552836720453945 0.0527987382897814 0.054338155912053 0.0566050813894668 0.0552178651914492 0.0538715625587669 0.0525824618591723 0.0533802366758851 0.0549797388135453 0.0574610333260819 0.0595403218534085 0.0609382633043606 0.0612102819164693 0.0609827968167899 0.0619347257774879
-9999 -9999 -9999 -9999 -9999 -9999 -9999 -9999 -9999 -9999 -9999 -9999 -9999 -9999 -9999 -9999 -9999 -9999 -9999 -9999 0.171410636855965 0.172984996660688 0.155157928862864 0.126726292048906 0.0983399361616151 0.075379522897738 0.0661863455933303 0.0613279168289069 0.0593513005463335 0.0758559794323433 0.0896473530459471 0.0894161358311122 0.0886728292357565 0.0875185102617752 0.0699909094607321 0.0542587125657396 0.0562629527573881 0.0565478272750722 0.0551730125919811 0.0532789834932339 0.0514725133114275 0.0508245023105191 0.0506605019968309 0.051058068883953 0.0531469057309711 0.0554730891953831 0.0556408891840214 0.0557504318406763 0.055778523956938 0.0533184979922699 0.0504331382930423 0.0559669778704292 0.0601494696282454 0.0620416052224618 0.0613876851941517 0.0596100847052621 0.0613141137498422
-9999 -9999 -9999 -9999 -9999 -9999 -9999 -9999 -9999 -9999 -9999 -9999 -9999 -9999 -9999 -9999 -9999 -9999 -9999 -9999 0.170596634699859 0.169693493492958 0.152026333979314 0.125196179207617 0.0897094182737996 0.0624114166990463 0.0567031365095146 0.0571116249274649 0.0615866422245489 0.0752751840471067 0.0866016109994526 0.087682493381494 0.0876983648034912 0.0868594387924608 0.0778680053238354 0.0680754452241115 0.0599252610509435 0.055299195816522 0.0540749329057439 0.0526139843177144 0.0511924704857868 0.0502962155458414 0.0497232488539407 0.0495253732112728 0.0503786169833473 0.0515698759357551 0.0531541416041656 0.0543111875293551 0.0548709304582103 0.0543834367436906 0.0535979178851325 0.0542316890979089 0.0553420863024847 0.0572603016440643 0.0596311486687513 0.0621789031462155 0.0609247953765088
-9999 -9999 -9999 -9999 -9999 -9999 -9999 -9999 -9999 -9999 -9999 -9999 -9999 -9999 -9999 -9999 -9999 -9999 -9999 -9999 0.172256044964567 0.171076850985546 0.156188791822042 0.133807644522969 0.0962267580363962 0.0659063768255189 0.0554289805765297 0.0551257989462066 0.061586603371969 0.0744478200955021 0.0847465572072907 0.0849564556419011 0.0851618817714801 0.0853637183465812 0.0820504020586394 0.0767182888275429 0.0649975482786642 0.05726322921507 0.0533769692287572 0.0518939714395246 0.0509362168127081 0.0501083345662608 0.049363523760518 0.0487150955299033 0.0486433083282855 0.0489156977612407 0.0508489469370711 0.0524660178799343 0.0536410348004271 0.0547781020404729 0.0557431343013295 0.05388143822489 0.0531825069877956 0.0544543086575387 0.0574683025542751 0.0612362606332302 0.0605417686891659
-9999 -9999 -9999 -9999 -9999 -9999 -9999 -9999 -9999 -9999 -9999 -9999 -9999 -9999 -9999 -9999 -9999 -9999 -9999 -9999 0.173476555065119 0.17601211169963 0.166989088034748 0.151648294099324 0.116529168254084 0.0843832924493783 0.0616253448098541 0.05516977351939 0.0595522915005828 0.0733960702843366 0.0839750706003259 0.0813273041216456 0.0812039081929773 0.0831066186116762 0.0828704957556547 0.0806527157825491 0.071352964738005 0.0621508979174187 0.0530431248553063 0.0511238942034033 0.0507016120850912 0.0502302345365133 0.0495293690174005 0.048562243019675 0.0478480470174293 0.0473981843908547 0.0487089716529083 0.0502514422383034 0.0521178331139669 0.0545627954844949 0.0569605132280634 0.0547916193857753 0.053432520216571 0.0534459161177602 0.0549357007660098 0.0570980681112952 0.0601644676520543
-9999 -9999 -9999 -9999 -9999 -9999 -9999 -9999 -9999 -9999 -9999 -9999 -9999 -9999 -9999 -9999 -9999 -9999 -9999 -9999 0.177750692696102 0.177750631063981 0.166914135319287 0.150154585055633 0.110331864068632 0.0763720195979227 0.0594400505907019 0.0523814795698385 0.051886906735467 0.0679522349674828 0.0805977931694118 0.077491146208205 0.0776426478683856 0.0804091996852981 0.0807470644342264 0.0797020789784872 0.0742938561170791 0.0673372783633021 0.0588860866755928 0.054658492403783 0.0517405481486432 0.0513323654046762 0.0506389004888844 0.0496144405870253 0.0487017035768395 0.0478297364407635 0.0470436292604634 0.0484578685047956 0.0529484485158177 0.0541326376888925 0.054086831045433 0.0533622464805313 0.0529401100412467 0.0530305832488967 0.0543473003299257 0.0562206536731627 0.0585676812906
-9999 -9999 -9999 -9999 -9999 -9999 -9999 -9999 -9999 -9999 -9999 -9999 -9999 -9999 -9999 -9999 -9999 -9999 -9999 -9999 0.186557416641739 0.180449541459041 0.166423853689717 0.148070392121899 0.102989712351915 0.066803593986261 0.0556811621420476 0.0492517881582689 0.045942436615352 0.0630508040738958 0.0768685122067279 0.0742494393765614 0.0750409180387993 0.0785697682120263 0.0790254880057076 0.0786979680541705 0.0769485628464239 0.0723791880205297 0.0650877202782625 0.0590257251800722 0.0539078082691522 0.0528423975581304 0.0518216149932721 0.0508526116634188 0.0498614299857634 0.0487093761375555 0.0461493160951235 0.0471485372634789 0.0531240484224836 0.053292457252589 0.0514900598052807 0.0518776455346797 0.0523038658817098 0.052795566805493 0.0541556882194182 0.0559016386171646 0.0568163710479819
-9999 -9999 -9999 -9999 -9999 -9999 -9999 -9999 -9999 -9999 -9999 -9999 -9999 -9999 -9999 -9999 -9999 -9999 -9999 0.188564206364376 0.18739891286181 0.183852219760586 0.174526112779286 0.162041053033293 0.115885665557233 0.0752908741546657 0.0519443985353359 0.0471317995310488 0.054640828061467 0.065358770089382 0.0738686058415236 0.0743429707926834 0.0770983349958617 0.081684471255398 0.0823374527354601 0.0822543172451689 0.0814808197568522 0.0763643131419279 0.0670555364035234 0.063510407428664 0.0607538875626644 0.055528620767155 0.0524542992720634 0.0518755845132384 0.0509983628231784 0.0500165074180973 0.0488443715579368 0.0479716704003164 0.0475176138579591 0.0505062792955843 0.0544063690828457 0.0524211860965405 0.0516461528619824 0.0529221637055309 0.0541262746236732 0.0552908003548536 0.0554601637125498
-9999 -9999 -9999 -9999 -9999 -9999 -9999 -9999 -9999 -9999 -9999 -9999 -9999 -9999 -9999 -9999 -9999 -9999 0.191552776734748 0.190783005571896 0.189191058641101 0.185918909220979 0.178403452620712 0.168568659280369 0.117310488569871 0.0721510652530936 0.0463277264023772 0.0437619543269399 0.0566581970863232 0.0664972956845227 0.0739901862503786 0.0747904130732843 0.0781024851247639 0.0834306104696846 0.0841090876458856 0.0840489040028186 0.0837305129608955 0.0796123163963527 0.0718261995711962 0.0684277371246873 0.0654944566631476 0.0598841066631651 0.0557721752506279 0.0533987648129614 0.0522988711758206 0.0515587398124377 0.0508416354682976 0.0492664576971356 0.046491593260815 0.0495459889906996 0.0543669604989456 0.0532097000372706 0.0528322263840638 0.0537763884320462 0.0542741301784163 0.054573759795062 0.0553323151255439
-9999 -9999 -9999 -9999 -9999 -9999 -9999 -9999 -9999 -9999 -9999 -9999 -9999 -9999 -9999 -9999 -9999 -9999 0.191575085754559 0.19292383154147 0.192022891364715 0.186524481761435 0.177660169288737 0.166956097906976 0.106189800797495 0.0562951796550181 0.0386550744056455 0.0390251915740192 0.0513688023108435 0.0663568516263299 0.077525610398382 0.075624913341431 0.0779547199558504 0.0836800068182403 0.0841961261794715 0.083916722496404 0.0834838586285641 0.0820541593006941 0.0796622231008112 0.0738182358220811 0.0679323144883761 0.0660651975946719 0.0620267367051213 0.0554690017541923 0.0537782754485663 0.0533580927789612 0.0520757530016282 0.0510770740580013 0.0504749860224577 0.05058259810611 0.0510950029259209 0.0542661314469008 0.0560347746176154 0.0554263902608362 0.0546158578278827 0.053740570081172 0.0565478727825085
-9999 -9999 -9999 -9999 -9999 -9999 -9999 -9999 -9999 -9999 -9999 -9999 -9999 -9999 -9999 -9999 -9999 -9999 0.195197747819826 0.195177226794459 0.193011259915749 0.186460849218516 0.175368733567888 0.161794180819544 0.102300454458896 0.0537422569177798 0.0372148718143135 0.042277146260561 0.061692583247923 0.0735150389880566 0.081108163665896 0.0772310851903281 0.0780499769802475 0.0826379410887719 0.0842024196355161 0.0850032527781039 0.0844346094664517 0.0834164462127955 0.0819643651459747 0.0783374323344407 0.0742960814842138 0.070496665107995 0.0664012003970474 0.0619622493974127 0.0595953517276495 0.0576554032733377 0.0543108202702446 0.0521913400293311 0.051784696243844 0.0518106738052556 0.0521483986986371 0.0552669976142227 0.0572363395121506 0.0572578424778424 0.0564811398734567 0.0553622191033041 0.0567360990276577
-9999 -9999 -9999 -9999 -9999 -9999 -9999 -9999 -9999 -9999 -9999 -9999 -9999 -9999 -9999 -9999 -9999 -9999 0.201655272182613 0.198648123101193 0.194235753146687 0.186951666825597 0.172923713930063 0.155209650919884 0.100028094644549 0.0549119231608139 0.0388311221425295 0.0485374084483506 0.0753873766622871 0.0819721641313372 0.0843157494153211 0.0787670276801074 0.0778870846530302 0.0807543894992746 0.0836201937357885 0.0858138956562693 0.0851581358001129 0.0840499450675099 0.082505026621247 0.0820530195383684 0.0808782711889093 0.074087179935298 0.0699395351569221 0.0688589152951149 0.0660708496447757 0.0625887317277423 0.0571482709815556 0.0535219579374433 0.0524320348318477 0.0528739107190654 0.0539182502261082 0.0558594512791365 0.0575430028674531 0.0587898726252266 0.0584466470696293 0.0573882303301263 0.0566360709899952
