layers/veg/veg5300.asc
NCOLS 255 
NROWS 330 
XLLCORNER -2985163.8955 
YLLCORNER -3022031.214 
CELLSIZE 25000 
NODATA_value -9999 
[rows 125 to 149 of 330, columns 168 to 223 of 255]
0.502448054449462 0.497039833765975 0.466552436025785 0.474713666996699 0.509265576541982 0.506687869342289 0.51146512819211 0.517348623818748 0.506751704898772 0.496944740414823 0.497660840110125 0.509003106062108 0.521823094469772 0.529731340404358 0.537534394753769 0.550957950472733 0.556007550563702 0.56550239309367 0.588165805471443 0.60143536808127 0.607742615091277 0.611668480837965 0.597552908533995 0.583745900820173 0.599966776179262 0.603599754966019 0.567371879919209 0.539913350314188 0.544939877041302 0.574977977719129 0.612829943307466 0.614180551986674 0.61415427575599 0.625057190923074 0.62929930270332 0.62530815882515 0.61206604374499 0.61295717551569 0.624509173977383 0.623941190804005 0.628669930140882 0.625660903982017 0.619466615582509 0.618305668438512 -9999 -9999 -9999 -9999 -9999 -9999 -9999 -9999 -9999 -9999 -9999 -9999
0.489815245648875 0.494450059858415 0.477686748825556 0.452147258447081 0.44970389820165 0.473970451076894 0.505853130668251 0.509360278968195 0.492739747833734 0.482962297357431 0.492234900181857 0.504234674120231 0.516878154531982 0.527272832780189 0.535747915902786 0.549462203511643 0.562847113615103 0.567099196109457 0.578051767174952 0.594268834271956 0.601601200803721 0.603111837459231 0.587025979372836 0.574431959268618 0.588867171211226 0.586895440615764 0.549783660081162 0.542931809622185 0.559937473933825 0.566323694191145 0.597799632784331 0.621843636292032 0.616848714975694 0.59172696354635 0.584012638768568 0.592533580718085 0.604583630609929 0.619335068612237 0.626067316989254 0.630700429168427 0.635737063373204 -9999 0.625885344867017 0.623608204248837 -9999 -9999 -9999 -9999 -9999 -9999 -9999 -9999 -9999 -9999 -9999 -9999
0.484481795519326 0.486331808610657 0.45976783999776 0.426042337554809 0.431764597604397 0.466927202144596 0.506115716056291 0.504010099353459 0.486002651761952 0.475596509409472 0.484641595557359 0.496984500015395 0.509673165325369 0.516181632194337 0.526867406500274 0.542738305505151 0.548927854045143 0.547855991646377 0.566019488891337 0.590019329600611 0.595988607991021 0.596357373408132 0.571118787807654 0.55635845697533 0.580491978064409 0.580457675062923 0.548836312059967 0.550140990440317 0.562153696340497 0.561790096805871 0.592929415990538 0.611449594722702 0.605236828115275 0.583964602012342 0.588444583533802 0.592987325910339 0.606180659098086 0.625736993947192 0.628879117469669 0.634985091549786 0.639569081809577 -9999 -9999 -9999 -9999 -9999 -9999 -9999 -9999 -9999 -9999 -9999 -9999 -9999 -9999 -9999
0.480608399659545 0.465922725625715 0.435425648661707 0.440068164864503 0.48135424200348 0.498978923897749 0.500555209803858 0.48852189336974 0.469228087856651 0.466955008040561 0.478677063201467 0.491560399550748 0.507105215827529 0.518963500772579 0.525513459201498 0.530765115292571 0.536418985234711 0.551373753385769 0.5738797832504 0.586633975513409 0.591848642913057 0.592719077627388 0.578010082749813 0.562902373904698 0.56597741465572 0.578735870862497 0.59365275465146 0.599380792065344 0.57837493324866 0.56835058886101 0.60379425079071 0.622947455871694 0.600882437825786 0.576607035941304 0.584038752069984 0.590097761207149 0.607342528332844 0.62881069788377 0.636737914917149 0.642555795037529 -9999 -9999 -9999 -9999 -9999 -9999 -9999 -9999 -9999 -9999 -9999 -9999 -9999 -9999 -9999 -9999
0.46774577598945 0.452382359521945 0.439886165671258 0.449224078584232 0.482709457481037 0.495950671682924 0.495874897976804 0.487521891705416 0.474206570771822 0.46805597151794 0.471969626313716 0.483487764845373 0.495968535574627 0.508093531741675 0.522283004990124 0.535131537752298 0.545238151899922 0.559257047417771 0.573627638030204 0.581302928754011 0.585913162740363 0.590631048483286 0.591186147548659 0.57469963139195 0.570021607419315 0.594012791149222 0.608404337287368 0.604932562489481 0.587146816568344 0.594187853779363 0.622782832727521 0.631045237556264 0.611767565645529 0.593700753323421 0.594357631476169 0.602329150158515 0.620707736896603 0.632658821324355 0.638163588371733 0.644392039566668 -9999 -9999 -9999 -9999 -9999 -9999 -9999 -9999 -9999 -9999 -9999 -9999 -9999 -9999 -9999 -9999
0.436143866884877 0.423283389334312 0.422343685678871 0.453388339861645 0.490985053615188 0.492128163872227 0.487360960253715 0.471738918808318 0.461861985637133 0.463888014675682 0.466010529089542 0.47832010577941 0.490505763827143 0.499308390746606 0.514450687173417 0.528800397120633 0.539766251056345 0.554816919965667 0.566407582297015 0.571267727965846 0.575891870154126 0.579470501549302 0.585321691351232 0.58011419717172 0.579392894368891 0.592894894683483 0.596500184848666 0.609609621214975 0.620850216243351 0.628854066417206 0.632080134115344 0.628541224122866 0.617222254511015 0.611332876366861 0.61885955053865 0.621948925535188 0.626071921880828 0.632604294935982 0.644987143448852 0.64831060390451 -9999 -9999 -9999 -9999 -9999 -9999 -9999 -9999 -9999 -9999 -9999 -9999 -9999 -9999 -9999 -9999
0.420436140590948 0.417945299753674 0.424678333794673 0.455686811644779 0.485697031728966 0.485063897419637 0.469844624408885 0.452566488829667 0.453358045948489 0.458478428478633 0.465185116506164 0.475631800648774 0.484315050560747 0.491833787893102 0.503759208551119 0.520341347862844 0.533195190871166 0.549926356922303 0.555412090443384 0.558646132969578 0.571963480411027 0.569002476327496 0.571403349762193 0.570779548857069 0.571665240174969 0.588983664636894 0.599929098623434 0.615747850996979 0.619766813149578 0.624403034964252 0.626138779450057 0.612915595628401 0.604812703959653 0.609481460819484 0.625471399606515 0.63661204213452 0.632678673893138 0.637344076162973 0.645704947746573 -9999 -9999 -9999 -9999 -9999 -9999 -9999 -9999 -9999 -9999 -9999 -9999 -9999 -9999 -9999 -9999 -9999
0.448741348596138 0.440541174389741 0.436935323754296 0.451327887303328 0.464578412111437 0.454361261763685 0.440193178953534 0.437768562854814 0.446434010981414 0.458753476827249 0.465178519142376 0.47085961398185 0.480110090960895 0.488244473601287 0.493532086501586 0.505782817341895 0.523054460663015 0.542798528916429 0.560659909984569 0.567104733583246 0.570802285892072 0.570512921573992 0.56985547026568 0.568065238259798 0.570906266238789 0.585981795820299 0.592974085232072 0.597091503517785 0.605764370231014 0.610647469341054 0.601919188231207 0.592640600346653 0.592700957557051 0.599185241607713 0.622587193230391 0.63913084362483 0.637469237954408 0.643549020142872 0.646299546531855 -9999 -9999 -9999 -9999 -9999 -9999 -9999 -9999 -9999 -9999 -9999 -9999 -9999 -9999 -9999 -9999 -9999
0.443072935951659 0.43605888095053 0.430476876571472 0.442285537540526 0.441311620066678 0.42840741628345 0.431219552016506 0.436517225823795 0.446105753439616 0.458818969123372 0.460659407176563 0.463655156084283 0.476171879053254 0.485148708419843 0.488871884865307 0.496452347902642 0.516422165459359 0.540539753203728 0.557466659451959 0.564757542555348 0.561082081607758 0.552054530126042 0.557828900032837 0.563831539781851 0.566263312466894 0.578235275586631 0.586246603430765 0.595957326031289 0.60935317869792 0.609038922382032 0.584204793832881 0.57532999500722 0.585522150877216 0.612500780254854 0.638621439318554 0.63779636478932 0.638549891121512 0.648772114230457 0.648452341179372 -9999 -9999 -9999 -9999 -9999 -9999 -9999 -9999 -9999 -9999 -9999 -9999 -9999 -9999 -9999 -9999 -9999
0.418132655917899 0.428636027292406 0.422384649007012 0.425763545468738 0.433928613042272 0.435408969613789 0.433897481012337 0.441874768171899 0.453026956945431 0.449815248474253 0.455827541137921 0.470933375824933 0.483851295249324 0.492368657586892 0.49609331973372 0.505806816523341 0.525933834234211 0.543634788332795 0.553203550462344 0.562334881294829 0.558337710312532 0.556996836498637 0.554936425984716 0.544709588818811 0.562947351691042 0.579647609811173 0.587058952587469 0.601703563331293 0.613303614348714 0.603007282320404 0.583677337547916 0.580754954994664 0.596322601318775 0.618534545511264 0.630315960389523 0.631995536998063 0.64417514427897 0.658272578481001 -9999 -9999 -9999 -9999 -9999 -9999 -9999 -9999 -9999 -9999 -9999 -9999 -9999 -9999 -9999 -9999 -9999 -9999
0.408677813893045 0.411419873806986 0.414058220077069 0.418103239926382 0.421874658522075 0.433668165289625 0.445022036637196 0.448879856663228 0.456712234598441 0.456469600657092 0.459253193670494 0.471116165266332 0.484267752234087 0.49583343371741 0.502971822908499 0.513329873320453 0.522499874671921 0.532669627942262 0.547358683799086 0.557751420592269 0.564712500704286 0.561686880254071 0.551119734377855 0.545979132292102 0.55829650091678 0.570858573777511 0.571646840472465 0.585759851977655 0.597641682747932 0.594834412340662 0.601667132109983 0.617863938989907 0.624448279536067 0.628158773271907 0.639409955066101 0.642799173363629 0.649988144662165 0.657838011209333 -9999 -9999 -9999 -9999 -9999 -9999 -9999 -9999 -9999 -9999 -9999 -9999 -9999 -9999 -9999 -9999 -9999 -9999
0.414471817842943 0.416840456112328 0.422007495386017 0.422568859495115 0.425868850132737 0.425045100622436 0.424117585650015 0.435259057306963 0.455008700586165 0.465260046756121 0.465353783710519 0.474551631467427 0.489215857031986 0.499619823828824 0.50489290481999 0.501786989074522 0.498614941723079 0.518391809887404 0.543192219144149 0.554005410606462 0.562854227056145 0.554571310720356 0.545126681402465 0.556141615343657 0.566346061730139 0.577822487131625 0.583235641335006 0.59089151634572 0.598321873127903 0.60613120342304 0.623686677626517 0.641193850226054 0.651736786125802 0.655179148629362 0.654152404703406 0.640510830725806 0.642045674959379 0.662229301713522 -9999 -9999 -9999 -9999 -9999 -9999 -9999 -9999 -9999 -9999 -9999 -9999 -9999 -9999 -9999 -9999 -9999 -9999
0.422578697916909 0.41996898590711 0.419996929355024 0.423687830761785 0.428330150991034 0.426045067496792 0.42438225300013 0.443715587148589 0.461377148902278 0.46311310536406 0.465503357179346 0.472795201551653 0.487206749693851 0.494656320450124 0.495863621886434 0.49158232484156 0.493594660751938 0.515874480572716 0.540398280270578 0.54620206249695 0.551429828934944 0.549254257528842 0.544002117846232 0.557625533253522 0.571668621006781 0.582028862994928 0.588077098866622 0.59546019520385 0.602990770495264 0.610449033651555 0.621845515437865 0.644417701072709 0.656046498189788 0.656780513019252 0.649564959681093 0.642795985473221 0.657641725198579 0.669383380050713 -9999 -9999 -9999 -9999 -9999 -9999 -9999 -9999 -9999 -9999 -9999 -9999 -9999 -9999 -9999 -9999 -9999 -9999
0.42654952655119 0.424054045458738 0.42137821495691 0.424933638426487 0.438133519381504 0.442980742052816 0.429521870716222 0.425535447001822 0.440484597363438 0.460139397739667 0.4697429612977 0.475351634501442 0.480873849696271 0.479735084065456 0.47725995780228 0.478522415310626 0.488529938120843 0.512686150163182 0.534836244464326 0.537827950581032 0.538452401611096 0.546238844594305 0.556359828810179 0.569988913905879 0.579339166346703 0.578240459316905 0.587080416880267 0.598312824093911 0.606704364081377 0.61516850319986 0.633629503570331 0.65618822659177 0.658543417460832 0.663348614307517 0.662219028749984 0.661286763270794 0.670791078253616 0.676507648264718 -9999 -9999 -9999 -9999 -9999 -9999 -9999 -9999 -9999 -9999 -9999 -9999 -9999 -9999 -9999 -9999 -9999 -9999
0.431435067092668 0.427457169417543 0.420189878559535 0.419927186213881 0.429871739037926 0.446570905566443 0.441028615825996 0.427914071936214 0.43429777317558 0.452952506704013 0.461164536406067 0.469843000128173 0.474884732527225 0.472085776946858 0.475243769122885 0.477961762562454 0.48455369738018 0.508502416215332 0.52339986579226 0.519594452059319 0.528573785293568 0.545065645773106 0.563188630769443 0.579485724736201 0.587313318215684 0.58925338991141 0.597857140367514 0.607997833469904 0.619226974908306 0.627914834693749 0.647733792688373 0.667257921541966 0.671794158018241 0.674765145329218 0.667324416253155 0.666222873617375 0.677788024780885 0.681772036170419 -9999 -9999 -9999 -9999 -9999 -9999 -9999 -9999 -9999 -9999 -9999 -9999 -9999 -9999 -9999 -9999 -9999 -9999
0.427819347563639 0.414760396778401 0.410162694589361 0.420166721195653 0.433271008075849 0.450530109339709 0.452380651194449 0.447912610106442 0.441715907060974 0.444219313703876 0.456628293294488 0.468744953861543 0.471185069539236 0.469270934790166 0.472424631171747 0.47445198244488 0.477934590641318 0.501683374641474 0.51626677060171 0.509306990454281 0.528112388759097 0.547951990758301 0.562026313923149 0.582786816828768 0.602543515451644 0.610464369075251 0.618068799448872 0.620756722697528 0.618881770190015 0.641856896787481 0.671848280595055 0.6805966278806 0.679533021308496 0.675096421616299 0.671548667315434 0.677685140924184 0.682639758504882 0.683411984573409 -9999 -9999 -9999 -9999 -9999 -9999 -9999 -9999 -9999 -9999 -9999 -9999 -9999 -9999 -9999 -9999 -9999 -9999
0.4316733568457 0.422289733321889 0.420047759664141 0.423540264766997 0.433521437767359 0.448949816560186 0.454135437609837 0.453263288489744 0.449054897116628 0.44978906863053 0.459090158961732 0.464750985701012 0.467128238960983 0.46836634083572 0.467023060878963 0.468169805216588 0.474770654921918 0.49549599616447 0.508321379977225 0.511449670288188 0.532184291206122 0.551056891048702 0.57856240782866 0.606626767012215 0.621045586617517 0.635845677242636 0.634006491479722 0.630532198204768 0.641427164701482 0.6520652233907 0.661878462260317 0.664110978999942 0.665022225669529 0.677419771740718 0.68207634959843 0.684043009950335 0.686878317242082 0.685979269574823 -9999 -9999 -9999 -9999 -9999 -9999 -9999 -9999 -9999 -9999 -9999 -9999 -9999 -9999 -9999 -9999 -9999 -9999
0.427020342125334 0.422991824182675 0.423967376825631 0.434187621812167 0.442571727705177 0.446302644443146 0.452063782413615 0.449618708521229 0.450194576869832 0.454219280492525 0.454730018201732 0.453371007830654 0.459680970970309 0.47427751811387 0.475428867462235 0.471767351959349 0.477487962014138 0.488395965235831 0.49004700912378 0.499764770697943 0.528318568132432 0.555831667006358 0.589169078985717 0.624220493892079 0.641581294175384 0.633190960846052 0.615094017004569 0.623700431463942 0.654740346251268 0.666895210750376 0.649372046155649 0.647337218035444 0.666538955123207 0.684611133543843 0.689307061778864 0.694064732589725 0.696300662409529 -9999 -9999 -9999 -9999 -9999 -9999 -9999 -9999 -9999 -9999 -9999 -9999 -9999 -9999 -9999 -9999 -9999 -9999 -9999
0.423841496726237 0.424436069381035 0.424652579555346 0.433229550073986 0.447332841661525 0.449242718365398 0.451188237572 0.448268676294089 0.446169004201419 0.446734847471562 0.444957676375862 0.44838135205349 0.457550885289605 0.47062253378078 0.479649944284623 0.481873273482064 0.489549804457868 0.498633642450413 0.50014315238575 0.514077442073535 0.544479589698265 0.570838442907577 0.595752876740233 0.619646141133689 0.630852626599401 0.61662284689893 0.616052714380915 0.633276266339506 0.649898194170933 0.659503417261123 0.651363273558294 0.656405193283672 0.672059524577266 0.687675731013422 0.694584667668731 0.697103428653324 0.699937440603069 -9999 -9999 -9999 -9999 -9999 -9999 -9999 -9999 -9999 -9999 -9999 -9999 -9999 -9999 -9999 -9999 -9999 -9999 -9999
0.42886731943219 0.421661299917818 0.421310713129077 0.432371207101442 0.448429755134201 0.451120975749971 0.449348377138002 0.444860539387822 0.440214900952515 0.43545335747999 0.429278780917257 0.438758588216033 0.463932944999082 0.472974523757272 0.464036362358943 0.472116569569796 0.488230723643193 0.491380324181106 0.512618150281433 0.530976388251634 0.544421698477687 0.5657675134796 0.580904299035353 0.594093190021681 0.60491696183121 0.607259881359024 0.62011072280396 0.641170261133512 0.670012624499633 0.68906425341025 0.677195086151043 0.664971113616748 0.681647065953646 0.6990900546727 0.696709294260083 0.699303277821432 0.705833021174125 -9999 -9999 -9999 -9999 -9999 -9999 -9999 -9999 -9999 -9999 -9999 -9999 -9999 -9999 -9999 -9999 -9999 -9999 -9999
0.439726925969843 0.430771049004514 0.427663267810827 0.439200156202955 0.447220498026053 0.445706458333411 0.442780682357909 0.432017957363843 0.425414284735062 0.423802233183517 0.425051443533212 0.439995108721242 0.459131444485075 0.465665427705137 0.452632685019311 0.464261577728174 0.484071596160366 0.492709509199662 0.512987499303195 0.524239340640559 0.549313809175839 0.56687256415987 0.562441390045143 0.574707506177794 0.601035018426547 0.609115100161601 0.647522055539425 0.67841169245437 0.685291745390564 0.693050530984116 0.69921940827013 0.702326826823618 0.703899441228228 0.707522944161727 0.7081887473737 0.709020330464722 0.708647609144955 -9999 -9999 -9999 -9999 -9999 -9999 -9999 -9999 -9999 -9999 -9999 -9999 -9999 -9999 -9999 -9999 -9999 -9999 -9999
0.438116070795546 0.438930683982989 0.43181217330844 0.432710153705427 0.439359454022013 0.43424174208434 0.42967816515736 0.426321942139849 0.42040154015352 0.422402954664495 0.432607618436918 0.444385558510178 0.446428173347597 0.463079858216105 0.462343188391941 0.46548198369255 0.469195156544362 0.465929692210194 0.509328010572587 0.532136984193473 0.539687423926413 0.552716007821165 0.567101114103764 0.58223186693744 0.611822783156932 0.639307179795403 0.662794174843993 0.685364187869427 0.694100756949669 0.699383120793583 0.704134354885376 0.708273436445278 0.711935897862841 0.713140565015546 0.713541739321616 0.71414454781459 -9999 -9999 -9999 -9999 -9999 -9999 -9999 -9999 -9999 -9999 -9999 -9999 -9999 -9999 -9999 -9999 -9999 -9999 -9999 -9999
0.446378783781792 0.442241229343845 0.433504444129283 0.426578065708748 0.425689316524081 0.423523803199951 0.422390975234118 0.420608916321982 0.418569040391025 0.427742653611621 0.439319562869228 0.442422516341052 0.443422698238574 0.464875762845631 0.473023391062579 0.46577469881696 0.453213240311073 0.466795819127592 0.510088065673148 0.524966836603122 0.534431025879991 0.56201225326986 0.589591177122957 0.607222227059096 0.625742445552525 0.648985954123343 0.66746902392582 0.685369349155355 0.697825000004528 0.703471142228855 0.709426516644217 0.712615127945872 0.716963140042368 0.718305180923788 0.717409402171196 0.717966275138406 -9999 -9999 -9999 -9999 -9999 -9999 -9999 -9999 -9999 -9999 -9999 -9999 -9999 -9999 -9999 -9999 -9999 -9999 -9999 -9999
0.432550400626029 0.432436735859045 0.425885506167782 0.410555491884633 0.406246214705009 0.413475916145527 0.409350702182129 0.410686196346539 0.421324908385966 0.439314589033923 0.447395127110545 0.439404175192538 0.446607861351797 0.464134098518209 0.475484714487828 0.46473635384784 0.437301981495923 0.444097462418951 0.486943039515207 0.535902903127148 0.557244630417181 0.588128463876726 0.617531621359303 0.632371192587675 0.644892011752394 0.650558886991795 0.665463803356827 0.685407268565633 0.698542088831411 0.705794662444253 0.714775100298253 0.721559650920663 0.724599083525397 0.723425658383712 0.722255399527705 0.721558254417747 -9999 -9999 -9999 -9999 -9999 -9999 -9999 -9999 -9999 -9999 -9999 -9999 -9999 -9999 -9999 -9999 -9999 -9999 -9999 -9999
0.424911073813884 0.424802465329138 0.422665111737573 0.405870608784468 0.400904920906894 0.414780278995727 0.413666982813374 0.415713220148685 0.42301207604431 0.43751854847474 0.449408043869562 0.443725295690351 0.446739125554885 0.462334199343375 0.47359986982763 0.460777768160874 0.439766605706961 0.461842153394767 0.505593704468759 0.542852723071988 0.559303277306889 0.590342260638729 0.606335398975392 0.617832333501884 0.649040980815116 0.657967307926811 0.672158525175408 0.691456572795391 0.701328997096243 0.707545276467492 0.716557485062791 0.723198366940043 0.724821178718043 0.725269377230304 -9999 -9999 -9999 -9999 -9999 -9999 -9999 -9999 -9999 -9999 -9999 -9999 -9999 -9999 -9999 -9999 -9999 -9999 -9999 -9999 -9999 -9999
