layers/veg/veg5100.asc
NCOLS 255 
NROWS 330 
XLLCORNER -2985163.8955 
YLLCORNER -3022031.214 
CELLSIZE 25000 
NODATA_value -9999 
[rows 175 to 199 of 330, columns 56 to 111 of 255]
-9999 -9999 -9999 -9999 -9999 -9999 -9999 -9999 -9999 -9999 -9999 -9999 -9999 -9999 -9999 -9999 -9999 -9999 -9999 -9999 -9999 -9999 0.473848883796175 0.387013983683675 0.306770410783743 0.347657147777491 0.34773827386009 0.253848005967252 0.182860662025821 0.14346197627875 0.0755048349845326 0.0651662204531244 0.0725692077240568 0.105039650817659 0.124162961843697 0.0985085711135509 0.074687811908093 0.0682306918692892 0.0463955876660781 0.0608825569717696 0.148334882400947 0.23916003702328 0.347492553284833 0.430042071122675 0.431688096514787 0.409879253097933 0.440589965442317 0.47935603035921 0.494549884616156 0.499614629091115 0.500915528292131 0.501000297180001 0.500749280698543 0.500719139570672 0.500328895702629 0.499684000718477
-9999 -9999 -9999 -9999 -9999 -9999 -9999 -9999 -9999 -9999 -9999 -9999 -9999 -9999 -9999 -9999 -9999 -9999 -9999 -9999 -9999 -9999 -9999 0.407057507823196 0.305571984794995 0.309165866005442 0.295206297224786 0.207297603702134 0.147681584399626 0.107029088452224 0.0569497894941628 0.0856767347406734 0.103472068783885 0.133891562854433 0.122755254451791 0.0845454089276355 0.0587720310858764 0.0320832560776458 0.0177808041323195 0.120602957186594 0.181264542260232 0.238265199035213 0.386917846963523 0.416095792747873 0.423151452186696 0.429138705804835 0.463824474955677 0.48503200317122 0.494249622667345 0.497478653262991 0.498782722121346 0.49938982538066 0.499368113200809 0.499551633358703 0.499424715222072 0.498912962797185
-9999 -9999 -9999 -9999 -9999 -9999 -9999 -9999 -9999 -9999 -9999 -9999 -9999 -9999 -9999 -9999 -9999 -9999 -9999 -9999 -9999 -9999 -9999 0.324980958405456 0.311795203963924 0.302786082789362 0.278651428263717 0.199244403150953 0.132356076675952 0.0997533746291607 0.0543296238619744 0.0434033752079323 0.0601974540668397 0.106440433149291 0.124471321159339 0.0976143207556154 0.0661934328392396 0.0296420319812626 0.0345298148303271 0.149217864911702 0.15509251272147 0.20230812529026 0.385112960825759 0.415044577322327 0.422509509398845 0.435199848604081 0.473398778052177 0.487187635355066 0.494257529826213 0.496902187026853 0.498238555690785 0.498848515239682 0.49892304218402 0.499105430113409 0.498949300215842 0.49850246703392
-9999 -9999 -9999 -9999 -9999 -9999 -9999 -9999 -9999 -9999 -9999 -9999 -9999 -9999 -9999 -9999 -9999 -9999 -9999 -9999 -9999 -9999 -9999 0.371192379550175 0.352391721781836 0.332562514248504 0.276689488910004 0.154310026905183 0.0783218433809972 0.0788077409657824 0.0326062569906699 0.0172815649359993 0.0352450450828494 0.0404989935784562 0.0906648240665054 0.104101257823963 0.0573182409593899 0.0315378463705436 0.0850397065705845 0.19669647353562 0.207444692527296 0.27218418097156 0.369433941855337 0.386119460556445 0.419472534024481 0.460171799094077 0.475679963246955 0.484094219524604 0.494998840521001 0.496876243684817 0.497847807435275 0.498298057509802 0.498252654874402 0.49830956233706 0.497953278496639 0.497478339358298
-9999 -9999 -9999 -9999 -9999 -9999 -9999 -9999 -9999 -9999 -9999 -9999 -9999 -9999 -9999 -9999 -9999 -9999 -9999 -9999 -9999 -9999 -9999 0.422093331141551 0.391427246393998 0.352976892017198 0.305984369682441 0.203050631170148 0.0941750875864469 0.0559165112241304 0.0506687776047593 0.028788952336787 0.0104579291041515 0.0335680328532993 0.065819773125517 0.0463396322441755 0.0338890900178782 0.0519777291067554 0.13141566656093 0.22376239702064 0.257906312071508 0.29124904062386 0.333230388994657 0.352457319991664 0.413253415619707 0.459498622297142 0.464384735085149 0.482136113615826 0.496113948332485 0.497926442415625 0.498176004615583 0.498118060080044 0.497796352555301 0.497638487866161 0.497131831801203 0.496533943188988
-9999 -9999 -9999 -9999 -9999 -9999 -9999 -9999 -9999 -9999 -9999 -9999 -9999 -9999 -9999 -9999 -9999 -9999 -9999 -9999 -9999 -9999 -9999 0.479814911823321 0.422503662046923 0.372373260562958 0.299961296383101 0.19375803846077 0.0909511874346008 0.0570700121388958 0.0586079958860114 0.0383032189196893 0.0292208102749047 0.0780537487630976 0.0706134006779626 0.00234612522554502 0.0139652547841711 0.0145278098593879 0.0779350076963812 0.215140454189997 0.281659518172631 0.300091643978668 0.332354066878151 0.38890090777725 0.436997812033415 0.4622538516799 0.475477470609016 0.487104322175499 0.4976525145171 0.499106238088261 0.498829271855149 0.498282732393101 0.497688182719699 0.497319104568802 0.496704008317292 0.495989114196057
-9999 -9999 -9999 -9999 -9999 -9999 -9999 -9999 -9999 -9999 -9999 -9999 -9999 -9999 -9999 -9999 -9999 -9999 -9999 -9999 -9999 -9999 -9999 0.480857362986681 0.424252747843294 0.382665459316586 0.321023265524599 0.204040796321446 0.100102285845048 0.069665790331889 0.0459166174255991 0.0275079410242578 0.0606032676678109 0.0888960920364201 0.0787762782244107 0.0466269019472468 0 0 0.0536590727947154 0.137132970902798 0.242893746061758 0.317165255444504 0.345323620389613 0.412817602895822 0.416946883551105 0.441722299556804 0.480752726906726 0.491217380454606 0.498220084709074 0.500027891937155 0.499354023057294 0.498337035857107 0.497471044546367 0.496952471351852 0.496130273225698 0.495191152875173
-9999 -9999 -9999 -9999 -9999 -9999 -9999 -9999 -9999 -9999 -9999 -9999 -9999 -9999 -9999 -9999 -9999 -9999 -9999 -9999 -9999 -9999 -9999 0.459333577195457 0.454646157340399 0.426548929341565 0.352163816675871 0.214806267996351 0.113653317007976 0.0531072663128115 0 0 0.0216111181735873 0.0684470498210671 0.0922157633994543 0.104015317707343 0.0439842114586624 0.00732703391897865 0.0074517525224093 0.0430349357975013 0.19574076719564 0.318794267056679 0.366628495329688 0.401647022885766 0.385918904430853 0.449192429874738 0.484894839724384 0.495208781270005 0.500420925791486 0.501672578914643 0.50050051337091 0.499000824600611 0.49776939224064 0.496846912596651 0.495738547633131 0.494665363922522
-9999 -9999 -9999 -9999 -9999 -9999 -9999 -9999 -9999 -9999 -9999 -9999 -9999 -9999 -9999 -9999 -9999 -9999 -9999 -9999 -9999 -9999 -9999 0.458439440728789 0.448720028836801 0.427261196506042 0.353879114890963 0.223273035572345 0.13963741029023 0.0777493970855295 0.0106622838328934 0 0.0173173955008918 0.0666059260534873 0.0952470900057427 0.112671034330152 0.0644540658301315 0.0502750857964102 0.0286373034503594 0.0404843434570434 0.196886221403076 0.307920117275914 0.352290509719632 0.418073881465205 0.398115816555367 0.43985099345948 0.48629513217393 0.495784174465311 0.50083906216755 0.5018220249254 0.500567019886298 0.498889017707813 0.497429391434801 0.496284714562158 0.495061736341435 0.493776830025382
-9999 -9999 -9999 -9999 -9999 -9999 -9999 -9999 -9999 -9999 -9999 -9999 -9999 -9999 -9999 -9999 -9999 -9999 -9999 -9999 -9999 -9999 -9999 0.462625219580077 0.455426268051771 0.431168994036619 0.348972635702788 0.204233106032488 0.123861843274202 0.0605927943919748 0 0 0 0.0382026578642127 0.123226934074007 0.122665175512721 0.102411234773305 0.117066809367726 0.0962246127444202 0.124074019262061 0.216706842296223 0.259204344490771 0.313180918735254 0.435178840108927 0.450155939311671 0.477115820460789 0.493340542659784 0.500039544760246 0.502478447652688 0.502294093755469 0.501074356417296 0.499149390674382 0.497407829153993 0.495814483987323 0.493889767262593 0.492140576919344
-9999 -9999 -9999 -9999 -9999 -9999 -9999 -9999 -9999 -9999 -9999 -9999 -9999 -9999 -9999 -9999 -9999 -9999 -9999 -9999 -9999 -9999 -9999 0.48106453372703 0.410962864040348 0.382665953018666 0.319061400393431 0.161579322116576 0.0767536148932438 0.0548811663467833 0.00902157674973229 0 0 0.0167681419177329 0.063725802833902 0.0754586139561213 0.10825355990457 0.111730226312848 0.131868041787864 0.192967220761326 0.179800240604167 0.217147281928689 0.369330745849203 0.466354079318188 0.484672213106049 0.490462114486703 0.498397507314855 0.50259074167851 0.504060887258236 0.50297848227483 0.501273483559158 0.499235123189521 0.497458970476247 0.495727199847524 0.492632328062637 0.490464171991144
-9999 -9999 -9999 -9999 -9999 -9999 -9999 -9999 -9999 -9999 -9999 -9999 -9999 -9999 -9999 -9999 -9999 -9999 -9999 -9999 -9999 -9999 0.51360256850072 0.475176959756153 0.412511045044375 0.358110681110773 0.271167978659558 0.167201322668872 0.0915881973336428 0.0422975237434037 0 0 0.0136000730659661 0.104346321033422 0.0968427754177845 0.0285487794501377 0.115357472101146 0.200719446109106 0.228626770008136 0.244274021205478 0.156682292269472 0.195949237249488 0.42801069172491 0.4912788704027 0.489458372149608 0.491577687380558 0.49734589276273 0.501860160230002 0.504998046850074 0.503556572728211 0.501607467114621 0.499426733180641 0.497531858310183 0.495479514269219 0.492029713047943 0.489387433606305
-9999 -9999 -9999 -9999 -9999 -9999 -9999 -9999 -9999 -9999 -9999 -9999 -9999 -9999 -9999 -9999 -9999 -9999 -9999 -9999 -9999 -9999 0.513700419982327 0.473789384625373 0.408108594423952 0.365566335311952 0.307783351907184 0.187861553082871 0.0783416482737569 0.0223876437457383 0 0 0 0.125267160390657 0.214679770107721 0.155516072657687 0.199004749790253 0.275949487955571 0.247345228689128 0.19702498605555 0.160680817615014 0.299333146905253 0.471411630123876 0.493833645629285 0.492681395581787 0.492829699731034 0.495535165144005 0.499918491142323 0.504447406310357 0.503245882005455 0.501338052201129 0.498971224686684 0.496686501664827 0.494459176239002 0.491123524107754 0.487868537252258
-9999 -9999 -9999 -9999 -9999 -9999 -9999 -9999 -9999 -9999 -9999 -9999 -9999 -9999 -9999 -9999 -9999 -9999 -9999 -9999 -9999 -9999 0.524419839405257 0.508558182639529 0.472858476862467 0.424151408986571 0.308992706868526 0.167059776465857 0.0604770059898207 0 0 0 0 0.1580179111981 0.293878769163824 0.254355593474085 0.23896413060036 0.317249828948651 0.312808130956712 0.312866130835437 0.298048989922345 0.373362597838034 0.476755018806061 0.494792942430895 0.4953301298429 0.493447134597834 0.494605846532117 0.499918712901974 0.503231606934319 0.503080855484219 0.50139593775971 0.498740950771096 0.496365489790025 0.493900538228728 0.489730438467651 0.486170338026003
-9999 -9999 -9999 -9999 -9999 -9999 -9999 -9999 -9999 -9999 -9999 -9999 -9999 -9999 -9999 -9999 -9999 -9999 -9999 -9999 -9999 -9999 0.530472152905566 0.500079201950312 0.45730163817211 0.400712925677039 0.286079997983628 0.157159264178674 0.0705922209469939 0.00513223267068918 0 0 0 0.133438274398547 0.290842277169786 0.274968367429255 0.267995596207245 0.318771015782051 0.343068899316647 0.372103843014558 0.333209947522719 0.366147672423272 0.468923955078498 0.492730209006802 0.490632544428412 0.486061210439163 0.490512693799409 0.49907879841498 0.501936579144102 0.502014893139274 0.500506279171385 0.498020852622215 0.495668962242982 0.493136020664449 0.489205028017944 0.485888606106328
-9999 -9999 -9999 -9999 -9999 -9999 -9999 -9999 -9999 -9999 -9999 -9999 -9999 -9999 -9999 -9999 -9999 -9999 -9999 -9999 -9999 0.527931094081421 0.525823076227893 0.485233917152868 0.431166696469575 0.377592801707468 0.276005463067006 0.153461619546877 0.0569702711889285 0 0 0 0.0416734738001076 0.158061020813266 0.273738620337238 0.324815988245279 0.366881637495801 0.413690523728191 0.426741611511033 0.433172637166583 0.342929151373122 0.31311078674849 0.439176348511881 0.481900078635644 0.476082873919678 0.47264927725766 0.484864192599835 0.496419303497303 0.500899800581482 0.500641700382325 0.499503828312329 0.49752635673093 0.495141602806484 0.492537871312034 0.490425326139955 0.489002424843917
-9999 -9999 -9999 -9999 -9999 -9999 -9999 -9999 -9999 -9999 -9999 -9999 -9999 -9999 -9999 -9999 -9999 -9999 -9999 -9999 -9999 0.502348410890133 0.507072211957216 0.483718252418746 0.414525741319576 0.342733157108565 0.264380820301122 0.159888366236757 0.0629537393999043 0 0 0.0464477096846082 0.0729519374446894 0.141276746827871 0.266893095032986 0.361311380927144 0.37857087831841 0.423270050936489 0.43489820410307 0.432218739937967 0.305334605206935 0.265165994568983 0.421364046940362 0.462939517446414 0.463407380304108 0.470993758893912 0.488778517125498 0.497503916189746 0.500503727485564 0.499979382833663 0.498765244893272 0.496551117687667 0.494381894061677 0.492260159181472 0.490319300820076 0.488528731518409
-9999 -9999 -9999 -9999 -9999 -9999 -9999 -9999 -9999 -9999 -9999 -9999 -9999 -9999 -9999 -9999 -9999 -9999 -9999 -9999 -9999 0.492497265617334 0.490033896711287 0.463120691744186 0.378820464950124 0.286801387937798 0.22996272587873 0.129475385735506 0.0385321603147598 0.023838867526716 0.0453255644788754 0.104155518048462 0.132051693653832 0.140049337594903 0.220992924341256 0.373942926321152 0.40052860561817 0.420530704767823 0.435946506808658 0.426214799577401 0.276837838070267 0.232104084573256 0.38586241634769 0.429618101910916 0.465176627727815 0.476955425840929 0.492835422615989 0.499753595456126 0.500737080087273 0.499565694200518 0.498192845688673 0.495938282473695 0.493620659881515 0.491004610506503 0.488311658955316 0.486368829709409
-9999 -9999 -9999 -9999 -9999 -9999 -9999 -9999 -9999 -9999 -9999 -9999 -9999 -9999 -9999 -9999 -9999 -9999 -9999 -9999 -9999 0.502743553086562 0.491394693731321 0.443683861150079 0.370270896788182 0.256690714369164 0.128012436694952 0.0508135500677658 0.0337913583478328 0.0378320437345766 0.0906983761032823 0.178052951937937 0.222490364327068 0.175978613060953 0.191116537488643 0.342777192457128 0.347130014473192 0.368271272364344 0.428778685145788 0.397940765845591 0.302956903373327 0.317559897911794 0.414497526517944 0.445364734326299 0.474860464466727 0.482269798038455 0.493403101252082 0.499844904327125 0.499696111272632 0.498247583018648 0.496820511347503 0.494545815766155 0.492274351694525 0.489818365348991 0.486686251961747 0.484016707192903
-9999 -9999 -9999 -9999 -9999 -9999 -9999 -9999 -9999 -9999 -9999 -9999 -9999 -9999 -9999 -9999 -9999 -9999 -9999 -9999 -9999 0.469641013914323 0.473829909825084 0.41565986774053 0.33213071538965 0.22767712547204 0.0869132345915739 0.0194182332981767 0.0286329040697477 0.0429720300066204 0.125852257015549 0.231712431496871 0.27794139606632 0.203893087676481 0.170973170124123 0.305161205122054 0.270587780964967 0.293555343990411 0.411295516624666 0.381158842277559 0.382771404580178 0.434311397828935 0.428593448291643 0.458477292861579 0.481000415189642 0.485876282290067 0.494392071536303 0.49953825988736 0.498358214639108 0.496483009574864 0.495171238253181 0.493066485948077 0.490750834723512 0.488375692800661 0.485066660252262 0.482110819065288
-9999 -9999 -9999 -9999 -9999 -9999 -9999 -9999 -9999 -9999 -9999 -9999 -9999 -9999 -9999 -9999 -9999 -9999 -9999 -9999 -9999 0.459082981614632 0.427986030538857 0.403723115301261 0.307109438252521 0.188708707412037 0.08041090413863 0.0120232529298947 0.0290671395446794 0.0716240087102407 0.124518990542908 0.204809586519189 0.276883664198288 0.20655965422216 0.135292471144017 0.247218787475972 0.269837964583076 0.30157359071484 0.391330745774127 0.443082290421369 0.47533706892542 0.461714741282117 0.445253509553586 0.465123736133287 0.482603939182568 0.488130144025206 0.496353596635154 0.49854117215572 0.494264525776293 0.49132486481135 0.492495558479033 0.492193342469404 0.490023354579493 0.487482164484013 0.484145476054858 0.481070802923255
-9999 -9999 -9999 -9999 -9999 -9999 -9999 -9999 -9999 -9999 -9999 -9999 -9999 -9999 -9999 -9999 -9999 -9999 -9999 -9999 0.493982580458767 0.452641732262836 0.412942800387924 0.367431277358945 0.260793835284022 0.213582816263385 0.118862424765381 0.00600772356471563 0.057072550375326 0.110705597632568 0.135259504197804 0.184710774848706 0.270872499068352 0.231458127230111 0.14326301240007 0.255332900190739 0.329058668371293 0.346810902468582 0.399104836151217 0.463300012730115 0.478045675457751 0.479854267393136 0.473682749799514 0.474542411897125 0.485022355329668 0.489945860274745 0.496143310288269 0.491438084539711 0.477147202157246 0.468759024041192 0.478486278780987 0.489511174903352 0.48845474854195 0.48586390283032 0.482510968468815 0.479381870281506
-9999 -9999 -9999 -9999 -9999 -9999 -9999 -9999 -9999 -9999 -9999 -9999 -9999 -9999 -9999 -9999 -9999 -9999 -9999 -9999 -9999 0.451787838114315 0.394247384558855 0.315442846084741 0.193293462299882 0.127497373686707 0.0432765664601303 0.00549217747764327 0.0587337993318862 0.124859247228422 0.22011069836309 0.328882618895207 0.346569356316701 0.32458044221375 0.291715269197453 0.342742275872989 0.357704170307952 0.366670064829528 0.459762392246961 0.472420648686246 0.476021733169533 0.477814570116016 0.47887584690646 0.482614588028839 0.488155070101134 0.489401861543582 0.492121760176163 0.485759807275214 0.459852928427889 0.446056214183427 0.466743429258768 0.486503964194798 0.487055722779058 0.484372528733743 0.480710593476492 0.477365834703683
-9999 -9999 -9999 -9999 -9999 -9999 -9999 -9999 -9999 -9999 -9999 -9999 -9999 -9999 -9999 -9999 -9999 -9999 -9999 -9999 -9999 0.464634940831128 0.450546072871547 0.33578041567002 0.166750196595824 0.0922077309667313 0.0453900229971076 0 0.0501717155816808 0.124813708850215 0.215576312863865 0.330698508884237 0.368022932568557 0.359344201183557 0.315380061496303 0.329325945322875 0.357286846372727 0.37848873000787 0.46536455673606 0.472945522946522 0.475463180489048 0.473283261118691 0.477322172154414 0.486176659342979 0.487467668981529 0.485852117382635 0.486940105776576 0.475238944626171 0.443809872862506 0.439874171470597 0.467790327446473 0.486250009964966 0.485885704552881 0.483230984198053 0.479437420696278 0.475308399532501
-9999 -9999 -9999 -9999 -9999 -9999 -9999 -9999 -9999 -9999 -9999 -9999 -9999 -9999 -9999 -9999 -9999 -9999 -9999 -9999 -9999 0.450640600463461 0.421657715934069 0.327677025541219 0.182256210842165 0.08670779362216 0.0373053109814236 0.0106702471540817 0.0401827544704686 0.118833971150387 0.210761002509206 0.285435495993696 0.345508365415086 0.366864063223906 0.327402508845745 0.317271472085933 0.352074963083749 0.406677286398038 0.461698982530543 0.469443502991966 0.473022622023909 0.472040392676629 0.47639480163721 0.484745443790758 0.485131594650255 0.48416567666577 0.480304646565567 0.456450005883721 0.430517603505927 0.443904213128702 0.472066112363873 0.484841440194851 0.484122345537432 0.481468119167883 0.477391879450795 0.472949509578428
