layers/veg/veg5500.asc
NCOLS 255 
NROWS 330 
XLLCORNER -2985163.8955 
YLLCORNER -3022031.214 
CELLSIZE 25000 
NODATA_value -9999 
[rows 75 to 99 of 330, columns 168 to 223 of 255]
0.606387621772514 0.600531456707475 0.595111783307584 0.588654676207224 0.585333991978918 0.581862447711846 0.577799750933546 0.574599836899515 0.571108570454238 0.568340220475921 0.567359467022337 0.567767086919144 0.56967120756577 0.570421977644037 0.570286660943345 0.571235692261724 0.571920684147065 0.573414841313723 0.573731462877895 0.57268498663889 0.573737371765328 0.574577238976479 -9999 -9999 -9999 -9999 -9999 -9999 -9999 -9999 -9999 -9999 -9999 -9999 -9999 -9999 -9999 -9999 -9999 -9999 -9999 -9999 -9999 -9999 -9999 -9999 -9999 -9999 -9999 -9999 -9999 -9999 -9999 -9999 -9999 -9999
0.596189764732442 0.590486859092895 0.585770164489467 0.58072286388783 0.577508681533393 0.574750101808773 0.573312628504277 0.571250072629341 0.565451977909529 0.56247195595227 0.563963732052223 0.565266342568329 0.565677021309602 0.565234174888489 0.567443179161513 0.571078406278616 0.572942472307805 0.5724762084628 0.572700489381404 0.573976708372621 0.574135817624513 0.573908671652686 -9999 -9999 -9999 -9999 0.577437996603021 -9999 -9999 -9999 -9999 -9999 -9999 -9999 -9999 -9999 -9999 -9999 -9999 -9999 -9999 -9999 -9999 -9999 -9999 -9999 -9999 -9999 -9999 -9999 -9999 -9999 -9999 -9999 -9999 -9999
0.581997713967202 0.576522684896585 0.571872823701558 0.568490171722311 0.565716028249977 0.563487793324989 0.560926356689151 0.558437381783921 0.55622335122551 0.553610405116072 0.556681305802497 0.560872143592841 0.559559182255697 0.558687420577449 0.561397145996922 0.566772223057187 0.569564978318106 0.570178050426668 0.570970491726034 0.573135780133497 0.574323707796299 0.574087992006968 0.57344082423442 0.575073217295448 0.574854791458444 0.57487852749379 0.577189821354115 0.576606377345496 0.576776116132677 -9999 -9999 -9999 -9999 -9999 -9999 -9999 -9999 -9999 -9999 -9999 -9999 -9999 -9999 -9999 -9999 -9999 -9999 -9999 -9999 -9999 -9999 -9999 -9999 -9999 -9999 -9999
0.567099018034588 0.56245037713015 0.558870714721909 0.55564524981637 0.554526736310168 0.55284161113918 0.549980818129522 0.548743765901038 0.54637753613371 0.545684122200511 0.550751670475243 0.555087516129361 0.554848680047634 0.555801686728485 0.55967241560473 0.564678598238803 0.566611449339971 0.567338834799977 0.570050494344522 0.572493074161767 0.573488309558897 0.573777914740592 0.573133838196545 0.572439129369398 0.572294787939342 0.573696533593434 0.574545119148958 0.575078788789162 0.576825567012784 0.578934022017165 0.579724615527731 -9999 -9999 -9999 -9999 -9999 -9999 -9999 -9999 -9999 -9999 -9999 -9999 -9999 -9999 -9999 -9999 -9999 -9999 -9999 -9999 -9999 -9999 -9999 -9999 -9999
0.55518374386455 0.551227356792203 0.548575866407738 0.547161929685307 0.547539515958566 0.546021761726617 0.544018090561254 0.542931845681674 0.542922563909796 0.543711402633395 0.546266169713934 0.551121932696692 0.552495972611355 0.555120001660338 0.558726031608697 0.562436473392525 0.56394894628293 0.566117061117695 0.569121597974396 0.571752237631035 0.573350473540906 0.573449824518662 0.573025093347661 0.571660293034364 0.570711804814868 0.571851322234746 0.572421266342257 0.574251426232216 0.576832336453025 0.578360944658325 0.57931688128003 0.578735783051986 0.578243920334257 0.579013590537793 0.579554245088618 0.58014580101491 0.579666377886261 0.579533483058724 0.579235868250052 0.578932109436079 -9999 -9999 -9999 -9999 -9999 -9999 -9999 -9999 -9999 -9999 -9999 -9999 -9999 -9999 -9999 -9999
0.537867701931922 0.534841445766524 0.531193436284262 0.529062553490916 0.529679286759174 0.530999042063029 0.531490484710981 0.533163889142609 0.537757604716905 0.541321168114006 0.540984293645106 0.543097630998978 0.548549064673743 0.552233491037361 0.556382368947916 0.56094906190291 0.564668947496957 0.567267572931019 0.569587929019027 0.571092813334085 0.571748956586633 0.571576237027413 0.571763045269757 0.570818850246006 0.568962884890765 0.56927582815862 0.570464643584893 0.571861878211284 0.571882478199755 0.572595945630907 0.575056797609182 0.577378447763032 0.578192982664007 0.578811131321682 0.579443461634872 0.579983833184197 0.579501941997905 0.579344027734104 0.579047269076118 0.578822750698815 0.578701296833361 -9999 -9999 -9999 -9999 -9999 -9999 -9999 -9999 -9999 -9999 -9999 -9999 -9999 -9999 -9999
0.520547870852084 0.519235829703141 0.518046878004185 0.518281935799708 0.519816502891618 0.520791772974466 0.522689191766106 0.527324126339491 0.531477427504482 0.531910847690806 0.530675310189246 0.536398556811058 0.545757863186902 0.550908759248523 0.555253046604566 0.560309182799631 0.563199834746428 0.56535563684854 0.568333789176743 0.570178507595717 0.570072911867544 0.569151983303889 0.569834270026706 0.571333515634482 0.571030865544873 0.570346555069997 0.569918647489172 0.569766103611969 0.570119196694536 0.571450138360602 0.573168241995239 0.576588761286014 0.577501944141836 0.575976631894964 0.577444163913487 0.577931071315378 0.577536883699904 0.577339133242475 0.577059526176655 0.57761758234335 0.578237462001655 0.577959187216681 0.577942621067664 -9999 -9999 -9999 -9999 -9999 -9999 -9999 -9999 -9999 -9999 -9999 -9999 -9999
0.510176357007311 0.508168820446591 0.505379080598433 0.504117057800776 0.507671125132853 0.513597920929319 0.515340711025812 0.516910986911232 0.521229635718832 0.523586506201272 0.519314232548455 0.5256106570833 0.539358929175345 0.547149256101514 0.551965682802345 0.558509665351049 0.561814466964167 0.563981954929667 0.567753444216491 0.569255363324237 0.569147239393918 0.56916375958031 0.569288108213563 0.571070399554591 0.570825760366396 0.569368522660765 0.570174004711906 0.570593578248691 0.572635814463554 0.575445562510774 0.577384621673281 0.578560351238327 0.575564326019018 0.567671997944363 0.566581422171698 0.570473822434662 0.573293123702773 0.575375751909671 0.57506374834897 0.575678386620232 0.575233102518113 0.576178820681864 0.577806308425089 0.577970704523471 -9999 -9999 -9999 -9999 -9999 -9999 -9999 -9999 -9999 -9999 -9999 -9999
0.496370023579004 0.494689619084683 0.494996163466132 0.492217914171021 0.494721080580287 0.501869560120996 0.505496004154902 0.513182066382953 0.515946106428816 0.515287170861882 0.517623621361547 0.524458459321006 0.536037332046365 0.54113986845265 0.547712871654238 0.555269788049143 0.559364045349906 0.563358195552104 0.567124648486033 0.568932693168317 0.569255970436612 0.570392153997582 0.570014057084399 0.569692067082522 0.5722511174503 0.571644497584663 0.570076796676164 0.571369621656988 0.57558638326669 0.576619385612581 0.575487503441684 0.577985635423874 0.574849181883708 0.567349616164917 0.548462452767892 0.540338556164841 0.56268646355811 0.568529509671652 0.566697937068712 0.568651726634613 0.571777733169764 0.574802363890919 0.575260069564487 0.575728686824306 0.577268877061752 -9999 -9999 -9999 -9999 -9999 -9999 -9999 -9999 -9999 -9999 -9999
0.475336300892707 0.474430513852602 0.478210990562327 0.480139969724927 0.47921720169769 0.484979240145731 0.495261993221095 0.501225231486895 0.504227887917122 0.511577434998352 0.51797748624439 0.521876861455163 0.526062066545593 0.53320956221665 0.542248859463046 0.550410211441279 0.557179042041293 0.561592327267983 0.566086084064633 0.56845359123341 0.568829739920593 0.569091165575047 0.56892570004277 0.569292438646321 0.570350682866464 0.570795577263274 0.571572295643004 0.573153841885759 0.574572787994365 0.574243544767264 0.574793825358351 0.577729479703728 0.575523395166992 0.569244743932635 0.557554429125775 0.532710047635332 0.541242574852949 0.562422946410647 0.558150948757972 0.567498408322715 0.571851362890485 0.567377698987768 0.562815221437863 0.567780026797335 0.577355032637788 0.578358528486813 -9999 -9999 -9999 -9999 -9999 -9999 -9999 -9999 -9999 -9999
0.455489194732187 0.455102433356664 0.462159355979356 0.468760949771603 0.471054979886737 0.473499593215351 0.482910611274804 0.492331130854501 0.4991022939605 0.506792180225033 0.509936858944218 0.511558745426093 0.514022413572775 0.521203074790356 0.532267854345446 0.543858626726037 0.553641245466474 0.55975963715099 0.564519893829278 0.566961095869306 0.567727288967303 0.568537723155011 0.570288046678121 0.571520940542723 0.569702643548536 0.570454956218997 0.573357303479949 0.575039749858289 0.574971209684436 0.574932785625661 0.573384334883801 0.573619317825856 0.575914725236245 0.572581662211361 0.565642681188399 0.53548781055628 0.530917354652953 0.565511538685628 0.571615190115729 0.57163673884565 0.568590662149118 0.562909141764333 0.557531371180861 0.566512649408919 0.577858830235702 0.577405473981677 0.578846377040223 -9999 -9999 -9999 -9999 -9999 -9999 -9999 -9999 -9999
0.447579936320035 0.449727612277899 0.450666926439519 0.456667986604837 0.4648931513356 0.468566527357654 0.478651352958036 0.487134169965121 0.492105603339725 0.499837893562827 0.506050438516024 0.512053847066706 0.514371563726357 0.523888827583566 0.530020983859896 0.537258586382368 0.548529649902018 0.556580068379407 0.562034885561957 0.564913894455276 0.566449817360353 0.565714998818029 0.568838394696058 0.571913212255156 0.570831896641064 0.570646909953128 0.573405072262074 0.576735728748571 0.575555853530494 0.574881107515812 0.574133727748788 0.572287101593904 0.570691969439229 0.569409510247827 0.566146838624873 0.533206744612799 0.525590273870263 0.562619806505784 0.570179827270121 0.567986117891445 0.561742924025467 0.559184811956211 0.56273175894665 0.570212732962484 0.57308783057312 0.573448424837653 0.577493163340448 0.579059023774102 -9999 -9999 -9999 -9999 -9999 -9999 -9999 -9999
0.437548306996849 0.445497806134911 0.453645702613985 0.460873061136917 0.464513512355521 0.467010563906167 0.471248934117689 0.476356170599761 0.485506440533836 0.497939257978187 0.504857835390808 0.508479547928652 0.513981620087534 0.523606736453858 0.528137868860009 0.535322398732109 0.540118245921734 0.545565447200401 0.556990901152734 0.563673338340224 0.563002737631855 0.564462560845697 0.568702723373796 0.572374833841028 0.573399226943214 0.572538364680753 0.573497705500653 0.577061534235267 0.576880643659028 0.576139998835424 0.57506392402953 0.571223046699193 0.555679617381523 0.541120707927584 0.539362161865898 0.524831197994541 0.530392347888313 0.559888024698416 0.566810238374528 0.563189939141456 0.558655825858174 0.551409849742215 0.556341655279842 0.568006190773571 0.55862746504121 0.553590674749799 0.56964968567522 0.577938585135708 0.578511678910653 -9999 -9999 -9999 -9999 -9999 -9999 -9999
0.429519811557849 0.439551346817074 0.449005152477154 0.459436428125612 0.469404462401325 0.477196778764585 0.482202910652471 0.479743246727785 0.482724110789631 0.494689964980321 0.497725213238615 0.504602558096067 0.516097436386753 0.522511790391286 0.530088703346052 0.535851225858267 0.538120593059718 0.546465822341615 0.558722217269827 0.562976183195186 0.561043889630088 0.564345628171554 0.567444326286431 0.570833872299382 0.574396610976705 0.576028548119254 0.576655515726076 0.577416555188937 0.574800244836404 0.57437552939871 0.574555835934315 0.567717974533999 0.557623641559427 0.554109955016612 0.555680301483297 0.537754878759792 0.538578322553321 0.561463653757052 0.556715944221895 0.550781626838922 0.549257907161051 0.527186686179135 0.528093505535614 0.554294608352464 0.549453788940981 0.557199931214316 0.574301655454769 0.578067405928128 0.578524678650318 0.579063031725808 -9999 -9999 -9999 -9999 -9999 -9999
0.426524056999928 0.43405722915924 0.444527275815322 0.456564346904556 0.464313164459243 0.472691200485561 0.484048581719864 0.490190521578197 0.491240758276351 0.494577219614147 0.499149737355933 0.509225330643447 0.523768342992983 0.530855387391421 0.531060171908056 0.533124124938516 0.541055262273948 0.550146090854434 0.557523438065456 0.562881268696154 0.562863297642461 0.56430799562718 0.568505977925042 0.572633192501945 0.574115196938797 0.572167896572868 0.575943116423576 0.57920655373551 0.574639023528591 0.57410286678512 0.575997398234516 0.571958580352318 0.565016970752033 0.558754004988718 0.555848379512596 0.548459162601949 0.544686380257112 0.55615063440701 0.553300908217859 0.532548507978158 0.521000155415857 0.536345236014152 0.548305373907238 0.557900229991958 0.566933701086275 0.570837178232188 0.575036027923413 0.577485118960924 0.578115898694129 0.580299360162743 0.580122061738945 -9999 -9999 -9999 -9999 -9999
0.427110916936056 0.432463945046004 0.442565893669157 0.454998442641243 0.459658574977664 0.467118809243669 0.481904355095709 0.489796558807087 0.490730269282074 0.49703015998817 0.506768263585937 0.515057157949658 0.524642671258118 0.529281616759985 0.532932348891947 0.54052169105439 0.547756944683569 0.553448484571744 0.55696470384838 0.558941432036127 0.561154309277117 0.565854496121352 0.56956434475143 0.571282400430034 0.571129427420698 0.571935019415084 0.577700775304429 0.581993602162524 0.580897557677756 0.578195004659873 0.576881518145713 0.575751095027941 0.570462900538627 0.56398786274127 0.556872512965996 0.547422976912228 0.550188164547109 0.556870696430024 0.548514941393608 0.536112243026393 0.537267779413031 0.548870128511191 0.553061410824312 0.558796072181144 0.566852714528002 0.570510258511581 0.57397161845752 0.576494194602623 0.577842448315625 0.580502313540545 0.580076577966563 0.578954907650428 -9999 -9999 -9999 -9999
0.430038724066576 0.433271157556266 0.442052311509647 0.454528940619802 0.457696874973182 0.467882005394851 0.483448607305744 0.491513851274244 0.492919351742141 0.497155522243934 0.50397395219912 0.511275315505936 0.52167755664268 0.528275171718803 0.533221917346134 0.54054962504366 0.546196075159475 0.550243728725581 0.555016766948393 0.554777122411976 0.557610724651493 0.566393226104692 0.571374349928991 0.573113070728812 0.573479238921692 0.577116287547716 0.58128962782637 0.580047514845167 0.582365681640911 0.583211298919483 0.582106823089911 0.579001708010447 0.567964538380714 0.558418190695866 0.544277068511131 0.538772270587832 0.553568998064311 0.558164357956761 0.547993316595933 0.542134128257845 0.549749525258314 0.557276166332632 0.557271664717402 0.558900238354173 0.567767160515102 0.570639614798455 0.573499191086638 0.577339878207122 0.578648534177614 0.580564432676852 0.579133173429068 0.578424503279334 0.580249673276271 -9999 -9999 -9999
0.432731471805021 0.426937005303169 0.431951327344258 0.454488228733527 0.456735660515711 0.467053066154888 0.483948490504704 0.492239740171465 0.495446942141296 0.499407913419811 0.502302659584245 0.509593557097653 0.517736107883862 0.518932327116396 0.526919138807025 0.537635256634516 0.542386450893578 0.546887674821025 0.550975422486466 0.54907449962427 0.551309817439335 0.562817588397831 0.569451132366826 0.573397204335493 0.576323535618957 0.580505302239974 0.580642395075571 0.574655576544207 0.57839837094495 0.586817169204519 0.58520909467255 0.57955708662562 0.568159302048629 0.558477521804981 0.547839675428628 0.542214365853857 0.554190914629944 0.559127253136742 0.555125389744266 0.540532205838934 0.528867492112057 0.544480302382136 0.56259863016316 0.568465905130428 0.572424347398672 0.577083278377794 0.579834619812407 0.579520375597543 0.578495983348277 0.575803256546376 0.574458096485836 0.577500925570959 0.574565394884954 0.573974716979004 0.580939092949207 0.579876807001869
0.439157181300665 0.443228306659137 0.448362894137938 0.456166600399772 0.455857622628663 0.466991499443721 0.483743615302979 0.491236525116762 0.493113154236562 0.497641062130132 0.505561914560289 0.512329792550866 0.513923214445237 0.515951369991769 0.524900612062827 0.533549245653239 0.536463424736605 0.542189246867628 0.549228418564163 0.556852236044268 0.564879833653638 0.564473382970836 0.569060071917127 0.572159422087796 0.578216791452486 0.585131176516018 0.581907147427657 0.577411309261974 0.580874445555087 0.584534115318461 0.584946979153655 0.579251636101281 0.569068152299792 0.556204959023175 0.539150247755719 0.533481767594028 0.547724096064481 0.555244351635479 0.547351359121474 0.543953774360423 0.549873453178252 0.558922096360448 0.568778364436888 0.57171698011857 0.573309742799023 0.575165700275469 0.578204663959153 0.579402174485335 0.575928271021097 0.57443003749008 0.576706562682198 0.575984693267034 0.57078828916703 0.574415029319823 0.580550991297342 0.579325140509459
0.446414904491827 0.450848012124199 0.454027998838866 0.458165199942036 0.457940801142047 0.468557541165877 0.48550564377677 0.493935473565101 0.495290539972437 0.495111466692023 0.503170402936714 0.507979214985721 0.504909643845017 0.50839451750803 0.519592946329452 0.525439093494892 0.52930731397169 0.535658016585438 0.547074805124637 0.55851315997241 0.560452667746813 0.55965055445094 0.563792825445605 0.566106986766669 0.579275106495311 0.586092906565399 0.586761482888315 0.582378362987972 0.578294367952192 0.585749799458253 0.58528916777804 0.572903593593983 0.562275063290618 0.554623421384308 0.536941679852842 0.531918121740519 0.543355922577466 0.551973538316583 0.550766959729816 0.548187102238681 0.556515752717112 0.565691283330907 0.568054530098535 0.570238459095177 0.574503474863794 0.574131149302863 0.573629615150479 0.57601158918916 0.573464090597208 0.577701166342634 0.578867251792624 0.575773041825416 0.576814211576219 0.578589984703048 0.576390571482122 0.573355276224584
0.449275591001684 0.454992838588393 0.457297129846518 0.461859454466562 0.462683717911115 0.471615554837116 0.487201547014687 0.492550274373703 0.493860232067896 0.495051592534046 0.501346742613205 0.510258909421146 0.511478971309588 0.510796059455824 0.517693952125571 0.522513024920983 0.529590848116457 0.537203778863244 0.547108503674213 0.559338019499013 0.56539840632221 0.567062561137713 0.56922014940722 0.57135859262167 0.58002398712253 0.585135142872124 0.591153782644448 0.585777071037034 0.57846457790684 0.58573388921477 0.58600511164364 0.575432786863792 0.564920806731057 0.554276563125696 0.538819494641812 0.535936252347186 0.545021654940792 0.55479746318514 0.553852828905929 0.550544784658263 0.550002288460962 0.556006931669327 0.567045596352272 0.572437278925431 0.577013412841106 0.572830181904473 0.571114737703702 0.574557307072524 0.573679212313338 0.577613244436508 0.577857095685967 0.577044368123307 0.57814900040913 0.576508154295749 0.572272090543252 0.566780461324097
0.453123854441842 0.453579699305637 0.45765093562724 0.468081282250227 0.475188679772845 0.484816842272289 0.490264355728919 0.493096754509415 0.497413382229248 0.499202905951097 0.499316145717387 0.504229834289595 0.51660182262546 0.526413291421188 0.533460726596152 0.542048782330046 0.550958893015485 0.55983970847175 0.563716654592444 0.567350956005509 0.573969568637169 0.580709963763346 0.585456494998285 0.588065273860468 0.59131132716274 0.595344712550387 0.597514339786498 0.597064495442445 0.590945094778278 0.58304688095354 0.577132209805846 0.567713707116224 0.56438987172651 0.558062602959598 0.543036927375473 0.539348454671594 0.551029609544093 0.559152442202601 0.560011387385232 0.558525244904405 0.558544670122997 0.565026042261175 0.569432235202022 0.572405622069485 0.575122747934238 0.565411532673418 0.560480209528867 0.567218025133571 0.563904519912327 0.566371566038973 0.570964928277718 0.570962374050452 0.570268027046259 0.568986494684024 0.560680629028464 0.551693842850033
0.456768367574044 0.457089922542792 0.462797564518113 0.47597252058381 0.485171089947308 0.493331494823245 0.499946739685726 0.502092564056284 0.499448105016931 0.496817398769242 0.50221955101682 0.513004198637663 0.525181386138404 0.53421759599621 0.548518279179743 0.558983673950515 0.56698677633584 0.571845496948433 0.575440068100325 0.579903261263977 0.582279750722557 0.58593712958197 0.593526981537199 0.598818813341511 0.601347876133639 0.59909559358023 0.597976142390227 0.602249384951886 0.604184720816789 0.5974987280556 0.581172030086059 0.566885577706697 0.564595586876824 0.561352357867114 0.547115013193371 0.53573323876509 0.542760727931936 0.553128305103163 0.556065684728046 0.565029712460782 0.567621210836947 0.569520880562059 0.574330949755973 0.574937737099968 0.567658554920178 0.550441465093252 0.554571822559417 0.566023771287197 0.558278803590354 0.55965444743803 0.571014708282006 0.570049051379915 0.552824968708221 0.535557736067941 0.530684350172692 0.537681028685811
0.460954990091213 0.463998586510254 0.472264008163017 0.481958110880102 0.491594786574127 0.499880894461252 0.506996878283034 0.510914859150975 0.512921690956288 0.515842006962084 0.518895969256072 0.52916324573946 0.541927434425812 0.549500307515827 0.55542003263673 0.561136422273322 0.565445676301583 0.56954478095213 0.575735159084742 0.575474356213064 0.573988630435581 0.5826400933088 0.595191485744587 0.600118327379519 0.601381529980169 0.603126675268586 0.602762764555285 0.604462491520946 0.603067260557515 0.599267984344029 0.586136944104539 0.57315980700911 0.576275281418381 0.571636256860851 0.559291318366447 0.55558981101123 0.547572683149999 0.544389903265826 0.555748441682126 0.566250089761396 0.566733333346328 0.566772794872741 0.569495081320918 0.569870570786315 0.555742843868305 0.549082400951805 0.555844195292498 0.55321039487296 0.55770894041804 0.566199552805593 0.571820859342645 0.570013506353686 0.560087225373478 0.549529755799213 0.540454949465282 0.538005411849994
0.465331702794897 0.46998028979424 0.481076479072729 0.492119956758292 0.499745580936024 0.503252356856987 0.509966631799884 0.516482613155745 0.520442450389264 0.522022499873012 0.521877878967104 0.531316531937835 0.542003410300924 0.545654962383195 0.551903121464608 0.558947540272089 0.5653006449543 0.570041340696093 0.573592491422848 0.574268364887466 0.577510515854255 0.591269849563601 0.601404455675551 0.600111064167794 0.602097491519208 0.6050173242463 0.607322685567385 0.608376164604287 0.606305419557898 0.605817824511402 0.602607319941388 0.600255022616196 0.594845074894126 0.582904151878446 0.577007085940913 0.569623485538999 0.554928347816287 0.549765168791349 0.55447529912492 0.554340879710423 0.556534336499392 0.558448268478668 0.561430801001941 0.569088203888136 0.566142863405836 0.567196987296501 0.566903458339351 0.563043024277408 0.564389474499051 0.568466429710656 0.567867334640938 0.566288135260869 0.561104623291437 0.547177480197792 0.530978960288392 0.527994773245604
