layers/veg/veg5700.asc
NCOLS 255 
NROWS 330 
XLLCORNER -2985163.8955 
YLLCORNER -3022031.214 
CELLSIZE 25000 
NODATA_value -9999 
[rows 125 to 149 of 330, columns 168 to 223 of 255]
0.469546404915373 0.465158246196515 0.436733615296582 0.446136094152441 0.481018537770909 0.480191610699023 0.487059902502618 0.494830244550965 0.486790644743218 0.480166258094916 0.483402268355463 0.496935712923482 0.512542540526482 0.522952504665677 0.53316435070101 0.549368465168181 0.556931110298191 0.568575071125985 0.593352107164853 0.608463772029911 0.616531795418472 0.622497147411015 0.61047158637955 0.59838261894428 0.615315620898517 0.61963717125996 0.585067151230577 0.558785525910628 0.56362951831641 0.592364116317113 0.628337165321102 0.628918178996137 0.62797269429009 0.637213154652719 0.640079635961567 0.634895889302711 0.620377283057103 0.619719056479959 0.62965588275159 0.627572187658826 0.630208848085061 0.62569479983857 0.618267111309883 0.61639914400269 -9999 -9999 -9999 -9999 -9999 -9999 -9999 -9999 -9999 -9999 -9999 -9999
0.456245597109534 0.461525226322495 0.446341006689639 0.423138808206146 0.422246383702296 0.447382695232028 0.480484465184692 0.485994071762592 0.47218373459195 0.465668765814866 0.477259453080236 0.491523933099124 0.507090620017609 0.5200263154713 0.531017508587644 0.547670559589741 0.563441021673357 0.570165464328797 0.58380542762856 0.601924576755683 0.611133293225638 0.614941482001816 0.601156048836027 0.590369140379941 0.60572200421721 0.604737569291195 0.569405294482671 0.563143435021944 0.579636939353137 0.58555091860072 0.615399408487355 0.637940655920612 0.632193069021996 0.606591384450358 0.597875807011061 0.60475452460283 0.614636502630053 0.627326587389982 0.632557141868711 0.635468727856862 0.639687149379733 -9999 0.62557757241625 0.62247053865467 -9999 -9999 -9999 -9999 -9999 -9999 -9999 -9999 -9999 -9999 -9999 -9999
0.450179534106012 0.452728844488857 0.428043654797403 0.396907721774435 0.403904699955563 0.439585951008658 0.479779037717796 0.479899124222126 0.464801153457974 0.457759723725843 0.469213216085131 0.483906107668505 0.499649301546222 0.508952088209499 0.522213542616751 0.541124187147752 0.550091436744979 0.551822437453702 0.572624957395922 0.598430983189062 0.606475138042526 0.609360912990174 0.586873544456501 0.574121994387298 0.598996717964847 0.599995945547654 0.570060202357494 0.571774338652034 0.583501305723729 0.582927718493286 0.612479372018641 0.629689262428081 0.622755048620281 0.600848803862471 0.603888781767393 0.60687521887727 0.617796137909329 0.635068027000159 0.636772445762058 0.641275072640701 0.644907093720602 -9999 -9999 -9999 -9999 -9999 -9999 -9999 -9999 -9999 -9999 -9999 -9999 -9999 -9999 -9999
0.445913525481002 0.432450752584072 0.403946048913994 0.409892522712343 0.451270186773324 0.470002949586004 0.47385172392631 0.464400263611947 0.448097436417126 0.448978967739778 0.463081774496905 0.478369224205914 0.496973443034419 0.511542387727547 0.520906123432977 0.529681278026179 0.538247879062624 0.555591681267864 0.580738881523047 0.595796562668575 0.603228110777944 0.606736865151938 0.594540908453311 0.581550442373547 0.586172541885711 0.599620452577537 0.614741352204135 0.620793603069047 0.600636820810984 0.590744647414765 0.624469774831846 0.642289898996134 0.620013515467688 0.595172747950776 0.601031281582595 0.605439976509087 0.620217153959248 0.639280686535716 0.645589431186077 0.650930043934538 -9999 -9999 -9999 -9999 -9999 -9999 -9999 -9999 -9999 -9999 -9999 -9999 -9999 -9999 -9999 -9999
0.432926244952982 0.418775323867456 0.407651525932131 0.418119934064238 0.451950641831083 0.466455256322572 0.468734058196921 0.462877844547306 0.452409843703658 0.449627591737878 0.456269108377473 0.470341698601112 0.486129939068196 0.501095602919431 0.517995906422463 0.534312919024861 0.547360916557739 0.563977723297577 0.581480236295986 0.59181516761993 0.598838669282863 0.606274539943209 0.60900250993662 0.594822583517585 0.592106075385641 0.616530200024577 0.631230766511639 0.62847200636318 0.611479137139223 0.61810920144969 0.645218173534923 0.652494809620231 0.632878192835531 0.613979470087037 0.613223073315188 0.619404022666484 0.635172954642046 0.644939193056931 0.64905675165002 0.654823426549226 -9999 -9999 -9999 -9999 -9999 -9999 -9999 -9999 -9999 -9999 -9999 -9999 -9999 -9999 -9999 -9999
0.402047905000366 0.390287723117739 0.390315857669433 0.421753476498312 0.459552973938778 0.462368222915571 0.460134432874705 0.447283286659347 0.440190012912857 0.445393103568321 0.450386951572264 0.465326704596743 0.480973291557677 0.492864297640891 0.510836310293361 0.528802873368814 0.542859860120287 0.560654718517584 0.575694118878481 0.583498256676137 0.59071442641993 0.597258985336108 0.605275140526864 0.602143744069003 0.603408478379499 0.617804841550298 0.622160062004043 0.635508811190087 0.646622446560435 0.654197568857922 0.656772597591395 0.652614451991118 0.640646086545262 0.633446036096095 0.639254504957451 0.640626862352028 0.642494837224927 0.64691486436603 0.657279115415507 0.659564883181742 -9999 -9999 -9999 -9999 -9999 -9999 -9999 -9999 -9999 -9999 -9999 -9999 -9999 -9999 -9999 -9999
0.386805735933074 0.385052135306796 0.39248347103235 0.423872499306234 0.454330789557502 0.455431096979298 0.443104458916706 0.428672006712856 0.431925925097737 0.440174278039852 0.449657973091774 0.462868578217412 0.475231906286843 0.485981432081541 0.500954060651741 0.521226048480428 0.537241529174183 0.556796793014082 0.566103076768707 0.572479218387384 0.58823546338504 0.588615614952926 0.593421811273334 0.594828922390898 0.597762041352989 0.615930515042078 0.627440697717846 0.643460136615389 0.647618004677706 0.651941021057401 0.653061082921453 0.639512988696163 0.630610893702957 0.633552357795422 0.647476863793241 0.656558949484082 0.650539545485241 0.653066378996983 0.660698374127219 -9999 -9999 -9999 -9999 -9999 -9999 -9999 -9999 -9999 -9999 -9999 -9999 -9999 -9999 -9999 -9999 -9999
0.41433253929585 0.407033765156901 0.404447206188804 0.419749280567142 0.433990726846347 0.425822848478885 0.414522586199303 0.414472151049468 0.425378538595316 0.440655947384854 0.44994419428006 0.45864633836262 0.471702518617907 0.48318943969289 0.491904737009546 0.508203713663226 0.528686234142469 0.551355359205829 0.572878324376914 0.582573470507059 0.589230704870545 0.592429556558873 0.59446586409304 0.594902919549214 0.599894342117796 0.616013253732409 0.623783326789774 0.628558558670543 0.637247774314767 0.641806971615646 0.632778397792167 0.622994262674411 0.621910777720459 0.626496929442897 0.64747871118695 0.66166460787796 0.657684672282424 0.661439274315424 0.663604944973656 -9999 -9999 -9999 -9999 -9999 -9999 -9999 -9999 -9999 -9999 -9999 -9999 -9999 -9999 -9999 -9999 -9999
0.409246345866031 0.403071404880463 0.398551673942978 0.411330076318141 0.411801065209816 0.401026312921759 0.406142978891888 0.413570300607837 0.425398888211288 0.441113335966607 0.44603558666276 0.452231383850922 0.468579939043625 0.48101630320992 0.48837413354272 0.50036779042881 0.523652152165613 0.550749596263057 0.571620489792391 0.582348842132389 0.582080095160264 0.577067148746066 0.585509160939627 0.593637594462207 0.598399266069403 0.611633806312038 0.620466957739636 0.630712624884394 0.643993636577939 0.643518163964113 0.618876667823811 0.609424476668378 0.618054153209204 0.64233347295755 0.665825990157024 0.663091195299855 0.661279820950711 0.668823018213 0.667426938678008 -9999 -9999 -9999 -9999 -9999 -9999 -9999 -9999 -9999 -9999 -9999 -9999 -9999 -9999 -9999 -9999 -9999
0.385602323817839 0.39634783347403 0.39116295713406 0.395768703723607 0.405057394166574 0.408176773559797 0.40910379430439 0.419121483821869 0.43247454961567 0.432822552706376 0.441817896120473 0.459780073557196 0.476606700340034 0.488691854156935 0.496160849512554 0.510367543173256 0.533944138891257 0.554984534194542 0.568926977095473 0.581594253578047 0.581164968367677 0.583759583396318 0.584765833550413 0.577319306220489 0.597484479406295 0.615374914801104 0.623683027580241 0.638741192248783 0.65030060150153 0.640162099120294 0.62080500223409 0.617058589768523 0.630818453825908 0.650392253822428 0.659928066842699 0.659514526675602 0.66862074910438 0.68123309834472 -9999 -9999 -9999 -9999 -9999 -9999 -9999 -9999 -9999 -9999 -9999 -9999 -9999 -9999 -9999 -9999 -9999 -9999
0.377358504497459 0.380577401593036 0.383958219188207 0.389168678477499 0.39417529450499 0.407236297321691 0.420573812715755 0.426594827775218 0.436742970429677 0.439988600033949 0.445906100827364 0.460805198231468 0.477975577171123 0.493133532516395 0.504055664975662 0.519098610451405 0.532282302059214 0.546253651040092 0.565416750944639 0.579536944206492 0.589923332136677 0.591147622485369 0.584133779991569 0.581774940893762 0.596393988099035 0.610405865590643 0.612388782653746 0.626990887474335 0.638839911000395 0.635919365872038 0.641795960941664 0.656456566346562 0.661427262557026 0.662964402895388 0.671845439502491 0.672932908393757 0.677018931614936 0.68348433484601 -9999 -9999 -9999 -9999 -9999 -9999 -9999 -9999 -9999 -9999 -9999 -9999 -9999 -9999 -9999 -9999 -9999 -9999
0.384031411354777 0.38686622463913 0.392659395699443 0.394455545469672 0.39896398744506 0.39978631339004 0.401206746298396 0.414241644862108 0.435901439711994 0.449301037627689 0.452645514107766 0.465025075149289 0.483758370741577 0.497905144447957 0.507165183018653 0.50939187923596 0.510834952979413 0.534300624256754 0.563503621283882 0.578259525199687 0.590689071677562 0.587086084234578 0.581359788805991 0.594788714699198 0.607540201513578 0.620622373824702 0.627152249113862 0.635565808177118 0.643125051510719 0.650443130399132 0.666622012851317 0.682468662512987 0.6911603186445 0.69228677375483 0.68915348187844 0.673622412067291 0.672046419243476 0.690158612311078 -9999 -9999 -9999 -9999 -9999 -9999 -9999 -9999 -9999 -9999 -9999 -9999 -9999 -9999 -9999 -9999 -9999 -9999
0.392775416575258 0.39077879142015 0.391575798895783 0.396356907613528 0.402124384339868 0.40149498716341 0.402159577490847 0.423081509265188 0.442702049762224 0.447858552515669 0.453429909016166 0.463996021160035 0.482544255436717 0.493905591022247 0.499329269994947 0.500557566398098 0.507147261685716 0.533179325369509 0.562304398334716 0.572382777262952 0.581470050710403 0.583958351021084 0.582433372674442 0.59850731704526 0.615098228016627 0.627188698794193 0.634387217204176 0.642575791412707 0.650241093013564 0.657199691558639 0.667375051381216 0.688058341599469 0.697721136158062 0.696117469661981 0.686895147645847 0.677897013193228 0.68904785663125 0.699067460771436 -9999 -9999 -9999 -9999 -9999 -9999 -9999 -9999 -9999 -9999 -9999 -9999 -9999 -9999 -9999 -9999 -9999 -9999
0.398047190212011 0.396131374756305 0.394268189622902 0.398848835691136 0.412822605038399 0.419019050170781 0.408195129573631 0.406505679595942 0.423456194140503 0.445899797274201 0.458435538622063 0.467399074013403 0.47741823920319 0.480562950652133 0.482550104466342 0.489324225473254 0.503828486296463 0.531879885866668 0.55897806297588 0.566573794065314 0.571438183288843 0.583826808421056 0.597378710934044 0.613636487457022 0.625876195459075 0.627014948936513 0.636992149455073 0.648959043396775 0.657470598903272 0.665373407909382 0.682309387311472 0.70289362688075 0.703478303480546 0.705651847250446 0.702163554253782 0.698650069999593 0.704434898284944 0.708493221677926 -9999 -9999 -9999 -9999 -9999 -9999 -9999 -9999 -9999 -9999 -9999 -9999 -9999 -9999 -9999 -9999 -9999 -9999
0.404249426493679 0.400867089610038 0.394512652755541 0.395322669481049 0.406071474508602 0.423644445170239 0.420373436908865 0.409777171280669 0.418381435636415 0.439798498818173 0.450959600165708 0.462896600365471 0.472493244106133 0.47410028408658 0.481639801835574 0.489986893840998 0.501357555866842 0.529399979571616 0.54973933787819 0.550988476099786 0.564149469517304 0.585214376229395 0.606710179942261 0.625721314867076 0.636670821435762 0.640872480970597 0.650700429516575 0.661669472548779 0.672940424351649 0.681034883660553 0.699220173910414 0.71679071472085 0.719379391215998 0.71963098458023 0.709900538658679 0.706075205562064 0.713663884408032 0.715769533314981 -9999 -9999 -9999 -9999 -9999 -9999 -9999 -9999 -9999 -9999 -9999 -9999 -9999 -9999 -9999 -9999 -9999 -9999
0.401848228170966 0.389657503621059 0.385839959779937 0.396509008913886 0.410246604313575 0.428289890664563 0.432077637500767 0.429767524446209 0.426146611708989 0.431885862683831 0.447066982046983 0.46231632630106 0.469409319034627 0.471905438221126 0.479504261587315 0.487288697876705 0.495764007949474 0.523742833651454 0.543952552401468 0.542308400624819 0.565123427601438 0.589608921769242 0.607338182855784 0.630789610316307 0.653404189869422 0.663479560808766 0.672400574255501 0.676209194906461 0.674825999474372 0.696720490268453 0.724701219647427 0.731801988573713 0.728907716980824 0.721899035558097 0.715839050691861 0.718912793504334 0.719957953524914 0.718835495078649 -9999 -9999 -9999 -9999 -9999 -9999 -9999 -9999 -9999 -9999 -9999 -9999 -9999 -9999 -9999 -9999 -9999 -9999
0.407123665478948 0.398437928933093 0.396825159386713 0.401088613176993 0.41169819276028 0.42785408695546 0.434717960627876 0.435759775948057 0.433952048220336 0.437865895037345 0.449965987169959 0.458935276687858 0.465958340694536 0.471529027799419 0.474851893072475 0.481913800173952 0.493545904604515 0.518773584287525 0.537518265037596 0.545841204443564 0.57073451839383 0.594541711493952 0.625464439227802 0.656155037618375 0.673797898006247 0.690657203447932 0.690536881678012 0.688459290216687 0.699451655004244 0.709408450284988 0.717836517946343 0.718575874888538 0.717505159965371 0.726647890714888 0.728401196618307 0.727316807642306 0.725817754582378 0.722328679803865 -9999 -9999 -9999 -9999 -9999 -9999 -9999 -9999 -9999 -9999 -9999 -9999 -9999 -9999 -9999 -9999 -9999 -9999
0.404054825000651 0.400491232076889 0.401908661149694 0.412555838535817 0.421502565457468 0.426220135609401 0.433476405392089 0.432858016934583 0.435550523306656 0.442509420371483 0.446014920990387 0.448138353728582 0.458928195611725 0.477417892941459 0.483201488379833 0.485715288729663 0.49661461680381 0.512500644987863 0.520650801882447 0.535538132511991 0.568187375921176 0.600587146144946 0.637343607281677 0.674958773800504 0.695628643579248 0.690197579826883 0.674449974734793 0.684130351030231 0.714637298504976 0.72606277716139 0.708035291305366 0.704604665327663 0.721151241895973 0.73568152465036 0.737376764399442 0.738886999958284 0.739098742442853 -9999 -9999 -9999 -9999 -9999 -9999 -9999 -9999 -9999 -9999 -9999 -9999 -9999 -9999 -9999 -9999 -9999 -9999 -9999
0.401906811722577 0.402765592324874 0.403382763722317 0.412342839472092 0.426722882392136 0.429575446426686 0.433009221800419 0.431817599751265 0.43181827377428 0.4353157061757 0.436523066232599 0.443210787500379 0.456718088298693 0.473717468572378 0.487133032901232 0.49538730091733 0.508245047924733 0.522459493642611 0.530605370596023 0.54969492206504 0.584261500470127 0.615706290778854 0.644452830567423 0.671398285536173 0.68624804009153 0.675266702710656 0.676534619633853 0.694610892378852 0.71121498561268 0.720188838712412 0.711230991480128 0.714626229593422 0.727712007390655 0.739818180481326 0.743602748998782 0.742950437257133 0.744046941341571 -9999 -9999 -9999 -9999 -9999 -9999 -9999 -9999 -9999 -9999 -9999 -9999 -9999 -9999 -9999 -9999 -9999 -9999 -9999
0.407898467203788 0.401136673147918 0.401098999050331 0.412304392125854 0.42842354445041 0.431867662834095 0.431496647069043 0.428607594399132 0.425978119139507 0.424133075543806 0.420944111730961 0.433379310250774 0.462264442119953 0.475319573374831 0.471365464493613 0.485324744129011 0.506411155960004 0.514996512177064 0.542378900580126 0.565904311849085 0.584246009897219 0.611057157986849 0.630530400577735 0.647289851337562 0.661953059721793 0.667133111511412 0.681484201647711 0.703374878279547 0.731861555272112 0.750006164756049 0.737465907088078 0.724169361396267 0.73822420527536 0.752058604921807 0.746818640472825 0.746761444131703 0.751746961526035 -9999 -9999 -9999 -9999 -9999 -9999 -9999 -9999 -9999 -9999 -9999 -9999 -9999 -9999 -9999 -9999 -9999 -9999 -9999
0.419257497397954 0.410716098297004 0.407898033630889 0.419398652402206 0.4275869970252 0.426793546603264 0.425087193470148 0.415940517258151 0.411238248458818 0.41223080357681 0.416059288681287 0.433651707634147 0.45657867476507 0.467138369848152 0.459200259944933 0.476600034032616 0.501301359520424 0.515272233426442 0.541854188585653 0.558638881741734 0.588368330981478 0.611704137485925 0.612419392495305 0.628437205580603 0.658263610783175 0.669126016500335 0.708296791992115 0.739808031450458 0.747142704142998 0.754426081356049 0.759376295640511 0.760930766189341 0.760393772207161 0.760866854301066 0.758562559685908 0.756782089638868 0.754954591442166 -9999 -9999 -9999 -9999 -9999 -9999 -9999 -9999 -9999 -9999 -9999 -9999 -9999 -9999 -9999 -9999 -9999 -9999 -9999
0.418092891030521 0.418925087831284 0.412137804271651 0.413222522185146 0.419961406286378 0.415551005724764 0.41209086295371 0.409957063879819 0.405774808265603 0.410096602751691 0.422454148840894 0.436880157969051 0.443173051074183 0.463444539470338 0.467356232275956 0.476528533487534 0.48567432673597 0.488171785603035 0.537172653983785 0.565203495581391 0.578076355773649 0.597147539357785 0.616157928083725 0.635046246545065 0.66814857684302 0.697869676851067 0.722701573411505 0.746265082545594 0.755467428597716 0.760415193590599 0.764056210266707 0.766651837408765 0.768167622473137 0.766333509047112 0.763793858018693 0.762943651670423 -9999 -9999 -9999 -9999 -9999 -9999 -9999 -9999 -9999 -9999 -9999 -9999 -9999 -9999 -9999 -9999 -9999 -9999 -9999 -9999
0.426312193444504 0.422239355415996 0.413744723017463 0.407064990425399 0.406327377256181 0.404570571643758 0.404170477455986 0.40333528238039 0.402691147676504 0.413695063848336 0.427178139295114 0.433047386157035 0.438153557110492 0.462942879211886 0.47536353702767 0.474432087009545 0.467823667189206 0.486630844146051 0.535587340792913 0.556025664414953 0.570847087830565 0.604126779995365 0.636022774373715 0.657462023167808 0.680027207640319 0.705788839977461 0.725913893147625 0.745116037175722 0.758037161342714 0.763444703825687 0.768371780646287 0.770143053541782 0.772401660435379 0.770788489931464 0.767061876148925 0.766088794851344 -9999 -9999 -9999 -9999 -9999 -9999 -9999 -9999 -9999 -9999 -9999 -9999 -9999 -9999 -9999 -9999 -9999 -9999 -9999 -9999
0.412814688038127 0.412506035745676 0.405975202151147 0.390964944381888 0.386728088396622 0.393851912603499 0.390299616057421 0.392253266074491 0.403650483735751 0.422920323896928 0.432814912051706 0.427778377315442 0.43868677156864 0.459537592925437 0.474952750802563 0.470546541561525 0.449510534679387 0.46174631543549 0.510291365041025 0.563722808411561 0.590097188751847 0.626676649899514 0.660442584296233 0.679300377690304 0.696218343601656 0.70512202772479 0.721921577317348 0.743262950858943 0.756978258925204 0.764067276825021 0.772070626715271 0.777441881367114 0.778546469471286 0.774675129413449 0.770837324212381 0.768867656992185 -9999 -9999 -9999 -9999 -9999 -9999 -9999 -9999 -9999 -9999 -9999 -9999 -9999 -9999 -9999 -9999 -9999 -9999 -9999 -9999
0.405045564684586 0.404641209813143 0.402262421823454 0.385679742966647 0.380663713028847 0.394061649453047 0.393229156667264 0.395702999275293 0.403709961850727 0.419419009879536 0.432838440800479 0.429893924558349 0.436595756157842 0.455462190054268 0.470704036107481 0.464203207235645 0.449320514673573 0.476299796136893 0.525707149473226 0.567833027521736 0.589507601555047 0.62629121422853 0.647152381732979 0.662852482995416 0.697941015543851 0.710091935694002 0.726302362923989 0.747148554732579 0.757822230134568 0.764019578828101 0.772188312660544 0.777533807636042 0.77739868751205 0.776204051888795 -9999 -9999 -9999 -9999 -9999 -9999 -9999 -9999 -9999 -9999 -9999 -9999 -9999 -9999 -9999 -9999 -9999 -9999 -9999 -9999 -9999 -9999
