layers/veg/veg5200.asc
NCOLS 255 
NROWS 330 
XLLCORNER -2985163.8955 
YLLCORNER -3022031.214 
CELLSIZE 25000 
NODATA_value -9999 
[rows 150 to 174 of 330, columns 56 to 111 of 255]
-9999 -9999 -9999 -9999 -9999 -9999 -9999 -9999 -9999 -9999 -9999 -9999 -9999 -9999 -9999 -9999 -9999 -9999 -9999 -9999 -9999 -9999 0.446497619480593 0.406435131742344 0.322457668356319 0.209987585186812 0.112121919477809 0.060151840845816 0.064783576397113 0.0982869500973039 0.122302146456808 0.126702608212349 0.123799276542946 0.117932871205146 0.114267765356042 0.104617109139208 0.0572382310327699 0.021646157233982 0.0401429881327149 0.0799845794942795 0.0977643268602122 0.122683016639349 0.178878544468329 0.175025966496862 0.183437439429137 0.227909039578621 0.272317232271537 0.32725549521091 0.373992505098827 0.371771117304738 0.392437785007804 0.424467818980224 0.432408364078546 0.435435496840024 0.434137974593431 0.433771819143206
-9999 -9999 -9999 -9999 -9999 -9999 -9999 -9999 -9999 -9999 -9999 -9999 -9999 -9999 -9999 -9999 -9999 -9999 -9999 -9999 -9999 -9999 0.427622070127832 0.406645844211213 0.358275646198926 0.281955070014786 0.173451194663626 0.0907299924620364 0.0835730424755942 0.103292907951961 0.119384842805342 0.124353120598898 0.120363955514891 0.113715667434073 0.107489064816045 0.0954260303841626 0.0588480589084195 0.0107905179744577 0.00871502568079713 0.0620828772948405 0.0845800920125673 0.100320264195289 0.130351744896895 0.151524476329095 0.192008197047253 0.203042672607057 0.267269951809283 0.330071818861526 0.377191735911326 0.367407205024535 0.384695391143677 0.425112485249989 0.433160067188006 0.436450699939695 0.437455802373792 0.436046447374876
-9999 -9999 -9999 -9999 -9999 -9999 -9999 -9999 -9999 -9999 -9999 -9999 -9999 -9999 -9999 -9999 -9999 -9999 -9999 -9999 -9999 -9999 0.446958530518328 0.426675584767233 0.386173665165437 0.32849651633543 0.215706525765512 0.0801495711544863 0.0411954657446448 0.0904628606300469 0.108233896385847 0.105039770803093 0.117793466160656 0.118917537107385 0.117314135812361 0.103389107362569 0.0501934111249571 0.0128424344896178 0.0384858567036551 0.0552450345435551 0.0498050854826547 0.0836105217946273 0.137585370761677 0.126092545107241 0.164794964902231 0.238298703291045 0.309630373249224 0.352946525362466 0.378018508237963 0.385683743552105 0.401774802732235 0.427686307702107 0.434695516680398 0.438032258320052 0.440374573063063 0.440291069397263
-9999 -9999 -9999 -9999 -9999 -9999 -9999 -9999 -9999 -9999 -9999 -9999 -9999 -9999 -9999 -9999 -9999 -9999 -9999 -9999 -9999 -9999 -9999 0.438234204079976 0.407289051898371 0.361371171548505 0.247552283695572 0.105464941106478 0.0386013364491914 0.071832148310868 0.117714540899153 0.126057386529461 0.122131156064176 0.121480065033491 0.120769512207872 0.104040958558705 0.0599624520170197 0.0497366297633708 0.0855686643580737 0.083125260075233 0.10108309208634 0.134024612439815 0.142731968780058 0.131179458696115 0.159936238943692 0.238286787181837 0.284041225733992 0.351830371753315 0.385546362156866 0.397011125478392 0.415645511773556 0.433977375796723 0.43984915920744 0.443004436438533 0.445774680281926 0.446315637920903
-9999 -9999 -9999 -9999 -9999 -9999 -9999 -9999 -9999 -9999 -9999 -9999 -9999 -9999 -9999 -9999 -9999 -9999 -9999 -9999 -9999 -9999 -9999 0.434500847535268 0.430888499401239 0.402553241583752 0.2870006476022 0.148228989167957 0.0756706674186423 0.0747877881386067 0.119520883258808 0.127223977491228 0.126292270675867 0.125635589009323 0.124541633686534 0.109802766113652 0.0860769398427745 0.089341733421209 0.0943113784862198 0.107842279173295 0.151633997613918 0.15395471987709 0.145546117821418 0.156920328134634 0.214257419267879 0.274423987614677 0.301369005823867 0.36421677414496 0.379160546286456 0.387092852521104 0.414861751953255 0.435025387371885 0.443241378133317 0.448137514274874 0.45160728452671 0.45314399496218
-9999 -9999 -9999 -9999 -9999 -9999 -9999 -9999 -9999 -9999 -9999 -9999 -9999 -9999 -9999 -9999 -9999 -9999 -9999 -9999 -9999 -9999 -9999 0.440566302282714 0.437937800800442 0.420907114164718 0.312530131343271 0.157271637904702 0.0804198611833807 0.0811872772112489 0.121367651083541 0.126615538163473 0.125576129345 0.125555801021729 0.124866257706993 0.111604121999784 0.0974164487973235 0.0874045047974926 0.0824639261415002 0.0878393883859688 0.13686416042961 0.168422702375236 0.142639400532968 0.16309894946294 0.221780751235866 0.308288027075097 0.353715608582221 0.378049656130334 0.375027339418126 0.387397123752453 0.412266050041313 0.438308731609259 0.446861820177176 0.451489895537181 0.455510128264557 0.457574410594535
-9999 -9999 -9999 -9999 -9999 -9999 -9999 -9999 -9999 -9999 -9999 -9999 -9999 -9999 -9999 -9999 -9999 -9999 -9999 -9999 -9999 -9999 -9999 0.443930767791817 0.440692779248504 0.438192808260987 0.356363558017453 0.183359570567844 0.0925350962458903 0.0967841115659699 0.108739639094103 0.123203302925034 0.121910642020398 0.121482196854357 0.125427496543406 0.12232360239685 0.11498100119349 0.0951175138895154 0.0838442283467612 0.103926925527827 0.149782791119152 0.186916309573851 0.168444028298816 0.153852860939753 0.198833769034252 0.28769320067596 0.369227673194851 0.401405465767117 0.391328165697016 0.397087334703009 0.427357729075541 0.446048994979343 0.454633358926063 0.458756842392811 0.461899348943582 0.463738724972428
-9999 -9999 -9999 -9999 -9999 -9999 -9999 -9999 -9999 -9999 -9999 -9999 -9999 -9999 -9999 -9999 -9999 -9999 -9999 -9999 -9999 -9999 -9999 0.451966823396033 0.443195178214449 0.434681477553762 0.383597858008805 0.215430719362686 0.0867204259091428 0.0749193860940399 0.083782919909807 0.110866145318712 0.114061435103434 0.113539012283796 0.122762285379181 0.119528108540003 0.11155843756957 0.0982567683267736 0.0879437804934631 0.119282004145103 0.179031654670142 0.185603700414044 0.183374823995637 0.189111482918707 0.229744693200774 0.322051851756474 0.380414367703578 0.423357048474459 0.41878108166234 0.423746720885768 0.445397158241134 0.457783111272696 0.46322290042209 0.466561829358933 0.468148854570935 0.468901367474329
-9999 -9999 -9999 -9999 -9999 -9999 -9999 -9999 -9999 -9999 -9999 -9999 -9999 -9999 -9999 -9999 -9999 -9999 -9999 -9999 -9999 -9999 -9999 0.449933936514497 0.443861082586993 0.441597090616116 0.398102463301991 0.230907288568125 0.0758955917978242 0.0532382428096005 0.0643938635100614 0.0779344403192872 0.100608172472366 0.109232753193117 0.105207892305929 0.108328820536817 0.104580908200928 0.0822222735104251 0.069733699731139 0.080789546349718 0.119091466882092 0.155265178465741 0.179092264968258 0.18473696657228 0.214888982558978 0.299504927906159 0.351297632681968 0.407457807117887 0.444875087826716 0.454572217500578 0.46430035464619 0.465606916649342 0.470060079574293 0.473292427746305 0.473882063482492 0.47374802884239
-9999 -9999 -9999 -9999 -9999 -9999 -9999 -9999 -9999 -9999 -9999 -9999 -9999 -9999 -9999 -9999 -9999 -9999 -9999 -9999 -9999 -9999 -9999 0.448584899174969 0.450500292413194 0.453277969155698 0.416318613684785 0.270536281847043 0.112146974399702 0.0677783509401715 0.0844805743643211 0.0910135333759255 0.0812468120575435 0.0894243472193009 0.103404506028199 0.108018558021658 0.0967749191005326 0.0732596522591356 0.0639480065141904 0.0809665282388042 0.118547958866202 0.152586710069925 0.168428016861674 0.185113382034911 0.228130822734287 0.277434129126598 0.324354032339531 0.393718663835913 0.433969959624354 0.460594556880806 0.475281552290006 0.475086758527249 0.478347701103064 0.480291187864074 0.479974004196922 0.479527893980307
-9999 -9999 -9999 -9999 -9999 -9999 -9999 -9999 -9999 -9999 -9999 -9999 -9999 -9999 -9999 -9999 -9999 -9999 -9999 -9999 -9999 -9999 -9999 0.447464164563111 0.453982716961059 0.46221159897636 0.430840426814514 0.287979737291547 0.135431953367014 0.104463475323906 0.0831588652881494 0.0413024120792463 0.0300344193921831 0.0609863042658057 0.0914437234431608 0.102292832469323 0.0807838823685445 0.0596332662138007 0.0558970048732025 0.0890342814890828 0.150860620009087 0.17467835514268 0.140204310857288 0.143001482089247 0.239533503081681 0.307243108766087 0.339985454966086 0.382554463721472 0.401704590256207 0.447077821827524 0.475518518536608 0.481044566802594 0.485976102523409 0.485779520312433 0.485206687276239 0.484534443681943
-9999 -9999 -9999 -9999 -9999 -9999 -9999 -9999 -9999 -9999 -9999 -9999 -9999 -9999 -9999 -9999 -9999 -9999 -9999 -9999 -9999 -9999 -9999 0.443664313958457 0.44662204056015 0.446178792023546 0.423462533448386 0.290808852873279 0.148096670301748 0.0902355643106759 0.0573180155169838 0.0627078515887857 0.0415058467614113 0.0358297948289405 0.0794067982054813 0.0908828739784899 0.0644235336330559 0.039471976965634 0.0391727118728526 0.0960981005347026 0.146131204477067 0.144283694707154 0.132644457081925 0.148741811688653 0.252297253732433 0.328724669321764 0.370700479754886 0.396514873367037 0.416144288222803 0.450237176476166 0.476623218626775 0.485591777630836 0.488094660249717 0.487680082902924 0.487145727321663 0.486616575497741
-9999 -9999 -9999 -9999 -9999 -9999 -9999 -9999 -9999 -9999 -9999 -9999 -9999 -9999 -9999 -9999 -9999 -9999 -9999 -9999 -9999 -9999 -9999 0.404176942885177 0.402033310318933 0.406069652595092 0.40259545823728 0.276568902033523 0.153441222481577 0.123759042430293 0.0813934425009087 0.0348494689398116 0.00697286791972009 0.0317821808774758 0.0667527844235229 0.0363921822911124 0.0185934385907599 0.0418242924209367 0.0754034774717724 0.0945052286693451 0.115483830278234 0.133127805259023 0.12909568850801 0.156543086596587 0.245115158626617 0.337197463698905 0.405560251283938 0.40828549051101 0.438404147734983 0.469856036299755 0.485087648951567 0.491277620265714 0.492070485234881 0.491125596119295 0.490167660558198 0.489323715403273
-9999 -9999 -9999 -9999 -9999 -9999 -9999 -9999 -9999 -9999 -9999 -9999 -9999 -9999 -9999 -9999 -9999 -9999 -9999 -9999 -9999 -9999 -9999 0.375430949796669 0.36981389774366 0.399370221694625 0.398713335279451 0.288395905173445 0.172321618896978 0.135353841015262 0.103634331355433 0.0657078494516958 0.0399710158519753 0.0211543368132345 0.0384031597379371 0.030894677442281 0.0155243589594011 0.0379454673964793 0.0868573797594534 0.109234014763791 0.120179035212044 0.119112549094522 0.10040890726357 0.140427872815432 0.261596004526998 0.361116515508306 0.426742593729811 0.444749262729241 0.460512799071516 0.482098020781678 0.490455009121598 0.494855967528552 0.495574753788069 0.494530488918887 0.493156369698757 0.492143886690912
-9999 -9999 -9999 -9999 -9999 -9999 -9999 -9999 -9999 -9999 -9999 -9999 -9999 -9999 -9999 -9999 -9999 -9999 -9999 -9999 -9999 -9999 -9999 0.392724371279601 0.389043060929242 0.397254418090126 0.397086223532118 0.302792913412461 0.225864590094476 0.231543538625067 0.200325769984573 0.13345336808903 0.0560137371849798 8.49323268760764e-05 0.00430419913335369 0.0167200432877872 0.0239691210472495 0.065131962504041 0.0958656108172189 0.104028384530036 0.123277610928235 0.115011936277465 0.0987056206726563 0.129706883907548 0.265773817615182 0.405392699616588 0.442360560320724 0.451568283351767 0.469917552143335 0.490122030154986 0.494340362558062 0.497540625885547 0.497905001291743 0.496834514105379 0.495447542090481 0.494379043870338
-9999 -9999 -9999 -9999 -9999 -9999 -9999 -9999 -9999 -9999 -9999 -9999 -9999 -9999 -9999 -9999 -9999 -9999 -9999 -9999 -9999 -9999 -9999 0.386426691526154 0.378388169429445 0.390887138038882 0.394027159155649 0.32721506101416 0.266257369335916 0.243933733832711 0.182850602235565 0.11063998731123 0.0426154656758206 6.37839246767523e-05 0.00896936916152665 0.00458996065499495 0.00826141230899683 0.0423506543774162 0.0738073813865847 0.100758914787223 0.127692145029573 0.117432674543285 0.118559703535151 0.191546708536856 0.32061531483128 0.430716656331173 0.467482316811763 0.478256410626216 0.483586435432242 0.497642872714495 0.500115156876859 0.501387008682162 0.501104467232052 0.499711098252847 0.497921151723712 0.496685456712571
-9999 -9999 -9999 -9999 -9999 -9999 -9999 -9999 -9999 -9999 -9999 -9999 -9999 -9999 -9999 -9999 -9999 -9999 -9999 -9999 -9999 -9999 -9999 0.407021854759988 0.389764832692816 0.384402717747913 0.386536666986096 0.327600211100797 0.257720414946884 0.224697574849525 0.195939295233141 0.165431180278109 0.0851775899794794 0.00465346456896511 0 0.00412711218537682 0.0136398444806869 0.0344718099364977 0.0500646798447056 0.0865308779872856 0.137736889375253 0.124002734141287 0.155403034173139 0.245025779470066 0.346809516257177 0.447444759607529 0.47247823564692 0.487012922675748 0.4964210252666 0.504485919490966 0.505411638052099 0.505011166416212 0.503811119676116 0.50224348839381 0.500487187323711 0.49892801857276
-9999 -9999 -9999 -9999 -9999 -9999 -9999 -9999 -9999 -9999 -9999 -9999 -9999 -9999 -9999 -9999 -9999 -9999 -9999 -9999 -9999 -9999 -9999 0.419048785013502 0.405323760967957 0.388574357187813 0.379100707063192 0.317082920285817 0.253139523873664 0.233316313699038 0.235221933248399 0.254816277602043 0.161271983459554 0.0314540474395706 0.0124718553732971 0.0228404577675106 0.0214115633081622 0.0262888901219769 0.0291861937033898 0.0796654392980306 0.130434895980778 0.127667956253318 0.0899506123247374 0.118890823371832 0.305215008269507 0.456800277437253 0.4889380013619 0.491821639293081 0.503862652701314 0.508202213195165 0.507941428236797 0.506858289333466 0.505454725753714 0.50392619398476 0.502072301778975 0.500501676374104
-9999 -9999 -9999 -9999 -9999 -9999 -9999 -9999 -9999 -9999 -9999 -9999 -9999 -9999 -9999 -9999 -9999 -9999 -9999 -9999 -9999 -9999 -9999 0.482891774730149 0.409247851460004 0.39010238922626 0.374502549666957 0.324101876092531 0.236657973136378 0.208519629442407 0.25409413790036 0.285046024795295 0.188751408139085 0.040251462732236 0.0100093711115105 0.0297806627254626 0.0530017799896298 0.0628200825801054 0.0647526366389639 0.108665264969073 0.125432708136771 0.118767286625945 0.128194241298742 0.136265976355957 0.280000442914286 0.453418934910055 0.494602017777376 0.502718548874476 0.5081720036846 0.50877950116182 0.508621718871872 0.507732058559819 0.506666028709753 0.505332331799776 0.503542891687401 0.502145770972109
-9999 -9999 -9999 -9999 -9999 -9999 -9999 -9999 -9999 -9999 -9999 -9999 -9999 -9999 -9999 -9999 -9999 -9999 -9999 -9999 -9999 -9999 0.535711379517809 0.48342422254967 0.415748590326055 0.402765553315752 0.372584992013365 0.301421699452596 0.232778850607505 0.230769229222522 0.266773425468265 0.289118421872539 0.207846628450931 0.0754546973663332 0.0286000755866204 0.0373140048114384 0.0713616341384075 0.0829847709670071 0.0880775398185046 0.117418899361717 0.126754079552505 0.128066932332274 0.141866016386611 0.194236341713538 0.314976841804954 0.440868540352 0.500358624930928 0.505297984633184 0.506378633343673 0.509074382251871 0.509374903076927 0.508566444805881 0.50758679834191 0.506537991477459 0.504946060420941 0.503454005615281
-9999 -9999 -9999 -9999 -9999 -9999 -9999 -9999 -9999 -9999 -9999 -9999 -9999 -9999 -9999 -9999 -9999 -9999 -9999 -9999 -9999 -9999 -9999 0.498837992708907 0.450853150141291 0.427004871631228 0.374699280104736 0.313357961252265 0.27713387779008 0.269991940055713 0.27814283856757 0.28990204571865 0.209934139095697 0.0807884695459196 0.0337365699678608 0.0354877005706595 0.0701904598195663 0.0873528562118433 0.0983239802362672 0.137913595681004 0.145452454924235 0.13444764397882 0.179677283429521 0.30872505560887 0.42547595531848 0.478536971256527 0.498858920204131 0.495591697440339 0.500840925673211 0.509544024031136 0.510622467670906 0.509608101676973 0.508718200504082 0.507713878576342 0.506091145532905 0.504667256059181
-9999 -9999 -9999 -9999 -9999 -9999 -9999 -9999 -9999 -9999 -9999 -9999 -9999 -9999 -9999 -9999 -9999 -9999 -9999 -9999 -9999 -9999 -9999 0.482014933395623 0.453170042896209 0.439457900889643 0.392579646460512 0.313374348628467 0.276580806072344 0.271945566504765 0.270788305686748 0.283315873001706 0.211828874303301 0.0660734069133431 0.0112318075882708 0.0391782682646012 0.0720545449050423 0.0883704812452985 0.100684056655006 0.136705340910054 0.133758893647742 0.129177236628144 0.225242520525635 0.364616650858677 0.450886058852093 0.488383322882573 0.483902828691344 0.489938186712107 0.501850250682697 0.510945995151193 0.511411254288116 0.510246946378136 0.509291462032923 0.508250060017084 0.506674734588927 0.505204682834885
-9999 -9999 -9999 -9999 -9999 -9999 -9999 -9999 -9999 -9999 -9999 -9999 -9999 -9999 -9999 -9999 -9999 -9999 -9999 -9999 -9999 -9999 0.494647290539527 0.480895872359678 0.464128068015798 0.463153483601796 0.411863383208773 0.312224019967577 0.254370070077576 0.2393085649654 0.218507776123621 0.224220673817198 0.170296642367267 0.0792643065098922 0.0482760189936694 0.0548167232150079 0.0827649946827641 0.0708057371320316 0.0724952943159136 0.0964163666069939 0.083630884349103 0.130290586401005 0.280398108367308 0.403435011568156 0.461991462354785 0.441750111067172 0.410642967887359 0.470506756745133 0.502771535448695 0.511270344714226 0.512170099151389 0.511232023380539 0.509972234659243 0.508873665553349 0.507470091336181 0.50604447804243
-9999 -9999 -9999 -9999 -9999 -9999 -9999 -9999 -9999 -9999 -9999 -9999 -9999 -9999 -9999 -9999 -9999 -9999 -9999 -9999 -9999 -9999 0.47653287085291 0.453832992851212 0.428313395638393 0.435467225370485 0.402317292858612 0.310131523136296 0.213973129295385 0.179380079761486 0.188276673607217 0.170634435881753 0.0991384691975818 0.0842662154235635 0.101410886805245 0.0698713340468138 0.0516700214999877 0.00669823669828102 0.0319835803202675 0.0786789662666435 0.127550813467313 0.162462651673986 0.282848679842747 0.418794860923992 0.450709022327236 0.43693666644783 0.396644543947603 0.454855591087804 0.503730999867973 0.509934117978416 0.511197510996797 0.510806556681824 0.51001070414417 0.509338189758709 0.508042652282389 0.506778216984552
-9999 -9999 -9999 -9999 -9999 -9999 -9999 -9999 -9999 -9999 -9999 -9999 -9999 -9999 -9999 -9999 -9999 -9999 -9999 -9999 -9999 -9999 0.469964163288889 0.422187099301033 0.384522923743672 0.411482080348186 0.379316224066245 0.270531794862659 0.188321082653652 0.160414160167968 0.129966620567594 0.0941530514557269 0.0584278336616182 0.0926221207256679 0.12994407290014 0.111039542229822 0.0560779028978405 0.0354230333997068 0.0361135145011689 0.0402754587685583 0.127020813295425 0.180613391789978 0.274968635224601 0.431653000596159 0.461076930706434 0.410429029097178 0.393577798719538 0.476542281250395 0.503167110371375 0.508280426635173 0.509736448130277 0.509583705905198 0.50911092990362 0.508827668995401 0.50801407048883 0.507018852338178
