layers/veg/veg5500.asc
NCOLS 255 
NROWS 330 
XLLCORNER -2985163.8955 
YLLCORNER -3022031.214 
CELLSIZE 25000 
NODATA_value -9999 
[rows 175 to 199 of 330, columns 112 to 167 of 255]
0.486242937643822 0.484847619910257 0.483197836563139 0.481354252520575 0.479233950149917 0.47750260824889 0.475822103977271 0.473412279335635 0.471238060820298 0.46936089763058 0.466996026408289 0.464253323617519 0.461825530979492 0.459218685606823 0.456016272998609 0.45324800396011 0.450558748253817 0.447141469277603 0.444042983251118 0.439244627395311 0.427905488240094 0.415388199175571 0.409037695418424 0.405494931706515 0.402160618527934 0.396395636505736 0.390588768160196 0.388743721101297 0.389147458546025 0.386883654632406 0.37595910752415 0.362481005992467 0.356102280911992 0.358438666406341 0.358673907156127 0.347259814422 0.334748699579685 0.324451402870872 0.311877319802988 0.314925391697915 0.320464669557898 0.309602466442237 0.301465309280372 0.294277766350743 0.283857662023648 0.277027480942577 0.291116068880059 0.32236368518368 0.356528462414603 0.379072207559637 0.401191801032447 0.430891268779266 0.471485409704328 0.519644862709641 0.547443150163749 0.546800527163199
0.485393424974045 0.484274123413091 0.482739755370986 0.480862815884319 0.478616534753036 0.476724941545683 0.474945009035034 0.472514032484039 0.470413397208393 0.468579697188757 0.466128405899468 0.46325447597077 0.460827756203444 0.458304600394335 0.455118461385592 0.452567797978266 0.449983032982274 0.445657390475532 0.442448008742298 0.439581516064013 0.431897357254467 0.420405582686333 0.407757838663467 0.402581021649892 0.404251906237781 0.402367072562397 0.396390669533509 0.393531988143615 0.396706177060554 0.390863883539176 0.375307322729857 0.358480429761159 0.348064400856998 0.34737585009757 0.354315490821365 0.35797787145651 0.346185439989845 0.325804995141678 0.3058794523897 0.30514220408179 0.321984047858717 0.314871705036433 0.293370134650135 0.293298757062695 0.281842186830117 0.27937713421951 0.305290932926994 0.352930256861444 0.392613051376185 0.419179342112616 0.45581747915273 0.46054637239247 0.485464812649759 0.536301241487724 0.555529022206519 0.565130340926728
0.484773034434676 0.483676349633986 0.482216452333341 0.480359298093873 0.478039649507316 0.476138189276947 0.474215224720167 0.471736655437629 0.46957949093446 0.467509719685911 0.465119888279541 0.462266065190931 0.459751119170225 0.457264761765455 0.45434831203833 0.451837978565077 0.448401625085541 0.441971033332495 0.438154439685964 0.437611459805563 0.43204790040139 0.422837641395854 0.411468831496783 0.405007730343476 0.406860418494901 0.406790804879989 0.402541320367156 0.399875393560613 0.401331240361243 0.393370680001793 0.377039418549459 0.363216661772401 0.354121585713924 0.350280661693302 0.35575290080784 0.361731033760524 0.353417336349327 0.339287255711307 0.318533382997224 0.305224725227658 0.31644879250476 0.318035059375731 0.305230315276201 0.299853063002227 0.293064208020607 0.291237558691062 0.316003707111456 0.363757688569253 0.392916688427144 0.409113666727934 0.437641799335303 0.452409447761827 0.488719428884528 0.534031840242931 0.555083894500203 0.564132219255851
0.483550704672795 0.482548087447453 0.481163506517289 0.479400091540128 0.477220071389293 0.475171595354322 0.473092251162733 0.470538619734335 0.46824913698577 0.466144894278727 0.463615445067297 0.460754348579742 0.458219344629298 0.455815832790179 0.452928739460335 0.450460310069161 0.445938278245689 0.439084120165954 0.430843519361092 0.427730347171963 0.428599247106091 0.42223411286889 0.411824962970633 0.403804752553695 0.406019627474815 0.408348070904691 0.407510502039675 0.407229171184615 0.407059322970574 0.401538761122852 0.393078931623764 0.389826540953379 0.381059998592668 0.373628497744285 0.371121966502371 0.356015827629903 0.348416668423372 0.340049560752619 0.319286482253065 0.303069616687312 0.304493097511944 0.315566555889877 0.319551934337541 0.317590814226575 0.31974058208996 0.321172052936883 0.339560918925276 0.365560205107568 0.368930344588443 0.383713538416829 0.427384314930376 0.458338316748439 0.490535620791728 0.542076736236822 0.556789089993227 -9999
0.482316019687667 0.48120737444739 0.479864472267893 0.4782426441558 0.47614927084457 0.474066289814083 0.472049543263904 0.469279874980477 0.466545856588212 0.464533649786872 0.462232311883169 0.459140233863591 0.456548610702239 0.454208019024084 0.451209073925282 0.448888160993907 0.445371012532946 0.438979674400162 0.428578378612956 0.423579568701897 0.425925467840625 0.420136902910517 0.410423501706889 0.406412827442013 0.409608961442998 0.41171742892721 0.411410352486147 0.411059433896523 0.411444860830753 0.411404390153413 0.413087879009772 0.411385874438412 0.404981734660576 0.400636310713722 0.392537356492007 0.374883546454978 0.364110673018808 0.357380446653965 0.342138919085569 0.325618954983704 0.316213014640104 0.323804059360055 0.334564963414303 0.334041186941224 0.334398376644263 0.337693443191557 0.342738893770037 0.352250631264207 0.372496164086763 0.409062048859202 0.476540520240683 0.535376369324852 0.549386228317893 0.547598728999295 -9999 -9999
0.481503862340715 0.480291390454546 0.478850247711218 0.477297659574354 0.475515722108345 0.473588259248162 0.471299035125055 0.468507288649097 0.466053393388466 0.463905563013464 0.46122894932681 0.458062202852433 0.455334875844304 0.452732900549923 0.449613398324609 0.447162503897029 0.444202606042168 0.437310187177323 0.430684210745723 0.427710678519446 0.423586152291759 0.411794243836188 0.40368095421272 0.406531060804988 0.40616233884632 0.406197614165678 0.406629801065237 0.411624001862345 0.412811608500233 0.409230085322961 0.410882615722823 0.410045028689618 0.404098744292178 0.405002677434514 0.406059062963709 0.397638694921673 0.390691832486894 0.374020804616359 0.343266324434815 0.321926071996944 0.311634153839164 0.322181657230012 0.341300695742265 0.341788687724144 0.343178299564416 0.351525765242408 0.358306664441682 0.368859572590678 0.383642701597962 0.440609546541619 0.519242087350465 0.544669255300991 0.550869004879446 -9999 -9999 -9999
0.480419917618805 0.479096015296457 0.477594026792478 0.475886480696939 0.474093262226652 0.472228604585377 0.4697811141521 0.466627976183865 0.463938630082991 0.461844124489972 0.459048598740777 0.455888555866748 0.453181473957482 0.450414812957555 0.447113935400955 0.444273107660596 0.441136546887889 0.432820807227039 0.425772162177205 0.422918075710542 0.419556734767989 0.413798930783817 0.40741276301379 0.403631117682381 0.398259170998365 0.402065575637027 0.407231567038235 0.412409169042766 0.411972649832101 0.40488533573975 0.401774247256538 0.400834247949338 0.393651207162216 0.396702593930222 0.405658330772062 0.39610623867525 0.383406109014714 0.371119794982453 0.349465270157828 0.335555545188601 0.333785012444817 0.340905384764213 0.355100878732777 0.359027158859332 0.361711840257826 0.365503724493508 0.371361949626176 0.379479343081072 0.388699565893173 0.445274520864272 0.524897065901279 0.548772298607114 -9999 -9999 -9999 -9999
0.479744891523748 0.47828867172756 0.476612263539026 0.474688310150384 0.472558059358004 0.47064707935506 0.468328035224937 0.465110662695242 0.462350603321059 0.459999493334514 0.456989022494599 0.453735860959733 0.450864518948462 0.447911269267071 0.444282456795268 0.441040396508345 0.43704422204749 0.429614986623581 0.425936926559354 0.426031569050548 0.42242668069628 0.419066005805025 0.414093943753987 0.409327233927952 0.40404685808917 0.396820283359653 0.40060073441926 0.410616979134951 0.409472138861598 0.398313780985519 0.385700965879745 0.381320350744253 0.380456090281481 0.386041217607696 0.400251441775999 0.395628672618112 0.37577768947464 0.363158770564042 0.348387441864901 0.343891831367833 0.354321771728628 0.360119187782962 0.36829379116913 0.37133695190983 0.374933723174919 0.38005484367785 0.387162781209639 0.394635514623451 0.399885273556911 0.465038063621012 0.54789516365803 -9999 -9999 -9999 -9999 -9999
0.478524965862521 0.477039835035351 0.475585347358987 0.473588871508916 0.471399595119059 0.469348100529254 0.466948462542032 0.463713380445145 0.460747556535072 0.458331390611536 0.455243499504553 0.451677591696473 0.448572129785254 0.445483313744205 0.441834031347113 0.438453865410335 0.434386827853553 0.428515346926009 0.425179825494623 0.423678446154702 0.420205359431128 0.415094710581439 0.411020218060277 0.403711469104514 0.392847997725933 0.39349070165346 0.400353530662886 0.407740937244527 0.404732244421238 0.3914759376367 0.38302661886616 0.379395520692986 0.376599889454098 0.378787048788224 0.392232153691098 0.392431902622179 0.377199445846531 0.357234565213591 0.34402328697519 0.344490476913595 0.352576835163975 0.366563719905936 0.371441318009652 0.374311940297757 0.379501461218771 0.384503310967146 0.394380019104173 0.410317124025223 0.430795852395435 0.500401623427131 0.566100511293415 -9999 -9999 -9999 -9999 -9999
0.476468970369 0.47526617661798 0.474524605861746 0.472424669605873 0.469827711855609 0.467444301544301 0.464956588214775 0.461644767019314 0.458444998307069 0.45578319045065 0.452612950504981 0.44867443152071 0.445439482785698 0.442151377885111 0.437716516588107 0.433674339305719 0.429981857247609 0.425075065671989 0.419400244449393 0.416499938420265 0.41556826496891 0.412239282252179 0.406702062401713 0.397561116022202 0.392836731313208 0.396638851509262 0.402336108988863 0.399140957333819 0.38800463291997 0.381013703047645 0.380486114520999 0.388332028690498 0.392086730719765 0.394677654810794 0.397314689681148 0.389717933036582 0.374042028094131 0.352361560204265 0.329690254810547 0.326461492532097 0.335502579009797 0.342661515947527 0.350794362090348 0.364205859284631 0.386278015179123 0.393183343553769 0.401866665776656 0.439853856234235 0.492888078487731 0.538461820891611 0.55850160211547 -9999 -9999 -9999 -9999 -9999
0.476090857910878 0.475039234098802 0.473899571907329 0.471361264492574 0.468281043009878 0.465713069128085 0.463033684356922 0.459462110173927 0.456167351224689 0.453491385716011 0.450049313547568 0.445809028751687 0.442167901687513 0.438355378605236 0.433292348367434 0.428886182789169 0.42488181246552 0.419381002690815 0.41205103352688 0.407819597029999 0.407905867830681 0.405312764993556 0.397693029392369 0.392800340118418 0.393952570446158 0.395353183475685 0.393035988886514 0.382411018727135 0.374023075174818 0.376689875355465 0.386720141477956 0.39422973123924 0.39236206757254 0.396534897144639 0.405168588942861 0.392745883273113 0.37325284160032 0.354483292294742 0.332590743197687 0.319405571959992 0.328758661395276 0.330943637370138 0.332206775695243 0.355281937693138 0.390044536424184 0.41550470719378 0.422253750942671 0.463486391136718 0.518809201115632 0.540866489638375 0.555156030873893 -9999 -9999 -9999 -9999 -9999
0.475138884072502 0.474594822390886 0.473303086248034 0.47065035560053 0.467330503597657 0.464526794099885 0.461725374697749 0.457759320003627 0.454238304912685 0.451538485603445 0.44800103420346 0.443518013459003 0.439635934384776 0.435355078674499 0.429710549679179 0.425161530502766 0.421026998709149 0.416101999614327 0.411469205461408 0.406698696877694 0.403148797933572 0.400380104508169 0.392784391398717 0.388801201474444 0.390966195337815 0.387575687546376 0.373928598036525 0.36055530098392 0.368933059129792 0.38238346053414 0.388509844643032 0.391397199631276 0.390280951570859 0.400104575774542 0.398390494783656 0.383523899222666 0.377348600961583 0.358506314958404 0.339591432896299 0.337761334745678 0.346966901604602 0.343812362025504 0.339701035777569 0.345239425968152 0.376032443012549 0.419488231360509 0.441836756559861 0.47824853893985 0.517501229233227 0.534054390590745 0.548789250646408 -9999 -9999 -9999 -9999 -9999
0.473661304246445 0.473716666699575 0.472157397847914 0.469224565479506 0.465694030264356 0.462593392119867 0.459382985871629 0.455153113244801 0.451337879103224 0.448287829365963 0.444563248999146 0.439833777953362 0.435221346296001 0.430308275952228 0.424436696514578 0.4197305698175 0.415240297574838 0.409815304500596 0.405337899497193 0.401107699241377 0.396476999543635 0.393034585955165 0.388397162128507 0.383285823228151 0.380827922889091 0.372476295049815 0.363192264826119 0.366312387532914 0.373987077112826 0.379385562732553 0.382060403048939 0.384151842843891 0.387496598770415 0.389109408241173 0.385405792841778 0.380948625667815 0.378117500995696 0.368480565065375 0.357503611629468 0.352171337954937 0.345367123993225 0.343758537253765 0.346217150810471 0.35486957809245 0.394800440363459 0.432198130856986 0.450617937650703 0.475417785220583 0.507783902815383 0.533254318874916 0.536410267676665 -9999 -9999 -9999 -9999 -9999
0.473489789933549 0.473902365356561 0.471357215254707 0.468165142029078 0.464326338519917 0.461027098592689 0.457439092913112 0.452713214888625 0.448661792310343 0.445281658074061 0.441350728908407 0.436116299164958 0.430423659247904 0.424902769747487 0.418631035275901 0.413344368388273 0.408315250870117 0.402383043043571 0.397893592837717 0.393746377786192 0.38827258072221 0.383328541232916 0.378527112889689 0.369239816098211 0.360493710832163 0.358575311557473 0.364196959602022 0.372343405462835 0.373305473505688 0.370697542955564 0.366469324183952 0.36618252170216 0.372710053302827 0.3685640196253 0.353003775993562 0.352886212607659 0.360384487898346 0.369757519432153 0.364009464507089 0.348582101660795 0.338096543917781 0.340504393045118 0.345574376832962 0.345568508092976 0.375153148260272 0.418370795896039 0.43891784095183 0.459522055716513 0.496600164584607 0.523812461143767 0.528403595444859 -9999 -9999 -9999 -9999 -9999
0.472845584759128 0.472746138619744 0.470177713399687 0.466916354238163 0.462937259638627 0.459382188831081 0.455678080206479 0.450857896772135 0.446516361106978 0.442849239456013 0.438720697942966 0.432916173560014 0.426816659946827 0.421286815404579 0.414558286469928 0.408756775186276 0.40341385664637 0.397196882632083 0.391992308360001 0.38728719579206 0.381329625031535 0.375832548370807 0.37045419025171 0.362985757813498 0.355008282597912 0.351021030796497 0.353842380353994 0.360460503287152 0.364018622156395 0.360307322009847 0.354498913121076 0.350448113367042 0.356781969443236 0.35879664135739 0.345583372908921 0.343073173478602 0.345440470129289 0.351816676583782 0.358244974250579 0.347682884681767 0.333266842664004 0.332974139302223 0.337415055886583 0.34354716454076 0.358488324812276 0.388423559649813 0.422451115280774 0.447741602636438 0.475316158921377 0.499216226272781 0.511617333436462 -9999 -9999 -9999 -9999 -9999
0.473705066627267 0.471357488165833 0.468893426098419 0.465453474646185 0.461067378345319 0.457123844584131 0.453155778085223 0.448019466628136 0.443411464581686 0.439697698219928 0.435257262940193 0.428762188764408 0.421948012987708 0.415707145972087 0.408474764973828 0.402394937405204 0.396513997174716 0.38950871798625 0.3836777312636 0.378020239548555 0.371381222386241 0.365233130872944 0.358530762788712 0.353335737702772 0.351740275295208 0.350493287553972 0.346093905160989 0.340748673939669 0.340092202281045 0.340844296873867 0.336924940297454 0.331118765579172 0.338972565374647 0.345047539525859 0.335276383423728 0.327091264064348 0.326947168509426 0.336723899104484 0.333243549969379 0.322356090146033 0.317521610952191 0.312300957778057 0.313963673784424 0.318019938325185 0.331728044648521 0.348130399444506 0.372679191530273 0.408543364026612 0.440306934694376 0.476114788396809 0.496344579114367 -9999 -9999 -9999 -9999 -9999
0.473134701153628 0.470114118358943 0.467045538977491 0.463572685204912 0.459059602638724 0.45499641484014 0.450711926540202 0.445146279051039 0.440285108670549 0.436276007648605 0.431484780929794 0.424317442217289 0.416844103291498 0.410349769436834 0.402636403586715 0.395950934312515 0.389650411659116 0.381989424372331 0.375160257810694 0.368490523922998 0.36058868511779 0.353411485812982 0.348056364535284 0.345924200358757 0.343329716191135 0.338155105934733 0.332942358326459 0.327544291810938 0.32487019461298 0.324943080494569 0.326657040249753 0.324861342346224 0.323293715592977 0.328186384871981 0.324849604079679 0.31700597044223 0.321055264276977 0.325560126187605 0.314702926488033 0.303068200678972 0.296970331535471 0.293437979937754 0.286016291074504 0.279571590626478 0.272357861533877 0.281530535628811 0.315734735460716 0.358356535598903 0.38359150306883 0.419959917965642 0.471314020691242 -9999 -9999 -9999 -9999 -9999
0.471375551682449 0.468403653558004 0.465391165919351 0.46197778864178 0.45747507629988 0.45327737058479 0.448827130607614 0.442972690590079 0.437971714070564 0.434051395278542 0.428693517009262 0.420871304536173 0.413598494782966 0.407232602939974 0.399100966141282 0.392246886722746 0.385455864092021 0.376537703738384 0.368730318219129 0.361424705585684 0.352614348935751 0.345485915802075 0.341067755764651 0.336874214319365 0.331133518932111 0.324831971325588 0.321146799533737 0.321245893886119 0.32413125208662 0.325470508667634 0.32389307139732 0.320213566471328 0.318108380796025 0.320665091135847 0.320541210246428 0.311883922813873 0.304129356250545 0.300794308936516 0.298112453443054 0.293843700919347 0.285560273387639 0.277704949816734 0.271293852377654 0.268637413822501 0.256491132454353 0.240448624892008 0.283586284730302 0.369938641167553 0.401257474285211 0.428401276293655 0.458484085194532 -9999 -9999 -9999 -9999 -9999
0.46926718909471 0.466211629945793 0.463104021952735 0.459659445403662 0.455099832687034 0.450793901554343 0.446010074593829 0.439939256628346 0.435032002306132 0.431123398125103 0.425294244946804 0.416577496028008 0.408936482635185 0.402409275960646 0.393799692936527 0.386041098389655 0.377948772766001 0.367921245162673 0.359357368699159 0.351018900431623 0.341364429011455 0.333377999472915 0.326327894512697 0.319083698491469 0.313696155792437 0.308763703772736 0.305329536006473 0.304595931859798 0.304196225273808 0.306218114790554 0.308365756786531 0.30795751116236 0.31173421197498 0.315967677051195 0.314970490942093 0.31215399944754 0.308783538221533 0.301220407422336 0.291344106603468 0.284539536093483 0.270567584465398 0.257415774541761 0.251237374837892 0.245253017318728 0.231803899451067 0.215545032049811 0.266855701286563 0.360054399633286 0.40018444156954 0.427847180919157 0.446470930500156 -9999 -9999 -9999 -9999 -9999
0.467459771619189 0.464261828912087 0.461083621447556 0.457479492730742 0.452851497076985 0.448498243216344 0.443464539676135 0.437176503805087 0.432446591351649 0.428762756128758 0.422351495975591 0.412590566633622 0.404776341030104 0.398116902688215 0.388019972085877 0.378945823629484 0.370094888962773 0.35956598683479 0.350768625932145 0.341493371919994 0.330469268746154 0.321043882051192 0.311241770719911 0.301807048773787 0.293901196735913 0.287271874583536 0.286560093403092 0.286950604143809 0.285259768376342 0.287005478650352 0.292936524930071 0.297743035588816 0.306036404214023 0.312187916558168 0.30528402123658 0.298749949762279 0.304629178563354 0.302949758475812 0.290903155241752 0.278362950424279 0.260632601148013 0.242842549297756 0.229465230611368 0.21996724262009 0.212550845665237 0.217724260562604 0.27526623556969 0.356850555473381 0.393744575566774 0.405612389997906 -9999 -9999 -9999 -9999 -9999 -9999
0.466345416598841 0.462910973870523 0.459653054886572 0.455947193664417 0.451259821040309 0.446715252304426 0.441534974391537 0.435562778400764 0.431065553020635 0.427113834463732 0.419935996179806 0.410463496018953 0.403183321194817 0.394881957249718 0.383270743159239 0.374437109644175 0.366563698934135 0.355191211085228 0.345058438860113 0.33551043135575 0.323152296003077 0.311780017582831 0.300946926723606 0.287074857997917 0.275092485245828 0.269185138862833 0.265301797118101 0.266708756212284 0.268786893262936 0.272886106497292 0.283250998174448 0.292044385377362 0.301395781247145 0.302171206665426 0.29502257908189 0.286727751384273 0.288950030686451 0.297793438836124 0.297421615744904 0.280585681899989 0.261298315288199 0.249730138287819 0.230263150890374 0.213197827274325 0.23780729168453 0.295281554449475 0.332651557064307 0.364894313167769 0.380026811601668 -9999 -9999 -9999 -9999 -9999 -9999 -9999
0.464758164863548 0.461017552180332 0.457633608253608 0.453979289847532 0.449221392076635 0.444430417268003 0.439185412693356 0.433404041786751 0.428769821303781 0.424361486730116 0.416808586579767 0.407549157085591 0.399567533632229 0.389439988287699 0.377355515327086 0.368882759413167 0.361138220861914 0.349055894630667 0.338330549472549 0.327456037957176 0.312586225273999 0.299562272438281 0.286145854172489 0.26995928793122 0.257655909911113 0.24753032635038 0.244694622296547 0.251060834875798 0.255544048606204 0.262252142805857 0.26935398864006 0.281401138925664 0.297975241047081 0.29537686499798 0.289999170159889 0.297030141444268 0.302902764477175 0.307156626041292 0.303369122539559 0.281783768150377 0.248257481868736 0.223325946161907 0.214798520080482 0.213463522962916 0.255040671568765 0.319418888991759 0.339090002712223 0.345839828981214 -9999 -9999 -9999 -9999 -9999 -9999 -9999 -9999
0.462902034388772 0.459251416620616 0.455988803882555 0.452233974578689 0.447253923621022 0.442230456213503 0.437062206731725 0.431811670351477 0.427138756778443 0.421886972289649 0.414572277834432 0.405259759956717 0.396011066742338 0.385592729612724 0.374836027476757 0.366195287237233 0.356540350584419 0.343939290283222 0.333072718576162 0.321491979633397 0.305374294194494 0.290062772151219 0.27577507554429 0.257612361298269 0.239370775236208 0.229514695430637 0.237724692772719 0.248362865791457 0.250579756051604 0.259847765476347 0.263682509611898 0.276563461860611 0.290032244995184 0.289462767345715 0.28935797374697 0.306706613298738 0.330822188447236 0.32498164439235 0.305536968236305 0.283118762806627 0.255826634948273 0.220511594665305 0.199293482213502 0.2161944596993 0.276391788296979 0.320893572347341 -9999 -9999 -9999 -9999 -9999 -9999 -9999 -9999 -9999 -9999
0.461052271191354 0.45802022030992 0.454830806954541 0.451025001260641 0.445925263516473 0.440871436554319 0.435966088699434 0.430801663429448 0.425821218821512 0.420279146035082 0.412917484796502 0.403406036898907 0.393664476227531 0.383156520321145 0.37287594149878 0.364942673002994 0.355152688809202 0.34237945910304 0.330846604522254 0.317342499855683 0.300129910135649 0.285596907173401 0.27070411046157 0.252044587722563 0.236436264791565 0.2331000976504 0.242814676224636 0.254925825551681 0.264316831405146 0.271360420854909 0.273041633530853 0.287656624360503 0.294746959024015 0.284776439042036 0.307136146474365 0.331477217819883 0.341982047756823 0.341085501698289 0.334116039031118 0.320378594628619 0.290357196793891 0.242420303236667 0.204491205809196 0.223609596528244 0.284324724511541 0.320546461437769 -9999 -9999 -9999 -9999 -9999 -9999 -9999 -9999 -9999 -9999
0.458686956382829 0.455613317864192 0.452830919182856 0.449189497221867 0.444186689075215 0.439159646904639 0.434538293494361 0.429430065861629 0.423838692184781 0.418071346634328 0.410641591707735 0.40058550290684 0.390821387420253 0.381298575930643 0.370626818653828 0.362513120146812 0.353367506506707 0.339613187782228 0.326443170997087 0.312142945327568 0.295115099531157 0.28122615192816 0.268415782359784 0.252289501019178 0.239978741125151 0.239338964893775 0.246968925541361 0.25522861805252 0.265858899220492 0.27948854165607 0.289575892220708 0.301090481142334 0.309014535005004 0.312583595468855 0.323280675703757 0.333305923581207 0.340998476785949 0.344323835809979 0.339694118205537 0.329071180817953 0.309656316733189 0.286463180270719 0.2682785491699 0.274276955147269 0.298870311758533 -9999 -9999 -9999 -9999 -9999 -9999 -9999 -9999 -9999 -9999 -9999
