layers/veg/veg5400.asc
NCOLS 255 
NROWS 330 
XLLCORNER -2985163.8955 
YLLCORNER -3022031.214 
CELLSIZE 25000 
NODATA_value -9999 
[rows 175 to 199 of 330, columns 56 to 111 of 255]
-9999 -9999 -9999 -9999 -9999 -9999 -9999 -9999 -9999 -9999 -9999 -9999 -9999 -9999 -9999 -9999 -9999 -9999 -9999 -9999 -9999 -9999 0.484028281093495 0.400308461458376 0.323262583949983 0.36308963030745 0.363562021979822 0.273468828334119 0.205434222147483 0.167912488088819 0.102981829327705 0.0935950535029428 0.101354005011946 0.1334831965311 0.152645542441725 0.128609311716042 0.106540729176015 0.101120620887529 0.0808647112357531 0.0958741366710177 0.181168965852147 0.26970888975442 0.375357562055936 0.455966199117351 0.45846408956504 0.438523735768974 0.469093075548541 0.507379805083719 0.52308030106618 0.528814406883364 0.530828334898913 0.531772852509059 0.532199025229535 0.532717055873757 0.532906485181497 0.532667383861579
-9999 -9999 -9999 -9999 -9999 -9999 -9999 -9999 -9999 -9999 -9999 -9999 -9999 -9999 -9999 -9999 -9999 -9999 -9999 -9999 -9999 -9999 -9999 0.420013136486925 0.322466733625473 0.326293491690984 0.313206074556398 0.228874241513462 0.171804228362327 0.133062883228117 0.0853745291372682 0.113680208825695 0.13145962890578 0.161598383922477 0.151547879085521 0.115385488944966 0.0914214794445123 0.0664662881491897 0.053470483270757 0.153719698196168 0.213147281013002 0.269030672437825 0.413575410604542 0.442659110163683 0.45035996275868 0.457221203269793 0.491603756134014 0.512919195472691 0.522817679435121 0.526748306079073 0.528731307108039 0.530135559291523 0.530743223692924 0.531426961575975 0.531819752617057 0.531665554877666
-9999 -9999 -9999 -9999 -9999 -9999 -9999 -9999 -9999 -9999 -9999 -9999 -9999 -9999 -9999 -9999 -9999 -9999 -9999 -9999 -9999 -9999 -9999 0.341246647951304 0.328660088373441 0.320317260384609 0.297403699463386 0.221269443429956 0.157174846226425 0.12619685673729 0.0829952247471081 0.073026539059602 0.0898352382477853 0.135240238048987 0.153335039658937 0.128125702425462 0.0987069744693205 0.0642296560644033 0.0697504997794427 0.181446267943035 0.187993887308303 0.234427754576471 0.411924178615088 0.441726618402352 0.449812139321757 0.46312779455615 0.500886426054035 0.515025430490865 0.522828128019112 0.526172960461217 0.528163248032684 0.529538565339988 0.530210266184779 0.530863072013281 0.531189829576879 0.531065443663944
-9999 -9999 -9999 -9999 -9999 -9999 -9999 -9999 -9999 -9999 -9999 -9999 -9999 -9999 -9999 -9999 -9999 -9999 -9999 -9999 -9999 -9999 -9999 0.386006392443637 0.368016792085388 0.349222055439121 0.295669242349874 0.178052522975203 0.105168072763363 0.10611762117758 0.0621586999289307 0.0479402509296529 0.0658739673579335 0.0717169601462196 0.120822948724958 0.134499293329784 0.0902530203921937 0.0661695756626502 0.118606409373853 0.227374175282668 0.238622263847732 0.30196385962112 0.396883397400567 0.413893475182031 0.446952233427365 0.487281955801068 0.503123804167863 0.512054088403038 0.523526845883097 0.526101258736916 0.527705823072556 0.528881629824224 0.529395702302411 0.529883364366074 0.529960482692449 0.529759451990171
-9999 -9999 -9999 -9999 -9999 -9999 -9999 -9999 -9999 -9999 -9999 -9999 -9999 -9999 -9999 -9999 -9999 -9999 -9999 -9999 -9999 -9999 -9999 0.435197685931595 0.405772552436405 0.36899698614303 0.324006621075243 0.225148195519024 0.120517753047868 0.0840703271158815 0.0796316190164376 0.0590843834132644 0.0419893992275196 0.0650655810488582 0.0968837841977784 0.0787943374926717 0.0676853859039235 0.0859427851807895 0.16341310112854 0.25354725898837 0.287375834990501 0.32041594701979 0.361993240058037 0.381451597204876 0.440987955823962 0.486657031664148 0.492233035167835 0.510155783862608 0.52456677411251 0.527050839791962 0.527926537066456 0.52856788130286 0.52877406115541 0.529010350683847 0.528885168305064 0.528514815379572
-9999 -9999 -9999 -9999 -9999 -9999 -9999 -9999 -9999 -9999 -9999 -9999 -9999 -9999 -9999 -9999 -9999 -9999 -9999 -9999 -9999 -9999 -9999 0.490681655305319 0.435753984418073 0.387698673135196 0.318170118634529 0.216150319453203 0.117372823632207 0.0851477075594717 0.0872564471424409 0.068229230496742 0.0600614613663375 0.107965645695448 0.10148035091454 0.0363105942319868 0.0484370258429416 0.049785170223599 0.111789222071265 0.245222316613493 0.310300465389506 0.328953227226797 0.361152683095888 0.416628431367242 0.463906034876729 0.489312173587994 0.502926631320429 0.514926905866864 0.526009788316836 0.52812877177859 0.52847371605198 0.528611850716932 0.528524528694921 0.528524083595313 0.528251073369713 0.527729116131622
-9999 -9999 -9999 -9999 -9999 -9999 -9999 -9999 -9999 -9999 -9999 -9999 -9999 -9999 -9999 -9999 -9999 -9999 -9999 -9999 -9999 -9999 -9999 0.491643396951228 0.437337907649088 0.397516320777928 0.338373088512726 0.225942008396997 0.126067348192898 0.0971645446765527 0.074868473015128 0.0576731248176003 0.0902155143172586 0.118303930870511 0.109240697645459 0.0789377926449613 0.0319838793313253 0.0231185219522997 0.088287707646593 0.169877798208838 0.272838673110241 0.345390373577294 0.373636737490514 0.439681571333284 0.444525710239369 0.469463137289571 0.507975339751937 0.518839712312494 0.526477274879696 0.528912528887827 0.528842733235903 0.528481544100175 0.528088392012022 0.527895049801459 0.527357664034786 0.526560956039809
-9999 -9999 -9999 -9999 -9999 -9999 -9999 -9999 -9999 -9999 -9999 -9999 -9999 -9999 -9999 -9999 -9999 -9999 -9999 -9999 -9999 -9999 -9999 0.470812496081362 0.466483048272479 0.439669022435319 0.368219003017727 0.236116079876497 0.138925469326969 0.0809628808190705 0.0216353247809886 0.0146225329494314 0.0523750312358329 0.098369876115762 0.12202327730113 0.134147950652517 0.0771540248048297 0.042607800183799 0.0435640036952218 0.0789526260955221 0.227234678217763 0.346878084274289 0.394126092441599 0.428836798962382 0.414519960708672 0.476611414131592 0.511906805914753 0.522614489756702 0.528503746217185 0.530379266979621 0.529798817301504 0.52892818632331 0.528139433881527 0.527507888645766 0.526629440882911 0.525644107765803
-9999 -9999 -9999 -9999 -9999 -9999 -9999 -9999 -9999 -9999 -9999 -9999 -9999 -9999 -9999 -9999 -9999 -9999 -9999 -9999 -9999 -9999 -9999 0.469712504828426 0.460561260738763 0.440144854007383 0.369656426226122 0.244063766589746 0.163776411167181 0.104518698008491 0.0404011675575036 0.0220164189893863 0.0480177289967666 0.096389488754065 0.124755337259787 0.142319549206231 0.0967426985287053 0.0839039343393241 0.0638708665618693 0.0763684410113463 0.228231300102133 0.336286582802249 0.380204536160226 0.444615404964646 0.426221678817079 0.467529504282841 0.513190861242103 0.523096540889124 0.5288217312159 0.530422920284385 0.529741844709197 0.528668276518302 0.527628335915125 0.526746759904317 0.525709434344005 0.524475264436482
-9999 -9999 -9999 -9999 -9999 -9999 -9999 -9999 -9999 -9999 -9999 -9999 -9999 -9999 -9999 -9999 -9999 -9999 -9999 -9999 -9999 -9999 -9999 0.473365959174734 0.466658203345519 0.443527102618409 0.364522437793005 0.225281594118252 0.148141168355325 0.0875514901866897 0.013562856749192 0 0.0146443350938389 0.0686087872147209 0.151407147645289 0.151632755240669 0.133068893584027 0.148081709340404 0.128839915651469 0.156810147073495 0.247153352171265 0.289085443838726 0.342297851519961 0.460978529925636 0.476312452390282 0.503369536228651 0.519868437358885 0.527076020615684 0.530262096567704 0.530717420838929 0.530042342222065 0.52868728944005 0.527331147891572 0.525964944457768 0.524179637065944 0.522431594273244
-9999 -9999 -9999 -9999 -9999 -9999 -9999 -9999 -9999 -9999 -9999 -9999 -9999 -9999 -9999 -9999 -9999 -9999 -9999 -9999 -9999 -9999 -9999 0.490528082496927 0.423302184922492 0.396258162725122 0.335186880767112 0.183640494763124 0.102198053370023 0.081561894887783 0.0379421791638169 0.00799642245503691 0.000442436347169844 0.0474916327542872 0.0935709584818796 0.10568361474351 0.138345980333553 0.142595983837275 0.162930252595252 0.223022218632206 0.211285078684554 0.248271050303238 0.396290629312854 0.490888999289922 0.509462541617513 0.516101621182278 0.524606367679656 0.529393504437016 0.531634053162419 0.531206442633074 0.530037611325094 0.528532800851048 0.527101200489127 0.525551212851119 0.522567067550442 0.520349441778396
-9999 -9999 -9999 -9999 -9999 -9999 -9999 -9999 -9999 -9999 -9999 -9999 -9999 -9999 -9999 -9999 -9999 -9999 -9999 -9999 -9999 -9999 0.521502875693548 0.484647482985482 0.42441618610314 0.3721689555756 0.288566962606945 0.188662894956438 0.116109650862089 0.0690139030714232 0.025712380482014 0.0191998869954751 0.0432141486063694 0.131648469862534 0.125182703939098 0.0600788654755475 0.144893173981231 0.228191801433203 0.256045819392172 0.272298650264775 0.188756557497433 0.227616064791111 0.452749504872824 0.514788786530397 0.513940463003506 0.517050127512469 0.523470495966286 0.528568541855401 0.532413933415125 0.531630304716333 0.530209270226137 0.52853963708578 0.526964108805181 0.525068918553952 0.521691995704611 0.518969174345614
-9999 -9999 -9999 -9999 -9999 -9999 -9999 -9999 -9999 -9999 -9999 -9999 -9999 -9999 -9999 -9999 -9999 -9999 -9999 -9999 -9999 -9999 0.520999882202479 0.482714516767773 0.419550547872389 0.378731813990111 0.323261771798821 0.207951844321154 0.102672921951504 0.0491496243400349 0 0 0.012174985152877 0.151250810778171 0.238342887497349 0.18207775852218 0.22512001410207 0.30032797344112 0.27367611958471 0.226305463986339 0.192257939199346 0.327067410459715 0.494349448785467 0.516997787333562 0.516818158655126 0.518048941114265 0.521527581670817 0.526504311655682 0.531689479637542 0.531126966123009 0.529724497618305 0.527838565256127 0.525846442467237 0.523731990409313 0.520393696258018 0.517011079570791
-9999 -9999 -9999 -9999 -9999 -9999 -9999 -9999 -9999 -9999 -9999 -9999 -9999 -9999 -9999 -9999 -9999 -9999 -9999 -9999 -9999 -9999 0.530756735877079 0.515631121136014 0.48137930732328 0.434595602729798 0.323742643070767 0.18718292387949 0.0847370262980589 0.0210697708704716 0.00290709709671957 0 0.0276506878804494 0.182231151710919 0.31417512730291 0.276892883711053 0.263147068449542 0.339683064044438 0.336385276749395 0.337678291324367 0.324443803734817 0.39816012884321 0.499194185257519 0.517643755715348 0.51912117939972 0.518418570201482 0.520421862337494 0.52630410539141 0.530317196590381 0.530761948520947 0.529556819660523 0.527360244095353 0.525243597922418 0.522852439350369 0.518640642363462 0.514897609036447
-9999 -9999 -9999 -9999 -9999 -9999 -9999 -9999 -9999 -9999 -9999 -9999 -9999 -9999 -9999 -9999 -9999 -9999 -9999 -9999 -9999 -9999 0.535676356180847 0.506945620047374 0.465846957308071 0.411446013797166 0.301094052890074 0.177088125305525 0.0939588286870078 0.0312684342160863 0.00420351061584159 0.00513227534920952 0.0195920527848697 0.158020427559372 0.310774127970717 0.296336585320492 0.29074351481145 0.340754790406031 0.365219901036583 0.394511782732347 0.358069407554918 0.390915980285161 0.491387562390424 0.515429868581404 0.514386088232786 0.51111168275074 0.516308233494031 0.525339024543115 0.528917343234641 0.529581028945666 0.52853573879056 0.526482187375361 0.524363810140587 0.521874562299719 0.517845996063018 0.514291553224253
-9999 -9999 -9999 -9999 -9999 -9999 -9999 -9999 -9999 -9999 -9999 -9999 -9999 -9999 -9999 -9999 -9999 -9999 -9999 -9999 -9999 0.532620654580117 0.530822258804354 0.491854579267689 0.439838508344305 0.388332991363478 0.290563207914076 0.172706734398589 0.0799996056613616 0 0 0.0249492192614254 0.0677719720395713 0.181047443331995 0.29355754150197 0.343764725628524 0.385539013527259 0.431759220717642 0.445408578331843 0.452934352292623 0.366976936080178 0.339298481067948 0.462295354044948 0.504634410428999 0.500034904245408 0.497894955661144 0.51060956268309 0.522541263483248 0.527696460148599 0.52803614831686 0.527337371633463 0.525748553069785 0.523566565925197 0.520965087087423 0.518626076679344 0.516834081599065
-9999 -9999 -9999 -9999 -9999 -9999 -9999 -9999 -9999 -9999 -9999 -9999 -9999 -9999 -9999 -9999 -9999 -9999 -9999 -9999 -9999 0.507412190173235 0.512098303981971 0.489620653104986 0.422988118681371 0.353887746736144 0.278535775753007 0.178097684599349 0.0849640723795614 0 0.0049133943517407 0.0708876300276239 0.0971977517795503 0.164113499035337 0.286240693839633 0.378304722767338 0.396177046157716 0.44039667032548 0.45271003422446 0.451490999061776 0.330213451571044 0.292586721056168 0.44471360096859 0.485984702775446 0.487486267362202 0.496020340649368 0.514138319412522 0.523358114966822 0.527099035633384 0.527186159363808 0.526406451757241 0.524568852900957 0.522567475705973 0.520391655837117 0.5181582055425 0.515950705034891
-9999 -9999 -9999 -9999 -9999 -9999 -9999 -9999 -9999 -9999 -9999 -9999 -9999 -9999 -9999 -9999 -9999 -9999 -9999 -9999 -9999 0.497295280402872 0.495099532325306 0.469174827667958 0.387950681137098 0.299323185223601 0.244731338551786 0.148158277875863 0.0608091639103803 0.0471303933995647 0.0685700714219042 0.126019320610096 0.153684864628792 0.16239614813232 0.241426571985521 0.389998802520812 0.416897921604925 0.437306671425241 0.453301358271615 0.445309691292254 0.30235397546289 0.260350853363747 0.41015910526939 0.453564202169958 0.488958615449149 0.501568733049709 0.517870663185024 0.525362457002053 0.527171282763026 0.526640051748626 0.525704874569293 0.523817248358275 0.521656003000173 0.518977459867991 0.515977999531011 0.513582205590396
-9999 -9999 -9999 -9999 -9999 -9999 -9999 -9999 -9999 -9999 -9999 -9999 -9999 -9999 -9999 -9999 -9999 -9999 -9999 -9999 -9999 0.506395088396418 0.495615413678763 0.44960560218382 0.378877543618321 0.269435910681472 0.145510890170855 0.0714163423495037 0.0554136794097228 0.0598233187175029 0.11156030089318 0.196551830728853 0.240197026347792 0.196323432091092 0.211866317847076 0.359218738058358 0.36469457290472 0.386234447188847 0.445781501948352 0.417465474778168 0.327045275753177 0.342349256028737 0.437370836117286 0.468380288207517 0.497962976565237 0.506401005493508 0.518156018838947 0.525214031762408 0.525953905884908 0.525167659366401 0.52418075702464 0.522262870842568 0.520126554459009 0.517569683144103 0.514093392927622 0.510940489298523
-9999 -9999 -9999 -9999 -9999 -9999 -9999 -9999 -9999 -9999 -9999 -9999 -9999 -9999 -9999 -9999 -9999 -9999 -9999 -9999 -9999 0.473755139654312 0.47790476190908 0.421792948778881 0.34129697849214 0.240662985546543 0.105077465769698 0.0403548924312036 0.0496809946722521 0.06403871125817 0.144754526242998 0.247617474363412 0.293004592902839 0.222573151617704 0.191752406162329 0.322261549998071 0.290196941116123 0.313525666097998 0.428337514025209 0.400737836521447 0.403579285401023 0.454568980188141 0.450565324472493 0.480666721533027 0.5035586652112 0.509596297509472 0.518859870896003 0.524695029469702 0.52446625959824 0.523283773294559 0.522412551758197 0.520653145496052 0.518459536202181 0.5159531059272 0.512259670238262 0.508780327044677
-9999 -9999 -9999 -9999 -9999 -9999 -9999 -9999 -9999 -9999 -9999 -9999 -9999 -9999 -9999 -9999 -9999 -9999 -9999 -9999 -9999 0.462841090725173 0.433140473224895 0.409752064258341 0.316631036830601 0.202541334156848 0.0982953456179668 0.032720180970923 0.0496101669882663 0.0912083097943491 0.142994060337027 0.221186842674038 0.291523752380508 0.224695150197335 0.156873415906294 0.265907185299487 0.28905296617797 0.320857715509357 0.408679856436922 0.460134093586308 0.492570879812666 0.480696843075672 0.46635664344853 0.486821926762091 0.504874148162327 0.511571707449662 0.520578905866332 0.52358002450671 0.520384329893397 0.518188279077588 0.51971901766216 0.519699230704052 0.517639247052655 0.5149562869948 0.511207076890316 0.507580447728067
-9999 -9999 -9999 -9999 -9999 -9999 -9999 -9999 -9999 -9999 -9999 -9999 -9999 -9999 -9999 -9999 -9999 -9999 -9999 -9999 0.496057710053561 0.456277190234331 0.41792916887234 0.374041727327485 0.271261063475618 0.225891514710025 0.134765097064928 0.0262941242228041 0.0760330459931287 0.128332938941073 0.152778597027221 0.201215969954279 0.28515378583698 0.248160940353019 0.16400610325799 0.273183942893065 0.345662391492648 0.363983275323065 0.415665937271152 0.479154690746466 0.494719230639739 0.497767659181845 0.493398761469946 0.495554019417937 0.506887623245113 0.513048954449173 0.520138031625006 0.516518848229715 0.503692026048502 0.496260291356418 0.506061443272858 0.516978543299198 0.515988016014258 0.513238651430415 0.509438047445671 0.505717094287232
-9999 -9999 -9999 -9999 -9999 -9999 -9999 -9999 -9999 -9999 -9999 -9999 -9999 -9999 -9999 -9999 -9999 -9999 -9999 -9999 -9999 0.454858247592141 0.399282774814317 0.323282027017262 0.205556707082383 0.142274835018046 0.0613050135696559 0.0253110316843921 0.077170282593988 0.141539929451994 0.234226452511761 0.339918474624829 0.35777002416558 0.337590107283557 0.30682910893971 0.357090029901774 0.372852581356148 0.382694663447273 0.473758432648173 0.487522881571521 0.49234895078013 0.495405153714639 0.498049880291799 0.503015593043325 0.50961583762988 0.512271084148108 0.516039597057036 0.510853331192288 0.486850600328746 0.474223693193356 0.49461785224861 0.513975587688697 0.514536731775107 0.511685281186546 0.507558070541484 0.50359372391098
-9999 -9999 -9999 -9999 -9999 -9999 -9999 -9999 -9999 -9999 -9999 -9999 -9999 -9999 -9999 -9999 -9999 -9999 -9999 -9999 -9999 0.46673739672408 0.45325000560609 0.342565437642312 0.179625516457096 0.107929149755262 0.0630816007113184 0.0132158485909728 0.0686891074005327 0.141289113475728 0.229650022959083 0.341470487526607 0.378267814747653 0.370921305300424 0.329436016620134 0.343897210040821 0.372191179096129 0.393832952831258 0.478893010588891 0.487757512303881 0.491542802646395 0.490775478748248 0.496311794325779 0.506233540943068 0.508754225691147 0.508675358058858 0.510893674793647 0.500577696742158 0.471271710939527 0.468181182719648 0.495565761654365 0.513678969038352 0.513359480534496 0.510530258949112 0.506260825454135 0.501518743249084
-9999 -9999 -9999 -9999 -9999 -9999 -9999 -9999 -9999 -9999 -9999 -9999 -9999 -9999 -9999 -9999 -9999 -9999 -9999 -9999 -9999 0.45281655525204 0.424946396233109 0.33436768653167 0.194273974194383 0.102357313327625 0.0550623581880841 0.0299054461846798 0.058915919719225 0.135403244990267 0.224895452579215 0.297674040418356 0.35640693398498 0.378014366159152 0.340841976760318 0.332033237314738 0.366892495910317 0.420740478915484 0.475038615201582 0.48404616568267 0.488851502800606 0.489246297216322 0.495103577804315 0.50455978339889 0.506233954698588 0.506819098314154 0.504294860110146 0.482282594380314 0.458320138514853 0.471977334524219 0.499621939002129 0.512269651294206 0.511617560027812 0.508786727573344 0.50422986177436 0.49916181375841
