layers/veg/veg5300.asc
NCOLS 255 
NROWS 330 
XLLCORNER -2985163.8955 
YLLCORNER -3022031.214 
CELLSIZE 25000 
NODATA_value -9999 
[rows 225 to 249 of 330, columns 57 to 113 of 255]
-9999 -9999 -9999 -9999 -9999 -9999 -9999 -9999 -9999 -9999 -9999 -9999 -9999 -9999 -9999 -9999 -9999 -9999 0.215051019588516 0.216227124654612 0.213747999681996 0.203799028419136 0.189431364167797 0.172648499565363 0.14404796862614 0.121926603593579 0.117350214488394 0.120954813757189 0.129998269326997 0.129859382766302 0.128010242554012 0.123266898179065 0.120221145403238 0.118537910944779 0.124490690081148 0.130039973184822 0.129157370742816 0.123499800671986 0.113232994574395 0.110712152046898 0.108798635832721 0.100896543046477 0.0953287996698137 0.092469455298098 0.0888239125803389 0.0849637853848217 0.081157841444965 0.0782192493250697 0.0764933161451208 0.0753873246254712 0.0744585291173158 0.0727033162845927 0.0718518270946364 0.072532030179182 0.0713408083502768 0.0693120181306689 0.0682227882918852
-9999 -9999 -9999 -9999 -9999 -9999 -9999 -9999 -9999 -9999 -9999 -9999 -9999 -9999 -9999 -9999 -9999 -9999 0.222751139431886 0.219893416407148 0.212863946875186 0.197309075428491 0.181534512329027 0.165639868617879 0.144989457881526 0.129125872841302 0.125854430691665 0.128123174327939 0.134075125052773 0.132480280124212 0.129575244042376 0.124599232057797 0.12070787427173 0.117687079944064 0.123811341942884 0.130356330568603 0.133032061625748 0.130291666960414 0.122323131761767 0.118085282211364 0.114235344984087 0.108064220854368 0.103513279673044 0.100842135006866 0.0974805869967239 0.0937241534789374 0.0881357199257418 0.0832333985838007 0.0792903420841485 0.0767407430287949 0.0747065263557832 0.0729049750378342 0.071476881150092 0.0706817483066706 0.0690770125684762 0.067117135639803 0.0665665703343544
-9999 -9999 -9999 -9999 -9999 -9999 -9999 -9999 -9999 -9999 -9999 -9999 -9999 -9999 -9999 -9999 -9999 -9999 0.222705246629498 0.215489435237077 0.202782496288391 0.178853861749821 0.165347620164371 0.157538123563302 0.147003510872017 0.138038389074572 0.133310494011646 0.132521342680561 0.134350733288998 0.132851700226832 0.130466030391347 0.12617131752163 0.123682492458419 0.122643106245373 0.124545360451173 0.128414046525951 0.138803830248816 0.142619035631503 0.140087855928065 0.132054623452721 0.123855059625051 0.121473647443157 0.117078771122214 0.110347798821673 0.107705730018492 0.105550355880785 0.0973835193171881 0.0898102636511891 0.0830669032658448 0.07641435838517 0.0701172326081934 0.0695801643189899 0.0687012594600006 0.0672429867408544 0.0689006236984921 0.0719143396120741 0.0680072729993376
-9999 -9999 -9999 -9999 -9999 -9999 -9999 -9999 -9999 -9999 -9999 -9999 -9999 -9999 -9999 -9999 -9999 0.233222880623369 0.232366594768254 0.217299216462537 0.19995210575578 0.177946122573611 0.166393863433312 0.160555474444664 0.153686322687385 0.147323906494591 0.142343599554521 0.139455513938062 0.137958371641513 0.135793295530732 0.133290960969858 0.129891781497607 0.127558899170047 0.126081846591027 0.125564043143098 0.126429309919605 0.132567167813708 0.134973948763239 0.133779152569559 0.126372394830563 0.118757443464234 0.11759092913652 0.114891989192138 0.110415072052781 0.106490305038787 0.102568214012478 0.0972603660843015 0.0908735618091052 0.0829782508012161 0.0764470599040366 0.0706844019435919 0.0698621172965018 0.0689422764280818 0.0678570906428426 0.0689470653992748 0.0709990730788515 0.0703612478577035
-9999 -9999 -9999 -9999 -9999 -9999 -9999 -9999 -9999 -9999 -9999 -9999 -9999 -9999 -9999 -9999 -9999 0.249300564826614 0.244994899642213 0.221224921116149 0.199802716038541 0.183178432459317 0.17334982774394 0.167235653069459 0.162008837284322 0.156915951161343 0.152080365099542 0.147413501986173 0.142858808677876 0.139797779591191 0.13694485069934 0.134336679180267 0.131678856158978 0.128981181926544 0.126727730091701 0.124653568079317 0.123065152608849 0.121643088236375 0.120381601177419 0.115120916182027 0.109751140515486 0.108680013433635 0.107928780310153 0.107548700054781 0.101868580157286 0.0953123789148114 0.0943155880773123 0.0902350435869411 0.0818430520577951 0.0768600484750534 0.0732172392171008 0.0715600885276809 0.0703842177585041 0.0700240529206808 0.0693848342702467 0.0686556795725199 0.0729342316075106
-9999 -9999 -9999 -9999 -9999 -9999 -9999 -9999 -9999 -9999 -9999 -9999 -9999 -9999 -9999 -9999 -9999 0.252971246032551 0.253864357872255 0.225725821621344 0.203238822301155 0.192301331966456 0.182471321294852 0.173246644661642 0.171449780079416 0.169011898615431 0.164255451344922 0.157810671659331 0.15024346067642 0.146622012852292 0.143120987501927 0.138882275935995 0.135008387641657 0.131427313231652 0.128579017868068 0.125947693646213 0.123783534155974 0.121805369745012 0.120006744817215 0.11749208292089 0.114553871745761 0.110000790753439 0.107590051844775 0.107664937900321 0.102920940762784 0.0972624398998075 0.0955847246759096 0.0915027369054746 0.084059295880977 0.0808554754762984 0.0791131178537952 0.0761758026392838 0.0744947198783342 0.0749427852917185 0.0741825500014777 0.0728966776820158 0.0743264685065153
-9999 -9999 -9999 -9999 -9999 -9999 -9999 -9999 -9999 -9999 -9999 -9999 -9999 -9999 -9999 -9999 -9999 0.267236621903344 0.26385485795426 0.238412542820683 0.216986742375207 0.203769111326698 0.192424510640253 0.182103684087895 0.18080316936474 0.178998913428885 0.175076227266365 0.167562775414691 0.157662123178277 0.153798638167721 0.150085889715632 0.14513639035987 0.140561884244545 0.136288354618059 0.132940808438147 0.12984079546681 0.127218120303115 0.124800706234262 0.122581428971096 0.121607268170022 0.120022001797876 0.113291163620529 0.110083240683252 0.11096273503302 0.107528987844036 0.103019789668058 0.0997347030724042 0.0952959248569998 0.0892441512867295 0.0865002474075332 0.0848701272903264 0.0818348018559616 0.0799481778083257 0.0800084509718501 0.0789894007110026 0.0774931744033069 0.0773579114588044
-9999 -9999 -9999 -9999 -9999 -9999 -9999 -9999 -9999 -9999 -9999 -9999 -9999 -9999 -9999 -9999 -9999 0.272024281840441 0.2756301043319 0.264131438630646 0.247151508500996 0.218970039118642 0.203701795054638 0.195491752681491 0.190017169739688 0.185628417805488 0.18374088356609 0.176287906800362 0.165134931847553 0.161536286617543 0.158306540002573 0.154110537558536 0.149656027883012 0.144994035537184 0.141299426203759 0.137871577993181 0.13497701966798 0.132306386715687 0.129851907039469 0.128499005044118 0.126549475067479 0.119717216347171 0.117084962284127 0.119325709832505 0.11779783898441 0.114838505067237 0.108471104106111 0.103109807649652 0.0991551625589125 0.094770846598355 0.090406051055404 0.0891547553209686 0.0875396784913052 0.0853080407277432 0.0838107946943957 0.0826556400305699 0.0829990401478543
-9999 -9999 -9999 -9999 -9999 -9999 -9999 -9999 -9999 -9999 -9999 -9999 -9999 -9999 -9999 -9999 -9999 0.276837650325674 0.277000166873268 0.26940585851248 0.256666384749689 0.233412225376469 0.218181625634836 0.207336599656708 0.199204774801862 0.192844423849266 0.190727576547799 0.183968273268144 0.174122588515383 0.168612109218248 0.163639501989086 0.159164091009859 0.154703321507421 0.15025430352421 0.146040315397593 0.142445328072126 0.141330228701382 0.139413375335431 0.136722595592052 0.135101071939549 0.133745977599415 0.132641891645841 0.131030790140619 0.128831430335274 0.126930699044602 0.124809115695011 0.119914145071078 0.114537023746721 0.108485799545291 0.103551535309108 0.0991492678058759 0.0970555784941238 0.0951317899270114 0.0934959606935735 0.092258287713333 0.0912066789372474 0.0910506097327711
-9999 -9999 -9999 -9999 -9999 -9999 -9999 -9999 -9999 -9999 -9999 -9999 -9999 -9999 -9999 -9999 -9999 0.305323270718069 0.274588241485581 0.266535754548421 0.25776079521673 0.247509387705598 0.233954749200402 0.218594607421406 0.208501144822463 0.200464005855482 0.197155581864582 0.191319147024967 0.183802048785647 0.17554006949779 0.167989420316924 0.162944928675039 0.158458271393952 0.154419342256099 0.149628917046535 0.145942824625132 0.147404795453574 0.146631928557586 0.143701791632953 0.1418426083194 0.141425092473799 0.148192780225627 0.147706679602043 0.138804463919832 0.135582192588392 0.133957382551893 0.132370676166433 0.127361502966004 0.117567322246911 0.11254795085469 0.109212087868244 0.105200854768959 0.10272619659921 0.102855830092739 0.102189445925158 0.101163468342882 0.100073365126914
-9999 -9999 -9999 -9999 -9999 -9999 -9999 -9999 -9999 -9999 -9999 -9999 -9999 -9999 -9999 -9999 0.326774548216463 0.315355282541423 0.298884467559609 0.284201047480184 0.270907528914081 0.260454419994739 0.247293830178789 0.232653366375411 0.223163627440289 0.215101412981672 0.210182770464116 0.203601168666523 0.1959140040512 0.188316212325029 0.182730561821085 0.183607309032834 0.180594491022763 0.174459836250497 0.16978477635059 0.166384113711552 0.167485841048741 0.166355127879386 0.163069458695619 0.160284238219038 0.158105483157192 0.158887614740947 0.155783423326411 0.148170175427753 0.144084661804317 0.141107284414519 0.139209459692885 0.134667903658803 0.126430103105398 0.12159251474303 0.117929233444294 0.11334688144881 0.110411844837918 0.110268790342843 0.1102298553139 0.110216078004434 0.10716431676975
-9999 -9999 -9999 -9999 -9999 -9999 -9999 -9999 -9999 -9999 -9999 -9999 -9999 -9999 -9999 0.336639054018974 0.332609926970348 0.327332835499736 0.321371968177224 0.303230386660963 0.287564901022222 0.276959577236252 0.263091030107421 0.247438847368708 0.239099644215699 0.23161100046495 0.225600216411788 0.218857514657368 0.211628221916709 0.20495141701402 0.200591607847302 0.20354500647333 0.200847211133145 0.193613663319896 0.189025024039495 0.185585226799966 0.185382566928389 0.183413931113284 0.179740613596849 0.176195762350762 0.172707278927879 0.16939271205981 0.164770826763253 0.158632142003712 0.153238022920967 0.148325978758076 0.145901419519523 0.141934600775753 0.135811523483055 0.130583211330225 0.125720366283008 0.121623312143705 0.118583071678116 0.117333990880168 0.117435001971367 0.118113276446011 0.114356945674502
-9999 -9999 -9999 -9999 -9999 -9999 -9999 -9999 -9999 -9999 -9999 -9999 -9999 -9999 -9999 0.339650001564587 0.343661303794146 0.343089082460413 0.340346502704707 0.324909021344924 0.311040750554951 0.300379326291561 0.283662469535534 0.263635791816523 0.257509160932385 0.251756798234173 0.245660098822622 0.239890691257338 0.234338872721518 0.2290818186175 0.224512235083909 0.222075200909131 0.217441736510014 0.211045376715425 0.206486940725016 0.20237762926215 0.199036835190483 0.195297856604241 0.191174513860472 0.187193231817294 0.183271959271475 0.179529295553191 0.175526943455181 0.171223291240588 0.163655567702131 0.155678284121434 0.152308213525752 0.149124184301406 0.146200262598553 0.139469285072852 0.131712966716619 0.130153017807024 0.127697405254101 0.123723761061728 0.123017873871263 0.12376639720209 0.121747055502618
-9999 -9999 -9999 -9999 -9999 -9999 -9999 -9999 -9999 -9999 -9999 -9999 -9999 -9999 -9999 0.36416672560555 0.362174593470062 0.35895437694507 0.355104849475122 0.343362809411052 0.330579790316757 0.315669421297889 0.299495659054071 0.282631342438537 0.274989889126749 0.268025909562617 0.261922652625098 0.255110764898612 0.247827767710105 0.242109465065558 0.236663608954209 0.231649717649168 0.226722352784956 0.221864435637515 0.218535343364527 0.215143823790339 0.21054241552189 0.206649698218367 0.203441074333124 0.199176298796206 0.194725501259672 0.190482066427526 0.186339752863684 0.18231476395627 0.175494840300106 0.16803829012877 0.16192353147697 0.157380253829061 0.155034089791186 0.148960663510562 0.141756971255038 0.138363168278904 0.135004614870392 0.131705804825726 0.129572574722598 0.127969877754005 0.127017161773815
-9999 -9999 -9999 -9999 -9999 -9999 -9999 -9999 -9999 -9999 -9999 -9999 -9999 -9999 -9999 0.368241451219635 0.377130459533041 0.37487637351101 0.367670880343378 0.360139755047559 0.348071783988146 0.326732292357476 0.312865072947875 0.30308210074415 0.291987669700052 0.282279237481616 0.276210687176179 0.267308165264514 0.256521572184083 0.249363946728863 0.242695255051894 0.23656749807709 0.232199912802686 0.22924507378878 0.227768849321668 0.225816487340383 0.220930729974584 0.217724869055083 0.216140598023387 0.211671852700276 0.206641229855906 0.20185923504634 0.197182041116881 0.192626441066313 0.188073377058247 0.183002179641208 0.173207204461776 0.166190870344738 0.163059400302076 0.158766785784445 0.153907608172471 0.146407157761715 0.14137216363136 0.140515792432954 0.136632603179623 0.131419580377823 0.131184917348538
-9999 -9999 -9999 -9999 -9999 -9999 -9999 -9999 -9999 -9999 -9999 -9999 -9999 -9999 -9999 0.390828191712784 0.391797551336493 0.389202092480515 0.384983546177415 0.37698981690096 0.364351247720952 0.342220460608044 0.329447131028893 0.321788466528268 0.313628491328411 0.305732310640912 0.298552338262177 0.288755919259712 0.277220043292486 0.26797884236245 0.259487320827569 0.252758233443628 0.246039027684527 0.239327753099717 0.239259502547166 0.239043373824759 0.234093311919948 0.229616549871804 0.225596660188124 0.220442146549516 0.215085801974164 0.209940497139635 0.205001667711308 0.200302398728562 0.195787440363223 0.19075881455411 0.180582842160221 0.173234670201352 0.169840092849647 0.166428049729439 0.162698981502426 0.153423190349743 0.147159110550141 0.145999483919895 0.139847941338911 0.131522381905923 0.134078495983306
-9999 -9999 -9999 -9999 -9999 -9999 -9999 -9999 -9999 -9999 -9999 -9999 -9999 -9999 -9999 -9999 0.400626099555177 0.401598395137923 0.402901225850869 0.394695096550267 0.382634862056849 0.36269835901894 0.350019477355545 0.34130751752572 0.335308774654176 0.328940455050744 0.321381489422349 0.310934390848279 0.298567213751703 0.287781300585248 0.277917282523572 0.270574567867671 0.261989593955463 0.252407559859573 0.252057330954624 0.251798161943164 0.246217988028694 0.240594134365352 0.23492811700839 0.229175034100153 0.223442252937161 0.217936895384193 0.212766920038584 0.207986067603607 0.203407906413602 0.198348889272039 0.188394313201178 0.181080950329669 0.177460311361872 0.17465413403397 0.171764298411844 0.162139825752962 0.155129566014696 0.152550052076276 0.155361380392593 0.16047679200579 0.14776009875276
-9999 -9999 -9999 -9999 -9999 -9999 -9999 -9999 -9999 -9999 -9999 -9999 -9999 -9999 -9999 -9999 -9999 0.40945512409997 0.42199089287822 0.414450130461072 0.405803919280508 0.394898607507914 0.379985514808197 0.362881820967478 0.356808823059595 0.351015406724337 0.344904502173581 0.334320005654835 0.320761391248249 0.309763182197506 0.299643828956251 0.291627593772805 0.28251623197233 0.272525901357267 0.267861073193822 0.263267760639708 0.255685469538557 0.249327854523238 0.244152409016641 0.238038731580068 0.231792654545778 0.225924687412926 0.220580612095171 0.215844375546063 0.211091698961153 0.205965812982719 0.197484059926306 0.190959300618731 0.187170646672709 0.184363862583282 0.181686555162013 0.175001902249414 0.168378820930262 0.161860095333976 0.160134171002937 0.16047679200579 0.14776009875276
-9999 -9999 -9999 -9999 -9999 -9999 -9999 -9999 -9999 -9999 -9999 -9999 -9999 -9999 -9999 -9999 -9999 0.471343612399854 0.463580700057765 0.443718283933459 0.427576425221438 0.419037916145272 0.404221698368106 0.385974166331664 0.37958133554204 0.373710462501256 0.368060545710752 0.357447653108494 0.343535292149653 0.333193987061716 0.323154760111119 0.31307050073048 0.304752886230111 0.297853213483751 0.290875431922364 0.283537242184243 0.274718847084851 0.266987054818814 0.260304151114041 0.254066705053606 0.247849926326822 0.241204597291424 0.235069258072223 0.229525628005498 0.224310009646052 0.218998497476698 0.211976228774606 0.205190304243716 0.198734816411657 0.194865014119741 0.19178166392662 0.186097457100649 0.180391609824983 0.174649084843827 0.167825971735182 0.160567464704999 -9999
-9999 -9999 -9999 -9999 -9999 -9999 -9999 -9999 -9999 -9999 -9999 -9999 -9999 -9999 -9999 -9999 -9999 0.494429560297401 0.519436085304088 0.47901796204731 0.448463487284542 0.438066413651366 0.424825029978414 0.410028983280761 0.403160617915924 0.396798677762325 0.390983922787364 0.380411743651551 0.366676750294397 0.357543440770943 0.347797029976917 0.334760600752474 0.328073727964733 0.326483126245162 0.318461478282297 0.309386040786244 0.299817210705159 0.290305203584331 0.28084804718835 0.274636985276689 0.268793521364149 0.261107868435866 0.25378996996533 0.246898753894326 0.241037325164535 0.235464892059707 0.229893650711399 0.222180984721433 0.211474357485103 0.205867945037601 0.201986364626624 0.196072998820142 0.191620452378572 0.189643801918685 0.177368488351418 -9999 -9999
-9999 -9999 -9999 -9999 -9999 -9999 -9999 -9999 -9999 -9999 -9999 -9999 -9999 -9999 -9999 -9999 -9999 0.545000188486289 0.545792393341236 0.500803456657282 0.468398409288186 0.46170986072215 0.449818570690986 0.435083529567361 0.428289252204001 0.421832978340171 0.415495204503784 0.407483130855159 0.398357955015539 0.385567974460189 0.373209850613407 0.36328999408467 0.355392211105597 0.349117381640143 0.338342125934043 0.327275928878718 0.317758054633722 0.307430665334306 0.296321857972386 0.290494002068686 0.285337408239944 0.277616033408597 0.270003502601612 0.262517256679858 0.256012035335566 0.249796096915469 0.243708499752029 0.236991175845412 0.229393420552982 0.221572016864393 0.213758516508124 0.207525333270033 0.202734416996816 0.200387952836307 0.19928594478526 -9999 -9999
-9999 -9999 -9999 -9999 -9999 -9999 -9999 -9999 -9999 -9999 -9999 -9999 -9999 -9999 -9999 -9999 -9999 0.57968156711818 0.566541167615595 0.524072115089494 0.493087614411522 0.485573001020892 0.473686621804835 0.459410692017149 0.453952093358602 0.44810972125945 0.440472306086624 0.434044635613267 0.42842122341294 0.413154046832414 0.399059742319751 0.391499189925547 0.38237647375869 0.371999936144985 0.358828228875241 0.345976683447783 0.336210946736083 0.325082823231015 0.312639599231346 0.306825811087037 0.301906450030517 0.294072878044313 0.286112160998634 0.278003925526129 0.270901508387707 0.264110309128962 0.257583835985179 0.251687163462968 0.246671025617177 0.236915432473209 0.225732812744588 0.21957643034787 0.214427423684701 0.210985785906861 0.213711005992572 -9999 -9999
-9999 -9999 -9999 -9999 -9999 -9999 -9999 -9999 -9999 -9999 -9999 -9999 -9999 -9999 -9999 -9999 0.588565183811594 0.583907596217295 0.577019972592269 0.554920151921455 0.532407042318888 0.509049333399459 0.493141101532603 0.481304657327792 0.480880967702063 0.477709064185079 0.466499324758305 0.458123375530817 0.451631376869761 0.438572476762647 0.426058862837983 0.417177405759915 0.407435521583576 0.397003042753753 0.38290768270669 0.368951344751306 0.357849028471867 0.345744466298466 0.332672444606757 0.325672247557061 0.319555473532681 0.311148679515204 0.302474856882111 0.293491217717756 0.285932406629511 0.278860115835384 0.272578480068356 0.266534377078171 0.260822372596043 0.250092999054987 0.237962337804603 0.233105820018865 0.227902052441997 0.222109742309391 0.219846084039481 0.219179208431622 -9999
-9999 -9999 -9999 -9999 -9999 -9999 -9999 -9999 -9999 -9999 -9999 -9999 -9999 -9999 -9999 0.604251441995977 0.600963442330797 0.598928313329459 0.597279811253226 0.57968651011629 0.5598764887479 0.535536366887315 0.519039253258816 0.506829026337579 0.506516419283904 0.50311900399204 0.490784304264542 0.481539538308682 0.474349011400152 0.463893540141292 0.452928251515595 0.441250812964103 0.430886854775186 0.421577120143008 0.406319157550609 0.391176277205183 0.380198712773672 0.368034985335378 0.354726264739127 0.345676707610821 0.337315071102629 0.327749774185586 0.318458791228452 0.309486077529987 0.30115912948467 0.293194197317291 0.286876005374862 0.280722944000103 0.274800754406013 0.265500313009458 0.255173374923997 0.248262705106081 0.241009738707241 0.233176624790093 0.226004339243715 0.219179208431622 -9999
-9999 -9999 -9999 -9999 -9999 -9999 -9999 -9999 -9999 -9999 -9999 -9999 -9999 -9999 -9999 0.608730153910919 0.617402099035189 0.622223913370858 0.62503749594424 0.599790836515986 0.578262096039695 0.56433131322862 0.549876929995579 0.535136353554215 0.531160371906488 0.525317473462069 0.513733888978938 0.504447789393699 0.496689095745515 0.489139965252057 0.479698191668892 0.464094022174378 0.453105762318377 0.445822316645626 0.429218579807708 0.412826490088472 0.403093890184573 0.391574151664109 0.378329303292313 0.366568873689352 0.355159431424852 0.343986972910556 0.334152378380496 0.32587002340326 0.31653596559444 0.307209596354699 0.300639140409252 0.294406612191106 0.28864654632346 0.282616884188271 0.276203089253155 0.264667179194555 0.253836137902416 0.244199756120149 0.232180361359161 -9999 -9999
