layers/veg/veg5200.asc
NCOLS 255 
NROWS 330 
XLLCORNER -2985163.8955 
YLLCORNER -3022031.214 
CELLSIZE 25000 
NODATA_value -9999 
[rows 75 to 99 of 330, columns 0 to 57 of 255]
-9999 -9999 -9999 -9999 -9999 -9999 -9999 -9999 -9999 -9999 -9999 -9999 -9999 -9999 -9999 -9999 -9999 -9999 -9999 -9999 -9999 -9999 -9999 -9999 -9999 0.605458749393497 0.592747491647338 0.600960444654718 0.616208655190822 0.625720284524517 0.626439642312071 0.607981314748607 0.509034240423762 0.423568400419829 0.371544174999274 0.327456127382434 0.376436066173322 0.495742560596779 0.585416544406613 0.608118133242969 0.617067469668132 0.621588239618967 0.62623875527926 0.631127542064338 0.635348968324698 0.63702687818691 0.636088015995329 0.634499273972127 0.632725305366695 0.630101982065208 0.628577419491709 0.62814704626915 0.626388005476876 0.623429983136824 0.620644601170179 0.619257221574271 0.617510131520985 0.616008673702672
-9999 -9999 -9999 -9999 -9999 -9999 -9999 -9999 -9999 -9999 -9999 -9999 -9999 -9999 -9999 -9999 -9999 -9999 -9999 -9999 -9999 -9999 -9999 -9999 -9999 0.607501651004555 0.600134624091353 0.602801975979818 0.618033968959731 0.628905254236472 0.631500003804416 0.629444535674827 0.538662436957816 0.451979729729637 0.382893460017906 0.348431240755344 0.388901012908769 0.497746310694695 0.574667186792514 0.605185740146518 0.621365306996152 0.627512334461294 0.631288047939928 0.633901482001338 0.636796647291819 0.640113162735192 0.641319814820922 0.640394664423768 0.63864244776151 0.636181367774456 0.633829067513256 0.63201604517075 0.630119090950109 0.628130865244555 0.626767394408839 0.625416672308943 0.624353386460052 0.624318401411998
-9999 -9999 -9999 -9999 -9999 -9999 -9999 -9999 -9999 -9999 -9999 -9999 -9999 -9999 -9999 -9999 -9999 -9999 -9999 -9999 -9999 -9999 -9999 -9999 -9999 0.608347965569922 0.601567099636671 0.605162425429398 0.622592960652508 0.624812558588081 0.635568501586743 0.637126426798551 0.595345419579864 0.556267191406208 0.457289784995592 0.354395857544671 0.379416705365104 0.497244935140687 0.565010156925147 0.609829853372998 0.630338183391757 0.637074611433806 0.639923557140313 0.640714704088281 0.640744848889437 0.642786239384218 0.6441025195966 0.644347048190394 0.643164546073924 0.642549044418381 0.639529992452253 0.636346586315307 0.634212861475311 0.632864596301692 0.633464477574175 0.630984043156468 0.628950617205278 0.629259072979835
-9999 -9999 -9999 -9999 -9999 -9999 -9999 -9999 -9999 -9999 -9999 -9999 -9999 -9999 -9999 -9999 -9999 -9999 -9999 -9999 -9999 -9999 -9999 -9999 -9999 0.61750053852123 0.618693836332793 0.618130487516305 0.618840987935512 0.612933084659183 0.63614023547131 0.6391613252978 0.589364572275604 0.519718598840405 0.427433099885159 0.358257561242409 0.40832609221419 0.513918555422502 0.567881500082845 0.623664868683179 0.642231334278695 0.645516692473418 0.646518843066454 0.647234617058446 0.647571584703112 0.64705822115827 0.646733252940158 0.646560330659747 0.646801763964334 0.646747427689693 0.644847064103415 0.642543648829216 0.640221001271608 0.637265261920338 0.635001137300059 0.635849516747176 0.635265918242777 0.634336467092095
-9999 -9999 -9999 -9999 -9999 -9999 -9999 -9999 -9999 -9999 -9999 -9999 -9999 -9999 -9999 -9999 -9999 -9999 -9999 -9999 -9999 -9999 -9999 -9999 -9999 0.624209486963007 0.623570692763859 0.622090727649297 0.631287162201163 0.636733794511741 0.640471633366337 0.624200879066915 0.50699905257348 0.386581119757186 0.367905173643016 0.398286692516187 0.52839104961379 0.575882768363726 0.592752057431542 0.633029858126591 0.649994314233367 0.651703906236879 0.651968751298442 0.652472532735352 0.652446391521762 0.652118813512156 0.651210196556506 0.650704075123156 0.649868503978324 0.649098229000768 0.648640221412649 0.647959117446588 0.64616423928814 0.643507511022244 0.642004996338427 0.640181881711594 0.638290038523444 0.637945387162419
-9999 -9999 -9999 -9999 -9999 -9999 -9999 -9999 -9999 -9999 -9999 -9999 -9999 -9999 -9999 -9999 -9999 -9999 -9999 -9999 -9999 -9999 -9999 -9999 -9999 -9999 0.624478066400643 0.621387767022994 0.630146852038906 0.641556796025404 0.643089473193757 0.585859354275971 0.439414545747669 0.345689061969969 0.392145740750039 0.416664777529701 0.529780979898798 0.581832454418178 0.624193378300612 0.646162509564425 0.654916776493726 0.656552989808819 0.656636517435583 0.657108696730257 0.657504596216553 0.657367772001728 0.657579240574928 0.65753822157016 0.656771658457039 0.655096060418869 0.653166272641446 0.652136817981022 0.651191053840198 0.647714791972752 0.645024170981085 0.642959322933223 0.64213380436611 0.640904520654785
-9999 -9999 -9999 -9999 -9999 -9999 -9999 -9999 -9999 -9999 -9999 -9999 -9999 -9999 -9999 -9999 -9999 -9999 -9999 -9999 -9999 -9999 -9999 -9999 -9999 -9999 -9999 -9999 0.640381501169708 0.641377223761915 0.643380726902505 0.553011436400614 0.411795510795192 0.411599761585305 0.403774863777719 0.417870768985879 0.545830412795254 0.568456484580327 0.592778618133754 0.632845764538483 0.656319819902609 0.660159094904077 0.660045973490838 0.660586802563083 0.661160814995693 0.661118878285042 0.661008714947369 0.660133287605208 0.659353770200904 0.658763981627917 0.657604390965548 0.656717439679703 0.655605865312028 0.651819230590704 0.649680142702309 0.647819466313926 0.645976224721521 0.645264131814599
-9999 -9999 -9999 -9999 -9999 -9999 -9999 -9999 -9999 -9999 -9999 -9999 -9999 -9999 -9999 -9999 -9999 -9999 -9999 -9999 -9999 -9999 -9999 -9999 -9999 -9999 -9999 -9999 -9999 0.643666604610811 0.638585347471819 0.550862185475674 0.413051607174592 0.458974332748878 0.405161405357371 0.459064766321646 0.543061579569117 0.533463049286416 0.559566455003919 0.629813880827167 0.655765609363569 0.662720055910372 0.663089513368576 0.663963363054457 0.664688834430397 0.665105322483382 0.664898918111082 0.66420882655797 0.663348418565875 0.662217811274297 0.661235092604036 0.660211963789858 0.658579549391706 0.656460807634172 0.654925301535543 0.652125889501071 0.650408130943346 0.649801206902119
-9999 -9999 -9999 -9999 -9999 -9999 -9999 -9999 -9999 -9999 -9999 -9999 -9999 -9999 -9999 -9999 -9999 -9999 -9999 -9999 -9999 -9999 -9999 -9999 -9999 -9999 -9999 -9999 0.645532120243714 0.6464393246052 0.642307377547507 0.619497153871545 0.553236341264428 0.432160638691622 0.430291229971111 0.495152666096674 0.540630844758628 0.558667177468742 0.594592697439893 0.629337191121924 0.64612248641459 0.665412591051682 0.666840538292403 0.667745507226538 0.668463752915267 0.668819673396704 0.668550138235358 0.667864438600596 0.666929715467809 0.665949554174215 0.664982035134113 0.663484002277151 0.661825924270675 0.660179788425731 0.65835678168693 0.655641765313634 0.65337487929821 0.651892062960742
-9999 -9999 -9999 -9999 -9999 -9999 -9999 -9999 -9999 -9999 -9999 -9999 -9999 -9999 -9999 -9999 -9999 -9999 -9999 -9999 -9999 -9999 -9999 -9999 -9999 -9999 -9999 0.63697307373752 0.639192143257844 0.635674534441447 0.612336728256229 0.559717642848118 0.451012502219895 0.432592461065691 0.44456297127227 0.50421058186853 0.527758075678631 0.543568837266567 0.593871237056349 0.618113106175816 0.662319254446872 0.666511274595287 0.669678049578678 0.670955176043212 0.671912259847526 0.672355435382189 0.672075720924444 0.671288466156155 0.670289821814316 0.669322349644714 0.668318071721691 0.667078557345846 0.665809519231002 0.663847720940206 0.661882140719309 0.659642014511448 0.656939149574175 0.654313036795739
-9999 -9999 -9999 -9999 -9999 -9999 -9999 -9999 -9999 -9999 -9999 -9999 -9999 -9999 -9999 -9999 -9999 -9999 -9999 -9999 -9999 -9999 -9999 -9999 -9999 -9999 0.631193004217582 0.632116081814804 0.628454065357645 0.615615605653935 0.600019064451995 0.580227385678018 0.495019859618314 0.464775772107677 0.483871245231472 0.521016554371201 0.537250330233336 0.546193712373048 0.590220531936862 0.629796135938604 0.664404264157073 0.66710006475301 0.671567526747188 0.674076437600837 0.675268537768203 0.675838015803817 0.675461882512555 0.674530334417051 0.67337433246548 0.672855859842267 0.671281212220565 0.670132064572826 0.669144273209086 0.667330671119879 0.665000234978695 0.662828192166019 0.66072538853577 0.658224894987695
-9999 -9999 -9999 -9999 -9999 -9999 -9999 -9999 -9999 -9999 -9999 -9999 -9999 -9999 -9999 -9999 -9999 -9999 -9999 -9999 -9999 -9999 -9999 -9999 -9999 -9999 0.624861380899387 0.617864254495142 0.616243236350556 0.608916732468619 0.574695538994498 0.558299473275554 0.532250500520192 0.474278618908173 0.450605974838393 0.504055178137789 0.569146974012495 0.601798181390621 0.613270162180265 0.650596753168893 0.664750666420107 0.672058063414344 0.67531170798148 0.676475587987174 0.677680499770419 0.678179141626671 0.67797436649857 0.677409456452246 0.676294880069847 0.675511497577179 0.674222241316991 0.672712286164798 0.670861178126859 0.66875253173321 0.666712820560428 0.664700191865564 0.662703288822516 0.660748379328943
-9999 -9999 -9999 -9999 -9999 -9999 -9999 -9999 -9999 -9999 -9999 -9999 -9999 -9999 -9999 -9999 -9999 -9999 -9999 -9999 -9999 -9999 -9999 -9999 -9999 0.6232615051646 0.620955843097457 0.603605703566125 0.615990865468208 0.62492955958832 0.583405816344048 0.559810702941949 0.519950469777477 0.467603625892976 0.46701896233415 0.523493419418271 0.572550748805224 0.625266776501864 0.631591575081988 0.658462535548557 0.653297300275398 0.664644856710083 0.676096897017831 0.678145225967995 0.679152583097253 0.679035047590714 0.679700390221133 0.679795720684552 0.678793127150746 0.677418321421055 0.67611996133132 0.674467171525211 0.672442994702766 0.670314427084305 0.668079860805085 0.665669778331083 0.664282149929769 0.66204101488524
-9999 -9999 -9999 -9999 -9999 -9999 -9999 -9999 -9999 -9999 -9999 -9999 -9999 -9999 -9999 -9999 -9999 -9999 -9999 -9999 -9999 -9999 -9999 -9999 -9999 0.628352878640983 0.621940293040878 0.607415924798707 0.634483357518928 0.634532103520473 0.598642621048906 0.565043757890652 0.51433758607497 0.48218535617826 0.516933324573776 0.544848815812486 0.546294969320896 0.587217151705187 0.623553286446305 0.655974737010253 0.643369444558976 0.653677004092442 0.676080452360613 0.678669343155831 0.680387449962415 0.681099068908648 0.681320672014771 0.681267009222118 0.680295097697305 0.678707210974568 0.677208596711558 0.675645329731161 0.673529772097675 0.670964718086611 0.668819827113095 0.667075135119266 0.66533221769367 0.662906710469777
-9999 -9999 -9999 -9999 -9999 -9999 -9999 -9999 -9999 -9999 -9999 -9999 -9999 -9999 -9999 -9999 -9999 -9999 -9999 -9999 -9999 -9999 -9999 -9999 -9999 0.634399750348649 0.616292945243772 0.629921800036762 0.641393441300623 0.63903658195878 0.584285159496472 0.530917249597623 0.503184020585183 0.509057235786092 0.564182968111978 0.553704131813321 0.534270392592577 0.592200764090232 0.634944589809156 0.656312574738454 0.64190190475857 0.629949809569505 0.64424171348878 0.677419364128057 0.679369137689786 0.678162904352785 0.679152579235929 0.680322681428352 0.680564355679406 0.678961923343484 0.676943812732899 0.675638280518674 0.674115287067258 0.671738099460071 0.669718197709902 0.668238300006347 0.666296335707678 0.664269715430836
-9999 -9999 -9999 -9999 -9999 -9999 -9999 -9999 -9999 -9999 -9999 -9999 -9999 -9999 -9999 -9999 -9999 -9999 -9999 -9999 -9999 -9999 -9999 -9999 -9999 0.644935559584454 0.635036907046702 0.642807616490902 0.647560244733364 0.649371272702718 0.586701724911898 0.519486341693502 0.503740370358303 0.47326705215014 0.544979108722909 0.54036247819823 0.538122069921562 0.581242368371138 0.625509198477396 0.636821333184547 0.623057080860825 0.605328374922075 0.608918955811979 0.648415456482683 0.663152609344783 0.674929964158633 0.676146903264165 0.677711281975252 0.679731449097801 0.677963928509041 0.674578561344885 0.673483470510675 0.674083856038557 0.672296746802765 0.670479002707615 0.668630268250388 0.666201133840983 0.664197667603966
-9999 -9999 -9999 -9999 -9999 -9999 -9999 -9999 -9999 -9999 -9999 -9999 -9999 -9999 -9999 -9999 -9999 -9999 -9999 -9999 -9999 -9999 -9999 -9999 -9999 0.647549056260293 0.644355168643011 0.64593788367765 0.646031580775918 0.646377642422184 0.631339856287473 0.600196952267668 0.566906154872816 0.4297517006054 0.509278911276178 0.540720630541545 0.569391564013895 0.606366528637404 0.600350407063417 0.56707076232143 0.567297966070698 0.580337495841966 0.594982613443788 0.61203589942067 0.619109098401579 0.626327887566733 0.662186688106444 0.678394895451715 0.678657768318473 0.676374946598238 0.671996997338764 0.670965926409209 0.673528948711692 0.67236652417447 0.670283761212063 0.668444969152758 0.666436177423727 0.664387165755121
-9999 -9999 -9999 -9999 -9999 -9999 -9999 -9999 -9999 -9999 -9999 -9999 -9999 -9999 -9999 -9999 -9999 -9999 -9999 -9999 -9999 -9999 -9999 -9999 -9999 0.645745703351909 0.644221937273672 0.647320054541055 0.649218784747018 0.645460428073374 0.640139038995817 0.634971312363775 0.624775156353052 0.471980567935497 0.501287712165479 0.506246555392194 0.555544138170893 0.608860433540229 0.565668750589234 0.492126473819615 0.536698962369409 0.54589263393947 0.57833322770959 0.604939138376362 0.604281418550016 0.589684422592592 0.637983198891979 0.676812500715403 0.678727357584694 0.676171642268681 0.672843453608993 0.671801387309067 0.672917104244558 0.671941620288517 0.669755087593383 0.667760378164246 0.665866367069436 0.663192441382207
-9999 -9999 -9999 -9999 -9999 -9999 -9999 -9999 -9999 -9999 -9999 -9999 -9999 -9999 -9999 -9999 -9999 -9999 -9999 -9999 -9999 -9999 -9999 -9999 -9999 0.649280727998632 0.644953915376525 0.647696913628257 0.653745759284708 0.651098796087167 0.648388168589039 0.648609409124137 0.63133584532085 0.534990668053372 0.505727097174849 0.489642598593831 0.544812621582008 0.581797656456849 0.536222943155076 0.524373844015544 0.51305057701185 0.465015982766452 0.517744265283694 0.582878649687741 0.601770892426311 0.596523634864698 0.628063970304092 0.665144288259938 0.677907292866634 0.676620239444182 0.673951398131637 0.670179068495851 0.672413076290396 0.671122628298801 0.66878268107061 0.665958327572567 0.663216302791466 0.660034733001608
-9999 -9999 -9999 -9999 -9999 -9999 -9999 -9999 -9999 -9999 -9999 -9999 -9999 -9999 -9999 -9999 -9999 -9999 -9999 -9999 -9999 -9999 -9999 -9999 -9999 0.657252298847065 0.651392041024683 0.650029490975984 0.656070336964267 0.656550792717533 0.655550665175429 0.654063683233515 0.650992544967492 0.575912197967698 0.498360637005924 0.499125019054146 0.553772161466492 0.57623308225707 0.575211514317014 0.509621905375938 0.495692814116808 0.446473698885457 0.416329937630275 0.504392214369996 0.564112603962484 0.595389000727892 0.626251422009522 0.645584952547734 0.654281700196224 0.670552084276192 0.673660560605108 0.666302942526865 0.670230019613026 0.669702616719388 0.666987799941918 0.663104307951759 0.659487721640251 0.656739849849095
-9999 -9999 -9999 -9999 -9999 -9999 -9999 -9999 -9999 -9999 -9999 -9999 -9999 -9999 -9999 -9999 -9999 -9999 -9999 -9999 -9999 -9999 -9999 -9999 -9999 -9999 0.652606076557623 0.651180782859362 0.656692924418363 0.658783794221232 0.659468726995116 0.650903463053317 0.653347243171959 0.559952288459219 0.478002534777052 0.490186943296478 0.530258352280329 0.525189930766853 0.554242935435864 0.511925086507161 0.45753617883436 0.455531525475038 0.48250966524947 0.509686401162383 0.532122344170459 0.578059501988412 0.628302021161969 0.632251085323353 0.631787056962023 0.658664094672293 0.668618677667201 0.665914069771406 0.667652290940286 0.667510567813726 0.665185857734619 0.660651358886983 0.655552534223866 0.650322486837539
-9999 -9999 -9999 -9999 -9999 -9999 -9999 -9999 -9999 -9999 -9999 -9999 -9999 -9999 -9999 -9999 -9999 -9999 -9999 -9999 -9999 -9999 -9999 -9999 -9999 -9999 -9999 0.657055460477279 0.657247097373042 0.659492708076559 0.661398953094405 0.658526178892558 0.65928343960552 0.628188060940874 0.558763892576269 0.479078441782142 0.477120608851161 0.453125532104576 0.464338955059904 0.501054292820775 0.461737949169869 0.455458293127336 0.503547297131416 0.543239592480246 0.559029149840766 0.598951949264085 0.643067637983887 0.641389043451032 0.637938681444638 0.630211246134365 0.613366222494021 0.630873340231074 0.656532101318215 0.665928144842083 0.6629273851165 0.657478557217365 0.65182909370641 0.644803485804983
-9999 -9999 -9999 -9999 -9999 -9999 -9999 -9999 -9999 -9999 -9999 -9999 -9999 -9999 -9999 -9999 -9999 -9999 -9999 -9999 -9999 -9999 -9999 -9999 -9999 -9999 -9999 -9999 -9999 0.660922049226313 0.662128905824063 0.663085220830992 0.662911842426678 0.647265626126187 0.591814741964436 0.514844179272005 0.537627862188047 0.412081281791982 0.399785116389599 0.446650577113924 0.470097789701604 0.446080224542341 0.46252708326436 0.527253137086056 0.565175808826362 0.605503479201213 0.644050040630315 0.661312145863409 0.652790284145545 0.627105268768925 0.610708548370496 0.635709891979437 0.658890706025328 0.660963096382301 0.651665323635989 0.643385990125661 0.6460105368175 0.648169149288276
-9999 -9999 -9999 -9999 -9999 -9999 -9999 -9999 -9999 -9999 -9999 -9999 -9999 -9999 -9999 -9999 -9999 -9999 -9999 -9999 -9999 -9999 -9999 -9999 -9999 -9999 -9999 -9999 -9999 -9999 -9999 0.664289101443473 0.663066202052106 0.656630306045913 0.640686359534137 0.587599584704921 0.439585218447572 0.383008360697718 0.378181081127499 0.404045041580755 0.461220943081675 0.44719511039379 0.425905336054492 0.496310055378919 0.571626532799785 0.637479697520164 0.649266236233109 0.647188177905873 0.637368259374817 0.638386899672205 0.640620207535016 0.652449614546163 0.66015780508189 0.658518964111085 0.653672766184 0.647753909014528 0.642556834171696 0.643238342916417
-9999 -9999 -9999 -9999 -9999 -9999 -9999 -9999 -9999 -9999 -9999 -9999 -9999 -9999 -9999 -9999 -9999 -9999 -9999 -9999 -9999 -9999 -9999 -9999 -9999 -9999 -9999 -9999 -9999 -9999 -9999 -9999 0.663921977475171 0.661274047193902 0.642925858512168 0.602200963774258 0.513624619405722 0.496489616677009 0.428524804129633 0.410002722536375 0.462766554516396 0.481555771330123 0.439773445812453 0.501198272421534 0.554993535954677 0.612163832609094 0.649693676317879 0.633411146501551 0.614389465753724 0.630450861693065 0.649506851691222 0.655141332531961 0.65475223992151 0.65688531166924 0.654246458678967 0.648199983933606 0.644602048272883 0.642625216187664
