layers/veg/veg500.asc
NCOLS 255 
NROWS 330 
XLLCORNER -2985163.8955 
YLLCORNER -3022031.214 
CELLSIZE 25000 
NODATA_value -9999 
[rows 200 to 224 of 330, columns 57 to 113 of 255]
-9999 -9999 -9999 -9999 -9999 -9999 -9999 -9999 -9999 -9999 -9999 -9999 -9999 -9999 -9999 -9999 -9999 -9999 -9999 -9999 0.524725443834772 0.47700578416405 0.361736253239005 0.274553275808561 0.148649492944618 0 0 0.00964119947354333 0.164584179751606 0.236235493458061 0.287858651003065 0.352494637174593 0.379642125582475 0.336281371437711 0.336922378745083 0.399488087122897 0.481677886370491 0.499864870666596 0.50992252087446 0.51803157146309 0.523237467786699 0.531276606729702 0.53990460764885 0.541244932224352 0.541904641412083 0.53218350163098 0.493605649596262 0.477027922820671 0.513465226361548 0.54386522691075 0.555387919880028 0.556102269869674 0.554645383845387 0.55191645603711 0.548172871645944 0.544278473584635 0.541220288979576
-9999 -9999 -9999 -9999 -9999 -9999 -9999 -9999 -9999 -9999 -9999 -9999 -9999 -9999 -9999 -9999 -9999 -9999 -9999 -9999 0.540583918430838 0.498139443510922 0.413812105101427 0.288826977737673 0.160479036877447 0.0534135500865763 0 0.0665539168759893 0.213031943268988 0.284616621009424 0.36485102676574 0.394293430396903 0.392342886803465 0.353892458695011 0.364546070301219 0.417608616139258 0.467933782153688 0.487613300980589 0.49550526401722 0.503898065500922 0.518168531481259 0.530921837343398 0.535530658409713 0.534800493752831 0.531187036012922 0.517231877448403 0.483568931210427 0.482020247997967 0.520792228659006 0.543799104428618 0.554300454021181 0.554119623813844 0.552728138981933 0.54999693158195 0.545755612836802 0.541520768893371 0.538319588055711
-9999 -9999 -9999 -9999 -9999 -9999 -9999 -9999 -9999 -9999 -9999 -9999 -9999 -9999 -9999 -9999 -9999 -9999 -9999 0.542167088877588 0.527221535518171 0.461471584185649 0.330692403540502 0.180768428121366 0.0793753373687419 0 0 0.0670959435014745 0.210440795261044 0.283912185366171 0.364175519440134 0.398813177677732 0.42090673809145 0.368577617780073 0.347795892479122 0.421993235434369 0.452320725938468 0.467425657892396 0.453368654009131 0.461929104489034 0.504540519159698 0.522506239114631 0.525169049899076 0.51807801297879 0.505321478794147 0.477490940567225 0.457786899915477 0.483594980269847 0.521731764957496 0.54152223402865 0.551064887906103 0.551050655930338 0.549646958559898 0.546819650341764 0.542449968100818 0.538039346199001 0.534997480189951
-9999 -9999 -9999 -9999 -9999 -9999 -9999 -9999 -9999 -9999 -9999 -9999 -9999 -9999 -9999 -9999 -9999 -9999 -9999 0.531063697183711 0.501353142158493 0.452021811213449 0.36131695986737 0.177900333829314 0.0393541068921007 0 0 0.0345791642903953 0.17834556153692 0.247906043495596 0.350030136552502 0.403355240091086 0.426060528962252 0.38872522253497 0.365504074713277 0.420820115111532 0.446477250876942 0.438734979011346 0.413986901889345 0.437583826282776 0.493951844487413 0.514281621153406 0.507436068375357 0.489270175369993 0.482024203618119 0.448924309793663 0.428719906927433 0.474175691015457 0.520070849552981 0.537618334497423 0.545053777196361 0.54608551610929 0.546031834705673 0.543468013686738 0.53903732573067 0.534661673489958 0.531758742371745
-9999 -9999 -9999 -9999 -9999 -9999 -9999 -9999 -9999 -9999 -9999 -9999 -9999 -9999 -9999 -9999 -9999 -9999 -9999 0.520254280629654 0.51520536652662 0.47788330703486 0.392185384962979 0.24004690392224 0.0652908976407386 0 0.0341732258801376 0.138186483897489 0.178519474049815 0.228807605687034 0.319763338781608 0.380827896641931 0.413163664539463 0.425711324281705 0.390291554303598 0.393732774052134 0.446059936068333 0.422247170436565 0.404706923114522 0.440647176919043 0.486400186328794 0.509559114872809 0.487639380665708 0.454769953898926 0.438879435579317 0.401697300028911 0.41474566598563 0.476956118023782 0.516518885355821 0.531554237980502 0.538219487526445 0.54046404694211 0.541573907227297 0.538574415086547 0.534536405761158 0.532141882307144 0.529795664487674
-9999 -9999 -9999 -9999 -9999 -9999 -9999 -9999 -9999 -9999 -9999 -9999 -9999 -9999 -9999 -9999 -9999 -9999 -9999 0.479010055051106 0.47928606005637 0.450217829505328 0.376854317807209 0.25339623474756 0.111862339447072 0 0.0496029769064199 0.182764653507497 0.198806357478751 0.202740014550087 0.301942437030138 0.371804068275312 0.385967031033205 0.36161934099805 0.347171594021271 0.389623427961398 0.448275462634276 0.429170039888137 0.413437208701892 0.44121782521275 0.480969920627745 0.501682104019946 0.461855335602233 0.411536416890495 0.379130542910512 0.368359984910435 0.432850315410088 0.482526654867889 0.511460156169616 0.523681103182654 0.53069756971676 0.533665978129203 0.53544947727125 0.533916687309924 0.530900556219382 0.528758101394032 0.527239761709708
-9999 -9999 -9999 -9999 -9999 -9999 -9999 -9999 -9999 -9999 -9999 -9999 -9999 -9999 -9999 -9999 -9999 -9999 -9999 0.437165637005714 0.422136939683216 0.409796175717084 0.320378762324563 0.187397116049194 0.0932692858069221 0 0.00958605747564063 0.183648755191848 0.229210654081496 0.206577325563006 0.301530534308607 0.370455899986399 0.342962920213424 0.248881880618223 0.282559023237667 0.405762543026136 0.451585753217404 0.447029731520712 0.43647693204795 0.445671842098608 0.476848482683499 0.494402211651363 0.445794513503974 0.384667543016618 0.342986274259311 0.358426016169149 0.456390199691588 0.4916631808553 0.505985762589879 0.515844991045324 0.523422750433197 0.527320190573137 0.529964864964866 0.529982679217883 0.527608606354196 0.525776659691621 0.525115621188826
-9999 -9999 -9999 -9999 -9999 -9999 -9999 -9999 -9999 -9999 -9999 -9999 -9999 -9999 -9999 -9999 -9999 -9999 -9999 0.470901571000601 0.437482964673917 0.382331357171231 0.261530030307246 0.0955249040509396 0.0100938770151585 0 0.016246236058715 0.194895354944884 0.222190139448375 0.215296204517938 0.326621382741212 0.387660349794228 0.331198770393402 0.28036222475748 0.376739546278348 0.434702467833738 0.45160374708622 0.453588021284551 0.44716290927921 0.449991771027231 0.472874764981715 0.490999717676668 0.463385899827102 0.4006217540207 0.327133138751626 0.33916250631384 0.440414657365339 0.486466686926264 0.502336638244812 0.510642231257197 0.518710539860608 0.523274533156841 0.526385019797477 0.527263197254303 0.525953905623337 0.52431042770842 0.523884790985557
-9999 -9999 -9999 -9999 -9999 -9999 -9999 -9999 -9999 -9999 -9999 -9999 -9999 -9999 -9999 -9999 -9999 -9999 -9999 -9999 0.471122953984557 0.422432204676023 0.3217312126647 0.146331903374181 0.0273278096928071 0.00072129251669493 0.0472540775260499 0.169594374457033 0.165552986503162 0.159808768761101 0.301647518971999 0.374111671882463 0.387660704479758 0.380963051581743 0.412770232375214 0.426551676379494 0.437184723736448 0.451684653490129 0.453912834963567 0.447390217938612 0.460787123822636 0.479551977480663 0.473691181433359 0.435904900709094 0.342431575432916 0.341658646323231 0.447851415822183 0.485255758349026 0.497884884284565 0.506454648791359 0.513774095512644 0.518407905565336 0.521904725608431 0.523946154189372 0.523285374684557 0.521976990412266 0.522517475101186
-9999 -9999 -9999 -9999 -9999 -9999 -9999 -9999 -9999 -9999 -9999 -9999 -9999 -9999 -9999 -9999 -9999 -9999 -9999 -9999 0.436545640903629 0.439142809099117 0.369816759103431 0.226047527856905 0.0580053560272284 0 0.0517234501003914 0.166661250518609 0.140989307852431 0.153818590746033 0.263178906610666 0.351404293871977 0.407469267841628 0.409488694902264 0.413258007219571 0.417103157513114 0.419448702442268 0.436596546691022 0.447074323543439 0.447849586762529 0.456049833988738 0.463792122513496 0.462291679267207 0.430438078269523 0.379512014060282 0.394891287669326 0.451937136855888 0.476547768158112 0.492991679620852 0.501790439239956 0.509374272122052 0.514183663015282 0.518113050412478 0.520822514597941 0.520175193948595 0.518641256839423 0.520204782581706
-9999 -9999 -9999 -9999 -9999 -9999 -9999 -9999 -9999 -9999 -9999 -9999 -9999 -9999 -9999 -9999 -9999 -9999 -9999 -9999 0.423399896591559 0.407790847964806 0.332862540292348 0.202887144107387 0.0921380186396349 0 0 0.0912959995491072 0.0687193035394114 0.190274935046417 0.294859247947151 0.359700844037642 0.40416479110184 0.408804567830378 0.414063028129476 0.415978341667935 0.411516667530443 0.420869637536135 0.436621868077939 0.436015565547568 0.434647025666504 0.439357564063681 0.431187133838759 0.406246987770184 0.374977028238186 0.388544638736668 0.447011509941056 0.473680857112609 0.490223077109689 0.498700632571729 0.506581669471568 0.511736077584941 0.515643745393773 0.518275349353184 0.518914802308102 0.51750920054123 0.516874982002455
-9999 -9999 -9999 -9999 -9999 -9999 -9999 -9999 -9999 -9999 -9999 -9999 -9999 -9999 -9999 -9999 -9999 -9999 -9999 -9999 -9999 0.426548607753398 0.356627723681272 0.219514878749251 0.0805521359440537 0 0 0 0.0357384221802473 0.187621294090804 0.307698533562499 0.36998998277114 0.396044840838373 0.400361694760735 0.40729152480689 0.41411120879602 0.406364121578102 0.405191733088711 0.420567480617174 0.41928113120829 0.401198010110508 0.385557866936709 0.395353075327026 0.406828247387396 0.370849862381202 0.370682935742555 0.434841273760054 0.464075363774645 0.487444742717075 0.497068010691187 0.504110948877062 0.508692149776316 0.512477254566303 0.514525432033777 0.515251971708121 0.514182008112284 0.512684470807867
-9999 -9999 -9999 -9999 -9999 -9999 -9999 -9999 -9999 -9999 -9999 -9999 -9999 -9999 -9999 -9999 -9999 -9999 -9999 -9999 -9999 0.459956272278299 0.414137762626825 0.284978220804126 0.166469359133261 0.0286912721341053 0 0 0.00871572399611538 0.187886479207493 0.305149105400687 0.360272213479223 0.387594652315036 0.391835887949977 0.400145781412117 0.410116266551193 0.398209129223733 0.389014595833938 0.4058360377791 0.402074318229195 0.362641730657414 0.343452662773909 0.378715877876797 0.398620637523514 0.378844852976849 0.382444448616775 0.430776714310815 0.463096912045476 0.484225752574424 0.495265765543154 0.502477193429993 0.506190219891626 0.509425246956098 0.51142926849391 0.511757672734579 0.510950706207541 0.50913832529614
-9999 -9999 -9999 -9999 -9999 -9999 -9999 -9999 -9999 -9999 -9999 -9999 -9999 -9999 -9999 -9999 -9999 -9999 -9999 -9999 -9999 0.47742793112387 0.384072481791661 0.30465549320976 0.209105713706584 0 0 0 0.0467770657189978 0.190465117152434 0.317754148080434 0.364189361608795 0.380311315611461 0.385583388677849 0.394393037269124 0.405882286682246 0.408060040330636 0.399856017657726 0.397253489457132 0.376388780820567 0.320840395270969 0.324433288503174 0.375298007938522 0.383431179748856 0.386104547318951 0.408278785481119 0.438537341689834 0.464801781579403 0.483618851387531 0.493948704431748 0.501433033505188 0.505175234490418 0.507995604833455 0.509617573191976 0.510266966819678 0.509535443394972 0.507312963527646
-9999 -9999 -9999 -9999 -9999 -9999 -9999 -9999 -9999 -9999 -9999 -9999 -9999 -9999 -9999 -9999 -9999 -9999 -9999 -9999 0.480857750734104 0.474692921818885 0.412904956023518 0.345138448744487 0.294897320053792 0.122235184888379 0 0 0 0.187253881926888 0.313458718621989 0.350376634480853 0.369597253929477 0.376645183290283 0.386443113000386 0.399671985204336 0.40556398185646 0.397899414733984 0.3946650299843 0.371006913569578 0.335433126093743 0.352477982487587 0.363506883574283 0.359821154709286 0.386792060517396 0.42049551930292 0.444083342761362 0.465381448650529 0.480713350348432 0.491019273297001 0.499105946953248 0.503049912570502 0.50500169777595 0.505674595943735 0.505519284450057 0.505851934834245 0.505033704550135
-9999 -9999 -9999 -9999 -9999 -9999 -9999 -9999 -9999 -9999 -9999 -9999 -9999 -9999 -9999 -9999 -9999 -9999 -9999 -9999 0.453834032896401 0.453850077873627 0.40848890527992 0.362465557416832 0.263100806452885 0.0252575369002339 0 0 0 0.204577893752886 0.31141521001242 0.335119405091713 0.361291960215192 0.372517061888507 0.381781308258078 0.393661183385837 0.398590249842399 0.393885163970262 0.397737070329128 0.391497749903111 0.371369639910093 0.377012103446273 0.381866481072088 0.385840728903238 0.407652220645429 0.427997783464166 0.449049375678476 0.467817079813877 0.479744307573016 0.488691942375628 0.49607360300261 0.500098021722869 0.501454936613352 0.50138516305509 0.501380709826332 0.501178157564602 0.500640231999685
-9999 -9999 -9999 -9999 -9999 -9999 -9999 -9999 -9999 -9999 -9999 -9999 -9999 -9999 -9999 -9999 -9999 -9999 -9999 -9999 0.445962774049457 0.433344070117795 0.397627041773686 0.374407030024547 0.306351316251061 0.0938753882790418 0 0 0.0248223473856875 0.23606875294138 0.31198193101937 0.329661055404291 0.351008159562253 0.369515872662655 0.379244277696338 0.390599145387168 0.39620296178186 0.394303339305917 0.39992748373803 0.395635768908633 0.37702518246189 0.382956042678734 0.393755822387788 0.39807828015429 0.41428410482925 0.434041665874796 0.452169717241794 0.467808630497274 0.478351429622798 0.487061130006502 0.49367777654311 0.496924553555326 0.497973154993847 0.498460953554868 0.4986457720988 0.498566504869977 0.498354346837171
-9999 -9999 -9999 -9999 -9999 -9999 -9999 -9999 -9999 -9999 -9999 -9999 -9999 -9999 -9999 -9999 -9999 -9999 -9999 -9999 0.463510361637563 0.449071196763407 0.423323187861614 0.403920119634131 0.37828894922311 0.255163742144535 0.0279340543785802 0 0.018854149272116 0.230496581418734 0.307695501907416 0.30103862629434 0.322406100775263 0.359282811937431 0.374845062236884 0.386851399958648 0.395190494027509 0.40108999992455 0.407435757926823 0.400256280975728 0.38618600428176 0.393944533924567 0.410347898497662 0.421999909932242 0.433758498028494 0.445498440421032 0.458249588874806 0.469570763578509 0.477416118344605 0.485211083428973 0.490072813386021 0.491859533995584 0.492758557348851 0.493777584691018 0.494467240203195 0.494956697645642 0.495416880932016
-9999 -9999 -9999 -9999 -9999 -9999 -9999 -9999 -9999 -9999 -9999 -9999 -9999 -9999 -9999 -9999 -9999 -9999 -9999 -9999 0.481039272528441 0.466828327077857 0.43847130563248 0.403407177862958 0.369192101848089 0.243292505723142 0 0 0.0659360795896202 0.199290664832268 0.28758606757491 0.281972529745624 0.314189794861395 0.352409919857666 0.369305398159988 0.383343882214129 0.391941395401887 0.398193933188759 0.40148462418008 0.393075445935753 0.385449445417474 0.395674075968558 0.410513974623543 0.423306305227159 0.436609120710202 0.447397876479618 0.457845765482559 0.468343195424655 0.47517803478888 0.48053046158027 0.48465319485439 0.486553728107818 0.488229906923832 0.48978475810507 0.490632246197405 0.491616630769217 0.492165007892382
-9999 -9999 -9999 -9999 -9999 -9999 -9999 -9999 -9999 -9999 -9999 -9999 -9999 -9999 -9999 -9999 -9999 -9999 -9999 0.478203003289658 0.475703118074723 0.451199675379641 0.390539242898991 0.333182840611473 0.293487488131004 0.157942424953181 0 0 0.0188892218918805 0.159923236657444 0.259764483503247 0.265754773255342 0.305553745486448 0.348350212115019 0.366265201084566 0.380780945432833 0.389612098058881 0.396023118022722 0.392971560629248 0.382607390378007 0.386646542534316 0.40044449404238 0.412333864644987 0.424308699321966 0.436733433414825 0.44698265599192 0.456069374485355 0.46567487144975 0.472676680194997 0.4770384410339 0.480571623874546 0.482970316045725 0.485041801979153 0.487128098524009 0.488266000789848 0.489278473625371 0.490434014888411
-9999 -9999 -9999 -9999 -9999 -9999 -9999 -9999 -9999 -9999 -9999 -9999 -9999 -9999 -9999 -9999 -9999 -9999 -9999 0.450350268613991 0.451347873234624 0.446390725792372 0.409154880695949 0.377080379719959 0.361780269926234 0.202491466346481 0.0158568485852255 0 0.00122539149764615 0.124009144153678 0.209386816802095 0.24674829013492 0.307994802509351 0.345313261407032 0.362768200082612 0.37686776264323 0.385333909366425 0.392250409408703 0.387529787019623 0.375847782320315 0.385043468867323 0.402739355939265 0.412846318066649 0.423420765697469 0.434877322391349 0.444148703795474 0.452428867683774 0.46138577409175 0.467668829529977 0.471608578526112 0.47513016792026 0.47762901270984 0.48014822257469 0.482732109810443 0.48385742503769 0.485062935241442 0.486900665342778
-9999 -9999 -9999 -9999 -9999 -9999 -9999 -9999 -9999 -9999 -9999 -9999 -9999 -9999 -9999 -9999 -9999 -9999 -9999 0.438259664306086 0.447958854816728 0.456456614900175 0.441782739823554 0.410846327072979 0.302805112991159 0.138983910269367 0 0 0.0740757475666422 0.12818152646707 0.206241025022176 0.237653605324005 0.30676423069775 0.347394005257358 0.361044835081624 0.372434797857734 0.381155556649044 0.388023627982273 0.387381608471876 0.380858559674905 0.387320893952596 0.401657514655937 0.411632416227698 0.421123109052586 0.432062088221556 0.440756897046995 0.448595314095292 0.457505476989613 0.46307304157004 0.46672649047018 0.470256730145068 0.472591695055209 0.4751632504253 0.478073543252518 0.479818190464731 0.481214825629851 0.483258902683989
-9999 -9999 -9999 -9999 -9999 -9999 -9999 -9999 -9999 -9999 -9999 -9999 -9999 -9999 -9999 -9999 -9999 -9999 -9999 0.452569202167617 0.449302781571962 0.451956174304379 0.430360744466462 0.386899462181064 0.267562153834507 0.0976772633425877 0 0 0.0824262903126571 0.164303833262752 0.217063950058129 0.239163376261598 0.299457918573878 0.344541285040508 0.358857015414007 0.370086322094603 0.378488620167998 0.385033611400937 0.389260270838397 0.388265017492707 0.390130172893187 0.399570252485614 0.408885482611074 0.417721268804026 0.428078331273645 0.436734025943496 0.444645632806688 0.453327768196694 0.458875154278312 0.462517464709157 0.4662913110226 0.468765617414862 0.471186326587767 0.474081283720854 0.475859368467778 0.477350090369332 0.479918483972912
-9999 -9999 -9999 -9999 -9999 -9999 -9999 -9999 -9999 -9999 -9999 -9999 -9999 -9999 -9999 -9999 -9999 -9999 -9999 0.476875512052656 0.465297869830306 0.435421879755057 0.421369654832883 0.387909994126151 0.28444140751137 0.142757192132327 0.00340003405260188 0 0.119220241403478 0.201637642024814 0.229075558715874 0.236780912497382 0.277323781149721 0.33324592816889 0.357008144440051 0.369097004185214 0.375816329305995 0.381546959087217 0.388121674776638 0.391906689262357 0.393231247348802 0.398608824115664 0.405419934641971 0.412818194440771 0.421318895243204 0.427997470743496 0.436906399001387 0.446438296121783 0.452028517015336 0.456353446464562 0.460557027017577 0.46332906967566 0.465889827707261 0.468734340272941 0.470720708775129 0.472633057056792 0.475306435455613
-9999 -9999 -9999 -9999 -9999 -9999 -9999 -9999 -9999 -9999 -9999 -9999 -9999 -9999 -9999 -9999 -9999 -9999 -9999 0.46752479635201 0.462239267251237 0.445790047748006 0.418611435150101 0.359523121832142 0.271823379573011 0.157508355394452 0 0 0.164139055466533 0.228570542726688 0.236963729745718 0.235921177843676 0.256005252920519 0.310218750435023 0.353367567530895 0.368194654271005 0.374048286405505 0.378824973402515 0.384721550952801 0.389073559290827 0.390959074607834 0.395103462029842 0.400624214890254 0.406728380590537 0.413758216211494 0.420205446686342 0.429753397910707 0.439032770802482 0.444560694802461 0.449295220136996 0.454042457541994 0.457151477113783 0.460153184579672 0.463647810761662 0.466303581064341 0.468391223423733 0.470811565292185
