layers/veg/veg5200.asc
NCOLS 255 
NROWS 330 
XLLCORNER -2985163.8955 
YLLCORNER -3022031.214 
CELLSIZE 25000 
NODATA_value -9999 
[rows 75 to 99 of 330, columns 0 to 56 of 255]
-9999 -9999 -9999 -9999 -9999 -9999 -9999 -9999 -9999 -9999 -9999 -9999 -9999 -9999 -9999 -9999 -9999 -9999 -9999 -9999 -9999 -9999 -9999 -9999 0.697293596673283 0.681234835462892 0.665176074252501 0.676512605266006 0.694349885825066 0.704738260928689 0.704262871785467 0.689016735168808 0.520865642093083 0.312482927579867 0.308067177700895 0.318809281532424 0.35450680630228 0.460554505349883 0.596227872672653 0.652906141950177 0.693404012216495 0.701339977803202 0.709627395953664 0.718104070030603 0.71891579874259 0.719803672746429 0.721513807777731 0.72228065715193 0.722429234358316 0.722694336005977 0.723091715756514 0.723876542374862 0.72589912675838 0.72890156570147 0.732691114869165 0.736301003061159 0.7387038860801
-9999 -9999 -9999 -9999 -9999 -9999 -9999 -9999 -9999 -9999 -9999 -9999 -9999 -9999 -9999 -9999 -9999 -9999 -9999 -9999 -9999 -9999 -9999 -9999 0.680450990844523 0.665916135494287 0.651381280144051 0.668886100747123 0.693778238482262 0.7081364900673 0.714360150344789 0.709523740533005 0.563727774200498 0.377768004080727 0.331533239846464 0.313189700927194 0.340765411626956 0.460728289308053 0.619495330513313 0.667326330095738 0.701406568221676 0.707814374814367 0.715976759104777 0.725083977099656 0.726116687939044 0.727034542178483 0.728331693961812 0.72971006616884 0.731141673922337 0.730701837378258 0.730439259614229 0.731237988422959 0.733411830556406 0.736674262960961 0.739160746331419 0.741454124627801 0.743401267081153
-9999 -9999 -9999 -9999 -9999 -9999 -9999 -9999 -9999 -9999 -9999 -9999 -9999 -9999 -9999 -9999 -9999 -9999 -9999 -9999 -9999 -9999 -9999 -9999 0.669651398147897 0.675482092643316 0.681312787138736 0.687126020572622 0.693287958019995 0.702437871623499 0.705355618752776 0.699799898020307 0.606480924136446 0.482975837447806 0.365100371026417 0.307805581404829 0.350248941995115 0.4748693992953 0.633766679715383 0.677074931504604 0.707685949878657 0.71274468713324 0.720758341023029 0.730363206766514 0.732795461664009 0.734492562805097 0.734946301327742 0.736068720014459 0.737629421984189 0.737516105178201 0.737617628276472 0.738846600624394 0.740499551714811 0.742488139967594 0.744046914036145 0.745634798807736 0.747595506849744
-9999 -9999 -9999 -9999 -9999 -9999 -9999 -9999 -9999 -9999 -9999 -9999 -9999 -9999 -9999 -9999 -9999 -9999 -9999 -9999 -9999 -9999 -9999 -9999 0.70182111443404 0.701755254232952 0.701689394031863 0.699494584490959 0.697387777396766 0.70087510227205 0.700817634723358 0.695940545490082 0.613365899719637 0.503341001195407 0.386891915266927 0.332880566609187 0.381664775012953 0.500631775928854 0.648719660890619 0.687259321761434 0.714296793694533 0.718186926706175 0.725338551345535 0.734246477356284 0.737231776932774 0.73956397838243 0.740754531323766 0.741660145802156 0.742378998698989 0.74332446777451 0.744294229257867 0.74528027592282 0.74636528726293 0.74752864267885 0.748488977500962 0.749587539203463 0.751378685506524
-9999 -9999 -9999 -9999 -9999 -9999 -9999 -9999 -9999 -9999 -9999 -9999 -9999 -9999 -9999 -9999 -9999 -9999 -9999 -9999 -9999 -9999 -9999 -9999 0.701732847064649 0.70183343883648 0.70193403060831 0.704549793170569 0.707205020693139 0.70446394254952 0.701843178017516 0.699385996009434 0.575573512023531 0.418026217731438 0.394015799805935 0.395895383198729 0.440399462996594 0.540869591056052 0.664521682192301 0.697986530185756 0.721320506454912 0.724266822371595 0.729667933403161 0.736390942669913 0.738874888117577 0.741662641018891 0.745558338447826 0.746295913063025 0.744963510865195 0.747879875822162 0.750345828901348 0.750250450951351 0.750708918716875 0.751605831115853 0.752377865154119 0.753256365498055 0.75464984684004
-9999 -9999 -9999 -9999 -9999 -9999 -9999 -9999 -9999 -9999 -9999 -9999 -9999 -9999 -9999 -9999 -9999 -9999 -9999 -9999 -9999 -9999 -9999 -9999 -9999 -9999 0.702021638608719 0.705746145030206 0.709974159349404 -9999 0.679670717268652 0.680797155332597 0.551224774532458 0.387424610407647 0.400499750989744 0.427765613595819 0.4783946414818 0.570718910043748 0.680136032867939 0.70976830034928 0.730670781545734 0.734005187400844 0.736991991976813 0.739791614529052 0.741640125445997 0.743831647412302 0.746957777991635 0.747972488726744 0.74760327920989 0.749863802202329 0.751641181333893 0.751186522477452 0.751801252273902 0.75326254944967 0.753897353008355 0.754671233048856 0.7565068171764
-9999 -9999 -9999 -9999 -9999 -9999 -9999 -9999 -9999 -9999 -9999 -9999 -9999 -9999 -9999 -9999 -9999 -9999 -9999 -9999 -9999 -9999 -9999 -9999 -9999 -9999 -9999 -9999 -9999 -9999 0.710466082587958 0.664731184646619 0.530984309152578 0.37838988306709 0.410899193887081 0.453478176471296 0.512635554809055 0.598277416753597 0.694505700209795 0.720885475026254 0.739964928166307 0.744353002039813 0.745100896420761 0.74388856739333 0.745055697126107 0.746352926742847 0.747778631226379 0.749204265133324 0.750629852781176 0.751525936130226 0.752028647752304 0.75142808378185 0.752360790157836 0.754507289718801 0.754933507459649 0.755539414160617 0.757899638562495
-9999 -9999 -9999 -9999 -9999 -9999 -9999 -9999 -9999 -9999 -9999 -9999 -9999 -9999 -9999 -9999 -9999 -9999 -9999 -9999 -9999 -9999 -9999 -9999 -9999 -9999 -9999 -9999 -9999 0.729848279312038 0.692666126760165 0.604929840909421 0.510070652938054 0.42133547094427 0.46774255710587 0.518681690492051 0.577082246079679 0.636334154121158 0.695480322497184 0.720808632017968 0.740482281457677 0.748776328798076 0.751588777232862 0.75144940460715 0.751885727118999 0.752604998309628 0.753983031116554 0.755771836142883 0.757829879897326 0.758555543702837 0.7588136897942 0.757948582974693 0.7582850755736 0.759572798455238 0.758806111679813 0.75812476660498 0.759002196733983
-9999 -9999 -9999 -9999 -9999 -9999 -9999 -9999 -9999 -9999 -9999 -9999 -9999 -9999 -9999 -9999 -9999 -9999 -9999 -9999 -9999 -9999 -9999 -9999 -9999 -9999 -9999 -9999 0.771821852882684 0.739796645457672 0.679116891150205 0.579477429475246 0.49996744982301 0.436336657144364 0.512096684766454 0.575689329902081 0.619249973313287 0.660660882500335 0.700871484371248 0.722613619057739 0.739655382457589 0.747237982230609 0.753321996916977 0.758599028988253 0.758687039382556 0.758961923231642 0.760131234450203 0.761675806998895 0.763466342829579 0.764196673334322 0.764449636052073 0.763475404428674 0.76345471987986 0.764188898257452 0.763119060554208 0.76199377052611 0.761696240662465
-9999 -9999 -9999 -9999 -9999 -9999 -9999 -9999 -9999 -9999 -9999 -9999 -9999 -9999 -9999 -9999 -9999 -9999 -9999 -9999 -9999 -9999 -9999 -9999 -9999 -9999 -9999 -9999 0.770482830540369 0.725797533345044 0.671959773154581 0.605678009523929 0.506120712467867 0.409315811070311 0.537669839201312 0.620372235671842 0.627915199523024 0.664340796268798 0.712904118522872 0.727248451013415 0.736807033371397 0.736734633234512 0.747905286333065 0.765130282680024 0.765445166704708 0.765476523781446 0.76619493092844 0.766581873967335 0.766751560408377 0.767749847548898 0.768357603279287 0.767507960287169 0.767489555381642 0.768129189110293 0.768094187759907 0.767793094674122 0.766783517647678
-9999 -9999 -9999 -9999 -9999 -9999 -9999 -9999 -9999 -9999 -9999 -9999 -9999 -9999 -9999 -9999 -9999 -9999 -9999 -9999 -9999 -9999 -9999 -9999 -9999 -9999 -9999 0.74641284351345 0.732109333320585 0.687301631361909 0.644347415142764 0.603913261876213 0.521218917028341 0.435636018322338 0.535720419902185 0.59996356216551 0.605198765027507 0.652336494392251 0.717142399346231 0.736475166596794 0.746938136877239 0.739551270248934 0.749946669365001 0.769917753866201 0.769982379265171 0.769705430132946 0.770217780597695 0.770287919365646 0.770068212547212 0.771008335734914 0.771656402926293 0.771070142892495 0.770971263200068 0.771258211706968 0.771605245255783 0.771759851104725 0.771080795123236
-9999 -9999 -9999 -9999 -9999 -9999 -9999 -9999 -9999 -9999 -9999 -9999 -9999 -9999 -9999 -9999 -9999 -9999 -9999 -9999 -9999 -9999 -9999 -9999 0.768770685437493 0.762259489997549 0.755748294557605 0.722590771559659 0.682288180417431 0.642280693114734 0.611005701066614 0.591603709875982 0.5393497763253 0.481950136137539 0.523324509421565 0.555069552343034 0.570961163958111 0.634840330921518 0.718898140440916 0.746966217798448 0.761170979539409 0.747476802487979 0.755007072212734 0.773966629280501 0.773646405526592 0.773078466280987 0.773482412249892 0.773531615175325 0.773348303433698 0.774068062939007 0.77460013814916 0.774296824946595 0.774075516088857 0.773919124885802 0.774376960589998 0.77482675569869 0.774883015921252
-9999 -9999 -9999 -9999 -9999 -9999 -9999 -9999 -9999 -9999 -9999 -9999 -9999 -9999 -9999 -9999 -9999 -9999 -9999 -9999 -9999 -9999 -9999 -9999 0.772967698840218 0.758541900687268 0.744116102534317 0.73196522067377 0.717878818565149 0.682245490491855 0.640987660880671 0.592082565552703 0.544134539733534 0.500627327296109 0.521647168384006 0.541534733653776 0.559558155081063 0.636001778795279 0.736637104741046 0.742648537712271 0.7479096978232 0.751660987049997 0.762283898417097 0.776607153297615 0.777353316116649 0.777659706379021 0.777988249088145 0.777055784470532 0.775296798504207 0.774877973355893 0.774411530633041 0.773436085584192 0.772837700854169 0.772537810937132 0.77272253541618 0.773049409158943 0.773681924614178
-9999 -9999 -9999 -9999 -9999 -9999 -9999 -9999 -9999 -9999 -9999 -9999 -9999 -9999 -9999 -9999 -9999 -9999 -9999 -9999 -9999 -9999 -9999 -9999 0.778450441075213 0.756420424332616 0.734390407590018 0.737662449907026 0.741850645017601 0.696142425648719 0.644083028461444 0.583388351496114 0.527870637376735 0.479296167894357 0.511487957028099 0.538774604050535 0.557985577004078 0.639847412826315 0.747416297298723 0.736764094561518 0.735675607028483 0.753833417602523 0.766619556939141 0.776513070864501 0.77842678419221 0.779727837968181 0.780157853360837 0.779004164363616 0.776812443738403 0.775257520064984 0.773819526706844 0.772581307947527 0.77178369405732 0.771334879182653 0.771172831399277 0.771146023351517 0.77151220210947
-9999 -9999 -9999 -9999 -9999 -9999 -9999 -9999 -9999 -9999 -9999 -9999 -9999 -9999 -9999 -9999 -9999 -9999 -9999 -9999 -9999 -9999 -9999 -9999 0.786284809748142 0.757218273834382 0.728151737920623 0.736633962742796 0.744571408202111 0.662360664925833 0.598002224881647 0.557916390250177 0.473108260338511 0.384788851472197 0.485815217482461 0.555721618814961 0.574393074029642 0.648602482636779 0.745465913587466 0.728014007153466 0.725320271121389 0.752326305628968 0.765575754795336 0.771417332822287 0.77468362773199 0.777199438576204 0.778054436660174 0.778070390628624 0.777536397059669 0.774849922045128 0.772489701834968 0.771737434438939 0.771065876953886 0.770458212402086 0.769814664691823 0.769012108939107 0.767570831745747
-9999 -9999 -9999 -9999 -9999 -9999 -9999 -9999 -9999 -9999 -9999 -9999 -9999 -9999 -9999 -9999 -9999 -9999 -9999 -9999 -9999 -9999 -9999 -9999 0.780762751699263 0.764651202398709 0.748539653098155 0.754061253663476 0.75821074065276 0.701475523478515 0.658316582605648 0.633616413878495 0.520100661024669 0.39072230809735 0.497730882341908 0.574297102990476 0.600743975421894 0.626565454794795 0.651993395843424 0.668909363727527 0.686774252827962 0.706548778530886 0.723324837925448 0.738486234125818 0.7528740979452 0.764649609333748 0.769968445523681 0.773195168316033 0.775050625176487 0.772609589113754 0.77029028497481 0.769504945733488 0.770162211468783 0.771961496348516 0.770666799352224 0.76906404986911 0.767997376173832
-9999 -9999 -9999 -9999 -9999 -9999 -9999 -9999 -9999 -9999 -9999 -9999 -9999 -9999 -9999 -9999 -9999 -9999 -9999 -9999 -9999 -9999 -9999 -9999 0.768706872414108 0.775329940743322 0.781953009072537 0.780516914019696 0.777191320521358 0.776250629266173 0.770678316386363 0.758808691464856 0.616870411703897 0.445790317667945 0.528034392996873 0.593669217001382 0.631959083983109 0.589465261800819 0.513749228062443 0.585171809545916 0.634437653934095 0.639114637391928 0.660915840837641 0.691938374423559 0.722226691369784 0.747197403689375 0.758955842898158 0.76639183147443 0.770994690019832 0.769472701846797 0.767665473005746 0.766593161311355 0.769167630941192 0.774629026760354 0.772600189824277 0.77018528787633 0.770560657846046
-9999 -9999 -9999 -9999 -9999 -9999 -9999 -9999 -9999 -9999 -9999 -9999 -9999 -9999 -9999 -9999 -9999 -9999 -9999 -9999 -9999 -9999 -9999 -9999 -9999 -9999 -9999 0.785994933687216 0.787243654410488 0.775052455404165 0.766455894050971 0.762746725670089 0.647123311147776 0.501997529956911 0.505279235040615 0.516075889206754 0.539244922818166 0.551090431830949 0.558378822421395 0.593346749394584 0.612705841440901 0.600653260963163 0.631682103743601 0.685910136154561 0.70191578813673 0.717990072924475 0.737388230336505 0.753115617260006 0.766437014852071 0.766932402981038 0.766462645772471 0.766367873665679 0.767811242045476 0.77047225899227 0.769123058663386 0.767305210873548 0.765894356885083
-9999 -9999 -9999 -9999 -9999 -9999 -9999 -9999 -9999 -9999 -9999 -9999 -9999 -9999 -9999 -9999 -9999 -9999 -9999 -9999 -9999 -9999 -9999 -9999 -9999 -9999 -9999 0.795021276183264 0.793731328215661 0.775894083457784 0.766149728151341 0.767408743656472 0.673939208333173 0.55220232252711 0.504316681436441 0.482466531861859 0.503480409248428 0.540950592960946 0.585060713772378 0.590158247007443 0.58655097063672 0.565425882718735 0.604801270011044 0.676755943013791 0.684955919432984 0.695950901501998 0.719180722301239 0.739224160159554 0.757179098236777 0.762053029548876 0.764837972884483 0.764509615104422 0.764902854831323 0.765867337678058 0.765273664579398 0.764070673062133 0.761253149330918
-9999 -9999 -9999 -9999 -9999 -9999 -9999 -9999 -9999 -9999 -9999 -9999 -9999 -9999 -9999 -9999 -9999 -9999 -9999 -9999 -9999 -9999 -9999 -9999 -9999 -9999 0.794495682452321 0.793976214343117 0.792406174662176 0.783137273326346 0.777436832343857 0.776588192776653 0.694601059424883 0.588866202334122 0.553681269114407 0.550191288400452 0.598882895958026 0.594409069296597 0.566980510660143 0.559197472048689 0.549709272431169 0.53678955730501 0.582427726283304 0.659599102731563 0.675294388529888 0.690329976736276 0.708789467689763 0.724101692161739 0.737351055552819 0.751893281517619 0.762229699001972 0.758910928694419 0.758508930776169 0.760415957131746 0.760715003951958 0.760133390363748 0.756840596909195
-9999 -9999 -9999 -9999 -9999 -9999 -9999 -9999 -9999 -9999 -9999 -9999 -9999 -9999 -9999 -9999 -9999 -9999 -9999 -9999 -9999 -9999 -9999 -9999 -9999 -9999 0.794495682452321 0.793030087302702 0.790770869371802 0.785140653881006 0.781276797515561 0.779814543761803 0.725554512414791 0.652445852202761 0.571902695039173 0.540641062210553 0.590515004889522 0.563784317294128 0.504343047148993 0.498992609259546 0.496205702215897 0.498577719064439 0.559185013324912 0.651151792525548 0.670873137784656 0.688051123207655 0.704839608979802 0.717796565440118 0.72824216395088 0.732896083635281 0.737138102231418 0.741625136018401 0.747429941391209 0.754277943206149 0.755303576816083 0.755027771961265 0.752766125484631
-9999 -9999 -9999 -9999 -9999 -9999 -9999 -9999 -9999 -9999 -9999 -9999 -9999 -9999 -9999 -9999 -9999 -9999 -9999 -9999 -9999 -9999 -9999 -9999 -9999 -9999 -9999 0.792143172338409 0.788949939525616 0.784008029826458 0.780659680206666 0.779477989673101 0.762667447373489 0.73213448121873 0.571485065045585 0.484842072469269 0.520040963860952 0.482836094373393 0.415038244119601 0.421285278587677 0.432730069223094 0.454634975258116 0.535422106109398 0.647917100723522 0.669588173446831 0.687772485751027 0.704744899575237 0.716768581688134 0.725548640769092 0.708609707882843 0.698590327958345 0.717344657672949 0.733546959420159 0.747728981989671 0.749381772385764 0.749222909381436 0.748893994164804
-9999 -9999 -9999 -9999 -9999 -9999 -9999 -9999 -9999 -9999 -9999 -9999 -9999 -9999 -9999 -9999 -9999 -9999 -9999 -9999 -9999 -9999 -9999 -9999 -9999 -9999 -9999 -9999 0.788847267007484 0.783944167199339 0.780624884254356 0.779459013183783 0.772784526588977 0.755885195013909 0.608483057452885 0.501725174131006 0.461882732311205 0.410022665012386 0.3543558821742 0.400954089770833 0.428015516023803 0.415760556357107 0.487287373653211 0.603930372921629 0.665073149799652 0.710671792243232 0.722049644892659 0.718058629805456 0.703994162311973 0.708942741493197 0.716233153044662 0.72585097875244 0.735765218496778 0.745914110491676 0.742825783934981 0.738537444506919 0.737032048513794
-9999 -9999 -9999 -9999 -9999 -9999 -9999 -9999 -9999 -9999 -9999 -9999 -9999 -9999 -9999 -9999 -9999 -9999 -9999 -9999 -9999 -9999 -9999 -9999 -9999 -9999 -9999 -9999 -9999 -9999 -9999 -9999 -9999 0.771547407064268 0.647964546133188 0.538893160651464 0.453713018956051 0.385536412530614 0.326427856687694 0.383250841307218 0.414527708929185 0.39439482911337 0.456075517799017 0.561812515363805 0.657314654990675 0.727112694147952 0.733597030704713 0.716524250813794 0.68401106923347 0.70456736668683 0.724202268463342 0.726732372351337 0.733376775459596 0.743278209114433 0.73748713512863 0.730553720563479 0.728082286664129
-9999 -9999 -9999 -9999 -9999 -9999 -9999 -9999 -9999 -9999 -9999 -9999 -9999 -9999 -9999 -9999 -9999 -9999 -9999 -9999 -9999 -9999 -9999 -9999 -9999 -9999 -9999 -9999 -9999 -9999 -9999 -9999 -9999 0.773816384808848 0.688145238526877 0.621049166596538 0.584534521843086 0.496058085837303 0.386106335023696 0.36328855896821 0.366373074318313 0.421584112824501 0.476729869163139 0.531840471292144 0.640947731330701 0.721419528081068 0.725963105875663 0.706628436808031 0.671642882624199 0.682753358119415 0.695396912786592 0.700567459881576 0.715273098137601 0.737527065164406 0.735690767929945 0.731017325960898 0.728698019116609
