layers/veg/veg5400.asc
NCOLS 255 
NROWS 330 
XLLCORNER -2985163.8955 
YLLCORNER -3022031.214 
CELLSIZE 25000 
NODATA_value -9999 
[rows 104 to 129 of 330, columns 174 to 231 of 255]
0.496510819225918 0.49975208074061 0.504512675437582 0.515628945176388 0.525977560272711 0.540088063027996 0.556326402941873 0.567924282036955 0.575898154774324 0.584721258617603 0.593932619725138 0.608967709925068 0.610488166992246 0.637884236973657 0.658090435507791 0.661280377136651 0.669592443346047 0.678568487099478 0.690616218104344 0.70173048861864 0.709898141733175 0.728055658989272 0.739799854514326 0.741527549780218 0.751191559872693 0.754269206294112 0.761745379138529 0.765332156277635 0.766179368632155 0.772697938868664 0.784811764117969 0.79509352788653 0.802982587015978 0.808634386419955 0.813522226354607 0.816710714727819 0.817802509085387 0.826809240428309 0.828920504887255 0.834813671997052 0.836838981756982 0.836369409979967 0.838766537085891 0.841662752524454 0.845738352393398 0.853635443561604 0.860049686000211 0.867313333803585 0.874328078022941 0.878134138999171 0.887101018596789 0.902297907077165 0.914699020303654 0.919925864645561 0.92689150871887 -9999 -9999 -9999
0.497285809624521 0.500665656132602 0.502462625693606 0.514424734450033 0.529595489763477 0.544491036074633 0.552900370683409 0.56097229172854 0.572577151449776 0.582696163322513 0.595038993840892 0.605770872568676 0.622378046001279 0.645234704757424 0.658493490725843 0.657839191976507 0.667364968922077 0.674475600157739 0.686683162145303 0.698853638647405 0.707786331417349 0.724907132062856 0.742853080850542 0.745993188800002 0.750896302337497 0.750916932589067 0.758105436564482 0.762316488198877 0.771940650809079 0.781358964692214 0.789123876956439 0.797364577454079 0.805690101855832 0.812555725048124 0.818301722533498 0.822466847205754 0.823156971067578 0.829212486406066 0.836404489096912 0.836270674260467 0.837528397153728 0.838824084958215 0.84157328753131 0.843137862194736 0.847016889515013 0.855874173801763 0.861066690107001 0.865563652936234 0.87670177040289 0.875989261357229 0.886983121044936 0.898450730355889 0.912917517866615 0.922527483050971 0.926487642390044 -9999 -9999 -9999
0.496019425676989 0.504458726935922 0.5030192362783 0.513485251978639 0.530841923711602 0.545226672689199 0.549519538180564 0.556275398959599 0.57139303565383 0.583029802502595 0.591749165718779 0.611405948177173 0.631428878727049 0.645320248253207 0.649999171259155 0.656485223788044 0.664838544530606 0.672603271157535 0.684038791452901 0.700719415225939 0.715826981004351 0.729335657983466 0.742109106035304 0.746244912358243 0.746898634746625 0.749582554137237 0.75696521723545 0.767221812245471 0.77729574669379 0.782387110755403 0.792668846499905 0.800496630996689 0.808246349262694 0.815770381599695 0.822645914736016 0.82838794214854 0.831676052295661 0.836031375366132 0.840605623479988 0.838403547378109 0.842703334031251 0.844622724094538 0.848107955074532 0.848049692836255 0.848019149944093 0.849790835909666 0.84925183450209 0.854514607997744 0.871600330305579 0.876374339312478 0.891028602119332 0.907883401826593 0.918657682464151 0.922589075594529 -9999 -9999 -9999 -9999
0.494527122250867 0.504338044791422 0.504294547790976 0.513402727861889 0.52799688991958 0.54197050669276 0.551211139519104 0.557798223777239 0.566068189841662 0.575921310819353 0.591088651727048 0.613980922913435 0.631932044654095 0.637894252990273 0.641797389167383 0.656862481773599 0.661158672209886 0.674271827844628 0.694503944422982 0.70740707688315 0.719923455725223 0.730873293528205 0.739596349795966 0.744599534986659 0.746085756276972 0.750643423593758 0.761687629056559 0.772907145683754 0.781811497754911 0.787824659113736 0.796126755388393 0.803929772102352 0.810065888657114 0.816623194983012 0.82444238772522 0.831411034764454 0.836268166367392 0.840976209856135 0.843803002729641 0.84127328496282 0.840794329463417 0.848861920505553 0.8511107046743 0.84599246285757 0.836191139875571 0.842320664501882 0.851280997922949 0.857509168695957 0.870612961232349 0.88108283931152 0.884854622978664 0.897904571338779 0.918787377785759 0.92483196670333 -9999 -9999 -9999 -9999
0.494025011012352 0.501005160234045 0.504362097926781 0.514137860990582 0.528301296410336 0.542261163054603 0.559013375047393 0.567734085181154 0.575360738835445 0.587101654970049 0.602854278557067 0.617624080604463 0.626197861443415 0.630446460923383 0.640769545956295 0.657543568329244 0.672733571123839 0.676700996121649 0.693912992740344 0.710030910265152 0.719444758145214 0.729068609502618 0.737562260591027 0.744215515456069 0.749669801748429 0.756342775981909 0.767599356457632 0.77726569045853 0.782498618434373 0.790763786342217 0.800098100050097 0.807417130926997 0.810368264242166 0.816061855677598 0.824254980064993 0.831121715381605 0.837212968414151 0.843520522825366 0.846327573215776 0.843953982414974 0.838985464057254 0.848573351475211 0.848890984150441 0.842301164453425 0.854134016205707 0.849848182397745 0.850931798923868 0.860925866255196 0.873771402794626 0.883791561677097 0.891512846094759 0.908411642280913 0.925552503748129 0.929879613343229 -9999 -9999 -9999 -9999
0.493405210481605 0.499957138837824 0.504737830028974 0.511232929077872 0.516970322987993 0.535953329364409 0.553689831788356 0.566677865915123 0.576133879571656 0.590198156063723 0.606857735731496 0.619528905079274 0.62495698104062 0.631234217109747 0.645727289780432 0.665636654444807 0.677152263570391 0.684999288339037 0.698772168096043 0.710224239107559 0.719558801028163 0.730891794644744 0.740012851951938 0.744845289304653 0.752362355078339 0.762503846897 0.772605669234049 0.780967023344133 0.787534230198388 0.795147947826078 0.80233951927098 0.808747471381743 0.810625920270892 0.817324461017358 0.823649689515968 0.828400668906759 0.831389188616934 0.835899453209932 0.843454244253446 0.848550278966643 0.848355175654091 0.851125891962972 0.851257492273213 0.85644452993948 0.862481014266222 0.847074920515109 0.848421302603376 0.859447136667293 0.875256144453669 0.892415167083076 0.906984087391347 0.91865587147016 0.929116595435519 0.932946375513756 -9999 -9999 -9999 -9999
0.492180482504411 0.502530899733225 0.506211590224867 0.5053667126825 0.510555770117512 0.526867183321679 0.532436346245661 0.555718360297533 0.574437414664425 0.589134452542573 0.605982080404251 0.621663791201936 0.631979438394557 0.643367605690313 0.65687404892666 0.667972353698417 0.681167614214569 0.68988112962683 0.70307179549312 0.712942900203451 0.723168785399057 0.733787349067124 0.742006122226171 0.747887162094854 0.757924867555295 0.767797802341777 0.770371517606111 0.7774616433847 0.789496103984733 0.796427818848755 0.802400062266488 0.80806325908953 0.811067552536047 0.816295031687367 0.821652542260408 0.82801823629095 0.831649868976865 0.834943898400988 0.84445688592832 0.854922418764191 0.858610710606719 0.860064848755211 0.866132180055119 0.868552222721715 0.871188548893785 0.846507398296186 0.853582393966156 0.865052010673747 0.877965280090121 0.890951137805314 0.908509214400159 0.92356865194059 0.929989648523112 0.930076577734211 -9999 -9999 -9999 -9999
0.488932971723941 0.494665418685625 0.50275347425351 0.507765200695983 0.510068806304563 0.516940511141338 0.526701100005364 0.551170690909426 0.574875806567825 0.589703812084303 0.608341652306666 0.622727535026506 0.633925635850286 0.646743746505088 0.656828785480079 0.66767147942216 0.681132281418151 0.691129858417833 0.705139159708537 0.716778933750466 0.726870555940959 0.733166874887964 0.731597264081989 0.750485487340054 0.75613204765189 0.755496935752025 0.760531365451364 0.772590267252301 0.783326518117484 0.79196527210572 0.802297091882447 0.807673718406933 0.810644301884555 0.814536401208869 0.819336457665473 0.826124814496188 0.828386186649392 0.834480712982584 0.849131387399118 0.860591518375162 0.866688847006648 0.869083602329913 0.870337632472958 0.872611856589632 0.875984343604565 0.862902920908818 0.866574715485279 0.889871238842904 0.902632704009352 0.907328157599574 0.918197109150171 0.927497061707385 -9999 -9999 -9999 -9999 -9999 -9999
0.485957395782335 0.492898961584821 0.497510536053047 0.500390724739192 0.508494695833557 0.516770842625369 0.52921049713906 0.551161082073586 0.577268812330455 0.590647801886431 0.60693198382227 0.619806982358891 0.633392790966692 0.639040469834407 0.65137554446128 0.667378340919889 0.680578603231934 0.691591087088349 0.705084290077206 0.718245176445746 0.729353610712498 0.739842293255733 0.746998029997969 0.754437118561288 0.742845854361091 0.739155033593854 0.756863019462663 0.772185026609202 0.773781273339207 0.785004451848156 0.800909361807567 0.806384383613558 0.810751786453796 0.816789699256471 0.824434663324521 0.828446859789624 0.825750352117147 0.829841231553291 0.848855681802163 0.864701380982733 0.873010454782414 0.870304849547456 0.873989883931888 0.881169686447183 0.883715891930336 0.884213545803321 0.882449726501449 0.892103463387096 0.909967065700247 0.915225671151155 0.924728188665711 0.926704121732736 -9999 -9999 -9999 -9999 -9999 -9999
0.48553029187111 0.490893364288874 0.495244177649106 0.498913563004374 0.507187358454143 0.52070494609428 0.531338686590659 0.551811098317235 0.57770695348857 0.589654573404803 0.600852062039942 0.607712518406221 0.626361152017757 0.635954413047566 0.652130900569864 0.669305492180445 0.680975297693564 0.692204096590106 0.705419725859054 0.71894641106487 0.731349484228251 0.740867137999333 0.745946692892079 0.732635935501364 0.718854791219443 0.731817075650488 0.761896030304278 0.775831264124019 0.76725838707584 0.781610849478763 0.800062787264285 0.808502615453872 0.812246158575845 0.816696811394073 0.826026013084932 0.828979171054132 0.827570851421187 0.836138438031869 0.849040067257622 0.860980708326059 0.870464498674053 0.874436729735719 0.882296837653258 0.891499410773601 0.891289212899918 0.889302041804161 0.895935488999805 0.906184353008965 0.913747836729796 0.921907059289174 0.927053158316544 -9999 -9999 -9999 -9999 -9999 -9999 -9999
0.480326580697965 0.480936708870058 0.48704211739117 0.495064055306521 0.50603080133982 0.522527478666386 0.535243626972781 0.552959282011028 0.570952550051393 0.587337419158522 0.599366953580231 0.614937906827773 0.630623962839682 0.637257275621092 0.65598924961974 0.673584922737083 0.683410772583475 0.694870824878328 0.708802030911268 0.720321774655942 0.731076716515564 0.741469190126476 0.746100963854235 0.737060353363778 0.724748616958994 0.740129224182962 0.769482418328803 0.775758565950517 0.764960476481756 0.781272851212283 0.803115910647276 0.814157713982771 0.8169041486548 0.819523650623503 0.824551201235602 0.824454050985174 0.82368012642858 0.841101893810213 0.852294757167192 0.86433845342443 0.870514300741481 0.878596354416281 0.885465452940871 0.89627300923973 0.897877229940148 0.897828141761914 0.903236861109491 0.911467300576132 0.918554419170433 0.925164977104505 -9999 -9999 -9999 -9999 -9999 -9999 -9999 -9999
0.484208001672378 0.480927614373972 0.480483247551273 0.489265640081148 0.503160424890831 0.521780690644797 0.540306649186254 0.556009566081002 0.572261892957819 0.583530952948242 0.601208353741471 0.620443573014939 0.63516958491033 0.642100580323783 0.661233925524632 0.677940817991399 0.688265613575748 0.699660401820447 0.712648796612058 0.721528156174595 0.730838456344277 0.74107183215911 0.748202777849181 0.749325668077137 0.743414643119677 0.753127392571651 0.771807913665678 0.769584371823173 0.783116320864961 0.798825136494225 0.8108599233228 0.818890419818862 0.822599661733148 0.825813811572577 0.82720022522609 0.827419464715948 0.828791746121047 0.839389657855716 0.857952696515848 0.867696169569022 0.870681422274075 0.879394698230736 0.884379899102715 0.898563096436855 0.903083285541184 0.903590241113821 0.908540208201653 0.914921232997702 0.918262386685104 -9999 -9999 -9999 -9999 -9999 -9999 -9999 -9999 -9999
0.488793628792887 0.486089675601868 0.481201864384261 0.48635675367956 0.500731026703368 0.517824490118729 0.534272659352262 0.547950377205198 0.565497965277721 0.587583006279717 0.605711641032077 0.623308772921126 0.637962583456837 0.649599728067467 0.664884412854111 0.679999652754221 0.690701759580171 0.701797393894512 0.702770707221651 0.712981087898932 0.726123904687023 0.733961498563051 0.739475427669588 0.745755525970644 0.749459513503266 0.75866293644492 0.770752777753663 0.769361892462607 0.770130071592996 0.807925957957877 0.815441759043518 0.821591034893665 0.827716223570013 0.833334051781558 0.836238170560641 0.842349583669315 0.846430071184612 0.850413382395875 0.860533811550108 0.868914228753035 0.873295082948245 0.881386086175777 0.888433558649964 0.898019586515619 0.900417051138912 0.909114030276538 0.912337668403573 -9999 -9999 -9999 -9999 -9999 -9999 -9999 -9999 -9999 -9999 -9999
0.48968646760794 0.490471829785096 0.490111128490814 0.489322482566045 0.502155811209832 0.517772928269177 0.535712921961638 0.552224783072888 0.567434666514628 0.587421045520198 0.608095451718934 0.624964112012535 0.639913574610629 0.653949556244324 0.66466125548014 0.681114356261587 0.691946029258691 0.702718572760222 0.685841664738523 0.697038185098027 0.706269533639343 0.722416999116098 0.728479863206624 0.734641111686658 0.743433517250307 0.753878769009808 0.765146258783052 0.771365642893723 0.786817279706415 0.809196106735458 0.817595166357974 0.823499729681603 0.83114320435701 0.838477022892493 0.842537688177206 0.844495004224122 0.854198097676682 0.860065529544673 0.859119188033896 0.865092858291884 0.877481819822131 0.886519421040378 0.896643892002426 0.903910961199703 0.904566985279034 0.912574011136172 0.913026687597904 -9999 -9999 -9999 -9999 -9999 -9999 -9999 -9999 -9999 -9999 -9999
0.490287445662976 0.498836735396627 0.501983134911772 0.493390023248908 0.504637226938688 0.520158163029815 0.535621819797121 0.551362499981223 0.563497771179461 0.585247218449582 0.609482820492504 0.625361824449607 0.639701963011158 0.652453082193078 0.663408204001724 0.681971554963371 0.691277956937544 0.697684709966906 0.683877583400789 0.692663767601017 0.701832385850554 0.720730270268665 0.729745128101712 0.738670538810693 0.739924790118683 0.741669187897662 0.758910711395507 0.778536769290642 0.794288689014658 0.808930277549353 0.81917727840569 0.825722561438717 0.830371720256832 0.839137625907793 0.848455977512886 0.85103592053441 0.860618741515433 0.86501772219771 0.860715145405321 0.86445242315015 0.880920397131566 0.89449403495732 0.900712667926333 0.904955982223456 0.907080526983676 0.912715631132124 -9999 -9999 -9999 -9999 -9999 -9999 -9999 -9999 -9999 -9999 -9999 -9999
0.490962886573546 0.497872163318048 0.491716176373185 0.491167709043061 0.506401175203332 0.523242844001862 0.537538357212706 0.556982714221757 0.564360184122323 0.58205278094283 0.604183924357484 0.620039670650487 0.635249978418241 0.650850199971098 0.659308717456021 0.665053328736435 0.691367352873034 0.696259195955741 0.676650222359209 0.690129989046497 0.706765794319966 0.723336598688845 0.732607552328652 0.738242478889524 0.733748770934501 0.745322069699547 0.765621322618208 0.782917531193198 0.796721295616533 0.810509088753596 0.821028714223294 0.827605268662111 0.832372942313038 0.836936369336005 0.841568689854391 0.850745362783627 0.857949629714445 0.86634268910572 0.872514627178957 0.878661642159817 0.88704554020142 0.89707190368713 0.901264135229188 -9999 -9999 -9999 -9999 -9999 -9999 -9999 -9999 -9999 -9999 -9999 -9999 -9999 -9999 -9999
0.494392779356938 0.498493234823879 0.495308023717549 0.48747726019324 0.50759536789966 0.523502170940105 0.538850339150207 0.559272936200938 0.569399247938586 0.576989937223704 0.588755223643205 0.601961867683777 0.616665507306149 0.642168268159691 0.658583062730389 0.665937331606104 0.691176430704771 0.69477277426672 0.686181365568909 0.688395368875567 0.689636641525135 0.719784849325934 0.727406706179411 0.724390803759741 0.73514703748066 0.754547367955983 0.772909447550896 0.787720502971632 0.801945268427665 0.814605224897736 0.823586350604952 0.830986982968576 0.837766946863583 0.841093047821034 0.845202554791464 0.850627554714173 0.856059070785889 0.868159083605947 0.87592793202409 0.883821307607163 0.892909777465479 0.899970890018603 -9999 -9999 -9999 -9999 -9999 -9999 -9999 -9999 -9999 -9999 -9999 -9999 -9999 -9999 -9999 -9999
0.481813781226892 0.499239821087313 0.499498365021808 0.486008345135141 0.506888477605621 0.522748567483942 0.539044988472428 0.553118005616094 0.569660086446649 0.579433795079762 0.589908280358894 0.601407993650957 0.614021838314081 0.642220880868857 0.664103620870055 0.676189935620059 0.689721455285679 0.697363870563396 0.709077753282338 0.696214875905031 0.689540706706559 0.702860394831648 0.730562344490699 0.727973856702743 0.745921202861322 0.759703524294515 0.777693810065975 0.79428789206499 0.810332952309374 0.821959224443769 0.82603210452249 0.833275487288143 0.842256394263708 0.846560957676904 0.849986849164426 0.852172309620818 0.861459265973859 0.869428005546602 0.880847687101459 0.886048043483962 0.896606930446727 0.897493642973591 -9999 -9999 -9999 -9999 -9999 -9999 -9999 -9999 -9999 -9999 -9999 -9999 -9999 -9999 -9999 -9999
0.4754551404053 0.489098642570801 0.494516447940397 0.484827052163741 0.505556406484536 0.522642923225599 0.538657100244501 0.552926615326336 0.560954626060991 0.574665819408745 0.587020228968556 0.601752332742694 0.626252043716764 0.650888218745861 0.669573869127534 0.682344169826927 0.686208340415611 0.69566980522418 0.709068070525302 0.699648659466524 0.689301896824914 0.70296326556259 0.733934848512426 0.727438258100578 0.759182257861431 0.761967914578389 0.781514562846146 0.800316557707398 0.814801316509967 0.824569013380491 0.82761382905125 0.834832999874509 0.843652304833116 0.84969171637614 0.85287678393294 0.854779620193509 0.863031050161829 0.875301050986266 0.883947252592114 0.888699635485345 -9999 -9999 -9999 -9999 -9999 -9999 -9999 -9999 -9999 -9999 -9999 -9999 -9999 -9999 -9999 -9999 -9999 -9999
0.478640519119086 0.48403813964525 0.486962986352346 0.484454792209762 0.50519620615721 0.522198015619962 0.537639638988406 0.551189406724572 0.563028441685234 0.577192118546563 0.588481419080197 0.605022094671021 0.631924354550722 0.655018748995146 0.671884959413992 0.682968648382955 0.680712568133674 0.688899304877107 0.711362176454109 0.703583742898053 0.688663863046263 0.705152869347661 0.721462098061478 0.722933966506657 0.769664319494806 0.768436967133793 0.78735264554732 0.800591778855514 0.819356777783752 0.827092031869853 0.832368815121265 0.839050608411387 0.845526012422269 0.852007401697655 0.858240423436018 0.863338939935794 0.869829220187139 0.877529584435491 0.884561568955636 0.887316288129171 -9999 -9999 -9999 -9999 -9999 -9999 -9999 -9999 -9999 -9999 -9999 -9999 -9999 -9999 -9999 -9999 -9999 -9999
0.484691033730752 0.487409716131242 0.485980283079223 0.487573410274313 0.5055644500822 0.522236611475449 0.538238210903878 0.551776894811059 0.568051072749703 0.581003403905208 0.590681477462937 0.609443558283787 0.634958041242517 0.656765365834055 0.673248874580632 0.683040002924503 0.684090833120206 0.675567918156908 0.700406154345531 0.708681154394621 0.696010173432907 0.699062414059389 0.707148947024782 0.725619576308698 0.773671448862008 0.780192087168585 0.797329281575639 0.799945201724705 0.821796938083772 0.829453887253425 0.834995411373849 0.836491524303291 0.845877694152755 0.855494082734868 0.864760462845227 0.866735250405481 0.871284449676 0.880125008317017 0.885583454353152 0.886675510420646 -9999 -9999 -9999 -9999 -9999 -9999 -9999 -9999 -9999 -9999 -9999 -9999 -9999 -9999 -9999 -9999 -9999 -9999
0.487314868381847 0.493121762505507 0.491127126191837 0.493628891536668 0.506494550257195 0.523971757920283 0.538817472555405 0.552901283003592 0.5677033180371 0.583306761136529 0.598075299000248 0.616141939811057 0.638176832086199 0.6584708818702 0.674276380096922 0.682970644169322 0.687855055868543 0.671248962890707 0.700516010560149 0.7152639100387 0.699897570236528 0.697948499422961 0.708245209148958 0.730593863643201 0.767365514370059 0.790249229490674 0.797184124852642 0.804655714790887 0.808874987200615 0.811443550094487 0.826501733680826 0.830629753011517 0.845688238055159 0.859891317162204 0.866990887140222 0.871975588632789 0.877779441182866 0.883347129142038 -9999 -9999 -9999 -9999 -9999 -9999 -9999 -9999 -9999 -9999 -9999 -9999 -9999 -9999 -9999 -9999 -9999 -9999 -9999 -9999
0.485796623560178 0.494303041600044 0.483930617507505 0.486714548735597 0.507453319114829 0.526482830741892 0.540872365708795 0.552780133928786 0.566362004061058 0.585206224145852 0.602428113778589 0.616978399009816 0.634141205149317 0.658094420790022 0.674679342350068 0.682256280206242 0.677573849644963 0.677940854554439 0.699691798694885 0.711889373519077 0.693651291193842 0.709339154857476 0.717306851105433 0.725086278529173 0.757718075982175 0.791008972125139 0.793130961014976 0.788241603879646 0.790743242629253 0.793384223751943 0.811027072039282 0.83696172566303 0.850214183840367 0.862111387648108 0.874490210586778 0.877283378819364 0.878928601553889 0.879787358676649 -9999 -9999 -9999 -9999 -9999 -9999 -9999 -9999 -9999 -9999 -9999 -9999 -9999 -9999 -9999 -9999 -9999 -9999 -9999 -9999
0.487053534670465 0.494245908691169 0.488063414216006 0.491349951635528 0.506877184271312 0.525106247139291 0.540077067736579 0.552367412045308 0.566880955878174 0.584746424294099 0.598054985783616 0.608309224738902 0.628547821552366 0.659741656479168 0.67325041935033 0.680703819809171 0.676187778906702 0.682050415965425 0.691229196179739 0.711972035969422 0.699725620488696 0.721878576323464 0.715506624402424 0.726310947861958 0.759278214610211 0.785350406684616 0.783401372473399 0.778918804904333 0.785820938482028 0.788802989000272 0.803676443856366 0.842706764867063 0.851880490966895 0.864875583524695 0.875543145367558 0.878733062648439 0.87741485672202 -9999 -9999 -9999 -9999 -9999 -9999 -9999 -9999 -9999 -9999 -9999 -9999 -9999 -9999 -9999 -9999 -9999 -9999 -9999 -9999 -9999
0.490254711770309 0.488760879645155 0.484587825909978 0.492730902105053 0.507361557086226 0.524233823015019 0.539167478521846 0.554123025000925 0.569747757969047 0.583965063854801 0.596381524349156 0.615980905379704 0.643665382871353 0.660481849719015 0.673216098718356 0.681206543371807 0.684191782066704 0.684778388544891 0.685691380471436 0.72546099424023 0.741293709230059 0.710737852139195 0.70856613612005 0.744953428712095 0.77622756012545 0.788384236675775 0.777841941353817 0.78212145642453 0.79492345718484 0.800275337577468 0.816065984413106 0.841684001440224 0.853351609165255 0.864567485476126 -9999 -9999 -9999 -9999 -9999 -9999 -9999 -9999 -9999 -9999 -9999 -9999 -9999 -9999 -9999 -9999 -9999 -9999 -9999 -9999 -9999 -9999 -9999 -9999
0.491208158280221 0.491270368201847 0.49427078145502 0.496365003763257 0.507675197373128 0.523631540889714 0.540290466641011 0.557217067195946 0.573792269783856 0.590251857547217 0.608792570420382 0.626897420484299 0.644667606603076 0.660009650950555 0.672266642093919 0.681926322264884 0.690935638272111 0.692001841833564 0.692140013103925 0.724718420904337 0.734688561074389 0.749870189736039 0.744475749483618 0.760697597848856 0.789123903023028 0.797327214094061 0.788897704913594 0.795414820058995 0.806104740279838 0.823494726116834 0.834069239502875 0.841718363296838 0.853985603856951 0.865428937664401 -9999 -9999 -9999 -9999 -9999 -9999 -9999 -9999 -9999 -9999 -9999 -9999 -9999 -9999 -9999 -9999 -9999 -9999 -9999 -9999 -9999 -9999 -9999 -9999
