layers/veg/veg5600.asc
NCOLS 255 
NROWS 330 
XLLCORNER -2985163.8955 
YLLCORNER -3022031.214 
CELLSIZE 25000 
NODATA_value -9999 
[rows 234 to 259 of 330, columns 58 to 115 of 255]
-9999 -9999 -9999 -9999 -9999 -9999 -9999 -9999 -9999 -9999 -9999 -9999 -9999 -9999 0.633676425313573 0.614693646896683 0.571518881211953 0.5392974140097 0.527458567337885 0.496795167438867 0.451037328720597 0.369990765625669 0.298534710156495 0.271104699025422 0.272978439000456 0.292790954863517 0.246753213452129 0.240279121586464 0.262715138472468 0.265520065647781 0.249894294705697 0.234523309049142 0.22181714866988 0.218495256251233 0.21542908861675 0.205580616437016 0.207728342630259 0.197876266007522 0.184421542620492 0.172290775056967 0.160525534654698 0.147898248719546 0.138345806164262 0.124700043701343 0.117886386183855 0.111505338851597 0.104645745387238 0.0980672941889413 0.0946492741361237 0.0892721366036097 0.0809577218175541 0.0717360040516867 0.0640383823823147 0.0551740131359022 0.0533007183856972 0.0518534222235022 0.0505756221122889 0.0482753000570209
-9999 -9999 -9999 -9999 -9999 -9999 -9999 -9999 -9999 -9999 -9999 -9999 -9999 -9999 0.627825902582524 0.612367344325179 0.57453810442816 0.559005495872531 0.536845214973923 0.503934671358627 0.457734049389669 0.387650020869228 0.323429987480162 0.317495279670369 0.31599284886423 0.310975006312651 0.292531252689819 0.267877371990012 0.26198738088923 0.265320404418999 0.244714814376973 0.243386887865021 0.240901566870977 0.233133971611118 0.225893871975187 0.215006168511981 0.207586303854869 0.197406471944446 0.185867764676755 0.175605174057903 0.164346720026289 0.153339546742888 0.145432731486329 0.130588125227702 0.117028112284015 0.11099332072245 0.104692757022518 0.100720660543193 0.0965973040757367 0.089896000327373 0.0799938036940532 0.0708368698627187 0.0618351781160916 0.0462236273673213 0.0442922752890558 0.0488336510338451 0.0488131154036422 0.0479452818365252
-9999 -9999 -9999 -9999 -9999 -9999 -9999 -9999 -9999 -9999 -9999 -9999 -9999 -9999 0.623654574389697 0.606166902730058 0.567823397671074 0.569959369993189 0.549595412331399 0.516906105860172 0.476712351404218 0.409694225464706 0.334673163170151 0.30565124304013 0.299791003584871 0.276762822573481 0.306829009099562 0.288230623462428 0.276094663498026 0.274099180566565 0.245289564170069 0.248099352890085 0.255915847797487 0.24568424728641 0.236684135060706 0.222534113829603 0.211639855887909 0.200928760985826 0.188959244354261 0.178306887109943 0.168109897805055 0.157624807924328 0.149444167090526 0.135526656549483 0.123123003283344 0.116016130964682 0.108242479387156 0.102933232937938 0.0985361631797711 0.0902978787557558 0.0813985107672971 0.0724445119837284 0.0645673111538339 0.0437966629684399 0.0351230781877396 0.0466003521454754 0.0477084522982575 0.0483544564216629
-9999 -9999 -9999 -9999 -9999 -9999 -9999 -9999 -9999 -9999 -9999 -9999 -9999 -9999 0.626782048595919 0.607812349419979 0.561927429333791 0.57325841428528 0.561135325895367 0.529705452904096 0.47990531540453 0.425060140442443 0.333596604707005 0.286330490383682 0.327972691949112 0.273054475681345 0.317602858669865 0.315296273248804 0.295150972236923 0.292076098489918 0.281421667028023 0.266272133111669 0.261520487364323 0.251134893020276 0.244253804779037 0.231472251293732 0.219273226845836 0.207964389532775 0.194436269326417 0.182663413804134 0.172066744753542 0.159873533657016 0.14835891307022 0.137289281486026 0.12533877899299 0.121606727555282 0.118247123003135 0.112146644718266 0.10664580545335 0.0962654853629256 0.0838667748971881 0.0769593941072312 0.0704199778653637 0.0599667994902422 0.0476133379830329 0.0504670463179683 0.0470058319703521 0.0489291221825631
-9999 -9999 -9999 -9999 -9999 -9999 -9999 -9999 -9999 -9999 -9999 -9999 -9999 -9999 0.627787210435885 0.618537606751949 0.580089464283022 0.579894493412105 0.568577912956459 0.533790250981771 0.483155800313661 0.437470497570602 0.386242507441847 0.31821261923203 0.334458689993058 0.308835556871637 0.315597444100825 0.3290286183908 0.305506111030204 0.306479732954473 0.312914011097819 0.295332740140529 0.268335845443025 0.255479946494817 0.24625953989761 0.234936451968615 0.224246878465368 0.215523869752678 0.199758978319284 0.187842915044479 0.176652844016145 0.164827529182746 0.154301791915256 0.142482648523543 0.131389087039075 0.12438323588736 0.119031901822148 0.117039447660994 0.115389960893641 0.100807656335148 0.0980083347011668 0.0843377696383018 0.0767465110174837 0.0681355204783276 0.0638173007040226 0.0603144623121191 0.0544632487026705 0.0533172762047543
-9999 -9999 -9999 -9999 -9999 -9999 -9999 -9999 -9999 -9999 -9999 -9999 -9999 -9999 0.627826970546663 0.626474994089371 0.616662942697222 0.599486708308102 0.575857152029797 0.53984303059837 0.504911594331094 0.448606060647445 0.399477443684278 0.347104967974751 0.349063235576723 0.34672770796127 0.347436515811731 0.34035623575339 0.322231248605946 0.324731347780653 0.309192350792312 0.297583765737675 0.284503922973827 0.266141779738837 0.249827939539831 0.234754282473339 0.226261031316159 0.220055470016398 0.20650366676423 0.193910599585532 0.182193794999487 0.170212136076168 0.160507280280405 0.1492261623338 0.13896018763193 0.128787501810765 0.124642051704886 0.121901510940865 0.11603880547425 0.107208995273975 0.100693148261308 0.0913317652401894 0.0846260485959866 0.0777674686060654 0.0720897669908108 0.0671508075893366 0.0621717595650483 0.0590464490457582
-9999 -9999 -9999 -9999 -9999 -9999 -9999 -9999 -9999 -9999 -9999 -9999 -9999 -9999 -9999 0.621108852743659 0.621132639843367 0.608999138481019 0.590060413740863 0.55918475690968 0.522726444688033 0.465426085668695 0.405747419282288 0.370713234723266 0.349471516557073 0.360734969696514 0.360105548251151 0.348992685498738 0.338329572556926 0.324686875092465 0.312420458355069 0.302788324840978 0.298987401737545 0.281008827471709 0.265515655601455 0.245866453307249 0.2323923922416 0.222293340960932 0.212917308847821 0.199405589738696 0.186665145869114 0.174638683049589 0.164795080297306 0.15452801250082 0.144301243807793 0.133704852698234 0.127819414602427 0.122074662792619 0.114393721170521 0.108000359367117 0.100775311873985 0.0960627447584979 0.0901352642742689 0.0816880541019074 0.0738215317309376 0.0748516241220198 0.0713987396265111 0.0681986048175823
-9999 -9999 -9999 -9999 -9999 -9999 -9999 -9999 -9999 -9999 -9999 -9999 -9999 -9999 -9999 0.659123239748504 0.637215845574219 0.62894646146059 0.604546816753721 0.575350663784185 0.524720847106243 0.466164571227966 0.431465773756135 0.391259763304611 0.357411793703962 0.36058363868442 0.357195184738726 0.353894606126076 0.344045660633455 0.331224905947932 0.327439015499676 0.317388975100885 0.307322771030201 0.294234290737462 0.277389394293492 0.253442247544707 0.240055785922946 0.227867300729357 0.214982394752928 0.2033483050718 0.190247703673081 0.17808175516408 0.168020843945033 0.157860950633226 0.147283827795146 0.137590890795702 0.128891411872729 0.121767468054945 0.115934502394438 0.109241045502838 0.103813065764164 0.0986290067967755 0.0930315149419318 0.0905640770028521 0.0844158168894215 0.0786118769966835 0.0745885913495975 0.0714204100155146
-9999 -9999 -9999 -9999 -9999 -9999 -9999 -9999 -9999 -9999 -9999 -9999 -9999 -9999 -9999 -9999 0.674046963739844 0.654796375739533 0.628300045155721 0.597492636085048 0.565917924083233 0.469626594630463 0.433824229924672 0.406600783499476 0.379010864783693 0.360416163340641 0.356070069132144 0.352737677664078 0.345688278042337 0.337482132666255 0.329813763619692 0.322096436723564 0.310749385171696 0.286784323113511 0.269440746709333 0.253142805232849 0.243956508764271 0.239362950977799 0.226082425221359 0.209218483204329 0.197552867896269 0.181950798173025 0.17142316818113 0.160975503405346 0.150390249674107 0.140568009821747 0.131287461057038 0.123882068231593 0.118764111047091 0.112015214907364 0.106710143757849 0.100542315777917 0.0950829039035297 0.0908671479096519 0.0858813645173627 -9999 -9999 -9999
-9999 -9999 -9999 -9999 -9999 -9999 -9999 -9999 -9999 -9999 -9999 -9999 -9999 -9999 -9999 -9999 0.692962367458784 0.668677243893244 0.640981018585086 0.606995720835367 0.542837146896947 0.487215790155858 0.43157288032048 0.431186388133427 0.405033597909793 0.3664771608378 0.367478283123593 0.367209060763713 0.362356670795399 0.355286261388852 0.343367376254704 0.326732801172878 0.29669437860261 0.275561489668168 0.271593274413843 0.264028392659247 0.255453726462534 0.238310883951205 0.222534859611023 0.209712779969008 0.19718750866856 0.188961703105385 0.179391985239661 0.166102858888008 0.154522697982659 0.144135810999279 0.134919993377984 0.126553482212527 0.119712820136974 0.113628034388146 0.107001827535488 0.103126962700027 0.0974783350285992 0.0923392905005639 0.0906007851907425 -9999 -9999 -9999
-9999 -9999 -9999 -9999 -9999 -9999 -9999 -9999 -9999 -9999 -9999 -9999 -9999 -9999 -9999 -9999 0.703354282113192 0.67211737683054 0.642025005516572 0.615646678710886 0.547462004723969 0.520672143381706 0.460589034212362 0.436989230404685 0.439232383848222 0.393889646447649 0.386559897877863 0.396885988667611 0.388948953776762 0.375747201650837 0.355611189905136 0.329575397000656 0.29821309473251 0.282374940824704 0.271587974458042 0.269893554666839 0.265089291910374 0.255338687686106 0.239485135297047 0.214518634908663 0.200682512964754 0.192848626659065 0.185003357706126 0.171700153726773 0.158904503111749 0.148204219957395 0.138738491285827 0.130036155231024 0.122976139347861 0.116196365624429 0.109251574092089 0.106119037235707 0.0998651412900215 0.0945118625791636 0.0925822678773254 -9999 -9999 -9999
-9999 -9999 -9999 -9999 -9999 -9999 -9999 -9999 -9999 -9999 -9999 -9999 -9999 -9999 -9999 -9999 0.713905698190814 0.686441178772695 0.649739224030391 0.618906625902707 0.565824183644654 0.549173100813315 0.457983536969155 0.46210467930367 0.468587035154924 0.427926713954473 0.405891661578418 0.411172122886578 0.402452127622218 0.382323745058499 0.355361036082671 0.328389208928768 0.303308451717699 0.289597953969555 0.275256020949426 0.270165786049535 0.265514646357439 0.257737800328572 0.243059826877035 0.221754566211031 0.205866023462871 0.195159995189466 0.185747149809494 0.176021429916403 0.165568734317064 0.154963017039915 0.146523492963435 0.136035405775531 0.128631917293543 0.121502551122084 0.114350248041943 0.107663547923847 0.101783232387696 0.0963706017172781 -9999 -9999 -9999 -9999
-9999 -9999 -9999 -9999 -9999 -9999 -9999 -9999 -9999 -9999 -9999 -9999 -9999 -9999 -9999 -9999 0.7208714717113 0.703380612657237 0.669557465770291 0.626371925634087 0.585260985828135 0.549415018405434 0.495659878939951 0.491373669270773 0.481095671267483 0.441431459867236 0.430457813338918 0.430114441974639 0.406873530505404 0.373523021717238 0.351404697364812 0.324032574039802 0.301771231314948 0.288304107699002 0.278566490274817 0.269381832086868 0.263601943375138 0.255371851743595 0.241514681587667 0.2283496394935 0.211482547384503 0.202768572459379 0.192741032271704 0.17918563537067 0.167180228852963 0.15666740686811 0.147382323017209 0.138719522221238 0.129913303462138 0.123432362220096 0.115927561669984 0.109386575285809 0.103926409028429 0.0980775332269441 -9999 -9999 -9999 -9999
-9999 -9999 -9999 -9999 -9999 -9999 -9999 -9999 -9999 -9999 -9999 -9999 -9999 -9999 -9999 0.719335758716945 0.722499926794791 0.71170700531871 0.689834130588744 0.648368061310978 0.59085825880234 0.562543397005639 0.5467434500678 0.500876569869466 0.489878650173391 0.468509641347907 0.441958422205392 0.433229677591741 0.411168133505956 0.371633649141214 0.34572560696621 0.317651511800374 0.298491311963081 0.285939451735784 0.276689793396865 0.269513890092881 0.262991839197708 0.254360573354807 0.242265197262104 0.233169516027188 0.220424181240986 0.207055735473951 0.197663531024896 0.189176312536517 0.175359149987455 0.160554451721234 0.149724326405343 0.14211501215064 0.134891265737291 0.127476770832805 0.120193614552589 0.112833919804625 0.10724193589544 0.103564917588892 -9999 -9999 -9999 -9999
-9999 -9999 -9999 -9999 -9999 -9999 -9999 -9999 -9999 -9999 -9999 -9999 -9999 -9999 -9999 0.717447491757959 0.726451525708555 0.725946432078071 0.702579524763011 0.677747321364984 0.595126830625963 0.583060767537226 0.554284290002126 0.505795759335689 0.500306477780515 0.487295204560357 0.458259431383231 0.435517140609156 0.39573960798361 0.360362179971728 0.336969421027625 0.314367006950205 0.295500836262032 0.284471264600599 0.276951530706393 0.269729286806093 0.263077144853208 0.253038471906862 0.242273913016012 0.23251943933249 0.22331435347467 0.210150615883848 0.198366233134974 0.191153453252892 0.182093345327578 0.169127833695368 0.153320769309333 0.14453699778553 0.137267110971645 0.131548138359309 0.124813765281032 0.115396980456198 0.109700260465429 0.105736514728692 -9999 -9999 -9999 -9999
-9999 -9999 -9999 -9999 -9999 -9999 -9999 -9999 -9999 -9999 -9999 -9999 -9999 -9999 -9999 0.774723372444966 0.761482555954738 0.74828860629208 0.721436758187139 0.671771928807257 0.610351836629579 0.595370768857473 0.542476059102802 0.508680326592586 0.50494643296502 0.488105435431168 0.473055307089008 0.452995028899293 0.402224929840892 0.376125145208131 0.353367869443698 0.315040246045689 0.310617407282492 0.296280047462973 0.287255729278773 0.271914583621547 0.263083249235183 0.252169165207498 0.238098853628717 0.226684154425079 0.21920964796599 0.212161979068374 0.198988913787568 0.190632221333689 0.184681198998023 0.17384446211263 0.156723923098316 0.147725813042216 0.139718063387055 0.132891611135811 0.12586644205297 0.118523758432829 0.111300875145904 0.107703774247695 -9999 -9999 -9999 -9999
-9999 -9999 -9999 -9999 -9999 -9999 -9999 -9999 -9999 -9999 -9999 -9999 -9999 -9999 -9999 0.766812623684758 0.765459359514299 0.759902295937529 0.735025486990273 0.697306818221658 0.616951192602563 0.582374820671188 0.5612013474445 0.521994752625948 0.506044713244296 0.485671815134895 0.473886005310307 0.464194886226907 0.409669985764603 0.389997318399193 0.365370305834715 0.318218233411696 0.308914877614414 0.30235831798941 0.290675409802826 0.274940557964999 0.263471473430332 0.252234683917719 0.230936256077508 0.21896149412404 0.214653123287965 0.209776510431823 0.200762169867315 0.193659113285148 0.190686258601119 -9999 0.158416003329633 0.150002580455836 0.142632682756534 0.134087506948948 0.12670594016796 0.120282784840236 0.111867352768347 -9999 -9999 -9999 -9999 -9999
-9999 -9999 -9999 -9999 -9999 -9999 -9999 -9999 -9999 -9999 -9999 -9999 -9999 -9999 -9999 0.753454038567263 0.774923576958202 0.767453242918467 0.742302341680098 0.72337346081172 0.677241054778566 0.608075766624099 0.585209958667689 0.555911133739457 0.517649072459345 0.494409013296729 0.478075446204331 0.466955172695224 0.419355232581838 0.403806494996031 0.38436878811172 0.344380168412558 0.325426119931498 0.310353680697263 0.290077367214765 0.268453196758439 0.249117586999374 0.225477943349709 0.208837537248012 0.203552768773725 0.205465226843189 0.205045808157482 0.202057107991412 0.195834167858608 0.194318566998369 -9999 -9999 -9999 0.144345886542958 0.135335876026766 0.127779807778924 0.120658433953346 -9999 -9999 -9999 -9999 -9999 -9999
-9999 -9999 -9999 -9999 -9999 -9999 -9999 -9999 -9999 -9999 -9999 -9999 -9999 -9999 -9999 0.782534392844302 0.788705340082931 0.777289946566715 0.758361934959472 0.718450060893099 0.696481870347675 0.662601266176092 0.596125460621814 0.580609519984126 0.540914667701417 0.514294548776909 0.488594977080533 0.459214152845744 0.432754343600284 0.417079321443022 0.394814828138152 0.363835968121231 0.338991622891978 0.315564360801196 0.28874414314028 0.263513194888908 0.23654891271271 0.219115915659201 0.190307666713721 0.195766163287968 0.201391562828395 0.205824271981201 0.203201673519181 0.196436288497483 0.196006272216619 -9999 -9999 -9999 -9999 -9999 -9999 -9999 -9999 -9999 -9999 -9999 -9999 -9999
-9999 -9999 -9999 -9999 -9999 -9999 -9999 -9999 -9999 -9999 -9999 -9999 -9999 -9999 0.828577919722038 0.812996363961084 0.805182596514962 0.792782328241204 0.772449635870144 0.734219717568244 0.671427910695784 0.674585727168466 0.614893687585172 0.561148215161396 0.532402964030686 0.531766382316301 0.495377431336472 0.456764709237505 0.441882017340476 0.422551616041757 0.389620452041477 0.359784480400537 0.344756070695367 0.314673021825606 0.290579630345076 0.269403466304811 0.241299360345327 0.238406135172045 0.208850411204009 0.20757648721951 0.209927450953896 0.207352113320852 0.201480348266123 0.194894982362326 0.197128468957516 -9999 -9999 -9999 -9999 -9999 -9999 -9999 -9999 -9999 -9999 -9999 -9999 -9999
-9999 -9999 -9999 -9999 -9999 -9999 -9999 -9999 -9999 -9999 -9999 -9999 -9999 -9999 -9999 0.82304752878529 0.819839039423322 0.808580298310619 0.777635575160272 0.742972675565692 0.692754036145636 0.669050350779084 0.613755456921764 0.610753987285984 0.553123344534223 0.542572667970808 0.522995598885623 0.48664325209918 0.45314059931528 0.420605086695803 0.384552806998023 0.355646289507786 0.333445971046961 0.315521951700851 0.287071819749626 0.272412015599647 0.249407306551842 0.248317965772053 0.244338905729494 0.229041304197183 0.221015897726818 0.214393534666849 0.207308476344977 0.199688602564915 0.201009384322703 -9999 -9999 -9999 0.160005156855156 -9999 -9999 -9999 -9999 -9999 -9999 -9999 -9999 -9999
-9999 -9999 -9999 -9999 -9999 -9999 -9999 -9999 -9999 -9999 -9999 -9999 -9999 -9999 -9999 0.851052547654427 0.837990282700402 0.816737531841491 0.761274841067166 0.75496801765699 0.71034023082649 0.685176950449779 0.657681659448321 0.602734824284839 0.602951843789679 0.570032738109066 0.540424205793675 0.517981294844263 0.476972662113368 0.432405166623737 0.394333619372714 0.362192661034385 0.31324099924627 0.313078830109537 0.283448472126656 0.275387309406248 0.266006374369667 0.264650733092389 0.260221189850232 0.241036844121019 0.22986543355255 0.223129325623358 0.2156742883932 0.209603774834192 0.20455321971848 0.193224868300193 -9999 -9999 0.160158227094965 0.156463709533334 -9999 -9999 -9999 -9999 -9999 -9999 -9999 -9999
-9999 -9999 -9999 -9999 -9999 -9999 -9999 -9999 -9999 -9999 -9999 -9999 -9999 -9999 0.831218129685016 0.85009589153723 0.848301377662335 0.844774542948653 0.771599895204777 0.767966169463648 0.718267875272829 0.666544237372524 0.660239421414472 0.611677191582653 0.631366406016018 0.592016099075041 0.566445015140748 0.523010335006587 0.495346583548561 0.45939074182132 0.412000612750624 0.367752492118221 0.320469116999872 0.318896163428915 0.298075070156389 0.28100566427062 0.276544603900956 0.278768032180662 0.269843710051757 0.252594009406939 0.2393396969335 0.233987609091808 0.223798651901303 0.216442518886441 0.208672289585435 0.195311913380167 0.186236858905988 0.171761503973326 0.166008714786108 0.158718679291639 -9999 -9999 -9999 -9999 -9999 -9999 -9999 -9999
-9999 -9999 -9999 -9999 -9999 -9999 -9999 -9999 -9999 -9999 -9999 -9999 -9999 -9999 0.827780741714895 0.842903463847915 0.851627868330843 0.847272406310225 -9999 0.763463100155172 0.733446671199655 0.682151968147459 0.679713699232772 0.664409271165568 0.618982070129202 0.594266590086377 0.570698624087631 0.523137995610023 0.49541248113054 0.477150578724742 0.431254278985783 0.391345431242855 0.362342171756536 0.350978562162417 0.323937655472848 0.290371721126379 0.278133345169461 0.284123424433145 0.288575284664211 0.27108311247437 0.253674158745329 0.244651905829144 0.232259158501153 0.222657717005161 0.212749933890481 0.199368137674505 0.186538666809461 0.171994916323403 0.17110971213726 0.160911416258856 -9999 -9999 -9999 -9999 -9999 -9999 -9999 -9999
-9999 -9999 -9999 -9999 -9999 -9999 -9999 -9999 -9999 -9999 -9999 -9999 -9999 -9999 0.85279234761203 0.837184788104562 0.863886187320753 -9999 -9999 0.738231300625409 0.740027568593879 0.695250584269657 0.684645795195185 0.677074286518328 0.61263571238439 0.609529499923821 0.59111434837289 0.565419109587392 0.527943763347215 0.502603221768223 0.439173354882614 0.402160890586347 0.352989980975804 0.352129292199098 0.322043005126972 0.30168968456269 0.292438984616046 0.298763330081291 0.310043691995617 0.289547030249667 0.268158666533858 0.252285147627726 0.237760468439738 0.226987610800594 0.215123262786138 0.204080690810849 0.193061912804505 0.17411914372146 0.173274058853326 0.165961486748317 -9999 -9999 -9999 -9999 -9999 -9999 -9999 -9999
-9999 -9999 -9999 -9999 -9999 -9999 -9999 -9999 -9999 -9999 -9999 -9999 -9999 -9999 0.879925389638653 0.873727736114306 0.866095985046017 -9999 -9999 0.761684991145101 0.724079507716004 0.674495210935252 0.660265135867946 0.670689175040847 0.630760893096252 0.618829840437883 0.601322577897578 0.567829278454292 0.520072416389208 0.482201329576189 0.450104094632559 0.412079736779752 0.390058994196735 0.35032893825672 0.325929433680048 0.328152771476779 0.322960252854264 0.329557312872113 0.319362694091765 0.299115385266223 0.275062660236146 0.256404540990866 0.243377300167669 0.231304128435197 0.22037302811623 0.209029763158565 0.195308102735287 0.175450020179186 0.17373017047055 -9999 -9999 -9999 -9999 -9999 -9999 -9999 -9999 -9999
