layers/veg/veg5700.asc
NCOLS 255 
NROWS 330 
XLLCORNER -2985163.8955 
YLLCORNER -3022031.214 
CELLSIZE 25000 
NODATA_value -9999 
[rows 175 to 199 of 330, columns 116 to 173 of 255]
0.0152116841731051 0.0148634640777614 0.0151427848872543 0.0159400040428352 0.0168377585730137 0.0188356830825433 0.0212317220750629 0.0239825421228063 0.0269889173211485 0.0298123091474385 0.0338269907086085 0.0383737921078172 0.0434955646049823 0.0488425398959262 0.054437290794286 0.0581484106185309 0.0587037094169837 0.060987300461347 0.0640343361700375 0.0699310926758144 0.0780372399271962 0.0833082407575908 0.0867585468441514 0.0954778632893572 0.107836141837536 0.115086111700131 0.112523080548607 0.114006080621175 0.117704279607685 0.129319700289328 0.142550622965059 0.146614281268231 0.149459935467368 0.151296808886396 0.154952030248112 0.158419520107714 0.180251302572671 0.184354958992561 0.184083992054298 0.185909059777975 0.188472228933735 0.185626589267937 0.186206629203996 0.200322895823588 0.217582182618717 0.225296456856102 0.228313590543507 0.245964763901939 0.265222263089062 0.306950098640163 0.322815692855483 0.319626485048642 0.289623723053776 0.32570331420658 0.352445854527398 -9999 -9999 -9999
0.0133485435137004 0.0129871521015537 0.0132675544692997 0.0141491072856006 0.0151279535213264 0.0171663439886273 0.0195038842520883 0.0222797091879621 0.0253638687228521 0.0281670455921728 0.0322287908851482 0.0368664124220318 0.0418007165406298 0.0466474980476369 0.0520016414446034 0.0563265910586008 0.0588932158462726 0.0610174932125685 0.060240915062363 0.0673796373516447 0.0787174219783672 0.0862865721233872 0.0876445257688658 0.0952966621804772 0.109899644241611 0.114286022638188 0.107940531175029 0.104408722837991 0.106232962173327 0.119649134916952 0.132745494111928 0.145209373891958 0.148007613039204 0.150275806311525 0.146546111175624 0.150754962557793 0.168102565270342 0.178763887319133 0.183593669700579 0.187214530872394 0.189695438951493 0.189337160298906 0.197612405746706 0.216646959879307 0.237736371737297 0.246512407564632 0.253209414502472 0.28504400608578 0.291130435233134 0.313987975635079 0.329584128186618 0.333965852147159 0.305349384439679 -9999 -9999 -9999 -9999 -9999
0.0116881179888727 0.011324574810724 0.01149714138123 0.0123579982502567 0.0134402042036969 0.0154013213220392 0.0177866927182224 0.0205737296710142 0.023779129323593 0.0265991342577156 0.0308073464314264 0.0355667079107337 0.0393537938845181 0.0422778414960767 0.0470736189655367 0.0532845414537169 0.0566339688697495 0.0594548146328851 0.0619592627997051 0.0680880995497666 0.0761439690269754 0.0853392004849116 0.0898776526296323 0.0982390810544932 0.109994136046757 0.113143215201982 0.107356552555839 0.110969834461688 0.114164763872874 0.115487239737085 0.129552925101691 0.138260068942357 0.144278112318393 0.144329703493974 0.142416874093173 0.145305922668141 0.156022914179423 0.175152887664005 0.186472202416861 0.189105869827713 0.195926035680259 0.196750920811815 0.211248141820222 0.23283726806503 0.244731057304528 0.234711542229293 0.260700964134088 0.28095376178467 0.287047812493831 0.323917085120245 0.333521250806957 0.340962044232926 0.323760417323859 -9999 -9999 -9999 -9999 -9999
0.010106999336521 0.00970308258271016 0.0101218269860415 0.0108367712685033 0.0118701256029556 0.0138517156235054 0.0164566498143989 0.0191848236888559 0.0222840465545457 0.025310534803472 0.0295362494228783 0.034193623342936 0.0355320339941992 0.034884543076169 0.0404221661996909 0.0490360256926633 0.057153411046095 0.0588281669406749 0.0582799559678688 0.0644467298746522 0.0744031843365141 0.0836929161827985 0.0903601734048268 0.0999870889111421 0.108433304557074 0.115404501216237 0.119207298482659 0.119825565009921 0.127545625080788 0.124768703887874 0.133752577032168 0.140302853981036 0.144906739053466 0.146824190105042 0.14434099201153 0.1444094234432 0.151193394777359 0.174268074112347 0.186891388423239 0.191306954619462 0.197392212489913 0.200951859904479 0.218098532026146 0.228665617789669 0.230268110912711 0.224039910847672 0.264830189957038 0.286270493081124 0.300440739778073 0.33126164686101 0.334528818302013 -9999 -9999 -9999 -9999 -9999 -9999 -9999
0.00905909459116729 0.00866221268981885 0.00915129649954251 0.00982944768208008 0.0108132621901603 0.0127936201139583 0.0155619625075744 0.018178562607552 0.0212230831658364 0.0244166838302623 0.0286111847246967 0.0334437019457094 0.0371843210615869 0.0400315156934846 0.0385098498897925 0.043899857215148 0.0551751740799526 0.06001151352508 0.0608997062518774 0.0680341061508286 0.0762687250743218 0.0854249988498612 0.0907459106862357 0.102209631398278 0.110546282597934 0.115964424678914 0.125930416819942 0.126175505188917 0.132854363011201 0.133941301787252 0.141619358553086 0.147785989503672 0.150481232532775 0.153150639524456 0.147877968167132 0.146955969366745 0.149684206971749 0.170401454020012 0.184533190205066 0.194200578188209 0.199578005111856 0.205721766012819 0.206950896747353 0.219585931125937 0.229222643864823 0.252631939831157 0.268569949403575 0.306272922802642 0.313075671094212 0.332803893008257 -9999 -9999 -9999 -9999 -9999 -9999 -9999 -9999
0.0076860491657179 0.00739060764243084 0.00765374099366803 0.00847008023668679 0.00963585494619326 0.0116381845511441 0.0140465716947572 0.0168935813254407 0.0200760057653899 0.0230827756984038 0.0272269755673552 0.0320896056608471 0.036870974853175 0.0398598130069827 0.0399520642127106 0.0412830539985957 0.0507400598895313 0.0537952642956752 0.0582272480608612 0.0660426274605425 0.0730233505375507 0.0833080383623755 0.08925856783078 0.101590736382077 0.111074840269046 0.114700816560547 0.12144820409467 0.124787625806282 0.128956970855184 0.133194401926255 0.145459258128558 0.150974509178592 0.150602368184867 0.146135879880632 0.145206480001256 0.142674386248119 0.144546984563506 0.166654184654338 0.185480599395745 0.189612268879865 0.197241162424927 0.210130263689208 0.212965228811408 0.222181175603854 0.232385977381743 0.264900588110007 0.277314484097033 0.321623349759263 -9999 -9999 -9999 -9999 -9999 -9999 -9999 -9999 -9999 -9999
0.006197825297321 0.00600909626611278 0.00616571619515337 0.00712228435662973 0.00790871806073901 0.0101857233712137 0.0127154861804979 0.0156048328554872 0.0188799314434848 0.0217966373844972 0.0260330508289528 0.0307332883430923 0.035799261328729 0.0390272874031278 0.0421374812740147 0.0433533189467454 0.0501694481013478 0.0551885858392933 0.0610031298181001 0.0659797367640837 0.0723555833649634 0.0809157544685735 0.0870912037086742 0.100088315302717 0.109740354618048 0.111103674729467 0.111642548624526 0.115850543825147 0.122095027780369 0.123651527908083 0.140630348925865 0.143043742757772 0.140981842866795 0.143918755236184 0.143251434957759 0.152770371201896 0.158744917234798 0.167054404629074 0.188534753001958 0.197983639947698 0.203606114038584 0.212907040959881 0.221451489944853 0.228820614420973 0.232441702825443 0.261577409923615 0.292591920661915 0.322556743352667 -9999 -9999 -9999 -9999 -9999 -9999 -9999 -9999 -9999 -9999
0.00476048770304808 0.00464760311211949 0.00494154290937882 0.00590840254145926 0.00666166722972098 0.00894787876758105 0.0114913965525883 0.0143585991666074 0.0176217546672759 0.0205837963519378 0.0248573775012438 0.0294170020491672 0.0337887246404335 0.0375006249782384 0.0430814759539434 0.0469093145769757 0.0523069813267116 0.0603865835726053 0.0656203214409457 0.0670648173521329 0.0732563121882499 0.0807523910603167 0.0860965197287871 0.100303115567786 0.109118104951055 0.105141823140522 0.106164568764028 0.106374854030371 0.117127142813536 0.117473694687576 0.132246448939958 0.138803366990349 0.138515211000189 0.136686152608461 0.143857203562426 0.155787262853936 0.171194807528454 0.180832742559154 0.195452382154437 0.204524776260934 0.209182979639006 0.214957244867498 0.225987884558776 0.233512876981847 0.235794665026518 0.277387035773341 0.321603066849917 -9999 -9999 -9999 -9999 -9999 -9999 -9999 -9999 -9999 -9999 -9999
0.00343599009507088 0.00330875699797966 0.00380815698954422 0.00469489107573436 0.00578539146067178 0.00779806961396831 0.0103420908688636 0.013161022917297 0.0164274060355753 0.0193778385704211 0.0236229646163411 0.0280729674105568 0.0319607390381745 0.0360870781699383 0.0423926521825654 0.0482049176556304 0.0539203001162561 0.0605234223667495 0.0650709206451051 0.0644019011287588 0.06963623286939 0.0810549768249488 0.088124522045251 0.100342308318932 0.107053577509735 0.0967062520288553 0.0990558492601243 0.109351270698258 0.115440519392194 0.118243690734334 0.126539443479229 0.137626172492476 0.137472039248182 0.135439677557401 0.138153618546007 0.14999025809017 0.167447311258602 0.182415467430001 0.194731300556433 0.203028887002234 0.212564204047529 0.218969298992343 0.227135147065727 0.238908507357464 0.256491442996266 0.299360178167431 0.32079279359047 -9999 -9999 -9999 -9999 -9999 -9999 -9999 -9999 -9999 -9999 -9999
0.00225406463881743 0.00209447066207237 0.00263172144599371 0.00347202201513166 0.00477648190797101 0.00662365725106484 0.00928148251106186 0.0120674061696132 0.0154060539577538 0.0182104388951974 0.0223807796895407 0.0266886527497876 0.0315363642673457 0.0359972629800182 0.0406838615744988 0.0467166689820334 0.0533814406594186 0.0595760318087918 0.0636012545159095 0.0648335568021537 0.0739452166961834 0.0800513682822187 0.0948774106812628 0.100713231642382 0.0959008047863638 0.0977362845341493 0.106317099134459 0.117014716395691 0.126840484191086 0.133005702108624 0.133873119672963 0.142007685990914 0.138884757156564 0.136170617777374 0.136927452377882 0.143826960446593 0.159162392272699 0.171864977184524 0.185215630847892 0.19837163491812 0.215910277067459 0.224949848503636 0.227434807379199 0.252391112685837 0.288553824790984 0.314815496751355 0.327181382440151 -9999 -9999 -9999 -9999 -9999 -9999 -9999 -9999 -9999 -9999 -9999
0.00127731136948278 0.00124737997442647 0.00162582853329027 0.00250440104595702 0.00361245006343054 0.00576901692131481 0.00828953236640653 0.0111761313334473 0.0145077944072468 0.0172658283087028 0.0211573577702979 0.0253957442836093 0.030257826941924 0.0346397978200041 0.0383176546481005 0.043707455885452 0.0515531813691377 0.0589066271091635 0.060664887145582 0.0670098206408086 0.0775542999359356 0.0861196123979955 0.0895944593709946 0.0915055013429469 0.0900032745044807 0.103885022363047 0.114605128248229 0.121242399406442 0.133403642796355 0.141841031802503 0.14548493982768 0.149088471932322 0.145666334376697 0.141937425994058 0.144283838857621 0.149052840230944 0.162905467719787 0.164951521848752 0.176429907822522 0.197638007148325 0.217651659808064 0.234540448528688 0.236343818732779 0.269242285469363 0.303638832709979 0.321299516832234 -9999 -9999 -9999 -9999 -9999 -9999 -9999 -9999 -9999 -9999 -9999 -9999
0.000494421455235766 0.000289802089548727 0.000817739041416034 0.00147239062577342 0.00256836919519704 0.00470334612080404 0.00735168091622097 0.0102962945753729 0.0136679710020238 0.0164490463798247 0.0203726856260533 0.0246252621601854 0.0293271342542136 0.0345171694997009 0.0400515505518244 0.0450768036141636 0.0515517752993215 0.0580450693723066 0.0626139069000723 0.0698601363287403 0.0767510421427761 0.0804654797487759 0.0812446394940833 0.0903784151035402 0.0957009566842945 0.11224093336741 0.118177023243626 0.125208770002957 0.136887681508105 0.14589913565906 0.155197598865864 0.159800293996436 0.159425385976303 0.154909615176672 0.159860828749365 0.169865387044135 0.176730855601788 0.175061083747189 0.183764124467426 0.190716585404036 0.212155970436677 0.245305335156438 0.262612908768028 0.279861577735122 0.30550555715311 0.323984021469918 -9999 -9999 -9999 -9999 -9999 -9999 -9999 -9999 -9999 -9999 -9999 -9999
0 0 0.000111536260069128 0.00077615307520385 0.00197221957384633 0.00391471499204634 0.00667865722902558 0.0096265075652044 0.0124539838917199 0.0147309711228094 0.0187884364174221 0.0237915625324022 0.0290986706287834 0.0342164799609508 0.0399310370970833 0.0447945591663367 0.0512975827138078 0.0583459619926612 0.0645228150677808 0.0716501795300947 0.0748314172539755 0.0739514577431099 0.0773198398197761 0.0920755648090795 0.105123521730334 0.116180735904982 0.119471679917494 0.125752612142303 0.1396559102496 0.147059509293322 0.15736328379668 0.170077597093638 0.172924367033703 0.173296245076836 0.184499745674011 0.177436723941908 0.1751486670017 0.184438973973053 0.196833607554194 0.194519325666544 0.214490238951942 0.256675258987859 0.265051627228413 0.278505037116606 0.303913211726814 0.327161175438533 0.341720988110512 -9999 -9999 -9999 -9999 -9999 -9999 -9999 -9999 -9999 -9999 -9999
0 0 0 0 0.00117498569830558 0.00313692837581111 0.00599436380210737 0.0087443657093494 0.0110610425341186 0.0135659353870108 0.0176008619881621 0.0223866984051879 0.0276877633459736 0.0331589542145229 0.0393039855452458 0.0443090291547935 0.0503920099846499 0.0577788813183014 0.0636570743559125 0.0701187128728259 0.0726316454190799 0.0746869163910411 0.0816245490464464 0.096035941273123 0.109704983133075 0.115913338298183 0.119089394447002 0.122545044720434 0.138970766227688 0.144608068990416 0.149899053457087 0.158911178953176 0.175439627345567 0.184691070787491 0.185520399228703 0.180771524582614 0.182710847010744 0.186473107576415 0.200594531121045 0.198735406444782 0.212357295668476 0.253501130257644 0.265550898152269 0.278189429346487 0.303718393157733 0.331789226815576 0.344525668576997 -9999 -9999 -9999 -9999 -9999 -9999 -9999 -9999 -9999 -9999 -9999
0 0 0 0 0.000347262805579673 0.00233722941645167 0.0052631273227588 0.00780254547851564 0.00971922814052184 0.0124693918149785 0.016474414070805 0.0211020402029134 0.0261539139961112 0.0319738731760007 0.038513197232122 0.0436043369342309 0.0495950736401261 0.0565225990203067 0.0615778765708266 0.0677428744173945 0.0735317844592575 0.0804468388349417 0.0906034547685749 0.0994664160152278 0.107123978191215 0.113897344716594 0.116844743134131 0.121712962634909 0.129762841614639 0.14232004659979 0.148015251752331 0.15291781414147 0.164857665019333 0.177596926815833 0.18528896550099 0.186074829937597 0.188663168079884 0.191577891750073 0.200485582410266 0.203186169302414 0.214438072995529 0.24287061603473 0.259875555567992 0.274296986911263 0.298601539604976 0.331085926723144 0.343520035552232 -9999 -9999 -9999 -9999 -9999 -9999 -9999 -9999 -9999 -9999 -9999
0 0 0 0 0 0.00146745807128653 0.00447945185364461 0.00683083791699595 0.00849539291580919 0.0113218970230821 0.0153901666217667 0.0201849561443426 0.02525123618608 0.0311807995506283 0.0376422704037578 0.0425669509586891 0.0491515469904456 0.0555341911578384 0.0611055643573225 0.0689264659239098 0.078672448931479 0.0826522809645604 0.093347165302057 0.0945030230256524 0.0994706112171499 0.110130585536588 0.113316420533153 0.117659963202972 0.127257848706004 0.142011812650671 0.146627265974723 0.15405769220514 0.171615006921769 0.179949847360864 0.181716443463348 0.183540305280217 0.190239722674973 0.196136638617191 0.199614643932 0.204081914297164 0.212132685740321 0.22484055564426 0.239185816476628 0.259458480567722 0.276165483383272 0.31921532541698 0.342400177164279 -9999 -9999 -9999 -9999 -9999 -9999 -9999 -9999 -9999 -9999 -9999
0 0 0 0 0 0.000586195800679165 0.00365447967208312 0.00576939792570092 0.00741898620204585 0.0102508594583822 0.0146269305837372 0.0194238618194796 0.0248085828025051 0.030682533013949 0.0368631138386497 0.0416721408710398 0.0479931783294282 0.0547241725733044 0.0621560622930558 0.0719949336772588 0.0791427905704625 0.0852856155160874 0.0902706285253983 0.0978095186117846 0.102261877397399 0.110244851282187 0.11743284417492 0.122943881412163 0.130003648413991 0.142912132646828 0.149783903532173 0.157063078217891 0.171781683925917 0.177240710370417 0.180330234707679 0.18254829766454 0.188968856083149 0.196770143261456 0.19864810963619 0.200188443211679 0.198593856503522 0.202922990967165 0.217460601200455 0.261635156629018 0.274942644911619 0.334290325267398 0.344233896464884 -9999 -9999 -9999 -9999 -9999 -9999 -9999 -9999 -9999 -9999 -9999
0 0 0 0 0 0 0.00280660378295344 0.00459332451093765 0.00655018412780494 0.00914815082887023 0.0141778866264752 0.0190473419598466 0.0243168001104387 0.0299497478157666 0.0358879020374852 0.040754718918589 0.0474167651387246 0.0545482535405412 0.0635254482617246 0.072119488550076 0.0790492992499542 0.0853263170579662 0.0899250706484892 0.0968068491513498 0.103297298002656 0.114068535137106 0.121145873661497 0.12503944838457 0.133183934418008 0.146014987896027 0.154744288319891 0.163145955147083 0.169501661568269 0.173220840608328 0.181668178601421 0.186986004468944 0.188438777312234 0.194253253418846 0.198728412176959 0.201961251255757 0.203156740056766 0.191325314226783 0.229802382020918 0.286066229077579 0.305436851889347 0.345090690764703 -9999 -9999 -9999 -9999 -9999 -9999 -9999 -9999 -9999 -9999 -9999 -9999
0 0 0 0 0 0 0.00185363840270151 0.00302585790634542 0.00570809345117324 0.00923847833842095 0.0137323501343339 0.0182675435669764 0.0226633891920941 0.0285895814711368 0.035026363371861 0.0400519865610584 0.046980607649643 0.0553715179220744 0.0624792519841381 0.0711085547975524 0.0779830706348526 0.0833720859342757 0.0893625788229824 0.0975700437491444 0.103630246035959 0.112775907446143 0.120385479280618 0.126610819458866 0.13684516154728 0.151015969821983 0.160668298497637 0.166777787477155 0.172651193377103 0.17651962275791 0.186015784173823 0.19378156976995 0.193129515900136 0.19438232108046 0.204644830425604 0.208251637463932 0.207919361673564 0.212762142161824 0.246162502947195 0.296421264635738 0.327307042214659 -9999 -9999 -9999 -9999 -9999 -9999 -9999 -9999 -9999 -9999 -9999 -9999 -9999
0 0 0 0 0 0 2.57315951265649e-06 0.00254631258258262 0.00550483527697493 0.00865649449454025 0.0118870257857273 0.0166885933240759 0.0220852860631414 0.0279947991447194 0.0343707306111442 0.0393999362885701 0.0467526510682206 0.0548004763652034 0.0616177777261007 0.0684802271005205 0.07505617420738 0.080297591208713 0.0855040457436435 0.0948601845369634 0.100649733285174 0.108385345137473 0.117794782327541 0.12892785273087 0.141651212280637 0.153999569409909 0.161388725705756 0.164236326042287 0.178397487358511 0.18860359471436 0.197434291448339 0.200080821111972 0.202777877061612 0.204996977570849 0.204034676932784 0.20431238284743 0.204293771941833 0.25103718958273 0.287094718583271 0.314497851297769 0.336068113347565 -9999 -9999 -9999 -9999 -9999 -9999 -9999 -9999 -9999 -9999 -9999 -9999 -9999
0 0 0 0 0 0 0 0.00228525134387649 0.0054642332165044 0.00774693084641594 0.0104531521877543 0.0157920635070822 0.0217896290931302 0.0274890885315972 0.0339678208488175 0.0389615275015558 0.0459598763227142 0.0535562896388091 0.0603214394878418 0.0666920283253276 0.0731988193263241 0.0760591893913268 0.0800665172864441 0.0901823268626441 0.0965389553671948 0.105179284700281 0.114959148761609 0.130378007872057 0.147063410019505 0.151207401940394 0.149279267592748 0.161898792237276 0.17003374672974 0.1840678716559 0.201627758477345 0.214770331730357 0.205400024115 0.201516754574959 0.205651270722375 0.214312818793885 0.221021204233997 0.284703628409805 0.312136765722989 0.325312701927182 0.337333211014508 -9999 -9999 -9999 -9999 -9999 -9999 -9999 -9999 -9999 -9999 -9999 -9999 -9999
0 0 0 0 0 0 0 0.00201064023276135 0.00431373149677043 0.00623184539638572 0.00946323121396574 0.0149162507584444 0.0212017929971728 0.026972951495135 0.0334833203295057 0.0388256326173452 0.0455527300474845 0.0528209426423094 0.059339257369503 0.0662418300810613 0.0721162080291894 0.0721725796057815 0.0776720723861508 0.0889076100088497 0.0958451168824676 0.105014255365606 0.110504273355518 0.129725059997868 0.149014634913143 0.15245701927125 0.151652682687237 0.175348767983853 0.18540322405658 0.19755773232679 0.205380077762659 0.205186417923174 0.202828573691237 0.199616596084292 0.203541368809564 0.216278514989409 0.239535062637419 0.301383725682986 0.314839291007139 -9999 -9999 -9999 -9999 -9999 -9999 -9999 -9999 -9999 -9999 -9999 -9999 -9999 -9999 -9999
0 0 0 0 0 0 0 0.00154410588738216 0.00274249617803094 0.00478782809468433 0.00899430571274661 0.0144229019763414 0.0204702708626861 0.0265406131557402 0.0331697212180839 0.0384073922940094 0.0455196642619411 0.0523076803794872 0.0591873958543912 0.0657350621009655 0.0707977306619622 0.072605197730062 0.0818935324838171 0.0935079707450338 0.100458818639478 0.108055274903818 0.111654923251014 0.130297957402385 0.155586020670955 0.15135034186634 0.164999782706372 0.180924336941558 0.20699917984362 0.213827728165843 0.218744951436999 0.21882885628347 0.212379043218596 0.210586440224229 0.20577739055654 0.213615787693666 0.253344867838578 0.303042396007519 -9999 -9999 -9999 -9999 -9999 -9999 -9999 -9999 -9999 -9999 -9999 -9999 -9999 -9999 -9999 -9999
0 0 0 0 0 0 0 0.000853182530907596 0.00194019353085887 0.00423603287208992 0.00897396485560315 0.0148109213282372 0.0200622464492415 0.0261264334433788 0.0331081123581201 0.0364067971171578 0.0437114269797264 0.0497333664403759 0.0582620587676623 0.0657652456312394 0.075100637886658 0.0825662340095109 0.0934439773719154 0.103467688941215 0.113532276564938 0.123569700441514 0.118632061362336 0.140007290601271 0.164214628559614 0.160027743018316 0.176184576022496 0.195408344180777 0.217338668478297 0.225365939703049 0.233445055247012 0.238945226300791 0.234657739660161 0.237989065626223 0.225166602744144 0.229452827541845 0.270009052186792 0.303204162470831 -9999 -9999 -9999 -9999 -9999 -9999 -9999 -9999 -9999 -9999 -9999 -9999 -9999 -9999 -9999 -9999
0 0 0 0 0 0 0 7.31790589866979e-05 0.00176623352668773 0.00437560228961963 0.00867099787717438 0.0144165767735439 0.0202312909726622 0.0250423213774547 0.03020889502864 0.0322468758218024 0.040284632525985 0.0456064586146615 0.0562554811003316 0.0650401249582154 0.074317701392751 0.0850160305899307 0.0934846595833522 0.10400167949383 0.116006597408247 0.129159639274977 0.134358120159976 0.150432519510052 0.166915712982773 0.173954490986793 0.188416069841329 0.205965448737129 0.219947131305706 0.230377380856303 0.241012072139471 0.249390869441546 0.257290693052417 0.265290651986913 0.262946884332517 0.276675540993097 0.29010306052609 -9999 -9999 -9999 -9999 -9999 -9999 -9999 -9999 -9999 -9999 -9999 -9999 -9999 -9999 -9999 -9999 -9999
