layers/veg/veg5600.asc
NCOLS 255 
NROWS 330 
XLLCORNER -2985163.8955 
YLLCORNER -3022031.214 
CELLSIZE 25000 
NODATA_value -9999 
[rows 208 to 233 of 330, columns 58 to 115 of 255]
-9999 -9999 -9999 -9999 -9999 -9999 -9999 -9999 -9999 -9999 -9999 -9999 -9999 -9999 -9999 -9999 -9999 -9999 -9999 0.322216535630405 0.278015095091824 0.224367194587293 0.0794322995477392 0.00560303384754396 0 0 0.0546549347603712 0.0365373648405682 0.017407240560881 0.108300636756512 0.158912061027787 0.150142140349819 0.108676511558808 0.141365730406719 0.134471194167452 0.128802821058723 0.126361331617822 0.117254336347262 0.101942281487178 0.104018037632297 0.103202512241667 0.0966121615806209 0.0698684047340413 0 0 0.0420457351887502 0.0596313289712848 0.0633505421010764 0.0639950710553147 0.0641558008153862 0.0644637340723996 0.0637271614903885 0.0628528459749405 0.0616471075846624 0.0599162544499503 0.0608343923770683 0.0621248883825592 0.0633503401824522
-9999 -9999 -9999 -9999 -9999 -9999 -9999 -9999 -9999 -9999 -9999 -9999 -9999 -9999 -9999 -9999 -9999 -9999 -9999 0.318247076055997 0.290089648597349 0.247020067073753 0.112868238567351 0.0662505432532352 0 0.0113576189360111 0.0769020197237104 0.0338029750298017 0.000695093854642118 0.111325617993338 0.166630438359194 0.164276880222771 0.154894798321207 0.142721545443229 0.136987371659731 0.12803330392922 0.12378595670188 0.121294154219206 0.10844249869682 0.103821826166512 0.0987362635557721 0.0927129935065953 0.0743960564963811 0 0.00660398374153952 0.0443446155541977 0.0607834638060929 0.0627979493652268 0.0634309336418122 0.0635033343199557 0.0637966329504045 0.0630082934037172 0.0624004497319263 0.0613486474800146 0.0588801171813724 0.0602995102397836 0.0618806121582237 0.062908645981433
-9999 -9999 -9999 -9999 -9999 -9999 -9999 -9999 -9999 -9999 -9999 -9999 -9999 -9999 -9999 -9999 -9999 -9999 -9999 0.305282176574414 0.276767654372583 0.229792079116865 0.131937810802372 0.071892577518815 0 0.00996171408155898 0.0648658129496728 0.0335467614069579 0.0373501486641499 0.116520383105149 0.171003336790995 0.166192235778575 0.156469610034684 0.147120875995975 0.138919755514711 0.131190296686506 0.11868357472894 0.120219370275232 0.106241405273001 0.0969030877729051 0.0887155304988732 0.0845494730024488 0.0681776077205199 0 0.0120810294696309 0.0529507208974357 0.0606087315867882 0.0628308161152369 0.0634249616578438 0.063235329796581 0.0634789611730222 0.0625986894540718 0.0619231796312098 0.0608671082046297 0.0590195275176851 0.0589309693224991 0.0606860894832875 0.0619002937015204
-9999 -9999 -9999 -9999 -9999 -9999 -9999 -9999 -9999 -9999 -9999 -9999 -9999 -9999 -9999 -9999 -9999 -9999 -9999 0.324458005498055 0.286384206906385 0.214580512688005 0.135284069779499 0.0482856014357727 0 0 0.0182958921331577 0.0216393165014926 0.052444654971067 0.121630309646443 0.173856782849139 0.167031610834755 0.157377644468076 0.149182346855182 0.14091994256198 0.133274635446529 0.11482774853996 0.116646124281529 0.101772850555338 0.0829038167858101 0.06456600385111 0.063351099356607 0.062043654240505 0 0.0107514957089916 0.0518454134736008 0.0572453982482948 0.0634302065162877 0.0644344108833462 0.0638505875733685 0.0635730143114127 0.0624944894025239 0.0613422961771135 0.0598673445436471 0.0591672389236385 0.0575646847515804 0.0585074773040477 0.0602079843242294
-9999 -9999 -9999 -9999 -9999 -9999 -9999 -9999 -9999 -9999 -9999 -9999 -9999 -9999 -9999 -9999 -9999 -9999 -9999 0.323266125293216 0.312723513244132 0.295620648830602 0.205908695979967 0.0932799194762921 0.00170478318602863 0 0 0.0250244440238953 0.0446127680233668 0.134113967646864 0.175153997052684 0.167118201983769 0.157376126787642 0.150209085440054 0.142966951089921 0.136577702295993 0.112512661156767 0.10977619710792 0.0945992908908829 0.0575559883541529 0.034279659883324 0.0422453685376588 0.0556516374305967 0.0211380503715812 0.0254962872874932 0.0505342407386442 0.0579983570715739 0.064257878270386 0.0661627217838635 0.0654572991787289 0.0641985040190891 0.0626530053252264 0.0610298592112362 0.0590248088717661 0.0585649168709544 0.0568415212706488 0.056328059373687 0.0583892095744367
-9999 -9999 -9999 -9999 -9999 -9999 -9999 -9999 -9999 -9999 -9999 -9999 -9999 -9999 -9999 -9999 -9999 -9999 -9999 -9999 0.31777465075301 0.298775952496593 0.242758340570847 0.0856082086828959 0.00946155882297815 0 0 0.0337781047722614 0.0478527814543293 0.142771841660257 0.174883251374562 0.166873390297233 0.157700319722967 0.15102989577964 0.144865938853829 0.139260736276272 0.120012608689022 0.101292982719743 0.0838172600216032 0.0388301318403661 0.0351059877485339 0.0486754605821393 0.0496046731859117 0.0137308734213147 0.0440964559234506 0.0556914687972143 0.0618452819946633 0.0662847327629353 0.0672503384568671 0.0665752502163068 0.0650977467347538 0.0630565293735576 0.061223272121119 0.0595776248532119 0.0583728049221002 0.0562654081666673 0.0552539764143105 0.057160111570036
-9999 -9999 -9999 -9999 -9999 -9999 -9999 -9999 -9999 -9999 -9999 -9999 -9999 -9999 -9999 -9999 -9999 -9999 -9999 -9999 0.340418412168587 0.298141030912972 0.247215656480746 0.172921616124081 0.075215802168006 0.00515975119335273 0.028214926007081 0 0.0877715059448853 0.13855630593703 0.173592856108149 0.16680902395379 0.158506966494988 0.151915259480733 0.146049421432049 0.140967843975434 0.125530867065324 0.103695731558373 0.0847046391558138 0.0424200031678776 0.0522962194202455 0.055286021967145 0.0433986211393872 0.0383031866006798 0.0518858577789038 0.0628581342063501 0.0646290268340245 0.0672105774249976 0.0682808497047394 0.0676639728698646 0.0658532136414139 0.0634591527968066 0.0605762939670456 0.0582930257685806 0.0574030655636181 0.0562281424214494 0.0549732565037073 0.0559086673439193
-9999 -9999 -9999 -9999 -9999 -9999 -9999 -9999 -9999 -9999 -9999 -9999 -9999 -9999 -9999 -9999 -9999 -9999 -9999 0.34313679392001 0.334151140761453 0.277140392436655 0.223221687590803 0.147262297591739 0.0227421858460454 0 0 0 0.119341673195059 0.153167098896406 0.170208723035889 0.165795733896338 0.159685176910791 0.15359868206403 0.147335566802602 0.1425996985394 0.127257038740507 0.115121517281989 0.0969765490679833 0.0646757806479838 0.0698734935244812 0.0670006495782371 0.0572148033778555 0.0594177043269884 0.0627965533877605 0.0696747625380612 0.0697521017007437 0.0697162705145497 0.0703194125683883 0.0688809866921368 0.0667591683091118 0.0634651234806684 0.0601640820389478 0.0576352568590871 0.0563469402717769 0.0549710251014602 0.0542556841746567 0.0541634710860805
-9999 -9999 -9999 -9999 -9999 -9999 -9999 -9999 -9999 -9999 -9999 -9999 -9999 -9999 -9999 -9999 -9999 -9999 -9999 0.35399718658724 0.335448177887487 0.292576804770379 0.247247460068594 0.201318790419834 0.10367450778557 0.0201723478305971 0 0.0302606624614623 0.161770158687421 0.164366062502036 0.154972421840659 0.158481264701292 0.160993554078768 0.15711313972795 0.149881782387174 0.144600461054254 0.131435884488457 0.126880537367806 0.109388450337723 0.086703308035134 0.0813457966429262 0.078860194752584 0.0743768030982465 0.0723021058053741 0.0720386770062274 0.0754877601306208 0.0742044381886056 0.0717864166305029 0.0725258307014722 0.0701591116257579 0.0670592877683652 0.0631424653739904 0.0598723011760725 0.0575878955739094 0.0558333720597314 0.0546763294092093 0.053993389069613 0.0533829903918143
-9999 -9999 -9999 -9999 -9999 -9999 -9999 -9999 -9999 -9999 -9999 -9999 -9999 -9999 -9999 -9999 -9999 -9999 -9999 0.376006216760965 0.342989884769442 0.327939619918491 0.288830104828038 0.244573045132126 0.149851438194546 0.0549245919869396 0 0.0271801128544948 0.164955469308566 0.166491366681215 0.142197629984777 0.152423906203652 0.160151565692134 0.160027488629487 0.152492591851514 0.146892338746535 0.138563979723075 0.13242774778764 0.114687427403573 0.0936688487561688 0.087764316353646 0.0864460431290793 0.0841426183630557 0.0805066211698124 0.078770165706309 0.0796766265805005 0.0776330816542581 0.0739954373933445 0.0739281855777326 0.071071347000449 0.0671218488943019 0.0630479758234803 0.0598035470336589 0.0577351247236955 0.0556435636450977 0.0543542628447099 0.053419200953406 0.0529390893390722
-9999 -9999 -9999 -9999 -9999 -9999 -9999 -9999 -9999 -9999 -9999 -9999 -9999 -9999 -9999 -9999 -9999 -9999 -9999 0.383966115940479 0.346697825334851 0.336349116930307 0.304155412606005 0.237550157795629 0.120284896531284 0.0595728813824496 0.0342581858530997 0.0523132208699187 0.15878913287723 0.160780946275722 0.141797595391947 0.156413161955654 0.160957764191011 0.161174260567656 0.154910098222671 0.149172507831453 0.141643656744474 0.133136635756809 0.115442750165668 0.0976071251482754 0.0920704655669363 0.0907095029654355 0.088808931667211 0.0873457437798407 0.0842435422440645 0.0825815768391105 0.0802131951516697 0.0765033612406452 0.0748351358996688 0.0714318103296033 0.0672084775707542 0.0633308566458147 0.0601888511860259 0.0578441994778755 0.0557794008627399 0.0544414817176814 0.0530567899501875 0.0525046372988908
-9999 -9999 -9999 -9999 -9999 -9999 -9999 -9999 -9999 -9999 -9999 -9999 -9999 -9999 -9999 -9999 -9999 -9999 -9999 0.386887138874147 0.361465858365981 0.321979030847647 0.307635345027194 0.22614599853679 0.0909690690752875 0.0417157897480382 0.035423365758349 0.0523280966708893 0.137488356535187 0.146495292710985 0.144443138069852 0.157658252825055 0.16321435942891 0.163886719198375 0.158092426197219 0.152099317026189 0.144887663611893 0.136159256232378 0.113865066009351 0.103656118559127 0.0994706265130535 0.095892279385126 0.0934388862431903 0.0915194064317451 0.087968054306968 0.0851516624491271 0.0819618168184205 0.0784726083341674 0.0758916475393481 0.0715935385131614 0.0674675333476817 0.0639113969435629 0.0609288679046053 0.0578595879602679 0.0561042158363566 0.0547922554784885 0.0532066024187615 0.0524407455875542
-9999 -9999 -9999 -9999 -9999 -9999 -9999 -9999 -9999 -9999 -9999 -9999 -9999 -9999 -9999 -9999 -9999 -9999 -9999 0.380487051587225 0.364857222826206 0.321274597544338 0.304840122939846 0.259277453573191 0.143658530660095 0.0445141896308429 0.00511403070852045 0.0189870501744215 0.106536324581279 0.128123775011742 0.148634815454532 0.162402380772618 0.166656958950376 0.167234099019722 0.160993203143209 0.154615360226286 0.147751813596826 0.139168599142595 0.112854276203753 0.109087399299378 0.104657603807227 0.100305714790905 0.0972668252739512 0.0946635820855995 0.0905324851043282 0.0871740352562309 0.0833480594985747 0.0798336911166639 0.0766639383171865 0.0722468775046143 0.0680689384844205 0.0646276063661917 0.0615906382419576 0.0579329214454946 0.0564335823037127 0.0548816257615852 0.0535571159937187 0.0527883361373028
-9999 -9999 -9999 -9999 -9999 -9999 -9999 -9999 -9999 -9999 -9999 -9999 -9999 -9999 -9999 -9999 -9999 -9999 -9999 0.390395725050787 0.373620860829675 0.351128810537253 0.327290313073651 0.263063155795119 0.14362051028412 0.143998134648002 0.0331214130392503 0.0206322096173471 0.0960340481505894 0.122136674245252 0.150922116145282 0.170907786990312 0.172304692741932 0.170835904391517 0.163836051565235 0.157286481012914 0.150496749398673 0.142117141500726 0.120538211348463 0.114467781233615 0.109611856131115 0.10492419292477 0.101186577968841 0.0980698776979276 0.093859824719347 0.0898349469111455 0.0860749989109511 0.0817105922983952 0.078171313619601 0.0733868202073048 0.0689993132130581 0.0651856803582619 0.0618702760444289 0.058411883620887 0.0568161104212389 0.0551500642614854 0.0537810926438842 0.0524094538121657
-9999 -9999 -9999 -9999 -9999 -9999 -9999 -9999 -9999 -9999 -9999 -9999 -9999 -9999 -9999 -9999 -9999 -9999 0.409438053586881 0.399892141551031 0.373321532771296 0.350066543912821 0.331911122544358 0.217984820896782 0.155999662459442 0.0502442086422203 0.0279189681964898 0.0762361512380541 0.126331754947414 0.141906852226571 0.151730840228281 0.169767362245287 0.175349378061443 0.174516258814504 0.167266896229229 0.160409242973543 0.153493424908626 0.144990093833787 0.130870693011512 0.120954320645607 0.114315143318155 0.109023501992052 0.104564897247831 0.0996557457809466 0.0948982603623753 0.0917619706354037 0.0879977641653683 0.0836352164661315 0.0798150343733479 0.0748511872536602 0.0703038353542122 0.0660276188387476 0.0623643215386093 0.0577397642655833 0.0569507145260777 0.0550788421787416 0.0540445005421022 0.0530484885105439
-9999 -9999 -9999 -9999 -9999 -9999 -9999 -9999 -9999 -9999 -9999 -9999 -9999 -9999 -9999 -9999 -9999 -9999 0.428660901741816 0.407185917431305 0.376968076314272 0.351928301228428 0.325269215088087 0.206363944016933 0.184961225916332 0.0425303757208817 0.0789222816206364 0.137907065222363 0.153918505956632 0.156238150781033 0.148467295212095 0.148542988874638 0.169033221307561 0.178484454915369 0.17178491410599 0.164053894640327 0.156892861652787 0.148024916913539 0.138115366776771 0.126696206313482 0.118244229143424 0.112198010719549 0.107276173344142 0.101452336503914 0.0962670364951029 0.0933088031469314 0.0891860984151994 0.0845345925898623 0.080887054217156 0.0760713752140914 0.0714355515083695 0.0671434954952616 0.063386341631081 0.0594764087678121 0.0577885343631151 0.0555099742801356 0.0540856063316327 0.0530196538781565
-9999 -9999 -9999 -9999 -9999 -9999 -9999 -9999 -9999 -9999 -9999 -9999 -9999 -9999 -9999 -9999 -9999 -9999 0.430713363722106 0.408177294834412 0.386705372860482 0.362946026874877 0.314032152761409 0.209239458434513 0.160506528217485 0.067416261273343 0.0693361231822411 0.149977075040423 0.168154457731067 0.162467435193522 0.148568126941166 0.138941231500298 0.169019734254862 0.18345595111105 0.176914571221251 0.168358225629117 0.160801028226123 0.151558174902681 0.141971157826958 0.130943275874543 0.121799177660361 0.114888950142897 0.109088286912549 0.103273477373217 0.097972895943581 0.0947961528886348 0.0900145487250267 0.0854221928275783 0.0818141931571387 0.0773586499852611 0.0726716516038992 0.0683607331744976 0.0646018567881237 0.0611878005663969 0.0589234582856927 0.0562211935407355 0.0541146132179141 0.052856806903038
-9999 -9999 -9999 -9999 -9999 -9999 -9999 -9999 -9999 -9999 -9999 -9999 -9999 -9999 -9999 -9999 -9999 0.466823315427132 0.437284904216743 0.420139012998869 0.396042955989267 0.374242434006355 0.296840971687474 0.20248047946923 0.130303016319729 0.130586398046169 0.0840682434623685 0.159654885554574 0.177174355188767 0.158119202980007 0.123819454969877 0.119814385562632 0.148024466492897 0.18039147182866 0.180617867129559 0.173632348302226 0.165471308305537 0.155649633498659 0.145877381269617 0.13484998129069 0.125257296908841 0.117473238382708 0.110379363391931 0.104557528376081 0.0995142158634894 0.0956437557662203 0.090456161354834 0.0866103364216343 0.0826116185346488 0.0784445519454435 0.0736925892027579 0.069430890223825 0.065654768548159 0.0621674045819826 0.0596201828270242 0.0568127984201676 0.0544313387713104 0.0526772940204011
-9999 -9999 -9999 -9999 -9999 -9999 -9999 -9999 -9999 -9999 -9999 -9999 -9999 -9999 -9999 -9999 -9999 0.44675844133475 0.444466312671635 0.438805457683549 0.414321994250329 0.374626475934859 0.285336250360708 0.186127277768948 0.114850574839206 0.149436474159654 0.114478091114212 0.156383723458226 0.178530400813727 0.162759805229295 0.113766209409354 0.0843428962336635 0.123430757864494 0.173652141133962 0.179022025008058 0.177285195024847 0.169289317228284 0.158869635704282 0.148554509096695 0.137455626034194 0.127421469707182 0.119623782353484 0.112197712766302 0.105774599980525 0.101010137805223 0.0960643060163155 0.0909850226665248 0.0878784625933272 0.0837954340362109 0.0794260793594412 0.0746532217547345 0.0704153766050188 0.0665394295029652 0.062788910383239 0.0601778073193273 0.0572939538451588 0.0548148628073973 0.0527852614771436
-9999 -9999 -9999 -9999 -9999 -9999 -9999 -9999 -9999 -9999 -9999 -9999 -9999 -9999 -9999 -9999 -9999 0.458040732483366 0.437553633692912 0.433034020035486 0.416814902626453 0.372842125199995 0.298055774805087 0.195427619284918 0.114933945593036 0.125928574268624 0.140958700737331 0.155240032848093 0.16749879080877 0.169566424802341 0.124294157798307 0.0950197230675175 0.129989072364435 0.170285042443579 0.177733421573223 0.179604755070966 0.174083219094555 0.163411639030238 0.152496474479896 0.140979354963083 0.13039799681537 0.1230969287386 0.114782301106713 0.108554188413667 0.103009916151027 0.0977393814526371 0.0928979031692366 0.0891131960520321 0.0858044357791329 0.0806067831795688 0.0758127479073395 0.071392012421287 0.0673149589794135 0.0633821470743023 0.0607277877602988 0.0575220531058026 0.0548683877189562 0.0529814614372613
-9999 -9999 -9999 -9999 -9999 -9999 -9999 -9999 -9999 -9999 -9999 -9999 -9999 -9999 -9999 -9999 -9999 0.479915174947217 0.45492102257207 0.443929077453718 0.425598647922406 0.376943011550208 0.282868967221584 0.231115781420031 0.159401477212282 0.146751432323851 0.164237480940856 0.176646148753904 0.157681368616267 0.173664662541742 0.142002589463219 0.128238807242585 0.15019316349199 0.172509558099005 0.177408762020122 0.17893635429288 0.179403167854924 0.168535959311572 0.15704034781712 0.145311618325996 0.133917836953194 0.124877684924049 0.118506397931854 0.111020093477481 0.104749442578623 0.0999486284320242 0.0959234808564433 0.0902154863438641 0.0870505871670757 0.0817105844139021 0.0766800844603468 0.0720871416215262 0.0677576158512685 0.0636268543129134 0.0607307116793949 0.0572306597222701 0.0545617928843855 0.0527639428381061
-9999 -9999 -9999 -9999 -9999 -9999 -9999 -9999 -9999 -9999 -9999 -9999 -9999 -9999 -9999 -9999 0.491301144511039 0.482776175542287 0.468011655029056 0.454574015549326 0.43071811508447 0.374197394849619 0.280031441274525 0.231390507025483 0.161728815177345 0.130348187437057 0.171380298671436 0.185808277069276 0.167727356285113 0.161013507738175 0.153532526857279 0.157277018865028 0.168455472827019 0.17742992479818 0.17905427192784 0.17904595168945 0.182771927921422 0.173569610393058 0.161585747069859 0.149476718716933 0.138319561998284 0.127594114713506 0.121727042090108 0.114778439575103 0.107549663855597 0.103624688161108 0.0979068814741636 0.0917011062904935 0.0877438376718318 0.0822822139317342 0.0773970473006211 0.0723985825047456 0.0674445194320323 0.0632999447594232 0.060495320588311 0.0571563293532663 0.0545473534270184 0.0524195850504271
-9999 -9999 -9999 -9999 -9999 -9999 -9999 -9999 -9999 -9999 -9999 -9999 -9999 -9999 -9999 -9999 0.520745467722204 0.493247789762691 0.479500829350297 0.463379292811725 0.434815613943148 0.371224695073655 0.284621177394963 0.245832260987571 0.176114721027628 0.174349917729959 0.163326491923235 0.165826587652114 0.160817714065839 0.115333598010454 0.157583463641355 0.180526639559572 0.183174906838598 0.184457287858834 0.183989836411186 0.182929255537828 0.184096239883808 0.178613471254263 0.166234235052133 0.153686778520023 0.142654267716944 0.131319186168319 0.123298628109095 0.116734019526991 0.109049708399303 0.105090672967094 0.0993679919201533 0.0932423931893152 0.0897198106496139 0.0836026331789796 0.0780457944563953 0.0727103812721208 0.067849440928493 0.063501441846866 0.0606162349446144 0.0574964239416331 0.0548897992565419 0.0521711201236693
-9999 -9999 -9999 -9999 -9999 -9999 -9999 -9999 -9999 -9999 -9999 -9999 -9999 -9999 -9999 0.532539315707202 0.52860459301904 0.51525090032368 0.495023402371984 0.472225784652387 0.438170343715711 0.357152989928078 0.269751284222439 0.241325421670965 0.170358929253249 0.127058926089691 0.191367087438458 0.234915499973888 0.182342305157556 0.187658599992628 0.197548358770751 0.19713430138782 0.196256799739262 0.193981964382325 0.192174710929919 0.190111714562255 0.187635641093932 0.183763749046062 0.171285179282381 0.15890033455161 0.147440390704539 0.134855908482807 0.124426422026632 0.116108167638617 0.109451301566004 0.105183346909751 0.100357792358798 0.0953846545266364 0.0912165753027423 0.0847597071527425 0.0789385690379069 0.0739660545503819 0.0691725857299959 0.0644130489314811 0.0608728172088169 0.0570055308970095 0.053869783208483 0.0505088245087444
-9999 -9999 -9999 -9999 -9999 -9999 -9999 -9999 -9999 -9999 -9999 -9999 -9999 -9999 -9999 -9999 0.534850261012679 0.518330761679114 0.505353603491355 0.48005923713301 0.438649112775194 0.341973766654514 0.265916219316845 0.23503768019528 0.200952598299427 0.16425523890215 0.201233246834917 0.251940081081709 0.222525784771451 0.216534178966545 0.199619775061872 0.204315204746151 0.203031996903709 0.202926901238937 0.200482453313404 0.197457618484736 0.196924286634556 0.188919498804531 0.176453799464511 0.164581814975544 0.15237557280801 0.136447804558143 0.125619156746348 0.117651965330647 0.111602648457714 0.105647805431532 0.101637019659101 0.0970187951700709 0.0926825900732987 0.0864792435248722 0.0807631768317161 0.076036074951906 0.0702945005067271 0.0633795166860907 0.0594024488051062 0.0556975191223177 0.0530459606680539 0.0497221448751686
-9999 -9999 -9999 -9999 -9999 -9999 -9999 -9999 -9999 -9999 -9999 -9999 -9999 -9999 -9999 -9999 0.561053137138429 0.527948252471351 0.516037480859359 0.486457370483695 0.438739280271039 0.34382096952233 0.282083873601402 0.241718854539283 0.237619681786021 0.238765216737818 0.208668783501415 0.236237195076323 0.260341844201703 0.251368654887595 0.221565405398527 0.217708093664288 0.214957481069691 0.211919867858468 0.208022458949884 0.203346622590912 0.202915576788149 0.19382152421782 0.18097074552475 0.168942927059353 0.156496812156177 0.138708801891099 0.129075829990162 0.121868549060082 0.115731234030947 0.108170329106221 0.103408322475146 0.0974339438261189 0.093686521560563 0.0881523496965643 0.0816941318083333 0.0748391649483477 0.0682763658188469 0.0611258052668043 0.0573810341654945 0.0540612097663061 0.0521333372676399 0.0490419073667108
