layers/veg/veg5300.asc
NCOLS 255 
NROWS 330 
XLLCORNER -2985163.8955 
YLLCORNER -3022031.214 
CELLSIZE 25000 
NODATA_value -9999 
[rows 175 to 199 of 330, columns 114 to 170 of 255]
0.346896470935439 0.341950926424316 0.341019477039872 0.342314900225699 0.328714974833602 0.311975392450026 0.288683328863609 0.281039597497952 0.283947449592677 0.289740999383617 0.295096077666765 0.298132827967405 0.301071897123647 0.30393147965936 0.308628943400746 0.31332650571641 0.316827110771562 0.319638417499496 0.321775236807351 0.323272775221909 0.326687776061232 0.342569408936122 0.354258258754815 0.361015463076672 0.364157672213503 0.367196261954027 0.379042583245486 0.382769984976822 0.374986121123163 0.37266592417826 0.373195189879686 0.389903741432291 0.394748152498923 0.379188730423136 0.374809551929346 0.375511346352113 0.364572447245871 0.365081712484818 0.389722948452879 0.379459682280354 0.349544259299466 0.358107681945275 0.357369816380099 0.327763724417788 0.332938601598151 0.361899518950255 0.400631718197353 0.433724809471539 0.444768618664799 0.497811047818583 0.585501945832808 0.631152472164953 0.663916078433189 0.6683842900243 0.625794432482853 0.536527033464513 0.54606808079883
0.345549354381473 0.342318101442643 0.335560788973321 0.326847348160802 0.307097713383013 0.290126267804716 0.281475277534435 0.279830729354415 0.282910586141822 0.287567218867561 0.291876233183304 0.294563498720625 0.297398814124442 0.30035460296896 0.304305857509234 0.308252518205939 0.311530710887122 0.317824406421647 0.327068810901029 0.325941434473958 0.324600484781376 0.335456354633879 0.346566551774258 0.357975894376534 0.365800379817012 0.372552856824462 0.378866692315857 0.3779921000863 0.366925523563556 0.360872807334837 0.357316680370771 0.366343649173973 0.371323436387469 0.369342920159594 0.361386309832928 0.350681489854469 0.337567705870742 0.335182204950592 0.355411212789893 0.359059460718541 0.353372302788839 0.359039190389228 0.358406252003581 0.339921427155271 0.359451570889475 0.404979425214259 0.42081500723277 0.437819661899011 0.468348618688398 0.509916789908469 0.560592209838255 0.618601578897014 0.668566716170398 0.677824393638244 -9999 -9999 -9999
0.341105245652699 0.337698872997353 0.325167017676032 0.307572679678531 0.286384539919723 0.272260176913622 0.276742864406985 0.279811597583601 0.281926909221624 0.285278586257302 0.288499207102049 0.290913208072238 0.293858075944917 0.297234929092632 0.300109480871006 0.302953284205701 0.305991009968021 0.315649815536213 0.331787434210531 0.32930276236093 0.324558554977508 0.330329634910162 0.340137750278367 0.354694317297767 0.365947245038009 0.375492363587824 0.377820207548892 0.374211516768309 0.362185815872079 0.354115155585553 0.347826128356536 0.347869436258647 0.351384669133318 0.360870884727459 0.350046723266491 0.329938189696341 0.316521183055028 0.311440530422111 0.323932358830897 0.339080280081159 0.355723651769532 0.359978369576625 0.361602586199408 0.35775350728305 0.390526298787303 0.448344087669739 0.440369323902447 0.441142348335329 0.49250564373704 0.522956901595109 0.536155923967337 0.600630339890564 0.659716858885195 -9999 -9999 -9999 -9999
0.325286975905032 0.312701451657435 0.297247270183487 0.280201663023482 0.274340175142354 0.271131383965545 0.273604706862935 0.276542738431668 0.279794120475153 0.282608341960066 0.285274157016386 0.287585257353866 0.291325914881772 0.296229853927494 0.297581824263048 0.298719140544564 0.301239812980756 0.312362996643401 0.331903849948104 0.330240096314189 0.325799009239031 0.332090623139459 0.339869447677871 0.349397562734624 0.359242050384547 0.368735477468581 0.374049844300943 0.37497434202108 0.369674741958257 0.363247820049222 0.356663921702512 0.354990968078582 0.356162061638438 0.362224319817908 0.350324418901675 0.33022597641771 0.31935812023781 0.312133393164445 0.312588140486312 0.328944562345679 0.354254047058309 0.359519522832775 0.363996959780291 0.368723355141827 0.399760903877027 0.448792147628131 0.437193012502541 0.43786159429139 0.499239303208278 0.534999205935871 0.549624658034923 0.607257351409553 -9999 -9999 -9999 -9999 -9999
0.297591782129239 0.286081183761308 0.274371459857401 0.262551268418444 0.265054328501079 0.2681062715656 0.271083086158674 0.274260174245633 0.27757230563662 0.279506235144727 0.281442174035251 0.283803824981678 0.28767149458698 0.292764665125779 0.294495330576858 0.296190829973181 0.299924527229781 0.310761895796475 0.328550299562085 0.32786551668945 0.324648908665539 0.330101388888966 0.336678229973605 0.344577569528518 0.35334047243863 0.362109972918592 0.368603628476699 0.372290970020187 0.371999429189246 0.365304460233337 0.35686471171597 0.359989976986166 0.363289859190798 0.366890045896906 0.356247292114714 0.339069903192453 0.320218070641716 0.305650877891602 0.300115421508627 0.319514196361723 0.352951602110445 0.358120265671082 0.364282149294438 0.376320407952193 0.40035475678624 0.432593002460154 0.44823651336456 0.471992870369693 0.52829199505298 0.555144436617666 0.55770363987983 -9999 -9999 -9999 -9999 -9999 -9999
0.259234562349803 0.258004071303302 0.25602363919448 0.253627167323693 0.258244829441797 0.263378815422514 0.269114936353314 0.272863016293463 0.275270571240943 0.276016441299725 0.277065341706029 0.279615297879095 0.28300961166278 0.28709100925776 0.290907163608445 0.29519386175254 0.301693691194976 0.310674079836907 0.322081728068422 0.322517801208422 0.32135278461377 0.324745544773472 0.33086308398883 0.340185569460553 0.348160308742101 0.355602410834554 0.361652984089603 0.366513914448931 0.3696881308037 0.36100888710933 0.349311982896876 0.363083577184286 0.372527637380688 0.374529246637182 0.367237894142701 0.355594757076258 0.319303261487059 0.292726958531081 0.28662963693696 0.310717031255255 0.351799218048673 0.355876793264314 0.362673904505834 0.380889671039736 0.393191725486924 0.40144950524235 0.472045272953886 0.539709276492432 0.57738069142028 0.582563740211701 0.560944190644828 -9999 -9999 -9999 -9999 -9999 -9999
0.247575194111328 0.247936412533325 0.249288729230663 0.251190870855949 0.255129041872898 0.259357575169894 0.264123510599944 0.267983293617578 0.271232063098911 0.271455322852504 0.272208382074495 0.275622384153131 0.279036867058276 0.282451741229051 0.286549208594457 0.29196014226859 0.302621684868792 0.312024425433721 0.320195411758669 0.322310208414184 0.322853348985206 0.32173838872779 0.322864609047135 0.326626956242313 0.33984360394976 0.353956003493924 0.350946181455868 0.350359364849491 0.353207963365951 0.346364081022282 0.337191818900526 0.351508279604641 0.362081336145272 0.366216522700577 0.354764764026167 0.336202308503576 0.326642431420825 0.320093224546359 0.319890310680157 0.336904598643049 0.363612626077821 0.368591344220062 0.374007628467016 0.383085336681031 0.389951397939707 0.395304956107696 0.464471529293174 0.533177238544737 0.579688873705313 -9999 -9999 -9999 -9999 -9999 -9999 -9999 -9999
0.24134997216077 0.241630148247416 0.244544440475853 0.248920043609476 0.252239524010129 0.255487744479395 0.258662035493943 0.262604311885239 0.267064436548465 0.267129036804769 0.267778350031442 0.271685668229425 0.275198707542582 0.278390908107448 0.283226157472104 0.289795213013703 0.302811773386947 0.312334566077274 0.318438661437633 0.321880446059091 0.323626092909329 0.318543161634701 0.315304646350251 0.314235574533384 0.33196805149212 0.351675434657537 0.339163950772064 0.333095284608267 0.336161452871726 0.332243912679537 0.326712964675608 0.33933628404255 0.349517825477919 0.355500021031844 0.338579223918905 0.311324122091789 0.327731013558657 0.341113574719552 0.34812104829275 0.358910941026306 0.371830435670668 0.379730840696227 0.3849008910789 0.383483316839343 0.387759350957416 0.395929135032862 0.45788238981359 0.513373627639621 0.529816636260484 -9999 -9999 -9999 -9999 -9999 -9999 -9999 -9999
0.237877480401861 0.237672208610911 0.239081747709734 0.241387124590954 0.247032242531752 0.251730085554921 0.253635000902496 0.257942451796283 0.263869919058252 0.265017783259947 0.265992784619466 0.267853239890514 0.271402417845833 0.276325769496674 0.28594225497449 0.295225360619275 0.300005308551398 0.3059487074674 0.313030558373668 0.315467723342405 0.316143008179103 0.312169689741389 0.312053109546828 0.316472911400751 0.329312439945319 0.341559223772219 0.325398087588368 0.319909990536121 0.32955447204105 0.330566967798404 0.328964521794214 0.337918997274955 0.344626038862796 0.347467965552208 0.325435001604334 0.292113336860673 0.288948802493777 0.291594431177908 0.306487498005928 0.3264908746697 0.349371490774591 0.368691837423871 0.381340708940788 0.376886626847043 0.387254649067269 0.407759225194191 0.485912358274571 0.548590118081642 0.540780213764155 -9999 -9999 -9999 -9999 -9999 -9999 -9999 -9999
0.233879896295834 0.233650457435989 0.234582644676541 0.236159259420243 0.241881398802869 0.246390269210486 0.247335710263176 0.251179572721495 0.256977824627418 0.259154829157529 0.260893664031023 0.262293916061814 0.266419996190155 0.272764179566032 0.284807452446381 0.29532320586269 0.295502510698332 0.299384237808892 0.306888833494134 0.308398500530376 0.308291292973125 0.306171907732187 0.308718168225854 0.316752265907494 0.324978902929409 0.330948637223512 0.315037856092898 0.31225742390701 0.328093623257757 0.333267461059747 0.334843167133471 0.342412575963865 0.346578146167052 0.344889827883721 0.320140989264116 0.284896452958785 0.269491428329658 0.263830419345578 0.278709148719564 0.300166449766463 0.325327660457179 0.356467907277636 0.380073101517908 0.383205106595406 0.396742571685379 0.417396132041326 0.496589105921087 0.56094489937593 0.55666225420384 -9999 -9999 -9999 -9999 -9999 -9999 -9999 -9999
0.229315811025966 0.22955986254057 0.231123120125428 0.233418224794043 0.236791443508084 0.239343526408813 0.239663833381111 0.242149988166689 0.246096562097382 0.249244315146973 0.252219681088892 0.254871513652425 0.260157904131943 0.267588128066886 0.279518067660333 0.28966824303206 0.289169606895405 0.29262707182281 0.299955633334833 0.300621005982688 0.300041877068048 0.300579442535846 0.305293245101638 0.314919231437015 0.318835119132513 0.319804688514375 0.308351824622598 0.310573895967763 0.332184730830576 0.340690597520844 0.344634933106906 0.353283151344504 0.355913857311318 0.348195704340505 0.323316254968577 0.290619310226818 0.270882848964063 0.259537150327358 0.265878622487762 0.280418368998977 0.299573960550789 0.342965606847003 0.381278861401754 0.403457247212108 0.417011137831876 0.424666900995139 0.488544156628468 0.543668714422907 0.551283842263216 -9999 -9999 -9999 -9999 -9999 -9999 -9999 -9999
0.22459082785616 0.224648740233685 0.225656889025932 0.227192194086388 0.230952085496791 0.233594385177453 0.233120294881353 0.23510236746744 0.238740617036357 0.241981758934176 0.245566304938249 0.250400016231492 0.256849077504685 0.26461260649492 0.273746039197681 0.28177900225013 0.284147723616532 0.288152581812884 0.293758421276356 0.294600024996893 0.294733728918482 0.296769808348067 0.297943878282755 0.298104033310148 0.303316594807932 0.309365145094086 0.309644957062237 0.314989370581934 0.327514539263733 0.336996358878904 0.34521029827069 0.350524374821819 0.351395552203927 0.344625874909671 0.327426062650259 0.30549037396196 0.295536781686152 0.289378355331812 0.291219886889279 0.293923995475193 0.297113757715585 0.336749239236747 0.373801874529376 0.399859334542869 0.423806605637814 0.446310758854684 0.496044381831227 0.536358252608943 0.536310602719528 -9999 -9999 -9999 -9999 -9999 -9999 -9999 -9999
0.220046471617657 0.21982284451554 0.220257003105154 0.221056077041267 0.225507261004806 0.228487495481978 0.227290579496768 0.229031798380594 0.232754185279716 0.235752471596088 0.239581778222875 0.246361965962326 0.253614453743214 0.261251268861788 0.267304254095481 0.273072561956749 0.278638350026354 0.283401696222134 0.287379842559058 0.288389577771839 0.289187712223819 0.292563511088785 0.289904350156634 0.280146734115278 0.287566677704695 0.299876915710974 0.311956622647643 0.319285039857803 0.319876925500175 0.32924349456693 0.34127203280289 0.342641851666301 0.341723820611716 0.336871167572768 0.329436133863094 0.320856297912482 0.322654069525424 0.323034723165686 0.320428186160769 0.31138571285357 0.298719637384345 0.329793557005788 0.360704914949692 0.386131601774886 0.419920358797565 0.459427775838611 0.499535120270227 0.52690262055204 0.511406104360618 -9999 -9999 -9999 -9999 -9999 -9999 -9999 -9999
0.217169258019604 0.217195531549472 0.219162607834202 0.222206370216974 0.224458518627713 0.225763017293509 0.224703934813324 0.226570526160179 0.230409883110956 0.232293507379225 0.23480923328522 0.239996743099286 0.245339253110768 0.25080789229436 0.256727292273257 0.262440659580572 0.266966976869766 0.272238102081266 0.27823803157697 0.277419656580218 0.276270654087959 0.28198544086602 0.284102275505876 0.281987118119819 0.287848713109093 0.296226469024182 0.306818224567919 0.311112101525938 0.306476643430766 0.311967296131615 0.320774697081624 0.321967633235441 0.319462607484785 0.310597862902822 0.313840748855565 0.322606543816853 0.324235197394541 0.320732515359527 0.30641331837301 0.295621690202184 0.286816176465508 0.303447066827991 0.321694430135364 0.341244173591693 0.36103554044549 0.380992148923667 0.443314350695555 0.495818522611967 0.501729020908513 -9999 -9999 -9999 -9999 -9999 -9999 -9999 -9999
0.214149732333312 0.214108339460009 0.216663884490652 0.220660115305386 0.222624318850579 0.22379927682619 0.223148719000922 0.224465830060089 0.22710972931391 0.228343516851886 0.229995655752766 0.233451285323159 0.236942450425643 0.240462532054157 0.246241881383286 0.251960030089139 0.255940887662906 0.26103596132348 0.267221309984194 0.266605529492741 0.265752431217365 0.272306973322226 0.277832701871176 0.282148316833975 0.285534799096886 0.289060765708806 0.296422629701513 0.298380370165171 0.292675970274273 0.294684859536026 0.299413418763611 0.302040573014234 0.300402525641208 0.291429226097947 0.300701286491959 0.318258317659038 0.314998390176115 0.307716006506035 0.291954552127262 0.28334297430163 0.27875696586005 0.283316615613602 0.289610962428521 0.299401852566907 0.312908490530067 0.328956257426856 0.395471228692886 0.447429561339702 0.434301323667287 -9999 -9999 -9999 -9999 -9999 -9999 -9999 -9999
0.210945450704159 0.21042411164368 0.212341999388001 0.215613080590088 0.219770403009161 0.22282316022609 0.22293255046074 0.222824057089909 0.222568646014658 0.223756053920885 0.225128807863355 0.226671838490198 0.22838777849572 0.230244421010956 0.235875326024262 0.241675789848931 0.245752535053255 0.249783777616844 0.253770495251903 0.255993661306519 0.258348483997418 0.263796410369024 0.270956200064511 0.28012952180763 0.279850706992209 0.277331398400871 0.279201905915048 0.27973020900148 0.278355491430705 0.27739432428067 0.276930531374912 0.283083507128691 0.285498296162579 0.281484188119764 0.290750213177233 0.305992781244689 0.291717253894643 0.280789710953736 0.276919496972019 0.275589040117568 0.275688533620786 0.271256105285744 0.266520459358237 0.261512826382479 0.278747658629976 0.311193687815335 0.358504344930072 0.400461807371896 0.419679349576849 -9999 -9999 -9999 -9999 -9999 -9999 -9999 -9999
0.207903009199285 0.208762213744024 0.211508885804004 0.215302655529666 0.217612147768768 0.21934000831426 0.21972118480047 0.219752011071849 0.219546598140227 0.219724477459974 0.220018947530064 0.220579969180909 0.22174347838198 0.223397253125826 0.228133751738945 0.232696956119875 0.234500336383597 0.237433185170565 0.241471233666028 0.245718421004069 0.24988658786513 0.253303194792787 0.258500502522418 0.265792310485801 0.266472969394405 0.265532752908361 0.267153792807483 0.269769325857414 0.273794883319662 0.271578705727996 0.267495874660913 0.271509814380062 0.274358331777983 0.27520256722974 0.281351704347969 0.289835249718335 0.272373619436861 0.260085551362851 0.258703009099903 0.25914034035478 0.260602308477405 0.244140755302278 0.227197683831634 0.21106307650428 0.245064425157188 0.313352796063653 0.352276762791755 0.380025854726935 0.379849259860952 -9999 -9999 -9999 -9999 -9999 -9999 -9999 -9999
0.204879984513278 0.207316834120401 0.211272568311104 0.216070923892143 0.215510359347102 0.215096794772529 0.215620835257436 0.216253650917085 0.216959813072611 0.215882194161591 0.214909193862592 0.214822409504386 0.21573680380235 0.217465892772589 0.221022425124245 0.223977330694709 0.223132938411637 0.225109606329302 0.229846718515511 0.235587418968151 0.240881234068902 0.242157811332886 0.244443124351153 0.247914934994847 0.25081540511823 0.253539633602592 0.256142950798158 0.261611096340309 0.271141087760935 0.268903167353677 0.262664594370433 0.262477648400772 0.264364220715693 0.269816809561386 0.272289770862206 0.27332712110054 0.25570080233089 0.242951083833567 0.240480915094702 0.240488707561539 0.241891657649688 0.213968468800538 0.186517036566341 0.163695252164139 0.217169010577164 0.322819832800096 0.356415615272403 0.37692580985735 -9999 -9999 -9999 -9999 -9999 -9999 -9999 -9999 -9999
0.201418057774758 0.20004621987666 0.203900963327401 0.210655222179424 0.211169659160294 0.211658463495338 0.212731033791569 0.21330980218939 0.213555602711117 0.212132438463206 0.210840378700227 0.210486650392192 0.209879706861026 0.20906671309901 0.210907467899594 0.213056438365939 0.214812938022583 0.217837300506592 0.22210228333404 0.225898865074851 0.229308838536817 0.230982256790992 0.233348566793031 0.236529871614106 0.238315243702952 0.239304785425731 0.236542431459893 0.239808797342551 0.251622876353741 0.258122088757075 0.262095053942351 0.255030802817974 0.253222092094319 0.260451808514743 0.265256759782168 0.268892320146355 0.25704125585262 0.245788034913663 0.235795028093152 0.230280560082845 0.22728762773622 0.208300847236125 0.19755236273031 0.210281362871429 0.262767548445988 0.342442913423682 0.364352080724218 -9999 -9999 -9999 -9999 -9999 -9999 -9999 -9999 -9999 -9999
0.197994311274411 0.194697442098546 0.197622977102376 0.204000473445341 0.206666193634648 0.208665362654431 0.209330668982743 0.20929488751926 0.208786366453637 0.207439720115235 0.206135795182189 0.205227123007108 0.203781179690038 0.201898039740529 0.202628518034111 0.20393854850224 0.206058795207881 0.209148861306936 0.213187908354847 0.21560796609037 0.217578670470032 0.218928901031706 0.220488334008663 0.222293835559984 0.223295938435875 0.223488737349926 0.218197713738885 0.22054423211253 0.233719503444152 0.247191781804154 0.259469430688596 0.246794294307554 0.241407487957831 0.248555080540904 0.256685382272762 0.265201332413286 0.256413324108453 0.24655949615139 0.234458991096182 0.224033367520518 0.214550746464668 0.205816637712019 0.210969897043838 0.252495158276568 0.301380830646864 0.355300147545019 -9999 -9999 -9999 -9999 -9999 -9999 -9999 -9999 -9999 -9999 -9999
0.194630484714374 0.192364788153387 0.193061312562996 0.19540116838811 0.201907284721166 0.20637100499696 0.205129027741466 0.203599045479174 0.201874863041212 0.201267119284087 0.20043343889624 0.198517836730555 0.197303752710086 0.196660518948851 0.197230992083991 0.19765028478158 0.196623310697196 0.198237947039685 0.202437433702167 0.20437174869942 0.205600894705817 0.205497926926775 0.204857056327192 0.203583492362103 0.204323097087057 0.2051911593494 0.201823846948755 0.205262377917225 0.218350452765469 0.23602727635927 0.253616997805635 0.237318491393785 0.228537502958043 0.232685068648151 0.245699697545015 0.262677682704862 0.25269621499717 0.244089384418825 0.238380197686979 0.22400248458609 0.204744162135275 0.208328464581552 0.228126060998055 0.287847056416312 0.329031475559805 0.357539084401969 -9999 -9999 -9999 -9999 -9999 -9999 -9999 -9999 -9999 -9999 -9999
0.190524187825697 0.188979623207453 0.188499139306945 0.188608968313356 0.1933413743317 0.197445660006033 0.199447188793853 0.198857118512695 0.196519547380559 0.195201064239616 0.193699023873375 0.191283922138073 0.190295699333395 0.190468578651298 0.19052240541401 0.190354265760213 0.189301220762551 0.190278831929844 0.193243466688648 0.194569522436559 0.195207472420473 0.193801705515523 0.191301573126136 0.18751422350159 0.190849672108437 0.195777691906402 0.196491185864171 0.202104554942279 0.214665124744059 0.233759035723989 0.253461265171799 0.238932427718928 0.229953625509681 0.230519719804257 0.246121017595325 0.268491845023406 0.258282529316704 0.24848325070448 0.239548303076983 0.218637019930825 0.190982743498176 0.219673465575183 0.255755548323915 0.304726712785912 0.32461555633086 -9999 -9999 -9999 -9999 -9999 -9999 -9999 -9999 -9999 -9999 -9999 -9999
0.186071887147829 0.185149177063008 0.183957595444741 0.182616853773246 0.183353647218205 0.185944163534502 0.193103040215553 0.19441883987472 0.191794685167373 0.189194894562226 0.18657633913642 0.18388871454009 0.183115592963027 0.183900370568334 0.183303179426344 0.182682270306149 0.182858874139234 0.183523450485797 0.18466551431302 0.185324727750895 0.185442017830478 0.182899112425267 0.178848978540417 0.173026008702769 0.180031764589515 0.190232606386059 0.195934984215366 0.204221759812143 0.21617277778234 0.235413388875222 0.255723964342436 0.24532998254942 0.237641461595138 0.23460576581535 0.251622437876498 0.277695840751709 0.267861976524279 0.256094985054858 0.240253089643393 0.212080769773886 0.176966095190735 0.234940481270586 0.281878252321361 0.289077156364811 -9999 -9999 -9999 -9999 -9999 -9999 -9999 -9999 -9999 -9999 -9999 -9999 -9999
0.180128138173188 0.180949579212375 0.18022052712156 0.178631318379585 0.179318616876919 0.180964301133636 0.184846614255179 0.18645795888846 0.18653800208963 0.183797778064425 0.180958447327107 0.178651097337707 0.177773567911779 0.178059534319679 0.177323608383581 0.176601234306737 0.176603388124962 0.176063512875168 0.174993255099753 0.174682067874142 0.174598679528482 0.174910070592123 0.175798082324079 0.177364328222737 0.183839186957896 0.192042822018315 0.203316351440962 0.216218258489714 0.231428931771209 0.246321523119181 0.260307172722906 0.259165866727043 0.259131752658564 0.261001776472613 0.270937009971082 0.284512180424243 0.282911530096521 0.278233599046413 0.267068964444649 0.244807321796676 0.216297770459178 0.260447154123692 0.294287449820508 0.292661306217858 -9999 -9999 -9999 -9999 -9999 -9999 -9999 -9999 -9999 -9999 -9999 -9999 -9999
0.175332765288992 0.17617646627586 0.175624141900945 0.1742973539203 0.174600671722383 0.175518653352928 0.177853391020789 0.179836694535485 0.181583027953583 0.178909659479625 0.176076314858075 0.174061323593764 0.172997351898897 0.172707258643889 0.171607836245824 0.170546515413043 0.170177686924024 0.168655449559596 0.166004586539261 0.165289327334546 0.165352197616599 0.167618637615493 0.171874569452167 0.178470586223187 0.184699243237532 0.19158105410953 0.205638974299576 0.220468670424959 0.236392615322973 0.249178142101713 0.260463073855079 0.265061126229659 0.270260447270082 0.276493824300157 0.282362380182011 0.288055488972784 0.291550783923341 0.291216060065722 0.282807910723983 0.266877945960803 0.246713000404879 0.279244873243968 0.304484046799945 -9999 -9999 -9999 -9999 -9999 -9999 -9999 -9999 -9999 -9999 -9999 -9999 -9999 -9999
