layers/veg/veg5100.asc
NCOLS 255 
NROWS 330 
XLLCORNER -2985163.8955 
YLLCORNER -3022031.214 
CELLSIZE 25000 
NODATA_value -9999 
[rows 200 to 224 of 330, columns 112 to 167 of 255]
0.466436917492721 0.462166689390867 0.458566636037475 0.454264848865268 0.448355257046182 0.442008005261397 0.436522325443227 0.429851550283928 0.42178061901036 0.414520091982411 0.40519214250327 0.392255821254585 0.38089642002562 0.370479591133102 0.357340043486206 0.347459143862096 0.337508521487291 0.322165581818644 0.308646485314637 0.294570717732041 0.274785972396739 0.261001332696299 0.25532345072683 0.248096276148077 0.241331093369974 0.241939532130555 0.248137376398004 0.252917828970244 0.264156247781527 0.279947281445748 0.292504329707131 0.305670727900368 0.319165975277492 0.329204247847987 0.336914425933853 0.3465876617628 0.35386166372169 0.355228570588545 0.353481816865245 0.347435673301942 0.33730780989771 0.324166717825488 0.316034104103174 0.319216515558312 0.324594656405249 -9999 -9999 -9999 -9999 -9999 -9999 -9999 -9999 -9999 -9999 -9999
0.464599019783242 0.46022668866544 0.456435133762302 0.452307892563973 0.446791395262793 0.440956897472573 0.435673848708937 0.428897577924309 0.420699668433328 0.413382795491225 0.403508678691861 0.390753792492071 0.379835180562036 0.369494998524685 0.357346299478773 0.346942394524728 0.336007776190051 0.320628180008288 0.306540312641029 0.293587948234521 0.27669060122366 0.260544840087773 0.251646638620523 0.245317417154388 0.237117589606 0.240057978864526 0.250302818243424 0.254862583577917 0.264142475694044 0.273695675200421 0.28183846730559 0.296111699392672 0.312213338469189 0.322945197075194 0.331616878276852 0.338769315339948 0.338870478988326 0.339170512685268 0.344601786228723 0.343788234010911 0.33531425121062 0.330184655514115 0.329051430622703 0.329236066398768 -9999 -9999 -9999 -9999 -9999 -9999 -9999 -9999 -9999 -9999 -9999 -9999
0.462355643621822 0.458137801480984 0.454504817497591 0.450627671845325 0.445332077830055 0.440505771962711 0.435428860113665 0.427271768952555 0.41887137369742 0.410847871018556 0.400880156370307 0.388819499715818 0.378358073419714 0.368605873169466 0.357814757950649 0.346165670994534 0.331968155084644 0.317213600242507 0.304192870111801 0.289351471109056 0.275529603228464 0.264852015712001 0.252151117703725 0.24450579130914 0.244255193220711 0.247975411371952 0.252338563141157 0.25557784837165 0.255031559727755 0.251693888873855 0.259915671293718 0.280639449090319 0.294586252857209 0.294466486906657 0.302747769634802 0.310499717083023 0.306189342356074 0.314440559128938 0.332431429486142 0.343509046330325 -9999 0.335871065921684 0.334720730183449 0.33430225719323 -9999 -9999 -9999 -9999 -9999 -9999 -9999 -9999 -9999 -9999 -9999 -9999
0.460175609415031 0.456091946246676 0.45280831668332 0.449521510765128 0.444396094180493 0.439599589052907 0.434787486304187 0.425798796126313 0.416055276999548 0.408220987379117 0.399667244538867 0.387928153849208 0.377454833829453 0.367987450537647 0.356648347932758 0.345831752378819 0.332618521651813 0.315366415288676 0.30052833888485 0.285579429003414 0.271984462303861 0.263538010092183 0.250385163875564 0.24475310688536 0.249353433938122 0.252222083866949 0.253138895403917 0.252855802852633 0.248471920063979 0.250473640458554 0.260430773429184 0.272107179845944 0.284462647310605 0.27999149900246 0.286510643717026 0.303765535236267 0.311123515592141 0.322062851337955 0.336242762385636 0.342898420424732 -9999 0.340046239861575 0.33851804824053 -9999 -9999 -9999 -9999 -9999 -9999 -9999 -9999 -9999 -9999 -9999 -9999 -9999
0.458529201529285 0.454920618833567 0.452180702369412 0.449106421337044 0.444454597205262 0.439602793576761 0.434108695417307 0.424299313863277 0.414752482447084 0.407546781675899 0.398359265096374 0.387321578458622 0.378193404916938 0.368732625957519 0.357217474055538 0.347696628055569 0.336265651292187 0.320720848638919 0.304747772258158 0.287904781418968 0.269623856703928 0.256995444171507 0.247764897290266 0.244324787876326 0.249690733134175 0.25194552112557 0.252209802098624 0.248104748178191 0.243958658420052 0.250486894711464 0.264510442362312 0.273401200391338 0.284949026128935 0.291881770381018 0.302475483256153 0.318091099244824 0.320016251412514 0.328629241718176 0.33707720307398 -9999 0.341744780643499 0.341692783759801 -9999 -9999 -9999 -9999 -9999 -9999 -9999 -9999 -9999 -9999 -9999 -9999 -9999 -9999
0.456354245488385 0.453448939454054 0.451229857727353 0.448131274214076 0.444147883068866 0.439332845170825 0.432677897392451 0.422387544105436 0.412934480038585 0.405807000019582 0.397517326996799 0.38725525516649 0.378033860967776 0.369214368948184 0.358317997964583 0.346978020085376 0.334335393325005 0.320714957640734 0.309156681635545 0.294392227692406 0.273754170075128 0.259155228278932 0.257263633285456 0.256858684139848 0.25350328361687 0.253076592827129 0.253691418681857 0.251261663947655 0.245439848392111 0.245935452436659 0.254992852411063 0.268357194124585 0.280672850304103 0.285749768905214 0.29447381902529 0.313132069431769 0.324841406854728 0.331210833779926 0.336462968477621 -9999 0.342331120927789 0.342681679433549 -9999 -9999 -9999 -9999 -9999 -9999 -9999 -9999 -9999 -9999 -9999 -9999 -9999 -9999
0.454488475489601 0.4523080784342 0.450358455698609 0.44715925148373 0.443441354099691 0.438714446302516 0.430369140323639 0.418865547618964 0.410518925004004 0.40465144579812 0.397387184225238 0.387482262109053 0.378111229841164 0.370011404924021 0.359717786960759 0.348562362678172 0.335263826155922 0.320121334204254 0.309378384280083 0.295477728797202 0.273656736234282 0.264088332733313 0.2663328711125 0.263142220408249 0.258802837379699 0.254633549544436 0.252884255322316 0.255405485070411 0.253148721875073 0.247732196490656 0.251478334420367 0.261835325324257 0.267377778945059 0.2687971713678 0.280871039674409 0.303326737521705 0.321299985502545 0.327164625961077 -9999 0.342421545875607 0.342375540064917 -9999 -9999 -9999 -9999 -9999 -9999 -9999 -9999 -9999 -9999 -9999 -9999 -9999 -9999 -9999
0.453705805090233 0.451727286375039 0.44998226434782 0.446868383334863 0.442658276482233 0.437144682139741 0.427289774588185 0.416556920434309 0.410721203366907 0.405706604255656 0.398418192515011 0.388091183512588 0.378602895545842 0.370637777262489 0.360017245744778 0.349435913478783 0.337331557512083 0.319310420605101 0.303744762589604 0.29260609223466 0.280046300357345 0.273448575103178 0.271140612691584 0.265709062954292 0.259954448706114 0.254878297936516 0.254770400317819 0.257096084136056 0.258415524086858 0.260745215890899 0.259449071520535 0.256556109876943 0.26506710102 0.276657443320347 0.289514561254023 0.310528649797436 0.322220736728875 -9999 -9999 -9999 0.343250495329978 -9999 -9999 -9999 -9999 -9999 -9999 -9999 -9999 -9999 -9999 -9999 -9999 -9999 -9999 -9999
0.452382168173683 0.451214784660623 0.449084193751423 0.446070959006637 0.440380996209366 0.431827202440837 0.424188827838104 0.416094890763689 0.409815399254411 0.404755091799841 0.398395667843505 0.388904361491752 0.379539760284838 0.37266155375291 0.362002243017593 0.349005544783478 0.336775698548666 0.321774848657111 0.307214609047699 0.293726391680318 0.280068683981114 0.275549420581224 0.275256714560212 0.269695404764628 0.2635349565165 0.257361976887167 0.255574759212656 0.256797291326015 0.257513825632286 0.262498273148161 0.257648102346994 0.257342935264546 0.275163272109424 0.288664208413986 0.30134059508921 0.309949036149988 -9999 -9999 -9999 -9999 -9999 -9999 -9999 -9999 -9999 -9999 -9999 -9999 -9999 -9999 -9999 -9999 -9999 -9999 -9999 -9999
0.450194514000932 0.449883652462477 0.448512977845612 0.445481551965254 0.440808594346328 0.431742409348491 0.422558871559297 0.416038389247277 0.410218604857725 0.40432577248722 0.398094738529622 0.389487347318978 0.381103101610166 0.374245960651355 0.363738664735365 0.351780783413721 0.34145089675384 0.328930207835887 0.314207205690483 0.299745214287777 0.287093409811211 0.278649067669905 0.275743441204602 0.272029270517976 0.266727714815888 0.261879706705957 0.258574223812375 0.2568114739664 0.257258063198195 0.262442759697804 0.26229737479096 0.261694237528284 0.275458846662232 0.292390543922165 0.304193078093038 0.313669139670829 0.320742503605543 0.32417441200911 -9999 -9999 -9999 -9999 -9999 -9999 -9999 -9999 -9999 -9999 -9999 -9999 -9999 -9999 -9999 -9999 -9999 -9999
0.449668561680428 0.447527944669358 0.446764360071994 0.44467824980646 0.441210828912952 0.432914549867693 0.422951127268803 0.416920577263802 0.410878091039143 0.404391110707868 0.39875110399493 0.390890669417711 0.382852368531958 0.375603729177906 0.363506408503196 0.350831290416678 0.341495404288676 0.32839077312632 0.316887125943992 0.30622930550404 0.290950304100739 0.283581015714584 0.280121277824834 0.272815513667219 0.267138547999723 0.261393581117016 0.25673817440082 0.254184747827385 0.253268096435383 0.257563268687878 0.26283717451856 0.268417200940259 0.282837537857487 0.295614470446479 0.303252023715628 0.312441139364073 0.317895647503692 -9999 -9999 -9999 -9999 -9999 -9999 -9999 -9999 -9999 -9999 -9999 -9999 -9999 -9999 -9999 -9999 -9999 -9999 -9999
0.447482485341053 0.444623726970108 0.443696666579466 0.442220795410809 0.439788447462496 0.434861278502868 0.426829369143507 0.418472008037007 0.4117304217968 0.405521896612164 0.399730884796221 0.392146383558663 0.384583251896076 0.377397472441671 0.365990370297364 0.353697224405925 0.342609677602067 0.329499603050243 0.316457944667691 0.306885107702404 0.296400904117795 0.287987442974369 0.282657906335858 0.273335728817254 0.265445347580422 0.259594993558369 0.253661893205057 0.250359378803888 0.252306916687671 0.256541121403269 0.263752735496734 0.272741631653397 0.283119200779949 0.292975686885938 0.300245633119828 0.303957911705055 -9999 -9999 -9999 -9999 -9999 -9999 -9999 -9999 -9999 -9999 -9999 -9999 -9999 -9999 -9999 -9999 -9999 -9999 -9999 -9999
0.445345721263425 0.442225154182697 0.440450071103075 0.43969125066432 0.438250400874571 0.435322597512481 0.42931196111649 0.420397879684642 0.413081202578354 0.407174332710322 0.400855817965188 0.393250838348116 0.386111272713306 0.379595545561618 0.367970397239143 0.355971510289175 0.346233166441786 0.334029526482119 0.322027832060787 0.312994759967028 0.303101863149077 0.294018602634547 0.284980660779853 0.273040630336734 0.262474462166504 0.252838774718826 0.244167623653088 0.242093445040163 0.249455599996077 0.256800992499501 0.262981392565058 0.272930233923452 0.282288574775037 0.290715217095908 0.297335664790508 0.300985034005402 -9999 -9999 -9999 -9999 -9999 -9999 -9999 -9999 -9999 -9999 -9999 -9999 -9999 -9999 -9999 -9999 -9999 -9999 -9999 -9999
0.444555656109419 0.441093606569694 0.439318741539604 0.438411561133409 0.436482211485353 0.434307119453511 0.430095108223492 0.423144146428323 0.416066291431832 0.409864296502026 0.402558555499713 0.394349974174116 0.387639666093842 0.381892807366208 0.370653612575493 0.358325387780047 0.349378976305194 0.336424116816807 0.3258168769868 0.316810173938846 0.304350888887397 0.293112518782128 0.282485843062808 0.270806244004087 0.258808329992998 0.248145757297536 0.237269366708287 0.237210153893927 0.248409462377714 0.258312072016036 0.264415880668035 0.27147416983863 0.280788016099573 0.288992639576848 0.29243293166578 -9999 -9999 -9999 -9999 -9999 -9999 -9999 -9999 -9999 -9999 -9999 -9999 -9999 -9999 -9999 -9999 -9999 -9999 -9999 -9999 -9999
0.442029762485116 0.439738695700041 0.436692441931727 0.434719200578785 0.433343958937195 0.432106292760213 0.429140778969398 0.423696358281251 0.417998791514377 0.412698674771565 0.405737959382637 0.396673146822926 0.38981358720073 0.383148879220771 0.371100946346498 0.360122759593721 0.351170866463372 0.339500165750876 0.328671404646956 0.317420818624464 0.304166611468199 0.292644856235674 0.281065917923043 0.26693634477543 0.254036068634797 0.249360238158966 0.249170844786334 0.246805668022473 0.249362484688625 0.25672585234003 0.262092440095475 0.269066801759853 0.278658328733361 0.288069255965258 0.292464349410937 -9999 -9999 -9999 -9999 -9999 -9999 -9999 -9999 -9999 -9999 -9999 -9999 -9999 -9999 -9999 -9999 -9999 -9999 -9999 -9999 -9999
0.438646870034057 0.436591083656564 0.434680571925718 0.432696892868576 0.430780021156523 0.428849750368705 0.426554181224855 0.423177288190648 0.418549527731903 0.414032115591916 0.408002317672375 0.399938823902238 0.395575301047244 0.377731493225115 0.371573967930453 0.35996288728665 0.349836534897343 0.33756171925786 0.327841684672169 0.320837928313884 0.308887039198051 0.296182303191306 0.284425839433627 0.269558145490391 0.252915342163727 0.247484737617351 0.251594640283179 0.252291931832421 0.252552613049027 0.25493421516684 0.25999793939119 0.267231204222517 0.278033262500129 0.284977317509824 -9999 -9999 -9999 -9999 -9999 -9999 -9999 -9999 -9999 -9999 -9999 -9999 -9999 -9999 -9999 -9999 -9999 -9999 -9999 -9999 -9999 -9999
0.436826024418466 0.435044145998342 0.433192623943862 0.431219256899759 0.428968998431614 0.4268704823302 0.424827589217172 0.42201784677714 0.418581005747782 0.414420316859585 0.40876550845813 0.401253375306283 0.395638007374406 0.386946365033727 0.371980064759825 0.360358778737364 0.351107060057207 0.339486304529573 0.329274443569661 0.321244109816912 0.310601503762502 0.299726208616915 0.287097133265755 0.270589822335043 0.254131634651313 0.2474009860219 0.250482984551526 0.252438013148139 0.252304690036993 0.254460549731496 0.259964139141348 0.267704567434365 0.272616753147349 -9999 -9999 -9999 -9999 -9999 -9999 -9999 -9999 -9999 -9999 -9999 -9999 -9999 -9999 -9999 -9999 -9999 -9999 -9999 -9999 -9999 -9999 -9999
0.434310000044046 0.433094148439001 0.431465694914473 0.429408417851548 0.427164254313473 0.424942249681914 0.422376594040175 0.419640915159537 0.417141423584729 0.414158071225907 0.409509066521564 0.402715919891455 0.396681110046979 0.387812869441547 0.373796414374442 0.361870806366176 0.351573465099272 0.339765974237102 0.330836097834029 0.322697270745981 0.312466317866169 0.303472575746592 0.29044658887143 0.273444963104906 0.264643392771848 0.262987039644573 0.259190805608123 0.256315680829041 0.254173695145266 0.257556849009324 0.262141610197949 0.267103079097324 0.271125053523969 -9999 -9999 -9999 -9999 -9999 -9999 -9999 -9999 -9999 -9999 -9999 -9999 -9999 -9999 -9999 -9999 -9999 -9999 -9999 -9999 -9999 -9999 -9999
0.431984956119733 0.430850969294523 0.42902032278414 0.427591062099176 0.425823736622103 0.423578153882701 0.421862042693206 0.41956923160729 0.416461491636454 0.413536692714926 0.409564855308035 0.403678817962296 0.398097539937964 0.389806438936824 0.376853745705165 0.36567626736772 0.355915458807795 0.34384276126348 0.336770037164907 0.331391323919684 0.321076603592341 0.312269435474358 0.299867550793277 0.28147883647882 0.269657517458846 0.266595977303499 0.264113273311143 0.263074318654563 0.261171482442456 0.264604025709372 0.270494746623491 -9999 -9999 -9999 -9999 -9999 -9999 -9999 -9999 -9999 -9999 -9999 -9999 -9999 -9999 -9999 -9999 -9999 -9999 -9999 -9999 -9999 -9999 -9999 -9999 -9999
0.430349836367695 0.429730594838712 0.428237940198374 0.426675029002585 0.425178233449395 0.423325403327586 0.4209923246283 0.417887137857791 0.415150375201945 0.4127358818154 0.408864336885339 0.404058978543837 0.399334116605309 0.391084377565024 0.380822184305867 0.371696562036787 0.362592779868907 0.354011498957002 0.346107013612687 0.338780645769525 0.327133629822215 0.317139751634536 0.308232987581853 0.293782118524127 0.27316614028487 0.265535909341224 0.270454044181173 0.267118657571993 0.266887614877447 0.272760767543401 0.276965212900165 -9999 -9999 -9999 -9999 -9999 -9999 -9999 -9999 -9999 -9999 -9999 -9999 -9999 -9999 -9999 -9999 -9999 -9999 -9999 -9999 -9999 -9999 -9999 -9999 -9999
0.427262250460142 0.427228440540196 0.426608852321499 0.425308227071565 0.423509180887378 0.421750995158133 0.419707672883356 0.416926263204676 0.414120858503594 0.411823685424287 0.40886903763805 0.404833148265305 0.400944192772919 0.399665569091224 -9999 0.377890624833289 0.371748670776849 0.363295293819316 0.355844569951118 0.348784320102397 0.339357892946919 0.329434250267179 0.319583336862175 0.303540435462277 0.28557853303771 0.275956499182914 0.275264334048604 0.280914070772357 0.28477137234309 0.285306809103902 -9999 -9999 -9999 -9999 -9999 -9999 -9999 -9999 -9999 -9999 -9999 -9999 -9999 -9999 -9999 -9999 -9999 -9999 -9999 -9999 -9999 -9999 -9999 -9999 -9999 -9999
0.424441094589973 0.424600670460685 0.424229847202777 0.423129499921654 0.421980890793512 0.420846464985237 0.419184606834073 0.417187460455982 0.415107042371471 0.412801561174912 0.409708212849295 0.405973242751656 0.40257867786348 0.399273110447909 -9999 -9999 -9999 -9999 -9999 0.356831105990588 0.34731482389006 0.338405485689598 0.330811277755494 0.31420443219663 0.302392588606149 0.304643887987308 0.303507524991459 0.302555579746196 0.302535790646136 -9999 -9999 -9999 -9999 -9999 -9999 -9999 -9999 -9999 -9999 -9999 -9999 -9999 -9999 -9999 -9999 -9999 -9999 -9999 -9999 -9999 -9999 -9999 -9999 -9999 -9999 -9999
0.421473046548424 0.422089670289881 0.422238693748802 0.421599264104952 0.421039621040558 0.420316830545822 0.419000278696502 0.417104366980092 0.41516454059107 0.413249705667696 0.410396980031362 0.407084175972657 0.403932991241798 0.399919978129792 0.396167599908862 0.393213608095906 0.390364532652102 -9999 -9999 -9999 0.351142950777743 0.345390855675382 0.344102586802209 -9999 0.319741093173913 0.318756937513832 0.31534511950562 -9999 -9999 -9999 -9999 -9999 -9999 -9999 -9999 -9999 -9999 -9999 -9999 -9999 -9999 -9999 -9999 -9999 -9999 -9999 -9999 -9999 -9999 -9999 -9999 -9999 -9999 -9999 -9999 -9999
0.417865780598236 0.418606017835825 0.41919635935597 0.419390004512152 0.419390843695519 0.418872059746863 0.418160409668636 0.417131568620576 0.415795984484658 0.41428362546907 0.411912289542111 0.408658100392506 0.40570438426383 0.402395097525711 0.397796763945518 0.393615521416418 0.390708927208816 0.390131986166152 -9999 -9999 -9999 -9999 -9999 -9999 -9999 -9999 -9999 -9999 -9999 -9999 -9999 -9999 -9999 -9999 -9999 -9999 -9999 -9999 -9999 -9999 -9999 -9999 -9999 -9999 -9999 -9999 -9999 -9999 -9999 -9999 -9999 -9999 -9999 -9999 -9999 -9999
0.414599795497184 0.415172551646908 0.415664293438223 0.416168553162665 0.416845954064987 0.417050783356941 0.417021679903395 0.416863003787563 0.416208700682272 0.415369365418258 0.413677172530043 0.41091354300935 0.408237156773436 0.405625799932885 0.40192311139091 0.39793252912377 0.394436109813223 0.393160623127452 -9999 -9999 -9999 -9999 -9999 -9999 -9999 -9999 -9999 -9999 -9999 -9999 -9999 -9999 -9999 -9999 -9999 -9999 -9999 -9999 -9999 -9999 -9999 -9999 -9999 -9999 -9999 -9999 -9999 -9999 -9999 -9999 -9999 -9999 -9999 -9999 -9999 -9999
