layers/veg/veg5600.asc
NCOLS 255 
NROWS 330 
XLLCORNER -2985163.8955 
YLLCORNER -3022031.214 
CELLSIZE 25000 
NODATA_value -9999 
[rows 175 to 199 of 330, columns 114 to 170 of 255]
0.358168086582573 0.354959997753467 0.349754898147872 0.343441930297915 0.33873219439962 0.332321580809593 0.321353742840486 0.304179621795336 0.282820638559649 0.282487509352936 0.283639235701494 0.283276174673017 0.283381933944022 0.283869188962953 0.285698838720409 0.287820574343513 0.290334249385779 0.29255030077054 0.294475123517454 0.295908461377918 0.298247315047103 0.306720132885334 0.314339595413279 0.320955322280025 0.324029743764796 0.327149780109447 0.34029035981824 0.345935787853483 0.340954348498907 0.339608658449692 0.340289057034378 0.354223071454541 0.358595524329413 0.346524096875854 0.343697869427266 0.345075979090218 0.337566399998003 0.339170844415911 0.359987045578313 0.350834185196746 0.324807951446626 0.333390891986495 0.334781243968315 0.313286817688144 0.317232925418985 0.338577328220161 0.36851952811705 0.39365127877653 0.399888945208183 0.441259106252499 0.511613246930445 0.556582820158539 0.588368091696103 0.579107487873971 0.533449088833777 0.451687219607146 0.454412209094427
0.355414080823463 0.352242343795971 0.345583086433701 0.336989080858773 0.330982395311003 0.321239339266438 0.301582628678001 0.288358596013196 0.279472082326608 0.279373560163187 0.279553460583218 0.277975824536597 0.278373462576177 0.280378451376179 0.281791136848644 0.283508290964319 0.286931538592365 0.290199813153022 0.293316444542242 0.295067971414545 0.297150238519364 0.303015286037047 0.310351749332389 0.319418924876995 0.325585695233786 0.331073771612218 0.337992206467991 0.339075350392399 0.331885030935474 0.327986476125473 0.325808098159842 0.333443019481397 0.33785494425804 0.336723990998238 0.330985527891003 0.323130599309151 0.314053329015887 0.313618800275823 0.331402597189752 0.334728982530086 0.329915463220213 0.33498616105281 0.335414662011242 0.322513020452922 0.338064751557038 0.373075200513262 0.384905624942284 0.397476910120603 0.420030852185466 0.452051714687443 0.49188269805239 0.54368519977763 0.587156685109394 0.585465917731824 -9999 -9999 -9999
0.351909387307379 0.347845343621812 0.340093556214386 0.330295944011772 0.321770907568791 0.308546838976823 0.283061274832357 0.27369566264444 0.275199644484009 0.275398170275108 0.274948457677624 0.272765659894726 0.273674094141491 0.277097973808325 0.278351076661375 0.279722882850432 0.283023665583801 0.287351382191478 0.292683967013867 0.294637445768409 0.296235213484085 0.300070475289144 0.307232090982249 0.318306238746055 0.326629842226434 0.333621635128163 0.335456954801726 0.33327973908121 0.325413421473628 0.320320976426917 0.316458852205674 0.316669829203457 0.319823583633687 0.328038298002641 0.320132924628827 0.304861408376994 0.295634088383613 0.293202304794628 0.305095060988162 0.318741569785141 0.333375487628299 0.336639005055196 0.338133968251932 0.336300762018916 0.362465485072774 0.407777456957199 0.400630483874575 0.400423110475419 0.44043491692596 0.463583447934851 0.472819934343843 0.526167805511599 0.575270350969622 -9999 -9999 -9999 -9999
0.347503353863127 0.338237753486452 0.330078704510065 0.322533529615665 0.309594856904448 0.294845160346378 0.275982700687651 0.268316452583068 0.268199747713317 0.268478426958524 0.26878638678169 0.269070325055432 0.271058636236314 0.274433856255552 0.276716994437 0.278302937941203 0.277577270463782 0.283131803670391 0.294831595308219 0.295228182183711 0.294205374586857 0.299274274423279 0.306636342185437 0.316695685509642 0.323653486120966 0.329435738327883 0.332490775763113 0.332571270465929 0.328434362701189 0.325000107369409 0.321915718558714 0.320594548960838 0.321628880359238 0.326714179406887 0.318781163080398 0.304904795247487 0.297358178490147 0.292971030237855 0.295243831929015 0.30972313556203 0.331075022258304 0.336813573029157 0.341542864084371 0.345427998364987 0.369959027883419 0.408609390635315 0.397830298031756 0.396988055226615 0.445423384731941 0.473689882470034 0.485317282540269 0.53238626775419 -9999 -9999 -9999 -9999 -9999
0.339197510354717 0.328311152629688 0.319221375844604 0.311128276190773 0.293622893612111 0.277692074683969 0.266805819356711 0.262389688969849 0.262336327876515 0.263284206741121 0.264485286726713 0.266213894740767 0.268490924146499 0.271214223539317 0.273976796267484 0.275952950832905 0.27449353150367 0.28039265195389 0.293492199730602 0.29345007742382 0.291720919736591 0.296851128706974 0.3038316730668 0.312988623424426 0.319316215630023 0.32468842352685 0.328680036303462 0.33048342423776 0.329184276528859 0.32511239317343 0.32038654093134 0.322611981468825 0.325079838596257 0.327964601411723 0.321498669464205 0.310737197483517 0.297418505176623 0.287829440178074 0.286102182044072 0.302725567929921 0.329680851184198 0.335762608257055 0.342188623384635 0.351932141595023 0.370808791355364 0.395931415258917 0.407307949556252 0.425166759515176 0.469185179014095 0.490339757887511 0.492631881978189 -9999 -9999 -9999 -9999 -9999 -9999
0.327390770804971 0.318098172858738 0.307607747715925 0.296452812031181 0.274243303980549 0.257440628584392 0.255745268000579 0.255971381401784 0.257493134033665 0.259639004780446 0.261854797635596 0.264110556879584 0.26596607392258 0.267495899654879 0.270243627448144 0.272768056126691 0.273530771119741 0.27898249325356 0.289022470144766 0.289545441741562 0.288828351884885 0.292967459351651 0.299044035474549 0.307399505698384 0.313757239541544 0.319437118525259 0.324111127039116 0.327157297799781 0.327895467776904 0.32112497929884 0.312585926153624 0.322917224339051 0.330008122594301 0.331526212640799 0.327869195805582 0.32176645306446 0.295985255849094 0.278279813874633 0.277597528033573 0.297542151174938 0.329100268992772 0.333611471253834 0.340353889125464 0.356081509552697 0.365694371853338 0.371125467917304 0.42780753074611 0.481725432006123 0.509799964406564 0.512863741506333 0.495293879285905 -9999 -9999 -9999 -9999 -9999 -9999
0.29976675906664 0.282496817661416 0.273164202171974 0.268234923625317 0.256887729292198 0.248962302747752 0.250537478820364 0.252274820311991 0.254121509044526 0.256491908994741 0.258646093142066 0.259930545198187 0.261426671402809 0.26309504438874 0.265910840976597 0.269226487153935 0.273961981112867 0.279571978418654 0.286037688676268 0.287918945108247 0.288927821184508 0.290607139721029 0.293194914942594 0.296851237298561 0.307320710830548 0.31832066432047 0.31589296901971 0.314590254912381 0.31488257536597 0.309029348648975 0.301840032118712 0.312227991268241 0.320062214329735 0.323504546963797 0.316972020223926 0.305889417941539 0.300678075358676 0.298246716293185 0.301675378000092 0.316886691930439 0.338731950335365 0.343918788662257 0.349427984049347 0.357709769746361 0.363560470917926 0.367748599837809 0.42184334812441 0.475478041240111 0.511421609349982 -9999 -9999 -9999 -9999 -9999 -9999 -9999 -9999
0.269806281129866 0.24686837563433 0.239656353690601 0.241168474453915 0.241518074226118 0.242675458196139 0.246038947125153 0.248666409616892 0.250797573571997 0.252974575118505 0.254743155592868 0.255155749672581 0.256661614860056 0.259057113622276 0.26184145545917 0.265639177374388 0.273577683551725 0.279357284039081 0.28302436709888 0.286039289898189 0.288436767252061 0.287936045133039 0.287543994615481 0.287279766073637 0.301251112587359 0.316613948374907 0.30659985677142 0.300895361407605 0.301301150363223 0.297351257442034 0.292517722716028 0.30135415868945 0.308830859957445 0.313969102735311 0.303154951476917 0.285153784926755 0.300511628619777 0.31357601787504 0.321805957371221 0.332866394733748 0.345520477170802 0.353082810622255 0.358322520709851 0.358053426547283 0.362338779183823 0.369738830955953 0.416386743148955 0.458211115128962 0.471178908521757 -9999 -9999 -9999 -9999 -9999 -9999 -9999 -9999
0.242749030559709 0.235017576754695 0.232459655331185 0.232771819689951 0.234438944983357 0.236550654689729 0.239668777074061 0.242946650630439 0.246332243514408 0.247086924779279 0.247820197784158 0.249283181222651 0.252635657297414 0.257525680716587 0.259689430819927 0.262152999084716 0.267692783260502 0.273129588156464 0.278465626481514 0.280713640753119 0.282094916619265 0.282234148044489 0.283910738128006 0.287395603956435 0.29789229863621 0.30798120845574 0.295224832543091 0.290114490041992 0.295844939917306 0.295455351037211 0.293279731659053 0.299889628678719 0.305011053515236 0.307572618402519 0.290611708413908 0.26481708070172 0.26962305400661 0.277286768004801 0.29097440974221 0.308462282832568 0.32808978656872 0.344639991613843 0.356018574757207 0.354175925698496 0.362993309957472 0.37910088730125 0.438466207384847 0.485984631679455 0.47982534368406 -9999 -9999 -9999 -9999 -9999 -9999 -9999 -9999
0.227512162258214 0.227303858023308 0.226993275131153 0.226625951795845 0.228772678733766 0.2311990287315 0.23408527149489 0.237330452857143 0.240817664522027 0.241082423170419 0.241552881573346 0.24367920072458 0.247609039816094 0.253006467212287 0.255186618931906 0.257536273746767 0.262716974807331 0.268203764833698 0.273990066912696 0.276210685101648 0.277498343541283 0.27776352541861 0.280675819414071 0.286701706071506 0.293566641047523 0.298792084932337 0.286229592686794 0.28332438292293 0.294111579230181 0.297172235035683 0.29766616810903 0.303282229203692 0.306521748937555 0.305674116008387 0.285737446619238 0.257140885992908 0.252509193914011 0.254365719059504 0.269898975550039 0.287989233587688 0.307519151046942 0.334435546256777 0.355329589940695 0.35955899363288 0.370900082618706 0.387104717280602 0.447957826269564 0.497532457019687 0.494883136597999 -9999 -9999 -9999 -9999 -9999 -9999 -9999 -9999
0.225027832341649 0.224053469850352 0.223393666093352 0.22290836797088 0.22463069394509 0.226681553153304 0.229350466799178 0.231825983141025 0.234171092755456 0.234951855393182 0.235992910899583 0.23836498904176 0.241502850309675 0.245263856536599 0.248147636559424 0.251699846346615 0.258721949233823 0.264682479825719 0.269604248055337 0.272595300606313 0.274784680719861 0.274621275639795 0.277870651416466 0.285134216603422 0.288197894469016 0.289002701357397 0.279801807153245 0.280839751979059 0.296394652476516 0.302786814324172 0.30596285465543 0.311914993895046 0.313783309948929 0.308628306701817 0.289136942455662 0.263123609406093 0.250256323227034 0.245867088235551 0.259349022536329 0.271757250856448 0.283560954344411 0.322330552582361 0.356382922200789 0.374932919408363 0.386631009435546 0.393643211074248 0.443868921498121 0.486845101946893 0.491555955377521 -9999 -9999 -9999 -9999 -9999 -9999 -9999 -9999
0.221174343279271 0.220284722266883 0.219189606619161 0.21798049009395 0.219150891473646 0.22071954099394 0.223068286042139 0.224628761226907 0.225657710423095 0.227910072641098 0.230481251405402 0.23372800403504 0.237416567945845 0.241464649405992 0.245389592505098 0.249481927205385 0.254380313485282 0.259749183572288 0.265578428212252 0.268098254969719 0.269799859634466 0.270841825990365 0.271700470033527 0.272343486259564 0.276064500963858 0.280200198760657 0.279926084937967 0.28352932065585 0.292629987404658 0.299954645735292 0.306473815125895 0.310045173715517 0.310653097748328 0.306164535921325 0.293551434159604 0.277250001231843 0.270461915216626 0.268742490384821 0.277707466966702 0.282561348510162 0.285100574940543 0.318524742498942 0.349819927197427 0.371954489233341 0.391903265226307 0.410357223912399 0.449606597194187 0.481365403018952 0.481306274925297 -9999 -9999 -9999 -9999 -9999 -9999 -9999 -9999
0.217244175427646 0.216533207713954 0.215066383454821 0.21318023774092 0.213679789934233 0.2146543982812 0.216606712110206 0.217436524558435 0.217509440563224 0.221054524205092 0.224940521072585 0.228890856909238 0.233302763503395 0.238090266635393 0.242997012564285 0.247416601592362 0.249646142934749 0.254161380017155 0.260913200247817 0.262668268629756 0.263632922576308 0.266301743577326 0.264823162113683 0.258466312823094 0.263663545937754 0.272190313164579 0.280942396511948 0.286249229369798 0.286671275145082 0.293943402760532 0.303285179430659 0.304144228135848 0.303531993769154 0.300389461119206 0.296205263349476 0.291567974329857 0.29343843147549 0.295755710490905 0.299014860356316 0.296596302818439 0.290981046019477 0.314759278143447 0.33901205940677 0.36111174462841 0.388739325584611 0.42014732880185 0.451709233114066 0.473271703078313 0.461293017030555 -9999 -9999 -9999 -9999 -9999 -9999 -9999 -9999
0.215332061642098 0.213894577236247 0.212698902804212 0.211637375665881 0.210811128287084 0.210550780708805 0.21172660388946 0.21349175177678 0.215654278038992 0.217331186227764 0.219088968489813 0.221260173930583 0.225151187497243 0.230441670088601 0.235242556735087 0.239640351069244 0.24260927024112 0.246315697471252 0.250743785973228 0.25187516653845 0.252858757446782 0.257234297529542 0.258994562516598 0.257678682261735 0.262072432755045 0.268285891639898 0.276260891160584 0.279386373670301 0.275636054805364 0.279977034505469 0.286962897283398 0.287761525220281 0.286022393319357 0.279918846790392 0.283657907367555 0.291888204763477 0.294722727240368 0.294477849017351 0.287741798470744 0.283726934391759 0.281244170182043 0.295560765018244 0.310637594259347 0.325767666838355 0.341793353237467 0.358431532813981 0.4077677795683 0.449243938017931 0.453812707062894 -9999 -9999 -9999 -9999 -9999 -9999 -9999 -9999
0.21250987495089 0.210230196727466 0.20903342147002 0.208437401011626 0.207367611777841 0.206801319906218 0.207583981348766 0.209655613470246 0.21259639135786 0.212888454120379 0.213350154717876 0.215174745826532 0.218641255325667 0.223443852202204 0.228356778596816 0.232959835109351 0.236147385071511 0.238876430762945 0.241156824034306 0.242209322733796 0.243551554521111 0.248249241254609 0.252454167873532 0.256079498990496 0.258757732544515 0.26149497529948 0.267355147854086 0.268906763326943 0.264349567831931 0.265850136354807 0.269488478842253 0.271511561992065 0.270578909905169 0.264563013174107 0.2728776890587 0.287704293772967 0.28741182103872 0.284383421615369 0.27558787028996 0.272924234383175 0.273713028849326 0.279988235672479 0.286443840871321 0.292738622380614 0.303573528259607 0.317513338438402 0.370729270590146 0.412357385655597 0.4024640170073 -9999 -9999 -9999 -9999 -9999 -9999 -9999 -9999
0.208506190750682 0.205234141471495 0.203682817367316 0.203086088401587 0.203177792875265 0.20351164132407 0.204398795831508 0.205960509317073 0.207977074173138 0.207511772252086 0.207757703532209 0.211095436983651 0.214262578891024 0.21729090439312 0.222598756841106 0.227701850958639 0.2304319745229 0.231964791343344 0.232326027870038 0.234006936251511 0.236148827796049 0.239371147082145 0.244989688941709 0.25342672155204 0.25320539426428 0.250956681783758 0.252965309163174 0.253731719710264 0.252736875232572 0.251514831085781 0.250518305332711 0.255433927386066 0.257817752396619 0.255847417535845 0.264391648222663 0.277672904146741 0.268942237713909 0.262842932455498 0.262290361933256 0.264804576109733 0.269045471089561 0.269123121278238 0.267677675206049 0.2627150581414 0.276682379606305 0.303595524301882 0.342652474196414 0.376962741212012 0.39144497670256 -9999 -9999 -9999 -9999 -9999 -9999 -9999 -9999
0.203520047586034 0.200730359758163 0.19936694324839 0.198794769690217 0.199340767953449 0.19990037098597 0.200378623450753 0.201906817832797 0.204142982215237 0.204147519902193 0.204823418820631 0.208384005326459 0.211128370684077 0.213208547870338 0.216747419509043 0.220233341743502 0.222539326635809 0.224276536126661 0.225457191455137 0.227611776278708 0.22991183928296 0.231827654975904 0.235684849420828 0.24182553710915 0.242355667261459 0.241522208467763 0.242975630327711 0.245064093615513 0.24805293908833 0.24600644657948 0.242458031724204 0.245516983888181 0.248075326346081 0.249772725111989 0.25577778543891 0.263687496078106 0.252953268193755 0.246034133149132 0.247156960637643 0.250525524057615 0.255158496134598 0.247451202118955 0.23707330573362 0.221111240678002 0.248066165042356 0.304371198375959 0.338023788664565 0.362233440399729 0.362146168433873 -9999 -9999 -9999 -9999 -9999 -9999 -9999 -9999
0.19818474023949 0.196381189834154 0.195426972687614 0.194943934443751 0.195696880745201 0.196291713133021 0.196349690677582 0.197970917650495 0.200646235026139 0.201384075515147 0.202583112953339 0.205886800139612 0.208143923780458 0.209549421450851 0.210789894830759 0.212140896944512 0.214078676400178 0.216395128861723 0.21908211780755 0.221612519312083 0.223864494950271 0.224630714494538 0.225909671630107 0.227791722223961 0.230019758177764 0.232288483706 0.234005462676353 0.237884195099543 0.244827931177541 0.243020911995176 0.238228905564565 0.23774447442676 0.239300469058564 0.244365568036508 0.247287716226153 0.249181636325814 0.238791727594012 0.231847332428244 0.232165851212281 0.234725519909925 0.238547015215377 0.223463692562754 0.20538901665046 0.181647199035565 0.223724626942496 0.310814579130554 0.341374200888583 0.360701419587535 -9999 -9999 -9999 -9999 -9999 -9999 -9999 -9999 -9999
0.192495194151407 0.191944040042839 0.191966614937817 0.192307473615427 0.193064475321669 0.194092839936645 0.195778290554483 0.197106262147866 0.198193187621532 0.197853124229236 0.1980289751101 0.20033403487403 0.201790492590275 0.202556412645864 0.203845696571289 0.205361522925372 0.207518686726522 0.209315056372662 0.210758384223714 0.213049341783278 0.215305466263142 0.216247536150047 0.217868696828624 0.220288619331936 0.220948544883752 0.220952867865294 0.219518183790844 0.222283570813426 0.231003953881448 0.235201810301639 0.237330379425368 0.231605143794454 0.230240003330096 0.236373312025936 0.240960070940099 0.244797647112386 0.237868572031503 0.231639329545234 0.226885287726887 0.225423868901929 0.225816283806392 0.215484148605537 0.21025153680555 0.219646860814029 0.262551420494282 0.328372306126913 0.348554909682142 -9999 -9999 -9999 -9999 -9999 -9999 -9999 -9999 -9999 -9999
0.189573817034669 0.190309448118145 0.190732833156781 0.190982995556072 0.191321479494764 0.192070029097179 0.193867823747179 0.194701881307381 0.194886096303313 0.19372704591921 0.19306741119083 0.19445731167437 0.195269589355126 0.195611834822237 0.196710989433945 0.198016774508554 0.199725401377974 0.201428953411292 0.203127539651171 0.204796531086557 0.206379943782747 0.20748257280997 0.208854482354554 0.210543125685034 0.210330217686046 0.20936154945982 0.206389277916978 0.208424313078415 0.217558868922578 0.226809305761762 0.235129664900027 0.22483303678491 0.220513798374207 0.22647441650265 0.233572605332531 0.24114422441277 0.235899136818636 0.230308727764616 0.223990403989 0.218668130087492 0.213906658578639 0.210386705566547 0.217473541493586 0.252262854265596 0.29370577318309 0.3396989662006 -9999 -9999 -9999 -9999 -9999 -9999 -9999 -9999 -9999 -9999 -9999
0.190996795203854 0.193073181298601 0.192993432383384 0.19171753894245 0.190974320165724 0.190323529942013 0.189855830086586 0.189881060582036 0.190238671273923 0.188666977213451 0.187466434126864 0.188072169957673 0.188485856043011 0.188743264421583 0.189277298289783 0.18978472937015 0.189996585850531 0.192277868875731 0.196584112815742 0.197030809076072 0.196879247147698 0.19811843735257 0.198312868736919 0.197278431357141 0.197283855012539 0.197368932289577 0.195392198183234 0.197297950285636 0.204708416352501 0.21751690467935 0.230885300201169 0.217067852608579 0.209742784462783 0.213583247194364 0.224521861195523 0.238637350398891 0.23228767376114 0.227216322963563 0.224839598206213 0.215907937502379 0.203285674693114 0.209812422236474 0.228398513453081 0.276429736338588 0.312819022397343 0.341246610324511 -9999 -9999 -9999 -9999 -9999 -9999 -9999 -9999 -9999 -9999 -9999
0.191731412778407 0.192218777889372 0.191396981668863 0.189848910816808 0.188613862945028 0.187352428573956 0.185990282594064 0.185048455992689 0.184390048412578 0.182975652110232 0.181720571346155 0.181218887080684 0.181419730988104 0.182192247050191 0.182527474447847 0.182776620221852 0.18293740230609 0.18467644237744 0.187959828511903 0.188682039119304 0.188912513232434 0.18949103683859 0.188579481624299 0.185915262271105 0.187770320426135 0.190602780475971 0.190448387762734 0.193189374479777 0.200035523385518 0.214702529728449 0.230744611529403 0.21819209907932 0.210538955473702 0.211311698642082 0.224082505156901 0.242260701444868 0.23586050512656 0.229908145906309 0.224899797569888 0.210920837556807 0.191891186185155 0.217582926091636 0.248597664009305 0.288415505782042 0.304586875893734 -9999 -9999 -9999 -9999 -9999 -9999 -9999 -9999 -9999 -9999 -9999 -9999
0.192134536459883 0.189844954503752 0.188191392242756 0.18689067035264 0.185412402829634 0.183871900236225 0.182189251878131 0.180235865385902 0.178099921674288 0.1770527106584 0.175928466351051 0.174220013096332 0.174278109395277 0.175773709880724 0.176076854668458 0.176302822670007 0.176971032651558 0.177701871951251 0.178493994857108 0.180066080565205 0.181512709476381 0.181183416076203 0.179311829829509 0.175626164135018 0.179941515797846 0.186110332455745 0.188155736930494 0.192161949651863 0.198948259444149 0.214714189825333 0.232371656047059 0.223183958073834 0.216464987318587 0.213991709564812 0.227555743125781 0.248370720012714 0.242505695893884 0.235273524265875 0.225159496413659 0.205817582232727 0.181280124267463 0.229014882242514 0.267188111397054 0.271902189385796 -9999 -9999 -9999 -9999 -9999 -9999 -9999 -9999 -9999 -9999 -9999 -9999 -9999
0.190741621194292 0.186637915886948 0.18450721194107 0.183471056697777 0.181919948449403 0.180296163334707 0.178538424230544 0.176384178097339 0.173962569477797 0.172276689709794 0.170666664817364 0.169082160356976 0.168734937312806 0.169394534152068 0.170247611794448 0.170895488846713 0.17052754249514 0.170160962106718 0.169795718331087 0.170453462836474 0.171484098383938 0.17344658571483 0.175106734702297 0.176411266547192 0.180690588225438 0.185866191755068 0.191469261158135 0.197925817518747 0.20559247517041 0.220294762566805 0.236658187559021 0.235416399020178 0.235565271174379 0.238105788030706 0.244449260918864 0.252507307853475 0.252941905560906 0.251409071588039 0.245729022193652 0.231817867950345 0.213272384228693 0.248432879393554 0.275314060074186 0.274249208019274 -9999 -9999 -9999 -9999 -9999 -9999 -9999 -9999 -9999 -9999 -9999 -9999 -9999
0.187736566023037 0.183778396185192 0.181238996038716 0.179486677216805 0.178191222231211 0.176732357552175 0.174804120502207 0.172499363240311 0.169940720491792 0.167657895856756 0.165641438411107 0.164416371718749 0.163792075368047 0.163656647206448 0.164653908375359 0.165424105204939 0.164471778290939 0.163161660654125 0.161501440119871 0.1617527162476 0.162784512946333 0.166065749497646 0.169972497658748 0.174614986608793 0.178746862404961 0.183103664425499 0.190971748057126 0.198798024688822 0.206565026009815 0.220006301516648 0.234967044318946 0.239169825230123 0.244508623230149 0.251801132344367 0.255121594100652 0.256626445117848 0.259469227940076 0.260379800886937 0.25721740363972 0.248737567930884 0.237263873892665 0.262525728795827 0.281991125512301 -9999 -9999 -9999 -9999 -9999 -9999 -9999 -9999 -9999 -9999 -9999 -9999 -9999 -9999
