layers/veg/veg5200.asc
NCOLS 255 
NROWS 330 
XLLCORNER -2985163.8955 
YLLCORNER -3022031.214 
CELLSIZE 25000 
NODATA_value -9999 
[rows 125 to 149 of 330, columns 57 to 113 of 255]
0.114694709973303 0.129253021821405 0.164891446602877 0.200332390710587 0.209885012646244 0.246842111736446 0.315163225872988 0.324828091295013 0.315424351629518 0.280235046673438 0.252411340993939 0.234742733210426 0.220891773033034 0.205977346034506 0.15068182767874 0.114667727102641 0.110861274461909 0.19302435112297 0.313022629489572 0.401222663739842 0.473104760899935 0.511639440648111 0.534644179122626 0.549160452860069 0.600891696216444 0.63755971630358 0.632530987349734 0.632121083670966 0.634781851383266 0.63855457765718 0.635770197761836 0.611525925587158 0.584143034527429 0.554241030081223 0.527214964971303 0.500935643448051 0.476045332171705 0.454004046554682 0.434712901405804 0.41896378184877 0.404112550697333 0.390183187851399 0.377256155308819 0.365492063663214 0.353111367527065 0.340893278043709 0.331730355175078 0.322993248663996 0.314851483052504 0.306519885262621 0.297539471376415 0.278198857271867 0.265444479358904 0.263852902345796 0.268042080654674 0.27476275309424 0.270822174900015
0.119663562327651 0.149143427272928 0.176412316542623 0.203610151208809 0.232996178438138 0.252518178169238 0.2607509456655 0.259661240634941 0.251130667807162 0.199829660541514 0.180875400255323 0.206518241964276 0.187515445743741 0.15274759245804 0.118819209745742 0.0836617484795022 0.046451236457212 0.135965471884918 0.280597930239933 0.316966826259818 0.344018821379334 0.352030751471444 0.405101671384072 0.482801251472521 0.546732517926835 0.590076309828268 0.582449528273207 0.587517959016473 0.601026376744816 0.626261456895186 0.641169730730744 0.619434138137056 0.593405174535755 0.563930272203278 0.538454450816435 0.513651998092729 0.489233035277756 0.466991251459121 0.44685108018463 0.429999355888666 0.414171674655134 0.400323821785527 0.386833772648682 0.373758860710149 0.359728265746962 0.345795713893752 0.335196478275643 0.325457809996678 0.3169223151627 0.308207909991549 0.299269714686667 0.287488044792809 0.278212100387423 0.27318302990576 0.27266547861952 0.274141495892694 0.269788946188478
0.157805073260849 0.146815981985393 0.160642715891348 0.180325200268083 0.20450090446406 0.213570462078768 0.205351260415377 0.191017318233008 0.174021906047563 0.148431561699318 0.148894423904918 0.18527735902296 0.164829777352092 0.126324474241364 0.122485342528304 0.103374611484484 0.0587542265202014 0.112087334453386 0.207915467458272 0.209789737494968 0.213329962491626 0.220274741331845 0.264455655430113 0.328989358731698 0.450659853928373 0.542627810386366 0.55388837391933 0.562558040103899 0.569505234904275 0.603448117837599 0.627540079658644 0.612165397785204 0.59368628567103 0.57271550060667 0.548695246512471 0.524347513022776 0.500496148651374 0.478246764955232 0.457543759709495 0.440073305244954 0.423800038887468 0.410597589141036 0.396829960095346 0.382406589006308 0.366796598394184 0.3512806278966 0.33965112864817 0.328901375664471 0.319381610499165 0.310007858467119 0.300715670281804 0.291939820309912 0.284369523706517 0.278842480918383 0.275635664726024 0.273465655834237 0.269904456305523
0.212425714026698 0.133451409659605 0.13131607075434 0.143844732619851 0.150369179944939 0.152455059184516 0.14946106350318 0.12064609632822 0.0905470180204136 0.111443367694992 0.136563105483792 0.167505712280551 0.147454890897081 0.113218046437681 0.14380103735733 0.148282994292761 0.109165827817296 0.1046923423469 0.115234218313455 0.0912260945004751 0.0818448238514516 0.102355063090335 0.118293767028228 0.131733728986808 0.333765893044906 0.495196651656976 0.536017827757732 0.547356245852365 0.539094039080831 0.575408666355262 0.604457330527618 0.597357226225646 0.589505905108917 0.581051643525853 0.558439924461706 0.534039138561529 0.510803186587143 0.488642028812923 0.467518360825829 0.449669549807887 0.433214415283228 0.420937492978514 0.407034079960742 0.39124355192466 0.374089189417354 0.357054898662398 0.344596848170885 0.332831279787976 0.322033882106305 0.311863407127641 0.302020400712365 0.29398852221518 0.287243209425435 0.282678455671076 0.277784587357677 0.272762700735134 0.270590623617709
0.342201561126866 0.188730867444685 0.149535162334029 0.134740081862051 0.125905129527902 0.119349558960335 0.115402706801085 0.0898766518529166 0.0624248891156555 0.0701154406142534 0.0896158742153741 0.125398826643236 0.120189629784558 0.103340171165263 0.134643932393293 0.142227805818751 0.110190018423329 0.111531096693216 0.127465613241198 0.121976776381686 0.119146433571615 0.121749002425797 0.1070091271816 0.0827900966341331 0.274161800164793 0.427674201705551 0.465022805931267 0.508088385115783 0.554954703753286 0.581768327060733 0.597694032084291 0.584235277723317 0.577933293168834 0.577375464016381 0.555341494691534 0.530989407309128 0.510082924569455 0.490220609567433 0.471366220886274 0.456156803461838 0.442062351994861 0.430043739595618 0.415907175115669 0.399313283860058 0.381200761865037 0.363360253641967 0.351874658427975 0.340093499150301 0.327899106861635 0.316404928504193 0.305303781392026 0.296712453296665 0.289215664497047 0.283573975314272 0.278200603026004 0.272974518416029 0.271401376292664
0.447862676903034 0.240912834575512 0.174639431230314 0.138469568563926 0.110013234627005 0.0944612092813077 0.0936779725001687 0.0693120381601925 0.0412470056107576 0.0376043323715539 0.0500694204127779 0.0847425985965098 0.0940332973111039 0.0961082349343169 0.127864901873283 0.138155792225836 0.112590285354141 0.117627609359448 0.136133670123905 0.143360505441052 0.145701052580022 0.138055956890976 0.103464227046993 0.0541438160202381 0.217512286464977 0.353965514473212 0.402301991372348 0.476419582184501 0.567676883682339 0.588002241406482 0.593266393071249 0.570208873097064 0.563343925750268 0.569475435750197 0.545734113441351 0.520107046350775 0.504950196749288 0.489640594044701 0.474183540056515 0.462197142509853 0.450847380301945 0.438965765739936 0.42461038917977 0.407384861944307 0.388467969943183 0.369901506513009 0.358845017304927 0.346915015227138 0.333763740343746 0.321247794811752 0.309119834192583 0.299829161613663 0.29156505942146 0.285040858517835 0.279220665841676 0.273744232538472 0.271907420034834
0.495937911734817 0.2838003115191 0.213965655431269 0.170679526119279 0.112777786785502 0.0874704781720957 0.0994670089924952 0.0708194287243457 0.0341750616074977 0.0254033982075748 0.0285675795685781 0.0481879469732441 0.0707320709481739 0.0948256516979911 0.127506576397222 0.140260235184105 0.119727422397506 0.121568175283634 0.133274756803203 0.138511736957292 0.142239591339026 0.142883388785149 0.113286884857313 0.0671614239084618 0.165779087442956 0.266750667248729 0.360219379238272 0.462909622208355 0.571730491404241 0.592841878567978 0.593657140997803 0.554059065321372 0.542090818173121 0.552298780835808 0.521649116328248 0.491715567949778 0.490077648305406 0.484405905252105 0.474840346443954 0.467315072967622 0.45950671277958 0.447506029948316 0.432967778313904 0.415485344975918 0.3960970547665 0.376965347116234 0.365036985921044 0.352621118933202 0.339523662025181 0.326693652794035 0.314090848768595 0.30382271934708 0.294805785925394 0.287909464553827 0.281678376726988 0.275760839475391 0.271712361878031
0.549523251994133 0.405065637941066 0.334514881152997 0.273937381915196 0.183856275400993 0.139492323688815 0.147450973243587 0.116101804488406 0.0745691048518701 0.0385121701502509 0.0294980628456835 0.0577684383495213 0.0681973721488756 0.073543962453375 0.0995808262552402 0.110849912944331 0.0974509295012648 0.0935322896702437 0.0941002524189632 0.120694203004392 0.141450595728936 0.15027732616974 0.132960970409569 0.10135514236971 0.17129498699151 0.248205660996746 0.333353731507207 0.431993255835245 0.53960212167206 0.572042861921714 0.583357929605496 0.548006049048731 0.515857202140617 0.486279169095915 0.460129331018609 0.442738523573295 0.46037546828194 0.472537342402658 0.479414177008009 0.475985636798807 0.469217677244676 0.455476504031731 0.43998151272471 0.422451676436314 0.403531131334424 0.384889067454526 0.372334102827199 0.359675349326942 0.346871486885044 0.333103188002176 0.319116496110358 0.307437742178579 0.297703065410544 0.291263342798657 0.284910024895925 0.278590748776843 0.271583483527948
0.606454503377502 0.573924485376044 0.504385294625421 0.420337779390261 0.296417157216677 0.227348481123637 0.221057038563979 0.18796574241348 0.143786003998877 0.0669897999709758 0.0440501662175403 0.0953636547074132 0.078272768836309 0.0401181804787124 0.054915259776832 0.0623028237524719 0.0573135457549143 0.0460792864872388 0.0328737670492127 0.0950016225176036 0.142284406179585 0.159229727250401 0.158617155960285 0.14840766813734 0.211574358540483 0.271359164477242 0.31572830814934 0.390507166330811 0.485502905384205 0.535675239899493 0.566567435193094 0.548084125447842 0.486599263095895 0.390600561766284 0.375877952656764 0.381261269337273 0.42166826468491 0.456640480404615 0.486366549133218 0.486813472515281 0.479567226072909 0.463100983443616 0.44617933728682 0.428729315019887 0.410846792692406 0.393334934094508 0.380302300896137 0.367548205088246 0.355183537017634 0.340097898647047 0.324175318203688 0.31082290658798 0.30039179295131 0.294911893750406 0.288611632378828 0.281914521120391 0.271494791659666
0.630791517758824 0.645820189476731 0.554970097277907 0.445140120734307 0.350625914802577 0.292041747590506 0.274578973377973 0.288192515700175 0.294041008979229 0.156873108431096 0.0886216329769341 0.115386600474778 0.0918641957496933 0.0532611569406366 0.0603436596392199 0.0649345483480666 0.0653634492254531 0.0680189272444327 0.0719895989365203 0.106640101420812 0.134501667476426 0.148489329274474 0.154465582760715 0.156062904237447 0.182171479057356 0.204765400369481 0.216156580050137 0.239599657777478 0.271055036541558 0.384791238907025 0.476851410474765 0.475540013719088 0.461387781764424 0.436929258721854 0.426177121363071 0.424309585406946 0.45164827195979 0.474734341398855 0.493715395362941 0.493475752013911 0.487405054957493 0.470673654953035 0.453399462302968 0.435495501437727 0.419135132351693 0.402951953420769 0.384439852704951 0.368935149264588 0.357635137747522 0.341070310187443 0.322725976181034 0.306496704124163 0.295127737098939 0.291996345496555 0.286056892417517 0.278820209693329 0.267358861596407
-9999 0.702599698405138 0.586865568939866 0.459004708036493 0.397395506832658 0.355227194563205 0.335308689491807 0.382999804315082 0.425045191879852 0.254574625296345 0.155518083904246 0.154921476284395 0.12088786274443 0.077433960110897 0.0745050845495185 0.0726665427711015 0.0726492927158842 0.0841371394878722 0.100625463811692 0.10694646187249 0.117134144102735 0.135223801336682 0.14819094070051 0.158358178149753 0.155826572182184 0.150392237667861 0.138772970373797 0.120056035855705 0.0966204548441541 0.257244617369736 0.395729513294168 0.410305286392087 0.433718916214302 0.464225972794379 0.4617835618589 0.458323244216971 0.470915655272617 0.484372992202316 0.49866523479192 0.499022968563208 0.494379839842396 0.477442759715518 0.460005577824753 0.441988159267565 0.426859972289656 0.41181205858014 0.390116261147254 0.372728838440826 0.3613650257718 0.344246259959634 0.324912416720937 0.303072551936786 0.288974084446018 0.287996263430563 0.283356982723126 0.277021494477836 0.26451784286727
-9999 -9999 0.586865568939866 0.463661274841334 0.433454859736617 0.418312186449383 0.420409740821055 0.457060305064477 0.485953707327762 0.363517412714644 0.28105652331223 0.253710518402258 0.193595874744225 0.124782704099102 0.104601424305968 0.0857008347305737 0.0689395079479125 0.0708603054174413 0.0808327208443078 0.0678850178516051 0.0738096752833048 0.118301982359857 0.141262271131823 0.15245343760798 0.150992042911805 0.14751226790351 0.140087793300381 0.110584793353153 0.0664036248038564 0.217646132151836 0.352612026052591 0.379329357278383 0.398252576461884 0.41092009761369 0.430613106041185 0.447295669450495 0.44686769613194 0.463517358090219 0.49665191751559 0.502128157148278 0.499334419872286 0.48191321622767 0.464661339798051 0.44760592310095 0.432788602579065 0.418284153938266 0.400912411464147 0.384620094473924 0.369836940124428 0.354851424437398 0.338730692329305 0.303647802618634 0.281717722001305 0.282079916503165 0.281382765498191 0.280116369677862 0.266135432769027
-9999 -9999 -9999 -9999 0.439714931321201 0.445043216741631 0.456469645292291 0.500833509290536 0.540341402374174 0.457854726692866 0.399854431246339 0.375613994171841 0.318443711941262 0.250131892473911 0.190571100772247 0.12954141975361 0.0660581084823784 0.0695541228265249 0.101971504564345 0.0573487980138016 0.0412289627878273 0.0833577371897669 0.111873701830884 0.132949080986777 0.141326000919446 0.145310543824532 0.139329277834289 0.11316011949038 0.0735697166082035 0.188416257425385 0.291354040059005 0.311822955746366 0.334049537510519 0.357686854475461 0.343260715704335 0.329276149016904 0.340695484775395 0.381986744325097 0.452113120263007 0.483534744515958 0.501229876104394 0.485745010286793 0.469898457685935 0.453632262627159 0.43916688583099 0.425087134521002 0.409919219701696 0.394906955951494 0.380112310538072 0.365501394297152 0.35011578928953 0.319719101913472 0.299564716081708 0.296769679287759 0.292562892804311 0.287657957681909 0.274228121298048
-9999 -9999 -9999 -9999 -9999 0.445043216741631 0.456469645292291 0.522336495764845 0.589934344935842 0.541452651183905 0.513696033371835 0.514513489055759 0.481629908581707 0.432834726786864 0.317624383828702 0.196033840146673 0.063785819871404 0.0770499478652328 0.153207197446879 0.0677871459617117 0.0165481231853237 0.0351616207135131 0.0659703915284066 0.103444940753467 0.128107352628733 0.143607533095252 0.137046238796329 0.124593275066513 0.108223432111003 0.166810411249972 0.21675736412915 0.217455735695824 0.248716433413392 0.304507017602794 0.214597807127875 0.132585561792845 0.17413739585669 0.255841880888838 0.376305381646205 0.448986372891265 0.500875961777672 0.489107196505948 0.475563045975449 0.45995902743696 0.44587579844035 0.432133414666549 0.417610326562309 0.404014107774761 0.39171376032475 0.376184309507856 0.359711772510886 0.347184629697377 0.335870182204454 0.326611093192781 0.313415396014383 0.298469209003336 0.287081943138591
-9999 -9999 -9999 -9999 -9999 -9999 -9999 -9999 0.59517647582056 0.55028921621184 0.525729450782504 0.52919560498581 0.517900971020357 0.497529270198154 0.412834106223354 0.336762559583231 0.275095888882132 0.218696961308098 0.164255879565663 0.0739940148281756 0.0151328553781107 0.0204423334578743 0.040014885797262 0.0673834497738845 0.106226579813917 0.134108031636469 0.133099499432884 0.115532087911384 0.0869560597045944 0.128970530798244 0.165515436773339 0.164280508350641 0.161353190280695 0.157067529075866 0.144119206490804 0.127058266197478 0.097911032744053 0.130489462420538 0.222651154726192 0.328840094720679 0.426313534891802 0.455011904403745 0.466787820144734 0.45892967563475 0.44699692865085 0.433758952336914 0.419043637060464 0.40537121990969 0.393156895895345 0.380136017514738 0.366933309274812 0.355675203497099 0.345072432318725 0.335580366775926 0.325734048744748 0.315723366430456 0.305080631834325
-9999 -9999 -9999 -9999 -9999 -9999 -9999 -9999 -9999 -9999 -9999 -9999 -9999 0.537996547069229 0.494139495844501 0.466519224949426 0.466020844697312 0.346539808102342 0.17506961030211 0.08285585816744 0.0199792838685358 0.017056312134128 0.0245354923609479 0.0377003541081664 0.0852695853246891 0.122182312922386 0.128844578635479 0.105927371397146 0.0633452415983295 0.0921962909987026 0.118574948991834 0.116597320448747 0.084611399182498 0.0285402688886905 0.0902444696328217 0.138707178022194 0.0582028097751398 0.044860338050624 0.0963486792531918 0.206529934322393 0.322482730452739 0.399962293293571 0.44312316350792 0.446466210144012 0.441294462582394 0.433084816586411 0.418962571810161 0.405726195769701 0.393728367475788 0.383111404320121 0.372927161384558 0.361581041264017 0.351205660572651 0.34247555506704 0.336288896971756 0.331215288850061 0.321343630933668
-9999 -9999 -9999 -9999 -9999 -9999 -9999 -9999 -9999 -9999 -9999 -9999 -9999 0.540330814665618 0.537825773746111 0.523020482457853 0.487668873574039 0.364348960234129 0.202633116963146 0.103422514711386 0.037853634333546 0.0410351441297531 0.0391733718730913 0.0345550069731923 0.0715378162165232 0.104674502337292 0.124175879542455 0.103292738132646 0.055561301200131 0.0664937222143481 0.0773511573627746 0.0712263327324015 0.0481630542404886 0.0115046603708875 0.0724534955676611 0.130253856749177 0.114359799127199 0.106248460523762 0.105649715025638 0.113725627208743 0.142611961021099 0.283601283103818 0.370553618546966 0.394810232328075 0.412728106395703 0.426256309337397 0.416007452871687 0.405761740253993 0.395520423102262 0.385416385442292 0.375407731005922 0.366218303635657 0.357837838561196 0.35082845778752 0.344042380628704 0.337344588800145 0.328911655729959
-9999 -9999 -9999 -9999 -9999 -9999 -9999 -9999 -9999 -9999 -9999 -9999 -9999 -9999 0.568924260933274 0.559013169806067 0.532546608675141 0.446795938772398 0.334879218752722 0.237833285768739 0.155230180866732 0.102142511279652 0.0686330327023325 0.0458247397298708 0.0619983007634767 0.0814865489782122 0.105758055084785 0.095137039980906 0.0613189000103904 0.0649233329279882 0.069422837281992 0.0661293826111417 0.0481522742423089 0.0183897946806918 0.0563311922890915 0.0999104314470838 0.125544601021918 0.128598202226685 0.109854971007346 0.083480917559135 0.0784757474407556 0.209021144940096 0.291667755282714 0.318740411297392 0.341742749447306 0.362485580697631 0.373051992629256 0.380548189396295 0.383751867509183 0.382512292967514 0.379352270324423 0.370504422905455 0.362750073958654 0.356849060570132 0.350335011498313 0.343534967969584 0.335423753128264
-9999 -9999 -9999 -9999 -9999 -9999 -9999 -9999 -9999 -9999 -9999 -9999 -9999 -9999 -9999 0.576844647592173 0.597995234848188 0.58648245677328 0.559826202797022 0.473057853445694 0.36072014635439 0.196128772589563 0.111218010142176 0.069859637718532 0.056171203902919 0.0532685880439974 0.0751647964016983 0.0820922044763489 0.0790681066917538 0.0847230131115967 0.0909790708065375 0.0966968026026033 0.080408504947859 0.0464577623123557 0.0416865678349696 0.050182389689396 0.0969046216423338 0.116377800394754 0.109547697644542 0.108635387413016 0.116827396542839 0.171439742749903 0.207188524003479 0.221051095617608 0.233193566438372 0.248290097551301 0.294674531959591 0.332975492670439 0.35997481496948 0.37499534467297 0.384593216962136 0.374479590050897 0.366139227172056 0.360804312740663 0.355333995204665 0.349779435380862 0.341000781986571
-9999 -9999 -9999 -9999 -9999 -9999 -9999 -9999 -9999 -9999 -9999 -9999 -9999 -9999 -9999 -9999 -9999 0.625096678913699 0.636610803155707 0.582905321954312 0.509632976289948 0.396373689072671 0.250869595605774 0.0877409087176659 0.0480133493880711 0.0279873169486943 0.0464751531386565 0.0609631258327271 0.0727919231578389 0.0809367749051123 0.0881662385753224 0.0934954068681086 0.0857392921666774 0.0674806880697993 0.0459235537849457 0.0343080805451834 0.0668944272001714 0.0899027416350327 0.103665462255189 0.130003930738599 0.159779394788648 0.19429807519252 0.213615471293573 0.215295771974928 0.215165619726352 0.218519192412353 0.258213702256051 0.300760788789126 0.347296110020792 0.372729602362215 0.389173738558322 0.380947482593212 0.373262232141509 0.366493914617232 0.359593414871957 0.352620884659411 0.343922388979229
-9999 -9999 -9999 -9999 -9999 -9999 -9999 -9999 -9999 -9999 -9999 -9999 -9999 -9999 -9999 -9999 -9999 -9999 0.678544894294654 0.655794957126212 0.626411685335295 0.583472497912017 0.390792801125258 0.116266881545716 0.0484753457559703 0.00979365844791612 0.0257455654754826 0.0455755144240233 0.067983649744833 0.0770777064789689 0.0837064002731005 0.0861851765448131 0.0860218676042672 0.0837379723580315 0.0523264863312493 0.0259950286196835 0.0392149533983109 0.0613375639673543 0.0920538621317648 0.140982131715427 0.189901748696988 0.216262593685155 0.227359320546161 0.22074604984753 0.211736416805725 0.205847504911264 0.234490930498192 0.277161757289665 0.339444525952278 0.372734193218597 0.394018949911072 0.387586003936535 0.380229600992177 0.371308060388942 0.362994815266855 0.354948170877242 0.345809950659775
-9999 -9999 -9999 -9999 -9999 -9999 -9999 -9999 -9999 -9999 -9999 -9999 -9999 -9999 -9999 -9999 -9999 -9999 0.678544894294654 0.655794957126212 0.632869754521336 0.609586378598696 0.445175300624605 0.203625648770695 0.0942043204300243 0.0244755620549358 0.043186844903473 0.0661868521233337 0.0920380741969488 0.0939696980583088 0.0928130732265696 0.0885245322741475 0.0851216062385284 0.082429491063957 0.0526752744921843 0.0252509433512996 0.0244377188997692 0.0350639838502337 0.0567326915517485 0.10330036666144 0.151636662040494 0.179639421431271 0.19637040283715 0.200023448200978 0.200396757563577 0.203249431668826 0.237051291438563 0.282972466561696 0.345837857135926 0.379410521846857 0.400781361347216 0.392847597641745 0.383074499617524 0.370183972732387 0.362760164832453 0.357746445962906 0.344894896776392
-9999 -9999 -9999 -9999 -9999 -9999 -9999 -9999 -9999 -9999 -9999 -9999 -9999 -9999 -9999 -9999 -9999 -9999 -9999 -9999 0.608455800949786 0.611189462403854 0.477472434439235 0.269173227117383 0.129584756365312 0.0343251869270759 0.04517794007451 0.0692675209264721 0.102157163638341 0.102632215551658 0.0980338611183309 0.0863268484010393 0.0809511094000377 0.0806569674187102 0.0533846525509246 0.0259813989323244 0.014700998257283 0.0153206362791119 0.027427281406569 0.0723761922459672 0.121075922062062 0.151324199212312 0.173738864230531 0.18706468110268 0.200820673517905 0.2181382418631 0.266783258940339 0.316166216613056 0.366580901250147 0.3905808341866 0.403872967205725 0.396009361327702 0.38581767495146 0.371680199459176 0.36266898716254 0.355939046130834 0.344822257648701
-9999 -9999 -9999 -9999 -9999 -9999 -9999 -9999 -9999 -9999 -9999 -9999 -9999 -9999 -9999 -9999 -9999 -9999 -9999 -9999 0.605936778339613 0.601003530046351 0.486264812250735 0.311507847162131 0.153951569908468 0.0390319704161977 0.0307258929246399 0.0536908534256292 0.097445316887648 0.102536364123857 0.099119024473214 0.0793005368133471 0.0733002044054347 0.0783905781796068 0.0544777950302366 0.0282811616906347 0.010328737049533 0.0025272086155248 0.00452425477691206 0.048643907763166 0.0987146745175134 0.131850865384281 0.1600018198076 0.182368717496545 0.213764190400052 0.251637788882051 0.325433107701415 0.378502870672896 0.402595890867245 0.4065339512183 0.403057850817975 0.396936342354626 0.388452589404475 0.375965143887596 0.36273050301695 0.349229972189466 0.345646173894765
-9999 -9999 -9999 -9999 -9999 -9999 -9999 -9999 -9999 -9999 -9999 -9999 -9999 -9999 -9999 -9999 -9999 -9999 -9999 -9999 0.575924600381216 0.576495899632871 0.489628475232893 0.354968177100022 0.183244236402584 0.0548639117018479 0.0399440181944732 0.0591512858355473 0.101046854322801 0.104623960178843 0.101216553462295 0.0862231067779804 0.0783195632537971 0.0761065067283994 0.0452739897121064 0.0150259201831955 0.00494932012541471 0 0 0.0529766768019856 0.110846685726433 0.132124793577849 0.14442256676374 0.146301021670892 0.183734567413917 0.234460905066846 0.315407206880949 0.36638694995149 0.375469951096204 0.384685783336523 0.393025948728207 0.384880045096575 0.37628203005433 0.366917745854035 0.361021974061696 0.356676969286615 0.350369412872416
