layers/veg/veg5400.asc
NCOLS 255 
NROWS 330 
XLLCORNER -2985163.8955 
YLLCORNER -3022031.214 
CELLSIZE 25000 
NODATA_value -9999 
[rows 182 to 207 of 330, columns 116 to 173 of 255]
0.0706341049942246 0.0741701407806122 0.0769845536082108 0.081191776519986 0.085128698292183 0.0904385951103745 0.0958526195667211 0.101419408937691 0.107091326894746 0.111919853434129 0.118575533185957 0.125438511358867 0.132043979016847 0.137949072524265 0.145805467549716 0.151505755915104 0.159081677417168 0.169844587115846 0.177906201653667 0.18231361732702 0.191951873193205 0.203229104798652 0.211392352745758 0.230064174379922 0.243308511375388 0.243357729411296 0.248206889391574 0.251259317204017 0.265668786814732 0.268555824589799 0.28503775925813 0.290758547010786 0.286900953218466 0.281246615400148 0.284294329676462 0.291755837248406 0.303621296119439 0.310744595148737 0.32498353567507 0.335722483540366 0.343315507160595 0.355952361085241 0.376999827860836 0.397368997724132 0.41394131491499 0.471366360338673 0.526706457709078 -9999 -9999 -9999 -9999 -9999 -9999 -9999 -9999 -9999 -9999 -9999
0.0681001126290115 0.0714964658139287 0.074436745711884 0.0784381441403548 0.0825966271852087 0.0874963924073073 0.092781925096185 0.0981682590318485 0.10371411035859 0.108435868665259 0.114924605572213 0.121533254946764 0.127494284971101 0.133679187665418 0.142132878614121 0.14974661918374 0.157532073911448 0.166621860963625 0.173837566051588 0.175938280209275 0.184488788236608 0.199739164928109 0.2096442642957 0.226234521166134 0.237273718122076 0.230709946394119 0.236836426026482 0.250297483014713 0.259792934755235 0.265064154663544 0.274666953424663 0.284831945843795 0.280968930265855 0.27508483229484 0.273324755089224 0.280573369678935 0.294471051814143 0.30702512213367 0.318837199381948 0.328674187827943 0.341170784935675 0.354359184908343 0.372123051567923 0.396518139955501 0.42866834056045 0.48738336858724 0.520564868261421 -9999 -9999 -9999 -9999 -9999 -9999 -9999 -9999 -9999 -9999 -9999
0.0657405158927661 0.0689790297942344 0.0718720598518123 0.0757027193372661 0.0799554558157981 0.084556423093069 0.0898299800183332 0.0950507592238558 0.100541456723911 0.105015310694973 0.111286946846418 0.117604560242742 0.124408255634846 0.130785024272724 0.137408534447943 0.145109368821859 0.15374528347807 0.162253113323767 0.168778990243199 0.172705495078762 0.185147746660733 0.194816236616372 0.212696892415397 0.222635933434939 0.221717156263202 0.227669754364197 0.24011140955977 0.253950095284616 0.26715579317594 0.275673407671734 0.277300657362308 0.28416920989016 0.27719142191329 0.270660674404212 0.266725027250084 0.268802248386657 0.280448130980092 0.290592711791526 0.303401647277921 0.318123612204876 0.338893871329979 0.354408098783028 0.365836870227111 0.403319667372422 0.454197228907006 0.495373308177139 0.518235732151595 -9999 -9999 -9999 -9999 -9999 -9999 -9999 -9999 -9999 -9999 -9999
0.0636254979500366 0.0668742148772909 0.0695170845400347 0.0732651005386854 0.0771886521681092 0.0819814791456459 0.0869836883526183 0.0921766453456289 0.0975304974869123 0.101857604103153 0.107699722904836 0.11379876414477 0.120464899135655 0.126601317380185 0.132018164305006 0.138909912178698 0.148622891581515 0.158153319210969 0.162169831344456 0.171218524513064 0.185006709775776 0.197077428848483 0.203216641005134 0.209028417193895 0.2114559217495 0.229762610666261 0.244267023651916 0.253835511364353 0.269248068455122 0.279820510866202 0.283970451009736 0.285929160218181 0.278634392362614 0.27116031166463 0.268760845543243 0.268607066521624 0.278683969010118 0.277759712314921 0.288596214053991 0.311473757016365 0.334691254386225 0.357851595096372 0.368003638571737 0.413017413695992 0.461518300104439 0.497078211661623 -9999 -9999 -9999 -9999 -9999 -9999 -9999 -9999 -9999 -9999 -9999 -9999
0.0617421830510142 0.0646874590489895 0.067398786706551 0.0707941354347833 0.0745795475261268 0.0792230031146382 0.0842282267095851 0.0893497152868955 0.0946163048397499 0.0988674936841635 0.104600897516998 0.110566875270699 0.116913436962603 0.123722607852991 0.130886974657571 0.137253621988937 0.145397009635901 0.153853441337972 0.160591389367465 0.170399085453818 0.180270457794604 0.187183396707931 0.190510220174465 0.203695585481474 0.213083344230485 0.234026244835983 0.243420711449745 0.25328485008963 0.267950261674379 0.278782927353562 0.288423630901417 0.29119845200013 0.287043468865715 0.27887337172622 0.279089466642305 0.284340731051106 0.28717881558779 0.282415990620717 0.290326149486407 0.298234175814021 0.322748972252966 0.362177746815266 0.387709252270834 0.415822529517155 0.454723695795265 0.484926960364924 -9999 -9999 -9999 -9999 -9999 -9999 -9999 -9999 -9999 -9999 -9999 -9999
0.0603276662242747 0.0632395408485389 0.0658076091063768 0.0691317778338427 0.0729353674454839 0.0772925411751078 0.0823267036245147 0.0873576323499244 0.0919670126535297 0.0956224013900466 0.101385882841095 0.108011683665353 0.114860215051476 0.121462289801647 0.128670405951417 0.13473852312389 0.142771883302765 0.151632214949693 0.15985865498986 0.169372288936758 0.175267747668379 0.177263275636958 0.183200271581603 0.202069495141674 0.219303298328645 0.234423424444934 0.240862891848433 0.249772304591231 0.266421596009946 0.275202497300427 0.285488177675946 0.29635633558789 0.295413331058634 0.292301472663934 0.298811547861756 0.286343883052354 0.279695437388303 0.286255789442721 0.297857957113911 0.295961902592543 0.318756005694318 0.366981588587109 0.382614464810212 0.406018059104116 0.44413864343233 0.4813370457721 0.502215693793358 -9999 -9999 -9999 -9999 -9999 -9999 -9999 -9999 -9999 -9999 -9999
0.058816720313398 0.0615833848412597 0.0639078537733576 0.0670845186675158 0.0707731951471418 0.0750370566618986 0.080053621472913 0.0847650784947958 0.088736439391547 0.0925423939557867 0.0981623359731053 0.104439748967747 0.111154088872816 0.11798770007603 0.12550157157605 0.131602007335455 0.13907644862166 0.148136729119709 0.155909445471859 0.164604062746698 0.169714409836604 0.174638623630556 0.184279858988603 0.202762349836866 0.220603907884718 0.230662875623263 0.236882863885367 0.242825743567897 0.261929563240032 0.268699657844369 0.27365551297516 0.28063279116205 0.293876645271563 0.300059418101734 0.295780388409062 0.285743039075052 0.28344697225164 0.284207136689948 0.297422121639784 0.295733790178254 0.311700486698736 0.358314984714242 0.377059656691414 0.398790090339892 0.436446730023373 0.478287566011096 0.502545382592117 -9999 -9999 -9999 -9999 -9999 -9999 -9999 -9999 -9999 -9999 -9999
0.0572419303724759 0.0596958865278828 0.0618747014635802 0.0650081932490324 0.0685011175492064 0.0726702169348443 0.0776316580932098 0.0819971383237401 0.085431209873975 0.0893895758649916 0.0948380650356766 0.100804426962934 0.107105838550457 0.114133707545783 0.12187782779959 0.127916855733475 0.135118487629986 0.143494349987577 0.150202090024663 0.158392259218511 0.166703859775776 0.176472208943269 0.189387685092723 0.202033485534551 0.213548828955431 0.224040051525626 0.229820845672237 0.23704700829482 0.247203588312422 0.260784577290658 0.265869904921429 0.268425622033295 0.276891912095915 0.286831130609745 0.289695108625926 0.285542208994627 0.284042472935862 0.284041643936531 0.291912585917628 0.294913322363755 0.308401017688824 0.341651719523872 0.365208831987021 0.388401249606627 0.42477516761029 0.471360700819328 0.486158591628058 -9999 -9999 -9999 -9999 -9999 -9999 -9999 -9999 -9999 -9999 -9999
0.0555797460723619 0.0577903637679393 0.059894721101246 0.0629383829070522 0.0662129272566107 0.0702794065997266 0.0752059132352371 0.0792507463564938 0.0823028379183567 0.0862398028818458 0.091615068174134 0.0976082768899187 0.103770637997122 0.110746784115339 0.118233756221976 0.123952059765976 0.131583643096266 0.139180804307702 0.146196111421331 0.155886101920679 0.168090435350785 0.174648125144203 0.188064365447426 0.192641804134022 0.201255682796181 0.215600536664193 0.2214226372512 0.227921104647198 0.239383137909329 0.254916007629724 0.258620973364497 0.263618736520038 0.277839395725398 0.283271792597064 0.280009658790445 0.27698611704139 0.27975020904066 0.282827846472082 0.285010023760495 0.289692008132652 0.299665247829416 0.316240305214801 0.336521244102956 0.365112138076478 0.393350681452416 0.450717594582802 0.483646634062597 -9999 -9999 -9999 -9999 -9999 -9999 -9999 -9999 -9999 -9999 -9999
0.0538506132707278 0.0560145803714878 0.0580716423446841 0.0608187636520093 0.0638930147993552 0.0679295734965276 0.0727929321666054 0.0764698728197219 0.0793883287455151 0.0832322082466361 0.0887901568777842 0.0946432289958593 0.100984109517533 0.107741242549793 0.114764331377397 0.120218403346159 0.12739170790374 0.135129883720916 0.143839814041903 0.155384288990673 0.164698812194809 0.173310490605763 0.180775895012483 0.191843273966373 0.199803735413917 0.211221616508522 0.220971006192752 0.228482072271539 0.237036632661637 0.250363481443959 0.256151920521928 0.26082991678729 0.272069578032695 0.274490189367006 0.272640162491589 0.270076442200749 0.27257334248186 0.277625617137155 0.278102063762773 0.279665584249476 0.279502295183851 0.287063108148696 0.307161457040274 0.360089852958544 0.384594493403354 0.458502445442324 0.48572796381207 -9999 -9999 -9999 -9999 -9999 -9999 -9999 -9999 -9999 -9999 -9999
0.0522217139635546 0.0543008395017357 0.0563542494066526 0.0587870461040786 0.0617414280697042 0.0658531735340396 0.0704076675928671 0.0736246155289087 0.0767454420992146 0.0802505515694893 0.0863515350613455 0.0921404562854202 0.0982154058320498 0.10456546711168 0.111168986077823 0.116545257261497 0.123886973653083 0.13182356422585 0.141901202249598 0.151924009245904 0.160799432641919 0.169369299454853 0.176382501010893 0.18667247936451 0.196613870023058 0.210743054748456 0.220173919920264 0.225816457886094 0.235213086769183 0.248175721205929 0.255652233765198 0.261333314337783 0.263921827833015 0.26445776852429 0.268179041744745 0.268867536707671 0.26626022315866 0.269283763021243 0.272431155209159 0.275713293417185 0.278329305295727 0.268964478300472 0.313644177328311 0.379060151847326 0.409503393542119 0.462531684370014 -9999 -9999 -9999 -9999 -9999 -9999 -9999 -9999 -9999 -9999 -9999 -9999
0.0506197563479584 0.0526310662996203 0.0540257729491285 0.0566708312057828 0.0598041103092817 0.0641950251497874 0.0679862248338904 0.0704524473048577 0.0742132382000823 0.0785885750783907 0.0840113040097818 0.0893242703625367 0.0943596934431698 0.100865434480375 0.107824560728509 0.11323416354939 0.120670630453185 0.129698313472714 0.137612149701976 0.147425251478974 0.156014801428795 0.163487584166479 0.171890419598675 0.18345748641711 0.192827887064001 0.205103809684369 0.21488077456492 0.222728811643169 0.234013558232781 0.248089645600878 0.256301822818471 0.259423089557069 0.261536487524312 0.262129647161065 0.266962957440121 0.270226831995371 0.265473061591608 0.263816629720434 0.272962493717147 0.27667499821026 0.277710911393732 0.285457760604685 0.324804153110183 0.383995556289241 0.425988629553106 -9999 -9999 -9999 -9999 -9999 -9999 -9999 -9999 -9999 -9999 -9999 -9999 -9999
0.0490748936100556 0.0511190131202032 0.0523230874818467 0.054674988042462 0.0584174994401616 0.0624472026961783 0.0646990446655569 0.0684692134218901 0.0724100766163756 0.076303753524573 0.0803012057479186 0.0857632525528881 0.0917002729871162 0.098047291578919 0.104791755109416 0.110083706518917 0.117785284179639 0.126261575735113 0.133646654224655 0.1413895634348 0.149435567675236 0.156581346690819 0.164135644567836 0.176803255862124 0.185764157706321 0.196404719527538 0.207840322281136 0.220553056841577 0.234149501309607 0.246090464919742 0.251732545512673 0.251334635106684 0.262033735995023 0.269073118576277 0.273247257277371 0.271277673354534 0.270031136327244 0.269436780182847 0.267081359759406 0.267459112554796 0.268885102335911 0.319884954089725 0.361955892641234 0.397432151026474 0.430069702178778 -9999 -9999 -9999 -9999 -9999 -9999 -9999 -9999 -9999 -9999 -9999 -9999 -9999
0.0480679822008159 0.0498848398062316 0.0510483556914545 0.0535313101652595 0.0570309668659904 0.0611678221655975 0.0627479387678829 0.0671283641581476 0.0712162226608583 0.0741414835512541 0.0775029519251796 0.083419571984768 0.0898705616259189 0.0958848486879583 0.102609815367849 0.107760501219908 0.114947270602355 0.122787628124921 0.129919175781455 0.136931926701327 0.144680324056119 0.149189847738138 0.15544581061461 0.168782829967947 0.178162381715128 0.189520941918725 0.201101667902398 0.217991887581399 0.235380267595556 0.238546801558174 0.234253373308056 0.243758604614308 0.248179332213481 0.259059625492532 0.272294324568848 0.281245187640246 0.267591686025365 0.260749289472624 0.263759935453074 0.272940232979474 0.281440342589113 0.349980346577407 0.383162983800895 0.40662096140027 0.42903975429099 -9999 -9999 -9999 -9999 -9999 -9999 -9999 -9999 -9999 -9999 -9999 -9999 -9999
0.0469878032211198 0.048599120463899 0.0497536115781201 0.0524713613856274 0.0559341148682654 0.0596958709510435 0.0616526231770982 0.0656763054090078 0.0687807068773433 0.0712632406663375 0.0750806086149144 0.0810272636485899 0.0876868461102107 0.0936831266717042 0.100345643386064 0.105789159068876 0.112591709473562 0.119979314568206 0.126725094200133 0.134141875495208 0.141088229144462 0.142613189879005 0.150438121373165 0.164900355056532 0.174807081819553 0.186611600941826 0.1936594158126 0.214382140161495 0.234341982207754 0.236625152312918 0.233359753664461 0.254230091971928 0.260680455819922 0.269457389614418 0.272569893734987 0.26771794147679 0.261267914524492 0.255081563429449 0.257889749160551 0.271322053188523 0.296948572706362 0.363569582829401 0.383160671743822 -9999 -9999 -9999 -9999 -9999 -9999 -9999 -9999 -9999 -9999 -9999 -9999 -9999 -9999 -9999
0.0458243752812034 0.0472649681160415 0.048501092192438 0.05144748713834 0.0550359105463444 0.0580074710539876 0.0606209596056424 0.0638968325691596 0.0657688915352804 0.0683027642437686 0.0730242333997694 0.0788399637442669 0.0851452456794778 0.0913371459954899 0.09800375463324 0.103250568910381 0.110316807446754 0.117062163714211 0.124013918936039 0.130872163977343 0.136766493142672 0.139951801483689 0.151654151980492 0.166387835587327 0.176134568632916 0.186106388578573 0.191014683674779 0.210939639472002 0.236849021150933 0.23098754138284 0.242560449453031 0.255394281209773 0.278514596445539 0.281784585010521 0.282029940353838 0.277646409777319 0.267141640220764 0.262578492152617 0.256584394525452 0.265171349369215 0.308019517840218 0.3624639910469 -9999 -9999 -9999 -9999 -9999 -9999 -9999 -9999 -9999 -9999 -9999 -9999 -9999 -9999 -9999 -9999
0.0447856778582296 0.046030681265217 0.0474961887514957 0.0506987171615784 0.0540643721696769 0.056422777411257 0.0592102877586598 0.0619576594481037 0.0636284555563706 0.0663451604977834 0.0715192852744131 0.0776589163101288 0.0830429178220412 0.0891261119527 0.0960514860650412 0.0992193127042156 0.106367214821218 0.112199510371645 0.120720962144823 0.128420574893928 0.138566472173984 0.147471058983645 0.160745693048592 0.173682651086982 0.186454552666274 0.198735190369535 0.194630264647776 0.217161884417891 0.241677630138825 0.23567686619479 0.249688815757722 0.265854288383928 0.284749507628186 0.289184085761237 0.292765779324233 0.294095065207847 0.285939829136737 0.286784051365909 0.272645512373218 0.27763920967803 0.321486091438198 0.360366920429485 -9999 -9999 -9999 -9999 -9999 -9999 -9999 -9999 -9999 -9999 -9999 -9999 -9999 -9999 -9999 -9999
0.0438336611153537 0.0449593255822075 0.0466485679569258 0.0501363701988525 0.0528955043366502 0.0550805681529432 0.0575896889090536 0.0600100069104102 0.0622268646656576 0.0651971498167901 0.0698267252387271 0.0757844449694229 0.0816633980321342 0.0863648799445172 0.0913284463412637 0.0931381091404852 0.10095708911618 0.105987268200935 0.116626397475453 0.125598192924266 0.135650911828123 0.147778585822128 0.158381964703988 0.171596074406578 0.186135583785549 0.201393322564038 0.207558732077648 0.224368486814315 0.240663033384437 0.246075893924153 0.25819876662895 0.272572267234478 0.283326086100676 0.290191881004094 0.296501896342475 0.300928712806596 0.305500469841007 0.311353997536944 0.308140458345891 0.322905417049581 0.337703964830981 -9999 -9999 -9999 -9999 -9999 -9999 -9999 -9999 -9999 -9999 -9999 -9999 -9999 -9999 -9999 -9999 -9999
0.0431638000761317 0.0442321598545198 0.0453851322324707 0.0492667959911609 0.0517265792583557 0.053662751551271 0.0562973361829942 0.0583872219537265 0.0612047004320499 0.0638108716529023 0.0684035089567911 0.0741619686238201 0.0793586947816047 0.0838381679942994 0.0897139962113104 0.0923733336008669 0.0968491405031018 0.103758565114511 0.112210014357339 0.123951170483302 0.13267037365683 0.144087308902441 0.155966962132456 0.168928900980553 0.184101355069434 0.199664064136764 0.210846239037593 0.223569450553377 0.237805354602243 0.250771288731735 0.261881808925037 0.272279303656184 0.278906599523224 0.285469103876384 0.293403824741134 0.299756744025114 0.301578224546406 0.308524041012684 0.311338322797233 0.327238757843566 0.336167062270094 -9999 -9999 -9999 -9999 -9999 -9999 -9999 -9999 -9999 -9999 -9999 -9999 -9999 -9999 -9999 -9999 -9999
0.0423706912155253 0.0435582986056679 0.0462264867051955 0.0488321181611048 0.0510549513945953 0.0529310541889437 0.0542618974151857 0.0571224055011132 0.0599547066265308 0.0627175727287682 0.0674006296838622 0.0736084956997055 0.0768779748257194 0.0822902381959388 0.0883157231812291 0.0877087666101643 0.0947978339075801 0.0981539817160416 0.105961554749179 0.118699745601029 0.129107877967448 0.140787323845205 0.153128450335898 0.165924399408431 0.181154733870186 0.195618228847084 0.204442511288042 0.217575516850679 0.234035485688975 0.245463181477275 0.256356647097559 0.266644288042977 0.271166612698518 0.277331590696519 0.288246892164514 0.296749093525705 0.299351725598242 0.309662441226692 0.317235296347982 0.326646554230308 -9999 -9999 -9999 -9999 -9999 -9999 -9999 -9999 -9999 -9999 -9999 -9999 -9999 -9999 -9999 -9999 -9999 -9999
0.0421336398222743 0.0435733180974456 0.0461181526621094 0.0482165395218458 0.0502376881289292 0.0511816756662288 0.0531322275231583 0.0556874206894019 0.0583835381966436 0.0616407759758086 0.0665453349747651 0.0717722599369341 0.0743892836400808 0.0792108611675922 0.0843439088983368 0.0845766113527372 0.0917842170656261 0.0968630105288108 0.101996781333225 0.11309049140765 0.126812024270702 0.138568642018625 0.150493424465936 0.162052446205873 0.174041563912573 0.186784909644698 0.195788778165195 0.210101183879689 0.228145178602153 0.234855831876177 0.244066301780865 0.254137508909024 0.256432466780009 0.266612895149641 0.285612331765473 0.295769572951854 0.301206682973934 0.310154396547595 0.317531478147122 -9999 -9999 -9999 -9999 -9999 -9999 -9999 -9999 -9999 -9999 -9999 -9999 -9999 -9999 -9999 -9999 -9999 -9999 -9999
0.0418737936590304 0.0437450209712797 0.0458194662283614 0.0473153433160192 0.0495168674294855 0.0495330392120218 0.0520272861407811 0.0546173106393143 0.0571846557184796 0.0607492431664875 0.065987773369229 0.0700204916036314 0.0728867764148652 0.0763984143509155 0.0800869292823095 0.0824635848696188 0.0877529933140432 0.0953307973622489 0.0984254585197971 0.109142139735271 0.125362431011334 0.136032093211507 0.14788875169811 0.157008173807526 0.16292046603384 0.172599202926334 0.187901472389271 0.200174079161183 0.21954505064828 0.22459961784015 0.233192914998692 0.243107637011629 0.249121779167869 0.266901809856868 0.284540812056703 0.293335481279201 0.302000145976847 0.308850171567548 0.314526033367342 -9999 -9999 -9999 -9999 -9999 -9999 -9999 -9999 -9999 -9999 -9999 -9999 -9999 -9999 -9999 -9999 -9999 -9999 -9999
0.0419937451522398 0.0440595115750384 0.0455475575903412 0.0462756626280139 0.0481982175180078 0.0483274055296988 0.0508060559347555 0.0537721944400288 0.056499416383817 0.0599376073361881 0.0652405959442007 0.0688668278892654 0.0722150204878057 0.0755889040556696 0.0787213193940381 0.0811466131249103 0.0841074254637244 0.0898479457914985 0.0949833436651435 0.10772464682439 0.123306222371133 0.132105901178324 0.144004406833639 0.151882357430001 0.158899067908264 0.166958954230079 0.185846512876742 0.200417420454231 0.214648966647949 0.224258638185738 0.238247450804756 0.251664112531081 0.256490101299952 0.271348930862539 0.28366641869594 -9999 0.305314521259392 0.307125138348983 0.313550795269625 -9999 -9999 -9999 -9999 -9999 -9999 -9999 -9999 -9999 -9999 -9999 -9999 -9999 -9999 -9999 -9999 -9999 -9999 -9999
0.0426545860711778 0.0444495345430937 0.04527732314936 0.0447296340766687 0.0460031178868951 0.0473012144123848 0.0500112277811106 0.052946984560914 0.0558854100146137 0.0591776623550997 0.0644237332771202 0.0681336018532065 0.0712388964903411 0.0755202177947185 0.0799820323996339 0.0814104649100541 0.0825354576747423 0.0867124189762821 0.0986826354192296 0.11086253934382 0.121761227651572 0.130922768671538 0.142500926756423 0.152556202778165 0.155895350316149 0.166230074258362 0.176609734796549 0.194022025954855 0.206900743211366 0.220245702880499 0.233895894866087 0.249584491367249 0.25925330972361 0.272606422525346 0.282507537695768 0.28828040676355 0.294798356119816 0.301178526217512 -9999 -9999 -9999 -9999 -9999 -9999 -9999 -9999 -9999 -9999 -9999 -9999 -9999 -9999 -9999 -9999 -9999 -9999 -9999 -9999
0.0430678028212183 0.0443862715667304 0.0450050440456966 0.0422289770117219 0.0439374497060549 0.0463401156163713 0.0501594304112244 0.05234360878963 0.0549172213165134 0.0588256213298326 0.064915391134138 0.0680881347388141 0.0690955214521108 0.0711013603547838 0.0768513044436446 0.0794545509494558 0.0801055998715638 0.0859278889649677 0.101945332017638 0.111696110338901 0.12047816806234 0.12748423511906 0.13847041590595 0.152591383205078 0.163164958516624 0.172427244488619 0.179475952631944 0.18926739737748 0.201234966462848 0.215514358188132 0.228916076785276 0.248239612440491 0.25995586260566 0.272437309438661 0.281874919095146 0.288212365440103 0.294702025740499 0.298705881465231 -9999 -9999 -9999 -9999 -9999 -9999 -9999 -9999 -9999 -9999 -9999 -9999 -9999 -9999 -9999 -9999 -9999 -9999 -9999 -9999
0.0430365019657219 0.0433395453733876 0.0439883497144986 0.0413786983400753 0.0436358366988867 0.0467038954799201 0.0502677062545508 0.0520296829060623 0.05487830769084 0.0590120897969672 0.0631442225635631 0.0664619146266346 0.0688484360475507 0.0704938827387991 0.0732521726176434 0.0769670265613677 0.0787563594135193 0.0892469150964965 0.102404167302391 0.111299386437578 0.118588575915364 0.125943344423738 0.137073502070031 0.152354522335498 0.164024647457355 0.174929092066676 0.180367990401274 0.186293661161664 0.201460000046684 0.215641019234812 0.229912677695275 0.250497622007983 0.260346437103232 -9999 0.275999849819818 0.284291870089364 -9999 -9999 -9999 -9999 -9999 -9999 -9999 -9999 -9999 -9999 -9999 -9999 -9999 -9999 -9999 -9999 -9999 -9999 -9999 -9999 -9999 -9999
