layers/veg/veg5500.asc
NCOLS 255 
NROWS 330 
XLLCORNER -2985163.8955 
YLLCORNER -3022031.214 
CELLSIZE 25000 
NODATA_value -9999 
[rows 200 to 224 of 330, columns 56 to 111 of 255]
-9999 -9999 -9999 -9999 -9999 -9999 -9999 -9999 -9999 -9999 -9999 -9999 -9999 -9999 -9999 -9999 -9999 -9999 -9999 -9999 -9999 0.478241211914276 0.439714800613973 0.347243339569373 0.277282637232862 0.176076618231703 0.0548546545334171 0.0125834389476957 0.0635878631366869 0.187684716199871 0.244600435972528 0.285415287497088 0.336582110629761 0.357312027403715 0.321421500335988 0.320810383945139 0.3696151403879 0.434330362232423 0.447542645541685 0.453828529040222 0.458765098723192 0.46137564311323 0.465885463149618 0.471152223097794 0.470625795365711 0.469214930341118 0.459779337493227 0.427254858004964 0.412136562716169 0.43996331530095 0.463072619933283 0.470794339203515 0.470136274589687 0.467881345121508 0.464461694804134 0.46049824757492
-9999 -9999 -9999 -9999 -9999 -9999 -9999 -9999 -9999 -9999 -9999 -9999 -9999 -9999 -9999 -9999 -9999 -9999 -9999 -9999 -9999 0.49295277085008 0.457920804614562 0.390351255464742 0.290026785456286 0.186869899628173 0.100681953819932 0.0316966379407544 0.110635928297823 0.227931445887493 0.284800236467975 0.348622634662449 0.37150482734374 0.368848984484862 0.336906317945577 0.34433640905516 0.385483102949237 0.424558996263478 0.438938658437876 0.443436348194593 0.448555612841157 0.458404549159481 0.466642233015203 0.468624622440431 0.466382867759398 0.461476548324116 0.448588506116054 0.419972258738361 0.416887946917113 0.446555447061265 0.463692977511313 0.47056489973939 0.469168269076961 0.466954986163243 0.463527120433252 0.459164246410707
-9999 -9999 -9999 -9999 -9999 -9999 -9999 -9999 -9999 -9999 -9999 -9999 -9999 -9999 -9999 -9999 -9999 -9999 -9999 -9999 0.495369111292201 0.483059065435907 0.430222600687543 0.325341569123262 0.204990072027065 0.123507103202203 0.0530720098239286 0.0173234851427093 0.112882421388758 0.227660957398219 0.286059882385696 0.349925819654666 0.377009914959088 0.393712403987237 0.350631756267209 0.332795474075726 0.390920933654134 0.413896915437657 0.424558518146178 0.411348323293375 0.416538857801422 0.449100752652349 0.46143819340835 0.461777253959236 0.454346091753153 0.441999164512422 0.417883157947252 0.400423028465907 0.419257141002509 0.448357905020656 0.462864436816983 0.468918756290321 0.467623826739876 0.465379829915293 0.461858806457294 0.457387676291479
-9999 -9999 -9999 -9999 -9999 -9999 -9999 -9999 -9999 -9999 -9999 -9999 -9999 -9999 -9999 -9999 -9999 -9999 -9999 -9999 0.48746945934938 0.463585580317797 0.424371562667875 0.351723099290056 0.204447837651342 0.0930826344184281 0.0337153399164671 0 0.0884032656706118 0.203516894107258 0.258790117187327 0.34026332603298 0.382416640442849 0.39966928015613 0.368685180963625 0.348912075550324 0.39186811081273 0.411079075627561 0.403342212783138 0.381481791255717 0.398700786088152 0.442253698297566 0.456402638498955 0.449019570827353 0.432609231737638 0.424600765157922 0.396174012714017 0.378244916484243 0.41279804887197 0.448077344485952 0.460732744561231 0.465042408756018 0.4645524045819 0.463368526974316 0.460037536329909 0.455506690814747
-9999 -9999 -9999 -9999 -9999 -9999 -9999 -9999 -9999 -9999 -9999 -9999 -9999 -9999 -9999 -9999 -9999 -9999 -9999 -9999 0.480220074819933 0.475976066869234 0.44642579332174 0.377802420807039 0.255650919342658 0.115143743578606 0.0426357456653209 0.0895546239999609 0.172762490865916 0.204716999243855 0.244516537634676 0.317053101939825 0.365487933728308 0.390558916911856 0.399733873251929 0.370193062263528 0.371474086562399 0.412129428600205 0.391457688400542 0.375356543311752 0.402457818554368 0.437428984446763 0.4537874987446 0.434228729742786 0.405941786079734 0.390915849158352 0.359151360373473 0.367903367570537 0.415867961291374 0.446012005820165 0.456610513136637 0.460260814183653 0.460716538187647 0.460446319134642 0.456744670885182 0.452517464428052
-9999 -9999 -9999 -9999 -9999 -9999 -9999 -9999 -9999 -9999 -9999 -9999 -9999 -9999 -9999 -9999 -9999 -9999 -9999 -9999 0.449021782893772 0.449020919510076 0.426004365923516 0.367278411361634 0.268120596990901 0.154234287668022 0.0603181130163959 0.103356138863995 0.209895985683237 0.222291099999145 0.224866142713464 0.304127409016682 0.359772371141458 0.370409230771982 0.350057628577896 0.337465647606194 0.37017520716378 0.415939126742919 0.399037612914295 0.384345468104687 0.40483185801153 0.434909562304684 0.449207253548872 0.415168855607925 0.372771303409197 0.344368345139903 0.33375294008857 0.383783702874065 0.421586641903966 0.443118826285 0.451398021347377 0.455268766380835 0.456260537109553 0.456496488930954 0.453938935539376 0.45051068801897
-9999 -9999 -9999 -9999 -9999 -9999 -9999 -9999 -9999 -9999 -9999 -9999 -9999 -9999 -9999 -9999 -9999 -9999 -9999 -9999 0.417009986823739 0.404844343675931 0.395279383652409 0.32361330029044 0.216704843773869 0.140800460903324 0.0519016380013175 0.0723056916994575 0.211560798703651 0.247627925642216 0.228901721591764 0.304893867160173 0.359994937262956 0.337400797750719 0.261180255448185 0.287399620053288 0.385121145726042 0.420611320012624 0.415399438393961 0.404833025625892 0.410325941612328 0.433442043297764 0.445108128636644 0.403927399616492 0.352758969391059 0.316799911085051 0.327172330674686 0.404037763715284 0.430176364210457 0.439895518133535 0.446218407131151 0.45047678097375 0.452167554152263 0.453057740088465 0.451707659560795 0.448768889155985
-9999 -9999 -9999 -9999 -9999 -9999 -9999 -9999 -9999 -9999 -9999 -9999 -9999 -9999 -9999 -9999 -9999 -9999 -9999 -9999 0.445356067710011 0.418434763315014 0.374487920314914 0.277559196412863 0.14401241247997 0.074972600200757 0.0346031148748894 0.0782522087588374 0.22098754656459 0.242286077799968 0.236276355977027 0.325609718354969 0.374610899384693 0.329003898395406 0.287737112174047 0.364477414226797 0.40984125844541 0.422117409500332 0.422160403440209 0.414884364625227 0.415220599750012 0.43161907959433 0.443675802765865 0.419310199884336 0.366765047292709 0.305163220784066 0.312733665082456 0.392187458356157 0.426928063721741 0.437841149142875 0.442871909812785 0.447476577929458 0.449666511119232 0.450901157383971 0.450210965476031 0.448105456492121
-9999 -9999 -9999 -9999 -9999 -9999 -9999 -9999 -9999 -9999 -9999 -9999 -9999 -9999 -9999 -9999 -9999 -9999 -9999 -9999 -9999 0.446947372038092 0.408610876491796 0.327796533655078 0.186558742098944 0.0903194316843356 0.0679164501371079 0.103782171494302 0.200763497510049 0.196641590329118 0.191705523081439 0.306004568441312 0.364704970457662 0.375909402732177 0.370459588282756 0.395479097021899 0.405457860840168 0.41274348603383 0.422837643994963 0.422470605332862 0.415227682341156 0.423923957485725 0.436392888991929 0.429423478130937 0.39686922108421 0.319095469124588 0.316286697080498 0.399632787125596 0.427329985232194 0.435565038375312 0.440744819003268 0.444676395278881 0.44686757257297 0.448366921150855 0.448562201919934 0.44694138298526
-9999 -9999 -9999 -9999 -9999 -9999 -9999 -9999 -9999 -9999 -9999 -9999 -9999 -9999 -9999 -9999 -9999 -9999 -9999 -9999 -9999 0.422020537223204 0.423936655985448 0.368325918279776 0.252407422385396 0.116553849523795 0.0350045811128666 0.107867654957478 0.198145914046556 0.176199361848806 0.186443597973391 0.275366247988668 0.347436913846325 0.393438825801728 0.395339836811996 0.397986542676248 0.400081837507212 0.400732587702613 0.412930594352766 0.419134990517067 0.417689759198393 0.422128603945273 0.425632657676731 0.422077748878706 0.39420556193172 0.35053092408937 0.360621412113016 0.404381749347426 0.421705139650899 0.432935904682457 0.438237586167901 0.442311348858968 0.44458877993717 0.446389081164857 0.447069727617345 0.445420593467926
-9999 -9999 -9999 -9999 -9999 -9999 -9999 -9999 -9999 -9999 -9999 -9999 -9999 -9999 -9999 -9999 -9999 -9999 -9999 -9999 -9999 0.413035233272656 0.400164044043805 0.340077283133301 0.23523448846494 0.145366503790816 0.0391171801430226 0.0644310147977587 0.137498456120453 0.117446516921697 0.215383215935551 0.301335586629275 0.355164901139953 0.392232899592293 0.396420803000013 0.400331003263911 0.400899384219415 0.396065734675534 0.401959666117372 0.41234323153226 0.409727456832349 0.406410783096892 0.407398352627173 0.39841407614691 0.37603613311959 0.348087806524527 0.356660884406562 0.401508576856243 0.420423421111198 0.431682504745036 0.436681198008813 0.440942786356889 0.443457248448224 0.445205021328028 0.445783581295487 0.445138199467465
-9999 -9999 -9999 -9999 -9999 -9999 -9999 -9999 -9999 -9999 -9999 -9999 -9999 -9999 -9999 -9999 -9999 -9999 -9999 -9999 -9999 -9999 0.41728649419996 0.361450314765083 0.250987870077926 0.138507641472142 0.0679264342804666 0.0539702416647968 0.0551691737823501 0.0921667280661191 0.21471694986547 0.31394921708589 0.366013310699408 0.388425736477708 0.392386621232603 0.397611999656449 0.402056065238751 0.394505564040018 0.391850356487596 0.40181602187857 0.398552062643301 0.38169989380378 0.366208388939368 0.371567501114998 0.378372419781815 0.346532587056124 0.343978608183584 0.393324441175265 0.414211917916659 0.430887951118141 0.436744255441636 0.440259160544502 0.442254650542641 0.443852383435906 0.443902933971214 0.443280813355889
-9999 -9999 -9999 -9999 -9999 -9999 -9999 -9999 -9999 -9999 -9999 -9999 -9999 -9999 -9999 -9999 -9999 -9999 -9999 -9999 -9999 -9999 0.447092803893144 0.410047113217593 0.306239988303824 0.210459041045875 0.0984255100542536 0 0 0.0762502006540898 0.220447541347537 0.316191260534045 0.36193062461666 0.384956372746988 0.388624514127523 0.394797095132614 0.401601073775323 0.390572418071363 0.381349093867683 0.392337655244945 0.386970517104561 0.352852827226176 0.334388242733517 0.360123750289152 0.37361800067019 0.354702455145298 0.355095525885669 0.391646836063962 0.414931853222987 0.429739868974667 0.436675137188452 0.44025591479713 0.441497366724473 0.442602263455099 0.442558340351916 0.441568525127336
-9999 -9999 -9999 -9999 -9999 -9999 -9999 -9999 -9999 -9999 -9999 -9999 -9999 -9999 -9999 -9999 -9999 -9999 -9999 -9999 -9999 -9999 0.463143795996095 0.387667735547263 0.324129473613579 0.247101638046048 0.0692176556005514 0.00652116348428432 0.0484190371657468 0.111713688234447 0.227178746114047 0.330239952269747 0.368385252031386 0.381891305129049 0.3860837094167 0.392460121865275 0.40029199140356 0.40045011859615 0.391914907280708 0.387170739037531 0.367964071505059 0.320813350665096 0.32057510617629 0.358783415837885 0.362754172936617 0.361816156500734 0.377086244602106 0.399059530855592 0.417419965370395 0.430324093056343 0.436647252955345 0.440399003870511 0.441624300009438 0.44235931561266 0.441964883408994 0.441197328985385
-9999 -9999 -9999 -9999 -9999 -9999 -9999 -9999 -9999 -9999 -9999 -9999 -9999 -9999 -9999 -9999 -9999 -9999 -9999 -9999 -9999 0.467124052601587 0.462134104073034 0.413428621925605 0.359720504972459 0.319596425153123 0.180551420724832 0.0715497846248756 0.0235919867637406 0.0404428937088475 0.230792813718612 0.332379172491676 0.362182301205804 0.377472560194879 0.382622345305078 0.389466158513438 0.398375127766544 0.401295555790424 0.393021998592419 0.387587746674334 0.365999906279697 0.334794547040873 0.345246729942514 0.351336443070641 0.345724641039181 0.36422701762414 0.388692592948777 0.405238915393456 0.419532225307429 0.429574043578575 0.435822281710208 0.439991982088249 0.44132441710781 0.441309224175902 0.440089022393131 0.438621764350739
-9999 -9999 -9999 -9999 -9999 -9999 -9999 -9999 -9999 -9999 -9999 -9999 -9999 -9999 -9999 -9999 -9999 -9999 -9999 -9999 -9999 0.447217232300532 0.447482480807114 0.412304184773707 0.37653920664376 0.297387924803508 0.106480461590139 0.0464225890297559 0.0398329391749848 0.0596591637643846 0.250103347939918 0.335791649975675 0.354501687614384 0.374823448627426 0.382916922037565 0.389017370925013 0.3965235922392 0.398445885245511 0.392380158092371 0.392463886011249 0.384748486533346 0.365855184923978 0.367028285707316 0.368069150374952 0.368543538199808 0.382818259546887 0.396482752548276 0.41093454031905 0.42312872282333 0.430380351326767 0.435486876572001 0.439029533341156 0.440375599235027 0.439832734456745 0.43795449794538 0.436556194310944
-9999 -9999 -9999 -9999 -9999 -9999 -9999 -9999 -9999 -9999 -9999 -9999 -9999 -9999 -9999 -9999 -9999 -9999 -9999 -9999 -9999 0.442274244974271 0.43237459382725 0.405175600513742 0.388060558245527 0.334383092021078 0.164191535061423 0.0278774369436797 0.00387571486445435 0.109194061369146 0.278791557969926 0.339494584312858 0.353140820874517 0.369289696805038 0.382996521978283 0.389270107444717 0.396143692627536 0.398456819807474 0.394529790698933 0.395917626337444 0.389681250521681 0.371940223647229 0.373273714799698 0.379041185093861 0.379752117780184 0.389472491012565 0.402626773351199 0.414694907507281 0.424334365964709 0.430440099569393 0.435323535428436 0.438211682929304 0.43889825182958 0.438073071571601 0.436599491804312 0.43531510402765
-9999 -9999 -9999 -9999 -9999 -9999 -9999 -9999 -9999 -9999 -9999 -9999 -9999 -9999 -9999 -9999 -9999 -9999 -9999 -9999 -9999 0.457921656888087 0.446732828487688 0.427850784727006 0.414223688212632 0.395041994774597 0.2970734668349 0.115297849768852 0.011897594050234 0.108573082642286 0.278529457229584 0.340166366204628 0.334035849242008 0.349892716837305 0.37809606284707 0.388820738884049 0.395959085358761 0.400281254020317 0.402477068812176 0.404294286755458 0.39562972959681 0.38145746300647 0.384176414514158 0.394387975754037 0.400942467800088 0.407034442785064 0.413701784632025 0.421409706921635 0.427532496490399 0.431430550110155 0.435539087862984 0.436965690868928 0.436432968629876 0.435440069363286 0.434332005769419 0.433398230004602
-9999 -9999 -9999 -9999 -9999 -9999 -9999 -9999 -9999 -9999 -9999 -9999 -9999 -9999 -9999 -9999 -9999 -9999 -9999 -9999 -9999 0.472232070227119 0.462353051953291 0.441638243542101 0.415786063155203 0.390039631209884 0.290171295500016 0.0870171719255411 0.0272997962247602 0.149853390181003 0.256938618446811 0.327453004314567 0.322027578066281 0.346396422445838 0.375485006261481 0.387100557923013 0.395671977556137 0.400053331993609 0.402418559142315 0.401664186642047 0.391931146202237 0.382881172775545 0.387524698531119 0.396439100113908 0.403879127822115 0.411178615093058 0.417054577633822 0.422885591206136 0.428313953587121 0.431370406422084 0.433483694784368 0.434273451433289 0.433792170143233 0.433380296569243 0.432644673459985 0.431784184216198
-9999 -9999 -9999 -9999 -9999 -9999 -9999 -9999 -9999 -9999 -9999 -9999 -9999 -9999 -9999 -9999 -9999 -9999 -9999 -9999 0.469453035394292 0.468237924258544 0.450453965562026 0.403932945658994 0.360386917640832 0.330445016977027 0.223029907833356 0.0617293614660207 0.0201447477390237 0.114013643289361 0.227334846739329 0.307130834748151 0.310980653526418 0.341350008423408 0.374024636689451 0.386370327073515 0.395225629413519 0.399721507937551 0.402159742946501 0.396254521769159 0.384916118039185 0.385221991949217 0.392718988513161 0.399249920279208 0.406025047700179 0.41261041030874 0.418045592426935 0.42277402851841 0.427472669738991 0.430649875911559 0.431949667055525 0.432240317255275 0.432134311955034 0.432010896754326 0.431661969617366 0.430996617279858
-9999 -9999 -9999 -9999 -9999 -9999 -9999 -9999 -9999 -9999 -9999 -9999 -9999 -9999 -9999 -9999 -9999 -9999 -9999 -9999 0.44728997156676 0.449036528629762 0.447084374564059 0.419582581674072 0.39663483121304 0.386566213717666 0.260330624963785 0.112111483450527 0.0718358135145854 0.101997207146471 0.200758641745198 0.268960057372329 0.297998436576176 0.345537491770316 0.373732362153165 0.385634256182146 0.394075023122019 0.398222313535614 0.401031877285672 0.393757663587412 0.381348266606934 0.385799340794712 0.396436473603985 0.401543737223514 0.407203280484815 0.413021471321695 0.417677545030513 0.421759285799576 0.425932668361223 0.428523089558367 0.429466872273813 0.429719789647726 0.429663233245957 0.429860807415975 0.429856076955449 0.429126372104073
-9999 -9999 -9999 -9999 -9999 -9999 -9999 -9999 -9999 -9999 -9999 -9999 -9999 -9999 -9999 -9999 -9999 -9999 -9999 -9999 0.437391106420519 0.446225396735358 0.455160201831814 0.445926966612109 0.424103280305482 0.339694398868596 0.210046699124697 0.0999499680466467 0.0964972176839806 0.161985483925129 0.205668616944856 0.268049423959297 0.292319205157828 0.34617250111342 0.377013112093901 0.385842342944396 0.392095395759802 0.396448630335854 0.399232896256995 0.395263989456028 0.387031106032988 0.389318434491604 0.397298039240819 0.402335383793742 0.407155690005878 0.412592199961161 0.416808880914181 0.420550836718641 0.424697207039807 0.426714005059827 0.427419145099263 0.427659206070136 0.427445976200703 0.427651245733328 0.427857498972293 0.427574222954463
-9999 -9999 -9999 -9999 -9999 -9999 -9999 -9999 -9999 -9999 -9999 -9999 -9999 -9999 -9999 -9999 -9999 -9999 -9999 -9999 0.448042620343239 0.446817895076331 0.451101803309937 0.436348402530785 0.40455099904847 0.311175238425762 0.176795058228494 0.0791988639584715 0.0836512351125626 0.169116058230601 0.235240558178911 0.277355716709889 0.29418649486813 0.341001955974234 0.37546228216937 0.384866471902128 0.391044198480613 0.395191023135997 0.397767378955372 0.397777825384907 0.394044831193831 0.392689298112074 0.396794134804299 0.401349804073301 0.405684513437545 0.410696745039454 0.414912935133482 0.418735341035357 0.42271699325617 0.424726558449846 0.425422642948413 0.425850380654488 0.425735435116609 0.425797621775909 0.425957142128087 0.425665102701973
-9999 -9999 -9999 -9999 -9999 -9999 -9999 -9999 -9999 -9999 -9999 -9999 -9999 -9999 -9999 -9999 -9999 -9999 -9999 -9999 0.46576916783469 0.458120104136819 0.436594590619483 0.427887030083933 0.404174335433494 0.323651913742532 0.21210260053879 0.102595602426782 0.0943156593697968 0.19841031407147 0.26517099811431 0.28707870364014 0.292468255225801 0.323562863351418 0.366871612876056 0.384003396293943 0.391037531713197 0.393972089325714 0.396026765581363 0.398082445626547 0.398320244030858 0.396643592790263 0.397610543726124 0.400251607499542 0.403511451473525 0.407116581268628 0.409803998201368 0.414471519713935 0.419175730819144 0.421241807877994 0.422493672603761 0.42326271155335 0.423372892427038 0.423520554610042 0.423594314805428 0.423421239805589
-9999 -9999 -9999 -9999 -9999 -9999 -9999 -9999 -9999 -9999 -9999 -9999 -9999 -9999 -9999 -9999 -9999 -9999 -9999 -9999 0.456695797466027 0.453989040065141 0.443175950480877 0.42380486050432 0.379423840625338 0.311588994525099 0.222139240413111 0.0903423830869201 0.0983229873783065 0.233290097942023 0.28583449642109 0.292636028990427 0.291196370663106 0.306100004580045 0.348255835778462 0.381184145764748 0.390673274273042 0.393120182911708 0.394596048329921 0.396322559940829 0.397186402952504 0.396106580563017 0.396243143698768 0.397968439404362 0.400285769137835 0.402810715228035 0.405384552080636 0.410618015444475 0.415167938073181 0.417212947039024 0.418807112554892 0.420016058007781 0.420388711850906 0.420869151749704 0.421426698412034 0.421748386418352
