layers/veg/veg5700.asc
NCOLS 255 
NROWS 330 
XLLCORNER -2985163.8955 
YLLCORNER -3022031.214 
CELLSIZE 25000 
NODATA_value -9999 
[rows 250 to 274 of 330, columns 56 to 111 of 255]
-9999 -9999 -9999 -9999 -9999 -9999 -9999 -9999 -9999 -9999 -9999 -9999 -9999 -9999 -9999 -9999 -9999 0.6509510376556 0.660149178742106 0.675848296050478 0.668950526951985 0.636229342008933 0.585238352654927 0.55323550848636 0.536983983931956 0.526911409988381 0.532360192800856 0.534444683618715 0.531558810427883 0.518407050537276 0.493574818715218 0.484574395537714 0.473101044165031 0.447709591993876 0.435058267196872 0.441793835693999 0.438123077005351 0.4307560199296 0.421575584273602 0.411044570485697 0.401268554718314 0.400584606571449 0.405372961818251 0.407513393040838 0.406077129340617 0.409636765573277 -9999 -9999 -9999 0.379155710755415 0.379317363248952 0.380767402486901 0.381159840861584 0.381259971116397 0.380740310188207 -9999
-9999 -9999 -9999 -9999 -9999 -9999 -9999 -9999 -9999 -9999 -9999 -9999 -9999 -9999 -9999 -9999 -9999 0.677006809503989 0.679139668023119 0.694239360798379 0.687617981211926 0.665301932729878 0.632637651256309 0.591557420803902 0.57791716163358 0.593066687846872 0.57482186304401 0.553204392532058 0.548329887147937 0.534342456489964 0.517928319653669 0.525854685556177 0.519512653828742 0.494263639773745 0.477875824048255 0.465983251087795 0.450806437056418 0.428880205756588 0.405482959851521 0.387448763825758 0.373384405177696 0.380819127437523 0.399122208677322 0.412308571662638 0.416949681417773 0.416736754564281 0.419134365155532 -9999 -9999 -9999 -9999 -9999 -9999 -9999 -9999 -9999
-9999 -9999 -9999 -9999 -9999 -9999 -9999 -9999 -9999 -9999 -9999 -9999 -9999 -9999 -9999 -9999 -9999 0.688409219143098 0.697611543004886 0.705764915951531 0.700831467048454 0.680000144501299 0.652101171145474 0.598379028531739 0.563924086751509 0.587962459679671 0.589788014651879 0.571547988955199 0.556011225204936 0.546789811385336 0.536881823102515 0.539560024720469 0.534758738071191 0.51564383562161 0.496351916065536 0.476614605653522 0.454596575132004 0.43375306995176 0.414726882560048 0.39013591516915 0.370530878340376 0.383001066272711 0.408811547071345 0.422506235714587 0.425393595225524 0.426375445007729 0.429514950326302 -9999 -9999 -9999 -9999 -9999 -9999 -9999 -9999 -9999
-9999 -9999 -9999 -9999 -9999 -9999 -9999 -9999 -9999 -9999 -9999 -9999 -9999 -9999 -9999 -9999 -9999 0.712845068625963 0.710451315905045 0.718135726392286 0.716586358219773 0.684328937121041 0.65120495567595 0.637679243533574 0.61840152053007 0.57588412883939 0.551956307532678 0.574291025238362 0.553968831848084 0.541060913435142 0.544672159080035 0.545353212737948 0.535428052067662 0.52028434045281 0.505184518314455 0.483921007459924 0.464714029730347 0.445808374847483 0.425473733614816 0.404759589679141 0.392873566544732 0.405601462258442 0.426985352940418 0.436627137561883 0.434463136442371 0.434369243842128 0.440105443919626 -9999 -9999 -9999 -9999 -9999 -9999 -9999 -9999 -9999
-9999 -9999 -9999 -9999 -9999 -9999 -9999 -9999 -9999 -9999 -9999 -9999 -9999 -9999 -9999 -9999 -9999 0.744673560121841 0.740705028910925 0.741019693497001 0.730580186841711 0.71292644181794 0.690868213447325 0.660541844501014 0.630063024222267 0.602612580989693 0.584676780289805 0.596299174760526 0.596227285998376 0.575732603729837 0.55736602782432 0.543573634434395 0.528681921812196 0.510017616909655 0.510063117627177 0.492128458825354 0.47471162086061 0.466787067253124 0.456985480209584 0.459880819451029 0.454776282870637 0.447745033859377 0.448175829790226 0.449188518877123 0.449170027487615 0.449624839857171 0.456211289623308 -9999 -9999 -9999 -9999 -9999 -9999 -9999 -9999 -9999
-9999 -9999 -9999 -9999 -9999 -9999 -9999 -9999 -9999 -9999 -9999 -9999 -9999 -9999 -9999 -9999 -9999 0.766625637407496 0.763692092456555 0.76147272186374 0.719989274956822 0.707438955171293 0.695351880637759 0.688773282629328 0.68000851067606 0.655141007081838 0.637507943290048 0.642528419120543 0.635801384606056 0.624769850912481 0.600961226391707 0.574874251394107 0.549099421721752 0.515849491376055 0.495884122424664 0.482206527094095 0.474264946886867 0.468013698607556 0.464750954776383 0.481259047040282 0.486962794083543 0.478456024119606 0.47123698671443 0.472693140927333 0.472048482446566 0.471910947950111 0.474278245452321 0.474254353711205 -9999 -9999 0.453964128795617 0.44947273723862 -9999 -9999 -9999 -9999
-9999 -9999 -9999 -9999 -9999 -9999 -9999 -9999 -9999 -9999 -9999 -9999 -9999 -9999 -9999 -9999 0.755339533012806 0.768201595852855 0.783923845359628 -9999 0.746965572206527 0.746842518383932 0.722858369299483 0.671139159316867 0.670483509783859 0.6741832797271 0.666697727781852 0.667367710762817 0.656256418618501 0.640288476202677 0.623186492946671 0.599979262236782 0.562576424630979 0.521073755217158 0.495618231797169 0.481214757314565 0.484169675924973 0.488390881841011 0.490725133745546 0.502026484716343 0.504116838627492 0.495433492768378 0.488479995319273 0.488786859358655 0.486999115141127 0.484393755976247 0.481471998126998 0.475333134045127 0.47073725895967 0.465455790047274 0.459347262391427 0.460470132473315 -9999 -9999 -9999 -9999
-9999 -9999 -9999 -9999 -9999 -9999 -9999 -9999 -9999 -9999 -9999 -9999 -9999 -9999 -9999 -9999 0.729134514840895 0.750275821709982 0.785411380297897 0.796728433901394 -9999 0.768798326740494 0.717534467465229 0.663789142764363 0.683712010370924 0.707685025672147 0.695350633049837 0.691384680899925 0.688420133457727 0.659452145092883 0.640341050408277 0.637759331806131 0.611380860759299 0.578747512306332 0.55244877812308 0.541629465633023 0.529557447015961 0.51197271442741 0.511167027222976 0.525809455777607 0.535181345861389 0.527549548328377 0.518701797092438 0.516326597506732 0.50992286845518 0.501299672708517 0.494637887037946 0.485978436120634 0.474603866224186 0.471229457492144 0.472256730451247 0.473410307322993 -9999 -9999 -9999 -9999
-9999 -9999 -9999 -9999 -9999 -9999 -9999 -9999 -9999 -9999 -9999 -9999 -9999 -9999 -9999 -9999 0.738787240999132 0.757930071385506 0.790719806291145 -9999 -9999 0.766052726775432 0.782932516692512 0.752129137165333 0.716949760090213 0.736668992293823 0.708292080447961 0.700138639920899 0.714573382987497 0.693275602219071 0.678080972433349 0.671212580948995 0.638637404621913 0.595967953728082 0.559251183718895 0.554273639166428 0.543704750075004 0.532229330645643 0.536735537427725 0.558410022368732 0.579364335546873 0.565776213387179 0.547454284116974 0.537443268926524 0.52737552121423 0.514949974137731 0.512236405350247 0.510758238659716 0.5020400829449 0.492290922176725 0.482329037368606 0.482254661483677 -9999 -9999 -9999 -9999
-9999 -9999 -9999 -9999 -9999 -9999 -9999 -9999 -9999 -9999 -9999 -9999 -9999 -9999 -9999 -9999 0.775790676770745 0.779974464072075 0.802356487440289 -9999 0.775109853165699 0.76065939527086 0.73439996907708 0.704858134988825 0.69708102751296 0.702614667798486 0.701412533548208 0.704837303036589 0.71020048055295 0.687057542278166 0.67407260457197 0.678215813113639 0.652336877349011 0.619895272662227 0.607186552104168 0.579003110145132 0.563533326031213 0.573292753176981 0.580995092311014 0.594143606810889 0.596772663954714 0.581699697501775 0.560471645740168 0.5450517674715 0.534440774960319 0.525980500066442 0.521085295252966 0.512083415786276 0.503003318988627 0.500503382299584 -9999 -9999 -9999 -9999 -9999 -9999
-9999 -9999 -9999 -9999 -9999 -9999 -9999 -9999 -9999 -9999 -9999 -9999 -9999 -9999 -9999 -9999 0.813676221283624 0.813054853404946 0.812947129363854 -9999 0.803959798534515 0.790768975683527 0.759013892327279 0.732135695684423 0.722538984771342 0.734455557188277 0.745294144764029 0.733063554991569 0.738983523021717 0.720665137444807 0.678928749918345 0.65297810849893 0.655181212169641 0.652300250432042 0.637282726258409 0.62143972572145 0.611435169474651 0.618463190772274 0.61818850610082 0.613863080547423 0.601577112081549 0.585649416405173 0.56695993613669 0.554969354051633 0.546448061024829 0.538969115142308 0.532044430919985 0.525160138055119 0.522466945234824 -9999 -9999 -9999 -9999 -9999 -9999 -9999
-9999 -9999 -9999 -9999 -9999 -9999 -9999 -9999 -9999 -9999 -9999 -9999 -9999 -9999 -9999 -9999 0.815572091673446 0.815300916429345 0.818779624939481 -9999 0.822913581122596 0.803516845548585 0.775438905189425 0.747387297422697 0.717302242136997 0.735475563149881 0.760995821554956 0.725008391022047 0.717322850985242 0.721110527849821 0.697778621868351 0.679301673731265 0.673502531059693 0.663172990277552 0.647430966567563 0.659310457820307 0.655359252030431 0.642711966566572 0.627318360410511 0.611589961243804 0.600146977929007 0.588947767311807 0.577489306382552 0.571390064531265 0.555767772793704 0.536777751479247 0.532137264441673 -9999 -9999 -9999 -9999 -9999 -9999 -9999 -9999 -9999
-9999 -9999 -9999 -9999 -9999 -9999 -9999 -9999 -9999 -9999 -9999 -9999 -9999 -9999 -9999 -9999 -9999 0.823093414413772 0.826679171563993 -9999 0.839788411718366 0.7991598874113 0.789773343643849 0.796101890827852 0.731369657251035 0.733464922776525 0.746452386453593 0.726018781614717 0.728831805126297 0.723358499048699 0.70561799363916 0.696385909347506 0.680586134248989 0.664632131140537 0.656584953049601 0.665955181219918 0.66273127613659 0.646580944745034 0.628059559848747 0.613891673278873 0.602599072621122 0.592603295497485 0.584093342445018 0.574196250413634 0.554867913476881 0.549499441375694 -9999 -9999 -9999 -9999 -9999 -9999 -9999 -9999 -9999 -9999
-9999 -9999 -9999 -9999 -9999 -9999 -9999 -9999 -9999 -9999 -9999 -9999 -9999 -9999 -9999 -9999 -9999 -9999 -9999 -9999 0.844917657936971 0.810700229330835 0.791109216332931 0.794074853221894 0.76548927151762 0.753371997067325 0.747179546912643 0.738930454962363 0.730767369943785 0.73024727819905 0.717944103971992 0.713505028525337 0.700265455503971 0.69357917169749 0.701360050082887 0.688889983912572 0.671598232989613 0.656036472253914 0.64234916113583 0.625254772328235 0.608094673780463 0.596837388606294 0.581341243265878 0.565914670696528 0.555596013172441 0.552142771986654 0.557305252087517 -9999 -9999 -9999 -9999 -9999 -9999 -9999 -9999 -9999
-9999 -9999 -9999 -9999 -9999 -9999 -9999 -9999 -9999 -9999 -9999 -9999 -9999 -9999 -9999 -9999 -9999 -9999 -9999 -9999 0.842229606511777 0.834729689699892 0.811803004800648 0.775832187495733 0.735481558193775 0.746072682047094 0.762300895816527 0.746055595986298 0.740115273242729 0.733277402610469 0.713600115758205 0.71169505167836 0.705231591418266 0.698724936917085 0.702432490231439 0.686756045881662 0.662506666227846 0.649938086835294 0.645244304528833 0.634557372426744 0.620126039539344 0.604372027035615 0.586314992241226 0.569252967695222 0.559469028209547 0.558601425384384 0.565785972444986 -9999 -9999 -9999 -9999 -9999 -9999 -9999 -9999 -9999
-9999 -9999 -9999 -9999 -9999 -9999 -9999 -9999 -9999 -9999 -9999 -9999 -9999 -9999 -9999 -9999 -9999 -9999 -9999 -9999 0.82930672745539 0.819928917836697 0.837316912543991 0.819836107841887 0.768889428263186 0.774410451320428 0.768801108032948 0.763680193055465 0.760064534262203 0.742968417416008 0.719962224877557 0.699536260793434 0.689845644746832 0.69278929111857 0.696269166479474 0.680319195542184 0.65783259015178 0.649276079727709 0.64359985468696 0.633230721300476 0.616896101777849 0.601559339149454 0.582200113259326 0.569837411771212 0.562440080748626 0.56323920459416 0.569604607825288 -9999 -9999 -9999 -9999 -9999 -9999 -9999 -9999 -9999
-9999 -9999 -9999 -9999 -9999 -9999 -9999 -9999 -9999 -9999 -9999 -9999 -9999 -9999 -9999 -9999 -9999 -9999 0.86988431655841 0.862886354522158 0.843516046482118 0.824547621764999 0.804166267435379 0.795846700127074 0.766752024982218 0.763319278467433 0.777908916929273 0.7652236116469 0.764942277531601 0.763753832701361 0.745540584690521 0.727068774260317 0.704083352870444 0.698525063766727 0.700937915878955 0.673831115633184 0.660391837998209 0.662707221500524 0.654445943576997 0.637261848769747 0.621923153977648 0.605038080549798 0.583476782556408 0.575232649231615 0.575366293462693 0.580914749796614 -9999 -9999 -9999 -9999 -9999 -9999 -9999 -9999 -9999 -9999
-9999 -9999 -9999 -9999 -9999 -9999 -9999 -9999 -9999 -9999 -9999 -9999 -9999 -9999 -9999 -9999 -9999 -9999 0.86802493136021 0.871484794743024 0.868494163022185 0.845290258890779 0.817990430764708 0.812030012318912 0.787379625230059 0.778693561598201 0.768101101541374 0.762121169173779 0.773332193114404 0.773769973290522 0.760977632425314 0.737031881221999 0.706925459411133 0.703911927576619 0.712709734850051 0.697857142807545 0.682337769126225 0.667129156759266 0.652333698921319 0.637889477662057 0.618131393290435 0.600515726869395 0.601828612570139 0.602655731188158 0.59708055332287 0.593889771491509 -9999 -9999 -9999 -9999 -9999 -9999 -9999 -9999 -9999 -9999
-9999 -9999 -9999 -9999 -9999 -9999 -9999 -9999 -9999 -9999 -9999 -9999 -9999 -9999 -9999 -9999 -9999 -9999 0.850500676659091 0.872727374019648 0.865827737232097 0.828362918070002 0.803742188007958 0.794537008271054 0.78881864049149 0.773235974617456 0.749386315644042 0.736585260514775 0.760859367109335 0.773363677428695 0.756616648746613 0.729678702320897 0.709311173640343 0.708983478142515 0.708841773007874 0.695362217250275 0.682338321585322 0.661066761456038 0.644548331036304 0.633611888607118 0.613234246634538 0.6047336812109 0.613528402645415 0.608182519570419 0.596564945760313 0.588358660527386 -9999 -9999 -9999 -9999 -9999 -9999 -9999 -9999 -9999 -9999
-9999 -9999 -9999 -9999 -9999 -9999 -9999 -9999 -9999 -9999 -9999 -9999 -9999 -9999 -9999 0.833708891285963 -9999 0.847148823718874 0.86036612697259 0.875729840595042 0.838357998245348 0.826112005521089 0.804134673239247 0.790585547758496 0.780920048737212 0.771551761629067 0.76378758599218 0.764256269277601 0.769566299700996 0.766505159480353 0.756899799399086 0.743131126249699 0.719382629826058 0.709031641267846 0.70577855829991 0.685453939309172 0.665907345915427 0.649250085351617 0.642060714733322 0.625804557954909 0.61752760847378 0.625065159945106 0.62772408765007 -9999 -9999 -9999 -9999 -9999 -9999 -9999 -9999 -9999 -9999 -9999 -9999 -9999
-9999 -9999 -9999 -9999 -9999 -9999 -9999 -9999 -9999 -9999 -9999 -9999 -9999 -9999 -9999 -9999 -9999 0.854673306955391 0.856671896264927 0.855470170952564 0.849693701234405 0.820683157002877 0.789456876421472 0.779750312633112 0.768148911692872 0.78202632155149 0.79326764198297 0.769669966317242 0.764091557851248 0.760788388652687 0.755186864064858 0.744066943955189 0.718919597929171 0.708611736022427 0.713513652982501 0.695975696766358 0.672744218086563 0.652877264462551 0.628348995575564 0.62093220371637 0.631541810079065 -9999 -9999 -9999 -9999 -9999 -9999 -9999 -9999 -9999 -9999 -9999 -9999 -9999 -9999 -9999
-9999 -9999 -9999 -9999 -9999 -9999 -9999 -9999 -9999 -9999 -9999 -9999 -9999 -9999 -9999 -9999 -9999 0.836925182397342 0.848469323545452 -9999 0.857224369416967 0.843015504766018 0.813709273647878 0.811726145615098 0.791272966943588 0.76862112857605 0.765315646024172 0.762479124635845 0.761777936220184 0.760220691926374 0.750330738128145 0.738389898372287 0.715339013447136 0.704134237151164 0.711258653192628 0.692141336271027 0.661956255048573 0.63025189755973 0.614091259996429 0.618643334967516 -9999 -9999 -9999 -9999 -9999 -9999 -9999 -9999 -9999 -9999 -9999 -9999 -9999 -9999 -9999 -9999
-9999 -9999 -9999 -9999 -9999 -9999 -9999 -9999 -9999 -9999 -9999 -9999 -9999 -9999 -9999 -9999 -9999 0.840507636686711 0.850502941704993 -9999 0.827335067404298 0.819620570577956 0.809484151970279 0.807428517427893 0.807897126186875 0.788122500970564 0.761040822759032 0.753004200339103 0.752363343065724 0.750105432823078 0.741039367790006 0.728881548344762 0.710401060928911 0.695599993270745 0.68965693273846 0.670314352880466 0.638467609082346 0.620771254800778 0.625222565074387 0.633093076685957 -9999 -9999 -9999 -9999 -9999 -9999 -9999 -9999 -9999 -9999 -9999 -9999 -9999 -9999 -9999 -9999
-9999 -9999 -9999 -9999 -9999 -9999 -9999 -9999 -9999 -9999 -9999 -9999 -9999 -9999 -9999 0.83596405927404 0.817121820623188 0.81939730207694 0.827699718414656 -9999 0.853472593028061 0.798237566802049 0.755239135738539 0.752303172853358 0.728774601399736 0.720315743328583 0.746253179212827 0.735451212981004 0.729864893458725 0.728884169336301 0.720105081049036 0.710816630465054 0.70153770981872 0.689968875388266 0.671689366473324 0.649249912866287 0.648397860205699 0.654142067396382 0.64347524987938 0.636815682543484 -9999 -9999 -9999 -9999 -9999 -9999 -9999 -9999 -9999 -9999 -9999 -9999 -9999 -9999 -9999 -9999
-9999 -9999 -9999 -9999 -9999 -9999 -9999 -9999 -9999 -9999 -9999 -9999 -9999 -9999 0.841533095141044 0.835170533261006 0.817095182539693 0.808680395470687 0.828085581743985 0.859845203479325 0.835720581026822 0.775963703358843 0.778835771502552 0.77606155873943 0.725976236710173 0.710017439964779 0.709373170181631 0.715068683589193 0.717859023905567 0.718746201684257 0.711961450056264 0.69911690810721 0.687044397302051 0.677300792706923 0.662034175869984 0.64791433330129 0.652489247274753 0.650818662667873 0.637166396765613 0.614334923420165 -9999 -9999 -9999 -9999 -9999 -9999 -9999 -9999 -9999 -9999 -9999 -9999 -9999 -9999 -9999 -9999
