layers/veg/veg5900.asc
NCOLS 255 
NROWS 330 
XLLCORNER -2985163.8955 
YLLCORNER -3022031.214 
CELLSIZE 25000 
NODATA_value -9999 
[rows 175 to 199 of 330, columns 56 to 111 of 255]
-9999 -9999 -9999 -9999 -9999 -9999 -9999 -9999 -9999 -9999 -9999 -9999 -9999 -9999 -9999 -9999 -9999 -9999 -9999 -9999 -9999 -9999 0.458410438218342 0.384558406436037 0.316574316484687 0.351635998914057 0.352004606306922 0.272518961854811 0.212488182808061 0.179357152565636 0.122047410846798 0.113711877961499 0.120488306798535 0.148728668392135 0.165543626489154 0.144267593709087 0.124697090246167 0.119812031624748 0.101838751463004 0.11491745793776 0.189972582763202 0.267879881568481 0.360824482104133 0.431713086881119 0.433733519868759 0.415922578901803 0.442669747032758 0.476222577501591 0.489816583102483 0.494662341718665 0.496241503226048 0.49684371233254 0.497035252573636 0.497335124640893 0.497335001853914 0.497007315542115
-9999 -9999 -9999 -9999 -9999 -9999 -9999 -9999 -9999 -9999 -9999 -9999 -9999 -9999 -9999 -9999 -9999 -9999 -9999 -9999 -9999 -9999 -9999 0.402000419985988 0.315945481542542 0.319268110924681 0.307680016388263 0.233269514713472 0.182900569843225 0.148688427369388 0.106571067399615 0.13145707828277 0.147058278270229 0.173531372280225 0.164580697483929 0.132602309119831 0.111345692848606 0.0892252443657661 0.0776396817173471 0.165850689618656 0.218088206666398 0.267193610513811 0.394415811984769 0.419869397280154 0.426468399099181 0.432277339578357 0.462380608668268 0.480968282495987 0.489445544405177 0.492701898729555 0.494256884698668 0.495270514749327 0.49562920633641 0.496084444016528 0.496277014587992 0.496037227837783
-9999 -9999 -9999 -9999 -9999 -9999 -9999 -9999 -9999 -9999 -9999 -9999 -9999 -9999 -9999 -9999 -9999 -9999 -9999 -9999 -9999 -9999 -9999 0.332601065639567 0.321459378495838 0.314052489071406 0.293799974286962 0.226613609660991 0.170048525763576 0.142676491718828 0.104508723754298 0.0956460683768681 0.110385010725834 0.150308256944188 0.166162720783521 0.143832377885825 0.117756385030454 0.0872320479066173 0.0919619465359741 0.190253473737386 0.195862740209066 0.236629212324661 0.392892442682076 0.418972418039433 0.425904646364784 0.437397798129634 0.470473419738186 0.482731995135583 0.489360288337707 0.492100418625509 0.493663745923202 0.494655743972198 0.495075434821127 0.495509250662739 0.495651951355259 0.495446434005903
-9999 -9999 -9999 -9999 -9999 -9999 -9999 -9999 -9999 -9999 -9999 -9999 -9999 -9999 -9999 -9999 -9999 -9999 -9999 -9999 -9999 -9999 -9999 0.372142754909892 0.356236548420865 0.33961411790309 0.292347533423883 0.188585898300254 0.124267061854368 0.125036717013421 0.086192961717475 0.0735755502409302 0.0892972113619109 0.0943301976458658 0.137513144060283 0.149453035929559 0.110290233973617 0.0889162990170699 0.134994973938741 0.230689820851733 0.240430284256005 0.296091052811059 0.379540695778269 0.394332459499527 0.423272719358132 0.458572843793476 0.472320594187437 0.479983579457121 0.489845154750379 0.491905968788172 0.493131428374526 0.493952220898529 0.49423852034028 0.494533889165048 0.494466559735645 0.49420289064426
-9999 -9999 -9999 -9999 -9999 -9999 -9999 -9999 -9999 -9999 -9999 -9999 -9999 -9999 -9999 -9999 -9999 -9999 -9999 -9999 -9999 -9999 -9999 0.415585778799406 0.389603240400639 0.357127750837738 0.317407591818379 0.230179391488781 0.137868701055314 0.105663391857942 0.101652826826081 0.0834480939062807 0.0682795153502584 0.0884936669682292 0.116424891015006 0.100348733572687 0.0903857473660359 0.106327290332716 0.174463420970087 0.253715915840741 0.283351061712396 0.312286518064773 0.348696272026079 0.365636225320697 0.417910833664373 0.457909357560723 0.46260064417931 0.478187618784724 0.490636821913754 0.492617329027617 0.493201654147079 0.493554781926525 0.493573981242715 0.493653301174515 0.493415294318545 0.493009296608224
-9999 -9999 -9999 -9999 -9999 -9999 -9999 -9999 -9999 -9999 -9999 -9999 -9999 -9999 -9999 -9999 -9999 -9999 -9999 -9999 -9999 -9999 -9999 0.464626202026799 0.41609606944181 0.37367550045864 0.312320672106282 0.222302488717463 0.13514858439496 0.106661648512322 0.108417551575706 0.0915472413377345 0.0842426550573051 0.126336893562874 0.120491842309276 0.0629014006180294 0.0734126023073181 0.0744378758418416 0.12893003367313 0.246344314620913 0.30352022282059 0.319763394297179 0.347895970312822 0.396581473963516 0.438042363882379 0.460170280374987 0.471943619921921 0.482306167782237 0.491818771656095 0.493476405315218 0.493593205571836 0.493504295021551 0.493266906350554 0.493140323355138 0.492775710771152 0.492239177922948
-9999 -9999 -9999 -9999 -9999 -9999 -9999 -9999 -9999 -9999 -9999 -9999 -9999 -9999 -9999 -9999 -9999 -9999 -9999 -9999 -9999 -9999 -9999 0.465515381672452 0.417583107928908 0.382420196688961 0.330218632105573 0.231017532879742 0.142891677149297 0.117327845575325 0.0975599466318897 0.0822964901116349 0.110873143400793 0.13548558692825 0.127356727134794 0.100493532236963 0.0589044088688859 0.0509124431119574 0.10818221566883 0.179875759697852 0.27043613090491 0.334184712136712 0.358818046731556 0.416810083625714 0.420851899159671 0.442556419735907 0.476272465353771 0.485628471763403 0.492099194614118 0.494033377649233 0.493784146537536 0.493255951541881 0.492750676925707 0.492456372656214 0.491861521228366 0.491084656188133
-9999 -9999 -9999 -9999 -9999 -9999 -9999 -9999 -9999 -9999 -9999 -9999 -9999 -9999 -9999 -9999 -9999 -9999 -9999 -9999 -9999 -9999 -9999 0.447227967978343 0.443367639665576 0.419670890689843 0.356617014565192 0.240068778384741 0.154304507315738 0.10311561282071 0.0506923113997707 0.0443978940741372 0.0775589798975196 0.117946046077247 0.138649571592299 0.149179520839238 0.0987246897823993 0.0680796995121098 0.0687264612277637 0.0996731799014477 0.230176000046195 0.335428816433277 0.376799986234782 0.407156423161886 0.39429616303194 0.448745391509838 0.479617831223765 0.488830067482905 0.493754226957082 0.495191860584595 0.494491039406861 0.493513175545594 0.492659390910376 0.491979295312329 0.491083954895007 0.490140002924395
-9999 -9999 -9999 -9999 -9999 -9999 -9999 -9999 -9999 -9999 -9999 -9999 -9999 -9999 -9999 -9999 -9999 -9999 -9999 -9999 -9999 -9999 -9999 0.446330503317632 0.438212101112352 0.420154303924841 0.357946101738163 0.247133993741554 0.176268175211646 0.123933189422363 0.0672809680305748 0.0509551778004431 0.0737499719053596 0.116224053712854 0.141074354027953 0.156391761821277 0.115991957548524 0.104475293713661 0.0866087791217536 0.0973634998199324 0.23101376159076 0.326041584437126 0.364466546092241 0.42099842823101 0.404536676382785 0.440654917962919 0.48066006895119 0.489160653842835 0.493935636020096 0.495128464435544 0.494337083922679 0.493178728378152 0.492102499831062 0.49120094305604 0.490163607698997 0.488997601921593
-9999 -9999 -9999 -9999 -9999 -9999 -9999 -9999 -9999 -9999 -9999 -9999 -9999 -9999 -9999 -9999 -9999 -9999 -9999 -9999 -9999 -9999 -9999 0.449642626308258 0.443678477879955 0.423225155651652 0.353505603855614 0.230655917012154 0.162559034491115 0.109043385959661 0.043679877153995 0.0283708002201318 0.0443699669461014 0.091762492790425 0.164589783835386 0.164609946265291 0.148010299163388 0.161034845263346 0.143853085750934 0.168232699801056 0.247633401939189 0.284353897798985 0.330957767058645 0.435321935417616 0.448583848062113 0.472126486093201 0.486412708640922 0.492527352188665 0.495056358524491 0.495233800824228 0.49444395697756 0.493033621674325 0.491675672002395 0.490343563374402 0.488641401371362 0.487015854253433
-9999 -9999 -9999 -9999 -9999 -9999 -9999 -9999 -9999 -9999 -9999 -9999 -9999 -9999 -9999 -9999 -9999 -9999 -9999 -9999 -9999 -9999 -9999 0.464898828103153 0.405539020397873 0.38163321842883 0.327719985951461 0.19401596416277 0.122120735311797 0.103821852064767 0.0652229355784402 0.0386882834971505 0.031882577763584 0.0731670066301773 0.113612138775408 0.124101163618916 0.152648995933588 0.156172795091735 0.173869331680161 0.22655252137492 0.21594573121413 0.248293400372933 0.378465096490774 0.461586162724221 0.477693413762623 0.483223293142661 0.490452473917389 0.494425560672728 0.496112836020506 0.495505956722099 0.494276131928054 0.492728578922247 0.491299777215576 0.489800715185822 0.487033929051616 0.484985589953144
-9999 -9999 -9999 -9999 -9999 -9999 -9999 -9999 -9999 -9999 -9999 -9999 -9999 -9999 -9999 -9999 -9999 -9999 -9999 -9999 -9999 -9999 0.492278816374599 0.459742492938657 0.40657386845837 0.360446024743259 0.286666221467534 0.198485610230835 0.134422635845748 0.0927919089427742 0.0544669872342401 0.0485852756896801 0.0696040687289078 0.147365768793124 0.141479633459546 0.0838867569336043 0.158402558343497 0.231607714204454 0.255925354126291 0.269949313146798 0.196029947373996 0.230020732241336 0.42816606105721 0.48257429942122 0.481551358897269 0.483960768892664 0.489345356250153 0.493586622029558 0.496682258181895 0.49575661613328 0.494300310698402 0.492602622806089 0.49104274524689 0.489234541524847 0.486114121430955 0.483612269584621
-9999 -9999 -9999 -9999 -9999 -9999 -9999 -9999 -9999 -9999 -9999 -9999 -9999 -9999 -9999 -9999 -9999 -9999 -9999 -9999 -9999 -9999 0.491899540397817 0.458104351586949 0.402345036036639 0.366287406485263 0.317303005385553 0.215532640785317 0.122611343545986 0.0753065602426079 0.0157418543007499 0 0.0422400055141881 0.164636459538525 0.241221649607124 0.191411112915987 0.229087862216922 0.295149173774419 0.271403033105955 0.229322262880447 0.199025546890395 0.317594640625277 0.464723637462668 0.484392734713303 0.48394836850799 0.48468860228414 0.487469590880649 0.49159508495862 0.495861995325701 0.495123608923434 0.493676899098648 0.49178038104603 0.489846018851256 0.487836205302973 0.484737293330289 0.481640143635595
-9999 -9999 -9999 -9999 -9999 -9999 -9999 -9999 -9999 -9999 -9999 -9999 -9999 -9999 -9999 -9999 -9999 -9999 -9999 -9999 -9999 -9999 0.500542807102136 0.487169746812766 0.456892508875067 0.415569537616169 0.317752296805201 0.197239083776452 0.106807568724533 0.0505520587362069 0.0343704336929231 0.0125874467846942 0.0558583577819178 0.191913755082556 0.308031944956121 0.274948184738159 0.262549384775441 0.329771963490637 0.326605297953684 0.327414588760504 0.315456223232662 0.38015488154294 0.468866515827892 0.484823145240935 0.485829483941506 0.48485321939639 0.486323797672134 0.491238923713019 0.494462592319212 0.494604303169258 0.493324351693159 0.491145103318706 0.489092991373099 0.486830039073778 0.482947286181729 0.479517645653926
-9999 -9999 -9999 -9999 -9999 -9999 -9999 -9999 -9999 -9999 -9999 -9999 -9999 -9999 -9999 -9999 -9999 -9999 -9999 -9999 -9999 -9999 0.50491827939057 0.4795263729821 0.443205905053752 0.395161269162253 0.297779463045271 0.188326062457671 0.114917705179344 0.0595173555959589 0.0354802916788087 0.0361361478676792 0.048709451783415 0.170518616157434 0.304977375052112 0.292028438483078 0.286810709841866 0.330643355714019 0.351946964794279 0.377433025880537 0.345008120064476 0.373669390111153 0.461877126239965 0.482757426800394 0.481534381994629 0.478282751774031 0.482561851703626 0.490246629481335 0.493079817799258 0.493408676787496 0.492264121443304 0.490204058093794 0.488144140346303 0.485787461127253 0.482055475470168 0.478780666922195
-9999 -9999 -9999 -9999 -9999 -9999 -9999 -9999 -9999 -9999 -9999 -9999 -9999 -9999 -9999 -9999 -9999 -9999 -9999 -9999 -9999 0.502237147013086 0.500634547973444 0.466209582677172 0.420251114936129 0.374747703787332 0.288447496980863 0.184402497814814 0.102539713583706 0.0287382239868937 0.0162947972372374 0.053507122021718 0.0910782707771914 0.190704492629591 0.2896779444063 0.333714413775472 0.37024909980005 0.410733603675407 0.422496002790538 0.428785217075915 0.352700608751692 0.327995402175135 0.436052160802357 0.47305464336738 0.468688515652543 0.466426710863458 0.477325010315628 0.487558946489882 0.491772361716794 0.49180726990215 0.490960176829601 0.489299636493803 0.487174296279865 0.484707874859789 0.482449449307658 0.480711594867257
-9999 -9999 -9999 -9999 -9999 -9999 -9999 -9999 -9999 -9999 -9999 -9999 -9999 -9999 -9999 -9999 -9999 -9999 -9999 -9999 -9999 0.479979465463129 0.484092160214845 0.464189879668907 0.405329155263365 0.344300214205483 0.277750859609121 0.189047156833123 0.106796686202121 0.0247449647556363 0.035874406810029 0.0938585757145429 0.116866014692113 0.175614989787578 0.283062453414369 0.36399659522007 0.379455224165893 0.418172761653305 0.428754047649208 0.427329362681543 0.320102114862517 0.286621676993738 0.420353079093503 0.456407946387088 0.457414068707816 0.46455418517449 0.480208776673125 0.488044622723493 0.491002250510065 0.490806832644128 0.489880789333043 0.487991137560604 0.486015975265134 0.483914343244273 0.481733555484377 0.479613207615737
-9999 -9999 -9999 -9999 -9999 -9999 -9999 -9999 -9999 -9999 -9999 -9999 -9999 -9999 -9999 -9999 -9999 -9999 -9999 -9999 -9999 0.470988239070845 0.469045927045406 0.446092444441314 0.374352673278401 0.296096037642233 0.24783765506349 0.162528643039964 0.0853680693395088 0.0731495838654708 0.0918451709112471 0.14230823176908 0.166507009677406 0.173939528276718 0.243390999145973 0.37414241985466 0.397558855934825 0.415284620619698 0.429111386514891 0.421715640985774 0.295376194252996 0.258036271930084 0.389721374526178 0.427655142035458 0.458538324034365 0.469267598875504 0.483317090220907 0.489625208670942 0.490873941712736 0.490128458784345 0.489060298965305 0.487119923561627 0.48499763730444 0.482445621997498 0.479578968527435 0.477281597165348
-9999 -9999 -9999 -9999 -9999 -9999 -9999 -9999 -9999 -9999 -9999 -9999 -9999 -9999 -9999 -9999 -9999 -9999 -9999 -9999 -9999 0.478870060954058 0.469364520800818 0.428682110686428 0.366169398378264 0.26954126517454 0.160139207484908 0.094626067043571 0.080348973093797 0.084065108254663 0.129459081778137 0.204196100888544 0.242478617279145 0.203549736230012 0.217030251259041 0.346708187186581 0.351241240577149 0.369967785548052 0.422194144735733 0.396884350871432 0.316863312269407 0.330047238950992 0.413432849877943 0.440438075130412 0.466195764437828 0.473243475546188 0.483280576144126 0.489201661171439 0.489501664558478 0.488525460251286 0.487405368708415 0.485429853268226 0.483321543063539 0.480867452389895 0.477566705952648 0.474587548941225
-9999 -9999 -9999 -9999 -9999 -9999 -9999 -9999 -9999 -9999 -9999 -9999 -9999 -9999 -9999 -9999 -9999 -9999 -9999 -9999 -9999 0.449921626884498 0.453564056595569 0.403950008340759 0.332795095274973 0.243906800532211 0.124202939547936 0.0669282554817813 0.0749635806870282 0.0874370497841611 0.158366945150368 0.248852633673726 0.288668229179715 0.226325923969832 0.198934586635524 0.313768350840796 0.285213167941486 0.30552410166036 0.406479593759333 0.381810053057026 0.384015754912392 0.428665658377888 0.424755076060928 0.450962662345489 0.47082282561811 0.475754132072269 0.48359340833518 0.488433812297702 0.487875682179412 0.486545885601732 0.485522851119375 0.48368025339475 0.48151488455395 0.479097539026921 0.475593993260572 0.472315182072194
-9999 -9999 -9999 -9999 -9999 -9999 -9999 -9999 -9999 -9999 -9999 -9999 -9999 -9999 -9999 -9999 -9999 -9999 -9999 -9999 -9999 0.440093911697927 0.413918111368232 0.393130828237035 0.310818978272452 0.210046568071245 0.117953283323094 0.0599069130413662 0.0745961487193839 0.111074663411526 0.156490651386886 0.225222366554654 0.287033062070126 0.227869146795904 0.167861621444141 0.263768830947335 0.283896573516977 0.311688637796912 0.388858573515078 0.433893852205355 0.462199352848424 0.451435277118342 0.438419286251406 0.456136685335085 0.471733438976715 0.477249199795126 0.484863596994831 0.487205349977937 0.484030426589793 0.481805404504977 0.482897615030941 0.482585216497659 0.48053418765423 0.477957027840025 0.474398107960298 0.470982937748773
-9999 -9999 -9999 -9999 -9999 -9999 -9999 -9999 -9999 -9999 -9999 -9999 -9999 -9999 -9999 -9999 -9999 -9999 -9999 -9999 0.469215309381351 0.434149262376516 0.400182828240799 0.361286060941949 0.270413885610399 0.230189925536736 0.149632493752536 0.0537363192855805 0.0973621182191079 0.143259323037644 0.164558670687275 0.207051659753608 0.280853399111984 0.247998648092382 0.173600692441497 0.269647576878993 0.333285424350096 0.349207012937779 0.394533364392274 0.450199119128437 0.463646849272689 0.46605306775015 0.461843582082367 0.463430171877063 0.473112091851196 0.478162900230376 0.484090942724508 0.480598506757101 0.46893385202282 0.46209275091381 0.470474705947349 0.479801589058954 0.478690375229242 0.47605080750249 0.472440727187293 0.46893615909154
-9999 -9999 -9999 -9999 -9999 -9999 -9999 -9999 -9999 -9999 -9999 -9999 -9999 -9999 -9999 -9999 -9999 -9999 -9999 -9999 -9999 0.432566439958113 0.383364433662694 0.316114722731658 0.212018050449703 0.155963122876979 0.0843263786337307 0.0522907238423218 0.0977607300580809 0.154281804035573 0.2357290286508 0.328692434739708 0.344234079146218 0.326210106683563 0.298896177505199 0.343017583668515 0.356677068203185 0.36514479552125 0.445211108745405 0.457065623698978 0.461067546192819 0.463499288690268 0.465493617516634 0.469573200008737 0.475093911004097 0.477065378450619 0.480073664090402 0.475204547862027 0.453691150217824 0.44227194847197 0.459993309984107 0.476761269876372 0.477017211452357 0.474286222802786 0.470385829425589 0.466663966819079
-9999 -9999 -9999 -9999 -9999 -9999 -9999 -9999 -9999 -9999 -9999 -9999 -9999 -9999 -9999 -9999 -9999 -9999 -9999 -9999 -9999 0.442500320476099 0.430618719471967 0.332757302075133 0.188758845045088 0.125253469988716 0.0854351334667492 0.0411412716463093 0.0897772913688909 0.153541035811733 0.23116446076979 0.329527009472371 0.361773903433864 0.355072159346925 0.318314493036961 0.33088909810629 0.355616655904568 0.374505886879389 0.44929838124242 0.456856361242199 0.4599599179513 0.459037849472148 0.463600416170467 0.472063618942702 0.473999153133622 0.473571880577116 0.475221569880869 0.465835730893408 0.439652236376133 0.436643671074769 0.460529913462361 0.476202574207249 0.475683369216367 0.472972924302667 0.468948216096678 0.464541535358243
-9999 -9999 -9999 -9999 -9999 -9999 -9999 -9999 -9999 -9999 -9999 -9999 -9999 -9999 -9999 -9999 -9999 -9999 -9999 -9999 -9999 0.429711060616246 0.40514140194114 0.324950973999797 0.201029835125162 0.119647156621256 0.0776282443316747 0.0550725367505802 0.0803473370798405 0.147517703350259 0.226122981164626 0.29006095457884 0.341651407663307 0.360490035623363 0.327553144073401 0.319637112506898 0.350186663872527 0.397500537674216 0.445205074812175 0.452928195823892 0.45696331181123 0.457094628849959 0.461972593795681 0.470050124647754 0.471259357175057 0.471438350822145 0.468921763077891 0.449235285470445 0.427773349021077 0.43953686484313 0.463657562849495 0.474517221162638 0.473708931464173 0.471001019731251 0.466728090677524 0.462038887495178
