layers/veg/veg5600.asc
NCOLS 255 
NROWS 330 
XLLCORNER -2985163.8955 
YLLCORNER -3022031.214 
CELLSIZE 25000 
NODATA_value -9999 
[rows 200 to 224 of 330, columns 112 to 167 of 255]
0.447144967983472 0.442173867482369 0.437843512967703 0.432729186417386 0.425714162233506 0.418394264658119 0.411743839581164 0.403486973368978 0.394130481310149 0.385828379595193 0.375144776968946 0.360563099506217 0.34776191981362 0.335856043709021 0.320916616454244 0.309430564433446 0.298062072456874 0.281388215588979 0.266951023506 0.252361738210483 0.232457941915911 0.218590421430606 0.21244766274426 0.204611586492713 0.197022042184971 0.195311446753773 0.197288001058535 0.197971699934368 0.204551584341317 0.214619527139923 0.222592967271589 0.231580779211919 0.240495159983328 0.247061966632939 0.252100608391053 0.259208921544311 0.265303998930523 0.268061364374772 0.271102557982777 0.271971965045068 0.270784150700046 0.268748180838583 0.268918494937638 0.276768173533717 0.284221405820412 -9999 -9999 -9999 -9999 -9999 -9999 -9999 -9999 -9999 -9999 -9999
0.4451462461086 0.440080460717235 0.435570862856315 0.430611230130009 0.423947737657535 0.417088399443562 0.4106097740167 0.40223408395169 0.392738862119168 0.384364515057439 0.37314861400819 0.358691923943588 0.346254951302829 0.334370132467468 0.320271153894299 0.308231003366813 0.295866177528057 0.279022089872054 0.263917096291054 0.250172413564915 0.232632173540287 0.216276834974368 0.206782637090747 0.199272008127009 0.190008910612994 0.190401334143653 0.196353398448933 0.197192964743787 0.202324244749744 0.207029692847064 0.211219493071072 0.221468985999021 0.233084199258327 0.240568686687571 0.246820733344913 0.252078763868189 0.252004847173826 0.254008449387957 0.263377019497124 0.268267274928792 0.267428236807572 0.271457571582904 0.277384347201128 0.279507461297125 -9999 -9999 -9999 -9999 -9999 -9999 -9999 -9999 -9999 -9999 -9999 -9999
0.442667671330103 0.437749569807497 0.433387840853581 0.42865663130853 0.422190792660681 0.416251578635269 0.409950664783773 0.40028466223509 0.39058254645503 0.381537536148984 0.370204785518017 0.356341619735434 0.344278670785575 0.332876453065108 0.319939164658489 0.306660644434374 0.291173270294461 0.274722045646309 0.260404830279403 0.24466760930687 0.229574647952145 0.217860873092178 0.20442785798223 0.195190512786157 0.192918458355689 0.194007927249519 0.194813530447436 0.194839972825048 0.191385980904713 0.184774237231743 0.189479733339943 0.206079421596753 0.216227922994752 0.214190257459492 0.220583437760587 0.227025714673431 0.223373183877544 0.232819565574672 0.253290838145849 0.266372262743052 -9999 0.273748087345111 0.279065608657231 0.281254751503947 -9999 -9999 -9999 -9999 -9999 -9999 -9999 -9999 -9999 -9999 -9999 -9999
0.440284886437471 0.435501759832668 0.43146934524259 0.427286357295349 0.420980457988703 0.415069139484593 0.409009132570415 0.398570620874034 0.387622801814636 0.378741323475917 0.368692059719005 0.355095657792151 0.342989585124634 0.331806161505992 0.318296312931291 0.305710334605636 0.291030673399863 0.27212744060867 0.255974063746702 0.239929178712951 0.224738925182225 0.21478005402176 0.200624513733545 0.192908311668787 0.194912074046169 0.195231342832033 0.193075181692119 0.190169343497161 0.183568237684191 0.18236714260845 0.189095010010642 0.197779599005286 0.206981695242871 0.201394151033682 0.206612466339553 0.222309276773131 0.229724388078951 0.241650534568469 0.258153999570036 0.266544602999954 -9999 0.277375136165444 0.278428298136939 -9999 -9999 -9999 -9999 -9999 -9999 -9999 -9999 -9999 -9999 -9999 -9999 -9999
0.438516725967869 0.434183831693584 0.430661959134816 0.426683053462219 0.420822248645884 0.414866663622828 0.408183589245234 0.396993570654256 0.386228361142989 0.377924838603308 0.367288263534842 0.354328457057919 0.343448362250909 0.332251314695768 0.318545790540252 0.307114070204884 0.294021341744168 0.276605094853114 0.259316477088785 0.241414992545484 0.221750877367418 0.207793071247556 0.197108142472322 0.191271504161808 0.193914221021463 0.193700523667646 0.191076815541773 0.184834833826842 0.178686365295877 0.181966207464194 0.192717620475776 0.199117631842143 0.207924301400269 0.213131340135452 0.222368781497686 0.236832169413896 0.23939706415644 0.24914644683792 0.258807179782544 -9999 0.27627615422586 0.276303350263474 -9999 -9999 -9999 -9999 -9999 -9999 -9999 -9999 -9999 -9999 -9999 -9999 -9999 -9999
0.43617229590567 0.432510936979409 0.42948836367089 0.425505343826505 0.420281304062193 0.41437688197476 0.406640427004716 0.395024547188302 0.38435812803762 0.376134342242935 0.366330294107315 0.35408674287719 0.343117262623345 0.332497659387285 0.319334587995431 0.306193358448267 0.291932620968727 0.27620272521885 0.262886578114008 0.246785729441825 0.224796305143798 0.208885600698918 0.204837306431254 0.20169160790654 0.196275788865913 0.193663622118496 0.191544819160103 0.187073816967996 0.179672451604946 0.177792797069466 0.184328543834964 0.195203659486686 0.205155915093482 0.20901910664614 0.216846503743294 0.234410135776594 0.246127571017675 0.253653569221846 0.259767041967302 -9999 0.274104737686329 0.27578612611411 -9999 -9999 -9999 -9999 -9999 -9999 -9999 -9999 -9999 -9999 -9999 -9999 -9999 -9999
0.434139226472954 0.431173784325236 0.42842358363567 0.424371392942836 0.419420366173619 0.413621188158507 0.404351385210402 0.391645573159694 0.382019460181471 0.374971325014599 0.366128068076389 0.354230100328339 0.343132963237045 0.333178322126468 0.320564455530266 0.307579447995607 0.292688039207912 0.275509942344845 0.262891978728584 0.247522071140903 0.224358080417515 0.213006377062467 0.212714410787142 0.206977351990354 0.200675788125551 0.194707056076943 0.190587177252933 0.190874674570763 0.186999849644412 0.180008131344156 0.181952201635687 0.190354468626164 0.194429083392033 0.195214871351131 0.206360802426156 0.227633638305397 0.245139558970652 0.251062566495212 -9999 0.273456355216256 0.273366283168225 -9999 -9999 -9999 -9999 -9999 -9999 -9999 -9999 -9999 -9999 -9999 -9999 -9999 -9999 -9999
0.433201181481775 0.43044598625051 0.427905406378057 0.423952940421099 0.418575263586003 0.412074748756331 0.401437587528645 0.389468573729927 0.382176824608818 0.375931362252403 0.367086304515176 0.354822936038227 0.343635410246635 0.333817960680236 0.320914856992587 0.308463857237162 0.294670617518237 0.274835013642846 0.25776623324851 0.244924119224428 0.230267844000677 0.221640024407395 0.217160956044015 0.209387224376487 0.201828712172647 0.195104676649079 0.192625611807845 0.192868230016436 0.192439535406816 0.192780539290055 0.190260633755935 0.186636961448001 0.193646342994016 0.203953836858846 0.215942953015957 0.235883501135001 0.24707970517741 -9999 -9999 -9999 0.275079306185943 -9999 -9999 -9999 -9999 -9999 -9999 -9999 -9999 -9999 -9999 -9999 -9999 -9999 -9999 -9999
0.431677545561543 0.429708604539778 0.426848135537167 0.423023903901273 0.416329002922355 0.407069272458413 0.398511800622655 0.389020815112382 0.381362275668066 0.37510744615692 0.367156947765062 0.35570949195265 0.344673449287852 0.335889238113798 0.322986167504543 0.308337918932858 0.29444885362955 0.277413063117558 0.261283532440579 0.246291797148487 0.230646394953017 0.223959519630059 0.221383372970506 0.213576344035261 0.205745250785027 0.198147037759319 0.194319956215905 0.193737451988339 0.192954433014243 0.195989871063049 0.190409404046446 0.18936116855173 0.205160168777068 0.21739319187488 0.229337253448007 0.238067478839372 -9999 -9999 -9999 -9999 -9999 -9999 -9999 -9999 -9999 -9999 -9999 -9999 -9999 -9999 -9999 -9999 -9999 -9999 -9999 -9999
0.42936964830649 0.428231718132449 0.426108972817312 0.422307343762356 0.416598987144699 0.40691206260679 0.396977000652393 0.38899070784427 0.381804030410481 0.374821532632287 0.367036731521223 0.356460522383815 0.346374880831798 0.33765431283639 0.324942993020188 0.311292896478718 0.299190794886052 0.284483438655076 0.268243035671548 0.252396921061205 0.23773795452849 0.227500865865421 0.222602173965625 0.216622474759749 0.209713637150702 0.20349088711605 0.198476770231022 0.195335057981618 0.194484904642743 0.197914994397583 0.196829567930446 0.195642968077417 0.207853056802703 0.223347111070552 0.234554257841438 0.244896488993881 0.252584032853754 0.25530525158653 -9999 -9999 -9999 -9999 -9999 -9999 -9999 -9999 -9999 -9999 -9999 -9999 -9999 -9999 -9999 -9999 -9999 -9999
0.428670584433787 0.425881969089491 0.424348694189582 0.421449238734931 0.41689186694729 0.407950394604282 0.397334742687682 0.389846660541777 0.382496154920528 0.374999796476675 0.367800183107147 0.357962139177062 0.348237848277827 0.339197834370512 0.325072390809064 0.310803781233854 0.299657085336107 0.284462836403884 0.271231374665493 0.258936946384266 0.241929490963884 0.232752062367907 0.22742885024379 0.218267170957402 0.21113539517949 0.204223278429155 0.198141648717259 0.194419865728038 0.192441346061724 0.195182554456559 0.199172319323715 0.203732788899994 0.216593670150884 0.228289165223899 0.235653880402944 0.244830179011529 0.250326712073916 -9999 -9999 -9999 -9999 -9999 -9999 -9999 -9999 -9999 -9999 -9999 -9999 -9999 -9999 -9999 -9999 -9999 -9999 -9999
0.42633874249911 0.422941149315435 0.42130513695272 0.419017765695128 0.415478525008776 0.40969694622133 0.400919165156584 0.391365080946407 0.383437603246315 0.376251388027507 0.368980110579473 0.359479537780222 0.350264159102556 0.341351384061428 0.32794658228811 0.314102601779892 0.301415715767907 0.286308652057135 0.271744870762567 0.2605411864526 0.24807625462211 0.238064981311201 0.231173685826043 0.220375861896361 0.211421761256313 0.204648674844401 0.197688543286105 0.193519711460306 0.194365200994089 0.197214578985649 0.203068891834012 0.210784105879337 0.219909038589857 0.228886916439349 0.2357085046407 0.239819849403066 -9999 -9999 -9999 -9999 -9999 -9999 -9999 -9999 -9999 -9999 -9999 -9999 -9999 -9999 -9999 -9999 -9999 -9999 -9999 -9999
0.424044971815963 0.420460460817686 0.418093751709544 0.416519535034574 0.41396220026252 0.410083322485398 0.403230163179355 0.393245052792822 0.384859838092205 0.378009461649202 0.370325707085053 0.360897360428546 0.3521503791929 0.343969566687069 0.330467143500907 0.316930150494325 0.305567608563027 0.291400575712921 0.277890123373455 0.267288983839454 0.255515783867959 0.245033448606495 0.234903374715015 0.221948367332543 0.210780334746812 0.200799775508449 0.191670055523931 0.188914333110293 0.194943843845317 0.200798741612333 0.205733341067965 0.214275670366427 0.222356152716147 0.229918302426078 0.236041019884866 0.239424429658451 -9999 -9999 -9999 -9999 -9999 -9999 -9999 -9999 -9999 -9999 -9999 -9999 -9999 -9999 -9999 -9999 -9999 -9999 -9999 -9999
0.423063494010265 0.419206317913155 0.416878596087201 0.41520931536496 0.412256626681454 0.409119669897479 0.403972833954047 0.395859523774303 0.387751173540765 0.380675517829386 0.372141502970062 0.362230664956196 0.353942108325901 0.34687075260383 0.333870833014512 0.3196886574251 0.30912246920574 0.294350211573094 0.282201651604669 0.271710316524738 0.257693348140598 0.245344074604725 0.233893044071838 0.221385146174629 0.209108304480219 0.198424955079938 0.18758255706636 0.186942338663361 0.196677898823916 0.204977796692229 0.209812853193147 0.215580140254993 0.223457956168099 0.230638061301848 0.234119518357213 -9999 -9999 -9999 -9999 -9999 -9999 -9999 -9999 -9999 -9999 -9999 -9999 -9999 -9999 -9999 -9999 -9999 -9999 -9999 -9999 -9999
0.420341426796764 0.417625548346413 0.414186716944058 0.411599853672705 0.409241003959271 0.407042725807351 0.403121736654983 0.396495597753328 0.389746504866338 0.383573325736611 0.375448227740692 0.364863470963525 0.356508476731254 0.348306387754809 0.334639582600418 0.32226054907893 0.311794319358744 0.298337972783386 0.286105681299202 0.273678260633624 0.259107426168087 0.246671205372416 0.23455428823765 0.220103816665752 0.207319730803554 0.20254445429814 0.202090294204301 0.199806201203104 0.201907477086512 0.20799080385196 0.21201150690329 0.217416292437368 0.225199253850501 0.232633943873575 0.23576417887211 -9999 -9999 -9999 -9999 -9999 -9999 -9999 -9999 -9999 -9999 -9999 -9999 -9999 -9999 -9999 -9999 -9999 -9999 -9999 -9999 -9999
0.416804484954095 0.414370127663154 0.412037872662305 0.409507419729958 0.406736873388637 0.403979746194825 0.400757130796235 0.396138904779694 0.390467175889182 0.385090049129016 0.377917454285254 0.368374153503721 0.363229757592264 0.342852736234429 0.335912394344611 0.32306031696489 0.311621505470491 0.297745945599132 0.286655613586417 0.278265249670576 0.265065940946018 0.251705532746609 0.239621933045023 0.224784768336816 0.208863771040023 0.203796070531451 0.207903216951078 0.2090180752906 0.20942961463171 0.211039763362202 0.214518133670198 0.219753806484548 0.228126743030617 0.233736442118995 -9999 -9999 -9999 -9999 -9999 -9999 -9999 -9999 -9999 -9999 -9999 -9999 -9999 -9999 -9999 -9999 -9999 -9999 -9999 -9999 -9999 -9999
0.414788394192527 0.412655757147179 0.410424638815525 0.407954523915996 0.404944151276794 0.402093011329771 0.39916622259777 0.395151186367106 0.390647542966105 0.385657417799874 0.378904202895182 0.369961398208893 0.363374162216927 0.353577664565757 0.336921160003352 0.324143880325648 0.313592597849739 0.300421432062681 0.288967083512983 0.279721360181503 0.267842481239351 0.256272911935437 0.243506472546365 0.227333537435602 0.211762638549581 0.205741097430553 0.209298485149074 0.212011481059149 0.21245655284013 0.213941391559461 0.217488039259966 0.222840167370089 0.226809934750732 -9999 -9999 -9999 -9999 -9999 -9999 -9999 -9999 -9999 -9999 -9999 -9999 -9999 -9999 -9999 -9999 -9999 -9999 -9999 -9999 -9999 -9999 -9999
0.41193155540627 0.410394863693632 0.408440078243073 0.405970012431047 0.403067360601275 0.400195296362961 0.396883708884263 0.393060597627545 0.389529396010629 0.385712562610411 0.379998486797759 0.371859374370353 0.364699568155553 0.354797449765296 0.339536756939511 0.326606232987746 0.315214938201506 0.302021571059061 0.291874194823662 0.282650676611587 0.27130060100131 0.261591734635789 0.248588546396473 0.232126752318972 0.223758012555104 0.222588243394271 0.220092997862889 0.21868263504165 0.217646681220516 0.220366954263459 0.222362753256028 0.224660344681583 0.227489450444054 -9999 -9999 -9999 -9999 -9999 -9999 -9999 -9999 -9999 -9999 -9999 -9999 -9999 -9999 -9999 -9999 -9999 -9999 -9999 -9999 -9999 -9999 -9999
0.409209360146737 0.407824439603764 0.405756154877635 0.403943477862537 0.401584606753667 0.398786122038723 0.396355698491224 0.393067473644013 0.389088970506651 0.385418021762897 0.380443675271724 0.37328525275546 0.366567948087558 0.357271927064055 0.343258039175004 0.331178289545061 0.320403489785838 0.307113257110086 0.298797185989428 0.29222527038925 0.280924969540873 0.271485958759568 0.25913396925639 0.241465078208909 0.230347464959647 0.227855119691172 0.226441909755419 0.226491824855719 0.22537536793443 0.228185984846355 0.233018229122866 -9999 -9999 -9999 -9999 -9999 -9999 -9999 -9999 -9999 -9999 -9999 -9999 -9999 -9999 -9999 -9999 -9999 -9999 -9999 -9999 -9999 -9999 -9999 -9999 -9999
0.407235584623872 0.406382575632746 0.404680750515288 0.402805524857023 0.400775736520479 0.398411588665401 0.395488929060412 0.39155003049331 0.387999038137708 0.384868069032039 0.380074817704493 0.374022242977303 0.368189205034757 0.358712576334146 0.347210609493652 0.337472920502752 0.327389843445723 0.317437733813056 0.308465856133933 0.300175431293003 0.287727182733807 0.277247995171349 0.268136350238198 0.254083160154974 0.234818124373579 0.227985676049462 0.233109100806307 0.230703632374322 0.230834759734126 0.235897978021642 0.239273055867807 -9999 -9999 -9999 -9999 -9999 -9999 -9999 -9999 -9999 -9999 -9999 -9999 -9999 -9999 -9999 -9999 -9999 -9999 -9999 -9999 -9999 -9999 -9999 -9999 -9999
0.403652338698343 0.403425529989241 0.402610704951988 0.401068100552107 0.398880770343262 0.396713502396387 0.394171718410658 0.390677286881623 0.387192646256048 0.384275372434611 0.380459707233877 0.375282342096724 0.370362774715946 0.368720867842722 -9999 0.343866408203821 0.336590380017623 0.327060664275447 0.318915864755893 0.311050808252257 0.300749125606989 0.290394902279251 0.28042287638643 0.264850870453276 0.247913569867243 0.239018477174844 0.238578614730286 0.244037850220067 0.247635843664422 0.248057053345227 -9999 -9999 -9999 -9999 -9999 -9999 -9999 -9999 -9999 -9999 -9999 -9999 -9999 -9999 -9999 -9999 -9999 -9999 -9999 -9999 -9999 -9999 -9999 -9999 -9999 -9999
0.400266785918339 0.400306497513689 0.399805245725176 0.398539652030465 0.397073740630356 0.395592195055221 0.393517478183097 0.390893602456804 0.388207742596566 0.385389945276285 0.381581825033749 0.376850318587884 0.372531399355423 0.368482235959723 -9999 -9999 -9999 -9999 -9999 0.320017822215488 0.309780607841934 0.300437972653466 0.292492772173597 0.276331636923452 0.265005937360028 0.266844433318487 0.265655384884242 0.264725574606647 0.26470963560297 -9999 -9999 -9999 -9999 -9999 -9999 -9999 -9999 -9999 -9999 -9999 -9999 -9999 -9999 -9999 -9999 -9999 -9999 -9999 -9999 -9999 -9999 -9999 -9999 -9999 -9999 -9999
0.39691070260819 0.397437767421747 0.397478804259649 0.396707381927213 0.395876148075746 0.39485760814168 0.393188076384982 0.390769240658155 0.388311613270856 0.385933908081585 0.382448784268261 0.378232505982726 0.374246646805118 0.369397833668986 0.364902012298641 0.361452347861365 0.358063080813861 -9999 -9999 -9999 0.314156449373447 0.307998196265355 0.306367876393036 -9999 0.282027101660397 0.280795857793142 0.277488616939182 -9999 -9999 -9999 -9999 -9999 -9999 -9999 -9999 -9999 -9999 -9999 -9999 -9999 -9999 -9999 -9999 -9999 -9999 -9999 -9999 -9999 -9999 -9999 -9999 -9999 -9999 -9999 -9999 -9999
0.392623603666782 0.393363428927692 0.393905533763238 0.394004996411984 0.393827387080396 0.393121728059081 0.392138834098685 0.390684316244479 0.388929561943607 0.387041670053966 0.384149998483635 0.380175007618656 0.37653210428369 0.372487490443436 0.36694799687406 0.361928461165158 0.358478982116717 0.357805875927315 -9999 -9999 -9999 -9999 -9999 -9999 -9999 -9999 -9999 -9999 -9999 -9999 -9999 -9999 -9999 -9999 -9999 -9999 -9999 -9999 -9999 -9999 -9999 -9999 -9999 -9999 -9999 -9999 -9999 -9999 -9999 -9999 -9999 -9999 -9999 -9999 -9999 -9999
0.38861310925577 0.389297565563316 0.389843702565347 0.390333180536538 0.390916178528567 0.391001810047112 0.390777014959249 0.390289506865711 0.389308268593794 0.388158890251803 0.386042106943459 0.382705102993816 0.379477742841974 0.3762309788649 0.371705140498271 0.367019624059662 0.362946770421458 0.361378210547445 -9999 -9999 -9999 -9999 -9999 -9999 -9999 -9999 -9999 -9999 -9999 -9999 -9999 -9999 -9999 -9999 -9999 -9999 -9999 -9999 -9999 -9999 -9999 -9999 -9999 -9999 -9999 -9999 -9999 -9999 -9999 -9999 -9999 -9999 -9999 -9999 -9999 -9999
