layers/veg/veg5500.asc
NCOLS 255 
NROWS 330 
XLLCORNER -2985163.8955 
YLLCORNER -3022031.214 
CELLSIZE 25000 
NODATA_value -9999 
[rows 175 to 199 of 330, columns 56 to 111 of 255]
-9999 -9999 -9999 -9999 -9999 -9999 -9999 -9999 -9999 -9999 -9999 -9999 -9999 -9999 -9999 -9999 -9999 -9999 -9999 -9999 -9999 -9999 0.468953720018241 0.384684750817497 0.306680816743074 0.346136506053178 0.346045401070062 0.254824273408802 0.185840564694652 0.147491973635671 0.081430968027844 0.0712600053640114 0.0783025882562759 0.109625223011228 0.128040792339838 0.103064509178671 0.0798532867847525 0.073502591634102 0.0522611942581351 0.0662271601631543 0.150949550483942 0.238958695425146 0.343945558752835 0.423955386197994 0.425553492786375 0.404430067009431 0.434230010484419 0.471854955135971 0.486654619968364 0.491637931957424 0.492987197950049 0.49319299134809 0.493067927484851 0.493169338569268 0.492965579670019 0.492500773607053
-9999 -9999 -9999 -9999 -9999 -9999 -9999 -9999 -9999 -9999 -9999 -9999 -9999 -9999 -9999 -9999 -9999 -9999 -9999 -9999 -9999 -9999 -9999 0.40408521166252 0.305492332940839 0.30879906380419 0.295098917552264 0.20967813393649 0.151718584057669 0.112154100929873 0.0634224103936141 0.0911196005323023 0.108233060277395 0.13756191745989 0.126637762193566 0.0894831918788236 0.0643693999796076 0.0383967117360299 0.024447359062314 0.124032688493385 0.182771492054353 0.237977848018165 0.382034591099527 0.410290564590138 0.417117599600349 0.42292072459962 0.456557333847763 0.477144223448433 0.48612977442774 0.489315738518847 0.490650759363138 0.491341654533629 0.49142082206521 0.491712006384606 0.491742384193029 0.491388793011941
-9999 -9999 -9999 -9999 -9999 -9999 -9999 -9999 -9999 -9999 -9999 -9999 -9999 -9999 -9999 -9999 -9999 -9999 -9999 -9999 -9999 -9999 -9999 0.324377951030948 0.311507117224978 0.302598257839958 0.279035542037886 0.201857306237896 0.136848200182302 0.105086800068316 0.06086696230634 0.0501222745403931 0.0662626125439574 0.110927057005817 0.128273906060793 0.102120232476153 0.071525229471071 0.0359854912240396 0.0406326268775585 0.151711994002213 0.157331777385972 0.203044009586771 0.380197379842331 0.409174397945926 0.416388539903868 0.428677588163443 0.465709393863349 0.479094262518281 0.485985108918481 0.488593784824153 0.489949767462075 0.490630886886137 0.490792835626564 0.491073020940147 0.491063218661683 0.490762713647374
-9999 -9999 -9999 -9999 -9999 -9999 -9999 -9999 -9999 -9999 -9999 -9999 -9999 -9999 -9999 -9999 -9999 -9999 -9999 -9999 -9999 -9999 -9999 0.369151991361046 0.350838511657045 0.331442905874378 0.277114228916626 0.158279185166778 0.0844487813040826 0.0847629616038583 0.0397872465277041 0.0247761843575938 0.0420466495491035 0.0469706503128538 0.095464009933709 0.10836484775503 0.0628689613424116 0.0377625305161268 0.0895276977002946 0.197656805343615 0.207990472146922 0.270679543812686 0.364881067712963 0.38100488791923 0.413302931997033 0.452728773029022 0.467750795594371 0.475912740332835 0.486505491387509 0.488357348474303 0.489347425239806 0.48985911141732 0.489892789626133 0.490040356499662 0.489823710528401 0.489485629027733
-9999 -9999 -9999 -9999 -9999 -9999 -9999 -9999 -9999 -9999 -9999 -9999 -9999 -9999 -9999 -9999 -9999 -9999 -9999 -9999 -9999 -9999 -9999 0.418478062682705 0.388660998931893 0.351215887305596 0.30549727067127 0.205513860458509 0.0998021614687345 0.0625562123783278 0.0572794732967841 0.0359113887080675 0.0179943176412452 0.0402232572392516 0.071345536825421 0.0523309652536427 0.0401093517311707 0.0575225198024563 0.134422362426869 0.223821691993839 0.256825947193528 0.289069078034908 0.329680691202782 0.348257513417477 0.407148544693158 0.451937697741673 0.456651589398391 0.473854539284606 0.487413921271929 0.489192483015862 0.489473171763751 0.489481221080497 0.489238299345215 0.489170085268417 0.488799256602548 0.488335614264591
-9999 -9999 -9999 -9999 -9999 -9999 -9999 -9999 -9999 -9999 -9999 -9999 -9999 -9999 -9999 -9999 -9999 -9999 -9999 -9999 -9999 -9999 -9999 0.474528790486713 0.418776947445204 0.370010373968168 0.299650665778923 0.196498165356424 0.0966694106794666 0.0636662456656393 0.0649661908495011 0.0451232306485689 0.0361695104633648 0.0833309315344134 0.0759718990569445 0.00965869692868682 0.0207650676919003 0.0211832986480731 0.0825374826934455 0.21541634502349 0.279799193306239 0.297581606935505 0.328763767427853 0.383512071962215 0.430085821371659 0.45451990129603 0.467309572214678 0.478569169135792 0.488796595130183 0.490221572313643 0.489986818835738 0.48951568876572 0.489004155858369 0.488728058286701 0.488249114544269 0.487670256360746
-9999 -9999 -9999 -9999 -9999 -9999 -9999 -9999 -9999 -9999 -9999 -9999 -9999 -9999 -9999 -9999 -9999 -9999 -9999 -9999 -9999 -9999 -9999 0.475535321342641 0.420464654400184 0.379981551557441 0.320063100255341 0.20646159669178 0.105535565223708 0.075870629642497 0.0526548612021254 0.0346475019201254 0.0665779541539582 0.0938227593525902 0.0838614403644657 0.0525558178754074 0.00429799753920464 0 0.0589538251884498 0.139735612791222 0.242151548252016 0.314056969120092 0.341250443384316 0.406602314710605 0.410545172531783 0.434503425585076 0.472302329787712 0.482428007196579 0.489210170206728 0.490972077456211 0.490347504819835 0.489415238097278 0.488637296535866 0.488214614557551 0.487534363362398 0.486739020709719
-9999 -9999 -9999 -9999 -9999 -9999 -9999 -9999 -9999 -9999 -9999 -9999 -9999 -9999 -9999 -9999 -9999 -9999 -9999 -9999 -9999 -9999 -9999 0.454561644314158 0.449927855852555 0.422523708510337 0.350253002458925 0.216900080421737 0.118674106827454 0.0598196197324709 0 0 0.0287719323555551 0.0739879852738307 0.0968739847444158 0.108167757994139 0.0498015715659222 0.0141255980031237 0.0141194636467472 0.0484671717458064 0.196384691752252 0.31557252276241 0.361831003620141 0.395693336751203 0.380379218150925 0.44164964013183 0.47621575234759 0.486189696170162 0.491230006387125 0.492448432308525 0.491337947666151 0.489935427274907 0.488802470867191 0.487989242891717 0.487034542075388 0.48611331728967
-9999 -9999 -9999 -9999 -9999 -9999 -9999 -9999 -9999 -9999 -9999 -9999 -9999 -9999 -9999 -9999 -9999 -9999 -9999 -9999 -9999 -9999 -9999 0.453703398314643 0.444189407998799 0.423221693440454 0.351923921166934 0.225116169117182 0.143871417123558 0.0837152252446933 0.0184836836906071 0 0.024611362864788 0.0722017206334865 0.0998079279099654 0.116550473911694 0.0696322650462115 0.0557425216201832 0.0346351401159563 0.0459671299486994 0.197462682155026 0.304993785229221 0.347888557591037 0.411569768460157 0.392150715715891 0.432536675565901 0.477512070639128 0.48668329156543 0.491568140189144 0.492524241769429 0.491332623161583 0.489757454254819 0.488404495194253 0.487378501014871 0.486317387282606 0.485196235170567
-9999 -9999 -9999 -9999 -9999 -9999 -9999 -9999 -9999 -9999 -9999 -9999 -9999 -9999 -9999 -9999 -9999 -9999 -9999 -9999 -9999 -9999 -9999 0.457781975652404 0.450709733533367 0.427030815563719 0.347189264517699 0.20668076791934 0.128600188711316 0.0671040633417468 0 0 0 0.0446753842829044 0.126935349834374 0.126237361513842 0.10642007555581 0.120476741928238 0.100134387021245 0.126971380004492 0.21664188712986 0.257726715234362 0.309926052800542 0.428095825199658 0.442537657835206 0.468594154239342 0.48427003179508 0.490733272480422 0.493079339950176 0.492902600215265 0.491745701761916 0.489933568755245 0.488311048208337 0.486856102046665 0.485124435759453 0.483563624737756
-9999 -9999 -9999 -9999 -9999 -9999 -9999 -9999 -9999 -9999 -9999 -9999 -9999 -9999 -9999 -9999 -9999 -9999 -9999 -9999 -9999 -9999 -9999 0.475794411657106 0.407636228621988 0.380042909305695 0.318225306227748 0.165364451483946 0.0829653971825128 0.0615984000795288 0.016940727413229 0 0 0.0239156068904131 0.0692690651790134 0.0804846883334114 0.112087045912922 0.115300983155947 0.13467911734084 0.193741359320359 0.180842285529259 0.216928238010779 0.36432316178269 0.458276692360497 0.475952522888296 0.48148149575102 0.489118013919082 0.493149866735849 0.494555343930855 0.49350804055317 0.491882598288843 0.489964762420696 0.488314094023483 0.486732704622599 0.483878732397199 0.48192435018655
-9999 -9999 -9999 -9999 -9999 -9999 -9999 -9999 -9999 -9999 -9999 -9999 -9999 -9999 -9999 -9999 -9999 -9999 -9999 -9999 -9999 -9999 0.507449022351079 0.47010339270364 0.409168242818301 0.35627129341726 0.271830185844719 0.170847995246361 0.0973795206418457 0.0494322684924988 0.00508726931989502 0 0.0210710189434247 0.10883838223864 0.101393474069448 0.0350268853035548 0.118986021591897 0.201576144686435 0.228481903594739 0.243477417653797 0.15842589690647 0.196368881603518 0.421193422108255 0.482420605760452 0.480570729435115 0.482538187809296 0.488071712112403 0.492413721436168 0.49543568014716 0.494041090797425 0.492181251379361 0.490129666940814 0.488368954750104 0.486483683074775 0.48329609897668 0.480892838621928
-9999 -9999 -9999 -9999 -9999 -9999 -9999 -9999 -9999 -9999 -9999 -9999 -9999 -9999 -9999 -9999 -9999 -9999 -9999 -9999 -9999 -9999 0.507601511922686 0.468814006330031 0.404959265209731 0.36355968376177 0.30738740050477 0.190938745700384 0.0846005427239287 0.0301926981302926 0 0 0 0.129167616545433 0.215669446182618 0.158148737639751 0.20010633941177 0.274530688938921 0.246647549067813 0.19768608647342 0.162308080124628 0.296590290167298 0.463260057737327 0.48488535865222 0.483679068283298 0.48373163056179 0.486293539613439 0.49050764651737 0.49487852041607 0.493718460025093 0.491902744773685 0.48967812919188 0.487547930163179 0.485504257660067 0.482444194206294 0.479464148861733
-9999 -9999 -9999 -9999 -9999 -9999 -9999 -9999 -9999 -9999 -9999 -9999 -9999 -9999 -9999 -9999 -9999 -9999 -9999 -9999 -9999 -9999 0.518057472079624 0.502587879926532 0.467800294327529 0.420426635979213 0.308635056252158 0.170849317582113 0.0673582841096051 0.00275631552899198 0 0 0.0068287400281232 0.160978665045894 0.292503232734652 0.254017153093688 0.238889162602928 0.314607489302907 0.310141773432657 0.310010060970951 0.295494356917654 0.368369762544482 0.468448146647743 0.485818462107043 0.486245985056908 0.484325590293397 0.485385858368247 0.490500503602388 0.493693531671382 0.493554515138693 0.49195953559009 0.489463648002696 0.487254566561164 0.48499245436198 0.481141249469481 0.477883451905312
-9999 -9999 -9999 -9999 -9999 -9999 -9999 -9999 -9999 -9999 -9999 -9999 -9999 -9999 -9999 -9999 -9999 -9999 -9999 -9999 -9999 -9999 0.524103233201319 0.494430207305303 0.45278383414643 0.397771348021665 0.286490469679293 0.161319488205319 0.0772318607869976 0.013607068134404 0 0 0 0.137208715173477 0.289613983879583 0.274049953037968 0.26707817588543 0.316123372017386 0.33951363589302 0.36746698557501 0.329606496479888 0.361398170965555 0.460874513279314 0.483833062980398 0.481703511494725 0.477174344112163 0.481425160428443 0.48969326447715 0.492446044044409 0.492531080803723 0.491110674291802 0.488785436123583 0.48660620219081 0.484287298760022 0.480681443930986 0.477673584378631
-9999 -9999 -9999 -9999 -9999 -9999 -9999 -9999 -9999 -9999 -9999 -9999 -9999 -9999 -9999 -9999 -9999 -9999 -9999 -9999 -9999 0.521773783190404 0.519647644760246 0.480145093388312 0.427558394312683 0.375471171273751 0.276838412445442 0.157850277200703 0.0641419966917361 0 0 0.00645456028053912 0.0485729575643424 0.161178985798094 0.273129266732797 0.322462840757447 0.363022031340214 0.408215485900979 0.420696445087996 0.426729283872117 0.339083279454006 0.310032460850119 0.43207860362003 0.473370544566619 0.467631064946005 0.464200888643389 0.475975448094964 0.487140748368003 0.4914680044145 0.491229866648815 0.49017425818074 0.488350673323137 0.486149871504198 0.483775741197639 0.481952616249448 0.480800488755894
-9999 -9999 -9999 -9999 -9999 -9999 -9999 -9999 -9999 -9999 -9999 -9999 -9999 -9999 -9999 -9999 -9999 -9999 -9999 -9999 -9999 0.497057987265571 0.501568974528381 0.478796255847285 0.411551103508774 0.341805315385797 0.265698478449395 0.164210651222045 0.0700727803941937 0 0 0.0535048761941382 0.0790156949268956 0.145024134917515 0.266604107505009 0.357947200158385 0.374451766950464 0.417593481627335 0.428688444468922 0.425881372201424 0.302708779005845 0.263618097162913 0.414867824981257 0.455041172895271 0.455390230727579 0.462638850821371 0.479810548681104 0.488232187807539 0.491125253699504 0.490631763504269 0.489507377195758 0.487463262647623 0.485481337776793 0.483587441959896 0.4819500760897 0.480461094684427
-9999 -9999 -9999 -9999 -9999 -9999 -9999 -9999 -9999 -9999 -9999 -9999 -9999 -9999 -9999 -9999 -9999 -9999 -9999 -9999 -9999 0.487619530482025 0.485149958550731 0.458929961785775 0.377042425226872 0.287691034658596 0.232441056640811 0.134836708377999 0.0465070861936193 0.0320933501971239 0.052708531695708 0.109552017259205 0.136409630266788 0.143932608789527 0.222202716673531 0.370282875100634 0.395822902320928 0.415018172934889 0.429779993503198 0.420130326577509 0.275147857413289 0.231626961794461 0.380506186581373 0.422788872041377 0.45715181736574 0.46846138015698 0.483784664576674 0.490453750957721 0.49139273960361 0.490273726754338 0.488998946564731 0.486921715829965 0.484802809671104 0.482438781023599 0.480085870110684 0.47846303810615
-9999 -9999 -9999 -9999 -9999 -9999 -9999 -9999 -9999 -9999 -9999 -9999 -9999 -9999 -9999 -9999 -9999 -9999 -9999 -9999 -9999 0.497714478989189 0.486628685029392 0.440251876609453 0.368923241731106 0.258673472278727 0.133783444945323 0.0587564189640707 0.0420866959970249 0.0458328814613606 0.0968655497534528 0.181358321347252 0.224247467879561 0.178923135206538 0.19339532566531 0.340219635284115 0.344199036169234 0.364491476616237 0.422958255881126 0.392839026057704 0.300578076222397 0.314571664396697 0.408360206178227 0.438142306400599 0.466622774813592 0.4736914056506 0.484409998561042 0.490615950789954 0.490457522640131 0.489071789160627 0.487748853052431 0.485660098699634 0.483595132063689 0.481398539433985 0.4786383524135 0.476329857274252
-9999 -9999 -9999 -9999 -9999 -9999 -9999 -9999 -9999 -9999 -9999 -9999 -9999 -9999 -9999 -9999 -9999 -9999 -9999 -9999 -9999 0.465785926711289 0.469774544160526 0.413262989888437 0.332132181042286 0.230732822028172 0.094128679343512 0.0285098464828244 0.0372744941243358 0.0510031204399707 0.131129392600232 0.233559046486041 0.27818143777695 0.206157771914482 0.174037185874505 0.303917669636961 0.270153980584576 0.292209898546233 0.406151488897874 0.376703114353482 0.378075969355207 0.427869452914958 0.422134416034195 0.450956658114419 0.47267239779576 0.477279517081628 0.485457040769189 0.490405162406468 0.489246515196339 0.487448370826089 0.486240758554644 0.48432352971624 0.482223737574442 0.480116420484074 0.47720127461962 0.474632229349086
-9999 -9999 -9999 -9999 -9999 -9999 -9999 -9999 -9999 -9999 -9999 -9999 -9999 -9999 -9999 -9999 -9999 -9999 -9999 -9999 -9999 0.455811679394102 0.425472330272728 0.401833774369834 0.308021786493562 0.193103910968127 0.0879737685680704 0.0214902113624267 0.0378445191321387 0.0789269350401369 0.129983731643254 0.207624222380926 0.277298740893603 0.208881981241511 0.139583783549346 0.247879646529897 0.269553677138002 0.300104545072105 0.386914048406695 0.436842375261317 0.467914478533292 0.454533697772897 0.438377735601799 0.457487656515374 0.474310492731951 0.479543576749724 0.487434634282953 0.489512809357595 0.485351231650611 0.482521422846689 0.483722179033873 0.483556261214022 0.481602531986869 0.47934108378158 0.476409661055003 0.47373634368048
-9999 -9999 -9999 -9999 -9999 -9999 -9999 -9999 -9999 -9999 -9999 -9999 -9999 -9999 -9999 -9999 -9999 -9999 -9999 -9999 0.489841611269939 0.449676902487108 0.411107002140986 0.366873884731389 0.263348529382407 0.217444819002766 0.125477744479134 0.0158877376359024 0.0652218069185899 0.117040369820386 0.140620969516097 0.188363223113501 0.271691485006326 0.233234490162627 0.147521893841795 0.25595190581034 0.32716216457095 0.344150851303234 0.394636150038255 0.456618375592958 0.470709018769548 0.472279357611723 0.466089049966454 0.466762418927274 0.476792605945552 0.481434365636227 0.487356361017426 0.482749228758474 0.468877244571375 0.460764968547107 0.47026210592957 0.481080939629766 0.480212273762645 0.477910929224951 0.474976719194317 0.472264273433914
-9999 -9999 -9999 -9999 -9999 -9999 -9999 -9999 -9999 -9999 -9999 -9999 -9999 -9999 -9999 -9999 -9999 -9999 -9999 -9999 -9999 0.449065086814469 0.393211143989612 0.316706571662418 0.198146331306407 0.134227249469702 0.0524386315269549 0.0156218025366736 0.0670650537133614 0.13099248323153 0.223105973618274 0.328352335958528 0.345298179538648 0.323730455951555 0.291652016652115 0.340902604057045 0.355140987257509 0.363606568194134 0.453635961255761 0.465649550350948 0.468929074826602 0.470476670191352 0.471288778304439 0.474745607425462 0.479980720139743 0.481050796270099 0.483596120346453 0.477378941626351 0.452242825652581 0.438885850130578 0.45900804631317 0.478297715822476 0.478991911550202 0.476607312761696 0.47338375706423 0.470473213722241
-9999 -9999 -9999 -9999 -9999 -9999 -9999 -9999 -9999 -9999 -9999 -9999 -9999 -9999 -9999 -9999 -9999 -9999 -9999 -9999 -9999 0.46171783354938 0.44796315561735 0.33659868778043 0.172592093195385 0.100193722406012 0.0546628593564011 0.00388382538657457 0.0589370864886178 0.131119256861684 0.218879960828305 0.330281517191061 0.366263679429883 0.357598106930334 0.31475924480331 0.32806150951714 0.354898615148752 0.375222955509148 0.459222337237804 0.466308748926711 0.468533069534209 0.466224275659232 0.469916443169496 0.478327017240624 0.479437587533794 0.477727107106471 0.478686018929936 0.46728949896699 0.436796765974513 0.432997142239355 0.460126434455432 0.478155434530795 0.477963064960863 0.475609090468593 0.472263221030048 0.468598337978122
-9999 -9999 -9999 -9999 -9999 -9999 -9999 -9999 -9999 -9999 -9999 -9999 -9999 -9999 -9999 -9999 -9999 -9999 -9999 -9999 -9999 0.448418678081706 0.42022306903247 0.329007136062418 0.18788519100488 0.0951200977579538 0.0470794239971011 0.0210640823098435 0.0494987835381226 0.125565109271885 0.214453108092658 0.286644217613677 0.34467995326169 0.365131677507538 0.326658935186817 0.316621169058537 0.35009068558899 0.40279170644131 0.455907780170151 0.463146863423737 0.466394119566037 0.465239541549777 0.469228638605708 0.477142976313856 0.477368928779374 0.476279499062294 0.472433909684746 0.449250000725819 0.424079888659999 0.437068695380707 0.464433899483076 0.476951152305334 0.476415174662634 0.474063968786962 0.470448827881099 0.46648598694325
