layers/veg/veg5800.asc
NCOLS 255 
NROWS 330 
XLLCORNER -2985163.8955 
YLLCORNER -3022031.214 
CELLSIZE 25000 
NODATA_value -9999 
[rows 75 to 99 of 330, columns 0 to 55 of 255]
-9999 -9999 -9999 -9999 -9999 -9999 -9999 -9999 -9999 -9999 -9999 -9999 -9999 -9999 -9999 -9999 -9999 -9999 -9999 -9999 -9999 -9999 -9999 -9999 -9999 0.548778655875094 0.540370899970894 0.556376064172889 0.5757491162758 0.585678186518536 0.588771737385485 0.548851838509713 0.423692506464682 0.280902064562692 0.25908222264661 0.258920021204146 0.248174575628918 0.403435117093155 0.542340827044374 0.578928594372951 0.598563757426569 0.612222309694226 0.623133255694386 0.635986471877618 0.648839331866552 0.659018435564596 0.666873455561823 0.673943216113755 0.680656035839266 0.687564001242779 0.694932087095062 0.702319137908715 0.708992411387308 0.715145691305272 0.720183960568105 0.725407117279131
-9999 -9999 -9999 -9999 -9999 -9999 -9999 -9999 -9999 -9999 -9999 -9999 -9999 -9999 -9999 -9999 -9999 -9999 -9999 -9999 -9999 -9999 -9999 -9999 -9999 0.552459747501539 0.549526213887445 0.567538694411821 0.583868282999501 0.593699702968026 0.598104697900289 0.588638587070539 0.483125053304253 0.316991279840689 0.259224477482538 0.261081642883143 0.299558372751803 0.426686092797281 0.525037952110443 0.569729045213088 0.603628625820119 0.619599331013034 0.630022466618215 0.638626617948543 0.650621750870486 0.662262215879085 0.671143651146067 0.679441337330065 0.684286764405661 0.690205757521164 0.695429936921225 0.700444899404875 0.708568532420083 0.715156104249462 0.720282636362624 0.724793091880985
-9999 -9999 -9999 -9999 -9999 -9999 -9999 -9999 -9999 -9999 -9999 -9999 -9999 -9999 -9999 -9999 -9999 -9999 -9999 -9999 -9999 -9999 -9999 -9999 -9999 0.571667090524757 0.561843172025105 0.567697688119037 0.590857406499334 0.602656840138777 0.607575129449378 0.609995258742758 0.565895066902874 0.439723621351282 0.299471785310967 0.231883321666572 0.280331417778187 0.421216490901819 0.520723564826993 0.565857932548377 0.616994796863499 0.635014192088666 0.644551847985636 0.651289426370009 0.65851388010642 0.665284557841299 0.673130823081253 0.682014621231038 0.689673374220781 0.695314689346854 0.699537750603581 0.70453331139369 0.709333230162924 0.71496759359828 0.720813787124969 0.724864583003542
-9999 -9999 -9999 -9999 -9999 -9999 -9999 -9999 -9999 -9999 -9999 -9999 -9999 -9999 -9999 -9999 -9999 -9999 -9999 -9999 -9999 -9999 -9999 -9999 -9999 0.592292653932559 0.587989749035902 0.592595731668727 0.60228782391263 0.611005709676975 0.621761921870521 0.619067624213531 0.560227029391306 0.405297066519 0.276962715196764 0.279472800556055 0.328817089067484 0.42021315556299 0.549549940555052 0.61020169464702 0.640446291916662 0.650054605953192 0.654950624596778 0.659750934057469 0.66603482722993 0.671907181661348 0.677628463677114 0.684509770710907 0.689745502349868 0.696295160362101 0.703485582080489 0.707024546142049 0.709793355384963 0.712716477804833 0.715719881932085 0.720464005003552
-9999 -9999 -9999 -9999 -9999 -9999 -9999 -9999 -9999 -9999 -9999 -9999 -9999 -9999 -9999 -9999 -9999 -9999 -9999 -9999 -9999 -9999 -9999 -9999 -9999 0.597713628352459 0.598060009741593 0.602072965222511 0.615990756145776 -9999 0.625259548224938 0.615318314106271 0.530278286525893 0.374643995191962 0.289246250787095 0.341465648983505 0.430574930612392 0.491227841199531 0.552143892345036 0.607722917555401 0.649257581116701 0.656948266410966 0.661210228529355 0.665402359603274 0.671177168518955 0.676509059591694 0.680671622323482 0.685647548402995 0.690205270871565 0.696500710895645 0.704247716833203 0.708055122251806 0.710003369456115 0.71346513524121 0.715880590806567 0.718981461206556
-9999 -9999 -9999 -9999 -9999 -9999 -9999 -9999 -9999 -9999 -9999 -9999 -9999 -9999 -9999 -9999 -9999 -9999 -9999 -9999 -9999 -9999 -9999 -9999 -9999 -9999 -9999 0.611920899357948 0.620800644389514 0.630189692886539 0.620103507588331 0.516575108443935 0.322570498262956 0.284481530752487 0.347182113635889 0.366134975906904 0.448074276139296 0.561751269332436 0.610228551228237 0.645057971504689 0.660763843994608 0.667341733703443 0.670783348609092 0.674742315834784 0.679860820342368 0.684054502490083 0.687937273319578 0.692675369485837 0.696619309855729 0.700201776257444 0.705907473982663 0.711122804555126 0.713240313809697 0.715402780298931 0.717327035013753 0.718342523268795
-9999 -9999 -9999 -9999 -9999 -9999 -9999 -9999 -9999 -9999 -9999 -9999 -9999 -9999 -9999 -9999 -9999 -9999 -9999 -9999 -9999 -9999 -9999 -9999 -9999 -9999 -9999 -9999 -9999 0.637573102587319 0.58924845650572 0.489164113617535 0.318027620016424 0.32046586665746 0.36246077637162 0.36934489672826 0.469413644312056 0.575608863578494 0.60032679876313 0.64206371368139 0.66506708090216 0.675988811326116 0.678704036763183 0.682126385022851 0.686805731945353 0.690599356159802 0.694125291655931 0.697989120243929 0.700557311253312 0.703622386421799 0.707384766498238 0.709975465168327 0.712611985632112 0.71501560305849 0.716791555043757 0.71708927127125
-9999 -9999 -9999 -9999 -9999 -9999 -9999 -9999 -9999 -9999 -9999 -9999 -9999 -9999 -9999 -9999 -9999 -9999 -9999 -9999 -9999 -9999 -9999 -9999 -9999 -9999 -9999 -9999 -9999 -9999 0.602464505720067 0.451172700214462 0.391967775725208 0.407014487420428 0.363600665907336 0.436358509258396 0.531818255295807 0.535723720965657 0.564834219828892 0.642223506086066 0.666135593158357 0.681478629228818 0.684713300096902 0.687514006075459 0.691554274222105 0.694911836265143 0.697707615954027 0.700662722193107 0.702935659759147 0.705072198237171 0.707860081440934 0.710223116841533 0.711904160490611 0.713458630387875 0.714585853787929 0.714751418555461
-9999 -9999 -9999 -9999 -9999 -9999 -9999 -9999 -9999 -9999 -9999 -9999 -9999 -9999 -9999 -9999 -9999 -9999 -9999 -9999 -9999 -9999 -9999 -9999 -9999 -9999 -9999 -9999 0.652777923869539 0.65426412237817 0.631702077593138 0.533111011231811 0.453227931058147 0.421352690562412 0.369750390817673 0.453324478485152 0.570710352812113 0.57913612729805 0.608497300258722 0.664673901417653 0.676954362142826 0.682028245443701 0.690796296198678 0.693287823810519 0.696466756956099 0.699300871285756 0.701581615221708 0.703467883382936 0.705197219141582 0.706823172364004 0.708613770470955 0.710013501235639 0.711008481102614 0.712236333187689 0.712979429572814 0.712444387292373
-9999 -9999 -9999 -9999 -9999 -9999 -9999 -9999 -9999 -9999 -9999 -9999 -9999 -9999 -9999 -9999 -9999 -9999 -9999 -9999 -9999 -9999 -9999 -9999 -9999 -9999 -9999 0.650583365003689 0.652235955846677 0.65279519188648 0.619186324248086 0.512755821374851 0.413991147518319 0.394615706543844 0.43606612749573 0.512540320706114 0.546858176239255 0.567100958598317 0.604940107966784 0.649226141615829 0.672069965680197 0.676077119425823 0.697662526848004 0.700432525322342 0.70292953598461 0.705014788568696 0.70617011592029 0.707010010323448 0.707700108536009 0.70841395379768 0.709400051190084 0.710189034068709 0.710573136828584 0.710627080311932 0.710118022936397 0.709299092081026
-9999 -9999 -9999 -9999 -9999 -9999 -9999 -9999 -9999 -9999 -9999 -9999 -9999 -9999 -9999 -9999 -9999 -9999 -9999 -9999 -9999 -9999 -9999 -9999 -9999 -9999 0.645822071327543 0.64742120443154 0.645240937013633 0.636166780673906 0.610220020399296 0.557292874551315 0.465218191176299 0.422831519266513 0.491509094078423 0.561735229911316 0.55330398869644 0.5560241301908 0.609354272312201 0.656403973626125 0.679979499338999 0.679576024946693 0.702650510889129 0.707123455644711 0.708831049358649 0.709901426598156 0.710276345539451 0.710416660092536 0.710247899850699 0.710078500400702 0.710101433297852 0.71026825431856 0.710202581366248 0.709122185485068 0.707417266472949 0.706213253694705
-9999 -9999 -9999 -9999 -9999 -9999 -9999 -9999 -9999 -9999 -9999 -9999 -9999 -9999 -9999 -9999 -9999 -9999 -9999 -9999 -9999 -9999 -9999 -9999 -9999 0.644286771853527 0.636802882994498 0.630469595745177 0.627288271698434 0.60746563457579 0.561572605760284 0.540203416882659 0.5440961752353 0.486066755011958 0.47947321189899 0.531608921947751 0.542753594774593 0.597210395957831 0.625161183526721 0.663200788537211 0.694623190313675 0.69574895243413 0.70576790912639 0.711830009061665 0.713248412775781 0.713952427361388 0.713577760432973 0.712980072553181 0.712377086695325 0.711947438475353 0.711286858224264 0.710298277488447 0.70912376256687 0.707254459404641 0.705165742812464 0.70345564478005
-9999 -9999 -9999 -9999 -9999 -9999 -9999 -9999 -9999 -9999 -9999 -9999 -9999 -9999 -9999 -9999 -9999 -9999 -9999 -9999 -9999 -9999 -9999 -9999 -9999 0.64301610066635 0.620769541872429 0.59966192968724 0.614052205641139 0.62639415632842 0.594814919897105 0.538233600802466 0.502653492076617 0.481341609443053 0.46646636467966 0.512484819255787 0.582596755061694 0.627854622900338 0.666600225326576 0.687308472584647 0.69536576890967 0.698536901880816 0.716523923932116 0.717827182870436 0.717980782327293 0.717587614260855 0.717542362777962 0.716832466850605 0.715804211750669 0.71432597269994 0.712017878843824 0.709707243239781 0.707621323948038 0.704890567576486 0.702636963443792 0.700046746838535
-9999 -9999 -9999 -9999 -9999 -9999 -9999 -9999 -9999 -9999 -9999 -9999 -9999 -9999 -9999 -9999 -9999 -9999 -9999 -9999 -9999 -9999 -9999 -9999 -9999 0.629957061590669 0.611918573634572 0.615120492022204 0.650423740833749 0.658894557056847 0.621407208676794 0.554977618497013 0.484338846196174 0.471568316007563 0.515749663633995 0.51607851588293 0.529559531916412 0.602853787560326 0.663634027223182 0.693505822251631 0.687543870413736 0.687729951264241 0.718777725874282 0.722487198612098 0.7225005561041 0.721834249209736 0.721160070108835 0.719636134945573 0.717742200029101 0.715475221842406 0.712067883227417 0.709298403106759 0.706480799498183 0.702575349054641 0.699477941709862 0.696814325123873
-9999 -9999 -9999 -9999 -9999 -9999 -9999 -9999 -9999 -9999 -9999 -9999 -9999 -9999 -9999 -9999 -9999 -9999 -9999 -9999 -9999 -9999 -9999 -9999 -9999 0.626833784251864 0.622052870119449 0.650527849146477 0.664844435140761 0.6589674741305 0.609447226537773 0.542781804841037 0.452017748695981 0.419963871693354 0.505907876647832 0.550983738984966 0.570495946692144 0.612648536356547 0.66582675627555 0.69175206432467 0.674571704445076 0.658240208787486 0.695770869009987 0.720289120402435 0.72154039293579 0.720634750257956 0.719789641199442 0.71979085897627 0.718221795947094 0.715381527295287 0.711361371351421 0.708562741093616 0.70568839196199 0.701247109387315 0.697559935824541 0.694553847106538
-9999 -9999 -9999 -9999 -9999 -9999 -9999 -9999 -9999 -9999 -9999 -9999 -9999 -9999 -9999 -9999 -9999 -9999 -9999 -9999 -9999 -9999 -9999 -9999 -9999 0.646666029631264 0.652400738392221 0.669137827740875 0.675345304509613 0.67593224231318 0.615424468765987 0.526412643798282 0.462488632409692 0.431397192955666 0.503922824621364 0.555582807944441 0.564175006665277 0.605860678169547 0.642955758615767 0.64861383663162 0.640923493896243 0.62164232672818 0.642912784618741 0.68257670029081 0.69723238816568 0.712844671126708 0.717780292555582 0.717913428483367 0.718240578128191 0.714724006800786 0.707633193344639 0.704887319224906 0.703820900482341 0.699886595256507 0.696068477296696 0.692069855890884
-9999 -9999 -9999 -9999 -9999 -9999 -9999 -9999 -9999 -9999 -9999 -9999 -9999 -9999 -9999 -9999 -9999 -9999 -9999 -9999 -9999 -9999 -9999 -9999 -9999 -9999 0.66536715754136 0.674593326722156 0.677899449339312 0.68234661048943 0.66926358556124 0.612090711592264 0.506601323808177 0.410634910449189 0.454500974592028 0.559532628643086 0.608564801501779 0.615976599173073 0.612093786380149 0.609842420998375 0.584822370848513 0.586666657579256 0.612755224296789 0.638137908835075 0.644060177084901 0.674164138644806 0.718455816935889 0.718593983897726 0.718191393971692 0.714433718823725 0.704875020498171 0.702179007586913 0.702267377464384 0.69854437174541 0.693982830022405 0.689321633562453
-9999 -9999 -9999 -9999 -9999 -9999 -9999 -9999 -9999 -9999 -9999 -9999 -9999 -9999 -9999 -9999 -9999 -9999 -9999 -9999 -9999 -9999 -9999 -9999 -9999 -9999 0.665971663209036 0.677973216475096 0.6816029214808 0.679236161396492 0.6819229568927 0.671371012659525 0.569726849743557 0.471860958915985 0.520930652468393 0.579821934669131 0.623409620629379 0.63792272016833 0.572709835103355 0.528742090913844 0.539261108069945 0.57848172341027 0.621404653034126 0.634715863956145 0.631568270841438 0.648374777872618 0.698823564281056 0.720620364729374 0.720076364356178 0.714193154370707 0.706215690802238 0.702711568447858 0.700971906872538 0.696886013693263 0.691327216146232 0.686850683640545
-9999 -9999 -9999 -9999 -9999 -9999 -9999 -9999 -9999 -9999 -9999 -9999 -9999 -9999 -9999 -9999 -9999 -9999 -9999 -9999 -9999 -9999 -9999 -9999 -9999 -9999 -9999 0.684111033554775 0.690556138697924 0.690285846268192 0.689843495887447 0.681440399523474 0.604108822944475 0.519646245723243 0.50374205056702 0.494301158828174 0.567351007834983 0.644402359321076 0.621958043099203 0.546472820610053 0.481177895030276 0.47897164005477 0.505677538023739 0.598697482813074 0.638051951606804 0.604843740568021 0.637284236869137 0.703792548180675 0.716574476328634 0.713818622191297 0.706940060641268 0.701811974032015 0.700319692001816 0.695605943463321 0.689693706639963 0.684146578542492
-9999 -9999 -9999 -9999 -9999 -9999 -9999 -9999 -9999 -9999 -9999 -9999 -9999 -9999 -9999 -9999 -9999 -9999 -9999 -9999 -9999 -9999 -9999 -9999 -9999 -9999 -9999 0.68319846070683 0.695481331220746 0.701277735251361 0.704968417734145 0.70620378048282 0.681438856181445 0.578834493126428 0.516321758375312 0.556321765770371 0.584028494245556 0.600140621277394 0.542653943565427 0.472322451960373 0.477768662125853 0.462150061774122 0.415033748798197 0.486987459840879 0.575837169797791 0.589113685569553 0.632253429779927 0.67006047036535 0.69022326480451 0.708578993130827 0.704938178132171 0.700276631019717 0.699281303818851 0.693613121048901 0.687496260769029 0.68081126918897
-9999 -9999 -9999 -9999 -9999 -9999 -9999 -9999 -9999 -9999 -9999 -9999 -9999 -9999 -9999 -9999 -9999 -9999 -9999 -9999 -9999 -9999 -9999 -9999 -9999 -9999 0.669508643881143 0.682051850960726 0.695742372585452 0.702758989613553 0.707176279611767 0.705022534808209 0.689931761034984 0.587255199497493 0.492769905564913 0.54768694983085 0.57514060564985 0.583260021551841 0.580472534347823 0.508489343831739 0.488948551914182 0.483723989667024 0.467567707953974 0.507287850445567 0.545191879256922 0.581154434655435 0.644953606633213 0.676195099567371 0.673059131809429 0.683514653990765 0.695949667197561 0.696680813679714 0.6971865877634 0.692709188981602 0.685994672121566 0.678021447865212
-9999 -9999 -9999 -9999 -9999 -9999 -9999 -9999 -9999 -9999 -9999 -9999 -9999 -9999 -9999 -9999 -9999 -9999 -9999 -9999 -9999 -9999 -9999 -9999 -9999 -9999 -9999 0.670913910929162 0.694904366735597 0.703992370457718 0.710357875996012 0.713387809707106 0.713728817824958 0.65401346388828 0.544502840983473 0.500996005505922 0.499126576688573 0.485911719230388 0.465573870315008 0.504341360102505 0.520799253707136 0.47890736250829 0.508576612011399 0.55627841158763 0.600637468961663 0.642749033439546 0.676797405371974 0.695146980514354 0.686424289139022 0.660577241624328 0.652572441645167 0.670199586135777 0.692019085270553 0.687337850408174 0.679712582698642 0.671424844315438
-9999 -9999 -9999 -9999 -9999 -9999 -9999 -9999 -9999 -9999 -9999 -9999 -9999 -9999 -9999 -9999 -9999 -9999 -9999 -9999 -9999 -9999 -9999 -9999 -9999 -9999 -9999 -9999 -9999 -9999 0.710642214549325 0.717477088173553 0.709054110663708 0.700575980429158 0.676470605651782 0.602092331788342 0.525980192086474 0.459520683664218 0.405598295987629 0.45397613964507 0.523872742719177 0.469755058214344 0.46329218939856 0.549862348392298 0.621656542128757 0.655051504971642 0.679728819732212 0.704260959777687 0.689516432827058 0.657537292661125 0.641063442584853 0.658209872866532 0.689710940082738 0.68046197120647 0.66949247552394 0.660489760104432
-9999 -9999 -9999 -9999 -9999 -9999 -9999 -9999 -9999 -9999 -9999 -9999 -9999 -9999 -9999 -9999 -9999 -9999 -9999 -9999 -9999 -9999 -9999 -9999 -9999 -9999 -9999 -9999 -9999 -9999 -9999 -9999 0.721364047730823 0.71780123135051 0.69737222044961 0.608014667560936 0.464335213083815 0.389848569512153 0.367868648805883 0.38640928017134 0.472454770436099 0.446733870114213 0.396947358286541 0.502267716214684 0.624343497342348 0.683187135576525 0.695405591378138 0.69991753522624 0.678847401836746 0.664550238132483 0.679832557347989 0.692837615880681 0.691997562332953 0.683113642616972 0.663994347416411 0.654000461452001
-9999 -9999 -9999 -9999 -9999 -9999 -9999 -9999 -9999 -9999 -9999 -9999 -9999 -9999 -9999 -9999 -9999 -9999 -9999 -9999 -9999 -9999 -9999 -9999 -9999 -9999 -9999 -9999 -9999 -9999 -9999 -9999 -9999 0.719571759395617 0.707170189855719 0.645497155622033 0.549424502668576 0.483330661987225 0.442706412823684 0.417276062407099 0.426710979311601 0.469015646608461 0.437555518501808 0.451765749058493 0.592921461882043 0.662936817354679 0.687185307808016 0.685848853104873 0.659073525549309 0.64845477897363 0.670493494167987 0.680803503301809 0.687501680222044 0.685044263696154 0.677314449043483 0.666175642004618
