layers/veg/veg5600.asc
NCOLS 255 
NROWS 330 
XLLCORNER -2985163.8955 
YLLCORNER -3022031.214 
CELLSIZE 25000 
NODATA_value -9999 
[rows 125 to 149 of 330, columns 171 to 227 of 255]
0.362488362823913 0.428607438772958 0.470739263106059 0.484267584819737 0.465659273373052 0.439647437678144 0.433065610957965 0.434213344513677 0.446475217294062 0.458013877456082 0.4693966412109 0.483130670788493 0.497145211067714 0.51164929238997 0.527293042206347 0.543466589614155 0.557027709172317 0.567033838513182 0.569428276679183 0.543322260040522 0.500931714531714 0.516776355667339 0.519840253445499 0.481343936481047 0.472721177845189 0.484818054546283 0.556772402837701 0.618059428933577 0.622334770047235 0.634533645888265 0.653359657659769 0.650342407320074 0.648043432887336 0.664792420104406 0.680289387570658 0.694527452917825 0.704377491839706 0.713547195878229 0.72467515745565 0.731112281578941 0.731878589895109 0.732054274847841 -9999 -9999 -9999 -9999 -9999 -9999 -9999 -9999 -9999 -9999 -9999 -9999 -9999 -9999 -9999
0.354947433627164 0.422051352873273 0.467739465939701 0.487890386252021 0.468269811281382 0.439723094410617 0.437549774829142 0.44240655607834 0.457371741506657 0.470598619996339 0.483116524051324 0.494392524043204 0.507700624086676 0.524555099983328 0.531843968970633 0.534685780215594 0.558560233206437 0.5750990876022 0.575931482155447 0.553109084136635 0.516770861363545 0.528189790398359 0.531639425884882 0.50771466508496 0.501537263949942 0.507669036580093 0.551686852494215 0.594891438331468 0.62228892451756 0.638178806234954 0.64444388517528 0.63140067262196 0.624706984124611 0.660778024971014 0.686062341954552 0.700500640318935 0.70746937391145 0.71419008032425 0.730091320723311 0.736979889205921 0.732972918700449 -9999 -9999 -9999 -9999 -9999 -9999 -9999 -9999 -9999 -9999 -9999 -9999 -9999 -9999 -9999 -9999
0.364223845783536 0.429092594796731 0.472803788482211 0.491285739613089 0.472469322754165 0.445421540598858 0.444483393312581 0.449883433413518 0.464396992853102 0.478077786613229 0.491329777417986 0.502148170031582 0.513719417466405 0.526604530405467 0.536935712993363 0.54608160717938 0.567016305915508 0.581706297958666 0.583025569994433 0.562459497274168 0.529388623105806 0.536527627080076 0.540310294077188 0.530000443437093 0.53030087311203 0.537960357122985 0.569269740948975 0.601365387883783 0.628011853533946 0.629601564983938 0.610234150381668 0.60735950122727 0.615589596742355 0.662280661446317 0.693520604573264 0.7092244911142 0.712978288147507 -9999 0.741458509102791 0.741458509102791 -9999 -9999 -9999 -9999 -9999 -9999 -9999 -9999 -9999 -9999 -9999 -9999 -9999 -9999 -9999 -9999 -9999
0.381854582358596 0.442888560042773 0.481874111187555 0.494568103950775 0.477458186144796 0.453913211130062 0.45263382354111 0.457004458511433 0.469499118019373 0.483020664246478 0.496807511054665 0.508162042908084 0.517484561387844 0.523260855282825 0.542296117961566 0.567500550301039 0.578911779094878 0.587589200689391 0.590413189542614 0.571593115220875 0.540406102404445 0.543337603718648 0.547427119450734 0.550256947427661 0.559038413385206 0.57194780301557 0.59811359436896 0.622564517787119 0.636600527678774 0.614952620365626 0.563459173405751 0.580785090623051 0.613535790291672 0.66652398510394 0.701816075133677 0.719314784671068 0.718338684455779 -9999 -9999 -9999 -9999 -9999 -9999 -9999 -9999 -9999 -9999 -9999 -9999 -9999 -9999 -9999 -9999 -9999 -9999 -9999 -9999
0.396793755302162 0.449801357268134 0.479768793015221 0.482262074351227 0.475461639961051 0.466472244592996 0.462629999833703 0.464700525505196 0.475272874233328 0.489642764463366 0.505478244960647 0.522309981453911 0.536964160750122 0.547818115615207 0.562833572669262 0.579783166512545 0.585918726249081 0.589145871352202 0.586145726745692 0.569122110466329 0.544085792955302 0.563142746395885 0.580108119150215 0.585863196780933 0.594422976427771 0.604928034985261 0.624222917737747 0.640804571395561 0.645098495870025 0.635450865073073 0.614142708381444 0.631433323265391 0.656709681593671 0.69031696479747 0.714675050231967 0.729733094941085 0.731791646432874 -9999 -9999 -9999 -9999 -9999 -9999 -9999 -9999 -9999 -9999 -9999 -9999 -9999 -9999 -9999 -9999 -9999 -9999 -9999 -9999
0.415552017612743 0.454766896447831 0.474275569499667 0.47028565597873 0.471930028127253 0.474532203243956 0.470376853433776 0.471521093706996 0.480285480523911 0.495266178008739 0.512674811841674 0.532309565781729 0.549784052692671 0.563488489589358 0.576621766854706 0.589485886672041 0.592613340349018 0.592733540093688 0.586414822480513 0.568937108963301 0.545083392248714 0.577826585614025 0.60577646937646 0.61370596587416 0.620824059653614 0.627379382562302 0.641526063343169 0.652578274078779 0.650453157000343 0.649280142339884 0.648903453102455 0.665793582432894 0.685468603848668 0.705297663717517 0.721984975295514 0.735513268352923 0.736764730841851 -9999 -9999 -9999 -9999 -9999 -9999 -9999 -9999 -9999 -9999 -9999 -9999 -9999 -9999 -9999 -9999 -9999 -9999 -9999 -9999
0.443133940124944 0.455499048523774 0.461391222788571 0.459564772534705 0.465111306246805 0.472168614711175 0.472918470439476 0.476320251684825 0.483535169558638 0.498550838850018 0.516396154304485 0.532557135749974 0.546862755993832 0.557930441098012 0.574481186485895 0.593580393056418 0.598750679889527 0.601106772040353 0.59743731151223 0.574355197806982 0.540181123875987 0.580376178809356 0.614579331580849 0.623294136362446 0.626459467856876 0.625775808161253 0.638770954421292 0.649653855355047 0.648619674690187 0.646721904975547 0.644101841206815 0.660407019585203 0.67979490819988 0.699489274717333 0.71645332486296 0.730672050053439 0.734339217954913 -9999 -9999 -9999 -9999 -9999 -9999 -9999 -9999 -9999 -9999 -9999 -9999 -9999 -9999 -9999 -9999 -9999 -9999 -9999 -9999
0.44545205883137 0.444294311939054 0.448204239450609 0.458157095114432 0.466108581022498 0.473133462722378 0.476782869059073 0.481658842122232 0.488298464459048 0.502817993862815 0.520005811359913 0.531572442210463 0.542922341670187 0.553894006322797 0.575809391841133 0.602812622296078 0.606059309937984 0.608320536405148 0.608471763781327 0.589927564394877 0.560701212076399 0.592695762693234 0.618909840298835 0.621877415345533 0.623198592663307 0.623377865150472 0.630827724013158 0.636070101114382 0.631274194920975 0.630308660632096 0.632546796945922 0.65811257939354 0.685074746041942 0.701510258253231 0.716197600684474 0.729127163624474 0.731497711408354 -9999 -9999 -9999 -9999 -9999 -9999 -9999 -9999 -9999 -9999 -9999 -9999 -9999 -9999 -9999 -9999 -9999 -9999 -9999 -9999
0.432429192995596 0.425841117211094 0.434833485535171 0.462404692360916 0.47185197735635 0.476119443179174 0.481450502711981 0.487324993091994 0.493980868942754 0.507681750559741 0.523547649486669 0.52983947910831 0.5383630867377 0.550781543752157 0.579243954124328 0.615164640127788 0.614079184805907 0.614830235206916 0.619513480508348 0.611665931127042 0.596658563098085 0.610947995408726 0.620524593850671 0.613778174476591 0.614535611471645 0.620497556275214 0.619734101362604 0.616013659599362 0.604509337330926 0.60548221574558 0.616890853932067 0.657695774344765 0.697005917517586 0.70828548560667 0.719145586593816 0.729583914663105 -9999 -9999 -9999 -9999 -9999 -9999 -9999 -9999 -9999 -9999 -9999 -9999 -9999 -9999 -9999 -9999 -9999 -9999 -9999 -9999 -9999
0.410064838463321 0.421402715856816 0.441337965559895 0.471525117619885 0.486160456806107 0.495580591943329 0.498324030050816 0.505420062462642 0.518774580138867 0.532650960409055 0.546506031693048 0.555905103201304 0.566380960152976 0.578735999132419 0.597780419373504 0.619933316553555 0.623067464824682 0.625937122585558 0.628240472154386 0.607391417247609 0.573313591021904 0.59297410565482 0.60870303948186 0.607077521004064 0.611250897650533 0.619446258923352 0.62806757046038 0.633812070958051 0.629586879902504 0.636593587375537 0.652994500953209 0.681809636971089 0.709201643425702 0.721163407173319 0.726754902672497 0.725941112478818 -9999 -9999 -9999 -9999 -9999 -9999 -9999 -9999 -9999 -9999 -9999 -9999 -9999 -9999 -9999 -9999 -9999 -9999 -9999 -9999 -9999
0.396790936564274 0.419999187591579 0.446923954331593 0.478280465425886 0.498448635249665 0.513889588600193 0.514920726331713 0.522777974507252 0.540450314244265 0.555229048241565 0.568697759801251 0.577421224826496 0.586899602493633 0.597695436927909 0.609981837571217 0.622960241403101 0.629743518513028 0.634501718368883 0.634923967428519 0.605070692438156 0.557918653311218 0.583326614166674 0.60514575055018 0.608124855419287 0.613896962476313 0.621606233703486 0.64134034213915 0.658080062284027 0.660459378174625 0.670800949339918 0.687802041771176 0.703943673055214 0.719613147255624 0.733761681354337 0.743171835084559 0.747817561510007 -9999 -9999 -9999 -9999 -9999 -9999 -9999 -9999 -9999 -9999 -9999 -9999 -9999 -9999 -9999 -9999 -9999 -9999 -9999 -9999 -9999
0.411333975790766 0.424753140873884 0.446241690404832 0.477352545270553 0.503369499474599 0.525880173794947 0.528492970206925 0.53574849070498 0.54967966674263 0.567266951277276 0.585141137701639 0.58079249143395 0.579928030295305 0.585144091619112 0.601228664188102 0.622369309582851 0.629601219526758 0.634924371507043 0.636160627248918 0.613112927893682 0.576189914247128 0.604211693496038 0.627780202358777 0.631171543761966 0.632595898512205 0.632655995087589 0.665252239395804 0.694016971609327 0.698508344124973 0.703684461632925 0.709433290474625 0.715910674075609 0.724851454236146 0.744442110685257 0.752605631738246 0.749279202288597 -9999 -9999 -9999 -9999 -9999 -9999 -9999 -9999 -9999 -9999 -9999 -9999 -9999 -9999 -9999 -9999 -9999 -9999 -9999 -9999 -9999
0.418026653726487 0.43822395559609 0.456708499979852 0.47315067352359 0.501207210414211 0.5305351858764 0.539009337385316 0.548969561217762 0.561066570858473 0.573981465047991 0.586098488141187 0.575466415060184 0.572179461032101 0.581711045553641 0.602677637363005 0.628958582662311 0.624668710927153 0.62258652450411 0.625231276210275 0.61460667016289 0.596400246881113 0.617884602221418 0.635631629482223 0.638334900442739 0.640184188828522 0.641441173902527 0.669607868348833 0.695855979696729 0.706297755606403 0.713191060657687 0.717116473280528 0.726390818992614 0.737614683563183 0.753817164757767 0.76221222849488 0.76275695730289 -9999 -9999 -9999 -9999 -9999 -9999 -9999 -9999 -9999 -9999 -9999 -9999 -9999 -9999 -9999 -9999 -9999 -9999 -9999 -9999 -9999
0.418946969139172 0.458104269503174 0.475373211748739 0.46654146856357 0.493836686082261 0.529796358648319 0.547278721594849 0.562374864058796 0.574039920443122 0.576781696207928 0.575668978634461 0.563745191403986 0.563859566632173 0.584982675473959 0.611628238331175 0.640827452964835 0.616213966162187 0.600865894969088 0.605356269992663 0.61128531217735 0.618036376925544 0.626254409374504 0.63261311387195 0.633819259809856 0.639602832859411 0.648561207500781 0.659583793481225 0.672622836334084 0.691837348039952 0.705508639578049 0.714543657684107 0.735777680157387 0.755910980494744 0.762232377755319 0.764647288009108 0.763134237248064 -9999 -9999 -9999 -9999 -9999 -9999 -9999 -9999 -9999 -9999 -9999 -9999 -9999 -9999 -9999 -9999 -9999 -9999 -9999 -9999 -9999
0.423691256861751 0.470840324728852 0.494822702086297 0.491180051646233 0.504300384079402 0.522429350441234 0.541719631316574 0.559086198924568 0.573686707879999 0.578403343595011 0.578911828824308 0.568709178540189 0.565963901015807 0.576233064715707 0.604155703254944 0.640278610281725 0.616827888401318 0.603435194629914 0.611578032354863 0.631358358691437 0.657788088364585 0.66377529074136 0.666041196711829 0.660976880872489 0.665847164970021 0.677607866527915 0.700884418473175 0.721053448125925 0.726650821818961 0.732182830804054 0.737660169642615 0.751870064051842 0.76575826983086 0.771874748689453 0.774779250116723 0.774454117832468 -9999 -9999 -9999 -9999 -9999 -9999 -9999 -9999 -9999 -9999 -9999 -9999 -9999 -9999 -9999 -9999 -9999 -9999 -9999 -9999 -9999
0.427205130515982 0.479852369488826 0.510477818461745 0.51484347168847 0.515716645347117 0.517375014933766 0.536804266568224 0.555284042646193 0.572398591835621 0.579630183749283 0.582573535441734 0.573147041964557 0.567491261812344 0.568416046762941 0.595493587756278 0.634730116297262 0.618136119460093 0.611338160678166 0.62551477899941 0.656460674335439 0.696988163282884 0.700628848522306 0.699780346048807 0.691648592984349 0.697383127588511 0.712735010779367 0.742431583387331 0.764233657267562 0.754145478864567 0.752394614360201 0.757616965018301 0.766728712126548 0.775749547080891 0.781546510426061 0.785709467078247 0.788229434882173 -9999 -9999 -9999 -9999 -9999 -9999 -9999 -9999 -9999 -9999 -9999 -9999 -9999 -9999 -9999 -9999 -9999 -9999 -9999 -9999 -9999
0.424477683628007 0.478181799925594 0.511712524896137 0.521187569753571 0.522846672010894 0.52380654540991 0.540340558682461 0.556896998183718 0.573485683792025 0.579909166621471 0.581793985525355 0.568316890018777 0.56230731089389 0.56932987541691 0.589619685220844 0.616078989498126 0.618043611389441 0.628377095799034 0.656629390973305 0.689962385871368 0.726198380103993 0.722224478468921 0.718692203880699 0.721468568933476 0.736787223599464 0.76080493126134 0.762388255746047 0.75651255375018 0.732883079715174 0.733567427798149 0.754587523714547 0.774070200577472 0.789979749516652 0.790789215478976 0.790452851499968 0.788964358938079 -9999 -9999 -9999 -9999 -9999 -9999 -9999 -9999 -9999 -9999 -9999 -9999 -9999 -9999 -9999 -9999 -9999 -9999 -9999 -9999 -9999
0.421987453667194 0.476140965167861 0.511027829935301 0.522940258567879 0.526590429045815 0.52876145088335 0.540107046327057 0.552861946118529 0.567643248987529 0.576875924700525 0.583288331283947 0.574244815578185 0.569985548653046 0.574075646385381 0.585428677026359 0.600166756276151 0.624728783411095 0.648971262781701 0.672529549299703 0.704836336571945 0.742141823481766 0.728166362250081 0.719082267055135 0.729602309377903 0.746859811463541 0.768790265724762 0.760773780518673 0.747630364733997 0.727280190416552 0.732990435690851 0.760497259005384 0.781730150677152 0.797885400119125 0.795538268400598 0.794361485829368 -9999 -9999 -9999 -9999 -9999 -9999 -9999 -9999 -9999 -9999 -9999 -9999 -9999 -9999 -9999 -9999 -9999 -9999 -9999 -9999 -9999 -9999
0.419707289366356 0.473772244860899 0.508643423551378 0.520627059563698 0.527335500561316 0.532408742227223 0.53653521206786 0.543825343536658 0.555664424045261 0.57090956710574 0.586796308200291 0.589699475499414 0.589053800546615 0.582214764957312 0.582727943217563 0.586679929595664 0.637415878898876 0.672713738514301 0.674956662996143 0.703214614216778 0.746336975738549 0.720246189226598 0.703070494723116 0.718531967600247 0.730958103603113 0.741278997489596 0.740057138307168 0.737719985215084 0.735544461910613 0.748574765579808 0.774323014680812 0.789672112087001 0.800190391566256 0.796308001583299 -9999 -9999 -9999 -9999 -9999 -9999 -9999 -9999 -9999 -9999 -9999 -9999 -9999 -9999 -9999 -9999 -9999 -9999 -9999 -9999 -9999 -9999 -9999
0.427178472596304 0.473376024569577 0.504208658776823 0.516719458010875 0.519438823319022 0.519151096387749 0.517382292995538 0.526280507325435 0.550516556647748 0.565948903382624 0.577353064070549 0.573443816184622 0.575903958129837 0.589479817669253 0.599215051924635 0.607173150472569 0.648969519170579 0.680294736623809 0.68919987282541 0.708109297281773 0.732734950550151 0.716580108016061 0.708361901297457 0.726540920971215 0.740178635750095 0.750666602502952 0.76039898779241 0.766838784403312 0.76229553708446 0.770526575441848 0.789441851390661 0.79958333607314 0.806742749299707 0.806714439279019 -9999 -9999 -9999 -9999 -9999 -9999 -9999 -9999 -9999 -9999 -9999 -9999 -9999 -9999 -9999 -9999 -9999 -9999 -9999 -9999 -9999 -9999 -9999
0.435974838643827 0.469261523997425 0.493729617249571 0.507682015485374 0.506670001705266 0.501647074251712 0.500121604437079 0.51311871358388 0.546997471714274 0.560902751112681 0.56655911459821 0.555828557828197 0.559511029153992 0.588346796829624 0.609186282042494 0.626306134893149 0.654473866745746 0.679680993285759 0.698549083161086 0.710787487658152 0.719237836712517 0.716289358894965 0.719265554371802 0.7395179459319 0.755042769063804 0.767288655927546 0.784369372392705 0.796134242127252 0.788084703705836 0.791087784256713 0.803335123946643 0.809173885063139 0.813558618126418 0.815978742137786 -9999 -9999 -9999 -9999 -9999 -9999 -9999 -9999 -9999 -9999 -9999 -9999 -9999 -9999 -9999 -9999 -9999 -9999 -9999 -9999 -9999 -9999 -9999
0.44267943667037 0.444754727528526 0.454807992574224 0.474374561154012 0.477231391162536 0.478005818257933 0.506289225528454 0.529530559998916 0.545522025514272 0.554527979120002 0.560593849034783 0.559791993108356 0.555716244159097 0.545926969858082 0.569338443410524 0.608203640965812 0.63068962329896 0.652485462188096 0.672803615221275 0.696528394213832 0.722199643856262 0.729098424536398 0.739210997519233 0.760300817897631 0.775686648608398 0.787116319005785 0.78975788862809 0.791372784443534 0.792504499379791 0.798982262733911 0.809931387768783 0.815395011098522 0.818944932737917 0.817777458178184 -9999 -9999 -9999 -9999 -9999 -9999 -9999 -9999 -9999 -9999 -9999 -9999 -9999 -9999 -9999 -9999 -9999 -9999 -9999 -9999 -9999 -9999 -9999
0.438954625582998 0.427955350596011 0.429300867761811 0.445366883146082 0.454858915124088 0.465588626299847 0.507401823633155 0.534316987148651 0.53981064463857 0.548115680782854 0.557418313221416 0.565656014416499 0.555953781174485 0.514943173009915 0.537903461300985 0.590640146651581 0.612737533047663 0.637211532325011 0.66677416537873 0.701081531750643 0.738099933691316 0.741976075096224 0.749318700929898 0.77014643973467 0.785352452355261 0.796659360784138 0.797309016014176 0.797953083416984 0.802243444293942 0.809540982061155 0.819353681395068 0.821504597026073 0.822266837005163 -9999 -9999 -9999 -9999 -9999 -9999 -9999 -9999 -9999 -9999 -9999 -9999 -9999 -9999 -9999 -9999 -9999 -9999 -9999 -9999 -9999 -9999 -9999 -9999
0.424130124321647 0.419358736443275 0.418070370770888 0.420935321050972 0.440006702493521 0.465116850609197 0.503134520694416 0.5267308483574 0.529591092496029 0.541663444344474 0.557211798524836 0.573542769307072 0.560482790938426 0.49613038123052 0.515422016238193 0.573650292573727 0.60099241893567 0.634625385502768 0.681727849858939 0.725655931574815 0.767770241331434 0.754926718414934 0.748956409166565 0.768351892271819 0.78333463733424 0.795256805478461 0.807161742031342 0.816604055191569 0.817643391467229 0.822935168638878 0.831783629137309 0.827495474345556 -9999 -9999 -9999 -9999 -9999 -9999 -9999 -9999 -9999 -9999 -9999 -9999 -9999 -9999 -9999 -9999 -9999 -9999 -9999 -9999 -9999 -9999 -9999 -9999 -9999
0.394898169460057 0.400557981530884 0.404316051842449 0.405806397770103 0.421073274336313 0.443005068406619 0.490995026433969 0.520762077649585 0.52432687205435 0.534533514384784 0.546417400723222 0.541770989325344 0.526227617683481 0.491667113173543 0.519059179301431 0.575288221907461 0.601981854245956 0.629867705204782 0.660306249531572 0.709293887931001 0.768880068003229 0.754051798617305 0.742541608805255 0.749384969737262 0.760025527302736 0.773299735961352 0.796479487268243 0.816119944691807 0.820268250565127 0.826454245792201 0.834344536487907 -9999 -9999 -9999 -9999 -9999 -9999 -9999 -9999 -9999 -9999 -9999 -9999 -9999 -9999 -9999 -9999 -9999 -9999 -9999 -9999 -9999 -9999 -9999 -9999 -9999 -9999
