layers/veg/veg5700.asc
NCOLS 255 
NROWS 330 
XLLCORNER -2985163.8955 
YLLCORNER -3022031.214 
CELLSIZE 25000 
NODATA_value -9999 
[rows 75 to 99 of 330, columns 171 to 227 of 255]
0.697856808522142 0.704953665278025 0.709426829572579 0.710771382244937 0.70221196979162 0.692224925364943 0.696637845219836 0.70054269944927 0.70371701896585 0.697395948617153 0.688392873733558 0.697161795347743 0.703547356875995 0.705773531344754 0.705894037175656 0.705037745072798 0.715267456196652 0.722195118407329 0.722052669299806 -9999 -9999 -9999 -9999 -9999 -9999 -9999 -9999 -9999 -9999 -9999 -9999 -9999 -9999 -9999 -9999 -9999 -9999 -9999 -9999 -9999 -9999 -9999 -9999 -9999 -9999 -9999 -9999 -9999 -9999 -9999 -9999 -9999 -9999 -9999 -9999 -9999 -9999
0.689579600321853 0.692349135102688 0.693906978148559 0.694019944212693 0.683785136051107 0.672470415848726 0.68025611601804 0.686811434047945 0.691597616718418 0.677602827089291 0.658357223120249 0.67537518572589 0.68734507809873 0.690505190478331 0.688804768704478 0.684848263977833 0.702444346633585 0.713771059134684 0.71167424398557 -9999 -9999 -9999 0.707968980770545 0.707960666012739 -9999 -9999 -9999 -9999 -9999 -9999 -9999 -9999 -9999 -9999 -9999 -9999 -9999 -9999 -9999 -9999 -9999 -9999 -9999 -9999 -9999 -9999 -9999 -9999 -9999 -9999 -9999 -9999 -9999 -9999 -9999 -9999 -9999
0.674026103132595 0.676580529735909 0.677756522278759 0.677288806618167 0.671099644276493 0.664333883964238 0.668330993218558 0.671047422753287 0.671922395310166 0.655049713947842 0.633695859802464 0.656524585864853 0.672368745952139 0.67602359670908 0.678728839812336 0.680995865816915 0.69522528062506 0.706057885330237 0.709617482824974 0.710911808811337 -9999 0.707971246032297 0.707968980770545 0.707960666012739 0.707957260836328 -9999 -9999 -9999 -9999 -9999 -9999 -9999 -9999 -9999 -9999 -9999 -9999 -9999 -9999 -9999 -9999 -9999 -9999 -9999 -9999 -9999 -9999 -9999 -9999 -9999 -9999 -9999 -9999 -9999 -9999 -9999 -9999
0.660363535997634 0.661803968256519 0.661646855979202 0.659584758084628 0.6561577041376 0.653088625307347 0.657468216531396 0.657207607004704 0.650274970178473 0.63489940712115 0.618390894266566 0.64349957754146 0.6603931636965 0.662949944911952 0.668314130796773 0.674987978663384 0.689127513157307 0.700565376518048 0.706218614587338 0.700094075226022 0.687239974602985 0.694843016495408 0.701397726622312 0.702543260994317 0.70273136477806 0.702255416009676 0.708133959569132 0.713360954617142 0.714177649059856 -9999 -9999 -9999 -9999 -9999 -9999 -9999 -9999 -9999 -9999 -9999 -9999 -9999 -9999 -9999 -9999 -9999 -9999 -9999 -9999 -9999 -9999 -9999 -9999 -9999 -9999 -9999 -9999
0.649056309509252 0.648263095683681 0.645587997128886 0.640668852626531 0.638405134098774 0.637971139589753 0.647928697134157 0.645764567367081 0.626170969996532 0.617742033515938 0.614740248757548 0.637730920402389 0.652155312602469 0.651630024273428 0.657477437587173 0.666295216505609 0.684426434067332 0.697838925872212 0.70114801907273 0.696412099312763 0.687079437265222 0.68606914754792 0.686641324663268 0.690377941525085 0.695525367447663 0.701651299142722 0.708133959569132 0.713360954617142 0.714177649059856 0.714549614394843 -9999 -9999 -9999 -9999 -9999 -9999 -9999 -9999 -9999 -9999 -9999 -9999 -9999 -9999 -9999 -9999 -9999 -9999 -9999 -9999 -9999 -9999 -9999 -9999 -9999 -9999 -9999
0.634677204590737 0.622771121280502 0.606856822386841 0.586162942790254 0.603111495046727 0.626856322277196 0.609367133832928 0.592515657575794 0.576581131543522 0.589622378043284 0.613383541556709 0.635203335100538 0.650412347769294 0.654084372558115 0.661670170754857 0.671076860329454 0.676048375978896 0.681013496680831 0.685964924977857 0.684637850560958 0.679723378700511 0.676425333958915 0.6745281853645 0.67616600619295 0.681939054042353 0.690580203340106 0.69754954904872 0.703212585823816 0.704990071714321 0.69670148976347 0.679993786528329 0.678761393787344 0.679118816038975 0.675503145460557 0.671755852852307 0.667876214686277 0.680195012943186 -9999 -9999 -9999 -9999 -9999 -9999 -9999 -9999 -9999 -9999 -9999 -9999 -9999 -9999 -9999 -9999 -9999 -9999 -9999 -9999
0.619173900959943 0.595009696760528 0.564839094256809 0.527506186025816 0.565873433682602 0.616154594402529 0.566239718290174 0.534124136210194 0.52760170883964 0.563220023090867 0.613125332568516 0.633326631620354 0.649663288322909 0.65925545707668 0.668884742915464 0.678524288593837 0.666867143875082 0.66128585717609 0.668713763763687 0.670562837728423 0.669224290248821 0.66595844243401 0.663147947498427 0.66179934562032 0.666979056005262 0.676686658513677 0.683382808125073 0.689022359168793 0.692089772023607 0.687983444186445 0.67787709788133 0.676289704173634 0.675813040604352 0.674217976454883 0.671426754872726 0.667432800565479 0.679476123443221 0.691807087415894 0.682854011437763 -9999 -9999 -9999 -9999 -9999 -9999 -9999 -9999 -9999 -9999 -9999 -9999 -9999 -9999 -9999 -9999 -9999 -9999
0.601730694708891 0.583456899589609 0.565072351552577 0.546555736640035 0.568078685432981 0.596106841795948 0.573145075509186 0.563998312106042 0.574715791940212 0.594573947515841 0.617239723392934 0.627454111095607 0.63740241603671 0.64688635925515 0.657610465609229 0.668905853063399 0.661488124771099 0.658140988608668 0.663509513614768 0.658836764360667 0.648426653309921 0.649244243942887 0.650790229800725 0.65284920454303 0.658842333393667 0.667564103994556 0.66581936315273 0.664721397657272 0.669431690502994 0.668354687083859 0.662437268327785 0.645913770034259 0.635186573460311 0.658423837555815 0.66738229132127 0.661983443957303 0.670641300501327 0.680630843717041 0.678900882374397 0.677954094069458 -9999 -9999 -9999 -9999 -9999 -9999 -9999 -9999 -9999 -9999 -9999 -9999 -9999 -9999 -9999 -9999 -9999
0.581417390635866 0.568090074299448 0.559734386134541 0.557307096174792 0.565920172607715 0.576563789502402 0.575480276478765 0.58217064876411 0.600038894118142 0.608746576134068 0.613968526632843 0.61781050433868 0.623904564416819 0.633928908605848 0.645481626613923 0.657740707567981 0.653965915987907 0.652180486839776 0.654654538461283 0.646886525653467 0.6332664239919 0.63647992530759 0.640281203389177 0.643504842011482 0.649521763853001 0.657476044781724 0.652861661483189 0.649510952379054 0.654797970092888 0.655231850551055 0.651606633473946 0.624593631910085 0.60622892757286 0.644007363536083 0.659119805186096 0.651441657268032 0.65983002989704 0.670302981677534 0.670994653813434 0.669956784091831 0.666828048208159 0.66629942136071 -9999 -9999 -9999 -9999 -9999 -9999 -9999 -9999 -9999 -9999 -9999 -9999 -9999 -9999 -9999
0.5567881114098 0.546987817112289 0.54601856731348 0.5555798613425 0.557199549133112 0.557779691831979 0.570943000605547 0.582746077397482 0.592593311026013 0.597082438760817 0.599591083855173 0.60249604052822 0.608546576871188 0.62008670895376 0.632067720960421 0.644249661635754 0.643220836773993 0.6419859123349 0.640309702199351 0.634599193197124 0.626583575142585 0.629655328721043 0.632552188723429 0.633567659964044 0.638420957453594 0.645936085833522 0.646829951500757 0.647970578514738 0.652231065979714 0.651892440670774 0.647707180424143 0.616891353878831 0.594818538166757 0.631662584544622 0.644514371250703 0.633242012532833 0.646046630978218 0.661250892935369 0.657143861593871 0.657914600236205 0.664582139907848 0.66629942136071 0.666522485421661 -9999 -9999 -9999 -9999 -9999 -9999 -9999 -9999 -9999 -9999 -9999 -9999 -9999 -9999
0.536304413679336 0.518936757210456 0.513212613330196 0.521372729646154 0.527890667453885 0.534874936212776 0.551171861977573 0.563933263883654 0.571611025453754 0.577044931892615 0.581661268352422 0.58668716430584 0.594559283596976 0.607398568608982 0.617264738318824 0.625743685825069 0.625540694138599 0.625149165430417 0.624353954715652 0.622221282906027 0.619324415438431 0.621523006375362 0.623786073098217 0.625571339113976 0.629379437641423 0.634590527788713 0.638086959265327 0.640883974348841 0.641882480345671 0.641258996476011 0.63927890249572 0.614773431022841 0.59702847702524 0.62623837110114 0.638364687830076 0.633313518573221 0.642533908271581 0.652990276550084 0.650802330726918 0.652590850443503 0.659186572255619 0.662700717137652 0.664531281594309 0.658488703726678 -9999 -9999 -9999 -9999 -9999 -9999 -9999 -9999 -9999 -9999 -9999 -9999 -9999
0.518439032916806 0.490605584543893 0.476082807397469 0.477432287122696 0.492152337263645 0.510463429145514 0.525721731180934 0.537771056722348 0.545206276124464 0.553748398392044 0.562678025412811 0.571079657220181 0.581438012340809 0.595211197505884 0.602045590197375 0.605647817863438 0.605355923206136 0.605767931295316 0.60768708567629 0.609731142263701 0.61184656520651 0.612990994782356 0.614758568324482 0.618314141135698 0.621124352076162 0.6234175966082 0.628287891020387 0.631590459046912 0.62865351902143 0.627939362755428 0.629084312384076 0.61485830691119 0.604626494759661 0.623627153742153 0.635441450993417 0.640029882992933 0.642753045771698 0.645041391528027 0.64722658448597 0.649724296803041 0.652599817931249 0.657675726457098 0.662479556708029 0.657771298667591 0.655385662698718 0.656386995651793 -9999 -9999 -9999 -9999 -9999 -9999 -9999 -9999 -9999 -9999 -9999
0.527385841617565 0.529118636155377 0.525887840881723 0.516738232713322 0.502115493991921 0.489215377045177 0.509011778446014 0.519421370432475 0.516333906573177 0.531513852886025 0.553102068350055 0.566249131068128 0.577190140257548 0.584281193851172 0.590389433550015 0.596036640376271 0.591345009543739 0.588337395735033 0.588935478914244 0.59515817101109 0.604594640113613 0.607598466097389 0.609733230889191 0.610367684250543 0.612198143755048 0.614858126507982 0.618810683453111 0.621687760155986 0.620447931088145 0.619700623796387 0.619365254972892 0.615031922197513 0.612860454157875 0.623387307246498 0.629686991538148 0.631736270232961 0.634442657213591 0.637092242453783 0.638429079682058 0.641714845565804 0.647356697230496 0.652410023958167 0.656866553333126 0.656993704286768 0.65697079563911 0.656729062236333 -9999 -9999 -9999 -9999 -9999 -9999 -9999 -9999 -9999 -9999 -9999
0.536408536167447 0.545322915791041 0.546815553827001 0.539458165676492 0.509164166186331 0.477147633480196 0.494079633815988 0.501734815003382 0.496051092566596 0.515740224618102 0.544224393149036 0.558801235510012 0.569754039137594 0.574382250900206 0.580212035252822 0.586596561125473 0.578601931391953 0.573489578308792 0.574548550152579 0.583739892538729 0.597577891400627 0.60071607850842 0.602446900717694 0.601784172532562 0.603014514277523 0.605557847203095 0.609242024116456 0.612305433251225 0.61285678816985 0.612490673986654 0.611357201211746 0.612372752159111 0.61453120420441 0.620321637892212 0.623339145744045 0.623568484951828 0.627445695315394 0.631696714566285 0.633087708151639 0.63679491944894 0.643302237154124 0.64776544237029 0.651551790002307 0.654631634879608 0.655539130472445 0.653278792777132 -9999 -9999 -9999 -9999 -9999 -9999 -9999 -9999 -9999 -9999 -9999
0.545570027611811 0.520723958648079 0.51492600956237 0.531841915133689 0.510882181782888 0.481870877033421 0.482399139484307 0.485261140568231 0.491478765407686 0.511783756710184 0.536623890899243 0.546566113486517 0.556486596676682 0.566369140754098 0.572739318646114 0.577469424328815 0.568177752397496 0.563365609405902 0.568144713876018 0.578091616853425 0.590991285481903 0.591108706070774 0.591025164882894 0.592035473451825 0.593360055818094 0.594902611497257 0.599506097473299 0.603874878204969 0.606389478758001 0.60716240225853 0.606478610925205 0.604532355181231 0.604197699355402 0.612087476102748 0.615905983227403 0.615630840909216 0.622851019793773 0.630971816242734 0.634067680729703 0.637525803029568 0.641421863619072 0.64425690465024 0.646782514300695 0.649371525645803 0.651330457561277 0.652370574714479 0.652656793805232 -9999 -9999 -9999 -9999 -9999 -9999 -9999 -9999 -9999 -9999
0.531745458850077 0.497611130095972 0.491926697170084 0.52016722917448 0.503491432946053 0.476591602919677 0.478066233167662 0.481240064983052 0.486857135756009 0.504853184593096 0.526784478397408 0.534595129460678 0.542477006989514 0.550483187363276 0.555048707971234 0.558010168882702 0.554907576360672 0.555010354830344 0.561976244756975 0.571982550452506 0.583726082403031 0.579757166962816 0.578112985068961 0.584681431919965 0.588097845163664 0.589328078033575 0.593170620891839 0.596973090371862 0.599740266998813 0.600308008036274 0.599036171268704 0.598511025740396 0.5995862907385 0.607382929240489 0.612387763503822 0.614585446945604 0.622913483756194 0.631592115592373 0.633680860277929 0.636602251190919 0.640530239206121 0.642305699920478 0.643606692560509 0.646609884314746 0.650088205734474 0.654259386070259 0.658977141713773 -9999 -9999 -9999 -9999 -9999 -9999 -9999 -9999 -9999 -9999
0.506676355046069 0.475225299770936 0.473276391215884 0.506507199974741 0.491644773877331 0.466419204042109 0.477327688397558 0.483310667696826 0.482211387851678 0.496467712475767 0.515849814923467 0.522753358920926 0.528104366809251 0.530745923180011 0.5323596126984 0.533496551393983 0.540245168980757 0.547520336404659 0.555922914736446 0.565648070157147 0.576128916844358 0.567552400156503 0.564471695986121 0.578498831273632 0.584984275203414 0.586238969818459 0.588498608146088 0.590819159124252 0.593002070554969 0.592707050996805 0.590339523895649 0.59337956470159 0.597774070456628 0.604405032285993 0.610784691962678 0.616911668075601 0.625254170591762 0.632870471270036 0.63262541928041 0.634869367223124 0.640122300298723 0.641116325849158 0.641210371471885 0.645070466785095 0.650297095405354 0.657516474330729 0.66130797109166 0.663691370178333 -9999 -9999 -9999 -9999 -9999 -9999 -9999 -9999 -9999
0.493429560766631 0.467822599156871 0.469372842396222 0.503306586358159 0.488855197346236 0.463325100353677 0.467719625617194 0.471403993561593 0.47406724425813 0.480858270123931 0.489078633558362 0.495005960491447 0.498931970103263 0.499365325198811 0.507503083967714 0.519227802703129 0.529711430015095 0.536758164307938 0.536446068712775 0.544005917066228 0.556063619905653 0.560060348082906 0.564020693991147 0.568912152767728 0.573340066728689 0.57744647631992 0.581731602084678 0.585017759973919 0.584831363901968 0.584112612757115 0.582948607120069 0.589495549383349 0.597275892854336 0.60507845386414 0.611163258911401 0.615520865470059 0.618352668320874 0.620969674235546 0.624407466098123 0.628786857908705 0.634304562423861 0.638610756398979 0.642554591022213 0.646478025145076 0.65071718399684 0.655416749153086 0.658507379347037 0.66093246673352 0.662135479100488 0.663949813763265 0.666846826941671 0.667777051748282 -9999 -9999 -9999 -9999 -9999
0.479350871505792 0.460067280999113 0.464176969600857 0.496181880671935 0.482693350777903 0.458460613192442 0.459137146822715 0.460918339681183 0.464287894104835 0.466223762152784 0.467789462781235 0.472755812430464 0.476203728212803 0.477001706952932 0.489379686007121 0.507147383773492 0.518157599506088 0.524368088674792 0.520301746095724 0.526557361296155 0.538710714641776 0.551697953480888 0.561158720152862 0.561095492528716 0.563819302339939 0.568476139301664 0.574424208003681 0.57881034104853 0.577418973538489 0.576917261421205 0.57715964489029 0.583449888474133 0.590910459855187 0.599309224591961 0.605825108781733 0.610447762206533 0.610420707495245 0.610316994523121 0.616427479753161 0.622940130909644 0.629938965805183 0.636593661087782 0.642881647152482 0.646455998896454 0.649901549074061 0.653159274074371 0.655721933953838 0.658027638003039 0.660488085589298 0.663199880832485 0.66635682376614 0.667777034522593 0.668375829321517 0.666451035429542 0.666180103064917 0.669523292429006 -9999
0.463117734628238 0.451161285898632 0.455720403495148 0.479973442355928 0.468723532052345 0.449441745856388 0.453074869370662 0.453964800707831 0.450910365394355 0.453956237640192 0.459219552457217 0.463260881240102 0.468336219474799 0.475216088027282 0.486466801533209 0.499749783481322 0.504208828477169 0.508390888869032 0.511979889607607 0.518914752366258 0.52776136660519 0.541263853655193 0.552554605626301 0.5573448950651 0.559282380139363 0.559241223584442 0.565950078690203 0.571680418526388 0.571747961262958 0.572895457670689 0.574946212538647 0.572507815644623 0.571304258111641 0.578948129092572 0.587569212645865 0.597172880521279 0.600388869989261 0.602788151917694 0.609153812374988 0.617727820596044 0.628971529809474 0.635707654247678 0.640829597705522 0.643145243727927 0.646298789892022 0.650674205844726 0.65309278488251 0.654814357825909 0.657561524785065 0.660761556791069 0.664763632596332 0.666988746117579 0.668373416192694 0.666451035429542 0.666180103064917 0.669523292429006 0.670750296769655
0.45374964984394 0.454279780735672 0.458479412354008 0.46705472549376 0.45854357434243 0.446329797792971 0.446748484812662 0.44706991398762 0.447251498567479 0.452118942829892 0.458590785000155 0.462084455515983 0.466623789852191 0.472987993451226 0.482249856215331 0.492859432366237 0.498885334282811 0.505508178811781 0.513409154231958 0.520960972432892 0.528313289929156 0.538753308662934 0.547949658602821 0.553430854983267 0.55527734184073 0.554602875049364 0.558773777737132 0.562746789809312 0.564377603081832 0.566458068425762 0.568914616604081 0.560860196022754 0.554386662411946 0.562683378928515 0.571681282810961 0.581384228495023 0.58503736034738 0.588693616203858 0.60109615819991 0.612778784796637 0.623591096089072 0.62687280171152 0.62849052987382 0.636021782833152 0.641760613230927 0.644885639348912 0.650489269631987 0.656892247555947 0.660130749059895 0.66252451244696 0.663422207693289 0.66374266221379 0.663790101268951 0.661672922904092 0.661707083931384 0.666434996222644 0.667835897396675
0.448490270876432 0.464594884000311 0.467950897312045 0.456104893570758 0.450631833069663 0.446753116941676 0.440264033223602 0.44021013040288 0.44940921143587 0.456524098166526 0.462714759320752 0.465886621553714 0.468595150100466 0.470495078994138 0.477252435774719 0.486272667825024 0.498724033269247 0.510462467726534 0.520674425268319 0.528805917332953 0.535748677485828 0.540984979081651 0.545738197099774 0.549418995157745 0.55159063389882 0.552715553318162 0.552374221790677 0.552733650254702 0.555990193272808 0.558574961065807 0.560597865260715 0.54879030950904 0.539078186518098 0.548870274823108 0.557210571197065 0.564091095121525 0.566502048521442 0.570669539810749 0.592569291108603 0.607987317725506 0.615569501140084 0.613280597285747 0.609994723287529 0.626616433034645 0.6366625930049 0.637119942547663 0.647901096119183 0.662136881001823 0.665989178400533 0.66680191695128 0.66223146387914 0.659025597678664 0.656465135212012 0.65403512942358 0.654556980999664 0.661498367270268 0.665263744819292
0.449075308332925 0.460917079505533 0.465031497226559 0.459931463111568 0.452295041972011 0.444324825634732 0.440355826722114 0.441841667348353 0.451170883783719 0.459388107817075 0.466962489350417 0.469838305749548 0.473093373638259 0.477010302798948 0.484959526198298 0.494783241022511 0.495361304676828 0.499320474760228 0.510519028469017 0.520646463959361 0.530161886214437 0.535854322082969 0.540979836674378 0.545079026883609 0.549586233992698 0.554376432544701 0.552452732505197 0.550204896859924 0.549159390553397 0.551076034789276 0.555470181171166 0.539165308942473 0.523944675115847 0.528605283780895 0.536508108450735 0.547670971627388 0.555658220307452 0.565072472094281 0.588235399353527 0.606596790074256 0.619153539391962 0.616321148399334 0.6101024470779 0.616113096992622 0.6228972044399 0.63080920809435 0.644448702356032 0.659563544691877 0.659061371350674 0.653634329419298 0.639485129877384 0.631323455592383 0.625993679545168 0.644791633774487 0.659874518595766 0.666715338778153 0.675661629123446
0.449647862592897 0.45616243032992 0.460377584288323 0.461850811447735 0.45308823576579 0.442265417691669 0.440565004022497 0.443202554171313 0.452077552778238 0.459862431147924 0.467083315656654 0.471063359566059 0.475132055397663 0.479355464593885 0.487539308466783 0.497561558061581 0.490374721859625 0.489468674756855 0.502010604732851 0.513184651128107 0.523577119130518 0.529764602007675 0.535677771583231 0.541394769671337 0.54762898103218 0.554221920010424 0.553194228151717 0.550943023024529 0.547134975995198 0.547926235732249 0.552564292659634 0.533025429471824 0.513812318738883 0.513553134033422 0.519341901574903 0.53121186703264 0.543229755208336 0.556956045050949 0.581445085538402 0.60255146169198 0.619568489927983 0.617543350034712 0.610379401219354 0.608609141699988 0.612886670870187 0.625983401661191 0.639720785910659 0.652997299124193 0.650545327951058 0.641866771343443 0.622160659677124 0.609951587615491 0.601288363351429 0.635857805748682 0.66225412106322 0.670583926925199 0.678756167966489
0.449199669393793 0.450728483431713 0.452918286552919 0.455896283472978 0.449811656006728 0.441727856703687 0.43999651428307 0.442367807999306 0.450638178452856 0.453852918452579 0.455537119709812 0.464568628990156 0.469803796954669 0.46841367441621 0.473507478794323 0.481617602767315 0.481345453512116 0.485972058630753 0.50108752677178 0.510390340762858 0.516371932865874 0.522209877441898 0.529270840808539 0.539616261657078 0.545521096462294 0.548346039595819 0.554714302738605 0.559638247165844 0.55841174133236 0.556984924050432 0.555390569016358 0.536308317351079 0.517763756515981 0.514299617273448 0.513205870218547 0.514495545426848 0.525032449623867 0.53963445163296 0.567015685802472 0.590440779006289 0.609083240762556 0.610829442735859 0.607996888276664 0.609754610680721 0.614933909282003 0.6251027291601 0.631539064598811 0.636481345046648 0.639703359626775 0.636991783986321 0.623771560622041 0.610319680158617 0.596758233672057 0.628068625041195 0.65424048146412 0.668935207250814 0.680488164744582
