layers/veg/veg5300.asc
NCOLS 255 
NROWS 330 
XLLCORNER -2985163.8955 
YLLCORNER -3022031.214 
CELLSIZE 25000 
NODATA_value -9999 
[rows 78 to 103 of 330, columns 174 to 231 of 255]
0.63539012951423 0.640807286461184 0.647327623854398 0.651722101197892 0.660998214034964 0.67151928183484 0.679389778170335 0.688677502256618 0.699606152221606 0.710318826936606 0.719698256825042 0.729046437116015 0.737158544341405 0.745373797979383 0.753779765212694 0.760595679485301 0.769896486466085 0.782389508972175 0.789853287505578 0.798869794601871 0.805408219898962 0.812104458296195 0.820132479334093 0.825946252002932 -9999 -9999 -9999 -9999 -9999 -9999 -9999 -9999 -9999 -9999 -9999 -9999 -9999 -9999 -9999 -9999 -9999 -9999 -9999 -9999 -9999 -9999 -9999 -9999 -9999 -9999 -9999 -9999 -9999 -9999 -9999 -9999 -9999 -9999
0.626895819255865 0.63243531347815 0.642117136140818 0.646082553694621 0.654670035826913 0.66466733403505 0.672819024102217 0.683021700926561 0.694099907553593 0.70424498940409 0.715244536057829 0.725490853503838 0.733645420674643 0.741737259539505 0.750861445427632 0.760393545768154 0.768851635153182 0.777025313923391 0.784097997952867 0.793337744167456 0.799811559439713 0.808319170350284 0.817719778489373 0.825064391376918 0.831133781998593 0.840550553049938 0.847065450042043 0.851999698591984 -9999 -9999 -9999 -9999 -9999 -9999 -9999 -9999 -9999 -9999 -9999 -9999 -9999 -9999 -9999 -9999 -9999 -9999 -9999 -9999 -9999 -9999 -9999 -9999 -9999 -9999 -9999 -9999 -9999 -9999
0.618867431404454 0.62479954202435 0.636202980980374 0.644738561668055 0.650395259723892 0.658918373833542 0.668808407488142 0.679221602049405 0.69067953787354 0.701057431543112 0.711759133752452 0.723138939786682 0.730637834486159 0.739696349550689 0.749018800699208 0.757233093934993 0.764465851067636 0.772226037174126 0.78033368453259 0.790161179346668 0.79610190996982 0.804977441602597 0.813525883334513 0.821880508849149 0.830832817077704 0.840351220081651 0.847493595434004 0.852662948913621 0.858880743079384 0.864609490031178 0.870326933524173 0.876938888348386 0.883377800720504 0.889074886411611 0.894268891966459 0.898589112040866 -9999 -9999 -9999 -9999 -9999 -9999 -9999 -9999 -9999 -9999 -9999 -9999 -9999 -9999 -9999 -9999 -9999 -9999 -9999 -9999 -9999 -9999
0.608172665799223 0.616537450983402 0.625433550254605 0.636352649158779 0.639960921404242 0.649754633489126 0.662648380436807 0.674824316063375 0.686501164935171 0.69790002412074 0.7083558710922 0.719708797084087 0.726998737956194 0.73682786473215 0.745414385565151 0.753964549177532 0.763892787550599 0.773475492669836 0.781125398947997 0.788471123124226 0.793752764317186 0.802609685169883 0.810260336092572 0.818809769654163 0.82758100279446 0.835918518010287 0.844497770229455 0.85078418447666 0.857915154606722 0.864106679655095 0.868994581876204 0.876216741737496 0.883305924136781 0.889317440150043 0.894726909472168 0.899167960936303 0.903035163740352 -9999 -9999 -9999 -9999 -9999 -9999 -9999 -9999 -9999 -9999 -9999 -9999 -9999 -9999 -9999 -9999 -9999 -9999 -9999 -9999 -9999
0.598038774507034 0.608671458340059 0.61682532769926 0.628307010223563 0.630008628982271 0.638941678143627 0.654510683618772 0.668729682941865 0.681080150585829 0.693516905241491 0.704457129189666 0.714927985400166 0.72262238972505 0.73312965769066 0.742376368317048 0.751243370011868 0.759974948178566 0.769773295727621 0.779300816013388 0.78635970273854 0.792040858215422 0.800458933929375 0.809072264484193 0.818336814556525 0.829637164786512 0.837419294793006 0.841758382642418 0.842741571979142 0.841011172794878 0.85891620962258 0.866264572859413 0.872843278248825 0.881006826409907 0.886862606499803 0.892471719090548 0.898591176193673 0.903399297920201 0.905360649054694 -9999 -9999 -9999 -9999 -9999 -9999 -9999 -9999 -9999 -9999 -9999 -9999 -9999 -9999 -9999 -9999 -9999 -9999 -9999 -9999
0.587248021853013 0.596007034556749 0.605292919316895 0.613848305039611 0.62011948502242 0.634369366253876 0.646609410622175 0.660929380335729 0.674503135590669 0.687262064815431 0.699683732741291 0.710603968081073 0.719485036220263 0.729657881572446 0.737504981290203 0.748070482337581 0.756808715853723 0.766293660836349 0.776052021747298 0.783663126457492 0.790432703954229 0.798366955295645 0.808747385073765 0.818276566388925 0.826050213696932 0.835157218624036 0.840165494828463 0.840118768480941 0.836701924410423 0.843281616611704 0.854716583816975 0.868397356404518 0.875776878396414 0.881979117794471 0.890544215664548 0.897926829894468 0.902144351951903 0.905834366762062 -9999 -9999 -9999 -9999 -9999 -9999 -9999 -9999 -9999 -9999 -9999 -9999 -9999 -9999 -9999 -9999 -9999 -9999 -9999 -9999
0.577628546316572 0.587941090318483 0.595721304384093 0.610953188189237 0.616915209198062 0.626767046729345 0.634527777176536 0.649920951356833 0.664460360098496 0.678567202939886 0.693513202491096 0.705652756536397 0.714467643775209 0.725697927328151 0.734834016217974 0.744505737413547 0.754297965004225 0.763229124145662 0.772615098072066 0.780859072669365 0.788318815990535 0.797257347024008 0.807347004224303 0.814481898929996 0.824157411802481 0.833959539001258 0.837841245285345 0.840617539899383 0.837183707571477 0.825333733370213 0.830089106077348 0.868424716868274 0.855864049205563 0.878728009137291 0.888166899146072 0.892801393255781 0.89578287502405 0.901812210200733 0.910332441163887 0.915334950569386 0.921229683088504 -9999 -9999 -9999 -9999 -9999 -9999 -9999 -9999 -9999 -9999 -9999 -9999 -9999 -9999 -9999 -9999 -9999
0.568278639768673 0.578607256895414 0.587161124930701 0.604886503156878 0.606989346519927 0.619463204045924 0.624087370303126 0.641690365130741 0.654024048959581 0.669063524648795 0.686024864549125 0.699401507541799 0.709732696002685 0.721908032241434 0.729539036044588 0.738731964162509 0.752109336369702 0.76101474931926 0.770204046910141 0.777832087029813 0.786038519993644 0.797176600332793 0.804548114693662 0.812542239457533 0.820560809232579 0.828902842055191 0.834199534906318 0.839594915482275 0.837252843621801 0.821138618734849 0.818686745656434 0.863108466633813 0.871834789018057 0.879108948056899 0.88442290855421 0.887451271231737 0.890285298741825 0.897846309355563 0.909018737078411 0.916002325732206 0.921282925835649 -9999 -9999 -9999 -9999 -9999 -9999 -9999 -9999 -9999 -9999 -9999 -9999 -9999 -9999 -9999 -9999 -9999
0.558848951689229 0.571357986455163 0.582151040612159 0.596301410509955 0.599812443741692 0.612586160758071 0.617763407289836 0.639702099015353 0.64965872680072 0.663407064462375 0.680013522281563 0.693973068280097 0.705613379606352 0.716736321671384 0.725552690483756 0.73568767457832 0.749611741594976 0.758955566040828 0.768785901436851 0.775022217131744 0.7840100554684 0.796468229708785 0.80465125548348 0.810748414638648 0.819327914041522 0.825201328728786 0.82443342777451 0.827672974451417 0.833638367230492 0.823623400110328 0.821002460652753 0.852542948488914 0.872499318293598 0.875103279771789 0.879337399160761 0.877734777174519 0.889378909157236 0.89983560596447 0.906747734398651 0.912625087278467 0.918503653454515 0.922364055842028 -9999 -9999 -9999 -9999 -9999 -9999 -9999 -9999 -9999 -9999 -9999 -9999 -9999 -9999 -9999 -9999
0.554225653254789 0.562545543243695 0.576156183491213 0.589303244665412 0.596235076146161 0.606541049684102 0.617144180347177 0.635855878380717 0.650744028789746 0.661716622618236 0.672100152981161 0.687093047578916 0.702274991788025 0.712979822425984 0.721670925695808 0.733321007859385 0.744758090191323 0.755750298971418 0.767323441182244 0.773818397748844 0.782673106055639 0.79356012794155 0.802264035720491 0.809485220072686 0.817950743532153 0.822766927451985 0.814402805433609 0.808568171680865 0.817387929095555 0.821824705750553 0.836760654725146 0.857613073228685 0.867796561570299 0.870798118669488 0.874139979516709 0.865722873299219 0.883456487958831 0.896369792978171 0.897715866877913 0.904140099177359 0.914395476273888 0.920737593703975 -9999 -9999 -9999 -9999 -9999 -9999 -9999 -9999 -9999 -9999 -9999 -9999 -9999 -9999 -9999 -9999
0.553378591389327 0.559226066908121 0.571688578643074 0.58442079592917 0.592650671887692 0.604539363772898 0.621896574785431 0.632827384905925 0.645661027383596 0.657580770023663 0.670770431365097 0.684707600334463 0.697555666218113 0.708886268363473 0.719577023661235 0.730300838821168 0.739756310684459 0.752966704451781 0.764036900898306 0.770973019917026 0.780901401613081 0.791228123896333 0.799095559298274 0.806662679123329 0.815389437529809 0.819761484105043 0.816720278356936 0.819429178121458 0.829553828136538 0.820773566527405 0.835995466935717 0.855122481509177 0.859754949636531 0.860007372888628 0.863773482877952 0.861059870704796 0.872468430955154 0.889308018170503 0.890793394384391 0.902231053175187 0.912216416841568 0.918216022126263 0.924446252183464 0.928642828285388 -9999 -9999 -9999 -9999 -9999 -9999 -9999 -9999 -9999 -9999 -9999 -9999 -9999 -9999
0.551529734719547 0.557334423313887 0.56846488320795 0.579741252138753 0.588733544720359 0.600850041530012 0.614970181081726 0.63128548495074 0.642608885015495 0.654838116397017 0.671472349831954 0.68178868945521 0.693211041891765 0.70566726681096 0.71770136353672 0.728513547666369 0.738989650686292 0.752145618761346 0.766112490036687 0.77029505457328 0.778642770890635 0.790402663481215 0.797802451296222 0.804242459957367 0.812266822950372 0.818419708283811 0.822885725710326 0.831908593577083 0.833666243139913 0.81601197327054 0.836368318125264 0.851163851999121 0.852392871620357 0.850453372193253 0.852279884950229 0.855015989478121 0.87057491966773 0.885213177022047 0.895008527427785 0.904474744794549 0.910902218507975 0.916792047295438 0.923849778452119 0.928730433420371 0.930414024357968 -9999 -9999 -9999 -9999 -9999 -9999 -9999 -9999 -9999 -9999 -9999 -9999 -9999
0.548450031703216 0.55565209186369 0.564523395199203 0.573689071716769 0.586445344017162 0.603451657269194 0.617365737614259 0.627856187972534 0.638943140794201 0.653217822188336 0.670120136967636 0.679041315194096 0.689557478929123 0.70040158472264 0.712668928503823 0.726542879275395 0.73904733481094 0.748354518194846 0.759107671591515 0.763524218611228 0.776620071259788 0.787666087654572 0.796817577824972 0.803559706870525 0.810226321032442 0.818715914705789 0.825989617126264 0.822863728794342 0.828895323429481 0.812691242654993 0.839540839466471 0.849495480487688 0.849827039010531 0.851914898419023 0.860310737371363 0.871845474694404 0.878160332964847 0.884679446716862 0.896392055942704 0.901971958168879 0.9084347252749 0.915761190206976 0.922839064457129 0.927694587997646 0.930334450240725 0.93344808098594 0.939367349642208 -9999 -9999 -9999 -9999 -9999 -9999 -9999 -9999 -9999 -9999 -9999
0.545017932339921 0.55466306633913 0.560767507001448 0.56756707451664 0.579746453856101 0.59417361252154 0.607438591144026 0.620876469755423 0.63511034967996 0.648368192873373 0.664564530874509 0.674055425694243 0.684241205691043 0.69253879311573 0.706128132552128 0.723002895837411 0.737211615352207 0.745619330586924 0.753550077768639 0.760382383961798 0.775904116064163 0.783722041448144 0.794468347387289 0.804337597971098 0.81077562411595 0.816946187702357 0.821783912295074 0.821427824407132 0.818575083893378 0.809681896426999 0.841468263822431 0.848774723158402 0.848271670371112 0.852182191638573 0.862615842761755 0.873805115697423 0.880932692125804 0.887370367423014 0.897085878795993 0.903375942163013 0.907473646802488 0.914947625927318 0.922790550337652 0.927315566557038 0.929876522792246 0.934031480814619 0.938018558948762 -9999 -9999 -9999 -9999 -9999 -9999 -9999 -9999 -9999 -9999 -9999
0.540121307737248 0.549652137339099 0.559554936549378 0.567689236641489 0.578881693865452 0.591855344095328 0.603643444554001 0.616571723110471 0.631651500956448 0.643416593988039 0.657905878186655 0.667187862653377 0.679291904194453 0.687812324013385 0.703646351378527 0.71667690257044 0.73007357612314 0.743192670484485 0.751260597789533 0.759727496069841 0.773313305403534 0.778829330077415 0.790456117319041 0.805107356746885 0.812005732158266 0.814506547562401 0.813760268357987 0.811921175232892 0.80880579801365 0.805811227769992 0.839188284573714 0.84637123940862 0.846463537443 0.850449761758525 0.851920144118006 0.866485256883096 0.881616157750251 0.889746837725436 0.898113668236678 0.907346792571833 0.911161849587437 0.917094020068394 0.916915521325146 0.92119102294376 0.927212522243936 0.932799197206258 0.934784565762445 0.936013248802253 0.944705568254704 -9999 -9999 -9999 -9999 -9999 -9999 -9999 -9999 -9999
0.533805891846603 0.544215138402127 0.55185917175128 0.555252628865798 0.571163308168908 0.581005118194717 0.593067982919787 0.60794085769972 0.621755567712035 0.635664183803753 0.650601536093904 0.661539764847864 0.675915557430471 0.685071672477087 0.699394189204799 0.715483599146947 0.727958656431911 0.737674255143692 0.747957545841741 0.760549243522595 0.771518623562324 0.77659967640626 0.788492132755918 0.800516239132434 0.810526145646936 0.813832434703899 0.815232836101776 0.814502948754988 0.807239082945022 0.805226003282338 0.833105377516032 0.841963008625445 0.841119475464265 0.852796038548431 0.861092732017075 0.871499887622748 0.879098814441771 0.887630288960029 0.897158612471963 0.903447058828671 0.908043449721992 0.914882762924042 0.914612436250354 0.9198676253938 0.926905498307336 0.930514990857172 0.930715798329742 0.934264027305225 0.944899442839743 0.947171964357682 0.95102334726142 0.952078184641469 0.955085989548747 -9999 -9999 -9999 -9999 -9999
0.529450365073953 0.541451012967293 0.552259437789846 0.54900572645228 0.564685716341866 0.578457393785026 0.589431668943763 0.600841628273284 0.612131955533022 0.62615749942466 0.641892766843286 0.65356008472578 0.664443650930482 0.684396140321299 0.693963631609343 0.71068964007855 0.722551154419755 0.732478658293673 0.74445162345456 0.759477832120867 0.772944821592988 0.781592182202565 0.786261148207671 0.798106255847522 0.808816061187096 0.803528880767404 0.810046117223693 0.81333944339179 0.809162289393134 0.810786774382652 0.827238631401243 0.836057434149433 0.842237883533664 0.840789610533633 0.86190591507258 0.870733870878012 0.876777197207517 0.885960723340498 0.897171593809611 0.90329056928943 0.905692871725815 0.909693059001189 0.913984411343118 0.921335953044075 0.926686377409329 0.928597511890113 0.932820365250079 0.937690948732545 0.941677803617626 0.943735075240854 0.945193185600997 0.947935213278509 0.953166595836365 0.954468384427163 -9999 -9999 -9999 -9999
0.526571515012856 0.534082236537108 0.545019815203944 0.550823786645194 0.561293105041353 0.573820007203507 0.58843469733165 0.600255467151781 0.610469452745238 0.623243284938921 0.638859384205436 0.653348667669792 0.668655635639509 0.688267641082395 0.689067030875146 0.710424181787005 0.724069908333528 0.734130680357979 0.744689107866801 0.757527856089893 0.772071183257338 0.782241297918811 0.785434440977887 0.794402832802895 0.802486936961991 0.798893497727059 0.804390457841247 0.808941309884653 0.808512174636544 0.814189453428302 0.826832151411533 0.838114157792821 0.841566362215829 0.84570894199652 0.860980632405219 0.867717422465355 0.877750593459066 0.886026299708157 0.894685935423246 0.897530265605895 0.900145762301292 0.907068794593338 0.91229519840003 0.918560844269493 0.923104640028921 0.927063665896908 0.934014592623898 0.936765053475111 0.937132769070643 0.936682951067092 0.938442314453169 0.943494970039384 0.949088750962556 0.954421731724435 -9999 -9999 -9999 -9999
0.521915606424049 0.531396912611089 0.541037901293324 0.547170929897143 0.557832792036028 0.570332262601986 0.587832855585423 0.603092010928265 0.61416343156127 0.62807211907001 0.640727443685727 0.650968259630572 0.66641898067481 0.679334848852335 0.699256489716564 0.71272650546917 0.728902701076836 0.740382467949504 0.75066107907139 0.760497592333987 0.770750464721513 0.780458731907925 0.785720992359487 0.787854946543954 0.796805824508999 0.795699683919031 0.798667379825812 0.807698408002555 0.802574186487894 0.807190846624445 0.822673474607772 0.835041990175104 0.84131985235831 0.848665932634349 0.858147365884548 0.868762007374881 0.877474593576387 0.884155572031853 0.891363537166682 0.873500363868343 0.883410746601447 0.897688276208845 0.899542274148555 0.909780296055799 0.918709294771152 0.920798208465925 0.931960897867071 0.932775812013703 0.928401941485305 0.925558082983622 0.932392442346534 0.942377399445155 0.948676015381918 0.953802179221051 -9999 -9999 -9999 -9999
0.523472281002388 0.532098574704791 0.541275667200598 0.547089994276197 0.558187420965799 0.575381165461499 0.589170318632446 0.608493728306323 0.624589290949256 0.639013566719433 0.649171365183417 0.658788485842379 0.671169053211887 0.682100229730116 0.699787633719936 0.71073893154693 0.729325113102155 0.743694607740731 0.752046061515926 0.757196125604518 0.766687116607153 0.779426990040793 0.789161836006153 0.792788521970042 0.793405271100912 0.790786584913174 0.794962964636828 0.807702081541475 0.801563926580611 0.803458955592967 0.815200778307089 0.82932842649628 0.842419485044691 0.851191463512245 0.857206045975566 0.869631133977909 0.876201550707804 0.883469484165915 0.872359319209246 0.868380918361687 0.880645003934229 0.890123554837068 0.893122696031561 0.904562157954941 0.917797078590939 0.922951665804716 0.922854538378269 0.905730701325754 0.91409570361482 0.915877099555432 0.927012375933616 0.93962417733305 0.94742781903259 0.953884310131699 0.959160444880542 -9999 -9999 -9999
0.522756532943154 0.532724540555998 0.542581890017558 0.551284347465181 0.56148692969336 0.577421548626355 0.59480959039278 0.610705021313156 0.624036234908209 0.637149667937017 0.647839112783593 0.658501175510783 0.670090604915601 0.6812593514373 0.693883361686646 0.708514590855672 0.725192022719722 0.738594688355715 0.745447270657027 0.757564035344605 0.768537822478192 0.7791035223706 0.789263833395545 0.795097042679556 0.794244867613265 0.793233533648532 0.801335330437816 0.815365581832404 0.811272515888812 0.81690895953577 0.819003219790675 0.828898349924322 0.844071338704064 0.848864995483685 0.852603937812709 0.865035834214358 0.873448035878422 0.881059591492947 0.879409545719605 0.881419794395783 0.883691862445586 0.888246241390917 0.898660927511912 0.908055301581124 0.915251080545155 0.918424851075376 0.917543899256924 0.908678542634595 0.908957848479653 0.908342237829975 0.922104505434864 0.934853719684803 0.944592873045305 0.952442599189711 0.957558233128449 0.957731805078746 -9999 -9999
0.518176926864451 0.530628847169657 0.540686449930498 0.55035220853177 0.559809641190083 0.571118815012481 0.591390587491628 0.601471061440302 0.616494733636973 0.632811426832165 0.641627445416347 0.652999350808265 0.665703679968871 0.67722382157086 0.691719378311884 0.708816475398644 0.721393619740621 0.733557600408971 0.74236389940188 0.755477929540997 0.767201082800599 0.778246802686434 0.787522213897727 0.794655633048244 0.799170661433523 0.805358257460988 0.814701117432422 0.817329982470883 0.821542121887507 0.820865645803144 0.818260455265084 0.823580744832874 0.835226821892053 0.836717004246453 0.843572141662285 0.861826350197782 0.870915351344839 0.876694685716052 0.881698898653115 0.886445006407948 0.888083582826259 0.888225897190093 0.900271731696072 0.907559936374473 0.911725496833073 0.915766883656372 0.917152070161493 0.914471751153809 0.904382872757947 0.897402142460968 0.916391449902967 0.922469140690168 0.939260262888515 0.949439863144001 0.952664892940631 0.95152818995095 -9999 -9999
0.514885282905785 0.527054751140036 0.535918972629472 0.54513142488636 0.557721779652787 0.575879869478136 0.586601416136666 0.606817530587891 0.61620590612307 0.626527721089862 0.636889262583995 0.648943622832989 0.661266103137251 0.673153558294262 0.688721622489132 0.708445017326324 0.721468931038638 0.728111282050972 0.733792315482767 0.749827716398944 0.763719215753806 0.777602322136732 0.785688887393178 0.794231298164362 0.801326175021193 0.808206407185812 0.815097592079214 0.817844489504185 0.81995361030415 0.813018867143093 0.806919519612296 0.811324326780262 0.816920498167544 0.825026370796472 0.836028935506035 0.851747762943765 0.865298308658483 0.86914469786594 0.87034533244465 0.877332097581932 0.887410464330744 0.898479088249815 0.903058537431672 0.907201642794504 0.909141883597006 0.911408695859043 0.908061216203703 0.903980662509844 0.899186566849296 0.898478690099598 0.912406954667236 0.922578332730495 0.939600002011846 0.948575385686781 0.950663978556772 -9999 -9999 -9999
0.514715378992834 0.525415582610751 0.531500128916849 0.540656498935 0.557251918230957 0.573066995509628 0.584957622224082 0.606665141881038 0.611458444563461 0.621529994879653 0.632986281508381 0.646904204545284 0.657688186544272 0.669045405455128 0.683561897854898 0.701434470997015 0.71767895883253 0.724408951701376 0.734210211496622 0.746417322807646 0.763750937026642 0.775328693704697 0.783281589443703 0.792323531911804 0.801066150500799 0.805831056215729 0.811620191647671 0.816946987137054 0.815303568460001 0.80704361312778 0.805789325244329 0.807833199598341 0.810944663558358 0.811086941936985 0.82370301182478 0.84713389181708 0.86264914374566 0.865866794629179 0.861520232516374 0.864163913363494 0.878687502822682 0.893996381397957 0.895171468185686 0.89580361072337 0.895816855975777 0.895670260710385 0.892151679973887 0.893850027402739 0.89793361045517 0.897430774810899 0.907940989021728 0.914936960839008 0.938884872240742 0.950333108108555 0.949793798740203 -9999 -9999 -9999
0.514298782455609 0.524521218540981 0.5264149155525 0.536876378289031 0.556403917441238 0.571431590830459 0.584887973986826 0.605106424761727 0.606161798023536 0.621856170013302 0.628534755681157 0.648259615114765 0.658688001610649 0.66823848599881 0.686814142004111 0.704616584654193 0.714363706567382 0.721583894121787 0.733989630692828 0.748633303539054 0.76412475820871 0.771685492046144 0.781646138133754 0.789044732864553 0.799028488532808 0.80731876196966 0.811949591640946 0.814765262192479 0.814095997489634 0.812345113110317 0.818329401457778 0.821738493705291 0.824623358522648 0.83759795144117 0.83522363209772 0.839247003856026 0.856503679780321 0.860856067333047 0.857347059767656 0.860711820603147 0.876833145582166 0.884052601911452 0.880676889232549 0.868045057142035 0.879873354069221 0.882797814308205 0.886524852062684 0.892076916090332 0.896606235538401 0.89971451286295 0.905834849139084 0.917506587126335 0.938529505143015 0.949359602257118 0.950690882407219 -9999 -9999 -9999
0.514028593364328 0.525310115273966 0.524546945838207 0.53666537803376 0.551282484635116 0.565792701640794 0.585653618024982 0.602801874357866 0.6066389965388 0.622256019300942 0.627571437488367 0.65413548614064 0.650369695784653 0.669831333176499 0.692416261354861 0.704507815120867 0.713200843305526 0.721737583849291 0.733884104944366 0.748909677260245 0.759671976608434 0.772126626199796 0.778930043311494 0.785697436186838 0.792764834765401 0.802270135372284 0.808539882187736 0.81173319615526 0.812083836330609 0.816086941990503 0.823662919029328 0.831566902610257 0.839348007928418 0.843457083504108 0.845963908370443 0.844596781702404 0.853945574250263 0.855614754803503 0.857902929351701 0.864989575851327 0.866422557165496 0.868107470854947 0.872121869549162 0.868001196622342 0.87480851555683 0.883017787603098 0.888975913025728 0.896026891032424 0.89993148344572 0.903158619092297 0.911256609846551 0.925573969212569 0.938958907663201 0.943125226031834 0.945828967037946 -9999 -9999 -9999
