layers/veg/veg5000.asc
NCOLS 255 
NROWS 330 
XLLCORNER -2985163.8955 
YLLCORNER -3022031.214 
CELLSIZE 25000 
NODATA_value -9999 
[rows 25 to 49 of 330, columns 112 to 167 of 255]
0.487600282898238 0.490694129590609 0.493961154632184 0.495955425568829 -9999 -9999 -9999 -9999 -9999 -9999 -9999 -9999 -9999 -9999 -9999 -9999 -9999 -9999 -9999 -9999 -9999 -9999 -9999 -9999 -9999 -9999 -9999 -9999 -9999 -9999 -9999 -9999 -9999 -9999 -9999 -9999 -9999 -9999 -9999 -9999 -9999 -9999 -9999 -9999 -9999 -9999 -9999 -9999 -9999 -9999 -9999 -9999 -9999 -9999 -9999 -9999
0.482458043664392 0.486316018405717 0.489241801765079 0.493228632555818 0.497581598988691 0.501332594005661 0.506493817901587 -9999 -9999 -9999 -9999 -9999 -9999 -9999 -9999 -9999 -9999 -9999 -9999 -9999 -9999 -9999 -9999 -9999 -9999 -9999 -9999 -9999 -9999 -9999 -9999 -9999 -9999 -9999 -9999 -9999 -9999 -9999 -9999 -9999 -9999 -9999 -9999 -9999 -9999 -9999 -9999 -9999 -9999 -9999 -9999 -9999 -9999 -9999 -9999 -9999
0.471753571135771 0.476661789364662 0.484218817593331 0.490327539406815 0.496086263045529 0.501193161008183 0.506373364437695 0.51228912083121 0.517969572394944 -9999 -9999 -9999 -9999 -9999 -9999 -9999 -9999 -9999 -9999 -9999 -9999 -9999 -9999 -9999 -9999 -9999 -9999 -9999 -9999 -9999 -9999 -9999 -9999 -9999 -9999 -9999 -9999 -9999 -9999 -9999 -9999 -9999 -9999 -9999 -9999 -9999 -9999 -9999 -9999 -9999 -9999 -9999 -9999 -9999 -9999 -9999
0.454689977991325 0.475747210142059 0.481784257517787 0.48686338662849 0.493521605965297 0.49914875321204 0.504657486696329 0.511411049432525 0.517783285931662 0.522040204399343 0.525991783515909 -9999 -9999 -9999 -9999 -9999 -9999 -9999 -9999 -9999 -9999 -9999 -9999 -9999 -9999 -9999 -9999 -9999 -9999 -9999 -9999 -9999 -9999 -9999 -9999 -9999 -9999 -9999 -9999 -9999 -9999 -9999 -9999 -9999 -9999 -9999 -9999 -9999 -9999 -9999 -9999 -9999 -9999 -9999 -9999 -9999
0.4528217453413 0.465089539198719 0.470202378256666 0.477666437782882 0.485902785076806 0.491971221729631 0.49904698189362 0.5085248538715 0.515799910467406 0.520714108954904 0.526036732618758 0.532800806631684 0.539794482096655 -9999 -9999 -9999 -9999 -9999 -9999 -9999 -9999 -9999 -9999 -9999 -9999 -9999 -9999 -9999 -9999 -9999 -9999 -9999 -9999 -9999 -9999 -9999 -9999 -9999 -9999 -9999 -9999 -9999 -9999 -9999 -9999 -9999 -9999 -9999 -9999 -9999 -9999 -9999 -9999 -9999 -9999 -9999
0.426208620508963 0.448681136357263 0.460947868119341 0.467943501603479 0.476968261998715 0.486056731821914 0.494942944200652 0.505687574961701 0.514252322060011 0.52024044773594 0.526334225252307 0.533227470292801 0.539654051291372 0.545258906837957 -9999 -9999 -9999 -9999 -9999 -9999 -9999 -9999 -9999 -9999 -9999 -9999 -9999 -9999 -9999 -9999 -9999 -9999 -9999 -9999 -9999 -9999 -9999 -9999 -9999 -9999 -9999 -9999 -9999 -9999 -9999 -9999 -9999 -9999 -9999 -9999 -9999 -9999 -9999 -9999 -9999 -9999
0.430104554430459 0.445894992560633 0.453429165514773 0.461686418705267 0.472283198680531 0.483825246854858 0.493683209100618 0.503931714916372 0.512771650406834 0.51794092532914 0.524475167065061 0.531900857977964 0.538302627461074 0.544776466702813 0.548799969740962 -9999 -9999 -9999 -9999 -9999 -9999 -9999 -9999 -9999 -9999 -9999 -9999 -9999 -9999 -9999 -9999 -9999 -9999 -9999 -9999 -9999 -9999 -9999 -9999 -9999 -9999 -9999 -9999 -9999 -9999 -9999 -9999 -9999 -9999 -9999 -9999 -9999 -9999 -9999 -9999 -9999
0.439767893112643 0.447479104940047 0.454178045680516 0.459173925883607 0.468509582197019 0.479778476077445 0.489140117222071 0.500143169517676 0.509134442255707 0.514722662453362 0.520127764617858 0.529641497471787 0.538536425778166 0.545894740918194 0.550973047769199 -9999 -9999 -9999 -9999 -9999 -9999 -9999 -9999 -9999 -9999 -9999 -9999 -9999 -9999 -9999 -9999 -9999 -9999 -9999 -9999 -9999 -9999 -9999 -9999 -9999 -9999 -9999 -9999 -9999 -9999 -9999 -9999 -9999 -9999 -9999 -9999 -9999 -9999 -9999 -9999 -9999
0.439066363617449 0.448884527246547 0.456610979349326 0.463091157488265 0.472068515302681 0.481687974961802 0.488641650846018 0.49718776155369 0.506450368581955 0.512997139827739 0.518246065631064 0.528233783562242 0.537633618084398 0.545023821286931 0.556461100925139 0.565237458281655 -9999 -9999 -9999 -9999 -9999 -9999 -9999 -9999 -9999 -9999 -9999 -9999 -9999 -9999 -9999 -9999 -9999 -9999 -9999 -9999 -9999 -9999 -9999 -9999 -9999 -9999 -9999 -9999 -9999 -9999 -9999 -9999 -9999 -9999 -9999 -9999 -9999 -9999 -9999 -9999
0.440302020435276 0.447950408776738 0.452359554373781 0.459516347321587 0.470416927297083 0.480431853454606 0.491098312100981 0.498909442403424 0.507506197968819 0.516153610267555 0.521775426203791 0.530560854491044 0.538957011448499 0.54562485687528 0.555764594484045 0.565284932502007 0.571765963478403 0.579874005898195 -9999 -9999 -9999 -9999 -9999 -9999 -9999 -9999 -9999 -9999 -9999 -9999 -9999 -9999 -9999 -9999 -9999 -9999 -9999 -9999 -9999 -9999 -9999 -9999 -9999 -9999 -9999 -9999 -9999 -9999 -9999 -9999 -9999 -9999 -9999 -9999 -9999 -9999
0.438741227400992 0.434346531976855 0.415534086307768 0.41688987236945 0.450614749731665 0.478296937157315 0.490717471284683 0.500309443964807 0.510364345466527 0.516782912470013 0.523747214052466 0.53340917374206 0.539495982738722 0.54724037216251 0.55836233434045 0.565832799320602 0.572923802537668 0.580034649415758 0.586951938293396 0.592211101386999 -9999 -9999 -9999 -9999 -9999 -9999 -9999 -9999 -9999 -9999 -9999 -9999 -9999 -9999 -9999 -9999 -9999 -9999 -9999 -9999 -9999 -9999 -9999 -9999 -9999 -9999 -9999 -9999 -9999 -9999 -9999 -9999 -9999 -9999 -9999 -9999
0.438522949376247 0.412386876223496 0.384296453230653 0.394941499759435 0.428289447330796 0.472169820164986 0.497745306510212 0.506639507520921 0.513458384045034 0.519497336420056 0.526353736284621 0.536145712975061 0.544378710936273 0.552444500401763 0.560047041747555 0.566707393058308 0.574079702493254 0.581743702350143 0.587940111543108 0.592428414570875 0.595539564185589 -9999 -9999 -9999 -9999 -9999 -9999 -9999 -9999 -9999 -9999 -9999 -9999 -9999 -9999 -9999 -9999 -9999 -9999 -9999 -9999 -9999 -9999 -9999 -9999 -9999 -9999 -9999 -9999 -9999 -9999 -9999 -9999 -9999 -9999 -9999
0.423344605403845 0.395344087746582 0.373884376115462 0.39150888825909 0.418622483632389 0.448926178175448 0.487208528247485 0.505266717940541 0.509984677902025 0.519011070710903 0.527874839572417 0.538827814733712 0.547127741620452 0.553632780567812 0.56138692658944 0.567977265069972 0.574986223095414 0.5832534373316 0.589907021035864 0.594896708945842 0.6033762573513 0.610797809735714 0.615600564216863 0.622322921875522 0.62856833027333 0.634572529609322 0.641558348237891 0.647984371610125 0.654419119124039 0.662150860816412 0.669355466415305 0.675382984106892 0.682695287705567 0.689948897581382 0.695026347862942 -9999 -9999 -9999 -9999 -9999 -9999 -9999 -9999 -9999 -9999 -9999 -9999 -9999 -9999 -9999 -9999 -9999 -9999 -9999 -9999 -9999
0.328981724743304 0.356012400331726 0.380792440174202 0.403909593025159 0.436509407044832 0.452395940001823 0.458014566112257 0.483405306077039 0.512597136138349 0.525989874852696 0.536454977045304 0.544091429631187 0.549763096023479 0.557442770645301 0.566663215368728 0.572054026350192 0.577737585611361 0.586297616499563 0.593001971477535 0.598262790255478 0.605243441654709 0.610925617936481 0.615807108288181 0.622548696291123 0.628819249579859 0.634821770559969 0.641785884456959 0.648166984698881 0.654602912715368 0.662389738630421 0.66959502811475 0.67571843508934 0.683080057086082 0.690297595141172 0.695511892061192 0.704015921158417 0.714126472193556 -9999 -9999 -9999 -9999 -9999 -9999 -9999 -9999 -9999 -9999 -9999 -9999 -9999 -9999 -9999 -9999 -9999 -9999 -9999
0.333769244195869 0.353042066148131 0.370921220663364 0.418767760849312 0.4539295467263 0.455097318612289 0.446189703066603 0.463809926558676 0.503781307717344 0.529884875746327 0.542159240950643 0.550279632407517 0.556105999737032 0.563002085493467 0.571192314828846 0.576209238018899 0.580672709806598 0.588457161062706 0.594108498072995 0.600040978592821 0.607022049922336 0.612426456743347 0.618003061380565 0.62499629642562 0.631519837837157 0.637522538998333 0.644303365626044 0.65024640338617 0.656679647033014 0.66501588742768 0.672226195776652 0.679301188369423 0.687187978053335 0.694007817851025 0.700566180473039 0.708257981149571 0.714383497794063 0.721600926904143 -9999 -9999 -9999 -9999 -9999 -9999 -9999 -9999 -9999 -9999 -9999 -9999 -9999 -9999 -9999 -9999 -9999 -9999
0.354081252659413 0.363450320957908 0.366083950000905 0.404755967208327 0.448343709782013 0.458907349204121 0.446657470777529 0.455453353268294 0.484811619157406 0.506721566721219 0.531399610431753 0.551316924862809 0.561199838694963 0.567327992661264 0.572054164384592 0.576908543971961 0.583222195054732 0.589917776039275 0.59523786473878 0.601230373090353 0.609131477531594 0.614740943529928 0.619507074825489 0.627132555933937 0.633689846294178 0.639843320251999 0.647057724646923 0.652909605850414 0.65922156343859 0.667796755944179 0.675093214256769 0.682367875800667 0.690496907738864 0.697015978899787 0.703557410751744 0.711736712989546 0.717302040481594 0.723004077059056 0.732748102635596 0.741232537787001 0.74705963336219 -9999 -9999 -9999 -9999 -9999 -9999 -9999 -9999 -9999 -9999 -9999 -9999 -9999 -9999 -9999
0.390031212373534 0.389734099793318 0.395965534638887 0.385592379627563 0.402412178136042 0.424982887414297 0.42032765427448 0.45470990985996 0.481657678326767 0.497409778490645 0.510954695771194 0.535202928665397 0.563938488310228 0.571620369544437 0.57543587058166 0.581757194458549 0.586154553353798 0.591294381094413 0.59688026632998 0.603206066195223 0.609934722676873 0.614312677841166 0.619029261605154 0.626649778324303 0.633238287179154 0.6394136332727 0.647874922904871 0.652504100350017 0.658750363908996 0.668814881100619 0.677583607952986 0.686235924633134 0.693136471373165 0.700949698378523 0.707503282078137 0.714563848735141 0.721963391955289 0.728682887205042 0.735965045528288 0.741740552264016 0.747497279942803 0.756167854630319 -9999 -9999 -9999 -9999 -9999 -9999 -9999 -9999 -9999 -9999 -9999 -9999 -9999 -9999
0.415617348683665 0.412781331739111 0.413181421957184 0.418659956995794 0.439161497766928 0.45047424440461 0.446454500644948 0.460022712239058 0.475525689102693 0.480118554105162 0.504518092729444 0.549294446309858 0.570150038708382 0.575696636898122 0.575990580593267 0.580078225259867 0.589081585617809 0.593654956898259 0.597884608001482 0.601809467969559 0.607332897060811 0.613901825147208 0.617640241065158 0.624111609664947 0.633420388207159 0.641016215193744 0.648996612130196 0.65529964680453 0.659402690706239 0.667120159917426 0.680117854309388 0.688077065051184 0.696140265462319 0.705315593089012 0.707630026221612 0.717238562594966 0.730812870189915 0.73626456790528 0.741440295243133 0.747221026928189 0.752481744993644 0.758129939847696 0.764465431653678 0.765374181050912 -9999 -9999 -9999 -9999 -9999 -9999 -9999 -9999 -9999 -9999 -9999 -9999
0.419182768306525 0.425659042691255 0.427089391930251 0.429611562669503 0.457174835026146 0.473767303972277 0.485498937447675 0.496453959266422 0.49995041176443 0.505827704379818 0.530263710530498 0.562782842742681 0.575565063440703 0.578639610372405 0.573782405396773 0.576201655279663 0.590078686185701 0.595283698508227 0.598957783092501 0.601070637185836 0.603765765956012 0.602888614283703 0.60029299229493 0.616565827879172 0.635157844909066 0.640643054382365 0.646310475771241 0.651224523901137 0.660037774769967 0.67364125606729 0.683972687541436 0.691749574264488 0.699023990914346 0.703182395473293 0.706551530502264 0.719026279854186 0.732064331191342 0.739442760099489 0.745405022425797 0.752199211008334 0.759351179286213 0.763506433518103 0.765297751221167 0.765550631067206 0.766761277855256 0.769270901477237 -9999 -9999 -9999 -9999 -9999 -9999 -9999 -9999 -9999 -9999
0.468185716648118 0.485808353990517 0.493835581729057 0.500425640398355 0.513518598173638 0.519063592262199 0.516818065672814 0.522506777664734 0.526243504995128 0.516681982595608 0.529147720390559 0.562554843020442 0.580522107768827 0.581163606820305 0.582790846405211 0.588083345145239 0.592334464670569 0.597354664130595 0.600580068946976 0.603125792371547 0.601485557942182 0.599251551913987 0.60871571971595 0.624529258052958 0.63424333352287 0.63811792282048 0.645245670105612 0.653265147528293 0.663116184956558 0.675951032856063 0.683735151797613 0.688546763918379 0.699923129042942 0.712176483529192 0.719404752999158 0.728419661517447 0.737580212826035 0.744430592342939 0.75040594754686 0.755819673048643 0.762526805490262 0.769849537314668 0.770780904944253 0.768169432593535 0.76904114172671 0.769533930076851 0.76471997855741 -9999 -9999 -9999 -9999 -9999 -9999 -9999 -9999 -9999
0.524502114608343 0.545143644421998 0.553639498517934 0.557762239113832 0.562908701855337 0.559141460891088 0.54592285255622 0.54763697896417 0.559460443067077 0.556196339635209 0.548552261672403 0.563813091452354 0.585255452301583 0.585622456949737 0.588438856539901 0.591313634691967 0.594466353720624 0.59909376046562 0.602496148041545 0.602832772880974 0.601591893419425 0.599626171393921 0.608818459359662 0.627099600229639 0.633287275926197 0.633863301484469 0.640823709375938 0.654035985084283 0.664693485008103 0.67719722218784 0.681274153885419 0.681200348275967 0.695214182635072 0.714287470369443 0.722757945072288 0.73214903587048 0.739340649428643 0.745757004388982 0.751643646082376 0.755756599498521 0.76483984136471 0.774028532339104 0.778173815734857 0.77685357715724 0.774110524620871 0.77185758408125 0.766328191025354 0.759470496036966 -9999 -9999 -9999 -9999 -9999 -9999 -9999 -9999
0.549915979110624 0.559172944759513 0.564453316160451 0.567939869140057 0.571610626179397 0.572356364667848 0.556618915530464 0.554782788524756 0.576899565293747 0.580211149585389 0.576887608569738 0.579975548211621 0.587642250513416 0.588997129668972 0.591438645456108 0.593056580449445 0.595860266363183 0.600317550851225 0.602821264829549 0.60358216674471 0.597610584625322 0.599490212561372 0.611250171247384 0.620784937328594 0.629799375156691 0.63360853526922 0.645350945369821 0.656950787365784 0.665941793008732 0.672572532165522 0.680843799353988 0.693658105833487 0.706080991454642 0.7169857530006 0.721887194452518 0.727686352882512 0.736127523446014 0.744040326691273 0.749927616776402 0.754070652886656 0.765819338076305 0.772101921506613 0.775594499730001 0.77681405599301 0.773522915735762 0.769565718525465 0.766276151575163 0.760968454712215 0.758222714286035 -9999 -9999 -9999 -9999 -9999 -9999 -9999
0.562653331704004 0.570117708360384 0.573730946183547 0.576649377266557 0.579867004572546 0.581509248832089 0.582752249089004 0.584967890901453 0.586149318104542 0.586187056663944 0.586822779409325 0.587315536042978 0.588944501249001 0.590528176817604 0.592356919776393 0.59553339853526 0.597470513014379 0.602028096444845 0.603490176417765 0.601599037795392 0.602291388004787 0.602497154827991 0.60411351703937 0.609590646016062 0.61345400734807 0.622230617741138 0.640832381691198 0.655689747128565 0.662592451656377 0.670689686654041 0.679845130306978 0.691492767218073 0.704346647114696 0.713502158534956 0.719933839492441 0.729020470256985 0.73887381411063 0.746041663412461 0.751940279671768 0.756052978278423 0.764225079446588 0.774080979612345 0.775590429449939 0.774025742707287 0.772961432690212 0.773210567406379 0.771493279732313 0.765300894988818 0.758426692536805 -9999 -9999 -9999 -9999 -9999 -9999 -9999
0.573041077676503 0.578140301024627 0.581402660176735 0.583631251938863 0.586245692947166 0.588082963832761 0.588618078093569 0.588211560028347 0.582330401430878 0.571307238521508 0.568618161736733 0.574584763649125 0.583551786665176 0.592041533564083 0.59396532041961 0.596596308058875 0.598695973740863 0.599556165627568 0.60292931916863 0.605438620172061 0.607026139001182 0.608024319155865 0.610805169913763 0.616302754874026 0.621355264881549 0.631985177146607 0.643757954476872 0.652187488390883 0.659687556195018 0.670073112315137 0.680690367109512 0.690319812844051 0.700850729345816 0.71114828913308 0.718791844862602 0.727452127852563 0.734091839040796 0.733210854705593 0.739469561542806 0.755646251977276 0.767326428660907 0.77318608466796 0.773047416592817 0.773435050139515 0.772491770948031 0.770873449424835 0.768854020330248 0.764668299494035 0.759504928294539 0.756368573011026 -9999 -9999 -9999 -9999 -9999 -9999
0.576381227139118 0.580525827003399 0.582740657862185 0.586075231814914 0.590044861294131 0.590997651636295 0.590413651596701 0.578335811528726 0.555577368553109 0.541538871533847 0.546576455019336 0.564227887471512 0.580482958456523 0.590831375123568 0.586887440951472 0.58701974380126 0.590382911816987 0.592924628533625 0.597372113662024 0.602433917013488 0.607560523736225 0.608902982450473 0.610593226529123 0.609097237380198 0.610456059740489 0.623332220841854 0.637897327152569 0.651534388627441 0.659384964368197 0.669566591779827 0.678322708327465 0.685621163683186 0.697046623653226 0.707967322145787 0.716045982606126 0.727573306147423 0.738649688052099 0.746739400780012 0.753941729860114 0.757011202827959 0.763683922887897 0.772151612110992 0.773130555252437 0.773662720387282 0.771719316021819 0.768323054900783 0.766283709717416 0.764600266502425 0.760255906210436 0.757245266540761 -9999 -9999 -9999 -9999 -9999 -9999
