layers/veg/veg600.asc
NCOLS 255 
NROWS 330 
XLLCORNER -2985163.8955 
YLLCORNER -3022031.214 
CELLSIZE 25000 
NODATA_value -9999 
[rows 208 to 233 of 330, columns 58 to 115 of 255]
-9999 -9999 -9999 -9999 -9999 -9999 -9999 -9999 -9999 -9999 -9999 -9999 -9999 -9999 -9999 -9999 -9999 -9999 -9999 0.392941356303426 0.329819545637262 0.25390103345077 0.0397421759104917 0 0 0 0.0118632912903256 0 0 0.0963382699368116 0.173224431756579 0.160620415109824 0.0986823340141317 0.148252343630782 0.138059528486704 0.129559909912295 0.125867362474859 0.11203210393298 0.0887472655084387 0.0915470847036396 0.0898881228487816 0.0795584350016792 0.0386567565476314 0 0 0 0.0191372460294456 0.0235001749258889 0.0230670755569337 0.0214823532024671 0.0198965312363117 0.0165334469012913 0.0127331187997592 0.0083281072512131 0.00361791135701651 0.00198802226936178 0.000766860599019495 0
-9999 -9999 -9999 -9999 -9999 -9999 -9999 -9999 -9999 -9999 -9999 -9999 -9999 -9999 -9999 -9999 -9999 -9999 -9999 0.384748142572078 0.345663153954642 0.285899973060163 0.0881695491798019 0.0215619501726298 0 0 0.0437270504415339 0 0 0.0992444564656212 0.183223831929656 0.180270007788937 0.166679237793193 0.148710746695068 0.140297406753099 0.126874148269973 0.120491887983366 0.1166536561742 0.0971095539728271 0.0898613771022825 0.0818094496383427 0.0723623676832746 0.044196998447727 0 0 0 0.0197495198619406 0.0215633101627901 0.0211548062081827 0.0194678397271999 0.0178905625936515 0.0144784278411786 0.0111102606125696 0.00695367399566817 0.00116910834680744 0.000326215676933375 0 0
-9999 -9999 -9999 -9999 -9999 -9999 -9999 -9999 -9999 -9999 -9999 -9999 -9999 -9999 -9999 -9999 -9999 -9999 -9999 0.36313933154702 0.323335606828078 0.257955232796774 0.11512068533857 0.0284555564749204 0 0 0.0242740934944715 0 0 0.10583555213096 0.18862654667361 0.181984307843417 0.167884566747163 0.154175787206462 0.142060615107664 0.130458459044642 0.111615999087186 0.113829664034889 0.0925795115110919 0.0782223639563265 0.0654990236257944 0.0588425421563524 0.0336195465126936 0 0 0.00804288876323786 0.0183431411527929 0.0204725724711859 0.020033532473091 0.0179733417405355 0.016344871471562 0.0128185803374048 0.00937603383332262 0.00523079810498991 0.000416979736131375 0 0 0
-9999 -9999 -9999 -9999 -9999 -9999 -9999 -9999 -9999 -9999 -9999 -9999 -9999 -9999 -9999 -9999 -9999 -9999 -9999 0.390309469089592 0.335906215155334 0.23322506312858 0.118473603014064 0 0 0 0 0 0.00664618620063808 0.111885637052939 0.191254173979359 0.181522989656811 0.167488992904401 0.155487160743657 0.143257850137689 0.131788662807192 0.104017831497952 0.106681975129414 0.0841118985612344 0.0554327333632529 0.0274584282740286 0.0252729003082556 0.0227850785414136 0 0 0.00493001826747769 0.0118773152734465 0.020004861782255 0.0202347483433539 0.0176273287155672 0.0152611095002276 0.011482932611499 0.00737132470520755 0.00263347249003866 0 0 0 0
-9999 -9999 -9999 -9999 -9999 -9999 -9999 -9999 -9999 -9999 -9999 -9999 -9999 -9999 -9999 -9999 -9999 -9999 -9999 0.388003210634296 0.373349237508558 0.352829097371652 0.222620833473399 0.0570058324789525 0 0 0 0 0 0.128809123863635 0.191328820844962 0.179746641771966 0.165570676216392 0.155117156825955 0.144429603605784 0.134864908994574 0.098651836940784 0.0944835906915811 0.0714921686814315 0.0154845758319926 0 0 0.0115275578559665 0 0 0.00150327108707542 0.0116181685168219 0.0198982581741525 0.0215440186081736 0.0188106239388682 0.0150243516276879 0.0105999661751257 0.00583818357580316 0.00035062470225019 0 0 0 0
-9999 -9999 -9999 -9999 -9999 -9999 -9999 -9999 -9999 -9999 -9999 -9999 -9999 -9999 -9999 -9999 -9999 -9999 -9999 -9999 0.379821459859904 0.354982691792825 0.275780618615971 0.043288795782591 0 0 0 0 0 0.139874083844936 0.188936173465374 0.177361313963195 0.164030270098406 0.154323942972746 0.145267294150307 0.136897511245355 0.107964418098149 0.0797579453491742 0.0533475899174447 0 0 0 0.000737077136852551 0 0 0.00781252336685313 0.0160261726399478 0.0216172282394958 0.0219168317070336 0.0192983790547646 0.0152521673802801 0.0101495469409593 0.00514137262056449 0.000254901890475568 0 0 0 0
-9999 -9999 -9999 -9999 -9999 -9999 -9999 -9999 -9999 -9999 -9999 -9999 -9999 -9999 -9999 -9999 -9999 -9999 -9999 -9999 0.407779362120287 0.351254000428435 0.279991061299675 0.172481721727635 0.0281468489787331 0 0 0 0.054016091503796 0.131437161634735 0.184891240465719 0.175131408642615 0.163101268378113 0.153515708830575 0.14491998526969 0.137357753196102 0.114195967132418 0.0813401257050535 0.0527000570584533 0 0.00360774594219829 0.00789464493311592 0 0 0.00138264073971563 0.0171396305885443 0.0188365220986003 0.0216942033380316 0.0222277873080041 0.0197768816049664 0.0153080496031695 0.0097515637158963 0.00324121598369755 0 0 0 0 0
-9999 -9999 -9999 -9999 -9999 -9999 -9999 -9999 -9999 -9999 -9999 -9999 -9999 -9999 -9999 -9999 -9999 -9999 -9999 0.402331544060713 0.395826782992367 0.31669383561645 0.241215233775829 0.131398791082574 0 0 0 0 0.0994078511352473 0.151243741030384 0.177576943977858 0.171354570383826 0.162613110723997 0.153791247544236 0.144611762240585 0.137592366999647 0.114607085056296 0.0964112714801483 0.0691070397787568 0.0204274881706146 0.0281563064648734 0.0236811126442132 0.00869988974555164 0.0116546807573216 0.0162331985770406 0.0259277924799309 0.0251719514426101 0.0241659832943443 0.0240820846996017 0.0204876803216484 0.0156437172161189 0.00882333067041471 0.00177580193597836 0 0 0 0 0
-9999 -9999 -9999 -9999 -9999 -9999 -9999 -9999 -9999 -9999 -9999 -9999 -9999 -9999 -9999 -9999 -9999 -9999 -9999 0.41762392584111 0.394301712225706 0.336825151346542 0.274598546275913 0.210226225205703 0.066391918169392 0 0 0 0.160963882701078 0.165742762119976 0.15225633271395 0.157938552837303 0.162176983596362 0.156686191682187 0.146070268536101 0.138258914813469 0.118594579280937 0.111877972147442 0.0856297653567151 0.0515158611385033 0.0434385029109741 0.0396270847105178 0.0327230728087065 0.0293421109687423 0.0285452987540271 0.0331911831028656 0.0304957069935945 0.0259923220494755 0.0262065892562447 0.0213181469234897 0.0151042326615468 0.00744667153608757 0.000547117550308422 0 0 0 0 0
-9999 -9999 -9999 -9999 -9999 -9999 -9999 -9999 -9999 -9999 -9999 -9999 -9999 -9999 -9999 -9999 -9999 -9999 -9999 0.447807108886302 0.402031519683105 0.386769738869983 0.334256228223883 0.272633093964117 0.133420256059475 0 0 0 0.163252379445971 0.166421780069407 0.130484837658501 0.146265922560248 0.158365093312032 0.158552728077781 0.147545168770172 0.139330451725887 0.127033645771524 0.118038655567815 0.091526662971764 0.0600388784617515 0.0512577840665708 0.0493120217163757 0.0458003661774736 0.0401907071539218 0.0372976569260796 0.038235024637913 0.0345123775639817 0.0282668379434353 0.0273591331234213 0.0218332994091822 0.0144370435643749 0.00663580860479893 0 0 0 0 0 0
-9999 -9999 -9999 -9999 -9999 -9999 -9999 -9999 -9999 -9999 -9999 -9999 -9999 -9999 -9999 -9999 -9999 -9999 -9999 0.454773341689245 0.403958030547295 0.396170112468079 0.354493527730034 0.259504295465394 0.0866163438993794 0 0 0 0.151924301505956 0.155827591115512 0.127944274324051 0.150366422807081 0.157720824390379 0.158480288299254 0.149422565981439 0.141037572385852 0.129982770195427 0.117445993014154 0.0910330106529956 0.0643796917770149 0.0562046957065667 0.0542452210077298 0.0513949263683721 0.0491354872594409 0.0442702083883754 0.0414274775500851 0.0373122794651208 0.0310363366341963 0.0277942760218655 0.0215381183423954 0.013823028551063 0.00641022450764808 0 0 0 0 0 0
-9999 -9999 -9999 -9999 -9999 -9999 -9999 -9999 -9999 -9999 -9999 -9999 -9999 -9999 -9999 -9999 -9999 -9999 -9999 0.455539786922844 0.42283797997055 0.371702294601064 0.357228616458864 0.239972072812543 0.0402626639860268 0 0 0 0.117399840807147 0.131809008249916 0.129386525153939 0.14963171029965 0.158469074180875 0.159892773927126 0.151539774950481 0.142778929697282 0.132221642533382 0.11942936840401 0.0861972277470892 0.0711502966771865 0.065138851562253 0.0599574954566512 0.0563870315310381 0.0535826549651017 0.0481868048803486 0.0437509919955306 0.0385485421807545 0.0327321998861579 0.0282273982705803 0.0207580120061116 0.0133214115330746 0.0065210160687946 0.000368312058777823 0 0 0 0 0
-9999 -9999 -9999 -9999 -9999 -9999 -9999 -9999 -9999 -9999 -9999 -9999 -9999 -9999 -9999 -9999 -9999 -9999 -9999 0.44146733074429 0.423368464991956 0.366579478817801 0.349451628577784 0.286649851287754 0.116649330559932 0 0 0 0.0677637714765113 0.101118590723441 0.132685330338049 0.153760014931521 0.160652939395511 0.161966641376278 0.15299333164088 0.143715530757742 0.133749695360379 0.121275480003517 0.0821038647874946 0.0768881575885053 0.0706477700436065 0.0644379017245619 0.0601081872468035 0.0564313035664603 0.0503221457219472 0.0452280940832435 0.0392296122465835 0.0335161359722433 0.0282426312133384 0.0207391631184978 0.0133663478029851 0.00687665179056596 0.000778857770494801 0 0 0 0 0
-9999 -9999 -9999 -9999 -9999 -9999 -9999 -9999 -9999 -9999 -9999 -9999 -9999 -9999 -9999 -9999 -9999 -9999 -9999 0.445606151626168 0.431680727350906 0.407191281407169 0.3793710445528 0.288922937084795 0.113445929663306 0.116261963261077 0 0 0.0487223671372343 0.0888788847036659 0.132909087190066 0.163356750001268 0.165967829101501 0.164241076274217 0.154186543348732 0.144723696488567 0.134943242071141 0.122887597193568 0.0909760663734459 0.0824331438978252 0.0757045348733697 0.0691402685784546 0.0638877290727583 0.0596101876443968 0.0535584630645687 0.0476368699825323 0.0419139911306041 0.0350820069015024 0.0293778579031843 0.0214785221865121 0.0139431631066795 0.00704090624678819 0.000670763127629389 0 0 0 0 0
-9999 -9999 -9999 -9999 -9999 -9999 -9999 -9999 -9999 -9999 -9999 -9999 -9999 -9999 -9999 -9999 -9999 -9999 0.465369447882904 0.45501548140146 0.425948215829089 0.400879988355212 0.382118994024205 0.217223081917219 0.128674314338391 0 0 0.0143492283746177 0.0908846787820469 0.115197851018268 0.130681331465492 0.158215074807006 0.167158304267373 0.166443873401613 0.156090375744334 0.146253306430615 0.136366951683315 0.12425190064478 0.103718002748934 0.0895386343361837 0.0802922125408776 0.072986838642399 0.066784988566353 0.0599941533754156 0.0533076409471613 0.0489131709442548 0.0433709578402061 0.0367204029521909 0.0307255448278441 0.0227255185245136 0.0151139917558427 0.00767322216175892 0.000934690723718343 0 0 0 0 0
-9999 -9999 -9999 -9999 -9999 -9999 -9999 -9999 -9999 -9999 -9999 -9999 -9999 -9999 -9999 -9999 -9999 -9999 0.47940218367388 0.459743510858848 0.425758315114732 0.39861635676831 0.367595725985752 0.195645840251727 0.168614698888187 0 0.0132650501969107 0.103511696751964 0.128734925135907 0.133116915266164 0.122114364441579 0.122625767064283 0.154051251840785 0.168890683372534 0.159453315960118 0.148404414278493 0.138239208900915 0.12571521724079 0.111677867240846 0.0954042090416407 0.083610088254208 0.0753548948603134 0.0685989946810131 0.0606321125846174 0.0535063036021115 0.0495840610913094 0.0437038919352484 0.0368140482948017 0.0312184365324553 0.0236233992632435 0.016054690386649 0.00875941214740848 0.00204631555363504 0 0 0 0 0
-9999 -9999 -9999 -9999 -9999 -9999 -9999 -9999 -9999 -9999 -9999 -9999 -9999 -9999 -9999 -9999 -9999 -9999 0.479466509876594 0.454515158714115 0.434287425424785 0.409720308876525 0.345771866582023 0.195568577167816 0.127672163312286 0 0 0.117678523011245 0.146173379160316 0.138509832206582 0.118315443187458 0.104270837428364 0.150189882182903 0.172620414106695 0.163529392620715 0.151362905564529 0.14070311798338 0.127773187813848 0.114395028349932 0.0988966401013348 0.0862588883435261 0.0769092098404746 0.0689806809493836 0.061244408902441 0.0541650379104266 0.0501322280443097 0.0434754238414037 0.0368868327938533 0.0314952671672167 0.0246349390012399 0.0171746615360178 0.0100288271339907 0.00348788501692032 0 0 0 0 0
-9999 -9999 -9999 -9999 -9999 -9999 -9999 -9999 -9999 -9999 -9999 -9999 -9999 -9999 -9999 -9999 -9999 0.516441912985677 0.482091391406996 0.465266076332542 0.441691628038353 0.42076677192229 0.314561075286129 0.180620843689451 0.077759462546431 0.0809121448305084 0.0129024905826975 0.128032126500861 0.155523665897815 0.127732020385965 0.0768397197242005 0.0713162730384133 0.114482040633823 0.164030168555057 0.165268804415848 0.155646334394192 0.144244251977614 0.130665196297014 0.117235978657515 0.101969938675454 0.0888915871583394 0.0784667445177974 0.0687596312134116 0.0612436829218542 0.054778931065498 0.0499207030693577 0.0428637153617146 0.0376036981349176 0.0317612308642969 0.0255113088361758 0.0181193601660477 0.011203516465298 0.00478694600322997 0 0 0 0 0
-9999 -9999 -9999 -9999 -9999 -9999 -9999 -9999 -9999 -9999 -9999 -9999 -9999 -9999 -9999 -9999 -9999 0.481783805452429 0.485126869998314 0.485607536726879 0.462228163820141 0.415207429542699 0.29189366495161 0.151336948896589 0.0503015416354965 0.105496739992858 0.0550526633149984 0.119525839249645 0.154040200100431 0.131281625972106 0.0583692737042702 0.0146962221288133 0.0743659210695707 0.150957280280396 0.16010772740345 0.158547773994103 0.147472499105227 0.133125042191408 0.119004468631242 0.103730707235195 0.0901035827038258 0.0798017271249477 0.0696752131463899 0.0614067581597339 0.0555246872144842 0.0492143572139039 0.0424915738718153 0.0385143193213792 0.0326665265833321 0.0262729036355817 0.0190071016333167 0.0122798835624509 0.00586502614370838 0 0 0 0 0
-9999 -9999 -9999 -9999 -9999 -9999 -9999 -9999 -9999 -9999 -9999 -9999 -9999 -9999 -9999 -9999 -9999 0.49099747529136 0.468229047548719 0.471076421709841 0.460463911868994 0.407563157934319 0.306492169220573 0.161171855001455 0.0464919496135588 0.0663472763234399 0.0911446701286008 0.113969177885517 0.133440519514215 0.137449983246626 0.0700944706158426 0.0266364219032609 0.0800966199446496 0.141792504335667 0.154153278078288 0.158146977392479 0.150861665398434 0.13628603461023 0.121446296036768 0.105780131329644 0.0915742932978261 0.0822883805571261 0.0709912318284301 0.0632749235750095 0.0564795891796005 0.0499392577545307 0.0438295899513375 0.0390762271296533 0.0345682155273736 0.0271490101956008 0.0200634337922184 0.0132625352465488 0.00674216775125534 0.000242101474039866 0 0 0 0
-9999 -9999 -9999 -9999 -9999 -9999 -9999 -9999 -9999 -9999 -9999 -9999 -9999 -9999 -9999 -9999 -9999 0.507156779728405 0.485667352387549 0.479290886021899 0.465454163593611 0.406094913352131 0.276812984106141 0.208864629027578 0.107875931160646 0.0924846703203838 0.121054155579794 0.141158003578163 0.113563661498091 0.13854196391735 0.0917551325675189 0.0717658919996181 0.105725213498503 0.140505882740098 0.149208727878418 0.152903759400611 0.154773885843307 0.140131596885282 0.1246558705045 0.108919463638864 0.0937470644216989 0.0821284579222448 0.0739317624590808 0.0645967835573966 0.0569854167851719 0.0514271871525775 0.046816219781809 0.0394239380931032 0.0353152635492577 0.0279136379900163 0.0206929403328385 0.0138424366085732 0.00714687657983033 0.000550589254309846 0 0 0 0
-9999 -9999 -9999 -9999 -9999 -9999 -9999 -9999 -9999 -9999 -9999 -9999 -9999 -9999 -9999 -9999 0.509653519400427 0.503684292058585 0.495674091872273 0.486186789340875 0.464078082296782 0.393627768843717 0.265047749827231 0.202543207327762 0.105202641323309 0.0620599267778365 0.126177288042231 0.149427452342953 0.123197087385122 0.114035142689966 0.103769587845325 0.110288122360214 0.128137188829277 0.143015123117144 0.146995096376025 0.148621627541011 0.155544361800047 0.143657777658687 0.127703628462763 0.111660673710247 0.0971186274935372 0.0832589297778942 0.0760110226000304 0.0677771243398988 0.0590169482425277 0.0550699656003942 0.0481971028196596 0.0403308415264301 0.0352232842471994 0.027882801641994 0.021112242407843 0.0138694194627992 0.00644640760240673 3.94976587565905e-05 0 0 0 0
-9999 -9999 -9999 -9999 -9999 -9999 -9999 -9999 -9999 -9999 -9999 -9999 -9999 -9999 -9999 -9999 0.533312498058439 0.510015864281526 0.502656699224771 0.489625888467019 0.460348575773175 0.379895211422258 0.263574364762282 0.216682783461909 0.119788835540701 0.121737118886082 0.107624495856068 0.113136221606371 0.106748966354839 0.0393198669805596 0.104119893234977 0.139745530842497 0.144897535239419 0.148421552473684 0.149494826825208 0.149816930676032 0.153040169942377 0.147026939705335 0.130754730309501 0.114336195999166 0.100272699087231 0.0857914037763593 0.0755167351499263 0.0681669798459071 0.0590293481357759 0.0553373989275133 0.0487585883083682 0.041301687874081 0.0370546513068897 0.0289798263333382 0.0214379866085467 0.0139145158501428 0.00685345012824611 0.000358263345756326 0 0 0 0
-9999 -9999 -9999 -9999 -9999 -9999 -9999 -9999 -9999 -9999 -9999 -9999 -9999 -9999 -9999 0.542220519969719 0.540804441369671 0.532303534620115 0.515095216416132 0.492442118985494 0.454706509702828 0.34847723662701 0.231882789162576 0.201402020132782 0.103179429146088 0.0431566771906145 0.142694921853392 0.210315038814207 0.13256465868985 0.141898242027692 0.158200152455568 0.158884382722039 0.158896785437057 0.157326801786239 0.156653547965795 0.155770615096632 0.153676305095963 0.150380260008863 0.134253937065817 0.118381783780926 0.103980940101723 0.0879294619457134 0.0742536899830422 0.0645831715593065 0.0573167684823225 0.0534814988489861 0.0485713102212968 0.0431541079832962 0.0381577102192291 0.0298291597259428 0.0221387296541743 0.015396959914685 0.00866768060290787 0.00177997887001636 0 0 0 0
-9999 -9999 -9999 -9999 -9999 -9999 -9999 -9999 -9999 -9999 -9999 -9999 -9999 -9999 -9999 -9999 0.542205346911769 0.525651688280686 0.519158795644506 0.493073731431918 0.443924775100272 0.314408945700029 0.21557191810201 0.1822254086541 0.140126917183568 0.0907260441817484 0.149416356045082 0.228261694750356 0.185781139960549 0.178422600492187 0.154679277243591 0.163405070714364 0.163034953482185 0.165050359806903 0.163729613196845 0.161712008370446 0.162759916092144 0.153555562336155 0.137766488220897 0.122988021683471 0.107787334954411 0.0870282658706572 0.0729897554406204 0.0641832089401099 0.0581702080622515 0.0521309659439554 0.0487803656719784 0.044215847531286 0.0392032502275852 0.0315200052643288 0.0242448675286314 0.0181146852808636 0.0101946956088431 0.00029531100726896 0 0 0 0
-9999 -9999 -9999 -9999 -9999 -9999 -9999 -9999 -9999 -9999 -9999 -9999 -9999 -9999 -9999 -9999 0.568088612940252 0.528314301079981 0.523129819574779 0.49081114505058 0.431692973045219 0.30494867655322 0.228028975952997 0.181252303982555 0.18502338841758 0.193412071107387 0.151552368353461 0.196181438577192 0.234841795548358 0.22344734970407 0.180692538148302 0.176933560789683 0.174592734254854 0.172561109600802 0.169411414385801 0.165261904654481 0.166779863840041 0.156339281234963 0.140359888998376 0.125724799778224 0.110530141769588 0.0873276019364573 0.0753901166973433 0.0680364211048622 0.0622288369518614 0.0540986561352686 0.0499336704241334 0.0436237107914503 0.0397240995751899 0.0332801934487885 0.0251122408273948 0.0159849677577033 0.00702902736551836 0 0 0 0 0
