layers/veg/veg6000.asc
NCOLS 255 
NROWS 330 
XLLCORNER -2985163.8955 
YLLCORNER -3022031.214 
CELLSIZE 25000 
NODATA_value -9999 
[rows 234 to 259 of 330, columns 60 to 119 of 255]
-9999 -9999 -9999 -9999 -9999 -9999 -9999 -9999 -9999 -9999 -9999 -9999 0.723562286122583 0.705829822718111 0.665306900486853 0.635093659385224 0.625070447286813 0.596497992382144 0.552950109426131 0.474934031337777 0.405506324857933 0.377664503351135 0.376004686176044 0.390954129912097 0.341181340501117 0.328564408942539 0.343925873103401 0.339744829244228 0.317307568258927 0.295453144047682 0.277508426853728 0.267196538388423 0.257260262683105 0.240821220700137 0.238167003030348 0.222175342038836 0.202835801068763 0.185059690765966 0.167932026990679 0.150252811112194 0.137174413777292 0.119167578154945 0.108062464509935 0.0976980222003399 0.0871551233927823 0.0771750428620522 0.0713632851754618 0.0631779126477956 0.052264332439125 0.0407378727476565 0.0309636579640139 0.0203009972127036 0.0171391693687342 0.0142921494520739 0.0117878033413172 0.00854242843513645 0.00493828093636488 0.00155017628256724 0 0
-9999 -9999 -9999 -9999 -9999 -9999 -9999 -9999 -9999 -9999 -9999 -9999 0.717267333350169 0.702640030438335 0.666554568465559 0.652512925556252 0.632213347274085 0.601401236468122 0.557308276154851 0.489996106963515 0.427609359217918 0.420938218422733 0.416351091604544 0.406945480539779 0.384444979515985 0.354020422983093 0.341608693416501 0.337995084333019 0.310722612454806 0.302578678901827 0.294836442758771 0.28022188386612 0.266254508800509 0.248871738216481 0.236765198020107 0.220636863139943 0.203280562855397 0.187471265384899 0.17097611635618 0.15503058708563 0.143612598121152 0.124624226231761 0.107046709209904 0.0971833841978077 0.0873529659082395 0.0801010731206544 0.0736953620980317 0.0643942842638038 0.0520920545668062 0.040801839623046 0.0299188240234377 0.0128018761914259 0.00970611778369748 0.0129116194163016 0.0118104975846268 0.0101413076187327 0.00820468775570401 0.00549490109909459 0.0026928831127361 0.00257331324465748
-9999 -9999 -9999 -9999 -9999 -9999 -9999 -9999 -9999 -9999 -9999 -9999 0.711571530127052 0.694796764281252 0.65782871079689 0.660792577360928 0.641878780687344 0.610989779454197 0.572481414351259 0.507907549799063 0.434842494877581 0.405680201725194 0.397283379798783 0.370477160044962 0.39590684193499 0.37159835913481 0.353206826340943 0.344503012770049 0.309311508892513 0.305228107527131 0.307821498500535 0.290908852870386 0.275332166437277 0.254866185168764 0.239330967098754 0.222894250358461 0.205242968015514 0.189186912462661 0.173873826774018 0.158588772774633 0.146956416652809 0.129080195628465 0.112801552501633 0.102054431911464 0.0909472975742295 0.082556017164559 0.0759876499376812 0.0653666386949246 0.0542223469557823 0.0433085951180889 0.0337064360954386 0.011698985379177 0.00210840850314602 0.0122983787507832 0.0124770501175857 0.0124664019489009 0.0122753874634014 0.00979803995394538 0.00740476025720625 0.00758808836872005
-9999 -9999 -9999 -9999 -9999 -9999 -9999 -9999 -9999 -9999 -9999 -9999 0.712350249697438 0.694198235598362 0.64948357177739 0.661131382808241 0.649952266038261 0.619992361562864 0.571781653248168 0.518929879294773 0.429630088212474 0.382695089292591 0.421394372969478 0.363631314900857 0.403583409660275 0.395479191045435 0.369408867204703 0.359816905647749 0.34262067437299 0.320943023940039 0.311389590072845 0.294461373604906 0.281097281097061 0.262107061979159 0.245285980546134 0.228484555202355 0.209434292731763 0.192422321214714 0.176864489298906 0.16005764359702 0.145214000407895 0.130345963766913 0.114673952001518 0.10741771218984 0.100824781945456 0.0918396313044826 0.0843032531930576 0.0717738668280437 0.0573699789322199 0.0486494692335396 0.0405427869654312 0.028850956165145 0.0157784808282349 0.0176718585491225 0.0135368632411813 0.0149550750485546 0.0173505023191604 0.0155792342856034 0.0145182213776407 0.0135945909320128
-9999 -9999 -9999 -9999 -9999 -9999 -9999 -9999 -9999 -9999 -9999 -9999 0.710806807863253 0.702465821818039 0.664684969624265 0.664628263089142 0.653835011503758 0.620187623635582 0.570866887428137 0.526727324785854 0.476828583549004 0.409621294853509 0.423764995442609 0.395150393705357 0.39828827823363 0.405916190803226 0.376771555832766 0.371369463376982 0.371153780004164 0.347264698174583 0.315970722646324 0.296769060588592 0.281253204652579 0.263839927657432 0.248511535060919 0.234481615352423 0.213371828908173 0.196373136658509 0.1803890079507 0.164107854966343 0.150309733296907 0.134919543562981 0.120257492242439 0.109968422733056 0.101603474189889 0.0968418222669313 0.0932118275254644 0.0767522154538502 0.0719595689231192 0.0567838317679577 0.0478303278158684 0.0381337731134485 0.0330911356187899 0.0289161904721572 0.0226110334219311 0.0211911677083276 0.0237437553093367 0.0225789731559738 0.0225892879869456 0.0224197397903951
-9999 -9999 -9999 -9999 -9999 -9999 -9999 -9999 -9999 -9999 -9999 -9999 0.710620744905969 0.70785804831488 0.697901102742563 0.680753341540857 0.657423480797114 0.62212745503888 0.587915317824014 0.533022219517374 0.485033368155436 0.43329779173291 0.433772919337275 0.428417229558072 0.425909043658021 0.41368857414433 0.39013802951398 0.386493558562913 0.364918602943746 0.347089994268075 0.329585864887767 0.305139588885179 0.282811748305564 0.261867281138187 0.248717583033378 0.237393806072073 0.21860249334743 0.201100236482389 0.184762720667169 0.16849982784482 0.155592614851797 0.140947249282097 0.127273372366764 0.114063506325769 0.10707404636608 0.101772717527079 0.0941365182010881 0.0835265925894976 0.0752717707850786 0.0645219430881236 0.0566295281252972 0.0488445877116908 0.042609112831202 0.0372006803880756 0.0319328880323924 0.0287482194223054 0.0293248224779317 0.0290646490711799 0.0289155494495503 0.0290419232896697
-9999 -9999 -9999 -9999 -9999 -9999 -9999 -9999 -9999 -9999 -9999 -9999 -9999 0.700150398620651 0.699566770831975 0.68693822077297 0.667741438642904 0.637006725320726 0.600950542920253 0.544692386844659 0.486134894301494 0.45146018556683 0.429434713913358 0.437827917992289 0.434240146672511 0.418514964421136 0.402618457213679 0.38339666117613 0.365289065564543 0.349626786453333 0.341299422053432 0.317486323786734 0.29613253432526 0.270857671844794 0.252851338171804 0.237940280114394 0.223409073310597 0.205170237497491 0.187999978388711 0.171873391794055 0.158926030161739 0.145495604069311 0.132042838947694 0.118613526115311 0.110112494043085 0.102061498574566 0.0927799380198061 0.0847644958913249 0.0760069757965799 0.0700216965797355 0.0630894954712928 0.0533719566481057 0.0446235743104969 0.0462408528173497 0.0427478027619967 0.0396711963210682 0.0382290496256668 0.0330756651722515 0.0300180245215019 0.030187805763209
-9999 -9999 -9999 -9999 -9999 -9999 -9999 -9999 -9999 -9999 -9999 -9999 -9999 0.735041599048941 0.712635726414 0.703350793293778 0.678289427046256 0.648680774236869 0.598314620491228 0.540393802902651 0.50611697968694 0.46633813098366 0.432140943103915 0.432986400173377 0.426959930265245 0.419436366714925 0.4047047206606 0.386596421495641 0.377085542156288 0.36124266427602 0.346800735938815 0.328091807378259 0.30559152154175 0.276300350325817 0.258461888348127 0.241763298831217 0.223977316294932 0.20775911928606 0.19041890346277 0.174339794232092 0.161280813409957 0.148163609070998 0.134541845416387 0.122169914383213 0.111077158013694 0.101842592149892 0.0944927530600497 0.0863477575663442 0.0795106553384626 0.0732192524815094 0.0667636418579852 0.0638973184898303 0.0575871574586286 0.050665990671638 0.0464595034313921 0.0434572341443603 0.041285767721581 -9999 -9999 -9999
-9999 -9999 -9999 -9999 -9999 -9999 -9999 -9999 -9999 -9999 -9999 -9999 -9999 -9999 0.74613934048644 0.725603022614165 0.697959179115029 0.66621647247261 0.63422964407411 0.538953331384568 0.503418796675443 0.476466405159063 0.448694206740102 0.428630075304219 0.422042283595483 0.415044385289503 0.403493160909776 0.390250647222562 0.377210485327618 0.363897276160141 0.348258290724332 0.31915229672003 0.296326312493978 0.274671178484657 0.260964600365991 0.25190411691866 0.233813231089189 0.212539898264124 0.196711823151297 0.177373695700177 0.16391049360416 0.150670993216813 0.13718418034484 0.124826629683154 0.113319315184184 0.103971446346879 0.0974431931072957 0.089413056630711 0.0828650797826034 0.0757817469700547 0.0696353220373501 0.065401260504374 0.0595109340077989 -9999 -9999 -9999 -9999 -9999 -9999 -9999
-9999 -9999 -9999 -9999 -9999 -9999 -9999 -9999 -9999 -9999 -9999 -9999 -9999 -9999 0.762749365612556 0.737048224583321 0.707939125369976 0.672778737233511 0.608454261423828 0.552803465500514 0.497355500225209 0.496551153395417 0.47016199367925 0.430655789856042 0.429464514158523 0.425805513157375 0.416705392430446 0.40478123807579 0.387743390075914 0.365821374215651 0.331809085890152 0.305708752311266 0.296143908392561 0.283196305040303 0.270115417400644 0.248935244147448 0.22858143497341 0.211457940396468 0.19497983851909 0.183087100797118 0.170691874069981 0.154883686620961 0.140631138334559 0.127923605999719 0.116694196647469 0.10661850507498 0.0985607030871719 0.0913899359116792 0.0837603787541889 0.0791369260206778 0.073013310431421 0.0676401505475454 0.0660143130173868 -9999 -9999 -9999 -9999 -9999 -9999 -9999
-9999 -9999 -9999 -9999 -9999 -9999 -9999 -9999 -9999 -9999 -9999 -9999 -9999 -9999 0.770629068681511 0.737807558003547 0.705762361103303 0.677401268630018 0.60846270451325 0.580562428404028 0.520327785348278 0.496555966853151 0.498173649644292 0.452347670737236 0.443312596228641 0.450556876314133 0.438879320818635 0.421284695059044 0.396466807666202 0.365555462886761 0.330314054489457 0.309700578344815 0.293623891807805 0.286625742190441 0.277324878142601 0.263639665577768 0.243399531816669 0.214539957861056 0.196963288787797 0.185664659235446 0.175103352522131 0.159505419631478 0.144276832362778 0.131471982974527 0.120217142999143 0.110033310057179 0.101931123680279 0.09428566871145 0.0865644794797066 0.0828828153589029 0.0763777478342087 0.0709495211858667 0.0691811609818524 -9999 -9999 -9999 -9999 -9999 -9999 -9999
-9999 -9999 -9999 -9999 -9999 -9999 -9999 -9999 -9999 -9999 -9999 -9999 -9999 -9999 0.778282064189389 0.749071813207201 0.71001860873442 0.676677514340225 0.621966269121269 0.603554942196105 0.512296744963078 0.515531252675555 0.521417614750516 0.480520484085634 0.457377330501576 0.460127475279537 0.44809643667224 0.424074817503842 0.392835854326883 0.361243505058014 0.332247344788413 0.313999047925796 0.294615675488416 0.284464478124874 0.275398505502643 0.263882259837929 0.244990924799314 0.219925660949904 0.200527162621966 0.186621509926548 0.174671029444576 0.162810848431003 0.150110501387863 0.137617903255626 0.127599168323983 0.115890470371854 0.107631747167258 0.0998522691682635 0.0921540917713924 0.0851994564180174 0.0792766778339684 0.0737399074665064 -9999 -9999 -9999 -9999 -9999 -9999 -9999 -9999
-9999 -9999 -9999 -9999 -9999 -9999 -9999 -9999 -9999 -9999 -9999 -9999 -9999 -9999 0.782577651895534 0.763093044672073 0.726393799033437 0.680324513394427 0.636722024812069 0.598985603319959 0.543983590686509 0.538727374190832 0.528239995541241 0.488624402255244 0.476645947147812 0.474276773348135 0.448365397177524 0.411716066146727 0.385503491387537 0.353744441522532 0.327594079916466 0.309848467173275 0.295174328241298 0.281179951439584 0.271098316014913 0.259363856348027 0.24147747577898 0.224611348568499 0.204451537307952 0.19272321214701 0.180331322676624 0.164933349261948 0.150940245942358 0.138770641861063 0.128148222413589 0.118467292171934 0.109020827201342 0.102088383473596 0.0942755528955763 0.0876865817278187 0.082376558307003 0.0760036821821867 -9999 -9999 -9999 -9999 -9999 -9999 -9999 -9999
-9999 -9999 -9999 -9999 -9999 -9999 -9999 -9999 -9999 -9999 -9999 -9999 -9999 0.780417398246174 0.782705352993767 0.768879233471528 0.743481200739284 0.698538671526347 0.638141149548085 0.607333241825232 0.58905131351396 0.542695426346275 0.531571273175966 0.510216123381191 0.483219918323478 0.472948724066301 0.448526164363758 0.406109518180504 0.376447767593332 0.34420828536043 0.321176214470846 0.304577769835952 0.290562868654382 0.278716237812992 0.268004446157416 0.256097306412505 0.240142934234039 0.227481554236456 0.211578815411767 0.195501839891092 0.183908356186876 0.173712228064526 0.1581789778267 0.142032989635741 0.130126337813024 0.121721789516967 0.114029303285081 0.106390970548319 0.0990327715833137 0.0918674301073246 0.0866976301374346 0.0831937668039437 -9999 -9999 -9999 -9999 -9999 -9999 -9999 -9999
-9999 -9999 -9999 -9999 -9999 -9999 -9999 -9999 -9999 -9999 -9999 -9999 -9999 0.778148126989415 0.785019503293504 0.780713357978567 0.753466237372928 0.724369279237123 0.638613875449541 0.623321163808774 0.591687640704698 0.542479208841433 0.536836598547223 0.523951366000604 0.494752950507684 0.470986451394186 0.429425012869579 0.391327412258312 0.364366504420161 0.337681511434106 0.314999071307786 0.30012593596852 0.287981210874586 0.276260190405357 0.26552408493786 0.25245089251798 0.238008629576398 0.224912565418193 0.212711228708336 0.19705477314519 0.183298387828526 0.17457744352655 0.163962878790498 0.149869165283684 0.133313760758322 0.124003179547805 0.116474113673793 0.110712395517786 0.104134535115924 0.0951805878307509 0.0901239658451222 0.086562130720197 -9999 -9999 -9999 -9999 -9999 -9999 -9999 -9999
-9999 -9999 -9999 -9999 -9999 -9999 -9999 -9999 -9999 -9999 -9999 -9999 -9999 0.834643408392335 0.817815930324401 0.800802386245916 0.769815883645509 0.715908529353916 0.650303538232537 0.631733173500723 0.575747217331766 0.540650855143131 0.536797411415379 0.520353143436684 0.505064768836439 0.484129687825838 0.431963075285064 0.403164025895575 0.377005424746392 0.335030112664743 0.326580437700317 0.308720669066501 0.29531348654084 0.275834643951851 0.263096161287902 0.249404211563417 0.231939736871843 0.217436693955824 0.207162235013511 0.197726652361005 0.182788410863912 0.173147755921122 0.166003189355805 0.154259923211597 0.136368384452217 0.127049659016104 0.118965410640056 0.112277994593258 0.105599568501293 0.0988566881466933 0.0924658805712765 0.0894497235288963 -9999 -9999 -9999 -9999 -9999 -9999 -9999 -9999
-9999 -9999 -9999 -9999 -9999 -9999 -9999 -9999 -9999 -9999 -9999 -9999 -9999 0.825441666981176 0.820328046596065 0.81064060079032 0.781326238854277 0.738876098947124 0.654158034621495 0.616080992200267 0.590696357638422 0.550036738195554 0.534320886777835 0.514605436734695 0.502734527814545 0.492196014089979 0.4365334443201 0.41423757185725 0.386410909203732 0.335948059707321 0.322763421410152 0.312711385991975 0.296788627847168 0.276996351914036 0.261660531801452 0.247763711029465 0.22330477626945 0.208372393799616 0.201348778038085 0.194189072914402 0.18347028568889 0.175217887048698 0.171476285671766 -9999 0.137906989054148 0.129253648299267 0.121897813712698 0.113661474437254 0.106797854866323 0.101116301608877 0.0932752113407221 -9999 -9999 -9999 -9999 -9999 -9999 -9999 -9999 -9999
-9999 -9999 -9999 -9999 -9999 -9999 -9999 -9999 -9999 -9999 -9999 -9999 -9999 0.811252406538685 0.828843793308885 0.817268070284243 0.787644883179088 0.763490013164365 0.712116770331377 0.639707902060819 0.61206105105591 0.580681351470185 0.54294538351114 0.520311184218924 0.503912013845305 0.491935340432001 0.443017112604493 0.424740154429313 0.401986947582943 0.358578055197492 0.335844651778717 0.317531946532347 0.293240408966021 0.267796121958789 0.244839033933776 0.218958273571821 0.199284745808978 0.191145390357573 0.190469661774065 0.18792520731851 0.183343502046469 0.176171912706521 0.173885247328574 -9999 -9999 -9999 0.123618787000145 0.114999816256653 0.108048598319929 0.101756127735712 -9999 -9999 -9999 -9999 -9999 -9999 -9999 -9999 -9999 -9999
-9999 -9999 -9999 -9999 -9999 -9999 -9999 -9999 -9999 -9999 -9999 -9999 -9999 0.838952813376029 0.841527976738246 0.826009933508358 0.802387342885339 0.757460658515449 0.729568928448641 0.691493503466678 0.620452605005122 0.6021484387505 0.562861901195937 0.536736845444574 0.511017938949833 0.481092323530199 0.452875989820244 0.434454183192892 0.408926878659592 0.374412704137243 0.345879712520207 0.319511876551603 0.288911500659607 0.260069503015177 0.229788238788198 0.210128988881228 0.178716658545761 0.181355624229438 0.184569133074716 0.187040966514857 0.183041563588996 0.175563322836663 0.174408465631229 -9999 -9999 -9999 -9999 -9999 -9999 -9999 -9999 -9999 -9999 -9999 -9999 -9999 -9999 -9999 -9999 -9999
-9999 -9999 -9999 -9999 -9999 -9999 -9999 -9999 -9999 -9999 -9999 -9999 0.885503906229509 0.868195716440889 0.856857696643848 0.840434910422358 0.815444511293861 0.772169404279496 0.704128856633292 0.702212214160658 0.637677027134093 0.581402671025232 0.552347809055345 0.551366702339424 0.514871542645675 0.475792066388437 0.458782979403104 0.43666462763253 0.400596779649405 0.36719609923179 0.348258270856107 0.315481843139312 0.287660882814102 0.262934998889565 0.23169969958445 0.226441170341851 0.194507470424943 0.190761953611747 0.191007461691714 0.186853474060544 0.179899420378505 0.17281549272676 0.174370625040693 -9999 -9999 -9999 -9999 -9999 -9999 -9999 -9999 -9999 -9999 -9999 -9999 -9999 -9999 -9999 -9999 -9999
-9999 -9999 -9999 -9999 -9999 -9999 -9999 -9999 -9999 -9999 -9999 -9999 -9999 0.876609174469132 0.870650606089368 0.855418175219596 0.820508147126963 0.780681752952131 0.725058501833117 0.696547169857167 0.63655178702657 0.629804095460516 0.571471190321306 0.560132614567234 0.539701047190091 0.502635863026065 0.467052346498766 0.431759649447253 0.392490904951462 0.359940705110634 0.333873254600901 0.313148213363297 0.281132924978498 0.262930866273332 0.236865498610512 0.233495380030575 0.226898553167251 0.209610214554712 0.199916259092763 0.192049796536217 0.184153633553255 0.176269059209877 0.177613770794258 -9999 -9999 -9999 0.139651998602508 -9999 -9999 -9999 -9999 -9999 -9999 -9999 -9999 -9999 -9999 -9999 -9999 -9999
-9999 -9999 -9999 -9999 -9999 -9999 -9999 -9999 -9999 -9999 -9999 -9999 -9999 0.903024703480151 0.88791080762378 0.863324067903118 0.800128711786377 0.792484753187917 0.742610109626348 0.712734040174912 0.6803460120018 0.62205595235929 0.619838152149857 0.585829105549859 0.554956616748205 0.531169626555189 0.487913991874414 0.440515684957927 0.399065400894779 0.36322664251732 0.310827437429639 0.307569539347792 0.274464101530374 0.262856228369571 0.250329090986253 0.246796281844744 0.239988275000519 0.21911776997771 0.206591937224913 0.198882919347817 0.190887330835728 0.184738666374223 0.17968055917763 0.168841035451014 -9999 -9999 0.139776703126835 0.13676682311544 -9999 -9999 -9999 -9999 -9999 -9999 -9999 -9999 -9999 -9999 -9999 -9999
-9999 -9999 -9999 -9999 -9999 -9999 -9999 -9999 -9999 -9999 -9999 -9999 0.884745119143023 0.902180765505769 0.898126363400574 0.893510055216695 0.810112195809438 0.805527169230877 0.750893150695857 0.695312005648639 0.68399568379653 0.631451471638915 0.647772641603724 0.606786922087677 0.579188374534076 0.534238265641047 0.503683286820729 0.464358680532603 0.413487158539397 0.365591911936589 0.314753380232782 0.310092729790325 0.285694448776706 0.265342009677982 0.257800534142809 0.257872756040255 0.246890507621038 0.228159873300036 0.213851939154762 0.207777536411425 0.197384165719298 0.190174585641502 0.182899839452585 0.170485929399174 0.162622470893062 0.149812623238622 0.145697625088506 0.139246090124246 -9999 -9999 -9999 -9999 -9999 -9999 -9999 -9999 -9999 -9999 -9999 -9999
-9999 -9999 -9999 -9999 -9999 -9999 -9999 -9999 -9999 -9999 -9999 -9999 0.881357572994472 0.894577107597528 0.900740815556343 0.89528102639244 -9999 0.801831457441248 0.766853365147518 0.711930719116712 0.704676662354923 0.684438531930678 0.636148491093973 0.608836490300278 0.582422543137528 0.532782735214752 0.501679650261434 0.47927240664047 0.429605721062504 0.38583747599582 0.352919495901513 0.338668650596629 0.308260735714676 0.271846342192129 0.256848558814488 0.260742792807247 0.263140578156863 0.244407371151731 0.226266545928725 0.216834841189981 0.204527523616712 0.195283798154302 0.186181464892725 0.174154301155378 0.162867207272445 0.150338443598998 0.150845992764353 0.141687232655295 -9999 -9999 -9999 -9999 -9999 -9999 -9999 -9999 -9999 -9999 -9999 -9999
-9999 -9999 -9999 -9999 -9999 -9999 -9999 -9999 -9999 -9999 -9999 -9999 0.905570861351171 0.888471359268956 0.912717466076832 -9999 -9999 0.777831063839027 0.774763452684621 0.726171672078793 0.711155805158384 0.698328523997094 0.630771907834788 0.624070119327203 0.602082752197222 0.573392398715551 0.532414258904208 0.502756034131657 0.435620049443652 0.394516716508181 0.341628833352695 0.337528192209245 0.304131490877102 0.280695152435336 0.268685132131796 0.272924336892133 0.282165837782822 0.260638321045104 0.238778382089793 0.222826311759473 0.208656527185674 0.198422717042865 0.187655872667115 0.177838998092909 0.168537903418491 0.152491683493844 0.153112798098948 0.146922741164772 -9999 -9999 -9999 -9999 -9999 -9999 -9999 -9999 -9999 -9999 -9999 -9999
-9999 -9999 -9999 -9999 -9999 -9999 -9999 -9999 -9999 -9999 -9999 -9999 0.931750639994069 0.924110181421247 0.915067277523603 -9999 -9999 0.801308522774879 0.760305248478375 0.70724660190158 0.689073682518396 0.693995680198986 0.649999299254056 0.63382326887699 0.611853258207061 0.574693746813806 0.523061402853688 0.480475935124442 0.443660434306411 0.401239230300973 0.374871872829736 0.332462971387681 0.304732383194354 0.303558481866871 0.295684924055058 0.300302808350037 0.288691580518722 0.267647341824329 0.243452000394165 0.22505877242622 0.212668474810688 0.201373119442764 0.191841460333309 0.182075178578981 0.170542771369094 0.153741935924684 0.153587835990463 -9999 -9999 -9999 -9999 -9999 -9999 -9999 -9999 -9999 -9999 -9999 -9999 -9999
