layers/veg/veg600.asc
NCOLS 255 
NROWS 330 
XLLCORNER -2985163.8955 
YLLCORNER -3022031.214 
CELLSIZE 25000 
NODATA_value -9999 
[rows 125 to 149 of 330, columns 171 to 227 of 255]
0.406284591938711 0.442937891177834 0.43349524029203 0.431613391074013 0.432131363158906 0.412240113527521 0.391688146025051 0.385377546429918 0.392469169998139 0.399852628682847 0.402496959158206 0.405479555515942 0.414256200684265 0.414170005471343 0.420428987395626 0.442490272931087 0.454465948042212 0.458939117420515 0.46071107128844 0.441454083670682 0.423880714234712 0.444686258112183 0.450756197285516 0.408506707440211 0.378868231055979 0.389800925103905 0.432669344588411 0.487320023885722 0.496104946354715 0.503582305207723 0.526782414084685 0.540561900814154 0.544058399453279 0.538057509594995 0.548054089230726 0.569339252616647 0.576996226212969 0.592535046867284 0.596975394186168 0.597051340797337 0.600610170358418 -9999 -9999 -9999 -9999 -9999 -9999 -9999 -9999 -9999 -9999 -9999 -9999 -9999 -9999 -9999 -9999
0.380766236337033 0.372634489613579 0.397765382553974 0.431127882330017 0.430079911510875 0.404087502586855 0.38528425118589 0.391061066932577 0.400354178930888 0.409169496828857 0.416252529707521 0.421278132334164 0.431785837944528 0.443111727883255 0.443720167244027 0.452128309135351 0.468380754254195 0.47452463237676 0.473597335344967 0.451990317122031 0.435819432326466 0.454104544826876 0.452814222774634 0.40891949973961 0.404078545304129 0.429111978960545 0.441741030294605 0.487348607530526 0.523323444882891 0.523623174321471 0.500823937472361 0.498689040080915 0.516720255808675 0.540931575455346 0.567150658455896 0.581696962716217 0.594825193805917 0.607066068262968 -9999 0.609322731466723 0.608316318999769 -9999 -9999 -9999 -9999 -9999 -9999 -9999 -9999 -9999 -9999 -9999 -9999 -9999 -9999 -9999 -9999
0.350923650557102 0.354083262695663 0.393948813993384 0.437924721384814 0.431259524923339 0.404893705755043 0.38697893403123 0.393891984760402 0.404954783493303 0.415423498875186 0.418980133796191 0.42791068276262 0.442405126362117 0.445795979000865 0.440602024206266 0.458803046206685 0.485290810521063 0.490097550683738 0.488009227305174 0.455098837860173 0.436111990679208 0.466127114773279 0.466840279196968 0.429223258097282 0.433726686229272 0.451794714496379 0.455206271868413 0.499309063018294 0.527454029234069 0.525272064058344 0.506055165141192 0.518048521821203 0.530168035438906 0.554639101859866 0.585870511910449 0.59523514804494 0.607998458910911 0.616342453729508 -9999 -9999 -9999 -9999 -9999 -9999 -9999 -9999 -9999 -9999 -9999 -9999 -9999 -9999 -9999 -9999 -9999 -9999 -9999
0.370261804232484 0.418430120194206 0.437374783646349 0.435736771573068 0.417717834133434 0.390727703172925 0.38411910470433 0.395377578663305 0.408073807474354 0.423230607778079 0.434358299060163 0.438969332408293 0.441189967091929 0.444615488699869 0.459890955831456 0.484056128106433 0.496954222691356 0.50105389284176 0.499743788643054 0.479938540388391 0.460410869153809 0.464016457980121 0.480318254918009 0.500116263089143 0.509541957660409 0.486041527722949 0.476855881595466 0.525531106808808 0.553774609288285 0.53121309376361 0.507416585442104 0.522355868736339 0.535674924820493 0.564360812027955 0.597293071872118 0.612224375573212 0.624663060436251 -9999 -9999 -9999 -9999 -9999 -9999 -9999 -9999 -9999 -9999 -9999 -9999 -9999 -9999 -9999 -9999 -9999 -9999 -9999 -9999
0.384365363231694 0.424027942084733 0.438768067636707 0.436670221914622 0.424626436415681 0.406456893386157 0.396749958451755 0.39976285360699 0.412130648649866 0.425096133421185 0.437860770180122 0.453110143586655 0.466049138883271 0.475976159728472 0.490855556799326 0.505684933132088 0.512780030514856 0.516422402579071 0.5200718959104 0.519231279064368 0.497808001735911 0.49139934116379 0.521203554670357 0.539768590040162 0.536940458278072 0.516654185280572 0.527823097855796 0.566895211854864 0.580640223620899 0.560577606832972 0.543304695017521 0.548819197518768 0.563558835033095 0.592511728270152 0.612681158015758 0.625052991395533 0.637794548227684 -9999 -9999 -9999 -9999 -9999 -9999 -9999 -9999 -9999 -9999 -9999 -9999 -9999 -9999 -9999 -9999 -9999 -9999 -9999 -9999
0.392104401887275 0.438014952881211 0.438922319316586 0.432532717695499 0.412812382695017 0.400257499011267 0.40236247376085 0.404547680637831 0.419207726295064 0.433347375113464 0.443225099601791 0.460741394270514 0.476746524846493 0.4886436971905 0.505508951229609 0.517583089512847 0.521630348247359 0.525536291856992 0.52790133749067 0.533608861218285 0.52599428849149 0.524104907835978 0.540425294182964 0.54502153445804 0.561991585781187 0.577007774422351 0.588565546089038 0.595081570816565 0.59324868686322 0.582164410645756 0.578900871760581 0.592003091974258 0.599783029849743 0.609958678989531 0.622518334092018 0.641240912929066 0.647049348682526 -9999 -9999 -9999 -9999 -9999 -9999 -9999 -9999 -9999 -9999 -9999 -9999 -9999 -9999 -9999 -9999 -9999 -9999 -9999 -9999
0.396689624996201 0.433984738079929 0.433536611727806 0.415256435131693 0.394442881957771 0.396097286477067 0.403222017285402 0.412093240625341 0.425363913243797 0.436236951585009 0.445388581158739 0.459661357167545 0.479268337046656 0.494127789252345 0.513553904230745 0.518504868802463 0.520820460421236 0.535671297884403 0.529970561910793 0.531342397201619 0.529255418707033 0.529058069653241 0.549782336278704 0.56308398065149 0.582845849294498 0.588353318943549 0.595159661593535 0.599096389414959 0.584594340484769 0.57687613744504 0.585956783474854 0.60892125486344 0.626089167811102 0.625525078727175 0.635164769216946 0.648883966043783 -9999 -9999 -9999 -9999 -9999 -9999 -9999 -9999 -9999 -9999 -9999 -9999 -9999 -9999 -9999 -9999 -9999 -9999 -9999 -9999 -9999
0.393539715419941 0.411153214738865 0.400000414302256 0.384572291056641 0.383574691331813 0.396362425135211 0.414091121799243 0.424010081578387 0.432660187879614 0.445756297484969 0.456883965587275 0.463952096268346 0.479316068268234 0.500502965343371 0.524304873144893 0.545234674042388 0.55190569192109 0.554972397226942 0.552627196621695 0.550093837589467 0.546292831818946 0.548064568970603 0.56550631811383 0.573302189474348 0.577710668615645 0.588241484423525 0.594560835255363 0.584486686816365 0.574001928531735 0.575559358796115 0.585837100921704 0.617118939812922 0.640162538618594 0.641426335772966 0.652008031212297 0.658303220110624 -9999 -9999 -9999 -9999 -9999 -9999 -9999 -9999 -9999 -9999 -9999 -9999 -9999 -9999 -9999 -9999 -9999 -9999 -9999 -9999 -9999
0.384241706980692 0.38526075710801 0.371909884353584 0.379045844909022 0.388939121169681 0.404159940246486 0.423956814414283 0.429507220060667 0.436050983095659 0.454636063824143 0.467946759573826 0.474040577631025 0.484653133619234 0.50995864668553 0.539760612853911 0.56005886504007 0.568089371501096 0.562116198386592 0.548904989380801 0.554225260035882 0.559823913177693 0.560619962464112 0.573714763337373 0.582200060840144 0.592774403937062 0.608453082932162 0.607570228139479 0.576543672703796 0.565740700880469 0.579086146038988 0.613851051621592 0.647694729151033 0.648398361240943 0.651757629191956 0.666535059461333 0.666930949639625 -9999 -9999 -9999 -9999 -9999 -9999 -9999 -9999 -9999 -9999 -9999 -9999 -9999 -9999 -9999 -9999 -9999 -9999 -9999 -9999 -9999
0.364864744598259 0.377983767427069 0.383297762742898 0.386090359797439 0.400221384851189 0.418286351917672 0.419405984156508 0.431067044823587 0.453511909894773 0.473588840682763 0.48711333564578 0.493871707365081 0.50784544009238 0.533858846715565 0.556059151838053 0.567551201853884 0.578052258891821 0.571732437918776 0.568026725331951 0.563489871157708 0.548706582496992 0.568787358838166 0.587396505435856 0.594724337667423 0.610875779812847 0.623821386482238 0.610023632638118 0.585188357371781 0.581222464357982 0.600706874335369 0.62889701261558 0.644382007201798 0.647689629127476 0.664643530747319 0.684611235652536 -9999 -9999 -9999 -9999 -9999 -9999 -9999 -9999 -9999 -9999 -9999 -9999 -9999 -9999 -9999 -9999 -9999 -9999 -9999 -9999 -9999 -9999
0.356637506102427 0.365324862411072 0.384550427008916 0.404751388237664 0.415028406610475 0.430224155999638 0.436571367809629 0.445511370723489 0.465115049635713 0.486853814372279 0.505243055722046 0.517144388424241 0.532878046284836 0.545962085770433 0.559285866737825 0.577558459603811 0.589842014248588 0.597169854329355 0.591264337410809 0.57595062868986 0.567149825981395 0.579357845125704 0.59230675470009 0.590823493053857 0.605542124204298 0.618142395349868 0.612944047540055 0.619731634191274 0.638764509085601 0.646367034664198 0.650702412355431 0.664805298736558 0.669567041862044 0.679532316767576 0.691166741193911 -9999 -9999 -9999 -9999 -9999 -9999 -9999 -9999 -9999 -9999 -9999 -9999 -9999 -9999 -9999 -9999 -9999 -9999 -9999 -9999 -9999 -9999
0.363057804522895 0.372103207737278 0.376673139156248 0.382943026256768 0.403446575903041 0.434619200355066 0.455440732184521 0.462243035247259 0.479640706115152 0.504530024676525 0.522470070383153 0.532877911052742 0.53275219714642 0.531111538609482 0.556784020560995 0.587965027707898 0.600932437161434 0.610599146984903 0.598017768183467 0.583867980335566 0.594794570321427 0.603865516898586 0.614962546791106 0.618670987557949 0.624643704676094 0.631068792512992 0.638413937014472 0.657723438128361 0.677704871931194 0.689579210891662 0.692807210896116 0.691017525383662 0.674033475710182 0.676284248101252 0.702367590821777 -9999 -9999 -9999 -9999 -9999 -9999 -9999 -9999 -9999 -9999 -9999 -9999 -9999 -9999 -9999 -9999 -9999 -9999 -9999 -9999 -9999 -9999
0.36476375849298 0.376107535573638 0.37955007051432 0.385806905253438 0.417290214685019 0.446670144480186 0.457896453755062 0.468374445586141 0.484157002046613 0.509594954334629 0.524535073056649 0.530441054078181 0.529425479658778 0.534617876418366 0.563656441230584 0.594696327575333 0.601520050705322 0.606654197613028 0.601525875973725 0.592399329505726 0.606310354061271 0.619778125627198 0.629131028154393 0.633243656454073 0.638381142456041 0.644494010776656 0.650972485224189 0.662103048141003 0.687932021751614 0.700737141610703 0.700103041503279 0.690216751591733 0.681397875177092 0.699749999281835 0.715301710346891 -9999 -9999 -9999 -9999 -9999 -9999 -9999 -9999 -9999 -9999 -9999 -9999 -9999 -9999 -9999 -9999 -9999 -9999 -9999 -9999 -9999 -9999
0.366359615048312 0.389166192717751 0.402387143462932 0.395198729419004 0.398795192201364 0.425889706992675 0.460707996175542 0.481260771479508 0.495968499988844 0.51152325749527 0.51669041467263 0.518747401029938 0.525362843698991 0.540990021929924 0.572673631027359 0.600994319910079 0.604392585759054 0.603723688153618 0.610745116779592 0.620431268498687 0.633975268665025 0.641083047598499 0.635700460649248 0.64275362098156 0.652001237761009 0.658599547787123 0.66575993935445 0.684977740822814 0.710214903802286 0.710964893961187 0.714757238650262 0.711917371321415 0.709884483671661 0.721062008919287 0.728679407351337 -9999 -9999 -9999 -9999 -9999 -9999 -9999 -9999 -9999 -9999 -9999 -9999 -9999 -9999 -9999 -9999 -9999 -9999 -9999 -9999 -9999 -9999
0.359803458479635 0.379291641710055 0.408049132301634 0.411774220817119 0.405002824173103 0.422433801665922 0.457211546016471 0.477040706998481 0.496476435571323 0.512473701933687 0.516376446631369 0.52606908029376 0.535136783042337 0.546945754164567 0.578621962383124 0.598096092332031 0.593072689903618 0.602669311009961 0.620257918165653 0.639593810945228 0.656088240884381 0.660800629302041 0.658726674530777 0.665004769608302 0.672291476177601 0.681896046493098 0.688838318408713 0.709148031056091 0.730124139271043 0.733133261642773 0.734120562474296 0.723015638664564 0.720392684644451 0.733693418987002 0.738579051975939 -9999 -9999 -9999 -9999 -9999 -9999 -9999 -9999 -9999 -9999 -9999 -9999 -9999 -9999 -9999 -9999 -9999 -9999 -9999 -9999 -9999 -9999
0.359582721158396 0.383445974972773 0.413414225610479 0.427014470991668 0.431612017438274 0.4340494013132 0.44954495728838 0.475242319139612 0.499542762352696 0.512979182395022 0.518492272550029 0.528581132347367 0.537188261707441 0.5453883328188 0.576952607663389 0.596107590552457 0.587148728881639 0.608848129016458 0.630399702254877 0.644489708991809 0.666271188248034 0.685455205811115 0.690496051863948 0.69521545178642 0.692852234053676 0.685847454449968 0.710229498516599 0.742811193728202 0.750103909580303 0.74588963264138 0.737367112617187 0.730853660372588 0.73700733828277 0.741828217546081 0.742486166605069 -9999 -9999 -9999 -9999 -9999 -9999 -9999 -9999 -9999 -9999 -9999 -9999 -9999 -9999 -9999 -9999 -9999 -9999 -9999 -9999 -9999 -9999
0.362735321152891 0.383259360441533 0.411589876493454 0.430198681103742 0.440056451493898 0.445772211594523 0.460068489131757 0.482740506926004 0.499776308635844 0.513984078948141 0.524054508272676 0.529051159659462 0.537042025953198 0.549408818506248 0.577355260858335 0.594369001740493 0.597878421554276 0.621801065309506 0.641854313591596 0.672317530126977 0.702815597870814 0.714898346889217 0.728068106828345 0.720646409280561 0.71013197558847 0.718580154833312 0.72726064864953 0.734339957121231 0.733190744579119 0.731125090095533 0.743170576243311 0.746579780304756 0.747322015040416 0.748971242071148 0.746795131576805 -9999 -9999 -9999 -9999 -9999 -9999 -9999 -9999 -9999 -9999 -9999 -9999 -9999 -9999 -9999 -9999 -9999 -9999 -9999 -9999 -9999 -9999
0.374737337517164 0.39369012816437 0.407995759271913 0.428021665658909 0.436577233845246 0.448907443350158 0.468123321148869 0.480571587364732 0.489513721855585 0.509307080817406 0.536495003630804 0.544982987556614 0.547366922653376 0.558851102202383 0.574678098427683 0.577794361577167 0.589390957453866 0.622839302736507 0.65332880992884 0.690738241432257 0.729589166917593 0.744907078079644 0.728904293321175 0.700939939453541 0.705023885394869 0.738166803515307 0.748439148157572 0.72122847610956 0.714521689947163 0.734961874007192 0.753819592313489 0.757098096576712 0.761159920817424 0.762907471123149 -9999 -9999 -9999 -9999 -9999 -9999 -9999 -9999 -9999 -9999 -9999 -9999 -9999 -9999 -9999 -9999 -9999 -9999 -9999 -9999 -9999 -9999 -9999
0.372572325436499 0.398831862893717 0.41114409427325 0.426815307742724 0.435147158061424 0.444536337840781 0.459932378142622 0.469938151733137 0.485179297205328 0.508919635070814 0.534502088495065 0.552981617750161 0.562857503156021 0.576862286260631 0.590431936389623 0.593316667649835 0.61005329963949 0.6456504132706 0.674489427740769 0.701228542452031 0.726002958369833 0.733408911657712 0.70992850858954 0.703534205684684 0.718091037716288 0.733142245859386 0.740096929653814 0.724381273064644 0.726347656655893 0.742289786811033 0.758003972267535 0.763967804930605 0.76522669031015 0.767690378413332 -9999 -9999 -9999 -9999 -9999 -9999 -9999 -9999 -9999 -9999 -9999 -9999 -9999 -9999 -9999 -9999 -9999 -9999 -9999 -9999 -9999 -9999 -9999
0.370117314725181 0.398964925367834 0.412499982479985 0.423936339656397 0.430697928115487 0.437330149383841 0.446617999435799 0.451588714134971 0.474731966025876 0.518765090831491 0.539632058029986 0.535985551745796 0.55328404094156 0.577818575721527 0.583968384637409 0.611225673464801 0.633285667786778 0.64759517991017 0.669899907768443 0.684213564778412 0.695415112093878 0.702017368690083 0.698860687021247 0.708912314536338 0.727988778859658 0.758041774248363 0.776597198607916 0.756119286579109 0.736554391698619 0.753718855070904 0.771670844225142 0.766086424558072 0.767684902955827 0.774768275076298 -9999 -9999 -9999 -9999 -9999 -9999 -9999 -9999 -9999 -9999 -9999 -9999 -9999 -9999 -9999 -9999 -9999 -9999 -9999 -9999 -9999 -9999 -9999
0.377385542148188 0.396268951836804 0.404686768489332 0.414887575463189 0.414066951573719 0.418509394435525 0.432020030113525 0.446473917959807 0.476630156648557 0.51339594888855 0.531300588620869 0.522645082321015 0.544377856870797 0.573466590760674 0.586328506890036 0.612208591405799 0.625244610857873 0.65377833143015 0.671090422497625 0.660846846689841 0.670673001059191 0.696275948473494 0.70004980129821 0.741696964512654 0.772836320856857 0.775512243894395 0.779989619610206 0.781895264103182 0.781382760196223 0.779820916493191 0.78067232064458 0.778945598456835 0.778480350651729 0.777335373248292 -9999 -9999 -9999 -9999 -9999 -9999 -9999 -9999 -9999 -9999 -9999 -9999 -9999 -9999 -9999 -9999 -9999 -9999 -9999 -9999 -9999 -9999 -9999
0.368667246312374 0.38575562455215 0.389660541915656 0.397823090710417 0.406228526303828 0.411567525487836 0.429634934898038 0.455271510631484 0.481537444575449 0.497097938531309 0.527573296531226 0.534158590879223 0.545267184479771 0.55426468699994 0.55221596474411 0.606644501813268 0.633876518833694 0.640477754464111 0.651966336783317 0.664940572341912 0.678193825622892 0.707714727654832 0.735502898374927 0.758560939276167 0.779330410199742 0.784309931343186 0.785739891478795 0.785945734199889 0.786786362153475 0.78790977880671 0.785879304453402 0.783937402015586 0.783258113675725 -9999 -9999 -9999 -9999 -9999 -9999 -9999 -9999 -9999 -9999 -9999 -9999 -9999 -9999 -9999 -9999 -9999 -9999 -9999 -9999 -9999 -9999 -9999 -9999
0.360549173520297 0.368003003193443 0.375375374265475 0.387602130327867 0.397828037643394 0.407885827815955 0.434751104137712 0.46199928480012 0.477388006602248 0.491510977574308 0.527808438662758 0.545261405630255 0.543229649213453 0.531786383271741 0.550431606233804 0.604429677358797 0.621555676228991 0.630301596572576 0.659607568108977 0.688777828415612 0.704994552657719 0.720635718335165 0.743091092387323 0.75992741770865 0.774939900697838 0.784618029351011 0.786622375077189 0.788510620907099 0.788355524458659 0.790534967651388 0.788941772389287 0.785624695699804 0.784871498954585 -9999 -9999 -9999 -9999 -9999 -9999 -9999 -9999 -9999 -9999 -9999 -9999 -9999 -9999 -9999 -9999 -9999 -9999 -9999 -9999 -9999 -9999 -9999 -9999
0.340716689473936 0.343526063642802 0.362231376944195 0.370359602066146 0.384158195130171 0.409698124777837 0.44719824677883 0.469837628075766 0.471186581303183 0.492693494021626 0.523830936332611 0.544981111967084 0.538250186688588 0.5080294783981 0.517957950785749 0.57106579215578 0.63026372770339 0.653542560034361 0.686720462037077 0.718001380418 0.730658781187901 0.738792270307856 0.739415486078197 0.751871492222019 0.769554496938616 0.780230451316044 0.784424895125992 0.790343468221029 0.79491086046831 0.79573259711611 0.791477660704761 0.788254623160727 0.786727982626326 -9999 -9999 -9999 -9999 -9999 -9999 -9999 -9999 -9999 -9999 -9999 -9999 -9999 -9999 -9999 -9999 -9999 -9999 -9999 -9999 -9999 -9999 -9999 -9999
0.33548708979656 0.337095639999343 0.363701797111188 0.375150528339774 0.389483977803433 0.410548882455608 0.443329729477562 0.470372492423976 0.474277282954809 0.490202826376341 0.518626645110321 0.539377448354511 0.529723315908037 0.507201181931735 0.535864990774303 0.589824321419018 0.634281760791109 0.651329211101774 0.68455367214261 0.699090961801101 0.707567312978888 0.738930452485351 0.743655519454191 0.755324528280102 0.772367999402218 0.779159720485046 0.78226187114282 0.788481825528617 0.793108584970822 0.792447214859059 0.790589705291932 -9999 -9999 -9999 -9999 -9999 -9999 -9999 -9999 -9999 -9999 -9999 -9999 -9999 -9999 -9999 -9999 -9999 -9999 -9999 -9999 -9999 -9999 -9999 -9999 -9999 -9999
