layers/veg/veg6000.asc
NCOLS 255 
NROWS 330 
XLLCORNER -2985163.8955 
YLLCORNER -3022031.214 
CELLSIZE 25000 
NODATA_value -9999 
[rows 250 to 274 of 330, columns 56 to 111 of 255]
-9999 -9999 -9999 -9999 -9999 -9999 -9999 -9999 -9999 -9999 -9999 -9999 -9999 -9999 -9999 -9999 -9999 0.655491160417627 0.664909168371233 0.681369262458005 0.676559475026553 0.647724810482781 0.601192375193029 0.571714963257931 0.556321662540057 0.546100343651167 0.549796160902957 0.549688469951799 0.545111833531077 0.531073415582891 0.505950060939352 0.496182968861833 0.484524058280046 0.459970509445789 0.447712461175337 0.453866692861395 0.450418678598695 0.443606839315226 0.435134419766543 0.425395752816161 0.416286424579044 0.415561535858283 0.419803350724655 0.421485479407814 0.419694552911806 0.422876387497952 -9999 -9999 -9999 0.390636192145111 0.390704423126429 0.392102262586169 0.392299542224398 0.392086993884382 0.391282611088109 -9999
-9999 -9999 -9999 -9999 -9999 -9999 -9999 -9999 -9999 -9999 -9999 -9999 -9999 -9999 -9999 -9999 -9999 0.678910843586217 0.683532721365703 0.700009641116064 0.696094113325856 0.677813294916335 0.64911879932946 0.611697111362607 0.599175603071629 0.612666541500133 0.594043426824028 0.571411660124045 0.564588045954642 0.549348536119461 0.531582655742729 0.537221096706022 0.529975548912418 0.505117150136666 0.489027376197182 0.477484090898073 0.462996480512942 0.442379960072499 0.42049615632145 0.403663828562699 0.390531349790179 0.397453540368294 0.414453762336757 0.426605582901801 0.430667154226227 0.430044787679091 0.43213749091179 -9999 -9999 -9999 -9999 -9999 -9999 -9999 -9999 -9999
-9999 -9999 -9999 -9999 -9999 -9999 -9999 -9999 -9999 -9999 -9999 -9999 -9999 -9999 -9999 -9999 -9999 0.68970795635259 0.701271547344661 0.711587686057915 0.709627249792444 0.693232376580955 0.669436007635208 0.62057456013292 0.588902684211103 0.610789171297596 0.610812128414626 0.591083865907687 0.574033015030377 0.56300423238269 0.551028158931244 0.551512066190556 0.545484797803076 0.526107605521162 0.50709857617525 0.488047724091025 0.466982884265947 0.447256400108409 0.429381401101402 0.406352526336214 0.388014217145145 0.399663257932548 0.423737400842104 0.436430506854218 0.438936317252382 0.439546711037504 0.44236731464451 -9999 -9999 -9999 -9999 -9999 -9999 -9999 -9999 -9999
-9999 -9999 -9999 -9999 -9999 -9999 -9999 -9999 -9999 -9999 -9999 -9999 -9999 -9999 -9999 -9999 -9999 0.714258108249611 0.713580243710062 0.723734622526059 0.725261763075026 0.698586896912142 0.67024481849627 0.659340835113589 0.642216239544405 0.601954959841572 0.577762565066432 0.595778073546189 0.574059060483036 0.559400108520164 0.559849796007936 0.558274476194929 0.547268137951951 0.531382500492234 0.51611247115047 0.495474282040679 0.476866184105073 0.458827984122805 0.439641657150985 0.420165579866846 0.40901391759096 0.420905154878352 0.440868247178538 0.449816878491195 0.447662940472777 0.447358672101253 0.452641297382677 -9999 -9999 -9999 -9999 -9999 -9999 -9999 -9999 -9999
-9999 -9999 -9999 -9999 -9999 -9999 -9999 -9999 -9999 -9999 -9999 -9999 -9999 -9999 -9999 -9999 -9999 0.744295735918215 0.742016852947937 0.745450118183867 0.739114165145797 0.726488025145853 0.708520147683601 0.682138274316459 0.654821800698626 0.628858604812671 0.610338842974806 0.61833748662143 0.61553562023548 0.593711142067923 0.57347280223706 0.558211938221667 0.542380383503277 0.522959606623222 0.521644355602078 0.503918347732535 0.486755145504001 0.478816985499926 0.469354450206402 0.471845206687068 0.466969473904849 0.460352248224354 0.460721205803606 0.461631539012186 0.461544959819639 0.461842831943649 0.467923954363341 -9999 -9999 -9999 -9999 -9999 -9999 -9999 -9999 -9999
-9999 -9999 -9999 -9999 -9999 -9999 -9999 -9999 -9999 -9999 -9999 -9999 -9999 -9999 -9999 -9999 -9999 0.762591193031779 0.763890120177524 0.7632710468792 0.73238725350211 0.721816475164492 0.712728711599167 0.708534753699399 0.701555474472766 0.678174408786783 0.660257867111133 0.662453739716305 0.653676160688344 0.640839165513104 0.615574985656309 0.588791010953264 0.562680417308217 0.529446170305286 0.509240144948936 0.495320549408666 0.48681128454003 0.480272676481201 0.476794648628533 0.491889100433992 0.497041531457555 0.488999961781159 0.482189793940981 0.483519980258011 0.482876418977404 0.48267008004945 0.484738199174632 0.484523113729383 -9999 -9999 0.464922971870816 0.46058422636288 -9999 -9999 -9999 -9999
-9999 -9999 -9999 -9999 -9999 -9999 -9999 -9999 -9999 -9999 -9999 -9999 -9999 -9999 -9999 -9999 0.749377005601801 0.763790073125133 0.782003589786326 -9999 0.757029757024449 0.758214757056058 0.737927875011238 0.69138872848941 0.691957662401887 0.695413241860052 0.6872812569556 0.685816442999847 0.673251746877992 0.655997949940815 0.637152890659198 0.613107807110744 0.576083963176667 0.5350367201584 0.509587206862569 0.494867477818026 0.496402211902149 0.499538854601027 0.501194521229241 0.511311260908213 0.513010488365237 0.504757027640478 0.498158526446585 0.498398031612801 0.496686459695962 0.494183781280304 0.491368570735501 0.485505791961091 0.480931141257761 0.475748862943608 0.469848170500856 0.470640439353538 -9999 -9999 -9999 -9999
-9999 -9999 -9999 -9999 -9999 -9999 -9999 -9999 -9999 -9999 -9999 -9999 -9999 -9999 -9999 -9999 0.724048077225258 0.745695936278224 0.782406312074329 0.795061892616286 -9999 0.777956742315983 0.732165533125879 0.683516632714655 0.703346154436416 0.725947283379977 0.713685781030191 0.708471401954007 0.703991138807591 0.674876618470851 0.654369243817341 0.649687036165955 0.622923882510839 0.590034705684523 0.563634582642056 0.552085536983655 0.539334892605461 0.521885244659718 0.520444865936503 0.533519038901686 0.541911575064349 0.534558768409568 0.526113897947457 0.523802574026834 0.517755029489184 0.509616612428435 0.503328177730383 0.495202767601653 0.484448687141076 0.480995742608427 0.481590195969067 0.482411040875913 -9999 -9999 -9999 -9999
-9999 -9999 -9999 -9999 -9999 -9999 -9999 -9999 -9999 -9999 -9999 -9999 -9999 -9999 -9999 -9999 0.732606449312212 0.752253669073256 0.784589338269349 -9999 -9999 0.774788498313188 0.792663550478255 0.765660227573281 0.734090484268873 0.752948894779116 0.726032406770025 0.717361750449582 0.729503333185451 0.707770929771159 0.691050700870865 0.6823616945718 0.649704775729192 0.607246605762389 0.570913085610137 0.564631070391306 0.553045572654297 0.541116510666672 0.544479853570434 0.563955441005606 0.583056392929255 0.570038002279326 0.552641264755511 0.543131214793779 0.533624127209315 0.5219050223916 0.51911390614651 0.517412784960793 0.509064164371462 0.499921258769333 0.49061763216554 0.490422874551155 -9999 -9999 -9999 -9999
-9999 -9999 -9999 -9999 -9999 -9999 -9999 -9999 -9999 -9999 -9999 -9999 -9999 -9999 -9999 -9999 0.766662747501723 0.771950460921578 0.794498216234985 -9999 0.782286993320389 0.769780979221932 0.747375009016701 0.721723327682184 0.716046396273202 0.721878549793132 0.720594765031005 0.722951147189931 0.726717481237191 0.703287423944172 0.688597247232128 0.690124765936481 0.663600754373742 0.630523113475566 0.616478461195909 0.588319813718067 0.571954684832072 0.579738572714386 0.585964150043915 0.597326957577029 0.599185383082789 0.584704373829148 0.564516909533868 0.549899408711682 0.539853512042998 0.531817669262918 0.527145774193349 0.518614929928433 0.509946322022257 0.507504840604814 -9999 -9999 -9999 -9999 -9999 -9999
-9999 -9999 -9999 -9999 -9999 -9999 -9999 -9999 -9999 -9999 -9999 -9999 -9999 -9999 -9999 -9999 0.801444415318634 0.802843659506671 0.804977368461321 -9999 0.809806204346146 0.79847147873207 0.771334559441171 0.748583471932937 0.741720522837739 0.753929534349488 0.764161838161434 0.752015102414452 0.75629973408466 0.73725615736103 0.69542755962461 0.668544568416315 0.668009018414343 0.662229768570889 0.645725515780747 0.628842141154223 0.617285982282928 0.622281748845362 0.620854848124904 0.615669892152332 0.603430863178806 0.588042369340933 0.570122998876647 0.558642093227062 0.550502545685505 0.543340405319272 0.536865151864317 0.530477582515507 0.527897702393702 -9999 -9999 -9999 -9999 -9999 -9999 -9999
-9999 -9999 -9999 -9999 -9999 -9999 -9999 -9999 -9999 -9999 -9999 -9999 -9999 -9999 -9999 -9999 0.802852849642011 0.804615783240392 0.810171225544853 -9999 0.828659922978384 0.811673772806855 0.788262965874306 0.764936899747432 0.739510854037236 0.757996935338643 0.782168784838616 0.747828981169493 0.739249514187804 0.740616479898995 0.71560557182042 0.695345156261095 0.686964410331669 0.673796080555458 0.656280701941534 0.665049785949864 0.658848074492366 0.645206658301268 0.629452843293861 0.613409866971769 0.601824154440405 0.590758135651469 0.579502923815498 0.573465282245849 0.558634775446774 0.540677558447914 0.536256112538199 -9999 -9999 -9999 -9999 -9999 -9999 -9999 -9999 -9999
-9999 -9999 -9999 -9999 -9999 -9999 -9999 -9999 -9999 -9999 -9999 -9999 -9999 -9999 -9999 -9999 -9999 0.811654083303673 0.817440757428978 -9999 0.845029795599825 0.808610803489652 0.803115703214204 0.812401686613202 0.755059488730941 0.758829075836327 0.771392645566108 0.751549483095254 0.75260433596119 0.745020851666698 0.724853643248125 0.712908834363496 0.694871722863378 0.676105920334078 0.665534920435722 0.671750736908042 0.666012167457721 0.648936129494322 0.630135022887781 0.615427993861476 0.603895815071377 0.593891068647052 0.585330043200267 0.575695522775564 0.557366803414353 0.551736727004011 -9999 -9999 -9999 -9999 -9999 -9999 -9999 -9999 -9999 -9999
-9999 -9999 -9999 -9999 -9999 -9999 -9999 -9999 -9999 -9999 -9999 -9999 -9999 -9999 -9999 -9999 -9999 -9999 -9999 -9999 0.850518622580139 0.820311621445057 0.806435460783693 0.813258660531638 0.790496899283269 0.781459123514279 0.776205923059475 0.767589144049458 0.758018969287249 0.754593471363062 0.73890248675419 0.730937224734561 0.714861231396039 0.704295860095928 0.708187092729529 0.693701438826789 0.674525313146652 0.657804828993506 0.643380555712117 0.625789303470059 0.608666570615772 0.597407651015346 0.582237439160876 0.567379863928302 0.557444385780625 0.553851063928333 0.558365705454738 -9999 -9999 -9999 -9999 -9999 -9999 -9999 -9999 -9999
-9999 -9999 -9999 -9999 -9999 -9999 -9999 -9999 -9999 -9999 -9999 -9999 -9999 -9999 -9999 -9999 -9999 -9999 -9999 -9999 0.849665636058973 0.844585574693269 0.827390928705691 0.798418780556351 0.765367667103143 0.778036981438589 0.793851936151684 0.777536370726994 0.769671816485485 0.75987904778553 0.736726451713814 0.730682005268638 0.720573431716688 0.709785177107375 0.709586971375213 0.691894009604226 0.666002192545636 0.651941172825625 0.645830173225795 0.634135330518063 0.619499487106265 0.603986717162099 0.586374647205542 0.569955708607494 0.560497794344707 0.559389350711855 0.565895795784396 -9999 -9999 -9999 -9999 -9999 -9999 -9999 -9999 -9999
-9999 -9999 -9999 -9999 -9999 -9999 -9999 -9999 -9999 -9999 -9999 -9999 -9999 -9999 -9999 -9999 -9999 -9999 -9999 -9999 0.83682289019369 0.830829225436732 0.851717208157423 0.840393289802164 0.79783130477032 0.806019748176822 0.801456237478897 0.795420851954549 0.789519528491095 0.769879761436397 0.743313146967439 0.719709495633825 0.706399463787654 0.704269449768337 0.703734908155788 0.685702031061412 0.661382221015831 0.651026898454511 0.643967316439372 0.632544337135551 0.616112840122455 0.600981227324438 0.582142468805262 0.570114311448233 0.562888380565694 0.563356988640989 0.569188232175215 -9999 -9999 -9999 -9999 -9999 -9999 -9999 -9999 -9999
-9999 -9999 -9999 -9999 -9999 -9999 -9999 -9999 -9999 -9999 -9999 -9999 -9999 -9999 -9999 -9999 -9999 -9999 0.85788892364706 0.854928909454464 0.847449178072529 0.833416566846772 0.820169295334631 0.817588700744596 0.795785912266557 0.795803511513636 0.810198022642351 0.797027930855369 0.794111999866907 0.789183727097274 0.766901095990485 0.744980172793524 0.719133643192229 0.708967151089117 0.707393328025979 0.678912406002862 0.663063370869848 0.662896427462121 0.653443135610114 0.635677266385388 0.620205165815424 0.603648690993235 0.582774503495421 0.574616429285383 0.574483334337044 0.579457567358341 -9999 -9999 -9999 -9999 -9999 -9999 -9999 -9999 -9999 -9999
-9999 -9999 -9999 -9999 -9999 -9999 -9999 -9999 -9999 -9999 -9999 -9999 -9999 -9999 -9999 -9999 -9999 -9999 0.854217673817933 0.860642191589867 0.864128426975616 0.846802736397004 0.832929501557793 0.83068091832863 0.813063409981691 0.808195619692247 0.799076470442905 0.792244022569037 0.800127707605873 0.796768507656282 0.779629208386539 0.75266254344067 0.720244208115432 0.712581306924679 0.71709257229882 0.700187152578128 0.682526095455037 0.66607384300433 0.65060302503981 0.635505808200716 0.61597789942983 0.5987994662044 0.599387525327123 0.599758592544298 0.594312843759103 0.591161665502825 -9999 -9999 -9999 -9999 -9999 -9999 -9999 -9999 -9999 -9999
-9999 -9999 -9999 -9999 -9999 -9999 -9999 -9999 -9999 -9999 -9999 -9999 -9999 -9999 -9999 -9999 -9999 -9999 0.833880759518564 0.861701636309856 0.860545783907615 0.830201087473806 0.812643444212843 0.811500401814775 0.811408828099648 0.800001239258417 0.77849568125661 0.765385687407869 0.785644686282827 0.793775300290607 0.773201031208476 0.743664344482625 0.720572872938143 0.715675786968444 0.712027050013967 0.696584449560223 0.681457997636578 0.659487134210195 0.64253096549723 0.630850627507596 0.610852880030109 0.602288484689705 0.609961151456765 0.604620793101455 0.593547516010631 0.585771490659954 -9999 -9999 -9999 -9999 -9999 -9999 -9999 -9999 -9999 -9999
-9999 -9999 -9999 -9999 -9999 -9999 -9999 -9999 -9999 -9999 -9999 -9999 -9999 -9999 -9999 0.803219152411633 -9999 0.825936192826475 0.841968193533563 0.859342817203959 0.832353151696567 0.825036830629159 0.810344979461856 0.802269044215887 0.797940151262097 0.792038327469163 0.785570812738435 0.785122724379402 0.788020626968606 0.782068293296 0.768794143000955 0.752103580399965 0.726330643374729 0.712610196298737 0.706486796334668 0.685013413057851 0.664196262754634 0.646853589629514 0.638877476355197 0.622487026729935 0.614148952461381 0.62087856316165 0.623056551547298 -9999 -9999 -9999 -9999 -9999 -9999 -9999 -9999 -9999 -9999 -9999 -9999 -9999
-9999 -9999 -9999 -9999 -9999 -9999 -9999 -9999 -9999 -9999 -9999 -9999 -9999 -9999 -9999 -9999 -9999 0.83135724104401 0.835532709154406 0.837015380815565 0.839476934235133 0.815553427566419 0.790869197472495 0.785685749558542 0.77878284686034 0.794159668746823 0.805419388788749 0.782766502165976 0.775959116676392 0.770375134548278 0.761613146557054 0.748052447925745 0.721568756816567 0.708575927413567 0.710622052172956 0.692215771316477 0.668456748002751 0.648491942223246 0.624601257254029 0.616832445757183 0.626412494214353 -9999 -9999 -9999 -9999 -9999 -9999 -9999 -9999 -9999 -9999 -9999 -9999 -9999 -9999 -9999
-9999 -9999 -9999 -9999 -9999 -9999 -9999 -9999 -9999 -9999 -9999 -9999 -9999 -9999 -9999 -9999 -9999 0.810536868869882 0.824013138083008 -9999 0.842951978129825 0.832655552530284 0.809114318213311 0.810568852146071 0.794743874480369 0.775547516404687 0.773117395850618 0.770071823007081 0.768164223698079 0.764664135621769 0.752490035141116 0.738684266805012 0.714653040566498 0.701392708745933 0.705971573745638 0.686477079778468 0.656641929280867 0.625926609165764 0.610132323745387 0.613781770516743 -9999 -9999 -9999 -9999 -9999 -9999 -9999 -9999 -9999 -9999 -9999 -9999 -9999 -9999 -9999 -9999
-9999 -9999 -9999 -9999 -9999 -9999 -9999 -9999 -9999 -9999 -9999 -9999 -9999 -9999 -9999 -9999 -9999 0.812191106800834 0.822631569255522 -9999 0.810578578827607 0.805847464159227 0.798939457068851 0.799473185549284 0.802292481021028 0.785192170943849 0.76032218876185 0.75253595339444 0.751050359318023 0.747467897500765 0.736877645985898 0.723609476747076 0.704577984227864 0.688813680948315 0.681861326801876 0.662761114661453 0.632043654285126 0.614943603447911 0.618902760620419 0.625901978158346 -9999 -9999 -9999 -9999 -9999 -9999 -9999 -9999 -9999 -9999 -9999 -9999 -9999 -9999 -9999 -9999
-9999 -9999 -9999 -9999 -9999 -9999 -9999 -9999 -9999 -9999 -9999 -9999 -9999 -9999 -9999 0.80152171022046 0.785154481984607 0.789949342412557 0.799646562905553 -9999 0.828653165403763 0.780761641116914 0.742694474734347 0.741611386790958 0.721112317064467 0.714011019071003 0.738452269286298 0.72802203502071 0.722106858380394 0.720153600561769 0.710512384471304 0.700589041813701 0.690847871902709 0.678941025956347 0.661134166434751 0.639747404160733 0.638712364842041 0.644066071372628 0.634196985813896 0.627856152567905 -9999 -9999 -9999 -9999 -9999 -9999 -9999 -9999 -9999 -9999 -9999 -9999 -9999 -9999 -9999 -9999
-9999 -9999 -9999 -9999 -9999 -9999 -9999 -9999 -9999 -9999 -9999 -9999 -9999 -9999 0.806127225522577 0.800752264907099 0.785087686170447 0.779001169420169 0.798952179821689 0.830665832586469 0.811133752127593 0.757538149941932 0.761476949722093 0.760000285868288 0.71403909068283 0.69947255890515 0.698760103553172 0.703592706471184 0.705531500213628 0.705529284611922 0.698135190791081 0.685292190439957 0.673391013506947 0.663766996997631 0.649265879978338 0.63610627661379 0.640652539936839 0.639458143312096 0.627079707601518 0.605851722354447 -9999 -9999 -9999 -9999 -9999 -9999 -9999 -9999 -9999 -9999 -9999 -9999 -9999 -9999 -9999 -9999
