layers/veg/veg6000.asc
NCOLS 255 
NROWS 330 
XLLCORNER -2985163.8955 
YLLCORNER -3022031.214 
CELLSIZE 25000 
NODATA_value -9999 
[rows 125 to 149 of 330, columns 171 to 227 of 255]
0.329946872196686 0.378274953578878 0.407023770511999 0.41242537156053 0.401796685911856 0.387681695555639 0.385294669688537 0.388271209630318 0.39895988519339 0.408706833025181 0.418204004761585 0.429798214727832 0.441968089996884 0.45514260356009 0.469590137082672 0.484629241310585 0.496089248058601 0.505380964575828 0.510030092898592 0.492838029459446 0.46316639261549 0.477968661280038 0.481398588705024 0.448784926165746 0.442425042440334 0.454274195524563 0.516798978720759 0.570222484833329 0.575139674365185 0.588771885438282 0.609693221173292 0.608055835446041 0.606369528074897 0.620767545101179 0.633032564823655 0.643152862129411 0.651014616267634 0.65880981207383 0.669435093984655 0.676443795997002 0.679080366453615 0.679684830409271 -9999 -9999 -9999 -9999 -9999 -9999 -9999 -9999 -9999 -9999 -9999 -9999 -9999 -9999 -9999
0.324546713795014 0.372632474691949 0.403859635635213 0.414983826231756 0.404887421723095 0.390133182535091 0.390483320698306 0.39538565187662 0.406833466257284 0.418267666056798 0.429609355600564 0.439148027250933 0.450539620265873 0.465164890471076 0.472990019623859 0.477654213582875 0.498651468548519 0.51416195108993 0.517924548352552 0.501810148254802 0.474338471945662 0.487552810961564 0.493236547621216 0.473619442886209 0.468582565144572 0.473658208419337 0.514815976687934 0.555008799608284 0.579496899880222 0.5952603532419 0.603726631414839 0.592444488893221 0.586102930449558 0.616451840916695 0.637932227602795 0.650495340121462 0.655022478865159 0.659635664329972 0.676392721723069 0.683981351193567 0.680486146167907 -9999 -9999 -9999 -9999 -9999 -9999 -9999 -9999 -9999 -9999 -9999 -9999 -9999 -9999 -9999 -9999
0.330083352713444 0.377673199232298 0.408355717987733 0.418877161113855 0.408258834596285 0.393178341884263 0.394897279670741 0.400647795566893 0.412195215660275 0.424225338962653 0.436343416897485 0.446560189721657 0.457509677073377 0.469737881536362 0.479857535556787 0.488998783150464 0.508417418806205 0.522943444790457 0.526993764350167 0.512985818584958 0.488659779826359 0.498838301642753 0.505319683253217 0.497526196341687 0.498565140741182 0.505730062966625 0.535961771746767 0.566068140274883 0.587813107236062 0.590989129231415 0.578634339965361 0.574713029998753 0.579207122929637 0.615786114116297 0.640774206662389 0.65410768525279 0.656699035344819 -9999 0.688986651678918 0.688986651678918 -9999 -9999 -9999 -9999 -9999 -9999 -9999 -9999 -9999 -9999 -9999 -9999 -9999 -9999 -9999 -9999 -9999
0.341053047368512 0.388021002066907 0.416657154498648 0.423433622355083 0.411769678975512 0.396518418930051 0.398926396088782 0.404989775794201 0.416309166369067 0.428393075635961 0.440756928978657 0.453009788799776 0.463684172408692 0.471603834408602 0.488447662318109 0.509443950476699 0.521761954658414 0.531725190445192 0.536646564309711 0.525256143772173 0.504545525059386 0.510968964837215 0.517524614939704 0.520972066287895 0.530447881893723 0.544104836810868 0.568597223241804 0.59017909101174 0.598096011822534 0.581372829910117 0.544041003534586 0.555928366204993 0.578953501943801 0.616933580884801 0.642593993391866 0.655867018104176 0.657598448143463 -9999 -9999 -9999 -9999 -9999 -9999 -9999 -9999 -9999 -9999 -9999 -9999 -9999 -9999 -9999 -9999 -9999 -9999 -9999 -9999
0.351107947713421 0.38939742135962 0.410983383390192 0.412651309544843 0.409844721070435 0.406267290461139 0.407955983970014 0.413462601526305 0.424458915507446 0.437446663988707 0.451270833281886 0.467016969989958 0.480886164611932 0.49147976161422 0.506494890779982 0.523566448741758 0.533509476962453 0.540185700649644 0.539867275767423 0.528817115092605 0.511635078188473 0.529660013489166 0.545904881116885 0.552904918373205 0.562699603006152 0.574432592875527 0.59348204448053 0.609621425143805 0.613307675048454 0.606192868276469 0.59004420562429 0.600171960054403 0.616099599695973 0.639347917371843 0.656718811904029 0.668179975023836 0.669426830013455 -9999 -9999 -9999 -9999 -9999 -9999 -9999 -9999 -9999 -9999 -9999 -9999 -9999 -9999 -9999 -9999 -9999 -9999 -9999 -9999
0.363496014372551 0.390954477677491 0.405371778430845 0.404238196858158 0.408404555409433 0.413804808415944 0.416127876657932 0.421683709086187 0.431887851374807 0.445345003380695 0.460163253409548 0.478013883774306 0.493739150629702 0.505755280317894 0.519753236768546 0.534671762726679 0.542857573442386 0.54747151621117 0.544437630415731 0.532593734850117 0.515715994757038 0.543801425976877 0.568384536537058 0.577878933360897 0.586764411236912 0.595227556479839 0.610203839721637 0.62252397350666 0.623534308872734 0.62343070602026 0.622395420497554 0.632911171412022 0.645446407021778 0.658794585223726 0.67064812636189 0.680998814397594 0.686477213368404 -9999 -9999 -9999 -9999 -9999 -9999 -9999 -9999 -9999 -9999 -9999 -9999 -9999 -9999 -9999 -9999 -9999 -9999 -9999 -9999
0.381251181562609 0.393213389086681 0.400351968858057 0.401738632934027 0.408248334226503 0.416077162123294 0.422176725189047 0.429196064278026 0.437537926047826 0.450443260968839 0.465149896781224 0.481880972258905 0.496288003000688 0.506639162513764 0.521751646475872 0.539077948273637 0.546767788650136 0.552080272785047 0.552302531513553 0.537143877252787 0.513196909846154 0.547323420871029 0.576844790957417 0.586659933790583 0.592087842035708 0.594472861991395 0.608500108318674 0.62061539588797 0.622197948303659 0.622214659092971 0.620921721390715 0.637303787588561 0.655747354682502 0.670767861539987 0.683734332043953 0.694635475130815 0.693544717835943 -9999 -9999 -9999 -9999 -9999 -9999 -9999 -9999 -9999 -9999 -9999 -9999 -9999 -9999 -9999 -9999 -9999 -9999 -9999 -9999
0.386018260838913 0.38938122863065 0.395182052915053 0.403889889461227 0.411861184209125 0.419661883420307 0.427898901126053 0.435216117586308 0.441210775099284 0.454294391829166 0.469905090485373 0.483070148551176 0.495381628459677 0.506203462736071 0.524241046592532 0.545633493263105 0.551934870851968 0.557373604823741 0.560965307888002 0.549797907939124 0.530197483297757 0.558141245328833 0.581572472079928 0.586887916543861 0.590814364122553 0.593777434368361 0.601988421007592 0.608311649796473 0.60638398995806 0.608057221249479 0.612742188566462 0.637938557042757 0.664254630498524 0.680824434403973 0.692894745159109 0.700440828993683 0.701824352349734 -9999 -9999 -9999 -9999 -9999 -9999 -9999 -9999 -9999 -9999 -9999 -9999 -9999 -9999 -9999 -9999 -9999 -9999 -9999 -9999
0.382898560378901 0.381850375766772 0.389920987613748 0.408865271967275 0.417762733982709 0.424043516024164 0.433422711082422 0.440329997766272 0.443682989918066 0.457388227707285 0.474519740596043 0.482633211457526 0.492377130332281 0.504966470848359 0.527028591689176 0.553494197611657 0.557865162635226 0.563082632840148 0.570112579486505 0.567372877128912 0.559051013632263 0.573389329355584 0.584033616076629 0.581922235153303 0.585535033592969 0.593117995469476 0.592557190074611 0.589695627054915 0.581778774151576 0.586041359570591 0.600490660400877 0.636291442544615 0.671672731768429 0.689717124019839 0.699671292267872 0.701490764449768 -9999 -9999 -9999 -9999 -9999 -9999 -9999 -9999 -9999 -9999 -9999 -9999 -9999 -9999 -9999 -9999 -9999 -9999 -9999 -9999 -9999
0.366927279940337 0.376160357523779 0.391066347755574 0.412736980072877 0.424974444192476 0.434424772833657 0.443531006720821 0.453597191819583 0.465043666486415 0.477008586853223 0.489072859441675 0.499195780390741 0.510193004265171 0.522716042176389 0.539156197676897 0.557416528196892 0.564347326298755 0.570977085169561 0.576962280337445 0.566031873360854 0.545436265833407 0.563267196524147 0.577731898306658 0.578305151848346 0.582930170971819 0.590365404546546 0.599075604145772 0.605651142723138 0.604499140148441 0.613272349486415 0.630346870138999 0.655534519250373 0.679811099712135 0.69408966370496 0.701188798711395 0.701069039320306 -9999 -9999 -9999 -9999 -9999 -9999 -9999 -9999 -9999 -9999 -9999 -9999 -9999 -9999 -9999 -9999 -9999 -9999 -9999 -9999 -9999
0.357520580006954 0.373791147093787 0.393073557602997 0.415947428801435 0.4319237630333 0.445358510123493 0.453580887476479 0.465404216292211 0.482405262140967 0.494007648593159 0.503596427145669 0.513210510703957 0.523531237558266 0.535085182589925 0.547609038108918 0.560583296398572 0.569880386238653 0.577845432361443 0.582958401604217 0.566384779372498 0.537419918917322 0.558898521329183 0.577277694554316 0.580945019478129 0.585769339336175 0.591396125136185 0.610284850461771 0.627028068697767 0.631884003154302 0.642946201805292 0.659199234831627 0.673578386816294 0.687329821766775 0.699587796984695 0.707726671364976 0.711723802158678 -9999 -9999 -9999 -9999 -9999 -9999 -9999 -9999 -9999 -9999 -9999 -9999 -9999 -9999 -9999 -9999 -9999 -9999 -9999 -9999 -9999
0.369316765776101 0.380624186727325 0.396386207375289 0.417460097683613 0.43788011718121 0.456783374951611 0.462625664343309 0.47152801610696 0.484830354160151 0.500459046205582 0.516219938172104 0.516802188674727 0.520205537947147 0.528532206102812 0.543800849739644 0.562299148707111 0.572586510476736 0.581367315895956 0.586922390447894 0.575057996783846 0.553240504651369 0.575689339172799 0.595219954175497 0.601310617930811 0.603757103762106 0.603676068872298 0.632054658838201 0.657662890561867 0.664023239204562 0.670642251461713 0.677477606423507 0.684362313471203 0.692937164552599 0.709144575394346 0.715843403960211 0.712981381454228 -9999 -9999 -9999 -9999 -9999 -9999 -9999 -9999 -9999 -9999 -9999 -9999 -9999 -9999 -9999 -9999 -9999 -9999 -9999 -9999 -9999
0.37368543499488 0.391945075265742 0.406079077715007 0.415293479781275 0.436974301444354 0.460710192727591 0.468862360850926 0.478437791464812 0.490059695216708 0.503104693785128 0.515897523137749 0.512537012645472 0.514624747859841 0.526220640411794 0.545059733310344 0.567265137439815 0.570336041728643 0.574567378080666 0.581283348694542 0.577885288540762 0.56870829513282 0.585866869144277 0.601044987267113 0.60757478175098 0.611638098464613 0.613990721078674 0.639580370556219 0.663667932821402 0.674634485686218 0.682849826418188 0.688764091001032 0.699969786815635 0.712456214803987 0.726928519002882 0.735822139769408 0.739106411010805 -9999 -9999 -9999 -9999 -9999 -9999 -9999 -9999 -9999 -9999 -9999 -9999 -9999 -9999 -9999 -9999 -9999 -9999 -9999 -9999 -9999
0.372592658990114 0.406565874453879 0.420463317627158 0.410421486118537 0.431022739301393 0.459123704275154 0.473034278779977 0.485925493825127 0.497350997684853 0.502951977308786 0.506055982084677 0.502494700010793 0.507385792081982 0.527027779684454 0.550044429628315 0.574620948117615 0.564440995293535 0.56017781572171 0.568583208493271 0.576414077221169 0.583916675630583 0.59118165539566 0.597960236246676 0.603470175296914 0.612087595861508 0.622860296459553 0.636632412760175 0.651562723657584 0.669416223744074 0.683668741976012 0.694909448301471 0.719124009043006 0.742204529140338 0.750761888657669 0.750503566226161 0.741381101931632 -9999 -9999 -9999 -9999 -9999 -9999 -9999 -9999 -9999 -9999 -9999 -9999 -9999 -9999 -9999 -9999 -9999 -9999 -9999 -9999 -9999
0.374135785173856 0.41018169359022 0.430216210871421 0.431158008586079 0.440532906333909 0.452662517786902 0.467690875411521 0.481978164255749 0.495199889043763 0.502301781604896 0.506798157928859 0.504663699052778 0.507653333744573 0.519585422664607 0.543789249893216 0.573694228195885 0.5645192805336 0.561756957835574 0.572724889755597 0.590017953904165 0.61092505856855 0.618492259477872 0.623904707804608 0.625264444387988 0.633297749325402 0.645959692778887 0.667534312045502 0.686523995326721 0.693621767973809 0.701144313764265 0.709022133994419 0.727282239218378 0.745012170693282 0.752831986302652 0.756761543925196 0.756779458763994 -9999 -9999 -9999 -9999 -9999 -9999 -9999 -9999 -9999 -9999 -9999 -9999 -9999 -9999 -9999 -9999 -9999 -9999 -9999 -9999 -9999
0.374503168513173 0.411437281251945 0.437008230652529 0.449029221203607 0.449299337963752 0.447812270916682 0.46278675332518 0.47768501307901 0.492473674205515 0.501452868426878 0.507882621553044 0.506449206735076 0.507497423969026 0.512876530313731 0.536768066219 0.56926713270031 0.564361902883151 0.565929689753909 0.581357037688558 0.606641885934683 0.63755909161194 0.64522205827247 0.649838580207209 0.649285773268962 0.657897903680089 0.672866630706734 0.698222322783364 0.717508934330944 0.712499577772999 0.713907030490985 0.720681414606978 0.733461005089975 0.746028526361583 0.753293096741764 0.757486519326379 0.758591911977498 -9999 -9999 -9999 -9999 -9999 -9999 -9999 -9999 -9999 -9999 -9999 -9999 -9999 -9999 -9999 -9999 -9999 -9999 -9999 -9999 -9999
0.369353000289289 0.40876244369497 0.434846833500386 0.445041816229846 0.448526940620262 0.451075738323752 0.463684592522589 0.477123027366244 0.491754295237333 0.50008489402638 0.505596098704688 0.501457570677474 0.502479116927566 0.51250591014044 0.531833690686432 0.555486174310401 0.56071105226538 0.572722037391286 0.599262950564054 0.627859364710734 0.657630246604741 0.660152364465109 0.663004258686202 0.670212742527705 0.685970986452031 0.707659153728173 0.713274205429402 0.713104612661294 0.698710767284597 0.701882396152334 0.719745547112979 0.737117967459411 0.752212679681018 0.75732808137205 0.759567221418299 0.758914288973451 -9999 -9999 -9999 -9999 -9999 -9999 -9999 -9999 -9999 -9999 -9999 -9999 -9999 -9999 -9999 -9999 -9999 -9999 -9999 -9999 -9999
0.365270869248966 0.406381919092332 0.432949785799963 0.442175691720334 0.44856445803404 0.454408243188806 0.463037374427459 0.473515561938046 0.486652460695719 0.496774665684238 0.505304927625236 0.504207965190932 0.506566984732696 0.514957307221062 0.528465063461265 0.544357012184024 0.564443586057078 0.585497598848411 0.608623022762244 0.63716495574711 0.668801762092673 0.664066877183934 0.662868341108758 0.675753446874587 0.693173351075255 0.713738490566038 0.712510208788049 0.707225017498245 0.695582516081599 0.702509013766663 0.724966367991646 0.742222075666059 0.756283551519714 0.759612647170369 0.761281757475822 -9999 -9999 -9999 -9999 -9999 -9999 -9999 -9999 -9999 -9999 -9999 -9999 -9999 -9999 -9999 -9999 -9999 -9999 -9999 -9999 -9999 -9999
0.362134530477887 0.404262021105729 0.431286830761913 0.440302508665543 0.44931918935007 0.457801883653868 0.46102194250484 0.467211194926899 0.477669775687983 0.491744489018958 0.506780725249213 0.513814256460668 0.518718756964423 0.519907720387927 0.52648297283568 0.535576128230226 0.574714420202747 0.603571550158484 0.610415390229556 0.635922064474359 0.672092268967498 0.658226437109465 0.650953295508039 0.667668960422723 0.681893808717664 0.694391082028579 0.697740579579269 0.700039005024492 0.701894642716695 0.714338852090489 0.735639197804678 0.748607692949706 0.758483022888478 0.760347142779472 -9999 -9999 -9999 -9999 -9999 -9999 -9999 -9999 -9999 -9999 -9999 -9999 -9999 -9999 -9999 -9999 -9999 -9999 -9999 -9999 -9999 -9999 -9999
0.366318764856556 0.400712586335904 0.424151329001819 0.434526731583884 0.440701436510212 0.445278934182404 0.44619598067445 0.454705802506519 0.474133083963542 0.48891605700561 0.501456316994654 0.503491218147785 0.510237969455287 0.525207736946558 0.537619952980906 0.548848898340861 0.583098418154148 0.610019988324878 0.621251476043988 0.639466869965898 0.661672713267139 0.654803344280437 0.65412467856701 0.673687489444562 0.689012494317059 0.701398251240327 0.712003566829992 0.720269528034488 0.72115985299031 0.730306930341565 0.746359842317331 0.755361345362454 0.761813538870749 0.761796460664676 -9999 -9999 -9999 -9999 -9999 -9999 -9999 -9999 -9999 -9999 -9999 -9999 -9999 -9999 -9999 -9999 -9999 -9999 -9999 -9999 -9999 -9999 -9999
0.371592930587562 0.394813764235684 0.413083598862279 0.425449634431425 0.428848081438011 0.429825411724937 0.432725936607409 0.445283527535337 0.471726769483521 0.485840910350478 0.494780007145918 0.491887963948958 0.499316949716741 0.524757965882276 0.544446198413402 0.561458740828246 0.587430617888729 0.610894711453862 0.628989318091251 0.641781007976673 0.651542728637558 0.654144400852386 0.661723762492203 0.683509645111195 0.700325967956405 0.71369551472073 0.729109536086174 0.740933417925319 0.739795205382692 0.745201818462669 0.756082434059783 0.761593012036454 0.765560329085251 0.766407488852946 -9999 -9999 -9999 -9999 -9999 -9999 -9999 -9999 -9999 -9999 -9999 -9999 -9999 -9999 -9999 -9999 -9999 -9999 -9999 -9999 -9999 -9999 -9999
0.375773071729892 0.378425743215384 0.387217188825442 0.403328791182232 0.409177246279737 0.413941201510054 0.437517185367821 0.456857457160469 0.47010730570431 0.479558702454285 0.487419535244637 0.491713833685253 0.494643649176496 0.495192199345716 0.517933052659429 0.551003614449103 0.573154965262476 0.594256486651191 0.613110188249038 0.633643928630548 0.65513760597668 0.665168004208597 0.677996474350809 0.699759615129958 0.71618134236856 0.728898384027807 0.734464956777203 0.739222863483691 0.74367876672347 0.75101579958416 0.76076256980173 0.764880348867146 0.767445798182527 0.76703712595244 -9999 -9999 -9999 -9999 -9999 -9999 -9999 -9999 -9999 -9999 -9999 -9999 -9999 -9999 -9999 -9999 -9999 -9999 -9999 -9999 -9999 -9999 -9999
0.374250829604918 0.368564186463832 0.371477167458675 0.384644735991783 0.394586284116446 0.405847832843203 0.43938232464234 0.461476267319916 0.467120133769957 0.475655494043311 0.485332216637797 0.496292227448239 0.495525093496368 0.4742920071032 0.496659848804793 0.539323293674017 0.563444674677257 0.587818000783622 0.612730773752222 0.640112607712846 0.668905208458854 0.676567980281231 0.687116878253618 0.708068683999092 0.723920839105189 0.73623599000069 0.739930599513836 0.743297050958094 0.74850785265415 0.755422066911265 0.763760992105634 0.76680530853225 0.768608624398921 -9999 -9999 -9999 -9999 -9999 -9999 -9999 -9999 -9999 -9999 -9999 -9999 -9999 -9999 -9999 -9999 -9999 -9999 -9999 -9999 -9999 -9999 -9999 -9999
0.366659721369793 0.365648539161549 0.366514341193891 0.369618345605639 0.385401670074281 0.406046010363982 0.438133298161753 0.458692963864976 0.462677353315055 0.474284179522159 0.48885694826016 0.505928582181447 0.502318277040328 0.462614311436752 0.480963349342231 0.526339037263715 0.558593154482004 0.592234774384593 0.628847215946774 0.662125733421096 0.693499320485299 0.688368517928981 0.688625307070291 0.707926502993917 0.723022863986574 0.735202845033344 0.74551354808661 0.753527756246983 0.754343230493142 0.758330148981598 0.764969620000306 0.767280333280336 -9999 -9999 -9999 -9999 -9999 -9999 -9999 -9999 -9999 -9999 -9999 -9999 -9999 -9999 -9999 -9999 -9999 -9999 -9999 -9999 -9999 -9999 -9999 -9999 -9999
0.350565032353006 0.356720379652094 0.360673647241045 0.362001053653167 0.374112554416348 0.391499633272417 0.429859605711225 0.454957088279632 0.46098477209827 0.472120958771098 0.484633561659613 0.486213510615714 0.480589590764457 0.462393639153303 0.487990192145566 0.533972234986561 0.563485569626354 0.592132229628276 0.618923227788864 0.656898706170349 0.701264748923634 0.693561158618383 0.688562073338281 0.697427608838484 0.708356713642433 0.720717064198758 0.738248886171597 0.752642957455794 0.754544191466052 0.758862819450669 0.76520332264841 -9999 -9999 -9999 -9999 -9999 -9999 -9999 -9999 -9999 -9999 -9999 -9999 -9999 -9999 -9999 -9999 -9999 -9999 -9999 -9999 -9999 -9999 -9999 -9999 -9999 -9999
