layers/veg/veg6000.asc
NCOLS 255 
NROWS 330 
XLLCORNER -2985163.8955 
YLLCORNER -3022031.214 
CELLSIZE 25000 
NODATA_value -9999 
[rows 250 to 274 of 330, columns 57 to 113 of 255]
-9999 -9999 -9999 -9999 -9999 -9999 -9999 -9999 -9999 -9999 -9999 -9999 -9999 -9999 -9999 0.632362896142117 0.63252295015746 0.633758008661146 0.635152426865296 0.606668544352356 0.578089143996 0.549314542899683 0.532964693557823 0.523406052584113 0.519949241768535 0.517070728384636 0.515091825493943 0.512292735216991 0.508948370808132 0.50361522147192 0.497981163529715 0.491944387913296 0.485086106070524 0.477568468183686 0.470358948626121 0.463032608917601 0.455020352630272 0.447074312077807 0.439192189016392 0.427375838963206 0.413515914259889 0.392456955999845 0.374565916171113 0.360350413128738 0.341814861141369 0.323437841440969 0.31753701309276 0.311949605087685 0.306800395253545 0.301394628250136 0.295973146597239 0.291922161311365 0.288404619827406 0.285791195168109 -9999 -9999 -9999
-9999 -9999 -9999 -9999 -9999 -9999 -9999 -9999 -9999 -9999 -9999 -9999 -9999 -9999 -9999 0.646036721442283 0.641426001598185 0.642066875513392 0.644889740687814 0.633626849581697 0.613517939158335 0.575331259653262 0.553556631403499 0.540752617780588 0.537603164666457 0.535131833013444 0.53348267185211 0.531040216050286 0.528070364858473 0.523215000025529 0.517886303954123 0.511569464905172 0.504684021967569 0.497342207065112 0.489661524043265 0.481826995318372 0.473549497672354 0.464861994993767 0.455778717911209 0.44729654837236 0.437714078598229 0.420894708437564 0.401817596865339 0.380120969736701 0.379673817650773 -9999 -9999 -9999 -9999 -9999 -9999 -9999 -9999 -9999 -9999 -9999 -9999
-9999 -9999 -9999 -9999 -9999 -9999 -9999 -9999 -9999 -9999 -9999 -9999 -9999 -9999 -9999 0.648739340763261 0.651345691023174 0.652326673333005 0.652452739540872 0.64006365368931 0.623354924106949 0.597818549108035 0.576453200939845 0.557367682009001 0.555311598881013 0.554311437223006 0.554405643493521 0.552725004954935 0.549864420249452 0.543912264916737 0.537635401475845 0.531193775707459 0.524121548364126 0.516543188569814 0.509678997337023 0.502717223230792 0.494900093798431 0.485159388885197 0.473561872764886 0.4646492027306 0.455990015007435 0.445508756200533 0.427081937047155 0.399436383265691 0.389322979485506 0.384641682285625 -9999 -9999 -9999 -9999 -9999 -9999 -9999 -9999 -9999 -9999 -9999
-9999 -9999 -9999 -9999 -9999 -9999 -9999 -9999 -9999 -9999 -9999 -9999 -9999 -9999 -9999 0.687382723742069 0.680092681116607 0.678248533731723 0.678645739435929 0.662428179345781 0.643479335117112 0.618948825036045 0.598081629563985 0.579216754405402 0.577426042442634 0.576745724795921 0.577293866629194 0.575610005572285 0.572442272099452 0.566109599908915 0.559560424002499 0.553216314013625 0.545647564646673 0.537095897135178 0.530118578687957 0.522955148217495 0.514029138003923 0.503067447114245 0.490140730816928 0.479434517970348 0.469070710594602 0.45798352850744 0.440730160319455 0.416322553682309 0.398634731175821 0.384386902713104 0.384296742089598 -9999 -9999 -9999 -9999 -9999 -9999 -9999 -9999 -9999 -9999
-9999 -9999 -9999 -9999 -9999 -9999 -9999 -9999 -9999 -9999 -9999 -9999 -9999 -9999 -9999 0.695891578928184 0.711323568927293 0.718618966731248 0.722025295779016 0.699486353428298 0.673094106772623 0.638827228270872 0.618540172296946 0.605894306232684 0.603605119612335 0.602182524243024 0.601995074405316 0.599602226006931 0.595743192190638 0.589690780205676 0.58349278178585 0.577451266171926 0.569100255502979 0.558895601520781 0.55094756334249 0.542591310433022 0.531108755191173 0.518771294396537 0.505608600473702 0.491851410439654 0.477358690419285 0.459259571281617 0.443662278502855 0.430967697714512 0.407635215116867 0.383942049631473 0.384132906929811 -9999 -9999 -9999 -9999 -9999 -9999 -9999 -9999 -9999 -9999
-9999 -9999 -9999 -9999 -9999 -9999 -9999 -9999 -9999 -9999 -9999 -9999 -9999 -9999 -9999 0.725981295224943 0.725973887708491 0.727339173655738 0.729094626857388 0.710238605373213 0.689146732159726 0.663485661229858 0.648045504621022 0.638191967386069 0.63488253407129 0.631612924400545 0.627835057202092 0.62343109855321 0.618610903958925 0.610601092059318 0.602864473976312 0.596918933504968 0.588612002670424 0.578409776391453 0.569019049225504 0.55897689492051 0.545670358158001 0.531159440999951 0.515485945592044 0.501458114614978 0.487286113413766 0.470229380872756 0.456036015797941 0.445164836152787 0.421651106544113 0.396011852959977 0.383308391157646 -9999 -9999 -9999 -9999 -9999 -9999 -9999 -9999 -9999 -9999
-9999 -9999 -9999 -9999 -9999 -9999 -9999 -9999 -9999 -9999 -9999 -9999 -9999 -9999 -9999 0.739540137471224 0.733730344418067 0.735967152264557 -9999 0.705546050200565 0.701134721516637 0.68770837958985 0.677171959098746 0.668215132230529 0.664840134875228 0.660490576413784 0.653147774372753 0.646767770207774 0.641027849985638 0.630899335176613 0.621433174449033 0.615355034047334 0.607103236289638 0.597106821060484 0.586104916026473 0.574289568128586 0.559646008181706 0.54313144403318 0.524810815290542 0.510720942881077 0.497328948649123 0.482827171472671 0.469987013845726 0.459074729019663 0.437432324545714 0.412906347423286 0.389530472816099 0.376024159095196 0.376316641856477 0.36287540773119 0.345506351365154 0.346403054891598 -9999 -9999 -9999 -9999 -9999
-9999 -9999 -9999 -9999 -9999 -9999 -9999 -9999 -9999 -9999 -9999 -9999 -9999 -9999 -9999 0.742717250795181 0.745391615836137 0.744361968023683 -9999 -9999 0.705310191181533 0.704592329497916 0.694816851910684 0.680090598796042 0.682351239884047 0.682217432373753 0.674424654109289 0.667616006383856 0.661461624908238 0.65067673619047 0.64042057201826 0.633190589050579 0.624191838645781 0.613773442883709 0.600742427785137 0.587196581121941 0.573082477374804 0.55631345919176 0.5369816744693 0.521056961413626 0.506285442491412 0.494109400497883 0.482611433088166 0.47190019302978 0.457518974684379 0.439648156385634 0.399379226764899 0.376024159095196 0.376316641856477 0.363837899037046 0.347639385826552 0.347226615089061 -9999 -9999 -9999 -9999 -9999
-9999 -9999 -9999 -9999 -9999 -9999 -9999 -9999 -9999 -9999 -9999 -9999 -9999 -9999 -9999 0.748402024070984 0.749928200431949 0.749340612676568 -9999 -9999 0.735400915310468 0.725531975508207 0.713508658732823 0.7003077874101 0.701182122511419 0.701228812188556 0.697864308226114 0.690417897981065 0.680257768966298 0.67022466853679 0.660018332357509 0.649217169631288 0.638316506869659 0.627335983545046 0.614924589049408 0.601668473451732 0.585714469466888 0.566302273532857 0.543551914042822 0.526562205430065 0.511528633956984 0.500920807058059 0.490213910245021 0.479392068832986 0.468386802088482 0.455872998918078 0.430093300306751 0.405476670329114 0.382486145864782 0.364343945875982 0.348819286030912 -9999 -9999 -9999 -9999 -9999 -9999
-9999 -9999 -9999 -9999 -9999 -9999 -9999 -9999 -9999 -9999 -9999 -9999 -9999 -9999 -9999 0.746843714510189 0.744208583632389 0.745223126038643 -9999 0.738643431959237 0.738064760312591 0.736303512410228 0.733361148976263 0.729773203092001 0.721476204586627 0.717229621782767 0.723701768029705 0.715385751095782 0.697238318834042 0.689518195578066 0.680292784326865 0.6632381923521 0.649155146656029 0.637457118792119 0.628601916330588 0.617875302447226 0.597454560958861 0.572750878063385 0.543912907908036 0.526711708823819 0.512654993987559 0.502775541471161 0.492248704798842 0.480970748951079 0.469033986146853 0.455579096425637 0.42998505881355 0.405476670329114 0.382486145864782 0.364343945875982 -9999 -9999 -9999 -9999 -9999 -9999 -9999
-9999 -9999 -9999 -9999 -9999 -9999 -9999 -9999 -9999 -9999 -9999 -9999 -9999 -9999 -9999 0.729923835247484 0.730343322780468 0.730181817371119 0.745801924669412 0.745555241673219 0.745086227679696 0.744162856954035 0.750993926062511 0.762063471539178 0.750887869903076 0.741653596688479 0.739417846110467 0.728080415424554 0.710692037354078 0.706886351793364 0.701514403608029 0.687216240753888 0.66596651285807 0.639137330687992 0.618368245053433 0.598464166141326 0.578482175580319 0.556465892258737 0.532485923272688 0.513412258233743 0.496166024342232 0.483641773403906 0.472107099754252 0.461720570479624 0.450696946722851 0.439100523792739 0.423916157210171 0.415063579022262 -9999 -9999 -9999 -9999 -9999 -9999 -9999 -9999 -9999
-9999 -9999 -9999 -9999 -9999 -9999 -9999 -9999 -9999 -9999 -9999 -9999 -9999 -9999 -9999 -9999 0.717589223084857 0.717589223084857 0.75377446509968 0.75335434923897 0.753188375286821 0.75354176700325 0.769538238032962 0.794085013586695 0.781133585881952 0.766931973295892 0.753048820254254 0.738894495729683 0.72455989192085 0.722863879614529 0.720267479474079 0.71116130708343 0.681908101358666 0.636484515212265 0.602518768219056 0.573011734997468 0.555330784494915 0.537372299449783 0.519145912648711 0.498700930013011 0.478544813443537 0.462835498787075 0.450048817419008 0.440653083891753 0.430431896072893 0.421013633002401 -9999 -9999 -9999 -9999 -9999 -9999 -9999 -9999 -9999 -9999 -9999
-9999 -9999 -9999 -9999 -9999 -9999 -9999 -9999 -9999 -9999 -9999 -9999 -9999 -9999 -9999 -9999 -9999 -9999 0.753780519606669 0.753935353958422 0.760790810221951 0.78133969075698 0.800131590450294 0.817963147174127 0.798821032191153 0.781285186760147 0.771268857896046 0.760499357392525 0.749229135933351 0.731695649420762 0.717102577890488 0.713777814356536 0.678198620743414 0.616731426846891 0.591944957108779 0.574166636476404 0.563433538168367 0.543710173755399 0.515308581207256 0.501048704405503 0.489051902966093 0.472934464167312 0.459438789642574 0.448984983538169 0.434771131746825 -9999 -9999 -9999 -9999 -9999 -9999 -9999 -9999 -9999 -9999 -9999 -9999
-9999 -9999 -9999 -9999 -9999 -9999 -9999 -9999 -9999 -9999 -9999 -9999 -9999 -9999 -9999 -9999 -9999 -9999 0.76842927864666 0.764379985938464 0.771100915019865 0.799831922927519 0.819597370259002 0.834462358312642 0.813379734118364 0.794856566793236 0.786176639242777 0.77732056112998 0.76834737521161 0.745249330703539 0.724697925098026 0.716388550631167 0.67626121922659 0.610596208929562 0.590745586316696 0.578269352133875 0.568745044907619 0.547878786589937 0.516064238430715 0.504457414849308 0.496087765742141 0.481849820051526 0.468994489192233 0.457743319482941 0.457046955013775 -9999 -9999 -9999 -9999 -9999 -9999 -9999 -9999 -9999 -9999 -9999 -9999
-9999 -9999 -9999 -9999 -9999 -9999 -9999 -9999 -9999 -9999 -9999 -9999 -9999 -9999 -9999 -9999 -9999 -9999 0.768532607690608 0.774295683829801 0.78502504233014 0.805903520168749 0.824210786244398 0.841112661275946 0.823762390513824 0.807384406156915 0.796663435231734 0.787756847831796 0.780056492590813 0.765105513857816 0.746655356067782 0.718991584150489 0.676689074214419 0.622637243237842 0.602058611816492 0.586306619395998 0.570330975868075 0.549152009591532 0.522950319699645 0.509282194078427 0.498490459689223 0.489185370574955 0.478771390852108 0.467070835002935 0.461990972303773 -9999 -9999 -9999 -9999 -9999 -9999 -9999 -9999 -9999 -9999 -9999 -9999
-9999 -9999 -9999 -9999 -9999 -9999 -9999 -9999 -9999 -9999 -9999 -9999 -9999 -9999 -9999 -9999 -9999 -9999 0.79682093371779 0.795852115445979 0.800681623474818 0.817360619975743 0.830266977012387 0.841111258185772 0.829054374909215 0.816832706085451 0.806325166511711 0.792139746254475 0.775509210124269 0.765190351268228 0.753061369105442 0.733294750120578 0.690113205877203 0.62813841090082 0.616909207205814 0.607796303054556 0.576287225859158 0.548491979883468 0.524281663898056 0.512009527791168 0.502394080187285 0.493704405492967 0.480990649055121 0.463608003313354 0.459385138187916 -9999 -9999 -9999 -9999 -9999 -9999 -9999 -9999 -9999 -9999 -9999 -9999
-9999 -9999 -9999 -9999 -9999 -9999 -9999 -9999 -9999 -9999 -9999 -9999 -9999 -9999 -9999 -9999 0.740735136841762 0.740735136841762 0.792465510083808 0.80287227584868 0.814311446538827 0.827860445070014 0.835543067715417 0.840019205290246 0.833096411095121 0.825050518249129 0.815215490653447 0.794324679122209 0.766083799680864 0.758959310075459 0.754067250550902 0.750347556619043 0.70757753868262 0.633465010696707 0.631846715968355 0.630173853013635 0.583452936570264 0.548166102456271 0.523916491691682 0.513329729851128 0.50527368294602 0.495268435100836 0.478848833789233 0.454987061020977 0.443015341134987 -9999 -9999 -9999 -9999 -9999 -9999 -9999 -9999 -9999 -9999 -9999 -9999
-9999 -9999 -9999 -9999 -9999 -9999 -9999 -9999 -9999 -9999 -9999 -9999 -9999 -9999 -9999 -9999 -9999 -9999 0.792324400340107 0.789331053220528 0.789922641031856 0.797840419701431 0.82235242533716 0.855934620483525 0.844118637906134 0.830596028891332 0.816968976699019 0.794465866229733 0.766061805498567 0.758597696137654 0.753406213189962 0.749567052912663 0.719564349245624 0.668562303254884 0.630571318840694 0.598999626717216 0.586608624176238 0.562247923063688 0.526332972755292 0.504558296568812 0.485853800949138 0.467794010332685 0.450652657850512 0.434576911450608 0.432995314039117 -9999 -9999 -9999 -9999 -9999 -9999 -9999 -9999 -9999 -9999 -9999 -9999
-9999 -9999 -9999 -9999 -9999 -9999 -9999 -9999 -9999 -9999 -9999 -9999 -9999 -9999 -9999 -9999 -9999 -9999 0.798335413370926 0.790223986572208 0.784970484381239 0.785557451135561 0.815254747640115 0.860863373312953 0.848394039088282 0.832883157317346 0.815060338441795 0.789969800170614 0.760047561911367 0.751694890282982 0.746025643852432 0.742853621435625 0.720183309322342 0.681863310392422 0.631344835182685 0.58860835200495 0.58641655296225 0.566104632068666 0.52830151020019 0.499851055323564 0.473860001460838 0.450825691896019 0.433238582904015 0.42197151861081 0.419503348634391 -9999 -9999 -9999 -9999 -9999 -9999 -9999 -9999 -9999 -9999 -9999 -9999
-9999 -9999 -9999 -9999 -9999 -9999 -9999 -9999 -9999 -9999 -9999 -9999 -9999 -9999 -9999 -9999 0.752954258863301 0.752954258863301 0.798521673859438 0.808097980781437 0.811410285581641 0.801921444485138 0.817997762743249 0.848047665952854 0.84177270249764 0.82990770174809 0.807237035953706 0.777984147967936 0.744355289866605 0.734227463825899 0.727792418475959 0.726557971342294 0.702442155679895 0.659961331753437 0.635427533357155 0.611783436646664 0.580817546399052 0.553446854712441 0.529546577910046 0.501707854313287 0.473860001460839 0.450825691896019 0.433238582904015 0.42197151861081 -9999 -9999 -9999 -9999 -9999 -9999 -9999 -9999 -9999 -9999 -9999 -9999 -9999
-9999 -9999 -9999 -9999 -9999 -9999 -9999 -9999 -9999 -9999 -9999 -9999 -9999 -9999 -9999 -9999 0.752954258863301 0.752954258863301 0.781992296482082 0.786115392054773 0.787117838267285 0.781742909923499 0.801426026694105 0.834805546341274 0.825597350568554 0.812309510691444 0.79263264253472 0.76419021914668 0.729920309748104 0.713785499677836 0.703897770603917 0.708977903373297 0.6827372784381 0.631358035882249 0.618501580352786 0.607882941251975 0.582939737517935 0.553522506369285 0.519786534247471 0.512706570798494 -9999 -9999 -9999 -9999 -9999 -9999 -9999 -9999 -9999 -9999 -9999 -9999 -9999 -9999 -9999 -9999 -9999
-9999 -9999 -9999 -9999 -9999 -9999 -9999 -9999 -9999 -9999 -9999 -9999 -9999 -9999 -9999 -9999 -9999 -9999 0.789273736563013 0.760712285931091 0.743231292058874 0.748394374741102 0.778358037670524 0.821877376515105 0.805480742802571 0.788385072687771 0.775094076226759 0.749643515254387 0.716109074799859 0.692199663831663 0.677614776783668 0.690349043574613 0.661930159057328 0.600480996525046 0.593130331552711 0.592616043594839 0.587650657271019 0.558328805712642 0.505495863447398 0.496348241546265 -9999 -9999 -9999 -9999 -9999 -9999 -9999 -9999 -9999 -9999 -9999 -9999 -9999 -9999 -9999 -9999 -9999
-9999 -9999 -9999 -9999 -9999 -9999 -9999 -9999 -9999 -9999 -9999 -9999 -9999 -9999 0.785835093205329 0.785835093205329 -9999 -9999 0.789639393568978 0.795801591555656 0.811303554509512 0.84589230761144 0.849177931312733 0.835353669960698 0.793082154129075 0.760631360984279 0.755755077221073 0.736194852428264 0.706872500916564 0.677442674117021 0.653092269699594 0.645150506229621 0.627166651087755 0.601122828015598 0.596501748463681 0.588736574760818 0.554393535945061 0.525068401705869 0.500587008482539 -9999 -9999 -9999 -9999 -9999 -9999 -9999 -9999 -9999 -9999 -9999 -9999 -9999 -9999 -9999 -9999 -9999 -9999
-9999 -9999 -9999 -9999 -9999 -9999 -9999 -9999 -9999 -9999 -9999 -9999 -9999 -9999 0.785835093205329 0.780983445233293 0.768027612622176 0.745716358577412 0.720252325369929 0.78887939397728 0.849920015765576 0.895456937095276 0.877731535484553 0.825427767606876 0.775576400319282 0.73962282850153 0.738714563846808 0.723351501071498 0.698378649570894 0.664714211405482 0.63369049366861 0.613661708192002 0.60158008220063 0.595876992940522 0.586923239921274 0.570468514535276 0.524211717241698 0.49949941289156 0.495583826084326 -9999 -9999 -9999 -9999 -9999 -9999 -9999 -9999 -9999 -9999 -9999 -9999 -9999 -9999 -9999 -9999 -9999 -9999
-9999 -9999 -9999 -9999 -9999 -9999 -9999 -9999 -9999 -9999 -9999 -9999 -9999 -9999 -9999 0.780983445233293 0.768027612622176 0.745716358577412 0.720182862994634 0.782213621200192 0.830450648293158 0.850498737866794 0.822937467836207 0.769353538541587 0.747999492191351 0.73191555787789 0.726206585229942 0.711701803151764 0.691349421571516 0.655985934304073 0.624386623477961 0.609208045408722 0.594090122136794 0.579020881523531 0.551807922959952 0.523826646050667 0.500094289733957 0.49039443490178 0.494240035539841 -9999 -9999 -9999 -9999 -9999 -9999 -9999 -9999 -9999 -9999 -9999 -9999 -9999 -9999 -9999 -9999 -9999 -9999
