layers/veg/veg600.asc
NCOLS 255 
NROWS 330 
XLLCORNER -2985163.8955 
YLLCORNER -3022031.214 
CELLSIZE 25000 
NODATA_value -9999 
[rows 250 to 274 of 330, columns 57 to 113 of 255]
-9999 -9999 -9999 -9999 -9999 -9999 -9999 -9999 -9999 -9999 -9999 -9999 -9999 -9999 -9999 0.577590404475279 0.578023369465616 0.581364970681258 0.585484681445857 0.541361175420362 0.492888865633877 0.435529318848079 0.393749858308052 0.360486271097311 0.374534929647164 0.38834351432678 0.39713744757083 0.406042151161198 0.415020496708807 0.410062792051171 0.404187383356804 0.399329780050468 0.389476864157149 0.375614618278769 0.370294956987054 0.364934910047827 0.354122479751726 0.345390381410931 0.338666409981433 0.333731818286667 0.329912437750261 0.330463620995099 0.32701180648881 0.318915565110749 0.30678856766327 0.293884456243499 0.284199208630226 0.275265023643005 0.267380911748366 0.261565394188034 0.25647434108212 0.251003528449214 0.246114066638185 0.242209917726481 -9999 -9999 -9999
-9999 -9999 -9999 -9999 -9999 -9999 -9999 -9999 -9999 -9999 -9999 -9999 -9999 -9999 -9999 0.598080166091753 0.59457653245938 0.599316772081555 0.60736907072055 0.582673391870026 0.54182285170263 0.467958156584871 0.417879729794127 0.380802569161602 0.399905686761791 0.41410031467961 0.410605781282306 0.415080786279419 0.424854072135909 0.433611251128805 0.437741684053755 0.427243703460964 0.415411618941302 0.402508758011944 0.395498946964828 0.387263103541601 0.370184510462316 0.355399394906928 0.342828153884615 0.335965465079172 0.331917396703395 0.33742625608566 0.337431299842315 0.33105061201027 0.33201184505751 -9999 -9999 -9999 -9999 -9999 -9999 -9999 -9999 -9999 -9999 -9999 -9999
-9999 -9999 -9999 -9999 -9999 -9999 -9999 -9999 -9999 -9999 -9999 -9999 -9999 -9999 -9999 0.600133855812373 0.602114391767092 0.604135209757299 0.605857912047926 0.577888286462215 0.541747111853297 0.488906519010756 0.444906693659925 0.405739117303449 0.418887412902749 0.429363098267127 0.428184274824433 0.432970813704335 0.441723224062465 0.454271390518676 0.463364070217659 0.460231791483108 0.447308200809194 0.426525922642152 0.413290962068895 0.400129679767739 0.382615043382233 0.366901072274426 0.352925268189996 0.344525367670184 0.339696534070504 0.349053136612711 0.350350366055317 0.342296811080697 0.337840125232068 0.334733604343366 -9999 -9999 -9999 -9999 -9999 -9999 -9999 -9999 -9999 -9999 -9999
-9999 -9999 -9999 -9999 -9999 -9999 -9999 -9999 -9999 -9999 -9999 -9999 -9999 -9999 -9999 0.632600821250777 0.626292233783161 0.625813157762065 0.627548642852168 0.594146412887248 0.556306937714369 0.509399486161198 0.471119918582354 0.437556240624795 0.43421721462397 0.435459461055872 0.445515052775946 0.453411849979677 0.45987344490453 0.469682808955611 0.477291065796744 0.476846795244518 0.466239795054014 0.447476000677097 0.429425154296467 0.412347592043375 0.398956981629743 0.385399889023958 0.371682092560571 0.363506147785038 0.35844608868561 0.364927055320082 0.364189494463822 0.355076729538775 0.349730504295614 0.346269368390993 0.350351609635327 -9999 -9999 -9999 -9999 -9999 -9999 -9999 -9999 -9999 -9999
-9999 -9999 -9999 -9999 -9999 -9999 -9999 -9999 -9999 -9999 -9999 -9999 -9999 -9999 -9999 0.639964133092521 0.653318521223082 0.663044348372816 0.670643590558824 0.629817350451093 0.584368371850379 0.529472341869352 0.49658245271026 0.475720835073533 0.4461780414835 0.433099613448848 0.462617308035939 0.47620624401965 0.479205477984854 0.480252175117067 0.480428824702429 0.478357294382383 0.47321092342824 0.465596628687769 0.444029971062197 0.423967098576792 0.418907271175906 0.410353709758351 0.398427676326465 0.39210040024473 0.387316077264521 0.384718953487491 0.37887739903842 0.369271535455628 0.36721329339254 0.366411172283676 0.357769644477447 -9999 -9999 -9999 -9999 -9999 -9999 -9999 -9999 -9999 -9999
-9999 -9999 -9999 -9999 -9999 -9999 -9999 -9999 -9999 -9999 -9999 -9999 -9999 -9999 -9999 0.681511062390799 0.681473837010638 0.680061506703305 0.677797034646964 0.652836440893459 0.620013159085617 0.571121648856579 0.540911944073369 0.520913472156871 0.507075137517243 0.503742695884489 0.526501422969548 0.533561720698793 0.530185443100605 0.525864051767862 0.518694414986107 0.502610661967705 0.489681124505593 0.479283218605864 0.45665478445416 0.436222910690908 0.432667690832861 0.430389209695735 0.429343153690395 0.418544561169597 0.406894947529589 0.402275487496458 0.395252207126573 0.385439924998245 0.380633099369748 0.376937209766184 0.370572451331003 -9999 -9999 -9999 -9999 -9999 -9999 -9999 -9999 -9999 -9999
-9999 -9999 -9999 -9999 -9999 -9999 -9999 -9999 -9999 -9999 -9999 -9999 -9999 -9999 -9999 0.733771753407967 0.713963827273387 0.721590006759496 -9999 0.664975478957444 0.652497260814636 0.614518494001635 0.585161341658207 0.560516652105974 0.568972730626373 0.580123776209435 0.595032781403578 0.594631495954683 0.58405167621046 0.575110254456024 0.561100032930742 0.530278553518048 0.508064592664757 0.49275918491125 0.470260374884819 0.45047565769476 0.446648452725683 0.449718921255489 0.459447655906295 0.445486850643659 0.428205986488204 0.420607317876731 0.411751305167827 0.401436475073496 0.393016688863314 0.384788407957447 0.373463972966577 0.366502505453065 0.365640975005865 0.349805058998978 0.329895344476488 0.333629645268148 -9999 -9999 -9999 -9999 -9999
-9999 -9999 -9999 -9999 -9999 -9999 -9999 -9999 -9999 -9999 -9999 -9999 -9999 -9999 -9999 0.744603813253529 0.753721801571439 0.750211317182908 -9999 -9999 0.659999137514818 0.64485311994497 0.609301680292616 0.562596901246368 0.585239072315458 0.611365645012079 0.639878876558089 0.63972147101528 0.620503352016312 0.607442575407115 0.589234508024587 0.55267255999948 0.526876616614724 0.50972166705613 0.491228919280397 0.474851926586217 0.468274902025806 0.470365406661909 0.480822604214294 0.477362288622187 0.468563661647683 0.445458444624888 0.427162521283507 0.414446519340263 0.404040097597344 0.393577111382181 0.376700768864755 0.366502505453065 0.365640975005864 0.353813331454065 0.338778316432028 0.337059342382823 -9999 -9999 -9999 -9999 -9999
-9999 -9999 -9999 -9999 -9999 -9999 -9999 -9999 -9999 -9999 -9999 -9999 -9999 -9999 -9999 0.80858699541486 0.800982567684858 0.803910321472111 -9999 -9999 0.78230185065885 0.714415692284844 0.655454072947142 0.601370491044955 0.602025475060374 0.61833739597751 0.669291001703029 0.676020939591284 0.653350252093533 0.628999324752826 0.604337023502965 0.579150213239128 0.557685193402282 0.539207351183898 0.517451507352443 0.497983371855109 0.490243911465536 0.492771706712363 0.505210397331457 0.505001229402266 0.498056596904303 0.466990198375667 0.443065037644919 0.427425406606734 0.414718644905654 0.403431157613043 0.397575162051821 0.387033792497174 0.369941723988125 0.355920751638691 0.343691983142691 -9999 -9999 -9999 -9999 -9999 -9999
-9999 -9999 -9999 -9999 -9999 -9999 -9999 -9999 -9999 -9999 -9999 -9999 -9999 -9999 -9999 0.816351532161157 0.829481510341828 0.824426383945749 -9999 0.804606374058439 0.794960566158289 0.765602537249818 0.726010596142449 0.680824931189522 0.619388454524759 0.598401566060291 0.681591928659383 0.702574626716199 0.682200641105891 0.638609508100247 0.604991380560169 0.610155288066913 0.601794002926886 0.582577148793292 0.549499102378874 0.519734717013508 0.512592707469364 0.517129062591652 0.532938444745415 0.527943287711852 0.515504107838473 0.484841858852663 0.459512244443696 0.440369751004022 0.425014854280212 0.411079198173054 0.400391862663662 0.387033792497174 0.369941723988125 0.355920751638691 -9999 -9999 -9999 -9999 -9999 -9999 -9999
-9999 -9999 -9999 -9999 -9999 -9999 -9999 -9999 -9999 -9999 -9999 -9999 -9999 -9999 -9999 0.855431942068147 0.854920056055173 0.855117135476049 0.780766830323401 0.781588345454385 0.781028965982632 0.777647583431395 0.729305724993451 0.656389052819829 0.638615490479252 0.645680859541236 0.710654841088922 0.726370028386738 0.709337155029884 0.662670944935904 0.624152669995987 0.620362656931976 0.613168766833078 0.603242862265855 0.584316738337431 0.563183679547077 0.538255020178267 0.52733332525834 0.529932435123267 0.518397721652239 0.50283994129614 0.481005518091198 0.46164734675046 0.44516221492021 0.425064798684917 0.405344209747597 0.398279720961466 0.394161080977588 -9999 -9999 -9999 -9999 -9999 -9999 -9999 -9999 -9999
-9999 -9999 -9999 -9999 -9999 -9999 -9999 -9999 -9999 -9999 -9999 -9999 -9999 -9999 -9999 -9999 0.870483439299996 0.870483439299996 0.784193656907727 0.770022586430307 0.763861874446887 0.774071170929754 0.712769433962526 0.612380692411312 0.657867270509009 0.704013012093668 0.738249054638731 0.743762449609555 0.73018055369379 0.68698200555787 0.646974092854556 0.62570547884902 0.617902135611863 0.620906266963846 0.620182785754924 0.610271865732505 0.563701415022456 0.533408481432263 0.518828097992596 0.501070902697126 0.483480792451897 0.470802963050686 0.458006821354737 0.445073409334118 0.421376569786982 0.397304491649954 -9999 -9999 -9999 -9999 -9999 -9999 -9999 -9999 -9999 -9999 -9999
-9999 -9999 -9999 -9999 -9999 -9999 -9999 -9999 -9999 -9999 -9999 -9999 -9999 -9999 -9999 -9999 -9999 -9999 0.784397883534905 0.789620653528189 0.776840741358258 0.727270458364297 0.678528438691074 0.630239137020272 0.673375556356691 0.709328758144983 0.718537602782682 0.715335029774541 0.703881141157361 0.682737548927731 0.660174353192664 0.635798900917056 0.638301200526385 0.662376079366118 0.658647072428038 0.640820824568029 0.580396732083341 0.536111623980312 0.507405341542656 0.489692979041792 0.473807840348827 0.455119933861019 0.438047719696571 0.422850091857089 0.409205823676482 -9999 -9999 -9999 -9999 -9999 -9999 -9999 -9999 -9999 -9999 -9999 -9999
-9999 -9999 -9999 -9999 -9999 -9999 -9999 -9999 -9999 -9999 -9999 -9999 -9999 -9999 -9999 -9999 -9999 -9999 0.787497551099667 0.794602333534062 0.776203400781875 0.705684948804827 0.66735120853589 0.646609214790195 0.682228508321682 0.707629451434123 0.701847551612648 0.691941843589278 0.679294559707619 0.670044367520513 0.65849754068738 0.638576095194145 0.64637403793679 0.676420072763057 0.670994306513928 0.652566564854526 0.600926384064011 0.554521152430758 0.513169173118683 0.488682004604907 0.467721654705981 0.446733917801563 0.427853157424983 0.411416989579419 0.408390815668785 -9999 -9999 -9999 -9999 -9999 -9999 -9999 -9999 -9999 -9999 -9999 -9999
-9999 -9999 -9999 -9999 -9999 -9999 -9999 -9999 -9999 -9999 -9999 -9999 -9999 -9999 -9999 -9999 -9999 -9999 0.787316252678112 0.777204510931474 0.757392027591668 0.717755060475218 0.686957999540607 0.660992716819532 0.682198351304329 0.696566906258948 0.689190270555471 0.675268026701118 0.656994154350555 0.646074375020193 0.6369637740855 0.631588062068344 0.637994624537506 0.653857857749021 0.648482188909994 0.639214985827828 0.626573858165646 0.593894548381914 0.541872550202165 0.50150816311208 0.466422852825092 0.448087482659279 0.430691670437407 0.414385968286468 0.409996608797438 -9999 -9999 -9999 -9999 -9999 -9999 -9999 -9999 -9999 -9999 -9999 -9999
-9999 -9999 -9999 -9999 -9999 -9999 -9999 -9999 -9999 -9999 -9999 -9999 -9999 -9999 -9999 -9999 -9999 -9999 0.740735220290514 0.74223066895799 0.7338616328063 0.705333486406766 0.681979881838064 0.661454614806994 0.668818849271493 0.672199410132308 0.662872266353051 0.656175172844704 0.651226580230628 0.636652785065629 0.621944939585027 0.609551539202131 0.616449543253946 0.638831184196791 0.625050235877771 0.61101851026258 0.618279295859906 0.606776897733776 0.577162556424452 0.528400469140973 0.479208207283705 0.45114124496113 0.430191572748392 0.417499645229869 0.414904514963441 -9999 -9999 -9999 -9999 -9999 -9999 -9999 -9999 -9999 -9999 -9999 -9999
-9999 -9999 -9999 -9999 -9999 -9999 -9999 -9999 -9999 -9999 -9999 -9999 -9999 -9999 -9999 -9999 0.834251162665644 0.834251162665644 0.737127168768252 0.726768546789929 0.711864623997296 0.687671901849705 0.669357001090459 0.654254841365231 0.648684086908631 0.641929250528032 0.631281639013483 0.635515801492172 0.649643613314113 0.631076726629912 0.608613823056544 0.582918540701996 0.590982331594997 0.626141777120701 0.602758769535367 0.580451229124402 0.598896255908932 0.609122085069869 0.611413992005024 0.559548899190329 0.499227379037557 0.455926988766144 0.428810737396588 0.42047192590721 0.418551584618974 -9999 -9999 -9999 -9999 -9999 -9999 -9999 -9999 -9999 -9999 -9999 -9999
-9999 -9999 -9999 -9999 -9999 -9999 -9999 -9999 -9999 -9999 -9999 -9999 -9999 -9999 -9999 -9999 -9999 -9999 0.737267625709965 0.740247125005152 0.735469008189038 0.714837388497199 0.667067389725941 0.604463904479907 0.596306258568728 0.591589652828268 0.590537119731221 0.604036758078812 0.627210920547088 0.609525737289888 0.587629625678907 0.563815627879998 0.573545686054288 0.610198822032435 0.601589029633909 0.588759528460872 0.586016195966983 0.589174672256113 0.598030114845396 0.583073003143503 0.554815592042124 0.47748870852398 0.431121260855094 0.420674102112854 0.418412474156028 -9999 -9999 -9999 -9999 -9999 -9999 -9999 -9999 -9999 -9999 -9999 -9999
-9999 -9999 -9999 -9999 -9999 -9999 -9999 -9999 -9999 -9999 -9999 -9999 -9999 -9999 -9999 -9999 -9999 -9999 0.705275866616453 0.721810707799662 0.727388006361941 0.710572416315218 0.651761526878801 0.56999655077132 0.556990318673845 0.550887072187144 0.555901877768535 0.573838924815571 0.600366891590861 0.586038052509968 0.56744699895569 0.546771968657093 0.556972324134842 0.591953833511952 0.593174810269635 0.587865935541157 0.575735010837076 0.572792580392617 0.578719726051139 0.591371995412515 0.589147102439392 0.490805315877203 0.432548249704912 0.420798966974144 0.418225161932663 -9999 -9999 -9999 -9999 -9999 -9999 -9999 -9999 -9999 -9999 -9999 -9999
-9999 -9999 -9999 -9999 -9999 -9999 -9999 -9999 -9999 -9999 -9999 -9999 -9999 -9999 -9999 -9999 0.776671850289998 0.776671850289998 0.704896181553309 0.685375236840851 0.66813222076694 0.655544390990436 0.615433232596051 0.560278179295513 0.538770518064656 0.525749151665682 0.531133675002457 0.545710362614848 0.566398152982184 0.55942242823447 0.548558981832313 0.533054191517309 0.541793243876416 0.569990851369733 0.57306009687318 0.572110448681253 0.569651245188408 0.562168806530495 0.549837481284547 0.575081045876309 0.589147102439392 0.490805315877203 0.432548249704912 0.420798966974144 -9999 -9999 -9999 -9999 -9999 -9999 -9999 -9999 -9999 -9999 -9999 -9999 -9999
-9999 -9999 -9999 -9999 -9999 -9999 -9999 -9999 -9999 -9999 -9999 -9999 -9999 -9999 -9999 -9999 0.776671850289998 0.776671850289998 0.661554333108646 0.660812830814074 0.654221450260026 0.635675229394383 0.598101413319995 0.550127360173583 0.529915059494587 0.515961567515037 0.515308459428525 0.522030987435987 0.533656960236413 0.531185618403759 0.525386863039607 0.512882120611124 0.519814669587203 0.542347947026154 0.542920998667231 0.540449429225896 0.538641627636514 0.535251425561866 0.530333745629269 0.528631812719562 -9999 -9999 -9999 -9999 -9999 -9999 -9999 -9999 -9999 -9999 -9999 -9999 -9999 -9999 -9999 -9999 -9999
-9999 -9999 -9999 -9999 -9999 -9999 -9999 -9999 -9999 -9999 -9999 -9999 -9999 -9999 -9999 -9999 -9999 -9999 0.644247241227997 0.658743620059205 0.6590055511565 0.630177894054763 0.588506698836798 0.539815392049982 0.525070922415718 0.512742394171933 0.503384858341702 0.500441686161777 0.501762888964637 0.502506694594363 0.500583884660724 0.490227669081511 0.4951551877702 0.512349713381277 0.508637265443675 0.502251749231709 0.497454627662198 0.501845598046091 0.515105756190162 0.51740165166466 -9999 -9999 -9999 -9999 -9999 -9999 -9999 -9999 -9999 -9999 -9999 -9999 -9999 -9999 -9999 -9999 -9999
-9999 -9999 -9999 -9999 -9999 -9999 -9999 -9999 -9999 -9999 -9999 -9999 -9999 -9999 0.742680593090895 0.742680593090895 -9999 -9999 0.644061651828177 0.640934025098043 0.626572714833995 0.589254193017493 0.558278704332497 0.530770235394329 0.520552014558862 0.50967975677379 0.495537578623515 0.488807011498583 0.487003805895647 0.487195761662999 0.48649988949095 0.482371980897396 0.482587584945123 0.486289372323714 0.481954608898348 0.478219475826089 0.481995650926122 0.494000319273099 0.51394788283277 -9999 -9999 -9999 -9999 -9999 -9999 -9999 -9999 -9999 -9999 -9999 -9999 -9999 -9999 -9999 -9999 -9999 -9999
-9999 -9999 -9999 -9999 -9999 -9999 -9999 -9999 -9999 -9999 -9999 -9999 -9999 -9999 0.742680593090895 0.738061203141038 0.725725591962984 0.709108949636399 0.690355535577986 0.649442297531498 0.608744282008462 0.568486096304985 0.544858170823671 0.53032013016398 0.520268294490662 0.508089532969716 0.490094754641578 0.480011976451815 0.475189226737716 0.475489963454102 0.475823371663924 0.474800073139436 0.471899689005922 0.46749272135321 0.465528627678169 0.465832633339492 0.474245452160656 0.479280451454763 0.481054870014872 -9999 -9999 -9999 -9999 -9999 -9999 -9999 -9999 -9999 -9999 -9999 -9999 -9999 -9999 -9999 -9999 -9999 -9999
-9999 -9999 -9999 -9999 -9999 -9999 -9999 -9999 -9999 -9999 -9999 -9999 -9999 -9999 -9999 0.738061203141038 0.725725591962984 0.709108949636399 0.690407751562356 0.654453066104625 0.619715231505043 0.587464159372468 0.56458137339233 0.546819171273422 0.528336219346319 0.509402858224709 0.48939343482578 0.476816613242888 0.469181108206619 0.470893367152464 0.471866282176993 0.46778777063958 0.464918510514719 0.46301981786955 0.469328458084189 0.476410180833787 0.481696698908383 0.483406535929407 0.481663832860142 -9999 -9999 -9999 -9999 -9999 -9999 -9999 -9999 -9999 -9999 -9999 -9999 -9999 -9999 -9999 -9999 -9999 -9999
