layers/veg/veg6000.asc
NCOLS 255 
NROWS 330 
XLLCORNER -2985163.8955 
YLLCORNER -3022031.214 
CELLSIZE 25000 
NODATA_value -9999 
[rows 104 to 129 of 330, columns 180 to 239 of 255]
0.440484539296386 0.447136583665806 0.450598093273499 0.45560288077057 0.462296336391943 0.474133473912068 0.472890607987493 0.498279010427179 0.517072416235777 0.519620590869217 0.528066222481049 0.537724479259544 0.551264172292827 0.564768887445836 0.576032921001041 0.59797930110008 0.613988741699154 0.620418634977444 0.635054771986135 0.641651549672949 0.654183898410211 0.663106138822175 0.669327419594369 0.681237905589088 0.698729646900518 0.714343045352824 0.726963708444937 0.736419664547948 0.746417123278373 0.754620111520133 0.760600776099057 0.774411649044547 0.779889836549553 0.789936066264626 0.796455349487386 0.800359265806178 0.807024141452505 0.814082419778587 0.822210510130367 0.833907707567718 0.842862538011888 0.853907858002696 0.864617292943723 0.872010700350889 0.884491975382749 0.903127985611514 0.918879889378391 0.926913579621191 0.9359469145351 -9999 -9999 -9999 -9999 -9999 -9999 -9999 -9999 -9999 -9999 -9999
0.434257813719536 0.437440361892207 0.444595559111829 0.451082353541382 0.460835425441781 0.468421283595445 0.482403126697552 0.503354448144707 0.51533653575703 0.514228098698193 0.524099525877477 0.532073097697448 0.546079471722264 0.560938281842851 0.573281344769719 0.594442301744726 0.61688009527255 0.624894146837558 0.634773257055979 0.638341749057809 0.650970833540836 0.660697048575774 0.675891866034058 0.690880974566751 0.704179262675316 0.717888846697395 0.730813333397712 0.741801886407335 0.752755800341834 0.762020530610278 0.767678945346808 0.778602675776108 0.788978110248515 0.793267613664285 0.799059607703534 0.804764843095234 0.811812720892849 0.817558342479493 0.825510368937152 0.837975695178976 0.845924649564181 0.854219184825829 0.869077611463521 0.871946335098961 0.886464414880138 0.901363061667884 0.919187000269086 0.931422072793748 0.937450743182394 -9999 -9999 -9999 -9999 -9999 -9999 -9999 -9999 -9999 -9999 -9999
0.42805560271709 0.429999603105861 0.44074551024679 0.448950072867072 0.455009636241093 0.47161455590066 0.489111380951156 0.501138429815056 0.50455159367481 0.510724489138946 0.519566077075904 0.52831844239067 0.541837225366338 0.561510382418863 0.580387391134526 0.598278366364838 0.615877422803265 0.62518078975321 0.630826525967415 0.637426167346611 0.650433281295278 0.666370167534687 0.682138343254599 0.692896341324455 0.708825865879062 0.722233425113988 0.734434902880815 0.746422264712119 0.758622539934173 0.769579021334796 0.777954048407263 0.787114967054109 0.794867157440197 0.797346734370482 0.806225736947083 0.81258406919742 0.820396314624743 0.824533756196888 0.828585368067834 0.833750766666429 0.836174784168309 0.845244678337053 0.866069272920487 0.87444779548521 0.892638423882633 0.912932749867705 0.927055402389871 0.933405209119923 -9999 -9999 -9999 -9999 -9999 -9999 -9999 -9999 -9999 -9999 -9999 -9999
0.426925813255076 0.428800275894582 0.43277647572154 0.439409012574602 0.45188467656282 0.471825326870526 0.487353551506454 0.491527124614076 0.494273487551471 0.509088394303279 0.513998548982852 0.528232904324088 0.550880298359422 0.567100184518269 0.58373787141752 0.599385339715333 0.613234794909435 0.623678595849966 0.630160454423294 0.639029519605802 0.65591213107072 0.672997441948518 0.687767459471268 0.699601564943382 0.713651151599391 0.727111786751561 0.737480859095156 0.748768954915781 0.761931663588649 0.774113514760581 0.784044866033419 0.79335916429503 0.799667710780672 0.801914101872672 0.806097835612998 0.818701831020895 0.825363519252801 0.824514493143865 0.818846801930681 0.828176226879712 0.840337764898824 0.850380891910505 0.8672148704328 0.881303456306861 0.888591337973592 0.90507644867618 0.929329614124851 0.937596779023107 -9999 -9999 -9999 -9999 -9999 -9999 -9999 -9999 -9999 -9999 -9999 -9999
0.431924657324804 0.436055887785612 0.439499649732848 0.448249706942499 0.461285823443771 0.473199641389775 0.479457961204833 0.482026640891788 0.491344376953938 0.508002985116984 0.523902572578673 0.529078929464439 0.549073599433451 0.568861993788735 0.582753755878046 0.597389589582517 0.611307346315032 0.623661552798277 0.634088493370517 0.645473196629839 0.662758653715949 0.678470958869286 0.689724018946572 0.703955657194119 0.719159904047498 0.7322418491086 0.739230289592386 0.749978103120551 0.763588030749941 0.775726090279699 0.786957194512081 0.79761678301708 0.804105862023649 0.80647244190903 0.806111116371845 0.820192225306723 0.824857034183797 0.822469162946166 0.838506707954977 0.837256328416453 0.841815865361508 0.855713505833729 0.872366207353255 0.886085818398851 0.897411022237419 0.917764704901764 0.938204227929198 0.944618016617473 -9999 -9999 -9999 -9999 -9999 -9999 -9999 -9999 -9999 -9999 -9999 -9999
0.42378563723953 0.432335284332434 0.437746741736732 0.449062596879035 0.463005510930809 0.472951256282683 0.476204791997565 0.480935629643909 0.494580424914207 0.514516177786319 0.526846888776 0.536112229209205 0.552942472526247 0.568428526674364 0.582614977272073 0.599280689405589 0.614119351581498 0.624898015947237 0.637335446238308 0.65260324543668 0.668925108455952 0.683496463201113 0.696222003303679 0.709918470946601 0.723082780005688 0.735347811943792 0.74105017628942 0.753128256425723 0.764926458469207 0.775004417196369 0.783170669027773 0.791815010997724 0.803325594715963 0.81320469510101 0.817644482725331 0.824909498808285 0.829407184053939 0.838833033306507 0.848989661981837 0.836295871026947 0.841253384373117 0.856100410730293 0.875631453277752 0.896415096480404 0.914571893272174 0.929754404523847 0.943235210282317 0.948764892656652 -9999 -9999 -9999 -9999 -9999 -9999 -9999 -9999 -9999 -9999 -9999 -9999
0.39971007400647 0.418736853986114 0.43358718862036 0.445785399991945 0.45994477349376 0.47307137959806 0.48140178479202 0.491415485592613 0.504247372015169 0.515525439152696 0.529667961780831 0.540081277841694 0.556654657494536 0.570852552579476 0.586275780976218 0.602520764526 0.61672336701847 0.628780388711755 0.643650845563186 0.659076664378249 0.668028317960462 0.681471874776786 0.699803630664192 0.71292512487728 0.724961731690782 0.736357852715282 0.743216865159919 0.754111294515321 0.765004647830032 0.776736605431503 0.785579766913222 0.792775614176923 0.806508654158462 0.821786316630926 0.830126521737564 0.83608088821739 0.846537398827229 0.853195802536053 0.859896117293849 0.837746593645791 0.848660651539814 0.86394835631564 0.880567844178775 0.897164918007588 0.918244964607716 0.936727210289064 0.945117162700438 0.945299380954081 -9999 -9999 -9999 -9999 -9999 -9999 -9999 -9999 -9999 -9999 -9999 -9999
0.391785464034063 0.412052420450823 0.431980508088704 0.444485636827614 0.460419208130968 0.472366523032021 0.481728588932015 0.493317978488585 0.502946171650448 0.514163261200853 0.528693129183548 0.540710699050076 0.558473160872763 0.574814778147254 0.590368997888826 0.602535364261561 0.607180115122833 0.632486927294938 0.642858206813396 0.64816564106123 0.659727539811987 0.678275090082365 0.695413051254184 0.710334977657993 0.72681859966227 0.737722075654589 0.744845670956061 0.75447576909156 0.764863131870661 0.77704727278391 0.784543960060105 0.794307831463834 0.813450778571887 0.829737488866202 0.840495422127827 0.847403928960351 0.853031340719023 0.859540399689308 0.866755325577349 0.856374486632546 0.863950064528673 0.891083853318659 0.907540192700552 0.915820530713764 0.930182533155825 0.94232417033512 -9999 -9999 -9999 -9999 -9999 -9999 -9999 -9999 -9999 -9999 -9999 -9999 -9999 -9999
0.391976970781795 0.40994590150674 0.432480250669863 0.443833672632601 0.457516136635637 0.468168605382503 0.480144053664747 0.484734949721344 0.496779759383017 0.513316954559323 0.527666611659935 0.541003597108989 0.5585527587094 0.576720047168987 0.593546372751483 0.610152561867271 0.623755673727516 0.637805850405756 0.630753958455552 0.633410223680501 0.657807481739373 0.679738553189362 0.687813757186668 0.705405106685403 0.727542788868258 0.738323782124362 0.747162473200731 0.758978718311063 0.77224358461213 0.78167762552403 0.784226264537478 0.791729713276151 0.815502359983232 0.836187874091941 0.849166516477161 0.850962357473303 0.85901745844519 0.870436883309008 0.876596201570714 0.880032749357581 0.882150911840461 0.895608558423501 0.91717413205888 0.926005018904416 0.938126195514559 0.940637317913406 -9999 -9999 -9999 -9999 -9999 -9999 -9999 -9999 -9999 -9999 -9999 -9999 -9999 -9999
0.391520140004974 0.408217743190874 0.430862154726116 0.440883798689902 0.449608855983995 0.454487793796138 0.471836258629368 0.480689027873886 0.496909719103519 0.51492826726294 0.527943475989721 0.541872338206272 0.559409457730806 0.578174294429997 0.59646660562248 0.612253128976227 0.623928958590377 0.617189444643748 0.607894437422526 0.627659251569269 0.664595799039852 0.685270655843736 0.683285120941169 0.704135019107788 0.728941501925914 0.742469571367193 0.750981142919659 0.761235422351047 0.776204715535807 0.78459186142535 0.788277673126428 0.800213377714609 0.818094564129558 0.834871952741582 0.849016044733869 0.857494841342111 0.869718046179689 0.883152182990146 0.886314755724386 0.887466080283133 0.897987635343965 0.912026776284337 0.923255566130353 0.9348133700098 0.940914947702508 -9999 -9999 -9999 -9999 -9999 -9999 -9999 -9999 -9999 -9999 -9999 -9999 -9999 -9999 -9999
0.39290934035032 0.407073653180664 0.422127522451074 0.436682933221236 0.446494113402645 0.460355724270503 0.475046772893285 0.481242918273603 0.500376813666436 0.519177392215151 0.530585243399651 0.545144646716089 0.563647043517447 0.580635053664613 0.597490559024862 0.614364790657008 0.625726607322019 0.623085691660266 0.61553130350052 0.637824229626969 0.674066741993928 0.687070978663503 0.682842329109731 0.705635926507701 0.733884148419462 0.749818134229302 0.757687241915114 0.766191195133328 0.776928017067776 0.782341148197873 0.786490255111804 0.807628604607702 0.823823532598849 0.84070781121614 0.851519511691312 0.864104101093373 0.875314343701518 0.890341413452417 0.895084923262632 0.898383817570559 0.907663779418559 0.919481206890486 0.929803999804851 0.938899299557226 -9999 -9999 -9999 -9999 -9999 -9999 -9999 -9999 -9999 -9999 -9999 -9999 -9999 -9999 -9999 -9999
0.395535100909475 0.407935821674427 0.421588958371608 0.431152473181719 0.446924589339026 0.464778244868074 0.478797674563325 0.48562883988151 0.505561329350773 0.523875913910597 0.536021544833437 0.550909181757413 0.568688492369926 0.58325631183356 0.598853441904939 0.615734428829426 0.629743205672974 0.637118856695264 0.636343853957795 0.653054336160896 0.678686016713397 0.683247441004315 0.703465960368148 0.725696108521834 0.744077422048857 0.756649658867604 0.765697411851658 0.774724226586385 0.781723864192766 0.787364683829809 0.793313398634479 0.807847755605637 0.831487786129502 0.846133781179749 0.853830390662182 0.867126862147966 0.876515135755999 0.89499707689127 0.902501500441074 0.906563317043021 0.915362790147526 0.924542313742473 0.929082781033333 -9999 -9999 -9999 -9999 -9999 -9999 -9999 -9999 -9999 -9999 -9999 -9999 -9999 -9999 -9999 -9999 -9999
0.387114668526519 0.397763123163478 0.413064146807849 0.433630443432935 0.450183649932936 0.466761537610569 0.481083848883526 0.493000936556449 0.509463635014347 0.526622576190363 0.539365520286646 0.554367345503235 0.560361760697206 0.576462363528066 0.596043460062435 0.610662027601078 0.623166123912376 0.635507013075952 0.644724002644287 0.66099994652845 0.680086104361988 0.685540269968499 0.693029620079902 0.737430133480597 0.751302153804246 0.761704811911138 0.773460765857741 0.784896353604013 0.793405242909191 0.804941341477645 0.813341705207023 0.821413470643262 0.836487021697002 0.849653376203154 0.858638321253511 0.87119884534622 0.882551278724792 0.89632694244576 0.901478480740043 0.91404159928612 0.920603023768174 -9999 -9999 -9999 -9999 -9999 -9999 -9999 -9999 -9999 -9999 -9999 -9999 -9999 -9999 -9999 -9999 -9999 -9999 -9999
0.386280084083607 0.400065690455518 0.413372407213675 0.432035282308414 0.451494062430031 0.467735201045701 0.482755601867203 0.497524501232375 0.509841517381544 0.52869287416265 0.541755405332058 0.556886318050019 0.545224723689669 0.5625087961225 0.578314050185108 0.601394829626031 0.614557058762202 0.626558538874886 0.641233151691417 0.658818542960416 0.677139553040304 0.690265859681856 0.712485298548355 0.741446438878638 0.75614092177543 0.766081402002187 0.779635870575233 0.792777695280248 0.802421528694163 0.809785858450296 0.823542071450965 0.83373593138446 0.837693359258704 0.848416291934328 0.865400798671239 0.87887830507366 0.893288270294529 0.904483697087219 0.907299174102606 0.918521017168068 0.91913708858926 -9999 -9999 -9999 -9999 -9999 -9999 -9999 -9999 -9999 -9999 -9999 -9999 -9999 -9999 -9999 -9999 -9999 -9999 -9999
0.383994423131004 0.39732190092805 0.407895622074253 0.428565503912448 0.451974400293308 0.467647311120246 0.482488841460855 0.496445333314785 0.509474133299912 0.530765241209501 0.542654469470783 0.55370359951397 0.545351160077819 0.560411664379447 0.576289623863744 0.602245893505411 0.618456892069778 0.632983415938825 0.640452259154028 0.649382490321244 0.673731973044195 0.700315924943522 0.722841518786862 0.744048495739599 0.760301567209122 0.771078053418747 0.781709113882209 0.796269671615215 0.811161827511628 0.819119450601452 0.832464265413499 0.841412085973493 0.841972187773843 0.850414400912869 0.871453792650703 0.889439770066487 0.899315774181547 0.906155161816195 0.910621585776469 0.918769753869288 -9999 -9999 -9999 -9999 -9999 -9999 -9999 -9999 -9999 -9999 -9999 -9999 -9999 -9999 -9999 -9999 -9999 -9999 -9999 -9999
0.384243407198244 0.40149459421607 0.407551816726348 0.424348610083672 0.445977749653868 0.462022891865808 0.478162750092744 0.495467065418373 0.506479166729968 0.515213558348615 0.544597504756087 0.554441005166904 0.540464420554669 0.560389081330361 0.583892583953484 0.607635387877914 0.624189295754133 0.6351614404396 0.637238416537274 0.656055473274583 0.683479342822047 0.707729857797468 0.728289180555812 0.74862381262501 0.764839521512026 0.775905716453761 0.786626153825929 0.796961777989018 0.807134281774308 0.821669959672664 0.832337065606508 0.845509938117939 0.856530019238501 0.86734383633939 0.880244324789182 0.894295803404858 0.900130982624764 -9999 -9999 -9999 -9999 -9999 -9999 -9999 -9999 -9999 -9999 -9999 -9999 -9999 -9999 -9999 -9999 -9999 -9999 -9999 -9999 -9999 -9999 -9999
0.383780041529291 0.402365498981931 0.411518709265515 0.418473511435858 0.430069221251883 0.443828269911513 0.459803740268191 0.487411301305002 0.506770844322601 0.517323466772348 0.546091078401872 0.554961359234222 0.5523192165824 0.561170718978289 0.56942846473467 0.606963594902349 0.6220269009486 0.624080162717293 0.6417868348664 0.668470057929196 0.69395438436596 0.715707887755783 0.736666480750895 0.755845748189992 0.770200457394504 0.782348635695947 0.795058677119171 0.804102049571553 0.813703912559949 0.8242870719276 0.833073226718948 0.850150442550228 0.86272559515373 0.875239660934971 0.8888107927568 0.898571685120421 -9999 -9999 -9999 -9999 -9999 -9999 -9999 -9999 -9999 -9999 -9999 -9999 -9999 -9999 -9999 -9999 -9999 -9999 -9999 -9999 -9999 -9999 -9999 -9999
0.382029054100507 0.394611267138405 0.41052668196299 0.420017278106241 0.430755905910015 0.443290392335263 0.457655597169493 0.48844589139702 0.51370438069871 0.529157720233112 0.546590198361799 0.559730604688661 0.577590833724255 0.571395264206687 0.571741378293443 0.59241674533973 0.627604725746964 0.629953904935512 0.655294625420094 0.676452343982526 0.701653894884826 0.72528045246313 0.748135301037651 0.766350340171235 0.775541739883845 0.787789617894204 0.802656446285741 0.812622925395806 0.821488152144947 0.828518121773586 0.841381415800234 0.85427808923333 0.870474628687654 0.880244799835171 0.894732034654018 0.895809791957465 -9999 -9999 -9999 -9999 -9999 -9999 -9999 -9999 -9999 -9999 -9999 -9999 -9999 -9999 -9999 -9999 -9999 -9999 -9999 -9999 -9999 -9999 -9999 -9999
0.379806915555776 0.392936070496756 0.400639666219378 0.414461475766023 0.427542814759084 0.443814861729949 0.470581248498781 0.498310978635882 0.520836530644623 0.537177269646764 0.545421482629339 0.56070249477643 0.580512215676183 0.577945259285357 0.574756956757629 0.595842502828348 0.633954410477297 0.632523013554408 0.671705035751647 0.681739584274715 0.708373499627794 0.734078600753503 0.755220017790004 0.771469839982408 0.779335847220313 0.791910717794146 0.806673308068833 0.818427472086016 0.827105961541015 0.833653002750946 0.845794563498101 0.863046832705782 0.876410376333401 0.885465583127911 -9999 -9999 -9999 -9999 -9999 -9999 -9999 -9999 -9999 -9999 -9999 -9999 -9999 -9999 -9999 -9999 -9999 -9999 -9999 -9999 -9999 -9999 -9999 -9999 -9999 -9999
0.377088285737049 0.389881193355751 0.401669659294013 0.416359242617015 0.42883948387113 0.447432302145178 0.477104121773578 0.503802576347071 0.524975412510135 0.5397979885269 0.54242930717554 0.556748541549487 0.585901517637256 0.585173727222074 0.577543438021057 0.601544380769196 0.624692792246439 0.63157462886132 0.685779181134061 0.691779923092943 0.717761706643102 0.737856856413639 0.763238897984811 0.777362635485005 0.787015119442705 0.799174057730306 0.811418255073616 0.823440705912769 0.835009441990942 0.844346893137117 0.854841250761332 0.867479622855911 0.878919117180798 0.884464044958614 -9999 -9999 -9999 -9999 -9999 -9999 -9999 -9999 -9999 -9999 -9999 -9999 -9999 -9999 -9999 -9999 -9999 -9999 -9999 -9999 -9999 -9999 -9999 -9999 -9999 -9999
0.376079617892139 0.389255707618373 0.405807657241717 0.419716076243025 0.431021191058074 0.45234853225714 0.481138008100103 0.507067904478059 0.528332774476529 0.542007848039962 0.54850330562378 0.546400270787616 0.578212042569724 0.593756712392188 0.588509084278646 0.599117494428773 0.613742128003702 0.637980547261651 0.693498530561696 0.707229481158358 0.731383252552437 0.740791713633982 0.769223405348022 0.783208017271393 0.792777782427027 0.799958442966592 0.815047382492324 0.830132527086024 0.844487976737336 0.850563956609116 0.859299829081571 0.872910219809517 0.881599362210793 0.883799140101007 -9999 -9999 -9999 -9999 -9999 -9999 -9999 -9999 -9999 -9999 -9999 -9999 -9999 -9999 -9999 -9999 -9999 -9999 -9999 -9999 -9999 -9999 -9999 -9999 -9999 -9999
0.375149636513929 0.389249717343953 0.40467644387071 0.421711139883999 0.438631478049284 0.459739629646642 0.48551549113942 0.510444082491467 0.531506350238911 0.544200517806253 0.55511812917485 0.545246533699015 0.581759504130048 0.603976330327695 0.59615650573361 0.601826830138442 0.618378290003591 0.646824161969272 0.691019976875808 0.721107381973408 0.734994379728091 0.749197464783164 0.759879623715838 0.768475329364946 0.78754525425117 0.797491555980643 0.818183220188424 0.837752085755894 0.847938911902245 0.858084310725245 0.868847591364861 0.87814968291213 -9999 -9999 -9999 -9999 -9999 -9999 -9999 -9999 -9999 -9999 -9999 -9999 -9999 -9999 -9999 -9999 -9999 -9999 -9999 -9999 -9999 -9999 -9999 -9999 -9999 -9999 -9999 -9999
0.375784900967167 0.388066875000454 0.402654743192653 0.423417415239919 0.443321370923875 0.461426321944365 0.482863657741565 0.511935179354339 0.534197409382434 0.545890071530892 0.547829832395077 0.555293249826365 0.584531432600332 0.604373385807062 0.593795582048142 0.617207209668002 0.631122003802586 0.645278988823614 0.685297612450163 0.7257748107165 0.734773837311364 0.736504678516058 0.74538187693038 0.75368371438721 0.775556041987424 0.807274031392866 0.82606270020112 0.842970449177952 0.862096629818296 0.867661958529188 0.871873443126198 0.873313750032082 -9999 -9999 -9999 -9999 -9999 -9999 -9999 -9999 -9999 -9999 -9999 -9999 -9999 -9999 -9999 -9999 -9999 -9999 -9999 -9999 -9999 -9999 -9999 -9999 -9999 -9999 -9999 -9999
0.3739552205223 0.386864180592961 0.402717035703471 0.422910129547584 0.439374215395657 0.453678647314961 0.47875629795604 0.515623669473258 0.535038644113659 0.547053872932986 0.549608557500727 0.562898959897193 0.579793777428633 0.608381788723145 0.603925194682621 0.633878216102371 0.633111443231766 0.650614579577412 0.690942589010882 0.724112718046757 0.728951228050288 0.730992181235314 0.744184250687477 0.752456085541128 0.771753019324543 0.8164996054788 0.831116142737185 0.849111338494682 0.863874308921197 0.870522419602728 0.87087440606644 -9999 -9999 -9999 -9999 -9999 -9999 -9999 -9999 -9999 -9999 -9999 -9999 -9999 -9999 -9999 -9999 -9999 -9999 -9999 -9999 -9999 -9999 -9999 -9999 -9999 -9999 -9999 -9999 -9999
0.37198248369021 0.387882001267149 0.405256948423352 0.422210229646931 0.438209283132238 0.462266661035136 0.495209948914997 0.518057752220291 0.536843348861031 0.549980956224207 0.560443326066112 0.568800138352035 0.577718250475535 0.625650006818603 0.649560515473631 0.626870772112624 0.630055545713195 0.673509225337031 0.712090129760521 0.731233768765251 0.72737291674932 0.738090994580143 0.75709464433664 0.76737038304241 0.787777899332072 0.818984711572601 0.835516212994932 0.849515897257744 -9999 -9999 -9999 -9999 -9999 -9999 -9999 -9999 -9999 -9999 -9999 -9999 -9999 -9999 -9999 -9999 -9999 -9999 -9999 -9999 -9999 -9999 -9999 -9999 -9999 -9999 -9999 -9999 -9999 -9999 -9999 -9999
0.371922753614747 0.390111107890499 0.408912799116629 0.4286163634689 0.451304710336707 0.474409758974559 0.497952860278942 0.519780673055355 0.538178450201015 0.553490132642164 0.570232728686487 0.579233443624529 0.587442775987332 0.628163625680024 0.646135084098551 0.669307380656243 0.669006335963233 0.692683783587137 0.72849650616033 0.743736538615685 0.742045643564745 0.755038426134918 0.771957028397409 0.794061518133609 0.809455885100607 0.822548005293867 0.839212790443177 0.852392328627638 -9999 -9999 -9999 -9999 -9999 -9999 -9999 -9999 -9999 -9999 -9999 -9999 -9999 -9999 -9999 -9999 -9999 -9999 -9999 -9999 -9999 -9999 -9999 -9999 -9999 -9999 -9999 -9999 -9999 -9999 -9999 -9999
