layers/veg/veg700.asc
NCOLS 255 
NROWS 330 
XLLCORNER -2985163.8955 
YLLCORNER -3022031.214 
CELLSIZE 25000 
NODATA_value -9999 
[rows 78 to 103 of 330, columns 0 to 57 of 255]
-9999 -9999 -9999 -9999 -9999 -9999 -9999 -9999 -9999 -9999 -9999 -9999 -9999 -9999 -9999 -9999 -9999 -9999 -9999 -9999 -9999 -9999 -9999 -9999 -9999 1 1 1 1 0.979530555613977 0.972702654933496 0.942831482729269 0.838606464645227 0.712560286928355 0.553330327151898 0.418767316318874 0.45036893106761 0.560216503535397 0.600016749140524 0.645889247274317 0.642997136290594 0.627379862426439 0.610878287791513 0.593447283803195 0.579574691490623 0.569290119776081 0.563345073089971 0.562919641154594 0.566667394843102 0.571742774667076 0.577892418713829 0.587128755043023 0.598897325314457 0.612217321994074 0.628132094683408 0.650117141640931 0.670969722724837 0.686076283885227
-9999 -9999 -9999 -9999 -9999 -9999 -9999 -9999 -9999 -9999 -9999 -9999 -9999 -9999 -9999 -9999 -9999 -9999 -9999 -9999 -9999 -9999 -9999 -9999 -9999 1 1 1 1 1 0.980837141900757 0.926690380490535 0.729429525011029 0.531844953590729 0.47758585396222 0.482670439681933 0.626516053699179 0.655969228192858 0.644854659493719 0.66991508147177 0.665684257983548 0.647471900942705 0.63124544089786 0.613849969032789 0.599422673166783 0.589207272599166 0.582392584088737 0.580611695209137 0.581910660486479 0.585293971103715 0.592199630911309 0.602490189942225 0.613705777709616 0.626226571809067 0.642085578310537 0.659256227624106 0.677216374301498 0.693029499898399
-9999 -9999 -9999 -9999 -9999 -9999 -9999 -9999 -9999 -9999 -9999 -9999 -9999 -9999 -9999 -9999 -9999 -9999 -9999 -9999 -9999 -9999 -9999 -9999 -9999 -9999 1 1 1 1 0.992702614102269 0.878023654104902 0.641072889492747 0.480172559828669 0.519040131539229 0.516701905116803 0.637508656886479 0.674052963669702 0.699174700838964 0.699384162474033 0.684488209186912 0.665772589696101 0.650470179942029 0.633319841734125 0.61943599866067 0.609706348083556 0.603984260121973 0.602038283630271 0.602219675999518 0.603294616658786 0.606684667875822 0.615104048741309 0.626109100286658 0.636263626749786 0.649446824376723 0.665179421501773 0.683700677094732 0.698252509006336
-9999 -9999 -9999 -9999 -9999 -9999 -9999 -9999 -9999 -9999 -9999 -9999 -9999 -9999 -9999 -9999 -9999 -9999 -9999 -9999 -9999 -9999 -9999 -9999 -9999 -9999 -9999 -9999 1 1 0.997775035460611 0.836999812042224 0.608545167970097 0.577734969050425 0.543081461738298 0.526873015105602 0.669146433947939 0.665444821727577 0.666136527272236 0.691913454807677 0.697817443604629 0.681322917957218 0.666358080543227 0.649043239659371 0.635306884593272 0.624947410881877 0.617905795397596 0.613682164991382 0.613098985347159 0.615490392808649 0.619403083120002 0.627447684117121 0.637516916962711 0.646737956450599 0.659910253289709 0.675095631953254 0.691405171975577 0.706666607586842
-9999 -9999 -9999 -9999 -9999 -9999 -9999 -9999 -9999 -9999 -9999 -9999 -9999 -9999 -9999 -9999 -9999 -9999 -9999 -9999 -9999 -9999 -9999 -9999 -9999 -9999 -9999 -9999 -9999 1 0.984237779698707 0.838569608867439 0.61602443776238 0.649153846624379 0.551586669156031 0.591973072266269 0.673380696093296 0.625111133421497 0.628535230401935 0.696499734063068 0.706354775025221 0.693895541761202 0.680836412928387 0.664757414008009 0.651698893677784 0.642057669592072 0.634887982727925 0.630631994863747 0.629557122146 0.630575941344242 0.633749395816764 0.640539852154538 0.6489944758781 0.659374457701 0.672272889928553 0.685041823209665 0.700520728255069 0.715712077290196
-9999 -9999 -9999 -9999 -9999 -9999 -9999 -9999 -9999 -9999 -9999 -9999 -9999 -9999 -9999 -9999 -9999 -9999 -9999 -9999 -9999 -9999 -9999 -9999 -9999 -9999 -9999 -9999 1 1 0.997419276976839 0.938434860943309 0.816653979338511 0.616984108549191 0.591911361481417 0.649840795215827 0.678437977829032 0.669760874010229 0.687974255908632 0.707278701745175 0.704879330638587 0.709181061670254 0.698224073982652 0.68300369016448 0.6699431920514 0.659914839204242 0.652259813677988 0.647333109229532 0.645406496598207 0.645954193254856 0.64826335373287 0.653542457993905 0.660971513750306 0.670851344800028 0.682274889567936 0.694092614337024 0.707833237084244 0.721558645495419
-9999 -9999 -9999 -9999 -9999 -9999 -9999 -9999 -9999 -9999 -9999 -9999 -9999 -9999 -9999 -9999 -9999 -9999 -9999 -9999 -9999 -9999 -9999 -9999 -9999 -9999 -9999 1 1 1 0.95940344795797 0.858717883482226 0.678832327917693 0.623555007125185 0.617227378283801 0.670112746064518 0.669065140632095 0.658305908877241 0.69755718292065 0.702892850125777 0.739278481306742 0.722718809817428 0.713999963748082 0.700208258445707 0.687472804164118 0.677272997200404 0.669218854694651 0.66350712718194 0.660776085997527 0.660655413787391 0.662253428631464 0.667044876453932 0.673987307957932 0.682326031358095 0.69252679877421 0.703980480632515 0.716175090714967 0.728035363188858
-9999 -9999 -9999 -9999 -9999 -9999 -9999 -9999 -9999 -9999 -9999 -9999 -9999 -9999 -9999 -9999 -9999 -9999 -9999 -9999 -9999 -9999 -9999 -9999 -9999 -9999 1 1 1 0.992408810909994 0.944588843180672 0.890346505530126 0.743988358196657 0.673408366814559 0.676433750681583 0.700216070235161 0.690165241899526 0.671018279008516 0.702589546045131 0.730091944053839 0.75381970293532 0.735767233290316 0.728198211091224 0.716978916493944 0.704561392094052 0.694266117319501 0.685717234683792 0.679204641718705 0.675580454954366 0.675458425113237 0.675807190907654 0.679705279362622 0.686077838472623 0.693572593391269 0.702281132119837 0.712842555564738 0.724973110460588 0.736722017754744
-9999 -9999 -9999 -9999 -9999 -9999 -9999 -9999 -9999 -9999 -9999 -9999 -9999 -9999 -9999 -9999 -9999 -9999 -9999 -9999 -9999 -9999 -9999 -9999 -9999 -9999 1 1 1 0.984507077737984 0.911156294038533 0.862084522372896 0.798679632704187 0.689617511044128 0.632507095152199 0.681798614687361 0.741667170849473 0.757013391762871 0.744342368764832 0.769713466241262 0.765696432923099 0.754532742092045 0.744664104315402 0.732412342760296 0.720000503464113 0.709346706337429 0.700686929246955 0.694112170380456 0.689929888404417 0.688941367784406 0.689069531834555 0.691526702162939 0.695769376143717 0.701881629672196 0.71007927485363 0.719929588798657 0.7313530617102 0.743568964689846
-9999 -9999 -9999 -9999 -9999 -9999 -9999 -9999 -9999 -9999 -9999 -9999 -9999 -9999 -9999 -9999 -9999 -9999 -9999 -9999 -9999 -9999 -9999 -9999 -9999 1 1 1 1 1 0.924799562044768 0.866093809374454 0.783763972771358 0.682775926470072 0.657228707791408 0.713383866856253 0.752737921777823 0.797560474862681 0.778998687353125 0.790913516752549 0.76058134646109 0.755542943355196 0.756567564909905 0.74633893673093 0.733691354661635 0.721947960056072 0.714180990414298 0.707998757951621 0.703650204802166 0.701108731084719 0.700613808900485 0.702020289374338 0.705149640806843 0.710301265479157 0.71737049230312 0.725693408786248 0.737005791216519 0.748255243759762
-9999 -9999 -9999 -9999 -9999 -9999 -9999 -9999 -9999 -9999 -9999 -9999 -9999 -9999 -9999 -9999 -9999 -9999 -9999 -9999 -9999 -9999 -9999 -9999 -9999 1 1 1 1 1 0.947260060673827 0.87498180259708 0.777964750683066 0.705806548746136 0.72920291589739 0.747660746062817 0.721951108049978 0.751741519615538 0.776373637572251 0.797059214414603 0.757044580906772 0.751089257615194 0.766930263645659 0.758222846001447 0.746598785302749 0.735788874088787 0.726755505401312 0.719882046385652 0.714603051573773 0.710803850019057 0.70917372466852 0.709729510401756 0.7117715244543 0.715348804179488 0.721695247155874 0.730236558093568 0.740594619572427 0.751266841482404
-9999 -9999 -9999 -9999 -9999 -9999 -9999 -9999 -9999 -9999 -9999 -9999 -9999 -9999 -9999 -9999 -9999 -9999 -9999 -9999 -9999 -9999 -9999 -9999 -9999 1 1 1 1 1 0.928190524115232 0.828736683242799 0.764314472648508 0.745970291671351 0.797517900845567 0.764350025926273 0.710677213506511 0.765427353561982 0.799959755200546 0.805924273430791 0.763731346967221 0.726849545452693 0.730539133175625 0.764825795301011 0.753115245778084 0.739096621296167 0.731183173470207 0.725984297315408 0.722165150465949 0.71808785229375 0.715494752819947 0.716050153201174 0.718478081091219 0.721787388655112 0.727802492681574 0.736158204241501 0.745758710088706 0.756278767346893
-9999 -9999 -9999 -9999 -9999 -9999 -9999 -9999 -9999 -9999 -9999 -9999 -9999 -9999 -9999 -9999 -9999 -9999 -9999 -9999 -9999 -9999 -9999 -9999 -9999 1 1 1 1 1 0.932498812481347 0.814221074372821 0.767118606514901 0.698756836584183 0.77303191186154 0.749096461686668 0.720641325454755 0.755453289732065 0.792921463830493 0.785701877003445 0.745140054345509 0.700882042650918 0.689508588301076 0.733611939718175 0.740085871437868 0.744625856283748 0.737040445044609 0.73205764068727 0.730132713279087 0.725206013374538 0.720104947666477 0.72030638254795 0.72497035891143 0.728328533961623 0.733915192300896 0.741221500646884 0.749406204875492 0.759293949108021
-9999 -9999 -9999 -9999 -9999 -9999 -9999 -9999 -9999 -9999 -9999 -9999 -9999 -9999 -9999 -9999 -9999 -9999 -9999 -9999 -9999 -9999 -9999 -9999 -9999 1 1 1 1 1 0.996188158613301 0.928455281733193 0.857253535826576 0.640603630056774 0.72601322513497 0.752359640058645 0.769045266906939 0.79639494370576 0.764773677018966 0.696292154317445 0.675988502872305 0.675242702057694 0.679007742048539 0.69249917320837 0.688520512822274 0.686632839475069 0.727070201156826 0.742170058903639 0.737314076914622 0.731069555700881 0.723976830252521 0.723672911403051 0.730396001946368 0.73390785604326 0.738636513332143 0.745315905379619 0.753411259298111 0.762626135862392
-9999 -9999 -9999 -9999 -9999 -9999 -9999 -9999 -9999 -9999 -9999 -9999 -9999 -9999 -9999 -9999 -9999 -9999 -9999 -9999 -9999 -9999 -9999 -9999 -9999 1 1 1 1 1 1 0.977876503778167 0.939450957040454 0.701656251153257 0.717862479893282 0.706847791213781 0.754203731429454 0.805309884863967 0.722752015767575 0.599029026028088 0.641319471621162 0.635787483513648 0.664127826328782 0.691236113465928 0.677049682713896 0.64460311247667 0.702089753204706 0.74840925729339 0.745356981935848 0.73826410743634 0.732068089357315 0.731236305151332 0.7353418192953 0.738682596168534 0.742666762679905 0.748541297602416 0.756186738504407 0.763977042620208
-9999 -9999 -9999 -9999 -9999 -9999 -9999 -9999 -9999 -9999 -9999 -9999 -9999 -9999 -9999 -9999 -9999 -9999 -9999 -9999 -9999 -9999 -9999 -9999 -9999 1 1 1 1 1 1 0.997636927815559 0.949816545916832 0.791460333570059 0.726742576587646 0.685960958321146 0.743246536527471 0.772431043623297 0.687379860036871 0.650541328381878 0.615606545184372 0.530834925217385 0.587959701130918 0.668353431647882 0.682047549180665 0.662525766361154 0.696351826413912 0.739936821084178 0.751580961103916 0.74576526018179 0.740007977029468 0.734915081075778 0.740197285444556 0.742615806948794 0.74579438832638 0.749987472579843 0.755902302155955 0.762489504184867
-9999 -9999 -9999 -9999 -9999 -9999 -9999 -9999 -9999 -9999 -9999 -9999 -9999 -9999 -9999 -9999 -9999 -9999 -9999 -9999 -9999 -9999 -9999 -9999 -9999 1 1 1 1 1 1 1 0.978237842431248 0.850186839416565 0.718809805696375 0.701132457182711 0.759287264094599 0.768998757140438 0.746870230005897 0.635837024483367 0.597964672013869 0.512300922334487 0.454219034204048 0.566073418250463 0.637266516995373 0.668531287270204 0.701096232905439 0.719626472687869 0.725200163365613 0.743412985426135 0.745213171793259 0.734936164663025 0.742246155209 0.745278916494879 0.747437252996169 0.749713578974875 0.75393779720819 0.760700893208735
-9999 -9999 -9999 -9999 -9999 -9999 -9999 -9999 -9999 -9999 -9999 -9999 -9999 -9999 -9999 -9999 -9999 -9999 -9999 -9999 -9999 -9999 -9999 -9999 -9999 -9999 1 1 1 1 1 1 0.982309062331499 0.829291143583072 0.69240738586444 0.690254773376534 0.729527269228331 0.70152778606078 0.722027014704288 0.644170710220659 0.550618392648704 0.531342054495663 0.553412849938595 0.579864564430746 0.599550647624997 0.65108154564438 0.710359784575913 0.707152937969805 0.699626169208307 0.732241327376137 0.743359782403332 0.739289745839618 0.743250058195877 0.746414723628178 0.74856215186229 0.749437252035226 0.751080625742232 0.753920760464
-9999 -9999 -9999 -9999 -9999 -9999 -9999 -9999 -9999 -9999 -9999 -9999 -9999 -9999 -9999 -9999 -9999 -9999 -9999 -9999 -9999 -9999 -9999 -9999 -9999 -9999 -9999 1 1 1 1 1 0.991136094912871 0.925522188792864 0.806684131903939 0.67595198271653 0.657915023713464 0.604127614747851 0.600370875279683 0.633491648852786 0.561589978958834 0.536873735460201 0.588804117605983 0.63234730709416 0.643139710137476 0.685906348607203 0.736132847055671 0.724633010671806 0.712484487761271 0.696523974529049 0.669900572671717 0.693552953060597 0.730484911655121 0.746628323312017 0.747580849646581 0.747049098578881 0.747757333281469 0.74794888596236
-9999 -9999 -9999 -9999 -9999 -9999 -9999 -9999 -9999 -9999 -9999 -9999 -9999 -9999 -9999 -9999 -9999 -9999 -9999 -9999 -9999 -9999 -9999 -9999 -9999 -9999 -9999 -9999 -9999 1 1 1 0.996518110463545 0.952887197337692 0.854021372557266 0.72668401526472 0.744404333774747 0.549498048233369 0.513480872080841 0.561151566220412 0.577161202842903 0.527941166740971 0.535868206857647 0.613691965401436 0.655800413887031 0.698973492783744 0.741170515295119 0.755908961253901 0.73667103137853 0.695664889040278 0.669632041821025 0.703633836210944 0.73707501436675 0.742949536213581 0.734981654148891 0.730317026761959 0.742300439033389 0.755050511829882
-9999 -9999 -9999 -9999 -9999 -9999 -9999 -9999 -9999 -9999 -9999 -9999 -9999 -9999 -9999 -9999 -9999 -9999 -9999 -9999 -9999 -9999 -9999 -9999 -9999 -9999 -9999 -9999 -9999 -9999 -9999 1 0.994491105729118 0.967008553280086 0.923624781533993 0.829054536387755 0.60908749466249 0.511150069242757 0.485841194812804 0.504521097107025 0.567980436454219 0.53313700560315 0.488888636821413 0.57436756288434 0.669164117076869 0.747743057428441 0.752242215627768 0.739862032162086 0.718612134471769 0.714730154809607 0.714621225380843 0.730093557142146 0.741846007961199 0.742439654216679 0.740518490017685 0.739008018620559 0.739917305646256 0.750416739453176
-9999 -9999 -9999 -9999 -9999 -9999 -9999 -9999 -9999 -9999 -9999 -9999 -9999 -9999 -9999 -9999 -9999 -9999 -9999 -9999 -9999 -9999 -9999 -9999 -9999 -9999 -9999 -9999 -9999 -9999 -9999 -9999 0.994005970400163 0.974514411221757 0.927473683616126 0.850229859266162 0.712763984334735 0.671089741121045 0.558072467378608 0.515164616643602 0.572833715206514 0.584136872622193 0.511702608175543 0.5843254199784 0.649428877228779 0.7155428372541 0.755881957259653 0.723452188068726 0.689154221924234 0.706148104288005 0.729508172392172 0.736268808524259 0.736677117523265 0.742518383304339 0.743602717773573 0.741856811863996 0.744888681320043 0.751631718161101
-9999 -9999 -9999 -9999 -9999 -9999 -9999 -9999 -9999 -9999 -9999 -9999 -9999 -9999 -9999 -9999 -9999 -9999 -9999 -9999 -9999 -9999 -9999 -9999 -9999 -9999 -9999 -9999 -9999 -9999 -9999 -9999 -9999 0.983800449329349 0.934263165302259 0.803523160838013 0.731010072780137 0.633575579379833 0.528233255066285 0.51381843199605 0.558901454822992 0.591387508938944 0.545893468066513 0.503558182155995 0.61627866924641 0.632132996044904 0.700626451675219 0.712323521790979 0.681215367695318 0.67704533210764 0.704776112859994 0.730281249109689 0.729813726840647 0.738664818834565 0.743302218559071 0.744815431931727 0.747524908177019 0.752265054663302
-9999 -9999 -9999 -9999 -9999 -9999 -9999 -9999 -9999 -9999 -9999 -9999 -9999 -9999 -9999 -9999 -9999 -9999 -9999 -9999 -9999 -9999 -9999 -9999 -9999 -9999 -9999 -9999 -9999 -9999 -9999 -9999 -9999 -9999 0.93694169468321 0.837518639968488 0.7946501463886 0.749672233987746 0.691648325945041 0.627185311726736 0.498786156357577 0.447165270331839 0.547536891735931 0.429943469574029 0.528450035095007 0.539964296222143 0.648715258644437 0.67787755785727 0.656278991992358 0.633527393862896 0.655993778195691 0.729537437981287 0.726901325463626 0.729346388450108 0.738031736563568 0.743485639712556 0.7473701898721 0.751103094522687
-9999 -9999 -9999 -9999 -9999 -9999 -9999 -9999 -9999 -9999 -9999 -9999 -9999 -9999 -9999 -9999 -9999 -9999 -9999 -9999 -9999 -9999 -9999 -9999 -9999 -9999 -9999 -9999 -9999 -9999 -9999 -9999 -9999 -9999 0.937416017565582 0.896464607269453 0.865386523306475 0.805133984797264 0.652606500911153 0.491402547267195 0.435407792974946 0.427233271775389 0.481007631147103 0.453760138125645 0.44295804461794 0.463785992748287 0.574003565967607 0.647295284863534 0.649627473120408 0.616967440527981 0.626183859205538 0.723105451267455 0.719166426395435 0.720223176968813 0.730692469967848 0.737653866894828 0.744651320890462 0.750381832687495
-9999 -9999 -9999 -9999 -9999 -9999 -9999 -9999 -9999 -9999 -9999 -9999 -9999 -9999 -9999 -9999 -9999 -9999 -9999 -9999 -9999 -9999 -9999 -9999 -9999 -9999 -9999 -9999 -9999 -9999 -9999 -9999 -9999 -9999 -9999 -9999 0.898274218583003 0.841240675314251 0.671301885506798 0.475488578206881 0.467345330767865 0.366332673036861 0.425036813428035 0.430281937252181 0.408812961181789 0.420859686520564 0.500634817440602 0.610160001316371 0.668672321011918 0.651806070641112 0.626301286527475 0.712785910231045 0.711080517688239 0.717088834883107 0.724945785280613 0.731429618983057 0.740240999340007 0.748439856133245
