layers/veg/veg700.asc
NCOLS 255 
NROWS 330 
XLLCORNER -2985163.8955 
YLLCORNER -3022031.214 
CELLSIZE 25000 
NODATA_value -9999 
[rows 175 to 199 of 330, columns 57 to 113 of 255]
-9999 -9999 -9999 -9999 -9999 -9999 -9999 -9999 -9999 -9999 -9999 -9999 -9999 -9999 -9999 -9999 -9999 -9999 -9999 -9999 -9999 0.511461705754331 0.409365689356091 0.314950971610482 0.363110690024531 0.363270311352191 0.252874793695619 0.169443477356087 0.123221185627425 0.0434569516157403 0.0315055741307114 0.0404728833337081 0.0790450705745822 0.101896157780708 0.0720917553544182 0.0445877071199675 0.0374889242473201 0.0123413006094201 0.030130896115038 0.133742370268255 0.241379127718676 0.369865069981037 0.467927907123068 0.47083702876076 0.446452469033823 0.483769817442404 0.530640535430152 0.550160169876435 0.557613619882693 0.560723646750195 0.562893195699605 0.564480202444077 0.566431306186914 0.56857218179189 0.570174808369307 0.571329587478321 0.572559978978877
-9999 -9999 -9999 -9999 -9999 -9999 -9999 -9999 -9999 -9999 -9999 -9999 -9999 -9999 -9999 -9999 -9999 -9999 -9999 -9999 -9999 -9999 0.432562483545412 0.313142970710827 0.317420667711091 0.301064135421408 0.197719059498955 0.127679863257397 0.0799904232783435 0.0212769818137484 0.0553106988263924 0.0765161367857397 0.112682589701328 0.0999267367323019 0.0553505134554227 0.025553400688073 0 0 0.100120814164541 0.172201882041404 0.24002877063965 0.415965509894194 0.451211069593949 0.46048235254637 0.46880472653661 0.510793541069544 0.53699125724356 0.549466108585441 0.554748253051645 0.557849781599358 0.560617259768726 0.562458102110195 0.564642594891484 0.567068465040936 0.568803904742786 0.570292591107119 0.571842944367165
-9999 -9999 -9999 -9999 -9999 -9999 -9999 -9999 -9999 -9999 -9999 -9999 -9999 -9999 -9999 -9999 -9999 -9999 -9999 -9999 -9999 -9999 0.335569548261823 0.320172525184879 0.309622178457625 0.281295173060515 0.187961857206891 0.109368915802316 0.0711583836095549 0.0179300945937757 0.00530015128309773 0.025331600240244 0.0801260107602802 0.101701436932035 0.0704897584828669 0.034049289667122 0 0 0.133564410002135 0.141165944002541 0.19747594120297 0.41360529981437 0.449735673678837 0.459485517844871 0.47569208800074 0.521810674056499 0.539271281433464 0.549209981793455 0.553796097728156 0.556926113753276 0.559683688957623 0.56162501212419 0.563793606002637 0.566164895602468 0.567957301840585 0.569450664417034 0.571007643604662
-9999 -9999 -9999 -9999 -9999 -9999 -9999 -9999 -9999 -9999 -9999 -9999 -9999 -9999 -9999 -9999 -9999 -9999 -9999 -9999 -9999 -9999 0.389514070652319 0.367514786843269 0.344234897532594 0.278559568994596 0.134657845641995 0.0453609577033717 0.0460987554560226 0 0 0 0.00213469022251349 0.0615352684204642 0.0777498207735304 0.0232338067971808 0 0.0569251230120843 0.189079468801007 0.202417264475582 0.279350670775247 0.394786611829771 0.415324540493638 0.455538343833901 0.504702437676132 0.52410884059884 0.535235345953417 0.549674741855922 0.553345525068009 0.556031784246629 0.558581156711729 0.560361690227569 0.562360068887135 0.564464433531044 0.566193520339167 0.567731830283771 0.569362886550824
-9999 -9999 -9999 -9999 -9999 -9999 -9999 -9999 -9999 -9999 -9999 -9999 -9999 -9999 -9999 -9999 -9999 -9999 -9999 -9999 -9999 -9999 0.449010608788323 0.413017204545984 0.367824662418435 0.312604342934361 0.19159322783746 0.0635948286538547 0.0187379112546926 0.0128060244867992 0 0 0 0.031899226474322 0.0093773958342449 0 0.017073160486678 0.111123157752576 0.220552891044759 0.261426187893924 0.301407738204244 0.351795614587847 0.375322104980646 0.447830229855038 0.503515216604796 0.510413668546081 0.532520808918008 0.550564854614839 0.554146960817305 0.555968957944874 0.557899679594119 0.559334965778289 0.561057433787703 0.56295253263838 0.564505732197105 0.565904601838378 0.567357175110847
-9999 -9999 -9999 -9999 -9999 -9999 -9999 -9999 -9999 -9999 -9999 -9999 -9999 -9999 -9999 -9999 -9999 -9999 -9999 -9999 -9999 -9999 0.516418545076681 0.449260732812083 0.390322486109861 0.305186800955509 0.180329652173484 0.0594755568705204 0.0197727000563533 0.02183000095043 0 0 0.045622612701493 0.0372324952367626 0 0 0 0.0478814241924603 0.210107641632371 0.28908457085072 0.311517528047931 0.350466186673842 0.417913684165395 0.475473402997026 0.50645167891781 0.523158088004952 0.538051215155744 0.5520500227664 0.55520093610008 0.556392534199819 0.557732945797635 0.558832122827856 0.560288617199184 0.562031762526761 0.563423727832732 0.564606759670016 0.565890317150872
-9999 -9999 -9999 -9999 -9999 -9999 -9999 -9999 -9999 -9999 -9999 -9999 -9999 -9999 -9999 -9999 -9999 -9999 -9999 -9999 -9999 -9999 0.517420398037875 0.450822498919207 0.401938190485807 0.329477908456803 0.191935570648915 0.0697510854084261 0.0341044222183062 0.00640388795509893 0 0.0242165172718074 0.0579041387286137 0.0463641321919364 0.00893760016592185 0 0 0.0188484578028667 0.117839554945633 0.243002239645526 0.331153984418919 0.365271904301092 0.44560171132267 0.451412041063616 0.481819201436314 0.528891902764911 0.542408968042548 0.55222258517778 0.555777463679645 0.556486469945433 0.557251009360559 0.558008819986633 0.559263850721793 0.560727481181887 0.561820912934677 0.562750853499895 0.563829661161333
-9999 -9999 -9999 -9999 -9999 -9999 -9999 -9999 -9999 -9999 -9999 -9999 -9999 -9999 -9999 -9999 -9999 -9999 -9999 -9999 -9999 -9999 0.491496004304343 0.486086985359358 0.453077151234337 0.365618317896468 0.204095588732347 0.0851896689585203 0.0141075388610813 0 0 0 0.0333386941398539 0.0616859847768013 0.0759870465821224 0.00589405910997129 0 0 0.00661498323311993 0.187030103996153 0.332595218273408 0.389870160425723 0.431978121630885 0.414415503700831 0.490127169285644 0.533277585627258 0.546609702618478 0.554304336608006 0.557192555890303 0.557300341946073 0.557475269452985 0.557781638771801 0.558536305161336 0.559628015729537 0.560529609693341 0.56132312025094 0.562166698239476
-9999 -9999 -9999 -9999 -9999 -9999 -9999 -9999 -9999 -9999 -9999 -9999 -9999 -9999 -9999 -9999 -9999 -9999 -9999 -9999 -9999 -9999 0.490011702345953 0.478726483529911 0.453526604754163 0.367246276857123 0.213667786756325 0.115377504481984 0.042715957762634 0 0 0 0.0307839623749861 0.0648679926033471 0.0857909424153784 0.0296053278926097 0.0134414460711223 0 0.0032408004812686 0.188007796223142 0.319428079806003 0.372627189220331 0.450942815918293 0.428400746500623 0.478760922596357 0.53455008677678 0.546906396904897 0.554408097866346 0.556971755660017 0.556971496504262 0.556921339239254 0.55694392672874 0.557419149816149 0.558350693088154 0.558978553123466 0.559335308811993 0.560085643964672
-9999 -9999 -9999 -9999 -9999 -9999 -9999 -9999 -9999 -9999 -9999 -9999 -9999 -9999 -9999 -9999 -9999 -9999 -9999 -9999 -9999 -9999 0.494348451641371 0.486034070506534 0.457534816427224 0.360876509144731 0.190660081847371 0.0962093122916494 0.0219214118262679 0 0 0 0 0.0972043458769362 0.0969633147973486 0.0736927748283689 0.0914690991854562 0.0675111006261456 0.101047091491109 0.210766758948319 0.261528024099221 0.326035124069561 0.470511596235441 0.489084637200526 0.522052870629638 0.542272329048054 0.551338691416384 0.555751265958725 0.556929862312897 0.556956757218433 0.556594767624782 0.556264206416083 0.556186055667183 0.556255889916536 0.556302451401307 0.556033051924236 0.557039484025409
-9999 -9999 -9999 -9999 -9999 -9999 -9999 -9999 -9999 -9999 -9999 -9999 -9999 -9999 -9999 -9999 -9999 -9999 -9999 -9999 -9999 -9999 0.515374370750549 0.433103066774501 0.399842130981214 0.325059232984617 0.139840384564654 0.040143628623773 0.0145742840842179 0 0 0 0 0.0265585005623338 0.0407910988056285 0.0799600672473365 0.0845845457774241 0.108861404134256 0.181535299838053 0.166741776265928 0.211445011264431 0.39153709707594 0.506622564085391 0.529128129021521 0.537179793616779 0.54764066271607 0.553752823816758 0.557016385127434 0.557128080532356 0.556570749749727 0.556055684467549 0.555664447558977 0.555399463902109 0.554058145766926 0.553578441908169 0.554731120918016 0.55583212044806
-9999 -9999 -9999 -9999 -9999 -9999 -9999 -9999 -9999 -9999 -9999 -9999 -9999 -9999 -9999 -9999 -9999 -9999 -9999 -9999 -9999 0.553276518869704 0.508203164696918 0.434462883063657 0.370473630697875 0.268218419214232 0.145977605778082 0.057119876952003 0 0 0 0 0.0735001058878583 0.0650538297397921 0 0.0878478103225901 0.188848683339437 0.222273786144259 0.241459583902256 0.139078412084238 0.186044804508233 0.460150497360879 0.535511438518913 0.534316794961002 0.538048821440306 0.545958149564745 0.552445403173336 0.557666489934004 0.557349317249107 0.556496068141427 0.555800266969883 0.555255703087949 0.554596926238076 0.552814289942001 0.551753440096399 0.552913332134407 0.554566409820369
-9999 -9999 -9999 -9999 -9999 -9999 -9999 -9999 -9999 -9999 -9999 -9999 -9999 -9999 -9999 -9999 -9999 -9999 -9999 -9999 -9999 0.552699395469429 0.505880204769432 0.428576396958846 0.378531656850892 0.310585953410739 0.1695580547066 0.0407887006907199 0 0 0 0 0.0973787793809588 0.202998905833049 0.133800587351956 0.185567052346131 0.276668464291152 0.243591242658118 0.185147606438905 0.143088037325975 0.307029496599028 0.510547419769238 0.537840996900592 0.537436248753155 0.538850914626087 0.543155859120661 0.549486525630177 0.556338890319084 0.556296517281354 0.555480751475566 0.554548538977899 0.553526879952037 0.552639644051908 0.550958911604091 0.54914497009732 0.550109368627245 0.552395383163049
-9999 -9999 -9999 -9999 -9999 -9999 -9999 -9999 -9999 -9999 -9999 -9999 -9999 -9999 -9999 -9999 -9999 -9999 -9999 -9999 -9999 0.56465916716415 0.546089170609735 0.50405331099183 0.446739973270719 0.311257310779063 0.144313474603508 0.0189937222811465 0 0 0 0 0.135150149639681 0.295440502818619 0.249363359492653 0.231841128901435 0.324528677870259 0.319897122189941 0.32075497128163 0.304039783006503 0.393444851068885 0.516134037773372 0.538274742862854 0.539863360781589 0.538891717823491 0.541378195165868 0.548802060470308 0.554219504326623 0.55540799669782 0.55484525634901 0.553558731860148 0.552413956035498 0.551226526110035 0.548533854932813 0.546331172275392 0.548876048346446 0.551501467498018
-9999 -9999 -9999 -9999 -9999 -9999 -9999 -9999 -9999 -9999 -9999 -9999 -9999 -9999 -9999 -9999 -9999 -9999 -9999 -9999 -9999 0.570837667851437 0.535562108453397 0.485181565581249 0.418581059832964 0.283708291954783 0.13206963815557 0.030300590991269 0 0 0 0 0.10562036416973 0.291268987823808 0.273030117683367 0.265423206869013 0.325740274629876 0.354940100537773 0.389910610337259 0.344866916210875 0.384406380676265 0.506378874841996 0.535314973083025 0.533807761849903 0.529677176387596 0.536041924678366 0.547295460067632 0.552176277593539 0.553631585514093 0.553270919266193 0.552174557340811 0.551047025922735 0.549765975750862 0.547334641728722 0.545398620754934 0.547315834771449 0.549247272906863
-9999 -9999 -9999 -9999 -9999 -9999 -9999 -9999 -9999 -9999 -9999 -9999 -9999 -9999 -9999 -9999 -9999 -9999 -9999 -9999 0.567235072362941 0.564962656505501 0.517253455499555 0.453561900803774 0.390491288309163 0.270957419697221 0.126808783624954 0.013349431516822 0 0 0 0 0.133674043814749 0.270220419765336 0.330786166329237 0.380905610022255 0.436565992329456 0.452541590258398 0.460924819935293 0.355460385185202 0.321153848404605 0.470550824738084 0.521763002117347 0.515887892657958 0.513106252489057 0.528614421882035 0.543389130627475 0.550180808440405 0.551238234655319 0.551307984740903 0.550798155905746 0.549618685471198 0.548236476442129 0.547918514338642 0.548183826161974 0.54721213911312 0.546302674979186
-9999 -9999 -9999 -9999 -9999 -9999 -9999 -9999 -9999 -9999 -9999 -9999 -9999 -9999 -9999 -9999 -9999 -9999 -9999 -9999 0.536538438499341 0.542190075517493 0.514604685982337 0.433085397638988 0.348552644127392 0.256348190483048 0.133427858631221 0.0194354768520795 0 0 0.000630225074913309 0.0321217471763028 0.11295806128026 0.261208722267766 0.372792807112861 0.393731300673097 0.446921954308729 0.461236977145934 0.458915900163868 0.310344007332285 0.263870926855867 0.448748882440945 0.498623650849923 0.500157416487991 0.510357961025882 0.532430127692257 0.543880014525648 0.548932734746461 0.549677095057568 0.549653329635719 0.548856353735727 0.547919580569504 0.547089082044083 0.546949279624657 0.546757248495187 0.545363431162246 0.543539917228304
-9999 -9999 -9999 -9999 -9999 -9999 -9999 -9999 -9999 -9999 -9999 -9999 -9999 -9999 -9999 -9999 -9999 -9999 -9999 -9999 0.524222413626198 0.52148897700752 0.48969516889046 0.39037344971293 0.282019035503864 0.215120934328226 0.0969004649003721 0 0 0 0.0677930753817903 0.100924701505975 0.11076580169401 0.206446502755227 0.38692589159279 0.418852421182115 0.442987992366395 0.461772872320492 0.451167358583447 0.276136693921659 0.224303705674911 0.406325627008974 0.458778700332762 0.501622007717576 0.516768333305154 0.536607188327508 0.545936054378827 0.548620685890451 0.548605609531533 0.548394049324986 0.547545259252041 0.546427547555244 0.545005544346782 0.54396511045226 0.543577575650277 0.54236386883355 0.540535396182459
-9999 -9999 -9999 -9999 -9999 -9999 -9999 -9999 -9999 -9999 -9999 -9999 -9999 -9999 -9999 -9999 -9999 -9999 -9999 -9999 0.535290023330422 0.522101136891277 0.465798745183873 0.37925500465107 0.245497808592708 0.0940285190434626 0.00319423546823315 0 0 0.0505529267658572 0.153603593920881 0.206206282962851 0.151902715975133 0.170146079619677 0.34912193908042 0.354902162397534 0.380397438324524 0.452271711815378 0.416851842764123 0.305859936256462 0.323883133420956 0.439057653856122 0.476363102277472 0.512089473043041 0.52211370605205 0.536381231498134 0.54516073926783 0.546523133595385 0.546187484728419 0.54591302247711 0.545037210063838 0.543967003756514 0.54272138727705 0.541144188401587 0.539879842102363 0.538542651228064 0.536524142379224
-9999 -9999 -9999 -9999 -9999 -9999 -9999 -9999 -9999 -9999 -9999 -9999 -9999 -9999 -9999 -9999 -9999 -9999 -9999 -9999 0.495390602342172 0.500408143585237 0.431761780237013 0.333273403630944 0.210227783916665 0.0445108032394144 0 0 0 0.0907204945884133 0.215549202599539 0.27026448572394 0.183562410016635 0.145257684641018 0.303685516499438 0.26367531003407 0.291341460545654 0.430596844916531 0.396031500183202 0.39875107648537 0.460270610078124 0.454657293596686 0.490829371304429 0.518370788671128 0.525437060138763 0.536641879985688 0.543910422429688 0.544072561506049 0.54324291430789 0.543107479430664 0.542431263336746 0.541304687752408 0.540144585414328 0.538342164856623 0.536721840459651 0.535106552349141 0.532834099849913
-9999 -9999 -9999 -9999 -9999 -9999 -9999 -9999 -9999 -9999 -9999 -9999 -9999 -9999 -9999 -9999 -9999 -9999 -9999 -9999 0.481908105626779 0.445667831229983 0.416899297771378 0.30297980122426 0.16349520458329 0.0359685215299521 0 0 0.0257534003872206 0.0882143876182579 0.182948835421248 0.268085418882479 0.185775072730594 0.10234914795688 0.234590265678349 0.261910242629954 0.299913874322712 0.406254855699334 0.468089886450029 0.506894283005773 0.491743817478899 0.473511369890124 0.497918579719124 0.519543045153392 0.527395164462762 0.53827155749476 0.542070519146465 0.53860076453977 0.536526518823571 0.539317177562124 0.540764438149106 0.539808007554162 0.538447173236256 0.536601819561247 0.534829406088647 0.532848848019561 0.530234766048427
-9999 -9999 -9999 -9999 -9999 -9999 -9999 -9999 -9999 -9999 -9999 -9999 -9999 -9999 -9999 -9999 -9999 -9999 -9999 0.522234022415763 0.473732063797982 0.426766351793379 0.372944814816083 0.247177098327627 0.191437697876786 0.0798588503173478 0 0.00709827582737733 0.0703181695330102 0.0994154109069885 0.157853401390808 0.259576573098188 0.213658914953688 0.110327711544638 0.242760355905552 0.330260503286749 0.351836978633647 0.414118721774327 0.490639549573184 0.50887247187555 0.511917010087906 0.505835605599812 0.507902490792395 0.521318292663292 0.52849515243354 0.537013353180376 0.532721362098529 0.517487628909029 0.509015801749428 0.521885957996223 0.53667036843523 0.537025131894789 0.535600387551826 0.533723430655223 0.531871293256882 0.529612456633203 0.52655541253066
-9999 -9999 -9999 -9999 -9999 -9999 -9999 -9999 -9999 -9999 -9999 -9999 -9999 -9999 -9999 -9999 -9999 -9999 -9999 -9999 0.47158090136318 0.403532042606369 0.310478327477308 0.166398734467678 0.0887434373477466 0 0 0.0075813040412151 0.0854897185333445 0.197783200785101 0.326036035226646 0.347177594540257 0.321785068202787 0.283592581385498 0.344208183647694 0.362583860207042 0.373853217595437 0.484186816392251 0.50009806279354 0.505253870657001 0.508317581225504 0.510793834224129 0.516286309217106 0.523922155152047 0.526809797621887 0.531264633201564 0.525047015498002 0.496167558816695 0.481347970375712 0.507128760059874 0.532203361636237 0.534453914763477 0.532917312810531 0.530666963013737 0.528547649815635 0.526079257201874 0.523071801727341
-9999 -9999 -9999 -9999 -9999 -9999 -9999 -9999 -9999 -9999 -9999 -9999 -9999 -9999 -9999 -9999 -9999 -9999 -9999 -9999 0.485254831592647 0.468846800517309 0.333429854633535 0.134129953154342 0.0461458562228174 0 0 0 0.0842838820766342 0.191287419722613 0.327013911469416 0.371274419348179 0.361561457022547 0.310323441582523 0.327319127914606 0.36102369263894 0.386722023990132 0.489768895367526 0.499742095359836 0.503655234103541 0.502074517388825 0.508092579794003 0.519636549773635 0.522298728074826 0.52184912024131 0.524407846116901 0.511926789995837 0.476569775637955 0.473371137527808 0.507670486092946 0.531223194987953 0.532399844107437 0.530896176734198 0.528485800980797 0.525435299894792 0.52290521048666 0.52061507267896
-9999 -9999 -9999 -9999 -9999 -9999 -9999 -9999 -9999 -9999 -9999 -9999 -9999 -9999 -9999 -9999 -9999 -9999 -9999 -9999 0.467360462753038 0.433416380542748 0.322397586432969 0.150810991494748 0.0380481473182715 0 0 0 0.0754803768732154 0.183843748441306 0.271967163000091 0.343012904996311 0.368672698039845 0.322762397739607 0.311457200893816 0.353264579767775 0.418318768170925 0.483924198580777 0.494150863147934 0.499365833419921 0.499245098758853 0.505694806227859 0.516695273112601 0.518337047609715 0.518702872874032 0.515476710136437 0.488725208977639 0.459872835624232 0.477086685634026 0.511693625057982 0.52857276873973 0.529340544290638 0.527838838003832 0.525090869623987 0.521661689762652 0.518700508177607 0.516314122306207
