layers/veg/veg700.asc
NCOLS 255 
NROWS 330 
XLLCORNER -2985163.8955 
YLLCORNER -3022031.214 
CELLSIZE 25000 
NODATA_value -9999 
[rows 225 to 249 of 330, columns 57 to 113 of 255]
-9999 -9999 -9999 -9999 -9999 -9999 -9999 -9999 -9999 -9999 -9999 -9999 -9999 -9999 -9999 -9999 -9999 -9999 0.291752363947407 0.291577431317702 0.28934106364712 0.28289193707229 0.242733978976802 0.184151210210829 0.11755986167083 0.0669312002110168 0.0575627369113362 0.0705952746160399 0.098520368072224 0.104600888490207 0.105468823543225 0.095763045876362 0.0917800226864199 0.0923901877548566 0.116708267634805 0.139020305123885 0.138168246238578 0.136864737604344 0.135125448330579 0.132939648043879 0.128844993344497 0.114036050334297 0.104456428348901 0.10094405910725 0.097211982503773 0.0939106797208563 0.0950924243827291 0.0956107066306663 0.095201391092951 0.0936641625737526 0.0917753093388078 0.0908681301101793 0.0892268200234151 0.086341255044262 0.081674718390342 0.0762102373931143 0.0715203054887664
-9999 -9999 -9999 -9999 -9999 -9999 -9999 -9999 -9999 -9999 -9999 -9999 -9999 -9999 -9999 -9999 -9999 -9999 0.333345849267134 0.311263109215019 0.297872182374399 0.302243888250672 0.25786805909113 0.18684745871971 0.121379970420341 0.0733849135958278 0.0692191474109712 0.0812123411461331 0.103948278540282 0.108189949100069 0.106710591986722 0.0920620601531281 0.0846047877825684 0.0829193528482947 0.111765380769001 0.138849055742876 0.139583739803382 0.138952852502526 0.137003790670413 0.133909467723805 0.12931836084419 0.117308585949956 0.108870826022763 0.104577450711982 0.100306593190842 0.0964411178403243 0.0962089020490705 0.0958278342370779 0.0952386539503966 0.0942094537289761 0.0930247946055479 0.0918967310919721 0.0908593646163148 0.0899757176470708 0.0860244215028008 0.080716631912562 0.0792400120082767
-9999 -9999 -9999 -9999 -9999 -9999 -9999 -9999 -9999 -9999 -9999 -9999 -9999 -9999 -9999 -9999 -9999 -9999 0.333426901990712 0.319041119051932 0.30916425863598 0.30850185471755 0.266001358217613 0.20063270225163 0.130612592831425 0.0779202352845435 0.0696401255384529 0.0789947376485961 0.100073204346952 0.109537514431272 0.111238013033835 0.0912193054154608 0.0868119659694066 0.0949345984582863 0.117972458822748 0.138706051911723 0.140446498597903 0.140552756744049 0.139081546459251 0.134260241451629 0.128919516629621 0.124653454823083 0.117383354832451 0.106627858013375 0.103634289756132 0.102661757399488 0.100266608110983 0.0974431194843366 0.0940207625371594 0.0937214235579217 0.0944265299046012 0.0929642335721914 0.0917486951346992 0.0909513787547383 0.0884866289342361 0.0852640739586587 0.0812725080256495
-9999 -9999 -9999 -9999 -9999 -9999 -9999 -9999 -9999 -9999 -9999 -9999 -9999 -9999 -9999 -9999 -9999 0.320452621338937 0.321310547021537 0.319504105705385 0.31681602143636 0.312326207243066 0.265054553159952 0.194398899556657 0.136794306299836 0.0929570370313524 0.082847068734639 0.0908371828727643 0.11086053100407 0.113963866290825 0.111605853070153 0.0964667352231419 0.0958497147378728 0.106888397351172 0.123134225013308 0.137252791161302 0.139130523062075 0.139433672718441 0.138216891398896 0.134569560247104 0.13070333367515 0.128549032964528 0.123683435251256 0.115672089915986 0.109970853428358 0.105265795682394 0.103730641540254 0.101188844569098 0.0972396435920401 0.0956650532991612 0.094920827879426 0.0937179425750573 0.0924934078659255 0.0912321802736447 0.0890734960020098 0.0865014228762654 0.0827470585656136
-9999 -9999 -9999 -9999 -9999 -9999 -9999 -9999 -9999 -9999 -9999 -9999 -9999 -9999 -9999 -9999 -9999 0.317011090354247 0.307627769857973 0.31840860389412 0.323098875669206 0.315342444109767 0.262140285938824 0.1840980822716 0.141938177225004 0.109531490870673 0.098538146636182 0.106006790214241 0.125749268462802 0.11937334492491 0.111118605065357 0.104259071254656 0.107478205124923 0.118786663504745 0.128091859953679 0.135713001143099 0.13743049080576 0.137746827211912 0.136710642183169 0.135065256838511 0.133255478115867 0.13122833932678 0.12890707814412 0.126244565221331 0.116861793593548 0.106721540903703 0.106847540989796 0.105372372521351 0.101658583786785 0.0983368979559923 0.0952766003901231 0.0943589792847881 0.0931161734042398 0.0913222222571421 0.0891591497888093 0.086827251657177 0.0841761743617201
-9999 -9999 -9999 -9999 -9999 -9999 -9999 -9999 -9999 -9999 -9999 -9999 -9999 -9999 -9999 -9999 -9999 0.325607106097689 0.328403656272861 0.329462623125612 0.327266078850568 0.31841655584005 0.273854345569847 0.209772043038637 0.146814204348129 0.0990386519361963 0.0896921878743216 0.102385909203559 0.129732310100367 0.124169990742999 0.117968142566821 0.119095133903793 0.123381330016959 0.130203162132393 0.135041181174685 0.138999173664599 0.140451381146195 0.140734520765265 0.139889169025115 0.138315120204187 0.136354709835034 0.133014559127378 0.129482032433305 0.125726303964876 0.117563043502147 0.108987551360359 0.10791519957991 0.105796063963852 0.102213402535973 0.0998607225415865 0.0978934608606087 0.0948909267926333 0.0927254656170729 0.0919787324926919 0.0909610325954912 0.0898130193663151 0.0875421875177471
-9999 -9999 -9999 -9999 -9999 -9999 -9999 -9999 -9999 -9999 -9999 -9999 -9999 -9999 -9999 -9999 -9999 0.342216802144442 0.341758659441632 0.337190423137058 0.330599755806688 0.319876038371312 0.281678204670603 0.228463374898182 0.160691101901846 0.106964356330346 0.0902416890416077 0.105544841628278 0.142139288648087 0.135733690726917 0.128646318765129 0.131631259498355 0.135322442022142 0.139580467228605 0.141802264508592 0.143576924719809 0.144714089870743 0.144996357292909 0.144453399139334 0.14244595457996 0.139840931917027 0.135518905040481 0.131057565887203 0.126434591449108 0.12074165392689 0.11489806906383 0.110415476157605 0.106609411512718 0.103749212231062 0.101810175054795 0.100098985130567 0.0965271039928139 0.0940465181915051 0.0934155339242607 0.0927391401868305 0.0920360856115225 0.0904733381861093
-9999 -9999 -9999 -9999 -9999 -9999 -9999 -9999 -9999 -9999 -9999 -9999 -9999 -9999 -9999 -9999 -9999 0.342847250386857 0.343299300942596 0.339622740717539 0.332606423570233 0.318764962562823 0.283308699113733 0.236038064631822 0.188897767902965 0.144213164870144 0.105749161916158 0.119497525323508 0.167957532947147 0.158070828681655 0.145419850564611 0.140505787507458 0.140955861044515 0.14571128951515 0.148263665122259 0.150210923719309 0.150953826265593 0.151286683612876 0.15122372778387 0.147979332263171 0.143943259111679 0.139166538259805 0.134226063916491 0.129095596682032 0.127864327632052 0.126610797270657 0.115196541487224 0.108043108151305 0.106846801224292 0.104437245326696 0.101649644679047 0.0999212618156392 0.098092766046584 0.0960945921182974 0.0944793966244093 0.0930448986956712 0.0927121692835198
-9999 -9999 -9999 -9999 -9999 -9999 -9999 -9999 -9999 -9999 -9999 -9999 -9999 -9999 -9999 -9999 -9999 0.348429064144057 0.347903670583432 0.343306844228779 0.333967298337893 0.314935507209851 0.274643350813894 0.222730554153184 0.202314940388872 0.178583553060145 0.143503724315648 0.148615677051029 0.180447790475803 0.173079523955698 0.163168774806045 0.156246430135433 0.154119286340829 0.15584085918243 0.15753508594476 0.158729860999204 0.157823364333791 0.156780980543304 0.155607426055724 0.151743725185298 0.147283195997462 0.142624849297188 0.137814120267202 0.132826591590826 0.131456546559433 0.130383190545193 0.122772427527002 0.116090324481553 0.110706596319514 0.107748925264946 0.105611862412777 0.102510904819196 0.0996703742688964 0.0972712331781502 0.0954839267878319 0.0939843242725689 0.0941093766669555
-9999 -9999 -9999 -9999 -9999 -9999 -9999 -9999 -9999 -9999 -9999 -9999 -9999 -9999 -9999 -9999 -9999 0.38203137724829 0.353777975705666 0.347611288048976 0.335236643733261 0.310175388307358 0.261991361708966 0.201168727902581 0.209459990610828 0.21118796488968 0.189822501879227 0.183625668010346 0.187513189528985 0.185119096755098 0.181216902955785 0.174244561686955 0.169869417510865 0.167578831608099 0.167990191174791 0.16805750943842 0.164995378152213 0.161996075768194 0.15905742159417 0.154846458334561 0.150392773586699 0.146078952727585 0.141636928398471 0.137046157635275 0.133656337616198 0.130954563910772 0.13144997536536 0.1268389541671 0.115088544931369 0.111484181476277 0.110547999979688 0.104818753521946 0.100316180293213 0.0978926562552871 0.0962155736112914 0.0948867896918405 0.0951639216887478
-9999 -9999 -9999 -9999 -9999 -9999 -9999 -9999 -9999 -9999 -9999 -9999 -9999 -9999 -9999 -9999 0.40175972829811 0.384078858833838 0.35878764563452 0.356104639335489 0.344573905883443 0.314961913208013 0.264826462106972 0.203473154475848 0.214432078383412 0.218960868599887 0.200436375749501 0.196702681456478 0.202802154533135 0.202296216267555 0.194284815872678 0.163957915814807 0.159566051218911 0.1759901242707 0.178498885305717 0.178079397979611 0.173843773076356 0.169708003452123 0.165668623287526 0.161653440731715 0.157551941624329 0.152911094274199 0.148064939132027 0.142980578253648 0.140029418271939 0.13780918368064 0.136795676470003 0.133933480395087 0.128486601810887 0.121284452810701 0.113653675793034 0.109667222511821 0.105753135326599 0.101961699121081 0.098590924462344 0.0954418263313726 0.0967333614934011
-9999 -9999 -9999 -9999 -9999 -9999 -9999 -9999 -9999 -9999 -9999 -9999 -9999 -9999 -9999 0.428069013787899 0.417323067065464 0.394928916168316 0.367631952448376 0.365649950433253 0.354195501274656 0.323383112012474 0.271609621524574 0.208379064620947 0.22196429419801 0.228923919244837 0.211914807608032 0.211157704207345 0.221205204524256 0.221487619060951 0.212027376734873 0.173939729267768 0.167933409289465 0.187676154263897 0.190203146896699 0.189203779292379 0.183892042310075 0.178735624733919 0.173729135672075 0.169456485603749 0.165249765150306 0.160525230773104 0.15535175584863 0.149657403404053 0.146458134934359 0.144114077895065 0.143184097088253 0.141912579793091 0.140163554678858 0.1301838462316 0.117760409311424 0.114681354233737 0.111087408358539 0.106620790551971 0.10211271419674 0.0976315917694473 0.0995083313787385
-9999 -9999 -9999 -9999 -9999 -9999 -9999 -9999 -9999 -9999 -9999 -9999 -9999 -9999 -9999 0.436099408838418 0.44679781559656 0.422875625734993 0.383924017183271 0.377238412486848 0.364369338041421 0.338863694056934 0.286060831064715 0.218337661750398 0.234468874926314 0.243140745324243 0.225072412436091 0.228289141967607 0.245656532833258 0.244591229114313 0.238849192636542 0.223287611272429 0.212563662500444 0.205722486842371 0.204229478943843 0.202469458339106 0.19627074690479 0.19031862940899 0.184604546964679 0.179194115785842 0.173993783087997 0.169658183596685 0.164306573800992 0.157776151062341 0.152994909679426 0.149351277049246 0.151597721852237 0.151609726305154 0.148497722709738 0.137333524929161 0.123811430040248 0.120017241564277 0.116222249028939 0.112425893719117 0.107861155249232 0.102996381264094 0.1046247214498
-9999 -9999 -9999 -9999 -9999 -9999 -9999 -9999 -9999 -9999 -9999 -9999 -9999 -9999 -9999 0.482180246540133 0.479493280360819 0.447390848929343 0.402588100085 0.391726939260532 0.374499332188986 0.344261223896687 0.296492159102323 0.239140900566679 0.247510281202821 0.251025638909972 0.236101756368365 0.240497748976352 0.257737913937203 0.258276526745495 0.255308207774073 0.245798219528721 0.233711855438421 0.219557644592173 0.214566322267051 0.210663645079377 0.20571333221642 0.20081421426284 0.195964514324002 0.189882508680764 0.183867247404306 0.179768888234234 0.174514462301634 0.167918724714304 0.162159362321253 0.157278072491576 0.158255124390649 0.157787861879922 0.155301279479814 0.147625185351969 0.138191146297504 0.130772454030274 0.124975210259086 0.121926107642294 0.117573160120295 0.11266663877402 0.112588054388031
-9999 -9999 -9999 -9999 -9999 -9999 -9999 -9999 -9999 -9999 -9999 -9999 -9999 -9999 -9999 0.48767619217546 0.4996655900072 0.470121782007704 0.42248557519955 0.407723429713604 0.384606529232435 0.344415809881861 0.304833245753497 0.265583091392009 0.260830823811441 0.255618080380871 0.246024455987194 0.250146602776266 0.2633872209664 0.267064529169643 0.266378816556115 0.25435409298685 0.24264994362818 0.231203093041627 0.222984720476718 0.216220778189272 0.213629206345857 0.210744367047781 0.207576439146268 0.201065275245602 0.19432799658532 0.190388000223076 0.185373917252303 0.179113639050501 0.172690144066703 0.166603393107034 0.163999333747284 0.162136196676778 0.161308955326071 0.159550600459683 0.156901583268186 0.144345584804942 0.135609506879423 0.133347690000049 0.129346122541009 0.124575635766151 0.122031728923898
-9999 -9999 -9999 -9999 -9999 -9999 -9999 -9999 -9999 -9999 -9999 -9999 -9999 -9999 -9999 0.503795558534178 0.503781664062873 0.499257648437403 0.492343652507315 0.449036018485451 0.40439709208805 0.357037529969418 0.313495445339938 0.272039944457312 0.248620404261762 0.233319623685006 0.236945508354647 0.248202527893638 0.264532852034802 0.269490312898375 0.271517928396153 0.267344009581539 0.259999771401888 0.250110976446033 0.240332277171916 0.231259817533243 0.225114461709274 0.220188922057256 0.216440860680032 0.210720543786821 0.204808263794708 0.200200471001741 0.194745783427877 0.188308497031206 0.182244845917287 0.176494953877186 0.172647438006826 0.169645932232039 0.167827247178983 0.166215724507595 0.164369155735076 0.156993704515212 0.149725126507116 0.1426376844847 0.134062002818625 0.124907630757932 0.1286680867119
-9999 -9999 -9999 -9999 -9999 -9999 -9999 -9999 -9999 -9999 -9999 -9999 -9999 -9999 -9999 -9999 0.503655118654044 0.520616790763792 0.544251153335247 0.487180074656936 0.431380634310486 0.378179920384859 0.326923877860766 0.276730767534948 0.244797599979857 0.225019823026178 0.234393130236367 0.249197964498109 0.267613767725708 0.273611699331852 0.277799637524656 0.279695072426939 0.276842494306286 0.270179073390343 0.257438093682988 0.245033368757994 0.237811907194865 0.231723654138098 0.226729277706134 0.221523592453154 0.216280050510743 0.211074228280296 0.205093820170226 0.198214708713945 0.192073683342086 0.18626425149834 0.181588807739784 0.17766930358826 0.174806691117167 0.172801541196206 0.171041111364843 0.168131105903685 0.162238106348088 0.151289325585585 0.151103765768377 0.155669678460638 0.145686435223467
-9999 -9999 -9999 -9999 -9999 -9999 -9999 -9999 -9999 -9999 -9999 -9999 -9999 -9999 -9999 -9999 -9999 0.522918213491601 0.550085227762378 0.516214349352407 0.475066905497594 0.419049036302046 0.351780956518709 0.278363657354805 0.26263263675536 0.251935163034792 0.248641941293774 0.257940267240302 0.275609662225108 0.282182474703865 0.287176999969978 0.290249083401472 0.29196899772517 0.29260363619188 0.273434403145512 0.255205807491802 0.253209403034385 0.248307392379882 0.240600624540777 0.235173886493522 0.230132139305945 0.224544790667973 0.21787456195167 0.209947935493626 0.202618761791231 0.195706354855484 0.191062547808278 0.186739084145365 0.182863497871854 0.179508451174673 0.176468066781374 0.175694813429264 0.17069561835043 0.158534009908698 0.155157726953182 0.155669678460638 0.145686435223467
-9999 -9999 -9999 -9999 -9999 -9999 -9999 -9999 -9999 -9999 -9999 -9999 -9999 -9999 -9999 -9999 -9999 0.535557440252737 0.538422651585553 0.518342446048722 0.484378288484272 0.422040817489737 0.360198957698952 0.298627992572363 0.285259870649237 0.275250560476318 0.269277917277381 0.275216533235137 0.289073951170835 0.296140357321132 0.301696550959098 0.304321151943906 0.302798562033216 0.297947360244578 0.281560647208686 0.266731834718144 0.265641450199751 0.262640431725962 0.257795094390615 0.250218311376641 0.242457898846228 0.236989422055178 0.230580897839335 0.223081695638666 0.215212062803096 0.207523300143404 0.202427286498042 0.197451753986032 0.192644668141327 0.188840858515463 0.185551597998545 0.184991048630975 0.181458506518189 0.17288882903315 0.164290588717926 0.155740861085961 -9999
-9999 -9999 -9999 -9999 -9999 -9999 -9999 -9999 -9999 -9999 -9999 -9999 -9999 -9999 -9999 -9999 -9999 0.526154464049747 0.515666818504124 0.503411440884811 0.471895244954358 0.401017544909312 0.358194226330967 0.330705069267084 0.310925461710719 0.2962835160584 0.293963494697414 0.297903517482219 0.306005321092342 0.313513783061307 0.319476361289247 0.320623745475912 0.310903773518603 0.292461461149623 0.28469709869343 0.279116066479208 0.276193338429304 0.275546479036245 0.277096496485236 0.266146645526015 0.253815932452611 0.248783590881734 0.24324005877257 0.237103424388502 0.229103981453294 0.220845946850539 0.214990959428814 0.20920605135307 0.203519122371224 0.199837888268958 0.196953477776583 0.195385744048911 0.193683053299565 0.191751628214069 0.176643583878571 -9999 -9999
-9999 -9999 -9999 -9999 -9999 -9999 -9999 -9999 -9999 -9999 -9999 -9999 -9999 -9999 -9999 -9999 -9999 0.524909413652114 0.525214760485846 0.493508224817048 0.461113566083949 0.427312655633538 0.379372910008949 0.323705060221932 0.320267074860536 0.317158271415671 0.310021742650908 0.316177545460123 0.331170310019121 0.322884500956771 0.314658944845106 0.313270503647491 0.305575858125774 0.292819736740777 0.292774450866319 0.292829803168505 0.285454002251198 0.2804946578004 0.277867898419977 0.269279508934635 0.259907266337786 0.253276521969669 0.246810913140914 0.240536900706708 0.233272536708253 0.22592098456834 0.220304865652292 0.214482509233266 0.208371808746719 0.203985988406357 0.200285894741969 0.197726437643496 0.195626365764694 0.194304891190082 0.19384391326773 -9999 -9999
-9999 -9999 -9999 -9999 -9999 -9999 -9999 -9999 -9999 -9999 -9999 -9999 -9999 -9999 -9999 -9999 -9999 0.533901872138704 0.531053636760999 0.485660366687529 0.452403226338537 0.443947541066298 0.392370255552728 0.317223261911839 0.330035764929542 0.338193099915775 0.326345204545142 0.332894540194044 0.351674659127034 0.330641264473569 0.311270396972733 0.308621435262906 0.303489822899457 0.296365589346708 0.302083394591288 0.30644542932434 0.297118562779573 0.289269928504388 0.282848219386089 0.275893405218159 0.26865163613491 0.260375100707294 0.252962891387709 0.246553505364986 0.239612951161504 0.232635121297994 0.226674453416618 0.220533925010507 0.214141930626875 0.209073557856266 0.204543553669066 0.20110594680711 0.198363731129998 0.196800111713048 0.198047448219372 -9999 -9999
-9999 -9999 -9999 -9999 -9999 -9999 -9999 -9999 -9999 -9999 -9999 -9999 -9999 -9999 -9999 -9999 0.535560727108388 0.528598712147152 0.518278584314666 0.482896489234856 0.449584185679481 0.420501718379729 0.375276267113087 0.321227269914145 0.344823226811643 0.359749294382866 0.345440870828987 0.34589800309276 0.356171520935594 0.335330878913851 0.317368776779163 0.317566992546479 0.314296370175664 0.308241594357321 0.313998824404162 0.319460320068707 0.316365309496033 0.311462808293339 0.304815551612171 0.295979424498423 0.286640419080012 0.277038578153832 0.269013113417401 0.262816618965458 0.25475576722657 0.246199882948924 0.237898345557425 0.230412505181791 0.224067104309267 0.21857168006163 0.213447078916609 0.209472103016492 0.205853832198906 0.202840129407797 0.201346751954672 0.20054504487862 -9999
-9999 -9999 -9999 -9999 -9999 -9999 -9999 -9999 -9999 -9999 -9999 -9999 -9999 -9999 -9999 0.552238318148143 0.548742525008048 0.541657948140143 0.532625647682427 0.490314484724235 0.450029517684514 0.413885294703195 0.375592431036278 0.336125148202479 0.3570929894464 0.372871028108765 0.369849735946395 0.369608881314959 0.371216507514128 0.351708294988437 0.3355652730094 0.336298566062002 0.332543251871734 0.325185298748138 0.32965080378023 0.334353145737356 0.33275053926553 0.328331757211007 0.321194544590572 0.311218671043859 0.300901872396298 0.292081150474084 0.283770748517485 0.276052438764994 0.267946709305233 0.259603562161919 0.25008828610964 0.241559842845286 0.234411106840395 0.228388565482501 0.222829535058536 0.218297135789794 0.214204295189647 0.210856448506907 0.206017468213928 0.20054504487862 -9999
-9999 -9999 -9999 -9999 -9999 -9999 -9999 -9999 -9999 -9999 -9999 -9999 -9999 -9999 -9999 0.557000073617438 0.566220064299841 0.568793244218306 0.567763708704172 0.505537597554106 0.452977219521826 0.420169781771749 0.389254693745135 0.359373939565298 0.367432759616564 0.379527158093247 0.398331539371453 0.40152774184933 0.394347369060885 0.377045228013127 0.363035821157604 0.362531805078658 0.356493669992783 0.346013748954773 0.348167109587718 0.350685539796343 0.346942216270228 0.341119540963927 0.333289684901113 0.32274252749031 0.312306067005351 0.305881185710983 0.297537525381978 0.286967626253076 0.279641403533974 0.272883760426301 0.263018770297643 0.253679771814887 0.245076170960936 0.238449805190154 0.232579125209101 0.2274739295256 0.22321428573425 0.220387740779322 0.211739468036888 -9999 -9999
