layers/veg/veg700.asc
NCOLS 255 
NROWS 330 
XLLCORNER -2985163.8955 
YLLCORNER -3022031.214 
CELLSIZE 25000 
NODATA_value -9999 
[rows 75 to 99 of 330, columns 0 to 56 of 255]
-9999 -9999 -9999 -9999 -9999 -9999 -9999 -9999 -9999 -9999 -9999 -9999 -9999 -9999 -9999 -9999 -9999 -9999 -9999 -9999 -9999 -9999 -9999 -9999 -9999 0.711421002364287 0.701687077465861 0.723559159750917 0.749325536008272 0.761981723760353 0.764654342428302 0.70978736070438 0.543126114933784 0.352363373079586 0.31753238353951 0.311355694159949 0.292415696570097 0.489076638922849 0.663433039402132 0.705714442478093 0.726470737931072 0.738419292150324 0.747478148053935 0.758622384939921 0.767697751279798 0.773718813267269 0.776177797603839 0.775398419385511 0.77546497575322 0.776193559481107 0.77603758194559 0.777841014683651 0.779774104387983 0.780346776197528 0.781341975358873 0.783769552468911 0.785248608290243
-9999 -9999 -9999 -9999 -9999 -9999 -9999 -9999 -9999 -9999 -9999 -9999 -9999 -9999 -9999 -9999 -9999 -9999 -9999 -9999 -9999 -9999 -9999 -9999 -9999 0.716410393964814 0.71409788578455 0.738996249571017 0.761333300174904 0.774339421992463 0.779149138918782 0.764433487136361 0.623603865152986 0.402275063827418 0.320091881288505 0.315915809604131 0.36053064082897 0.519553284761234 0.639837480175892 0.691766840448911 0.730392702224469 0.744624596605299 0.752594183269983 0.758009212161364 0.76598437609889 0.774125861862768 0.778326615197812 0.779751663077267 0.777938732491179 0.777906150987455 0.77554953029643 0.774703055123277 0.77886204732597 0.780314667768428 0.781609942181966 0.783185731385929 0.786018034837793
-9999 -9999 -9999 -9999 -9999 -9999 -9999 -9999 -9999 -9999 -9999 -9999 -9999 -9999 -9999 -9999 -9999 -9999 -9999 -9999 -9999 -9999 -9999 -9999 -9999 0.742443507988427 0.730513954771603 0.740153337050152 0.772224000381669 0.788431894462176 0.79457905379796 0.796202338427372 0.735861742460587 0.566499443345071 0.375903797146607 0.28001947685835 0.336527172894064 0.512030619612187 0.632114255429213 0.683384764395436 0.74365710393456 0.759811836624023 0.766208051618474 0.769067200609385 0.770937951672278 0.77304691178843 0.776437837070925 0.77943251506909 0.782045493114555 0.782392897193275 0.779595460960261 0.779395700341417 0.779756243293774 0.780508938240444 0.783103473866128 0.78429806141479 0.785344080546439
-9999 -9999 -9999 -9999 -9999 -9999 -9999 -9999 -9999 -9999 -9999 -9999 -9999 -9999 -9999 -9999 -9999 -9999 -9999 -9999 -9999 -9999 -9999 -9999 -9999 0.767439052351038 0.764555954569938 0.773158380402101 0.788441311895404 0.801036177837587 0.816543421554219 0.811736296109803 0.732656295772467 0.525644816773982 0.349754788086796 0.344135922338577 0.400608026232728 0.509985577992626 0.667283905701425 0.737707455921507 0.77013705403565 0.774870410380581 0.774991054034369 0.775307069159808 0.776126585783717 0.777379478707898 0.778488557706768 0.779597048054137 0.779736949413341 0.781965051982483 0.783872186284818 0.782438837211882 0.780711463726993 0.778523368611145 0.777832057366131 0.78023078052689 0.784465257074791
-9999 -9999 -9999 -9999 -9999 -9999 -9999 -9999 -9999 -9999 -9999 -9999 -9999 -9999 -9999 -9999 -9999 -9999 -9999 -9999 -9999 -9999 -9999 -9999 -9999 0.774297459949889 0.777316162633475 0.785495827073887 0.807099814138513 -9999 0.823191859913222 0.809216123281998 0.696462067296519 0.488553291539403 0.368100539531637 0.426473962561535 0.533971070449459 0.602085639293566 0.668861322743031 0.731987022478132 0.778919094916159 0.780984495701454 0.78019318561619 0.779730551620519 0.780016854473595 0.780776880860132 0.780175030961849 0.779277946283804 0.778994399671247 0.781368576098414 0.784587653495383 0.783986676473577 0.78161277118411 0.780595824323795 0.779486513577675 0.780011787834195 0.782717370244422
-9999 -9999 -9999 -9999 -9999 -9999 -9999 -9999 -9999 -9999 -9999 -9999 -9999 -9999 -9999 -9999 -9999 -9999 -9999 -9999 -9999 -9999 -9999 -9999 -9999 -9999 -9999 0.798021872764467 0.813309827125424 0.827316706036622 0.818225335934776 0.682840568472304 0.428646604904145 0.374318961717814 0.446635648361462 0.460742828031618 0.557939946073209 0.693849413679587 0.74282186587207 0.778050364845347 0.790980309877577 0.791278874273306 0.789223599087452 0.788427384958639 0.787992175384008 0.787527697125046 0.786979436260211 0.786407000252207 0.785941385339561 0.785430165641075 0.786802237434899 0.788723672528544 0.787191695924118 0.785183217256199 0.783974350176468 0.782220625850645 0.781160944604545
-9999 -9999 -9999 -9999 -9999 -9999 -9999 -9999 -9999 -9999 -9999 -9999 -9999 -9999 -9999 -9999 -9999 -9999 -9999 -9999 -9999 -9999 -9999 -9999 -9999 -9999 -9999 -9999 -9999 0.836537443630547 0.778480516274061 0.648176637700019 0.424301867420549 0.423164034088264 0.468715544693716 0.466934442421367 0.587341124305696 0.712815338366734 0.729920296180239 0.773356143613323 0.795071789548124 0.800373086992489 0.797003744562477 0.795391390893239 0.794440518523889 0.793657709904767 0.793007824817702 0.791861333286945 0.790162260386518 0.78958155302124 0.789184671090779 0.788335280727584 0.788087563546588 0.787096029573662 0.786246735982238 0.784025029353868 0.781526842117695
-9999 -9999 -9999 -9999 -9999 -9999 -9999 -9999 -9999 -9999 -9999 -9999 -9999 -9999 -9999 -9999 -9999 -9999 -9999 -9999 -9999 -9999 -9999 -9999 -9999 -9999 -9999 -9999 -9999 -9999 0.792838224436731 0.598483439276579 0.521140774091526 0.536888698820124 0.47140111026254 0.555684163228392 0.669986399790081 0.661890617237482 0.684495728742381 0.773932422898498 0.796141423571159 0.806581725856447 0.803550075337026 0.801004109770078 0.799223269235413 0.797987412436641 0.796613202629379 0.794643749832673 0.792923370203835 0.791529123109987 0.790370485920231 0.789664377884523 0.788586692068515 0.78697734799282 0.785674802856538 0.783623121845236 0.781433842359154
-9999 -9999 -9999 -9999 -9999 -9999 -9999 -9999 -9999 -9999 -9999 -9999 -9999 -9999 -9999 -9999 -9999 -9999 -9999 -9999 -9999 -9999 -9999 -9999 -9999 -9999 -9999 -9999 0.845501223329751 0.853797642280529 0.830173328146894 0.704460017622909 0.600866937581502 0.556068767505446 0.480377828660466 0.578806654071271 0.721590454679863 0.719290248447577 0.742040040599495 0.803435950023002 0.809947928895668 0.806450856993165 0.810330794735574 0.807272350602144 0.804383147289536 0.802587477856922 0.80077429940547 0.797777563052776 0.795715727326368 0.794058737528969 0.792118156221836 0.790606674249373 0.789065998085598 0.787543854568372 0.786156481404817 0.783559138221625 0.779252246995419
-9999 -9999 -9999 -9999 -9999 -9999 -9999 -9999 -9999 -9999 -9999 -9999 -9999 -9999 -9999 -9999 -9999 -9999 -9999 -9999 -9999 -9999 -9999 -9999 -9999 -9999 -9999 0.833702136230883 0.844202914903625 0.849461624839214 0.809562877072201 0.674588965004398 0.547605129683635 0.520451333933035 0.566893087079512 0.655765916027518 0.689852004879306 0.702913436132164 0.73675187993107 0.782525748487388 0.802528219781889 0.797277838262666 0.817664811794528 0.814929722751778 0.811260064929226 0.808704531978906 0.805767884569866 0.801928961915708 0.799025898219867 0.796739485928062 0.79447176854718 0.792794355623376 0.791066105240152 0.788742575593896 0.786319648599263 0.783889101000409 0.77940808218968
-9999 -9999 -9999 -9999 -9999 -9999 -9999 -9999 -9999 -9999 -9999 -9999 -9999 -9999 -9999 -9999 -9999 -9999 -9999 -9999 -9999 -9999 -9999 -9999 -9999 -9999 0.821100141323669 0.826516823652809 0.828749184083005 0.821281456035177 0.791423367909055 0.726644508449281 0.609186241994301 0.553287007716057 0.635862896438906 0.716165664871417 0.694530088863417 0.685225341167668 0.739936787463483 0.789736957029545 0.810877939588085 0.799988345975447 0.822398042036601 0.822015859223265 0.817557871003929 0.813958443517462 0.810365661757364 0.806131178182437 0.802601102272704 0.79969085521158 0.796845423578231 0.794949755213853 0.793211348237667 0.790103254665693 0.786694027999761 0.7842822352984 0.781305327336233
-9999 -9999 -9999 -9999 -9999 -9999 -9999 -9999 -9999 -9999 -9999 -9999 -9999 -9999 -9999 -9999 -9999 -9999 -9999 -9999 -9999 -9999 -9999 -9999 -9999 0.802955606734473 0.800076283478092 0.799135500868467 0.79959891447104 0.777695126517993 0.721382862054944 0.697210403443464 0.704423261550248 0.62761320147885 0.61212266785095 0.669906656566624 0.674983561229249 0.734364949068527 0.757103611103167 0.795885562292476 0.827738389619326 0.819275378079648 0.824938505816699 0.826871399612375 0.822333953909959 0.818525006178433 0.814243734312883 0.809431797730472 0.805688243744815 0.802806861182363 0.799539428965427 0.79654619624658 0.793760738509266 0.790107862474459 0.786600275652001 0.783896790453635 0.780538120068833
-9999 -9999 -9999 -9999 -9999 -9999 -9999 -9999 -9999 -9999 -9999 -9999 -9999 -9999 -9999 -9999 -9999 -9999 -9999 -9999 -9999 -9999 -9999 -9999 -9999 0.800716144232791 0.775105925778773 0.750478803561412 0.772920757408485 0.792087416428168 0.753402080667143 0.681717479155892 0.635730468859045 0.605187085446624 0.579257235489145 0.631755329561151 0.716070459650676 0.765661250936605 0.804636382212469 0.822240771129734 0.824604803428435 0.819774999335344 0.836494417523981 0.832731797465176 0.827117382068982 0.822342127258901 0.818939841696119 0.814547205278246 0.810748441465998 0.807007453860072 0.802234158056733 0.79807648797024 0.794649485792259 0.79053863815001 0.787371294813371 0.784031242725741 0.779974422483957
-9999 -9999 -9999 -9999 -9999 -9999 -9999 -9999 -9999 -9999 -9999 -9999 -9999 -9999 -9999 -9999 -9999 -9999 -9999 -9999 -9999 -9999 -9999 -9999 -9999 0.777456838155101 0.755553445477003 0.76184304192094 0.810490118452291 0.823586496532535 0.776063600740772 0.690041850266719 0.597098883787405 0.577424683843092 0.629420054110211 0.623742134744403 0.635673571824138 0.72374172371541 0.793567616615964 0.824656325226147 0.809878890121378 0.802314105619568 0.836887745335572 0.836888635766514 0.831757618170034 0.827136003107513 0.823368257751341 0.818460952213997 0.814000839818502 0.809696873322309 0.804075963794187 0.799829891075686 0.795947985171493 0.790914161689543 0.787156071942706 0.784192836149004 0.780225290111085
-9999 -9999 -9999 -9999 -9999 -9999 -9999 -9999 -9999 -9999 -9999 -9999 -9999 -9999 -9999 -9999 -9999 -9999 -9999 -9999 -9999 -9999 -9999 -9999 -9999 0.768034171208429 0.762849900417572 0.801507881650216 0.821969059391488 0.815620503814917 0.751685019251626 0.664573230464829 0.544920917301954 0.500189864981871 0.607281487222743 0.660763899972004 0.681347262768796 0.729874478102424 0.791130791778366 0.81814206832339 0.789604425576303 0.761408798597127 0.805103674119162 0.832765437136941 0.829779537931066 0.825234442078725 0.821568493999501 0.819025828856587 0.815300665727765 0.810553399669937 0.804516074720309 0.800566266740667 0.796939581529271 0.791609892969961 0.78742096712791 0.784325976613894 0.780230271584188
-9999 -9999 -9999 -9999 -9999 -9999 -9999 -9999 -9999 -9999 -9999 -9999 -9999 -9999 -9999 -9999 -9999 -9999 -9999 -9999 -9999 -9999 -9999 -9999 -9999 0.788056749571755 0.794421683972528 0.816525059939087 0.825330977797291 0.826492792592025 0.74740256161006 0.630342192590094 0.545354243198708 0.502103851791452 0.592455186049496 0.65550333078638 0.662815923889702 0.712100694318599 0.754112829911412 0.7561241140393 0.741217726123585 0.710522176798268 0.733986335691099 0.782168386232651 0.797446508656678 0.815002620030083 0.819311360641808 0.817420738782837 0.816560064847319 0.811312435359502 0.801753513879902 0.798300020529983 0.797457420041457 0.793312110321975 0.789392826243944 0.785414000751963 0.780292306122353
-9999 -9999 -9999 -9999 -9999 -9999 -9999 -9999 -9999 -9999 -9999 -9999 -9999 -9999 -9999 -9999 -9999 -9999 -9999 -9999 -9999 -9999 -9999 -9999 -9999 -9999 0.800622206059195 0.815021455419636 0.819119462153453 0.82456231646186 0.806746427790111 0.730708833442529 0.591309755695044 0.463663685730083 0.517307351498423 0.650852557438542 0.711789694793429 0.717549461171205 0.707639856620082 0.700647531332286 0.664306544262081 0.662474546042394 0.693184967853882 0.723463276464654 0.728071946182304 0.765028651381655 0.82104809255799 0.819542480361412 0.818031676875912 0.812772308423295 0.800388586213524 0.797356087466205 0.798379427675891 0.794953764881589 0.790439598336958 0.785947748493634 0.78088808683072
-9999 -9999 -9999 -9999 -9999 -9999 -9999 -9999 -9999 -9999 -9999 -9999 -9999 -9999 -9999 -9999 -9999 -9999 -9999 -9999 -9999 -9999 -9999 -9999 -9999 -9999 0.799018784837436 0.813802282465819 0.817653723412088 0.813773541285433 0.816220905583336 0.800782930260223 0.666366660110567 0.536450776824173 0.597358997464636 0.671269460380966 0.725670900063559 0.7414929081314 0.652597276295661 0.592070846367198 0.602925879346948 0.650782305853207 0.704139270372676 0.7191726889632 0.712426533490935 0.732330769488543 0.796568132220513 0.823498035313485 0.821939339329334 0.814059832148927 0.80395641058095 0.80007387453139 0.798922515809644 0.79528485939471 0.789691182965442 0.785649275495438 0.781234725716402
-9999 -9999 -9999 -9999 -9999 -9999 -9999 -9999 -9999 -9999 -9999 -9999 -9999 -9999 -9999 -9999 -9999 -9999 -9999 -9999 -9999 -9999 -9999 -9999 -9999 -9999 -9999 0.815790366161333 0.821206941752549 0.819574755175932 0.817617512096493 0.804787168253043 0.702131631895711 0.590034458412615 0.566836383310951 0.55237143247073 0.645993784895031 0.744510910377963 0.712859769999245 0.612465026360383 0.525562166626735 0.520671773340762 0.553833426850044 0.673567489924281 0.722894436735397 0.677871521988305 0.718748909154205 0.804103082826594 0.819995627388464 0.816322611877067 0.807871928301832 0.802091145929989 0.801493365537142 0.797323841089242 0.791514154110585 0.786309362821096 0.78078932850568
-9999 -9999 -9999 -9999 -9999 -9999 -9999 -9999 -9999 -9999 -9999 -9999 -9999 -9999 -9999 -9999 -9999 -9999 -9999 -9999 -9999 -9999 -9999 -9999 -9999 -9999 -9999 0.804790076552666 0.820721412554699 0.826648205344768 0.829877690300418 0.829543595961049 0.795582955587464 0.660160192831953 0.576800472042078 0.627592499658482 0.662779392403777 0.682811717541724 0.606805641369004 0.514346535022729 0.520889978131679 0.499782786371928 0.437559192509744 0.530451030091148 0.644883165530444 0.660738211521756 0.715568385199748 0.763356169887493 0.788786071123799 0.812687643711617 0.808583970504076 0.803547511892678 0.803739631873567 0.798503339963361 0.792583182531681 0.786049382033615 0.777044364276435
-9999 -9999 -9999 -9999 -9999 -9999 -9999 -9999 -9999 -9999 -9999 -9999 -9999 -9999 -9999 -9999 -9999 -9999 -9999 -9999 -9999 -9999 -9999 -9999 -9999 -9999 0.785267016969121 0.801298441297143 0.816902036499986 0.824232599400669 0.828330010285842 0.823584567970792 0.802363626051834 0.667112464342794 0.542505892758981 0.61328682271295 0.648655257770444 0.658987356546749 0.655336395774724 0.561604145683994 0.536392519514977 0.529812642070585 0.508690562964629 0.559979622243405 0.608259936813274 0.653800240745346 0.735474141709929 0.774452192789798 0.769281498851997 0.782817758090165 0.799695004334358 0.801708593294882 0.803879056207317 0.800232193212709 0.793573356018934 0.785410429795893 0.77567658132869
-9999 -9999 -9999 -9999 -9999 -9999 -9999 -9999 -9999 -9999 -9999 -9999 -9999 -9999 -9999 -9999 -9999 -9999 -9999 -9999 -9999 -9999 -9999 -9999 -9999 -9999 -9999 0.783223529173485 0.81133901170024 0.820937935952958 0.827328178661003 0.829428754374033 0.828548344446934 0.749745959102965 0.606202236009548 0.549287459688199 0.547106823210991 0.530627698510075 0.505481000319976 0.5575494971405 0.580589357393079 0.527644334941983 0.567401296764809 0.629774040681692 0.686885696245603 0.740477437584931 0.783079648271955 0.804794052057464 0.791950971810889 0.75788082088654 0.747874436951192 0.771782488197409 0.801664908313526 0.797673334509743 0.78979083959902 0.781214730353828 0.772194960583214
-9999 -9999 -9999 -9999 -9999 -9999 -9999 -9999 -9999 -9999 -9999 -9999 -9999 -9999 -9999 -9999 -9999 -9999 -9999 -9999 -9999 -9999 -9999 -9999 -9999 -9999 -9999 -9999 -9999 -9999 0.824012519493221 0.83112241712907 0.818931409779603 0.807361725243406 0.775881702941862 0.679359054069742 0.580960583624102 0.495964105374684 0.428332188964123 0.494200283129955 0.588275367548206 0.520938620343353 0.514713788247756 0.628485454461747 0.72172485624215 0.76385623731906 0.793915271206888 0.82329254228635 0.802233226483095 0.759722707448852 0.738165405006973 0.761122608405958 0.803427554710477 0.793286055158001 0.78092363281496 0.77134367397987 0.76445006335954
-9999 -9999 -9999 -9999 -9999 -9999 -9999 -9999 -9999 -9999 -9999 -9999 -9999 -9999 -9999 -9999 -9999 -9999 -9999 -9999 -9999 -9999 -9999 -9999 -9999 -9999 -9999 -9999 -9999 -9999 -9999 -9999 0.83342399633818 0.828446509650575 0.802159431574938 0.686529177917079 0.50039198379568 0.405550066096845 0.380494136128873 0.408301245586583 0.524412907247317 0.495355108886533 0.433565197984932 0.572340935304388 0.731336438345805 0.806463781643588 0.819933104471789 0.822811538475352 0.793193599932414 0.773423597055215 0.792908148391161 0.810179264671527 0.810085324307083 0.800228791682744 0.777103924517864 0.766137883719739 0.762812834336558
-9999 -9999 -9999 -9999 -9999 -9999 -9999 -9999 -9999 -9999 -9999 -9999 -9999 -9999 -9999 -9999 -9999 -9999 -9999 -9999 -9999 -9999 -9999 -9999 -9999 -9999 -9999 -9999 -9999 -9999 -9999 -9999 -9999 0.829883553598374 0.814422360248115 0.735429991082217 0.611928042470998 0.52880003255403 0.480514930188415 0.452040117624055 0.469477272390761 0.530963661776247 0.494645866006871 0.515413316565055 0.699329919449258 0.788471357678832 0.817063213571955 0.811750994665786 0.774289016888879 0.758943626142961 0.786794701195794 0.800201917200693 0.80967061370445 0.807915663444553 0.799446341943722 0.786820766581137 0.775989695609649
