layers/veg/veg700.asc
NCOLS 255 
NROWS 330 
XLLCORNER -2985163.8955 
YLLCORNER -3022031.214 
CELLSIZE 25000 
NODATA_value -9999 
[rows 250 to 274 of 330, columns 57 to 113 of 255]
-9999 -9999 -9999 -9999 -9999 -9999 -9999 -9999 -9999 -9999 -9999 -9999 -9999 -9999 -9999 -9999 0.583226751935852 0.59512144270518 0.611022586811848 0.599048190995318 0.554203185202155 0.48720639080819 0.445824779922003 0.425826485161407 0.414877365045329 0.425675255632039 0.434762786848537 0.437880171260327 0.429036004128852 0.408030522149085 0.406398363915338 0.401829010818553 0.381979135204999 0.376698324492497 0.395885468199029 0.403887217584728 0.40497697292123 0.402895995163573 0.400710279849892 0.397263262100968 0.404408058703587 0.419627419487733 0.429430180869141 0.43355798624232 0.442445270228968 -9999 -9999 -9999 0.42406935170989 0.42669389980802 0.431259509598315 0.434202972807658 0.436620712084108 0.43755712875116 -9999 -9999 -9999
-9999 -9999 -9999 -9999 -9999 -9999 -9999 -9999 -9999 -9999 -9999 -9999 -9999 -9999 -9999 -9999 0.608444329122595 0.608602450002065 0.62368356301821 0.612088725847954 0.580679929486556 0.537295116622851 0.484268442805193 0.467434435756863 0.488611543452606 0.468905148042944 0.447600428984825 0.448264460688136 0.438455868213683 0.428347713270203 0.448482202143173 0.45051320705286 0.430873369406994 0.420847957677103 0.416234118708649 0.409671227681393 0.392310596938185 0.372294839841171 0.360938809559483 0.352441382823506 0.370518880977326 0.403770450806046 0.428375494407038 0.440941516297696 0.448033720036932 0.454154079949688 -9999 -9999 -9999 -9999 -9999 -9999 -9999 -9999 -9999 -9999 -9999
-9999 -9999 -9999 -9999 -9999 -9999 -9999 -9999 -9999 -9999 -9999 -9999 -9999 -9999 -9999 -9999 0.619999652874576 0.625526313959452 0.631722648858318 0.622371479989755 0.592996854719726 0.555868103808503 0.486759711442988 0.443181786201488 0.475536674754506 0.481410455934852 0.464371934594281 0.451399199815673 0.447751390412935 0.445980207297473 0.459315898668296 0.463238277830936 0.451376121618876 0.437566310478931 0.422878684587567 0.407584752495077 0.391706573516195 0.377454503709167 0.357924825847868 0.342565959275177 0.367399204605872 0.41068373844476 0.436305112872308 0.446993443170851 0.456083746300734 0.463368135810762 -9999 -9999 -9999 -9999 -9999 -9999 -9999 -9999 -9999 -9999 -9999
-9999 -9999 -9999 -9999 -9999 -9999 -9999 -9999 -9999 -9999 -9999 -9999 -9999 -9999 -9999 -9999 0.639135234518312 0.635533943865813 0.641327500268672 0.636497663983944 0.592515155407239 0.548807463017366 0.531525886885659 0.507709294825243 0.454452001964519 0.426807008377488 0.461776539136247 0.442770587808118 0.434386932307238 0.449835654346333 0.460424267586816 0.457569740486157 0.450583959691906 0.442005876806755 0.425281904742669 0.413569962814643 0.400215797180831 0.38439197003626 0.370032157919357 0.364794140858664 0.390216437757145 0.428175095481331 0.448924383140087 0.453470322498617 0.461606372057316 0.472002153679316 -9999 -9999 -9999 -9999 -9999 -9999 -9999 -9999 -9999 -9999 -9999
-9999 -9999 -9999 -9999 -9999 -9999 -9999 -9999 -9999 -9999 -9999 -9999 -9999 -9999 -9999 -9999 0.671294953594827 0.666052526906064 0.664021899961186 0.648535209843064 0.622142496629337 0.592598733326936 0.553579492022523 0.514874103763161 0.480553029640551 0.461086453994878 0.483277591074778 0.49059818320505 0.472239819126345 0.458939697454896 0.450407398881133 0.44067087113891 0.428624024038316 0.439114148707815 0.426430993781478 0.416851428181115 0.417549995330174 0.415320410736313 0.431450770425295 0.435146443966515 0.435503732599632 0.446988725423982 0.457059273453265 0.464775854301355 0.474140100803277 0.485880447008933 -9999 -9999 -9999 -9999 -9999 -9999 -9999 -9999 -9999 -9999 -9999
-9999 -9999 -9999 -9999 -9999 -9999 -9999 -9999 -9999 -9999 -9999 -9999 -9999 -9999 -9999 -9999 0.694618412186622 0.687863271363981 0.683664597611138 0.624802995800699 0.60909792208873 0.593261800009965 0.584677362718991 0.573312881491594 0.542515569628496 0.524827134157675 0.539319798606403 0.537843914398952 0.530873707727177 0.509549786559271 0.484373278847696 0.459948188870846 0.428437383355608 0.41273580391693 0.405187254734335 0.40750237969093 0.410228517260535 0.416397612516516 0.450104183487498 0.467832675051588 0.466524996212362 0.468525592087386 0.47948728041753 0.486742531048294 0.495780708441009 0.504203273166712 0.508247587156188 -9999 -9999 0.500048896944663 0.497734872412329 -9999 -9999 -9999 -9999 -9999 -9999
-9999 -9999 -9999 -9999 -9999 -9999 -9999 -9999 -9999 -9999 -9999 -9999 -9999 -9999 -9999 0.678960324736448 0.694252645808736 0.706484171415997 -9999 0.656360374915374 0.657145229628654 0.626712993559549 0.561189781767814 0.562063497286452 0.569420763537506 0.564438484287745 0.571943468383128 0.563590108431145 0.549197608954793 0.535306156368196 0.512962184079622 0.472947890604723 0.430179438166821 0.406984140170863 0.398209087522055 0.414260542814107 0.43030052301082 0.443621639344647 0.470675720834391 0.48384410160657 0.482438356725812 0.484975105647874 0.49465309010101 0.500648110764742 0.506783508559476 0.510494862752914 0.509118965605706 0.508796849421051 0.507033051940818 0.505566007414461 0.508796028572297 -9999 -9999 -9999 -9999 -9999 -9999
-9999 -9999 -9999 -9999 -9999 -9999 -9999 -9999 -9999 -9999 -9999 -9999 -9999 -9999 -9999 0.638107705826813 0.664704256789902 0.705930794095787 0.71790676733215 -9999 0.68285589499683 0.619011699852718 0.552755122449867 0.582980670085149 0.618389837483324 0.606606011164287 0.605670626068699 0.605456860262643 0.572513096603863 0.554109613153321 0.556865216228748 0.529974030374138 0.49757385103466 0.472618651365218 0.467997733605866 0.464376757420433 0.452222542568468 0.461447255914182 0.492807663437567 0.515408793900641 0.515507583239089 0.51585257351213 0.522325273049086 0.522653699525303 0.521396909017624 0.520869285868507 0.517717645545931 0.511654195990029 0.511815735429275 0.516399883996043 0.519425885508738 -9999 -9999 -9999 -9999 -9999 -9999
-9999 -9999 -9999 -9999 -9999 -9999 -9999 -9999 -9999 -9999 -9999 -9999 -9999 -9999 -9999 0.646388440046847 0.669811052815599 0.708916001669094 -9999 -9999 0.676689559833428 0.702118578826458 0.667227891431113 0.628699732645857 0.659699497807853 0.626814558448797 0.618868500101362 0.639299698428792 0.614615124132995 0.599508236868117 0.595500121708103 0.559704054650703 0.513482382908671 0.474531161163456 0.477001386156098 0.474962362804522 0.470467223475883 0.486452062873824 0.526855071015876 0.56439964936865 0.556987960222319 0.5453797752832 0.542256038896545 0.538103588214217 0.532251590552369 0.535049772998538 0.538091763460519 0.534820139989679 0.530078620698537 0.523514662489949 0.525561762207951 -9999 -9999 -9999 -9999 -9999 -9999
-9999 -9999 -9999 -9999 -9999 -9999 -9999 -9999 -9999 -9999 -9999 -9999 -9999 -9999 -9999 0.688409721616384 0.694240818671459 0.719916396976942 -9999 0.685669295418372 0.669010079932445 0.638741522663794 0.606238288607195 0.603425115627044 0.616152911909902 0.617905138114806 0.624508166072824 0.632719658723871 0.604902525681568 0.591706901448088 0.601120701105373 0.57336603067842 0.539723388116766 0.531226758372093 0.503678565517677 0.495159587546351 0.517830466036171 0.53790165741532 0.567392964838231 0.58147902965468 0.572258624839688 0.557062794266243 0.547132707715668 0.542427550497684 0.541849261841672 0.543804272257606 0.53932004246312 0.535729032722619 0.536932228077901 -9999 -9999 -9999 -9999 -9999 -9999 -9999 -9999
-9999 -9999 -9999 -9999 -9999 -9999 -9999 -9999 -9999 -9999 -9999 -9999 -9999 -9999 -9999 0.729817190622389 0.729030953394367 0.726469305839957 -9999 0.718771531436169 0.704523908223154 0.667184375296955 0.63883662121247 0.634200620884616 0.655097363593982 0.671963144394932 0.657968814429383 0.666326239718964 0.644009336508687 0.593044997369756 0.563144308367264 0.570892561304072 0.574657842392078 0.562852259134422 0.550942163035743 0.549295025125777 0.568414866935802 0.578281998734981 0.585442572151477 0.580505712239045 0.57034133220177 0.558613769407646 0.553277366791862 0.551449884471646 0.552374765754842 0.552939372862617 0.551440583229896 0.551139724269726 -9999 -9999 -9999 -9999 -9999 -9999 -9999 -9999 -9999
-9999 -9999 -9999 -9999 -9999 -9999 -9999 -9999 -9999 -9999 -9999 -9999 -9999 -9999 -9999 0.727678133176526 0.726507648390142 0.727806166963451 -9999 0.736573697764072 0.714689187145418 0.683232851365118 0.653873774388805 0.62350929070083 0.652663604199516 0.687960082353265 0.64278613607708 0.633230118816271 0.638952618440742 0.611217691939121 0.590593556591307 0.587820230245181 0.581792032507702 0.568926986652651 0.592560771436388 0.598700353381188 0.592627303264861 0.583195806915107 0.575883602595608 0.572188534816475 0.568264084620373 0.566035118192402 0.568448748884458 0.557688084306542 0.544198274000975 0.544068817505008 -9999 -9999 -9999 -9999 -9999 -9999 -9999 -9999 -9999 -9999 -9999
-9999 -9999 -9999 -9999 -9999 -9999 -9999 -9999 -9999 -9999 -9999 -9999 -9999 -9999 -9999 -9999 0.732150887940717 0.734410033366679 -9999 0.751854312845726 0.703664180068855 0.696195842142995 0.711011084105806 0.63636169520782 0.645037676430189 0.664018363087962 0.638532667357768 0.64245970521592 0.636369206741447 0.615879799239937 0.607164244098539 0.591597776066474 0.578423525065383 0.575519702308283 0.596040290667013 0.60326512235511 0.592837039192486 0.579536451981435 0.574408750380666 0.571060463782099 0.568825052309457 0.570551664008057 0.568229743413105 0.552838708660398 0.554389409383185 -9999 -9999 -9999 -9999 -9999 -9999 -9999 -9999 -9999 -9999 -9999 -9999
-9999 -9999 -9999 -9999 -9999 -9999 -9999 -9999 -9999 -9999 -9999 -9999 -9999 -9999 -9999 -9999 -9999 -9999 -9999 0.748452974250291 0.708752860149925 0.687765772259001 0.69772946553015 0.668598805432023 0.658361789340498 0.653082240498411 0.644293852067446 0.634926080750195 0.635700161775206 0.622676660270103 0.620474039726717 0.608526447886421 0.607658869268605 0.625424804566611 0.618249952069873 0.607823993689346 0.598485586482378 0.591691514532382 0.583153268775205 0.57254646426473 0.5689280638375 0.561952211683145 0.552738481374946 0.54908903797282 0.555183439083997 0.566523070869578 -9999 -9999 -9999 -9999 -9999 -9999 -9999 -9999 -9999 -9999 -9999
-9999 -9999 -9999 -9999 -9999 -9999 -9999 -9999 -9999 -9999 -9999 -9999 -9999 -9999 -9999 -9999 -9999 -9999 -9999 0.734491588304051 0.728266817478263 0.702572231200058 0.661877602910791 0.616667531276562 0.634858221538065 0.658929583767458 0.64134137702098 0.635800139436047 0.629081127572523 0.607278510090717 0.608907403507249 0.606223016309894 0.606271311309751 0.619373934523268 0.608591320426631 0.589812429363283 0.584766432425842 0.589896668636993 0.589999155231356 0.583208307247514 0.574072792963955 0.564083176927172 0.552972965702414 0.550173662693568 0.560329205512028 0.575102106933677 -9999 -9999 -9999 -9999 -9999 -9999 -9999 -9999 -9999 -9999 -9999
-9999 -9999 -9999 -9999 -9999 -9999 -9999 -9999 -9999 -9999 -9999 -9999 -9999 -9999 -9999 -9999 -9999 -9999 -9999 0.709055219446121 0.700285723218411 0.725707482612896 0.708507873472218 0.64986559311826 0.662021674855714 0.658396233797879 0.655200295876001 0.652730558983459 0.633175732089357 0.607676085086228 0.586108650432002 0.579877189548949 0.59277253143951 0.606161293813118 0.595527739720094 0.579562865975043 0.580082182624042 0.584286262281751 0.585150598759087 0.576173312327604 0.56777143151809 0.556313669805756 0.551379340135881 0.551707759146825 0.56420046256918 0.578523665105525 -9999 -9999 -9999 -9999 -9999 -9999 -9999 -9999 -9999 -9999 -9999
-9999 -9999 -9999 -9999 -9999 -9999 -9999 -9999 -9999 -9999 -9999 -9999 -9999 -9999 -9999 -9999 -9999 0.750367802452247 0.746822563245444 0.714824056473483 0.694429544731004 0.668829186734779 0.662237086360243 0.632258515921326 0.634366614572857 0.65718264166329 0.64366092811356 0.645335353328716 0.646802237233906 0.62857244347985 0.610632480325482 0.588459045553554 0.59176120000151 0.604820584824522 0.580738162395109 0.577326662033667 0.59249347563208 0.593920202577447 0.586594128777146 0.579288276646576 0.569189596680795 0.555192669250087 0.555739155011385 0.565319416875202 0.577406898561651 -9999 -9999 -9999 -9999 -9999 -9999 -9999 -9999 -9999 -9999 -9999 -9999
-9999 -9999 -9999 -9999 -9999 -9999 -9999 -9999 -9999 -9999 -9999 -9999 -9999 -9999 -9999 -9999 -9999 0.738399500843327 0.734806971319023 0.730743119821263 0.701737336740523 0.668267782776296 0.666081539111336 0.641253993138595 0.636544603926789 0.627550506451496 0.623677734896254 0.641032342023936 0.645763534820936 0.636151381666735 0.612668529499386 0.582733687843652 0.590864435118399 0.613314928369248 0.605933312343697 0.600876816737737 0.594288824202144 0.587890031304584 0.584646932497666 0.572056914250365 0.561295685791354 0.576921714936018 0.58927925581765 0.590483994016779 0.590742781739348 -9999 -9999 -9999 -9999 -9999 -9999 -9999 -9999 -9999 -9999 -9999 -9999
-9999 -9999 -9999 -9999 -9999 -9999 -9999 -9999 -9999 -9999 -9999 -9999 -9999 -9999 -9999 -9999 -9999 0.710738382389607 0.736094681945795 0.722866563542715 0.664559252558637 0.631228972134303 0.630080951588698 0.628361567742851 0.614429056300202 0.588886011202841 0.577358442346247 0.612784648198166 0.634455759722114 0.621528311071541 0.595620864670371 0.579393172382295 0.59228053715587 0.60422502796016 0.599366981042325 0.598300245673721 0.584485206351557 0.576284795668291 0.577947209488394 0.564826072567381 0.565937449555288 0.591328030550504 0.595857809027536 0.589347861069571 0.583279312417742 -9999 -9999 -9999 -9999 -9999 -9999 -9999 -9999 -9999 -9999 -9999 -9999
-9999 -9999 -9999 -9999 -9999 -9999 -9999 -9999 -9999 -9999 -9999 -9999 -9999 -9999 0.728194091375851 -9999 0.70606681477181 0.720255655149 0.733596033388904 0.669016960309084 0.65367646420187 0.622626537506874 0.604966804289715 0.595252678664802 0.587929011703024 0.58377915810761 0.591738917134743 0.605641722383902 0.610118385732961 0.609486522463908 0.602844422752402 0.584171057231706 0.586185405589093 0.595575122735602 0.583032198122756 0.574712023523718 0.567596594176241 0.571929355100792 0.567298168023336 0.569977768123292 0.591767204524057 0.603144320253967 -9999 -9999 -9999 -9999 -9999 -9999 -9999 -9999 -9999 -9999 -9999 -9999 -9999 -9999 -9999
-9999 -9999 -9999 -9999 -9999 -9999 -9999 -9999 -9999 -9999 -9999 -9999 -9999 -9999 -9999 -9999 0.710409905155367 0.709002487642713 0.701141699075434 0.675361854355145 0.635437387347551 0.589026544014704 0.572881056760555 0.556690891346197 0.576866109861797 0.597931654012385 0.578400966247604 0.581816450898703 0.589037307559927 0.596799316597683 0.595919171360237 0.577278002859432 0.581234045089928 0.602431526577178 0.594472074793629 0.582429972479656 0.57188225660278 0.554438348655803 0.561544926725623 0.584033790849137 -9999 -9999 -9999 -9999 -9999 -9999 -9999 -9999 -9999 -9999 -9999 -9999 -9999 -9999 -9999 -9999 -9999
-9999 -9999 -9999 -9999 -9999 -9999 -9999 -9999 -9999 -9999 -9999 -9999 -9999 -9999 -9999 -9999 0.694251907551962 0.699873017559306 -9999 0.680929984094497 0.658764868134172 0.612921696515697 0.604266486497906 0.573635110690757 0.545134277474353 0.548231610291839 0.557670450616549 0.569586094814939 0.580959596467932 0.585235788690841 0.584761222790119 0.569937690351535 0.573902837287344 0.598774598131686 0.589399442136904 0.569036895505751 0.543699714176027 0.537170753319728 0.552454493307957 -9999 -9999 -9999 -9999 -9999 -9999 -9999 -9999 -9999 -9999 -9999 -9999 -9999 -9999 -9999 -9999 -9999 -9999
-9999 -9999 -9999 -9999 -9999 -9999 -9999 -9999 -9999 -9999 -9999 -9999 -9999 -9999 -9999 -9999 0.700889066939162 0.706421049432263 -9999 0.642480324153599 0.626266215606334 0.603937307180843 0.59294858696484 0.586147018677674 0.559416340054768 0.53239022226608 0.536809792010241 0.550441949416208 0.562514500229911 0.569680912910723 0.570338798547919 0.562534528005272 0.563103185799325 0.572080485792415 0.563075923387044 0.54122853706888 0.534296841051457 0.553393563422455 0.57181432367012 -9999 -9999 -9999 -9999 -9999 -9999 -9999 -9999 -9999 -9999 -9999 -9999 -9999 -9999 -9999 -9999 -9999 -9999
-9999 -9999 -9999 -9999 -9999 -9999 -9999 -9999 -9999 -9999 -9999 -9999 -9999 -9999 0.726494371704858 0.693282776213648 0.681073902283304 0.681307708812764 -9999 0.69147538858456 0.60416513129108 0.53860791400378 0.526147959913599 0.488508591751797 0.476051793320092 0.515686832710209 0.515045354002723 0.521823866972854 0.535694881757432 0.543721373786866 0.548608545895151 0.553180378941479 0.558556226723697 0.552202986558881 0.539615159968587 0.557934652900135 0.581330332481998 0.579745891243436 0.578410296079164 -9999 -9999 -9999 -9999 -9999 -9999 -9999 -9999 -9999 -9999 -9999 -9999 -9999 -9999 -9999 -9999 -9999 -9999
-9999 -9999 -9999 -9999 -9999 -9999 -9999 -9999 -9999 -9999 -9999 -9999 -9999 0.740511200698846 0.726315913079358 0.6941776846219 0.67265621899245 0.690367572734368 0.721479095804432 0.671595423543245 0.582138205796325 0.577834930429828 0.566177827264144 0.495147083619472 0.473071928799558 0.477232825516046 0.495715711893841 0.511830274177906 0.527316335930274 0.537351535613522 0.537453789789488 0.538415952537898 0.546193783002707 0.543793888776699 0.541968943012354 0.567331429507026 0.581242710414124 0.576054963681493 0.567269601115537 -9999 -9999 -9999 -9999 -9999 -9999 -9999 -9999 -9999 -9999 -9999 -9999 -9999 -9999 -9999 -9999 -9999 -9999
