layers/veg/veg800.asc
NCOLS 255 
NROWS 330 
XLLCORNER -2985163.8955 
YLLCORNER -3022031.214 
CELLSIZE 25000 
NODATA_value -9999 
[rows 200 to 224 of 330, columns 57 to 113 of 255]
-9999 -9999 -9999 -9999 -9999 -9999 -9999 -9999 -9999 -9999 -9999 -9999 -9999 -9999 -9999 -9999 -9999 -9999 -9999 -9999 0.505143304634557 0.458688790212379 0.346419560311117 0.261455872743115 0.138796220093559 0 0 0.00305969843981065 0.153735226327482 0.223285995172368 0.273361051198564 0.336096270267532 0.362282442207069 0.319854487137277 0.320246929825661 0.380847652413298 0.460579731841593 0.477997522432681 0.487421246753534 0.494991540396684 0.499736905606599 0.50716338174188 0.515222336341846 0.516203622214731 0.516458803876541 0.506677499641205 0.468835031122714 0.452364073597084 0.487570015464375 0.516936393764777 0.5279042227954 0.528413460741628 0.526849738960011 0.524047322661302 0.520306772456346 0.51645778957864 0.513440723153629
-9999 -9999 -9999 -9999 -9999 -9999 -9999 -9999 -9999 -9999 -9999 -9999 -9999 -9999 -9999 -9999 -9999 -9999 -9999 -9999 0.520442811886487 0.479176530500861 0.397014385633262 0.275234110502255 0.150178953750361 0.0458254527497232 0 0.0582861302242932 0.20071595716374 0.270200300405762 0.34812984398723 0.376613322799601 0.374485735960802 0.336848759898107 0.346998396860765 0.398359714715624 0.44708125954621 0.465957001538677 0.473276237221424 0.481123894973441 0.494692095446953 0.506704776384457 0.510847939545813 0.50980977958178 0.505900223969319 0.491993116422368 0.458931436121453 0.457086726483548 0.494562936111179 0.516731336499306 0.526704735544504 0.526343513428966 0.524845934344249 0.522045864922938 0.517826047212463 0.513652589525859 0.51050663491774
-9999 -9999 -9999 -9999 -9999 -9999 -9999 -9999 -9999 -9999 -9999 -9999 -9999 -9999 -9999 -9999 -9999 -9999 -9999 0.521892539336195 0.507360218548015 0.443318258501172 0.315910874237542 0.169817772477636 0.0709694531353876 0 0 0.0584708933299898 0.197840864264752 0.269160788669476 0.347126728953412 0.380684818310459 0.401989503875146 0.350867318231263 0.33043995370425 0.402400979225014 0.431674680114081 0.446110402568317 0.432074849674341 0.440091648057783 0.481249991368892 0.498335973185536 0.500582332146039 0.493348313046891 0.480533036087676 0.453114228631493 0.433636596555813 0.458417894441072 0.495273012681394 0.51430925348766 0.523349615119798 0.523152253962486 0.521646547628269 0.518759656072628 0.51442251911262 0.510087973510279 0.50711201829702
-9999 -9999 -9999 -9999 -9999 -9999 -9999 -9999 -9999 -9999 -9999 -9999 -9999 -9999 -9999 -9999 -9999 -9999 -9999 0.510975186773599 0.482036208580442 0.433912936300942 0.345481138465113 0.166737884941999 0.0316809579050543 0 0 0.0263779984813365 0.166146177470997 0.233659596184214 0.332918950586608 0.384693705064936 0.406632127132264 0.37014093849739 0.347371996479555 0.400989645766964 0.425743583822481 0.417957932613176 0.393532811722695 0.416197230584158 0.470752092700449 0.490142263557602 0.483132906659139 0.465116317361243 0.457662090930936 0.425110741780441 0.405143152419509 0.449047480210434 0.493453181142525 0.510305557021385 0.517295543559708 0.518118478947506 0.517930901466892 0.515307302536683 0.510918346475684 0.506627652673345 0.503801494520957
-9999 -9999 -9999 -9999 -9999 -9999 -9999 -9999 -9999 -9999 -9999 -9999 -9999 -9999 -9999 -9999 -9999 -9999 -9999 0.500262546072189 0.495355800955999 0.458898071104548 0.37530770902355 0.226967541194825 0.0566218694063791 0 0.0258009355925198 0.126818630971267 0.165888379717242 0.214643268861434 0.303045825214927 0.362381896786206 0.393735223968849 0.405838749355266 0.371228389593508 0.374385123474218 0.425127310500197 0.401717156621201 0.384326681939667 0.419018040454687 0.4632464345087 0.485395759307991 0.463714814273007 0.431385584245121 0.415515934990863 0.378989901804056 0.391391158912874 0.451604340035838 0.489845407036356 0.504252734618782 0.510494323972403 0.512499875756247 0.513448131336503 0.510405625199059 0.506404534041346 0.504049491374583 0.501775752425702
-9999 -9999 -9999 -9999 -9999 -9999 -9999 -9999 -9999 -9999 -9999 -9999 -9999 -9999 -9999 -9999 -9999 -9999 -9999 0.459806676611917 0.460084308907149 0.431640407053274 0.360000021151917 0.239499669053805 0.101420799408466 0 0.040133905307381 0.169472861310547 0.184874704009403 0.188511930586301 0.284973537229091 0.352927729374265 0.366668832487851 0.342925564155008 0.328791711920395 0.369989349183839 0.426935920900711 0.408142695017097 0.392544698563224 0.419314247544251 0.457714379979761 0.477493231577872 0.438387015004703 0.389074727010045 0.357130324379151 0.346315372274866 0.408792964678473 0.456805380366279 0.484700239731207 0.496369526722218 0.5029560616139 0.505669894444035 0.507279015437888 0.505672193713041 0.502674150353503 0.500574770013898 0.499121894169183
-9999 -9999 -9999 -9999 -9999 -9999 -9999 -9999 -9999 -9999 -9999 -9999 -9999 -9999 -9999 -9999 -9999 -9999 -9999 0.418783300540195 0.404127452552794 0.391923236873489 0.304590752988576 0.174728596329197 0.0827107350957966 0 0.000381495202291644 0.16946718603138 0.21357773208292 0.19136299344436 0.28373117233292 0.350845542138935 0.32413577217386 0.232595481493878 0.265381508585185 0.385263662319192 0.429776616085586 0.425185984394512 0.414668495437563 0.423370607099696 0.453439275220716 0.470158197254368 0.422513142385039 0.362685239345935 0.321716494408121 0.33641881517689 0.431483567824176 0.465477606170833 0.479151825931528 0.488524907202964 0.495662056011991 0.499284674508118 0.501737669527275 0.501648490695116 0.499283772238826 0.497496656513636 0.496892659839732
-9999 -9999 -9999 -9999 -9999 -9999 -9999 -9999 -9999 -9999 -9999 -9999 -9999 -9999 -9999 -9999 -9999 -9999 -9999 0.45137879652682 0.418805463401159 0.364885745507718 0.246950982384581 0.0848676389357148 0.00124301350487189 0 0.00619403794442665 0.17967858498301 0.205979915620639 0.199097622063335 0.307447200377261 0.366953711380167 0.312135564534981 0.262765913274197 0.356648370224926 0.413085467390833 0.429488493923901 0.431296209381293 0.424827530042502 0.427352983019312 0.449362180266211 0.466650324158957 0.439450253997205 0.378034523122 0.306108729328593 0.317495173397349 0.415763720696202 0.460254161354809 0.475437663923454 0.483301462309389 0.490920301252445 0.495195741817712 0.498106722644473 0.49886142649327 0.497539414089265 0.495942945679588 0.495578197939959
-9999 -9999 -9999 -9999 -9999 -9999 -9999 -9999 -9999 -9999 -9999 -9999 -9999 -9999 -9999 -9999 -9999 -9999 -9999 -9999 0.451222272107442 0.403451682998335 0.305007603377262 0.133668402305493 0.0172512115887787 0 0.0353274106279275 0.153878800538494 0.14962412112769 0.143883916361701 0.282022334604233 0.352773760829116 0.366259353875743 0.359974632546415 0.391094058443444 0.404616558263193 0.414982453097937 0.429020186789135 0.431020820307622 0.424474072613424 0.437271176774483 0.455203939273895 0.449194100613337 0.412103918926493 0.320735279313733 0.319667501065539 0.422752172304817 0.458832157043058 0.470867089476848 0.478994024965322 0.485891462862565 0.490241671216377 0.493535995500209 0.495432815495218 0.494751258949814 0.493491217568451 0.494081015409997
-9999 -9999 -9999 -9999 -9999 -9999 -9999 -9999 -9999 -9999 -9999 -9999 -9999 -9999 -9999 -9999 -9999 -9999 -9999 -9999 0.416795118923421 0.419236651135668 0.351265119645324 0.210614408381264 0.0463579942404821 0 0.0386322213510546 0.149839541001761 0.124462674644799 0.136833335869985 0.243462773669122 0.329693071940105 0.384720648736788 0.387034894927681 0.390946157067639 0.39488159503511 0.397239076031137 0.413897853635493 0.423972651475624 0.424560425438366 0.432321687943688 0.439547942975746 0.437799375003042 0.406497397985719 0.356560137551336 0.371226077302143 0.426477626907063 0.450113568795717 0.465869980140685 0.474227234270788 0.481391052183459 0.485919934258959 0.489643161314012 0.492200362519077 0.491541049005025 0.490071247139757 0.49167007941848
-9999 -9999 -9999 -9999 -9999 -9999 -9999 -9999 -9999 -9999 -9999 -9999 -9999 -9999 -9999 -9999 -9999 -9999 -9999 -9999 0.40361239307973 0.388357636703502 0.314891790212491 0.187610744355527 0.0790683217652781 0 0 0.0756910494179891 0.0532729149925064 0.171508187984749 0.273572324935774 0.337127516489875 0.380953025127604 0.385881585247199 0.391290045964895 0.393395711241011 0.389161732417557 0.398259994148083 0.413498098511676 0.412762258874581 0.411225927604526 0.415519337125834 0.407291681905287 0.382730961648041 0.351940368410335 0.364852349116249 0.421495405928783 0.447144713927501 0.463004228156527 0.471055475958718 0.478516481259329 0.483387757294071 0.48709610130404 0.489585265308892 0.49018532163684 0.48884736839005 0.488315820502234
-9999 -9999 -9999 -9999 -9999 -9999 -9999 -9999 -9999 -9999 -9999 -9999 -9999 -9999 -9999 -9999 -9999 -9999 -9999 -9999 -9999 0.406117328213058 0.337457864860622 0.203176825561817 0.0671245796435035 0 0 0 0.0203017124382095 0.168075579198629 0.285276234735589 0.346400560139955 0.372362375068458 0.377020760792783 0.384095381254 0.391020528736914 0.383624760163221 0.382509463880652 0.397418015281201 0.396049318499636 0.378267508626327 0.362779062567934 0.372062148988019 0.382968807152219 0.347616150909756 0.347174923944472 0.409372689284211 0.437534913292749 0.460053149963808 0.469231046421586 0.475889350709422 0.480213282586791 0.483812115973164 0.485745097728024 0.486439840261793 0.485438314247258 0.484078605155345
-9999 -9999 -9999 -9999 -9999 -9999 -9999 -9999 -9999 -9999 -9999 -9999 -9999 -9999 -9999 -9999 -9999 -9999 -9999 -9999 -9999 0.437763433608148 0.392894109249028 0.266336356389685 0.150190417583892 0.0152472450167977 0 0 0 0.167923420703577 0.282316050168938 0.336414844210804 0.363579162907082 0.368155375483608 0.376581148694749 0.386592437595345 0.37516878443007 0.366269187845244 0.382616892144691 0.378865876707794 0.340327090195947 0.321413932899275 0.355512851534428 0.374646550136484 0.355090486986627 0.358334831792136 0.405143320136658 0.436328424835031 0.456680308992756 0.46725012840596 0.474087017927534 0.477577386951985 0.480651038463762 0.482553018944586 0.482869980077797 0.48213360954199 0.480478545344158
-9999 -9999 -9999 -9999 -9999 -9999 -9999 -9999 -9999 -9999 -9999 -9999 -9999 -9999 -9999 -9999 -9999 -9999 -9999 -9999 -9999 0.454406281055525 0.363224694520135 0.285092775972503 0.191315075894805 0 0 0 0.0305331669912931 0.170289906219864 0.294371359090472 0.339941216255025 0.356138400461496 0.361684358810495 0.370585097883337 0.382074446030918 0.384369918076031 0.376449339116627 0.373910502251807 0.353530732245262 0.299324085259138 0.30261207451043 0.351918024483882 0.359610529595502 0.361927955703922 0.383269880078318 0.412498627524071 0.437804609743867 0.455918458887375 0.465807588949186 0.472922042335958 0.476450086125426 0.479128092087047 0.480667213344896 0.481303780938355 0.480647184571224 0.478600296192898
-9999 -9999 -9999 -9999 -9999 -9999 -9999 -9999 -9999 -9999 -9999 -9999 -9999 -9999 -9999 -9999 -9999 -9999 -9999 -9999 0.457500175380028 0.451432422438296 0.390675608656928 0.323895786399671 0.274257120582234 0.105468337704942 0 0 0 0.16690917304355 0.289858511495872 0.326070468950072 0.345190054641066 0.352409968586266 0.362250630919122 0.375428503972191 0.381349894557174 0.373976500063749 0.370856102172161 0.347788876398646 0.31305860163526 0.329480448061631 0.340040612506936 0.336257177157826 0.362260406388725 0.39485184455555 0.41760990695271 0.438107158766389 0.452848340758424 0.462731145710801 0.470450785061169 0.474189703214021 0.476034369180401 0.476663080427486 0.476526629903497 0.476914679329838 0.476244503497401
-9999 -9999 -9999 -9999 -9999 -9999 -9999 -9999 -9999 -9999 -9999 -9999 -9999 -9999 -9999 -9999 -9999 -9999 -9999 -9999 0.430599715381774 0.430500484374256 0.385717160731386 0.340103135272133 0.242666716538144 0.010477261627618 0 0 0 0.183361768147657 0.287412844363032 0.310700146788916 0.336521006741356 0.347768083823684 0.357076148019689 0.368944259205479 0.373944354836 0.369478630549369 0.37329520411491 0.367220243859993 0.347561404249727 0.352926964870243 0.357512140218388 0.36121726043165 0.38223468581455 0.401851762760902 0.422165811652459 0.440227652087929 0.451676009675423 0.460254654606591 0.467307862965421 0.471140173582477 0.472418194689308 0.472337402002825 0.472357837915434 0.472232984489638 0.471844284018087
-9999 -9999 -9999 -9999 -9999 -9999 -9999 -9999 -9999 -9999 -9999 -9999 -9999 -9999 -9999 -9999 -9999 -9999 -9999 -9999 0.422364630510062 0.410023232851067 0.374602141810327 0.35116629309752 0.284203134061505 0.0767195659846445 0 0 0.00803460039061683 0.213531962943833 0.287469377973049 0.304874781289358 0.325981928241177 0.344312194838865 0.354078521794515 0.365453544062069 0.371132666984507 0.369425109681916 0.375002992663735 0.370855741792279 0.352704656427803 0.358387158023354 0.368789202547548 0.372859335092349 0.388449557533341 0.40751742900722 0.425005418185501 0.440043615415204 0.450161227776567 0.458522379715492 0.464846288582589 0.467933172512775 0.468920421326844 0.469392315091991 0.469604201039926 0.469604870430381 0.469538829556326
-9999 -9999 -9999 -9999 -9999 -9999 -9999 -9999 -9999 -9999 -9999 -9999 -9999 -9999 -9999 -9999 -9999 -9999 -9999 -9999 0.438643257490524 0.424519064968813 0.398740426220027 0.378955956610449 0.353249258970458 0.232723648469629 0.0108154519875944 0 0.00123338862729522 0.207130086311451 0.282329721363 0.276058040512414 0.2972077345018 0.333446745598845 0.348929437009928 0.360992673479703 0.369385549505524 0.37532283603939 0.38166855956312 0.374765144884436 0.361084417186038 0.368604890532066 0.384508685306973 0.3957548407925 0.407062259883756 0.418361441800434 0.430645928077405 0.441514913864051 0.449032559427257 0.456524695168824 0.461163516597779 0.462846431574757 0.463701893207822 0.464705351159325 0.465418939011756 0.465980748367422 0.466576353247833
-9999 -9999 -9999 -9999 -9999 -9999 -9999 -9999 -9999 -9999 -9999 -9999 -9999 -9999 -9999 -9999 -9999 -9999 -9999 -9999 0.45514023452917 0.440949310077757 0.41254302382546 0.377410472543157 0.343268257769436 0.21998218511853 0 0 0.0458060007598591 0.175517639370964 0.26155450690823 0.25634717104664 0.28812775182721 0.325739269913012 0.342586650039661 0.356711359894763 0.365426378285373 0.37177332037132 0.375222717114289 0.367184942413869 0.359833073190557 0.369817672241561 0.38424943592088 0.396648660844804 0.409507415623744 0.419917810831299 0.429991528102988 0.440093140616452 0.446653318930111 0.451789392915299 0.455732177026206 0.457543190860115 0.459168850197228 0.460708038767614 0.461585148815588 0.462635690348051 0.463323401136862
-9999 -9999 -9999 -9999 -9999 -9999 -9999 -9999 -9999 -9999 -9999 -9999 -9999 -9999 -9999 -9999 -9999 -9999 -9999 0.452186483358992 0.449624436691487 0.425083471615344 0.365145284137129 0.30820425800519 0.268636680139105 0.13588406839062 0 0 0 0.136086558020414 0.233409155393693 0.239562144245946 0.278810878885872 0.320954298202419 0.33886646345668 0.353539931735722 0.362549449514817 0.369109305337535 0.36645115673418 0.356562121730283 0.360610202727806 0.374123090605547 0.385721257150902 0.397357432063072 0.409397696053615 0.419310675693286 0.428082629999509 0.437341501657424 0.444083535865529 0.448271133283931 0.451657136719078 0.453965749992255 0.455986186033232 0.458052939102965 0.45921981860452 0.460302508542215 0.461585356645219
-9999 -9999 -9999 -9999 -9999 -9999 -9999 -9999 -9999 -9999 -9999 -9999 -9999 -9999 -9999 -9999 -9999 -9999 -9999 0.424299857080706 0.425082486721455 0.419457304827817 0.382170850204472 0.349642944782972 0.333649435247267 0.177625825209979 0 0 0 0.0992849875156129 0.18262517500995 0.219448666050865 0.279749549413259 0.316707778184426 0.334303489989841 0.348719134399339 0.357486697797297 0.364633872425271 0.36045604222098 0.349364540353812 0.358499755645512 0.375881599844022 0.385801680683562 0.39612239884925 0.40727269653466 0.416273771672048 0.424293852293234 0.432957737979742 0.439027630995944 0.442827074337139 0.446226252758591 0.448650517650992 0.451121129364748 0.453687002987032 0.454851799591879 0.456129230434526 0.458081800179699
-9999 -9999 -9999 -9999 -9999 -9999 -9999 -9999 -9999 -9999 -9999 -9999 -9999 -9999 -9999 -9999 -9999 -9999 -9999 0.41189026469763 0.421022310282689 0.42837579898877 0.412885460186813 0.381238869827123 0.274759545131051 0.11412375468384 0 0 0.0486500022317831 0.101369189690837 0.177713604578659 0.20891373741378 0.277082191043349 0.317436878788375 0.331477112649361 0.343415967067921 0.352552047633769 0.359750652220275 0.359649942982226 0.353660851740221 0.360201697180291 0.374385940642367 0.384232318233059 0.393543477041926 0.404239529339832 0.412716874673472 0.420338025126031 0.428990378824881 0.434389517582947 0.437931566858955 0.441362333769191 0.443644423422609 0.446179880866977 0.449077918855028 0.45085564975388 0.452325934653151 0.454484987799845
-9999 -9999 -9999 -9999 -9999 -9999 -9999 -9999 -9999 -9999 -9999 -9999 -9999 -9999 -9999 -9999 -9999 -9999 -9999 0.425473590310054 0.421878569330651 0.423440684151127 0.401086105548838 0.35706870734539 0.239422274937398 0.0727061075525083 0 0 0.0552140385731511 0.135037708616649 0.186876555265589 0.209158463191668 0.268921745089683 0.31374925542058 0.328548700601778 0.340450212499262 0.34936386445149 0.35631814021265 0.361032000411655 0.360479931361948 0.36259129412485 0.372058327469899 0.381299509994313 0.390003383329188 0.400165719534527 0.408629622261384 0.416342350792085 0.424794997234204 0.43019147380536 0.433736966984818 0.437420680950638 0.43985050477085 0.442249110921679 0.445142860125805 0.446960755436925 0.448527995083383 0.451202050996237
-9999 -9999 -9999 -9999 -9999 -9999 -9999 -9999 -9999 -9999 -9999 -9999 -9999 -9999 -9999 -9999 -9999 -9999 -9999 0.449010715078096 0.437108947074574 0.406731466887131 0.391549616037569 0.357020583971837 0.25457444675311 0.115032124402846 0 0 0.0888446940468355 0.169323277461019 0.196721900824152 0.205217679733415 0.246006820054666 0.301573140271324 0.325716034132168 0.338609514128011 0.345998347266326 0.352250470143255 0.359346876573099 0.363520078407328 0.365163402565953 0.370738254252337 0.377588197352344 0.384930167497435 0.393325649040041 0.399894981192787 0.408603324052547 0.417910497237516 0.423369825188701 0.427598185954888 0.431721200127742 0.434457481066912 0.437006860520837 0.439867494669174 0.441900066238096 0.443886676671186 0.446671130913497
-9999 -9999 -9999 -9999 -9999 -9999 -9999 -9999 -9999 -9999 -9999 -9999 -9999 -9999 -9999 -9999 -9999 -9999 -9999 0.439907980366022 0.433986270008509 0.416472943294158 0.38837909999182 0.328702360406934 0.241400567166075 0.128249891945602 0 0 0.130753646974302 0.193868231857255 0.202935634965168 0.203104979127826 0.224176483752047 0.278221362460057 0.321346681333444 0.33702278879214 0.343655596929189 0.349049435209132 0.355561500930383 0.360343143123203 0.362578062071322 0.367000871242153 0.372630185283115 0.378740433509064 0.38573371401404 0.392099717316006 0.401448173697176 0.410529818508859 0.415944746506484 0.420586886164797 0.425257331319189 0.428336962782901 0.431329940256745 0.434840183803833 0.437537547503888 0.439705420318652 0.442254030295731
