layers/veg/veg800.asc
NCOLS 255 
NROWS 330 
XLLCORNER -2985163.8955 
YLLCORNER -3022031.214 
CELLSIZE 25000 
NODATA_value -9999 
[rows 75 to 99 of 330, columns 0 to 56 of 255]
-9999 -9999 -9999 -9999 -9999 -9999 -9999 -9999 -9999 -9999 -9999 -9999 -9999 -9999 -9999 -9999 -9999 -9999 -9999 -9999 -9999 -9999 -9999 -9999 -9999 0.700654797356517 0.69049133378274 0.711436710823839 0.735995289270137 0.747656757699986 0.74943062239503 0.694032351208543 0.528100860373681 0.338441993368414 0.303221141986059 0.296576149792407 0.277438924990744 0.471794465310009 0.643919612045687 0.685271331451775 0.705339118582001 0.716673052021571 0.725370007870308 0.736419777489728 0.745713820661062 0.752177495461773 0.755345022682841 0.755623157877161 0.7566632794784 0.758361924918491 0.759394869779104 0.762166814029879 0.764987872079159 0.766617531820085 0.768464575251319 0.771644709246806 0.774005598778488
-9999 -9999 -9999 -9999 -9999 -9999 -9999 -9999 -9999 -9999 -9999 -9999 -9999 -9999 -9999 -9999 -9999 -9999 -9999 -9999 -9999 -9999 -9999 -9999 -9999 0.705503284303566 0.702623957551371 0.72647103195303 0.747488469495363 0.759353145942425 0.76308804042673 0.747277280300995 0.606798985475997 0.386794388290507 0.30466208523735 0.300058380723756 0.343966587203698 0.50115996020377 0.619868879595888 0.670889944839833 0.708738645606159 0.722402364186292 0.730050058488721 0.735406002790934 0.743537707920038 0.752000238646514 0.756760620823043 0.75904955808225 0.758084665263892 0.758911205928136 0.757645137143898 0.757714110408766 0.762694071418527 0.765163491948306 0.767300075342153 0.769651617709816 0.773390945758419
-9999 -9999 -9999 -9999 -9999 -9999 -9999 -9999 -9999 -9999 -9999 -9999 -9999 -9999 -9999 -9999 -9999 -9999 -9999 -9999 -9999 -9999 -9999 -9999 -9999 0.730688895612307 0.718601600380485 0.727176649632254 0.757600771892727 0.772446292433398 0.777246892775724 0.777231608041375 0.716247845461643 0.547636974022888 0.358175301715958 0.262902041987171 0.318793806670944 0.492563136390901 0.611319500690814 0.661811550638335 0.721119941406275 0.736653539155117 0.742684771457149 0.745420571783727 0.747362712442828 0.749699653049681 0.753488812310036 0.757120215954678 0.760366159378 0.761425616051285 0.759577622914397 0.760192140015649 0.761353877945075 0.763093878323421 0.766512234143065 0.768510415919279 0.770534271123161
-9999 -9999 -9999 -9999 -9999 -9999 -9999 -9999 -9999 -9999 -9999 -9999 -9999 -9999 -9999 -9999 -9999 -9999 -9999 -9999 -9999 -9999 -9999 -9999 -9999 0.755580262600073 0.752008529092057 0.759391057240127 0.772958492891963 0.784526504416662 0.796288488986928 0.790906253649024 0.711044391863933 0.505043482697106 0.330303053037255 0.324743937146339 0.380893870125906 0.489503592381469 0.645434049728114 0.714990265613077 0.746622700211089 0.750675926744915 0.750345878822994 0.750425764815701 0.751153745935393 0.752488112481835 0.75386150468669 0.755437387523746 0.756084125348431 0.758884961867819 0.761575119853529 0.760888283793067 0.759937270306405 0.758737944795081 0.758901703835441 0.762119327240303 0.767355497012868
-9999 -9999 -9999 -9999 -9999 -9999 -9999 -9999 -9999 -9999 -9999 -9999 -9999 -9999 -9999 -9999 -9999 -9999 -9999 -9999 -9999 -9999 -9999 -9999 -9999 0.762293610241161 0.764425383620656 0.771259984346631 0.790466898222801 -9999 0.801570235175751 0.787050553155703 0.673521244831102 0.466532220963918 0.346882515386691 0.405004496534219 0.511968136689155 0.580043422933876 0.646604650531301 0.708967693636517 0.754794682527177 0.755996763860964 0.754614273521011 0.753801142705391 0.753859169996226 0.754587214731812 0.754155151162326 0.753615811480682 0.753743162965693 0.756609171128482 0.760520334565699 0.760608277945213 0.758990782844705 0.758939153676206 0.758693637941465 0.760077529405411 0.763840152878026
-9999 -9999 -9999 -9999 -9999 -9999 -9999 -9999 -9999 -9999 -9999 -9999 -9999 -9999 -9999 -9999 -9999 -9999 -9999 -9999 -9999 -9999 -9999 -9999 -9999 -9999 -9999 0.783347789382239 0.796361705200603 0.808696129989489 0.795039953308261 0.659995775728962 0.405942973107345 0.350922125592413 0.422382019377113 0.436952062658534 0.534029175789391 0.669754303339318 0.719148744132731 0.753896354674672 0.765762184738336 0.764942236772681 0.762116432560913 0.760804279042764 0.759943321787125 0.759285928496693 0.758746950693595 0.75834591442317 0.758152479967792 0.758050674081003 0.760025978064868 0.762547434968169 0.761732797421936 0.760688335717718 0.760357007719837 0.759519977942209 0.759616438817954
-9999 -9999 -9999 -9999 -9999 -9999 -9999 -9999 -9999 -9999 -9999 -9999 -9999 -9999 -9999 -9999 -9999 -9999 -9999 -9999 -9999 -9999 -9999 -9999 -9999 -9999 -9999 -9999 -9999 0.817185976432691 0.75435403548403 0.624086372580368 0.399900206425845 0.397430132474043 0.442166098388617 0.440967803435863 0.561169402712483 0.686723138533997 0.704704685973881 0.747712935844086 0.768357905555874 0.77246845190329 0.768253434036994 0.766000199524655 0.76444337308741 0.763304462905936 0.762507110567865 0.761357143531519 0.759804963221117 0.759529734825693 0.75965336019745 0.759370971452368 0.759803654980672 0.759763467119475 0.759807011048706 0.758547790019346 0.757287580124818
-9999 -9999 -9999 -9999 -9999 -9999 -9999 -9999 -9999 -9999 -9999 -9999 -9999 -9999 -9999 -9999 -9999 -9999 -9999 -9999 -9999 -9999 -9999 -9999 -9999 -9999 -9999 -9999 -9999 -9999 0.76946499994998 0.573840839206186 0.494611062173646 0.508675976935659 0.44322445374142 0.527241854810864 0.641433396593431 0.634628439544562 0.6580139359344 0.746738905594517 0.768109824563437 0.777442317798115 0.773566565520424 0.770318469206764 0.767820771327985 0.76611855330178 0.764491885197467 0.762398790863776 0.760729110068495 0.759575707326744 0.758877792771202 0.758699311573403 0.758296428098432 0.757647476478656 0.757259873041085 0.756202487816421 0.755301056257938
-9999 -9999 -9999 -9999 -9999 -9999 -9999 -9999 -9999 -9999 -9999 -9999 -9999 -9999 -9999 -9999 -9999 -9999 -9999 -9999 -9999 -9999 -9999 -9999 -9999 -9999 -9999 -9999 0.826398893753858 0.832233575334813 0.806050917470411 0.677799994955481 0.572189809736225 0.525945343240283 0.450223765664367 0.548351140893913 0.690888751363645 0.68987119339088 0.713414338510305 0.774456840113352 0.780433205335906 0.776064301002573 0.779037815105614 0.775207861439832 0.771483993064551 0.769102369096799 0.766918804405065 0.763669056866145 0.761557217223947 0.760067104652013 0.75852545606323 0.757511594910902 0.75663971691205 0.756085932733268 0.755638007568733 0.754079983945828 0.751141808575961
-9999 -9999 -9999 -9999 -9999 -9999 -9999 -9999 -9999 -9999 -9999 -9999 -9999 -9999 -9999 -9999 -9999 -9999 -9999 -9999 -9999 -9999 -9999 -9999 -9999 -9999 -9999 0.817531587997086 0.825145883687169 0.827789840517583 0.785099576361684 0.647128499483849 0.517624696917845 0.488124394686786 0.533221113079413 0.622389957960116 0.657626071101613 0.671963613596784 0.706484665706808 0.752046301696891 0.771420187847009 0.765312528536548 0.784571616954492 0.780923079097253 0.776214671866702 0.772883402393116 0.769399255081368 0.76510439690652 0.762003951211116 0.759779237026609 0.757816532753458 0.756589212205313 0.755524139794833 0.754199847623376 0.752770013353868 0.751444138581433 0.748432254554039
-9999 -9999 -9999 -9999 -9999 -9999 -9999 -9999 -9999 -9999 -9999 -9999 -9999 -9999 -9999 -9999 -9999 -9999 -9999 -9999 -9999 -9999 -9999 -9999 -9999 -9999 0.806413857188672 0.810640443034638 0.810200849019229 0.800102820384014 0.767303505522307 0.69863623321923 0.578083196256776 0.519331921804167 0.600145272888857 0.681534766214815 0.661772986482635 0.653829763806824 0.708762524620139 0.758105455982758 0.778461035370243 0.766598274232629 0.787701779610541 0.786198848506764 0.780462731308559 0.77588152963755 0.771549878639233 0.766645602446988 0.762766939072915 0.7598157411448 0.757190232060099 0.755705395623149 0.754632179432911 0.752566011561653 0.750213097999261 0.74898138265242 0.747567463591913
-9999 -9999 -9999 -9999 -9999 -9999 -9999 -9999 -9999 -9999 -9999 -9999 -9999 -9999 -9999 -9999 -9999 -9999 -9999 -9999 -9999 -9999 -9999 -9999 -9999 0.790790935413845 0.78666104199917 0.783834120231757 0.781774054387063 0.757521613863868 0.698723253093204 0.670632534855533 0.674001041379685 0.59503987717506 0.57883931742479 0.637363242467461 0.643439650834368 0.702978963370003 0.725731522070782 0.7638385433231 0.794582637845639 0.784889565873518 0.789218265690748 0.789832837528423 0.783803544262314 0.778837201400896 0.773667787336186 0.768023990721231 0.763815993918176 0.760815854217299 0.757711927929078 0.755116995275904 0.753016991216415 0.750448706780461 0.748047668296353 0.746590750494473 0.744886559510956
-9999 -9999 -9999 -9999 -9999 -9999 -9999 -9999 -9999 -9999 -9999 -9999 -9999 -9999 -9999 -9999 -9999 -9999 -9999 -9999 -9999 -9999 -9999 -9999 -9999 0.788605809935687 0.762192313500825 0.736284489357318 0.756296720311368 0.773075406494538 0.732261405748633 0.658038939185466 0.609892836938006 0.578149778864075 0.551632585425828 0.603253470238072 0.686569641895929 0.735368199411952 0.773290858372089 0.789840851707478 0.790962479464369 0.784439272281997 0.799390719079131 0.794065909794669 0.786620080139862 0.780414909884438 0.775876163414589 0.770394632845655 0.765958239186002 0.761998385457191 0.757325745553705 0.75355669873848 0.750850734079966 0.747901160257088 0.745923136808124 0.743939834878742 0.741683361015074
-9999 -9999 -9999 -9999 -9999 -9999 -9999 -9999 -9999 -9999 -9999 -9999 -9999 -9999 -9999 -9999 -9999 -9999 -9999 -9999 -9999 -9999 -9999 -9999 -9999 0.765921827733862 0.743365629668224 0.748297193172944 0.794612379945314 0.805761679685974 0.756723597281878 0.669112371932799 0.575208441187187 0.554470840778074 0.604774371113453 0.598157137414363 0.609152969489875 0.695323740988686 0.763024148705858 0.792380876432769 0.776097387217333 0.76640656908128 0.798688899876821 0.796773965481185 0.789436677336587 0.783089107210522 0.777941474982094 0.771694368882614 0.766431923753348 0.761815055772734 0.756241092754748 0.752379425609101 0.749268155251392 0.745494622454628 0.74303052286122 0.741533875469699 0.739512856717337
-9999 -9999 -9999 -9999 -9999 -9999 -9999 -9999 -9999 -9999 -9999 -9999 -9999 -9999 -9999 -9999 -9999 -9999 -9999 -9999 -9999 -9999 -9999 -9999 -9999 0.756901560840835 0.75101197205784 0.788165687948315 0.806801323723333 0.798942294599188 0.733946396001116 0.645628363669912 0.525504051905211 0.479917270060658 0.58457919172869 0.636329328143603 0.655673579428798 0.702345095686006 0.761142622237951 0.786127131963023 0.755924525172848 0.725468198129895 0.766522824040787 0.791769335322527 0.786276006147626 0.779780650250612 0.774548123588344 0.770454236467023 0.765797325797775 0.760676926582031 0.754659794797778 0.751102503869277 0.748291610704318 0.744306962613527 0.741499724187239 0.73996262208545 0.737927641118669
-9999 -9999 -9999 -9999 -9999 -9999 -9999 -9999 -9999 -9999 -9999 -9999 -9999 -9999 -9999 -9999 -9999 -9999 -9999 -9999 -9999 -9999 -9999 -9999 -9999 0.777084554903064 0.782848270753962 0.80383333221001 0.811227616791513 0.811109012440993 0.731413548162202 0.613766739963199 0.528163309070075 0.483998850247567 0.571866175901826 0.632846925914498 0.63881391094047 0.685901048336128 0.725189109150396 0.725020555685472 0.707955549208128 0.674584266552199 0.695231742627072 0.740462235328455 0.752654180618856 0.767726131867639 0.770122028823177 0.766400829839041 0.764410395136968 0.758715222778435 0.749188053167549 0.746160077302131 0.746195789842249 0.743523083690976 0.741116498893029 0.738840178386296 0.735954792440875
-9999 -9999 -9999 -9999 -9999 -9999 -9999 -9999 -9999 -9999 -9999 -9999 -9999 -9999 -9999 -9999 -9999 -9999 -9999 -9999 -9999 -9999 -9999 -9999 -9999 -9999 0.789674872859588 0.803038274126443 0.806013439937376 0.810363518147921 0.791584174812951 0.714790549911851 0.575390360301411 0.447593246051056 0.4989664336264 0.629618655275778 0.688544280058368 0.692275031732627 0.679799546925527 0.670411640869989 0.631807432157698 0.626646889918886 0.654141929467428 0.681314507750862 0.682549211192816 0.716525475433578 0.769885399165673 0.766284520546996 0.763492635615699 0.757725870550622 0.745405463880776 0.742854369905966 0.744843410982902 0.743035099478492 0.740177357945145 0.737526599540262 0.734860587697327
-9999 -9999 -9999 -9999 -9999 -9999 -9999 -9999 -9999 -9999 -9999 -9999 -9999 -9999 -9999 -9999 -9999 -9999 -9999 -9999 -9999 -9999 -9999 -9999 -9999 -9999 0.788246239074031 0.802249104703869 0.805125680233253 0.800363370851298 0.801766986833794 0.785111115945237 0.650700002390432 0.520649560690724 0.579167674428217 0.650668187591361 0.7030385191745 0.716614839634663 0.625717938481682 0.563129538721093 0.571097888020021 0.614923527452938 0.664641464186912 0.67649977783472 0.666226058968905 0.683095447752741 0.744415967661095 0.768807121328731 0.76586622069086 0.757477196336273 0.747441890474821 0.744109474735264 0.74403057790215 0.742127576967582 0.738299561396345 0.736184973058354 0.734261131601362
-9999 -9999 -9999 -9999 -9999 -9999 -9999 -9999 -9999 -9999 -9999 -9999 -9999 -9999 -9999 -9999 -9999 -9999 -9999 -9999 -9999 -9999 -9999 -9999 -9999 -9999 -9999 0.804643145661239 0.809315929454568 0.806920718575299 0.804083290669613 0.790130792283361 0.687249712670751 0.574862081805764 0.550027699855338 0.533916102276173 0.625062787795136 0.720434054200801 0.68605657771435 0.583783586126595 0.494693578726003 0.485977813120169 0.515428282315843 0.630743297210818 0.675693066135432 0.627973781055636 0.665923858159044 0.747969284341878 0.762195695707621 0.757960139345979 0.749626342642793 0.74451612624947 0.745111370138943 0.742837872751344 0.738922988758492 0.735765921494215 0.732867693984467
-9999 -9999 -9999 -9999 -9999 -9999 -9999 -9999 -9999 -9999 -9999 -9999 -9999 -9999 -9999 -9999 -9999 -9999 -9999 -9999 -9999 -9999 -9999 -9999 -9999 -9999 -9999 0.794327798530051 0.80936190599141 0.814565146671594 0.816963337948736 0.815490406440208 0.780724146677151 0.64525588587381 0.560823319290273 0.60933128302607 0.642545982390915 0.660085396865283 0.581634723755284 0.487081157025506 0.490393108198057 0.465382522081455 0.400133750816134 0.488655605497727 0.597859275078828 0.610251192076186 0.661856955015059 0.706528947375385 0.730125446456709 0.753216218421286 0.749265609010983 0.744992117104882 0.746475785481736 0.743267321750728 0.739335636834582 0.734936296324709 0.728664164439372
-9999 -9999 -9999 -9999 -9999 -9999 -9999 -9999 -9999 -9999 -9999 -9999 -9999 -9999 -9999 -9999 -9999 -9999 -9999 -9999 -9999 -9999 -9999 -9999 -9999 -9999 0.775379120693643 0.790991080069264 0.805869947618644 0.812533575112662 0.815851932019275 0.810075323321172 0.787976758003462 0.652709070709989 0.527437442422237 0.59575106950769 0.629134858357331 0.63703220304723 0.630194890253675 0.534303610441095 0.506059755063011 0.495308124923678 0.470663374622727 0.517879807432212 0.561461014792668 0.603201210654233 0.681358724991684 0.717274361167934 0.710552418857965 0.723392231735604 0.740269200378738 0.743028413752808 0.746514886874137 0.744923775924242 0.740288358031298 0.734293514286115 0.727316062897547
-9999 -9999 -9999 -9999 -9999 -9999 -9999 -9999 -9999 -9999 -9999 -9999 -9999 -9999 -9999 -9999 -9999 -9999 -9999 -9999 -9999 -9999 -9999 -9999 -9999 -9999 -9999 0.773248211985639 0.800629348734208 0.809671324274789 0.815356074396576 0.816454100383696 0.81457767179191 0.735287062418927 0.591309602655996 0.533152825477194 0.529345543358129 0.510663193391137 0.482470052144243 0.53092726714426 0.550358454789783 0.493507353648343 0.529042488568414 0.587181574319066 0.63952409568087 0.689308541528298 0.728854039798181 0.747782156133149 0.733539842991012 0.699252557770202 0.689520142288361 0.713980107357673 0.74491310533128 0.742960961683825 0.737089565392278 0.730657852367766 0.724352959370083
-9999 -9999 -9999 -9999 -9999 -9999 -9999 -9999 -9999 -9999 -9999 -9999 -9999 -9999 -9999 -9999 -9999 -9999 -9999 -9999 -9999 -9999 -9999 -9999 -9999 -9999 -9999 -9999 -9999 -9999 0.812443790983842 0.81860079744424 0.8056063302478 0.792985013759881 0.760094134488481 0.662750308608066 0.563651439720101 0.477098345057772 0.406784230619786 0.468841987381838 0.558521985665055 0.48724114064809 0.477101401752852 0.586165694344479 0.674466612530185 0.713146670844922 0.740533336350577 0.767311464076195 0.745074290302955 0.702489996655792 0.681317772236159 0.704784030428543 0.747945684833374 0.73979876180965 0.729401771692333 0.721895621321213 0.717605773898604
-9999 -9999 -9999 -9999 -9999 -9999 -9999 -9999 -9999 -9999 -9999 -9999 -9999 -9999 -9999 -9999 -9999 -9999 -9999 -9999 -9999 -9999 -9999 -9999 -9999 -9999 -9999 -9999 -9999 -9999 -9999 -9999 0.820279105980597 0.814261697085866 0.786587420647595 0.670366000986955 0.484382957574493 0.388100516730702 0.359963230667379 0.384279832175593 0.4956947927514 0.462171787887913 0.396853421244414 0.530713670531938 0.684410908813048 0.756126878245888 0.76741519026514 0.768259760871155 0.737713936331183 0.717701403887512 0.737154662419721 0.754910847657121 0.755969622353958 0.747977188323156 0.72681258797471 0.717839647086948 0.716979952694681
-9999 -9999 -9999 -9999 -9999 -9999 -9999 -9999 -9999 -9999 -9999 -9999 -9999 -9999 -9999 -9999 -9999 -9999 -9999 -9999 -9999 -9999 -9999 -9999 -9999 -9999 -9999 -9999 -9999 -9999 -9999 -9999 -9999 0.816081543671773 0.799326978379365 0.719516298192957 0.595650344860713 0.511039428250137 0.45993729149738 0.428488593822138 0.442032251533045 0.497921084989677 0.457516247098053 0.474462412767356 0.653405707470519 0.739755685125532 0.766637678896015 0.759901382732337 0.72185550648459 0.706285408913818 0.733962207414376 0.747757254775971 0.758114599695683 0.757924446956929 0.751091640749169 0.74030872166171 0.731826716732367
