layers/veg/veg800.asc
NCOLS 255 
NROWS 330 
XLLCORNER -2985163.8955 
YLLCORNER -3022031.214 
CELLSIZE 25000 
NODATA_value -9999 
[rows 125 to 149 of 330, columns 171 to 227 of 255]
0.37252327471862 0.408792130773078 0.399564830861854 0.39802483582531 0.398926865932512 0.379677552214008 0.359933215167789 0.354239686795396 0.361820370712834 0.369801650269798 0.37296892515202 0.376430970092805 0.385737042484557 0.386159731949967 0.392866950267094 0.415383302446727 0.427839249417228 0.432901052486296 0.43549805061107 0.417184692105045 0.400598341511103 0.422323551983046 0.42932069068284 0.388407701395892 0.360224544717621 0.37207538736212 0.415510738787731 0.470772803528758 0.480329418059499 0.488463150973393 0.512254314724318 0.526506384985756 0.530444394284658 0.524989443769432 0.53525968819092 0.556599611482637 0.564434294093946 0.580217048555257 0.584830821161555 0.584940482538484 0.588287517222797 -9999 -9999 -9999 -9999 -9999 -9999 -9999 -9999 -9999 -9999 -9999 -9999 -9999 -9999 -9999 -9999
0.341846048157809 0.333430683917652 0.358258259846719 0.391416859049921 0.390574613995202 0.365107980990064 0.346904497982587 0.353042532562222 0.362674096222651 0.371933217152995 0.379401484763311 0.3848242120703 0.395799702146474 0.407526958779434 0.408656535074667 0.417695391361528 0.434464757936225 0.441273528132555 0.441316232834632 0.420782254851694 0.405694839554578 0.42505395389579 0.424866865796209 0.382436452988687 0.378988742940564 0.40495648731981 0.418556293910005 0.465053217977492 0.501759799657532 0.502983889766153 0.481439416142262 0.480161924233 0.498770903088997 0.523601900417377 0.550244253391273 0.565130880053563 0.57865836131606 0.590444071991884 -9999 0.595075137865438 0.59470666628385 -9999 -9999 -9999 -9999 -9999 -9999 -9999 -9999 -9999 -9999 -9999 -9999 -9999 -9999 -9999 -9999
0.306823245603622 0.309327915093156 0.348546159837733 0.391989875191344 0.385392333043327 0.35938832904281 0.341867565241297 0.348969117470344 0.360208767069291 0.370943419331991 0.374793523791848 0.38400045354025 0.398853468257637 0.402677548916971 0.398057326982457 0.416843100246556 0.443817521472063 0.449380777955603 0.44838877838825 0.41675787184642 0.398996010221697 0.430137474567389 0.432071451816338 0.396004051568682 0.402001252326627 0.421225478728908 0.425859565603508 0.471094784445358 0.500249188525671 0.499237009618028 0.481536995485764 0.494530470989772 0.507544599171526 0.532969096583636 0.564872086706746 0.574851248085008 0.588268043007811 0.597013227656579 -9999 -9999 -9999 -9999 -9999 -9999 -9999 -9999 -9999 -9999 -9999 -9999 -9999 -9999 -9999 -9999 -9999 -9999 -9999
0.321958260878696 0.36889040323533 0.387209852523741 0.385257451877393 0.367269637880002 0.340521965917218 0.334058600124372 0.345338572619011 0.358076401659128 0.373320482721109 0.384571869582447 0.389415816259443 0.392025626456906 0.395844966091536 0.411513890173462 0.436231337590656 0.449767386465978 0.454688046131805 0.454556609767845 0.436007813997891 0.417806099762822 0.422887582725558 0.440392293195551 0.461372524894815 0.472402236632453 0.45054560982182 0.442831424022619 0.492785937146409 0.522205485977982 0.501160002200848 0.47914293360022 0.495255954895995 0.509659432635749 0.539513222373054 0.573317979246827 0.588934349792129 0.600737934553661 -9999 -9999 -9999 -9999 -9999 -9999 -9999 -9999 -9999 -9999 -9999 -9999 -9999 -9999 -9999 -9999 -9999 -9999 -9999 -9999
0.330072688146992 0.368284137877473 0.382220591530178 0.379578349427589 0.367324309176669 0.349133199262733 0.339356933831431 0.34225151245998 0.354464865484376 0.36730681447767 0.380005928722378 0.395265109065701 0.408380278416615 0.418579862179275 0.433841933308921 0.449329307205137 0.45716912783184 0.461730360342297 0.466660180623104 0.46705769324825 0.44713237070904 0.442488247113434 0.473564013148712 0.493508555430143 0.492626566618445 0.474168814888415 0.486854895788395 0.527567391868922 0.542860974349354 0.52455019259553 0.509329717324833 0.5163869112574 0.532488850783795 0.562968967659416 0.584429363924663 0.59728812052123 0.609434093296092 -9999 -9999 -9999 -9999 -9999 -9999 -9999 -9999 -9999 -9999 -9999 -9999 -9999 -9999 -9999 -9999 -9999 -9999 -9999 -9999
0.332093933894272 0.376228010581586 0.376249737144753 0.369127616500409 0.349068749666543 0.336241247001685 0.337911728133194 0.339751690499118 0.354015169009083 0.367765394277074 0.377407676137744 0.394769432660843 0.410794175305615 0.422879459719593 0.440101517090681 0.452894922812834 0.45778328677005 0.462715150529764 0.466534816295385 0.473584046349828 0.467521970000327 0.46757951285446 0.485479809405868 0.491768239172091 0.5107618404756 0.527522319502998 0.540810008366013 0.549516357281447 0.549607062326718 0.540446867399232 0.539433025108983 0.554291439449756 0.563770146114675 0.575977883327175 0.59019030563574 0.610200408171351 0.616808113472557 -9999 -9999 -9999 -9999 -9999 -9999 -9999 -9999 -9999 -9999 -9999 -9999 -9999 -9999 -9999 -9999 -9999 -9999 -9999 -9999
0.332745347276132 0.368147711752006 0.366685129750457 0.347601432722735 0.326299425659358 0.327384756547978 0.333800659636385 0.34206639266191 0.354761087439523 0.365056210980422 0.373817896695899 0.387848268643708 0.407346068892562 0.422323414130062 0.442089784313662 0.447867650934299 0.451110613485937 0.466996035323465 0.46296331437335 0.465850174808971 0.465410622805905 0.467323244846115 0.489742207951229 0.504809242760762 0.526750931693943 0.534236873471301 0.542965040252334 0.549304708743738 0.537000897913138 0.53134834815641 0.542790574528659 0.567618280995572 0.586596682253336 0.5883943481462 0.599917459757505 0.613649655334379 -9999 -9999 -9999 -9999 -9999 -9999 -9999 -9999 -9999 -9999 -9999 -9999 -9999 -9999 -9999 -9999 -9999 -9999 -9999 -9999 -9999
0.324526073045131 0.340148925106644 0.327853971855057 0.311303304605633 0.309362475433391 0.321167467744322 0.3376839381291 0.346631924426537 0.354419799894187 0.36656001166781 0.377021503992326 0.383732010596009 0.398884129108293 0.420085344149404 0.444225359987727 0.465957743961664 0.473663286334217 0.478050780031893 0.477602289220621 0.476850237788017 0.47494204363998 0.479086380940502 0.498481555640395 0.508302197102573 0.515272775175312 0.527949598530995 0.536396317459417 0.529093607806087 0.520991492901341 0.524757699720222 0.537669744481912 0.57099514995084 0.596053472617799 0.599983409164185 0.612718166856149 0.619241913105954 -9999 -9999 -9999 -9999 -9999 -9999 -9999 -9999 -9999 -9999 -9999 -9999 -9999 -9999 -9999 -9999 -9999 -9999 -9999 -9999 -9999
0.311154814550363 0.310054247862555 0.29530848504269 0.30074280147521 0.309224154963871 0.323038113770496 0.341098117667101 0.345289255078111 0.35061382840597 0.36779393450018 0.380138689766844 0.385705557074596 0.396023049967905 0.421283929249247 0.45144632243793 0.472717752628518 0.481965144078695 0.477622978583972 0.46670964284537 0.474015447983866 0.481682173017014 0.485154738654562 0.500473661062601 0.511180526173117 0.524494545211298 0.542458852871252 0.543932866266137 0.516060783860692 0.50782197184459 0.523459247603429 0.560887533703257 0.596965076441936 0.600090960154052 0.606377968653367 0.623612903719796 0.625178487445156 -9999 -9999 -9999 -9999 -9999 -9999 -9999 -9999 -9999 -9999 -9999 -9999 -9999 -9999 -9999 -9999 -9999 -9999 -9999 -9999 -9999
0.2899250167962 0.300550803901768 0.304002128025342 0.304706944075531 0.317004248767301 0.333251149355832 0.33232317423886 0.342192911978953 0.362961523247267 0.381284682809206 0.393616056187597 0.399713423077646 0.413292999961098 0.439268443846876 0.461989805635306 0.474711006629254 0.486604824077591 0.482141370096146 0.480935897592727 0.478705395859901 0.4663731675026 0.489199888259586 0.510159517340237 0.519854873196144 0.53884165660154 0.554201310205981 0.54295913231643 0.521332319752534 0.51996472721588 0.541785580410482 0.572823426538248 0.590817124163021 0.596653998064196 0.616590029484693 0.637488483499141 -9999 -9999 -9999 -9999 -9999 -9999 -9999 -9999 -9999 -9999 -9999 -9999 -9999 -9999 -9999 -9999 -9999 -9999 -9999 -9999 -9999 -9999
0.280539756093499 0.286125672826222 0.302699267310984 0.31981823005422 0.327563736373645 0.340270040119566 0.343706889364857 0.350229434864101 0.367646308028895 0.387075105527331 0.403880886327689 0.41490145589808 0.430163730949556 0.443393236902679 0.457528353588041 0.477340647214834 0.491380426725754 0.500857289016589 0.497972412492584 0.48546339309021 0.479404931001572 0.494782281984967 0.510377017531344 0.511507262872635 0.529232011228644 0.544349963708137 0.541705739039914 0.55151342498767 0.573018975934164 0.583138121645246 0.590639747355848 0.607381355321792 0.614799363137978 0.627997928686451 0.640810406975806 -9999 -9999 -9999 -9999 -9999 -9999 -9999 -9999 -9999 -9999 -9999 -9999 -9999 -9999 -9999 -9999 -9999 -9999 -9999 -9999 -9999 -9999
0.287207144597193 0.292346059825083 0.293550992423616 0.295825990470205 0.312844178232148 0.340587706496393 0.357444876381902 0.361120060526499 0.375763429925217 0.39773573702986 0.413737379216981 0.423122960219853 0.42265304927801 0.421425799994083 0.448109053215272 0.481207964988208 0.496408568704871 0.5087050388418 0.499798976360459 0.488914031266732 0.502788887918401 0.515421565045216 0.529411934229204 0.535821082366067 0.544965195164829 0.553992628113213 0.563783559252311 0.585993940093967 0.608431009440839 0.622794504351063 0.629233092782221 0.630269899407303 0.616209059367852 0.621887584971227 0.64933504956816 -9999 -9999 -9999 -9999 -9999 -9999 -9999 -9999 -9999 -9999 -9999 -9999 -9999 -9999 -9999 -9999 -9999 -9999 -9999 -9999 -9999 -9999
0.289956469635356 0.296776415505339 0.296195499738219 0.29761678590284 0.324809032705088 0.350114180990144 0.356695032598375 0.363423154781209 0.375995348702082 0.39805672428972 0.410815597763994 0.415648530222522 0.414348620238202 0.420072770000341 0.450406519229577 0.483844270162308 0.493412812189014 0.501675235625205 0.500694181182202 0.49519610446395 0.512331696084627 0.529597645725416 0.54200966608874 0.548872725832667 0.557186818165528 0.565860531206023 0.574719358869397 0.588722975333596 0.616879776824371 0.632108527936408 0.634670980290851 0.627662741020985 0.621711760949025 0.643398175288375 0.66035836818886 -9999 -9999 -9999 -9999 -9999 -9999 -9999 -9999 -9999 -9999 -9999 -9999 -9999 -9999 -9999 -9999 -9999 -9999 -9999 -9999 -9999 -9999
0.293772182783197 0.311130763672542 0.319283711843081 0.306128025756538 0.304591823560411 0.326616705276677 0.355413031306616 0.371214052085441 0.381995725644005 0.393566334835029 0.396244932901705 0.397173740863127 0.403609171160387 0.420048881254656 0.453603004196866 0.485232189644467 0.492238210952709 0.495559569012033 0.507548869124041 0.521384496542401 0.538629796988585 0.549982893894062 0.547962708677235 0.557742235808103 0.570012869758226 0.578993355388543 0.588311812015597 0.610061200565309 0.637410782605617 0.640510191341296 0.647291476388291 0.647167505089083 0.647900141946209 0.662463521805367 0.671650348266525 -9999 -9999 -9999 -9999 -9999 -9999 -9999 -9999 -9999 -9999 -9999 -9999 -9999 -9999 -9999 -9999 -9999 -9999 -9999 -9999 -9999 -9999
0.289931622954536 0.303243252845103 0.325900303257955 0.322371205955357 0.309499256961537 0.320926756564409 0.34848987674947 0.362635954186173 0.377362009364485 0.388669917129674 0.389715696953211 0.398176515258783 0.407313291792352 0.420456568072877 0.454751396024634 0.478695917608142 0.478355554863905 0.492812577323794 0.516343657936995 0.540508088201798 0.561173143543176 0.570517824292539 0.571895151870567 0.580810366651763 0.59087989480315 0.602541393913032 0.611307076323476 0.633726781790579 0.656521548720977 0.661592453039729 0.665320709357281 0.656821988087203 0.656860704980821 0.673450275885156 0.680061332049454 -9999 -9999 -9999 -9999 -9999 -9999 -9999 -9999 -9999 -9999 -9999 -9999 -9999 -9999 -9999 -9999 -9999 -9999 -9999 -9999 -9999 -9999
0.291897330541654 0.309048122422271 0.33230150950379 0.337746510078524 0.335409432131599 0.33124063984584 0.338812026331127 0.358080089473496 0.377069323944183 0.385310916465413 0.387679336148098 0.396542900008387 0.4055092423357 0.415543313020229 0.4504161700195 0.475028306351232 0.471681063546529 0.498973701027635 0.527342894646697 0.546934378916933 0.573215983121498 0.59714244483908 0.605591692416804 0.612792781742922 0.612970936940679 0.607825664215467 0.633529274852502 0.667693786777585 0.676586649909733 0.674222865307402 0.668241539058321 0.664103752175779 0.672716257759543 0.680793128546214 0.683217469319437 -9999 -9999 -9999 -9999 -9999 -9999 -9999 -9999 -9999 -9999 -9999 -9999 -9999 -9999 -9999 -9999 -9999 -9999 -9999 -9999 -9999 -9999
0.298403769189131 0.311599869953265 0.332441256146834 0.341769739997615 0.343653656912544 0.341726788731622 0.346877920304886 0.362142981892963 0.373102040898391 0.381322820183666 0.387807460328377 0.39167863849447 0.400564445099207 0.415563580712988 0.448047208548954 0.472226174898566 0.482761707875368 0.513652727515358 0.542025936149512 0.578852123805346 0.614316825056185 0.631457989622848 0.647868608256725 0.642625854882063 0.634045076864411 0.643559362941114 0.653031279085908 0.661134439784542 0.661054634553086 0.660334307641228 0.67424447288469 0.679596913643817 0.682600379388018 0.687385476824508 0.687093906356936 -9999 -9999 -9999 -9999 -9999 -9999 -9999 -9999 -9999 -9999 -9999 -9999 -9999 -9999 -9999 -9999 -9999 -9999 -9999 -9999 -9999 -9999
0.313780515779154 0.324878091657053 0.331144038342965 0.340945174257501 0.340665936533566 0.344388401246585 0.35328121356767 0.357458489133425 0.359579569083882 0.372546626948892 0.395592176498066 0.40300734634454 0.406955297623193 0.422043544477128 0.44387737399256 0.456182683988737 0.476432916214621 0.518302736633245 0.558637781256114 0.603402294128793 0.647651919584641 0.668133855415424 0.655364519992197 0.629170046609006 0.634175358910528 0.667349033374061 0.677608208668298 0.650806671247814 0.644524053891255 0.665565564010612 0.685659108770188 0.690483595606202 0.696494543432952 0.699717438224497 -9999 -9999 -9999 -9999 -9999 -9999 -9999 -9999 -9999 -9999 -9999 -9999 -9999 -9999 -9999 -9999 -9999 -9999 -9999 -9999 -9999 -9999 -9999
0.314276646029022 0.332308955997519 0.336209390829744 0.341141885066325 0.340115441137205 0.340355239237514 0.344730765464727 0.345854115443788 0.353649006234743 0.36994294120455 0.391071430878821 0.40845247885359 0.420340460643526 0.43873268850444 0.459454204538412 0.473074620858008 0.499777916031263 0.544992167817428 0.58495392513558 0.619935883724144 0.650545100126327 0.663144761997473 0.642618056945389 0.6372216928078 0.651779884898329 0.666280963386943 0.672580781093041 0.656429859670735 0.658185305379161 0.674323254662933 0.690843808876854 0.698012200274261 0.700981116195106 0.704699058055909 -9999 -9999 -9999 -9999 -9999 -9999 -9999 -9999 -9999 -9999 -9999 -9999 -9999 -9999 -9999 -9999 -9999 -9999 -9999 -9999 -9999 -9999 -9999
0.315814615852851 0.33608640728296 0.340784571454001 0.340921564980143 0.337757710203682 0.33461669358956 0.332076416390853 0.327435950680559 0.34232195945788 0.377919261204347 0.39386878424514 0.389356384356115 0.409374143723674 0.439464267343507 0.454548329258172 0.49463941261084 0.528616896090236 0.554507915303606 0.589850376221953 0.613662958890791 0.631167668270923 0.642683817638847 0.641566678009243 0.651405845729497 0.669032539379543 0.697220105729136 0.713983367858662 0.691975319008555 0.67154111846258 0.688235485283245 0.70630281477071 0.701550024914913 0.70419875919937 0.712141880727333 -9999 -9999 -9999 -9999 -9999 -9999 -9999 -9999 -9999 -9999 -9999 -9999 -9999 -9999 -9999 -9999 -9999 -9999 -9999 -9999 -9999 -9999 -9999
0.327060065434985 0.337262894741939 0.336643070040816 0.335195694624343 0.324153181985964 0.318419944442435 0.319487499545998 0.323709748653801 0.34499064915861 0.372713753550785 0.385252503882331 0.375758190724557 0.400902344350409 0.436759681978673 0.460125396660965 0.500953149398331 0.527779446971294 0.569402676462717 0.601525444707102 0.602056991299967 0.618404803218695 0.648206910214787 0.652978943415786 0.692923677852642 0.721002779153149 0.720834584739173 0.722622924605942 0.72172087474283 0.719382965115181 0.716894390799724 0.717376025948601 0.716006339924843 0.716286075032751 0.715636145527784 -9999 -9999 -9999 -9999 -9999 -9999 -9999 -9999 -9999 -9999 -9999 -9999 -9999 -9999 -9999 -9999 -9999 -9999 -9999 -9999 -9999 -9999 -9999
0.321482613144122 0.329877197234632 0.324743090619943 0.321207336297058 0.319233516711911 0.314279410273416 0.319701593930338 0.3348517658936 0.352101916426685 0.358579533086685 0.383405720611777 0.389028424053607 0.404091549368141 0.420792676828925 0.430269327533979 0.500522121463085 0.542379150297457 0.563153687319063 0.590507508196062 0.614705851077814 0.634464230412391 0.667524904228817 0.695240014617956 0.715832502925052 0.73257092848677 0.733875635291843 0.731984264368107 0.728701608522772 0.727201916843 0.726987879037249 0.724213407160122 0.722348375522261 0.722272379875467 -9999 -9999 -9999 -9999 -9999 -9999 -9999 -9999 -9999 -9999 -9999 -9999 -9999 -9999 -9999 -9999 -9999 -9999 -9999 -9999 -9999 -9999 -9999 -9999
0.318063715484415 0.31700403642408 0.315431167202613 0.316080566015514 0.316034852969612 0.315861883713393 0.330126727683844 0.346983310240071 0.353589005476791 0.358874101618812 0.389737723735392 0.406475224624507 0.408986833130136 0.405881108544581 0.43640321528022 0.506939348603052 0.539412138228297 0.562928553108432 0.608659288427805 0.649389725132747 0.671875354357268 0.690140760874419 0.711391439701721 0.724719288163443 0.734533718102015 0.739581062844693 0.737522141074928 0.735129931473581 0.732078665895869 0.732473506375973 0.729677753004022 0.726122409367691 0.725861206808164 -9999 -9999 -9999 -9999 -9999 -9999 -9999 -9999 -9999 -9999 -9999 -9999 -9999 -9999 -9999 -9999 -9999 -9999 -9999 -9999 -9999 -9999 -9999 -9999
0.303145406772698 0.297706521933392 0.307658681124651 0.304623862064794 0.308450170315514 0.323956386474904 0.34919402653088 0.361884795093181 0.355047497244251 0.36835231195289 0.394790615949586 0.415779795484875 0.413890246303581 0.391994274215347 0.413636019100327 0.483055280432657 0.557057167149943 0.594731280189497 0.643863428617075 0.68618809507106 0.704584168551967 0.714709293467873 0.713694197892202 0.722081263384742 0.73385267214632 0.739352476791923 0.739022013835782 0.740151784194241 0.741433799309835 0.740204069275099 0.73441330914567 0.730662070333592 0.729174232748863 -9999 -9999 -9999 -9999 -9999 -9999 -9999 -9999 -9999 -9999 -9999 -9999 -9999 -9999 -9999 -9999 -9999 -9999 -9999 -9999 -9999 -9999 -9999 -9999
0.301628305254404 0.29525191231759 0.313357438847113 0.314027321620024 0.318743097052541 0.330178571238153 0.351217908710138 0.368721619085971 0.364910064715564 0.373329050679092 0.397625428072879 0.418549201346715 0.413777625821383 0.399199785157671 0.438904613857629 0.508470431230709 0.567200938762319 0.597920067412084 0.645976178468768 0.670660879643187 0.684241513855807 0.717089104318914 0.720080873966576 0.727624636146177 0.738662682654873 0.74021964860474 0.738721320253676 0.740053137572164 0.74131732160102 0.738545787132423 0.735921382664119 -9999 -9999 -9999 -9999 -9999 -9999 -9999 -9999 -9999 -9999 -9999 -9999 -9999 -9999 -9999 -9999 -9999 -9999 -9999 -9999 -9999 -9999 -9999 -9999 -9999 -9999
