layers/veg/veg800.asc
NCOLS 255 
NROWS 330 
XLLCORNER -2985163.8955 
YLLCORNER -3022031.214 
CELLSIZE 25000 
NODATA_value -9999 
[rows 150 to 174 of 330, columns 57 to 113 of 255]
-9999 -9999 -9999 -9999 -9999 -9999 -9999 -9999 -9999 -9999 -9999 -9999 -9999 -9999 -9999 -9999 -9999 -9999 -9999 -9999 -9999 0.502100032671393 0.453314353306145 0.352563334810674 0.218193707875915 0.101388766103841 0.0392293452023708 0.0445937970224772 0.0845415125188933 0.11348988253862 0.11928014073514 0.116643667944713 0.110908174765168 0.107796749325861 0.0977502773726997 0.0433580113317709 0.00282542525496209 0.0266737642497343 0.0764229797039628 0.099667106051247 0.131394452644244 0.200811095197388 0.1984721169555 0.210621197029153 0.266077537710112 0.321017195166982 0.388300438067071 0.446161254532917 0.44536208673853 0.471525205565953 0.511365435361958 0.522131379707049 0.526767630983965 0.526259735306122 0.526496240348802 0.5257954634841 0.524397604185645
-9999 -9999 -9999 -9999 -9999 -9999 -9999 -9999 -9999 -9999 -9999 -9999 -9999 -9999 -9999 -9999 -9999 -9999 -9999 -9999 -9999 0.477517389289502 0.452416726594064 0.394171158718631 0.302906338843095 0.173556491896625 0.0749351677469852 0.066334514769547 0.0899028138455029 0.109398837532758 0.11580102405156 0.111772081764129 0.104949121417947 0.0986334218663449 0.0855391507636694 0.043745678340704 0 0 0.0528950486936871 0.0815014182104555 0.102078007585126 0.140099307180921 0.167258519865737 0.217297175343177 0.23273071334885 0.311004021436075 0.387435789634473 0.445529504901103 0.435572278518598 0.457589334220514 0.507273661310915 0.518092280595523 0.523015720423683 0.525259439623383 0.524310465904894 0.522644098445765 0.526367396823101
-9999 -9999 -9999 -9999 -9999 -9999 -9999 -9999 -9999 -9999 -9999 -9999 -9999 -9999 -9999 -9999 -9999 -9999 -9999 -9999 -9999 0.499624847279944 0.475383923265817 0.426577566356561 0.357555392593548 0.223171976874406 0.0618020628181924 0.0154346518564846 0.0741292044528816 0.095602082516604 0.0922653217415484 0.108078093157205 0.11039955090409 0.109483109734144 0.0940653943327359 0.0323710457385512 0 0.0213761499827162 0.0432292315193047 0.0384736045219924 0.0803730814481784 0.146670584055311 0.134845649281213 0.182621479167185 0.272139278245727 0.358719268678191 0.411868261475786 0.443621046748372 0.454307136578372 0.474827624666515 0.50720244623696 0.516751342802169 0.521726218114868 0.525586352086067 0.526264391217302 0.524110198555073 0.526578686395376
-9999 -9999 -9999 -9999 -9999 -9999 -9999 -9999 -9999 -9999 -9999 -9999 -9999 -9999 -9999 -9999 -9999 -9999 -9999 -9999 -9999 -9999 0.488145456765777 0.450545069892258 0.395601306186637 0.260070490781605 0.0910074542437382 0.0115019795773786 0.0511399695749509 0.106006087120595 0.116339494051751 0.112252596084642 0.112348929399381 0.112375693744439 0.0934891398421851 0.0424481046502375 0.0315465383518223 0.0754632597347963 0.07426827277776 0.0971309977382518 0.137813374292347 0.150070037272413 0.137978849538122 0.173750687977372 0.268816606559039 0.324822912454795 0.406915130907196 0.448782567766414 0.463868468261707 0.487329134692757 0.510623656376777 0.518789597974971 0.523560274100306 0.527984663949429 0.529489786214066 0.530599644976548 0.533623046109668
-9999 -9999 -9999 -9999 -9999 -9999 -9999 -9999 -9999 -9999 -9999 -9999 -9999 -9999 -9999 -9999 -9999 -9999 -9999 -9999 -9999 -9999 0.481746947344015 0.477470850311408 0.443510273564664 0.305981485393547 0.140917620188397 0.0546743438472991 0.0537676922044599 0.107250453443429 0.116788288902002 0.116201527364626 0.116196602614833 0.115669921619454 0.0990348287897776 0.0720323956909426 0.0770248960306441 0.0841085319515161 0.101713713167816 0.155120368442988 0.159243748885209 0.150958762018236 0.165955490190382 0.235547664807303 0.308821239063147 0.342328211361472 0.418426879195372 0.437851891644522 0.448647727783134 0.482905324292459 0.508330701903981 0.51926990713173 0.526134427855296 0.531457693912972 0.534237413891737 0.536681283870448 0.539212636679542
-9999 -9999 -9999 -9999 -9999 -9999 -9999 -9999 -9999 -9999 -9999 -9999 -9999 -9999 -9999 -9999 -9999 -9999 -9999 -9999 -9999 -9999 0.488020221474709 0.485030527558369 0.46455761546815 0.3355963548315 0.150970234457114 0.0596426757894295 0.0607013429332008 0.108762537836787 0.115361198807814 0.114610935924065 0.115305558340277 0.115200561103887 0.100251741574254 0.0844929919399796 0.0736168670426282 0.0688296629912008 0.0766249354267174 0.136150918673476 0.174929607323838 0.145871250746076 0.171566864647683 0.242664891953114 0.347141891550105 0.402534331373278 0.432782473593978 0.430778051539341 0.446798132870733 0.477577897652031 0.50997272241207 0.521314091373283 0.527886061790301 0.533920204657979 0.537397288361134 0.53972341636675 0.542307356286313
-9999 -9999 -9999 -9999 -9999 -9999 -9999 -9999 -9999 -9999 -9999 -9999 -9999 -9999 -9999 -9999 -9999 -9999 -9999 -9999 -9999 -9999 0.490816717986948 0.48713305459105 0.483993943782776 0.386636032161757 0.180959682821639 0.0730469752785953 0.0782489345007222 0.0927483307944939 0.110276504577051 0.109181988371708 0.109321932051043 0.114653798586888 0.111694677979191 0.103956233273207 0.0812621903013103 0.068834758854169 0.0939683949944501 0.149602077008174 0.194884927873997 0.174367907853242 0.15827558620468 0.212974354762317 0.320117112023193 0.418327439858184 0.457816347132808 0.447341087344196 0.455447489083778 0.492618026496982 0.51626290766315 0.527654861950316 0.533672642506518 0.538751796547549 0.542065861668575 0.544193138363135 0.546617263225648
-9999 -9999 -9999 -9999 -9999 -9999 -9999 -9999 -9999 -9999 -9999 -9999 -9999 -9999 -9999 -9999 -9999 -9999 -9999 -9999 -9999 -9999 0.499309723323826 0.488984458618999 0.478747678739821 0.417974908815206 0.2180839142687 0.0651571463527415 0.0512850031982746 0.0620997043695211 0.0946080067637882 0.0988127096158902 0.0987836264305573 0.110329412422434 0.107144842073506 0.0985644320593253 0.0835806740872896 0.0722008091153835 0.110593788628368 0.182638098855189 0.191491337089894 0.190158835807023 0.19812723688268 0.247565135335616 0.358700364087578 0.429285356185634 0.481505281051269 0.477504962116866 0.4846280573721 0.511535213424683 0.527686609006596 0.535362640802452 0.540498095162309 0.543818665976017 0.545943520997757 0.548507364924475 0.550880526399124
-9999 -9999 -9999 -9999 -9999 -9999 -9999 -9999 -9999 -9999 -9999 -9999 -9999 -9999 -9999 -9999 -9999 -9999 -9999 -9999 -9999 -9999 0.49600687198448 0.488985475378204 0.48620799839654 0.43447928926659 0.235765296747169 0.0515867382802026 0.0248126052170176 0.0383463885776845 0.0547447324040716 0.082081683117558 0.0928909528008551 0.088652951933534 0.0929798890420427 0.0893593343145331 0.0635555307131846 0.049532672541227 0.06374390924743 0.110230563785265 0.154208984707472 0.183774207372413 0.191572012628984 0.228496173290509 0.330427098640986 0.393155750955613 0.461050746543494 0.506932406300331 0.519660209838036 0.53239102676822 0.535381644404015 0.541906076240924 0.546954206443104 0.549156135124555 0.550300842140441 0.551943121589323 0.554445211888698
-9999 -9999 -9999 -9999 -9999 -9999 -9999 -9999 -9999 -9999 -9999 -9999 -9999 -9999 -9999 -9999 -9999 -9999 -9999 -9999 -9999 -9999 0.493281550903201 0.495772651742789 0.499026091544733 0.455094027237632 0.28185938923908 0.0936806653073047 0.0411021842587014 0.0612225065559157 0.0692763089984653 0.0580262027266827 0.0682620100330119 0.0853819992782419 0.0914315507950485 0.0788293898495603 0.0515841831587263 0.0412678519790759 0.0624778096837919 0.108030600176873 0.149396194427741 0.169378644800255 0.19022614361737 0.242377304867482 0.302259747085661 0.359141584003001 0.442691782963473 0.491905770734836 0.524736657229092 0.543363103380148 0.544589736466308 0.549732238894543 0.553307027642635 0.554527279287457 0.55540462015517 0.556473021566166 0.558015629953872
-9999 -9999 -9999 -9999 -9999 -9999 -9999 -9999 -9999 -9999 -9999 -9999 -9999 -9999 -9999 -9999 -9999 -9999 -9999 -9999 -9999 -9999 0.49097321212667 0.498867259697812 0.50863954587508 0.471373250476651 0.301633221822412 0.120410271108431 0.0837629346038 0.0587001854411102 0.00922266388518804 0 0.0334392894943597 0.0701090988757922 0.0835271159729221 0.0586638624721975 0.0341746566074692 0.0304281961648357 0.0707249856649395 0.145033546565223 0.174188363970962 0.134288832893123 0.138567935915766 0.254277952879829 0.335981779058513 0.375968944020173 0.427638038893549 0.451744923493675 0.506852172493926 0.541834484767913 0.549887067591337 0.557052772618632 0.558141446948536 0.559149781289576 0.559855483607638 0.560389065530242 0.561004534381549
-9999 -9999 -9999 -9999 -9999 -9999 -9999 -9999 -9999 -9999 -9999 -9999 -9999 -9999 -9999 -9999 -9999 -9999 -9999 -9999 -9999 -9999 0.48567122500316 0.489406404880285 0.488884064882443 0.461919505342468 0.304325258542548 0.134800870603017 0.0661886124633584 0.0273186945895498 0.033994405770872 0.00911748543397118 0.00283065592892785 0.0550736627610617 0.0692111973477065 0.0384282231704069 0.00938813720213834 0.00969280913366325 0.0782222904604908 0.138474739808122 0.137085653031077 0.12428606314289 0.14433980674665 0.268368186619496 0.360402076387166 0.4113416674947 0.443079747548615 0.467745401689413 0.509442037632361 0.541990800728422 0.554157016990284 0.558464173922671 0.559334875050389 0.56045287978014 0.561395071094184 0.562163214278328 0.562967977888662
-9999 -9999 -9999 -9999 -9999 -9999 -9999 -9999 -9999 -9999 -9999 -9999 -9999 -9999 -9999 -9999 -9999 -9999 -9999 -9999 -9999 -9999 0.437752832043388 0.4354243325226 0.440243377888346 0.436168142513484 0.286467097581534 0.14023106934771 0.105116368204364 0.0550119475731221 0 0 0 0.0390318947047034 0.0034079893055446 0 0.0110700794596667 0.0516036158217882 0.0751204140061487 0.100790990269806 0.12252744740704 0.118718793390328 0.152222759089509 0.258405694109495 0.369011004289119 0.451290511586988 0.455567706860296 0.49269282861956 0.531252208820404 0.550557727512382 0.559454385754223 0.561769966991462 0.562067620618212 0.562769587349975 0.563427268812951 0.56411521065271 0.564992097730276
-9999 -9999 -9999 -9999 -9999 -9999 -9999 -9999 -9999 -9999 -9999 -9999 -9999 -9999 -9999 -9999 -9999 -9999 -9999 -9999 -9999 -9999 0.402736374866026 0.396211200163878 0.431382968630353 0.43067022638946 0.29965497816886 0.161810257120643 0.11803696338462 0.0805841159287665 0.0357549326201367 0.00545952443081525 0 0.00440663084256476 0 0 0.00543979529573851 0.0641651878359517 0.091532067339656 0.105239227257239 0.104700174631954 0.0834108832097684 0.131825781234227 0.276727650929678 0.396146502034051 0.475154375627443 0.497586447711842 0.517644819316285 0.544481531044965 0.555632685108753 0.562436088465332 0.564702922183774 0.564935530060409 0.565222522781929 0.565760682656216 0.566530441599223 0.567506117374633
-9999 -9999 -9999 -9999 -9999 -9999 -9999 -9999 -9999 -9999 -9999 -9999 -9999 -9999 -9999 -9999 -9999 -9999 -9999 -9999 -9999 -9999 0.422603627557627 0.418443005453508 0.428253035384985 0.428129219737393 0.316168946328004 0.224860206194529 0.231780900392187 0.194922557812098 0.115681843718112 0.0239211614846888 0 0 0 0 0.0370678821875129 0.0741653631090347 0.0846115413722254 0.108168218526616 0.0990514700181344 0.0805882809211302 0.118265588137238 0.280862250214793 0.447929965796857 0.49286317921098 0.504832344479493 0.527965196820924 0.553166660933773 0.559411618111769 0.564811668717594 0.566684395362577 0.566921464251951 0.567245913562564 0.567770335314702 0.568289204852487 0.568952806710234
-9999 -9999 -9999 -9999 -9999 -9999 -9999 -9999 -9999 -9999 -9999 -9999 -9999 -9999 -9999 -9999 -9999 -9999 -9999 -9999 -9999 -9999 0.414265371080656 0.404922683738428 0.419841786680817 0.423659949558901 0.344374849200151 0.272054966091771 0.245690779896565 0.173329908464106 0.0877386222001321 0.00716037778719684 0 0 0 0 0.00905770225989013 0.0469909380870609 0.0797410017917166 0.112405996292618 0.10089551695922 0.103127462639445 0.190690858136305 0.344951937771629 0.47691665167206 0.521600069652891 0.535428711479191 0.543090049326298 0.560993662965154 0.565182437182445 0.56832337884102 0.569463896818038 0.569364341730755 0.569278804687395 0.569673011203707 0.57036386675789 0.571041235973271
-9999 -9999 -9999 -9999 -9999 -9999 -9999 -9999 -9999 -9999 -9999 -9999 -9999 -9999 -9999 -9999 -9999 -9999 -9999 -9999 -9999 -9999 0.43801927826959 0.417656985794064 0.411355060739962 0.413984985052519 0.344068602246575 0.261147193303211 0.22206593807571 0.188126816547959 0.152101975423876 0.0569799889025623 0 0 0 0 0 0.0178991944696977 0.0619353006742182 0.123432515232115 0.107773087816216 0.145968736094342 0.253290279570943 0.375106015828214 0.495807079652876 0.526538718179893 0.544837382911415 0.557352149341708 0.568144450958545 0.570513164602811 0.571696636315658 0.571779521854275 0.571514335727149 0.571528858715536 0.571597658267766 0.572078882031491 0.572986142949742
-9999 -9999 -9999 -9999 -9999 -9999 -9999 -9999 -9999 -9999 -9999 -9999 -9999 -9999 -9999 -9999 -9999 -9999 -9999 -9999 -9999 -9999 0.451801856355573 0.435636558289928 0.415804408710848 0.404640933177442 0.331065810982603 0.255203016401686 0.23181221493367 0.234321299409919 0.257849505193452 0.146924990589361 0 0 0 0 0 0 0.0532002736996294 0.11416735553825 0.111534121787641 0.067559835653091 0.10274091720525 0.325041281538542 0.506299769327067 0.545473600450476 0.549924034267182 0.565573374402558 0.571944971767989 0.572915254274542 0.573306513477011 0.573167998039113 0.572974638015703 0.57290943907073 0.572999979241613 0.573330932122136 0.574074520563602
-9999 -9999 -9999 -9999 -9999 -9999 -9999 -9999 -9999 -9999 -9999 -9999 -9999 -9999 -9999 -9999 -9999 -9999 -9999 -9999 -9999 -9999 0.526759283992482 0.43978467934994 0.417109255969786 0.398667455110423 0.338904741307637 0.235109370915481 0.2018348776753 0.256250919405691 0.2932772984911 0.179079737324558 0.00292454499140207 0 0 0.0193022635826976 0.0314398895118425 0.0342393607571562 0.0871018375801522 0.107641751725715 0.100365565790585 0.112420505447291 0.122788376423435 0.29445818690405 0.501664984155563 0.551589288701989 0.562261647233433 0.570085942444614 0.572028998157416 0.573133391270206 0.573773127636776 0.574055276990506 0.574117222762239 0.574162284020155 0.574491601507229 0.57469079462991 0.575075930203714
-9999 -9999 -9999 -9999 -9999 -9999 -9999 -9999 -9999 -9999 -9999 -9999 -9999 -9999 -9999 -9999 -9999 -9999 -9999 -9999 -9999 0.588969323404541 0.527048793437124 0.446807375185037 0.431462626895885 0.39569334040578 0.311254540838742 0.229809570180208 0.227593837204821 0.270632428203238 0.297425250596967 0.201080323292161 0.0440649680370843 0 0 0.0403929660684836 0.0546650167545566 0.0612098357480791 0.0967381042736835 0.108432027254017 0.110629153033854 0.127869807344985 0.190886039605314 0.335217944077709 0.485926742446272 0.557611230688848 0.564510028940752 0.567144266351888 0.571579897685532 0.573244159957796 0.574003889909471 0.574413054118127 0.574842850682476 0.575163701700746 0.57541943724057 0.575755058164808 0.576331312709972
-9999 -9999 -9999 -9999 -9999 -9999 -9999 -9999 -9999 -9999 -9999 -9999 -9999 -9999 -9999 -9999 -9999 -9999 -9999 -9999 -9999 -9999 0.54485279670478 0.487885439365123 0.459629638864135 0.397564072347426 0.324803279480731 0.281895133899528 0.273578781613994 0.283507548156166 0.297714990212519 0.202916192877929 0.0497536388555657 0 0 0.0383266431656069 0.0591743970225124 0.0726979029904053 0.120397257971765 0.129947027582383 0.117494582830511 0.172087344735987 0.326241971163651 0.465827637444652 0.529961945439552 0.555088294157418 0.552235338501217 0.559831837196205 0.571417325275839 0.574019107687689 0.57455367612239 0.575089552518474 0.575595881394718 0.575912936873543 0.576280736569827 0.576789424971367 0.577415604783234
-9999 -9999 -9999 -9999 -9999 -9999 -9999 -9999 -9999 -9999 -9999 -9999 -9999 -9999 -9999 -9999 -9999 -9999 -9999 -9999 -9999 -9999 0.523974045222921 0.490196249213043 0.473991186826231 0.418378587316704 0.324384789131669 0.280800428622868 0.275463603986783 0.274327084286333 0.28944640125226 0.204726377942632 0.0318166673152214 0 0.000527691573742944 0.0400836651635597 0.0599202707247324 0.0750345173441344 0.118486199594603 0.115567347753315 0.110745573627058 0.225760672994517 0.392186727628537 0.495537898509603 0.541170940752808 0.536815666620548 0.545022691619587 0.560543753546529 0.572601589210299 0.574482186213051 0.574850065894629 0.575319602429211 0.57579529275219 0.576187044422308 0.576517023701974 0.57692837027442 0.577612115624725
-9999 -9999 -9999 -9999 -9999 -9999 -9999 -9999 -9999 -9999 -9999 -9999 -9999 -9999 -9999 -9999 -9999 -9999 -9999 -9999 -9999 0.538485049885249 0.522348590630371 0.502614584770689 0.501552516403358 0.440697278953107 0.322415393715779 0.253797620134506 0.236067009271695 0.211579426480322 0.218596441577724 0.154750272627371 0.0468842645855793 0.0103698751933996 0.0184954520082315 0.0521871372820807 0.0384079094112914 0.040887846885361 0.069949278650177 0.055329270121638 0.111411823115826 0.290660299058698 0.437663156531109 0.508070659555337 0.485070445501764 0.449065538779193 0.521259929900526 0.560979432916129 0.572334450421118 0.574740523185865 0.57539061311968 0.575511602165654 0.575934233945179 0.5765500825246 0.576951013433439 0.577343000119897 0.577912862788377
-9999 -9999 -9999 -9999 -9999 -9999 -9999 -9999 -9999 -9999 -9999 -9999 -9999 -9999 -9999 -9999 -9999 -9999 -9999 -9999 -9999 0.51657134577012 0.489713861060282 0.459479434774942 0.468080706551834 0.428789131212757 0.319367819676743 0.205218680086603 0.164270904570149 0.17508253816663 0.154336233383036 0.0696004120933541 0.0522604122098158 0.0729569405376518 0.0358135988280527 0.0146433166824302 0 0 0.0482686643113241 0.106934704155506 0.149049112605835 0.292964489784941 0.455309652015029 0.494046769383994 0.478735621598052 0.43181353640844 0.502045728374845 0.56151434825451 0.570145733899373 0.572990816274686 0.574301049284868 0.574983014059498 0.575922491217795 0.576680270149753 0.577284618805633 0.577730721289274 0.578428218328489
-9999 -9999 -9999 -9999 -9999 -9999 -9999 -9999 -9999 -9999 -9999 -9999 -9999 -9999 -9999 -9999 -9999 -9999 -9999 -9999 -9999 0.508338681323965 0.451709422973653 0.407039529548792 0.439183240331834 0.401061607067527 0.271909928219308 0.174339842773698 0.14133917278686 0.105382476965603 0.0630352521154942 0.0208177236467501 0.0617997184703405 0.106478385920602 0.0843516934384948 0.0194823931034272 0 0 0.00221070790802545 0.105893549752771 0.170211207071289 0.283182332980577 0.470177038140631 0.50595336913539 0.44680901615604 0.42775096724044 0.527408214414163 0.560430517446882 0.567769166502767 0.570846597205996 0.572444731799032 0.573515174593829 0.57492191128901 0.576258095359231 0.577186866304887 0.577749301212958 0.578265268301901
