layers/veg/veg900.asc
NCOLS 255 
NROWS 330 
XLLCORNER -2985163.8955 
YLLCORNER -3022031.214 
CELLSIZE 25000 
NODATA_value -9999 
[rows 104 to 129 of 330, columns 177 to 235 of 255]
0.465594346639003 0.460870189873412 0.461411456753673 0.465140413174566 0.463432282338925 0.457648892987923 0.454582547845727 0.455945735654972 0.460940086703747 0.449344086603194 0.471954466682244 0.486447370650357 0.480705688011068 0.483019883652413 0.489020558590418 0.500300986755308 0.510857860773363 0.519126108641059 0.541527501803755 0.556723038006783 0.560000330391777 0.573832983282134 0.579056585940119 0.590397067286876 0.59682984959135 0.599681222271602 0.609641659494629 0.626545386012444 0.640876183290911 0.651857670097175 0.659618036934416 0.666279479680057 0.670478770519206 0.6716105615107 0.68256512233715 0.684689548760354 0.691198452147538 0.692422268400257 0.690157922402959 0.691276230361434 0.692776959266824 0.695523545030912 0.703067927511422 0.709360339331188 0.715592675228299 0.721338681441557 0.722793710033798 0.730695705247742 0.746409437474186 0.758414803639666 0.761677548554886 0.767918423978138 -9999 -9999 -9999 -9999 -9999 -9999 -9999
0.458034139183621 0.45957946004159 0.461222791390155 0.455012790186876 0.448855213412145 0.447733836762829 0.44682684305144 0.451670832918056 0.451150921173296 0.45888621286163 0.475732423027512 0.481450648938894 0.471003761657944 0.475138750892511 0.479352305087672 0.491069825330595 0.503519894172117 0.513361299109851 0.53491014887242 0.558374914848294 0.563659549389087 0.571540162588214 0.572906842263943 0.584116246228949 0.591514375552256 0.605729328611981 0.61952298634688 0.630998556933295 0.642860721675256 0.654440105996563 0.663812297623867 0.671617029741547 0.677084298495015 0.677739447885358 0.684941858189276 0.6935840256668 0.692344019542236 0.692563815125428 0.692520328645677 0.694061509893406 0.69382317171321 0.696290670389186 0.705183523906327 0.709737354562083 0.712427725111395 0.723433014985965 0.719079760819682 0.72954900915042 0.740466618310559 0.755090868456391 0.764162517263462 0.766560547860583 -9999 -9999 -9999 -9999 -9999 -9999 -9999
0.450807347155671 0.455305435481771 0.456444902939238 0.445089733635177 0.437350622605747 0.440778679979446 0.442362229683774 0.442109869196763 0.452991353263145 0.46508542596159 0.470386856630726 0.464977880297226 0.463671036009164 0.466385596825198 0.47186260250885 0.482719293144598 0.501416545262645 0.519777569793199 0.537366310811837 0.554865295790103 0.561953749670168 0.564755566635935 0.569865958186165 0.581621543602936 0.596991876664879 0.61195967668196 0.620355066306018 0.635108858567284 0.646446896683807 0.65723652039879 0.667457957071278 0.676693028242249 0.684145956825051 0.688095799288536 0.693137477427779 0.698454745717178 0.694501046293322 0.698575162695407 0.699281371319849 0.701725479711382 0.699365062761782 0.696797089701673 0.696746980784401 0.693790627042528 0.697422874208877 0.715995794619549 0.718638010089934 0.733759132357181 0.75152754501467 0.761404505496884 0.763419692569079 -9999 -9999 -9999 -9999 -9999 -9999 -9999 -9999
0.444706700517197 0.445887328058152 0.446709500440566 0.441859238208277 0.434069775782422 0.428896012555389 0.428813938765143 0.436346835498001 0.451396306452578 0.460861275842118 0.455990848378054 0.449569316831426 0.459069156501471 0.456631251030151 0.469368505263768 0.49163308157184 0.506097139842669 0.521787073190799 0.536658002419659 0.549490570931947 0.558105973298692 0.562207156781643 0.570004138570914 0.586689772827452 0.603497369202048 0.61716115116126 0.626903554359117 0.639232624526894 0.650611786986067 0.659320928432505 0.668350045684835 0.678788195210204 0.68777845355992 0.693702841280659 0.699211501369844 0.702183900727549 0.697774450266713 0.695694637047121 0.704187188285753 0.704989531205544 0.696090936595557 0.680978723279361 0.686609021158326 0.695600868706029 0.70042373906977 0.713858607316661 0.723743867173615 0.724924329565961 0.737804374917049 0.760574140106777 0.765486597268339 -9999 -9999 -9999 -9999 -9999 -9999 -9999 -9999
0.439721972127956 0.440614258306274 0.441675644789323 0.446659805662152 0.44184421409332 0.436043501846681 0.439009133229227 0.446886450116541 0.451642724749814 0.449192153011556 0.442142346111428 0.443959913919133 0.455655442126436 0.467160297535552 0.468500076348204 0.48723186297821 0.50640601784533 0.51876566301638 0.532466227761084 0.545464639951866 0.556547289526337 0.565868607729573 0.576634455094971 0.593780925278206 0.608784492869909 0.617901516174896 0.630623079214474 0.644311294058702 0.655090035943011 0.659661017201745 0.667602606080736 0.678487042684527 0.68729140920491 0.694769380024616 0.702313715728694 0.705163835774375 0.700897298917103 0.693023495604398 0.703426561924722 0.701710148113608 0.690869711654614 0.703363995081452 0.695764358546019 0.694474212499495 0.704049943426178 0.71708867522874 0.726341970490522 0.732510288749194 0.750275372615556 0.768314865024903 0.771156052156708 -9999 -9999 -9999 -9999 -9999 -9999 -9999 -9999
0.43022669808237 0.420647324352879 0.428459004710001 0.43502476879972 0.43595550240755 0.432744525363322 0.439345706360007 0.448032355739372 0.450245054454694 0.443882957466736 0.439464231360856 0.446649155112364 0.462347562647592 0.469488931830714 0.475877878745793 0.490508095657546 0.50438806364841 0.517305188767537 0.53370418278566 0.547933505862634 0.557012105751461 0.569061338787887 0.58452223211251 0.600386720017963 0.613839806790584 0.624706518153722 0.636600166347055 0.647557897805642 0.657160026222209 0.660248432678317 0.66945787918008 0.677885086485148 0.683933662763202 0.687367965646722 0.692574775706211 0.701372202126749 0.70657195796905 0.704708474291786 0.706317803327922 0.704303752811173 0.708472219205538 0.713495175175326 0.691778552873044 0.690623929049835 0.701473066982112 0.718253509938643 0.736598887427518 0.751479873675518 0.762510245013936 0.772212225103321 0.774478375767771 -9999 -9999 -9999 -9999 -9999 -9999 -9999 -9999
0.417079324956647 0.407202538311969 0.411959217980251 0.403322974952326 0.417768010572736 0.426718784036421 0.434834778587992 0.443497484563674 0.449781292897545 0.449861289808659 0.45209929548691 0.458127719109577 0.462668042731065 0.472339472544149 0.479895138581195 0.494307142377156 0.506649600735268 0.521266981652829 0.537179052990271 0.55059017843573 0.561247559257049 0.57651625806163 0.59192157349762 0.598284408164025 0.610156205655997 0.628023898783756 0.639017806404842 0.648372315204479 0.656933272178596 0.661408286360449 0.66869966926253 0.675830020465182 0.683818443851255 0.68796059093298 0.691546360484643 0.702698798125414 0.714654931061025 0.717641668669903 0.717469985363072 0.722960604688834 0.723510999832544 0.724170042560431 0.69064780143993 0.696593237811917 0.707942657545513 0.720952522456367 0.733909969194333 0.75256546855327 0.767893720203552 0.773673933651509 0.773769283403963 -9999 -9999 -9999 -9999 -9999 -9999 -9999 -9999
0.415970963077321 0.402601390896032 0.395495815734698 0.392425210501496 0.408600653046187 0.424161103716474 0.433075668096016 0.443754875007457 0.448610177862399 0.450046767240807 0.454299101568614 0.456224484848622 0.460583124757852 0.470944688632761 0.480275818127604 0.496363737101624 0.51159105618121 0.526402047430761 0.537103961271427 0.53827085988525 0.565736031836633 0.575401740519286 0.577565316325901 0.587083780266142 0.605271922553212 0.621422643844742 0.634506739476209 0.649334385864705 0.657369670309974 0.661733331596827 0.667266674587501 0.673587016240862 0.681971065326612 0.684230698664779 0.691323067115319 0.708879462811405 0.721985118289683 0.727923791830644 0.728859992321425 0.728077787631798 0.728339472289721 0.729999395593314 0.711136362242782 0.712618041240593 0.739012736175838 0.751755942142299 0.754054559461026 0.764095018966615 0.772091059709136 -9999 -9999 -9999 -9999 -9999 -9999 -9999 -9999 -9999 -9999
0.401449099002137 0.396076366497469 0.391310144404276 0.392182622537638 0.405596406189863 0.424619463658492 0.432419260751715 0.439933645646778 0.443138391391729 0.447890925519219 0.443263136477863 0.448292196397152 0.459425507435733 0.469862493480322 0.480684911222019 0.496672793041273 0.514352161433367 0.530816523627803 0.547162737770122 0.559699312262931 0.572719659566539 0.560224594601808 0.558621549371498 0.584309850649694 0.606592760616439 0.610965163172125 0.627224621424365 0.649043989057063 0.657021758938783 0.663123434644235 0.671230872030494 0.681013767383536 0.685712625033099 0.681484892476259 0.685924647582662 0.708865854783343 0.727433358121259 0.736072934979915 0.730364084996208 0.732561702219204 0.738984889141938 0.739646899402562 0.737905588047478 0.732350732426977 0.741237062284177 0.760439883061003 0.763386694414015 0.772274663376461 0.774110943382731 -9999 -9999 -9999 -9999 -9999 -9999 -9999 -9999 -9999 -9999
0.394486438227424 0.389879831862014 0.392353773656774 0.391460683401662 0.403507677230657 0.42321083870348 0.429357426460839 0.430478410841724 0.426484380591465 0.438221485923024 0.439051641165674 0.449405368787409 0.462410202131721 0.471439390709687 0.482717198897628 0.49862035895032 0.516943277491286 0.535108298617838 0.55024936235344 0.560237502652176 0.546727455479506 0.531393670378308 0.551258081830726 0.59276994473202 0.61325133784916 0.60458370084975 0.624767775106396 0.649757992865754 0.661357165031422 0.666535316367212 0.672423751770114 0.684157570594952 0.687317664830678 0.684610165378722 0.694671876728778 0.709591495678263 0.72302512074363 0.733000723257207 0.73568224774424 0.743072340898786 0.751957205666595 0.749148684870316 0.743979146510474 0.749065104634453 0.758622690796119 0.764579327802762 0.771265137524103 0.775328166822854 -9999 -9999 -9999 -9999 -9999 -9999 -9999 -9999 -9999 -9999 -9999
0.384758844501776 0.384196834623063 0.391071883008856 0.39343736233886 0.402536907921234 0.41310594364005 0.424856489713164 0.427628079406723 0.435306050713486 0.443802804386026 0.441378015204984 0.455579721361962 0.469726211143847 0.477152662022717 0.488970490702407 0.505972394902238 0.521850524925207 0.538007436138641 0.554345982073966 0.563630909325734 0.555262715868538 0.541733603196846 0.564513593699652 0.604867958262915 0.615290951839898 0.603516017750301 0.625952666108423 0.655153445954135 0.669954336133829 0.6738065268588 0.677240460380835 0.683341061715156 0.682476359521315 0.68051169519873 0.701738651861362 0.714341540326925 0.727756216265543 0.733326130850725 0.741107222637501 0.747078501922802 0.757883946936792 0.757450436614117 0.754497309762099 0.757918944828782 0.764911854020785 0.770252103485777 0.775526394547869 -9999 -9999 -9999 -9999 -9999 -9999 -9999 -9999 -9999 -9999 -9999 -9999
0.372825856027014 0.376669908735425 0.386918536556096 0.3973804094621 0.404563471606404 0.413937149693043 0.419247576851769 0.429874977732206 0.442871231292098 0.450716479785093 0.449280058530177 0.464682236566482 0.478403678840385 0.487216559781961 0.499125338628075 0.514999966887116 0.527581360287434 0.541885938270343 0.557934748105323 0.570292475951117 0.574629593578093 0.569279560455179 0.58462511511724 0.611141358713937 0.610502349089287 0.629612897418495 0.651042030133618 0.667363998566771 0.677982024851722 0.682799603534617 0.686692092055925 0.687842136895937 0.687122350190724 0.687734384329934 0.700048185117378 0.721957558409202 0.732312341079723 0.733714567609712 0.742204454794163 0.745646219374817 0.760656561553657 0.764027628439938 0.761515260648799 0.76423984346617 0.768877634696935 0.771351894066988 -9999 -9999 -9999 -9999 -9999 -9999 -9999 -9999 -9999 -9999 -9999 -9999 -9999
0.364890277580423 0.37005677916516 0.379058201447635 0.387579638735748 0.392921462951397 0.405000418784362 0.424281081348912 0.43620080162496 0.447840884583232 0.456332153288732 0.461636402457324 0.472841760655542 0.485318247950194 0.495316226710894 0.507029898055934 0.507724909230462 0.521968909403309 0.540988658654667 0.553780064667704 0.563847222638213 0.574410179320931 0.581272035400935 0.595699249378808 0.613499001856723 0.613665540558465 0.61624360347771 0.665631415007859 0.675884195199275 0.683831488350502 0.691498002660441 0.698188512901463 0.70100052915401 0.707561652874397 0.711508379215689 0.715061639199219 0.725920769989799 0.734291336623677 0.737273234496109 0.744786106444292 0.750724498642471 0.759732551749905 0.76048370510208 0.768186892002017 0.768577970078814 -9999 -9999 -9999 -9999 -9999 -9999 -9999 -9999 -9999 -9999 -9999 -9999 -9999 -9999 -9999
0.364809988599717 0.368777970543025 0.376674174127933 0.387926291990262 0.397672173303188 0.407784673635623 0.424616398359606 0.440560285367917 0.452061003526553 0.461719221566786 0.470934654060691 0.477106795223706 0.491985134105354 0.502687050056834 0.51425045208431 0.492201086810748 0.507634719274621 0.521461468515949 0.544653192713748 0.555161218334871 0.565185100362919 0.578430525075795 0.594134180090395 0.610580380737348 0.620166427976756 0.641143616566885 0.670480561560189 0.681550114157771 0.688922399696571 0.698233169387982 0.706806844400736 0.710788911226927 0.711790260234518 0.722777180813357 0.728446846680657 0.72492787117958 0.72999746858916 0.743020126739341 0.751553187590978 0.761260909545583 0.767287537001329 0.765646855351839 0.772969075715424 0.773273454945716 -9999 -9999 -9999 -9999 -9999 -9999 -9999 -9999 -9999 -9999 -9999 -9999 -9999 -9999 -9999
0.366466894509759 0.369245191235103 0.377855539724773 0.38678276221896 0.396375383243358 0.403578998921373 0.423008060549098 0.444343078914203 0.455442028596684 0.465179031159457 0.473650235583608 0.480987363809462 0.499490659187347 0.508576249152813 0.514666177931486 0.496585601616308 0.508834446267326 0.522342929785294 0.548766535260892 0.562719762180128 0.575848508881502 0.579261041297978 0.583523141776213 0.607243464614478 0.633583883378796 0.654546177258824 0.67361388535199 0.686678174749501 0.694616818038618 0.699790605873467 0.709873511270796 0.720273481961529 0.72176584825061 0.732446048581209 0.735908512303091 0.727849434134252 0.729820866930912 0.747848632984275 0.761981015751546 0.766378107183116 0.768309615542581 0.768571274148314 0.773646374159296 -9999 -9999 -9999 -9999 -9999 -9999 -9999 -9999 -9999 -9999 -9999 -9999 -9999 -9999 -9999 -9999
0.361136652923236 0.369558456084117 0.380444950369055 0.38853656843309 0.403567829466518 0.405613599965341 0.420250783065851 0.439775874149104 0.451811209068139 0.463678056005341 0.476893240958555 0.481948322021112 0.484891531397961 0.516017235426685 0.520453094460927 0.494918413448338 0.51300406126029 0.535824909532885 0.558976415707103 0.572904784172744 0.581400829286741 0.57727415453214 0.5936840791497 0.6208525409077 0.643769189659433 0.661786852513821 0.679336227641247 0.692365508481004 0.700025661957825 0.704974822326397 0.709370708657871 0.713466365346646 0.723080449654222 0.730583878125622 0.738794745203264 0.743868303213499 0.748674547463115 0.756151974894666 0.765425176958027 0.768847340436621 -9999 -9999 -9999 -9999 -9999 -9999 -9999 -9999 -9999 -9999 -9999 -9999 -9999 -9999 -9999 -9999 -9999 -9999 -9999
0.353687860531528 0.369236953907135 0.379769741829177 0.390011592892507 0.40702951128338 0.413377909911558 0.415352465200149 0.422188044702994 0.431351211563795 0.443064341024162 0.469614595658163 0.485626478001161 0.49147311192753 0.521737182580395 0.525050018585617 0.513977676526946 0.517816779092978 0.520997071718925 0.561491016057255 0.57320351798737 0.570275015124569 0.585331622768749 0.611283638911929 0.635489989201395 0.654758741081967 0.672834619383612 0.688490357064943 0.699177206742618 0.707534961504714 0.71468022786533 0.7170899142512 0.720154332428855 0.724721924790599 0.729776337993938 0.742346892062824 0.7491913876723 0.755975560876313 0.764140192181653 0.7689259865429 -9999 -9999 -9999 -9999 -9999 -9999 -9999 -9999 -9999 -9999 -9999 -9999 -9999 -9999 -9999 -9999 -9999 -9999 -9999 -9999
0.349407115447912 0.366826750903142 0.378200041512909 0.390606663199218 0.400449510577394 0.415943788743247 0.421311668455917 0.427434461615642 0.435387127362992 0.445316334255461 0.475946151443932 0.499413674783144 0.511637711178886 0.526884276006796 0.535281828372555 0.549916089442546 0.534046136717927 0.526593366470505 0.545117101480659 0.582264771680448 0.579839376774066 0.604087693326356 0.622711876311018 0.646244467304683 0.667577930717742 0.687725239863329 0.701800122261047 0.705997179826104 0.713766780462423 0.723298411204599 0.726545291879269 0.728363828371299 0.728577385312319 0.738200340129639 0.745206658548106 0.756459158568583 0.759554095137781 0.769112479090895 0.769607946593098 -9999 -9999 -9999 -9999 -9999 -9999 -9999 -9999 -9999 -9999 -9999 -9999 -9999 -9999 -9999 -9999 -9999 -9999 -9999 -9999
0.345915074373617 0.36408392755957 0.377986860687395 0.390962935465441 0.401999782300053 0.407502184640166 0.418586075003579 0.428104451334436 0.4411485380481 0.467167368997146 0.494091881374846 0.514198575574968 0.527880315251073 0.531043976146288 0.541991549308801 0.558820962809401 0.547184893285585 0.53477906849775 0.553276974373707 0.593797585810537 0.585809855604579 0.627001409531989 0.630852640260675 0.65566109108753 0.679155825013381 0.696676476039994 0.707890212914743 0.710586916945156 0.718131883218395 0.727262555126591 0.732513795712181 0.73381972318166 0.733621167522182 0.741646324973223 0.753936488316917 0.761362781089428 0.763529722033457 -9999 -9999 -9999 -9999 -9999 -9999 -9999 -9999 -9999 -9999 -9999 -9999 -9999 -9999 -9999 -9999 -9999 -9999 -9999 -9999 -9999 -9999
0.343879598268475 0.363037849881425 0.377827811109072 0.391061037932452 0.4023019164086 0.413334654107026 0.425822617937082 0.434930713146581 0.451219301662945 0.48118337062216 0.506947930613125 0.525411811077 0.537444138380063 0.533050136575614 0.542561913875407 0.570992258051888 0.5613165378104 0.542777270161534 0.564472016005707 0.585736163405124 0.587595658601248 0.647392784211712 0.645555846077914 0.669013496638149 0.684844716128957 0.707286189712532 0.715312360069887 0.720352550944763 0.72656028037231 0.732129135031453 0.737429906127729 0.742187238149097 0.745857726088602 0.751196847332446 0.757435882640382 0.762952842995228 0.763980008819854 -9999 -9999 -9999 -9999 -9999 -9999 -9999 -9999 -9999 -9999 -9999 -9999 -9999 -9999 -9999 -9999 -9999 -9999 -9999 -9999 -9999 -9999
0.346727578258048 0.363355261562687 0.378728654528401 0.393677656399003 0.406057750291609 0.423294503416349 0.435201668627441 0.443186951339194 0.463239517315522 0.492297408778815 0.517206419496664 0.53584036568184 0.546671221108804 0.546782742353895 0.535123088340014 0.566628304219423 0.577284769870974 0.56128654401832 0.565359128978556 0.575604857826225 0.598789556685461 0.659685999489157 0.667134005294576 0.687711661975987 0.689396962395454 0.715242202231379 0.722622634739634 0.727690072928091 0.726705995626048 0.7355243477264 0.744386824731894 0.752432645139312 0.752147894495709 0.754550308186467 0.76184880755084 0.764914319438994 0.764158046704681 -9999 -9999 -9999 -9999 -9999 -9999 -9999 -9999 -9999 -9999 -9999 -9999 -9999 -9999 -9999 -9999 -9999 -9999 -9999 -9999 -9999 -9999
0.353788546128988 0.364868562715372 0.382310843473582 0.396812758063353 0.410944369645359 0.426878789555198 0.443148158382196 0.458605213163536 0.478651108100795 0.504076463551417 0.527796144148381 0.546186168431683 0.555998425199861 0.561302112814967 0.539490826420609 0.576631912739678 0.595364092880174 0.575577889842086 0.572805566697569 0.585399685838859 0.613087667410473 0.658954607135092 0.686678413905053 0.693603867145765 0.700856068697501 0.703549117528371 0.703945161460887 0.720797797822234 0.72260715081699 0.738192556878357 0.75252849926508 0.755331324515412 0.76017997653458 0.764304067598398 0.766419254409658 -9999 -9999 -9999 -9999 -9999 -9999 -9999 -9999 -9999 -9999 -9999 -9999 -9999 -9999 -9999 -9999 -9999 -9999 -9999 -9999 -9999 -9999 -9999 -9999
0.344692017745475 0.366870600765935 0.387326523885664 0.402249974144012 0.41459340227311 0.429614911754709 0.450997439900389 0.470544816124997 0.48698719652593 0.507027159004156 0.536119422579377 0.556079001012187 0.564803286112665 0.55816761152129 0.558184534558802 0.585659834500321 0.600910798046444 0.577080863590913 0.596376757928302 0.605530155602903 0.614072194876899 0.654010600143177 0.694391164081949 0.694504753363084 0.685292554663095 0.685168104941103 0.685222769739824 0.704842065174987 0.734010913580238 0.746854228928453 0.758486522079886 0.770489418529246 0.770212859286977 0.767637495083479 0.767642374666512 -9999 -9999 -9999 -9999 -9999 -9999 -9999 -9999 -9999 -9999 -9999 -9999 -9999 -9999 -9999 -9999 -9999 -9999 -9999 -9999 -9999 -9999 -9999 -9999
0.350611083766785 0.366862644273959 0.38710344758081 0.403624347636233 0.41733312196008 0.434267277742952 0.455406930417367 0.471007840642101 0.483018727405033 0.508056813765089 0.547315553767205 0.563903072559457 0.572758069797814 0.566598736785931 0.573753617461402 0.585078082928613 0.611020596743535 0.594457844310061 0.621524541779994 0.611909794475335 0.62374298776904 0.663458728636929 0.693899657985719 0.688118160484604 0.678740964309007 0.683602720386814 0.683695115127068 0.699187014033505 0.744568224948579 0.751669580158166 0.76345719334708 0.771394382265549 0.77249817082266 0.766335953710519 -9999 -9999 -9999 -9999 -9999 -9999 -9999 -9999 -9999 -9999 -9999 -9999 -9999 -9999 -9999 -9999 -9999 -9999 -9999 -9999 -9999 -9999 -9999 -9999 -9999
0.352921052774109 0.368907968415554 0.388242904997839 0.405462000992008 0.423164811441383 0.441943571572462 0.458945502169092 0.47385020625736 0.498140698987746 0.533156792785981 0.554582651806267 0.570858545745854 0.580996818735245 0.584995691731107 0.58585945499646 0.586927208251847 0.637371904651868 0.656701714718945 0.616266336137807 0.611770261067415 0.655662508814546 0.692516688622657 0.704440316776639 0.686968907394572 0.688097426252205 0.699853470588976 0.702621580495383 0.718650198976177 0.7463513807256 0.756574950218381 0.767554894064425 -9999 -9999 -9999 -9999 -9999 -9999 -9999 -9999 -9999 -9999 -9999 -9999 -9999 -9999 -9999 -9999 -9999 -9999 -9999 -9999 -9999 -9999 -9999 -9999 -9999 -9999 -9999 -9999
0.358568808205431 0.371281921703634 0.390425617051718 0.410810066835669 0.431811382438793 0.452588785132085 0.473371147617576 0.496989570076876 0.520192561267649 0.543054993734686 0.562871985523564 0.578584992777993 0.590768615676491 0.602276305572312 0.603396467993446 0.602962012265854 0.643587870177413 0.654729135988384 0.672355397680823 0.663673035054587 0.681582986213105 0.714566023405162 0.721130489556338 0.706030697140323 0.709649249238643 0.718330541881892 0.736409243925937 0.745125503803979 0.749320085926324 0.760205362108757 0.772322224812775 -9999 -9999 -9999 -9999 -9999 -9999 -9999 -9999 -9999 -9999 -9999 -9999 -9999 -9999 -9999 -9999 -9999 -9999 -9999 -9999 -9999 -9999 -9999 -9999 -9999 -9999 -9999 -9999
