layers/veg/veg900.asc
NCOLS 255 
NROWS 330 
XLLCORNER -2985163.8955 
YLLCORNER -3022031.214 
CELLSIZE 25000 
NODATA_value -9999 
[rows 125 to 149 of 330, columns 171 to 227 of 255]
0.370395049200934 0.407380276425848 0.398698314003532 0.397971043552074 0.399642765453287 0.381086905174397 0.36225764398223 0.357431827075066 0.365939768803503 0.375045730070348 0.37913519165723 0.383456982478227 0.393801315046841 0.395017565728105 0.402455159510903 0.42587135203978 0.438981531465619 0.444533527288241 0.44761145458973 0.42950246663937 0.413009531869031 0.434993830127207 0.442065754258652 0.40085822991633 0.372367569442725 0.384109118499733 0.427567617510803 0.482830931803836 0.492147037830642 0.500020962012083 0.523563271434362 0.53756546747256 0.541207660349442 0.535338076383129 0.545350314538946 0.566572891514525 0.574170272985693 0.589744014662021 0.594124098774893 0.593971482916333 0.597136930622266 -9999 -9999 -9999 -9999 -9999 -9999 -9999 -9999 -9999 -9999 -9999 -9999 -9999 -9999 -9999 -9999
0.338394703116949 0.330410300329754 0.355959398940865 0.390109260973712 0.390009011571561 0.365180781540043 0.347873306349656 0.35491847148667 0.365453474098662 0.375793417851178 0.384158917742717 0.390397934413104 0.402349899927887 0.414873136022726 0.416640852741298 0.426432078995704 0.443826856608233 0.451094850286788 0.451566348973143 0.431204649410697 0.416218306671186 0.435838273483394 0.435711464484747 0.393019961390533 0.38947194287555 0.415475939455065 0.428997596923668 0.475537583258521 0.512242044036234 0.513247127614584 0.49129084477386 0.489756610836263 0.508231626713968 0.532914002528461 0.559467220782333 0.574254823330006 0.587644909889251 0.599221726644488 -9999 0.603695738415462 0.603357504658553 -9999 -9999 -9999 -9999 -9999 -9999 -9999 -9999 -9999 -9999 -9999 -9999 -9999 -9999 -9999 -9999
0.302160837333982 0.305134480980667 0.345139363173862 0.389614566038898 0.383709865098194 0.358322836143186 0.341674364095637 0.349659443036337 0.361775293943271 0.373546688585051 0.378222101871843 0.388211187262578 0.403990301591352 0.408500951038701 0.404424721998059 0.423948109669703 0.451551696846038 0.457523782468985 0.456913507820962 0.425367356332188 0.407684566099548 0.439162107829966 0.441187595308014 0.404929428952882 0.410934354872964 0.430210642154981 0.434776961517109 0.480130253672787 0.509312777414978 0.508142672648377 0.490144387652826 0.503040799121242 0.515961612543815 0.541327707955289 0.573243102601809 0.58314838352775 0.596537827542309 0.605292668917872 -9999 -9999 -9999 -9999 -9999 -9999 -9999 -9999 -9999 -9999 -9999 -9999 -9999 -9999 -9999 -9999 -9999 -9999 -9999
0.316766326837414 0.364407115104277 0.383380705986045 0.382184768863151 0.364812532623669 0.338663319484378 0.333113940944651 0.345277941742722 0.35887100894601 0.375135377846163 0.387213774082001 0.392770081217386 0.3961776161707 0.400633012675573 0.416914775980969 0.442347716707927 0.456391267162649 0.46168156604272 0.461901703762902 0.443491335616073 0.425356435731194 0.430622536261314 0.448316781302773 0.469454302865287 0.480553023810027 0.458545736501478 0.450732829968428 0.50088702695243 0.530385746361794 0.509117196019761 0.486839868104543 0.502927559606013 0.517296910057437 0.547179134803955 0.581057808019996 0.59665848723386 0.608243569135989 -9999 -9999 -9999 -9999 -9999 -9999 -9999 -9999 -9999 -9999 -9999 -9999 -9999 -9999 -9999 -9999 -9999 -9999 -9999 -9999
0.324227947745485 0.363075027495052 0.377623302336171 0.375713598711874 0.364089488454148 0.346522054373823 0.337602896599398 0.341292966316136 0.354308807466485 0.368086585229907 0.381553534492301 0.397512410164034 0.411392289473011 0.422183170406401 0.437977916582224 0.454036351972691 0.462278940048564 0.467148884130702 0.47239964898049 0.473005821023937 0.453116216862002 0.448590517103329 0.479938959314362 0.500055780346838 0.499213327220004 0.480668284538497 0.493426609034471 0.534358610204703 0.549717348795928 0.531268931540067 0.515914957937287 0.522969825271693 0.539119595504557 0.569718542346108 0.591253463485542 0.604024291635714 0.615959673280522 -9999 -9999 -9999 -9999 -9999 -9999 -9999 -9999 -9999 -9999 -9999 -9999 -9999 -9999 -9999 -9999 -9999 -9999 -9999 -9999
0.325805811876541 0.370587871739243 0.371122985655858 0.364684573310293 0.345187890749008 0.332985320322777 0.335533069218976 0.338114442072416 0.353134103124528 0.36774402643593 0.378059586997997 0.396051266134284 0.412752755828751 0.42534932857544 0.443028820696127 0.456276163852541 0.461469818969984 0.466645750943765 0.470710742323545 0.47796022839108 0.471985626932971 0.472170305356071 0.49026531064184 0.496662037596499 0.515841956539686 0.532756374769113 0.546167978011299 0.554976545293542 0.555107641484557 0.545928332111853 0.544946088924717 0.559919000143223 0.569476532900092 0.581781151551214 0.596095542814198 0.616259780815086 0.622942793913752 -9999 -9999 -9999 -9999 -9999 -9999 -9999 -9999 -9999 -9999 -9999 -9999 -9999 -9999 -9999 -9999 -9999 -9999 -9999 -9999
0.32635037123876 0.362333149311373 0.361358789113819 0.342867381396197 0.322097756851276 0.323859267326908 0.331136147410799 0.340135864635582 0.353525382245657 0.364588347572176 0.373951197846462 0.38852185501957 0.40862699466038 0.424055055536197 0.444220143960645 0.450325243949497 0.453795483429751 0.469930716075835 0.466037631539151 0.469058941397985 0.468712318887594 0.470742448260901 0.493375677126612 0.508608463789269 0.530772757633079 0.538383921925624 0.547242618361832 0.553717710497218 0.541427071922199 0.535822331973098 0.547427338684781 0.572478463073027 0.591640171708095 0.593534643947792 0.605194024335904 0.618858614833875 -9999 -9999 -9999 -9999 -9999 -9999 -9999 -9999 -9999 -9999 -9999 -9999 -9999 -9999 -9999 -9999 -9999 -9999 -9999 -9999 -9999
0.31826019470916 0.334319080637216 0.322417662753221 0.306429615775767 0.305088355416476 0.31757600659094 0.334930724006707 0.344536155931986 0.352898535764756 0.365692727015062 0.376650562983619 0.383740064236492 0.399324038340438 0.420882414626849 0.4453236163142 0.467330987553283 0.475174663369177 0.4796487488637 0.4792579831339 0.478547491603585 0.476675737142775 0.480911944795991 0.500488325174663 0.510450087408359 0.517581000637081 0.530446630585834 0.539068664080216 0.531889560355964 0.523888529854661 0.527824287606897 0.540993320734167 0.574665481626237 0.600013951519523 0.604139584322863 0.617089432313703 0.623535204700056 -9999 -9999 -9999 -9999 -9999 -9999 -9999 -9999 -9999 -9999 -9999 -9999 -9999 -9999 -9999 -9999 -9999 -9999 -9999 -9999 -9999
0.305351852630991 0.304552359483769 0.290144258526371 0.296210262947674 0.305293503865502 0.319731680037745 0.338538854832166 0.343262876286346 0.349039393372307 0.366757958053496 0.379478188029662 0.385281882998865 0.395832768523829 0.421327767841236 0.451687334771159 0.473067901284042 0.482332198779118 0.477916147237878 0.466883049217263 0.474194267620421 0.481896468714966 0.485410463615549 0.500866198517461 0.511721594967955 0.52525382272525 0.543469500734875 0.54512416290369 0.517323184185305 0.509247834209639 0.525190006359174 0.563101625164756 0.599615223101357 0.602975369005301 0.609556697917781 0.627129052989528 0.62882355881706 -9999 -9999 -9999 -9999 -9999 -9999 -9999 -9999 -9999 -9999 -9999 -9999 -9999 -9999 -9999 -9999 -9999 -9999 -9999 -9999 -9999
0.284696247333301 0.295658588302505 0.299515850784001 0.300771397322212 0.313638002932396 0.330458057263535 0.330076648625206 0.340425324762389 0.361640322868603 0.380383705766826 0.392977734053453 0.399199747798821 0.412886878311459 0.438976441383944 0.461734362812885 0.474376788074118 0.48619211053546 0.481560212094725 0.480190972826552 0.477840102936141 0.465379501102569 0.488318633424803 0.509428618438866 0.519266807384846 0.538519664958416 0.554139690976085 0.54303940926611 0.521570001603762 0.520453351554665 0.542665082645724 0.574212917145886 0.592592961908997 0.598731925804474 0.619103498470048 0.640113317890548 -9999 -9999 -9999 -9999 -9999 -9999 -9999 -9999 -9999 -9999 -9999 -9999 -9999 -9999 -9999 -9999 -9999 -9999 -9999 -9999 -9999 -9999
0.276637419530287 0.282501494920675 0.299501117455168 0.317174425069078 0.325367454453877 0.338513219209075 0.342365459274417 0.349200675826891 0.366886449588556 0.386534855568544 0.403443047797003 0.414426939347285 0.42956821073394 0.44263354174846 0.456560987301676 0.476105660706656 0.489895520130652 0.499128305734694 0.495903719013273 0.483097555455993 0.476866727354533 0.492246408355972 0.507929293749085 0.509152960821416 0.527160507461692 0.542575428410956 0.540176862942988 0.550401261898054 0.572363230142256 0.582882125731316 0.590853587552305 0.608055901106725 0.615862287510025 0.629549275301345 0.642478479365301 -9999 -9999 -9999 -9999 -9999 -9999 -9999 -9999 -9999 -9999 -9999 -9999 -9999 -9999 -9999 -9999 -9999 -9999 -9999 -9999 -9999 -9999
0.28506778337936 0.29046030631278 0.291943638577825 0.294584844683789 0.311994951008805 0.340135968283588 0.357309888797507 0.361117377143193 0.375838955482233 0.39781792044322 0.413713128183029 0.422844112292224 0.42189984373593 0.420198507687015 0.446530004025553 0.479181652528188 0.493933518976493 0.505827555013488 0.496361314897668 0.485057873209924 0.498787054091895 0.511333382159713 0.525369774066408 0.531904524536008 0.541310058373097 0.550641877425385 0.560809168478598 0.583591315537127 0.606567818136491 0.621434897018258 0.628435413235682 0.629925221643676 0.616206278577786 0.622421157252856 0.650180429552639 -9999 -9999 -9999 -9999 -9999 -9999 -9999 -9999 -9999 -9999 -9999 -9999 -9999 -9999 -9999 -9999 -9999 -9999 -9999 -9999 -9999 -9999
0.289383158503533 0.296444342515889 0.296081749252755 0.297779025354054 0.325331434739813 0.350914013489433 0.35760837157572 0.364353294490628 0.376850824498541 0.398736053527368 0.411205122869691 0.415588055567525 0.413594537280344 0.418698357589929 0.448521700272798 0.481300276481008 0.490215510061293 0.497905918863343 0.496255304376716 0.490261432531568 0.507198384982374 0.52434728699468 0.536772213286954 0.543768273379695 0.552365930133803 0.561379516542715 0.57065884575585 0.585255281076756 0.614046814954738 0.629846322160665 0.633024128659545 0.62648554830097 0.620981211955292 0.643363944790506 0.660558008347416 -9999 -9999 -9999 -9999 -9999 -9999 -9999 -9999 -9999 -9999 -9999 -9999 -9999 -9999 -9999 -9999 -9999 -9999 -9999 -9999 -9999 -9999
0.295805219698737 0.31342983471956 0.321771991219874 0.30867349541873 0.307189486966492 0.329307012510203 0.358120736411573 0.373784406707796 0.384263231021016 0.395313541908656 0.397388380519232 0.397579165383036 0.403025593292179 0.418608325401227 0.451379396931959 0.481990188405343 0.488046345493076 0.490527479525393 0.501668989327379 0.514945205568019 0.53187957748245 0.542995066616178 0.54087277141323 0.550817356824161 0.563446385426549 0.572835001337316 0.582659704039593 0.60515823048173 0.633237248642707 0.63693410863261 0.644471011685354 0.644951479054543 0.646255202057962 0.661572892708982 0.671007140887684 -9999 -9999 -9999 -9999 -9999 -9999 -9999 -9999 -9999 -9999 -9999 -9999 -9999 -9999 -9999 -9999 -9999 -9999 -9999 -9999 -9999 -9999
0.294755598258738 0.308274893004798 0.331123088247473 0.327567538829845 0.314535261093761 0.325823090163487 0.353165946208942 0.366953796801264 0.381177565194224 0.391673865063136 0.391843470933929 0.399332604105591 0.40713606650594 0.419083063987066 0.45228189568056 0.474780817572214 0.473137415083527 0.48655392472926 0.509025936695223 0.532500474368793 0.552756096369186 0.561766690917667 0.563036930834999 0.572139220608283 0.582622713871868 0.594788201444115 0.604151774659379 0.627448052403165 0.651053198556207 0.656834358309485 0.661420073130001 0.653573862106191 0.654265162980859 0.671718235475023 0.678672408983077 -9999 -9999 -9999 -9999 -9999 -9999 -9999 -9999 -9999 -9999 -9999 -9999 -9999 -9999 -9999 -9999 -9999 -9999 -9999 -9999 -9999 -9999
0.298955054609639 0.316312717943969 0.3397004428311 0.345066358758825 0.342518723805372 0.337991380927628 0.345054615472177 0.363837044535996 0.382184776234313 0.389383192092201 0.390687292232459 0.398370328061211 0.405722114912675 0.414287394202906 0.447810154939696 0.470666736452437 0.465742871868037 0.49185078415102 0.518961013202991 0.537682844579308 0.563496919799103 0.587115141592449 0.595489530253795 0.602901323401219 0.603504452250326 0.598839908467327 0.625320557448302 0.660531729706652 0.670240893805149 0.66862326801838 0.663534247098122 0.660146089610909 0.669523143032443 0.678495301900961 0.68129246379885 -9999 -9999 -9999 -9999 -9999 -9999 -9999 -9999 -9999 -9999 -9999 -9999 -9999 -9999 -9999 -9999 -9999 -9999 -9999 -9999 -9999 -9999
0.308877675485902 0.322229436609467 0.343104463938456 0.352222624313391 0.353755898918757 0.351293251371563 0.355670119196804 0.370199917391721 0.380238312272961 0.387112850629275 0.392277462280353 0.394628952347243 0.401476121926877 0.414640497710852 0.4453519987992 0.467270550092123 0.475897180103647 0.505272549092099 0.53202185582783 0.567836166281399 0.602752640340245 0.619473305862635 0.635861973292011 0.630831546299033 0.62275438152147 0.632964252789845 0.643254900631628 0.652418637999543 0.653237639418227 0.653391939133515 0.668443698412436 0.674705208010018 0.678530041863674 0.684425371379122 0.684803650668013 -9999 -9999 -9999 -9999 -9999 -9999 -9999 -9999 -9999 -9999 -9999 -9999 -9999 -9999 -9999 -9999 -9999 -9999 -9999 -9999 -9999 -9999
0.32775095586595 0.338969344193807 0.345100183009063 0.354540380161569 0.353732940183806 0.356762713566069 0.364655118084804 0.367814914303314 0.368746437937102 0.380114800824339 0.401676654473923 0.40729333169638 0.408749310785686 0.421594291973895 0.441160687899341 0.450598892557 0.468552603111726 0.508590864350553 0.546979016422434 0.590522267466115 0.634144583411849 0.654172400359086 0.641246442291968 0.61524617380206 0.620995209576711 0.655153593980817 0.666385077077175 0.640617260557923 0.635336036913612 0.657496401807146 0.678898722995114 0.684729789097134 0.691663497909502 0.695392572013481 -9999 -9999 -9999 -9999 -9999 -9999 -9999 -9999 -9999 -9999 -9999 -9999 -9999 -9999 -9999 -9999 -9999 -9999 -9999 -9999 -9999 -9999 -9999
0.33075528681151 0.348935649236729 0.352624900449154 0.357052562139189 0.355368382473941 0.354753278918351 0.357920191804952 0.357852626855104 0.364343332227657 0.37887566769691 0.398342827641929 0.413779577812614 0.422913072708723 0.438769207467069 0.456877547679553 0.46721648623397 0.491312130857855 0.534414335694846 0.5721164181632 0.605621388343539 0.63543519027863 0.647520267314638 0.626846396300285 0.621868835578102 0.637373979568821 0.652882062844423 0.660249738049221 0.645327175821768 0.648232472760998 0.665545464503599 0.683445822745326 0.691703107550191 0.695617488439211 0.699760727867605 -9999 -9999 -9999 -9999 -9999 -9999 -9999 -9999 -9999 -9999 -9999 -9999 -9999 -9999 -9999 -9999 -9999 -9999 -9999 -9999 -9999 -9999 -9999
0.335888291038556 0.356306730633915 0.360704361310609 0.360131431854781 0.356105354993993 0.351874267960984 0.347813688148724 0.341722613857459 0.355144315005992 0.388859793826318 0.402918040689164 0.396077465778229 0.412957088558704 0.440115258715277 0.452044773165491 0.488381238224335 0.519278111429881 0.542495591230385 0.575077527969652 0.597044467100385 0.613561378457845 0.624579885062216 0.623557052051462 0.634096672456256 0.652938102920853 0.682416711578495 0.700483125483588 0.679859458363567 0.660588310513602 0.678574322507451 0.698151245480714 0.694507947166427 0.69801253240802 0.706344622211815 -9999 -9999 -9999 -9999 -9999 -9999 -9999 -9999 -9999 -9999 -9999 -9999 -9999 -9999 -9999 -9999 -9999 -9999 -9999 -9999 -9999 -9999 -9999
0.350598303658042 0.360879197073071 0.359830320230785 0.357476709284077 0.345324099785572 0.338260966120262 0.337548565214729 0.340140987672319 0.359798873391147 0.385387502705384 0.395858879762959 0.383806618354486 0.405451602951137 0.4379559415399 0.45772836594743 0.494224392605215 0.517453333094975 0.556064760666329 0.584937390154409 0.583178483277809 0.598434722381946 0.62792503095942 0.633010234148677 0.674054091503414 0.703672392597519 0.704833505045123 0.708000000002928 0.708773364600671 0.707825409102093 0.706613463447818 0.708603598803449 0.708436169862456 0.709619356637963 0.709452659915906 -9999 -9999 -9999 -9999 -9999 -9999 -9999 -9999 -9999 -9999 -9999 -9999 -9999 -9999 -9999 -9999 -9999 -9999 -9999 -9999 -9999 -9999 -9999
0.347302468552537 0.355759674274242 0.350092774961483 0.345489342084487 0.342297599698501 0.335842388393732 0.339290902177195 0.352693053706496 0.368139027692221 0.372191278814246 0.394904249180948 0.397938359331556 0.40920101333577 0.422146826012736 0.427665332830789 0.493427328537653 0.531503132163495 0.548885971792519 0.572652104482807 0.594472650215745 0.61310494302162 0.645981859839003 0.674314077995954 0.696060292721067 0.714448377206227 0.717215927126333 0.716775536576027 0.715250211131901 0.715212834366337 0.716339986001256 0.715108445610148 0.714481210221988 0.714856286168606 -9999 -9999 -9999 -9999 -9999 -9999 -9999 -9999 -9999 -9999 -9999 -9999 -9999 -9999 -9999 -9999 -9999 -9999 -9999 -9999 -9999 -9999 -9999 -9999
0.346895870949063 0.345840803362351 0.343633152682889 0.34300567172981 0.341508155454638 0.339597795838619 0.351610187384444 0.366449102929936 0.370925547031337 0.373462275540909 0.401984524130928 0.415957051537795 0.414318969915411 0.407121246763076 0.433598629233988 0.499388965223119 0.527804869837471 0.547721562974326 0.589681173308151 0.62788773310052 0.649214896062712 0.667384351049165 0.68942847129646 0.704037279346589 0.71562938789225 0.722276470592555 0.721751997786754 0.721206830503407 0.719667783640293 0.721451430852956 0.720243693659076 0.717948803013237 0.718178341094613 -9999 -9999 -9999 -9999 -9999 -9999 -9999 -9999 -9999 -9999 -9999 -9999 -9999 -9999 -9999 -9999 -9999 -9999 -9999 -9999 -9999 -9999 -9999 -9999
0.334431103725151 0.328972732795751 0.338227344835925 0.33365603994813 0.335812350710921 0.349420028956134 0.372153152663403 0.382528738535438 0.373208786913565 0.383454253016027 0.407201092681872 0.425167626908346 0.418915082004143 0.392792389521442 0.410332217021286 0.474972994751587 0.545129586628275 0.579271521223173 0.62466109764669 0.664505229325674 0.681748352478449 0.691745334597993 0.691413257748511 0.701079577102603 0.714673357536153 0.721801598434524 0.723035875948669 0.726053268860586 0.728886220562931 0.729045705084601 0.72483565258225 0.722351279548569 0.721382841501887 -9999 -9999 -9999 -9999 -9999 -9999 -9999 -9999 -9999 -9999 -9999 -9999 -9999 -9999 -9999 -9999 -9999 -9999 -9999 -9999 -9999 -9999 -9999 -9999
0.334280740164998 0.327883928742878 0.345243807003039 0.344237504120644 0.347136624537386 0.356496324421285 0.374812533762337 0.389856339422888 0.383399744252441 0.388498224179584 0.409890432577637 0.427647700899133 0.418427025120356 0.399694829487401 0.435479579685178 0.500371878603859 0.555267782791952 0.58254433016639 0.627059244268281 0.649364023900746 0.661840911840922 0.694615152613391 0.698197924391003 0.706934308332225 0.719716150459091 0.722830692426716 0.722855723664749 0.726040894776984 0.728830394996221 0.727410720120054 0.725660041319761 -9999 -9999 -9999 -9999 -9999 -9999 -9999 -9999 -9999 -9999 -9999 -9999 -9999 -9999 -9999 -9999 -9999 -9999 -9999 -9999 -9999 -9999 -9999 -9999 -9999 -9999
