layers/veg/veg900.asc
NCOLS 255 
NROWS 330 
XLLCORNER -2985163.8955 
YLLCORNER -3022031.214 
CELLSIZE 25000 
NODATA_value -9999 
[rows 125 to 149 of 330, columns 57 to 113 of 255]
0.125576248525554 0.171959816846476 0.222426016486838 0.217885572057091 0.299990187189468 0.380755638397447 0.426212221399922 0.439897432279532 0.389307192629309 0.391033310031828 0.354800150020038 0.334088843874631 0.339749419241573 0.339851365222919 0.284187141490085 0.228120211587927 0.266700530862793 0.331878093580347 0.439308185817643 0.596766012010695 0.649376110645345 0.697393066801683 0.7118494976021 0.715391390210364 0.736624534890157 0.756485692766343 0.763195183359774 0.765284133798114 0.782320391047992 0.779301061000018 0.771923171015919 0.758986705552949 0.741967499282669 0.726556608012293 0.71063609568318 0.691064921701115 0.674721887905641 0.659448882382066 0.641666163384571 0.627444563303714 0.614587037105093 0.60076797459037 0.591064068756508 0.583329282940857 0.576302863632088 0.573100308053881 0.57328110670543 0.576728082985297 0.582684319500839 0.59114283793362 0.60273088950539 0.612348225534573 0.620310575319282 0.629725303651621 0.640397531967723 0.65047405836086 0.654195423917856
0.167249805437446 0.178197103883242 0.21709124807677 0.256200436392523 0.297512086657555 0.319240823258475 0.293617334030772 0.313623167193579 0.296296235842262 0.262253142545295 0.302769640887407 0.336461919795727 0.34859301550285 0.311650713275018 0.259530168956691 0.19803126654869 0.160266387057482 0.171800055838213 0.221910512735887 0.254489160304535 0.301029331249756 0.416420282191851 0.518186046553744 0.569879847593648 0.612791474133966 0.648777737821735 0.670079233034161 0.704797994821968 0.729416801460354 0.757379590560994 0.764506352571309 0.75424044277783 0.738744733731131 0.724092029196381 0.708834460716376 0.689936947021745 0.673965006186833 0.659090809521739 0.641597030978948 0.627549840122834 0.615183876957445 0.601723670962802 0.591872795423151 0.583781417588484 0.575859227889522 0.572824590069199 0.57353662049751 0.57390028295364 0.575987069458218 0.583884257886273 0.596169942437307 0.606129838958679 0.614521567127043 0.622853754588298 0.628485755891273 0.636933790679085 0.645769836666405
0.150842071850552 0.161121283314342 0.18566744070653 0.200000901029303 0.251943397511768 0.25777750917791 0.220576371346635 0.256276470363599 0.255989339848806 0.269849076345198 0.303766066604324 0.26538383958 0.300424249673261 0.280888541908645 0.246841959989212 0.213538149636458 0.179920096199896 0.150789221930794 0.16851528828821 0.189957248988085 0.206846771636346 0.224774662303943 0.31162564826178 0.4576388181758 0.530353202803661 0.589761295522706 0.6486256893299 0.652479112254949 0.671408660794896 0.734987667204741 0.748048970530172 0.743944910006617 0.733115186388134 0.720206032475092 0.705535848959673 0.687141091259387 0.67174666421586 0.657809941391985 0.640852442274017 0.627383163962991 0.615819175498777 0.602671286104138 0.592825016204502 0.584740955730638 0.576649615267616 0.573349465273294 0.573779269625106 0.573733390977446 0.573623253532587 0.578489453953892 0.589168192230561 0.598741297776997 0.606705676952274 0.615874632289776 0.62196413270164 0.625992233668304 0.633698879827283
0.21746950250815 0.160811854379007 0.162712475678415 0.165816451853472 0.18904548868072 0.242668278283355 0.271627185995251 0.263570395349367 0.259842835286932 0.258438778061895 0.24767342560176 0.237245524700655 0.249793494090996 0.235027542362472 0.249895448817287 0.258647438525971 0.206098794786337 0.180722969006646 0.186961155040669 0.203861620660062 0.209580688789108 0.195819723553869 0.244438073961356 0.33735434659596 0.394389657335101 0.474330320076762 0.562155608179593 0.56218142593462 0.593716479622174 0.70091202983297 0.721888910268114 0.717349130667811 0.720262151529677 0.714295995893573 0.701205619102917 0.683544388202347 0.668341535891345 0.655311245501031 0.640164077763182 0.627475004251128 0.615928408275836 0.603003108346923 0.593215774472208 0.585007527444438 0.576935032329527 0.57321750585453 0.572310663252631 0.572283420188509 0.566364550144071 0.56685259727955 0.58207201597958 0.590294834573165 0.597341989370304 0.606806742591534 0.612471807516523 0.615525977073912 0.623689874983879
0.297434139461217 0.199725847515034 0.172588290409967 0.17538619898905 0.197359916316217 0.211955636207298 0.21023196662829 0.216333943751559 0.189219633750412 0.159917125739351 0.167679326683731 0.208241763038711 0.243413784583129 0.218282764683506 0.222317169950804 0.234419013870349 0.191586931697534 0.182984838189064 0.214047530841007 0.203319140484006 0.187357995632404 0.169196215237841 0.166566958187816 0.167750648978889 0.205106148914466 0.379975344442084 0.538728911970778 0.554587503926587 0.574308149050263 0.659905265065388 0.717497801270054 0.70625181338771 0.698450607740845 0.703202591977692 0.693311268173999 0.677743724659535 0.664713873860828 0.652763082270027 0.638081465245407 0.626161194228248 0.615362904241661 0.603036619731941 0.593473573855827 0.585634314287153 0.577517739073083 0.572374426817797 0.570352567546779 0.568813113853261 0.562233635317578 0.561784386429731 0.573541965873568 0.581145726088569 0.586984854493309 0.594325366442624 0.600819244879893 0.603781183800065 0.610635596457877
0.477136939312255 0.315813210776708 0.200722020005783 0.181246074874104 0.151244647173345 0.144017124937794 0.146880292622453 0.138900203367006 0.11502417861576 0.103890561646134 0.11911963152412 0.149063158253095 0.175234391340368 0.188292215258341 0.220164827781522 0.230796319838024 0.200408093733296 0.201063798802158 0.219157971435204 0.213219356724704 0.199360079835249 0.191356042357874 0.184270300919007 0.138380491261814 0.114314912007769 0.199709117810079 0.44490913285369 0.589344391024155 0.589891696976646 0.608705533945116 0.650268525212905 0.670995567960398 0.685954241508848 0.687883936567982 0.682866877965073 0.670728433828984 0.659983482451358 0.648941922989654 0.635919047211559 0.624992684734001 0.61476408215353 0.602809584770385 0.593733804361157 0.586231245022537 0.577928874360392 0.571960127583485 0.568771815113943 0.566782907477816 0.565498371185356 0.56405232729105 0.56624850528628 0.571591538216235 0.575697882865145 0.581751767826444 0.589237043618635 0.591439562622647 0.594192525716111
0.554348057382812 0.378722797913581 0.222098873289877 0.214228057781579 0.185418337701753 0.152242965046229 0.153427032647756 0.151279002979606 0.113009838751688 0.0971864016882499 0.112410623313451 0.111702968056845 0.131898198559376 0.154900631409772 0.192632511262942 0.215958498574607 0.193129378869598 0.188839439512836 0.210105266107618 0.209494141870918 0.191604370332706 0.189983073035763 0.182489566433607 0.140827197121019 0.129348512934724 0.185691713369016 0.398324228850412 0.576691555155789 0.589660397531707 0.620918198592589 0.649689349595088 0.63715176358417 0.661079647236858 0.668647253955774 0.671080582059526 0.663952571905806 0.655622465500779 0.645634727281104 0.63383324483051 0.624010294241176 0.61395545207771 0.60243171231574 0.593504047885116 0.586043525881604 0.577745534850552 0.571775829428422 0.567919923491889 0.565620317874543 0.5642934697843 0.559914288978967 0.558171681854595 0.563380854675553 0.568464139104814 0.573472050080585 0.578651437315015 0.580860577059981 0.585103065415429
0.605585573127979 0.489153095343128 0.374510922830968 0.323101136942478 0.27776233921435 0.22627715683651 0.184572362313939 0.163875737324449 0.147038110229712 0.136958725307666 0.114258524324838 0.108175480962998 0.105000224225261 0.115654605493144 0.133914765900521 0.135357125334679 0.114440229737903 0.105090294010689 0.111880699800486 0.16449954190421 0.207845987687367 0.204172793057588 0.186642614202548 0.161962930748643 0.14063661266116 0.196425483880977 0.355828936358329 0.492035045594001 0.557836207763105 0.59776884392461 0.615202686484505 0.617721856191335 0.607114640428632 0.603949871857498 0.636606150183629 0.648173867338351 0.645502121748769 0.639215762230142 0.629499917175175 0.620915611799262 0.611670238373804 0.600910730493759 0.592535695164756 0.584952088676897 0.577020752608988 0.571586640794888 0.567190573833616 0.563075754142481 0.56185675530135 0.559392223822451 0.552380770652421 0.547641110920698 0.550301171114381 0.556583910416833 0.558364772497469 0.560841925512503 0.566235331914744
0.599750073648629 0.539126274501773 0.453023467147791 0.403612804787565 0.368567775869461 0.298106533676485 0.230438007218059 0.247752699342738 0.260637319378285 0.15921903269403 0.0954694384931243 0.112514323262268 0.111111328253625 0.118622906382362 0.131233591164809 0.145456328595852 0.106153785075229 0.0832187020560669 0.0838813827604045 0.132459658920446 0.184206341587696 0.186935258132572 0.189557043198973 0.178818646236157 0.15701526777347 0.231079675890212 0.312800597692537 0.308635996946434 0.426720360405638 0.548098701481935 0.57016595458915 0.573944943763852 0.569949543796039 0.5483238088369 0.579000620914971 0.629005212289876 0.635346748102091 0.633321405198874 0.625802829657499 0.618475281628246 0.609911684578248 0.60003114192964 0.591740965893104 0.58338262955755 0.575479166701441 0.570422635106783 0.566046250950003 0.561354780357971 0.558973032935099 0.55601463790933 0.547187067748462 0.534799228996619 0.532234263547559 0.541936778815281 0.547838997419847 0.548790227197098 0.55316194528446
0.642541198678692 0.589436431429546 0.542762738557572 0.484036413741501 0.345824224671423 0.258585973174788 0.221036010983959 0.253148511843158 0.289388663234813 0.171435106583642 0.100028630999305 0.167493926863589 0.22582723336721 0.170390095152736 0.124512057589594 0.112753889709004 0.0979740932994816 0.11402508688033 0.120275406742254 0.140857231389626 0.170869513834735 0.18322394170732 0.180611312627065 0.177217809899768 0.173233113357959 0.180015922467418 0.163775209292774 0.176623774241565 0.317084973213533 0.465931164461298 0.522205757851211 0.524213743052829 0.532968266648891 0.558279017511001 0.564611391052872 0.585248592217464 0.628152032884874 0.629167745434928 0.622972024568045 0.615999913990641 0.608301668007996 0.598995384464005 0.590840968168526 0.583260240703546 0.57501628202333 0.568908532924865 0.564589453795264 0.560642221317717 0.557618768761474 0.551754362766227 0.541878395151364 0.526220979706059 0.519115919654626 0.529257284168911 0.536303181133858 0.540598614350745 0.54399540539172
-9999 0.634429096006155 0.56856994613098 0.491027382966712 0.422774568174155 0.336409627260927 0.305605986300602 0.365558349515547 0.39461148205232 0.252969246768177 0.20365196738778 0.320120928463547 0.27853594243793 0.162462061046987 0.121563536042853 0.102342259515283 0.102779556862625 0.0964628537626649 0.110135468243998 0.121643672953979 0.138526933384289 0.161810626436808 0.16406527979156 0.165354707967976 0.164189411625726 0.155837201833803 0.101232372981375 0.0374960278418255 0.129413439517479 0.343628533403679 0.457688059666327 0.463048235958367 0.475338175660617 0.505013712598584 0.515342719066232 0.53882452883633 0.593948912685515 0.618803240005517 0.617007143220033 0.612320496297234 0.606222259901135 0.597625892267199 0.590020859356812 0.583258485766986 0.574875592275353 0.568843436041621 0.564574280720092 0.559951081165083 0.556430186535304 0.547813620894011 0.529057515827025 0.515412071952308 0.512766205503481 0.51551098002956 0.524342312557189 0.52870079188039 0.531422445356646
-9999 -9999 -9999 -9999 0.613617318224548 0.496361881670162 0.449250449420691 0.500227313447008 0.495398590479351 0.409114394903618 0.420785134014784 0.407977153559325 0.286629651363071 0.239650981150478 0.181792228313528 0.131608347739462 0.120047930650326 0.0897710955609817 0.104716615926787 0.12083284060291 0.106987558282867 0.139682310310427 0.145035610069395 0.147146185145537 0.149968402259177 0.148460161418361 0.142565132137378 0.123777700946486 0.084427746156888 0.190628976421042 0.382064602048471 0.401565432295997 0.367622002523228 0.370629178058046 0.41390928141899 0.441230342007371 0.488053715214876 0.568349821097042 0.603130136498301 0.608544850274692 0.603136827562845 0.594791010906044 0.587320093473143 0.581141994745746 0.573202689512389 0.567564204022913 0.563739488850917 0.55920274628536 0.555497690643266 0.552284334178285 0.547799305082834 0.539546519116926 0.524280786502283 0.507066891026972 0.506904696090765 0.518683920325252 0.520408590363759
-9999 -9999 -9999 -9999 -9999 0.522774803020043 0.483325483344633 0.48848068309031 0.459075578507048 0.438387965405251 0.485492526078988 0.488835668763182 0.42831686163823 0.345142387997734 0.212411061885364 0.122006373231889 0.120286853249881 0.0831098770879055 0.0771156152620986 0.0850978170652433 0.0780664836233531 0.0935142825557208 0.115829744532745 0.122780784452319 0.11742633531707 0.127401475164847 0.135822253819161 0.12514117134439 0.0906042221772084 0.126829249652372 0.260279798457695 0.33463926796597 0.318324033446996 0.287624163989405 0.361891527349183 0.413604761557318 0.44254357925207 0.510323987948711 0.573988053912343 0.60297827214144 0.601395062070542 0.593595507643669 0.586871302594458 0.581106458093908 0.57317454784532 0.567400673382939 0.563545524496363 0.558979651255656 0.555166554357617 0.552521858043074 0.549357989346524 0.545360246153513 0.532919521387564 0.514447020872272 0.511358283238219 0.516377282438844 0.511890554355413
-9999 -9999 -9999 -9999 -9999 -9999 -9999 0.644891651291351 0.60939180341661 0.565459125404342 0.561190702684325 0.55444280682921 0.525884735418094 0.486677539079222 0.395886001934449 0.274129272980015 0.179944184568334 0.151643360911313 0.135214872907481 0.0737268156918289 0.0426346158290148 0.0407983052907904 0.0643085923273828 0.0894243900904449 0.107135326504846 0.133478811653846 0.113522191748282 0.103949493024492 0.126621227840042 0.153064538433517 0.185304776489428 0.2228781886604 0.288174508985354 0.287681682991247 0.248371505725916 0.257522735088276 0.306461377494466 0.381796358984988 0.460837473148607 0.56215552053998 0.592804420950717 0.590970955106566 0.586243467123454 0.580425464534683 0.572354137040139 0.565626246166699 0.560880440089519 0.55699884974058 0.554337087682849 0.551046114673942 0.547498972774076 0.545181952948554 0.54075058111211 0.532962909597253 0.527825932875114 0.520765381833847 0.51384873836887
-9999 -9999 -9999 -9999 -9999 -9999 -9999 -9999 -9999 -9999 -9999 0.592872148431372 0.555365846707594 0.514673659226218 0.413800701096764 0.301050714772761 0.305433525905363 0.318743063801651 0.234632254438242 0.0998812076149511 0.0239433873335852 0.0333207768600382 0.0555951435933928 0.0695164253903949 0.100207755165559 0.129103851484072 0.120205466168677 0.0974655839911925 0.0948686052707179 0.150294894463307 0.227416416903086 0.182195013937103 0.132598790863157 0.231865294324174 0.23341150876521 0.142711869821899 0.146511895802719 0.224687868372042 0.363425076846783 0.497564216056472 0.56144357671241 0.5805562917531 0.582142384981167 0.578137904045105 0.571755638110873 0.565120553480108 0.558299309523808 0.553850951588475 0.552548259838232 0.549443323136639 0.54550474720737 0.542921502445268 0.541404217974182 0.538570575339248 0.535665911575361 0.526928490924225 0.517828966542489
-9999 -9999 -9999 -9999 -9999 -9999 -9999 -9999 -9999 -9999 -9999 -9999 0.61374128894788 0.539784533904136 0.520088462074286 0.488095724424844 0.437831347569765 0.341794360237936 0.196649851517769 0.0682519929935863 0.016564029841155 0.0165608740773168 0.0342409676837288 0.0548830507218363 0.091969120603754 0.122467010164203 0.118508274825462 0.101558766874008 0.0913177658975645 0.102698106302329 0.124598351633884 0.12405215018923 0.0933437051986121 0.137857914929727 0.212094223172251 0.133180162836258 0.0640083588515368 0.13993509973445 0.243691190977142 0.32324204325711 0.421625357513565 0.515285454505281 0.556566647517313 0.56409186601329 0.562076715220946 0.561124875273121 0.556543883144156 0.552408084735622 0.548841961202904 0.546249602870283 0.543992770420025 0.541541524017771 0.539435778180367 0.536902263419303 0.534493904054678 0.529887483832294 0.523622699714987
-9999 -9999 -9999 -9999 -9999 -9999 -9999 -9999 -9999 -9999 -9999 -9999 -9999 -9999 0.582616742175412 0.561929215303723 0.487797686735079 0.406559239693422 0.30506789450902 0.166173744705777 0.0909108295857239 0.0476649687947202 0.0291848757970833 0.049153073038743 0.0704227517429321 0.101748500376083 0.111793697920074 0.111945178186435 0.101214612549464 0.101287271975565 0.100996666309844 0.100407798503254 0.0911555054876314 0.0761638815291207 0.122194348545186 0.146414466617575 0.149673902442844 0.168134282876462 0.146935467209899 0.151129614840237 0.246266883755431 0.374061652115457 0.440821535814482 0.465912887842435 0.494614258290435 0.523921753953954 0.538325034301355 0.541666590627393 0.541554232649755 0.540301437219244 0.54028449502759 0.539329815468376 0.537072167179257 0.533963457671549 0.531330748665214 0.527637750625824 0.523144388577081
-9999 -9999 -9999 -9999 -9999 -9999 -9999 -9999 -9999 -9999 -9999 -9999 -9999 -9999 -9999 -9999 0.579033492943046 0.508833104340542 0.486473760299483 0.416466512173312 0.317023358068388 0.176632018783991 0.0489766707290004 0.0497813152832687 0.0861552614267702 0.0921410911530879 0.0890846418436994 0.0995066082603337 0.11622446663827 0.123751725258928 0.131933488572494 0.130411304919245 0.122315021026071 0.102650474062962 0.0791365301158158 0.125053719222417 0.234145733084766 0.258804341284445 0.191273739672202 0.127699347057967 0.159209674658781 0.201313474067589 0.230050160822551 0.320523171614568 0.336651616188987 0.385032916952719 0.455356017947247 0.498772607779735 0.526639475750386 0.530025615633018 0.534876193261795 0.536409491529228 0.534615366901532 0.531419518493598 0.528562350992381 0.525854961340345 0.521106044161931
-9999 -9999 -9999 -9999 -9999 -9999 -9999 -9999 -9999 -9999 -9999 -9999 -9999 -9999 -9999 -9999 0.541165114038855 0.534749076979409 0.540774675247854 0.47856389807542 0.325364249875656 0.176534209536029 0.0869677740326872 0.0557555100347194 0.0768442047900415 0.0771397728708308 0.0756707202992408 0.0918800724497999 0.106784504513977 0.111534169658099 0.123845937692 0.128887230780292 0.127361505763036 0.116469681607428 0.0938425011293723 0.104604292698417 0.196941712594651 0.24536694136267 0.182466674458934 0.139179635151053 0.197169926438427 0.248150258325415 0.26554293402469 0.311183035103188 0.332057307588271 0.369051301691751 0.411316069889134 0.469617470104913 0.515740500742714 0.52570700767894 0.533992554758315 0.535302265308069 0.533578124142003 0.530435737247731 0.527654999555952 0.524901150703077 0.521137068693088
-9999 -9999 -9999 -9999 -9999 -9999 -9999 -9999 -9999 -9999 -9999 -9999 -9999 -9999 -9999 -9999 -9999 0.594620145156346 0.58638653523743 0.563957319306919 0.503865409771307 0.364765867599358 0.172793616739916 0.0442276681349558 0.0274054720656801 0.0304166373318091 0.0484827332020211 0.0776307125914939 0.0788586013022288 0.084998193385657 0.0857481902066627 0.102509425750938 0.127702047021651 0.125666281713628 0.0946381944917624 0.083525009488618 0.104330389585482 0.14934146763658 0.240242644029809 0.266686816511945 0.272507216447451 0.314611231127926 0.336971846558381 0.343019084172373 0.353553196380887 0.357461912808136 0.370707660952832 0.423103343092575 0.482922420645131 0.513252634721265 0.532672617056658 0.533351125404785 0.53139331623772 0.528826721716085 0.526258228535802 0.523608895785321 0.519791374591554
-9999 -9999 -9999 -9999 -9999 -9999 -9999 -9999 -9999 -9999 -9999 -9999 -9999 -9999 -9999 -9999 -9999 -9999 -9999 0.613407035657521 0.586874170419399 0.488285888549718 0.280801093721111 0.0880792903191463 0.02279319715126 0 0.0322435699098608 0.080279499319805 0.063422373637946 0.0828115341796351 0.102739455321538 0.102402988081329 0.117089426161821 0.12674198325045 0.0927095991567726 0.098150490484201 0.123334256683113 0.10246719713844 0.172911751665825 0.267285783376764 0.287248525347819 0.28794788060436 0.314762121939429 0.323361928132066 0.31143494831119 0.321564877459618 0.369536709018712 0.403003024109815 0.465322698498572 0.51169969428088 0.529817165364789 0.531255382203701 0.530314865968982 0.528060484402785 0.525693629835027 0.522910567610883 0.518923527840977
-9999 -9999 -9999 -9999 -9999 -9999 -9999 -9999 -9999 -9999 -9999 -9999 -9999 -9999 -9999 -9999 -9999 -9999 -9999 -9999 0.615334412197408 0.52802897642474 0.364707068867893 0.176761771029747 0.0640151875584765 0.0234257149119504 0.0547730638092573 0.102039583625207 0.111721865710781 0.115157226606675 0.113016580765473 0.115348795065746 0.123220816729453 0.125899145575296 0.0899914465982241 0.0771228521726603 0.118026001741497 0.111885614627882 0.165851494126079 0.252649788430523 0.281416477888067 0.316674836078253 0.332265873802878 0.341354962975457 0.345849014058173 0.330365452681892 0.320268936083081 0.40081863879341 0.489035934529441 0.517281418318645 0.530736180101211 0.530931627279051 0.529816441858345 0.527521211121239 0.525208779322539 0.522322764071805 0.517894746267138
-9999 -9999 -9999 -9999 -9999 -9999 -9999 -9999 -9999 -9999 -9999 -9999 -9999 -9999 -9999 -9999 -9999 -9999 -9999 -9999 0.585159863817067 0.547077974242174 0.390298912933923 0.220229032521092 0.0986338959749206 0.0388599778947293 0.0696261697592701 0.100670514332721 0.114984146664208 0.117614121695464 0.116563787859587 0.117355521476086 0.12096686780156 0.123523070761802 0.0998200596631248 0.072731449475046 0.0898776944480127 0.109301094428145 0.134892460189074 0.181605581779917 0.242061004720365 0.297723074290374 0.310863185773278 0.33047095270137 0.352375693103543 0.340211930813139 0.359639613148573 0.450953722508258 0.508930579562241 0.525006146625053 0.531070444460074 0.531144144823583 0.529955094197838 0.526921884054366 0.52375852736554 0.520486875963868 0.51555883910943
-9999 -9999 -9999 -9999 -9999 -9999 -9999 -9999 -9999 -9999 -9999 -9999 -9999 -9999 -9999 -9999 -9999 -9999 -9999 -9999 0.545244965529623 0.519349083677144 0.418074078848662 0.274948178476649 0.146885706635298 0.0556642105986137 0.0235628715331685 0.0621731669134359 0.106421383817685 0.118629475371601 0.124212079942336 0.119914227299392 0.115161779435136 0.117991460108441 0.0981704398720716 0.0487991173049976 0.0189399760296345 0.0352293813606784 0.0566382406323549 0.0995539494056066 0.185348042089003 0.233816710917336 0.244206270213204 0.253375954096216 0.28457568177775 0.347278110354539 0.428648622584501 0.479246288051008 0.507819169991427 0.516419849316283 0.52724907779035 0.53091972347316 0.529780383144758 0.523819498718421 0.518437514755906 0.515378228354874 0.512624645869857
-9999 -9999 -9999 -9999 -9999 -9999 -9999 -9999 -9999 -9999 -9999 -9999 -9999 -9999 -9999 -9999 -9999 -9999 -9999 -9999 0.529939445582738 0.509199304071969 0.4406393655181 0.338332477943726 0.205603319499491 0.0707399046167831 0.0176219402012777 0.051795185090666 0.100816590801227 0.123494075372954 0.124836935056775 0.121663758055454 0.115516696319434 0.115379702931897 0.103362399917141 0.065185479989091 0.0162358350883414 0.0182814267288311 0.0539079633062731 0.0885185472288234 0.166868562748453 0.201790320036992 0.200244399746584 0.236167786902457 0.286666416345892 0.353007226081928 0.434117441321011 0.460957999892384 0.484250134765838 0.504865546308281 0.521740759973839 0.528404824001332 0.529001042005453 0.526029434224051 0.523524580630753 0.520531116462075 0.517036250517774
