layers/veg/veg900.asc
NCOLS 255 
NROWS 330 
XLLCORNER -2985163.8955 
YLLCORNER -3022031.214 
CELLSIZE 25000 
NODATA_value -9999 
[rows 130 to 155 of 330, columns 59 to 117 of 255]
0.0920813928774362 0.117721953668042 0.118908170983489 0.105825840628712 0.109443075514587 0.141086849922691 0.117580078456857 0.110641702272052 0.128783407849048 0.172995512176827 0.173912130748085 0.178520394559216 0.212698933937258 0.224276291465141 0.205431159355571 0.216275360797047 0.246247901969115 0.242739187591122 0.231680693166489 0.236801705982265 0.227412099545578 0.194451617875481 0.196046759529372 0.291741783341853 0.509585824776621 0.517641750691394 0.518658964521165 0.586611586806563 0.579787638093684 0.594415446660191 0.573121256189481 0.570010126721773 0.549675724260087 0.526892352466546 0.50270746065406 0.479773446261127 0.458327670938074 0.441799941832687 0.425343298860666 0.408711876669983 0.395590132191171 0.386376573897599 0.38122858373868 0.380679665615609 0.383955517495857 0.391744291405837 0.404453991674922 0.418512218099764 0.433821207681646 0.453479278313946 0.472452666520446 0.489930407200819 0.503990822351775 0.517684420709136 0.527963807619973 0.542674502185182 0.553998760202864 0.554479720248242 0.556236613345904
0.128250590498045 0.144860265861011 0.106478199300414 0.111667939349444 0.137766709235645 0.115479016531696 0.0934746256013637 0.0860098611572758 0.0947461330308708 0.113495704946269 0.119716602721924 0.146194486313124 0.181237107266316 0.199337179806507 0.20050801213599 0.204861333105112 0.225055348364711 0.237893331172601 0.234670196209089 0.241926052693984 0.231373626440154 0.201256109684954 0.191757161824672 0.281190400365372 0.406273909209676 0.508896906366482 0.533426564254869 0.49588978223744 0.568351059233635 0.52534235744069 0.552694275363831 0.551182553291502 0.533377122122857 0.514383468708917 0.492806388134697 0.471135435485504 0.450575485056246 0.435004161708963 0.419054089614212 0.402845643744025 0.390333334086899 0.381372585179474 0.376410041002667 0.376242303870207 0.379160705437887 0.386065516520945 0.398146865363444 0.41064951490461 0.423361712684687 0.440896167613821 0.459025401319974 0.475552381897679 0.488886255313032 0.503941376061073 0.515380804044889 0.526605935662242 0.540742273440046 0.540374977546288 0.545821989059463
0.227516688943026 0.224009158543315 0.168501457082304 0.155838310284444 0.181527572874748 0.133667438773498 0.104669463763488 0.0828113859832425 0.0862022876758664 0.103083956539947 0.1059631615926 0.121057024503793 0.148895313382487 0.159533757107833 0.156178631437533 0.162422405481027 0.18102686308262 0.219894652124506 0.228503625241086 0.230198336965435 0.221513191456078 0.204927754047938 0.188595475466535 0.262472972250922 0.36753201390408 0.438248461599246 0.513842668514618 0.493356587056599 0.531949647868903 0.539420033560211 0.533663367680577 0.512190636525713 0.50922290599964 0.495620242488539 0.47716750825481 0.458996817194749 0.439859304944121 0.425178761061719 0.41045379680239 0.395671523217899 0.383834224242589 0.374775618100082 0.370258098120383 0.370789170725036 0.373327607692581 0.378945095752936 0.390051204690876 0.401943150802306 0.412300056468915 0.425199509289796 0.443361203396549 0.460185331500362 0.471775127726449 0.48346989087598 0.497300244264238 0.509519314805419 0.523869887569298 0.5244120266961 0.52819198825327
0.306982764433524 0.247031339716823 0.273752035194266 0.202462148814431 0.201340013221921 0.196597069801769 0.166166591717885 0.104609213974527 0.0914343032291674 0.104625414309704 0.0867069517361759 0.0928885823783767 0.129170224456681 0.156174190561472 0.124023730133367 0.123838042619494 0.14825476523264 0.179224616557742 0.214485399285946 0.216609003832489 0.215340183500484 0.201063186872574 0.187018703423925 0.226485483639152 0.258991832974695 0.326242854735638 0.43750595424881 0.493672454097578 0.497777184946142 0.46901303091133 0.473716832690376 0.422514135221131 0.450379332911653 0.469984129894859 0.460277537244445 0.445132001119443 0.429127278511166 0.415477244769538 0.401454537178564 0.387949096540583 0.376995549634571 0.368072209820018 0.363690147929523 0.364371770480566 0.366902248431336 0.371937710252977 0.382445159289663 0.394481932467081 0.403095042281514 0.410667872675444 0.424717137457526 0.4420787008663 0.452613493340984 0.464043616993151 0.479105693739219 0.491974458988629 0.504254053610931 0.508257124004746 0.512222580587237
0.355410488015292 0.281339135182089 0.195417855493297 0.154250068261886 0.183063830896956 0.243516295118887 0.233800406788444 0.148126059467542 0.118043933152459 0.168541364610626 0.174437067842235 0.133914996997515 0.142252943574473 0.127046297780412 0.109553319260625 0.126891571914569 0.152222446050348 0.155899340398266 0.194969214249574 0.196419694547238 0.19690927019477 0.195872096891247 0.191014249419145 0.202568161857652 0.161134295946613 0.177879064476068 0.28328394387948 0.421385710336726 0.439714427440962 0.421916798811673 0.433096713868302 0.408191683773003 0.406298994291542 0.432005460654632 0.437712515650768 0.430093182023614 0.418158837304064 0.405013478752698 0.392624609302397 0.380210559871291 0.369560099916576 0.361581807577435 0.357439373887541 0.357276372752961 0.35974479567414 0.36496698668843 0.374404281061591 0.383957535989748 0.390739694845415 0.397181110061112 0.403761840585344 0.418341271473643 0.432153404954915 0.450881310445739 0.462801233019391 0.47384187042296 0.483887968331835 0.491568187482955 0.498694300746095
0.423306984237725 0.352005895909243 0.254674511083572 0.195359199519893 0.197150189674582 0.201002006800347 0.211939780609025 0.212470960340686 0.179741688126371 0.238300477453905 0.221075718284899 0.150960154452036 0.134270584717347 0.102099869690215 0.104911235096168 0.106809475544468 0.136383103402135 0.119595477391345 0.154192326431251 0.166388941930806 0.174834818847751 0.176866899630595 0.175140880966043 0.163496249919875 0.166720442039141 0.0832060103808473 0.128529154337426 0.292232315582463 0.365063066585925 0.376326304938796 0.395356570157864 0.380504429977215 0.354809034561458 0.363862199266919 0.400684043265994 0.417025713000057 0.406506587371664 0.394430719318737 0.383538080325524 0.372029693892548 0.361805956991813 0.354229868641918 0.350519620014105 0.350399059779166 0.352934074802884 0.358225503742684 0.365783996784826 0.373480178975619 0.373252239496171 0.372416947205926 0.388712535946655 0.3982247829187 0.415368544156133 0.433496865931967 0.442167015624036 0.455188870097042 0.464163318902926 0.472221255015349 0.480150386903973
0.457232914859954 0.419662607846759 0.356903957177562 0.285081102619604 0.27984273653223 0.307819395500099 0.312764834635261 0.294054447609923 0.267326577662605 0.289774281786634 0.182010188372128 0.163714718600544 0.150358858421393 0.0968612244502253 0.105429556410992 0.0798543752717223 0.11512400838153 0.120205824403096 0.101005481518446 0.150053198117632 0.142362648725788 0.156648087619322 0.15679936007891 0.138291011787565 0.142098226668396 0.11248791113027 0.0814565212669828 0.16670137087271 0.266351907526089 0.325737734319084 0.341112436818469 0.303097444704778 0.299764986159938 0.309620935722734 0.330685253663168 0.369077272628294 0.388059104571929 0.384064856232554 0.373878672409021 0.362804464020862 0.353427720372551 0.346979111894668 0.343275745107002 0.342908938292644 0.345188693343888 0.350015663305897 0.357862268027866 0.366719456488596 0.374701721896057 0.382153177612621 0.385227545467713 0.38128331350632 0.393772930249705 0.415930207410571 0.427511992639365 0.435280830398609 0.443462352473681 0.451296207482229 0.459222828042741
-9999 -9999 0.40873450981439 0.34386521200823 0.365478421303407 0.34642080031942 0.329277080871389 0.320872793084818 0.334874217526075 0.390026635450606 0.322831833689322 0.259018314050731 0.236764791547181 0.140385777591904 0.107764353925199 0.0596810280587118 0.104290316588255 0.0977977441697641 0.073062153992729 0.101956658224791 0.124437475112532 0.120605256995464 0.10448113295123 0.122391440524621 0.120966618993381 0.119615470741993 0.0970188972578468 0.0812463297110366 0.141001597730294 0.258296480884312 0.284587052363719 0.219870937961279 0.251821293512177 0.276493593730404 0.25231126901813 0.296847340790967 0.356285018024798 0.374007257332484 0.364449893056545 0.354077758895867 0.345635532787166 0.34009866431862 0.336288544234259 0.33526167851768 0.338084157961302 0.342988613256766 0.34974376934039 0.358463475816255 0.368739951794377 0.377609952523192 0.377192185209504 0.377472940566438 0.389304679510238 0.406117260756781 0.410992527149251 0.422459773121722 0.425112963901101 0.432705197676884 0.440028919179771
-9999 -9999 -9999 -9999 0.403619337094059 0.368812899436914 0.405300390759165 0.394627707581087 0.384927099515211 0.392371925118301 0.380010071876104 0.363780144558402 0.311235790128535 0.227011526192707 0.131971287426216 0.105068711784768 0.112812971661038 0.0754339555661473 0.0564088643500056 0.0535790751291477 0.099906279652383 0.0924689443854888 0.103277745649324 0.102535155858849 0.0878199088834192 0.0906928855620909 0.0898378218161323 0.0940347533566369 0.102430546615621 0.131483733032764 0.222772628870341 0.201216762999786 0.20555628417124 0.214024929498726 0.186509628986102 0.236918349379136 0.301507692199553 0.35651845688192 0.354515232012015 0.346899539478707 0.339674469663682 0.334379432331756 0.330239431306806 0.328815819654663 0.331281696706333 0.336206247472763 0.342979557734422 0.351305914768636 0.361491572582188 0.372017186738308 0.378407921186491 0.381135620196384 0.393446316837116 0.397949357526695 0.407325344793229 0.413144752632064 0.421850266996008 0.427092890153986 0.433772287552656
-9999 -9999 -9999 -9999 -9999 -9999 0.439836577812502 0.418625143878098 0.396208914223866 0.426794751057789 0.382737661298617 0.375796475037698 0.324498848258512 0.239836340641423 0.200879424054194 0.221454662614068 0.12716033130115 0.0555851219002739 0.0375595807558435 0.0312200695058567 0.0777566756620227 0.0716028518213735 0.0938253744880785 0.100827879414461 0.0879736079119809 0.0737476183195063 0.0641224843573883 0.0828406096807375 0.143895919447942 0.0942916546224401 0.0828450428644 0.162101982471938 0.129722326898927 0.0643268983631116 0.114968945636082 0.185210818722729 0.215774394624118 0.298683878077321 0.314301782320946 0.326131367820085 0.327692908837708 0.326481030162209 0.322261767850419 0.322225438970339 0.323433322099991 0.327522520141763 0.334374759621463 0.3423428200268 0.352045690669666 0.362492059902208 0.373491775017376 0.380411770508646 0.389901611379557 0.393256645954853 0.400503321179148 0.40637178742739 0.416643530912174 0.417451797568237 0.422020660104643
-9999 -9999 -9999 -9999 -9999 -9999 -9999 -9999 -9999 -9999 0.391412225453786 0.376460688150586 0.36884014180827 0.334251285840145 0.305412682484435 0.270411163531153 0.110830033495593 0.0245521968549517 0.0279070561253171 0.0352319682506491 0.0576830491862634 0.0531201831217597 0.0714031513961553 0.0878731939701513 0.0821726467625704 0.0660328985776178 0.0489329918471595 0.0555020585422729 0.079256877646312 0.057098764679478 0.0097648160126386 0.0430463150446751 0.131329561764665 0.0913081016567715 0 0.00821880199093216 0.106349596993119 0.15630765721204 0.202358047856522 0.272956596640109 0.299011363050706 0.305005098777385 0.303548522388692 0.313562366012356 0.31401017083013 0.316843756508333 0.323315855117418 0.330958164440554 0.34097261449827 0.350747949424623 0.361740550011216 0.372294144112812 0.378995255676592 0.386721090232148 0.392278186666295 0.399912931466925 0.404963165873846 0.406966873719935 0.406832547610729
-9999 -9999 -9999 -9999 -9999 -9999 -9999 -9999 -9999 -9999 -9999 0.426538557985183 0.426674808834529 0.381345690701795 0.333635113622384 0.294490673359898 0.170873019232607 0.0631688353765389 0.0749749221967454 0.051596655475614 0.0312454384027365 0.0353110306732207 0.0478396960291469 0.0642466209274161 0.0678058446607894 0.0608857207417633 0.0469717168218972 0.0473600036270538 0.0528600307824153 0.0358839107531964 0.00459914459105681 0.0160013147732776 0.0666428647966799 0.0606107739093662 0.0588777857652446 0.0839104340939212 0.0229616773372184 0.00642031807298921 0.108042079443126 0.215763275622486 0.255095814937657 0.251172041708898 0.257264065641942 0.292431843780272 0.298203639031439 0.303440190993943 0.31056207098535 0.317971772583216 0.329199370107532 0.339669052017476 0.349548456791063 0.359704640045814 0.366165629800715 0.375022318515327 0.382492861297585 0.389119665151117 0.391610456931172 0.397125121011689 0.394227572376568
-9999 -9999 -9999 -9999 -9999 -9999 -9999 -9999 -9999 -9999 -9999 0.472927423776398 0.450396428980459 0.396574257704605 0.354523482053914 0.331315557993891 0.262633928059909 0.198009253467662 0.167548514076785 0.051753274225654 0.00390562188266243 0.0259423251744656 0.0306877861914924 0.0417710868468692 0.0484216812147691 0.0494245786610022 0.0453818817153155 0.0442578320576462 0.0466009900391329 0.0340576316552071 0.017514922933817 0.0121502860327094 0.0141115802926984 0.0365606977338631 0.0903500109455554 0.102402982278564 0.0449749258996063 0 0 0.0640348295737227 0.0887293671414715 0.157694618004116 0.156217567488329 0.201651587838798 0.25151010487057 0.278404011280228 0.29119486114435 0.301485100087068 0.315641177530393 0.328027212016431 0.337529990446129 0.346646106242005 0.352555566420978 0.361385646168913 0.366539267916432 0.372624759022874 0.381116877013084 0.382458159584007 0.382453477934664
-9999 -9999 -9999 -9999 -9999 -9999 -9999 -9999 -9999 -9999 -9999 -9999 -9999 -9999 0.365315834503927 0.370952562570593 0.346971264320979 0.307960140667187 0.261241985189541 0.146022371316449 0.0373354899913201 0.0159747296715949 0.0221471957376869 0.0170881599748936 0.0188727596334414 0.0248224741009939 0.0293484513724254 0.0279907147539273 0.031809686994476 0.0317537760721833 0.024947305856962 0.0117353268240346 0 0 0.0342299021492054 0.037608228919758 0.0778313821526002 0.032002068355144 0.0265840736409045 0.0980675809198061 0.0945255530200247 0.138111339099013 0.138642604429256 0.158544712833505 0.177009077214066 0.223076711738098 0.251725388641214 0.282627922762567 0.304799333060571 0.315831894433302 0.32507728455587 0.334271152918048 0.339810722547977 0.348307892904681 0.356113600133254 0.362536531395462 0.366293842631183 0.360403123095627 0.359496542291182
-9999 -9999 -9999 -9999 -9999 -9999 -9999 -9999 -9999 -9999 -9999 -9999 -9999 -9999 0.376954191500463 0.397483941626346 0.404419500632341 0.377607592618133 0.344190633766737 0.244645580558179 0.0956800507084648 0.0170822018784868 0.00672592398767527 0 0 0.00241123044618686 0 0.00249649485011124 0.0105531000139577 0.0152297672794031 0.0197368912525292 0.00897048958896569 0 0 0 0 0.0671098024218678 0.0579320496614768 0.0717629442527478 0.0923504880186392 0.114928940562243 0.116996132925695 0.139436724418255 0.140841896501746 0.144943708973031 0.180162710956625 0.232548127100902 0.266121641245176 0.293372840326604 0.30410346401814 0.313167729658099 0.322187852762917 0.327446133785637 0.335841483150744 0.34346188183476 0.349361885000802 0.352615090469609 0.3456765058963 0.340509575653996
-9999 -9999 -9999 -9999 -9999 -9999 -9999 -9999 -9999 -9999 -9999 -9999 -9999 -9999 -9999 -9999 0.428972880630041 0.406298384095474 0.390287074836215 0.305687992397967 0.141044933840772 0.0304162556695161 0 0 0 0.00319149965699079 0 0 0.000276040145537619 0 0.00864538579850584 0.00127231628160836 0 0 0 0 0.0260401566039865 0.0791069248798022 0.0690802476773799 0.0732420574296044 0.107510694865067 0.099352115971403 0.13145013061392 0.117983567270453 0.0878842340561296 0.159864553525332 0.222318244271901 0.257949944373357 0.282914160034252 0.292212149932624 0.301547128303542 0.310039557234578 0.315096470793545 0.323234036971313 0.330425514991553 0.336146720004567 0.340805664045132 0.337767390010807 0.333556813642395
-9999 -9999 -9999 -9999 -9999 -9999 -9999 -9999 -9999 -9999 -9999 -9999 -9999 -9999 -9999 -9999 -9999 0.410410069629885 0.404249401846962 0.339245792820124 0.193868452855192 0.073044572425277 0 0 0 0 0.00991513052183985 0.00711221328455135 0.0004952808893004 0 0 0 0 0 0 0 0 0.0861041898710497 0.0312306370454558 0.064171022011476 0.084659759838236 0.109221886359657 0.147685509654288 0.102618811142312 0.0673304101171461 0.150055493242718 0.224735136058226 0.255018489327578 0.274800427220537 0.2836133196375 0.292494303095814 0.30072546140712 0.305725017001593 0.313601100910014 0.320504653626598 0.325937197891341 0.328361092505488 0.327605961647056 0.329556010900225
-9999 -9999 -9999 -9999 -9999 -9999 -9999 -9999 -9999 -9999 -9999 -9999 -9999 -9999 -9999 -9999 -9999 -9999 0.366966895932317 0.346353906364246 0.233946642411187 0.11323851120791 0.0101258360913402 0 0 0 0.0113547566230123 0.00574436712752835 0 0 0 0 0 0 0 0 0 0.0177972891020188 0.0152387485183382 0.044501945102098 0.0636257925929667 0.10795255459865 0.161581711501839 0.0989994297773384 0.106415648656042 0.158292681260203 0.229806304660274 0.251447830189597 0.266625625910039 0.275053331130662 0.283369579780234 0.290971377030406 0.294961158066367 0.301689766626701 0.307050058290766 0.311941976916355 0.31356217547856 0.314434646408071 0.320753082945368
-9999 -9999 -9999 -9999 -9999 -9999 -9999 -9999 -9999 -9999 -9999 -9999 -9999 -9999 -9999 -9999 -9999 -9999 0.336895393331801 0.330009140599438 0.242580137539755 0.141731556144279 0.0177933804761366 0 0 0 0.00483423129345663 0 0 0 0 0 0 0 0 0 0 0 0 0.0545111391768961 0.0303500876131789 0.010902844434846 0.0877354408652251 0.0970129904402814 0.154294375949364 0.180189868663154 0.219458434723276 0.239608197465479 0.254982560071945 0.264049159830481 0.27226019057903 0.279145701413999 0.282403297723592 0.288281810574914 0.292386971240196 0.297803007092128 0.301438513834923 0.303755738926244 0.309582361194924
-9999 -9999 -9999 -9999 -9999 -9999 -9999 -9999 -9999 -9999 -9999 -9999 -9999 -9999 -9999 -9999 -9999 -9999 0.333830310924156 0.316094599463556 0.257516307124114 0.17573657735023 0.0462639797659055 0 0 0 0 0 0 0 0 0 0 0 0 0 0 0 0 0 0 0 0.0537374590739791 0.0964787701995957 0.171759171581931 0.155656956755194 0.186759803268452 0.214095735361261 0.238487906053243 0.251905976229606 0.260028696806719 0.266906091005946 0.271162261934081 0.277758361974888 0.282571585530183 0.289281664154341 0.294819203705836 0.298923665201496 0.301174771298052
-9999 -9999 -9999 -9999 -9999 -9999 -9999 -9999 -9999 -9999 -9999 -9999 -9999 -9999 -9999 -9999 -9999 -9999 0.320542173027978 0.318665992073302 0.281086493265734 0.223109197657832 0.0466031973756056 0 0 0 0 0 0 0 0 0 0 0 0 0 0 0 0 0 0.0142916243611689 0 0.0132533425134307 0.0550784836527107 0.145110626240438 0.168317565649287 0.166137269933574 0.19106180417841 0.221137763024617 0.237314766267591 0.247139807858396 0.254842326115951 0.25934475871152 0.266988356783181 0.273033655752451 0.278861980868266 0.284810343829595 0.293735091834329 0.29372777810549
-9999 -9999 -9999 -9999 -9999 -9999 -9999 -9999 -9999 -9999 -9999 -9999 -9999 -9999 -9999 -9999 -9999 -9999 -9999 0.361761647900291 0.266493194050522 0.225754435445682 0.102083801959711 0 0 0 0 0 0 0 0 0 0 0 0 0 0 0 0 0 0 0 0.0426290122372159 0.0599481944685736 0.129193471820482 0.155129032970007 0.155194897518107 0.141638736752287 0.20616358027768 0.223959994199813 0.234322521069478 0.242996192677789 0.247944906273264 0.251358772833019 0.262973969323679 0.270104724921706 0.274978549361616 0.283193503745499 0.287918466880487
-9999 -9999 -9999 -9999 -9999 -9999 -9999 -9999 -9999 -9999 -9999 -9999 -9999 -9999 -9999 -9999 -9999 -9999 -9999 -9999 0.265348633018452 0.233174055833217 0.140660208090387 0 0 0 0 0 0 0 0 0 0 0 0 0 0 0 0 0 0 0 0 0.0600275012025234 0.126068097722405 0.139364717724528 0.15346944102053 0.150583010711213 0.198114450038847 0.213117739044198 0.223212394003666 0.232586078721907 0.237673002893591 0.242543073794814 0.249757543187456 0.258594121239733 0.267968968228686 0.273885248275851 0.278360479944146
-9999 -9999 -9999 -9999 -9999 -9999 -9999 -9999 -9999 -9999 -9999 -9999 -9999 -9999 -9999 -9999 -9999 -9999 -9999 -9999 0.248888775817966 0.240309390778457 0.179018711085559 0.0315781676025636 0 0 0 0 0 0 0 0 0 0 0 0 0 0 0 0 0 0 0 0.0546596070606785 0.122566828113458 0.135781047835131 0.146171922688453 0.156785861525241 0.190387355502787 0.20385034019333 0.213568328741083 0.222779037210531 0.227829219260011 0.234749552142255 0.24173889562629 0.248978858010808 0.257770705385515 0.263658065591758 0.268303486210221
-9999 -9999 -9999 -9999 -9999 -9999 -9999 -9999 -9999 -9999 -9999 -9999 -9999 -9999 -9999 -9999 -9999 -9999 -9999 -9999 0.248555266971036 0.243232029059914 0.19606133047459 0.0639202578480694 0 0 0 0 0 0 0 0 0 0 0 0 0 0 0 0 0 0 0 0.0640696167871903 0.117291764609369 0.131437584080785 0.133435501803432 0.151500650417261 0.182243785706984 0.195932007222941 0.206198020103099 0.215370432355817 0.220202364833517 0.228009190852883 0.235942195806138 0.241804258617955 0.249231321049068 0.25545366510341 0.260204285739053
-9999 -9999 -9999 -9999 -9999 -9999 -9999 -9999 -9999 -9999 -9999 -9999 -9999 -9999 -9999 -9999 -9999 -9999 -9999 -9999 0.246728631428414 0.242526423026593 0.205407825585519 0.0822574650236847 0 0 0 0 0 0 0 0 0 0 0 0 0 0 0 0 0 0 0.0290182557226496 0.0926396628872614 0.116596032124219 0.118341439543825 0.118894710954988 0.146680311545394 0.174897387357715 0.189116811622524 0.200026654917656 0.209368753799561 0.213838123583582 0.221251509160581 0.22917497286237 0.234958504581388 0.241660914162079 0.247800704152808 0.252458696695955
