layers/veg/veg900.asc
NCOLS 255 
NROWS 330 
XLLCORNER -2985163.8955 
YLLCORNER -3022031.214 
CELLSIZE 25000 
NODATA_value -9999 
[rows 200 to 224 of 330, columns 114 to 170 of 255]
0.518584271233288 0.515241269031346 0.510454034492793 0.504888899872274 0.500361739561589 0.494972920791701 0.487669524659822 0.48094933445299 0.472352070741754 0.460225400135659 0.449663962179511 0.440371641869036 0.428815778124963 0.420765662348677 0.412884949915609 0.39990510717714 0.388655094624036 0.377040119091524 0.36020808560206 0.349730586572801 0.348676825455814 0.346730616412275 0.343631016452384 0.347439459450772 0.356970800059651 0.363550137850339 0.377219444904193 0.396404344383781 0.411930339276038 0.428613949973372 0.446480851754684 0.460489154686395 0.472479309372748 0.488411253681118 0.501979169658232 0.510783851938295 0.520512962617799 0.525740633782641 0.526430964963717 0.524252992440505 0.52253824427796 0.528987191365748 0.536105520180099 -9999 -9999 -9999 -9999 -9999 -9999 -9999 -9999 -9999 -9999 -9999 -9999 -9999 -9999
0.515509276920066 0.512359713260836 0.508014165872498 0.503029124759245 0.498711454403992 0.493156816767851 0.485662395063432 0.47883729947731 0.469542865365414 0.45755124187329 0.447431404291016 0.438140132718254 0.427621893090587 0.418831736032763 0.40964358711052 0.396398875405481 0.384253185898897 0.373671807864269 0.359801910887822 0.346105236526759 0.340740170038979 0.339181186520942 0.333935127586755 0.340432999626919 0.355056138629198 0.361857133914313 0.373701080848413 0.386061255954004 0.396759374701624 0.415024096606332 0.436266202668944 0.451348768835932 0.46473944658739 0.478070194815743 0.483505803644653 0.491023985513816 0.508372347465197 0.518560600594774 0.519424713545994 0.52442131241578 0.529977112305604 0.529943791161439 -9999 -9999 -9999 -9999 -9999 -9999 -9999 -9999 -9999 -9999 -9999 -9999 -9999 -9999 -9999
0.51241314318965 0.509542220721805 0.505428767695292 0.501597096769232 0.4974809138002 0.490243592072163 0.482450301172447 0.474737985372499 0.465250997405231 0.453957643364789 0.444259319526281 0.435522485575072 0.42640411992035 0.415956443576341 0.402700002312549 0.389847295016779 0.378608063899844 0.365382745769435 0.354511478465043 0.346635280912699 0.336154598116242 0.33230133008871 0.335919653637196 0.343275339908551 0.351308776189474 0.357062595205184 0.357935632951417 0.355813635926279 0.367107634251837 0.39336149965035 0.412525802977745 0.415217638156182 0.42846711657522 0.442822989850644 0.443195831336688 0.459638002631162 0.49039389722322 0.508040025418912 -9999 0.521485266926839 0.525697100439838 0.527426890414754 -9999 -9999 -9999 -9999 -9999 -9999 -9999 -9999 -9999 -9999 -9999 -9999 -9999 -9999 -9999
0.509608418209253 0.507417897063152 0.503479393322487 0.499653647570878 0.49580979227211 0.487537265784098 0.478106694010534 0.470560840431669 0.462653662374096 0.451621736493047 0.441794312427741 0.433255878117752 0.423298734095863 0.413635212233407 0.401303294200707 0.385182166972864 0.37147475775387 0.357730638871404 0.346579331985056 0.340812765983143 0.329294586447251 0.327257370806563 0.336242786217239 0.342549762458338 0.346736748008284 0.348696528489918 0.345492625767537 0.350175301264068 0.363930221175322 0.379904851613387 0.397574702995381 0.395425977156368 0.406783504179903 0.432381160476868 0.446321845526738 0.465316280632722 0.490454820637462 0.503242145437793 -9999 0.514437718069825 0.518313263085786 -9999 -9999 -9999 -9999 -9999 -9999 -9999 -9999 -9999 -9999 -9999 -9999 -9999 -9999 -9999 -9999
0.508281292692675 0.506332269075925 0.50293363626362 0.499023080819824 0.494350917486395 0.485073216110285 0.47583170757923 0.468984548561233 0.460274445942945 0.449983136466386 0.441653538667116 0.4330254532581 0.422722810665924 0.414444825154183 0.404046005568483 0.389703282654737 0.374440799528349 0.35822081828754 0.341228710065584 0.330248892330267 0.323061223230511 0.323311355249082 0.333027081149241 0.338582991491189 0.342092425340315 0.339725340865386 0.337020355577615 0.347302323603791 0.366063076525691 0.378950064043289 0.395853112873416 0.407210469866597 0.42337140635505 0.446937795117946 0.45425581488061 0.470018465963894 0.482886399934314 -9999 0.508349383406321 0.508696153179548 -9999 -9999 -9999 -9999 -9999 -9999 -9999 -9999 -9999 -9999 -9999 -9999 -9999 -9999 -9999 -9999 -9999
0.506312263236447 0.504324656856899 0.501689652122782 0.497795505441288 0.49172226985448 0.48182269659241 0.47263280741033 0.4658219027077 0.458085171981656 0.448588638265044 0.440034605353276 0.432025401010919 0.422259812273255 0.411659099517206 0.399622907914086 0.387244362158644 0.376886070965562 0.362799753348767 0.342638224896153 0.328997228425471 0.33012532247488 0.333631819997629 0.332921447195122 0.335290280503769 0.339292191507765 0.339050669377176 0.334593532932786 0.338066033316661 0.351213844920602 0.369519861949224 0.38745442916355 0.396665006192506 0.410525251935144 0.437364192134867 0.455732208259176 0.468379402091737 0.478231333991586 -9999 0.49417909758039 0.502101159323297 -9999 -9999 -9999 -9999 -9999 -9999 -9999 -9999 -9999 -9999 -9999 -9999 -9999 -9999 -9999 -9999 -9999
0.504457979992718 0.502344140245968 0.500002107515545 0.496187345106394 0.488093918491805 0.476716343491406 0.468771992374276 0.463389667998033 0.456781958805867 0.447597153230247 0.438761423554692 0.431475026800036 0.42224621071203 0.411697148616326 0.398704066129538 0.384284013639029 0.37464792428372 0.361328532136729 0.339465222224534 0.33147323960618 0.337238611001005 0.337253647633458 0.335262703581748 0.33320677431659 0.334478608944233 0.340150351113778 0.340012383989415 0.336699164606503 0.343723021292073 0.358553656139969 0.368529112487656 0.37336457415825 0.390956675326745 0.421857246557245 0.447238687632068 0.456151960023772 -9999 0.486438814246383 0.486579856289928 -9999 -9999 -9999 -9999 -9999 -9999 -9999 -9999 -9999 -9999 -9999 -9999 -9999 -9999 -9999 -9999 -9999 -9999
0.503416080559725 0.50139804690403 0.498465774914341 0.493710889183616 0.48382090953326 0.473313366201216 0.468282207116555 0.463866851905419 0.457179655385952 0.447426511445281 0.4383824487981 0.431173658964474 0.421449643744217 0.41146972501756 0.399764040012666 0.381808470266509 0.366367302711681 0.356152882683575 0.3450004486845 0.340361668141227 0.340668051045469 0.337946492275053 0.33423678818982 0.331105095550506 0.334327398241835 0.339809008629705 0.343918052077959 0.349748702501369 0.350862454912661 0.350094335685074 0.36346500674528 0.380117776018175 0.398419677322757 0.427479885524186 0.443823530251625 -9999 -9999 -9999 0.483897467331996 -9999 -9999 -9999 -9999 -9999 -9999 -9999 -9999 -9999 -9999 -9999 -9999 -9999 -9999 -9999 -9999 -9999 -9999
0.50149930478403 0.499594764765869 0.494908828438798 0.486561318338572 0.479244944726685 0.471790234661492 0.466188180837524 0.461672047231506 0.456007991053133 0.447140462046924 0.438148672128155 0.432112032013454 0.422199976056396 0.409249322993351 0.397254104136097 0.382663012494371 0.368241016752062 0.355109787755766 0.342485078030419 0.34014821900735 0.342718748930356 0.339756355885839 0.335530588305327 0.331114800347488 0.332396359482976 0.336618740217948 0.340040185404695 0.348977546223737 0.345859622190001 0.348003048575831 0.37207447791849 0.390698090920993 0.408422095173587 0.419706973838967 -9999 -9999 -9999 -9999 -9999 -9999 -9999 -9999 -9999 -9999 -9999 -9999 -9999 -9999 -9999 -9999 -9999 -9999 -9999 -9999 -9999 -9999 -9999
0.499993236178863 0.49806415604994 0.494560539361982 0.48559286818347 0.476433739280668 0.470784846550854 0.465678304593305 0.460141704509865 0.454567345180772 0.446652744068948 0.438730736074864 0.432627818616602 0.422772505059013 0.410930650434373 0.401051818022307 0.38922879913695 0.374491456306598 0.360103422695377 0.348537032675875 0.341501813858964 0.340950590057678 0.340129052578959 0.336916232989298 0.334088451344147 0.333633020570365 0.334379445419056 0.337474976951764 0.346578334064155 0.348868961229711 0.350462665370921 0.369446374288692 0.391761530985575 0.408051778780548 0.420954383269652 0.431803520977056 0.43871738865418 -9999 -9999 -9999 -9999 -9999 -9999 -9999 -9999 -9999 -9999 -9999 -9999 -9999 -9999 -9999 -9999 -9999 -9999 -9999 -9999 -9999
0.497339783258742 0.496520036749707 0.494425166712023 0.486350405176613 0.476257056326486 0.471155547797446 0.46575792134318 0.459495373058607 0.454575355377852 0.4474827082192 0.439914320280523 0.433293812902986 0.421494548236785 0.408741916348502 0.399962816281208 0.387371099159993 0.37634916878769 0.366375559645466 0.351669499412507 0.345868394171878 0.344663871721795 0.339645196926724 0.336030316494552 0.332201201675493 0.330220733960122 0.330072175654886 0.331549852327158 0.339524819305904 0.348051974957721 0.356710419800671 0.376161935190877 0.3932970502234 0.404373498470435 0.417986162810263 0.426068290292128 -9999 -9999 -9999 -9999 -9999 -9999 -9999 -9999 -9999 -9999 -9999 -9999 -9999 -9999 -9999 -9999 -9999 -9999 -9999 -9999 -9999 -9999
0.492880723351327 0.492777012320978 0.491888788357247 0.487757251715339 0.479909533604922 0.472036852249446 0.465778826755914 0.459806522986067 0.454656334402843 0.44781503580785 0.440736295277808 0.434115840599341 0.423031733231368 0.410643394175394 0.399724551055231 0.387030861471732 0.374128533833443 0.365377057496305 0.356265166167515 0.349231190294986 0.345866693163757 0.33856620263521 0.332457929828458 0.328632308113312 0.325297071323466 0.324355225506403 0.329181021515614 0.33693582185847 0.347497990199566 0.359799931096919 0.37397404408646 0.387179613258868 0.397370664433724 0.402068502152762 -9999 -9999 -9999 -9999 -9999 -9999 -9999 -9999 -9999 -9999 -9999 -9999 -9999 -9999 -9999 -9999 -9999 -9999 -9999 -9999 -9999 -9999 -9999
0.488243484550792 0.488981962759892 0.489250607529632 0.487454754210776 0.48196060405945 0.473400246150741 0.466431517440165 0.460780563251788 0.454963555505552 0.44803355620795 0.441391962323703 0.4354640037298 0.424035027424525 0.411957531684403 0.402556687376986 0.390852260813581 0.379117086480058 0.370967772574212 0.362539435983456 0.354739292637718 0.347086368405462 0.336844109772724 0.327747341301924 0.319659431968516 0.313329148250538 0.313975654374951 0.325171197830328 0.336418574806992 0.345478434127539 0.358474724854621 0.370839609419324 0.381811501553985 0.390519649927985 0.395384349801027 -9999 -9999 -9999 -9999 -9999 -9999 -9999 -9999 -9999 -9999 -9999 -9999 -9999 -9999 -9999 -9999 -9999 -9999 -9999 -9999 -9999 -9999 -9999
0.486328482031062 0.486892664175203 0.486582151448961 0.485661799011762 0.482266702450646 0.475990402841189 0.46927893176153 0.463259264455174 0.456251200165633 0.448569377521808 0.442392371898214 0.437055784451831 0.425971437883032 0.413786700745317 0.405274104592281 0.392640735449703 0.382511974088419 0.374378655703185 0.362938249954604 0.352632500573895 0.343178496213866 0.333367044683759 0.322734980481226 0.313626960783908 0.304947120450022 0.30813911350737 0.323889921272735 0.338017225617494 0.346722334575568 0.35592974374152 0.367713471064647 0.378010639395381 0.38201373254151 -9999 -9999 -9999 -9999 -9999 -9999 -9999 -9999 -9999 -9999 -9999 -9999 -9999 -9999 -9999 -9999 -9999 -9999 -9999 -9999 -9999 -9999 -9999 -9999
0.482412882962108 0.481724391720583 0.482057616073318 0.482226499404564 0.480276668348712 0.475740016135302 0.470618657570423 0.46562891765105 0.458984171710159 0.450238884077178 0.443879505367152 0.437718164601121 0.425617427677517 0.414594604457895 0.406018257183425 0.394830206974505 0.384396927638523 0.373605534678312 0.361233838283174 0.350630709211361 0.340151775018069 0.327648874881046 0.316188129015257 0.314437069681317 0.318774764196429 0.319644435418672 0.325404093698835 0.336368970769154 0.34372537658302 0.352139946275309 0.363375549958548 0.374894715013549 0.380694614276528 -9999 -9999 -9999 -9999 -9999 -9999 -9999 -9999 -9999 -9999 -9999 -9999 -9999 -9999 -9999 -9999 -9999 -9999 -9999 -9999 -9999 -9999 -9999 -9999
0.479256373196091 0.478554885180182 0.478244455438366 0.477588020237459 0.476407318070433 0.47427157898469 0.470377914768549 0.466280365476789 0.460690530812617 0.453068553201023 0.448834657537056 0.431107428017963 0.424996131777867 0.413170721815813 0.403158418956512 0.391196222197093 0.382017669119802 0.376185436271304 0.365330986075033 0.353353495610979 0.342733174658143 0.329513859210937 0.313859910177948 0.311546459977081 0.321460811530111 0.326443922027656 0.32980712953207 0.334752888209947 0.341140138948683 0.349049697301714 0.360860261171558 0.368578505744806 -9999 -9999 -9999 -9999 -9999 -9999 -9999 -9999 -9999 -9999 -9999 -9999 -9999 -9999 -9999 -9999 -9999 -9999 -9999 -9999 -9999 -9999 -9999 -9999 -9999
0.476948849993632 0.476258138435563 0.475550166963115 0.474687543252178 0.473790976269423 0.472301853844353 0.469787097322661 0.466089678203042 0.460913500063029 0.453902336396666 0.448268657292137 0.43950188735972 0.424641609514164 0.412760618285723 0.403732417854086 0.392485691909068 0.382685944973278 0.375611244053689 0.366258615667181 0.356412268282731 0.344773408173316 0.329670691805609 0.314312171602776 0.310632817284589 0.31965699926015 0.326510107715984 0.329741372065994 0.334315503059917 0.34070477307891 0.348690548998243 0.353431032615238 -9999 -9999 -9999 -9999 -9999 -9999 -9999 -9999 -9999 -9999 -9999 -9999 -9999 -9999 -9999 -9999 -9999 -9999 -9999 -9999 -9999 -9999 -9999 -9999 -9999 -9999
0.474134317063206 0.473341555757187 0.472631023872321 0.471610409411813 0.470081238913248 0.468651053495315 0.467208931111326 0.464868057870579 0.46083568183116 0.454616939764086 0.448899365345021 0.439965120379853 0.425596097733475 0.413291617724871 0.402965868963424 0.391410998419396 0.383039135658443 0.375759351661835 0.366795507902119 0.359081143683336 0.346907098154172 0.331151949448393 0.324745465312076 0.327027247271088 0.328041773986218 0.329385988340475 0.330483915282979 0.33634739758474 0.341707050288589 0.346971984419733 0.350937991339608 -9999 -9999 -9999 -9999 -9999 -9999 -9999 -9999 -9999 -9999 -9999 -9999 -9999 -9999 -9999 -9999 -9999 -9999 -9999 -9999 -9999 -9999 -9999 -9999 -9999 -9999
0.470518072050643 0.470457872711412 0.470296376017134 0.469234507617271 0.468685125575042 0.467747845182295 0.465563424469976 0.463265693999507 0.459992460717778 0.454788938520058 0.449702824829006 0.44144817355398 0.428084347370103 0.416560504492945 0.406790597068685 0.394824055094624 0.388540837228021 0.384401595229119 0.375200587348007 0.367573764554661 0.355982549477819 0.338383765245573 0.328213263003727 0.328565368703862 0.330673381248356 0.333648101349911 0.334433212300949 0.340151420533592 0.346463528319296 -9999 -9999 -9999 -9999 -9999 -9999 -9999 -9999 -9999 -9999 -9999 -9999 -9999 -9999 -9999 -9999 -9999 -9999 -9999 -9999 -9999 -9999 -9999 -9999 -9999 -9999 -9999 -9999
0.469080607509966 0.468857680482392 0.469004156439246 0.468392837077217 0.46710473632542 0.465192805891929 0.463424158252462 0.461707513906338 0.458525883971006 0.454555541955991 0.450440532132274 0.442488295968586 0.432307692540688 0.422809251798658 0.41375463114193 0.405790127145239 0.398426181041376 0.391905193839743 0.381005254747629 0.371850080336737 0.364199400775163 0.350976935232871 0.330207414842171 0.324833362254427 0.335066523735476 0.334736514610995 0.336990052946124 0.345701279410831 0.351205738948438 -9999 -9999 -9999 -9999 -9999 -9999 -9999 -9999 -9999 -9999 -9999 -9999 -9999 -9999 -9999 -9999 -9999 -9999 -9999 -9999 -9999 -9999 -9999 -9999 -9999 -9999 -9999 -9999
0.466447392545409 0.466521491684694 0.466295801984909 0.465778158764004 0.464809427039785 0.463247942699514 0.461369331191487 0.459763836386683 0.457621665450793 0.454502696406925 0.451318910926313 0.450226275364913 -9999 0.42933960275016 0.423710448165647 0.415608584304237 0.408362638169899 0.401923211937905 0.393408413533532 0.384107600671748 0.37506193505678 0.359538548326748 0.34143574243907 0.333147921731435 0.33595600577944 0.345409805257715 0.352393606262763 0.354677868950801 -9999 -9999 -9999 -9999 -9999 -9999 -9999 -9999 -9999 -9999 -9999 -9999 -9999 -9999 -9999 -9999 -9999 -9999 -9999 -9999 -9999 -9999 -9999 -9999 -9999 -9999 -9999 -9999 -9999
0.462981224212782 0.463276510602611 0.463795166278554 0.46399117051063 0.463448737015497 0.462778375079913 0.461722428866222 0.460080998519253 0.457739006726538 0.454922265362935 0.452269653495836 0.4493932796447 -9999 -9999 -9999 -9999 -9999 0.409755970772813 0.400850204840876 0.392463959631756 0.385849213010724 0.369238259897109 0.35781858413926 0.362949759680473 0.364660146795435 0.365932419161028 0.366762405719394 -9999 -9999 -9999 -9999 -9999 -9999 -9999 -9999 -9999 -9999 -9999 -9999 -9999 -9999 -9999 -9999 -9999 -9999 -9999 -9999 -9999 -9999 -9999 -9999 -9999 -9999 -9999 -9999 -9999 -9999
0.460182164876161 0.461005787479875 0.462199070443447 0.462862803069395 0.462708916175546 0.462134449984657 0.461222037180524 0.460020443878879 0.457934474483608 0.45557674864044 0.453174315141563 0.449724147369924 0.446410860748449 0.443704650130063 0.441208454877109 -9999 -9999 -9999 0.404488480193926 0.399298156807834 0.398665440358259 -9999 0.376110325194902 0.377147685773829 0.374585748237802 -9999 -9999 -9999 -9999 -9999 -9999 -9999 -9999 -9999 -9999 -9999 -9999 -9999 -9999 -9999 -9999 -9999 -9999 -9999 -9999 -9999 -9999 -9999 -9999 -9999 -9999 -9999 -9999 -9999 -9999 -9999 -9999
0.455982154847483 0.45776112506034 0.459583440929916 0.460460895203656 0.460990930842567 0.461400190820842 0.461165559506272 0.460408951996552 0.458850150432578 0.456508442756537 0.454287127642749 0.45160498664602 0.44769304128497 0.44406916900344 0.441516712079229 0.441042786762921 -9999 -9999 -9999 -9999 -9999 -9999 -9999 -9999 -9999 -9999 -9999 -9999 -9999 -9999 -9999 -9999 -9999 -9999 -9999 -9999 -9999 -9999 -9999 -9999 -9999 -9999 -9999 -9999 -9999 -9999 -9999 -9999 -9999 -9999 -9999 -9999 -9999 -9999 -9999 -9999 -9999
0.451262432419047 0.453378657519024 0.455962172162722 0.457661078554534 0.458964619956155 0.460360106989061 0.46089351128961 0.460900120502005 0.460101914723485 0.458285749843577 0.456341704678521 0.454423813368863 0.451485611751617 0.448008535428284 0.444890291851487 0.443884574722321 -9999 -9999 -9999 -9999 -9999 -9999 -9999 -9999 -9999 -9999 -9999 -9999 -9999 -9999 -9999 -9999 -9999 -9999 -9999 -9999 -9999 -9999 -9999 -9999 -9999 -9999 -9999 -9999 -9999 -9999 -9999 -9999 -9999 -9999 -9999 -9999 -9999 -9999 -9999 -9999 -9999
