layers/veg/veg_4600.asc
NCOLS 255 
NROWS 330 
XLLCORNER -2985163.8955 
YLLCORNER -3022031.214 
CELLSIZE 25000 
NODATA_value -9999 
[rows 75 to 99 of 330, columns 0 to 55 of 255]
-9999 -9999 -9999 -9999 -9999 -9999 -9999 -9999 -9999 -9999 -9999 -9999 -9999 -9999 -9999 -9999 -9999 -9999 -9999 -9999 -9999 -9999 -9999 -9999 -9999 -9999 0.686422289061264 0.688883942877896 0.697907441413884 0.716838195456083 0.714019124383665 0.695141694580432 0.467673978245005 0.323294934796984 0.331529407365472 0.347283269440452 0.366731627317379 0.511972898953662 0.631084046708066 0.687809743836208 0.718017642857874 0.732289358795702 0.746485244199415 0.761468950711013 0.7787001081104 0.787662116746767 0.790604249475386 0.800882327485645 0.811409611227768 0.819759213196763 0.827910247048423 0.835887152779616 0.845720661821248 0.856028644743591 0.867069767627259 0.87907186401716
-9999 -9999 -9999 -9999 -9999 -9999 -9999 -9999 -9999 -9999 -9999 -9999 -9999 -9999 -9999 -9999 -9999 -9999 -9999 -9999 -9999 -9999 -9999 -9999 -9999 -9999 0.678346502187042 0.697942750869199 0.714353684386125 0.725955340548978 0.708399742175206 0.675831898593831 0.546028253260365 0.441201965731481 0.382252959219289 0.362943144827087 0.363109223890519 0.522298656506988 0.648003404207474 0.69382062605647 0.722687642456273 0.74136823326137 0.75181399784721 0.761847829265693 0.772134218047032 0.779939664417879 0.785939004032949 0.795602638614151 0.804827938588774 0.810907653956231 0.820996942869736 0.834602302312662 0.846682561806964 0.858464603812022 0.87009501927765 0.879135267747832
-9999 -9999 -9999 -9999 -9999 -9999 -9999 -9999 -9999 -9999 -9999 -9999 -9999 -9999 -9999 -9999 -9999 -9999 -9999 -9999 -9999 -9999 -9999 -9999 -9999 -9999 0.681206289840747 0.701218538068686 0.717514918937367 0.728200980005772 0.704669335107357 0.666530298399281 0.598555059694615 0.517361562005617 0.411889364114615 0.371308038396465 0.362609494468017 0.533213323694065 0.665027349376673 0.704425475682636 0.729833470662536 0.746833931454118 0.755228309264154 0.762444061053209 0.76780198334083 0.774335571934974 0.78172503644537 0.790899114942235 0.799451814715772 0.804981113844365 0.815954170669656 0.831700961106978 0.844255437824137 0.856309710586853 0.868657110980241 0.876217927962343
-9999 -9999 -9999 -9999 -9999 -9999 -9999 -9999 -9999 -9999 -9999 -9999 -9999 -9999 -9999 -9999 -9999 -9999 -9999 -9999 -9999 -9999 -9999 -9999 -9999 -9999 0.707809847937568 0.69186723847802 0.691746362891208 0.715513580780014 0.705125956159301 0.679125809112109 0.594453953520468 0.502045749384749 0.39542777018088 0.363769844611812 0.368941983934099 0.545201934307698 0.681972052039044 0.724957882096149 0.742361858105678 0.74439211763659 0.754459943633996 0.763534242567424 0.768403945004127 0.773413757948217 0.778525570250648 0.787492320151564 0.796759101613546 0.805499746377919 0.815051777653327 0.825315329035964 0.834480097957594 0.844187583725398 0.857515110684133 0.866833249283941
-9999 -9999 -9999 -9999 -9999 -9999 -9999 -9999 -9999 -9999 -9999 -9999 -9999 -9999 -9999 -9999 -9999 -9999 -9999 -9999 -9999 -9999 -9999 -9999 -9999 -9999 0.718426021399412 0.699933829356415 0.695951367789466 0.713876100510186 0.696605470085746 0.661716236630632 0.523522366939925 0.419751960569019 0.379209014550252 0.392991863470448 0.43346656299449 0.570610755579918 0.680001176825408 0.724095643248197 0.741533162217255 0.742950874663419 0.750662517450292 0.758067032827761 0.763514524592869 0.768931853096332 0.774327222980198 0.782565610419824 0.791134560249331 0.799715082247915 0.808480215366458 0.817407237451704 0.826234519632012 0.834818976169561 0.842294172107873 0.850063417862731
-9999 -9999 -9999 -9999 -9999 -9999 -9999 -9999 -9999 -9999 -9999 -9999 -9999 -9999 -9999 -9999 -9999 -9999 -9999 -9999 -9999 -9999 -9999 -9999 -9999 -9999 0.719777548121761 0.718094041288375 0.717525971281554 0.718642018792662 0.682882774385083 0.626918798495621 0.413862695276515 0.298644613254547 0.363130983068351 0.443516327474716 0.53171330271052 0.603796553121875 0.667068774701911 0.710835264554995 0.73296407217667 0.742089459824896 0.745109758757747 0.74879983235247 0.755442862921149 0.762386885086903 0.769550026791511 0.77675811403507 0.7838110322298 0.790277674519415 0.79862338461341 0.808616884641642 0.818875434037808 0.827046025704572 0.824709499681417 0.829013910131636
-9999 -9999 -9999 -9999 -9999 -9999 -9999 -9999 -9999 -9999 -9999 -9999 -9999 -9999 -9999 -9999 -9999 -9999 -9999 -9999 -9999 -9999 -9999 -9999 -9999 -9999 -9999 -9999 -9999 -9999 0.582272921675663 0.573663280935815 0.428135028378669 0.343565730630434 0.37096308372384 0.431675097150434 0.508755576745455 0.577923835911001 0.638651108789096 0.680495079573278 0.709667050018266 0.731223632615702 0.73737285010018 0.742784494974218 0.748762705777137 0.755850455884598 0.7637459419658 0.770207785181694 0.776544868286644 0.783029433433506 0.788870734909501 0.794147946362002 0.805771618257655 0.815338330453708 0.809301302906016 0.810717293498362
-9999 -9999 -9999 -9999 -9999 -9999 -9999 -9999 -9999 -9999 -9999 -9999 -9999 -9999 -9999 -9999 -9999 -9999 -9999 -9999 -9999 -9999 -9999 -9999 -9999 -9999 -9999 -9999 -9999 -9999 0.635340855267451 0.532142515356524 0.446652061830038 0.387753023272494 0.377695892922625 0.425613697686048 0.502016282258956 0.565144409979213 0.620680408147935 0.659393102391463 0.692319644521548 0.721768930393007 0.730808231354964 0.737903692776031 0.743007747657944 0.74986106000022 0.7579878181522 0.76366276571639 0.769228046938157 0.775424706527698 0.779757638465905 0.782456232538881 0.793944475498425 0.803731674246299 0.797558333387225 0.796744694216085
-9999 -9999 -9999 -9999 -9999 -9999 -9999 -9999 -9999 -9999 -9999 -9999 -9999 -9999 -9999 -9999 -9999 -9999 -9999 -9999 -9999 -9999 -9999 -9999 -9999 -9999 -9999 -9999 -9999 0.709731620048219 0.632031614105009 0.525057976940572 0.459408423349399 0.406790640597257 0.378109025057235 0.443944076507905 0.556217928490137 0.596152708457966 0.633234745657152 0.66575659481325 0.69318062063684 0.717541049489457 0.727731208159045 0.735649774835932 0.739570770442949 0.745355756714054 0.75249771367375 0.75723577045587 0.761765681581049 0.766546723872231 0.772366501232554 0.779097164930922 0.786384965807069 0.792948163392623 0.79546347700734 0.794128532347512
-9999 -9999 -9999 -9999 -9999 -9999 -9999 -9999 -9999 -9999 -9999 -9999 -9999 -9999 -9999 -9999 -9999 -9999 -9999 -9999 -9999 -9999 -9999 -9999 -9999 -9999 -9999 -9999 0.717506063687277 0.710040005133435 0.647241440355022 0.562827499764178 0.486320372569564 0.430203058650027 0.411536831463409 0.470030487658753 0.566435049385354 0.603864959529219 0.638845341182074 0.669827980609852 0.686982027394393 0.695825618564573 0.715829612754341 0.7316129664261 0.733500373374237 0.738732367816043 0.746399195908992 0.750950552292822 0.755024826664439 0.75866652211742 0.764316083202125 0.7717263794607 0.77653273906826 0.781123822017802 0.786902775165911 0.785899045965533
-9999 -9999 -9999 -9999 -9999 -9999 -9999 -9999 -9999 -9999 -9999 -9999 -9999 -9999 -9999 -9999 -9999 -9999 -9999 -9999 -9999 -9999 -9999 -9999 -9999 -9999 -9999 0.720480793103271 0.71677646888621 0.707479253025738 0.67547041089588 0.632130008688125 0.523183883317853 0.456691018286673 0.468174381561519 0.501569490010153 0.545730479184609 0.595199787491108 0.639574396141342 0.672287985756519 0.675820465442311 0.661816213437296 0.697724228771499 0.72632276292011 0.725578648034488 0.730619937294779 0.739872955722445 0.744765005265907 0.748791202934098 0.751487773261234 0.755802182230889 0.761535304364672 0.765068702544753 0.768567763303477 0.773796500205095 0.773723319734445
-9999 -9999 -9999 -9999 -9999 -9999 -9999 -9999 -9999 -9999 -9999 -9999 -9999 -9999 -9999 -9999 -9999 -9999 -9999 -9999 -9999 -9999 -9999 -9999 -9999 -9999 0.725883915539801 0.706892099676657 0.699791993600716 0.710646321423523 0.663806626589023 0.594052176442879 0.521991519080502 0.467468903920176 0.445159371379762 0.473932382037618 0.527803738942311 0.601119384502543 0.655978199658758 0.668586456973929 0.674289017704763 0.675841518741819 0.706145731302927 0.729605695515955 0.728693563525717 0.730446105651451 0.734138509783838 0.737588167909444 0.740108107583101 0.739330888423892 0.741259901231814 0.745562059801031 0.747568590546039 0.749576505218756 0.753572720784746 0.755298650280089
-9999 -9999 -9999 -9999 -9999 -9999 -9999 -9999 -9999 -9999 -9999 -9999 -9999 -9999 -9999 -9999 -9999 -9999 -9999 -9999 -9999 -9999 -9999 -9999 -9999 -9999 0.724009525332463 0.696809183752508 0.690779130877776 0.716712568197223 0.653760355847791 0.55771095962196 0.519871340236445 0.478939280828708 0.432327167468238 0.456660949647662 0.515852523541586 0.609680145897882 0.673788964882675 0.669779812189066 0.677548171364132 0.692394365005609 0.714581824606383 0.731362137905807 0.731540376526528 0.730622219367855 0.728905894619398 0.73077865483932 0.731805470963194 0.728228010378078 0.728070882068804 0.730913107525661 0.731460392052959 0.732060131064836 0.734898981850647 0.738055785202028
-9999 -9999 -9999 -9999 -9999 -9999 -9999 -9999 -9999 -9999 -9999 -9999 -9999 -9999 -9999 -9999 -9999 -9999 -9999 -9999 -9999 -9999 -9999 -9999 -9999 -9999 0.720209608313223 0.713400912353346 0.715423370808658 0.730779351611423 0.663874364645409 0.566529349930598 0.528386324047212 0.498542039135582 0.483940506264608 0.497011986743643 0.523680027363704 0.622117253068162 0.690784846404321 0.690248517204069 0.693967132004474 0.700242805514418 0.713405249885697 0.724684368298793 0.729433861396371 0.729123959870113 0.725130858455127 0.725608289003243 0.725718878611577 0.722605815878967 0.721786336447117 0.722978143392225 0.722393951258574 0.722019589855518 0.724211123890104 0.727201190124181
-9999 -9999 -9999 -9999 -9999 -9999 -9999 -9999 -9999 -9999 -9999 -9999 -9999 -9999 -9999 -9999 -9999 -9999 -9999 -9999 -9999 -9999 -9999 -9999 -9999 -9999 0.726779355555932 0.730542923457137 0.735000648559945 0.740506431495861 0.670771294994014 0.572391699075962 0.505705481182594 0.469293415412676 0.488487542874888 0.512500135646854 0.538880181234415 0.634667866231284 0.697106403700094 0.682307311965184 0.683370593099256 0.693966554027071 0.705734046063389 0.714852440332361 0.716255497437862 0.716599129866782 0.716171509380875 0.718387419634687 0.719940686432467 0.717958020249188 0.716674671589178 0.716004567631139 0.714199117975771 0.713027226962487 0.715954121652884 0.718893670504738
-9999 -9999 -9999 -9999 -9999 -9999 -9999 -9999 -9999 -9999 -9999 -9999 -9999 -9999 -9999 -9999 -9999 -9999 -9999 -9999 -9999 -9999 -9999 -9999 -9999 -9999 0.742137238062462 0.748151290746344 0.750283751699009 0.746555677589251 0.67494179950567 0.575748847577215 0.456586642104737 0.398643976556575 0.453146592803002 0.506917358918552 0.560328545678113 0.647314674024545 0.694381630972333 0.650289132984702 0.649878822658218 0.675719837471004 0.6925587412797 0.702347410363215 0.693693907304792 0.694729446389773 0.702818532706734 0.709428779211337 0.714423858783868 0.714136013077769 0.712557005624527 0.709845754126947 0.706742959014069 0.704923179504891 0.709757233259637 0.712744759215338
-9999 -9999 -9999 -9999 -9999 -9999 -9999 -9999 -9999 -9999 -9999 -9999 -9999 -9999 -9999 -9999 -9999 -9999 -9999 -9999 -9999 -9999 -9999 -9999 -9999 -9999 0.735005885813822 0.753619838840868 0.763465340465514 0.760071990493885 0.716826732697532 0.655396881740074 0.526407894127345 0.443020501037538 0.44339205407427 0.512810330136274 0.616153278957255 0.626582619620432 0.623732375891669 0.59327852375315 0.601927666552934 0.63407621469403 0.657531107433884 0.672265585989803 0.663767816575985 0.673440742366971 0.69634179277214 0.700861090151663 0.703032919522682 0.704361398026077 0.704431663744052 0.703398578982543 0.703487668667741 0.703467068038512 0.701937884348767 0.701764508175952
-9999 -9999 -9999 -9999 -9999 -9999 -9999 -9999 -9999 -9999 -9999 -9999 -9999 -9999 -9999 -9999 -9999 -9999 -9999 -9999 -9999 -9999 -9999 -9999 -9999 -9999 0.725940830255816 0.754211866377451 0.770985419425273 0.770399753021502 0.755454103555526 0.731150586656047 0.603966439819821 0.502881562457768 0.449734642719776 0.525236054140987 0.6639461501216 0.604135109801238 0.556341761922134 0.540918854705832 0.556162049950505 0.589834400637253 0.621738323115344 0.644027070001892 0.639351010657148 0.656094297505396 0.688430701590036 0.690342943058878 0.689628237539784 0.692118871121552 0.693332456395282 0.693426173965136 0.695856310009349 0.697444632576864 0.692872283549962 0.690193879495282
-9999 -9999 -9999 -9999 -9999 -9999 -9999 -9999 -9999 -9999 -9999 -9999 -9999 -9999 -9999 -9999 -9999 -9999 -9999 -9999 -9999 -9999 -9999 -9999 -9999 -9999 0.724987496448517 0.741402098212185 0.753837043006161 0.760263391115504 0.750321715399354 0.730888318225866 0.627074405855074 0.54720598100634 0.511319544513863 0.55925154480995 0.64836599250735 0.599083421750296 0.555663048830106 0.529119615463737 0.531518682793505 0.551311086785155 0.598994597296022 0.637691073695334 0.646086715180881 0.656595380084208 0.668642309581601 0.670479317989669 0.671343343646084 0.672948786761487 0.671481140760363 0.667318645056943 0.664732681823303 0.665188539724549 0.67925750024012 0.679554204016402
-9999 -9999 -9999 -9999 -9999 -9999 -9999 -9999 -9999 -9999 -9999 -9999 -9999 -9999 -9999 -9999 -9999 -9999 -9999 -9999 -9999 -9999 -9999 -9999 -9999 -9999 0.718416502495148 0.724098289582205 0.730649402955225 0.738513049312743 0.733957446320434 0.722486695907159 0.655018529781578 0.594404588343794 0.546380176775979 0.567791782314669 0.623319332170699 0.599028870846129 0.567588634967438 0.522065578192531 0.519523489785731 0.542811320525482 0.589092068873439 0.627382918730098 0.63904608927798 0.647778926117977 0.654378502837096 0.658182103879271 0.660734173159802 0.659887483373574 0.655992068165962 0.649423168239009 0.645237884120632 0.644133040600628 0.656134770782306 0.653473906318574
-9999 -9999 -9999 -9999 -9999 -9999 -9999 -9999 -9999 -9999 -9999 -9999 -9999 -9999 -9999 -9999 -9999 -9999 -9999 -9999 -9999 -9999 -9999 -9999 -9999 -9999 0.717094699720563 0.706337472780162 0.701309315184628 0.704931065692674 0.70615079545733 0.705793177038831 0.68788944783463 0.644531250712138 0.554419438297174 0.550379325452436 0.588628753860224 0.604065110296185 0.592354742197933 0.51984567448875 0.520413515067194 0.564897784339924 0.592271399508142 0.613028161402125 0.617970945611683 0.62947031218586 0.645742819665477 0.653593105652058 0.657944579670601 0.653049447896004 0.646984475777243 0.639893648636492 0.637589857142256 0.634488049701583 0.623325903218432 0.611663607953024
-9999 -9999 -9999 -9999 -9999 -9999 -9999 -9999 -9999 -9999 -9999 -9999 -9999 -9999 -9999 -9999 -9999 -9999 -9999 -9999 -9999 -9999 -9999 -9999 -9999 -9999 -9999 0.694706399345874 0.698247251871261 0.707134181937211 0.715791876760067 0.723925678187485 0.71993260998598 0.698242045918917 0.644045521955365 0.59648264095909 0.552179062606076 0.544399403438443 0.532429678241365 0.510028602570908 0.521806753732638 0.554125313802933 0.591719149636338 0.62083560640222 0.624998864856352 0.633711305738056 0.645735516002623 0.644282768321369 0.641003117253521 0.636718271450801 0.632073124252301 0.62711202197657 0.626588129329233 0.624937331511861 0.613909134664766 0.602472446186177
-9999 -9999 -9999 -9999 -9999 -9999 -9999 -9999 -9999 -9999 -9999 -9999 -9999 -9999 -9999 -9999 -9999 -9999 -9999 -9999 -9999 -9999 -9999 -9999 -9999 -9999 -9999 -9999 -9999 0.720532693530179 0.731628564291382 0.746527399867835 0.744958786727002 0.741357626858528 0.73402317709874 0.650336699796686 0.529136240145205 0.486209781456037 0.467510082777085 0.501555020001062 0.524650930687943 0.541166894925863 0.591012235470599 0.630924038651761 0.63691226477372 0.642122953163227 0.646767600138183 0.633840697581628 0.621446702940528 0.618399855302993 0.615839699953538 0.613706334234292 0.615028957759493 0.615535420219908 0.609041123730866 0.599703787937984
-9999 -9999 -9999 -9999 -9999 -9999 -9999 -9999 -9999 -9999 -9999 -9999 -9999 -9999 -9999 -9999 -9999 -9999 -9999 -9999 -9999 -9999 -9999 -9999 -9999 -9999 -9999 -9999 -9999 -9999 0.731628564291382 0.745857358421429 0.724860626611501 0.709007784186379 0.702603005110144 0.659102292531703 0.597375263777612 0.535893180142393 0.498007692534105 0.513482041502827 0.536322159429418 0.563588822961135 0.594941770347328 0.622481254752462 0.638500187231535 0.643905878388378 0.641585212507779 0.623077934391659 0.606066930893038 0.601342333225033 0.599820582969283 0.601107469908272 0.604870985494084 0.606974106416953 0.598765922742487 0.589920425096275
-9999 -9999 -9999 -9999 -9999 -9999 -9999 -9999 -9999 -9999 -9999 -9999 -9999 -9999 -9999 -9999 -9999 -9999 -9999 -9999 -9999 -9999 -9999 -9999 -9999 -9999 -9999 -9999 -9999 -9999 -9999 -9999 0.693274605152927 0.69219068935611 0.689115886052373 0.668893842630102 0.640246859047703 0.571175920555742 0.522745162313576 0.522051440569141 0.541857181615419 0.573982316256949 0.585868738571959 0.600114726608841 0.624544794087222 0.632744870268241 0.629129639167465 0.611831565938295 0.595585464773198 0.588947013016466 0.587076175717935 0.589386149296076 0.593424863179117 0.59555318785164 0.58678511128969 0.58301095111416
