layers/veg/veg_2200.asc
NCOLS 255 
NROWS 330 
XLLCORNER -2985163.8955 
YLLCORNER -3022031.214 
CELLSIZE 25000 
NODATA_value -9999 
[rows 200 to 224 of 330, columns 56 to 111 of 255]
-9999 -9999 -9999 -9999 -9999 -9999 -9999 -9999 -9999 -9999 -9999 -9999 -9999 -9999 -9999 -9999 -9999 -9999 -9999 -9999 -9999 0.181348955397274 0.179695271932122 0.144010091142283 0.114670920642152 0.110005767292938 0.0978382603607206 0.0801324761911392 0.109819285289601 0.139069846594563 0.145578176962821 0.163035559334761 0.190226368095039 0.185939151215585 0.177536357765466 0.176964157716551 0.179224291683399 0.184510441478325 0.190049523061852 0.195802884266309 0.202673282330888 0.209733413978909 0.217037437887199 0.218097329484066 0.218736273116728 0.239499518160786 0.247463056361297 0.235543402299658 0.231768019474282 0.231194994498488 0.22606852199559 0.219121787887604 0.208730105734841 0.197897958537907 0.186842667760734 0.179680809214268
-9999 -9999 -9999 -9999 -9999 -9999 -9999 -9999 -9999 -9999 -9999 -9999 -9999 -9999 -9999 -9999 -9999 -9999 -9999 -9999 -9999 0.18466380653643 0.18834612070004 0.149146980238284 0.114688105805782 0.101920136116576 0.0742377504797736 0.0355454638249365 0.0968947587580427 0.154187907534482 0.151775748658489 0.164088003139359 0.189489883413611 0.185174453144071 0.17748723950117 0.179783369085174 0.18376708081989 0.189553775631749 0.18761905922856 0.185759504004053 0.198540808713562 0.207995164975379 0.213172908937008 0.211102601111152 0.208686845286974 0.231432971137014 0.24272888956544 0.236237941592294 0.235355512193344 0.236732529783577 0.236875658644359 0.232275398185675 0.218698005145596 0.206509208586457 0.195023887579722 0.177912750501139
-9999 -9999 -9999 -9999 -9999 -9999 -9999 -9999 -9999 -9999 -9999 -9999 -9999 -9999 -9999 -9999 -9999 -9999 -9999 -9999 0.185870560598818 0.182861846476586 0.178018645153843 0.145201992403386 0.113641752907749 0.0909315882150233 0.0655064608711627 0.0380771336872491 0.0927041200164084 0.144300427807477 0.148030552742672 0.160728606600255 0.181398919242667 0.178149549251597 0.171844584185736 0.17185200829589 0.174465557994041 0.179863446416138 0.178815586527429 0.177419167949181 0.185214912248575 0.196046139079408 0.210779314538258 0.214679761210282 0.215588363379203 0.222946266152799 0.22877938285804 0.232243881678016 0.237445382108828 0.243205678606404 0.243633289261688 0.238189616853434 0.221634209157504 0.210897342571722 0.20310820160518 0.190403173411147
-9999 -9999 -9999 -9999 -9999 -9999 -9999 -9999 -9999 -9999 -9999 -9999 -9999 -9999 -9999 -9999 -9999 -9999 -9999 0.173642912021093 0.180451410227197 0.1753908019111 0.163093306635356 0.138287316022773 0.11166645515193 0.0821418677463246 0.0627454838815694 0.0508257936310377 0.0916212794375343 0.130717366072685 0.139986753943569 0.154841691086142 0.174662038262036 0.171206697432852 0.164518971702519 0.162666901443065 0.16369657329507 0.167805047715267 0.169260441076882 0.170266533192383 0.172803206094853 0.18419346118574 0.206964517356962 0.216783024242376 0.221439778539407 0.213866271075498 0.213767709462118 0.225280803280528 0.237029693472888 0.248556818820336 0.248908437766536 0.243091537647033 0.225600366293577 0.216700596119088 0.212153307585786 0.20443697036909
-9999 -9999 -9999 -9999 -9999 -9999 -9999 -9999 -9999 -9999 -9999 -9999 -9999 -9999 -9999 -9999 -9999 -9999 -9999 0.170579475286005 0.167284190111083 0.157133641563823 0.142803269875586 0.124616620233891 0.106003769053108 0.0868805632807995 0.0765683875087521 0.072760560851726 0.0982908921762617 0.120863082695198 0.119326886848272 0.140266407262662 0.181186262931752 0.170216854982463 0.153760274854603 0.156754758136794 0.157875381831214 0.156994006912251 0.161603450330068 0.167524409971975 0.173089049664969 0.181863708009375 0.194764671724696 0.202178729128586 0.207046185614856 0.202201792380991 0.201624089156049 0.207674304742636 0.225454207008844 0.247487990872268 0.250382129564231 0.249360102292153 0.240926509428004 0.233295948454534 0.226072210709157 0.213534478441814
-9999 -9999 -9999 -9999 -9999 -9999 -9999 -9999 -9999 -9999 -9999 -9999 -9999 -9999 -9999 -9999 -9999 -9999 -9999 -9999 0.157286631082834 0.14765911392467 0.132161462123652 0.113774349035346 0.0969405322540036 0.0851303258680486 0.0794148560261387 0.0781985530518223 0.0956816339085004 0.110802164605897 0.108776424001769 0.131649703810592 0.176657574107221 0.16235102346179 0.143096150056981 0.152754719053222 0.155773096254436 0.151697209374721 0.155975229180512 0.162294864032722 0.168412953162692 0.175763601893916 0.184698639332785 0.19096107638104 0.195917982282898 0.195324842892696 0.196246261444063 0.199520409406538 0.216026165095394 0.237431264807961 0.240784981217094 0.243798199646873 0.246167006391568 0.242345796244556 0.235388667483275 0.221917599916034
-9999 -9999 -9999 -9999 -9999 -9999 -9999 -9999 -9999 -9999 -9999 -9999 -9999 -9999 -9999 -9999 -9999 -9999 -9999 -9999 -9999 0.147504602720766 0.131758230424308 0.105933565493618 0.0842686749570585 0.0764941165918228 0.0706132733243142 0.0661303805937621 0.083225757530313 0.100521968428329 0.108953930419219 0.129356168916046 0.160399676189331 0.147188481117225 0.132532383898091 0.150783780283156 0.157617265589367 0.152252055594848 0.152499912133649 0.154425697219921 0.158471309920353 0.165662445919393 0.17689698200138 0.183337284786826 0.188254968226397 0.193528357585134 0.198048205478199 0.201397494543428 0.208876963612879 0.217836697307542 0.219439600246453 0.225681957858934 0.240704745856731 0.243388452032737 0.239821067614821 0.229542623555533
-9999 -9999 -9999 -9999 -9999 -9999 -9999 -9999 -9999 -9999 -9999 -9999 -9999 -9999 -9999 -9999 -9999 -9999 -9999 -9999 -9999 0.12965510964914 0.129684030097156 0.101670896515804 0.0766801930764424 0.0656505718714331 0.059698221511386 0.0574939394391753 0.071465957876311 0.0846991275363204 0.0879685557563661 0.104608049683925 0.133133189083581 0.135645299238321 0.135934699924467 0.148639268275441 0.149032878316663 0.136273677108658 0.134444175642815 0.136089739894253 0.143393933422806 0.149923629214709 0.155457750052834 0.163901735424564 0.173555628433441 0.186590066973886 0.194812093408495 0.195558470883747 0.199160341797886 0.203996556742816 0.211153706751369 0.218928519566121 0.22787229417768 0.234234392643281 0.239288590593622 0.232402811592277
-9999 -9999 -9999 -9999 -9999 -9999 -9999 -9999 -9999 -9999 -9999 -9999 -9999 -9999 -9999 -9999 -9999 -9999 -9999 -9999 -9999 0.126668138270293 0.128072027434746 0.0993796833479025 0.0725685132435981 0.056807350514074 0.050172143434424 0.0502737652559607 0.0608508043783411 0.0692700932417594 0.0649712353494373 0.0769808959278158 0.103488411113519 0.121957990692513 0.1371293585845 0.142964007220093 0.136913920943644 0.118166392996763 0.115351613843539 0.117680035461658 0.128827705055051 0.134786747013549 0.134076088760769 0.144059533067349 0.157979473125893 0.177903770530776 0.189258226788354 0.187300206340747 0.188818576019944 0.192050977085002 0.20552896274735 0.21440193859503 0.214559672901132 0.222928084307253 0.235456099088321 0.232867685239036
-9999 -9999 -9999 -9999 -9999 -9999 -9999 -9999 -9999 -9999 -9999 -9999 -9999 -9999 -9999 -9999 -9999 -9999 -9999 -9999 -9999 0.125456467172629 0.124909899489231 0.105024782994809 0.0846327304770599 0.0663880034294065 0.0544708827146154 0.0472248345815925 0.0572977268256387 0.0665430743094437 0.0649846611988799 0.0683728825006054 0.0761585349137962 0.0862956663874141 0.0975067018524906 0.111999112985168 0.117696348698147 0.113996973742118 0.114645220194933 0.117330674832271 0.127091312728216 0.134029614339756 0.137339955296382 0.142253532194424 0.148546930955356 0.165679187819481 0.175851066743529 0.175210625159663 0.178505712718473 0.183617844094157 0.195996478053887 0.205833272370015 0.210859491389779 0.214133132993792 0.216518903007606 0.224431559113055
-9999 -9999 -9999 -9999 -9999 -9999 -9999 -9999 -9999 -9999 -9999 -9999 -9999 -9999 -9999 -9999 -9999 -9999 -9999 -9999 -9999 0.113001967576667 0.116462717279509 0.103450897324018 0.0884993374397974 0.0710237186760991 0.0582036621289734 0.0488203663217829 0.0550258733289226 0.0613948114310357 0.0614283851189829 0.060148666040743 0.0577014633792923 0.0629793565426178 0.0710414465732521 0.0861315080326998 0.0995318424841144 0.111126902330564 0.114543482322482 0.116744415365564 0.12491134433091 0.132592584000581 0.139649496347898 0.142379754811555 0.144583395391752 0.157774587366387 0.165185033967264 0.163615613053213 0.167911139237889 0.174650649637814 0.182952509509711 0.192071247389142 0.202735973101864 0.206355736234463 0.206406457524631 0.216384206274893
-9999 -9999 -9999 -9999 -9999 -9999 -9999 -9999 -9999 -9999 -9999 -9999 -9999 -9999 -9999 -9999 -9999 -9999 -9999 -9999 -9999 0.107650589237487 0.10249709325334 0.0926607903903548 0.0819003475413538 0.0693464082440192 0.0612139007540267 0.0563453176931145 0.0543897129203111 0.0531554327023327 0.0533147978138298 0.0524144294901661 0.0505719853247829 0.0554247633343486 0.0613737767851394 0.0667714306343924 0.08271174814007 0.109915662000161 0.115213686928878 0.115855715596575 0.122165078173951 0.13028755254428 0.140740684067032 0.144972778291961 0.14760194564207 0.155385154293625 0.158018500678109 0.152651999657386 0.156956916412076 0.165001637942981 0.165425554686309 0.171679046381436 0.188965338403689 0.199877415107678 0.207560256606398 0.208833186437001
-9999 -9999 -9999 -9999 -9999 -9999 -9999 -9999 -9999 -9999 -9999 -9999 -9999 -9999 -9999 -9999 -9999 -9999 -9999 -9999 -9999 0.091854010231551 0.0922726428453901 0.0865057448832262 0.0794588483761556 0.0698717292935992 0.0621818379135488 0.0558924900939474 0.0517796573855443 0.0488287825654125 0.0492437781325652 0.0481540250373959 0.0457265889781911 0.0500762056330742 0.0552816508468017 0.0586487014892059 0.0698126562517168 0.089306686191142 0.100556379136494 0.110079001107626 0.121920359299531 0.132708690637815 0.142143412905976 0.146583472137489 0.149440913350708 0.152714952691863 0.151939003146661 0.144871760474884 0.149828030417641 0.159516132456583 0.162627367285401 0.167714933043349 0.176542816869371 0.184695694293037 0.192506607360398 0.200008068965017
-9999 -9999 -9999 -9999 -9999 -9999 -9999 -9999 -9999 -9999 -9999 -9999 -9999 -9999 -9999 -9999 -9999 -9999 -9999 -9999 -9999 0.0800444891058772 0.0836952244027004 0.0815686076285507 0.0777268890562544 0.0700126644540191 0.0620663774664557 0.0539487807942591 0.0493640237120213 0.0461322369848614 0.0463747627873589 0.0446859626957118 0.0412802634226354 0.0449856118004588 0.049832331955652 0.0539776876796214 0.0587562511889109 0.064211322754869 0.0816963757068457 0.101972880985484 0.120864780635193 0.134941275369563 0.142827827513867 0.147273270947394 0.15033531710046 0.149996202035224 0.146635687765787 0.138581701840152 0.144029063377525 0.154936121779472 0.163594364156312 0.168201947465012 0.165143429374971 0.167787813145742 0.173321338644809 0.190363577347782
-9999 -9999 -9999 -9999 -9999 -9999 -9999 -9999 -9999 -9999 -9999 -9999 -9999 -9999 -9999 -9999 -9999 -9999 -9999 -9999 -9999 0.0770825630570246 0.0759654129466995 0.0733423908046209 0.0683424353867367 0.0567618335379068 0.0566851743320942 0.0651007866481296 0.0571066882981042 0.0480525067956012 0.0423537882490869 0.0372736545701274 0.0327434269717364 0.0343787659658525 0.0382018728633163 0.0474608304548952 0.0548948849128287 0.0603792449715905 0.0715607244603021 0.0845009543515608 0.100003038336786 0.116252889010442 0.133463953321067 0.140520336146714 0.144272817187015 0.147786491936491 0.146585646591684 0.138061218714545 0.139504261789657 0.145086525081762 0.152820834298002 0.158683107049764 0.161002444906875 0.163942626778001 0.167197333849003 0.175671753493428
-9999 -9999 -9999 -9999 -9999 -9999 -9999 -9999 -9999 -9999 -9999 -9999 -9999 -9999 -9999 -9999 -9999 -9999 -9999 -9999 -9999 0.0841902409674422 0.079006969181527 0.0721938150218939 0.0638591874097017 0.051436638654218 0.0534830102258155 0.0662104155836983 0.0579035158961342 0.0478747374689061 0.0407924582199397 0.0354389937471887 0.0316224012664337 0.0311114154436768 0.0327248108492388 0.0420519857955552 0.0495079018015565 0.0549645976801613 0.0628867231210777 0.0719258516115032 0.084695390322804 0.10084307608506 0.121333187183057 0.132492961928559 0.140378421282009 0.145041214362093 0.144450324871164 0.135698312479484 0.135423838817631 0.138714182658255 0.145391478500868 0.151590559880367 0.156884593339786 0.160383376304101 0.162972669109767 0.165954527030388
-9999 -9999 -9999 -9999 -9999 -9999 -9999 -9999 -9999 -9999 -9999 -9999 -9999 -9999 -9999 -9999 -9999 -9999 -9999 -9999 -9999 0.0913830539097869 0.0977782305045926 0.0819621706444793 0.0669358207598875 0.0583363679233281 0.0536419122516833 0.0518301462148507 0.0479867136972268 0.0444608405658477 0.0430250151979535 0.042207593905067 0.041939917972812 0.039164894334715 0.0367390770081959 0.0383521988719957 0.0417677258335679 0.047108910688634 0.0564672486339351 0.066903871478542 0.0779546738568776 0.0904903098614026 0.104934619189045 0.122499824312713 0.139828224751048 0.141469848920182 0.139098555106224 0.130493554476529 0.132028849147306 0.137705342872041 0.143120355315522 0.148240456949091 0.152802423194236 0.1572651686185 0.161677647876359 0.163910385169104
-9999 -9999 -9999 -9999 -9999 -9999 -9999 -9999 -9999 -9999 -9999 -9999 -9999 -9999 -9999 -9999 -9999 -9999 -9999 -9999 -9999 0.124848303006405 0.122801644379408 0.100398031705912 0.0804553952295615 0.0714181053828011 0.0575941638579214 0.0402366906567714 0.037086525580341 0.0371011921747668 0.0425949630781556 0.0461752631956078 0.0480545368648444 0.0475531715028666 0.0460257307607145 0.04148466685006 0.042618623922372 0.0498156735619978 0.056671460574149 0.0635043256249045 0.0707909459712612 0.0808033033155795 0.0943194481564091 0.108882040426037 0.122775394587715 0.123985310346593 0.126705396913749 0.131771397875408 0.134497542900382 0.136336476052354 0.140636452003466 0.144798558116523 0.148699737762905 0.155175911191068 0.162956599788283 0.165903219045272
-9999 -9999 -9999 -9999 -9999 -9999 -9999 -9999 -9999 -9999 -9999 -9999 -9999 -9999 -9999 -9999 -9999 -9999 -9999 -9999 -9999 0.147239174006575 0.148319911214367 0.121784344454665 0.0978624633573293 0.0866421936110978 0.0628517014113162 0.0297818042737528 0.0257288627770146 0.0279675798410018 0.0407543441862896 0.0486838274086901 0.0522953123019939 0.0558945548186325 0.0572782908217443 0.0474972405696319 0.0470969573225572 0.0567189204908988 0.0596213218836263 0.0610581392794585 0.0639580924022858 0.0718510214163143 0.086162150906418 0.094120760672671 0.0997232065118492 0.101534867278179 0.111739468593122 0.134981747459014 0.138734362769904 0.13472265766835 0.138063847946473 0.141363990873294 0.144586449366068 0.153348820588419 0.164917761769148 0.169296368773598
-9999 -9999 -9999 -9999 -9999 -9999 -9999 -9999 -9999 -9999 -9999 -9999 -9999 -9999 -9999 -9999 -9999 -9999 -9999 -9999 -9999 0.146411954824162 0.146161096913343 0.124446991890635 0.103702887231564 0.0897664885058939 0.0603778900979332 0.0195823958644381 0.0124403871171497 0.0131225997279855 0.0280055576100779 0.0405350166952643 0.0509722757171921 0.0581975364337807 0.0627970354871468 0.0570685667856348 0.0562453619595427 0.0606628547507878 0.0644836743026757 0.068359561983453 0.0737296990527564 0.0782491612428693 0.0816751268823126 0.0901747608806206 0.0997048018897885 0.101546528099061 0.106173833673325 0.115128286013731 0.122774280270202 0.129842321873551 0.135413313395496 0.139402461903564 0.140397883036094 0.146388242025844 0.154909081768332 0.164831649343806
-9999 -9999 -9999 -9999 -9999 -9999 -9999 -9999 -9999 -9999 -9999 -9999 -9999 -9999 -9999 -9999 -9999 -9999 -9999 -9999 -9999 0.159288871748352 0.142993903824472 0.123829730127676 0.104963331608537 0.0874922798472556 0.0553017590142347 0.0122452479817126 0.00499914605790132 0.00563422450065783 0.0197216179797416 0.0332563871849887 0.0462998875855952 0.0556326145165993 0.0626688463333795 0.0614910964374318 0.0622941009281293 0.0652133085545314 0.0705782533335519 0.0762652382795239 0.0798624568035981 0.0814086723789279 0.0803184345867858 0.0885467848832857 0.099080461091481 0.100689061021836 0.101971081742584 0.102745791062155 0.110168889372907 0.12031771142143 0.130666832921074 0.13765558742771 0.138284657331908 0.142470088568704 0.148457204663083 0.160784029393235
-9999 -9999 -9999 -9999 -9999 -9999 -9999 -9999 -9999 -9999 -9999 -9999 -9999 -9999 -9999 -9999 -9999 -9999 -9999 -9999 0.169411701019081 0.156439382264921 0.135557520846135 0.117051145270457 0.0976202654197523 0.075076959773375 0.0453371594007587 0.0102848684223357 0.00854195955543566 0.0119652621986435 0.0198249119377431 0.0276123966899973 0.0353357286199762 0.0439233155342961 0.051932868475228 0.0562415902935295 0.0625201050254505 0.0709031118481605 0.0789875751881893 0.0853060074656253 0.0791596217370766 0.078484406027792 0.0848420834843266 0.0912732262411894 0.0973178666617696 0.0981989335672428 0.100328511184543 0.104397537792982 0.103865300626347 0.102068811677528 0.121983109297769 0.136311942312848 0.140069967639115 0.144267143346837 0.14868679661476 0.157519932552015
-9999 -9999 -9999 -9999 -9999 -9999 -9999 -9999 -9999 -9999 -9999 -9999 -9999 -9999 -9999 -9999 -9999 -9999 -9999 0.167692900816581 0.167914563295625 0.15623519341431 0.137299470602478 0.118784814944946 0.0980665915427522 0.0709084139668431 0.0424888341763755 0.0131380805756151 0.011595604405362 0.0145193223592466 0.0217183137936761 0.0261727623452726 0.0281873826714933 0.0341302622996695 0.0406435985567461 0.0464665437289012 0.0531085312752273 0.0606255692832268 0.0703489532509738 0.0791999860742396 0.0775995066113628 0.08185185115507 0.0936276844245368 0.0963501423303895 0.0960968833255909 0.0952514631393157 0.0967780015986687 0.101989164273667 0.102813104581265 0.102167843370519 0.112960921117477 0.121587281700574 0.126113007497792 0.135688276196163 0.147821689057031 0.153034014652538
-9999 -9999 -9999 -9999 -9999 -9999 -9999 -9999 -9999 -9999 -9999 -9999 -9999 -9999 -9999 -9999 -9999 -9999 -9999 0.167310075824905 0.166269110372242 0.157361029594373 0.143656174585814 0.124798342815573 0.102429329516968 0.0708862461038226 0.0432184852867802 0.0184115081803409 0.0144033012002859 0.0151743640859214 0.0245117601596032 0.0268470272104675 0.022957581164497 0.0253006741539288 0.0290761401101318 0.0344161104039899 0.0388513004328547 0.0423198391460328 0.0531388322246376 0.0654783423401714 0.0756083614836614 0.0883826924000669 0.104556143089857 0.102608848567674 0.0951482154693055 0.0920740462188844 0.09226820344176 0.0975394116032507 0.104401245007661 0.111491992152044 0.103768557068626 0.100134809010318 0.104241024966804 0.121892521516562 0.146406179881237 0.147933779964141
-9999 -9999 -9999 -9999 -9999 -9999 -9999 -9999 -9999 -9999 -9999 -9999 -9999 -9999 -9999 -9999 -9999 -9999 -9999 0.169609074988092 0.16997747944849 0.162349709073036 0.149846473700416 0.121889897565103 0.0925986185659527 0.0623396188619858 0.0382990811608046 0.018849045117592 0.0195409454435541 0.0231160452622294 0.0284753966572539 0.0283719695542478 0.0234122724866369 0.0247023206137135 0.0276472014521984 0.0332631348456376 0.0380454606979846 0.0419371749205909 0.0474248999003259 0.0541126438061516 0.0667285302993007 0.0793301006014289 0.0919132682142538 0.095243225631477 0.0953678650733118 0.0928242200086905 0.0932395075735261 0.0982512305943734 0.101011556081114 0.10279306046549 0.102547644213117 0.10299209573441 0.104742161037482 0.113491367064479 0.125786401166592 0.137562754819797
