layers/veg/veg_5700.asc
NCOLS 255 
NROWS 330 
XLLCORNER -2985163.8955 
YLLCORNER -3022031.214 
CELLSIZE 25000 
NODATA_value -9999 
[rows 125 to 149 of 330, columns 171 to 227 of 255]
0.287600216629934 0.308508524675523 0.32205714910919 0.326829748142269 0.326579003657196 0.325236919958402 0.327581301011773 0.331101894915607 0.336313735528351 0.34259524441094 0.349242935805176 0.355209490309337 0.362505414440459 0.372121324903611 0.382024904749057 0.392061460508119 0.399155356227586 0.405534548824936 0.410383470137488 0.405347133519419 0.394662579381196 0.398874590126088 0.3971729107249 0.377778188050858 0.37694632484488 0.388989247921769 0.423498506887052 0.453958820321465 0.462866656910502 0.474160105239501 0.487448846556042 0.487915907465656 0.489348595306717 0.504430348713758 0.51707962904292 0.527283064959204 0.532231760451377 0.541172584229199 0.583341380105009 0.617794158761871 0.642918941545687 0.648679085579926 -9999 -9999 -9999 -9999 -9999 -9999 -9999 -9999 -9999 -9999 -9999 -9999 -9999 -9999 -9999
0.2883006381391 0.31209398917895 0.32519024752837 0.325530800318443 0.324041313647934 0.322534875522977 0.326120650291675 0.329841424321487 0.333756310374455 0.341295238531129 0.35007995208737 0.356663320748398 0.364838964531374 0.375793411474007 0.383426522799011 0.389514892208219 0.400933426541974 0.410327978959124 0.415388925838415 0.409388499463261 0.397067849311326 0.403212586602888 0.406147009521948 0.398152644947844 0.397140066469108 0.400969899473646 0.428218361521551 0.455669415425908 0.475757818675092 0.486518876771165 0.489478671122337 0.478255942057444 0.47260660133705 0.502495543458318 0.523598360772203 0.535866755840502 0.536842542769325 0.538629558883887 0.561916938202175 0.594583961339749 0.638590160681088 -9999 -9999 -9999 -9999 -9999 -9999 -9999 -9999 -9999 -9999 -9999 -9999 -9999 -9999 -9999 -9999
0.289287611763797 0.309994029931291 0.32177040996004 0.322898201589301 0.321650895713399 0.320204887660562 0.323627244888012 0.327627346827703 0.332458173276809 0.340330395831935 0.349310442099926 0.357728389113759 0.366673422577929 0.376538315602434 0.385199355364932 0.393300899220221 0.404584279065511 0.413919553050735 0.419083681891701 0.413986739552755 0.403026848323584 0.40938806329054 0.414416358155007 0.413675508593309 0.417047096235566 0.423270978816202 0.446084989653581 0.468757740788536 0.485242263674969 0.483117586543351 0.465428429375953 0.460225098265011 0.46469135080878 0.504003569627345 0.530882329677911 0.545259284081774 0.548750115979563 -9999 0.564121559504952 0.564121559504952 -9999 -9999 -9999 -9999 -9999 -9999 -9999 -9999 -9999 -9999 -9999 -9999 -9999 -9999 -9999 -9999 -9999
0.290416935435731 0.305069731599531 0.315095280607769 0.319603087181234 0.319333637897592 0.318059725761286 0.320620799551921 0.324939547522582 0.331785610741609 0.339532051622919 0.347742860564675 0.358600332750475 0.368259947448495 0.375829087877352 0.387156595586629 0.40023272978724 0.409165470684406 0.416914082991704 0.422127323726517 0.418861617142521 0.410751227785989 0.416476342154947 0.422335609148941 0.42678825383066 0.436811696599885 0.450698920966176 0.470482519939002 0.487498163455328 0.493034359304193 0.471887195030583 0.428422433788217 0.438035866281321 0.461160947844794 0.507221885790189 0.538546444261516 0.55505361719608 0.553989886756857 -9999 -9999 -9999 -9999 -9999 -9999 -9999 -9999 -9999 -9999 -9999 -9999 -9999 -9999 -9999 -9999 -9999 -9999 -9999 -9999
0.286770439881308 0.300842777114686 0.30782729290384 0.306359964251126 0.308026460080893 0.31092683284143 0.316974851392519 0.32378101832317 0.331677307633704 0.339584417971699 0.34773136274596 0.360741036216556 0.37216199885618 0.380810378657557 0.392518164928435 0.405648763402352 0.413543992738683 0.419963151198571 0.423221852110917 0.420911388426651 0.415418827394196 0.430728846098758 0.445021109154752 0.45394178688055 0.463977371294204 0.474786230178646 0.496514057256371 0.514943680243968 0.518355829990929 0.5086205810324 0.487889027854692 0.497035014198545 0.513180451482195 0.539486006551811 0.559662695316973 0.573676827322779 0.574958076058044 -9999 -9999 -9999 -9999 -9999 -9999 -9999 -9999 -9999 -9999 -9999 -9999 -9999 -9999 -9999 -9999 -9999 -9999 -9999 -9999
0.286039352429162 0.296308688571227 0.300267591611373 0.296701643841165 0.300514195620887 0.30673046602977 0.315418909755333 0.323788939845527 0.331701131022741 0.33978230169735 0.348215956389377 0.362618190881915 0.375400299899904 0.385355001941763 0.397318697806601 0.410215874021297 0.41717229383816 0.422976969958705 0.426315614728078 0.423815776989746 0.417979959611572 0.442235508419058 0.464146449321038 0.475957483236042 0.485776997545247 0.494215238169389 0.515608020700878 0.533460896659678 0.534770879606246 0.533115617522701 0.528980265106009 0.539904600048057 0.553110568401093 0.565782672342736 0.578307080989623 0.590682982458867 0.596368640633551 -9999 -9999 -9999 -9999 -9999 -9999 -9999 -9999 -9999 -9999 -9999 -9999 -9999 -9999 -9999 -9999 -9999 -9999 -9999 -9999
0.292131589147666 0.291049524718741 0.292059598167645 0.295564433093468 0.301972898024431 0.309412552940828 0.318664926885051 0.326416198547243 0.33200907320398 0.340285724041244 0.349785418621326 0.36385159969559 0.377045625001871 0.388717583442711 0.400726210939876 0.41288963411818 0.419090806113663 0.425908392768848 0.434045802472347 0.428766187822239 0.415820382511832 0.447229936317492 0.474652055382249 0.485767472728227 0.495062424676948 0.503094742333504 0.518778071102975 0.531272466991729 0.530246464457982 0.528069551881936 0.524930033908613 0.543262191799358 0.563596328912994 0.577492978426041 0.59086373894035 0.603705719637501 0.603112344334199 -9999 -9999 -9999 -9999 -9999 -9999 -9999 -9999 -9999 -9999 -9999 -9999 -9999 -9999 -9999 -9999 -9999 -9999 -9999 -9999
0.296663649238004 0.292112069274748 0.294373579482045 0.304759331918504 0.313848265989906 0.322441723419263 0.329881555858375 0.337019858134467 0.343724597815452 0.353465911346653 0.364498446242389 0.3787881360847 0.391796103008849 0.402567235578369 0.412580012670622 0.42223837344278 0.427934983411195 0.434415451687908 0.442574261395379 0.440266903361867 0.43197940880401 0.461373429945482 0.486012627682948 0.493147101878494 0.500707663936293 0.508563751054425 0.512019147398649 0.513080629468022 0.5074813628837 0.50722014176017 0.5114235887537 0.542993766753159 0.574941377547808 0.588819720502945 0.600294327045676 0.60935198380681 0.611012643819982 -9999 -9999 -9999 -9999 -9999 -9999 -9999 -9999 -9999 -9999 -9999 -9999 -9999 -9999 -9999 -9999 -9999 -9999 -9999 -9999
0.30024832049807 0.297013356077194 0.303076838252796 0.320228216025496 0.332048964321126 0.341753971865069 0.345938193645287 0.352467041825493 0.362367169005955 0.374343833198088 0.387192664463805 0.402045647016311 0.414504446335103 0.422784970277402 0.429562669256674 0.435640372282027 0.440984644604352 0.446308214043293 0.451587455946824 0.45574517208515 0.459262073232022 0.481072527037295 0.497892362654674 0.499050938993485 0.504142465436152 0.511961798558359 0.49923103507896 0.485171014113821 0.473639936831442 0.476774438646979 0.492175029969925 0.540523509074477 0.586808213238612 0.599913550325685 0.607826666195904 0.610519019144151 -9999 -9999 -9999 -9999 -9999 -9999 -9999 -9999 -9999 -9999 -9999 -9999 -9999 -9999 -9999 -9999 -9999 -9999 -9999 -9999 -9999
0.287110432279388 0.291878298250552 0.3023559852669 0.319642325639509 0.331743979699271 0.341765543540654 0.346198065741415 0.353879090802683 0.366231055965945 0.378976723285191 0.391963127972711 0.406884010219754 0.42300505574626 0.441220599558334 0.454324842870528 0.465045721678812 0.465422620680402 0.469213927671232 0.480315921209838 0.483348033075017 0.481769193220641 0.50515783125346 0.519759010313851 0.507707935943048 0.503219160447942 0.503975427183495 0.507981148159859 0.510862131995924 0.508784982586045 0.516664737498145 0.532872310821961 0.56582357152335 0.597541694134688 0.611562072584952 0.618232697275523 0.617513166517852 -9999 -9999 -9999 -9999 -9999 -9999 -9999 -9999 -9999 -9999 -9999 -9999 -9999 -9999 -9999 -9999 -9999 -9999 -9999 -9999 -9999
0.277594703969502 0.287478101592375 0.299960168543743 0.315541008382257 0.327344399281107 0.33754999756366 0.342873042786159 0.352265254958683 0.36750841937128 0.381427624391092 0.394874621287735 0.408773399384131 0.426749081116786 0.451839684479434 0.470531893965169 0.486239623881837 0.486111032735071 0.490814325643392 0.505863303623118 0.507143512389484 0.500556551270384 0.525536667537774 0.540063338698947 0.522646798506373 0.512756059550818 0.508085048875847 0.528802623364039 0.548219945754245 0.554465456926276 0.565230690831333 0.579776158931154 0.59773691307203 0.616012140289198 0.633245445278612 0.651416913211251 0.670531701180573 -9999 -9999 -9999 -9999 -9999 -9999 -9999 -9999 -9999 -9999 -9999 -9999 -9999 -9999 -9999 -9999 -9999 -9999 -9999 -9999 -9999
0.281537253559107 0.287021722396436 0.294474532901352 0.304274484585515 0.314563684247216 0.324717868991464 0.332136154518879 0.344523470028064 0.364055628071337 0.380578144198586 0.395720154852458 0.405556455103674 0.419425538331684 0.440332544795226 0.460744930491104 0.480924648579718 0.493949473952361 0.506654002629564 0.518672734896366 0.517788474623351 0.509531730087679 0.534468194128347 0.554056143507455 0.555126423979186 0.553134108812807 0.549017645457978 0.580363286892427 0.609298670227758 0.617807393635878 0.625869737679727 0.633558736136617 0.643573777567464 0.656912717222632 0.683650930647976 0.690232161090068 0.676545605360774 -9999 -9999 -9999 -9999 -9999 -9999 -9999 -9999 -9999 -9999 -9999 -9999 -9999 -9999 -9999 -9999 -9999 -9999 -9999 -9999 -9999
0.284923324489561 0.2913915100213 0.296113908624213 0.298754550559412 0.307649953630698 0.318161678392125 0.326619144458341 0.338845660586947 0.356491598473452 0.373915323961322 0.390817986500733 0.398685241489018 0.411791359202361 0.434040223726681 0.456777881774588 0.479740070525456 0.493410158144675 0.50730096894989 0.521664376478086 0.523932737975627 0.519290257957764 0.538214469174288 0.554929233014496 0.562737343083204 0.566820094831715 0.568319020942686 0.597857108268067 0.626460474382738 0.642228556682552 0.654398815059185 0.663559902779888 0.680489041208505 0.699598209316927 0.722983200202219 0.736651509037846 0.74054972310078 -9999 -9999 -9999 -9999 -9999 -9999 -9999 -9999 -9999 -9999 -9999 -9999 -9999 -9999 -9999 -9999 -9999 -9999 -9999 -9999 -9999
0.287900217238531 0.299309973108922 0.302992297821442 0.297460078037392 0.305050210577263 0.316220178481483 0.324940305434701 0.334685490184693 0.345904579614907 0.362977960812575 0.381689538885264 0.389127047419257 0.403928769490993 0.431582353382955 0.457090210349055 0.481592569287877 0.486710686277047 0.496776750859384 0.517437007472223 0.52676764210362 0.529624781574706 0.538148034132104 0.54615540945422 0.55206232816169 0.560879434404683 0.571714981967417 0.590301615906785 0.611330212531548 0.63803131518222 0.659317465158535 0.676074622877634 0.710844260985332 0.743596147679582 0.754173345640998 0.754077397118055 0.743249631690735 -9999 -9999 -9999 -9999 -9999 -9999 -9999 -9999 -9999 -9999 -9999 -9999 -9999 -9999 -9999 -9999 -9999 -9999 -9999 -9999 -9999
0.292887491108077 0.307002323723349 0.31266772724442 0.308257642706326 0.309505620214295 0.312871920279225 0.320843458084779 0.329752465570888 0.340009437000183 0.357308862352869 0.376742317445769 0.3859822989197 0.399909634055622 0.42201723464116 0.45203601843022 0.485728601486931 0.48954552088719 0.498991543726892 0.520490200850626 0.543505152487671 0.567386481238586 0.577324655700978 0.583746883677 0.582558214565715 0.590528015237086 0.604849926763611 0.636414064833198 0.664538075986392 0.674985229647577 0.686489735059152 0.698878594993963 0.724092337404441 0.748413654727311 0.759415710832297 0.764881676747785 0.764781120516604 -9999 -9999 -9999 -9999 -9999 -9999 -9999 -9999 -9999 -9999 -9999 -9999 -9999 -9999 -9999 -9999 -9999 -9999 -9999 -9999 -9999
0.297668229213676 0.313825420879286 0.321578710298929 0.319310799968197 0.315172176240214 0.311476061265231 0.317514720866871 0.325017333796963 0.33462492819173 0.351076290772422 0.369859246827058 0.384052209270733 0.399129815274298 0.415751281560239 0.447398808522582 0.486032111094548 0.492077876507458 0.504000544193806 0.528506415331071 0.564347186761937 0.606664469263818 0.617163467326705 0.622388195586566 0.617586521689137 0.626858391883274 0.645891359107379 0.683051526281048 0.711256784646955 0.70264997415254 0.705031683911982 0.716604041520232 0.733777808230053 0.750694815577348 0.762397991190341 0.768998391624763 0.77046796686149 -9999 -9999 -9999 -9999 -9999 -9999 -9999 -9999 -9999 -9999 -9999 -9999 -9999 -9999 -9999 -9999 -9999 -9999 -9999 -9999 -9999
0.300801243265457 0.317522924952413 0.326427305061523 0.326009975049823 0.322238242791434 0.31794001782888 0.318095763967831 0.321355225959869 0.32907744247788 0.340443303228159 0.353961195494644 0.383816039440601 0.408681855539015 0.424840931102919 0.446661648321513 0.471116506445157 0.489307452675949 0.513789580037807 0.551741935154946 0.594320024027936 0.639541154754434 0.642251374512295 0.644593696246494 0.651376301933334 0.672371425747684 0.703224035891005 0.708104091741591 0.70393691967239 0.67780977524615 0.681799157240477 0.710977589476906 0.737748015135491 0.760746711772913 0.768373559461568 0.771764601682517 0.770896554160007 -9999 -9999 -9999 -9999 -9999 -9999 -9999 -9999 -9999 -9999 -9999 -9999 -9999 -9999 -9999 -9999 -9999 -9999 -9999 -9999 -9999
0.307869931153645 0.324915949654637 0.334334544409587 0.334657848107754 0.330953483160624 0.326054799283728 0.320966852647143 0.319424664015591 0.322980831140167 0.335624548125418 0.352531895878484 0.387423487481776 0.411466760306113 0.416577788266244 0.433964955181062 0.457072661129063 0.493680542019861 0.530331264873587 0.567073717878793 0.612001703711983 0.661606721773903 0.651995436110993 0.646896871346662 0.661403502455823 0.684510875926153 0.713583532922145 0.707239444194301 0.694396012954742 0.671540812041909 0.679655134618657 0.713671942503943 0.73891729900933 0.760131738306801 0.769398118916723 0.774044008669764 -9999 -9999 -9999 -9999 -9999 -9999 -9999 -9999 -9999 -9999 -9999 -9999 -9999 -9999 -9999 -9999 -9999 -9999 -9999 -9999 -9999 -9999
0.318423825311832 0.335581514766152 0.344950343391931 0.345031375955095 0.34112913696081 0.335631456265013 0.325865873909288 0.319027459471666 0.316397945749556 0.335954542691151 0.363915290173611 0.394434622327645 0.408259079293346 0.392948011070017 0.410677587884377 0.443800795712888 0.504379515556331 0.552852707073291 0.575406405849759 0.618799041539777 0.674098584404357 0.648151871024105 0.631575692216356 0.650387929801494 0.667096600885163 0.6823462850501 0.683424004221016 0.682888279479929 0.681717466488205 0.696185877638991 0.723734721678086 0.737606246626336 0.750070798896497 0.76603834987164 -9999 -9999 -9999 -9999 -9999 -9999 -9999 -9999 -9999 -9999 -9999 -9999 -9999 -9999 -9999 -9999 -9999 -9999 -9999 -9999 -9999 -9999 -9999
0.329622354028347 0.344719816425478 0.352988698262117 0.353114866415827 0.345002907780892 0.33443188948167 0.323313994645575 0.319425601296299 0.325932325286373 0.338152610506607 0.352759639168854 0.372612729411441 0.385600135425678 0.386605701892242 0.415049428612765 0.456275258285889 0.516263886103365 0.567168868783074 0.598624599199215 0.633472535213576 0.670258702402712 0.651622943519524 0.642284855253053 0.664846394872953 0.682710404029641 0.697316310582301 0.708272302864688 0.714762726253082 0.707260287968477 0.714245078628013 0.733346789168907 0.741861033796103 0.74745358499233 0.747443341345959 -9999 -9999 -9999 -9999 -9999 -9999 -9999 -9999 -9999 -9999 -9999 -9999 -9999 -9999 -9999 -9999 -9999 -9999 -9999 -9999 -9999 -9999 -9999
0.340139063219694 0.350851175869346 0.356973967746484 0.35762424235321 0.345901829743097 0.331133166934519 0.321915752251296 0.322244948036027 0.336300973559767 0.339100346357001 0.338213782239203 0.347951187979192 0.360394023662214 0.377558315562383 0.417708282649097 0.468562513067374 0.524085614560808 0.575642545001608 0.618707393227262 0.647509352465345 0.668161812718881 0.660296177911168 0.660507200226389 0.685925167301635 0.70501906182838 0.719726720353101 0.736338426984081 0.745949104737788 0.730999121613652 0.730318263852033 0.741571907123102 0.74650072348719 0.749850974833999 0.750611050432097 -9999 -9999 -9999 -9999 -9999 -9999 -9999 -9999 -9999 -9999 -9999 -9999 -9999 -9999 -9999 -9999 -9999 -9999 -9999 -9999 -9999 -9999 -9999
0.346663137993346 0.343286871191668 0.342963221301521 0.346279652285291 0.337540456248558 0.326966616538842 0.332967151027012 0.336481032098289 0.336419417113851 0.332112225053878 0.326863673203348 0.334878207024568 0.339842361022221 0.339483059936618 0.387023483258861 0.456861910735968 0.510494674071105 0.562194843083891 0.609757079149224 0.65130547114114 0.689417685777104 0.688480522233344 0.693061773532366 0.717361445113324 0.731295714785335 0.738040772334972 0.736956481006838 0.734849666730892 0.73194409939186 0.735074304449426 0.743252746877551 0.748085585034947 0.751542626286836 0.75117596370257 -9999 -9999 -9999 -9999 -9999 -9999 -9999 -9999 -9999 -9999 -9999 -9999 -9999 -9999 -9999 -9999 -9999 -9999 -9999 -9999 -9999 -9999 -9999
0.350193342486341 0.3425865070944 0.33873168290315 0.3393509295194 0.334330047584606 0.32952337954415 0.343035367079989 0.347520457177816 0.339025999757808 0.332779985388138 0.328161478086387 0.339801121694391 0.3402402683076 0.321132556460342 0.369760658572936 0.449920192441979 0.505480909460308 0.561348310607703 0.617872361910513 0.665779136989362 0.708762191221896 0.706135669699197 0.708469446754549 0.729867997906986 0.739758525908283 0.74166734511821 0.735234879022125 0.730270513322236 0.73318797839429 0.737690509401731 0.743518767849512 0.74855891697084 0.752585919258968 -9999 -9999 -9999 -9999 -9999 -9999 -9999 -9999 -9999 -9999 -9999 -9999 -9999 -9999 -9999 -9999 -9999 -9999 -9999 -9999 -9999 -9999 -9999 -9999
0.350537265554049 0.349191217808466 0.344907846252642 0.337121874622182 0.336601647833348 0.339235552302626 0.352057212865234 0.355157779231883 0.344280630120066 0.341595658346732 0.342920057622478 0.363876498757132 0.3629341401016 0.323774482682288 0.366782416945708 0.448043203876422 0.509595561788926 0.573912804116117 0.644150019498757 0.691616578497114 0.726072488583952 0.712584926053721 0.705628216678812 0.722228243226874 0.729262628728004 0.729662498445088 0.731023255166284 0.73263069253503 0.734749968513587 0.73802935497305 0.742279041950637 0.747849283105303 -9999 -9999 -9999 -9999 -9999 -9999 -9999 -9999 -9999 -9999 -9999 -9999 -9999 -9999 -9999 -9999 -9999 -9999 -9999 -9999 -9999 -9999 -9999 -9999 -9999
0.337871081439681 0.346370829942411 0.346693709867216 0.337266115434554 0.334387871008123 0.335675607596904 0.359176579377552 0.369871817847381 0.362154016272179 0.35837567455445 0.356624549110455 0.366359592425658 0.364784730386809 0.343472072850164 0.391235318705464 0.471154830469397 0.529065030521613 0.583264747225508 0.629519841966879 0.680605788811431 0.734451977591798 0.718859660544218 0.705547283354396 0.707181311283636 0.708713627912127 0.710175399845608 0.719451979501326 0.728068654021193 0.731744243655433 0.736382929837763 0.741827136782981 -9999 -9999 -9999 -9999 -9999 -9999 -9999 -9999 -9999 -9999 -9999 -9999 -9999 -9999 -9999 -9999 -9999 -9999 -9999 -9999 -9999 -9999 -9999 -9999 -9999 -9999
