layers/veg/veg_3200.asc
NCOLS 255 
NROWS 330 
XLLCORNER -2985163.8955 
YLLCORNER -3022031.214 
CELLSIZE 25000 
NODATA_value -9999 
[rows 75 to 99 of 330, columns 0 to 56 of 255]
-9999 -9999 -9999 -9999 -9999 -9999 -9999 -9999 -9999 -9999 -9999 -9999 -9999 -9999 -9999 -9999 -9999 -9999 -9999 -9999 -9999 -9999 -9999 -9999 -9999 -9999 0.659007818158174 0.668680301746862 0.676583311566613 0.681814720717625 0.680159171982534 0.668171416623831 0.443231151527737 0.301150777965898 0.311263705179546 0.328249265024849 0.348611550119464 0.516902187576889 0.65467692548695 0.719568488742928 0.761029449396889 0.788409513464672 0.797134572267016 0.807762215628978 0.827004621854034 0.840034117877141 0.848540663653062 0.85542040027634 0.8626414585216 0.871795487621914 0.878590896836606 0.883317987868653 0.889197666085563 0.894755805172076 0.897736247241094 0.903251559711732 0.911438465659236
-9999 -9999 -9999 -9999 -9999 -9999 -9999 -9999 -9999 -9999 -9999 -9999 -9999 -9999 -9999 -9999 -9999 -9999 -9999 -9999 -9999 -9999 -9999 -9999 -9999 -9999 0.639307302836331 0.658855506088728 0.675158790195535 0.68656280520237 0.69039472584673 0.686277044303958 0.543499552284254 0.429005875563156 0.366462631423058 0.342853657231325 0.338374227632527 0.519484745524004 0.662695055175004 0.715336966987479 0.751119437469892 0.776770028123962 0.78948317711529 0.801239215289901 0.812513013299378 0.825372168002271 0.839385450032825 0.848198058959329 0.855641651599163 0.860269440181909 0.865272849824986 0.870605648647561 0.877596214054265 0.885044749743787 0.893316810939965 0.900247086694878 0.905763205248719
-9999 -9999 -9999 -9999 -9999 -9999 -9999 -9999 -9999 -9999 -9999 -9999 -9999 -9999 -9999 -9999 -9999 -9999 -9999 -9999 -9999 -9999 -9999 -9999 -9999 -9999 0.631983980318718 0.652074300490949 0.669560270900439 0.683114121665145 0.690473291084317 0.692234792136589 0.605919223271251 0.510841322175576 0.399669165585068 0.352826535284172 0.337590881136459 0.526311469037861 0.671831191461937 0.714314248347444 0.742281764103914 0.761525994462989 0.777058996099898 0.790076254383155 0.796598868937659 0.80869689717756 0.824853783164771 0.834650762370475 0.842571702837323 0.846311096857837 0.851334635782249 0.857484265549053 0.864694171181967 0.872731353207142 0.883925763441154 0.891357620171083 0.89482398288939
-9999 -9999 -9999 -9999 -9999 -9999 -9999 -9999 -9999 -9999 -9999 -9999 -9999 -9999 -9999 -9999 -9999 -9999 -9999 -9999 -9999 -9999 -9999 -9999 -9999 -9999 0.651667898336126 0.65202999981932 0.654993396227103 0.661884300000136 0.668490995218191 0.671785419648765 0.585500296826415 0.491885707442324 0.384808685410781 0.352702696849642 0.357432167893951 0.542256741035362 0.683235449715124 0.720342703964451 0.735951021786198 0.738639300559377 0.754364106691921 0.768878081743413 0.777708624873897 0.787756434010371 0.798690403320373 0.807389158906525 0.816337395287626 0.827138975013449 0.836141916596002 0.843567598528367 0.849045215004848 0.854818167493044 0.863726450546959 0.869643428247244 0.872407758827995
-9999 -9999 -9999 -9999 -9999 -9999 -9999 -9999 -9999 -9999 -9999 -9999 -9999 -9999 -9999 -9999 -9999 -9999 -9999 -9999 -9999 -9999 -9999 -9999 -9999 -9999 0.659119422724285 0.655100815190137 0.653316480393165 0.654905512663606 0.647606184511557 0.632893808406595 0.509125797944109 0.414214047494508 0.372304170183748 0.385777462703714 0.426462125011275 0.567875330015813 0.676938775896442 0.710205805684832 0.72346922161788 0.724711230213217 0.739020807568483 0.752862783532925 0.763123871266234 0.772932282161075 0.7824111478425 0.790958997739076 0.799864663473487 0.810470638742689 0.819658190722405 0.827601900615393 0.834040304435897 0.840739299257226 0.850020415168777 0.856812132966158 0.860980182208774
-9999 -9999 -9999 -9999 -9999 -9999 -9999 -9999 -9999 -9999 -9999 -9999 -9999 -9999 -9999 -9999 -9999 -9999 -9999 -9999 -9999 -9999 -9999 -9999 -9999 -9999 0.659482307641952 0.659976831996005 0.659109261314527 0.656185161696768 0.627357363526614 0.583314969012637 0.400325194131223 0.302516596007097 0.361164930357621 0.438090731164724 0.523996785360184 0.599099580378184 0.660384459170561 0.690701127953439 0.707422899836982 0.715974658315799 0.727937735399911 0.73985094722559 0.751034137890257 0.761652516401364 0.771859716062863 0.780805628482715 0.789048738752917 0.795253239531412 0.802426329918065 0.810448794767424 0.819408616578479 0.828882407769601 0.840077216786195 0.849128452588793 0.855920497463114
-9999 -9999 -9999 -9999 -9999 -9999 -9999 -9999 -9999 -9999 -9999 -9999 -9999 -9999 -9999 -9999 -9999 -9999 -9999 -9999 -9999 -9999 -9999 -9999 -9999 -9999 -9999 -9999 -9999 -9999 0.533224150444877 0.525122817917738 0.401889525699552 0.332307495833572 0.361269677853004 0.419394272617259 0.491847212969593 0.558927098548031 0.615629727121491 0.64900357224313 0.675227312848078 0.697154113933799 0.713897190140765 0.728983038236938 0.740263175412402 0.751223989620884 0.761952339195967 0.770667635319587 0.778693798450188 0.785047868881702 0.791563807796276 0.798221692231088 0.805158890920147 0.812132132821683 0.819041711581762 0.827731222876923 0.838296670767086
-9999 -9999 -9999 -9999 -9999 -9999 -9999 -9999 -9999 -9999 -9999 -9999 -9999 -9999 -9999 -9999 -9999 -9999 -9999 -9999 -9999 -9999 -9999 -9999 -9999 -9999 -9999 -9999 -9999 -9999 0.583433699563388 0.479306440206769 0.407395427456709 0.360046172875829 0.357810844700122 0.403777492804139 0.473427180449762 0.53209202410346 0.583263633565039 0.617775730439005 0.649984860472457 0.680809995460051 0.70092982011639 0.7183370114567 0.729897927106224 0.741218929727857 0.752365277533385 0.760827707479367 0.768489067912847 0.774351530656665 0.780079415420657 0.785689286220484 0.790521724326628 0.795032690638558 0.798632202450167 0.806139525530095 0.817765435140753
-9999 -9999 -9999 -9999 -9999 -9999 -9999 -9999 -9999 -9999 -9999 -9999 -9999 -9999 -9999 -9999 -9999 -9999 -9999 -9999 -9999 -9999 -9999 -9999 -9999 -9999 -9999 -9999 -9999 0.658861298244797 0.578568885226646 0.468293643153165 0.408209909992897 0.362478303396866 0.34310803368547 0.406426790773846 0.51037308313155 0.551428391433549 0.588468010312488 0.618070253756724 0.645873746465991 0.672596258736402 0.691288794446578 0.707994401146126 0.720450319353795 0.732244922020164 0.743558092122119 0.751794930382439 0.758627884162669 0.761623071539348 0.766018166173544 0.771640865837441 0.774779318084285 0.777667719702858 0.781469499894351 0.785932547799632 0.791092530155482
-9999 -9999 -9999 -9999 -9999 -9999 -9999 -9999 -9999 -9999 -9999 -9999 -9999 -9999 -9999 -9999 -9999 -9999 -9999 -9999 -9999 -9999 -9999 -9999 -9999 -9999 -9999 -9999 0.64506896590179 0.644817075800335 0.582350466616324 0.495744278864849 0.422628002677871 0.371508118129443 0.360790210781738 0.420544555708639 0.514923977572634 0.55482463981593 0.591388887051076 0.621832039518794 0.642098924373895 0.656250261356822 0.681036678094642 0.702770214745147 0.714010371206474 0.724478099783197 0.734383506874812 0.74064572011372 0.745788015169513 0.748369504037206 0.752795015089995 0.75883758391368 0.761463839945067 0.763937691882996 0.768610123773621 0.771907169985316 0.773754646465299
-9999 -9999 -9999 -9999 -9999 -9999 -9999 -9999 -9999 -9999 -9999 -9999 -9999 -9999 -9999 -9999 -9999 -9999 -9999 -9999 -9999 -9999 -9999 -9999 -9999 -9999 -9999 0.645169327409672 0.639374463967481 0.624830354665199 0.592210576208902 0.55023520607392 0.446609609521464 0.385176190330518 0.401239454041922 0.442724801484819 0.496700761568761 0.547014778086423 0.592704433702494 0.628031355694891 0.638560519853998 0.63418717938911 0.670354957076975 0.701144346657752 0.709684846723398 0.717559944570285 0.724950634783393 0.728008629908515 0.730854091864028 0.734746778538169 0.740161057872332 0.746909650456581 0.749854523701281 0.752763076161383 0.758776041882951 0.762227536989796 0.76297940367339
-9999 -9999 -9999 -9999 -9999 -9999 -9999 -9999 -9999 -9999 -9999 -9999 -9999 -9999 -9999 -9999 -9999 -9999 -9999 -9999 -9999 -9999 -9999 -9999 -9999 -9999 0.676585714577327 0.650736845062825 0.637649916994127 0.643831322765437 0.592190687399847 0.517948124226313 0.451575422063105 0.40307682642374 0.387408581149384 0.424788577411509 0.488232724957188 0.56269495511838 0.618790395598574 0.633059252162964 0.641608851804768 0.646721396640744 0.679018942511786 0.705709201385462 0.711805877019976 0.7172272810299 0.722157092555454 0.725158036950992 0.728124247432218 0.731775625034984 0.736169170529309 0.741213537020288 0.743803837034341 0.745859426634866 0.747401056155135 0.747900801363245 0.747302466239425
-9999 -9999 -9999 -9999 -9999 -9999 -9999 -9999 -9999 -9999 -9999 -9999 -9999 -9999 -9999 -9999 -9999 -9999 -9999 -9999 -9999 -9999 -9999 -9999 -9999 -9999 0.675478573955023 0.649321164598215 0.642895249637814 0.66626049324109 0.595960410807161 0.491172506685836 0.458617734728273 0.424057230516368 0.385812688024808 0.418158407727237 0.485187186088729 0.580865924911497 0.646564019236844 0.643708490407177 0.651209108234039 0.664933374363027 0.690959869441991 0.711829182206524 0.715949376192271 0.719368274432466 0.722276634830877 0.724987748957516 0.727730152798894 0.730670014806891 0.7334226691811 0.736011157656747 0.73744010981002 0.738079280326085 0.735831474547892 0.734010905211024 0.732640616128719
-9999 -9999 -9999 -9999 -9999 -9999 -9999 -9999 -9999 -9999 -9999 -9999 -9999 -9999 -9999 -9999 -9999 -9999 -9999 -9999 -9999 -9999 -9999 -9999 -9999 -9999 0.672353525888137 0.667625279873097 0.670944684000186 0.68641465395025 0.616514503704824 0.515185144100318 0.479812047432592 0.454211201375104 0.446559583211099 0.465479364997952 0.497454452070631 0.59914596699206 0.671185954391823 0.674342803694131 0.68120601179155 0.690296599858307 0.707254848474261 0.72110470721043 0.724781249215415 0.727716847739823 0.730113045180087 0.730577942756949 0.73101703215606 0.732174948550603 0.731861035962496 0.730256448829874 0.727962276656132 0.725693674900694 0.724146168484741 0.723333790117113 0.723296190332765
-9999 -9999 -9999 -9999 -9999 -9999 -9999 -9999 -9999 -9999 -9999 -9999 -9999 -9999 -9999 -9999 -9999 -9999 -9999 -9999 -9999 -9999 -9999 -9999 -9999 -9999 0.691023428226037 0.688869436486006 0.689961111594677 0.695953184706258 0.629249806800535 0.534799075062906 0.468954889351829 0.435259796576149 0.460614703506941 0.489938412499027 0.521212109923224 0.618928410672407 0.684564794388129 0.675911583099105 0.681422568326954 0.69544569426958 0.709959178869026 0.720687142913363 0.720594252518404 0.723059622760078 0.727387386824085 0.729443617336365 0.731223526132318 0.732949556952807 0.733290797763772 0.73241769014441 0.727145945537242 0.721812295657407 0.719970622508661 0.719428230320476 0.720255198292334
-9999 -9999 -9999 -9999 -9999 -9999 -9999 -9999 -9999 -9999 -9999 -9999 -9999 -9999 -9999 -9999 -9999 -9999 -9999 -9999 -9999 -9999 -9999 -9999 -9999 -9999 0.728164224836602 0.712605234130592 0.701322201146408 0.696495127956413 0.635358802559464 0.550685168141009 0.430934589480908 0.374692320845755 0.435099243398288 0.495022333634432 0.554707702914613 0.639984117222791 0.688415279507893 0.652847757550103 0.656400726470416 0.683463615123123 0.701145637948739 0.712054830505904 0.70537395858123 0.707380178384047 0.715710533318233 0.722610362519721 0.728819439601023 0.733105225558538 0.737255722073508 0.741287580729262 0.733670107760141 0.725138120824459 0.722159485811112 0.721261462291402 0.722556272019001
-9999 -9999 -9999 -9999 -9999 -9999 -9999 -9999 -9999 -9999 -9999 -9999 -9999 -9999 -9999 -9999 -9999 -9999 -9999 -9999 -9999 -9999 -9999 -9999 -9999 -9999 0.725465407325154 0.720982803440936 0.71565723935743 0.709058950539786 0.677600549635395 0.633413896667055 0.508323997118893 0.429797122318967 0.436795105195147 0.510185122937456 0.61619548756881 0.629660080809699 0.630475489483413 0.60510338822631 0.616626582137266 0.650322438211558 0.674510527659556 0.68995856165386 0.682259110964885 0.694416818656598 0.721030383022078 0.728534792847778 0.732349674595147 0.730720452835634 0.73141034211845 0.734133903535408 0.729045689936759 0.723834218406204 0.724758779901966 0.72563296322214 0.726454051123633
-9999 -9999 -9999 -9999 -9999 -9999 -9999 -9999 -9999 -9999 -9999 -9999 -9999 -9999 -9999 -9999 -9999 -9999 -9999 -9999 -9999 -9999 -9999 -9999 -9999 -9999 0.717975267883043 0.727101544616126 0.73004973555463 0.723670080875937 0.720470869295136 0.714485416956881 0.59526139629363 0.501121454527051 0.453054814251814 0.530873988630377 0.670544542480845 0.617665980718825 0.575099926209627 0.560891689962301 0.577890016286769 0.613642293922147 0.647545536812067 0.670845895710525 0.664394082173455 0.684569240215194 0.724128626222504 0.73128079858489 0.732679030380294 0.726684222390278 0.72433763304373 0.725190235309423 0.723862550411672 0.723054908280623 0.726689199049668 0.729138454020822 0.730338756025595
-9999 -9999 -9999 -9999 -9999 -9999 -9999 -9999 -9999 -9999 -9999 -9999 -9999 -9999 -9999 -9999 -9999 -9999 -9999 -9999 -9999 -9999 -9999 -9999 -9999 -9999 0.718518963652 0.73440708303243 0.742449819321884 0.738647378203051 0.738811311260657 0.73709612010754 0.638829990996436 0.55982797789556 0.516209421710102 0.569543523181679 0.670513298585592 0.62175977941593 0.578555295251013 0.551815670355651 0.55517260300299 0.576616416365986 0.6325871888182 0.675801721049486 0.676880476594048 0.687113217207277 0.704009987668561 0.709590974972697 0.713651318152051 0.716916274006568 0.719022899898683 0.720113764439279 0.72455570953983 0.728225950545174 0.72520483254879 0.726698338145315 0.732949972178545
-9999 -9999 -9999 -9999 -9999 -9999 -9999 -9999 -9999 -9999 -9999 -9999 -9999 -9999 -9999 -9999 -9999 -9999 -9999 -9999 -9999 -9999 -9999 -9999 -9999 -9999 0.765840582075706 0.761818753746332 0.757748431427104 0.753604891534381 0.754579494354744 0.755036858725484 0.684309187904913 0.614941259756065 0.548070845441508 0.574059224122362 0.645671841393222 0.627895379988842 0.599186471667767 0.548090095926063 0.543717174885692 0.56742326423073 0.625028191579986 0.669844302733739 0.672540624763942 0.679357000183047 0.689172742386481 0.696508488532593 0.70296707577256 0.707262693393846 0.708543915176595 0.707181756497514 0.717536293529007 0.726648314410608 0.719530478257469 0.718486831496636 0.723844997131162
-9999 -9999 -9999 -9999 -9999 -9999 -9999 -9999 -9999 -9999 -9999 -9999 -9999 -9999 -9999 -9999 -9999 -9999 -9999 -9999 -9999 -9999 -9999 -9999 -9999 -9999 0.766776214432782 0.774390670833825 0.77599989426885 0.768542250090696 0.767727210916364 0.768220111267011 0.731734794326218 0.666393957831881 0.548052608240927 0.543781001742974 0.595555193460738 0.636111048606577 0.637315353659601 0.549815241358299 0.543734796991154 0.586584460984217 0.625007219084344 0.652769111601497 0.651059179738588 0.661107549372198 0.679715870933568 0.692194652574597 0.700782671316112 0.697725623961081 0.692803893716268 0.686246987939646 0.702659758137521 0.718195520382852 0.709587610054803 0.704395770291908 0.702804253382813
-9999 -9999 -9999 -9999 -9999 -9999 -9999 -9999 -9999 -9999 -9999 -9999 -9999 -9999 -9999 -9999 -9999 -9999 -9999 -9999 -9999 -9999 -9999 -9999 -9999 -9999 -9999 0.78262367568288 0.781226669508263 0.777720424589417 0.747997870506085 0.708986681922428 0.700391239569755 0.672384427023167 0.608723687737301 0.57349236788944 0.55222925259792 0.556648847272812 0.551180551258578 0.52267814817341 0.528248765044111 0.554295964550207 0.619287877303219 0.668510545107597 0.666289899236014 0.672689528429412 0.685364650744171 0.685999642931789 0.684389369579272 0.679639237348769 0.675097157925612 0.670737523926157 0.68128407214385 0.690656783790798 0.681384696634362 0.673772895750674 0.667910931850036
-9999 -9999 -9999 -9999 -9999 -9999 -9999 -9999 -9999 -9999 -9999 -9999 -9999 -9999 -9999 -9999 -9999 -9999 -9999 -9999 -9999 -9999 -9999 -9999 -9999 -9999 -9999 -9999 -9999 0.784934296727574 0.724309490985291 0.64313861868497 0.658444548757549 0.669620116952205 0.673209223277811 0.614345263753546 0.524796287925518 0.477081728752196 0.456313623863052 0.495393896091193 0.514218179781424 0.520869388596129 0.612615749287697 0.684828768586156 0.686960088837213 0.689832121833745 0.693243387941064 0.679096341941313 0.665254178528451 0.65991984967416 0.657123623535387 0.656553107451857 0.660080364838375 0.661982835040368 0.652349981469656 0.643134204933999 0.634358001279659
-9999 -9999 -9999 -9999 -9999 -9999 -9999 -9999 -9999 -9999 -9999 -9999 -9999 -9999 -9999 -9999 -9999 -9999 -9999 -9999 -9999 -9999 -9999 -9999 -9999 -9999 -9999 -9999 -9999 -9999 0.724309490985291 0.643385970440308 0.665863963198709 0.677930852383323 0.670875097448194 0.637868738529296 0.592112089524582 0.52977944054156 0.492169214267958 0.510904854235009 0.53331791071469 0.557940953958183 0.608287309302505 0.655194886299104 0.687911266145923 0.69849064612984 0.692954462594029 0.670364195454067 0.649543102259449 0.642371484654219 0.640369058534816 0.642899593747962 0.649868947284251 0.654748270322116 0.645507652319138 0.637460489602809 0.63067115346282
-9999 -9999 -9999 -9999 -9999 -9999 -9999 -9999 -9999 -9999 -9999 -9999 -9999 -9999 -9999 -9999 -9999 -9999 -9999 -9999 -9999 -9999 -9999 -9999 -9999 -9999 -9999 -9999 -9999 -9999 -9999 -9999 0.687059639150669 0.684175541901211 0.675994065280081 0.657360504785394 0.633591530044761 0.565257917229409 0.517946802163374 0.519345650629979 0.544125747026013 0.58295707973646 0.596826560093219 0.619751261429615 0.672664764751098 0.691336569991127 0.685080685667415 0.66224529030412 0.640715732045905 0.630941708281565 0.627984700393912 0.631005662070192 0.639315343920724 0.645617095375721 0.637469458837378 0.632138917689299 0.629777417350377
