layers/veg/veg_1500.asc
NCOLS 255 
NROWS 330 
XLLCORNER -2985163.8955 
YLLCORNER -3022031.214 
CELLSIZE 25000 
NODATA_value -9999 
[rows 75 to 99 of 330, columns 0 to 56 of 255]
-9999 -9999 -9999 -9999 -9999 -9999 -9999 -9999 -9999 -9999 -9999 -9999 -9999 -9999 -9999 -9999 -9999 -9999 -9999 -9999 -9999 -9999 -9999 -9999 -9999 0.73695151684501 0.752101215157974 0.767250913470939 0.778736429890673 0.786314275263009 0.772868355198217 0.726340003206046 0.638434081585403 0.485959888300791 0.327734234624433 0.334082775517677 0.360912105913725 0.418670856444521 0.511978548354339 0.61571532978406 0.617296236131287 0.61648629769497 0.611283926499093 0.607592671863776 0.604644054122551 0.598042991577217 0.609973337147928 0.663921072611954 0.691755077292277 0.70389211985997 0.716097072213256 0.727636642985798 0.737276841681693 0.74629489140798 0.754859921385718 0.76844231445787 0.782225243895692
-9999 -9999 -9999 -9999 -9999 -9999 -9999 -9999 -9999 -9999 -9999 -9999 -9999 -9999 -9999 -9999 -9999 -9999 -9999 -9999 -9999 -9999 -9999 -9999 -9999 0.71783978216258 0.743280893374211 0.768722004585842 0.787851943467098 0.802380668705123 0.795432112994251 0.757433444649553 0.680599112702545 0.517822308600082 0.343548200111 0.344356292395762 0.376327606115165 0.455360600165405 0.54820926779696 0.643250134293273 0.64640703361219 0.644438339138418 0.633052962225805 0.6250320404099 0.618664577068706 0.611189183555794 0.621376509507665 0.671549223294821 0.697093028245596 0.707832397473174 0.717877254843901 0.727704787448226 0.737035770961773 0.74739967140093 0.758515693580648 0.769362394289135 0.779452115999404
-9999 -9999 -9999 -9999 -9999 -9999 -9999 -9999 -9999 -9999 -9999 -9999 -9999 -9999 -9999 -9999 -9999 -9999 -9999 -9999 -9999 -9999 -9999 -9999 -9999 0.742887418301071 0.758306230602861 0.77372504290465 0.794825694183095 0.813547381046188 0.806480229882547 0.779482033884244 0.727555253517514 0.558112188992063 0.368164725647083 0.362877474774058 0.400798605247543 0.503971623585289 0.593911401944969 0.675696335905379 0.675702913408579 0.671748999472239 0.660518915847795 0.652494558356904 0.646045652132495 0.634331278000899 0.640041816576343 0.685309042954826 0.706869917511627 0.71418090531514 0.720701255197311 0.727627010155387 0.735839462895449 0.745174476499336 0.755326886362157 0.763923084660164 0.771747372869824
-9999 -9999 -9999 -9999 -9999 -9999 -9999 -9999 -9999 -9999 -9999 -9999 -9999 -9999 -9999 -9999 -9999 -9999 -9999 -9999 -9999 -9999 -9999 -9999 -9999 0.793651123869959 0.787218011668393 0.780784899466826 0.800552196095535 0.821860779650234 0.810822249840255 0.796263382144584 0.777301481857454 0.603309774019249 0.397907394087615 0.386201658977318 0.430543045439109 0.559524966398308 0.64512918438325 0.711002674030989 0.705106575303918 0.698686153552689 0.691302451523396 0.685794025542827 0.681207202313985 0.663294454519185 0.662936204741882 0.702639620581008 0.719231808414342 0.721931838386812 0.724133119488369 0.727464255791541 0.734086875392487 0.741010081287645 0.74815216004778 0.754780404764495 0.761170719262678
-9999 -9999 -9999 -9999 -9999 -9999 -9999 -9999 -9999 -9999 -9999 -9999 -9999 -9999 -9999 -9999 -9999 -9999 -9999 -9999 -9999 -9999 -9999 -9999 -9999 0.78991565879362 0.794696446639993 0.799477234486367 0.81159106764423 0.820385292310891 0.794171191248785 0.730820012532496 0.621019950620222 0.514327509076372 0.420904687816516 0.468265741047772 0.526217923652411 0.600164484308048 0.66083695223102 0.714186520842113 0.709539595921602 0.703098921282364 0.693362790124485 0.686717786313419 0.681591914296681 0.670199137309558 0.666745728297171 0.681417304854809 0.700282722462345 0.721669057690267 0.728012269967912 0.732205690570243 0.73289919557026 0.735610715049408 0.739791658181988 0.743397171099846 0.747391457311862
-9999 -9999 -9999 -9999 -9999 -9999 -9999 -9999 -9999 -9999 -9999 -9999 -9999 -9999 -9999 -9999 -9999 -9999 -9999 -9999 -9999 -9999 -9999 -9999 -9999 -9999 -9999 0.816342661705702 0.816342661705702 0.754225243970104 0.756773432508629 0.675799890472207 0.490362256136234 0.440516511373161 0.44045643972757 0.526365276471397 0.592101369975696 0.627373244762242 0.667889619757879 0.708975226534565 0.70780821935759 0.702982516173715 0.691435098427445 0.683980067974513 0.678536237629018 0.672083053190067 0.666143638365184 0.661392989746223 0.681350120623016 0.71615909637194 0.725469289164016 0.730576909059014 0.728167367388205 0.728812413576799 0.731681667618461 0.734047408312435 0.737080392248827
-9999 -9999 -9999 -9999 -9999 -9999 -9999 -9999 -9999 -9999 -9999 -9999 -9999 -9999 -9999 -9999 -9999 -9999 -9999 -9999 -9999 -9999 -9999 -9999 -9999 -9999 -9999 -9999 -9999 0.753663665142714 0.751764436180827 0.661063861485509 0.45929576085217 0.42742405389294 0.451568086880655 0.510575506780765 0.567148962754287 0.62004672581236 0.6564095519312 0.685454230258377 0.692831251173845 0.69373464611485 0.682744769272144 0.675896505525089 0.671083633862379 0.66342601314807 0.656236753954356 0.650181774625277 0.666963021953528 0.697471123847473 0.705323406365836 0.710846390261457 0.713675399504767 0.71837117857257 0.724426252018083 0.73057302806745 0.736701176234296
-9999 -9999 -9999 -9999 -9999 -9999 -9999 -9999 -9999 -9999 -9999 -9999 -9999 -9999 -9999 -9999 -9999 -9999 -9999 -9999 -9999 -9999 -9999 -9999 -9999 -9999 -9999 -9999 -9999 0.752992408965835 0.712636930020894 0.625514227859284 0.479897820058807 0.45392840363683 0.469861970991603 0.53844241160765 0.594210706620361 0.630630517330798 0.658379059555509 0.682153224737938 0.690734421582732 0.692860340024303 0.683126694630718 0.676283214641404 0.670860103877907 0.662181614293871 0.654038461467581 0.647191890156595 0.661770771596857 0.689228491486822 0.695792719045266 0.700900224953542 0.705484730260909 0.711103796759282 0.717476182275288 0.724532193681062 0.731436323875874
-9999 -9999 -9999 -9999 -9999 -9999 -9999 -9999 -9999 -9999 -9999 -9999 -9999 -9999 -9999 -9999 -9999 -9999 -9999 -9999 -9999 -9999 -9999 -9999 -9999 -9999 -9999 -9999 -9999 0.745639366740477 0.6470515487554 0.575263404171203 0.53699472256359 0.508401007747325 0.493228855787222 0.597145160617513 0.658011397645589 0.653864826759122 0.669848351978302 0.693134124360672 0.697735168733023 0.697900499857623 0.689916589209805 0.682652696771817 0.675742656644759 0.666172956621916 0.657284947862093 0.650008945262943 0.663073081648045 0.688363674438247 0.693759820260743 0.697865002885629 0.701744832065188 0.706078189967504 0.710741786249982 0.716678606012806 0.722720619552662
-9999 -9999 -9999 -9999 -9999 -9999 -9999 -9999 -9999 -9999 -9999 -9999 -9999 -9999 -9999 -9999 -9999 -9999 -9999 -9999 -9999 -9999 -9999 -9999 -9999 -9999 -9999 0.716919611757967 0.723853692693817 0.723600286501706 0.662229771693334 0.614002395268795 0.582213687102003 0.563047777327091 0.554067312523318 0.616618610647654 0.65317139926153 0.650462086997112 0.66481455827513 0.68489453185939 0.676191178279123 0.671491848447251 0.674148665364659 0.676241784974973 0.678057876043431 0.671977491969137 0.665462898617859 0.658173568087894 0.660884120248161 0.669605601333884 0.686167590777459 0.70016133815517 0.70551462039315 0.711025949094733 0.716652359830842 0.715875729622553 0.715881266452121
-9999 -9999 -9999 -9999 -9999 -9999 -9999 -9999 -9999 -9999 -9999 -9999 -9999 -9999 -9999 -9999 -9999 -9999 -9999 -9999 -9999 -9999 -9999 -9999 -9999 0.716664525346597 0.717014401759254 0.717364278171912 0.712068675157559 0.702661892688106 0.674075777506676 0.644560278756968 0.61388236143439 0.596010101713181 0.585516158636723 0.613773456143033 0.633700051371278 0.641045891802911 0.655975789560353 0.672752982199286 0.657146206929255 0.650879663262431 0.6617728865358 0.671022896386707 0.679465350457842 0.675873195922492 0.671198504631052 0.664391193940389 0.658682556141049 0.653634330555196 0.67653778200795 0.696177505370666 0.70172926171158 0.70996922641121 0.720166618566635 0.715948601585677 0.712542355057307
-9999 -9999 -9999 -9999 -9999 -9999 -9999 -9999 -9999 -9999 -9999 -9999 -9999 -9999 -9999 -9999 -9999 -9999 -9999 -9999 -9999 -9999 -9999 -9999 -9999 0.71596618830511 0.717685933882523 0.719405679459935 0.708783437344003 0.691035386690111 0.644241665883719 0.613399153516769 0.602507479084291 0.552962411350225 0.50011046294941 0.547338605910452 0.588490563093004 0.620466462744475 0.639943009880168 0.654087480976025 0.657460037812176 0.662253989476504 0.669659311502689 0.674727694696329 0.678647591372397 0.672409874711167 0.666547894143912 0.661802843256734 0.657734121872128 0.654071942113668 0.661837478579115 0.668217606628825 0.668693148355998 0.684177193269675 0.710589727454802 0.716468735539837 0.720765814470541
-9999 -9999 -9999 -9999 -9999 -9999 -9999 -9999 -9999 -9999 -9999 -9999 -9999 -9999 -9999 -9999 -9999 -9999 -9999 -9999 -9999 -9999 -9999 -9999 -9999 0.714737258502723 0.711627577406074 0.708517896309426 0.701914543432839 0.687468199041175 0.624487762666609 0.587414581327394 0.582744678304023 0.530357609644122 0.471826437887646 0.513245386712625 0.556999545925981 0.604280263683149 0.632761925437536 0.653337834386796 0.660901059915187 0.667852192786514 0.673678796011549 0.675495437486636 0.675341386814514 0.669006156602609 0.663314400985314 0.659240745596374 0.65601219395174 0.653291634120515 0.653546809341723 0.653578069267897 0.652460001822067 0.665425255717358 0.688645324784443 0.705688852372096 0.720242362212612
-9999 -9999 -9999 -9999 -9999 -9999 -9999 -9999 -9999 -9999 -9999 -9999 -9999 -9999 -9999 -9999 -9999 -9999 -9999 -9999 -9999 -9999 -9999 -9999 -9999 0.713056590154677 0.699839496906806 0.686622403658935 0.691994579637273 0.69076259153104 0.613315994413877 0.565837247078322 0.555840532311473 0.525157570067055 0.492174927845596 0.506687336564218 0.537188224836807 0.591834393318089 0.633117038673926 0.667841471884655 0.667004524700896 0.668532693571172 0.674406026672686 0.67376261621618 0.669916557915136 0.665653183662369 0.661287419803877 0.656700999357737 0.65363172538976 0.651474408084898 0.650713204431627 0.650279283461172 0.650532643746013 0.652667147665011 0.656171412296885 0.685288307791868 0.712271923398343
-9999 -9999 -9999 -9999 -9999 -9999 -9999 -9999 -9999 -9999 -9999 -9999 -9999 -9999 -9999 -9999 -9999 -9999 -9999 -9999 -9999 -9999 -9999 -9999 -9999 0.719994296109935 0.711312272687753 0.702630249265572 0.701218603723691 0.691925277931753 0.616159298105943 0.555454698991205 0.513587993367528 0.49362518616496 0.483831451852424 0.512264121432992 0.544853301247945 0.583719507215433 0.610651546937168 0.632457882275161 0.643005519578143 0.652077406181539 0.658438060436259 0.657635903586109 0.653313589568255 0.652678200741936 0.651465227636493 0.648848760239893 0.647049918494539 0.64574255148239 0.644256041681239 0.643595878870364 0.645310952357748 0.648571082408469 0.65295625030383 0.669953650504239 0.689109384133061
-9999 -9999 -9999 -9999 -9999 -9999 -9999 -9999 -9999 -9999 -9999 -9999 -9999 -9999 -9999 -9999 -9999 -9999 -9999 -9999 -9999 -9999 -9999 -9999 -9999 0.725276185477137 0.723729551137536 0.722182916797936 0.712726468497311 0.694457106903055 0.628192071800031 0.561167286267301 0.493192249363255 0.472297928908568 0.470763231000337 0.522803150208088 0.562056983153815 0.582001685764351 0.588349892275298 0.590076806119228 0.613141101277967 0.630692728085748 0.638116543492305 0.637998346641119 0.634173634551808 0.639411959182711 0.643159858041589 0.643297963206141 0.642576220655705 0.641337623691912 0.639137755689559 0.638178921720148 0.640906883951643 0.646414210069994 0.653945338831519 0.656505103361765 0.665354979735035
-9999 -9999 -9999 -9999 -9999 -9999 -9999 -9999 -9999 -9999 -9999 -9999 -9999 -9999 -9999 -9999 -9999 -9999 -9999 -9999 -9999 -9999 -9999 -9999 -9999 0.716155838656926 0.722587257396399 0.729018676135873 0.720118531681047 0.705037949541774 0.67236103225031 0.633484131496521 0.58685265429651 0.519035798641816 0.457776539066555 0.547166297096851 0.602626518458881 0.606847460473482 0.584449814336245 0.553530158618821 0.579114851043509 0.599502227735693 0.610341155259473 0.613068706556864 0.611809929198475 0.632219680132475 0.647970702906846 0.65261338016849 0.651206087359799 0.646162157880417 0.643079858266558 0.641299048203267 0.642871574326677 0.646630417944749 0.651981235591642 0.647960511192896 0.650573511096206
-9999 -9999 -9999 -9999 -9999 -9999 -9999 -9999 -9999 -9999 -9999 -9999 -9999 -9999 -9999 -9999 -9999 -9999 -9999 -9999 -9999 -9999 -9999 -9999 -9999 0.712383204949697 0.721201485661452 0.730019766373207 0.724516947146234 0.714999176447812 0.701210297183683 0.675739050007234 0.635656180783814 0.548767852614434 0.461793727308223 0.540854713311687 0.59537600143148 0.612838238398979 0.592362772449875 0.558448758363908 0.568818454016604 0.577709278795027 0.583883138875441 0.596567207844287 0.612450713200096 0.634920381562967 0.652355651991859 0.658229115060845 0.655305871727483 0.647094928667976 0.643374156517615 0.640523801243673 0.639367022565719 0.641465946896701 0.645935521715746 0.639820158687082 0.637133076709887
-9999 -9999 -9999 -9999 -9999 -9999 -9999 -9999 -9999 -9999 -9999 -9999 -9999 -9999 -9999 -9999 -9999 -9999 -9999 -9999 -9999 -9999 -9999 -9999 -9999 0.714083412310785 0.719566538936075 0.725049665561366 0.725851668312196 0.724326289601533 0.714381410165439 0.687228640673734 0.638553249432269 0.561096181867972 0.483212659394185 0.503150659091973 0.53918651913709 0.599532842696555 0.612365172813811 0.60580282598816 0.58280715090472 0.565533768974279 0.558773318739793 0.588691055565592 0.636634254907202 0.647745543434599 0.656304740014827 0.660058601225083 0.654769577059184 0.644044874999761 0.639935297641053 0.63576203531732 0.630265257128181 0.630794897623159 0.635712694026573 0.632093504407532 0.625065054638159
-9999 -9999 -9999 -9999 -9999 -9999 -9999 -9999 -9999 -9999 -9999 -9999 -9999 -9999 -9999 -9999 -9999 -9999 -9999 -9999 -9999 -9999 -9999 -9999 -9999 0.715214953944909 0.715412697025529 0.715610440106149 0.717095159739602 0.718458802693765 0.716871885392939 0.701342702864517 0.668375350992924 0.58640181065997 0.498397300705028 0.516237393505833 0.539257707915627 0.570101023997966 0.571624037452156 0.561949295202485 0.563738096093307 0.566369785480283 0.570550019996015 0.595482798680069 0.630614396798655 0.644522181285767 0.654807476498056 0.657455815988323 0.648418485624837 0.632356899766247 0.631175352361821 0.631119798986078 0.631687895646875 0.62858437956608 0.622807367004204 0.613334295810997 0.601338474287192
-9999 -9999 -9999 -9999 -9999 -9999 -9999 -9999 -9999 -9999 -9999 -9999 -9999 -9999 -9999 -9999 -9999 -9999 -9999 -9999 -9999 -9999 -9999 -9999 -9999 -9999 -9999 0.705583665555233 0.707415109033713 0.710103215816974 0.715712396836774 0.712747523857017 0.699058725951073 0.615957418449877 0.521159034482863 0.540172155830367 0.547037833732629 0.535558838846301 0.520056228371234 0.504656005348877 0.536789222697254 0.564899650303551 0.585619454491067 0.604933060882264 0.623555592613046 0.642589754132713 0.655725254641332 0.655506097617862 0.642143692491621 0.620880881666363 0.622153471928208 0.625815242876464 0.632361673372711 0.62553407739069 0.608968141544417 0.593048433707543 0.577046531247254
-9999 -9999 -9999 -9999 -9999 -9999 -9999 -9999 -9999 -9999 -9999 -9999 -9999 -9999 -9999 -9999 -9999 -9999 -9999 -9999 -9999 -9999 -9999 -9999 -9999 -9999 -9999 -9999 0.707142495581044 0.708585475574072 0.706667771427933 0.702014679740072 0.693940325409944 0.653859689602262 0.604128069253757 0.558148229422797 0.51946068214055 0.491785717159085 0.489949162684414 0.498391340514758 0.50824908353308 0.527953230574563 0.565747078751337 0.609496063212867 0.656171694122353 0.674042628261267 0.681171400530427 0.664756456938875 0.64535191713204 0.624150331207509 0.619594576347338 0.615904435567284 0.611794202656577 0.603820556722582 0.593033754323116 0.579596199489429 0.566972073881083
-9999 -9999 -9999 -9999 -9999 -9999 -9999 -9999 -9999 -9999 -9999 -9999 -9999 -9999 -9999 -9999 -9999 -9999 -9999 -9999 -9999 -9999 -9999 -9999 -9999 -9999 -9999 -9999 -9999 0.707748138013874 0.701677849991664 0.698391709482771 0.698587817734822 0.681603608255772 0.653891068400555 0.564696066123507 0.499925889346593 0.472041287195992 0.475352067312767 0.49051111398158 0.491633937531425 0.505816959313391 0.543994028285681 0.611706943015552 0.693935222959659 0.700921346651798 0.697031302334764 0.670514792977044 0.646054318716232 0.622829727037106 0.613306808200463 0.604309192061592 0.594434685266686 0.586774264858541 0.580726038486209 0.568290126921126 0.556935533791417
-9999 -9999 -9999 -9999 -9999 -9999 -9999 -9999 -9999 -9999 -9999 -9999 -9999 -9999 -9999 -9999 -9999 -9999 -9999 -9999 -9999 -9999 -9999 -9999 -9999 -9999 -9999 -9999 -9999 0.707748138013874 0.701677849991664 0.703518505477555 0.715253706097003 0.696846150425525 0.662789059868611 0.557179743114777 0.490288425392516 0.48186776665829 0.479842316880507 0.480642696446473 0.48969428434294 0.50190679723646 0.519926525472078 0.61102318323365 0.738033433228549 0.722170880291878 0.701093892874108 0.671975670568706 0.643672929160962 0.615860373275162 0.6024301030372 0.590640997153811 0.581023035631745 0.575471698113502 0.572881485781731 0.559625228183155 0.54694565659801
-9999 -9999 -9999 -9999 -9999 -9999 -9999 -9999 -9999 -9999 -9999 -9999 -9999 -9999 -9999 -9999 -9999 -9999 -9999 -9999 -9999 -9999 -9999 -9999 -9999 -9999 -9999 -9999 -9999 -9999 -9999 -9999 0.722578093015814 0.709058376951701 0.6869221405373 0.614411221511265 0.56067472057027 0.535290733318166 0.51007679096549 0.487095906549319 0.524844212387916 0.543455516655307 0.526908539967088 0.597368501915027 0.710587946724643 0.711217971404279 0.697385533401346 0.653795284787068 0.61999930882899 0.592090669616418 0.580602163635179 0.570970535194771 0.563769950087024 0.558039687993248 0.553380046272741 0.545307838198095 0.535313679296184
