layers/veg/veg_5600.asc
NCOLS 255 
NROWS 330 
XLLCORNER -2985163.8955 
YLLCORNER -3022031.214 
CELLSIZE 25000 
NODATA_value -9999 
[rows 175 to 199 of 330, columns 57 to 113 of 255]
-9999 -9999 -9999 -9999 -9999 -9999 -9999 -9999 -9999 -9999 -9999 -9999 -9999 -9999 -9999 -9999 -9999 -9999 -9999 -9999 -9999 -9999 0.14956598735184 0.154060523312038 0.167715448387642 0.144347789537513 0.0936498627180333 0.0535894502191454 0.020154825778831 0.00670342996353432 0.000255627991936429 3.38413053639961e-05 0.00331616236901908 0.00593459005667672 0.00202132196127585 0 0 0 0.00338386267425384 0.0316949923757057 0.0876370051305666 0.179097023706422 0.233927439175249 0.273152832838046 0.265108867850176 0.270143906288798 0.295495999086941 0.317878837713815 0.338502683138847 0.340015841217738 0.341271672985313 0.342040500153901 0.34720417191706 0.35459431175164 0.3577003260559 0.359175131656712 0.357025898326833
-9999 -9999 -9999 -9999 -9999 -9999 -9999 -9999 -9999 -9999 -9999 -9999 -9999 -9999 -9999 -9999 -9999 -9999 -9999 -9999 -9999 -9999 0.143891129078247 0.134041339722962 0.155100021670082 0.132384949975297 0.0773558609915649 0.0340469155663391 0.000870325525139522 0.000278513806970749 0 0 0.00116735321665159 0.00208909034638716 0.000711544378956885 0 0 0.00223059729853321 0.00762618732965466 0.0322671647152406 0.0905770661598659 0.192166548586542 0.233269636405614 0.254971355891426 0.278753697854146 0.298027127454215 0.310296367622792 0.322866454656359 0.335279835429035 0.337867782606835 0.340230215924877 0.342165851507872 0.345213741440335 0.34882510949884 0.35417909173034 0.357602745283289 0.356442358697776
-9999 -9999 -9999 -9999 -9999 -9999 -9999 -9999 -9999 -9999 -9999 -9999 -9999 -9999 -9999 -9999 -9999 -9999 -9999 -9999 -9999 -9999 0.169219614751116 0.172873481164688 0.16857032520353 0.134132403296598 0.0774488372135643 0.0336780111837321 0.000327484503437111 0.000104798668017433 0 0 0.000439249542209596 0.000786079110585874 0.000267738622946635 0 0 0.0305758360227939 0.0645956344142084 0.0682019132662687 0.102269392451699 0.175493097251195 0.226790429396495 0.26909850360213 0.287539770252525 0.302443407438726 0.311851655734495 0.32128699050595 0.330654959310326 0.337268067632817 0.341820526545824 0.342473089897483 0.345001590130499 0.348480456976137 0.351785044637673 0.354062023269956 0.353946483284439
-9999 -9999 -9999 -9999 -9999 -9999 -9999 -9999 -9999 -9999 -9999 -9999 -9999 -9999 -9999 -9999 -9999 -9999 -9999 -9999 -9999 -9999 0.219322210163613 0.207548329179873 0.184906919775046 0.142879163485823 0.0865403030240721 0.0379803429343442 0.000364205684619543 0.000116549852685885 0 0 0.00113488624690259 0.00203098759555597 0.000691754576267232 0 0 0.0496738614210711 0.103208944075893 0.0945612149121549 0.113303592093383 0.167254469658681 0.223628247768332 0.277507386710083 0.290124751986952 0.301944502571081 0.312525230536901 0.320667647584651 0.327861412668397 0.336773151079722 0.342633337024611 0.342718287325679 0.345332543750562 0.349228169563223 0.350702632896074 0.351839599526759 0.352293316357683
-9999 -9999 -9999 -9999 -9999 -9999 -9999 -9999 -9999 -9999 -9999 -9999 -9999 -9999 -9999 -9999 -9999 -9999 -9999 -9999 -9999 -9999 0.236255361674014 0.235901338485926 0.205602174603835 0.16226950461938 0.109315431248487 0.0493860466090892 0.00128224516418218 0.000410332653507965 0 0 0.00399555104008838 0.0071504211298516 0.00243543414525815 0 0 0.0547099996351115 0.113908770563845 0.10635949699765 0.12333700345636 0.171842359170231 0.225510141046842 0.277220721343171 0.283279969936142 0.293971262198871 0.311858017293539 0.32150832466408 0.327852699423496 0.336437597517416 0.342263832475143 0.342869141412866 0.346489376474334 0.35163700041333 0.351614775371339 0.35162186204918 0.351921624319608
-9999 -9999 -9999 -9999 -9999 -9999 -9999 -9999 -9999 -9999 -9999 -9999 -9999 -9999 -9999 -9999 -9999 -9999 -9999 -9999 -9999 -9999 0.25899181675801 0.250194881014007 0.217871377096376 0.172721438075555 0.118102956579016 0.05318356065639 0.000887950113884672 0.000284153870562954 0 0 0.0027669045672255 0.0049516406331114 0.00168652929022342 0 0 0.0322872797018628 0.0716031800012771 0.103789579386142 0.138201401672175 0.175473884741472 0.208601968118569 0.240485104123779 0.273572963068054 0.300164964195654 0.316666235007685 0.32470997188817 0.329254811069613 0.332440199370634 0.336428992453065 0.34193827452628 0.346614769980529 0.350869368191875 0.351897142925005 0.351895075848642 0.349627663529277
-9999 -9999 -9999 -9999 -9999 -9999 -9999 -9999 -9999 -9999 -9999 -9999 -9999 -9999 -9999 -9999 -9999 -9999 -9999 -9999 -9999 -9999 0.26908696852092 0.258878094513163 0.22714976672049 0.179616063757836 0.120414748949982 0.0537059169156376 0.000340771424544607 0.000109050629925566 9.00963571643063e-05 0.00026028606487817 0.000232553172754831 0.000161994291356733 5.51752716857491e-05 0 0 0 0.0101168787887322 0.094759872649239 0.153506762010152 0.178965609560031 0.1858201096078 0.191878603891194 0.263664226603132 0.311903323309774 0.323565011690455 0.328808415780079 0.331249423134618 0.32749161148781 0.329112651326094 0.34091347183706 0.346491373364079 0.348916687778936 0.351875448012976 0.352284917511687 0.346717144446029
-9999 -9999 -9999 -9999 -9999 -9999 -9999 -9999 -9999 -9999 -9999 -9999 -9999 -9999 -9999 -9999 -9999 -9999 -9999 -9999 -9999 -9999 0.272288110984554 0.267582420914846 0.247405193582366 0.186804445806376 0.0963628406714843 0.0471818518359842 0.0107378540545653 0.00343623222006944 0.00283897493861511 0.00820172577801648 0.00732785042731955 0.00510450974751149 0.00173859652573366 0 0 0 0.00686695552653358 0.0643194254642099 0.124928512443047 0.189595259910904 0.211001885081709 0.222232088200128 0.281512004896107 0.320416777330627 0.327670597468232 0.33156556289491 0.334113091034747 0.337600110412568 0.34244416161287 0.349856472293287 0.351173772673222 0.349403285638382 0.350297866779574 0.350334355070195 0.348251103711766
-9999 -9999 -9999 -9999 -9999 -9999 -9999 -9999 -9999 -9999 -9999 -9999 -9999 -9999 -9999 -9999 -9999 -9999 -9999 -9999 -9999 -9999 0.281432359363221 0.276136704173897 0.262876012528001 0.196471872024246 0.0908369554889088 0.0474850389448535 0.016753136650309 0.00536118927045229 0.00365922415875453 0.0105714047356254 0.00944504544603966 0.00657932732432068 0.00224091953851298 0 0 0.00234323572236249 0.00833287562398605 0.0369087253038416 0.0942437613387452 0.188547176067562 0.228740403168774 0.253330469912422 0.30184488112047 0.332901924193375 0.336840517502944 0.340297596284604 0.343602003413394 0.348463077539896 0.352563279576224 0.355223488145657 0.353487708460668 0.349524881315822 0.348751131041872 0.348584166390313 0.349696096721815
-9999 -9999 -9999 -9999 -9999 -9999 -9999 -9999 -9999 -9999 -9999 -9999 -9999 -9999 -9999 -9999 -9999 -9999 -9999 -9999 -9999 -9999 0.28629272879566 0.284413317102637 0.269492420420827 0.210727025486975 0.119595389217458 0.0604227612751273 0.0146594457765662 0.00469118500305758 0.00091034557730369 0.00262996502248702 0.00234974819147486 0.00163681186816586 0.00055749828446505 0 0 0.00902287113360903 0.0185259508609988 0.0151048848929012 0.0596607116026181 0.165888239144698 0.232704404800425 0.285807361194776 0.32677668770155 0.352737098814563 0.355382511071103 0.360086773749121 0.36535161488486 0.360722265989595 0.356737533803113 0.353972775198641 0.351418557911301 0.348971002761886 0.347261478079361 0.347204790048781 0.350976448488217
-9999 -9999 -9999 -9999 -9999 -9999 -9999 -9999 -9999 -9999 -9999 -9999 -9999 -9999 -9999 -9999 -9999 -9999 -9999 -9999 -9999 -9999 0.272308123466373 0.270478244438366 0.255897457246739 0.199248398893155 0.111544319469999 0.0530244815474143 0.0084125194360183 0.00269209938886404 0 0 0 0 0 0.00782247624981874 0.0240023484899996 0.0367979984575702 0.0473868949921957 0.0478939955379182 0.0975254221592668 0.210303513189926 0.274337377290634 0.32095622799142 0.346848760609997 0.363904443907982 0.367232877341523 0.370665770660444 0.373850588506 0.366822895560467 0.362473588316715 0.363193277507711 0.363563394406052 0.363756414815198 0.354151036310223 0.348172454805312 0.351089551782617
-9999 -9999 -9999 -9999 -9999 -9999 -9999 -9999 -9999 -9999 -9999 -9999 -9999 -9999 -9999 -9999 -9999 -9999 -9999 -9999 -9999 -9999 0.258193733732661 0.245545104457138 0.232294878098116 0.175027747647647 0.085267104955738 0.0355568750837828 0.000109127679740307 3.49220661148427e-05 0 0 0 0 0 0.0195182344268711 0.0598894070958825 0.0750185122502361 0.0854911933885442 0.107714685944432 0.171262482039707 0.28793043541781 0.334622057933656 0.357428117592991 0.364514547068445 0.370779932256034 0.375769899058585 0.376684366907837 0.375788537910392 0.369874128234327 0.368982964810632 0.377598579043049 0.382746255354145 0.386137042908575 0.365189542552339 0.350302251804534 0.350624694560831
-9999 -9999 -9999 -9999 -9999 -9999 -9999 -9999 -9999 -9999 -9999 -9999 -9999 -9999 -9999 -9999 -9999 -9999 -9999 -9999 -9999 0.3670171221333 0.31832244502814 0.272786617325459 0.245461812781049 0.169397678282767 0.0573539117048308 0.0212882518744117 0 0 0 0 0.0433676245096643 0.0816327474647719 0.0547683643533952 0.0677532483479525 0.123312388178406 0.140815363977013 0.153018970517799 0.195615562791726 0.250659339341031 0.321703298102873 0.348150484224261 0.35978819980636 0.366606714005014 0.372643173041277 0.377464779788852 0.379919456792448 0.381257603973379 0.37739277734512 0.376424447203187 0.380937900492481 0.383525043575242 0.385136300462665 0.376866200007223 0.370478377181591 0.368915342453412
-9999 -9999 -9999 -9999 -9999 -9999 -9999 -9999 -9999 -9999 -9999 -9999 -9999 -9999 -9999 -9999 -9999 -9999 -9999 -9999 0.369846372678905 0.368443877598029 0.332436483458393 0.294834819053791 0.259091958046021 0.167317757395095 0.0341809244059975 0.00936801479951829 0 0 0 0 0.0749833023125513 0.142403265514837 0.103564023193438 0.111745465768175 0.170162980766161 0.193609949833706 0.212178303705314 0.258609635219092 0.302269831190538 0.342367882291946 0.355323672405046 0.35974644051397 0.367280441675863 0.373925858013425 0.379190937823023 0.382656151910595 0.385246720873478 0.382981442573085 0.381891856653717 0.383027335064636 0.3823510990746 0.380757032162112 0.383267016092801 0.384272296771343 0.38158521029199
-9999 -9999 -9999 -9999 -9999 -9999 -9999 -9999 -9999 -9999 -9999 -9999 -9999 -9999 -9999 -9999 -9999 -9999 -9999 -9999 0.371471556922282 0.372685160997875 0.338484535797274 0.303458459630024 0.27266175368592 0.172767452592915 0.0218649399918871 0.00270479857448654 0 0 0 0 0.0784886091115483 0.153130773731899 0.137079404497699 0.144954966386913 0.178393640498698 0.215922999149773 0.25136479697939 0.263965378874595 0.290357554275129 0.33447807724444 0.349427038585605 0.355264395210256 0.365193092990823 0.374037104769358 0.381196154494771 0.384341058606705 0.385754444200756 0.384034238387357 0.382830219795167 0.382603114715558 0.377283868811111 0.36938489825026 0.377619916109871 0.382967302524479 0.380870627532982
-9999 -9999 -9999 -9999 -9999 -9999 -9999 -9999 -9999 -9999 -9999 -9999 -9999 -9999 -9999 -9999 -9999 -9999 -9999 -9999 0.36478392326901 0.366426540688356 0.325827418170538 0.285453065734008 0.25361468543908 0.161779271746452 0.025653729536198 0.00522032738347102 0 0 0 0 0.0598634471392544 0.124355891461625 0.15782541102934 0.189438421673522 0.219067970848716 0.251936589400547 0.277780283671728 0.24596532521785 0.255228442183519 0.317295203500565 0.339363447088713 0.348497226854608 0.357689104898115 0.367552208027142 0.378457998898139 0.383389316570287 0.38580321456309 0.385649512261308 0.385242658895174 0.384356702821091 0.37895591473981 0.371267871877262 0.375224745660698 0.37874423987791 0.380737155448911
-9999 -9999 -9999 -9999 -9999 -9999 -9999 -9999 -9999 -9999 -9999 -9999 -9999 -9999 -9999 -9999 -9999 -9999 -9999 -9999 0.360104631182749 0.354214876731262 0.301846877963026 0.251327432845157 0.214822566293043 0.140840204748087 0.0391917574693773 0.0132923311655472 0 0 0 0 0.0278413125509057 0.0716677134949641 0.170841307280857 0.240746714857647 0.279382507256662 0.296243983710527 0.29646467224666 0.213826530070721 0.206044711172561 0.294486647439201 0.326777332527624 0.340346728969547 0.346906082340953 0.357074248384654 0.37284838002416 0.380841444274139 0.385574151664549 0.387605289684484 0.388547449415969 0.387428656142065 0.384707670842379 0.381175000552946 0.374798173859992 0.372754685845793 0.380955466414692
-9999 -9999 -9999 -9999 -9999 -9999 -9999 -9999 -9999 -9999 -9999 -9999 -9999 -9999 -9999 -9999 -9999 -9999 -9999 -9999 0.343670036481004 0.34303111712254 0.282148064428789 0.217094781319945 0.151251119221394 0.0855433972209944 0.0199360269226188 0.0060662945495169 0 0 0.0171706476488719 0.0496055606308693 0.0529529841547313 0.0661317280455612 0.155323519517043 0.222328264885809 0.265628760575183 0.290000862117045 0.3011182615232 0.249128285041298 0.235168037498975 0.270092949769889 0.311452600525194 0.352366201238656 0.361467545478447 0.372400242695702 0.386177781892222 0.390819248714526 0.391670448591898 0.390678900351369 0.389697340122484 0.388734682770577 0.386673307256244 0.38405531117081 0.381209345551996 0.380339968545347 0.384096986243702
-9999 -9999 -9999 -9999 -9999 -9999 -9999 -9999 -9999 -9999 -9999 -9999 -9999 -9999 -9999 -9999 -9999 -9999 -9999 -9999 0.344353099697057 0.339197021739905 0.273772500427093 0.198228887910074 0.104726059082867 0.0427777511944317 0.00412315815396869 0 0 0 0.0336763818390392 0.0972902033345562 0.0805083928614438 0.0667681102822654 0.141393170786248 0.202684316080504 0.249729740972327 0.281824870759125 0.30483499899898 0.288196134939727 0.275236805844508 0.267007319947513 0.308477630290797 0.362580212394713 0.373323659333056 0.384075655484409 0.394840932068514 0.397444389830369 0.396647329595769 0.393697007640694 0.39143403009685 0.390471890728651 0.388319455462825 0.385564005515914 0.385506850287643 0.385294508614525 0.384602689966048
-9999 -9999 -9999 -9999 -9999 -9999 -9999 -9999 -9999 -9999 -9999 -9999 -9999 -9999 -9999 -9999 -9999 -9999 -9999 -9999 0.349856486828573 0.353559346860236 0.29702940989171 0.223354246103118 0.111429919932895 0.0420410769308593 0.00405215338135075 0 0 0 0.0451954352715229 0.130568453237543 0.104794731814661 0.0765977143503729 0.137130233519908 0.192057253670297 0.240995457296295 0.277197369677495 0.308391010823482 0.325927646977566 0.332561223302339 0.325179505880055 0.341333429269158 0.364005152027189 0.372886271305508 0.380670255839543 0.386749940320089 0.392226130487568 0.397284897115929 0.396355517237477 0.39523689078587 0.393760104490455 0.38973141395403 0.384409905619007 0.382527959383188 0.380282986560238 0.377040958036268
-9999 -9999 -9999 -9999 -9999 -9999 -9999 -9999 -9999 -9999 -9999 -9999 -9999 -9999 -9999 -9999 -9999 -9999 -9999 -9999 0.40170917210296 0.350691742392921 0.282300416463708 0.210516061144555 0.132180530578713 0.0650798361682252 0.00627275744197822 0.012712136997142 0.0209268183993906 0.00669681365402381 0.0582381952107137 0.16824865215537 0.117556988355078 0.0631861885985854 0.136220685650523 0.190741234315693 0.225481806273751 0.276677613958142 0.327917396179821 0.349459670567833 0.356009389972951 0.343286990780746 0.350363214550708 0.362571903791932 0.358769215801357 0.357810987228309 0.361271370282221 0.365277661800205 0.369432691504888 0.370967755417726 0.371322880178449 0.369444903354393 0.365487472025474 0.360476570212805 0.357866546388416 0.355012203796483 0.351483106251537
-9999 -9999 -9999 -9999 -9999 -9999 -9999 -9999 -9999 -9999 -9999 -9999 -9999 -9999 -9999 -9999 -9999 -9999 -9999 0.433402436747517 0.39371106959199 0.329818897022756 0.239723159812698 0.169846005358737 0.163229108521682 0.105548865057124 0.0101733880685871 0.0347438086180655 0.0571955268903177 0.0183032020500221 0.0723980163921592 0.209156012349475 0.121870698040034 0.0327361024457413 0.137769577978799 0.196251336183642 0.204998058663408 0.279169332638256 0.359151997795797 0.362581750947382 0.354622165693452 0.33202220188186 0.341925648776803 0.359043258000734 0.334623308758027 0.32068967869103 0.323045601411567 0.322398320245895 0.320694034844775 0.325018682970729 0.327089049090164 0.324893059006171 0.322434650652023 0.319843298825748 0.317309221054355 0.314888931504291 0.312731921031234
-9999 -9999 -9999 -9999 -9999 -9999 -9999 -9999 -9999 -9999 -9999 -9999 -9999 -9999 -9999 -9999 -9999 -9999 -9999 -9999 0.399474510092985 0.344859889834792 0.223861296082577 0.129777015403697 0.125784677386747 0.0816453999883037 0.00786943883902969 0.0329752523129236 0.060266909103075 0.0516604132362464 0.11313781035206 0.236917990679182 0.184374052979963 0.127217057040955 0.206943602531068 0.239256238014322 0.220912686284748 0.268923069024577 0.325538402334466 0.324484018693224 0.320588455215582 0.313040708716042 0.321239091446669 0.332731866347671 0.321578796928559 0.31526216606307 0.316458507080545 0.31051531630427 0.302359600000812 0.319082038683848 0.329301694212151 0.327214464811454 0.323847475282403 0.319832147682791 0.316066462553052 0.312488534994261 0.309338305871911
-9999 -9999 -9999 -9999 -9999 -9999 -9999 -9999 -9999 -9999 -9999 -9999 -9999 -9999 -9999 -9999 -9999 -9999 -9999 -9999 0.361464137321653 0.358887986149775 0.215225512231922 0.0989104544302152 0.0878855643515819 0.0561777758307231 0.0092017618952675 0.0377745548816832 0.0712075962783767 0.0891167328430428 0.151178457542404 0.252490700580628 0.235707963284962 0.212263719598465 0.26248080180046 0.271456562535541 0.236370821048382 0.25876902698205 0.290899837553956 0.289850490921603 0.292160810211068 0.298789798344273 0.304399164874354 0.309454746575942 0.311691742262262 0.312940946332136 0.312655705053783 0.303002474661315 0.29062042250574 0.317002573300051 0.333930492281539 0.332965742809552 0.329142124142966 0.323870176452412 0.319270664218158 0.314826608469128 0.310716472499305
-9999 -9999 -9999 -9999 -9999 -9999 -9999 -9999 -9999 -9999 -9999 -9999 -9999 -9999 -9999 -9999 -9999 -9999 -9999 -9999 0.364012744591254 0.365539149394394 0.22170675814682 0.101775154045696 0.0779815983256814 0.0528219274196457 0.0266537830319682 0.0771454927387539 0.125598462237471 0.132290666253109 0.16773328298294 0.228734279168257 0.220573794398993 0.208335810176101 0.23834805028751 0.247502598922089 0.234373156969835 0.254474369020744 0.28057079115784 0.290203959241051 0.29858480197006 0.305355848184991 0.307074697652265 0.307256173353088 0.308657927561874 0.308362307211539 0.30542996829316 0.298202833027134 0.290069972916076 0.311835237561171 0.327361043683376 0.331078321636439 0.329510577500667 0.325265393313411 0.321867861779114 0.318324049712814 0.314401823244393
