layers/veg/veg_1200.asc
NCOLS 255 
NROWS 330 
XLLCORNER -2985163.8955 
YLLCORNER -3022031.214 
CELLSIZE 25000 
NODATA_value -9999 
[rows 125 to 149 of 330, columns 171 to 227 of 255]
0.265316990125367 0.321110590605881 0.351508462228038 0.35162329815471 0.323516998779303 0.289421073308815 0.277429627352405 0.272185908840486 0.276644576957484 0.281745869912385 0.287228187087533 0.295622212511317 0.305937794596524 0.319606834666859 0.334956657240983 0.351087580944429 0.36262551561616 0.371244011342824 0.373611612891046 0.337330300062026 0.278965853251821 0.299414234120225 0.296439334212942 0.220857861436977 0.190511208085946 0.191538418963217 0.319462181529081 0.429184308588075 0.433111088191117 0.453571802932741 0.487861274586414 0.482410312557673 0.481110939077678 0.527373309481681 0.568617715206917 0.604816572438645 0.633417563349112 0.659693457621787 0.681990222468455 0.699406718315325 0.710923392039238 0.713563721311569 -9999 -9999 -9999 -9999 -9999 -9999 -9999 -9999 -9999 -9999 -9999 -9999 -9999 -9999 -9999
0.229271322234209 0.305147042170614 0.350436467986289 0.359253389239614 0.330085871871533 0.292746987694119 0.284080358240971 0.282281270494305 0.290356847273533 0.298520302291879 0.30656640337381 0.311515998132019 0.320729605017181 0.337384671112409 0.342593684670498 0.342482254656674 0.370069480649246 0.38951190500793 0.391515261766358 0.357849997604426 0.303804473158335 0.318880245591359 0.318889332177751 0.26984482568196 0.242534412308483 0.230298282317 0.30998662010841 0.389165519577836 0.434989090073483 0.462983260284979 0.476065164278507 0.448104939863165 0.431291348352686 0.49471713648111 0.541963939615559 0.572942821672708 0.61652726965185 0.660395553628611 0.687905230408173 0.705814749976402 0.712118511767422 -9999 -9999 -9999 -9999 -9999 -9999 -9999 -9999 -9999 -9999 -9999 -9999 -9999 -9999 -9999 -9999
0.234000409358351 0.312770042054081 0.359307248518549 0.36740902674398 0.336204156767387 0.2968424128798 0.290095456559479 0.289826770630906 0.298873025850217 0.308403594481912 0.317980032660308 0.324774868115571 0.333440688933669 0.345371711830381 0.355261872350017 0.364206735925025 0.388257236038427 0.405696602318064 0.408980680964709 0.377270643844157 0.325565743750297 0.334548924633944 0.335302231109306 0.306335752537903 0.29372509680905 0.292458475868617 0.352303916417552 0.412541491959895 0.453099643735005 0.450996025395808 0.413210686800442 0.402756110917533 0.411940415403412 0.490471206491368 0.54502630721872 0.575473922915012 0.582731046214015 -9999 0.705871004222509 0.705871004222509 -9999 -9999 -9999 -9999 -9999 -9999 -9999 -9999 -9999 -9999 -9999 -9999 -9999 -9999 -9999 -9999 -9999
0.258985107897975 0.332110094736454 0.373117285758503 0.375825739122971 0.342098603668119 0.301320106744877 0.295794792678135 0.296105580040937 0.304807950042607 0.314863585714406 0.325456977230112 0.336724795170131 0.345118133591882 0.348494994234372 0.370429381655254 0.400998108360037 0.411782167395943 0.420846433425995 0.426228401490341 0.396145316083451 0.345798284325811 0.34833120877215 0.348716089775665 0.336619042401528 0.344502211786573 0.366243214933833 0.420350269832709 0.467409981024337 0.479274016811184 0.428378595556875 0.32499202394543 0.351921241444551 0.407725350027706 0.500338588584819 0.562850716901328 0.595096268796909 0.592995642680204 -9999 -9999 -9999 -9999 -9999 -9999 -9999 -9999 -9999 -9999 -9999 -9999 -9999 -9999 -9999 -9999 -9999 -9999 -9999 -9999
0.272668776442541 0.331955778046686 0.36110683857648 0.354322416239781 0.336469389207876 0.316539246618029 0.307958621808179 0.305961903588979 0.313432018136315 0.324855254091794 0.338013219212258 0.3565203566327 0.372119326434999 0.382643026734743 0.400327156180287 0.421339941551845 0.425902294903894 0.428434982674552 0.426621895450214 0.397651953025355 0.353165184796619 0.380618444143178 0.403910167084999 0.406911487217869 0.4198448521306 0.439666862303644 0.481802904283368 0.516289944126987 0.516984092938859 0.490530179066021 0.441369997365633 0.461776802443031 0.497774957927883 0.554225922845055 0.594578715843587 0.618744845070644 0.621611131628824 -9999 -9999 -9999 -9999 -9999 -9999 -9999 -9999 -9999 -9999 -9999 -9999 -9999 -9999 -9999 -9999 -9999 -9999 -9999 -9999
0.296758046617661 0.335360118972519 0.350345873515164 0.337170443974769 0.33210662855697 0.3287491027248 0.318887258621133 0.315525255565797 0.321509209559882 0.333966139322481 0.349200487120401 0.371892740413833 0.39134481227084 0.40514219148756 0.420784877518496 0.437282072057692 0.43948415999715 0.438677076424841 0.431426969710492 0.400868118426233 0.356991166554558 0.405991102023687 0.448670962404276 0.462625186843269 0.47595700465457 0.488857135078139 0.520865867206851 0.545762981294669 0.53980461351724 0.531590385583812 0.521489387110676 0.541300918587444 0.567147209131816 0.598751489627655 0.623622650738975 0.641723680424117 0.65054420639511 -9999 -9999 -9999 -9999 -9999 -9999 -9999 -9999 -9999 -9999 -9999 -9999 -9999 -9999 -9999 -9999 -9999 -9999 -9999 -9999
0.345016150328229 0.347532858616317 0.343274027830978 0.330935732472632 0.331011892284318 0.333728960504845 0.326782140101538 0.32430327862504 0.328248782285789 0.340948411610748 0.357092503216441 0.376893664586775 0.392288564230146 0.399993753822552 0.419172369883737 0.443688011371466 0.452137169899668 0.455233026132615 0.446866773795216 0.408553957327766 0.353130337138766 0.414949726569378 0.468219098281658 0.48369946969599 0.487284588367817 0.482619424419992 0.508919255881684 0.53103071436733 0.528190641759276 0.521672080766142 0.512076882465874 0.54626531908169 0.586182648040844 0.62044368976364 0.64607888005912 0.663040802513859 0.66140367308343 -9999 -9999 -9999 -9999 -9999 -9999 -9999 -9999 -9999 -9999 -9999 -9999 -9999 -9999 -9999 -9999 -9999 -9999 -9999 -9999
0.364656957551581 0.350851442024894 0.346500770359878 0.353424489587722 0.3599200645562 0.365560353202413 0.364006496046082 0.359710993620456 0.3514733488038 0.358252378864471 0.370726549915408 0.385072516340402 0.396524615489624 0.402926401776016 0.426715515147672 0.458592119930318 0.46470189403802 0.467681918292136 0.463960745669768 0.43343267424558 0.387587734355634 0.435683674013892 0.474608609077339 0.477058631880547 0.476222327310875 0.473106699199798 0.484877787042673 0.492521079527652 0.480949529812615 0.475897997546673 0.476299718581298 0.53842583052812 0.603237211707157 0.635615051855118 0.658452558496427 0.671697288298208 0.674125619791345 -9999 -9999 -9999 -9999 -9999 -9999 -9999 -9999 -9999 -9999 -9999 -9999 -9999 -9999 -9999 -9999 -9999 -9999 -9999 -9999
0.366920432904201 0.348793500386689 0.355981142935864 0.393355049664982 0.407046956374091 0.413696851230554 0.419040640961612 0.411289103838108 0.384708127437422 0.381824007319638 0.387847340075399 0.395181106714007 0.402759855511827 0.410766141729968 0.439818263813869 0.478656586922445 0.477213008254691 0.477636874588075 0.482059180794946 0.468751453076139 0.445313176518365 0.463567971736578 0.473007784548737 0.453588292022408 0.451564240971152 0.461605281059168 0.453491936352598 0.439573071258473 0.412074486130277 0.40835114620252 0.424513095750351 0.522811413643381 0.619088924974847 0.646826753856925 0.664703791619138 0.67266583336909 -9999 -9999 -9999 -9999 -9999 -9999 -9999 -9999 -9999 -9999 -9999 -9999 -9999 -9999 -9999 -9999 -9999 -9999 -9999 -9999 -9999
0.330865101376943 0.341052913142024 0.366318684859542 0.409564109848735 0.429495149485718 0.441045381300146 0.437045943835648 0.435515454258697 0.437535002404622 0.448408316172478 0.462587648994467 0.476802104014564 0.491180684151691 0.505845691795906 0.511384015706209 0.512671608449753 0.510588206493031 0.507072690247794 0.500490833161942 0.462936311642978 0.407684695407343 0.43179460241711 0.448947570516926 0.437398171684926 0.439203972443006 0.450272642468783 0.4656255882394 0.474450969851288 0.459513751698716 0.471099652673609 0.504869127243586 0.57232854575931 0.637341392722116 0.666901727287899 0.681082344758319 0.679798702635714 -9999 -9999 -9999 -9999 -9999 -9999 -9999 -9999 -9999 -9999 -9999 -9999 -9999 -9999 -9999 -9999 -9999 -9999 -9999 -9999 -9999
0.308200072129656 0.336612540936384 0.372649545146382 0.417778396220336 0.444483999817688 0.462833085105187 0.451815554980903 0.455076232326228 0.478867183067694 0.501333575952274 0.523001401373446 0.538395230730987 0.554558452881586 0.57206440223736 0.565408685996653 0.547508702968858 0.547889863046053 0.544224090416154 0.53189331448414 0.471425252589549 0.38345261126418 0.416019879499029 0.443266298617855 0.440926816531976 0.444113985731466 0.451134317288375 0.490583340752873 0.523205706751799 0.521364411261096 0.542651256439462 0.583282161725691 0.619314670123218 0.654443723662839 0.688797668278532 0.711480488096891 0.722428026798605 -9999 -9999 -9999 -9999 -9999 -9999 -9999 -9999 -9999 -9999 -9999 -9999 -9999 -9999 -9999 -9999 -9999 -9999 -9999 -9999 -9999
0.330995038322017 0.342689368579359 0.367315330744675 0.407361565856446 0.442554493272612 0.472444993294075 0.46405418516316 0.46623150150256 0.483604456728834 0.507169614568066 0.531740815881606 0.529400535794753 0.530993745938002 0.539451595821715 0.558371779870167 0.582159115075513 0.592658965831247 0.599979199520599 0.600491464218681 0.528513025130004 0.4151150028549 0.457094542030502 0.494477465856382 0.499764632950325 0.496383892099055 0.486991283167537 0.544427704963527 0.595778683183244 0.603365569677361 0.615690950238404 0.631979542341738 0.647135181580922 0.667804002602289 0.714305232317067 0.733710995129035 0.725872346916977 -9999 -9999 -9999 -9999 -9999 -9999 -9999 -9999 -9999 -9999 -9999 -9999 -9999 -9999 -9999 -9999 -9999 -9999 -9999 -9999 -9999
0.345238343331353 0.368735609036297 0.386890620686034 0.39867528277225 0.434849338615325 0.474379990288089 0.476882568784245 0.48286929091618 0.493865775061044 0.508391345751827 0.522930289091021 0.510583144722305 0.508139671815367 0.522979866266434 0.558175228043838 0.602831822323065 0.596970572282346 0.594162753022928 0.597892721692718 0.552213641096739 0.478303323675611 0.510292768575829 0.535428283056358 0.528751250755148 0.518940860570984 0.506957243079887 0.556416371161159 0.604335162295071 0.625862154843716 0.642240307775407 0.654312041766584 0.677018392277793 0.703724194959286 0.740888533429239 0.760680952103373 0.763005957320806 -9999 -9999 -9999 -9999 -9999 -9999 -9999 -9999 -9999 -9999 -9999 -9999 -9999 -9999 -9999 -9999 -9999 -9999 -9999 -9999 -9999
0.353193620733521 0.409465338044247 0.424781843361134 0.391261469309725 0.422897355885504 0.470670162434861 0.490144597497834 0.503538371779622 0.508188917716211 0.506220181461882 0.501215308647653 0.48454313535858 0.485808125269663 0.518376653802173 0.563008381646854 0.61322673767057 0.571533823598587 0.543072805487731 0.542942978057505 0.551364715428564 0.564672627593882 0.57240543917884 0.56883467550414 0.535788313149448 0.51964993659498 0.515238562770137 0.53762858597815 0.565820377257794 0.604605088954441 0.63460536922947 0.657258471369229 0.708418303587981 0.756232668276991 0.768262822897043 0.771074245044909 0.764616259232629 -9999 -9999 -9999 -9999 -9999 -9999 -9999 -9999 -9999 -9999 -9999 -9999 -9999 -9999 -9999 -9999 -9999 -9999 -9999 -9999 -9999
0.369758283260393 0.432554671116086 0.457388149703976 0.436952908387298 0.443462193343316 0.458463208655981 0.479674145112327 0.496522186490432 0.507096931381872 0.505213345933907 0.498325978252751 0.484133959941097 0.48041712829838 0.494981359653121 0.541975608239823 0.604036032075871 0.562755417856399 0.539270331287956 0.553887757664363 0.595190824809893 0.651741476265975 0.658092998313503 0.652630946197293 0.622023645178267 0.618137171667676 0.632783669548931 0.654544494035327 0.672035679280824 0.672500856342688 0.680131315054856 0.693754717208372 0.731085983332021 0.767258860950402 0.781039169481621 0.787734512398512 0.78730594355628 -9999 -9999 -9999 -9999 -9999 -9999 -9999 -9999 -9999 -9999 -9999 -9999 -9999 -9999 -9999 -9999 -9999 -9999 -9999 -9999 -9999
0.384895259300009 0.450850678785619 0.485043853900246 0.481362267261829 0.466885046068938 0.452561609184218 0.470777538682162 0.488179901768726 0.50441245828909 0.50341642045863 0.495796790362712 0.484182466912108 0.476601540523935 0.476059609059906 0.521882092148834 0.589260206750171 0.557061120309251 0.546140019367484 0.580777821416436 0.647497698175236 0.732548562120292 0.736158971900467 0.730292555427021 0.709506497467542 0.721728140094666 0.756843189390761 0.774210044103261 0.777442213515671 0.738514094503336 0.723677572849005 0.728990933282296 0.752115081539339 0.776380829798257 0.792951750683959 0.803595734493086 0.808280200778231 -9999 -9999 -9999 -9999 -9999 -9999 -9999 -9999 -9999 -9999 -9999 -9999 -9999 -9999 -9999 -9999 -9999 -9999 -9999 -9999 -9999
0.390960746457735 0.459099544724675 0.496651263862324 0.497729542357291 0.486652377567746 0.473777354070185 0.478125888738077 0.487057647450349 0.502579508097139 0.498177893818781 0.486348890561639 0.474690143756911 0.47120220206746 0.481973767895456 0.516614831305352 0.562352807765708 0.555503758290987 0.571866253222282 0.637927649391222 0.711677024070318 0.78981913945688 0.775613301482362 0.763100717492611 0.766890137877989 0.801378603304393 0.8571592432835 0.844572154645077 0.816386450490482 0.758451397620314 0.736569380880216 0.744841629800729 0.770894352054282 0.796627895545291 0.808060927805958 0.812413396514962 0.809646379725703 -9999 -9999 -9999 -9999 -9999 -9999 -9999 -9999 -9999 -9999 -9999 -9999 -9999 -9999 -9999 -9999 -9999 -9999 -9999 -9999 -9999
0.397467386105373 0.464528523374409 0.503644549200107 0.50943753822411 0.501080771640473 0.48915067580793 0.482687067076828 0.482638931573884 0.491815442765567 0.493615289299733 0.492458028874829 0.48709251335176 0.485180381621213 0.489295018545083 0.506238455784657 0.529161019477584 0.569386577089194 0.613867485806679 0.667459648417615 0.738819567961214 0.820331590434777 0.780903614797858 0.753799423373845 0.775033861519941 0.813728994473025 0.864534476824438 0.846398366042559 0.816934046827443 0.772499532712732 0.763608878791266 0.784446622750188 0.812377355845649 0.834416890020801 0.824600804602791 0.819679309082774 -9999 -9999 -9999 -9999 -9999 -9999 -9999 -9999 -9999 -9999 -9999 -9999 -9999 -9999 -9999 -9999 -9999 -9999 -9999 -9999 -9999 -9999
0.404364685011826 0.467460372111973 0.50655183129179 0.517019544525653 0.510781309959408 0.499350283809588 0.484780086531485 0.47530105903744 0.473142495810028 0.489651242514728 0.512343584907619 0.518883562909434 0.516318176039778 0.497862308733738 0.491337742311346 0.490404137659191 0.596942331508666 0.670280920716359 0.672534887403502 0.733164469001852 0.827148584513768 0.75594024128632 0.707208418059408 0.739573548397387 0.76648231464475 0.789606668169007 0.787533129076543 0.783479787761643 0.781332559496526 0.803176756726872 0.845087053670901 0.873965479333526 0.887740007122738 0.84240762670162 -9999 -9999 -9999 -9999 -9999 -9999 -9999 -9999 -9999 -9999 -9999 -9999 -9999 -9999 -9999 -9999 -9999 -9999 -9999 -9999 -9999 -9999 -9999
0.433082789128473 0.483084120854123 0.512984529310537 0.51891567190065 0.505270487557204 0.485714628806093 0.464197391618201 0.457511829921095 0.472152359289468 0.483346719747592 0.492417106781257 0.484209290467451 0.486506927502058 0.507138448270566 0.519537476152233 0.528130884306077 0.620546855861327 0.688895688179017 0.705713680707777 0.743295464497202 0.792741218898868 0.743348698917122 0.714430386411647 0.75279748221212 0.781517520228105 0.80354657362249 0.825886561986002 0.839418290646534 0.82276628945187 0.835072402671577 0.87159868619625 0.893817202256496 0.910150344415112 0.910123558506892 -9999 -9999 -9999 -9999 -9999 -9999 -9999 -9999 -9999 -9999 -9999 -9999 -9999 -9999 -9999 -9999 -9999 -9999 -9999 -9999 -9999 -9999 -9999
0.463059179463609 0.494918984383095 0.513294110745282 0.515589485887475 0.494671582918652 0.467658968209754 0.44732411548563 0.446616736028351 0.474131203963432 0.475236604106389 0.465837906530344 0.443076511000856 0.447212228297106 0.498288189195428 0.534848720243994 0.564662656396204 0.631363655423181 0.689463706243538 0.729148020997658 0.750411242846824 0.761149060056437 0.740878591304043 0.736604610070862 0.779005534733232 0.811053552531981 0.835921024493766 0.873998376784578 0.896837919903567 0.863102952298157 0.862778922079688 0.890399342317517 0.905029260890381 0.915358331501608 0.915564346188655 -9999 -9999 -9999 -9999 -9999 -9999 -9999 -9999 -9999 -9999 -9999 -9999 -9999 -9999 -9999 -9999 -9999 -9999 -9999 -9999 -9999 -9999 -9999
0.479803199445981 0.4764110467816 0.479774314144547 0.491193055204135 0.472202782464673 0.448800845841303 0.469333825931212 0.479613988647293 0.475151884575794 0.460176916783335 0.441575279827403 0.42909524360285 0.414977289288808 0.398000876722425 0.447009547018273 0.526734397062942 0.58165902606477 0.633468504007813 0.678608042971231 0.728289678681356 0.780566567909705 0.778034632755302 0.785503268924588 0.826670456421568 0.857470622681082 0.881080453687995 0.883956362710666 0.881645954588378 0.868757351444467 0.876369179585838 0.901127287693847 0.910327336959743 0.915816845161987 0.915717463103494 -9999 -9999 -9999 -9999 -9999 -9999 -9999 -9999 -9999 -9999 -9999 -9999 -9999 -9999 -9999 -9999 -9999 -9999 -9999 -9999 -9999 -9999 -9999
0.484185743074987 0.469437205479607 0.464707665946984 0.471925240736601 0.461596562976466 0.450931847365559 0.487381749510523 0.501698302687263 0.484189873179233 0.465145707910232 0.446171520151092 0.4404603517038 0.412290533516158 0.344926378872565 0.396771081359402 0.50410404253593 0.555449806051393 0.610379028558066 0.672980897545219 0.742318600375583 0.815505009531376 0.806649554104985 0.807609265032917 0.845246293352948 0.873223903176601 0.894501955263925 0.891147074884687 0.885129082434897 0.878489656977631 0.886907220834886 0.907918244344221 0.913520603749282 0.916099624500898 -9999 -9999 -9999 -9999 -9999 -9999 -9999 -9999 -9999 -9999 -9999 -9999 -9999 -9999 -9999 -9999 -9999 -9999 -9999 -9999 -9999 -9999 -9999 -9999
0.475412358490163 0.474738737975203 0.469280119809035 0.45811565025807 0.463615313124184 0.475400909434536 0.501213268663595 0.512168321440584 0.50176042904112 0.491430175028215 0.481481339668859 0.4788008053875 0.441050974371557 0.342098985996198 0.386549859223711 0.497754764127973 0.554246006900519 0.622310077117359 0.715153058988401 0.794821340509443 0.866961889940752 0.826174431538397 0.801200677797012 0.832863537643061 0.856342682426914 0.874145784540351 0.895392665150168 0.908487521126073 0.892561949269218 0.894196884881756 0.910519188444578 0.914473788610291 -9999 -9999 -9999 -9999 -9999 -9999 -9999 -9999 -9999 -9999 -9999 -9999 -9999 -9999 -9999 -9999 -9999 -9999 -9999 -9999 -9999 -9999 -9999 -9999 -9999
0.466366177297836 0.472482978475992 0.469812517272061 0.45666372005082 0.457703889843075 0.466897909777934 0.515630782675927 0.538507023634643 0.52420466749378 0.512653902317327 0.500802347564598 0.461569908434263 0.418229343081106 0.36771936713371 0.423013918500676 0.527555899466439 0.577847965628728 0.628558776958916 0.680166175538065 0.767585514810633 0.87546700411256 0.828014203196903 0.789471301333244 0.794537478676202 0.80804721253524 0.827413209315347 0.866436179743717 0.897376789032257 0.893958602591538 0.899118736319208 0.911453659552709 -9999 -9999 -9999 -9999 -9999 -9999 -9999 -9999 -9999 -9999 -9999 -9999 -9999 -9999 -9999 -9999 -9999 -9999 -9999 -9999 -9999 -9999 -9999 -9999 -9999 -9999
