layers/veg/veg_900.asc
NCOLS 255 
NROWS 330 
XLLCORNER -2985163.8955 
YLLCORNER -3022031.214 
CELLSIZE 25000 
NODATA_value -9999 
[rows 125 to 149 of 330, columns 57 to 113 of 255]
0.125653858010409 0.161905733824163 0.227566139175303 0.246360137862607 0.26268086989641 0.307307652503655 0.339422484320333 0.358347663939958 0.330477386734477 0.294054874714627 0.277582275536775 0.269855758739616 0.273220145293718 0.281043404008496 0.286541596820103 0.247160948547563 0.245387597207215 0.301220229716728 0.371462596920794 0.450407107091739 0.619961792755455 0.727942735765117 0.721099348119712 0.759815078399447 0.821267146455187 0.874738628545867 0.900093600729412 0.861092305528114 0.862417098477318 0.88833533476586 0.863871290736333 0.83319966331425 0.794021303965989 0.755808375767247 0.718308291209298 0.684760035192543 0.650593007480207 0.612354244479497 0.583119874114359 0.561891909865829 0.530286101759515 0.49998681043666 0.485714406555369 0.481138818415118 0.486925373965044 0.5036245039638 0.524271438867509 0.554088637211097 0.581710693497962 0.606510395285251 0.636776666420168 0.66913401747887 0.705549601964411 0.733322972956917 0.74766840572804 0.762722950790744 0.777353659044472
0.146254454642987 0.166480936701884 0.200946693098756 0.231241778015372 0.256873255155282 0.263141342706834 0.280581621776687 0.309799226610669 0.270330286700616 0.222008223991626 0.229380861827835 0.240620894973222 0.256765170467148 0.248957662122003 0.231616458631288 0.191180750150764 0.175407368826029 0.197411167350141 0.241418708639484 0.296323377022522 0.414933986392053 0.505228569983573 0.542718685848659 0.619615560038819 0.71617842884741 0.78748488375353 0.832807852654341 0.819277919032848 0.832229566033849 0.861331384857735 0.854032285858739 0.83689526820644 0.798154673869905 0.762071671929183 0.727950951648961 0.699470104525806 0.66797097696464 0.622691315635618 0.588704112716975 0.564757787817271 0.538000346199033 0.511522857230372 0.48901348835653 0.479964861410515 0.485300558737285 0.498645883596824 0.514929135035314 0.538240292884885 0.561547937663295 0.58485106558952 0.61460687693144 0.646291112045544 0.675965588494556 0.702974874670453 0.725843090926653 0.743844746380342 0.759247720201036
0.184492918982261 0.183953735694552 0.182989883066975 0.222235977879096 0.253880458998519 0.213354688494538 0.209822549786945 0.245287778082112 0.204396537617314 0.155548590751824 0.182070923226591 0.210028173571225 0.239805042657027 0.223691496995872 0.192750054682283 0.158801956809317 0.135811933112996 0.129607232892157 0.147721054952194 0.176303017635388 0.22610588564884 0.284658911628266 0.359529461738294 0.463066916342357 0.580910627372189 0.677057056048068 0.748224326537554 0.762723798635119 0.791046922755634 0.827800599363668 0.837167525485187 0.833706379696498 0.798322013270278 0.765571791352338 0.734766537920855 0.710795810431545 0.681672507678002 0.630269785465661 0.592344473012672 0.56640282456685 0.545371051263893 0.523258419501858 0.491228175412803 0.476840154003468 0.481304841700242 0.491027686730695 0.50284418428455 0.520490188125073 0.53967745411754 0.56084636323704 0.589301107052074 0.619635942441049 0.643956477299688 0.670778749289977 0.701488124008869 0.72124667883083 0.736083635774973
0.249921306882247 0.213184110126559 0.186326109858272 0.198411426683272 0.210201208417106 0.186894197169324 0.183983540241501 0.202573992458939 0.178094238264263 0.150870920531236 0.178615310247687 0.204924158535662 0.229412597348065 0.201754608358413 0.160336903105995 0.152562552101832 0.149785937858615 0.15466474069193 0.165047645584835 0.177320429942172 0.179427637517084 0.188354351446801 0.209998259733012 0.264809649169388 0.336173313736473 0.500529897962182 0.622424683292663 0.64347961010051 0.704499357468427 0.789892223953245 0.803402774663174 0.805178955859077 0.786508257488428 0.761999635454554 0.733180476350437 0.708492888754708 0.678356350600072 0.626039483215801 0.589899983527604 0.568144860544703 0.549962421140531 0.528794187703924 0.489310868482466 0.470427855207106 0.473558597372272 0.478865495674792 0.485522376177391 0.498155385775354 0.51292152589485 0.530430290578069 0.556597863991118 0.585677519834949 0.616145683766302 0.645164799585694 0.6719324403006 0.689799980703699 0.70366668533372
0.310215445095365 0.24557048147534 0.185664392151813 0.177962816025051 0.177197320256363 0.165491844115515 0.161699392451718 0.166248568918182 0.15108337075431 0.136618527192594 0.161278176417893 0.181482150663768 0.19603588536119 0.176881468824036 0.149080811866355 0.146005146212828 0.151066597227162 0.168592294533868 0.173598115831936 0.17295195689796 0.153179099455307 0.133508874047521 0.11403003955085 0.128942203404931 0.161017240259352 0.370057398462663 0.528556153480139 0.564725334599695 0.642319501121904 0.745177289236438 0.764424036940165 0.77269744286504 0.7649141473442 0.74392604258762 0.713187926868287 0.690803844846512 0.664134892063175 0.617747613642836 0.585225308773053 0.565031276729052 0.549308726330181 0.530594406803249 0.49271781919141 0.471012678343734 0.466588556288558 0.466516112719531 0.468155054900639 0.474461303839157 0.484139943597001 0.498154558957929 0.523618731545072 0.552996633031265 0.585005073511865 0.6140190359224 0.638380293726353 0.655862639146722 0.670230467159365
0.365183230182575 0.281230934738372 0.180855142581585 0.161016460327535 0.155268224610089 0.1493368849822 0.143103115369285 0.136550534854439 0.123337423252613 0.112433162237867 0.129540129799305 0.139016014355644 0.138814925795214 0.148962215427442 0.159773394986542 0.139117840788249 0.139178976135895 0.170973455295985 0.173044097770176 0.162996079846414 0.148124670899139 0.121673715320308 0.0736289173998192 0.0577989608933869 0.0580458634032748 0.287362741819428 0.467813473834039 0.527975945500661 0.605419097588006 0.693401120522583 0.720036225424039 0.736113894242831 0.7331737404268 0.710808425989558 0.674100191058059 0.657152990500421 0.638600098558661 0.605242208864748 0.578237003983749 0.556880394916092 0.543213717132145 0.528519307237948 0.501648240329275 0.478856428208342 0.460423760923016 0.453972533879945 0.450740517530413 0.449357083418085 0.453256915211944 0.463949587249156 0.49035338701775 0.521641082397355 0.550410057885162 0.577134479568934 0.600682152356951 0.619341464074206 0.635736844260375
0.447687559552929 0.370927776498198 0.261086176321851 0.212059463355483 0.177069029257253 0.158665895566522 0.145707228749409 0.138487924695419 0.142498675597251 0.145368080105178 0.120650971655576 0.103497867040352 0.0959366724740028 0.112207314810195 0.133087318454628 0.118451137447658 0.114681297493377 0.127556266346198 0.139230146729515 0.149903871331653 0.144444709577417 0.128479839456087 0.092923648760232 0.066235073861947 0.0439718943010489 0.252846785605048 0.425086543081809 0.505082522233059 0.577084719347727 0.644211793815985 0.664533858776003 0.673961732386864 0.660680851544963 0.630096001279304 0.586734450603303 0.587783509707578 0.591593447885105 0.585904717844924 0.571754913122167 0.550081802516008 0.536695709417468 0.523527629271625 0.503926619073523 0.484298886952524 0.464642599436421 0.45142437005264 0.440126603652781 0.431227406154176 0.427586023605258 0.430704758305128 0.458183736357544 0.49303327296096 0.521433595512832 0.547646014044855 0.570458951641058 0.58817669586008 0.603613000850023
0.525015238074469 0.464014710393536 0.360117592273585 0.279441231113355 0.210073870346243 0.176339052523117 0.156789501766154 0.15219355353343 0.167323525277388 0.176988401169734 0.113494976255892 0.0763030278252253 0.0724639705489225 0.0852823166591593 0.10152145423489 0.0953239760938443 0.0877746298119432 0.0781545233148197 0.0993325215617952 0.132052803934178 0.138099634317049 0.136734969332105 0.121549153348692 0.0916877582133677 0.0545024959828849 0.22598046024028 0.373660352714261 0.459386550691052 0.528096337639378 0.586428422220305 0.603990028383842 0.609208231753548 0.586404756394358 0.548173593845205 0.49855111798386 0.519659982442529 0.547279754724908 0.56766077201445 0.56567569236268 0.543803424023895 0.530305526187453 0.517969372902485 0.50388330435508 0.487626277105991 0.469049335091782 0.450930445879479 0.433291731360884 0.418355644942429 0.408276940323702 0.404443505042615 0.431657576885033 0.468198317493457 0.495672716367228 0.520980785308701 0.542922894300045 0.558995285244703 0.572550330998534
0.521931663610017 0.492546483138654 0.450221379417666 0.348686536227197 0.249061286897273 0.209988637578463 0.191737350861106 0.195435201858463 0.154834362474065 0.106660473040134 0.0811047374193055 0.0950884012580366 0.159211960753472 0.140376564982932 0.0971663768537414 0.077675101090116 0.0647986225723429 0.0620545368187115 0.0716618486845886 0.0865525210004381 0.111177945480922 0.124643615526103 0.11729828273022 0.104818464461852 0.0897762744592425 0.173399902740883 0.23306528179579 0.23422921520277 0.323036390211384 0.465294053359617 0.526828012763111 0.568137637813348 0.566137176449688 0.535333052985272 0.48326122195794 0.518204335869676 0.556420984299591 0.568054346645665 0.561545686522212 0.538905744085074 0.525482994682996 0.513255522884296 0.498681209486365 0.480303382972883 0.45786107276874 0.448316989714023 0.441403370123935 0.430325057722344 0.424272357453197 0.424681224886099 0.442187544318668 0.464858957777415 0.482903196940078 0.501715797499455 0.521722248381444 0.534751487691738 0.544936351833034
0.512724375884045 0.506948297569157 0.496105970524016 0.39750756809058 0.295362538884995 0.251560504391582 0.231382481903133 0.236108050154461 0.17664360423112 0.108774964000877 0.0920224279041793 0.119162426596181 0.201962530006378 0.161027433588046 0.085418039436542 0.0653528832741212 0.0512054111232195 0.0461225098775548 0.049023697868992 0.0559692808897549 0.0888518425014462 0.109884153276901 0.10881780540803 0.107364814065763 0.105718867789108 0.12798814397552 0.131632828001818 0.0916331872611216 0.182508895505003 0.353200812743809 0.444543328578509 0.510882840112656 0.519856228442191 0.506604170229937 0.476941549504745 0.515752113898991 0.553780957585991 0.558358565794935 0.55345731407488 0.540127775719011 0.525152736765661 0.509873430110491 0.494554476280247 0.474803917564314 0.450317688105537 0.441057770654732 0.435645982216979 0.430792998810385 0.430991762135297 0.437685695134863 0.445386351816963 0.453935236930537 0.469065054498579 0.484689696395689 0.501083177262877 0.510518107217697 0.517233940716008
-9999 0.503720185443967 0.486818340938775 0.420845266645999 0.350789251735255 0.303016989576048 0.276888404172878 0.273575810732591 0.241246910904236 0.201275746247302 0.156975353045528 0.149835094520072 0.1898175869905 0.138703352002283 0.0644451432102849 0.0596767271743845 0.0493190990852616 0.0304000458064498 0.0326646168397733 0.0439980114263292 0.0722596446991243 0.0917956963591438 0.0950600545167525 0.0967050786885102 0.0975419721028866 0.0915208840090539 0.0790635094174851 0.0520487716667985 0.122498439604314 0.252388173484976 0.355867098959781 0.433435037074881 0.441118442402876 0.458051428516864 0.481814010761648 0.512056466386644 0.536441476106034 0.536074312127766 0.540430093896673 0.548985361766307 0.530427481470812 0.508152968736137 0.491769470113251 0.471579541280382 0.447322011511719 0.428002040608656 0.412584231753037 0.416910571928806 0.426137500813858 0.441665251348177 0.439438082703266 0.43354852074204 0.453893592818676 0.47045705067978 0.481144782130725 0.486297724116491 0.489421193193463
-9999 -9999 0.481879697633729 0.426378009414995 0.370482695552325 0.360594401615318 0.358544923894314 0.364758846601935 0.343454501831768 0.31740890465468 0.305150339322546 0.293578908701923 0.282878833317047 0.206550206326234 0.112947156244529 0.0621988751362843 0.0280708266750975 0.0194012645064421 0.0190820415103247 0.0227472998597377 0.045876034887825 0.0624005378469648 0.0666092955854805 0.0739822471608635 0.0829342938359799 0.0771728743396343 0.0671250804896831 0.0477349206057047 0.0758996847140223 0.133066501397987 0.246815998874595 0.342354016239646 0.374725963982011 0.408588260474537 0.443550983061298 0.446217463355912 0.451444039702667 0.480627577370898 0.511249287882729 0.54314977380094 0.525904976573806 0.501883046455442 0.488335463668668 0.468602876903212 0.442260914270153 0.419595779504443 0.401648967581753 0.411763719694291 0.424741769354616 0.441401239400865 0.44039172302895 0.434977342093939 0.446095312627123 0.456591933939918 0.466123126783259 0.470345433949107 0.472475468614755
-9999 -9999 -9999 -9999 -9999 0.434185880331675 0.443915118217873 0.463900571622284 0.453647205371311 0.441713423486298 0.470126100449839 0.460965976035155 0.404159798155216 0.30148557519139 0.18487440160174 0.0758582962810437 0.0115822644535028 0.0158380379225592 0.00982774146009343 0.000539559389651954 0.0179256040883738 0.030988750356907 0.0359904422239254 0.0493959704697285 0.0669954443234399 0.069572516388343 0.0668164660849781 0.0523225445495505 0.0355707637949069 0.0174419952062648 0.137362652205111 0.247473661133187 0.303450544479898 0.34736375360169 0.382369529541813 0.354238848194981 0.340244773608502 0.40716874675867 0.468876299072662 0.52594558366779 0.515860634428204 0.495633977384083 0.485273353660527 0.4662805304342 0.438063226306229 0.413263847869421 0.393905432336383 0.408407397131068 0.423575203206312 0.439599099723827 0.442683171809714 0.441602448023288 0.440802820632906 0.44405606788585 0.453606515546241 0.457687760562957 0.45943970772449
-9999 -9999 -9999 -9999 -9999 -9999 0.443915118217873 0.463900571622284 0.521833753999061 0.575415637178785 0.532248898781957 0.497880384162887 0.474668893378544 0.385847529552241 0.277650610987447 0.187034073608898 0.117433398034324 0.0800243313874939 0.039916158395215 0.000202549335994595 0.00672922995139459 0.0165700584470049 0.032591196854506 0.046210209809117 0.0586304388942294 0.0605448718159679 0.0552017312308301 0.0335399726470168 0.0191081231660784 0.00908553746511562 0.0952202323459932 0.157555285226707 0.133189443792849 0.155828239600253 0.213173763859451 0.18473186325746 0.170264944621174 0.246213312986022 0.333722481213206 0.431511127743572 0.477690891717628 0.505671021427035 0.488722778981963 0.470512582216622 0.450953844616198 0.414078946895681 0.37961734246265 0.394561445103959 0.41280944024987 0.435305340832208 0.435814107579984 0.430259509537684 0.43794698958806 0.445314213803041 0.452183836844876 0.453265043656677 0.452456359972483
-9999 -9999 -9999 -9999 -9999 -9999 -9999 -9999 -9999 0.655773164530045 0.569585860738261 0.520592380571389 0.518764372341803 0.451586059521879 0.365195768992757 0.297358950790145 0.230995818531916 0.166890044170612 0.0855446742958217 0 0 0.00602920796529049 0.0233018411172598 0.0384026731630717 0.0524196650078282 0.0570497621383949 0.0525343042001834 0.0273213267437484 0.0146353446369733 0.00958913034487452 0.0686115257252786 0.0978642416577358 0.0291754274565745 0.0487009274407384 0.133361070040623 0.0873948102309513 0.0522930509477786 0.115991387823073 0.20726467920414 0.323056701981708 0.421750955528596 0.499210856701828 0.485056610530068 0.472249041533056 0.460880549317708 0.416165819360732 0.371247392663042 0.38571737974757 0.404171555060034 0.427748310725707 0.42690106225704 0.419675491013172 0.431657038114293 0.441391271648727 0.447633715983338 0.447483835375346 0.445528380748896
-9999 -9999 -9999 -9999 -9999 -9999 -9999 -9999 -9999 0.655773164530045 0.569585860738261 0.521910105751422 0.523070829442845 0.489270580038388 0.444860960253352 0.406402046476478 0.356174390362072 0.287919648114584 0.154582530719537 0 0 0.00132987179366394 0.00513972339661855 0.0236329718548293 0.0494539888433433 0.0618887688391059 0.0633449493536727 0.0400287650743821 0.0282238902565065 0.0234393526442709 0.0654025402771094 0.0837071369243885 0.02495489117952 0.0687246935497411 0.18819351399745 0.0987733139963786 0.0126650256353071 0.0320658968149023 0.0939064074289715 0.193482832335859 0.339042302407798 0.467899577540838 0.470671632755659 0.47022618284431 0.466342465017838 0.42016846968299 0.371792428319213 0.384408071318597 0.398739068712294 0.415275544415847 0.414908998612518 0.410234696598007 0.420193986089718 0.429663626627625 0.438372469494064 0.439656218813931 0.438683807733912
-9999 -9999 -9999 -9999 -9999 -9999 -9999 -9999 -9999 -9999 -9999 -9999 0.524773239009194 0.499934975830125 0.468655005950449 0.454746870963118 0.427469421772192 0.379713167643899 0.261294891482865 0.117098267181683 0.0560759103705151 0.0129601169076323 0.00323695254562241 0.0161390195507869 0.0403322380543095 0.055928114603115 0.0633056094144962 0.052089522020978 0.0449651406748909 0.0403361449576592 0.065767857137631 0.0748729374982305 0.0312128125164111 0.0556401359890137 0.130341064858334 0.10439389126172 0.0764919351336825 0.0861747365867891 0.105725163830793 0.134049555370459 0.228953680347785 0.324826658837201 0.365066202953314 0.38984637981067 0.398106475316319 0.379219978089653 0.358780935985843 0.376468452859059 0.392699456867232 0.407057782236794 0.406330310892654 0.40173935583217 0.409971326083443 0.418072812559049 0.425971558373371 0.439255288685502 0.454794514040014
-9999 -9999 -9999 -9999 -9999 -9999 -9999 -9999 -9999 -9999 -9999 -9999 -9999 -9999 -9999 0.483086943708025 0.475666952585394 0.456881191422253 0.380777507319763 0.280278206629955 0.138424122514304 0.037193924136244 0.0117202136272808 0.0135754345736583 0.0290691947394926 0.0454559993686013 0.058252215804084 0.0627634704569349 0.0618136485121576 0.057533310664764 0.0674589581289107 0.0686878847756151 0.0421480321671597 0.0310107410302324 0.031246211174507 0.105996640692047 0.174916942286611 0.188848894935031 0.164121923328962 0.105020723483458 0.114589447721409 0.146635443806149 0.22968745300161 0.282893685437298 0.304206331814541 0.322037241100421 0.340044364865961 0.365707838366507 0.386158228810249 0.399906015029824 0.398737975046942 0.393682097893156 0.400449628397429 0.406818128562989 0.412566630768418 0.441572268874759 0.479171038094316
-9999 -9999 -9999 -9999 -9999 -9999 -9999 -9999 -9999 -9999 -9999 -9999 -9999 -9999 -9999 -9999 0.473446853073109 0.449040295536106 0.442442222515441 0.439737891679885 0.334798919426047 0.231047642682446 0.129511211684885 0.0677143395808801 0.0257495466571156 0.0281255006816195 0.0330449783240938 0.0422713823004108 0.0473449439047536 0.0498858350157132 0.0668107955755831 0.0776037815933947 0.068000783756164 0.0483135070804981 0.021180319792198 0.059530830483291 0.101647968154582 0.128623459416193 0.144648708887778 0.150937367964618 0.180098067128428 0.216108407569415 0.265893334829481 0.295840357691828 0.304588337345467 0.306366818853525 0.310992092945412 0.349325242845762 0.37240111492342 0.375860285392962 0.381207007531208 0.387413097751812 0.396750354842226 0.403333791451148 0.405638447938743 0.438015053723415 0.481672147795258
-9999 -9999 -9999 -9999 -9999 -9999 -9999 -9999 -9999 -9999 -9999 -9999 -9999 -9999 -9999 -9999 -9999 0.435919620848984 0.484423102790069 0.54798746285008 0.472226399532115 0.37108593931555 0.222617313947746 0.111527984218652 0.0190928411853411 0.0158331248939037 0.0189293896779311 0.0335393415500787 0.0440062880583073 0.0519465633136279 0.0700543152330209 0.0845621576154902 0.0867739914252818 0.061195617873781 0.0150978394908626 0.0346008896605437 0.0615880363517758 0.0872566074255701 0.130599943775722 0.189659092901431 0.225077139213476 0.25588052012321 0.284886931260406 0.299493748799847 0.298712972934929 0.296438474923332 0.298635862114777 0.336519841929519 0.357945005772436 0.358208617371613 0.367857339264933 0.380351380392652 0.390432732184127 0.397011815234063 0.398149208104281 0.434056833644636 0.483008743952039
-9999 -9999 -9999 -9999 -9999 -9999 -9999 -9999 -9999 -9999 -9999 -9999 -9999 -9999 -9999 -9999 -9999 -9999 0.490336212546322 0.562401933134581 0.501641477392962 0.412515286234521 0.270491927511083 0.136422087870558 0.00632146239862628 0.0127723780698997 0.0251376376425431 0.0463558807808833 0.0610618311156145 0.0717961662647369 0.0804287776905438 0.0879336609002931 0.0925749624087448 0.065977519536617 0.0163143818304486 0.0491323037030302 0.082378854551172 0.0804453725555637 0.126490694737455 0.215197172066751 0.23243879555485 0.241230133711721 0.272341512947313 0.28611855106329 0.281371886321247 0.297031656084974 0.316872703264868 0.330269130920616 0.342208089254287 0.352273139206237 0.362169294986213 0.371837123789344 0.379317364830494 0.385490277220591 0.389631912742145 0.429363830239464 0.482211538060344
-9999 -9999 -9999 -9999 -9999 -9999 -9999 -9999 -9999 -9999 -9999 -9999 -9999 -9999 -9999 -9999 -9999 -9999 -9999 0.567754497419822 0.53163224672328 0.471349572289567 0.366011905835148 0.210871692369588 0.0308774522564708 0.0335902758627714 0.0441119562577257 0.06623858744056 0.0797384187081788 0.0879770722954126 0.0914533236070598 0.0947453588871762 0.0983957383540612 0.0813619992848699 0.0490557652571149 0.0644851835757186 0.0822264767219899 0.0873105121426335 0.123199961715897 0.186480559840573 0.218597634202247 0.244074844973233 0.264373249590377 0.276209559030251 0.279003163267869 0.29949488162324 0.323656449502068 0.342549378705304 0.353031849819944 0.35270076371757 0.357860223382219 0.364717266182571 0.370578402675169 0.386288876991685 0.4173028727877 0.451216696720007 0.485303686809583
-9999 -9999 -9999 -9999 -9999 -9999 -9999 -9999 -9999 -9999 -9999 -9999 -9999 -9999 -9999 -9999 -9999 -9999 -9999 0.56866571021161 0.561905169517549 0.538714232907292 0.484883462949976 0.30960905682929 0.0737280442090339 0.0661113908308674 0.0693430829830427 0.0895845095943919 0.0992095001487489 0.102359904880179 0.102796483415808 0.103243138574653 0.104226220954568 0.101942932849568 0.0972478607143875 0.0802406739469144 0.0718095811449067 0.100878610922275 0.120310393453004 0.131173056618817 0.194364711333 0.255494118604343 0.258648306126844 0.267999397009263 0.283972579593172 0.302874638891764 0.324826893173539 0.363911877124654 0.376873324632794 0.356247023047947 0.354227003232525 0.358280820659993 0.36300414591156 0.393125727695146 0.462710141531838 0.486080020257991 0.490302056065247
-9999 -9999 -9999 -9999 -9999 -9999 -9999 -9999 -9999 -9999 -9999 -9999 -9999 -9999 -9999 -9999 -9999 -9999 -9999 0.542651405895738 0.541044899953569 0.521947323364166 0.470231939363038 0.314682578161816 0.107314733948559 0.0709795912554693 0.0512140569688762 0.0635979228941574 0.085341440440332 0.112793075792412 0.113940922197241 0.112761016103663 0.109776674176745 0.106947881100732 0.104233940346665 0.0700440677404035 0.0423297299682704 0.0528207750518189 0.0727953414622746 0.101202339268356 0.165231762391463 0.222509967400002 0.213337345028416 0.219317204984407 0.241489205054674 0.293982305711471 0.349246678527588 0.369570260119002 0.377005606246246 0.367870193664509 0.359705225423814 0.356172897908439 0.407037164825892 0.450686136696384 0.48312426122809 0.489355454796691 0.484940833135068
-9999 -9999 -9999 -9999 -9999 -9999 -9999 -9999 -9999 -9999 -9999 -9999 -9999 -9999 -9999 -9999 -9999 -9999 -9999 -9999 0.52736061997497 0.511925502536547 0.467706573167008 0.323884703197327 0.130355854600685 0.0755970967504389 0.0422190210454108 0.0531704619989613 0.082256737406518 0.122402801751408 0.123806125732755 0.121515902277957 0.115802675421795 0.112517168474448 0.111024212657742 0.065097491291426 0.0247188307694224 0.0248619391692775 0.0461509227608377 0.0862421144887998 0.148165776266296 0.201591680452044 0.192288480638149 0.199197121560858 0.223429946801517 0.295119222958071 0.369938020039774 0.381167536062873 0.387737205640396 0.388315582516505 0.384197069031395 0.383980737329905 0.452059189718985 0.492718058980699 0.490773436835143 0.483851875860415 0.475142835067645
