layers/veg/veg_3600.asc
NCOLS 255 
NROWS 330 
XLLCORNER -2985163.8955 
YLLCORNER -3022031.214 
CELLSIZE 25000 
NODATA_value -9999 
[rows 75 to 99 of 330, columns 0 to 55 of 255]
-9999 -9999 -9999 -9999 -9999 -9999 -9999 -9999 -9999 -9999 -9999 -9999 -9999 -9999 -9999 -9999 -9999 -9999 -9999 -9999 -9999 -9999 -9999 -9999 -9999 0.708010529801544 0.691804140607962 0.675597751414379 0.682368905519616 0.692321832685885 0.686569805964115 0.660594274135499 0.609324365746924 0.496174312346412 0.376121683675365 0.397876451734831 0.435567991912356 0.497326725415785 0.587893599422563 0.687357541477794 0.716529884871001 0.741103855055681 0.757229746443766 0.772945112590738 0.788458726471893 0.799373416501392 0.809870974961737 0.819545768005077 0.829892707540651 0.84064367429509 0.850890392085194 0.861555126896872 0.873492861372693 0.882898085651649 0.890459254585952 0.900551753648597
-9999 -9999 -9999 -9999 -9999 -9999 -9999 -9999 -9999 -9999 -9999 -9999 -9999 -9999 -9999 -9999 -9999 -9999 -9999 -9999 -9999 -9999 -9999 -9999 -9999 0.661715793937245 0.677157764602627 0.69259973526801 0.707516527417355 0.720276200155618 0.718971870192572 0.697725855201544 0.651537947711026 0.510942077111213 0.355991682111004 0.373629779438476 0.421285410205386 0.514272540670098 0.604167716166558 0.690442814889732 0.709529031462052 0.729890344825837 0.752594251467523 0.770010683114529 0.784828589862712 0.792248473235505 0.799817693800354 0.807919165472939 0.817759752211796 0.82864572091966 0.840121988489776 0.852643890662292 0.868030201609711 0.879336759526755 0.887672632314939 0.897785450609123
-9999 -9999 -9999 -9999 -9999 -9999 -9999 -9999 -9999 -9999 -9999 -9999 -9999 -9999 -9999 -9999 -9999 -9999 -9999 -9999 -9999 -9999 -9999 -9999 -9999 0.695586084145759 0.696148661115878 0.696711238085996 0.706284732506552 0.716286454403155 0.714458474191614 0.701609488277521 0.674976073460676 0.529120371627073 0.361720492439407 0.37316797034826 0.425602305188351 0.539933654196541 0.627317782898423 0.701790474210147 0.713332346090858 0.727339493775475 0.745875818041086 0.760977713167099 0.774391761137056 0.782040660371202 0.789840278456742 0.798132360545706 0.808063991294093 0.818981154649904 0.829906990147189 0.841404053193131 0.854520149588643 0.865433208658427 0.874742119101284 0.884623574239685
-9999 -9999 -9999 -9999 -9999 -9999 -9999 -9999 -9999 -9999 -9999 -9999 -9999 -9999 -9999 -9999 -9999 -9999 -9999 -9999 -9999 -9999 -9999 -9999 -9999 0.776140222834318 0.734728116511567 0.693316010188815 0.689690967948743 0.693694155710213 0.688447477100178 0.686131284374479 0.687480371879402 0.549284777318031 0.382508099794574 0.386557200850115 0.440750546384718 0.570670094008353 0.654472037280628 0.717949707738552 0.723427433682718 0.72983331480196 0.737944392019676 0.748393277533755 0.759991076862632 0.770037548181663 0.779907043331301 0.78941695591395 0.799787522805777 0.810675428954684 0.820014265597014 0.828808162186273 0.836323724229474 0.845506896038227 0.855904343195115 0.865407868738346
-9999 -9999 -9999 -9999 -9999 -9999 -9999 -9999 -9999 -9999 -9999 -9999 -9999 -9999 -9999 -9999 -9999 -9999 -9999 -9999 -9999 -9999 -9999 -9999 -9999 0.776342561252067 0.740335629464382 0.704328697676696 0.695417664849176 0.690920105858 0.672479414189128 0.62718831009835 0.548314281633105 0.471610474146997 0.405937560199152 0.458770889472759 0.524928667595081 0.611208593667286 0.665422459723812 0.705893527917473 0.716941255611356 0.726665798651283 0.733959401940966 0.743656690891607 0.754535269029473 0.763084538896018 0.771777672482458 0.780857467115471 0.790895449551162 0.801509398621416 0.808586800794048 0.815453279326051 0.822332365684634 0.828418514185643 0.833927282466804 0.843486842414473
-9999 -9999 -9999 -9999 -9999 -9999 -9999 -9999 -9999 -9999 -9999 -9999 -9999 -9999 -9999 -9999 -9999 -9999 -9999 -9999 -9999 -9999 -9999 -9999 -9999 -9999 -9999 0.707148873152452 0.707148873152452 0.639192483277219 0.641823011572596 0.577540427133526 0.429566837531807 0.402604263069864 0.419462247216853 0.506046767914456 0.580060372751733 0.635089790574671 0.66815729028254 0.692256494616813 0.708656477969541 0.721845581956295 0.729135695004296 0.738374047456304 0.748569860436311 0.756021191218394 0.763755810375431 0.772203405359333 0.781726557767215 0.791896227682458 0.797232692565111 0.802536106022401 0.808580752058852 0.812501194930385 0.814874892519612 0.823920770819189
-9999 -9999 -9999 -9999 -9999 -9999 -9999 -9999 -9999 -9999 -9999 -9999 -9999 -9999 -9999 -9999 -9999 -9999 -9999 -9999 -9999 -9999 -9999 -9999 -9999 -9999 -9999 -9999 -9999 0.638612758122193 0.636652159270064 0.55952451881168 0.388382342038178 0.371333156351693 0.405557624742883 0.476763238998978 0.545945337486124 0.612071588474885 0.650784691702186 0.678357751486264 0.697843098591566 0.713325631803375 0.721454240997528 0.730472131238484 0.739927057861549 0.747930636404991 0.7557682722351 0.763268657657677 0.771890168459489 0.781185587664014 0.786299514528489 0.790923395644472 0.794879457649366 0.799374095628841 0.804260899415054 0.811174846016036
-9999 -9999 -9999 -9999 -9999 -9999 -9999 -9999 -9999 -9999 -9999 -9999 -9999 -9999 -9999 -9999 -9999 -9999 -9999 -9999 -9999 -9999 -9999 -9999 -9999 -9999 -9999 -9999 -9999 0.679872920011988 0.618321254286697 0.525626336463278 0.393979261646805 0.372485602780804 0.391201949970952 0.477064935696045 0.54906990480139 0.600146949316336 0.63923238672537 0.673045795537286 0.6921350578868 0.707229706186033 0.71498549512601 0.723270195126011 0.731814827997585 0.739942337674441 0.747681317946959 0.754552336508878 0.761541866363222 0.768602633348811 0.773943232022761 0.779132456943998 0.784189426151471 0.790205616541493 0.796920266882662 0.801183134915442
-9999 -9999 -9999 -9999 -9999 -9999 -9999 -9999 -9999 -9999 -9999 -9999 -9999 -9999 -9999 -9999 -9999 -9999 -9999 -9999 -9999 -9999 -9999 -9999 -9999 -9999 -9999 -9999 -9999 0.673692240073911 0.563192745868672 0.480510091068007 0.432619110949344 0.396539647734257 0.376527685234666 0.498263446389805 0.578497771561948 0.596057982069829 0.63179110643473 0.673798910611002 0.690033050613766 0.70284593211713 0.709373316537989 0.716562673159787 0.724077355432904 0.73202626507363 0.739524143449034 0.74599029571294 0.750831986955876 0.75469721477002 0.760581773833122 0.767215630945792 0.775626327933815 0.783833213826284 0.791891694022096 0.79313679655607
-9999 -9999 -9999 -9999 -9999 -9999 -9999 -9999 -9999 -9999 -9999 -9999 -9999 -9999 -9999 -9999 -9999 -9999 -9999 -9999 -9999 -9999 -9999 -9999 -9999 -9999 -9999 0.721885315418783 0.703447793990709 0.673850803248735 0.597304033208288 0.532204804489051 0.481423490460396 0.43861313890645 0.4083423896951 0.493146362307636 0.557193186043581 0.589893240734533 0.630928114543118 0.673713403090173 0.673064619705042 0.678542635611259 0.695276737275863 0.709542563698004 0.722595358440347 0.728920014721933 0.734730380708816 0.739554147343721 0.743284277523855 0.74635702289223 0.752367458473855 0.75833424737786 0.76366969076923 0.770288548884808 0.777841929508728 0.778542085999614
-9999 -9999 -9999 -9999 -9999 -9999 -9999 -9999 -9999 -9999 -9999 -9999 -9999 -9999 -9999 -9999 -9999 -9999 -9999 -9999 -9999 -9999 -9999 -9999 -9999 0.690099386163171 0.702849998708694 0.715600611254216 0.698190895234569 0.670745095456542 0.623367575436604 0.574077200938488 0.522394340013325 0.470656248695469 0.427366838027633 0.480970974501687 0.533524515742599 0.584491482337402 0.628981049973039 0.669124488129187 0.65929862141084 0.661729389927662 0.686677908864532 0.705629519499973 0.721633954866895 0.725859817359625 0.729673308852718 0.732863488552434 0.735322882256437 0.737343000539317 0.742970566646504 0.74795410374243 0.750487344650219 0.755852387166937 0.763279415020731 0.763646181095898
-9999 -9999 -9999 -9999 -9999 -9999 -9999 -9999 -9999 -9999 -9999 -9999 -9999 -9999 -9999 -9999 -9999 -9999 -9999 -9999 -9999 -9999 -9999 -9999 -9999 0.695338974893213 0.697811525971446 0.700284077049679 0.682208408327544 0.653851448994943 0.588086296984475 0.545576451760405 0.532152983193827 0.460874444613739 0.384321925001733 0.453853542740076 0.520427022725012 0.582533219582065 0.620792918627526 0.64907492789895 0.662272470444476 0.678550094283028 0.70048640833297 0.712714480510409 0.720171445825898 0.721173702729418 0.722444292304558 0.724491531583006 0.724737655195023 0.723901128280749 0.727519396344381 0.731196968244524 0.734273158879946 0.740958973112718 0.750273146234278 0.750128614664264
-9999 -9999 -9999 -9999 -9999 -9999 -9999 -9999 -9999 -9999 -9999 -9999 -9999 -9999 -9999 -9999 -9999 -9999 -9999 -9999 -9999 -9999 -9999 -9999 -9999 0.692460217382776 0.685032867086196 0.677605516789617 0.673278422734078 0.659415778538695 0.574482446314989 0.528312288607937 0.530624840881344 0.467379229536641 0.395047906765183 0.452662011526132 0.514772267397501 0.583672463991834 0.624758735345298 0.654439765354853 0.6730453831774 0.690946689089624 0.707554041195585 0.715257147318257 0.718584269645995 0.716850193163842 0.715762558074986 0.716270301061405 0.715581426806248 0.714173265994148 0.716066344548435 0.717879773656503 0.718896912281068 0.723172369883444 0.729820382799931 0.732553065957709
-9999 -9999 -9999 -9999 -9999 -9999 -9999 -9999 -9999 -9999 -9999 -9999 -9999 -9999 -9999 -9999 -9999 -9999 -9999 -9999 -9999 -9999 -9999 -9999 -9999 0.682669624291346 0.665664332327643 0.648659040363939 0.670352828684174 0.684100484700147 0.579334425467761 0.520614782604615 0.51948730236247 0.487750166757152 0.451553604349778 0.473543394741621 0.515454144884412 0.587448878534775 0.639072237193135 0.68144203154232 0.690458299228534 0.699576664822876 0.708882603529213 0.713932574449599 0.716890953774467 0.712835399993617 0.709546771624729 0.708177396727703 0.70764182598892 0.707607454882994 0.708017229580191 0.707491292044396 0.704234074251867 0.70292254972669 0.703027787934849 0.711522613328112
-9999 -9999 -9999 -9999 -9999 -9999 -9999 -9999 -9999 -9999 -9999 -9999 -9999 -9999 -9999 -9999 -9999 -9999 -9999 -9999 -9999 -9999 -9999 -9999 -9999 0.701347244670688 0.693610610987561 0.685873977304434 0.69497563828154 0.693559422884545 0.591722204386651 0.514177026792138 0.467014912211365 0.451627630723936 0.449688740006 0.48828585803956 0.531564637783305 0.581913510305614 0.618517703025262 0.649241615210487 0.667644748372359 0.683571005839354 0.694946775538003 0.697197586077835 0.694963943528282 0.69835345381655 0.700490821289739 0.699647835951386 0.69957220718971 0.699957836423329 0.699214713465035 0.698168816795678 0.696458979002638 0.696218126556428 0.697046920456908 0.701097413107221
-9999 -9999 -9999 -9999 -9999 -9999 -9999 -9999 -9999 -9999 -9999 -9999 -9999 -9999 -9999 -9999 -9999 -9999 -9999 -9999 -9999 -9999 -9999 -9999 -9999 0.715745203302383 0.719981892380838 0.724218581459294 0.719488563791289 0.702429063705546 0.614776081080951 0.528281520143588 0.443235845253288 0.426536205494395 0.43636858553579 0.505983226578775 0.558208314422517 0.584172266347587 0.59707397073285 0.605561524189463 0.635264679655051 0.659677397301989 0.674370582946268 0.674954166196858 0.668603597859138 0.682279647094801 0.691809254279139 0.691432550065903 0.691536271520501 0.691928776817146 0.690817570341744 0.690016954601514 0.690357247658739 0.691784946631329 0.694004443675462 0.693075465433104
-9999 -9999 -9999 -9999 -9999 -9999 -9999 -9999 -9999 -9999 -9999 -9999 -9999 -9999 -9999 -9999 -9999 -9999 -9999 -9999 -9999 -9999 -9999 -9999 -9999 0.688132950704218 0.702424610714333 0.716716270724448 0.722198584420863 0.720309664235627 0.681877477539695 0.637461183147329 0.585560317082089 0.496680144019275 0.414595494108043 0.542240838776999 0.622178562291684 0.630069792769187 0.598418305572899 0.553957536397657 0.589241371426282 0.617940538555231 0.634542428942328 0.638864172494722 0.637150848771467 0.66685174090125 0.687073028072506 0.685024152153707 0.683758303471984 0.682963132418646 0.684898036523033 0.686514689042923 0.686756829749842 0.687503597273561 0.688617810416937 0.688094693257016
-9999 -9999 -9999 -9999 -9999 -9999 -9999 -9999 -9999 -9999 -9999 -9999 -9999 -9999 -9999 -9999 -9999 -9999 -9999 -9999 -9999 -9999 -9999 -9999 -9999 0.674956382468784 0.692785536532606 0.710614690596428 0.718469696434649 0.72229867898508 0.71464374671377 0.694160723009752 0.657633073335598 0.540486470727648 0.418949310686162 0.534836133358831 0.615222397740097 0.641996877172231 0.611926955997967 0.56161662998036 0.57472627526157 0.585983648871401 0.59383805009885 0.609300238757161 0.628501267804118 0.658793972881039 0.679923185853618 0.680031425613 0.679020752535995 0.677337501015657 0.676727503717365 0.677317614883186 0.681126929459444 0.684148986756024 0.686597800163594 0.684796314633508
-9999 -9999 -9999 -9999 -9999 -9999 -9999 -9999 -9999 -9999 -9999 -9999 -9999 -9999 -9999 -9999 -9999 -9999 -9999 -9999 -9999 -9999 -9999 -9999 -9999 0.676553270580097 0.691249943258432 0.705946615936767 0.708151239643396 0.708024270199393 0.712271501401504 0.697152188573884 0.657810335945922 0.557338927520903 0.450041363235738 0.482747481749033 0.535680255870066 0.619158665408469 0.637884547586316 0.629925466495959 0.592456633056366 0.564035563924029 0.552236944152478 0.586415064375952 0.643188412711912 0.658278792509421 0.670303252858367 0.676487494895373 0.677394759622415 0.675130033583762 0.66625330213959 0.66229248268629 0.673420060137568 0.6817427992891 0.688023186522787 0.68321969488769
-9999 -9999 -9999 -9999 -9999 -9999 -9999 -9999 -9999 -9999 -9999 -9999 -9999 -9999 -9999 -9999 -9999 -9999 -9999 -9999 -9999 -9999 -9999 -9999 -9999 0.717868012017738 0.717665049393664 0.71746208676959 0.71719790933968 0.717697295822334 0.723580648199567 0.715518987341064 0.690015720091642 0.585957171949173 0.469832409553522 0.495918689140432 0.529076409684068 0.572913189659406 0.578782730922589 0.569904772559855 0.568934344247966 0.568539939376928 0.56920379819966 0.593606703410328 0.629676141923841 0.642785603377733 0.653387606467485 0.658920682880369 0.662592760654265 0.665146192250415 0.659025640936661 0.656487969049675 0.665613208933991 0.668354797932405 0.666448111259863 0.667002809496012
-9999 -9999 -9999 -9999 -9999 -9999 -9999 -9999 -9999 -9999 -9999 -9999 -9999 -9999 -9999 -9999 -9999 -9999 -9999 -9999 -9999 -9999 -9999 -9999 -9999 -9999 -9999 0.727753523857927 0.728859071265319 0.730532713527721 0.734322354635857 0.733498565125745 0.726904566610088 0.62238292960369 0.500086858212019 0.523797220638635 0.533626441827891 0.522492816383657 0.507320857681653 0.492673957549888 0.537575895466851 0.57357341804358 0.593211850346294 0.606008034330297 0.615441601443676 0.628425832549008 0.638365332272686 0.641323785052887 0.64684032973772 0.653894543323265 0.652086381858455 0.651871366844342 0.657707081024277 0.65367020728525 0.642444577291643 0.648215740742586
-9999 -9999 -9999 -9999 -9999 -9999 -9999 -9999 -9999 -9999 -9999 -9999 -9999 -9999 -9999 -9999 -9999 -9999 -9999 -9999 -9999 -9999 -9999 -9999 -9999 -9999 -9999 -9999 0.72809007999133 0.72752426794597 0.72016201991229 0.725165125080173 0.745634090321505 0.69277586353018 0.617637392738114 0.549153282769561 0.500080762210019 0.480322990685534 0.484607793279446 0.498588121620459 0.517564354703224 0.54131677554579 0.573843954049897 0.606774602101497 0.639903534904539 0.644747684669312 0.647242660579225 0.645166716301825 0.645076367881864 0.646179561020686 0.642062362004585 0.640955876297741 0.649292456796049 0.647276897617431 0.637723395048322 0.634863040656333
-9999 -9999 -9999 -9999 -9999 -9999 -9999 -9999 -9999 -9999 -9999 -9999 -9999 -9999 -9999 -9999 -9999 -9999 -9999 -9999 -9999 -9999 -9999 -9999 -9999 -9999 -9999 -9999 -9999 0.725864507986916 0.712349760743126 0.713004710361896 0.731382287501881 0.708513960386366 0.666518620667393 0.552790416713364 0.47759554559874 0.460592456613351 0.472728659965128 0.495895380949541 0.504918298708104 0.522402421288736 0.55543137283593 0.603524439801211 0.659020752934474 0.657521616058247 0.653576293389093 0.645595120986841 0.640228728080015 0.636434078981552 0.632589590487736 0.631232608919924 0.636941116412437 0.63486525116089 0.627121170167819 0.619508717789483
-9999 -9999 -9999 -9999 -9999 -9999 -9999 -9999 -9999 -9999 -9999 -9999 -9999 -9999 -9999 -9999 -9999 -9999 -9999 -9999 -9999 -9999 -9999 -9999 -9999 -9999 -9999 -9999 -9999 0.725864507986916 0.712349760743126 0.696134629269806 0.676542015248461 0.656991082104112 0.630891966561617 0.529699151724271 0.468721887765855 0.468476836738701 0.474182303923876 0.482610552974593 0.501336576529585 0.519907754030211 0.53819445012637 0.595331088645957 0.671560496929325 0.665929298805753 0.656779527340734 0.641821438562348 0.631586160019691 0.62418976244542 0.623795212735812 0.622976550982542 0.619745056299558 0.615047138546555 0.609281440176858 0.601691097851431
-9999 -9999 -9999 -9999 -9999 -9999 -9999 -9999 -9999 -9999 -9999 -9999 -9999 -9999 -9999 -9999 -9999 -9999 -9999 -9999 -9999 -9999 -9999 -9999 -9999 -9999 -9999 -9999 -9999 -9999 -9999 -9999 0.656961866102704 0.644174466002533 0.623708660370067 0.560991901362115 0.518581335739367 0.506836520890651 0.496818732865093 0.488908678234818 0.520931006443822 0.541527105530454 0.541131066833501 0.583812431525496 0.647664147925162 0.645137634127131 0.639259749718619 0.627544907164981 0.617974890281119 0.609694127987324 0.609363490891701 0.609060519657483 0.607462550131967 0.603879112745706 0.598849950629581 0.590622926338997
