layers/veg/veg_2000.asc
NCOLS 255 
NROWS 330 
XLLCORNER -2985163.8955 
YLLCORNER -3022031.214 
CELLSIZE 25000 
NODATA_value -9999 
[rows 150 to 174 of 330, columns 57 to 113 of 255]
-9999 -9999 -9999 -9999 -9999 -9999 -9999 -9999 -9999 -9999 -9999 -9999 -9999 -9999 -9999 -9999 -9999 -9999 -9999 -9999 0.51513801921405 0.527910426043542 0.46663623455006 0.364889131556866 0.176848672139181 0.0330162233519495 0.00942196924331225 0.0294211144185654 0.0784018720273355 0.0795332650870326 0.0748540130324617 0.065093475905093 0.0546074195825191 0.0435390481768706 0.0202691638180319 0 0 0 0 0.0586533673157475 0.120611181892141 0.129583771326418 0.122805631670615 0.0977529103177885 0.133931927798713 0.189493858933176 0.265147896490474 0.306604026357245 0.300247495278388 0.320147252529501 0.347612220243737 0.341155262011099 0.336880559076586 0.336304490794247 0.339878692349267 0.345288636000565 0.345587908964261
-9999 -9999 -9999 -9999 -9999 -9999 -9999 -9999 -9999 -9999 -9999 -9999 -9999 -9999 -9999 -9999 -9999 -9999 -9999 -9999 0.509313618465228 0.504358850201821 0.465210462261539 0.407372284724163 0.233889277100198 0.0885171579564865 0.0252604887870127 0.0229510826026735 0.0611604242961016 0.0638483535357454 0.0579747045034233 0.0346317877051427 0.0317754642714907 0.0453620584007164 0.0226552835154315 0 0 0 0 0.0421677096810448 0.0882075556083172 0.104986892457553 0.124896350470607 0.148437491474503 0.173597690370275 0.201818498431363 0.253769494251858 0.284063935882138 0.284079990538637 0.313701996256414 0.351610584424868 0.346918267431683 0.34328098623798 0.34143185144979 0.342331070338436 0.344545308376711 0.357212425953343
-9999 -9999 -9999 -9999 -9999 -9999 -9999 -9999 -9999 -9999 -9999 -9999 -9999 -9999 -9999 -9999 -9999 -9999 -9999 -9999 -9999 0.485866170529599 0.46743891537405 0.438939561243203 0.272213604209032 0.123939732662127 0.0353691679608155 0.0156543632513623 0.0417160059555138 0.0510949605437615 0.0511152443950884 0.0257202647512319 0.0264900091401093 0.0482600434585221 0.0245503920279216 0 0 0 0 0.0289232116135522 0.0608167881325169 0.0744961046440099 0.0995506601690311 0.137803191069479 0.174748389993852 0.211609007463103 0.251038317593989 0.276036523768557 0.280858364570759 0.313996825065363 0.354936804635032 0.352914350074161 0.350333147836363 0.346804942046101 0.348626944949495 0.352937430696674 0.367645882066766
-9999 -9999 -9999 -9999 -9999 -9999 -9999 -9999 -9999 -9999 -9999 -9999 -9999 -9999 -9999 -9999 -9999 -9999 -9999 -9999 -9999 -9999 0.474346326871057 0.456529885888098 0.286573157508808 0.13365349083736 0.0381412212568087 0.00729913323069912 0.0194508508862815 0.0420951546563075 0.0570854399960582 0.0444020934107078 0.043671516257676 0.052534452234213 0.0258167979705413 0 0 0 0 0.019828772469137 0.0398446060410431 0.03645861359033 0.0390747295790456 0.0486547150117361 0.126583473602334 0.218154754693877 0.259379257238042 0.286591495238099 0.294212954182583 0.322921821460006 0.357402395485097 0.359208870415997 0.358219805935029 0.352492671188338 0.359844125383587 0.373026803574495 0.376554275093214
-9999 -9999 -9999 -9999 -9999 -9999 -9999 -9999 -9999 -9999 -9999 -9999 -9999 -9999 -9999 -9999 -9999 -9999 -9999 -9999 -9999 -9999 0.479924961411759 0.47870472819617 0.318081716915875 0.167611311052269 0.0577512554865741 0.0128215911463447 0.0110587241783143 0.041916993866647 0.0655260415519826 0.056452010501986 0.0530212350749113 0.0541198406602094 0.0261042926524532 5.73272694105645e-05 0.000357779790819112 0.000352473589084267 5.20210676757202e-05 0.0260298752974422 0.0498612309661062 0.0285472044678 0.0448529868087462 0.10480667053429 0.183112835966145 0.260261808599107 0.280005347874141 0.292146134179052 0.293657385680155 0.323466917702262 0.36148027742666 0.363830710755168 0.366636155140451 0.370212783201247 0.375405047279863 0.381273377789288 0.379782837372804
-9999 -9999 -9999 -9999 -9999 -9999 -9999 -9999 -9999 -9999 -9999 -9999 -9999 -9999 -9999 -9999 -9999 -9999 -9999 -9999 -9999 -9999 0.497322572807839 0.500517950301466 0.35770792700361 0.216094665246303 0.0911136924902932 0.0286170227990264 0.0076609506373951 0.0432904368571606 0.0721712930018315 0.0631446152234453 0.0574199507784823 0.0543455431169014 0.0268828001927277 0.00177655626861411 0.00174133948724918 0.00120248490967932 0.000177473010184899 0.0368175128525689 0.0695244902559503 0.0324691450332908 0.0720118261890624 0.200426386410103 0.26745634508644 0.311685680704659 0.305097060364547 0.297984801257485 0.290140434120632 0.321935353064192 0.365704315502636 0.368128942254888 0.375330228847304 0.390627323304946 0.391334481368128 0.385471453269126 0.38131260019486
-9999 -9999 -9999 -9999 -9999 -9999 -9999 -9999 -9999 -9999 -9999 -9999 -9999 -9999 -9999 -9999 -9999 -9999 -9999 -9999 -9999 -9999 0.494626803573818 0.493652939289064 0.429589088206621 0.348021448760828 0.227902291404673 0.116480260565604 0.0108402231967386 0.0286889273637854 0.0466696581165031 0.0298370112005189 0.0316528124585155 0.0484362020579584 0.0376643952559416 0.0238915701294305 0.0144262967972398 0.00681943086738687 0.00100646994739063 0.0434399712759539 0.0851461034806577 0.0629327260523366 0.0999123215540199 0.205569805775176 0.278866577467896 0.336713669899959 0.336545572712066 0.327318089863519 0.305424529929548 0.328098425285185 0.365303218886907 0.375091237794284 0.385355534195205 0.396427058074592 0.394489744424071 0.386722745313903 0.384443160451435
-9999 -9999 -9999 -9999 -9999 -9999 -9999 -9999 -9999 -9999 -9999 -9999 -9999 -9999 -9999 -9999 -9999 -9999 -9999 -9999 -9999 -9999 0.498540294275045 0.494879609821656 0.476415940881507 0.430906550947478 0.318131410372572 0.175568199822929 0.0132013879636396 0.0182175242238643 0.0300360096815341 0.0160229812610887 0.0192051667136371 0.0361885478631655 0.0373888100390731 0.0336335857640811 0.018619392629243 0.00784307684908695 0.00115754837862386 0.0419136465545097 0.0851680555012405 0.0845356960714511 0.121836364560193 0.203148342858668 0.279549818439932 0.348430688412201 0.361381642322547 0.357923803394622 0.331524559524528 0.344212574191709 0.370426722040037 0.386554864806766 0.398337641160534 0.402755595073412 0.399012443835567 0.391644529821407 0.39224406456413
-9999 -9999 -9999 -9999 -9999 -9999 -9999 -9999 -9999 -9999 -9999 -9999 -9999 -9999 -9999 -9999 -9999 -9999 -9999 -9999 -9999 -9999 0.503819059237906 0.508322444298949 0.484480191065301 0.437917150484287 0.336326347621533 0.19013663232857 0.0142968228414992 0.014135986948537 0.0271224059760289 0.0323683014582218 0.027364683026 0.0141346157472232 0.0200061837961856 0.0242328016153952 0.00967436291644711 0.00176023011347873 0.000259789818851437 0.0277799875905527 0.0610550981280009 0.092430032238908 0.13451398007744 0.189022923936206 0.263636867844282 0.339553729454312 0.375987316269818 0.390498140466653 0.374358387278359 0.375722463495005 0.384097572030627 0.404982696094771 0.415894343573696 0.409902264833025 0.405650763074394 0.402245091698461 0.40727065930757
-9999 -9999 -9999 -9999 -9999 -9999 -9999 -9999 -9999 -9999 -9999 -9999 -9999 -9999 -9999 -9999 -9999 -9999 -9999 -9999 -9999 -9999 0.520706984556237 0.519898332011182 0.497310078808046 0.454545522763849 0.3625999230441 0.20950352494667 0.015753065278111 0.00748152109283498 0.0151764323620352 0.0214244468732168 0.0208777436370569 0.0148774746569962 0.014061749041505 0.0124235558674105 0.00409213907262432 0 0 0.0221861154120615 0.0490793901866112 0.076335224119147 0.119211534229111 0.180211301762428 0.24404143629891 0.306886259125842 0.353532004025389 0.380534878500892 0.380074730615998 0.392701284372648 0.409721977881933 0.420964720874968 0.424525282149595 0.415065559531482 0.414132074705998 0.417053250317626 0.421080912038013
-9999 -9999 -9999 -9999 -9999 -9999 -9999 -9999 -9999 -9999 -9999 -9999 -9999 -9999 -9999 -9999 -9999 -9999 -9999 -9999 -9999 -9999 0.493730217017437 0.52686592444942 0.510536015809284 0.473858514717344 0.390143117224329 0.230001746079207 0.0190511243451314 0.000862030402648828 0 0 0.00863368621103704 0.0241969281615337 0.0125937272996785 0 0 0 0 0.0198534079760587 0.0416505252841713 0.0503831641421177 0.0923559133478065 0.172895074856941 0.223545917663331 0.266684157127455 0.317755456759643 0.354673784242732 0.371804607038061 0.4040898914791 0.439622788047705 0.435604826974286 0.429431165757015 0.419603877368529 0.423072269887509 0.432476266714436 0.433121352581585
-9999 -9999 -9999 -9999 -9999 -9999 -9999 -9999 -9999 -9999 -9999 -9999 -9999 -9999 -9999 -9999 -9999 -9999 -9999 -9999 -9999 -9999 0.467355571474999 0.459700593748258 0.471396606500006 0.451407919503072 0.349199267198794 0.222609313563714 0.0798102677862086 0.0309490726366652 0 0 0.00341166127767061 0.00956158480044718 0.00497649911285061 0 0 0 0 0.0101856776613048 0.0208093055976477 0.0214295146807695 0.060099564370581 0.142916454295465 0.223373975963019 0.299480923107636 0.34200396108002 0.377092423189156 0.401786481692059 0.426566019070737 0.449478683742903 0.438516285990877 0.431273659119999 0.430335552848059 0.4221261888788 0.410656179633583 0.401952995905776
-9999 -9999 -9999 -9999 -9999 -9999 -9999 -9999 -9999 -9999 -9999 -9999 -9999 -9999 -9999 -9999 -9999 -9999 -9999 -9999 -9999 -9999 0.404668568485278 0.409154981204427 0.442592242688898 0.43469907249987 0.319210481363264 0.215827224014994 0.120491792667792 0.0511615822655401 0 0 0 0 0 0 0 0 0 0.00340762579396245 0.00633460974522434 0.00221343367661793 0.0380768583881611 0.120331904046313 0.225469238731902 0.329887816485441 0.369324118879444 0.402113916508395 0.425611125781332 0.442102388264256 0.454751625673876 0.44390316650093 0.435717761498809 0.432045881768138 0.414605832635564 0.391029837016593 0.377998843828806
-9999 -9999 -9999 -9999 -9999 -9999 -9999 -9999 -9999 -9999 -9999 -9999 -9999 -9999 -9999 -9999 -9999 -9999 -9999 -9999 -9999 -9999 0.39880006576358 0.394210328189495 0.43326444891284 0.428810648220139 0.309866701393735 0.210195336227829 0.123336701921484 0.0527653662839194 0 0 0 0 0 0 0 0 0 0.00207522239229517 0.00385773696543559 0.00134796700321854 0.0353396276885866 0.111681605785461 0.231837087106325 0.355790954062336 0.40243286020457 0.43204053341825 0.437832363544329 0.444560664043362 0.451387912839071 0.453955021160561 0.445064640571688 0.41675532877563 0.394696142251744 0.375537643368468 0.367639983726246
-9999 -9999 -9999 -9999 -9999 -9999 -9999 -9999 -9999 -9999 -9999 -9999 -9999 -9999 -9999 -9999 -9999 -9999 -9999 -9999 -9999 -9999 0.383498863016317 0.38423493772372 0.415338769773551 0.411265323169514 0.31508169183617 0.233418042661091 0.161407517637032 0.0705897352171057 0 0 0 0 0 0 0 0 0 0.000984911361373952 0.00183090206647566 0.000639752163987974 0.0408641344584424 0.129140357548978 0.264095514483786 0.400702366994054 0.433134963554709 0.453566601528136 0.457219500604835 0.450175650340662 0.439580026485963 0.434419197265597 0.421867958813306 0.396790952316161 0.380738954411354 0.368806781067469 0.363570201420252
-9999 -9999 -9999 -9999 -9999 -9999 -9999 -9999 -9999 -9999 -9999 -9999 -9999 -9999 -9999 -9999 -9999 -9999 -9999 -9999 -9999 -9999 0.380798992552855 0.377359482573549 0.393076101403141 0.387839964718139 0.327640491579095 0.271195730827131 0.217247164934691 0.0965961744066422 0 0 0 0 0 0 0 0 0 1.67178000985058e-05 3.10775730158927e-05 1.08590977925339e-05 0.0505560690226371 0.15976916962462 0.309413799905396 0.455202031226329 0.462623098290501 0.470855221923636 0.480221297174237 0.457382960674022 0.423512687015321 0.399958605495277 0.382255487950421 0.374468981961447 0.369784358294212 0.366495354255255 0.362672787845066
-9999 -9999 -9999 -9999 -9999 -9999 -9999 -9999 -9999 -9999 -9999 -9999 -9999 -9999 -9999 -9999 -9999 -9999 -9999 -9999 -9999 -9999 0.371694248164189 0.371183956031157 0.378009167043017 0.36674665272322 0.308893104018392 0.24335479218438 0.172707522794592 0.121221140725786 0.0715050402773533 0.0220291921478261 0 0 0 0 0 0 0 0 0 0 0.0560671691075756 0.177185553083835 0.330095913346575 0.474475339956952 0.459993008440423 0.447869888210249 0.439045220340211 0.423634018021628 0.405895067744103 0.388990295753786 0.376304840389381 0.370770569716573 0.368459728152571 0.367578331954061 0.363237550240047
-9999 -9999 -9999 -9999 -9999 -9999 -9999 -9999 -9999 -9999 -9999 -9999 -9999 -9999 -9999 -9999 -9999 -9999 -9999 -9999 -9999 -9999 0.378343967396447 0.372556304596857 0.370133711143985 0.354271032464044 0.30398307499886 0.226878317862584 0.13194530902899 0.142777981506294 0.137211899910653 0.0485884759608243 0.0061179171270228 0.000690498794254214 0 0 0 0 0 0 0 0 0.0542667933651479 0.171495938702401 0.325693807653638 0.471593750838456 0.447532591188398 0.42536092760168 0.405830999744883 0.396409450347845 0.390392408685495 0.380098097528893 0.371995256919134 0.367606669591632 0.367313918018115 0.368830030933497 0.364912553716095
-9999 -9999 -9999 -9999 -9999 -9999 -9999 -9999 -9999 -9999 -9999 -9999 -9999 -9999 -9999 -9999 -9999 -9999 -9999 -9999 -9999 -9999 0.385271096468832 0.390196841763803 0.378683834203038 0.361735484267846 0.332522465893911 0.239503660441463 0.104065713043176 0.157258147114104 0.186517579391052 0.0847799211665306 0.0264594248955461 0.00298634332693641 0 0 0 0 0 0 0 0 0.0356386986770294 0.112626741046292 0.263979591949792 0.418643056374198 0.413529587619274 0.405604662394616 0.393748993331264 0.386026493817062 0.379870164420394 0.375073017621331 0.37012592582655 0.36492469705817 0.366190468262319 0.370335331436803 0.369109035668584
-9999 -9999 -9999 -9999 -9999 -9999 -9999 -9999 -9999 -9999 -9999 -9999 -9999 -9999 -9999 -9999 -9999 -9999 -9999 -9999 -9999 -9999 0.507472248633583 0.412931999699144 0.379138967547349 0.350690615895352 0.330151187546917 0.246202415924927 0.120098064751767 0.174574599271299 0.205956560091688 0.111341864354536 0.0463861843743092 0.00523537728862648 0 0 0 0 0 0 0.00372151415935628 0.0294075237549037 0.0679037050089059 0.121262723861503 0.255186621761417 0.396055503840847 0.394402087288386 0.391268321507694 0.386064854961359 0.380928539886037 0.375851500651274 0.371400438978028 0.367136444595007 0.36318950457428 0.364816829604877 0.368935131087855 0.369722614324045
-9999 -9999 -9999 -9999 -9999 -9999 -9999 -9999 -9999 -9999 -9999 -9999 -9999 -9999 -9999 -9999 -9999 -9999 -9999 -9999 -9999 0.568600556369456 0.515142155553476 0.432464085311169 0.374607072180161 0.328242828630769 0.30873697024214 0.24925001667595 0.163182970156749 0.193638384402873 0.206995754062379 0.131971421618414 0.0660574325180409 0.00745557296024261 0 0 0 0 0 0 0.00973571782382184 0.0769319532092289 0.131522099664634 0.171486192893312 0.278996505947676 0.392173578604956 0.38443884341257 0.380270998847005 0.381090083122636 0.379086483817038 0.375839456260797 0.368561087166986 0.363456879607828 0.362037588840215 0.363289058665644 0.365744957350172 0.368128896584766
-9999 -9999 -9999 -9999 -9999 -9999 -9999 -9999 -9999 -9999 -9999 -9999 -9999 -9999 -9999 -9999 -9999 -9999 -9999 -9999 0.519606514327035 0.516359614746475 0.48176459533139 0.430035099674587 0.391649441787855 0.346484585436048 0.282871143377895 0.21836000349489 0.153252059259171 0.145919375671839 0.130188422979892 0.0708913819522332 0.0298158236377714 0.0033651633136123 0 0 0 0 0 0 0.0176684746221974 0.139616850807591 0.225063286218588 0.268158812349979 0.305639723169018 0.340154647471741 0.362005006068412 0.376174852824641 0.379606448813043 0.375951122264971 0.369750303350453 0.363716903687753 0.360018257086142 0.360276708713799 0.360790552748078 0.361322185436084 0.348286201830931
-9999 -9999 -9999 -9999 -9999 -9999 -9999 -9999 -9999 -9999 -9999 -9999 -9999 -9999 -9999 -9999 -9999 -9999 -9999 -9999 -9999 0.472746060320978 0.452252089458927 0.420556379587077 0.397652108668774 0.35438059529131 0.258596896184393 0.186769676663693 0.130869120767406 0.098216243110381 0.0643271141219901 0.0198178247548973 0 0 0 0 0 0 0 0 0.0233607125282344 0.18459709655501 0.292992477692525 0.340079761996565 0.319369313900939 0.28879870067261 0.341603726160542 0.374127823613082 0.378296819794689 0.373804879303021 0.366256589984525 0.359885775932531 0.356159836175253 0.356916609199336 0.353820210455712 0.348865480806176 0.327211214229403
-9999 -9999 -9999 -9999 -9999 -9999 -9999 -9999 -9999 -9999 -9999 -9999 -9999 -9999 -9999 -9999 -9999 -9999 -9999 -9999 -9999 -9999 0.442136159805168 0.394795284164915 0.367119931654698 0.324001075443668 0.239854349346103 0.159824626017891 0.0825319541839228 0.063730074254182 0.0458244385369148 0.0141175413324767 0 0 0 0 0 0 0 0 0.022123307900931 0.174819085666522 0.280131000105855 0.330466393996583 0.294780694164412 0.248874639885773 0.329605026002466 0.376711397912385 0.376807478858076 0.374805877204251 0.3715504347438 0.359412204555165 0.351026407663759 0.349000489854803 0.333965664488462 0.313160648257638 0.306131967758806
-9999 -9999 -9999 -9999 -9999 -9999 -9999 -9999 -9999 -9999 -9999 -9999 -9999 -9999 -9999 -9999 -9999 -9999 -9999 -9999 -9999 -9999 0.456530622364812 0.309598657131523 0.306839888969249 0.287263608637384 0.211578994215942 0.132533183730675 0.051252794542323 0.0361546832233918 0.025005595842003 0.00770369575959567 0 0 0 0 0 0 0 0.0111623102281199 0.0442748324221444 0.193142996469425 0.287731798436921 0.319343665742132 0.295965753709414 0.267868427280339 0.337240402193462 0.376321385671087 0.373052032504765 0.36914973271546 0.364574339102878 0.352056930569423 0.340544137019462 0.330734033247932 0.313814302025631 0.293841227932179 0.295347304793878
