layers/veg/veg_5000.asc
NCOLS 255 
NROWS 330 
XLLCORNER -2985163.8955 
YLLCORNER -3022031.214 
CELLSIZE 25000 
NODATA_value -9999 
[rows 75 to 99 of 330, columns 171 to 227 of 255]
0.736582618279853 0.745718383597323 0.751372699521976 0.752875574988958 0.740447510428795 0.725655101002485 0.727608812990118 0.72742422374243 0.724165025230385 0.709394179012603 0.691517578288363 0.698192413576434 0.70139891295072 0.698552549560822 0.695803283487173 0.693101507591474 0.697311270799005 0.700143623806073 0.70002676445919 -9999 -9999 -9999 -9999 -9999 -9999 -9999 -9999 -9999 -9999 -9999 -9999 -9999 -9999 -9999 -9999 -9999 -9999 -9999 -9999 -9999 -9999 -9999 -9999 -9999 -9999 -9999 -9999 -9999 -9999 -9999 -9999 -9999 -9999 -9999 -9999 -9999 -9999
0.732132288876609 0.735399153046054 0.737619864391863 0.73859309497121 0.721601666866594 0.702011473024368 0.708450498361868 0.71127233221893 0.708893097932272 0.688787647073825 0.664041595294889 0.680025304373793 0.689707880748705 0.688393860350919 0.684804265728966 0.680159384884779 0.688493202479026 0.69304933390874 0.689516953505124 -9999 -9999 -9999 0.678974075327737 0.678673166843672 -9999 -9999 -9999 -9999 -9999 -9999 -9999 -9999 -9999 -9999 -9999 -9999 -9999 -9999 -9999 -9999 -9999 -9999 -9999 -9999 -9999 -9999 -9999 -9999 -9999 -9999 -9999 -9999 -9999 -9999 -9999 -9999 -9999
0.725927604008638 0.726809648698147 0.726487539258989 0.724729541026693 0.713570490526076 0.700884968531684 0.700180568178401 0.697146664890339 0.690763228250147 0.674206086436971 0.655523332228367 0.671307538233528 0.680968091788067 0.679941783164167 0.678221934814206 0.676182432613536 0.684077827248302 0.689227399564524 0.688497813224245 0.688232524083853 -9999 0.679056054441923 0.678974075327737 0.678673166843672 0.678549934574509 -9999 -9999 -9999 -9999 -9999 -9999 -9999 -9999 -9999 -9999 -9999 -9999 -9999 -9999 -9999 -9999 -9999 -9999 -9999 -9999 -9999 -9999 -9999 -9999 -9999 -9999 -9999 -9999 -9999 -9999 -9999 -9999
0.719007332177983 0.717611616180797 0.714740655820153 0.710110546195972 0.702592983739018 0.694684002483193 0.69121754366464 0.684574460878766 0.673363790833448 0.661336824519628 0.650250539029839 0.664846235591588 0.673523794793464 0.671873152186366 0.671494319441957 0.67171038393772 0.680143708198335 0.685932255075151 0.686057993493649 0.678497916971713 0.666546335958149 0.669667627516271 0.672514927784645 0.672707795608491 0.67401271051006 0.676088916520458 0.689969222401427 0.703707761361841 0.712902409930483 -9999 -9999 -9999 -9999 -9999 -9999 -9999 -9999 -9999 -9999 -9999 -9999 -9999 -9999 -9999 -9999 -9999 -9999 -9999 -9999 -9999 -9999 -9999 -9999 -9999 -9999 -9999 -9999
0.711195725918783 0.707655601564205 0.702228279149859 0.694550574928117 0.687945530597668 0.682162292029205 0.681391201523482 0.673937249272236 0.656874179140033 0.65060040023104 0.649020299959612 0.661195581700534 0.667693161338652 0.664282141435538 0.66458573788999 0.666621643659264 0.676809041381613 0.683293279519419 0.681848576814679 0.675526175604535 0.666416765461534 0.66126575306951 0.658010272309669 0.659311963732943 0.665614246772316 0.675384828887914 0.689969222401427 0.703707761361841 0.712902409930483 0.717090133460907 -9999 -9999 -9999 -9999 -9999 -9999 -9999 -9999 -9999 -9999 -9999 -9999 -9999 -9999 -9999 -9999 -9999 -9999 -9999 -9999 -9999 -9999 -9999 -9999 -9999 -9999 -9999
0.699917640863575 0.685331703689091 0.667381517284451 0.645419645289152 0.655331181959495 0.670890048482365 0.650476888339595 0.633304597806657 0.620792271717626 0.630820482778872 0.648885074794633 0.659196011716124 0.665531975558453 0.664930904713958 0.667478118619958 0.671489991135982 0.671668673810552 0.671816963332443 0.671900177206335 0.667604240369961 0.660806153772932 0.653029452382414 0.647325966713688 0.64728394246698 0.655139335924938 0.668472202576562 0.683146688706488 0.697062169162641 0.707924513448326 0.712650996837602 0.712245530205822 0.720200552554198 0.728505716760904 0.732356212347712 0.729806608072668 0.720821722506603 0.756929718115021 -9999 -9999 -9999 -9999 -9999 -9999 -9999 -9999 -9999 -9999 -9999 -9999 -9999 -9999 -9999 -9999 -9999 -9999 -9999 -9999
0.687328891003088 0.660565635593926 0.629091720990919 0.592000599600419 0.620417843405133 0.659606424722935 0.616633888524749 0.589442745105695 0.584943267220785 0.611875132905045 0.649133334315756 0.657434012063727 0.663897973689037 0.667156539152158 0.672279810390036 0.678265387998954 0.666211355254228 0.658686138645131 0.660857699721789 0.658193996679555 0.65276753077341 0.644624823188473 0.638141915994606 0.636438078731464 0.644915753846955 0.660455099398338 0.674207048351876 0.687652007158297 0.700663457169792 0.707832455117812 0.710114906174308 0.715523253031428 0.72183261146942 0.72997037219323 0.729555851656847 0.720542037862977 0.756224271269365 0.794421740811296 0.78430975220614 -9999 -9999 -9999 -9999 -9999 -9999 -9999 -9999 -9999 -9999 -9999 -9999 -9999 -9999 -9999 -9999 -9999 -9999
0.672076250162785 0.651517027668983 0.630103530055721 0.607671355479863 0.622435334045232 0.643821103237755 0.623536709815937 0.614110796248268 0.620298016230218 0.634004518716555 0.649878336257552 0.652575165205102 0.655372317003543 0.658344550012008 0.664332706145023 0.671720005887675 0.663495882287694 0.657807971806546 0.65755041973265 0.649307451558139 0.636501793422296 0.633740322614602 0.632523568202461 0.634150801026001 0.64479726661868 0.661699271372116 0.665245581132172 0.670291148263281 0.685049552665416 0.690804074048607 0.689027870985988 0.658041382546684 0.639823201503529 0.700649488617233 0.726474170069586 0.717104841595508 0.747554652396673 0.781409639482303 0.779707265241366 0.778775575045628 -9999 -9999 -9999 -9999 -9999 -9999 -9999 -9999 -9999 -9999 -9999 -9999 -9999 -9999 -9999 -9999 -9999
0.653448857923243 0.637883558333414 0.62573961630635 0.617675458473631 0.621619153594255 0.628161808880543 0.625795883518023 0.62886374164985 0.639744699636954 0.644270598615166 0.646276505043372 0.645225738170798 0.645897956728965 0.649577091173079 0.656019210336345 0.66374365866031 0.658768488958037 0.654914652125252 0.653461733153014 0.642518261638724 0.626152098524462 0.627479448292885 0.629841842653231 0.632711357125891 0.643992940747311 0.661108948352455 0.660616928331645 0.662290869419605 0.677416696956424 0.68164875829103 0.676769422767934 0.617571568364417 0.579049618775813 0.673598305361458 0.712542668105694 0.695577049343342 0.728760778886835 0.76651361033392 0.76128682099249 0.765210742490573 0.780197080067352 0.799862152544673 -9999 -9999 -9999 -9999 -9999 -9999 -9999 -9999 -9999 -9999 -9999 -9999 -9999 -9999 -9999
0.629746606187521 0.61735549893304 0.613291836593253 0.619158202763787 0.616541775518812 0.612692030695483 0.621072066096734 0.628706620331657 0.635269266052225 0.636696961288456 0.636138024188896 0.634131044312277 0.634996961763839 0.640876595791685 0.647154744845395 0.653615464956281 0.651015624429921 0.648991000330494 0.648197988565532 0.63888301750807 0.624698787588599 0.628171457551815 0.631576129874456 0.632546862675172 0.642157269351784 0.657759961586405 0.662503844175762 0.668366776624485 0.681785525661243 0.684332744317217 0.677787163852008 0.602684022403641 0.550209896285392 0.649960235802345 0.682295500939733 0.646845110188618 0.694742326227654 0.748784581698075 0.722087307874464 0.727974138533936 0.773252326615298 0.799862152544674 0.819049823199006 -9999 -9999 -9999 -9999 -9999 -9999 -9999 -9999 -9999 -9999 -9999 -9999 -9999 -9999
0.611168547160989 0.592437028406923 0.584405859264765 0.589134279384995 0.591770987212057 0.594626171307085 0.605644523790622 0.614042259385872 0.618671876238093 0.620652344640864 0.621608699058714 0.621834504204942 0.624598870744516 0.631793478216435 0.636065574645375 0.63897508118389 0.636446396139756 0.634788732416898 0.634996037343467 0.63114242280885 0.624968488803604 0.626935340995129 0.629181013587893 0.631132835689717 0.637992830389912 0.64825702439206 0.657091981037637 0.665250755959152 0.671592193561124 0.672492508109723 0.668841941854513 0.601040487860572 0.553029850269323 0.641181378742025 0.678004705352847 0.663217678332735 0.692527030026166 0.72509580311852 0.715001306634574 0.72811331909554 0.769279988968921 0.784640065633284 0.791750037524065 0.792970046501251 -9999 -9999 -9999 -9999 -9999 -9999 -9999 -9999 -9999 -9999 -9999 -9999 -9999
0.595408255419025 0.567853688835566 0.551774202158981 0.549378128798333 0.56062554522788 0.575439971818673 0.586180579828897 0.593855242356506 0.597121459418556 0.601226277915016 0.605614106571167 0.609383989257853 0.614675036295122 0.622620785554066 0.624250299923635 0.622938066472408 0.619364170602279 0.61731016718511 0.618510448945616 0.62152742629692 0.625582423286834 0.624825832333969 0.625220191131234 0.629301994923646 0.633081880080225 0.636652361189014 0.648861624817485 0.658415551763969 0.655931377766754 0.655048861177911 0.655505948910188 0.604232501227057 0.568137910547625 0.63830299738724 0.683289585982084 0.702959269811682 0.701934401393959 0.699732029623067 0.719814149611528 0.741684973278828 0.765718184621125 0.76375688246969 0.756959062148531 0.779887615824699 0.792363686898434 0.789597401428222 -9999 -9999 -9999 -9999 -9999 -9999 -9999 -9999 -9999 -9999 -9999
0.601399588177476 0.59943726217209 0.593388990122165 0.582468447990656 0.567082966127909 0.553592651358475 0.57160107427273 0.578875191179326 0.570714720969568 0.58057739847856 0.59680703397046 0.605623555773897 0.61226519619305 0.615111281950062 0.616520226444679 0.617256361483637 0.60695608623201 0.599408296548373 0.597753932395096 0.604909060948554 0.617097738590874 0.619615999004784 0.622912542837101 0.629521109065599 0.632816082880236 0.633812822727719 0.642163381776457 0.648894598286879 0.647567172292903 0.640797052204285 0.629474737314453 0.597060281073067 0.578298466289136 0.636725272759907 0.670947212744087 0.680831231787182 0.68675188355351 0.692662487826122 0.704225276233913 0.720188866067003 0.741472643293205 0.75197458422492 0.760157140503173 0.777452942429152 0.787984593802681 0.788652407238475 -9999 -9999 -9999 -9999 -9999 -9999 -9999 -9999 -9999 -9999 -9999
0.605158789106694 0.611235734776883 0.610393740864647 0.60130128501379 0.571047540802607 0.539563611948178 0.556775898727168 0.56239145929322 0.551332380542076 0.565656094889434 0.588835069667087 0.599272200470188 0.606233418011706 0.60712854897005 0.608694362439271 0.610566796726844 0.59525630396365 0.584207238017592 0.582282434844044 0.592274505337316 0.609075613602064 0.612067713899074 0.615572641411432 0.622208603765457 0.625119755922941 0.625447462609257 0.632869069699023 0.639409830728814 0.640503022663535 0.632210373646424 0.616067535799481 0.592408873205929 0.581247322847573 0.632218256762881 0.65889757698802 0.66115175221803 0.668466428194509 0.677275879098583 0.688389701765184 0.703097976147308 0.722151631030389 0.7413600822256 0.759996176286556 0.772284000208523 0.773732746179544 0.759375382059791 -9999 -9999 -9999 -9999 -9999 -9999 -9999 -9999 -9999 -9999 -9999
0.60483537160904 0.58684682106024 0.582386189857151 0.594056872179917 0.570452644660391 0.539834381295918 0.541501387343778 0.543157462171885 0.544797819275582 0.561210654055972 0.582390536888356 0.588181991920729 0.593577035069228 0.598280269006961 0.600693295444824 0.602033834189176 0.584852021887156 0.573946024493671 0.576477353797162 0.586926425743726 0.601899520536284 0.600242348834128 0.599028637838024 0.601120600120744 0.603832825887782 0.606975252605994 0.618826490002872 0.629991248016045 0.635816703893946 0.633985343770383 0.62574992760589 0.592368086700041 0.571005822282718 0.622353502138167 0.64738336455342 0.645950740156105 0.644505631565448 0.646677171218277 0.672102905550804 0.694064325972897 0.711837691218014 0.73288150535761 0.753691449000726 0.762114019902641 0.764284076402642 0.757336389545868 0.75542452739759 -9999 -9999 -9999 -9999 -9999 -9999 -9999 -9999 -9999 -9999
0.589088901952019 0.561706375506947 0.55816908613354 0.583065954702048 0.562625542448069 0.532301443317973 0.53491395131407 0.537215723141438 0.539070695290926 0.553524251879422 0.571952295250163 0.575378748614226 0.578155113672552 0.579796959065817 0.579591618971631 0.578523775908739 0.570160596457196 0.566178299395618 0.571576034848215 0.582208821464741 0.595832800411355 0.586841453763602 0.582556227362192 0.593723787835482 0.600623811028227 0.604563965320618 0.613598616819638 0.622577503086365 0.629613810517199 0.625907364953973 0.613215827912168 0.588050392015271 0.573877346645324 0.618593699286444 0.639878021803945 0.637601508034508 0.638497536867059 0.643382140032607 0.669316419562835 0.689402855692847 0.70241975613423 0.721977057627597 0.742185673849749 0.749108837892451 0.75215710063103 0.749554779723932 0.742405070832961 -9999 -9999 -9999 -9999 -9999 -9999 -9999 -9999 -9999 -9999
0.565797639976965 0.536198288609427 0.535806228719535 0.570242287184471 0.551260522303786 0.52095101510044 0.532576139724285 0.537776414738674 0.533738560996918 0.544252406044139 0.559560373911481 0.561737507008687 0.561380320414401 0.556600295411588 0.552081264324008 0.547687082424137 0.553371946307685 0.559630362192088 0.567116826660703 0.577799638972909 0.590308773675222 0.572669826249193 0.566118839464707 0.593024560070206 0.606258319106519 0.610009509814732 0.61268280387566 0.616144503378086 0.622669025047526 0.613009428796623 0.589813657964139 0.581640479548991 0.583163622687208 0.617820373609465 0.634333775268876 0.63260409344711 0.641271712125024 0.653443775740829 0.673134141084173 0.686880209099521 0.693440136989686 0.709885899792786 0.728135601657357 0.734716705503198 0.738719926185029 0.738963942875904 0.736823915397803 0.733909256919328 -9999 -9999 -9999 -9999 -9999 -9999 -9999 -9999 -9999
0.551225190083106 0.529317132313184 0.532374624902023 0.565202188548421 0.54673428974307 0.516524324311058 0.51806864540448 0.518463110331992 0.5172042261607 0.522284087346799 0.529415750398014 0.530074329177126 0.528228572893839 0.522012306710408 0.525501684006348 0.533510424367022 0.542019284341954 0.544656331291816 0.53472107152592 0.54270473233185 0.560926867624373 0.569990402923806 0.577633124433409 0.58264977964377 0.588979564945958 0.596220108061241 0.602559890767488 0.607078785495215 0.605689854892972 0.597549755929776 0.583763072209022 0.56664323799291 0.557717398907109 0.588377282393493 0.60924446222258 0.62026510777961 0.622191347220196 0.627046685510043 0.663838570971832 0.688080787888075 0.697151543533671 0.708447871135501 0.719685576032912 0.723525538903416 0.726186095571323 0.727126780460064 0.724957634892456 0.72155363864688 0.716938970555754 0.713353678592177 0.711591456759433 0.711025611054696 -9999 -9999 -9999 -9999 -9999
0.535249068054013 0.520170620840632 0.525829425497914 0.55621628352701 0.539210486831808 0.51079483998533 0.506189879403075 0.502697721123516 0.500805633130012 0.500193621011549 0.50004347149964 0.499565941799611 0.497481852540153 0.492594031238175 0.502243722918589 0.518659366348588 0.525705927241771 0.525515854111233 0.509831217010854 0.516601313278043 0.536201547039593 0.562557985919838 0.580594551144572 0.575550638435891 0.576372642126508 0.581263114908542 0.591248890232544 0.597842826816343 0.591102510953686 0.584996041912157 0.579419713671073 0.555789858649011 0.539315449901603 0.56835527272518 0.59114807923344 0.60765952949939 0.608029300411262 0.611117116335548 0.65495044842928 0.684201660850359 0.695824354792666 0.703627154772551 0.709823091690696 0.711187940364021 0.712643660417732 0.714231893868705 0.711347885198117 0.706999100315917 0.707857886437801 0.708782360185158 0.709823169589388 0.706810131313291 0.70187975931256 0.692890333605237 0.689434631473729 0.698042193850119 -9999
0.515905109803756 0.505480344178986 0.511823494439218 0.538161479189793 0.524775131582372 0.501967383076179 0.500519204786188 0.495393335966076 0.484979408948847 0.478130497476292 0.47283279127085 0.472086598976724 0.472539774101411 0.475086058593344 0.486441855626768 0.501893241206599 0.498094664577833 0.497195736566017 0.502505329095397 0.51147196262926 0.522528148425534 0.544151061836436 0.563634541647132 0.576056643581021 0.574829471246282 0.564135465990291 0.577482293450169 0.588286283464491 0.5821390510387 0.579045776437705 0.578506790336379 0.554470419595418 0.537600001876593 0.570226508190995 0.589260937614017 0.594628574328603 0.605460731579211 0.619622215917467 0.647291919589246 0.668797475335455 0.682851110644088 0.690937004912268 0.696647257154972 0.696193051511278 0.696808952031419 0.698985337300446 0.693962576778705 0.686633624269488 0.68884277562648 0.693919223609449 0.704073779288092 0.705126599882465 0.701874605642667 0.692890333605237 0.689434631473729 0.698042193850119 0.701201307872102
0.50425607803185 0.508892508031774 0.514823982539016 0.522299727709294 0.510414428352772 0.493836867377675 0.486680585532657 0.480122801548432 0.474425582501035 0.470670381934043 0.46761698748647 0.464089787254443 0.462457017754078 0.464130366669008 0.474671173102763 0.489337060312112 0.492369248128665 0.499280019180889 0.514495335669631 0.525718181137535 0.534659817058164 0.545828986844353 0.558100606133396 0.573032224028562 0.570719076267188 0.556445342761574 0.563382475311806 0.569526090608592 0.565665050160645 0.566448793936114 0.571117371624151 0.550198679745729 0.535823787405586 0.569633737004106 0.588580845248104 0.592583410912344 0.605051624593379 0.620234304478895 0.640646046461734 0.657602712619513 0.670382491644633 0.675309941773521 0.677886780783099 0.680310844420736 0.6832493610705 0.68693807999605 0.685450790569894 0.682107771625868 0.681207553164309 0.685331654688101 0.698354046591751 0.69945992189064 0.694929685285933 0.691914829290834 0.691713446874216 0.697621330814915 0.699606697185277
0.497212428528264 0.523138909065781 0.528002743486578 0.507750509463287 0.496098404054076 0.486123468165288 0.467953484562756 0.460084559128256 0.467027264699214 0.471950107410983 0.475565027990396 0.467753191328266 0.461267505373606 0.457096188164211 0.465313138302198 0.47930051396418 0.49974242181785 0.519561211898817 0.538045826704613 0.551560599152794 0.562235713711045 0.559527612521377 0.559405129527501 0.567894859622417 0.565072208083706 0.55440354035693 0.549083225544223 0.545257550876471 0.544696020996858 0.549873778268717 0.55985179671258 0.54415999985115 0.534011204463263 0.567566267835459 0.588623166961747 0.597113199276597 0.605934946758582 0.616122457977437 0.634606243668418 0.648927272365292 0.658215888748964 0.657925147956738 0.655783918936917 0.663897580965951 0.671051418655376 0.676805590317088 0.682249771391959 0.687061869305541 0.680383147695139 0.680499987539219 0.692652063851614 0.691409346847198 0.683831342731369 0.690355489603231 0.695356124043586 0.696948582961166 0.698199346488573
0.496753483499017 0.515177367101897 0.521383215413175 0.513019716220079 0.498536712193617 0.482490485494405 0.468632840784599 0.46397525338562 0.472546195706037 0.480336622671099 0.487096667727261 0.478614834426558 0.473763907933268 0.475249559315107 0.485551185597565 0.499949943003514 0.49065169646765 0.490809218555875 0.511212757141515 0.528026306305388 0.54278861499668 0.545269490790308 0.547988619158256 0.552910656466788 0.55471194016876 0.554348738609447 0.547571748906569 0.541629764394374 0.540744907612711 0.54577574406889 0.555754385331772 0.543814351076253 0.535430637312136 0.55902568872347 0.576348013727532 0.58736313106863 0.597777659770622 0.609015333677543 0.626407824029289 0.639510053706548 0.647425730175035 0.648252224957027 0.647439874538238 0.651451126542879 0.657494187973357 0.666500140123286 0.671602707657519 0.675064641106906 0.674981329631304 0.677023661697817 0.682830601420087 0.691253229093445 0.70091298926837 0.694819803920151 0.690965842679378 0.69208781786136 0.691593082271925
0.497282382086907 0.506456143001191 0.512739482932054 0.515576151877252 0.499615911632828 0.479256982770972 0.469589803042906 0.467503869889978 0.476318819442557 0.484104295834964 0.490934409353306 0.485985854799746 0.483185528628217 0.484134242891572 0.49358898364824 0.506990504372603 0.478405523165749 0.465903835936663 0.487838549189825 0.505567534250257 0.520893459336947 0.527946810184933 0.53386618824921 0.537812500262636 0.543401365207324 0.550129468316513 0.545528603128026 0.540850392299059 0.539804474381281 0.543807183889737 0.552032496234826 0.543211814289902 0.536504692317534 0.551708333216526 0.565067679577531 0.576572593290352 0.588127002966028 0.600290485628547 0.616295738630214 0.628692504539405 0.636726922393708 0.640159955159833 0.642157132881913 0.643465061629866 0.648328293012671 0.658376052554312 0.663145266417881 0.665989454168981 0.670598064292306 0.674385449298224 0.676718408713571 0.689432213858868 0.707055810189667 0.694703794011599 0.685943936747581 0.685197985597849 0.684533803554043
0.499488631413058 0.499335923735017 0.50172193378573 0.507135227677335 0.494034482111934 0.476462751736903 0.468057740999413 0.465975662529516 0.472985168447593 0.473639172728077 0.47245562419934 0.482292501880262 0.481622292143553 0.462615346931656 0.462206920127945 0.470452288010625 0.460030890874612 0.460121881652137 0.482721246691532 0.49447008073787 0.500019161607498 0.506690151774787 0.514252724241952 0.524053199400348 0.530203817613222 0.533822976262043 0.539828733648237 0.54462870246676 0.544490542751423 0.545744073857261 0.54816159610625 0.540924345267446 0.536059086946742 0.54893445784167 0.558671777369149 0.565253795621475 0.575786525679957 0.587505490113129 0.601147272470933 0.614048295004373 0.626053803130768 0.635227879879117 0.643193318441848 0.647397343384336 0.651783992171595 0.656436952596128 0.662122552303159 0.668018722007754 0.669861032689785 0.673883853832841 0.681768454344072 0.681581635512381 0.677577306568769 0.680646330267046 0.680494146052576 0.673288318331756 0.666704020760831
