layers/veg/veg_3500.asc
NCOLS 255 
NROWS 330 
XLLCORNER -2985163.8955 
YLLCORNER -3022031.214 
CELLSIZE 25000 
NODATA_value -9999 
[rows 175 to 199 of 330, columns 57 to 113 of 255]
-9999 -9999 -9999 -9999 -9999 -9999 -9999 -9999 -9999 -9999 -9999 -9999 -9999 -9999 -9999 -9999 -9999 -9999 -9999 -9999 -9999 0.519258758419929 0.386090806965578 0.180134978203196 0.222249566684572 0.241127156673495 0.177929219883128 0.109206574415823 0.0368110112978321 0.0156567377214415 0.00255333668298185 0.000786629085017306 0 0 0 0 0 0 0 0.0319353640776299 0.0862446694347377 0.23313760104675 0.312363733662305 0.313080329394537 0.325000918108643 0.340801143598511 0.363309635336523 0.375861862106096 0.374494069980694 0.372404791716851 0.370038786637123 0.367375970250241 0.347837658539973 0.299697609980052 0.297328204958845 0.315436937000111 0.309617659939225
-9999 -9999 -9999 -9999 -9999 -9999 -9999 -9999 -9999 -9999 -9999 -9999 -9999 -9999 -9999 -9999 -9999 -9999 -9999 -9999 -9999 -9999 0.391030858623429 0.192715249765386 0.203505160527579 0.201504092332259 0.147568373481922 0.0859343401192204 0.0191823400172041 0.00624201695342277 0 0 0 0 0 0 0 0 0 0.0184044513299355 0.0606283291386549 0.220689637835 0.303010374404867 0.295133607838615 0.318945296201586 0.349470907216712 0.360194622713462 0.364297507637521 0.359143699718987 0.355254786415781 0.351400287699229 0.340020179024563 0.319818661318952 0.284666019814528 0.286574184030023 0.305059947661864 0.303657296546398
-9999 -9999 -9999 -9999 -9999 -9999 -9999 -9999 -9999 -9999 -9999 -9999 -9999 -9999 -9999 -9999 -9999 -9999 -9999 -9999 -9999 -9999 0.232883955214033 0.217691942166932 0.196577445615453 0.166995722837668 0.116474993233581 0.061909554295156 0.00465512573308066 0 0 0 0 0 0 0 0 0.00388551809238029 0.0115216940669032 0.0162299407022268 0.0433054160065382 0.206011541420319 0.290354548494199 0.283777751161185 0.312840188003596 0.348559036898736 0.353862609365422 0.353254497157194 0.344381160727153 0.33558010298501 0.326357813403415 0.309151108335987 0.291532436035492 0.273215533658483 0.278692849961105 0.294807935552748 0.297377299257023
-9999 -9999 -9999 -9999 -9999 -9999 -9999 -9999 -9999 -9999 -9999 -9999 -9999 -9999 -9999 -9999 -9999 -9999 -9999 -9999 -9999 -9999 0.248425024486232 0.257268627868259 0.210530360468749 0.155216064810278 0.0833104868177497 0.0350987838009327 0.00263916052266492 0 0 0 0 0 0 0 0 0.0224832927302453 0.0666695185289492 0.0727450511018599 0.0881969828796775 0.206088741514271 0.27830730465387 0.297534127686462 0.317348021376584 0.335886163276729 0.341310030046184 0.339550365049035 0.327747285353625 0.302816362817908 0.274476417269976 0.269764199398676 0.266158550779851 0.264428390966466 0.273581150890883 0.287550582318386 0.288529805322041
-9999 -9999 -9999 -9999 -9999 -9999 -9999 -9999 -9999 -9999 -9999 -9999 -9999 -9999 -9999 -9999 -9999 -9999 -9999 -9999 -9999 -9999 0.290110224640963 0.286635500179003 0.221107734937072 0.151150616576542 0.0757293324841983 0.0293224511673336 0.00220482441749279 0 0 0 0 0 0 0 0 0.0282254343837827 0.0836966428011593 0.103277370789188 0.125039330267882 0.204031103410564 0.261247061874359 0.293197910253873 0.310804820548847 0.322872675208202 0.321143242190349 0.313708909192242 0.298298461077592 0.274351713115818 0.248736162059165 0.248264676460489 0.249821224089962 0.254815020321762 0.263195745923342 0.273086451550784 0.280460421394249
-9999 -9999 -9999 -9999 -9999 -9999 -9999 -9999 -9999 -9999 -9999 -9999 -9999 -9999 -9999 -9999 -9999 -9999 -9999 -9999 -9999 -9999 0.29726453121015 0.30485456461662 0.228654855168212 0.154010286767638 0.0911145930671464 0.0424289305236859 0.00319033158220226 0 0 0 0 0 0 0 0 0.0224269538318037 0.0665024572680112 0.110484695758538 0.154655817891877 0.20005700105036 0.239686602968243 0.272619801672081 0.29434100275528 0.309553414358995 0.294141107975294 0.276971664062391 0.257345537077564 0.249746397212734 0.246463054034106 0.242822827563854 0.241596100709899 0.244459937101007 0.248076085749686 0.252152729053881 0.273089554111907
-9999 -9999 -9999 -9999 -9999 -9999 -9999 -9999 -9999 -9999 -9999 -9999 -9999 -9999 -9999 -9999 -9999 -9999 -9999 -9999 -9999 -9999 0.305333028774751 0.305325492784208 0.235338478805019 0.162633659738295 0.0895467575089393 0.0388046816595929 0.00291781574288781 0 0 0 0 0 0 0 0 0.0107129374911937 0.0317669832945692 0.082352533797821 0.141068832066635 0.21127584111499 0.248940516916939 0.248848367360387 0.267820409915537 0.287890030895743 0.269264972528988 0.252854442475295 0.239540081121309 0.23538750141761 0.234624464667797 0.235408629695206 0.236649743926352 0.238665326736259 0.245535920242686 0.25461623041196 0.266386878962129
-9999 -9999 -9999 -9999 -9999 -9999 -9999 -9999 -9999 -9999 -9999 -9999 -9999 -9999 -9999 -9999 -9999 -9999 -9999 -9999 -9999 -9999 0.304221313541727 0.303142178190966 0.238700734815834 0.167331301658741 0.0842778823805394 0.0328587934924135 0.00247073035633994 0 0 0 0 0 0 5.11037071929574e-06 3.18938506186865e-05 0.00134912621898537 0.00391201802837322 0.0504207390416416 0.113012565470579 0.216215880994529 0.257873269724698 0.228122785150743 0.242123572498725 0.264069500333522 0.246616170794631 0.234012799780166 0.228190236077868 0.224679720181002 0.222434536461917 0.227897772176244 0.231647899661786 0.232494534845875 0.242101910455814 0.255580837264684 0.257785973573283
-9999 -9999 -9999 -9999 -9999 -9999 -9999 -9999 -9999 -9999 -9999 -9999 -9999 -9999 -9999 -9999 -9999 -9999 -9999 -9999 -9999 -9999 0.30525047656568 0.305763031416765 0.225822013455339 0.146441654958732 0.0759754651827406 0.0307527723861246 0.00231237365101532 0 0 0 0 0 0 3.6461261497299e-05 0.000227554925354609 0.00962568990886572 0.0279113043161614 0.0322697656543855 0.0513592006268252 0.17460352047877 0.236128732931703 0.226045141501332 0.230130350150001 0.237032992137389 0.233401425669646 0.230371482703982 0.228182679517456 0.223067048843389 0.217451582283444 0.221748611613006 0.22327242907571 0.220096018514039 0.222227907131098 0.226807988794796 0.238808654025548
-9999 -9999 -9999 -9999 -9999 -9999 -9999 -9999 -9999 -9999 -9999 -9999 -9999 -9999 -9999 -9999 -9999 -9999 -9999 -9999 -9999 -9999 0.282554977160712 0.29005255744737 0.196613252490916 0.111133790256118 0.0552554196241178 0.0211773091317461 0.0015923719338472 0 0 0 0 0 0 0.000768879597822247 0.00479858162620304 0.0185106394954509 0.0415689938916597 0.0341481862955094 0.0389770864241472 0.153772560160407 0.216318763987237 0.218243421591736 0.219525296689209 0.22086855074904 0.224412207904143 0.225546759776386 0.223313101665902 0.218750609520044 0.213616245674195 0.213260240630342 0.211144901984409 0.206047725131469 0.205038864745937 0.206007183435378 0.225451822680069
-9999 -9999 -9999 -9999 -9999 -9999 -9999 -9999 -9999 -9999 -9999 -9999 -9999 -9999 -9999 -9999 -9999 -9999 -9999 -9999 -9999 -9999 0.269087062923006 0.255755341502802 0.149786663934857 0.0602706859393029 0.0211384907226426 0.00354336303455355 0.000266433842588455 0 0 0 0 0 0 0.00225765160415193 0.0140900155716654 0.0280519523302151 0.0440695477639775 0.0576355202837896 0.0797517569000489 0.155361822613729 0.198595923037948 0.20426622439493 0.210417883205345 0.216433548065677 0.219981742861147 0.219445307534792 0.213198083207236 0.211517182891354 0.211019027830492 0.202248188942086 0.194969430967288 0.190219553172397 0.190746519495055 0.193807097025814 0.218158711602872
-9999 -9999 -9999 -9999 -9999 -9999 -9999 -9999 -9999 -9999 -9999 -9999 -9999 -9999 -9999 -9999 -9999 -9999 -9999 -9999 -9999 -9999 0.315057568749747 0.248572415875946 0.163329413251739 0.0852440719043725 0.0270719915709341 0.0024699099459891 0.000185718367364588 0 0 0 0.00921043288843553 0.0258133290335708 0.0271595581029507 0.0326735742624001 0.0652950151730879 0.0765731038394578 0.0672486343853331 0.0952008198984192 0.131792444005477 0.173305057677411 0.19670078534023 0.199076628045613 0.204365123934625 0.210148594831719 0.212999982553126 0.211849025011473 0.205102322292023 0.197693007249741 0.190183707062526 0.185153689250694 0.180901356650287 0.177967097821509 0.180476513894662 0.185507991952249 0.199741395837714
-9999 -9999 -9999 -9999 -9999 -9999 -9999 -9999 -9999 -9999 -9999 -9999 -9999 -9999 -9999 -9999 -9999 -9999 -9999 -9999 0.36615537387826 0.361166343238522 0.316624315198549 0.250463131119219 0.190946494501231 0.124749172003335 0.0409770787992985 0.00483709026020028 0.000363712250877148 0 0 0 0.0214699933210503 0.0601721991417688 0.0628564210498836 0.0704654121885327 0.1212270382509 0.129742173031041 0.0974771256698902 0.13404814734181 0.179475835813091 0.19210313872859 0.198028850296632 0.196179126335386 0.199154193316964 0.203176853899094 0.204415346526989 0.202837735134431 0.197322882085572 0.183745280689282 0.168193130422051 0.16927983947642 0.169422445058911 0.167964919887074 0.171710397868318 0.177777930621771 0.180316574413055
-9999 -9999 -9999 -9999 -9999 -9999 -9999 -9999 -9999 -9999 -9999 -9999 -9999 -9999 -9999 -9999 -9999 -9999 -9999 -9999 0.368419757028248 0.370322614208103 0.337348252216439 0.28531045399874 0.210217884688631 0.130028028857176 0.0390475448834341 0.00174607133934555 0.000131291231476658 0 0 0 0.0392566644806022 0.110021451681236 0.111428780631778 0.109023349878929 0.1333254301089 0.144044167028265 0.141651017078879 0.155867508052954 0.172939353517699 0.186336167112264 0.19364869967876 0.193902023107748 0.19449881008121 0.194534259425669 0.188581897038432 0.185990961769959 0.188099693410271 0.181363573706037 0.172075098293855 0.174144267678341 0.17347131269309 0.168150818887241 0.166657217620279 0.166941603425503 0.174388737029729
-9999 -9999 -9999 -9999 -9999 -9999 -9999 -9999 -9999 -9999 -9999 -9999 -9999 -9999 -9999 -9999 -9999 -9999 -9999 -9999 0.3636069743528 0.368021974337774 0.341719170987017 0.298626414228141 0.213109295708691 0.126297162599527 0.0401483910698459 0.00369419543173736 0.000277775287079642 0 0 0 0.0469191484946746 0.131496470658691 0.143837897626127 0.145742683051084 0.148042538925365 0.155155395137537 0.166914200030136 0.164335029730096 0.161904116819602 0.178068156159149 0.187664871621985 0.189641933668817 0.187685189908337 0.184124213867527 0.176004075706303 0.173407154930885 0.178532335828654 0.177075319070701 0.173575221470196 0.175962900792346 0.174634916478391 0.167009372803651 0.161890055397552 0.157955417454287 0.161535379444869
-9999 -9999 -9999 -9999 -9999 -9999 -9999 -9999 -9999 -9999 -9999 -9999 -9999 -9999 -9999 -9999 -9999 -9999 -9999 -9999 0.36003298201284 0.353570161132899 0.324859867207669 0.283989392692822 0.194735482301881 0.110869469256052 0.045183412771091 0.0121843612447589 0.000916170924139019 0 0 0 0.0414379581738289 0.116134785604206 0.155263167353112 0.180075057283107 0.166159383679421 0.162124227703585 0.167626652158326 0.155468594466952 0.145028395158881 0.166553183640705 0.179599077507856 0.182807442493001 0.17806964963744 0.17141958395149 0.167652857026692 0.166357722645083 0.168518162719449 0.170311898668178 0.171983126916493 0.173827345965016 0.172052741184838 0.164144707733662 0.157494214617685 0.151371167893988 0.139691000573969
-9999 -9999 -9999 -9999 -9999 -9999 -9999 -9999 -9999 -9999 -9999 -9999 -9999 -9999 -9999 -9999 -9999 -9999 -9999 -9999 0.312667533832826 0.314829453193521 0.286543600046946 0.241615388845312 0.170804531515145 0.105346452951155 0.0558841095167867 0.0232286238869411 0.00174661513931481 0.0090496882044458 0.019440513590068 0.0315732270504906 0.0646384299013014 0.114504434686622 0.152813558493931 0.180734727021277 0.171745096917965 0.169494644944765 0.173749464848289 0.151820205490022 0.131672519513775 0.154399962326545 0.168811746667771 0.173575394771387 0.17164889845912 0.167921570375068 0.164884490299816 0.163281260688303 0.163682721149934 0.159551550440012 0.154308539612019 0.158387096462674 0.159462037156064 0.155446244968362 0.150030531763735 0.143896827470401 0.125732075084663
-9999 -9999 -9999 -9999 -9999 -9999 -9999 -9999 -9999 -9999 -9999 -9999 -9999 -9999 -9999 -9999 -9999 -9999 -9999 -9999 0.222672689168568 0.258773001554221 0.239710446816386 0.190496583446908 0.144021033940226 0.100975058831536 0.0663786333609545 0.0347515836841129 0.00509862411809778 0.0232500798855295 0.0466958195797417 0.0735707281611301 0.0968603529699151 0.117272362917938 0.145540179015934 0.169806502432014 0.172245939669199 0.175791525237515 0.180404866471441 0.150744764450626 0.122373340010437 0.143965393161393 0.15827352425571 0.164130578073696 0.166196687053728 0.166741003660778 0.163111876701054 0.160673476753576 0.159899851956396 0.147681417111187 0.132572942471208 0.139525643648636 0.144215510663738 0.145070172489007 0.141623837097338 0.136123466992256 0.11480611683908
-9999 -9999 -9999 -9999 -9999 -9999 -9999 -9999 -9999 -9999 -9999 -9999 -9999 -9999 -9999 -9999 -9999 -9999 -9999 -9999 0.207265086928741 0.196470744491332 0.173510674991193 0.143900976664193 0.103780904878449 0.0692637914704212 0.0499460487873233 0.0415962475750727 0.040538115150373 0.0659601571198933 0.0927805659614941 0.116553382302861 0.124128538733591 0.118703154670262 0.134664881230318 0.151687720580692 0.159989028238615 0.166359763711292 0.170866934117104 0.160927448684202 0.150961204034036 0.158691273627651 0.162628476336209 0.162165053819071 0.159718409395441 0.156421905670484 0.150452824011141 0.147187051233431 0.147700819360927 0.138425301718083 0.12663386181182 0.132928116715286 0.137121745766424 0.13775509130016 0.134033327297288 0.128255172675162 0.109731509836023
-9999 -9999 -9999 -9999 -9999 -9999 -9999 -9999 -9999 -9999 -9999 -9999 -9999 -9999 -9999 -9999 -9999 -9999 -9999 -9999 0.140539674180958 0.141612916758032 0.131625713243561 0.115593013164105 0.0791200270058687 0.0494266334872319 0.038843588813965 0.0448565433967411 0.0619027926132605 0.0885657732858958 0.115031977808633 0.138119445399553 0.135395854196452 0.111955831305229 0.125069659802373 0.142377027545317 0.15487127630988 0.163105821758528 0.167228511480974 0.168690460895524 0.169372356655659 0.16873869090515 0.165490469350659 0.159208742910898 0.152726875475852 0.146359779350487 0.141548743025039 0.139024855162194 0.139698667432479 0.132247388288281 0.12273850319797 0.128787044840515 0.132723666414455 0.133080862265347 0.128164465733567 0.120811862300276 0.105527321845269
-9999 -9999 -9999 -9999 -9999 -9999 -9999 -9999 -9999 -9999 -9999 -9999 -9999 -9999 -9999 -9999 -9999 -9999 -9999 0.140187052015451 0.139291836852462 0.136567155529096 0.127900334519996 0.115985616928655 0.0789091747477444 0.0482246637369941 0.0361062088705938 0.0424915437506418 0.0611785039178242 0.0796195143253777 0.0998794327664167 0.126074380896697 0.121551456396757 0.0923738009527377 0.117483386003135 0.146889720149532 0.160957697840195 0.169547329540683 0.172848760007608 0.172656047787475 0.17181221184922 0.17144374343018 0.166009417313522 0.154697494684909 0.144929838866614 0.136700943525307 0.138537702290025 0.13921848728977 0.138283086229627 0.130900394903043 0.122050555245611 0.128501125461435 0.132556187097866 0.132551177921802 0.124997553253674 0.114035520327563 0.102689166591753
-9999 -9999 -9999 -9999 -9999 -9999 -9999 -9999 -9999 -9999 -9999 -9999 -9999 -9999 -9999 -9999 -9999 -9999 0.148670205589606 0.147867202704848 0.144024080921287 0.133968157032904 0.118163696603152 0.0992171605620823 0.0708597096279665 0.0470146888623992 0.03549882336316 0.0412187149640478 0.0583972227884863 0.083281431639681 0.106524772698801 0.122278418098062 0.116113357087083 0.0923559381777552 0.120257805452809 0.150568470414835 0.15915859356075 0.172342397439977 0.189960442632926 0.185315337623933 0.176816306718603 0.173085733128126 0.165009283874528 0.151890588043225 0.140534019445313 0.13101299601891 0.133703289991713 0.13496785386048 0.134239080865453 0.129735046581436 0.124269599227825 0.125937070239261 0.127715381002419 0.129681550512861 0.124658499348325 0.116484133117624 0.108582074304144
-9999 -9999 -9999 -9999 -9999 -9999 -9999 -9999 -9999 -9999 -9999 -9999 -9999 -9999 -9999 -9999 -9999 -9999 -9999 0.157170271190136 0.151119393286067 0.132702911196833 0.106368149068611 0.0757053576384877 0.0595696836728043 0.0455917186159589 0.0357375364446863 0.0404459516823335 0.0548358223940579 0.0916474349982801 0.121382376476065 0.121901135118528 0.114455282249233 0.10061688533041 0.127266775611714 0.153682604751011 0.154075532406569 0.17344937961613 0.211145348571861 0.201260510796635 0.183067465087733 0.17464299819218 0.163808936728276 0.150179174027672 0.137752484970941 0.126974525141101 0.128134783776592 0.128899739918257 0.129112017098413 0.128539217944457 0.127468232573922 0.122556450637389 0.121242818724849 0.126027576113465 0.125606269188761 0.122820874789592 0.117903699339595
-9999 -9999 -9999 -9999 -9999 -9999 -9999 -9999 -9999 -9999 -9999 -9999 -9999 -9999 -9999 -9999 -9999 -9999 -9999 -9999 0.153869430716024 0.143822976228811 0.11115739946269 0.0661285034499192 0.0484520791978584 0.0360745243057475 0.0345990636096909 0.0415233602729101 0.0540319544747724 0.0801160057433506 0.104909416696089 0.121667387873972 0.124377438699006 0.115812369635607 0.132169321393931 0.148328100615129 0.148239397084732 0.167664534226921 0.205926217381605 0.205117928245615 0.196480159169585 0.189918116834791 0.179155750994559 0.163520013603394 0.142932702639699 0.123152577777596 0.123367089548656 0.123694610693443 0.124180132114696 0.1232639670935 0.12202583072003 0.124060506901914 0.126463209568191 0.129489668542569 0.13103761772919 0.131828287339794 0.120054278392516
-9999 -9999 -9999 -9999 -9999 -9999 -9999 -9999 -9999 -9999 -9999 -9999 -9999 -9999 -9999 -9999 -9999 -9999 -9999 -9999 0.159238263340097 0.155370980593311 0.119441061549811 0.0659861208216667 0.04571097979688 0.0321915615389422 0.0327292487645922 0.0421152486011618 0.0573837529221897 0.0746264217762843 0.0936497978908207 0.117851492193174 0.125629768717266 0.120226307320259 0.130631214210687 0.141385498616035 0.14384861021676 0.161117904367196 0.192679481802432 0.197607820027058 0.197187911447459 0.198117810340623 0.191844716931623 0.177214443957404 0.151182542832913 0.12466579359059 0.122853074045194 0.122204244445843 0.123182668650198 0.122693488782974 0.121903012006109 0.12517859857406 0.125702125547938 0.121561274807511 0.123302841543892 0.127571599991774 0.11419322622851
