layers/veg/veg_1900.asc
NCOLS 255 
NROWS 330 
XLLCORNER -2985163.8955 
YLLCORNER -3022031.214 
CELLSIZE 25000 
NODATA_value -9999 
[rows 250 to 274 of 330, columns 56 to 111 of 255]
-9999 -9999 -9999 -9999 -9999 -9999 -9999 -9999 -9999 -9999 -9999 -9999 -9999 -9999 -9999 -9999 0.576261916054562 0.573139034968309 0.565293103407702 0.554064928900428 0.535227129441473 0.522299344730581 0.51297504176295 0.483580645891738 0.446613216788072 0.391531049301696 0.358955996647123 0.342995815628849 0.338726495565099 0.338121478087153 0.345980351250662 0.346468265356478 0.34040358592494 0.343197394135737 0.347169183678398 0.349037097563927 0.324039683491477 0.270339825718929 0.239250020583584 0.214423230208193 0.194482529651482 0.17747335487412 0.164232497942193 0.149426499100425 0.135025433049153 0.132093100862711 -9999 -9999 -9999 0.103645942999569 0.0940161400017988 0.0924430227593639 0.106117639008988 0.110715835470107 -9999 -9999
-9999 -9999 -9999 -9999 -9999 -9999 -9999 -9999 -9999 -9999 -9999 -9999 -9999 -9999 -9999 -9999 0.578970829706073 0.5799084211024 0.573734389951371 0.565635783135537 0.553360176040553 0.545064080649519 0.539194391686146 0.513060550628609 0.4776988786992 0.419481574984273 0.391186543078991 0.384980291050604 0.387240196075723 0.391515748251994 0.399540321576899 0.391473667489656 0.369102324972629 0.367939418415517 0.37071837086074 0.37411820759073 0.363783648712772 0.338775503221296 0.29592714485383 0.252282227616824 0.235317691884351 0.215747353096075 0.19282739540762 0.170692937704467 0.149542884880564 0.137584345853717 0.130309167177668 -9999 -9999 0.103645942999569 0.0940161400017988 0.0924430227593639 0.106117639008988 -9999 -9999 -9999
-9999 -9999 -9999 -9999 -9999 -9999 -9999 -9999 -9999 -9999 -9999 -9999 -9999 -9999 -9999 -9999 0.596328081313276 0.591370548711707 0.586908383184226 0.581706840393548 0.574788933706557 0.570466979024985 0.567727840301861 0.551471013739579 0.522704751147604 0.46034975075723 0.429016420410959 0.420583451553852 0.42606985121518 0.433172491540969 0.440104336828801 0.430617472247945 0.40653479573336 0.404426820405793 0.406669013289655 0.410895774285345 0.410430415497866 0.404952078490981 0.35038114187756 0.289427357732895 0.271020321275698 0.248568057988167 0.220915874385773 0.194265342135431 0.168692926771384 0.15261143572479 0.146199990554107 0.154810091086361 -9999 -9999 -9999 -9999 -9999 -9999 -9999 -9999
-9999 -9999 -9999 -9999 -9999 -9999 -9999 -9999 -9999 -9999 -9999 -9999 -9999 -9999 -9999 -9999 0.603660450061134 0.609693626416342 0.607487286188787 0.604819026444744 0.601374242303542 0.59999761153583 0.599881984884236 0.603854449044714 0.589490528796381 0.521429200894658 0.47560714915844 0.446202249133375 0.449747609795648 0.456464410392939 0.460334559804402 0.460590076986957 0.457632278833249 0.459291330442832 0.462023278881723 0.465973905955117 0.467877476091301 0.46759400661334 0.401356779105806 0.325455553452322 0.298692463022707 0.272856405453894 0.248211998491489 0.221445717650684 0.195091233482333 0.182558544006304 0.170830442012782 0.160352194238734 -9999 -9999 -9999 -9999 -9999 -9999 -9999 -9999
-9999 -9999 -9999 -9999 -9999 -9999 -9999 -9999 -9999 -9999 -9999 -9999 -9999 -9999 -9999 -9999 -9999 0.615181997178355 0.617343283160154 0.61695142480339 0.610617195152819 0.611551312968321 0.616917121484129 0.611067568154418 0.589922213587912 0.52671447105093 0.492263044947769 0.479039684274193 0.481291212929089 0.48457497228905 0.48481582841219 0.486042005749914 0.488144108373934 0.488807584396659 0.490118192269736 0.495999885490057 0.50165518606786 0.507068612729732 0.468655875857695 0.416489557373684 0.342965130381688 0.292319354408474 0.271082846987803 0.247033554155497 0.222789385023329 0.207544474480588 0.198880776072866 0.200440398230061 -9999 -9999 -9999 -9999 -9999 -9999 -9999 -9999
-9999 -9999 -9999 -9999 -9999 -9999 -9999 -9999 -9999 -9999 -9999 -9999 -9999 -9999 -9999 -9999 -9999 -9999 0.64238507970314 0.627905794387592 -9999 0.637440323422116 0.629107628070525 0.600841777237462 0.565133204375458 0.511660511954434 0.498626709619341 0.515445110594766 0.516486835232578 0.515068786082746 0.51150157044198 0.510210506622482 0.510942883388848 0.508789736329176 0.507967191972668 0.516477638989406 0.52615367082035 0.537074992958554 0.541373647201304 0.527666943183137 0.393406143145744 0.310054429760098 0.292143593980248 0.271876731593354 0.250904407850128 0.230645543064468 0.228008682207762 0.25274601799841 0.250652487545191 0.237163354487526 0.208980039308769 -9999 -9999 -9999 -9999 -9999
-9999 -9999 -9999 -9999 -9999 -9999 -9999 -9999 -9999 -9999 -9999 -9999 -9999 -9999 -9999 -9999 -9999 0.662856509204017 0.64238507970314 -9999 -9999 0.643791735677362 0.645683065270047 0.635439833160039 0.621062671828188 0.597017226216148 0.582120317535785 0.573976907378697 0.566947880401168 0.560389484372522 0.555090647818862 0.55618438812718 0.562960965296345 0.563379154743089 0.563295058646434 0.566452500511178 0.568845339623219 0.570421290607308 0.564769886238407 0.543285283203044 0.418351035884181 0.337642746700848 0.313784534855272 0.293431918874673 0.274543694451779 0.25981346223329 0.252965386533396 0.258361531378179 0.250652487545191 0.237163354487526 0.208980039308769 0.190540117068851 -9999 -9999 -9999 -9999
-9999 -9999 -9999 -9999 -9999 -9999 -9999 -9999 -9999 -9999 -9999 -9999 -9999 -9999 -9999 -9999 0.67209996209576 0.667858013420562 0.671974143629032 -9999 -9999 0.667671380302849 0.662910639413864 0.664854098958704 0.665790527939708 0.662568062449666 0.648419518343274 0.626205285006815 0.612960249339379 0.60146393302115 0.592496546945331 0.594315014653682 0.605721829719257 0.608207914661796 0.609428467762725 0.61236779084181 0.612524805344835 0.609709250319374 0.600861498380168 0.576492428915598 0.448790707079328 0.366271231099821 0.341831088605393 0.321040200453798 0.301794850615122 0.28714390570757 0.275152562188185 0.267292669989362 0.253590505937537 0.237163354487526 0.208980039308769 0.190540117068851 -9999 -9999 -9999 -9999
-9999 -9999 -9999 -9999 -9999 -9999 -9999 -9999 -9999 -9999 -9999 -9999 -9999 -9999 -9999 -9999 0.677794278580126 0.682087712854091 0.677921624137253 -9999 -9999 0.673622251477266 0.678440774676698 0.684383101795027 0.689157397000647 0.690349948199318 0.681929730458971 0.666413315663392 0.650489185630737 0.634440967750013 0.618111393292403 0.617488894072983 0.630829581854194 0.63442352211786 0.638028445050348 0.650541654961211 0.658087956952992 0.6603277019158 0.661162636475861 0.643240664315271 0.489708682500918 0.396883269732976 0.382092868317923 0.36019147035601 0.335933685397686 0.310970362717649 0.292058366773038 0.282546562129073 0.262131197991874 0.237163354487526 0.208980039308769 -9999 -9999 -9999 -9999 -9999
-9999 -9999 -9999 -9999 -9999 -9999 -9999 -9999 -9999 -9999 -9999 -9999 -9999 -9999 -9999 -9999 0.73308034659 0.726713568823584 0.732891504555854 -9999 -9999 0.702426613279558 0.699921094509421 0.702241338358827 0.704779345369845 0.707044964120604 0.703343739448244 0.695237759289015 0.686985452776913 0.677543311272356 0.663726787517063 0.659988787476925 0.665210336505654 0.67169826866765 0.678497077783092 0.68571383049878 0.690840633785077 0.693734571873266 0.699038500930325 0.692431260834216 0.593683380174662 0.501593972158324 0.418063670618735 0.378119578501022 0.352549692379704 0.330435222157052 0.309483236860429 0.290337067241354 0.284778176272945 -9999 -9999 -9999 -9999 -9999 -9999 -9999
-9999 -9999 -9999 -9999 -9999 -9999 -9999 -9999 -9999 -9999 -9999 -9999 -9999 -9999 -9999 -9999 0.756815401760291 0.786025814997249 0.757681798241572 -9999 -9999 0.711124185173407 0.72261936237823 0.719246638068006 0.716447462253019 0.718080062173964 0.71858255947353 0.718250809019425 0.722954535728005 0.725814689612068 0.719552589192439 0.712354734470454 0.70432501817575 0.714618776368194 0.725024734934993 0.71935362484118 0.717053481413416 0.718354819460156 0.725466119943109 0.732658570550122 0.729848937350935 0.644132515775942 0.451843901541023 0.385213126999983 0.360220183837482 0.347673458175675 0.327173093202545 0.294317465601618 -9999 -9999 -9999 -9999 -9999 -9999 -9999 -9999
-9999 -9999 -9999 -9999 -9999 -9999 -9999 -9999 -9999 -9999 -9999 -9999 -9999 -9999 -9999 -9999 0.798869850512142 0.799904827049296 0.798900548469843 -9999 0.864510215826424 0.820458761625091 0.749548049410803 0.721440634621441 0.707446360194372 0.726202437287759 0.740916095374074 0.752645618292263 0.752761523094182 0.749758257885654 0.7402907155023 0.730495791527623 0.72040983371559 0.754232775197984 0.789266443599003 0.790525434264739 0.790150967259338 0.788031342818466 0.790525521367285 0.793592063356865 0.792457361339955 0.705618010170023 0.508609967626047 0.436777873296785 0.404802796118727 0.364822810601395 -9999 -9999 -9999 -9999 -9999 -9999 -9999 -9999 -9999 -9999
-9999 -9999 -9999 -9999 -9999 -9999 -9999 -9999 -9999 -9999 -9999 -9999 -9999 -9999 -9999 -9999 -9999 0.808706341752774 -9999 -9999 0.864510215826424 0.821694069841238 0.752771863727357 0.718758018646602 0.702468145184656 0.730826585619839 0.756421631290675 0.779976724278408 0.777453879794854 0.77045930119678 0.758397872125886 0.745568651812979 0.732056884779751 0.774883492745139 0.819886779479432 0.824698453449674 0.823373111469503 0.81549108962751 0.814679542296497 0.815244696003132 0.813051740371769 0.730785478785821 0.545589312950928 0.472659898600739 0.437023120110732 0.413664840322436 -9999 -9999 -9999 -9999 -9999 -9999 -9999 -9999 -9999 -9999
-9999 -9999 -9999 -9999 -9999 -9999 -9999 -9999 -9999 -9999 -9999 -9999 -9999 -9999 -9999 -9999 -9999 -9999 -9999 -9999 -9999 0.80680060695152 0.713904026325047 0.705301873700211 0.707953254838612 0.727352827310897 0.755508928815069 0.790129146530117 0.790397790510621 0.784690695353931 0.771991021796427 0.755056599601649 0.734357594489541 0.751038723236549 0.770488143597834 0.769949889827911 0.760451945109024 0.741381624224278 0.740660211354085 0.743408264622028 0.738237862134736 0.674316612721284 0.534874326970405 0.469482006699814 0.429709509409104 0.410898457585447 0.399454437308866 -9999 -9999 -9999 -9999 -9999 -9999 -9999 -9999 -9999
-9999 -9999 -9999 -9999 -9999 -9999 -9999 -9999 -9999 -9999 -9999 -9999 -9999 -9999 -9999 -9999 -9999 -9999 -9999 -9999 -9999 0.605589097990125 0.679491934562459 0.708713465081674 0.73125441581649 0.74285223637911 0.766793300244251 0.799846211833082 0.793354237194463 0.781976191616785 0.769985133173034 0.756362233724782 0.741288669480211 0.733024434505643 0.725988527973292 0.718963949580553 0.705588850627998 0.685428967245507 0.676386230258992 0.671406933048311 0.676078546491715 0.642094902167333 0.558422014551146 0.486237896161691 0.421837611343027 0.408628374435417 0.400689014976908 0.400935935704281 -9999 -9999 -9999 -9999 -9999 -9999 -9999 -9999
-9999 -9999 -9999 -9999 -9999 -9999 -9999 -9999 -9999 -9999 -9999 -9999 -9999 -9999 -9999 -9999 -9999 -9999 -9999 -9999 0.559678863570582 0.60031417081578 0.665725827026582 0.722635056982474 0.765656456309408 0.770173504356634 0.785677461626399 0.809292013602608 0.790087664373961 0.768702986213454 0.758259748264911 0.752569606931174 0.751104846571181 0.718643019493558 0.684541408809754 0.670322436163828 0.65574660411328 0.640789509753704 0.618184411424779 0.599302854960402 0.621804074247356 0.624981183110018 0.603318193116308 0.515414186820463 0.413617853885729 0.406667527143437 0.402105853932985 0.401254738940919 -9999 -9999 -9999 -9999 -9999 -9999 -9999 -9999
-9999 -9999 -9999 -9999 -9999 -9999 -9999 -9999 -9999 -9999 -9999 -9999 -9999 -9999 -9999 -9999 -9999 -9999 -9999 -9999 -9999 0.590770128686704 0.640818504909452 0.705561315727109 0.760521347654326 0.784496468781577 0.806338604444228 0.826606158915053 0.791144120276869 0.754211741415692 0.736621956954633 0.73613798437723 0.750860639800709 0.706955067177972 0.659914064382329 0.650308200275671 0.648123015262792 0.653865953228306 0.640820361328978 0.625482028795242 0.62753257512297 0.622190819803318 0.607346660509293 0.521037685643722 0.418916594319843 0.408747410260615 -9999 -9999 -9999 -9999 -9999 -9999 -9999 -9999 -9999 -9999
-9999 -9999 -9999 -9999 -9999 -9999 -9999 -9999 -9999 -9999 -9999 -9999 -9999 -9999 -9999 -9999 -9999 -9999 0.5969138494625 0.593789774852563 0.605886300108564 0.614187164035774 0.620173719643131 0.686882513288403 0.74955839175836 0.78925425729732 0.814524286815753 0.829145087611691 0.783935578943164 0.738189618531759 0.717097788215663 0.72087580755664 0.746762485331677 0.700580224424148 0.650118837482342 0.643531407872013 0.647553050352085 0.662909238788986 0.657655357582335 0.646868609609173 0.632925584673354 0.619887809045498 0.608013682444986 0.524001286555069 0.42455442487887 -9999 -9999 -9999 -9999 -9999 -9999 -9999 -9999 -9999 -9999 -9999
-9999 -9999 -9999 -9999 -9999 -9999 -9999 -9999 -9999 -9999 -9999 -9999 -9999 -9999 -9999 -9999 -9999 0.60651625045762 0.5969138494625 0.593789774852563 0.605886300108564 0.609225502686287 0.60722514965607 0.669924556239779 0.729579034272425 0.768362996702026 0.785340658967827 0.786220794705164 0.751312097839738 0.717882140918155 0.705914475790525 0.711724504619439 0.733338447378274 0.709398983721242 0.680793486316359 0.670026400837121 0.659074020065063 0.647923673062389 0.640384249335304 0.63349180824928 0.624777491558777 0.616035209422225 0.607256979217214 0.524001286555069 -9999 -9999 -9999 -9999 -9999 -9999 -9999 -9999 -9999 -9999 -9999 -9999
-9999 -9999 -9999 -9999 -9999 -9999 -9999 -9999 -9999 -9999 -9999 -9999 -9999 -9999 -9999 -9999 -9999 0.60651625045762 0.595245511809109 0.59053632058147 0.601296704050175 0.601232290170195 0.594567730388164 0.624494850216853 0.658344810647789 0.696687206259056 0.717775685801476 0.726127232918321 0.708749488926294 0.689564876354126 0.6751013677721 0.676100301220407 0.690844949022392 0.66990152021066 0.645069824642921 0.633039317277236 0.617182506494681 0.597237740464605 0.591996734827379 0.592510699654508 0.608592726492908 0.617638040401689 -9999 -9999 -9999 -9999 -9999 -9999 -9999 -9999 -9999 -9999 -9999 -9999 -9999 -9999
-9999 -9999 -9999 -9999 -9999 -9999 -9999 -9999 -9999 -9999 -9999 -9999 -9999 -9999 -9999 -9999 -9999 -9999 0.592319595378312 0.584830440066642 0.593247509397843 0.590953920089031 0.582129778063708 0.55760338122711 0.548475103514302 0.586730467815458 0.621279179966896 0.653091621826552 0.658694849742843 0.655209902301299 0.629491486275148 0.620521049915158 0.626439137893088 0.593983697617598 0.559295679495692 0.54819998269299 0.535029115906091 0.519641174020288 0.52015393711387 0.530721698321114 0.586349986252546 -9999 -9999 -9999 -9999 -9999 -9999 -9999 -9999 -9999 -9999 -9999 -9999 -9999 -9999 -9999
-9999 -9999 -9999 -9999 -9999 -9999 -9999 -9999 -9999 -9999 -9999 -9999 -9999 -9999 -9999 -9999 -9999 0.650926492824102 0.61039068997126 0.584155417777884 0.592187788811277 0.584190389533698 0.566419243975166 0.516832004437342 0.481600376338701 0.493751512552861 0.521705126987696 0.561324214724374 0.575482217503988 0.581843358519903 0.570455938628094 0.565896894493533 0.567408101259482 0.539342761193203 0.512447380420712 0.518317865057888 0.519881046379726 0.51684238062562 0.516429081594201 -9999 -9999 -9999 -9999 -9999 -9999 -9999 -9999 -9999 -9999 -9999 -9999 -9999 -9999 -9999 -9999 -9999
-9999 -9999 -9999 -9999 -9999 -9999 -9999 -9999 -9999 -9999 -9999 -9999 -9999 -9999 -9999 -9999 0.675021933379278 0.657312886367502 0.668088915372239 0.60070227475421 0.597764276015816 0.583859180250372 0.563267174959618 0.496282828824598 0.440631001925175 0.426356352937069 0.443736554646414 0.48448453516414 0.502793553261242 0.515500690511351 0.517302868909131 0.516644794512997 0.513799618488503 0.493882185304707 0.477901034714162 0.497282659301021 0.508429456911352 0.510778310270133 0.493140341751967 -9999 -9999 -9999 -9999 -9999 -9999 -9999 -9999 -9999 -9999 -9999 -9999 -9999 -9999 -9999 -9999 -9999
-9999 -9999 -9999 -9999 -9999 -9999 -9999 -9999 -9999 -9999 -9999 -9999 -9999 -9999 -9999 0.686836390788181 0.686798776776538 0.686742395998529 0.680389346292418 0.602105675007758 0.603796350985021 0.606580680071986 0.610031836431347 0.540908943953052 0.478535806432862 0.449198640229476 0.450408039694265 0.47416707607606 0.486666047296286 0.495083978012538 0.493291134628083 0.487604679057186 0.478456902123608 0.473447640406854 0.471846447947633 0.483677950131377 0.478751524655493 0.45592122412053 0.461807441287366 -9999 -9999 -9999 -9999 -9999 -9999 -9999 -9999 -9999 -9999 -9999 -9999 -9999 -9999 -9999 -9999 -9999
-9999 -9999 -9999 -9999 -9999 -9999 -9999 -9999 -9999 -9999 -9999 -9999 -9999 -9999 0.699326305487484 0.696292672163574 0.697933617809366 0.701906852077389 0.702354750557876 0.634483205835624 0.628155463793932 0.631618977933828 0.641052462437251 0.577756806515367 0.515867935905242 0.471619725390403 0.453033615566206 0.453391404685924 0.464947558020707 0.4743001926223 0.470441817436481 0.460900943618768 0.446308474273261 0.446245917024699 0.449178103866373 0.454019591585921 0.44529361244368 0.422072390423238 0.415735969414604 -9999 -9999 -9999 -9999 -9999 -9999 -9999 -9999 -9999 -9999 -9999 -9999 -9999 -9999 -9999 -9999 -9999
