layers/veg/veg_2900.asc
NCOLS 255 
NROWS 330 
XLLCORNER -2985163.8955 
YLLCORNER -3022031.214 
CELLSIZE 25000 
NODATA_value -9999 
[rows 150 to 174 of 330, columns 57 to 113 of 255]
-9999 -9999 -9999 -9999 -9999 -9999 -9999 -9999 -9999 -9999 -9999 -9999 -9999 -9999 -9999 -9999 -9999 -9999 -9999 -9999 0.494802530793918 0.506901536749662 0.452990734299162 0.362999825614938 0.181837280426518 0.0434252987740305 0.0220066261847746 0.0379126726228743 0.0786328092399995 0.0794680972043366 0.0747375986609282 0.0634425556588951 0.0525430568807489 0.0419610291896732 0.0195397469474031 0 0 0 0 0.0514320257191137 0.106186696863091 0.116988218165986 0.112709647345752 0.0909345927801181 0.130235567206758 0.187978974209718 0.257649621446752 0.29739752840231 0.295309956749374 0.315918734115147 0.343523158654673 0.349947713767836 0.353503699839164 0.352197840062572 0.355491407170738 0.360771882782153 0.353773717144497
-9999 -9999 -9999 -9999 -9999 -9999 -9999 -9999 -9999 -9999 -9999 -9999 -9999 -9999 -9999 -9999 -9999 -9999 -9999 -9999 0.48928521050422 0.484591672980041 0.450587969525138 0.40056370903422 0.23271973509916 0.0916749066969408 0.0296187327928939 0.027048217663685 0.0640247517732325 0.0644741808635505 0.057155285885383 0.0352118607130005 0.0316120664778001 0.0427352086496215 0.0212407245512571 0 0 0 0 0.035063465132468 0.0733882402595216 0.0876273422050696 0.10807072530624 0.135712546155994 0.167540527613942 0.201831402680547 0.247854566432433 0.275532111917171 0.277560344760247 0.310254819649597 0.351863461177048 0.355250758637548 0.357588322163232 0.358146725244117 0.358184932136499 0.358034324266569 0.36427214760217
-9999 -9999 -9999 -9999 -9999 -9999 -9999 -9999 -9999 -9999 -9999 -9999 -9999 -9999 -9999 -9999 -9999 -9999 -9999 -9999 -9999 0.467073984694757 0.45189510402609 0.428419643799668 0.267070390468856 0.122877408456466 0.0350660083327301 0.0179407710622959 0.0478088632839228 0.0524595890991491 0.0489204996903446 0.0261704562134282 0.0257588630262234 0.0432765219142004 0.0218925429128835 0 0 0 0 0.0203449108910847 0.0432681656162298 0.0562651392625975 0.0834788965363807 0.12718749493036 0.170127575666924 0.212088905199545 0.247101973587085 0.269305874743441 0.273601067116712 0.310632804975181 0.357024162356591 0.359822866009961 0.362009294584618 0.363157997726904 0.363560836028213 0.363699248196081 0.373874640307553
-9999 -9999 -9999 -9999 -9999 -9999 -9999 -9999 -9999 -9999 -9999 -9999 -9999 -9999 -9999 -9999 -9999 -9999 -9999 -9999 -9999 -9999 0.457952483083217 0.443845286843842 0.28025333107813 0.132252384116466 0.0377413819326637 0.0110830403610365 0.029534269154382 0.0442597964171678 0.0526545120964589 0.0416994822628326 0.039211621832983 0.0435196676828767 0.021200992463241 0 0 0 0 0.00773906459088577 0.0165775558675741 0.0223403889584264 0.0333388845004652 0.0504119903449887 0.128260970955071 0.217743377779774 0.257927567508776 0.283104420152936 0.287299266347239 0.318746984591909 0.358113625249026 0.363459063372398 0.366860937787158 0.366968728284438 0.372371322625865 0.380122913410673 0.382329952694808
-9999 -9999 -9999 -9999 -9999 -9999 -9999 -9999 -9999 -9999 -9999 -9999 -9999 -9999 -9999 -9999 -9999 -9999 -9999 -9999 -9999 -9999 0.46123179057724 0.460359383327633 0.30716812627073 0.163675552620459 0.0589816439958995 0.0182284428911162 0.0199840810717292 0.0432034701898111 0.0603626752007745 0.0518566093922394 0.0461661591519255 0.0427355738805209 0.0203501024805133 0 0 0 0 0.0151599789981742 0.0295601948106269 0.0207404384064357 0.0447774395520397 0.106936072827118 0.182810028728966 0.256794078326177 0.278544473670399 0.290026957577345 0.287153704501405 0.318084164875936 0.359306620827769 0.366712476865128 0.37306439606453 0.37763003145313 0.38265312381093 0.387852153821325 0.388811136965654
-9999 -9999 -9999 -9999 -9999 -9999 -9999 -9999 -9999 -9999 -9999 -9999 -9999 -9999 -9999 -9999 -9999 -9999 -9999 -9999 -9999 -9999 0.473204929702395 0.475877534061289 0.341220143682787 0.208518439357192 0.0935674495520065 0.0349091176370535 0.0136750751931476 0.0432065970997162 0.0669242048619873 0.0574089642608101 0.0489386419192894 0.0413069902389994 0.0199883293127849 0.000995487857464833 0.000327899258580306 0 0 0.0285164804013068 0.0545971121326106 0.0310585072331942 0.0756473510162814 0.199280194581088 0.262778199268596 0.304607653404218 0.302734275647612 0.296533950135979 0.284284047328195 0.315521358510348 0.360444339460705 0.369814267468629 0.379550302098817 0.389906839124237 0.393108447713784 0.393097949745928 0.395304995462972
-9999 -9999 -9999 -9999 -9999 -9999 -9999 -9999 -9999 -9999 -9999 -9999 -9999 -9999 -9999 -9999 -9999 -9999 -9999 -9999 -9999 -9999 0.470950196225745 0.470135658995764 0.409006700497937 0.331850833294441 0.219633442532429 0.114001498066662 0.0127476671546587 0.0278291377261629 0.0433841500007673 0.0272682830081715 0.0257623254413117 0.0359825505546463 0.0263330037299867 0.0143452982890708 0.00472513314735816 0 0 0.035554986198586 0.0707891108259564 0.0601880131109171 0.101741349529842 0.203806200177237 0.273152122151464 0.327797364935905 0.332161462624076 0.325344492224324 0.302895085409584 0.324431660819063 0.360482576825198 0.372563086862131 0.384142754612509 0.394873560803054 0.399841280399938 0.402246179592618 0.409840186477773
-9999 -9999 -9999 -9999 -9999 -9999 -9999 -9999 -9999 -9999 -9999 -9999 -9999 -9999 -9999 -9999 -9999 -9999 -9999 -9999 -9999 -9999 0.475791438723239 0.472104467736878 0.453893368869737 0.410214498784553 0.303248868930858 0.167491953657495 0.0125941159233311 0.0164290087963978 0.0267563156524513 0.0127212101805061 0.0132949609412316 0.0255940490699785 0.0231407500835959 0.0172129257380274 0.00566968802800936 0 0 0.0358526867610398 0.0740342131578079 0.0816512179496463 0.122353136548191 0.201441402651147 0.274097481869284 0.339536464532477 0.355694988290297 0.355134097820926 0.331197517502681 0.340531788492176 0.361682091715815 0.379650024974974 0.393936423944634 0.401983108290608 0.408456245153493 0.414241736455173 0.423129573334602
-9999 -9999 -9999 -9999 -9999 -9999 -9999 -9999 -9999 -9999 -9999 -9999 -9999 -9999 -9999 -9999 -9999 -9999 -9999 -9999 -9999 -9999 0.481108109282993 0.48564383211622 0.46335063108477 0.419005102884069 0.321187190886663 0.181372565918658 0.0136378319710965 0.0111823795249929 0.0208226761078632 0.0222996822306982 0.0173958784254433 0.0073707189235833 0.00519350325508704 0.00386311530642163 0.00127245413923156 0 0 0.0257213964976608 0.0572486131220171 0.0912535574438794 0.134483157457434 0.188415546091163 0.260455504418388 0.333559828002372 0.37011017607345 0.386438454844073 0.374493923715586 0.367755605420879 0.364678269207455 0.393448653865006 0.411777120388942 0.412407914107425 0.419983137693142 0.430642515882711 0.434491522788675
-9999 -9999 -9999 -9999 -9999 -9999 -9999 -9999 -9999 -9999 -9999 -9999 -9999 -9999 -9999 -9999 -9999 -9999 -9999 -9999 -9999 -9999 0.493515964304729 0.493152437187409 0.472722328225833 0.43295771672848 0.345989112130035 0.200102483560848 0.0150461787535488 0.0055810902127378 0.0110336054640938 0.0144789116063879 0.0107315484704056 0.00121121635442972 0 0 0 0 0 0.0220270415818985 0.0489447601835908 0.07750476024743 0.120584302448583 0.180509957453418 0.242039802163652 0.302396864963284 0.347979542182621 0.374193862771839 0.373328963280982 0.382431005010331 0.395347079873941 0.412206386327728 0.423785134192261 0.426414032331214 0.432305643089931 0.439568812504736 0.432844040258588
-9999 -9999 -9999 -9999 -9999 -9999 -9999 -9999 -9999 -9999 -9999 -9999 -9999 -9999 -9999 -9999 -9999 -9999 -9999 -9999 -9999 -9999 0.463559591688349 0.494742177678722 0.480734996090079 0.447923069226184 0.371590976891218 0.219858490708895 0.0179985763444311 0.000719800780479797 0 0 0 0 0 0 0 0 0 0.0207340490732712 0.0436789148366252 0.0540474167718755 0.095803976995114 0.173978129839893 0.222233633161297 0.263037661359803 0.31240874734327 0.345421611853144 0.355563776083098 0.392471978246893 0.436377441433439 0.432942309347382 0.433770004446611 0.441822628891773 0.444405849097638 0.444385544621985 0.425436179222532
-9999 -9999 -9999 -9999 -9999 -9999 -9999 -9999 -9999 -9999 -9999 -9999 -9999 -9999 -9999 -9999 -9999 -9999 -9999 -9999 -9999 -9999 0.438739549614981 0.431535780034734 0.443854408712006 0.425958256067908 0.329556942015651 0.207454026814955 0.0682642623287951 0.0258426693194866 0 0 0 0 0 0 0 0 0 0.0119876549580795 0.0243137264349834 0.0238219105534892 0.0614581504551738 0.143331978748701 0.221191190582969 0.293517155831102 0.325718966282434 0.357538660326971 0.388824111096592 0.418632424144964 0.446653683866301 0.452280567684798 0.455688790004228 0.455336673966845 0.437985641758948 0.413067255468365 0.40233974112301
-9999 -9999 -9999 -9999 -9999 -9999 -9999 -9999 -9999 -9999 -9999 -9999 -9999 -9999 -9999 -9999 -9999 -9999 -9999 -9999 -9999 -9999 0.380682099239894 0.384482138499153 0.415289489199888 0.407547178616829 0.299448218493312 0.19950372426921 0.104980453766621 0.0441525076280384 0 0 0 0 0 0 0 0 0 0.00541812880324467 0.010072036541901 0.00351936200817697 0.0381112471943947 0.120440580830773 0.221884952117849 0.320718820664171 0.346968251019035 0.377546412146968 0.414176643438098 0.438988856826765 0.458530901553054 0.460048849861422 0.457932380270856 0.449656052118811 0.423947073476824 0.39058239508703 0.386355331189984
-9999 -9999 -9999 -9999 -9999 -9999 -9999 -9999 -9999 -9999 -9999 -9999 -9999 -9999 -9999 -9999 -9999 -9999 -9999 -9999 -9999 -9999 0.375711415058224 0.371823858548594 0.402395588030956 0.395833176897012 0.291812948213346 0.199947364978084 0.116162390950615 0.0496230739219801 0 0 0 0 0 0 0 0 0 0.00295094755772415 0.00548566723198461 0.00191679694225018 0.0354920030033961 0.112163147922519 0.225850620003988 0.341743359472663 0.383178841058456 0.41242432940307 0.424626786371487 0.448407527317678 0.47342518449243 0.446013314044266 0.423097728443037 0.407802752105641 0.395551573675303 0.384744282333802 0.383773659996767
-9999 -9999 -9999 -9999 -9999 -9999 -9999 -9999 -9999 -9999 -9999 -9999 -9999 -9999 -9999 -9999 -9999 -9999 -9999 -9999 -9999 -9999 0.361795309795158 0.362548329690652 0.384158480881963 0.375397520152807 0.287610339824898 0.213060514025795 0.147311100328086 0.0644237993688681 0 0 0 0 0 0 0 0 0 0.00128443582768456 0.00238770340498706 0.00083430919013725 0.0408040769026834 0.128950561427587 0.250608145612867 0.372964503820259 0.416099763855765 0.43631082230224 0.424471174958633 0.435637204797906 0.452695653076805 0.426890218413413 0.405796053104675 0.392686867420381 0.385797376806996 0.381764924266463 0.384826915337474
-9999 -9999 -9999 -9999 -9999 -9999 -9999 -9999 -9999 -9999 -9999 -9999 -9999 -9999 -9999 -9999 -9999 -9999 -9999 -9999 -9999 -9999 0.359033285568819 0.355514594573031 0.363226126492957 0.350562441653098 0.285139252273104 0.232564481153509 0.188531550875039 0.0839308913304832 0 0 0 0 0 0 0 0 0 2.18019024337728e-05 4.05286706850562e-05 1.41614918946651e-05 0.050116906766137 0.15838131272815 0.285853606246345 0.409329071992299 0.447361295907528 0.454652964810958 0.418965754791142 0.411674197138566 0.413996575348105 0.405200829886979 0.397338451281116 0.391058006281756 0.385446321136774 0.380227593833052 0.387713718878411
-9999 -9999 -9999 -9999 -9999 -9999 -9999 -9999 -9999 -9999 -9999 -9999 -9999 -9999 -9999 -9999 -9999 -9999 -9999 -9999 -9999 -9999 0.350115375318484 0.349630644522661 0.352249865004481 0.338041891909409 0.280836216402081 0.218974038850348 0.154016141768511 0.10577948714625 0.0602263908173944 0.0185544785450131 0 0 0 0 0 0 0 0 0 0 0.0484461995640178 0.153101481690477 0.289528188441725 0.421001388876124 0.426235696817665 0.423609729889124 0.409994182524737 0.408355361570125 0.410534139373423 0.403786293629076 0.396756321207536 0.38924818131152 0.386650020390184 0.386297263948167 0.39015101209036
-9999 -9999 -9999 -9999 -9999 -9999 -9999 -9999 -9999 -9999 -9999 -9999 -9999 -9999 -9999 -9999 -9999 -9999 -9999 -9999 -9999 -9999 0.355767688670615 0.350606846079798 0.347023867569292 0.330992947074139 0.283221292073 0.210040196596516 0.119966485079395 0.123939976755617 0.115260184798083 0.0389438749399971 0.00332672486791666 0.000375470844475105 0 0 0 0 0 0 0 0 0.0442250289700863 0.139761581384258 0.282712083552465 0.422149026470206 0.408507959514409 0.401423402944353 0.403505612098584 0.405521239768527 0.407078435912435 0.400880778419902 0.394596143333424 0.388164092707067 0.388241630477201 0.391241035482258 0.392150109280988
-9999 -9999 -9999 -9999 -9999 -9999 -9999 -9999 -9999 -9999 -9999 -9999 -9999 -9999 -9999 -9999 -9999 -9999 -9999 -9999 -9999 -9999 0.361944590122335 0.366336863305838 0.354759999727506 0.336161934137632 0.301230441811263 0.213284409173319 0.0900934338172021 0.133430311720357 0.155761452403582 0.0628413436649733 0.0143877769121762 0.00162387662395337 0 0 0 0 0 0 0 0 0.034522939545854 0.109100677542242 0.252795758418041 0.399836426411401 0.400819925768506 0.401845936074214 0.402931381641004 0.402970727870633 0.402198984702048 0.39368065708634 0.388445441179644 0.38877466621822 0.390671586315301 0.393256454713358 0.393148803595666
-9999 -9999 -9999 -9999 -9999 -9999 -9999 -9999 -9999 -9999 -9999 -9999 -9999 -9999 -9999 -9999 -9999 -9999 -9999 -9999 -9999 -9999 0.470560025237296 0.386668101605044 0.354505476903077 0.325834752633392 0.301210130012801 0.220571324863644 0.102693365267014 0.149022140961965 0.174842909004199 0.087679655774566 0.0327517493445096 0.00369652660579687 0 0 0 0 0 0 0.00357044575695675 0.0282137764139161 0.0676788537384321 0.124340672802316 0.254225923221678 0.390202355264624 0.394632227247862 0.398497040395831 0.401571835430717 0.402886036541225 0.403095928221018 0.394923016200798 0.390302221652847 0.391701797307608 0.392013790038932 0.391810939265641 0.388242812853552
-9999 -9999 -9999 -9999 -9999 -9999 -9999 -9999 -9999 -9999 -9999 -9999 -9999 -9999 -9999 -9999 -9999 -9999 -9999 -9999 -9999 0.524803285458695 0.477444516325998 0.404200057435042 0.349328202200466 0.30596094534101 0.290082522775437 0.23034880289063 0.141459356429291 0.168372878888332 0.180728399181081 0.113097587270649 0.0556147853873604 0.00627696345919073 0 0 0 0 0 0 0.00934051327135233 0.0738090342125151 0.127238025017957 0.167858542373809 0.274967520261121 0.388379064604534 0.389368830685456 0.392824704612784 0.399728484750709 0.404320447570902 0.407551498418881 0.401366480427701 0.397092120903812 0.396056075257165 0.392685869251352 0.388233267852309 0.379699160428318
-9999 -9999 -9999 -9999 -9999 -9999 -9999 -9999 -9999 -9999 -9999 -9999 -9999 -9999 -9999 -9999 -9999 -9999 -9999 -9999 0.473522807758251 0.470124383080566 0.438923060324776 0.392525033617206 0.354686481774199 0.31209655952341 0.256650312702234 0.193701795686875 0.125765645435499 0.118990160112876 0.106658385821472 0.0589580697935359 0.0252788043316885 0.0028530925719998 0 0 0 0 0 0 0.0170637939939274 0.134838645169094 0.217919812417559 0.260748077234443 0.301565650901864 0.340844320322436 0.371247214297423 0.393206021548935 0.403359011346395 0.408621614166142 0.411381458260622 0.400936254505893 0.393481250482996 0.391094240271176 0.378057910845801 0.360294702277716 0.353349523945776
-9999 -9999 -9999 -9999 -9999 -9999 -9999 -9999 -9999 -9999 -9999 -9999 -9999 -9999 -9999 -9999 -9999 -9999 -9999 -9999 -9999 0.424475487583899 0.40613403972325 0.377767394043214 0.354233553005357 0.313394662853181 0.228184260291278 0.159728953325448 0.102412710870042 0.0727069366644039 0.0445941007635846 0.013738500259144 0 0 0 0 0 0 0 0 0.0225211276708964 0.177962670195419 0.2838084259175 0.332111305207265 0.316589202902939 0.292537499112071 0.353829543124825 0.394587622776397 0.406636826880511 0.411196367277979 0.412245342189545 0.398826253335989 0.388595151976438 0.383767268575006 0.361198208657981 0.330822542138283 0.32795366354561
-9999 -9999 -9999 -9999 -9999 -9999 -9999 -9999 -9999 -9999 -9999 -9999 -9999 -9999 -9999 -9999 -9999 -9999 -9999 -9999 -9999 -9999 0.399061372238687 0.359756230641011 0.334710889558402 0.295418449873182 0.21863804306573 0.142730953459816 0.0674044595652316 0.0490418766085883 0.0334029502321506 0.0102907432275284 0 0 0 0 0 0 0 0 0.0209676314375755 0.165686893340001 0.27106398012898 0.330794812123182 0.296613700234535 0.250988091359029 0.34100603596932 0.397700185967471 0.407803786987288 0.40815772239224 0.404559801485898 0.393160182418223 0.382031470941126 0.371361912067719 0.340830279793673 0.301670476374524 0.308858243792584
-9999 -9999 -9999 -9999 -9999 -9999 -9999 -9999 -9999 -9999 -9999 -9999 -9999 -9999 -9999 -9999 -9999 -9999 -9999 -9999 -9999 -9999 0.422327448790084 0.285607621740718 0.283674413696922 0.266453838536342 0.19788255366195 0.122669586063477 0.0430411180044381 0.0285916064110319 0.0188740986794473 0.00581471103035318 0 0 0 0 0 0 0 0.0093156497015505 0.0394915693706121 0.181272498348833 0.27735702170753 0.3204228757095 0.29909801672361 0.271044162831207 0.346172329418516 0.392529805459815 0.398662502701883 0.395769838329214 0.389405204581558 0.379144100478102 0.36363279472098 0.3392230902367 0.311543104619838 0.282677904153751 0.294224187213544
