layers/veg/veg_4100.asc
NCOLS 255 
NROWS 330 
XLLCORNER -2985163.8955 
YLLCORNER -3022031.214 
CELLSIZE 25000 
NODATA_value -9999 
[rows 150 to 174 of 330, columns 56 to 111 of 255]
-9999 -9999 -9999 -9999 -9999 -9999 -9999 -9999 -9999 -9999 -9999 -9999 -9999 -9999 -9999 -9999 -9999 -9999 -9999 -9999 -9999 -9999 0.395229297153444 0.36051790073376 0.244779251071252 0.0886038440110774 0.0536571732705511 0.0316438987802547 0.0351510061367039 0.0561629087656694 0.0878503618991777 0.086545215412756 0.0839887329999209 0.0839865509711793 0.0826754778952409 0.0803979613189543 0.0375854124518132 0.000626307884951372 0.00359028408571874 0.0204304315647198 0.0496088085161076 0.100332043523914 0.146102505904017 0.147294624013545 0.159424601749939 0.183242918848796 0.229131623291732 0.280022009838265 0.327476042859261 0.35139822959081 0.345064874520427 0.36057930729919 0.381283171039 0.378304985555733 0.376777933737541 0.377505597475882
-9999 -9999 -9999 -9999 -9999 -9999 -9999 -9999 -9999 -9999 -9999 -9999 -9999 -9999 -9999 -9999 -9999 -9999 -9999 -9999 -9999 -9999 0.365378869451185 0.363883411745607 0.281905676673729 0.159763155132786 0.0780269594054165 0.0231215179801873 0.0284904649661709 0.0496278266787556 0.080381782311448 0.0750338287489102 0.071826144994183 0.081547790493415 0.0800284261201635 0.0702090577459084 0.0324303248026125 0.000506357445818353 0.00290267314700656 0.0165342158666788 0.0401557483572225 0.0918704261613209 0.142675023950611 0.163349653165391 0.177462602492494 0.184563655166007 0.231907342868215 0.28755135194936 0.330888682030957 0.349363436035299 0.335871692360009 0.355751951770561 0.384196996809796 0.384504972948919 0.384251687454443 0.383126335266857
-9999 -9999 -9999 -9999 -9999 -9999 -9999 -9999 -9999 -9999 -9999 -9999 -9999 -9999 -9999 -9999 -9999 -9999 -9999 -9999 -9999 -9999 0.367797646188857 0.373231563536657 0.334880406400853 0.274678250203949 0.114107121191284 0.00363834306783847 0.0118294990843306 0.0382212157035993 0.0757128052948759 0.0618950922007044 0.0548856626671786 0.0771280556631608 0.0753253634674993 0.0557685454807333 0.0251717437268187 2.72155449545974e-05 0.000156011987526295 0.00678286946028614 0.0191875864382683 0.079058444714141 0.143389758652985 0.187082291486476 0.198990895883837 0.17693478007933 0.235688238302765 0.307946802717106 0.332184841059933 0.337469587586996 0.31838556569009 0.345619647729482 0.385000187956893 0.388592062309492 0.390372925167489 0.389339908168511
-9999 -9999 -9999 -9999 -9999 -9999 -9999 -9999 -9999 -9999 -9999 -9999 -9999 -9999 -9999 -9999 -9999 -9999 -9999 -9999 -9999 -9999 0.387908847427538 0.388769172381227 0.352116844624439 0.296743778149645 0.131344535842075 0.0141713349461289 0.0116802767642549 0.0369904286774681 0.0792555473776105 0.0749359311710668 0.07172444815756 0.080421531894901 0.0758076790073281 0.0613654540698082 0.037872753259218 0.0211673099754902 0.0338308043971634 0.0521615298475305 0.0755313684295393 0.100912550675906 0.12825221942231 0.163646778543265 0.185929158129866 0.194199691760551 0.251260039176864 0.313259974036616 0.322576638110446 0.327124545678415 0.325541131885894 0.35282496028077 0.387103942049777 0.391835546187895 0.395507855423754 0.397534273069777
-9999 -9999 -9999 -9999 -9999 -9999 -9999 -9999 -9999 -9999 -9999 -9999 -9999 -9999 -9999 -9999 -9999 -9999 -9999 -9999 -9999 -9999 0.405766134491952 0.402776021110212 0.36594197917904 0.312218080152056 0.148571658719613 0.0293541003997645 0.0160862367676072 0.0385176101820473 0.0827206754175831 0.0868259329437685 0.0875100746569276 0.085811219545574 0.0801597576674613 0.0715898167246875 0.0551458096738605 0.0450381623095661 0.0620919115995175 0.0880379826545765 0.121890810139797 0.11596295497044 0.111696143921974 0.151973207220347 0.187287257518941 0.217297767437546 0.267268114885362 0.315886460708833 0.318093809687709 0.324003036014636 0.334671867834133 0.360697741560699 0.38984506975484 0.395717460991731 0.400692476727565 0.404273184998157
-9999 -9999 -9999 -9999 -9999 -9999 -9999 -9999 -9999 -9999 -9999 -9999 -9999 -9999 -9999 -9999 -9999 -9999 -9999 -9999 -9999 -9999 0.407566419829784 0.409733811113375 0.376206258668664 0.324865097566391 0.168978805356142 0.0525747707549201 0.0305625425954605 0.0461115272775705 0.0845677564295224 0.0910025864562786 0.0945642836581181 0.0958155424746426 0.0945727590819906 0.0914884542824844 0.0819496996751872 0.0729498553739045 0.0688396334311027 0.0876520529651361 0.126846522056174 0.105867836329479 0.0938281346924719 0.181596763948025 0.235317066951347 0.252652884732119 0.282501893837407 0.313483433307582 0.32996315208088 0.341046569175521 0.345191812826135 0.367505397214648 0.39416724902182 0.401548593319297 0.406185608093997 0.406558589433204
-9999 -9999 -9999 -9999 -9999 -9999 -9999 -9999 -9999 -9999 -9999 -9999 -9999 -9999 -9999 -9999 -9999 -9999 -9999 -9999 -9999 -9999 0.410913023363664 0.41154447366996 0.383489512772655 0.341118560600495 0.212648573991328 0.10728398359247 0.0580238510372285 0.052326571467701 0.0731967227038991 0.0793945588808188 0.0862904097094775 0.0979447611657621 0.10404172968748 0.106035303486191 0.0977906833520348 0.0878299541397846 0.0760293240118173 0.0884661933281996 0.122454240126106 0.117225165427405 0.121623758547047 0.210256482660322 0.255761655603281 0.255180165236665 0.290444671356171 0.32994617680313 0.335221346488392 0.345128240950291 0.360990271310617 0.380253368235045 0.39965829966412 0.406987686690939 0.411298778559157 0.410920159746628
-9999 -9999 -9999 -9999 -9999 -9999 -9999 -9999 -9999 -9999 -9999 -9999 -9999 -9999 -9999 -9999 -9999 -9999 -9999 -9999 -9999 -9999 0.410070885233672 0.408289756132131 0.388607473428241 0.359991596453453 0.273215348351185 0.184865170303701 0.094916927897658 0.0575400594541773 0.0522245975620607 0.0563211923284827 0.0668828507718236 0.0943538301076962 0.109919560958456 0.116694835152713 0.105668665655501 0.0932444422158913 0.0835400423977637 0.0901520149036535 0.111271962401637 0.144164664595118 0.182587555347712 0.23821610933379 0.256169481698059 0.233862663919038 0.293091567225659 0.360112235379064 0.335677476650232 0.339794953136401 0.380622823505832 0.397316138453875 0.405998370091092 0.41214201919242 0.416135961153117 0.416789771016671
-9999 -9999 -9999 -9999 -9999 -9999 -9999 -9999 -9999 -9999 -9999 -9999 -9999 -9999 -9999 -9999 -9999 -9999 -9999 -9999 -9999 -9999 0.384081259221927 0.38317064843517 0.373353752859495 0.359092164135397 0.288258766869502 0.213548715027427 0.131891985070464 0.0905479008203082 0.0737890618423698 0.0696733951995853 0.0697081553327529 0.0793643446737668 0.0934470853154153 0.110798250584628 0.0953573586181661 0.0777832720361901 0.0668697264893929 0.0719523901801724 0.0912583505068998 0.125633533240683 0.163216768604602 0.203290734245068 0.224636613853143 0.225969416623188 0.287116359004564 0.354033093323001 0.354255153117231 0.367047611968977 0.396002178522494 0.401180163849842 0.399269407113525 0.404978685484616 0.408400560771757 0.408268357312354
-9999 -9999 -9999 -9999 -9999 -9999 -9999 -9999 -9999 -9999 -9999 -9999 -9999 -9999 -9999 -9999 -9999 -9999 -9999 -9999 -9999 -9999 0.376226282257585 0.368532644632601 0.360779818000368 0.352997453016149 0.294954535688401 0.232266940722001 0.160647953286818 0.117296551345575 0.0911845419184405 0.0815021207293783 0.0738884664154687 0.0691772961991355 0.0799618537980085 0.102187963741703 0.0828060622624066 0.0614047298658871 0.0510197584124803 0.0555402538828019 0.0733141942415209 0.103547901189772 0.13640533716986 0.171176849196654 0.197915142721209 0.216069034248471 0.27368432073633 0.336347227898456 0.36415664954496 0.388839234318509 0.409501558949531 0.405445164666185 0.394606282764285 0.399084928096475 0.401500124633483 0.400709213965779
-9999 -9999 -9999 -9999 -9999 -9999 -9999 -9999 -9999 -9999 -9999 -9999 -9999 -9999 -9999 -9999 -9999 -9999 -9999 -9999 -9999 -9999 0.380518508540943 0.385121353376754 0.366471721183747 0.336217909719214 0.290220300349388 0.235067367917183 0.159415251288556 0.109637376926738 0.0756392803792756 0.0725812593868909 0.0737312261844253 0.0812483692467412 0.0866885036595307 0.0905950409759072 0.0696799601222108 0.0503924522552421 0.048248224857179 0.0539391142473329 0.0665967286034442 0.0874788970893863 0.115993228536929 0.175545970596143 0.20205492457046 0.193252855901093 0.236673134446457 0.29148268495871 0.334877239703906 0.377132783012017 0.417923867997404 0.416678227440116 0.402924696275735 0.402957249604359 0.402888178789892 0.402661208298878
-9999 -9999 -9999 -9999 -9999 -9999 -9999 -9999 -9999 -9999 -9999 -9999 -9999 -9999 -9999 -9999 -9999 -9999 -9999 -9999 -9999 -9999 0.355940540850879 0.365440976381646 0.353506554119165 0.330875037857438 0.281440678210932 0.225981400532173 0.157603132526688 0.109219789479266 0.0730306382462134 0.0628642880842329 0.0597649692547491 0.0722079883964239 0.0750677902431733 0.0708516493772421 0.0554743370950348 0.0441353149871008 0.0528460227420167 0.0598032287832416 0.0652012794861578 0.0806898626832221 0.104900324316301 0.163952085717278 0.193515487138042 0.191567242729607 0.232176471759133 0.282575708383306 0.327420822147045 0.374788069628942 0.425398093780427 0.43004879062686 0.419970311630605 0.411686737357972 0.406149639111016 0.404879909453022
-9999 -9999 -9999 -9999 -9999 -9999 -9999 -9999 -9999 -9999 -9999 -9999 -9999 -9999 -9999 -9999 -9999 -9999 -9999 -9999 -9999 -9999 0.345161319933902 0.323781160594694 0.324216606180835 0.335539158123722 0.269121376360025 0.20649493701773 0.155284028928792 0.115138530239521 0.0817414302067632 0.0524507272056947 0.033715937875975 0.0446952614473156 0.0473932869690466 0.043976665521779 0.040324142294565 0.0420388858624992 0.0638919241794164 0.0721993784615853 0.0684625504408695 0.0820207243679102 0.101961646237642 0.138390703470552 0.173881838574268 0.208370697865753 0.25612974606467 0.305131302503598 0.339059340842988 0.380634798855348 0.432042754613377 0.445289648848836 0.44465215581676 0.42466620506959 0.411050314202735 0.407331976851342
-9999 -9999 -9999 -9999 -9999 -9999 -9999 -9999 -9999 -9999 -9999 -9999 -9999 -9999 -9999 -9999 -9999 -9999 -9999 -9999 -9999 -9999 0.278329006542584 0.278105000753925 0.29974202374394 0.332288821924501 0.269373089641769 0.212025425867028 0.170793114100968 0.146456780785414 0.132424702301977 0.0662244523893455 0.0171381771741989 0.027223501778305 0.0312988685738929 0.0309366737604771 0.034868668506225 0.0408239440636001 0.0524161709186716 0.0598281137958443 0.0635230873487796 0.0597361063805423 0.0638949489045315 0.114952655883835 0.167684246889288 0.222204572182662 0.274091966870994 0.323746179327567 0.361748887818718 0.396553685430122 0.42724684109423 0.44152051933999 0.449040661661222 0.438416953471648 0.427870655364541 0.417444634059889
-9999 -9999 -9999 -9999 -9999 -9999 -9999 -9999 -9999 -9999 -9999 -9999 -9999 -9999 -9999 -9999 -9999 -9999 -9999 -9999 -9999 -9999 0.284844010360886 0.263802524407975 0.2842999881294 0.325527519368989 0.271720849830036 0.223035821249326 0.189425032572559 0.176534621312224 0.176280829454663 0.0794526097705626 0.00494459304375999 0.012943352580779 0.0181725318543278 0.0213567411893506 0.029283238201644 0.0364456036006792 0.0386412030626887 0.0459862402914072 0.0579099861239243 0.037584507593528 0.0279670310862075 0.101701462596624 0.172417404664946 0.239907749572142 0.293709306879317 0.343036510013462 0.38438195281609 0.412098799914817 0.422292986787519 0.43693655957159 0.451729268274371 0.450265659947257 0.44363383046449 0.428971818153161
-9999 -9999 -9999 -9999 -9999 -9999 -9999 -9999 -9999 -9999 -9999 -9999 -9999 -9999 -9999 -9999 -9999 -9999 -9999 -9999 -9999 -9999 0.295780298076675 0.306069376079539 0.309026901063331 0.308325604861467 0.273584676843675 0.239500254791853 0.208107264278173 0.1787857324849 0.150727509507499 0.0692989926067902 0.00614065409692948 0.00571735358201643 0.00968663767410661 0.0168992664680033 0.0147609792106916 0.0158008129230478 0.0328726031764495 0.0461364057907485 0.0560142725890952 0.0363022201102335 0.0325995322041277 0.136584026180426 0.2192472875246 0.279126401774927 0.326571470053436 0.369012568530282 0.3972773483893 0.417188408511386 0.42635886147526 0.444631374788082 0.463455356604676 0.452127361870248 0.444008818592403 0.440876997283213
-9999 -9999 -9999 -9999 -9999 -9999 -9999 -9999 -9999 -9999 -9999 -9999 -9999 -9999 -9999 -9999 -9999 -9999 -9999 -9999 -9999 -9999 0.323644588105368 0.327166800812007 0.316645360475757 0.299115416600943 0.27240112361288 0.244320316429794 0.213417197751278 0.180624208148843 0.146678653653117 0.0748756088104118 0.0167056239225859 0.00498030445660429 0.00579470715063462 0.0158680416737658 0.00794477193954623 0.00371881969015409 0.0213179802969499 0.0374421034178018 0.0522546723197679 0.0342876563589677 0.033146615362523 0.146713161323996 0.238509845612176 0.307042971965642 0.350345468808312 0.385571862271677 0.407345794611145 0.42270220337136 0.429807425610605 0.449055701079789 0.469324591692555 0.452956316003021 0.443506553187695 0.44480650901026
-9999 -9999 -9999 -9999 -9999 -9999 -9999 -9999 -9999 -9999 -9999 -9999 -9999 -9999 -9999 -9999 -9999 -9999 -9999 -9999 -9999 -9999 0.320167279331396 0.313727606637048 0.306272068710302 0.298309561902011 0.268012855997274 0.236894815272323 0.204664430456411 0.182028744217312 0.165244522541953 0.096994599481742 0.0371232128193321 0.0110672252113629 0.00673392345925694 0.0184399617274423 0.00923247452397961 0.000641715228688445 0.00367860604741127 0.0194466993959578 0.0465349541292803 0.0315030094210336 0.0293973532496747 0.130810865588304 0.228781796961653 0.323073941444545 0.364562087482684 0.392228210166617 0.414441338036238 0.428662084938976 0.432606807875465 0.450040685359038 0.469034588244313 0.452699202289407 0.442081742255481 0.440348575126749
-9999 -9999 -9999 -9999 -9999 -9999 -9999 -9999 -9999 -9999 -9999 -9999 -9999 -9999 -9999 -9999 -9999 -9999 -9999 -9999 -9999 -9999 0.331844498129439 0.331248281510009 0.321805278953934 0.307947276229988 0.273926029652596 0.239453869108584 0.204645475417714 0.193409641781536 0.19654987204485 0.143014062991008 0.0860217959347161 0.02964365238378 0.0100000694936283 0.0174801173019936 0.0175652929990193 0.0164055745841593 0.0138968543908202 0.0169015758685491 0.0248086661017693 0.0287278403563524 0.0445073624645709 0.123763727899207 0.213091108124019 0.313180506020264 0.363567887400608 0.399513125930434 0.419770739467486 0.432262284818818 0.434768782769299 0.449951533673824 0.46676614525345 0.452469516804857 0.442527862576023 0.439352799432419
-9999 -9999 -9999 -9999 -9999 -9999 -9999 -9999 -9999 -9999 -9999 -9999 -9999 -9999 -9999 -9999 -9999 -9999 -9999 -9999 -9999 -9999 0.36109995666472 0.3578216263055 0.342094114848 0.320153823174908 0.282066405946463 0.244423063016808 0.208361372155114 0.206043131374927 0.224303817679266 0.185464434781059 0.132192134535126 0.0479170656754687 0.0136452886704763 0.0162943512666495 0.0260751721134924 0.0331795945802362 0.0271142840109692 0.0167197501699819 0.00247581514385148 0.0269767243968649 0.0640666351688866 0.129465307415306 0.209511265540015 0.305209504268507 0.361731067958722 0.405193972282852 0.423946810770305 0.435157956395228 0.436672540141711 0.448864969371795 0.462566389416356 0.451754031283213 0.443619878085135 0.439647016486859
-9999 -9999 -9999 -9999 -9999 -9999 -9999 -9999 -9999 -9999 -9999 -9999 -9999 -9999 -9999 -9999 -9999 -9999 -9999 -9999 -9999 -9999 0.362694821309753 0.363985501026034 0.351719594397799 0.332688255508014 0.288353151428106 0.24938068464355 0.223614556732412 0.210461662941264 0.205001130915979 0.161594134175152 0.110156460847623 0.042622819905727 0.01599141215064 0.0195609118719828 0.0237612899836657 0.0248169297861374 0.0138536430483544 0.00682138664042262 0.00328447151216336 0.0324791109764113 0.0828720274040812 0.210485542420097 0.302130866657021 0.35534011341428 0.379995465069405 0.398409681055463 0.422963907087357 0.437098478791272 0.437836214428687 0.442539661369012 0.448048798174582 0.447542817457702 0.446088898109728 0.443162108253957
-9999 -9999 -9999 -9999 -9999 -9999 -9999 -9999 -9999 -9999 -9999 -9999 -9999 -9999 -9999 -9999 -9999 -9999 -9999 -9999 -9999 -9999 0.351350739561123 0.356788630756619 0.35053634781331 0.338450068076715 0.284866242324727 0.241695792535339 0.223904626109561 0.207245920446876 0.191277862225797 0.134234167639231 0.0792780104205046 0.0380287107033641 0.0204740165311622 0.0204146651311972 0.0196555206706169 0.0166050248419126 0.00531420568996447 0.000953707498509492 0.00275541994955255 0.0530622967640738 0.126001258558757 0.269057745074346 0.355530060976019 0.381535794635712 0.387517970415884 0.39139674724441 0.416335578133316 0.432651210231981 0.437879758544048 0.43951001575397 0.440372499503085 0.446230157924102 0.448451868762532 0.445024184390523
-9999 -9999 -9999 -9999 -9999 -9999 -9999 -9999 -9999 -9999 -9999 -9999 -9999 -9999 -9999 -9999 -9999 -9999 -9999 -9999 -9999 -9999 0.346599253448122 0.338424962574428 0.335679960754988 0.335644452785363 0.269015568016882 0.218018001347929 0.205266213673414 0.194372749283176 0.184612610005641 0.102459740798274 0.0372133640404737 0.0343202808602246 0.0276592893952159 0.0182161943475502 0.0132829971753398 0.00858383252927198 0.00274713540648368 0.000184882111724902 0.000534155241264603 0.0927228357447377 0.199900375292631 0.299232975145822 0.359315070891838 0.377453566353784 0.381451881396859 0.384094578409184 0.402565732981421 0.42012332588461 0.436506327430768 0.440649414133758 0.441350500438573 0.44858419689983 0.450680685960099 0.444795180168414
-9999 -9999 -9999 -9999 -9999 -9999 -9999 -9999 -9999 -9999 -9999 -9999 -9999 -9999 -9999 -9999 -9999 -9999 -9999 -9999 -9999 -9999 0.288120235584655 0.290593136399211 0.296837224300955 0.30496332808307 0.245859404982349 0.197109114628751 0.174494519214686 0.152458975950658 0.130776575946876 0.0684852588025544 0.0231984598966049 0.0346062730132027 0.0290422561869836 0.0109467801744724 0.00644438077330728 0.0036497809663911 0.00116806129249281 0 0 0.105845527482664 0.22317598656783 0.302247473492276 0.340764597344322 0.335944800227428 0.348454339418302 0.365408518467943 0.383477868861068 0.402123788367513 0.421511018636195 0.426882688090517 0.428622561096635 0.44174158423485 0.446414975787255 0.437965870508703
-9999 -9999 -9999 -9999 -9999 -9999 -9999 -9999 -9999 -9999 -9999 -9999 -9999 -9999 -9999 -9999 -9999 -9999 -9999 -9999 -9999 -9999 0.22644055722656 0.238327699128875 0.251703693798697 0.265822702402115 0.220135607654384 0.176824593344451 0.141052848753894 0.103322816737289 0.0643984950421304 0.0351915489033525 0.018454816955673 0.0359110954113564 0.0285078034234252 0.00274899565124773 0 0 0 0 0 0.110067791663936 0.229259733355318 0.294441177655488 0.314363851018127 0.285922411849405 0.310062074872342 0.345158309448158 0.364995340797324 0.384514268786118 0.403624202537967 0.409414121282128 0.412265999919196 0.432400556515264 0.440287784702745 0.429145586068034
