layers/veg/veg_4100.asc
NCOLS 255 
NROWS 330 
XLLCORNER -2985163.8955 
YLLCORNER -3022031.214 
CELLSIZE 25000 
NODATA_value -9999 
[rows 225 to 249 of 330, columns 57 to 113 of 255]
-9999 -9999 -9999 -9999 -9999 -9999 -9999 -9999 -9999 -9999 -9999 -9999 -9999 -9999 -9999 -9999 -9999 -9999 0.153704157015494 0.151091240140734 0.141262326809453 0.127033642479455 0.112307251663652 0.0973784697898607 0.0819583468965825 0.0675081994470345 0.0537740930186647 0.0382573024838537 0.0256965780909635 0.0249599072620421 0.0287212795686521 0.0364812968480454 0.0401345864328224 0.0426718297419223 0.043309391817697 0.0484128250943287 0.0582875165858232 0.0686207437608954 0.0792948165804591 0.0916431662897197 0.102903365047581 0.11276480460722 0.121552777131273 0.12887867898161 0.122173654230174 0.120583887189485 0.126940212491099 0.148630896166676 0.176065368363564 0.184892107454882 0.193288935698175 0.200872133345076 0.20823259504022 0.215480216685102 0.230324295236733 0.245071439226688 0.259262726641869
-9999 -9999 -9999 -9999 -9999 -9999 -9999 -9999 -9999 -9999 -9999 -9999 -9999 -9999 -9999 -9999 -9999 -9999 0.155172601320366 0.157402886524367 0.149559854141829 0.135574871601036 0.120269879218766 0.103471635112588 0.0826090839734342 0.0660396990670824 0.0526395522618532 0.0424212427837914 0.0340074517578194 0.0309091924272743 0.0340655693971266 0.0427821576067533 0.049667003935607 0.054439941147429 0.0502233146084565 0.0500739303511725 0.0542699161853096 0.0648540968184061 0.0769102619035379 0.0881549965732393 0.0991303179558085 0.109759323128283 0.119224613692976 0.127901585853875 0.131394822031997 0.131431415152061 0.126098424472661 0.134631773460593 0.149123886261345 0.173649043859719 0.19195718954035 0.198499288521702 0.204911320178498 0.21125745855078 0.211264921924706 0.218038339558939 0.24088918373863
-9999 -9999 -9999 -9999 -9999 -9999 -9999 -9999 -9999 -9999 -9999 -9999 -9999 -9999 -9999 -9999 -9999 -9999 0.153817741490647 0.155055399832217 0.147289692018614 0.134034409821342 0.119054714608382 0.102781176554056 0.0830944993849573 0.0670006328197004 0.0535589981127898 0.0462371398249315 0.0402622334250808 0.0365866438148493 0.0395795369969281 0.0485005403349389 0.053876045567786 0.0572446216144736 0.0537097847731595 0.0537589334517791 0.0576371492003694 0.068585678261081 0.0804609658318954 0.0862639308624382 0.0945173368590663 0.105920652191896 0.115057036686115 0.123395074986249 0.130914792266017 0.134812319565694 0.133083100826224 0.13356398374116 0.135540131234482 0.15827253501299 0.175015954526256 0.180424882570238 0.189559392424052 0.200581315761679 0.198958013712778 0.203048517476347 0.221032570447335
-9999 -9999 -9999 -9999 -9999 -9999 -9999 -9999 -9999 -9999 -9999 -9999 -9999 -9999 -9999 -9999 -9999 -9999 0.152123397459888 0.147772794466197 0.13852912428057 0.126302030356371 0.112202783886257 0.0979243890441657 0.0834783784417824 0.0694536631182237 0.0557399502057229 0.0498392775641358 0.0452542157723159 0.042097141822102 0.0451977163607448 0.0538611798974397 0.0548156053718312 0.0545441911738226 0.0550912008612646 0.0586869630421587 0.0655399587448514 0.0769224805343679 0.0876569543741732 0.0853537657401229 0.0893884896967239 0.101570257519154 0.109759738730926 0.116720885667024 0.124476534125781 0.133607414033879 0.144874592190556 0.140438289271257 0.130160351842555 0.140357369406703 0.148487769162884 0.152706977826007 0.166818544185794 0.185941668540125 0.190798297522698 0.195455369641999 0.200265093110093
-9999 -9999 -9999 -9999 -9999 -9999 -9999 -9999 -9999 -9999 -9999 -9999 -9999 -9999 -9999 -9999 -9999 0.179103354128024 0.175650651425891 0.164262996579986 0.152561661496438 0.140669067836092 0.124685001068927 0.109526657302033 0.0975159719282677 0.082829063163257 0.0661665520854708 0.0592669581850431 0.0533734228262445 0.0468841430899718 0.0474605373353882 0.0543181345161496 0.0581632104249512 0.0616573115512626 0.066117201581952 0.0696271461264985 0.0721221856277554 0.0752538414293085 0.0791178893356816 0.0872156502174096 0.0946194307148358 0.101131136960359 0.108087824806445 0.115155644332064 0.121810458986287 0.129476966425715 0.138715047527286 0.142391016613511 0.143976174155784 0.15205048078655 0.156077243116388 0.152443798920609 0.155353543644248 0.161578127129728 0.177332147439494 0.18980774839716 0.194213004310026
-9999 -9999 -9999 -9999 -9999 -9999 -9999 -9999 -9999 -9999 -9999 -9999 -9999 -9999 -9999 -9999 -9999 0.186518667399929 0.181176722482503 0.175466394945196 0.166767334619637 0.156245970205669 0.139088873536897 0.123115428670176 0.111797970626171 0.0960614171490812 0.077062663966789 0.0689402544707887 0.0614854952669352 0.0516762484010788 0.0493645415891791 0.0537179555735151 0.0590287290835501 0.0649582038147987 0.0731390950099023 0.0780919476101137 0.0795960205722519 0.07588420042013 0.0731248233432585 0.0868976687439546 0.0963676927440938 0.100306672540678 0.106697781467056 0.113779654394347 0.11957181853943 0.125754996519541 0.132545579290561 0.14214733454572 0.152792992869991 0.15970861371009 0.161862097923526 0.155002969216314 0.150485979145011 0.147155537717119 0.165086750587517 0.180101957091019 0.187384444047935
-9999 -9999 -9999 -9999 -9999 -9999 -9999 -9999 -9999 -9999 -9999 -9999 -9999 -9999 -9999 -9999 -9999 0.195238570234369 0.19472800126318 0.184610820808362 0.177054035822149 0.171058387097003 0.155338256815027 0.139296553516231 0.124142212990598 0.106757468337322 0.0877262275180665 0.0781984780118663 0.0689699071341214 0.0566236250550894 0.0508745063024643 0.0509900965299255 0.0521969151602021 0.0552500861107363 0.0666258474760082 0.0781795230700896 0.089923279095865 0.0851529504470722 0.0776015377339403 0.0796920468974564 0.0859608775224509 0.0976007144125699 0.105425240832762 0.111963473837323 0.117846203371556 0.1237906124105 0.129830835007191 0.136460870720177 0.143323158778197 0.149867469610279 0.155769341380516 0.160455360888745 0.162647731800597 0.163576797750988 0.157427043619402 0.158197647996102 0.175438404437407
-9999 -9999 -9999 -9999 -9999 -9999 -9999 -9999 -9999 -9999 -9999 -9999 -9999 -9999 -9999 -9999 -9999 0.202407626433971 0.199821979679851 0.190367275168107 0.183028773656232 0.176980573302667 0.16007650654316 0.143605396697878 0.130411097323683 0.113441234007063 0.0936842293475034 0.0840731958354024 0.0748494237476551 0.0625503601398966 0.0548599248642885 0.0512664419647504 0.049944444243739 0.0509933229916497 0.0619386859544114 0.072775520574947 0.0834964054241833 0.0872070673375747 0.0889553114813438 0.0890370504183894 0.0907385774814034 0.0945222545783385 0.101861863899311 0.110142744516452 0.115792755499442 0.121103414074159 0.125886919233506 0.131050555893634 0.136354539195481 0.141125635994116 0.147421505720714 0.156603094457279 0.161839748728779 0.165077863474863 0.156492076853919 0.154794193761334 0.169696454326392
-9999 -9999 -9999 -9999 -9999 -9999 -9999 -9999 -9999 -9999 -9999 -9999 -9999 -9999 -9999 -9999 -9999 0.200921882598431 0.198628843341075 0.193605128471557 0.185798019506848 0.176293806518901 0.156257437212113 0.139088445119908 0.132163590908008 0.11714228670686 0.0961441401478021 0.0874326324455109 0.0795358692633323 0.0692051453797318 0.0606855834256071 0.0537760979705239 0.0510962339955356 0.0507890695829013 0.0586090276334216 0.0632891065174504 0.0646145937455615 0.0838978620691169 0.105421456729676 0.110685705989134 0.106804370015683 0.0911668788404264 0.0965954907284257 0.108318633667306 0.113495598436047 0.117878879259474 0.121029243526849 0.125845528850615 0.131245309958353 0.133201024288619 0.137397255533857 0.145833791768194 0.151390129040499 0.155487331435492 0.160556248292687 0.165144182418896 0.168566593293178
-9999 -9999 -9999 -9999 -9999 -9999 -9999 -9999 -9999 -9999 -9999 -9999 -9999 -9999 -9999 -9999 0.218472879295142 0.208194609280509 0.198662253363038 0.191199731298556 0.181508988477632 0.17045964450966 0.152544146542552 0.136484221667525 0.12706303197317 0.115077620418359 0.101199286675304 0.087340871044026 0.0750160398953463 0.0684045246594866 0.0629155741346673 0.0584245548442036 0.0561395973025837 0.0549217754981387 0.0570832688436657 0.0583210042325958 0.058571812874039 0.0738899470209307 0.0919189131644812 0.102427957375718 0.106949127289949 0.103773208633925 0.101108976355667 0.0994095043818095 0.107769104121162 0.113795375678896 0.116197031969038 0.119501106356022 0.123177437412762 0.126961056952814 0.131657283829649 0.138080671709999 0.143780865627323 0.149114682933717 0.155652589185617 0.160809434946592 0.1626884635651
-9999 -9999 -9999 -9999 -9999 -9999 -9999 -9999 -9999 -9999 -9999 -9999 -9999 -9999 -9999 0.221237778694702 0.219480458879138 0.209631459182653 0.199630319136634 0.189559470235013 0.177927358349987 0.165343305920484 0.149224513145619 0.133911339870288 0.121583840052621 0.112015504580809 0.104483998874714 0.0865636522107357 0.0705939961048154 0.0665313231354194 0.0633957632489373 0.0610843831127362 0.0591084175484949 0.0570954959078969 0.0545914988171271 0.0537316439601087 0.0546283617372681 0.063910955465585 0.0755768447447418 0.0894998563143789 0.101291122117324 0.110342144027091 0.103994373449698 0.0940939818550149 0.102175256928427 0.108341385123648 0.111532505058539 0.113510743117244 0.115113072122665 0.120940375915548 0.12648007768629 0.131475476362862 0.137352389853246 0.143675886731327 0.150099824313029 0.155116044213736 0.15684005161534
-9999 -9999 -9999 -9999 -9999 -9999 -9999 -9999 -9999 -9999 -9999 -9999 -9999 -9999 -9999 0.223094758629413 0.224120922119562 0.213890282029583 0.203559887359688 0.193389675967158 0.180246965028418 0.165291847809284 0.147340455984464 0.130580118666563 0.11781760310857 0.10783520412942 0.0999051019655922 0.0847838147766405 0.0707593053768056 0.0640309869384764 0.0589270649524506 0.0552671897467906 0.0524731313981506 0.0498966554355426 0.0476313386174393 0.0484996183823795 0.0527157776016226 0.0571106395897735 0.0622629939339821 0.0726693943418072 0.0810529858313525 0.0868363658547878 0.0962604874766239 0.10557265785165 0.0986529459875137 0.0981144121050388 0.107488463738719 0.10937726789551 0.108417706481321 0.114974405780276 0.121461200742769 0.127815697794598 0.134073792012242 0.140283047681062 0.146209441343184 0.15102988203287 0.153279533708025
-9999 -9999 -9999 -9999 -9999 -9999 -9999 -9999 -9999 -9999 -9999 -9999 -9999 -9999 -9999 0.234887566169434 0.232667963624662 0.221980746786183 0.210944905656105 0.19940080481691 0.184121642859429 0.166565122024947 0.147502437279869 0.129462765178482 0.114657582188002 0.104192201139676 0.0969304849206604 0.0874281265608558 0.0773561193041164 0.0661568657130187 0.0587652949442819 0.0547586565376463 0.0519632146031105 0.0494001147555648 0.0469089226205019 0.0482703278145998 0.0537477802094741 0.0552365594969425 0.0566644574668309 0.0649209324356587 0.0711243541087929 0.0746886868043395 0.0871264291443498 0.100869735898711 0.0949175945166406 0.0942820192783742 0.101905250909969 0.10404844749697 0.104112363954694 0.109891155956042 0.116011624450913 0.122778735035595 0.128894309225455 0.134679809177371 0.140080761769145 0.144651388922567 0.14729939103958
-9999 -9999 -9999 -9999 -9999 -9999 -9999 -9999 -9999 -9999 -9999 -9999 -9999 -9999 -9999 0.239613830507284 0.244478568313682 0.233500933214484 0.221422914446278 0.20736408876286 0.189388272589591 0.16902417071478 0.149495837742573 0.130327055659652 0.112040188235841 0.101030135771923 0.095391866736634 0.0940325162465518 0.0897098049376064 0.0724236924466073 0.0624586778019436 0.059001931356679 0.0569361462893003 0.0549028358516232 0.0517699423879296 0.0525190101591872 0.0574154970115158 0.0577719774791142 0.0579719371233333 0.0653018138200661 0.0704238110383548 0.0727076985945001 0.0767390695909093 0.0816825853882129 0.0909915494110861 0.0961734468876384 0.0949443180319311 0.097649667703815 0.101946342968455 0.105598033458992 0.110176527036837 0.116509047878995 0.122013334898578 0.12709803116314 0.131948571806588 0.136221019031306 0.139153430250269
-9999 -9999 -9999 -9999 -9999 -9999 -9999 -9999 -9999 -9999 -9999 -9999 -9999 -9999 -9999 0.252449889270311 0.252470051177566 0.240612130887549 0.227989019505413 0.214018288306332 0.196272462464798 0.176224868319283 0.154164915903412 0.132950203707887 0.114551294326296 0.102238494743952 0.0944184937204006 0.0949697519222054 0.094912933442319 0.0888576409407239 0.080063090198226 0.0688334091414772 0.0659651044874923 0.0643279173002812 0.0613064163053771 0.0600179559534679 0.0605810457320223 0.062257427412225 0.0645181298365218 0.0690521138130438 0.0724285196399705 0.074316921360184 0.0761696536718268 0.0785342854268378 0.0874868404028897 0.0932992637048843 0.0942337751478879 0.0959393092836731 0.0980105006001858 0.101845021604038 0.105788386300046 0.109937743839847 0.114795737764746 0.120012733299763 0.123266810672842 0.126928335994984 0.131626625511379
-9999 -9999 -9999 -9999 -9999 -9999 -9999 -9999 -9999 -9999 -9999 -9999 -9999 -9999 -9999 -9999 0.258483605680794 0.247935162536076 0.236271551405707 0.222410008657374 0.204842217059664 0.185014634135869 0.159828414670643 0.136330050667522 0.118704775128277 0.105135095172047 0.0945592774022465 0.0963181854540514 0.100071888391108 0.10577327185567 0.0988634060883179 0.0807424632320505 0.0768774282450259 0.0753330327145392 0.0725463588306076 0.0692879530815684 0.0655255573078783 0.0684707899964522 0.0726832864166048 0.0739934898866123 0.0753172870301609 0.0766585581058684 0.0774927797929396 0.0785255205297974 0.0841211917068996 0.0894204798155435 0.094259363509818 0.0946828496091491 0.0934666197512536 0.0981055486724716 0.101933719652689 0.104227485371689 0.108338111523286 0.113369175623564 0.115588868436675 0.119025573120505 0.125426651556566
-9999 -9999 -9999 -9999 -9999 -9999 -9999 -9999 -9999 -9999 -9999 -9999 -9999 -9999 -9999 -9999 -9999 0.26044881267655 0.256966373297678 0.240896242801047 0.220513830638821 0.197502113996625 0.168077628879598 0.141935786621174 0.126467740578336 0.112581886224983 0.0998640141750604 0.105047972817729 0.111668685279615 0.115674614411683 0.110808532429125 0.0980554601325485 0.0936295444306554 0.0907531975690326 0.0881300152582361 0.0845749585418472 0.0800243036066718 0.08169248494245 0.0842356484976793 0.0818785401652242 0.0802005237391746 0.0793954432318967 0.079333150859538 0.0796060315323807 0.0810731760176504 0.0848515519955186 0.0922202180238841 0.0913756863801634 0.0874663685202763 0.0939319089679746 0.0994554477638303 0.103196195152331 0.106075823366793 0.108519200809374 0.11355019071628 0.119025573120505 0.125426651556566
-9999 -9999 -9999 -9999 -9999 -9999 -9999 -9999 -9999 -9999 -9999 -9999 -9999 -9999 -9999 -9999 -9999 0.282070967978566 0.274474590953865 0.256550571809848 0.234629132938258 0.210270368675361 0.17860446739617 0.150745566697347 0.135241186730043 0.121907637609259 0.110176607342117 0.118798396519709 0.12843563584684 0.132794130404816 0.133666073392058 0.131438561462889 0.11842603511322 0.105719835463807 0.104354805666188 0.101733843054467 0.0977710639220523 0.0972505170992854 0.0967893507208578 0.0904854948272056 0.0859723622582942 0.0837611076767419 0.0827270102906467 0.0820707901571478 0.0813778175771372 0.0834613276211026 0.0898578534629933 0.0898841885343082 0.0875192528622919 0.0927020995727648 0.0976428241028241 0.102125318711601 0.104725183988055 0.10637129219562 0.107969518979377 -9999 -9999
-9999 -9999 -9999 -9999 -9999 -9999 -9999 -9999 -9999 -9999 -9999 -9999 -9999 -9999 -9999 -9999 -9999 0.290579575541409 0.288554866558829 0.269158521042995 0.247070256555375 0.223340662683196 0.191581426342917 0.163002049523181 0.145101642448307 0.133254652588195 0.125876327447477 0.137949694994495 0.150764302239188 0.157678488978733 0.168262481875314 0.182108838315056 0.151876141862745 0.12019859848566 0.121269286405603 0.120906373581319 0.11901182694583 0.11532182921757 0.110420229689787 0.0998690273788809 0.0927001009414345 0.0898789072177611 0.0877920116950791 0.086024632547041 0.0852890302436417 0.0854905461405384 0.0871477907956479 0.0903458656851751 0.0940837076526877 0.094639071792777 0.0965462616099893 0.101011857982756 0.104355237205565 0.10713009105738 0.108293972510283 0.1090879800651 -9999
-9999 -9999 -9999 -9999 -9999 -9999 -9999 -9999 -9999 -9999 -9999 -9999 -9999 -9999 -9999 -9999 -9999 0.310123527858918 0.303606124795005 0.282991258300932 0.263100255780276 0.243650610975974 0.212517482768387 0.184476245488485 0.167542248186442 0.158262968045873 0.15463444074504 0.164492299230067 0.17493381820163 0.181544629147973 0.192641633405226 0.207726748445124 0.192025235390435 0.170654693701717 0.148650518054716 0.135362225204213 0.131385828179228 0.128064963595373 0.123967993508681 0.112957858564111 0.104741883911808 0.100117651200349 0.0966285190511615 0.0935487476266026 0.0909996995502421 0.0892021722274697 0.0885720647382322 0.0905125088836662 0.0933989226662167 0.0925732260950036 0.0938530692529615 0.0991177654413457 0.102916366804529 0.105972231252278 0.107814089515665 0.1090879800651 -9999
-9999 -9999 -9999 -9999 -9999 -9999 -9999 -9999 -9999 -9999 -9999 -9999 -9999 -9999 -9999 -9999 -9999 0.345908331477089 0.323478760578058 0.302174947963369 0.283159372098672 0.265538990612393 0.234093009008065 0.206362714363512 0.191940417435015 0.185595903076941 0.185214450689115 0.191864104258333 0.198887807987485 0.204174669084661 0.21306158232941 0.225148849592095 0.229333818015677 0.22375253188187 0.176083919202518 0.148159850207205 0.141330504282523 0.13900169498375 0.136713739676803 0.12651581600797 0.117833606679683 0.111099766162717 0.106124024924236 0.101701049606557 0.0970772059209297 0.093381803615662 0.091128651409984 0.0907911998923791 0.0911930802127905 0.0900347550541869 0.0913352018716096 0.0972890137260597 0.101437766635595 0.104672060336981 0.105256683050485 -9999 -9999
-9999 -9999 -9999 -9999 -9999 -9999 -9999 -9999 -9999 -9999 -9999 -9999 -9999 -9999 -9999 -9999 -9999 0.377131095320023 0.377634342522402 0.359131337172495 0.326661493847909 0.285675724963352 0.245537185151865 0.214057205715215 0.207414867741225 0.204727004743772 0.2049583561643 0.211589647790356 0.217777131477826 0.219457336747073 0.222987335189834 0.228161752316697 0.232814647268002 0.229190518651892 0.18428744831569 0.157382141116727 0.149705327386455 0.146399817744238 0.143609676380339 0.136640858009731 0.128825936243946 0.119923394322953 0.113484294369762 0.107864617000323 0.102528451897448 0.0979121508566129 0.0944140938289471 0.0924619776726459 0.0911864747274509 0.0914607147911684 0.0931231650827307 0.0974128817500617 0.101665423292169 0.105899131579179 0.105775096286827 -9999 -9999
-9999 -9999 -9999 -9999 -9999 -9999 -9999 -9999 -9999 -9999 -9999 -9999 -9999 -9999 -9999 -9999 -9999 0.452784405880215 0.425006176181957 0.408710246392825 0.372238202937122 0.323464285400432 0.27095708418324 0.229320997785452 0.219765074294101 0.22039702204436 0.228549710422258 0.234586782868856 0.238514043960957 0.235511622725875 0.235392887696839 0.237837675738493 0.242290316522174 0.241715238600013 0.213954610270055 0.187828227026667 0.163447842479545 0.155759873371956 0.151998796389055 0.146711054817265 0.139552032369279 0.129987579558282 0.122392653788965 0.115510104694834 0.109574722362555 0.104057542130171 0.0991900012104912 0.0960918350094344 0.0937937985909489 0.0941729158487399 0.0952940972164979 0.0978196768847986 0.101599847539296 0.106015605349004 0.105779907038779 -9999 -9999
-9999 -9999 -9999 -9999 -9999 -9999 -9999 -9999 -9999 -9999 -9999 -9999 -9999 -9999 -9999 -9999 0.485072826719336 0.475132431591633 0.463596948428081 0.448739552335092 0.42050031220262 0.384101831739446 0.314467524876967 0.254382690909182 0.22807117792381 0.2315869211122 0.257121303130734 0.261818751712294 0.261642524015787 0.25256471165837 0.251008357800354 0.256138387623066 0.259525863650636 0.263413211541177 0.271404860602927 0.24574694893382 0.184138438637324 0.167659506276563 0.162320731967256 0.156710258569262 0.149933508959894 0.141657574355808 0.133304901407095 0.125073828830966 0.118685634291677 0.112293488689739 0.105895205467678 0.102257576223015 0.0997846610497657 0.0985500613521302 0.0979607543518445 0.0985927002801652 0.101154704077292 0.104694492669404 0.105223281332672 -9999 -9999
-9999 -9999 -9999 -9999 -9999 -9999 -9999 -9999 -9999 -9999 -9999 -9999 -9999 -9999 -9999 0.53599904274153 0.53272808674823 0.52665108752561 0.517899670840488 0.503099023294628 0.461218254315512 0.402826067455076 0.342945682946988 0.28861381734404 0.250577473736943 0.250554242702252 0.278592493141601 0.288241897492369 0.291321161761862 0.278078229008742 0.276870708308802 0.286362360216095 0.287058655453003 0.288332818913882 0.300510728056624 0.275547846970742 0.210904399089561 0.186628448346403 0.173247719318514 0.166479053771359 0.159055647341672 0.150790606917443 0.142677220704375 0.134408590558264 0.123568637240832 0.114320634504902 0.107545583678787 0.106398644107328 0.107480169147102 0.105958298677071 0.105312761690724 0.106325735389185 0.105783812096912 0.10445416390795 -9999 -9999 -9999
