layers/veg/veg_3500.asc
NCOLS 255 
NROWS 330 
XLLCORNER -2985163.8955 
YLLCORNER -3022031.214 
CELLSIZE 25000 
NODATA_value -9999 
[rows 125 to 149 of 330, columns 56 to 111 of 255]
0.0884358194920247 0.0836892299547254 0.103030394101373 0.143499137353271 0.148669639810497 0.151904768151089 0.176101607557694 0.20358772871381 0.23454129335499 0.219172769135224 0.194327952812531 0.182017143428016 0.177795629234561 0.183832146836224 0.196951404188837 0.210069205272411 0.196182371284388 0.205949385167686 0.251948813758143 0.316514244684326 0.391413024407507 0.555618795561071 0.663372718371454 0.665853753407806 0.710247302195226 0.775557346145072 0.815559541445408 0.830095467597069 0.786969241402924 0.778877636676986 0.792152398427703 0.764990269209266 0.733185806878868 0.695535289944549 0.658050767598977 0.620688810375791 0.58571238815568 0.552316610863604 0.523756770071813 0.496520685271726 0.470461640222994 0.454043387055655 0.438788403053662 0.420639989101127 0.405007353536564 0.392063111548306 0.387003881023024 0.38420946249016 0.383709449471303 0.382452015625637 0.380220744997032 0.3775318931557 0.374613032640326 0.370662032630639 0.375904462514118 0.395431289415506
0.0991875017543126 0.0945565596444616 0.102311728413466 0.120930863197444 0.136230417234602 0.147986598561574 0.145160843126521 0.160294368849057 0.194359928124367 0.170318956070776 0.137619393896758 0.143689592974647 0.155073376395726 0.173195313864975 0.172771626597336 0.165054498505493 0.140515930520064 0.136137131198994 0.162638597220844 0.204303277295944 0.254311537195116 0.374265341021156 0.468621916019673 0.515244107171191 0.59455049688636 0.690167978921231 0.748824876548295 0.782292072900779 0.759137609477913 0.756774360360119 0.767090931537798 0.756860758054916 0.738997359705898 0.702932947511691 0.667786824192003 0.633318736157314 0.599465873217808 0.566829449615948 0.538458995038233 0.512241954545904 0.487939658157106 0.468194141258864 0.449322232789113 0.430716651913837 0.414026523106541 0.39938327134529 0.39016572297362 0.382529352889337 0.376639470189976 0.372501798430426 0.37061699245468 0.365777043615984 0.360277517262925 0.358514639207186 0.360706276274557 0.369042286518015
0.127763152993124 0.119180527369358 0.111674962668399 0.105114097508392 0.128784716793696 0.146956202355775 0.111931192720036 0.109859244471919 0.142525238036885 0.117008524624573 0.0848750140482135 0.106218768859257 0.131360515231479 0.161318493088888 0.152449075944771 0.130695922701985 0.102344423864562 0.0900720974436971 0.10242947382273 0.122090922755949 0.145829879176048 0.205085765785353 0.273104211893501 0.357463308836094 0.462259245744296 0.577254214541038 0.661015090118671 0.718715191795291 0.717592342089461 0.725149406359761 0.738000040682421 0.743768349116854 0.739491467855898 0.707531592846881 0.675969079221845 0.644699964598705 0.612058666843531 0.58015210237791 0.551599782122927 0.526459022611398 0.504351709319847 0.481408388673615 0.459035751257655 0.4403029452138 0.422609678574751 0.406027277293142 0.392584436464757 0.380153910078394 0.369451642915894 0.36261175620417 0.360737838237354 0.353888267362062 0.34610023141822 0.346771219746056 0.34614522850035 0.343504040383849
0.213660940251714 0.166415976930276 0.13050522345693 0.104535804418628 0.108598996725928 0.113113803662091 0.0939087712931295 0.0923996960049732 0.109545067421144 0.0957163596592303 0.0798638180319702 0.103178901459391 0.12611206105418 0.148560903199068 0.127866908630909 0.0960101570331946 0.0946413290963052 0.101473397371901 0.120867407964773 0.137756023626737 0.153603437956767 0.168428252220248 0.190147014607908 0.224721792316532 0.291209356989407 0.373623040007793 0.515412227115381 0.615203299764159 0.616388028125957 0.655114530516626 0.716736422338363 0.723247071550976 0.721034196740257 0.703933480739498 0.680175644363103 0.651502402130853 0.620458786164234 0.589302022604514 0.558779935045608 0.533319535330397 0.512359819909206 0.490414488620743 0.468584955685338 0.448235733609694 0.428625543386197 0.409805092232523 0.393528644611108 0.378045546882116 0.363764354505145 0.353500137706546 0.348400656859129 0.340349331384155 0.331903750743182 0.33052332929643 0.328088519559325 0.324015441936842
0.270883738407184 0.210393591243763 0.154634434980532 0.103024872149776 0.0928522672797686 0.0889469937378789 0.080110055634587 0.0785337574432074 0.0846113668453872 0.0761463150550166 0.0683414694347293 0.0904224524926553 0.108186449995813 0.120476079951003 0.105456398180777 0.0839407993329348 0.0885621460176216 0.10229589058897 0.129987794568559 0.144599662700477 0.153438150359792 0.146399294157019 0.139716556695854 0.13369791880662 0.164968973356393 0.214849498007183 0.397974645845173 0.532282391317754 0.549742160442614 0.607469864325044 0.689755545865916 0.699684074156558 0.701263777575839 0.692261633176697 0.672513084996925 0.644829734216013 0.61861424259716 0.591915177611996 0.562756648696483 0.538671036360739 0.519096092537254 0.49799632656327 0.476605449905089 0.455131621576074 0.433991914193413 0.413209252808993 0.394487096405992 0.376437655804458 0.359583873558315 0.346350342478354 0.337771467864554 0.328147895463857 0.318749000430796 0.316438081386771 0.313280084893741 0.308805932110065
0.298358642097099 0.250991474922367 0.184260863143979 0.100546405010231 0.0817106180333022 0.0748177950773109 0.070693080209633 0.068395887541738 0.0680252035854743 0.0583628257856849 0.0500643465241626 0.0675858656755539 0.077109352683514 0.076490538528282 0.0852987994567945 0.0953340666756477 0.084167635019861 0.0921437597361684 0.129442007635223 0.142291775556479 0.145036975963607 0.139546234633401 0.123029860872533 0.0859525985034734 0.085214690367593 0.102611984800055 0.309756180424507 0.470722900112613 0.518947780239837 0.583053161407686 0.656843493942137 0.672965547735511 0.680131077525028 0.672213962717962 0.652537305145256 0.624177775382952 0.606141721131825 0.5877469873438 0.563410062971662 0.542457064417403 0.524512940027447 0.504100612216178 0.483040035590735 0.460951812375228 0.438684489484112 0.416225778345236 0.39546032479074 0.375348962544597 0.356966578887003 0.341235774233832 0.328914177614007 0.317334003595219 0.306674957935884 0.304596393598941 0.301841462157065 0.298035617577331
0.345236447798337 0.315092434641068 0.252982404460765 0.162834701602663 0.122845212928001 0.0946706717495212 0.0813501649780025 0.0731610573194943 0.0703812875586306 0.0735031445036428 0.0753410113946978 0.0577974085036263 0.0445724549763203 0.0368239788724657 0.0510593924217103 0.0703128290705555 0.0659931893205732 0.0713054637875513 0.0913716807095242 0.11394920043188 0.136803749925878 0.136747175272257 0.125484810226449 0.0933255932794499 0.0727828795504569 0.058037397044742 0.254394359888658 0.417702810450164 0.497708191448612 0.564877564948041 0.624218715140705 0.635025101574864 0.636498507959653 0.620094754660624 0.59020026576946 0.550344646992154 0.551485801600042 0.554196240213742 0.544482725790674 0.535195527707544 0.526287395919034 0.508877611178548 0.489345971627006 0.466834876596108 0.444071657241392 0.42103901454803 0.398181829975692 0.375846459821016 0.357036628038663 0.338973032607982 0.321868893773033 0.307881192300635 0.295871796634277 0.296078819219989 0.295135552866511 0.292405011895876
0.390111467465071 0.375576632712225 0.32453503306945 0.241473031142223 0.177689131343501 0.123279478361619 0.0983804302282319 0.0838839660163489 0.0803535346934965 0.0923087414169707 0.0997906106893215 0.0485337784502675 0.0177777664489928 0.0130188358816545 0.0250202487414562 0.0413727356035158 0.0460551796214126 0.0489484255691918 0.0491010194749685 0.0808533809204935 0.124181858038391 0.131818317793843 0.130022118193296 0.110635647964973 0.0775395750161579 0.0376017067819275 0.20682440492184 0.356356736119997 0.453360776765041 0.525279142109842 0.581898648516898 0.591712587266525 0.590865856870859 0.567984806511576 0.527905437823327 0.475127378131311 0.497006219706239 0.522152542507878 0.526203672219413 0.528077919460405 0.528016555291203 0.513695523418715 0.495799649143601 0.472826181596825 0.449657708722951 0.426280850614822 0.401685035420032 0.377473098610137 0.358316252699689 0.337844284197279 0.315681426417999 0.299179741474382 0.285822462742045 0.288997766036559 0.290330094786615 0.288798880724808
0.389646263721443 0.372944737171562 0.351986172064882 0.327293721264959 0.241856966194457 0.156877139478274 0.126621807058669 0.111369165516466 0.111931825521166 0.0827908039177548 0.0477118700109402 0.0216603078100363 0.0328748698776443 0.0913465882979697 0.0783177032791265 0.0446883907318815 0.0363923135542419 0.0335196274541915 0.0389543658252587 0.0573892091445007 0.0810842682135548 0.105638827365612 0.117757843628646 0.106686733272495 0.0910923141236197 0.0732405317671085 0.159439085956825 0.223823108857708 0.234446588735439 0.328099441072505 0.472388947266461 0.529681306748861 0.568062880052628 0.568100206103867 0.534798083524049 0.476879172936028 0.512347883761296 0.54826849534735 0.544232491763222 0.53991874077264 0.53535802603626 0.520953717109585 0.503479312659232 0.479460135116613 0.455482771050386 0.431550089410034 0.407724433621787 0.384290620232607 0.363549370361521 0.339881358571242 0.312450328507712 0.293435428371068 0.27889394552084 0.286396381482144 0.290906076967985 0.290765767654761
-9999 0.363117723067906 0.36669168582393 0.373400402523301 0.288676362424992 0.198333680005096 0.159306335750502 0.141001696706662 0.14454219427557 0.100517426899333 0.0495249357831002 0.0311261400247747 0.0550401088249625 0.132610876385598 0.101318838816453 0.039737342159034 0.0296286485658563 0.0246447272503616 0.0275108130649919 0.0382213456300212 0.0526601813753948 0.0849217172764093 0.104462140309939 0.100279898336678 0.0961245745191204 0.0919826842426025 0.120007149999668 0.13039066826774 0.099104456146482 0.196506595026889 0.372391170809691 0.46377942252813 0.530336244057479 0.540984566807063 0.525606982637017 0.491012696941649 0.528142823334989 0.562560549382089 0.554871074004543 0.547931919112491 0.541659924213078 0.526586451749815 0.508636824597544 0.484173812102855 0.460118437804716 0.436498670996608 0.413141572729072 0.389856995522889 0.366627290662433 0.34117163542189 0.312854014573321 0.28962772901973 0.270480076308222 0.281954904520571 0.29009875036364 0.293067044190176
-9999 -9999 0.365494503211156 0.369955977973556 0.313850139332107 0.249595731894819 0.197534577965618 0.173313450237354 0.178440285020581 0.152237044737924 0.118578722902177 0.0859324627174993 0.0860242492371832 0.1276311388742 0.0865193052370546 0.0244719405028299 0.0264823121605488 0.0239471150649912 0.0144491213435071 0.0244139791123904 0.0425442009172973 0.0710200104638525 0.0898795249723453 0.0908063202155677 0.0905258471532604 0.0896428852537924 0.0904986373942116 0.0857447162097587 0.0680350444474933 0.146746363825354 0.284261407816357 0.393048192212251 0.473989382200865 0.479892803521742 0.496348216667831 0.520594884813365 0.54450331405364 0.562099943650398 0.556288868896675 0.551169353392664 0.546664749346982 0.530191103713224 0.51064745201713 0.486491563106922 0.463270097590828 0.441047169093057 0.417782320152116 0.393862317520883 0.367016174637827 0.341530134188354 0.317792814834883 0.288236339572066 0.26021293577414 0.275217547184012 0.287565471583573 0.29578553810543
-9999 -9999 -9999 0.369725712810689 0.31981816706288 0.269003289148761 0.256833116571843 0.250005248033925 0.248809045843227 0.228076864317339 0.206443202276913 0.212190295524482 0.214528476613406 0.212543817642197 0.150029174099697 0.0718824772748032 0.036863958554973 0.0133630822275609 0.00750466297017973 0.0124554889096629 0.02224159794344 0.0471532483198713 0.0648856774045769 0.0692301062814906 0.0755089203747968 0.0827530919568297 0.0825852538738366 0.080130090636708 0.0726743238888987 0.108956228118241 0.171912178413165 0.294628217167686 0.396570888997363 0.42735566887933 0.459629721958421 0.493003406977607 0.483437595209504 0.478165656967228 0.508067962421252 0.53075546502544 0.547027805163385 0.533352168000171 0.512880490066139 0.485336915915625 0.460766081736777 0.439371956238653 0.417201971934319 0.394510049923386 0.369388003283015 0.346006315882836 0.324862256210387 0.301107029959791 0.278986383146839 0.288097205383942 0.296000864238255 0.302028879157105
-9999 -9999 -9999 -9999 -9999 -9999 0.33767376834817 0.333162849026287 0.323896679468811 0.308922702227579 0.300786359823959 0.351341523308447 0.361728256913314 0.321177421653034 0.236998377764309 0.140134213666005 0.057346522246908 0.00717615257871157 0.00696823869126315 0.00397995031945559 0.000641005342170009 0.021295909593352 0.0375727545367885 0.0456852796271267 0.0589345913767136 0.0747474232708268 0.0811641938524359 0.085595222979031 0.0857878314467693 0.0764190264316794 0.0612190562448946 0.19285825275488 0.311630010793343 0.365794641770942 0.406172363124536 0.436370269111111 0.390432482305481 0.362318721306568 0.434682753639183 0.49287725057991 0.538472668446393 0.532640052983289 0.514831654772434 0.483338358750891 0.457062438137401 0.436361872888771 0.415531460878344 0.394509508834143 0.372312949891634 0.351498135291457 0.332459867384419 0.317448287406025 0.304852555517274 0.306274448648422 0.307910266479366 0.309878472263374
-9999 -9999 -9999 -9999 -9999 -9999 -9999 0.333162849026287 0.323896679468811 0.361510177635583 0.402320433733929 0.384804132054846 0.377145991708168 0.381988981558961 0.314037792537618 0.223884294741194 0.144778232170875 0.085784994670049 0.057600115403993 0.0285228831479497 0.00024063190987979 0.00799443477448663 0.0206603551407329 0.0424865210907782 0.057904645583932 0.0701248285522758 0.0772661566031588 0.079152479257996 0.0691351417938532 0.061289188801136 0.0547674857769906 0.150735962098088 0.215625376246593 0.171609598079379 0.189000043723989 0.251730891085733 0.207970037000335 0.178652065528874 0.250728231514117 0.340168074966067 0.445047122271372 0.489521823926599 0.512798190711037 0.484008920396323 0.459691624806424 0.440153139695644 0.419903409831458 0.398994069406049 0.374521931585206 0.353994001718575 0.338537248467935 0.322876705511962 0.308792181482687 0.315389521982751 0.320564241847471 0.323528548602256
-9999 -9999 -9999 -9999 -9999 -9999 -9999 -9999 -9999 -9999 0.46334430832789 0.404915784833968 0.387475768285212 0.422013259980018 0.371133216026881 0.293932548565411 0.226478276865593 0.16976705916798 0.129511802037409 0.0679547735848988 0 0 0.00802846232293232 0.0310286118080291 0.0498451915264357 0.0665739552453921 0.0774312705238643 0.079972907757293 0.0636026242539033 0.056535795044103 0.0551428108939968 0.121129326054494 0.148166731410329 0.0501366881731721 0.0651431601197373 0.163612198057016 0.103146717035196 0.0520718173955001 0.106918799007861 0.199820624547486 0.326559550213351 0.425516068651855 0.500440823827441 0.479347256391303 0.459861050024875 0.44209249064805 0.422986835969897 0.402748458444493 0.376603103501245 0.355653759289862 0.341385068945053 0.327207115361054 0.314987090961107 0.327058974862452 0.334872765112368 0.336070493569976
-9999 -9999 -9999 -9999 -9999 -9999 -9999 -9999 -9999 -9999 0.46334430832789 0.404915784833968 0.390141131221609 0.430723931460101 0.39818535057731 0.343340603082068 0.299544238636263 0.261843254424134 0.233479032062586 0.129815136289919 0 0 0.00184465174220985 0.00712925844673189 0.0311966058910645 0.0646375048277931 0.0837170461949387 0.0917344552392535 0.0748213446723584 0.067413299686973 0.0658020552973487 0.110376059050611 0.123709279499933 0.0381960987318322 0.0818550603739097 0.220890621715196 0.115277653734526 0.0114855618843724 0.0235832460634201 0.0780946665139737 0.17031896902732 0.330045699476658 0.472531705489165 0.46665321844357 0.456325132469772 0.441242147084761 0.42412925327644 0.405402929515551 0.378491744944272 0.356054016714849 0.339367934305534 0.3298835042648 0.324579321129019 0.342576301602912 0.351673671161559 0.346943168305278
-9999 -9999 -9999 -9999 -9999 -9999 -9999 -9999 -9999 -9999 -9999 -9999 -9999 0.443384898820614 0.405840872417657 0.35925232468218 0.347227090425924 0.331915030260481 0.311568286517985 0.219187822138258 0.100032439035128 0.0501745150186582 0.0140969252100019 0.00371726415167929 0.0220459120867124 0.0547014794174049 0.0766851535728417 0.0899801886533898 0.0836726809203301 0.0801361320768013 0.0782894922616657 0.10390209010795 0.108483366126755 0.0472002689960764 0.0688730291679847 0.151797754717453 0.116734917461081 0.0784047147219903 0.0804921029693028 0.0880971749124431 0.100608387478246 0.203162613462081 0.308108070566357 0.343269236312917 0.360385868659439 0.358219877420361 0.368994376645264 0.379721641060788 0.366471634778962 0.352783762580315 0.338532914132924 0.336463526977102 0.339231529436717 0.353281244985096 0.361258942997743 0.359802174202245
-9999 -9999 -9999 -9999 -9999 -9999 -9999 -9999 -9999 -9999 -9999 -9999 -9999 -9999 -9999 -9999 0.396714736972878 0.391199185795204 0.377235041445917 0.317488018560328 0.238169683494111 0.123157859476121 0.0388984933993549 0.0119871176654579 0.0185542824242941 0.0418289568882374 0.0641143115488347 0.0821293881537146 0.0903624296118974 0.0923181175213644 0.0904454713200404 0.0989502437785587 0.0973303538631397 0.064534012598226 0.0454054089671244 0.0363686278975348 0.112070715772796 0.180905681602138 0.186322725066957 0.147209979434502 0.068502828023777 0.0718521536352984 0.100679952025601 0.183490231458972 0.232933458090491 0.246720217188324 0.292767976475905 0.341191779798546 0.348219620208471 0.347825769840991 0.337889647575473 0.344642689225194 0.356343981265179 0.362350875099275 0.368057603299513 0.373297945707398
-9999 -9999 -9999 -9999 -9999 -9999 -9999 -9999 -9999 -9999 -9999 -9999 -9999 -9999 -9999 -9999 -9999 0.39256649769419 0.382064081849067 0.362600161542402 0.338399450808636 0.278926968552623 0.208926698320825 0.119293932880965 0.0676793634875567 0.0350378248794839 0.0437576687732294 0.0532896177962529 0.0632518365743783 0.069544448058153 0.0735990968926764 0.0894031066115417 0.0980030169492741 0.0836035622859799 0.0559280012210095 0.0184497856346338 0.0548355254311092 0.09477591118871 0.115046524015418 0.126980647504792 0.131502242251497 0.16007243386672 0.192787978390156 0.22456174499308 0.242005623041777 0.244136395404172 0.247394138174572 0.256806425338016 0.309521642569839 0.336283856852132 0.329677581642919 0.354431415103583 0.386212710310016 0.378693153351386 0.376544044027916 0.38273932924228
-9999 -9999 -9999 -9999 -9999 -9999 -9999 -9999 -9999 -9999 -9999 -9999 -9999 -9999 -9999 -9999 -9999 -9999 0.38281677122351 0.395364996084712 0.411652856992018 0.387002649570251 0.326089515108917 0.19755232296595 0.102662716048839 0.0245649808334372 0.0265208228264128 0.03296031618056 0.0469262597214391 0.0587569167523124 0.0692853386742138 0.0862766758481651 0.0987702034730411 0.0970674424908206 0.0639802822197599 0.00771988016513691 0.023466906791846 0.0466957398803918 0.0657406249831429 0.110771309124347 0.17890770053386 0.218155377842055 0.247037279665084 0.249870178998884 0.24577361587315 0.234272138843824 0.216136433324113 0.208138365553928 0.286971600273499 0.334374551877612 0.341366724278537 0.371496796987062 0.405500277172303 0.393987066433438 0.388301364392383 0.391670220751421
-9999 -9999 -9999 -9999 -9999 -9999 -9999 -9999 -9999 -9999 -9999 -9999 -9999 -9999 -9999 -9999 -9999 -9999 -9999 0.405505180038797 0.435475996837498 0.40768704604594 0.346384181193289 0.222583690180129 0.111733403705728 0.00734593385445418 0.0150005517511102 0.0282252132976382 0.0503626596551671 0.0699322439136124 0.0879357806347575 0.0949152576476965 0.0997105904768373 0.100259746992933 0.0675060763923139 0.0101626579443861 0.0394950264407285 0.0683359362922699 0.056692115561609 0.101928025448272 0.197739497902755 0.221016027357018 0.231915962149127 0.246295057672604 0.239822483159205 0.211067542261571 0.210744494161843 0.224917064142594 0.294010305729179 0.350115602981986 0.389521943090577 0.401895594842859 0.405399400118626 0.407360002504413 0.406052096944056 0.399665709717831
-9999 -9999 -9999 -9999 -9999 -9999 -9999 -9999 -9999 -9999 -9999 -9999 -9999 -9999 -9999 -9999 -9999 -9999 -9999 -9999 0.443488626838085 0.420369751756687 0.37364822905248 0.282911869858585 0.159796488628808 0.0205223138272569 0.0247037941017791 0.0366969993573767 0.0616650394666115 0.0799520494938319 0.0941645374856591 0.0954661878965297 0.0957874757640064 0.0956914050954641 0.0754912037419298 0.040446752003864 0.051700875789225 0.0651290776890661 0.0660265212024223 0.10165657517863 0.168169709903336 0.201515739051614 0.227084383215836 0.243555170562957 0.242264264495314 0.221992981336901 0.228219653704163 0.24846181589933 0.323617306230321 0.379915323710524 0.411967769844648 0.415518253859063 0.410356763905431 0.411629071492579 0.408959864418706 0.400166483785651
-9999 -9999 -9999 -9999 -9999 -9999 -9999 -9999 -9999 -9999 -9999 -9999 -9999 -9999 -9999 -9999 -9999 -9999 -9999 -9999 0.443752331665801 0.429130730489475 0.40432805656736 0.360539451093972 0.226970226635872 0.0485958660834066 0.0448089412016769 0.0516416439894892 0.076822632682413 0.0894055197467738 0.0943052738122445 0.0920532607299187 0.0894806990915038 0.0873194750257315 0.0856619050830844 0.084376217318683 0.0620333834910094 0.0497443720735264 0.0843706194258835 0.105586285802117 0.114877710100062 0.171056080323298 0.227295931614159 0.241224642007208 0.248819516149219 0.249645970317493 0.256902259339046 0.275322693462852 0.364285305478641 0.41660537119111 0.421813107604266 0.420918721065322 0.41779323368969 0.411436223344579 0.404592912301529 0.396994005977918
-9999 -9999 -9999 -9999 -9999 -9999 -9999 -9999 -9999 -9999 -9999 -9999 -9999 -9999 -9999 -9999 -9999 -9999 -9999 -9999 0.402535717313495 0.400736908562423 0.384065966853583 0.339661081442748 0.22213500029847 0.0681176901643635 0.0413269795286289 0.0281753948413942 0.0419581843737704 0.0654424164888209 0.0948432125308355 0.0919189543137755 0.0870627629615737 0.0826707535739265 0.0800667944991105 0.0787830748795434 0.0461062896533548 0.0204222354680546 0.034837025986857 0.0510538754585308 0.068873055748805 0.131076724869706 0.189414179602045 0.187894676179931 0.194624688663108 0.210170241367722 0.259617261349621 0.316726739577198 0.368407179016466 0.400003687445603 0.405777733550711 0.410077900779632 0.413761904738752 0.415692059510225 0.416248718948724 0.41467129427863
-9999 -9999 -9999 -9999 -9999 -9999 -9999 -9999 -9999 -9999 -9999 -9999 -9999 -9999 -9999 -9999 -9999 -9999 -9999 -9999 -9999 0.385414585792558 0.371427547502499 0.331357113266764 0.223249873743018 0.0811887769744912 0.040659034548382 0.0156810429284167 0.0229265687149046 0.0521135518875456 0.0946818475989812 0.0918473062497756 0.0861064824320031 0.080461055240182 0.0773357529790252 0.0760712307763172 0.0356072590884031 0.000331089375449287 0.00189795617169728 0.0166663817108337 0.043173193718178 0.106070011940158 0.162366969300516 0.152279154220512 0.159443356393499 0.185043289067614 0.257104303038216 0.334678449267713 0.368048744523159 0.389058265622894 0.394175199520916 0.403034835057372 0.412924588681063 0.420535026154336 0.426030936675359 0.428241376719967
