layers/veg/veg_2400.asc
NCOLS 255 
NROWS 330 
XLLCORNER -2985163.8955 
YLLCORNER -3022031.214 
CELLSIZE 25000 
NODATA_value -9999 
[rows 175 to 199 of 330, columns 56 to 111 of 255]
-9999 -9999 -9999 -9999 -9999 -9999 -9999 -9999 -9999 -9999 -9999 -9999 -9999 -9999 -9999 -9999 -9999 -9999 -9999 -9999 -9999 -9999 -9999 0.236445539193721 0.241624485623982 0.256813280304858 0.233963933480936 0.183034628692229 0.14007067673841 0.0986996854229905 0.0597236851326117 0.0410391632309052 0.0403932451407693 0.0580856019515935 0.0713622158078483 0.0457075506908622 0.0333674270513165 0.0352523252595073 0.0403413281422945 0.051082624046717 0.0976159389148857 0.15335974227249 0.220943130458043 0.274458419237944 0.319270809842244 0.311826384972481 0.317578461466289 0.343830114786881 0.353989989789106 0.357391882536459 0.354667985382352 0.352398499420432 0.350989012342008 0.365517868819253 0.388121234479798 0.389649819504822
-9999 -9999 -9999 -9999 -9999 -9999 -9999 -9999 -9999 -9999 -9999 -9999 -9999 -9999 -9999 -9999 -9999 -9999 -9999 -9999 -9999 -9999 -9999 0.213258582270929 0.208856999382441 0.218723639172811 0.198820811045969 0.156942003686706 0.111897021532128 0.0665389101862246 0.0214230380174773 0.0122284313408096 0.0349669083069583 0.0530821507929194 0.0632565518543541 0.037573398736154 0.0280076079073715 0.0356613233667563 0.052262430741148 0.072899116713571 0.106940041572731 0.156926255968267 0.227409277703464 0.26895521807053 0.300445619804611 0.32319247385538 0.3406113659358 0.349753748755756 0.350571141897441 0.348082928483569 0.349118796890237 0.349786114097584 0.349755927314325 0.364800525836659 0.387482147112402 0.389161817268698
-9999 -9999 -9999 -9999 -9999 -9999 -9999 -9999 -9999 -9999 -9999 -9999 -9999 -9999 -9999 -9999 -9999 -9999 -9999 -9999 -9999 -9999 -9999 0.224771824768805 0.226142957513432 0.223060685717848 0.192405799447463 0.141396662816713 0.0902946238524046 0.0440325169107488 0.015870805224966 0.00704809906426978 0.015417272770324 0.0337736340784328 0.0478724640518328 0.0314233180375479 0.0203580851028278 0.0150449301734139 0.0586554986371961 0.109023385079371 0.11991116814786 0.154089930338759 0.218207986559724 0.262812762750655 0.299217891647949 0.311869507933335 0.325193219700963 0.339560971293508 0.345571720785267 0.348112824595898 0.348877354740182 0.350157337430197 0.352412843217896 0.36687782622099 0.387528240950702 0.386875114974521
-9999 -9999 -9999 -9999 -9999 -9999 -9999 -9999 -9999 -9999 -9999 -9999 -9999 -9999 -9999 -9999 -9999 -9999 -9999 -9999 -9999 -9999 -9999 0.253326410350115 0.244762041922309 0.229417510702981 0.190937397298359 0.135378474321194 0.0797201121430475 0.0317075161470885 0.0122675015334942 0.00419105420089218 0.00621652670585015 0.0268332251070168 0.0438868099250434 0.0260803680462554 0.0120299739115445 0.00199247509967794 0.0647319521179182 0.135461027637142 0.132268989848873 0.155487827795827 0.212656418137158 0.257450384551482 0.295687976093415 0.301789813538934 0.312116087016175 0.32900464155536 0.337506828785507 0.342454283333054 0.343059049396944 0.344376977157106 0.347044603765123 0.359698932771341 0.377412615652288 0.379403336466086
-9999 -9999 -9999 -9999 -9999 -9999 -9999 -9999 -9999 -9999 -9999 -9999 -9999 -9999 -9999 -9999 -9999 -9999 -9999 -9999 -9999 -9999 -9999 0.266467487078297 0.265408360986764 0.238845736288551 0.196991116849046 0.143847865721819 0.0859152890879132 0.0348649734854054 0.0116278605350726 0.00486694454175031 0.0127529450291332 0.0387005292957221 0.0572343223182449 0.0219647911617651 0.00266995905345009 0.000442214336479471 0.0703269420449979 0.147168585086385 0.143694182048938 0.16332454798331 0.212654844869855 0.253274240094261 0.288657211329003 0.293600715083527 0.302598845000835 0.31789547163617 0.324780391272712 0.328145550730999 0.328760219348593 0.329242136607808 0.329472814412643 0.338444495818969 0.351844448808534 0.364046808877437
-9999 -9999 -9999 -9999 -9999 -9999 -9999 -9999 -9999 -9999 -9999 -9999 -9999 -9999 -9999 -9999 -9999 -9999 -9999 -9999 -9999 -9999 -9999 0.280892016332957 0.273540357265082 0.245510364191402 0.203124142726242 0.150140077259824 0.08519640991615 0.0298798217898102 0.0158125657183739 0.0182851571697765 0.0354612488222703 0.0462729759127549 0.048994656361129 0.0166875848107647 0 0 0.0482219647575133 0.105376007491103 0.140350654183886 0.173749815516317 0.205123775624027 0.233072542714516 0.259831582909849 0.285562172921985 0.305477457870403 0.316359189936846 0.321133057011244 0.323355557233466 0.323734808225961 0.322270735091908 0.31731806678676 0.326385815622125 0.342556434750087 0.352959459275641
-9999 -9999 -9999 -9999 -9999 -9999 -9999 -9999 -9999 -9999 -9999 -9999 -9999 -9999 -9999 -9999 -9999 -9999 -9999 -9999 -9999 -9999 -9999 0.290015873705575 0.277216056457755 0.251788126058556 0.20952217824811 0.154826316608714 0.0820051123462014 0.0227164303962492 0.0219962501862305 0.0359903070914097 0.0630649433721527 0.0518742522752987 0.0331666165498484 0.0112965528828735 3.36909757024546e-05 0.000103376797059264 0.0163145532319136 0.0444189718125982 0.130686068099462 0.184096819524572 0.195272516579518 0.207853539324115 0.223919297609469 0.278121850846605 0.313218862613323 0.318637135720465 0.321158780894364 0.322453883102911 0.322292992871515 0.318463933168337 0.307692655261801 0.318343892227677 0.339847969230693 0.343881462006546
-9999 -9999 -9999 -9999 -9999 -9999 -9999 -9999 -9999 -9999 -9999 -9999 -9999 -9999 -9999 -9999 -9999 -9999 -9999 -9999 -9999 -9999 -9999 0.299807384790411 0.296771027713314 0.27919737298978 0.222806737871924 0.137761201786974 0.0872814715858238 0.0471712271471756 0.0303522908782161 0.0301330573725676 0.0446705338415046 0.0498878157571335 0.0476438049842809 0.0162274846979741 0.00106161712512226 0.00325744730777885 0.0213674167877395 0.0480044390331078 0.108421849352486 0.161647807668971 0.205629543366643 0.223311447678038 0.235564122437905 0.286562094978841 0.318472078171144 0.320730588344901 0.32264955984696 0.324191936372188 0.317387620871113 0.311901523746851 0.308910229461421 0.320535840970475 0.339566509326042 0.343820386575143
-9999 -9999 -9999 -9999 -9999 -9999 -9999 -9999 -9999 -9999 -9999 -9999 -9999 -9999 -9999 -9999 -9999 -9999 -9999 -9999 -9999 -9999 -9999 0.315528823362306 0.310703769581275 0.29618141643986 0.230118096363464 0.126006960916909 0.0827994675853513 0.0501114845179975 0.0295404824306095 0.0247740688562361 0.0340575290825969 0.0492630813602519 0.0566615448332988 0.0192989277839856 0.00463392185775042 0.0142186442953699 0.0337767284427862 0.0567127861513825 0.0863370155684979 0.134089868294234 0.205146085843947 0.23290414165618 0.248865160615177 0.292633921544548 0.319352115484689 0.319583788618577 0.320104925458539 0.320495493224904 0.312142036250886 0.307485224000604 0.309824520978619 0.322430208752824 0.340236943077046 0.342532152768896
-9999 -9999 -9999 -9999 -9999 -9999 -9999 -9999 -9999 -9999 -9999 -9999 -9999 -9999 -9999 -9999 -9999 -9999 -9999 -9999 -9999 -9999 -9999 0.318337681652004 0.314231995362979 0.293872544243107 0.226375429310565 0.124081040745428 0.0602586046683283 0.0132368649713976 0.0117626223914964 0.0203371641503081 0.0378448174351459 0.0511583173610274 0.0555760112807822 0.0189291949484488 0.0129148619151695 0.0396277350660291 0.0597999070017521 0.0749015515574351 0.0645841521835065 0.0970773309492268 0.18460119261513 0.231642650734502 0.265231192630704 0.294322746818227 0.312139134841509 0.312440567298107 0.310092341947669 0.306741953241349 0.306266853044103 0.307040521835941 0.310177556572157 0.323773872236842 0.342668954339372 0.338972935662035
-9999 -9999 -9999 -9999 -9999 -9999 -9999 -9999 -9999 -9999 -9999 -9999 -9999 -9999 -9999 -9999 -9999 -9999 -9999 -9999 -9999 -9999 -9999 0.299434948572576 0.296214201775268 0.275087067031384 0.207030938990521 0.104331578999363 0.0437823784675707 0.00100645835104196 0.00576826625210052 0.0134862761314773 0.0238322737430656 0.0470634130990924 0.0636415228769124 0.0349556135543182 0.0392639041901555 0.0788226175350667 0.0933913638616918 0.0998661917071568 0.0923095446479924 0.12629373795341 0.213676434919613 0.256570202543943 0.28418217826675 0.300591305868817 0.309447075156341 0.306569382308468 0.303535548925155 0.300599321344755 0.303334048946725 0.308244210446124 0.317271503642712 0.32656759058087 0.335999850862709 0.327461512960589
-9999 -9999 -9999 -9999 -9999 -9999 -9999 -9999 -9999 -9999 -9999 -9999 -9999 -9999 -9999 -9999 -9999 -9999 -9999 -9999 -9999 -9999 -9999 0.283165560493152 0.267527944038585 0.248143235049569 0.179961240160712 0.075756829805257 0.0303090438114045 0.000978579611845471 0.00560848617745388 0.00544010957936554 0.00100618232460477 0.0400025040478569 0.0762381543713452 0.0591005505201065 0.074559327578198 0.124843504472852 0.130730237093029 0.128185891347978 0.144533986780703 0.188303261231154 0.267320978306023 0.294465201318063 0.30441309800823 0.309127510036265 0.308993539549981 0.30132804331307 0.298689882969746 0.298225213864421 0.301858157400253 0.31026409612656 0.327703198219706 0.330079300402712 0.324824350420376 0.312012573131896
-9999 -9999 -9999 -9999 -9999 -9999 -9999 -9999 -9999 -9999 -9999 -9999 -9999 -9999 -9999 -9999 -9999 -9999 -9999 -9999 -9999 -9999 0.392800689229378 0.343715657181773 0.297564727107079 0.269048896057563 0.189860878519233 0.0732663839475787 0.0285216562126597 0.000404269902062123 0.00231697261033279 0.00477840816625625 0.00772765314875799 0.0766328639180796 0.139333498220055 0.110828523478557 0.119890130518658 0.169087212557538 0.184034687262259 0.192650884593889 0.217113702408181 0.248531291476665 0.288888862861771 0.304247687462226 0.310683987386944 0.306602208837418 0.302481471601311 0.298300215552934 0.298828518015767 0.301258906146223 0.302821516723478 0.307109712049436 0.316556230676101 0.316900646436996 0.312633854457243 0.291059441288401
-9999 -9999 -9999 -9999 -9999 -9999 -9999 -9999 -9999 -9999 -9999 -9999 -9999 -9999 -9999 -9999 -9999 -9999 -9999 -9999 -9999 0.391372808204805 0.392080626788122 0.356291565719235 0.319339966723406 0.285846769010799 0.197301366357198 0.0681161337997945 0.0254771103704529 0.000407915263026837 0.00233786509198165 0.00581606029189612 0.0106706059141352 0.100871109029904 0.183948194851566 0.153572908168102 0.158684687564204 0.201710223971707 0.224781357956149 0.24384872021109 0.269827683572561 0.290481361126689 0.304289671779657 0.31071254971758 0.313673676079904 0.303134627968733 0.296578167894887 0.296208299796544 0.298483840191072 0.301690607796943 0.29959206246189 0.298183168115916 0.298079477274627 0.296798076374433 0.29492003689303 0.271817602288203
-9999 -9999 -9999 -9999 -9999 -9999 -9999 -9999 -9999 -9999 -9999 -9999 -9999 -9999 -9999 -9999 -9999 -9999 -9999 -9999 -9999 0.390552601685393 0.389940113606677 0.355263832140926 0.320496466264613 0.291826320840138 0.198012663657798 0.0561097203149212 0.0192115123161775 0.00174584806072471 0.0100058948684242 0.0105039012968414 0.00410165292423558 0.0955296190591904 0.184895044100331 0.174997849562217 0.182272367639965 0.207892841343564 0.236412427927761 0.263700905002118 0.276631166129752 0.290813083588853 0.306603937569491 0.31046705062704 0.309606332446081 0.297854578676762 0.292246758825219 0.296182987194955 0.296885904852858 0.296025759904317 0.28672923080724 0.276253620704782 0.263546533108779 0.261416245580656 0.26464426075066 0.256644512544315
-9999 -9999 -9999 -9999 -9999 -9999 -9999 -9999 -9999 -9999 -9999 -9999 -9999 -9999 -9999 -9999 -9999 -9999 -9999 -9999 -9999 0.386268277448402 0.386745198377808 0.345573873218978 0.305442647198285 0.27609030009341 0.189707880153671 0.0612255577323793 0.0222814282611581 0.00141695212878123 0.00812090946121028 0.015242014839379 0.0227339541303724 0.097842217027162 0.174196255556633 0.195419168897921 0.216290880186723 0.236787373381982 0.257084120259315 0.27386628203458 0.265122631801965 0.272399959831641 0.300271388964714 0.308458083437641 0.309455933345139 0.300120159647973 0.295099803206979 0.296783058969348 0.29545048115978 0.292650142820482 0.28163559998525 0.269491858000973 0.255211042757669 0.252129524325651 0.254721671079313 0.251059873485376
-9999 -9999 -9999 -9999 -9999 -9999 -9999 -9999 -9999 -9999 -9999 -9999 -9999 -9999 -9999 -9999 -9999 -9999 -9999 -9999 -9999 0.384909682133108 0.383199638678134 0.330640121365117 0.280575696890726 0.247208469641966 0.17594509262381 0.0767065766936343 0.0310027213503534 7.90193310833569e-05 0.000452879684767683 0.0200105615289243 0.056622168613526 0.104788318585824 0.156447625809186 0.215232932317282 0.256623835433307 0.279430864016377 0.283228673172357 0.278167621589136 0.242528675322117 0.242639394947519 0.288704376650294 0.305381577459352 0.311676708537337 0.306953587918372 0.302302051717438 0.297761715465381 0.294113436045222 0.290660341951122 0.281245157870173 0.271912114822837 0.262734528327652 0.258639823527681 0.257120152625197 0.25127973014608
-9999 -9999 -9999 -9999 -9999 -9999 -9999 -9999 -9999 -9999 -9999 -9999 -9999 -9999 -9999 -9999 -9999 -9999 -9999 -9999 -9999 0.376759741562712 0.376345557478777 0.318822411241892 0.256332755934854 0.190168618561939 0.116764268414829 0.0380151547668563 0.0295682316956995 0.0303357743079175 0.0341635803682472 0.0651838754721366 0.120377595849025 0.139873123837422 0.15835116127914 0.204120924778365 0.239199421778074 0.262855557760448 0.274435605107765 0.27950479583168 0.258643673074874 0.254600095941587 0.27217456417429 0.287020511714128 0.298642419686862 0.28079586075208 0.267709033595921 0.262016021253448 0.265944690354946 0.273405525041289 0.266668433807503 0.263509776758605 0.267123508807035 0.263859261726019 0.257110568130892 0.252602588695932
-9999 -9999 -9999 -9999 -9999 -9999 -9999 -9999 -9999 -9999 -9999 -9999 -9999 -9999 -9999 -9999 -9999 -9999 -9999 -9999 -9999 0.368564251468179 0.369996610538166 0.31030172294369 0.239116417658093 0.146173453573584 0.070204821759134 0.00676673212596951 0.0321108281036731 0.0616130385177078 0.0670757335875475 0.105919689021969 0.174438728691935 0.170657255560224 0.161877078090529 0.193551352342092 0.221477730077229 0.245399921117727 0.263644964243552 0.2771597258477 0.266186375269738 0.259262738987589 0.257544791414482 0.269865111943303 0.283700340448014 0.259446738851724 0.242520510168659 0.236976695644837 0.245359567621883 0.258936624421683 0.254829866405124 0.256351309885013 0.268524443037745 0.267261746132984 0.259192336045919 0.255358167626736
-9999 -9999 -9999 -9999 -9999 -9999 -9999 -9999 -9999 -9999 -9999 -9999 -9999 -9999 -9999 -9999 -9999 -9999 -9999 -9999 -9999 0.367035409868229 0.366006754910851 0.310655799842511 0.241894647901617 0.144563177878998 0.0679190457607513 0.00654641629162279 0.0478579548790137 0.090135755555443 0.090270785960019 0.126700459723967 0.195395140477622 0.184080988815276 0.166515709274018 0.190088553054918 0.213279206339755 0.236061534023165 0.253413425790064 0.264810296871678 0.242246890203358 0.235548387160065 0.249243359714855 0.258904996875626 0.266039082336794 0.257783015089215 0.251749848747871 0.249169758843247 0.251294262679038 0.255181389830176 0.25337454871627 0.254696036311827 0.261938062933726 0.265696863360963 0.26769102985381 0.262015370012861
-9999 -9999 -9999 -9999 -9999 -9999 -9999 -9999 -9999 -9999 -9999 -9999 -9999 -9999 -9999 -9999 -9999 -9999 -9999 -9999 -9999 0.324393965592857 0.33992874788967 0.283941618394022 0.221586230548788 0.154200833084657 0.0862930556369246 0.0179996545125114 0.0679739873402499 0.117207015511245 0.110983078071889 0.144156616202275 0.212353499569808 0.192673296524671 0.167472541622207 0.194241895978497 0.214381695349081 0.227438594818664 0.236693434006524 0.242347030304892 0.228408623196633 0.228641060833687 0.247089352997707 0.255696909551948 0.260753695667269 0.261186422982651 0.260540956807263 0.258220614110498 0.256601825391549 0.255214925324513 0.251891862284438 0.25120562622923 0.25550973438638 0.263467194426096 0.273275475614359 0.268563717981264
-9999 -9999 -9999 -9999 -9999 -9999 -9999 -9999 -9999 -9999 -9999 -9999 -9999 -9999 -9999 -9999 -9999 -9999 -9999 -9999 0.31474338207019 0.30946594192015 0.300970716359667 0.2373831282404 0.184352506957549 0.172084582671953 0.119813188452233 0.0380110203892621 0.0912929563193111 0.143214181795538 0.129875206491657 0.159175428166801 0.226380802261867 0.197723584692813 0.165730169915948 0.203978792717512 0.222302952150913 0.219340165488814 0.215216620810676 0.212469096980849 0.221975771303864 0.234055317897728 0.249442152648691 0.258171996582113 0.264541320280291 0.268304651517295 0.269010788868484 0.264967850748076 0.261449624210629 0.258026087743773 0.250389111252307 0.246369839028477 0.249197276754763 0.26075015679284 0.276723424923871 0.275032262489783
-9999 -9999 -9999 -9999 -9999 -9999 -9999 -9999 -9999 -9999 -9999 -9999 -9999 -9999 -9999 -9999 -9999 -9999 -9999 -9999 -9999 0.309534145480736 0.301148708873747 0.221133499345682 0.157093046001091 0.152543306458728 0.115774287426603 0.0552208252556354 0.101165904969598 0.151911469512652 0.173121323860308 0.196803729828523 0.222684170766523 0.206950868915776 0.190083343324275 0.205291737578009 0.212049360178464 0.209778327034237 0.211236388880342 0.214353316721529 0.2228868242625 0.234186100296748 0.249040622149738 0.255683844722097 0.259633159078434 0.263108699410935 0.26573840807992 0.267054193407327 0.262940699227722 0.256649289498677 0.251879740215949 0.248795391056471 0.248900378448082 0.253517170718089 0.260419684198499 0.265857637147842
-9999 -9999 -9999 -9999 -9999 -9999 -9999 -9999 -9999 -9999 -9999 -9999 -9999 -9999 -9999 -9999 -9999 -9999 -9999 -9999 -9999 0.2537722641158 0.28488647877617 0.207477445432326 0.143828014281911 0.140163019566527 0.118041479228326 0.0822952189442649 0.118548771420163 0.163745100427857 0.210231622865363 0.226840171980515 0.216887969181432 0.212506221287172 0.208842739101866 0.203742882298094 0.200865988850852 0.20036407034112 0.207069013034603 0.215368041632783 0.222261501107376 0.23194747147093 0.245223063556585 0.251778964153848 0.255993931524174 0.258104704824648 0.261464533395719 0.266764656880955 0.263097365593003 0.255903305788721 0.253696659571454 0.251470693067142 0.249208161826807 0.247179161734333 0.24526847063623 0.254268639825418
-9999 -9999 -9999 -9999 -9999 -9999 -9999 -9999 -9999 -9999 -9999 -9999 -9999 -9999 -9999 -9999 -9999 -9999 -9999 -9999 -9999 0.222990718942138 0.204555121209377 0.190270132934182 0.177933855331407 0.170448208522093 0.159874413377212 0.147020930739166 0.169497057069575 0.194663182931853 0.214126228335807 0.219038442233139 0.211015340149581 0.202688609204967 0.195634085845189 0.195272872660247 0.194122489133413 0.1921289698986 0.194629965705375 0.199410078759922 0.212779403896868 0.223245846902673 0.229980791923695 0.244791337318234 0.260809309840372 0.259144883829842 0.258578689714154 0.259718499976572 0.259779333547155 0.259301843550706 0.25542193745818 0.251922534848013 0.249143256600146 0.246103531329439 0.242931861238348 0.240538916282183
