layers/veg/veg_2900.asc
NCOLS 255 
NROWS 330 
XLLCORNER -2985163.8955 
YLLCORNER -3022031.214 
CELLSIZE 25000 
NODATA_value -9999 
[rows 200 to 224 of 330, columns 57 to 113 of 255]
-9999 -9999 -9999 -9999 -9999 -9999 -9999 -9999 -9999 -9999 -9999 -9999 -9999 -9999 -9999 -9999 -9999 -9999 -9999 -9999 0.282136784726803 0.295060095330457 0.18413178986198 0.0946848027058044 0.0903755796131654 0.0856120921739006 0.0805132643827276 0.108829673800283 0.134682724079794 0.136457111260595 0.150933765123675 0.176702408254447 0.176296727580372 0.172359112951477 0.174378913573039 0.180725213538104 0.191693869277856 0.211033508584443 0.229912760406584 0.23012827774065 0.230336794027496 0.230536310846775 0.245511995677666 0.264446458551842 0.27304604073245 0.27548304326975 0.268347033129772 0.26455663754342 0.26251409437229 0.273783725317481 0.279944351517177 0.276435897261873 0.274677340583244 0.273805297864071 0.28151380564478 0.285528027911216 0.28054176379836
-9999 -9999 -9999 -9999 -9999 -9999 -9999 -9999 -9999 -9999 -9999 -9999 -9999 -9999 -9999 -9999 -9999 -9999 -9999 -9999 0.256231675448688 0.227454892781767 0.180111998689852 0.137641809514349 0.11270485426205 0.0835561121072285 0.0512982065048564 0.106698330257982 0.157808584863002 0.153858607268893 0.160220197439743 0.175748506862164 0.174418490234701 0.170545645848662 0.169158026453722 0.173376284886176 0.183583764555093 0.206184414010372 0.229341321382688 0.233985423064751 0.235794647354365 0.233959790072928 0.248492345098912 0.267153079259452 0.2711324166629 0.268749301102496 0.256482687655348 0.259332872963469 0.268367656455946 0.277400431230841 0.282431467511918 0.279888987348188 0.275974353475261 0.271364574107001 0.280898907590261 0.286435202240969 0.282020275608045
-9999 -9999 -9999 -9999 -9999 -9999 -9999 -9999 -9999 -9999 -9999 -9999 -9999 -9999 -9999 -9999 -9999 -9999 -9999 0.160307485130313 0.167597613564935 0.179332713093545 0.162256119595404 0.140471167577057 0.110473492576477 0.0785153704887135 0.0451100359551658 0.0990874797835162 0.150193553085258 0.151654800336976 0.158425200356673 0.169915301007456 0.170184646870099 0.168780134346587 0.169123720881995 0.172613513610748 0.179464657679586 0.194435163530759 0.210986190867668 0.224366932016141 0.233016529739248 0.235584498460586 0.242137941109776 0.249735185841764 0.254243168199504 0.254506651728646 0.248176688447089 0.259208212505572 0.276975005903445 0.281827692623759 0.284136292550536 0.281630064322592 0.27771583455499 0.273088298456503 0.275484414541634 0.277590914951873 0.278716376440072
-9999 -9999 -9999 -9999 -9999 -9999 -9999 -9999 -9999 -9999 -9999 -9999 -9999 -9999 -9999 -9999 -9999 -9999 0.160398855460554 0.160347979388546 0.154702959563069 0.145647052329673 0.142916132282825 0.133602194703729 0.104103215509892 0.0757698406323839 0.048296921048201 0.092709103123051 0.135990107030977 0.143023949015363 0.152264062811849 0.163465495658469 0.164739497896429 0.164842239933177 0.168053673310407 0.171414201937611 0.174934021306586 0.181364309838103 0.190252338206845 0.211935387068187 0.227757288440345 0.236045001700018 0.234940250727968 0.23136570648549 0.23494705253057 0.237973680588428 0.240138604192738 0.259176208736659 0.284448985917788 0.286268508604696 0.286443143797789 0.283504736371157 0.280047474909434 0.276327357294782 0.271414957397439 0.269438862454735 0.274372491617005
-9999 -9999 -9999 -9999 -9999 -9999 -9999 -9999 -9999 -9999 -9999 -9999 -9999 -9999 -9999 -9999 -9999 -9999 0.160421746797706 0.160446370607652 0.153585652006794 0.142526770333405 0.128433700096826 0.113940438130526 0.0988584124963272 0.0871055277606859 0.0778102325073946 0.0973253099265854 0.116178699686855 0.119727488440586 0.134158705275957 0.158264121541874 0.155344125143132 0.150036100305646 0.157228846811682 0.162206669844709 0.164818107610322 0.167818287593415 0.17341389915803 0.197419556708519 0.217427579781956 0.232296859936764 0.231807127697986 0.226076641017126 0.216919235201124 0.216677181087371 0.230284323220632 0.255090118697216 0.283836185910871 0.290059034295893 0.29244291721389 0.287561340847016 0.284926467441661 0.283429794102806 0.278298883367885 0.273372480386516 0.269081340562159
-9999 -9999 -9999 -9999 -9999 -9999 -9999 -9999 -9999 -9999 -9999 -9999 -9999 -9999 -9999 -9999 -9999 -9999 -9999 0.160521076734854 0.152597688572027 0.139843215241626 0.116285646959838 0.0961638514393328 0.0879776455189217 0.0837397820965646 0.0824166060640198 0.0956965927458006 0.107665773277169 0.108237964126543 0.123534316674733 0.151920071298758 0.144164577847802 0.13432039446707 0.146766800260071 0.155067224697151 0.158938155601296 0.160039159532459 0.162697921030754 0.181885464694557 0.201679343578163 0.222252633594771 0.224853564447162 0.221277941012518 0.213137498153324 0.213114661064168 0.225701793735013 0.248952489554102 0.276132010097849 0.288074123789468 0.294672267445064 0.291156645543292 0.28923622666058 0.288123952073517 0.282158255561013 0.275566007329162 0.267720880860408
-9999 -9999 -9999 -9999 -9999 -9999 -9999 -9999 -9999 -9999 -9999 -9999 -9999 -9999 -9999 -9999 -9999 -9999 -9999 -9999 0.151746983449013 0.13762310910221 0.106614806729949 0.0803877826870622 0.0711160663503291 0.0647730657667389 0.0605920586977025 0.0874408428625209 0.111142648957793 0.109277808130292 0.120848635718448 0.144363427903533 0.131091687564361 0.117639468708954 0.136689731104403 0.15012240671444 0.157553351443285 0.158379785121568 0.158479019384901 0.165270806560069 0.180181035903057 0.20552708358803 0.213845799360572 0.216999610506825 0.224473517565955 0.228371211095334 0.226713578862046 0.240637793602071 0.260902557837789 0.279960394958127 0.292900493273202 0.294262424869424 0.292941922836919 0.290262475635921 0.282808010336366 0.275912972180857 0.27053162007249
-9999 -9999 -9999 -9999 -9999 -9999 -9999 -9999 -9999 -9999 -9999 -9999 -9999 -9999 -9999 -9999 -9999 -9999 -9999 -9999 0.133885219618694 0.133951162258086 0.102155389993659 0.073660555097231 0.0606439884926541 0.0524142732494958 0.047718237089879 0.072686133359118 0.0936372803966931 0.086384966514307 0.0999160383381358 0.131923006961419 0.128059942547231 0.121632739989841 0.134851432339983 0.14523236293474 0.152581478799907 0.155681053017933 0.157798709457231 0.160436052923658 0.168481568874701 0.183478998067831 0.197839347477215 0.211605615593506 0.220488654786684 0.227593839988543 0.231937289069764 0.238338548383264 0.245918867785659 0.265339257146381 0.279455011229637 0.283531443010939 0.283191855449744 0.280615072498071 0.280920024542298 0.279810516802084 0.275272425565984
-9999 -9999 -9999 -9999 -9999 -9999 -9999 -9999 -9999 -9999 -9999 -9999 -9999 -9999 -9999 -9999 -9999 -9999 -9999 -9999 0.128084482593284 0.130534075426673 0.099835253549244 0.0710318691533012 0.053889551615211 0.0435556012675585 0.0382476237186083 0.0576822667201641 0.0728226067480303 0.0609164195698828 0.077886992378334 0.120528264126635 0.127876850930589 0.129571493195564 0.134801403981148 0.139961721298919 0.145047686180162 0.149843658593715 0.154238835664064 0.156210620118282 0.158712259334913 0.161894998192815 0.181386315886585 0.20492473895845 0.213000915625758 0.223142944451581 0.23649408862317 0.237152929618432 0.233222824950996 0.25049606356651 0.264049634196614 0.27056352277347 0.271640711161305 0.269963617998504 0.278306062964499 0.283272566892541 0.279919699153896
-9999 -9999 -9999 -9999 -9999 -9999 -9999 -9999 -9999 -9999 -9999 -9999 -9999 -9999 -9999 -9999 -9999 -9999 -9999 -9999 0.125970283757355 0.125016598584684 0.103766468986975 0.0820417671117478 0.0627366714129786 0.0483334151440506 0.0375487227611289 0.0524178787155612 0.0652918846903117 0.0592921094936023 0.0803256422577164 0.125391092395268 0.130507729217818 0.129385857312249 0.133079597947608 0.131834427533761 0.125312611454119 0.123097396131873 0.123515503786301 0.135474921186611 0.145528278356905 0.153131498185803 0.17057610210459 0.190896003708813 0.207335912551934 0.220544348715607 0.228732982991571 0.23335424000297 0.236675654143227 0.245603844957683 0.255174168621803 0.265959765024058 0.270936863590762 0.272971324552089 0.274937242970426 0.277269411016804 0.280459962026782
-9999 -9999 -9999 -9999 -9999 -9999 -9999 -9999 -9999 -9999 -9999 -9999 -9999 -9999 -9999 -9999 -9999 -9999 -9999 -9999 0.120280409556449 0.120786786724135 0.104949558833966 0.0868576666173777 0.0653085015009041 0.0483297493739119 0.0347249003754453 0.0439198464996725 0.0533204849114593 0.0533307846203378 0.0748063914512323 0.11536410572896 0.118442016658589 0.116054183041671 0.120137515018148 0.119064116936522 0.112481359192478 0.109462317737426 0.109406079392492 0.124673612011253 0.136987025223103 0.145503077703206 0.160956420025979 0.178994239808226 0.201315541638547 0.218072758673981 0.226186670898461 0.232357169667897 0.237735246434777 0.243207310633448 0.249602885894478 0.257746258076408 0.267493182412017 0.278052480790483 0.274566641507222 0.27413727257274 0.281455711063289
-9999 -9999 -9999 -9999 -9999 -9999 -9999 -9999 -9999 -9999 -9999 -9999 -9999 -9999 -9999 -9999 -9999 -9999 -9999 -9999 0.119497395458555 0.118743335522353 0.102624214685346 0.0837659090589165 0.0598688928741998 0.0422217389558834 0.0291882665368082 0.031293535969716 0.0356798301564603 0.0418325475315332 0.0591275724670535 0.0863278230238761 0.0876136903676431 0.0859394301007093 0.0928709044781376 0.100366232231769 0.108463971011647 0.112565820745434 0.11650703854631 0.126555184165677 0.134372977256296 0.139323772794002 0.152856647341276 0.169807904421476 0.194841485270071 0.215763312275711 0.230297899855215 0.23493682681544 0.235739478472707 0.243996927486539 0.248249935643987 0.244924312982626 0.260551653316231 0.285780736341545 0.278023758782713 0.274670459757615 0.283032963050885
-9999 -9999 -9999 -9999 -9999 -9999 -9999 -9999 -9999 -9999 -9999 -9999 -9999 -9999 -9999 -9999 -9999 -9999 -9999 -9999 0.0984250223250527 0.0996390577184691 0.0880111386624663 0.0745261844341007 0.0580780418225858 0.0483692080477131 0.04363536782821 0.0390161754830646 0.0361285147139417 0.0396505560409474 0.0498630475190307 0.0660231775715278 0.0751130861164574 0.0828382087072067 0.0901006227365151 0.0972448244478134 0.104262730198473 0.112058324358588 0.120059638572022 0.128157553088253 0.135256181745499 0.141070282474785 0.149197931297054 0.159082637939589 0.181662087175461 0.202782750258446 0.22163732038307 0.232367634356123 0.239800740314121 0.248168863221105 0.251928719118491 0.246967169048654 0.260297516979841 0.282894706090184 0.277835806603193 0.274473436774903 0.276272909849069
-9999 -9999 -9999 -9999 -9999 -9999 -9999 -9999 -9999 -9999 -9999 -9999 -9999 -9999 -9999 -9999 -9999 -9999 -9999 -9999 0.0770280010972989 0.077134628050029 0.0707889847333599 0.0640548055733525 0.0574037129552466 0.057665215856184 0.0630296334612431 0.0523693686256774 0.0420814438898189 0.0403221751201484 0.0429604930934469 0.0495081528832449 0.0680456648596384 0.0865663954390979 0.0941121954660909 0.0988428172678649 0.100565752186327 0.11053875211891 0.122004788186669 0.129417617063995 0.136896960906382 0.144461806139067 0.146835992852868 0.148803728607477 0.166789120621081 0.186565842043301 0.209125232433782 0.227907251853047 0.244884461870367 0.252752502101396 0.256831848448804 0.253740877326376 0.26230798176461 0.27678117285767 0.276606538968499 0.27442628637076 0.268196996825358
-9999 -9999 -9999 -9999 -9999 -9999 -9999 -9999 -9999 -9999 -9999 -9999 -9999 -9999 -9999 -9999 -9999 -9999 -9999 -9999 0.0769414921824851 0.0769088636015771 0.0698963838561789 0.0626594698080445 0.0560778826974406 0.0573839375283982 0.0645126915081136 0.0547665651406424 0.0444224332547802 0.0393651360322019 0.039815255491163 0.0451613271149002 0.0555551421886972 0.0678259866370686 0.0849805007017474 0.0970821996702722 0.103785559893362 0.110804781171263 0.118176949949604 0.127572844147885 0.134074305812571 0.136855130993146 0.142917325236293 0.150064918082957 0.157513462334309 0.172610737758352 0.199589628466795 0.220489752748194 0.23868094002732 0.24907739504143 0.256963399905158 0.260098235863886 0.265804842277751 0.272814330894199 0.27693789314542 0.279094354887564 0.276781631326524
-9999 -9999 -9999 -9999 -9999 -9999 -9999 -9999 -9999 -9999 -9999 -9999 -9999 -9999 -9999 -9999 -9999 -9999 -9999 -9999 0.0764043426793711 0.0765463299516056 0.0689116958896669 0.0611602757750616 0.0545237129289565 0.056746960025822 0.06551056585034 0.0557768766146301 0.044862867757766 0.0377857557466785 0.0364451218212883 0.0402040697735506 0.0476497161766815 0.0575893136926215 0.0767608075222266 0.0912782514806282 0.100823390443736 0.10760441848019 0.114285671507788 0.125274861117796 0.131742348558101 0.132397432403709 0.1396985162255 0.148695199299118 0.151974014680663 0.162601732003469 0.184645306892377 0.20473493572744 0.223966436727861 0.241135848222842 0.254643012009078 0.261219164863447 0.266156298936315 0.270263091251485 0.276128956877763 0.281012298973972 0.283524574740538
-9999 -9999 -9999 -9999 -9999 -9999 -9999 -9999 -9999 -9999 -9999 -9999 -9999 -9999 -9999 -9999 -9999 -9999 -9999 -9999 0.0762073073064331 0.0760321218796103 0.0677849678801961 0.0595008852051989 0.0526173401085399 0.0555613331258679 0.0657600669433809 0.0546479825579527 0.0423717849742103 0.0352464431722617 0.0327280964499382 0.0343052501840825 0.0468165880419981 0.0604692569350763 0.0699478342773683 0.0792376543191783 0.0883258093823014 0.0990573080992243 0.110296539507199 0.122277822611779 0.130167269848565 0.13279688337356 0.137559206492539 0.143267427156334 0.152197497777559 0.158679399296931 0.161358290517913 0.176120194437808 0.196124141243034 0.226613516942508 0.248540621950882 0.254263145379502 0.261656116761756 0.269895352204935 0.273561175750198 0.278688304314418 0.287426795496939
-9999 -9999 -9999 -9999 -9999 -9999 -9999 -9999 -9999 -9999 -9999 -9999 -9999 -9999 -9999 -9999 -9999 -9999 -9999 -9999 0.0901522430347718 0.0887640306154159 0.080315455957518 0.0711663916838904 0.0613133939600743 0.0582211355603394 0.0601196908155545 0.0520452041784289 0.0430002502192718 0.03477745579044 0.0316397026413172 0.0330224207586626 0.0429766797087983 0.0544059752692229 0.0654904927591586 0.075228916092244 0.0835291961124147 0.0941938857890799 0.105113770420021 0.113599848955666 0.123169961289315 0.134133540443159 0.139499041377561 0.143466503985506 0.152630398954072 0.158473673554876 0.159158663359877 0.166195434818767 0.176357639429457 0.205018245928214 0.229706901570311 0.246878415555767 0.258685746130936 0.267775532812289 0.271236694409927 0.275518876817791 0.281962742531248
-9999 -9999 -9999 -9999 -9999 -9999 -9999 -9999 -9999 -9999 -9999 -9999 -9999 -9999 -9999 -9999 -9999 -9999 -9999 -9999 0.112335429129738 0.106831229811784 0.0979862929488809 0.0877132197451239 0.0739411137437201 0.0622661324608818 0.0521392597767981 0.0487149362102431 0.04462917502563 0.0350892851181089 0.0316334717527181 0.0335862463768565 0.0380661387359588 0.0449985662513536 0.0620072084154851 0.0744186557145479 0.0819185409065187 0.0909158580613429 0.0995733549362757 0.102995599721447 0.114200077872872 0.135408196134843 0.142763970416661 0.145957441025711 0.15316299766458 0.159722729563444 0.165279230870379 0.164020420394763 0.160652387306584 0.181132049240786 0.205891081628102 0.238749064646534 0.255812945869922 0.2648753920922 0.268979221936566 0.272047494221656 0.272912179110527
-9999 -9999 -9999 -9999 -9999 -9999 -9999 -9999 -9999 -9999 -9999 -9999 -9999 -9999 -9999 -9999 -9999 -9999 -9999 -9999 0.116548460037535 0.11782608047262 0.102390872482925 0.0868906750402805 0.074323372523282 0.0605218466645583 0.0458092105837322 0.0411085356592518 0.0374888912168112 0.0334422868163667 0.0321398247375969 0.0332768347956078 0.0380941650538263 0.045003765225434 0.0591248134999548 0.0716026968652591 0.0823250517527226 0.090632183508122 0.098219681759063 0.104912399367758 0.112752732087535 0.12206826196684 0.135120153339481 0.148732190302413 0.154181961657735 0.159209045481387 0.163579522277883 0.167320407591968 0.170860151610375 0.176381911901821 0.188156255584712 0.21176396699285 0.235652565082615 0.259683462909008 0.265673731394167 0.269934334616762 0.270937561247668
-9999 -9999 -9999 -9999 -9999 -9999 -9999 -9999 -9999 -9999 -9999 -9999 -9999 -9999 -9999 -9999 -9999 -9999 -9999 -9999 0.162065399157335 0.132828204482376 0.109354138331106 0.0886557820044895 0.0748943872344114 0.0590647073346448 0.0417082083737126 0.0361025615226543 0.0328086704601138 0.0329052499183393 0.0342672311392824 0.0367541220697548 0.0433938773118583 0.0509567742422448 0.0594043585957835 0.0693974736161661 0.0810418064076941 0.0894951770233597 0.0972577628334195 0.105753364883236 0.111682981262487 0.114314161836861 0.12868855540996 0.146103316618887 0.15397254677811 0.160121088559067 0.163596695852814 0.169658911335993 0.176504745119806 0.173706462254969 0.176799527172016 0.191042300991105 0.215645142818512 0.245496488919942 0.258333388565864 0.267456466968427 0.268643481421407
-9999 -9999 -9999 -9999 -9999 -9999 -9999 -9999 -9999 -9999 -9999 -9999 -9999 -9999 -9999 -9999 -9999 -9999 -9999 0.180228253569335 0.168129976267929 0.148655080931041 0.121123907079856 0.0952818034091464 0.0758199807493455 0.0581469738381317 0.0417944802075347 0.0359814992388475 0.0327496883954261 0.0344532801412791 0.0394397931377327 0.0473447389191149 0.0585964735702838 0.0680827692028456 0.0656236211755624 0.0683395197363598 0.076584347017927 0.0867551829502238 0.0970317559013934 0.104573371502029 0.1113225441434 0.117053074217842 0.124534116199409 0.133323714693129 0.15145561706855 0.163711366045878 0.166839039731772 0.170191264407686 0.173577403281905 0.174928322080881 0.177424081729674 0.182086517440922 0.195925053777471 0.21441228578977 0.243413558909335 0.26429349374112 0.265749290966019
-9999 -9999 -9999 -9999 -9999 -9999 -9999 -9999 -9999 -9999 -9999 -9999 -9999 -9999 -9999 -9999 -9999 -9999 0.179121791819613 0.179264484992475 0.169098076536932 0.152645954577959 0.128325046209963 0.103622536076747 0.0792876125401794 0.0578935756122159 0.0386705167889104 0.0327312208041743 0.0299193984866728 0.0328587488354997 0.0392039261101776 0.0485767961625539 0.0623251163581036 0.0745179204279366 0.0748898922517397 0.0787717604440194 0.0864035401604375 0.0963739488585341 0.105929759413561 0.108164759651791 0.112178738314127 0.118479497529249 0.123641963913222 0.129239911762524 0.144953206059746 0.154791637245469 0.155503997483824 0.163783436246937 0.174910169940049 0.177307354280326 0.178820375828638 0.178660069283377 0.185119331107131 0.194932126213588 0.221617036103676 0.244407381857201 0.257369868260746
-9999 -9999 -9999 -9999 -9999 -9999 -9999 -9999 -9999 -9999 -9999 -9999 -9999 -9999 -9999 -9999 -9999 -9999 0.178875351768285 0.178205239876001 0.167503730147336 0.150685829765901 0.133229133854399 0.112825404741972 0.084033350302761 0.057974197091921 0.0339324860740673 0.0279076104935694 0.0256957286518059 0.0296841757598855 0.0362487666543981 0.0451034832970199 0.0602847946935118 0.075577845264456 0.0856881621936043 0.0949811314403974 0.103400860804435 0.11220654918682 0.119415204564815 0.114155140486293 0.113646639921232 0.119246017276818 0.124390049871719 0.129528250955109 0.136446943457853 0.139582029219448 0.136839622535456 0.153886169251891 0.178384867410452 0.180268198695179 0.180604691196096 0.178013703806775 0.178795643581878 0.181286338803781 0.196362995500938 0.216113078961362 0.246232537399067
-9999 -9999 -9999 -9999 -9999 -9999 -9999 -9999 -9999 -9999 -9999 -9999 -9999 -9999 -9999 -9999 -9999 -9999 0.170669600830947 0.169960116643371 0.159121583669253 0.142107119849809 0.121857586865273 0.0995136972305023 0.0717277773501184 0.0485667530719754 0.0288198512762902 0.0220041562841614 0.0193624451085911 0.0265337712441777 0.0336507167968146 0.04071931940607 0.0548117536770045 0.0693066791835095 0.0794522471629925 0.0904468955925166 0.10234868663546 0.111543001572285 0.119334278540431 0.121729662737821 0.12756829350898 0.137833031531717 0.136598734927149 0.132353454113907 0.137029374950843 0.141049257993262 0.144050045383019 0.151518497911511 0.16093826266834 0.174694299983838 0.183359615070289 0.182390450398209 0.181481944166832 0.180604168050839 0.187089623495019 0.198952142256644 0.223053953790882
