layers/veg/veg_1800.asc
NCOLS 255 
NROWS 330 
XLLCORNER -2985163.8955 
YLLCORNER -3022031.214 
CELLSIZE 25000 
NODATA_value -9999 
[rows 175 to 199 of 330, columns 56 to 111 of 255]
-9999 -9999 -9999 -9999 -9999 -9999 -9999 -9999 -9999 -9999 -9999 -9999 -9999 -9999 -9999 -9999 -9999 -9999 -9999 -9999 -9999 -9999 -9999 0.188438192272679 0.200648427015771 0.241776912651164 0.234630000909642 0.191845934579323 0.147491310085793 0.103283409092706 0.0603226898880195 0.0294037331309148 0.00918959431877726 0.0187145070476778 0.0280702230262946 0.00956072074382394 0 0 0.00296993026027798 0.0131342354005343 0.0708775600715374 0.138127930113891 0.217599092817392 0.26085077223373 0.290296744750187 0.293449541977689 0.304496762250396 0.327807258012545 0.340590993268386 0.348841983619548 0.349156938412294 0.348527406545694 0.346110380254484 0.346582268304267 0.348517706521271 0.364203024828294
-9999 -9999 -9999 -9999 -9999 -9999 -9999 -9999 -9999 -9999 -9999 -9999 -9999 -9999 -9999 -9999 -9999 -9999 -9999 -9999 -9999 -9999 -9999 0.172857711293892 0.163109518693628 0.204291492850856 0.200889788370754 0.16457617567101 0.114162372661405 0.0638933655539826 0.0204465846015038 0 0 0.00776560850560635 0.0138972999187153 0.00473342172919469 0 0 0.00958282955132867 0.0262955987928187 0.0780479445941005 0.141044162074181 0.218493768501917 0.255955703790395 0.280566364739403 0.306237975173174 0.325768103021076 0.335757990571129 0.340897181522987 0.343960406235193 0.343812989986384 0.343772318001079 0.343933665572098 0.344946796160737 0.346391447739869 0.36190261362149
-9999 -9999 -9999 -9999 -9999 -9999 -9999 -9999 -9999 -9999 -9999 -9999 -9999 -9999 -9999 -9999 -9999 -9999 -9999 -9999 -9999 -9999 -9999 0.206606550179161 0.215573311707971 0.225768543558359 0.198210800917649 0.142783612115332 0.0841710058790788 0.0329160470608487 0.0105334996073747 0 0 0.00292202902464318 0.00522925070164692 0.00178108330707094 0 0 0.0479056463007111 0.102200821393323 0.116163981131063 0.150643923867403 0.211497081551808 0.253436394462341 0.288340687616651 0.311708782715783 0.329029339545487 0.336955590115406 0.341477517310822 0.344523360203005 0.344644238808691 0.343636887191798 0.340494296064019 0.33993014395966 0.340672252414966 0.353986360139543
-9999 -9999 -9999 -9999 -9999 -9999 -9999 -9999 -9999 -9999 -9999 -9999 -9999 -9999 -9999 -9999 -9999 -9999 -9999 -9999 -9999 -9999 -9999 0.257631196775927 0.251770922735535 0.239565956617195 0.19652810496976 0.130729253564207 0.0647563213772001 0.0111137696523675 0.003556529374662 0 0 0 0 0 0 0 0.0711219823237656 0.148124638931536 0.138690187339573 0.154228881338834 0.201869203388241 0.24616755146411 0.287882378938238 0.310687834552491 0.328060362479465 0.336993326354472 0.34222346481408 0.345832615207689 0.345716860191532 0.34418081543822 0.339956792023297 0.336573393119924 0.333615862206816 0.347258528813142
-9999 -9999 -9999 -9999 -9999 -9999 -9999 -9999 -9999 -9999 -9999 -9999 -9999 -9999 -9999 -9999 -9999 -9999 -9999 -9999 -9999 -9999 -9999 0.265374278628742 0.263233166690553 0.241685235472303 0.196360431791986 0.133483414652855 0.061425197161885 0.00326362983333697 0.00104439769163414 0 0 0 0 0 0 0 0.0713664650721059 0.148456868955895 0.137509528834138 0.148667353612326 0.188240172369268 0.231676272441815 0.274905019159339 0.299795119279911 0.320658659772006 0.335267302380375 0.343221251782541 0.348276741942485 0.347156527688259 0.345757819278565 0.343832044927539 0.335740791432728 0.324526050368959 0.342337886062306
-9999 -9999 -9999 -9999 -9999 -9999 -9999 -9999 -9999 -9999 -9999 -9999 -9999 -9999 -9999 -9999 -9999 -9999 -9999 -9999 -9999 -9999 -9999 0.276446955798396 0.26971338674855 0.244585705501296 0.195033145258875 0.127450009695292 0.0567362156204413 0.000589064699848951 0.00018850722789121 0 0 0 0 0 0 0 0.0452975026297257 0.0982232212548401 0.124700108319335 0.15179866798376 0.179696354153857 0.212330443682114 0.246825771457655 0.285462654553148 0.31385065742049 0.326317947529413 0.333517220507071 0.338377557208771 0.336788260486344 0.333288958833874 0.326174864818112 0.323216376717116 0.3223631562058 0.335152340036374
-9999 -9999 -9999 -9999 -9999 -9999 -9999 -9999 -9999 -9999 -9999 -9999 -9999 -9999 -9999 -9999 -9999 -9999 -9999 -9999 -9999 -9999 -9999 0.284833798120145 0.274470816336477 0.248404341505212 0.193458030151396 0.11719247018285 0.0511346135267714 0 0 0.000115938309086291 0.000334942801135306 0.000606370385404869 0.000758070085481735 0.000258198746221161 0 0 0.0100892065030749 0.0303738108536752 0.107355877954239 0.157699894439989 0.173802137509808 0.192271628020658 0.214232460743583 0.270496880617626 0.307578024195422 0.314859675059951 0.319975634063123 0.324030356367406 0.321932598108651 0.315467671728217 0.30073763266292 0.306574207514371 0.322830015227765 0.327227049771186
-9999 -9999 -9999 -9999 -9999 -9999 -9999 -9999 -9999 -9999 -9999 -9999 -9999 -9999 -9999 -9999 -9999 -9999 -9999 -9999 -9999 -9999 -9999 0.290555334015486 0.287063377997154 0.270118028582643 0.198226648134713 0.0857738159251233 0.0345932512798887 0 0 0.00365326595082129 0.0105541916257342 0.0191069914685164 0.023887114220075 0.00813595346998248 0 0 0.0150799068474645 0.0382115704046388 0.0931443474309003 0.142963109829584 0.186208083002643 0.208346364236023 0.226288582483006 0.277353275447558 0.310112101807303 0.314434412418863 0.319226020918431 0.323792729617389 0.313719056141482 0.305118104894592 0.299304363765831 0.30611479990561 0.319320758574464 0.324146320475714
-9999 -9999 -9999 -9999 -9999 -9999 -9999 -9999 -9999 -9999 -9999 -9999 -9999 -9999 -9999 -9999 -9999 -9999 -9999 -9999 -9999 -9999 -9999 0.300618495425642 0.296624487728056 0.284873304522795 0.206583038449919 0.0791732682156148 0.0340938742079882 0.00550413374222567 0.00176138375624187 0.00484800337213622 0.0140057573909254 0.0298637544960676 0.0397667513554972 0.0135445594515883 0.00268070721940085 0.00822543486548879 0.0265896490675597 0.0488271014814477 0.0762085396904949 0.120858649997863 0.187706704356581 0.219487179455984 0.241584912724545 0.284590717054383 0.311925780093445 0.314917757327224 0.317183107771625 0.318730250210271 0.305495631981796 0.2962970733227 0.294736985685167 0.301970447791792 0.313658801833393 0.308807732841588
-9999 -9999 -9999 -9999 -9999 -9999 -9999 -9999 -9999 -9999 -9999 -9999 -9999 -9999 -9999 -9999 -9999 -9999 -9999 -9999 -9999 -9999 -9999 0.3031227154973 0.300575582606549 0.286751322062161 0.221578971972543 0.11850118962567 0.0632818473492958 0.0211942353832761 0.00678239005053205 0.00170753567257221 0.00493302675980997 0.0262897084878818 0.0422306121967165 0.0143837506982156 0.0103223399834494 0.031672886385657 0.0501635514964835 0.0645831856257567 0.0542311756253125 0.0851195463133668 0.169020195998179 0.221497264350665 0.262877583413784 0.292533325072338 0.31240628503207 0.317082574337238 0.312746809412532 0.304738882701334 0.297253919804328 0.290304754103636 0.284369614902582 0.291006725329197 0.304013051271765 0.270784712489558
-9999 -9999 -9999 -9999 -9999 -9999 -9999 -9999 -9999 -9999 -9999 -9999 -9999 -9999 -9999 -9999 -9999 -9999 -9999 -9999 -9999 -9999 -9999 0.283754864199154 0.282011834768618 0.266564220446886 0.206405948338553 0.113242031328584 0.058093513121756 0.0158963094699997 0.00508699508332245 0.000402075690860493 0.00116158635766364 0.0337263802247926 0.0597260797678199 0.0237203411071101 0.0221102077745678 0.0572477339906711 0.0766581981886247 0.0893976353067065 0.0816878113092544 0.115621565227935 0.203085886373627 0.250728876103117 0.284102922431855 0.300018087796673 0.308589217159444 0.305752047754617 0.299376183615494 0.291585034133177 0.284934559781497 0.274255271129292 0.255951223536638 0.254630408119442 0.261913451922864 0.236164756513248
-9999 -9999 -9999 -9999 -9999 -9999 -9999 -9999 -9999 -9999 -9999 -9999 -9999 -9999 -9999 -9999 -9999 -9999 -9999 -9999 -9999 -9999 -9999 0.267364291659126 0.25229991203018 0.235451623564571 0.176294831856931 0.085905678483058 0.0358838258335571 0.000206207828949277 6.59887890322754e-05 5.21574868947394e-06 1.5068164180055e-05 0.0466149846599896 0.0846644143831653 0.0372644000403688 0.035951074729063 0.083875957092695 0.104599044985119 0.118697314779714 0.133621583350573 0.17892273044973 0.263271712042857 0.293439167066944 0.305294922320892 0.307276149429868 0.302644215552129 0.287739331444622 0.281581745218427 0.278845881228316 0.270596161387607 0.253226005619533 0.218594908991284 0.205671100458221 0.203744400655867 0.203229820385225
-9999 -9999 -9999 -9999 -9999 -9999 -9999 -9999 -9999 -9999 -9999 -9999 -9999 -9999 -9999 -9999 -9999 -9999 -9999 -9999 -9999 -9999 0.370577556308845 0.325976899425052 0.283255413314012 0.254286321633101 0.183864629728229 0.0828424083081866 0.0337904661388947 0 0 0.00790266845703358 0.0228306064691039 0.089656500468888 0.146129644459657 0.103240891731252 0.104846524468733 0.153989175767933 0.171139365011938 0.181155268954287 0.196984418899862 0.227572729696168 0.277133143555413 0.297494144667263 0.306941141085005 0.297908102068263 0.290198808077524 0.28454583281188 0.276588551862809 0.267508133615948 0.252092967503205 0.231524836706189 0.201204428783586 0.196695905496486 0.205263916718739 0.201552718110969
-9999 -9999 -9999 -9999 -9999 -9999 -9999 -9999 -9999 -9999 -9999 -9999 -9999 -9999 -9999 -9999 -9999 -9999 -9999 -9999 -9999 0.364263227210441 0.367393319564156 0.337092152430252 0.304061614686157 0.269393899332615 0.19019532590864 0.0781238366878766 0.031025419244915 5.00235113462616e-05 0.000286697340244116 0.0117596762488487 0.033221442162343 0.115789936043584 0.188138757280051 0.153432730065323 0.156689644498454 0.200505497837602 0.219072207442224 0.231654095716707 0.246214049933325 0.264481110947924 0.287513457262134 0.298544438196602 0.304083486174239 0.28936402510286 0.278136071248356 0.272331859525322 0.260621608318946 0.246405607565072 0.229048620991963 0.210151184721555 0.18833836026851 0.190810374943715 0.20558530904534 0.198919261095985
-9999 -9999 -9999 -9999 -9999 -9999 -9999 -9999 -9999 -9999 -9999 -9999 -9999 -9999 -9999 -9999 -9999 -9999 -9999 -9999 -9999 0.360636136575372 0.357927611683378 0.329092302806728 0.299886089181561 0.274487355145396 0.192556849663036 0.0688942904292142 0.0261181796071656 0.000214097039729464 0.00122704404774182 0.00615291843849106 0.0145572849059951 0.102458625778337 0.184680248721538 0.166044679848918 0.16798304822909 0.191902249175728 0.223409336142131 0.253880181866154 0.262873966800389 0.27506430040504 0.291363624448525 0.293917962853566 0.29155079296295 0.283203361779568 0.267143168526995 0.239101893756823 0.219246616118453 0.20299753621543 0.195777228399727 0.189544648909323 0.18518140114217 0.190755015866648 0.201362735117835 0.193156299068289
-9999 -9999 -9999 -9999 -9999 -9999 -9999 -9999 -9999 -9999 -9999 -9999 -9999 -9999 -9999 -9999 -9999 -9999 -9999 -9999 -9999 0.352271023421541 0.352576026788048 0.316936387084238 0.282143780005142 0.256507761768686 0.182153194534607 0.0718343358330814 0.028164068209899 0.000173763836060564 0.000995884300970834 0.00592253138722054 0.0144979973588266 0.0901681325729373 0.165872636427545 0.180809005134846 0.195407612154332 0.209645360529408 0.235630447750501 0.259735896410306 0.248562751450169 0.255724328178459 0.286454198051673 0.291332132872876 0.286940007432095 0.271129428370581 0.2496570354982 0.219389524586792 0.20219042158433 0.190537277161525 0.185884752859091 0.182760581907753 0.182528906119676 0.188851424994516 0.198494358240524 0.190306351689055
-9999 -9999 -9999 -9999 -9999 -9999 -9999 -9999 -9999 -9999 -9999 -9999 -9999 -9999 -9999 -9999 -9999 -9999 -9999 -9999 -9999 0.351402166302183 0.350308548936113 0.302264541658958 0.256188638501596 0.224560592225606 0.164021969163559 0.0821414048610926 0.0344191251586056 9.69030767736252e-06 5.55375934731256e-05 0.00894680164021312 0.0257014143026939 0.0785077117710275 0.137773240730756 0.19687629946143 0.232597387726274 0.243337590146636 0.252624232916835 0.255681589509484 0.215502750681475 0.218269973387043 0.276242035568422 0.289981634611588 0.287124853722622 0.255475818533223 0.228240139433275 0.207860211697047 0.19985593356979 0.196811686502474 0.190145014649513 0.184344129621281 0.180181795129251 0.185828982506429 0.196445762497797 0.189219836340065
-9999 -9999 -9999 -9999 -9999 -9999 -9999 -9999 -9999 -9999 -9999 -9999 -9999 -9999 -9999 -9999 -9999 -9999 -9999 -9999 -9999 0.342344333211671 0.341819130897777 0.288663913085059 0.232342148084199 0.176705813728412 0.111899306347814 0.0403233285651451 0.0153269331285725 0.0007964836034021 0.00456484809838317 0.0365258760134584 0.0935494585678222 0.114555071578182 0.134734930209693 0.183464160051301 0.217137219620754 0.234724531781815 0.248373564616587 0.255430785351825 0.221114459199074 0.211652624965978 0.2341398959053 0.245419510472373 0.251525668843678 0.238150126013432 0.225651315393222 0.214514429331726 0.210685726800174 0.209453359363747 0.19439806783163 0.183013489091025 0.178575941930224 0.181534726358477 0.188240559351089 0.184604243107026
-9999 -9999 -9999 -9999 -9999 -9999 -9999 -9999 -9999 -9999 -9999 -9999 -9999 -9999 -9999 -9999 -9999 -9999 -9999 -9999 -9999 0.333920773211845 0.334648886516397 0.279784678158404 0.216193247098932 0.137787599191432 0.0687494565101085 0.00662645590933886 0.00183545169396911 0.00449462583699005 0.00940958029704033 0.0598388808771255 0.150729267715979 0.147249965722319 0.136204491968482 0.172707372260663 0.201251850160201 0.221293710969979 0.236829976451539 0.246953207943322 0.225421405406346 0.210454164000691 0.2039253109022 0.211364034031204 0.222462659846021 0.222756891396926 0.222048807675529 0.219783717414058 0.218798444528312 0.217844049043565 0.199586466727398 0.185221767330248 0.178224569045534 0.177474733191831 0.179889867721934 0.180342194699176
-9999 -9999 -9999 -9999 -9999 -9999 -9999 -9999 -9999 -9999 -9999 -9999 -9999 -9999 -9999 -9999 -9999 -9999 -9999 -9999 -9999 0.333143614793401 0.332620717025688 0.284223325204954 0.221692288231232 0.127298566073891 0.0573805603120263 0.00553065831007544 0.00892305457166709 0.0163528171606918 0.014235307124442 0.0665342127956664 0.167207916251011 0.161782949638672 0.146072111270776 0.174843697968853 0.193606248469358 0.201675320803415 0.208233400587913 0.214251542219624 0.219048924720248 0.21922321745112 0.213454778310716 0.215134627113481 0.218530127916909 0.213193715169636 0.212163921221779 0.217824071866816 0.216771798407859 0.212926908674955 0.207452655264408 0.198080092324878 0.181329758106617 0.174313515423949 0.172228651665364 0.177725675449812
-9999 -9999 -9999 -9999 -9999 -9999 -9999 -9999 -9999 -9999 -9999 -9999 -9999 -9999 -9999 -9999 -9999 -9999 -9999 -9999 -9999 0.305443936454202 0.309073984161376 0.258042919502633 0.199400877638889 0.128993165655585 0.0661944769038342 0.00901280949020959 0.0279220357686414 0.0489924476537595 0.0442265597071379 0.0898668573694805 0.180316961120678 0.173057805984064 0.155778491445589 0.176701932758665 0.187300224266775 0.186867307392259 0.192780092388055 0.201025559719776 0.214877463870993 0.220809183353569 0.216559933787115 0.218628908616103 0.221980247352727 0.215747294824758 0.213294989594462 0.216715579580737 0.213583529222677 0.207877072560446 0.20590850519214 0.200885627312127 0.190082294031618 0.1818364647 0.174886290029703 0.177920104331965
-9999 -9999 -9999 -9999 -9999 -9999 -9999 -9999 -9999 -9999 -9999 -9999 -9999 -9999 -9999 -9999 -9999 -9999 -9999 -9999 0.303188862780171 0.291102550870498 0.271646916519772 0.209415043142574 0.156735703208367 0.139619842260165 0.0898048374486116 0.0158511510705169 0.0556534985844352 0.0968673876714536 0.0926671877689414 0.125396665281949 0.190955678771969 0.181944060577202 0.165366663829565 0.178356293255509 0.181976272455789 0.175585882212139 0.186962389758657 0.202077609636293 0.21231961689183 0.217129076909244 0.214955291257183 0.221920620296347 0.230842743560934 0.227183922703751 0.22250208581691 0.216231085627065 0.209543649771341 0.202729954407627 0.197465438241428 0.196321250807667 0.202975018552967 0.197192201233975 0.185108897295419 0.180175298327271
-9999 -9999 -9999 -9999 -9999 -9999 -9999 -9999 -9999 -9999 -9999 -9999 -9999 -9999 -9999 -9999 -9999 -9999 -9999 -9999 -9999 0.278811123109064 0.239569674362513 0.183028471748654 0.139997832963968 0.139200050974181 0.113597454915443 0.0696838134473866 0.093558367622483 0.118430588072873 0.116824166305369 0.144112448742395 0.197087382068744 0.189313855762439 0.175600368418028 0.187100626041405 0.188539714950055 0.179229628228193 0.186184343234412 0.19696587213479 0.206263660732001 0.212994443324278 0.21642547852703 0.219539092115777 0.22260040465162 0.226295810157436 0.226622730031567 0.221717010731554 0.213060384743663 0.203042961929179 0.199128607587296 0.196360519952449 0.195761806895495 0.19240713445791 0.187656268040069 0.189735504508332
-9999 -9999 -9999 -9999 -9999 -9999 -9999 -9999 -9999 -9999 -9999 -9999 -9999 -9999 -9999 -9999 -9999 -9999 -9999 -9999 -9999 0.202841029272355 0.208154200832388 0.162939190412305 0.12830043718658 0.133627875436268 0.127392725987867 0.112622012926676 0.121300548384047 0.130626466370105 0.131920756876095 0.156411884214987 0.20152440449999 0.195380793764403 0.184281024016568 0.194735892824937 0.194867606509608 0.183970242894023 0.187577787235179 0.194769776099985 0.201903412889823 0.209549861329745 0.217855501411772 0.217677893092884 0.21568682668718 0.225410426828617 0.229821793285583 0.225981082958224 0.216483306042852 0.204928356481868 0.202408098737049 0.19756781990474 0.188336769939949 0.185934275832447 0.186991189961804 0.194288897097109
-9999 -9999 -9999 -9999 -9999 -9999 -9999 -9999 -9999 -9999 -9999 -9999 -9999 -9999 -9999 -9999 -9999 -9999 -9999 -9999 -9999 0.197584665511426 0.194436538694307 0.156474602533275 0.123988383448513 0.113809857198287 0.104181117879659 0.0949582341921991 0.107096443220001 0.119621171698162 0.124071247869193 0.152295480792371 0.201654329261629 0.197292281602736 0.186945393817563 0.195202788033836 0.195175205793448 0.186296100479309 0.194808787617942 0.206013858993893 0.205322282572534 0.208851096607859 0.217804994326452 0.220196605892433 0.221092068745277 0.229874825955144 0.23182045522141 0.223145221753462 0.216285793207163 0.21025618712259 0.207279380722974 0.201095026822419 0.1888402078519 0.181953114644978 0.177785359920139 0.177183361785314
