layers/veg/veg_1900.asc
NCOLS 255 
NROWS 330 
XLLCORNER -2985163.8955 
YLLCORNER -3022031.214 
CELLSIZE 25000 
NODATA_value -9999 
[rows 175 to 199 of 330, columns 57 to 113 of 255]
-9999 -9999 -9999 -9999 -9999 -9999 -9999 -9999 -9999 -9999 -9999 -9999 -9999 -9999 -9999 -9999 -9999 -9999 -9999 -9999 -9999 0.492321748819826 0.35044411819743 0.131018012452345 0.177046619029383 0.197302765422961 0.127429509714961 0.0643405430220316 0.00576188380916979 0.000875114578928064 0.000663444624134248 0.000204393271408651 0 0 0 0 0 0 0 0.00583263667373927 0.0334920172201834 0.182765132577205 0.258303235240486 0.248291233797697 0.255745966316424 0.269609075210434 0.297208909773254 0.316999844212471 0.325873026099489 0.323720362488709 0.316898221154128 0.297676895814572 0.287178104983546 0.291462858688202 0.293380904422584 0.294191951787346 0.289540326438771
-9999 -9999 -9999 -9999 -9999 -9999 -9999 -9999 -9999 -9999 -9999 -9999 -9999 -9999 -9999 -9999 -9999 -9999 -9999 -9999 -9999 -9999 0.35070710088621 0.131687720761114 0.145759815599629 0.146211359128206 0.0903893605341054 0.0437786747724639 0.00329182204287669 0 0 0 0 0 0 0 0 0 0 0.00293353042935377 0.0267892771891951 0.170503138678181 0.240109312859635 0.223732991987454 0.24747263158549 0.28082368041802 0.299229988858401 0.309881526795073 0.309690991697328 0.297173288055862 0.280874677269818 0.276412849631224 0.274037748318758 0.275199372661656 0.275596664175789 0.275619869112763 0.271570246478301
-9999 -9999 -9999 -9999 -9999 -9999 -9999 -9999 -9999 -9999 -9999 -9999 -9999 -9999 -9999 -9999 -9999 -9999 -9999 -9999 -9999 -9999 0.16541272474453 0.148411376416448 0.130741593268954 0.104746033666912 0.0576812637935634 0.0249994903862742 0.00187977077748326 0 0 0 0 0 0 0 0 0.00171827381262432 0.0050951828614703 0.00475197344683202 0.0227959180835674 0.153959031343204 0.21913741064922 0.207757847494574 0.240251327667016 0.281821050104883 0.293978545519695 0.296387629873755 0.285167299322545 0.268078591497363 0.250284341260899 0.257660239452587 0.261355177087227 0.258811372498951 0.257184307005287 0.255964010835332 0.253792857715447
-9999 -9999 -9999 -9999 -9999 -9999 -9999 -9999 -9999 -9999 -9999 -9999 -9999 -9999 -9999 -9999 -9999 -9999 -9999 -9999 -9999 -9999 0.182804701125035 0.192701558184537 0.149242989705208 0.0991576795682259 0.0372212154969951 0.00802823435949609 0.000603661919126701 0 0 0 0 0 0 0 0 0.00994267745032702 0.029482937684222 0.0274969791701641 0.0369870236571054 0.140812500950757 0.205815781182871 0.225776104495242 0.247474599237406 0.267718557995619 0.270280753414917 0.26160799256276 0.237227453334011 0.241438190132553 0.255008440541589 0.251660061752171 0.24901606231845 0.247565892907963 0.244376861887836 0.240439238816163 0.241502884720977
-9999 -9999 -9999 -9999 -9999 -9999 -9999 -9999 -9999 -9999 -9999 -9999 -9999 -9999 -9999 -9999 -9999 -9999 -9999 -9999 -9999 -9999 0.246306095414324 0.238049284268693 0.167065496983988 0.0962882035102796 0.0318756252095694 0.00395598755235966 0.000297460055469615 0 0 0 0 0 0 0 0 0.0103104181669478 0.0305733961332914 0.0405841136630987 0.0583489554516496 0.134549389580596 0.190948178880046 0.224372363378506 0.24077892078569 0.250512913711332 0.242957942069057 0.232479556215601 0.217913896551485 0.22917059467924 0.248382037339419 0.243417468343693 0.238818424939562 0.234838899160382 0.231434674264143 0.228330455196892 0.230859101318203
-9999 -9999 -9999 -9999 -9999 -9999 -9999 -9999 -9999 -9999 -9999 -9999 -9999 -9999 -9999 -9999 -9999 -9999 -9999 -9999 -9999 -9999 0.263306510516709 0.281342321157909 0.184278559103952 0.0958594897492427 0.0400984255208256 0.0114633022036779 0.000861952790356248 0 0 0 0 0 0 0 0 0.00362515895125611 0.0107496532990485 0.0450012866445756 0.0861482051455871 0.134465587974124 0.174692742273963 0.20553331254015 0.221588070458858 0.230521540638597 0.212380916978914 0.208424255933431 0.22429842785806 0.229805601786223 0.231566181688102 0.233161837339478 0.230543211882254 0.220781936270541 0.218371527029868 0.219288236376857 0.221693117739022
-9999 -9999 -9999 -9999 -9999 -9999 -9999 -9999 -9999 -9999 -9999 -9999 -9999 -9999 -9999 -9999 -9999 -9999 -9999 -9999 -9999 -9999 0.29037636870834 0.290380707471463 0.196860610358838 0.108818968717043 0.0433902843362839 0.011097668949349 0.000834459961656787 0 0 0 0 0 0 0 0 0.00128825526410138 0.00382005248210306 0.040832161181094 0.0874676387632782 0.148287222435875 0.183244798903465 0.188196312742847 0.202320993160211 0.216539130747723 0.208181056853132 0.207958131307037 0.219109091357948 0.223480485276512 0.225077132463116 0.220770927712679 0.21653409816142 0.212414850414591 0.212207863995572 0.213729883462639 0.210230933161533
-9999 -9999 -9999 -9999 -9999 -9999 -9999 -9999 -9999 -9999 -9999 -9999 -9999 -9999 -9999 -9999 -9999 -9999 -9999 -9999 -9999 -9999 0.280238673975811 0.28834566211732 0.202547068534906 0.117511090832734 0.0431544025258051 0.00865399986078115 0.000650714706391463 0 0 0 0 0 0 0 0 0.000482267099395637 0.00143006256711711 0.035906312728192 0.0825141993923235 0.159286442920046 0.192209577666582 0.174257345553551 0.186764241510742 0.205992446683961 0.208625548908009 0.210643910285718 0.2118027923081 0.215004718780399 0.218205074348057 0.208229851941029 0.202772415734499 0.204972030747707 0.206534220231434 0.207741506468361 0.199574445131659
-9999 -9999 -9999 -9999 -9999 -9999 -9999 -9999 -9999 -9999 -9999 -9999 -9999 -9999 -9999 -9999 -9999 -9999 -9999 -9999 -9999 -9999 0.272507102190138 0.268656541556858 0.177188893125007 0.0916792251432721 0.029449541538485 0.00295670751949464 0.000222321827638638 0 0 0 0 0 0 0 0 0.00344085934044164 0.0102031512156796 0.0351834644037807 0.070295973733925 0.14269384735724 0.179924068587875 0.176351471544699 0.190330924882814 0.207426734314457 0.208069466904217 0.207292134356247 0.204529385227666 0.20204256084643 0.199638149323277 0.196929215555803 0.195682765955074 0.196915033955364 0.196877154461654 0.196263137484466 0.195218115121718
-9999 -9999 -9999 -9999 -9999 -9999 -9999 -9999 -9999 -9999 -9999 -9999 -9999 -9999 -9999 -9999 -9999 -9999 -9999 -9999 -9999 -9999 0.231841207247176 0.239834016566456 0.142261889316253 0.0578123198451222 0.0164981286217616 0 0 0 0 0 0 0 0 0.000823501445242283 0.00513947686410691 0.0148052609135354 0.0296351701661198 0.0464546649263305 0.0709972789379062 0.138663112224299 0.177056425675549 0.181486672900111 0.192718507544612 0.204473931427784 0.203625951507344 0.201492466594062 0.197561695866606 0.19098237947319 0.184058464108681 0.188027314315283 0.189744308353169 0.187644703451192 0.188765984819295 0.191340961840016 0.19399311510166
-9999 -9999 -9999 -9999 -9999 -9999 -9999 -9999 -9999 -9999 -9999 -9999 -9999 -9999 -9999 -9999 -9999 -9999 -9999 -9999 -9999 -9999 0.217483712386871 0.203271406131334 0.0970114586773267 0.0152767311909466 0.0043595807395987 0 0 0 0 0 0 0 0 0.00253544571338198 0.0158237300728621 0.0352383544905694 0.0605666833568899 0.0706657657697941 0.0856369500502871 0.148184866653617 0.184349342469429 0.189902769021257 0.19383400553726 0.196788071779771 0.194988439466592 0.193051866089659 0.190923833144201 0.181974164656244 0.171701592630436 0.181713312629352 0.185047826018949 0.17706535565958 0.18232262077374 0.193492001369152 0.196146381958617
-9999 -9999 -9999 -9999 -9999 -9999 -9999 -9999 -9999 -9999 -9999 -9999 -9999 -9999 -9999 -9999 -9999 -9999 -9999 -9999 -9999 -9999 0.242580640544521 0.183129053121043 0.0972995176782668 0.029147378255775 0.00831790173338783 0 0 0 0 0 0.00161569358616134 0.00452817263446743 0.0185157471415546 0.0348432729227941 0.0542478143116688 0.0681117505459806 0.0766273872998307 0.0995723502162277 0.127211380909439 0.1647221188525 0.18558534953299 0.18713352312744 0.185816902477646 0.183629837569127 0.180834202794535 0.177278355316188 0.172659641870127 0.166651015233295 0.160978490448035 0.17025008098697 0.174682012752364 0.170911361776905 0.176664506888857 0.186631648071707 0.185072008375035
-9999 -9999 -9999 -9999 -9999 -9999 -9999 -9999 -9999 -9999 -9999 -9999 -9999 -9999 -9999 -9999 -9999 -9999 -9999 -9999 0.274552192094227 0.278531944271575 0.236105647981067 0.16831440670688 0.106777241895103 0.0522449781803669 0.0149093544796325 0 0 0 0 0 0.00514017204449954 0.0144059409455581 0.0426217680167472 0.0721303980202935 0.0954067046148394 0.101808844330281 0.0919224929088978 0.12810056351651 0.168847357568778 0.179629076513333 0.18398310034129 0.180879473233849 0.175448683969066 0.169619546916754 0.166106958692949 0.160823910758701 0.153065553790366 0.151636164487251 0.152756262644214 0.158657898623214 0.163290369871161 0.165771774441608 0.170708643319444 0.176667835381656 0.170722835578131
-9999 -9999 -9999 -9999 -9999 -9999 -9999 -9999 -9999 -9999 -9999 -9999 -9999 -9999 -9999 -9999 -9999 -9999 -9999 -9999 0.272745892549836 0.271227982448344 0.232458501686212 0.173327794929645 0.0991987237729075 0.0379596047035069 0.0108326813818823 0 0 0 0 0 0.0199943412703548 0.0560365094966606 0.0737715925538843 0.0889472931891557 0.104586254868592 0.118127283290343 0.129643194411889 0.144871835124745 0.15987253914807 0.168939487151585 0.172463991978816 0.169557948096407 0.164669217608476 0.159561173751319 0.157519936050882 0.15313978690658 0.145489566948023 0.150920739865176 0.160294177638387 0.155857545384799 0.154913762673544 0.15988989884768 0.16101853322185 0.160389786972827 0.156762453059689
-9999 -9999 -9999 -9999 -9999 -9999 -9999 -9999 -9999 -9999 -9999 -9999 -9999 -9999 -9999 -9999 -9999 -9999 -9999 -9999 0.252672052501631 0.256725824777532 0.226982707511231 0.178766648200505 0.0977351095361465 0.0322323408330781 0.00919826961224162 0 0 0.00089720329261368 0.00192944497794886 0.00314107296208712 0.0298024244201157 0.0768901931760896 0.0951852421308233 0.108287735204335 0.117168506551513 0.131616574154011 0.151438705931679 0.15014337022994 0.146776655924337 0.157283130368788 0.162519873424596 0.161642478129577 0.156680814552345 0.151253964941611 0.152022563504138 0.150206857644404 0.144777992984429 0.149702208315717 0.157439788552582 0.148773066839293 0.145137097524945 0.150027589420357 0.149886316803854 0.147485581383496 0.146571742556406
-9999 -9999 -9999 -9999 -9999 -9999 -9999 -9999 -9999 -9999 -9999 -9999 -9999 -9999 -9999 -9999 -9999 -9999 -9999 -9999 0.249390478070981 0.24345643408539 0.219132880550776 0.184757859300463 0.10421013808666 0.0376155991184641 0.0107345111578913 0 0 0.00295919618471592 0.00636378205961847 0.0103600278797961 0.0330594520533098 0.0707703920193265 0.103958952213779 0.130904359044317 0.134168298013313 0.141432937928329 0.152559420763781 0.14048543106116 0.128330621334798 0.144371672711494 0.154620477357528 0.15814890191935 0.152315895198636 0.145220196326939 0.150536313438462 0.153442142530655 0.152978108036675 0.147830520763297 0.141093643688867 0.136126744460079 0.133542814280861 0.134997702066424 0.13688189320919 0.138961450030198 0.141274989523955
-9999 -9999 -9999 -9999 -9999 -9999 -9999 -9999 -9999 -9999 -9999 -9999 -9999 -9999 -9999 -9999 -9999 -9999 -9999 -9999 0.166288812409144 0.170785049615699 0.159189514419582 0.138798424868813 0.0883398083096566 0.0455822578441813 0.0251702346549205 0.0155144604692068 0.0130096184195517 0.0177495553246982 0.0229132909848528 0.0273761237956493 0.0449314846323578 0.0729951498605339 0.110992587800337 0.14279462555682 0.142180785015817 0.144428550961479 0.149438601541938 0.130606875227716 0.11302621041615 0.132294785471773 0.145800183867083 0.152618930354984 0.15099934304206 0.147793164664387 0.151692420577616 0.153384573007958 0.15199093751659 0.145440636040168 0.137275778544576 0.13347448896642 0.130725345250559 0.129759449878176 0.128926704294022 0.12822066476395 0.136793288016416
-9999 -9999 -9999 -9999 -9999 -9999 -9999 -9999 -9999 -9999 -9999 -9999 -9999 -9999 -9999 -9999 -9999 -9999 -9999 -9999 0.0966977095651965 0.0938566840029294 0.0879846566950219 0.0804559230942515 0.0663926873411602 0.0529150170942616 0.0415319952303895 0.0340395724867572 0.0291336843490334 0.0362997007346611 0.0436104939050255 0.0479432306662676 0.0597434181094944 0.0775371191537053 0.115861058969852 0.148794260445662 0.146173321933138 0.144770805811256 0.144544422558811 0.121765116603945 0.101329017925183 0.122595176818212 0.138096508305257 0.146909272628369 0.150555797796653 0.152603339270639 0.153286979729117 0.152153907562462 0.148480859395897 0.142979057482677 0.136999798280017 0.134266111012128 0.131352305773279 0.128133224350914 0.123157871271402 0.11753853417685 0.132580719748363
-9999 -9999 -9999 -9999 -9999 -9999 -9999 -9999 -9999 -9999 -9999 -9999 -9999 -9999 -9999 -9999 -9999 -9999 -9999 -9999 0.097910258402696 0.0987597525141301 0.0926488534504996 0.0827334936370472 0.0607250308512666 0.0409235947341272 0.0278497689122631 0.0254898102356124 0.030252607535037 0.0494701654166854 0.0666137036902953 0.0729449717727724 0.0760712521674726 0.0766251503509293 0.0999155071512813 0.123799756032587 0.136146807874512 0.139661467327823 0.134650292814361 0.12739837250975 0.12327066227261 0.140351419364543 0.148905215681875 0.147565714970761 0.148465740255275 0.149793894060132 0.149300446609103 0.149699138763587 0.1513451460714 0.141798518316046 0.12935621975478 0.137251766203777 0.139387606027119 0.131761503455214 0.124323872878358 0.117104198163848 0.128394031100554
-9999 -9999 -9999 -9999 -9999 -9999 -9999 -9999 -9999 -9999 -9999 -9999 -9999 -9999 -9999 -9999 -9999 -9999 -9999 -9999 0.127329186735015 0.110554789736759 0.0974588000952485 0.0863733802676284 0.0580879634467027 0.0336405800785701 0.0205359372178735 0.0214692271984362 0.031735166975902 0.0544790532854528 0.0753774577118663 0.0867645926787182 0.0838229512155604 0.0693807695980618 0.0870858449634331 0.109015545293467 0.128988160210838 0.138259985090562 0.137202427492678 0.137666202720813 0.139932040745197 0.150953535092228 0.153634355504534 0.146638015808461 0.146075016988934 0.147008764133461 0.14513958331494 0.145886047418215 0.150289487993028 0.141149317441789 0.128274192584228 0.135884273794317 0.137901849203166 0.130440865542075 0.12257894364908 0.114648309294799 0.122337941554295
-9999 -9999 -9999 -9999 -9999 -9999 -9999 -9999 -9999 -9999 -9999 -9999 -9999 -9999 -9999 -9999 -9999 -9999 -9999 0.13284054485754 0.128220081158137 0.114157214857897 0.102497486137207 0.0921512812890707 0.0602070925924956 0.0337469250001949 0.0232166431159767 0.024556723134322 0.0337884159600405 0.0466791893268641 0.0617938566564651 0.0830350308924204 0.0781152921649581 0.0521983223424618 0.0791462497215374 0.110255335889689 0.126330332642039 0.142677600260014 0.15928768865091 0.155207518614821 0.148306587307627 0.150327987703074 0.148822241988766 0.143224170175049 0.143212429921986 0.14426179453333 0.14070512681841 0.139941209132558 0.143081881500989 0.141333997137318 0.137489842544899 0.127684965846483 0.121473776692686 0.121353413526591 0.116265609132315 0.109019802017389 0.113348020381878
-9999 -9999 -9999 -9999 -9999 -9999 -9999 -9999 -9999 -9999 -9999 -9999 -9999 -9999 -9999 -9999 -9999 -9999 0.141483046537389 0.14066495999448 0.134915504710321 0.119088279735191 0.0995248487408704 0.0779192559324474 0.0500941868067396 0.0276841941095128 0.0195971806353151 0.0230574644429052 0.0341945823577873 0.0473905643450171 0.0630169945009042 0.085892582242855 0.0846107488967247 0.063939723974758 0.0906652153069635 0.118823690737368 0.123758478973654 0.138126768725599 0.161601138020783 0.160783954764908 0.154212109776231 0.14369736844281 0.137824084184435 0.137335991051249 0.137457640065531 0.137166552711561 0.131560539811064 0.128288353984251 0.128279130429562 0.128572555290533 0.128251502942074 0.115013979471766 0.107179081517283 0.108500920614941 0.105456814139858 0.100466653666358 0.0987759316797418
-9999 -9999 -9999 -9999 -9999 -9999 -9999 -9999 -9999 -9999 -9999 -9999 -9999 -9999 -9999 -9999 -9999 -9999 -9999 0.15014277792021 0.143867725908725 0.124768946390995 0.0935548159054967 0.0557185915141094 0.0350997414016227 0.0191830898541196 0.0135978335895482 0.0198696414073297 0.0340242214217981 0.0516544389212419 0.070305848440956 0.0912581484747403 0.0958338608804695 0.0872654221071021 0.109792733862732 0.130030868166307 0.121336898005774 0.130145724218756 0.155849852323807 0.161267853195663 0.158822168274467 0.135035858171529 0.124767690778243 0.130183775328262 0.130144821567952 0.127979791267537 0.120389544285532 0.114425672061252 0.110735661313096 0.110838785930231 0.111662444653031 0.10093830264167 0.094234258248857 0.0943437486289349 0.0929252674082495 0.0907710099949188 0.082153750352627
-9999 -9999 -9999 -9999 -9999 -9999 -9999 -9999 -9999 -9999 -9999 -9999 -9999 -9999 -9999 -9999 -9999 -9999 -9999 -9999 0.147177800148429 0.1381535790528 0.0999040210094749 0.0456802723534488 0.0271415959800113 0.0151405512038131 0.0164098097477565 0.024798355862114 0.0379199220335867 0.0570384999597186 0.0751251163810607 0.0881729766173131 0.0945425003365392 0.0955518680331337 0.111668868362808 0.12598793917683 0.123342298234726 0.133071536390274 0.154746141090167 0.156373686511248 0.152880705592743 0.143941856308678 0.131115293458069 0.113778060734331 0.108907503209939 0.107543387366015 0.106265087621077 0.106476000802498 0.108769007232669 0.108048246359782 0.106224113144079 0.104098409007895 0.0993050912926992 0.0899905207110612 0.0857315997798678 0.0837098711083275 0.075599561021346
-9999 -9999 -9999 -9999 -9999 -9999 -9999 -9999 -9999 -9999 -9999 -9999 -9999 -9999 -9999 -9999 -9999 -9999 -9999 -9999 0.156179835123179 0.152166583985447 0.110336023129562 0.0478350106385589 0.0283450838766885 0.0160614677970063 0.0180631751485642 0.0288121424352141 0.0453764327170531 0.0635138101795056 0.0793975886407543 0.0875660144342403 0.0933189720311372 0.0971332303174479 0.106540962741907 0.116137629068898 0.123077625786501 0.134317786949525 0.149708860626213 0.150033343482905 0.147427910002868 0.146150426315059 0.134395751136146 0.110485048717826 0.0997805036667625 0.0937127311438573 0.0961332325832474 0.0995702436523865 0.104428453664893 0.1044217660011 0.102902985212802 0.105699199723129 0.101750092625698 0.0863685558487635 0.0791303713270041 0.0755558683109537 0.0705485838483665
