layers/veg/veg_4300.asc
NCOLS 255 
NROWS 330 
XLLCORNER -2985163.8955 
YLLCORNER -3022031.214 
CELLSIZE 25000 
NODATA_value -9999 
[rows 175 to 199 of 330, columns 57 to 113 of 255]
-9999 -9999 -9999 -9999 -9999 -9999 -9999 -9999 -9999 -9999 -9999 -9999 -9999 -9999 -9999 -9999 -9999 -9999 -9999 -9999 -9999 -9999 0.207414413732677 0.210881383676844 0.216395050789964 0.184294542041069 0.124427049015296 0.0772543602662716 0.0360642754142835 0.0115409675473593 0 0 0.00132596048907558 0.00237293324582951 0.000808221298628794 0 0 0 0.00165106795584785 0.0154647488122162 0.0733035600013322 0.187734295248976 0.252503310526522 0.297009617770613 0.288684368238294 0.299518588388275 0.340115319819992 0.362336776982977 0.376759582435073 0.381318906532988 0.382825578447359 0.378554933441079 0.383955588894203 0.394255812743575 0.395137105467016 0.397733121109628 0.404742529806429
-9999 -9999 -9999 -9999 -9999 -9999 -9999 -9999 -9999 -9999 -9999 -9999 -9999 -9999 -9999 -9999 -9999 -9999 -9999 -9999 -9999 -9999 0.166774967550624 0.158788056647527 0.160892797543789 0.139578795310432 0.10097695259242 0.0533965951465687 0.013139003246574 0.00420462655443516 0 0 0 0 0 0 0 0.00203053099333785 0.00605194711543157 0.0210346793601135 0.080870902239521 0.198363861545944 0.246389305179073 0.272544111137074 0.30626728554617 0.333364430716018 0.350168635984275 0.36221645136392 0.372173893259539 0.377059820478776 0.37897287938939 0.375259616875361 0.376729053913459 0.380824093479309 0.387730684224059 0.392252303819001 0.391081663643105
-9999 -9999 -9999 -9999 -9999 -9999 -9999 -9999 -9999 -9999 -9999 -9999 -9999 -9999 -9999 -9999 -9999 -9999 -9999 -9999 -9999 -9999 0.18092322046258 0.181872947089226 0.17522758648451 0.140963738933052 0.0863117777189538 0.0407395389700686 0.00494392021097289 0.00158210922183048 0 0 0 0 0 0 0 0.0278334340009848 0.0587755949764012 0.0618380446943639 0.101871542087612 0.18942932178486 0.246741079715245 0.292607962278279 0.317574494233724 0.338409922561448 0.352828053314404 0.363352885362558 0.372151494602492 0.376266239550023 0.379753760753178 0.382054225543241 0.381700719553282 0.380002687931744 0.386333968683898 0.390559019892553 0.389516545171396
-9999 -9999 -9999 -9999 -9999 -9999 -9999 -9999 -9999 -9999 -9999 -9999 -9999 -9999 -9999 -9999 -9999 -9999 -9999 -9999 -9999 -9999 0.223984344119363 0.211647113654944 0.195996509435413 0.153563865017398 0.0913605763661561 0.0397259208540877 0 0 0 0 0 0 0 0 0 0.0466883972766244 0.097297785243189 0.0916114280206293 0.118160780821673 0.186147395473854 0.247946408744904 0.304626011397793 0.322065522228205 0.338650952474076 0.353909645422182 0.363971198078575 0.371756383495662 0.374270873608587 0.378071189781093 0.384305004499906 0.382775677751617 0.37731347323291 0.384153123387911 0.388995403374307 0.388639109375992
-9999 -9999 -9999 -9999 -9999 -9999 -9999 -9999 -9999 -9999 -9999 -9999 -9999 -9999 -9999 -9999 -9999 -9999 -9999 -9999 -9999 -9999 0.247640784139968 0.251593409151207 0.226549576364611 0.183218494438907 0.126387668130241 0.0564180381496192 0 0 0 0 0 0 0 0 0 0.0549778916666444 0.114224356646077 0.104611935327626 0.127285570266023 0.191461184415546 0.250449705775289 0.304409114015336 0.316191442318876 0.331586019033377 0.352591898454389 0.36380162337736 0.370794502678188 0.370447998700682 0.37264254011377 0.379646153654481 0.377925060481913 0.371783951877258 0.380779881661179 0.387628967174209 0.388807406589209
-9999 -9999 -9999 -9999 -9999 -9999 -9999 -9999 -9999 -9999 -9999 -9999 -9999 -9999 -9999 -9999 -9999 -9999 -9999 -9999 -9999 -9999 0.280327757923404 0.273088728524644 0.247822088448652 0.201186960141778 0.138777500399219 0.0619483460015525 0 0 0 0 0 0 0 0 0 0.0329749959841398 0.0727786586617701 0.102725166372398 0.138617724132507 0.182153607654634 0.222743386610106 0.262408397532281 0.302429139825521 0.334004129542177 0.35245940297694 0.362391827391627 0.368722512747188 0.371020652364086 0.373223753700571 0.375246989715849 0.373473311098502 0.369776081143324 0.375002532785228 0.379369909230423 0.381343816839526
-9999 -9999 -9999 -9999 -9999 -9999 -9999 -9999 -9999 -9999 -9999 -9999 -9999 -9999 -9999 -9999 -9999 -9999 -9999 -9999 -9999 -9999 0.294509363932595 0.286973050072471 0.265180951559166 0.21393987187361 0.140959397971904 0.0626388407708573 0.000322898040496047 0.000103330949080842 0 0 0 0 0 0 0 0 0.0100566657711892 0.0941958866617267 0.14956826378183 0.167962419014672 0.18497765239893 0.206236550080448 0.286519777641966 0.340308433228727 0.352940156479727 0.360645159821535 0.366366664128933 0.373216961958595 0.376024151761265 0.37117953093767 0.369526809860628 0.369491134101107 0.368586713662848 0.368677772577712 0.371131543983
-9999 -9999 -9999 -9999 -9999 -9999 -9999 -9999 -9999 -9999 -9999 -9999 -9999 -9999 -9999 -9999 -9999 -9999 -9999 -9999 -9999 -9999 0.297528720524237 0.29355856611949 0.276347402130987 0.210412476253895 0.108509410725575 0.0519617594687819 0.0101746560410256 0.00325600261827283 0 0 0 0 0 0 0 0 0.00693716663115338 0.0649770586603044 0.123260132041498 0.181855801898913 0.206145785111472 0.223974387214225 0.300152721365965 0.349610116614981 0.357558938884775 0.363563881791648 0.368708251924051 0.37156004210572 0.373532915871358 0.373842390606625 0.375792761420631 0.378574425048117 0.371643557936574 0.367361782125462 0.369688437536528
-9999 -9999 -9999 -9999 -9999 -9999 -9999 -9999 -9999 -9999 -9999 -9999 -9999 -9999 -9999 -9999 -9999 -9999 -9999 -9999 -9999 -9999 0.308930723396248 0.30198240798888 0.286000992958425 0.212127426991943 0.0955175679137313 0.0475116932709501 0.0140877888457757 0.00450824845405751 0 0 0.000384676506612259 0.00068841543843148 0.000234474366534783 0 0 0.00400784197033287 0.0117004600584533 0.03922499558195 0.0938909628987133 0.183445772912251 0.22145106074968 0.24608459682962 0.312301225455296 0.354556367243848 0.359589496411873 0.364215979896868 0.368603847857951 0.370454615826244 0.372971459378624 0.376748888648275 0.380335629374145 0.383825765556857 0.371924665791031 0.364353691351146 0.367563644765291
-9999 -9999 -9999 -9999 -9999 -9999 -9999 -9999 -9999 -9999 -9999 -9999 -9999 -9999 -9999 -9999 -9999 -9999 -9999 -9999 -9999 -9999 0.316248870484914 0.313808261635456 0.292854880596695 0.223543881039231 0.118535030809675 0.0545853615839143 0.00701088244720871 0.00224356002920112 0 0 0.0014812366140398 0.00265081473796059 0.000902867762379853 0 0 0.0154326093943822 0.0310516751832204 0.0198885390046219 0.058857027931057 0.162267009691968 0.225906513917837 0.276286333254726 0.321702620703418 0.351442439772047 0.356830276517781 0.360673456467114 0.363972883256447 0.370369785356779 0.375981258947605 0.380106264658996 0.381689753171967 0.381985686056182 0.36706898675287 0.358214194188582 0.36417732105271
-9999 -9999 -9999 -9999 -9999 -9999 -9999 -9999 -9999 -9999 -9999 -9999 -9999 -9999 -9999 -9999 -9999 -9999 -9999 -9999 -9999 -9999 0.300861805713659 0.297176695438741 0.273857313419553 0.202695243733628 0.0962154480637784 0.0414955880526097 0.00281132020730299 0.00089965360193731 0 0 0.00255595929952078 0.00457413388014932 0.00155795045276291 0.0107862537792825 0.0330963513143185 0.0541731353347695 0.0712506901295311 0.0611179681990985 0.104570079161378 0.216902594811467 0.277730707804968 0.320635714587838 0.34765736547647 0.365322056227289 0.368451551783131 0.369108861547478 0.368816895469683 0.370707684181143 0.373871880970289 0.37944607457262 0.381318494240718 0.381315561710384 0.363625018522391 0.353954585768916 0.363782979788137
-9999 -9999 -9999 -9999 -9999 -9999 -9999 -9999 -9999 -9999 -9999 -9999 -9999 -9999 -9999 -9999 -9999 -9999 -9999 -9999 -9999 -9999 0.283860379878197 0.266454500334426 0.242059455192431 0.165870617338817 0.0514473267847322 0.018421930596053 3.64686053403308e-05 1.16703576016813e-05 0 0 0.003619869233507 0.00647810256829948 0.00220644237658328 0.0269132974173796 0.0825802882612677 0.106438999085222 0.121772447349842 0.132336462655648 0.190264823187052 0.309077487929027 0.353009429578568 0.371990271211366 0.381808464895098 0.387615988619098 0.387193297629269 0.383475111611233 0.378352421633931 0.371254896486508 0.369227753478989 0.376796595460827 0.38009291584225 0.381224738088851 0.360880055796466 0.350625800129727 0.364870112058589
-9999 -9999 -9999 -9999 -9999 -9999 -9999 -9999 -9999 -9999 -9999 -9999 -9999 -9999 -9999 -9999 -9999 -9999 -9999 -9999 -9999 0.3837766147325 0.337430985889054 0.292154149610019 0.258616089639333 0.176122938773945 0.0574908799571263 0.0210229687764443 0 0 0 0 0.052184314367792 0.0987099830165601 0.0692926080613821 0.0839041571244512 0.145555433928283 0.168786499211851 0.185266915167881 0.22211362356319 0.272868079164395 0.341500191634589 0.366481766970727 0.376856909755265 0.381115766919774 0.387017143505307 0.395470026140293 0.396287727777608 0.393712236972791 0.381674376285769 0.376420399595751 0.384005307078277 0.383769433526707 0.379571481478095 0.360707731507691 0.348664741998872 0.353188329721951
-9999 -9999 -9999 -9999 -9999 -9999 -9999 -9999 -9999 -9999 -9999 -9999 -9999 -9999 -9999 -9999 -9999 -9999 -9999 -9999 0.385502266611889 0.384646839270572 0.349446742099041 0.311864562931464 0.273818316827706 0.183741505764209 0.0552554554698938 0.0194819942217082 0 0 0 0 0.0885490644096162 0.169260974109253 0.130010778576135 0.136608361386522 0.192188903896389 0.218940954402169 0.241664614450815 0.287308688072215 0.328101231173384 0.362657394173158 0.374564031808324 0.378861851050129 0.379611130170241 0.385270564752375 0.39855748379816 0.402518841041762 0.402318555016903 0.389956291411132 0.384414441039681 0.391780608488553 0.389341067013975 0.381933864598058 0.364740269522495 0.351467099809099 0.347774884392202
-9999 -9999 -9999 -9999 -9999 -9999 -9999 -9999 -9999 -9999 -9999 -9999 -9999 -9999 -9999 -9999 -9999 -9999 -9999 -9999 0.386493519312466 0.387233735889303 0.352150992534536 0.316206805714406 0.284464400214811 0.183925899377597 0.0326017557934067 0.00771796437378282 0 0 0 0 0.09565712125974 0.187638457271438 0.174193123058576 0.178298546532306 0.201154890716231 0.240990032142889 0.281488298874038 0.295894837690802 0.321026376914292 0.359944324126985 0.372233951509708 0.375753845348774 0.377313297060685 0.381602331395551 0.390131526599025 0.393791773010446 0.395350540254945 0.393064959764576 0.393876205163918 0.400548368721367 0.399084585724329 0.393499058523475 0.37828147863563 0.365088175773019 0.357040501593356
-9999 -9999 -9999 -9999 -9999 -9999 -9999 -9999 -9999 -9999 -9999 -9999 -9999 -9999 -9999 -9999 -9999 -9999 -9999 -9999 0.382376965546249 0.383385253272594 0.339786921898146 0.296700261390032 0.263419362683199 0.172024882770113 0.0377306487444681 0.0109745154160877 0 0 0 0 0.0763989726539112 0.157579179138505 0.193485329769639 0.22156830180491 0.241293127475663 0.275371344415925 0.305665412950212 0.28189672853176 0.292478009375122 0.347214312834366 0.365786999646929 0.372410765799266 0.375883169493127 0.380841197355629 0.388107008617816 0.3914066695344 0.393099740518164 0.395356794421339 0.397637276180962 0.399962096484029 0.396779842418364 0.390807654605309 0.380738870820308 0.370396527875667 0.359592930465401
-9999 -9999 -9999 -9999 -9999 -9999 -9999 -9999 -9999 -9999 -9999 -9999 -9999 -9999 -9999 -9999 -9999 -9999 -9999 -9999 0.379504676038665 0.375889368508937 0.318301043366215 0.262756537668117 0.223189685029054 0.15280780289004 0.0596781024084017 0.0233239742021589 0 0 0 0 0.0411796920841313 0.0981980655131903 0.197709961655286 0.265794270791416 0.300301898932637 0.317218138330205 0.320370668267275 0.254226938961217 0.250930365934626 0.328420413380943 0.356847845012538 0.368925381179811 0.374978318977089 0.38183991442158 0.389957686719988 0.392860758366344 0.393704569424836 0.397154147972465 0.397947357061336 0.393713236700653 0.387181523997845 0.379485830207468 0.376486527508351 0.370672662401489 0.358081441797293
-9999 -9999 -9999 -9999 -9999 -9999 -9999 -9999 -9999 -9999 -9999 -9999 -9999 -9999 -9999 -9999 -9999 -9999 -9999 -9999 0.374542043053794 0.374496798552277 0.305725554513882 0.234564594478819 0.16933698375872 0.100920587850025 0.0301502137890809 0.0105972780214591 0 0 0.0209159684792446 0.0604256964424221 0.0742326732506879 0.0963064262679089 0.183426708539576 0.248725382232797 0.290710233267753 0.312084119763186 0.321136838536587 0.277028808500831 0.265671987951222 0.296415075932404 0.332924211364546 0.369028809565303 0.376566127987847 0.382981549895115 0.387654206566886 0.38560753383906 0.381029886363381 0.384110191643478 0.385580673480291 0.384004473396292 0.381864191582098 0.37943814085505 0.376161330082205 0.370151581743004 0.357795699210786
-9999 -9999 -9999 -9999 -9999 -9999 -9999 -9999 -9999 -9999 -9999 -9999 -9999 -9999 -9999 -9999 -9999 -9999 -9999 -9999 0.372208763022357 0.373160099690342 0.299937472230749 0.218683702432951 0.128094625874863 0.0589674683420659 0.00568361335331548 0.00105382258742923 0.00173481090687313 0.000555158703371544 0.0406870185474744 0.117543752962554 0.108142964343658 0.099144360458254 0.170521495908419 0.230241276021846 0.277506542802396 0.304551948614567 0.321761447547664 0.303404361396181 0.290147797102986 0.283447677810213 0.319931282178951 0.367271382203283 0.37543213431868 0.381117556333762 0.382957775884566 0.378196666141157 0.370959514835905 0.371614071212007 0.371019255726438 0.36805993332602 0.367937500809051 0.369252262397976 0.365996197837202 0.36030904476082 0.349142092733215
-9999 -9999 -9999 -9999 -9999 -9999 -9999 -9999 -9999 -9999 -9999 -9999 -9999 -9999 -9999 -9999 -9999 -9999 -9999 -9999 0.371193345098145 0.370510138491532 0.311971177056487 0.236997844365588 0.1253836460492 0.0513086959608063 0.0049454181721417 0.00512316204636911 0.00843378904735847 0.00269890590005557 0.053425153116869 0.154343897000673 0.132244035387619 0.105190271492398 0.164883761287017 0.218716719951915 0.266288390272722 0.298595703171287 0.324484584621909 0.330940781123113 0.332367872128328 0.327330320004487 0.340907970320844 0.359544521363526 0.366061985312295 0.370627275552373 0.372160039684357 0.371898626914832 0.370726529331455 0.36335124017522 0.352454478812751 0.334893132119426 0.328606192145521 0.328030968716954 0.326968702427834 0.323936317437497 0.316323658770796
-9999 -9999 -9999 -9999 -9999 -9999 -9999 -9999 -9999 -9999 -9999 -9999 -9999 -9999 -9999 -9999 -9999 -9999 -9999 -9999 0.395895157148602 0.35511300346244 0.288341218621626 0.216414990362693 0.134461349149576 0.0655695071498081 0.00631995466118918 0.0199734856555695 0.0332929379232546 0.0128858728948625 0.0675855392220192 0.189053163238309 0.146928060220637 0.0984385314307144 0.166434130177578 0.217536857287796 0.250591537568205 0.295748338722182 0.339405255856722 0.34993377055937 0.347648718028525 0.32889251780735 0.331129574753708 0.339868436916079 0.344966430366968 0.348191840158117 0.348508359816965 0.347275174021223 0.345348154676439 0.341320749923259 0.332899832274422 0.316163942965866 0.310537738422192 0.31053980078996 0.310626044205081 0.309100880704576 0.303808474610347
-9999 -9999 -9999 -9999 -9999 -9999 -9999 -9999 -9999 -9999 -9999 -9999 -9999 -9999 -9999 -9999 -9999 -9999 -9999 0.421230020094397 0.385224347204006 0.32726512758907 0.238565479611654 0.167315931691474 0.152181583299035 0.0959000254280153 0.00924337911107388 0.0427275751767783 0.0714656893807224 0.0289694932542566 0.0827886077993754 0.222229563046006 0.154708250691552 0.0823045645634623 0.173254248723459 0.22394090662758 0.231611255700018 0.295180160225286 0.363268195567694 0.362663391813101 0.343179849256341 0.299428708976689 0.298803981374903 0.311432125674017 0.315274734060795 0.316999161034812 0.315433183877639 0.309216975482114 0.301535167110168 0.309196899540497 0.312619491524179 0.308019270439466 0.308057530236194 0.310445686453647 0.310914116570193 0.310054884048082 0.306178029305945
-9999 -9999 -9999 -9999 -9999 -9999 -9999 -9999 -9999 -9999 -9999 -9999 -9999 -9999 -9999 -9999 -9999 -9999 -9999 -9999 0.386274619562718 0.330006049265165 0.218583423096335 0.131224046058565 0.123629286146202 0.0808952800693616 0.0122212959552598 0.0451530998285355 0.0775457185674017 0.0626588072494248 0.116079155889782 0.230222906553436 0.191702881092712 0.146709159495874 0.207722690737175 0.236968854063989 0.232275320451609 0.280839213260364 0.334994762651203 0.333176805932537 0.322901423940316 0.301754479156704 0.302044953395362 0.308994098206046 0.312468304983337 0.313664868486252 0.31132331821183 0.303468519158703 0.294002252925048 0.307156313554322 0.314125477200151 0.309389373476334 0.308186845963747 0.308774460159915 0.309752652591993 0.309562558572517 0.30662688289358
-9999 -9999 -9999 -9999 -9999 -9999 -9999 -9999 -9999 -9999 -9999 -9999 -9999 -9999 -9999 -9999 -9999 -9999 -9999 -9999 0.335938576747695 0.333374100153757 0.206113098024165 0.104288146160008 0.09917537074707 0.0713679454690334 0.0268072091976854 0.0551307335510381 0.0865265126714649 0.096914048542637 0.146249844355769 0.230209644235322 0.220342565253482 0.202909818626117 0.232534939427146 0.243831222207274 0.235545296938202 0.267734299756381 0.30492624884857 0.305128739755218 0.305950874190074 0.307569526868638 0.3091651429404 0.310823588414983 0.313366587508384 0.313511945503802 0.309932783905955 0.301385479765001 0.291560344138312 0.308240169879781 0.317337027244506 0.312082688050429 0.309190672019031 0.307495430295098 0.308756002781227 0.308872940502567 0.306190619109651
-9999 -9999 -9999 -9999 -9999 -9999 -9999 -9999 -9999 -9999 -9999 -9999 -9999 -9999 -9999 -9999 -9999 -9999 -9999 -9999 0.338475634262557 0.339995121718595 0.208481263564204 0.105537002536247 0.109907544892653 0.101714447080931 0.0842468034094637 0.101811498041436 0.120126262054402 0.125632018567988 0.157060071705922 0.211532381636583 0.20546381052316 0.193913629684708 0.209700760353392 0.225049539470082 0.239929991501333 0.265162072189399 0.290815231296208 0.300684434736144 0.308142237451712 0.312500314950417 0.315205040537138 0.317152542713838 0.316301170787105 0.313040612661993 0.306037600669522 0.2988434384552 0.292205083516918 0.307831410377286 0.31740960358106 0.315541361746824 0.312294161831784 0.308348369265133 0.308996151405363 0.308081191457707 0.303317078665772
