layers/veg/veg_5300.asc
NCOLS 255 
NROWS 330 
XLLCORNER -2985163.8955 
YLLCORNER -3022031.214 
CELLSIZE 25000 
NODATA_value -9999 
[rows 175 to 199 of 330, columns 56 to 111 of 255]
-9999 -9999 -9999 -9999 -9999 -9999 -9999 -9999 -9999 -9999 -9999 -9999 -9999 -9999 -9999 -9999 -9999 -9999 -9999 -9999 -9999 -9999 -9999 0.152166759573641 0.155893776156213 0.166201611155298 0.14635764787776 0.104255467067079 0.0689475692728965 0.0374630831332906 0.0172177007206464 0.00526961668245448 0.000697618073636077 0.0129622186855153 0.0231971313715506 0.00790094524341472 0 0 0 0.00349321878653517 0.0327192777792964 0.0858929425419844 0.169849959378185 0.2169542849276 0.249337478978606 0.246484120644042 0.257449771525923 0.289882009141507 0.309579370358155 0.324009876432874 0.336449135589049 0.344293451559027 0.343441577651194 0.342892633148117 0.342497155424826 0.345775680124799
-9999 -9999 -9999 -9999 -9999 -9999 -9999 -9999 -9999 -9999 -9999 -9999 -9999 -9999 -9999 -9999 -9999 -9999 -9999 -9999 -9999 -9999 -9999 0.14745040888694 0.130028957373958 0.132043474990148 0.116272269239488 0.087371548093038 0.0497577947942958 0.0168516651940065 0.00539271949564712 0 0 0.0116264571769091 0.0208066582628981 0.00708674986577066 0 0 0.00217276044317286 0.00812084676207272 0.0379158665928704 0.089347392628559 0.168591477236692 0.20525814618065 0.228984359540504 0.263192958643359 0.288589827550716 0.300298466893063 0.309911298773086 0.318666238097198 0.327405514887521 0.335832841360914 0.343669784215065 0.34464836427264 0.342152435627981 0.343053020696721
-9999 -9999 -9999 -9999 -9999 -9999 -9999 -9999 -9999 -9999 -9999 -9999 -9999 -9999 -9999 -9999 -9999 -9999 -9999 -9999 -9999 -9999 -9999 0.177211625441839 0.17930161580874 0.16568135516542 0.128790065560588 0.0747199788540588 0.0361821183032484 0.0063409138865173 0.00202916266982347 0 0 0.00437478213074647 0.00782909147507595 0.00266658933208108 0 0 0.0297830393101219 0.0633740673015858 0.0706795832962584 0.100539011413802 0.159390273795848 0.205819335329651 0.24703872339875 0.273265468583074 0.292802303020461 0.301946963385127 0.310060257355981 0.317735746246463 0.324854711134703 0.330898415320556 0.334907127808535 0.337624499359823 0.339687665898171 0.342177286172203
-9999 -9999 -9999 -9999 -9999 -9999 -9999 -9999 -9999 -9999 -9999 -9999 -9999 -9999 -9999 -9999 -9999 -9999 -9999 -9999 -9999 -9999 -9999 0.231524450140314 0.220184118056749 0.197412185367018 0.149031950108056 0.0817475299639641 0.0376172129464173 0.00436699518672607 0.00139748682457985 0 0 0.00134530687841132 0.00240755546181541 0.000820013628823802 0 0 0.045615149943254 0.0948930417892933 0.0879308615102921 0.105456204954948 0.154458935802584 0.207705612600231 0.259618188853743 0.2774611922512 0.292399790999752 0.302826658601091 0.310754822989711 0.317608827490722 0.322640998007286 0.327278549504657 0.331169262187874 0.334308964192357 0.337068197385823 0.340223705219057
-9999 -9999 -9999 -9999 -9999 -9999 -9999 -9999 -9999 -9999 -9999 -9999 -9999 -9999 -9999 -9999 -9999 -9999 -9999 -9999 -9999 -9999 -9999 0.247127908888092 0.248308027461981 0.226243036878909 0.181019563169766 0.118700374292041 0.0618786189113599 0.0153747146095092 0.00492007895125992 0 0 0.00473637099043618 0.00847618935887298 0.00288699093541382 0 0 0.0435366460915314 0.0903202469387045 0.0815929618498641 0.100832117591447 0.156020620528609 0.211606901206435 0.263872183599052 0.272720309544653 0.284979442236261 0.30253726682506 0.312279072607719 0.318703871915431 0.320939885830895 0.325657685649844 0.335072405665245 0.336632545662823 0.334213484292118 0.33663108401162
-9999 -9999 -9999 -9999 -9999 -9999 -9999 -9999 -9999 -9999 -9999 -9999 -9999 -9999 -9999 -9999 -9999 -9999 -9999 -9999 -9999 -9999 -9999 0.265513746350761 0.260474539743565 0.241888609335903 0.197232935760791 0.133332439401622 0.0657882582191039 0.0106469339638066 0.00340713678407923 0.00298909087296074 0.0086354068618707 0.00799209598728852 0.00586973031114504 0.00199923072552176 0 0 0.0246949537979007 0.0547324164409341 0.079071291584482 0.110205323669934 0.150074162505885 0.190607074927292 0.23071680857288 0.262796767249405 0.288254018973922 0.303423491670982 0.312172572929161 0.31819244725311 0.320613994167747 0.325677857162587 0.335742452793181 0.336946424990078 0.333661525113459 0.337150618118421
-9999 -9999 -9999 -9999 -9999 -9999 -9999 -9999 -9999 -9999 -9999 -9999 -9999 -9999 -9999 -9999 -9999 -9999 -9999 -9999 -9999 -9999 -9999 0.272523605418445 0.266332139807219 0.25223600496845 0.206697110165797 0.13794700306006 0.0616707922272262 0.000706168317975184 0.000225981682623717 0.0070856880526274 0.0204703710363032 0.0112472915630921 0.000137802022674345 4.69353825756695e-05 0 0 0 0.00830479883672366 0.0777870029462018 0.124656000504871 0.142456944018705 0.161675556407298 0.184820732902219 0.251613246717749 0.295819924765557 0.304941540283408 0.311580484993354 0.317150750401693 0.320861302129889 0.326420017090826 0.335476485505035 0.336780292957266 0.334156532157887 0.339159605525071
-9999 -9999 -9999 -9999 -9999 -9999 -9999 -9999 -9999 -9999 -9999 -9999 -9999 -9999 -9999 -9999 -9999 -9999 -9999 -9999 -9999 -9999 -9999 0.276536797510609 0.273948097393716 0.261520577735018 0.202769499952445 0.109822125678005 0.0603614307769167 0.0222516672180147 0.00712077994879213 0.00866147487316953 0.0250227787419534 0.0160808101519001 0.00434220096323633 0.00147895407828351 0 0 0 0.00726770147970547 0.0680730174840689 0.12409292967129 0.173961464057644 0.191947436314891 0.203527200883777 0.264285618269552 0.304066098425811 0.311259241676925 0.315864508544329 0.319380564624006 0.321827419147954 0.329141192366415 0.345665884495587 0.346117938270101 0.338427447899972 0.336692393807454
-9999 -9999 -9999 -9999 -9999 -9999 -9999 -9999 -9999 -9999 -9999 -9999 -9999 -9999 -9999 -9999 -9999 -9999 -9999 -9999 -9999 -9999 -9999 0.286139583394777 0.281493696461398 0.269855804828617 0.205440127946448 0.10206360984941 0.0628744977475011 0.0332359244425369 0.010635863912183 0.00766461614280976 0.0221428794393477 0.0165666680015084 0.00802405045346853 0.00273299237943723 0.000885947439674959 0.0027184255358262 0.00830519681044316 0.0183862469482644 0.0547250090429328 0.110052992563027 0.189790593243048 0.217145796180208 0.230579522475089 0.282068537293217 0.315785837300956 0.321896378285054 0.324626141878536 0.325882097775711 0.323954745256833 0.329643312981822 0.349745440537955 0.349455324664422 0.338834313596805 0.333985989820182
-9999 -9999 -9999 -9999 -9999 -9999 -9999 -9999 -9999 -9999 -9999 -9999 -9999 -9999 -9999 -9999 -9999 -9999 -9999 -9999 -9999 -9999 -9999 0.290400762399705 0.288909089824131 0.276434169715985 0.22032147713956 0.131995149298344 0.0724613632510108 0.0246755132929492 0.00789643753706395 0.00190681114482809 0.00550872848774588 0.00900673067271674 0.0107388682224738 0.00365765958053203 0.00341143210776872 0.0104675782559948 0.0319800179916756 0.0520000647720406 0.0346518657956158 0.0710727226649676 0.176610792865076 0.232955083267693 0.273076708042921 0.309309052176965 0.333933767319408 0.340527075823499 0.34167405451689 0.340288887944296 0.328231008705684 0.326038843788019 0.342518101244621 0.341688612286624 0.332090355646596 0.330836935836663
-9999 -9999 -9999 -9999 -9999 -9999 -9999 -9999 -9999 -9999 -9999 -9999 -9999 -9999 -9999 -9999 -9999 -9999 -9999 -9999 -9999 -9999 -9999 0.280820395404008 0.27871494940578 0.265047006482076 0.206825758845167 0.11571502518063 0.0576909573806737 0.0131557448191565 0.00420998404307585 0 0 0.00813371476125285 0.0145560613065681 0.00495779592316439 0.0138723093855675 0.0425655500380968 0.0670734480543637 0.0861163265452647 0.0725369398750107 0.11250003217923 0.221289085499964 0.274994333219276 0.310037256430497 0.334466264337288 0.351330736135909 0.356444382103036 0.356021493326684 0.353060490285909 0.340513161182149 0.338247131651608 0.355439043091477 0.350077370920624 0.33328984904682 0.330331593352813
-9999 -9999 -9999 -9999 -9999 -9999 -9999 -9999 -9999 -9999 -9999 -9999 -9999 -9999 -9999 -9999 -9999 -9999 -9999 -9999 -9999 -9999 -9999 0.270455418084454 0.259801487028112 0.244764251473508 0.179279197935587 0.0765532973860439 0.0308601021083673 0.000170657068704452 5.46121520263651e-05 0 0 0.0105717132968021 0.0189190931057446 0.00644384498623296 0.0282623788780932 0.0867197860784959 0.107820777215271 0.120481372336067 0.139119897915566 0.193740977964688 0.294615685762006 0.330021291649472 0.344256351083595 0.358591933731624 0.368355868163306 0.3710181586627 0.369031798453857 0.365022432967897 0.356759412019772 0.35828507142773 0.378336362074272 0.366465475528655 0.338422524929536 0.331135278809154
-9999 -9999 -9999 -9999 -9999 -9999 -9999 -9999 -9999 -9999 -9999 -9999 -9999 -9999 -9999 -9999 -9999 -9999 -9999 -9999 -9999 -9999 0.360487821901843 0.317506033773658 0.276807075680452 0.250723545025482 0.178033384768148 0.0709379631509851 0.0279049948918219 0 0 0 0 0.0511066720581916 0.0975815452880824 0.0742720167490689 0.0900979672988237 0.147735575125895 0.168222758492211 0.182293963972626 0.216880184050849 0.261169067924634 0.317930201364376 0.335895266122237 0.341446016964307 0.348705765581335 0.355162497337653 0.36037181469406 0.362634560540848 0.363561925373271 0.359928769209147 0.360529987578007 0.369144999254089 0.36830101435762 0.362665016136612 0.344554281318468
-9999 -9999 -9999 -9999 -9999 -9999 -9999 -9999 -9999 -9999 -9999 -9999 -9999 -9999 -9999 -9999 -9999 -9999 -9999 -9999 -9999 0.360936597340366 0.360714133710934 0.326796443305705 0.291762086243646 0.259795447144367 0.179290296525948 0.0629537590623352 0.0236991981330646 0 0 0 0 0.0799370722397645 0.154569299465171 0.129835607590583 0.140914073636967 0.190253619098181 0.214120107290746 0.234075664310143 0.271695140100592 0.30519894014401 0.333412261600194 0.33991667330866 0.339574934284552 0.341453877216533 0.345637818333922 0.353402366620253 0.358001884160969 0.36122177819647 0.361466149035958 0.361678237584058 0.361829230069761 0.367946346413319 0.377085955132619 0.357471683626477
-9999 -9999 -9999 -9999 -9999 -9999 -9999 -9999 -9999 -9999 -9999 -9999 -9999 -9999 -9999 -9999 -9999 -9999 -9999 -9999 -9999 0.361194383902477 0.361386885659547 0.331347889261207 0.300951312047272 0.275167083476012 0.18545466925906 0.048550129068509 0.0159169771589425 0 0 0 0 0.0809251766674352 0.159884336274069 0.155422481151801 0.165165958238714 0.190086162317865 0.226351158424895 0.262154259481325 0.273857011360737 0.2963019557295 0.332555407579892 0.341206797084494 0.340969605846346 0.341240662683808 0.345395020983272 0.355581738501949 0.357981554701871 0.357283663114756 0.359679792622122 0.360866418860742 0.359763991751662 0.36304002520525 0.368534226431323 0.368862433296092
-9999 -9999 -9999 -9999 -9999 -9999 -9999 -9999 -9999 -9999 -9999 -9999 -9999 -9999 -9999 -9999 -9999 -9999 -9999 -9999 -9999 0.358581676437301 0.359106826902938 0.32495357832119 0.291016587862135 0.264178819972534 0.180781115399443 0.05563056534722 0.0198246953602825 0 0 0 0 0.0640935044992225 0.133657187661959 0.172599079467112 0.203677348341152 0.226354260834502 0.257055858060193 0.283061817792921 0.259836818911564 0.269292785782709 0.320758366663998 0.336581361515686 0.34073232225382 0.34309545944911 0.347955734795907 0.356695089451194 0.359029425732441 0.358833339729779 0.361798808335746 0.363106100876303 0.361275201423765 0.362803952369822 0.366034732632877 0.370348982074761
-9999 -9999 -9999 -9999 -9999 -9999 -9999 -9999 -9999 -9999 -9999 -9999 -9999 -9999 -9999 -9999 -9999 -9999 -9999 -9999 -9999 0.357085690586299 0.355202715733934 0.3119331083555 0.269504927058167 0.237233241696256 0.169546679017269 0.0757166659211251 0.0308090731947966 0 0 0 0 0.0364743943627294 0.0883355590050365 0.184684406181839 0.250820919112039 0.284679105713298 0.298943825688874 0.299628293887531 0.23602059969832 0.231319164242031 0.30233853859572 0.328374863685257 0.33950711297662 0.346202154265724 0.352213591252536 0.357163110498585 0.36072394608872 0.363705123790586 0.366281992833492 0.367193049312611 0.364951461293522 0.365395076292179 0.367199039456883 0.365839891561233
-9999 -9999 -9999 -9999 -9999 -9999 -9999 -9999 -9999 -9999 -9999 -9999 -9999 -9999 -9999 -9999 -9999 -9999 -9999 -9999 -9999 0.337665160852299 0.336501965680098 0.286633949200436 0.232744049371107 0.176337479997983 0.110371249160169 0.0373480254865658 0.018765606466413 0.00842851968372245 0.00460222439156131 0.0240619777037641 0.0642224309386296 0.0751440539822888 0.0935466666390321 0.176243774755507 0.234777402389479 0.26749519262767 0.2901808647136 0.303123811092152 0.262599755971804 0.251185249367366 0.277189493066208 0.308525983632958 0.339672203345501 0.346714043067219 0.353003306190252 0.358123509319448 0.360940418797367 0.362813053401944 0.364617539453238 0.365345523675149 0.364036167296144 0.364244869723434 0.365222634489568 0.363480258095575
-9999 -9999 -9999 -9999 -9999 -9999 -9999 -9999 -9999 -9999 -9999 -9999 -9999 -9999 -9999 -9999 -9999 -9999 -9999 -9999 -9999 0.33115142669482 0.326052297127334 0.2728811158327 0.210768298849298 0.131818155184193 0.0646696668167676 0.00623322303311498 0.00875398482918731 0.0149432854667159 0.00766300377750972 0.0455917706177352 0.123710221989559 0.113558659922999 0.102730006842714 0.168660719686634 0.218149114166225 0.250070825004752 0.280908992213817 0.306213706151426 0.292733017735633 0.280676105497334 0.270449380533987 0.30087206771515 0.341695848705079 0.34792682426338 0.353316033083054 0.357397633056015 0.359079302711822 0.35975301325915 0.359510573549633 0.359117278059316 0.358438479471169 0.354971604611529 0.35009226506387 0.348710471867316
-9999 -9999 -9999 -9999 -9999 -9999 -9999 -9999 -9999 -9999 -9999 -9999 -9999 -9999 -9999 -9999 -9999 -9999 -9999 -9999 -9999 0.336594029439938 0.340255991735432 0.294373514008589 0.23383915886006 0.140257869015795 0.0661342503235644 0.00637438775682312 0.00869253748932071 0.0144679873773181 0.00548632526685577 0.0555539243333598 0.158114801973981 0.139337269616706 0.114203693688423 0.167218299912689 0.211196564907717 0.245520561926087 0.279278306449628 0.310490593582979 0.323984825543494 0.32731965735042 0.317595129704536 0.330205176734205 0.348788042990578 0.351611265813649 0.352886771727324 0.35175803875857 0.35153863219909 0.351524569184906 0.345657026836696 0.34141948139401 0.340266797290475 0.32312616246198 0.297885887008979 0.298042926787316
-9999 -9999 -9999 -9999 -9999 -9999 -9999 -9999 -9999 -9999 -9999 -9999 -9999 -9999 -9999 -9999 -9999 -9999 -9999 -9999 -9999 0.38545999286848 0.340760591056706 0.284641851910734 0.224319438098348 0.15399385449219 0.0816703022887404 0.0078718390615807 0.0213883559283473 0.0358174301211459 0.0147506716093303 0.0670090985121719 0.184451734459306 0.146598550313216 0.101391506852398 0.160142481807494 0.204680069945272 0.234032325689196 0.278821012069665 0.323541966883503 0.339601269317995 0.338466836951507 0.315230788376611 0.316094669655492 0.324211899435627 0.325498609789388 0.325805654487361 0.324590876785434 0.32284688763517 0.320893773116172 0.319200107415113 0.317592388978101 0.316147330599623 0.299696594979697 0.275643847377502 0.275811397986323
-9999 -9999 -9999 -9999 -9999 -9999 -9999 -9999 -9999 -9999 -9999 -9999 -9999 -9999 -9999 -9999 -9999 -9999 -9999 -9999 0.413228345353615 0.379912326023112 0.326282708075119 0.252019175431771 0.190906878077076 0.171612647948212 0.107522443321773 0.0103636125447967 0.0434367938488904 0.0731670487516899 0.0324026735658251 0.0795588373502398 0.204874105119409 0.140284388205095 0.070774835947599 0.148936701068208 0.198483255545656 0.217457715612763 0.279223955558048 0.343026100063828 0.343755099332345 0.323590880529475 0.276569559850979 0.270134735175512 0.276419032284317 0.277541075709102 0.27918550193359 0.281641402808854 0.278648846451372 0.273839342286914 0.283503390754005 0.28927178111471 0.287667418163917 0.282436881973387 0.2753692935809 0.27442690995701
-9999 -9999 -9999 -9999 -9999 -9999 -9999 -9999 -9999 -9999 -9999 -9999 -9999 -9999 -9999 -9999 -9999 -9999 -9999 -9999 -9999 0.382359770309879 0.332669863788579 0.230169059963854 0.149585424541226 0.142133527379895 0.0923555529496058 0.0113322436131238 0.0455801219916809 0.0813487358788715 0.0714356552822945 0.122010934435285 0.226358813880591 0.182476580702936 0.13039761945998 0.171607187037073 0.195675296119082 0.201429772545562 0.245154235116178 0.291745313371672 0.29017972167996 0.282590064918495 0.267256798305692 0.266132582548012 0.26939724440859 0.270049157388601 0.27270596276743 0.278477187993362 0.275239826259087 0.268735834180795 0.276946101140198 0.282417229988242 0.282704385030148 0.281438861457672 0.279386736838059 0.276489586146966
-9999 -9999 -9999 -9999 -9999 -9999 -9999 -9999 -9999 -9999 -9999 -9999 -9999 -9999 -9999 -9999 -9999 -9999 -9999 -9999 -9999 0.337744355393786 0.337204776507761 0.213494909591594 0.11429668495857 0.108857054991554 0.073767013891635 0.016788881909424 0.0525222582635281 0.0929977354685378 0.109862094860285 0.160683158030627 0.241690859871459 0.220172773805756 0.188009338657667 0.195269762577165 0.19712184136828 0.193195739383009 0.217952573488558 0.246082818161417 0.246733288411766 0.251596993257316 0.261876583313207 0.26484632686479 0.265503367426454 0.2668142671411 0.27033496306363 0.277288378453767 0.274449503447938 0.267972121380311 0.274409444186996 0.279201753571672 0.280880782010395 0.282201159843512 0.28333984203188 0.27886882004148
-9999 -9999 -9999 -9999 -9999 -9999 -9999 -9999 -9999 -9999 -9999 -9999 -9999 -9999 -9999 -9999 -9999 -9999 -9999 -9999 -9999 0.338278165166466 0.338597873036211 0.211272374498703 0.104717947062608 0.081959231647594 0.0603112058998095 0.0394830971598996 0.0858139977302227 0.130091220292624 0.136784783592213 0.172438176444074 0.233836114948938 0.220246363213914 0.199096346212439 0.207919977276079 0.212815332546336 0.213513787076188 0.2310552566702 0.251831954569781 0.265712078975571 0.268888855317894 0.258307056587261 0.255413740022708 0.255499184414859 0.261772114323926 0.265749025223579 0.266159277295827 0.265660182831808 0.265063359127719 0.274099412161144 0.280128006474837 0.280464815054366 0.282420286313658 0.285195786745164 0.280923859848077
