layers/veg/veg_2300.asc
NCOLS 255 
NROWS 330 
XLLCORNER -2985163.8955 
YLLCORNER -3022031.214 
CELLSIZE 25000 
NODATA_value -9999 
[rows 225 to 249 of 330, columns 56 to 111 of 255]
-9999 -9999 -9999 -9999 -9999 -9999 -9999 -9999 -9999 -9999 -9999 -9999 -9999 -9999 -9999 -9999 -9999 -9999 -9999 -9999 0.270345518133803 0.249012292515634 0.230064872559589 0.215566565592593 0.162234699120233 0.0895228936549962 0.0483677070775783 0.0185558268524518 0.0137235907244045 0.0256622553740093 0.0478288944426926 0.0533843691384716 0.0555893905309422 0.0512248116520905 0.0562526228012117 0.0682154758812177 0.0766380684699969 0.0843719776933571 0.0911140741649485 0.0975011585600003 0.10357257803726 0.110143109655068 0.119203702796779 0.140376367671407 0.160309891298633 0.178919252437791 0.187244541607537 0.192916765995293 0.197813697834677 0.204254915409303 0.212681663615146 0.207377548541635 0.198519980226677 0.200867989155272 0.201008274720625 0.197718284818308
-9999 -9999 -9999 -9999 -9999 -9999 -9999 -9999 -9999 -9999 -9999 -9999 -9999 -9999 -9999 -9999 -9999 -9999 -9999 -9999 0.270744204431665 0.262257716222443 0.25098036714502 0.234498547503853 0.165600105244611 0.0705430784649214 0.0551789038956762 0.0427546693259111 0.0343207729820072 0.0419560021586673 0.0593912180468521 0.0614593548688208 0.0596311080778888 0.0494242335038654 0.0527424987996878 0.0660472970055694 0.075483345207343 0.0838820057729723 0.0901338090166863 0.0966175160929514 0.10330742433553 0.109583159584798 0.115885382601439 0.122697766276609 0.140386630355218 0.169698243158115 0.184244395892495 0.194087888899146 0.196232931401563 0.20092484112733 0.208891328070378 0.205792750567242 0.199136129133702 0.192761998633738 0.186568835648565 0.180656853012691
-9999 -9999 -9999 -9999 -9999 -9999 -9999 -9999 -9999 -9999 -9999 -9999 -9999 -9999 -9999 -9999 -9999 -9999 -9999 0.274960488614635 0.274510650575718 0.252072669399978 0.232084860935487 0.216666198821891 0.162931275757535 0.0900745722249652 0.0669206256613397 0.0516215329688604 0.052652670123767 0.0558835861124097 0.0604560687787984 0.0689913310471123 0.0745202107017123 0.0706269008010015 0.0745259504654722 0.0841786304800581 0.0940297317831122 0.102602737958631 0.106316827026994 0.111589851209736 0.118249028589068 0.11657902510559 0.114850146078696 0.120395591225667 0.137157504481119 0.1659054817539 0.180281723763622 0.19032748442671 0.194698920760933 0.19918866380382 0.203830517034978 0.20505217654145 0.204416464949106 0.194325657673107 0.185866330169568 0.179941933052981
-9999 -9999 -9999 -9999 -9999 -9999 -9999 -9999 -9999 -9999 -9999 -9999 -9999 -9999 -9999 -9999 -9999 -9999 -9999 0.256644272509123 0.278227603929959 0.246144681655481 0.219863173423044 0.204400294293159 0.162768552779952 0.108077206044831 0.0783674641509959 0.0596147564955881 0.0651821065410954 0.0652789451200694 0.0620395138062814 0.0743895476802499 0.0849157721124635 0.0872611414274982 0.0930797365941025 0.101462851211489 0.111845431241826 0.120440817957495 0.121473979785986 0.125092312806859 0.131009293974793 0.124362229240622 0.117870626964625 0.123584575577789 0.138309259919156 0.162662933906544 0.175583718616361 0.185280971017403 0.192096144009629 0.197038402341231 0.199572602796331 0.203684676719525 0.207207312125784 0.196874386548855 0.187565773628212 0.179848698231962
-9999 -9999 -9999 -9999 -9999 -9999 -9999 -9999 -9999 -9999 -9999 -9999 -9999 -9999 -9999 -9999 -9999 -9999 0.240029677976838 0.257764988685666 0.281129215150732 0.2573551636901 0.235122388966861 0.215763827538072 0.171150794286539 0.11393448362608 0.0879688171436552 0.0680994788222098 0.0611588042029093 0.0618639607649545 0.067232037152964 0.0736430437559252 0.0799843687454495 0.0859295097086985 0.0971349153456052 0.112224333035964 0.123598671159622 0.131868726540911 0.130208799403297 0.131131514873641 0.134350630157969 0.132948777180527 0.132321622535401 0.13980445876563 0.148976067075957 0.159952319242706 0.168922461179944 0.177447180514214 0.186352133698912 0.19335745884904 0.197920380003278 0.200311993074007 0.201774582016256 0.200385163113886 0.193569768753889 0.178323702865765
-9999 -9999 -9999 -9999 -9999 -9999 -9999 -9999 -9999 -9999 -9999 -9999 -9999 -9999 -9999 -9999 -9999 0.268628702989003 0.262759334248392 0.2697345444481 0.280962018794752 0.263532621059035 0.242573022453731 0.21503021265391 0.172621050164083 0.12279281479377 0.0949337894905187 0.074263479162543 0.0693553463035376 0.0700676723323269 0.0742077158397414 0.0788420616117146 0.0837992987706038 0.0895965268004471 0.100331467053369 0.114712256893852 0.124558789342836 0.132772632240468 0.136914440400241 0.140133274369118 0.14253143041928 0.140136176174605 0.138648128485536 0.146095511562427 0.15258217762358 0.15804220895963 0.164280120500834 0.170992069971637 0.179777417907888 0.187333190104957 0.193308062965958 0.196243076050766 0.198204936724269 0.20029900038928 0.196437568217797 0.183322716163251
-9999 -9999 -9999 -9999 -9999 -9999 -9999 -9999 -9999 -9999 -9999 -9999 -9999 -9999 -9999 -9999 -9999 0.277261833706775 0.293249624775906 0.289806742429746 0.278502830780384 0.265951077493019 0.244191682286102 0.205261634870106 0.168928970832125 0.133892534388222 0.0999297356611338 0.0786942084192468 0.0866784891505646 0.0869490065494228 0.0825151747254681 0.0884815945483477 0.0941465781447944 0.0969968706291899 0.102886738402983 0.111020931851209 0.117457879141275 0.125816505592164 0.142104554484878 0.151347670774611 0.154326667565513 0.146278596742219 0.138906719790185 0.144971046812212 0.15091488561145 0.156729969125359 0.161145642485314 0.165566650242276 0.172582275458033 0.179558768640021 0.186484948690226 0.191654165168635 0.196026768334588 0.197526401763635 0.196963046074349 0.193194297408523
-9999 -9999 -9999 -9999 -9999 -9999 -9999 -9999 -9999 -9999 -9999 -9999 -9999 -9999 -9999 -9999 -9999 0.303720262151146 0.303784317817692 0.297551776902508 0.288469585380117 0.269546006603219 0.244354157709252 0.207473074256303 0.172051358456831 0.137357942005984 0.110340313164483 0.0920659731885476 0.0936238650100844 0.0996004261206644 0.108271776083309 0.103616196489247 0.0999973026840968 0.101863363123275 0.104875787657576 0.108734650962419 0.11120706898869 0.116097107270949 0.130629055629866 0.140691873889243 0.14678089047059 0.146423736124361 0.145123113766792 0.144921130060873 0.147062566158735 0.151708211203295 0.156549551408528 0.161583204034913 0.167676918112841 0.176432213137675 0.18860957596832 0.195825517854634 0.200568829433058 0.194389081906848 0.191265207360432 0.192889430464938
-9999 -9999 -9999 -9999 -9999 -9999 -9999 -9999 -9999 -9999 -9999 -9999 -9999 -9999 -9999 -9999 -9999 0.310274477298422 0.307695666445848 0.303369623878059 0.297701407984619 0.272085245706732 0.243635016970551 0.209899746752744 0.174832173265032 0.139099712076587 0.122829959158597 0.109194495642371 0.100938679217414 0.111130278473421 0.132572298812022 0.119203509184696 0.107681692215182 0.108000903965957 0.10850645431941 0.109149591167789 0.108245432271387 0.109579667011646 0.119958582154836 0.128895477276248 0.136550176208544 0.14384675747833 0.149136429039403 0.144624025238796 0.143711261253963 0.146645119294348 0.151640754812732 0.157130530955495 0.162497491525249 0.172141408909488 0.187284327268575 0.196694715427442 0.202879005582635 0.191792576541496 0.186568996957725 0.19045488688408
-9999 -9999 -9999 -9999 -9999 -9999 -9999 -9999 -9999 -9999 -9999 -9999 -9999 -9999 -9999 -9999 -9999 0.311884931295859 0.313383430464292 0.307627013826116 0.298342214506401 0.270067851968602 0.240249117845495 0.207550399074353 0.173134953287647 0.13786277262387 0.140683813431095 0.136409351871199 0.114500882465965 0.120377477979546 0.143199193912703 0.13394385260375 0.124425920831644 0.120146285458029 0.118633019322109 0.119162352205458 0.117372556205307 0.116506873339286 0.120124548249106 0.122979795301878 0.125157116890358 0.133736584680742 0.142005413262888 0.142886931052154 0.143281909451528 0.143156965517257 0.146227308621559 0.150223475479071 0.155208684442709 0.161261215694057 0.168686032557626 0.180939139436605 0.19357955292272 0.191419268334331 0.188580392920496 0.184687149237578
-9999 -9999 -9999 -9999 -9999 -9999 -9999 -9999 -9999 -9999 -9999 -9999 -9999 -9999 -9999 -9999 -9999 0.335013323261979 0.320308123375594 0.310650093045203 0.302309306651084 0.271666220300091 0.239526467044527 0.204595690081074 0.171681789287082 0.139774413200539 0.151230226391233 0.153440355416718 0.132890660482938 0.133702537728616 0.147542076201289 0.133931552019248 0.122290293278181 0.12146716533427 0.122439814194576 0.124738407505512 0.122338579456886 0.119766499932977 0.118646614312956 0.117971179590277 0.117690935806845 0.12390189542437 0.13072388494542 0.134728693780007 0.136626830387483 0.136273749594485 0.138281398656206 0.141088320950377 0.145475460231335 0.149909693311599 0.154404476184513 0.165110329960136 0.177334147740266 0.183362891761546 0.185573052617295 0.181850046133303
-9999 -9999 -9999 -9999 -9999 -9999 -9999 -9999 -9999 -9999 -9999 -9999 -9999 -9999 -9999 -9999 0.340821576207704 0.334579530261579 0.318776063333488 0.312563269632573 0.309267422919631 0.276515912421072 0.241198631628727 0.201096635080939 0.170448082482018 0.144517283530593 0.155205726409163 0.161313952622879 0.155621434502389 0.150694443847229 0.146234321098348 0.120653549355032 0.103177739609123 0.113054561940504 0.120563818393063 0.126324939536628 0.123562905832819 0.119728207855787 0.11569047158609 0.11377820552268 0.113755836795938 0.114314923294822 0.115710180698463 0.120796510416366 0.124373524791155 0.12633766511772 0.128058275877485 0.129949640936731 0.133544195493679 0.138134347761595 0.144004567381287 0.149215668314903 0.15484288338832 0.168397835227946 0.178052822278588 0.181648194359727
-9999 -9999 -9999 -9999 -9999 -9999 -9999 -9999 -9999 -9999 -9999 -9999 -9999 -9999 -9999 0.3552344723445 0.355270902498752 0.347960028580854 0.329394724957907 0.321668230329705 0.317264780793986 0.280399220721865 0.243683479695021 0.20724712515423 0.175245706705058 0.145457548950697 0.161645254846214 0.172850524813622 0.17100546321848 0.160092206124837 0.14364857992249 0.134848243322677 0.129277999994377 0.131606276403088 0.130611413310056 0.127162849751206 0.125886660008192 0.123892389531489 0.118249209580153 0.114788343116212 0.113267917141818 0.112074619880193 0.111181214081636 0.111503804084641 0.114204458640453 0.119446343973336 0.121424851282355 0.122949509965903 0.127088051950108 0.131277946975553 0.135533868018115 0.139580554682308 0.144006122278484 0.154056805227968 0.163527834912164 0.17209822169482
-9999 -9999 -9999 -9999 -9999 -9999 -9999 -9999 -9999 -9999 -9999 -9999 -9999 -9999 -9999 -9999 0.369641761715138 0.36151039204336 0.340923579194311 0.33155427655209 0.32562429219979 0.286103239326362 0.248963602537761 0.216264892939309 0.183293016526506 0.150184815855395 0.169958533040152 0.184214041471384 0.183947735685873 0.170120183905238 0.148022111717388 0.154186045203026 0.158399713199102 0.151698328924943 0.141841647549376 0.129655195195656 0.129105659896175 0.128367903070018 0.121738494585109 0.116997875917721 0.113936706265943 0.111700822161537 0.109228453612458 0.104812491514574 0.105987492612244 0.113137069853879 0.115655925566286 0.11735875953617 0.121502905075401 0.124971918298362 0.127572895338973 0.131407964827436 0.135729244593215 0.141144829923423 0.148908876472142 0.16032187154347
-9999 -9999 -9999 -9999 -9999 -9999 -9999 -9999 -9999 -9999 -9999 -9999 -9999 -9999 -9999 -9999 -9999 0.3628408552195 0.345622478134087 0.338646061983873 0.334863944740195 0.302100789841433 0.267870299433671 0.230903483273971 0.202360484112072 0.178021401912304 0.185586778953142 0.191214052633925 0.191277953719685 0.190592664190527 0.189450470017665 0.173971380676163 0.160225342110467 0.154163920916669 0.147860451255063 0.141378260706807 0.135893415340374 0.130463325981474 0.124792875978929 0.120452725688884 0.11729543360884 0.113976350938658 0.11060567340814 0.107121700673767 0.105849042027082 0.106939422436999 0.110936829096266 0.115103961060649 0.115213832069778 0.116837810313993 0.120408517861989 0.124834510566096 0.129589438663556 0.135001608171458 0.140445843142801 0.14593990019531
-9999 -9999 -9999 -9999 -9999 -9999 -9999 -9999 -9999 -9999 -9999 -9999 -9999 -9999 -9999 -9999 -9999 0.374023386097367 0.365412030833431 0.36182222692845 0.35921158385194 0.324064739206888 0.286232292689414 0.243391665344934 0.217042835783324 0.19892425961558 0.193514071722348 0.191246623411503 0.195762226235467 0.204500071836966 0.215812912764734 0.190014498456952 0.167293591164522 0.160397114844943 0.155680324488913 0.152572944890777 0.143974585952335 0.135449657327308 0.129647336410148 0.124848928796701 0.120943167466096 0.116869957452028 0.112798842483054 0.108890514899375 0.105222609857761 0.10181162347829 0.105165590660951 0.109732912136189 0.110890302240231 0.112081369796388 0.113315737378718 0.117177645141421 0.12199558079237 0.128146148152629 0.133584200137701 0.137915173195886
-9999 -9999 -9999 -9999 -9999 -9999 -9999 -9999 -9999 -9999 -9999 -9999 -9999 -9999 -9999 -9999 -9999 0.383461780879214 0.39874633427673 0.402380123451312 0.39988580659487 0.352476331965976 0.304005646983015 0.253555989091513 0.226986371903648 0.212334120465373 0.193119259163479 0.183749766121135 0.197171001742398 0.211312873794101 0.225894236310491 0.202013554520338 0.180027325543308 0.170701802205887 0.165446539952965 0.163196628969164 0.153453497474813 0.143560075268077 0.136447068688682 0.130262413982764 0.124903218851854 0.120431495314409 0.115873774596563 0.11007534640595 0.104068835934021 0.0978399660241123 0.0982573454043029 0.100994258711286 0.108690854590224 0.110975036466398 0.106300328840416 0.108349981551046 0.112830388414408 0.12052100134765 0.128453114207924 0.136760460346488
-9999 -9999 -9999 -9999 -9999 -9999 -9999 -9999 -9999 -9999 -9999 -9999 -9999 -9999 -9999 -9999 -9999 0.444476654149645 0.44346941416151 0.435791688620512 0.42439270659114 0.380637313696216 0.337251197249039 0.29455371720939 0.255300207186171 0.217765414933404 0.202495643750404 0.198037059980548 0.217657618420778 0.236166497555534 0.253997403118726 0.251026239352483 0.23855973574334 0.202562814960763 0.183284252199364 0.176349993022793 0.166336030880347 0.156401179353325 0.148134903042503 0.140364169013989 0.133034054683068 0.125695445333491 0.118568070692987 0.112514387182021 0.105792158169753 0.0983555127209024 0.0955390451011538 0.0951185265526942 0.103920467478646 0.107161315378505 0.103252113067862 0.105555537165897 0.109950471085897 0.115368274010291 0.118938731140467 0.119638853579391
-9999 -9999 -9999 -9999 -9999 -9999 -9999 -9999 -9999 -9999 -9999 -9999 -9999 -9999 -9999 -9999 -9999 0.479731710652759 0.478955954620616 0.464165500903599 0.443239054797854 0.40685989094998 0.371385238440138 0.337597342402823 0.286246963731218 0.226132004981165 0.219044843906391 0.221430221356146 0.243749030930235 0.26520227734035 0.286127647638347 0.305670260942111 0.304511580327372 0.243833326075219 0.20817444974767 0.190989085963254 0.180176152142812 0.170343392155642 0.161327502833866 0.152285651870234 0.143220716679096 0.132700867649182 0.12266531533206 0.116396257224484 0.109165308180987 0.100906469945979 0.0950155259104525 0.0912671263086 0.0989861564558834 0.102806954820039 0.10161568939552 0.104209915602221 0.107969723302503 0.110982084749215 0.11433172348179 0.118205410661177
-9999 -9999 -9999 -9999 -9999 -9999 -9999 -9999 -9999 -9999 -9999 -9999 -9999 -9999 -9999 -9999 -9999 0.480154741773818 0.480450006107258 0.468039268050149 0.450089688221737 0.418885033355236 0.382712235526073 0.337274714363598 0.302061890693514 0.271951715767123 0.271248376651938 0.272182247447589 0.275858324542086 0.291464521728969 0.314346473792661 0.332296638228855 0.339214395881728 0.31519639638459 0.271052398595756 0.212048004077428 0.194769290654128 0.183592082303355 0.176582215071705 0.169035298611157 0.161010855858145 0.149641486470736 0.13811096336177 0.128807819912915 0.119537528373495 0.110302342812691 0.103110948290723 0.0972772535628515 0.0977182654502126 0.099527329024221 0.103095334267465 0.102317020340151 0.100799101235769 0.107679972349644 0.112582715651674 0.1144119202043
-9999 -9999 -9999 -9999 -9999 -9999 -9999 -9999 -9999 -9999 -9999 -9999 -9999 -9999 -9999 -9999 -9999 0.545536202322907 0.524806775781413 0.505505992212168 0.486269352706789 0.451081028274398 0.40874203562391 0.353068289286405 0.324674098315967 0.309893805363133 0.311690466545247 0.312252255380332 0.309399598654737 0.320476997339799 0.340049840144737 0.351040801087512 0.358660028468642 0.358147191466729 0.311021316063113 0.229477856330163 0.207255232282781 0.19393886198025 0.187412427394824 0.18021719000022 0.172427275416501 0.1610662857089 0.149278948765503 0.138586300913707 0.128102962208167 0.117843293984475 0.109783523858411 0.102528274608289 0.0971855953004922 0.0967886873642661 0.102750693668545 0.100141608805797 0.0957582213882156 0.103960082746819 0.109768068608235 0.111856542991278
-9999 -9999 -9999 -9999 -9999 -9999 -9999 -9999 -9999 -9999 -9999 -9999 -9999 -9999 -9999 -9999 -9999 0.565688670477422 0.595980794681967 0.586658473017311 0.560589777260293 0.50950808566898 0.453892006478193 0.389820082334705 0.356125788232818 0.337591490393263 0.336837459612806 0.338430897765129 0.344803083100551 0.353065994417032 0.362481992095668 0.359534586131684 0.358264550257589 0.364149416029078 0.321198323000907 0.242188311954859 0.217000882541049 0.200511869834381 0.192488825713031 0.184158527804259 0.175555030058194 0.165318070916281 0.154884073823428 0.144940606847838 0.134318771712412 0.122972023519465 0.11460576694223 0.106792120601251 0.0976090386413825 0.0947535652336055 0.100033672124087 0.0975988007033775 0.093486951856805 0.0996968973208828 0.105567617530899 0.110911262616198
-9999 -9999 -9999 -9999 -9999 -9999 -9999 -9999 -9999 -9999 -9999 -9999 -9999 -9999 -9999 -9999 -9999 0.627754839006289 0.627635841276223 0.619965496380488 0.608045353922261 0.558336542267924 0.500155114025765 0.426173728096126 0.377717004936749 0.341998398334343 0.362477349719373 0.375890103568258 0.371107409896142 0.366336620314121 0.361573090612209 0.358494831517069 0.356641750040332 0.358011502718829 0.337428055567266 0.30063506421182 0.256118622450506 0.217068215134822 0.201863589048249 0.190237582524342 0.181793565359979 0.172721343283083 0.163165518273679 0.151740306761199 0.140494695075048 0.129441006104234 0.120612893633537 0.112163338042229 0.102439986968669 0.0970063717311002 0.0970881878077037 0.094675564732315 0.0919553899731185 0.0955281830667849 0.101185707911874 0.110082408598755
-9999 -9999 -9999 -9999 -9999 -9999 -9999 -9999 -9999 -9999 -9999 -9999 -9999 -9999 -9999 -9999 -9999 0.642485525173916 0.633622141783543 0.637414008603515 0.644621767234478 0.599438259462938 0.541727309472385 0.460654856581153 0.396698996265432 0.341285194007341 0.387505637056201 0.414669120350101 0.394495005745522 0.374596475559597 0.354866014484667 0.356542534425798 0.35704845054865 0.350172199099449 0.355911873943021 0.37096674732251 0.306788230217856 0.242779484068005 0.214736076387982 0.197229467370078 0.189091828883799 0.181054096553853 0.172155757046549 0.158823656297495 0.146932021273977 0.136579686699946 0.126933521931501 0.117550250670568 0.10881512489815 0.101141677114632 0.0948332579131546 0.0923992721456613 0.0913593728400449 0.0920877268557656 0.0972185106854757 0.10918962027361
-9999 -9999 -9999 -9999 -9999 -9999 -9999 -9999 -9999 -9999 -9999 -9999 -9999 -9999 -9999 -9999 -9999 0.647030713923968 0.649674733829463 0.653009987206831 0.654222568861727 0.58047261074332 0.516888214609057 0.472260825150841 0.423954998795409 0.373813443664011 0.40237477513005 0.422112511621729 0.418833282942591 0.400395052277001 0.372711886792954 0.383737313450883 0.389405095254204 0.372365598277362 0.377885782451743 0.400063317339328 0.382451108874182 0.345655432343223 0.255001256619222 0.206987032611027 0.196886833906508 0.187997344605777 0.178908166697227 0.167710720876195 0.156974602925611 0.14673146595038 0.132259432054425 0.118365588687682 0.11645507640814 0.111500932631128 0.102633508150652 0.100261035707439 0.0998590161440394 0.0978043507499931 0.100305207361358 0.109884258477417
