layers/veg/veg_800.asc
NCOLS 255 
NROWS 330 
XLLCORNER -2985163.8955 
YLLCORNER -3022031.214 
CELLSIZE 25000 
NODATA_value -9999 
[rows 175 to 199 of 330, columns 114 to 170 of 255]
0.453030406348744 0.440397384799013 0.430324757368185 0.439239401899583 0.457775493642019 0.455552878160889 0.454069304969746 0.455215521935663 0.461163109960931 0.470081427383324 0.479773762101519 0.488494117443665 0.494201007793645 0.500836520061384 0.508167295888115 0.51781777110693 0.527275143838171 0.534903171716257 0.541605976893862 0.547474804288466 0.556715649561771 0.568370720026367 0.589289996270754 0.607983631786853 0.624266305393563 0.639893668187061 0.652088087285045 0.639401867832432 0.625868456641972 0.611230619551868 0.60257799772572 0.59522250226504 0.578914645458479 0.560231995314489 0.537806359074245 0.503179353581792 0.464349761997409 0.460687411605546 0.448245925721501 0.418933145324139 0.385213420483969 0.349226364081765 0.319732864124602 0.300735141398815 0.306317599657484 0.347480603042731 0.41097695210477 0.447006125059139 0.480555248188578 0.512642011508927 0.555444403495146 0.606381723598906 0.630886800076818 0.645499887882269 0.634801406713553 0.630854304550246 0.633076298136403
0.44167341785652 0.42832885713001 0.428471241905568 0.43846436426999 0.453449164843351 0.450363884985716 0.448083628370029 0.448470319743713 0.452528630038773 0.458858663583285 0.470891789017691 0.481825766811871 0.488378307791047 0.492752032956327 0.495494468564265 0.505233958003637 0.515817046598378 0.526315277237932 0.53453221535493 0.540692840673558 0.551120811252477 0.56467117434082 0.590292931834718 0.609409146633495 0.621478125353916 0.640104964684128 0.656146091588329 0.639857285580134 0.625068300028617 0.612234527781446 0.601392789421482 0.591304477186637 0.582500783639581 0.568269042299045 0.545481984965076 0.497721163518437 0.441068862387666 0.444735027595879 0.439854552122424 0.418549578796264 0.380833703648013 0.334674573508565 0.307306221356075 0.290608101357866 0.298257184647074 0.348955740205236 0.426675768929862 0.469150228407903 0.506587854899812 0.536598183052906 0.57922804812221 0.631438221439504 0.651615864476998 0.664403910021513 -9999 -9999 -9999
0.419997400977157 0.419092849645169 0.435556779817916 0.441978428419912 0.443311337459765 0.444140321210792 0.445012528374855 0.446007640384401 0.448853664512328 0.452844894660284 0.46137352741368 0.470446859613857 0.480206323960014 0.485367872277936 0.487086939430375 0.496520194645611 0.50699482792856 0.517800010609871 0.525681518585524 0.530927682932042 0.545305504284462 0.562905414900306 0.588439840333267 0.605005195691965 0.611854658437421 0.634679531339256 0.656092792954719 0.635967778040355 0.622252400163717 0.616892827514572 0.610055981749514 0.602508461343537 0.591994328346084 0.576486403013073 0.553107605303512 0.499885410570783 0.435640000412159 0.427449540018317 0.423590518062433 0.42805543342568 0.394697907441329 0.341881090301054 0.314902812071676 0.29950945459778 0.310264272779979 0.350848925556755 0.410157293923391 0.450591890334147 0.486787234720298 0.51438957808199 0.567448106241033 0.639832073898822 0.656668895818713 -9999 -9999 -9999 -9999
0.408403547301152 0.411823655707668 0.423097270869506 0.427416886424304 0.428212691910028 0.433023708610565 0.437051599566024 0.439075249066256 0.44071340019816 0.442113033764732 0.448431618383572 0.455509401308878 0.463826931340142 0.468188324206711 0.469587738734854 0.479294952918726 0.490235218653872 0.501956416654063 0.51413805721725 0.526734731769216 0.53150607930554 0.538247719996218 0.562667066273685 0.584609735245371 0.603869502807948 0.628903993181199 0.651478425963021 0.64418912982902 0.641942623206917 0.646270056219253 0.640108341357283 0.630110373757366 0.61508387650571 0.595525596612649 0.568824632280193 0.516989527694034 0.455389928200141 0.421643122119061 0.403703583868763 0.416141646153454 0.393485772117059 0.352774397157194 0.331135627109359 0.317419311188998 0.321510839824446 0.345110658713207 0.380955522983944 0.452088026350873 0.509159063038405 0.516482807955316 0.564074428731515 0.642236003523081 -9999 -9999 -9999 -9999 -9999
0.400816945988768 0.405332425668463 0.403731347442632 0.406655999638729 0.411873981620832 0.420214941534864 0.427045324502893 0.430210821791238 0.43072669779567 0.429603186270568 0.43414640253091 0.439125981743013 0.444245442688012 0.447275064822702 0.44874001489744 0.458884505269411 0.470473040301507 0.483471099377082 0.501282387497496 0.523432226850827 0.514117976374734 0.505141293133374 0.528005864881197 0.558100822960235 0.596028215903164 0.622260456059458 0.644216309567686 0.656144511275511 0.669201274251393 0.68372926533078 0.677109327879357 0.663070686257747 0.643080091797403 0.618823731382129 0.58784396375178 0.539973831315925 0.484873487480783 0.421577835841791 0.384218022503865 0.396700379481773 0.386708137735259 0.36515292584169 0.350631363833218 0.338665414314344 0.332397509990316 0.336575474879177 0.347310146732364 0.461504295352835 0.555347553716963 0.565823088658 -9999 -9999 -9999 -9999 -9999 -9999 -9999
0.392036190251359 0.398492995416809 0.413064717589873 0.418186199580745 0.418518947980743 0.4157188633424 0.414500983915801 0.417115756464037 0.419075293050403 0.420629418617723 0.420800977975249 0.422197350056454 0.427473185122112 0.43240610110794 0.437082271980036 0.445535691404171 0.456310525397587 0.474148785735647 0.481339773596254 0.478933516716597 0.4849627798981 0.494639279106711 0.515115545404871 0.540909725973179 0.572464624603378 0.593348401943005 0.611937855932574 0.633620516827219 0.651648997779935 0.664913774379151 0.664048719517092 0.658608332119494 0.654246839337659 0.639545301019253 0.608546493347742 0.559419120137548 0.502990132314993 0.45623188095568 0.421524638148651 0.409976408509738 0.394778576434917 0.377703058153883 0.363911881958255 0.351367444249564 0.341610495401295 0.33617660874651 0.333456239886515 0.466993037435085 0.573876275119595 0.571408677254003 -9999 -9999 -9999 -9999 -9999 -9999 -9999
0.382423486498115 0.389426522856604 0.413177268279503 0.419122523001422 0.416045176204442 0.407193257382918 0.401923287796867 0.405272705305102 0.407689739036096 0.409529883403153 0.408073013547715 0.407898567278032 0.412159064100748 0.417120043445553 0.422605477320243 0.430618403026638 0.440716923646066 0.457569645124929 0.457519607412388 0.442233750658944 0.458757419507132 0.480830802317329 0.501189144769394 0.524562959943258 0.551203335518655 0.570312059239369 0.588644531681618 0.615580628693385 0.636794357862053 0.650548227625956 0.656588343702023 0.660446164843244 0.669074464957642 0.660413453039148 0.624502215371331 0.5750413858291 0.520484721976847 0.487712565446115 0.455550898404132 0.424562438903043 0.405052711909588 0.391448685077426 0.37465799228933 0.359676620911271 0.349159152846505 0.340781999433433 0.333748287690616 0.48229896344786 0.604918929844052 0.616157281174186 -9999 -9999 -9999 -9999 -9999 -9999 -9999
0.371263444335371 0.376217978871251 0.396140035758835 0.400355317193178 0.396611482058291 0.391173140988445 0.389283553792622 0.395758272731605 0.396798640251418 0.394476637457487 0.396493461946944 0.398491035093736 0.399556928249986 0.401058233604853 0.402885534102683 0.412783912118422 0.422461646399837 0.427493546907574 0.426487589685467 0.420039224704666 0.438038453205936 0.460872642212462 0.485335738909553 0.50978656332998 0.534224093604949 0.558203940149626 0.582062631156409 0.605880720703225 0.626957046641113 0.644459122966862 0.659543828923297 0.674001702198827 0.690710950214803 0.681554233332329 0.631629359720077 0.583553218636672 0.536822352498593 0.513291123017079 0.48347603239443 0.441584938150775 0.419425498499427 0.407417809978342 0.380690362758917 0.359815538773126 0.353612330119371 0.354694797122431 0.360350367554731 0.515863849731804 0.637663634156876 0.626028358784712 -9999 -9999 -9999 -9999 -9999 -9999 -9999
0.36112083879003 0.365165304659992 0.383259565904169 0.386206232348328 0.381477136627573 0.376824217524627 0.374765724876264 0.378764999697861 0.380681855801659 0.381310266912222 0.384064548066533 0.385091161867525 0.380610141630585 0.3813288364873 0.385940582275321 0.394305839674104 0.399770111161491 0.392412399054686 0.391870968627673 0.397473602198089 0.421297906513997 0.448017274333707 0.472284898224092 0.497737677657082 0.524474296316057 0.549682400992467 0.573579587320224 0.590439265970512 0.608899862500146 0.629447466126484 0.651618461244795 0.674185714202451 0.694913745077123 0.688802798602219 0.640390100023727 0.583120536715136 0.523122470163048 0.501622070691898 0.475498195998922 0.440489162600749 0.419650095645309 0.406101343456827 0.38280248486429 0.363053075721701 0.352244898737504 0.374736798696571 0.41813063050609 0.550371054963912 0.654361017443523 0.654509397908632 -9999 -9999 -9999 -9999 -9999 -9999 -9999
0.35148461229916 0.355185608636358 0.372447920301018 0.374355590165035 0.368482580644294 0.363307048178548 0.359313166553147 0.35804950151907 0.361964243230741 0.369082995830073 0.371212905869969 0.369704297169466 0.358505617023175 0.359774078118077 0.370376745981147 0.375507456161606 0.374870646614324 0.354840233816869 0.355470287497451 0.374723284627411 0.406537422585242 0.438696972079711 0.460628896567242 0.487046276457832 0.518322599656565 0.542945905664061 0.564150342869911 0.572140238627419 0.586751640739826 0.609995047611392 0.638277683987979 0.667714706867548 0.690439777665453 0.689137196849167 0.649963882398873 0.578236162340485 0.494472892584453 0.471414851803961 0.449651421248293 0.430375906547486 0.412833127085235 0.396181823643617 0.382963496083736 0.36783279797839 0.347980545565516 0.397829310164814 0.491428301226888 0.585347253123755 0.655586743793785 0.654878900097967 -9999 -9999 -9999 -9999 -9999 -9999 -9999
0.333948843227178 0.335756373706829 0.3511680118656 0.358572214544258 0.361918798102012 0.355562352453414 0.350408139196225 0.348484767607812 0.350476564509595 0.354890774923008 0.356871619479641 0.355790984295531 0.346201208561711 0.342834074986826 0.344125862605831 0.343866892920214 0.341803026210736 0.333593883595233 0.342933355614451 0.368090808234679 0.391592431067122 0.414232702354722 0.434000727377832 0.457609075565484 0.485377516957661 0.512726343629615 0.538905607111226 0.5569867577998 0.577402295274262 0.60086101307137 0.625459439980969 0.650632795082482 0.678448067060986 0.681993377656477 0.647286042608442 0.582096027261978 0.505668866130582 0.487391344126956 0.46610139824101 0.439022329888181 0.408045516315625 0.375063349403098 0.399177890877284 0.416264465570416 0.413658257530057 0.454183404916769 0.521781422233789 0.598102263108177 -9999 -9999 -9999 -9999 -9999 -9999 -9999 -9999 -9999
0.320679684670532 0.321053491298744 0.333955598024227 0.343214333608022 0.350626858573478 0.343101410058256 0.336743241705578 0.333762040617725 0.333329706644662 0.334474421055001 0.337789834610677 0.338924114093174 0.333208649002228 0.326999606761698 0.320421021008254 0.318934636547203 0.318447557443671 0.319366905874974 0.331763543290734 0.354505586214979 0.37257770357422 0.390054788581116 0.408920310583324 0.43073025163565 0.455729783031507 0.48371404660967 0.512147955949806 0.538253900037689 0.563562993035362 0.587833285791161 0.609288440820023 0.630850648860428 0.666129342472501 0.676222854759884 0.646621214612637 0.591153543030743 0.526059101308786 0.50662288292932 0.482924991662356 0.451037234950394 0.410868749240176 0.366439906164883 0.413145974800395 0.449242907470836 0.455352198372469 0.487799232916634 0.536778052767146 0.564908881371139 -9999 -9999 -9999 -9999 -9999 -9999 -9999 -9999 -9999
0.317452991975752 0.317498394575794 0.326414545214563 0.328962408808932 0.328283261290575 0.31963797574114 0.311950114387639 0.3068456005037 0.302970522205058 0.299856126717632 0.307891168248814 0.315238041006752 0.31831318474145 0.313546016519872 0.302907272776353 0.309805961917794 0.317625960781254 0.320687771494555 0.322934894431002 0.324447673619045 0.344240294574339 0.367036257557318 0.387884993227139 0.410338456796247 0.43453026824466 0.458249048356165 0.482447630368501 0.511211777918534 0.539006537095784 0.565537570981709 0.585414768530017 0.605231345307829 0.653310715136434 0.67384863475799 0.650977612822002 0.611834891496066 0.566201370562486 0.531781838677965 0.499200174247553 0.470150429688102 0.431070456569644 0.386830024979023 0.42143178481104 0.445349014484618 0.439746560249114 0.468188768705454 0.518000273715341 0.556565600176233 0.584862028625462 -9999 -9999 -9999 -9999 -9999 -9999 -9999 -9999
0.322639881732643 0.323952716514693 0.32257939952584 0.31890968119538 0.314076304160944 0.30472202878478 0.296208899982917 0.28985756376861 0.282806802473294 0.275323289236177 0.281143064078276 0.287752432422517 0.293999887377902 0.289027080696951 0.275653611820847 0.286972708748937 0.298610981609609 0.29982364362717 0.299225036481458 0.296993786469959 0.317332252780507 0.3410813856948 0.360887300343783 0.38345787176395 0.409023303083626 0.433190230704909 0.457686971338118 0.487390628185396 0.516373537748452 0.544416858394106 0.565053865506481 0.585795422266461 0.640276162666614 0.666420758089778 0.647903868659205 0.620189293079219 0.588388868286492 0.54614140220141 0.510433197134414 0.487291810136676 0.444776151077849 0.392292610847474 0.403615724491328 0.410137525203481 0.401900521749464 0.429405437491809 0.479344990863355 0.539342626919255 0.584862028625462 -9999 -9999 -9999 -9999 -9999 -9999 -9999 -9999
0.332944811978388 0.33649583716395 0.320998582810755 0.311411354318937 0.304818921601584 0.295005577601071 0.285974026908719 0.278909043586063 0.268845054550462 0.25692550502527 0.256311468713645 0.257955540074398 0.263957656897681 0.25777701850396 0.242475094484167 0.255802865518656 0.268528841826384 0.265464230539316 0.266462835955821 0.271123946039084 0.291293704959785 0.313340317359144 0.330262653124019 0.352630110707449 0.380896086020926 0.408378495527739 0.435931145689266 0.465528818267349 0.494910590370565 0.524010907797659 0.546829804361782 0.570120892424276 0.627110261442151 0.655918707063196 0.640310317420516 0.621045127481356 0.599654354110701 0.553931620623517 0.51859903934817 0.503233722293799 0.45453027598698 0.388674675017401 0.369921715633889 0.355875325149419 0.350525493634747 0.378959118464153 0.428598084752071 0.516718075468531 -9999 -9999 -9999 -9999 -9999 -9999 -9999 -9999 -9999
0.31519256908966 0.316156737072705 0.314315900533383 0.308486240945427 0.300635319405098 0.288675033090884 0.277795939267582 0.269621525243935 0.259463950319038 0.248079343715953 0.242190085541288 0.236208837168072 0.228848820708143 0.227532974142917 0.230742425755327 0.229089711630406 0.229127577925931 0.237898644673119 0.245128444071629 0.250968974999105 0.262584747050001 0.276454645445565 0.296461865366838 0.320679373141749 0.34945774445302 0.383320246738512 0.417684252931597 0.446069212471256 0.474557295715752 0.503179814278018 0.528152307880206 0.554719673478061 0.618371379333832 0.650662779600099 0.633526220832713 0.613987952213654 0.592396526015678 0.528365352543919 0.481694462438072 0.468385678858752 0.430826050453854 0.380789589950755 0.342553407965582 0.314276537793731 0.309026727123849 0.347605001909671 0.413693473050047 0.475214530714062 0.521080991869854 -9999 -9999 -9999 -9999 -9999 -9999 -9999 -9999
0.298789769478027 0.297670036106352 0.307228331730864 0.304981288618627 0.296752109489691 0.282963635460776 0.270006559118574 0.259233682364982 0.248438208273783 0.23762875263975 0.228217405568034 0.216562433488821 0.198029832142989 0.199059584236108 0.214735761547209 0.203746301439232 0.196072947585305 0.213605341070115 0.225016936899439 0.230911364531017 0.235495747413384 0.242836924696041 0.265692839362986 0.29130648747179 0.319907495669791 0.357905833485041 0.396894229151062 0.425311668621174 0.454295956276813 0.48401920512541 0.512352557726965 0.542401722160794 0.601265220979002 0.634452754908105 0.62717159706805 0.605320815793561 0.576426740816239 0.507988882073331 0.4575007582698 0.441507518941846 0.412040333061266 0.375640928115891 0.319092628218183 0.278576568604279 0.277189095771239 0.327490379444886 0.410235878421043 0.474175477875458 0.521080991869854 -9999 -9999 -9999 -9999 -9999 -9999 -9999 -9999
0.291445012778731 0.290578884198774 0.299916016581354 0.29896395265833 0.29279802971989 0.278410161409661 0.262956846057629 0.245372190266126 0.231833604911718 0.22079842540571 0.212697884639125 0.201477503370991 0.180493758516677 0.175497659723444 0.182471586069361 0.181524021538616 0.183005990203774 0.197478821930664 0.206318384870269 0.210080228670654 0.213562332187263 0.220312466040434 0.244236639043935 0.269561221758641 0.296402821316338 0.331511628234729 0.368136577040329 0.400374956461117 0.434094704299438 0.469745610781253 0.504920238212237 0.538908803402478 0.559256883105482 0.585743144587643 0.621903986461104 0.593478387604993 0.538794480146998 0.508702377325213 0.478207003015739 0.44693664214367 0.413582436294587 0.379156111759171 0.30571355717981 0.25752176073793 0.271340685197187 0.336209047830745 0.433120335756671 0.484800776879954 -9999 -9999 -9999 -9999 -9999 -9999 -9999 -9999 -9999
0.2864206246827 0.283413551995681 0.288219846173861 0.288170047820873 0.285659514822409 0.273751648692976 0.259050624524052 0.238233135828704 0.222269811290144 0.209309880569888 0.200389845229377 0.18773688401956 0.163295338442351 0.155799398968273 0.160990713782765 0.165139576042752 0.169903627209488 0.177502937949351 0.183590758875024 0.188316152221248 0.192673486518567 0.199703217858988 0.220910079559504 0.245518978698966 0.273813190825096 0.309543421555992 0.347050121873023 0.383754662259806 0.420109425557932 0.456008208399029 0.49402026742103 0.530371265640973 0.535473665103064 0.5561075340697 0.601221038166551 0.582878256502455 0.538944394496996 0.527537184416874 0.509095274705004 0.477134438282679 0.444875517342256 0.412463234714431 0.343874999141698 0.300644447176372 0.319529020895118 0.377598990084178 0.460265012521074 0.469954812273366 -9999 -9999 -9999 -9999 -9999 -9999 -9999 -9999 -9999
0.283105309521048 0.276193582122026 0.273294736899024 0.27385794997923 0.27617549676636 0.269015769500922 0.257459749044249 0.23604550861023 0.217891942588706 0.201755838082219 0.190447230061247 0.174986419914591 0.146345617883302 0.138946928811273 0.147452308740995 0.15305500116335 0.156775186128127 0.154691795269696 0.157895509004706 0.16586491619389 0.172554021006178 0.180504622442116 0.19620590264713 0.219784891589901 0.251897538035703 0.29083519450102 0.331613904797994 0.373259845202195 0.410702536475417 0.442665739463364 0.480566189952915 0.518118101926566 0.525114201866873 0.540520922821497 0.569183886760003 0.573193142230951 0.5669228584302 0.559719286225931 0.547483142209111 0.525575658538793 0.498081750844326 0.4677136804112 0.419998726780401 0.391037217496365 0.407518248738072 0.443053035696071 0.490547563892978 0.482390686019438 -9999 -9999 -9999 -9999 -9999 -9999 -9999 -9999 -9999
0.281612758662888 0.273487099122021 0.266366695419433 0.268321187374046 0.274874214056826 0.263795098872157 0.24935448914467 0.227827980530382 0.210477781994353 0.195711571858226 0.177339628287536 0.157086447516987 0.132030170550931 0.124907316533595 0.131211299882251 0.138396557868236 0.142955516845996 0.137093162972801 0.137219947715881 0.142745225754355 0.148943363371786 0.157006964387481 0.174077570449807 0.19885737774553 0.231988304019851 0.271896242685668 0.313994306917515 0.359710457599116 0.398036346369278 0.426728056363217 0.452355930308658 0.477060082196891 0.502904384478479 0.534727229589441 0.575973043147181 0.587744510901676 0.587249040785327 0.58654780475518 0.581444808408451 0.567882733745386 0.551115017279169 0.532698028186262 0.497833495994984 0.464246978607895 0.434560725649848 0.449998959671109 0.493761120788248 -9999 -9999 -9999 -9999 -9999 -9999 -9999 -9999 -9999 -9999
0.281314204829401 0.272899431463583 0.262770365313804 0.263657575097832 0.270127077986957 0.257873948749391 0.242557514535359 0.220899258908207 0.2033143458686 0.188249712644862 0.163411535532557 0.139007112302446 0.117849007227997 0.111770998572402 0.116983528407891 0.125148206323683 0.130138214731737 0.121641357150578 0.119098279601915 0.121921823807561 0.126528430549994 0.133775045677285 0.152973720262547 0.178651125653679 0.211346722703337 0.252512082441811 0.296052707538302 0.341359045278942 0.379111880264012 0.4070177305541 0.425908961960558 0.443670994539014 0.485844744083712 0.532845583151803 0.587454549077368 0.60376507383288 0.604272937408681 0.610020902908883 0.612341472966137 0.608075449390901 0.598700878649137 0.58669800832767 0.564496531280291 0.552683534481438 0.566074471711285 -9999 -9999 -9999 -9999 -9999 -9999 -9999 -9999 -9999 -9999 -9999 -9999
0.284651382915761 0.278198930797186 0.268033948712561 0.258366810796102 0.248951946160021 0.249561739145231 0.24350226816401 0.221425917706194 0.198423921205993 0.174849204148381 0.147829397205471 0.122534294508533 0.103004184978274 0.100752143115765 0.111436271065169 0.118280416750489 0.121353927364611 0.111872264816752 0.108258349568311 0.109933507838539 0.110101833515782 0.113429508200501 0.134542676952711 0.159005102093656 0.187095664280886 0.231574048654246 0.277877566354338 0.306497412621047 0.338351749525513 0.374422670554818 0.412534757421056 0.451520563238665 0.493170821701122 0.541189242010748 0.599244721493895 0.614548897239369 0.612394127811064 0.62337878172714 0.633793542073939 0.64311311004592 0.626104069887436 0.595549207907659 0.588856159199596 0.582178892967942 0.574283228371744 -9999 -9999 -9999 -9999 -9999 -9999 -9999 -9999 -9999 -9999 -9999 -9999
0.287483224941541 0.280940538866213 0.270668032589331 0.257000498264493 0.241612596568903 0.239740206990423 0.233763830006379 0.217611663152252 0.194321851995804 0.16661580025036 0.139262021513097 0.113744456275405 0.093553811355103 0.0921086689279395 0.10469837160753 0.111980744472229 0.115650771542727 0.108060484771688 0.104237829272303 0.103811243468864 0.102628216369199 0.104236259349648 0.121006844530249 0.142370565991566 0.168709877842067 0.211498727050818 0.255982269472461 0.281669835523682 0.313466824101875 0.353228248792031 0.398570678373605 0.445397457513155 0.487519218782174 0.535223655905451 0.591727123147707 0.610912721206382 0.614557766847355 0.617571208625002 0.620416217358197 0.622937540063163 0.610351527985397 0.589992933925801 0.596413275656227 0.601348663641382 -9999 -9999 -9999 -9999 -9999 -9999 -9999 -9999 -9999 -9999 -9999 -9999 -9999
0.289866822581992 0.281413240187684 0.270969691593023 0.259115262205913 0.24654589519677 0.228579871983895 0.214549161852183 0.209946921389904 0.190919071699977 0.162965733670516 0.136916897131722 0.111769592708406 0.0888884342865672 0.0855722110404017 0.096904345970538 0.106185004937994 0.112680648297294 0.109532973935585 0.106266277899353 0.102892298036 0.103096092576569 0.104935339881393 0.111813173624536 0.128407286603204 0.155526718803486 0.192188650445446 0.230787111301778 0.265742690075592 0.302663560770972 0.342146448069651 0.384083367447679 0.426880277135727 0.470356123039296 0.516565449554168 0.567083100402459 0.594485683231341 0.611436924607748 0.59476345111927 0.576144441516283 0.553786599906042 0.556318885801594 0.571656908735431 0.58906618873193 -9999 -9999 -9999 -9999 -9999 -9999 -9999 -9999 -9999 -9999 -9999 -9999 -9999 -9999
