layers/veg/veg_5200.asc
NCOLS 255 
NROWS 330 
XLLCORNER -2985163.8955 
YLLCORNER -3022031.214 
CELLSIZE 25000 
NODATA_value -9999 
[rows 225 to 249 of 330, columns 57 to 113 of 255]
-9999 -9999 -9999 -9999 -9999 -9999 -9999 -9999 -9999 -9999 -9999 -9999 -9999 -9999 -9999 -9999 -9999 -9999 -9999 0.193460034245866 0.174521947818008 0.155395184917901 0.13591657318252 0.121023870661561 0.108419772171097 0.109229249038627 0.107033543158248 0.0974637227284116 0.0822291627477277 0.0635398800908464 0.0638051936804325 0.0675578130409485 0.0778371275298416 0.0740231827518531 0.0598032237785886 0.0606661603785968 0.067369294423864 0.0891449743214298 0.10821566562628 0.124881171141195 0.136116164404814 0.145978185200415 0.153848146393666 0.162684054357612 0.172552185630971 0.171322645918696 0.167971128973161 0.169244206614388 0.177114114573515 0.193465748657674 0.198592360000462 0.199898723041005 0.19883685467107 0.198840360673524 0.200499204312176 0.202413802449957 0.204401161819886
-9999 -9999 -9999 -9999 -9999 -9999 -9999 -9999 -9999 -9999 -9999 -9999 -9999 -9999 -9999 -9999 -9999 -9999 -9999 0.193396462883171 0.17240993735005 0.14999560812453 0.124918673115765 0.113558297227516 0.109043188225271 0.0956516742537194 0.0830953427922141 0.0727672034097677 0.0664010440718941 0.0624511550991037 0.069551711932957 0.0796130433849696 0.0961582545267784 0.0926617340222485 0.0743670365977919 0.0666796177601441 0.0643826515132336 0.0774753397377515 0.0957979032253054 0.118770697660103 0.131837501826222 0.142388984256125 0.149252008151579 0.158412469437329 0.170028002263389 0.176901599220103 0.180835005191838 0.171757060704857 0.17145599654284 0.182439608742216 0.188665984382421 0.193004484999394 0.192953186982082 0.193917602225876 0.196460193585284 0.198919248495798 0.201308622206226
-9999 -9999 -9999 -9999 -9999 -9999 -9999 -9999 -9999 -9999 -9999 -9999 -9999 -9999 -9999 -9999 -9999 -9999 0.196236850167263 0.196013426459681 0.184415352687408 0.171705464880013 0.156922237092081 0.134939506045241 0.109363853419388 0.0936718315006922 0.0780903297498781 0.0624196077022059 0.0549764106808099 0.0525508878211512 0.0575381915741861 0.0648518969933588 0.0774976613609804 0.0785915631998353 0.0711559373276159 0.0701649537424883 0.0716550396580909 0.0795318264871269 0.0896337998271161 0.101714334921677 0.118476260584704 0.134764788156403 0.144408872612799 0.152131585817619 0.157801096659653 0.16884815617894 0.179633615282885 0.178671682969254 0.177499232574002 0.176056113292843 0.181088444825473 0.187693984699225 0.187722739172597 0.189259287983427 0.193138589519615 0.196377404431657 0.199281239754367
-9999 -9999 -9999 -9999 -9999 -9999 -9999 -9999 -9999 -9999 -9999 -9999 -9999 -9999 -9999 -9999 -9999 -9999 0.277975571098023 0.214526074596715 0.208798227091238 0.20207532091868 0.193496803238926 0.159856290866549 0.113708557050416 0.095218749734803 0.0767304061440823 0.0572848045962513 0.0496040083183155 0.049098147301238 0.0511505383275143 0.0545838935196196 0.0615267423897434 0.0646084165598206 0.0648391221939293 0.069120808200498 0.0740825647429061 0.0797762473002899 0.084888076167524 0.0894825401071801 0.107277731869803 0.126211161101168 0.13888877102317 0.146073689688603 0.147389046884958 0.160190202732452 0.174854389984555 0.182276762335621 0.182677904534819 0.174051658073225 0.178351234933161 0.186089470908881 0.184457384766872 0.184818780941853 0.188277573104511 0.192527657235757 0.196979062372774
-9999 -9999 -9999 -9999 -9999 -9999 -9999 -9999 -9999 -9999 -9999 -9999 -9999 -9999 -9999 -9999 -9999 0.324533635393817 0.305431647476163 0.279086138506267 0.266642298293543 0.252426790472725 0.234907430417598 0.189392210070584 0.129905618790269 0.104792164483289 0.0822837057201359 0.0645696810222255 0.0610906948957936 0.066293151244872 0.0647839054561924 0.0628201028220913 0.0607984020084456 0.0573905224519415 0.0529591326199065 0.0553065943545185 0.0602707105372289 0.0719785625776026 0.0830540851475967 0.0935673614069003 0.104224613114844 0.115737028389993 0.131434039994079 0.141069163433105 0.144226474167667 0.152474130361068 0.162390128823121 0.175307396683003 0.182994046896445 0.183955548181696 0.189330691524432 0.195029810889526 0.186820553355975 0.180963905127574 0.178762650558915 0.184655587845303 0.193659616662174
-9999 -9999 -9999 -9999 -9999 -9999 -9999 -9999 -9999 -9999 -9999 -9999 -9999 -9999 -9999 -9999 0.324970943763077 0.32488119510656 0.31712775924835 0.306170292185255 0.291487605377306 0.272640984945115 0.246029351851894 0.199148223902292 0.142151577861208 0.114009670675358 0.0904338752629007 0.0763523399070587 0.0723324708736854 0.0744488533824265 0.0713046349789493 0.0675803377989447 0.0631644066666037 0.0595007101789582 0.0563924398168557 0.058529360931456 0.0616777580677818 0.0662625170704462 0.0757665055040725 0.0896445089544875 0.10084059178606 0.111903982453493 0.124735691471716 0.135022725275881 0.142590485978745 0.14779801457514 0.153174465851622 0.164105673349838 0.172850168569619 0.178783147687553 0.187716240996716 0.196428957998545 0.190137988298018 0.183498337525373 0.176316919542378 0.179171381043444 0.186091114730699
-9999 -9999 -9999 -9999 -9999 -9999 -9999 -9999 -9999 -9999 -9999 -9999 -9999 -9999 -9999 -9999 0.325102953169488 0.325347422861638 0.317053270710842 0.305264918502026 0.291687218586448 0.270346637788201 0.234529633064976 0.194131275603534 0.151446588027047 0.122961360447837 0.100523561752478 0.0914942448896389 0.0833913311629058 0.0758533976780493 0.0725131689162311 0.0697444816362182 0.067841476075882 0.0685777360734409 0.071262745777542 0.0744764890191086 0.0744513038087428 0.0621011795723257 0.0644058195086722 0.0797409877947874 0.0972094301853715 0.113030946263281 0.118602260218555 0.128198117315631 0.142094653670351 0.14539234258911 0.146385074246625 0.149742940974396 0.154894044096735 0.162350760558088 0.176695814583814 0.192195835659657 0.194168133459295 0.190804734524628 0.179150935662442 0.17547059043747 0.175349132165235
-9999 -9999 -9999 -9999 -9999 -9999 -9999 -9999 -9999 -9999 -9999 -9999 -9999 -9999 -9999 -9999 0.315411957096293 0.315064505544353 0.309918897240753 0.302638076771651 0.288990941313336 0.270867040712802 0.244394751029551 0.211449088303321 0.175272880238238 0.145320357298372 0.120220521186599 0.106059743896463 0.0958431154688894 0.0880318828042611 0.0815444881326463 0.0762376811506589 0.0740925153814506 0.0738569357549 0.0750313337730731 0.0766906023230029 0.0767150913758988 0.0704216204783079 0.0749579408444671 0.0891237510079884 0.0949808718769044 0.100312139740406 0.110542562388606 0.121953545310504 0.134626090328422 0.140913249085534 0.145073012846476 0.145212881286058 0.147714825195384 0.153253754483381 0.165962062370161 0.180168657037118 0.184026456597059 0.186677310193046 0.187452857670574 0.188213654389344 0.188868792730778
-9999 -9999 -9999 -9999 -9999 -9999 -9999 -9999 -9999 -9999 -9999 -9999 -9999 -9999 -9999 -9999 0.304692016907726 0.305195534191499 0.302836417842678 0.299014177275614 0.285485365400116 0.270967390098431 0.254604796889425 0.228726142420762 0.198098485053224 0.16795111444186 0.140798605669157 0.12051392057784 0.107390060413869 0.0986333320544102 0.0893381075022928 0.0819298595516687 0.0800712054352693 0.0786424686431011 0.0775311691231797 0.0778556233936814 0.078384314001005 0.0790350783859832 0.0854037981868177 0.0968567335554132 0.0943471564652456 0.0920296850977299 0.103373920967554 0.114452821600535 0.125248181541019 0.134399508196917 0.142047698426586 0.14161932075909 0.142907208561072 0.1464017460673 0.156652242147256 0.168551470829191 0.173681910958302 0.181278451401815 0.192706723460869 0.197937772328423 0.200225908294107
-9999 -9999 -9999 -9999 -9999 -9999 -9999 -9999 -9999 -9999 -9999 -9999 -9999 -9999 -9999 -9999 0.304377572976476 0.304084988419422 0.299246934904821 0.292409156618988 0.280259694305398 0.268159117928632 0.25614970532935 0.235421177429673 0.210341363561213 0.185354076999422 0.160236132869539 0.134814623070667 0.114851945415171 0.0982184148496684 0.0887812626190641 0.0825602954167948 0.0842812325401429 0.0833271205428745 0.0803978373949832 0.0814497625536498 0.0827032088498672 0.0829335279855607 0.0852159741440856 0.0893231033226232 0.0991126101270116 0.107051635144316 0.100487018203703 0.101912971077179 0.111877751003906 0.121130289490727 0.129961737648459 0.136990170995243 0.142070799183789 0.144647080723876 0.152613803679402 0.162129374129618 0.169183595492898 0.176391292586193 0.183837454353241 0.188524979701204 0.192047150201215
-9999 -9999 -9999 -9999 -9999 -9999 -9999 -9999 -9999 -9999 -9999 -9999 -9999 -9999 -9999 -9999 0.325704305777881 0.311178086954719 0.301475098380956 0.293563973008285 0.280983780330183 0.268204141594194 0.255052570617097 0.235972656980683 0.213934196135881 0.193914047559771 0.173310676348094 0.151296508578104 0.127794647656997 0.103385495726611 0.0947989701738918 0.0890400098774389 0.0884881440001971 0.0854198621389893 0.0804935387875563 0.0805897108531012 0.0811079004162339 0.0809616266548133 0.0814464943289117 0.08249255195266 0.0931012808207519 0.102476554554643 0.0969346492492218 0.0967025985104298 0.102144727570733 0.11083070861881 0.120328025415674 0.129881895977249 0.137329056282582 0.142067561285722 0.149358833424207 0.157435917860729 0.165006388209835 0.172179790945427 0.178736245327649 0.183267709135849 0.187035885084622
-9999 -9999 -9999 -9999 -9999 -9999 -9999 -9999 -9999 -9999 -9999 -9999 -9999 -9999 -9999 0.331441864867302 0.327328667460688 0.316914969813286 0.3089345386448 0.301696500404066 0.287057938204798 0.270814872972086 0.251579688389339 0.230999799579278 0.209748834354363 0.194522325033781 0.180663571126154 0.169739732273202 0.145665747049097 0.113571956420711 0.106728570805627 0.100779445050566 0.092692253846117 0.0851819361003814 0.0780975633604511 0.0757244131134318 0.0741944904432739 0.073711056190161 0.0744563593947066 0.0762942150339203 0.077399377255593 0.0802796585124342 0.0927838874760094 0.0980829544225035 0.0956824913247155 0.103201451167196 0.112899395785037 0.120544370593567 0.129075604494626 0.138746326079378 0.146808364402522 0.154296869666139 0.161117924116214 0.168575845942473 0.17702330775053 0.181747119103493 0.184872856403007
-9999 -9999 -9999 -9999 -9999 -9999 -9999 -9999 -9999 -9999 -9999 -9999 -9999 -9999 0.342082746775028 0.342109642755239 0.337643227389403 0.326294062080133 0.31709447739141 0.30847358242187 0.290906126823368 0.272147367958891 0.251167035510827 0.22915920905379 0.206638610358951 0.193796713589664 0.182415006457981 0.174053779326681 0.152793512546698 0.123666581399276 0.1147665137426 0.10728491430134 0.100118092561473 0.0939430740365341 0.0885003714463289 0.0833623331870601 0.079091220960877 0.0779200187333903 0.0781085247581081 0.0795060380871328 0.0787731548201135 0.0791474433209456 0.0870455159308408 0.0933505118008451 0.0979531251022744 0.102659611718638 0.107412939865726 0.112321832478664 0.118012393496788 0.124707967076081 0.135700138984135 0.147546874633511 0.152645470217177 0.158868161089641 0.16683742789489 0.17239150284011 0.17689502771794
-9999 -9999 -9999 -9999 -9999 -9999 -9999 -9999 -9999 -9999 -9999 -9999 -9999 -9999 -9999 0.352719489269273 0.348012033486126 0.33609380628522 0.32550559995543 0.315144152170121 0.295147708613968 0.274426886389817 0.252355223821899 0.229063014036131 0.205161688554529 0.19338091899571 0.183245747711032 0.176472457499657 0.160035073424164 0.137703903073488 0.124643292440403 0.114062550836706 0.108909738769572 0.104608849654696 0.100936993339585 0.0934685643619846 0.086810084486634 0.0848676701265421 0.0840869514149441 0.0843391737935643 0.0831169696337109 0.08195077941115 0.0824075466682645 0.0881153974330692 0.0994346244773587 0.101724291161228 0.102091314629637 0.104775743478404 0.107755067401025 0.111113546028485 0.124316184812113 0.139801806480258 0.143920653196306 0.148902881336034 0.155226598253837 0.16144739169673 0.167596558816632
-9999 -9999 -9999 -9999 -9999 -9999 -9999 -9999 -9999 -9999 -9999 -9999 -9999 -9999 -9999 -9999 0.350422657172877 0.344607591025006 0.334546419333792 0.32255098340789 0.30352547421658 0.282795664153575 0.258887629113622 0.234982120171702 0.21107787188233 0.195825235461834 0.184644208958798 0.182522395969335 0.178046506053554 0.172134948554849 0.147679870167611 0.127203330075542 0.121681984193085 0.116554017456839 0.111716509364833 0.104435718604621 0.0978691927613528 0.0950581374227326 0.0919586731706939 0.0886027653158566 0.0865715146836635 0.0850564445476875 0.0849420669932064 0.0860857134594751 0.0885737007915328 0.0920440906446214 0.0957776251568728 0.0996567595271782 0.104311827720072 0.109964535363611 0.119624133857239 0.130354534608657 0.138241287518479 0.143396701712456 0.144308267086037 0.149748757227115 0.157008135250961
-9999 -9999 -9999 -9999 -9999 -9999 -9999 -9999 -9999 -9999 -9999 -9999 -9999 -9999 -9999 -9999 0.366269142785334 0.36117063072766 0.350881010172601 0.338252436144476 0.317834610302389 0.295143542450985 0.268213273263336 0.243970766921159 0.221069592165273 0.204097183072622 0.192373865507277 0.192511094089562 0.194436909661315 0.197453520666008 0.176658619787162 0.155782928284805 0.139125325532476 0.129095426624466 0.123959213341621 0.116366747846459 0.109310465365233 0.105350753406289 0.100580583831276 0.0950897823294715 0.0919569488719598 0.0895890813970811 0.0889380654701473 0.0877931135515473 0.0861203351942398 0.0881568649642052 0.0913558439092724 0.0963492677117911 0.102311555041791 0.109519536848778 0.11696833702675 0.124601127951959 0.133569906605924 0.138807669383424 0.138248323499753 0.143672684520911 0.151508687294345
-9999 -9999 -9999 -9999 -9999 -9999 -9999 -9999 -9999 -9999 -9999 -9999 -9999 -9999 -9999 -9999 0.371857318876717 0.380906821237834 0.37509768173563 0.362917547337467 0.338553536057005 0.311791472071105 0.280557456488491 0.256276540761332 0.235465578670317 0.218666813488846 0.206945386064196 0.206756248788842 0.20907553345611 0.212924615228587 0.212058831716934 0.201046627177979 0.161616529322617 0.142281169467663 0.137783124737818 0.129339397406805 0.121164727340756 0.115753757301513 0.110013192981435 0.103979564401182 0.0994290160375133 0.0956637882568807 0.0945134236560138 0.093539027660478 0.092752674010192 0.090529870433043 0.0889785705591877 0.0949993814127541 0.1018706378299 0.109835335491843 0.116513036807712 0.122839530466434 0.129987813633326 0.135209760652219 0.137438640812746 0.143672684520911 0.151508687294345
-9999 -9999 -9999 -9999 -9999 -9999 -9999 -9999 -9999 -9999 -9999 -9999 -9999 -9999 -9999 -9999 0.407898181199205 0.407304374362114 0.397157390447485 0.382837745830319 0.358295796917063 0.332568951421106 0.304632479692607 0.278362301210743 0.252923688567175 0.238512418327607 0.228931924565817 0.230073280772748 0.233562463556419 0.238483502057663 0.243187312911506 0.234363637528528 0.186517939767087 0.162866293953895 0.157078766244765 0.148016243565422 0.138379197906013 0.128058151478971 0.120070166856258 0.114156663107114 0.108045985978653 0.102680768895059 0.101256656093202 0.0997715490838802 0.0982212628694549 0.0939664465754434 0.0907298723340416 0.0999364649481765 0.106795797748972 0.110637194067906 0.114859444872916 0.119478536588236 0.127543880225166 0.13431541311822 0.139076672745873 -9999 -9999
-9999 -9999 -9999 -9999 -9999 -9999 -9999 -9999 -9999 -9999 -9999 -9999 -9999 -9999 -9999 -9999 0.414972096645471 0.423315132006813 0.414676323176464 0.398960133781025 0.375688110988084 0.352566648011903 0.329725952931872 0.302160666641637 0.272237566888348 0.260397166479753 0.252981276716934 0.255108275720894 0.259274126154407 0.264683399379709 0.271311136815526 0.263888484153025 0.215665454490106 0.188791289446644 0.177680446717498 0.168104914258116 0.157538269888722 0.142587717203071 0.13244163977729 0.126567541780277 0.118833107481679 0.111803222498914 0.110019847399559 0.107652355752025 0.104660669547671 0.0991424536818555 0.0950171129585016 0.105771066588668 0.111715592402032 0.111476504632138 0.113368024383849 0.116452334646149 0.12587689526805 0.13371277846126 0.139080235899499 0.141109308644183 -9999
-9999 -9999 -9999 -9999 -9999 -9999 -9999 -9999 -9999 -9999 -9999 -9999 -9999 -9999 -9999 -9999 0.41042251732452 0.407247033444582 0.401933977387119 0.395386262628339 0.377153088982153 0.358777917782725 0.34013794582078 0.320256910709831 0.299756521400598 0.287649458750422 0.278494300632973 0.275833379253145 0.275459536048726 0.276480500277888 0.284840499625444 0.287506829836999 0.272359864714551 0.241020658326696 0.197725616225443 0.187994244405115 0.181188312817808 0.170334787316507 0.161144554260162 0.15343326546402 0.143865183056155 0.135067728955472 0.131847023524919 0.127083604048035 0.120671620233346 0.115457645534951 0.110623371655769 0.106400055699733 0.106351807471591 0.111671558618145 0.115391758257434 0.119013853001828 0.12791968764751 0.135396238259344 0.140652022429477 0.141999227401544 -9999
-9999 -9999 -9999 -9999 -9999 -9999 -9999 -9999 -9999 -9999 -9999 -9999 -9999 -9999 -9999 -9999 0.456690284011519 0.436827984887753 0.42638455064051 0.419379975084963 0.401374410203612 0.382133317879118 0.360588181565257 0.342950820813387 0.327263640600047 0.316344154318623 0.307636682000863 0.303848533025839 0.302179272584266 0.301802246710432 0.308337696740423 0.314535762694128 0.318467346303486 0.294874072628556 0.250957320175629 0.223614307517893 0.201354296625277 0.190675834192851 0.180781145934514 0.171583363574824 0.161028204424757 0.151356135168991 0.147374355318702 0.141155290362264 0.132545433380389 0.127619927437516 0.122514522479606 0.109355641749742 0.10589138304897 0.114891766452655 0.119546841036638 0.123018884750813 0.129300288309028 0.135432995153024 0.141334662773811 0.143048468620709 -9999
-9999 -9999 -9999 -9999 -9999 -9999 -9999 -9999 -9999 -9999 -9999 -9999 -9999 -9999 -9999 -9999 0.475999759349194 0.505024741339919 0.499202429260923 0.479223783984146 0.455189079574249 0.42778369798921 0.394092589180078 0.371623737750269 0.354755368638945 0.346914614482605 0.341498839193768 0.341343988296657 0.342598310132089 0.34471203617315 0.344797503354454 0.345999972897873 0.350807120936584 0.350839466921988 0.34734625100539 0.279691306643913 0.216989456937596 0.201385763192909 0.188627493252627 0.17839927941651 0.16795796210981 0.158572514249108 0.154709092866252 0.148257166893388 0.139039131176807 0.134381582852326 0.129574383864205 0.115336836638967 0.111807503977194 0.122046017210889 0.126473623537593 0.12890112471288 0.129819745778303 0.133328307269688 0.140861018368685 -9999 -9999
-9999 -9999 -9999 -9999 -9999 -9999 -9999 -9999 -9999 -9999 -9999 -9999 -9999 -9999 -9999 -9999 0.547765648330766 0.546865019137553 0.535324235676638 0.51929133304488 0.496722337434585 0.467947194294876 0.427598664427398 0.397595542285512 0.372755309488105 0.373804782826318 0.373432375368984 0.368892179459043 0.365881486292833 0.363803582315718 0.363698929918749 0.364180772297862 0.365987321106792 0.369697625314847 0.374813601932137 0.303663487488716 0.236420038049704 0.217766554563081 0.203365340987366 0.19274510423064 0.180494736590014 0.169234629150084 0.164453572600801 0.15784128460487 0.149272118816591 0.143936716212441 0.138460914291092 0.126045527214735 0.123319570661911 0.133051581352107 0.133852958113685 0.131942213282116 0.132269537198869 0.133441846628558 0.135927061979258 -9999 -9999
-9999 -9999 -9999 -9999 -9999 -9999 -9999 -9999 -9999 -9999 -9999 -9999 -9999 -9999 -9999 -9999 0.612734924173481 0.577924270012264 0.562286233770443 0.554015554660094 0.534822059216273 0.506956909539095 0.462920631551399 0.425442956374737 0.391238360564873 0.401725334586224 0.406392684525201 0.396129804494527 0.38760516404554 0.38014061394062 0.382058403560545 0.382842219787978 0.378597560833869 0.378656039236172 0.381891817336657 0.320920884234547 0.261849265748912 0.23849775401008 0.221532805814604 0.210246577271535 0.195608600519442 0.181851240798125 0.17558462459826 0.16852433110385 0.160615903707619 0.153997630466321 0.147324628287497 0.1378924564666 0.136266321370211 0.144676622323964 0.141409234072992 0.134959147641446 0.136016277459456 0.13665696498573 0.13665060053039 0.136648752334003 -9999
-9999 -9999 -9999 -9999 -9999 -9999 -9999 -9999 -9999 -9999 -9999 -9999 -9999 -9999 -9999 -9999 0.630586007299073 0.640970310727214 0.62727041447458 0.603886361773122 0.580814640417462 0.554486229116228 0.522084656966988 0.489577774012371 0.457018335561697 0.45905703204744 0.461159208301923 0.462205638124277 0.462778947831451 0.463063718449439 0.469054989533043 0.465127061399302 0.431489180538707 0.417692536833694 0.418546031296366 0.38850372899406 0.349687312365691 0.291898899604168 0.255010494515281 0.236705680351373 0.220377757856206 0.205271002759787 0.194529669199979 0.182930773059747 0.170415474368514 0.158648936357787 0.148007589877202 0.144292002813035 0.143912200112162 0.147821307087329 0.149336875150169 0.149916882509051 0.14846831686777 0.145040456160281 0.13853724306855 -9999 -9999
