layers/veg/veg_3400.asc
NCOLS 255 
NROWS 330 
XLLCORNER -2985163.8955 
YLLCORNER -3022031.214 
CELLSIZE 25000 
NODATA_value -9999 
[rows 75 to 99 of 330, columns 171 to 227 of 255]
0.845437019296947 0.84879747688292 0.848618351354693 0.844218464044343 0.830518149717158 0.815282545625822 0.81165202563518 0.806737443948022 0.799976542423932 0.788825532100871 0.776355700267033 0.770477104689716 0.763319861008848 0.753931149071485 0.744524421520126 0.735112727421558 0.736078185903141 0.736711985295283 0.736635659930433 -9999 -9999 -9999 -9999 -9999 -9999 -9999 -9999 -9999 -9999 -9999 -9999 -9999 -9999 -9999 -9999 -9999 -9999 -9999 -9999 -9999 -9999 -9999 -9999 -9999 -9999 -9999 -9999 -9999 -9999 -9999 -9999 -9999 -9999 -9999 -9999 -9999 -9999
0.844976996917981 0.84473374047697 0.840215824800494 0.830600608749784 0.81796447839929 0.805239408153204 0.800319813430488 0.79404440350179 0.785819501179688 0.776136346928479 0.76624954348609 0.763386501097642 0.756819449756156 0.743788244299459 0.731988242088905 0.720767516105186 0.727730262778311 0.729955445704054 0.722036895465399 -9999 -9999 -9999 0.698569984677853 0.69681443954094 -9999 -9999 -9999 -9999 -9999 -9999 -9999 -9999 -9999 -9999 -9999 -9999 -9999 -9999 -9999 -9999 -9999 -9999 -9999 -9999 -9999 -9999 -9999 -9999 -9999 -9999 -9999 -9999 -9999 -9999 -9999 -9999 -9999
0.839322540906032 0.838459599616976 0.831264886733119 0.816519878038084 0.805228474813337 0.795189917756668 0.787566863483438 0.78007004073277 0.772754723095747 0.757774049744034 0.740982482764801 0.745842509539328 0.744951244976221 0.734022954574538 0.726236652647557 0.719916766331766 0.723982167862302 0.725315631009502 0.720799662790749 0.719157585272781 -9999 0.699048263100893 0.698569984677853 0.69681443954094 0.696095484036869 -9999 -9999 -9999 -9999 -9999 -9999 -9999 -9999 -9999 -9999 -9999 -9999 -9999 -9999 -9999 -9999 -9999 -9999 -9999 -9999 -9999 -9999 -9999 -9999 -9999 -9999 -9999 -9999 -9999 -9999 -9999 -9999
0.832575033031304 0.82948998031981 0.8204388870082 0.804273612352881 0.793348564635879 0.784327642073568 0.779002896130962 0.770781381833875 0.758394677584944 0.741928301706105 0.72513811772644 0.733069647725207 0.734481421719812 0.724515062416459 0.719362291250713 0.716453089736033 0.720332901596578 0.721778583638231 0.71801248074422 0.706253931180225 0.689928674543221 0.691056278778319 0.692249202239815 0.69139024322589 0.693020955146187 0.696378447428525 0.706992562734636 0.717000854350512 0.722444705987952 -9999 -9999 -9999 -9999 -9999 -9999 -9999 -9999 -9999 -9999 -9999 -9999 -9999 -9999 -9999 -9999 -9999 -9999 -9999 -9999 -9999 -9999 -9999 -9999 -9999 -9999 -9999 -9999
0.824466020813584 0.81716287568858 0.807277312296351 0.794312354530241 0.782535003579961 0.772452961823714 0.775656721446376 0.767329231143229 0.742421248220123 0.729217164850874 0.721030653316368 0.726239700505445 0.725753421136485 0.715327784418664 0.711089406192138 0.709734754017851 0.716806736202055 0.719615142178157 0.71329468325931 0.702743754050414 0.689775627781165 0.682690878140506 0.678055259310912 0.67920967322752 0.685651526190272 0.695760629224054 0.706992562734636 0.717000854350512 0.722444705987953 0.724924120554813 -9999 -9999 -9999 -9999 -9999 -9999 -9999 -9999 -9999 -9999 -9999 -9999 -9999 -9999 -9999 -9999 -9999 -9999 -9999 -9999 -9999 -9999 -9999 -9999 -9999 -9999 -9999
0.815331693354553 0.789084875492861 0.76023125204975 0.72826915367711 0.74345364249671 0.76730076168526 0.740984293661332 0.718844043824773 0.702708672494921 0.706754880486148 0.718036339386517 0.723198633264591 0.724118388168314 0.717634158330715 0.715294398309869 0.714883498110897 0.711706025453569 0.708237342440593 0.704145140610791 0.695794008461648 0.685009417821524 0.675537786223424 0.66871074439434 0.668778729671471 0.676260442330248 0.688884151337289 0.700749183492313 0.711714333278359 0.719867667413632 0.722655572447844 0.720955906063302 0.726014088723503 0.731476874442323 0.733890531395177 0.730767441912636 0.72207717043014 0.753167700299743 -9999 -9999 -9999 -9999 -9999 -9999 -9999 -9999 -9999 -9999 -9999 -9999 -9999 -9999 -9999 -9999 -9999 -9999 -9999 -9999
0.805571550467686 0.75865092155635 0.708533938265759 0.65460547493054 0.70063240558142 0.763180176660241 0.701205112561105 0.664138320047399 0.662886501266402 0.685561930806499 0.715951234718253 0.721263032500607 0.724049338411885 0.722428212030656 0.722136724942956 0.722458935081463 0.706353671567711 0.695090943124276 0.694196704945419 0.68770709009033 0.678020400885098 0.668420107339229 0.660999827643176 0.659390364372164 0.666913886420518 0.680771843867345 0.692405723496684 0.703850118582573 0.715412429699395 0.72011195529034 0.719071541055621 0.721499881903858 0.725127937180768 0.731691786917978 0.730597570588154 0.721803191706128 0.752587158667427 0.786983628808153 0.787502087354818 -9999 -9999 -9999 -9999 -9999 -9999 -9999 -9999 -9999 -9999 -9999 -9999 -9999 -9999 -9999 -9999 -9999 -9999
0.792334911863019 0.756748548734148 0.722924136703596 0.691200756240271 0.714528931489693 0.747176910179707 0.713417069732103 0.696824320109765 0.704915696195035 0.712828877476407 0.720234583057561 0.718546301129583 0.716833646655981 0.715078457757356 0.715079920682321 0.715895026367332 0.703671399144016 0.694228753356879 0.690740546418048 0.678820738238704 0.662083299787709 0.657459061269731 0.654758154090886 0.65564841724048 0.665145962261351 0.680613326466584 0.682205570805981 0.685388110896575 0.698772996000887 0.702283924307006 0.697536410374308 0.666022346098217 0.647102403941384 0.704670223588087 0.728509929754924 0.7184361185793 0.745452567701565 0.77697664984201 0.783962536817672 0.787785833862025 -9999 -9999 -9999 -9999 -9999 -9999 -9999 -9999 -9999 -9999 -9999 -9999 -9999 -9999 -9999 -9999 -9999
0.776462345203776 0.749006332386148 0.728585234816484 0.716552893905747 0.722551074999182 0.73177958507356 0.721010480868643 0.718762383894782 0.728766427705151 0.726096799253355 0.718735295480037 0.712158872066668 0.707644269499387 0.706727910855396 0.707454045170695 0.708941318012534 0.699364255054972 0.691312929622912 0.686528404420436 0.67201292485927 0.651937393422642 0.651149295036917 0.651578046095888 0.65279611277271 0.662614254128787 0.67839721592121 0.6761105368262 0.676061119226486 0.689865814947434 0.692168423361892 0.684850843478197 0.626611477774958 0.588537045021732 0.67875966897781 0.712569402927764 0.689656144508071 0.724838618266586 0.76633936764198 0.764636745041825 0.769720541643438 0.783008530707373 0.802641713324714 -9999 -9999 -9999 -9999 -9999 -9999 -9999 -9999 -9999 -9999 -9999 -9999 -9999 -9999 -9999
0.75662594152767 0.732482317953764 0.721119748942422 0.724997897521931 0.721739481805166 0.717293458148894 0.72165864791793 0.724537993019065 0.725280879652206 0.718313367608737 0.708540237066738 0.700251547510561 0.695486917842385 0.696872399179908 0.698972415767764 0.70140143954503 0.692613673086968 0.685308906906565 0.681179435012727 0.66833076118137 0.650500128407626 0.651833997094098 0.653001837234057 0.651281628780304 0.658933988401346 0.673086952689044 0.67618866886919 0.680471116534773 0.692586185414212 0.693650815616518 0.685473010248782 0.611361227642221 0.559235367707218 0.654519819105176 0.675797282386276 0.622660940209135 0.683954775664116 0.75475425255782 0.721572032444348 0.725655598330388 0.774790268710541 0.802641713324714 0.822252023184582 -9999 -9999 -9999 -9999 -9999 -9999 -9999 -9999 -9999 -9999 -9999 -9999 -9999 -9999
0.739499159413891 0.703255123173023 0.683349795472022 0.682927495672704 0.686903957013082 0.692620822420457 0.702839427670838 0.707846430915261 0.705359803447152 0.699474869486335 0.692379601050116 0.686479378053078 0.683957156670069 0.687330148638694 0.687500157189875 0.686176458178232 0.67783010605063 0.670921226740025 0.667090161568542 0.659729283552971 0.650351548628984 0.649798140796532 0.649545803082009 0.648971840068204 0.653487480123456 0.661533155618101 0.668629617600274 0.675170225131639 0.680139270583835 0.679733664653766 0.674832773915248 0.595169296340271 0.537583178410161 0.634203871606318 0.671257063689489 0.648415311359356 0.68752604789729 0.731256435833595 0.715307193661916 0.726971113680415 0.772016952847458 0.787361474013491 0.794561867485919 0.808853039943698 -9999 -9999 -9999 -9999 -9999 -9999 -9999 -9999 -9999 -9999 -9999 -9999 -9999
0.72457604321588 0.672380685672012 0.638187037315447 0.625459455356871 0.641061448288969 0.663896204972215 0.676559724962452 0.682501980830391 0.67877990101108 0.67624934052573 0.674176135256038 0.672364177350642 0.673011146823013 0.67794938171335 0.674978073446675 0.668323328721635 0.660003780809593 0.653125326870375 0.649332440430535 0.648871826525708 0.650315199370269 0.646548382421595 0.644217518298903 0.646386060722093 0.64753073483229 0.647965276662799 0.658223618745901 0.66601925222072 0.662026968994597 0.659729669048704 0.658850029905026 0.578781966762958 0.520188397387073 0.616265578677861 0.678805174624279 0.707622828699282 0.707213848045462 0.703713731406472 0.722510052663291 0.744505298606407 0.770367767162593 0.766367621813107 0.757919886193205 0.795002626441267 0.815185240915784 0.810723208517796 -9999 -9999 -9999 -9999 -9999 -9999 -9999 -9999 -9999 -9999 -9999
0.740571722460613 0.732820060306631 0.716637076654613 0.690400197274331 0.660358395681388 0.634089499390571 0.655918254794057 0.662500127707341 0.6471588939121 0.652133641747512 0.664321546783403 0.668900219748252 0.671222015097595 0.669605157784168 0.665941480203427 0.661321048779184 0.645475874216289 0.632442518226614 0.625429627360854 0.629351955549721 0.639522425798669 0.639425863826304 0.640243883877318 0.6448140240066 0.646619358951238 0.646507086539784 0.65220199894433 0.656182477176044 0.652311549407623 0.639144752746603 0.618203018653896 0.567169694527126 0.53665224894623 0.620967269928849 0.669838261272511 0.683070386701985 0.688995727125684 0.693780321274593 0.701775128561128 0.716996317044074 0.740953573898101 0.753668994597567 0.764608522115003 0.791645203222964 0.808121741693646 0.80919892812954 -9999 -9999 -9999 -9999 -9999 -9999 -9999 -9999 -9999 -9999 -9999
0.755844379967044 0.760656498504833 0.752860008309069 0.730028432864198 0.674146688717107 0.616613679988474 0.637795633438674 0.64254363320706 0.623661666623904 0.634017064741715 0.654603327411022 0.661149316114534 0.66389202963692 0.659997351828704 0.656445484966814 0.653047254400477 0.631498553615047 0.614562864157525 0.607504225118689 0.614946564009285 0.630674440634477 0.630481355960646 0.630938574761962 0.635163370570357 0.636740566073247 0.636481444916279 0.641238290387461 0.644926125669701 0.643238552932578 0.626790858549227 0.597998000565852 0.566571666773339 0.553131551641877 0.623199014890303 0.658161598799316 0.657826331407134 0.66341022472431 0.670638018689478 0.679889759149569 0.694871586996794 0.716780593721756 0.741632941120502 0.766733935057374 0.785399730892783 0.794162385735436 0.788483762686705 -9999 -9999 -9999 -9999 -9999 -9999 -9999 -9999 -9999 -9999 -9999
0.769794614741466 0.728861445712158 0.711848627146877 0.723359535188967 0.677859531239832 0.62169132381688 0.624280042207508 0.622670100629861 0.615023012076336 0.626873013987439 0.645134530135603 0.645557493484329 0.646427700288537 0.648078426432715 0.646109233335447 0.642447832028161 0.618528266956575 0.601810241731481 0.600511639330187 0.609895668343135 0.625383516430783 0.618204389468961 0.611881514846856 0.610736748682875 0.610460169403916 0.610785745230287 0.621235392318862 0.631073337454356 0.635340562521358 0.629491685617246 0.615181839567949 0.5861189354987 0.569639114807504 0.620913173523313 0.641528745320534 0.63131730011226 0.624349618836383 0.623336360002782 0.655900199852034 0.682594771916887 0.702193908070036 0.73080874964837 0.760513112361806 0.77387195293556 0.783035921229001 0.786082707472508 0.786921121093176 -9999 -9999 -9999 -9999 -9999 -9999 -9999 -9999 -9999 -9999
0.753588762206923 0.6938998347544 0.676891269913144 0.710776733420593 0.67145103966857 0.616578966499427 0.618970312270527 0.617149767812211 0.609273052920144 0.617773226204241 0.63158691217818 0.628933240770942 0.626930598032762 0.626064116060812 0.621566114679193 0.615374354276422 0.600601123806722 0.591202356711316 0.593311006777481 0.603624704595888 0.618626585038683 0.601275343550076 0.590035683527952 0.59924433782053 0.60300421198452 0.602984933492715 0.610737604694821 0.619185345197169 0.627333453042521 0.620721347401754 0.601764001347338 0.574792719610589 0.560632486150118 0.610389127152742 0.628684394027725 0.615345343207106 0.6108584100377 0.613458299625538 0.648821260833918 0.673037714668956 0.683779007442655 0.713642626487939 0.747128788004104 0.75941110928302 0.769628232022882 0.776833774292955 0.771765766954418 -9999 -9999 -9999 -9999 -9999 -9999 -9999 -9999 -9999 -9999
0.722630873984526 0.657389177377577 0.644895476496782 0.695300912961076 0.660091299606963 0.606481769503574 0.617674801997428 0.618650866950187 0.604936212683139 0.607716712763926 0.616043978726115 0.61180393429258 0.606439084991265 0.599111251229856 0.590073148477516 0.580241944661571 0.580249139426266 0.581643654313168 0.586008599970745 0.596756896580036 0.611152498594589 0.582070550083783 0.566825615036878 0.594079204787107 0.604756969103379 0.603938109729133 0.604889615536294 0.608258510128482 0.619272963681764 0.606339437701214 0.573376149614284 0.548363524938788 0.539144587477043 0.595835038921251 0.617693337523407 0.604528010502702 0.609875477081069 0.621887463662812 0.65001481656321 0.664811133891283 0.663491384954406 0.693374098110373 0.730240155176701 0.743515441232711 0.755104592069009 0.764234932383665 0.764897616733794 0.762454886998121 -9999 -9999 -9999 -9999 -9999 -9999 -9999 -9999 -9999
0.703426346798813 0.646064414051989 0.638786048598075 0.691229633419643 0.655471843864702 0.599657293693377 0.599758035320091 0.595439631225452 0.584767049267109 0.577943034370958 0.572491252068096 0.565717724421322 0.557995769297991 0.548618639618307 0.550188834509198 0.556856309183081 0.563289887332283 0.562139669755604 0.544751570364851 0.550574490592518 0.569659673533968 0.572575367492042 0.574709063690982 0.57681700669686 0.581597794598915 0.588232408247201 0.594632985698565 0.598948965257175 0.596227344448441 0.582577674506944 0.559787933934152 0.532321418165556 0.518033636300552 0.566918705640951 0.583364828047831 0.567193686223264 0.579770976581651 0.602149336493028 0.646030895836237 0.673126526022721 0.679929423124751 0.702536850763706 0.72818843766119 0.736829863794858 0.742954212423719 0.745408027052542 0.746910016576804 0.747462256980781 0.734870804116601 0.729155458344318 0.735617998886028 0.737693106990622 -9999 -9999 -9999 -9999 -9999
0.682333889752274 0.635193911102701 0.631758665536283 0.680438954806474 0.64429747752657 0.588386059662747 0.581502756126091 0.57252559251689 0.560537720467285 0.547185808260265 0.533572143500331 0.52505888884021 0.516655482113455 0.508443779558996 0.517464803580303 0.534506340098621 0.540964961257511 0.53730693781356 0.511987877422725 0.514610189022915 0.533197581951736 0.557840886549132 0.573392576042442 0.563892143829514 0.564022406020018 0.570832303555125 0.582204627326818 0.588628515698502 0.576586251371438 0.563865956428839 0.550578565965264 0.518185327343638 0.497013671837558 0.540565087617654 0.554620756392297 0.539018539670458 0.556827754912764 0.58565356468394 0.637066177736948 0.671949574053542 0.686850580346004 0.705445265374003 0.723725591024418 0.727499914492681 0.729271979045074 0.728124244976426 0.730821036410204 0.734573933666658 0.729313748568287 0.728295614497041 0.734790338276331 0.733256114707545 0.727924468853143 0.72205825904717 0.720299085633626 0.727476463005444 -9999
0.656711081161457 0.624746366351869 0.622048168518492 0.654248712249742 0.618204946133336 0.567025506719859 0.562881160103261 0.550869141878347 0.527544397636976 0.514683763602971 0.505752119097304 0.497308745584831 0.491972502784727 0.492058755457909 0.501061184098903 0.514208330175895 0.50647902113677 0.50071394989448 0.499154564347401 0.502587029904264 0.50887172866143 0.53107948670298 0.550623009853845 0.561020382690735 0.559611529218057 0.550014139878675 0.564991846391469 0.575993612972115 0.564966917810226 0.556747221905764 0.550875261737405 0.508093070113917 0.476189577546519 0.520323151974896 0.539005170675656 0.532095726127919 0.550700841204249 0.577128353311681 0.617011037548794 0.649007739751595 0.67147097335478 0.69357187367629 0.713481037980828 0.711997131697222 0.712084431166725 0.714462945001629 0.719271379928407 0.724715044427317 0.723740950593477 0.725499927258053 0.732099291277423 0.731671304679683 0.727919617391758 0.72205825904717 0.720299085633626 0.727476463005444 0.730110676096779
0.640071578167609 0.634208644971664 0.631087094285529 0.631234494250999 0.598124006223746 0.558033032798264 0.544761263866775 0.529950212258608 0.512925865021182 0.504429623323014 0.49897403483065 0.490587496609688 0.484339870504447 0.481825026293153 0.487023166595989 0.495809420296844 0.494736149142971 0.497123704555084 0.506921334656541 0.512499062333366 0.515665631194163 0.528947361762025 0.543025216041784 0.557938849311986 0.554483667561455 0.538288284439021 0.544712216134971 0.549332181349301 0.540012787720247 0.535965919806907 0.536328920193161 0.492521861521137 0.459348701863545 0.506349617746434 0.531982920896729 0.536131153279388 0.552419295468821 0.573338820711049 0.606503453646388 0.633654564111822 0.653535847257018 0.667399789774139 0.679033601422367 0.68614817018864 0.691657949640371 0.694827541421807 0.702743903500411 0.71213916539983 0.714314118069917 0.717573503278526 0.722753465929113 0.72043861139186 0.714578960185522 0.713578138410431 0.714920008605246 0.721324777410868 0.722841571722383
0.628808547115836 0.655586872077054 0.65134747349691 0.610121114060684 0.581640979419767 0.556442803976489 0.526941632916323 0.509472685975478 0.509304569776805 0.507490763522335 0.504789466339324 0.496451955517919 0.486911801735793 0.47527282218347 0.474400952276676 0.478547114086654 0.496604911123024 0.5132854667118 0.527017171268215 0.535539217882351 0.541084581291038 0.541555757896754 0.544507666424187 0.554731768098953 0.548926693379151 0.532004138579005 0.522597089006219 0.51427592910703 0.507077836025536 0.507007626461902 0.51289908105382 0.473671522773259 0.444891766352065 0.496127696324844 0.530103747801461 0.546725043013464 0.558833170625764 0.572383572636028 0.601710043433346 0.622843169883662 0.634071253345272 0.632669996617226 0.630100837304872 0.654107062709029 0.669292979470523 0.671616661079591 0.683237222036524 0.697937179010728 0.702580661510085 0.706576354182291 0.709424782746338 0.703431699127775 0.693256877362824 0.700022699988195 0.706321575805744 0.711491332953846 0.716426100416281
0.626273083477199 0.642414087054933 0.640490343889129 0.617025365442558 0.58450682866659 0.550390885715113 0.526558728113513 0.512856070510546 0.513718364760309 0.51490606708552 0.515701067866897 0.505893008968748 0.496998116230718 0.48969686078316 0.49199430011653 0.498755283734498 0.48775864221089 0.485242850796168 0.500885649977578 0.513013175002009 0.523132150201949 0.524837391347504 0.527327996028794 0.53298922597533 0.533242668858675 0.529745390964241 0.518348130638352 0.506755342161781 0.497211960140976 0.49795032245768 0.507288194926293 0.476367014076883 0.451190190546156 0.481176427314621 0.508394483097351 0.532829141168766 0.54871234855452 0.564538010709259 0.592328518161064 0.61449940411152 0.629876654863244 0.629224096911183 0.625405702787424 0.638036286290045 0.649568819724994 0.659500119149693 0.672704263888737 0.686614958678208 0.688552355666355 0.688649060529779 0.685485819157005 0.679974330030298 0.673352198628041 0.689381590018183 0.701905504776778 0.706653117192531 0.710104879218768
0.624674658784364 0.628072252387635 0.626458656678056 0.618869488237951 0.584346432466369 0.54415293421972 0.525508561725754 0.514779065293437 0.515430168967125 0.515930977415584 0.515969011450555 0.507620184351668 0.500028463833185 0.493758028894575 0.497040912756334 0.504759225057009 0.473530012642536 0.457968521310629 0.475953635455757 0.489708366235542 0.501045949621824 0.504524503021311 0.508018908895526 0.512558162708248 0.51778159030884 0.523479545625075 0.514417968205141 0.503992203982771 0.493984551359166 0.49431566220965 0.503293973236983 0.478768896139871 0.456789417866112 0.47057689214356 0.490715143418252 0.517239081990952 0.53553089321726 0.553383721197304 0.580290147153739 0.604033912388093 0.623954294998186 0.626003862153332 0.623331582645305 0.626756549388197 0.634833341964583 0.649693670149819 0.662762951858044 0.674652192551509 0.675370687774146 0.672885607339806 0.664726854342262 0.660139351453703 0.657240929856056 0.679595403877123 0.696698831901719 0.702211846514498 0.707559122766594
0.624248871539463 0.616257545044544 0.608715560539995 0.601709392101596 0.572383227504347 0.538142351763907 0.51963509499313 0.508557262277585 0.508162010506074 0.498187924645829 0.485341124908071 0.486975630534988 0.481879699565208 0.465037960209075 0.461585417449422 0.464360234060904 0.445919151545747 0.440316303552216 0.462201766478252 0.471889513877046 0.474607756683208 0.479013097542768 0.485847507743086 0.498953660949999 0.504657349628974 0.505226853624407 0.508374752148703 0.510011397154022 0.505600904567397 0.502627922503829 0.50085725455455 0.47670902642263 0.456915615752136 0.473055473451005 0.487752149329063 0.50099771019775 0.51650048506413 0.534054062302419 0.561527812059322 0.587164787832582 0.610581263099821 0.618145181965877 0.621194376477485 0.626304151698146 0.633730653936754 0.644535528621955 0.652978067821262 0.660396198253171 0.664965209598692 0.664397130098197 0.654731038092755 0.651614500476396 0.651595681990542 0.671730388153237 0.688555820199167 0.69804843312768 0.706060409764543
