layers/veg/veg_2800.asc
NCOLS 255 
NROWS 330 
XLLCORNER -2985163.8955 
YLLCORNER -3022031.214 
CELLSIZE 25000 
NODATA_value -9999 
[rows 75 to 99 of 330, columns 171 to 227 of 255]
0.837994553347678 0.831868327072442 0.818868857388055 0.802662734347607 0.773876014175261 0.754709416853297 0.75092089836116 0.752868902482592 0.756581241712101 0.729316250303484 0.708663099278331 0.700906989305134 0.694822360153356 0.689610587042035 0.669907733823965 0.652797061921167 0.642839098455036 0.642525791883877 0.648352259315881 -9999 -9999 -9999 -9999 -9999 -9999 -9999 -9999 -9999 -9999 -9999 -9999 -9999 -9999 -9999 -9999 -9999 -9999 -9999 -9999 -9999 -9999 -9999 -9999 -9999 -9999 -9999 -9999 -9999 -9999 -9999 -9999 -9999 -9999 -9999 -9999 -9999 -9999
0.831748257313504 0.821654970520044 0.809698271411435 0.796593141477346 0.776178958801208 0.762089125076109 0.758108968558778 0.753613610960027 0.748354993828164 0.717527465524025 0.694367067712752 0.686162157478659 0.68209508061668 0.680188802016324 0.663852210054934 0.649298169994949 0.639939426649357 0.636448773427427 0.63669373750965 -9999 -9999 0.589400427612829 0.589400427612829 -9999 -9999 -9999 -9999 -9999 -9999 -9999 -9999 -9999 -9999 -9999 -9999 -9999 -9999 -9999 -9999 -9999 -9999 -9999 -9999 -9999 -9999 -9999 -9999 -9999 -9999 -9999 -9999 -9999 -9999 -9999 -9999 -9999 -9999
0.827304450131826 0.814520491355167 0.80324117287039 0.792190207411978 0.77727730338666 0.766467218697362 0.762215623972811 0.752793147273849 0.740727199294609 0.707218308294369 0.682878498665455 0.676423878635256 0.672881626432211 0.670860227964006 0.658129796632088 0.64641214547374 0.63780178357598 0.629329561387201 0.620945278728385 0.605199353853393 0.592104636299669 0.588802125237732 0.581489969807969 0.571092064133873 0.571924022076161 -9999 -9999 -9999 -9999 -9999 -9999 -9999 -9999 -9999 -9999 -9999 -9999 -9999 -9999 -9999 -9999 -9999 -9999 -9999 -9999 -9999 -9999 -9999 -9999 -9999 -9999 -9999 -9999 -9999 -9999 -9999 -9999
0.826776037715693 0.814102283708591 0.802720998495824 0.791450483656327 0.77566991453659 0.764176205255011 0.759535180658324 0.748590876391738 0.734548406826421 0.700189762303846 0.677496153562039 0.67755633750303 0.67128803716067 0.66171496917582 0.653062888614463 0.644762108179742 0.637251963695406 0.629251969742955 0.620940138359421 0.605199353853393 0.591156099233127 0.584014568469508 0.577202293305218 0.570643407332804 0.571924022076161 0.573775765149054 -9999 -9999 -9999 -9999 -9999 -9999 -9999 -9999 -9999 -9999 -9999 -9999 -9999 -9999 -9999 -9999 -9999 -9999 -9999 -9999 -9999 -9999 -9999 -9999 -9999 -9999 -9999 -9999 -9999 -9999 -9999
0.823501862378659 0.811921316241931 0.792059127303808 0.771012000318835 0.77222606317008 0.770933664661373 0.765634606261028 0.74304812940816 0.713373873931998 0.694041890756061 0.681218957720755 0.681092563319819 0.671187790387447 0.656176696965074 0.652047874736708 0.647558912070487 0.641526756692012 0.631862180229534 0.619885209994734 0.60285616837815 0.586988095046694 0.57583354150441 0.568117320935522 0.563047179629394 0.565635105238651 0.570296625961476 0.579168307582923 0.591878226055731 0.608142691052863 0.623229492740884 -9999 -9999 -9999 -9999 -9999 -9999 -9999 -9999 -9999 -9999 -9999 -9999 -9999 -9999 -9999 -9999 -9999 -9999 -9999 -9999 -9999 -9999 -9999 -9999 -9999 -9999 -9999
0.818636524755025 0.808718834162813 0.775520169865479 0.739158138362585 0.767717986675218 0.782934689941031 0.776821942475382 0.736728580100351 0.68350934947121 0.688404367698087 0.690218171583122 0.686021765669991 0.671952931607562 0.652728663852035 0.653380922702012 0.652932648563024 0.648597399978233 0.63602996487951 0.6182219322875 0.599155113171936 0.580954418254252 0.565686007614455 0.556252328410756 0.551308953658752 0.555701777873474 0.562976870187912 0.576791617314021 0.591878226055731 0.608142691052862 0.623229492740884 0.635780762430309 -9999 -9999 -9999 -9999 -9999 -9999 -9999 -9999 -9999 -9999 -9999 -9999 -9999 -9999 -9999 -9999 -9999 -9999 -9999 -9999 -9999 -9999 -9999 -9999 -9999 -9999
0.813703979422338 0.803628521695359 0.77141044293006 0.736225308127121 0.763369199921339 0.770653370433103 0.746191131447837 0.714882264258676 0.681702212521945 0.696490190496798 0.703528673049495 0.695451007178308 0.683742697377474 0.670138446298619 0.662358715834367 0.654798667360919 0.64740787910473 0.63399037767807 0.616736279755389 0.599272061373506 0.5829446787912 0.570130480934209 0.56035725464591 0.552924305424674 0.560527434702812 0.570745398180525 0.583445604608562 0.596105707258474 0.608728670265713 0.617422480599923 0.625148366430156 0.631764441306515 0.638769044124102 0.646206064679754 0.660152398743893 0.67631696717354 0.696566579803164 0.716430326838386 0.735777014209212 0.740703110363261 -9999 -9999 -9999 -9999 -9999 -9999 -9999 -9999 -9999 -9999 -9999 -9999 -9999 -9999 -9999 -9999 -9999
0.80732780438626 0.795806961097768 0.767423309866493 0.737102793287219 0.758757090703512 0.758702109200261 0.723944140245017 0.703150968312238 0.688919074429985 0.70551020281344 0.712739128864242 0.701706164001449 0.69097827831818 0.680409706580518 0.668125085450425 0.656617639488751 0.647091839295382 0.633795095951608 0.618097775897392 0.601086454429167 0.585710429664896 0.575623442472565 0.566212956742108 0.557323094378655 0.567027639624613 0.578862161201998 0.589383507185853 0.599572185825502 0.609452785105306 0.61340467684943 0.616811016900343 0.623521541114291 0.632373284701402 0.64360812906402 0.659144447322357 0.676316318703565 0.697570264653984 0.717725408308571 0.736408157547685 0.757093058617488 -9999 -9999 -9999 -9999 -9999 -9999 -9999 -9999 -9999 -9999 -9999 -9999 -9999 -9999 -9999 -9999 -9999
0.797041316137729 0.780832931627657 0.76203544182832 0.744292067401533 0.753407801259482 0.751033848305322 0.730293257806648 0.721049214048626 0.716724174532699 0.715152593179597 0.710215973039193 0.698715515772625 0.684310827643687 0.668389534945542 0.664105653572868 0.658798119766191 0.650299547705984 0.639473188903437 0.62716496457875 0.606977158382452 0.589462603582956 0.581927962792948 0.574594854130469 0.56741684097141 0.576015967205585 0.585819963428387 0.592117548750364 0.600382781463158 0.610470229548524 0.615054809176211 0.616048049312769 0.603321028540798 0.608612008278426 0.633956379800993 0.655399745440192 0.676313909533158 0.701299115538717 0.72253684456962 0.738752956708633 0.758049012684003 0.77710700535873 -9999 -9999 -9999 -9999 -9999 -9999 -9999 -9999 -9999 -9999 -9999 -9999 -9999 -9999 -9999 -9999
0.782692634611093 0.767060698666814 0.752471163640671 0.73921890621328 0.739761496003797 0.738315425174951 0.733690415756027 0.725713005875537 0.716330094384369 0.707498213537173 0.697608322252133 0.685654678175298 0.673679622255303 0.66169338495865 0.659275066959396 0.655106324784893 0.646121041257661 0.636509857445668 0.626500226458333 0.608639711473051 0.593165497886039 0.586790095440223 0.580788853647606 0.575075559169292 0.58166765472178 0.589294459525072 0.594563579809632 0.602615361841332 0.613244134565557 0.618413455314791 0.617457299276077 0.588945243381741 0.584076606757486 0.605522252314868 0.644101886344361 0.684517462255347 0.703073004638325 0.718515540503471 0.729786649507232 0.749793260613574 0.771905022372053 0.78103386152344 -9999 -9999 -9999 -9999 -9999 -9999 -9999 -9999 -9999 -9999 -9999 -9999 -9999 -9999 -9999
0.765488178587445 0.75413334422031 0.739970815015846 0.725525094157158 0.720282281151232 0.722046672572208 0.735012307857689 0.721072805162188 0.696111625221449 0.687683980512722 0.677911140870111 0.665514367000566 0.660261845955743 0.658740091158857 0.653874228058706 0.647286244226014 0.636749930080936 0.627471492685126 0.618993817726843 0.607329819734827 0.596833747981415 0.59063821086831 0.585444732618783 0.58102242086171 0.584973641048899 0.590320146289096 0.596807135752765 0.605847615912779 0.617252854119541 0.622973208795514 0.620393646317016 0.578664317049776 0.558996985264498 0.563883869627033 0.627494059882136 0.698489912489787 0.703472530278005 0.708284705566129 0.71286848800665 0.735061559798494 0.762431366085586 0.77741331622404 0.786680666402342 -9999 -9999 -9999 -9999 -9999 -9999 -9999 -9999 -9999 -9999 -9999 -9999 -9999 -9999
0.770464568930632 0.759504717870181 0.73845046385181 0.715388721593631 0.711593908142439 0.712248321057857 0.720014966827428 0.705136661787808 0.680958562033015 0.669603785942868 0.661444277247651 0.659517449980658 0.658285070142135 0.6574153343884 0.649976653305359 0.641613091325868 0.631424732195246 0.622735315220122 0.615000122555805 0.606344213827282 0.59876179656169 0.594664900908203 0.591174367882612 0.588150480637928 0.588193407166348 0.590214681717019 0.598480657284079 0.607158334271892 0.616217283158985 0.597665417410386 0.573993761847132 0.551675890638076 0.542045939211394 0.546537189867945 0.615951560337104 0.693066283244177 0.693409349970404 0.694491361563041 0.696563558832185 0.725291074436946 0.761007914612202 0.765465464149995 0.776135450917904 0.796880129120672 0.803114743473681 -9999 -9999 -9999 -9999 -9999 -9999 -9999 -9999 -9999 -9999 -9999 -9999
0.774880559510895 0.766480657131786 0.741930532649136 0.713475000296063 0.706156315444595 0.702647000039085 0.705227085418055 0.689801690792073 0.667028021927109 0.656615647275651 0.651383308320845 0.656255135400869 0.657200720713183 0.656096002008045 0.646300576624742 0.636099782195524 0.625459225481809 0.617000483562219 0.609930681643145 0.604099796044888 0.599337709809841 0.597544267453824 0.595829948165639 0.594176520568462 0.591529557963107 0.591173360772814 0.600436311988621 0.608253304660571 0.614731211935912 0.578330520582711 0.539529900978836 0.533037419215474 0.534814627342798 0.545795705301823 0.611910034620549 0.683669048356244 0.682945128211919 0.681234588767441 0.678201980054218 0.711863739563922 0.755060030862918 0.753936744622187 0.764185886712221 0.792877662836782 0.807282546564047 -9999 -9999 -9999 -9999 -9999 -9999 -9999 -9999 -9999 -9999 -9999 -9999
0.76926652833676 0.772373351196322 0.758808683749362 0.738874425031085 0.708098189077147 0.691374116191594 0.697112882373281 0.68067335896925 0.655505739715387 0.660712614393292 0.662433608919788 0.657355053425785 0.655053569054345 0.654202285769899 0.642847536928203 0.630360517095921 0.61579201279383 0.60622379689471 0.599838757035877 0.597357459206382 0.59584307212779 0.59636669747607 0.596357410954421 0.595938005035142 0.595302055113047 0.596246581083123 0.603581249803017 0.609297615828999 0.613515290544699 0.590657518688981 0.564567670700387 0.549537301675746 0.558440052513468 0.593979511957131 0.632121416132592 0.667512207342554 0.674897003590519 0.671142489039899 0.6524613047196 0.683905811576882 0.730437689736799 0.746899853635323 0.765516213822806 0.78762602788314 0.80305931841871 0.815404158165904 -9999 -9999 -9999 -9999 -9999 -9999 -9999 -9999 -9999 -9999 -9999
0.766355797338985 0.765533724877432 0.759462883614567 0.749394587878295 0.708085705293534 0.682837144199403 0.683261528633767 0.672433344140666 0.657278332799224 0.662294001533564 0.66227998886909 0.652455090926597 0.649356512567751 0.649770453529144 0.637366332563237 0.623687889315397 0.607728581648292 0.600738803522714 0.599459014347431 0.593656450398699 0.588827883277468 0.588019901300396 0.587680482715681 0.587701662096724 0.589058990546556 0.591753683094152 0.59905711204266 0.605480687249238 0.61108944013468 0.598118626883019 0.582048428038767 0.568770721280259 0.580423480526759 0.619822959056188 0.633215724714697 0.640462496289924 0.653520369910467 0.658502005811662 0.652661488026881 0.67735469931366 0.712106188394935 0.741361292637616 0.765484408168227 0.781284992491498 0.7941504291603 0.805496096087703 0.802311556015062 -9999 -9999 -9999 -9999 -9999 -9999 -9999 -9999 -9999 -9999
0.765736072781575 0.747903647592602 0.7463675276248 0.747304798966921 0.706416932849724 0.676618816557395 0.664548025545859 0.664946164669652 0.670318133717525 0.661743472292589 0.652631213751951 0.642470319480789 0.64065096486949 0.643187605963038 0.630166288996423 0.61622425063202 0.601024331356882 0.599738441020232 0.607310200477252 0.592532921578925 0.57882908000257 0.573597293220626 0.571202970839171 0.570992310065551 0.574327887323876 0.579153643018406 0.588033547512365 0.597543930738912 0.607638192989699 0.601455966202065 0.593124730484874 0.590320772702875 0.601015340524217 0.62673328578961 0.618108600105462 0.604181240908066 0.620848024285112 0.643701805707114 0.674846160787805 0.688945542990023 0.69910607961801 0.737092543880879 0.764298215381611 0.774020706533226 0.78127051223678 0.787483222108244 0.795120566410216 0.800195474031014 -9999 -9999 -9999 -9999 -9999 -9999 -9999 -9999 -9999
0.751300925450101 0.7343377614579 0.736329563505114 0.741983484088914 0.709957137853557 0.683181948511465 0.664800904016411 0.658913895158418 0.658078409464994 0.646440746979451 0.634558956728437 0.622200971404555 0.616017645685233 0.613058759555377 0.600718049939664 0.587324610984044 0.571972135708912 0.576793671104379 0.594457951203334 0.581699193540491 0.568035775472707 0.558695486337495 0.558893565169862 0.566432200566963 0.565872322428612 0.567130133022979 0.5798622111603 0.590836434337238 0.600182728472362 0.584177637753365 0.566681794482653 0.567896839225717 0.581729835472064 0.609606161603095 0.603410389490913 0.590616925347599 0.597285526195054 0.615485812187366 0.649138549337344 0.685189722122704 0.721329019445318 0.746667538658993 0.765589970964379 0.774107453742564 0.779555191698939 0.783606780532927 0.78332329517211 0.781809743088138 0.777860043007499 0.776491635279716 -9999 -9999 -9999 -9999 -9999 -9999 -9999
0.733374042483039 0.71928161222166 0.724836507944463 0.734506696420384 0.709582076072048 0.685166923460072 0.661566171571751 0.64743844137434 0.637271381916721 0.625035576346291 0.611982475823187 0.597335161594838 0.587080754730917 0.57912034710353 0.568764220105382 0.557315082666534 0.54337691314506 0.551445792715528 0.573524326478201 0.564766615684585 0.553911936264545 0.543843217391676 0.547861566555911 0.562721070109356 0.557562187197716 0.554472780689351 0.570121633759631 0.58168095795087 0.589453016992496 0.566485541141058 0.541868169792526 0.540796608718332 0.555043559878318 0.586339468675459 0.587376959506201 0.581140979023692 0.580666469199872 0.593459083902377 0.624029637489833 0.680117666196414 0.74164741159052 0.754798765501202 0.765694459913458 0.772932157860399 0.776442827967564 0.778179722742373 0.77023219862744 0.766638215500668 0.771666423314498 0.765563192901364 0.753558908284022 0.740085058481751 0.727871510082557 0.718855085394694 0.71543110394912 0.715618481576411 -9999
0.709742389044116 0.694224768043701 0.704270675692581 0.719484914847519 0.687086738359515 0.656204406258586 0.627745200643746 0.609605972104893 0.595921108697028 0.586525655320072 0.574908470570822 0.558957581579927 0.550277353900399 0.545393903642683 0.542085935721139 0.538439074876163 0.533876857765158 0.531618139949462 0.530825826303834 0.526916136813273 0.524940654928136 0.529584756377667 0.539589647623426 0.55372010635249 0.545159913913336 0.538436998387638 0.550934559117468 0.56023514435359 0.566575047753344 0.562533276415678 0.553112298388846 0.525404244726686 0.524314105008077 0.552848753929219 0.564838607394774 0.573376222313251 0.589339539022333 0.610335892445858 0.638076512039305 0.680596478342691 0.726375334594317 0.745716584448591 0.75840879564065 0.760318280121919 0.758368863580287 0.754821246757252 0.754637687224129 0.754816200882758 0.755711800748279 0.754932390584924 0.753265015652644 0.740085058481751 0.727871510082557 0.718855085394694 0.71543110394912 0.715618481576411 -9999
0.691532531206694 0.679466216062007 0.691285641566243 0.707371597342825 0.671111257814311 0.638737554818305 0.612576766554194 0.591869082542614 0.573590440099469 0.561110132713598 0.547417234043835 0.531359057529994 0.52482289771574 0.523259184900025 0.520422952471178 0.518481461693135 0.518777829095876 0.514996472978432 0.50861924423079 0.503370905589384 0.502025672018682 0.512311683721196 0.526109947924126 0.542611178529335 0.53072260262993 0.520777995147649 0.533472559142247 0.544007953212446 0.552543765118383 0.557529059516601 0.5548151610757 0.513962125734151 0.50502708207812 0.531615624511295 0.55038185695454 0.567739701482631 0.590431856655034 0.614249675238671 0.639575882116263 0.672944343535868 0.708207286872239 0.730873521727241 0.742271582402968 0.735396077699213 0.736468329010802 0.740914062038129 0.743029665280221 0.743996015864955 0.742686270766273 0.743769200153468 0.746120546213 0.733539472115067 0.72172275886331 0.712853023280192 0.709499021752226 0.709706843806654 0.707452879647344
0.678846080860402 0.675198960404166 0.686023480125071 0.69822125251408 0.661777825506625 0.632981813690517 0.616410443439385 0.594604391427367 0.570635829614311 0.549034415522039 0.529688360478092 0.514741603745382 0.51093008097319 0.512933435703516 0.503869263981001 0.497421972348159 0.497974894694582 0.50164087637565 0.507288626924318 0.494399021984205 0.485280490879459 0.491967501463283 0.507324866500067 0.529354780500634 0.514212113942814 0.501465349581533 0.517767964100462 0.533097188673521 0.547524968134439 0.55145317541655 0.546797941436943 0.506544284752732 0.497396937964882 0.522869804391208 0.544158168490794 0.564271302592691 0.583801348399252 0.604957487389741 0.628292590268582 0.657008876672357 0.687088993958886 0.710161610509313 0.717116930026277 0.697934875697603 0.710669509082885 0.736635298752863 0.735482845078644 0.734196436108726 0.732644728582954 0.732063643923151 0.731997110755001 0.720325626111009 0.709310020389347 0.700736412170835 0.69752368199777 0.69777277606309 0.702087940588806
0.667865649050743 0.670846956610745 0.676560102252658 0.679830115284705 0.636169083687293 0.604862824417259 0.593306069985143 0.583825311044071 0.575055356943175 0.558464525525322 0.5438399074025 0.533050580531766 0.52564843616156 0.520015096235795 0.508657047771025 0.500645016759783 0.501061624937354 0.501553218333072 0.502092547205338 0.496957561807297 0.493453655556506 0.496240646148702 0.504580790484973 0.517194542141658 0.509691148299265 0.503899947426621 0.515480070949021 0.522101133959086 0.524129668683206 0.5227316650672 0.517675396480539 0.496337834007668 0.494271749700793 0.513654133093301 0.536487312661218 0.56067834254936 0.588516901360339 0.614391220568508 0.637633459890425 0.662852509898622 0.686391518992158 0.675138616785965 0.671205124357887 0.679141497534621 0.690595727662403 0.703521432546781 0.714196271071729 0.721445357855505 0.721909740944566 0.715734603416212 0.706039689713886 0.692318951157872 0.682944737589109 0.684521927979909 0.688950209620724 0.695219603241978 0.700109972313171
0.659151446639176 0.666751901896118 0.666598682565565 0.660718888730421 0.611184362748035 0.577274199078177 0.568340086031031 0.571612098748812 0.579642269458019 0.568823986885097 0.55929172446449 0.552267970074342 0.540275665092792 0.52568875696626 0.513730681480614 0.505067305019331 0.504191224511958 0.500398717889814 0.494749618810666 0.498566155281523 0.501827449006456 0.501193950123577 0.502353491464854 0.504892924338203 0.506276281831347 0.508546430332061 0.514945718029949 0.512307674481526 0.501300263534806 0.494814765652417 0.48969618357897 0.487231386440152 0.491885379587484 0.504462332364375 0.527426884242096 0.554263296220864 0.590323421622149 0.620855055418198 0.643978513788681 0.667328093103934 0.686495736904966 0.642748441880919 0.629828835400224 0.666902402004426 0.674314092482949 0.669460258667175 0.6915446153275 0.707181874853958 0.710050654044078 0.698246970078734 0.678665045905406 0.66188643781866 0.653719254129738 0.666475412952751 0.679503150112228 0.692706260869055 0.698309788926444
0.662829074517157 0.664483697469087 0.659716293379569 0.65086126211703 0.615004722401237 0.587103615948591 0.57191952795286 0.57041359535779 0.574153090900464 0.552713791743446 0.534993059992132 0.524525757498694 0.510913438156437 0.49565877454157 0.488330595728265 0.480593111618902 0.471376913549778 0.47207275639456 0.479078589504855 0.476410764433336 0.473740127236321 0.473312128770201 0.479216656116828 0.489994581521077 0.491990905251971 0.494834218748868 0.505655959695768 0.5105922453174 0.510078079187191 0.506556785487744 0.501278931430575 0.489624298975749 0.487550815293394 0.496140808392593 0.511376458016656 0.529384232602616 0.555696723279121 0.579292253258932 0.599247057539452 0.629734676569653 0.660931877004547 0.649462096902023 0.649907563211429 0.66967595006297 0.67441540654157 0.672864469119421 0.680705815594542 0.687397749624525 0.691813271511282 0.680112722782279 0.659868641373726 0.637852512319862 0.626747148823109 0.642534059072457 0.659123284820009 0.67623061137399 0.684169197750159
0.661808878261328 0.653832912312185 0.645659133752485 0.636192072529898 0.609586406329408 0.585991178617339 0.567208234605516 0.559563823287837 0.556251907466618 0.535294940079231 0.517021946522377 0.503984306311518 0.487570830290008 0.469394475124947 0.466689326599148 0.46001604473053 0.442809142917738 0.444755144368816 0.45889385509148 0.450598342567685 0.443200875259887 0.443760813166871 0.453532120263487 0.470392331542138 0.475077584643158 0.479376252238457 0.488537872471909 0.496485287816987 0.50330824213141 0.504357686724775 0.501526464325267 0.483686934159356 0.477638358818781 0.484712695562985 0.49128887862372 0.499675931593304 0.523886913310014 0.546560191340326 0.567172947355811 0.60142915397603 0.638123586360624 0.641989617061977 0.648006631233322 0.657511889058321 0.664623359355794 0.670559691360277 0.668259894307962 0.6673084890363 0.669027574619587 0.65754447438992 0.639062564796377 0.616900245382181 0.605781643708325 0.622018452168502 0.641627139841101 0.663413241938633 0.674114008450098
