layers/veg/veg_800.asc
NCOLS 255 
NROWS 330 
XLLCORNER -2985163.8955 
YLLCORNER -3022031.214 
CELLSIZE 25000 
NODATA_value -9999 
[rows 175 to 199 of 330, columns 114 to 170 of 255]
0.366841691084367 0.367176762827733 0.366455353211905 0.365147846534212 0.36982331461019 0.370523963378499 0.360341798556504 0.36096358637559 0.368870419424169 0.376032886679377 0.38298185198749 0.389455623291823 0.402212624562566 0.420082513475061 0.436705055844282 0.452521393652255 0.465654598187022 0.481153319163758 0.498966728888605 0.503077320982627 0.506664802316912 0.524904240151715 0.540479688732557 0.552921693385625 0.55943807278505 0.56465351910813 0.573601930706486 0.575734617794679 0.568203751203147 0.560239191622441 0.553126101840696 0.565356896640926 0.568957879454069 0.557717395745206 0.54405438178922 0.529213242232901 0.496278812769205 0.475779901848534 0.481494238784293 0.444525190936061 0.383524269849584 0.371859325450483 0.35549984195738 0.32111077673682 0.323370384449486 0.350693319266546 0.389580345530867 0.423113344428407 0.434971718739224 0.491948709181182 0.586148136158326 0.630625094633796 0.660380039599075 0.658974079416734 0.622760498382453 0.552020762833595 0.562535485624537
0.350897185753947 0.350498998815336 0.351151139451529 0.352385963255988 0.354968452117317 0.356088580596953 0.353293755023645 0.356131979111222 0.362768537282889 0.36863606941026 0.375532946186457 0.386046047776346 0.396031314258979 0.405587062546162 0.420060162065059 0.434759065443769 0.447233408843384 0.466055562323009 0.491089130911253 0.499323475062609 0.505047610576797 0.517394325748459 0.531594619602059 0.547975134286856 0.560664546291345 0.571859624860052 0.578906889492602 0.578051111207599 0.565990144192758 0.556756885312609 0.549236847332654 0.554655437981169 0.558054123981403 0.557978997659888 0.537941505351538 0.508729818673156 0.473031961946202 0.44807443933648 0.445756828307592 0.423184385617047 0.389207937611124 0.370370607503016 0.35037609469398 0.325593006177714 0.343223742713541 0.389860483722326 0.404914261820963 0.421873243820544 0.455433915753168 0.501002461452249 0.556477390757939 0.616240581782004 0.665831304676308 0.667366863274302 -9999 -9999 -9999
0.339569379539236 0.333132309298558 0.334458377031055 0.340091148632327 0.340820901014313 0.342390184529148 0.346637119995458 0.35212521617092 0.358450220115569 0.363292981394571 0.370132592185549 0.383984479191698 0.391508696414383 0.393883863735994 0.405895226854088 0.419025737480807 0.430730974572293 0.4507608669297 0.478936543241109 0.490940812980965 0.499637541929059 0.509301977717231 0.523181989604638 0.542020456677471 0.559330088323304 0.575274304796913 0.582435976463164 0.581110767762876 0.567752586797762 0.558861397621051 0.551894532088839 0.550396565872025 0.552562097097575 0.561028075508494 0.535447118155321 0.494276127179384 0.457286050437444 0.42784373096666 0.414311582947468 0.404152579058398 0.39589274442593 0.372913313625992 0.352143585871637 0.338877107589066 0.369217012397352 0.429378489332872 0.419826736439944 0.420409423871699 0.477495498412521 0.512287263625969 0.528686432053605 0.597514229052669 0.6602987377938 -9999 -9999 -9999 -9999
0.316136230342418 0.307374373549532 0.315114020052911 0.332008094615172 0.333853659901295 0.335496094865908 0.338181642157251 0.344834229152675 0.354161768976154 0.360055086720481 0.367354727879241 0.38031980609721 0.389554732578464 0.395754301955414 0.404180740323728 0.413494468138792 0.425204759754601 0.440004262038199 0.457826597326215 0.468091723998441 0.478531436533673 0.499861774648739 0.517877694720615 0.53199512193029 0.548401638261274 0.565227211797226 0.579820512102095 0.587181054561574 0.584286760049991 0.578700376160292 0.572399931855519 0.571334248021724 0.572340354967845 0.576909507499054 0.550047588208024 0.508790658703919 0.47065188875094 0.436409279723214 0.410379519373153 0.401420051052897 0.402071608106477 0.382937813611723 0.365140544537199 0.35313994992031 0.375598145080307 0.421622048100264 0.409801134043966 0.41255071144107 0.482820721577183 0.525074833032347 0.544216089970945 0.605226629230966 -9999 -9999 -9999 -9999 -9999
0.29289154153484 0.285578407710535 0.298980295215982 0.323874115856048 0.327303170957521 0.329713537821754 0.331730237762676 0.338770878808929 0.349199135425013 0.356684528784638 0.364794713643323 0.375852846815566 0.384789231350707 0.391999073575039 0.398756568012198 0.406230067089876 0.417102939188843 0.428303066876079 0.439823418432609 0.450701617727497 0.463119025376628 0.485711589753161 0.503679890875569 0.51620902981197 0.532035934873381 0.549376586449091 0.572113819497159 0.587913900487532 0.593878263911269 0.590901118800985 0.585270433225445 0.591631207450199 0.596491282960183 0.598770471451051 0.571982152274691 0.531838781855497 0.483221463196111 0.439519158190041 0.406177375800403 0.399669868447427 0.408270766844951 0.388880076183102 0.372075611566313 0.365297597471614 0.375718421146389 0.397901201321393 0.416570410027334 0.44578576955385 0.511460636958122 0.545433885340504 0.553253594379502 -9999 -9999 -9999 -9999 -9999 -9999
0.269816035384824 0.267339139389041 0.285728784940391 0.315694421478823 0.321126804341634 0.324928814026387 0.327077908879455 0.333809589412573 0.34363128200482 0.353194877795478 0.362430265457159 0.370665667705155 0.377499786658211 0.383193631567566 0.390002176009903 0.397409817465775 0.406688973205974 0.415753904175877 0.424609213408822 0.438212091395136 0.452817896895321 0.467333210032209 0.481498300691441 0.495251451815125 0.510789158220096 0.528316075724438 0.559836683585684 0.583855275722652 0.597237268397649 0.596244945494464 0.591287014754794 0.611352984087351 0.624567597899211 0.625999317281511 0.600500601268541 0.562547590182507 0.495076224104566 0.437731430310423 0.401732778882026 0.398801546513531 0.414488144647119 0.391157675971274 0.373568861664879 0.375565391940311 0.370218267554412 0.359848958074554 0.438416605723635 0.515911090590271 0.561030370033292 0.572589928805106 0.556463031742553 -9999 -9999 -9999 -9999 -9999 -9999
0.256859437430062 0.257681811181127 0.276932308733334 0.306406052650973 0.309981306522972 0.314851075586334 0.325759730527713 0.33226658413784 0.335805327570636 0.344704126704018 0.353229533805509 0.358898011241901 0.364316567322372 0.369531753508868 0.376428337975204 0.384041195526924 0.393664448639726 0.402375920384441 0.410195202146451 0.423486159897063 0.438196954515826 0.454405025197023 0.469996015347437 0.484861181533187 0.502482283598604 0.521380938131799 0.544907971919399 0.564935973324175 0.580002933946256 0.587295909001827 0.592744683043549 0.617479051948303 0.634993684777849 0.640091885891584 0.607481293464215 0.557618124794519 0.516182598910648 0.4789172835962 0.45044249542315 0.43914370880252 0.43751546480958 0.414280941347367 0.393537196385396 0.381830954530882 0.370151950660867 0.358491574327962 0.429450871438886 0.503560565263097 0.561485458035941 -9999 -9999 -9999 -9999 -9999 -9999 -9999 -9999
0.245620709258278 0.248644512154423 0.26730982225705 0.294652466168812 0.298216684607691 0.305207410146033 0.323519208613964 0.330150823839292 0.328906556409639 0.336351395077265 0.343383978833467 0.346419572060461 0.350440715857 0.355263837196028 0.361854238101774 0.369398791617912 0.379929258029917 0.388721872056569 0.395813974816049 0.408439759505793 0.422973372673373 0.441884685637579 0.459367636937536 0.475170517202351 0.495097052584738 0.515564818179237 0.52998906479403 0.54471878677493 0.559881621566333 0.575447900602572 0.591792783461724 0.620208620356623 0.641511916537466 0.650583134539547 0.609421001353066 0.545415803728465 0.529968480173473 0.513031644705549 0.492955016970522 0.474516245343718 0.45699962997454 0.436724519671257 0.414487142463151 0.387417199029148 0.37298752798641 0.367202297690766 0.425708075579961 0.482338549034699 0.511882844852886 -9999 -9999 -9999 -9999 -9999 -9999 -9999 -9999
0.233670466356829 0.23470642898924 0.249249176307926 0.271284991773032 0.287954103311368 0.302778807585725 0.313401790070266 0.321873962916822 0.328895856776298 0.333418569299819 0.336667427159909 0.336490472388826 0.338560505097041 0.342458991415181 0.346684119937829 0.352500548753458 0.365004205281234 0.374431077098157 0.380847274871893 0.393854599697488 0.408724796712821 0.426324261091628 0.443166285276217 0.459117391311008 0.480254403897972 0.50218799380134 0.517618377661444 0.531836550559312 0.544336011721215 0.56217874255261 0.582762988408096 0.618305611703948 0.644591380679307 0.654957301840797 0.605765783255303 0.529441610407582 0.497450053999581 0.470353001154152 0.45357323701494 0.445549252249435 0.442455002580522 0.436040731307418 0.423073257402403 0.393285549913338 0.385604769592788 0.393042494324441 0.477809711175324 0.545614463758558 0.53158186614897 -9999 -9999 -9999 -9999 -9999 -9999 -9999 -9999
0.225228036666697 0.22636512338976 0.237844808686076 0.255062187868873 0.279760481970188 0.299704943535145 0.306599812362684 0.315418868778507 0.32553539419261 0.330093964499916 0.333003216175464 0.332183072053546 0.333611607409844 0.336869973215751 0.340297948324036 0.345274932747139 0.356858074373595 0.365530117217158 0.371353611863023 0.384129514894388 0.39859152391262 0.414240204522004 0.429706682498464 0.444958849650319 0.461678226347686 0.478993727615873 0.497978125199453 0.515172899989273 0.529830289955485 0.550287417226964 0.573459179643655 0.607869600760576 0.635978029663525 0.653248353795993 0.606596224570445 0.530752751260446 0.483763162367275 0.446681448399984 0.430484877280904 0.424569805729436 0.424443490050034 0.433566486548366 0.434895286036845 0.414692403482018 0.41065513920098 0.417673232350727 0.506021701047456 0.57941584517897 0.576403827505449 -9999 -9999 -9999 -9999 -9999 -9999 -9999 -9999
0.220570046566399 0.224061957599664 0.233621633934306 0.246547483637056 0.273798978901088 0.295934932631104 0.303374731371683 0.310929206071707 0.318561006133943 0.326346684958303 0.332632053665854 0.333940698630762 0.336140626596176 0.3390658232312 0.343388425857958 0.348484727583538 0.356025451525296 0.362444035159137 0.367764589838938 0.379647770928228 0.392898087348271 0.405906662533942 0.419205043099967 0.432844299256221 0.439074093604319 0.4452078155219 0.470495029012284 0.494429632482315 0.516446461910873 0.539882580604094 0.563859748429303 0.588227674409602 0.614749767324548 0.644976575532393 0.612266064692209 0.550712348866816 0.490392861318115 0.44351588686237 0.42497483794924 0.412207804227271 0.40269169359521 0.429160589886056 0.450208412731425 0.452863127069826 0.449119114095712 0.440999133785002 0.508460106177278 0.567265369872578 0.572621148537272 -9999 -9999 -9999 -9999 -9999 -9999 -9999 -9999
0.213680135709603 0.209864923994595 0.221073318299385 0.240616257525567 0.271641438761484 0.295640249265441 0.300306915325835 0.304031595123482 0.307121098818673 0.31314670897849 0.319095931908886 0.323901284926169 0.327996593206633 0.331514112837089 0.335784696513532 0.340379510981638 0.345889599034638 0.35147282678638 0.35712762268904 0.36286153039418 0.369625693351025 0.382538432449526 0.397277838690805 0.414165811807155 0.425845637698478 0.437223555457926 0.459846416139421 0.482967191525229 0.506793926411877 0.527852178251193 0.547940570141115 0.568903690648 0.59659546554551 0.635859114665315 0.6180377545719 0.574045785008365 0.528655034398226 0.491522298241089 0.471796908541565 0.445133375823895 0.414563485295927 0.436606984596821 0.456104032420789 0.462831895135584 0.46949731474838 0.476120030716935 0.529628691887399 0.574402865221881 0.57474967061237 -9999 -9999 -9999 -9999 -9999 -9999 -9999 -9999
0.205648433914469 0.19444391884348 0.207298766635755 0.233500865434194 0.268801189972752 0.294896267220904 0.296283488965495 0.296187411228204 0.295091152892814 0.298290410644981 0.302857850414154 0.310614793873093 0.316760806973405 0.321595948759697 0.325913772975001 0.329873837516305 0.33261965443061 0.337040506189782 0.343100401431939 0.34307819358506 0.343831113581454 0.357199711538527 0.373848885484352 0.394356746508691 0.414348436149464 0.43405376690217 0.452446661896409 0.473299703469315 0.497640820079215 0.515658257618819 0.53152875109371 0.55070615519628 0.580074889923862 0.626970575703467 0.623416406031657 0.596742593123007 0.571258265747692 0.546919432438193 0.52499522460341 0.484834245958875 0.434405483571488 0.443203933738865 0.453061049395546 0.458848713381648 0.475767235246966 0.50029793811779 0.546292215451059 0.580520678140066 0.568395793215899 -9999 -9999 -9999 -9999 -9999 -9999 -9999 -9999
0.193239176312595 0.192347077986676 0.200064124933776 0.212557209532436 0.253599644081536 0.284174219380229 0.284755945855011 0.285771529345593 0.287079660211033 0.288869021340381 0.291209270963631 0.295213365790261 0.302449972886589 0.312316990157921 0.319225607141447 0.322723234464388 0.313357878037255 0.31146134550112 0.31687315473568 0.324027195745961 0.33235166448973 0.345511692200122 0.360761464448527 0.378469241106485 0.398127408086806 0.418261887494343 0.437623053178143 0.45956857539836 0.485178281533285 0.505313776139812 0.523385895709844 0.540399852977762 0.570044658343067 0.621411873126146 0.625638168084158 0.608241202069095 0.586612907937161 0.561012703475442 0.527039975618099 0.489748826649291 0.450589318929053 0.420920686035127 0.400473264639693 0.403136840072696 0.409946882153534 0.419592613540543 0.493467730146263 0.556199656186528 0.56082418668131 -9999 -9999 -9999 -9999 -9999 -9999 -9999 -9999
0.1862644802765 0.19134750538579 0.196404265485804 0.201446454723178 0.244441265174917 0.276478813634412 0.276280860547015 0.276988438307947 0.278306610487971 0.28021886919476 0.280965580522896 0.277701711876495 0.282101743278259 0.292738162660945 0.30037786314492 0.304298475793013 0.294045125104248 0.291268076289821 0.295806686550499 0.305491640624402 0.31641904724344 0.328190606423338 0.341389543031148 0.356267392993238 0.377491259570666 0.400355726558381 0.421563516578396 0.444821739024455 0.470987130588951 0.493654693445575 0.514744659592387 0.530197483460386 0.560318252571644 0.615664810912174 0.625286899567182 0.613910718512716 0.591825989923886 0.561269676456936 0.512855824248946 0.477737375568451 0.45010459031041 0.406311068343144 0.371824874370038 0.363641996777567 0.364706984408632 0.372096410349841 0.455239074964938 0.523075891603758 0.515133994290087 -9999 -9999 -9999 -9999 -9999 -9999 -9999 -9999
0.186345176080485 0.191772455702801 0.197385348870056 0.203101213615924 0.243128396989872 0.272712730554359 0.271768613015569 0.270325109658616 0.268544873219507 0.27256997175798 0.27254578007511 0.257450468038484 0.253915495720874 0.259787582893337 0.26574400880417 0.271237102079462 0.274666192138587 0.278067013224502 0.281440172750748 0.287625256382469 0.294705127148715 0.303556420867867 0.31385880104024 0.325867981654379 0.351123203440008 0.379704710409966 0.403899442908938 0.42875626452569 0.454551817413179 0.480288936427268 0.505456403228959 0.520130044042276 0.550986287107928 0.60967321176043 0.621595207234149 0.61201264533955 0.583872843092691 0.543563746043572 0.477602583116707 0.443751790052214 0.427979983508376 0.401663701683452 0.374255680916909 0.345200830001688 0.346185557873163 0.367713779654524 0.435959381812268 0.494662856406365 0.506288464551284 -9999 -9999 -9999 -9999 -9999 -9999 -9999 -9999
0.187373977104175 0.191178007021859 0.195099533593826 0.199086242994865 0.221161619883963 0.239898219287869 0.248132824078383 0.247605178473287 0.241169196117303 0.24426345041166 0.244908476527425 0.234607352970326 0.230610408342867 0.231743398273442 0.237653908027852 0.243842961630923 0.248127241630105 0.252543799918532 0.257089794241434 0.26087117160222 0.265520305768946 0.276429606451347 0.288941369455438 0.303337984593946 0.328635510251735 0.356899335741921 0.38371945650654 0.410421796562667 0.436957143337706 0.464580714849243 0.49210668908633 0.510123264849329 0.544440424000961 0.606791167547432 0.618553369278863 0.607008990297579 0.563701936885455 0.519392121523175 0.472968550514156 0.445830599741277 0.429550962646693 0.39630113943317 0.357969027249704 0.308256720281527 0.324690988701708 0.386361636043834 0.448379069511344 0.496359288305663 0.497212094415029 -9999 -9999 -9999 -9999 -9999 -9999 -9999 -9999
0.188359003643694 0.190371731463888 0.191573394819831 0.192325109394998 0.192962115346782 0.199041370214725 0.219179879647416 0.220813199979702 0.209968574132905 0.211225777547013 0.21283921351009 0.211943058290567 0.20979931977087 0.206640378358452 0.212632666763371 0.218830265214921 0.219956056871533 0.223656650419289 0.229876721261857 0.231900099858585 0.234852443942137 0.248901187143063 0.264857444526982 0.283057362888495 0.307412638972106 0.333873682843728 0.3635966121607 0.392371971013856 0.419803833951242 0.448700897506732 0.477829067553095 0.501092778308567 0.539834949324816 0.60519682539562 0.615046834720423 0.599295120001244 0.541497914702852 0.496929168382495 0.480245135735323 0.460956022563378 0.440200180235259 0.393110314270063 0.339861004997706 0.273486436135828 0.308804011837463 0.413666901984357 0.470845661433055 0.511329922867311 -9999 -9999 -9999 -9999 -9999 -9999 -9999 -9999 -9999
0.184716971260859 0.191161630690166 0.185834731388576 0.173977403579464 0.171771349545132 0.177485632455715 0.202638301766479 0.20956293573036 0.204196506751043 0.204809847748003 0.205135981665699 0.202699930243448 0.200657103413458 0.198934257416408 0.199670663791155 0.200654861371686 0.201111296492958 0.203577742542204 0.20801101054881 0.212014422590225 0.21678802215138 0.226794252612536 0.240472552337794 0.258470022315283 0.286097775207944 0.317188978606324 0.354981975430104 0.387743208286251 0.413370244164155 0.440602055707523 0.468815198425019 0.504544427364329 0.548635294105202 0.607106424018288 0.602695616413164 0.569495050534018 0.545024150965 0.52442475792119 0.511986243715845 0.492078731587732 0.467965976313952 0.421322323062634 0.378050856012258 0.346237773569457 0.378820251327889 0.45544162218171 0.488832686868099 -9999 -9999 -9999 -9999 -9999 -9999 -9999 -9999 -9999 -9999
0.172520415346806 0.181393745285022 0.174351421865631 0.158479678419684 0.155283455476034 0.161547534655304 0.19090989461445 0.201456854148176 0.199316693730171 0.198781936160999 0.197771011058066 0.194707227030255 0.1924921450133 0.190967682000589 0.188025085014581 0.185420021248202 0.185202453228944 0.185615157866487 0.186644592534335 0.190946291071504 0.196389666025315 0.204503704257322 0.217816712989203 0.237244867463243 0.2678345282505 0.302535331230526 0.345921520326377 0.382060498433534 0.407924147437655 0.43299140917812 0.45840876174768 0.496119474855563 0.534879515191311 0.575444178263488 0.575672441098722 0.557469981112768 0.554703386947479 0.550402497314426 0.542867414652567 0.525850251163368 0.503494425671833 0.462100030428273 0.429428756185036 0.42185985737649 0.442584299867326 0.482658017819096 -9999 -9999 -9999 -9999 -9999 -9999 -9999 -9999 -9999 -9999 -9999
0.146898418317663 0.155056507377932 0.15385248364641 0.147454703534462 0.146176232847816 0.154425742543303 0.186735261785678 0.198285242510341 0.195837181771004 0.193362979080682 0.19093690652369 0.188676936441849 0.185860892039454 0.182592350189623 0.178445498044166 0.174800092162206 0.173901228635504 0.170973923867612 0.166061762840054 0.168022419738456 0.172328441023991 0.181924992969096 0.197874443486037 0.221296315832041 0.254360478680253 0.291069217818175 0.336161399333057 0.374723727426508 0.404027819075006 0.426146934700677 0.44581683413526 0.469055422884382 0.485724229883283 0.491094390277982 0.525623144677218 0.573340938345379 0.57403912046895 0.573998127677857 0.572399003218967 0.563778805312757 0.551205557573779 0.522598303836784 0.501503937363647 0.501987281107112 0.496536180476371 0.487026626738624 -9999 -9999 -9999 -9999 -9999 -9999 -9999 -9999 -9999 -9999 -9999
0.133438782373343 0.139988572841755 0.141045505643762 0.139055202721728 0.138287530947357 0.147185275009255 0.180903641838329 0.192965695731311 0.190425018153256 0.187597084453258 0.185150416933059 0.184043921505011 0.180825035553635 0.175887222321383 0.171266427702433 0.166861278666893 0.163184651781179 0.15813313386405 0.151736267107306 0.151162916781464 0.152786576499597 0.160165614153679 0.176955467339331 0.204814532887216 0.236806760437331 0.271121961177403 0.31623019516482 0.35473899048446 0.383890889156199 0.402410381120709 0.417814274148406 0.448238050887907 0.469688099070994 0.475705216369046 0.522075546627553 0.586711893035111 0.589860637897651 0.593579929111636 0.598501894172493 0.592992954463791 0.581611139807358 0.570469486372158 0.556536325274312 0.535246838074157 0.526600458419357 -9999 -9999 -9999 -9999 -9999 -9999 -9999 -9999 -9999 -9999 -9999 -9999
0.124977814004651 0.129642783953424 0.131501048067041 0.131802254851451 0.130963230251496 0.139951449560631 0.174424106763882 0.186789787548761 0.184248856980791 0.18172575446599 0.179816627125752 0.179919564044008 0.17637005905096 0.169848432201737 0.165035758020265 0.159988494808299 0.152810642887092 0.146241013009461 0.140266536348962 0.137195004802019 0.135601675776282 0.13920147007263 0.155841472928052 0.187819661651002 0.217348548049172 0.247654704456042 0.291948905120328 0.329319782818167 0.356874550280243 0.371887891965878 0.384069676935846 0.430113018003851 0.467095473564734 0.488495106566459 0.537547743890573 0.599063405421916 0.603966258024486 0.610959037358393 0.622357243552531 0.617922848904456 0.604574281718347 0.611972264661581 0.616100372177604 0.609245025925254 -9999 -9999 -9999 -9999 -9999 -9999 -9999 -9999 -9999 -9999 -9999 -9999 -9999
0.115115409480655 0.121492767621925 0.12497546845037 0.126852319699561 0.125953466416489 0.134870535539015 0.169413167708424 0.181881599248365 0.179465519967784 0.177328644914517 0.175216607026148 0.173101276946601 0.168843021552984 0.162840991633514 0.157053896276062 0.151421136134264 0.146317558344203 0.142197615305807 0.139040171724837 0.137937147315362 0.13717912151378 0.13584189914483 0.142807695645091 0.159539689219624 0.189567882460985 0.223840872315499 0.262284002355545 0.296239207008738 0.323831286535347 0.349357817790899 0.374940085598642 0.416092964114329 0.454189968902383 0.487031511845846 0.544103974074028 0.612013575324141 0.6079934323301 0.607452305751486 0.614244714905911 0.616731712968891 0.616794650847521 0.609427920750036 0.604283386556322 0.605831924692811 -9999 -9999 -9999 -9999 -9999 -9999 -9999 -9999 -9999 -9999 -9999 -9999 -9999
0.106477352665475 0.114249750643507 0.118771569214811 0.121490085699371 0.120276889746396 0.127247929888611 0.155753299749375 0.169839911469902 0.174204034699934 0.172959956042593 0.170697152468087 0.166792326350073 0.16161592423075 0.155404795504668 0.149588990878244 0.144230321031781 0.140596278218999 0.138895878360945 0.139087573400548 0.138789844044997 0.138036599307738 0.13515602688831 0.136616682407056 0.143183587623219 0.171166642678306 0.205224773503568 0.238788166914539 0.271439356100673 0.302797192763469 0.335534784000573 0.368965546336865 0.405976547288868 0.443323775979645 0.48124924585763 0.543553330624177 0.616723642422977 0.607651569338121 0.601512150586387 0.601554572555276 0.605394241810134 0.611371861602244 0.601914435719463 0.59457340813908 -9999 -9999 -9999 -9999 -9999 -9999 -9999 -9999 -9999 -9999 -9999 -9999 -9999 -9999
