layers/veg/veg_1300.asc
NCOLS 255 
NROWS 330 
XLLCORNER -2985163.8955 
YLLCORNER -3022031.214 
CELLSIZE 25000 
NODATA_value -9999 
[rows 125 to 149 of 330, columns 171 to 227 of 255]
0.247615362880187 0.321508162936337 0.358383537884424 0.351117631747226 0.320409980661304 0.285087328472988 0.271674124359998 0.266360375928702 0.272692629970688 0.278214389917394 0.28366818566837 0.293958407604433 0.305543489309331 0.319388331508727 0.33641277988479 0.354914874806161 0.364743529614992 0.371827398822124 0.373034329116829 0.335993383231489 0.277098447711786 0.297451531168249 0.29392982764429 0.21654026725484 0.190561683558868 0.200240609346321 0.324303435452199 0.43037844901291 0.435691742687831 0.456885047531182 0.491360176233658 0.483761345641509 0.479457199710272 0.520513758622068 0.560097181759152 0.598199371275704 0.629619784119178 0.658526605308586 0.680921894911257 0.693714908333551 0.694899602328766 0.695171206987308 -9999 -9999 -9999 -9999 -9999 -9999 -9999 -9999 -9999 -9999 -9999 -9999 -9999 -9999 -9999
0.22189448627004 0.307116685659308 0.354507519631372 0.356786492639417 0.32634006223661 0.289075773541933 0.278702303506064 0.276338867712179 0.285492857565066 0.293397232677276 0.300875215286482 0.309177618115777 0.321150973914313 0.339530795259702 0.344335517083554 0.342829042594074 0.370799761354207 0.389053067194147 0.386500142455093 0.353093335593216 0.302057303596902 0.317343785897229 0.316945003110435 0.266197698232823 0.244097245195588 0.241865611170655 0.31617049341976 0.390340385240983 0.437725956105513 0.466077092181096 0.478508087682255 0.449518827927014 0.432411246282231 0.499151290190212 0.547919262641771 0.578616370934825 0.618846543125479 0.659740307991509 0.691147079125619 0.704792375152488 0.696965587616265 -9999 -9999 -9999 -9999 -9999 -9999 -9999 -9999 -9999 -9999 -9999 -9999 -9999 -9999 -9999 -9999
0.231485356712652 0.317116688540086 0.363594749394124 0.363384648270397 0.33159763445018 0.293590854781629 0.285065547437519 0.283752833228099 0.292810924266151 0.302040650779694 0.31135320112507 0.321052790860485 0.332087841428428 0.345453508565 0.35490151216902 0.362531311561455 0.388237979459202 0.405309985972679 0.403894072171552 0.372344928503324 0.323578324444207 0.332636627183117 0.333715512591198 0.30610870329254 0.296716090264301 0.299956438483185 0.356312996307708 0.413642812664037 0.456027548487897 0.454649510482396 0.416668887792073 0.405495231018361 0.414584998281657 0.496233444989019 0.551430549739935 0.580030909176095 0.586277206955541 -9999 0.71336618936778 0.71336618936778 -9999 -9999 -9999 -9999 -9999 -9999 -9999 -9999 -9999 -9999 -9999 -9999 -9999 -9999 -9999 -9999 -9999
0.258617988630815 0.339233608953282 0.379121711643119 0.370444448198499 0.336521125237644 0.298367552249995 0.291098472540116 0.289892823032308 0.297405626455786 0.30743548910051 0.318488410386712 0.331266751182597 0.340704493779322 0.344312298632875 0.366780594349771 0.398024905942947 0.411330409168289 0.421085660527494 0.423239366130951 0.39266538853078 0.343391537344896 0.345644625030768 0.347383869095889 0.341177991559204 0.348879539474163 0.366226968226762 0.420437216629641 0.46841079704825 0.48241026133155 0.432978749181679 0.330494437051877 0.356612702662872 0.411274177745737 0.502478306485267 0.562735739325072 0.591876361889861 0.592422236398421 -9999 -9999 -9999 -9999 -9999 -9999 -9999 -9999 -9999 -9999 -9999 -9999 -9999 -9999 -9999 -9999 -9999 -9999 -9999 -9999
0.273285900470005 0.341001338073615 0.370506492983074 0.3544479485313 0.334271681278101 0.313936739616523 0.303872408539688 0.300827868447259 0.307876908266758 0.318879771787955 0.331711790609723 0.351834890423172 0.369080597021337 0.381304740920956 0.400261361379647 0.422346568987939 0.425546238093247 0.426065489083065 0.42084562022514 0.392195745276025 0.350158483590986 0.376898615165684 0.400348859766185 0.406239917204142 0.420274084338906 0.439956131166165 0.482328372018943 0.517338114638103 0.519403891546969 0.493279965369465 0.443578557598084 0.463472899294902 0.498822761572346 0.553988378612332 0.594237296097102 0.619487516742214 0.622206556470478 -9999 -9999 -9999 -9999 -9999 -9999 -9999 -9999 -9999 -9999 -9999 -9999 -9999 -9999 -9999 -9999 -9999 -9999 -9999 -9999
0.298361370491839 0.344928729728796 0.361000529996198 0.34070802247076 0.332258309765126 0.326791155566563 0.316668201210353 0.312866193506669 0.318152915125276 0.329597205536742 0.343820071269493 0.367952261081222 0.389218893296071 0.405484618070604 0.422927480392486 0.440911669920968 0.438340344770988 0.433513975422708 0.423859266480243 0.394131113992678 0.352933440293124 0.400996128035031 0.44283806617782 0.456680953176989 0.472266012125714 0.489059402773397 0.521753962051669 0.547128565785776 0.542039435790183 0.53322108469494 0.5212836641449 0.540539248452261 0.565637456797963 0.594696357892999 0.620662739744883 0.643519602736569 0.651763897342633 -9999 -9999 -9999 -9999 -9999 -9999 -9999 -9999 -9999 -9999 -9999 -9999 -9999 -9999 -9999 -9999 -9999 -9999 -9999 -9999
0.347647585464432 0.354451485807965 0.350233419906291 0.332872254269238 0.331015759821987 0.333087698077202 0.329297141201309 0.327274278189877 0.327793137477641 0.338457192068492 0.35318144338728 0.373554352748979 0.389875597916819 0.399125968768679 0.420157608115126 0.446666663433147 0.44816748004521 0.446957399782161 0.439942940727897 0.402237326159401 0.346995464837823 0.408134534967244 0.460097274805563 0.472708383312241 0.479251190525945 0.481585158989267 0.509856072581158 0.533326781507947 0.531486100473985 0.523946648920106 0.511640823749965 0.544434928891238 0.582095555397149 0.609235824830488 0.634825661893428 0.658856543839794 0.659764953237978 -9999 -9999 -9999 -9999 -9999 -9999 -9999 -9999 -9999 -9999 -9999 -9999 -9999 -9999 -9999 -9999 -9999 -9999 -9999 -9999
0.35781774348903 0.351127285832653 0.350029102275182 0.355599403686212 0.361548912564394 0.365998946168682 0.354589412651731 0.348028769266157 0.348440222362365 0.360057247783117 0.375451909083085 0.382506817023245 0.390720115988597 0.400955013229619 0.42798267486912 0.46281799333001 0.462816736379245 0.462099153627657 0.459847825227509 0.429503934548636 0.383108575758122 0.43025787284073 0.467983313431274 0.468609131044224 0.470055424541989 0.472070781856963 0.484326211460786 0.492467246251548 0.483037327403915 0.47794414501999 0.476478149621232 0.536898820005678 0.599609255634726 0.627974438671123 0.65018310202533 0.666201403231478 0.669138250254224 -9999 -9999 -9999 -9999 -9999 -9999 -9999 -9999 -9999 -9999 -9999 -9999 -9999 -9999 -9999 -9999 -9999 -9999 -9999 -9999
0.344235388645637 0.340002005871078 0.356238847905436 0.396885327955719 0.411377281793763 0.415071489291182 0.387571261398822 0.372636999990001 0.375771023969448 0.389393478378754 0.405561186644146 0.393493734017387 0.391678680356461 0.407755885544276 0.442241325304935 0.485282309070141 0.480394137865448 0.478272187109159 0.482073070028304 0.468405344432204 0.444756442688653 0.461480536995537 0.470177665356991 0.452288317604814 0.45103407490545 0.461317570921206 0.450518583937225 0.43517738471886 0.411577240231206 0.409639190954154 0.425819021441496 0.522420965345585 0.61776395073364 0.649262907958185 0.666265891437923 0.668693216623463 -9999 -9999 -9999 -9999 -9999 -9999 -9999 -9999 -9999 -9999 -9999 -9999 -9999 -9999 -9999 -9999 -9999 -9999 -9999 -9999 -9999
0.319261396659089 0.337531475735557 0.367846990790011 0.412526037984987 0.433140908036297 0.443779918560631 0.425312795541968 0.421275819909689 0.437987588237019 0.456995329751513 0.47604623763585 0.478316227345252 0.486563863383563 0.505243554961218 0.51292744727489 0.515490231221017 0.514473503726861 0.511364940361257 0.503777487415456 0.464682172020213 0.407583961611147 0.431124606905699 0.447923481861281 0.436431669429289 0.437192122570207 0.446450474486018 0.456610716969052 0.462595182303305 0.454010799571824 0.469385801136474 0.504800103594498 0.573245642652708 0.639008376945093 0.668722939973849 0.68308284195641 0.682003678128529 -9999 -9999 -9999 -9999 -9999 -9999 -9999 -9999 -9999 -9999 -9999 -9999 -9999 -9999 -9999 -9999 -9999 -9999 -9999 -9999 -9999
0.306527950218555 0.337776897640497 0.375233660600193 0.420092908464706 0.447363990198009 0.466594157424025 0.457166534987625 0.461964553939333 0.487217262848093 0.510669438292182 0.532844400577483 0.542537820641255 0.555235233578912 0.573175148126042 0.565737919892318 0.54649239068722 0.551360606795799 0.548482108007134 0.529016896509488 0.468980902545007 0.385763661723455 0.417679323003558 0.443570360442834 0.438685759042152 0.438856392182269 0.442533223515316 0.479011783225901 0.510874665051175 0.515695223495458 0.540441786331662 0.581854186347868 0.620164272017799 0.65680289765836 0.688100528146659 0.708209349101671 0.717067855497133 -9999 -9999 -9999 -9999 -9999 -9999 -9999 -9999 -9999 -9999 -9999 -9999 -9999 -9999 -9999 -9999 -9999 -9999 -9999 -9999 -9999
0.331033999739099 0.344242719879387 0.369508887104535 0.409152909066745 0.445053910299624 0.476197654851081 0.47123925736643 0.475429020693888 0.492772693077803 0.517349557657176 0.542954987987267 0.534101354491899 0.531456938631788 0.539648711408932 0.556897598808092 0.578361560219766 0.593298521311348 0.594068488535946 0.56450510022359 0.50410621594825 0.426088611983132 0.464053831624967 0.495100348388038 0.492875125394226 0.484113707568587 0.470818930445167 0.54097017233212 0.603604707973659 0.61187282600126 0.620594532998303 0.629695615597333 0.643936487902535 0.664123831390582 0.707575258596918 0.72619778413573 0.71985492322331 -9999 -9999 -9999 -9999 -9999 -9999 -9999 -9999 -9999 -9999 -9999 -9999 -9999 -9999 -9999 -9999 -9999 -9999 -9999 -9999 -9999
0.345724807649719 0.372329287684548 0.393611853509855 0.408548323939587 0.441820545097209 0.477420816262331 0.483258876741326 0.491676133130296 0.503801950085196 0.5188266324548 0.533318846204631 0.514518839276655 0.508077438070995 0.523204000941849 0.557437812591229 0.60055259787907 0.595588348680268 0.58561051434472 0.564897949557846 0.530144270398302 0.487367809359032 0.515924036154826 0.535576844815582 0.522353289158364 0.5084114906179 0.493971534795318 0.576660090172858 0.648726736523257 0.651118051404224 0.654960144659948 0.660015649079418 0.680539697518366 0.70492979221448 0.735679013461464 0.752580293733807 0.755557510726382 -9999 -9999 -9999 -9999 -9999 -9999 -9999 -9999 -9999 -9999 -9999 -9999 -9999 -9999 -9999 -9999 -9999 -9999 -9999 -9999 -9999
0.35319847857452 0.416313567302484 0.439647126158669 0.415543358216822 0.437908289167393 0.472481925284355 0.493768851604749 0.50996932205336 0.518856106250571 0.516477913973114 0.50916295490717 0.486740645732122 0.484991170609264 0.519319466087362 0.564875523942796 0.615627315199872 0.568724978651214 0.537413782125332 0.539485221180278 0.549500472755738 0.56405464292797 0.57183522019186 0.567925720383148 0.533661331263841 0.51729775125681 0.513349774137224 0.593034828309882 0.658842641433009 0.648500958913344 0.65565852339427 0.677452218408357 0.726577523529973 0.770357258763735 0.770127681036963 0.765889119074215 0.75761953543889 -9999 -9999 -9999 -9999 -9999 -9999 -9999 -9999 -9999 -9999 -9999 -9999 -9999 -9999 -9999 -9999 -9999 -9999 -9999 -9999 -9999
0.378728486290527 0.446541242982573 0.475651235325776 0.458610270520753 0.460817743152143 0.469892978295948 0.491299179715007 0.509139844499526 0.521853714336787 0.52109158128158 0.514572846463376 0.493056942359809 0.484397900207773 0.498176367831342 0.545240462681787 0.607768099226796 0.563838341373935 0.537521429039331 0.548915883713073 0.589341055054958 0.646353735155688 0.649606992984702 0.641721867199428 0.610948780876809 0.607024409016854 0.621721708094568 0.69854068858204 0.75991632145711 0.747193260735075 0.74984551106594 0.765357460991342 0.804233711358504 0.84072403405582 0.849500746807381 0.85245397564402 0.849551708801656 -9999 -9999 -9999 -9999 -9999 -9999 -9999 -9999 -9999 -9999 -9999 -9999 -9999 -9999 -9999 -9999 -9999 -9999 -9999 -9999 -9999
0.401235409174736 0.47040207064561 0.505354569081012 0.499508525120832 0.486339722912746 0.473961957534579 0.490420097261206 0.506605446011836 0.522398555517508 0.523806933152995 0.519058073936056 0.498043999279855 0.483377688193249 0.479789353029767 0.525111111610215 0.593173405938182 0.560355406521896 0.546057401411824 0.571413085511148 0.635600092892188 0.721974458663862 0.720654282043619 0.71102289051793 0.690382465173483 0.702289458484864 0.736770617159814 0.798052682011154 0.843027564769669 0.823102050249318 0.8224986965776 0.838056133616119 0.868998482768127 0.899753348718808 0.918536810875171 0.929645937892054 0.933038543852995 -9999 -9999 -9999 -9999 -9999 -9999 -9999 -9999 -9999 -9999 -9999 -9999 -9999 -9999 -9999 -9999 -9999 -9999 -9999 -9999 -9999
0.404609919819938 0.47667534844248 0.516081918785462 0.516544563692404 0.509792688583647 0.501699970265184 0.501133131328797 0.506131163156966 0.519130781910783 0.516427050007255 0.507148853241867 0.48314995166304 0.47091077857028 0.47919442230944 0.515019053359442 0.563647748405982 0.552443436604151 0.564679878588098 0.62710598856472 0.696688105560075 0.77035900653064 0.757169672791584 0.745473990876619 0.74884724164198 0.782653441495907 0.83756725767084 0.836246098209061 0.819618498088188 0.770066367236584 0.774272856181803 0.823442318482521 0.872074750783895 0.914557355391875 0.929526195804992 0.93603190609335 0.934027964324566 -9999 -9999 -9999 -9999 -9999 -9999 -9999 -9999 -9999 -9999 -9999 -9999 -9999 -9999 -9999 -9999 -9999 -9999 -9999 -9999 -9999
0.409054206627738 0.48375769785306 0.52566783229434 0.528473659093782 0.523468062982199 0.516110906454608 0.508039472978766 0.504429189023404 0.507233479132149 0.506851466914591 0.504617222985936 0.48870871901637 0.480084462340053 0.484172512171058 0.503093889897201 0.528925437696317 0.565036222992636 0.606169473708986 0.658056468705055 0.724632036211317 0.799600328842244 0.762727475050563 0.737758934652765 0.758848138628218 0.796575725229615 0.845843323797925 0.82449704058081 0.792808376105294 0.750090888133393 0.765188267363418 0.828641209726886 0.878889335306828 0.920803537350557 0.934451415688056 0.941294059087685 -9999 -9999 -9999 -9999 -9999 -9999 -9999 -9999 -9999 -9999 -9999 -9999 -9999 -9999 -9999 -9999 -9999 -9999 -9999 -9999 -9999 -9999
0.414445825644547 0.491556514526475 0.534242955592707 0.535880339504201 0.528484965204361 0.51872015056975 0.511574826880937 0.501640042141291 0.487694361907698 0.495331498301138 0.51038984718589 0.512379322343931 0.508421810304047 0.494085748358916 0.48954543394627 0.489601269975644 0.595786841613608 0.667908872586513 0.667096482923522 0.723225475114689 0.811889512204802 0.740871018407346 0.692703956623447 0.725932212813347 0.751661063490687 0.772188493374595 0.768521802086642 0.76298647526221 0.759391623153213 0.790764918547011 0.851385093611485 0.88901435780597 0.91947140220475 0.934006559969894 -9999 -9999 -9999 -9999 -9999 -9999 -9999 -9999 -9999 -9999 -9999 -9999 -9999 -9999 -9999 -9999 -9999 -9999 -9999 -9999 -9999 -9999 -9999
0.439782440653245 0.501170618831597 0.535612110005638 0.537921131622379 0.521185053841681 0.499170389514218 0.479893751132382 0.472322460425513 0.481581993088837 0.489920198749598 0.496563275094195 0.47533940939875 0.471385266765588 0.497569861056936 0.514686535223785 0.527607345730338 0.620567851875479 0.688797527676989 0.70407531569052 0.738944307644644 0.785007279777616 0.734189561991649 0.70399285336303 0.741223881083123 0.768009717837317 0.78755100255463 0.806839275380967 0.819755939442181 0.811003050725662 0.832387195605933 0.878977542649646 0.903186332204558 0.920097879427251 0.920079845784653 -9999 -9999 -9999 -9999 -9999 -9999 -9999 -9999 -9999 -9999 -9999 -9999 -9999 -9999 -9999 -9999 -9999 -9999 -9999 -9999 -9999 -9999 -9999
0.466795161293377 0.505208673370363 0.528210314969265 0.532834133020549 0.508182057852709 0.475895660015699 0.452544691069715 0.450632361003018 0.479546107554815 0.484225942226626 0.47806816518181 0.434928516184982 0.4272848590139 0.481588017993406 0.525372925639436 0.564269613226938 0.631517921623822 0.690059268117521 0.729957889588833 0.750621373996615 0.760294326955719 0.737594109658556 0.730603039688243 0.7696936263868 0.798812337712074 0.82101477816371 0.854948638728074 0.878321292066614 0.861596706041123 0.871577823576042 0.903895225825204 0.917440572008703 0.92720652697743 0.933394413314735 -9999 -9999 -9999 -9999 -9999 -9999 -9999 -9999 -9999 -9999 -9999 -9999 -9999 -9999 -9999 -9999 -9999 -9999 -9999 -9999 -9999 -9999 -9999
0.484347903574814 0.479688864142609 0.48332262604295 0.496845105852106 0.477636953887891 0.453799477371894 0.478424852176302 0.490901654189221 0.48591033064695 0.471645298143541 0.453733148443032 0.431983664397901 0.406326354103447 0.373849192277484 0.429012027820306 0.524968327576727 0.578527679072202 0.629574552810195 0.675241888601611 0.72671965810425 0.781517380785425 0.777937711133231 0.783520448814854 0.821018591952654 0.847173149036568 0.865460047240861 0.867691567822881 0.868359842389099 0.869212201503737 0.884222084546962 0.911073126711959 0.92848377532634 0.940978508262836 0.937993454669141 -9999 -9999 -9999 -9999 -9999 -9999 -9999 -9999 -9999 -9999 -9999 -9999 -9999 -9999 -9999 -9999 -9999 -9999 -9999 -9999 -9999 -9999 -9999
0.488392654826373 0.468244047869851 0.461093429535319 0.469442210946491 0.460705366239831 0.452436336240187 0.497876100825812 0.516701230293025 0.497257849060798 0.476328321268218 0.455613828112275 0.450772144881547 0.415601099859206 0.327499926610187 0.37927900981852 0.496168222027897 0.547163615226236 0.602713183149724 0.668013824759869 0.74068424284561 0.817565588041318 0.808242673053829 0.807774225792093 0.841948464908553 0.865355310259682 0.881294130881615 0.877154983500399 0.873781093012864 0.879925719859578 0.894574272085799 0.916335391035292 0.934785946199349 0.949472108562891 -9999 -9999 -9999 -9999 -9999 -9999 -9999 -9999 -9999 -9999 -9999 -9999 -9999 -9999 -9999 -9999 -9999 -9999 -9999 -9999 -9999 -9999 -9999 -9999
0.478061278565157 0.471778801321033 0.462978949682275 0.451177264976359 0.458262213328964 0.473138715276971 0.510485261333053 0.527101144271629 0.513908931033453 0.499384519246797 0.48539504410585 0.492690723342784 0.457052137836494 0.34648562757561 0.379170569181478 0.478544190244449 0.538815609208475 0.611636076549255 0.711325670088335 0.794948733408894 0.869391737078482 0.827863828480554 0.801522205878652 0.830529802382248 0.851419288915068 0.866678235009095 0.883128116798951 0.89557366491844 0.89393636597128 0.902487078383162 0.919558903967468 0.936042386229378 -9999 -9999 -9999 -9999 -9999 -9999 -9999 -9999 -9999 -9999 -9999 -9999 -9999 -9999 -9999 -9999 -9999 -9999 -9999 -9999 -9999 -9999 -9999 -9999 -9999
0.470306539996773 0.471525566882773 0.46557622814645 0.451079000383991 0.450325605784183 0.458563100940487 0.515863499910443 0.545058294601273 0.533840751746063 0.521322981814459 0.507381284991191 0.474081781099393 0.431456917975472 0.372557645145621 0.419901969472493 0.516701283677135 0.568706074793187 0.62138220405639 0.675495754616887 0.766953124690388 0.879747926434685 0.831396580723442 0.791205084089178 0.793360992053397 0.80447846105797 0.821811469395474 0.862294702256797 0.896129272813803 0.899299131036993 0.907759154276902 0.920643799086189 -9999 -9999 -9999 -9999 -9999 -9999 -9999 -9999 -9999 -9999 -9999 -9999 -9999 -9999 -9999 -9999 -9999 -9999 -9999 -9999 -9999 -9999 -9999 -9999 -9999 -9999
