layers/veg/veg_3500.asc
NCOLS 255 
NROWS 330 
XLLCORNER -2985163.8955 
YLLCORNER -3022031.214 
CELLSIZE 25000 
NODATA_value -9999 
[rows 75 to 99 of 330, columns 171 to 227 of 255]
0.869586555456411 0.859883148475671 0.855411682788003 0.850759958287849 0.819069776452229 0.79836783641734 0.795230957789761 0.789831495473602 0.783166565592827 0.7620196140749 0.74488622595316 0.73558168560801 0.717021048064802 0.693626828079687 0.676248690543287 0.660572541540903 0.648630611810132 0.646656326623849 0.651027428890271 -9999 -9999 -9999 -9999 -9999 -9999 -9999 -9999 -9999 -9999 -9999 -9999 -9999 -9999 -9999 -9999 -9999 -9999 -9999 -9999 -9999 -9999 -9999 -9999 -9999 -9999 -9999 -9999 -9999 -9999 -9999 -9999 -9999 -9999 -9999 -9999 -9999 -9999
0.861654327548312 0.857369597036275 0.855121984262675 0.851853105518121 0.824770977582392 0.804755146934732 0.796035022009437 0.78487718004555 0.772367112423804 0.744778805018245 0.72505852247042 0.720685591598204 0.709672594524283 0.695192120097984 0.67576280479697 0.658125402914243 0.645118499477838 0.640280922696275 0.640643926916707 -9999 -9999 0.59981606327864 0.59981606327864 -9999 -9999 -9999 -9999 -9999 -9999 -9999 -9999 -9999 -9999 -9999 -9999 -9999 -9999 -9999 -9999 -9999 -9999 -9999 -9999 -9999 -9999 -9999 -9999 -9999 -9999 -9999 -9999 -9999 -9999 -9999 -9999 -9999 -9999
0.857031779414556 0.85614455471533 0.853180740235571 0.848281857857862 0.826084591380008 0.807739599026907 0.795552591980843 0.780766630713571 0.764524282025046 0.731516267912174 0.709512223455188 0.708972497577545 0.703516697473203 0.695493697656407 0.675751055249032 0.657514132896541 0.643636579060306 0.633009366758829 0.624451316966069 0.609039249540442 0.597000311442993 0.596835365055185 0.587115670165915 0.570042812547424 0.568299556762491 -9999 -9999 -9999 -9999 -9999 -9999 -9999 -9999 -9999 -9999 -9999 -9999 -9999 -9999 -9999 -9999 -9999 -9999 -9999 -9999 -9999 -9999 -9999 -9999 -9999 -9999 -9999 -9999 -9999 -9999 -9999 -9999
0.85965461446382 0.857731174350874 0.847663634508238 0.83459573518604 0.817785029647867 0.803217806987658 0.79223686457431 0.778492215746803 0.76313411619028 0.726912749836406 0.703291817377151 0.704249263067766 0.699978607851056 0.692977810954819 0.676712525474448 0.660849977365709 0.646533185541574 0.634744914229198 0.624566295253202 0.609039249540442 0.595577220687451 0.589652590634644 0.580682866421022 0.56936969246753 0.568299556762491 0.568527510626794 -9999 -9999 -9999 -9999 -9999 -9999 -9999 -9999 -9999 -9999 -9999 -9999 -9999 -9999 -9999 -9999 -9999 -9999 -9999 -9999 -9999 -9999 -9999 -9999 -9999 -9999 -9999 -9999 -9999 -9999 -9999
0.857984418285871 0.854723600300937 0.83012017772858 0.80077170318404 0.805166248646908 0.804733002544705 0.796582374823129 0.770760456581962 0.737719237475081 0.716462350736304 0.703317369717799 0.705995453839462 0.700982594046431 0.691953483054615 0.681805233317632 0.6694201500782 0.651706888045689 0.636861952198589 0.623842988466159 0.605391040357533 0.588061079350623 0.57541449481793 0.565105398710886 0.556595191686985 0.558725373360058 0.563532276227112 0.573377197077405 0.588045736939834 0.607181374289529 0.626824311550709 -9999 -9999 -9999 -9999 -9999 -9999 -9999 -9999 -9999 -9999 -9999 -9999 -9999 -9999 -9999 -9999 -9999 -9999 -9999 -9999 -9999 -9999 -9999 -9999 -9999 -9999 -9999
0.853826421966131 0.849053703268187 0.805607482602008 0.755277806455833 0.790044491603923 0.809746616306316 0.80536755185202 0.75986618101526 0.698382101746812 0.702623699682859 0.706962438297024 0.711490659300483 0.704618701059195 0.691793509500134 0.68929198233762 0.68102360204181 0.658200161619448 0.639200062894295 0.622633897715289 0.599628703687036 0.577014031459012 0.557087859076673 0.544228622632075 0.53680797307851 0.543602976221114 0.553832002882195 0.570227563950597 0.588045736939834 0.607181374289529 0.626824311550709 0.643501175181674 -9999 -9999 -9999 -9999 -9999 -9999 -9999 -9999 -9999 -9999 -9999 -9999 -9999 -9999 -9999 -9999 -9999 -9999 -9999 -9999 -9999 -9999 -9999 -9999 -9999 -9999
0.850438876534788 0.843494596788094 0.808989996801685 0.76998026546105 0.797205430326003 0.80521137419953 0.78249476909414 0.749008943432548 0.712004589367781 0.723482326941593 0.729093318867925 0.723260649866481 0.712765204333051 0.699834832470165 0.69520073899621 0.684560043375423 0.658911368701237 0.639225417545494 0.62333532717 0.597928213065501 0.574456472107109 0.559097162134816 0.546813673011817 0.536897280335922 0.547953284194079 0.562063844240922 0.577283222098851 0.592476227314935 0.607644809134018 0.618281239683565 0.627576781044716 0.634370995813985 0.641379002247785 0.648624951177308 0.668930192018948 0.693429269687626 0.724034287907097 0.748378311422726 0.764332605801269 0.768394923379069 -9999 -9999 -9999 -9999 -9999 -9999 -9999 -9999 -9999 -9999 -9999 -9999 -9999 -9999 -9999 -9999 -9999
0.845518171757446 0.836585083332358 0.811957739890635 0.785202423835667 0.802275734074031 0.79981284048324 0.766120690552092 0.745138801075592 0.730099273927253 0.741731890267612 0.744627142246249 0.730479310858744 0.718031577154802 0.70647164336663 0.699683266899581 0.687162326298886 0.660513024602902 0.64049600722773 0.624701092027672 0.596869342276457 0.572582893197033 0.56190121531024 0.551152256379366 0.540351519166141 0.554064249257113 0.570192540397419 0.583031194401881 0.595605691628501 0.607935556334273 0.611764128084815 0.614476469152775 0.620109514735252 0.629728162624273 0.64378264369631 0.666433497476819 0.692038239058284 0.723236821765083 0.748143676811512 0.764619620577592 0.783685759752798 -9999 -9999 -9999 -9999 -9999 -9999 -9999 -9999 -9999 -9999 -9999 -9999 -9999 -9999 -9999 -9999 -9999
0.836327231902001 0.825993544645975 0.809908560600328 0.793439616928828 0.798561694069036 0.793402180838188 0.771807211461804 0.760234581708228 0.752950021544458 0.748057937690523 0.739670539274083 0.724465188095977 0.71484883343264 0.708151082025472 0.700513448322745 0.688353384555081 0.665338860229183 0.645470187850782 0.627604160067766 0.596986036845173 0.571382339342388 0.564026738657234 0.556979569077549 0.550169762533522 0.562239679115012 0.575540055507086 0.583805181242709 0.594584707232886 0.607692790066138 0.611939390614774 0.609802417620519 0.582304596184826 0.586443416817316 0.625792691451911 0.657157875109173 0.686870336216392 0.720274106599297 0.747271971438156 0.765685926701218 0.784554305203507 0.802371722289801 -9999 -9999 -9999 -9999 -9999 -9999 -9999 -9999 -9999 -9999 -9999 -9999 -9999 -9999 -9999 -9999
0.828142316920472 0.81669127880755 0.803017825703943 0.789385432072841 0.786742345558321 0.782197147677635 0.774611362999159 0.765301476656667 0.755246759942363 0.744444302113746 0.732154672391153 0.716964168501076 0.708674802821321 0.703989247664385 0.696721359129093 0.685941312138899 0.666846355851619 0.645840020189537 0.623616903306165 0.596830606144982 0.574736449786235 0.568002603762768 0.56271576121129 0.558542506526376 0.567773108790401 0.577949624309474 0.584838567581121 0.595541127492988 0.609775433437874 0.61475125720072 0.610429641729597 0.565311198516792 0.553553172149876 0.578924099617937 0.634293539046459 0.693327136181606 0.717752015103614 0.738127648411276 0.753077295031384 0.774257784097504 0.797102406404693 0.813088094402666 -9999 -9999 -9999 -9999 -9999 -9999 -9999 -9999 -9999 -9999 -9999 -9999 -9999 -9999 -9999
0.820664650457562 0.808295388482751 0.792723414497958 0.776690249293508 0.769224860170213 0.767621607828365 0.77538917152893 0.763317935052823 0.743093763598145 0.733842940627446 0.722839609825715 0.708417841171611 0.700397858777166 0.695720922701211 0.689679753813954 0.680996192184323 0.66602101546488 0.642972936038736 0.614785658950256 0.596483867855579 0.581292548234001 0.57327928309427 0.568387894407834 0.565899045733634 0.571449178112461 0.578293778799072 0.586054315126651 0.597887688841772 0.613492869910284 0.619416690593149 0.614783731288371 0.562948569625893 0.527970396436068 0.511753450052526 0.60187616122506 0.707956252809058 0.715539687755943 0.723167568008741 0.730855004944728 0.756112076567514 0.78680591468404 0.809153086252459 0.82297632438269 -9999 -9999 -9999 -9999 -9999 -9999 -9999 -9999 -9999 -9999 -9999 -9999 -9999 -9999
0.823924955820421 0.810748492931001 0.789880623070009 0.767660199496109 0.762593317493081 0.761061880845862 0.765181968428192 0.749678626291962 0.726114056424283 0.713553656493276 0.703991491558673 0.70027767709677 0.697303690004027 0.694716044638806 0.684913965444828 0.673005132372401 0.65645961476081 0.634709784016307 0.609646895396784 0.595077609873368 0.58382213729506 0.58022284472783 0.577440360648257 0.57528647770114 0.575159469688109 0.577371478015769 0.587806969932287 0.598530866801289 0.609521852143761 0.589908933761106 0.564759261942139 0.541861261023936 0.527447561938877 0.522476588121312 0.606206781499807 0.701878791354627 0.70424048050256 0.707518901211347 0.712025741660254 0.744404563078888 0.784157988828403 0.792204040840361 0.805419220995423 0.827017161265399 0.833508215360645 -9999 -9999 -9999 -9999 -9999 -9999 -9999 -9999 -9999 -9999 -9999 -9999
0.824805342740109 0.813426061969649 0.790264883440512 0.764438728540975 0.756603892024239 0.752275745218059 0.753553155808535 0.735277551042784 0.709051206083273 0.697612859222238 0.691114458828377 0.694251906955744 0.69483984105569 0.694096405575709 0.681331772466886 0.666101498367358 0.645666324432995 0.624506822401983 0.602886214199338 0.592344037062629 0.585029426830949 0.584972080131607 0.58410501473994 0.582614804394889 0.578748446729403 0.577862815923126 0.59006287730517 0.599270502229698 0.605706866541282 0.567557534999678 0.528001528339088 0.527964710008032 0.534344536277862 0.547865859078216 0.616756087739438 0.691266509042974 0.692588079351601 0.692574482776937 0.690771763381781 0.728451485026524 0.776348336482629 0.775940052902162 0.788331983268512 0.821481983461181 0.836599628786338 -9999 -9999 -9999 -9999 -9999 -9999 -9999 -9999 -9999 -9999 -9999 -9999
0.813493559595401 0.812932449317997 0.799162490946101 0.780091887323752 0.748882964373942 0.732823196922968 0.740979846568703 0.722472120123463 0.693457389789141 0.700330953665281 0.702485410936089 0.695434789425841 0.692681040301907 0.692171140445889 0.681038610797574 0.664090946333886 0.633769363530347 0.609520403410262 0.589137265712779 0.585378306920493 0.583102848341609 0.581479368211059 0.581230335724256 0.582039053442569 0.581902867213174 0.583733983276166 0.593874162865401 0.600966264830426 0.605235577544923 0.582554153183384 0.557212234278237 0.545908150972079 0.557928216858918 0.595907228721383 0.635555210032149 0.672419383169918 0.683017054087642 0.680331200390261 0.659845431698831 0.695381450955022 0.747793200663991 0.766800447357759 0.788455379430216 0.814404055200811 0.831200849141009 0.843840347896163 -9999 -9999 -9999 -9999 -9999 -9999 -9999 -9999 -9999 -9999 -9999
0.804896917299447 0.802636556892371 0.796228280341874 0.786198039941603 0.745013043577364 0.721256737018372 0.725360757182238 0.714041803030494 0.696710392632456 0.703180047994408 0.703428190715934 0.691540664807359 0.687750168162903 0.688187982613849 0.675743871851653 0.657327079058423 0.62529617013756 0.602924704780909 0.586702426598711 0.580710116583554 0.576008503108646 0.572859366889449 0.572255726995419 0.573611055325691 0.576117059795927 0.580128646670682 0.589514463381996 0.596962642335114 0.602616397487537 0.59077068063613 0.576184635469451 0.565202130763134 0.579344166005509 0.621448917906652 0.6353041788916 0.642746636771373 0.658645772049415 0.664988121597178 0.658524384014884 0.686671708381266 0.726204279671054 0.759267695501514 0.786761367358288 0.805222601569813 0.819775571636252 0.832296683630989 0.825008121459473 -9999 -9999 -9999 -9999 -9999 -9999 -9999 -9999 -9999 -9999
0.798601316236496 0.784033379064692 0.783266780971171 0.784213247720502 0.744406793452996 0.716373618997118 0.707160414706347 0.709319329424965 0.715935792622746 0.706140162766372 0.695533250521759 0.683343852666629 0.680470007013291 0.682460791516247 0.666210371020202 0.646534848256139 0.619724568467365 0.60344001607846 0.593856125844555 0.577989056845256 0.564534552904143 0.559894064538314 0.558111519129637 0.558528395257964 0.562754543037008 0.568492114790994 0.57822997636563 0.588128876271086 0.598176911902466 0.59324118266901 0.586480226618974 0.585640671997159 0.598922995204868 0.627922464646626 0.618908427831591 0.603899338999754 0.621731493903898 0.647018011742948 0.682293371430889 0.698606948262132 0.710519121482639 0.753096728096913 0.783527129008703 0.794258441669743 0.80324292739156 0.811424683923396 0.816675729132695 0.820164974647389 -9999 -9999 -9999 -9999 -9999 -9999 -9999 -9999 -9999
0.775784493229757 0.763916588867506 0.769384067164382 0.777865273476062 0.747199406556077 0.719752137989381 0.697449903427783 0.691535613833418 0.692260024801623 0.679416233098319 0.668999789708442 0.663318126505332 0.656222055648613 0.64838737370626 0.634735465757277 0.615880499766662 0.584830865197994 0.576273067694519 0.58203353967435 0.568352544849188 0.554688908816083 0.545602496855285 0.545929352372068 0.553500489364782 0.55442777491065 0.557114703034279 0.570280937226557 0.581390548093241 0.5905955440086 0.575275718645831 0.558295256744125 0.558226703804606 0.574237078607299 0.608142726380181 0.602636342618211 0.589091450877236 0.594744567028701 0.613783341685022 0.650758890686223 0.692229364295941 0.734341699281426 0.763253947124948 0.784482452240757 0.79325025406426 0.799900893883668 0.805538812877547 0.805387966274512 0.804886693586301 0.803691401793833 0.803277282622156 -9999 -9999 -9999 -9999 -9999 -9999 -9999
0.748093772238127 0.739937638529401 0.751946897121028 0.767824866671247 0.743235547590183 0.715742402391764 0.683607396830924 0.66816985655241 0.659691094465565 0.64651432706982 0.637453174533231 0.636419931128464 0.625324606699687 0.608974810853201 0.600301222975275 0.584753173736248 0.552141403012567 0.548478166137745 0.563243522160568 0.553402538045616 0.541949351650364 0.531309563174164 0.534860445927593 0.549332214225246 0.54632420904918 0.545280325040652 0.561222231592435 0.572847149869337 0.580474155494604 0.557345463286157 0.531985693655701 0.527026289450346 0.542966322584408 0.582166683901324 0.585009755424187 0.578692854001434 0.575873102625491 0.58809747815902 0.620480974702028 0.684758943669588 0.756175928578851 0.772108004953987 0.784561333334356 0.791373186182865 0.796031378271502 0.799605327831441 0.794253143792423 0.792852746656814 0.799278866218854 0.796439437531264 0.78868810964988 0.779484951584135 0.770182968686106 0.760742780358274 0.754949298686023 0.751510703169274 -9999
0.710341474802119 0.69919116915875 0.718719723157643 0.743968830370458 0.705345500915117 0.671181833776922 0.644147081698761 0.628829167311697 0.618452355442487 0.60749929356401 0.59680721883744 0.586624225065182 0.576467470542156 0.566324418292525 0.568804480735578 0.56651861073512 0.551950462803442 0.538797139741497 0.526544492053369 0.519055178818943 0.514547585673302 0.518017705115967 0.527465810063082 0.541514465218339 0.535431032896912 0.531129176516478 0.544482028665996 0.554338049737507 0.560955696202182 0.555101423099819 0.543605771180455 0.514607989157829 0.514770228259835 0.547386530605863 0.561005461224855 0.570489730489697 0.587110013191116 0.609026599457609 0.638040229315516 0.68612882886599 0.738776333010899 0.762513805868104 0.777391912904088 0.777902812087306 0.77969537597429 0.782067697879928 0.786072696939809 0.789288206090318 0.790940129928827 0.79032940586092 0.788519195467116 0.779484951584135 0.770182968686106 0.760742780358274 0.754949298686023 0.751510703169274 -9999
0.684505535350014 0.677520710961784 0.697842344728266 0.722603170125453 0.681397767208359 0.64788288540196 0.626661551372659 0.609314153849539 0.593698905098282 0.582509176679565 0.570129281999207 0.555427851672976 0.547847727985923 0.543986387928517 0.544308261410795 0.543555578049798 0.539950819203233 0.526412178089045 0.506549642536578 0.496938550785504 0.492521059637658 0.501544390763071 0.514774963166616 0.531243352845462 0.522150096270364 0.514942945235443 0.528658934999121 0.539455830279501 0.547549386096583 0.550089915482591 0.544837910761306 0.503057592105106 0.495113887107848 0.524829126010436 0.545319887157413 0.564124630718041 0.589014785695236 0.614683941002519 0.641396956283542 0.679942682161223 0.721568870148821 0.74899052714739 0.762425458272782 0.753178156622742 0.759248574374562 0.771786647591671 0.777920181487134 0.782203399427512 0.78282206533805 0.781309278353756 0.778666554805141 0.768748077734384 0.75850269473103 0.747977677408515 0.742322594272654 0.73981230496791 0.735160121300426
0.670809282782648 0.675283774564949 0.689546213948209 0.703774559000935 0.671653644547271 0.646244029206428 0.631562643474775 0.609996376535805 0.585739700364726 0.571806822599657 0.557681143859532 0.543179387969033 0.539844655557833 0.542341401302377 0.526943764406816 0.515775457669759 0.515921160905902 0.511272605723215 0.503572032876766 0.487281874631477 0.475970512916105 0.48182999525876 0.49668864697573 0.518472897710509 0.506436649261644 0.496683490954041 0.513770138477836 0.528268464216132 0.540369775240966 0.54225907429716 0.53548742818634 0.492391363989873 0.484157345821577 0.514723541198346 0.538108937452495 0.559632001773581 0.581412523064556 0.604783288684471 0.630284980748615 0.666058893148696 0.704557140823177 0.731464532447811 0.739515842320031 0.716988299112633 0.734613931452343 0.768898175227398 0.769796120907161 0.771532352051069 0.774928808136986 0.769324515820412 0.758948701341241 0.747073106285266 0.734923242458707 0.722208235962808 0.716832543678218 0.716196264529764 0.724603494098657
0.655532878390427 0.667054960601717 0.677035885343279 0.6833421545377 0.645540574959724 0.618479675485688 0.608588102006045 0.601163578170754 0.59461438847591 0.58020718321195 0.568052147858975 0.560290190093079 0.554852610090815 0.550628832332224 0.534498943327123 0.522818810798323 0.522613599989051 0.5164571543059 0.506512161496267 0.493364480834275 0.483811866619055 0.485959834155936 0.49435780338782 0.507565661599435 0.502536800866989 0.498779558299293 0.509655844146677 0.515008434673302 0.515245595182402 0.511469851284377 0.503962996025967 0.480398849962167 0.479421513835106 0.503582491395632 0.529613033572013 0.556736855911874 0.588750481333857 0.618567621266655 0.645441471965155 0.676770959689241 0.707248399416132 0.702656546869349 0.70131231344494 0.705234734530497 0.715170135091686 0.72770126218129 0.740912152123241 0.750796306601065 0.754091859189404 0.744317784748019 0.727615173673841 0.711640309142769 0.700065753314429 0.699233299444346 0.702025521900753 0.707158404274616 0.708163457573921
0.642302327448458 0.658234192294647 0.663976950047644 0.663210207935206 0.619266253999256 0.59000279487281 0.58420658350947 0.591661754058401 0.604126678987022 0.588822815843042 0.578217853546603 0.576778556725297 0.567770619612828 0.55481029889443 0.541839326796406 0.531903366445013 0.529291591959957 0.520621316529321 0.508094208553071 0.499617129981895 0.493010101082106 0.491159181895686 0.492611166223649 0.496605005736648 0.499632412158317 0.502800439020836 0.507034771453872 0.503072510942595 0.491519480999995 0.482729372504169 0.475161846329171 0.471323797461557 0.476878844065234 0.492888070834951 0.519768201629392 0.550789800944963 0.592193129437958 0.627880839033548 0.655909622744627 0.683893911344206 0.707943561779321 0.674096784167036 0.665733567171653 0.698696966505247 0.698545841556139 0.684858168782479 0.710047829785549 0.727691332756277 0.73038966452046 0.716963276985822 0.694988771888126 0.67438042939109 0.663681544869212 0.67719336021329 0.689621136210947 0.701348886270131 0.705659498621181
0.644990288951024 0.654587160194832 0.653682516349289 0.647496229973634 0.616748661108199 0.59643415345087 0.592797232991744 0.592166892024438 0.592325675912339 0.569893179363055 0.552422739771987 0.544631277376482 0.531980036582384 0.516790994052158 0.509970783384285 0.501671753683858 0.489285854454364 0.487220791965785 0.491725958548369 0.483126008971312 0.474187925285931 0.467269204389334 0.47083366894352 0.482465804617298 0.485393007757438 0.488675655225376 0.497944426608271 0.503031489590605 0.504245921040135 0.502345331724231 0.497986028374928 0.483543279559356 0.479398797635061 0.486715919375757 0.502956029914676 0.522248310071783 0.547233313423067 0.571724828749596 0.595555070419791 0.629996034515396 0.665566881125954 0.664286149801491 0.670695938588246 0.689577421530479 0.692685768116126 0.68922693479404 0.69757530098884 0.704191624667197 0.70737763694281 0.693837910063865 0.67143144994308 0.645907162205058 0.634308782385188 0.65709569301318 0.676897072686017 0.694770525004905 0.702053794711223
0.643365950402376 0.642205477970392 0.637511399406233 0.630463343047987 0.607093779852772 0.590510278130838 0.584774516079505 0.578852568141596 0.572537087542485 0.551463933059203 0.533492864609915 0.521572718234788 0.504849421902521 0.485617895502883 0.483529554914734 0.476053162053975 0.454513283949852 0.455252999908383 0.470175871775571 0.461210400093942 0.451378089623895 0.444463438885491 0.44995584998447 0.464996512894348 0.46999400805457 0.474891250644267 0.484668231115197 0.492358124718283 0.498115191437738 0.501292232426379 0.50085626214701 0.483489600161159 0.476514402972949 0.481104535394729 0.487255525450821 0.495296552005284 0.515382055631255 0.536618153618159 0.559396047356618 0.595742825002972 0.634881566474145 0.646793451816993 0.659665888108408 0.67409604708672 0.683490919900777 0.690536778101836 0.687161443993605 0.685128148608333 0.685752761842847 0.672911684552124 0.652932107449755 0.628222991145517 0.617471958524203 0.641300844079969 0.664733342726807 0.687909871773612 0.697095126785874
