layers/veg/veg_1600.asc
NCOLS 255 
NROWS 330 
XLLCORNER -2985163.8955 
YLLCORNER -3022031.214 
CELLSIZE 25000 
NODATA_value -9999 
[rows 200 to 224 of 330, columns 57 to 113 of 255]
-9999 -9999 -9999 -9999 -9999 -9999 -9999 -9999 -9999 -9999 -9999 -9999 -9999 -9999 -9999 -9999 -9999 -9999 -9999 0.211045663201015 0.211063073538643 0.205826515927246 0.190792221049504 0.150529515417614 0.0976765381873893 0.0674971935060531 0.0516078417938979 0.067780421781886 0.102094728204624 0.147473026738018 0.203177507784214 0.244164750942032 0.240723375091365 0.219052934437681 0.183922732382136 0.210326317473278 0.239086381402933 0.249202819564724 0.255685674027748 0.258937666851521 0.264809344559523 0.271013053082084 0.27651095408891 0.285458759138019 0.298093176613119 0.299646877337457 0.298704270469983 0.299596377709738 0.30696349833633 0.322655721710233 0.3251397471112 0.323112675285235 0.318098585497272 0.311131840109706 0.301131133714321 0.293798835048229 0.287258751738691
-9999 -9999 -9999 -9999 -9999 -9999 -9999 -9999 -9999 -9999 -9999 -9999 -9999 -9999 -9999 -9999 -9999 -9999 -9999 0.205193587285441 0.209737735561678 0.207700191297151 0.19338893411547 0.151494912485216 0.0958356759460777 0.0459388715517439 0.0251786923958188 0.0711968349175697 0.120297847492175 0.171278992592515 0.208926043472187 0.239451314762337 0.251904095674468 0.237979907619383 0.204579804993833 0.227505324206049 0.250545034371058 0.248894291776355 0.251368159709668 0.257509493989315 0.262430244874673 0.267410958677885 0.273803808269557 0.276605949449077 0.275571012817706 0.279664890208465 0.286353423803751 0.302800183678157 0.315853591222477 0.324544072372978 0.329320021782212 0.331719550760523 0.320140952419997 0.308142255236702 0.295490824663735 0.292438274896874 0.292815342914959
-9999 -9999 -9999 -9999 -9999 -9999 -9999 -9999 -9999 -9999 -9999 -9999 -9999 -9999 -9999 -9999 -9999 -9999 -9999 0.2049846627306 0.202796703811974 0.197300495163961 0.185634975630447 0.141720606585111 0.0817124067374952 0.0398363327365856 0.0238051258820537 0.0665556111072951 0.115461921625178 0.168122450503553 0.209385784855306 0.24215776007333 0.2525402910942 0.241478522630057 0.214582965783606 0.234921764263209 0.253457635026051 0.244201455369241 0.240734100717927 0.242413976513769 0.254636190584171 0.267133523905928 0.271435964270871 0.270714460612278 0.264624304887525 0.257218863660823 0.255249040748281 0.295742977850184 0.32129959389963 0.327650885557929 0.33192825686399 0.334780927664046 0.32814120484439 0.321173850018817 0.313697433210646 0.306542678787595 0.299232135841961
-9999 -9999 -9999 -9999 -9999 -9999 -9999 -9999 -9999 -9999 -9999 -9999 -9999 -9999 -9999 -9999 -9999 -9999 -9999 0.195647715952131 0.195617746426876 0.191658358046903 0.180371286300478 0.137113336867375 0.0779002788372623 0.0442614229937207 0.0318770636940397 0.0674636999048863 0.109574683768577 0.15566463464061 0.202062176640868 0.23886264216405 0.247892617996437 0.239959466611651 0.219501281856267 0.236914874694091 0.252406182096194 0.243834892756623 0.237563113405034 0.233335981769078 0.249633424089129 0.266487079123541 0.267490243494312 0.264637420972605 0.257664040598261 0.244001248490054 0.235903952865695 0.281040728539578 0.313964523229524 0.331185752462403 0.336166527561044 0.336832740841009 0.333043131444316 0.328725120869806 0.323586100911816 0.31557138101837 0.306226495981529
-9999 -9999 -9999 -9999 -9999 -9999 -9999 -9999 -9999 -9999 -9999 -9999 -9999 -9999 -9999 -9999 -9999 -9999 -9999 0.19565032143142 0.195704307408099 0.191087979854687 0.177762329107216 0.138014346034684 0.0850802632321377 0.0599094106492447 0.0500183082032885 0.0742875904088247 0.102566702911629 0.133291267942538 0.186441188897827 0.229169604287363 0.237612117808053 0.233091361272498 0.218998938618555 0.23312648659996 0.247128880557979 0.248080320800168 0.242348075827203 0.230672920504386 0.247606288319933 0.265447254078836 0.261862439404998 0.258362576337282 0.254953493663136 0.240621509760558 0.229094770484377 0.25818853986251 0.293004288352686 0.335176942717768 0.342142485095309 0.337808316429954 0.334642111806682 0.330434134858724 0.324607492226575 0.319189170824018 0.31383656717273
-9999 -9999 -9999 -9999 -9999 -9999 -9999 -9999 -9999 -9999 -9999 -9999 -9999 -9999 -9999 -9999 -9999 -9999 -9999 0.182038765008508 0.18241704023853 0.176353004498728 0.158275178251861 0.119912925227293 0.0714277023162533 0.054930173070578 0.0525977989553353 0.0817168842490421 0.105683370220129 0.126507469579892 0.176401751094417 0.217369501329817 0.227126110159722 0.228530568826168 0.223768065577262 0.235170989967556 0.245797360211902 0.246316802615822 0.243425211719724 0.237500643588791 0.251120933593938 0.262973184996979 0.248136494681288 0.238861663526148 0.235530307563824 0.236605244832612 0.240518036735191 0.257300809077252 0.278955961205706 0.30687566599564 0.327620414388278 0.344388917825896 0.340317023057578 0.335860701625332 0.330807072859956 0.323491372948559 0.315170790589834
-9999 -9999 -9999 -9999 -9999 -9999 -9999 -9999 -9999 -9999 -9999 -9999 -9999 -9999 -9999 -9999 -9999 -9999 -9999 0.165280289246197 0.166837117965113 0.159898734912814 0.137118258082276 0.0985282568305541 0.0520484916042832 0.0440751178056746 0.0501296716026453 0.0870938207589844 0.107496338853048 0.117798508665945 0.165263852699567 0.205058821261486 0.215757061199207 0.222789339918054 0.227114789523738 0.236715556528666 0.244388538825936 0.242513779978686 0.242862049245392 0.245186961091928 0.254386071187154 0.259047074325341 0.234558284258468 0.219423579473522 0.214284772142962 0.232932797063029 0.255396673437926 0.262550081651511 0.269082215929113 0.274815561224781 0.310092836797613 0.351291225746422 0.346655772007782 0.342299687750112 0.338377677023999 0.328424508132374 0.315941139594674
-9999 -9999 -9999 -9999 -9999 -9999 -9999 -9999 -9999 -9999 -9999 -9999 -9999 -9999 -9999 -9999 -9999 -9999 -9999 0.165213270630884 0.164610580557576 0.156464914495832 0.134252908924965 0.0874532048195289 0.0283829773923934 0.0274692334808982 0.0388179441509414 0.0763353374832796 0.0814425024615688 0.0667838247509888 0.1359804822161 0.192817579854477 0.198288480986964 0.204224128267908 0.210502929316656 0.224046234915742 0.235276342756457 0.234633154783473 0.236984685114882 0.241999019248858 0.245799096743941 0.247074059017994 0.236710139652971 0.224368421729975 0.209913202489098 0.232931272830293 0.262619765914002 0.273045540888415 0.277299458069474 0.273618047985279 0.30761540388281 0.350413089037357 0.350487067524982 0.349433962857606 0.346629639826105 0.336743422209989 0.32393058223761
-9999 -9999 -9999 -9999 -9999 -9999 -9999 -9999 -9999 -9999 -9999 -9999 -9999 -9999 -9999 -9999 -9999 -9999 -9999 0.160729017405477 0.161145201102446 0.155082295080055 0.136937012573593 0.0867783856086559 0.0206434569483385 0.0190920219903681 0.0293247233956623 0.0644033381515675 0.0627639692366729 0.0387316112579163 0.114703411827225 0.177368618661589 0.182914026002816 0.189138017580223 0.195863054165081 0.210279393078976 0.223469799194014 0.228654763810911 0.233262385072624 0.237356651846432 0.24044465922493 0.242200933311833 0.23815150040229 0.225909862807635 0.204913928508425 0.22657358095359 0.257005291119026 0.27420114195053 0.282004906728052 0.277733008222789 0.301690952754144 0.333230840125792 0.345212358678756 0.352276063583554 0.351698659193257 0.34410484536728 0.333561144831767
-9999 -9999 -9999 -9999 -9999 -9999 -9999 -9999 -9999 -9999 -9999 -9999 -9999 -9999 -9999 -9999 -9999 -9999 -9999 0.160696959151903 0.160080140291082 0.156330523837878 0.14673878424715 0.0994427922714086 0.033330443507857 0.0212688170961685 0.0221638996205695 0.0509661998447761 0.0535449199210299 0.0401308134648339 0.103695135168834 0.157805470836021 0.170225473340472 0.17851416408112 0.18375242567368 0.195104883697836 0.208207514737947 0.225116157836251 0.232304146873763 0.230848853984377 0.239236238531249 0.246434049060831 0.238681588419908 0.223086138418823 0.199109567761134 0.212063537343736 0.234925491673443 0.263377542141362 0.282206167127081 0.288661689366286 0.291345393422542 0.295137113604331 0.328258387325236 0.349613067965543 0.352685269806905 0.350238201047277 0.345296590089197
-9999 -9999 -9999 -9999 -9999 -9999 -9999 -9999 -9999 -9999 -9999 -9999 -9999 -9999 -9999 -9999 -9999 -9999 -9999 0.153549954101188 0.153892845672625 0.150425219810958 0.139851641073178 0.098719839265388 0.0423379160066998 0.0267057136765439 0.0216446348502787 0.0394688303027646 0.0436917292708731 0.0396196824663676 0.0890046383913757 0.134234247279603 0.157471286583103 0.172141100633544 0.180485148166159 0.1881172927344 0.197286323893137 0.212509171849998 0.221798550392836 0.225812085496608 0.22921515284678 0.232442322878848 0.235336779924181 0.22489534584712 0.200203004695279 0.213996210759672 0.236405016634636 0.252039251471117 0.266555663857496 0.279634861184326 0.285446403245088 0.29006797074849 0.309322336172296 0.328969807861166 0.349228072912868 0.352906866539814 0.349584871393017
-9999 -9999 -9999 -9999 -9999 -9999 -9999 -9999 -9999 -9999 -9999 -9999 -9999 -9999 -9999 -9999 -9999 -9999 -9999 -9999 0.147823722833977 0.142691708978318 0.12798938104902 0.0944093196910638 0.0514083006142908 0.0331618758353208 0.02252758872795 0.0285320886792176 0.0338513011011958 0.0387525810929361 0.074294124247406 0.110672600701385 0.143739879132727 0.16558792096734 0.179152035494939 0.18341281552583 0.187942830376075 0.197626286820298 0.208631126350921 0.220810895724512 0.216503095532826 0.213227031225203 0.23014509995677 0.227551036211795 0.204106053379227 0.221261074339137 0.244900663144714 0.242198397781933 0.247984910561626 0.264685678805076 0.280483838610794 0.294571651665409 0.290795087948739 0.303737019004955 0.342655502844289 0.352829772741712 0.351074127810332
-9999 -9999 -9999 -9999 -9999 -9999 -9999 -9999 -9999 -9999 -9999 -9999 -9999 -9999 -9999 -9999 -9999 -9999 -9999 -9999 -9999 0.14093908930841 0.121215810569734 0.0992165498510167 0.0760814573289847 0.0392157979104773 0.0141726611207059 0.0167837045016216 0.0267238854032117 0.0411338459588116 0.0741618602356402 0.10337091528692 0.118071651107245 0.139668103349468 0.166356133175982 0.174245796008736 0.180816298736012 0.190845640129364 0.200676244700976 0.210330139107943 0.205681115806385 0.202183541402992 0.217498313710479 0.2221188600594 0.215311417159349 0.228886931511264 0.24612375309503 0.253126494585766 0.256787786384958 0.256152884439806 0.269306865601797 0.285608297185348 0.28535373388103 0.293607416832086 0.315080884874255 0.332422586707363 0.347605531498816
-9999 -9999 -9999 -9999 -9999 -9999 -9999 -9999 -9999 -9999 -9999 -9999 -9999 -9999 -9999 -9999 -9999 -9999 -9999 -9999 -9999 0.182550442467402 0.130380845283707 0.104913854808061 0.0927728353622218 0.044937815609252 0.0107650264903076 0.00923832718166784 0.0229163950038043 0.0458673081741676 0.0754849958825039 0.098684308046983 0.102103301255835 0.119393402022689 0.146925487231847 0.161725439974287 0.174044719236079 0.182782487136974 0.190616523453835 0.19764699173729 0.197184985592397 0.197863036112573 0.211105081968159 0.219139668055699 0.221609494760534 0.2348211792068 0.249991103995675 0.259979355775416 0.262529919830691 0.255517644273242 0.264095774463152 0.277031809916976 0.281315881821199 0.287288027598107 0.29588303749354 0.312105115748366 0.331198988225417
-9999 -9999 -9999 -9999 -9999 -9999 -9999 -9999 -9999 -9999 -9999 -9999 -9999 -9999 -9999 -9999 -9999 -9999 -9999 -9999 0.200760830433064 0.184400627282089 0.137531488094106 0.1119906373563 0.0970936970467884 0.0501454331125207 0.0150249270164419 0.00820695721784731 0.0242542728013152 0.0542463106792647 0.0790637747875238 0.0980506655160519 0.101168254922503 0.107867753526871 0.117212019906659 0.144007933546919 0.16782326038315 0.172731648717239 0.177294627986186 0.181550481015327 0.192293560616001 0.203962111893175 0.214403887717233 0.219962220215229 0.220302041523689 0.238133695140421 0.257956648371943 0.260516235176814 0.263528378322229 0.267122385598093 0.268130872946739 0.269054906695963 0.27945323972731 0.286873876198142 0.289667882525104 0.291926689211754 0.294740638105755
-9999 -9999 -9999 -9999 -9999 -9999 -9999 -9999 -9999 -9999 -9999 -9999 -9999 -9999 -9999 -9999 -9999 -9999 -9999 0.195489491424854 0.195978252657227 0.182154056708055 0.141638682714059 0.11687266413951 0.0999663821199866 0.0476713493720679 0.00939392324672325 0.00456891336170063 0.025757672463175 0.0628113017505284 0.0803801056107236 0.0935394194200407 0.0976082160030717 0.10241879519251 0.107777083055003 0.127825211418857 0.148373665273847 0.164239084164431 0.173128083440813 0.175813882686745 0.185593391743575 0.197610038729071 0.214467757954897 0.225234944758758 0.229493709231876 0.244033273204548 0.259021160204252 0.258540734959305 0.261643773347763 0.26935416945999 0.271592422070114 0.272577639081119 0.280083201383992 0.285974517522681 0.289357680190708 0.287505052752993 0.284131400813489
-9999 -9999 -9999 -9999 -9999 -9999 -9999 -9999 -9999 -9999 -9999 -9999 -9999 -9999 -9999 -9999 -9999 -9999 -9999 0.193030578142365 0.191367532446397 0.178597067739091 0.145113196662322 0.121387112456656 0.102530664634473 0.0425981598686898 0.000328970327303799 9.03836915297354e-05 0.0272458559187207 0.0711079879133164 0.0806247320569685 0.0874629476004169 0.0929871257210728 0.0994280962616927 0.106545997152887 0.112617670011482 0.12413497677298 0.156444420160732 0.172603806292857 0.174403099253989 0.178502898596338 0.186638509950419 0.213049113142316 0.231814991278897 0.242411616579228 0.250703366872286 0.257318414806236 0.25578435086578 0.258881334097962 0.267932582014479 0.274757023577255 0.280498715898094 0.281678305608937 0.284971557572258 0.291548936474822 0.289604781368517 0.284182017686782
-9999 -9999 -9999 -9999 -9999 -9999 -9999 -9999 -9999 -9999 -9999 -9999 -9999 -9999 -9999 -9999 -9999 -9999 -9999 0.193094079803903 0.193477227255736 0.187471867501459 0.169553051910204 0.144072382143771 0.114817959096554 0.055948954216809 0.0119800055133084 0.0032914735250254 0.025885872206163 0.0675586149120294 0.0757571318316226 0.0819710250427928 0.0887117773452033 0.095705628816745 0.10288636066116 0.109419144814471 0.120838522226169 0.150785839367945 0.168862771356752 0.176384952110057 0.183379504835554 0.191536104588918 0.206036453035863 0.220893533899774 0.236131823674141 0.247561113220535 0.25728926116104 0.261434682477174 0.266394530773855 0.272401510232772 0.275756210699136 0.278303160600644 0.281485984446186 0.287216905576094 0.296906962052993 0.29487062154442 0.288102097142356
-9999 -9999 -9999 -9999 -9999 -9999 -9999 -9999 -9999 -9999 -9999 -9999 -9999 -9999 -9999 -9999 -9999 -9999 -9999 0.195735898581763 0.195820993852561 0.192804449351599 0.184003885634419 0.158314475968012 0.124196665497633 0.0657241117883704 0.0203439716425954 0.00590620346488881 0.0238696066901868 0.0615933290928368 0.0694590896646404 0.0759700924976825 0.0841507527822334 0.0919416003656813 0.0994446226544716 0.106964919491518 0.117919544867532 0.141684956637542 0.160891564064229 0.176044634461155 0.185337930978584 0.193611817289698 0.202068060210082 0.213602457046385 0.228426209278216 0.242125692474475 0.255037283825315 0.264194783841674 0.271265313815794 0.275652569023638 0.276816904660256 0.27721316010462 0.281070787412015 0.287401095015176 0.297573357955303 0.29754670595357 0.293297395589258
-9999 -9999 -9999 -9999 -9999 -9999 -9999 -9999 -9999 -9999 -9999 -9999 -9999 -9999 -9999 -9999 -9999 -9999 -9999 0.195730560551101 0.195643650216083 0.191449387588514 0.179595626651633 0.156616005847905 0.128084010031192 0.0687485315328184 0.022502010601931 0.00741389648752488 0.0206142929507923 0.0510668433906561 0.0604603988780323 0.0690081582648642 0.0790503767238297 0.0880991054836984 0.0964142730625878 0.105915918923902 0.115713237640768 0.12608506985422 0.1449338675598 0.171320100727529 0.181786885664441 0.190359867721901 0.203847189174604 0.213165473232469 0.218028669590546 0.232360813560587 0.248588655401022 0.261498182561015 0.271147267513943 0.276604312272692 0.277993722425952 0.278210427159613 0.280234804747208 0.283693854211125 0.289382041538706 0.295333378123696 0.300900284521595
-9999 -9999 -9999 -9999 -9999 -9999 -9999 -9999 -9999 -9999 -9999 -9999 -9999 -9999 -9999 -9999 -9999 -9999 -9999 0.19608766863282 0.19601271344866 0.190450103581963 0.174653971297623 0.151904573252925 0.12568513877702 0.0634753223098248 0.0174143124715039 0.00972575822052876 0.0207880149046847 0.0432857226194173 0.0537923547003522 0.0637155226313155 0.0741954926526385 0.0845252930691651 0.0947442130279056 0.10392292953225 0.112356601014151 0.118473269217219 0.131779749445687 0.151479171131419 0.170562777295587 0.188479540868068 0.201067774105832 0.208860273257315 0.2115279884561 0.224411709192542 0.239475953392296 0.251957013093316 0.263758153543996 0.274685103119572 0.278874765294904 0.280764891905534 0.281150306931503 0.283206806126334 0.287859771492742 0.292763899388124 0.297490525690436
-9999 -9999 -9999 -9999 -9999 -9999 -9999 -9999 -9999 -9999 -9999 -9999 -9999 -9999 -9999 -9999 -9999 -9999 -9999 0.196100833365289 0.196450081024302 0.189630617937152 0.169442754983313 0.145670488645499 0.120109421080292 0.0540087646627597 0.00866485743126401 0.0124440203370085 0.0226946585735576 0.0368920188743962 0.0483021425663757 0.0592664955367865 0.0694646721472851 0.0810872639254765 0.0937615985386139 0.101452879276206 0.108418625791296 0.114898384256306 0.120042467523083 0.123998912876927 0.155460955546859 0.187292386963831 0.195984621003814 0.202600204221692 0.206996651303788 0.217380237483194 0.229016916326805 0.238956824268016 0.252694481424129 0.271315009168098 0.279606333271451 0.284106313083086 0.28295095187894 0.284347137395032 0.28970781785862 0.290014433713513 0.288515337346207
-9999 -9999 -9999 -9999 -9999 -9999 -9999 -9999 -9999 -9999 -9999 -9999 -9999 -9999 -9999 -9999 -9999 -9999 -9999 0.186095077960067 0.185039760068719 0.17913241164631 0.164176869399188 0.14141872828149 0.114766689925842 0.0531284780525716 0.00908919821483093 0.00672100348823419 0.0192980694468202 0.0409897170251484 0.0477265403936881 0.0543204725067474 0.0632974771540878 0.0760077159620894 0.0914744560828442 0.0992248732176322 0.105992092283009 0.112530420298317 0.118045814508389 0.12265165003898 0.139306244069531 0.159178012474752 0.184332219511605 0.200424916927568 0.206834367053992 0.214557485561635 0.222921610567051 0.233611399394459 0.244330367185596 0.255086851172698 0.265103992300109 0.27440271910604 0.277665838508927 0.280745282203004 0.283539337660296 0.284780673969754 0.285478705852346
-9999 -9999 -9999 -9999 -9999 -9999 -9999 -9999 -9999 -9999 -9999 -9999 -9999 -9999 -9999 -9999 -9999 -9999 -9999 0.181948565886097 0.179479656261528 0.173613857524824 0.161413450856266 0.136786379338448 0.105957764368752 0.0504803159551132 0.00947731118982651 0.00260386515140478 0.0167435619302786 0.043698425291387 0.0480004867885666 0.0518577997963053 0.0586656068487322 0.0717117644654348 0.0893641216345371 0.0970506925308169 0.103547841475614 0.110049455698783 0.116102415251973 0.121756446011256 0.127705781999111 0.137980867586915 0.169816855576906 0.192252807057785 0.204643757003975 0.211816579206824 0.218196260607735 0.228258487398428 0.236406334797204 0.242092811974347 0.252572956164148 0.264170539045713 0.270305156185192 0.274997750892005 0.277449786724025 0.279637950664081 0.281695659051904
-9999 -9999 -9999 -9999 -9999 -9999 -9999 -9999 -9999 -9999 -9999 -9999 -9999 -9999 -9999 -9999 -9999 -9999 -9999 0.182090286766162 0.184188002434026 0.180101330795555 0.164481851464176 0.131184317767611 0.08906452776815 0.0433538092388012 0.00939633601065764 0.00258161744391229 0.0163730799033369 0.042731517458781 0.0500473768060145 0.055200962186036 0.0576705267059132 0.0693100458741171 0.087720367766767 0.0949917487755492 0.10099893703336 0.107254643596165 0.113874606566383 0.120818454205602 0.126758649922926 0.134026660338663 0.148907662330371 0.169939736173115 0.197544925569584 0.209089844114294 0.216479249701234 0.222567138280354 0.229394274715493 0.237171882445347 0.245272918563801 0.253254042653312 0.258406546406178 0.264450701032234 0.271880268417401 0.274811474503115 0.275924800795974
