layers/veg/veg_2900.asc
NCOLS 255 
NROWS 330 
XLLCORNER -2985163.8955 
YLLCORNER -3022031.214 
CELLSIZE 25000 
NODATA_value -9999 
[rows 175 to 199 of 330, columns 112 to 167 of 255]
0.409078283909337 0.418062774678248 0.439522109408026 0.450341893551359 0.4410209273342 0.437806853936576 0.437687334985927 0.449053811925427 0.456123793383579 0.45265655635352 0.451800685594731 0.452560533024107 0.458444253040811 0.465121177902766 0.473096489797825 0.478359705701023 0.481592362691526 0.487312007477728 0.493294873902913 0.4991080550619 0.501377038659872 0.500451351371667 0.511866479653172 0.525388621360492 0.538007154957711 0.544738363900675 0.545092031621817 0.553647422717627 0.560440134929777 0.538002634614476 0.520053091383112 0.507954190714188 0.500061341002754 0.492694351247092 0.473924022091928 0.453358639787038 0.429964018038204 0.393089564541344 0.351571579260019 0.348881601729198 0.337964863273648 0.311238355556037 0.281533044502641 0.250295167085415 0.225644467092784 0.213902893830992 0.232467008402845 0.277832382631942 0.340020483842013 0.379662988415869 0.416095776120408 0.447814057261446 0.488825841550146 0.536892926318527 0.562503662225798 0.579953370495342
0.402937552557312 0.416195681896214 0.43860800706853 0.449940632188521 0.440299300654058 0.43719897675626 0.437413186921511 0.446207203452873 0.452028935480938 0.450533514941782 0.446479963984822 0.440843633205201 0.447331912426615 0.455454937912875 0.465938294114694 0.46980249361546 0.468710899636131 0.47138883646744 0.476438075923938 0.488744446730943 0.495430372718404 0.497050138842243 0.507969658509782 0.520600942963741 0.533192612479657 0.539707804968023 0.539640553816449 0.551853976799769 0.56217777477702 0.534443560215552 0.513386543787712 0.50103413368026 0.492815138738357 0.486089618088018 0.481103610161819 0.468942577538741 0.44547276395463 0.398357952434973 0.342782319151567 0.342607509104062 0.335865222096675 0.316501893063196 0.284725057375772 0.246561589000492 0.225517098295904 0.21696068675716 0.237155896591199 0.290113456437723 0.36363542544127 0.40806609746852 0.447426267977374 0.477922750351802 0.516923054225013 0.562379160065058 0.578814898690252 0.588933130439457
0.387061462549786 0.40950234722441 0.433623448473071 0.447262910196356 0.441060548401435 0.437805566431818 0.436044114415133 0.436909227331592 0.441447157775861 0.454451214371757 0.450241297742186 0.435380661626431 0.437907380519587 0.443077097331783 0.452509702342104 0.453340557474283 0.447731242371977 0.455534411117855 0.465911488841827 0.479771305815529 0.488123575981214 0.49151145035944 0.505870960393039 0.521094686292162 0.530295050361405 0.536101746426086 0.538232195831489 0.544787084117823 0.548431378968796 0.521383187620853 0.503271158512304 0.4968085926595 0.493479767783978 0.490876294887457 0.484197942578867 0.474510811423461 0.46008144977042 0.412322145418281 0.351867442390027 0.338540042797472 0.330185092759928 0.331385942489905 0.306652163048194 0.268575260262468 0.251699226496947 0.246030650555305 0.26585806023303 0.310736037251963 0.371337859362102 0.414813056354195 0.454173476426711 0.484934307882444 0.529766877512507 0.585282215471564 0.590187047298258 -9999
0.378291865247728 0.39688482367456 0.411585603849157 0.421346470651786 0.421756043786617 0.420175659557953 0.417586901416323 0.41361537476347 0.415712085729376 0.43204554000787 0.430271645348041 0.417294277111573 0.425092499137079 0.433029806398458 0.437185814235531 0.431950407360338 0.419683604507993 0.428400090191066 0.442168471893623 0.46529101747199 0.478747452290183 0.483491042495041 0.495401808186423 0.50820406582228 0.518762976778153 0.526666167623317 0.531692505997396 0.541397063649477 0.549575743340387 0.537118140410209 0.528812827664535 0.52592057151248 0.523625200546538 0.520804090241276 0.508406994331921 0.49480039107927 0.479287445452346 0.434117016242221 0.377148129806697 0.341904687749913 0.322703055920177 0.334329756231833 0.319791835798696 0.291792463515372 0.281573074486284 0.279428008631558 0.295519428444102 0.327116955319072 0.368447420458325 0.437219888097919 0.491748603075803 0.497687079413657 0.5334452418201 0.591841460305161 -9999 -9999
0.372568772512623 0.38237975467484 0.383594650786816 0.387153801041975 0.395150642259337 0.395745462292075 0.392589445647246 0.385301378491988 0.384661426122937 0.399732547933619 0.401421228083498 0.394829853983115 0.410741986371969 0.423036772035082 0.42015886915926 0.408087743202395 0.38913360826663 0.397230020261888 0.413576454951963 0.448600973553207 0.468237330629047 0.474003097600731 0.481004153773599 0.489350716296968 0.503476439419985 0.514788720890967 0.523053295438213 0.539383650858776 0.556399285066781 0.56308910906725 0.566791639531349 0.566599839817258 0.563904943121026 0.559298142297643 0.540283810409275 0.520707473019567 0.500245341171715 0.458835715982015 0.408489771420367 0.349212724373436 0.316089799137347 0.333228530325274 0.329745731993288 0.315653350231175 0.312791505740182 0.314205763361379 0.325182436252872 0.341857800577972 0.36211014342432 0.466076513203747 0.554145599376999 0.576462794430458 -9999 -9999 -9999 -9999
0.372798193604455 0.382873680810993 0.382873204859084 0.385105931828431 0.391566128950382 0.387187898186315 0.377317495510274 0.375255643564115 0.37705399866184 0.387530781611608 0.392258166251943 0.393428253119936 0.391035157048704 0.386074481267914 0.374284466707251 0.369082960078669 0.368814300053971 0.381095578177182 0.398916157522864 0.431923855841511 0.448436553094112 0.450080976565139 0.449183401964185 0.452400862464681 0.479337979249465 0.499779489117917 0.513184526003737 0.53433900097097 0.554134222810726 0.548643173238535 0.547435897820602 0.55181308565088 0.552233679743385 0.551154725292069 0.54748332646597 0.537719278840035 0.518352416776427 0.476855448369355 0.426399899592378 0.385926863362726 0.358205744749668 0.354990610571035 0.350133807428653 0.34443238100948 0.339816035202484 0.338076808092473 0.343112113852015 0.358503486596332 0.38039519886609 0.499984783513511 0.593619391594886 0.588362393915066 -9999 -9999 -9999 -9999
0.37162572533069 0.380859863451453 0.37954328836262 0.380175287110741 0.384495950985293 0.377708543077216 0.365292326223566 0.36594056640478 0.368355305018327 0.374328470327995 0.379604664079343 0.384449623945272 0.368642257864653 0.352441202260364 0.339248117734844 0.339587752934236 0.350059398480204 0.363414175388615 0.380183272841908 0.40860115551129 0.422548153937834 0.423451378197738 0.420116525850246 0.422058352133123 0.455351627902396 0.481253487940796 0.499148475370735 0.523161593593026 0.544558680713193 0.534242400016051 0.532317940911848 0.541333325409046 0.544256054900406 0.545662539390822 0.553586342072253 0.550057713979565 0.528478551349724 0.489737520075006 0.444363776339253 0.419401103257403 0.396630789157185 0.378073638652743 0.371089259485371 0.370058962574598 0.36343376614741 0.359184431813436 0.360870984559446 0.376046393191769 0.399688543416209 0.53801619833918 0.652714038449874 0.671793309551148 -9999 -9999 -9999 -9999
0.367845885899153 0.374181899104124 0.371361882801667 0.369882974141403 0.370942792470452 0.366514750770301 0.359305837985691 0.357984438131599 0.357626967638789 0.359265247521007 0.36045929907041 0.36137849534389 0.341253542851873 0.324999545401418 0.324369442215573 0.327779386662948 0.334214133607717 0.342855583557577 0.353875791478363 0.3729183496896 0.385337399805155 0.391786148290127 0.396171577498 0.404004826436213 0.431648183444304 0.456186654556981 0.477361706977817 0.500577883128821 0.521386392141989 0.51992562463233 0.525081831270591 0.53886413433989 0.543148220797594 0.545101372786573 0.557649978738193 0.553704156568115 0.52376095005636 0.493064067208889 0.462427619950354 0.446849461466478 0.428191133978729 0.403613494907123 0.393099974157254 0.389822310309345 0.38071519951241 0.375152374461537 0.378312171879069 0.395258038499573 0.420857202812366 0.583716241199218 0.708304495836648 0.68855136954238 -9999 -9999 -9999 -9999
0.361550929532092 0.366418786468122 0.35932638350754 0.353340037853598 0.349447467112084 0.348573757203396 0.349229798919812 0.344350085427881 0.340413848502009 0.338922624856763 0.331993839627253 0.32170069787387 0.311474864352151 0.304587103339161 0.307498794264764 0.313496309575284 0.321804195988674 0.326208456973714 0.333380696316982 0.352938952523338 0.364858222107501 0.369891857428425 0.375108700319932 0.383307696644837 0.406759005164037 0.429069545704834 0.450144330578322 0.472841476794377 0.494412143602358 0.50427746141917 0.516531389766159 0.531899186220971 0.539251793291398 0.544440595710344 0.555961740202342 0.553071741036644 0.527467887367594 0.492553763636152 0.454424212277007 0.442781214934807 0.428321174850767 0.408447485803625 0.4012365871775 0.400540575398167 0.395555317023951 0.392006596744481 0.392094645736894 0.423528444069655 0.474637473712831 0.614532721846045 0.723805247280723 0.7221485890869 -9999 -9999 -9999 -9999
0.354004197365038 0.358115594622291 0.345372698542622 0.333686161118288 0.323999318680637 0.327274675932638 0.337118386990338 0.327889675681376 0.319973248067125 0.315952440473041 0.298889761397977 0.273757747434365 0.280506699028351 0.287673107353573 0.289636739970644 0.297981566846884 0.311104023613617 0.31150806991109 0.31577843062421 0.340775154963845 0.352706363979475 0.352860571092721 0.355480232372997 0.361294842887121 0.381279686169886 0.400932013039256 0.420224136037107 0.442540569420644 0.465545656410203 0.487966665371027 0.507326804195402 0.522696696062534 0.533967480518688 0.543730242418993 0.551410788573321 0.55030973424419 0.535367724580376 0.490133856261344 0.433447111862254 0.423027127894024 0.41280832718959 0.40297615021339 0.402468048215008 0.406757095297658 0.409180389595699 0.409301921142103 0.404056174848217 0.456307402190154 0.544648570903422 0.637941641145312 0.710120092701533 0.718023121296057 -9999 -9999 -9999 -9999
0.354468060481381 0.35048183048739 0.340264468819827 0.3286346176632 0.314330913137023 0.315496936388584 0.324501956705061 0.314557786579821 0.303107030506456 0.288961107698344 0.274230023402968 0.259136884933734 0.263093983040023 0.26838834122841 0.273771690720707 0.278798991682516 0.283559717449677 0.287015550161211 0.291964588504301 0.303217735848289 0.314674382994017 0.326314460910962 0.334705672013468 0.34450762265103 0.364715230888326 0.385488402807903 0.406874230884419 0.427682219778776 0.448601339974243 0.471480404313273 0.493200792142693 0.513410692688827 0.528104723458488 0.540647497222689 0.548771017848372 0.544619175528912 0.52111974952459 0.477413930489903 0.426745380484799 0.434198488195596 0.435492748433772 0.42495124993856 0.409191071817428 0.390745931999695 0.427892305375748 0.457582318583538 0.466641560425216 0.511451376989288 0.578701264119416 0.652354582121521 -9999 -9999 -9999 -9999 -9999 -9999
0.352379611144226 0.343807830538677 0.336080428921862 0.3246204581253 0.306094705419837 0.30464764021928 0.311854882524781 0.297583997953145 0.282118748067753 0.264797777294447 0.253796522927468 0.246705436526617 0.247175596184774 0.249400262008783 0.255257692607978 0.257541194056218 0.257148878087747 0.260913464016056 0.265051176909059 0.268650625814202 0.279803092755694 0.297763703545855 0.31237183099501 0.327251677979319 0.346743808304902 0.367765876953755 0.390445276444122 0.411133219786678 0.43172388459861 0.455411702662776 0.47907300645484 0.502699745404601 0.519917835047455 0.534551352815135 0.542922083834155 0.538108653191964 0.512515252768434 0.47427214493879 0.432195572370402 0.447659102572358 0.453277107546687 0.439974484641249 0.414815523551991 0.38355658772441 0.441029940746317 0.488817060126083 0.508934397445685 0.547541494564732 0.597754321601992 0.613524682689033 -9999 -9999 -9999 -9999 -9999 -9999
0.344174589263178 0.339311605864018 0.333721063686774 0.322499234335383 0.300617335438648 0.295610320216185 0.29915433869606 0.272158193706867 0.251562987298211 0.247250462698724 0.2427701038593 0.238185901741723 0.234232343793058 0.231171002153299 0.23060534138911 0.231648311544694 0.233895671169232 0.231447098546678 0.231239118715559 0.241781435125092 0.253036435931688 0.264933836620101 0.286501811115986 0.308747742305271 0.325251184560945 0.344397919225546 0.36640804384896 0.390195940642549 0.414603712073544 0.440305975023577 0.46510461366916 0.48872525913941 0.506422693123932 0.521626571393486 0.529653501592718 0.529815845704676 0.517582569568961 0.49342785214656 0.465026746118265 0.465340088887455 0.458560680119122 0.438150783450713 0.417739390630364 0.397327228053881 0.441221037622973 0.479949948278185 0.503030449850072 0.539212783758507 0.583618930695397 0.607050267239878 0.623473897193565 -9999 -9999 -9999 -9999 -9999
0.339430749384279 0.336372364853545 0.329532420883795 0.316624974547943 0.292231699983311 0.280675262451147 0.275623653527872 0.251670188733347 0.234493037477965 0.233969115242784 0.230570706355079 0.225393780061671 0.218672302551551 0.212623440444849 0.208863401394245 0.210900252052103 0.217277261059357 0.208020007893245 0.202620897828362 0.219291735386902 0.232519356708017 0.242643329747923 0.261200120619529 0.281010648408114 0.299241260586447 0.320272445843852 0.344337397931763 0.370312384484342 0.396749200019553 0.423022012315737 0.448793101372246 0.473910128171542 0.49263410747529 0.508389062388828 0.512717227659033 0.514419720937533 0.511983810421739 0.500391987071208 0.484883418116347 0.465037053823644 0.446545876687832 0.430659029063155 0.415293625401154 0.400196499764835 0.42459847428077 0.449377986881806 0.472975072613498 0.507743810186555 0.549524817005809 0.591777044809913 0.623473897193565 -9999 -9999 -9999 -9999 -9999
0.336792370493973 0.334380247791708 0.324231015864295 0.308467716964764 0.282076946493589 0.262152569950056 0.245504918359131 0.234185881263116 0.22562659987858 0.223282785149654 0.217657777942622 0.210002614175756 0.201520450525405 0.193882253514264 0.188891884708266 0.193281824041718 0.204694843809477 0.188266649946284 0.177162124153915 0.199466110332251 0.215803938831396 0.226763988605759 0.236244148823481 0.247656960402881 0.270483431588969 0.295686170442596 0.323463040313929 0.35106981531794 0.378447984143119 0.404413014126331 0.431056253245132 0.458583627207628 0.478667017975881 0.494961319029065 0.493549871461712 0.494702599062166 0.499896803388278 0.499939904121223 0.496847610821629 0.453794213974138 0.424008351302245 0.41971935865148 0.409581475642128 0.396434393427975 0.397748044953982 0.405602815148844 0.428228213421865 0.462198454474418 0.503289673987048 0.571151447141451 -9999 -9999 -9999 -9999 -9999 -9999
0.333307904408971 0.327952623552486 0.314143114959213 0.291894126745892 0.253669139281591 0.235062398841505 0.226396840499201 0.218876667562676 0.212714127906454 0.209673444655694 0.203014720830923 0.194117424031819 0.188055435611137 0.182155067282017 0.17615797252337 0.18016711169024 0.191667964845465 0.177135569042178 0.166355959482272 0.182147638122763 0.192559137906188 0.19812104890084 0.207520177491278 0.220242177199609 0.246484116032004 0.273257959492108 0.300607997384912 0.329088998919523 0.357791525494061 0.38600145738668 0.414074128052126 0.44196786064779 0.462682080432818 0.479802243325241 0.480646482268937 0.482825597326009 0.487108652399185 0.482903622445733 0.474471419428005 0.438015208266937 0.408587836213122 0.392668128412904 0.371134859404131 0.346713465829972 0.320654701412011 0.310079436347084 0.336355505470602 0.381553401467889 0.438628229055317 0.450039590740376 0.456111571063529 -9999 -9999 -9999 -9999 -9999
0.326236221064779 0.314054549686363 0.298471199690537 0.272881836899332 0.228351015615287 0.211178294675972 0.207868782668662 0.204649494825414 0.200924876088704 0.196015780841996 0.188695305364986 0.179882848108345 0.174924220365005 0.169860185434633 0.163709013596295 0.164976622870587 0.171798708149711 0.161828870106842 0.154158698015136 0.163166692011044 0.16718745102181 0.166712813222644 0.178559065878609 0.194951277975787 0.223076317436494 0.250454548065139 0.2770237857486 0.306783253708202 0.337374867606362 0.368155404297952 0.398022642836279 0.426699277064507 0.447841386081394 0.465558700045815 0.470794444913525 0.475072618134045 0.477841532715042 0.469269374424551 0.455515272283866 0.423083542196834 0.392891378414056 0.367003098850266 0.333094345110435 0.295059132669384 0.241858248495424 0.213176388741231 0.243512486555405 0.3025611017371 0.379632110149099 0.424350244930129 0.456111571063529 -9999 -9999 -9999 -9999 -9999
0.308994462654016 0.279470075900791 0.267607857454212 0.248401475686765 0.215292536771774 0.198102895821582 0.188980063273872 0.193135989019867 0.193114965129751 0.182757999021919 0.175626542636929 0.1704907904864 0.162074044560732 0.15463780991131 0.150745746989233 0.142980391110739 0.132315082738771 0.132912432008341 0.135255206873309 0.138937880488356 0.136897331563555 0.129697980933036 0.149610122338055 0.174679050314889 0.200493807579097 0.226173159109888 0.251705830153829 0.284047090585171 0.318082786900526 0.351900791179707 0.384510912186294 0.415546398419656 0.436666564431069 0.454269835794774 0.468570929191214 0.477745295319282 0.478839266163109 0.468486169455694 0.452736140510041 0.411427450252641 0.375088266402198 0.348299226327558 0.302258854287614 0.246313852601761 0.167423733866777 0.121843895053511 0.156566057019577 0.23479854326431 0.340341772196313 0.407698194871129 -9999 -9999 -9999 -9999 -9999 -9999
0.295040862757732 0.269248609265512 0.258773533978047 0.242238711349503 0.214232740813661 0.196303852078288 0.183481337274746 0.185691264092753 0.184775516691115 0.175903504237244 0.168031482058009 0.160778179088138 0.150702021361799 0.142496482535888 0.140359389446494 0.128398624730326 0.109082831269966 0.106257341135333 0.107123813093762 0.11428156989986 0.113683732141745 0.106095151984893 0.124424573828796 0.147962502760672 0.173655381252814 0.200003595834391 0.22706171400885 0.262045807698451 0.299080335661559 0.336454824994128 0.372448479993838 0.406642035757209 0.432929009048722 0.456084905571 0.472277693504145 0.484055749050971 0.488875606728431 0.479864367565115 0.464324620106855 0.417597963473903 0.375715312372835 0.343141623871257 0.283901805061187 0.21094251243646 0.146443031656299 0.113153402039693 0.153525485065576 0.226825218299496 0.320793117009929 0.326001493537351 -9999 -9999 -9999 -9999 -9999 -9999
0.283509163723719 0.276971772661 0.266164735912326 0.249567815932705 0.222010602863313 0.20281043412724 0.18784504230137 0.181243409260097 0.176046036180422 0.173765365529726 0.164468089629042 0.150829463054456 0.140418734929563 0.132624508396708 0.131871060316132 0.119278000206873 0.0978205673763491 0.0812678508625422 0.0721955859934215 0.0893103838722573 0.0956823601422707 0.0923709655396776 0.102010962752367 0.116499376281607 0.143682249674226 0.172443293336868 0.2029139158903 0.240585802572566 0.280291211685393 0.321604469602515 0.361453531977866 0.3993938228128 0.434669389571244 0.467551708674574 0.480352419479396 0.493045615625992 0.505569354555181 0.500200075621829 0.486495597540719 0.436898704520707 0.389917134411315 0.347961558388903 0.274735781245803 0.185421779058755 0.164833860294244 0.165333068359954 0.212285969214045 0.262889793438937 0.315785244545583 0.322532314159115 -9999 -9999 -9999 -9999 -9999 -9999
0.28094078391714 0.274487114010673 0.268329037559586 0.256575481301235 0.234229639115994 0.210869566549073 0.1869955515845 0.174990669369473 0.165414299015458 0.160994957243273 0.153468969538856 0.144020821625771 0.133550675113372 0.125055038951321 0.12257005141224 0.107375287823131 0.0826646556533328 0.0669404316633773 0.0590880619897967 0.0769895776447811 0.0820655835707133 0.0755809239788786 0.0808792887110266 0.0910703446855603 0.115302433261933 0.145131211396934 0.181022695508258 0.222141714807193 0.264862654318275 0.30970839104058 0.352423626660344 0.39236147377199 0.432317142849201 0.471248292283069 0.496521766197154 0.518086729834421 0.53380659436973 0.530945212535819 0.51957111888161 0.476685547085771 0.428175772387142 0.368857691601867 0.291310199591279 0.204383846566028 0.211846597103574 0.221799038241138 0.232695381347167 0.266716933454024 0.31525381366016 -9999 -9999 -9999 -9999 -9999 -9999 -9999
0.279805242478867 0.272134383448468 0.269459971432286 0.261782254119048 0.244633241740613 0.218740873497632 0.18841797215514 0.171742385787155 0.157393681581017 0.14788720778045 0.141687743789653 0.137534410193076 0.126886640463158 0.117552818062225 0.113391489327217 0.0957337109939524 0.067971077927026 0.0545916656392896 0.0488067516582783 0.0651746399142017 0.0680972716641952 0.058900610181457 0.0608933253822178 0.0677113005730346 0.0887892817797373 0.119034507507511 0.159210301576101 0.204682005740817 0.251580875144994 0.299141922420399 0.344238250637411 0.38612149326608 0.429774522022205 0.47356153181553 0.511393384329919 0.54223042260025 0.562042715243771 0.563029869170027 0.555452278869749 0.518353557473218 0.470148171012345 0.400598562500431 0.321146210914085 0.236598990941091 0.261263470975623 0.284113035714769 0.296905200640218 -9999 -9999 -9999 -9999 -9999 -9999 -9999 -9999 -9999
0.280041045711673 0.274779177804 0.269055526215024 0.260433381409704 0.246324366851978 0.225228182364292 0.200591379362824 0.1804646305394 0.159923754573893 0.138219157859382 0.13028081400876 0.130859998082035 0.119473515329259 0.109284111654138 0.105027118337087 0.0862916304623315 0.0567160262145566 0.0448941231888808 0.0394020883225204 0.0496557391236804 0.0508857372689763 0.0439819900656057 0.0446022979555468 0.0493864639710065 0.0685148358378729 0.0973482328579114 0.136694757929832 0.189551660749999 0.244799286225905 0.292215956666626 0.338326109515024 0.382733044776607 0.428330841164496 0.474160728757734 0.517864840790943 0.555949755862726 0.585178078755626 0.595500340585717 0.596953187538418 0.557972808709968 0.515310754528208 0.465573444560339 0.388937695090869 0.298462950906826 0.306984461206344 0.31228951685409 0.304746904863835 -9999 -9999 -9999 -9999 -9999 -9999 -9999 -9999 -9999
0.278591051207829 0.275035317833428 0.265627193329453 0.255858033005653 0.245405429122915 0.228612291075034 0.208606205170238 0.186267473367882 0.162801867939009 0.136805164886623 0.125405972597329 0.123038628464054 0.11328455644468 0.104436039108779 0.0997394158029213 0.0785132796102375 0.0449114200598257 0.0355515504530394 0.0320412868230514 0.0393879918256634 0.040469304028623 0.0359031127775769 0.0375889809802731 0.0426719850560002 0.0593493620810189 0.086424588821252 0.124763457210528 0.177778166648582 0.233360953538497 0.280217323921445 0.326805357418551 0.373043578478502 0.420076186440083 0.467455261888429 0.515956538369887 0.559493067628934 0.595204503423209 0.611985933053288 0.619634660861809 0.576649965321386 0.53221054472704 0.484975507771322 0.423879367795078 0.355651820384295 0.340462771345486 0.330602116176198 -9999 -9999 -9999 -9999 -9999 -9999 -9999 -9999 -9999 -9999
0.275645716416201 0.273172668063957 0.259516604466276 0.248420728514599 0.242171307291929 0.229243791858188 0.212932276287409 0.189480741410529 0.165988700896679 0.142712704992337 0.126325239630753 0.114199881890805 0.10818146039629 0.102622145286943 0.0971807869852206 0.0722106941858081 0.0326193468264648 0.0265238437913404 0.0264934364742623 0.033778135094221 0.0360802774548905 0.0338912403182944 0.0388052006301736 0.0462561530234614 0.0600377950550887 0.0850476387966989 0.122220616637022 0.168982274347125 0.2177919850012 0.263719122127217 0.310309641976391 0.357764968489865 0.405780045598726 0.454270394881956 0.50661520244434 0.554010020786433 0.593603006212731 0.614292580463062 0.625622874220858 0.57675101572321 0.52404060528183 0.463953461629639 0.429682523182991 0.408693780061039 0.363081550490237 -9999 -9999 -9999 -9999 -9999 -9999 -9999 -9999 -9999 -9999 -9999
