layers/veg/veg_2600.asc
NCOLS 255 
NROWS 330 
XLLCORNER -2985163.8955 
YLLCORNER -3022031.214 
CELLSIZE 25000 
NODATA_value -9999 
[rows 200 to 224 of 330, columns 112 to 167 of 255]
0.223725753719918 0.242947934344169 0.242457341739051 0.229772742988149 0.22504848210819 0.219968049021044 0.212237262070886 0.199334085848191 0.182559170149071 0.159912001416472 0.137178249070238 0.116880853973124 0.102282482694171 0.0928199904161943 0.081860969249556 0.0712822418996994 0.0641003574224597 0.0657726074581017 0.0770341732202689 0.085179769221016 0.0917977567596232 0.0927883616239699 0.0876346251507188 0.0744726886224481 0.0673507683118745 0.0635483430586132 0.077353375829822 0.0904828773011425 0.102547894366045 0.115126123665029 0.127829807619475 0.136998418894285 0.147635954940624 0.161095719837123 0.17476329871914 0.188537770255914 0.205064173620812 0.224614768758993 0.251199939122796 0.289180129771081 0.334311167380935 0.357628165263868 0.370786642316587 0.358275855999091 0.352877520204653 -9999 -9999 -9999 -9999 -9999 -9999 -9999 -9999 -9999 -9999 -9999
0.226434979384626 0.245060215155025 0.240478444068182 0.221541189815689 0.214220027651142 0.207801032000092 0.201693356176576 0.191370894587764 0.177893497905646 0.165536572623636 0.15039088102096 0.124096066928607 0.104385344795211 0.090608112450844 0.0812057633252527 0.0717863129779299 0.0580972921149913 0.0573550924713112 0.0706347214033907 0.0807346109825653 0.0897372174160359 0.0965106533582452 0.0931924582560664 0.0767213805510954 0.0676078734571288 0.0622861316174502 0.0750774065569762 0.0857038860600631 0.0929191380070704 0.110885422839099 0.132864319242499 0.136410010450157 0.142779671560442 0.154574994682588 0.167095766029145 0.179989683997199 0.201576092282138 0.223659297409086 0.246465613526527 0.271933455789798 0.299071515891904 0.311926480379788 0.325565067500795 0.344644744184499 -9999 -9999 -9999 -9999 -9999 -9999 -9999 -9999 -9999 -9999 -9999 -9999
0.220917146466119 0.23003681329333 0.229574878030081 0.223185917004498 0.213801706127029 0.205045606203559 0.198738846726185 0.191309892754818 0.183040931488235 0.170249304394232 0.15432241479516 0.128584929323275 0.10890164044972 0.0946743072221201 0.0820577880202154 0.0700461500140969 0.0596230192110178 0.0564077499664397 0.0609988292810562 0.0671520055711916 0.0743134741575331 0.0861416360355211 0.0907466483411577 0.0859374006595171 0.0749706549048062 0.0636610586264078 0.0746789427077168 0.0862902819887699 0.0988367723222458 0.117116231597149 0.137389380362145 0.141966565574388 0.1504223326362 0.16632997593137 0.179885761711002 0.192231829613285 0.205254046278811 0.221126360460576 0.243728919529254 0.268137110041681 0.293678409034908 0.29961085465141 0.30300656140226 0.30306211694816 -9999 -9999 -9999 -9999 -9999 -9999 -9999 -9999 -9999 -9999 -9999 -9999
0.216291179983787 0.215622425206862 0.218859353661308 0.224512275277784 0.214938236468522 0.205209384523739 0.198093009551304 0.19269114868557 0.188572669947523 0.174433772922872 0.157320586458436 0.133599600163118 0.114769443187914 0.100346831856314 0.0841120566725218 0.0692314138016338 0.0630852206107765 0.0579426075896969 0.0538869045416786 0.0554798038116977 0.0601242317285512 0.0771186056758743 0.0892149867425793 0.0949275904927415 0.0825899212081733 0.0662167115084544 0.0751594027897966 0.0879046256493002 0.106641777484608 0.124905726308266 0.142681643527147 0.148758107658751 0.159287041790577 0.178370457086205 0.192219750845776 0.203376785251812 0.207274339526284 0.217075023686622 0.24126991542347 0.237591150294418 0.216420511563458 0.258461288825272 0.293403970431061 -9999 -9999 -9999 -9999 -9999 -9999 -9999 -9999 -9999 -9999 -9999 -9999 -9999
0.223395691343476 0.21941854240845 0.216984703676366 0.215505531945244 0.214603820223402 0.211585600990895 0.202230865764684 0.194261425723923 0.187328934329792 0.176793249377121 0.163886927642856 0.143649055003721 0.125234931946166 0.108464346006183 0.0908227231106739 0.0750159369157406 0.0695299890351146 0.0652314972666647 0.0622190590988779 0.0614200729041247 0.0639215715366959 0.0872825522779458 0.0993269821839264 0.0966220357056404 0.0851944720599253 0.0723208696829186 0.0783571193802553 0.0898899554181753 0.110084167248817 0.131189025182188 0.152248329401227 0.156261985433579 0.163172445139112 0.175648501571006 0.184163858694778 0.19064196282674 0.194687578017551 0.20685397025036 0.238425614462725 0.237591150294418 0.216420511563458 0.258461288825271 -9999 -9999 -9999 -9999 -9999 -9999 -9999 -9999 -9999 -9999 -9999 -9999 -9999 -9999
0.227483911153634 0.223420152914799 0.217379376433277 0.210115648096065 0.211829519380425 0.212360491357964 0.207606521342203 0.200425638683847 0.191428115206508 0.180372901363168 0.168039309879421 0.151806149187414 0.134673217246092 0.116729424284974 0.0980568680856187 0.081338242027831 0.0754203418028318 0.0696745636404616 0.0641151992715172 0.0626403194491633 0.0644663630478269 0.0835524313476402 0.0941643529370772 0.093731532962919 0.0886917485300071 0.0827559221416172 0.0850554479409774 0.0934623327849112 0.111493032940462 0.133732964550133 0.157259303046543 0.162135042963462 0.168760916408011 0.178749301962806 0.184015882865058 0.186853723308418 0.189354224641762 0.191108338641537 -9999 -9999 0.214990455141149 -9999 -9999 -9999 -9999 -9999 -9999 -9999 -9999 -9999 -9999 -9999 -9999 -9999 -9999 -9999
0.228371281315469 0.227639830262988 0.220182225184088 0.208563928832514 0.206466044504119 0.207191326787643 0.214295713623429 0.211464877130371 0.201197130083494 0.18524738786959 0.169630030047709 0.157955094674703 0.143021447498505 0.125151095712142 0.105846521725055 0.0882312344527531 0.0807223558339323 0.0710976790680195 0.0591815240761386 0.0588517390082213 0.0615595923005737 0.0650781053415108 0.072792489185343 0.0859755426470218 0.0931363739000724 0.097786863697563 0.0954685807273284 0.0987188645717569 0.110743949141604 0.132308743890074 0.157435813694554 0.166277495105307 0.176156661365295 0.188029135744159 0.192259685734532 0.19255948205933 0.191718094326215 -9999 -9999 -9999 -9999 -9999 -9999 -9999 -9999 -9999 -9999 -9999 -9999 -9999 -9999 -9999 -9999 -9999 -9999 -9999
0.228272755798799 0.22773855337673 0.22113812907543 0.210785236969811 0.206544013848886 0.203713612971066 0.203798276812117 0.204231846800068 0.204926586941955 0.191536992930532 0.177000878432213 0.16473252911272 0.149513064505103 0.131634096880597 0.116264933897559 0.101591732412666 0.0881188583137825 0.0750078956658461 0.062288894893249 0.0609928908088768 0.0625404574826149 0.0637361248875414 0.0699089501593169 0.0825687320816363 0.0938135323364691 0.103651276495285 0.101028396752525 0.103924790942866 0.115518311435871 0.133486736066634 0.153777139707656 0.160834342033533 0.168914228712509 0.178958987481511 0.180686278984351 0.17813533986324 0.177653139927745 -9999 -9999 -9999 -9999 -9999 -9999 -9999 -9999 -9999 -9999 -9999 -9999 -9999 -9999 -9999 -9999 -9999 -9999 -9999
0.228105075780187 0.227042984897136 0.221807844510881 0.213991322464286 0.208438115248709 0.201820132648838 0.191616947533141 0.19378236504042 0.20520617446686 0.196690973349331 0.185208337112094 0.17181615215989 0.155985170804423 0.137956380905804 0.127100935555751 0.115928942702272 0.0962643435318387 0.080211480072414 0.0680702438875959 0.065047254728348 0.0646418576828 0.0666024721207622 0.0713267832688447 0.0796531462773299 0.0924477666275626 0.105644562492008 0.10467054717045 0.10884833389389 0.121144194410147 0.134787956663528 0.148746909063068 0.152846685861338 0.158003968033652 0.165193023536819 0.165035481287469 0.161099091646133 -9999 -9999 -9999 -9999 -9999 -9999 -9999 -9999 -9999 -9999 -9999 -9999 -9999 -9999 -9999 -9999 -9999 -9999 -9999 -9999
0.229187539399201 0.227909960858044 0.223683919496721 0.217634006205692 0.21383208909929 0.208407390856707 0.19776065731662 0.192475557909694 0.191203855298273 0.191097592586684 0.189212419957429 0.180003092361919 0.165614232057837 0.146557650733174 0.13629428902113 0.125857343992294 0.106118957538866 0.0903734905688528 0.0789524852999056 0.0724378443821673 0.067960491432112 0.0695424229075282 0.0710837987216116 0.0725723164942108 0.0829639395004338 0.0958571071342274 0.103031853880965 0.111814495797181 0.12313081651606 0.132359566026293 0.14058634962187 0.143440855408886 0.14650766668513 0.149982378140038 0.15503022948387 0.160887252061345 -9999 -9999 -9999 -9999 -9999 -9999 -9999 -9999 -9999 -9999 -9999 -9999 -9999 -9999 -9999 -9999 -9999 -9999 -9999 -9999
0.23190820993698 0.229446972468194 0.225336931702558 0.220206967595795 0.217465675566259 0.213098058201337 0.203469650500743 0.193956495768959 0.184529612476852 0.185108321430171 0.186045068516902 0.183632316509455 0.173158191323931 0.155419271579666 0.143401481794205 0.131555569845838 0.115130716457098 0.100382890018901 0.0874513383263886 0.0779296387129623 0.0705704458854517 0.0731052724780475 0.0734250119740706 0.0708577275184617 0.0775708410252104 0.0875498172737055 0.100286595066335 0.11222466460171 0.122904150729825 0.128945355040013 0.133007038540742 0.13504324073811 0.137237808272231 0.139736641369106 0.140104137040598 0.139375343090328 -9999 -9999 -9999 -9999 -9999 -9999 -9999 -9999 -9999 -9999 -9999 -9999 -9999 -9999 -9999 -9999 -9999 -9999 -9999 -9999
0.236720320860527 0.231839394710955 0.226705167607356 0.221414252586018 0.218851838202629 0.215367415587365 0.208623656496224 0.198996448298782 0.187210863547509 0.17861363111776 0.173722202521075 0.181442867012014 0.178040175198041 0.164613273293087 0.147845347564379 0.131853281487534 0.123066432323706 0.11019745638524 0.0929074043471558 0.0809973087299148 0.0722756547396994 0.0774633547250168 0.0790653784538686 0.0759940269230152 0.0774002300220028 0.0811322019488789 0.0961286234849111 0.109371688115333 0.119851859175591 0.124272582349784 0.126169786524614 0.12793277922193 0.130810370202473 0.135829426486228 0.138250836677497 0.13933610346027 -9999 -9999 -9999 -9999 -9999 -9999 -9999 -9999 -9999 -9999 -9999 -9999 -9999 -9999 -9999 -9999 -9999 -9999 -9999 -9999
0.239021852695694 0.235517805804894 0.230032798989576 0.223322402057248 0.219665641566824 0.215823946307093 0.210823595678102 0.203116327613682 0.193382823985393 0.18252409840097 0.174213230789265 0.176136197301349 0.174394836517288 0.169351236224595 0.155469106660784 0.140710436567098 0.129866071163894 0.11757710874394 0.103723600758177 0.0908893750202522 0.0797995224639387 0.0800242656225952 0.07959109030074 0.0783004198427354 0.0789248299262104 0.0809889894320128 0.0937645852831353 0.105089370065523 0.114128005028381 0.117987234819342 0.119770603905462 0.124699564501067 0.129874706788966 0.135522835228259 0.13746938085279 0.13751195445694 -9999 -9999 -9999 -9999 -9999 -9999 -9999 -9999 -9999 -9999 -9999 -9999 -9999 -9999 -9999 -9999 -9999 -9999 -9999 -9999
0.239780486659461 0.239340474146122 0.234037353734076 0.225725992578099 0.220553123821801 0.21590010546322 0.212142625161336 0.206818158830063 0.200320741015574 0.189604526441584 0.178956110034526 0.17055317160105 0.168669501379502 0.1726609027105 0.163941392627727 0.15217130075594 0.13677391877595 0.124545686894985 0.115749747672335 0.102645075587374 0.0893561981795777 0.0829619899167657 0.0796695619529051 0.0804198255968046 0.0813740789619985 0.0829532062088768 0.0919179789594973 0.100280622730519 0.107694447535578 0.111622049898567 0.114264191505626 0.123514497388023 0.131355457544299 0.136488657408697 0.138232190244299 -9999 -9999 -9999 -9999 -9999 -9999 -9999 -9999 -9999 -9999 -9999 -9999 -9999 -9999 -9999 -9999 -9999 -9999 -9999 -9999 -9999
0.231473545751256 0.239872324281732 0.238641975554383 0.231455202756497 0.224598660559315 0.218441260076136 0.214272037040822 0.209007807826314 0.202923922853598 0.194654832625879 0.185473569608615 0.173847534892561 0.17096812560613 0.175971050436331 0.170316591408236 0.161913648986099 0.14948305448332 0.136051132156708 0.121534739220968 0.11042342739146 0.100972442598154 0.0976023246171613 0.0943899395565471 0.0913831349987481 0.0885058016388822 0.0860993359705637 0.0893640375277583 0.0946334393036387 0.103061794813692 0.110624500522322 0.117997665343329 0.132220053185357 0.140893803458351 0.138907017991256 -9999 -9999 -9999 -9999 -9999 -9999 -9999 -9999 -9999 -9999 -9999 -9999 -9999 -9999 -9999 -9999 -9999 -9999 -9999 -9999 -9999 -9999
0.226468205822103 0.235081968779182 0.237743962063724 0.236724285847952 0.229096290856747 0.221732500522262 0.216476418435375 0.211043544594626 0.205478335081433 0.198802742847091 0.190744788419139 0.177944999522801 0.173098894749708 0.175420536694708 0.173324031974179 0.169398192020731 0.160234908649531 0.147253072258511 0.130135618719114 0.119166926715471 0.110554607294722 0.108037966596294 0.104512679922129 0.0996727789850863 0.0951741807119289 0.0910118853291543 0.0898142743656525 0.0920000731260917 0.0995173596980535 0.109502402061359 0.120659244203548 0.137658866293235 0.148839268612281 -9999 -9999 -9999 -9999 -9999 -9999 -9999 -9999 -9999 -9999 -9999 -9999 -9999 -9999 -9999 -9999 -9999 -9999 -9999 -9999 -9999 -9999 -9999
0.226555431509966 0.222082359156719 0.22835839009298 0.241283644355093 0.234291254397512 0.226180713403356 0.218796436812461 0.212841878925452 0.207957522458785 0.201558749357442 0.194093738941241 0.183281210534127 0.174970755251689 0.168915132591458 0.171136862471022 0.173400175781359 0.167967747270685 0.157986869798022 0.143079874126112 0.129399121101821 0.116999298831966 0.111988066040674 0.107543779151603 0.103838418691891 0.101127873873281 0.0986490545801832 0.0948983161546584 0.0940153795765547 0.0976514495164019 0.108188192442658 0.121667475023822 0.138058881070995 -9999 -9999 -9999 -9999 -9999 -9999 -9999 -9999 -9999 -9999 -9999 -9999 -9999 -9999 -9999 -9999 -9999 -9999 -9999 -9999 -9999 -9999 -9999 -9999
0.224900200476217 0.216778166352563 0.21800630620371 0.225018314087338 0.225831875524686 0.225655137091687 0.223816685061474 0.218287474302814 0.20999558356901 0.204263654551027 0.198160119891234 0.189435415900642 0.180081901094761 0.170161710948527 0.170408499078304 0.171248969130927 0.165442788484922 0.159173542961416 0.152402783110817 0.14039437150647 0.127857076083942 0.121379624795046 0.115474659252457 0.110315840470469 0.105375499277152 0.100797366982051 0.10006296039584 0.101577605157612 0.106636245718774 0.115416442648695 0.125503966406467 0.125929672731472 -9999 -9999 -9999 -9999 -9999 -9999 -9999 -9999 -9999 -9999 -9999 -9999 -9999 -9999 -9999 -9999 -9999 -9999 -9999 -9999 -9999 -9999 -9999 -9999
0.22264648407543 0.214814940956751 0.207783368649381 0.20124664548759 0.212406232372032 0.22325244824086 0.229612796392203 0.224882771284504 0.211851159870585 0.207040177683142 0.202629558235641 0.195871443176988 0.186382828370991 0.174433526127637 0.170294781954854 0.166784371643148 0.159058567220361 0.15671299252615 0.16019438166149 0.151620858850012 0.140467710667618 0.132892275373112 0.125305874150759 0.117705180534939 0.109125410305032 0.101144932327566 0.105373592038752 0.11123344917425 0.119663704191023 0.125799281856779 0.130854644950205 -9999 -9999 -9999 -9999 -9999 -9999 -9999 -9999 -9999 -9999 -9999 -9999 -9999 -9999 -9999 -9999 -9999 -9999 -9999 -9999 -9999 -9999 -9999 -9999 -9999
0.223980187349887 0.22006514124009 0.214786559276914 0.208664515849305 0.217960437235515 0.225513939002209 0.224840723756171 0.220564622951602 0.213591618741083 0.21286826693748 0.210797644121386 0.200651896283213 0.188564715665406 0.174727943510018 0.170930784811791 0.1683816609699 0.162691425154489 0.161747119913161 0.165942811881593 0.160256944702822 0.151826351341107 0.141531873450058 0.132232515141093 0.124230141529776 0.119304526911396 0.115585911138583 0.114427245793329 0.115694471249433 0.120784351451725 0.125880174507181 -9999 -9999 -9999 -9999 -9999 -9999 -9999 -9999 -9999 -9999 -9999 -9999 -9999 -9999 -9999 -9999 -9999 -9999 -9999 -9999 -9999 -9999 -9999 -9999 -9999 -9999
0.224918144392686 0.222762706213831 0.219166601972833 0.214679324754222 0.220610014356772 0.224785125319821 0.221702090966902 0.218497542902119 0.215202036982008 0.215838291536475 0.214816888764167 0.205630061643156 0.197330509242531 0.189830556168023 0.179362397659166 0.169424047738017 0.165062218584056 0.165032378062292 0.169694222160569 0.167055863512576 0.161833064173153 0.150995821955294 0.141234010718026 0.13287385768377 0.129183050551056 0.126803712652051 0.12141868902085 0.119104403756115 0.121628907023951 0.122370454273349 -9999 -9999 -9999 -9999 -9999 -9999 -9999 -9999 -9999 -9999 -9999 -9999 -9999 -9999 -9999 -9999 -9999 -9999 -9999 -9999 -9999 -9999 -9999 -9999 -9999 -9999
0.225112690490641 0.22066513512424 0.218619050351203 0.218058476867403 0.217803236163608 0.21843901228229 0.221631881734672 0.220659104000967 0.216568173358534 0.213439429773737 0.211042517848006 0.210979630295373 0.2039795454555 0.190727757339775 0.179362397659166 0.169424047738017 0.165062218584056 0.165032378062292 0.169694222160569 0.170403656378331 0.169300174922932 0.162008316174308 0.154133129279711 0.145497664230957 0.138496909050494 0.131966762184343 0.124536261182144 0.12053986012954 0.121954823209181 -9999 -9999 -9999 -9999 -9999 -9999 -9999 -9999 -9999 -9999 -9999 -9999 -9999 -9999 -9999 -9999 -9999 -9999 -9999 -9999 -9999 -9999 -9999 -9999 -9999 -9999 -9999
0.212226273382059 0.217290855762302 0.21894233810262 0.218482531362564 0.215963972502476 0.21358764361204 0.212044046831649 0.21278272574716 0.215229778963658 0.214479482208376 0.213054547564524 0.210566289221239 0.203892019823275 0.193445376952322 0.188086451330615 -9999 -9999 -9999 -9999 -9999 0.17179844677402 0.165692767261155 0.158448788426384 0.14972121221454 0.14161304744644 0.133694164086435 0.125579307553798 0.120614905101566 -9999 -9999 -9999 -9999 -9999 -9999 -9999 -9999 -9999 -9999 -9999 -9999 -9999 -9999 -9999 -9999 -9999 -9999 -9999 -9999 -9999 -9999 -9999 -9999 -9999 -9999 -9999 -9999
0.192762906843175 0.213274662986811 0.21970347331435 0.217420798665418 0.214611163397463 0.2094878142558 0.197670865334113 0.199859393498873 0.212531579343787 0.217248578935411 0.21797590924259 0.207255427127958 0.200417432711678 0.197078280847689 0.19044869771796 0.184383810525277 -9999 -9999 -9999 -9999 0.17179844677402 0.165692767261155 0.158448788426384 0.14972121221454 0.14161304744644 0.133694164086435 0.125579307553798 -9999 -9999 -9999 -9999 -9999 -9999 -9999 -9999 -9999 -9999 -9999 -9999 -9999 -9999 -9999 -9999 -9999 -9999 -9999 -9999 -9999 -9999 -9999 -9999 -9999 -9999 -9999 -9999 -9999
0.169541777999453 0.191337745929697 0.206027752458743 0.216322124949407 0.215761680877903 0.212847255692182 0.205201425987766 0.20102794743021 0.199453662070022 0.206327243306615 0.212838496690305 0.213990422911419 0.209336987081561 0.199451841751624 0.194307653362873 0.18865818742927 0.175864813590449 0.169213145960181 -9999 -9999 -9999 -9999 -9999 -9999 -9999 -9999 -9999 -9999 -9999 -9999 -9999 -9999 -9999 -9999 -9999 -9999 -9999 -9999 -9999 -9999 -9999 -9999 -9999 -9999 -9999 -9999 -9999 -9999 -9999 -9999 -9999 -9999 -9999 -9999 -9999 -9999
