layers/veg/veg_5400.asc
NCOLS 255 
NROWS 330 
XLLCORNER -2985163.8955 
YLLCORNER -3022031.214 
CELLSIZE 25000 
NODATA_value -9999 
[rows 75 to 99 of 330, columns 0 to 55 of 255]
-9999 -9999 -9999 -9999 -9999 -9999 -9999 -9999 -9999 -9999 -9999 -9999 -9999 -9999 -9999 -9999 -9999 -9999 -9999 -9999 -9999 -9999 -9999 -9999 -9999 -9999 0.60303264405277 0.609328948254042 0.613508377607819 0.614491690490422 0.59615949222068 0.565269424647583 0.396816504757257 0.290842962578579 0.299628715256122 0.319218300512299 0.344116124432297 0.473411493395698 0.581693397004314 0.639721192160289 0.677495508041797 0.703098257019196 0.719137581611758 0.734032266788755 0.747330694893866 0.759655220466074 0.771270752578092 0.782906116691472 0.795623569303023 0.81228915770436 0.826146106129751 0.837540105282916 0.848196399787333 0.858465123538161 0.867462717502918 0.878907972323498
-9999 -9999 -9999 -9999 -9999 -9999 -9999 -9999 -9999 -9999 -9999 -9999 -9999 -9999 -9999 -9999 -9999 -9999 -9999 -9999 -9999 -9999 -9999 -9999 -9999 -9999 0.602149509155748 0.600912439587077 0.603312844780543 0.611205210452683 0.602571455874106 0.584331764769163 0.480265638215387 0.397250744125651 0.352901801617207 0.344456121787208 0.353650764103998 0.494761588372186 0.607965574133484 0.654605760371995 0.687950196201628 0.713304394233157 0.726869440162534 0.739135721589999 0.7497526584654 0.760444911754166 0.771191994805374 0.782568214757611 0.794431333585125 0.807809817950012 0.819493071917684 0.829689746434507 0.839483731084666 0.849266994458125 0.859345065225223 0.871410380090377
-9999 -9999 -9999 -9999 -9999 -9999 -9999 -9999 -9999 -9999 -9999 -9999 -9999 -9999 -9999 -9999 -9999 -9999 -9999 -9999 -9999 -9999 -9999 -9999 -9999 -9999 0.601995617070663 0.597928616963253 0.600299421762862 0.612390203313039 0.610368341966401 0.600865260450381 0.538278714699234 0.469020292428844 0.387507269156346 0.362189323702357 0.364481662156563 0.516303337154157 0.63455559448764 0.672976953102888 0.70054269126861 0.721584616473781 0.732981900568638 0.743173657505292 0.751610484835813 0.761063373663282 0.771255947348474 0.782453356157274 0.793506863487315 0.803611123185181 0.813348749789813 0.82276486893251 0.832364859356647 0.842127038755997 0.852528911982443 0.864105886288296
-9999 -9999 -9999 -9999 -9999 -9999 -9999 -9999 -9999 -9999 -9999 -9999 -9999 -9999 -9999 -9999 -9999 -9999 -9999 -9999 -9999 -9999 -9999 -9999 -9999 -9999 0.603406645779678 0.606851920787364 0.613039932085923 0.623369002855101 0.621130945522984 0.611712891052386 0.540521220348101 0.464955244038058 0.381354741053964 0.363590920489659 0.378174585928574 0.538131746671735 0.66164359507184 0.698929070629308 0.71781610764736 0.72564638633866 0.735539926373543 0.744864299123209 0.752218436947533 0.761285909416313 0.771600676164546 0.782803919426916 0.79316497365524 0.800072595546613 0.808387007745238 0.817935060849461 0.828783388574557 0.839519021262688 0.848577551123546 0.857244597372444
-9999 -9999 -9999 -9999 -9999 -9999 -9999 -9999 -9999 -9999 -9999 -9999 -9999 -9999 -9999 -9999 -9999 -9999 -9999 -9999 -9999 -9999 -9999 -9999 -9999 -9999 0.604473399798987 0.617503459345242 0.626479071414699 0.629333166013518 0.62002485976102 0.602358144183728 0.485443654481381 0.400407296100961 0.373923247391776 0.39619559698579 0.44242338986329 0.569464948999676 0.668920411951189 0.703873747412028 0.720495860988634 0.72610161087906 0.734860483166119 0.743293395659154 0.750257795403573 0.758729224616441 0.768297759547126 0.778418863694699 0.787903641140427 0.794829126131928 0.80113597563117 0.806900332020408 0.816956500053581 0.827061814559722 0.833704551995876 0.840907023083466
-9999 -9999 -9999 -9999 -9999 -9999 -9999 -9999 -9999 -9999 -9999 -9999 -9999 -9999 -9999 -9999 -9999 -9999 -9999 -9999 -9999 -9999 -9999 -9999 -9999 -9999 0.605340647554184 0.629156505320176 0.640323064388251 0.632391360767332 0.612040900206204 0.581296173473459 0.39714926010898 0.300809669253227 0.365750596600132 0.446882374919205 0.535969191462457 0.606306153401167 0.664716700732458 0.69664466833443 0.714718625537531 0.724466852026669 0.732304935304049 0.739832435522333 0.746808660689496 0.754561988921494 0.762881042133402 0.771289529386169 0.779791504716697 0.788597647506995 0.792558306029962 0.792269868174603 0.800351413952798 0.808897028988711 0.81250249263184 0.819077966704756
-9999 -9999 -9999 -9999 -9999 -9999 -9999 -9999 -9999 -9999 -9999 -9999 -9999 -9999 -9999 -9999 -9999 -9999 -9999 -9999 -9999 -9999 -9999 -9999 -9999 -9999 -9999 -9999 -9999 -9999 0.542168398560553 0.534777820835403 0.412502936282004 0.344948032044408 0.37790031250653 0.441491851680878 0.520137354024622 0.588474459632944 0.645516606197129 0.677283541793463 0.700332674611401 0.71814274117627 0.726568359950131 0.734166661492888 0.741037793454048 0.748578891691786 0.756607720161855 0.764572933222349 0.772374829742938 0.779606370867655 0.782507366883642 0.781610826364067 0.787946464336481 0.794908067690431 0.798708586721551 0.802999302493463
-9999 -9999 -9999 -9999 -9999 -9999 -9999 -9999 -9999 -9999 -9999 -9999 -9999 -9999 -9999 -9999 -9999 -9999 -9999 -9999 -9999 -9999 -9999 -9999 -9999 -9999 -9999 -9999 -9999 -9999 0.607642198602802 0.500593331961089 0.432094522954828 0.387939920551327 0.388499655676287 0.440092140521863 0.516758506623601 0.579943322581518 0.633011879029948 0.663553955266341 0.68949811617701 0.712679105721016 0.721305793978654 0.728748562362921 0.735344806092632 0.742588845073333 0.750304473952381 0.757611027478594 0.764533639450616 0.770224674299079 0.772966958352738 0.773123427319294 0.776895555187001 0.781194653986525 0.784966976750768 0.78731861298177
-9999 -9999 -9999 -9999 -9999 -9999 -9999 -9999 -9999 -9999 -9999 -9999 -9999 -9999 -9999 -9999 -9999 -9999 -9999 -9999 -9999 -9999 -9999 -9999 -9999 -9999 -9999 -9999 -9999 0.685325110387473 0.608655583794033 0.503447860463186 0.448736153103541 0.407771020794591 0.392054975741067 0.457349644607975 0.562447244581636 0.604290330192399 0.640777809643523 0.666807053708712 0.689506881861205 0.710205858308971 0.717773921357332 0.724310462245613 0.730187104410273 0.736833201438699 0.744039455616214 0.749925499058987 0.755442820518319 0.760167854262014 0.765018210518643 0.769978464446267 0.76893525977338 0.767646963161165 0.770334088500823 0.771916438981028
-9999 -9999 -9999 -9999 -9999 -9999 -9999 -9999 -9999 -9999 -9999 -9999 -9999 -9999 -9999 -9999 -9999 -9999 -9999 -9999 -9999 -9999 -9999 -9999 -9999 -9999 -9999 -9999 0.653527639086106 0.666720192697338 0.614572536802657 0.537125880140254 0.475338467343239 0.432255825136692 0.423529259479374 0.480888534440577 0.570717714109132 0.609208451311694 0.643472364399437 0.669519310432264 0.684986425241094 0.694095465872545 0.709447871350471 0.722632552120604 0.728592029080508 0.734660470552436 0.740808237340613 0.744336047138264 0.747678782690063 0.751447978982384 0.756118520244198 0.761579467879079 0.760478440712929 0.757972789991521 0.754216650769903 0.751838285481977
-9999 -9999 -9999 -9999 -9999 -9999 -9999 -9999 -9999 -9999 -9999 -9999 -9999 -9999 -9999 -9999 -9999 -9999 -9999 -9999 -9999 -9999 -9999 -9999 -9999 -9999 -9999 0.648271280993495 0.64753111003999 0.645673408412066 0.623936761508756 0.592473213407306 0.508943271531695 0.460012243745337 0.474630936348292 0.508843319823354 0.552682656205848 0.600467813541528 0.642601676231746 0.671851348421309 0.677281866668557 0.668397983825538 0.697751452536795 0.722895091316263 0.729501526227627 0.735006573742082 0.739709819808073 0.740220164149272 0.740847489165348 0.743667993186293 0.746550305115479 0.74948681756304 0.751672559096685 0.751021749912208 0.737055555522691 0.728472857821994
-9999 -9999 -9999 -9999 -9999 -9999 -9999 -9999 -9999 -9999 -9999 -9999 -9999 -9999 -9999 -9999 -9999 -9999 -9999 -9999 -9999 -9999 -9999 -9999 -9999 -9999 0.630103482041695 0.625923152307341 0.628517334945876 0.641339864623806 0.610622895066812 0.562520246487887 0.510079808142625 0.471689439182573 0.459105602143647 0.487985136243286 0.537236836257955 0.602154583567325 0.651960238065042 0.667178616144024 0.674803957266891 0.677866173404451 0.700218479140608 0.718917907929523 0.723928929702595 0.727597952920963 0.730290011641628 0.731427035904033 0.732515417532092 0.734080705752601 0.734319709577443 0.733395669646214 0.733282071411314 0.73212321550365 0.725119356472027 0.716870114112942
-9999 -9999 -9999 -9999 -9999 -9999 -9999 -9999 -9999 -9999 -9999 -9999 -9999 -9999 -9999 -9999 -9999 -9999 -9999 -9999 -9999 -9999 -9999 -9999 -9999 -9999 0.630511850509906 0.617527741277913 0.619558019086209 0.644257435686905 0.602240935137076 0.535355235012398 0.51140292397244 0.484521875803674 0.452261455752035 0.47616455219679 0.527662425549875 0.607341715867162 0.66373507775683 0.666727889405861 0.676215845839166 0.689607136026751 0.704326358546736 0.716029466046665 0.718949340135968 0.720601782045162 0.721331543196711 0.722279384250589 0.723090833359034 0.723311762361414 0.721122045744833 0.716818388600569 0.714231376540987 0.712240612724836 0.711703250527184 0.70507849655609
-9999 -9999 -9999 -9999 -9999 -9999 -9999 -9999 -9999 -9999 -9999 -9999 -9999 -9999 -9999 -9999 -9999 -9999 -9999 -9999 -9999 -9999 -9999 -9999 -9999 -9999 0.636909415147071 0.641306357611616 0.650323224317842 0.666315381028514 0.619279925610325 0.54896425911642 0.525203014250423 0.507231216799631 0.499893214487491 0.513570490305337 0.537573186393131 0.620909080056185 0.680190479808454 0.683518546822074 0.689257505741498 0.696445318545847 0.708983681808801 0.718473564890306 0.718394351045375 0.71786560374263 0.717009599583105 0.713602104519226 0.710411784980912 0.709089860902124 0.705529534104209 0.700006309820235 0.696375181696884 0.693286471883523 0.69123473449046 0.688344722175732
-9999 -9999 -9999 -9999 -9999 -9999 -9999 -9999 -9999 -9999 -9999 -9999 -9999 -9999 -9999 -9999 -9999 -9999 -9999 -9999 -9999 -9999 -9999 -9999 -9999 -9999 0.654493233536574 0.664099427542653 0.673099990697969 0.681186155564757 0.632766103532762 0.56278642974891 0.515278158685005 0.491229568478154 0.510270658919735 0.532516354875665 0.556336567168252 0.635302263175515 0.687812182509463 0.67904751435081 0.681931300286023 0.691815361897901 0.704058704102774 0.712374273552747 0.709143074156654 0.707765823335727 0.707738232640853 0.703850964117683 0.699539121739408 0.695300042683781 0.689605692075363 0.682635186444392 0.678331161740034 0.674529016405665 0.670895867462572 0.668297505226732
-9999 -9999 -9999 -9999 -9999 -9999 -9999 -9999 -9999 -9999 -9999 -9999 -9999 -9999 -9999 -9999 -9999 -9999 -9999 -9999 -9999 -9999 -9999 -9999 -9999 -9999 0.681557234561466 0.686057261647669 0.68910667471088 0.689965910410662 0.643241325991761 0.576789238874208 0.485246766598084 0.442420936080421 0.489075629548865 0.535817583406117 0.582602410842379 0.650395315478612 0.687947457220899 0.656557517914228 0.657343633776646 0.677466328944456 0.691012869740352 0.699034586901766 0.692521823512517 0.691425500353151 0.694272303503405 0.693189742870159 0.69019734286582 0.681876408545343 0.673401052501372 0.664790281140826 0.660127962811227 0.655938248829633 0.650666876029273 0.645442195291638
-9999 -9999 -9999 -9999 -9999 -9999 -9999 -9999 -9999 -9999 -9999 -9999 -9999 -9999 -9999 -9999 -9999 -9999 -9999 -9999 -9999 -9999 -9999 -9999 -9999 -9999 0.68732675975944 0.694432320442625 0.698417385355243 0.697691039037136 0.672656027554034 0.635902707077206 0.540410328133131 0.480443713147968 0.485729214468588 0.544001559427695 0.628307889088856 0.638069142028691 0.637429252030679 0.615215339449958 0.622586730231372 0.64773775750737 0.666074641105507 0.67689250823038 0.667561158160604 0.673298591689213 0.690005982337068 0.686106451008367 0.679228385683468 0.670136502722682 0.661694644992479 0.653822806624781 0.64992904345358 0.646449099167101 0.641572545709233 0.636093559832473
-9999 -9999 -9999 -9999 -9999 -9999 -9999 -9999 -9999 -9999 -9999 -9999 -9999 -9999 -9999 -9999 -9999 -9999 -9999 -9999 -9999 -9999 -9999 -9999 -9999 -9999 0.689266645155004 0.700323048700918 0.706725805707485 0.70610235784747 0.702068756159669 0.693755661852629 0.603418117829612 0.531915747370997 0.495008971745626 0.557207185703021 0.668098577164971 0.624340169211418 0.589034509602555 0.576889592850084 0.588965264257256 0.615596583375466 0.640866726830305 0.656793172177764 0.646454489786371 0.657373043974097 0.683766700861657 0.677092187270204 0.667066052482629 0.658708882058929 0.651099752276773 0.644146593416297 0.64166467293687 0.639571433912045 0.635532164826136 0.630290737922241
-9999 -9999 -9999 -9999 -9999 -9999 -9999 -9999 -9999 -9999 -9999 -9999 -9999 -9999 -9999 -9999 -9999 -9999 -9999 -9999 -9999 -9999 -9999 -9999 -9999 -9999 0.689615148244238 0.705005819566462 0.715470594063478 0.718498112646678 0.717086166569485 0.711495443697824 0.638103753513678 0.579825310569035 0.549306196537646 0.590000260664856 0.665683440267873 0.62493062730102 0.588966563072671 0.56687745813691 0.568335703455817 0.583945006237748 0.623440991124206 0.652856651981471 0.649561692632948 0.653017061292896 0.661386616178314 0.656402061006579 0.650603420767402 0.64745107034816 0.642244576938775 0.635236766868673 0.636295074036045 0.637895440073938 0.635201856819548 0.630678084323771
-9999 -9999 -9999 -9999 -9999 -9999 -9999 -9999 -9999 -9999 -9999 -9999 -9999 -9999 -9999 -9999 -9999 -9999 -9999 -9999 -9999 -9999 -9999 -9999 -9999 -9999 0.713296720492028 0.714454818701971 0.717599793447527 0.723744609600414 0.725779651015339 0.724327799261098 0.670791849438934 0.619422997430574 0.572034572662449 0.590446577409925 0.641188256049382 0.623835560812137 0.599245765869528 0.560069093024734 0.556348138598034 0.573934715732251 0.616045575682147 0.647658349932305 0.645265662477807 0.645121857452019 0.646615221322321 0.643527662318771 0.639938318106814 0.63644311253356 0.631784322852017 0.62610516435951 0.628390909944552 0.631441494582717 0.631382167367976 0.629215703076484
-9999 -9999 -9999 -9999 -9999 -9999 -9999 -9999 -9999 -9999 -9999 -9999 -9999 -9999 -9999 -9999 -9999 -9999 -9999 -9999 -9999 -9999 -9999 -9999 -9999 -9999 0.713027302190411 0.710834695344581 0.712989418644058 0.721707861806087 0.728030690446661 0.732160756639714 0.701444968969177 0.650553031987096 0.562602456575668 0.557939913301417 0.594199214123358 0.62102338070121 0.620066037770383 0.556524540552249 0.553164532546867 0.585971299267712 0.618868462469982 0.641174618506863 0.633427652575411 0.633621102590239 0.639595113582065 0.638615468666684 0.635179398151007 0.625689691220004 0.61968890863818 0.616747629502955 0.617904679432662 0.62012005206786 0.624007700674837 0.625868927745955
-9999 -9999 -9999 -9999 -9999 -9999 -9999 -9999 -9999 -9999 -9999 -9999 -9999 -9999 -9999 -9999 -9999 -9999 -9999 -9999 -9999 -9999 -9999 -9999 -9999 -9999 -9999 0.708463975513376 0.712641267018646 0.723125549322488 0.729106236971367 0.732619933314206 0.716965285712891 0.687131270169205 0.631253232963153 0.593360124565734 0.564303537261477 0.557835351029724 0.548961115499826 0.534054675672524 0.541712973770028 0.562931816878272 0.608840543407277 0.642504041426524 0.637178371990586 0.636178040716626 0.638326521943249 0.631585816824583 0.623061959274217 0.611761154501153 0.604455941358657 0.600654537740666 0.609541164260336 0.618773722629377 0.618757423457039 0.621896166351076
-9999 -9999 -9999 -9999 -9999 -9999 -9999 -9999 -9999 -9999 -9999 -9999 -9999 -9999 -9999 -9999 -9999 -9999 -9999 -9999 -9999 -9999 -9999 -9999 -9999 -9999 -9999 -9999 -9999 0.72840728139259 0.729806191375671 0.731552236241507 0.727517708344319 0.720068246666354 0.706346389087273 0.639961847574144 0.547702590494598 0.496114645594328 0.47267829494343 0.511846289209465 0.531085412987996 0.538348047336005 0.596699104365358 0.64229155269362 0.64288395493575 0.640749685591205 0.636630420564108 0.62313032521945 0.609111479402713 0.597145784009259 0.588953158232712 0.584069208237544 0.601360394120072 0.618274697755249 0.614193098577656 0.61850125737368
-9999 -9999 -9999 -9999 -9999 -9999 -9999 -9999 -9999 -9999 -9999 -9999 -9999 -9999 -9999 -9999 -9999 -9999 -9999 -9999 -9999 -9999 -9999 -9999 -9999 -9999 -9999 -9999 -9999 -9999 0.729806191375671 0.731574391247629 0.728182256579038 0.720676003518081 0.7056131238876 0.65746199032213 0.593053630667891 0.535648787079828 0.501570662658448 0.520065289153327 0.538442022825837 0.556747907418267 0.590075595013951 0.620039434468724 0.637871051325997 0.637320110448945 0.623386810685989 0.608461580017958 0.594204060057503 0.582805580271045 0.576424909193265 0.574444449040721 0.591168526495124 0.608249363055189 0.610941447878744 0.619875001788927
-9999 -9999 -9999 -9999 -9999 -9999 -9999 -9999 -9999 -9999 -9999 -9999 -9999 -9999 -9999 -9999 -9999 -9999 -9999 -9999 -9999 -9999 -9999 -9999 -9999 -9999 -9999 -9999 -9999 -9999 -9999 -9999 0.72658077541767 0.719732390362445 0.700305201410219 0.659819619479958 0.608987433694966 0.554721699807662 0.518018727001638 0.521125612651784 0.538949751025288 0.565618395754441 0.576753673393091 0.591061359369729 0.617046585257692 0.620153408281116 0.606604932172912 0.593171648307562 0.580613503636581 0.571206664953295 0.565971376043661 0.564394197666907 0.576182099454025 0.588555208275978 0.592272932872663 0.605770369208065
