layers/veg/veg_4700.asc
NCOLS 255 
NROWS 330 
XLLCORNER -2985163.8955 
YLLCORNER -3022031.214 
CELLSIZE 25000 
NODATA_value -9999 
[rows 25 to 49 of 330, columns 112 to 167 of 255]
0.0817258452873932 0.0888530446882039 0.0898956849465048 0.0871745142627908 -9999 -9999 -9999 -9999 -9999 -9999 -9999 -9999 -9999 -9999 -9999 -9999 -9999 -9999 -9999 -9999 -9999 -9999 -9999 -9999 -9999 -9999 -9999 -9999 -9999 -9999 -9999 -9999 -9999 -9999 -9999 -9999 -9999 -9999 -9999 -9999 -9999 -9999 -9999 -9999 -9999 -9999 -9999 -9999 -9999 -9999 -9999 -9999 -9999 -9999 -9999 -9999
0.0741337920818395 0.0781471034028641 0.0823693394034456 0.0867208128683292 -9999 -9999 -9999 -9999 -9999 -9999 -9999 -9999 -9999 -9999 -9999 -9999 -9999 -9999 -9999 -9999 -9999 -9999 -9999 -9999 -9999 -9999 -9999 -9999 -9999 -9999 -9999 -9999 -9999 -9999 -9999 -9999 -9999 -9999 -9999 -9999 -9999 -9999 -9999 -9999 -9999 -9999 -9999 -9999 -9999 -9999 -9999 -9999 -9999 -9999 -9999 -9999
0.0681884063092551 0.0691078886174779 0.0726233607606677 0.0777446706839433 0.0867234340321862 0.0951910033222875 0.101379148255648 0.0995300201285253 0.0916646728517129 -9999 -9999 -9999 -9999 -9999 -9999 -9999 -9999 -9999 -9999 -9999 -9999 -9999 -9999 -9999 -9999 -9999 -9999 -9999 -9999 -9999 -9999 -9999 -9999 -9999 -9999 -9999 -9999 -9999 -9999 -9999 -9999 -9999 -9999 -9999 -9999 -9999 -9999 -9999 -9999 -9999 -9999 -9999 -9999 -9999 -9999 -9999
0.0638322448287594 0.0617256433735025 0.0669967187939529 0.076831507098289 0.0866065753829236 0.0952402638252426 0.100531590580442 0.0987348025257131 0.0916322780932615 0.0915448021006025 0.0945311496638238 0.105920061041158 -9999 -9999 -9999 -9999 -9999 -9999 -9999 -9999 -9999 -9999 -9999 -9999 -9999 -9999 -9999 -9999 -9999 -9999 -9999 -9999 -9999 -9999 -9999 -9999 -9999 -9999 -9999 -9999 -9999 -9999 -9999 -9999 -9999 -9999 -9999 -9999 -9999 -9999 -9999 -9999 -9999 -9999 -9999 -9999
0.0703843771449622 0.0658604395700708 0.0665973219118783 0.0705884632891684 0.0853404327518603 0.0957739925925411 0.091348454273171 0.0901187615715751 0.0912812866608164 0.0918079018337829 0.0945311496638238 0.105920061041158 0.111318547004825 -9999 -9999 -9999 -9999 -9999 -9999 -9999 -9999 -9999 -9999 -9999 -9999 -9999 -9999 -9999 -9999 -9999 -9999 -9999 -9999 -9999 -9999 -9999 -9999 -9999 -9999 -9999 -9999 -9999 -9999 -9999 -9999 -9999 -9999 -9999 -9999 -9999 -9999 -9999 -9999 -9999 -9999 -9999
0.0701789951781352 0.0661102549232824 0.0653630821340106 0.0666705778390016 0.0812215546468249 0.0911006382361837 0.0845816455206899 0.085388785650571 0.091679828142091 0.0937320910826651 0.0971598677154157 0.107823114543971 0.115824319772819 0.121426531070796 -9999 -9999 -9999 -9999 -9999 -9999 -9999 -9999 -9999 -9999 -9999 -9999 -9999 -9999 -9999 -9999 -9999 -9999 -9999 -9999 -9999 -9999 -9999 -9999 -9999 -9999 -9999 -9999 -9999 -9999 -9999 -9999 -9999 -9999 -9999 -9999 -9999 -9999 -9999 -9999 -9999 -9999
0.0602623302974912 0.0607769303075051 0.0629290823245587 0.0660941978148659 0.0730029854267301 0.0789441391535811 0.0812873622434333 0.0862435077971728 0.0931555299331306 0.0980434466114121 0.103566339483899 0.112461062890049 0.118435738309658 0.121778908121565 -9999 -9999 -9999 -9999 -9999 -9999 -9999 -9999 -9999 -9999 -9999 -9999 -9999 -9999 -9999 -9999 -9999 -9999 -9999 -9999 -9999 -9999 -9999 -9999 -9999 -9999 -9999 -9999 -9999 -9999 -9999 -9999 -9999 -9999 -9999 -9999 -9999 -9999 -9999 -9999 -9999 -9999
0.0519353473997098 0.050465735271553 0.054864643005467 0.0628937232388107 0.0698151523644818 0.0764003206263544 0.0822203897020855 0.0875554771341193 0.0925275364806191 0.0994139773602606 0.106983836888628 0.116254803964736 0.122247661573897 0.125286333674911 0.126028818188297 -9999 -9999 -9999 -9999 -9999 -9999 -9999 -9999 -9999 -9999 -9999 -9999 -9999 -9999 -9999 -9999 -9999 -9999 -9999 -9999 -9999 -9999 -9999 -9999 -9999 -9999 -9999 -9999 -9999 -9999 -9999 -9999 -9999 -9999 -9999 -9999 -9999 -9999 -9999 -9999 -9999
0.0445921555663759 0.0390861553431566 0.0454778928770723 0.0592293806421369 0.0687618619410432 0.077451431583545 0.0845136894686366 0.0888626704014228 0.0911806554185506 0.0997258774188385 0.109255775497316 0.119602585965657 0.126363878842639 0.129893954393171 0.137946382141475 0.147000669633908 0.156913737620477 -9999 -9999 -9999 -9999 -9999 -9999 -9999 -9999 -9999 -9999 -9999 -9999 -9999 -9999 -9999 -9999 -9999 -9999 -9999 -9999 -9999 -9999 -9999 -9999 -9999 -9999 -9999 -9999 -9999 -9999 -9999 -9999 -9999 -9999 -9999 -9999 -9999 -9999 -9999
0.0452866812448705 0.0439138911647659 0.052081748846774 0.066151298598807 0.0730186992865909 0.0787023107350571 0.0823577591012858 0.0865649625518406 0.0911851766689836 0.100823274006195 0.110895016617168 0.120254675011658 0.127530304394746 0.132927836549503 0.139602983974131 0.147000669633908 0.156913737620477 0.162067845854445 -9999 -9999 -9999 -9999 -9999 -9999 -9999 -9999 -9999 -9999 -9999 -9999 -9999 -9999 -9999 -9999 -9999 -9999 -9999 -9999 -9999 -9999 -9999 -9999 -9999 -9999 -9999 -9999 -9999 -9999 -9999 -9999 -9999 -9999 -9999 -9999 -9999 -9999
0.0441349494526065 0.0494187029153773 0.0598365358982227 0.0734302283348491 0.0781802268827831 0.0818540942529324 0.0841468815465657 0.0884934883822171 0.0943774609843061 0.105096075100757 0.115813563051804 0.124249407503219 0.130898339591891 0.135936931739335 0.141975764951023 0.148709409680171 0.158080145635888 0.166282548268483 0.173219607903076 -9999 -9999 -9999 -9999 -9999 -9999 -9999 -9999 -9999 -9999 -9999 -9999 -9999 -9999 -9999 -9999 -9999 -9999 -9999 -9999 -9999 -9999 -9999 -9999 -9999 -9999 -9999 -9999 -9999 -9999 -9999 -9999 -9999 -9999 -9999 -9999 -9999
0.0397629632201969 0.0561044749606485 0.0695987845226093 0.0813318603677899 0.0849197211725359 0.0883214476861774 0.092816991090174 0.0977934388316028 0.103129862632356 0.11490743765034 0.12645189541434 0.134074400707531 0.138106436831946 0.13890279333895 0.145597710308128 0.153398545369071 0.161281010193868 0.168016880666216 0.173510952153029 0.174620224006007 -9999 -9999 -9999 -9999 -9999 -9999 -9999 -9999 -9999 -9999 -9999 -9999 -9999 -9999 -9999 -9999 -9999 -9999 -9999 -9999 -9999 -9999 -9999 -9999 -9999 -9999 -9999 -9999 -9999 -9999 -9999 -9999 -9999 -9999 -9999 -9999
0.0574076872411258 0.0725849357730294 0.0855318355935913 0.0970990773834494 0.102851074721733 0.109304853473022 0.118992567317349 0.124267159193318 0.126238353424819 0.132580306820643 0.139615859558445 0.147234219242104 0.151583011354695 0.152985315793906 0.156109485665012 0.159992470501999 0.166153857268229 0.172009918267078 0.177535301526776 0.341445037270961 0.52424812282978 0.545878431229543 0.579654703586442 0.629261364244623 0.695219526071674 0.761699670813068 0.763743363651774 0.770259362973683 0.783822704902631 0.799350903369476 0.815508471180402 0.824120149474391 0.832523021239813 0.840524715340835 -9999 -9999 -9999 -9999 -9999 -9999 -9999 -9999 -9999 -9999 -9999 -9999 -9999 -9999 -9999 -9999 -9999 -9999 -9999 -9999 -9999 -9999
0.0853096680836004 0.0936366671050085 0.104351483521804 0.116543365578 0.126001501282588 0.137048921529232 0.153317788086214 0.158737181162417 0.156035311015645 0.153919104457686 0.153961285892167 0.161948050522605 0.167974526395557 0.17223441799256 0.169824442964914 0.167473872865704 0.171804982987642 0.177053097448927 0.183294357442369 0.344546867238521 0.524247300954748 0.54587972998766 0.579657278300538 0.629264114008454 0.695222009765169 0.761701951842461 0.76374820658206 0.770265731190109 0.783828964935007 0.799355654343538 0.815511185079324 0.824123020550288 0.832525662605553 0.840526383674465 0.849300238559317 0.858471767959971 0.861405566581529 -9999 -9999 -9999 -9999 -9999 -9999 -9999 -9999 -9999 -9999 -9999 -9999 -9999 -9999 -9999 -9999 -9999 -9999 -9999
0.138940700462372 0.143727167515316 0.15591098943061 0.172670696717512 0.173026344363582 0.177070466749581 0.195259200034043 0.203028810124637 0.202999291330321 0.191790117501887 0.181738163570108 0.181359778103941 0.1798132525802 0.177214015893405 0.177015300421245 0.17732128020566 0.177942947891872 0.180037587289275 0.183727502969673 0.343398555524076 0.522455053504839 0.548711907427964 0.585271908989647 0.635260472369845 0.700638153540491 0.766676149814061 0.774309093732315 0.784152781188176 0.797480100006138 0.809716014282019 0.821429333505203 0.830383921855376 0.838285639282815 0.844164487499235 0.851072263807949 0.858509286765122 0.861405566581529 0.863372763516976 -9999 -9999 -9999 -9999 -9999 -9999 -9999 -9999 -9999 -9999 -9999 -9999 -9999 -9999 -9999 -9999 -9999 -9999
0.196040199881378 0.197187183512639 0.20951641612408 0.22876280905596 0.21985916928812 0.215709185003892 0.23120047753715 0.239655707121727 0.242844163220855 0.227143054242475 0.211394478184723 0.204363034411139 0.195742055555179 0.1856886103486 0.185350496537295 0.186323195619932 0.18478934369489 0.200539940292605 0.235010156950582 0.374106527232152 0.523656572038025 0.551310213144761 0.591253031849397 0.647212895719386 0.710681668441741 0.772740430635675 0.783360179304165 0.794812566753328 0.807577004433698 0.817408010444321 0.826031829369311 0.835172008243117 0.842682825771025 0.847063169440194 0.85314137336334 0.86009290055922 0.863359373694211 0.869810076777965 0.884013100829814 0.892506672645049 0.8974173268209 -9999 -9999 -9999 -9999 -9999 -9999 -9999 -9999 -9999 -9999 -9999 -9999 -9999 -9999 -9999
0.260561723101067 0.257857481341539 0.267499820921983 0.284779558193118 0.266281102798426 0.25138885116542 0.254302324784914 0.259881173051094 0.267455160448396 0.257107667542028 0.245072519260644 0.235051648939989 0.220423038364175 0.201641997973451 0.196134413852067 0.193515879139273 0.193151680382152 0.258528017053605 0.395103492312598 0.472982393004273 0.531264321947336 0.553408066794972 0.598018395580318 0.671910446985001 0.73062709627249 0.781137332976729 0.789180505258222 0.798566467628113 0.810068363205581 0.819390089451306 0.827819016766127 0.836808481182108 0.844163836005817 0.848379594217763 0.855846200880011 0.864984936683119 0.869494048816899 0.875571850010848 0.885616479311697 0.892506672645049 0.8974173268209 -9999 -9999 -9999 -9999 -9999 -9999 -9999 -9999 -9999 -9999 -9999 -9999 -9999 -9999 -9999
0.326408539399946 0.309272359733817 0.308481701640827 0.317802121689901 0.295361839276397 0.276106835123319 0.272611182166334 0.273397715498031 0.277389635900521 0.270892852146498 0.26243029688968 0.251421579727486 0.235567409320934 0.215346585543221 0.208726712896428 0.20488035569505 0.202377889546902 0.284843567139003 0.459332508646576 0.516749155821639 0.543605216043626 0.563279844622432 0.607233189515623 0.682830091731213 0.737157743468009 0.781717312492019 0.78971766840737 0.799007001081078 0.810327469336115 0.819674627259545 0.828202530534382 0.836789193793499 0.844045424961699 0.848745511728947 0.856700399395721 0.866329449212777 0.873451959373172 0.881065039427959 0.889974216362657 0.897049708268857 0.90297448690846 0.908739265543624 0.912044316490013 0.908023652776791 -9999 -9999 -9999 -9999 -9999 -9999 -9999 -9999 -9999 -9999 -9999 -9999
0.393012177025425 0.355401842068225 0.339754698936225 0.337693634890173 0.314539718832422 0.294565045301818 0.288182956704727 0.283083062830646 0.278942942798781 0.275438618783024 0.270468231514705 0.259614688803262 0.245265806593364 0.22776697426847 0.222351705675541 0.218627174684903 0.212097421377176 0.293072217027132 0.468817285959201 0.529045336727032 0.558649017533633 0.577590996427698 0.617846754066883 0.685881730786054 0.736027751491833 0.777833363238776 0.787237830754624 0.797555404282196 0.809311826181481 0.81898976788148 0.8277844630114 0.835824368585865 0.843013649052778 0.848568632947307 0.856497778467079 0.865648114362032 0.876166807641772 0.886404851480511 0.89590485629745 0.904187087967644 0.911705116574668 0.912677773219478 0.912044316490013 0.908023652776791 0.906288758399278 -9999 -9999 -9999 -9999 -9999 -9999 -9999 -9999 -9999 -9999 -9999
0.421790593541313 0.382930635005476 0.360439764689549 0.348074550466346 0.325923922687473 0.306928807511683 0.299178665319611 0.28986646184749 0.279384993263272 0.27939061902675 0.277505663968047 0.263480284383698 0.251725794080918 0.24201779681745 0.235552213019603 0.229856393557802 0.225042389158773 0.306768473311407 0.482220288749915 0.540318645017256 0.567343865220693 0.583827789307654 0.622777915695449 0.691009267297849 0.740379758236348 0.780870487260347 0.786057840196943 0.794181058903283 0.806930537461305 0.816744704305435 0.82515885746041 0.826374240470701 0.831601508602064 0.844536767061908 0.856425057292903 0.867774821624653 0.879008765220448 0.889955389295876 0.900226035842884 0.910521135145838 0.920831579565447 0.922789594089562 0.922470791993693 0.917149518695033 0.910336120378297 0.902390202141915 -9999 -9999 -9999 -9999 -9999 -9999 -9999 -9999 -9999 -9999
0.439170309165181 0.40357734741959 0.377980867870352 0.358568052279515 0.337068859380754 0.318882164175107 0.310850840980737 0.298664342145419 0.283367528770173 0.283878724420352 0.282694660115199 0.267607659433481 0.258228724127868 0.253993815946321 0.246741214431097 0.239662626635057 0.236367956111573 0.319375829209527 0.495852164705936 0.551782340891798 0.576054743863242 0.591483640289911 0.629532598373813 0.697063313582692 0.744218863254837 0.782081378982694 0.785774841964622 0.792746333311862 0.804883255304943 0.814167778506997 0.821985502043579 0.818536064873691 0.822235531149561 0.839670106222464 0.854146002374055 0.867100051746748 0.879032439908696 0.89082952922901 0.902359058751615 0.914902880834708 0.928083213489371 0.931428723415492 0.931592132220662 0.924365474292539 0.914646055965492 0.903034637455831 0.901968307969243 -9999 -9999 -9999 -9999 -9999 -9999 -9999 -9999 -9999
0.430936643516802 0.408221236458137 0.388477058620371 0.370570835643579 0.348565823094303 0.330514837127614 0.324910005825895 0.31320734077026 0.296940204167389 0.289873063502188 0.283077687881782 0.2729837081144 0.265257866145749 0.259666156193385 0.2526158323807 0.245991165002165 0.242961685449674 0.328382171864149 0.509596848938777 0.56388415439328 0.585615366734822 0.60395295596366 0.641876161478273 0.705326193189468 0.745992359302933 0.777538717786486 0.787720537509492 0.79673247700444 0.80390095008954 0.810903478064315 0.817630884918524 0.816078384909603 0.819649741427908 0.833065506588154 0.845962141605274 0.858591753211893 0.871518484683193 0.884788278941915 0.89885686215707 0.914176400711353 0.930280965528206 0.935352875818354 0.935905089454745 0.925324323741359 0.914606094092778 0.903783529590912 0.902364805410275 -9999 -9999 -9999 -9999 -9999 -9999 -9999 -9999 -9999
0.426172497664889 0.40999691307563 0.393755784896503 0.377474112501279 0.356734356331519 0.339404158636984 0.332992362037134 0.323203524395081 0.310886836966852 0.301312642624199 0.29251858173115 0.285403896066048 0.277166123707099 0.267916241634056 0.261553082598208 0.256316598972333 0.254147540565192 0.339798262243334 0.520560662770104 0.572007522952975 0.591640386820043 0.618126670068445 0.65732280077881 0.713084254857745 0.747216797741868 0.773184751569941 0.785399335922685 0.793534422887723 0.795241145458761 0.801084915175971 0.808476841661294 0.808939706435891 0.813155527365 0.824581861274712 0.836885133470963 0.849639473776378 0.862577117311174 0.876230304222122 0.891572470294358 0.907107562540245 0.922763723946891 0.928699046556677 0.930132317568415 0.920201041891446 0.91079196522199 0.901779236560149 0.890147538540435 0.879940331383902 0.87657576159065 -9999 -9999 -9999 -9999 -9999 -9999 -9999
0.423813450909252 0.409784321717586 0.395417722732983 0.380842370333463 0.362595594726722 0.346391766807413 0.336931546314695 0.330047819202718 0.325092700052622 0.316526906044877 0.308238461379099 0.302707138154277 0.29245662350156 0.277953240826277 0.27261337419662 0.269412713199932 0.268516694294111 0.352884809174028 0.529596754818044 0.577373001402394 0.595214498547592 0.633481886907517 0.674920517517346 0.720492372660906 0.748060625019297 0.768961590234671 0.780120286841894 0.785356224926255 0.781259236332599 0.786722884715865 0.795995797513363 0.798556122054266 0.803951962036654 0.814795646346492 0.827188988381771 0.840379423200884 0.852646256330532 0.865927715834229 0.881666230177406 0.89564215063451 0.908511970459933 0.914712475119055 0.917368036938565 0.910861577587429 0.904361553358521 0.897866413374579 0.888432179230831 0.879940331383902 0.87657576159065 0.874969473091843 -9999 -9999 -9999 -9999 -9999 -9999
0.422104141001203 0.411601335221892 0.398779781548302 0.384523887523694 0.371065643644631 0.358342874014546 0.347620898029354 0.340486640812926 0.336037934055952 0.326605395410348 0.317652096757994 0.312871667063571 0.303949153456016 0.291293852889063 0.284703907284168 0.27921935455348 0.273654307765346 0.356743320725504 0.535847564550714 0.590036491723902 0.613785514674021 0.646373935310733 0.682527375001145 0.723327266477575 0.747936280592452 0.766501268090241 0.775668571464116 0.782027244841871 0.783960153144403 0.784451468442355 0.784453163109822 0.788871975895252 0.795684942652379 0.807097770846663 0.820445416111161 0.834788267413344 0.845895297942739 0.857293992564252 0.869554885042778 0.879946452375971 0.889164940793816 0.898226402023825 0.904203620182201 0.900985702424918 0.896337728884048 0.890604345849001 0.884096159506455 0.877786868047361 0.872636602639916 0.870288620794802 0.870500682027429 -9999 -9999 -9999 -9999 -9999
