layers/veg/veg_1000.asc
NCOLS 255 
NROWS 330 
XLLCORNER -2985163.8955 
YLLCORNER -3022031.214 
CELLSIZE 25000 
NODATA_value -9999 
[rows 125 to 149 of 330, columns 171 to 227 of 255]
0.36832593012677 0.401908881637527 0.417492591046959 0.42228281634147 0.360657057021969 0.310963227142049 0.280342974010324 0.27886244956281 0.289590613862225 0.295144274957789 0.299407252650085 0.301152626185049 0.307690070506527 0.316729959294442 0.34198972219052 0.363749089468678 0.376057113726556 0.379618298173147 0.377611257615161 0.324375252768604 0.293687054664145 0.34363068504416 0.31974296360443 0.239035960697917 0.255529618661426 0.289544263606068 0.342057172559467 0.388365917173421 0.428929057322847 0.458177417132399 0.482217496266045 0.48988787544934 0.496741794250567 0.502687021773328 0.507912375406598 0.513006171979627 0.518575025627226 0.528622891933076 0.544672632506806 0.551471974599296 -9999 -9999 -9999 -9999 -9999 -9999 -9999 -9999 -9999 -9999 -9999 -9999 -9999 -9999 -9999 -9999 -9999
0.313817291730983 0.345775077016274 0.380825745152831 0.410798463586979 0.355342633235688 0.307006612562433 0.270051838904941 0.270315102652027 0.286005799252258 0.287313991774535 0.288580412536748 0.28976535339728 0.299013666335951 0.312472714411203 0.339093432237926 0.362295805656947 0.376434285932036 0.386207051031706 0.393200608448704 0.342043113544712 0.308627861386697 0.342811289714391 0.322672306099655 0.260727770533938 0.281563184176429 0.311837354491214 0.336092177423713 0.382202317386058 0.448552412357655 0.471306985848303 0.484116114377238 0.488932410679487 0.497818442736127 0.511233945501822 0.523051988237497 0.532716925001075 0.528272761413968 0.533478796099073 0.551616090664239 0.556234248558135 -9999 -9999 -9999 -9999 -9999 -9999 -9999 -9999 -9999 -9999 -9999 -9999 -9999 -9999 -9999 -9999 -9999
0.286277345794135 0.292647361182702 0.338908537159748 0.391498851271916 0.345542841339978 0.301330474782672 0.25990537879178 0.260847789928912 0.279248858520756 0.276434779149927 0.275067125916805 0.276520868270195 0.280096924441287 0.284781264005038 0.316949751925045 0.344759108498549 0.360347146382243 0.380200177430621 0.402768296681861 0.364517900042329 0.331438197462364 0.328268579957607 0.312722406834419 0.28765145893818 0.319296274101879 0.344720798429725 0.315638349952679 0.354280096315919 0.45564043215253 0.464510943877985 0.45862508666586 0.47029980883434 0.489665294625247 0.517590325964157 0.541186510980734 0.558881481376919 0.53780007154085 0.533478796099073 0.551616090664239 -9999 -9999 -9999 -9999 -9999 -9999 -9999 -9999 -9999 -9999 -9999 -9999 -9999 -9999 -9999 -9999 -9999 -9999
0.30424182727357 0.324402745265267 0.3620019488349 0.398758912860942 0.342023043362096 0.295779625835878 0.266308733573913 0.265289076103964 0.276122173968656 0.278740055482375 0.281441284134356 0.284305089527664 0.289088978776166 0.294875545871592 0.318500581630898 0.338540767591504 0.348825547678116 0.363677124669138 0.381435917667609 0.368191673431892 0.3530600982421 0.339392128929089 0.34796963924027 0.373666870875481 0.40182952788522 0.41979677415452 0.395980644376689 0.421125063732747 0.49161127842149 0.491963158061756 0.482880932520984 0.496667655872743 0.516144953369211 0.541955656880639 0.567609302374969 0.590392962115386 0.590131812065844 -9999 -9999 -9999 -9999 -9999 -9999 -9999 -9999 -9999 -9999 -9999 -9999 -9999 -9999 -9999 -9999 -9999 -9999 -9999 -9999
0.330989307235963 0.366205570779075 0.386935875118356 0.397600531652226 0.335550609458002 0.29088932101043 0.274024328375068 0.271090482363053 0.27415946854063 0.282540407298286 0.289595101394984 0.294062825624701 0.300752770925463 0.308603171709916 0.323802873658424 0.335975032555166 0.340386390155142 0.348492658359332 0.358951101069967 0.362893664644214 0.362893377688655 0.352394363583181 0.386561630712239 0.455103265139022 0.477086559405635 0.488677702017201 0.483467012574643 0.497040759310212 0.528010554000623 0.523001563942467 0.515394651712603 0.531718157498262 0.549600703082476 0.569218404344594 0.59491227797525 0.620340995365599 0.630552860322582 -9999 -9999 -9999 -9999 -9999 -9999 -9999 -9999 -9999 -9999 -9999 -9999 -9999 -9999 -9999 -9999 -9999 -9999 -9999 -9999
0.363065851830356 0.387855872472333 0.368629062532663 0.335222476482149 0.310033423453571 0.289036036818379 0.27473916505481 0.272230433973456 0.274822256013744 0.282899258320468 0.290299379842402 0.296379179220662 0.302790054197801 0.309373818586906 0.327976439779861 0.341706961602272 0.342936457652978 0.348074375897607 0.355700389804005 0.330018083285612 0.317687819944184 0.353796672396828 0.404899920630947 0.467542586379892 0.48196381109822 0.494398847852525 0.52428758719386 0.540261850577769 0.543350079548586 0.543687590316006 0.547351160830374 0.572024126850731 0.588496641083586 0.595842345023554 0.619768365745655 0.644416470061144 0.63931947232171 -9999 -9999 -9999 -9999 -9999 -9999 -9999 -9999 -9999 -9999 -9999 -9999 -9999 -9999 -9999 -9999 -9999 -9999 -9999 -9999
0.382240701976901 0.389239278412458 0.350165073860078 0.298994900938211 0.294786274609449 0.28729086894625 0.274541439765129 0.273719629347738 0.277952577370592 0.282759921519975 0.287986622161299 0.294031318637111 0.302433546443001 0.312066889458626 0.332739932262131 0.348762541920278 0.352879669387079 0.35825378507247 0.364428097558101 0.329750334976923 0.313749074828343 0.364167733803961 0.411211518894192 0.455658061695309 0.472131756926098 0.492152225444224 0.540957763704057 0.55799965350542 0.545625597756727 0.543264731667777 0.550602477766325 0.600121549722247 0.626998611007409 0.628675922157276 0.646206886219991 0.665890979461711 0.669050427534563 -9999 -9999 -9999 -9999 -9999 -9999 -9999 -9999 -9999 -9999 -9999 -9999 -9999 -9999 -9999 -9999 -9999 -9999 -9999 -9999
0.388092045003359 0.369693175367511 0.331538770328676 0.28977277827497 0.29014493524113 0.285657352188174 0.273401316874398 0.275569486788039 0.283631107057896 0.282106108963651 0.282558188279492 0.286866750365934 0.299604984190013 0.316745236751607 0.338112638371391 0.35718504944336 0.370457739493455 0.379377370653564 0.385525851103179 0.363156512024882 0.352426334463142 0.383800775451027 0.405103220488023 0.418654438454665 0.447109485514517 0.481677333690819 0.532687960240375 0.549421008232223 0.534409989236314 0.521042846463657 0.524210104568093 0.615611275471312 0.6650937323189 0.667922155849607 0.674279576026359 0.680126792276928 0.674234119612141 -9999 -9999 -9999 -9999 -9999 -9999 -9999 -9999 -9999 -9999 -9999 -9999 -9999 -9999 -9999 -9999 -9999 -9999 -9999 -9999
0.362683419315675 0.353478377319614 0.335023454479484 0.315128272073112 0.318465551945919 0.316682941657377 0.306716020656194 0.309794478825377 0.318371892753831 0.326194960368904 0.325408498519705 0.30782830776918 0.315039028422988 0.33519569287134 0.349426457285693 0.364004446346809 0.379787409442467 0.381858940010341 0.375201793353408 0.357709510559336 0.349875901346748 0.373996727303763 0.399512957301657 0.426103065171276 0.441191149297088 0.459421846630806 0.496176920901893 0.508712583011404 0.498818929095372 0.520758020291402 0.554054830914613 0.61547503241925 0.657536258261402 0.678051634812005 0.682959350100299 0.683664054741885 -9999 -9999 -9999 -9999 -9999 -9999 -9999 -9999 -9999 -9999 -9999 -9999 -9999 -9999 -9999 -9999 -9999 -9999 -9999 -9999 -9999
0.331273281544816 0.336652197352984 0.34010828409629 0.343152764571967 0.349459261887285 0.350648747535792 0.34365852383867 0.347336708703541 0.355756247772397 0.37501320314604 0.37520225605007 0.338197501078715 0.338185286079409 0.357490769227008 0.365857668397844 0.376489458982908 0.393264121796757 0.38679889510446 0.365539189875493 0.349506274343986 0.342388421000949 0.361221135737918 0.395871331690605 0.442694376915857 0.440797060507284 0.438433170206969 0.459819826138826 0.46982098893018 0.46927817889299 0.529340768488025 0.593289967613677 0.61426514747246 0.643222538429067 0.681063845576569 0.688507623376095 -9999 -9999 -9999 -9999 -9999 -9999 -9999 -9999 -9999 -9999 -9999 -9999 -9999 -9999 -9999 -9999 -9999 -9999 -9999 -9999 -9999 -9999
0.308934897090032 0.310338112774977 0.320760183605989 0.334103773454049 0.345989157110926 0.352454258414628 0.350254862330572 0.355740595216573 0.364707285208586 0.384549380573825 0.395144976742454 0.387704372275661 0.384682053256587 0.383966986042076 0.407653518354224 0.430128916596289 0.448170125141453 0.438274139101137 0.410593377209788 0.384614515064668 0.367151686539855 0.375243759745642 0.404675520321064 0.450529920780268 0.447505199447321 0.444898729102952 0.469640029960708 0.494647629703637 0.519901845748108 0.563272381093271 0.606624933390312 0.630711729716303 0.655838515364401 0.682122772026956 0.687791111578031 -9999 -9999 -9999 -9999 -9999 -9999 -9999 -9999 -9999 -9999 -9999 -9999 -9999 -9999 -9999 -9999 -9999 -9999 -9999 -9999 -9999 -9999
0.297862546234583 0.299074175413549 0.307773146618668 0.319574895713492 0.339628134564238 0.351943961778666 0.351891285187823 0.357674964653667 0.366085203117976 0.381957625606739 0.394660464066866 0.401180719015573 0.399664916122112 0.393952641729172 0.427856049411894 0.458089530639246 0.477013192292414 0.471651060661868 0.450828629730551 0.428448572570735 0.410850594316676 0.408187556941778 0.429514913179163 0.4693048451863 0.465792140046203 0.463425267837213 0.488364982387694 0.516863846886821 0.548658798774358 0.582656782540546 0.616198994038346 0.644930176660605 0.668351502690026 0.685863147757827 0.690625569652376 -9999 -9999 -9999 -9999 -9999 -9999 -9999 -9999 -9999 -9999 -9999 -9999 -9999 -9999 -9999 -9999 -9999 -9999 -9999 -9999 -9999 -9999
0.300782081016529 0.306501815422589 0.302686252328518 0.298240255656163 0.329676727657972 0.348557540762322 0.347367725321852 0.351574497139715 0.358057661563486 0.364303547099532 0.368806285070571 0.36990884330319 0.375508987040277 0.383457793486949 0.4212406905797 0.454158224658187 0.473487314385471 0.482550714112254 0.485078991099477 0.483119685503403 0.478066682148697 0.464630564311863 0.474269278041127 0.501665967443838 0.49845940955145 0.496930978174692 0.51814921517398 0.535838040333949 0.550258318222817 0.58397422962712 0.621102186808304 0.656381384006254 0.680736581748009 0.692933757802684 0.693782418044101 -9999 -9999 -9999 -9999 -9999 -9999 -9999 -9999 -9999 -9999 -9999 -9999 -9999 -9999 -9999 -9999 -9999 -9999 -9999 -9999 -9999 -9999
0.310430359870028 0.323448552298093 0.315350403507147 0.302555877621543 0.323123879979218 0.335655843849979 0.335341939195642 0.340083002005174 0.346821894554107 0.347035502118152 0.347806219582542 0.349663634371505 0.356994632626064 0.367183964837961 0.41065940943652 0.445563860297116 0.457724271211053 0.472179766855944 0.48809630997195 0.513210988201052 0.532895902574867 0.533894118661037 0.534415061322622 0.534568702934183 0.535437034152849 0.538074159370579 0.547359891987354 0.554012309093728 0.558226043321106 0.583917328552176 0.61542301760759 0.655843992953909 0.67800949277653 0.67985729959531 0.679454711795618 -9999 -9999 -9999 -9999 -9999 -9999 -9999 -9999 -9999 -9999 -9999 -9999 -9999 -9999 -9999 -9999 -9999 -9999 -9999 -9999 -9999 -9999
0.321397064296441 0.341460586006017 0.332867549512665 0.316096756762017 0.319396180875066 0.321482031127551 0.321627944148067 0.32700302834402 0.334342095622552 0.330117002182381 0.328619249217351 0.33244144047822 0.339552784778533 0.348381742025214 0.397241512197236 0.433901537526409 0.438643453809562 0.45714757173656 0.484412686430919 0.536833330253397 0.582670357921322 0.602591016814795 0.596397482075851 0.570106933240495 0.577606363561572 0.585951219950903 0.579896192256296 0.574417557712153 0.569472714163451 0.586087350767039 0.610491138582295 0.654469267124576 0.673265640884485 0.664035619916848 0.670199141487769 -9999 -9999 -9999 -9999 -9999 -9999 -9999 -9999 -9999 -9999 -9999 -9999 -9999 -9999 -9999 -9999 -9999 -9999 -9999 -9999 -9999 -9999
0.323873759926182 0.338518440354188 0.34335984083776 0.34422697979734 0.335523057669566 0.325936735264236 0.314939867355611 0.314774998215087 0.319029253163172 0.315774001547672 0.312945539852967 0.310949573622432 0.314624810070085 0.321261578263055 0.365799683267573 0.40403552925437 0.424715905787852 0.463435710852667 0.513639388857153 0.572989028027633 0.618693416453755 0.620688146287934 0.625775549465668 0.633243018467216 0.662943002333896 0.682751728028253 0.65159697320181 0.622529487503447 0.595394997477799 0.61790193773819 0.650451217118586 0.685123735863943 0.698148002764412 0.687078537650981 0.682198063815892 -9999 -9999 -9999 -9999 -9999 -9999 -9999 -9999 -9999 -9999 -9999 -9999 -9999 -9999 -9999 -9999 -9999 -9999 -9999 -9999 -9999 -9999
0.331676591696945 0.340131585662452 0.35172984727965 0.362306869675414 0.343886843359267 0.326072954593137 0.309227996387548 0.303349124576188 0.302086149666194 0.299880400599092 0.297119032031025 0.293273873308081 0.294455303914072 0.298261645797799 0.33510643815813 0.372921848411011 0.41103260461861 0.469124011554843 0.539935070547738 0.6035737874347 0.651757878365636 0.654516109503381 0.664593052679909 0.680302345109925 0.715344655459144 0.73732529564769 0.697275932712158 0.657193993495376 0.617081885763263 0.644572831449078 0.682671341674581 0.706964584535271 0.715330504279739 0.705969881594331 0.706947792939891 -9999 -9999 -9999 -9999 -9999 -9999 -9999 -9999 -9999 -9999 -9999 -9999 -9999 -9999 -9999 -9999 -9999 -9999 -9999 -9999 -9999 -9999
0.347464586507038 0.348574211112569 0.356918036667003 0.365318885444507 0.340611882588179 0.319734723333474 0.304979693466059 0.29312587704116 0.282698891563101 0.281662075687912 0.28106344245761 0.281319527313593 0.281419890128712 0.281438934078393 0.305535500795763 0.339937605374365 0.39771548840731 0.473913009759733 0.561836445028343 0.625806366205364 0.680386690163217 0.711928387661407 0.717562547518391 0.703258732015789 0.718368819326403 0.728590492004989 0.70394190396264 0.671697566936246 0.632418895084662 0.663532088014389 0.703287407901396 0.715591690383178 0.720969057468655 0.718637014831937 0.714432366000862 -9999 -9999 -9999 -9999 -9999 -9999 -9999 -9999 -9999 -9999 -9999 -9999 -9999 -9999 -9999 -9999 -9999 -9999 -9999 -9999 -9999 -9999
0.361878036575437 0.369868443186465 0.370936735883653 0.368131312563457 0.343656224940213 0.321178331964978 0.301893019501786 0.284240609291917 0.267410055780887 0.256745296576296 0.245291530409857 0.232298729029757 0.24049471325585 0.259755592316123 0.302520281395577 0.353911760965814 0.42466372013208 0.502287406462717 0.584285623920802 0.642822364590608 0.691576545987474 0.71598012072275 0.717466243009159 0.701315505762333 0.713769320781257 0.727116226030081 0.728977561375951 0.708849610144489 0.66835763626339 0.686274464729982 0.712271307404988 0.720436964789075 0.724005345825367 0.722457122291863 0.722134001873981 -9999 -9999 -9999 -9999 -9999 -9999 -9999 -9999 -9999 -9999 -9999 -9999 -9999 -9999 -9999 -9999 -9999 -9999 -9999 -9999 -9999 -9999
0.376122864994647 0.395931931137666 0.388281921584081 0.371049696759612 0.34865677160168 0.324893062477728 0.298938110662186 0.275928930347662 0.254114848833229 0.229945142080743 0.202709708448316 0.169494274826239 0.189004364804977 0.236047999393727 0.309019557860557 0.384759524873886 0.465573436969413 0.538494371096031 0.606390647376469 0.656950843665732 0.695001266864887 0.698964955071572 0.697407162371063 0.69160013719618 0.708108173927516 0.729875514566765 0.760801516471914 0.754029870975329 0.712346872496594 0.711514985313652 0.718461684558086 0.72451380157241 0.729335823832563 0.732788794514277 -9999 -9999 -9999 -9999 -9999 -9999 -9999 -9999 -9999 -9999 -9999 -9999 -9999 -9999 -9999 -9999 -9999 -9999 -9999 -9999 -9999 -9999 -9999
0.400247992659807 0.414679209706497 0.401917984580419 0.378878045003687 0.339698476059904 0.307746283061911 0.28734728525235 0.268908697191613 0.251080372406271 0.22300875328887 0.184856041607515 0.127039173336562 0.147656980777891 0.209233786730949 0.291332412732902 0.374148077831859 0.457422618829591 0.53676279976333 0.613598373026415 0.648694904510469 0.673891275675154 0.678632142588921 0.700365220017614 0.735175197275361 0.753878170200602 0.769508697388378 0.781402516522131 0.776281155147369 0.755402232923851 0.763754798698019 0.771856099457756 0.747661862361096 0.734521665545374 0.733684221215537 -9999 -9999 -9999 -9999 -9999 -9999 -9999 -9999 -9999 -9999 -9999 -9999 -9999 -9999 -9999 -9999 -9999 -9999 -9999 -9999 -9999 -9999 -9999
0.418227083518603 0.427861379308912 0.411356151743005 0.384593685910331 0.337056892661573 0.30169106308316 0.285780914234448 0.2711012519275 0.256561012379179 0.224171355254703 0.17879554048249 0.108088955670988 0.122563043360048 0.181518924420408 0.277513293312264 0.370938419756335 0.455869352649316 0.536855626081528 0.615330735262664 0.649096703503231 0.67269321201025 0.675704766040494 0.709118530152815 0.765929288757167 0.784057541415269 0.793989077757642 0.791698351228312 0.785581953254139 0.775922645432533 0.787881116073374 0.796199462090357 0.761837186172472 0.745345855132025 0.748744248204051 -9999 -9999 -9999 -9999 -9999 -9999 -9999 -9999 -9999 -9999 -9999 -9999 -9999 -9999 -9999 -9999 -9999 -9999 -9999 -9999 -9999 -9999 -9999
0.425000486161589 0.43089703044269 0.413140555454847 0.386457358392379 0.345932179249309 0.315858396400904 0.302491509982077 0.29009091217511 0.27756673664697 0.240100345407411 0.194236787923558 0.131993736759909 0.127103008385966 0.15216196339447 0.270746505572867 0.381223985027343 0.466344994296238 0.540274763631131 0.6070802065376 0.665283620190123 0.707799332431592 0.7045116427164 0.728437965185362 0.773307702342263 0.785811491663795 0.790842291999132 0.78320541627758 0.771270932287454 0.755356483244221 0.760749837560711 0.767575840583033 0.759653074435702 0.75378421461166 0.750201279253462 -9999 -9999 -9999 -9999 -9999 -9999 -9999 -9999 -9999 -9999 -9999 -9999 -9999 -9999 -9999 -9999 -9999 -9999 -9999 -9999 -9999 -9999 -9999
0.426146269264622 0.429363906769055 0.41215274553209 0.387815602099953 0.359679870175729 0.338695668213553 0.329143419171384 0.316600019877508 0.302437121503546 0.271634778936402 0.239873367553824 0.206241198686653 0.188157901435474 0.178194306389921 0.287284572210095 0.391514811974057 0.476642221790395 0.552310622426087 0.621957432112983 0.686054376138453 0.731648380931486 0.722149807712691 0.730249413245612 0.751892260872187 0.760879615226701 0.765597515147561 0.760011348187267 0.754745822147983 0.749777237937844 0.749578082460054 0.751036414703917 0.756467818242456 0.759328708179388 -9999 -9999 -9999 -9999 -9999 -9999 -9999 -9999 -9999 -9999 -9999 -9999 -9999 -9999 -9999 -9999 -9999 -9999 -9999 -9999 -9999 -9999 -9999 -9999
0.424548109266208 0.4256031168458 0.409813245711964 0.388927406298043 0.37580327256908 0.365760272338587 0.360642564078021 0.346775497671874 0.32919185704992 0.310778193206425 0.300232739453222 0.305034998689837 0.276768627955625 0.231233645431283 0.315185737212977 0.401808204435135 0.486852457212647 0.56854786559865 0.6481114047062 0.709060143538832 0.750008649562368 0.734342275972065 0.723524228768465 0.71643736641817 0.722936128903659 0.729578088413361 0.729649227499329 0.737141155249475 0.751505389106689 0.746187952228997 0.740389061839892 0.752794418988829 -9999 -9999 -9999 -9999 -9999 -9999 -9999 -9999 -9999 -9999 -9999 -9999 -9999 -9999 -9999 -9999 -9999 -9999 -9999 -9999 -9999 -9999 -9999 -9999 -9999
