layers/veg/veg_600.asc
NCOLS 255 
NROWS 330 
XLLCORNER -2985163.8955 
YLLCORNER -3022031.214 
CELLSIZE 25000 
NODATA_value -9999 
[rows 200 to 224 of 330, columns 57 to 113 of 255]
-9999 -9999 -9999 -9999 -9999 -9999 -9999 -9999 -9999 -9999 -9999 -9999 -9999 -9999 -9999 -9999 -9999 -9999 -9999 -9999 0.173072843347299 0.172796247707303 0.136062681568976 0.0794022075922811 0.047329612008788 0.0212664812903786 0.00816640594041692 0.0237445352349875 0.0583884090218453 0.0747265124844762 0.089593097360217 0.104938736002554 0.111366018394308 0.110635263624163 0.126356633656334 0.144026251651201 0.159787538401807 0.165085429599345 0.160283093215379 0.143738134158085 0.12531512381114 0.110320198170154 0.105179330895255 0.111471508632332 0.115737471262403 0.119463805952391 0.123451836529905 0.125453719581941 0.124678736894616 0.124571154577865 0.124402519744931 0.118849155330142 0.114970269563662 0.113929404059197 0.109854115444147 0.104455504367842 0.105419687541834
-9999 -9999 -9999 -9999 -9999 -9999 -9999 -9999 -9999 -9999 -9999 -9999 -9999 -9999 -9999 -9999 -9999 -9999 -9999 -9999 0.165841434939351 0.166708814819163 0.131412419919101 0.0763493741625463 0.0422131345100904 0.0153963317636648 0.00520828118879212 0.0250553867829249 0.0648703606729339 0.0849395998413032 0.100967513870469 0.109599369261521 0.112201563503896 0.109964240534446 0.120372316239346 0.13374438208231 0.151869239158556 0.160864317945979 0.161046498662399 0.143112784085585 0.122814568384131 0.110949957583503 0.103664179426253 0.101690933199421 0.107070201783519 0.114212138638943 0.118624762626016 0.120846125952633 0.120003851469885 0.11957137415656 0.119038552581724 0.114077361641518 0.111221024569514 0.111932136943682 0.108785466409415 0.103916152553957 0.101531257475645
-9999 -9999 -9999 -9999 -9999 -9999 -9999 -9999 -9999 -9999 -9999 -9999 -9999 -9999 -9999 -9999 -9999 -9999 -9999 -9999 0.164255376743444 0.160295422008264 0.120319324470521 0.0606572698027696 0.0251820548456368 0.000311757137404092 0.000105461408544428 0.0242204617888588 0.064504661848386 0.0946732277369154 0.116874712343211 0.116273949891425 0.115643926455228 0.114990417613435 0.119547040660472 0.126518986616778 0.140513376336685 0.148568282972592 0.150889856622983 0.13684141119547 0.121563057699456 0.119257030338824 0.108355201686958 0.0874802046789056 0.0945079293259033 0.108346882857132 0.112938131568898 0.115876186153145 0.116502882656315 0.114442831148299 0.111420147806467 0.108503753620077 0.107684737483746 0.110420500268713 0.108755928698684 0.105071382319875 0.0965533513727209
-9999 -9999 -9999 -9999 -9999 -9999 -9999 -9999 -9999 -9999 -9999 -9999 -9999 -9999 -9999 -9999 -9999 -9999 -9999 0.210182449543012 0.202328151359258 0.178422770335569 0.139231514514143 0.0916851975299357 0.0513251508544227 0.021433983920998 0.0174444982056232 0.0335083760464479 0.0629040614572538 0.0896851069826936 0.111068508815354 0.115793994445098 0.11850455548197 0.119597900889756 0.116342137293618 0.115669423701875 0.128640099647729 0.13431077535411 0.132934822326087 0.135582281396182 0.136443861949716 0.121792699590468 0.110578430966842 0.103351774281458 0.103859229268051 0.106573170122909 0.109623948067434 0.11163928532273 0.112206955806966 0.111451501033811 0.110123994235883 0.107099622953381 0.105280651501117 0.105504673637036 0.103048194413128 0.0993742611996562 0.094570509470352
-9999 -9999 -9999 -9999 -9999 -9999 -9999 -9999 -9999 -9999 -9999 -9999 -9999 -9999 -9999 -9999 -9999 -9999 0.203293067518067 0.205951551680633 0.202012399748089 0.184590285871292 0.152521962430535 0.112448210558037 0.070236716251722 0.0383970048469843 0.0330807106549809 0.0422417557725994 0.0610275753705835 0.08438309430543 0.104768327626982 0.114272219274982 0.117630776262882 0.116056974345919 0.111654141149182 0.109693139247171 0.119836890981622 0.122534389340265 0.118044082044065 0.133059619245596 0.146180486195298 0.124012180496493 0.111985342712001 0.111725013186774 0.108901236664607 0.105751212117215 0.106177603483377 0.106917939813458 0.108097207795479 0.10841056671508 0.108222802178586 0.104661989474312 0.10203649369919 0.100996236648383 0.0985685944007548 0.0955290476656013 0.0944432886061222
-9999 -9999 -9999 -9999 -9999 -9999 -9999 -9999 -9999 -9999 -9999 -9999 -9999 -9999 -9999 -9999 -9999 -9999 0.203241570498815 0.20100977668982 0.19565005482871 0.183898083640258 0.151032402470009 0.106626240914739 0.0699077823543886 0.0437266407982531 0.043574190126781 0.0491600264731401 0.0585607708816131 0.0790734906925477 0.098383670899642 0.110645467008121 0.107961870428817 0.0932828261176139 0.103580366775464 0.115412779905128 0.118313831230227 0.116718523910122 0.110782919468085 0.127301382092996 0.142957334957334 0.125772327402038 0.111586414103082 0.10088016150371 0.102667959510225 0.10697415299504 0.102300667694617 0.101015333106182 0.104467028124673 0.105145847277399 0.104576683565235 0.0995743493264286 0.0967508490429364 0.0976201846872059 0.097274134657042 0.0964014556370644 0.0985514139025333
-9999 -9999 -9999 -9999 -9999 -9999 -9999 -9999 -9999 -9999 -9999 -9999 -9999 -9999 -9999 -9999 -9999 -9999 -9999 0.19634769521572 0.192816959069447 0.182070792970821 0.137140459103736 0.0735255019302649 0.0468576334794778 0.0310352962355765 0.0392995282992946 0.0474845980105971 0.0556170392814768 0.0745484672792036 0.093114106313928 0.107418675869103 0.1009705672525 0.0778659765007721 0.0963486283571112 0.11652258741371 0.118159757524303 0.116606332006961 0.11197305140823 0.123893043277767 0.136090838642639 0.129470478148803 0.11823474639043 0.101644089234413 0.100551356115493 0.102645004088776 0.0941690855280521 0.0926838765339005 0.100972494327652 0.101850161589635 0.0999027643303857 0.0952174345128979 0.0928546058585747 0.0944281100839025 0.0944562289765258 0.0938085042956191 0.0961372859647199
-9999 -9999 -9999 -9999 -9999 -9999 -9999 -9999 -9999 -9999 -9999 -9999 -9999 -9999 -9999 -9999 -9999 -9999 -9999 -9999 0.192189619580505 0.179534079892599 0.115497112047043 0.0233757211266714 0.00960688268264712 0.00708096372204619 0.025794880490654 0.0404381671182932 0.052375231541569 0.0705138010540844 0.0885414665900722 0.10444185766359 0.0956527471837223 0.0670473875361526 0.0896431565762549 0.11475128114623 0.118861290610867 0.120058896536463 0.11844518386053 0.121953374640562 0.126947276900329 0.134379867867579 0.129287567906305 0.109663423659562 0.101007645295428 0.0948458375388086 0.0833783788565091 0.0828344056258942 0.0975627382618329 0.0985351222101388 0.0945864768289015 0.0913172179700209 0.0898267289667524 0.0913510200544603 0.0906861801417169 0.0890497273956555 0.0896467949492903
-9999 -9999 -9999 -9999 -9999 -9999 -9999 -9999 -9999 -9999 -9999 -9999 -9999 -9999 -9999 -9999 -9999 -9999 -9999 -9999 0.182429640927854 0.182914659412454 0.131731334911484 0.0523067634072356 0.0211100635164801 0.00244151100377601 0.0110797613181424 0.0274162649957892 0.04887069475983 0.0675166873849576 0.0848429747262174 0.098715458227743 0.098508641631192 0.0870015191841134 0.0998637313723504 0.113578708435719 0.115844909751144 0.117320407417586 0.118032645512721 0.119435927668491 0.121842340699881 0.129315220733021 0.128768514354164 0.118917185552801 0.107120477044291 0.0954259797770138 0.0896303048089504 0.084068941500147 0.0788351732015762 0.0834445005299711 0.090949339278665 0.0867981342736031 0.0851487526072851 0.0877396312360179 0.0871608262015584 0.0851677948677008 0.0853768989341112
-9999 -9999 -9999 -9999 -9999 -9999 -9999 -9999 -9999 -9999 -9999 -9999 -9999 -9999 -9999 -9999 -9999 -9999 -9999 -9999 0.187087165691047 0.188345542671648 0.147722563670264 0.0842077779885336 0.0349559530899056 0 0 0.0175009258102616 0.0466367563857538 0.0671864741160491 0.084830138249605 0.0955537470610293 0.101421272684816 0.103391216406545 0.107061073952404 0.110501346206604 0.11191704301978 0.114001630388678 0.116731892176139 0.116747882158302 0.117174081940372 0.123375851328991 0.12616850476188 0.12500577506988 0.111197658894097 0.0954815264489268 0.0946887100860128 0.0861667140825808 0.0668384240542572 0.0722435933935306 0.085639554487152 0.0825103239753385 0.0817463114150018 0.0849910310514894 0.0839947174226887 0.0811076633746726 0.0813749365312186
-9999 -9999 -9999 -9999 -9999 -9999 -9999 -9999 -9999 -9999 -9999 -9999 -9999 -9999 -9999 -9999 -9999 -9999 -9999 -9999 0.18638586251374 0.185509749655216 0.154946321150325 0.108156190460162 0.0454223608296517 0 0 0.0181030349320237 0.0482412667261605 0.0745754492264617 0.0956040913371676 0.100611206079974 0.102766959913755 0.102634158909029 0.101663474651279 0.101626150359077 0.106065198056968 0.110270093552312 0.114248963899084 0.113674656688034 0.112948156725321 0.116950564565686 0.119830875549099 0.121409288025651 0.10801330011898 0.0921958040740979 0.0925745826703665 0.0884804863783298 0.0781327896490363 0.0751233971172737 0.074993590414255 0.0790424582742361 0.0824916519438479 0.0849244770233953 0.0818461386510243 0.0763308066344134 0.0776990417519604
-9999 -9999 -9999 -9999 -9999 -9999 -9999 -9999 -9999 -9999 -9999 -9999 -9999 -9999 -9999 -9999 -9999 -9999 -9999 -9999 0.188138014912663 0.187219460360358 0.165987009188578 0.133651245255444 0.0565141455745762 0 0 0.0158203132670379 0.0421582323004044 0.0751660092934665 0.102099306844333 0.107542865323348 0.107946082786338 0.104303829616889 0.100637835639514 0.0982641733532809 0.101385973381672 0.105261672072105 0.109865102790005 0.106986850253565 0.103625125258674 0.106656349041922 0.109796103217057 0.113061778389362 0.103584141183666 0.0923040403893053 0.0971583410790392 0.0963262237066266 0.0875438310933745 0.0779725290993536 0.0690617559261157 0.0770187264055495 0.0820725747971625 0.082206014489234 0.079809463722458 0.076309793501261 0.0781455677365635
-9999 -9999 -9999 -9999 -9999 -9999 -9999 -9999 -9999 -9999 -9999 -9999 -9999 -9999 -9999 -9999 -9999 -9999 -9999 -9999 0.189249539520132 0.191714026792456 0.179913379851442 0.160315595329175 0.0680787289544673 0 0 0.0113565967033107 0.0302632466171021 0.0706168195362141 0.105359703561167 0.115891460751498 0.116023366487572 0.107808159695713 0.102917493816201 0.0990703098551115 0.0975932751802962 0.0992878979939965 0.104044095062643 0.09756634189418 0.0904485704643691 0.0934371391202481 0.0969662101728888 0.101122392208809 0.098213886218798 0.0949781833855949 0.106805847033079 0.10835424707105 0.0955310384661767 0.080798472576787 0.0666939060652871 0.0760867911635721 0.0807731725298479 0.0774826513729552 0.0778573905362426 0.0798843017047361 0.0817087335940319
-9999 -9999 -9999 -9999 -9999 -9999 -9999 -9999 -9999 -9999 -9999 -9999 -9999 -9999 -9999 -9999 -9999 -9999 -9999 -9999 0.202992264877756 0.203309978586876 0.18546263600905 0.157686508961178 0.0737908030859532 0.0100920329676727 0.00288000305820232 0.00512705979470315 0.0136626736901291 0.0655100157362755 0.109309570103192 0.114800473033209 0.114832269104348 0.110482485356439 0.105737292603403 0.101200164258766 0.0977898838019961 0.096245004961852 0.0965007825876965 0.0900109302667418 0.0837572705307016 0.0872343764153187 0.090702364165205 0.0941597727160518 0.0960684356392967 0.0986448575021242 0.111256129739205 0.112298252011149 0.0971653541702243 0.0836846593160829 0.0713461378712362 0.0687638432248375 0.0690210959370905 0.0740910065754035 0.0768226791168665 0.0784982508509443 0.0800099712613946
-9999 -9999 -9999 -9999 -9999 -9999 -9999 -9999 -9999 -9999 -9999 -9999 -9999 -9999 -9999 -9999 -9999 -9999 -9999 -9999 0.21368963535796 0.213089309627521 0.190275124518865 0.155319131615608 0.0772893755326257 0.0167892241853888 0.00479120680180602 0 0 0.0619808159019443 0.113616974361931 0.11421104653907 0.113735617486368 0.112401787027308 0.108460283015488 0.104283886885121 0.100723400807565 0.0963274147595369 0.0911249276284412 0.0843779250500902 0.0789653932079981 0.0833377769366172 0.086938063862755 0.0896425353625553 0.094978985219803 0.101648282731708 0.113730643783724 0.114820483293155 0.100541496434336 0.0882045766221902 0.0765117838734888 0.0638193898606531 0.0600894941692254 0.0715498499988372 0.0757011045713486 0.0765581240327698 0.0778821076589134
-9999 -9999 -9999 -9999 -9999 -9999 -9999 -9999 -9999 -9999 -9999 -9999 -9999 -9999 -9999 -9999 -9999 -9999 -9999 -9999 0.214000025929085 0.214344406484975 0.196344557644567 0.168317990633415 0.0750992718244312 0.00541787176554188 0.00154611933033616 0 0 0.0648232835736302 0.118968625862749 0.120186114931809 0.117545812403214 0.111809175209016 0.11054436541692 0.110406246957038 0.11228190584955 0.107054855944033 0.094971621070509 0.0852622703636689 0.0783380185550352 0.0849176874080358 0.0896185253559837 0.0921394738097426 0.0963913925129289 0.101601471190978 0.111114360162073 0.115808059483614 0.113763969966378 0.09901035907896 0.0802220675059704 0.0712010664165547 0.0671828741358357 0.0716437823682246 0.0737942181307567 0.0749069553197612 0.0766739861200774
-9999 -9999 -9999 -9999 -9999 -9999 -9999 -9999 -9999 -9999 -9999 -9999 -9999 -9999 -9999 -9999 -9999 -9999 -9999 -9999 0.215994225439329 0.215807419087019 0.200283025849083 0.176375306290964 0.0920806399742232 0.0249768982547483 0.00712775548677895 0.000610974078783048 0.00162813382441219 0.0667649835820083 0.120427264664181 0.118793845037484 0.116177278944037 0.112771621369282 0.11174148960223 0.111871800018342 0.115454979047912 0.112646050220207 0.103666873526352 0.091087132137715 0.0804229893948912 0.0855146157506879 0.0899421785347311 0.0935992700647373 0.0979611334870028 0.102742756743663 0.109546150784192 0.115092684514564 0.118881981035883 0.10795069063969 0.092050601565511 0.0821848871719564 0.0763488257368045 0.0773424941142012 0.0744433860187248 0.069848609166633 0.0736928335178343
-9999 -9999 -9999 -9999 -9999 -9999 -9999 -9999 -9999 -9999 -9999 -9999 -9999 -9999 -9999 -9999 -9999 -9999 -9999 -9999 0.216187577037029 0.216589256569316 0.202282242823899 0.179935647858176 0.126508705629979 0.0726836313242549 0.0207420131469682 0.00177795554267837 0.00473792531935498 0.0678869540953693 0.118343128270459 0.110697044397129 0.110095924888124 0.115149223671817 0.112131451363508 0.109099498841868 0.110997021414825 0.113563083493553 0.116774481125284 0.101408033488039 0.0849762877421712 0.0852169966125104 0.0881210552431645 0.0941152313219867 0.0996740535116646 0.104965251436161 0.108931724946268 0.112827565531729 0.116624653055797 0.115193397848126 0.111267022195667 0.0964467828027289 0.0874008886719444 0.0881417474928372 0.0774186510895035 0.0616896145819581 0.0690981617835662
-9999 -9999 -9999 -9999 -9999 -9999 -9999 -9999 -9999 -9999 -9999 -9999 -9999 -9999 -9999 -9999 -9999 -9999 -9999 -9999 0.219325528403886 0.219326547867683 0.201787659600704 0.174661684966783 0.112153992084509 0.0559786806432445 0.0191698850929401 0.00385498219440961 0.00282957442023683 0.0618633744557718 0.108935951754926 0.100302382476781 0.104202215752097 0.118161589005627 0.116795427991837 0.114309753112848 0.116550606098288 0.117784800176841 0.118047274892883 0.104948643935925 0.0911322507185022 0.0895922463624981 0.0909351323602287 0.0956228549678446 0.100277001988366 0.10476197612834 0.107792478053308 0.110719479260676 0.113501774401141 0.115041192151561 0.115599930737185 0.106651108253531 0.098217811475274 0.0906582627134395 0.0788186752098024 0.0651731035888431 0.0689344936791876
-9999 -9999 -9999 -9999 -9999 -9999 -9999 -9999 -9999 -9999 -9999 -9999 -9999 -9999 -9999 -9999 -9999 -9999 -9999 -9999 0.228334231861767 0.22366579015873 0.202270080458214 0.171731462742654 0.0956401115667808 0.0345179346263457 0.0156301469277397 0.00595915408737554 0.00241563882042241 0.0548637086974316 0.0970911215526149 0.0903853752788516 0.0993295797077103 0.120834723121701 0.121970675649841 0.120915019264714 0.12315716681931 0.122125862279381 0.117934722008866 0.107953854727082 0.0979656633248489 0.0950896184756978 0.0945896651716442 0.0968465416506538 0.0998795796224105 0.103119952414392 0.106265770896249 0.108851348475252 0.110653643972251 0.113391185900489 0.116211095311825 0.114482761525521 0.107969031010573 0.093344684757775 0.0815870162057892 0.0711847593635334 0.0694264433372146
-9999 -9999 -9999 -9999 -9999 -9999 -9999 -9999 -9999 -9999 -9999 -9999 -9999 -9999 -9999 -9999 -9999 -9999 -9999 0.229868084560153 0.228644527918624 0.22492050483782 0.210368702135992 0.18989857534818 0.116110230351327 0.0518599691420704 0.0167826373074083 0.00730423046481775 0.0148444121017232 0.0498071020153947 0.0796694579663652 0.0852610544981922 0.0996473666570711 0.121092479733737 0.125601637833427 0.126953430053131 0.12538478649934 0.123819763638783 0.122258235802905 0.114860498199573 0.106777611742858 0.101863775450425 0.0980752162012967 0.0955922452295132 0.0953149418390447 0.0963066619067819 0.10321910634492 0.108091043343983 0.110110113108464 0.111184340510536 0.111977969728634 0.113843037917116 0.112341906125523 0.105135509737638 0.0931215314382011 0.0789684525000109 0.0689785531206372
-9999 -9999 -9999 -9999 -9999 -9999 -9999 -9999 -9999 -9999 -9999 -9999 -9999 -9999 -9999 -9999 -9999 -9999 0.237415032751481 0.235471152445762 0.23255856641848 0.227666328559732 0.215343743205767 0.198959826158018 0.118665826658341 0.0494052163659874 0.0140989605048826 0.00608039351639528 0.0162031331500973 0.0463929684556833 0.0730050086145347 0.0823544885618696 0.0979151303778901 0.118460965230095 0.124370719996578 0.127024313010103 0.124916671745586 0.123968473853317 0.124139476880881 0.119768997991428 0.114455054350187 0.10918545155379 0.10367660001479 0.0978901631863982 0.09507706582597 0.0939340808062595 0.100402964393462 0.105600744425953 0.109021373533358 0.10958527451385 0.109290430138767 0.112050188593155 0.113094873493704 0.111232735126274 0.1021754846955 0.0898600343707732 0.0758681862253166
-9999 -9999 -9999 -9999 -9999 -9999 -9999 -9999 -9999 -9999 -9999 -9999 -9999 -9999 -9999 -9999 -9999 -9999 0.237471369058091 0.240877316824287 0.24041387216277 0.232042917887485 0.216902650594959 0.198062364491771 0.101629034841851 0.0252995186257835 0.00721982292831389 0.00204704004309159 0.00545498614396551 0.0447751412689373 0.0781052890607076 0.0818733913327103 0.0939408666706175 0.11266957185369 0.117822560771367 0.120568752320132 0.121500341354444 0.122427271056033 0.123349703142996 0.122492208916853 0.120891733872757 0.1171059271667 0.11159198450329 0.104072994228712 0.0995711940305797 0.0964181238416284 0.0978389356788235 0.10121842132676 0.107336361258611 0.108650912239036 0.108293235390488 0.108996212348134 0.109888894279028 0.111103101096745 0.108516547724117 0.104150588354978 0.0907825715920574
-9999 -9999 -9999 -9999 -9999 -9999 -9999 -9999 -9999 -9999 -9999 -9999 -9999 -9999 -9999 -9999 -9999 -9999 0.247804442724323 0.247714640905252 0.243759216764658 0.231903987618062 0.21264601383109 0.189341795713242 0.096231129653877 0.0229621805013203 0.00655280757391803 0.00997961710471226 0.0265938486215781 0.0566361290885734 0.0806417308927126 0.0813509419284936 0.0901437993042151 0.10542474027731 0.112969737855408 0.118422925868109 0.119787172780692 0.121191430871138 0.122634311414513 0.12291847246586 0.122785153092252 0.121619882342652 0.118117294813468 0.111902865426296 0.106070007352344 0.100768537701294 0.0993305643036711 0.100078977363624 0.103884213529195 0.105944811544368 0.107315721496299 0.107602429379588 0.108123906406137 0.109043286138783 0.108379982046896 0.106924057454273 0.0945268723821406
-9999 -9999 -9999 -9999 -9999 -9999 -9999 -9999 -9999 -9999 -9999 -9999 -9999 -9999 -9999 -9999 -9999 -9999 0.263749092370689 0.256955502468311 0.247586917181334 0.232956058516945 0.208595692219382 0.178917303078209 0.0938512486479317 0.0263743355413643 0.00869723368365973 0.0210727740234433 0.0534278076598787 0.0703970937397248 0.0818884522169017 0.0801074267279521 0.0853925243002141 0.0963490225254153 0.107852947485249 0.117474898242789 0.118776962029488 0.120324772731119 0.122109800859508 0.122838319125361 0.123467176994251 0.124813549208354 0.1235009086922 0.119103182711455 0.112204047402899 0.105033022625341 0.101774880353877 0.100139910609941 0.100774325251074 0.103375840362641 0.106521405795152 0.106719833378412 0.106814217663526 0.106732262292974 0.106633990221219 0.10645420693713 0.0959491977186489
