layers/veg/veg_1700.asc
NCOLS 255 
NROWS 330 
XLLCORNER -2985163.8955 
YLLCORNER -3022031.214 
CELLSIZE 25000 
NODATA_value -9999 
[rows 250 to 274 of 330, columns 56 to 111 of 255]
-9999 -9999 -9999 -9999 -9999 -9999 -9999 -9999 -9999 -9999 -9999 -9999 -9999 -9999 -9999 -9999 0.565514131578555 0.541216115913212 0.53542174302318 0.528983029860289 0.520423355223735 0.502115399913699 0.477863677467279 0.450016174968654 0.418720247183971 0.378140666703588 0.352351736148898 0.337481341877924 0.333345300280301 0.330311304735677 0.32660692173338 0.327405874815549 0.332208178166339 0.335070099442248 0.337971745120941 0.342836208822409 0.320561704445714 0.269292404079161 0.233026923597294 0.202372801819933 0.185681386291921 0.170464909255025 0.157144385880262 0.143386812201976 0.130645945437965 0.132480620532243 -9999 -9999 -9999 0.099980247620893 0.101560012697179 0.101438242365948 0.0980962200342046 0.0969724389365652 -9999 -9999
-9999 -9999 -9999 -9999 -9999 -9999 -9999 -9999 -9999 -9999 -9999 -9999 -9999 -9999 -9999 -9999 0.586591215374745 0.593886277148285 0.575996722187135 0.560422264598541 0.551039612103694 0.540955186592081 0.530442872765187 0.506117692236639 0.47332828885181 0.418683122301287 0.388044437322933 0.375127464467234 0.378616011031898 0.379231521979019 0.3618179807126 0.355449028043302 0.358898431343399 0.36204714615389 0.36525039653422 0.369001859001567 0.362003676131259 0.343520761320114 0.310307720514582 0.275239481727613 0.253379006290884 0.227984319452322 0.198046594995301 0.172242927771633 0.148878109170236 0.13937696011943 0.133596776033631 -9999 -9999 0.099980247620893 0.101560012697179 0.101438242365948 0.0980962200342046 -9999 -9999 -9999
-9999 -9999 -9999 -9999 -9999 -9999 -9999 -9999 -9999 -9999 -9999 -9999 -9999 -9999 -9999 -9999 0.648031535616128 0.639274953218115 0.60975769394001 0.586336715795709 0.577644355754757 0.573618271567797 0.572437330847593 0.557624745861719 0.529839454562192 0.467149318033814 0.430189554411177 0.412224088644029 0.419901665809297 0.424281280184626 0.404930804778558 0.398673624878125 0.404056048839469 0.40825718213699 0.412217068516595 0.416032964449632 0.418993191312412 0.421039236395859 0.380617248777831 0.332184112200047 0.302216753226421 0.26939753652629 0.232912410954016 0.201396428539553 0.172370856598087 0.154457944493361 0.146244048470141 0.153096700756153 -9999 -9999 -9999 -9999 -9999 -9999 -9999 -9999
-9999 -9999 -9999 -9999 -9999 -9999 -9999 -9999 -9999 -9999 -9999 -9999 -9999 -9999 -9999 -9999 0.660982835440746 0.671639347484541 0.632857301408878 0.603606954216413 0.597972586733729 0.596617136510721 0.59787064766657 0.601943188199558 0.589328295151855 0.528013193277497 0.482430280797034 0.448460954033394 0.45495220358873 0.46327522258931 0.460406925652703 0.465651483323566 0.478108160645933 0.484559628140073 0.489988103725349 0.495710676535042 0.500308777031527 0.503705511093454 0.440019357932387 0.364216710892016 0.321545876976082 0.28561060605754 0.25833353709681 0.231015225533332 0.204094443199065 0.182344826240517 0.165847062263245 0.157507579083781 -9999 -9999 -9999 -9999 -9999 -9999 -9999 -9999
-9999 -9999 -9999 -9999 -9999 -9999 -9999 -9999 -9999 -9999 -9999 -9999 -9999 -9999 -9999 -9999 -9999 0.681333559236815 0.645022669389037 0.616234933129105 0.605993004562913 0.607431025727851 0.615990600291978 0.610508025631422 0.590657326979721 0.531950090030244 0.498448343895906 0.483553424871708 0.488476561958956 0.495156864140224 0.49956419604021 0.506961791756219 0.517017655304473 0.521659340406106 0.525883840217683 0.532921540823426 0.537979412569246 0.540922069995827 0.49993642509636 0.443764675946635 0.355868467431452 0.297603122509306 0.27742665022812 0.253002113377517 0.227381336856598 0.204000372142001 0.190353761552355 0.191828593741053 -9999 -9999 -9999 -9999 -9999 -9999 -9999 -9999
-9999 -9999 -9999 -9999 -9999 -9999 -9999 -9999 -9999 -9999 -9999 -9999 -9999 -9999 -9999 -9999 -9999 -9999 0.637970130413737 0.632069483677658 -9999 0.639875220792107 0.632603947450969 0.605400808636982 0.570132893033488 0.515304847889989 0.501885205227737 0.519033465072384 0.521972629088104 0.524553445784126 0.53212765446589 0.537775934323781 0.541712112857281 0.542901098251512 0.544798916926895 0.55276762738467 0.557586329262797 0.559039617398214 0.558450953929674 0.540198780061865 0.39555353465748 0.307935626646744 0.293623276680904 0.271601433935577 0.247135552137571 0.223297666865077 0.21931987552819 0.246192952175449 0.243492109633438 0.228705736715548 0.214407131059929 -9999 -9999 -9999 -9999 -9999
-9999 -9999 -9999 -9999 -9999 -9999 -9999 -9999 -9999 -9999 -9999 -9999 -9999 -9999 -9999 -9999 -9999 0.646312715771696 0.637970130413737 -9999 -9999 0.645417587656789 0.647067998942252 0.640698166051432 0.629832419159819 0.607485199713986 0.593887867812481 0.586749749340485 0.578016799290359 0.570786865955307 0.569875600288349 0.572060773367435 0.57699860106817 0.575935449894147 0.574749756349557 0.578396546710317 0.574991379051191 0.564052023521446 0.556406511890729 0.534804658440248 0.404383845273542 0.321309504785988 0.299096494317134 0.281233023684157 0.26493007513824 0.250558980056802 0.244651903343223 0.251892917173867 0.243492109633438 0.228705736715548 0.214407131059929 0.205051766910731 -9999 -9999 -9999 -9999
-9999 -9999 -9999 -9999 -9999 -9999 -9999 -9999 -9999 -9999 -9999 -9999 -9999 -9999 -9999 -9999 0.656867129169032 0.652023562543804 0.656723466392101 -9999 -9999 0.675847158188976 0.667381909206226 0.672859180607749 0.677676221198265 0.677984029597135 0.666420035271495 0.646092213159253 0.629387475487857 0.6153363949056 0.609572610453355 0.608756107618757 0.612337611244587 0.611404815904614 0.610374795378938 0.612954630393135 0.607425557272521 0.593233069375331 0.586905990762347 0.56785180645853 0.440693338973086 0.355454960704656 0.324102589986132 0.306026241910959 0.292487315506819 0.282003917790462 0.272566313576392 0.264753255418466 0.248399733435231 0.228705736715548 0.214407131059929 0.205051766910731 -9999 -9999 -9999 -9999
-9999 -9999 -9999 -9999 -9999 -9999 -9999 -9999 -9999 -9999 -9999 -9999 -9999 -9999 -9999 -9999 0.663369046893409 0.668271401105893 0.663514453341625 -9999 -9999 0.686428621732238 0.694996615572593 0.699039325346499 0.702911671544947 0.707137137395511 0.701822812897191 0.689466164526245 0.671846001292375 0.656674816322495 0.652986401795075 0.65004815169584 0.647776778531559 0.651517648715954 0.656820286986924 0.664540243276536 0.6685196316515 0.668502663081014 0.679465315487402 0.674204788608441 0.529404443130873 0.429210914653552 0.386357036986823 0.35973202813568 0.338661634519001 0.321426846095529 0.305405215091502 0.291268114921652 0.262665982999513 0.228705736715548 0.214407131059929 -9999 -9999 -9999 -9999 -9999
-9999 -9999 -9999 -9999 -9999 -9999 -9999 -9999 -9999 -9999 -9999 -9999 -9999 -9999 -9999 -9999 0.731364389517309 0.723421953480234 0.731128812616034 -9999 -9999 0.713422614519863 0.712293570368848 0.716885711955333 0.721727656882045 0.726222520761566 0.725780294260016 0.721693481433149 0.711014094939947 0.701609715218322 0.699899848667612 0.698075995465952 0.696150811055353 0.700285439106395 0.705067313260484 0.70761008212908 0.71075526881664 0.714544068102555 0.728257907936242 0.731507480931786 0.639564345958989 0.543336691282803 0.44160151824497 0.396685593785645 0.370503965695292 0.348776416296617 0.326231892899763 0.302418273946462 0.295504237668797 -9999 -9999 -9999 -9999 -9999 -9999 -9999
-9999 -9999 -9999 -9999 -9999 -9999 -9999 -9999 -9999 -9999 -9999 -9999 -9999 -9999 -9999 -9999 0.760973426371218 0.797412869879804 0.762054239757169 -9999 -9999 0.717341939647982 0.722521929813158 0.730477661804587 0.737266464325586 0.740168266494458 0.743894878770549 0.74823037024587 0.748502401952824 0.74838063884067 0.748599892043678 0.749542508006198 0.751128174907687 0.753471640626977 0.754234034488636 0.746332563941935 0.743363553320467 0.745664296097447 0.754707303985585 0.763769686975947 0.760673997518629 0.678071520264136 0.493267367213391 0.425087043822609 0.395029725531698 0.369962460063603 0.340926253774171 0.305724655230654 -9999 -9999 -9999 -9999 -9999 -9999 -9999 -9999
-9999 -9999 -9999 -9999 -9999 -9999 -9999 -9999 -9999 -9999 -9999 -9999 -9999 -9999 -9999 -9999 0.816216991374271 0.817764733399872 0.816262898230639 -9999 0.93232051477568 0.861852615111195 0.748418699158824 0.709500152851853 0.695815334229839 0.741063093577585 0.768503461579606 0.782798318768818 0.776679746334884 0.767632186664511 0.756750486248911 0.74874937901539 0.743309045233588 0.777125275891553 0.809626857418236 0.799840424019734 0.794121520415097 0.792748294074832 0.799612478152808 0.807273670231026 0.805777442533326 0.718204880585788 0.519985846173867 0.451410508357831 0.423599047310169 0.381006348329567 -9999 -9999 -9999 -9999 -9999 -9999 -9999 -9999 -9999 -9999
-9999 -9999 -9999 -9999 -9999 -9999 -9999 -9999 -9999 -9999 -9999 -9999 -9999 -9999 -9999 -9999 -9999 0.830926842594123 -9999 -9999 0.93232051477568 0.861834885780305 0.748372430486765 0.69617573949797 0.677173883005853 0.742560880594452 0.784130295500176 0.808117444445992 0.798491800228702 0.783902645936524 0.765768651186134 0.750649888739801 0.738211590471135 0.7858996201537 0.832897743789184 0.821803483235015 0.813006467004904 0.80666378619105 0.810539352766134 0.815883267216168 0.813401294601843 0.728574752138771 0.537898718526187 0.470614036044477 0.44315332609926 0.414537603167813 -9999 -9999 -9999 -9999 -9999 -9999 -9999 -9999 -9999 -9999
-9999 -9999 -9999 -9999 -9999 -9999 -9999 -9999 -9999 -9999 -9999 -9999 -9999 -9999 -9999 -9999 -9999 -9999 -9999 -9999 -9999 0.845376493191473 0.705420557454757 0.702528965321528 0.714974462348399 0.746103849740184 0.778296119604159 0.811273014950872 0.805761291373299 0.794472004856826 0.778772733170904 0.761397376928849 0.742532024507924 0.761051951042389 0.780230932166161 0.768777726053458 0.755968513020779 0.741710566053477 0.740571238571667 0.741786385159273 0.736411774876154 0.673391829098794 0.536271922141041 0.473151411095609 0.435114557475132 0.411496928505777 0.397128746048794 -9999 -9999 -9999 -9999 -9999 -9999 -9999 -9999 -9999
-9999 -9999 -9999 -9999 -9999 -9999 -9999 -9999 -9999 -9999 -9999 -9999 -9999 -9999 -9999 -9999 -9999 -9999 -9999 -9999 -9999 0.581004914930901 0.661816861082075 0.709846032633019 0.747602623097455 0.761824955200266 0.786932113377577 0.820074507939593 0.807829044055291 0.7909145053222 0.776799798086795 0.762783373126425 0.748854318587624 0.738909173292717 0.728967134715955 0.715422217566216 0.701855063682413 0.688264152463187 0.680504153169378 0.674902910202678 0.674566074799311 0.640391561043099 0.562720541786781 0.490856516298342 0.424695954490638 0.406675901620543 0.395592790097743 0.395285592445895 -9999 -9999 -9999 -9999 -9999 -9999 -9999 -9999
-9999 -9999 -9999 -9999 -9999 -9999 -9999 -9999 -9999 -9999 -9999 -9999 -9999 -9999 -9999 -9999 -9999 -9999 -9999 -9999 0.530802574076656 0.573160319315499 0.641344626443023 0.717763653234047 0.777007937517449 0.785134050921795 0.804584224535371 0.832393879503361 0.806655681694884 0.778554799800234 0.765494937597136 0.758336382384926 0.756423937719227 0.718451767489998 0.678577531609219 0.66186124663122 0.649563823604868 0.641987434938643 0.626606230939026 0.612513986909493 0.622156231987518 0.621212929208979 0.606662477152543 0.518012376994996 0.412794517065457 0.400745567450283 0.393830080239464 0.394888964723553 -9999 -9999 -9999 -9999 -9999 -9999 -9999 -9999
-9999 -9999 -9999 -9999 -9999 -9999 -9999 -9999 -9999 -9999 -9999 -9999 -9999 -9999 -9999 -9999 -9999 -9999 -9999 -9999 -9999 0.564394756447642 0.618468920852566 0.693989086809762 0.758810061432042 0.788739986329214 0.815679340824093 0.84041104037409 0.798985074144317 0.755870222041662 0.735928459557824 0.736164820677423 0.754339016112065 0.705201870817689 0.653289145612799 0.648513584259356 0.647387045615694 0.650159058631316 0.639170975269549 0.626619276063616 0.62765353131811 0.624607013759003 0.616314883445954 0.524177374480019 0.412800993765476 0.400653927787445 -9999 -9999 -9999 -9999 -9999 -9999 -9999 -9999 -9999 -9999
-9999 -9999 -9999 -9999 -9999 -9999 -9999 -9999 -9999 -9999 -9999 -9999 -9999 -9999 -9999 -9999 -9999 -9999 0.594240685654559 0.590580780181767 0.601966743741189 0.604335341034261 0.601205827730615 0.671900566928033 0.739704314003851 0.785378269539919 0.814988650002817 0.83274081408146 0.7828861332816 0.731660530370134 0.705440062260152 0.712207347804319 0.748299900211893 0.702289035754853 0.652120629867407 0.65555373219222 0.657124842399629 0.656706632990191 0.648558728190038 0.638903572474902 0.632247531976347 0.626320180281694 0.621329518635226 0.527681006623946 0.414356743940103 -9999 -9999 -9999 -9999 -9999 -9999 -9999 -9999 -9999 -9999 -9999
-9999 -9999 -9999 -9999 -9999 -9999 -9999 -9999 -9999 -9999 -9999 -9999 -9999 -9999 -9999 -9999 -9999 0.604296068640815 0.594240685654559 0.590580780181767 0.601966743741189 0.600148691705989 0.59027982572848 0.661438848505415 0.727859601754844 0.765472764103525 0.780716483957301 0.779446962624639 0.743150291394204 0.705086746408959 0.676035944203831 0.68665957068214 0.732552746611831 0.728525197037496 0.717234559953289 0.714648549055901 0.691718465442965 0.647053132490728 0.634627832998173 0.629793109942714 0.622054738267673 0.618328565116409 0.619759856178181 0.527681006623946 -9999 -9999 -9999 -9999 -9999 -9999 -9999 -9999 -9999 -9999 -9999 -9999
-9999 -9999 -9999 -9999 -9999 -9999 -9999 -9999 -9999 -9999 -9999 -9999 -9999 -9999 -9999 -9999 -9999 0.604296068640815 0.591741246056097 0.585879795834845 0.595835302391799 0.593367315811199 0.583324419079422 0.618933429235619 0.656412795695245 0.690767749255157 0.707733332066049 0.71186198908747 0.691902885077977 0.670772279563048 0.65600215352289 0.661558437928312 0.685184379847887 0.678568063426092 0.668242988944473 0.666678227362638 0.64591423016251 0.604638107434603 0.596592840996876 0.597914215926925 0.607607658760823 0.613059722370124 -9999 -9999 -9999 -9999 -9999 -9999 -9999 -9999 -9999 -9999 -9999 -9999 -9999 -9999
-9999 -9999 -9999 -9999 -9999 -9999 -9999 -9999 -9999 -9999 -9999 -9999 -9999 -9999 -9999 -9999 -9999 -9999 0.587357750080892 0.577635249346537 0.585082032541311 0.584630057031077 0.579362013541107 0.552273739963565 0.540038436683294 0.574755328853331 0.60557016727208 0.63350448889958 0.631978159101064 0.630622951591344 0.643031636167148 0.63679398191228 0.613980210715111 0.571177070161286 0.533239658703206 0.538003112023131 0.539506770965518 0.537527722950389 0.540388385197615 0.548872671310769 0.589953734691108 -9999 -9999 -9999 -9999 -9999 -9999 -9999 -9999 -9999 -9999 -9999 -9999 -9999 -9999 -9999
-9999 -9999 -9999 -9999 -9999 -9999 -9999 -9999 -9999 -9999 -9999 -9999 -9999 -9999 -9999 -9999 -9999 0.630137591531256 0.597573319436867 0.576812272585861 0.584303815969197 0.578697207363591 0.565104332466842 0.513074729095592 0.473615708133024 0.477622529222642 0.499673843686986 0.53504569894048 0.545898395952865 0.554512016898903 0.565694925091026 0.56435057832894 0.551869823236369 0.522332630459351 0.497361170386645 0.51091331631602 0.520783844294799 0.526720996432513 0.532741842439496 -9999 -9999 -9999 -9999 -9999 -9999 -9999 -9999 -9999 -9999 -9999 -9999 -9999 -9999 -9999 -9999 -9999
-9999 -9999 -9999 -9999 -9999 -9999 -9999 -9999 -9999 -9999 -9999 -9999 -9999 -9999 -9999 -9999 0.676848643860145 0.637355817203586 0.648725897761138 0.586580210009433 0.587125578166443 0.579104953385931 0.565861431458948 0.49610954009832 0.434544935412132 0.407166540803836 0.416570098118567 0.453126287580983 0.47196788843803 0.48667209874515 0.493830916058519 0.496974159933288 0.496547662020507 0.484618897723846 0.47614390854845 0.495538558638135 0.508203820198976 0.513679521457882 0.498921433249966 -9999 -9999 -9999 -9999 -9999 -9999 -9999 -9999 -9999 -9999 -9999 -9999 -9999 -9999 -9999 -9999 -9999
-9999 -9999 -9999 -9999 -9999 -9999 -9999 -9999 -9999 -9999 -9999 -9999 -9999 -9999 -9999 0.703195985881478 0.689603927729636 0.66923038127998 0.662048269708483 0.586319702814579 0.586005869854145 0.602556478678694 0.629389753566368 0.551412161265637 0.476546365602268 0.430233403188803 0.422992529296295 0.444594878544077 0.457461810748142 0.46808063029199 0.474203002797497 0.472190360872791 0.462945899782561 0.461386527359267 0.463342247663502 0.476049210224856 0.476797134126786 0.46476823154194 0.471498505096945 -9999 -9999 -9999 -9999 -9999 -9999 -9999 -9999 -9999 -9999 -9999 -9999 -9999 -9999 -9999 -9999 -9999
-9999 -9999 -9999 -9999 -9999 -9999 -9999 -9999 -9999 -9999 -9999 -9999 -9999 -9999 0.706694447066878 0.705844717609956 0.699179010620073 0.689611536794033 0.691324786380857 0.62018351710559 0.611780090281679 0.627837593052426 0.658809527846618 0.586208120987919 0.511750242394868 0.451271566129299 0.425969847905608 0.42663594682725 0.439408723432703 0.451508532468153 0.455703529168884 0.450665231660138 0.437418772432953 0.437987726030561 0.441411730844947 0.446689342974199 0.442517705506541 0.428250656027247 0.411166007046214 -9999 -9999 -9999 -9999 -9999 -9999 -9999 -9999 -9999 -9999 -9999 -9999 -9999 -9999 -9999 -9999 -9999
