layers/veg/veg_1400.asc
NCOLS 255 
NROWS 330 
XLLCORNER -2985163.8955 
YLLCORNER -3022031.214 
CELLSIZE 25000 
NODATA_value -9999 
[rows 200 to 224 of 330, columns 57 to 113 of 255]
-9999 -9999 -9999 -9999 -9999 -9999 -9999 -9999 -9999 -9999 -9999 -9999 -9999 -9999 -9999 -9999 -9999 -9999 -9999 -9999 0.195038221187456 0.19623100300063 0.1556559802729 0.0922512166116585 0.0594366668733797 0.0330412113737229 0.0200895935849324 0.0354741584754798 0.0696970860023032 0.0835307874258491 0.0954049684405155 0.106779242059173 0.109182469885363 0.104385370951857 0.117099425275341 0.132529259422364 0.148651167461943 0.161134247180344 0.170104796574576 0.155548548465507 0.137201794601139 0.125559514739902 0.113682280342778 0.101532442954606 0.104556951310258 0.111128021765653 0.111235139901356 0.113318706696017 0.118165579084179 0.123554386564223 0.128545403453655 0.122948083249135 0.117641573495783 0.112827949067458 0.104782977298219 0.0952949465994079 0.0878680869719227
-9999 -9999 -9999 -9999 -9999 -9999 -9999 -9999 -9999 -9999 -9999 -9999 -9999 -9999 -9999 -9999 -9999 -9999 -9999 -9999 0.196111823158955 0.196362826202862 0.156484050229224 0.0946708568554002 0.0555401364123815 0.0246875968437152 0.01273370083849 0.0332278949837743 0.0752941158211224 0.0944055311964024 0.108346768376067 0.11216784845325 0.110785342838006 0.105226343403165 0.110880981855797 0.120642180541138 0.140886944490646 0.154601020510684 0.162011078488311 0.151769057381515 0.138387193479424 0.128289624726453 0.115552513647411 0.0997529073908636 0.101363119588323 0.107277683752338 0.107918419270789 0.110360973672162 0.115322680885869 0.121849538120403 0.128168590177147 0.120706016472298 0.114971023747472 0.112164052726908 0.106657198723119 0.0999026192449402 0.0890205902950898
-9999 -9999 -9999 -9999 -9999 -9999 -9999 -9999 -9999 -9999 -9999 -9999 -9999 -9999 -9999 -9999 -9999 -9999 -9999 -9999 0.195652848441819 0.194506913753458 0.151987031956131 0.0868526865958586 0.0410832930058001 0.00731485738132357 0.00220265491063683 0.0280930534582967 0.0745944936293315 0.105213972800511 0.12610788105057 0.120175003721901 0.116544687442906 0.114762449116619 0.110561887806128 0.110337743179493 0.128472633118166 0.140404586162851 0.146348896478629 0.147229705603336 0.145688377607974 0.136109369018384 0.12183278703334 0.102105905681072 0.101040334115731 0.104867001772047 0.105576062267998 0.108906257806915 0.115901105646676 0.121377112857363 0.12563915132007 0.118005143632534 0.113568760887888 0.114551930304991 0.112785823400014 0.109680112514307 0.0927560896373877
-9999 -9999 -9999 -9999 -9999 -9999 -9999 -9999 -9999 -9999 -9999 -9999 -9999 -9999 -9999 -9999 -9999 -9999 -9999 0.215275867373434 0.211579012500066 0.200327246617285 0.167480531307391 0.122830296365278 0.0742431182648074 0.0358871682402928 0.0238654233877247 0.0388188379303238 0.071705784332458 0.0997861833176582 0.121578653883536 0.12446808351876 0.12266387895295 0.11709247703694 0.110534800594603 0.10699584139337 0.116869002295537 0.121667663983991 0.121567954330108 0.133834943191929 0.145107486206729 0.135227095486084 0.124408088801124 0.11250006496503 0.1045136137823 0.0985997304570174 0.101540172111342 0.106077721853864 0.112848214857288 0.115156067436638 0.115780806182244 0.115079068234483 0.113369546873789 0.109951965665024 0.107966702446876 0.106546543988407 0.093832977231412
-9999 -9999 -9999 -9999 -9999 -9999 -9999 -9999 -9999 -9999 -9999 -9999 -9999 -9999 -9999 -9999 -9999 -9999 0.207472753899745 0.210483830004017 0.209227891414603 0.199251860370684 0.175587823990224 0.144442101196878 0.0970923496630972 0.0588452825889773 0.0452103015211249 0.0510691600134691 0.0698878452744395 0.0941262310683014 0.115272786362175 0.124903534834736 0.123465721751758 0.113144077083992 0.109267619959331 0.107372346403977 0.109894806146273 0.108319305178588 0.102788077259651 0.122448608624612 0.142379471884167 0.132771999410943 0.124586816637415 0.118051827271778 0.106822822645133 0.0958080760096669 0.0987319323405219 0.103189006435753 0.109789697672342 0.109992011466137 0.108170253399969 0.111392663762678 0.111248109690193 0.105396995370904 0.103147529149867 0.102465823326554 0.0938238094269064
-9999 -9999 -9999 -9999 -9999 -9999 -9999 -9999 -9999 -9999 -9999 -9999 -9999 -9999 -9999 -9999 -9999 -9999 0.207414426885315 0.204886632624755 0.200238466951081 0.191257099709671 0.165245202473024 0.129924638141584 0.0932039502839046 0.0662463684972814 0.0641986551756693 0.0661309496945665 0.0707092192145145 0.088727328931239 0.105880374084057 0.116408896024955 0.111685111905279 0.094719545721886 0.10505562751164 0.116187983515758 0.113819202390326 0.107930145404284 0.0986429957855459 0.116249625882525 0.134971008728207 0.127034371698616 0.119287366093966 0.111760377921372 0.106192122691195 0.101421363827819 0.0989089907228015 0.100226598054954 0.106898964448037 0.107612204719171 0.106236532913596 0.105920886869177 0.104524607772814 0.101296798307094 0.0988741510745809 0.0967908723854203 0.0913809456440848
-9999 -9999 -9999 -9999 -9999 -9999 -9999 -9999 -9999 -9999 -9999 -9999 -9999 -9999 -9999 -9999 -9999 -9999 -9999 0.199606224217402 0.195988408567399 0.184977206858038 0.149918886076344 0.101716721497905 0.0746284424971971 0.057812254818464 0.0651014599070492 0.069698290552977 0.0725051861650514 0.0866211959443569 0.101054755529443 0.113285015938237 0.105320635127435 0.0811476629283227 0.100250971809834 0.120458351786814 0.118594291638013 0.113351808446004 0.104848161950942 0.113802006769982 0.124566078988989 0.124438909515264 0.119678386298394 0.10954207374339 0.10480862903049 0.101512986915012 0.0975094672421448 0.0972179163874075 0.102116130595143 0.102613355922812 0.101564397755238 0.101236521034721 0.100094295508799 0.0975718562593862 0.0957071548485494 0.0941271676615726 0.0908717336295859
-9999 -9999 -9999 -9999 -9999 -9999 -9999 -9999 -9999 -9999 -9999 -9999 -9999 -9999 -9999 -9999 -9999 -9999 -9999 -9999 0.194700421143763 0.179769094504663 0.131477794912837 0.0649523662249089 0.0468735937252023 0.0394812511224193 0.0547009218792187 0.0660816805441502 0.0749102669940104 0.086573020860194 0.0990833514079492 0.113517822838558 0.102341203988203 0.0706086518652922 0.0950759056808676 0.12188795852734 0.123901058118377 0.122405195483584 0.117522161172444 0.113698963932082 0.112288378398247 0.123807279014935 0.123625911290031 0.109869457074676 0.10295464451929 0.098153607805886 0.09512459102155 0.0941803142362803 0.0961507469600591 0.0959776239933573 0.095180772401817 0.0970442816560672 0.0970972108882454 0.0940814459965377 0.0932316396119991 0.0933454709581047 0.091571040571695
-9999 -9999 -9999 -9999 -9999 -9999 -9999 -9999 -9999 -9999 -9999 -9999 -9999 -9999 -9999 -9999 -9999 -9999 -9999 -9999 0.177604879972621 0.177832084264322 0.141479409016806 0.0851326454412455 0.0581712823004452 0.0388772773376741 0.0363074805207374 0.0480062226274329 0.0691909252664623 0.0853644009204233 0.0997754410793599 0.10993374245804 0.107004176471624 0.0935700468260415 0.10496452188447 0.117586426942109 0.120064587864184 0.120633763435707 0.119360211530041 0.116221638933835 0.113521906255699 0.115717151586155 0.115111721106168 0.111256842387179 0.103417053881058 0.0955627361281604 0.0977530837037773 0.0979521554407462 0.0953671914588024 0.0928742660718441 0.0905606314769587 0.090855169953431 0.0909510646011306 0.0907102841819069 0.0930290470607844 0.0964314675895744 0.0899318060569826
-9999 -9999 -9999 -9999 -9999 -9999 -9999 -9999 -9999 -9999 -9999 -9999 -9999 -9999 -9999 -9999 -9999 -9999 -9999 -9999 0.179585176315706 0.180271960656768 0.15180738045787 0.107409042006156 0.0680904891566114 0.0364118795817609 0.0236510352988263 0.036230628887774 0.0656569644459789 0.0855952213011864 0.102017799467441 0.109812048744394 0.113043805207583 0.112613620815957 0.11256021677933 0.11286455105813 0.114453126195608 0.116744037439811 0.119712907811204 0.117586354127738 0.114133956437887 0.109153687768146 0.108055104543042 0.111460197139828 0.102937506835585 0.0929742906453455 0.100357949514949 0.10213992933214 0.0960901089209959 0.0916689572271846 0.0879422368280817 0.0861306827441747 0.0854876237394499 0.086825009641641 0.0908404871345836 0.0959636223204344 0.0870790169889423
-9999 -9999 -9999 -9999 -9999 -9999 -9999 -9999 -9999 -9999 -9999 -9999 -9999 -9999 -9999 -9999 -9999 -9999 -9999 -9999 0.179202426116094 0.178724270045605 0.157066559255882 0.123832378200556 0.0656122773859952 0.0246402126952652 0.0297714488800185 0.0462807613126802 0.0703544069121234 0.0903577915688803 0.108309760858413 0.120808694768539 0.121558810070597 0.112879106935039 0.110130662619172 0.108108405502782 0.105499151118163 0.108846882144911 0.117944841006337 0.114946124840288 0.11002644717602 0.108719160935995 0.107984273454067 0.107913504300142 0.0991617624353067 0.0902298601219217 0.101827787101956 0.10611983952698 0.100197427775684 0.095364091663281 0.0909086578777822 0.0861905524807496 0.082725407155999 0.0813838637512981 0.0822568742410007 0.0840943795332915 0.0811100344210638
-9999 -9999 -9999 -9999 -9999 -9999 -9999 -9999 -9999 -9999 -9999 -9999 -9999 -9999 -9999 -9999 -9999 -9999 -9999 -9999 0.185754777059964 0.184106981737474 0.168068544917975 0.144164369861696 0.0704319477928278 0.0188427083655434 0.0280941338293186 0.0453724497528759 0.0679871751368827 0.0910472296285822 0.111746298880378 0.124705581863928 0.125570268947258 0.116727610362908 0.111569856185067 0.106668977584975 0.100579466466977 0.101910710141313 0.110405145902668 0.107532941245086 0.103116522264368 0.10363383769307 0.10381254643641 0.103598391109815 0.0969994240406807 0.0906517919863666 0.102898403597303 0.109259899208918 0.107393316703956 0.10035859795948 0.0916314437130408 0.0859514683144971 0.0812748962673754 0.0782989604422706 0.0772767993953007 0.077140864010777 0.0776673009052583
-9999 -9999 -9999 -9999 -9999 -9999 -9999 -9999 -9999 -9999 -9999 -9999 -9999 -9999 -9999 -9999 -9999 -9999 -9999 -9999 0.187748741429769 0.1921697859823 0.183412217632408 0.167451390175836 0.0807689760543215 0.0175618010301516 0.0205215661190687 0.0361793158947973 0.060278895785295 0.0886572910370302 0.11302407465183 0.123234896595266 0.126176948982955 0.12328495290483 0.115933907282918 0.107737060430457 0.0987097932341854 0.0957010624336059 0.0985019741143552 0.0965113002509436 0.0940879100923008 0.0950324110815948 0.0965404527900391 0.0987023354002482 0.0960568557220301 0.0934675627710116 0.103667200253378 0.111765013613386 0.116924231868718 0.106335457678787 0.0906579924657594 0.0854863684872845 0.0808160634495108 0.0769954278374291 0.0750210777892974 0.0739037453518183 0.0761344666878212
-9999 -9999 -9999 -9999 -9999 -9999 -9999 -9999 -9999 -9999 -9999 -9999 -9999 -9999 -9999 -9999 -9999 -9999 -9999 -9999 0.196473851677133 0.19652567713313 0.182659111820008 0.161184934400791 0.0884634038890165 0.0312623168456712 0.0182250179676371 0.0187242015101986 0.0282226623211377 0.075749331370737 0.115774738168816 0.120761416946176 0.121926868325998 0.120025332141395 0.117386384564351 0.114426310534146 0.110560212307765 0.103642965991986 0.0937804721290331 0.0879280915451812 0.084171767127167 0.0878304379496789 0.0907728211407204 0.0928841407813058 0.0935252138765344 0.0950687732079987 0.108583760857062 0.117304818249222 0.119323402377681 0.11478581383321 0.107463910890046 0.092630769944712 0.0815848185336156 0.0769576534385516 0.0742564463705903 0.0724492690289017 0.0741387136115094
-9999 -9999 -9999 -9999 -9999 -9999 -9999 -9999 -9999 -9999 -9999 -9999 -9999 -9999 -9999 -9999 -9999 -9999 -9999 -9999 0.191393127693404 0.194892579724279 0.179334743929639 0.153360441463263 0.0918577832856111 0.0398617713818152 0.0153024529055895 0.00435371214738972 0.00245350843607836 0.0651348761571274 0.1175332646114 0.118346281828753 0.117912390637063 0.116477707765984 0.117984711466127 0.119753227929612 0.1208122425881 0.112066556051359 0.0938564740477534 0.0832169687551692 0.0763328189554987 0.0822566174311265 0.0864641724724276 0.0886804780500875 0.0916127277527962 0.095982456004198 0.111611155058273 0.120781483478995 0.12092225698811 0.122108355368674 0.122449579900378 0.100982271034275 0.0852120273681543 0.0790975571500222 0.0749324607340505 0.0716733812844968 0.0721090647497415
-9999 -9999 -9999 -9999 -9999 -9999 -9999 -9999 -9999 -9999 -9999 -9999 -9999 -9999 -9999 -9999 -9999 -9999 -9999 -9999 0.189583781767663 0.187576299538268 0.173958699368147 0.153995159120312 0.0799247427870534 0.0214011492633903 0.00737455184444051 0.00595581091072549 0.0129189813735715 0.0685403557024084 0.11473480903582 0.116648080747924 0.11718860788133 0.116627344905435 0.116707964384016 0.117059358653649 0.11816229235926 0.115417525432543 0.108958605499288 0.0922789720732704 0.0769584359731619 0.0822908509431712 0.0870581748795447 0.0911698591816274 0.0928723526075431 0.0948335834300727 0.105303229365845 0.114795750740939 0.122922138089821 0.123859111646458 0.121686484376681 0.110271104528965 0.0992873889680232 0.0890352873894337 0.0804467940255292 0.0726471184868248 0.070175230203282
-9999 -9999 -9999 -9999 -9999 -9999 -9999 -9999 -9999 -9999 -9999 -9999 -9999 -9999 -9999 -9999 -9999 -9999 -9999 -9999 0.186578099814949 0.185578856648425 0.174165847573383 0.157060808944792 0.0909795746499863 0.0356524093971041 0.0121801426242676 0.010326637030093 0.0228456412210012 0.0712037871972451 0.110561757629227 0.110672616767589 0.112779203197682 0.11648759714901 0.116342541392688 0.115984424342883 0.117104952741196 0.117242861632349 0.116432256191035 0.101859739364995 0.0867044235169682 0.0851173992789289 0.0864317575238557 0.0911124076347679 0.094261780585535 0.0972387516907496 0.102556789384507 0.109480958873813 0.118650687818671 0.122759472875596 0.124577693451049 0.118076261017109 0.109236183861972 0.0964324126274202 0.0839821511343613 0.0717571489701119 0.0686903935661729
-9999 -9999 -9999 -9999 -9999 -9999 -9999 -9999 -9999 -9999 -9999 -9999 -9999 -9999 -9999 -9999 -9999 -9999 -9999 -9999 0.187612354059245 0.189760972255611 0.179453892855281 0.162338690490282 0.122954159485853 0.0796726053084854 0.0285736480926384 0.0172171000878758 0.0322819626601845 0.0731919294932717 0.10513777682951 0.100804696719512 0.105015756040197 0.116084499203382 0.116806454607761 0.116382776424985 0.117496943449819 0.117679819265411 0.116963727522118 0.111912599680763 0.104750261322174 0.0904850499583986 0.0846947162896403 0.0887372509233033 0.0957693338615405 0.102878219113638 0.103051423658369 0.104776746231183 0.108672110716967 0.119065876762562 0.130794445154035 0.124531220497871 0.115429661397417 0.101517500100631 0.0857165719830096 0.0691711423620479 0.0676141604397007
-9999 -9999 -9999 -9999 -9999 -9999 -9999 -9999 -9999 -9999 -9999 -9999 -9999 -9999 -9999 -9999 -9999 -9999 -9999 -9999 0.190417042208471 0.190416648197291 0.177395519285778 0.157257425338494 0.112072754313668 0.0698964907446374 0.0376879230231285 0.0239342300369506 0.0224496428299614 0.0643413501477128 0.0980612126953866 0.0930539921698545 0.0975175073405178 0.109582409600809 0.112595197783439 0.114272668464221 0.115883154199607 0.116936506541161 0.117452062711061 0.115064280518023 0.110957169824626 0.10029068813532 0.092837770131931 0.0891133482369465 0.0927895211509414 0.0980862927782065 0.0992375013573393 0.100834388699398 0.103054386898861 0.111718968001677 0.122235451915966 0.12433708504388 0.12016897189102 0.105374466457496 0.0924605876954794 0.0804222379887106 0.0721521994026765
-9999 -9999 -9999 -9999 -9999 -9999 -9999 -9999 -9999 -9999 -9999 -9999 -9999 -9999 -9999 -9999 -9999 -9999 -9999 -9999 0.200557329344302 0.192420631538047 0.175206689065333 0.153031242237693 0.0982897902464753 0.0549098875002345 0.0433987323720668 0.0293956275000182 0.0137358332468403 0.055081516395058 0.0896024872271927 0.085850777099439 0.0908488574052079 0.102869680840114 0.107942655649407 0.111639831843414 0.113797465419176 0.115788619064544 0.117619071035566 0.116539941314609 0.114474807973493 0.110186126471048 0.102639232660191 0.0913120397485227 0.090499163966498 0.0927268738818609 0.0957851248713434 0.0980178903269083 0.0990965307902106 0.104603928016994 0.111859508537611 0.121821151505855 0.122998541619538 0.109287782748417 0.100465523564426 0.0937851994875927 0.0782528492864308
-9999 -9999 -9999 -9999 -9999 -9999 -9999 -9999 -9999 -9999 -9999 -9999 -9999 -9999 -9999 -9999 -9999 -9999 -9999 0.203230704461733 0.200642716903574 0.192765905097484 0.17961264111568 0.163575336721802 0.1117072205839 0.0658100468570426 0.0384038453468231 0.0284168276918429 0.0300103713992175 0.0544100029303932 0.0755040768747716 0.0794317808654118 0.0882855606683848 0.101093099744509 0.105600526613556 0.108740951001911 0.111215119523334 0.113680333328321 0.116136903220967 0.116030972661473 0.115566840027269 0.116155515285285 0.111379921876439 0.100380504450515 0.0962869357497631 0.0947188400743264 0.098507049344508 0.100374409981226 0.0995562003406393 0.102330909196123 0.106562064074523 0.113670409441636 0.117213812325802 0.114715108307182 0.110144318497539 0.104552900820211 0.0870165475328048
-9999 -9999 -9999 -9999 -9999 -9999 -9999 -9999 -9999 -9999 -9999 -9999 -9999 -9999 -9999 -9999 -9999 -9999 0.20353623137321 0.203457536285999 0.20045743154613 0.191487119507381 0.179738120882107 0.166470328161644 0.112429366247095 0.0639480014479838 0.0333737749732929 0.0263080288441411 0.0348711090388664 0.0530686520782745 0.0691319442346674 0.0755642910699316 0.0858963048468291 0.099358263212497 0.104048979947987 0.107475819646306 0.110965015749553 0.113833250322455 0.116102075961226 0.117310932574252 0.1184208112887 0.120256507565898 0.117888708312826 0.110643857207636 0.104698337942893 0.0998621045721822 0.101806943243259 0.102404876869874 0.101119680253563 0.101713302931171 0.103203914673524 0.108615704832032 0.114004350492648 0.11935376928463 0.11755349668942 0.112462447221019 0.0983052225838852
-9999 -9999 -9999 -9999 -9999 -9999 -9999 -9999 -9999 -9999 -9999 -9999 -9999 -9999 -9999 -9999 -9999 -9999 0.203538512064335 0.20367639676624 0.199976122175459 0.188432166161021 0.175182221368475 0.160999805207905 0.0992671929178171 0.0481284492508933 0.028305225995827 0.0229633957848738 0.0272490350439833 0.0509947271879088 0.071209728798862 0.0744872805912362 0.0836973905298022 0.0976690810200296 0.103362061221097 0.107997453975602 0.113265590784582 0.116459153218092 0.117650146483618 0.120547371250704 0.123201744145098 0.122314110183109 0.121956553017619 0.122214010666232 0.115979098520942 0.108451816474348 0.105738938908821 0.104078753046058 0.103890352881998 0.102906154373968 0.10196669378681 0.106947011070988 0.113611354444325 0.123129899731563 0.12248048691667 0.117246145259899 0.112355362565035
-9999 -9999 -9999 -9999 -9999 -9999 -9999 -9999 -9999 -9999 -9999 -9999 -9999 -9999 -9999 -9999 -9999 -9999 0.219980666756609 0.219463392708657 0.21291044723601 0.194022973615094 0.176867978885039 0.160659934675507 0.0976163100215532 0.0456370483397755 0.0261009181450489 0.0259352347108774 0.0386473444724739 0.0573333602052052 0.071759877742923 0.0707474383120967 0.0790555136012711 0.0948444058548299 0.105547280757677 0.114453240693326 0.118882699413835 0.121665374318153 0.12285842267756 0.124833284858106 0.126832937424334 0.128012680174416 0.128411737301035 0.127905013931774 0.122437935341628 0.115889700131326 0.112166274931862 0.108987975892896 0.106571826764396 0.104954578714934 0.103848597623588 0.106727947557389 0.110900612373028 0.117265275183699 0.119244143117134 0.119219506536806 0.115741424676662
-9999 -9999 -9999 -9999 -9999 -9999 -9999 -9999 -9999 -9999 -9999 -9999 -9999 -9999 -9999 -9999 -9999 -9999 0.274189774430838 0.254513500607833 0.232105321757672 0.204114208204012 0.181250700863677 0.161189876660413 0.0988455139179148 0.0471575454531796 0.0264534045483988 0.0318137977016464 0.0545023239378564 0.0655888609869949 0.0721138399039719 0.0672414117663978 0.0741326611942083 0.0904656551327417 0.107249560457886 0.121513418849637 0.124810987164411 0.127136186064369 0.128522764959652 0.129041111788909 0.129888030099187 0.133747213321418 0.134502336451091 0.131656013614072 0.12745053400489 0.122888040340388 0.118546254016279 0.113941594670524 0.108969408200903 0.107048923461445 0.106300536672983 0.106836402799622 0.107899531773149 0.109856301668513 0.114346369119123 0.119914287092501 0.116420340943134
