layers/veg/veg_4600.asc
NCOLS 255 
NROWS 330 
XLLCORNER -2985163.8955 
YLLCORNER -3022031.214 
CELLSIZE 25000 
NODATA_value -9999 
[rows 175 to 199 of 330, columns 114 to 170 of 255]
0.311619956646395 0.317026633809718 0.322960591518284 0.329187065110501 0.33014499388981 0.331867165071211 0.336110728506033 0.339123576674276 0.341306560377214 0.347109995131053 0.353479754328358 0.360609447503494 0.370782546985585 0.383432174396599 0.385512343134576 0.387400102829947 0.395339589375929 0.3994898267855 0.399932234401872 0.390912895729776 0.383667739345601 0.399497045377689 0.412834354352488 0.423240520479927 0.427397678665414 0.43067293690933 0.442522489784856 0.445940485895697 0.437403949325868 0.431854840872243 0.42810190298013 0.437753884174195 0.436358276268998 0.415963132335559 0.402166141063314 0.391343812884025 0.367259047843534 0.352495509412179 0.357380498107851 0.329472846517892 0.28310207213484 0.276626612753836 0.265942298273358 0.239595145859645 0.253116730121055 0.293903781548172 0.341055051763984 0.383156244022961 0.406283564595263 0.460997687550082 0.54177062719412 0.58539044887185 0.618370751959843 0.629667871806955 0.601937119131003 0.535494086669014 0.548371311109199
0.30736881602854 0.31352155760787 0.320732269104969 0.328529903461568 0.328687121005635 0.330501968106207 0.337391230895427 0.340004013445007 0.339733189132934 0.346548296420027 0.352977100241471 0.355981711650304 0.362767392273506 0.372629863363094 0.374771022151047 0.377084839911874 0.385177780434703 0.391398255510098 0.395786498678116 0.387825474460224 0.380251200979231 0.391088991171033 0.404069441209399 0.419570135830404 0.429593747073212 0.437889093306742 0.44465864072903 0.443129741196206 0.429835036356915 0.422789957778657 0.418440400899023 0.421804640677835 0.42101109294302 0.413067022777188 0.395530249730206 0.373578695805673 0.346849112346691 0.328780649975065 0.328969256095748 0.313155400414108 0.288331735986522 0.278787014850116 0.267412697918196 0.249468348022251 0.276038123335443 0.333050258264637 0.362338032600566 0.392352493225995 0.433772725712473 0.481398287636087 0.534143188337342 0.585487472321983 0.629152538947819 0.639723831016828 -9999 -9999 -9999
0.303597872347132 0.30961037898102 0.317393468401734 0.326158812133057 0.327361059689119 0.330374249215117 0.338849524490664 0.340842107411871 0.338463446902162 0.344909218547506 0.350495451768635 0.350573795084862 0.354667588683593 0.362028896957934 0.364917088914079 0.367879142818113 0.374075717111443 0.381767610564095 0.390922693353124 0.385371042104296 0.378808630298721 0.38524516689533 0.397406731337102 0.416302201972787 0.430346727475603 0.442134778562706 0.445702688773149 0.441707264471084 0.426988300954609 0.419712482311092 0.41518598253886 0.41102248874646 0.409274483183388 0.411680610728143 0.391094340796283 0.359981817605038 0.332207217869154 0.311074993137841 0.303944454122145 0.299038537448443 0.295385141923106 0.284021949272527 0.274034801017682 0.268551713430087 0.30654727443684 0.374277052389529 0.384226198412978 0.401604595772411 0.462564323237383 0.503378995509005 0.527574185563956 0.581207529449452 0.628689940616096 -9999 -9999 -9999 -9999
0.302138230220219 0.304185417347534 0.310209131860222 0.318438877739871 0.325828536675212 0.332557474776946 0.337668489566349 0.338740539169436 0.33708913699148 0.337669715477019 0.339170663832033 0.343017150268332 0.349269225654996 0.357478814308119 0.360767022048437 0.362551080048334 0.361019288757678 0.369655760446055 0.3882420103257 0.384477122353564 0.378403479723489 0.387397365281109 0.398902686981416 0.413362016217449 0.425001961330796 0.435578816849307 0.443728754923661 0.446840710461571 0.442809652134139 0.436942328847098 0.43046177389631 0.425136651310465 0.421465671534947 0.420639470438133 0.398311344001815 0.3661488874863 0.339662373851905 0.316032170111478 0.298422878080225 0.296897463816017 0.30442769763673 0.294737755416286 0.288338203120799 0.292568187251936 0.327135638627661 0.382450304137314 0.3872047511132 0.403739864318064 0.476094015283055 0.523148046662643 0.549329715892138 0.591891238059379 -9999 -9999 -9999 -9999 -9999
0.29814837483305 0.299121348723617 0.306360900268582 0.317076918974304 0.327658605821106 0.33506943451225 0.334309767654753 0.332472568246919 0.329908794628124 0.329543936025001 0.330861580282354 0.337039141319819 0.344246834103408 0.35229278171808 0.355231610024189 0.35633919654682 0.35283363929384 0.361737713358473 0.382784773821104 0.381037372193928 0.376597976121986 0.385477369983305 0.396100012410978 0.408773102912617 0.420992873018748 0.43288839059253 0.442942666945837 0.449852428563533 0.45230379593437 0.445663625356515 0.436283302737776 0.438290009545945 0.438265250995306 0.434746798125663 0.412184415234149 0.380873166185832 0.344239163476893 0.312915036852646 0.292783776646746 0.2962210785746 0.312928103615384 0.305477136408369 0.301968689062373 0.311604075200525 0.337858816009969 0.37547921590206 0.404441466481112 0.442465446162404 0.513641957156645 0.551498548036135 0.561866516298658 -9999 -9999 -9999 -9999 -9999 -9999
0.29188712329047 0.294381257136468 0.305507521354469 0.321422574512885 0.332507305461103 0.337876501995787 0.328996115726663 0.322464378593399 0.317516322521257 0.320622537959616 0.325259722822239 0.332478288584077 0.339561955670116 0.34653585090695 0.348452560668415 0.349333898891777 0.349020533685586 0.357584482553207 0.374834999239812 0.375312206218183 0.37353536248551 0.379901728253526 0.389438417212506 0.402704111435692 0.41818283521436 0.433668091740704 0.443222919338806 0.450959451656371 0.456117946375311 0.4467467167699 0.433617651518815 0.45058084473161 0.459201826341184 0.453475953765066 0.432032701110927 0.403279331434688 0.34623201664815 0.302549519630407 0.287039171567884 0.296859557827997 0.320941816696245 0.316237680762724 0.314995091859552 0.326168844535547 0.339725922743505 0.354912911740121 0.434477868094986 0.514038495158026 0.572751306985769 0.587552697692329 0.566127576461949 -9999 -9999 -9999 -9999 -9999 -9999
0.28740682451542 0.292634523140535 0.302396632564449 0.314674266586441 0.322311935354082 0.326958677338545 0.324368653290454 0.318478959107805 0.310364315689332 0.315089950434348 0.321198190722299 0.327944878850186 0.33424836044638 0.340191189128267 0.342411829808141 0.344866129672148 0.350758614727388 0.360856151089493 0.375068385101776 0.376902177309099 0.376472785524378 0.378413851977713 0.382562029658928 0.389306261083465 0.411393950518296 0.435095993578912 0.432530450455769 0.432860946388915 0.437297539749756 0.430601730543426 0.421454211574889 0.443545402630431 0.456734339234437 0.454613265422156 0.426854595309118 0.387387794004776 0.359424260016888 0.33679045132722 0.325391349880808 0.328566554365867 0.339947478112721 0.336786101170724 0.335149766419132 0.339198736920312 0.347235306018204 0.357998917597894 0.43681529232602 0.516927971485792 0.579359881589751 -9999 -9999 -9999 -9999 -9999 -9999 -9999 -9999
0.283914695223579 0.291290183886637 0.298705531483466 0.306142991353047 0.311045517367223 0.315720504490932 0.320072211536271 0.315965723960446 0.306155922752836 0.310917799418415 0.317005673838783 0.323019469957856 0.328854918812379 0.334545240156093 0.337306191099725 0.341165116298962 0.351693459764943 0.362969317815202 0.374976628653773 0.377727462982369 0.378078575162679 0.375910246143014 0.375322630396894 0.376594285066817 0.403719739466088 0.433497253661905 0.418368947105189 0.41152923429892 0.416441356608268 0.413853768846158 0.409952936543484 0.433575240473133 0.44899376641059 0.450303514936989 0.415075483247204 0.363299634762997 0.364828763585747 0.36375634650615 0.357200043305344 0.354958860956805 0.355147205644471 0.355025937125142 0.353959639650383 0.350448156605122 0.355977465608608 0.367689599534935 0.441037742025754 0.507195903137159 0.529326490813703 -9999 -9999 -9999 -9999 -9999 -9999 -9999 -9999
0.283818858610015 0.289192198150389 0.294161832703721 0.298907506555136 0.30845156092135 0.315766743962477 0.316829066852666 0.315338142280082 0.312125577131469 0.310538784783878 0.310689541962261 0.316055387754431 0.323643758090781 0.333040675676902 0.336306503319728 0.339010769587478 0.343274472050527 0.35213934548966 0.365506524851303 0.367735161577424 0.367194506724718 0.364340297812724 0.366421595463975 0.374308146664241 0.39524780262723 0.415746811466283 0.396731471983597 0.39168805739976 0.406454487839415 0.410239118472308 0.410798963873226 0.426742020664779 0.436224607340838 0.434596540496404 0.392977523720323 0.333201561192135 0.319694890357272 0.311345868082271 0.313868826705237 0.324793900068746 0.340449585997304 0.352191231508189 0.359149204213058 0.354001185918383 0.365734414413027 0.389012405005376 0.481032736897917 0.554593654203131 0.544082331352868 -9999 -9999 -9999 -9999 -9999 -9999 -9999 -9999
0.278720788237294 0.284465598123974 0.289860353327164 0.295060911046697 0.304669188401061 0.311941397213753 0.312724743363108 0.312784435477909 0.312356171698478 0.307300970301559 0.304117703774505 0.308492548930768 0.315527890155238 0.324728171631901 0.32849108578397 0.331167216013403 0.332673403137312 0.340379806184624 0.354153201529738 0.356130294067691 0.355373035657673 0.353369927050361 0.358048978973369 0.370587738028086 0.385431284982749 0.397681005053633 0.379142214295998 0.377887336811654 0.401138148115518 0.410386145943537 0.414866166185177 0.426402749568124 0.431099402011578 0.424032807908848 0.380255714992326 0.319779021389154 0.293211218426645 0.277518004180537 0.284747701301052 0.300301802944808 0.320542764248332 0.347514909134739 0.36813898718443 0.371319098971999 0.386622140499033 0.410215822019426 0.502407612548251 0.577790930917013 0.574678226259261 -9999 -9999 -9999 -9999 -9999 -9999 -9999 -9999
0.268226007625076 0.276903091113113 0.285820194791722 0.294870452858016 0.299604681237257 0.303939150703044 0.307691328450819 0.308152709201259 0.306395123822997 0.3009789108291 0.297269994259142 0.300283735500765 0.304278249605504 0.309070853463124 0.313322449599603 0.317185804352677 0.319718173959714 0.327617394187494 0.340768147875036 0.342785693385027 0.342540238329107 0.343046416582017 0.350246452037884 0.365319952514233 0.374164152802662 0.379274964781244 0.365920416733137 0.370603423313065 0.400860655661528 0.414591497419926 0.42240856554842 0.433069540401907 0.434220953113088 0.419017913562134 0.377649460926434 0.324347049034053 0.286848503884006 0.263738180993546 0.270957275810843 0.281929931991238 0.295015942380221 0.340851739987322 0.381228674035942 0.403487395395054 0.419518417688656 0.431290435595633 0.503693985161096 0.565234284449565 0.570769098319363 -9999 -9999 -9999 -9999 -9999 -9999 -9999 -9999
0.262774476275119 0.267593987554197 0.27655844822911 0.287822374617578 0.287511089267474 0.289368908828181 0.298031183700876 0.300565484364065 0.29896772607027 0.292435245268463 0.287641987299961 0.290064354163345 0.293042339162983 0.296472450396672 0.301271878462284 0.306037771506814 0.309766139668479 0.316725734046891 0.326847125500057 0.32943980725574 0.33077810816471 0.334299122320225 0.337088838197643 0.339018384633504 0.348963937643935 0.360275888405446 0.362814269231092 0.372182368595089 0.391233862822594 0.406137372175347 0.419080945575279 0.423633958733417 0.421497214362364 0.407855490212098 0.378052009590376 0.340889064886384 0.316655654822251 0.300596671222949 0.301768836149175 0.299696041381654 0.295796248581572 0.339000847175215 0.379582366517232 0.407830565518215 0.435906553995178 0.463864770985511 0.519489530798595 0.564407507529976 0.564511838354791 -9999 -9999 -9999 -9999 -9999 -9999 -9999 -9999
0.258523168989135 0.258216150855256 0.266053892375287 0.278410047458612 0.274426183554411 0.274694576778301 0.287640664432815 0.291975511340706 0.290503846464877 0.282661046558541 0.276663924769265 0.278669044637615 0.281129299108855 0.283959912790072 0.289052740561832 0.294383765028685 0.299273795270803 0.305151497662785 0.311995650159089 0.314937447036411 0.317711211774718 0.324541989822517 0.322763291615483 0.310857934281757 0.32311017589325 0.342230486284366 0.360937826871923 0.373674142299779 0.377944545986671 0.392593851898883 0.41003978162556 0.408140129105272 0.402998480502384 0.392281278643369 0.376389631056643 0.358168187318796 0.351152347565013 0.343956138283693 0.336379722007808 0.320782249019169 0.300668709201876 0.334871527017176 0.369651731409571 0.399666850197834 0.43949346800146 0.486029982495056 0.530188372964204 0.560583905144186 0.545652739768727 -9999 -9999 -9999 -9999 -9999 -9999 -9999 -9999
0.253759073969917 0.251631997011083 0.256079178702003 0.26417351767121 0.267195010707933 0.271689864097042 0.280516071903353 0.281428532891412 0.277004798375753 0.267820560715949 0.260777716116011 0.262219023812301 0.264084239436955 0.266294404016169 0.26964988944182 0.273541619607451 0.279012380490586 0.284882803402885 0.291144300833009 0.291716980924568 0.292775309131573 0.304181149392938 0.309785350088688 0.308565532166124 0.318748792530593 0.332500930451332 0.349152390732946 0.357702440434889 0.354766049348118 0.364678548615269 0.378527109637794 0.37749732693623 0.370999187537557 0.355096621603057 0.353450974663194 0.358299948955023 0.352424233351704 0.340314445626689 0.315063647567804 0.298377644310693 0.286513846790766 0.304436176490655 0.325195093573077 0.349956579025698 0.377854569770331 0.407897556549107 0.474941920064992 0.530633831130317 0.536328699991613 -9999 -9999 -9999 -9999 -9999 -9999 -9999 -9999
0.28305094993603 0.282578881063407 0.271229980144821 0.253847012227272 0.258100654980721 0.263344246978689 0.26888942694681 0.268480953704115 0.26405796518517 0.254864620489438 0.247676269133572 0.248526865036371 0.249663899503212 0.251034019214751 0.253225224323718 0.256000803888232 0.260775349685711 0.265648841411494 0.270619153021026 0.270803572957205 0.27179494821831 0.283908872153836 0.294579613666932 0.303552851636607 0.310707169072301 0.317885802128981 0.330219675871192 0.335652836858964 0.331301945097617 0.336665861633257 0.345267326035324 0.347626346671609 0.343449666922897 0.32803295336963 0.335052153903358 0.352244772812603 0.339985963509696 0.32243050870279 0.293710076663643 0.279181391282606 0.272643034186054 0.277305106164774 0.285461638457606 0.301497022247944 0.325312638937814 0.354449008236234 0.426040202064413 0.481091515981463 0.467006621976702 -9999 -9999 -9999 -9999 -9999 -9999 -9999 -9999
0.356555816570779 0.36225024368123 0.318999853463505 0.248596675948681 0.246587431579604 0.248064827909982 0.251418015384318 0.252416806850193 0.251828042170684 0.24435528199906 0.238190124789816 0.238415086602768 0.238651088585184 0.23889607434606 0.240666973995803 0.242745922620042 0.245166465053795 0.247758215311242 0.250517494661305 0.252885291461431 0.255949849185202 0.263751571625156 0.276481653883083 0.295008583527897 0.297887692676658 0.296928004235586 0.302008042854015 0.305712628379992 0.307467052221317 0.308526746761394 0.309739363688187 0.318757380258618 0.321677040570927 0.314108807244349 0.322547151604682 0.338157436248372 0.309748554035514 0.286056650785482 0.272307826166094 0.2641503644631 0.259140987794031 0.254463800759714 0.251860031224575 0.254661199054875 0.284580799641989 0.333046178188947 0.385375503792004 0.430701215867669 0.451319142793041 -9999 -9999 -9999 -9999 -9999 -9999 -9999 -9999
0.361977737625127 0.369510409078011 0.343995853473035 0.300147909859999 0.298586712269298 0.289467565428965 0.256435647695611 0.242821206797626 0.242299862628928 0.235346059004355 0.229346438549606 0.228438309288123 0.227808666958383 0.227405639347396 0.228134118210291 0.229092265219905 0.230309096511911 0.233024334871938 0.237205784127355 0.235115651470923 0.23285830107981 0.23774505792901 0.246898622907339 0.26107090333406 0.266515890225409 0.269779606089082 0.276030949431575 0.283915719038905 0.294116413001539 0.295273800302381 0.293600050036603 0.301233041279076 0.306260405113099 0.306806636332737 0.312040451412564 0.31927807415237 0.287843668370002 0.262729695732322 0.250938776733983 0.242350285867387 0.235564846640348 0.210666692913417 0.186847646175984 0.167956056114022 0.2154872383738 0.308443685360454 0.354415397452096 0.385919108855829 0.384169490201797 -9999 -9999 -9999 -9999 -9999 -9999 -9999 -9999
0.344409134868141 0.351933611095962 0.358639930799187 0.364892367306993 0.365675792466392 0.345442355628991 0.271530709755361 0.240785824653065 0.239148046465895 0.232417880038333 0.225588687001728 0.219982686881886 0.2169106953063 0.215900716587046 0.215442876319534 0.215243021580577 0.215802097970971 0.219031095695204 0.224872646331827 0.217012843846527 0.208098783049917 0.210611819359153 0.214670865855126 0.220548364217865 0.230238012258767 0.240901298704303 0.250456815951026 0.263953126210565 0.283036819698882 0.286481971716897 0.284468503844993 0.287777141543695 0.292963409158436 0.301378806397473 0.302539729235272 0.300272571008689 0.270511477020498 0.245591736193144 0.230877246552257 0.219146273050829 0.209095097954109 0.162507787463613 0.116900268089225 0.078089873056376 0.145174190939 0.284677879456465 0.32854226725514 0.3552053261987 -9999 -9999 -9999 -9999 -9999 -9999 -9999 -9999 -9999
0.318032311579103 0.319965831194543 0.335601682363342 0.358839083899528 0.358011706622185 0.349125367246182 0.321944111031315 0.30974825042903 0.307656958816099 0.302436471544484 0.285459347600034 0.230802202079868 0.204558855860899 0.201436828466645 0.200575901095279 0.200547040507708 0.202652991161583 0.201200220209614 0.196265193665353 0.193926004228508 0.192569034483534 0.193795130281103 0.197056968715538 0.202713293311851 0.20929300175483 0.215927731972391 0.220582923771533 0.233095258170799 0.256747702351841 0.27223302477826 0.283855756248887 0.278889088640953 0.280140554231865 0.292085904676598 0.297619820262028 0.300119882975369 0.277213206002978 0.253415159141122 0.227738163704387 0.206575781496555 0.187955245803141 0.147066607285491 0.116913592022228 0.117519830232142 0.180269940106271 0.285519056312539 0.327545601037931 -9999 -9999 -9999 -9999 -9999 -9999 -9999 -9999 -9999 -9999
0.300702981306504 0.297944933509127 0.313600993068965 0.339472523185858 0.338089827737253 0.338968946873893 0.348524915697354 0.350341269205802 0.346938843115536 0.341991488649022 0.32263933506514 0.256423682753328 0.21467661310074 0.19284049920791 0.188863311786634 0.187628806765726 0.186651704865232 0.181556292893469 0.172431060703988 0.172409394080129 0.174052647818656 0.173955557014233 0.176304221005909 0.181529636659878 0.18579035245029 0.189743753213694 0.193400878260256 0.206731920700324 0.233778954725147 0.258626604052849 0.280903801337276 0.269421561382207 0.267092181543385 0.280503801299823 0.291977959661335 0.302450721667053 0.282648776820216 0.25956829139868 0.229576860012599 0.20008016884738 0.170862029496499 0.139770614320752 0.126846563463118 0.161833975596914 0.217501517644893 0.287311805367317 -9999 -9999 -9999 -9999 -9999 -9999 -9999 -9999 -9999 -9999 -9999
0.297572756838933 0.291534640082656 0.293228645681226 0.299212148822481 0.298930608739964 0.307092967421197 0.337702921570633 0.346411433875303 0.340351925647972 0.333737072207501 0.324208654688863 0.305275319396715 0.260058081531115 0.193452697542695 0.182101205366926 0.177500563842196 0.166174217455852 0.159066967993126 0.156088160000101 0.153357096900777 0.150849041137712 0.149371879236265 0.150625371527622 0.155090720543467 0.158273753217872 0.161660157798233 0.170443408063206 0.18742228473383 0.21602118442503 0.246028561854787 0.274280702152614 0.259044608973614 0.253689882020542 0.265329032367839 0.285203070549248 0.308679199038742 0.286097243174208 0.263100074936177 0.239227666568686 0.203118451186521 0.160119590184502 0.145257651399193 0.152347397101545 0.21381334985342 0.258085057210023 0.290597948703357 -9999 -9999 -9999 -9999 -9999 -9999 -9999 -9999 -9999 -9999 -9999
0.289530292204368 0.278616710218836 0.277746207761448 0.282447237023285 0.289793598927697 0.301563466170116 0.324475568784166 0.334608544763329 0.336124626664801 0.330260229652939 0.324047951883657 0.318936952472604 0.288443458391879 0.237295325851758 0.194259296382892 0.158653037315317 0.149977942549135 0.144057809967967 0.140833443883275 0.136148311783122 0.130945549198492 0.124502179092304 0.12206519001367 0.124340596183805 0.134768385857446 0.147467974017619 0.159593373201294 0.178382266968156 0.206618877922412 0.240002965857983 0.273086412023904 0.264270873891122 0.262049682953878 0.2711693860342 0.296898244593042 0.33002263826012 0.305077917141772 0.277464117198561 0.244224076215025 0.197712267782548 0.143728103664256 0.164138497708879 0.193731328259073 0.238828187901463 0.257143545431751 -9999 -9999 -9999 -9999 -9999 -9999 -9999 -9999 -9999 -9999 -9999 -9999
0.279239574038 0.26320458216137 0.264372679288673 0.27508441846177 0.292228586810461 0.305871528295838 0.309807259016056 0.319248845050767 0.332402998728602 0.328288676962311 0.3227185295123 0.317615946071552 0.308900176853147 0.297244229890379 0.214540475232288 0.138283219008105 0.136266463032297 0.132193868120107 0.126109607945507 0.119735340167268 0.11242131490313 0.0997822022039045 0.0927730810522099 0.0923860822689909 0.113219844753537 0.138973894542763 0.153833424207777 0.17378196295047 0.200945862631746 0.236862952757854 0.274141514689137 0.276018496869704 0.27961775751988 0.286178975891329 0.316420131295318 0.357261733284274 0.330408405208581 0.296531264638298 0.247848393435974 0.189807978108502 0.126499018232023 0.188587147534602 0.23934018103462 0.245834789002217 -9999 -9999 -9999 -9999 -9999 -9999 -9999 -9999 -9999 -9999 -9999 -9999 -9999
0.260661469111077 0.25550646137732 0.25426436839014 0.255193016813908 0.26159704630925 0.268900154246839 0.277953620902359 0.292403927537306 0.310493293380728 0.308076320127627 0.303920508115885 0.300286926052885 0.294899553718838 0.288085059880247 0.24603599263795 0.19848897278569 0.15005770674592 0.12220516375915 0.114489170177039 0.104582227805766 0.0944018770758337 0.085412738783374 0.0812723114259064 0.0828350466522199 0.103107571088631 0.128447024434173 0.151078761745998 0.17645047665913 0.205707020043837 0.240081653280803 0.27527287574396 0.290157203945581 0.304875583674739 0.319308566838811 0.342908976072586 0.370540888850535 0.352642735126561 0.324043432726771 0.272886819056272 0.220418625887409 0.167211978811808 0.213925082089597 0.250535339695302 0.249068287886515 -9999 -9999 -9999 -9999 -9999 -9999 -9999 -9999 -9999 -9999 -9999 -9999 -9999
0.24848401513519 0.25007329374631 0.247734174465992 0.243215724294534 0.240958350643115 0.242091946603381 0.251742663009333 0.266748078026019 0.285364136560446 0.286679961290925 0.286295732864365 0.285586209234218 0.283637617392264 0.280680751687772 0.267347181563462 0.242749036721003 0.176067029484888 0.130599393064848 0.105890295691495 0.0922345906370201 0.0817188883140803 0.0758769539966256 0.0744123261508605 0.0780963843830633 0.0969278250666415 0.120442636039328 0.147265742289586 0.175133919344508 0.204483831438006 0.235008151529554 0.265700426983679 0.291361287296595 0.315209566630103 0.33594058686636 0.354658719305877 0.372340138089451 0.359547858681025 0.334315840691241 0.282861679284265 0.237151333389153 0.194674907366691 0.230951956835173 0.259734364933773 -9999 -9999 -9999 -9999 -9999 -9999 -9999 -9999 -9999 -9999 -9999 -9999 -9999 -9999
