layers/veg/veg_1200.asc
NCOLS 255 
NROWS 330 
XLLCORNER -2985163.8955 
YLLCORNER -3022031.214 
CELLSIZE 25000 
NODATA_value -9999 
[rows 125 to 149 of 330, columns 57 to 113 of 255]
0.107903965404588 0.139276030423165 0.177975645383082 0.206098592713974 0.220812204720886 0.264320145298979 0.312857243338958 0.312074945097831 0.307653590780127 0.297659272037927 0.292324707992042 0.289225542427836 0.297355436126669 0.300555508688615 0.294564502004657 0.284976645137262 0.273594211086967 0.371439928951944 0.450320694279416 0.48183764351968 0.577605682995693 0.712549196733427 0.754192934277168 0.786312086468606 0.808355654196326 0.835542691333928 0.866526664891372 0.874732099386259 0.877744287642101 0.871527524802856 0.854871920312297 0.82893645334977 0.792152815977629 0.754588236379973 0.72293756892392 0.684611209950863 0.639152659618529 0.605334684989447 0.573646695772972 0.536411840479722 0.505481541612392 0.482655409065111 0.463221178451599 0.44613888874318 0.444848063060064 0.453008273349364 0.475849817173329 0.503884267132338 0.533421088625842 0.541108911692208 0.548029341060122 0.553497434448599 0.56353479351019 0.575886983941153 0.537856691460168 0.505610482592722 0.489058620706934
0.104484054256731 0.115442344581023 0.149920606678731 0.182749450638811 0.213487125463894 0.243811092876453 0.273384734395 0.295539669211449 0.296786047439022 0.266012407402138 0.260285704981589 0.264730204154254 0.272047797924435 0.273916511068245 0.26562641880151 0.237538341961044 0.199572452709303 0.284213002837644 0.343866153497753 0.341851954155472 0.424312686083058 0.558279866906387 0.627614352607125 0.684373259615095 0.716896341786471 0.761505979971913 0.815037977962214 0.838400492541247 0.854292577740139 0.855751802289566 0.847605128071854 0.830919056241241 0.797063679655672 0.761414624782605 0.732312265382524 0.695748995958139 0.651214621537044 0.611821948240479 0.574272920423681 0.540924449888057 0.512866710484195 0.491609919814837 0.470947844177376 0.451760076796814 0.448706442702316 0.451928183407853 0.464898153912031 0.481061738328369 0.498260967551456 0.505945503936886 0.514735426778471 0.525617356010899 0.529288413216256 0.52930637735088 0.500770553449927 0.475870854536411 0.460702038007818
0.118651400805449 0.116586854515804 0.137104366146306 0.170834624991197 0.221316299703836 0.211968401050068 0.190850083903081 0.256378846373722 0.26652728615348 0.191864565654628 0.189620415887079 0.215907731372235 0.223178876221076 0.227047058399521 0.224570811701954 0.196784370411222 0.156369908659464 0.190275311713646 0.211871257442967 0.202606630539204 0.238224232867245 0.301207637232696 0.437158007144216 0.552635243833656 0.595386025112196 0.654585301935061 0.72592694547714 0.773334556506306 0.810644858016313 0.820942712082093 0.825963645558647 0.826293531984272 0.798955900488885 0.767632636402884 0.741334404403141 0.708953142788045 0.670072879361627 0.617492265561185 0.565599246869366 0.54376675400984 0.522849807320771 0.5031097457189 0.478528787790493 0.453772812593582 0.446523269430218 0.444163504944417 0.449399571422067 0.457729842338232 0.467218521347075 0.472931850050876 0.48227945547592 0.498505135156899 0.490148332227884 0.469337820989132 0.45669172202722 0.443983795465706 0.430777375813322
0.184699066468917 0.126284311478497 0.135945686971044 0.155555274072826 0.187777425927616 0.178119979175139 0.159738738820122 0.196199045508584 0.202274722579534 0.161818426428137 0.171196915719172 0.199333400418369 0.187084573020285 0.180199301829647 0.183313758575108 0.170773427479443 0.150422449948681 0.178453589700061 0.194113568547126 0.179668504922459 0.182071520733242 0.194747226079114 0.24876017761209 0.304659367748879 0.358285599449657 0.461741844951573 0.601982871138531 0.676290121460678 0.735558933367148 0.768090544664384 0.786277469325416 0.791712335507747 0.778363966521592 0.759529969650284 0.730084908586202 0.697053062487904 0.660189158367831 0.616900981487003 0.574767022648594 0.552856269753769 0.530897348568785 0.508876509651859 0.479776446506847 0.449874873213714 0.438707880466207 0.431286417540056 0.429683297992541 0.432191118115251 0.436343284244586 0.439177122463401 0.44427818396794 0.453670093778786 0.446354464720131 0.430574645166338 0.422141533886966 0.414406835195167 0.407984719188545
0.259352289334943 0.144227960206377 0.142080910222633 0.144174380666806 0.151644077571013 0.147174366196664 0.139447681319292 0.138127510141309 0.13675733483782 0.135310581650765 0.153321877674775 0.17759532532339 0.153003343851455 0.140263889821067 0.149622097339573 0.151342114712101 0.149251208344254 0.176665882721276 0.191027361714033 0.174369404702953 0.153081096609306 0.12896954926801 0.0925910946083518 0.0790203181434001 0.133581928806539 0.275514216467249 0.481944001649942 0.585022398942659 0.667191408463412 0.71738762597999 0.743898355252177 0.749353293007333 0.74878970832356 0.741742527133936 0.707456049132485 0.674112380770017 0.641775993637288 0.61181690594188 0.583208181946081 0.560209709697447 0.536660536676195 0.512403467594957 0.480702212626347 0.447950547406031 0.432286739934528 0.419488016967218 0.411139944842188 0.407485922741846 0.405779206601707 0.405015535925483 0.405302465616131 0.407577715924857 0.403108340796049 0.395222077341106 0.390583897304896 0.387138445651588 0.386337854040172
0.333393707841417 0.194497342697834 0.173536614484847 0.153999150649151 0.136266133162642 0.131619179296116 0.129428927699442 0.106875663975605 0.0924140140175313 0.0903441147509671 0.0962794849636704 0.105547038256646 0.118268536117488 0.133140750924427 0.152022727817696 0.151371782930279 0.140975273464047 0.156874466066516 0.166278764148385 0.159846868042371 0.149199897326033 0.135982891668621 0.0878438580881743 0.0524113368308069 0.0601808231600336 0.189411285358876 0.40830488465789 0.546760527318708 0.655870185684809 0.691319530040553 0.703157783147681 0.694006381758744 0.694532827639862 0.689408757054555 0.646990904370871 0.618808450235033 0.605834845438654 0.590401420961 0.573932415745908 0.554322563955296 0.533122033391085 0.509876771291118 0.48516323373931 0.460125881123668 0.436990956487917 0.416900604729404 0.401539722841895 0.388504072238714 0.376559256207834 0.369514163952628 0.36613268067806 0.369684784619413 0.366184821386392 0.359112217059153 0.365620094356772 0.368987284389733 0.364430122548345
0.398398735056765 0.274037182784885 0.218426473502892 0.17351654214673 0.142173295919365 0.130223687026023 0.122233935420594 0.087889672313951 0.0743419187965014 0.0926425912596948 0.0856849804343844 0.0697290994447233 0.0901072753646711 0.110800908880755 0.132082676465863 0.133171790607225 0.124186180118894 0.133287077634417 0.141096600089812 0.145312586044904 0.143882896937931 0.139010900513331 0.0892556048591923 0.0472632860587293 0.0360617089498505 0.153480601137042 0.365847806474308 0.512289795471736 0.626884043193743 0.652017535022543 0.657779581145473 0.646320908913027 0.629591603269342 0.60980177891974 0.579360737796693 0.565596824296791 0.56965046051865 0.571824199074667 0.570834720364972 0.54997310591934 0.528994096654749 0.507864182699375 0.48722009462143 0.466146378652368 0.437687435913449 0.412237158042301 0.39146057018214 0.37165443236106 0.352422525639167 0.33941323977959 0.333504978719654 0.34103580873929 0.340612484886243 0.336159514648298 0.345279671957785 0.349861887764409 0.343256652585917
0.454071931930458 0.383804459412113 0.277189708399212 0.203043449238756 0.170061468845896 0.143450831572336 0.117955025559006 0.0815705594471132 0.0833999701418785 0.14375130835965 0.123056948170038 0.0713260370188115 0.0687344795194358 0.0727468632847307 0.0890715289388588 0.096146130617053 0.0986055960218407 0.105779610548505 0.115466694358322 0.13076617470425 0.137083152843522 0.137923277863078 0.0970276989523733 0.0642778172650157 0.0628358294576379 0.169362513417601 0.35559224397247 0.481734152299047 0.579655437705577 0.599048967035177 0.60761212489358 0.606547360312871 0.553616717408833 0.502029912584925 0.504331293591103 0.514545909519766 0.533214886407786 0.556178035484727 0.574117083888798 0.54721160930851 0.524257455316395 0.506382510243516 0.486794192787154 0.465810811548026 0.434245147801563 0.405429802283529 0.38088682853044 0.357006714375519 0.333535207526194 0.314889327603183 0.307633248971883 0.321933013512017 0.326762450981895 0.326794134994487 0.329713788586542 0.329730403771702 0.322841450365336
0.442744041260115 0.388043491530343 0.322753449944285 0.262716329574329 0.20933897998358 0.174489946031751 0.148530428811607 0.158596800844306 0.153145855679711 0.123931205069417 0.0923254646626745 0.0616621830195827 0.0903606148534082 0.104428827861677 0.0912206961757216 0.0806625958633324 0.0714266762352747 0.0723831859153414 0.0777168190855466 0.0927572801004798 0.109302507461615 0.126765227974218 0.106431962401381 0.0899171821373855 0.0914827532378455 0.156650589886653 0.26876995656322 0.362301936767794 0.443683791111487 0.488011570625689 0.527098514147871 0.561526488900469 0.532954052907439 0.497544033856469 0.484865220899818 0.496805453279474 0.53504824052914 0.551488425108486 0.559159676636771 0.542011822701439 0.522463076887702 0.499828114410241 0.479071037474619 0.458275103399985 0.429344514259704 0.402359025228092 0.378395074103755 0.354101934671083 0.3297811865348 0.309220444689373 0.298749874391896 0.307375524466476 0.312004104123293 0.314607731708913 0.315893672253144 0.313112199045882 0.3008880481403
0.41916051464637 0.370392128333165 0.361968733649162 0.326135510650358 0.255551495441987 0.217696453694974 0.19677148016691 0.254194807702556 0.238927461800786 0.11233934245261 0.0719328496844375 0.0681132841266194 0.123728662603482 0.14558345682006 0.104495560681705 0.0732465636913514 0.0469064906248172 0.0421212476468226 0.0424199535909638 0.0536568124661785 0.0787068626143449 0.112179156139242 0.112849227162352 0.112456837667149 0.115121914435227 0.136179315969729 0.170814029273016 0.22549261218363 0.284559867995859 0.351072366753015 0.425980671745181 0.508352633128032 0.516838216877871 0.507899284992387 0.478174442390051 0.487786896608405 0.539426626617916 0.545349294119282 0.540234769861277 0.537222272411755 0.522738263838322 0.493508248121828 0.470530252662118 0.449225586128595 0.423526805558171 0.399305530635733 0.37737942772203 0.353912159236 0.329913647833771 0.309401776467965 0.295465267200916 0.293973002619625 0.296455678074281 0.300952094148295 0.302147490283958 0.297884667799436 0.2810168294224
0.41916051464637 0.372260050382156 0.379032354600571 0.366901149322426 0.330803652719799 0.315321116854049 0.309650223921328 0.343115482739811 0.336962902216146 0.270138321980707 0.230793275308525 0.20232974107104 0.168368573586117 0.13982734445912 0.121390961242835 0.0863606047641787 0.0430510138799699 0.0426210081624748 0.0431997178028399 0.0446131902704189 0.0624630290806556 0.0903345257997372 0.0963116641930078 0.100099836674172 0.101656796617198 0.108545449450698 0.119369986276501 0.112337036931805 0.109537355687564 0.130488980862091 0.233004354091073 0.408027807232182 0.443306900755813 0.454300523575987 0.469717051051532 0.484950545741526 0.499988491423861 0.511828149437391 0.523430893355659 0.539123462678777 0.532409149381381 0.496892000293055 0.468080782704671 0.441370003858741 0.413792609370108 0.390398816441192 0.373503871898169 0.353451425125742 0.332337264149326 0.319303485762202 0.303171133510591 0.281174554959739 0.276976892724107 0.281796322681151 0.286115245654397 0.286515930244017 0.277786909232312
-9999 -9999 0.396976934766306 0.389483696557965 0.372490363676858 0.367837431462099 0.368341712986198 0.38368942538176 0.386533606261201 0.37022948745699 0.351529499107991 0.329547191972171 0.23531374016124 0.167176152925936 0.147691275930018 0.0968946290928753 0.030475594653359 0.0494940681689441 0.0572137525508695 0.036010944064703 0.042127529174958 0.0649014223052869 0.0715961535645646 0.0774483694092756 0.0838705774144102 0.0859670761071949 0.0848703132247963 0.0496252169052439 0.0175650641060631 0.0126025985224334 0.118959269148274 0.324275796531022 0.373080653933283 0.393678749042356 0.414148779078387 0.42974776693329 0.440142619026912 0.473948074722911 0.511631447656108 0.53517050922998 0.532902586997384 0.497461182784907 0.46689582677541 0.436974747302125 0.395310154302521 0.366089220229384 0.356198390033144 0.343116938190111 0.328925896544933 0.321609819117122 0.306757285826478 0.277641583540439 0.268827046308738 0.27029726314137 0.274672770880433 0.276393075810751 0.271785904163794
-9999 -9999 -9999 0.389483696557965 0.372490363676858 0.364331291614236 0.359735171742947 0.364218992631766 0.375913379508778 0.398650252922707 0.42491725130531 0.448072205444492 0.329960988628015 0.235639721274543 0.185672053108364 0.10422439356311 0.00707041560988846 0.0642824673959198 0.0876641309511223 0.0279568661492135 0.0167103714312365 0.035011603361327 0.036724015283116 0.0420116575856218 0.0607177528424816 0.0696673883125044 0.0714147533807272 0.0495621763279246 0.0287372537054124 0.0222610806927611 0.102943075347801 0.261106445454401 0.306959148256332 0.324334721419403 0.300071001669769 0.309508339287309 0.354951293632405 0.430654413231896 0.506047270436041 0.523946983697907 0.521998064478946 0.494534801667344 0.467281337995324 0.436877053079301 0.36596277177938 0.322649966559023 0.322213569549982 0.320519713075476 0.318267752425625 0.314483051587079 0.305226946472818 0.285615899294674 0.274747211008738 0.268307480908594 0.268930575122614 0.267817549814685 0.262343341570293
-9999 -9999 -9999 -9999 -9999 -9999 0.357704603922529 0.359625273380987 0.400427666151405 0.500774747495155 0.515051011556344 0.492823098862029 0.412349574171442 0.336370761159819 0.268771816318206 0.17964963736582 0.079788866904868 0.125325114498479 0.129993958693245 0.0357117964601205 0.00584676358125626 0.0152584431094863 0.0167625783068994 0.0235234855687048 0.0469362679222072 0.0577819572553202 0.0593505518148214 0.0464182581918817 0.0330134622071125 0.0243061171444191 0.0826829178885069 0.20069580354801 0.261079325161044 0.290912353675418 0.21898065805125 0.191053569989564 0.210140230395143 0.303885033085204 0.410170416662784 0.472627497099962 0.503915254649982 0.495136533340002 0.471874204057106 0.439442508535004 0.350574789147142 0.297549578693802 0.300202479076431 0.302308200847844 0.304036512941951 0.30037274723458 0.293910257284429 0.282151023404133 0.275375709555336 0.271125294728988 0.269946999524187 0.267194369217789 0.260631494704491
-9999 -9999 -9999 -9999 -9999 -9999 -9999 -9999 -9999 0.66777728207698 0.602531742764866 0.513026387060336 0.485708955417468 0.442041681375794 0.36789202410503 0.279609070948337 0.18427458964269 0.196631416572343 0.169464434219688 0.0477387325003913 0.00102922578672504 5.8943199409523e-05 0.00253596664846981 0.0108026059122272 0.035139249453943 0.0468969593772908 0.0493688337347494 0.0421405130500111 0.0335796245943354 0.024368248220449 0.0619324936828282 0.141079067164012 0.214849334641564 0.257978255658874 0.151423153589534 0.0864175780962356 0.06580278574096 0.163526899520781 0.28852249397964 0.398512592220735 0.467312400587961 0.483164318991606 0.468546531113265 0.438750178904826 0.341972464133207 0.283286895086303 0.283774045100866 0.28638611771715 0.289635498378732 0.284735935346356 0.279950098002254 0.275379492955733 0.274179362569177 0.274686745168453 0.272477563157594 0.26878487780319 0.261745148404361
-9999 -9999 -9999 -9999 -9999 -9999 -9999 -9999 -9999 -9999 0.602531742764866 0.513470403909911 0.500435574228665 0.491540163114133 0.490362217404979 0.418783713906745 0.312080246001156 0.223000701472335 0.135949414971647 0.0529497288974284 0.0135663610566078 0.000776938097874186 0.000950867188242171 0.00405046474709978 0.0131755515575775 0.0319573808191339 0.0578678686159352 0.0358222618371334 0.0164721690852519 0.0285452511831985 0.0503529386644333 0.0808144406390048 0.0948181314182776 0.106481310519621 0.121286494133301 0.130129493519992 0.132602600182034 0.159437369326777 0.190467160070769 0.20795345116149 0.248418066863155 0.318420076129498 0.362132053510212 0.392437397603463 0.361045586376236 0.326885689232414 0.288425819819655 0.280920437349721 0.285672588993987 0.27614223163968 0.270221065510659 0.271130497917588 0.27084905539306 0.269964304843663 0.26860326880928 0.267670861878016 0.267760214743806
-9999 -9999 -9999 -9999 -9999 -9999 -9999 -9999 -9999 -9999 -9999 -9999 0.506362252926633 0.521233241267115 0.563829461113379 0.506136972648095 0.398407418845112 0.26768950270222 0.158720376634091 0.100529310147772 0.0517006599620247 0.00858050588840244 0.00549388712009446 0.00510276190752581 0.00501828360936836 0.0247238094294233 0.0590384213346175 0.0363492659574382 0.0174861090643521 0.0382951936278431 0.0503078727855849 0.0545007731652141 0.033141631603693 0.0232275339591728 0.0942555382747763 0.143439065196008 0.169284336818412 0.159820406948875 0.139055087853089 0.0994571543773325 0.108604717533681 0.180411980337695 0.255186190445036 0.326644200196979 0.344285348621263 0.334385214983413 0.28170217912124 0.272122725921779 0.279625398946543 0.26772187406826 0.261203563136155 0.264877074194209 0.265132250568331 0.263655667635057 0.263599794401355 0.265673544488558 0.272659613274898
-9999 -9999 -9999 -9999 -9999 -9999 -9999 -9999 -9999 -9999 -9999 -9999 -9999 0.521233241267115 0.563829461113379 0.515797474212279 0.422548337955051 0.339843678609478 0.265877603029264 0.211629621781552 0.128211282634285 0.0270070568832855 0.0192244364681302 0.0178557949879279 0.0175601850417528 0.0290434019080477 0.049221811249162 0.0471389592832081 0.0456683927811994 0.0564003168626492 0.0675557888951736 0.0790877841922082 0.0589529106390146 0.0422867311932062 0.0718807813797971 0.111168188836973 0.160811808649312 0.166908902762507 0.157572517891586 0.113992859340311 0.0873528425990896 0.082487819268396 0.147443652372045 0.231645159275662 0.27380225920517 0.287763228233947 0.257924046321718 0.258329496060618 0.270453369339858 0.259561404174436 0.2532528160683 0.255618528290601 0.255837510010725 0.254968938617607 0.25690340666226 0.262351945102091 0.275886356599373
-9999 -9999 -9999 -9999 -9999 -9999 -9999 -9999 -9999 -9999 -9999 -9999 -9999 -9999 -9999 -9999 0.428030104992953 0.401981574229276 0.373019511086722 0.338262778433509 0.270136589092708 0.181664219059944 0.0872103187641783 0.0170234205417591 0.0180081719021343 0.023255398889178 0.0316492080089917 0.0404588970126546 0.0486204718342405 0.0541784854692027 0.0661958602731298 0.0839554414737996 0.0695570516097268 0.0530796400306475 0.0553236121325697 0.0727493903726581 0.106395143169845 0.130121619340403 0.147558342059904 0.136758555305495 0.127180746518283 0.119173724320414 0.16337199483598 0.22227673100799 0.253727010900461 0.259855157391167 0.226647649318119 0.236128010864231 0.262090119731556 0.253535103498877 0.248345065543613 0.249523439307351 0.24920904902222 0.248138410951427 0.248517521071316 0.255285860762249 0.27691396885299
-9999 -9999 -9999 -9999 -9999 -9999 -9999 -9999 -9999 -9999 -9999 -9999 -9999 -9999 -9999 -9999 -9999 0.479338670968003 0.476489641199644 0.467093011820655 0.433195717836384 0.384359764412754 0.175571253379279 0.0132092161276293 0.0147380062588531 0.0139921753890633 0.0115672072226678 0.0275786301681651 0.0424825234970245 0.0450401124541703 0.0583738350918483 0.0812872641639358 0.0743021545367447 0.0608016589815955 0.0415915190127666 0.0333577660695901 0.0368509918972314 0.0781388991060032 0.126944176484094 0.162172456918564 0.189263496712955 0.205894553745938 0.225669061727035 0.245466280036997 0.252751113138448 0.23928011637073 0.193566806486504 0.211159382732464 0.253302954337155 0.248073316761115 0.24466525114476 0.244704613493372 0.243665526162118 0.242080086456579 0.240408340053425 0.248117582696278 0.27774074641653
-9999 -9999 -9999 -9999 -9999 -9999 -9999 -9999 -9999 -9999 -9999 -9999 -9999 -9999 -9999 -9999 -9999 -9999 0.482293979620704 0.49204113650139 0.475312265054662 0.442440306191247 0.239460913859405 0.072005956508096 0.0388654964539668 0.0178291600459806 0.00572815196210244 0.0321796282949754 0.0579798337943177 0.0641739732425616 0.0729559220041146 0.0840383668679493 0.081959208964307 0.0731428347270768 0.0422958009868442 0.032332778181315 0.044681865208323 0.0800931665788296 0.122256710220534 0.17208530634522 0.205598364898571 0.218138682287219 0.230196896180358 0.240696801235677 0.233546867256457 0.218395824713645 0.19081578033315 0.200387008351928 0.224764589685904 0.235335898479358 0.241882054576332 0.240810381525619 0.239147887194598 0.237186077452482 0.257337422689634 0.277380533751389 0.296211810609874
-9999 -9999 -9999 -9999 -9999 -9999 -9999 -9999 -9999 -9999 -9999 -9999 -9999 -9999 -9999 -9999 -9999 -9999 -9999 0.516527344715941 0.503855576748124 0.483457519342226 0.288282076233594 0.119412867308755 0.0591186785328919 0.0248035825020883 0.00966639063236133 0.040912913783591 0.0715405879209798 0.0791941782420654 0.0838942594893965 0.0859687469276004 0.0868251297270551 0.0812443328272492 0.0442982064288738 0.0321011880470292 0.0463456812143167 0.074218331564717 0.108676895217611 0.166787035912136 0.205175852680776 0.218213974119001 0.22541757377608 0.229481561552643 0.217785419638224 0.20412406411298 0.187409926165619 0.198995322087745 0.22179785493605 0.23192658253788 0.238119346147018 0.236863075275053 0.241942731255515 0.250232225157712 0.28084868603459 0.306224305994535 0.318391135312906
-9999 -9999 -9999 -9999 -9999 -9999 -9999 -9999 -9999 -9999 -9999 -9999 -9999 -9999 -9999 -9999 -9999 -9999 -9999 -9999 0.507651648852425 0.493364222330639 0.309629779372909 0.146053407336883 0.0723080746030758 0.0374983009606264 0.0314309637088395 0.0571803428599227 0.081570539134449 0.0867142094466913 0.088189174342869 0.0864027542263757 0.0866021493650685 0.0816158892876822 0.0486673999826239 0.0333161508935398 0.0367654836311922 0.0540691789305985 0.0788842115614424 0.133755272834635 0.174200646746607 0.196102579731364 0.203669088770309 0.206514165312495 0.208301012843056 0.201908521799016 0.182810164640706 0.21470686341452 0.265454289046572 0.24552461779907 0.232570754413942 0.232819001972121 0.258069972677807 0.295987549355244 0.316360831757272 0.334303815474288 0.347331501708942
-9999 -9999 -9999 -9999 -9999 -9999 -9999 -9999 -9999 -9999 -9999 -9999 -9999 -9999 -9999 -9999 -9999 -9999 -9999 -9999 0.480103761614354 0.482134648441187 0.333574967305983 0.192407586445106 0.100697826999949 0.0495514750464715 0.0283492458133723 0.0541815172678223 0.0811282447693606 0.0912783462623679 0.0940824908362534 0.0903562681326676 0.0885865780258408 0.0821026015610773 0.050060767150875 0.0296773216253913 0.0217494936572619 0.0334986890871886 0.0555917975923307 0.117984095071395 0.15830626485429 0.170258479088989 0.164008401770415 0.154838222070822 0.183024643275564 0.204029092248593 0.213876993931124 0.245473115142818 0.284523089718397 0.272868110343871 0.269368832805222 0.281304682291579 0.303179066900118 0.330088403405151 0.346166951478372 0.355613238773579 0.350038989396542
-9999 -9999 -9999 -9999 -9999 -9999 -9999 -9999 -9999 -9999 -9999 -9999 -9999 -9999 -9999 -9999 -9999 -9999 -9999 -9999 0.472627660352631 0.462624082604652 0.358786649967484 0.24837384106309 0.136499045752363 0.0612918416933587 0.0131528481274568 0.0417887541124523 0.0755798401194651 0.0944012331926214 0.100755164058009 0.0960258408108131 0.0916473063044298 0.0826454620862022 0.0500031658903576 0.0236718559323176 0.004083092630176 0.0127227615235115 0.035468817882005 0.110628920498092 0.149765067163568 0.142594366716129 0.115613993035326 0.0891644207760014 0.150048348899761 0.208263886415703 0.262334319349618 0.283579818452333 0.291603328143603 0.306913682235334 0.326814514065179 0.35540308465977 0.362419278994409 0.358506712155833 0.373190898280254 0.373621669328211 0.339955717856006
