layers/veg/veg_4800.asc
NCOLS 255 
NROWS 330 
XLLCORNER -2985163.8955 
YLLCORNER -3022031.214 
CELLSIZE 25000 
NODATA_value -9999 
[rows 75 to 99 of 330, columns 0 to 55 of 255]
-9999 -9999 -9999 -9999 -9999 -9999 -9999 -9999 -9999 -9999 -9999 -9999 -9999 -9999 -9999 -9999 -9999 -9999 -9999 -9999 -9999 -9999 -9999 -9999 -9999 -9999 0.608263595140092 0.614858232293697 0.619671587452068 0.621795513553496 0.616976793544317 0.604041911850508 0.440810560243527 0.339047151699962 0.350185280600885 0.370101953602619 0.394331781854477 0.517819635538226 0.622376025382739 0.681521370758615 0.716228805404361 0.736249989780832 0.75076512873524 0.763172817215005 0.770553517336971 0.781489037652013 0.795012439386286 0.803427780986854 0.811468028840842 0.820287598425638 0.83058493136307 0.842178142805783 0.85395671385363 0.865306152144765 0.874383114604939 0.883460372349675
-9999 -9999 -9999 -9999 -9999 -9999 -9999 -9999 -9999 -9999 -9999 -9999 -9999 -9999 -9999 -9999 -9999 -9999 -9999 -9999 -9999 -9999 -9999 -9999 -9999 -9999 0.608338242244862 0.617531945415325 0.622428250827358 0.620836225682135 0.617044559330423 0.609151865004286 0.51081944282344 0.433538435393425 0.394923714360833 0.388977365015097 0.399081941339499 0.533810252287063 0.642983189938738 0.691101110179398 0.721889733160327 0.742264110858279 0.754340122665662 0.764567069173893 0.770981635766988 0.779209838976528 0.788758355520083 0.796814359859482 0.805445768483532 0.816809487470607 0.826711028323422 0.835330357642369 0.846133923764487 0.857718821030787 0.871264617699081 0.883511577816386
-9999 -9999 -9999 -9999 -9999 -9999 -9999 -9999 -9999 -9999 -9999 -9999 -9999 -9999 -9999 -9999 -9999 -9999 -9999 -9999 -9999 -9999 -9999 -9999 -9999 -9999 0.61629411094756 0.62338510331961 0.625731091721583 0.620912941269302 0.617180592449371 0.612069464609101 0.556329095258268 0.494843229245203 0.422804294848526 0.402121216082529 0.406670769948358 0.550814185142692 0.66409526931086 0.703927625628857 0.729576858532316 0.746702576378936 0.756623122854483 0.765085345147854 0.770654759799984 0.777023956909331 0.783975389419638 0.791823536653415 0.800608619756109 0.812441891848435 0.821622693907347 0.828477495056798 0.839245144389671 0.851349186520762 0.866654452660738 0.880484888577912
-9999 -9999 -9999 -9999 -9999 -9999 -9999 -9999 -9999 -9999 -9999 -9999 -9999 -9999 -9999 -9999 -9999 -9999 -9999 -9999 -9999 -9999 -9999 -9999 -9999 -9999 0.641338915340312 0.636118908685489 0.630213289721761 0.62327251424138 0.617484642656326 0.610198321579663 0.54818909954797 0.483492824677062 0.413861092694323 0.402792449823688 0.420497564009646 0.569870342883772 0.686065592418478 0.723783306305682 0.741690075383602 0.747691223856189 0.756084370833084 0.763699082916927 0.768693327868195 0.775068645047943 0.782449372055637 0.790415052529444 0.798391296113578 0.806159862324467 0.813918383601828 0.821668096287864 0.834451503099827 0.847690981099012 0.858830678954319 0.870760665503268
-9999 -9999 -9999 -9999 -9999 -9999 -9999 -9999 -9999 -9999 -9999 -9999 -9999 -9999 -9999 -9999 -9999 -9999 -9999 -9999 -9999 -9999 -9999 -9999 -9999 -9999 0.650947405550763 0.646432525596248 0.638560230451774 0.625618816553355 0.615071499095359 0.602199358798491 0.497718291628388 0.423145194136875 0.403505702526272 0.428766335390376 0.476087711515018 0.5951772365928 0.688964077707026 0.723649507980926 0.739937465609489 0.745169245376722 0.752548465045416 0.759204241164723 0.763437709708712 0.7692772963737 0.776286124523958 0.783936252219683 0.791520712616938 0.798595046148457 0.806451615367903 0.81499414178898 0.82976357025358 0.844398140212315 0.852994048599483 0.86473006628522
-9999 -9999 -9999 -9999 -9999 -9999 -9999 -9999 -9999 -9999 -9999 -9999 -9999 -9999 -9999 -9999 -9999 -9999 -9999 -9999 -9999 -9999 -9999 -9999 -9999 -9999 0.651610592878719 0.655343649754652 0.649146779282075 0.627957428553208 0.611083748995716 0.590649340821029 0.422716890977783 0.334403801877025 0.3923319531721 0.469403040179107 0.555879610911036 0.624106415117457 0.680810483865631 0.711931859909353 0.730149646301832 0.740612868522155 0.747275716647001 0.752907985874044 0.756273119419609 0.761262974601465 0.767435614482861 0.774519217208538 0.781953577450361 0.790286858530234 0.799122502130673 0.808398676883205 0.825136895168354 0.84131702709884 0.848308962514925 0.860839912236986
-9999 -9999 -9999 -9999 -9999 -9999 -9999 -9999 -9999 -9999 -9999 -9999 -9999 -9999 -9999 -9999 -9999 -9999 -9999 -9999 -9999 -9999 -9999 -9999 -9999 -9999 -9999 -9999 -9999 -9999 0.549833392575489 0.542788154873943 0.433804253580537 0.373651257218367 0.4031886582696 0.463251154174107 0.538311521207923 0.60210994689482 0.655959050498577 0.687601180224288 0.711490377634586 0.730720359060248 0.73908711158475 0.746188916358244 0.751577524580539 0.757561366057063 0.763978532707593 0.77121757365764 0.778586045316812 0.786081702693984 0.793955298695543 0.802160316192149 0.814501661358629 0.827176554878439 0.837923096646988 0.849123919905396
-9999 -9999 -9999 -9999 -9999 -9999 -9999 -9999 -9999 -9999 -9999 -9999 -9999 -9999 -9999 -9999 -9999 -9999 -9999 -9999 -9999 -9999 -9999 -9999 -9999 -9999 -9999 -9999 -9999 -9999 0.592941115791031 0.505903242588407 0.448158956289417 0.41132921775968 0.412914374546494 0.460688770296547 0.531157288926851 0.588862992267982 0.638297709180488 0.669360435341713 0.696440829944723 0.721127995496155 0.731287121320081 0.739901376644293 0.746640871427064 0.753402499282687 0.760180239842995 0.767991792253395 0.775599466985318 0.782026399652012 0.788636657080607 0.795407675444305 0.803628429746645 0.812701273560792 0.824717327155027 0.83382568047719
-9999 -9999 -9999 -9999 -9999 -9999 -9999 -9999 -9999 -9999 -9999 -9999 -9999 -9999 -9999 -9999 -9999 -9999 -9999 -9999 -9999 -9999 -9999 -9999 -9999 -9999 -9999 -9999 -9999 0.656050039281401 0.591887074849391 0.503885269505678 0.459377574515994 0.42689419204584 0.41649652291682 0.474398415087332 0.56585787762683 0.60647535448865 0.642487597570287 0.669414077545056 0.692429623053017 0.713094846432358 0.724948979008477 0.734844482889024 0.740705336991403 0.747400576621252 0.754703242417754 0.764119029734031 0.772782534910916 0.777805690769886 0.782605298799937 0.78720887353015 0.792947054074512 0.798859462562368 0.804650195213556 0.809892590970973
-9999 -9999 -9999 -9999 -9999 -9999 -9999 -9999 -9999 -9999 -9999 -9999 -9999 -9999 -9999 -9999 -9999 -9999 -9999 -9999 -9999 -9999 -9999 -9999 -9999 -9999 -9999 -9999 0.646933758221354 0.648008364034358 0.60063613724249 0.534564298483793 0.481739741329323 0.445621006059443 0.440186768774119 0.491827567464475 0.571510999220461 0.607109421025021 0.639517074704523 0.665861243216943 0.683046733372109 0.694728207902708 0.71477326240697 0.73153020235055 0.737518535078316 0.743934563297629 0.750661950504329 0.757798162096477 0.764349262506112 0.768588856950624 0.772114222178187 0.775013266358853 0.779471286768556 0.783731023963625 0.785669035285162 0.788213956137011
-9999 -9999 -9999 -9999 -9999 -9999 -9999 -9999 -9999 -9999 -9999 -9999 -9999 -9999 -9999 -9999 -9999 -9999 -9999 -9999 -9999 -9999 -9999 -9999 -9999 -9999 -9999 0.646505599039439 0.643812521606639 0.637053361027123 0.61627690827137 0.588229743474515 0.511935967155006 0.466570634360576 0.47801326764928 0.51187158185811 0.556743375151337 0.595807525754922 0.631512689968627 0.65977300916816 0.669887481104484 0.669096992416371 0.701899681366919 0.729441001477661 0.736264127736259 0.742251327089189 0.747629978164141 0.749756244847569 0.751967630093783 0.755859682579704 0.758487905790527 0.760007853316329 0.764031025944885 0.767698069494614 0.767451327749871 0.768120232142322
-9999 -9999 -9999 -9999 -9999 -9999 -9999 -9999 -9999 -9999 -9999 -9999 -9999 -9999 -9999 -9999 -9999 -9999 -9999 -9999 -9999 -9999 -9999 -9999 -9999 -9999 0.638049192515932 0.631350360282439 0.631148555012214 0.640756141598818 0.610173056780876 0.563600520294424 0.514675924746 0.478147789795314 0.464388912942475 0.492310341824032 0.540710522926979 0.600026580973737 0.645106455912241 0.657704230862589 0.666146263467746 0.672090853766559 0.70028584502023 0.723579960416943 0.729135396808683 0.73454232046245 0.739841127999437 0.742054596287703 0.744116534425691 0.74692353523876 0.74809476493435 0.747831556140911 0.749439697982584 0.751268956467562 0.752571430186177 0.753033397670786
-9999 -9999 -9999 -9999 -9999 -9999 -9999 -9999 -9999 -9999 -9999 -9999 -9999 -9999 -9999 -9999 -9999 -9999 -9999 -9999 -9999 -9999 -9999 -9999 -9999 -9999 0.636892943913419 0.623694119771723 0.625069363021633 0.648448938222197 0.606304339253581 0.539780896836349 0.516715043543876 0.490675612568539 0.459174448608908 0.481324406675228 0.529834728827419 0.606866309900441 0.660507058903854 0.660501120250816 0.66809612154354 0.680258997216277 0.701155336222803 0.718036461153303 0.722023006072253 0.727171410424725 0.733165639397421 0.735007755718854 0.736406604114326 0.737932996120545 0.737758895387655 0.736093600557234 0.735965560576627 0.736445095355542 0.73858863053444 0.738833879921832
-9999 -9999 -9999 -9999 -9999 -9999 -9999 -9999 -9999 -9999 -9999 -9999 -9999 -9999 -9999 -9999 -9999 -9999 -9999 -9999 -9999 -9999 -9999 -9999 -9999 -9999 0.635238858072413 0.636765620190483 0.645376889136276 0.664684543363892 0.618133636779426 0.54729994413671 0.526317729740091 0.509925375217685 0.501963467699481 0.514602268967883 0.537362800472964 0.6171700514496 0.674326238968132 0.678762891961407 0.686416065975257 0.696002246178802 0.706563278714254 0.7149718225642 0.717107414982881 0.723171957725812 0.732096745710125 0.73011523341447 0.727537409170124 0.72737145636083 0.726444482035404 0.724850153614985 0.72606920920589 0.727350704901489 0.726511179592377 0.725897653070023
-9999 -9999 -9999 -9999 -9999 -9999 -9999 -9999 -9999 -9999 -9999 -9999 -9999 -9999 -9999 -9999 -9999 -9999 -9999 -9999 -9999 -9999 -9999 -9999 -9999 -9999 0.644349637278726 0.651206413925808 0.660148276206047 0.67223825871825 0.62590556388677 0.557363078906474 0.514323051521646 0.492429141454763 0.509375463176901 0.530346321936565 0.553294553350895 0.629134419210841 0.681160664527979 0.677946778799905 0.685093390595588 0.698466265398301 0.706710096650615 0.711880568248244 0.709219554030455 0.713343738072429 0.722407493611279 0.721473721847933 0.719571331444181 0.718336884941519 0.717122424316523 0.715925489683921 0.715966308831439 0.71607032994394 0.715417097420268 0.713568324246923
-9999 -9999 -9999 -9999 -9999 -9999 -9999 -9999 -9999 -9999 -9999 -9999 -9999 -9999 -9999 -9999 -9999 -9999 -9999 -9999 -9999 -9999 -9999 -9999 -9999 -9999 0.662583478499664 0.666807663253314 0.670227868292237 0.672434202415848 0.630238930289306 0.569582289730321 0.484024930199986 0.443791225693702 0.486805960614451 0.531230733923956 0.576348300299088 0.642506142832962 0.682075615183055 0.660962443739575 0.667123888908179 0.68967633615495 0.702398190267462 0.708766757502125 0.698812738853742 0.698575725661711 0.705412616775738 0.709654997991189 0.712370632044154 0.710596396337239 0.709488858178218 0.708965959650635 0.705688361267667 0.702937365836343 0.705156405563047 0.701753332419979
-9999 -9999 -9999 -9999 -9999 -9999 -9999 -9999 -9999 -9999 -9999 -9999 -9999 -9999 -9999 -9999 -9999 -9999 -9999 -9999 -9999 -9999 -9999 -9999 -9999 -9999 0.648511353385345 0.67149295285295 0.685746044664181 0.686820593056896 0.664500740523358 0.630773689544629 0.536887961075564 0.477144989054401 0.48011388770026 0.539942742008733 0.627708554139783 0.636982563444317 0.638010665162428 0.622442244087314 0.633328419910053 0.660112797305961 0.679099897737839 0.690344490313391 0.680975646011138 0.686845865122726 0.703810003733246 0.710042121426699 0.712145610751407 0.703672230826467 0.700896173138167 0.703116204580748 0.699718524271626 0.69615565103153 0.69662855636635 0.693923716795132
-9999 -9999 -9999 -9999 -9999 -9999 -9999 -9999 -9999 -9999 -9999 -9999 -9999 -9999 -9999 -9999 -9999 -9999 -9999 -9999 -9999 -9999 -9999 -9999 -9999 -9999 0.632359106265309 0.670867288264358 0.695224087262956 0.698214734950759 0.69794244448566 0.693192811467426 0.599248814517178 0.525372441118624 0.488355370942662 0.555602383913631 0.674077387820244 0.630602004668716 0.595982009124663 0.585624271772913 0.598882953481153 0.62633420036443 0.654357072708804 0.673154983967709 0.665691031855597 0.676357761008403 0.700223484938744 0.706993391588971 0.707999992141749 0.695132313273425 0.690977557948564 0.694463329314249 0.691203915738401 0.687365370476824 0.686498104512106 0.685451175540766
-9999 -9999 -9999 -9999 -9999 -9999 -9999 -9999 -9999 -9999 -9999 -9999 -9999 -9999 -9999 -9999 -9999 -9999 -9999 -9999 -9999 -9999 -9999 -9999 -9999 -9999 0.631095971872978 0.653894787547969 0.672549817298699 0.684948443908163 0.704846301378686 0.724108956829176 0.642503675598286 0.58032180178297 0.553815964131196 0.597547583808531 0.675788918804878 0.634598378037906 0.597566185748749 0.573061574159793 0.573443220005492 0.588780555352927 0.637334603417044 0.673312562204981 0.667891749530492 0.669322644670779 0.675741529746084 0.678733743984067 0.680367407044688 0.678476571054088 0.675636253744659 0.671963318391186 0.667611284962708 0.66443268052002 0.667616654757611 0.670968753163884
-9999 -9999 -9999 -9999 -9999 -9999 -9999 -9999 -9999 -9999 -9999 -9999 -9999 -9999 -9999 -9999 -9999 -9999 -9999 -9999 -9999 -9999 -9999 -9999 -9999 -9999 0.681507796974981 0.674720472189779 0.676302672508634 0.690521414412652 0.711366743107586 0.731994678662972 0.673119569718788 0.6211297432863 0.581786492329877 0.602433725468836 0.65255603653211 0.633531249339893 0.607155078935044 0.565961093900212 0.561101020212818 0.578076238470095 0.627958944412611 0.665422946225949 0.661987896461097 0.661324465214608 0.662678750666935 0.664296047487866 0.665946564203903 0.667607801021504 0.664271067525736 0.656551519767067 0.652035871415359 0.648437878868451 0.64659173841374 0.649833092989719
-9999 -9999 -9999 -9999 -9999 -9999 -9999 -9999 -9999 -9999 -9999 -9999 -9999 -9999 -9999 -9999 -9999 -9999 -9999 -9999 -9999 -9999 -9999 -9999 -9999 -9999 0.683086790449327 0.695937112348744 0.706977933483141 0.715286720077792 0.717496583946041 0.716418355228404 0.690859625294022 0.647531236027977 0.571564340275066 0.569566271288947 0.603911248467532 0.62730572159755 0.624898708056396 0.564425200442901 0.562101819857438 0.594724442969048 0.626373407413623 0.649335320568237 0.647827581870171 0.652345173515484 0.661249158731626 0.663939344431313 0.664985069799086 0.662634458975626 0.65695651719906 0.648360776267173 0.644627928748837 0.639510991069472 0.623383183975236 0.621919504212046
-9999 -9999 -9999 -9999 -9999 -9999 -9999 -9999 -9999 -9999 -9999 -9999 -9999 -9999 -9999 -9999 -9999 -9999 -9999 -9999 -9999 -9999 -9999 -9999 -9999 -9999 -9999 0.709831310035046 0.712005214508491 0.717461340367179 0.720926261189143 0.722854624114847 0.703827322300139 0.674655167270063 0.626849404735308 0.592380006720106 0.564463154318906 0.571056554112765 0.569669123319794 0.549329775445119 0.555041308464892 0.576408425170846 0.623412638429933 0.659199407840659 0.658748511437651 0.66146295086244 0.666481730121446 0.659626252051967 0.652225133825546 0.6478287271613 0.641929474854718 0.634712348910803 0.63283638961048 0.629251858082191 0.612646312115849 0.606170401770301
-9999 -9999 -9999 -9999 -9999 -9999 -9999 -9999 -9999 -9999 -9999 -9999 -9999 -9999 -9999 -9999 -9999 -9999 -9999 -9999 -9999 -9999 -9999 -9999 -9999 -9999 -9999 -9999 -9999 0.715865550606181 0.723367148038503 0.732789642590044 0.712876994530804 0.696599771908568 0.686999934288123 0.625413628024639 0.538284850528094 0.516474485388825 0.509504339940291 0.534388935286131 0.548572980967853 0.556326405303853 0.619774588417193 0.669619610685933 0.671274535522152 0.671347854912725 0.670269777854804 0.652880744310645 0.636515561762513 0.630761798676804 0.625314910421133 0.620137126481352 0.620189686800805 0.618639894108463 0.604687626877829 0.595030915974404
-9999 -9999 -9999 -9999 -9999 -9999 -9999 -9999 -9999 -9999 -9999 -9999 -9999 -9999 -9999 -9999 -9999 -9999 -9999 -9999 -9999 -9999 -9999 -9999 -9999 -9999 -9999 -9999 -9999 -9999 0.723367148038503 0.732469261165955 0.703267026081966 0.683215480970684 0.679971509288868 0.641559547837776 0.585868525306883 0.548769183940211 0.527379341537239 0.541032067397342 0.558243262020055 0.577592960355307 0.613745428610043 0.644361289606163 0.656375398075649 0.658860039462019 0.65440730301769 0.636057534765736 0.619201664847004 0.613659464580839 0.609902971439108 0.607712398493702 0.608538144646223 0.607716123631078 0.5961791212449 0.595912504020209
-9999 -9999 -9999 -9999 -9999 -9999 -9999 -9999 -9999 -9999 -9999 -9999 -9999 -9999 -9999 -9999 -9999 -9999 -9999 -9999 -9999 -9999 -9999 -9999 -9999 -9999 -9999 -9999 -9999 -9999 -9999 -9999 0.675756622632754 0.675876216689724 0.676215475700948 0.65315809521389 0.618605262026658 0.570705094632615 0.53837681863632 0.541615070945282 0.559240402986743 0.585511820036406 0.598821146275895 0.613323252274726 0.633444750762425 0.639301560469108 0.634773787822115 0.619072164764981 0.60441388588094 0.598275277187505 0.595034834596114 0.594335848422402 0.595625322162489 0.595477885366678 0.586540650289968 0.592011409962435
