layers/veg/veg_5500.asc
NCOLS 255 
NROWS 330 
XLLCORNER -2985163.8955 
YLLCORNER -3022031.214 
CELLSIZE 25000 
NODATA_value -9999 
[rows 175 to 199 of 330, columns 114 to 170 of 255]
0.36204495610687 0.360499610103937 0.360909746591092 0.360041180644837 0.355020716183393 0.357676367087646 0.36607789621587 0.375410043159975 0.384840959884192 0.394209685403565 0.413629106909862 0.44210607232393 0.459863193864242 0.475613450372588 0.491230833367776 0.512918778212477 0.541181339032086 0.551784554383336 0.557879017667784 0.563659356467793 0.566662101259723 0.566044681209541 0.578189579895778 0.593097749986562 0.588914156078122 0.589105197910981 0.596189675371677 0.59599220425157 0.592469277711585 0.577021683233703 0.567333544797942 0.568710985293338 0.551708501384763 0.525251991035847 0.492678177187126 0.459749229961957 0.426298305321826 0.402492888973434 0.384740428384558 0.331313392859909 0.280318790110686 0.244336235629217 0.207949516841766 0.171256038150293 0.192072307298323 0.223433221547239 0.267175159677518 0.31139634327733 0.356055344471087 0.408524521759665 0.462053156431919 0.513346901584017 0.552882532257384 0.579509026975958 0.58681993477979 0.588879191428484 -9999
0.363948436000976 0.363117213578979 0.360913735117454 0.356669628460106 0.346704775294024 0.348383188327532 0.358777050064569 0.369945777394531 0.380243135926324 0.386856790054443 0.408545695451072 0.443820202328718 0.460794142254586 0.475458611513696 0.49567036292169 0.520209085580846 0.549434058873153 0.563584677358036 0.572348015027652 0.569132740862509 0.568664558606261 0.57177678641632 0.588566972626043 0.608489708194357 0.610215970982031 0.61625423667222 0.629087242814719 0.630814509077502 0.62737886503209 0.602091405649734 0.583384772809081 0.577321808918567 0.570990622790403 0.564521471996502 0.512618616336666 0.464166153670601 0.42628897407205 0.409713631397281 0.406506073249381 0.347585213259804 0.290538740684671 0.251178320199499 0.213074077556816 0.175923271397002 0.204447410985474 0.245621327235852 0.303298387331351 0.357016297737063 0.407117303025345 0.45915244542079 0.510375178410095 0.555344366603916 0.589709861195627 0.612433648898005 0.61709892668659 -9999 -9999
0.362373521559561 0.367326232769077 0.360449556101756 0.353958959583124 0.350986029427734 0.353733714672393 0.360763508495272 0.368678873973752 0.376899482148494 0.385865493037306 0.405373235513692 0.434381036179342 0.448559017087471 0.462843259125437 0.491850065319268 0.519882873069924 0.546860808819804 0.570180972445469 0.589493228689285 0.585342591542299 0.583008810988877 0.583043022425667 0.596635795732629 0.613881016875621 0.620336220631847 0.635446903358906 0.664196661575211 0.666130450210108 0.656724647358078 0.639822788994702 0.625742060854188 0.617081538880337 0.605431938673054 0.592244855284122 0.54452166145941 0.499711448651807 0.463628830952839 0.430992832782978 0.400519731051394 0.361526885201936 0.322408176473814 0.284759700683289 0.256760513080739 0.236085116012425 0.260827810807885 0.290206819878509 0.315010010392183 0.360502700360849 0.42489640754765 0.473112098398974 0.51749089550967 0.557788927358242 0.589709861195627 0.612433648898005 -9999 -9999 -9999
0.361835683454218 0.367014928361583 0.35975977669095 0.353749748346849 0.353903899995958 0.356481166541327 0.36087223114122 0.366818238041695 0.37387645763314 0.384438207939429 0.402231701089325 0.426542337770463 0.440552227794436 0.455555892904051 0.485543170178077 0.513060009726061 0.537901284846684 0.56833187978608 0.595867040658734 0.590601013765953 0.588562698114398 0.590731205606182 0.603299493075083 0.619080000610847 0.632023466297205 0.654190185543876 0.690890664503843 0.696745781250567 0.689715998447792 0.680434912102576 0.671537770454969 0.663378297490918 0.647831772109459 0.628485590791696 0.58488464412845 0.54223103271056 0.50309924485029 0.455554620006417 0.402730591679226 0.380304032123952 0.356298272334464 0.320977586161603 0.298418972739328 0.285546747140402 0.30371806536809 0.322739837722262 0.329618446120826 0.375078323381737 0.455784351892031 0.492232307706378 0.515837759836178 -9999 -9999 -9999 -9999 -9999 -9999
0.362874888067067 0.359829739008994 0.358726935301047 0.357344409033908 0.354748524796957 0.355270221613052 0.358125552074652 0.364054735559802 0.371341001897479 0.382347932274675 0.399137193921687 0.421137410057199 0.438975308770673 0.456370593516923 0.475455000307934 0.496357935438561 0.519230395922665 0.553640205741743 0.585861189904713 0.579206013382419 0.58074940961673 0.592978379323136 0.607826468869288 0.623986523082496 0.646093583473355 0.672250105731808 0.704787663203801 0.720213072499715 0.728251027926958 0.725427667096523 0.722562157528983 0.719615668060933 0.702333821862229 0.677678341333775 0.638112333511612 0.595356154107047 0.545809516135233 0.485108111227124 0.417406628279484 0.406434302765768 0.393261109459057 0.361204704960996 0.336993566283294 0.318736968752504 0.326094366795725 0.336945113473502 0.348631955193475 0.406516903997322 0.506606412623271 0.519199979633195 -9999 -9999 -9999 -9999 -9999 -9999 -9999
0.361950312639573 0.358675130886935 0.358286781407689 0.357494919205005 0.35493562714012 0.354260912052093 0.354996877926614 0.362020805809743 0.370003973489537 0.378678572186063 0.39424429393525 0.416020197517068 0.435255329086737 0.454022502529889 0.472798004110532 0.495364284776579 0.522036102516472 0.551090323369477 0.577139456309617 0.575727899764464 0.579931215676545 0.591452650724652 0.607969913017095 0.626568636811055 0.650934759800435 0.678161073718362 0.709894401069005 0.723948026050874 0.730471319575712 0.729876403418033 0.732361697044235 0.740764963520439 0.733520411455332 0.718227138025994 0.67647800312061 0.631131248572312 0.578632754064197 0.522454125692206 0.463966060969803 0.447817259439291 0.431219917256758 0.404102320313335 0.379943294895952 0.35802981937978 0.353260262251466 0.353151457888363 0.362633755645228 0.431290739974528 0.554007116712836 0.576711287346795 -9999 -9999 -9999 -9999 -9999 -9999 -9999
0.360266968242996 0.359843908664106 0.35802057420834 0.356220246679298 0.35476961801118 0.353231732887388 0.351628532829587 0.36008594798881 0.368897508217179 0.374318823654345 0.388633724289647 0.410963397089425 0.430672717211319 0.450448758051599 0.473074134649773 0.500382839429852 0.532763740992334 0.55280897734811 0.568518737166615 0.574982163581297 0.58149479024159 0.588071541823979 0.605973119290497 0.62778127034695 0.651911886967354 0.679150597927785 0.711286961978725 0.719692154679545 0.71826560984455 0.718376408137692 0.725902118265809 0.747674016154961 0.754855252218994 0.754531533439635 0.707856834448585 0.658708366185394 0.606120192794551 0.561289538774452 0.521327049306648 0.494408523488987 0.469391196159984 0.447235350882972 0.42382731200558 0.399468860677151 0.382687681930366 0.371093047632001 0.375895341770213 0.453871957452092 0.598697416646641 0.621780492609061 -9999 -9999 -9999 -9999 -9999 -9999 -9999
0.359320300154511 0.358552076898878 0.355907275398337 0.353451049111989 0.351927059863242 0.349241447496107 0.345686313937271 0.352482256292158 0.360480670635232 0.368182965868369 0.38302485343855 0.404300839817457 0.425873197598289 0.447954997246904 0.472387995554353 0.49781935536174 0.524331973152975 0.537494917023716 0.547755402710362 0.561629509423199 0.570961166428281 0.574372441735658 0.592443706933057 0.615955507464562 0.647552433371062 0.677989590271765 0.706599213759993 0.712019758451766 0.708036547681416 0.713726680548588 0.725151574533249 0.747594601364624 0.760056864536665 0.767385352321156 0.708087407783364 0.648698326959314 0.592589710558052 0.55230187693472 0.521942239456089 0.515061791038606 0.50210261750084 0.465864009337559 0.443754753363337 0.432369647585612 0.42244456274449 0.41667503412914 0.426337913926329 0.49024159944304 0.603697300708629 -9999 -9999 -9999 -9999 -9999 -9999 -9999 -9999
0.35823363177811 0.356712889798023 0.353720901552864 0.350718580650299 0.347982274283298 0.344886292353578 0.341521078933049 0.345772867973975 0.351805796141471 0.361034406368356 0.376198794174695 0.396712420095749 0.420721313857954 0.445106148216068 0.46809458514742 0.489947211668247 0.510569718563472 0.52147014348673 0.530919383945883 0.54804344445008 0.558090165031685 0.558912665986904 0.57811247272386 0.604085679343705 0.639575851052202 0.670862604844798 0.695525723543251 0.700774753253121 0.69829577865414 0.709736473421116 0.724864089749265 0.74707534752719 0.761639286612595 0.772269697380486 0.701255890353272 0.632940042531601 0.575313771272037 0.538917183409484 0.515843100748725 0.521436413967412 0.517502550003145 0.478845561314748 0.461107613414293 0.459247175846566 0.459188200921891 0.465118020788685 0.493438939527075 0.525087440604183 0.559775874629678 -9999 -9999 -9999 -9999 -9999 -9999 -9999 -9999
0.356887878411165 0.353860765123509 0.351399294807834 0.348054083191552 0.341997703014014 0.33985590805647 0.340644336121884 0.340718480411861 0.342653397695067 0.352011737765372 0.367120202054663 0.387410596297497 0.414917343911593 0.441600171752992 0.457125546657629 0.472250845115653 0.486942847766421 0.504130121754882 0.521351268440743 0.534025428659557 0.54089360503753 0.540194578104522 0.562297384374293 0.592134303948469 0.624905398493354 0.652694961449484 0.672634758307161 0.682918266212543 0.689458646500533 0.706966777016208 0.725433543369462 0.745742126111169 0.756524023394417 0.762405708128717 0.681355244664591 0.606544036740177 0.551106476924623 0.517395328671202 0.49731840310683 0.501386930477701 0.500865784661868 0.481376559581959 0.47369594488143 0.474978041961733 0.490355522424142 0.518855583702665 0.591368153536348 0.607132781601332 0.571054984633404 -9999 -9999 -9999 -9999 -9999 -9999 -9999 -9999
0.354459661239429 0.351696688866484 0.348949459828609 0.34540122466768 0.339495747443447 0.335859391502786 0.333921563261315 0.332805815692534 0.333639327510075 0.341509568980854 0.35746192115317 0.380697756244667 0.405991496583782 0.429311094369234 0.44045516384783 0.450551857710069 0.459514209705816 0.478603052368223 0.499132127508546 0.511124306170801 0.521399797853734 0.529437853169301 0.549344982774165 0.572852197655838 0.592247965502354 0.611805255745585 0.631617068721692 0.656792643983501 0.684055138943671 0.705535979205593 0.725897860524913 0.74410989845459 0.741744597243159 0.728794991981497 0.654013345123824 0.583928608570392 0.528238859575088 0.501502121065671 0.492934595237972 0.479091712462106 0.467140896685182 0.461995393571369 0.483591158680511 0.525483493160316 0.558380359022616 0.598881515518666 0.673429262770111 0.712507325344703 0.719181843200514 -9999 -9999 -9999 -9999 -9999 -9999 -9999 -9999
0.351495464493184 0.349873298271569 0.34643613292097 0.342754129136837 0.338718201383956 0.332374792290602 0.32430414146692 0.323477881319136 0.32469375025978 0.330274828932267 0.347516608625254 0.375266845804762 0.39551985853006 0.412673083863188 0.420961772925205 0.426870981383848 0.43020313493806 0.449022184324201 0.47064885913349 0.483824732918738 0.500768513771592 0.522623179604335 0.537810034228011 0.549940296066743 0.550684318672101 0.559664770815433 0.581623971403406 0.626572577635172 0.680351783061387 0.704768134092059 0.726310119590856 0.742329618514988 0.722179982050079 0.683426136189271 0.622986925088423 0.563185125103122 0.506034580347461 0.488395925720428 0.495552617869293 0.455684523930441 0.424954862332292 0.431764467564928 0.492152881183681 0.593207503754816 0.644655113236148 0.691924075434626 0.747633314790328 0.757456855760974 0.725361239763672 -9999 -9999 -9999 -9999 -9999 -9999 -9999 -9999
0.366219807192235 0.350259350030526 0.345417149536402 0.341160555068518 0.336385231757994 0.328611114431623 0.318592280290437 0.316916597869088 0.318366717745775 0.327791766144672 0.345943344338965 0.371959146750873 0.384551501447899 0.392387952843822 0.388459472346419 0.393428953931716 0.408035217927481 0.425159424625787 0.442228545587727 0.454029918073763 0.470863288301645 0.494255090488137 0.507513073175509 0.518093397212178 0.537429913138037 0.555237861901102 0.570637134842299 0.593892416439492 0.620382097295294 0.645546669693233 0.666010964158459 0.677444666831258 0.663260162840465 0.635898498931679 0.602145536712321 0.567344185927423 0.530389547436192 0.502643697869538 0.480676744580121 0.456560992944936 0.43944194729369 0.443725390846903 0.492877018731464 0.576083509243489 0.652167950234626 0.720029973792288 0.759463389375689 0.806783034538039 0.861307192375146 0.869997551681725 -9999 -9999 -9999 -9999 -9999 -9999 -9999
0.377496165422189 0.355254932313942 0.350025919908609 0.344468301775922 0.334517851871227 0.324082431702816 0.313283991967243 0.311027838116741 0.312495487006137 0.324121813295689 0.341964849877589 0.365410297129167 0.371742523763595 0.37232269735858 0.359512978883305 0.36317897164433 0.384688695673958 0.401079795753493 0.415346056536006 0.423295356011912 0.437881955745346 0.461119251357647 0.47508127591839 0.487215272065491 0.515611593563453 0.537091079411004 0.547671198059978 0.555199802331043 0.561874652987119 0.585237558700134 0.603655540514482 0.612572894958975 0.601466757948078 0.580061197855426 0.568988446590731 0.555444932843748 0.535493870308924 0.500820937585361 0.456909421859791 0.444184947471986 0.43783243827441 0.443786618280256 0.48351279663257 0.548871854529339 0.639649910233595 0.723360893213746 0.766940385182673 0.816147968629767 0.870497129047606 0.887211189520659 -9999 -9999 -9999 -9999 -9999 -9999 -9999
0.38037428749351 0.370692827967144 0.367420192189128 0.358918720036706 0.333759210672349 0.317818066448061 0.308777235858407 0.306588380040575 0.307583944469087 0.317480108183329 0.332248401815729 0.351407389457328 0.354752145088702 0.352869480210877 0.339068461398215 0.340503002158807 0.358438149591417 0.376332101213357 0.391967785498751 0.390494000992222 0.398168905354674 0.417767712814049 0.438351878184331 0.458817175708582 0.47340860797939 0.486215237269171 0.49620942109248 0.50287392304457 0.508409434643229 0.524223524741181 0.538455359776574 0.549647225732262 0.534316729954739 0.5053440067352 0.507443190892793 0.506177757613475 0.495294422294871 0.461527964979318 0.413401401291167 0.400856792556754 0.397803078060865 0.415436317449915 0.451385811703514 0.501237306953084 0.583854363918479 0.672178316605546 0.766386541152289 0.841763930268392 0.899938295914511 0.902243257757854 -9999 -9999 -9999 -9999 -9999 -9999 -9999
0.381077527804684 0.377307608506519 0.372475218753778 0.36343975952809 0.34226596616294 0.327910817983877 0.318659697431444 0.317318995492491 0.316651536274336 0.314821999544055 0.321636939019615 0.33624215718791 0.330878653001562 0.322287082302821 0.316086795536136 0.318583531959229 0.330499427434667 0.346636955970278 0.361428424831949 0.357845334190606 0.364169221874244 0.383405325857088 0.401896447740588 0.419115154972066 0.422732879758797 0.427982340026749 0.435803046031862 0.443439152888218 0.450943052753433 0.456220106093744 0.463800827462633 0.475807560631069 0.465830450704621 0.444545577519121 0.450149341079512 0.451330985942144 0.440603923087836 0.410241493842266 0.367557059317825 0.354918701419678 0.349090558734748 0.357127840145649 0.372590146421518 0.393688031795366 0.492826114616843 0.604254049576741 0.724631433609529 0.825114652045841 0.907423435315297 0.920542260604371 -9999 -9999 -9999 -9999 -9999 -9999 -9999
0.380464174613707 0.37858119935896 0.370060519364284 0.361949917964813 0.356381652354844 0.347905566986877 0.337252862661178 0.337233016038064 0.334181582350908 0.314575413833413 0.31048366719046 0.320373296316421 0.302838376972786 0.284967487301183 0.291569233273458 0.297122018630001 0.301538745514164 0.313946805864373 0.32655400363572 0.325289099225724 0.333628200785155 0.354484640966735 0.365606867027549 0.372570153775777 0.366928064474685 0.365295751959428 0.369981939952503 0.379700921413513 0.391054513474619 0.383985570778948 0.383422978102151 0.395360963459291 0.396535254043838 0.392173055318676 0.395429136172046 0.393106531606156 0.377141073958324 0.3516945993924 0.320298394213565 0.307400650795297 0.295121573942211 0.280683783609154 0.26554297688188 0.249868582110279 0.380469281543302 0.526194978336186 0.657934595065652 0.782879550636132 0.901617202456381 -9999 -9999 -9999 -9999 -9999 -9999 -9999 -9999
0.383644913905821 0.378096722240417 0.370679613515692 0.363515504122292 0.357471423958505 0.349923116287322 0.341248834387394 0.334377552943078 0.325613093230876 0.308788952454278 0.300388204990071 0.299578499467502 0.281748141079702 0.264867079067483 0.269161925993365 0.272042314281962 0.273390797850193 0.284413881967246 0.295893482879993 0.292218782818975 0.29618542280247 0.310111369472011 0.318195117529211 0.323670306858095 0.320090415894158 0.31980986897955 0.324728341403495 0.333997596585479 0.344644733907663 0.337951045530357 0.334112202403846 0.33575834175274 0.337023103365991 0.338091696860304 0.334385100694667 0.327990943892583 0.315467515252945 0.29378975876327 0.266367282575221 0.255093825252742 0.242622865247824 0.223067852320379 0.18899419531874 0.14390091635441 0.301466252876269 0.471308196245161 0.58802622678992 0.646173450179152 0.650812958848898 -9999 -9999 -9999 -9999 -9999 -9999 -9999 -9999
0.381863126482436 0.374965823281671 0.364837533249088 0.355463475634254 0.348956904822462 0.341832667661864 0.334246082626827 0.322005156079761 0.309196939834048 0.296420562160583 0.285859748621194 0.277295569887092 0.262430447804485 0.248886708205359 0.248198049415843 0.247437326378202 0.246598555415398 0.255280111772384 0.264558218737542 0.260044954814878 0.259719255449663 0.264851399794101 0.269691532840642 0.273980945805312 0.272250877740693 0.272996160724352 0.277642036606869 0.285732861845183 0.294949886084589 0.291850238718002 0.287293721162333 0.279938135091887 0.279655057159069 0.283009843967316 0.276014757631764 0.26839782536854 0.259847918894296 0.241510921785417 0.217032120135604 0.207105037820354 0.194436825588314 0.170411720425658 0.129992586378176 0.0771304170284293 0.243723245851301 0.421361232162414 0.532727302554604 0.585894883856406 -9999 -9999 -9999 -9999 -9999 -9999 -9999 -9999 -9999
0.365199593344055 0.364577946816233 0.339961879511471 0.319341823642408 0.315299266567194 0.308047042923576 0.298392255956845 0.286489659703972 0.275012239803331 0.266212980039151 0.25845627083839 0.251639093339365 0.246936590974899 0.241603091313427 0.230985530679998 0.224840606282691 0.223539692436125 0.226721450248574 0.230535313350609 0.230528765810823 0.227287290720888 0.219829587143358 0.220061316421642 0.222455342429462 0.2199338318876 0.219293448691234 0.221617296354485 0.226899385385552 0.233433877605345 0.240853969998028 0.242026976143604 0.231197524860641 0.226665235281962 0.225371997831188 0.226431020778687 0.225844990901934 0.221230380760033 0.205215593531858 0.182046723235508 0.172332445207954 0.158327425819569 0.128566342097565 0.115724439991713 0.115724163066235 0.240825168531696 0.381387587379669 0.519810175954456 -9999 -9999 -9999 -9999 -9999 -9999 -9999 -9999 -9999 -9999
0.337600874762552 0.338380086501966 0.319011420286904 0.302443912185526 0.298167475627136 0.291675292794666 0.28352453558446 0.271428484478155 0.259530826070076 0.250247196039746 0.241736587917948 0.233922616117387 0.233202744328641 0.231615783402032 0.218764969715737 0.209577350123311 0.204357088908212 0.201189249814197 0.198738656208211 0.19779530093865 0.190770009199058 0.175817852512055 0.169298119464601 0.165670021821432 0.16354362879765 0.163808170963092 0.167840285743016 0.170493634414083 0.17302804493734 0.193821483904073 0.203031625519679 0.189986906574745 0.178800654267905 0.168570335856594 0.186548497898638 0.196403430942602 0.185494469100823 0.173011607755387 0.159541059314839 0.149804652956867 0.137222791991635 0.115316831963062 0.133415080944089 0.181876444961856 0.264564030260019 0.333821557298337 -9999 -9999 -9999 -9999 -9999 -9999 -9999 -9999 -9999 -9999 -9999
0.301985342062577 0.300591594973314 0.300938603600146 0.299639328668271 0.293151130443844 0.288070019882985 0.284042170507001 0.271362801686534 0.257761184343909 0.244722373362026 0.232849419401303 0.222027119163774 0.22075919811302 0.219646342819038 0.210204117839192 0.199690410399193 0.188016252596608 0.177875811568808 0.168574108411451 0.16270318355558 0.151257696132921 0.132546627291325 0.117704310679297 0.105028692041409 0.104167308589427 0.107016056884959 0.115711132940044 0.115867699987152 0.113436105473415 0.149694930104008 0.168633965843776 0.15429668353532 0.134693494975243 0.112381698053075 0.153778138735411 0.176574021698755 0.151871138332858 0.143807071078745 0.146184549751415 0.136253781026431 0.127118467217839 0.123031553396167 0.174535380120363 0.268232468302788 0.307830991456158 -9999 -9999 -9999 -9999 -9999 -9999 -9999 -9999 -9999 -9999 -9999 -9999
0.299833490008499 0.297352630602639 0.295375626056206 0.293097275811486 0.289831802006578 0.285954133919146 0.281618214016935 0.269756786192121 0.256804990931207 0.243245295626847 0.22905407304497 0.214293727085717 0.205938898008306 0.199428392641652 0.196333482633657 0.189002074413793 0.177082400805668 0.162832842580151 0.148474733357587 0.137776734020754 0.12240604596212 0.100945229763951 0.0840340427301199 0.0700865550236467 0.0755376925688189 0.0829918007523973 0.0936021372431586 0.0971938409632207 0.0983132588893613 0.117383292690931 0.123543139535924 0.104898787557418 0.10133113701048 0.1055184440376 0.133207251776719 0.146682149285685 0.125181769178902 0.124344404264716 0.136473936795026 0.12785964136588 0.122252482344532 0.130140493427751 0.185908417797886 0.278017101079936 -9999 -9999 -9999 -9999 -9999 -9999 -9999 -9999 -9999 -9999 -9999 -9999 -9999
0.300910903457081 0.297551989267905 0.291975644387487 0.287392322674104 0.286174088136115 0.2834564305853 0.279616395161372 0.268420722348636 0.25606691326387 0.242767081630388 0.226777057080727 0.208362669035208 0.193637350693379 0.18188786037242 0.182001388823801 0.176708944828416 0.165561656802196 0.149177000730888 0.131657521570384 0.115585235577794 0.0966624477632711 0.074024471030525 0.0566938889671641 0.0428505767800127 0.0520334944047133 0.0620122456639487 0.0732450505757758 0.0806593153978882 0.0864365923055055 0.0902524659164718 0.0861222950400759 0.0667254771361939 0.0765241433148195 0.101340002839188 0.113450295448073 0.11766878635485 0.103820083508808 0.110793070356155 0.130832529466079 0.12266638405862 0.119584160920698 0.137829125746468 0.148476810011711 0.153358173448805 -9999 -9999 -9999 -9999 -9999 -9999 -9999 -9999 -9999 -9999 -9999 -9999 -9999
0.299418326612042 0.295483124794676 0.29114538041991 0.286398685763724 0.280531222146491 0.278903103205984 0.280448302682599 0.268749148390889 0.255782078406701 0.244224754372071 0.227902372038581 0.207285787112438 0.19166923150264 0.177810770729152 0.168265239115236 0.158835279308983 0.149530487530294 0.13706170412376 0.122603129659454 0.0990917405413168 0.0777805455752089 0.0593369639074567 0.0449703474601825 0.0329451995302302 0.0341403917705808 0.0380824269000141 0.0463528646109276 0.0564507407281584 0.067284312121575 0.0771395516454068 0.08166543412429 0.0759520820987507 0.0786635211900545 0.0857083947516204 0.0914143843183911 0.0962600053216803 0.0991335017662468 0.114856180182924 0.138642252219799 0.127062298326923 0.122763992813143 0.147921464255955 0.157132501490712 0.154240226892238 -9999 -9999 -9999 -9999 -9999 -9999 -9999 -9999 -9999 -9999 -9999 -9999 -9999
