layers/veg/veg_1800.asc
NCOLS 255 
NROWS 330 
XLLCORNER -2985163.8955 
YLLCORNER -3022031.214 
CELLSIZE 25000 
NODATA_value -9999 
[rows 225 to 249 of 330, columns 57 to 113 of 255]
-9999 -9999 -9999 -9999 -9999 -9999 -9999 -9999 -9999 -9999 -9999 -9999 -9999 -9999 -9999 -9999 -9999 -9999 0.195716924843567 0.201072085170935 0.193142502000523 0.158064150932396 0.121413748133915 0.0839040822227913 0.0352189183319806 0 0 0.000782286745196424 0.00208465064963237 0.0102957924979883 0.0155966059948353 0.00954191682515589 0.0114993892826916 0.0198875703891437 0.032218218226647 0.0425329844266662 0.0418611152731556 0.0424871880806236 0.0443661533288845 0.0457265847459968 0.0473424259759136 0.0511065466186119 0.0554907855330529 0.0605945087300288 0.0607769749278197 0.058935097596962 0.0512310144140101 0.0451424168249848 0.0413124563918916 0.038281343714976 0.0356332512304605 0.0346815384852727 0.0355603077406826 0.0395415023463318 0.0422030153815386 0.0442774549341309 0.0475099759312856
-9999 -9999 -9999 -9999 -9999 -9999 -9999 -9999 -9999 -9999 -9999 -9999 -9999 -9999 -9999 -9999 -9999 -9999 0.272382460263684 0.246555387812885 0.215991086561557 0.175745760967874 0.129955156948044 0.0811335755698237 0.0341038338046485 0.000344191690483608 9.82233336311835e-05 0.00163422289043402 0.00435490417178417 0.0120737318629324 0.0161316166642799 0.00695895770209865 0.00789229173766192 0.0169368820858458 0.0324822110279646 0.0455944594254787 0.0443691815345742 0.0439951960479085 0.0444429559475858 0.0454533941475199 0.0467730506876866 0.0492223242022115 0.0528298376539118 0.0577811841583943 0.0618380971565086 0.0646141803716465 0.0580133268496196 0.0513160989035875 0.0444841282797141 0.0414515502999878 0.0395737074734745 0.0338585889270036 0.0319810922625552 0.0366078580860924 0.0398169298323533 0.0423882462737055 0.0452177789511943
-9999 -9999 -9999 -9999 -9999 -9999 -9999 -9999 -9999 -9999 -9999 -9999 -9999 -9999 -9999 -9999 -9999 -9999 0.272466223487541 0.254593503626588 0.230792903809981 0.194878059027451 0.145688573769229 0.0892433419766463 0.0379971680553153 0.00114145887047436 0.000325742597978891 0.0026829614830513 0.00714960010881583 0.0156694010707262 0.0193680862821955 0.00636505652477048 0.00717798698235559 0.0190798618449019 0.0355896634528407 0.0496067316175868 0.0502034396505091 0.0492723653659804 0.0468665356807799 0.0470565251778775 0.0479488303493806 0.0497781193291444 0.0515324017297968 0.0531996587076928 0.0583956554708286 0.0641343916401235 0.0658025057709256 0.0609336669660821 0.0469254060317342 0.0431161694957347 0.042550901209743 0.034259290581659 0.0296847309558143 0.0314100820932086 0.0375782495957884 0.0456814511376168 0.044121407763478
-9999 -9999 -9999 -9999 -9999 -9999 -9999 -9999 -9999 -9999 -9999 -9999 -9999 -9999 -9999 -9999 -9999 0.252179375367544 0.253511943335293 0.250150745664709 0.240377421835069 0.217500245089324 0.161003341446016 0.0861303305650117 0.0409556224921158 0.00847871549827469 0.00546452574592317 0.00918002014933548 0.0173695198197424 0.0200512039662946 0.0195540579183852 0.0103788907791178 0.0123591342410593 0.0232929159331503 0.0396051476605763 0.0534672287015389 0.0536131984286624 0.0523106320641415 0.0496098060131327 0.0493426984618827 0.0496318663924946 0.0501964202879205 0.0510889175706686 0.0523619069683751 0.0565122738190766 0.0614555449197977 0.06626929365748 0.0635713314695646 0.0503711218676457 0.0456156497872639 0.0436266168802177 0.0366763179344009 0.0312553587737803 0.0284264286618876 0.0336034170119444 0.0423256188816829 0.0417526499957871
-9999 -9999 -9999 -9999 -9999 -9999 -9999 -9999 -9999 -9999 -9999 -9999 -9999 -9999 -9999 -9999 -9999 0.244715900445821 0.231843180096003 0.243067626663465 0.247940597962899 0.23983366280884 0.176102262170555 0.081967249215843 0.0442024288826953 0.01702979109984 0.0114921854793461 0.0169643382924864 0.0297559605012639 0.0249761742417237 0.0194674277198175 0.0166224632883231 0.0200695095367881 0.0285666395680427 0.0441140510777626 0.0573630042402134 0.0565056318885779 0.0549526032409528 0.0527280634311658 0.0520188489267798 0.0515562395609802 0.0506763502791646 0.0510105812516005 0.052753479699011 0.0552713540070233 0.0583278601874068 0.0643091055126134 0.0638928573803842 0.0545321677241204 0.0487148968396047 0.0441705998173235 0.0395469308749144 0.0338903675379483 0.0264831845539452 0.0292250116864951 0.0365101236133589 0.0388431927621131
-9999 -9999 -9999 -9999 -9999 -9999 -9999 -9999 -9999 -9999 -9999 -9999 -9999 -9999 -9999 -9999 -9999 0.256474554166023 0.260250228731063 0.256971612002847 0.251654219011964 0.242170372708695 0.190154281631169 0.114890616490562 0.0557084708764315 0.0122487560139689 0.00719637939211287 0.0174393771174976 0.0378509925382015 0.0337633108858826 0.0296377450407044 0.0323812119284169 0.0355020885098404 0.0389258810700542 0.0512410679227776 0.0624409720644207 0.0634142112309497 0.0624234123284869 0.0595367440235012 0.0569232373904527 0.0544713028764548 0.0526353787302703 0.0520341702374018 0.0528655247674936 0.0557094790095934 0.0591232837606083 0.0625853233640623 0.0644028849092644 0.063921274454143 0.0562311533665872 0.0461310007046727 0.0393987889853942 0.0334111156489041 0.0286853365851981 0.0272668772126367 0.0273895747604424 0.0343382287681279
-9999 -9999 -9999 -9999 -9999 -9999 -9999 -9999 -9999 -9999 -9999 -9999 -9999 -9999 -9999 -9999 -9999 0.28108523687991 0.27963506341498 0.268720887783695 0.257308205591557 0.244876772911812 0.200342018424215 0.138260004078594 0.0716253907449131 0.0202998111353345 0.00825361569818154 0.0212228000405984 0.0508226223593622 0.0470226372771978 0.0425562467584562 0.0454721733668142 0.047547661809603 0.048948599084846 0.0568051846364294 0.064595545653806 0.0681141044753326 0.0685317409058813 0.06595608307525 0.0617598179716947 0.0576077788429445 0.0557196294092229 0.0545747106803213 0.0542921158576525 0.0566126446261558 0.0594943042792679 0.0608366898965593 0.0635539805664656 0.0681935487542834 0.0616246611292797 0.051028966563686 0.04068135690852 0.0329133025385048 0.0295172538513548 0.0262668900735531 0.0231548051361623 0.0301453732285759
-9999 -9999 -9999 -9999 -9999 -9999 -9999 -9999 -9999 -9999 -9999 -9999 -9999 -9999 -9999 -9999 -9999 0.283138224793609 0.284656149859235 0.277039774327936 0.266051336601147 0.248171735797157 0.204377652899094 0.146419049765012 0.0945646157429142 0.0487800994940712 0.017833123108659 0.030273311122148 0.0715580032085943 0.0674018799059247 0.0598499748903116 0.0543159041443489 0.0542009780601661 0.0584355573988227 0.0598810978855877 0.0620959513170427 0.0692976755371835 0.0724709425777217 0.071755573839371 0.0664884455208788 0.0610967531644367 0.0605952817199682 0.0595303023445736 0.0578115201095315 0.0582561746739736 0.0591896570892481 0.0590484920725936 0.060541598901432 0.0643196082555552 0.0636386625987912 0.0606036607644476 0.0442416756879372 0.0323859391744751 0.0281676991083513 0.0267923142323765 0.0266984037898601 0.0264494076195029
-9999 -9999 -9999 -9999 -9999 -9999 -9999 -9999 -9999 -9999 -9999 -9999 -9999 -9999 -9999 -9999 -9999 0.29743978795768 0.296202373042176 0.28834722955487 0.27457705557065 0.248718895838304 0.196159929188891 0.129006647340665 0.108393170330949 0.0852626606230367 0.0514103293413185 0.0541572376345739 0.0812359253748907 0.0821120603115952 0.0794103898017399 0.0726497578440952 0.0698715684147688 0.0702897607862885 0.0691793374359204 0.0688049730883214 0.0724972437349361 0.0755679388493999 0.0780386323389631 0.0745152720033582 0.0701015557598227 0.0678408264753108 0.0649558017467733 0.0613464462250593 0.0592644317226435 0.0577391131770137 0.057381553106335 0.0584331257242796 0.0614548300847347 0.0620469234680695 0.0609099107565191 0.0445423403224544 0.031913149836791 0.0256200198624905 0.0244591111796469 0.0255988935769299 0.0246816963614598
-9999 -9999 -9999 -9999 -9999 -9999 -9999 -9999 -9999 -9999 -9999 -9999 -9999 -9999 -9999 -9999 -9999 0.319223483135019 0.310244170135139 0.300761870766654 0.282966770514498 0.248183589024007 0.183119100839914 0.101503242658242 0.118274858887104 0.124470757576113 0.0946636569173435 0.0841633322736877 0.0864984714617663 0.0944635051750345 0.0996382271117138 0.0942093706671592 0.0887007069602657 0.0831279884731459 0.0811379300799917 0.0794298344794898 0.0767027097851459 0.0784138972256762 0.0844093499807138 0.0837068136064651 0.0811562902781208 0.0759767603079184 0.0705868620430995 0.0649528866587741 0.0600628092454615 0.0558368188306086 0.0557571318821738 0.0566760969842794 0.0589912940525987 0.0589199437756543 0.0573079772841287 0.0435530032548475 0.0315954424941194 0.0226842599481978 0.0209647655076529 0.0224874542589703 0.0236713472350708
-9999 -9999 -9999 -9999 -9999 -9999 -9999 -9999 -9999 -9999 -9999 -9999 -9999 -9999 -9999 -9999 0.325437979369374 0.320379698073504 0.313082349021277 0.306442192402864 0.289363777632926 0.250953686578872 0.184995953728046 0.103981036702421 0.123098254270402 0.134943698837282 0.119009356453473 0.108802273938777 0.102402768455451 0.108017700040353 0.107044224124897 0.0813987679050074 0.0790582979187623 0.0954228395771301 0.0949735278529143 0.0918790146195627 0.0879606730362436 0.0858872962127008 0.085594848329394 0.0829066207311893 0.0800711904155552 0.0793278470946848 0.0765679221816064 0.071468284303829 0.0634329619581279 0.0552978696208127 0.0537517894538846 0.0536240036470013 0.0554791586671296 0.0549914249551373 0.0533514776404737 0.0462208261389989 0.0371919641977632 0.0249458861426949 0.0193415623880263 0.0167770359558731 0.0202406136571832
-9999 -9999 -9999 -9999 -9999 -9999 -9999 -9999 -9999 -9999 -9999 -9999 -9999 -9999 -9999 0.329262642161296 0.327700470409835 0.321635675465816 0.313633916563507 0.311492164743356 0.297314436978549 0.258539928899651 0.191723940625979 0.109580842505966 0.130652806823857 0.146413452517825 0.139083035728776 0.131338334694356 0.123318210645582 0.124213555424062 0.11831959969217 0.0879902388570786 0.0867551203440241 0.108871577153474 0.10803506491067 0.103663129568898 0.0984871915260555 0.0935113728172713 0.0887287276158061 0.0844299283009008 0.0809472560572994 0.0816834192493535 0.0802195090791733 0.0762029919682189 0.06601150358112 0.055109751389411 0.0535115436713365 0.0526570928465257 0.0528425008483247 0.0515250416806264 0.049612189998776 0.0467425169474195 0.0407444448966638 0.0294441495199037 0.0205215644029312 0.0127596664475724 0.0172453121785242
-9999 -9999 -9999 -9999 -9999 -9999 -9999 -9999 -9999 -9999 -9999 -9999 -9999 -9999 -9999 0.33043004570656 0.331985306425313 0.323085414778225 0.309744352322037 0.315317851942647 0.308282650796377 0.27548024604027 0.207873959604401 0.121244322265532 0.143511902690708 0.159819248075295 0.150859456700206 0.149790110960816 0.153966463907419 0.145540130779588 0.137110209593214 0.132265055722523 0.128128768600289 0.124561431000333 0.119593195780139 0.114155533023544 0.10759307393531 0.101428100448068 0.0956468164629597 0.0904660148801131 0.0856323618656167 0.0821054701322384 0.0793467164064299 0.0774791849658652 0.0670525521010325 0.0556030286269002 0.0566995266674081 0.0557400921734013 0.0519062243634911 0.0489562332682421 0.0462947786537492 0.0430959194286875 0.0403269219053715 0.0382864832207425 0.0271460436580834 0.0120305920113479 0.0150957212490935
-9999 -9999 -9999 -9999 -9999 -9999 -9999 -9999 -9999 -9999 -9999 -9999 -9999 -9999 -9999 0.349145092481957 0.347120008384828 0.336476278300022 0.322136404263081 0.320091522856292 0.308618273489315 0.277877164456986 0.219528879010039 0.146090868537342 0.156885273357797 0.165447678133817 0.160502070956216 0.169433814519555 0.187591450245118 0.168989892352234 0.152407194185164 0.152823763275592 0.147995828830511 0.138958559150539 0.129374111058931 0.120215049537149 0.113198325637081 0.107518874396041 0.103130281187292 0.0970183255943986 0.0908357353639186 0.0863661162075447 0.0828993791855876 0.0805962233155297 0.0698572169443924 0.0579332849866374 0.0567653740751416 0.0546393574363305 0.0511737973171185 0.0479060132058759 0.0447587690213221 0.042490505416009 0.0413011835733634 0.041940525588018 0.0326188105765896 0.0188997730419166 0.0186498991074448
-9999 -9999 -9999 -9999 -9999 -9999 -9999 -9999 -9999 -9999 -9999 -9999 -9999 -9999 -9999 0.35328721834512 0.362323260209034 0.356076238285802 0.342994503763306 0.325358122427701 0.303425205348888 0.272711866451914 0.228846455099151 0.177792291304052 0.170526054512179 0.167032065791318 0.169035157206385 0.189697291510515 0.222764265957292 0.193543659527866 0.165887577913342 0.161050666227289 0.156679982215175 0.152683501130393 0.138230917112635 0.12396957180162 0.116983333836949 0.112660196487002 0.110907727725921 0.103839060403058 0.0963085955558394 0.0926227391622458 0.0887531720188409 0.0846704568308695 0.0735789197220139 0.0612187261658568 0.0552077863102989 0.0513631819344557 0.0505473670601051 0.0476454224438169 0.0441490452963758 0.0434664334463947 0.0429991396821007 0.0428967816490418 0.0374927148694671 0.0297198635784938 0.0251698991103932
-9999 -9999 -9999 -9999 -9999 -9999 -9999 -9999 -9999 -9999 -9999 -9999 -9999 -9999 -9999 0.387962060069364 0.390026478216569 0.391547300966245 0.392504172734358 0.363151164212918 0.332134932175044 0.297719728285192 0.248709403190503 0.191721573899411 0.160038648365941 0.141715398698545 0.154943831524537 0.184793821131501 0.225694096437242 0.227662347766911 0.218614525252965 0.185156477806153 0.169248074578207 0.167425339377766 0.155179296938526 0.141842630123247 0.130324407945556 0.122464442289924 0.118135760837103 0.111174802902705 0.104334521124394 0.101459636240785 0.0965705122570908 0.0893443931551825 0.0788705165828097 0.0676172687165289 0.0575626556391171 0.049921000823705 0.0456529429049505 0.0429494498004619 0.0409416771522714 0.0412846089775554 0.0416591709072159 0.0420873416883243 0.0372192593642422 0.0299985904163809 0.0279135941158154
-9999 -9999 -9999 -9999 -9999 -9999 -9999 -9999 -9999 -9999 -9999 -9999 -9999 -9999 -9999 -9999 0.408828391057123 0.420860024463829 0.43767273347574 0.401734054730962 0.365895074722392 0.330259839547094 0.273409539813563 0.204963360596401 0.162292767633164 0.137024029640899 0.153522503906606 0.188614839847319 0.236068682382142 0.261569811200222 0.267279906127664 0.215440736954937 0.189295377806727 0.183772344322423 0.171436624383611 0.158013513006042 0.144190436818601 0.133906175465334 0.127037902259768 0.119633552470453 0.112694589946169 0.109164881098364 0.103077653340264 0.0940230970222879 0.0837804279535614 0.073002619853043 0.0603869712034707 0.0502015842286527 0.0434139863383513 0.0401662729875761 0.0383472198784147 0.0392506492977279 0.0402707289851306 0.0414885154780168 0.0427438463504671 0.0439461053210448 0.0353995203798532
-9999 -9999 -9999 -9999 -9999 -9999 -9999 -9999 -9999 -9999 -9999 -9999 -9999 -9999 -9999 -9999 -9999 0.434441411667481 0.470717623588416 0.440287429582825 0.409777322080207 0.379103902957533 0.309103145673478 0.217606574767005 0.19657897750969 0.183464449460039 0.183872399460719 0.214881251015953 0.266234087751027 0.29440340295946 0.303865468070781 0.259624023008123 0.227076398243612 0.203914449259122 0.185554886229015 0.169259800736057 0.158751294374753 0.149004676996701 0.139993504635867 0.130759065790626 0.121705990671608 0.113999259326451 0.106321618729833 0.0986777303016225 0.0876806094181892 0.0757700664567634 0.0641070739619462 0.0545113191344073 0.0478058035160639 0.0422400156263402 0.0373787312059101 0.0377588741969775 0.0389458043269739 0.0415001321539939 0.0429959894445749 0.0439461053210448 0.0353995203798531
-9999 -9999 -9999 -9999 -9999 -9999 -9999 -9999 -9999 -9999 -9999 -9999 -9999 -9999 -9999 -9999 -9999 0.485210187139259 0.484717353093445 0.461435841654342 0.433671485224632 0.39674596447197 0.331997191507507 0.252040589285439 0.236983151119968 0.227056669339882 0.224110067859442 0.251398796711992 0.29878847295347 0.327894420665228 0.343866728304548 0.322708726255199 0.278692659568513 0.216330288750677 0.196166179038704 0.182692543046777 0.171505872204467 0.162612768317558 0.1559336252912 0.144261460485033 0.132017086303277 0.122566260483133 0.114368988818514 0.107626137307767 0.096146654899705 0.0833404542136612 0.0705520054897216 0.0599611771954505 0.0524428784091772 0.0457348239672607 0.0396265423406596 0.0390104862303734 0.039272151189407 0.0410214374935334 0.0425656721755105 0.0440070442703629 -9999
-9999 -9999 -9999 -9999 -9999 -9999 -9999 -9999 -9999 -9999 -9999 -9999 -9999 -9999 -9999 -9999 -9999 0.485967116794322 0.486642036682982 0.471549128894951 0.444892768385966 0.39460527837344 0.346776037990127 0.300290445011834 0.281266246757542 0.268843068531098 0.270616799226985 0.294415784584148 0.332857523312887 0.36180226071521 0.386033615520556 0.397777338968097 0.33908076442975 0.223847507961344 0.204553977229321 0.19751154510075 0.183115229414505 0.175275907159643 0.173765995426586 0.159270849650152 0.143152216764171 0.133499825733262 0.125461821924669 0.119296890214273 0.107507557441427 0.0939560110898329 0.0787245377019426 0.0661338981261246 0.0572354520263811 0.0501306188609318 0.0439135574837484 0.0420014653550336 0.0406454400987378 0.0402318747851556 0.0417026601977705 -9999 -9999
-9999 -9999 -9999 -9999 -9999 -9999 -9999 -9999 -9999 -9999 -9999 -9999 -9999 -9999 -9999 -9999 -9999 0.551333033801694 0.554677515627902 0.507311145350092 0.464905253630806 0.432636620569878 0.373392709662047 0.299404461300443 0.313010301471746 0.321532471565257 0.308995864536525 0.333379943579956 0.382309505015224 0.381490510229214 0.379585391527643 0.38837458260222 0.341126231315217 0.248901115317854 0.225464944180753 0.210859186940921 0.191177277047781 0.181211598414703 0.180624915965361 0.169354190280078 0.155980385340544 0.143398271947054 0.132633617803102 0.123977647476053 0.111612417544859 0.0985098391947966 0.0881671062062523 0.0775917978809433 0.06669132212663 0.0570372234063777 0.0481998345647511 0.0459205192508463 0.0442251074613903 0.0435193350651393 0.0431705302135696 -9999 -9999
-9999 -9999 -9999 -9999 -9999 -9999 -9999 -9999 -9999 -9999 -9999 -9999 -9999 -9999 -9999 -9999 -9999 0.609126752065863 0.605724466895008 0.536072727135295 0.481688509195485 0.458505074795915 0.389142802896441 0.294539776585252 0.338427227877536 0.366925430200278 0.343469466230818 0.365237904255461 0.417072272275497 0.390232339628919 0.365982113656757 0.372532788840052 0.341928024284366 0.281501618728308 0.250200704789902 0.223731131139558 0.199745639255172 0.187372240698336 0.186207898007835 0.177443761014802 0.166469281917364 0.151841682177434 0.139309195624731 0.129207537314042 0.116818357733195 0.104338803475114 0.0968784750145044 0.0874473556363954 0.075260840846794 0.0640688578695978 0.0536297074134042 0.0502290661981677 0.0474051265371626 0.0455586198805715 0.0496456999908543 -9999 -9999
-9999 -9999 -9999 -9999 -9999 -9999 -9999 -9999 -9999 -9999 -9999 -9999 -9999 -9999 -9999 -9999 0.61099458655296 0.60265503811419 0.590187161896294 0.537760560993213 0.486676513567013 0.438336115104767 0.369249344719535 0.288822876174007 0.347523515030856 0.387711262127296 0.367957523918387 0.376477417245132 0.403794088173876 0.369033150165665 0.341778444627769 0.356441294966955 0.352269447838964 0.332980525252773 0.283674688601093 0.235496625215212 0.210658197977701 0.195749599562666 0.190426181258973 0.180612849913652 0.169480240197501 0.156110174704641 0.145374968281066 0.13769682334629 0.127017663492639 0.115416335532087 0.103083412413223 0.0912395511110787 0.0800794552321241 0.070906730257457 0.0625266549684793 0.0555066686498236 0.0488702286954712 0.0428838491968994 0.0473070199074223 0.0563615594617764 -9999
-9999 -9999 -9999 -9999 -9999 -9999 -9999 -9999 -9999 -9999 -9999 -9999 -9999 -9999 -9999 0.619715056980101 0.617887157457626 0.612163686269403 0.604185257461349 0.54685956229893 0.490592940026517 0.436490644380535 0.375555040794028 0.310884439600732 0.358462121861066 0.395262771061717 0.394258862787252 0.401621565626259 0.414546529831798 0.379083273670082 0.352356202290882 0.367606075516228 0.370656638536896 0.363915810258421 0.335796872503198 0.299484158043594 0.241637745393742 0.207994842900396 0.197715384865599 0.187248453823419 0.176528817503721 0.164549399601607 0.154323919467956 0.14613342316635 0.135953631588537 0.124877345665508 0.110719407666802 0.0973178781232925 0.0849738957645993 0.076027902488821 0.0682162695314432 0.0587867948399262 0.0505681153093872 0.0444015737404009 0.0481698700201544 0.0563615594617764 -9999
-9999 -9999 -9999 -9999 -9999 -9999 -9999 -9999 -9999 -9999 -9999 -9999 -9999 -9999 -9999 0.622204909840283 0.627025909221594 0.633922399034304 0.640824302133761 0.561639741506717 0.493687927111318 0.448691408792795 0.401944219968102 0.354240137321598 0.370812995504922 0.392669246320405 0.42195020843305 0.437424588992833 0.443720125916425 0.413088179944871 0.389596354794959 0.399664695670647 0.395211472163137 0.379102973335465 0.402214205316206 0.403503533986149 0.288000042360337 0.223205090058755 0.207358663587315 0.196541383804409 0.186672512029938 0.176185782401351 0.165483028537647 0.154529635321911 0.143921163055853 0.133099178746868 0.119452408799533 0.105148684763545 0.0899264623392391 0.0798331040499418 0.0714472391578687 0.0605357158485265 0.0524444474805594 0.0491331389381486 0.0514869168207062 -9999 -9999
