layers/veg/veg_2000.asc
NCOLS 255 
NROWS 330 
XLLCORNER -2985163.8955 
YLLCORNER -3022031.214 
CELLSIZE 25000 
NODATA_value -9999 
[rows 150 to 174 of 330, columns 56 to 111 of 255]
-9999 -9999 -9999 -9999 -9999 -9999 -9999 -9999 -9999 -9999 -9999 -9999 -9999 -9999 -9999 -9999 -9999 -9999 -9999 -9999 -9999 -9999 0.438323421065398 0.405834636165149 0.272122270369263 0.0878941432734882 0.0444807546624666 0.0184836675078213 0.0276318736306796 0.0566295700501984 0.0977327628695602 0.102879316286324 0.102086874065081 0.0908665215985384 0.085117160614209 0.0834074056534437 0.0390249822344651 0.00109467008840474 0.00627515107496535 0.0217520332651558 0.0463841325712824 0.105063990277619 0.158198989048821 0.152402309069857 0.155054352993171 0.166734813400002 0.220239667562205 0.279694324606952 0.306630038796237 0.324659460727547 0.331237817816903 0.345453395875172 0.360717437847954 0.358059962740799 0.365366995185001 0.38815649539211
-9999 -9999 -9999 -9999 -9999 -9999 -9999 -9999 -9999 -9999 -9999 -9999 -9999 -9999 -9999 -9999 -9999 -9999 -9999 -9999 -9999 -9999 0.408041109005587 0.407319355416221 0.310189748617403 0.164947675760063 0.0760877849700766 0.0182116634824683 0.0296018879858345 0.0561519864448073 0.0919475515051339 0.0873167955242767 0.0827528024317709 0.0859389948982023 0.0853162885736817 0.0818812125810491 0.0382229964002456 0.000885018955208289 0.00507333461192245 0.0164424268444188 0.0341964265132276 0.0983459138736406 0.161134261835436 0.174879144369115 0.180070573741894 0.176121671580338 0.22135299747291 0.274580702084566 0.296941675539003 0.310833435714315 0.313836095508628 0.337024154921875 0.365374227306117 0.376472460158672 0.391236424310338 0.411696060463201
-9999 -9999 -9999 -9999 -9999 -9999 -9999 -9999 -9999 -9999 -9999 -9999 -9999 -9999 -9999 -9999 -9999 -9999 -9999 -9999 -9999 -9999 0.409208484576141 0.411831059146766 0.363417148034444 0.289533411556006 0.123032780471904 0.00929851352342945 0.0200788929851842 0.0480128278027936 0.0864081044232071 0.0611267624088213 0.0463205925169777 0.0736669091079705 0.079943413107819 0.0706626379316232 0.0326699654141494 4.75677278176779e-05 0.00027268003530064 0.000883742523473205 0.00183797906151694 0.0798377437995591 0.162864752816377 0.201224810354953 0.206202620848901 0.175507727043289 0.224572379359946 0.286515886256477 0.297740547560761 0.30373265171967 0.302997113283281 0.332286550357225 0.370813003776895 0.403311503588324 0.426635784473695 0.435705517601388
-9999 -9999 -9999 -9999 -9999 -9999 -9999 -9999 -9999 -9999 -9999 -9999 -9999 -9999 -9999 -9999 -9999 -9999 -9999 -9999 -9999 -9999 0.434370283413647 0.435874842730808 0.389575389885632 0.31941928184013 0.138728266219041 0.0117253712853753 0.0119783644627144 0.0387155406391117 0.0816044757350726 0.0722309071520049 0.0649866880802487 0.0736613663151697 0.0692014209492763 0.0550432874601521 0.025363155616019 0.00400532089534402 0.020631670708319 0.0391597389272981 0.0593787518322904 0.0977382895771985 0.138159831072005 0.172496823606018 0.188821280171871 0.185897306024886 0.234629578239287 0.289738872997666 0.297525144910737 0.304120469519351 0.309184560432541 0.341879149231155 0.382755792854198 0.41407578408428 0.435716770245498 0.442318891396741
-9999 -9999 -9999 -9999 -9999 -9999 -9999 -9999 -9999 -9999 -9999 -9999 -9999 -9999 -9999 -9999 -9999 -9999 -9999 -9999 -9999 -9999 0.446269402664214 0.450285695205956 0.407764153849968 0.342017845223442 0.157131839652548 0.0235930340777149 0.0122277371257241 0.0360773075271384 0.0814031699439357 0.0856543544770541 0.0854950335360931 0.080278324311122 0.0699469611749613 0.0558391003390217 0.0341567553194915 0.0213811219436432 0.0452270284772624 0.0754919200358317 0.111464359348721 0.112157674997094 0.114400836535355 0.156534695949317 0.187075153620982 0.205226751081226 0.249453667043895 0.294597281415772 0.298884095898665 0.306906667436914 0.319732404538965 0.356133508845145 0.398811394095087 0.424462032242174 0.442160004668619 0.44750143162461
-9999 -9999 -9999 -9999 -9999 -9999 -9999 -9999 -9999 -9999 -9999 -9999 -9999 -9999 -9999 -9999 -9999 -9999 -9999 -9999 -9999 -9999 0.44385127610771 0.440940056252141 0.408024671472877 0.360135668690012 0.188516277047106 0.0602288429133134 0.0358491459853041 0.052468741557324 0.0940923437984072 0.0992853913183138 0.10182957770737 0.103535202231125 0.104094733113029 0.103808024918479 0.0887825004362065 0.0758877351280475 0.0775182588752841 0.0971581643310015 0.132811412352156 0.110531204651935 0.0978192576539983 0.186055263450796 0.23695768348941 0.247964947177002 0.276594408002295 0.305564598951756 0.304868207859304 0.315200315313041 0.33971206658531 0.381131168568116 0.425390705279638 0.43651688103739 0.445625745146032 0.451600188169224
-9999 -9999 -9999 -9999 -9999 -9999 -9999 -9999 -9999 -9999 -9999 -9999 -9999 -9999 -9999 -9999 -9999 -9999 -9999 -9999 -9999 -9999 0.422594574652244 0.425062011627424 0.404895989805415 0.373434710575267 0.236261920328494 0.124240413019291 0.0737075770266336 0.0691846846938693 0.0927216165181774 0.0982896617082979 0.105087492914578 0.118795663124107 0.125870075767898 0.128046332911257 0.117413383202008 0.105647471754979 0.0953646963047728 0.107109401626304 0.138440209411605 0.13102113999615 0.132635694105493 0.215061873988486 0.25771982378406 0.257880924564982 0.29283388020928 0.330107946722025 0.320959875386146 0.331266615635311 0.366586942065513 0.404000500522251 0.439685004549015 0.445059046692227 0.449931742919499 0.454025467186379
-9999 -9999 -9999 -9999 -9999 -9999 -9999 -9999 -9999 -9999 -9999 -9999 -9999 -9999 -9999 -9999 -9999 -9999 -9999 -9999 -9999 -9999 0.419303860023662 0.412343971400766 0.399305534060432 0.383233588980667 0.295891666336919 0.20813660296432 0.121907191676637 0.0861363378130719 0.0811383590263883 0.0866696543846646 0.0988470861150025 0.128247857679345 0.138658597915674 0.135047703282031 0.127162673945173 0.117432101582534 0.102719034026194 0.108551342748857 0.132651915969271 0.167575516982587 0.20478552140889 0.243695167461581 0.257330118454377 0.243956200873174 0.301155122024634 0.364512360910355 0.344393252900558 0.352978648965922 0.398470215174816 0.425323903281643 0.445055979669019 0.451049744712187 0.454848068812575 0.455235201396796
-9999 -9999 -9999 -9999 -9999 -9999 -9999 -9999 -9999 -9999 -9999 -9999 -9999 -9999 -9999 -9999 -9999 -9999 -9999 -9999 -9999 -9999 0.397255921309441 0.396818558143348 0.395317253409624 0.393284987235968 0.317389233315312 0.239690658348284 0.16041325549789 0.120928135978679 0.105710911272274 0.101933804499186 0.102531869640982 0.113625251060646 0.123683383337179 0.132977120588041 0.122443477152723 0.109680628698787 0.0974387706264646 0.104139607874669 0.127683659076046 0.15857611949167 0.18977621075427 0.215848835436017 0.232030220766201 0.237641698801866 0.303152068196637 0.37391258063943 0.373993701535193 0.391103898819819 0.430108847846153 0.446899740792336 0.456006108486072 0.458859590618943 0.460587718722226 0.460567315109801
-9999 -9999 -9999 -9999 -9999 -9999 -9999 -9999 -9999 -9999 -9999 -9999 -9999 -9999 -9999 -9999 -9999 -9999 -9999 -9999 -9999 -9999 0.401765486411523 0.393737869425416 0.39438414980539 0.3993591500845 0.331063992525203 0.261142852895894 0.190028790207762 0.148719073093636 0.125585963673388 0.115580706604062 0.107474440531124 0.102397640199073 0.111048863823242 0.129836423511078 0.116307121786692 0.100853362870167 0.0926273499480594 0.100233571200912 0.121917287923833 0.142468233813334 0.163687101459637 0.189306267633092 0.210636325478056 0.227382986258511 0.296498789648328 0.371602668089181 0.395215131311228 0.42243497525921 0.454292927794447 0.462753559136918 0.463680393465359 0.465075640639642 0.466164952681249 0.466778914505618
-9999 -9999 -9999 -9999 -9999 -9999 -9999 -9999 -9999 -9999 -9999 -9999 -9999 -9999 -9999 -9999 -9999 -9999 -9999 -9999 -9999 -9999 0.406244037429914 0.411046690893652 0.403917187269974 0.390832924943954 0.332137827978891 0.267616714480013 0.191287084225998 0.143552208084979 0.11325625293366 0.112117089705709 0.112860084122765 0.113587445334852 0.118528439049154 0.126580644925341 0.111042394688325 0.0962561145469992 0.0947959646727688 0.100612789705429 0.112900058527353 0.119459158771231 0.133581722443913 0.191079384469107 0.213870747000495 0.199574505527294 0.260958357699466 0.337047293977931 0.383326238532033 0.422156857804477 0.451410960464427 0.457648161192758 0.457088163127319 0.464724127306992 0.470806759080748 0.474475882833588
-9999 -9999 -9999 -9999 -9999 -9999 -9999 -9999 -9999 -9999 -9999 -9999 -9999 -9999 -9999 -9999 -9999 -9999 -9999 -9999 -9999 -9999 0.404986339660219 0.40915932000394 0.39766021480835 0.378339934693139 0.322350332267934 0.261812812595246 0.192094276202936 0.143540756280411 0.10789502526573 0.100358269238719 0.0977942427322495 0.104334951183335 0.108317521793312 0.110411244821339 0.0992700719447333 0.0911101252652451 0.0999791739876397 0.104162645345748 0.104179857324955 0.10655689403476 0.118844151538815 0.178996931734942 0.209466909491207 0.208217457671507 0.264373848315676 0.332920461285391 0.387964387647725 0.427323027684917 0.446514663813947 0.453109903999126 0.456295017694889 0.467867165379328 0.47608687021692 0.479097678575102
-9999 -9999 -9999 -9999 -9999 -9999 -9999 -9999 -9999 -9999 -9999 -9999 -9999 -9999 -9999 -9999 -9999 -9999 -9999 -9999 -9999 -9999 0.40025166440649 0.390860622871689 0.377587115344267 0.362376058052225 0.303059262367488 0.24526597006731 0.192506757655764 0.148040248035138 0.108631162170996 0.0813412148281702 0.0648335225403367 0.0771956156368187 0.0826275711482459 0.0829425335837875 0.0818036572825639 0.0854839922210295 0.107800128428273 0.110486782037927 0.0957195533152707 0.102498004028573 0.117553284568552 0.154790971177311 0.198379659029476 0.248755109589952 0.301875446298017 0.355418348571189 0.407063560591889 0.437252903580246 0.439855845806845 0.449067890232457 0.460576023192596 0.474067906787733 0.481925492674451 0.481028723949295
-9999 -9999 -9999 -9999 -9999 -9999 -9999 -9999 -9999 -9999 -9999 -9999 -9999 -9999 -9999 -9999 -9999 -9999 -9999 -9999 -9999 -9999 0.340413963343126 0.340092530799014 0.342558816263376 0.346416316069706 0.289265838758483 0.2354256836238 0.191314150955247 0.162326479490401 0.142562311733557 0.0840660333297225 0.0420078178385466 0.0546576353324146 0.0598675917333569 0.0595841914395991 0.0662946299296971 0.0749957737697737 0.0880084574207246 0.0876960547450045 0.0755354289866159 0.0785932213836977 0.0907305071752284 0.1348523755874 0.192905615585761 0.265846100844066 0.322877918229919 0.374617121241645 0.416397218349024 0.441065600762095 0.443732981091935 0.456106190227921 0.471147755854964 0.480240455914517 0.485013767727703 0.483075780569496
-9999 -9999 -9999 -9999 -9999 -9999 -9999 -9999 -9999 -9999 -9999 -9999 -9999 -9999 -9999 -9999 -9999 -9999 -9999 -9999 -9999 -9999 0.327673120205862 0.310051306469751 0.314906424259396 0.330978684316312 0.278168982607478 0.22943330259287 0.192455297669025 0.176211697601741 0.17261327177282 0.0879677131423847 0.0238260025936274 0.0340433616076372 0.0388853150125912 0.039758239961179 0.0515102360765882 0.0619758487118427 0.0627889034391887 0.0618360451514071 0.0593129958093327 0.0545169771003024 0.060715189070648 0.124460565783288 0.198253513568856 0.282783426764039 0.342808180885614 0.393944957948391 0.42432083371375 0.443973803709683 0.449840038922695 0.464634527388407 0.48134101100858 0.485740876511923 0.4866537485846 0.482148664666827
-9999 -9999 -9999 -9999 -9999 -9999 -9999 -9999 -9999 -9999 -9999 -9999 -9999 -9999 -9999 -9999 -9999 -9999 -9999 -9999 -9999 -9999 0.33683203728631 0.345448929481497 0.336225044116322 0.318097695223485 0.275588324697787 0.236567798844649 0.206414175226383 0.179752175627326 0.155219593023991 0.0790270995954986 0.0197391147129925 0.0189228494256676 0.0241117258689851 0.0337346078826504 0.0386033974760618 0.0407040260193561 0.0345925479667986 0.0458507553084384 0.0725535085525163 0.0465898964548815 0.0369028479832288 0.157228429311191 0.25186168070859 0.319039773465695 0.371605622000544 0.416730012890929 0.433690455850599 0.447683667679643 0.457861828857566 0.470983524497818 0.484292943197644 0.48796963102364 0.48354653106553 0.466538293045399
-9999 -9999 -9999 -9999 -9999 -9999 -9999 -9999 -9999 -9999 -9999 -9999 -9999 -9999 -9999 -9999 -9999 -9999 -9999 -9999 -9999 -9999 0.361052654451089 0.363760119782068 0.339444691082214 0.301643451542482 0.2690082388021 0.237944791576867 0.210315047353768 0.183295278915162 0.156647512958877 0.0879699693975092 0.0309382603173843 0.0153927849390002 0.0183970730087253 0.0350979161552199 0.0293038120996176 0.0211947321173804 0.0144760247763052 0.0280734830314667 0.0597353992771817 0.0320394001442217 0.0229501512627603 0.161715306023775 0.266897785959593 0.33619338185714 0.386143490880518 0.427547863866076 0.441292268135671 0.454641987278522 0.467484248901726 0.472562767279702 0.475035024333406 0.476322734538486 0.470306854986564 0.452942939178609
-9999 -9999 -9999 -9999 -9999 -9999 -9999 -9999 -9999 -9999 -9999 -9999 -9999 -9999 -9999 -9999 -9999 -9999 -9999 -9999 -9999 -9999 0.358379706013622 0.35342963853759 0.323630927668767 0.281431468603231 0.258222237211729 0.233267024853504 0.203638626167392 0.18684114300573 0.177868777737097 0.115719634460275 0.0582126467735358 0.024051574968726 0.0222090630645746 0.0442295474147698 0.0237977199434525 0.00353896515183176 0.00285649003612118 0.00841170950327516 0.019513279299988 0.0105235257854024 0.0193661455481489 0.136461068075905 0.241370380367991 0.33325799073373 0.38568557564524 0.425780652386244 0.447034999765498 0.465016478030125 0.478789938483832 0.469125996607618 0.452936868226578 0.450083796764912 0.446411588500163 0.441466637043461
-9999 -9999 -9999 -9999 -9999 -9999 -9999 -9999 -9999 -9999 -9999 -9999 -9999 -9999 -9999 -9999 -9999 -9999 -9999 -9999 -9999 -9999 0.336127389740502 0.336460686480342 0.314689036474677 0.281885883696016 0.260449789128651 0.23672640085028 0.207350241579838 0.198947002036938 0.203334398447984 0.157077141355509 0.105056713254209 0.0458619088818782 0.0300750821806153 0.0463393249501911 0.0329989523189894 0.0205101265818277 0.0244009253813071 0.0200712982793648 0.00843234217745611 0.0163600446137276 0.0410601501365363 0.13261346487722 0.224560180348726 0.316927288968815 0.373512173076609 0.417312233342162 0.432222259810986 0.447623911506059 0.463657659272162 0.456965456282847 0.443681699346349 0.43999831234186 0.436517234099272 0.433350495413171
-9999 -9999 -9999 -9999 -9999 -9999 -9999 -9999 -9999 -9999 -9999 -9999 -9999 -9999 -9999 -9999 -9999 -9999 -9999 -9999 -9999 -9999 0.325745787294328 0.323896883859048 0.30980537301196 0.289604172819454 0.267080034857418 0.242782730697459 0.214490002293136 0.211694939681542 0.224449994319569 0.193889239914425 0.148271527254258 0.067272170767063 0.0377568571652185 0.0462557226081122 0.0423471467139707 0.0395813950484473 0.0466139016330051 0.0342123167424098 0.00453058479972951 0.0284395165235009 0.0685685358774611 0.14183491023544 0.22073068270495 0.305642103370602 0.362598324874855 0.407588970671684 0.415435648917407 0.427278904536793 0.444260669574699 0.44351927316929 0.437278559589174 0.434005470575118 0.430628964309745 0.427091772305375
-9999 -9999 -9999 -9999 -9999 -9999 -9999 -9999 -9999 -9999 -9999 -9999 -9999 -9999 -9999 -9999 -9999 -9999 -9999 -9999 -9999 -9999 0.326645254522429 0.327373168399249 0.321947432671966 0.313450710008896 0.282649831634063 0.253321556710213 0.228153135743436 0.214322618619697 0.207406684797714 0.17509923150471 0.132164877534162 0.0632905192433539 0.0371789773696003 0.0426421384257467 0.0275190258817234 0.0141842975807929 0.0167044504458487 0.0122602470430541 0.00162356993571658 0.0379348092836167 0.094007387816724 0.207126216513765 0.294103259710337 0.353144850186364 0.380715357894977 0.400448564046986 0.419884318805224 0.433588483202212 0.439923384276918 0.435905520580079 0.429099280441123 0.429366937166684 0.429171628633658 0.4282569825263
-9999 -9999 -9999 -9999 -9999 -9999 -9999 -9999 -9999 -9999 -9999 -9999 -9999 -9999 -9999 -9999 -9999 -9999 -9999 -9999 -9999 -9999 0.319138891889908 0.322553056539564 0.325414483796717 0.3280000667305 0.28632645207691 0.250457073096604 0.229467532366996 0.212985138720618 0.19925149337831 0.151706840117261 0.103014047619438 0.0573265466169553 0.0352998066114215 0.0307434196408223 0.0141878757539295 0 0 0 0 0.0600901031851578 0.138809866292396 0.256918431048344 0.338389888567183 0.380710455760593 0.388723374081655 0.391711534397646 0.42031102357171 0.436018670660826 0.43515092190946 0.428919906135603 0.421689370489937 0.423728661097219 0.425062216442921 0.425299227540931
-9999 -9999 -9999 -9999 -9999 -9999 -9999 -9999 -9999 -9999 -9999 -9999 -9999 -9999 -9999 -9999 -9999 -9999 -9999 -9999 -9999 -9999 0.316155684735308 0.311023479265642 0.317907567328936 0.330788402498482 0.274958092318414 0.230637276427728 0.215160660470225 0.206631695505511 0.202339855163324 0.122492390867755 0.0573622067667706 0.0488549191046277 0.0317744905159143 0.00836392746429231 0.00275040768199529 0 0 0 0 0.0982604178999718 0.208107514913538 0.287104148388328 0.345882518768812 0.383055389679784 0.383943388657528 0.380954761567801 0.415649904537166 0.4335413916646 0.429827956445637 0.422728892366842 0.41525271982706 0.416825701135115 0.417597902455096 0.417125882694743
-9999 -9999 -9999 -9999 -9999 -9999 -9999 -9999 -9999 -9999 -9999 -9999 -9999 -9999 -9999 -9999 -9999 -9999 -9999 -9999 -9999 -9999 0.274893819482462 0.276713589883695 0.2940473910895 0.319123489791488 0.262895856150738 0.21635671128224 0.194913058693256 0.174963720735444 0.155925711991507 0.086674762973571 0.0376410541931063 0.0563745709047426 0.0423295200994024 0.00408181805326478 0 0 0 0.00295389774944442 0.00853430302317845 0.119160305600577 0.237528591478753 0.299478265530026 0.338611651769559 0.353363255463605 0.368428814169148 0.385198632234436 0.41395605448191 0.428586518764937 0.425053564760676 0.419455406562655 0.413775343701962 0.415480983235251 0.416723337873008 0.417245858296866
-9999 -9999 -9999 -9999 -9999 -9999 -9999 -9999 -9999 -9999 -9999 -9999 -9999 -9999 -9999 -9999 -9999 -9999 -9999 -9999 -9999 -9999 0.230238137740335 0.238497958512766 0.265103124451781 0.300863559046572 0.249285319503461 0.203150635232148 0.172562915386542 0.135428935888914 0.0943026260359145 0.0503767813505125 0.027526695950821 0.0660593568298223 0.0542354674160712 0.00522990361115147 0 0 0 0.00682735350191111 0.0197253624106071 0.1342836041423 0.253629835893109 0.304726372877429 0.326532909048807 0.317039768582565 0.351374530065618 0.393508986759773 0.413100363480877 0.423043054360611 0.420580164555492 0.417279350505861 0.414119143295865 0.416145206826942 0.418121607986869 0.420020845668678
