layers/veg/veg_4500.asc
NCOLS 255 
NROWS 330 
XLLCORNER -2985163.8955 
YLLCORNER -3022031.214 
CELLSIZE 25000 
NODATA_value -9999 
[rows 200 to 224 of 330, columns 57 to 113 of 255]
-9999 -9999 -9999 -9999 -9999 -9999 -9999 -9999 -9999 -9999 -9999 -9999 -9999 -9999 -9999 -9999 -9999 -9999 -9999 -9999 0.160152848977272 0.161711885671515 0.138466799049175 0.101664099915843 0.0819453276375355 0.0655190959715161 0.0558588667697342 0.0645660323143398 0.085484145495459 0.0932704821691003 0.100976636172839 0.112171570283378 0.12200805732001 0.130754229688302 0.130978988306723 0.132070488704072 0.142105865156965 0.150609005833987 0.15763309222444 0.14828348665966 0.137034395420703 0.134810301115691 0.128082542523641 0.116129465123887 0.115713172834915 0.117692157689271 0.112015276074152 0.107159081622622 0.10345030348235 0.103321486760841 0.10437911263271 0.103577561251366 0.102715121821694 0.101749485187898 0.102956823241592 0.105139338677971 0.106599688160818
-9999 -9999 -9999 -9999 -9999 -9999 -9999 -9999 -9999 -9999 -9999 -9999 -9999 -9999 -9999 -9999 -9999 -9999 -9999 -9999 0.171646711114305 0.170637188879452 0.14406138642045 0.103511386357185 0.0816373764960169 0.0629943537603239 0.0508128662924037 0.0615908778041566 0.0876327437532142 0.0967089301440775 0.103561724278064 0.108086836263096 0.113898855851271 0.12074377120952 0.122501559360392 0.125795881365003 0.138751562313571 0.146730837052666 0.149906428800063 0.14587041219843 0.139887806615482 0.131329010775229 0.122976557285947 0.11486350986662 0.111570054437401 0.109741843848798 0.108945212537162 0.106561140272783 0.101957640529638 0.10156308065697 0.102577334112751 0.101654239226561 0.099887809080494 0.0966920369970927 0.0979983976978608 0.10133262946123 0.104204547635638
-9999 -9999 -9999 -9999 -9999 -9999 -9999 -9999 -9999 -9999 -9999 -9999 -9999 -9999 -9999 -9999 -9999 -9999 -9999 -9999 0.173492685469723 0.178101579965918 0.148964861951605 0.101383229254189 0.0780282018848554 0.0584437100512946 0.0461733406303321 0.0584369893597364 0.0870112588975887 0.100219965922833 0.10933255988615 0.109622500523402 0.108719041055895 0.106857736660596 0.11182626977257 0.11940132135673 0.133808360568542 0.139876496173861 0.137895158376533 0.142422325688699 0.14470654129601 0.125709091307978 0.115819218116019 0.116496294255098 0.108654294685769 0.0997330311478984 0.102742322210723 0.103295764747057 0.10041564479783 0.0997990247601224 0.0998994982234599 0.0982343660880753 0.0965102726095384 0.0946862474378083 0.0950621791577945 0.0964540996147342 0.101111648699466
-9999 -9999 -9999 -9999 -9999 -9999 -9999 -9999 -9999 -9999 -9999 -9999 -9999 -9999 -9999 -9999 -9999 -9999 -9999 0.19402059696515 0.191653996942522 0.184451001340874 0.161145078880229 0.129037505183592 0.100029152344413 0.0779328278967546 0.0730911796373311 0.0794159921303263 0.0931644523107424 0.101600286923937 0.10737814590788 0.106101715224799 0.104970540797298 0.103955951718736 0.1039057806283 0.106001983480452 0.11660475710874 0.123056102258121 0.125500108469331 0.130564784229624 0.134359165348029 0.127417409256363 0.120493937068201 0.113591678544906 0.107160591562694 0.101526180916002 0.101941730070371 0.101611871093211 0.100239844665882 0.0982125020822469 0.0960207812483794 0.0951119280608384 0.0943439552590779 0.0938147561136844 0.0945699810640027 0.0959048319637259 0.0972595445204743
-9999 -9999 -9999 -9999 -9999 -9999 -9999 -9999 -9999 -9999 -9999 -9999 -9999 -9999 -9999 -9999 -9999 -9999 0.190236763009041 0.191696874033466 0.19051350645603 0.183927912857707 0.167568630867126 0.145867177402304 0.115226481163476 0.0929451932323637 0.0927130633940576 0.0943882919460668 0.0973315638841849 0.102281097442888 0.105580593167814 0.102987233000279 0.101112380233144 0.0998142147532912 0.0972506041769872 0.0961944123963791 0.10231350195976 0.108091920096772 0.113541490975797 0.119585160494169 0.125056466494359 0.126415433598467 0.122183173557807 0.111463763832883 0.106079638084894 0.102293953942537 0.0994355167445516 0.0981089022457925 0.0989239544247065 0.0972273572981535 0.0946958348170567 0.0934234445363168 0.0926280525344855 0.0926411096471628 0.0933704550996078 0.0944064718287359 0.0931461742688578
-9999 -9999 -9999 -9999 -9999 -9999 -9999 -9999 -9999 -9999 -9999 -9999 -9999 -9999 -9999 -9999 -9999 -9999 0.190208479460621 0.188982718257812 0.185745093658104 0.178396015012373 0.160026740892838 0.135633970674599 0.113070275225935 0.0961805540107507 0.0935214995530489 0.0939637815007142 0.0964678831550965 0.101415265484724 0.104538918457812 0.101084959689286 0.0969237265859108 0.0921948220607798 0.0934478991297687 0.0952232245816278 0.0955152898631746 0.0980107973574365 0.102633269057366 0.111099337359386 0.11897853505721 0.118643802155151 0.116227916037182 0.111397398555126 0.105903069925213 0.100050321072379 0.0926296541921927 0.090228728941696 0.094845987573878 0.0976543719225874 0.0994651455697781 0.0951084594268041 0.0919160483364999 0.090696929765256 0.0903776915660943 0.0904495926856036 0.0884533097083553
-9999 -9999 -9999 -9999 -9999 -9999 -9999 -9999 -9999 -9999 -9999 -9999 -9999 -9999 -9999 -9999 -9999 -9999 -9999 0.186422177686252 0.183204322605064 0.173410442872573 0.149024622827184 0.116663037219724 0.100854256336027 0.0899035780157683 0.0897418703321861 0.0921612581518426 0.0962966009270098 0.1010213373665 0.104301884034305 0.102757627788548 0.0968919965967994 0.0875579501965997 0.0897080665060914 0.0927420867599935 0.0924251289221977 0.0932927841973308 0.0953039365309407 0.103347586307034 0.11159184477726 0.113564694730114 0.112931928491647 0.109276029439006 0.10483481310016 0.0998996147353643 0.0924725985774966 0.0883361107343335 0.0888001650081532 0.0926591777990127 0.0973212639895785 0.0944713078258917 0.091660666265192 0.0889166577666593 0.087897145722787 0.0876478831769711 0.0863155845419324
-9999 -9999 -9999 -9999 -9999 -9999 -9999 -9999 -9999 -9999 -9999 -9999 -9999 -9999 -9999 -9999 -9999 -9999 -9999 -9999 0.18205581220688 0.16876632051315 0.135859886180921 0.092231085105525 0.0823509240570026 0.0776814574499887 0.0830947320403804 0.0894974862867516 0.0965580629643053 0.100922345878339 0.104567744214372 0.106664609497859 0.099458315090001 0.0847851331837453 0.0860075287114739 0.0893172406467512 0.0916524742597752 0.0919266773623678 0.0902113850758011 0.0960546252196932 0.103387189289168 0.110168396159557 0.11129796625402 0.105870297163371 0.103209257037909 0.10105697297933 0.0964710012281539 0.0901856729736677 0.0815244462562168 0.0842751407793161 0.0908566851039593 0.0923828182585312 0.0916906698590472 0.0872388270593864 0.0857367323866174 0.085568146685539 0.0857748037918248
-9999 -9999 -9999 -9999 -9999 -9999 -9999 -9999 -9999 -9999 -9999 -9999 -9999 -9999 -9999 -9999 -9999 -9999 -9999 -9999 0.165899733506803 0.166041848170917 0.141879666380354 0.104433070967137 0.0863457370185541 0.0733524110736165 0.0714854875002305 0.0783816150647803 0.0911035638771951 0.100212930351413 0.106808094634504 0.106327420052162 0.101169103071688 0.0922564240568751 0.0875968357805045 0.0846244599938379 0.0861782598460361 0.0866930088868761 0.0862047709326975 0.0895488828644222 0.0940166828119574 0.100380223296704 0.103355433278537 0.102399376190898 0.100183031500147 0.0977163101933759 0.0961886685118378 0.0919803788148208 0.0840242307447557 0.0816508133504521 0.0815754634117866 0.0865958625969173 0.0886198780141184 0.085565418495409 0.0844270603324624 0.084157400113349 0.0844761848409096
-9999 -9999 -9999 -9999 -9999 -9999 -9999 -9999 -9999 -9999 -9999 -9999 -9999 -9999 -9999 -9999 -9999 -9999 -9999 -9999 0.166859064938946 0.167423534807992 0.147996351860881 0.117641990441209 0.0897154563429274 0.0681100836898658 0.0623222369176082 0.0702902431359578 0.0874033678037774 0.100847004594788 0.1103552532096 0.108221462608239 0.104359797905687 0.0991113095912611 0.0904006348609187 0.0827456218985204 0.0817080328663682 0.0815890374817232 0.0823567528065884 0.0837219049159605 0.085739082584845 0.0908661792748114 0.0950366310549395 0.0980971478307957 0.0961321061116678 0.09338111925951 0.0963091907518254 0.0949354235424956 0.087547184420268 0.0807576119580114 0.0748880082159126 0.0815879096179981 0.0855841872295013 0.0849981794196377 0.0841288704521683 0.0831403842536824 0.0833546525040262
-9999 -9999 -9999 -9999 -9999 -9999 -9999 -9999 -9999 -9999 -9999 -9999 -9999 -9999 -9999 -9999 -9999 -9999 -9999 -9999 0.166544481536072 0.166151483795217 0.150327313355762 0.126068663802991 0.0864462991078715 0.0584726074558501 0.0614946700414894 0.0729979724781269 0.0901397433607927 0.10561036982441 0.11737354081898 0.117659360830885 0.112137959405226 0.101955574981187 0.0956966497973532 0.0895133425733738 0.0812252114346993 0.0776925369144859 0.0787502646070933 0.0797484704295093 0.0809627261985519 0.0835256771920082 0.0869374027746006 0.0913339082034348 0.0893280438421246 0.0870403993105594 0.0985381381048024 0.101356521392228 0.0920401540443402 0.0837948938342706 0.0765205328241922 0.0796845410844314 0.0833115107021997 0.0877231387057431 0.0866612558714013 0.0831534565335637 0.0829212605248717
-9999 -9999 -9999 -9999 -9999 -9999 -9999 -9999 -9999 -9999 -9999 -9999 -9999 -9999 -9999 -9999 -9999 -9999 -9999 -9999 0.166244790543301 0.166055173985582 0.154334953228944 0.136312253575902 0.0886092350002605 0.0548485236156722 0.0592380271301663 0.0704458942019406 0.0861867220726893 0.104259387646677 0.118978881995319 0.12222106944484 0.117683440421363 0.106901587253687 0.0990391121212405 0.0915681765070747 0.0839529745921804 0.0788459771417907 0.0761601283313387 0.0758294482453124 0.0761397069805876 0.0773221150483224 0.0797627502282645 0.0836632273002192 0.0833685573105486 0.0831150936050563 0.0939506534554132 0.098526813227521 0.0943516021154019 0.087138044577091 0.0792168677184932 0.0782167613014155 0.0792892882492751 0.0838746551436809 0.0846128492186185 0.0836189512074662 0.0831271839837247
-9999 -9999 -9999 -9999 -9999 -9999 -9999 -9999 -9999 -9999 -9999 -9999 -9999 -9999 -9999 -9999 -9999 -9999 -9999 -9999 0.166474241771167 0.166982984111999 0.159610198469727 0.147929471723244 0.0948789515935727 0.0557706953809663 0.0559009716147445 0.0639172868216239 0.0771763710923621 0.0982858256747215 0.11649191778867 0.123096272524154 0.121540966370193 0.113436565939883 0.10090464612685 0.0900599654302961 0.0891080096170722 0.0838172825840805 0.0743383762433802 0.0719515629465753 0.0712814096456872 0.0719781042581444 0.0732870970716405 0.0753065010307943 0.0780475884294943 0.0810158936689127 0.0842097977684328 0.0887032942578884 0.0950137723846367 0.0907124388440439 0.0827174663559918 0.0770782960997832 0.0739443709761113 0.0750565056362604 0.0791012640018947 0.084426487063808 0.0838164438363053
-9999 -9999 -9999 -9999 -9999 -9999 -9999 -9999 -9999 -9999 -9999 -9999 -9999 -9999 -9999 -9999 -9999 -9999 -9999 -9999 0.165897850039594 0.165852404378885 0.156409519904349 0.141830117101491 0.0983372498868899 0.0639923173997174 0.0555577172651138 0.0519745492594648 0.0516166935262827 0.0856555513174242 0.115040814842212 0.119605597981291 0.117607022161446 0.11034057342704 0.10356622688236 0.0969494350525379 0.0906966113125383 0.0828521224569293 0.0734712126737486 0.0696833701733181 0.0676499795794725 0.0690590930986912 0.0703382012474524 0.0714664723302027 0.0741111850773583 0.0773637403620714 0.082277549311794 0.0867870782987703 0.0907313767763009 0.0906987968404234 0.0889307596886 0.0817758717089682 0.0762103555008975 0.0733386146336586 0.0745928110400862 0.0777176518941138 0.0821205735707432
-9999 -9999 -9999 -9999 -9999 -9999 -9999 -9999 -9999 -9999 -9999 -9999 -9999 -9999 -9999 -9999 -9999 -9999 -9999 -9999 0.158611606314444 0.161731145104786 0.151670746328633 0.134406364401577 0.0980355627864587 0.0668209400514257 0.0504721208109208 0.0388509430872964 0.0303727795909996 0.074191628212372 0.111788573047665 0.114400139123208 0.112369470053277 0.106612857462822 0.105210505437356 0.102662633765445 0.0925647616432457 0.0831245257274887 0.0743191005017432 0.0688316785071902 0.0650088638409113 0.0669099804880052 0.0682127362727692 0.0688212515306083 0.0708912511113674 0.0738467118786128 0.0811313353726581 0.0857945760771635 0.0867928181022412 0.0901721076757494 0.093770704927938 0.0859614212102897 0.0789054456500286 0.0731262279728045 0.071315961505606 0.0713560805541372 0.0797156793353141
-9999 -9999 -9999 -9999 -9999 -9999 -9999 -9999 -9999 -9999 -9999 -9999 -9999 -9999 -9999 -9999 -9999 -9999 -9999 -9999 0.156998689563279 0.155209146906238 0.14513970733005 0.130544583349379 0.0845768610305608 0.0452253359124726 0.025587376361465 0.0238156131352509 0.0339215925501718 0.0704983462473893 0.101066208292558 0.104705368000921 0.105910690610351 0.105162570689492 0.102532193298017 0.0997137246081931 0.0972611893264866 0.0910899092035991 0.0813289560130182 0.0726668532445848 0.0655947318413539 0.0665486904476809 0.0675421387779622 0.0685814045546912 0.0697624432937128 0.0716130137028683 0.0791972077307931 0.084498012496432 0.0866063729291446 0.0894204055824901 0.0919725115875487 0.0853078547420571 0.0795297506197689 0.0752542363300446 0.0723084644766517 0.0700201231685158 0.0757387435550067
-9999 -9999 -9999 -9999 -9999 -9999 -9999 -9999 -9999 -9999 -9999 -9999 -9999 -9999 -9999 -9999 -9999 -9999 -9999 -9999 0.150513610328108 0.150544881527267 0.142501321900532 0.130044164339616 0.0871878747745819 0.0485094728161853 0.0232653813835327 0.0222419705571595 0.037320868560522 0.0678649759843993 0.092691579416682 0.0946696018555291 0.0978566061654303 0.102013961616048 0.101125973150205 0.0997534885758457 0.0994453333830064 0.0959900711673822 0.0894969330545637 0.0803159480545297 0.0714944855345034 0.0681167765677561 0.0667515240676632 0.0677211984081786 0.0686201584057052 0.0700153808478499 0.0761093773249199 0.0812374070580009 0.0850149026931175 0.0871498396535212 0.0884174956799282 0.0847738840631465 0.081204980934447 0.0777626988308264 0.0745312895061375 0.0714354237998377 0.0739660030095386
-9999 -9999 -9999 -9999 -9999 -9999 -9999 -9999 -9999 -9999 -9999 -9999 -9999 -9999 -9999 -9999 -9999 -9999 -9999 -9999 0.150481243461325 0.150414002703734 0.143405384845248 0.132602700176762 0.104422881262133 0.0744350281364643 0.0414762629551139 0.0329189256000006 0.0405840608141639 0.0661961617547008 0.0864534707836049 0.0843235185334908 0.0883507394053208 0.0973198209497649 0.100877400382853 0.102513047681851 0.0993432130979424 0.0981007763325173 0.0987188404444645 0.0914358410541288 0.0822300576222276 0.0714406612251087 0.0658516895713348 0.0662964441208344 0.0674656089210377 0.0689965892694399 0.0719716377996767 0.0761894561077509 0.0821448114183496 0.0834970554947437 0.0832637109282055 0.0843487496579838 0.0838365893890145 0.0806173876623999 0.0778737498431011 0.0753544636713199 0.0741991557930331
-9999 -9999 -9999 -9999 -9999 -9999 -9999 -9999 -9999 -9999 -9999 -9999 -9999 -9999 -9999 -9999 -9999 -9999 -9999 -9999 0.150590193790305 0.150590288398338 0.141438584721949 0.127284626648767 0.0965099694014318 0.067802128735676 0.0458876069643005 0.0355188944812585 0.0328260268628639 0.058013866907349 0.0784867408179614 0.0758006733671863 0.07989767995981 0.0894389068448653 0.0947242108598521 0.0983616270599985 0.0976413946257303 0.0977848320653397 0.0987619627584643 0.0949270968254144 0.0888715025413729 0.0756561206697782 0.0677528437130784 0.0660128684483329 0.0668466506817542 0.068461978498149 0.0706197761472167 0.073572391254004 0.0776362538079598 0.0806948591630865 0.0833208628453086 0.084693722540486 0.084323852124509 0.0810002842268275 0.0787463978430946 0.0769729060989982 0.0748923736063401
-9999 -9999 -9999 -9999 -9999 -9999 -9999 -9999 -9999 -9999 -9999 -9999 -9999 -9999 -9999 -9999 -9999 -9999 -9999 -9999 0.164917972877452 0.154539805945074 0.139780836560481 0.122627377301109 0.087014046279861 0.057858349444333 0.0468114467485371 0.0361873414523621 0.0258443188562059 0.0497580152910267 0.0698958651699236 0.0680833731932778 0.0724863001586098 0.0818778369656418 0.0879790006014017 0.0929981142575319 0.095462388451558 0.0966734637776733 0.0966748367938085 0.0962719931506964 0.0939227875865554 0.0805856527023898 0.071308948796132 0.0667433079274345 0.0667404396345814 0.0680577948062382 0.0697422782734515 0.0714943817001848 0.0733410257118845 0.0779480480167833 0.0833238283456562 0.0846587059519227 0.0843297369975471 0.0811807677662175 0.0793903037122335 0.0782014208640525 0.0754355959607847
-9999 -9999 -9999 -9999 -9999 -9999 -9999 -9999 -9999 -9999 -9999 -9999 -9999 -9999 -9999 -9999 -9999 -9999 -9999 0.168327800045941 0.164986107236024 0.154815314376334 0.1425959580815 0.129256883548557 0.0941092099873147 0.0627528904969184 0.0430499507006701 0.0346912729689655 0.0338744481760005 0.0475709497928781 0.0597319702729519 0.0628004589927321 0.0695163060330015 0.0791595901106862 0.0839691279218086 0.088102477329685 0.0923563763920108 0.093779096185978 0.0924689024826558 0.0938767576561991 0.0946592142426094 0.0883913821419961 0.0808028125485185 0.0716818741944816 0.0688032033990983 0.0678604539620091 0.068601187756416 0.0698452740695258 0.0717931058728761 0.074649771052374 0.0778764500572452 0.0818595492419838 0.0839264019980205 0.0827454700198891 0.0812778310787626 0.0796571178238186 0.0747330121326542
-9999 -9999 -9999 -9999 -9999 -9999 -9999 -9999 -9999 -9999 -9999 -9999 -9999 -9999 -9999 -9999 -9999 -9999 0.174342031414131 0.172792935592314 0.168221710730523 0.157474447928904 0.14580831700531 0.133639944668569 0.0945843726672886 0.0596351502906948 0.0376116674861976 0.0311340344090767 0.0349915392002936 0.045039254855498 0.0542447235640747 0.058968015480759 0.0667478308510476 0.0769808683008739 0.0811425621858805 0.0846415754465216 0.0890835194266486 0.0907068970772208 0.0896095363940768 0.092300720419492 0.0950876816636639 0.0937577587734532 0.0883437238139994 0.0781911501340625 0.0735200083913349 0.0705819112632358 0.0694232995526647 0.0693040827742189 0.0706380612592971 0.0726250717879811 0.0749449933806576 0.0790051747582595 0.0820419050231573 0.0833440207571573 0.0834709427753377 0.083028537901313 0.0771381580438591
-9999 -9999 -9999 -9999 -9999 -9999 -9999 -9999 -9999 -9999 -9999 -9999 -9999 -9999 -9999 -9999 -9999 -9999 0.174386926327121 0.177101156950488 0.174921447012158 0.162740455796777 0.149455118397929 0.135566159680061 0.0878195081753941 0.0477547023776851 0.0303395500174298 0.0253225775646738 0.0285481200536913 0.0421306526496893 0.0538721376859923 0.0567218930514673 0.0641997487810656 0.0753922031950599 0.0796101313585772 0.082749785209236 0.0856281909410292 0.0874402108361809 0.0882228574666839 0.0916206071593717 0.0951793465343914 0.0964563139741489 0.0937487699924703 0.0864182476662772 0.0811394308490653 0.0764955399545542 0.0723924862561608 0.0699745747307438 0.0699126883777096 0.0719932329046259 0.0747650983362028 0.0760904108303467 0.0785375211475428 0.0828859306869896 0.0859982596848193 0.0884951068116481 0.082942102182166
-9999 -9999 -9999 -9999 -9999 -9999 -9999 -9999 -9999 -9999 -9999 -9999 -9999 -9999 -9999 -9999 -9999 -9999 0.180769026518168 0.180756841316563 0.176694488590154 0.164355193362284 0.149279456022005 0.132708014868883 0.0850990838797241 0.0451039510605267 0.0273231678693643 0.025189532630992 0.0334583799956508 0.0441918847104148 0.0531195141153998 0.0555209998465797 0.0621375548254279 0.0721372020992059 0.0778896780474888 0.0825150469329078 0.0849859908117246 0.0866916805071156 0.0876586767859099 0.0903421365073406 0.0933946571194442 0.0965040541583251 0.0968051859756857 0.0938480640370404 0.0864299827482133 0.0783384598302428 0.0755083603356267 0.0731216244863471 0.0713547626902385 0.0720296815423166 0.0735854281469637 0.075151055903271 0.0771880634092008 0.0800239973641975 0.0836872912040514 0.0876715955970453 0.0843783975726048
-9999 -9999 -9999 -9999 -9999 -9999 -9999 -9999 -9999 -9999 -9999 -9999 -9999 -9999 -9999 -9999 -9999 -9999 0.190863248598997 0.185841517354299 0.178414598962001 0.16607242815014 0.14872402305761 0.12863927515424 0.0836035656333732 0.0453838472502576 0.0267868567258828 0.0274881045485948 0.0410191402202114 0.0474359521087424 0.0523558463142756 0.0544792480548773 0.0598580706326656 0.0678497539972921 0.0758287238792051 0.0827476046086413 0.0851785012467476 0.0867937909862053 0.0876217822572438 0.0892475437691262 0.0914120781188678 0.0957705233760793 0.0987603232096896 0.100162169719691 0.0910784573302563 0.0801192958288759 0.0788640342257106 0.0767955267434947 0.0735900067331339 0.0725699010811377 0.0724730874841162 0.0747939580131249 0.0764453975420991 0.0769622398971787 0.0803587872570392 0.0850169515907188 0.0844398764206087
