layers/veg/veg_3200.asc
NCOLS 255 
NROWS 330 
XLLCORNER -2985163.8955 
YLLCORNER -3022031.214 
CELLSIZE 25000 
NODATA_value -9999 
[rows 150 to 174 of 330, columns 57 to 113 of 255]
-9999 -9999 -9999 -9999 -9999 -9999 -9999 -9999 -9999 -9999 -9999 -9999 -9999 -9999 -9999 -9999 -9999 -9999 -9999 -9999 0.4581782102811 0.458170370289681 0.38701621049941 0.30663143853793 0.212883387255822 0.119320361279904 0.0258939219671259 0.0449890978879781 0.0726990869204901 0.0824221686221766 0.0808183783226916 0.0691452893481743 0.0601790172084147 0.0482516851974654 0.018928998116609 0.00269556321830303 0.000446455048994115 0.00137628870744639 0.00711088926321438 0.0424401047938561 0.0691636831408357 0.0848251803016347 0.0817750596736595 0.0765206501293836 0.119705641415836 0.166964401393919 0.220551394285248 0.240224450109983 0.246614909860335 0.273809910770611 0.291320035559766 0.290500984496347 0.288023638474643 0.284706185209516 0.285408145601344 0.294127846282927 0.321399408692868
-9999 -9999 -9999 -9999 -9999 -9999 -9999 -9999 -9999 -9999 -9999 -9999 -9999 -9999 -9999 -9999 -9999 -9999 -9999 -9999 -9999 0.458108787828904 0.407892272757863 0.348575483786796 0.272363805882535 0.164078349324369 0.0321158591167066 0.0477386497900258 0.075239030253138 0.0813050825056923 0.0745989883973275 0.0565387837793691 0.0522812283298181 0.0459711462899097 0.0167704684657213 0.00120239209605301 0.000199147257429722 0.00190919076951697 0.00648208133945834 0.0271939626885655 0.0472484880310012 0.066458017778244 0.0770578579835128 0.0869599623389496 0.123133857939585 0.163532970453245 0.210495577057658 0.22823321250502 0.234862271295976 0.271273493320245 0.294479531533868 0.2926940124778 0.292355687803746 0.292750524909444 0.302275762677766 0.320239975814205 0.357518222136785
-9999 -9999 -9999 -9999 -9999 -9999 -9999 -9999 -9999 -9999 -9999 -9999 -9999 -9999 -9999 -9999 -9999 -9999 -9999 -9999 -9999 -9999 0.410258101682239 0.360077641256788 0.312105871599691 0.193626190069537 0.0230971937396482 0.0374980945845684 0.0678588125000736 0.075379142369688 0.0639267956004954 0.0356082259481275 0.0453135960145453 0.0540156442870126 0.0231197202462484 0.00510265357777362 0.000845131524868886 0.000519361983311169 0.00505856755187383 0.0382624612927892 0.0579652817227889 0.0603132025819038 0.0884555318450998 0.123905900172802 0.146315194472741 0.173178169511988 0.206959536628203 0.22303699860595 0.232814918945224 0.27572808055336 0.302229206274019 0.297669625784479 0.298594966605438 0.302299018233867 0.341326796356137 0.368491569447035 0.366417200887018
-9999 -9999 -9999 -9999 -9999 -9999 -9999 -9999 -9999 -9999 -9999 -9999 -9999 -9999 -9999 -9999 -9999 -9999 -9999 -9999 -9999 -9999 0.393883735778357 0.381449159436668 0.343276212517189 0.216152728000424 0.0233654844810893 0.0302416517525763 0.0571084351216626 0.0696106404833813 0.0646898594925222 0.0442804905334249 0.0511783803771905 0.0556606611777258 0.0231546928255214 0.00453498407605506 0.0007511107601243 0.000288027130353825 0.00463488482318077 0.0383556832897278 0.0524980297689392 0.0414733350678853 0.0704259392439798 0.112125532794071 0.151493889505904 0.185125284688175 0.209844826615749 0.224413289897295 0.235754191017886 0.279595829275241 0.30716767792928 0.303948029511593 0.320594870744988 0.347306255546997 0.3711436499393 0.383746546575021 0.370234866552071
-9999 -9999 -9999 -9999 -9999 -9999 -9999 -9999 -9999 -9999 -9999 -9999 -9999 -9999 -9999 -9999 -9999 -9999 -9999 -9999 -9999 -9999 0.409279342184048 0.408709208615381 0.369332253868587 0.234490022018817 0.0291748158832292 0.0247656725931247 0.0443472598802261 0.0639360737607594 0.0722757425590982 0.0706152099196815 0.0646995961561244 0.0534874426245089 0.0194222654784118 0.00130153399644434 0.000215567722620832 0.000747904974796391 0.00480774895876235 0.0319005321526271 0.037374604809335 0.0150589942620387 0.0348386368914086 0.0712727293034989 0.145931350567611 0.198445832735318 0.21656138838733 0.229711051047876 0.241668720897005 0.283113442171075 0.31042885183487 0.311003740097907 0.351998315153361 0.413469869579444 0.395450951552702 0.379314169591941 0.371020778641953
-9999 -9999 -9999 -9999 -9999 -9999 -9999 -9999 -9999 -9999 -9999 -9999 -9999 -9999 -9999 -9999 -9999 -9999 -9999 -9999 -9999 -9999 0.427334413854644 0.424473966342546 0.411982128796175 0.291803225753436 0.0921291593597858 0.0500138692213736 0.0360199484094641 0.0567579117569317 0.0655172065754381 0.0636277723242732 0.0608124437623571 0.0533809736101191 0.0235048104775552 0.00623027581626942 0.00241909929050162 0.001209539503691 0.00522091743268875 0.0429459278668863 0.0584143749072637 0.0452732133930025 0.0623108205751536 0.0940974391193222 0.188643643342093 0.247700347640123 0.251627308818532 0.245036751181984 0.236419422292803 0.307735944818361 0.352140045121391 0.345610864155119 0.367380618755505 0.403486870389756 0.39487274842259 0.386400646207781 0.380199758171934
-9999 -9999 -9999 -9999 -9999 -9999 -9999 -9999 -9999 -9999 -9999 -9999 -9999 -9999 -9999 -9999 -9999 -9999 -9999 -9999 -9999 -9999 0.42261590148329 0.42977028936232 0.436897317588768 0.335584883427569 0.154221862536603 0.0746995325465986 0.0253796387197813 0.0433802905260633 0.0505632964364807 0.0481296926178457 0.0501250614262465 0.0486728510272685 0.0258068672310059 0.0117591430086362 0.00713269215945601 0.00325306411949322 0.0053920880371309 0.0505050605411116 0.0753132041953048 0.0740205884967468 0.0951767659582768 0.129050044940537 0.231581303533649 0.293696565803252 0.293029216315479 0.271547520565718 0.244689405732468 0.32807259402758 0.379670442846007 0.371112738871006 0.376804697525962 0.389715664314519 0.393450813916123 0.394507522490348 0.389706434720134
-9999 -9999 -9999 -9999 -9999 -9999 -9999 -9999 -9999 -9999 -9999 -9999 -9999 -9999 -9999 -9999 -9999 -9999 -9999 -9999 -9999 -9999 0.41098706733358 0.407539938146051 0.409202402616244 0.334864441371428 0.204422562454559 0.092712333607443 0.00750169274671572 0.0128223106082337 0.0149454575896679 0.014226134973763 0.0232038690400484 0.0306848893800166 0.0218081315011757 0.0176226754040519 0.0184493235879747 0.00974371548304362 0.00484307075800815 0.0453626832784871 0.074577324642852 0.0892600369858787 0.132757417924113 0.187547680722294 0.267152920648349 0.324577577581031 0.347546695685012 0.327842908185995 0.29281825083905 0.332862440287254 0.360960548642437 0.36645002283806 0.372132350054982 0.377912378358976 0.393780557293199 0.403574412964337 0.398743597004104
-9999 -9999 -9999 -9999 -9999 -9999 -9999 -9999 -9999 -9999 -9999 -9999 -9999 -9999 -9999 -9999 -9999 -9999 -9999 -9999 -9999 -9999 0.392922748416763 0.393881871063043 0.394103933224851 0.334046145232768 0.229489451892451 0.102373217384597 0.000105541284852296 0.000604883680468804 0.000575534518563113 7.61921229466075e-05 0.00779865928026631 0.0151531963931638 0.0131839482932793 0.013153042302781 0.0151930269171995 0.00816519577812955 0.00360897338664442 0.0338034946997495 0.0606140573405222 0.0830747241205808 0.130616613085431 0.187344816548395 0.257575333028088 0.316042310701413 0.356235689875237 0.353003208371714 0.332980071059798 0.347229006599634 0.360054177981511 0.370184795163887 0.375397985443312 0.378119962721374 0.397565034689818 0.410360182803954 0.406898534018932
-9999 -9999 -9999 -9999 -9999 -9999 -9999 -9999 -9999 -9999 -9999 -9999 -9999 -9999 -9999 -9999 -9999 -9999 -9999 -9999 -9999 -9999 0.388545547078135 0.386421285894023 0.388112283259414 0.333157103783149 0.23638541588523 0.105995937294555 0.000287385477294101 0.00164707853862325 0.00156716172773496 0.000207468666405811 0.000719129460571833 0.00139730555683192 0.00121571737956849 0.00121286747838974 0.00140097840651475 0.000752928500190766 0.00187958544682844 0.0176051607708493 0.0370878199972084 0.0614000073879507 0.0997584901648473 0.144703404939312 0.215356342553457 0.279010359589394 0.331792183598958 0.355653855556382 0.36738199206691 0.368519229244367 0.372019174326807 0.379990677758271 0.384402523607069 0.387011014688151 0.403847172134906 0.415496776804859 0.414415650930671
-9999 -9999 -9999 -9999 -9999 -9999 -9999 -9999 -9999 -9999 -9999 -9999 -9999 -9999 -9999 -9999 -9999 -9999 -9999 -9999 -9999 -9999 0.366319070030647 0.364151643918945 0.357857948290377 0.305830784550972 0.220042931899515 0.098882653141838 0.0001424842794718 0.000816613285468953 0.000776990931116475 0.000102861925119325 0 0 0 0 0 0 0.000793773984349606 0.0074348940261123 0.0161641807129755 0.0275776926890749 0.0877892139000177 0.163612185173888 0.237243094552883 0.292890404549001 0.320601811913451 0.347187939433469 0.372882152801784 0.383422105753784 0.391296782926999 0.394127274936253 0.394439231355171 0.39347527483611 0.415445293623689 0.430633642387794 0.428988124079886
-9999 -9999 -9999 -9999 -9999 -9999 -9999 -9999 -9999 -9999 -9999 -9999 -9999 -9999 -9999 -9999 -9999 -9999 -9999 -9999 -9999 -9999 0.320270435748315 0.334024542011866 0.325280908426038 0.277136938550846 0.199907431290393 0.0943114181770958 0.00731215441739376 0.00233997039627195 0 0 0 0 0 0 0 0 0.00010175605322 0.000953099354630568 0.00197001039606809 0.00319974981301135 0.0791644733194656 0.177714033249081 0.256238118673609 0.307302660299655 0.315711272735306 0.342893549612792 0.377328933208359 0.396746021111702 0.408872182494769 0.407199853050794 0.40442907470618 0.401101812200926 0.426670065930002 0.443992588965149 0.440803243346627
-9999 -9999 -9999 -9999 -9999 -9999 -9999 -9999 -9999 -9999 -9999 -9999 -9999 -9999 -9999 -9999 -9999 -9999 -9999 -9999 -9999 -9999 0.287865096010781 0.28151441583898 0.294226167550768 0.254313218123688 0.17555243498469 0.103336674095693 0.0410945668951355 0.01315071653212 0 0 0 0 0 0 0 0 0.000571872624309909 0.00535645214130155 0.0110715282233041 0.017982707316151 0.0749159775581616 0.149222488299322 0.238526885412043 0.302803560076735 0.328201921089365 0.358250176202204 0.389791758489049 0.406968344030961 0.417292516251196 0.414648108675801 0.413826806393071 0.413929105761687 0.43436750024263 0.446822353931218 0.439748928422539
-9999 -9999 -9999 -9999 -9999 -9999 -9999 -9999 -9999 -9999 -9999 -9999 -9999 -9999 -9999 -9999 -9999 -9999 -9999 -9999 -9999 -9999 0.245938948892078 0.253089081803529 0.276725282779583 0.244558566988345 0.171197841838362 0.124525573482777 0.0834282677326484 0.0512422354909824 0.0247344461276409 0.00327446903632904 0 0 0 0 0 0 0.000539457318936486 0.00505283377508243 0.010443963704471 0.0169633982527082 0.0667352516819383 0.134051633435267 0.246083682887232 0.323487288506359 0.347098724126335 0.374837069352314 0.403807429001089 0.416750103840683 0.423179226132938 0.417281081811552 0.416112739081677 0.417340556671251 0.435456182010031 0.446995102671951 0.442441093104158
-9999 -9999 -9999 -9999 -9999 -9999 -9999 -9999 -9999 -9999 -9999 -9999 -9999 -9999 -9999 -9999 -9999 -9999 -9999 -9999 -9999 -9999 0.241528278103906 0.245641410075324 0.271029698826026 0.246186971214627 0.18426344069917 0.156308909543909 0.133210072688292 0.113095090503576 0.0710123980186514 0.00940097454810991 0 0 0 0 0 0 6.93407478465714e-05 0.000649480988411395 0.00134244587723487 0.00218044074956835 0.0551295846646643 0.130482993642149 0.275648734074556 0.366105060310728 0.371575236917876 0.392495514887471 0.419175615353533 0.426148136687591 0.426859169780061 0.415719982214717 0.412204351431885 0.412550883554174 0.430788692896869 0.44485361142249 0.448396411711332
-9999 -9999 -9999 -9999 -9999 -9999 -9999 -9999 -9999 -9999 -9999 -9999 -9999 -9999 -9999 -9999 -9999 -9999 -9999 -9999 -9999 -9999 0.257805807337502 0.260541088112634 0.270709394828778 0.250214705415167 0.2070844294998 0.172465777350983 0.138545820970662 0.103440752043878 0.0595625242641495 0.00788518329547721 0 0 0 0 0 0 0 0 0 0 0.0788242425733544 0.184412625206197 0.305926734242406 0.381091480064753 0.384256662828823 0.396681997227203 0.412566122448635 0.416869814161845 0.418342845686039 0.414458692695483 0.415047868899423 0.417903274183864 0.438544160055475 0.453237744303878 0.453269496172831
-9999 -9999 -9999 -9999 -9999 -9999 -9999 -9999 -9999 -9999 -9999 -9999 -9999 -9999 -9999 -9999 -9999 -9999 -9999 -9999 -9999 -9999 0.278889784437204 0.277061174697928 0.273712688100659 0.256883386966758 0.230102476985933 0.181580356966677 0.132673015459834 0.0920145202179157 0.0521593518815299 0.0130183205588456 0.0034960639551602 0 0 0 0 0 0 0 0.000464415153643736 0.00152581087061555 0.0995401543544328 0.226825097018261 0.327772704202058 0.39068356847096 0.394507776955701 0.399503674504027 0.404877676465315 0.406695627700304 0.409017119464019 0.41229159015947 0.417016801869195 0.422476972114695 0.445597551691062 0.460997934862881 0.457601148266967
-9999 -9999 -9999 -9999 -9999 -9999 -9999 -9999 -9999 -9999 -9999 -9999 -9999 -9999 -9999 -9999 -9999 -9999 -9999 -9999 -9999 -9999 0.280713948855551 0.282656355092745 0.288358526731495 0.274378609180283 0.245869268916775 0.169591463704549 0.109685230614858 0.132147395703882 0.113021090840055 0.0569237029314526 0.0239971901619487 0 0 0 0 0 0 0 0.00318777313545132 0.0104732562341389 0.0760598737383154 0.164829089288764 0.30800478913429 0.397290791866484 0.402864001661268 0.407024344754271 0.410436707691906 0.40788120777786 0.406018322811931 0.405466250810814 0.409049560555227 0.414727892142037 0.438781324551393 0.456865272864283 0.460210007842215
-9999 -9999 -9999 -9999 -9999 -9999 -9999 -9999 -9999 -9999 -9999 -9999 -9999 -9999 -9999 -9999 -9999 -9999 -9999 -9999 -9999 -9999 0.348748005025836 0.28929776634177 0.301841802449464 0.286525490469843 0.250642521649814 0.173124165858711 0.117476974831756 0.161986120978514 0.150507716922549 0.089257816815751 0.039650569299149 0 0 0 0 0.00211685473160595 0.00412662477061945 0.00148549807994269 0.00453174303125973 0.0148887966417148 0.0679415786860177 0.141731507636751 0.302685486243895 0.40279782066855 0.408398138246849 0.412055310192829 0.414697925122298 0.409629929887507 0.406128270516446 0.405590990362159 0.407130264950121 0.409721540975833 0.428345158059325 0.445317183123814 0.457736440980317
-9999 -9999 -9999 -9999 -9999 -9999 -9999 -9999 -9999 -9999 -9999 -9999 -9999 -9999 -9999 -9999 -9999 -9999 -9999 -9999 -9999 0.428010565751778 0.352417554526127 0.297034415544173 0.314108058978749 0.293073506132398 0.243907280513673 0.192905519377481 0.157490009675022 0.181048501850861 0.163524303067499 0.109478645791497 0.0502291252674066 0 0 0 0 0.00644972100074292 0.0125731719082387 0.00452607730692082 0.00443171213302783 0.0145601505354839 0.0759048487692657 0.159354415535812 0.312491591256232 0.407153120031542 0.410977995665113 0.414479949129445 0.417600537116519 0.411968172487982 0.409492581053994 0.412991361443246 0.411542210345681 0.407586392348317 0.4141194885606 0.426006315339881 0.449942378831138
-9999 -9999 -9999 -9999 -9999 -9999 -9999 -9999 -9999 -9999 -9999 -9999 -9999 -9999 -9999 -9999 -9999 -9999 -9999 -9999 -9999 0.428010565751778 0.365641461915929 0.319246802306482 0.330612865086344 0.301774488866865 0.243256982373452 0.186771443517241 0.145331967474012 0.15912785272589 0.137304592333571 0.0838168250938367 0.0375385349437143 0 0 0 0 0.00676883297118274 0.0131952530280041 0.00475001341944539 0.00834978839678965 0.0274327782011491 0.128001689225312 0.252249417735348 0.342754676479417 0.39848230304021 0.400186008930426 0.409180266792643 0.420711524631558 0.416589495613816 0.415128470955689 0.418703547559144 0.416553367411103 0.411502720344701 0.414923302705564 0.424890481872104 0.449780455092533
-9999 -9999 -9999 -9999 -9999 -9999 -9999 -9999 -9999 -9999 -9999 -9999 -9999 -9999 -9999 -9999 -9999 -9999 -9999 -9999 -9999 -9999 0.33560857413007 0.340269328784729 0.344344094632965 0.307556065254278 0.240602903539913 0.172872606986037 0.120940412479775 0.128301146212413 0.102947218454003 0.0485107957603754 0.0199486421807685 0 0 0 0 0.00574588107411898 0.0112010969933229 0.00403215921042789 0.0162418803728094 0.0533618195651745 0.190861257444072 0.349629177963401 0.367395350600814 0.380049800605287 0.384763649692578 0.401917941079552 0.423486238668721 0.421326376251127 0.420673263131365 0.422871758282095 0.420593888724909 0.416048252268633 0.418602311737427 0.427184827218088 0.449539453567572
-9999 -9999 -9999 -9999 -9999 -9999 -9999 -9999 -9999 -9999 -9999 -9999 -9999 -9999 -9999 -9999 -9999 -9999 -9999 -9999 -9999 -9999 0.329231633107877 0.328548281808898 0.331451225796462 0.289202345138287 0.213622147861353 0.148082600237187 0.0984937638453067 0.103947709418494 0.0775185710603018 0.0227461888874894 0.00713937894042756 0 0 0 0 0.00205638168066966 0.0040087378007567 0.00144306125151376 0.0452823905112754 0.148772845044942 0.254983279777883 0.35171526226275 0.318078589940074 0.314985397244545 0.359338750411729 0.393880146740251 0.423547648183692 0.423029102446438 0.42175154225371 0.419037504272828 0.416806394719911 0.414819941082013 0.417161554657526 0.422785127389044 0.435886315500545
-9999 -9999 -9999 -9999 -9999 -9999 -9999 -9999 -9999 -9999 -9999 -9999 -9999 -9999 -9999 -9999 -9999 -9999 -9999 -9999 -9999 -9999 0.294361426721987 0.30437939365487 0.313390264634009 0.271536529243716 0.192134271442864 0.128556549588678 0.0784247872931128 0.0714130945502053 0.0466751740523719 0.0061790917577477 0 0 0 0 0 0 0.000682732418672015 0.0063948218020485 0.0688732548101839 0.204321752488475 0.293077570911502 0.356986613400206 0.298281500309388 0.287622167391864 0.351597628555754 0.392242514798438 0.42250936148453 0.423526228570261 0.422673771783294 0.418283513835055 0.416391185699168 0.415764331427527 0.417606231973211 0.420922711418704 0.427576138496638
-9999 -9999 -9999 -9999 -9999 -9999 -9999 -9999 -9999 -9999 -9999 -9999 -9999 -9999 -9999 -9999 -9999 -9999 -9999 -9999 -9999 -9999 0.269917772358023 0.26453648986656 0.28882176865032 0.254736905435553 0.177562893569548 0.115658743069716 0.0613497169819494 0.0285769413501831 0.00901365742882621 0.00119327281486144 0 0 0 0 0 0 0.00222514471685914 0.0208418460277037 0.0856020590243179 0.209677260741645 0.298398382699062 0.366268774243953 0.315654854824017 0.307731328497314 0.366123484552622 0.398663810026732 0.420086364343891 0.422505292718624 0.423399507501491 0.421408115571312 0.420222275037296 0.419444534135666 0.42042500193442 0.422255180914897 0.425993686729406
