layers/veg/veg_3900.asc
NCOLS 255 
NROWS 330 
XLLCORNER -2985163.8955 
YLLCORNER -3022031.214 
CELLSIZE 25000 
NODATA_value -9999 
[rows 75 to 99 of 330, columns 171 to 227 of 255]
0.815027667199401 0.820792826719058 0.824068278480352 0.824374888144679 0.814193097854935 0.801941132325955 0.799439648804756 0.794820492693979 0.78715638872682 0.775400806646179 0.762602975580658 0.759801597393903 0.755792934730099 0.749677346024944 0.741894257685878 0.733338922689522 0.737472194699385 0.740262619049357 0.740177833888979 -9999 -9999 -9999 -9999 -9999 -9999 -9999 -9999 -9999 -9999 -9999 -9999 -9999 -9999 -9999 -9999 -9999 -9999 -9999 -9999 -9999 -9999 -9999 -9999 -9999 -9999 -9999 -9999 -9999 -9999 -9999 -9999 -9999 -9999 -9999 -9999 -9999 -9999
0.812710552236453 0.814030461895464 0.814718608160828 0.814653410684509 0.802889218543426 0.789024947488106 0.788095626204526 0.784668737748582 0.777650660623962 0.765223416432597 0.751478812960037 0.752198855498047 0.749245776366232 0.739882446919498 0.730348771818278 0.720741740514692 0.729211797064555 0.731936742383899 0.722360665821613 -9999 -9999 -9999 0.703934502539759 0.703085990130329 -9999 -9999 -9999 -9999 -9999 -9999 -9999 -9999 -9999 -9999 -9999 -9999 -9999 -9999 -9999 -9999 -9999 -9999 -9999 -9999 -9999 -9999 -9999 -9999 -9999 -9999 -9999 -9999 -9999 -9999 -9999 -9999 -9999
0.8034614137089 0.801765945390395 0.800702662220891 0.80039322571356 0.790947430259175 0.779349467882914 0.772808863358853 0.766058305977359 0.759005862692291 0.744973382789425 0.729394293829784 0.735642430482788 0.736757066728843 0.728912832140149 0.722872896010861 0.71767606766679 0.721515602061938 0.723138311785307 0.720014514835238 0.718878652824274 -9999 0.70416567015179 0.703934502539759 0.703085990130329 0.702738495409626 -9999 -9999 -9999 -9999 -9999 -9999 -9999 -9999 -9999 -9999 -9999 -9999 -9999 -9999 -9999 -9999 -9999 -9999 -9999 -9999 -9999 -9999 -9999 -9999 -9999 -9999 -9999 -9999 -9999 -9999 -9999 -9999
0.794579484132812 0.791555393069599 0.788397829516495 0.785081107224601 0.776078512074194 0.76588327848371 0.76028069752768 0.752086310326895 0.74016523047874 0.725582701236377 0.711195265378434 0.721315200875627 0.725190884257877 0.718169237607452 0.714667561620609 0.712806341920306 0.71539403587312 0.71698275331582 0.71643253359663 0.707737152358575 0.694387806163993 0.696170372493993 0.697974407384237 0.697905519049031 0.699087945983522 0.701138257345924 0.711161741539617 0.720775104405651 0.726245830296518 -9999 -9999 -9999 -9999 -9999 -9999 -9999 -9999 -9999 -9999 -9999 -9999 -9999 -9999 -9999 -9999 -9999 -9999 -9999 -9999 -9999 -9999 -9999 -9999 -9999 -9999 -9999 -9999
0.786154949671477 0.783903256549982 0.778224357803169 0.768458701363119 0.757563563716212 0.747695384631754 0.751188637469436 0.743891946221789 0.721080667273106 0.707262427815554 0.697836000358374 0.709764654912541 0.714773800733066 0.707707173675362 0.705553614325167 0.705689489628367 0.711233825811666 0.714119153813956 0.711311203391232 0.704043170548787 0.694226745358746 0.688305174964691 0.684590423468066 0.686272258199826 0.692003887138661 0.700544363227115 0.711161741539617 0.720775104405651 0.726245830296518 0.728737484803013 -9999 -9999 -9999 -9999 -9999 -9999 -9999 -9999 -9999 -9999 -9999 -9999 -9999 -9999 -9999 -9999 -9999 -9999 -9999 -9999 -9999 -9999 -9999 -9999 -9999 -9999 -9999
0.778123907547221 0.758011980451307 0.731849180081112 0.698471039982892 0.714866580270851 0.740761847965091 0.717189150416199 0.696950904801667 0.681507183288594 0.684555270126453 0.694523030655495 0.704869041326886 0.710473115185404 0.707801666292316 0.707436891537569 0.708145233173453 0.706031438847122 0.703994386424592 0.702121648285982 0.696611734242578 0.689023618414908 0.68115344426953 0.675641010387787 0.676461021010011 0.683345108540754 0.69443510488282 0.705609937040559 0.716030486575462 0.723846275837525 0.726983850440504 0.726208630372365 0.731423346018684 0.737047620889011 0.740200329592827 0.738563955871014 0.732112174077445 0.76010251727243 -9999 -9999 -9999 -9999 -9999 -9999 -9999 -9999 -9999 -9999 -9999 -9999 -9999 -9999 -9999 -9999 -9999 -9999 -9999 -9999
0.77005492776817 0.729129888578062 0.680507938558854 0.622707837887521 0.6703450810358 0.736319664797182 0.679909820559628 0.645455342010659 0.642569928490221 0.664531044227753 0.694660743023275 0.702014906966072 0.707573675358521 0.709999159333366 0.711514502624294 0.712601770721526 0.700679048006279 0.692470149911458 0.692213027872374 0.688049504944302 0.681653951036686 0.673973428867924 0.668193817194407 0.667654596164774 0.674771173813937 0.687197643076711 0.698171597647728 0.70898441223475 0.719746563035566 0.724612445365983 0.724546769499157 0.727513378196024 0.731557822504658 0.738300590623319 0.738412290282869 0.731856470416864 0.75946255015903 0.789681764236484 0.787414886186511 -9999 -9999 -9999 -9999 -9999 -9999 -9999 -9999 -9999 -9999 -9999 -9999 -9999 -9999 -9999 -9999 -9999 -9999
0.760180398915676 0.73032110164552 0.699810576916331 0.668523498598238 0.689864423873373 0.720612696207247 0.692780278545359 0.678157359841065 0.682528045593257 0.690150287794206 0.698592350334063 0.698915416511812 0.69908584372818 0.698989888821054 0.701874094767567 0.706141611341145 0.697280873079747 0.690561135794571 0.688425556900831 0.67980248875279 0.66747261287903 0.663976908957849 0.662184695287836 0.663814834371078 0.6726667152843 0.68652743563904 0.688866841290826 0.692562436771314 0.704851446721018 0.708785720030928 0.705732206036271 0.679461663122503 0.664090712865749 0.714953668137717 0.736548389617046 0.728713989455689 0.751597647227777 0.77807202020149 0.783308424498701 0.786174249431499 -9999 -9999 -9999 -9999 -9999 -9999 -9999 -9999 -9999 -9999 -9999 -9999 -9999 -9999 -9999 -9999 -9999
0.743327459193637 0.723145388263203 0.707543217430231 0.697402330221241 0.700135349582655 0.705477061585484 0.699517184706177 0.698275514947883 0.703818035876006 0.702032257855968 0.697510521390727 0.692968940593261 0.689722456800028 0.688736147519234 0.691865157032595 0.69690649516438 0.690211951742185 0.685097442699854 0.683365990434069 0.673012666925 0.65773299707731 0.657509586479604 0.658455461592696 0.660603367701049 0.669871342556621 0.684077638665848 0.683071183308603 0.683973421485045 0.696625264293244 0.699594021540647 0.694463978638146 0.645205081445456 0.613385920064909 0.692589331984687 0.723886345613893 0.707013618880597 0.734663404432329 0.767761873828208 0.771647961768846 0.774787442437681 0.777024339642462 0.802175547720703 -9999 -9999 -9999 -9999 -9999 -9999 -9999 -9999 -9999 -9999 -9999 -9999 -9999 -9999 -9999
0.715980574739093 0.703387718130807 0.697877209427235 0.70081201826515 0.696498756800727 0.691200583467671 0.697030622219495 0.699470399067741 0.697035404071333 0.693256489124694 0.688889623172991 0.682741245257423 0.679042433595044 0.679618550524036 0.681302034075959 0.683498474324829 0.677623061648917 0.67428831990309 0.676393481311616 0.668414134404085 0.654672722717603 0.656349375246607 0.658154661868315 0.658336714173543 0.666036991823105 0.678951743282657 0.682552412155374 0.687163398970589 0.698427643516657 0.700379896212704 0.694543726456288 0.631693246695236 0.587887844061887 0.67170258247161 0.694986346936827 0.657406397934988 0.704090934671697 0.759406027121634 0.748627997438069 0.75209801424386 0.772792684012489 0.802175547720703 0.831305177182147 -9999 -9999 -9999 -9999 -9999 -9999 -9999 -9999 -9999 -9999 -9999 -9999 -9999 -9999
0.701207769160018 0.678100129650656 0.665967431620469 0.666921758830763 0.668683277928413 0.671418919537202 0.681429930114107 0.684981556156344 0.679245396546928 0.676651293878951 0.675090323767624 0.670652184050763 0.668542073187987 0.670494786548443 0.670479782501315 0.669547004738629 0.663902654858851 0.660307132170222 0.661098411946986 0.656794253781557 0.64957867518988 0.649704794952165 0.650899421116023 0.654011026379543 0.660170761559317 0.668444611824738 0.675506911807981 0.682105004903262 0.687534702878972 0.68818643614246 0.684841945156496 0.624933445319768 0.582143022797876 0.657904391954161 0.689369763329482 0.676295641268771 0.705877670878655 0.739722397286289 0.739427057722415 0.751455055911288 0.778380901064196 0.791971357139764 0.802523372878377 0.822604555547979 -9999 -9999 -9999 -9999 -9999 -9999 -9999 -9999 -9999 -9999 -9999 -9999 -9999
0.692150378732921 0.653234284319207 0.628826425100963 0.621718853137848 0.633067952567383 0.649309441513867 0.660699902437394 0.664383561182521 0.656985803995758 0.656935212828141 0.659438398831117 0.658059162919413 0.658306634093963 0.661392998327136 0.659641899840445 0.655637756303284 0.64982159421009 0.645059734887838 0.642555273366056 0.642397582302418 0.643580783920641 0.640969988942992 0.641048505693176 0.648792934965193 0.653441249545996 0.655942167868956 0.665910099496089 0.673772760632956 0.671878592740472 0.670826344386722 0.670478266004794 0.620187436677031 0.583886742626282 0.647160183450029 0.692475813070262 0.719734917173685 0.719265116031936 0.716022955866652 0.734964991054348 0.758100363134343 0.786305115973314 0.777825796483675 0.764082061437178 0.808313418548576 0.834743631579825 0.835215285742324 -9999 -9999 -9999 -9999 -9999 -9999 -9999 -9999 -9999 -9999 -9999
0.703846782619104 0.699103121949043 0.687728202397231 0.668445864612136 0.644347430410052 0.622861488592385 0.640949079521494 0.64564311466153 0.631078894682256 0.63648258884636 0.648874695062681 0.651701662574676 0.653353679525318 0.652955198865765 0.651155632961174 0.648700984000984 0.638053758846597 0.629354903499315 0.624827758440842 0.627694602113653 0.634786207243267 0.63413777571749 0.635101974560175 0.641360118430906 0.644998342950399 0.646819449703981 0.656841180750259 0.664759681067169 0.66267600482311 0.65198622941282 0.634098430523346 0.597874646574253 0.577692193628302 0.643543664462575 0.683389750164535 0.69708749880612 0.701506451808288 0.704455739309893 0.711346420903204 0.726783693327695 0.752553053115349 0.765797078394498 0.777693213814916 0.813999468031205 0.835490270894105 0.835376408102229 -9999 -9999 -9999 -9999 -9999 -9999 -9999 -9999 -9999 -9999 -9999
0.714317095847261 0.718555084654833 0.713005755161087 0.69578557695357 0.651814373547753 0.606398160779393 0.623625982506189 0.627521952289472 0.612248389352364 0.621279513308243 0.638736982023117 0.642904964959725 0.645008021667367 0.64350741500653 0.642145016296122 0.640842696614371 0.626579015916129 0.615432953706913 0.610962113562739 0.616288846364532 0.627213695427608 0.626149351837748 0.626060734007992 0.63010720582107 0.632510502713706 0.633774130043985 0.644007178715907 0.652590882608601 0.652457840205082 0.640060632277112 0.617405844266404 0.588506814377355 0.575478074756934 0.638966880129818 0.670957781370494 0.671277634105107 0.670865927325801 0.671898069799881 0.683261830409918 0.700090904665362 0.723527069299512 0.753621331790619 0.785288453434695 0.812770932041182 0.825053745626688 0.81517161310222 -9999 -9999 -9999 -9999 -9999 -9999 -9999 -9999 -9999 -9999 -9999
0.722544862175673 0.68968999953542 0.676783858444681 0.687665490885963 0.652308106485353 0.608196932865452 0.610743249795246 0.610533474306745 0.606360783237068 0.615677977844133 0.629378415437446 0.629646921651957 0.630457034543276 0.632212347371504 0.632175352289191 0.631298937780873 0.615640345520525 0.604771933740395 0.604159914315408 0.610913786956244 0.621876367241305 0.616046193128943 0.611359201561268 0.611867253097298 0.612624389488684 0.613554285593333 0.624286756170406 0.634650204580487 0.640382163365895 0.640781841019721 0.636721671762494 0.602815596164209 0.58054425052092 0.632633749266775 0.652406076790555 0.639683585196946 0.616664195849926 0.600948398127199 0.647008790049641 0.681855296764577 0.70314518845803 0.741176666785263 0.781880455719465 0.798895466467919 0.809826519311523 0.811885626693813 0.812452251175399 -9999 -9999 -9999 -9999 -9999 -9999 -9999 -9999 -9999 -9999
0.704883931267748 0.657275586371805 0.644988762003094 0.674820944059079 0.646083314485338 0.604477050240444 0.604433494985569 0.603551541288573 0.601464075676424 0.608060121669655 0.617365401627588 0.615708906189404 0.614574827391811 0.61435245850636 0.612618573821585 0.610178386252419 0.600150568152094 0.594163764736922 0.596829293377914 0.605254591640785 0.616970894743253 0.603432768601768 0.594997932870269 0.603413196197759 0.607143583993289 0.60762464636352 0.615970180451396 0.624782008937248 0.632481205926188 0.63114294905891 0.622245889557293 0.587000231951796 0.56408585794712 0.616164628211014 0.633600816007817 0.616203990627451 0.598034736239259 0.588976118287153 0.639565528031678 0.672350061655797 0.683610043654584 0.722860954586235 0.767591535096508 0.783101876700485 0.795150665376209 0.802151636616113 0.792625605219893 -9999 -9999 -9999 -9999 -9999 -9999 -9999 -9999 -9999 -9999
0.674558526297599 0.623124879854231 0.615359208954723 0.659665241510543 0.636571891874596 0.598057500698687 0.601339170731639 0.601464703145171 0.59705210510077 0.599455902948447 0.604053860598946 0.601438255614365 0.598041401627302 0.59328112924184 0.588371881400011 0.583394591437886 0.582434437882025 0.583581449859846 0.58924017419588 0.599456400075584 0.61227668143343 0.589591348858929 0.577824738943177 0.599746294971224 0.608709701115695 0.608685622834105 0.613232244747572 0.618862785420638 0.626622476609014 0.616436006533689 0.591239612956179 0.556448457398932 0.537097876536697 0.594737089058012 0.614671518239967 0.5966939004159 0.596806851928368 0.605854948346667 0.646215701740659 0.667115631631126 0.664489113073405 0.701673188833351 0.747979783251882 0.766369961072795 0.780744536917598 0.789263352041574 0.785529016134271 0.777502075535242 -9999 -9999 -9999 -9999 -9999 -9999 -9999 -9999 -9999
0.653314621650448 0.611251010945985 0.608500155484922 0.652627638383971 0.628735116199055 0.588593990543604 0.58388101179508 0.580620848443548 0.579449651606744 0.576551079963685 0.573017009142097 0.569672146320568 0.563361589080722 0.551875367845006 0.552932323313093 0.559829253387707 0.565354723587017 0.566708815576355 0.559131450440051 0.566216472951637 0.581679259137307 0.584485114056865 0.587251753600313 0.591528209191919 0.595560110850358 0.59942239534235 0.60541858860197 0.60943763901646 0.605971593571387 0.594509620624056 0.576359963420782 0.541983386812188 0.519520419202379 0.562839267868643 0.580568780365406 0.572568291790973 0.576593570457466 0.590113197373455 0.647286076611951 0.681928311224382 0.689332949791426 0.716364576327977 0.747330434070931 0.758751101935237 0.765786291240081 0.766426346454619 0.76590270991584 0.764228481807825 0.74672084911688 0.738740622906212 0.747633850153059 0.750489446619621 -9999 -9999 -9999 -9999 -9999
0.631351298374312 0.598683650218394 0.599652821941189 0.640732085512539 0.615937030658894 0.575087556197299 0.565412641081425 0.559453300185636 0.558836489486607 0.55159992065404 0.542196766112819 0.539062387609593 0.532571905043707 0.520224424246236 0.526336760631431 0.541041704621669 0.547377590787682 0.547601208171613 0.53473767214494 0.539917299622715 0.555406391248019 0.575112302047954 0.58854249096573 0.584675141622297 0.584204663558673 0.586090179830576 0.594601325823269 0.599257511284354 0.588471734107773 0.577476988410177 0.566307464303499 0.53105195900508 0.50528776248119 0.539996157051608 0.55675672414786 0.55547080433734 0.564060561891322 0.581832447474573 0.644352914284265 0.686102960037812 0.702743367438386 0.723579647545843 0.744085504292088 0.748386966849767 0.749383493760653 0.745560590742853 0.747771075809807 0.75165258816343 0.741693993390164 0.738431961934602 0.747029836918482 0.746481755150893 0.741607943186602 0.735521720274711 0.733244364831838 0.739259571860371 -9999
0.607552023224344 0.584024484656572 0.585786855196364 0.617706077091415 0.591929225443205 0.552551411557596 0.545011940267361 0.538003657812276 0.531759158348424 0.52238220561383 0.512286290859773 0.511472648752656 0.510972540458568 0.511019604407701 0.519919015043864 0.532934178361724 0.52736486425506 0.523611598953816 0.523746727662229 0.529897944194107 0.539486620111038 0.555925749567494 0.570881860928324 0.581003640336921 0.57723896019347 0.563842940693822 0.577142644239988 0.587461114068813 0.578418305717329 0.571634020433417 0.566738732911981 0.527693060134991 0.498361459194075 0.537788057699942 0.556474329779073 0.554306265597112 0.569270943585852 0.591126120042485 0.632539103757533 0.665849870768244 0.689365760209869 0.71310821850753 0.734545354592847 0.731625134579853 0.729741595275733 0.729369797974725 0.733302904478301 0.738530954112514 0.736176786042448 0.7374283848988 0.745065954642141 0.745126672880201 0.74160379497376 0.735521720274711 0.733244364831838 0.739259571860371 0.741467249718285
0.601743882761866 0.601424738128851 0.602222341208566 0.604351605648979 0.578754293533296 0.546956906935545 0.533769820547849 0.524504163785459 0.520877031500502 0.514721956125919 0.507909210250488 0.506990072688351 0.506046045539489 0.505058581636966 0.510969647443717 0.520089426512916 0.518837328418708 0.521157565846769 0.531126632977988 0.538933244226602 0.54550427606106 0.554353002237217 0.563915891306194 0.575095441387087 0.569548039843828 0.552399196847256 0.558531766396218 0.563818587963117 0.558210278270591 0.556338524037692 0.557591973617829 0.522291097289752 0.495623212078088 0.534546288991954 0.555740254049986 0.559107650102072 0.572849065786358 0.591209790405279 0.624285158470475 0.651281240342237 0.670927992253437 0.684465490443987 0.695707992063066 0.702046028830243 0.706115058115714 0.70687530207692 0.713336107009013 0.721786963579472 0.726346914014333 0.731327116183381 0.737051602548968 0.73381647729897 0.726343756839478 0.726969550128243 0.729351579352622 0.735499238056322 0.737274574483148
0.606703363394904 0.63801242378358 0.636793123720892 0.596785509837471 0.572062792332927 0.551501905108363 0.52800907444438 0.515762801279287 0.519687668693929 0.519963762282567 0.518813762711155 0.516337039777676 0.511098195450625 0.501038958246733 0.500505114343336 0.50440946437466 0.51718363260275 0.531592487642349 0.549501417342152 0.55937267822144 0.564651393092132 0.563322045805724 0.563350632539558 0.567848587962455 0.56142308007221 0.547421301087126 0.5392313037666 0.533086201792813 0.531924764499931 0.535385727745214 0.542712803495273 0.515666368946925 0.495391499583778 0.530685873369235 0.554735848859858 0.567479615457266 0.575450287304027 0.585781311826043 0.618161778082061 0.640114735464379 0.649461738637428 0.644947313659968 0.63933636655357 0.664795836920464 0.680103730879845 0.680608065438856 0.690078404111805 0.702875007392795 0.713935929677451 0.722174899686107 0.725416068825556 0.716548186803064 0.701953130501487 0.713298940857113 0.723128977562516 0.729488359731432 0.733574257871715
0.604864469564194 0.624763247976282 0.624708395237188 0.600859914531121 0.572533355239334 0.543982673865422 0.526093538771752 0.517419759537644 0.521996507419228 0.526501843612486 0.530495901982425 0.524495699241094 0.518417906742083 0.51220470632215 0.515019404416577 0.522031471455974 0.510079395395913 0.50704461424697 0.523102908136142 0.536345731511251 0.547979857369653 0.548983415160695 0.549274772528358 0.549020218525972 0.547364717287879 0.544737550219728 0.536120516053636 0.528001877719258 0.523645176613823 0.526957491741499 0.536684067016765 0.514983041593806 0.496470512553098 0.515141324835916 0.533534789985591 0.551649383421457 0.564290125014718 0.578136309017255 0.607622652361302 0.630837462372475 0.646470532298483 0.644527991997306 0.639637636311937 0.658154588796607 0.669373791113493 0.669951032639159 0.681822015736191 0.697447976707519 0.701173833540209 0.701146084766195 0.694470536338236 0.684989273701144 0.674181002528197 0.700050188925544 0.719661514607304 0.725416027677986 0.730933666470627
0.598387705028246 0.606393573346372 0.60705756499218 0.598966765051588 0.569133462488556 0.535201644331773 0.523383346393769 0.518357923795141 0.523099804841604 0.527945014096419 0.532325063747298 0.526317032523107 0.520560615946178 0.515243311660327 0.518802861596475 0.52648381555015 0.498113119036843 0.483754516922139 0.49939761066479 0.514018696810418 0.528055830442541 0.531539163167984 0.533282923591713 0.531727331525248 0.533933968715484 0.5387500044044 0.533159923079921 0.526655303529328 0.520606890665354 0.522787198136913 0.53184989460199 0.513864432747791 0.496551096543759 0.501838629580505 0.514167992786839 0.533577895191476 0.549729028760387 0.56675374555076 0.594091475328497 0.618894929502919 0.640634664183452 0.642303614909038 0.639459909205364 0.651578675544829 0.659613900830626 0.661694293081123 0.674157611009687 0.689820965893172 0.688912165528033 0.68353702955051 0.670251817915231 0.660065815876918 0.651345635830093 0.686756832603417 0.713312000718582 0.720309300214429 0.727381991720657
0.579969215710215 0.581977595858349 0.581566479012757 0.578270242616755 0.553603405035467 0.524894151518609 0.517782224781239 0.515514220042157 0.520211168231941 0.514791721720762 0.506217926457093 0.510454762303372 0.507711416202099 0.492786411677945 0.48809175066228 0.488155696658287 0.47334523330581 0.469912877426799 0.490842512706312 0.500996375253507 0.504993199839019 0.509261100761487 0.514162376108702 0.520720530861962 0.52327487746824 0.523052271832938 0.527893182848341 0.531531761376907 0.529323333978774 0.528520885685777 0.528894379060955 0.510515582313486 0.493593084111156 0.496832708439612 0.503383174277126 0.513262681360975 0.527890996139039 0.545197520669729 0.572861315514593 0.59911243982998 0.623655767947534 0.628392279297848 0.628373933220005 0.640025678135671 0.650014660399995 0.657578915243694 0.665634179005677 0.673711687099428 0.678121916039891 0.677581264048013 0.668272385450239 0.656277432163395 0.64301205581324 0.673266466290946 0.698364729401886 0.711956611955579 0.721193086723208
