layers/veg/veg_2600.asc
NCOLS 255 
NROWS 330 
XLLCORNER -2985163.8955 
YLLCORNER -3022031.214 
CELLSIZE 25000 
NODATA_value -9999 
[rows 75 to 99 of 330, columns 0 to 55 of 255]
-9999 -9999 -9999 -9999 -9999 -9999 -9999 -9999 -9999 -9999 -9999 -9999 -9999 -9999 -9999 -9999 -9999 -9999 -9999 -9999 -9999 -9999 -9999 -9999 -9999 0.672165336140942 0.685402325330019 0.698639314519096 0.713638546832632 0.726082138658159 0.717949008330035 0.686369111184987 0.625463370381904 0.472142581802698 0.306073234587925 0.323861539336894 0.367205133409414 0.449141491693728 0.580299490169447 0.726701268259479 0.754186950436297 0.773098125506547 0.776256313945798 0.768975982600121 0.756565649959818 0.764510382392544 0.76986947034516 0.768844421991132 0.773895253305864 0.782598295549453 0.791996481855241 0.802347934365567 0.815283639803196 0.827572748693423 0.839391036253674 0.850042371682844
-9999 -9999 -9999 -9999 -9999 -9999 -9999 -9999 -9999 -9999 -9999 -9999 -9999 -9999 -9999 -9999 -9999 -9999 -9999 -9999 -9999 -9999 -9999 -9999 -9999 0.638510276272479 0.668621012181832 0.698731748091184 0.71921504811506 0.734666750720816 0.73110729705419 0.708632891297265 0.662500770507372 0.502381175010806 0.323427835105859 0.33566367010656 0.382978627364858 0.483268930623111 0.608094481300414 0.738742177672051 0.760304447890811 0.775338168763643 0.778377713261316 0.789513545791409 0.804628291897729 0.812934578869435 0.810725300121482 0.784906836193526 0.780126336364423 0.787991755577752 0.796326022196977 0.80564538662992 0.817678403581865 0.828938648623477 0.839636197343785 0.849117948340146
-9999 -9999 -9999 -9999 -9999 -9999 -9999 -9999 -9999 -9999 -9999 -9999 -9999 -9999 -9999 -9999 -9999 -9999 -9999 -9999 -9999 -9999 -9999 -9999 -9999 0.667273784620313 0.685155495429161 0.703037206238009 0.723546508585364 0.741394070917246 0.736510153017002 0.722762900228001 0.697929906907438 0.53669697027475 0.349836146911516 0.356379444579428 0.409565217854676 0.533188936111801 0.646284075512319 0.751866364612605 0.763650388205754 0.772372117766774 0.775467835669191 0.792444289099567 0.816242417699981 0.826562277362643 0.827059806345912 0.805691658938979 0.791478367835382 0.7815658604553 0.788643534023736 0.797460575755175 0.808276812215661 0.818971380028898 0.829577354430148 0.838635942445445
-9999 -9999 -9999 -9999 -9999 -9999 -9999 -9999 -9999 -9999 -9999 -9999 -9999 -9999 -9999 -9999 -9999 -9999 -9999 -9999 -9999 -9999 -9999 -9999 -9999 0.732386548044847 0.721091326959066 0.709796105873284 0.727152923490636 0.747039803090646 0.737396657327925 0.732156233328736 0.732422476031839 0.573387111214379 0.381516858748008 0.382286051169875 0.442448780789215 0.592305692608795 0.690526933834685 0.765621394783126 0.765382321017724 0.766374314305879 0.769628009939779 0.785121756734955 0.806630865822617 0.819926345703333 0.829114397633535 0.829226561309987 0.805812567359795 0.768257001376866 0.773965879172424 0.782589105387463 0.792005650873894 0.802404276716843 0.813518007491078 0.822588108688505
-9999 -9999 -9999 -9999 -9999 -9999 -9999 -9999 -9999 -9999 -9999 -9999 -9999 -9999 -9999 -9999 -9999 -9999 -9999 -9999 -9999 -9999 -9999 -9999 -9999 0.732719895515646 0.725698243922358 0.718676592329069 0.732341824822788 0.745590844774953 0.721999160161375 0.667557508608702 0.574530523974697 0.483602124488749 0.405225118629291 0.463012336445524 0.537769073170122 0.638152623730654 0.70495250391389 0.756688192866019 0.758793213769662 0.760580189460099 0.761782856113363 0.773519082687415 0.790432017946611 0.802039672937585 0.811786991451002 0.817465316974623 0.811711376313544 0.799085501088647 0.805141214917642 0.81170363899669 0.816476083672202 0.823823036765511 0.833044626341453 0.826511771120038
-9999 -9999 -9999 -9999 -9999 -9999 -9999 -9999 -9999 -9999 -9999 -9999 -9999 -9999 -9999 -9999 -9999 -9999 -9999 -9999 -9999 -9999 -9999 -9999 -9999 -9999 -9999 0.724759106132761 0.724759106132761 0.66473144959371 0.675996864858239 0.607016219384697 0.437668497727372 0.403164997550047 0.417827919801036 0.514040252250098 0.597146272703262 0.660459568365095 0.704903216410345 0.740863534881175 0.748399034994309 0.753385917704261 0.753690509597861 0.763106897779252 0.777001270168732 0.786899555668595 0.796568002006823 0.805821529458816 0.813995351349908 0.821520162288768 0.827538145411043 0.832222042847704 0.83338155841359 0.837524141069321 0.843838853502571 0.827929196188677
-9999 -9999 -9999 -9999 -9999 -9999 -9999 -9999 -9999 -9999 -9999 -9999 -9999 -9999 -9999 -9999 -9999 -9999 -9999 -9999 -9999 -9999 -9999 -9999 -9999 -9999 -9999 -9999 -9999 0.662248737424392 0.653852340291841 0.568190895734216 0.385890851973964 0.366435454114871 0.401248030666095 0.476083470494747 0.549389820684715 0.620386989587892 0.669609399767262 0.709479651154112 0.728809367037913 0.742338618957775 0.745211324659663 0.7565611027043 0.772076930436915 0.780877309546715 0.78989289629431 0.79957180666348 0.80761980550621 0.814687463521672 0.819370881429447 0.822942391554124 0.823771406611552 0.824688702068675 0.82567027917927 0.819631571958062
-9999 -9999 -9999 -9999 -9999 -9999 -9999 -9999 -9999 -9999 -9999 -9999 -9999 -9999 -9999 -9999 -9999 -9999 -9999 -9999 -9999 -9999 -9999 -9999 -9999 -9999 -9999 -9999 -9999 0.677033072964258 0.61470214555313 0.519379423390014 0.382792495272653 0.361145112770281 0.381358446704942 0.470532592365407 0.545844969171064 0.600223754883349 0.649241275705692 0.69533322240039 0.718900186817008 0.735613711065387 0.73973617322649 0.751326204879698 0.76658616693985 0.774799663268777 0.782974791556643 0.79124830862265 0.799385408857347 0.807440508942376 0.808781600245782 0.809731269977481 0.810730434454278 0.810768562895894 0.810106909895654 0.809142873579582
-9999 -9999 -9999 -9999 -9999 -9999 -9999 -9999 -9999 -9999 -9999 -9999 -9999 -9999 -9999 -9999 -9999 -9999 -9999 -9999 -9999 -9999 -9999 -9999 -9999 -9999 -9999 -9999 -9999 0.669932251100679 0.551366441099384 0.463514474606966 0.414077585976306 0.378061097207868 0.359131139243724 0.487870846444689 0.573527920492051 0.594123007493627 0.639415556347483 0.693362056227782 0.71582858675368 0.731941820205284 0.736382848755751 0.747017227863274 0.760695323611699 0.768682886420342 0.775885050290104 0.781460049212631 0.789838057559028 0.799900954713244 0.796481585345523 0.793743248730894 0.79526618468681 0.79608227179187 0.796383664660795 0.797106562567672
-9999 -9999 -9999 -9999 -9999 -9999 -9999 -9999 -9999 -9999 -9999 -9999 -9999 -9999 -9999 -9999 -9999 -9999 -9999 -9999 -9999 -9999 -9999 -9999 -9999 -9999 -9999 0.664855626545098 0.658411912731657 0.641553998904321 0.563213494668459 0.496872905931133 0.445541109176403 0.408033310646571 0.384859206912522 0.476407961078819 0.54516602865962 0.57950634489028 0.627349010015914 0.678980266785473 0.686969591313688 0.699245675392819 0.719397345211931 0.738389095480335 0.756810804313804 0.763345271011605 0.769637605875607 0.775694596653581 0.781579134700591 0.787360011420669 0.785457912962737 0.784243206855166 0.786305914348033 0.786669449583488 0.785795727142095 0.78621032869133
-9999 -9999 -9999 -9999 -9999 -9999 -9999 -9999 -9999 -9999 -9999 -9999 -9999 -9999 -9999 -9999 -9999 -9999 -9999 -9999 -9999 -9999 -9999 -9999 -9999 0.659014261110802 0.661371451177225 0.663728641243648 0.645010288641316 0.618505002007792 0.572716878508616 0.523854430306848 0.471146796699082 0.429375944251918 0.398792862651479 0.45722957673252 0.512968818407725 0.564634425258912 0.61471091217778 0.662464281143319 0.662714938710918 0.674238656930859 0.70647311356872 0.731954346677442 0.754116714069456 0.760116461293567 0.765905374327083 0.771642103039273 0.774955216759968 0.776811495644913 0.776656690959504 0.776816868604931 0.778218068564211 0.777702650513821 0.775791640971338 0.775630723053066
-9999 -9999 -9999 -9999 -9999 -9999 -9999 -9999 -9999 -9999 -9999 -9999 -9999 -9999 -9999 -9999 -9999 -9999 -9999 -9999 -9999 -9999 -9999 -9999 -9999 0.659935327658499 0.660485738780915 0.66103614990333 0.646954169134846 0.622026778509123 0.546076029760466 0.49534899988196 0.47617032128941 0.415643888716575 0.353600016674088 0.421731023090222 0.48816404307365 0.552032819342105 0.600903707669339 0.643085187157696 0.664167992050964 0.686945897598891 0.712838022730424 0.73480636067884 0.754846356894526 0.763983792102237 0.770669181136602 0.772094121678544 0.77357881906371 0.775099436283993 0.775164886657739 0.774242480692539 0.770768995588076 0.768338467800247 0.766667372695597 0.765736418703137
-9999 -9999 -9999 -9999 -9999 -9999 -9999 -9999 -9999 -9999 -9999 -9999 -9999 -9999 -9999 -9999 -9999 -9999 -9999 -9999 -9999 -9999 -9999 -9999 -9999 0.650947915165528 0.647296083271728 0.643644251377928 0.642631667565128 0.630208556837031 0.534497692735779 0.479979507653364 0.476982714590337 0.421627087014187 0.360214076456996 0.416306693192997 0.478776232066784 0.550875990710134 0.603497988838741 0.647719525412662 0.672590023955907 0.695912880888209 0.716392428309682 0.733745153421138 0.749561204480244 0.759807993361998 0.766815489243322 0.7666414802506 0.767436668714579 0.76881444171554 0.766713703640296 0.763541901703409 0.757932525079258 0.75395254994333 0.751159028677029 0.746987028901698
-9999 -9999 -9999 -9999 -9999 -9999 -9999 -9999 -9999 -9999 -9999 -9999 -9999 -9999 -9999 -9999 -9999 -9999 -9999 -9999 -9999 -9999 -9999 -9999 -9999 0.633524575458055 0.623631039145826 0.613737502833597 0.632974064334818 0.642357789308716 0.535743347369666 0.475793751905743 0.474209815244203 0.444395550302277 0.410935741898514 0.436487096525239 0.482514188233579 0.55946307007502 0.62005624357261 0.672798531887696 0.686945337416133 0.701695466362198 0.717554014207908 0.729352289550901 0.739155147571838 0.748784397379327 0.755624991011804 0.756161701726342 0.757237029588722 0.758636120188527 0.752337412232088 0.745922808159912 0.740509306869331 0.735291203740059 0.73021538040265 0.720698555045023
-9999 -9999 -9999 -9999 -9999 -9999 -9999 -9999 -9999 -9999 -9999 -9999 -9999 -9999 -9999 -9999 -9999 -9999 -9999 -9999 -9999 -9999 -9999 -9999 -9999 0.640218917308329 0.635259248063669 0.630299578819009 0.637549563020555 0.634954064299089 0.544188813664406 0.472957854756582 0.426159244650844 0.409932313713286 0.407496261426017 0.453809288888092 0.505169100286601 0.56415040013788 0.607771601983597 0.644882110604438 0.669925828144404 0.692563284429063 0.710779984988121 0.718418023692853 0.720857188407188 0.733208094121966 0.742347030491645 0.743959425431932 0.745405167450964 0.746750734408357 0.742424779958518 0.737497336259934 0.731843337541983 0.726679294094615 0.72187201313392 0.716597213958137
-9999 -9999 -9999 -9999 -9999 -9999 -9999 -9999 -9999 -9999 -9999 -9999 -9999 -9999 -9999 -9999 -9999 -9999 -9999 -9999 -9999 -9999 -9999 -9999 -9999 0.649053484248388 0.650942187518778 0.652830890789167 0.646108798670928 0.629933286642115 0.562480892091978 0.487756010262639 0.403935126983711 0.386059555489707 0.39493167937928 0.474621065239846 0.537836674989884 0.576174125503994 0.594432809924881 0.605688664192057 0.643455368128511 0.67544950800413 0.696838359045448 0.702046203311978 0.699301906143393 0.716959895252586 0.730242448100982 0.733090790429085 0.734670853548858 0.735488554107484 0.733456537045155 0.730474482080508 0.725289562395298 0.720513128855915 0.716034135801218 0.715508381085719
-9999 -9999 -9999 -9999 -9999 -9999 -9999 -9999 -9999 -9999 -9999 -9999 -9999 -9999 -9999 -9999 -9999 -9999 -9999 -9999 -9999 -9999 -9999 -9999 -9999 0.649257131634901 0.65830942809633 0.667361724557758 0.662295461877143 0.651164699272558 0.6212484974589 0.583961945641204 0.537456991405337 0.455932404961023 0.381556349778487 0.513957766174263 0.602701284551377 0.625514069651136 0.598454656842382 0.554721939849738 0.597041562041689 0.632542442444829 0.655516008227509 0.665305323588102 0.66861525076651 0.701088422513142 0.725237359122607 0.729788944988565 0.730329673577545 0.728459476081801 0.72545447318705 0.722905063141432 0.721844189260276 0.718016345636527 0.712173724205118 0.711359041315475
-9999 -9999 -9999 -9999 -9999 -9999 -9999 -9999 -9999 -9999 -9999 -9999 -9999 -9999 -9999 -9999 -9999 -9999 -9999 -9999 -9999 -9999 -9999 -9999 -9999 0.649312348537862 0.662081595575162 0.674850842612462 0.673136553436891 0.667307760543826 0.656785672705179 0.6351108919926 0.599486975770604 0.496662305642249 0.392359199994662 0.510929276014244 0.59851581086037 0.639312012644151 0.61539121417707 0.568097471796464 0.583771250881868 0.599172542919355 0.614073224861168 0.636086707259157 0.661595769135883 0.692054402390932 0.714398475469555 0.718255866592431 0.717120880101351 0.712984975705919 0.708615060981703 0.705138170357707 0.704235153268177 0.700293796796765 0.694140063852809 0.700734363722537
-9999 -9999 -9999 -9999 -9999 -9999 -9999 -9999 -9999 -9999 -9999 -9999 -9999 -9999 -9999 -9999 -9999 -9999 -9999 -9999 -9999 -9999 -9999 -9999 -9999 0.649215661920754 0.66217457098019 0.675133480039626 0.678506995501742 0.678243411151852 0.668548862826823 0.640148587655579 0.58835228414127 0.507567359025105 0.427905960862691 0.464544316875786 0.523664592128293 0.616736328358217 0.645544665549133 0.647320766180525 0.604419939554631 0.575562963897712 0.572507191016928 0.614566363287889 0.678797235359582 0.69001782036902 0.697589295653422 0.698298957521276 0.694836985111271 0.68886744357031 0.682731520576514 0.676935199109981 0.672131047304247 0.666989223711647 0.661601523334788 0.68348283573233
-9999 -9999 -9999 -9999 -9999 -9999 -9999 -9999 -9999 -9999 -9999 -9999 -9999 -9999 -9999 -9999 -9999 -9999 -9999 -9999 -9999 -9999 -9999 -9999 -9999 0.668001920884964 0.668196516861002 0.66839111283704 0.672497781035082 0.676137043930399 0.670119827988647 0.655354460817985 0.629647418096107 0.543524970055547 0.449648662690518 0.482610006591971 0.522098947996727 0.571445654192363 0.585054211059208 0.584317016629649 0.578009642597926 0.576951037357543 0.585535410258237 0.617587068508139 0.661171703339321 0.674453520640469 0.684430631095415 0.687728267486088 0.684864412791268 0.678296886149785 0.672380576990646 0.666658480368136 0.661374844747793 0.655793522728543 0.649995439412296 0.65938473002935
-9999 -9999 -9999 -9999 -9999 -9999 -9999 -9999 -9999 -9999 -9999 -9999 -9999 -9999 -9999 -9999 -9999 -9999 -9999 -9999 -9999 -9999 -9999 -9999 -9999 -9999 -9999 0.658523915592359 0.66464954787201 0.671079338812721 0.66955757758925 0.671784696632955 0.678700695702908 0.589242941284512 0.481999428281794 0.515087975716353 0.530914539695127 0.520672619419917 0.509821314789551 0.50055260331098 0.542425257486159 0.578806524166852 0.605099076393043 0.624981750211504 0.641714294968801 0.660200612382777 0.674794947325254 0.680538822983191 0.678259217583208 0.671156698168342 0.665664555688448 0.660389583734035 0.655452496061422 0.649599375217729 0.64307924191063 0.635810767100434
-9999 -9999 -9999 -9999 -9999 -9999 -9999 -9999 -9999 -9999 -9999 -9999 -9999 -9999 -9999 -9999 -9999 -9999 -9999 -9999 -9999 -9999 -9999 -9999 -9999 -9999 -9999 -9999 0.662085188363452 0.666444851435521 0.670482586440993 0.680697088230606 0.698637128404176 0.661461020868299 0.606474884533673 0.544322500543415 0.495940158257454 0.4683528837147 0.476050142145817 0.497676203846024 0.518216067985363 0.545205154652414 0.584042679369222 0.623705273880494 0.663773348210836 0.67557936499999 0.683045809613075 0.681438095249732 0.675136010121821 0.666012138990048 0.659245507768192 0.653213231184998 0.64885702311137 0.642677343527011 0.635169897369651 0.626302014114255
-9999 -9999 -9999 -9999 -9999 -9999 -9999 -9999 -9999 -9999 -9999 -9999 -9999 -9999 -9999 -9999 -9999 -9999 -9999 -9999 -9999 -9999 -9999 -9999 -9999 -9999 -9999 -9999 -9999 0.663888003930593 0.670992913987951 0.685466002780517 0.709154778295275 0.699079178929168 0.670718991452941 0.553571093712039 0.472911971846579 0.447357008885715 0.462460362567529 0.49303182510544 0.506031053015119 0.527943514681992 0.566231267717913 0.620417288609261 0.682416499144452 0.687436910340796 0.687502047392296 0.677854884763217 0.666926300828078 0.655227454617581 0.649102408088183 0.64374997406245 0.63962644211278 0.634000910252545 0.627281692386161 0.61844077825958
-9999 -9999 -9999 -9999 -9999 -9999 -9999 -9999 -9999 -9999 -9999 -9999 -9999 -9999 -9999 -9999 -9999 -9999 -9999 -9999 -9999 -9999 -9999 -9999 -9999 -9999 -9999 -9999 -9999 0.663888003930593 0.670992913987951 0.685135747309369 0.708081203138639 0.694116943632512 0.660839388428579 0.538224000122553 0.464585370323111 0.464909843385533 0.47370681432752 0.486211682672609 0.508643588408432 0.530790362844381 0.552413297309221 0.614653839864501 0.696855869908593 0.694961081953471 0.687288430527098 0.668755306885031 0.652456888063852 0.637501750185444 0.634376304116991 0.631472337830786 0.627152965399183 0.62316542267232 0.619419502799057 0.612607059359713
-9999 -9999 -9999 -9999 -9999 -9999 -9999 -9999 -9999 -9999 -9999 -9999 -9999 -9999 -9999 -9999 -9999 -9999 -9999 -9999 -9999 -9999 -9999 -9999 -9999 -9999 -9999 -9999 -9999 -9999 -9999 -9999 0.71324260968826 0.689765751492842 0.655193103932996 0.577400469093805 0.525658084934601 0.513255939479889 0.503700560574622 0.496773368264133 0.531943286163694 0.555366048182147 0.557207069437266 0.603821189540838 0.672439009382433 0.668581264023461 0.660826196623914 0.646159370709784 0.632729652911616 0.620043560732717 0.617035677485961 0.614597120810021 0.612101670161551 0.607243773555783 0.600665654421633 0.589652849183436
