layers/veg/veg_1300.asc
NCOLS 255 
NROWS 330 
XLLCORNER -2985163.8955 
YLLCORNER -3022031.214 
CELLSIZE 25000 
NODATA_value -9999 
[rows 250 to 274 of 330, columns 57 to 113 of 255]
-9999 -9999 -9999 -9999 -9999 -9999 -9999 -9999 -9999 -9999 -9999 -9999 -9999 -9999 -9999 -9999 0.807416582194062 0.747853861329108 0.731192968028891 0.727819228760768 0.600138310277102 0.506250268480349 0.475380069667168 0.434632130348453 0.388954691627081 0.422851952461393 0.450730034181249 0.462007583894394 0.441463499177859 0.401512534220655 0.426100143001914 0.442124390410313 0.421355653596868 0.429875452442121 0.460020974056801 0.393555601974287 0.320373085759974 0.26519974097055 0.232220385560011 0.218975186522558 0.212035807413866 0.205951975312983 0.198453404999837 0.1889293326415 0.17724078239707 0.179615558735293 -9999 0.124857175190993 0.123476399677376 0.120320323120334 0.115667596768203 0.110574683856429 0.10603730329687 0.10327666682146 -9999 -9999 -9999
-9999 -9999 -9999 -9999 -9999 -9999 -9999 -9999 -9999 -9999 -9999 -9999 -9999 -9999 -9999 0.830942637711307 0.821054920427446 0.796021427492838 0.790217439177356 0.78872233069341 0.680095653232851 0.589999744537679 0.534460499580882 0.484947098238792 0.438440902085233 0.466403573583504 0.487615245474019 0.490721433914572 0.467252673193938 0.427576798507717 0.449186882489786 0.467394619400168 0.464320621641527 0.467931286436074 0.476477693353988 0.464215625164307 0.429251453456836 0.318831512613731 0.252372662370719 0.225002550137966 0.22201832752127 0.222496908049002 0.218282703080571 0.210531834664464 0.199001641590931 0.191024049923925 -9999 -9999 0.123476399677376 0.120320323120334 0.115667596768203 0.110574683856429 0.10603730329687 -9999 -9999 -9999 -9999
-9999 -9999 -9999 -9999 -9999 -9999 -9999 -9999 -9999 -9999 -9999 -9999 -9999 -9999 -9999 0.830942637711307 0.827792860594322 0.81981832805663 0.820591347179701 0.821979980286244 0.732655095013987 0.653530742879909 0.593428612547371 0.530735782174294 0.466750059535507 0.48075967918443 0.489488086570432 0.483367234303514 0.478914208004878 0.475478329298089 0.495947775453971 0.513262584438137 0.516998987355641 0.513644965754153 0.505055600305088 0.517595491334688 0.501730695277378 0.370424640478432 0.283893617628697 0.237175062335441 0.231609859754923 0.232780492733496 0.230533239740486 0.224109482092244 0.213222657132429 0.211780976390607 -9999 -9999 -9999 -9999 -9999 -9999 -9999 -9999 -9999 -9999 -9999
-9999 -9999 -9999 -9999 -9999 -9999 -9999 -9999 -9999 -9999 -9999 -9999 -9999 -9999 -9999 -9999 0.868278287149046 0.842381216672762 0.839385055797081 0.843214124321253 0.77233849057959 0.707037971519695 0.652134072578477 0.574302195992278 0.485028081979237 0.48299770544647 0.477877090188622 0.462622546523351 0.485523442164688 0.531693979809793 0.550810427051571 0.565319897701795 0.57158359668865 0.560962806720928 0.53787504737344 0.562563440117376 0.557958367906416 0.422712352837201 0.322484042199743 0.253392308375298 0.242153776838091 0.24128925129666 0.240185824012105 0.234740083855213 0.224654091564784 0.232188054759415 -9999 -9999 -9999 -9999 -9999 -9999 -9999 -9999 -9999 -9999 -9999
-9999 -9999 -9999 -9999 -9999 -9999 -9999 -9999 -9999 -9999 -9999 -9999 -9999 -9999 -9999 -9999 0.880811272108977 0.886644921821883 0.870131043212649 0.84262266262538 0.752688553247407 0.696270916567764 0.702355677462473 0.604333169037279 0.454355790807889 0.484943883437771 0.507091062169343 0.50356305299338 0.523859862736253 0.558686580065589 0.538192490301025 0.524912778287752 0.542807466956139 0.546539058131799 0.539813068788472 0.558688618883125 0.568921306890452 0.535478655849624 0.453490564497055 0.328337484013524 0.296462159253932 0.282092331142805 0.271269958840296 0.260360749350329 0.249358744509997 0.24502597472337 -9999 -9999 -9999 -9999 -9999 -9999 -9999 -9999 -9999 -9999 -9999
-9999 -9999 -9999 -9999 -9999 -9999 -9999 -9999 -9999 -9999 -9999 -9999 -9999 -9999 -9999 -9999 0.922478459770924 0.927412574246669 0.93217770784524 0.714356634764748 0.699661054858877 0.694203659371189 0.705973872545292 0.615723440334896 0.474559470742163 0.515563707404112 0.547871455775096 0.55386084228248 0.566632976019051 0.583541665452357 0.5421099207454 0.512757968859128 0.52919452503028 0.539816833200953 0.546146085657395 0.561399707266952 0.581775538830125 0.617290261615334 0.550112595107696 0.391624275340082 0.345057635956282 0.319803516342976 0.300360717759994 0.285252034903917 0.274774844604924 0.276326665200389 0.278587186574209 0.264106247429027 0.253244344952238 0.247035537428409 -9999 -9999 -9999 -9999 -9999 -9999 -9999
-9999 -9999 -9999 -9999 -9999 -9999 -9999 -9999 -9999 -9999 -9999 -9999 -9999 -9999 -9999 0.9205295855523 0.926202963413659 0.940566689694498 0.941314680601121 0.715272196505737 0.730078461361657 0.708810635182932 0.620270897658564 0.591386512780899 0.592273210173762 0.601140102503548 0.610820319806435 0.622093015615607 0.617909556868994 0.60429994054684 0.577719417285959 0.554752188289255 0.544643698540531 0.54785552612227 0.560902652168441 0.57673350190575 0.598254666464625 0.639773380776192 0.580832515993653 0.432566338435048 0.38270362581997 0.35158870496094 0.325630926443229 0.308745374040975 0.301554520714035 0.290687700902051 0.278587186574209 0.264106247429027 0.253244344952238 0.247035537428409 0.245517637542419 -9999 -9999 -9999 -9999 -9999 -9999
-9999 -9999 -9999 -9999 -9999 -9999 -9999 -9999 -9999 -9999 -9999 -9999 -9999 -9999 0.890420148013722 0.894291626522648 0.905350759485472 0.927419774576655 0.931868866102795 0.766949924003412 0.7656197216914 0.732889016146994 0.641601828399625 0.638680931455841 0.679859348265765 0.677269284490429 0.67532817077247 0.676399024337283 0.656389121771107 0.623522817673424 0.60745082713716 0.592403520702425 0.57717557117183 0.575698120718606 0.58437360124335 0.601803148602587 0.623564398464652 0.657589944176509 0.599610490329113 0.459823254319963 0.412109624611822 0.38081857718899 0.348704798427236 0.327395530434343 0.31763210347617 0.298837068186494 0.278587186574209 0.264106247429027 0.2567770678191 0.258643102087197 0.260761794723415 -9999 -9999 -9999 -9999 -9999 -9999
-9999 -9999 -9999 -9999 -9999 -9999 -9999 -9999 -9999 -9999 -9999 -9999 -9999 -9999 0.888765932098627 0.871140762003044 0.871887947398348 0.900777480157786 0.917648194955565 0.767179142714299 0.773234979510676 0.761827290518086 0.717853160488089 0.722730266816986 0.7519866469601 0.748550986300698 0.740635956933308 0.723559348285476 0.688302381839424 0.641957863391534 0.634166119074688 0.627826464862557 0.618472784900626 0.613702338604844 0.612316006209691 0.631868379636464 0.653405221178879 0.673012040947062 0.612260906358858 0.480058154397214 0.437287583567979 0.408737285436985 0.370651703285188 0.343560590740426 0.328218311720801 0.3037991527075 0.278587186574209 0.264106247429027 0.262122473840513 0.276206649628114 0.27208126760011 -9999 -9999 -9999 -9999 -9999 -9999
-9999 -9999 -9999 -9999 -9999 -9999 -9999 -9999 -9999 -9999 -9999 -9999 -9999 -9999 0.888896773518784 0.89172112727272 0.897769243494966 0.908755444180448 0.911707702161287 0.791362130556215 0.79271570023141 0.789913649487291 0.779362088764784 0.776133568110369 0.776559620242218 0.767433128383213 0.757050902598218 0.744113812166383 0.714047246833042 0.673534025507417 0.664066007001159 0.663205162967643 0.681395149260362 0.68764117517495 0.685068160803042 0.698323330530897 0.713726471977678 0.730088740906646 0.716457239212151 0.676156275367465 0.552535680692464 0.429573223786952 0.385671586792711 0.354990126424368 0.338435919111611 0.327238589096633 0.318547613367322 -9999 -9999 -9999 -9999 -9999 -9999 -9999 -9999 -9999 -9999
-9999 -9999 -9999 -9999 -9999 -9999 -9999 -9999 -9999 -9999 -9999 -9999 -9999 -9999 0.942324229974563 0.932542359448238 0.923735145247821 0.916420886966854 0.914321744507462 0.874000598358646 0.847219812515213 0.828825514272688 0.826070558123299 0.809876875318129 0.786976578284228 0.783986053017793 0.776737281428797 0.75900825989746 0.728508290705249 0.690219775881853 0.678597989361446 0.681790921447354 0.722778415172988 0.740575507013693 0.741249544020956 0.750902731410524 0.761637384019963 0.77240458701247 0.789450681785157 0.812079758063531 0.632181749837319 0.444555749485046 0.402033570201548 0.370024203873152 0.349248966493675 0.332460567225606 0.318547613367322 -9999 -9999 -9999 -9999 -9999 -9999 -9999 -9999 -9999 -9999
-9999 -9999 -9999 -9999 -9999 -9999 -9999 -9999 -9999 -9999 -9999 -9999 -9999 -9999 0.943707830323654 0.951905940670486 0.946875258539067 0.921581019384943 -9999 0.875528266756674 0.897973037102845 0.893411696987918 0.838488653594455 0.798635155297745 0.766302133319595 0.797696218580296 0.806662396859722 0.761858538642424 0.716567875143929 0.670980326461438 0.656581947299551 0.660619337722528 0.712062177354107 0.741946383956404 0.755912381925399 0.768774253223333 0.778610836055763 0.777648005703584 0.783898827743441 0.796563789300773 0.622942211350306 0.446040682295563 0.42192638613787 0.393834006816489 0.361490595975643 0.337666711786042 -9999 -9999 -9999 -9999 -9999 -9999 -9999 -9999 -9999 -9999 -9999
-9999 -9999 -9999 -9999 -9999 -9999 -9999 -9999 -9999 -9999 -9999 -9999 -9999 -9999 -9999 0.968509940422822 0.968509940422822 -9999 -9999 0.85234923562463 0.867140607537055 0.864634765286263 0.82987262428086 0.78612678804713 0.737897626883284 0.781795103961917 0.797958687288954 0.747168598906234 0.708384601326962 0.676922690452444 0.653172821996891 0.645713765770227 0.683855147870585 0.714942115723394 0.740820328567212 0.739029640642418 0.733472635560328 0.726196096187208 0.722223021880391 0.721187278716639 0.577562223358147 0.432610682037369 0.410582421765942 0.385119677330391 0.355986798351634 0.348679535004988 -9999 -9999 -9999 -9999 -9999 -9999 -9999 -9999 -9999 -9999 -9999
-9999 -9999 -9999 -9999 -9999 -9999 -9999 -9999 -9999 -9999 -9999 -9999 -9999 -9999 -9999 -9999 -9999 -9999 -9999 0.850318237418917 0.799665422343273 0.777403923286971 0.808087295174338 0.772825382945998 0.704653389867259 0.747354600139332 0.765069774753879 0.721496866584161 0.702553644352375 0.698631189404526 0.661413340667154 0.634731294416728 0.644697271541549 0.670172392672991 0.707098972238095 0.679472941500822 0.649446818813284 0.639247688401314 0.625408452001133 0.608332554559098 0.50955498469334 0.409842559704533 0.379681355367915 0.356042244798592 0.339372728638647 0.341277425552552 -9999 -9999 -9999 -9999 -9999 -9999 -9999 -9999 -9999 -9999 -9999
-9999 -9999 -9999 -9999 -9999 -9999 -9999 -9999 -9999 -9999 -9999 -9999 -9999 -9999 -9999 -9999 -9999 -9999 -9999 0.834128285791037 0.803006471861209 0.792313954092727 0.819718523757442 0.805147071758454 0.769627430889634 0.769587498889794 0.759311113504583 0.724271162636201 0.704957062337636 0.695233597597577 0.662883278216779 0.639206423765012 0.644805412143894 0.650247268808423 0.655573104415005 0.645295017434275 0.634616989106581 0.629404281998672 0.621164200103412 0.610232277348285 0.564567380409214 0.50618446227026 0.415194811873981 0.361000531312579 0.346126262551394 0.342794245662147 -9999 -9999 -9999 -9999 -9999 -9999 -9999 -9999 -9999 -9999 -9999
-9999 -9999 -9999 -9999 -9999 -9999 -9999 -9999 -9999 -9999 -9999 -9999 -9999 -9999 -9999 -9999 -9999 -9999 0.816833413891784 0.826706321714769 0.806398376891059 0.800548108771102 0.82165889545762 0.826669288037093 0.823644757742377 0.789628473359819 0.756276990711818 0.725530149954743 0.704351165658577 0.689007275876715 0.659550284822167 0.638146137543855 0.642634114682229 0.632709750117363 0.612143771039416 0.618786236887209 0.626186681456431 0.624283487356399 0.620886282191003 0.616160652131655 0.610565279354813 0.583434102071801 0.44841585904297 0.370325031339304 0.353067581649946 0.349640993373264 -9999 -9999 -9999 -9999 -9999 -9999 -9999 -9999 -9999 -9999 -9999
-9999 -9999 -9999 -9999 -9999 -9999 -9999 -9999 -9999 -9999 -9999 -9999 -9999 -9999 -9999 -9999 -9999 -9999 0.803733103930873 0.795757320405791 0.773981343992443 0.766978531203768 0.787525101508326 0.806194178092668 0.823926288964345 0.790986369730919 0.755558880208148 0.716172988179632 0.693002176270049 0.679720363577536 0.643337707779247 0.617258062511101 0.625248424313001 0.616972687023301 0.596686579751496 0.609721738659112 0.622024043896514 0.61673241690143 0.612607939084672 0.609521251455275 0.603308220772544 0.578197912510197 0.460566832921806 0.385384132630298 0.355562323732019 -9999 -9999 -9999 -9999 -9999 -9999 -9999 -9999 -9999 -9999 -9999 -9999
-9999 -9999 -9999 -9999 -9999 -9999 -9999 -9999 -9999 -9999 -9999 -9999 -9999 -9999 -9999 -9999 -9999 -9999 0.787740357016974 0.786396383883445 0.775260639889906 0.764280662813109 0.753591163969113 0.761457288215747 0.778583620592971 0.745904268331901 0.713908993992477 0.685216123728947 0.66805319960637 0.657921978535794 0.620310615172553 0.594409338657117 0.607459888831926 0.606275204066826 0.594579674787153 0.600308792436867 0.606417906132928 0.606175357994215 0.604454401061164 0.601418892254055 0.606643111949425 0.592250912443902 0.471358663819111 0.408907625141143 -9999 -9999 -9999 -9999 -9999 -9999 -9999 -9999 -9999 -9999 -9999 -9999 -9999
-9999 -9999 -9999 -9999 -9999 -9999 -9999 -9999 -9999 -9999 -9999 -9999 -9999 -9999 -9999 0.806531362746708 0.806531362746708 -9999 0.790441958109296 0.793384202877156 0.802058343607645 0.784962102882044 0.719808578745128 0.69834682421715 0.698689504829737 0.66565291127176 0.641261257781101 0.637901690327423 0.632804880728347 0.626648589086032 0.592122853927256 0.570075805092402 0.589366276619353 0.59939422177344 0.602583012187315 0.590631964707748 0.582145545207291 0.593341848151004 0.596395378586242 0.592208626832934 0.617999342637846 0.620911717490224 0.481121208555935 -9999 -9999 -9999 -9999 -9999 -9999 -9999 -9999 -9999 -9999 -9999 -9999 -9999 -9999
-9999 -9999 -9999 -9999 -9999 -9999 -9999 -9999 -9999 -9999 -9999 -9999 -9999 -9999 -9999 -9999 0.801936344681291 0.790302784682285 0.789876562867738 0.792555162158759 0.751326634020942 0.706543571830453 0.655131921287263 0.62977762723675 0.617427291246633 0.592767362258921 0.577958779248805 0.586223736668038 0.59571706842124 0.605959541883134 0.59124068073415 0.584967011638929 0.607746426981679 0.620593349088458 0.626106434241644 0.589824369199608 0.55864696133924 0.565159727783046 0.575238267834921 0.588487375051238 0.619281684241237 -9999 -9999 -9999 -9999 -9999 -9999 -9999 -9999 -9999 -9999 -9999 -9999 -9999 -9999 -9999 -9999
-9999 -9999 -9999 -9999 -9999 -9999 -9999 -9999 -9999 -9999 -9999 -9999 -9999 -9999 -9999 -9999 0.775827340670591 0.781914539288393 0.755342228325751 0.71554997279385 0.673443286722963 0.633077932961103 0.595959861372026 0.562353768690381 0.530500333705771 0.517730094472922 0.513994502579364 0.530364703998427 0.550671046742744 0.573377901738508 0.575757930169879 0.582331356309018 0.604813790847936 0.618332800189375 0.625233501581109 0.575508887164123 0.531372984894494 0.533347024932074 0.526983909343779 0.513207672571228 -9999 -9999 -9999 -9999 -9999 -9999 -9999 -9999 -9999 -9999 -9999 -9999 -9999 -9999 -9999 -9999 -9999
-9999 -9999 -9999 -9999 -9999 -9999 -9999 -9999 -9999 -9999 -9999 -9999 -9999 -9999 -9999 -9999 0.772046244335498 0.768560551084299 0.746066422066707 0.715561544619674 0.673827733685193 0.627695670231425 0.573361630093916 0.502061586754902 0.422294637183596 0.430720125788015 0.442855184812545 0.460454577114408 0.475690536147304 0.489485121497494 0.490220265449218 0.492419986058272 0.501290254622851 0.511301901536944 0.522156305905669 0.504468318339086 0.489085790501039 0.495035891171057 0.502012127928396 0.509900770727821 -9999 -9999 -9999 -9999 -9999 -9999 -9999 -9999 -9999 -9999 -9999 -9999 -9999 -9999 -9999 -9999 -9999
-9999 -9999 -9999 -9999 -9999 -9999 -9999 -9999 -9999 -9999 -9999 -9999 -9999 -9999 -9999 -9999 -9999 0.759882011678124 0.742320674290228 0.716835341323081 0.664643358793746 0.611061438056981 0.554887524086724 0.478197578135101 0.391269079415225 0.398140610808401 0.407996157566161 0.421453387382131 0.432161415469379 0.441192803444861 0.44199729114865 0.442794205844314 0.445107209706542 0.450940747349738 0.459373735113444 0.462092615501293 0.464961112308536 0.470936075351633 0.472464993327645 0.470040636067835 -9999 -9999 -9999 -9999 -9999 -9999 -9999 -9999 -9999 -9999 -9999 -9999 -9999 -9999 -9999 -9999 -9999
-9999 -9999 -9999 -9999 -9999 -9999 -9999 -9999 -9999 -9999 -9999 -9999 -9999 -9999 -9999 -9999 -9999 -9999 0.743615867608151 0.719259722830582 0.646736496163826 0.584170440000965 0.54017277661474 0.487539778172934 0.430597304403813 0.415177336187725 0.406208535979932 0.410627330329506 0.41730190188713 0.425352191534377 0.427788632782814 0.429890873859231 0.432077529048487 0.433121536160366 0.433321848290962 0.445846455664931 0.457392529243014 0.459790628250594 0.463673440332001 0.468876409842877 -9999 -9999 -9999 -9999 -9999 -9999 -9999 -9999 -9999 -9999 -9999 -9999 -9999 -9999 -9999 -9999 -9999
-9999 -9999 -9999 -9999 -9999 -9999 -9999 -9999 -9999 -9999 -9999 -9999 -9999 -9999 -9999 0.819481213578136 0.819481213578136 -9999 0.727941365442835 0.726073526035953 0.665863686974184 0.611132255963188 0.566617104008344 0.518591497180782 0.468813993227716 0.44701948917061 0.429230258556972 0.419676325917032 0.416165810523047 0.41634095982978 0.417279830710781 0.41855172395525 0.420642496853506 0.42128498127087 0.420858095558469 0.43275228885666 0.443574532432363 0.444901564528688 0.445527031765435 0.445528690888713 -9999 -9999 -9999 -9999 -9999 -9999 -9999 -9999 -9999 -9999 -9999 -9999 -9999 -9999 -9999 -9999 -9999
