layers/veg/veg_2500.asc
NCOLS 255 
NROWS 330 
XLLCORNER -2985163.8955 
YLLCORNER -3022031.214 
CELLSIZE 25000 
NODATA_value -9999 
[rows 175 to 199 of 330, columns 57 to 113 of 255]
-9999 -9999 -9999 -9999 -9999 -9999 -9999 -9999 -9999 -9999 -9999 -9999 -9999 -9999 -9999 -9999 -9999 -9999 -9999 -9999 -9999 0.519848055147884 0.382420156800842 0.169875949354355 0.213266626012103 0.233746235954126 0.172245284337751 0.102711193923648 0.0278365400507466 0.011056595192058 0.00186734468206833 0.000575289443204927 0 0 0 0 0 0 0 0.0234810154989625 0.0680646809218522 0.208177280980501 0.287324047585029 0.295735986753149 0.309842748970164 0.326848648804586 0.355705654083656 0.372412823690938 0.372133106884663 0.369561198246523 0.365386400497451 0.347349777564461 0.322896649232618 0.287568391288547 0.278894879102779 0.282318333536381 0.295678383545982
-9999 -9999 -9999 -9999 -9999 -9999 -9999 -9999 -9999 -9999 -9999 -9999 -9999 -9999 -9999 -9999 -9999 -9999 -9999 -9999 -9999 -9999 0.387014728204627 0.181576425376629 0.194503130468778 0.191468233452268 0.127589237652414 0.068972410548169 0.0138539601752909 0.00425323848554774 0 0 0 0 0 0 0 0 0 0.0120588544100264 0.0463218335523415 0.196731040057921 0.277631983115231 0.277886853743826 0.300957177279067 0.329435562816752 0.348883459606994 0.358794283859909 0.355371169096218 0.348904692209552 0.340300582383011 0.313123077431662 0.289348606489096 0.271341828959046 0.272963841137862 0.283422198426949 0.291176567195455
-9999 -9999 -9999 -9999 -9999 -9999 -9999 -9999 -9999 -9999 -9999 -9999 -9999 -9999 -9999 -9999 -9999 -9999 -9999 -9999 -9999 -9999 0.222030958701596 0.20621254990177 0.185345256698493 0.151687553807353 0.0860369356396705 0.0384573552359321 0.00289169944806111 0 0 0 0 0 0 0 0 0.00336262506942806 0.00997116379090516 0.0108491256012539 0.0325816934963257 0.184481084281853 0.265910187564784 0.265577042331231 0.292361961339525 0.324699045811006 0.338329304712542 0.343371581862933 0.336406859538661 0.324347404820794 0.309582022320572 0.279299899536537 0.259331256747967 0.256842601075723 0.267178263339146 0.283210152085538 0.286762864029393
-9999 -9999 -9999 -9999 -9999 -9999 -9999 -9999 -9999 -9999 -9999 -9999 -9999 -9999 -9999 -9999 -9999 -9999 -9999 -9999 -9999 -9999 0.238212815982253 0.247421058045152 0.187214107029812 0.125064961060488 0.0644497474681877 0.0258720975246141 0.00194538417093768 0 0 0 0 0 0 0 0 0.019457606934394 0.0576974779275332 0.0605271489616844 0.0733153472108027 0.188641640699567 0.258543325453613 0.275741689705452 0.298270941941266 0.320709617210136 0.328709241967285 0.327064409307667 0.311935501053558 0.287237733511089 0.260040680827255 0.249807803980673 0.244616609663132 0.247970401682986 0.258913714856506 0.273224419660543 0.279638110353519
-9999 -9999 -9999 -9999 -9999 -9999 -9999 -9999 -9999 -9999 -9999 -9999 -9999 -9999 -9999 -9999 -9999 -9999 -9999 -9999 -9999 -9999 0.278342347886372 0.275573149070657 0.195760212822839 0.120463488891298 0.0638029298141304 0.0264715231051474 0.00199045639729719 0 0 0 0 0 0 0 0 0.0241945851989339 0.0717439996700593 0.0868986192576064 0.105867129377992 0.187381231697447 0.243810930958949 0.271136772844583 0.29236312839585 0.309024360021658 0.299700115054037 0.28915922190921 0.276917312804184 0.255028952560567 0.230986307564479 0.230565660818675 0.232965897351629 0.240147158659057 0.25259237527093 0.267357127782522 0.274413012359928
-9999 -9999 -9999 -9999 -9999 -9999 -9999 -9999 -9999 -9999 -9999 -9999 -9999 -9999 -9999 -9999 -9999 -9999 -9999 -9999 -9999 -9999 0.284044007829643 0.2900929224272 0.210300553419181 0.135630583033772 0.0819544790144908 0.0389069624359285 0.0029255064762381 0 0 0 0 0 0 0 0 0.0187353771907937 0.0555558561530524 0.0923475784521133 0.131073968781458 0.181254371235819 0.222466429018153 0.25327307975814 0.275847268004438 0.290430485389272 0.253285243534197 0.231865294182036 0.232431136636695 0.227219746813768 0.220323277674161 0.22052499597722 0.224065707999555 0.233265573597611 0.248015472522865 0.265186998579141 0.270893253074788
-9999 -9999 -9999 -9999 -9999 -9999 -9999 -9999 -9999 -9999 -9999 -9999 -9999 -9999 -9999 -9999 -9999 -9999 -9999 -9999 -9999 -9999 0.291157714685554 0.291153634200554 0.219109481817727 0.147498541500322 0.0836949030166573 0.0374258727393116 0.00281413984085819 0 0 0 0 0 0 0 0 0.00890208317225019 0.0263972722376286 0.0702666641897323 0.12277496116291 0.193675156852534 0.232796007320618 0.235045279513973 0.243523195653444 0.250557788229668 0.228544612380188 0.21567392193377 0.215585491698494 0.214195862116577 0.212463833707519 0.212993311868589 0.217158259242394 0.227484847015789 0.244612679836789 0.264686457611818 0.267699781247472
-9999 -9999 -9999 -9999 -9999 -9999 -9999 -9999 -9999 -9999 -9999 -9999 -9999 -9999 -9999 -9999 -9999 -9999 -9999 -9999 -9999 -9999 0.293517946732261 0.290876243364946 0.22449120982594 0.15457876526881 0.0816487379425344 0.0337674794780192 0.00253905660360568 0 0 0 0 0 0 0 0 0.00114793624485894 0.00340396567642077 0.0448778534012248 0.101973879618487 0.202803930291116 0.244255825501292 0.216814976330472 0.211514737640724 0.212089290774128 0.209606117161776 0.206920265467117 0.203951046189912 0.204154027135786 0.205439089934989 0.205626115413237 0.210108981447484 0.221872730132948 0.241280865097231 0.263981330254041 0.264885780903316
-9999 -9999 -9999 -9999 -9999 -9999 -9999 -9999 -9999 -9999 -9999 -9999 -9999 -9999 -9999 -9999 -9999 -9999 -9999 -9999 -9999 -9999 0.296037318768379 0.297292043558083 0.217674279576222 0.140183026944591 0.0756191993684252 0.0320390095097933 0.00240908886083072 0 0 0 0 0 0 0 0 0.00819024800842576 0.0242864734229911 0.0284378851083361 0.0485413327144859 0.177556491939955 0.23168107387781 0.198914822689614 0.196018765319853 0.200876406398238 0.200042305570669 0.197637455737124 0.193036515711948 0.195496013970281 0.200059255295317 0.196739976751231 0.20045421523825 0.216089336602848 0.237207452705374 0.260652891320059 0.263712900958134
-9999 -9999 -9999 -9999 -9999 -9999 -9999 -9999 -9999 -9999 -9999 -9999 -9999 -9999 -9999 -9999 -9999 -9999 -9999 -9999 -9999 -9999 0.277756948112636 0.284756554311575 0.191622214935444 0.107457658631407 0.0553827356956756 0.0222355911925781 0.00167194666363364 0 0 0 0 0 0 0.000438166194151162 0.0027345975292261 0.0148100677623829 0.0363251618631514 0.0271138692970279 0.0316924571693017 0.155633305774908 0.210705160151581 0.18587264602374 0.186113634244762 0.192621062269473 0.192146261352821 0.18958720270886 0.184114108827979 0.186882964330788 0.192103978039059 0.188058586482043 0.191784886524753 0.208683177892895 0.225638573532942 0.242537466971445 0.247981031273572
-9999 -9999 -9999 -9999 -9999 -9999 -9999 -9999 -9999 -9999 -9999 -9999 -9999 -9999 -9999 -9999 -9999 -9999 -9999 -9999 -9999 -9999 0.265183545443941 0.252737289941824 0.144818131951604 0.0549571845134381 0.0198189878848701 0.00372043357317367 0.000279748194957577 0 0 0 0 0 0 0.00134905239708791 0.00841944312709905 0.0209740777593106 0.0388226068298775 0.0420978509653928 0.0543122436911473 0.137296522540078 0.180665568131518 0.178071546713784 0.182240238520557 0.187556490204522 0.186049504752007 0.182866705884174 0.177340924534493 0.178318424043897 0.181370158593581 0.179598091077279 0.184178706972146 0.19952628263522 0.205983134580998 0.208468954574448 0.216542048969696
-9999 -9999 -9999 -9999 -9999 -9999 -9999 -9999 -9999 -9999 -9999 -9999 -9999 -9999 -9999 -9999 -9999 -9999 -9999 -9999 -9999 -9999 0.291258294679872 0.233391796999074 0.15103462403825 0.0759664896834633 0.0216788553218255 0 0 0 0 0 0.00821363066263403 0.0230196727366646 0.0219670846735178 0.0249358819460774 0.0547633526874844 0.0679594205809222 0.0651013354116957 0.0841016457393903 0.110231440615648 0.151425455828886 0.174438623456174 0.176357695525702 0.17884456491 0.180991549209299 0.178593997894138 0.174339496194319 0.167488761416794 0.164386113405952 0.163032808665108 0.168786565825947 0.176072635209904 0.185955771532477 0.189951325057261 0.191351928424977 0.201288918427271
-9999 -9999 -9999 -9999 -9999 -9999 -9999 -9999 -9999 -9999 -9999 -9999 -9999 -9999 -9999 -9999 -9999 -9999 -9999 -9999 0.334767915167811 0.331018830999025 0.28758299533138 0.222454895366619 0.169116918078247 0.109123671614906 0.0311410504682158 0 0 0 0 0 0.0190527072022796 0.0533974684957795 0.0514401879163971 0.0552306108382911 0.105839344619242 0.119466579725139 0.0973958857000303 0.128680909112666 0.165585292665747 0.169714369187496 0.173028315504697 0.175396517441969 0.174839591132935 0.173278454083614 0.170044967006479 0.164926183916079 0.157171537255308 0.15012374684209 0.144413683439455 0.158034173876833 0.168120469657982 0.172216772043629 0.175892208144105 0.179432799601995 0.190636813831611
-9999 -9999 -9999 -9999 -9999 -9999 -9999 -9999 -9999 -9999 -9999 -9999 -9999 -9999 -9999 -9999 -9999 -9999 -9999 -9999 0.336469520876957 0.337899452309254 0.308362507014159 0.261899468021371 0.176134864083686 0.0944909871447631 0.0269652638691518 0 0 0 0 0 0.0341142484146905 0.0956092215998931 0.0958584384202775 0.0931079957388745 0.115498694485063 0.127663856860073 0.129958395118081 0.141444657547048 0.153532265297724 0.157809218369759 0.16278388292518 0.168568058293159 0.165334232222265 0.159752619568305 0.155826598488666 0.15225706900455 0.14918595632245 0.143551155445528 0.138087947531284 0.152185811633807 0.162276771756566 0.165576558582492 0.169837149383843 0.174564930136047 0.183987012419366
-9999 -9999 -9999 -9999 -9999 -9999 -9999 -9999 -9999 -9999 -9999 -9999 -9999 -9999 -9999 -9999 -9999 -9999 -9999 -9999 0.33057907104539 0.334617132259347 0.311994023618922 0.27479826488472 0.17537866497587 0.0856978144357703 0.0265284157754201 0.00186442143557671 0.000140190254975546 0 0 0 0.0400174109978125 0.112153533896888 0.120862678357298 0.121592628983607 0.127693942042716 0.136815827058782 0.148853444738957 0.144606644198225 0.139026948388659 0.145705953085252 0.152525077458085 0.159506773890672 0.155164659632187 0.147908654758499 0.143042935428352 0.140494598072933 0.141186230824513 0.136008117485604 0.129859615588318 0.144162381924099 0.154201353358273 0.157013755295098 0.162481705522462 0.169142266677189 0.175040932075325
-9999 -9999 -9999 -9999 -9999 -9999 -9999 -9999 -9999 -9999 -9999 -9999 -9999 -9999 -9999 -9999 -9999 -9999 -9999 -9999 0.327310214896785 0.321399169275753 0.293363243057154 0.253234143692892 0.164529721617801 0.0844857580930178 0.0309456255301069 0.00614931849256688 0.000462381793594929 0 0 0 0.0340307552271722 0.0953752220531205 0.120662778074588 0.137883170287992 0.143181405847378 0.14720722265923 0.150004784373215 0.135303192577029 0.121337959088001 0.133345486704516 0.142247612462985 0.147546735488539 0.144132775019872 0.138248168717431 0.132121871412182 0.12990917306495 0.133168142217092 0.127205202223433 0.119161248045169 0.133315181967186 0.143228615205216 0.14595495956971 0.153438043334661 0.162999344746121 0.163113719317592
-9999 -9999 -9999 -9999 -9999 -9999 -9999 -9999 -9999 -9999 -9999 -9999 -9999 -9999 -9999 -9999 -9999 -9999 -9999 -9999 0.282138331399632 0.284232976943439 0.257256774763979 0.214390823780754 0.144647793200874 0.0834266971778233 0.0463374864526021 0.0232540200551242 0.00948180399869465 0.018038060044816 0.0260625754048939 0.0260008452899299 0.0498137502046052 0.092788877390649 0.122000765331237 0.144016154952475 0.144019723562947 0.143456242728379 0.142345393841457 0.124090289641293 0.107647092997021 0.123085973983054 0.132396974722942 0.134598180890954 0.133509883738161 0.131173181574083 0.125871450596272 0.122923951541261 0.12326794311576 0.117093292156474 0.109486180458851 0.118257847293816 0.126768383325245 0.134836337116391 0.145520918527251 0.157277838688565 0.153970299668386
-9999 -9999 -9999 -9999 -9999 -9999 -9999 -9999 -9999 -9999 -9999 -9999 -9999 -9999 -9999 -9999 -9999 -9999 -9999 -9999 0.207563357210869 0.23417704198396 0.214902271627163 0.170545466100707 0.121745138009535 0.0815600012852533 0.0636546150153028 0.0436830184757739 0.0223377711950145 0.0420736403872193 0.0599702167518851 0.0602132016039765 0.0726147900584049 0.0947750979423956 0.123082162646975 0.145609943626398 0.139827767898653 0.135188370400057 0.131652087099052 0.113162333230603 0.0971663639530363 0.114369398187123 0.123109755357903 0.122031399852944 0.123356331359434 0.124774205773329 0.120900585849042 0.117010018317872 0.113095756056924 0.106808444857008 0.100158531357163 0.102307116466093 0.109124284109854 0.12385408285352 0.1376256240274 0.150829896182903 0.145244051089209
-9999 -9999 -9999 -9999 -9999 -9999 -9999 -9999 -9999 -9999 -9999 -9999 -9999 -9999 -9999 -9999 -9999 -9999 -9999 -9999 0.196204644722749 0.18824689566249 0.165761095019976 0.135334449567993 0.0980597355856198 0.0684983607960486 0.0591516590088997 0.0526576007379606 0.0480600270301862 0.0672207333131857 0.0847748765373384 0.0903691281567024 0.0938834285890456 0.095728321848889 0.114236098959791 0.131414033250814 0.132650942732641 0.128467941662531 0.119053146595116 0.114121377281604 0.111478260033398 0.116802384889771 0.119349866044247 0.118675781905862 0.117578564069411 0.116137757292221 0.112649403456933 0.109676731683831 0.10742504353985 0.0998661406383294 0.0909876303068578 0.0927065479511076 0.0995036211702868 0.114907497724859 0.125196192601288 0.133098498056381 0.130053944625258
-9999 -9999 -9999 -9999 -9999 -9999 -9999 -9999 -9999 -9999 -9999 -9999 -9999 -9999 -9999 -9999 -9999 -9999 -9999 -9999 0.146887750304872 0.146504212002433 0.133418101332891 0.113388929147006 0.0818752714682884 0.05755449539004 0.0525591365196818 0.0549202073369971 0.0621719542108903 0.0782390815584832 0.0943890505950429 0.108290551645227 0.106468411548115 0.092026187156283 0.105879539767421 0.121624997429751 0.127902285876404 0.125963617349706 0.116094154769602 0.117045146510063 0.119284966808776 0.11575877501746 0.113925824280493 0.114057434790403 0.110883501041607 0.1070364671492 0.105503184592549 0.1041331718771 0.102991429429842 0.0938112747095416 0.0823952559063044 0.0827968280573831 0.0889919640887572 0.105006426092521 0.113645966769625 0.118915329145442 0.118211744539142
-9999 -9999 -9999 -9999 -9999 -9999 -9999 -9999 -9999 -9999 -9999 -9999 -9999 -9999 -9999 -9999 -9999 -9999 -9999 0.147013764786267 0.145106625365564 0.139302046337549 0.127438120712672 0.112262234726143 0.0774627552771563 0.0499342592394414 0.0426872552597834 0.046649061389479 0.0580626697591116 0.067083824336659 0.0801633262757956 0.107011186234008 0.105425293992364 0.0810179479782842 0.0982912073204356 0.118752096051175 0.12696438838525 0.1300760334646 0.128264066717904 0.123052348974872 0.116882450868494 0.109259005906392 0.105890067130864 0.107457364668105 0.102748837097661 0.0972056560296926 0.100091091857065 0.101398403471136 0.100499313494107 0.0891491515163053 0.0747108193285196 0.0724019270059043 0.0770819837291219 0.0936073864782738 0.103475563308343 0.110300739504029 0.111623737719361
-9999 -9999 -9999 -9999 -9999 -9999 -9999 -9999 -9999 -9999 -9999 -9999 -9999 -9999 -9999 -9999 -9999 -9999 0.157368263620038 0.156388121935574 0.15163663377717 0.139178003203865 0.119679121440358 0.0963321295703753 0.0683112628336293 0.0457817359726162 0.0376248370730875 0.0419480795356455 0.0545683262697919 0.0678203659751018 0.0822110406770028 0.100092813455547 0.0996772575431209 0.0845759282601969 0.104771106646111 0.1253723513285 0.125875086204065 0.129049407224907 0.134802587845774 0.131168165115866 0.124664309753406 0.112826867324734 0.105377356642494 0.103018887569981 0.0973548586135429 0.0916989769389786 0.0945592450694062 0.0961779593357617 0.0960608365887594 0.0877218609610464 0.0768770169289621 0.0742104872002823 0.0758603099091265 0.0848257802006127 0.0919099005909006 0.0981322409900612 0.102546240129051
-9999 -9999 -9999 -9999 -9999 -9999 -9999 -9999 -9999 -9999 -9999 -9999 -9999 -9999 -9999 -9999 -9999 -9999 -9999 0.16774340519661 0.161403730750978 0.142108266071208 0.111492828504535 0.0746900403882482 0.0573359815225714 0.0430249672293272 0.0346265247285913 0.0388211856363765 0.0513879498514582 0.0732429439381733 0.0906599114738566 0.091116494929765 0.0922136878193437 0.0938250456518372 0.116705962019358 0.135672879345042 0.124891461279035 0.126116874759119 0.138932381582538 0.139857642811016 0.136236932802449 0.120480602102756 0.108064205910801 0.099522925954754 0.0931332348839187 0.088032482672115 0.0891718828983698 0.0901715549062532 0.0909758705785975 0.0874895262902385 0.0826207917785715 0.0806869670974345 0.0788311684535296 0.0771076136425654 0.0798801501103448 0.0847022172012486 0.0924575767910259
-9999 -9999 -9999 -9999 -9999 -9999 -9999 -9999 -9999 -9999 -9999 -9999 -9999 -9999 -9999 -9999 -9999 -9999 -9999 -9999 0.163313183207255 0.149829337522081 0.115241812105783 0.0691192887095568 0.0516898352883257 0.0387314882600407 0.03444948506409 0.0394044585846673 0.0505003269116462 0.0695195020916661 0.0861492094280351 0.0928133559050655 0.0937139295963522 0.0899885535019974 0.114396198415734 0.136334273472887 0.130406786693642 0.13173685951134 0.140072593468741 0.136994865831603 0.13138955001821 0.124971929802468 0.114038843141454 0.0978667443698027 0.0903694851152941 0.0862992584542385 0.0912757339376429 0.0935478424979581 0.092038930887789 0.0816907322087289 0.069048408137821 0.0723375129508046 0.072838116591637 0.0686125788539526 0.0722326077298652 0.079367954464739 0.0831190816296571
-9999 -9999 -9999 -9999 -9999 -9999 -9999 -9999 -9999 -9999 -9999 -9999 -9999 -9999 -9999 -9999 -9999 -9999 -9999 -9999 0.160666458293387 0.157012962119572 0.122745612313928 0.0717451266618298 0.0524797201237388 0.0383057378972639 0.0340992664440519 0.0407597419901816 0.0546447435297884 0.0697822712223277 0.0837540372137684 0.0936095240135237 0.0941035363109761 0.0870838565675585 0.107056239785744 0.127427441979434 0.13280328569817 0.137613505562965 0.141877733486486 0.134446829814877 0.125940058899448 0.125537195556531 0.116060830941409 0.0960570526853923 0.0871985048466397 0.0828136271896615 0.0906954138202547 0.0938095533338887 0.0902579664769377 0.0771708972748216 0.0617334498973983 0.0657034822744863 0.0669758069300821 0.0636758731204422 0.0667538815495766 0.0726847882614624 0.0751920317215006
