layers/veg/veg_2100.asc
NCOLS 255 
NROWS 330 
XLLCORNER -2985163.8955 
YLLCORNER -3022031.214 
CELLSIZE 25000 
NODATA_value -9999 
[rows 75 to 99 of 330, columns 171 to 227 of 255]
0.836561888464374 0.837524597830304 0.836375001567026 0.832706594872047 0.822400908923322 0.811049758720634 0.808475084024291 0.803636339134007 0.795542144974713 0.779796527214652 0.761970487590293 0.760130434853925 0.757652446307649 0.754061146361981 0.748548798681687 0.742146053734863 0.748152718793216 0.752233784201032 0.752191893153161 -9999 -9999 -9999 -9999 -9999 -9999 -9999 -9999 -9999 -9999 -9999 -9999 -9999 -9999 -9999 -9999 -9999 -9999 -9999 -9999 -9999 -9999 -9999 -9999 -9999 -9999 -9999 -9999 -9999 -9999 -9999 -9999 -9999 -9999 -9999 -9999 -9999 -9999
0.832875236103529 0.831658852142142 0.828995788165504 0.824607636368541 0.812272479763569 0.798673498361988 0.795464047524901 0.789160814437346 0.778409110099783 0.757974724951698 0.735419719298485 0.743655415614081 0.74759984161202 0.744055238011201 0.736408944091905 0.726860302994487 0.740072686646532 0.747082714050331 0.740812699194539 -9999 -9999 -9999 0.720264173558107 0.718557330286175 -9999 -9999 -9999 -9999 -9999 -9999 -9999 -9999 -9999 -9999 -9999 -9999 -9999 -9999 -9999 -9999 -9999 -9999 -9999 -9999 -9999 -9999 -9999 -9999 -9999 -9999 -9999 -9999 -9999 -9999 -9999 -9999 -9999
0.825207240386507 0.823124713951829 0.820319035036635 0.816651035827236 0.802618770954737 0.786742481759783 0.782487517662874 0.775433777754477 0.764355748893377 0.740714223428017 0.714374882309646 0.729095373758084 0.737231823233287 0.733877948965856 0.730303685930246 0.726630522449074 0.734232936846579 0.73924808186911 0.738723550474903 0.738532822558281 -9999 0.720729183708694 0.720264173558107 0.718557330286175 0.717858319853951 -9999 -9999 -9999 -9999 -9999 -9999 -9999 -9999 -9999 -9999 -9999 -9999 -9999 -9999 -9999 -9999 -9999 -9999 -9999 -9999 -9999 -9999 -9999 -9999 -9999 -9999 -9999 -9999 -9999 -9999 -9999 -9999
0.818352715385788 0.815050171465539 0.808885549917824 0.799308055306328 0.785970375960037 0.772790514005299 0.771971203431001 0.764672047215937 0.748055684842264 0.72537182778076 0.702381748433275 0.719775470738842 0.72918067968922 0.724644512651016 0.723385057965616 0.723653237637001 0.729721061368849 0.734181000006418 0.735198249906683 0.726504006182652 0.71226083001593 0.712713752876312 0.713518249843982 0.713386980356803 0.715324906211573 0.718697979913629 0.729818469895619 0.740505034686745 0.747045326518522 -9999 -9999 -9999 -9999 -9999 -9999 -9999 -9999 -9999 -9999 -9999 -9999 -9999 -9999 -9999 -9999 -9999 -9999 -9999 -9999 -9999 -9999 -9999 -9999 -9999 -9999 -9999 -9999
0.812511448722445 0.807548100943624 0.794018282098867 0.770273408962067 0.760609406618029 0.75632125145036 0.764519331408337 0.757603899142497 0.728957129900968 0.712418622957837 0.70166340719828 0.71698267958599 0.724015433198151 0.716586738384325 0.715453297361162 0.717253664167977 0.726863184862453 0.732561176143493 0.729884079985023 0.72236541463461 0.712080383841142 0.703570912294407 0.698369610076728 0.701776447556572 0.708730620376634 0.71814514605653 0.729818469895619 0.740505034686745 0.747045326518522 0.750024117256995 -9999 -9999 -9999 -9999 -9999 -9999 -9999 -9999 -9999 -9999 -9999 -9999 -9999 -9999 -9999 -9999 -9999 -9999 -9999 -9999 -9999 -9999 -9999 -9999 -9999 -9999 -9999
0.804623376643601 0.77720806880721 0.739336439861036 0.688996212467576 0.71230887896214 0.750610688543973 0.724890847256088 0.701743525775472 0.682295165461561 0.688837805898244 0.704918856108961 0.717665275359542 0.724383268869312 0.720580587738497 0.721380742134411 0.724322453002127 0.7222830929151 0.720542414479921 0.719441251867429 0.713852341988962 0.705699232682254 0.69572280035786 0.688878866486242 0.690633014753469 0.698890769518034 0.711659281036704 0.723740693280624 0.735187699458414 0.74470477071293 0.746604174252042 0.742132264840536 0.74509291621996 0.748463011621691 0.748318235094564 0.741861755653781 0.729058877789306 0.764384626959149 -9999 -9999 -9999 -9999 -9999 -9999 -9999 -9999 -9999 -9999 -9999 -9999 -9999 -9999 -9999 -9999 -9999 -9999 -9999 -9999
0.79489433865873 0.741839622786325 0.678513837614241 0.602940356777749 0.662780644878992 0.746857322757995 0.680508544315742 0.639721683363687 0.635689657058794 0.666847540803213 0.709535574538569 0.719163808636793 0.725764488678881 0.727081548659806 0.730188334647395 0.734121651011625 0.717396863748324 0.706507170820641 0.708111165173116 0.7039802182043 0.69657245273714 0.687817608688184 0.681123537931031 0.680104702412692 0.688667420984764 0.703875692273754 0.715405325586411 0.727013090770367 0.740152848445098 0.743933518404035 0.739886375573368 0.739558226887258 0.740663083958184 0.745581303014895 0.741586387251605 0.728629341054477 0.763573718596819 0.802610494639984 0.798847325875298 -9999 -9999 -9999 -9999 -9999 -9999 -9999 -9999 -9999 -9999 -9999 -9999 -9999 -9999 -9999 -9999 -9999 -9999
0.771545598240817 0.729637125831724 0.687718621237545 0.64578815380423 0.679682203045624 0.727543626062166 0.695078164170405 0.678915828415157 0.686195345392951 0.700011255115375 0.715611863298651 0.717709809009207 0.719220182507517 0.719705138037909 0.723003302485528 0.727605722196956 0.715082358284854 0.706103767686282 0.704714992557864 0.694076014545138 0.678151675405487 0.67473637341625 0.673157224112453 0.674885936371092 0.685474260604894 0.702207414568491 0.702855425089967 0.705192212368945 0.718827717606397 0.720961502751368 0.713475406730954 0.671539428038285 0.644805542750611 0.711945660361862 0.738202235616145 0.723350531168632 0.753608025950553 0.789212923295464 0.794108495004423 0.796787786110977 -9999 -9999 -9999 -9999 -9999 -9999 -9999 -9999 -9999 -9999 -9999 -9999 -9999 -9999 -9999 -9999 -9999
0.745553548999282 0.712617754245775 0.689138573228596 0.676935893584259 0.6907891684811 0.709754596866103 0.704194777106059 0.705120145837653 0.715370403077991 0.717018212229129 0.715373280053209 0.712032763803737 0.710339211544897 0.711519904244055 0.715235475315827 0.720126594779133 0.710593924291486 0.703141765693853 0.700144250576075 0.686192627535091 0.665982069752724 0.666609374133039 0.668409283699439 0.67068257661011 0.681888031087245 0.699288634076392 0.695756462908621 0.694399743282252 0.707670804012281 0.707968009295462 0.697414059564257 0.625191728978076 0.576748070834253 0.680765150761282 0.718875736978137 0.690717540662729 0.728839456484281 0.774325106421959 0.771519130089069 0.77516355828031 0.786605966319599 0.807643881802011 -9999 -9999 -9999 -9999 -9999 -9999 -9999 -9999 -9999 -9999 -9999 -9999 -9999 -9999 -9999
0.715586563740853 0.688354897415159 0.678851906846508 0.690489405049753 0.693182382748168 0.694258321246333 0.705111306340168 0.711790713274443 0.712469037731222 0.709729076684232 0.70563856379731 0.700005217355846 0.697944427532826 0.702118384131788 0.706591256842015 0.711199035462287 0.702836395618591 0.696332212230013 0.693807223082103 0.681348089716756 0.663212806289319 0.66593242037299 0.668501045802931 0.668006157235564 0.677710714875933 0.694489381457015 0.69685447371844 0.700191496592276 0.711804579342556 0.70997994650313 0.696916192378554 0.611432441194766 0.550495588070226 0.653276603563752 0.675575569910647 0.616950076277879 0.68181072290111 0.757196298796923 0.722086616896793 0.726115110032861 0.777458263680522 0.807643881802011 0.829415239053294 -9999 -9999 -9999 -9999 -9999 -9999 -9999 -9999 -9999 -9999 -9999 -9999 -9999 -9999
0.693563390359556 0.653866869997544 0.638120584556838 0.650933661325516 0.661940169620057 0.672814402731828 0.687577461509764 0.695602559124571 0.693939312799423 0.69219941819997 0.690334979349119 0.686492041132573 0.68618223622518 0.692038377056452 0.694361280506538 0.69503624770411 0.687312055663916 0.68111754187481 0.678198265915485 0.671402355193905 0.662391421198568 0.662828052570245 0.663538143806644 0.663773373683576 0.670202087933432 0.680926465132462 0.687875721905535 0.693611504375357 0.69650212882632 0.693049833739171 0.684292407618784 0.597725201351741 0.534717968700602 0.634846835168693 0.671733782389426 0.645031168739937 0.68365837978642 0.727553907241201 0.711065888958783 0.724706431732501 0.774769792809717 0.78728226996906 0.789929537256346 0.805968862405637 -9999 -9999 -9999 -9999 -9999 -9999 -9999 -9999 -9999 -9999 -9999 -9999 -9999
0.676429010367264 0.619658790995755 0.590826016075366 0.595307135482349 0.619920972768119 0.648896887114099 0.66298156995463 0.670618342091052 0.668983826506589 0.670536538665671 0.673138927998821 0.672857680714794 0.67512198847628 0.681828742336461 0.68091790385142 0.676459077909693 0.668847002294915 0.662467460225627 0.65872693096298 0.659136329375259 0.661916904580841 0.658652719984216 0.656700778153651 0.659024328266796 0.661585074648061 0.664310335083015 0.67502434749467 0.682089479560195 0.673947511072644 0.668777909554331 0.666094355061516 0.584190772552443 0.524151191235364 0.620572411813697 0.682470673502445 0.709656203163832 0.703162363134011 0.693736977357801 0.714055960586177 0.740127043423046 0.773151916004914 0.759303442363719 0.738269111941229 0.786598814565549 0.814085867078886 0.811179077631804 -9999 -9999 -9999 -9999 -9999 -9999 -9999 -9999 -9999 -9999 -9999
0.707177509310575 0.702643196327827 0.691216616333257 0.671571380000611 0.645135602597093 0.621416025694773 0.643965681433655 0.651277279849569 0.636678461041715 0.646160096393464 0.664131475829274 0.671846652679472 0.676380708987632 0.67536314441595 0.672887142339659 0.669727779057339 0.65360434010934 0.640420624631447 0.633531235108397 0.63840724176807 0.650005735318546 0.651352151823873 0.653031474724761 0.656907615814916 0.658511098862303 0.658538316860384 0.664794696867872 0.668687074724867 0.662364892379141 0.647743276201248 0.626180127229697 0.574800310685057 0.543105906029216 0.622277392056966 0.667007303285403 0.677106313946116 0.679274589288292 0.68044111960986 0.686610898426839 0.702906419042747 0.731443083636403 0.742281316396649 0.75062379669866 0.78738932621666 0.809484352977904 0.810186085705306 -9999 -9999 -9999 -9999 -9999 -9999 -9999 -9999 -9999 -9999 -9999
0.736695840642988 0.746392191913502 0.741861944482852 0.720367246112613 0.664558192691295 0.606656810193646 0.626758945102006 0.63134292806003 0.613613752813748 0.628743127727844 0.655346392855134 0.665673112473675 0.67104712256895 0.667777774062184 0.664728125459866 0.661774256846532 0.639054729049368 0.621451131373302 0.614801397920128 0.623374200194511 0.640644822353919 0.641762676604048 0.642872430257071 0.646021029249308 0.646500831731936 0.645129616339178 0.650612314272105 0.65474526636524 0.651912077859392 0.634961804227265 0.606204193933796 0.569143503136642 0.550016656661863 0.618257965901962 0.64992561709748 0.644818564391683 0.646723489591665 0.650779580950318 0.658542417720229 0.673901750079667 0.698444587024175 0.72746450230599 0.757416765989561 0.783269061383578 0.79495609309146 0.785986596790113 -9999 -9999 -9999 -9999 -9999 -9999 -9999 -9999 -9999 -9999 -9999
0.763964168238786 0.718378756302883 0.701522070997323 0.718922841301123 0.673387014155595 0.6151657661175 0.61286118809157 0.610323436580426 0.607450410812318 0.624055190034078 0.646968028051865 0.650057223460301 0.65365606114111 0.658144315190511 0.656334526678589 0.651585261112334 0.625772723808684 0.60811016523096 0.607897759073239 0.618759352650817 0.635948384496782 0.627986739806975 0.620843506061125 0.619094149189776 0.618145890315955 0.617753255187901 0.62920029758321 0.639816877043423 0.643525700132541 0.637275546740601 0.622695841811473 0.570315631819752 0.5348987307741 0.603768473983634 0.629883995247746 0.61301027407246 0.598326975527629 0.591184850360568 0.629333690718394 0.659924245077686 0.681377486934815 0.716681252355991 0.75403723482539 0.770166877874354 0.780650098020524 0.782899409117922 0.783518373794291 -9999 -9999 -9999 -9999 -9999 -9999 -9999 -9999 -9999 -9999
0.755093399920537 0.685829388553494 0.667830836591036 0.710963577443733 0.671515503503564 0.61357629074134 0.610821292555237 0.60783332417633 0.604510373849474 0.616910157484464 0.634294553774779 0.633463558176383 0.633458509667359 0.634894885664702 0.630559265752134 0.623533149565393 0.60769466786377 0.597907688449043 0.601077753565045 0.612578910439535 0.628840268692944 0.609986365418135 0.597141406957416 0.604823010323683 0.608387062637276 0.609095273160805 0.617578041006179 0.626226910702784 0.632769032296408 0.624200469441353 0.60299353705938 0.559184080889518 0.531432251294994 0.592872291932926 0.614101209876091 0.594897964078974 0.578952862362961 0.572207689324544 0.619870553058973 0.650683999430928 0.661127960981832 0.69817175527953 0.740437428849548 0.755084304581832 0.767693009500332 0.777329547190929 0.775256298510811 -9999 -9999 -9999 -9999 -9999 -9999 -9999 -9999 -9999 -9999
0.728543772034445 0.65106109126914 0.637392045380305 0.699817314153632 0.664409504715365 0.607046770676929 0.614582136148468 0.614407586025934 0.603147143269861 0.608563140385909 0.619519957837186 0.616391575188647 0.611888053251045 0.604984668784198 0.596281081430718 0.586742592633745 0.587270435161087 0.589240527126873 0.594298660592502 0.605632596045556 0.620552385806829 0.589919441298342 0.572620808567032 0.596742924820351 0.607725255095773 0.609594122191717 0.610744830470369 0.613291686583225 0.620852843865828 0.603597345922337 0.565585537420267 0.542033701359659 0.53366553490102 0.583733918674238 0.600401801803012 0.58348558131661 0.573776197608236 0.57310020930753 0.620066746720377 0.643761170442203 0.639321626301207 0.675882660665265 0.721837973641474 0.739032945768174 0.755395791651434 0.770545187546348 0.772258841719593 0.769016722146472 -9999 -9999 -9999 -9999 -9999 -9999 -9999 -9999 -9999
0.717540854336175 0.658300442772692 0.649668131914688 0.701383249110136 0.662251141561142 0.60217378650515 0.596863816937155 0.590539911464169 0.582758093197862 0.578753383206544 0.576038922646807 0.570861997132825 0.564222255772813 0.555029640704667 0.556706828158387 0.563445256832106 0.57012477603036 0.569707003689446 0.554093017555519 0.559850033605496 0.577817967145493 0.579220404388923 0.580197083136923 0.582149879120256 0.586245848044479 0.59182827403253 0.596955048088911 0.599963694252335 0.595896468919497 0.580924721602155 0.556832581438108 0.529505050236888 0.513426932906353 0.550726398833202 0.561167986473279 0.544604057732969 0.542651899094587 0.552614480137488 0.618050773207908 0.65726109834199 0.664766501916799 0.692992545287578 0.725524830740222 0.738991295582292 0.749487886369433 0.755653651556795 0.756168173560261 0.75406493100474 0.741412150687042 0.737567471752123 0.749322325495805 0.753096784180341 -9999 -9999 -9999 -9999 -9999
0.703500969170834 0.660363609028 0.655231345458441 0.695418107877778 0.655093048098171 0.595869940042115 0.581877107673798 0.569649118998552 0.55995875443315 0.548804356818012 0.537341681887551 0.530789557181291 0.523713294160276 0.515722316599635 0.524619758021422 0.54137738817394 0.54753614325028 0.544211422057767 0.520581358737602 0.523288118327755 0.541043155426827 0.564479944197896 0.579409686806697 0.570896157202958 0.56909137829887 0.571939639602926 0.581218016175062 0.586162068199685 0.574094559203855 0.562152637086061 0.550315754113102 0.515730011424116 0.490124924347219 0.521709058759001 0.530208095478243 0.51549513543355 0.521437182479916 0.540223023701773 0.611734823686785 0.659501530635959 0.67856247869965 0.702561379275199 0.726481011506976 0.734508511720185 0.739281987948861 0.739310276296211 0.740668253019238 0.742220400009902 0.73683310605649 0.737672993587235 0.74954149180673 0.750584851747818 0.74650828505828 0.733226433436164 0.726903525833078 0.735778270783276 -9999
0.682253469184529 0.649772826224692 0.64466408588359 0.672194861765061 0.636560794968399 0.586305217711297 0.573551805701042 0.556185370025861 0.532185984295474 0.519052879510042 0.510098220156696 0.503680929322858 0.499938573274884 0.500864453973417 0.509515370017025 0.52175621100864 0.512615183257489 0.505551689092777 0.502936461476996 0.508410289647173 0.518506025200285 0.540417585995381 0.559028077869263 0.567315648685844 0.562169762300096 0.547706728908115 0.561262625967272 0.571303461269502 0.559705108979397 0.552211468458146 0.548150952644944 0.499038809950257 0.460461123858811 0.502243570185866 0.51848408876136 0.509042275288265 0.523150692655395 0.546564014050245 0.595790632381896 0.635906120080926 0.665007040739961 0.694214152140308 0.720758666036404 0.719645762493374 0.719247482482317 0.719891303863182 0.726810127804491 0.73565891010644 0.734402623697754 0.738016086171771 0.750254086844317 0.751080575552219 0.746509802580792 0.733226433436164 0.726903525833078 0.735778270783276 0.739035445112979
0.670192501304928 0.662097002450478 0.656162607034605 0.652805210803794 0.620788388887648 0.582202747155422 0.561276102974862 0.541333273122226 0.522805045009081 0.512859379855802 0.506047836327329 0.497813770965087 0.491573916035274 0.488814312837253 0.493529938336177 0.501723077008575 0.50037516726272 0.502651926163085 0.512689566714259 0.520415321854419 0.526820116856287 0.538578215419443 0.550918922206106 0.564132635932546 0.556887349044783 0.535452154566433 0.53966408015398 0.542942889444204 0.534214595319535 0.531155030987444 0.532836714618684 0.484515634427663 0.446299931217597 0.490076479560517 0.512035398841801 0.512056757281004 0.52528601012517 0.544858461773147 0.586133614793159 0.619847117099605 0.644419239255117 0.661167865478715 0.675081982878963 0.683787781932652 0.689069530633597 0.689358150114806 0.703219757702665 0.721582850708269 0.72539171987363 0.731088085119706 0.74012728845452 0.733819797891475 0.720253836835132 0.718762613150993 0.720788568953004 0.730383639447234 0.733240421755401
0.663629635608706 0.688135688657454 0.680867408398621 0.635709950982463 0.606667740065213 0.581369412118932 0.546636101430005 0.525650255616372 0.524431541846054 0.52076523421998 0.515878415495566 0.504659545897404 0.492432119347697 0.478444581618072 0.477017205590588 0.481443388514783 0.501709604202768 0.521154360171797 0.53884026525486 0.548509637202035 0.553598539602861 0.550039212748575 0.550154780021266 0.561187522780701 0.552585991978916 0.530366565919401 0.517082112379353 0.506501446425348 0.502080140245971 0.503446150224371 0.509652592177874 0.471290013638218 0.441416986457379 0.482277450487211 0.508743964616175 0.520737405121233 0.527673777548723 0.538337086390611 0.580239445157768 0.608298623465508 0.619622596740505 0.613339291928679 0.605492790766007 0.635364240625313 0.652820767291152 0.652173203954821 0.673804678533119 0.703009351964529 0.712442460508355 0.719808364035031 0.723513157088862 0.705931826166558 0.678282873916441 0.695642255124895 0.711013835197053 0.721760343150059 0.728125925642278
0.665617764288376 0.678590504060756 0.672862520068721 0.644834932531231 0.609587091053117 0.573122053413879 0.545417293967142 0.529018709832871 0.528876989224623 0.528369204922516 0.527168147277889 0.514487415006354 0.502970837392093 0.49348591661613 0.496678113627271 0.505765016082432 0.490325592924073 0.485823851497973 0.504741093086177 0.519080186546606 0.530803427527856 0.530783136899765 0.531923049913022 0.537659373080445 0.535549837276013 0.527998588267753 0.513728386652095 0.500225146079863 0.491651644796177 0.492622179066795 0.501575213966224 0.46876281981379 0.440246029173443 0.461408124557466 0.482043047484107 0.502147900079758 0.516142116329785 0.532198294663736 0.570316081274438 0.599686410784141 0.618481823024688 0.613352504463918 0.60282721855094 0.609964994963627 0.620536388278844 0.63611486125679 0.661022044011876 0.68828168165664 0.688976096410207 0.685396620524536 0.674247897443109 0.657476806517876 0.638046524540268 0.677263592981426 0.707573546765417 0.718117270880711 0.728715102664876
0.667740797356573 0.667137787450845 0.661050635251489 0.648423939424015 0.60954048356305 0.565298977672753 0.543737721295825 0.530876159289683 0.530523667786631 0.529141676120682 0.526991486417728 0.516922665053748 0.507253566078146 0.498282053732204 0.502815773323827 0.513621365827991 0.474355349011191 0.454113804792994 0.474606102676708 0.490870166404899 0.504718310750495 0.508189587974905 0.511403779003897 0.515255101637805 0.518551490738275 0.521462990287838 0.510667294820931 0.498880986208945 0.488426465343329 0.487909801026326 0.49570502382426 0.466900644508678 0.439404540222255 0.444299672661313 0.458051498842033 0.480708704120935 0.499969529568816 0.520730129731309 0.556025377894762 0.587136334953129 0.613188846825034 0.611780477791543 0.602259959800762 0.593317164983684 0.598657961066651 0.624827836087832 0.648994531918066 0.671241209950023 0.667586217404014 0.657572537458433 0.636297344097879 0.619532687735715 0.60490136379874 0.65916585182883 0.700435089183475 0.712977578790109 0.725595699784175
0.668802612804694 0.656302361969252 0.644011077023788 0.631968972621265 0.598250533855003 0.559923427862239 0.538494705205508 0.525256970844279 0.523796851386685 0.51068650891495 0.494210527036917 0.497993029411363 0.492249459811714 0.469881201089038 0.464690911361326 0.467491640191894 0.447587380913382 0.441698356027366 0.465817750129386 0.475801383371091 0.47770815582552 0.481357357607224 0.487374537624119 0.499493255596414 0.503807255416524 0.502708076389902 0.505189639105792 0.506368741123161 0.501868912423653 0.497597152947035 0.493516147444956 0.46511112503007 0.438866876319144 0.440008426154744 0.445653253116993 0.455826111776709 0.473047391183591 0.494157919392951 0.530089435458391 0.562978446306636 0.592189332119075 0.597667531334245 0.596329104292706 0.597483405121871 0.605476711599385 0.62344301362859 0.636293320694819 0.647025488873042 0.653829651090484 0.652239539823106 0.635782803178821 0.614718547783668 0.591475090853442 0.641061299282445 0.681792218672244 0.702774619537323 0.719744593225433
