layers/veg/veg_3100.asc
NCOLS 255 
NROWS 330 
XLLCORNER -2985163.8955 
YLLCORNER -3022031.214 
CELLSIZE 25000 
NODATA_value -9999 
[rows 75 to 99 of 330, columns 168 to 223 of 255]
0.882663493884609 0.867333647134343 0.855461487242435 0.854325293337806 0.853924862290937 0.846623587890533 0.834533698178455 0.817185291467177 0.799842828848549 0.784520668879814 0.785097313435217 0.778313890970671 0.761801796834416 0.752060595795915 0.744811868706429 0.740640714167732 0.735027309443691 0.727107895952785 0.717669117046434 0.707792980189581 0.707558143143131 0.707402883089654 -9999 -9999 -9999 -9999 -9999 -9999 -9999 -9999 -9999 -9999 -9999 -9999 -9999 -9999 -9999 -9999 -9999 -9999 -9999 -9999 -9999 -9999 -9999 -9999 -9999 -9999 -9999 -9999 -9999 -9999 -9999 -9999 -9999 -9999
0.880355778951204 0.867171579916696 0.856474458472805 0.853823308231839 0.851061489279324 0.839615133283462 0.828936987397076 0.819102435254749 0.802615829662275 0.786481946816074 0.786664515045865 0.778074467106798 0.757888614105435 0.742182624291822 0.729147842076187 0.73243919885404 0.731179186452707 0.722642005821411 0.714216288892516 0.706029483701541 0.70685626517713 -9999 -9999 -9999 -9999 -9999 -9999 -9999 -9999 -9999 -9999 -9999 -9999 -9999 -9999 -9999 -9999 -9999 -9999 -9999 -9999 -9999 -9999 -9999 -9999 -9999 -9999 -9999 -9999 -9999 -9999 -9999 -9999 -9999 -9999 -9999
0.8787032861506 0.864467759576125 0.852621403590753 0.849198338248285 0.845989082556261 0.835437129521354 0.825855893879674 0.817340631088488 0.802582311162361 0.787512909079638 0.782699750576114 0.769581025574871 0.745483850338752 0.733505363754262 0.726081605666086 0.725475406297689 0.722446606034183 0.715544317689686 0.710477915250743 0.706281003270517 0.706462323127169 -9999 -9999 -9999 -9999 0.675573686812501 0.677345872431719 0.683335388023053 -9999 -9999 -9999 -9999 -9999 -9999 -9999 -9999 -9999 -9999 -9999 -9999 -9999 -9999 -9999 -9999 -9999 -9999 -9999 -9999 -9999 -9999 -9999 -9999 -9999 -9999 -9999 -9999
0.877432359879278 0.860283757372251 0.845934633847487 0.842172361108117 0.839630252063074 0.832907429824617 0.824239762091077 0.813436403258737 0.800914425048381 0.788002104964142 0.775513463218569 0.7562808830532 0.728134041308066 0.725527333436861 0.730351652403779 0.719232397660396 0.71086957733659 0.7069140103461 0.706573255100474 0.707722045784361 0.707035863247832 -9999 -9999 -9999 0.67554941462793 0.675573686812501 0.677345872431719 0.683335388023053 0.685665492180515 -9999 -9999 -9999 -9999 -9999 -9999 -9999 -9999 -9999 -9999 -9999 -9999 -9999 -9999 -9999 -9999 -9999 -9999 -9999 -9999 -9999 -9999 -9999 -9999 -9999 -9999 -9999
0.86668182518864 0.856518660869738 0.85004855947804 0.843469932190731 0.833065871279299 0.802474608593697 0.787872263927696 0.790827812667735 0.79533062185362 0.795027624922169 0.753727421748014 0.724104553964856 0.709917002424271 0.716667756902884 0.729068134480827 0.722211372184621 0.716691591615646 0.713309506444785 0.712899128058769 0.713472610502738 0.701225431455662 0.690804768198273 0.683947759818891 0.676241604537948 0.668091914232896 0.666534404409804 0.668229272959719 0.677364817254454 0.684910077208099 0.691442734938224 0.699702133607658 0.708361240767961 0.717836450800437 0.721957681135254 -9999 -9999 -9999 -9999 -9999 -9999 -9999 -9999 -9999 -9999 -9999 -9999 -9999 -9999 -9999 -9999 -9999 -9999 -9999 -9999 -9999 -9999
0.859304362876161 0.854946589838239 0.854454944141747 0.845517098285531 0.829029721112378 0.780987308213185 0.761289496172519 0.772717710289514 0.788310715996893 0.796405985536421 0.736976415872964 0.703259423984794 0.703529789321912 0.715847105860062 0.730948254733891 0.728444746939211 0.725189376504039 0.720731855527945 0.718762241492824 0.717565186493288 0.703231703706986 0.691393801425165 0.68442494417896 0.674750856890012 0.663663746400927 0.66080925352716 0.662091266511952 0.672846044641159 0.682371364548951 0.691113835694063 0.699448031196311 0.707944221074115 0.717029317679507 0.721844140764866 0.723371917248905 0.726116326441121 0.729691422397873 0.735926516955161 0.744588625506715 0.755498848872226 0.76998943646219 -9999 -9999 -9999 -9999 -9999 -9999 -9999 -9999 -9999 -9999 -9999 -9999 -9999 -9999 -9999
0.86250119305681 0.859303381639207 0.858107585211464 0.84841499576109 0.831927623294809 0.787940563242908 0.766423468166622 0.769581291643027 0.77793171967618 0.781422656534035 0.73607440924122 0.716072564387909 0.729574059480362 0.737107182475253 0.742266399951216 0.742240250095215 0.738493742638282 0.728798768451511 0.721891088728884 0.716031379431392 0.704029354550909 0.693591463367579 0.686205301992002 0.677791003599707 0.668839678250524 0.665434139464618 0.665398066405006 0.673150261409024 0.681588187640212 0.690462748344514 0.698499984170446 0.70638833548301 0.714017932818098 0.719424026022722 0.72311857506963 0.726116326441121 0.729691422397873 0.735926516955161 0.744588625506715 0.755498848872226 0.76998943646219 0.782819619069672 -9999 -9999 -9999 -9999 -9999 -9999 -9999 -9999 -9999 -9999 -9999 -9999 -9999 -9999
0.859239355433367 0.856412899962882 0.854709830741447 0.843603676476812 0.827530765616545 0.79456912109165 0.778537555439737 0.781097399152943 0.780012414261479 0.775385071448039 0.750278005366793 0.740114115343776 0.749702389697664 0.751424019672168 0.750518002940558 0.749785924642683 0.744209304361056 0.730886762879694 0.723135341079491 0.717631775830617 0.707052609962959 0.696861202330552 0.687426337036485 0.679678812094376 0.672812635882752 0.669663141646953 0.669106745151719 0.674578337204688 0.68194710089193 0.690523875100075 0.697846152211641 0.705262080372856 0.713255738714992 0.714531916453214 0.710637307897549 0.713996388278171 0.720153101213343 0.733608218504792 0.744644496085784 0.753440230596766 0.766457833584083 0.77850319274813 0.780785301989195 -9999 -9999 -9999 -9999 -9999 -9999 -9999 -9999 -9999 -9999 -9999 -9999 -9999
0.851415592829661 0.848403480617412 0.846332198607951 0.833347136973486 0.817981429402009 0.800968336880098 0.795581879601063 0.802962966818477 0.790893712456468 0.775666097858572 0.775151081430141 0.772086584585421 0.765652137733954 0.760836666359997 0.75660362743136 0.752917182763041 0.744564696236874 0.728751691736714 0.723048455067449 0.721445941616378 0.711647867741981 0.700888177164637 0.688252307868454 0.680752694149678 0.675935901550742 0.673612520840994 0.673099281380679 0.67680022384939 0.683112702115646 0.691088057193974 0.697400132003602 0.704439284440784 0.714082206518166 0.707893772671064 0.689519139405648 0.693315822700733 0.703877615802175 0.7296524455886 0.744739829507354 0.749927556714097 0.760431767779767 0.771268969232475 0.778289285116568 0.781987483236242 -9999 -9999 -9999 -9999 -9999 -9999 -9999 -9999 -9999 -9999 -9999 -9999
0.840508086249117 0.834988213831255 0.828402792090327 0.818707123442812 0.807299284486329 0.789937379670807 0.78320700896922 0.788151433428029 0.785152168794848 0.779700438840982 0.771101688703605 0.758697243587516 0.741262360999839 0.741416052831161 0.747149390538045 0.748364455189683 0.743936166569896 0.730484740182015 0.723100637782647 0.71817500546432 0.708210652660184 0.698313967733713 0.688549307377568 0.681846386185956 0.676742703655712 0.675305987228056 0.675939313990883 0.68134125040262 0.686117980958504 0.690496616140224 0.697365846179009 0.704002834422061 0.709351664161673 0.705931037346802 0.695760114039772 0.669009369885027 0.657317860315253 0.714169718247462 0.743714539636221 0.747965170911678 0.751384682218515 0.756188828911787 0.769410745831125 0.780558417179952 0.789397027979881 0.791242157674696 -9999 -9999 -9999 -9999 -9999 -9999 -9999 -9999 -9999 -9999
0.82974075806435 0.822313159977865 0.813485598698057 0.805870344123523 0.796699293546605 0.778053679558017 0.769404210251685 0.771731796590221 0.777492388930364 0.781513223376222 0.764845566833091 0.74451980346711 0.719358687362752 0.72295899195813 0.735806463202634 0.742987181808824 0.743065037046336 0.731786148936219 0.722226793632808 0.713386657663122 0.704174476258025 0.695757648746295 0.688892610054485 0.682814466572572 0.677147342179642 0.67635991451519 0.67790752890787 0.68478804980724 0.68835885384015 0.689822219239849 0.696498035637809 0.702053167205408 0.702977878657996 0.702562334100363 0.701115126361758 0.648670498329557 0.617639576358243 0.698497764024805 0.740044691816762 0.745178057145449 0.742509511510728 0.742001191468171 0.761514179158567 0.776892984804865 0.787669598311671 0.775162318152449 -9999 -9999 -9999 -9999 -9999 -9999 -9999 -9999 -9999 -9999
0.820610217128433 0.81423922559946 0.812667258761154 0.800977809058693 0.786807953051793 0.769660034913416 0.761531816922908 0.763308392587394 0.769291010048516 0.774150827584149 0.761607689359541 0.744437510703141 0.72115122508051 0.71859028631357 0.723623006617308 0.737577281564579 0.7417098519093 0.730138533185955 0.71805805685539 0.705916533149735 0.701025225179316 0.695716820564041 0.68959463240447 0.683335257161614 0.67700422496967 0.676012228115668 0.677250623283603 0.683540810418551 0.687238974715428 0.68928668693815 0.692557986509858 0.694660212311606 0.692913817279939 0.692532254429851 0.693201272289123 0.643574550307717 0.613315097153942 0.686446206554265 0.727529220221579 0.738926455831278 0.735358971718057 0.733854705734593 0.759428353136529 0.776012760266488 0.782590300142316 0.77200822913393 0.758549834298139 -9999 -9999 -9999 -9999 -9999 -9999 -9999 -9999 -9999
0.824004013428818 0.819476950241602 0.820745458660706 0.807475551460491 0.791606404170045 0.776577876823791 0.763655566069478 0.753046152683581 0.757119472705981 0.762280746698599 0.746127196257438 0.729625345138799 0.71266310379205 0.713306576919902 0.720301102185327 0.733481925407813 0.737878534519582 0.728230094474706 0.71252924139191 0.694579793820935 0.691236923399994 0.687874117377099 0.684472415656968 0.680470204932951 0.676154330253936 0.67521582094564 0.675800320714122 0.67985107098367 0.683197137944596 0.686094502829577 0.687473717594056 0.687460926970128 0.683558728858008 0.681291432932462 0.680282604327721 0.651236838979198 0.63558350263197 0.687878215891772 0.718470734795609 0.72896076366754 0.72092772560665 0.715993391171161 0.747541893458816 0.76224967706482 0.758210288361188 0.76273095893549 0.771267140602436 0.79412635760125 -9999 -9999 -9999 -9999 -9999 -9999 -9999 -9999
0.838060838525212 0.836048017381685 0.836398036243576 0.823670801549095 0.808911518756562 0.796531683748922 0.774289877735452 0.741218356072581 0.741567803290004 0.74657289180168 0.720223527818969 0.702272391597534 0.695422186969826 0.707243847356057 0.724523787459422 0.73050575194263 0.731939076074978 0.72609959509141 0.705842475777401 0.679951077891542 0.675796235593121 0.673389017369612 0.674391530994382 0.674722498015039 0.674702696000682 0.674037379787944 0.673674532143754 0.67408182443912 0.676667591210887 0.680640486084021 0.681415277485269 0.680426528917641 0.674807249146395 0.669019804397467 0.663102914516802 0.669761294860043 0.680492682610606 0.70078992738313 0.712355474418137 0.715832951470405 0.700297797707359 0.689861020215157 0.727311324474729 0.737518325418301 0.717397944781347 0.748240506114066 0.788958203165355 0.800568596666598 0.807217908089601 -9999 -9999 -9999 -9999 -9999 -9999 -9999
0.826558999530015 0.82395861602797 0.821439086649598 0.808001196640718 0.794775146474226 0.793661149903321 0.777078745440558 0.743510034800386 0.73151983186327 0.725055877804657 0.718196295956143 0.712988982482112 0.709965667670774 0.711336226569997 0.714577715376468 0.723360169243113 0.724414625369439 0.713112812992154 0.693264405035306 0.670340130932793 0.672712080508443 0.673187387324903 0.669962216839834 0.665919369566303 0.661449425057397 0.660714165982 0.660805514054554 0.662660056602499 0.665440969145401 0.668811741182268 0.672404761181139 0.674331385759078 0.671126744216379 0.669727851489036 0.669718935417407 0.676811007519621 0.685340873983362 0.69584749429498 0.691576405745026 0.673616897479921 0.683978084964054 0.700522185861855 0.720736140458282 0.730839451823537 0.729687544548831 0.756502360990628 0.787784534553076 0.79533498928101 0.797896430808426 0.793771124981019 0.79272050816267 -9999 -9999 -9999 -9999 -9999
0.808133602932254 0.804626890278892 0.799268647179206 0.786626757650054 0.776419188706072 0.786457451479536 0.777776831946247 0.748540466250567 0.724682589796634 0.706031043491129 0.717435410748164 0.723697747447057 0.723163253778717 0.712514040663274 0.700111374693819 0.710652861352148 0.710693221487359 0.693943367226796 0.675057234436353 0.655918439408265 0.667362782891712 0.672114170665297 0.663807152703542 0.654978867288121 0.645878308168109 0.646158184340526 0.647274853884705 0.649828679554975 0.652998397907272 0.656560281536656 0.662924427788671 0.667503321009431 0.665987573633305 0.667153528868903 0.670383726925078 0.675439870599125 0.68076887799994 0.686221449080449 0.670737637246589 0.635860697605607 0.669293098937643 0.71001688048248 0.718100837333234 0.731212969781679 0.749922492467142 0.768192603080696 0.784819337473205 0.788994817059124 0.791077937502566 0.790356680326833 0.784639810217969 -9999 -9999 -9999 -9999 -9999
0.777087438207965 0.7735809920235 0.767035965234552 0.763203254016009 0.762631517802688 0.776631739976532 0.774762002898455 0.755465004478374 0.728604443838908 0.703148067000397 0.704144074129825 0.704950167800722 0.705505230376511 0.69221655848621 0.675459239029057 0.675162861914497 0.669221801386368 0.654255476330527 0.635083014347103 0.615125633728365 0.641873434154501 0.655927587290415 0.6452155827282 0.636405917715965 0.628589901996464 0.635223547964519 0.638952833987923 0.63477465138536 0.638500306330467 0.647258673519749 0.653528720895331 0.656522513306896 0.650109372688707 0.63920138236225 0.624833477726395 0.643563219168767 0.663109955108106 0.668493898566594 0.660951772874183 0.641436379778688 0.658920658660826 0.685623878954688 0.723334359151341 0.750610343896584 0.766270596089697 0.778330088097488 0.788056022669572 0.786503691796134 0.783099490870124 0.777213238548819 0.776588039869137 0.777686256699272 -9999 -9999 -9999 -9999
0.75232902151821 0.751102837367196 0.747150718135619 0.744183824788462 0.745141069749097 0.765926909039906 0.768952623847377 0.752475432193373 0.719085676348322 0.685408919784675 0.683893158116794 0.683582620067394 0.684865168717259 0.669410636249025 0.649111259538073 0.639608105592849 0.631036707496188 0.623955090560382 0.610131256929313 0.594220551560417 0.614227219127126 0.626295745112225 0.622876424165287 0.618383828879008 0.613330630051573 0.62139856476758 0.625217199937287 0.617964670749638 0.622591248836796 0.634781763843358 0.64025675812 0.642745636917081 0.637696806782653 0.621045514107968 0.595463216222261 0.620070871512284 0.646137472604375 0.651601427446055 0.650353261656018 0.642887736649725 0.656153878938511 0.67781233105824 0.723204200205468 0.753656302339457 0.767477381073702 0.777000436314027 0.783773921262786 0.777377540490533 0.770805649653368 0.763998523627372 0.765966823760152 0.76945831067487 0.75113649797045 0.740323428341856 0.741690047835109 0.739083466182096
0.734005476135794 0.737392897841589 0.739901816159228 0.729671518282454 0.723861205467235 0.75432238867742 0.760283306781243 0.739339775026112 0.695811798223599 0.652465991149896 0.656519819654251 0.659533801173622 0.661173293863162 0.644037580456167 0.621027756180809 0.603987077179429 0.59621483460729 0.603261862559888 0.600553463843305 0.593668533906583 0.584373670579369 0.582904046524718 0.596701989420595 0.600925490039634 0.600147970837151 0.604615605245233 0.605941281798246 0.599357651161472 0.605238211074798 0.619055255514393 0.623017841259049 0.626107268293431 0.628830966246119 0.6129151413886 0.58265152831187 0.605159006962026 0.629867492098713 0.635563575244387 0.638923088952367 0.640118265586424 0.661170720093929 0.686970216354771 0.717584858922723 0.739968248069918 0.753188564718826 0.763935335023366 0.77179710564148 0.761461114118162 0.754095440503619 0.750710867884643 0.752716040959408 0.75569707298807 0.745877085428475 0.740323428341856 0.741690047835109 0.739083466182096
0.714763057154367 0.719821440878891 0.723573259812889 0.716820824841886 0.713552046305835 0.739337690810899 0.74390882085402 0.725183678871286 0.685563914404562 0.644470650136903 0.634298580150926 0.626949525372069 0.623331983906868 0.60655652960842 0.586412564429033 0.58091161647782 0.579709763002343 0.585381716617601 0.58073767655487 0.571843869396946 0.568239238719711 0.569325911786549 0.579565633278248 0.582299733120871 0.581113420520184 0.590178463280571 0.594598267945462 0.58716947932777 0.589789890921391 0.5988090591497 0.605023108957075 0.611207679445017 0.617955908520048 0.604500536511533 0.575493425729249 0.589831511899721 0.608472921382757 0.62141111710713 0.629037933040271 0.631744879693945 0.653958613555494 0.679289112906184 0.700930972262808 0.719248564673713 0.733865566485566 0.735911247119176 0.735486413901807 0.741959944088489 0.744906627193769 0.743126296269505 0.742837671689915 0.742738762076139 0.73790865783396 0.734156659708885 0.732153422623319 0.727823100642869
0.696093303465891 0.701724138142907 0.705125272359748 0.704464782702669 0.706129111007562 0.724215683957863 0.726176902581393 0.710430403143138 0.676270900371528 0.639089865501763 0.615587778318116 0.598408054253838 0.589585345799735 0.574791653341202 0.559553681258145 0.566120603219135 0.570021551258771 0.56965988293867 0.561191736826597 0.549692967297753 0.5568695428683 0.562764715575917 0.566159785306621 0.565744407965618 0.563338719253626 0.576697896731888 0.584234194808619 0.576737083360005 0.575803286575036 0.579048633638973 0.586454316615732 0.59474055162213 0.604741629366211 0.594294459688382 0.568107234513913 0.57403800191491 0.586233856331089 0.606424768531781 0.61883661599985 0.62404280634956 0.646109630617208 0.669882719409955 0.685090674290819 0.699420725942107 0.712773491325083 0.706186929001226 0.698157212840076 0.721247014955301 0.734312373911773 0.733942026029787 0.732381146595433 0.730376843334955 0.727831098837702 0.723260935383357 0.715407027459297 0.710661997985418
0.68266482910939 0.686075429655465 0.686539607327785 0.69284686845938 0.701044777929594 0.713393402245277 0.711273410409634 0.693265012628919 0.653250549542589 0.612664271828289 0.612362476158439 0.610029478968374 0.605011602328752 0.599874735607837 0.594557540371188 0.587277492103141 0.577576908216242 0.564006138411321 0.559247051624502 0.558192858816748 0.556138335247084 0.557040578106444 0.563711670689095 0.564813334859968 0.563005918681666 0.565983469486193 0.568163353975259 0.568120791402902 0.568635970218269 0.569506286888399 0.565219382467801 0.565124842425469 0.579010915469837 0.572566772572971 0.550473429010095 0.555774694980803 0.566265245676929 0.582961571583106 0.60414020619547 0.629470751191093 0.652880941009072 0.674944542783545 0.691711033270066 0.69639853242345 0.687639637979888 0.688196835777518 0.691581266725021 0.697976247576502 0.702727775347038 0.705276591859833 0.712860282257271 0.720757456323759 0.707853192126516 0.690310505057448 0.665243982371152 0.671483775114203
0.672582610018554 0.672485351529071 0.671080104463762 0.683642810658576 0.697199142989482 0.701970132284982 0.695697852678022 0.677298640028692 0.638238270208778 0.599898150421422 0.609280951267068 0.613373610677736 0.610473664045781 0.606090726758701 0.600714835609931 0.588414818254699 0.573621191066025 0.554840539853717 0.549824320485289 0.550494600891641 0.54486515345865 0.543526848426616 0.550560850185321 0.553516857202462 0.554342804635458 0.551560084462052 0.551369329340892 0.557658763150446 0.559354105642286 0.55812419322016 0.547513854600751 0.542889977765578 0.558699355311911 0.55651700463359 0.540485506158228 0.541838756175813 0.547766833113199 0.562724615903891 0.587231940018523 0.620584893110808 0.643792767250542 0.665046130730877 0.686402123023292 0.689932129700259 0.673618159986479 0.676005720108791 0.682457106279876 0.681814036418398 0.683865654801977 0.689528949236612 0.700765250911515 0.711616860557039 0.688625819388722 0.663072497616447 0.633362983405038 0.645790923341221
0.666618459964153 0.661428726852653 0.659467813065873 0.677409365284205 0.694877911910406 0.689807256138765 0.679295217466432 0.662807838822082 0.633081124045481 0.60394205853393 0.606376365870672 0.606531291765747 0.603673289436058 0.589087932263198 0.571372107070669 0.564915069566978 0.555499370586692 0.54135307814034 0.531198732127533 0.522862090383418 0.520618491181031 0.520426857107668 0.524238744702633 0.529464194452585 0.535427990327734 0.532572270554796 0.533685318563169 0.544925279529562 0.547469972304278 0.544478015011136 0.534151790566669 0.529738349421071 0.545056876692079 0.547454767917581 0.539906988777698 0.533228292950835 0.531077719826711 0.546458034036908 0.567601652800809 0.594083753491533 0.615187119351962 0.636736904978839 0.666412457625806 0.679227110925943 0.67327212669898 0.670951116157265 0.670196985874169 0.674399969960007 0.680660451808056 0.689678586756238 0.697808820923988 0.70306548923444 0.670322091283879 0.642864483388083 0.623980784464838 0.63669384348508
0.653216552285718 0.650862551237762 0.662656619865501 0.6673203229039 0.669726180959789 0.667328611475162 0.657709967757609 0.640161653533057 0.617925085427074 0.59654275814215 0.591429769637567 0.586048084156804 0.580311230081331 0.565461812543619 0.547811698520045 0.533762076718325 0.521742173936098 0.512967581780824 0.499381505633311 0.484219667055237 0.490624349805498 0.496285758608511 0.500496990061425 0.498787089003945 0.493984401944509 0.501425307837823 0.510064766001898 0.520836722937744 0.523541903165421 0.521110620799406 0.518073221063076 0.519152018476627 0.532918972133466 0.537487287800474 0.534974944207739 0.522997223384804 0.515401962397725 0.530194539403095 0.544195465738298 0.557463095272044 0.583846892944521 0.613113102074533 0.644181916233135 0.655968257815508 0.646289254433934 0.651148507146977 0.659913993031947 0.669254359252328 0.675396749551908 0.677252910056188 0.678601773838391 0.678115039300745 0.653051800610529 0.632848974109916 0.62053006491418 0.628995564766868
