layers/veg/veg_2400.asc
NCOLS 255 
NROWS 330 
XLLCORNER -2985163.8955 
YLLCORNER -3022031.214 
CELLSIZE 25000 
NODATA_value -9999 
[rows 75 to 99 of 330, columns 171 to 227 of 255]
0.832024464323772 0.833192693869296 0.832690894538021 0.830197675926337 0.820211020547651 0.808853021498226 0.805522026526765 0.800542357408928 0.793192101434283 0.777813513189681 0.760138546072526 0.756896871864598 0.752369052629257 0.745596681672492 0.739461411525175 0.733625602697639 0.73631333268957 0.738122895459827 0.738052189289047 -9999 -9999 -9999 -9999 -9999 -9999 -9999 -9999 -9999 -9999 -9999 -9999 -9999 -9999 -9999 -9999 -9999 -9999 -9999 -9999 -9999 -9999 -9999 -9999 -9999 -9999 -9999 -9999 -9999 -9999 -9999 -9999 -9999 -9999 -9999 -9999 -9999 -9999
0.828171216151218 0.827510384960085 0.825500498596801 0.821881936768391 0.81058442529736 0.797876374643422 0.793342381786234 0.786774807892431 0.777283199259407 0.756818106941001 0.733562125425583 0.737208908496437 0.738399823517531 0.735304812191912 0.728220192081207 0.719283722336664 0.727981815411691 0.7317531254983 0.72497555969463 -9999 -9999 -9999 0.706405231864752 0.704885874139216 -9999 -9999 -9999 -9999 -9999 -9999 -9999 -9999 -9999 -9999 -9999 -9999 -9999 -9999 -9999 -9999 -9999 -9999 -9999 -9999 -9999 -9999 -9999 -9999 -9999 -9999 -9999 -9999 -9999 -9999 -9999 -9999 -9999
0.821455474546081 0.820155413101017 0.817610131916126 0.813579993413683 0.799009442022711 0.7824250442146 0.776295441277401 0.769362124886977 0.761273169249682 0.739003828821614 0.713163874680923 0.722828869219513 0.727955897533801 0.725163368035072 0.721004707292524 0.716213507097286 0.722237751336528 0.725618640043291 0.723339764658243 0.722511129500782 -9999 0.706819163698075 0.706405231864752 0.704885874139215 0.704263645421503 -9999 -9999 -9999 -9999 -9999 -9999 -9999 -9999 -9999 -9999 -9999 -9999 -9999 -9999 -9999 -9999 -9999 -9999 -9999 -9999 -9999 -9999 -9999 -9999 -9999 -9999 -9999 -9999 -9999 -9999 -9999 -9999
0.816021984027941 0.809676819615154 0.802705225888986 0.794986649023898 0.78155217903569 0.767580265105411 0.764740927161848 0.757531864689822 0.744039685837388 0.723081907853219 0.70101961630351 0.713638882537548 0.720115249738415 0.715871166052671 0.713471124481689 0.711932127719701 0.717705072535248 0.721353137801885 0.720451562725943 0.71120905460709 0.697200722017288 0.698754946024317 0.700296248437038 0.699817853184729 0.700549649659182 0.702120808187209 0.710811717511584 0.718968675961537 0.722853686994008 -9999 -9999 -9999 -9999 -9999 -9999 -9999 -9999 -9999 -9999 -9999 -9999 -9999 -9999 -9999 -9999 -9999 -9999 -9999 -9999 -9999 -9999 -9999 -9999 -9999 -9999 -9999 -9999
0.812185664223469 0.795307446052363 0.779063016436898 0.763574345459467 0.756767954128739 0.753491005733251 0.760027774049061 0.752655064942929 0.725282270050276 0.709517105121662 0.699156522834834 0.710913620347643 0.715517242736338 0.707636779301296 0.70554131908215 0.706142123463098 0.714681294059371 0.719415639243515 0.716003363975517 0.707876339911573 0.697055412771018 0.690609306393574 0.686577921160849 0.688437110231521 0.693785427967397 0.701553727708482 0.710811717511584 0.718968675961537 0.722853686994008 0.724623124074194 -9999 -9999 -9999 -9999 -9999 -9999 -9999 -9999 -9999 -9999 -9999 -9999 -9999 -9999 -9999 -9999 -9999 -9999 -9999 -9999 -9999 -9999 -9999 -9999 -9999 -9999 -9999
0.793128040377688 0.761469495216314 0.725460545305004 0.684263972582514 0.709975389146316 0.748541809988247 0.721448930688788 0.69697996608527 0.676283862059 0.683519290871739 0.700844606585137 0.711272748568738 0.715764588220291 0.709896524957086 0.709512631733835 0.711681035448527 0.709985435732263 0.708212156288234 0.706272554558581 0.700115557054509 0.691548832978839 0.682793504447879 0.676755549144805 0.677998535206431 0.684562981879858 0.694818275225238 0.704824611069706 0.713937229515826 0.72008377433878 0.721242487281927 0.718229445950857 0.72181064824254 0.725823317804567 0.727027002408005 0.723237559549292 0.714427541944178 0.74338772040346 -9999 -9999 -9999 -9999 -9999 -9999 -9999 -9999 -9999 -9999 -9999 -9999 -9999 -9999 -9999 -9999 -9999 -9999 -9999 -9999
0.770307253804522 0.724439832815608 0.668716382030132 0.601240147782141 0.662392538774906 0.745741158786977 0.678067994342694 0.635119370471613 0.627721538157681 0.65954356233705 0.704246006441656 0.712717978711396 0.717236803571973 0.714856683420007 0.716447404006592 0.719881058974062 0.70514532249702 0.695216990450446 0.695581929451244 0.691034478078189 0.683680195606727 0.674794835102511 0.668273074378754 0.668258733671543 0.675161900460085 0.686862896525476 0.696837913226789 0.706469050144531 0.715519591100834 0.718491170566743 0.716378389895531 0.717532301220606 0.719824282956377 0.724918437144725 0.723023492489215 0.714101029825893 0.742773665494011 0.774726378372954 0.773525938548624 -9999 -9999 -9999 -9999 -9999 -9999 -9999 -9999 -9999 -9999 -9999 -9999 -9999 -9999 -9999 -9999 -9999 -9999
0.758277696071555 0.719518570536592 0.681366934148838 0.643939695774314 0.682918435933752 0.735205739202063 0.699005877078532 0.681224897150112 0.689927962079691 0.701912653735543 0.714560595864068 0.71562922334698 0.715578171326684 0.713573079518649 0.715183545281281 0.718471825831692 0.704529032149957 0.694426129204631 0.692544926079615 0.682546404082467 0.667909825800694 0.663577221865236 0.661281314274885 0.663110112317739 0.672348062790909 0.686724836527898 0.687232029011901 0.689101680769211 0.700393799461099 0.702080094084223 0.695732209011258 0.664953374383361 0.646098890238133 0.699005135081763 0.720392706292505 0.710088345326298 0.735227211690128 0.764586671750425 0.769939441150787 0.772868951390333 -9999 -9999 -9999 -9999 -9999 -9999 -9999 -9999 -9999 -9999 -9999 -9999 -9999 -9999 -9999 -9999 -9999
0.744683682703828 0.713058202012719 0.691049905867725 0.68050958311796 0.698760572349335 0.722042016100865 0.712132583221229 0.711770540662297 0.725136449172919 0.723716960620775 0.716898555581114 0.712537233146443 0.709505739645252 0.708795034047618 0.710868267475319 0.714232465214582 0.701495452415132 0.691771653881162 0.688499534544767 0.675584916481357 0.657160788131998 0.656373060924654 0.656941202318094 0.658880525847021 0.668778249811566 0.684195743235032 0.681157981919388 0.680111092804091 0.692209618230176 0.692803095085742 0.683773906882477 0.627634174666163 0.590571718973234 0.674116683328677 0.704877796194123 0.682564904076265 0.714862603618278 0.753162655849165 0.751256544923179 0.756902537775688 0.771678369362306 0.789325665543942 -9999 -9999 -9999 -9999 -9999 -9999 -9999 -9999 -9999 -9999 -9999 -9999 -9999 -9999 -9999
0.728737083443046 0.704283367319839 0.696270310780626 0.707861853259472 0.70755939656979 0.704925921556403 0.713513054154129 0.718917654474237 0.719746172124962 0.714596503092969 0.707241476191895 0.700417741446756 0.69679595625021 0.698762142252884 0.701964348532189 0.705737235767006 0.694826818552387 0.686314726323334 0.682937756277817 0.670919068038489 0.653962693352426 0.655204220542774 0.656588566826316 0.656032959072568 0.664071621693025 0.678071079012996 0.680395015567073 0.683717281210874 0.694464042198407 0.694254128046751 0.684880200864068 0.613262138139046 0.562410538867547 0.650769373636724 0.669988090504247 0.619686625375313 0.675222403298367 0.739807330536292 0.709872094152422 0.715445736489114 0.763946534735782 0.789325665543943 0.806184803724565 -9999 -9999 -9999 -9999 -9999 -9999 -9999 -9999 -9999 -9999 -9999 -9999 -9999 -9999
0.713244330314873 0.674595746063489 0.658973723083452 0.670809631349007 0.676206639406686 0.680651568123505 0.694222708070082 0.701556201404449 0.699920740437671 0.695998249327119 0.691231709671045 0.686660971765607 0.685545542964237 0.690460242828208 0.691761140966839 0.691376158952207 0.681284824049891 0.67310255127181 0.669007825979122 0.661698211245489 0.652551679863534 0.652040240184028 0.651972826323274 0.651989696824279 0.656957032393165 0.665357900379801 0.671955658279798 0.677764745213262 0.681500974622656 0.68011639550829 0.674448842275864 0.59982167994336 0.54546253419145 0.632906548516431 0.665462131106995 0.642827559565851 0.677163074561154 0.71615802991918 0.702915577869172 0.716012773548734 0.76095231980205 0.773707016477121 0.778037253909317 0.794164142508785 -9999 -9999 -9999 -9999 -9999 -9999 -9999 -9999 -9999 -9999 -9999 -9999 -9999
0.699485885875061 0.640835262748509 0.610260631624576 0.613165105303797 0.631440005921376 0.653357222401396 0.666979491783903 0.674747431346034 0.674097578127151 0.673554209099968 0.673057255663223 0.672697949941063 0.675237175391796 0.682834853034976 0.681130329758368 0.675093159562407 0.665107547211583 0.656675712575209 0.651570715818512 0.650405626596376 0.651491713309219 0.647970038526244 0.645731934832075 0.647509447627484 0.649047464947964 0.650419373536075 0.660580334993174 0.667963943595228 0.662841130536274 0.659831808045059 0.65859018011973 0.586685636237127 0.533723686925209 0.617782632555416 0.672235740964943 0.696920268495466 0.694185386048424 0.689110093433625 0.708547760608839 0.731514192080859 0.758746593659417 0.752249052709319 0.740686413331013 0.780124326731692 0.802356589982049 0.799498674742116 -9999 -9999 -9999 -9999 -9999 -9999 -9999 -9999 -9999 -9999 -9999
0.728049809696568 0.720370434719962 0.706559110484063 0.685435767784834 0.651993345044654 0.620606880739745 0.644874246249619 0.653543140566896 0.639783387672856 0.648043338287035 0.664064631558463 0.670668893849812 0.67492033343737 0.675065679126152 0.672789110463644 0.669379862342483 0.650888155272037 0.635893889316376 0.628388094507128 0.631559618532877 0.640831926143169 0.640624460204266 0.640959665917002 0.643953362011208 0.645313059647894 0.645539452312719 0.651587597244659 0.655896109322751 0.65226216146501 0.639361339967771 0.618709832271439 0.571848840411444 0.543548539660066 0.618403831870008 0.661053947007944 0.671321852811805 0.675946451178694 0.679907507934428 0.68774532517462 0.703000888723278 0.727223864472981 0.7392927981313 0.749664106262119 0.779721519069809 0.797832444867526 0.798522378793774 -9999 -9999 -9999 -9999 -9999 -9999 -9999 -9999 -9999 -9999 -9999
0.754630440129259 0.761258415073893 0.754252994187964 0.730990484762055 0.66854040363117 0.603592598520801 0.626659875386586 0.632992919581846 0.615264233862356 0.629688289967576 0.655289175511896 0.663919649519556 0.668556479751009 0.666223691610052 0.66408815706814 0.662037033586323 0.637438394807887 0.618544182346491 0.611863880135485 0.6183865203356 0.632453029513889 0.631711324616825 0.631319475549099 0.633750898664183 0.634590291965564 0.634325488812586 0.6393510301637 0.643446203632026 0.642545011345825 0.626649981655337 0.598214311705601 0.564611682893718 0.548478355778646 0.615338635372399 0.646998855297677 0.643265520385238 0.646583543351516 0.652374787166046 0.663885107109597 0.679860684361603 0.701234370581415 0.727105379669238 0.753819848098482 0.775460030715863 0.784914301159883 0.776598437443015 -9999 -9999 -9999 -9999 -9999 -9999 -9999 -9999 -9999 -9999 -9999
0.777583583139823 0.731459828183879 0.713047999602543 0.727681147216751 0.677759886611089 0.615359916656161 0.615562000252637 0.613639006699586 0.60866041846068 0.62442139907173 0.646910924641342 0.648537076623989 0.651132508019209 0.655419504306151 0.654729242055233 0.651713755651544 0.625396307314568 0.607471891889786 0.607518039151012 0.615589299606885 0.628245932064717 0.619931092161118 0.612775749304147 0.611392063618978 0.611085655102479 0.611526422059559 0.621181427572558 0.630297480876784 0.63440414712889 0.628130206513411 0.61317406847982 0.571274431728865 0.544455041787219 0.605530939496156 0.627688438521144 0.610713603936762 0.596874643239609 0.591315844049637 0.634432137061745 0.666547996763404 0.685365286281784 0.716324179448025 0.749156134858293 0.764140930131983 0.773339604587825 0.774100655192327 0.774310080843435 -9999 -9999 -9999 -9999 -9999 -9999 -9999 -9999 -9999 -9999
0.766389355899778 0.698916644063755 0.679915293180974 0.71871342354729 0.67375064830258 0.610906190925004 0.612640438500665 0.611215486654234 0.605248001861244 0.616697037742743 0.633746807404187 0.632250864172139 0.63178169252165 0.633104419818618 0.62946327160634 0.623507494992992 0.607484367371135 0.597544303724611 0.600628862242136 0.609717002283204 0.622235455886441 0.6049299129954 0.593526855546545 0.601691090761607 0.605624620506666 0.606623827075611 0.612935173987284 0.61974176310455 0.626412395487819 0.618604900730625 0.598688098716019 0.559695525662552 0.535767981029356 0.593979591424096 0.613071833468098 0.592829667503165 0.581179340147012 0.579196390353148 0.626931447029121 0.657392303670809 0.666970150068009 0.699374887183097 0.736397528262517 0.751122154924905 0.761717456204154 0.766291159345451 0.762098805159029 -9999 -9999 -9999 -9999 -9999 -9999 -9999 -9999 -9999 -9999
0.738490600004465 0.66503083230522 0.650731463875184 0.706977677846853 0.663270060891245 0.598517303859372 0.61371864188965 0.617074133880139 0.603396783455143 0.607770508136416 0.61824149547841 0.615522600904921 0.611488285642582 0.605158327425039 0.596415739608162 0.586553070269137 0.586700958329626 0.588176691689086 0.592495512575084 0.602340410347061 0.615342786103343 0.58835308111559 0.573933001376608 0.598182208834792 0.608990323340582 0.610475994853796 0.609543316702755 0.610454515663238 0.618493588125563 0.603695806954579 0.569797594163165 0.539192996934094 0.5247994651864 0.581575267329106 0.600751390955886 0.582121150162611 0.582123125274325 0.591017611952868 0.63016957781554 0.650270167872057 0.647339296249194 0.679408230197653 0.719678986332706 0.737271917053515 0.750072094901275 0.755883229964018 0.756369789098411 0.754900629010725 -9999 -9999 -9999 -9999 -9999 -9999 -9999 -9999 -9999
0.726227074645495 0.668661583096712 0.659141149172872 0.706911852792778 0.661626815120941 0.595976578531264 0.597154048068231 0.593505017633544 0.582916084961449 0.579813898132911 0.579265600361736 0.573762901984318 0.566422384096236 0.555874544437745 0.55702894755665 0.563632084742395 0.569834172515734 0.569113716366913 0.553571203543076 0.558591998287707 0.575362211701604 0.577631271310965 0.579879705470484 0.583922853619095 0.588546562072159 0.593572934234282 0.597112336121504 0.598905639207495 0.595248109500382 0.581303601957392 0.558755207036132 0.527384941141982 0.507935267941668 0.548946451680993 0.564267615283125 0.553757540385335 0.558054948229462 0.57213848564698 0.627737577965538 0.661236499426999 0.668018230309577 0.691901248129049 0.719308485981976 0.730673934698941 0.738272127276934 0.740376710016323 0.741892251117324 0.742677212710555 0.732137687750315 0.725651981799016 0.7263457665637 0.726568539384813 -9999 -9999 -9999 -9999 -9999
0.711004670274524 0.667773081699552 0.661702765469331 0.699945260388668 0.655165934569899 0.591733426262222 0.583156373079352 0.572974127072356 0.560483814902085 0.551408812409418 0.543605748760547 0.535747216684938 0.527007156906615 0.516728674570621 0.525048903943316 0.542025670964541 0.548380743833964 0.545265716547375 0.521873987110707 0.524077921011112 0.540906650249694 0.563280233823706 0.57810307739487 0.572053975599525 0.571473144145676 0.574684983325617 0.583450419074212 0.587923826489461 0.575831561147783 0.563529374771267 0.551051613316153 0.516945466863466 0.491904492631579 0.523626273410489 0.53723701734683 0.532637167844051 0.541960339435908 0.561018608452819 0.622540303947721 0.663270919822837 0.678866922932542 0.698042160163063 0.716975755149276 0.722499297737112 0.72611013507216 0.72693176561918 0.729073485567586 0.731378727275215 0.726141293008586 0.723511461436941 0.725499808254197 0.72510163659725 0.72357472190014 0.718607017878182 0.71688201526199 0.722233069713259 -9999
0.688748350648651 0.655816590932361 0.65020287572277 0.67716445384464 0.637648235636429 0.583422930822068 0.575357965075206 0.559984237527928 0.534101426241031 0.522447201866501 0.515970514293422 0.506756844935286 0.50090371295238 0.500915316119642 0.509895294436923 0.523044687926887 0.51650772799451 0.510875641349627 0.507181004766707 0.511220060375694 0.519677976477788 0.540618964013095 0.55833001597363 0.56582299685765 0.562554663278469 0.551822521438778 0.567232435822518 0.578272551917425 0.56540040449529 0.556330211693715 0.550439921667718 0.509380158658028 0.477890470229347 0.515242295990642 0.532064612614955 0.528244569133214 0.544412955261414 0.568098899163393 0.611252345188718 0.644765383603812 0.666624004998962 0.689109036368399 0.709835978705475 0.710602297163629 0.713136766219858 0.718249644909887 0.720197593850712 0.720743941205489 0.716821936185203 0.71655179605118 0.722749268306643 0.724267321963971 0.723572167874639 0.718607017878182 0.71688201526199 0.722233069713259 0.724196992878749
0.674989845429164 0.665772764089265 0.659508996586366 0.656766896401806 0.621946975906638 0.580210826416591 0.562535516103192 0.5444100876633 0.52563744575371 0.516929024534589 0.511733294110984 0.501518443962834 0.494060175390457 0.491412631728005 0.496199662036352 0.50444554185863 0.503957715015719 0.506360367256954 0.514951906890585 0.52164074599716 0.52724242414871 0.539097145446403 0.551092914105604 0.562667706568201 0.55741549202563 0.540492439843817 0.546551701767829 0.550628648351798 0.54003239675608 0.535265073975574 0.53537298742695 0.497469555463017 0.468642932865739 0.508474076792324 0.529712166319306 0.532254995193581 0.546633435249548 0.566296870785268 0.602843651867861 0.631517687403433 0.650674256104973 0.66360934985303 0.674465566253735 0.682978586584547 0.689903803029465 0.694513600844073 0.701305299715188 0.708555564540553 0.707545091666151 0.709298545934512 0.715947036023998 0.713993696265958 0.707971980051583 0.709852847903224 0.712869330109253 0.718302877450672 0.719791737897976
0.666317247644498 0.688843577674717 0.681267430361344 0.637795703873894 0.607332847668439 0.580050088354133 0.5467061990014 0.527289268484953 0.527897559838572 0.525441646836989 0.521499690519785 0.510495501105897 0.498743613640222 0.48568686014974 0.483376623016583 0.486074923666917 0.502972440828854 0.519725040382231 0.5361673527014 0.545993547080073 0.552039438149596 0.550227202657168 0.551358533154429 0.561353203335201 0.554538222239096 0.536064441050708 0.523200029469107 0.512216229354519 0.50572474426096 0.505901206708501 0.51165464915961 0.482958310851624 0.462248117453516 0.502672882332222 0.529047453703264 0.541294597476804 0.548714982881112 0.559178810480427 0.596158187226569 0.621416787115874 0.632505983924926 0.628194642782808 0.622199232722028 0.645942503892155 0.660530514265108 0.661767844743996 0.676418229382519 0.695437370209451 0.69829369058871 0.701869586547875 0.706719882322127 0.69807068120406 0.683036671701892 0.695859342726044 0.706455069177623 0.712020481069161 0.715903805427951
0.665569013607394 0.677861608122028 0.672621664063733 0.646475114237289 0.611221719775811 0.574334363402261 0.547523853886668 0.531843833748394 0.532168062773441 0.531583492338902 0.530150175195595 0.518208120470638 0.507199562545551 0.497820122491645 0.499967554914797 0.507474848958986 0.49270012177849 0.488131824878388 0.50541680760593 0.519626336382571 0.532078618862778 0.533283590209174 0.535195719473174 0.540431078530892 0.539888762142969 0.535339178625628 0.521053319736882 0.506872734841659 0.496400239490139 0.496637435999981 0.505832072109796 0.475260767459576 0.4503658863696 0.479969408008151 0.503976093389814 0.522355176635526 0.536469250639729 0.552095643208684 0.583590181156781 0.609319997598463 0.628080765514823 0.625882768588715 0.61877954191156 0.625320301112452 0.634481460347415 0.647463823895868 0.66539320396802 0.684317492397537 0.683511549130895 0.681724335984109 0.67819925097407 0.669359345990625 0.658005709762462 0.683692463627697 0.703101563570258 0.708608368483196 0.715394624107271
0.665292494253056 0.665123977421059 0.660103874700968 0.649298517718308 0.611524201460069 0.568162116165495 0.547264278183947 0.534427109366448 0.533180172869497 0.531085307289847 0.528344962355726 0.518819291249712 0.50951832828477 0.500609520974214 0.504250159105707 0.513719231005597 0.477967834952246 0.459530910549352 0.478166496337336 0.494106169860389 0.508505458803247 0.512698445825191 0.516438063920655 0.520268873034632 0.524840018738656 0.529924645428229 0.519461343996804 0.507414869713339 0.495309909283792 0.494299339731258 0.502567966766805 0.469639077655424 0.440535819345591 0.458568658442579 0.478642793894192 0.500769446732079 0.518657747405704 0.537258620674615 0.566550993368896 0.594274889956597 0.620102634911405 0.621784530079821 0.616293312464222 0.610896898914268 0.616102627278561 0.636768953218872 0.654919629578481 0.671296049024509 0.669373079200706 0.664815454691992 0.655591741537384 0.64643000346294 0.637297577518762 0.671496691856559 0.697368820754201 0.704839129690085 0.713449478900145
0.66501090463503 0.653174037605493 0.641786141243397 0.630933618164903 0.598585777503897 0.561638274029748 0.54115763945696 0.527792360062326 0.524658069916802 0.512248679584362 0.497221862821904 0.499603336776787 0.493881773359831 0.474018969185364 0.468838612133541 0.470488211864234 0.45221552097219 0.446955355920249 0.469556681912046 0.479529074403306 0.482285573899235 0.486570817363777 0.493128003484106 0.505557517807467 0.510649590578306 0.510652577154517 0.515859126636234 0.518990019635564 0.513243677681708 0.508116153450787 0.50350619988841 0.468726496265504 0.437422295200299 0.443694369685303 0.456685892139083 0.476433799451356 0.487555545886546 0.500534275478431 0.537886045255189 0.571246164591309 0.599780724603187 0.607063163951581 0.608204510666067 0.611198754598202 0.618808664068863 0.63314937831594 0.643664754860332 0.652571405254574 0.657983681127985 0.659183927829356 0.652924486698234 0.641973930037564 0.628804633374747 0.658911368336916 0.684405729838074 0.69957807391991 0.71176375356249
