layers/veg/veg_5500.asc
NCOLS 255 
NROWS 330 
XLLCORNER -2985163.8955 
YLLCORNER -3022031.214 
CELLSIZE 25000 
NODATA_value -9999 
[rows 150 to 174 of 330, columns 57 to 113 of 255]
-9999 -9999 -9999 -9999 -9999 -9999 -9999 -9999 -9999 -9999 -9999 -9999 -9999 -9999 -9999 -9999 -9999 -9999 -9999 -9999 -9999 0.40412627953295 0.372144014460835 0.247424369291012 0.0764240125010087 0.0428179644593684 0.0244709495741622 0.036428958882066 0.0602661248089658 0.0913479648073516 0.0984032900175767 0.10219038930399 0.101031576316764 0.0973158136272876 0.091712080639787 0.0510110767859486 0.0167539259600317 0.0221987308804872 0.046521648396794 0.0876303550578727 0.1361676675199 0.17809704382179 0.179927528312076 0.189085958123124 0.206075125817137 0.263727789809849 0.326869721379072 0.356218213454064 0.374737622628643 0.379333782163564 0.398140259045794 0.419708916690636 0.41815110861839 0.416674621485833 0.415324487694942 0.412268146023802 0.408618838538796
-9999 -9999 -9999 -9999 -9999 -9999 -9999 -9999 -9999 -9999 -9999 -9999 -9999 -9999 -9999 -9999 -9999 -9999 -9999 -9999 -9999 0.360370625235648 0.361455704419859 0.269472220300847 0.131042747146965 0.0629989725131418 0.0205993302117239 0.0347050508904969 0.0584560470545729 0.0880893528355598 0.0863855120377904 0.0850430594450616 0.0906024138444885 0.0908509413606385 0.0871781232966429 0.0467050064252255 0.0121996341217215 0.0163785749405377 0.0338617009552086 0.063174465462961 0.114208223597504 0.164815259372518 0.193523973163277 0.205806466069704 0.200535685238064 0.253718923054257 0.316716904085498 0.345316223801655 0.363074965666129 0.366895678516035 0.386913941541391 0.410527858493469 0.413414028275658 0.414615767708449 0.41320030418876 0.410995495660265 0.408553783578008
-9999 -9999 -9999 -9999 -9999 -9999 -9999 -9999 -9999 -9999 -9999 -9999 -9999 -9999 -9999 -9999 -9999 -9999 -9999 -9999 -9999 0.358615601152046 0.354672841299445 0.301003036308839 0.222516883979857 0.0968265812465303 0.0135720709093356 0.0295072879221329 0.0565987288942552 0.0904939530848398 0.0713113329636218 0.0584327144147214 0.0736803446441153 0.0794416751040326 0.0781986236681459 0.0369289195780716 0.000655702199328292 0.00088031063089443 0.00446011830088418 0.0110232574172207 0.0767620351681843 0.150443946408884 0.210417741209858 0.223010320315813 0.184970714758392 0.240729977456573 0.312903788263845 0.334782244471669 0.347524714152911 0.348520794755414 0.367766439823783 0.39169768663597 0.400266378366478 0.404316636095638 0.401346325231301 0.399310881078343 0.397780676419742
-9999 -9999 -9999 -9999 -9999 -9999 -9999 -9999 -9999 -9999 -9999 -9999 -9999 -9999 -9999 -9999 -9999 -9999 -9999 -9999 -9999 0.36045623867314 0.360990235843618 0.318777101800463 0.25523095565147 0.115947006811881 0.0189319555820426 0.0217140172837535 0.0482039476846537 0.0891524619029062 0.080216549634406 0.0733115682028359 0.0815967217855711 0.0808056425837087 0.0733129618993491 0.0423055577412228 0.0172446442458723 0.0248644238911511 0.0419834627554167 0.0675489266249279 0.0872931907072393 0.112091687781869 0.167687340367403 0.193305813467631 0.186890281844195 0.246916364921229 0.315852638216534 0.329138207131521 0.340203692688033 0.348414756027527 0.372984068192453 0.401084091747896 0.406983387765948 0.405961913185247 0.394187212001281 0.38909699838784 0.386853824201382
-9999 -9999 -9999 -9999 -9999 -9999 -9999 -9999 -9999 -9999 -9999 -9999 -9999 -9999 -9999 -9999 -9999 -9999 -9999 -9999 -9999 0.378545269816287 0.373338818546246 0.337698411988379 0.286869899979902 0.137000976703235 0.0283020665271624 0.017683536748054 0.0423069178262993 0.0884230837887515 0.0883563912021761 0.086728462417309 0.0892257708835538 0.0830741835301182 0.0705365267112217 0.0488461025133034 0.0324505733750055 0.0398994143910412 0.0668100519108552 0.111025470871726 0.090950313069656 0.0751795830885132 0.139572327166479 0.18195365724445 0.200813303422972 0.259019383954182 0.319645397878642 0.326261032255292 0.336856782686049 0.352569877764155 0.378236111097536 0.405262737269593 0.408857632875956 0.404835620828931 0.388978751254945 0.382610562066502 0.380219415182467
-9999 -9999 -9999 -9999 -9999 -9999 -9999 -9999 -9999 -9999 -9999 -9999 -9999 -9999 -9999 -9999 -9999 -9999 -9999 -9999 -9999 0.381679966293293 0.385453875727644 0.362207164949516 0.325475778083554 0.166027987214341 0.0469038021194427 0.0247366208971824 0.0445871642006129 0.0900628195534404 0.0902477223454196 0.0889447258367611 0.0918119652656105 0.0857255184024656 0.0730279544875334 0.0560976056014684 0.0389538711914642 0.0229011634280691 0.0443309737537512 0.0990889911268164 0.0669959530838028 0.0464245901562819 0.162945651708158 0.230492674272061 0.245705400440712 0.28458941507433 0.324673174645539 0.330375990453664 0.343347500371363 0.3656645701645 0.379435828296901 0.38990775617503 0.393652916733834 0.393836806061608 0.388487329415679 0.386415209142147 0.385750619739579
-9999 -9999 -9999 -9999 -9999 -9999 -9999 -9999 -9999 -9999 -9999 -9999 -9999 -9999 -9999 -9999 -9999 -9999 -9999 -9999 -9999 0.390749959914475 0.391207996392048 0.373737386112141 0.347319461066077 0.211286215010867 0.100246972687792 0.0504704408211451 0.0469477368090719 0.0716335932287343 0.0723965752804635 0.0739090269773449 0.0820578860011464 0.0790732738467426 0.0678680608413094 0.0544813436051655 0.0388158310942139 0.0156175835443811 0.031193823564184 0.0812470468753947 0.074122028982363 0.0779258521807447 0.188857114382455 0.24911296938324 0.255216423740603 0.301663604091111 0.350716900132312 0.345310994459439 0.349800024840597 0.367011246575876 0.377901383205387 0.386275874734629 0.388727219509913 0.390432510445824 0.390978611681899 0.391295835998549 0.391534976524561
-9999 -9999 -9999 -9999 -9999 -9999 -9999 -9999 -9999 -9999 -9999 -9999 -9999 -9999 -9999 -9999 -9999 -9999 -9999 -9999 -9999 0.390139096353486 0.388847114875865 0.37584053898857 0.356987779339664 0.268334127194903 0.178824883592284 0.0897731739719434 0.0493666550691206 0.0386271035442789 0.0402053092331151 0.0463422168182358 0.0633403427530733 0.0656632942917095 0.0571505640201143 0.0464239041093552 0.0338537980371888 0.0153903386193853 0.0248422631656582 0.0591156176476393 0.103823647014331 0.153194763656302 0.216612175536723 0.246001543301255 0.239028099598489 0.312566765067082 0.392025740869192 0.368105231872327 0.356224807338577 0.359824650451139 0.374380955799247 0.391159167636083 0.391267776155177 0.392544559186542 0.395636406749141 0.396958010030336 0.397503212609298
-9999 -9999 -9999 -9999 -9999 -9999 -9999 -9999 -9999 -9999 -9999 -9999 -9999 -9999 -9999 -9999 -9999 -9999 -9999 -9999 -9999 0.381930589957186 0.38168784935965 0.377428506359241 0.371164672642096 0.297554035121977 0.21889107513219 0.130953084464733 0.0811972971787597 0.0547274743515498 0.0403268271323036 0.0305152179520188 0.0316988977204518 0.0368138508974652 0.044831531266288 0.0306260247965094 0.0155560408858698 0.00716917219956762 0.0150122312549138 0.0372864016580154 0.0860761533576243 0.137969242770981 0.181419607779244 0.213000607339396 0.231897848275153 0.303239760138016 0.377032752721833 0.373127751962397 0.373823670484748 0.380435117433778 0.388143162532507 0.395712457826953 0.397064570178287 0.39857882071845 0.400344995326985 0.39754438201688 0.393096658981306
-9999 -9999 -9999 -9999 -9999 -9999 -9999 -9999 -9999 -9999 -9999 -9999 -9999 -9999 -9999 -9999 -9999 -9999 -9999 -9999 -9999 0.398503966173278 0.386688395472876 0.383317625015901 0.384161243237408 0.319062998908215 0.246962308867684 0.16105490225082 0.103438251733996 0.0630751246577962 0.0377788430592973 0.0171253224389858 0.00706183183817279 0.0139388447197274 0.0333241863259862 0.0165961221865989 0 0 0.00653577228622926 0.018882935670899 0.0629741478526961 0.110527016760996 0.146692565649406 0.184109135293771 0.222862562023884 0.287674229981964 0.352589260635275 0.370684156313865 0.385751533827244 0.396926347991491 0.399303668970666 0.399031741655293 0.401247169110773 0.402889864851524 0.403642672129209 0.397639407785129 0.389329171082723
-9999 -9999 -9999 -9999 -9999 -9999 -9999 -9999 -9999 -9999 -9999 -9999 -9999 -9999 -9999 -9999 -9999 -9999 -9999 -9999 -9999 0.405095789909354 0.412164648780988 0.405097230880228 0.390975085446764 0.324079675189517 0.247385569207541 0.149999429491875 0.0784585968858621 0.0226798955735362 0.0120204993120837 0.0077194302345074 0.0133442620210198 0.01927924044859 0.0254432212870538 0.0122390334643621 0 0 0.00444367804333028 0.0128385266437737 0.0401540812308962 0.0763165987911335 0.139924792433807 0.182664938748413 0.203105217691952 0.25781271452466 0.317193347294222 0.348444921876888 0.372349452348072 0.386807686192067 0.393771714739969 0.397991371626898 0.398188285281769 0.399284239887139 0.401777089668904 0.398061420434751 0.392219270287359
-9999 -9999 -9999 -9999 -9999 -9999 -9999 -9999 -9999 -9999 -9999 -9999 -9999 -9999 -9999 -9999 -9999 -9999 -9999 -9999 -9999 0.404452191584435 0.410310039535299 0.398664956091926 0.378285011694845 0.307127294346245 0.227907285764793 0.131917533847352 0.0602647503673237 0.0034542162044852 0 0.00227411705140843 0.0111150858237726 0.0148679286188289 0.0148638610963661 0.00696960524060245 0.000379639245347245 0.00217626629591341 0.0055032340106001 0.0101909296888038 0.0291811261653562 0.0584318584270663 0.126459744307372 0.178105004533162 0.212243577451694 0.261631753158813 0.312277359343827 0.344345049304308 0.368858949892538 0.383660735787176 0.392469637770652 0.398794929918216 0.398262903474528 0.399078167308743 0.401986798847021 0.399941538489999 0.396201243470888
-9999 -9999 -9999 -9999 -9999 -9999 -9999 -9999 -9999 -9999 -9999 -9999 -9999 -9999 -9999 -9999 -9999 -9999 -9999 -9999 -9999 0.397805860797185 0.384623125945847 0.367547521009455 0.348529174132419 0.270952171732962 0.191015317483944 0.107687576775774 0.0480084295459938 0.00275171628985248 0 0.000294277482219587 0.00143832502766234 0.00192395400098678 0.00192342765153239 0.000901887561591732 0.0010914596643193 0.00625674745147708 0.0093204576281445 0.0105155149687854 0.0285742949109171 0.0548319498178225 0.107134636486806 0.17081882584088 0.246665437311929 0.294920995739348 0.334031051918701 0.356116967087357 0.374040996423702 0.386613974710948 0.394868668129394 0.401211910111588 0.401079309804055 0.401846674717047 0.404012370901575 0.403097486615098 0.401138597280114
-9999 -9999 -9999 -9999 -9999 -9999 -9999 -9999 -9999 -9999 -9999 -9999 -9999 -9999 -9999 -9999 -9999 -9999 -9999 -9999 -9999 0.334784755650612 0.3344870285093 0.337773073259093 0.342847604088933 0.259880220910727 0.181005825936955 0.114598174483096 0.0764582334011288 0.0555577609918829 0.0239736379180435 0 0 0 0 0 0.000591244997598579 0.00338928753196809 0.0048829181647293 0.00521670916695778 0.0140663216950542 0.0321140226498881 0.0888376075365886 0.159879967784514 0.246223558015847 0.306041013277775 0.354820778971854 0.370685915356738 0.384277188719469 0.394944893872872 0.400820026551358 0.404858247810653 0.405292621193161 0.40704500005731 0.410845245037839 0.407896453985223 0.402482519975203
-9999 -9999 -9999 -9999 -9999 -9999 -9999 -9999 -9999 -9999 -9999 -9999 -9999 -9999 -9999 -9999 -9999 -9999 -9999 -9999 -9999 0.328485177599805 0.309031939238866 0.316585672768882 0.33761727117391 0.253161230898686 0.177848469664871 0.127217849840175 0.104886456192384 0.0998137515830959 0.0439424934930587 0 0 0 0 0 0 0 0.000197646470056414 0.000571033600347291 0.000311633218550558 0.0115911876529606 0.0816758215236299 0.160137883622109 0.247552174717095 0.315998758863952 0.37343587434297 0.38436478332724 0.394356106844583 0.40314195094741 0.406731374987133 0.408623904276341 0.410322213118348 0.413355477809914 0.418462945446198 0.413306171202495 0.40431439261548
-9999 -9999 -9999 -9999 -9999 -9999 -9999 -9999 -9999 -9999 -9999 -9999 -9999 -9999 -9999 -9999 -9999 -9999 -9999 -9999 -9999 0.338595975487138 0.348108416165136 0.336355379889462 0.313989779345512 0.246296456888774 0.18527685166117 0.141172936993465 0.0983606254324976 0.0563360165543165 0.023750120628005 0 0 0 0 0 0 0 0.00136445801026344 0.0039421466515493 0.00215136876056586 0.0181988520652678 0.128235883821457 0.218426531127532 0.287409073330383 0.339236190330455 0.382212845777945 0.391284598970325 0.399337007580898 0.406078816834918 0.409405409975462 0.411922199287945 0.418158579092754 0.423039276221049 0.425813565859794 0.420304140265776 0.411615253029401
-9999 -9999 -9999 -9999 -9999 -9999 -9999 -9999 -9999 -9999 -9999 -9999 -9999 -9999 -9999 -9999 -9999 -9999 -9999 -9999 -9999 0.354022125381602 0.36010869809579 0.333855308740414 0.291462618740874 0.235774513358902 0.18406263834527 0.141952991189627 0.0942587216735603 0.0431585900991625 0.017687157947564 0 0 0 0 0 0 0 0.00139382085608505 0.00402698080801652 0.00219766575816254 0.0199331632255602 0.140456485629961 0.237797368244513 0.310365193537309 0.355262006202504 0.389514996269858 0.395846798772846 0.401807510523224 0.407291100689524 0.411203588049662 0.414822913753559 0.421153127330339 0.425812903186778 0.427877217298433 0.423378896211971 0.416276144343721
-9999 -9999 -9999 -9999 -9999 -9999 -9999 -9999 -9999 -9999 -9999 -9999 -9999 -9999 -9999 -9999 -9999 -9999 -9999 -9999 -9999 0.348013149074585 0.336885048822195 0.307935686028154 0.270092598702229 0.221406583168942 0.173759618481618 0.12887779456332 0.0927058905949556 0.0618458562525119 0.0264830971551403 0 0 0 0 0 0 0 0.000227009315878028 0.000655867756814505 0.000357930216147234 0.0165425132663718 0.116564704286481 0.216241095262585 0.315547959804471 0.363703875740489 0.395266181830535 0.397929660654896 0.401638005564767 0.406689763530237 0.412080689321295 0.417305520863785 0.419055878120538 0.421319591321011 0.424380937200127 0.422327886253511 0.418160766774497
-9999 -9999 -9999 -9999 -9999 -9999 -9999 -9999 -9999 -9999 -9999 -9999 -9999 -9999 -9999 -9999 -9999 -9999 -9999 -9999 -9999 0.342749359932212 0.342364002977917 0.310956068123734 0.264066274929511 0.214228779313894 0.165226242458237 0.118245466000001 0.0987429296853279 0.0959983922996183 0.0582904376295682 0.024226736529173 0.00722250928575563 0 0 0 0 0 0 0 0 0.0151934001030644 0.107058350904881 0.202752737076526 0.302539307797626 0.359716463850584 0.400874765792249 0.401773645777943 0.401320468482534 0.399128913964875 0.405975479581756 0.41493832649204 0.41371991228972 0.413787753992221 0.41585413054239 0.415909511866594 0.415125026945158
-9999 -9999 -9999 -9999 -9999 -9999 -9999 -9999 -9999 -9999 -9999 -9999 -9999 -9999 -9999 -9999 -9999 -9999 -9999 -9999 -9999 0.347406891016134 0.354072374929396 0.318532919406916 0.261931033299113 0.208617724130005 0.157223527477585 0.110126713563791 0.104866344908045 0.125120532539859 0.0869804621474295 0.0473029082242042 0.0141020105403451 0 0 0 0 0 0 0 0.000591701686564568 0.0166208855656697 0.110015477680148 0.20148763782822 0.290905462119811 0.353343645579996 0.402499314276668 0.403023441645066 0.399563577683085 0.390981386524497 0.398256493910559 0.409533575078877 0.406587640420447 0.405091201903311 0.405846934621371 0.408524088443683 0.411956271929213
-9999 -9999 -9999 -9999 -9999 -9999 -9999 -9999 -9999 -9999 -9999 -9999 -9999 -9999 -9999 -9999 -9999 -9999 -9999 -9999 -9999 0.34416422067164 0.341540017512295 0.308830859162951 0.261107764321252 0.201799646801197 0.149953453666319 0.115662899057322 0.0985881040752086 0.0920125870629112 0.0540815196526712 0.0206680688736035 0.00616159420310226 0 0 0 0 0 0 0 0.0053838947244734 0.0342586947898319 0.176783250763292 0.273160901696339 0.320225368419652 0.351350114357176 0.37608571581459 0.382837171537808 0.387842552461305 0.39060295700503 0.391054329424225 0.390881468394105 0.392257025190062 0.393336693386475 0.393956621281602 0.403477348451239 0.416280504684349
-9999 -9999 -9999 -9999 -9999 -9999 -9999 -9999 -9999 -9999 -9999 -9999 -9999 -9999 -9999 -9999 -9999 -9999 -9999 -9999 -9999 0.299650514257377 0.309766941618479 0.292367155829165 0.261235367643925 0.191575991069607 0.135143772822343 0.110455929224083 0.0910648709998283 0.0749041333186932 0.0354605771013409 0.00427202649407294 0.00127358263814368 0 0 0 0 0 0 0 0.0290371459421302 0.0818140615905726 0.227995203081934 0.313714160751828 0.334822440719727 0.346445801879354 0.356316834838762 0.370592021304313 0.381647725556886 0.388564053005905 0.385972093730974 0.380915966734967 0.383575489289599 0.385395918681141 0.385912597457746 0.396062781606504 0.409775804496199
-9999 -9999 -9999 -9999 -9999 -9999 -9999 -9999 -9999 -9999 -9999 -9999 -9999 -9999 -9999 -9999 -9999 -9999 -9999 -9999 -9999 0.290811046457933 0.27560393456854 0.267349910232175 0.262565833392414 0.177044246547778 0.110796417992095 0.0916587666067806 0.0819667109987731 0.0780351874733351 0.0349014391037002 0.000828158823122722 0.000246891890819952 0 0 0 0 0 0 0 0.0765498135954328 0.167215420814127 0.259528895459833 0.314900320293192 0.330794989190569 0.337859323668607 0.344953584135148 0.368392462586831 0.382443591629674 0.384424633133632 0.383571587949486 0.381939102338033 0.382040092005864 0.382279553206517 0.382734166137644 0.385652891467717 0.389572402030307
-9999 -9999 -9999 -9999 -9999 -9999 -9999 -9999 -9999 -9999 -9999 -9999 -9999 -9999 -9999 -9999 -9999 -9999 -9999 -9999 -9999 0.237155462575617 0.238515588038331 0.238567708205568 0.237967066608197 0.158431755952844 0.0938142852511121 0.0662311109823471 0.0511266400811921 0.0436324854367082 0.019067294886997 0 0 0 0 0 0 0 0 0 0.095255258098583 0.201023498578086 0.273254767086914 0.308711553218783 0.304870648160217 0.323965763400268 0.348389865393552 0.370209310718349 0.382419530324182 0.382274904209529 0.379745030687948 0.37681356540887 0.378545511969079 0.380308607593567 0.382120101433531 0.383726303493826 0.385261857859208
-9999 -9999 -9999 -9999 -9999 -9999 -9999 -9999 -9999 -9999 -9999 -9999 -9999 -9999 -9999 -9999 -9999 -9999 -9999 -9999 -9999 0.185453378066878 0.203813368211462 0.207903487969541 0.204872210125926 0.138528612840882 0.0795664779454745 0.0397716245074987 0.0155756027979117 0.00089275238429169 0 0 0 0 0 0 0 0 0 0 0.10464535693364 0.217932812163281 0.279706285299147 0.29962556957558 0.274818922104982 0.310531106692035 0.357121673005999 0.373382581944606 0.381957620827411 0.380650725250114 0.375632227506494 0.370189326575934 0.374528465397727 0.378543751442364 0.382055847524386 0.384246767313933 0.385834169312921
