layers/veg/veg_700.asc
NCOLS 255 
NROWS 330 
XLLCORNER -2985163.8955 
YLLCORNER -3022031.214 
CELLSIZE 25000 
NODATA_value -9999 
[rows 182 to 207 of 330, columns 114 to 170 of 255]
0.246365965026554 0.252916546312902 0.260654557343844 0.269051310792172 0.307744361053184 0.337721679050961 0.342046706954135 0.345947690918717 0.349562744411872 0.351413555986846 0.35346758949631 0.356725901744939 0.360664183732671 0.365155781275366 0.368014565492092 0.371318321206915 0.377615299899859 0.386027140153545 0.396508400078812 0.406004340255963 0.416960313714167 0.438057447189224 0.457421523899137 0.474747140360328 0.498280332856981 0.522411305936561 0.535391283944173 0.550076122177821 0.567178166137166 0.580252663541311 0.592896865302667 0.625584793979441 0.650504547209124 0.662064668038056 0.618390562881689 0.549608544572763 0.536687600746444 0.521744611943812 0.502539286515849 0.485839341598889 0.470549992096484 0.449431664871566 0.427075034780546 0.402141520707842 0.384957608636684 0.373073501288265 0.434066570475881 0.494022044100405 0.526918534338955 -9999 -9999 -9999 -9999 -9999 -9999 -9999 -9999
0.240200871845631 0.248497759883012 0.261919506073172 0.278184335370931 0.302938529933607 0.32408065213346 0.335015207252391 0.340556036094964 0.342459905281741 0.343760251447945 0.345358542791413 0.348119394730151 0.351386629565797 0.35506592617054 0.359316087965174 0.364202699600821 0.371477100666672 0.376965801634731 0.380707171723779 0.390688658284678 0.40322189912352 0.423121113572568 0.442321251511678 0.460699119975844 0.481997877029844 0.503699512606921 0.521305027802117 0.540627382925837 0.56238392898319 0.576660644640621 0.589327319134125 0.623696337392014 0.651404716876812 0.667658194735254 0.612796644872494 0.525536819090939 0.491127912677842 0.464543215862973 0.454451433659536 0.451793338884545 0.453320606514087 0.447725834707721 0.434958741400807 0.404185687890468 0.39562496126846 0.402254820552968 0.492420096823206 0.564477455319492 0.548852672345273 -9999 -9999 -9999 -9999 -9999 -9999 -9999 -9999
0.231835666365781 0.240602629860387 0.255074758384796 0.272711902962089 0.294271702046959 0.312244669324852 0.320550879231533 0.326736363367612 0.331491853901215 0.334628096676944 0.337434826792546 0.339651209064434 0.342348288820823 0.345436529212915 0.349894683549283 0.355088650133881 0.362580668935053 0.366851129809085 0.367969254156076 0.378079569018126 0.390969468932992 0.409027595525577 0.427907951816777 0.447755433126418 0.463154283648126 0.478097486220724 0.500774094136517 0.523973913951402 0.547915560444464 0.565141395066491 0.580726437835 0.61206047314331 0.640679918882484 0.664630839945614 0.614217385596546 0.529835453361599 0.476712669815897 0.437831557275361 0.428970942123534 0.429746754779466 0.435948130865232 0.446211201163077 0.447619304220861 0.425310754336818 0.421227303100304 0.429607648567838 0.526378613061444 0.607175139062108 0.605864049394132 -9999 -9999 -9999 -9999 -9999 -9999 -9999 -9999
0.221096847587685 0.228957011562683 0.239480783090553 0.251482226275488 0.281439398936494 0.302356076521235 0.298067569565779 0.303824038695366 0.31635377938026 0.323900469448133 0.329711056691267 0.331332252778394 0.333568025883795 0.336303902161996 0.339693342182827 0.343818576654711 0.350708490310368 0.355600058743365 0.358536220264085 0.368390514533443 0.380320207969246 0.395843357539017 0.414235799525752 0.436003167626615 0.441547581237315 0.445061862549961 0.473290255257743 0.499547549798935 0.523010157889338 0.545069772891247 0.566697449988907 0.589908520029737 0.617413407518493 0.652302760393095 0.623205961498828 0.564741735804261 0.495897925139885 0.444014058867291 0.427880629895315 0.420645864217409 0.418421281057951 0.444902842015488 0.465433426432024 0.467021441006694 0.46294240835413 0.454987790393716 0.534018327103105 0.601886205077672 0.604217501514933 -9999 -9999 -9999 -9999 -9999 -9999 -9999 -9999
0.212837660238631 0.216186562720159 0.223999933511924 0.234290027377547 0.264447210047898 0.286058466888818 0.283542017253583 0.288160477236311 0.297589967126515 0.302437566454399 0.307762640581851 0.316050015155681 0.320609537911867 0.322135575089678 0.324765097286692 0.328986756561995 0.339393156691371 0.348902356825757 0.357533635041548 0.367517642808336 0.377261301191562 0.383786761197548 0.39754838656662 0.419821351980934 0.429800211099944 0.438084957155203 0.463625674633547 0.487871305876338 0.510280722152039 0.531706205360575 0.552781153916581 0.574055169918984 0.602386110314379 0.642853480481786 0.62737421743338 0.586217499318408 0.53601505199428 0.496615605169323 0.479988166499725 0.456234533069308 0.428468663729536 0.452423047684629 0.473113427847201 0.479254108583935 0.485307218133247 0.491300439420867 0.554303723686962 0.607112856107937 0.60732947228287 -9999 -9999 -9999 -9999 -9999 -9999 -9999 -9999
0.205031070894253 0.203904060489559 0.209517249691103 0.21886965411989 0.247288592241423 0.268894325972377 0.270928166082456 0.274531693768219 0.279193653063682 0.280305895121625 0.284345770508073 0.299085138373217 0.30668132955592 0.308464863876187 0.3109627467919 0.315461030632183 0.32816785134172 0.341451845886304 0.355300612570276 0.365506531441374 0.373347900283375 0.371580418586332 0.380715060801184 0.402673025753086 0.419959979337644 0.436419124291164 0.457691714586118 0.479108105155836 0.500728380385544 0.520475078380085 0.539616541857766 0.560328513597918 0.5898675231483 0.634587186268548 0.630345298258717 0.603664377346758 0.577754685816192 0.554743156439713 0.537840760559386 0.498186719797099 0.445722901915873 0.458362824897688 0.471132243456787 0.47671332184488 0.492872188948179 0.516265003624241 0.568300537976681 0.606926160169908 0.591368579544077 -9999 -9999 -9999 -9999 -9999 -9999 -9999 -9999
0.195935368335714 0.197433936901249 0.202346850685161 0.209153917814295 0.236763155914814 0.257349055827161 0.257639892842097 0.262500991455708 0.270443792068859 0.273487996369171 0.276829238486766 0.282636185700258 0.293363754529605 0.308095408134451 0.314613714261848 0.318538020067757 0.316565501613798 0.319690379461776 0.32780312619767 0.338194738094099 0.348597908010889 0.356106610503013 0.368499131891383 0.386636110635219 0.405805068450665 0.42538842478031 0.446099314700993 0.468133740923037 0.492044719531577 0.512603785428307 0.531906409796398 0.550694777521058 0.580642626300591 0.629782441802769 0.63342942941576 0.616198467167697 0.592037099008956 0.566518410696171 0.538138581571654 0.503381511536108 0.465033886394419 0.435644058409885 0.4155164004172 0.418668910447395 0.425529938337204 0.434927150725626 0.510898173316886 0.575719574514766 0.581653363287126 -9999 -9999 -9999 -9999 -9999 -9999 -9999 -9999
0.188146353433429 0.191385050707171 0.195750082003902 0.200739962055234 0.224389540966889 0.243699735243003 0.249865731779482 0.257045507753275 0.264908869568187 0.268248818616736 0.270679852573899 0.271499809597465 0.278553877523409 0.290680863162136 0.298252538772949 0.303285388252377 0.300277432721339 0.300977188821043 0.305304989199215 0.314705591274169 0.325414337373863 0.337461517592167 0.350821169982672 0.36572458158776 0.386329578285182 0.408532547109744 0.430420345015923 0.453790034534387 0.479260797698288 0.501604343148929 0.522649628778796 0.540802436061534 0.571891680802011 0.625228884562958 0.634495911603896 0.623509890152911 0.598333052267562 0.566910016195306 0.522320408848416 0.490282441978749 0.465311380285585 0.4200538587524 0.384743416511057 0.377892912160711 0.379558299482743 0.387047542390466 0.470013126409856 0.537680685620771 0.529685339860559 -9999 -9999 -9999 -9999 -9999 -9999 -9999 -9999
0.182053739117627 0.18588303381212 0.189898025966524 0.194016036252485 0.209616537548339 0.227318841905763 0.249250238733273 0.260126268082081 0.263547724573472 0.265059207352137 0.266305357124769 0.267260458936241 0.261806627081589 0.251137618014975 0.255910700736501 0.264236419116966 0.277906152817609 0.286221406672417 0.289297232032356 0.296179175815378 0.304264365637355 0.314699320325455 0.326052151585902 0.338484609863535 0.35994667320284 0.384114161597913 0.409436006926893 0.435072096873337 0.461153732957228 0.486543796956498 0.511384918640658 0.530574361482685 0.5637560402256 0.621001429858369 0.632942991306831 0.624041012550815 0.594260624642344 0.552522857744374 0.485579729439033 0.45343346028005 0.440878742079978 0.41371828463137 0.386222547792651 0.359535543137567 0.361330948365099 0.382604929444752 0.45057160304789 0.509076432565372 0.52078028028843 -9999 -9999 -9999 -9999 -9999 -9999 -9999 -9999
0.177062081690294 0.184757860031745 0.193076086492404 0.201739624311996 0.207578497416459 0.219246469275698 0.246254480256723 0.251669931676389 0.24252564017133 0.242483372660347 0.243155202257849 0.243405598997856 0.237965772365183 0.227895608642107 0.230975018277536 0.236924776415773 0.246753667143255 0.25556917426245 0.263393072279293 0.268353099776549 0.273882703634327 0.286594084392602 0.300050770656066 0.314384101975849 0.336817881172525 0.361669449996936 0.387469106960616 0.413573224129375 0.440109014780644 0.470545184528408 0.501791905312843 0.521166583030486 0.556475225319128 0.619186944534265 0.631157640305208 0.619748312133484 0.575627551864975 0.529393622208517 0.478705271714096 0.453954738156376 0.44380788075635 0.408884856183232 0.3722503922375 0.333987885599735 0.348100464059955 0.39803136239012 0.464047275249173 0.516366561879439 0.517606138541692 -9999 -9999 -9999 -9999 -9999 -9999 -9999 -9999
0.173180367103549 0.185494169523214 0.198218126409577 0.21116962193233 0.207359544642623 0.212095545930562 0.240636183371021 0.238821108280989 0.216537344915034 0.215160421633702 0.215406715051997 0.214629059529065 0.212995137293063 0.21066444038564 0.212290661680807 0.214112851341277 0.214206836131863 0.221062447767481 0.234534399623538 0.238030733291656 0.241430859486372 0.257224597612989 0.273758370569934 0.29116258909718 0.314721005179123 0.340103834021861 0.366088964902172 0.392432174922311 0.419283081077198 0.454621834152792 0.492164546387325 0.512295519848424 0.549598470064359 0.616433618490979 0.62797044545177 0.613991740813153 0.55484573091595 0.507261074942814 0.484046985819703 0.468326066955963 0.456824000901978 0.406998490251519 0.357272182919452 0.312237866112355 0.341256208276817 0.420917748849471 0.487676922654165 0.538126782658708 -9999 -9999 -9999 -9999 -9999 -9999 -9999 -9999 -9999
0.179074932025963 0.191801714078281 0.190363542289078 0.181067174275476 0.176404570614735 0.181428713128267 0.210973238297121 0.217998616642879 0.20983945942227 0.208812123352403 0.207962825009311 0.205529770747802 0.203624368196627 0.202148334604307 0.20073337088722 0.19981753225199 0.201026162318764 0.204251637853322 0.209450623031748 0.214910825044167 0.221451865881003 0.234211516886397 0.248939609138455 0.265983026147309 0.292171415416902 0.321568438621793 0.356569771764785 0.387857235676367 0.413879056203492 0.44369354364249 0.474937841519327 0.506920122347407 0.544338379269518 0.591105374881965 0.607482024572508 0.609765252725038 0.568307328030079 0.535532753890994 0.52106210648869 0.503594211893974 0.484438787948989 0.437148522941517 0.395260673054785 0.370809189844849 0.396383468136207 0.456169408782647 0.503014883672947 -9999 -9999 -9999 -9999 -9999 -9999 -9999 -9999 -9999 -9999
0.171830216114332 0.184225422262975 0.177500765190888 0.160169110125506 0.156148180490104 0.161820393099173 0.191125722006271 0.20319269865901 0.203635950178279 0.202397713521165 0.200573838380083 0.197336928466606 0.195101757195533 0.193681736277446 0.190053860034486 0.186977456868155 0.187730719547701 0.187898640949515 0.187493798262554 0.193005131394515 0.200345102565059 0.211084662822384 0.225354223557669 0.243775850051578 0.272391590900905 0.304819517089386 0.345722944285753 0.380378916178799 0.406177044772086 0.432121967703195 0.458709928214699 0.496575995043002 0.529059071857627 0.552284534926339 0.577275467638391 0.602893515723549 0.579871908530992 0.562016409312305 0.555050722874936 0.539538082887423 0.519213282258721 0.478707709764109 0.445785465771107 0.435105375080557 0.448821136289438 0.479220754435236 -9999 -9999 -9999 -9999 -9999 -9999 -9999 -9999 -9999 -9999 -9999
0.143964756044558 0.154859883277822 0.156778146493149 0.153716375200641 0.152682112781894 0.159567266672069 0.186682507388719 0.19782917159438 0.198208313394323 0.19587954844073 0.193271016987496 0.190566660343541 0.187910242721759 0.185292834786927 0.180751934136067 0.176421236172939 0.174255158751201 0.172264134279533 0.170444401406883 0.173005022144142 0.177468421171805 0.187779253256541 0.203704493983422 0.226233528115856 0.256958626859383 0.290874281773564 0.332792531834269 0.368344041256413 0.394868580789458 0.419540821725824 0.444049515107054 0.4784339595151 0.498055638815516 0.492288458608331 0.531817299918851 0.591870333771134 0.588459317393748 0.585693946486961 0.584289553386581 0.576542436131475 0.565224197615883 0.538172385585727 0.51598469055694 0.508386139144408 0.497037768058479 0.483124966952723 -9999 -9999 -9999 -9999 -9999 -9999 -9999 -9999 -9999 -9999 -9999
0.127144349240588 0.139757028898508 0.145839811276283 0.148300046434587 0.148525911899312 0.156073387324935 0.18275182577453 0.193057655187979 0.192323525309159 0.189860275635177 0.187383296127493 0.185387024218562 0.18187587833077 0.177132025620731 0.172362159441009 0.167761730840364 0.163912948247229 0.160271817364551 0.156833876393889 0.156330703356442 0.157533392447323 0.165269223640856 0.181877200679729 0.208920794710705 0.239355015250208 0.271697232406287 0.31291574764657 0.348997270013463 0.377795398471115 0.401951608319178 0.424730458090628 0.453738529590295 0.473166704722894 0.476119467479312 0.52631832725388 0.597917938009354 0.60143949966859 0.60528566325182 0.609816066149952 0.604713782280707 0.594188041286193 0.583440485004497 0.567691815615143 0.538839356035999 0.527121397911849 -9999 -9999 -9999 -9999 -9999 -9999 -9999 -9999 -9999 -9999 -9999 -9999
0.115213398710754 0.1307340433692 0.13902889657425 0.143315146027205 0.144065782767757 0.151902445583881 0.178397527067253 0.188011918365807 0.186243754076892 0.184087103486556 0.182110618626656 0.180844285757671 0.176303115027893 0.169097092284626 0.164390101990965 0.159939411949771 0.154971938689572 0.149954412029367 0.144887907463222 0.141416941026044 0.139328615245099 0.143554372168572 0.160189532707543 0.191420912187138 0.220639309124118 0.250347204624837 0.290138265198762 0.326567020357096 0.358228590629546 0.382243485145344 0.403555358648033 0.426819585909522 0.451396772797244 0.478231974849913 0.537322319367798 0.610940359046817 0.615991188903677 0.622757260503087 0.633138947870801 0.628604515650642 0.61567191405014 0.621757514716885 0.625488261450802 0.620837621995015 -9999 -9999 -9999 -9999 -9999 -9999 -9999 -9999 -9999 -9999 -9999 -9999 -9999
0.11552048956863 0.128482144730237 0.135187468397323 0.138422009096892 0.138902044094886 0.141423249729714 0.149499944217932 0.162919876152141 0.179942723404393 0.179841405907038 0.177965918020733 0.175468047771008 0.17005729119594 0.162276215441995 0.157966199905694 0.154123827372807 0.150047795986302 0.146088199363988 0.142242535679863 0.141316743086453 0.14090632827735 0.139824686183639 0.146729333684394 0.163027634180564 0.193682347937478 0.228722595325607 0.266394151679919 0.301955691591686 0.334525582247789 0.360772348212559 0.385180563607824 0.418794984040539 0.452314413778009 0.485670479443876 0.546807882462132 0.620405794722012 0.621007580409354 0.623681037750316 0.630721441459103 0.62841014486023 0.620833593935977 0.618616485397646 0.617471665708469 0.618522187781498 -9999 -9999 -9999 -9999 -9999 -9999 -9999 -9999 -9999 -9999 -9999 -9999 -9999
0.111779995913257 0.122815527344608 0.128967185827002 0.132409450943394 0.133021858318702 0.13234376711374 0.128629447159776 0.144741616917567 0.17422267851435 0.175568408430521 0.173763175074178 0.170159981291768 0.164224125328898 0.15639009920536 0.152344827185491 0.148897453986974 0.145574245644344 0.143092165624637 0.141433140659736 0.141556544439522 0.141575163651661 0.138639178901416 0.139968494022005 0.14631475054374 0.17523248775792 0.210573062523253 0.245581786430986 0.281090514395669 0.317308164212636 0.346750858909139 0.374258411893923 0.412295877671906 0.450080111624575 0.487428839952864 0.545811363984035 0.61359449210224 0.617165062043922 0.620199881001013 0.622105372435508 0.62028886742575 0.616376780090593 0.613178076814219 0.610884455219052 -9999 -9999 -9999 -9999 -9999 -9999 -9999 -9999 -9999 -9999 -9999 -9999 -9999 -9999
0.100296112213544 0.110616248550524 0.118195942710591 0.124255340185705 0.125771045357606 0.125942060716665 0.123115480891023 0.139790040934157 0.169614111225098 0.171243183817067 0.169449391955111 0.164982332984197 0.159180410940079 0.152292263348448 0.148258764691773 0.144798294142078 0.141962718663041 0.14176086175332 0.144136132877852 0.142446794752763 0.140505235033528 0.142320912308822 0.146024126111545 0.151947502725187 0.173057470272528 0.199071660886822 0.230378117008277 0.267392059147541 0.312498258746325 0.346981209708939 0.377593831318585 0.408715180204049 0.441815861237617 0.478320578402677 0.524761688906913 0.575644337939012 0.596374659261214 0.608291692785638 0.601630900490099 0.597002710841939 0.593518930181323 0.603344576870952 -9999 -9999 -9999 -9999 -9999 -9999 -9999 -9999 -9999 -9999 -9999 -9999 -9999 -9999 -9999
0.0903027200373296 0.0986265608029293 0.108209514098057 0.118490976787308 0.121626345711411 0.12268097860965 0.119109225572815 0.136802866409457 0.168835644165507 0.170138714598152 0.167907612766434 0.163408294809449 0.157628641997631 0.150807135188495 0.147786094093497 0.145271481691673 0.142476780444646 0.143474720804632 0.14818381053463 0.150339403440691 0.151918071091084 0.153317881404085 0.155412003050533 0.158322789264431 0.176634875388747 0.20044973400867 0.234640118331878 0.270745754605805 0.309566896767384 0.344186458277884 0.377063085187577 0.406079269530758 0.436552152805662 0.469530252701759 0.506602282206689 0.545532757931746 0.579644909477881 0.600575693893072 0.593721031123685 0.588224406789211 0.583492393970101 0.582930161816214 -9999 -9999 -9999 -9999 -9999 -9999 -9999 -9999 -9999 -9999 -9999 -9999 -9999 -9999 -9999
0.0810726987586413 0.0867442173124143 0.0986250364813986 0.113950547613132 0.119072474641985 0.121028400238011 0.115875160262657 0.134821780735981 0.17001880318955 0.170683789101881 0.16778554452205 0.163679883435026 0.157865309612844 0.150660132732819 0.149164060128069 0.14808644501074 0.145103805867515 0.146748192048775 0.152920182970289 0.161818343558893 0.169724086260265 0.168061425333632 0.166506524208153 0.16507837257841 0.183158444193325 0.208424165480017 0.248871667495425 0.282832888251579 0.307597650577355 0.339842368948109 0.374552241737205 0.40392724134319 0.432825203469041 0.46090276118727 0.489923156829893 0.519435786055035 0.564994865802099 0.595006768818436 0.592246255011118 0.586876451875153 0.580037549915248 0.58140443481007 -9999 -9999 -9999 -9999 -9999 -9999 -9999 -9999 -9999 -9999 -9999 -9999 -9999 -9999 -9999
0.0820967999910164 0.088596618454468 0.0973256750878115 0.107291431195499 0.114244904267629 0.117803188787753 0.112911707339002 0.132664980251989 0.169036074082882 0.168656140014672 0.16475848133264 0.160477728038901 0.15526691418356 0.149299276978297 0.147603312169973 0.146543152166197 0.145456898520089 0.150901015198556 0.162735184570424 0.172436016605718 0.178971274235605 0.169073400961539 0.165547435115607 0.169516249741984 0.18919588775142 0.21426261821547 0.247771984853842 0.276133477690584 0.297196149287656 0.323731336838581 0.352204528584273 0.379347972842495 0.409632460095082 0.445318882466857 0.472857863351901 0.496793548505696 0.555759459160059 -9999 -9999 -9999 -9999 -9999 -9999 -9999 -9999 -9999 -9999 -9999 -9999 -9999 -9999 -9999 -9999 -9999 -9999 -9999 -9999
0.0831118745365272 0.0871182300027843 0.0925786989355419 0.098845856621411 0.107580450634551 0.113138159055974 0.110238818975854 0.131197270854729 0.168242899276404 0.167216744919492 0.162660356510053 0.15808140800921 0.153100573229015 0.147792709293103 0.146258446264425 0.145499389083038 0.145643189969653 0.15314361863936 0.167842603722138 0.177868302854122 0.183582014033451 0.16921050969628 0.165384756743694 0.17396315316623 0.193354484047001 0.216476784070913 0.245630371778353 0.270419419263229 0.289020281080506 0.310428481102958 0.332919406321031 0.356423209440945 0.385642498234974 0.424691223570181 0.450260968196588 0.469535183245149 0.45747025943372 -9999 -9999 -9999 -9999 -9999 -9999 -9999 -9999 -9999 -9999 -9999 -9999 -9999 -9999 -9999 -9999 -9999 -9999 -9999 -9999
0.0835942888937116 0.0770845327590368 0.0792721151015128 0.0862846614465619 0.0966889553606778 0.105149364087457 0.108239019229096 0.131366595788159 0.168005631410445 0.167295642366913 0.162902105649916 0.157762439668507 0.152096518495752 0.1460023647613 0.145570235502059 0.145853306776198 0.145548733944319 0.150828662082114 0.161573097390087 0.171090844782806 0.177663957143351 0.167965108201328 0.16770500283778 0.178546959431808 0.193097741867426 0.210233535871964 0.241791258086842 0.267970483767187 0.286523903871001 0.304347910942334 0.321860146604768 0.33852627529139 0.36073944586707 0.392492365004574 0.414612556898495 0.432289251168846 0.442417738164365 -9999 0.566356541888937 0.566356541888937 -9999 -9999 -9999 -9999 -9999 -9999 -9999 -9999 -9999 -9999 -9999 -9999 -9999 -9999 -9999 -9999 -9999
0.0823421084275738 0.0745954301532696 0.0756813246425735 0.0816672061504899 0.0916746937113401 0.0997883697423343 0.10259493537999 0.117732470723726 0.141184710418415 0.154560982486342 0.162832022287795 0.157391662091362 0.151700626221452 0.14580560664255 0.147428117910412 0.149523182060231 0.148769590271256 0.152014470561716 0.159171908028989 0.164214435728818 0.167823076269063 0.165482331265987 0.169756242116915 0.181810459584784 0.193244997983682 0.20590359445634 0.2318245077673 0.255308314794431 0.275336714056495 0.293963346132196 0.311875281181165 0.325949500530503 0.342542842996632 0.363468548839694 0.389552381537086 0.417902256472354 0.420015654954526 0.449169493767472 0.535322786369597 0.566356541888937 -9999 -9999 -9999 -9999 -9999 -9999 -9999 -9999 -9999 -9999 -9999 -9999 -9999 -9999 -9999 -9999 -9999
0.0800058182161547 0.0768216469184927 0.078162837720722 0.0820145332351627 0.0903336623530107 0.0960697325783674 0.0946731992187659 0.0954712850570212 0.0977491904251315 0.133817938063038 0.162567045772673 0.156988504100435 0.151684831269947 0.146604828989733 0.150877290908163 0.15526550786174 0.154062493846014 0.155388232931965 0.159188389970525 0.157276182996308 0.155530457586556 0.162226203254382 0.1716393540007 0.184248777566002 0.193644750235461 0.202769456522674 0.218028027014649 0.236262945667919 0.258717826583944 0.280888814489203 0.302561904745816 0.316697788523266 0.32853772459201 0.336429112174874 0.371109780268462 0.417902256472354 0.420015654954526 0.449169493767472 0.535322786369597 -9999 -9999 -9999 -9999 -9999 -9999 -9999 -9999 -9999 -9999 -9999 -9999 -9999 -9999 -9999 -9999 -9999 -9999
