layers/veg/veg_4500.asc
NCOLS 255 
NROWS 330 
XLLCORNER -2985163.8955 
YLLCORNER -3022031.214 
CELLSIZE 25000 
NODATA_value -9999 
[rows 125 to 149 of 330, columns 56 to 111 of 255]
0.0790409781421132 0.0746749128326115 0.0968719069629734 0.142367592492992 0.149353054774258 0.154602807337384 0.184572221348058 0.210598624716485 0.232468446920948 0.211614050264964 0.182160899731246 0.165278405496777 0.159369712818226 0.167376893230611 0.171819733368153 0.173402558595797 0.154260416966345 0.168721701254679 0.234655932780097 0.304729919259016 0.379220718425001 0.539589942742619 0.645049375227728 0.648111587374931 0.694526910951888 0.76257766185927 0.803973036010151 0.820524616794455 0.780891777972804 0.776544420298806 0.793716419475573 0.761092769552131 0.722391102022252 0.675447176762621 0.630014385877974 0.585697368531531 0.549466588789618 0.515454924302282 0.486120208756603 0.461170203566098 0.440118936827818 0.42671452477898 0.414507666704678 0.401392930967775 0.389243727603747 0.378126304718223 0.373613312246261 0.370678070378387 0.367311715466082 0.362915565391084 0.357195379360343 0.349310051872324 0.340877666964084 0.334379326054803 0.332800470377252 0.338865321236906
0.0912710582467351 0.0863148491959693 0.095454614149964 0.116958080998238 0.136242637657651 0.151290591491955 0.147391929849795 0.158667692369896 0.185939791539727 0.155669725595454 0.117636350345302 0.123786934804249 0.136322224057463 0.156953954747801 0.149269359993886 0.132129197349353 0.109461763410946 0.108690654477212 0.141459827549515 0.186677229711559 0.238881580020536 0.352794313659327 0.443820998445126 0.492169178926771 0.574106723120953 0.672807083493976 0.734899164836145 0.773037392971452 0.757382658143724 0.762849700829069 0.781198162524243 0.762802726648842 0.735798820534057 0.69080567065305 0.648724154033082 0.60879249476492 0.571252946106549 0.536155891410374 0.509108656954472 0.483969171791664 0.460525993778862 0.444497002222713 0.429845695413606 0.41540701904711 0.401146750512252 0.38707713091167 0.377768709489648 0.369649654507009 0.361602697297379 0.354070516254689 0.34720019708403 0.338457861634802 0.32942449956655 0.324355381046999 0.320148022326262 0.317279632765389
0.124491269140873 0.114048626546239 0.105718704044314 0.099241866785274 0.127843110502427 0.149487858406763 0.106572473480201 0.0984875820872674 0.127119754503969 0.0957805453549117 0.0586458947358861 0.0839480152271191 0.112445010120307 0.144993423885301 0.13247115481566 0.106011093001578 0.0840978309011522 0.0729340467842876 0.078236063339883 0.0992174612171673 0.127267855967597 0.17898099158965 0.24250986297192 0.328073028379268 0.435364676687362 0.553499952991135 0.643483105074282 0.708975588745459 0.719147392084479 0.737565775560362 0.761013454230521 0.757060251312655 0.742527020186548 0.702564771167199 0.665199781484602 0.629752525451492 0.591471827253198 0.555599631569628 0.5299805577955 0.504788039615481 0.479974800466926 0.461576519825117 0.444563874000757 0.428712300632799 0.412337016492819 0.395402088195758 0.381478489318725 0.368414606847879 0.356188440121903 0.345491952385079 0.336762214984399 0.327577049151225 0.318639949182001 0.314683678591186 0.307956095340952 0.296922553297548
0.227226141734833 0.171441396157356 0.129735978188487 0.100379661414466 0.105245049262768 0.110007450269356 0.0847000673823382 0.0788468214134314 0.0935014326155409 0.0763815584180707 0.0578982361376826 0.0846822780359655 0.109416129530196 0.131550135444053 0.111714274865535 0.0805917473012442 0.0740014990932622 0.0781743287461041 0.0988337910474805 0.11584590828887 0.131201764682655 0.140682649078375 0.158184083369182 0.190642449519132 0.25652280078199 0.339082437713202 0.49309257547672 0.60524694863598 0.61870281528099 0.664083758110537 0.728934666618832 0.731798751772025 0.725209868456182 0.702912102757538 0.674624572204042 0.641914389875988 0.608188465126168 0.574969849831441 0.54409768498699 0.517465862624366 0.494604411607933 0.476574858437267 0.458851033035402 0.43827770868773 0.418536664177977 0.399685004751045 0.383387379540944 0.367820320540557 0.352974117233805 0.339105884161039 0.326495054308209 0.316945813457836 0.308560405165891 0.30235600364968 0.293908296082116 0.281975026037588
0.307414217850704 0.225988654595846 0.156785158474068 0.0983017441653116 0.0864202059547229 0.0810976986289593 0.0678182761840489 0.0628026670357801 0.0664984750780472 0.0574354210020196 0.0495338450173476 0.0720088078783216 0.0907226553873941 0.104667034116597 0.0908740729391514 0.0697434095807453 0.0662833259647982 0.0775961759031513 0.111537862295198 0.125516493480681 0.130947619141244 0.120387976456562 0.110060068180687 0.100164304309782 0.129066824740105 0.177331680026245 0.374818497275817 0.522483535593058 0.550436835299036 0.612721333862634 0.695943206533171 0.706225952748476 0.707346061995579 0.695643115304954 0.672368914343192 0.640550867424833 0.61299203786897 0.584976607496358 0.553357667423173 0.526856748228665 0.504906602787191 0.486950143709139 0.468847199599717 0.446374677512917 0.424860567647258 0.404370629573155 0.385545392181333 0.3673685234754 0.350930600450106 0.335042408846054 0.319861022045611 0.308840452277465 0.299343763916056 0.292082961015143 0.283007006623535 0.271110739808593
0.364211885002354 0.277583934020171 0.186979686909555 0.0928877957412311 0.0715097595596645 0.0631541158953365 0.0561138290753027 0.0504896898226015 0.0463584028185602 0.038959076955542 0.0332677331875148 0.0454259400963165 0.0557784801832763 0.0638412549405799 0.0699474314557216 0.0740112696757764 0.0610322928643041 0.0709818852990104 0.116052927490589 0.127968880954453 0.126348718817557 0.118770600273763 0.0994923451110484 0.0583953682346259 0.0549194069215401 0.0702182629508313 0.289862541823633 0.461469785993063 0.515553448728166 0.584306131035653 0.662004925357543 0.680330206639167 0.688915147133795 0.680472836092848 0.657995771435451 0.625155891293405 0.605436805418192 0.585269560679354 0.557578769842167 0.532837712152615 0.51071945896209 0.492529399159321 0.474391821624611 0.452948263885248 0.43131337606362 0.409474030422268 0.387961848421406 0.367064547039681 0.350101696732451 0.333388428735988 0.316996055578947 0.303355473904435 0.291022311861687 0.283941426951139 0.275369956992081 0.264482473437523
0.427764383469293 0.355179940145459 0.267968573114656 0.167927803569189 0.120144720869665 0.0850408237807183 0.0672333178345024 0.0562730825427765 0.0525309957191455 0.0594307541122955 0.064704331657841 0.0399485033090451 0.027116743329031 0.0294058893816343 0.0390902057752849 0.049855835436783 0.0454142788264601 0.0530885251835731 0.079321477084683 0.101903156503559 0.122349414696877 0.122009391832534 0.10973620881443 0.0752097556815999 0.05251953843808 0.0357362102967152 0.241980012429879 0.412683057369683 0.493939757989131 0.56641231044735 0.633527724140182 0.646518155634836 0.649078920499851 0.631640729272168 0.598890983305264 0.554835672532461 0.553497133731791 0.55365492933323 0.540349510440039 0.52671637193297 0.512791836057164 0.49777402992435 0.481593221623508 0.460537281396359 0.43894435873405 0.416777609642446 0.393326160030767 0.370125746140901 0.351121381049221 0.331913576043402 0.312444202746226 0.297023501428067 0.283542824021216 0.277996771004348 0.271189462519329 0.262422463901525
0.484688366978683 0.42852657731905 0.353740428049213 0.262618690325919 0.185568320335485 0.118279285569698 0.0869049661522384 0.0700795463304209 0.0685910574739197 0.0842012135503365 0.094423152109725 0.0365833203764894 0.00620458534862067 0.0106492553862242 0.016991609723908 0.0237720109382657 0.0285761203975253 0.0332411773779964 0.03769323700155 0.0705077877055949 0.113651747109566 0.122862556427229 0.121907090229162 0.101993286742633 0.0677400142402543 0.0263306108485857 0.202551708453583 0.356427997648393 0.451379859935552 0.529107912779279 0.596331778357092 0.607783001515453 0.607187335767984 0.582230761447535 0.539142193745759 0.482665539091085 0.501102846081904 0.522850309631197 0.523547235893179 0.521023998184799 0.515637497894229 0.50384343403091 0.489615198202051 0.468927859106653 0.447371596363237 0.424886790483907 0.39975930331009 0.374505430462525 0.353145554284862 0.330964186424183 0.307726604119058 0.2909058512904 0.276939675263706 0.272775535458954 0.267877798870928 0.261840227876688
0.485009137137056 0.430341338186654 0.38981570447086 0.361694287380415 0.263179167482067 0.164859288506395 0.12831089554217 0.109668117767414 0.109900800796214 0.0752100078210605 0.0347359323825241 0.0134283620291773 0.0284067300805956 0.0893992812073373 0.0713206441556935 0.0306451812939642 0.0202020095612975 0.0182910443782907 0.0294495149909381 0.0488163928093019 0.0716450221004452 0.0993998315850492 0.11349132439107 0.102103105805157 0.0875314070751471 0.0713709883883922 0.161008127532058 0.228890108584925 0.243087347100359 0.341108916431147 0.49025195637598 0.548042531825229 0.585964810272165 0.58359208036185 0.547713630919871 0.487095624327423 0.517767424039155 0.549515109059118 0.544570631109262 0.537967112740181 0.5298884308706 0.516133119036529 0.500589727162804 0.481183215518302 0.459362414534293 0.43496167249399 0.408753648817546 0.382485682616837 0.359075991261587 0.333339667776069 0.304611929387989 0.287640718774387 0.274998058319701 0.268959802267164 0.264923586374885 0.263998063317298
-9999 0.406191829916495 0.408291927438073 0.412234038835169 0.3174123968673 0.217337083573388 0.176707356483948 0.154993789124527 0.153220962575161 0.0995505548685876 0.0398055390655658 0.0265289499132358 0.0535164945619461 0.131562970177895 0.0958150562537361 0.0284933719619832 0.0160297688068345 0.0117849603359717 0.0201295106457185 0.0317087784708674 0.0453076657351804 0.0813122368462178 0.103519183829592 0.099995959366505 0.0987350746308198 0.09860321351431 0.128665697380017 0.142273365964135 0.117006444332602 0.217255896924189 0.394053310877532 0.485630712301306 0.551557172886434 0.559343963758626 0.540952013643106 0.503230514189574 0.535143934957043 0.565331454070716 0.558025581543885 0.550426475772476 0.542566636763636 0.52714865942446 0.50986016629211 0.490002889690755 0.467291895836043 0.441531382528748 0.41509599023272 0.388585834842168 0.362756972616249 0.3359551183789 0.307902261559235 0.288522116483539 0.272793458863031 0.26771005965027 0.265096670377443 0.266321087345615
-9999 -9999 0.404809839351358 0.402215692793148 0.342477409687215 0.277173544517711 0.233825892544436 0.207477630943458 0.199049520270629 0.165479076936515 0.125672135249375 0.0848655252689922 0.0822540915883048 0.12807794474638 0.0830848574329596 0.0150811098022098 0.017100194682283 0.0158145027715745 0.00946663054037067 0.0203203398570255 0.038520955749353 0.0699311834034988 0.0916051569967272 0.0951227085918057 0.0992238509899269 0.103616235146564 0.107803528434841 0.106713872791344 0.0935008369225742 0.173437710880489 0.310183393588637 0.41988585383105 0.500698492329026 0.503142995119038 0.515059368671533 0.533969470200199 0.553408723499617 0.567612199730635 0.562037395440735 0.557291469148051 0.553282553571737 0.536574451595799 0.517004415244222 0.494535868588031 0.470154053573948 0.443727695054885 0.418129430352415 0.392340189371054 0.363631311762615 0.338869978235148 0.31918411067358 0.294577133371385 0.270260736542831 0.269661899399774 0.269171677256249 0.268850216912554
-9999 -9999 -9999 0.39922220900102 0.348419652368295 0.298878771722263 0.299437182464558 0.296135199629722 0.288763727593851 0.265329395351858 0.240118928834479 0.230033519908503 0.224574415543475 0.224981926026743 0.156033701297654 0.0692751407423181 0.0331446237833343 0.00947997938484582 0.00491026900113396 0.0104051583343721 0.0205103542522927 0.0480750369495975 0.0684779925981372 0.0755255717621099 0.08746488574358 0.101845426425356 0.10628585495133 0.107889717308951 0.103318202934664 0.140290528659778 0.202598961219007 0.325290556034744 0.426591673350325 0.454836421034753 0.4823222561405 0.509247734346742 0.496931247831768 0.489503956771456 0.517824124067082 0.539866655319066 0.556327321624481 0.542665891032837 0.522046341909269 0.49369527090725 0.468387199725287 0.446330917813812 0.4227504111607 0.39845961400889 0.371716982715354 0.348826673279983 0.330889399980433 0.30767438568835 0.284040647332855 0.276643750551128 0.271981160997108 0.271567032622798
-9999 -9999 -9999 -9999 -9999 -9999 0.389989917006651 0.387946284982832 0.383748328979952 0.372386126604112 0.364459201647044 0.393456586821843 0.39063728547663 0.347471257472427 0.253953685572397 0.146244517927765 0.0601592842848927 0.00775576789458027 0.0069451235893037 0.00386698236010341 0.000716185452851671 0.0237935936764126 0.0425169707301981 0.0531208362329369 0.0732467775081174 0.0981247232326964 0.110114083249111 0.118864533380895 0.120617117427679 0.11194140227053 0.0969058392491285 0.227188627478323 0.344524008162769 0.3973056442269 0.433076381292875 0.456286811825272 0.409359129525279 0.380241212094416 0.448873424690028 0.504859268492074 0.549600382242958 0.543922213263638 0.525989613640277 0.492048975906101 0.466159211217969 0.448872714402752 0.427402717039598 0.404780315370197 0.38130337048089 0.360231650538575 0.342252394444259 0.322298927810435 0.302026936705255 0.285789354380738 0.275764274718969 0.275391942240867
-9999 -9999 -9999 -9999 -9999 -9999 -9999 0.387946284982832 0.383748328979952 0.441587277103916 0.50029315036039 0.45780394727232 0.425550006195834 0.406275396527878 0.333108664054771 0.243276923498314 0.158890937014177 0.0949328333465494 0.0622656860520007 0.0304695973393241 0.000268854348022129 0.00893205955176006 0.0239412366584159 0.0507845486527686 0.0743177994912032 0.0961991599523078 0.106390049488737 0.111490791018197 0.105296478481098 0.100418425697336 0.0963431128059928 0.191054243723195 0.254093053790093 0.207205934345879 0.220557329728056 0.278386927669013 0.232451579382138 0.200883721903267 0.269212693079028 0.355930916204667 0.459000249866038 0.502049748555281 0.524876676029067 0.500212503163303 0.475026114877512 0.44928168038727 0.426810195527981 0.405042665244711 0.382487126777608 0.36323666504075 0.348235631331785 0.329419043464651 0.310219977686473 0.301754722620034 0.295065154919782 0.291134581807299
-9999 -9999 -9999 -9999 -9999 -9999 -9999 -9999 -9999 -9999 0.581931890269867 0.496477912606008 0.447602440283582 0.445112155044574 0.397682300558246 0.335124809894388 0.262342287369431 0.195518327967865 0.137821557145508 0.0698582632180399 0 0 0.00987670995601922 0.0381717677481588 0.0657660961720803 0.0930107246823303 0.105695602203387 0.111179981347933 0.10061774829321 0.0980203695791817 0.100280471541257 0.166646603985576 0.192172951972491 0.0877841971531855 0.0990407968870618 0.195686246588815 0.130231172248579 0.0739011622127439 0.123913783767617 0.215241422219377 0.343304998049549 0.440649754502696 0.514750424510984 0.499476953747039 0.478726284592737 0.452122609848127 0.427806433395661 0.404497310412036 0.384433524170683 0.368345237688865 0.357368360557536 0.338997579162838 0.319455347014153 0.315293801028828 0.311008694179535 0.306531603222317
-9999 -9999 -9999 -9999 -9999 -9999 -9999 -9999 -9999 -9999 0.581931890269867 0.496477912606008 0.450282357526411 0.453870391447325 0.44029085174109 0.419162824868572 0.372903309879141 0.31630205202146 0.243859552669557 0.128507618498854 0 0 0.00260778923495207 0.0100786522491808 0.0427188832773717 0.0879199205466819 0.109564872407585 0.121508653244432 0.111969808288926 0.109367938289589 0.110996681978697 0.159903931796934 0.173201113068033 0.0748305547788584 0.114608909002196 0.256392024327557 0.140518205852214 0.0258153061845608 0.0303769385841257 0.0869628041200293 0.189806885534831 0.349833822687466 0.491046670368481 0.485335986729957 0.474643374254003 0.458627007687394 0.43119595134488 0.402735242959018 0.387528751127918 0.37662257451653 0.371245431423849 0.35227943696251 0.330260862018087 0.325177957742713 0.321894792201879 0.321407991337934
-9999 -9999 -9999 -9999 -9999 -9999 -9999 -9999 -9999 -9999 -9999 -9999 -9999 0.457628558418753 0.452348705939534 0.443062478972002 0.405837192462201 0.366817931286048 0.325050701388738 0.223747315413602 0.10081869626788 0.0509116517682714 0.0149173910004041 0.00486805432983407 0.0308647597546036 0.0748502899392015 0.100293511088735 0.118246468822128 0.119625033842878 0.121065696215206 0.122544229548185 0.152726574118831 0.158170333432467 0.0868117805347824 0.105377977643944 0.190341748753384 0.150327389331366 0.106179991206348 0.102336321593213 0.110514561145097 0.129382282038775 0.23000581131574 0.331633239435431 0.364008656274501 0.379976000815648 0.378409465434715 0.379284391202791 0.38028693143587 0.377771956434827 0.374672195546426 0.370820559363477 0.35692898859485 0.340421704191483 0.331888113881631 0.328043849766107 0.331485679946689
-9999 -9999 -9999 -9999 -9999 -9999 -9999 -9999 -9999 -9999 -9999 -9999 -9999 -9999 -9999 -9999 0.386774968876314 0.388886340903036 0.394231863554612 0.331689571915181 0.241021771297242 0.125378822848662 0.0404154483489261 0.0126641482109989 0.025635342237173 0.0589291505843202 0.0855931191105929 0.10885617793194 0.124531589497816 0.131522784021226 0.133217784205544 0.14505880210238 0.144960008385201 0.108486508190152 0.0875220620721921 0.0780090079867853 0.157746313793494 0.229609468436603 0.232284246524258 0.1902902409428 0.108578240237826 0.106339726754422 0.129392477207694 0.207830985042556 0.254679085078645 0.26776926358831 0.306516645971723 0.347986613290969 0.362673154230841 0.369027258890618 0.364668121117847 0.358030514678936 0.350267489581521 0.337615470625189 0.332614502184357 0.33950144113364
-9999 -9999 -9999 -9999 -9999 -9999 -9999 -9999 -9999 -9999 -9999 -9999 -9999 -9999 -9999 -9999 -9999 0.391291965342786 0.402727992069972 0.391734780964343 0.370012661295214 0.295184230818391 0.216325218005657 0.12994986951277 0.0811909754566662 0.0512046225067285 0.0642098608659261 0.0784230826467734 0.0939199873335923 0.104002376411146 0.110782645472757 0.128609168118826 0.139047918263786 0.126088360556059 0.101691871776339 0.0688507170161074 0.104526698108446 0.142822868491542 0.160345693507155 0.168131915797345 0.16726067513908 0.192339010623574 0.222818054023572 0.256962270684487 0.270471076319496 0.261928612768133 0.260471295836365 0.269209149951194 0.340150975522999 0.372805950479859 0.356234468872442 0.355248666676185 0.358443802127885 0.350777184525624 0.345206166299746 0.342891209612446
-9999 -9999 -9999 -9999 -9999 -9999 -9999 -9999 -9999 -9999 -9999 -9999 -9999 -9999 -9999 -9999 -9999 -9999 0.412637315636431 0.432578569224634 0.458212833602586 0.410986907612875 0.337519323915588 0.215115608489535 0.119610175474784 0.037528365707142 0.0445598158756501 0.055639301476314 0.07292919207899 0.0864641769857295 0.0977091787893989 0.116542131998421 0.131646224076163 0.13456416356171 0.109419951387212 0.0635555393643643 0.0741428497957843 0.0915285358733141 0.109115981858167 0.150185814437121 0.212135403293789 0.249046069215944 0.277444274582627 0.285646438557367 0.278276138260437 0.254264899669683 0.236141939003195 0.232995931194633 0.329482464682122 0.374601898003566 0.353677238260595 0.35635489881845 0.3656235607005 0.361712984944083 0.355474025628066 0.345617313681986
-9999 -9999 -9999 -9999 -9999 -9999 -9999 -9999 -9999 -9999 -9999 -9999 -9999 -9999 -9999 -9999 -9999 -9999 -9999 0.438238540844647 0.471669936236524 0.427837417657003 0.358454917615092 0.241426141852192 0.126629348887837 0.0129464298773497 0.0280856326099568 0.0468717781752595 0.0695671290917324 0.087216925209242 0.101789617353742 0.112505570358034 0.121515046643089 0.12631780569854 0.10534449557537 0.0653389561650067 0.0856022307370635 0.105268631670862 0.0958322162691039 0.139958001787768 0.231709512929961 0.252079376555417 0.260976306263107 0.276864230878215 0.271446311507632 0.24326068955136 0.251603987967896 0.274775512726879 0.340534079728377 0.372764754808965 0.361887697369705 0.364585473498128 0.370977278759236 0.36857012198299 0.361483849968504 0.347127349047911
-9999 -9999 -9999 -9999 -9999 -9999 -9999 -9999 -9999 -9999 -9999 -9999 -9999 -9999 -9999 -9999 -9999 -9999 -9999 -9999 0.476501168423898 0.446836936774402 0.397004682698856 0.309562571306066 0.178766276188135 0.026334018609355 0.0354924511974461 0.0511459588866751 0.0761177522524928 0.0923013746839726 0.103125405004176 0.107092933690756 0.111118354418934 0.11659271863995 0.104950411225144 0.0806696981267915 0.0916709335632506 0.103341906792926 0.101779756960804 0.136357768318669 0.203070407665059 0.239963796150788 0.267501449829148 0.274933023138976 0.267074599604085 0.242877086149524 0.255772708537379 0.281112108070356 0.330434225312903 0.361395300714326 0.368749079768576 0.376270404106407 0.382485368244469 0.371562766975953 0.358269704071292 0.341293509243081
-9999 -9999 -9999 -9999 -9999 -9999 -9999 -9999 -9999 -9999 -9999 -9999 -9999 -9999 -9999 -9999 -9999 -9999 -9999 -9999 0.477104755500705 0.466889711648129 0.444187369641423 0.398198386439392 0.253015969127886 0.0583309379426743 0.054603642270642 0.0618120390061945 0.0875267047129868 0.0995088441748966 0.103116005512248 0.101005865741992 0.100591530132717 0.106142888230346 0.106360612269221 0.102640150635304 0.0950975987983231 0.0937366805698643 0.117152797197313 0.136005792853196 0.150801413277211 0.220423559695663 0.285295800096341 0.276359574663325 0.263907639996327 0.247698772617778 0.254406430074843 0.270077660318176 0.309967775780435 0.345353943903481 0.374949263092739 0.389648357006426 0.397009790797884 0.372661376925837 0.350534777005758 0.331860345967005
-9999 -9999 -9999 -9999 -9999 -9999 -9999 -9999 -9999 -9999 -9999 -9999 -9999 -9999 -9999 -9999 -9999 -9999 -9999 -9999 0.436292360848048 0.433755439400622 0.417027173965819 0.37383451796113 0.247231163153277 0.0790015893032251 0.04979605109961 0.0351186124527565 0.0490093440371937 0.0726281030823226 0.102179639223637 0.101781062674526 0.100058139818671 0.100109918866768 0.101039532838599 0.102617312185416 0.073421130479673 0.0491847716461039 0.0571834412377784 0.0740587681149107 0.0988269230884728 0.166281740691329 0.225684819719285 0.205652594173191 0.198037490862268 0.203691486217906 0.245938560472385 0.294337831945182 0.321262165452896 0.341768179968017 0.354021985277366 0.363456604259305 0.369586657918182 0.345583424904588 0.329011691585493 0.323986736053171
-9999 -9999 -9999 -9999 -9999 -9999 -9999 -9999 -9999 -9999 -9999 -9999 -9999 -9999 -9999 -9999 -9999 -9999 -9999 -9999 -9999 0.412145844030312 0.399323235251293 0.362588689226965 0.246685784087489 0.0912738051118698 0.0466402235605557 0.0190209214709668 0.0266659861516585 0.0567944237280126 0.100634668790454 0.101509629807337 0.0991720047649242 0.095589596835817 0.0969272279445737 0.101897659323289 0.057409260896532 0.0175698893878238 0.0171374514990456 0.0335207345156864 0.0648559966564332 0.126444695957166 0.178797140280662 0.157038879935844 0.155847963303146 0.17663557823811 0.238502532557323 0.304261401288316 0.323694555618094 0.335267336311899 0.336733818494454 0.342157853351675 0.346830671542655 0.325911103076511 0.314961313703903 0.319502182813258
