layers/veg/veg_1000.asc
NCOLS 255 
NROWS 330 
XLLCORNER -2985163.8955 
YLLCORNER -3022031.214 
CELLSIZE 25000 
NODATA_value -9999 
[rows 200 to 224 of 330, columns 57 to 113 of 255]
-9999 -9999 -9999 -9999 -9999 -9999 -9999 -9999 -9999 -9999 -9999 -9999 -9999 -9999 -9999 -9999 -9999 -9999 -9999 0.228718362608372 0.228707993446752 0.219181230270556 0.191908045878539 0.138208056845548 0.0713197361673973 0.0437090378244774 0.0321382128019994 0.0560752014318422 0.0952224041235023 0.143645774052421 0.203248261885798 0.247035906185775 0.24306598180656 0.225085230504961 0.196759330428267 0.222258143292904 0.250352020272043 0.264130403944612 0.271174108147468 0.272229559607245 0.277640806183616 0.283422205019215 0.287112004055656 0.290804822830681 0.294500868537718 0.288386875677718 0.281092267876643 0.283009168264543 0.293394943384525 0.314669383606265 0.320701671255152 0.321143608722629 0.31329443907094 0.305337265741464 0.297212280460319 0.291300226175943 0.286252214819198
-9999 -9999 -9999 -9999 -9999 -9999 -9999 -9999 -9999 -9999 -9999 -9999 -9999 -9999 -9999 -9999 -9999 -9999 -9999 0.216952756410378 0.221633412711115 0.218601137996442 0.201185587179664 0.145641577654544 0.0710695106175186 0.0289848977426117 0.0149066310166044 0.0640802109891099 0.115602649143008 0.168557572153375 0.216683627848489 0.251831692327241 0.250406594625143 0.236017568141081 0.212056389156521 0.22973779892431 0.250192533674188 0.262429367255716 0.267669253032497 0.266687685795309 0.273773813464277 0.281262888154164 0.283451648604576 0.284741850275804 0.285071840323689 0.277894298170227 0.270768539710576 0.277733080297984 0.290325388499593 0.310153472262905 0.319880774493017 0.325362795786479 0.318540766746682 0.310117749490614 0.299207178452337 0.290627866120309 0.283095988382417
-9999 -9999 -9999 -9999 -9999 -9999 -9999 -9999 -9999 -9999 -9999 -9999 -9999 -9999 -9999 -9999 -9999 -9999 -9999 0.216737555678679 0.214483869602505 0.208002920831527 0.193638861687329 0.1378198454081 0.0613126781980197 0.0249306184760871 0.0129823658788715 0.0558082335122699 0.107729077608642 0.165196623569078 0.207829365391935 0.239962993181053 0.244552120795707 0.234539161931007 0.213744487048219 0.226122071594306 0.241823003714394 0.255136052179604 0.257040817123004 0.248801716214954 0.261849937444434 0.276357636680628 0.278879701019175 0.279178308311809 0.277100900424412 0.265984836663234 0.256918886266976 0.279467307098565 0.297005778824195 0.308102821231597 0.317664457783759 0.326088775124141 0.326445625940266 0.320200460192237 0.303697335573897 0.292810368137557 0.284364003914318
-9999 -9999 -9999 -9999 -9999 -9999 -9999 -9999 -9999 -9999 -9999 -9999 -9999 -9999 -9999 -9999 -9999 -9999 -9999 0.192004097131417 0.195818039408095 0.193843831823524 0.181075730528719 0.130439077519911 0.0609040739268717 0.0292920094859662 0.0187661999742992 0.0553957370905665 0.100777859084135 0.151497870521612 0.19513386006833 0.228595038589379 0.233999239518751 0.227127736086418 0.21119224316621 0.222331803773409 0.235933505973296 0.246651768804612 0.248236031511203 0.24169864543731 0.255471261045219 0.270262629940032 0.271732711542577 0.271596079061153 0.269742490967523 0.257195429263681 0.247368749653274 0.277118186141206 0.298041424855236 0.30761657840775 0.316603179512457 0.325111317835333 0.329991644779634 0.328062465392768 0.315552937533056 0.30036102532701 0.284437488273696
-9999 -9999 -9999 -9999 -9999 -9999 -9999 -9999 -9999 -9999 -9999 -9999 -9999 -9999 -9999 -9999 -9999 -9999 -9999 0.191672522055504 0.184802229748638 0.175888702978881 0.163164898979575 0.123528396268993 0.0704610758378207 0.0426248605845481 0.0327671935304485 0.0633617795479085 0.0948099078388664 0.126778581129445 0.178343427550466 0.217760898849987 0.218437657388332 0.213391460632906 0.20411961579295 0.218355468414638 0.232687827362221 0.236897862902905 0.241375334168564 0.24609060037619 0.255004001734177 0.262899293815896 0.261840618610776 0.261861843870504 0.263037064842503 0.251732131369388 0.242402079640953 0.270416043946623 0.293059534970854 0.308798060831529 0.316773221018038 0.322317925130083 0.328890955634195 0.333557104701164 0.335260414889631 0.313634362742234 0.283237551932521
-9999 -9999 -9999 -9999 -9999 -9999 -9999 -9999 -9999 -9999 -9999 -9999 -9999 -9999 -9999 -9999 -9999 -9999 -9999 0.167721171403409 0.167970575168456 0.162212632975278 0.145252034439732 0.109019038321325 0.0631681268183971 0.0451620166767516 0.0440937590995405 0.0809946527852236 0.104880752288136 0.12082959286049 0.174281738018497 0.214540789076541 0.209691854026647 0.207390869268226 0.20697120992927 0.21710562213623 0.226648148284408 0.229275222979784 0.232801662511178 0.23712778730904 0.250984174904716 0.262046084427592 0.250342772356071 0.245972450126619 0.249438256421353 0.249503524329624 0.251629951439699 0.275157044944636 0.292361697883753 0.301437415146659 0.310851687131115 0.319921889467925 0.32327836944339 0.327017984028024 0.331352898400905 0.322160900459433 0.307314975629578
-9999 -9999 -9999 -9999 -9999 -9999 -9999 -9999 -9999 -9999 -9999 -9999 -9999 -9999 -9999 -9999 -9999 -9999 -9999 0.155899455924242 0.157325960966725 0.15067871263336 0.128975317194167 0.0931909417947991 0.0503794348096583 0.0431010028738539 0.0518435876936287 0.0961806958671844 0.113253677542596 0.113699240567178 0.16919699630984 0.21079014952695 0.201940096946842 0.203377428551432 0.212410637293527 0.216239544648725 0.219247634114779 0.221512751652163 0.223298416894299 0.224657769119592 0.244474990170941 0.260483313898438 0.240491863605579 0.231766200255255 0.235079303671159 0.2477615427997 0.263169774751708 0.281561459408176 0.292445852319323 0.293677913814313 0.304484322770071 0.317347836954907 0.317099163363625 0.318462508207612 0.322330545162937 0.326942186353585 0.330832324538209
-9999 -9999 -9999 -9999 -9999 -9999 -9999 -9999 -9999 -9999 -9999 -9999 -9999 -9999 -9999 -9999 -9999 -9999 -9999 0.155838047503699 0.155285809214295 0.147103528817696 0.124692545729574 0.0814426773337456 0.0277931357921382 0.0268695525615635 0.0382191571407675 0.0759507321272921 0.0801736651549375 0.0639608721999826 0.133592001025639 0.189379812387529 0.189145104693614 0.199934706367472 0.218864307285063 0.213254356227037 0.206928052335951 0.208870643909569 0.21008124515192 0.210640984964439 0.226148570946399 0.241945512285696 0.245614685366992 0.241027697087506 0.227618067166223 0.243735016946906 0.2659781899876 0.279458308386639 0.29051198846683 0.298445930083549 0.305867819465133 0.3127504988503 0.314928406013966 0.31689638699399 0.318538192761232 0.312862654321464 0.304525119535378
-9999 -9999 -9999 -9999 -9999 -9999 -9999 -9999 -9999 -9999 -9999 -9999 -9999 -9999 -9999 -9999 -9999 -9999 -9999 0.153352163057976 0.153267120188768 0.146090155303226 0.125687988188891 0.0792976794585877 0.0199379544432236 0.0182800036885508 0.0277208181298307 0.060671051513189 0.0600527602843354 0.0389622227777252 0.109666847821562 0.168103581595871 0.173954534248753 0.186944701337122 0.205206237194912 0.2011224177495 0.196832428660281 0.20173713870296 0.203563480364329 0.202652639359991 0.213537544529375 0.227037372848173 0.243010450488316 0.241556360885395 0.22147937321903 0.239046019880413 0.264120365272778 0.275791910298512 0.286835012283048 0.297070107769954 0.30386801618644 0.309467462693297 0.313980579772897 0.316652639792175 0.316464136312533 0.306207985397028 0.292617504877195
-9999 -9999 -9999 -9999 -9999 -9999 -9999 -9999 -9999 -9999 -9999 -9999 -9999 -9999 -9999 -9999 -9999 -9999 -9999 0.153358713833236 0.153484754440035 0.148362531916631 0.133453210622684 0.089469727228026 0.0309767449628627 0.0194918747800043 0.0212319702505489 0.0517405503859464 0.0565530662666365 0.0456944687496276 0.100722133485428 0.146999354152432 0.155691421178146 0.161709454799723 0.165753067243405 0.177258956781159 0.189589229544866 0.201668907407764 0.205638302329982 0.202396303705548 0.208257018984873 0.216784598778959 0.230495576507508 0.230884387678283 0.217036958022922 0.23350734441497 0.256277671769041 0.270120508464969 0.280922339114693 0.287814264675836 0.297528829029004 0.307870135970122 0.314601271717797 0.31810495516625 0.316593947630579 0.30907636542518 0.299178648734892
-9999 -9999 -9999 -9999 -9999 -9999 -9999 -9999 -9999 -9999 -9999 -9999 -9999 -9999 -9999 -9999 -9999 -9999 -9999 0.149769984234892 0.150003392961499 0.145157534138525 0.13083972393726 0.0923055619543056 0.0416861977355281 0.0267582904305462 0.0226453338972897 0.0421538400074296 0.0479358821003662 0.0453466432052573 0.0892219630012911 0.128262786901582 0.144657082739515 0.154591678844645 0.159756638214663 0.16432288471507 0.172315691219784 0.193364968885945 0.202898523223257 0.202192679810072 0.205135266991338 0.210445943369478 0.224390365111846 0.228745383323412 0.222853039932681 0.237189928303841 0.255374421488616 0.264978601671874 0.275053519456999 0.285733677520165 0.296656603590583 0.307262892220508 0.312891397254234 0.31606492732859 0.315424011935243 0.309872048432377 0.302157131201864
-9999 -9999 -9999 -9999 -9999 -9999 -9999 -9999 -9999 -9999 -9999 -9999 -9999 -9999 -9999 -9999 -9999 -9999 -9999 -9999 0.145872097965089 0.14045393064265 0.124931822754642 0.0931754816278919 0.0533174250320902 0.0358055605515776 0.0258100676249228 0.0323168665563596 0.037967913375644 0.0430970674935042 0.0777971699811277 0.111167559019966 0.135170135210784 0.151945974175564 0.163385820327355 0.155794219246294 0.153978930056947 0.182209970650528 0.197652141295229 0.201722874606253 0.202586649377502 0.205306997635864 0.22031151146596 0.22919069575976 0.231524273072893 0.243640049690171 0.25690438569577 0.260771788943241 0.269784185020358 0.285411639844386 0.296941921265444 0.306659897455454 0.310249653491892 0.312857839290833 0.313940899088237 0.310268839586119 0.304412251089836
-9999 -9999 -9999 -9999 -9999 -9999 -9999 -9999 -9999 -9999 -9999 -9999 -9999 -9999 -9999 -9999 -9999 -9999 -9999 -9999 -9999 0.139096631480285 0.119686097343926 0.0990425781163506 0.0777837360558637 0.0427063090602166 0.0190196579325702 0.0219977565919748 0.0317426339500905 0.0456143283675621 0.077604241980515 0.10503084882223 0.115893162341477 0.132178038697773 0.152466762907044 0.158290168861638 0.162759100704706 0.168622874321573 0.180497710669124 0.197717383849325 0.198500614139381 0.199385048186 0.215721328469887 0.227540614517377 0.234532981648884 0.247510663716421 0.260869437163783 0.266107870561351 0.271823149951198 0.278151523344594 0.289664515706833 0.30212292240416 0.305358132712475 0.30914292558945 0.313781638678585 0.314031932869479 0.312063057480201
-9999 -9999 -9999 -9999 -9999 -9999 -9999 -9999 -9999 -9999 -9999 -9999 -9999 -9999 -9999 -9999 -9999 -9999 -9999 -9999 -9999 0.14341237202407 0.118033091309972 0.103077805315866 0.0933246276092483 0.048548166367947 0.0168388509230887 0.0163843652882609 0.0289433137803387 0.0494386917533969 0.0772979321085022 0.0992286991908966 0.102663497749024 0.118192844061493 0.142652419587362 0.156383230258101 0.165213424626495 0.160536431278053 0.167492351135358 0.184791870079683 0.191395621728001 0.197735883115682 0.212469192462227 0.224850121258657 0.234717265538062 0.248846194332541 0.263056096525653 0.270080842950837 0.274511837305515 0.275607973305783 0.284329954895531 0.295137823439324 0.301137737637566 0.30677550675458 0.311850588802846 0.314562841073767 0.315813190864472
-9999 -9999 -9999 -9999 -9999 -9999 -9999 -9999 -9999 -9999 -9999 -9999 -9999 -9999 -9999 -9999 -9999 -9999 -9999 -9999 0.152271297011852 0.143589753357339 0.118718639340294 0.104273919844901 0.0950325062611732 0.0527489068976921 0.0218022116016698 0.018064106498896 0.0314536979603497 0.0552888608695871 0.0768158979587596 0.093945066436749 0.0988062210527759 0.113169998918344 0.134550211417983 0.147652499256061 0.15786366934917 0.160975145860606 0.160917406904743 0.158041707079205 0.179611714934478 0.202708869714929 0.211290821314012 0.220547151085818 0.230524130162913 0.24625273969089 0.262486524538424 0.271941207903977 0.278207493429887 0.280374368185729 0.282006501466264 0.284358512920316 0.2979574830916 0.306496495521727 0.307173540643848 0.310084364783909 0.31351788737077
-9999 -9999 -9999 -9999 -9999 -9999 -9999 -9999 -9999 -9999 -9999 -9999 -9999 -9999 -9999 -9999 -9999 -9999 -9999 0.161322227157116 0.16048302031327 0.150907623174675 0.125040749185214 0.108823542366946 0.0974220146535875 0.0486378408723807 0.013427298453806 0.0107178268136811 0.0296866591430727 0.0618763161251675 0.0767482081291438 0.0882572995434502 0.0932932297459724 0.103533025807254 0.117615190831676 0.132301541232064 0.145656804507604 0.153774422312459 0.156395967734914 0.154130588595026 0.171008172004304 0.190546032466056 0.206107212930686 0.22093908733355 0.234991615772959 0.247808084582035 0.259853401079241 0.268472129321207 0.277323599520889 0.28647431245504 0.287844004746119 0.28728978140321 0.294216137271967 0.299767293730278 0.303181718350102 0.306369776330787 0.30917378836713
-9999 -9999 -9999 -9999 -9999 -9999 -9999 -9999 -9999 -9999 -9999 -9999 -9999 -9999 -9999 -9999 -9999 -9999 -9999 0.175473272795497 0.17252012377188 0.161083805410224 0.13382785031564 0.114896947218105 0.100120672279059 0.0417010865324629 0.000458929838745363 0.000219600996736819 0.0263396534753796 0.0685353527797201 0.0767790144319124 0.0824860444108328 0.0872152516073518 0.0922951870477636 0.097634089063296 0.114470569903788 0.131410403110831 0.143609005740274 0.152810273611054 0.159346411215248 0.163870490458149 0.171832960306436 0.198975839621073 0.222537165393981 0.242271196369856 0.250756335696031 0.256548936183584 0.263037054880948 0.274604923874646 0.292703967496278 0.296685249874573 0.295760951269495 0.290587984323825 0.290832671175941 0.299495099681873 0.302959992118675 0.304102657362509
-9999 -9999 -9999 -9999 -9999 -9999 -9999 -9999 -9999 -9999 -9999 -9999 -9999 -9999 -9999 -9999 -9999 -9999 -9999 0.17558603570407 0.176266408784632 0.169357457136098 0.148295733630925 0.126319498995337 0.103886876376225 0.054238866346379 0.0167126988122362 0.0079971381406858 0.0286846473545214 0.0673040405271986 0.0743809616623034 0.0795167853259149 0.0849440296859741 0.0907585351882668 0.0968589819953384 0.104255730354457 0.11517986203358 0.138691760773095 0.152591791031827 0.157945267879221 0.162520027316171 0.168326380597964 0.181055688170666 0.199714577181256 0.22470989420315 0.243380882457751 0.259118237787918 0.264782002546551 0.273051232226206 0.284670379794232 0.29429840361214 0.30235510566696 0.298735136031628 0.296576866788237 0.2966897312743 0.29931303771309 0.302781386149561
-9999 -9999 -9999 -9999 -9999 -9999 -9999 -9999 -9999 -9999 -9999 -9999 -9999 -9999 -9999 -9999 -9999 -9999 -9999 0.181804688451658 0.181415711851985 0.175652433022431 0.159867014402685 0.135677537756988 0.107294004890071 0.0635905937801147 0.0285907663678851 0.0141305894223656 0.029678736530072 0.0635278905332936 0.0701652064090851 0.075502708820097 0.0821738554608251 0.0884861730356358 0.0945335426461109 0.0966608467489836 0.103390615569225 0.129046925625641 0.145968146583079 0.155122417161778 0.160843207373813 0.165701644745326 0.169329447631845 0.182949267521285 0.207246687017034 0.23135421745407 0.253738780031064 0.263771308880938 0.271795182201309 0.27723647187775 0.28942729323854 0.302736232545925 0.30261904872226 0.300807141859423 0.296362039659456 0.29741828211365 0.300611504493092
-9999 -9999 -9999 -9999 -9999 -9999 -9999 -9999 -9999 -9999 -9999 -9999 -9999 -9999 -9999 -9999 -9999 -9999 -9999 0.181829088973524 0.182226362362216 0.178211704565091 0.16596956174803 0.141137813132763 0.110023205170545 0.066927111709614 0.0322075884650352 0.0171600362105781 0.0281223419587426 0.0549471327231663 0.062517661608621 0.0695160358436483 0.0784616682736556 0.0848248031017281 0.0892811038755837 0.0940123927729173 0.099986453334115 0.110476485374696 0.127251671899212 0.149615408517069 0.158550231670921 0.164741814208078 0.16929719932477 0.177619990660712 0.18996868138731 0.210546148418395 0.233352207779252 0.257558014018652 0.27110107420032 0.270934748594535 0.279865936971467 0.291387275383635 0.298454042941104 0.302179162218853 0.30071215719953 0.298831646298307 0.296839461605059
-9999 -9999 -9999 -9999 -9999 -9999 -9999 -9999 -9999 -9999 -9999 -9999 -9999 -9999 -9999 -9999 -9999 -9999 -9999 0.184907774806913 0.184659621373066 0.179752888584324 0.166158714799265 0.142833991532515 0.114653224737323 0.0670809091709461 0.0310317662487041 0.0221452848578326 0.0302991279703033 0.0488452574258683 0.0563418484610826 0.0638166044874278 0.0732939370786116 0.0805843673515483 0.0862600585399044 0.092094365994488 0.0978733684103036 0.103375217043757 0.115324207655907 0.13300578224812 0.149171211782201 0.163441583126614 0.169526999133255 0.176445077530707 0.184252949811986 0.198920692168433 0.215554799932057 0.234155568525797 0.250896228581752 0.265245295945453 0.275438017503933 0.284317960385903 0.293602807008149 0.299537863813187 0.300268146314011 0.29919139098196 0.297354107045771
-9999 -9999 -9999 -9999 -9999 -9999 -9999 -9999 -9999 -9999 -9999 -9999 -9999 -9999 -9999 -9999 -9999 -9999 -9999 0.184951359164745 0.186107610154153 0.180779564696698 0.163359433113129 0.142627919279171 0.12024385577395 0.0656262645204631 0.0274338994268682 0.0281189313565202 0.0343625405080034 0.0439961277164267 0.0509098000241221 0.0582623355866797 0.0673906218757101 0.0760512908075194 0.084366685962337 0.090545473067443 0.096412751442089 0.102070090500415 0.106827685714752 0.110785258661352 0.13621113851834 0.161969324820115 0.169889229429622 0.177369643019346 0.184380410776958 0.191935826020164 0.199065870509045 0.202066292374372 0.220831298695477 0.259865264711672 0.273604367941438 0.279411435601709 0.288404772955287 0.294868366269557 0.297401340801601 0.29901867106742 0.300035103599356
-9999 -9999 -9999 -9999 -9999 -9999 -9999 -9999 -9999 -9999 -9999 -9999 -9999 -9999 -9999 -9999 -9999 -9999 -9999 0.220142703406029 0.223453662890066 0.220589584571829 0.206210133761139 0.180112388956695 0.148166614108336 0.0730078411366969 0.0207606094696468 0.0226826777434787 0.0322082794794081 0.0463710051704544 0.0510896483821404 0.0559053276255141 0.0627667133121518 0.0721717126676067 0.0834548354183512 0.0897708137458647 0.0956274613165073 0.101984619951784 0.107508523434359 0.112291524179649 0.126077162850015 0.14218263173894 0.161811205912827 0.175932142951959 0.184167547161777 0.188072551869498 0.191575748156733 0.200024743819096 0.211382656868452 0.226480644985356 0.242722493031148 0.259388855763133 0.276740186893859 0.288323684115942 0.290945343325248 0.293374630492309 0.295589500889014
-9999 -9999 -9999 -9999 -9999 -9999 -9999 -9999 -9999 -9999 -9999 -9999 -9999 -9999 -9999 -9999 -9999 -9999 -9999 0.25096515840016 0.251821031769468 0.24810981024083 0.235881750331245 0.202622058425746 0.158866502885983 0.0729756419997101 0.0133175271240747 0.0154259745108842 0.0291320419380464 0.0499110843155456 0.0534990124149525 0.0562592183414896 0.0598430031912853 0.0693223827980519 0.083154881975591 0.0896459582699582 0.0954561117630726 0.101998429077061 0.10798182819464 0.113468255862002 0.118667138109221 0.126922457241018 0.150863080177554 0.169427913263894 0.182248107247713 0.18553019765481 0.187554156482993 0.19772175449437 0.203437854844137 0.203430542252758 0.218624049608081 0.238730406425512 0.258762653441862 0.274153467211641 0.282332600901562 0.287456956493301 0.291232534172681
-9999 -9999 -9999 -9999 -9999 -9999 -9999 -9999 -9999 -9999 -9999 -9999 -9999 -9999 -9999 -9999 -9999 -9999 -9999 0.250916029373356 0.250188834275311 0.245374469244263 0.23293824249746 0.188667233593708 0.128509034746217 0.0553024251906387 0.00421016944207036 0.00440697641281428 0.0241687818411307 0.0558625822401656 0.060866729699337 0.0627941053475469 0.0608262747111063 0.068845624609754 0.0842391908235118 0.0910023617529489 0.0966866248155931 0.102192366180361 0.107586837974616 0.112882372571662 0.117484079438336 0.12297486113667 0.133582951901438 0.151219727988196 0.176367448822648 0.185934040882678 0.191235191104497 0.193549710816644 0.198131739596502 0.205629167131756 0.211545801997456 0.21722457000012 0.226350203354194 0.242298110907215 0.268846205153911 0.281131285199925 0.287380893715981
