layers/veg/veg_900.asc
NCOLS 255 
NROWS 330 
XLLCORNER -2985163.8955 
YLLCORNER -3022031.214 
CELLSIZE 25000 
NODATA_value -9999 
[rows 200 to 224 of 330, columns 114 to 170 of 255]
0.092393735089901 0.0832142630830706 0.0897573203012834 0.105022659369229 0.109678254140396 0.115527619799709 0.125563387886976 0.141533908844349 0.161506200683261 0.162555157040268 0.160853570992438 0.155868427872328 0.148369593591732 0.138825279432423 0.135736344033786 0.133655608098989 0.131740827990587 0.133388295674462 0.138521469370128 0.136559646549963 0.133833858663423 0.135702359417729 0.140502089796243 0.14874959822162 0.169070429387136 0.193464336805129 0.223714437409966 0.257606881228192 0.296663556539359 0.328359454274867 0.357625791108278 0.392071484154277 0.426072549829669 0.459308949687832 0.518851029211164 0.590165760906663 0.585418705869298 0.578385317069265 0.566532488420705 0.558555532961114 0.552760796499294 0.554752836247252 -9999 -9999 -9999 -9999 -9999 -9999 -9999 -9999 -9999 -9999 -9999 -9999 -9999 -9999 -9999
0.0909879013520419 0.0819411009345739 0.0848071283626907 0.0942819552154596 0.102040840953887 0.108376685556791 0.11121816465533 0.130254104561755 0.160209879400084 0.16134854931287 0.158960202384514 0.153745531798488 0.146454304177453 0.137473308259146 0.135214408355564 0.133962508494565 0.132697596621699 0.135249596120692 0.141536493271729 0.143648441712823 0.144903476753438 0.146390076657737 0.149474496590887 0.154438308289466 0.172499551592051 0.195504797464638 0.229835628429477 0.263956470845032 0.297779584733694 0.329002226189268 0.359346058040437 0.391127755560072 0.422383200157496 0.452733600109822 0.501309687991871 0.558057230204949 0.566075816916072 0.568232243399725 0.558031625142129 0.548180368470814 0.538525811601971 0.537727509031717 -9999 -9999 -9999 -9999 -9999 -9999 -9999 -9999 -9999 -9999 -9999 -9999 -9999 -9999 -9999
0.0895909469921747 0.0842562835101691 0.0815660015557794 0.0803427253656629 0.0927957239424977 0.102439471061747 0.103407600509273 0.125312511083876 0.161334976829057 0.16170580431323 0.158330546925957 0.15348749384697 0.147241131846989 0.139852847479361 0.137282016208049 0.135700248935448 0.135268577313392 0.138411382559297 0.145051860127345 0.154054467402425 0.162027631593269 0.160681310221832 0.159787821570786 0.159426964924878 0.177843139407282 0.203365065948306 0.245292487869548 0.278200983368014 0.29832215457101 0.328588396810336 0.362319663039588 0.391141586038719 0.420336998801189 0.450174735617441 0.482697877928354 0.516424709159094 0.542889516832047 0.559599115117117 0.555745379377052 0.546726848636845 0.534800401868584 0.536082294906582 -9999 -9999 -9999 -9999 -9999 -9999 -9999 -9999 -9999 -9999 -9999 -9999 -9999 -9999 -9999
0.0833476884381395 0.0826978126562755 0.0801746088307143 0.0766121513990534 0.0891711331887523 0.099418770673728 0.102021284097007 0.123775437109407 0.158443434273176 0.157806580581196 0.153632455921628 0.148571227999041 0.143540098445283 0.138533461004473 0.136222113601656 0.134784536089313 0.135379722632493 0.141641022484796 0.153446688247835 0.163245550893866 0.170086892917487 0.16159294540277 0.159016569959979 0.1634005755504 0.183372187129358 0.208747088501409 0.243051554203538 0.271073164214655 0.290186739116441 0.316122058577218 0.344835633579182 0.378829416111714 0.410002249770511 0.436323643058132 0.463751981072234 0.491736589249818 0.532780628671583 -9999 -9999 -9999 -9999 -9999 -9999 -9999 -9999 -9999 -9999 -9999 -9999 -9999 -9999 -9999 -9999 -9999 -9999 -9999 -9999
0.0796108473790518 0.0812079166933175 0.0784243836198328 0.0732106532065518 0.0842607702573903 0.0940980455001022 0.0991107727044829 0.121543934455429 0.155723598417667 0.154433830160896 0.149774253739088 0.144827895791413 0.140661872790297 0.137130836082223 0.135308864402672 0.134233074566581 0.135279342671843 0.143198175848643 0.157841903750124 0.168088690466376 0.174327932395073 0.161969791859792 0.159127946188219 0.167479380035795 0.187092919055885 0.21055799141225 0.239979136262151 0.264927213658067 0.283533231983054 0.305101952486815 0.328300896360291 0.361901860641696 0.392330973355983 0.417305166668013 0.439956938014107 0.461411041508513 0.447296027096869 -9999 -9999 -9999 -9999 -9999 -9999 -9999 -9999 -9999 -9999 -9999 -9999 -9999 -9999 -9999 -9999 -9999 -9999 -9999 -9999
0.0820381539012352 0.0800732213285928 0.0757340247161737 0.0700776736024525 0.076031948658825 0.0831970943874665 0.0922783486155309 0.117501777958273 0.153609786280535 0.152517350947673 0.14810352389843 0.144088407138846 0.139951673158674 0.135715974921664 0.134898102590455 0.134674629216813 0.134801805689069 0.140799981442316 0.152543006706968 0.162718538701376 0.169998819979245 0.161750156798101 0.161877649956844 0.171857366123727 0.186531484057025 0.204054178040428 0.23582449733126 0.262167097241032 0.280814101837471 0.298100196734759 0.315029405544629 0.334683131343794 0.357737331593415 0.386639634651174 0.404720374423733 0.417836222782008 0.429685758025195 -9999 0.535934667097477 0.535934667097477 -9999 -9999 -9999 -9999 -9999 -9999 -9999 -9999 -9999 -9999 -9999 -9999 -9999 -9999 -9999 -9999 -9999
0.0833823601031484 0.0789593374268801 0.0742028319820919 0.069261322543517 0.073469497753039 0.0784862632108837 0.0846371146058719 0.110830846647232 0.150539381732337 0.15181012007923 0.148951617594893 0.144213558882731 0.139775134412966 0.135580532980585 0.137332746056255 0.139474196107085 0.13942905021656 0.143168694171483 0.150611804445129 0.156093673999025 0.160292660229353 0.159258628489751 0.1638697328216 0.175120772850731 0.186716334044242 0.199782429966276 0.225832701089428 0.249565018459007 0.270010866357674 0.287628992729815 0.304087866743016 0.318212126158382 0.33501557176975 0.356426655681198 0.378582315372924 0.400965823084831 0.393050875937158 0.416042866965111 0.504184632654892 0.535934667097477 -9999 -9999 -9999 -9999 -9999 -9999 -9999 -9999 -9999 -9999 -9999 -9999 -9999 -9999 -9999 -9999 -9999
0.0840496361098744 0.0778584605453438 0.0733961100719413 0.0698928482730056 0.0744484892670182 0.0776442141019665 0.0764903800001491 0.102516949292729 0.146871113555611 0.151858661047191 0.15137395854871 0.144879104883163 0.13993213002313 0.136244719186371 0.141545748104533 0.146997490449993 0.147246747816087 0.148516690829643 0.150785388086298 0.148684622404944 0.147225883154125 0.155347182644565 0.165388307871119 0.177687575200261 0.187367606976625 0.196905707236817 0.21219272197489 0.230811781395453 0.254155121060102 0.274989407607201 0.294602531805559 0.308458374070513 0.319713655895659 0.326496519229696 0.358130758614296 0.400965823084831 0.393050875937158 0.416042866965111 0.504184632654892 -9999 -9999 -9999 -9999 -9999 -9999 -9999 -9999 -9999 -9999 -9999 -9999 -9999 -9999 -9999 -9999 -9999 -9999
0.0832616237303894 0.0767427040382719 0.0746275258579417 0.0749553817537063 0.0730082022912807 0.0721231270552185 0.0742164744300994 0.0885197797114507 0.111056191759729 0.133187653683293 0.148529222798785 0.14168275455614 0.137871493479328 0.136530088398764 0.138866474028944 0.140919317548207 0.139346603512716 0.141219847501315 0.146465006444004 0.145261840831991 0.144014394315857 0.150886950775803 0.159542108042175 0.17029400037016 0.179517114001987 0.188856240482737 0.203432802419012 0.220891123825894 0.24243529660408 0.258228508655451 0.271711797543488 0.281360822133675 0.295958412530628 0.319066498157717 -9999 -9999 -9999 -9999 -9999 -9999 -9999 -9999 -9999 -9999 -9999 -9999 -9999 -9999 -9999 -9999 -9999 -9999 -9999 -9999 -9999 -9999 -9999
0.082592728598665 0.0761838396112338 0.0753384177320147 0.0775794031022253 0.0709444869260791 0.0673466007041201 0.0725122668733105 0.0768994394740423 0.0807616781875664 0.114550947087928 0.14169867412443 0.137921921585652 0.136510543206552 0.137023953888779 0.135682361343171 0.133992662392617 0.132002079252756 0.134667533940235 0.141888982481109 0.141860968616346 0.141137606600094 0.145625840668188 0.152636987233565 0.16261564008042 0.171658221038378 0.180854299132066 0.194037680015047 0.210064901526079 0.230124211852436 0.24173880208243 0.250146416619104 0.256463466657989 0.258576980280269 0.253461292954205 -9999 -9999 -9999 -9999 -9999 -9999 -9999 -9999 -9999 -9999 -9999 -9999 -9999 -9999 -9999 -9999 -9999 -9999 -9999 -9999 -9999 -9999 -9999
0.0825875128503331 0.0772860386009115 0.0740668370958852 0.0720028040440174 0.0675385676185828 0.065780366907433 0.071256873706144 0.0735620295241733 0.0737287609987808 0.0999918279040509 0.124120674266097 0.133300738792098 0.137703562525617 0.138218975557932 0.132459024920817 0.12742856573972 0.129649670702027 0.133017118811146 0.137506278668415 0.13767875751141 0.137164277315714 0.138097010419329 0.144143448541734 0.156204741234492 0.165579841405529 0.17409237997479 0.181715139404711 0.194666979418711 0.215174561483473 0.226931696323449 0.235373603178967 0.241799541141418 0.247172357005606 0.250734023752253 -9999 -9999 -9999 -9999 -9999 -9999 -9999 -9999 -9999 -9999 -9999 -9999 -9999 -9999 -9999 -9999 -9999 -9999 -9999 -9999 -9999 -9999 -9999
0.0821508408556318 0.0781784441707599 0.0743329639441046 0.0705578923078288 0.0679309362418497 0.0669193335816164 0.0699576284854456 0.0705603774089489 0.0695208512119818 0.0915885772561068 0.114001338636831 0.130520981086763 0.138019329838988 0.13817673113167 0.131441374788114 0.125587998499573 0.128049625931508 0.130346002084996 0.132480677703225 0.131441382311475 0.130408414365833 0.133542894115838 0.140424611145702 0.15171391273434 0.161580631007217 0.170272004893758 0.17169195045508 0.179275061419422 0.195596506748702 0.207693566684022 0.218165458664866 0.227191294905164 0.232202261903587 0.230308495921421 -9999 -9999 -9999 -9999 -9999 -9999 -9999 -9999 -9999 -9999 -9999 -9999 -9999 -9999 -9999 -9999 -9999 -9999 -9999 -9999 -9999 -9999 -9999
0.0813879785427029 0.0789122413464732 0.0757616311376806 0.0722366261642737 0.0711948932574065 0.0701034907238663 0.0686252301572958 0.0678125655286304 0.0674487085422503 0.0878392972798112 0.109520915594655 0.129133380849476 0.137671875531833 0.137199086592904 0.132091271524381 0.127318522361404 0.127018384563314 0.126903212723294 0.126969032490154 0.123650258299701 0.121548895368632 0.131237726336422 0.140315551909618 0.148674699229634 0.159153317829004 0.168675501193391 0.163407121434721 0.163887682656592 0.172519277519012 0.185105486495033 0.1991161508238 0.212625143417376 0.223035364953061 0.228116350233787 -9999 -9999 -9999 -9999 -9999 -9999 -9999 -9999 -9999 -9999 -9999 -9999 -9999 -9999 -9999 -9999 -9999 -9999 -9999 -9999 -9999 -9999 -9999
0.0804403013095375 0.0787482701491543 0.0737941328736529 0.0670302989168772 0.068186204523876 0.0681916656836471 0.0644027425591688 0.0652346724115752 0.0691824177487184 0.0875125424756578 0.102599222535022 0.102654474880603 0.120121340160033 0.119575660390128 0.122289555377949 0.124891848279415 0.124886601488212 0.125577805928167 0.126950496998174 0.126535608725514 0.127298984873997 0.13753744188224 0.145707317224396 0.151444080401752 0.152121848013399 0.151132504157094 0.148064051592693 0.150534584691514 0.160858470021339 0.173690881665827 0.187737346325686 0.207408706997066 -9999 -9999 -9999 -9999 -9999 -9999 -9999 -9999 -9999 -9999 -9999 -9999 -9999 -9999 -9999 -9999 -9999 -9999 -9999 -9999 -9999 -9999 -9999 -9999 -9999
0.0784996007699192 0.0774040116022758 0.0713809633766028 0.062624341812189 0.0653385882288602 0.0660881574296947 0.0605717998349466 0.0627376196166612 0.0700834889143019 0.0865581718210161 0.0987488426510334 0.0940864457353314 0.0957969923035938 0.102693429592863 0.112519705601746 0.121150434548613 0.122688354744264 0.124722164936836 0.127241209971071 0.129709104738471 0.133208536436653 0.143033780726408 0.150202504717646 0.15424656993407 0.145088965638575 0.133367572391602 0.133129020190369 0.138281270172017 0.151076773074667 0.164207441079305 0.176671751063409 0.174027373338489 -9999 -9999 -9999 -9999 -9999 -9999 -9999 -9999 -9999 -9999 -9999 -9999 -9999 -9999 -9999 -9999 -9999 -9999 -9999 -9999 -9999 -9999 -9999 -9999 -9999
0.0728108110554402 0.0719371380222147 0.0689092090330374 0.0646861779483049 0.0661873815406115 0.0657408418800007 0.0596706429710421 0.0604698002633057 0.0659009262697894 0.0815005461355277 0.0938785120081964 0.092578089963554 0.0954268893454111 0.101652057739362 0.107994609286187 0.114363871667685 0.120772479430723 0.12464488716064 0.126035590018223 0.128764704595555 0.132575408889844 0.141207945180085 0.148536309349343 0.154330677010473 0.140306782845894 0.122558933313087 0.123230038390197 0.129282451455259 0.142964656266036 0.156713850788849 0.169879091326179 0.171396054908978 -9999 -9999 -9999 -9999 -9999 -9999 -9999 -9999 -9999 -9999 -9999 -9999 -9999 -9999 -9999 -9999 -9999 -9999 -9999 -9999 -9999 -9999 -9999 -9999 -9999
0.0701011654787522 0.0695530931847635 0.0686549140357303 0.0675625084601779 0.0669963336515302 0.065100544849726 0.0597180004769786 0.0596972144752817 0.0632918323484771 0.0750620815693346 0.0857609798473093 0.090453284393344 0.096063217769024 0.102419858352286 0.108073365599829 0.113666763264718 0.119457613125975 0.12382760251057 0.126807261352703 0.13008745312415 0.133490387259495 0.137247144152559 0.140764405092785 0.14399996552013 0.131514870072386 0.116236453246463 0.117089296610943 0.12297974110102 0.13601265867986 0.151236799043263 0.166468983800981 -9999 -9999 -9999 -9999 -9999 -9999 -9999 -9999 -9999 -9999 -9999 -9999 -9999 -9999 -9999 -9999 -9999 -9999 -9999 -9999 -9999 -9999 -9999 -9999 -9999 -9999
0.0701026433350338 0.0699745283299354 0.0704185831641052 0.0711800568138217 0.0677690289020289 0.064193624614702 0.0606285386199188 0.0602853425598462 0.0621146489790576 0.0673670062204857 0.0746883828355863 0.0877674883451709 0.0976154332986853 0.104834068014635 0.112341785846356 0.118511267474508 0.118689685650569 0.122336886202437 0.129378335634789 0.133473384770136 0.135814195156253 0.131343451248389 0.127436096152126 0.124191411615836 0.119073965370959 0.113996531880802 0.114368682262983 0.119130581908248 0.130116409410501 0.14759486659692 -9999 -9999 -9999 -9999 -9999 -9999 -9999 -9999 -9999 -9999 -9999 -9999 -9999 -9999 -9999 -9999 -9999 -9999 -9999 -9999 -9999 -9999 -9999 -9999 -9999 -9999 -9999
0.0709425628481043 0.0710868831940081 0.0713948350502136 0.0717935636594416 0.069242046040753 0.0666217892314168 0.064131397669888 0.0626365896607232 0.0618130981085683 0.0651187789104627 0.0715334035176513 0.0869081559665638 0.0958415002657678 0.0995332417109934 0.105261401802338 0.110713572978762 0.113642296447453 0.117217349099903 0.121424843304091 0.126676077677 0.131960370448772 0.136087445611607 0.136152652968612 0.131440200283378 0.127031052517445 0.123123244214959 0.123138815013968 0.125335379765743 0.130624227972679 -9999 -9999 -9999 -9999 -9999 -9999 -9999 -9999 -9999 -9999 -9999 -9999 -9999 -9999 -9999 -9999 -9999 -9999 -9999 -9999 -9999 -9999 -9999 -9999 -9999 -9999 -9999 -9999
0.0809734559974917 0.0747106553188207 0.0722458855930117 0.0718881239681708 0.0707104555349992 0.0693632605307818 0.0676638905075326 0.0652760775114685 0.0624240512444379 0.0644605360702342 0.0663963978043978 0.0665150283994896 -9999 0.0938623113291943 0.097515713230347 0.101962761855366 0.107470940004409 0.110793885238481 0.111978551511331 0.117890511110548 0.125870490919168 0.140249238817602 0.145600199685608 0.140332474907762 0.135833249357925 0.131974739415736 0.132099041073568 0.132171932357343 -9999 -9999 -9999 -9999 -9999 -9999 -9999 -9999 -9999 -9999 -9999 -9999 -9999 -9999 -9999 -9999 -9999 -9999 -9999 -9999 -9999 -9999 -9999 -9999 -9999 -9999 -9999 -9999 -9999
0.138567955253379 0.0908733501815943 0.0732181740502335 0.0722277699840481 0.071460451722692 0.0704487318511421 0.0687829365104856 0.0676856984442618 0.066971835388777 0.0667754248145344 0.0666486126470572 0.0665931400805133 -9999 -9999 0.097515713230347 0.10072417699443 0.0996231433922117 0.101101503701065 0.105103834656232 0.108729376201909 0.114129971492031 0.130791598101281 0.137046093463683 0.131059487566947 0.128867050666507 0.128110598934142 0.13067068284688 -9999 -9999 -9999 -9999 -9999 -9999 -9999 -9999 -9999 -9999 -9999 -9999 -9999 -9999 -9999 -9999 -9999 -9999 -9999 -9999 -9999 -9999 -9999 -9999 -9999 -9999 -9999 -9999 -9999 -9999
0.17897475062674 0.128777937544728 0.0963722100344655 0.0738363234733509 0.0722513596602104 0.0714278707756252 0.070387661390983 0.0699057328448963 0.0698002499659417 0.0679851763621296 0.0673298583997995 0.0710053124411368 -9999 -9999 -9999 -9999 0.0932717005450492 0.0960385193635366 0.10151270654928 0.103943897795248 0.107997106649208 0.125851234720841 0.133190640241133 0.128162393196107 0.126434540386891 0.125725843811609 -9999 -9999 -9999 -9999 -9999 -9999 -9999 -9999 -9999 -9999 -9999 -9999 -9999 -9999 -9999 -9999 -9999 -9999 -9999 -9999 -9999 -9999 -9999 -9999 -9999 -9999 -9999 -9999 -9999 -9999 -9999
0.200584049955166 0.190460752708286 0.143785525458147 0.0768326297059015 0.0730870111225645 0.072290718262659 0.0725235536014593 0.0719184241290341 0.0707482596408787 0.0679862840893427 0.0667127457598426 0.0708141908355257 0.0726543111784195 -9999 -9999 -9999 -9999 0.0960385193635366 0.10151270654928 0.103943897795248 0.107997106649208 0.125851234720841 0.134473913620807 0.132238354895187 0.128960341617194 -9999 -9999 -9999 -9999 -9999 -9999 -9999 -9999 -9999 -9999 -9999 -9999 -9999 -9999 -9999 -9999 -9999 -9999 -9999 -9999 -9999 -9999 -9999 -9999 -9999 -9999 -9999 -9999 -9999 -9999 -9999 -9999
0.206059656927 0.200238640165459 0.173886975879816 0.136145662276334 0.101359247564063 0.0763191383831977 0.0761280114024205 0.0745464813319766 0.072027410184489 0.070003023038217 0.0691812102153603 0.0721605520373549 0.0797231649186054 0.0910153484319913 -9999 -9999 -9999 -9999 -9999 -9999 -9999 -9999 -9999 0.132700862349866 0.132700862349866 -9999 -9999 -9999 -9999 -9999 -9999 -9999 -9999 -9999 -9999 -9999 -9999 -9999 -9999 -9999 -9999 -9999 -9999 -9999 -9999 -9999 -9999 -9999 -9999 -9999 -9999 -9999 -9999 -9999 -9999 -9999 -9999
0.205807466617104 0.197237993284568 0.196786978193621 0.200839785608256 0.137171238265275 0.087676124517959 0.0818186150081263 0.0772515084213806 0.0735545133550441 0.0725546064289747 0.0723506082354017 0.0739417377018617 0.0802543801210713 0.0904090855167352 0.0892395162111878 -9999 -9999 -9999 -9999 -9999 -9999 -9999 -9999 -9999 -9999 -9999 -9999 -9999 -9999 -9999 -9999 -9999 -9999 -9999 -9999 -9999 -9999 -9999 -9999 -9999 -9999 -9999 -9999 -9999 -9999 -9999 -9999 -9999 -9999 -9999 -9999 -9999 -9999 -9999 -9999 -9999 -9999
