layers/veg/veg_1200.asc
NCOLS 255 
NROWS 330 
XLLCORNER -2985163.8955 
YLLCORNER -3022031.214 
CELLSIZE 25000 
NODATA_value -9999 
[rows 225 to 249 of 330, columns 57 to 113 of 255]
-9999 -9999 -9999 -9999 -9999 -9999 -9999 -9999 -9999 -9999 -9999 -9999 -9999 -9999 -9999 -9999 -9999 -9999 0.241169824555832 0.239684928243298 0.220959105243507 0.191721064050895 0.154695188816892 0.116674176015192 0.0772344586224753 0.0484432534939271 0.0275128366409474 0.0342462563256819 0.0425103816878796 0.0441610856433463 0.0423486979202147 0.0374577105230319 0.0399513559566612 0.0460826170531643 0.0638560767918242 0.0741295374045977 0.0763901309122964 0.0776522644732421 0.0791014320265556 0.0837500094022877 0.0879608295068132 0.0916089363141618 0.0953150556467354 0.100325139435998 0.121510556980223 0.130599747496045 0.12089853831036 0.120502406979482 0.123736574161089 0.120767701695473 0.121223693071588 0.128161432984402 0.132405753108206 0.135285562375227 0.157136702054757 0.173127851568467 0.174609662711483
-9999 -9999 -9999 -9999 -9999 -9999 -9999 -9999 -9999 -9999 -9999 -9999 -9999 -9999 -9999 -9999 -9999 -9999 0.242004327771196 0.243271778070633 0.234576364950666 0.219806348302139 0.171005195982224 0.121911866686692 0.0783291392639146 0.0518394760345357 0.0379680035224778 0.0425281836974833 0.0478674522802814 0.0479019744973203 0.0447710893638542 0.0388262382884158 0.0370904716097772 0.0398167987246933 0.0612286467836895 0.0735245278174865 0.0760810700752227 0.0770330089884669 0.0780121853882918 0.0821194956135817 0.0856318030067326 0.0883792664383434 0.092168134970056 0.0968592292719829 0.108665652401244 0.118743931100415 0.126137693007112 0.123563507806533 0.117228966813517 0.122053861663462 0.125656357887073 0.126945395569366 0.130359587778635 0.134850402516715 0.145251949722171 0.153354838598444 0.155832648496034
-9999 -9999 -9999 -9999 -9999 -9999 -9999 -9999 -9999 -9999 -9999 -9999 -9999 -9999 -9999 -9999 -9999 -9999 0.246678459325214 0.246486931631053 0.241893978196866 0.23461736694208 0.180261713718589 0.127630847701522 0.0887694439762754 0.0624625829450182 0.0454235519698073 0.0483112283808927 0.0515024484822955 0.0469484641805874 0.043307988856162 0.0404795995810565 0.0401182132224095 0.0432987450952841 0.0621053797494224 0.0731130318186121 0.0757883881156206 0.0767845841474796 0.0777115953178249 0.0811924678498174 0.0839928233808894 0.0859184111112631 0.0894036559962272 0.0936082182089062 0.100516041440851 0.109647181753107 0.122232044991043 0.122368557287267 0.117642526112275 0.121006927950708 0.124004446957958 0.126307619455669 0.129508908175899 0.133165190707818 0.137356742272575 0.141962181158931 0.147511078112498
-9999 -9999 -9999 -9999 -9999 -9999 -9999 -9999 -9999 -9999 -9999 -9999 -9999 -9999 -9999 -9999 -9999 -9999 0.246940659154057 0.24761391519864 0.245342509092241 0.241275669851836 0.185186157959959 0.133645424982671 0.104949592880583 0.0775242581053583 0.0510368112006063 0.0525595229848556 0.0540797904695928 0.0431117734994204 0.0394585181884393 0.0423078983690092 0.0467625988660644 0.0527675201856888 0.0651342803329147 0.0728203869351984 0.0755057656452524 0.076763914039701 0.0778953780175185 0.080697503278809 0.0827776529638488 0.083929742091782 0.0868740629722511 0.0904891926983209 0.0952501601919897 0.102244981090008 0.112709892144548 0.118559648468865 0.122306889624317 0.118527067542952 0.118615544632329 0.126024996700026 0.129392465447411 0.130712228840433 0.13191181164252 0.135716524567433 0.145610974941575
-9999 -9999 -9999 -9999 -9999 -9999 -9999 -9999 -9999 -9999 -9999 -9999 -9999 -9999 -9999 -9999 -9999 0.276101976321547 0.27307093680667 0.263074005475635 0.255784175051963 0.250144930813385 0.196677143953495 0.148614819792111 0.125087400572592 0.0967965176564552 0.0649892205550748 0.0624089033331999 0.0606594958444404 0.0489891360718294 0.0455813842307059 0.0495188789049691 0.0549630657214252 0.061102455558271 0.0693802136652308 0.0746454121540472 0.0766920449522382 0.0779614020741901 0.0790732971569358 0.0804433322025164 0.0819747052513184 0.0837134695777167 0.0859116753191737 0.088484324798558 0.0938991088423566 0.10002499100343 0.107255500071656 0.113378840037298 0.118733102938873 0.112986592101944 0.111952097250747 0.119835359172323 0.124458251856243 0.127429411958389 0.130942610589772 0.13416963558516 0.136704767164207
-9999 -9999 -9999 -9999 -9999 -9999 -9999 -9999 -9999 -9999 -9999 -9999 -9999 -9999 -9999 -9999 -9999 0.283706918354465 0.27856468631905 0.273817577561613 0.267388199300622 0.259933099835588 0.209671016596097 0.164909534186647 0.144020012520472 0.113607392731164 0.0761647713588821 0.0725880091100375 0.0703637108851104 0.0580977843294892 0.0547488047142208 0.0593267622094399 0.0644082133481748 0.0694913013833944 0.0741253276864848 0.0772233487630866 0.0786803288814205 0.0797402693614763 0.0805967413759673 0.0806787319115202 0.0816484698970451 0.0837593592180061 0.0849975135925539 0.0863029216619744 0.09200802014217 0.0973447451785697 0.102109235233591 0.108158100462876 0.11441509123096 0.109527862255421 0.108490212260832 0.114738108226536 0.119901208682611 0.124514741909575 0.129469962711854 0.132420100366336 0.130672359731789
-9999 -9999 -9999 -9999 -9999 -9999 -9999 -9999 -9999 -9999 -9999 -9999 -9999 -9999 -9999 -9999 -9999 0.292649811683037 0.293716849306871 0.28858724893472 0.281020925924022 0.271968873026732 0.225768295869949 0.183326947899741 0.158673998891 0.122431431455869 0.0776333461808396 0.082640602611397 0.0883925380411809 0.0747336433491686 0.0708493869778731 0.0756545333544443 0.0771769893250463 0.0782572181240804 0.0800883143506953 0.0815834648551522 0.0827196968609549 0.0829762254644311 0.0829337337590854 0.0822934635874386 0.0826308434022201 0.0842249394009083 0.0839196917913321 0.0833910758694232 0.0877841440831236 0.0923181547028588 0.0970711066617459 0.103087281072047 0.109527960513678 0.112726959783444 0.114601436909233 0.113969180960282 0.117377768345166 0.122833483556939 0.12566226147338 0.129168424460647 0.134370613434451
-9999 -9999 -9999 -9999 -9999 -9999 -9999 -9999 -9999 -9999 -9999 -9999 -9999 -9999 -9999 -9999 -9999 0.301798177021277 0.300772145888358 0.297396441740479 0.28763555027974 0.273981452644392 0.223083265061353 0.17897983914619 0.161445735358257 0.130296502624032 0.0890965094327348 0.0980655885233665 0.107253426120255 0.0949060415382898 0.0880626638874976 0.0861122072208659 0.0865461106594793 0.0872909034710531 0.0874382537739279 0.0876452685729474 0.0879160278698626 0.0877698540416363 0.0873478963511186 0.0856550392002372 0.0846852614499699 0.0846449631633305 0.0844524746772138 0.0844384283044927 0.0872898565711367 0.0906096663982575 0.0946570648125888 0.100074354640465 0.106053968304379 0.112099161711746 0.114970380865668 0.111834674219469 0.114939147040028 0.121204951289652 0.123951827494559 0.127351387370994 0.132427966266176
-9999 -9999 -9999 -9999 -9999 -9999 -9999 -9999 -9999 -9999 -9999 -9999 -9999 -9999 -9999 -9999 -9999 0.301811542721713 0.301808272514286 0.301774644615951 0.289032952540547 0.268542840333152 0.206435558957066 0.157709698344503 0.155384266727026 0.137448682111017 0.107989599693008 0.117484384060516 0.1267328641244 0.117707485242934 0.106103112427063 0.0922060801546442 0.0933879457505539 0.0965236466595559 0.0958192469354751 0.0949720983534826 0.0939724394033354 0.0937214485388759 0.0933062168786589 0.0903152098514439 0.08753663204428 0.085031120510812 0.0861825730251994 0.0884290288832083 0.089568126515636 0.0913678386380602 0.0941937558975487 0.0985912555334841 0.103630496188091 0.108626468607708 0.111070542100132 0.108685002533021 0.112563579778923 0.11961561533028 0.123800491498162 0.126600853595736 0.126291901627399
-9999 -9999 -9999 -9999 -9999 -9999 -9999 -9999 -9999 -9999 -9999 -9999 -9999 -9999 -9999 -9999 0.328789548460189 0.316901723536621 0.307506969319197 0.304253023171559 0.28843278735132 0.264950574810872 0.209820836235214 0.165019217112789 0.155942185757885 0.149414170278392 0.144767851848269 0.136669183954971 0.128627507348449 0.122336579962703 0.114887961312652 0.106410184823389 0.104955372148933 0.104717427013646 0.104238954215024 0.103620292041629 0.102851854006831 0.100808871793492 0.0983475895157037 0.0951302128124891 0.0922105578258382 0.0896736080043285 0.0891229855792344 0.0891726330930431 0.088690085917615 0.0892222610626833 0.0913307159802291 0.095140743397904 0.0996242669846564 0.103312066468449 0.106234188235924 0.107707221617212 0.10853843455698 0.109044495448733 0.117980443621171 0.124981864408585 0.127099412874091
-9999 -9999 -9999 -9999 -9999 -9999 -9999 -9999 -9999 -9999 -9999 -9999 -9999 -9999 -9999 0.329380998644904 0.329005083655128 0.320618729432226 0.312831253149808 0.30669723695967 0.287940307640426 0.261486876883107 0.21339878038298 0.172442302919566 0.156113110659636 0.157903720558831 0.173070464591558 0.153177055967068 0.132842964476599 0.126484671410103 0.120662049316216 0.11531562497703 0.113689849668828 0.112780170242092 0.112103333297461 0.111381987336216 0.110613088724745 0.107025012004648 0.102868569751631 0.0996686523705859 0.0968471854899891 0.0945121962602113 0.0921908205106229 0.0899008804661889 0.0879511602917787 0.0873004036396896 0.088667469877728 0.0918587379331635 0.0957599670792127 0.0983841648914306 0.101696349004292 0.106310586104818 0.105015570151707 0.100726873087294 0.111192509329736 0.120391043154414 0.125990248166124
-9999 -9999 -9999 -9999 -9999 -9999 -9999 -9999 -9999 -9999 -9999 -9999 -9999 -9999 -9999 0.329778232311189 0.32999774286043 0.321823614994312 0.31460744725049 0.309883234223989 0.288769162760833 0.257661790406088 0.208523084556933 0.167197095584703 0.151791818181467 0.151083667340776 0.161225013340705 0.15970040430968 0.153865767516406 0.137146780687791 0.119327183681895 0.100529172459021 0.109578923855016 0.120825014072287 0.117856440111204 0.115196166510405 0.112865275590047 0.109436016632054 0.105847907623001 0.103093524718613 0.100508029785759 0.0981396312064477 0.0951844070304301 0.0920591475235225 0.0891830414821046 0.0875525719148054 0.0878570864691255 0.090113539062824 0.0931560138286714 0.0957572821118367 0.0987130316064493 0.102339656843796 0.104142161806192 0.105020550918022 0.103353387656857 0.104994675693235 0.114473561507204
-9999 -9999 -9999 -9999 -9999 -9999 -9999 -9999 -9999 -9999 -9999 -9999 -9999 -9999 -9999 0.337322237982555 0.335542368058725 0.327696230916932 0.319687825700533 0.311516365516609 0.287046371771762 0.252638760164292 0.209229583743605 0.17120789981763 0.150419727490531 0.148186903049176 0.159651734908615 0.170427216110823 0.173046725066108 0.145541369194934 0.125936845334059 0.113355958474179 0.120657230826744 0.12912355863844 0.125408102504047 0.121719634016421 0.118059998655758 0.114122470003305 0.110256742479287 0.107426936087271 0.104729316109354 0.102201614617806 0.0987581660457735 0.0949934745961545 0.0909140258970112 0.0881836603419607 0.0875489739973402 0.0891507366620922 0.0916554102426069 0.0937360245327008 0.0960964155396346 0.0989862998078431 0.102670749602416 0.106757733488249 0.101279530150324 0.100372303346451 0.110555860356305
-9999 -9999 -9999 -9999 -9999 -9999 -9999 -9999 -9999 -9999 -9999 -9999 -9999 -9999 -9999 0.34111216684474 0.345013135749881 0.33774695542918 0.327725795944758 0.311759518778418 0.283039589698322 0.246543444518903 0.214932733364249 0.183503805898783 0.151687481942315 0.148801894128412 0.167273129298908 0.184916568895645 0.190579037585234 0.151906288617358 0.139657692751546 0.150899491214545 0.145331495377281 0.137649191991269 0.134569660913485 0.130668198941666 0.125888600464374 0.120845688827484 0.115945127174615 0.112573585238086 0.109452256870885 0.106652564514908 0.102851240338529 0.0986224568364031 0.0930917600829334 0.0891539220759987 0.0876904467315 0.088888261220647 0.0911424204119324 0.0922568650733542 0.0938080356524314 0.096185734732645 0.100664061180041 0.106206584474981 0.104366189184882 0.105393787447048 0.113440048811534
-9999 -9999 -9999 -9999 -9999 -9999 -9999 -9999 -9999 -9999 -9999 -9999 -9999 -9999 -9999 0.353536376353883 0.35355963361378 0.345274392171267 0.334581567734857 0.318643109315986 0.292745525475727 0.260775617256483 0.226461230571121 0.194342355242194 0.168999303258832 0.164868502097692 0.176396697087857 0.186664774407709 0.191512237134247 0.176695432961018 0.166621832259751 0.160764817781996 0.153658077440628 0.146735849879463 0.141879494120176 0.136523617421433 0.130634061339949 0.125898562939516 0.121516970910217 0.117636935688279 0.113776680223366 0.109941850566369 0.105845150984179 0.101535127508478 0.0956064120982956 0.0913923908906679 0.0898419927579222 0.0899033639719823 0.090613478363844 0.0909488423846089 0.092021637826863 0.0944900639446827 0.0989172633164127 0.104336794957268 0.106891422289602 0.108863873209435 0.109600846959428
-9999 -9999 -9999 -9999 -9999 -9999 -9999 -9999 -9999 -9999 -9999 -9999 -9999 -9999 -9999 -9999 0.360496417828589 0.354243351109435 0.345329331349961 0.330516276918127 0.307709480036853 0.280028701244395 0.239525038708029 0.204580016146056 0.188076071006376 0.18189970363902 0.183347209001835 0.186588657192732 0.191395374075528 0.201243260186498 0.194201969663003 0.172146634318463 0.163101073056578 0.156403444357671 0.149733067188904 0.142988431015581 0.136164457828363 0.131558004283133 0.127467531201487 0.123132322502335 0.118607385499531 0.113838563023343 0.109177502169077 0.104454695031585 0.0985160177058305 0.0942232125213403 0.0924871215353612 0.0912862932342493 0.0903203228278785 0.0899116168088419 0.0905162248971569 0.0930385872484339 0.0971912820863304 0.102169918126276 0.108749435209418 0.111529095561132 0.10536440495776
-9999 -9999 -9999 -9999 -9999 -9999 -9999 -9999 -9999 -9999 -9999 -9999 -9999 -9999 -9999 -9999 -9999 0.372926466392725 0.377057595036784 0.361686237043331 0.336750807115268 0.305983926661822 0.255002111355336 0.213106646722025 0.201216371185363 0.189458628301649 0.177798721725823 0.189067809771493 0.201383573240489 0.20738935653742 0.212587228937786 0.217066889274002 0.193480374328646 0.168515437000342 0.162089445641169 0.155448248459893 0.148577129164788 0.141872124697956 0.135461035658397 0.130912013228064 0.126395359251471 0.121920313171599 0.115262769554565 0.108077005773738 0.103128930815922 0.0988977325743351 0.0957801377731468 0.0933573921221363 0.091246341800105 0.0900980421848497 0.0899781900534332 0.0918047329559509 0.0953294374904492 0.0997144460862989 0.107722719819148 0.111529095561132 0.10536440495776
-9999 -9999 -9999 -9999 -9999 -9999 -9999 -9999 -9999 -9999 -9999 -9999 -9999 -9999 -9999 -9999 -9999 0.403391967109619 0.397465130594394 0.381920717436669 0.356078685316947 0.323957940958684 0.269056293488542 0.223743860074869 0.210367399713365 0.196346755320869 0.181850570857374 0.200302106882766 0.21898708140713 0.223864113268428 0.235107200796159 0.252009548522167 0.2179831123259 0.180973268835213 0.175172090456448 0.168892512066251 0.162101819521194 0.154455386763057 0.146801389579559 0.140652908175605 0.135099523877992 0.130311104726305 0.122446966870351 0.113844767905242 0.10847587882283 0.103585492665986 0.0994384177258236 0.0960297646909306 0.0929566233181306 0.0910565719025993 0.0901514357463103 0.0911292329922664 0.094167746018203 0.0982502363201662 0.10090125452039 -9999 -9999
-9999 -9999 -9999 -9999 -9999 -9999 -9999 -9999 -9999 -9999 -9999 -9999 -9999 -9999 -9999 -9999 -9999 0.408169267391013 0.405694561457104 0.390391518361372 0.364957465543718 0.333346286250076 0.281579822341117 0.236651501418796 0.215227028671693 0.202513281764815 0.196229838909607 0.220954620341871 0.244782644823922 0.251449772587245 0.262075028141526 0.27621895777608 0.236164224894998 0.193803132030801 0.189036005496065 0.183395778970899 0.176822747777981 0.16947964416602 0.161742066970073 0.152503539358194 0.14478926719378 0.139034342971706 0.130813321693214 0.121920467418435 0.114612453938625 0.108287495532047 0.103489624680229 0.0993489484676966 0.0955105635904359 0.0928456813676758 0.091089830883932 0.0910543743826845 0.0937592338419143 0.0978523621830847 0.100735700717929 0.102738893997731 -9999
-9999 -9999 -9999 -9999 -9999 -9999 -9999 -9999 -9999 -9999 -9999 -9999 -9999 -9999 -9999 -9999 -9999 0.430198661198623 0.423651955369304 0.403316189496435 0.378732313784976 0.35155826073906 0.303185534224045 0.261633321508692 0.243728879085721 0.235610407669357 0.234715991993874 0.252216759687567 0.26837396277064 0.271322514470743 0.279392919703845 0.292016521352357 0.270304924485029 0.242356724039435 0.214134948989603 0.194606902536969 0.18436708275312 0.178197705700582 0.172566052811442 0.163469308695606 0.155329449718874 0.148419614837825 0.140977279272267 0.133184158115812 0.123144113497113 0.114728336681312 0.108835713669344 0.103719270593354 0.0989477582946812 0.0951376277304765 0.0919883718121195 0.0900898585412428 0.0914262936638173 0.0944015829382793 0.0992906616732548 0.102738893997731 -9999
-9999 -9999 -9999 -9999 -9999 -9999 -9999 -9999 -9999 -9999 -9999 -9999 -9999 -9999 -9999 -9999 -9999 0.447141577078624 0.441335830706757 0.416587398900919 0.392636439488747 0.369171718662067 0.324834222247328 0.287907346269031 0.276270931261967 0.273145260193452 0.276302265475287 0.284248621328691 0.290598999550413 0.288860618487871 0.293648408891821 0.304237798333334 0.304257304092209 0.293815899182906 0.240205987031536 0.205511585683018 0.191026183261542 0.185786380780117 0.182213299220238 0.174050176575688 0.165961053002086 0.157967051232139 0.151428027967924 0.144886859023676 0.132394900047267 0.121968231668813 0.114749806302351 0.108533262876409 0.102748441751694 0.0977301465587216 0.0931169577644796 0.089270455743354 0.0889246073386636 0.0903522217580569 0.0891722129320502 -9999 -9999
-9999 -9999 -9999 -9999 -9999 -9999 -9999 -9999 -9999 -9999 -9999 -9999 -9999 -9999 -9999 -9999 -9999 0.44382209128499 0.438735939072621 0.424104497591436 0.398330651890841 0.365763007546369 0.329779648955988 0.301223829782534 0.294747846913233 0.293427441646272 0.295912911131097 0.30215591325361 0.306725127777781 0.303374952847019 0.303061583981591 0.305447857814238 0.306882358910285 0.300066286853833 0.252495492449797 0.220292913946373 0.204509466910399 0.196739387018049 0.19076594021083 0.183407575969777 0.175683029927541 0.167487776983871 0.160656596906205 0.153900854007259 0.142540881048129 0.131931994853088 0.122489854327969 0.114699096564989 0.107615265736953 0.101630794944506 0.0960428600898324 0.0912053919261552 0.0887667782041333 0.0875434458663337 0.0879828038344109 -9999 -9999
-9999 -9999 -9999 -9999 -9999 -9999 -9999 -9999 -9999 -9999 -9999 -9999 -9999 -9999 -9999 -9999 -9999 0.470866696350132 0.451397748565335 0.443090377754704 0.419469567657053 0.386511775969738 0.348885251146634 0.318495371028443 0.309868201176076 0.310634602540837 0.318335388039031 0.322383229605359 0.324013329672137 0.318249697164833 0.315411511788158 0.315173973872959 0.317827321490552 0.313428483304827 0.270829817457714 0.240780257916125 0.22413794275228 0.211955528698976 0.20130226457318 0.193776719553917 0.185838203258727 0.177368834722806 0.169954584411042 0.16267078921974 0.152733087362603 0.142010714666847 0.130069426464863 0.12105899240798 0.113266552908709 0.106138172020331 0.0996276137961418 0.0942863199090476 0.0904359161040372 0.0873408107161445 0.0880305158984871 -9999 -9999
-9999 -9999 -9999 -9999 -9999 -9999 -9999 -9999 -9999 -9999 -9999 -9999 -9999 -9999 -9999 -9999 0.494831578948545 0.489602859777583 0.48381470362688 0.476921748968289 0.460600511879958 0.438530618476172 0.38632015526776 0.340886442567035 0.320643734485616 0.32386137630486 0.344397572947994 0.345613646325429 0.342805750150141 0.33359096557054 0.331562849210714 0.335923496560393 0.339541790536393 0.33599639126466 0.296988715227106 0.268653618029227 0.251720916281712 0.232689984528241 0.214406320635018 0.205455491310351 0.196554117360811 0.18771631562133 0.179342429126166 0.17112480707376 0.162985128933436 0.152238237351967 0.137441274409304 0.127670087385191 0.119933269770367 0.11143091459984 0.104065201982097 0.0988506496859679 0.0944699279727545 0.0905116323840345 0.0893439741965358 -9999 -9999
-9999 -9999 -9999 -9999 -9999 -9999 -9999 -9999 -9999 -9999 -9999 -9999 -9999 -9999 -9999 0.521904796642923 0.520165902403525 0.517215477354121 0.512713369060723 0.504687118295783 0.481110234626331 0.448051746569017 0.408739138362102 0.371930073149378 0.343516050050141 0.341378297340663 0.358637826906993 0.363123105371322 0.36332913760767 0.353259444626406 0.353278421402736 0.362265966819417 0.365507431892378 0.364550489741235 0.347634207801018 0.320022565371263 0.280984187977265 0.25450853033681 0.232694123369336 0.222297059307926 0.212250764084815 0.20265536323292 0.191510776478043 0.179851539968557 0.16802232908194 0.154755577606749 0.139255736244687 0.132589859720814 0.129379335790895 0.120590788795254 0.112961389363696 0.107525742260555 0.0999830902410772 0.0913730104499003 -9999 -9999 -9999
