layers/veg/veg_5000.asc
NCOLS 255 
NROWS 330 
XLLCORNER -2985163.8955 
YLLCORNER -3022031.214 
CELLSIZE 25000 
NODATA_value -9999 
[rows 150 to 174 of 330, columns 57 to 113 of 255]
-9999 -9999 -9999 -9999 -9999 -9999 -9999 -9999 -9999 -9999 -9999 -9999 -9999 -9999 -9999 -9999 -9999 -9999 -9999 -9999 0.432084511444462 0.432567135944637 0.365177984178595 0.289431955102222 0.202233573513445 0.117265804273041 0.0339446849082647 0.056397761190572 0.0870098105638121 0.100940227927206 0.105202314514736 0.100869503034988 0.0979903226057916 0.0896543875945543 0.0524720674048328 0.0238749560390769 0.004450130725771 0.025118910852138 0.0560130048787095 0.0890839746078006 0.113372003535529 0.126370037065526 0.139542000694218 0.154562226386846 0.192136298383413 0.229133723831332 0.265235380779687 0.28187201829594 0.290920546434602 0.313155930795709 0.325801335284869 0.32029716044051 0.315073321821327 0.309991504072549 0.299474831353457 0.294976087909688 0.304768490148392
-9999 -9999 -9999 -9999 -9999 -9999 -9999 -9999 -9999 -9999 -9999 -9999 -9999 -9999 -9999 -9999 -9999 -9999 -9999 -9999 -9999 0.436358110036524 0.388073836152823 0.331417166252895 0.259606095090819 0.161198024726325 0.0431559083740937 0.062411351941187 0.0930563353438788 0.105029367444289 0.105795028818924 0.0965976250871479 0.0954686765896727 0.0885608940624301 0.0451738408252079 0.0162200353184629 0.00268645773678031 0.027067092879864 0.0589532119289646 0.076956697003518 0.0933261501655922 0.107595143676524 0.133082907279092 0.162002229531235 0.18843471099831 0.214170796427376 0.238825093305846 0.251848311289092 0.260741293666737 0.291699289573078 0.310044115129886 0.304517802377462 0.302370582246199 0.301935241037953 0.302620708560949 0.303295568653365 0.303897044845914
-9999 -9999 -9999 -9999 -9999 -9999 -9999 -9999 -9999 -9999 -9999 -9999 -9999 -9999 -9999 -9999 -9999 -9999 -9999 -9999 -9999 -9999 0.387366750695137 0.337207490092008 0.292824034271485 0.19186320765517 0.0491366656054792 0.068117626026842 0.10095674598815 0.1134597705963 0.105985359919938 0.0807515216964036 0.0855422818833759 0.0896065128593469 0.0627347567537155 0.0348117918296627 0.00576573389982272 0.0194614220171254 0.0450089835003721 0.0798841409212756 0.100097008437943 0.10146229525438 0.142174327379716 0.192268784803338 0.200253273324644 0.214343128025713 0.237917119439198 0.250598759541261 0.259602483452237 0.295941875018378 0.316426620265392 0.306905550587227 0.30609879645141 0.309706793486385 0.309226406062674 0.309299368171862 0.310842042333399
-9999 -9999 -9999 -9999 -9999 -9999 -9999 -9999 -9999 -9999 -9999 -9999 -9999 -9999 -9999 -9999 -9999 -9999 -9999 -9999 -9999 -9999 0.369314468675383 0.357543860839451 0.3226058905146 0.217021015953031 0.0592842216911018 0.0689930796049605 0.0956162513523603 0.110750132515931 0.107781584546283 0.0887204414040984 0.0892047847174519 0.0889448830284243 0.0671777149082077 0.0438669321233772 0.0189069785904723 0.0278696754719743 0.0473969698125076 0.0828589598564392 0.100434502008809 0.0950179827384056 0.130753173341042 0.178247262717753 0.206192651699737 0.229116898261298 0.244241252111158 0.254559430816555 0.263520732935907 0.293884124050204 0.311744900655725 0.305943772133878 0.308515303489919 0.315328500163093 0.3158924625794 0.316627810868295 0.318034474957449
-9999 -9999 -9999 -9999 -9999 -9999 -9999 -9999 -9999 -9999 -9999 -9999 -9999 -9999 -9999 -9999 -9999 -9999 -9999 -9999 -9999 -9999 0.385701632918193 0.386559096474707 0.350337615904551 0.238892862050295 0.0719178885735968 0.0669862354188549 0.0823756015306189 0.101393814873082 0.110535961790889 0.110898538978056 0.100975071506196 0.0872646272942375 0.0637938742188508 0.0472320726418905 0.0380516732841948 0.0458325994398399 0.059529533874652 0.0858620449850034 0.0969335435679298 0.0883878358988658 0.107093239888408 0.137801362796002 0.208624228712372 0.252602582730281 0.254880404244997 0.261628769480179 0.27045626526808 0.288067292087386 0.300461737213457 0.302983506426194 0.310149183513408 0.319667506385167 0.322594532161344 0.324746598820613 0.325374539177374
-9999 -9999 -9999 -9999 -9999 -9999 -9999 -9999 -9999 -9999 -9999 -9999 -9999 -9999 -9999 -9999 -9999 -9999 -9999 -9999 -9999 -9999 0.392829154924839 0.388500382723855 0.372599379878661 0.275706193800415 0.119024148154113 0.0883321282894432 0.0784462629327536 0.0900619710719646 0.0958256681742689 0.0963870775687131 0.0922066037477283 0.0855936196422977 0.0710170866143158 0.0586277725803085 0.0485752448357721 0.0452936048745491 0.0481494038141294 0.083863704268563 0.104082394121414 0.104382314585571 0.124053946104631 0.154643539686617 0.243775380985355 0.291767460932847 0.275852625310771 0.263617165068619 0.253996759550707 0.283346965893761 0.30441118851159 0.309793718259855 0.31649649579253 0.32386812280898 0.322738745594282 0.322280455199111 0.323758237755776
-9999 -9999 -9999 -9999 -9999 -9999 -9999 -9999 -9999 -9999 -9999 -9999 -9999 -9999 -9999 -9999 -9999 -9999 -9999 -9999 -9999 -9999 0.378565021148782 0.383579120219474 0.383540104868027 0.304383767380133 0.166822602737437 0.107352929586725 0.068705792690311 0.072961242533 0.0751372086571712 0.0754645670942904 0.0793114148317831 0.0819216692339706 0.0750973279983823 0.0662257006095825 0.0551667887162921 0.0439276794241059 0.0392791536857077 0.0835090025104165 0.112330558938913 0.121345588809341 0.146695201988804 0.181835121398584 0.273690091557279 0.319550110280728 0.293961112737347 0.268968063766497 0.245909322119069 0.282215781772428 0.308292662403605 0.315009486132612 0.320769324599941 0.326044345667225 0.323334609586965 0.321742064132187 0.323105119289284
-9999 -9999 -9999 -9999 -9999 -9999 -9999 -9999 -9999 -9999 -9999 -9999 -9999 -9999 -9999 -9999 -9999 -9999 -9999 -9999 -9999 -9999 0.367584463534883 0.363850530759522 0.363558632930884 0.307712033550338 0.210854658600566 0.115967035691409 0.0410845852473493 0.0399689014598254 0.0405354677332343 0.0425975111611365 0.0582176124367299 0.0726226194088399 0.0685835360238411 0.0618156023915614 0.0521322131686748 0.0433028374618453 0.0413616300863579 0.0886041125417202 0.121904612992738 0.137283449592865 0.178575812846166 0.228630377184647 0.283460782834101 0.3127338895158 0.30230603309823 0.284614465810939 0.265236411841059 0.290993617851776 0.309458814041893 0.314123469197831 0.318428763887026 0.322552003309391 0.326286976907626 0.328377504764067 0.326644114683184
-9999 -9999 -9999 -9999 -9999 -9999 -9999 -9999 -9999 -9999 -9999 -9999 -9999 -9999 -9999 -9999 -9999 -9999 -9999 -9999 -9999 -9999 0.350748893802533 0.351484035069083 0.351173548709188 0.307144176201571 0.230841289880447 0.118641169281887 0.0279660412704462 0.0335991170484058 0.0352452716837761 0.0333471556878211 0.0471936435988154 0.0605399785883599 0.0570626543269499 0.0505696406911808 0.0408547175883127 0.0351422285452052 0.0360148480598175 0.0780945868345218 0.109779005806643 0.128100803376271 0.166960266302742 0.21262638767997 0.26034337500699 0.291574827829775 0.297197486943564 0.291551708250671 0.281963865600844 0.295838918062479 0.307702865444236 0.315760682710739 0.321209012300585 0.325335351801859 0.330034117922839 0.332570952130339 0.330033565968889
-9999 -9999 -9999 -9999 -9999 -9999 -9999 -9999 -9999 -9999 -9999 -9999 -9999 -9999 -9999 -9999 -9999 -9999 -9999 -9999 -9999 -9999 0.346793732511234 0.344440093120024 0.344280405112216 0.303759548588529 0.233443863229882 0.117020896427815 0.0253324500947251 0.0464765730282821 0.0511463668242364 0.0411709045830294 0.0434498360781277 0.0464448922421088 0.041921810025742 0.0343815725883723 0.0236178595991409 0.0215335058374471 0.0252969544344195 0.0563034183049035 0.0819652510995974 0.100756849696779 0.123898416227047 0.151220591509624 0.21344894390189 0.260046359831282 0.282362523172028 0.292192512273622 0.296811867325644 0.297841123067382 0.303834333656194 0.319222109562971 0.327691438739624 0.332655820149187 0.334355854404222 0.33499891799105 0.333314901740517
-9999 -9999 -9999 -9999 -9999 -9999 -9999 -9999 -9999 -9999 -9999 -9999 -9999 -9999 -9999 -9999 -9999 -9999 -9999 -9999 -9999 -9999 0.333760574917108 0.332393933184685 0.328211259887683 0.289221014743249 0.224535635302919 0.122656788035624 0.0385895249113778 0.0375523051687672 0.0313101305263735 0.0204408844850474 0.0285476967820368 0.0368145271086951 0.028652764024774 0.0200519255403931 0.0109819866236071 0.0162643430095973 0.026921564985933 0.0509880255347161 0.0671926062886062 0.0732911657554017 0.117441953400493 0.173305203318699 0.221654507591525 0.253606091685101 0.260085293717883 0.273882288563228 0.290425060126966 0.298254812842876 0.307395598322491 0.319017587461695 0.328434749616505 0.336734926454058 0.342086605617064 0.345460620996955 0.344343493263735
-9999 -9999 -9999 -9999 -9999 -9999 -9999 -9999 -9999 -9999 -9999 -9999 -9999 -9999 -9999 -9999 -9999 -9999 -9999 -9999 -9999 -9999 0.303141330619154 0.313933005659126 0.309378746808499 0.272569445656719 0.211949301068897 0.127261544277178 0.0532161761277654 0.0296029097587616 0.0126705665401625 0.00167739263674655 0.0139976259952318 0.0261706974407969 0.0164260600068073 0.00811793003566334 0.00134453936275496 0.0126461723723079 0.0287428609311604 0.0471857479779871 0.0559974995301451 0.0524289472787217 0.113193023170256 0.19155228813419 0.229439079354409 0.250344838340555 0.244872092502578 0.260329110457541 0.284101842479989 0.299194711140871 0.311828999588088 0.319810285919394 0.329448230844332 0.339925454015542 0.350632461525615 0.357891125262718 0.357085893653425
-9999 -9999 -9999 -9999 -9999 -9999 -9999 -9999 -9999 -9999 -9999 -9999 -9999 -9999 -9999 -9999 -9999 -9999 -9999 -9999 -9999 -9999 0.278917012621181 0.274297770321877 0.284298427207563 0.252833841768522 0.190759394348421 0.125163648901771 0.0662967871357014 0.0341059033572959 0.0129900764217265 0.00171969094448238 0.00528909467080695 0.0100307063511483 0.00720655495992985 0.004095637285002 0.000678343558155844 0.0115913195854097 0.0262244512478371 0.0421175638482962 0.0524155583760456 0.0555213312186782 0.101953071357412 0.161735260694176 0.213147544506494 0.248323279877715 0.258276998973554 0.271753149183575 0.286700102553609 0.302689672791418 0.316378594640675 0.325713409285943 0.333788724259861 0.341225965294214 0.360733735810399 0.374160598900342 0.37286143705104
-9999 -9999 -9999 -9999 -9999 -9999 -9999 -9999 -9999 -9999 -9999 -9999 -9999 -9999 -9999 -9999 -9999 -9999 -9999 -9999 -9999 -9999 0.242641283207702 0.249212823119127 0.267773836022381 0.2395875022075 0.176892028911006 0.131316955045775 0.0920129846959371 0.0684805525379629 0.0393378424899086 0.00520773930107326 0.000842600273867254 0.00171728234204139 0.00198847138486708 0.0015167144746491 0.000251207180188427 0.00855720064325292 0.0198784788577051 0.0359493447858504 0.0436637972547622 0.0406365321566316 0.0812808170570412 0.137529354691315 0.212367060122434 0.261364255045791 0.270220543239166 0.281351540681044 0.293545329486228 0.310379909325002 0.324400302220594 0.333094687150928 0.339019276381825 0.343540662028056 0.360549942277054 0.374200780095188 0.379466063749484
-9999 -9999 -9999 -9999 -9999 -9999 -9999 -9999 -9999 -9999 -9999 -9999 -9999 -9999 -9999 -9999 -9999 -9999 -9999 -9999 -9999 -9999 0.235230539907561 0.236801061103816 0.258701216208761 0.231993260239892 0.169402538665137 0.144656992057769 0.128734677600935 0.128873176039709 0.0883560125878879 0.0116970085321305 0.000108306127426107 0.000220735983516949 0.000255594072150172 0.000194955397304138 3.2289660603798e-05 0.00379915662903223 0.0101987298061403 0.028823004050034 0.030409164078699 0.0100937497456065 0.0523931023435592 0.118210690812108 0.225096577269824 0.28752457715271 0.280891252652073 0.289359807969243 0.304089630759607 0.321724196899603 0.335446192183965 0.341763425822264 0.345025062554832 0.346738706223404 0.351407936513159 0.360105376710048 0.378082894976609
-9999 -9999 -9999 -9999 -9999 -9999 -9999 -9999 -9999 -9999 -9999 -9999 -9999 -9999 -9999 -9999 -9999 -9999 -9999 -9999 -9999 -9999 0.260503341325386 0.262930844294424 0.271636190408324 0.246334927200044 0.195929804483505 0.166847264842754 0.141458474602136 0.120352296732467 0.075665803780286 0.0100170155542968 0 0 0 0 0 0.00245448907156619 0.00613258179072386 0.0143463195532789 0.0140322436428365 0.00275612446029149 0.0661613207726821 0.153912384471916 0.244020583820641 0.297975079045157 0.295768049722495 0.303857833423931 0.316204629517519 0.330108243024279 0.340704373800581 0.345040906432541 0.347731401857837 0.349587999927686 0.350538923464389 0.356626985387233 0.374752593769882
-9999 -9999 -9999 -9999 -9999 -9999 -9999 -9999 -9999 -9999 -9999 -9999 -9999 -9999 -9999 -9999 -9999 -9999 -9999 -9999 -9999 -9999 0.287802206332186 0.288800671065261 0.283999613264732 0.260847646023388 0.224148940026454 0.184424234799342 0.144936209962295 0.107679450891987 0.0638848686074176 0.0142783291803873 0.00332891642975114 0 0 0 0 0.00164355204534617 0.00320396221850441 0.001153358976974 0.000307702672711527 0.00101094048989811 0.0809586461136646 0.184242598922822 0.258598367939822 0.305879111848458 0.31110124173473 0.318913488756053 0.327798333515877 0.337136783272663 0.344196411076069 0.346943239438589 0.349360948918219 0.351611923791268 0.35111155760603 0.355161340688642 0.369957748395392
-9999 -9999 -9999 -9999 -9999 -9999 -9999 -9999 -9999 -9999 -9999 -9999 -9999 -9999 -9999 -9999 -9999 -9999 -9999 -9999 -9999 -9999 0.283589067740576 0.280970973461018 0.275062232490143 0.257731954626109 0.23197023760218 0.172113808645716 0.12363625907757 0.132806145209582 0.108458090749334 0.0543134468369818 0.022849879642523 0 0 0 0 0.000556145709622409 0.00108415784377441 0.000390274009584821 0.00211208937968643 0.00693915543012055 0.0648640169925869 0.142142605073528 0.246822824748007 0.314617748107154 0.325114684313273 0.331219958180724 0.335534590366947 0.340063287874392 0.343968530186348 0.346693848277136 0.348529602187649 0.34991469482852 0.351734216878911 0.354550946151159 0.359677905110635
-9999 -9999 -9999 -9999 -9999 -9999 -9999 -9999 -9999 -9999 -9999 -9999 -9999 -9999 -9999 -9999 -9999 -9999 -9999 -9999 -9999 -9999 0.322705468832926 0.277815281715473 0.273713109134855 0.256949710707588 0.230839728154709 0.170039773439029 0.123673354127358 0.146617263322445 0.130705077725328 0.0802508205158877 0.035998827171309 0 0 0 0 0.000565809152933948 0.00110299588870186 0.000397055309345544 0.00355722019200308 0.0116870545578603 0.0597041130524533 0.12502610282016 0.245749243183916 0.323367690986019 0.334026879480063 0.338196696035943 0.339702950585424 0.340907203985648 0.342969670155896 0.346656352535411 0.348380466378085 0.34911032522693 0.352348794836776 0.354936107284017 0.355893783277668
-9999 -9999 -9999 -9999 -9999 -9999 -9999 -9999 -9999 -9999 -9999 -9999 -9999 -9999 -9999 -9999 -9999 -9999 -9999 -9999 -9999 0.378139306982457 0.322977735842631 0.279552533616327 0.280307689114451 0.258610216618777 0.220338094959834 0.17868161783542 0.146046955911286 0.148582765839158 0.129580033555951 0.0914300897102145 0.0424772837768332 0 0 0 0 0.00172393084967247 0.00336065372879716 0.00120976462338519 0.00462626699836399 0.0151993500235539 0.0659911340235627 0.134063358213817 0.255878919966826 0.332129470104929 0.337598876780906 0.33959404931011 0.340136288279921 0.33957097988515 0.341163717108833 0.346840677728234 0.348945497322342 0.349240637923646 0.352954912938115 0.356363457481053 0.358909652708546
-9999 -9999 -9999 -9999 -9999 -9999 -9999 -9999 -9999 -9999 -9999 -9999 -9999 -9999 -9999 -9999 -9999 -9999 -9999 -9999 -9999 0.378139306982457 0.325376142779547 0.284509105227718 0.287835804871827 0.262256999385319 0.215339996581357 0.166914283164373 0.128533798625676 0.128306757548421 0.108312573542472 0.0707459064996796 0.0322584090780664 0 0 0 0 0.00101380570048773 0.00213144401784446 0.00216434778153631 0.00995956026447267 0.027732800801799 0.107967974397559 0.20638958482822 0.279396417251128 0.325990771058913 0.331555717174511 0.336392235013756 0.340813388880906 0.341113685435183 0.342795219578425 0.34709082398397 0.349391755643655 0.350682168026485 0.355078180194177 0.359330316595723 0.363111728430562
-9999 -9999 -9999 -9999 -9999 -9999 -9999 -9999 -9999 -9999 -9999 -9999 -9999 -9999 -9999 -9999 -9999 -9999 -9999 -9999 -9999 -9999 0.279512956710816 0.286902176904812 0.291365778594189 0.261923050263662 0.207450489138101 0.148648989005299 0.102039462945234 0.102849903285566 0.0823739998306008 0.0429750827358505 0.0185905144658197 0.000447563811526937 0.000152440278548629 0 0 0 0.00029950252168973 0.00280529414319505 0.0178477176122564 0.049005303310352 0.156620836140928 0.280328206525826 0.295275217236801 0.30849053554148 0.319015825592062 0.329811887789416 0.340478650191368 0.342714508431551 0.34503676675557 0.347522542125186 0.349939026929949 0.352320408507061 0.357138966087936 0.362273360527322 0.368039721670894
-9999 -9999 -9999 -9999 -9999 -9999 -9999 -9999 -9999 -9999 -9999 -9999 -9999 -9999 -9999 -9999 -9999 -9999 -9999 -9999 -9999 -9999 0.26849608057341 0.265863848736493 0.265236621211071 0.2302788928539 0.169978206556897 0.119116193752621 0.0796439698761369 0.0784647724343198 0.0575519646481611 0.019096483432539 0.00882087332815482 0.0040392194440987 0.00137575854284722 0 0 0 0.0001071883477873 0.00100398101014312 0.0365002614303339 0.116472312140269 0.192051255536452 0.258981104108555 0.234940634087739 0.23627703538404 0.277034121667705 0.307245148490153 0.332625212116775 0.339873936012683 0.345773295593437 0.349118906885385 0.351395981304392 0.353131725266873 0.356205132002675 0.362455744733973 0.376069005282905
-9999 -9999 -9999 -9999 -9999 -9999 -9999 -9999 -9999 -9999 -9999 -9999 -9999 -9999 -9999 -9999 -9999 -9999 -9999 -9999 -9999 -9999 0.23556762699778 0.240915003806895 0.240187587237627 0.20497479768294 0.144304722742523 0.0996382460231264 0.0635429669878427 0.0522990170838106 0.032212240080073 0.00426441660301113 0.00422284694751873 0.00755718891805206 0.00257397929421989 0 0 0 0.000992899349921884 0.00930000427176216 0.0558955449883077 0.151708799188872 0.210504639102493 0.250663714030757 0.206975239420177 0.20235482481681 0.258423124254131 0.296476563910818 0.326481659669315 0.332676613699964 0.338366680161541 0.343101218341332 0.345470215714879 0.346640808693592 0.348785531628507 0.354431037341093 0.36821070107906
-9999 -9999 -9999 -9999 -9999 -9999 -9999 -9999 -9999 -9999 -9999 -9999 -9999 -9999 -9999 -9999 -9999 -9999 -9999 -9999 -9999 -9999 0.217997498879979 0.21104213229494 0.216498618111398 0.187653953039579 0.133487996311986 0.0928211151391051 0.0553678314119098 0.0238911431329197 0.0062206537627711 0.000823521093894836 0.00613679074675037 0.0109823745923343 0.00374059787423201 0 0 0 0.00323603315505211 0.0303103453214229 0.0762260681696573 0.146361405460928 0.207580956460367 0.258753017450687 0.219768331229504 0.216648064872857 0.26923994600938 0.300563925747294 0.322491153173263 0.319993379013102 0.320706417629774 0.327496101035728 0.330248310619569 0.330955099401673 0.333199213768365 0.336072161942572 0.340347136826357
