layers/veg/veg_5100.asc
NCOLS 255 
NROWS 330 
XLLCORNER -2985163.8955 
YLLCORNER -3022031.214 
CELLSIZE 25000 
NODATA_value -9999 
[rows 175 to 199 of 330, columns 56 to 111 of 255]
-9999 -9999 -9999 -9999 -9999 -9999 -9999 -9999 -9999 -9999 -9999 -9999 -9999 -9999 -9999 -9999 -9999 -9999 -9999 -9999 -9999 -9999 0.182216533435406 0.178330295389952 0.182755003988528 0.191327301450599 0.143217601660782 0.0969515109323561 0.0568921522124595 0.0268888899419416 0.00301848234653375 0.000692048239477542 0.00402981681264889 0.0196963299223904 0.017338452928921 0.00167193981917953 0 0 0 0.00134030743141478 0.00387237160326999 0.108783073297675 0.21636168354076 0.244338831293799 0.259878677317038 0.262127860602733 0.293279284545946 0.327214418620358 0.328891249307035 0.331070836215013 0.333896830620417 0.348693999624436 0.366150306706431 0.368308538398157 0.37073899892613 0.373592438127119
-9999 -9999 -9999 -9999 -9999 -9999 -9999 -9999 -9999 -9999 -9999 -9999 -9999 -9999 -9999 -9999 -9999 -9999 -9999 -9999 -9999 -9999 0.187017680971244 0.1775786122869 0.172221275057069 0.168900931282934 0.123413620696466 0.0794801472197392 0.04058314600682 0.0163019391179899 0.0009343840623693 0 0.00350723479460496 0.017142132469396 0.0150900222576024 0.00145512458281138 0 0 0 0.00309031941997957 0.0089284479713217 0.110117076201209 0.211636798368036 0.228151373625005 0.246242180039357 0.266017367613248 0.298710370131727 0.330433854683121 0.331423981793952 0.332248608003159 0.332860445152562 0.346719392847714 0.363742954109596 0.366634861042788 0.369678428532321 0.372957640348716
-9999 -9999 -9999 -9999 -9999 -9999 -9999 -9999 -9999 -9999 -9999 -9999 -9999 -9999 -9999 -9999 -9999 -9999 -9999 -9999 -9999 -9999 0.194415018875788 0.206168037885535 0.195746008233379 0.174257491354566 0.125925335327558 0.0793449100161074 0.0377236552474468 0.0138475994493506 0.000793707799660989 0 0.000780821983322617 0.00381638374873629 0.00335951876552099 0.000323957000107332 0 0 0 0.00561372109261989 0.0162189760634191 0.104015155137708 0.193067920420301 0.218293421977174 0.244225948945414 0.270914012483684 0.302303912951419 0.331655455589349 0.337398233368863 0.338610504192338 0.333997777652395 0.346471755502496 0.363435964969345 0.367316356499733 0.370204262722995 0.371550083530238
-9999 -9999 -9999 -9999 -9999 -9999 -9999 -9999 -9999 -9999 -9999 -9999 -9999 -9999 -9999 -9999 -9999 -9999 -9999 -9999 -9999 -9999 0.272553204354997 0.267694045243358 0.239471624522289 0.199589737338898 0.146659940705421 0.0935953273524715 0.0406739846606022 0.0130084804822863 0.000745611718355455 0 0 0 0 0 0 0.000668774161368181 0.00383372026153957 0.012670343416539 0.0265500329615813 0.105947345476573 0.188416492728206 0.226830116197558 0.259058088027278 0.284675991890459 0.309199163178472 0.331293760347744 0.337488033251099 0.338379230574946 0.332452117813768 0.344997204882518 0.362464767045539 0.366645972165518 0.36914905005071 0.369044718519959
-9999 -9999 -9999 -9999 -9999 -9999 -9999 -9999 -9999 -9999 -9999 -9999 -9999 -9999 -9999 -9999 -9999 -9999 -9999 -9999 -9999 -9999 0.327657799497782 0.328052359207262 0.289902928043662 0.232518067494325 0.174271173841624 0.113389619250632 0.0464815197133012 0.0133294615708324 0.000764009505961498 0.00025638853761649 0.000490302800417506 0.000611389331294914 0.000436129061701715 4.20557443936773e-05 0 0.00154665080263324 0.00886611185374005 0.0214034922001195 0.0385804726452995 0.111182111526785 0.188776116258109 0.241181067069738 0.279003755374213 0.301243647896824 0.317189193695203 0.330449615011735 0.335413277638633 0.335707137070347 0.329996902133908 0.343197327827451 0.361399579857378 0.365527890681958 0.367524060528843 0.366207391905486
-9999 -9999 -9999 -9999 -9999 -9999 -9999 -9999 -9999 -9999 -9999 -9999 -9999 -9999 -9999 -9999 -9999 -9999 -9999 -9999 -9999 -9999 0.327487631594513 0.327394689830447 0.29743394205131 0.252567626361428 0.188513602898083 0.126158749345739 0.0683763331010494 0.0293186317872833 0.00168046648157826 0.00836082821858347 0.0159887705101428 0.0199374013407635 0.0142221653117518 0.00137143749774863 0 0.000609478188944005 0.00349380854837591 0.0257659515409555 0.0652770919802332 0.118812231099294 0.171552598085646 0.207534086364314 0.248497698062899 0.29478527178552 0.318130031415585 0.334287957762377 0.339370083357193 0.339316527082598 0.332659883418675 0.346511444375432 0.365616972365388 0.367313209475509 0.367880856058268 0.366694942179822
-9999 -9999 -9999 -9999 -9999 -9999 -9999 -9999 -9999 -9999 -9999 -9999 -9999 -9999 -9999 -9999 -9999 -9999 -9999 -9999 -9999 -9999 0.331982996473048 0.329946378275001 0.303939946913819 0.265971348738956 0.196162803903562 0.132105693418673 0.0823756941250355 0.0400717949155164 0.00229680937025893 0.0141732670608959 0.0265131561303446 0.0309093070973164 0.021953823893556 0.00313991886701205 0.000530846804761732 0 0 0.0299414175057525 0.0865057465126045 0.132418495123351 0.172980133638713 0.196220630229729 0.23612757495845 0.293844503399336 0.320421286566594 0.337640095429055 0.342749370999803 0.342643835539603 0.335833474151369 0.347114186775381 0.363216715470915 0.366318396292307 0.368049948327038 0.367652647063083
-9999 -9999 -9999 -9999 -9999 -9999 -9999 -9999 -9999 -9999 -9999 -9999 -9999 -9999 -9999 -9999 -9999 -9999 -9999 -9999 -9999 -9999 0.333429913939948 0.335538462860171 0.308539539368137 0.26701449345077 0.191549273570447 0.125364067691663 0.0816903194801109 0.0410865191920481 0.00235497068375839 0.0157228182410599 0.0277862566670768 0.0263434277565751 0.0184249578591892 0.00572508071192887 0.00204901449368082 0 0 0.0337690948737145 0.0975645445157831 0.15713977796419 0.209096725788857 0.226445250669847 0.257488438714096 0.303165922312263 0.325224180329025 0.340087941256592 0.345054533956626 0.345446501090156 0.339956746349718 0.342674049954613 0.348508306016244 0.360152821343673 0.367869931686032 0.369484791539859
-9999 -9999 -9999 -9999 -9999 -9999 -9999 -9999 -9999 -9999 -9999 -9999 -9999 -9999 -9999 -9999 -9999 -9999 -9999 -9999 -9999 -9999 0.340709003594546 0.340433616504835 0.314269641386848 0.275185932332795 0.195460645463144 0.126636082036185 0.0842813730876706 0.043035819188598 0.00246669940733966 0.00979187546920991 0.0170111107473567 0.0149709465318743 0.0168569026667923 0.0216417811393301 0.0143740611698185 0.00656336456785456 0.00210051292689222 0.0411589608783897 0.118915099319667 0.171552234045132 0.216735466238706 0.247137330155915 0.280169761547042 0.316013251627888 0.337091479423932 0.352770912742514 0.35562082126507 0.3546758955631 0.348851847156549 0.344908510252576 0.342997071162991 0.359013657298198 0.368233083678948 0.366891345221866
-9999 -9999 -9999 -9999 -9999 -9999 -9999 -9999 -9999 -9999 -9999 -9999 -9999 -9999 -9999 -9999 -9999 -9999 -9999 -9999 -9999 -9999 0.34126370088174 0.342577425132564 0.320562398960209 0.286905129178462 0.203614868315513 0.131896491739073 0.0885031077736896 0.0454502583017653 0.00260508867567002 0.000137884608078888 0.000239542500898973 0.000210813863146897 0.016264744668547 0.0441935994566848 0.0320777005461913 0.0163933211643047 0.00524645289231187 0.0503217311434853 0.145387870081215 0.18083397843546 0.210200756106316 0.263085056045465 0.303508277965901 0.330615429496556 0.352474738954567 0.370547914819256 0.370298677064835 0.367103878389743 0.36012189104831 0.350464923112631 0.342063277792379 0.360376142158395 0.368866571154743 0.362095278668084
-9999 -9999 -9999 -9999 -9999 -9999 -9999 -9999 -9999 -9999 -9999 -9999 -9999 -9999 -9999 -9999 -9999 -9999 -9999 -9999 -9999 -9999 0.349369689360406 0.349993719868947 0.320899196666805 0.276973590112904 0.175727455815617 0.0929319842953392 0.0545412557829148 0.0252261317097434 0.00144589519407551 0 0.00188759341576065 0.00922589398095128 0.0148507653559502 0.0192104951382137 0.0475032162939049 0.0711437323955933 0.0667479093314495 0.0710610722919591 0.0831179756466607 0.183038685745536 0.284785544228286 0.315877446524427 0.33874085506289 0.352811187920857 0.368942563441069 0.383588414995779 0.383522095850246 0.381861985873911 0.378152695203815 0.368941621635976 0.359223168226319 0.365538013718184 0.367070899598156 0.361173760948255
-9999 -9999 -9999 -9999 -9999 -9999 -9999 -9999 -9999 -9999 -9999 -9999 -9999 -9999 -9999 -9999 -9999 -9999 -9999 -9999 -9999 -9999 0.35376991489045 0.354418316609749 0.320230573160232 0.268657805604814 0.156147618545527 0.0658688913507276 0.0288117212786892 0.00931740577569758 0.000534049072102841 0 0.00413633218081842 0.0202169396500303 0.0191216059565494 0.00534410384683694 0.0681758279480471 0.12379662436764 0.118341420360993 0.0933947583767601 0.0511169409565826 0.19276484317113 0.340735217057763 0.35341809286062 0.362481082359956 0.367675814173373 0.379696558388853 0.391844196245673 0.392462883031513 0.392384055911608 0.391408415984366 0.383948215407278 0.374774209742313 0.37044318734221 0.366816576751397 0.36428445407912
-9999 -9999 -9999 -9999 -9999 -9999 -9999 -9999 -9999 -9999 -9999 -9999 -9999 -9999 -9999 -9999 -9999 -9999 -9999 -9999 -9999 -9999 0.353348629783328 0.352790122875558 0.317455102525575 0.264764817361354 0.156807807595947 0.0675555617567824 0.023220846326088 0.0040525210389771 0.000232279794681468 0 0.00715020873891963 0.0349477102516597 0.0364507111594755 0.0185386895113998 0.100951705037333 0.170149527867688 0.145285348016249 0.118998564863934 0.0914468502242213 0.219967020048841 0.351274467978522 0.354774342868599 0.359483046081886 0.365483518997349 0.377317065050624 0.389289572114217 0.391635159910178 0.39311872153915 0.393493952423099 0.390571368148019 0.386036427029866 0.374633756339947 0.370176075565245 0.376509252434224
-9999 -9999 -9999 -9999 -9999 -9999 -9999 -9999 -9999 -9999 -9999 -9999 -9999 -9999 -9999 -9999 -9999 -9999 -9999 -9999 -9999 -9999 0.356068054708903 0.35537474812993 0.323290177441508 0.275539755074813 0.153509177092266 0.0558608428155943 0.0168416513500869 0.00129923577805635 7.44687607706835e-05 0 0.00701061899361796 0.0342654445792811 0.0423457688632015 0.0362682515183825 0.122764658668615 0.197177634942256 0.185209231311159 0.171479999945708 0.156185099188307 0.25459294914314 0.353954406035229 0.354769496706306 0.355393282282373 0.355812636740422 0.369068356712327 0.383892901843584 0.386841133183958 0.38900697531221 0.390166878117998 0.389394947083247 0.387516523052136 0.379574675278108 0.375636648522418 0.377919604542384
-9999 -9999 -9999 -9999 -9999 -9999 -9999 -9999 -9999 -9999 -9999 -9999 -9999 -9999 -9999 -9999 -9999 -9999 -9999 -9999 -9999 -9999 0.357172025929759 0.35964140506638 0.334363106863791 0.29523729375715 0.147802369229852 0.0360261320374343 0.00998291584291375 7.37738768949897e-05 4.22852363089754e-06 0 0.00495275385091486 0.0242073221705297 0.0412854162659624 0.0567564710496502 0.137908790016813 0.21245033448233 0.233028911537859 0.240311282691267 0.235771110273899 0.29373479813743 0.35185346963283 0.353936686314901 0.350639413068831 0.341592478155685 0.35724936423161 0.376767395218753 0.379634376499068 0.381947123181588 0.383547275202584 0.383473991242508 0.38304608694494 0.384972037282936 0.382375319435769 0.372751454083497
-9999 -9999 -9999 -9999 -9999 -9999 -9999 -9999 -9999 -9999 -9999 -9999 -9999 -9999 -9999 -9999 -9999 -9999 -9999 -9999 -9999 0.379920737952203 0.3768751779533 0.368150177769826 0.32312456751876 0.259983090026192 0.141670614095834 0.0533468353635703 0.0358764543485812 0.0184528090669954 0.00105766624285309 0 0.00427929204382251 0.0209156772746663 0.0726715471542143 0.150358526996664 0.205734030196192 0.252219099646583 0.275470103952761 0.270818993295644 0.241358251056503 0.290972097899882 0.345576445017868 0.353483950050439 0.353272229758168 0.344384199456945 0.357275862607833 0.374160442226661 0.380704578289814 0.384155268328215 0.383628629755733 0.383992793838112 0.384592251783677 0.384524696601197 0.382716734173493 0.378204594050137
-9999 -9999 -9999 -9999 -9999 -9999 -9999 -9999 -9999 -9999 -9999 -9999 -9999 -9999 -9999 -9999 -9999 -9999 -9999 -9999 0.367299131256227 0.37257005600698 0.373469272084509 0.366216011138801 0.305731123756292 0.218680923124701 0.131973442749312 0.0668802794885024 0.0514616040482094 0.028772399269478 0.00164915787741215 0.00289189645093082 0.00914845062249563 0.024580336765586 0.102294536690145 0.225996015288248 0.260889056873397 0.285173586095142 0.309463651725425 0.292964686063052 0.240197471908058 0.281285892602536 0.332706837542028 0.350952443866891 0.35717662913405 0.350554567170497 0.360661061877514 0.374216846451306 0.382648801289364 0.386605662907211 0.384808774125441 0.384922124197211 0.385389645265383 0.382532490736564 0.380583985506751 0.3800473045349
-9999 -9999 -9999 -9999 -9999 -9999 -9999 -9999 -9999 -9999 -9999 -9999 -9999 -9999 -9999 -9999 -9999 -9999 -9999 -9999 0.367018628221566 0.363250995971415 0.357423006620508 0.347752809295759 0.274734394212688 0.17010196766373 0.11209129685337 0.0626605774179525 0.0313339319969493 0.0122772963494237 0.000703702176462358 0.0141083451999255 0.0297172045147476 0.0470215724305304 0.120859259886309 0.236439351600675 0.269857812800142 0.293995714805231 0.320131746178985 0.298106272576653 0.233257192360112 0.259396763024224 0.301630003751677 0.342366951071011 0.363379321891402 0.363313753172848 0.371530313889239 0.381106742254623 0.385582744975064 0.388044431987115 0.387916257907612 0.385845740735669 0.38292221840562 0.377170994368606 0.372508775363284 0.369538610401767
-9999 -9999 -9999 -9999 -9999 -9999 -9999 -9999 -9999 -9999 -9999 -9999 -9999 -9999 -9999 -9999 -9999 -9999 -9999 -9999 0.362545489398993 0.361000432644683 0.35615116784999 0.34514012921748 0.259338907704237 0.136213546968204 0.083566374903976 0.0400305898750076 0.0149919401770119 0.00562117340773184 0.00580568979948278 0.0519018810097849 0.0912025077822001 0.102297086467916 0.152709934012577 0.232154140175704 0.260164358539175 0.284582718022714 0.318530005716816 0.31042818504267 0.264937697296469 0.280663898129335 0.309000194728544 0.345324238165356 0.363749505790199 0.363047908287871 0.369677713281522 0.377350772794937 0.37932588969093 0.382264382362783 0.386441513758475 0.384626961720552 0.380734264346009 0.375086515314062 0.368435069208702 0.360224117277015
-9999 -9999 -9999 -9999 -9999 -9999 -9999 -9999 -9999 -9999 -9999 -9999 -9999 -9999 -9999 -9999 -9999 -9999 -9999 -9999 0.362726339837873 0.367008767276164 0.365761467696259 0.354202188103429 0.255434553327336 0.113145474093201 0.0486755959911452 0.0038404634081215 0.00143830000622867 0.00621197423463228 0.0153619359798003 0.109270832599013 0.18282499141266 0.181756765213951 0.19434640644268 0.217020582386604 0.236725209614612 0.261738596809998 0.307890889583281 0.328038783421785 0.32506443158348 0.33371788115829 0.344688631929098 0.356783386847596 0.359823741616071 0.35318844636824 0.358454802303104 0.365753566318674 0.366299529879566 0.371167294898764 0.381591718884414 0.381830196238031 0.378752156632519 0.375415731044027 0.367308680197864 0.35178921570455
-9999 -9999 -9999 -9999 -9999 -9999 -9999 -9999 -9999 -9999 -9999 -9999 -9999 -9999 -9999 -9999 -9999 -9999 -9999 -9999 0.345894198024854 0.344962584253757 0.339189328858997 0.324387253146586 0.248937976474475 0.143222634325534 0.0586865565752626 0.00499307335552642 0.0214640849263551 0.026962551128428 0.0257692531353803 0.138099620241436 0.221236998715732 0.198852875678878 0.196133088410214 0.207932820953785 0.218657054555344 0.236921934508449 0.283811550989289 0.318189885718673 0.341443605296807 0.338968668294465 0.33554368927299 0.350712431924846 0.349040477038897 0.329372333260652 0.329726804336933 0.333728875903586 0.328053824429966 0.330658350720636 0.343908157796693 0.346474474305335 0.345438254629739 0.342568890446183 0.336318869652971 0.324816114923164
-9999 -9999 -9999 -9999 -9999 -9999 -9999 -9999 -9999 -9999 -9999 -9999 -9999 -9999 -9999 -9999 -9999 -9999 -9999 -9999 0.325042149489681 0.323223703763427 0.314877160508375 0.294356849720519 0.2374075141509 0.162278225807622 0.0676699161902742 0.0112876161217112 0.0434547548040141 0.0512833239849262 0.0442686674168134 0.162460880270795 0.246885591899095 0.210395128019729 0.19758605118938 0.202262557014491 0.204108918203514 0.21416718421013 0.25613806112643 0.297647393898464 0.338746336985229 0.329310135962321 0.317092351197041 0.336775359697983 0.334064231925906 0.307422438244985 0.304354577320556 0.30557141468833 0.295322071012845 0.295774229312223 0.309985602947333 0.31526035774549 0.317268422235919 0.314553698334583 0.309937051159759 0.302365268910018
-9999 -9999 -9999 -9999 -9999 -9999 -9999 -9999 -9999 -9999 -9999 -9999 -9999 -9999 -9999 -9999 -9999 -9999 -9999 -9999 0.325131858108195 0.326204063682342 0.314944878495255 0.280689792309263 0.20830040302935 0.116880039589213 0.0530069225907995 0.020217852258234 0.0579271456645148 0.0799809528419162 0.0924870371635132 0.182808131184802 0.248559815434789 0.228816736361563 0.215392084433722 0.206632758057737 0.200280459556607 0.199951638362902 0.221031857968794 0.249458865747626 0.284418392947353 0.285309175803156 0.283824790682899 0.301323758056512 0.306521858258724 0.298575091470801 0.29919126206659 0.300815266187887 0.294231501020195 0.294794668447034 0.304546843621489 0.313824162573951 0.322062893654227 0.319155172716919 0.31387754555602 0.304917649450191
-9999 -9999 -9999 -9999 -9999 -9999 -9999 -9999 -9999 -9999 -9999 -9999 -9999 -9999 -9999 -9999 -9999 -9999 -9999 -9999 0.338417206109199 0.336373645656801 0.3187499174342 0.272071883616464 0.189133766659608 0.0881000074782549 0.0697889996194029 0.0657652797286523 0.091711630810818 0.113127561113934 0.131780549315721 0.193149790830732 0.238460814707671 0.229415859793448 0.217322361649053 0.20297791618812 0.197833816954581 0.1967017173992 0.206441631636332 0.227280485147439 0.25798814590491 0.266673196743963 0.272131897620453 0.281328334853137 0.286480821801111 0.287311890765575 0.288178102876785 0.288841030539126 0.287941522553457 0.29118445580047 0.299753439640193 0.310470440021193 0.321034929307302 0.320923529797821 0.31720330856243 0.307875839227168
-9999 -9999 -9999 -9999 -9999 -9999 -9999 -9999 -9999 -9999 -9999 -9999 -9999 -9999 -9999 -9999 -9999 -9999 -9999 -9999 0.338621095406838 0.343147392713056 0.325870043626208 0.267932682738719 0.178784553669284 0.0740606496518082 0.114463557424444 0.143792974693075 0.142626375417837 0.150220513608744 0.163157513216816 0.19461626729127 0.217918700803573 0.214206040589496 0.205170488275884 0.192204681810357 0.196612876082542 0.20317855090468 0.210049535496492 0.228173687026099 0.256303779905493 0.27053652309558 0.279576217009269 0.275042887533133 0.273093639182471 0.273905773603672 0.271976001310114 0.270464190189348 0.277039552508527 0.285240796200984 0.295532480280018 0.305415827804312 0.3148423342437 0.320178848482265 0.319983791080305 0.311193990871312
