layers/veg/veg_4900.asc
NCOLS 255 
NROWS 330 
XLLCORNER -2985163.8955 
YLLCORNER -3022031.214 
CELLSIZE 25000 
NODATA_value -9999 
[rows 175 to 199 of 330, columns 57 to 113 of 255]
-9999 -9999 -9999 -9999 -9999 -9999 -9999 -9999 -9999 -9999 -9999 -9999 -9999 -9999 -9999 -9999 -9999 -9999 -9999 -9999 -9999 -9999 0.178645061048621 0.183771005617278 0.197527488478906 0.175564758296085 0.127233915446751 0.0778707380700732 0.0339625801019402 0.0108684017709627 0 0 0 0 0 0 0 0 0.00198745853934472 0.0186155554511243 0.0674569711717313 0.15770686604785 0.214408589859375 0.256300842627051 0.248390722855284 0.258011139952978 0.294863667855609 0.314210631401037 0.325904670172934 0.320357364492421 0.317467579474748 0.31960730262547 0.32084440564561 0.321624233133449 0.324028628815902 0.326217443066441 0.327832289503272
-9999 -9999 -9999 -9999 -9999 -9999 -9999 -9999 -9999 -9999 -9999 -9999 -9999 -9999 -9999 -9999 -9999 -9999 -9999 -9999 -9999 -9999 0.153122791901064 0.144659569061297 0.156206981681315 0.140965161802121 0.105947388295123 0.0558348128365317 0.0130211991073551 0.00416692792519467 0 0 0 0 0 0 0 0.00153874268419295 0.00320869591756816 0.00303788302632465 0.0518460534363011 0.163614057979573 0.209562198234372 0.234727574497513 0.266302143502221 0.290587629049649 0.303550179660562 0.312932076581034 0.320485731304508 0.315281028015143 0.312763881800668 0.315333089363302 0.318776774857394 0.322663478790856 0.325875142797555 0.328677849726455 0.330554675470024
-9999 -9999 -9999 -9999 -9999 -9999 -9999 -9999 -9999 -9999 -9999 -9999 -9999 -9999 -9999 -9999 -9999 -9999 -9999 -9999 -9999 -9999 0.172091486597411 0.175142091617468 0.173140656476469 0.14281300401143 0.0915747875626058 0.0433510537012649 0.00489959308402949 0.00156792405028205 0 0 0 0 0 0 0 0.0210922626079101 0.0439830893218988 0.041641677469264 0.0762275564015944 0.158281470521897 0.211443409503073 0.253608758867063 0.2750029714315 0.292645681885247 0.304460771546547 0.313343245994734 0.320609543165747 0.313254039241808 0.3099328293842 0.314246749233776 0.317361657044212 0.31986913449734 0.322943095412682 0.325787766017444 0.328072339364714
-9999 -9999 -9999 -9999 -9999 -9999 -9999 -9999 -9999 -9999 -9999 -9999 -9999 -9999 -9999 -9999 -9999 -9999 -9999 -9999 -9999 -9999 0.20545743045041 0.199064388177441 0.186186464897777 0.145473006780612 0.08421120909576 0.0364208296252869 0 0 0 0 0 0 0 0 0 0.0359253291974663 0.074817856902595 0.070024995387 0.0945188032025878 0.156659040550371 0.212996950665985 0.264454609008267 0.278113596056602 0.29127925797333 0.303678583710693 0.311952214502275 0.318199267463052 0.312553747523555 0.310090507235187 0.313649911181823 0.315745149984906 0.317098629466752 0.319008161571435 0.32096598857487 0.323012496942494
-9999 -9999 -9999 -9999 -9999 -9999 -9999 -9999 -9999 -9999 -9999 -9999 -9999 -9999 -9999 -9999 -9999 -9999 -9999 -9999 -9999 -9999 0.214224206978993 0.213010797450112 0.193320142127868 0.149368031362943 0.0875059854107521 0.0379356560444663 0 0 0 0 0 0 0 0 0 0.0435801811288925 0.0905378118301928 0.0828664216234099 0.103548828045518 0.160678506593011 0.214052216305363 0.263081430624508 0.272723410174889 0.284705361929965 0.30032224984434 0.307820644327258 0.311935500748216 0.313870913785189 0.314793034043748 0.31379744040557 0.313822397924075 0.31436437590069 0.313548176267545 0.313206757609996 0.314033138254417
-9999 -9999 -9999 -9999 -9999 -9999 -9999 -9999 -9999 -9999 -9999 -9999 -9999 -9999 -9999 -9999 -9999 -9999 -9999 -9999 -9999 -9999 0.238036021573914 0.231579648338575 0.210838150306026 0.164526996815836 0.0993401879434284 0.0433181657844819 0 0 0 0 0 0 0 0 0 0.0263165990409268 0.0583615142824735 0.0845913164598131 0.11592024248654 0.153803816448855 0.190141195313313 0.225923189518171 0.261010348448828 0.287361883845622 0.300143414524603 0.306001832264767 0.309029004760559 0.312097302602853 0.31374124030461 0.312689495876125 0.311704540948512 0.310753422186887 0.30984963628263 0.309458902657118 0.310264397833404
-9999 -9999 -9999 -9999 -9999 -9999 -9999 -9999 -9999 -9999 -9999 -9999 -9999 -9999 -9999 -9999 -9999 -9999 -9999 -9999 -9999 -9999 0.258613450245948 0.251531652903463 0.232064142247044 0.183471596630973 0.113378795612396 0.0498377518017779 0.000300536579967867 9.61750340568275e-05 0 0 0 0 0 0 0 0 0.00866312979279864 0.0811433143613157 0.128435184236107 0.143348837816345 0.157977414492891 0.176660194095746 0.247529298396439 0.293646470689795 0.301313744952117 0.305236314271018 0.307606479668132 0.309261915193841 0.310535119255289 0.311084928650951 0.309478193174015 0.306778932534904 0.306798124199448 0.307242613783631 0.308562527728293
-9999 -9999 -9999 -9999 -9999 -9999 -9999 -9999 -9999 -9999 -9999 -9999 -9999 -9999 -9999 -9999 -9999 -9999 -9999 -9999 -9999 -9999 0.261857420654008 0.257860651454901 0.240413636248949 0.181471660026843 0.0918978833279174 0.044361592190377 0.00947003680859022 0.00303051666017812 0 0 0 0 0 0 0 0 0.00597501248489985 0.0559650297260972 0.105832708788385 0.155543128738025 0.176309745030936 0.191636635241133 0.256341357253319 0.298286245639168 0.304875781486209 0.30831561872135 0.310436564930825 0.311494458557584 0.311524959540167 0.309611061832542 0.306348069048351 0.302401612480936 0.302095391153873 0.302979812816292 0.306487216342168
-9999 -9999 -9999 -9999 -9999 -9999 -9999 -9999 -9999 -9999 -9999 -9999 -9999 -9999 -9999 -9999 -9999 -9999 -9999 -9999 -9999 -9999 0.26460905707787 0.261075020811275 0.245096841219139 0.182140414900847 0.0845043974894076 0.0435643429193628 0.0145281962350757 0.00464918369618123 0 0 0 0 0 0 0 0.00368449641323103 0.0105302872024462 0.0339416823294432 0.0819679819269978 0.161635409988618 0.193896923550358 0.213569183825124 0.267802717186736 0.302704381547504 0.30757572780577 0.310544507781212 0.312667099619317 0.312408701844317 0.310809976057641 0.306674603697596 0.303019424224171 0.299607514815744 0.299114705206647 0.300161654298482 0.304678253176319
-9999 -9999 -9999 -9999 -9999 -9999 -9999 -9999 -9999 -9999 -9999 -9999 -9999 -9999 -9999 -9999 -9999 -9999 -9999 -9999 -9999 -9999 0.263120963141009 0.258525447196155 0.242995199720504 0.187747858949427 0.103181149089872 0.0514259004217079 0.0119778949313244 0.00383305903418609 0 0 0 0 0 0 0 0.0141875339350453 0.0284902068841524 0.01775687210137 0.055767328472621 0.156435292191713 0.210105121307883 0.248374727577604 0.284166882354134 0.306712351521859 0.308680287155767 0.311199615339083 0.313788104054996 0.310883294698428 0.306940040137331 0.301031469290403 0.299323396346264 0.29974333367948 0.299320845249762 0.300016955820949 0.303362194897727
-9999 -9999 -9999 -9999 -9999 -9999 -9999 -9999 -9999 -9999 -9999 -9999 -9999 -9999 -9999 -9999 -9999 -9999 -9999 -9999 -9999 -9999 0.247155590575178 0.244886403089604 0.230321136046672 0.170679635154241 0.0777626191700676 0.0358877588616256 0.00670619202860671 0.00214605572077727 0 0 0 0 0 0.00742296677280941 0.0227765006400355 0.037715998040059 0.0506534330166325 0.0495980310072727 0.0982532543844174 0.210808798226539 0.263936258191941 0.296832264688903 0.317052755575763 0.327552096304833 0.322950505429832 0.321651142428137 0.321603958335893 0.318085654265191 0.312213061165193 0.301884842914594 0.298962742795416 0.299792649191586 0.299060648416932 0.298759856573865 0.299533933156414
-9999 -9999 -9999 -9999 -9999 -9999 -9999 -9999 -9999 -9999 -9999 -9999 -9999 -9999 -9999 -9999 -9999 -9999 -9999 -9999 -9999 -9999 0.236297562495382 0.225756432035458 0.212412160762949 0.142383604250116 0.0305104074934551 0.00876330772555648 8.69931037355406e-05 2.78387566510848e-05 0 0 0 0 0 0.0185213992331298 0.0568307355265275 0.0676939734977449 0.0748979171025366 0.105219143005244 0.174749189148418 0.29468005320405 0.336396310717846 0.352049556315103 0.358119316238272 0.356726057400831 0.343739670792026 0.336953345122963 0.332734752807454 0.329609548342717 0.322013197236665 0.305954948216133 0.30025359251399 0.299799132759203 0.298569545904632 0.29695195452995 0.294461759390453
-9999 -9999 -9999 -9999 -9999 -9999 -9999 -9999 -9999 -9999 -9999 -9999 -9999 -9999 -9999 -9999 -9999 -9999 -9999 -9999 -9999 0.325055823681664 0.28238401456274 0.242247472265561 0.217397223392582 0.140760151083038 0.025893770828861 0.00639612537815018 0 0 0 0 0.0398235025374152 0.0738639459863872 0.0425609726132019 0.0530034566696971 0.10804605294088 0.125434977538706 0.138629210296149 0.18961972925171 0.24793368250073 0.315661514465169 0.339756987173731 0.349403261574646 0.354838170666204 0.357277906070406 0.355064908797825 0.350635439742479 0.345397084878729 0.343597664870499 0.339556126620828 0.331271252781143 0.320846894954397 0.30933865516459 0.303854995411597 0.299097897018448 0.295776465842882
-9999 -9999 -9999 -9999 -9999 -9999 -9999 -9999 -9999 -9999 -9999 -9999 -9999 -9999 -9999 -9999 -9999 -9999 -9999 -9999 0.326017420327681 0.325540744775592 0.29133857473203 0.256103114841697 0.22418171935019 0.141556506000847 0.0215014651736683 0.0040771675857852 0 0 0 0 0.0680479258703375 0.127588669532445 0.0824084255736169 0.0869817468146995 0.144710901711089 0.170572525042593 0.19283918521883 0.246763625491142 0.292461865388352 0.327585769595938 0.340422089438916 0.345912669478988 0.349692179049149 0.354459392844763 0.360760916234564 0.35958948047694 0.355431027465914 0.353743232500465 0.352078788460462 0.350458537367636 0.339268756768233 0.323230965858923 0.314310309641779 0.307157438315151 0.30382472534079
-9999 -9999 -9999 -9999 -9999 -9999 -9999 -9999 -9999 -9999 -9999 -9999 -9999 -9999 -9999 -9999 -9999 -9999 -9999 -9999 0.326569782761619 0.32698225864167 0.295284739016169 0.262868675418506 0.234373660177503 0.147059987534383 0.0163260697883818 0.0011164508274751 0 0 0 0 0.0686181156763943 0.133154672192615 0.114776965224407 0.119101484272975 0.147680662156626 0.186132124166041 0.224142295535683 0.240890389860316 0.271756261938984 0.320769773797318 0.33703954738103 0.342254057993939 0.341641006192312 0.344825752433084 0.353910036028331 0.357813089065513 0.359425928364464 0.355053242880049 0.35292050523964 0.355026995589337 0.352153807387055 0.346757868934261 0.336377150498249 0.328579509648648 0.327031077198469
-9999 -9999 -9999 -9999 -9999 -9999 -9999 -9999 -9999 -9999 -9999 -9999 -9999 -9999 -9999 -9999 -9999 -9999 -9999 -9999 0.314472603675027 0.31670589982418 0.281068480120446 0.245321569513727 0.216329546230839 0.136308576939654 0.0186177688441868 0.00284331066686369 0 0 0 0 0.0540700831019182 0.111625615058676 0.137651766730646 0.162699546663131 0.18670205144341 0.219654146526855 0.24787996022151 0.22496165000077 0.238740545934818 0.299691715708273 0.325354284196186 0.338560378160214 0.338664574710746 0.342189031620855 0.351026555083764 0.356278726200646 0.359888449567303 0.357331894269163 0.35593645920987 0.356738509877562 0.357016530809315 0.357029073531217 0.340824027852418 0.328553572026101 0.326176072675961
-9999 -9999 -9999 -9999 -9999 -9999 -9999 -9999 -9999 -9999 -9999 -9999 -9999 -9999 -9999 -9999 -9999 -9999 -9999 -9999 0.308110656654418 0.300102969787685 0.255857357604958 0.213056468683344 0.1811923622502 0.115717051932084 0.0254297724982646 0.00740785713476584 0 0 0 0 0.0303700342132566 0.0736942043260209 0.154779408009012 0.213246165199106 0.247547772123343 0.264049959891191 0.267037782112568 0.202945677367938 0.198272740121732 0.269979929164223 0.308642858722322 0.334845469236777 0.33876020518777 0.343787988834217 0.350544791871197 0.354890878524592 0.358212597898693 0.360196925332995 0.360268616483806 0.356720535286091 0.357022832125016 0.359275765346413 0.334604426743084 0.315543797882849 0.310755207128917
-9999 -9999 -9999 -9999 -9999 -9999 -9999 -9999 -9999 -9999 -9999 -9999 -9999 -9999 -9999 -9999 -9999 -9999 -9999 -9999 0.305701208817212 0.306181950162052 0.252857591303868 0.195244268697757 0.135295549972174 0.0747347177622294 0.0137220201290401 0.00338248185575032 0 0 0.015703476099374 0.0453669396572869 0.0529879945999009 0.0678682594921375 0.139387826911815 0.195906061019553 0.23639713456235 0.258252095645155 0.268549428324346 0.227707652292435 0.216910306052675 0.244733449436189 0.286980288533299 0.330656047327347 0.333591512753599 0.33879589601312 0.347524838862742 0.350370145029288 0.350842151895138 0.352502581151781 0.352922047435498 0.350992921101935 0.347126197998259 0.342277870823924 0.328145003547637 0.316394173267381 0.310609482015981
-9999 -9999 -9999 -9999 -9999 -9999 -9999 -9999 -9999 -9999 -9999 -9999 -9999 -9999 -9999 -9999 -9999 -9999 -9999 -9999 0.314773151957354 0.313354118120144 0.254538771053367 0.186076880090531 0.100483673541489 0.0421966320902107 0.00406714665485772 0 0 0 0.0303406049582798 0.0876532294886434 0.0768402613703971 0.0673296937088366 0.126266840911696 0.177003806260381 0.218979841596667 0.246773605299164 0.266528795967856 0.252942317118209 0.24205439816462 0.234635332012846 0.273368185424068 0.32339528272876 0.327667791145553 0.334165075930369 0.34411835051295 0.345559668081954 0.343466302861027 0.339538728631651 0.336743567210352 0.336091561079569 0.329941245517329 0.321005436604299 0.315779432897856 0.310042536640623 0.302951509493965
-9999 -9999 -9999 -9999 -9999 -9999 -9999 -9999 -9999 -9999 -9999 -9999 -9999 -9999 -9999 -9999 -9999 -9999 -9999 -9999 0.316287770747796 0.317306856130726 0.265625100774901 0.199050755469646 0.0993239205011996 0.0374841953344701 0.00361293572763576 0 0 0 0.0391058683656165 0.112975850643632 0.0959052990510948 0.0761545019442026 0.125483964296815 0.165824620797477 0.196561795282204 0.22805529598916 0.257569975123094 0.271127774986374 0.275200991227736 0.267082288172061 0.283681798481747 0.307431088231106 0.320529078708704 0.331751860814101 0.34006167553268 0.340482788472288 0.337097801990556 0.313392735011138 0.297390165415642 0.295965007785801 0.293679416817183 0.290957922527038 0.286556476046681 0.280592890036729 0.271053640133982
-9999 -9999 -9999 -9999 -9999 -9999 -9999 -9999 -9999 -9999 -9999 -9999 -9999 -9999 -9999 -9999 -9999 -9999 -9999 -9999 0.349146414713707 0.311087022138725 0.249442309613657 0.18365997550156 0.110336707661051 0.0521081070347671 0.00502246986831415 0.0080583170641597 0.0132656639748528 0.00424515939026227 0.0492917139112631 0.142402497158299 0.108439696077836 0.0701266712125086 0.125289199164487 0.162363523260911 0.180112728616479 0.213384979636594 0.248137076191733 0.265469743420032 0.271486760238889 0.262958120433813 0.26914192769302 0.280678747803972 0.299687776195833 0.313528154658885 0.319339500775616 0.318038060816604 0.313468471679607 0.296322274589128 0.283876841089363 0.280327868568349 0.27802677868424 0.27635787744484 0.275829197671513 0.272242733633357 0.261465077058191
-9999 -9999 -9999 -9999 -9999 -9999 -9999 -9999 -9999 -9999 -9999 -9999 -9999 -9999 -9999 -9999 -9999 -9999 -9999 0.37278983242302 0.342534996250323 0.293833040325615 0.213267953203842 0.147474470959683 0.130273439699728 0.0809079019067178 0.00779835466223867 0.0220243556157239 0.036256664826494 0.0116025342899951 0.0605190180587861 0.174837890860397 0.116186343279061 0.0532100589062324 0.125525590912041 0.164560718085028 0.168039646296862 0.201682331940537 0.238356620658094 0.242331548967889 0.240749084954985 0.232022893668304 0.236381445902362 0.246017391014066 0.268800817104712 0.283713445457558 0.286399498109099 0.28286059898398 0.277184864779136 0.285905278167052 0.289307420270604 0.28264443315787 0.277483171007964 0.273082696323881 0.278661489649167 0.279361056645531 0.268231934978478
-9999 -9999 -9999 -9999 -9999 -9999 -9999 -9999 -9999 -9999 -9999 -9999 -9999 -9999 -9999 -9999 -9999 -9999 -9999 -9999 0.344489672408611 0.298934206901655 0.191737884706685 0.107176257755244 0.0994664218568947 0.0632903216590273 0.00610027405670842 0.0216594493891221 0.0428777938135594 0.0528004861303729 0.0985842243053467 0.176247512413215 0.142414468379469 0.106172706705961 0.159051553043447 0.182497961560018 0.174499271366726 0.190233147361942 0.210909308590253 0.22469444009839 0.232919838145148 0.233998499510973 0.238344410365673 0.24431465387722 0.25742628828429 0.268216404105728 0.275400249803757 0.271446006045936 0.263565074465342 0.277814250921667 0.286589474707064 0.285004933446495 0.282046946497881 0.278393159525749 0.280167634582966 0.27921603367187 0.271662004527249
-9999 -9999 -9999 -9999 -9999 -9999 -9999 -9999 -9999 -9999 -9999 -9999 -9999 -9999 -9999 -9999 -9999 -9999 -9999 -9999 0.29376707414932 0.299103110183601 0.174738000902798 0.0741017416196931 0.0661836837086083 0.0444819975952583 0.0126051639796835 0.0287124943964729 0.0537368556013562 0.0906548653025857 0.131155459844198 0.174840880415691 0.165509200873129 0.154941116433758 0.186291079249388 0.19585341124522 0.182138221822297 0.183493040035349 0.190725419130955 0.213760731170735 0.230642713549549 0.239614923435958 0.242668608400604 0.244030121021644 0.248190797366325 0.254795651948293 0.265197317379833 0.262350545757606 0.254768788105222 0.271251990790491 0.283005981243188 0.285809670053317 0.285373952434401 0.283297122182393 0.280958653406178 0.278056493651413 0.273849128066068
-9999 -9999 -9999 -9999 -9999 -9999 -9999 -9999 -9999 -9999 -9999 -9999 -9999 -9999 -9999 -9999 -9999 -9999 -9999 -9999 0.288488090378385 0.285326416047559 0.168126938879514 0.0694917476107565 0.0457409604538966 0.0413856938351043 0.0513483034286751 0.0693746491532543 0.0873421311147011 0.101497399302358 0.131805683728373 0.176473585265789 0.169022784459913 0.157941735517524 0.175887218879644 0.185465374471579 0.186104024295349 0.194037376448507 0.205025131755565 0.225204503257109 0.238948770771021 0.244421060134631 0.240670710045006 0.234704768976899 0.238402651963926 0.242841099902873 0.248429948823781 0.251526154744043 0.253970312223423 0.269328919952942 0.279755704690985 0.280848735465218 0.281919836973321 0.282979828916612 0.279682713583737 0.276296408269062 0.272890758284185
