layers/veg/veg_1100.asc
NCOLS 255 
NROWS 330 
XLLCORNER -2985163.8955 
YLLCORNER -3022031.214 
CELLSIZE 25000 
NODATA_value -9999 
[rows 75 to 99 of 330, columns 0 to 56 of 255]
-9999 -9999 -9999 -9999 -9999 -9999 -9999 -9999 -9999 -9999 -9999 -9999 -9999 -9999 -9999 -9999 -9999 -9999 -9999 -9999 -9999 -9999 -9999 -9999 -9999 -9999 0.719762190041036 0.730666881543072 0.739035964915001 0.743576716669375 0.719761371446034 0.679039288813332 0.479168185117177 0.347787128735724 0.342205493257261 0.343273904222064 0.347609677337238 0.466289715356168 0.557949836738309 0.585511516504617 0.596268449240497 0.596926371331558 0.58827362035903 0.577713365980355 0.563349659083324 0.584160079567285 0.630576990884239 0.649227845361468 0.662210895166842 0.666161648256917 0.671459040239177 0.677937325218713 0.698603604533798 0.719773492711228 0.731176010838467 0.73961836362242 0.744940888893096
-9999 -9999 -9999 -9999 -9999 -9999 -9999 -9999 -9999 -9999 -9999 -9999 -9999 -9999 -9999 -9999 -9999 -9999 -9999 -9999 -9999 -9999 -9999 -9999 -9999 -9999 0.717062490195648 0.731012603115003 0.743177013996442 0.752645322317667 0.731023121581458 0.693997290088847 0.570197504956535 0.468732133330948 0.408289602183831 0.379639011894558 0.366608731197392 0.497341544688167 0.59579992532862 0.617506936449567 0.627082303303808 0.62936701565627 0.613489341308716 0.596918244159499 0.581514285354705 0.600044884027435 0.643279576295943 0.662390876150319 0.676716240814698 0.683699950274815 0.689176999957885 0.693332831317087 0.707172785176592 0.722405668819792 0.73613657126384 0.746320508621673 0.752766168558719
-9999 -9999 -9999 -9999 -9999 -9999 -9999 -9999 -9999 -9999 -9999 -9999 -9999 -9999 -9999 -9999 -9999 -9999 -9999 -9999 -9999 -9999 -9999 -9999 -9999 -9999 0.721923375041881 0.734572396473191 0.747271589944703 0.760046534556754 0.739120327096555 0.703525058704531 0.630644151739594 0.55185396949258 0.462209897701209 0.41670005116233 0.392874639214414 0.531221866721806 0.633332310102903 0.649248708274818 0.654038346607884 0.652141227571059 0.633388768394471 0.614932713129446 0.60022555752317 0.612820336178559 0.645290710376712 0.659600776534768 0.673302734635899 0.692427796352325 0.7030463118907 0.706205276935659 0.714803927093174 0.725192497337632 0.739696958587028 0.750992912797996 0.758907303017031
-9999 -9999 -9999 -9999 -9999 -9999 -9999 -9999 -9999 -9999 -9999 -9999 -9999 -9999 -9999 -9999 -9999 -9999 -9999 -9999 -9999 -9999 -9999 -9999 -9999 -9999 0.743218653178938 0.745215883434714 0.751399916355649 0.763905300288664 0.740387123719777 0.701256770151478 0.62416821014288 0.552154663254715 0.489462670908512 0.455209423977335 0.43492896372754 0.571094150985712 0.66995888641264 0.680373732932166 0.672586191516378 0.653859710693347 0.641756441976821 0.630437517410645 0.620200314770734 0.619041731936557 0.624492313625886 0.622405203762641 0.631035667012432 0.682027059247985 0.708517064785417 0.713521343047899 0.720369661251149 0.728335578483352 0.740211376251568 0.751208260287754 0.761278824701557
-9999 -9999 -9999 -9999 -9999 -9999 -9999 -9999 -9999 -9999 -9999 -9999 -9999 -9999 -9999 -9999 -9999 -9999 -9999 -9999 -9999 -9999 -9999 -9999 -9999 -9999 0.751629775904135 0.757158180296331 0.762463024071905 0.767430329815918 0.736132830814036 0.688567154307486 0.587351060245252 0.516714622796683 0.502245515409009 0.504767153811712 0.515636842137921 0.614416137140681 0.685680322543514 0.692417374893449 0.684289492967416 0.667228353717384 0.658416743849248 0.649898688768425 0.640789802356301 0.630737326928313 0.619997926044489 0.610723155080027 0.616691461466115 0.677776985148156 0.709635124687036 0.715863220816647 0.723600109022001 0.731825258479938 0.741151634516411 0.749421725669861 0.756578559198231
-9999 -9999 -9999 -9999 -9999 -9999 -9999 -9999 -9999 -9999 -9999 -9999 -9999 -9999 -9999 -9999 -9999 -9999 -9999 -9999 -9999 -9999 -9999 -9999 -9999 -9999 0.752574564944806 0.769853134029653 0.777544819051666 0.770761960103027 0.728679081257265 0.669838407103886 0.532951261091638 0.460562922219113 0.506643074831614 0.560727377060325 0.618744351898921 0.659737216337257 0.689287285718442 0.693403406494036 0.692026399747014 0.687348233320301 0.679882601689935 0.671652564290969 0.661735524532559 0.645605205770138 0.624951668275502 0.613826125533797 0.618528479991583 0.67709120384865 0.708230810612721 0.71532256971214 0.725477264562371 0.735515791585828 0.742338666272929 0.746475105711872 0.747780211888016
-9999 -9999 -9999 -9999 -9999 -9999 -9999 -9999 -9999 -9999 -9999 -9999 -9999 -9999 -9999 -9999 -9999 -9999 -9999 -9999 -9999 -9999 -9999 -9999 -9999 -9999 -9999 -9999 -9999 -9999 0.631173932805609 0.625320093352557 0.543406868594328 0.498674422959626 0.522233950623908 0.561611972443294 0.608762082701336 0.646527482140404 0.675089107758477 0.683080809375091 0.68579638626864 0.685341213870626 0.677444828236867 0.668760247537597 0.659124162946634 0.64807116341041 0.635986660827529 0.627124377844454 0.630353572397087 0.67643660736466 0.704787476143996 0.717588674555337 0.733241668681882 0.747733410224186 0.754047133398062 0.759843696709501 0.765095206153847
-9999 -9999 -9999 -9999 -9999 -9999 -9999 -9999 -9999 -9999 -9999 -9999 -9999 -9999 -9999 -9999 -9999 -9999 -9999 -9999 -9999 -9999 -9999 -9999 -9999 -9999 -9999 -9999 -9999 -9999 0.622988581470151 0.589383387815999 0.556766387384711 0.536814740900347 0.540126243654783 0.568125954566762 0.608255703604428 0.640926952146489 0.666552827990754 0.676439867748806 0.680789703113918 0.681811890285004 0.674748923430751 0.667069322053479 0.659035892609809 0.652903758016847 0.648155751269847 0.64189692656538 0.643337914889374 0.673568200252032 0.695108236532962 0.709027629785729 0.731686011584974 0.752887674711578 0.759375261425539 0.766960848176026 0.775703657691551
-9999 -9999 -9999 -9999 -9999 -9999 -9999 -9999 -9999 -9999 -9999 -9999 -9999 -9999 -9999 -9999 -9999 -9999 -9999 -9999 -9999 -9999 -9999 -9999 -9999 -9999 -9999 -9999 -9999 0.647090681085021 0.618826209639713 0.580344193196334 0.568964627845532 0.561885713455257 0.562706040218289 0.597606435251533 0.649251363740007 0.664150364399642 0.675872929041824 0.681372512221027 0.681052628922834 0.677235468706638 0.674686167398735 0.672077954843681 0.669083902826763 0.665891941233484 0.662555903009735 0.6592504158307 0.658076697248493 0.664684591125436 0.668781907357743 0.670677650787668 0.70400374881882 0.737674459036756 0.745912238391534 0.754828730758032 0.764460543818485
-9999 -9999 -9999 -9999 -9999 -9999 -9999 -9999 -9999 -9999 -9999 -9999 -9999 -9999 -9999 -9999 -9999 -9999 -9999 -9999 -9999 -9999 -9999 -9999 -9999 -9999 -9999 -9999 0.629217476984919 0.638985506594728 0.622151132759765 0.595416308216906 0.586246793006678 0.584824070728311 0.59763030729714 0.62238788263444 0.653017499959942 0.66000183359576 0.666433747091556 0.672234604283776 0.670099639198336 0.663195548251472 0.666276542824933 0.667069444091658 0.659650155090595 0.655882853078337 0.654774169155965 0.653357762029764 0.652032782124254 0.651171660976669 0.650535175690861 0.650095677821389 0.675511166731539 0.704363074145464 0.727814430182788 0.744649048378098 0.754510042341751
-9999 -9999 -9999 -9999 -9999 -9999 -9999 -9999 -9999 -9999 -9999 -9999 -9999 -9999 -9999 -9999 -9999 -9999 -9999 -9999 -9999 -9999 -9999 -9999 -9999 -9999 -9999 0.62532556469853 0.627065018283436 0.631430747228993 0.630739721222003 0.627438986257535 0.607103023090382 0.606263171831874 0.641232897061142 0.643865848733872 0.630610798588106 0.63661047224088 0.643806546179654 0.653204915729773 0.651261715560519 0.642502665493762 0.651998961539167 0.655018751665269 0.636520479142598 0.629706385237341 0.631398282381047 0.63112276851783 0.631378361445785 0.634404258180118 0.637968505737143 0.642004843265937 0.646448919664458 0.658328441847508 0.706458307956219 0.735841953122172 0.745468264124409
-9999 -9999 -9999 -9999 -9999 -9999 -9999 -9999 -9999 -9999 -9999 -9999 -9999 -9999 -9999 -9999 -9999 -9999 -9999 -9999 -9999 -9999 -9999 -9999 -9999 -9999 0.594194547502451 0.596881981742386 0.602016101959687 0.610844296657251 0.600121332740987 0.581584892275879 0.560917541422262 0.55202198293111 0.564748320178823 0.578293607155305 0.592241268065513 0.61646060550292 0.63411998891851 0.636674735847848 0.636311993235494 0.634195950922507 0.630438889748048 0.626080482863764 0.620299723516053 0.619958968412007 0.623578494036125 0.625563608663162 0.627367835877056 0.629198859649947 0.632130985571194 0.636028688696415 0.639689414196714 0.650544336441614 0.697018503722296 0.726225369002966 0.737233587379719
-9999 -9999 -9999 -9999 -9999 -9999 -9999 -9999 -9999 -9999 -9999 -9999 -9999 -9999 -9999 -9999 -9999 -9999 -9999 -9999 -9999 -9999 -9999 -9999 -9999 -9999 0.591310702267109 0.579515408522526 0.577112305828566 0.588889794185045 0.568370734879508 0.535566938667439 0.516665763250305 0.50218608640815 0.495827618151234 0.519080648796054 0.556882674181386 0.596971888104071 0.624129675766794 0.621981843343842 0.621708518832296 0.622561701927013 0.610573897689446 0.602571587209819 0.608088287313744 0.612657532125436 0.616537036862202 0.620864944563466 0.624472625052002 0.625258104180593 0.627518302917281 0.631071711042357 0.63574894698299 0.646192501238892 0.684051729016015 0.71171004258095 0.728617236147834
-9999 -9999 -9999 -9999 -9999 -9999 -9999 -9999 -9999 -9999 -9999 -9999 -9999 -9999 -9999 -9999 -9999 -9999 -9999 -9999 -9999 -9999 -9999 -9999 -9999 -9999 0.58332232732071 0.567958523078463 0.56105433757892 0.566922719543808 0.546963481659163 0.51734846297558 0.50356443124976 0.495246970715575 0.496970260877219 0.513704921424576 0.537815106916292 0.578602669842152 0.608368379668379 0.612770885118687 0.606893319054808 0.594837822941562 0.599259524294214 0.604105061531892 0.607309641899497 0.607881487953398 0.606536723927984 0.613085393616478 0.619394754203609 0.621505520110722 0.624715848391897 0.628890403619978 0.633492135392761 0.639848349065226 0.654472587176143 0.680445404017798 0.71837890685324
-9999 -9999 -9999 -9999 -9999 -9999 -9999 -9999 -9999 -9999 -9999 -9999 -9999 -9999 -9999 -9999 -9999 -9999 -9999 -9999 -9999 -9999 -9999 -9999 -9999 -9999 0.577260610663711 0.564846357062643 0.557688414333575 0.558466595828138 0.538496822359697 0.510639918711544 0.491849644085386 0.483167886970316 0.493052997581875 0.509802667945552 0.529925097116911 0.567500597515603 0.593435700557832 0.592588411169886 0.586559297438199 0.577416105338521 0.588127124172668 0.598044661588109 0.602286088600146 0.603821364402353 0.60338658319656 0.609132382184203 0.614742452763762 0.61725386696962 0.621013408545388 0.625867456509904 0.631711558931549 0.637460721296756 0.641887951688736 0.665742743674622 0.710072959884361
-9999 -9999 -9999 -9999 -9999 -9999 -9999 -9999 -9999 -9999 -9999 -9999 -9999 -9999 -9999 -9999 -9999 -9999 -9999 -9999 -9999 -9999 -9999 -9999 -9999 -9999 0.572831708071537 0.568890964373874 0.565078809273146 0.561460800809455 0.540997122732026 0.513685869068531 0.481309932917861 0.466732757228036 0.484847539662831 0.50714916153755 0.53150789998016 0.562557322605116 0.579205261942959 0.563107741851122 0.561548156910704 0.568725315319176 0.577148943677058 0.585548566858172 0.59366503939983 0.600367972862732 0.606041860883507 0.608422305720522 0.610450815028349 0.612579260259997 0.616548244608907 0.622131232360956 0.630334584614578 0.638426188746136 0.643705905985776 0.665076111997068 0.703404678015413
-9999 -9999 -9999 -9999 -9999 -9999 -9999 -9999 -9999 -9999 -9999 -9999 -9999 -9999 -9999 -9999 -9999 -9999 -9999 -9999 -9999 -9999 -9999 -9999 -9999 -9999 0.572898326569508 0.57084455585792 0.567927400748036 0.563706683880775 0.551186309304764 0.53474599690679 0.500518726368798 0.47974640505587 0.483687525872931 0.509018493610037 0.544858918209586 0.550217443908899 0.552291149697924 0.547732953886297 0.552531794086255 0.562953855279298 0.571952783297768 0.580257271670285 0.586837786135637 0.594591984642866 0.603200615993123 0.607313600063544 0.610674737835836 0.613179799215352 0.617751301698014 0.624134905288216 0.631663849387191 0.637303838947597 0.632656509090145 0.639641135046278 0.658885108563093
-9999 -9999 -9999 -9999 -9999 -9999 -9999 -9999 -9999 -9999 -9999 -9999 -9999 -9999 -9999 -9999 -9999 -9999 -9999 -9999 -9999 -9999 -9999 -9999 -9999 -9999 0.573648615493444 0.573378645152567 0.571335647082855 0.56661568247699 0.561895293825899 0.556201591680251 0.523264288572916 0.498273429621742 0.48787823985575 0.512217668201379 0.55362322946708 0.537551675357909 0.528441952393998 0.536580130858854 0.546637529429074 0.557848305925112 0.568086077313194 0.576885702256217 0.581774434398106 0.589731504484126 0.599922300700375 0.605790881600237 0.610748083402022 0.614192877215169 0.619087987234324 0.625254906839142 0.630761518646371 0.63323551147082 0.621350854735023 0.61589018036328 0.617199978110479
-9999 -9999 -9999 -9999 -9999 -9999 -9999 -9999 -9999 -9999 -9999 -9999 -9999 -9999 -9999 -9999 -9999 -9999 -9999 -9999 -9999 -9999 -9999 -9999 -9999 -9999 0.57415583598918 0.580194072140782 0.58079012126314 0.573169405174297 0.569175340977178 0.565808507853143 0.539820990078433 0.520009092952883 0.511540296494372 0.518150730073367 0.532170030026692 0.528992404153974 0.528445775155829 0.534299111747095 0.543077814488977 0.553614550472393 0.565995001149703 0.576947411578341 0.583531588590239 0.590882438901611 0.598791421404928 0.602650278347128 0.606692917669793 0.613112868776045 0.616739096590186 0.617915455852988 0.617450803468822 0.617086154072948 0.618630238371007 0.618765391304298 0.61741561946942
-9999 -9999 -9999 -9999 -9999 -9999 -9999 -9999 -9999 -9999 -9999 -9999 -9999 -9999 -9999 -9999 -9999 -9999 -9999 -9999 -9999 -9999 -9999 -9999 -9999 -9999 0.590618999747994 0.590260551558576 0.587397582762998 0.580753219157425 0.577171970156948 0.5742057098615 0.554519556549607 0.536443832359486 0.521326071535827 0.517977493621437 0.520411459198523 0.525524809472684 0.530040554007656 0.533134685523595 0.541284502086791 0.552472592122158 0.565560886632039 0.577405083605503 0.585392986629558 0.593343191135126 0.601265951412794 0.606857321775963 0.611842617413231 0.615593548152947 0.616830110363256 0.615861775472957 0.614169966206254 0.613314274250929 0.617198988796834 0.615656358551841 0.608393649311571
-9999 -9999 -9999 -9999 -9999 -9999 -9999 -9999 -9999 -9999 -9999 -9999 -9999 -9999 -9999 -9999 -9999 -9999 -9999 -9999 -9999 -9999 -9999 -9999 -9999 -9999 0.590702388619147 0.591381032232657 0.591104674657987 0.58938642975061 0.58589861109575 0.581370526001847 0.56732516398607 0.547478301253013 0.51697550442126 0.511583518435635 0.518529207626219 0.527244316319125 0.533256105649793 0.533107778671326 0.541290697030024 0.554480375394825 0.566814787495212 0.578266139222157 0.587360582188808 0.597138308967941 0.60741346104184 0.618549716868367 0.626369694442723 0.621701647521702 0.61940675571047 0.619192928293605 0.621106980534291 0.622151842919527 0.617081270515479 0.606450929167216 0.589960942120797
-9999 -9999 -9999 -9999 -9999 -9999 -9999 -9999 -9999 -9999 -9999 -9999 -9999 -9999 -9999 -9999 -9999 -9999 -9999 -9999 -9999 -9999 -9999 -9999 -9999 -9999 -9999 0.592114804397935 0.59179730464877 0.591000434955227 0.587000712263178 0.581286585299858 0.563061959066893 0.54493334840442 0.526981094798762 0.519987805950745 0.518378976739489 0.521732679885696 0.525766282363127 0.531207784934943 0.539824064421582 0.550348263485925 0.567148670988789 0.584993898335196 0.604719464595864 0.617906814875911 0.62633439483505 0.628447056679812 0.62850451044847 0.623706370430264 0.620338270503541 0.618224199655924 0.616517996825439 0.613897370869714 0.606423282282913 0.598341816511162 0.589620213506252
-9999 -9999 -9999 -9999 -9999 -9999 -9999 -9999 -9999 -9999 -9999 -9999 -9999 -9999 -9999 -9999 -9999 -9999 -9999 -9999 -9999 -9999 -9999 -9999 -9999 -9999 -9999 -9999 -9999 0.590778244499291 0.586438568658462 0.579782113132449 0.556346464525151 0.540416939570527 0.538274323017264 0.530804776374778 0.520717953311791 0.517150094029911 0.518275276192979 0.529843812105156 0.538968685161903 0.546625010245589 0.568253346342591 0.592519432034174 0.621855769220919 0.637621569635657 0.643508124953928 0.635045389566448 0.62644225445029 0.623367662958989 0.619567202259034 0.615130213184316 0.609628586378552 0.603546105499 0.595523218495815 0.591905964320042 0.592931969190431
-9999 -9999 -9999 -9999 -9999 -9999 -9999 -9999 -9999 -9999 -9999 -9999 -9999 -9999 -9999 -9999 -9999 -9999 -9999 -9999 -9999 -9999 -9999 -9999 -9999 -9999 -9999 -9999 -9999 -9999 0.586438568658462 0.579880783424113 0.559306119231815 0.543462351696543 0.536308081148637 0.535127966342464 0.536883128833597 0.529673775967769 0.527010518130675 0.534863156911615 0.544386911546024 0.554914942934039 0.57584781177822 0.596421441365522 0.61418094597943 0.624632296948972 0.629763368973892 0.622560648158814 0.615431093122839 0.613762307534252 0.610037456757748 0.604509603709111 0.605012731182418 0.605254907884569 0.599006822832087 0.594867222073271 0.592949830734484
-9999 -9999 -9999 -9999 -9999 -9999 -9999 -9999 -9999 -9999 -9999 -9999 -9999 -9999 -9999 -9999 -9999 -9999 -9999 -9999 -9999 -9999 -9999 -9999 -9999 -9999 -9999 -9999 -9999 -9999 -9999 -9999 0.548633691770546 0.545677074418027 0.53728987604883 0.537122869028751 0.540994682235274 0.530249951994445 0.522048249776033 0.519980087615954 0.52871172394128 0.543933626360381 0.561851244837441 0.579913631285181 0.597921474328725 0.613079726785077 0.626163499483671 0.618291516681061 0.60912719125089 0.604061220821052 0.598183058773574 0.591592670605729 0.594885468155649 0.598762789949 0.596986789498992 0.594083031009111 0.589990686696112
