layers/veg/veg_600.asc
NCOLS 255 
NROWS 330 
XLLCORNER -2985163.8955 
YLLCORNER -3022031.214 
CELLSIZE 25000 
NODATA_value -9999 
[rows 75 to 99 of 330, columns 171 to 227 of 255]
0.71489113634068 0.713538382126929 0.704848048629184 0.705418023034403 0.716157009430804 0.711806927147688 0.704911996758139 0.708685107987967 0.709013594459206 0.704788912702803 0.703506759778814 0.703658284011337 0.710047392816209 0.71499362072449 0.717632831423904 0.720211958237782 0.722984833865549 0.736058118372562 0.744701383489234 -9999 -9999 -9999 -9999 -9999 -9999 -9999 -9999 -9999 -9999 -9999 -9999 -9999 -9999 -9999 -9999 -9999 -9999 -9999 -9999 -9999 -9999 -9999 -9999 -9999 -9999 -9999 -9999 -9999 -9999 -9999 -9999 -9999 -9999 -9999 -9999 -9999 -9999
0.705777333275459 0.703089758985935 0.70864095055718 0.710400267978296 0.707995618703512 0.701022218292079 0.694707650240611 0.702880263013881 0.70374411154163 0.694947101346505 0.693495123348755 0.694944884432957 0.702500226379059 0.70782742369481 0.709592048369803 0.71623332327409 0.725002509699747 0.736861160635567 -9999 -9999 -9999 -9999 -9999 -9999 -9999 -9999 -9999 -9999 -9999 -9999 -9999 -9999 -9999 -9999 -9999 -9999 -9999 -9999 -9999 -9999 -9999 -9999 -9999 -9999 -9999 -9999 -9999 -9999 -9999 -9999 -9999 -9999 -9999 -9999 -9999 -9999 -9999
0.705483570793341 0.703192062113363 0.706965818463883 0.70544450549166 0.698108523719938 0.692068099498969 0.687682935965865 0.693697003601336 0.691422025223158 0.678190433689161 0.679270720881489 0.685275086907952 0.692970253383287 0.698776770102779 0.701563531346578 0.710887238411744 0.722711973959766 0.722164556236578 -9999 -9999 -9999 -9999 0.73504231428978 0.736559060306326 0.741227561883056 -9999 -9999 -9999 -9999 -9999 -9999 -9999 -9999 -9999 -9999 -9999 -9999 -9999 -9999 -9999 -9999 -9999 -9999 -9999 -9999 -9999 -9999 -9999 -9999 -9999 -9999 -9999 -9999 -9999 -9999 -9999 -9999
0.710326130948922 0.709438663663293 0.702106394114485 0.69470137592229 0.687216470340313 0.68418001901824 0.682509870435168 0.682546335264048 0.674992877699988 0.65740692141349 0.662593027484283 0.675048334074452 0.682285599281768 0.688628709213155 0.6935421574075 0.704744823441369 0.718361362689119 0.720432997251224 -9999 -9999 -9999 0.734836668646382 0.73504231428978 0.736559060306326 0.741227561883056 0.743043751317272 -9999 -9999 -9999 -9999 -9999 -9999 -9999 -9999 -9999 -9999 -9999 -9999 -9999 -9999 -9999 -9999 -9999 -9999 -9999 -9999 -9999 -9999 -9999 -9999 -9999 -9999 -9999 -9999 -9999 -9999 -9999
0.699927595154164 0.691975169943949 0.667067754469748 0.653564057541524 0.652583113836333 0.669118949976127 0.68464818310699 0.656598910627063 0.638648861225177 0.634048150246336 0.648671906009825 0.668922928993089 0.677645729874716 0.686167618464723 0.694368269095771 0.706614994816085 0.720352696502764 0.723751319072734 0.72692409095819 0.729656213001954 0.72740411731833 0.722548614467091 0.727495811521446 0.733408451435965 0.741042536925853 0.746935325155715 0.751719354761879 0.757223049645216 0.762953354501208 0.769206746752601 0.771926651615251 -9999 -9999 -9999 -9999 -9999 -9999 -9999 -9999 -9999 -9999 -9999 -9999 -9999 -9999 -9999 -9999 -9999 -9999 -9999 -9999 -9999 -9999 -9999 -9999 -9999 -9999
0.688809018317743 0.675468385059707 0.636118963001864 0.618098850890901 0.623501071048615 0.652821580805469 0.678963139382455 0.631389192068033 0.608708691177667 0.618932804658412 0.640458554227682 0.664821233384227 0.675818685518073 0.68647217856109 0.696575716619212 0.708258367057142 0.720413273624538 0.723379639114916 0.726091347046387 0.728306200991076 0.723197609644212 0.714263762057254 0.722098089673191 0.730709531618309 0.740155276860309 0.746952174956553 0.752062438505594 0.758162234720147 0.764203009520529 0.769833341400856 0.770765333783316 0.768080775421224 0.763080793125133 0.758929929862355 0.75937003690051 0.769479329387128 0.788545075811364 0.799259919998575 -9999 -9999 -9999 -9999 -9999 -9999 -9999 -9999 -9999 -9999 -9999 -9999 -9999 -9999 -9999 -9999 -9999 -9999 -9999
0.677914715189334 0.664982310203952 0.620677212719381 0.602492689941298 0.612991925866515 0.634178930174822 0.650861887111526 0.610320935368917 0.599119662328487 0.626700115089373 0.647436701645516 0.665656708571025 0.680804518373605 0.693224745147674 0.701283848976489 0.708130669250876 0.714438855619459 0.7195251213101 0.722984409238479 0.723269354370794 0.72143585258508 0.718495822113769 0.723653308962216 0.729697011485645 0.737376832358385 0.745241898972385 0.75322491949227 0.761666300707981 0.768865427787823 0.772171143665516 0.771646343786605 0.768173001211311 0.763080793125133 0.758929929862355 0.75937003690051 0.769479329387129 0.788545075811364 0.799259919998575 0.806939665369535 -9999 -9999 -9999 -9999 -9999 -9999 -9999 -9999 -9999 -9999 -9999 -9999 -9999 -9999 -9999 -9999 -9999 -9999
0.663781706141148 0.650857195682967 0.617268819912205 0.606767332722235 0.621618225742218 0.627559425806786 0.628610314943467 0.609280978185838 0.60862701013978 0.6326584872195 0.649072565559726 0.663021696009026 0.678249968186541 0.691344814094155 0.701028532215586 0.707919883424578 0.713615833402567 0.718625625105107 0.720480454760838 0.716179741742628 0.715726931251569 0.717283996244968 0.722108226793782 0.727592273526081 0.734465975951582 0.742772613953279 0.751991663473549 0.75890630353105 0.765074916951781 0.769506365534995 0.75988419601605 0.73944424224927 0.735152463146899 0.736953353744236 0.754463989196543 0.769558019388157 0.782413576254573 0.795050568619195 0.807085733800147 0.816076101616757 -9999 -9999 -9999 -9999 -9999 -9999 -9999 -9999 -9999 -9999 -9999 -9999 -9999 -9999 -9999 -9999 -9999
0.647361114903059 0.634161732839923 0.622359900328942 0.625084304032371 0.643760387938986 0.629432182217667 0.610490523910043 0.6223875296398 0.631622625247417 0.63733915919959 0.646935035748473 0.657935387725501 0.6703694494242 0.683367525532718 0.697267402304465 0.707650410369639 0.716431375955091 0.719813337479709 0.718402403085517 0.707640207115986 0.707230025174041 0.712227012218836 0.718373321105372 0.724716073720273 0.731461593573963 0.739767221120337 0.749066236124368 0.751721835689878 0.755313882533698 0.763308134815988 0.739191857217349 0.690358472478721 0.687497627633891 0.699454150574399 0.746092672453518 0.769692290182668 0.771951239156197 0.787868042927284 0.805150974573986 0.815408553584474 0.820812093829003 -9999 -9999 -9999 -9999 -9999 -9999 -9999 -9999 -9999 -9999 -9999 -9999 -9999 -9999 -9999 -9999
0.611222447216356 0.601142347903574 0.589695724534838 0.591613351541945 0.608206648488885 0.611390219060642 0.611382978383188 0.613538614963692 0.611484171068115 0.60386476552854 0.619960587081466 0.643392059040582 0.658109116085859 0.670672555684339 0.679792583894663 0.692813781728718 0.707166076632922 0.706544922843709 0.705041369755662 0.701816196420257 0.703600820005092 0.708002211541052 0.715193823499455 0.723663590013143 0.735045079969534 0.741044640005285 0.743617294509952 0.748626279475475 0.752690413542581 0.753306863965797 0.73574567852838 0.70419224273617 0.637650667356302 0.603052107197197 0.713750035043908 0.766862646868517 0.76663465071906 0.764835838365529 0.766380427956228 0.787789212748595 0.802434416696433 0.809550368602271 0.811035879670191 -9999 -9999 -9999 -9999 -9999 -9999 -9999 -9999 -9999 -9999 -9999 -9999 -9999 -9999
0.578852956170528 0.570734564366079 0.558358930906902 0.558779775562626 0.573252803013878 0.593258964926576 0.611418280380351 0.603771445170495 0.592128444672983 0.575203239553675 0.595700604139783 0.62782317131223 0.646887370579951 0.660380964639027 0.664967737552631 0.678424311831567 0.695208575460316 0.692108690727807 0.691748423949916 0.696733335649528 0.700678771723967 0.704081258344519 0.712203370645549 0.722642798807772 0.738382289854019 0.742522178037354 0.739276101744107 0.744904428202804 0.747885675155866 0.740730626171394 0.730003838089765 0.716527700861055 0.595236896810167 0.519289341431646 0.68017522611967 0.758295415033887 0.759750703293969 0.74194294010107 0.729002848575981 0.762959096196666 0.788502565250253 0.804680887104269 0.75752295716286 -9999 -9999 -9999 -9999 -9999 -9999 -9999 -9999 -9999 -9999 -9999 -9999 -9999 -9999
0.567010968126355 0.55553893320304 0.545699918557839 0.547421562865529 0.561838301197067 0.582214793958849 0.601387112666005 0.598946372364188 0.591541590837544 0.577575248511214 0.590176249085459 0.612176464178837 0.640930493250677 0.660259683536743 0.664519532118336 0.671013710058954 0.678311127749736 0.678953950011808 0.682886411444674 0.693237179658173 0.698424680052512 0.70091525001886 0.709668632461507 0.721055357252535 0.738409081511283 0.743109207551962 0.739752245083309 0.737469771387836 0.732789351461174 0.720549211041414 0.709813678434808 0.700236318946468 0.57967087917417 0.501679846576149 0.65119212730162 0.730734777715707 0.745465373975269 0.725427273461954 0.710191097295482 0.757912267674312 0.78631494399608 0.793212176061183 0.750423363303317 0.700633513832936 -9999 -9999 -9999 -9999 -9999 -9999 -9999 -9999 -9999 -9999 -9999 -9999 -9999
0.575857808101561 0.563739849116942 0.556729725882195 0.552654983836868 0.551803668790586 0.569671992595783 0.589117869060573 0.582888652077985 0.576345525475716 0.56938746737674 0.584779179396028 0.60809509877007 0.637332025345481 0.656694953143193 0.660270378899464 0.659912130054659 0.657979502237798 0.660232040379412 0.666259552440547 0.679652291946531 0.690027425936601 0.698826373600379 0.707581372469091 0.718418859433779 0.734285456646666 0.739269263156147 0.737323530224376 0.730684247753762 0.721247757264394 0.704378318611699 0.688403204970275 0.673116498751697 0.595589168573186 0.548428464179789 0.654635969795365 0.711831497597887 0.723627800821069 0.69231521676565 0.667896192479207 0.726652414402365 0.748008696963318 0.727731179871938 0.727673109474146 0.738970164321041 0.799344614957113 -9999 -9999 -9999 -9999 -9999 -9999 -9999 -9999 -9999 -9999 -9999 -9999
0.602318799210202 0.59186022667593 0.5879278312614 0.572014267457976 0.542943836054495 0.555853280279621 0.574943161938464 0.557267627860106 0.548711401296583 0.552209242779551 0.579490478515706 0.613860288074627 0.635741471082917 0.650198522791585 0.65278515698375 0.645668107745649 0.634724070372231 0.636770328444685 0.643021822118279 0.657478012651212 0.67639997745528 0.697654550781354 0.705875088551725 0.71488921118834 0.726628230757639 0.731660261013373 0.732421663610535 0.724451386162376 0.712732605288316 0.691621923750448 0.665953775028752 0.636777512143652 0.638312714506152 0.649970592486697 0.685687613201081 0.700298958732326 0.695360362998342 0.645073247903083 0.605608090605981 0.673075193555447 0.67895160543612 0.616264951810907 0.691598123582587 0.793914837394277 0.819352837642791 0.833921265974933 -9999 -9999 -9999 -9999 -9999 -9999 -9999 -9999 -9999 -9999 -9999
0.594206372617378 0.584238402304027 0.591185571183689 0.580903977094045 0.551702979992753 0.549285493006386 0.553838225448349 0.558773853227154 0.564810705649044 0.572303177015751 0.587113777213592 0.604772040750248 0.627906087602864 0.640164798954381 0.635034974486676 0.629733797439624 0.624700024708953 0.635639944387912 0.645860067560653 0.654675819446244 0.663778419826862 0.673030849823442 0.681476037534336 0.692030715408065 0.707727080513962 0.713136018672971 0.711994511020762 0.709989875190921 0.704258438218589 0.687368092346306 0.671669304243075 0.656887718725735 0.659680581152844 0.666186788469683 0.678200682681352 0.65872881561397 0.610092054348453 0.617177014680382 0.637146504022574 0.66825325718023 0.67323975961192 0.649149068226218 0.711699871966948 0.789344295421339 0.803686761735755 0.813177866257487 0.816166716860318 0.816927905689037 -9999 -9999 -9999 -9999 -9999 -9999 -9999 -9999 -9999
0.581478244711772 0.572844166871026 0.590351422376673 0.588286889803265 0.564730010565973 0.54753055538058 0.536620452901289 0.562303237238115 0.581297188180072 0.591449716375596 0.59211293344859 0.591294476496213 0.614285431724609 0.623835660713349 0.611895559621606 0.608643696411423 0.609531211685147 0.632292747384083 0.648070351295108 0.650221835615936 0.648597194635322 0.645000169578955 0.655989455552123 0.669111811838657 0.686476766534106 0.692326631877025 0.690844346118946 0.6943842868223 0.693912655862639 0.68004295231349 0.670620668876254 0.664621790777091 0.662991403122087 0.661907660809242 0.66069778379573 0.616989806843184 0.533916334568521 0.592985693817536 0.667288624615554 0.674005280262105 0.685694647121288 0.702919660986487 0.740027881717491 0.778664683987874 0.786999048089612 0.797139400824804 0.809700310337907 0.806797026548399 -9999 -9999 -9999 -9999 -9999 -9999 -9999 -9999 -9999
0.573886622454414 0.571432604924671 0.591976997095059 0.596715302995684 0.584096488323734 0.562675453747674 0.542933369954968 0.554328574835001 0.565797241740007 0.577363012097926 0.574864215782184 0.568772516618326 0.578440715535596 0.580804852811362 0.571490551526194 0.564753078298495 0.560082106450689 0.601323052921408 0.627193249499686 0.623074081550092 0.62067047725671 0.619162963576413 0.64295467976206 0.660847596640111 0.66293173738272 0.669267858926659 0.678311398950772 0.679788390697056 0.67478415322534 0.651786705815912 0.616179469197445 0.570865836825055 0.598376968799786 0.627738254333074 0.626145778675495 0.597673991010396 0.544304209491179 0.571167118973394 0.618393978540534 0.691520020378413 0.734138552429042 0.74279597192082 0.763406336610143 0.785413852853612 0.793103229645686 0.795608520551083 0.791165609237591 0.794063982407352 0.799128329875106 -9999 -9999 -9999 -9999 -9999 -9999 -9999 -9999
0.575123905010124 0.570267245798504 0.595859834779277 0.603743564073631 0.592180682262998 0.562241469709656 0.53245665412505 0.541288191451792 0.551546487914554 0.56369070078967 0.555889406068878 0.542253144696247 0.540624452467557 0.539655484199078 0.539741346258526 0.537691446424836 0.535476199624264 0.567937664888108 0.590239591848874 0.592719577802347 0.595776268838379 0.599134190323731 0.625262149955888 0.642635431163258 0.637463939484345 0.645281561077137 0.661369907999141 0.659712970526548 0.652427790903539 0.632120838886524 0.583867892373158 0.514103493303224 0.553759380032607 0.59667620507516 0.594995541055738 0.578337343361727 0.547805630554109 0.568462960519312 0.608393425103271 0.699039186600877 0.749922949515808 0.756543456634114 0.771799748321825 0.787697709390438 0.790253314064183 0.787672208225741 0.778206397126088 0.786693389248338 0.799411795524889 0.783993799647526 0.776446289455852 0.781665239365638 0.780674539067069 -9999 -9999 -9999 -9999
0.585396674666273 0.569353850245736 0.602052751781585 0.60933891171137 0.588718604941685 0.545864082272127 0.504797454787517 0.523063557299186 0.538574155817984 0.550442478585206 0.535148116508509 0.511642827665439 0.500790511468842 0.500431577554311 0.516850475795676 0.527852572220202 0.536294782414847 0.532080059908521 0.536833212583504 0.559083291546056 0.573985525252064 0.585049757880732 0.60280288212041 0.614242549242118 0.610028383117804 0.620346035725552 0.639916720372723 0.634029814189915 0.626768042130208 0.621246352702499 0.574203736273538 0.495200351677647 0.529606531104429 0.568794220237064 0.567326666868937 0.558979376465921 0.544259465723344 0.5853204653045 0.638197024021522 0.696328898446892 0.732283657992794 0.743550742277605 0.764857490748595 0.785411772413622 0.778239789757065 0.773180586957721 0.77095313155084 0.784810719869313 0.801865667534441 0.784931645902142 0.776446289455852 0.781665239365638 0.780674539067069 0.777078818105556 -9999 -9999 -9999
0.596333506510086 0.582131729515377 0.602782351170213 0.605338227297913 0.588023739915998 0.549540330995562 0.510105059591519 0.506257406140165 0.50351304998886 0.502227052458386 0.486038438231639 0.466657858835262 0.472574867105998 0.482625939808667 0.499286953643394 0.506829645326043 0.51057823307548 0.517228682960956 0.527658097934756 0.545460527391577 0.555364824224097 0.561143688298755 0.589033242784481 0.606756829834419 0.598570245690945 0.601433304788713 0.611332145492387 0.611577273996878 0.611096752003629 0.610653365318426 0.567296309807943 0.490906421950634 0.507727609658829 0.533881174903855 0.548081612456249 0.547961432238404 0.534576230463057 0.577134193334433 0.629789079686648 0.678171537827999 0.713825241902075 0.735309233252063 0.733675626314542 0.729219149963108 0.75147070269328 0.763621899181785 0.76223564293821 0.771445862921366 0.782940468656335 0.774676136852824 0.768416349896825 0.765408070260617 0.755899799992824 0.74352900540369 0.727273499117657 0.72219363757821 0.739252500298318
0.606798845646783 0.597932911697012 0.603271794417794 0.600014484124817 0.587317445612062 0.554149928779507 0.517175824092974 0.491885429908802 0.471440006234462 0.457398753503336 0.443646839859766 0.432439577564688 0.455451359732196 0.474016895484499 0.485473343425759 0.48744186520883 0.485936037516714 0.509706463659046 0.528707494187361 0.538403113812029 0.5412196694912 0.540443082703143 0.57879868074725 0.603219549379318 0.591576699723476 0.586014730184824 0.584324717734938 0.589017866141337 0.593761288495479 0.59717085059323 0.558845761815282 0.488395390739912 0.487269572256942 0.499839339218345 0.530352401791597 0.540210721999838 0.530936794763704 0.57089847265755 0.61944152793373 0.662564436848623 0.697263513143962 0.722585136813221 0.697119715118842 0.668021350018738 0.718536434379565 0.74755716584611 0.747769132616553 0.75307832183093 0.759591659170242 0.75815707407242 0.751256351622914 0.735489184687492 0.720341645701381 0.70583948701712 0.712702916105984 0.722565373933112 0.738368846510486
0.613091590700438 0.612789369792103 0.610589120926513 0.600666710455989 0.58226437093977 0.53404316625022 0.485142088149459 0.491575463610307 0.493404208674329 0.489146468767646 0.489885843491543 0.492285555536888 0.4944514921096 0.493752716371282 0.488473562158472 0.496230365039954 0.509416566669365 0.518697588203335 0.529758396892726 0.544291689758847 0.552062076725616 0.556299994074226 0.578754856411202 0.593778095207008 0.589732707804727 0.584629264456139 0.578852111522317 0.560759366976639 0.549900847235385 0.563962814065403 0.535838706361581 0.47524183262322 0.472788441382905 0.482464507433103 0.509743301651673 0.541402096487828 0.577118034915575 0.616333637214733 0.655114371546124 0.68782197242517 0.69462858062937 0.67260207417588 0.66209308110025 0.656598935679094 0.667213492790647 0.6804439774635 0.69718057566981 0.719031578766452 0.739702944465407 0.717095236976432 0.685534266392206 0.639450497514701 0.651024508322965 0.687124618599044 0.708887725060768 0.725418901534477 0.731585731433427
0.621510921317042 0.628194541144456 0.619999025601476 0.60553722093348 0.584194222905584 0.529850668050754 0.476144105687789 0.494618513034632 0.506215400137788 0.508721454754636 0.51197006007973 0.514834840178209 0.50884926965464 0.500270678095117 0.487546114288657 0.493298764684791 0.506658124297051 0.510302024255824 0.518766119559029 0.53663473944895 0.548866590281057 0.55815418671459 0.570779598127037 0.581010429088207 0.58525430795286 0.581217466783091 0.571907936130968 0.541137510905673 0.522469509984025 0.545691797741201 0.528707862607499 0.480775153891636 0.469541310444196 0.46909275627703 0.492186400146963 0.530207833315666 0.582056703961653 0.616950057970085 0.648915359178192 0.682895077451201 0.682154316485534 0.642762544285423 0.640291991007059 0.646214338661437 0.641146300540564 0.648716322284143 0.673225067172401 0.700308448486458 0.723943270196919 0.683583903404932 0.638504304774736 0.585768170850699 0.611530181040845 0.670524109517074 0.701030345658354 0.721955462661265 0.723900578106135
0.632547334452716 0.644274986465834 0.631984161592817 0.615598962787756 0.594717613525536 0.545243059219044 0.495495073205505 0.501787951251979 0.507762438660235 0.513316071479238 0.504328188037861 0.491484949241578 0.492970159271205 0.49052208146477 0.481785083521778 0.475943823057276 0.471608691666572 0.48050953214837 0.492952902732765 0.512307987276538 0.528395370006699 0.54277593357516 0.553043520669442 0.564149360243672 0.577533873983024 0.575311963706499 0.56315277413257 0.532144339641869 0.515256649550313 0.545803025302679 0.541115078751888 0.509305483240417 0.480119301504907 0.460647396289762 0.478385686886976 0.503771185180183 0.536240202953454 0.562410291749462 0.591186747326313 0.640821713076644 0.657571278890556 0.637712652932279 0.63476691652095 0.637106931529144 0.646160096167126 0.660535873475249 0.682045519699398 0.700443322251054 0.713264999533705 0.659364596981733 0.614477805046969 0.584211699167692 0.608737294948006 0.656525636748133 0.688198447161706 0.71071804900792 0.715105331407876
0.639835753824601 0.633981693919222 0.620941812676329 0.602706366578563 0.57876552041594 0.538437527005544 0.498487352380961 0.494864607498657 0.493893243275587 0.496426522670636 0.48640166906678 0.472456179072191 0.462620250215114 0.455139519689215 0.451424507521052 0.440167327804036 0.426452085302023 0.447107082032659 0.467732048387378 0.488298423463428 0.495224898292994 0.495026842050785 0.518082205113781 0.540261038309899 0.558880109340288 0.556993981132483 0.542051313407904 0.523685947265158 0.515006650971957 0.536649723670921 0.534193958786875 0.513188093586913 0.478435898448676 0.450489563876232 0.456809687673448 0.464495152526638 0.473445316908255 0.509641632381271 0.55236172740734 0.601745123042131 0.617792676716354 0.596730604303034 0.607251015313249 0.626515414691759 0.649133446248728 0.66419877579348 0.669141259762934 0.674268329846248 0.676694314689492 0.638252135023564 0.606238325040297 0.584651765464248 0.600580428510744 0.632712988844914 0.669377311662746 0.69486348823124 0.698205985114249
