layers/veg/veg_800.asc
NCOLS 255 
NROWS 330 
XLLCORNER -2985163.8955 
YLLCORNER -3022031.214 
CELLSIZE 25000 
NODATA_value -9999 
[rows 75 to 99 of 330, columns 0 to 56 of 255]
-9999 -9999 -9999 -9999 -9999 -9999 -9999 -9999 -9999 -9999 -9999 -9999 -9999 -9999 -9999 -9999 -9999 -9999 -9999 -9999 -9999 -9999 -9999 -9999 -9999 0.778977407591895 0.793996659554225 0.809015911516554 0.81529990061044 0.809280921356582 0.732471972391153 0.650405358220076 0.561762764126861 0.432938809897635 0.303574736597122 0.311409054170395 0.337381847285963 0.39074677440958 0.472373931694661 0.562093633218696 0.565021898939973 0.567175506443228 0.567905920706287 0.561918841024252 0.552630454897914 0.539484522567841 0.544884602054119 0.592340497804722 0.63260572897479 0.668548652067924 0.679792507424541 0.691929678821367 0.710868199063417 0.727163633303493 0.741534496075172 0.758633915398722 0.774263196371741
-9999 -9999 -9999 -9999 -9999 -9999 -9999 -9999 -9999 -9999 -9999 -9999 -9999 -9999 -9999 -9999 -9999 -9999 -9999 -9999 -9999 -9999 -9999 -9999 -9999 0.76504081303864 0.788372254685671 0.811703696332702 0.827186581455645 0.827355422517967 0.734443521879312 0.657471578485853 0.600436400691606 0.467823398388622 0.324709481452611 0.331097173667853 0.363349669779592 0.434662348913475 0.518359330393113 0.604108089562803 0.609923682655059 0.610980164456203 0.603293261289263 0.596755438111407 0.590782329275533 0.581655914419236 0.57832857717424 0.58820267423653 0.629909807769061 0.690751777742321 0.705072932417178 0.717342524477165 0.731829037923757 0.740899664004216 0.746026694494849 0.758293136151361 0.770114545643364
-9999 -9999 -9999 -9999 -9999 -9999 -9999 -9999 -9999 -9999 -9999 -9999 -9999 -9999 -9999 -9999 -9999 -9999 -9999 -9999 -9999 -9999 -9999 -9999 -9999 0.801159802691716 0.807264212432882 0.813368622174049 0.805558769358851 0.787647539938065 0.722682361898527 0.672615237492218 0.641181726627103 0.506346061604076 0.352943727742967 0.356015430082696 0.394306853850212 0.485785951897549 0.566728653273294 0.640926256214574 0.642940738009046 0.640962047012444 0.631647144521554 0.625708987504132 0.621430329056183 0.621388182097215 0.618112752985599 0.607411716555836 0.640846886908132 0.700812328687048 0.714803097847221 0.726266587041108 0.738503068594078 0.746057847791782 0.750203630547546 0.760151863393519 0.770169225606438
-9999 -9999 -9999 -9999 -9999 -9999 -9999 -9999 -9999 -9999 -9999 -9999 -9999 -9999 -9999 -9999 -9999 -9999 -9999 -9999 -9999 -9999 -9999 -9999 -9999 0.866428502924888 0.840433196131492 0.814437889338097 0.764413898676327 0.714290269594679 0.702924002147779 0.692462767310399 0.683133494291867 0.546987346087635 0.385312346159245 0.383979440130293 0.428169576798358 0.541107127387903 0.616486246833843 0.674718380057662 0.66903675952551 0.662894280156613 0.655905116190715 0.651236562745508 0.64770847128349 0.659700033554878 0.661589124544938 0.640216732118957 0.659723100525211 0.703801689779947 0.715477618979385 0.725588459108895 0.736857221862993 0.746220749656593 0.754196974561513 0.76329146625835 0.772671701855798
-9999 -9999 -9999 -9999 -9999 -9999 -9999 -9999 -9999 -9999 -9999 -9999 -9999 -9999 -9999 -9999 -9999 -9999 -9999 -9999 -9999 -9999 -9999 -9999 -9999 0.865859867673624 0.845776629255423 0.825693390837221 0.768924524641063 0.712079779229712 0.714935132056448 0.675190886617937 0.582165556909852 0.499322774013454 0.429444247439223 0.471609022782278 0.524869532047967 0.594886456692541 0.64960469215985 0.696518475185537 0.694405798991681 0.689129357410089 0.678040482153043 0.671488759513916 0.66716681650671 0.669297534919088 0.666561763859349 0.652647533276983 0.673592292263823 0.715490787929833 0.727374317367643 0.736919918732048 0.745018449707247 0.752568248903094 0.759718487310697 0.76640431958052 0.772599839457119
-9999 -9999 -9999 -9999 -9999 -9999 -9999 -9999 -9999 -9999 -9999 -9999 -9999 -9999 -9999 -9999 -9999 -9999 -9999 -9999 -9999 -9999 -9999 -9999 -9999 -9999 -9999 0.83158407339585 0.83158407339585 0.733179899356448 0.732453954259545 0.660393151195215 0.499110882823751 0.461422388669064 0.467915498117542 0.539051237481994 0.598109277044019 0.63892796839149 0.678331705355376 0.715925190176472 0.718463874411728 0.715370073726645 0.70192833600604 0.693617588626352 0.68782846190112 0.683200713840887 0.677739921425003 0.670364110229751 0.688522715155772 0.72203005618326 0.738692253362863 0.751739509421495 0.757441647849537 0.763140173727802 0.768836069116473 0.773717559341398 0.776797438178136
-9999 -9999 -9999 -9999 -9999 -9999 -9999 -9999 -9999 -9999 -9999 -9999 -9999 -9999 -9999 -9999 -9999 -9999 -9999 -9999 -9999 -9999 -9999 -9999 -9999 -9999 -9999 -9999 -9999 0.733339885711502 0.733880950837545 0.657687579484082 0.485519266043469 0.462880297753102 0.489236917715133 0.542786435316811 0.598248110934753 0.656597465205952 0.697457503407227 0.730519344613672 0.739046246640641 0.741007720496905 0.73090726462188 0.721629690606116 0.712756521150607 0.712989803770736 0.711399464703427 0.705444441449647 0.707071007115623 0.713254865456962 0.746816589419255 0.774358862551439 0.780094514121136 0.784359910427979 0.787554735694742 0.792505749369874 0.79302480556911
-9999 -9999 -9999 -9999 -9999 -9999 -9999 -9999 -9999 -9999 -9999 -9999 -9999 -9999 -9999 -9999 -9999 -9999 -9999 -9999 -9999 -9999 -9999 -9999 -9999 -9999 -9999 -9999 -9999 0.791220770981621 0.731079940904441 0.642698154893426 0.518994234068018 0.500782170016002 0.519683149809355 0.586919509345172 0.643595925380124 0.684325059251332 0.717252648724902 0.746210344177657 0.750446780267029 0.7502500459516 0.74190874154581 0.736138376841554 0.731631498174498 0.732369747336792 0.731791835217533 0.728098683583432 0.724296498702931 0.720428773944122 0.746158698918054 0.769646449916135 0.781659947086642 0.788973147535453 0.792863811995338 0.798282770607237 0.800066862501639
-9999 -9999 -9999 -9999 -9999 -9999 -9999 -9999 -9999 -9999 -9999 -9999 -9999 -9999 -9999 -9999 -9999 -9999 -9999 -9999 -9999 -9999 -9999 -9999 -9999 -9999 -9999 -9999 -9999 0.786429327748334 0.688342714374811 0.619032325662567 0.585713554561154 0.564425360929791 0.556574474193694 0.65958665357917 0.720876018118811 0.719156948857872 0.73752057141789 0.762676073970093 0.755361942582161 0.747911929721168 0.740212276968118 0.741109249479603 0.746231025856493 0.744397440212683 0.742813256692792 0.741976055946492 0.7405876619974 0.738867945844959 0.739297693481913 0.745628900558961 0.768330777684193 0.781856782250518 0.788701346064883 0.794869665067532 0.800621095860816
-9999 -9999 -9999 -9999 -9999 -9999 -9999 -9999 -9999 -9999 -9999 -9999 -9999 -9999 -9999 -9999 -9999 -9999 -9999 -9999 -9999 -9999 -9999 -9999 -9999 -9999 -9999 0.775038177577704 0.778466962203837 0.774659380585542 0.715150958983297 0.668900889079882 0.639233589505484 0.628337443634484 0.628182563938228 0.683981579680989 0.718764677798017 0.72181022274726 0.738257756935423 0.758643587188483 0.740699314121837 0.729956948558131 0.732445845293409 0.738942255571483 0.74740815482753 0.737642392269511 0.730624011688072 0.730299842951038 0.729605945680431 0.728689804608986 0.72838008723306 0.73119492985042 0.742769157650516 0.76067549731915 0.783192584359525 0.791516052278806 0.797667879964711
-9999 -9999 -9999 -9999 -9999 -9999 -9999 -9999 -9999 -9999 -9999 -9999 -9999 -9999 -9999 -9999 -9999 -9999 -9999 -9999 -9999 -9999 -9999 -9999 -9999 0.813981812058686 0.797279252557975 0.780576693057264 0.77266790083332 0.763966799890903 0.735346995397692 0.706529875400057 0.677465964717838 0.668390750674012 0.667178385383283 0.684631390934369 0.701127002690992 0.716176789573562 0.73272982057653 0.748548165024896 0.727079205401139 0.71699762916853 0.727836823785289 0.736644657154386 0.744454179839108 0.730278380129952 0.71998343101564 0.719045452943144 0.718671109405036 0.718635566554004 0.719458143806757 0.72037496376598 0.721410892455528 0.739950899780729 0.771236557568155 0.784375039512688 0.793726958452931
-9999 -9999 -9999 -9999 -9999 -9999 -9999 -9999 -9999 -9999 -9999 -9999 -9999 -9999 -9999 -9999 -9999 -9999 -9999 -9999 -9999 -9999 -9999 -9999 -9999 0.810794560720686 0.800344164672393 0.7898937686241 0.777536865081424 0.759640508827373 0.706543796477936 0.673968744422855 0.667060983986044 0.624783700797492 0.579056587324744 0.620055568325879 0.658611390338542 0.693477633353283 0.712516714592495 0.72483518064381 0.724384919347916 0.727337417596938 0.736541426860335 0.736541894152072 0.732019288900714 0.727760788141279 0.723391224893509 0.718763477395821 0.718034373498349 0.71964874405078 0.719032928354138 0.718651288305478 0.719319280559073 0.726051924316238 0.737200563330776 0.763947333057265 0.787630081113171
-9999 -9999 -9999 -9999 -9999 -9999 -9999 -9999 -9999 -9999 -9999 -9999 -9999 -9999 -9999 -9999 -9999 -9999 -9999 -9999 -9999 -9999 -9999 -9999 -9999 0.804753638635101 0.79053636946838 0.776319100301659 0.770769881846703 0.758951015621155 0.689519440245186 0.650647176400817 0.64999671086537 0.60261906202835 0.548721926907659 0.586946014901697 0.628223957222837 0.674113730718762 0.700584212439334 0.71891463402552 0.724546871067588 0.729438567498156 0.732969751165985 0.729958373232351 0.723731659199613 0.721608654201294 0.718947973021029 0.714963123630773 0.714876839491278 0.717133982705833 0.716599175922728 0.716413090104487 0.717698645203865 0.718842789069067 0.719883963894897 0.75178353291288 0.781245353380825
-9999 -9999 -9999 -9999 -9999 -9999 -9999 -9999 -9999 -9999 -9999 -9999 -9999 -9999 -9999 -9999 -9999 -9999 -9999 -9999 -9999 -9999 -9999 -9999 -9999 0.796283145005593 0.769768948518969 0.743254752032344 0.754096231238112 0.76135783637919 0.682523410173374 0.635192030688766 0.627262818253945 0.598710163485618 0.567586349929801 0.580626360861794 0.608162270053172 0.657589411876654 0.695701689493141 0.728142296261428 0.727140579857195 0.724525466808874 0.718946239853022 0.717857234334971 0.718974944161976 0.712362126940851 0.707820461108654 0.708167276567914 0.709573136611062 0.711615588294314 0.712455385887043 0.713736835126957 0.716478992058479 0.717329281265657 0.716802000979624 0.746655495962952 0.774615554235344
-9999 -9999 -9999 -9999 -9999 -9999 -9999 -9999 -9999 -9999 -9999 -9999 -9999 -9999 -9999 -9999 -9999 -9999 -9999 -9999 -9999 -9999 -9999 -9999 -9999 0.810486119507615 0.795351933435306 0.780217747362998 0.774181284920901 0.761143268665728 0.684722752561353 0.624246760625837 0.583713246330358 0.565528817227361 0.557461565436712 0.585438193631981 0.616293331766121 0.651495501700438 0.673701001173145 0.690332146896589 0.694917984998047 0.698010419547908 0.698359190130776 0.69966048440269 0.701429895597178 0.699231259488301 0.698500697045112 0.701195465206542 0.703650407003766 0.705961189186888 0.706535670881061 0.707718229362679 0.71092582586123 0.710947489508174 0.708649306028745 0.724825006516738 0.743736914161346
-9999 -9999 -9999 -9999 -9999 -9999 -9999 -9999 -9999 -9999 -9999 -9999 -9999 -9999 -9999 -9999 -9999 -9999 -9999 -9999 -9999 -9999 -9999 -9999 -9999 0.822041128234209 0.819749252965656 0.817457377697103 0.794408577874744 0.76150290707881 0.694468431928947 0.628208190978438 0.562916316850622 0.542815819575665 0.54153660479153 0.594412398315226 0.632900077331727 0.64965929522231 0.650880645963282 0.646558145445533 0.659253112874801 0.670054639860626 0.677377559665718 0.680300681069121 0.681061525448407 0.68644273107632 0.691466434418649 0.695559977693341 0.698028767097039 0.69952091703981 0.699749372512585 0.700783200513231 0.70432013174299 0.704112371159629 0.701177901337109 0.702407584658772 0.710868127950609
-9999 -9999 -9999 -9999 -9999 -9999 -9999 -9999 -9999 -9999 -9999 -9999 -9999 -9999 -9999 -9999 -9999 -9999 -9999 -9999 -9999 -9999 -9999 -9999 -9999 0.803693310495377 0.802783679450734 0.80187404840609 0.786894184698534 0.766573123541945 0.732392171488693 0.698383184892752 0.664589282626137 0.591670768557301 0.520894520987527 0.614246164193767 0.667349220940566 0.659670175500178 0.637456544835103 0.611249502875197 0.634398984849061 0.652056239465657 0.659623236641432 0.66021345438373 0.657374940058312 0.678256643840686 0.693721403690396 0.696308677285746 0.694293299504711 0.689511268238917 0.690283636552497 0.69214621798066 0.696142063243128 0.698919809054208 0.700810591880328 0.69015334687472 0.687433338935674
-9999 -9999 -9999 -9999 -9999 -9999 -9999 -9999 -9999 -9999 -9999 -9999 -9999 -9999 -9999 -9999 -9999 -9999 -9999 -9999 -9999 -9999 -9999 -9999 -9999 0.793933433674541 0.794664260396509 0.795395087118476 0.785511490638412 0.772704621512736 0.757095419412213 0.734827133056136 0.704230053851608 0.611490696945208 0.51518339569514 0.599784236534328 0.653034717373852 0.658940907326916 0.640033394832053 0.612704090117724 0.624654949048829 0.633420322605036 0.636333358773178 0.643246808308221 0.652126257446089 0.67505853902519 0.691804118870499 0.69418494405038 0.690638022540054 0.683527932825989 0.684483043555605 0.685983590708347 0.687638136805194 0.690025155479039 0.692945526386606 0.680485300017412 0.672043162227
-9999 -9999 -9999 -9999 -9999 -9999 -9999 -9999 -9999 -9999 -9999 -9999 -9999 -9999 -9999 -9999 -9999 -9999 -9999 -9999 -9999 -9999 -9999 -9999 -9999 0.792962441888352 0.795597981704587 0.798233521520821 0.790403967671446 0.779922233285338 0.768268837286625 0.73675078281108 0.680387176138067 0.601596231578718 0.524752589523333 0.550224150821997 0.588815575083107 0.647220188363137 0.658985592683228 0.651782108100255 0.630374557526191 0.614131972410533 0.607378402908792 0.629473759450426 0.6657468951217 0.67696512746085 0.685616955869448 0.689121567641632 0.687064812535825 0.681665120110897 0.682433352020035 0.682353214661903 0.678800727873296 0.677341787399887 0.677407269326277 0.673463956828635 0.664885828918523
-9999 -9999 -9999 -9999 -9999 -9999 -9999 -9999 -9999 -9999 -9999 -9999 -9999 -9999 -9999 -9999 -9999 -9999 -9999 -9999 -9999 -9999 -9999 -9999 -9999 0.799046043470619 0.799051963254721 0.799057883038824 0.794810703060456 0.787857631190811 0.769163291820121 0.739960174339536 0.697613292249783 0.618426368715878 0.536339757684648 0.552522999187627 0.574919747696555 0.606699931774257 0.611264357237665 0.605305175290518 0.606352598377314 0.608620961329644 0.613132421073425 0.633347105655226 0.661279126162868 0.673221006263371 0.68284483679073 0.68764504724578 0.683723439667872 0.674559147758469 0.675503862545959 0.676708358939643 0.676903378760342 0.671814072869469 0.662876968425457 0.658418929433826 0.6517343928457
-9999 -9999 -9999 -9999 -9999 -9999 -9999 -9999 -9999 -9999 -9999 -9999 -9999 -9999 -9999 -9999 -9999 -9999 -9999 -9999 -9999 -9999 -9999 -9999 -9999 -9999 -9999 0.798757714049857 0.797124622862069 0.792199878425828 0.767179546927346 0.744227834114233 0.723863428482057 0.645566357125301 0.557755746528676 0.567783755343141 0.570254698306851 0.561313206967092 0.552948866407763 0.546102945953982 0.575428305117331 0.601674824202663 0.622264933422662 0.640384239438985 0.657289271411213 0.672456373467655 0.684371854297624 0.688977252465996 0.682269224544678 0.668760696834003 0.668850004668384 0.670828083750836 0.675815273831079 0.667781560485884 0.650266634949093 0.643928335117724 0.639582388651407
-9999 -9999 -9999 -9999 -9999 -9999 -9999 -9999 -9999 -9999 -9999 -9999 -9999 -9999 -9999 -9999 -9999 -9999 -9999 -9999 -9999 -9999 -9999 -9999 -9999 -9999 -9999 -9999 0.786216075649756 0.771445767740458 0.761843248242539 0.753576508873415 0.746980485109748 0.700294605041367 0.641676818890546 0.589550129939516 0.549555279310887 0.527881535123441 0.526797055718922 0.533975847270319 0.544320969121873 0.563885721723801 0.600388674755012 0.641310850189109 0.684404848555494 0.700303849170028 0.709330588696859 0.703525725342172 0.693056296684837 0.679782998085132 0.671567027461458 0.666484926020911 0.669419669439794 0.662688437279234 0.648918894295442 0.645521734538886 0.643353151428252
-9999 -9999 -9999 -9999 -9999 -9999 -9999 -9999 -9999 -9999 -9999 -9999 -9999 -9999 -9999 -9999 -9999 -9999 -9999 -9999 -9999 -9999 -9999 -9999 -9999 -9999 -9999 -9999 -9999 0.759995721208028 0.758899211315192 0.757834359606837 0.756809104102761 0.730593765835939 0.691847189703841 0.599565035871693 0.535126211499585 0.512735474907581 0.514012514149934 0.524402063437893 0.527599586003892 0.541737158874146 0.57597366735008 0.637998224907457 0.71367919455199 0.721938202328088 0.722779404995859 0.708612067800792 0.69466757955065 0.680857045788832 0.669533659686177 0.661759640386894 0.663625233936704 0.658616110892185 0.648601141121194 0.645010475335413 0.642321032258771
-9999 -9999 -9999 -9999 -9999 -9999 -9999 -9999 -9999 -9999 -9999 -9999 -9999 -9999 -9999 -9999 -9999 -9999 -9999 -9999 -9999 -9999 -9999 -9999 -9999 -9999 -9999 -9999 -9999 0.759995721208028 0.758899211315192 0.755827187762468 0.750284307345489 0.730829270610093 0.700482259719446 0.595117996914231 0.528413751361971 0.520092602607294 0.517678402298316 0.517970516522371 0.528582275767696 0.538836626089949 0.548434348816356 0.62946858381122 0.745610229432431 0.735926376238601 0.722063540606315 0.702053839478726 0.684986677363136 0.669688275282979 0.661654223766827 0.656564089048419 0.658570626924746 0.655800028109271 0.649550942036547 0.641909117999466 0.635378246431019
-9999 -9999 -9999 -9999 -9999 -9999 -9999 -9999 -9999 -9999 -9999 -9999 -9999 -9999 -9999 -9999 -9999 -9999 -9999 -9999 -9999 -9999 -9999 -9999 -9999 -9999 -9999 -9999 -9999 -9999 -9999 -9999 0.747191336057462 0.737248741332117 0.719462756659828 0.647386357121965 0.594537495520734 0.570725434425532 0.545151685931278 0.520813328171191 0.550671151972458 0.564533270057971 0.549008260094972 0.609860848966824 0.70824914107784 0.707676853613128 0.701464468632519 0.685093889213679 0.667181481472071 0.648342280811935 0.645156330576947 0.644483181527125 0.648234372800863 0.648237477977809 0.64551140235716 0.638541406076854 0.631637311086063
