layers/veg/veg_5300.asc
NCOLS 255 
NROWS 330 
XLLCORNER -2985163.8955 
YLLCORNER -3022031.214 
CELLSIZE 25000 
NODATA_value -9999 
[rows 125 to 149 of 330, columns 57 to 113 of 255]
0.0791576733208729 0.104924397607143 0.148125660023381 0.152204208017563 0.154207952742371 0.179790574102652 0.204204440938897 0.22738624844772 0.204949294015245 0.173633938408463 0.157903289470682 0.152074969031399 0.158803787154144 0.169671344394212 0.179928093248587 0.167088430887445 0.175195954383818 0.215389890588442 0.274262876941865 0.343100349007788 0.488307196279346 0.58491506733768 0.590894292585774 0.635983004623283 0.700589357528014 0.74383065262259 0.76373350499373 0.730728651150593 0.7292625504549 0.747030810791952 0.717367221837059 0.68152124886249 0.636689749933863 0.592124626292322 0.547756185686705 0.510347508267293 0.476132087267257 0.450731873239541 0.42927727408623 0.411330984303993 0.395478609951604 0.380472799147825 0.367835641952478 0.357484306096907 0.349575628718654 0.344407514948882 0.339827990853179 0.33458231478548 0.329073663349522 0.323226897251868 0.31499832664957 0.305827107384744 0.294490209336209 0.290390878986024 0.29753700236188 0.297868599971623 0.295282940188864
0.0887880988382224 0.102322746029431 0.12249379255535 0.139036720991765 0.151666696626724 0.148161245400418 0.158922151149228 0.184722141511659 0.151747613768102 0.111054859474742 0.117001055675056 0.12917340211437 0.149241127026636 0.145677385088961 0.13345593100832 0.107426952832042 0.102870548326457 0.13120533337696 0.173678103966849 0.223548690855999 0.326720091357084 0.408715044150034 0.451219601704216 0.526631985255542 0.618467062691646 0.68270795910121 0.724500659200325 0.715648478413876 0.724767618476121 0.744846826357886 0.727510027203455 0.701315724665842 0.656538703893212 0.613055453412904 0.570527481748687 0.534161199718678 0.50058541553464 0.474677434752211 0.450936869880679 0.429123499069708 0.412181851990963 0.396270415297407 0.381129285816321 0.368021930673354 0.357087893296525 0.349884469053211 0.343251510104294 0.33401100209008 0.324929287606412 0.316051738331124 0.306633222220165 0.297079718387162 0.288030805453179 0.281440426936802 0.278670024437143 0.272358027958793 0.26459101485271
0.116094306667879 0.113263564018242 0.105667156066366 0.132056576980132 0.152352161649907 0.113279386554712 0.104915259741907 0.128923094509365 0.0942087263941329 0.0542128601730401 0.0781603417836932 0.10598148958693 0.138714831843291 0.127043493012709 0.100752050346284 0.0682853913250418 0.0564941541509661 0.0763730478869744 0.10171564984579 0.12985301573124 0.176585363200552 0.232225935728156 0.304478800046924 0.401274663722209 0.510318743535544 0.601068084111549 0.669187590202824 0.685921679847653 0.708420225118618 0.734434306344729 0.729539009519286 0.713670276240941 0.671892387285922 0.631120335404651 0.591090961612907 0.555235124193672 0.521815091033935 0.495625537455088 0.47042069627384 0.44609142856904 0.428272202668662 0.411574161166425 0.394616243820416 0.379096939990562 0.365114957315108 0.355414780368964 0.346220131632443 0.332932859652711 0.320530705287794 0.309266570977286 0.298984372290597 0.289238491929572 0.282245810111556 0.273345567781651 0.261481431453082 0.249526330253408 0.237648750219252
0.176921458695251 0.142837032737307 0.108174169950203 0.110743224893483 0.114511171365559 0.0920201309641562 0.0839320409350639 0.0910270274063531 0.0721486387514894 0.0533766186974697 0.0803229479107316 0.105745635424308 0.12923619354582 0.109068803833922 0.0770423051191865 0.0691136542963284 0.0735319805736556 0.096863119561514 0.114544579726586 0.129793031382937 0.140078652599858 0.155810031190088 0.18169680099656 0.242688904552124 0.321200371128942 0.466851593317999 0.574898255992019 0.594168686212737 0.64203448181007 0.707339571184989 0.707882274855379 0.698505233329685 0.672590292676245 0.640370092592576 0.603494289578926 0.56613411740358 0.531185486939637 0.505453825742763 0.482541361722614 0.462135633962553 0.442989248351258 0.424357842498084 0.407180442877954 0.390897354483223 0.375569938720497 0.360892711454277 0.345913373063949 0.327520154680928 0.312437842038279 0.301612451942119 0.292028874195792 0.282797106295551 0.272935294883931 0.262012442915089 0.249440987025014 0.238034274730704 0.22734851247673
0.236623116520078 0.175658959626686 0.106136324802644 0.0924894368955872 0.0872940227479598 0.075449867801149 0.0675320194108289 0.0637531433331368 0.0528738024621421 0.0450080073243242 0.0709455234033659 0.0911670106077476 0.104140004024577 0.0902124318170109 0.069377617286039 0.0681884399761313 0.0792805385500645 0.109184810237525 0.121523575826776 0.126411643941089 0.119423083649967 0.111450754887634 0.101643868871552 0.12983846504835 0.176997750939856 0.358880960267248 0.496658648265205 0.528368521580084 0.591040128543381 0.672594192920554 0.680474616622718 0.678777335564877 0.663195740424294 0.636524176103835 0.60166413142368 0.568675402247419 0.537665076375257 0.513204603967993 0.492146098805873 0.474112509644464 0.454701320552682 0.435458126692195 0.41831497180217 0.400950864259437 0.383350643832101 0.365062546121693 0.346354927129752 0.325811369082532 0.308648719234659 0.295832996019556 0.285994202383782 0.276923957395493 0.265400847125037 0.253588358784836 0.241326245953605 0.231328019688823 0.222574381461047
0.295157168573948 0.211850889220468 0.0993835698659075 0.077409689846601 0.0710982181868393 0.0637440407285232 0.0558866803936235 0.0474988826197711 0.0364884306820904 0.028825194383994 0.0495962856825055 0.0617089650450207 0.0628419159099484 0.0704413878563281 0.0783583298166912 0.0654441401376372 0.0733174280363618 0.113032491210347 0.122433756622097 0.119584579559346 0.115211743755962 0.100347539825354 0.0659187573757395 0.0644345810738304 0.0793914538392545 0.278138201775861 0.435069284691225 0.489492238782766 0.556013050625843 0.629911914563369 0.64710085786993 0.654315858855821 0.643331110441509 0.619092597312385 0.585067926052524 0.562546266134735 0.541145696727292 0.518800139871546 0.499140771375035 0.481869872126832 0.463295984978701 0.4448120276458 0.427966337957127 0.40919210701231 0.388357011744371 0.367875340545766 0.34757279274679 0.32794508895928 0.309324365925153 0.291998345733421 0.280914810554029 0.271640306414077 0.259708920297313 0.248182160258952 0.237284092625369 0.229586630967368 0.223533122361174
0.38701362437522 0.308363823635019 0.180082311191289 0.128000723289882 0.0926239260507981 0.073685240144944 0.0612166854693723 0.0555687123342149 0.059446309744111 0.0627082634586863 0.0450869161691555 0.0334385434058587 0.0293644971017141 0.0409341620141341 0.0560070555906693 0.053494616456595 0.0598003965107413 0.0796137198764178 0.0972052753209334 0.113403849230434 0.114031830353575 0.10511178142987 0.0783863155874114 0.0594352484162992 0.0443640051365864 0.226384059985778 0.380231822625271 0.462472473866643 0.531451223041109 0.592342010997096 0.606309680081842 0.610283669625826 0.594171346357446 0.562885567556806 0.520396192010372 0.516647656447041 0.515314434161068 0.505720991754939 0.497451138843581 0.49035817764005 0.474984250474951 0.45744830619859 0.436529622580657 0.415239720988362 0.39355313103017 0.371522295922292 0.349817230949873 0.331141771836007 0.311424102630685 0.290366435254347 0.277130006502208 0.266491269210984 0.256694794606306 0.247091823883635 0.237789512034446 0.230134268073632 0.223510444690956
0.469988777430423 0.405654217876574 0.280908015498615 0.195839460142865 0.125279874281466 0.0918949131325637 0.0740253946654657 0.0725117024065867 0.0863279704417297 0.0951010386275616 0.0413368295450765 0.0113220947698823 0.0114240582740101 0.0198671305465068 0.0308200238097877 0.0400964953568199 0.044601914219035 0.041799145406822 0.0674408078336298 0.103617621134206 0.111255323711829 0.111721245129318 0.0988130408915947 0.0688693778518737 0.0304241466709994 0.181327546289337 0.317944681401685 0.415144440006303 0.488514990147485 0.547352955675459 0.561588817037088 0.564920844964882 0.545104458838535 0.506776336432277 0.454779737000223 0.470676832427416 0.490305514800155 0.493587101847571 0.496699779772848 0.499662269330805 0.486908490381835 0.46976007337414 0.444721155424067 0.421175627182771 0.39922595464927 0.375997252646308 0.35308384729471 0.33482975700643 0.313987879570355 0.289818813045011 0.274407857284231 0.26222712002203 0.255037341824893 0.247579501104854 0.239705155168891 0.231424301499431 0.223369255421475
0.437647270526697 0.410188074061089 0.378013910751048 0.275567967535524 0.173182668270607 0.131800699419741 0.110693162656899 0.110958208971624 0.0762244259313437 0.0358098087900467 0.0154234738715785 0.0296253629355149 0.0876885641370383 0.0727200977876654 0.0370762779377333 0.0317007224751106 0.0301175936230655 0.0343436157577192 0.048972251473165 0.0679673589481326 0.0925607981090091 0.105222354977396 0.095633024720279 0.0793909048177179 0.0598287014846553 0.135216207716139 0.193407887433579 0.208772459742679 0.302106326460433 0.442990885848671 0.50188788728132 0.542230759698723 0.544322780470426 0.51440511494735 0.460852515612153 0.488890691710262 0.518629192290498 0.518331205616448 0.516529846178228 0.513391737735191 0.49542521412821 0.474500064722263 0.452123985887648 0.429910517076201 0.407870815454987 0.384813775026788 0.361715401632627 0.340170037418377 0.317428993534829 0.293150631424261 0.276893300450981 0.263833781072979 0.258361218200558 0.251907594690628 0.243929636975983 0.23410055805375 0.224008669820408
0.402469601348727 0.412553388545954 0.431481753551691 0.334183207859421 0.228313043457119 0.180634661373938 0.155391002324404 0.153797228005403 0.100101266558299 0.0404557932263871 0.0285259306169441 0.0547478713546307 0.129350097708357 0.0970144001821296 0.0351734159079625 0.0268771136950345 0.0228697026264094 0.0254319153847241 0.0336137374148121 0.0447382814471613 0.0771181709444492 0.0963650316190083 0.0911210756070454 0.0842937238497605 0.0766761763613403 0.0997625456026869 0.108525842611429 0.083297242473708 0.179046663379354 0.348576265857068 0.439637878851049 0.506654718612613 0.518907696756101 0.506887550707389 0.47694490212576 0.507668942973521 0.537076817876248 0.534519727385976 0.529812221476412 0.523192637777364 0.502634988163935 0.480023624718512 0.459718504806309 0.438556876370511 0.416479971762578 0.393303407735755 0.369714407900246 0.345093598827697 0.322217751780298 0.301585450387809 0.282103716659336 0.264105629708241 0.260105814146122 0.254731384805167 0.247221133557549 0.237774693660052 0.22800787473409
-9999 0.412213016995055 0.430502467590268 0.366455458382142 0.29246126022871 0.240608293933042 0.210107949673184 0.202116777872653 0.166375379772096 0.124876138402184 0.0903083545738011 0.0883787350114387 0.127837557688782 0.0856761017885889 0.0230904376020443 0.0265104883932132 0.024650693351886 0.0147033531114206 0.02213561819914 0.0370070963572757 0.065732932298424 0.0845650948932846 0.0849472758768264 0.0821860899133503 0.0778562025369374 0.0776064494873784 0.0731209653407553 0.0587567879572747 0.135027447778193 0.26657306323174 0.374207389005652 0.455000890908359 0.462757552300572 0.480471918659091 0.505538737510642 0.527151385214683 0.543202109180368 0.540033463078202 0.5349250529756 0.528091869311202 0.508214083120662 0.486524842072993 0.467552193106039 0.447092776176854 0.425044579624541 0.401385180720562 0.37692418494482 0.349497220599045 0.328687963655578 0.3163872750786 0.290714077405393 0.262712035011668 0.259879944406398 0.255678257866955 0.249348545954481 0.242693881375227 0.236199084938847
-9999 -9999 0.432977191140635 0.37410634393518 0.31555468926053 0.309430842841503 0.303557274696306 0.297947540979454 0.266668449018027 0.233221950245892 0.228735869535697 0.225035352212862 0.222331007487799 0.158350233056539 0.0783596490090837 0.039810189301611 0.0142623609243102 0.00863012939988005 0.0119876346845582 0.0195195951419593 0.0444109091771021 0.0619650722116025 0.0658367235739228 0.0701367697710861 0.0746506069745303 0.0746920981461493 0.0725810283477259 0.0656770459907488 0.101466007833066 0.163291874128805 0.283542799822421 0.384544452732201 0.419038836222524 0.452650139243216 0.485609403744745 0.476939741136085 0.471668153055807 0.497642867969154 0.516756567796317 0.529769681456773 0.513500890235463 0.492239283380669 0.472400049013421 0.451516364129682 0.429516565810546 0.406971080240452 0.384148075932346 0.36027609530759 0.340690878988218 0.326617273404409 0.304995508054263 0.281969252560945 0.272017074461597 0.26445632929074 0.260611300429163 0.253291220266213 0.244711170142157
-9999 -9999 -9999 -9999 -9999 0.400947854498909 0.400502918889113 0.399588948031216 0.374103940801587 0.35051405941287 0.382984440144255 0.383276962091585 0.342764754985333 0.256326603655173 0.155967825866753 0.0636205373392077 0.00800558703864855 0.00865637916798719 0.0050944424113791 0.000629672835481627 0.0209194134520174 0.036792982455395 0.0444311587786851 0.0563194302885266 0.0703287173961763 0.077598855125492 0.0820819507612463 0.0803923375098403 0.0731807767976683 0.0626015772137985 0.19064775907318 0.307957693147556 0.368350136315363 0.410883600135598 0.440230561878156 0.397902325789339 0.370661328610563 0.431694161176458 0.482335006942896 0.523735644064254 0.515281268710952 0.497275171909069 0.476386977667282 0.455027348615313 0.433163938180453 0.41191052246568 0.391075613831781 0.372211381665136 0.353524785672322 0.335066581392457 0.320236082166319 0.306264894000924 0.2883316373622 0.276893725427517 0.275548029738443 0.266497142948881 0.254367431967604
-9999 -9999 -9999 -9999 -9999 -9999 0.400502918889113 0.399588948031216 0.442614634825081 0.484967526528678 0.446459529634428 0.423116793242712 0.419005117251434 0.345176228638037 0.249581351655384 0.158543523669774 0.0915834559357033 0.0615051420456231 0.0304594775307327 0.000236377713309572 0.00785309900145702 0.0205210602364358 0.0426087062408096 0.0575021363156585 0.0688052834601848 0.0787106988616357 0.0825786907627001 0.0726165677740329 0.0679022327514498 0.0663883364998944 0.161450769233548 0.228106291011559 0.194678405143875 0.215767147529694 0.277109233499254 0.237478535456662 0.209020959650355 0.267292285499975 0.345528138735163 0.441515784972308 0.478285389232749 0.497383216347604 0.481133349475162 0.4626850535322 0.441887487629927 0.41831576361665 0.394588958194256 0.374784728271326 0.356274664960846 0.339428547248173 0.326359376735138 0.314909211351846 0.308457669839981 0.303247748063505 0.299967007175085 0.289286380348497 0.27588120205386
-9999 -9999 -9999 -9999 -9999 -9999 -9999 -9999 -9999 0.565776571217198 0.484609243831096 0.447560288076835 0.466457820645614 0.410595429455463 0.331311662547169 0.255942563039941 0.189091681635354 0.13528880884822 0.0690429671227239 0 0 0.0084271083021075 0.0325693092466066 0.0514404764599174 0.0676811273507231 0.0817443277087963 0.087326933417273 0.0734902117297036 0.0710268641289622 0.0754997318669756 0.144644079425379 0.176746903956944 0.0897969648064625 0.106757091081463 0.200441103249245 0.14410925128717 0.0944825118334422 0.136777254191552 0.219017124137233 0.33677487150003 0.422470233500173 0.487976105657179 0.480743802991464 0.467780320936852 0.448692425886477 0.423677483999658 0.398028360372818 0.378527831461161 0.3619356422702 0.349082785425347 0.339112837053604 0.33065730552021 0.329526945064107 0.326909845770743 0.321982708976667 0.310416992419435 0.29650038797822
-9999 -9999 -9999 -9999 -9999 -9999 -9999 -9999 -9999 0.565776571217198 0.484609243831096 0.44881100399407 0.470545284803374 0.440719438195422 0.395141300821143 0.357071486556019 0.307584359668585 0.240608458522382 0.12753851149805 0 0 0.00262677967774516 0.0101520470106915 0.034466027168097 0.0671584365617411 0.0876729009302463 0.0984795672898695 0.087393185220454 0.086809895907041 0.092632068378528 0.146501926649065 0.168307403365793 0.0885400474785343 0.127456243908514 0.254004598859924 0.151749733649362 0.0508975961520038 0.0573087883411337 0.108015608137943 0.198108625113236 0.338306040402031 0.46423552726885 0.472617596628482 0.469015576096646 0.452607200904917 0.427467262462965 0.401356377304343 0.384033036054372 0.371981848078881 0.366709212530606 0.361853866183753 0.357106408149915 0.35201710510333 0.346516873593308 0.340378157275555 0.329049079532101 0.315771987550722
-9999 -9999 -9999 -9999 -9999 -9999 -9999 -9999 -9999 -9999 -9999 -9999 0.477135122663353 0.44924427405995 0.413611646523291 0.391387580468349 0.363067372573019 0.325409236215637 0.224412222803052 0.100288100046704 0.0500835646944267 0.014721190633853 0.00703686832611047 0.0268209201572017 0.0603131002625136 0.0829117275183801 0.0985406394808292 0.098526121574951 0.102743043834378 0.109540570578942 0.143830863865771 0.156292252404391 0.100579860335073 0.119373828081752 0.19318092112483 0.154624611350383 0.113466085650057 0.112699874309417 0.12073347816729 0.136591584696455 0.225447710006895 0.317222543887666 0.357369256967342 0.375856873077524 0.371199295859187 0.381508070804111 0.392638111553196 0.382492788385012 0.374707783781291 0.369957505654811 0.371932468101645 0.375308763432048 0.368925267098905 0.362061499870835 0.354451506237715 0.343075765604606 0.330241146718719
-9999 -9999 -9999 -9999 -9999 -9999 -9999 -9999 -9999 -9999 -9999 -9999 -9999 -9999 -9999 0.389917016706556 0.392612054498538 0.39943528857646 0.334405617654643 0.239760738379732 0.123459493644731 0.0393867882876959 0.015414708660965 0.0250517165819555 0.0514613838877013 0.0738679226609622 0.0936447220153728 0.107515387267806 0.117573083331143 0.125305385437182 0.139221858767224 0.143300533690081 0.117815015881525 0.101040331648904 0.0906974497501042 0.154160122634249 0.211921454522396 0.215491466346524 0.179544771991524 0.108461138270852 0.108224975652524 0.131179880995882 0.206763435992807 0.250468458995464 0.260107667200953 0.316639100294946 0.376670829973927 0.376876269799674 0.37425773299899 0.368008331802127 0.37736157216221 0.390209515216476 0.383482875578903 0.375798552659527 0.366626218369677 0.355191686685231 0.342854442309422
-9999 -9999 -9999 -9999 -9999 -9999 -9999 -9999 -9999 -9999 -9999 -9999 -9999 -9999 -9999 -9999 0.392701470257763 0.399751085077828 0.388556011384112 0.368284965150687 0.293927469473469 0.215766633357555 0.130513228212986 0.0837036636888916 0.0560795484351328 0.063073385213655 0.0727926750855836 0.0875748005047317 0.100389262709864 0.112003717277654 0.130468950178028 0.142280918966264 0.133599894940237 0.113238130443153 0.0842516788633028 0.113526408404468 0.144845137493419 0.157813242019871 0.162984938070126 0.16122432729662 0.182715128588407 0.210200500596322 0.246800596641224 0.263507710769549 0.258956925134631 0.271746921923407 0.291998227851165 0.335577524134182 0.365908660068058 0.37920627197191 0.39237956058015 0.403822700097223 0.393979901478348 0.383911189358441 0.373491461548204 0.364743719372739 0.356557861510681
-9999 -9999 -9999 -9999 -9999 -9999 -9999 -9999 -9999 -9999 -9999 -9999 -9999 -9999 -9999 -9999 -9999 0.402020608388192 0.428337437590708 0.462676722993306 0.416762442599964 0.343681352972746 0.219938884779674 0.126069270829787 0.0471077441155311 0.048866673459595 0.0565878178112749 0.0752111311339647 0.091600096549578 0.106626412842173 0.125705711297042 0.140825046994815 0.143751725742581 0.120547194316869 0.0780482087939451 0.089274548470895 0.105950305185022 0.119008641883388 0.152944298869922 0.205443373914577 0.234067222212729 0.256240125571078 0.267562333757302 0.267182034649306 0.254296283715015 0.246634456368949 0.249586105728471 0.321223324085104 0.371220652693177 0.393394980044848 0.406842376127209 0.415735533881298 0.402833529232751 0.390672924398658 0.379664278019867 0.373015107847707 0.367935654836126
-9999 -9999 -9999 -9999 -9999 -9999 -9999 -9999 -9999 -9999 -9999 -9999 -9999 -9999 -9999 -9999 -9999 -9999 0.441789816369318 0.494525685619924 0.452316851880214 0.38279076457482 0.262322746166786 0.138592523834131 0.0132342943384262 0.0284076475422498 0.0488982610727368 0.076731063146695 0.0981929162621941 0.115769354763637 0.128252963082992 0.138569796936847 0.143581813213685 0.118898361015255 0.0722887198042408 0.0950400588206504 0.1186939532767 0.114787218697506 0.154849137779636 0.234006519694246 0.243022180480187 0.2418468648608 0.25300465494669 0.253696487418151 0.243204261168454 0.257765443661319 0.28461017938533 0.356241093060996 0.401564565139223 0.413063836210744 0.420287917967936 0.424532721075092 0.4086758684144 0.394959328223478 0.38456832305222 0.378939901679975 0.375052076292882
-9999 -9999 -9999 -9999 -9999 -9999 -9999 -9999 -9999 -9999 -9999 -9999 -9999 -9999 -9999 -9999 -9999 -9999 -9999 0.505562839891353 0.482672997959247 0.433686691498182 0.3360350133569 0.191124589865436 0.0226296272940575 0.0352222227464657 0.0552915918849784 0.0862587775258446 0.106958582504581 0.121396678100173 0.128467421001829 0.133714969117065 0.135075042094529 0.118393508261528 0.0883906260434534 0.0994513309473415 0.112343704472994 0.11376167118952 0.143615897058984 0.198754697738759 0.222843396347723 0.238474919239137 0.239653699592594 0.245474035486656 0.256254398129923 0.274383030893575 0.300835038808264 0.375214885097996 0.42129187939678 0.430979118680462 0.432817188333917 0.43097357374792 0.414747754426917 0.401518752727443 0.39294609073944 0.386906941353603 0.381784636988188
-9999 -9999 -9999 -9999 -9999 -9999 -9999 -9999 -9999 -9999 -9999 -9999 -9999 -9999 -9999 -9999 -9999 -9999 -9999 0.506399871128253 0.510481411361073 0.490359334426883 0.425101717230869 0.263265466835974 0.0532315224040134 0.0554039250300172 0.0685871189527209 0.099711204451698 0.116789187533668 0.125300953564236 0.127538547978317 0.127586056289591 0.122482274127295 0.11844933443288 0.11520707074255 0.103198874278458 0.0966353021528981 0.114302461625899 0.125943522055521 0.1322263758639 0.188385807035824 0.240504655585112 0.226894174234155 0.239831091240547 0.281136904153148 0.293689668182077 0.307846172308591 0.386325326870239 0.435815868413079 0.448034953131733 0.44489738278992 0.43625955791465 0.42093214416218 0.409192212599773 0.403026372588945 0.395874910811568 0.38832906280698
-9999 -9999 -9999 -9999 -9999 -9999 -9999 -9999 -9999 -9999 -9999 -9999 -9999 -9999 -9999 -9999 -9999 -9999 -9999 0.474020395945675 0.469885627039112 0.44973680402592 0.399724552794652 0.26047532391883 0.0766922638751154 0.0509711463296329 0.0410872635243903 0.0621197246858131 0.0922587542429119 0.127951555170519 0.123746322510239 0.11777907390914 0.114182380216354 0.112059424512022 0.111024630044034 0.0783916862781678 0.0520004545988377 0.0629963711089493 0.0806173376672686 0.104129078137341 0.161496602674862 0.212411750717347 0.199990058128241 0.212425983104268 0.251425082207163 0.30646684579451 0.363092099092413 0.402094467944135 0.425661327173502 0.429382327269298 0.434357345290066 0.43867928875017 0.429664093174218 0.419800732713339 0.40861952634579 0.401383186981374 0.3958022275543
-9999 -9999 -9999 -9999 -9999 -9999 -9999 -9999 -9999 -9999 -9999 -9999 -9999 -9999 -9999 -9999 -9999 -9999 -9999 -9999 0.434665504984789 0.4222252933171 0.386586248569289 0.261415843676957 0.0915646956425899 0.0484584235373465 0.0246755109409826 0.0409104619990288 0.0772673718666355 0.125895946965259 0.119544982410898 0.11146480060557 0.108669259352933 0.107122079490158 0.10649664995481 0.0615754494322646 0.0233876283797474 0.0300841946699629 0.0518789134394875 0.0870984066776735 0.14380382161591 0.193056808375054 0.18517083338805 0.19718175759441 0.230454767617046 0.309203134999009 0.390171940514929 0.404468709941345 0.411996151818601 0.410820083137637 0.422718196588127 0.437152375684086 0.430242642513007 0.421363100853806 0.409422946689743 0.402893242225717 0.398653198097777
