layers/veg/veg_2300.asc
NCOLS 255 
NROWS 330 
XLLCORNER -2985163.8955 
YLLCORNER -3022031.214 
CELLSIZE 25000 
NODATA_value -9999 
[rows 125 to 149 of 330, columns 171 to 227 of 255]
0.275783925592949 0.395727948250816 0.457888628291714 0.451145791649399 0.396243132812901 0.33068617063072 0.298586706460656 0.279721162770816 0.279884338627184 0.283886977569866 0.28948612696149 0.298458796527211 0.309255798147009 0.3232365835277 0.340293056876657 0.358779809064785 0.371684123392178 0.380791257398988 0.381768140077703 0.326874962891694 0.240058870472239 0.266094312400162 0.266114244117406 0.182262879757405 0.160412273098413 0.181564012395313 0.312328713397564 0.421474786323438 0.419102193033739 0.435940244216192 0.468845815338851 0.463975855188614 0.464407139238915 0.516195884162059 0.557861730503584 0.589349032563092 0.616468637812261 0.642028835690413 0.663870116019359 0.68275493216645 0.698065639430082 0.701575794318322 -9999 -9999 -9999 -9999 -9999 -9999 -9999 -9999 -9999 -9999 -9999 -9999 -9999 -9999 -9999
0.253198074291143 0.369417069196892 0.432133714173079 0.431051695139821 0.378451962188829 0.315153070251052 0.294519789586456 0.285439739272922 0.292971786676889 0.301639213927926 0.310494540607155 0.314486312960497 0.323654635652351 0.341856958962876 0.345089812313046 0.341364403020426 0.373752921399049 0.395788433635662 0.395656828477406 0.346227462844562 0.268630448337894 0.286499574966875 0.28873512572671 0.237042575519396 0.218105403302639 0.221886632416694 0.30039168228038 0.376464722461564 0.41853345674056 0.444962309151459 0.458310178561378 0.432950582253882 0.419085769099098 0.485352322444885 0.533105432669298 0.562243331143428 0.602302101038701 0.643181622981208 0.673582101149003 0.693276424079381 0.700027933504165 -9999 -9999 -9999 -9999 -9999 -9999 -9999 -9999 -9999 -9999 -9999 -9999 -9999 -9999 -9999 -9999
0.257157928468378 0.368587090945482 0.427456088418108 0.423649926541354 0.372498523349395 0.312098473179361 0.296660654065342 0.291330257057301 0.300533066658539 0.310672554494389 0.320904442035783 0.325832642287868 0.333158504944941 0.344668714750903 0.353940278045956 0.362176143346145 0.39064967821456 0.40995305926964 0.409621961863012 0.363711983187565 0.291759240879812 0.300727529247055 0.303429243522042 0.279073311229126 0.27375606844729 0.281643637078409 0.338328929648804 0.394915661822519 0.434382734450902 0.434222492157073 0.400918506371847 0.391566562578535 0.401373634286904 0.480792296622204 0.533629851853893 0.559740183303017 0.565291333845046 -9999 0.694997997290151 0.694997997290151 -9999 -9999 -9999 -9999 -9999 -9999 -9999 -9999 -9999 -9999 -9999 -9999 -9999 -9999 -9999 -9999 -9999
0.274304851328957 0.380415220020001 0.433248994310139 0.422553305871522 0.372425696054538 0.315242802721903 0.301885348399077 0.297306189844142 0.30534912075321 0.315374622805251 0.326049337090492 0.334853505602138 0.340230708517616 0.339627247227898 0.364804499116608 0.401977923516481 0.414912496986787 0.423704100040003 0.423625070704964 0.380268550214963 0.312184229450519 0.311886791730098 0.31418559522809 0.314770765949843 0.328392101411785 0.351055030668418 0.40104214450625 0.444892024716634 0.458387963355666 0.413665595917075 0.320250234594642 0.345036644450812 0.397376896221179 0.489289101907495 0.546712933378629 0.569458807609193 0.569973877182027 -9999 -9999 -9999 -9999 -9999 -9999 -9999 -9999 -9999 -9999 -9999 -9999 -9999 -9999 -9999 -9999 -9999 -9999 -9999 -9999
0.292075701650964 0.37527892522056 0.410796442972939 0.389451330812966 0.362327299396973 0.334527791447843 0.316682366700457 0.308407833871531 0.313895044465171 0.325367687056873 0.339266468862669 0.357131283346129 0.371692087728247 0.38048680710245 0.39911352881967 0.42231152087548 0.424998476981835 0.423811565065959 0.414330203591843 0.37306162744648 0.313630540612664 0.34995800757406 0.38185446022468 0.389702518304772 0.402599424805156 0.418998100227384 0.45734325976545 0.489664916979217 0.49387054585024 0.472966252252398 0.431060363390517 0.45078299600237 0.484076510693146 0.534394128603551 0.572820131601548 0.599289151330898 0.601970481097659 -9999 -9999 -9999 -9999 -9999 -9999 -9999 -9999 -9999 -9999 -9999 -9999 -9999 -9999 -9999 -9999 -9999 -9999 -9999 -9999
0.319145860405892 0.372217882514879 0.388733644721739 0.361658040455756 0.35232296034854 0.346823697361994 0.328124262931788 0.318215615591916 0.320947018672655 0.333447554175066 0.349923148492341 0.373186029186509 0.392687726519774 0.405625490231736 0.420643195225719 0.436623279530131 0.434120194240115 0.42774366460465 0.413073592557415 0.369570228228528 0.309592159064225 0.376909010507929 0.433740536592984 0.446332484208258 0.456036389462681 0.463737212797759 0.493256382457803 0.51742272327734 0.515807196206032 0.511732182490425 0.505600087829031 0.525250349955934 0.549010951388001 0.572783836457168 0.598867215443848 0.627273789162068 0.63839334152895 -9999 -9999 -9999 -9999 -9999 -9999 -9999 -9999 -9999 -9999 -9999 -9999 -9999 -9999 -9999 -9999 -9999 -9999 -9999 -9999
0.367470324255809 0.374450208999185 0.368471141686279 0.347039223624916 0.342856318054946 0.342611179437201 0.331582583664666 0.32489848839548 0.324461240518957 0.336980319747539 0.354462505878259 0.374577643220564 0.388955910805608 0.39332232077367 0.412182825152346 0.437784933888429 0.441491993416938 0.440864431026594 0.430955885739149 0.375343431313443 0.29361677509897 0.377554141163449 0.447688888151927 0.45983061904887 0.461326626967381 0.455438998307179 0.48273340429662 0.506421872607534 0.506385088947861 0.50095107179005 0.491002882451342 0.523260915738055 0.561234730992986 0.594632989156316 0.624357793934506 0.650388952308248 0.650061224156942 -9999 -9999 -9999 -9999 -9999 -9999 -9999 -9999 -9999 -9999 -9999 -9999 -9999 -9999 -9999 -9999 -9999 -9999 -9999 -9999
0.374782160661445 0.358088227606577 0.348524420866617 0.347462904843019 0.34803335784857 0.348418271875145 0.342285663502853 0.337091226446995 0.33324576219881 0.342817816705079 0.357270542031904 0.369106576432268 0.378366540285032 0.38313080306297 0.411325343252419 0.450416994061962 0.451204110239884 0.451255334825508 0.449730920887149 0.404318807247811 0.333830233680963 0.398716590862428 0.450656240624927 0.450752364900688 0.448975156220814 0.445898645486645 0.458266207887918 0.467561754441827 0.461055843036465 0.459128514666786 0.461030650442903 0.519300946588433 0.580808249445451 0.616256943227534 0.642834698552058 0.660492751759122 0.663730236204024 -9999 -9999 -9999 -9999 -9999 -9999 -9999 -9999 -9999 -9999 -9999 -9999 -9999 -9999 -9999 -9999 -9999 -9999 -9999 -9999
0.357189826321662 0.330435191553092 0.328769453043791 0.357020868919676 0.362102506774612 0.360309590143661 0.357387991304687 0.352629729777891 0.345230577425146 0.350054819802868 0.359027264912771 0.359468271755998 0.363613044556265 0.37422154740053 0.415084576667479 0.470014249170394 0.462337342311707 0.459988579286017 0.469048057327968 0.447383279890077 0.408163343111594 0.432337808714964 0.446955581482159 0.427965009891904 0.425911079579213 0.435604026797614 0.425331639018881 0.411784603698707 0.393922641423517 0.398456604793552 0.421722213653442 0.514144406005618 0.604844762897213 0.637744149535169 0.657052677502734 0.662695637679429 -9999 -9999 -9999 -9999 -9999 -9999 -9999 -9999 -9999 -9999 -9999 -9999 -9999 -9999 -9999 -9999 -9999 -9999 -9999 -9999 -9999
0.326083703166284 0.3303315602019 0.348089343544951 0.381956984687055 0.393064933796947 0.3961604251107 0.385740403696303 0.382525974675182 0.389672284712518 0.39800732488045 0.406633583793612 0.412116388723859 0.419913009612831 0.431747650695886 0.454845153590097 0.483176245255478 0.479088697521487 0.477944224471926 0.483101252757993 0.43654842055834 0.360449718942834 0.393395391256988 0.418195601731208 0.407333032703045 0.408644871434675 0.418400608494439 0.434779212200152 0.446917375679522 0.442298263240917 0.45954523073326 0.495080688016453 0.562606600910557 0.627953024718409 0.660287150561122 0.675839884047208 0.67451897765252 -9999 -9999 -9999 -9999 -9999 -9999 -9999 -9999 -9999 -9999 -9999 -9999 -9999 -9999 -9999 -9999 -9999 -9999 -9999 -9999 -9999
0.31543382149434 0.340680592495839 0.372094442269057 0.410862200552735 0.431048269659627 0.442994503251858 0.427178775523303 0.425005842792767 0.442449539936325 0.455911955695553 0.467445030415455 0.469832262130236 0.47484224702602 0.484429402491077 0.496319930627338 0.509279196372956 0.510799398398698 0.51188851921179 0.512054639717874 0.443238452843032 0.335007302811523 0.373974902595228 0.40686661749091 0.404755416620564 0.407735107686592 0.414245728121703 0.458178463873021 0.496821815913864 0.5045333002155 0.528362502346657 0.565672342932805 0.606218913960927 0.64609329243228 0.680578284255995 0.701053411599358 0.707441662061701 -9999 -9999 -9999 -9999 -9999 -9999 -9999 -9999 -9999 -9999 -9999 -9999 -9999 -9999 -9999 -9999 -9999 -9999 -9999 -9999 -9999
0.366009235293671 0.376021483311517 0.40242032732696 0.448359302452262 0.486112574776753 0.517000102721634 0.503784353808773 0.50100773692314 0.513241283952944 0.534966059331273 0.557811953567232 0.530728334614887 0.512856994928129 0.511062720302536 0.536143123290901 0.573728212155122 0.584452205278559 0.59007313213704 0.584767737942736 0.510110043158355 0.395825979289315 0.423881000613702 0.450182110021275 0.45364225927363 0.452747552446369 0.448832414342657 0.513910834414903 0.572551475389962 0.585480484611526 0.597140494131161 0.607739129679487 0.626107754251383 0.650133368654416 0.694208475410188 0.714025646792642 0.709451536626949 -9999 -9999 -9999 -9999 -9999 -9999 -9999 -9999 -9999 -9999 -9999 -9999 -9999 -9999 -9999 -9999 -9999 -9999 -9999 -9999 -9999
0.391505638315231 0.422698335735122 0.444546729069961 0.455252544228157 0.498174352302287 0.545522632764957 0.543888946643022 0.546390763437789 0.554838915281344 0.565116134825786 0.573589640526539 0.53078829785088 0.506913908655065 0.516070418081904 0.554625466344327 0.606846868241126 0.591246759682834 0.580081654097471 0.578412460153519 0.531989618262751 0.459995532789055 0.47556615957576 0.491828249667324 0.498767003003013 0.494539964167577 0.482568580333492 0.532754365262202 0.581911545838889 0.606178582870753 0.619849309670413 0.624657427711927 0.648288060594066 0.676614433561356 0.712639903506897 0.731598442020099 0.73339623196494 -9999 -9999 -9999 -9999 -9999 -9999 -9999 -9999 -9999 -9999 -9999 -9999 -9999 -9999 -9999 -9999 -9999 -9999 -9999 -9999 -9999
0.398561470697245 0.477710508983401 0.495350038504537 0.439642799365009 0.478616415846334 0.540601508985807 0.557154402695097 0.569259768320007 0.574970145799264 0.559307129099456 0.534521939398363 0.486115532991017 0.468648672459438 0.50517681985883 0.557415904791512 0.616928343305159 0.548880510316276 0.505254387734184 0.513918287407003 0.520786611200551 0.526628982691058 0.52855946020628 0.532246915867218 0.541125479291872 0.533964688931929 0.515679359680376 0.524473570504051 0.542470126244278 0.582575590520039 0.608683507650615 0.623084068050122 0.672153279550673 0.719596334196244 0.734601676152687 0.739634964864857 0.734641383831064 -9999 -9999 -9999 -9999 -9999 -9999 -9999 -9999 -9999 -9999 -9999 -9999 -9999 -9999 -9999 -9999 -9999 -9999 -9999 -9999 -9999
0.416557402929727 0.500302186611194 0.531810919213934 0.50103098082672 0.505955059946499 0.521529659495482 0.53940510613844 0.554241679322795 0.564708733220212 0.552080524977413 0.529654455944296 0.482925200092221 0.456374142406078 0.465037627763877 0.521240883458115 0.5995329806778 0.53559289522252 0.496722685253952 0.511530302320931 0.551579092361271 0.606050129794441 0.611425792305321 0.611799740802364 0.605079060320413 0.605247320688665 0.610193597144054 0.65178426230672 0.689973182725775 0.703943275382683 0.717628528922417 0.731075546925515 0.770513024464813 0.809488219562798 0.827579154281984 0.835000300182406 0.831693005301177 -9999 -9999 -9999 -9999 -9999 -9999 -9999 -9999 -9999 -9999 -9999 -9999 -9999 -9999 -9999 -9999 -9999 -9999 -9999 -9999 -9999
0.43258525047478 0.516530831094225 0.561169493519405 0.558936777950458 0.53571889076827 0.510409763601419 0.524809350687824 0.538887596194893 0.552503792772404 0.543810328984309 0.525393761862054 0.478169262061846 0.442688460268817 0.427702499272183 0.48245882360423 0.56964484666284 0.523068704043403 0.500251257841078 0.528304235687879 0.594787647364525 0.683229358074772 0.689238798575752 0.686512296800435 0.670971239642544 0.682592370905211 0.713052591667599 0.775129441233754 0.821533618817702 0.803547722341097 0.805447081520539 0.823978196195367 0.856052532375447 0.888006905987952 0.909627461416485 0.921895005191401 0.924758123690396 -9999 -9999 -9999 -9999 -9999 -9999 -9999 -9999 -9999 -9999 -9999 -9999 -9999 -9999 -9999 -9999 -9999 -9999 -9999 -9999 -9999
0.436514867137109 0.523369911199173 0.570469003679833 0.57016127009291 0.553916194635963 0.534994752504887 0.535512040285589 0.538899963886574 0.546415502129425 0.532290231064751 0.508387847244037 0.449415855223922 0.41237118288247 0.413593581580405 0.451090984305413 0.505459442819303 0.500626108745797 0.519451211534394 0.588932069772934 0.665642733264799 0.746484347409216 0.73520620190543 0.72610878056323 0.73458606852083 0.768458457423755 0.819944323273232 0.824308627512082 0.811978110041806 0.75884788168869 0.76222428942634 0.812862073712727 0.861367049906452 0.903764198889404 0.919991628893375 0.927284308842231 0.925593124302921 -9999 -9999 -9999 -9999 -9999 -9999 -9999 -9999 -9999 -9999 -9999 -9999 -9999 -9999 -9999 -9999 -9999 -9999 -9999 -9999 -9999
0.443601238150006 0.530065135900065 0.577908086861445 0.579697643698241 0.566214812560035 0.548982201337888 0.538704271806475 0.53116088501864 0.527549428079743 0.515119366821936 0.497831416374764 0.448234100209867 0.414512304744144 0.408496115220477 0.427656478238957 0.458545705964387 0.507666093012495 0.559914373283221 0.618859875144789 0.693922286004317 0.778193541833992 0.744515112214741 0.722509477089908 0.746722520492232 0.785503884186641 0.83438951067438 0.817544007017764 0.789051277414017 0.743394849920308 0.757347883277499 0.821157453318563 0.870743824528864 0.911902505826354 0.925105567044158 0.931725192268152 -9999 -9999 -9999 -9999 -9999 -9999 -9999 -9999 -9999 -9999 -9999 -9999 -9999 -9999 -9999 -9999 -9999 -9999 -9999 -9999 -9999 -9999
0.453483049159397 0.536632970533327 0.583699682969442 0.58773911667038 0.573289893654076 0.553585078523083 0.535245673846025 0.516557571136812 0.497368084346436 0.492944509098275 0.492986277175914 0.471468213432116 0.445396717151615 0.411378671593383 0.411247275557056 0.426926763491372 0.54081415315752 0.61920700848837 0.621601501730531 0.684499396598404 0.781967595598927 0.721361370629112 0.680658470154722 0.713272684213425 0.741605694975278 0.766969358391951 0.761238770548612 0.754283569839805 0.753841109083291 0.786428829867668 0.846642542133285 0.883717900267633 0.913293877229956 0.925570204229752 -9999 -9999 -9999 -9999 -9999 -9999 -9999 -9999 -9999 -9999 -9999 -9999 -9999 -9999 -9999 -9999 -9999 -9999 -9999 -9999 -9999 -9999 -9999
0.478379988204622 0.540568198161828 0.57737373959721 0.583911819083372 0.562455984290839 0.532339308488723 0.497362716434908 0.478506863107661 0.482830612269635 0.475453622777618 0.462332402729648 0.420805692021803 0.40177679978233 0.422010600392552 0.443878516115932 0.46653208629567 0.564295273622728 0.636568463589585 0.654264291568235 0.696106365447819 0.751745069632935 0.711932333883632 0.690432275309065 0.730013117898815 0.760678959629919 0.785161555134108 0.801807969548751 0.812829493037412 0.807339312359223 0.829213539888578 0.873974983677858 0.899726787055052 0.918339543505104 0.918303109164046 -9999 -9999 -9999 -9999 -9999 -9999 -9999 -9999 -9999 -9999 -9999 -9999 -9999 -9999 -9999 -9999 -9999 -9999 -9999 -9999 -9999 -9999 -9999
0.505706999368312 0.54118793734178 0.564711945118443 0.573977959120728 0.545839299188436 0.506635143667755 0.465930007390319 0.451195359776186 0.473803020965442 0.459330192472578 0.429465052699984 0.367562824179714 0.351505659077055 0.415456279892441 0.463531945687896 0.504225589285845 0.574536539720021 0.636115636387656 0.678998711352729 0.706782979596302 0.725940123969527 0.713338677319295 0.715191524408495 0.759696481288525 0.79366733249585 0.820331962404105 0.852526877236056 0.874639591069476 0.860423456714994 0.870045577519255 0.899605688465285 0.915828432577635 0.928304521824034 0.933422672603488 -9999 -9999 -9999 -9999 -9999 -9999 -9999 -9999 -9999 -9999 -9999 -9999 -9999 -9999 -9999 -9999 -9999 -9999 -9999 -9999 -9999 -9999 -9999
0.531764544472103 0.52755596698611 0.531159855045663 0.544079686518576 0.516287840396016 0.481738743776726 0.49762847985197 0.498672740621425 0.478371067920435 0.445863455560449 0.408615440666982 0.367551810677803 0.334617763814369 0.315871284768274 0.374269578765267 0.468576673221167 0.527108612616642 0.583963847798574 0.637229043659726 0.693971554189455 0.752700925332432 0.756736415528029 0.768800471518051 0.809282075943834 0.839985289300918 0.863906428192784 0.867360454382724 0.869259845104518 0.872890060301531 0.888827247698845 0.915057818096326 0.929677751883461 0.939695661368014 0.937226651185138 -9999 -9999 -9999 -9999 -9999 -9999 -9999 -9999 -9999 -9999 -9999 -9999 -9999 -9999 -9999 -9999 -9999 -9999 -9999 -9999 -9999 -9999 -9999
0.550730586666039 0.52999888140864 0.520033652455292 0.522906865274914 0.502390873454749 0.481231792461415 0.520954410485993 0.526574772013297 0.483160361437407 0.445643318972825 0.410990515628522 0.390016301136764 0.349482367546446 0.274813246836864 0.330775627482004 0.44754357738497 0.504177560908404 0.565943580319354 0.638697948470062 0.71623732594771 0.796510751813797 0.793376305043729 0.797956898452348 0.833780566739732 0.860624573997773 0.881240488173264 0.880212366764071 0.879606412088316 0.88788607621353 0.903636989521561 0.925636753324804 0.937922313986114 0.946720924054889 -9999 -9999 -9999 -9999 -9999 -9999 -9999 -9999 -9999 -9999 -9999 -9999 -9999 -9999 -9999 -9999 -9999 -9999 -9999 -9999 -9999 -9999 -9999 -9999
0.562149366660599 0.549549787153744 0.532774612444549 0.51102026587273 0.505154486943401 0.5066817596779 0.535369709727549 0.533643378269907 0.488185120670912 0.459521120039635 0.438082890219542 0.436400759423707 0.398140151433015 0.2960435978803 0.335991553028971 0.442065636630213 0.507317758697309 0.584248410968718 0.686184298095355 0.775834648942623 0.858465316363861 0.822824029987496 0.801089281746796 0.831579646556502 0.853934860343219 0.870647714396511 0.890955256027856 0.906689996424068 0.905574065642745 0.914219533650428 0.931029301919562 0.940201910310159 -9999 -9999 -9999 -9999 -9999 -9999 -9999 -9999 -9999 -9999 -9999 -9999 -9999 -9999 -9999 -9999 -9999 -9999 -9999 -9999 -9999 -9999 -9999 -9999 -9999
0.555749326754336 0.55900859955041 0.54716597416941 0.517315150476141 0.501960743764607 0.494847624000579 0.527251055167419 0.533329945244416 0.501557443488596 0.478109228430996 0.457182197340274 0.42418010809966 0.382461807896399 0.325532170010751 0.376527795076992 0.477762488887883 0.537392424321178 0.598113456381481 0.661170666619244 0.7578365123497 0.873705588299398 0.833339397246672 0.79963973971479 0.803673070643734 0.815766077911383 0.833449097350832 0.875235954263202 0.910338122802199 0.914324585653025 0.922007811533538 0.932782959383657 -9999 -9999 -9999 -9999 -9999 -9999 -9999 -9999 -9999 -9999 -9999 -9999 -9999 -9999 -9999 -9999 -9999 -9999 -9999 -9999 -9999 -9999 -9999 -9999 -9999 -9999
