layers/veg/veg_3000.asc
NCOLS 255 
NROWS 330 
XLLCORNER -2985163.8955 
YLLCORNER -3022031.214 
CELLSIZE 25000 
NODATA_value -9999 
[rows 175 to 199 of 330, columns 56 to 111 of 255]
-9999 -9999 -9999 -9999 -9999 -9999 -9999 -9999 -9999 -9999 -9999 -9999 -9999 -9999 -9999 -9999 -9999 -9999 -9999 -9999 -9999 -9999 0.212849253306442 0.207397566272293 0.211621112814507 0.220673097409789 0.179023134862587 0.137361052932439 0.0974321053059916 0.0571213187505053 0.0165776622466365 0.00623221885860343 0.00329219648145388 0.0160911006834142 0.0141648110522737 0.00136590685031347 0 0 0 0 0 0.118316872867247 0.241719463903516 0.283233508110097 0.301485280330669 0.294878685504124 0.326370043140901 0.363785235564469 0.375294517296298 0.387981139918404 0.402181502095098 0.398952231916378 0.39163305080247 0.403837762627575 0.412511329699139 0.415698340156532
-9999 -9999 -9999 -9999 -9999 -9999 -9999 -9999 -9999 -9999 -9999 -9999 -9999 -9999 -9999 -9999 -9999 -9999 -9999 -9999 -9999 -9999 0.200493052635705 0.194005602242901 0.189621147928261 0.186286196574878 0.154089144324129 0.118385943413666 0.0756253518843399 0.0374795832856326 0.00214823065114331 0 0.00304349176996836 0.0148755193608846 0.0130947487805204 0.00126272118960427 0 0 0 0.00158372601643809 0.0045756484741275 0.120244719044542 0.237854825586587 0.262833798468906 0.280814008210503 0.291315248437318 0.323703075537543 0.357979450662483 0.366210396365694 0.376961093123132 0.39095150309363 0.386807825104133 0.378557319307221 0.392488844618469 0.401875143135811 0.404199243451277
-9999 -9999 -9999 -9999 -9999 -9999 -9999 -9999 -9999 -9999 -9999 -9999 -9999 -9999 -9999 -9999 -9999 -9999 -9999 -9999 -9999 -9999 0.205577226117155 0.213655049294549 0.202800468142727 0.182497645687194 0.147273372224276 0.109139938883155 0.06483726564224 0.0303072114818781 0.00173712925674419 0 0.000677578040600051 0.00331176360025481 0.00291530744666584 0.00028112188701109 0 0 0 0.00558726974616704 0.0161425537139853 0.118732570617911 0.222838480638577 0.250932295541353 0.274558264175399 0.293409834052309 0.324807433480219 0.356024806186231 0.363004999144845 0.368900906088142 0.373402716688206 0.37462226763161 0.374949445020933 0.377414275168515 0.379448762611811 0.380814600148249
-9999 -9999 -9999 -9999 -9999 -9999 -9999 -9999 -9999 -9999 -9999 -9999 -9999 -9999 -9999 -9999 -9999 -9999 -9999 -9999 -9999 -9999 0.259734156651092 0.256352375624322 0.23467207727513 0.203859879767437 0.157259220542958 0.107137464517823 0.0494698782632068 0.0174219666292899 0.000998581078957285 0 0 0 0 0 0 0.000636591727690393 0.00364923578952621 0.0161760483047138 0.0371625426199189 0.127662116914536 0.220306071102101 0.260582249680812 0.289521586263696 0.306346225724266 0.33052084499691 0.354202971272818 0.360834332539913 0.365043947563476 0.366139856853813 0.368975924835529 0.372153465613173 0.372539599203274 0.373234303835114 0.374408454258097
-9999 -9999 -9999 -9999 -9999 -9999 -9999 -9999 -9999 -9999 -9999 -9999 -9999 -9999 -9999 -9999 -9999 -9999 -9999 -9999 -9999 -9999 0.305494458146588 0.300471326023912 0.273121380581239 0.234629209559498 0.173610541966566 0.108149836442546 0.0332602941057745 0.00308401762390483 0.000176767738793889 0 0 0 0 0 0 0.0014722236047035 0.00843946101524309 0.0291500096442575 0.0620806530042987 0.140620728527974 0.222097723505165 0.276935401397954 0.311005403981158 0.322882798040505 0.337959809828496 0.352706909878196 0.359180012849127 0.362901757636198 0.363086005555407 0.366008528339111 0.369689944999663 0.371769595456334 0.373533677330618 0.374807440904812
-9999 -9999 -9999 -9999 -9999 -9999 -9999 -9999 -9999 -9999 -9999 -9999 -9999 -9999 -9999 -9999 -9999 -9999 -9999 -9999 -9999 -9999 0.307660862471762 0.308844102294289 0.28328512020212 0.244380397059116 0.178406466214122 0.112462201658942 0.0475263083296275 0.0144596057767246 0.000828786384743933 0 0 0 0 0 0 0.000580149167987781 0.00332568114695094 0.034236914716849 0.0901921523215517 0.148636151461162 0.2028877644035 0.233720690532298 0.271412169262348 0.316432786697183 0.341597213915277 0.359551250783169 0.36061973681769 0.361613316659379 0.362510587549335 0.364711517304647 0.367429119176414 0.371341179802697 0.374063184293506 0.374936125430349
-9999 -9999 -9999 -9999 -9999 -9999 -9999 -9999 -9999 -9999 -9999 -9999 -9999 -9999 -9999 -9999 -9999 -9999 -9999 -9999 -9999 -9999 0.329434215160585 0.32413471545825 0.296317187634093 0.257262008232298 0.1834634508921 0.113814495374493 0.05491124574162 0.0205585500074147 0.00117836174784581 0 0 0 0 0 0 0 0 0.036185370951267 0.104545568905463 0.155431338781925 0.197688412750842 0.21228656496641 0.250477108757173 0.313878789690867 0.342755782246285 0.360583102830286 0.360012715864783 0.360227046567717 0.361450310353423 0.362962833048239 0.3647761041637 0.369198588275344 0.372514036297546 0.374109414313394
-9999 -9999 -9999 -9999 -9999 -9999 -9999 -9999 -9999 -9999 -9999 -9999 -9999 -9999 -9999 -9999 -9999 -9999 -9999 -9999 -9999 -9999 0.33319925010552 0.338685921287086 0.314684052083019 0.275965887979854 0.189005981329554 0.109661358172562 0.0494980824946283 0.0168434750222994 0.000965423469063515 0 0 0 0 0 0 0 0 0.0322966326241037 0.0933103556120769 0.159957012388127 0.218547361176572 0.231362105358264 0.264244348230304 0.31857098176471 0.339303969035729 0.350804318763903 0.355598958227423 0.358658824305868 0.359488244544091 0.360374082692084 0.361393657281326 0.36386780455383 0.36709880220402 0.371505764799138
-9999 -9999 -9999 -9999 -9999 -9999 -9999 -9999 -9999 -9999 -9999 -9999 -9999 -9999 -9999 -9999 -9999 -9999 -9999 -9999 -9999 -9999 0.351755888146863 0.351088491005713 0.327179392420161 0.29167149213267 0.18738888717713 0.0961392074490563 0.0372379559009064 0.00941267071674559 0.000539509406727669 0 0 0 0.00392255798145176 0.0107414079606461 0.00537798162567509 0 0 0.0369897504162322 0.106869555272603 0.164355540581295 0.215236911528547 0.244055230188703 0.276846572596244 0.313883539965042 0.334252969424135 0.349168560336521 0.354322461882011 0.357454440907614 0.357986778554967 0.358672293013108 0.359474041149912 0.361115530311441 0.363018446659942 0.365327558495152
-9999 -9999 -9999 -9999 -9999 -9999 -9999 -9999 -9999 -9999 -9999 -9999 -9999 -9999 -9999 -9999 -9999 -9999 -9999 -9999 -9999 -9999 0.353100190031403 0.356283984196115 0.336752470301672 0.305884852017161 0.18220844188502 0.0779540908687905 0.0215700899294182 0.000132544824210149 7.59711899272353e-06 0 0 0 0.00979737634726042 0.0268288236369063 0.0134325891993289 0 0 0.0459540651683974 0.13276895497407 0.168690788396177 0.199897332267585 0.253571821462221 0.288868967970055 0.304527846550583 0.32840605340475 0.351585592572528 0.354607383102535 0.35643114041573 0.356714553481155 0.357411944404151 0.358282477105331 0.359646582390954 0.359602461285109 0.357370292290656
-9999 -9999 -9999 -9999 -9999 -9999 -9999 -9999 -9999 -9999 -9999 -9999 -9999 -9999 -9999 -9999 -9999 -9999 -9999 -9999 -9999 -9999 0.357317570214985 0.357305828747456 0.321188121027631 0.267051683318563 0.143056927569892 0.0458372356094348 0.012593654260109 0 0 0 0 0 0.00409037397373027 0.0112009499339981 0.0364394152067952 0.0569634113847116 0.051807275825025 0.0529156870462558 0.0595943246774695 0.165617289093534 0.273390942557311 0.299692766363167 0.316132651177402 0.322033939443654 0.338140304299441 0.354839790469488 0.357276438249094 0.35872067303632 0.358888935152026 0.359300216657952 0.35983248335534 0.360898159918452 0.360374884601974 0.357382757099299
-9999 -9999 -9999 -9999 -9999 -9999 -9999 -9999 -9999 -9999 -9999 -9999 -9999 -9999 -9999 -9999 -9999 -9999 -9999 -9999 -9999 -9999 0.356538867077143 0.356831374895413 0.311038884373732 0.24224761476275 0.118535232641618 0.0260253381555703 0.00715038999136793 0 0 0 0.000660142473835445 0.00322654467062465 0.00284029020203866 0.000273888005249466 0.0603556675024254 0.110899399090223 0.0979067453161928 0.067751040229152 0.0223345213844689 0.173972576146578 0.331142611405084 0.337101581924671 0.33898383095385 0.33650964226197 0.346026023210831 0.357272476340269 0.359375462817067 0.360586138315251 0.360649545053402 0.360912169545153 0.361199504871161 0.360986121825342 0.359450271448896 0.355859622307091
-9999 -9999 -9999 -9999 -9999 -9999 -9999 -9999 -9999 -9999 -9999 -9999 -9999 -9999 -9999 -9999 -9999 -9999 -9999 -9999 -9999 -9999 0.356348816397317 0.356096862042143 0.31413728843827 0.251363472543106 0.128676890956427 0.0348820751774387 0.0095837540990228 0 0 0 0.00283348962130345 0.0138491025789773 0.0121912058804635 0.00117559292278975 0.0858599250503511 0.156003844195957 0.129201847174485 0.100701388278936 0.0706907136378267 0.208771450535051 0.34985950602658 0.353324346320224 0.351214277259656 0.34314678739923 0.349156956734086 0.357794254549871 0.360088654988365 0.361369508416468 0.361347216584994 0.361786155090399 0.362056024010884 0.358316439450434 0.354496531908316 0.350551821613238
-9999 -9999 -9999 -9999 -9999 -9999 -9999 -9999 -9999 -9999 -9999 -9999 -9999 -9999 -9999 -9999 -9999 -9999 -9999 -9999 -9999 -9999 0.354710608687236 0.354867238423773 0.318756613559614 0.264546767543618 0.126487472414136 0.0240988082920388 0.00662108121651467 0 0 0 0.00230418454417164 0.0112620451732756 0.0125250828940651 0.0081065082285544 0.100626011774054 0.180219895163173 0.168342902817109 0.155345505203795 0.141351880532439 0.24901421930934 0.357596602753021 0.360233584550971 0.358084341982572 0.350820477672147 0.358011008248824 0.367592410620012 0.368401722366454 0.367190353916762 0.363380941378629 0.361668167085026 0.360198426847224 0.353244422935999 0.347865718679243 0.344934654307501
-9999 -9999 -9999 -9999 -9999 -9999 -9999 -9999 -9999 -9999 -9999 -9999 -9999 -9999 -9999 -9999 -9999 -9999 -9999 -9999 -9999 -9999 0.354461202830273 0.353903328124753 0.324301125495707 0.280204312781554 0.116796974398469 0.00136839097743483 0.000375961652864593 0 0 0 0.00013083739670359 0.000639487264922758 0.00737383282402465 0.0187050339796907 0.108859994798734 0.19172939127553 0.212256706498104 0.223186092014845 0.22558131801482 0.292568546750071 0.358654612359427 0.361477340297974 0.361693649455585 0.359124705531554 0.370346472083598 0.383033451603072 0.38133784647953 0.376075530598474 0.36622739662682 0.360946754697101 0.356689813934688 0.346711049922774 0.340214729907848 0.339129297148675
-9999 -9999 -9999 -9999 -9999 -9999 -9999 -9999 -9999 -9999 -9999 -9999 -9999 -9999 -9999 -9999 -9999 -9999 -9999 -9999 -9999 0.390756166358903 0.38503684632054 0.368651988231374 0.315591150964726 0.244227118008139 0.108733245521085 0.0121609887112726 0.00728803520940451 0.00343222180583315 0.000196725882158878 0 0 0 0.0464404054311777 0.127170928499433 0.19128301937593 0.243559468495087 0.259070348437682 0.252821315630003 0.227224092934157 0.283457866914816 0.344235316046188 0.353555434346926 0.356834305734266 0.353657421927711 0.36533002546417 0.379011836243818 0.380387146234634 0.378125580853304 0.371187984807108 0.367240437836646 0.363619662973598 0.3519280104374 0.344352800073859 0.343173558894702
-9999 -9999 -9999 -9999 -9999 -9999 -9999 -9999 -9999 -9999 -9999 -9999 -9999 -9999 -9999 -9999 -9999 -9999 -9999 -9999 0.387791294041477 0.389029458029405 0.386243091876275 0.375951676334736 0.305101185460559 0.204028608319748 0.0982210771285814 0.0215202498971482 0.0118935602507882 0.00520109673544156 0.000298113117786986 0.00040299290948522 0.000739614390870408 0.000809241982934039 0.0780714949765425 0.212330326297971 0.255533092499675 0.283012783498868 0.292410376436887 0.270467710505555 0.220658329909162 0.26601204149186 0.321296868794599 0.340192189538947 0.348641388526461 0.345927725648787 0.358323511672748 0.372988987736902 0.376793110268428 0.377303854663915 0.373580212235739 0.370834205687307 0.367604476795047 0.354297217668811 0.34546808100888 0.343596878433054
-9999 -9999 -9999 -9999 -9999 -9999 -9999 -9999 -9999 -9999 -9999 -9999 -9999 -9999 -9999 -9999 -9999 -9999 -9999 -9999 0.387725402613987 0.386840368812048 0.384849756810959 0.380797433579849 0.292115811820222 0.161199827221256 0.0803609163867645 0.0205721083583167 0.00743340070840475 0.00154901650992828 8.87855321227805e-05 0.00196603273201908 0.00360826721090712 0.00394795091706371 0.0801454747327437 0.212354013889472 0.253790903452825 0.279403752974166 0.286430831049274 0.260648140570093 0.205692096343563 0.234283932927215 0.27668928938893 0.312855710737079 0.332414082093408 0.334224874757434 0.348788014056783 0.364794221349735 0.368150665583646 0.36947584694777 0.368189377788956 0.365362515276891 0.361186988338029 0.346302255595262 0.335708197122554 0.331780822951601
-9999 -9999 -9999 -9999 -9999 -9999 -9999 -9999 -9999 -9999 -9999 -9999 -9999 -9999 -9999 -9999 -9999 -9999 -9999 -9999 0.391977169910992 0.390614523773873 0.387650166934207 0.38169889795642 0.274350666821415 0.116400148239684 0.056728498818776 0.0132644095016632 0.00364435998391814 0 0 0.0323837634001896 0.0572897138018444 0.0545484634404427 0.108578257877134 0.204525985338577 0.23741076502417 0.259910177035569 0.271767600606925 0.260799200097813 0.229534836836864 0.250606741923464 0.28139709614676 0.313655394611604 0.331341491335467 0.333455543343328 0.342856116885774 0.353031680024795 0.355614062921128 0.353492213619938 0.345322003635633 0.340994952998873 0.337218457970656 0.324712716249688 0.315566491326683 0.311640154115674
-9999 -9999 -9999 -9999 -9999 -9999 -9999 -9999 -9999 -9999 -9999 -9999 -9999 -9999 -9999 -9999 -9999 -9999 -9999 -9999 0.392136669004634 0.395913509687027 0.393539489907491 0.379695184174056 0.253064970023303 0.0701487998019536 0.028844511953564 0.00127256379385209 0.000349633398057871 0 0 0.0840544842547913 0.148397442765216 0.140107078662232 0.156425679450061 0.190914756856214 0.21024901066259 0.228716801934213 0.250708381580338 0.268294150130795 0.281962418153162 0.302321566895 0.322428266193418 0.335178835065058 0.341431141935242 0.340739321331649 0.339578460070419 0.338641285705499 0.340209209071032 0.331501535128577 0.30958224319119 0.302709591999165 0.300322666539286 0.293110059144626 0.287778030265223 0.285367971798111
-9999 -9999 -9999 -9999 -9999 -9999 -9999 -9999 -9999 -9999 -9999 -9999 -9999 -9999 -9999 -9999 -9999 -9999 -9999 -9999 0.370344455608399 0.369263342566707 0.361672500661662 0.341942145593023 0.243914239347976 0.10681183711497 0.043407672524775 0 0 0 0 0.104064438701874 0.179678671776414 0.153684631394323 0.15851183268543 0.186096458096382 0.19761110051519 0.212959777112175 0.249784738921553 0.277111747363547 0.295993491920061 0.306661691117134 0.314038425107716 0.312271517376961 0.311699396034459 0.312404038999413 0.313409033884831 0.31408315573397 0.311770210240707 0.306908503558948 0.298769784536842 0.299149668104422 0.301665368230009 0.296363319607574 0.290369357629201 0.283300327347371
-9999 -9999 -9999 -9999 -9999 -9999 -9999 -9999 -9999 -9999 -9999 -9999 -9999 -9999 -9999 -9999 -9999 -9999 -9999 -9999 0.32352554759001 0.331616172837792 0.327707140412113 0.301420831552444 0.227627778136051 0.130126421309243 0.0533113268013398 0 0 0.0027275515391389 0.00711853951135271 0.12015349118364 0.199356140390881 0.160552801966132 0.158205788429317 0.182776965149807 0.187310405438664 0.198713271913345 0.244691195618875 0.27545414974984 0.292688459540643 0.298632974046639 0.300148860378656 0.289578945006101 0.285116161035103 0.287179537280795 0.29064768724091 0.293259273808842 0.286992646841593 0.286006766580083 0.291810487556641 0.298856064031317 0.305470757637077 0.301596571471415 0.294965455914558 0.284050729732309
-9999 -9999 -9999 -9999 -9999 -9999 -9999 -9999 -9999 -9999 -9999 -9999 -9999 -9999 -9999 -9999 -9999 -9999 -9999 -9999 0.323126416176071 0.318355961185988 0.302607769070604 0.266388004768971 0.179445615309451 0.0671900329920218 0.0271452131463121 0 0 0.0155989362584565 0.0407111075620413 0.135639234154117 0.202293078015954 0.17424914931557 0.169207273119367 0.181149380567139 0.179289413588113 0.18326908582239 0.215199577684585 0.234255072212901 0.241862547804539 0.265520745796209 0.287625678404432 0.287301750960274 0.287823962014982 0.289250367698235 0.290668076935701 0.290812337219939 0.281586792366092 0.279982018983488 0.288175481020879 0.295378271498366 0.30155217231203 0.298804138179692 0.293604291671305 0.284594913595278
-9999 -9999 -9999 -9999 -9999 -9999 -9999 -9999 -9999 -9999 -9999 -9999 -9999 -9999 -9999 -9999 -9999 -9999 -9999 -9999 0.32132287657159 0.317727038326065 0.297944983213187 0.247978446249437 0.151542796497065 0.0319166748341223 0.0250640005401193 0.0212765670595411 0.0206185454825824 0.0403146056557276 0.0724238945650005 0.145862825370794 0.197768051070069 0.179765228939918 0.170741903709916 0.168348753263467 0.173717262233334 0.182685469409394 0.201628329965586 0.21274207791104 0.216894439605234 0.244065264652844 0.271857642699445 0.281862254130445 0.287627487713762 0.288862466872556 0.28816203811071 0.285970488415179 0.276322974059681 0.275864604351145 0.287220970578343 0.292985432280705 0.296547702460596 0.29516303808226 0.291513026592998 0.284343206077957
-9999 -9999 -9999 -9999 -9999 -9999 -9999 -9999 -9999 -9999 -9999 -9999 -9999 -9999 -9999 -9999 -9999 -9999 -9999 -9999 0.321681639109514 0.329646088091295 0.311409905653622 0.244314098385575 0.141628209282737 0.0211810429883376 0.0443466337160753 0.0614259248568118 0.0595262018504022 0.0755364204071608 0.10246927374567 0.151418770317199 0.186624094696049 0.178025228176761 0.163879223030063 0.145637387230791 0.170317287155743 0.195283510591384 0.202178806615914 0.208691079630504 0.21486278133799 0.232949578844821 0.25321134917853 0.27361772402035 0.284854856296993 0.286293616455628 0.283415000696322 0.279004298923378 0.271185145011263 0.273439036707124 0.288644120107886 0.291554970913867 0.290580028753272 0.290769151551501 0.288774145748536 0.283385525109741
