layers/veg/veg_3700.asc
NCOLS 255 
NROWS 330 
XLLCORNER -2985163.8955 
YLLCORNER -3022031.214 
CELLSIZE 25000 
NODATA_value -9999 
[rows 250 to 274 of 330, columns 56 to 111 of 255]
-9999 -9999 -9999 -9999 -9999 -9999 -9999 -9999 -9999 -9999 -9999 -9999 -9999 -9999 -9999 -9999 -9999 0.671308043425324 0.652194549147469 0.647523038900577 0.645761158537173 0.5533464306812 0.480924371170229 0.445785164085845 0.396480723470577 0.34010710441416 0.365891752581374 0.388737254476215 0.401972785048121 0.391282800097926 0.366001496293266 0.386335227761623 0.398671043627357 0.379384297865321 0.382849155851158 0.403113074088588 0.345776167081527 0.283857979581591 0.239444035345567 0.213063654668889 0.202718118254266 0.198612770472045 0.195239630551505 0.189888997667186 0.182983171396531 0.174415445202687 0.175402571015893 -9999 0.137546800748657 0.132800000258837 0.121950107862049 0.120743077914433 0.122325939947047 0.119747414429774 0.118178586005021 -9999
-9999 -9999 -9999 -9999 -9999 -9999 -9999 -9999 -9999 -9999 -9999 -9999 -9999 -9999 -9999 -9999 0.678857482419706 0.678984016934843 0.679304374080959 0.686008406842425 0.692677257402354 0.618020946011296 0.551742124032432 0.501085864088324 0.438073361676171 0.368894460194193 0.39438958520484 0.414623090937049 0.419473088167022 0.411323538091124 0.395246027611262 0.417601391841329 0.434051866674057 0.426266355903908 0.423955207952599 0.425686155312543 0.411311101219112 0.377443755872528 0.27800421069468 0.221965479517441 0.204517307053458 0.202426968016266 0.20253969347355 0.199809250519764 0.194602611140296 0.186749875985344 0.181934091539019 -9999 -9999 0.132800000258838 0.121950107862049 0.120743077914433 0.122325939947047 0.119747414429774 -9999 -9999
-9999 -9999 -9999 -9999 -9999 -9999 -9999 -9999 -9999 -9999 -9999 -9999 -9999 -9999 -9999 -9999 0.678857482419706 0.691835661300318 0.724693513116348 0.74443180842318 0.756628548271788 0.698237473309166 0.645230401591335 0.6022635603708 0.532442532085085 0.449219886392792 0.464043718030714 0.472174546247495 0.461514306997149 0.45979851772797 0.46353762958861 0.479753625612976 0.487641975807558 0.469150548250568 0.452190619615815 0.436361501052959 0.430429012378068 0.405371357546776 0.304516714407123 0.246369346545336 0.226195865856967 0.222996859369292 0.222477165802311 0.220048064027955 0.212105151054736 0.198270107566825 0.196126801060848 -9999 -9999 -9999 -9999 -9999 -9999 -9999 -9999 -9999
-9999 -9999 -9999 -9999 -9999 -9999 -9999 -9999 -9999 -9999 -9999 -9999 -9999 -9999 -9999 -9999 -9999 0.82213544930982 0.802908857669955 0.810036296126926 0.825876924050533 0.782563002424128 0.745792538435583 0.721224485914187 0.648174790967195 0.550930268544941 0.550777061540245 0.542898828990869 0.513890320155266 0.519651759325508 0.546618150064624 0.552573235566731 0.546432587633223 0.509291613777616 0.475042755350642 0.442929342929083 0.431450348725799 0.407665847343514 0.328750269164088 0.279495851337348 0.256615149682788 0.250622052431113 0.247631104181707 0.244438865528237 0.232032456714172 0.209779665568048 0.215220434478731 -9999 -9999 -9999 -9999 -9999 -9999 -9999 -9999 -9999
-9999 -9999 -9999 -9999 -9999 -9999 -9999 -9999 -9999 -9999 -9999 -9999 -9999 -9999 -9999 -9999 -9999 0.831440230870878 0.835771269043817 0.832862837265813 0.825651832590487 0.775084862901694 0.754859859101055 0.791217349293684 0.743125888894157 0.652890068530348 0.637788736451093 0.615097639668716 0.57234981103469 0.563146921758348 0.574401894953955 0.541186191541797 0.512833838413131 0.506838593375526 0.496152223941039 0.482002077523431 0.477931900747546 0.472890713978775 0.459730422383754 0.402627540124398 0.306452369381678 0.282363899087193 0.271776639082572 0.263792910898676 0.251346663191924 0.234131708958107 0.22849264234413 -9999 -9999 -9999 -9999 -9999 -9999 -9999 -9999 -9999
-9999 -9999 -9999 -9999 -9999 -9999 -9999 -9999 -9999 -9999 -9999 -9999 -9999 -9999 -9999 -9999 -9999 0.841287441845462 0.858552306999471 0.863787428455487 0.747191723519862 0.742549082866272 0.754837710303297 0.798700210658351 0.774252604077012 0.715714748703483 0.693407936194583 0.665183620029136 0.622097924404886 0.601560353434674 0.594774079739262 0.540735808374114 0.500079398686761 0.506898514723608 0.508535115402917 0.506345111649813 0.511525751344973 0.522941768263144 0.554344363100619 0.493656798773027 0.351085731197712 0.31394928394285 0.297030290979058 0.28629340969973 0.274475626977681 0.261502778885359 0.267644512361308 0.277322492985811 0.278160699259485 0.275099787656269 0.267025672989261 -9999 -9999 -9999 -9999 -9999
-9999 -9999 -9999 -9999 -9999 -9999 -9999 -9999 -9999 -9999 -9999 -9999 -9999 -9999 -9999 -9999 0.834468173514322 0.841599076829923 0.85965293219853 0.864551933107899 0.747480968598097 0.752158576939396 0.7373944747155 0.686374960586884 0.683052035406403 0.703532155729786 0.6888595940747 0.672887639848103 0.655149610743446 0.630234022750723 0.600941097507492 0.561246881621261 0.527275643237136 0.511774798182278 0.504192447892302 0.502456862170279 0.520418736182801 0.543910343864895 0.579257982275148 0.523157799488113 0.385745258986684 0.34523479050357 0.324407785464196 0.314824473707842 0.30491604259399 0.294660184697078 0.285285172569513 0.277322492985811 0.278160699259485 0.275099787656269 0.267025672989261 0.265051751638747 -9999 -9999 -9999 -9999
-9999 -9999 -9999 -9999 -9999 -9999 -9999 -9999 -9999 -9999 -9999 -9999 -9999 -9999 -9999 0.821089342245211 0.8228095954936 0.832312453149509 0.853736523452468 0.859261378106753 0.746847107498252 0.748594781424841 0.725783950035865 0.657175773655339 0.654973185225737 0.685910392881458 0.684706334559148 0.682574361859944 0.679425664698221 0.65068528919575 0.606337461542632 0.58102752981305 0.558352080200063 0.539725098133099 0.533395844372859 0.536146841880695 0.555284234443211 0.579334392304024 0.614414238624941 0.602352112212275 0.548372913308561 0.449344850942298 0.357245653511195 0.341062621593768 0.328500587857499 0.319807999974084 0.298612805573135 0.277322492985811 0.278160699259485 0.280723809367622 0.285504675763385 0.289320134466452 -9999 -9999 -9999 -9999
-9999 -9999 -9999 -9999 -9999 -9999 -9999 -9999 -9999 -9999 -9999 -9999 -9999 -9999 -9999 0.820354307737098 0.812522737436389 0.818100845978869 0.844219589076007 0.854554964413781 0.746545950628439 0.73858954581908 0.7171662604036 0.670629582737507 0.659282858035728 0.665497725685956 0.680755796742558 0.69327843252917 0.699198834732541 0.666917540525259 0.611338393755745 0.600433388007602 0.591419491175873 0.579514957137779 0.579812135096738 0.589118668935949 0.603476545855048 0.62217572001778 0.654826116931364 0.707044668916349 0.776662572839353 0.590822077453003 0.392885305775682 0.366124246274754 0.348567302493853 0.34084599673877 0.309727371757335 0.277322492985811 0.278160699259486 0.289233585156268 0.313465480055469 0.307340501084157 -9999 -9999 -9999 -9999
-9999 -9999 -9999 -9999 -9999 -9999 -9999 -9999 -9999 -9999 -9999 -9999 -9999 -9999 -9999 0.831428908029843 0.833750103778747 0.840786617925152 0.855045947259343 0.858684630592851 0.728753330111375 0.728334038945331 0.717951290759033 0.688988426535466 0.674231786934897 0.666564782433958 0.67827713774569 0.691583740812909 0.707882067031146 0.68364594959292 0.634689320221169 0.626279494211536 0.628708653533737 0.654857076452266 0.667320091299333 0.669678236295999 0.681754738862283 0.698240794737175 0.726851725805215 0.765269071752503 0.812405955290925 0.621128420022575 0.421050477114524 0.393287024872062 0.37393554470787 0.363573207549033 0.356623007033933 0.351247508676216 -9999 -9999 -9999 -9999 -9999 -9999 -9999 -9999
-9999 -9999 -9999 -9999 -9999 -9999 -9999 -9999 -9999 -9999 -9999 -9999 -9999 -9999 -9999 0.87801794199873 0.868916638785574 0.863687933323371 0.864391183138375 0.864593011059885 0.723876524850376 0.72410613606179 0.717932565539059 0.699818173734494 0.682443388994973 0.665437706134904 0.674518404862836 0.687694026649123 0.709376904321305 0.69650613843559 0.662562337351486 0.658911838246892 0.669229054460124 0.714217023382235 0.7343649337196 0.736171735208439 0.748860259105819 0.763374929516338 0.779853249441036 0.801692437243773 0.828298330265417 0.63842792608081 0.443206842065912 0.417766562076482 0.397866158577038 0.383885739302118 0.366880735985178 0.351247508676216 -9999 -9999 -9999 -9999 -9999 -9999 -9999 -9999
-9999 -9999 -9999 -9999 -9999 -9999 -9999 -9999 -9999 -9999 -9999 -9999 -9999 -9999 -9999 0.879305279248698 0.886933011372184 0.88521808820363 0.869192302681992 -9999 0.723863427034891 0.723670991647102 0.715531370115351 0.692571627372216 0.674160919253979 0.658020412853792 0.667653865906511 0.67923953819594 0.694417729527931 0.700182482583084 0.700206315268631 0.707283131106902 0.717184580294925 0.733924076668869 0.750865168240961 0.767955111292608 0.787978783024847 0.80093439615893 0.7862005670647 0.788868369911764 0.807009124467236 0.630600835019194 0.451517672371179 0.435786012489977 0.41812265114555 0.398395048439522 0.373879106134679 -9999 -9999 -9999 -9999 -9999 -9999 -9999 -9999 -9999
-9999 -9999 -9999 -9999 -9999 -9999 -9999 -9999 -9999 -9999 -9999 -9999 -9999 -9999 -9999 -9999 0.902381798584251 0.902381798584251 -9999 -9999 0.71099313156722 0.712964923644997 0.709296528496379 0.695110164240726 0.682488684462444 0.670648162342657 0.674313515281478 0.681048601122787 0.694301749290723 0.70342887264846 0.710039680587562 0.717992691342513 0.723803957322265 0.72317970148747 0.727080915725856 0.73432359306586 0.748488931568518 0.754772463847104 0.728550533648247 0.721168533310102 0.730538371299997 0.589054650348848 0.445935382149804 0.431692162096475 0.414616560021912 0.394514237601895 0.388928776178692 -9999 -9999 -9999 -9999 -9999 -9999 -9999 -9999 -9999
-9999 -9999 -9999 -9999 -9999 -9999 -9999 -9999 -9999 -9999 -9999 -9999 -9999 -9999 -9999 -9999 -9999 -9999 -9999 -9999 0.710722385473098 0.703970015234922 0.700661471201117 0.703775064620134 0.701215986895243 0.695825955168301 0.689440552409126 0.689283592698764 0.703478976210705 0.706406071850771 0.702461040487741 0.705122537531202 0.704543097282405 0.693369926879086 0.678074863291982 0.659736324936576 0.659782995670996 0.656193223318434 0.630832263001815 0.619111409952999 0.619518886118606 0.526397206853938 0.431654718635178 0.413753348305704 0.396232902481854 0.379119517549722 0.381180174068003 -9999 -9999 -9999 -9999 -9999 -9999 -9999 -9999 -9999
-9999 -9999 -9999 -9999 -9999 -9999 -9999 -9999 -9999 -9999 -9999 -9999 -9999 -9999 -9999 -9999 -9999 -9999 -9999 -9999 0.682089218054321 0.700531470246718 0.714485207314963 0.720068643625928 0.72300946207713 0.724631478606591 0.719750271675918 0.71788549389065 0.723180671313763 0.719128984167364 0.709376977581776 0.709411906208091 0.705968917765496 0.69065333154548 0.679003727114219 0.670060966984265 0.660233588483065 0.648401892932588 0.629483634920593 0.624488269732698 0.631872677260108 0.59236085755142 0.538898450473517 0.45766602241346 0.405091203159205 0.383140278201075 0.378591361233846 -9999 -9999 -9999 -9999 -9999 -9999 -9999 -9999 -9999
-9999 -9999 -9999 -9999 -9999 -9999 -9999 -9999 -9999 -9999 -9999 -9999 -9999 -9999 -9999 -9999 -9999 -9999 -9999 0.689540420899326 0.685723707054027 0.711445293698338 0.731588832845506 0.741330282682946 0.751437938578668 0.76172835008986 0.757087769401213 0.751730393386869 0.745243855542578 0.732713481747016 0.716497187897294 0.714981318106932 0.709938846664201 0.691964653538005 0.68417696267722 0.683910660954798 0.667235303833526 0.650013085746591 0.638066841499803 0.638158608494743 0.648954174261942 0.648936346733423 0.625338353204005 0.492575710182748 0.411933433904235 0.386987660869283 0.382034501800417 -9999 -9999 -9999 -9999 -9999 -9999 -9999 -9999 -9999
-9999 -9999 -9999 -9999 -9999 -9999 -9999 -9999 -9999 -9999 -9999 -9999 -9999 -9999 -9999 -9999 -9999 -9999 -9999 0.69529654328767 0.699379445036783 0.727586309888792 0.753666376275784 0.775780333089805 0.799005988080569 0.822786437509912 0.812140605480059 0.796854665876728 0.772097879082265 0.746780484834786 0.721121196090131 0.720693248248855 0.717067079703252 0.699488762386717 0.691314622026992 0.690084226691346 0.674680164255299 0.660225467892066 0.655634548853262 0.653554459326334 0.65370691579948 0.649941794543663 0.623668389695059 0.487370985400765 0.406923407765807 0.386157682851451 -9999 -9999 -9999 -9999 -9999 -9999 -9999 -9999 -9999 -9999
-9999 -9999 -9999 -9999 -9999 -9999 -9999 -9999 -9999 -9999 -9999 -9999 -9999 -9999 -9999 -9999 -9999 -9999 -9999 0.719404581933627 0.716849248506695 0.739187037416861 0.763400924195389 0.791113407497251 0.821320419245326 0.85277232869836 0.839316012411194 0.8191375587756 0.785066207563689 0.755644621160694 0.729058760527642 0.728222344640798 0.724930131153957 0.709732770564695 0.702782614126758 0.701921930808192 0.68248653730032 0.66321325388007 0.652827856127516 0.642104431476099 0.631080444561334 0.61909397243955 0.589769567355554 0.473826423675624 0.413932014954074 -9999 -9999 -9999 -9999 -9999 -9999 -9999 -9999 -9999 -9999 -9999
-9999 -9999 -9999 -9999 -9999 -9999 -9999 -9999 -9999 -9999 -9999 -9999 -9999 -9999 -9999 -9999 0.737084354996771 0.737084354996771 -9999 0.72819509887354 0.737207463920339 0.747349380353846 0.763788056404776 0.791969094982351 0.824510151824526 0.859227081521315 0.845379694967923 0.824122554235618 0.787518825817181 0.760568599000282 0.739505698615282 0.737127590634257 0.733349664469969 0.722036572874383 0.717529990095921 0.718049116844971 0.690566685764855 0.660729815029342 0.634591522580628 0.61032387786912 0.587719550839476 0.564123500743463 0.531463659953537 0.453966059372761 -9999 -9999 -9999 -9999 -9999 -9999 -9999 -9999 -9999 -9999 -9999 -9999
-9999 -9999 -9999 -9999 -9999 -9999 -9999 -9999 -9999 -9999 -9999 -9999 -9999 -9999 -9999 -9999 -9999 0.734834186671101 0.729137262773985 0.732475615288052 0.739325126810925 0.742251796227125 0.748735316172972 0.761851744298553 0.77656292683984 0.792069973671669 0.785869251053696 0.773735216357325 0.748715809041794 0.723718261631684 0.698734045798475 0.692304578304587 0.682742918423533 0.660667915319622 0.645926739154097 0.636600627437564 0.62268270872861 0.608258864343946 0.593994247316378 0.584729014935873 0.579909068921423 0.557916254276923 -9999 -9999 -9999 -9999 -9999 -9999 -9999 -9999 -9999 -9999 -9999 -9999 -9999 -9999
-9999 -9999 -9999 -9999 -9999 -9999 -9999 -9999 -9999 -9999 -9999 -9999 -9999 -9999 -9999 -9999 -9999 0.737643380616335 0.73210036376561 0.732141360741475 0.734293890114031 0.732197150201467 0.728627884808672 0.722312615269435 0.718979801661791 0.717135386613008 0.718005339650776 0.714568438410207 0.701136784110527 0.679516678445213 0.65290272825062 0.644760434061818 0.631937330887227 0.602144556880296 0.577668675034937 0.55711861717822 0.556389921029365 0.557231462972101 0.555095131668462 0.549781391799645 0.541642406031321 -9999 -9999 -9999 -9999 -9999 -9999 -9999 -9999 -9999 -9999 -9999 -9999 -9999 -9999 -9999
-9999 -9999 -9999 -9999 -9999 -9999 -9999 -9999 -9999 -9999 -9999 -9999 -9999 -9999 -9999 -9999 -9999 0.741086455504403 0.744260535675098 0.74058793093348 0.733886783876576 0.718671993611718 0.696547926170832 0.661539257390949 0.649279986421293 0.648373832376857 0.650117009210923 0.648693589441637 0.639898868145986 0.627433733643332 0.612730144994035 0.613176065251407 0.609480275179935 0.59099259245293 0.564973771402164 0.533394197453889 0.53373877401232 0.536458611685478 0.533808427648273 0.535028090378864 0.539688692002947 -9999 -9999 -9999 -9999 -9999 -9999 -9999 -9999 -9999 -9999 -9999 -9999 -9999 -9999 -9999
-9999 -9999 -9999 -9999 -9999 -9999 -9999 -9999 -9999 -9999 -9999 -9999 -9999 -9999 -9999 -9999 -9999 -9999 0.752163233317889 0.748013791098043 0.741976583606507 0.729146310833244 0.702879859635957 0.651557270422688 0.625949955559086 0.613175882212084 0.611055285922554 0.608559974598381 0.604833259268352 0.596747835303693 0.586004190352204 0.583794315976152 0.579513221690192 0.567655846942134 0.548533701006678 0.524047479191404 0.518192213474234 0.514331332231799 0.509606511098251 0.50453127331045 0.499144456701342 -9999 -9999 -9999 -9999 -9999 -9999 -9999 -9999 -9999 -9999 -9999 -9999 -9999 -9999 -9999
-9999 -9999 -9999 -9999 -9999 -9999 -9999 -9999 -9999 -9999 -9999 -9999 -9999 -9999 -9999 -9999 -9999 -9999 -9999 0.754509220031359 0.757811762992239 0.761497419079799 0.744226266460815 0.687874307175346 0.644888438194162 0.608572934174875 0.598270541270165 0.591890857523461 0.593625093986594 0.585566477675585 0.57153554962106 0.556420371024325 0.542700407606818 0.533212028353649 0.528679712820075 0.527806797035146 0.509121859662248 0.490969419793993 0.482747223982098 0.484996824125971 0.496557596559346 -9999 -9999 -9999 -9999 -9999 -9999 -9999 -9999 -9999 -9999 -9999 -9999 -9999 -9999 -9999
-9999 -9999 -9999 -9999 -9999 -9999 -9999 -9999 -9999 -9999 -9999 -9999 -9999 -9999 -9999 -9999 0.807079476396644 0.807079476396644 -9999 0.769730316967046 0.769591270411312 0.765073582065661 0.74624001964141 0.700709839666187 0.653734107032837 0.606036969442477 0.584242584917795 0.569656509946604 0.57074103501631 0.56424253026347 0.553119405994221 0.537473355675439 0.523137026019524 0.513428236994898 0.509349227756029 0.509427068771417 0.49617119027453 0.483573655839675 0.479379122491753 0.477404696974365 0.477404317418024 -9999 -9999 -9999 -9999 -9999 -9999 -9999 -9999 -9999 -9999 -9999 -9999 -9999 -9999 -9999
