layers/veg/veg_2600.asc
NCOLS 255 
NROWS 330 
XLLCORNER -2985163.8955 
YLLCORNER -3022031.214 
CELLSIZE 25000 
NODATA_value -9999 
[rows 175 to 199 of 330, columns 114 to 170 of 255]
0.289015658488832 0.31091101732906 0.318665686110122 0.318575619322222 0.332488289573276 0.34639055228847 0.358807453264629 0.370421541169017 0.381494296680254 0.388209741066678 0.394723330629503 0.401898689773283 0.409171423953833 0.41652339566425 0.424327516075404 0.433345632420508 0.447333179498996 0.454540708853029 0.455113902270797 0.445678607358492 0.438805298087547 0.460498031747384 0.475500918062388 0.482635055841998 0.486670263196898 0.490848614030194 0.504772686905192 0.507181806359186 0.493264654066499 0.484385817560479 0.478353537564688 0.491431614434183 0.48866866782072 0.458662483457877 0.44365232500245 0.435450320132341 0.40978112071566 0.394429906070321 0.400828318612162 0.367152894608835 0.310914841964471 0.302693789283719 0.289391045879097 0.257194850773004 0.270184201865046 0.314075084557373 0.36014249247511 0.39964070106316 0.416432184248118 0.469927263520379 0.553702466456049 0.602156734804801 0.636342187509162 0.631492069335641 0.584235773062973 0.494916209563517 0.504808294582183
0.288114039551451 0.302852254671364 0.312303074137795 0.318820640659955 0.332417194304484 0.34446635655338 0.351784122713214 0.362668760355186 0.375958519616849 0.381947795226772 0.38742532231448 0.393441341622707 0.401048222099159 0.409949642875781 0.416744394928567 0.424212324296503 0.435971717817638 0.447283527233962 0.458157369755252 0.451599088651309 0.444545725985414 0.457165893045942 0.470804052187432 0.485639596453459 0.495913279984713 0.504773205052645 0.512605637306953 0.509078936181621 0.489446889981724 0.478005971677422 0.470242196706031 0.475349466660059 0.473904191943272 0.461189914783395 0.442230949322864 0.420369238624071 0.387705362176828 0.366176369452258 0.368118972694122 0.351200715804275 0.323663296396192 0.311339992547155 0.296320535761179 0.27246356687401 0.298230800285799 0.357935077387533 0.381336407677143 0.405247737541364 0.442615196197607 0.486881022901758 0.536837938758847 0.594278022596787 0.641902862120078 0.640863902657682 -9999 -9999 -9999
0.286466633002322 0.294080976577559 0.305867612813105 0.319968883801235 0.331839602797092 0.341051320491122 0.343632064545597 0.3533748948549 0.367947080126901 0.374169590631679 0.379541039182074 0.384655073896956 0.392341430024581 0.402120975551949 0.408073145463103 0.414140281106864 0.423199465376917 0.438048504414913 0.458562991998001 0.455885252246628 0.449961609801116 0.454513150405606 0.466630107991719 0.487645678763639 0.502553777481731 0.514809196230363 0.518497129139599 0.511807785151649 0.490405203826152 0.478214439536739 0.469639362141274 0.465591946082278 0.463815807422434 0.465945789490611 0.443873272784499 0.410692480954708 0.373541126633721 0.346345748797071 0.34013690870179 0.337401248681642 0.336621080797874 0.322839585898922 0.309288028490712 0.297843542087409 0.334298616244504 0.403511284562493 0.403392746994601 0.411780030890173 0.471092302024258 0.506865667368096 0.523219655478854 0.582456537522821 0.636209355090116 -9999 -9999 -9999 -9999
0.274272288010189 0.283790119673535 0.297735105382584 0.314136113581787 0.321609037991982 0.328150601120569 0.333218105302423 0.34220934120728 0.353846327609208 0.363194314653608 0.371501620855692 0.377085393615376 0.383856570548115 0.391593980477995 0.397625587681388 0.403840551436863 0.411961902594756 0.428946657361728 0.45460436837618 0.452986931927486 0.447885962892077 0.457129775817579 0.469494042260216 0.485528656137862 0.497682236951794 0.508574403317687 0.518037362621633 0.519249140959092 0.508762129230738 0.499821149666608 0.491641676627737 0.487182945081314 0.483733680420021 0.482020487066321 0.459149477607632 0.426569009589033 0.390889211057425 0.35991253552577 0.338849731174515 0.337322082405078 0.346793242305748 0.337578234397876 0.329790993413398 0.327912858836552 0.359040587172999 0.412740394451182 0.408259790283975 0.416516884564005 0.486264394238639 0.52951034090047 0.550892745815806 0.596208899883766 -9999 -9999 -9999 -9999 -9999
0.272365772945116 0.282217974604672 0.294405023612693 0.30788736018914 0.312641494398956 0.317339237761604 0.322800540235365 0.330532337548868 0.339795116915917 0.351985472114304 0.362972696520075 0.369116233128361 0.377829858553527 0.388634856635795 0.39393410514753 0.398548212362911 0.403778489986929 0.418781098177929 0.443346059521451 0.443681336275241 0.441154502633585 0.452781307604724 0.465880423281248 0.480711303841103 0.492744172760322 0.504153378523529 0.517236498124176 0.524122654412212 0.522222556570783 0.513792594026734 0.503694718454156 0.50752101875441 0.508255905739694 0.503674210244566 0.482731831520116 0.454222360679046 0.407538902878674 0.366825846213116 0.338697998938525 0.340627723011525 0.359480653810759 0.350893911334422 0.345082810718867 0.349731613563506 0.372188312301768 0.406823490752954 0.430129267963946 0.462765126735658 0.530316758548924 0.562910706336738 0.566664891591223 -9999 -9999 -9999 -9999 -9999 -9999
0.279694739217099 0.28847269885691 0.29538612436388 0.301265174803562 0.304807776784314 0.308403508874465 0.312379738186415 0.318396200422758 0.325788380382668 0.340566954684131 0.354004338052605 0.360788455517232 0.374009848589745 0.39246948172001 0.396307614677665 0.397751054753372 0.398336816612312 0.407660634645987 0.425534754824753 0.428623869511227 0.430243475099726 0.442180209572071 0.456451844048183 0.473469840292791 0.487746389654469 0.50136059036694 0.516129426773957 0.526690991719537 0.531287351711167 0.520909788752108 0.506816204974878 0.526734329620723 0.536911501288206 0.530336276989575 0.51377069331049 0.492447875653034 0.42356164111577 0.367766269105647 0.339565566581251 0.346971936477284 0.374426028809652 0.362932173364137 0.355696531972528 0.364143761443692 0.374927774321622 0.387309868718155 0.467261990333245 0.546278531382299 0.600295213768749 0.605966557191194 0.571753447905045 -9999 -9999 -9999 -9999 -9999 -9999
0.268887890995508 0.273900505640219 0.280213177358118 0.287247072999392 0.290104736302568 0.293555985331919 0.298974361522042 0.305055335618849 0.311583095802148 0.328730932633432 0.342478795885536 0.341824997992162 0.351650773729147 0.370004151160158 0.374698716303419 0.37749506831064 0.38095933373706 0.388790751495103 0.400895484874184 0.411213424212116 0.421016949308985 0.430023516149171 0.440434663326297 0.452497909407844 0.474405294653715 0.497302376751423 0.502910754333499 0.509252640099002 0.516634517386241 0.510325879652287 0.500797394097004 0.525766489608817 0.540615860796857 0.538061428751643 0.513634945176543 0.479186990483739 0.445743180991394 0.416210115060171 0.394920637035313 0.39431919693064 0.405365668709289 0.394504540840317 0.385473128270627 0.383778570568006 0.388826686343629 0.398485987666167 0.477090889889232 0.555309816830839 0.609924543083353 -9999 -9999 -9999 -9999 -9999 -9999 -9999 -9999
0.253322643710602 0.254645626336923 0.260426289441514 0.268679909980052 0.271825083621497 0.276434126722539 0.285353734870941 0.292695666702201 0.298973780159788 0.317052542262483 0.330087939367128 0.32296257893592 0.329084977494216 0.345987548603967 0.35175127058932 0.356097762099351 0.361555992614273 0.367988394707239 0.375374036418589 0.392526807514509 0.409984597019791 0.416587045379913 0.423569410691252 0.430998642844144 0.458788880833471 0.48895114766216 0.48643032294312 0.489280057706578 0.499744344638613 0.498898668218598 0.495479208327006 0.522208539025259 0.539647975613626 0.541110742880438 0.507187260711588 0.45723766877923 0.458962038471491 0.456117469457694 0.443641880850436 0.43661633204659 0.432659299630602 0.425197414727304 0.416136642696841 0.40328359210389 0.405099951483533 0.41694844002762 0.489062277428795 0.555230925346339 0.581984770395475 -9999 -9999 -9999 -9999 -9999 -9999 -9999 -9999
0.23040873017521 0.230965960692628 0.23216560022938 0.233721624699449 0.241651530304499 0.253203221514912 0.273439423979221 0.28650909694435 0.294746418891807 0.306576856304739 0.315662857993728 0.314638146245676 0.32292215704157 0.33878100636954 0.344522964856454 0.347170943947149 0.342994303651358 0.344563473495352 0.351754993640265 0.369503945875375 0.388092902681509 0.398044651504539 0.408556203906846 0.419726209838431 0.439348942394277 0.459748394935552 0.464611093693684 0.475141804755848 0.493708806175072 0.499816354700519 0.502369039547383 0.524362337789786 0.538194168827082 0.537989988132453 0.497696867257631 0.439177291883521 0.420357881249141 0.407442133318922 0.406970914596674 0.414356004614057 0.426164403998933 0.432972498591853 0.433302176751839 0.417202258231766 0.423052358991177 0.443913658495815 0.537755968738815 0.612530446996213 0.599823224444891 -9999 -9999 -9999 -9999 -9999 -9999 -9999 -9999
0.216315487556301 0.212988788326884 0.212658532572755 0.213990593623014 0.225069416898871 0.239548303501814 0.261788088201291 0.274444478303089 0.280638838681554 0.288524550288004 0.295395847662082 0.298419502826886 0.306921363208316 0.319881033967662 0.327226972752239 0.331584049904386 0.326638488271707 0.32764809559201 0.334484913547588 0.348782708644991 0.36415116646754 0.376310240497017 0.389041768761712 0.402446630541024 0.418287238805399 0.434325606477017 0.445640247219634 0.461084576686008 0.482384111802652 0.494780746968848 0.504467691106206 0.52480017679812 0.537740364708332 0.537967350962238 0.49825026778428 0.440301997998566 0.403053692158713 0.379353615508854 0.384212306918749 0.395725059317344 0.410984223838811 0.434042102682984 0.449120011856424 0.442346270010416 0.451015263128536 0.470245247595444 0.564545879530751 0.642019393886879 0.638839861402775 -9999 -9999 -9999 -9999 -9999 -9999 -9999 -9999
0.211738514537361 0.201163808231379 0.202595397638148 0.210687639009937 0.22315056524204 0.236224535657657 0.250420465771766 0.256038267460288 0.255871884819161 0.262298131460512 0.268826213473713 0.273684110706878 0.280306772772331 0.288365486733042 0.299069355873126 0.30881186595217 0.312662501809894 0.317755604006875 0.324064475751833 0.33054460207427 0.337997721941929 0.351132089678221 0.364671138093892 0.378686181003763 0.395475877561411 0.412980870515146 0.429742407172322 0.447114763124445 0.465353158341584 0.483322367853809 0.501397330263032 0.523386735352027 0.538365423532949 0.541287149123941 0.50963951653959 0.462124724021249 0.408729188075616 0.373475393862928 0.376463187320886 0.381009709468277 0.386433837046137 0.427877432428641 0.46348386838351 0.479600858929631 0.489778092312403 0.495893239273195 0.567704676245058 0.629193164056422 0.634846806925708 -9999 -9999 -9999 -9999 -9999 -9999 -9999 -9999
0.204940368527927 0.19864603717435 0.200484310972176 0.206834255461647 0.217672789822963 0.229732823453981 0.244478217322868 0.249299379089793 0.247428686298242 0.251160948532321 0.255370600325961 0.25944507458029 0.264109469208154 0.269253903020259 0.277229052871669 0.28561473645459 0.293936315715786 0.301415438014745 0.30807020516797 0.317313837761415 0.326794511165958 0.33434564312882 0.345816185259146 0.361896825561393 0.378104666450754 0.394567330895613 0.413097205110493 0.431288359976996 0.448999267644463 0.466701805336003 0.484420478957969 0.502506793999637 0.518726839180491 0.531737291649277 0.520719727777767 0.498614839526128 0.456773812377725 0.425646001142344 0.417100938112908 0.404993067142686 0.390879241179942 0.427230292812791 0.461631416770868 0.485077856009721 0.508913570146031 0.533015501946108 0.587206611476034 0.631221794601053 0.631417355769398 -9999 -9999 -9999 -9999 -9999 -9999 -9999 -9999
0.196467340322557 0.197497047935646 0.199621224086724 0.202352571191492 0.211280258463934 0.222287884023582 0.238018760942006 0.243527476921995 0.242143446584631 0.243319676098183 0.245043512711713 0.247788181953417 0.250578724614936 0.253406596109318 0.257676436516987 0.263408397617054 0.274540812424341 0.283518322697715 0.290387230727029 0.303933460810894 0.317052173608886 0.318890150333333 0.328341033434901 0.346746387814699 0.362385841658038 0.377672684570022 0.397111713374711 0.416185015711676 0.434739779286157 0.45090961376758 0.466125978698631 0.479837601750411 0.496640894318772 0.518761209980578 0.528305925159899 0.531986139075931 0.508856380896965 0.485701003454302 0.462491622303881 0.433115291068666 0.400266804017918 0.424642469598077 0.451145089745095 0.476614466201973 0.513379216572879 0.557868657321784 0.600867070208969 0.630288887117101 0.614720786768571 -9999 -9999 -9999 -9999 -9999 -9999 -9999 -9999
0.179576531898498 0.189020792509149 0.193089814449883 0.19417685136661 0.204738480366717 0.213662207579341 0.217371395421663 0.222923164379765 0.229717375545214 0.231718765653517 0.233440089254667 0.235698621503572 0.237401792432502 0.238653046107919 0.243395247608814 0.249479045362334 0.259105775461827 0.266107195262203 0.270539714630586 0.279929765229428 0.289976442659689 0.297558164761153 0.310811377153684 0.330735523667872 0.348811196384293 0.366673185988736 0.387518034313088 0.410054538800951 0.434989527869486 0.451152622897819 0.464265680605612 0.480589572988866 0.494525130264795 0.5043532521074 0.510131066929304 0.514026644759437 0.511045368039221 0.495134542026056 0.45196908411995 0.419064964613812 0.391938249709739 0.396958082131798 0.406303985919849 0.423289857221938 0.444443346155068 0.468446989147613 0.539488529005848 0.59906120019722 0.604999001278045 -9999 -9999 -9999 -9999 -9999 -9999 -9999 -9999
0.167185385318297 0.180762879122528 0.186784905855671 0.188615436910408 0.197010288819585 0.202832228463738 0.201329346820753 0.208016299590138 0.220225612193766 0.221950825767664 0.222918880117157 0.224587154949591 0.223739063102939 0.220843314212951 0.224597046918627 0.229585146815532 0.235593429718811 0.240250654650303 0.243585851702447 0.253789043924041 0.2657161381695 0.279169060930573 0.295463283748545 0.315099507438718 0.335702493290074 0.356723832335438 0.379086720630732 0.403716585076816 0.431560641307087 0.449948484171297 0.464913930586905 0.480767714827863 0.492800660087544 0.49826256371718 0.501711035303726 0.504221625494325 0.502723385645749 0.486971428610762 0.441173581636395 0.408682012362012 0.383682228956468 0.37271526164167 0.366230049729555 0.369888114035959 0.384587114937606 0.406836801396945 0.484029643198289 0.543775158221262 0.527303789969488 -9999 -9999 -9999 -9999 -9999 -9999 -9999 -9999
0.160635901781567 0.172788427175777 0.180774051085046 0.186448031067853 0.18774184206103 0.189140524645535 0.191266127426409 0.20050611729209 0.214543298835182 0.214562530562847 0.213802650201402 0.214745493808282 0.209445650104365 0.199065909759174 0.199934658716234 0.2019478064603 0.201594759040474 0.203429899448214 0.207406210237758 0.22487393987 0.245110946722894 0.264600538314264 0.282947393222737 0.299950135607204 0.323198697254425 0.34813782397985 0.372164441874709 0.39710927563767 0.423355985425368 0.446865593119239 0.468818890313724 0.480200885575166 0.491584185190409 0.502969728020603 0.505955157574908 0.505003111882206 0.480755590651556 0.455963551484643 0.430023704642792 0.40306020996813 0.375520374520983 0.3529404379286 0.332345064611915 0.316386231760445 0.336518479011805 0.381332726285818 0.436255919821666 0.484846976780124 0.508958302492706 -9999 -9999 -9999 -9999 -9999 -9999 -9999 -9999
0.156355141187574 0.170933515417625 0.178664293837915 0.18259627756106 0.182056791846281 0.182184113408068 0.184498309883773 0.194200086044011 0.208883266133554 0.20320363284696 0.196967814459846 0.195096709312732 0.18943186437564 0.180679918474252 0.181330204313145 0.183124076285515 0.18375107125529 0.187031283935531 0.19290770481443 0.207015769289539 0.223502030246125 0.243710332909473 0.263406295953232 0.282499633641963 0.30742620269317 0.333866772111303 0.358841006947866 0.38407443272962 0.409675347779525 0.437037848617925 0.464378173483482 0.478924637021929 0.492305603952233 0.503682161178462 0.506780376509399 0.505990178670006 0.480100819102399 0.454590552241024 0.429879387647447 0.396266969358818 0.357642910087557 0.311423993476727 0.266048684637745 0.223766337592836 0.264180110275113 0.361148179009608 0.412484257218062 0.448401356425994 0.447442229664731 -9999 -9999 -9999 -9999 -9999 -9999 -9999 -9999
0.151523616999494 0.168975289448696 0.17590648843729 0.177001315083837 0.176451294922174 0.176361873662593 0.177632655237171 0.187132392489079 0.202180868826801 0.190208882473729 0.177969825459521 0.17307007669489 0.168506853067115 0.164217471909306 0.165402440970178 0.167710718663327 0.171323219770404 0.177050374230468 0.184846744628106 0.192467707436312 0.201672497805984 0.220715996913884 0.241307648787832 0.263720272678401 0.290148662998417 0.317597662155228 0.343832080851996 0.369714470462184 0.395097741897934 0.425500102347571 0.457160541808539 0.477660125133806 0.494109653062222 0.503593935203758 0.507128284223529 0.507855713565002 0.487289809128447 0.463740758143508 0.433903432198883 0.390119786798211 0.338483995111485 0.266422066057945 0.19543876086008 0.129649157836551 0.193026430045042 0.344738459991995 0.397931614526904 0.43156430978261 -9999 -9999 -9999 -9999 -9999 -9999 -9999 -9999 -9999
0.129799031666814 0.139490845458623 0.148003068317021 0.155860897442621 0.156555176942738 0.156529844530465 0.155393221348434 0.164973164410363 0.181779228539805 0.17284981337761 0.163758721694398 0.161962495379718 0.160159731895581 0.15835164888421 0.158493928974715 0.159103817897335 0.160470638172773 0.163466334917732 0.168055908572262 0.173821180709864 0.181257384208266 0.197303165685047 0.215882416740633 0.237441591553835 0.267211407964959 0.29957102894308 0.334208302482272 0.36555571475867 0.392238655801754 0.420497866149175 0.44940202602096 0.479583507008526 0.501753319509 0.510144742652382 0.515872001487286 0.52030674073626 0.505676188681191 0.48345904221522 0.445249858184338 0.397415446783035 0.344161778094011 0.268936206647338 0.207180481047342 0.183327921905117 0.241153997241546 0.354838529911713 0.401021870815813 -9999 -9999 -9999 -9999 -9999 -9999 -9999 -9999 -9999 -9999
0.115018860551101 0.119183937294271 0.128009249504834 0.139419889219064 0.138760808161802 0.137788847188755 0.137266452551777 0.144585319729302 0.157191506175307 0.15550900369144 0.153161359424643 0.15297327014566 0.152545252035414 0.151921995303818 0.15112695247194 0.150402753554953 0.150097660003836 0.150671484485202 0.152105341745966 0.156194301668144 0.162039538176859 0.175087646643755 0.192427554835225 0.21481557415034 0.247155251943265 0.282923978754802 0.324198732072183 0.360387611185978 0.389365574086621 0.416680157010049 0.443962865634212 0.482315245096645 0.510491992979551 0.521168788875806 0.52882052777738 0.535027661680467 0.525730673905973 0.506140817522166 0.464854277154005 0.412426906762332 0.353726954750226 0.278978319369289 0.227437109856479 0.238678235454001 0.287637417319935 0.362391257118492 -9999 -9999 -9999 -9999 -9999 -9999 -9999 -9999 -9999 -9999 -9999
0.111137230284384 0.113280223692443 0.120428732990309 0.130354118690776 0.124264917665503 0.120760111553204 0.125594086834184 0.126977478330791 0.126034160356115 0.138196850263233 0.148235391181003 0.147308585983235 0.146080577041449 0.144607467902999 0.143040463278152 0.141553909205257 0.140477369879653 0.139115184487561 0.137473490686941 0.140167654351723 0.144700679929154 0.154751185414581 0.172064985354637 0.197922035186058 0.231620683241782 0.268442041630128 0.313583700901869 0.35363544038466 0.386470527693099 0.414721440744742 0.44216369399087 0.486315614769378 0.520949166874423 0.53921312133091 0.548368067534124 0.553310946451838 0.548403078690148 0.533473486234048 0.49741876317285 0.439547517894649 0.369392994261844 0.300834806815075 0.261057008272179 0.296651873263675 0.331540518314712 0.365946193043534 -9999 -9999 -9999 -9999 -9999 -9999 -9999 -9999 -9999 -9999 -9999
0.0991683350108951 0.100669904175189 0.105947384356039 0.113319601309485 0.114613860884628 0.115129348249663 0.114267769536181 0.113862955537391 0.113766135447527 0.129713871172365 0.142949737248318 0.142395433743398 0.140775489864477 0.13828839652136 0.136040711554186 0.1338773844885 0.1319238664374 0.129376011660353 0.126246590630911 0.126643714417079 0.128462939664009 0.1343236245678 0.150298599872855 0.178170230464515 0.211929146972036 0.248358358195888 0.294117961440028 0.33696011135305 0.375665801989977 0.406748606252801 0.435930777569001 0.482257361249481 0.52175906805546 0.549523418149463 0.563044715566268 0.570009931829587 0.569586178870847 0.560270025030033 0.532209280237573 0.476239845582131 0.404557081245199 0.348821729124393 0.312578322490821 0.325663101824978 0.330977272559047 -9999 -9999 -9999 -9999 -9999 -9999 -9999 -9999 -9999 -9999 -9999 -9999
0.084191324123851 0.0857533698744962 0.0890961486867893 0.0934268128094236 0.106894215379807 0.113904894096672 0.103298080372899 0.102833720173673 0.109208360025539 0.124859543548171 0.137569818065325 0.137795456779869 0.135938063781275 0.132385633809591 0.129508336076299 0.126721889169888 0.12388952994559 0.120505546004949 0.116581790071417 0.114404449614371 0.113033468462831 0.114283470120189 0.128265976709925 0.157224741258059 0.19050704505972 0.22602816057645 0.27103032344319 0.316089611556097 0.361229893682477 0.396009371008119 0.427782093996354 0.474751060896694 0.518340972737527 0.556119618629956 0.575338206480042 0.586023902087104 0.589834264846624 0.586170126302179 0.566750235023648 0.516037952106409 0.447707226017694 0.407287284529024 0.385398165080713 0.40893059995082 -9999 -9999 -9999 -9999 -9999 -9999 -9999 -9999 -9999 -9999 -9999 -9999 -9999
0.0823333214166663 0.0889871317009517 0.0910411628901664 0.0905434055509927 0.0963082563774032 0.10062792443593 0.100565045534522 0.100495613613805 0.100421763028581 0.11898424169097 0.13429903692778 0.133274855695212 0.130622551883304 0.126645386836063 0.123651074869959 0.12094499463606 0.118848384300319 0.11613046429916 0.112804584671882 0.111761949149494 0.111208612293569 0.110653997434905 0.118389809290685 0.135877007045794 0.16871184939044 0.206496475783397 0.249568466228737 0.291853605836332 0.333023122989242 0.374589705284245 0.416534157564522 0.462923614563359 0.505881386592071 0.542937380265195 0.573475921639205 0.600912719239536 0.597788532689684 0.586033214016197 0.556084041595825 0.522764592847045 0.487547589489789 0.452672802500445 0.425962482951384 0.420646796259655 -9999 -9999 -9999 -9999 -9999 -9999 -9999 -9999 -9999 -9999 -9999 -9999 -9999
0.0769749098172144 0.0877773453797689 0.0898465315508168 0.0870708316627313 0.0883244944767737 0.0908100092246065 0.0960554382980561 0.0960664526939767 0.0925479303599114 0.113572513363543 0.130962101004985 0.128943785598934 0.125685604503157 0.121418500608705 0.118140788736167 0.115319070935933 0.113829997053451 0.112436960770029 0.111137898532187 0.1108609851247 0.110793772592274 0.110669281059275 0.115429297605618 0.125934582140047 0.157245370365831 0.194772805614909 0.23479878017774 0.274402304155706 0.313406864091361 0.357409285351549 0.40319235877068 0.447966588731861 0.490025337213951 0.527414027121953 0.56465116874441 0.601654245656313 0.594692071672806 0.578388672425403 0.54239459021387 0.519304901904381 0.50348072826857 0.478030872351209 0.459294050210378 -9999 -9999 -9999 -9999 -9999 -9999 -9999 -9999 -9999 -9999 -9999 -9999 -9999 -9999
