layers/veg/veg_3000.asc
NCOLS 255 
NROWS 330 
XLLCORNER -2985163.8955 
YLLCORNER -3022031.214 
CELLSIZE 25000 
NODATA_value -9999 
[rows 104 to 129 of 330, columns 171 to 227 of 255]
0.561894347914812 0.54985316596982 0.535375972537425 0.519003534078154 0.487573487134351 0.460666675832595 0.440990403615537 0.439750987435517 0.445918611199065 0.433930910366908 0.423303269520578 0.415328558638224 0.409942861289886 0.405909160370725 0.388742047924965 0.372488483445079 0.35925295246183 0.346754327984733 0.334724817075748 0.320624968357705 0.311043605507232 0.315713250727963 0.327464966655996 0.344666916921715 0.359349643093065 0.371175077359513 0.372977603469902 0.377474181172337 0.384465688732853 0.398033044916504 0.410764348401491 0.411988656480067 0.424027474433321 0.448102456075405 0.475805114603971 0.50291930624872 0.517443940681885 0.532089316262231 0.546896484907174 0.5566310182694 0.564125257603755 0.564123287493064 0.5655919313938 0.569445465770867 0.575081760524613 0.581342728466739 0.579662683212326 0.580450688511386 0.586126669639996 0.586725220482606 0.584632098360333 0.601533745708939 0.616723108227618 0.626348533935274 0.634281909064401 0.641122630778236 0.654811459212195
0.560571075829751 0.548573906906648 0.522820432899656 0.492339663182998 0.460295372950566 0.434635815125714 0.419182459425116 0.428668927078382 0.447719901362334 0.420877866723709 0.396830072435965 0.378232717121984 0.371548348342084 0.371085003532623 0.362870329392972 0.353833476134666 0.343292896559186 0.329106395045112 0.312598905135088 0.296350552572748 0.28551282853779 0.291102639719627 0.30029260134326 0.312253174045159 0.338400318089922 0.362287991570835 0.369747625241797 0.374218016610268 0.375920105435628 0.382110681015434 0.391480529263015 0.413401607761095 0.43563428651315 0.45821376523171 0.480427177389494 0.50172834709071 0.516383920406179 0.529244495591728 0.539699774362896 0.540930750227412 0.539709008634901 0.54880255905175 0.552898142332452 0.548888536806716 0.552118194698092 0.558499376576281 0.56718373784789 0.574648273427372 0.57969694337923 0.582615442677689 0.584404685160126 0.583638199138344 0.589550889020591 0.612031648618314 0.625643234597692 0.633527490101327 0.649079573748486
0.55517386943157 0.536046283541186 0.508993907543475 0.478710477801434 0.440433870479883 0.41494997885884 0.409915658781696 0.415274871444451 0.424254922618077 0.396993971128807 0.372464286704526 0.35326220570351 0.341983461345845 0.334842324887185 0.336840561985972 0.334303520622338 0.320256594254095 0.302571626345771 0.282570686691282 0.266066417332067 0.255687301703241 0.263159674776842 0.273495632322952 0.286035353014894 0.313692763280335 0.339294721369597 0.348789513482354 0.354948503324959 0.358018245467545 0.371481235679719 0.388436729872565 0.413400417202749 0.434013742694534 0.449785270656943 0.475189982484432 0.501361701271118 0.513082426864458 0.52490671148505 0.536869765139869 0.54302583149746 0.547103457352061 0.549781255699738 0.551277762605753 0.550858572607551 0.55694914264571 0.565603843535586 0.561169962554943 0.559280130548559 0.562428789296701 0.561286803215632 0.5578702388463 0.569906043028816 0.583348346870286 0.599131659691609 0.616882175460378 0.635903026198076 0.649865307563196
0.547370973775579 0.518931075132743 0.494556735540919 0.469992568529449 0.423722744577339 0.397855916125296 0.404603938652229 0.40056225099808 0.391676241839601 0.369529963472303 0.349450223990908 0.333401470634586 0.316619828958858 0.299455469163737 0.310939851798184 0.313747083607933 0.293841407142538 0.272237872857378 0.249553484850165 0.233905555289889 0.224832063448858 0.234155403262559 0.246986122827618 0.262516058814853 0.287768469902088 0.311040270808179 0.321337394832433 0.330120425786242 0.337501272750507 0.363278000190544 0.391403515921054 0.41284645470872 0.427567313734107 0.434806737790572 0.466100002581258 0.500502810064705 0.5085523537576 0.519777814141849 0.535259000982164 0.551065628346519 0.56540525576466 0.556432753609885 0.553664148261234 0.560956384366629 0.571627374123409 0.583099490381005 0.558014827388441 0.54136400723236 0.541416418651882 0.534018594108187 0.522671212880378 0.558141312014429 0.585023984965511 0.587480124356675 0.60861313015566 0.641806852180521 0.643240752626545
0.519340274356209 0.495827595769526 0.477203461799573 0.458389125644654 0.414006825647848 0.384236554679676 0.377824086700176 0.375503127215019 0.374549669724022 0.356616690074312 0.339503282190945 0.323988529160465 0.310520795700515 0.29812202658295 0.289651202261047 0.276474271270086 0.251698098204605 0.232937453592896 0.218006285303462 0.212482366275821 0.209208779060111 0.210603430627615 0.223936975923921 0.246458479268659 0.267512861067257 0.287214657787599 0.302316101243015 0.320365109804601 0.341143824142326 0.364384672238019 0.388144258087594 0.412121544314937 0.42788303318157 0.434500632679779 0.455844558091363 0.479978501456241 0.495199067150061 0.509432146732544 0.522341995519818 0.536715088197455 0.550493538818763 0.548104630501155 0.549582120874551 0.557329738789386 0.564978612491771 0.572301380303281 0.563685455766782 0.551198080367944 0.531043293856406 0.523866749639805 0.523570296719249 0.555130962381743 0.581502176526953 0.592856326588627 0.613430265727426 0.639957947710102 0.642186505878659
0.494241024786936 0.47604017201699 0.462232636393021 0.447973110012284 0.406809704597329 0.375253925060334 0.359056247536857 0.355256016618597 0.356373001541079 0.342306109738317 0.327438309257243 0.311008258101019 0.299086205231459 0.289518252680891 0.270412339328204 0.24901683541525 0.222687404554011 0.204167352880433 0.190618740195236 0.191830986672482 0.193275177312322 0.191991095203544 0.205724782475161 0.231015875163262 0.249674507873081 0.267755781651501 0.287029734919156 0.310685298271249 0.338398619781507 0.358086152454407 0.377578253556012 0.404498552856223 0.422646554263556 0.431031301063012 0.446149897250157 0.4632200030158 0.481719611107609 0.49823143200089 0.512079619243819 0.526296322663595 0.539992904702393 0.544146920514256 0.548514973045347 0.553230128303127 0.560068330886763 0.567686482069507 0.567872807487044 0.557621213602421 0.526697313314686 0.522906486812032 0.533499582302922 0.560091884391313 0.58396777707603 0.600031565588378 0.618649680874924 0.63891727042011 -9999
0.474407811950354 0.462209688190585 0.451541625101095 0.439690180684786 0.404137335062668 0.374600689210429 0.354681134091449 0.343653174044769 0.336309947867553 0.325485416646299 0.311568519484913 0.2916196602427 0.278066855787228 0.267854104645065 0.254855699221731 0.239191675651716 0.217268052401936 0.194313845368438 0.170703570255769 0.172566080287302 0.176784123554411 0.182252290738144 0.196201659578697 0.21667800879057 0.236178496402943 0.256141282193011 0.278452766736189 0.301141122419387 0.324178494083816 0.33848499602708 0.353886458553379 0.38448389511272 0.407436143661596 0.421879570692696 0.437462624371939 0.453226380553876 0.468013505143523 0.485494716028237 0.506586000927818 0.522940570521432 0.537416310020115 0.548040191172936 0.552863734512289 0.548280886845332 0.558281043072347 0.57417906387506 0.569395611026167 0.557916957411617 0.533178454046233 0.538457919229314 0.559650661375626 0.579372344998134 0.597189118734401 0.610438582099988 0.624591748338153 0.639328486984059 -9999
0.46095875516912 0.446305737303921 0.435372081426142 0.424380586021237 0.395149670254603 0.370004156929117 0.35138929209624 0.3334787829577 0.315986483828158 0.304139860890046 0.291603994534359 0.277723691511162 0.265864631149975 0.255061074294517 0.243736596081582 0.228927133306728 0.205740625458729 0.180870131169271 0.154927613656224 0.153701786241495 0.157295646898295 0.169824620010499 0.187421403099277 0.208918281667577 0.227606244744068 0.246416636792522 0.267189349278295 0.282904212367634 0.293935059933995 0.314533760237135 0.337558130196018 0.363658738814659 0.388161748473893 0.410886687484768 0.429447961070207 0.446614160140443 0.461361382778495 0.478904377890606 0.500193706436267 0.520780554556888 0.540771339025844 0.555502022310479 0.564924907255891 0.565740151031599 0.573708668789306 0.584484983405103 0.580327798831409 0.572482071929622 0.55733118439382 0.563610670696172 0.581250934919304 0.596047428480165 0.609214967828923 0.618590681335349 0.622589079034882 0.623115037697388 -9999
0.450574721503261 0.429406318196623 0.416572303113012 0.405697500563871 0.383130042282482 0.363514454335511 0.34861752699237 0.323990189145658 0.295537997188447 0.28062192580291 0.26967359377128 0.266464725241942 0.257895494035996 0.246527053361794 0.234747947344362 0.218451644086855 0.191280721573707 0.165702764479506 0.141138886763526 0.135029825539334 0.136368112300941 0.156106028889229 0.178997795599007 0.204316708681432 0.221397882298622 0.237599307303838 0.254636171818524 0.260493934524197 0.255998861013893 0.288494058299974 0.324764990402562 0.342444463456357 0.366936240783951 0.399009869743083 0.421756216550796 0.441625345444405 0.458095866661677 0.475264905924924 0.493369958949612 0.519194609619512 0.546974131080881 0.564677113628617 0.580688796323045 0.593957702951533 0.597401146969988 0.596621680280022 0.595777416979372 0.593897888511482 0.589968016663258 0.593373000088428 0.60066637400419 0.611471674569983 0.620666862854861 0.625660198391477 0.626006341153422 0.62335152689836 -9999
0.429058628650709 0.414750127743546 0.40126897980285 0.387714274256387 0.369254512032375 0.350592499645973 0.331607183806075 0.312751493782673 0.294133187090265 0.28407370934237 0.27385855747824 0.263339748031442 0.2516257464919 0.239287609380896 0.223439852461561 0.205780136665065 0.183965563471915 0.164366122352739 0.146176830964079 0.139982487220869 0.140649552086427 0.159434020466708 0.180251410366005 0.202633300130764 0.221365514591718 0.237835841221985 0.247241784668234 0.255130631271125 0.261614512125302 0.288396693604738 0.31677377927956 0.332353121833201 0.356435561590842 0.389981645193222 0.415977542699901 0.438653049867657 0.450500690262126 0.46543977836676 0.484521404543471 0.509966431414929 0.536958341565503 0.554690456728649 0.570040589398016 0.581527867966945 0.58961314450315 0.596124274613415 0.596320642480866 0.596959326225571 0.598474016871351 0.602609236524022 0.608133664237507 0.614650945911216 0.620739490602971 0.625705033163613 -9999 -9999 -9999
0.41104625632382 0.401458582091912 0.388252327618721 0.373654467341798 0.356576590477758 0.338625815420226 0.319279684249398 0.304962110726882 0.292889964190255 0.286422375170992 0.276902023426437 0.261426959543272 0.248011174131699 0.235670754724858 0.218075223837003 0.200386396855815 0.182798005076745 0.168040101523253 0.155084082496384 0.150041823430474 0.150847374794795 0.167631340688042 0.185660996702312 0.204649313446236 0.222424622677454 0.237669437500982 0.243502674568352 0.254058398701771 0.268987563202953 0.290258090548459 0.312249668301675 0.331455443282673 0.356851590065107 0.389137399824433 0.415651501803292 0.438865707512937 0.447597392818763 0.460654678887887 0.479508267377934 0.502525762167155 0.526676532421353 0.546556514318967 0.562375432357841 0.571608534917449 0.583315682257541 0.595918479933385 0.59911658847625 0.602082779697617 0.604589658503222 0.608522481471969 0.613211233156065 -9999 -9999 -9999 -9999 -9999 -9999
0.400928280544984 0.391149051831666 0.380236197134083 0.368249136517593 0.346569584141499 0.328859377998469 0.317494300730015 0.304814734177475 0.291735167839929 0.285954821995002 0.277056555185925 0.26207647872337 0.250236244070421 0.240035651257498 0.225868627792968 0.211095573800726 0.195105884406867 0.18258441799396 0.172270817089128 0.171045574419297 0.173755412499982 0.186341645624944 0.200112084943433 0.214793868065962 0.2258070578188 0.236485588130286 0.247763036741131 0.262222140919927 0.279627739329961 0.296079495169482 0.315314496276734 0.35070394915967 0.381224524856496 0.406326213939694 0.42733989810106 0.446083480639373 0.455116500449025 0.467086984569966 0.482993669101116 0.499140280191786 0.516035852684248 0.542784122083924 0.561670210389414 0.567806222421305 0.58075358747949 0.596534743835896 0.607097465336614 0.612018617139833 0.60576663625203 0.607386660944732 0.613179832959393 -9999 -9999 -9999 -9999 -9999 -9999
0.40603075418452 0.396353987312783 0.383354071142144 0.368575450727049 0.344524897233536 0.325258185904736 0.313638601651398 0.300213787882492 0.286282863247407 0.284402253137194 0.278210327184446 0.263608758199754 0.253135679751265 0.244818520686549 0.23348988587999 0.221250773335798 0.207001229477309 0.19755611181766 0.191169484615159 0.19169281793167 0.191547283333894 0.187755450125723 0.195044383115721 0.210860874628804 0.222148287042999 0.233414230031918 0.246975023569809 0.263928691660764 0.284024461429414 0.300234678635431 0.319533385419871 0.359749438427726 0.393250895680121 0.419279247396196 0.439387778932016 0.456962159790573 0.466610955845224 0.477029934942013 0.48848095885199 0.505334695631257 0.524128679121794 0.544321115991075 0.559050544629309 0.564920628666508 0.574075074434465 0.58462984996794 0.59457338139057 0.601526214753165 0.602555968537684 0.602912735635864 -9999 -9999 -9999 -9999 -9999 -9999 -9999
0.420083250760989 0.41068183503011 0.393019031431988 0.372272122348929 0.347162262711518 0.325282319554082 0.308565502794856 0.292994025921919 0.278303511241101 0.28221166663797 0.279951678617256 0.265660123853057 0.256431660152568 0.24984716912692 0.241009917686948 0.231080219643199 0.218653993597285 0.212779114719485 0.211074813547715 0.212130425709662 0.206330714036476 0.178998459311803 0.178499121459426 0.198649914192009 0.214349102753122 0.229232967360959 0.243218433460845 0.261838244675606 0.284749869021895 0.303410080417804 0.324430892758897 0.362795286675606 0.398017163489281 0.429741530874846 0.451647046084693 0.469993547576778 0.480443019856612 0.489037236348313 0.495145411199875 0.517162341683013 0.543237297888703 0.548980168021971 0.555305135773451 0.562574089543821 0.564975999624493 0.565362187356285 0.569991843390851 0.579021472257208 0.59676525036261 -9999 -9999 -9999 -9999 -9999 -9999 -9999 -9999
0.412487802241003 0.39871209490863 0.386456942456197 0.373696319011187 0.346748482347497 0.321968546770123 0.300654071490827 0.287726348735044 0.278510408356488 0.277085770952223 0.273581201764752 0.266019522296706 0.256990016584189 0.247194004318074 0.236514244556636 0.227285943084587 0.221614780002825 0.220302751816407 0.221765742316312 0.224359589448996 0.22007239940423 0.194553416284523 0.190635982995285 0.203342714233506 0.223326171109637 0.242738241336381 0.256057190484156 0.269842455608563 0.284059570537494 0.312217915521261 0.343262492369132 0.375262257891156 0.403200620695557 0.42661878716355 0.44676514276619 0.466210231938814 0.486972494675321 0.500833019725831 0.50544522042858 0.519524105537784 0.536183264131956 0.54318828054062 0.551500326479196 0.561931978414962 0.569411581543193 0.575473444502452 0.573145742784301 -9999 -9999 -9999 -9999 -9999 -9999 -9999 -9999 -9999 -9999
0.408945174219484 0.391947016694791 0.382867124541575 0.375022462733714 0.347322171931901 0.320611843552687 0.295484002259142 0.285053711532923 0.280825130463544 0.2760430219386 0.271788724558572 0.268563974416362 0.258442301974112 0.244719020579476 0.232759951750362 0.224749483581322 0.226157749376644 0.229208752508539 0.233305519746191 0.237035282675488 0.234348438049411 0.21219363463188 0.205129260508545 0.209678209565517 0.233513310904528 0.256891787532672 0.268321721381866 0.279157302265648 0.289442459778167 0.323934134638457 0.361333320418991 0.388942339952077 0.410895964550703 0.426555336340373 0.444568160571048 0.463916210423963 0.489085451363816 0.505593788113615 0.510496518458374 0.519947248761411 0.530827394974472 0.539873086003643 0.55016954786548 0.562494381158379 0.573692075860101 0.584218123749097 -9999 -9999 -9999 -9999 -9999 -9999 -9999 -9999 -9999 -9999 -9999
0.419897101249408 0.403567006254832 0.389960813928942 0.376423905670475 0.351088750808295 0.325170421481973 0.298319868833704 0.289252993597494 0.287716031821772 0.286727921933764 0.283879615817646 0.277402815102864 0.262781289554274 0.243906546033952 0.232884341337989 0.227763428811793 0.236395943741318 0.24310672372206 0.248594130138767 0.252195076627351 0.250259430843214 0.231891102614081 0.221763151052772 0.217976845279344 0.244487808506575 0.270141939519189 0.276471701802456 0.290555210970881 0.311819374983816 0.342827281285117 0.375179646389712 0.404538659196607 0.425467326855787 0.437013321113482 0.452400083310218 0.468298208692178 0.480109400028895 0.490951188254488 0.500493976894281 0.516456612185099 0.53414865980061 0.544992334164387 0.555682807083131 0.566124833662876 0.575482237417659 -9999 -9999 -9999 -9999 -9999 -9999 -9999 -9999 -9999 -9999 -9999 -9999
0.429906731330296 0.409798890060586 0.391275532958431 0.37253687482238 0.343364731943776 0.316071470866373 0.291781663372689 0.286960853973677 0.290280596926578 0.289375057494356 0.28589722910072 0.277401899616796 0.262405672746376 0.244014643207872 0.23836359507693 0.239461949976148 0.256057453266899 0.265589052283924 0.270623780516126 0.261008297681091 0.254013247293693 0.258412784333039 0.243834821702939 0.214652116389994 0.247292519292857 0.281292312725433 0.288201370465286 0.306955974784709 0.33668060207397 0.365348101699336 0.393849374500116 0.422564601030888 0.441841635121137 0.450614297727402 0.46627286236173 0.482020276315414 0.483695025837388 0.489171693666201 0.49974292973928 0.517985947783931 0.538411878613094 0.552371096659678 0.563167627984137 0.568835239425738 0.570538585763325 -9999 -9999 -9999 -9999 -9999 -9999 -9999 -9999 -9999 -9999 -9999 -9999
0.439244567704339 0.412189420520946 0.388470238734744 0.364879521454291 0.327448697538818 0.297235630264161 0.278560381406507 0.280040771700588 0.289760778205554 0.286291813083161 0.280733279545796 0.271098838535504 0.258668863310832 0.244779045475905 0.247660503156717 0.257351983768188 0.282437146300526 0.294191444430635 0.297459334429507 0.265296843432271 0.249099822946268 0.289799666822512 0.269783260136453 0.203040718207335 0.244272727118903 0.290945686316223 0.302483113647783 0.326923434406732 0.363312974758464 0.390455207052733 0.415957860643567 0.442322698707835 0.459501321367519 0.466456013995078 0.484452361559929 0.502401178842658 0.496236274033253 0.4965627192417 0.505587569569448 0.523094182496508 0.543346646623323 0.561360739368498 0.572058038421314 0.570889714367999 -9999 -9999 -9999 -9999 -9999 -9999 -9999 -9999 -9999 -9999 -9999 -9999 -9999
0.441289595500808 0.425397169785483 0.404459994482963 0.38023256274301 0.333687124217071 0.297093824604671 0.276409342282654 0.278756164213249 0.2904967073111 0.286160336795563 0.283219760029727 0.283001815427693 0.275214782257158 0.263475131387919 0.273690930641649 0.286731909109388 0.305229920234379 0.313653003835991 0.315662403802674 0.289183425787405 0.277198348204854 0.316010300524337 0.297633964594278 0.235246549812685 0.260302461464622 0.295806893054115 0.326851237752592 0.357328582688285 0.387280835735661 0.408692660969163 0.429645423160622 0.457136324428118 0.472347601205634 0.473892093994642 0.486639776641315 0.501028814399695 0.504716679279739 0.51127448894484 0.521678022895615 0.536858623852495 0.553397751388979 0.565899400411519 -9999 -9999 -9999 -9999 -9999 -9999 -9999 -9999 -9999 -9999 -9999 -9999 -9999 -9999 -9999
0.42846162088136 0.427312188640575 0.413675480217211 0.393547638604436 0.34126993508429 0.299993877049713 0.276304306647999 0.27895467851969 0.292361001960303 0.287978240684609 0.287550809811949 0.294838637569786 0.291853498764926 0.2835037630094 0.299279964189107 0.314166002936818 0.325409438664951 0.330857752979432 0.332616901760274 0.312025480197981 0.304008965377488 0.339513357925379 0.324243632357866 0.269899057998876 0.280250426887749 0.304708511360231 0.351187984396866 0.385757051273519 0.409296029476976 0.42666950986549 0.44414908669246 0.468729375947887 0.480157409986758 0.476947453169062 0.487315996284604 0.501027570752615 0.512797735570664 0.524861559616116 0.537318886849647 0.549670530883424 0.561205205696 -9999 -9999 -9999 -9999 -9999 -9999 -9999 -9999 -9999 -9999 -9999 -9999 -9999 -9999 -9999 -9999
0.365672984593905 0.384975115714935 0.391590976170776 0.39074139748807 0.345064633361815 0.306466279339399 0.279182993768773 0.282239058211172 0.297744268261932 0.295573341432617 0.295471927739065 0.299407301735707 0.300985839997357 0.30133362629267 0.316838140601854 0.330256354191184 0.337701318704361 0.343585340102698 0.348475667473215 0.323589780723681 0.31349607804061 0.355408065903998 0.345714494000826 0.296306210754077 0.306743287295812 0.329799175069631 0.371516789469785 0.403138799721162 0.425411388342853 0.446375482105526 0.464801942384263 0.470804123382909 0.471954425967386 0.467704760964982 0.488807720437807 0.514295635865066 0.521030465273578 0.531629377518936 0.547406158441377 0.5557582061184 -9999 -9999 -9999 -9999 -9999 -9999 -9999 -9999 -9999 -9999 -9999 -9999 -9999 -9999 -9999 -9999 -9999
0.327600758557481 0.346331140487462 0.36846735567223 0.387277783361058 0.3436686789977 0.307904344419678 0.284680129135033 0.288054497703369 0.302333634730725 0.300674081640878 0.30032483669309 0.302531475874188 0.307592564055533 0.314144260456918 0.326461028270152 0.337602450069144 0.345550592846242 0.353980366749233 0.362716746299067 0.33973170041144 0.327943487707503 0.357657511865819 0.35212454027174 0.31946611420402 0.330992454378612 0.349681970309347 0.373597846553779 0.40412166134554 0.440765011201433 0.457449058838409 0.468594356149301 0.470717979695834 0.473274044426542 0.476311400768135 0.49467440814034 0.515457495440255 0.523025412982625 0.534756947954331 0.552067727776887 0.556475436666424 -9999 -9999 -9999 -9999 -9999 -9999 -9999 -9999 -9999 -9999 -9999 -9999 -9999 -9999 -9999 -9999 -9999
0.310763988259163 0.31086014272352 0.344450963480648 0.383249377853371 0.337813101520686 0.305017087016016 0.29242694158849 0.296044533256348 0.306240910855917 0.30363175648088 0.302541650227853 0.30441459584136 0.312029368162931 0.322642552468164 0.329266199644279 0.337435794454372 0.349582938884863 0.362371340855086 0.375567966405956 0.359806546770771 0.346652607161604 0.348183436707476 0.345594872605048 0.339836097184444 0.353313920399056 0.365090351212406 0.360001091172154 0.391015185895772 0.45546417772502 0.461105990077705 0.457900881202169 0.468775275638055 0.482775142372024 0.500253548274255 0.5042999080597 0.506218136180186 0.519661081488527 0.534756947954331 0.552067727776887 -9999 -9999 -9999 -9999 -9999 -9999 -9999 -9999 -9999 -9999 -9999 -9999 -9999 -9999 -9999 -9999 -9999 -9999
0.3301653401176 0.3396273894714 0.358027455285674 0.375547362002506 0.338882802620659 0.311286019489019 0.298184371207072 0.300106064870125 0.308158347269711 0.305866868295945 0.306637748003838 0.31338205770135 0.319752325256631 0.325927266045941 0.337564797373841 0.350073264738864 0.364344899458012 0.37396831166108 0.38063267243537 0.371604714439321 0.362524711841845 0.356937955883683 0.366780048974799 0.388495907007666 0.405304818262988 0.417693755280702 0.415108889890358 0.439410037867825 0.488610010245758 0.490767660679428 0.485738113454629 0.491371821657565 0.504200250989625 0.525036148270686 0.535355581312968 0.542032480906778 0.541630940700049 -9999 -9999 -9999 -9999 -9999 -9999 -9999 -9999 -9999 -9999 -9999 -9999 -9999 -9999 -9999 -9999 -9999 -9999 -9999 -9999
0.355655628839955 0.374227693955353 0.373155357404074 0.364279041494602 0.338457066966442 0.316874858170221 0.302070052600525 0.301597693046183 0.307048044957548 0.306101863907682 0.309089474371313 0.319750329755723 0.324426285142806 0.325976894401315 0.343289278170933 0.360305918229601 0.375632465139 0.382127783861606 0.383001156067324 0.378677213882039 0.374202239745487 0.370476519555818 0.393397038431492 0.436824024006857 0.455502383740001 0.469167960232762 0.475932731907737 0.493743601831423 0.521784134920205 0.522533036269176 0.518957158519424 0.520723466663972 0.530306992958787 0.548590804179895 0.565234007465117 0.579720905046208 0.580165350382988 -9999 -9999 -9999 -9999 -9999 -9999 -9999 -9999 -9999 -9999 -9999 -9999 -9999 -9999 -9999 -9999 -9999 -9999 -9999 -9999
