layers/veg/veg_1700.asc
NCOLS 255 
NROWS 330 
XLLCORNER -2985163.8955 
YLLCORNER -3022031.214 
CELLSIZE 25000 
NODATA_value -9999 
[rows 150 to 174 of 330, columns 57 to 113 of 255]
-9999 -9999 -9999 -9999 -9999 -9999 -9999 -9999 -9999 -9999 -9999 -9999 -9999 -9999 -9999 -9999 -9999 -9999 -9999 -9999 -9999 0.416386764831654 0.402715544840968 0.276788669331437 0.0948404611583348 0.0551561410398509 0.0327096639272844 0.0449479125053772 0.0746728807521132 0.115062375837074 0.125406367122912 0.127800622337658 0.11285561229756 0.102447286785255 0.0953887047710092 0.0443754619561039 0 0 0.0193656820845602 0.0559506838688847 0.117515265106646 0.171664462324683 0.165685814824317 0.175142418003045 0.201093331242112 0.245736121653603 0.290871679905064 0.30550799847542 0.318728376329271 0.330128240271449 0.356822784895904 0.385287888872006 0.373716589417162 0.368541915105778 0.373306070391803 0.373666973667399 0.372713461316811
-9999 -9999 -9999 -9999 -9999 -9999 -9999 -9999 -9999 -9999 -9999 -9999 -9999 -9999 -9999 -9999 -9999 -9999 -9999 -9999 -9999 0.408926047248036 0.408857230558706 0.313635933284554 0.170928665312814 0.084833219043173 0.0294023293372761 0.0424960123462456 0.0703857855687319 0.107299166658953 0.11067370448127 0.111009016370973 0.108837946098079 0.101676209857744 0.0908295246699981 0.0420480526312308 0 0 0.0162939256202551 0.0470758673710161 0.107958231542283 0.167555912307928 0.193308571694912 0.205523587035754 0.203272099497832 0.240245622859385 0.283033718884981 0.29705261960571 0.308251394400946 0.315824255752079 0.343974070825848 0.376276562965415 0.37701790103348 0.377732068765746 0.378404020277499 0.388046599426749 0.401388078441808
-9999 -9999 -9999 -9999 -9999 -9999 -9999 -9999 -9999 -9999 -9999 -9999 -9999 -9999 -9999 -9999 -9999 -9999 -9999 -9999 -9999 0.409037352440215 0.409287405785471 0.363161336040211 0.293891201015635 0.12915774303533 0.0170533843702868 0.029246994496651 0.0578201503234373 0.0963826070614355 0.0828307941253432 0.0758035321308247 0.0973592550119255 0.0940224452662815 0.0723057815092246 0.0328181305548198 0 0 0.00584136669237832 0.0168766821504348 0.0812047184307568 0.153679505871385 0.21882142567155 0.232078912249626 0.189892017219494 0.227726955592881 0.280178214122006 0.294237315076602 0.304087304709023 0.308525524181522 0.339224080406174 0.376084514119212 0.38352699812936 0.386529154903565 0.382632102365827 0.405533014990345 0.438700754717464
-9999 -9999 -9999 -9999 -9999 -9999 -9999 -9999 -9999 -9999 -9999 -9999 -9999 -9999 -9999 -9999 -9999 -9999 -9999 -9999 -9999 0.435115690624062 0.436928112553067 0.392770120129157 0.325670531905519 0.149076674269838 0.0242369683542179 0.0221712527229054 0.0502164995468425 0.0966253487681245 0.0937560116422285 0.0923599243682991 0.104430253145628 0.0964880064638784 0.0737691108631243 0.0445298535006426 0.0227600589365305 0.031777279089705 0.0516295009322477 0.081115845509123 0.113864337851795 0.148242206029217 0.187877137731072 0.202287957119765 0.189743961316918 0.233562731810165 0.28589211818598 0.298029644695246 0.309346514578103 0.319608243671752 0.350922352596347 0.386744148349053 0.393538689121131 0.40076127938083 0.408648956435723 0.438573511227125 0.476465393720593
-9999 -9999 -9999 -9999 -9999 -9999 -9999 -9999 -9999 -9999 -9999 -9999 -9999 -9999 -9999 -9999 -9999 -9999 -9999 -9999 -9999 0.459047305399895 0.459294902065494 0.415983505983049 0.350933937227258 0.168698392853486 0.0355941008575816 0.0195015015185882 0.0446046219656442 0.0948315430799074 0.101559725098854 0.105371363188439 0.10889280956166 0.0987944165555712 0.0786395675349718 0.0587291867633057 0.0456879009718527 0.0581762154790065 0.0886686205897173 0.135169663591543 0.134856877563165 0.133411267447224 0.1688039376097 0.19079704693687 0.198471210904165 0.242966236890876 0.291418291361024 0.301800455027063 0.314829915371802 0.331263077845958 0.362473444098843 0.39651861373242 0.406041543732397 0.418636390087403 0.4360042616714 0.466972036442947 0.50243764732596
-9999 -9999 -9999 -9999 -9999 -9999 -9999 -9999 -9999 -9999 -9999 -9999 -9999 -9999 -9999 -9999 -9999 -9999 -9999 -9999 -9999 0.458898232575602 0.45871876150332 0.424502132234143 0.373299214359215 0.191636110847447 0.0554278098297067 0.0282409242077666 0.0437805831945323 0.0853776383263989 0.0939328901263505 0.099541719154785 0.102819231080191 0.0989272985311479 0.0897416763138335 0.076397118091393 0.0652139575214895 0.0639526730743485 0.0913862954166655 0.144334473435622 0.112735110752207 0.0905769698644496 0.192918559793007 0.240656767516696 0.230045089310116 0.25933364512507 0.294954078265722 0.304385053070004 0.319342456032684 0.341405339632332 0.370806972461836 0.401941576614259 0.424993110256577 0.445888557477602 0.463433960721071 0.479593602053657 0.494982962634116
-9999 -9999 -9999 -9999 -9999 -9999 -9999 -9999 -9999 -9999 -9999 -9999 -9999 -9999 -9999 -9999 -9999 -9999 -9999 -9999 -9999 0.458731443624775 0.458657332623327 0.433457433262245 0.395718476143906 0.241843184306095 0.115227561499257 0.0553093871948908 0.0458225577880413 0.0670920075083609 0.0754012297224934 0.0840887904981867 0.0962916776365085 0.100414883790377 0.0985723106007059 0.0911133188494618 0.081919199636373 0.0687532566572863 0.087279224862145 0.133984585261404 0.119531311960935 0.11413438878452 0.210033893940653 0.249455441909592 0.228523908688742 0.273604427697507 0.326930839963271 0.320494862822237 0.328719736957917 0.35579447069231 0.386706270624088 0.418190453111368 0.441245151769343 0.46277184806781 0.481924393195154 0.489625431833469 0.492874638059934
-9999 -9999 -9999 -9999 -9999 -9999 -9999 -9999 -9999 -9999 -9999 -9999 -9999 -9999 -9999 -9999 -9999 -9999 -9999 -9999 -9999 0.458830282281671 0.459039326857479 0.442729916773361 0.418176950145791 0.311857588830927 0.204056992294825 0.0956913063719495 0.0499462858585134 0.042391376443158 0.0489487555019147 0.061645906222079 0.0894343755713761 0.102886469440467 0.105753039838319 0.103685504700605 0.0965755189060582 0.072845005751356 0.0782149417549396 0.109460028206375 0.147332328155812 0.185916002461489 0.222065234976344 0.228429071966486 0.202963847072985 0.286352308173559 0.379565948510878 0.346428826519475 0.341630563848026 0.373268351804633 0.408101030803348 0.442302825148342 0.455536370053566 0.472123615742934 0.493921712446196 0.49777618470103 0.494649688176682
-9999 -9999 -9999 -9999 -9999 -9999 -9999 -9999 -9999 -9999 -9999 -9999 -9999 -9999 -9999 -9999 -9999 -9999 -9999 -9999 -9999 0.436544946558562 0.435657330839461 0.429095853099988 0.419702827049998 0.333897309276907 0.243462145624282 0.145038460460217 0.0950309583717307 0.0745507600656579 0.072960560826859 0.073894336700631 0.0785851228950066 0.0890939477452252 0.103898627208978 0.0916380761187721 0.0756008596754031 0.0575362967001491 0.0629324283176972 0.0891890284076714 0.133093098898343 0.173855939984421 0.1827249801007 0.18896448602546 0.192394037439543 0.283343453383979 0.38191361482693 0.376840933746387 0.387467648211214 0.418279507196597 0.440137886252176 0.458742140013772 0.472850594538411 0.487670801008372 0.50359690021732 0.502399916290309 0.494564324599361
-9999 -9999 -9999 -9999 -9999 -9999 -9999 -9999 -9999 -9999 -9999 -9999 -9999 -9999 -9999 -9999 -9999 -9999 -9999 -9999 -9999 0.44409776796418 0.428642486816389 0.422755405934331 0.421643347990769 0.349755473413663 0.272354768080518 0.184739525842613 0.132276172417902 0.101250702642395 0.0929157077418437 0.0846668521316248 0.0724249223115191 0.0789497719519989 0.099331414387413 0.0776770955877687 0.0545011003630165 0.0443901451257374 0.0504935929293499 0.0710143480337232 0.112873467857316 0.150877848308466 0.150032676463182 0.160436869935587 0.18286228181187 0.274757822136702 0.373902503388278 0.399624050144527 0.427248790289364 0.457320518503788 0.466668765437186 0.470362409954536 0.4872964368218 0.501155168781462 0.510235626047369 0.504629927439836 0.493403836033189
-9999 -9999 -9999 -9999 -9999 -9999 -9999 -9999 -9999 -9999 -9999 -9999 -9999 -9999 -9999 -9999 -9999 -9999 -9999 -9999 -9999 0.452720160542668 0.461966535857527 0.452553484279606 0.433828421146984 0.363100689583399 0.283554998598158 0.185544998660567 0.123860984542001 0.0843308939741532 0.0770319374157832 0.0755866775763471 0.0850194699631934 0.0888876122728612 0.0886469940326581 0.0670138347539735 0.0478111732561473 0.0472195851679573 0.0510128768026399 0.0587050574856641 0.0883980628485297 0.123088962552353 0.163001801384119 0.179461726972005 0.170859563779778 0.252421568804677 0.349119478018413 0.39273496589183 0.431221742125716 0.463114392786486 0.468693080025951 0.467620982738365 0.490027219273886 0.504536781124503 0.506776794217887 0.499607549552918 0.489101246311536
-9999 -9999 -9999 -9999 -9999 -9999 -9999 -9999 -9999 -9999 -9999 -9999 -9999 -9999 -9999 -9999 -9999 -9999 -9999 -9999 -9999 0.456947074890031 0.46341638951473 0.449999613353123 0.426658657405931 0.354391509297153 0.275479293996687 0.182990900970868 0.121803209832173 0.0797047007502524 0.0593856967410638 0.049588788696279 0.0661044847759178 0.070661128218646 0.066387587731232 0.051913573841725 0.0417641428015231 0.0523046236990222 0.058499484186128 0.0608303636983502 0.0699220002943385 0.0888990116566957 0.151615606700143 0.187397032255577 0.194395184620327 0.269964861052086 0.356999766480596 0.40332615577559 0.440049353756524 0.464425464617279 0.474044247173644 0.479783192191665 0.496800301111163 0.506156330217753 0.503608868798487 0.497462125833363 0.490260274852994
-9999 -9999 -9999 -9999 -9999 -9999 -9999 -9999 -9999 -9999 -9999 -9999 -9999 -9999 -9999 -9999 -9999 -9999 -9999 -9999 -9999 0.44960697229208 0.435048168430553 0.41913805661741 0.402553572792109 0.326384916037614 0.250537306920322 0.177497207104575 0.125308118624132 0.0858353185158423 0.040197309209633 0.00878804086963944 0.0196189211326709 0.027791095216519 0.0340001652576658 0.0329309748638061 0.0362796415560875 0.0593632920969508 0.0720824415360808 0.0755858216973709 0.0566953123555715 0.0491081821465052 0.118918710476425 0.185629072238258 0.249026555597541 0.322402423100507 0.393460182145596 0.429212439749583 0.453124752221373 0.461814121687607 0.482306382565653 0.504985959439809 0.507110361199167 0.506234088662407 0.500695484061852 0.497834013017494 0.496198173826751
-9999 -9999 -9999 -9999 -9999 -9999 -9999 -9999 -9999 -9999 -9999 -9999 -9999 -9999 -9999 -9999 -9999 -9999 -9999 -9999 -9999 0.38672706802801 0.386447430620908 0.389348367409126 0.393836573936527 0.316438152553149 0.245080092108715 0.190451554393158 0.15242094739014 0.124512826530722 0.0542794056553307 0.00134496702573757 0.00627631401766704 0.0105773699435246 0.0144130390020511 0.0206306391744762 0.0284711493269003 0.0413069555833514 0.0446224884821698 0.0394729113033563 0.0270270266075886 0.0282689762373454 0.105217355975071 0.187691823003842 0.276071538939417 0.353108166592739 0.421376998616473 0.445736962161216 0.460738671477348 0.463708216018811 0.480734122899644 0.501126614041656 0.506633089925598 0.508235661736976 0.503772497871859 0.501363400372391 0.499873253171645
-9999 -9999 -9999 -9999 -9999 -9999 -9999 -9999 -9999 -9999 -9999 -9999 -9999 -9999 -9999 -9999 -9999 -9999 -9999 -9999 -9999 0.383972312334841 0.363901489748359 0.368429761369416 0.385234243337772 0.311313625597687 0.246290452367253 0.204871566385968 0.176096183807709 0.155031623151788 0.0678978338423903 0 0 0 0 0.0102365190344784 0.0195242698939408 0.0207061242429094 0.014570895035365 0.00192955876279045 0 0.0149532677133815 0.105366288728943 0.201662915784864 0.304246840943044 0.380864755791916 0.444332798499785 0.458296040377476 0.465938129970416 0.465452940265538 0.478514809800032 0.495406110735034 0.505317155496986 0.510406322102963 0.508003440283888 0.505635381463665 0.503282846386108
-9999 -9999 -9999 -9999 -9999 -9999 -9999 -9999 -9999 -9999 -9999 -9999 -9999 -9999 -9999 -9999 -9999 -9999 -9999 -9999 -9999 0.394404098901129 0.404218532142018 0.390093144850178 0.364020558606342 0.314374177545658 0.263514678036126 0.210685267102523 0.162704512594245 0.117680780761292 0.0507600216654995 0 0 0 0 0.00346894177004377 0.00698482904453458 0.00912907138055423 0.00694766954761628 0.000920048948540069 0 0.0223048888036724 0.157168546621523 0.270747456441774 0.361581207124177 0.412764541996476 0.450276228719914 0.459424989497433 0.46397374601283 0.462608150567491 0.481541809044898 0.505439239338145 0.509123771851767 0.511759142473825 0.512764365787501 0.510845578064062 0.507327804976786
-9999 -9999 -9999 -9999 -9999 -9999 -9999 -9999 -9999 -9999 -9999 -9999 -9999 -9999 -9999 -9999 -9999 -9999 -9999 -9999 -9999 0.415693243795061 0.420501574603358 0.393428250602253 0.350444344798498 0.306783188836566 0.259616424963772 0.204414589525442 0.156066441605653 0.111898113335708 0.0488044190453994 0.000872432505937076 0.000260090824355891 0 0 0 0.000395822458934124 0.00226903589947871 0.00215913854615396 0.000285925105609383 0 0.0244325861133132 0.172161093625465 0.294229503749002 0.388877199346693 0.429897065591606 0.454877816202589 0.459569267378704 0.464051557943572 0.468264924959515 0.482201464055268 0.498099296216716 0.499071527990517 0.500498908723644 0.502633482366585 0.500894163097514 0.497173512919322
-9999 -9999 -9999 -9999 -9999 -9999 -9999 -9999 -9999 -9999 -9999 -9999 -9999 -9999 -9999 -9999 -9999 -9999 -9999 -9999 -9999 0.410946213362648 0.402155126852393 0.377488802286709 0.344899919270798 0.287990727772183 0.233505154140019 0.185435625537485 0.156530654563885 0.139313463977305 0.0628148729910111 0.00266234060641477 0.000793700782956068 0 0 0 6.44669544292651e-05 0.000369554153960741 0.000351655352342052 4.65681528105777e-05 0 0.0210666520602174 0.148443469753614 0.26975463242492 0.384583957079242 0.431499902993109 0.458068282532686 0.458678036124318 0.466277002927943 0.482862193332429 0.480371550480968 0.472489321659043 0.474444900518123 0.475974417566815 0.476841936196586 0.47499835301511 0.472086872695345
-9999 -9999 -9999 -9999 -9999 -9999 -9999 -9999 -9999 -9999 -9999 -9999 -9999 -9999 -9999 -9999 -9999 -9999 -9999 -9999 -9999 0.408501374602715 0.408153511528249 0.378792482224845 0.33495239412104 0.282659009288067 0.232278242459937 0.186587750960075 0.174525565536136 0.182972084973166 0.123963427066666 0.0651308346387161 0.0194168974183004 0 0 0.00492521270659733 0.00810870975021426 0.00259507901391948 0 0 0.0060654287864143 0.0297309852737642 0.136699710244642 0.247263864246236 0.361670140573248 0.410135457954694 0.439512040659507 0.448606340544659 0.460617909483667 0.476380291457945 0.474217560397127 0.466966563319918 0.468683833518932 0.468715511563247 0.466128181486788 0.465707860984961 0.466253578310463
-9999 -9999 -9999 -9999 -9999 -9999 -9999 -9999 -9999 -9999 -9999 -9999 -9999 -9999 -9999 -9999 -9999 -9999 -9999 -9999 -9999 0.405432507340362 0.415932611299902 0.38215514525586 0.326280899613136 0.281186922858664 0.236844311576394 0.193854495081979 0.194353675572762 0.221375244727884 0.183765401340463 0.129366036858344 0.0385667876210108 0 0 0.00953007349000409 0.015690002530275 0.00502136561166025 0 0 0.0138490483366903 0.0433155823352508 0.139004632001321 0.23841625289569 0.341805861924997 0.38686360194615 0.416256230631286 0.436705583097013 0.453632197396797 0.466029530376029 0.467486295299077 0.465655654228841 0.467008989779858 0.465644849263202 0.46005839917456 0.461340281539162 0.465467115367039
-9999 -9999 -9999 -9999 -9999 -9999 -9999 -9999 -9999 -9999 -9999 -9999 -9999 -9999 -9999 -9999 -9999 -9999 -9999 -9999 -9999 0.400324344727297 0.396190450423051 0.370566627792624 0.334218228140997 0.284032367099803 0.239863944781748 0.210008849830602 0.197134649451887 0.194616491220375 0.153177259644401 0.102093615047071 0.0304362942902323 0 0 0.00341517518984834 0.00562263317552128 0.00179944501730095 0 0 0.023429324930419 0.0712000654714212 0.220508809418686 0.323019166977805 0.375520158867529 0.389434513938816 0.396928662216514 0.42756264697908 0.450748944213257 0.464359544811854 0.464071726973886 0.45979982415675 0.461992257918442 0.4627001231291 0.461101322946134 0.463446256607859 0.467493162929285
-9999 -9999 -9999 -9999 -9999 -9999 -9999 -9999 -9999 -9999 -9999 -9999 -9999 -9999 -9999 -9999 -9999 -9999 -9999 -9999 -9999 0.362591948638415 0.36838038455168 0.360003061499225 0.344556297786673 0.281607825612931 0.231594339575558 0.21296528249012 0.197049917399998 0.182789536301334 0.122568298622368 0.0653575033635091 0.0254318467241047 0.00557548108913928 0.000537641327183542 0 0 0 0 0 0.0501751174059585 0.125278393753398 0.280568009695358 0.369816289938256 0.388491938063517 0.384806463114923 0.381547076048195 0.422259145955977 0.449691605661706 0.460050105396784 0.458637674369818 0.454085099427055 0.457955780738355 0.460545097401731 0.461143479063875 0.464133779231945 0.468206540780838
-9999 -9999 -9999 -9999 -9999 -9999 -9999 -9999 -9999 -9999 -9999 -9999 -9999 -9999 -9999 -9999 -9999 -9999 -9999 -9999 -9999 0.357534165783057 0.3488329326841 0.350736068099788 0.357931327582635 0.272516702490172 0.209043741334123 0.199226219265572 0.193340040325038 0.189851447386536 0.0919330009566785 0.0166497347597018 0.024381876525306 0.0182039983264667 0.00175540400259872 0 0 0 0 0 0.0986354493232233 0.212492183122902 0.313499111687378 0.368788730664313 0.375224236731847 0.371071656450074 0.37115719462775 0.421812566529328 0.450944066335914 0.452401731973291 0.450648955111536 0.448548874285954 0.455159334972835 0.459389050134853 0.459919654663416 0.463026946139211 0.467259379071388
-9999 -9999 -9999 -9999 -9999 -9999 -9999 -9999 -9999 -9999 -9999 -9999 -9999 -9999 -9999 -9999 -9999 -9999 -9999 -9999 -9999 0.299365725611526 0.30175823734969 0.315019951545073 0.333705955535291 0.25643452835783 0.195432082932792 0.175161140410155 0.15462768249092 0.133934125791267 0.0585909405223581 0.00270749943575572 0.0132333067805821 0.0116491279143464 0.00112332056952002 0 0 0 0 0 0.116878741325386 0.244629066943155 0.32099577648593 0.35475324774451 0.342977931599367 0.359367027915432 0.384615907076419 0.423736147665698 0.446382842092452 0.447849045264262 0.447549710627079 0.447112715611574 0.452137753516938 0.456410670990201 0.459514972725678 0.462503839166698 0.46552160073705
-9999 -9999 -9999 -9999 -9999 -9999 -9999 -9999 -9999 -9999 -9999 -9999 -9999 -9999 -9999 -9999 -9999 -9999 -9999 -9999 -9999 0.231267189838714 0.248369764356258 0.271089454061292 0.296612372495191 0.236976584975675 0.183677676280532 0.147903564102216 0.106307673771438 0.0611612885205368 0.0257971839915818 2.27300984778565e-05 0.000111096742011457 9.77971855422874e-05 9.43054200868747e-06 0 0 0 0 0 0.125384928648853 0.258863977145969 0.319210955091518 0.336564970667495 0.307976146280616 0.349401179548274 0.403800613464938 0.425980881040237 0.440219250624621 0.444246503593027 0.445894892998548 0.44687996711731 0.449205810054653 0.452954388768899 0.4589135594956 0.461559508025862 0.462945723733862
