layers/veg/veg_4200.asc
NCOLS 255 
NROWS 330 
XLLCORNER -2985163.8955 
YLLCORNER -3022031.214 
CELLSIZE 25000 
NODATA_value -9999 
[rows 75 to 99 of 330, columns 171 to 227 of 255]
0.883968275779362 0.87103106701022 0.854054059185013 0.836590150815157 0.831258049471496 0.820497765042124 0.801060353647427 0.788155401674006 0.777801933845353 0.757596445852752 0.737196399017567 0.716416846139538 0.70092479514901 0.688193905341008 0.669422712067666 0.651993850268072 0.638178256682205 0.636556457278761 0.642697208823104 -9999 -9999 -9999 -9999 -9999 -9999 -9999 -9999 -9999 -9999 -9999 -9999 -9999 -9999 -9999 -9999 -9999 -9999 -9999 -9999 -9999 -9999 -9999 -9999 -9999 -9999 -9999 -9999 -9999 -9999 -9999 -9999 -9999 -9999 -9999 -9999 -9999 -9999
0.87383599652464 0.865662715816236 0.855264490205074 0.844030084932284 0.831542809374127 0.816983456379958 0.799111820304995 0.783595469265161 0.768758605117266 0.739097995761122 0.716367148101287 0.707153478094603 0.694712351265426 0.68058582957755 0.663983656584087 0.648270807766262 0.634857280028684 0.629817623372824 0.630108760391974 -9999 -9999 0.573891487036527 0.573891487036527 -9999 -9999 -9999 -9999 -9999 -9999 -9999 -9999 -9999 -9999 -9999 -9999 -9999 -9999 -9999 -9999 -9999 -9999 -9999 -9999 -9999 -9999 -9999 -9999 -9999 -9999 -9999 -9999 -9999 -9999 -9999 -9999 -9999 -9999
0.865899067769293 0.862745395652783 0.85596820744217 0.847328972730599 0.82966133201332 0.812484664478836 0.796092833523447 0.779029683058512 0.761278185506517 0.724563265556148 0.699993939408614 0.699115781346034 0.689559286983363 0.675470919946117 0.659994253880915 0.645187591564542 0.632083664376014 0.62170878904767 0.613071224009047 0.599068334006112 0.585620128801587 0.575110811014414 0.561308266417654 0.544971313653958 0.547134476623899 -9999 -9999 -9999 -9999 -9999 -9999 -9999 -9999 -9999 -9999 -9999 -9999 -9999 -9999 -9999 -9999 -9999 -9999 -9999 -9999 -9999 -9999 -9999 -9999 -9999 -9999 -9999 -9999 -9999 -9999 -9999 -9999
0.862775432918396 0.865155448109837 0.855521492712978 0.841538364315144 0.823107891972463 0.805932099009572 0.790761951786206 0.774457407869289 0.757219503633036 0.718709827848643 0.693378411448072 0.693752478303197 0.686707731633866 0.675788841681 0.659138977506498 0.643452473601996 0.63044561178032 0.620689844834128 0.613003719972218 0.599068334006112 0.584057783655642 0.567225177082323 0.554245990405735 0.544232326428185 0.547134476623899 0.55081819940122 -9999 -9999 -9999 -9999 -9999 -9999 -9999 -9999 -9999 -9999 -9999 -9999 -9999 -9999 -9999 -9999 -9999 -9999 -9999 -9999 -9999 -9999 -9999 -9999 -9999 -9999 -9999 -9999 -9999 -9999 -9999
0.85716867766359 0.859949540406346 0.838526979675194 0.810945221281364 0.810760222988676 0.805559618189184 0.792341403485888 0.764116459016539 0.729797780007015 0.707221244198939 0.691797089008264 0.690324351439909 0.68360323094981 0.674141377406015 0.660056416463397 0.6460438862795 0.632492539166932 0.621267452914347 0.611523260809499 0.595007008661681 0.576434782435176 0.553173336085365 0.539454123773879 0.533078443285691 0.538752135427347 0.546987582487973 0.559064051004325 0.575856121167963 0.597015255193099 0.619857617412059 -9999 -9999 -9999 -9999 -9999 -9999 -9999 -9999 -9999 -9999 -9999 -9999 -9999 -9999 -9999 -9999 -9999 -9999 -9999 -9999 -9999 -9999 -9999 -9999 -9999 -9999 -9999
0.850122960760014 0.850330204110217 0.811943061669316 0.765979075612736 0.795054813792239 0.808768479933531 0.797925374974575 0.750432579167366 0.688837236021112 0.692467108511054 0.69313307523579 0.688017654009361 0.68035214911927 0.671354977182223 0.662001139224954 0.651142511919152 0.63667490262127 0.622770258788986 0.609223997921279 0.588592156116308 0.565299647190164 0.535548194546581 0.520182980001348 0.51588915574779 0.525512249872597 0.538282584649154 0.556237579152756 0.575856121167963 0.597015255193099 0.619857617412059 0.639430371818213 -9999 -9999 -9999 -9999 -9999 -9999 -9999 -9999 -9999 -9999 -9999 -9999 -9999 -9999 -9999 -9999 -9999 -9999 -9999 -9999 -9999 -9999 -9999 -9999 -9999 -9999
0.847208279700935 0.841919407417974 0.802934763220434 0.757864693243244 0.785709513872227 0.791182308600348 0.760892693301371 0.722939419201684 0.682970860333481 0.700406860587068 0.709153820333885 0.700951957117856 0.691394218429156 0.68112843446631 0.669141095006514 0.654629780286042 0.63413473006026 0.619633932264709 0.608949066506999 0.588279385415361 0.566073758619854 0.541511254524234 0.525696202570218 0.51661303257557 0.531458287636249 0.549135399126866 0.565483504786197 0.582044027680614 0.598801267706863 0.610013394114886 0.619518806007705 0.625603985555411 0.631921097064955 0.63849634057398 0.660793940298147 0.688283716160986 0.72429065040124 0.753816607702806 0.774658059804911 0.779964756247413 -9999 -9999 -9999 -9999 -9999 -9999 -9999 -9999 -9999 -9999 -9999 -9999 -9999 -9999 -9999 -9999 -9999
0.841495035883912 0.829619192748251 0.794222801384925 0.755258414394725 0.776686517435565 0.774038671435242 0.732904638926061 0.70689401625829 0.688125834156796 0.709150419052119 0.719475321501826 0.708929447323421 0.698300748711439 0.687628798746393 0.67483730916485 0.658503036241382 0.63375128515101 0.61865017882191 0.609692658362608 0.58759575642214 0.565917601066643 0.54857322959497 0.53382402081428 0.521072002600423 0.539024580666079 0.559336265742761 0.572880579536192 0.586481468768088 0.600134751855795 0.602504893382442 0.603299712275982 0.607460375543996 0.616756810089178 0.631769174850037 0.657383165818866 0.68674705282913 0.723881084912971 0.754134992386944 0.775169537022167 0.797059778215885 -9999 -9999 -9999 -9999 -9999 -9999 -9999 -9999 -9999 -9999 -9999 -9999 -9999 -9999 -9999 -9999 -9999
0.827607057165356 0.806590017805812 0.783864039002235 0.762467534694181 0.767651535196128 0.760997023511605 0.735418265592098 0.723857200376788 0.718310702839108 0.716911156272063 0.712274265044931 0.701322616570349 0.691985052484275 0.683490371720741 0.675888914540782 0.663649058635996 0.640161345223753 0.624158062258995 0.612919356405726 0.585054084759632 0.561574542309251 0.555328914504751 0.545594027817754 0.533173870203589 0.548314124510832 0.565039115575992 0.573573899410518 0.585303041002692 0.599990440176303 0.602711302559641 0.597085082467919 0.558698720216264 0.560419041456122 0.60677667063819 0.644711589253465 0.681038101040278 0.722359483155167 0.755317842770871 0.777069757268121 0.798219614793989 0.817835840914673 -9999 -9999 -9999 -9999 -9999 -9999 -9999 -9999 -9999 -9999 -9999 -9999 -9999 -9999 -9999 -9999
0.807363015512472 0.784057631296011 0.765139973502334 0.748627085331504 0.745142217735364 0.740749873915982 0.734906899879685 0.726858605787512 0.717889838579753 0.709476331840533 0.700007145912836 0.688478754523145 0.68205867023123 0.678306170663994 0.67126668528178 0.659833198581578 0.638000557361645 0.621710455292088 0.6089487252691 0.583892788839069 0.563696833248729 0.561171775898266 0.554090793349838 0.543503652647937 0.554776021016317 0.567555854109885 0.574834542288607 0.586566964573929 0.602423938235819 0.606239652145568 0.597624004874461 0.534102360192099 0.513482257528463 0.540610040642785 0.612340338165964 0.689902901820548 0.719139409591084 0.742733320079164 0.758766153602838 0.782245363150589 0.807415531034726 0.819989425290878 -9999 -9999 -9999 -9999 -9999 -9999 -9999 -9999 -9999 -9999 -9999 -9999 -9999 -9999 -9999
0.782650579278979 0.761874493489858 0.740534991545141 0.7199885158158 0.713160268064637 0.715437163303371 0.732268925338834 0.720044699902855 0.69595274758931 0.691358830721518 0.684178519093236 0.671953191634562 0.669593928928404 0.672386776916211 0.662655676774374 0.649717019071383 0.629814352372773 0.613670035514079 0.5999182784834 0.583701914946771 0.570364348778604 0.566372910534938 0.560286427725278 0.552587636269673 0.55925004481236 0.567832715126789 0.576494020587561 0.589547892773551 0.606669669935348 0.612103368871947 0.602910761974804 0.526494515808654 0.473154487631028 0.445497466843263 0.566119960695705 0.709013239448362 0.714725288344827 0.720470155769843 0.726259000003376 0.754225625528896 0.789032030955854 0.812963806798454 0.827767229922439 -9999 -9999 -9999 -9999 -9999 -9999 -9999 -9999 -9999 -9999 -9999 -9999 -9999 -9999
0.778972762907322 0.758008350972596 0.735092995999727 0.712858145979364 0.709272627334639 0.711491823140271 0.722990043527038 0.708745839154155 0.683944343808073 0.674403178444312 0.666189347658731 0.660564612730228 0.662428751657163 0.668203619739462 0.654639439710769 0.639857716124264 0.623336118306694 0.606732862600978 0.590077623607079 0.579686749180066 0.571967303714305 0.570930706188267 0.566890282561984 0.56053816835358 0.560327558858098 0.56359206400531 0.577429387946079 0.590048637766858 0.601539843306565 0.571874268717238 0.534277786064561 0.497070427483913 0.471762145606912 0.459697111608059 0.571379094891411 0.699758276802164 0.698263024166826 0.698777355000921 0.70198452647527 0.738750585416203 0.784376888184571 0.791544946305416 0.803904262439553 0.824682226634894 0.830926844774176 -9999 -9999 -9999 -9999 -9999 -9999 -9999 -9999 -9999 -9999 -9999 -9999
0.77198429508588 0.754683904511458 0.73364439732135 0.712456438229845 0.706718826224693 0.705452099279121 0.711332227311873 0.695980211411126 0.671957011875204 0.662225990855327 0.655230773131864 0.653572007194529 0.657167898027452 0.663507798150631 0.648036022150589 0.631992468035156 0.615920462826071 0.598164825850175 0.579337391436036 0.575388359104341 0.57363245261868 0.575097239939207 0.572965363078661 0.568065558103446 0.562964646613221 0.562297666598155 0.579344285940184 0.59049186572761 0.596176413566336 0.54101193775404 0.483556905371206 0.478018702181959 0.481342852054609 0.494530484725583 0.585446279194583 0.684397082619908 0.681787059291438 0.679086647830852 0.676265116327598 0.719419240125786 0.774346963249132 0.771196320509123 0.782701253866742 0.817973092468561 0.833999495693945 -9999 -9999 -9999 -9999 -9999 -9999 -9999 -9999 -9999 -9999 -9999 -9999
0.745814408688969 0.746571515124011 0.7391091774701 0.727630586878867 0.698571427436831 0.684341501421567 0.693816586680015 0.679745076131541 0.656426090916977 0.666251272763193 0.669520823170773 0.660002973568363 0.656602190686649 0.656395772088766 0.646131560768179 0.630971560070608 0.604621042214243 0.583520622871749 0.565762408308599 0.571497691068728 0.577358953105543 0.578136816574101 0.577051968598974 0.574533611373352 0.57226526955392 0.572899849657182 0.584931051069027 0.591638476274592 0.593415614230274 0.559530489788179 0.522085689102858 0.503002952728039 0.514918378197365 0.561333651956875 0.611405939381532 0.658123616677208 0.669652422762871 0.666154050355115 0.642519267805199 0.682100761812179 0.740615473268358 0.759814652752887 0.782200078799661 0.809752631653669 0.827842380665237 0.841620965486156 -9999 -9999 -9999 -9999 -9999 -9999 -9999 -9999 -9999 -9999 -9999
0.724553255457997 0.724033058250415 0.727391719470149 0.729101863800498 0.689605122645367 0.667801109937284 0.674279498296733 0.667969495563429 0.656708726903681 0.666806634418072 0.669468457092084 0.65762546932148 0.652624083062479 0.651195416950362 0.642496854052177 0.627211311510868 0.596481672682636 0.578593407432589 0.568879941194971 0.570561769915447 0.572227977322638 0.57119472247542 0.569750629228467 0.567990362132647 0.568845064423828 0.571788560870189 0.581652811207287 0.588245591657141 0.591808701878851 0.572490680439412 0.549467896036013 0.530494650712183 0.544947949183451 0.596603798425125 0.613798183440203 0.623065450523428 0.64180038260315 0.649213002328626 0.641453730309915 0.672186821299862 0.715534936435505 0.750994621945866 0.780299914214779 0.799624644816878 0.815211424667775 0.828880009770787 0.825013542969824 -9999 -9999 -9999 -9999 -9999 -9999 -9999 -9999 -9999 -9999
0.707452180118318 0.689268725090884 0.70111257179814 0.71896016201799 0.679944807272053 0.655133899954089 0.653029263198234 0.659973320869106 0.670393115726698 0.66442129059131 0.657261108010333 0.647782918056025 0.645754017270042 0.647615174308458 0.637395790311774 0.621129512795204 0.591020399146429 0.581901193503098 0.586144131573535 0.572129952522551 0.559590422967036 0.555793311821289 0.552798177001329 0.550420228748612 0.554644147890752 0.56075028000405 0.570861612294641 0.581005552828449 0.591179691477194 0.580740243008172 0.56740354595833 0.560111372872229 0.571972376245003 0.605150181737482 0.596217395053259 0.580562382417484 0.600628078101461 0.628874852453083 0.668084267298337 0.685497816422531 0.697785952920525 0.744345540114417 0.777214126951618 0.787880058225625 0.797093985340412 0.805709622038005 0.815763602204309 0.822444330288304 -9999 -9999 -9999 -9999 -9999 -9999 -9999 -9999 -9999
0.679640156768882 0.664077236245456 0.676978296788473 0.696547962187351 0.675868827657072 0.659394395561331 0.649641316872395 0.649653677822014 0.653534328451337 0.645220775075199 0.637104535137972 0.629373174353017 0.623040995688814 0.617439477257232 0.605315890690458 0.587507865039918 0.556387257342735 0.555926150922654 0.574982836679213 0.563856869447172 0.551374818386234 0.541784329766141 0.542118573545369 0.550090713012275 0.549304531018469 0.550650448693885 0.565065954993796 0.576546858291954 0.585310059868177 0.560589880802901 0.533307878410239 0.527512476235434 0.543426168988598 0.583501309936588 0.57882515386002 0.564798021036462 0.570749071959578 0.591600993508221 0.632420072732027 0.678065675848996 0.72434553805749 0.755639763281212 0.778274816551862 0.786867315784993 0.79478420281375 0.802291835620739 0.803115573638253 0.802243841999485 0.798014231532838 0.796548846432728 -9999 -9999 -9999 -9999 -9999 -9999 -9999
0.649580480163046 0.638923757451381 0.6526268786109 0.672688679015227 0.667407157738708 0.658356929910962 0.643282302256663 0.634510289621778 0.628362117734664 0.620308663501738 0.612668693993393 0.605835266863267 0.595822341030946 0.58414906432156 0.571812587379424 0.554419090200622 0.524864018104809 0.528692019126697 0.553771634042758 0.54823678304349 0.539432631696 0.527790376198689 0.532803144986761 0.550633321141528 0.543855562817357 0.539495136916508 0.557666254294123 0.569628452645114 0.575840643271057 0.540438498365758 0.501883903314979 0.490204891983507 0.506549163081724 0.554082347809019 0.558890835349063 0.552796436734292 0.549681742190681 0.56293175067053 0.598110451358259 0.669264706527719 0.748486135271023 0.765339877551038 0.778446714298993 0.78547720521474 0.792398669043583 0.799006912598102 0.790648699168628 0.786980727850461 0.792601784280348 0.790624646555087 0.784619515802381 0.774931026228351 0.764863743778361 0.754131661416764 0.74870436718924 0.746702676750191 -9999
0.617229433424734 0.606675214351324 0.625638879722779 0.651436622444467 0.634357717759303 0.619883243119907 0.609572034498365 0.598753576300024 0.587822650644291 0.5816720274136 0.574418697132713 0.565014428948027 0.559735353846615 0.556610476181783 0.552198613880755 0.544721293106207 0.529926708076276 0.5178595817062 0.507528751396921 0.5060079489399 0.506843325654965 0.512808472993916 0.525051594117987 0.542126131039626 0.531168374470756 0.522730432965745 0.539030571030288 0.549186345447699 0.553651896126484 0.541854571347407 0.522376644045739 0.478311000422372 0.473234803853623 0.511552470929614 0.527020156680372 0.537940684659019 0.560915091290914 0.587044959840898 0.617403145463077 0.66986969848037 0.727748450024509 0.754015155896661 0.771345744584572 0.77418465795695 0.777654435398498 0.781334564511138 0.781603370612635 0.782079442400129 0.782966004022208 0.783729955955076 0.784428909420787 0.774931026228352 0.764863743778361 0.754131661416764 0.74870436718924 0.746702676750191 -9999
0.593644786847339 0.590035229984282 0.610370293686776 0.635253109347808 0.611442025774488 0.594754625547611 0.589454664521259 0.576480888255816 0.560398723908577 0.550681641196779 0.541943282526962 0.535114020782644 0.534952213502331 0.538272185868433 0.534245546135587 0.529387829264348 0.522979842347754 0.507632804238303 0.486595179649258 0.482543356912366 0.483617971712054 0.496361554308399 0.513514681294861 0.534061314395826 0.518363457493617 0.505320872467783 0.521869940876356 0.533113888903852 0.53944482662429 0.539919775171652 0.529763510826891 0.467952592919832 0.451586662480096 0.485799381866591 0.508450475790981 0.529550098133295 0.562853403042564 0.593967825706302 0.622149147477666 0.663237563587789 0.707814961060101 0.738800969299087 0.755828702079157 0.750220340038077 0.756520252448779 0.767793383427857 0.7710054464884 0.773356188504521 0.774001083595956 0.77599689189273 0.77870885311488 0.76626335502447 0.753572786808601 0.741369128013541 0.734349620897666 0.730677815741492 0.724203779752224
0.578990834799569 0.589296330159753 0.607040758381703 0.624233131185263 0.598850002127715 0.583221182104001 0.583184941882615 0.567944934626304 0.546336140751565 0.527480806066428 0.515350673771767 0.516338706206189 0.521684769599579 0.529306619587883 0.517984511796918 0.508313078546656 0.503798345365316 0.498023037621634 0.491445250016698 0.478194674606621 0.469932063179267 0.47842216374166 0.498121463639896 0.526447161895778 0.505438605489852 0.487254369926024 0.50621200835175 0.521492976263075 0.533369022356351 0.534571309952255 0.523798881596086 0.459158446554211 0.441823379892701 0.477137500645571 0.503431071631565 0.52774584323134 0.555322475690607 0.583378177643762 0.612075832430561 0.649232668161751 0.688700740119686 0.719624423847964 0.731737858029692 0.713346765087098 0.72887636377585 0.7584607930869 0.758825829024423 0.760739337230278 0.76571959583543 0.767409742098907 0.76735571740529 0.748765568564138 0.730779264841457 0.715604873817735 0.705371100670714 0.69832776583868 0.709544413595472
0.566897390867263 0.586796910756005 0.600839871026565 0.609957753521582 0.577725727716116 0.555324397957976 0.548637755124217 0.546536625419985 0.546293996393272 0.542298205623796 0.540360847370045 0.542438662973843 0.540268230417441 0.535879340418702 0.524091800120936 0.514486646945502 0.510605979164148 0.50592996906122 0.500747645238397 0.495088376257981 0.49147572748957 0.49421074907483 0.504460219504211 0.520492674714698 0.508999724070155 0.498991693526768 0.509345616130705 0.511930097975629 0.507319391061924 0.498779984426155 0.485045182111262 0.447195981218707 0.441528549009983 0.471678277279488 0.500654239163597 0.530239918330399 0.567315283579089 0.601526214256583 0.631898804331665 0.663431034080103 0.692125218334499 0.673045345772807 0.667354674227203 0.683377231129602 0.697928245737143 0.711840376136888 0.725381735894283 0.735938346401469 0.740583658952556 0.733019983854152 0.718984018614152 0.697649925159277 0.682600563284791 0.683492100769552 0.686952934836347 0.692072910019182 0.688715580359597
0.55833185050282 0.584057721997928 0.593811479952443 0.595426288052792 0.558205432546874 0.529869854082391 0.515737679554961 0.52696648720811 0.548691831467005 0.559868103102948 0.567771890194323 0.569292376258237 0.558263152950495 0.540680405671266 0.530416023010503 0.521882125900547 0.517070533939002 0.512343219589874 0.50766955624144 0.511338424569953 0.513937766177564 0.511336498006533 0.511736758041235 0.51444694023974 0.514267577377179 0.514107130373081 0.515540307430424 0.505136387586311 0.483770269921025 0.465822531956458 0.449612398798484 0.439240772266187 0.444471370748396 0.467066689070965 0.49643494567392 0.529249084926547 0.575583662246983 0.615618317528418 0.647211081067068 0.674530963835288 0.694569781038462 0.628616498775574 0.607413837259932 0.65878312759619 0.669696089735074 0.663797241891778 0.689995710990125 0.708597301208284 0.712153267545633 0.695071809593305 0.667049936136207 0.643564686957647 0.632513600692278 0.651638943612008 0.670665915714558 0.689629364178558 0.687855363016784
0.569201539514756 0.582403473445769 0.585667842172557 0.584138800887114 0.562225476905018 0.545371617005293 0.536605474768375 0.539066117780176 0.545955829464302 0.537978555756194 0.532799196205303 0.533077441746595 0.524068054339541 0.510208616356588 0.504253864667897 0.496033503735109 0.481856491767405 0.482320778456129 0.492105693741826 0.491121355299735 0.489046347954256 0.486153908752513 0.492256430344 0.505281312104933 0.505816294804518 0.506354863144764 0.513471328604412 0.513524926764549 0.507037685632205 0.497760685555539 0.485852277876741 0.462576557461931 0.454455487556304 0.463201003033589 0.479280811576763 0.498706181576203 0.529628406428129 0.559323263191068 0.587373447453042 0.622382846029576 0.65635887714565 0.639954170117837 0.637936152265448 0.659248986515515 0.664426068062187 0.662895271332331 0.674020579488282 0.682943997252993 0.687506569573691 0.672731997860129 0.647706321772258 0.620831054572508 0.60830888539776 0.631128900348659 0.652450806711012 0.672805299045365 0.678630142217403
0.573411397649119 0.573825828187235 0.573053466231278 0.570970299391957 0.556138796538002 0.544862851331466 0.539270580505851 0.537586883244705 0.537212638654036 0.520763024717227 0.509774055142593 0.509436606237638 0.500371159351201 0.486747906200029 0.484465616056071 0.476256151477527 0.453041746441518 0.455400288170226 0.474038529160408 0.466870357282653 0.459749371194536 0.458777721413696 0.469739450142959 0.48988489250746 0.493644873431941 0.496566478368403 0.504769589489785 0.509762593504329 0.511782754648257 0.509462549333438 0.501676828845528 0.468742396211554 0.451898914987016 0.452964088645349 0.456962775531332 0.464131790954972 0.490826472500727 0.519083910636142 0.549435441661687 0.588105239914737 0.627568982327665 0.636786537324018 0.644407570438631 0.649439528648865 0.65505688162577 0.660824305449257 0.66089118080775 0.661491931468103 0.66315002253334 0.650022170550221 0.629055919825657 0.602705994737863 0.590241331469926 0.612224905466407 0.635390229608071 0.65931867711528 0.669956265812182
