layers/veg/veg_900.asc
NCOLS 255 
NROWS 330 
XLLCORNER -2985163.8955 
YLLCORNER -3022031.214 
CELLSIZE 25000 
NODATA_value -9999 
[rows 175 to 199 of 330, columns 114 to 170 of 255]
0.43874457989532 0.398400348165258 0.409443634308919 0.419209194285834 0.414867690385628 0.415554857200695 0.420006184425275 0.429914949491864 0.441464787493901 0.45669411130656 0.468323989252936 0.476710097910108 0.494119016918449 0.512874903659792 0.52997305653483 0.546190126195549 0.561452954071129 0.577860429438598 0.594478079756602 0.61049138227061 0.630227540455425 0.654815866081742 0.670369432975577 0.682887788592869 0.694631218767402 0.707079978828741 0.720640179123875 0.719070039429675 0.710916120889217 0.69107424913209 0.675557309969537 0.668349815769704 0.644099009476852 0.611081685998347 0.577573360671212 0.543414563356062 0.507737406424865 0.480480650839185 0.458508045687074 0.411454942559448 0.367345750122254 0.337482611484363 0.305678893754706 0.272402280355819 0.280213875457496 0.296522272313581 0.325421473469333 0.353465494943045 0.38072826185185 0.418035190611075 0.457290029241226 0.496775450549832 0.523640602800966 0.536650066766051 0.541773386940209 0.544511517875242 -9999
0.432862819072741 0.390145552472701 0.398918964848863 0.408539985104747 0.410279287265779 0.413187495178758 0.416970675624848 0.42636639236711 0.436170808303559 0.444888019218302 0.458012745062429 0.475109460512947 0.489716566460382 0.504248170986453 0.520768693760872 0.536315475176739 0.550807663022839 0.572624480583789 0.595092218371572 0.60841037897943 0.628276034181974 0.656675337450675 0.675310462537566 0.690720893703293 0.706029725718245 0.722011947746267 0.739055279997413 0.734612496948901 0.720938582992336 0.695418888123501 0.676998758783554 0.672218945848882 0.655219442618706 0.631934534040425 0.584569246901272 0.539466574433006 0.500998861915547 0.478162650363478 0.465135852782821 0.414209527585547 0.364953585230936 0.328911673246774 0.295657161558253 0.264518281147674 0.272548817166173 0.291704932293699 0.334628932787178 0.372899733479147 0.406919575381173 0.446276337948722 0.485599583193302 0.519378385151496 0.543571073671084 0.557239248087593 0.560045374924854 -9999 -9999
0.404125295226173 0.388294283140348 0.393553388649334 0.398643807305594 0.39898989022585 0.402148124447705 0.407411365975545 0.413210347727027 0.419944847844712 0.429990013179301 0.444458816678178 0.462914139812833 0.479220859574289 0.495719754996861 0.515265886183646 0.531217583374549 0.543276391611199 0.566780997179529 0.592274324536597 0.610865168518101 0.628989223545448 0.646504891257868 0.661994777120687 0.677138618172775 0.696538953513648 0.716954672986814 0.738970407996682 0.740849521583275 0.734166215943683 0.71995359170312 0.707322320282355 0.697729284472299 0.677837114904818 0.652647410879889 0.602114090536267 0.555039030514215 0.517503525051341 0.479962816442759 0.442418842644844 0.410825371551213 0.378362664246804 0.342008971296961 0.31448804877783 0.293671181439904 0.304170315752434 0.317932214248775 0.328795715572375 0.359665265345619 0.408811461542143 0.442877144985328 0.475539270449629 0.515922226711625 0.543571073671084 0.557239248087593 -9999 -9999 -9999
0.381189725095762 0.381363079052791 0.387121254923567 0.391720630110727 0.391789358262947 0.394332251684916 0.398727156400187 0.40309639095517 0.408856972307398 0.419928743870256 0.43494548183457 0.45351736726751 0.472088027733249 0.490770406922045 0.510031680877053 0.524993853923742 0.535299960825277 0.561493732408853 0.589934760938647 0.60488803905103 0.617919797839053 0.628447152930475 0.642436625039164 0.658163837286814 0.681798567383488 0.706723478316592 0.733681422185496 0.743986133355786 0.747209453979681 0.744199310781982 0.738412852540769 0.727292291039268 0.705468350675974 0.678138945516616 0.627990775817979 0.579909647599197 0.537933001692803 0.487785551772421 0.432510584076878 0.413749077917858 0.392645045427385 0.356616148461517 0.331638187135856 0.315047863971637 0.323670305885846 0.331915127326391 0.326143310372128 0.3568595712712 0.420909736127825 0.446768088863431 0.462431620643689 -9999 -9999 -9999 -9999 -9999 -9999
0.367076966306311 0.366707010520913 0.37906724754995 0.389318382370217 0.39080660860892 0.391418230233479 0.391373678373994 0.397608422024141 0.405582387970647 0.417222516976573 0.431576524602132 0.448376240941761 0.470068992647103 0.491263611913555 0.505205928873516 0.517058105787462 0.526646593033634 0.55705228825456 0.588322576021468 0.58608880960361 0.588932995512588 0.598395508084884 0.613385790254743 0.630988877679382 0.659075292119082 0.688624499534471 0.720478737542368 0.742408064677963 0.759972289649519 0.768005582072157 0.770669688194064 0.763018036304744 0.740723522613889 0.710897204134757 0.666537377229328 0.618919626073038 0.564330793629943 0.50476658013293 0.442080109052882 0.426264911807613 0.408255424144632 0.373519341627823 0.346232474337104 0.324599546580321 0.324737577062966 0.327278492251782 0.328327845569617 0.3699125190513 0.448528479153824 0.461744867815191 -9999 -9999 -9999 -9999 -9999 -9999 -9999
0.360974168892012 0.360436167679145 0.375093831707478 0.386159003996737 0.383605078925906 0.383024593487909 0.3839213062514 0.390049325688345 0.39836753554228 0.412563124845648 0.428112985908893 0.444883297371203 0.464200872225448 0.483662020754595 0.501431168210262 0.514765926668784 0.523298097580663 0.540473187858217 0.557690822590559 0.558589776994915 0.563986709873467 0.575246063064533 0.591379249125569 0.609652971507834 0.635008793222464 0.661396265093493 0.689409384073027 0.718247577435158 0.746980719802534 0.757707773509217 0.7668387174262 0.772903073330086 0.76177626461886 0.741806888264842 0.694343332806254 0.643374745931354 0.585528705428026 0.5279896646134 0.470643278812662 0.446720386010792 0.423502324614275 0.395148025113552 0.369411671188865 0.345662332747124 0.33103070451828 0.321253347240321 0.325814192368784 0.375539105765876 0.466523926578489 0.482034193006769 -9999 -9999 -9999 -9999 -9999 -9999 -9999
0.358039279860968 0.357617395376869 0.372665819300438 0.382544149929248 0.374111655822078 0.372730497092104 0.37662754386889 0.381846966491516 0.389699014180693 0.406954801687314 0.424302408734025 0.441732762240985 0.456733196457174 0.472957201531746 0.497830889364272 0.514338823201062 0.521786373299742 0.519406368718118 0.516446014834775 0.527991934431552 0.540678757071589 0.55485257063739 0.572204320703619 0.59071179622604 0.610658677291297 0.631023777095676 0.652047894959381 0.68571644775718 0.723948452311921 0.734240463526886 0.748948650952555 0.772141588687292 0.776523961402279 0.771230800358486 0.717000373951967 0.661098805133101 0.60379859288115 0.552832549433131 0.505841459132617 0.470159903534168 0.438848790998056 0.418164016395261 0.395173436400539 0.370432754701505 0.339714187550624 0.316051115780473 0.322798788248638 0.378984427789882 0.480334420819264 0.49648813854886 -9999 -9999 -9999 -9999 -9999 -9999 -9999
0.354253998984481 0.357914330779761 0.367784460447545 0.37440506259953 0.370224696314841 0.370888784909949 0.375179141021205 0.379054194171081 0.384538314885208 0.396346375700903 0.411364502990289 0.429275496412543 0.447394273801288 0.466010653493826 0.487001670878022 0.50248418559637 0.512000812721033 0.508855392538586 0.503781242045568 0.508408168841579 0.518131822933035 0.53449827395995 0.553627850903543 0.573671137224636 0.593758618114253 0.615382150982571 0.639426154048266 0.672126832560305 0.707931494872673 0.723793793582056 0.741190108240879 0.761533710707095 0.772475135670016 0.778580390866441 0.714207902003297 0.651605146064323 0.596902428573343 0.551961082500722 0.513145401096094 0.48815129329666 0.46141432857866 0.42646594300385 0.396039763148039 0.369045928434531 0.357390953842094 0.351486490386591 0.360309066489922 0.405523111459589 0.483982802663092 -9999 -9999 -9999 -9999 -9999 -9999 -9999 -9999
0.352023927761426 0.355156671801188 0.362541887427176 0.36784778969512 0.36618615813393 0.367612358526475 0.371349924178267 0.374866227716515 0.379269290500608 0.387153899395189 0.400490021612024 0.418738969900241 0.43709142188931 0.455391195183406 0.473319634525663 0.488072231300312 0.499385287255445 0.49198677986784 0.481729477025209 0.485742803174559 0.495844861799331 0.513882642915024 0.533635943459096 0.553967886584598 0.574477656607188 0.597234705922406 0.623532958678918 0.654528352567876 0.687207460200571 0.709044953375482 0.730463597262985 0.75107751066619 0.766726330937798 0.779821271187204 0.709082299062762 0.6421409335024 0.588614476617698 0.548733419060308 0.517415414475452 0.499099468987464 0.475460461154616 0.433074407201882 0.400143823054302 0.374389921674063 0.377325760616461 0.387141348060269 0.409430406358499 0.433337132571543 0.458721689080947 -9999 -9999 -9999 -9999 -9999 -9999 -9999 -9999
0.352671932607684 0.346746170473449 0.356630850287509 0.364217827737842 0.361867107963942 0.361680845351322 0.363114765171773 0.368096310435815 0.373799799351929 0.380581784197944 0.393434120110751 0.411756969846139 0.425004719344495 0.437974637114324 0.454358164103152 0.468927698374203 0.481532619517785 0.463426728451289 0.442306113491628 0.457374618329835 0.474039007558367 0.492783385635207 0.511024622482281 0.529337235152903 0.55079058946396 0.574449984126175 0.601585598993322 0.629511054278032 0.657772493011822 0.686334502816815 0.714244554508022 0.74090200631564 0.757831539510278 0.76975735246346 0.699638996280636 0.632731214742339 0.577750877890589 0.541145370658727 0.516070829697778 0.497013449689802 0.473740554975248 0.436548944326255 0.410239642529761 0.392189991498378 0.401439304491018 0.42320238181636 0.480039214836269 0.493376873579878 0.46697559887275 -9999 -9999 -9999 -9999 -9999 -9999 -9999 -9999
0.336661194467357 0.330778427159751 0.341111379362313 0.350691353780613 0.354791767107761 0.356338440817655 0.355973538664313 0.359918272587118 0.364771897638593 0.371057084224779 0.382042832239791 0.397264659187861 0.411296719435791 0.424991560872613 0.438079640145362 0.447313427519485 0.4523728913768 0.430976630449453 0.408350620710492 0.427306612909918 0.445462142750675 0.462574393523338 0.479966575196526 0.49812303006509 0.525179949332643 0.552387978015815 0.579834120930875 0.599461040813214 0.616129255542185 0.644583574276888 0.671529354148382 0.695576795055313 0.720072769948917 0.744799455920336 0.690912811833274 0.636937647122541 0.586878274144341 0.551409733797787 0.525097544961451 0.488999761688551 0.453795394332579 0.423385715874909 0.414905499459104 0.423069701097187 0.435477491834065 0.459117552351168 0.52432274909881 0.557006669991803 0.559980582857698 -9999 -9999 -9999 -9999 -9999 -9999 -9999 -9999
0.312401916340492 0.311068732081787 0.320834313560257 0.332264643651629 0.346351654974546 0.351287732133404 0.349373970430117 0.351043006933156 0.353982056752854 0.360070418387356 0.36850488733377 0.379053634735886 0.396785937699737 0.414203713416299 0.423129571234498 0.424476271356024 0.417614497121441 0.396600384428281 0.377102532118201 0.396396945067109 0.413532626938408 0.427854736225659 0.444726149938392 0.463648992850102 0.498616856262827 0.530683822989334 0.558179633223732 0.566919089487594 0.568441119867476 0.593404794901056 0.615694639569224 0.632847283650981 0.668022065035696 0.712466838985603 0.682541706953688 0.64788608682188 0.605904167637836 0.570513679285149 0.539259586652353 0.478051001553233 0.42482603898768 0.401984334355925 0.416882722364672 0.460425765591217 0.474429844583703 0.494960499032455 0.555571381676648 0.577034481694265 0.562733888390718 -9999 -9999 -9999 -9999 -9999 -9999 -9999 -9999
0.311949873145565 0.309382226713006 0.31831990269773 0.326229964110411 0.328802241363021 0.328473495174924 0.325973217343402 0.337772954419119 0.349392328974327 0.353588761267736 0.35852728505717 0.364134571121136 0.379921468653779 0.396800943810641 0.40960160270399 0.406847845495068 0.38724814961993 0.363070665504385 0.343156625801502 0.36450860957824 0.382049497097874 0.394623209198872 0.415999040354858 0.440015820684053 0.460601088166282 0.481557759068136 0.503099677683526 0.52357316557703 0.543662474279556 0.56616985892045 0.584694633821623 0.595567664859388 0.629843608831649 0.676157238748684 0.658848563785353 0.635186422437665 0.599781184146288 0.576003226995943 0.559521870109827 0.50915980426855 0.453875093904807 0.391204505651419 0.381655416988124 0.412425440810991 0.449002623291872 0.488243642246225 0.534952910657138 0.591249017929281 0.656303239759865 0.666671938416462 -9999 -9999 -9999 -9999 -9999 -9999 -9999
0.311595446715734 0.308635258938951 0.316181452599092 0.320657192254617 0.313992698706641 0.310158633817286 0.30844325756395 0.32288426891733 0.337290939330446 0.343956363822966 0.347843100366702 0.349225722953074 0.360740804970641 0.373884709785889 0.38576791332915 0.378548520774436 0.350640395186215 0.329056510497152 0.31403201368868 0.336756535000626 0.354699923488569 0.366411843696921 0.388404504587548 0.412857564944488 0.425035991570981 0.439386180305625 0.4571585744939 0.485005399357321 0.516751724349247 0.536825800569054 0.553210816950852 0.56250808363533 0.595990540740027 0.641913061507228 0.633459412357357 0.617737041076981 0.587613611670318 0.573221786929052 0.56870219537506 0.522721355404065 0.46547645604109 0.383513127611654 0.357321429290435 0.373460287245328 0.417384954770464 0.465086408725284 0.513645218203229 0.578873681974335 0.659330809130983 0.676972581918618 -9999 -9999 -9999 -9999 -9999 -9999 -9999
0.310740717990781 0.309483129517862 0.314360836755692 0.315761276287158 0.305706451916819 0.302641381862302 0.304808421436266 0.304438655693139 0.307875244871837 0.327003718438357 0.335439855416442 0.334240211126006 0.336350848934503 0.338599021997348 0.338394740411971 0.325762159002684 0.299669324557712 0.293912172785681 0.295981520583286 0.318464553939378 0.336761007870044 0.349600902058514 0.363194391395157 0.377333209259609 0.395405988926774 0.413902943002412 0.433068299924068 0.457659532001598 0.484284326284261 0.501946085153836 0.519869886617638 0.53829714760757 0.571577842718301 0.612498654067898 0.604668708394105 0.590176675578446 0.562428407897808 0.55199646346998 0.55243122874749 0.494999433733792 0.43553671144346 0.382540692215445 0.358953069290603 0.35768636064218 0.373608274296606 0.405738543407949 0.492340996512359 0.582295228004029 0.675311496890408 0.685967773839132 -9999 -9999 -9999 -9999 -9999 -9999 -9999
0.306588092727219 0.308297651939094 0.308475744185353 0.306697984121308 0.299480697613717 0.297677991952687 0.29992831581193 0.294783799973843 0.292243918455602 0.303107408947837 0.310843440522289 0.315761050715334 0.315825815809686 0.313878958855262 0.306167457336953 0.289610298351856 0.263473004556936 0.266868720766491 0.278297794270082 0.294004994038956 0.307456133002495 0.317966845112655 0.328788657653642 0.340438783959615 0.361701512187888 0.382522139083077 0.402646114357235 0.424709135897501 0.447545989389165 0.469071792063885 0.489456858393831 0.507650240653194 0.538692559710041 0.576343947745834 0.571880606202341 0.561207979348282 0.538005721646904 0.513234935101237 0.487479831771545 0.458128926364076 0.425884249300085 0.385759833506657 0.355567605133504 0.33291388724898 0.34000337685612 0.370387375022236 0.476550013104608 0.579954211727118 0.680838421316569 0.696917899926983 -9999 -9999 -9999 -9999 -9999 -9999 -9999
0.3004390420795 0.305881260100496 0.300130166752622 0.295111915534064 0.294502289749836 0.294260616284369 0.294294369791413 0.290450545834005 0.28495714194935 0.275007660350657 0.278865728578833 0.29516696382532 0.297640464999836 0.295554936643124 0.283108939440757 0.263528353449394 0.236220775691972 0.244729247280556 0.260836095096123 0.265811808535313 0.271270724044685 0.277359418831023 0.288816233122275 0.302714968857467 0.32553049854753 0.347571165038831 0.368390822537174 0.38836596402603 0.408222183060811 0.437411507960951 0.46081627452209 0.473107233387856 0.500678285073774 0.536108912150621 0.536672626006351 0.531386731441921 0.514044635485081 0.463857632643281 0.393059091011932 0.415720201374222 0.428512962503815 0.391516401306083 0.349144970471728 0.302694024278249 0.312556103104624 0.349562925206793 0.46409654157101 0.57412475197358 0.680037021541478 -9999 -9999 -9999 -9999 -9999 -9999 -9999 -9999
0.282804465491779 0.286632130714481 0.290211336626619 0.29171016070386 0.287145018879169 0.286745440702233 0.289463952902256 0.287168899010612 0.281599840150721 0.26592300760107 0.261544489691392 0.267347851829473 0.281607794382159 0.291035091769838 0.267389563177508 0.247572582165718 0.231902042736718 0.234000380186257 0.239923667205349 0.240745408461594 0.242920102649267 0.246858162044797 0.253186060903176 0.261437701779957 0.284739113056611 0.306641141505786 0.32633805940167 0.346065549355155 0.366016424481417 0.394430675687395 0.419582772007262 0.438467326372831 0.460935747209552 0.485247590665009 0.450067114793367 0.426852979363506 0.435167641490664 0.429186966614689 0.414235375968371 0.431278926371657 0.437851712909804 0.406156451529412 0.356687206597717 0.293727543517774 0.312039590128215 0.35516467096816 0.454327807758422 0.502217669691668 0.503266521623157 -9999 -9999 -9999 -9999 -9999 -9999 -9999 -9999
0.269398518643112 0.270548849871788 0.279527501504091 0.284604292338064 0.276636927832203 0.27677743853499 0.282987016908677 0.281555134831873 0.275823546235152 0.257315553772453 0.247228149860645 0.244729260279405 0.263774755229568 0.278527584513833 0.250491755722203 0.232069138562865 0.224057942345217 0.220267277433971 0.217569961766541 0.215067760637607 0.214347951702512 0.215951215734966 0.218437608819794 0.22266537306389 0.246102118965935 0.267942979797214 0.287269087022634 0.307533326181346 0.328316965187399 0.35429193759847 0.379202124764426 0.402066551864087 0.413747996324966 0.419677283637361 0.371245016209579 0.345275509710225 0.375482548699479 0.40843631505588 0.443113766544669 0.456852202816361 0.459976301268273 0.435877483677866 0.382677799426165 0.307390615284302 0.328234883201434 0.370897762520688 0.450559153982334 0.48859051750478 -9999 -9999 -9999 -9999 -9999 -9999 -9999 -9999 -9999
0.270155731080832 0.266547991723475 0.266937174723774 0.265429101944013 0.257540023055318 0.260526672764865 0.271654238699006 0.269079129292898 0.2624195233273 0.24665829532556 0.238877882267859 0.238289665837086 0.24040331149823 0.240683979298513 0.228903676533602 0.216041264998501 0.202006894461342 0.195888079506227 0.191711822906847 0.187079421820031 0.183734683064828 0.182068213303533 0.185432287742027 0.191699171175129 0.214459790411936 0.236705198278538 0.258138749655763 0.280853779002413 0.304029925319549 0.324319150912311 0.343523746198906 0.360644453323799 0.345566157617682 0.313925757659862 0.323926715398808 0.342806669744127 0.380578619463232 0.424876365261858 0.473269318256437 0.500670588987038 0.51748241469058 0.507157229482635 0.458950189419524 0.381990896899768 0.3874140178927 0.410875311780808 0.463477542279503 -9999 -9999 -9999 -9999 -9999 -9999 -9999 -9999 -9999 -9999
0.269002261565063 0.263935128892643 0.259910419454466 0.255253498301171 0.248528579992673 0.249651730791109 0.256649474040731 0.25486434363805 0.249474387908934 0.234492222122725 0.228550937140429 0.230757165022206 0.225659218897107 0.218874730663581 0.210349432176363 0.199031992063135 0.184690571732977 0.177229883197339 0.171475139209771 0.165455886533575 0.160060703610487 0.155478899234678 0.159165718975065 0.166745859845996 0.189808642616735 0.212468106619371 0.234492031544054 0.25659897034943 0.278175491069432 0.277056153622276 0.282784453209392 0.301669041782913 0.28959380156379 0.261593847316419 0.291121184421575 0.326917723583877 0.374577217543269 0.431402333090498 0.493979255624111 0.537431055950992 0.566837224134987 0.558359592409022 0.515668851261946 0.447010428142495 0.428755969840209 0.419367186027429 -9999 -9999 -9999 -9999 -9999 -9999 -9999 -9999 -9999 -9999 -9999
0.266448030979414 0.262339834580922 0.256962435310768 0.251675680722661 0.246911000736231 0.242717918150121 0.238952698994784 0.23937482176091 0.236865672547056 0.221220005132891 0.216774848196479 0.222423431591448 0.217240018608554 0.208820605605007 0.194019355853191 0.1813032346367 0.170845375458866 0.162765873332606 0.155359662359021 0.148498522394834 0.141474062801343 0.134236741292712 0.137839471060195 0.146200724873997 0.170282876270567 0.193363367730689 0.214865469879969 0.234121788436252 0.251171967077918 0.217117339794746 0.203672477504885 0.22982492781159 0.242572473677101 0.248424979158772 0.268955269818918 0.301190215712142 0.360440025320259 0.430660078904274 0.507764414731257 0.569017214108043 0.610216141432536 0.594842804264896 0.55805226431279 0.505006110063852 0.4570211084865 -9999 -9999 -9999 -9999 -9999 -9999 -9999 -9999 -9999 -9999 -9999 -9999
0.269476913119995 0.261166403858288 0.258756310188085 0.255702310769887 0.249567308952889 0.245312647214512 0.242465494951526 0.237074861829872 0.229925825644125 0.217277821543642 0.207751651838609 0.201038834775659 0.200543365305101 0.19907502355353 0.186633723627913 0.174022253314887 0.161226482936191 0.152354771161307 0.144579573670203 0.137594459014375 0.129966919888759 0.121502079677212 0.117461264883642 0.116220315699686 0.132756268541024 0.150190427587301 0.169039956282718 0.182173046282328 0.19241075135482 0.181843852317187 0.183858421409469 0.210045625494223 0.220151861345635 0.22198657792837 0.237418467269081 0.264678067559208 0.319301363234848 0.395952111054519 0.48642599699091 0.543683762945701 0.58241053053184 0.572886217756622 0.547308466217002 0.509546186598803 -9999 -9999 -9999 -9999 -9999 -9999 -9999 -9999 -9999 -9999 -9999 -9999 -9999
0.272568660332153 0.261685096413881 0.261145664992447 0.259383474261033 0.251943910594609 0.247749248903529 0.245983525641693 0.23585742212458 0.224870639744935 0.214544017686899 0.199822617321916 0.181140705413069 0.185022527915738 0.190135182919762 0.180048293913371 0.167766364567111 0.153107135122142 0.143745905283824 0.135878644009692 0.12918107406587 0.121224301863678 0.111626353977923 0.101176976471848 0.0918349220954809 0.100873317106361 0.112277445877504 0.127409435516014 0.134916564599931 0.139447700558469 0.151822901787036 0.168174733274532 0.192166820315398 0.198263626052066 0.19515568976212 0.206860243804316 0.229436550302935 0.277043456306712 0.355012192933099 0.452034235199584 0.503069068975391 0.537954479625939 0.534483789933636 0.51743415250934 0.49007812077625 -9999 -9999 -9999 -9999 -9999 -9999 -9999 -9999 -9999 -9999 -9999 -9999 -9999
0.273473729760284 0.268271333569978 0.263680173433717 0.258493931528965 0.251435675606434 0.245473517613225 0.240331832596695 0.232924179306713 0.224320920790415 0.212231450124917 0.194742474565132 0.172387542187645 0.177431097795889 0.184037890771461 0.172543443781413 0.160770428463446 0.148695714583756 0.140038164274106 0.132546093156751 0.127345090623498 0.119626011122118 0.108625007162651 0.0996039464154466 0.0922040775996775 0.0976356197528818 0.104221113292116 0.112624972992023 0.11776079390961 0.121660787322836 0.130517356379186 0.142056821823608 0.158750906303094 0.167683594948552 0.17262407776029 0.183976611125795 0.203560905646603 0.242349717712654 0.305768538872788 0.384643710376911 0.430669406793276 0.462836243356459 0.460653255604114 0.468926112937435 0.485134935885431 -9999 -9999 -9999 -9999 -9999 -9999 -9999 -9999 -9999 -9999 -9999 -9999 -9999
