layers/veg/veg_3500.asc
NCOLS 255 
NROWS 330 
XLLCORNER -2985163.8955 
YLLCORNER -3022031.214 
CELLSIZE 25000 
NODATA_value -9999 
[rows 125 to 149 of 330, columns 171 to 227 of 255]
0.275146199493086 0.296630248478675 0.303397887083048 0.302383993278247 0.261642069875357 0.225799376776212 0.197788262440476 0.197114098829669 0.207832412526502 0.210841554517192 0.215043210730306 0.221570982516341 0.224182513482667 0.224748962978975 0.245763435474826 0.263230959583675 0.270872869671357 0.275468590141108 0.278125110903855 0.244663770170323 0.226813361834541 0.26493941898432 0.251163263144342 0.197444096971654 0.210463448572812 0.236808660607272 0.281000941125687 0.324626848184366 0.367728243366699 0.403342252001174 0.439047412726659 0.483170584203554 0.506992476816351 0.508219770290349 0.529609640855642 0.553739847514608 0.556870406094985 0.564235557179996 0.577275059674061 0.572606534688381 -9999 -9999 -9999 -9999 -9999 -9999 -9999 -9999 -9999 -9999 -9999 -9999 -9999 -9999 -9999 -9999 -9999
0.249074083341516 0.267548436869063 0.284396107173526 0.29729356798596 0.262634836434033 0.231011170766994 0.204239156493333 0.204556365483983 0.216097285253284 0.21692718183958 0.219628939854102 0.225981946580524 0.234699476305888 0.244651772327092 0.259906532331422 0.272978275513531 0.280453874894791 0.286862440793666 0.292591734790287 0.260439991125053 0.240632781435195 0.26725863996998 0.255635794694421 0.214577434370384 0.231717886081002 0.255293333056127 0.273838785366403 0.311406959604978 0.366591855461295 0.394982270674558 0.419363739709219 0.450280014929969 0.481221161033846 0.512189987543389 0.542007481086518 0.56832146040777 0.568565671568948 0.575759474293588 0.592265725533009 0.596468583582542 -9999 -9999 -9999 -9999 -9999 -9999 -9999 -9999 -9999 -9999 -9999 -9999 -9999 -9999 -9999 -9999 -9999
0.241752108195028 0.239395707297073 0.260370322848975 0.285313793626766 0.256352602879107 0.23214017612963 0.215518802867103 0.219481259722425 0.231875954564969 0.231625458358736 0.23242844557646 0.235286355202824 0.244142849523432 0.256131836193026 0.265037914384443 0.274285678838023 0.284548926645185 0.294463271777221 0.304155505993577 0.278651386126444 0.257860064387227 0.259620809999872 0.251109443524306 0.234692844195584 0.257623106128647 0.2763159489996 0.257503806567555 0.290684066353639 0.3720138853651 0.38165602786729 0.380064683158777 0.393194318905214 0.437493668789554 0.516483798546993 0.55459299311547 0.578267679262502 0.572187392123185 0.575759474293588 0.592265725533009 -9999 -9999 -9999 -9999 -9999 -9999 -9999 -9999 -9999 -9999 -9999 -9999 -9999 -9999 -9999 -9999 -9999 -9999
0.253660906136281 0.259728939109487 0.276712371692994 0.293986202184136 0.264159551826054 0.240098721795366 0.225254742827009 0.228075063374352 0.238267674179112 0.243986088627642 0.249432528682935 0.254348456095571 0.262988573366232 0.273573482088723 0.285240305991296 0.296254269438061 0.305625845583291 0.31349643431108 0.320411496717401 0.302427221670532 0.284810119772131 0.274106363244369 0.280710767771024 0.300635221983674 0.323970911389846 0.339567975563919 0.322640947573566 0.344490635380131 0.402250988864272 0.402532170651067 0.395493281162833 0.40943727265213 0.441909848846797 0.495004078821489 0.559520086518613 0.619621740151631 0.619215546197043 -9999 -9999 -9999 -9999 -9999 -9999 -9999 -9999 -9999 -9999 -9999 -9999 -9999 -9999 -9999 -9999 -9999 -9999 -9999 -9999
0.269996386655164 0.286136140472864 0.295217259271181 0.299590786533908 0.2712861867019 0.248388767188033 0.23413490103338 0.235294955463083 0.243053874114875 0.2546798452829 0.265009603063146 0.272810969910651 0.280923746031335 0.28919914170569 0.304899263976075 0.318324767887531 0.325801615679159 0.331051743759819 0.334884345437765 0.320477780916333 0.305560299472993 0.293330430651794 0.316234593115428 0.366177274628658 0.38717223689352 0.399642084888179 0.393469745786715 0.405160999354892 0.433395518410519 0.427842608452043 0.420398483628064 0.438411823536393 0.457168935852227 0.476753840323945 0.558972960227189 0.64427922113419 0.620147583257787 -9999 -9999 -9999 -9999 -9999 -9999 -9999 -9999 -9999 -9999 -9999 -9999 -9999 -9999 -9999 -9999 -9999 -9999 -9999 -9999
0.291979223375139 0.302622075502733 0.291716489360562 0.274111622473451 0.263916096408277 0.252792382932202 0.240184931733057 0.241051869030244 0.247720538731246 0.259326088954832 0.270447259296024 0.280623599322857 0.287016264578507 0.291433075049084 0.309926536197569 0.32435870402195 0.328118849846975 0.332446883621213 0.337136434005658 0.306887309285488 0.289090398877607 0.317369958878231 0.352598567068258 0.393175037856873 0.403091955030463 0.410856541843633 0.426185975347041 0.438837076689733 0.449007805756942 0.446865342677682 0.446552137320548 0.469220902197687 0.485430131180777 0.494450127154175 0.538550097512255 0.587386514512747 0.59943121978676 -9999 -9999 -9999 -9999 -9999 -9999 -9999 -9999 -9999 -9999 -9999 -9999 -9999 -9999 -9999 -9999 -9999 -9999 -9999 -9999
0.30643121098839 0.311109085317146 0.288550735124232 0.259089760275371 0.260854489734267 0.257672887817032 0.246584414542374 0.24931596512869 0.257878896762118 0.26591893330041 0.274349450338784 0.28354163776656 0.29133870467262 0.29840723233435 0.320274016401566 0.33715325314012 0.341080699672448 0.345031218426426 0.348996424921835 0.316550344646995 0.300636295717083 0.343573867110582 0.37881708618993 0.408138870010856 0.415131972203666 0.423453855531993 0.448786668535044 0.460044765255198 0.458268430859813 0.452326683671688 0.452636486500301 0.491371776342593 0.513426895330251 0.51691757921261 0.5376968724245 0.560501475131322 0.56265660510867 -9999 -9999 -9999 -9999 -9999 -9999 -9999 -9999 -9999 -9999 -9999 -9999 -9999 -9999 -9999 -9999 -9999 -9999 -9999 -9999
0.313106133185986 0.311335650157299 0.285730949686015 0.254867094755174 0.262242229804185 0.263045873428854 0.2533447745752 0.260169214492388 0.273708495621487 0.274522021187262 0.276665975136241 0.281405059711448 0.293833194727475 0.31027659216031 0.336115645395225 0.356929449172132 0.365035184076169 0.369170571768516 0.370778442426371 0.350227145582625 0.341113948622177 0.372012918372862 0.394558451304749 0.410675329388476 0.423165444064302 0.43747923757226 0.460941104339962 0.468376419031877 0.460969730172691 0.443783250330795 0.43799537805498 0.504581371496002 0.541150582891885 0.544312186703696 0.557053101786094 0.570212040471393 0.566192517056622 -9999 -9999 -9999 -9999 -9999 -9999 -9999 -9999 -9999 -9999 -9999 -9999 -9999 -9999 -9999 -9999 -9999 -9999 -9999 -9999
0.297530485451071 0.299703250248327 0.288999501673901 0.275250186020984 0.279305884431706 0.278434755967055 0.269687934722933 0.273247684872132 0.281912000801703 0.285975642577512 0.289772785060092 0.293050094617835 0.307895012902742 0.328780597058164 0.351697261499822 0.370779077862943 0.380481524236825 0.375278086019106 0.360585584197956 0.347394936316851 0.344292948382987 0.371584689440951 0.399850465875815 0.428865842431421 0.436934737353969 0.443401418004079 0.454513164903688 0.45566992657291 0.44760749215792 0.453782147922421 0.468832865254414 0.517119855002567 0.547437441704095 0.557755723863288 0.56589137973083 0.5726248860698 -9999 -9999 -9999 -9999 -9999 -9999 -9999 -9999 -9999 -9999 -9999 -9999 -9999 -9999 -9999 -9999 -9999 -9999 -9999 -9999 -9999
0.280123597434014 0.286872570100529 0.293236941071824 0.299086169689169 0.299541950687984 0.296830554712556 0.289056323476558 0.288218429596613 0.290464235567444 0.299802565249435 0.306860103568091 0.30946873535878 0.324233038035561 0.345345095722626 0.364712516749491 0.381621435561471 0.392706036151527 0.379360312975029 0.350462282610815 0.341832817367133 0.342661336350917 0.367594421887248 0.40404390970114 0.449356213735586 0.451460769257612 0.448647712163703 0.449012377517165 0.446941737353161 0.442615789062535 0.474395382840118 0.510517705416748 0.532069993877803 0.551813745820324 0.569544661136259 0.580700309731224 -9999 -9999 -9999 -9999 -9999 -9999 -9999 -9999 -9999 -9999 -9999 -9999 -9999 -9999 -9999 -9999 -9999 -9999 -9999 -9999 -9999 -9999
0.285798529258177 0.284829790588777 0.294345208138309 0.307123092215035 0.316338019002275 0.319703585522778 0.313718759674604 0.312523023801073 0.313578201121301 0.325240738478014 0.333819066031847 0.336381340847915 0.33759174964695 0.338096206930575 0.360661873093846 0.381449515607529 0.396580045698528 0.398461152995385 0.391907697765628 0.376015582657668 0.367863225773388 0.385469528992953 0.417451927447765 0.460497910429095 0.461975835882791 0.462238721191961 0.479521203363144 0.498931070772926 0.520311084918983 0.53768065945183 0.553418468090291 0.564520127298972 0.577431265761768 0.592356290082221 0.592469945228674 -9999 -9999 -9999 -9999 -9999 -9999 -9999 -9999 -9999 -9999 -9999 -9999 -9999 -9999 -9999 -9999 -9999 -9999 -9999 -9999 -9999 -9999
0.300274776488058 0.29844718213673 0.305462766638663 0.316279744644988 0.33875270261305 0.351024939511874 0.34699099247069 0.346488310036715 0.347677688588461 0.358204285408896 0.365612769220526 0.366939068776804 0.36293455763056 0.356146269211724 0.386481619963922 0.413099793770791 0.428448516729881 0.437083244434498 0.441443852907123 0.427253199610889 0.419218264247634 0.434258846895204 0.454888887823469 0.479820475391068 0.481241071813918 0.484656376980871 0.508348450473907 0.535869539260876 0.566936634595045 0.578278725396943 0.585826812935874 0.593599503828031 0.602573364835713 0.612884085330892 0.618057099547087 -9999 -9999 -9999 -9999 -9999 -9999 -9999 -9999 -9999 -9999 -9999 -9999 -9999 -9999 -9999 -9999 -9999 -9999 -9999 -9999 -9999 -9999
0.325681844892011 0.331513772073575 0.329011395916427 0.32682704912871 0.368145443050633 0.39283871487574 0.390956189059116 0.392451722932154 0.395420679327885 0.40051399372771 0.403410993762095 0.402023867911511 0.403161051556443 0.405616442842715 0.449398991698598 0.484271750336699 0.495084796690239 0.499949815081107 0.50102832786032 0.49967214288654 0.503054287920763 0.521442165509562 0.522168668592799 0.509303295265976 0.511373607860667 0.51803631429928 0.535087255619184 0.554115539009674 0.57497501590296 0.590700339152423 0.605204066669033 0.618492558300618 0.627125013477476 0.630575466181757 0.626667263569585 -9999 -9999 -9999 -9999 -9999 -9999 -9999 -9999 -9999 -9999 -9999 -9999 -9999 -9999 -9999 -9999 -9999 -9999 -9999 -9999 -9999 -9999
0.337653317161147 0.35313295594328 0.349169271571888 0.341482481776402 0.372912815879032 0.392941541347791 0.394744425100657 0.399434448122953 0.40522323138369 0.405302323048208 0.40503997202233 0.404111603648856 0.405698515807881 0.408598920636463 0.455455177206403 0.490181125591548 0.49291335605314 0.499068305025396 0.507402151428714 0.531450016376953 0.556217466451878 0.579520820224598 0.577774163028074 0.556749467587277 0.555589250326189 0.558113593765939 0.564830842951294 0.574992423017431 0.588343757868127 0.599576530349547 0.611676369082617 0.63073595179192 0.641086491638703 0.641744177469808 0.642201113086392 -9999 -9999 -9999 -9999 -9999 -9999 -9999 -9999 -9999 -9999 -9999 -9999 -9999 -9999 -9999 -9999 -9999 -9999 -9999 -9999 -9999 -9999
0.345136349798576 0.370059847992085 0.368247222765267 0.359053304671839 0.372054824713687 0.381971991173471 0.386958718255118 0.394678707209297 0.403270680861235 0.398571992516658 0.395469650593849 0.395481138428054 0.395880663560718 0.396482823803245 0.442560311627795 0.474660649481903 0.470216681012299 0.480895501946223 0.501201467759038 0.552607406415056 0.599678549519499 0.626302805302421 0.627953501302991 0.610384994518741 0.607712661617686 0.605843357584283 0.599334824154405 0.598675192103222 0.60343215961894 0.608699848185634 0.617059055732067 0.641700634348018 0.653989467689341 0.652530136217389 0.661947578477558 -9999 -9999 -9999 -9999 -9999 -9999 -9999 -9999 -9999 -9999 -9999 -9999 -9999 -9999 -9999 -9999 -9999 -9999 -9999 -9999 -9999 -9999
0.348820960752821 0.374044643085266 0.386957229963939 0.395037866959318 0.393319845161224 0.391210949933346 0.388477230832717 0.393257407164582 0.400875017946847 0.392595411599445 0.385555546186947 0.38093391666702 0.378040619115463 0.376049865571098 0.414088798856723 0.444854186605612 0.455588523234456 0.489481551390375 0.538117367572204 0.595332144118253 0.64055954598902 0.647261294611515 0.657768629829317 0.671204676097037 0.699630887640362 0.716013478069162 0.67669115966464 0.644647605446094 0.619344830116545 0.632827161926229 0.654813927874925 0.68204179505301 0.6916205586773 0.681556499668266 0.676367308359847 -9999 -9999 -9999 -9999 -9999 -9999 -9999 -9999 -9999 -9999 -9999 -9999 -9999 -9999 -9999 -9999 -9999 -9999 -9999 -9999 -9999 -9999
0.354289682236686 0.377257885168142 0.398504531262541 0.417057682837181 0.406054165260478 0.396808594721277 0.390373159618163 0.390992601960006 0.394351274582144 0.38630581897718 0.378517289696628 0.371229920329366 0.366046720793017 0.361962329764387 0.391370474456227 0.419905481140068 0.444258693792062 0.49666121473674 0.566919882949019 0.627670050996495 0.674326686145508 0.680248788150144 0.694490440647297 0.715134669684911 0.754792578382037 0.778273046493398 0.727518062042904 0.688542907418963 0.660476916243919 0.68625833430334 0.720922096143434 0.746946774453791 0.753202494370444 0.737456068841609 0.754063778331177 -9999 -9999 -9999 -9999 -9999 -9999 -9999 -9999 -9999 -9999 -9999 -9999 -9999 -9999 -9999 -9999 -9999 -9999 -9999 -9999 -9999 -9999
0.362433215832368 0.379314383146542 0.399313208368962 0.418140974763878 0.405998907452389 0.396947031375301 0.392834926353212 0.387463179019856 0.381638542696974 0.379546946292998 0.375790623049718 0.36878708736004 0.362817605928289 0.357388113046587 0.377277567416206 0.402239725997848 0.437873854267023 0.501732366023006 0.583558477650574 0.64443559257968 0.697428439426055 0.731270661101987 0.741567034501135 0.733742946231385 0.754847354991518 0.768703138655857 0.73857094376327 0.729324118331976 0.739418990743407 0.783623060517316 0.829538695715821 0.848678844255754 0.850692524569014 0.833645056723309 0.804856185725813 -9999 -9999 -9999 -9999 -9999 -9999 -9999 -9999 -9999 -9999 -9999 -9999 -9999 -9999 -9999 -9999 -9999 -9999 -9999 -9999 -9999 -9999
0.37282723878429 0.387109701586426 0.406266818352576 0.424742262143857 0.410849554468758 0.398586519558 0.388928569491438 0.379536000949322 0.370280449803811 0.362188607197524 0.350423138003882 0.331491901012039 0.332120683577642 0.342963810815003 0.378634246143135 0.418663505668861 0.467672589965204 0.531707296555408 0.605307291589339 0.661355198484974 0.709681213716603 0.738560901853118 0.746078828361393 0.737157127033181 0.758293491696013 0.778003366688754 0.776252369263291 0.772801544393666 0.767776529090366 0.813422124466958 0.86168213781899 0.870556868136487 0.870135774614011 0.859368760781041 0.857121642110023 -9999 -9999 -9999 -9999 -9999 -9999 -9999 -9999 -9999 -9999 -9999 -9999 -9999 -9999 -9999 -9999 -9999 -9999 -9999 -9999 -9999 -9999
0.384282709306 0.397184011052832 0.41543096554114 0.4330539467534 0.416907354136599 0.40013061080402 0.382346551085506 0.369989642660525 0.359752004005526 0.341306033050175 0.31701234624972 0.281312118011406 0.291137982910611 0.324737812119997 0.385050513525525 0.446582619692574 0.50940227461833 0.569541831494356 0.627975242002413 0.676980513282227 0.716259292000908 0.728092544307578 0.73433339036323 0.736270421074567 0.76438479133456 0.795247017257756 0.8232648122181 0.816561875113798 0.777704471711107 0.817558732197328 0.863829529056169 0.861735836308166 0.86317845584943 0.868556864812654 -9999 -9999 -9999 -9999 -9999 -9999 -9999 -9999 -9999 -9999 -9999 -9999 -9999 -9999 -9999 -9999 -9999 -9999 -9999 -9999 -9999 -9999 -9999
0.400485893561197 0.407969154195752 0.419235668020982 0.429236649464186 0.403828675345633 0.383437433543801 0.371065601289492 0.363288817046239 0.35716288460962 0.337361001563659 0.306048511633454 0.252283457680335 0.263329880053371 0.308221194857961 0.364720226154569 0.424313313056426 0.490653288705519 0.556372599068432 0.621696794848188 0.656511494937542 0.685089902820978 0.701764446473109 0.734527723442028 0.779672600425565 0.805488775567167 0.826810405588154 0.840440980880593 0.839666757660549 0.825552418009713 0.844474578319625 0.866438223450769 0.869998203475861 0.871256015759727 0.869951597476175 -9999 -9999 -9999 -9999 -9999 -9999 -9999 -9999 -9999 -9999 -9999 -9999 -9999 -9999 -9999 -9999 -9999 -9999 -9999 -9999 -9999 -9999 -9999
0.417739085544905 0.420209696031474 0.423620825029117 0.425220932763177 0.397115219058769 0.376560122347446 0.368074932137252 0.361712705743542 0.355889703865585 0.333271965667623 0.297649596616339 0.236660423732302 0.242174410583504 0.282416695803822 0.345316646672739 0.410467609287695 0.479646627358908 0.546470494740766 0.61179507675317 0.647773153579615 0.677610001895853 0.695562028476482 0.741765790188677 0.809711579519228 0.833247366163491 0.848249219210968 0.852699559379934 0.854632764061434 0.85423487883246 0.860671742835824 0.868355691604499 0.875594268359186 0.879513288746921 0.879737761321582 -9999 -9999 -9999 -9999 -9999 -9999 -9999 -9999 -9999 -9999 -9999 -9999 -9999 -9999 -9999 -9999 -9999 -9999 -9999 -9999 -9999 -9999 -9999
0.436906691581211 0.435103776154559 0.429064288824608 0.420843450238992 0.40200707869377 0.387579471738274 0.380199418172421 0.369480168613931 0.357015792554618 0.328920375451522 0.293927140630016 0.245479038007144 0.233148275496374 0.239678177181194 0.327602676283703 0.411980138858594 0.482756066824551 0.542525142704639 0.595287273181753 0.660422628958794 0.713321677549091 0.726053515918335 0.761846260234217 0.815386263317079 0.836674127173206 0.851228522898304 0.855992200336503 0.854759661717761 0.847974097121291 0.857326199108208 0.869012889768673 0.876329029441528 0.880070664023461 0.879834001957698 -9999 -9999 -9999 -9999 -9999 -9999 -9999 -9999 -9999 -9999 -9999 -9999 -9999 -9999 -9999 -9999 -9999 -9999 -9999 -9999 -9999 -9999 -9999
0.448558886840266 0.450854894151113 0.442194851796858 0.4296320636891 0.413899873982639 0.401501314838722 0.394431672422547 0.380810411141274 0.364274975196409 0.340969622910151 0.317077132261562 0.292039370837671 0.268220428023067 0.245037958670622 0.331062535231033 0.415429972413745 0.48903321133151 0.554659262687096 0.615207048496694 0.689973351260011 0.748132263919701 0.752374511854566 0.772383223206156 0.804525521449094 0.822585879017056 0.836857133483016 0.843481502671302 0.848863242158576 0.853094196726679 0.863675674002939 0.874283271221519 0.878313856725355 0.880436892037692 -9999 -9999 -9999 -9999 -9999 -9999 -9999 -9999 -9999 -9999 -9999 -9999 -9999 -9999 -9999 -9999 -9999 -9999 -9999 -9999 -9999 -9999 -9999 -9999
0.456546680230935 0.467023890993933 0.459073529332726 0.444840268578387 0.429206220766013 0.416838370452199 0.409691642923179 0.393877811732034 0.374524562701698 0.361015673471054 0.35332972735387 0.35700200103965 0.324794245903023 0.273849751769365 0.3448464366134 0.419824406410567 0.496854881429409 0.574633492685353 0.652888366339163 0.727764868726633 0.782503492635925 0.776662038521021 0.778266914894864 0.785602353387737 0.799957574406974 0.814025805668152 0.823265333503778 0.840029943230771 0.86376344381001 0.874752294945537 0.881802971835122 0.880908197588692 -9999 -9999 -9999 -9999 -9999 -9999 -9999 -9999 -9999 -9999 -9999 -9999 -9999 -9999 -9999 -9999 -9999 -9999 -9999 -9999 -9999 -9999 -9999 -9999 -9999
