layers/veg/veg_5400.asc
NCOLS 255 
NROWS 330 
XLLCORNER -2985163.8955 
YLLCORNER -3022031.214 
CELLSIZE 25000 
NODATA_value -9999 
[rows 150 to 174 of 330, columns 56 to 111 of 255]
-9999 -9999 -9999 -9999 -9999 -9999 -9999 -9999 -9999 -9999 -9999 -9999 -9999 -9999 -9999 -9999 -9999 -9999 -9999 -9999 -9999 0.363456164268463 0.363557436329445 0.307014610806925 0.24320413757268 0.168989379507795 0.0975050508014285 0.0280363395406013 0.0442242417099541 0.0687738246614924 0.0863609704809369 0.0908621208134747 0.0837301568136389 0.0811962354170499 0.0736695390674916 0.0367809157355401 0.0126313876499084 0.00209208478354803 0.0136026887136621 0.0333556672604789 0.0735976625454841 0.098860338477947 0.104867909500091 0.114632581386647 0.128763579816666 0.182551968072306 0.227266781540195 0.257886613442095 0.270201577146177 0.275553957410774 0.299391650604571 0.313416581174057 0.308870303450204 0.305648036815575 0.303096526189021 0.305361440603018
-9999 -9999 -9999 -9999 -9999 -9999 -9999 -9999 -9999 -9999 -9999 -9999 -9999 -9999 -9999 -9999 -9999 -9999 -9999 -9999 -9999 -9999 0.364352919690262 0.324326561337315 0.276714362901191 0.214676556638513 0.131229928080783 0.031979193267106 0.0487545285706092 0.0760973791079788 0.0911780311230744 0.0914156401916704 0.078458164804542 0.0799416957318585 0.0760430359268874 0.0318778010197153 0.0064594197728352 0.00106984712937662 0.0149325205812994 0.03339446013651 0.0506125513623126 0.0664844297303836 0.0806258242762478 0.114505649488999 0.153949260731383 0.183055104934364 0.210914264963507 0.236836813363841 0.25021389993009 0.259012302897463 0.287264710805694 0.303181691009014 0.295753176567652 0.294079645005521 0.295321639887262 0.298553295480967
-9999 -9999 -9999 -9999 -9999 -9999 -9999 -9999 -9999 -9999 -9999 -9999 -9999 -9999 -9999 -9999 -9999 -9999 -9999 -9999 -9999 -9999 -9999 0.327285386896278 0.286584598801311 0.242316208510128 0.150187632749321 0.0227284140336171 0.0401387017975272 0.0701668103366448 0.082732518272782 0.0766988095696799 0.0541306965489076 0.0643012930204734 0.072390776239947 0.0402460021955049 0.0168464738623571 0.00279021217626335 0.0113285159982541 0.026916208070026 0.0532110753845687 0.075101364664742 0.0913298070918355 0.123797558503854 0.160060470360426 0.177972214545343 0.202895570188758 0.238710832998555 0.254458598483293 0.262655574911365 0.294005968450199 0.311840988886503 0.30409740127338 0.303674449864774 0.306960199053223 0.309248933336594
-9999 -9999 -9999 -9999 -9999 -9999 -9999 -9999 -9999 -9999 -9999 -9999 -9999 -9999 -9999 -9999 -9999 -9999 -9999 -9999 -9999 -9999 -9999 0.311887817579034 0.299528122179931 0.257585717866395 0.163079967361499 0.0297716756926082 0.0419025064045489 0.068156263335981 0.0823097702188472 0.0782512917260469 0.0580028253712896 0.065795357934973 0.0722071570937215 0.0461845862676469 0.02493281287673 0.00877807552428502 0.0150355684568744 0.029294985690468 0.0616111050750988 0.0821623870611998 0.0875906068420024 0.112910212149552 0.144775638623385 0.178040324417382 0.213515123101734 0.252423133191405 0.2636177315783 0.264384155164762 0.297109499371399 0.316525404973518 0.310752445211709 0.310942626919049 0.314153790097004 0.317609269076938
-9999 -9999 -9999 -9999 -9999 -9999 -9999 -9999 -9999 -9999 -9999 -9999 -9999 -9999 -9999 -9999 -9999 -9999 -9999 -9999 -9999 -9999 -9999 0.32112937950333 0.314305315349072 0.265474610604948 0.172353413106795 0.0465367387642789 0.049859293813078 0.0684845881620979 0.0866737860281859 0.0895108213236019 0.0787001778763112 0.077512662908218 0.0740930942184861 0.0506735449739037 0.0316464356192246 0.0173121317587949 0.0231047460104826 0.0369582893711241 0.0734725895621198 0.0882950778787214 0.075233915175795 0.0899829602463931 0.116724908816544 0.181181766555194 0.235255142932406 0.273198715808378 0.275709050555639 0.264970339054671 0.298042589145991 0.318838217131166 0.316399643393474 0.316822626931763 0.318695301300389 0.324576252268753
-9999 -9999 -9999 -9999 -9999 -9999 -9999 -9999 -9999 -9999 -9999 -9999 -9999 -9999 -9999 -9999 -9999 -9999 -9999 -9999 -9999 -9999 -9999 0.314839237683889 0.309087391316187 0.28928710100893 0.214712551400796 0.0997033528357257 0.0770742584416437 0.0719258987859869 0.0908451202524262 0.0946833390888926 0.0851149334146875 0.0793998536851458 0.0730385474268257 0.059917472220143 0.0483042341203458 0.0383019426554454 0.0387785769555947 0.0461200753088484 0.0849136012372496 0.103009026684385 0.0944981633655712 0.109007846284616 0.135067210888379 0.212763732695433 0.26874497548091 0.290993487267947 0.283519396134485 0.265377053826281 0.29962947508755 0.319950152406698 0.313904216311838 0.314057389926591 0.317351088659511 0.326798208281563
-9999 -9999 -9999 -9999 -9999 -9999 -9999 -9999 -9999 -9999 -9999 -9999 -9999 -9999 -9999 -9999 -9999 -9999 -9999 -9999 -9999 -9999 -9999 0.303204064011039 0.305003805917905 0.31133139433748 0.255114495314758 0.152726923676838 0.102740026671284 0.071361141603066 0.0860677399007792 0.0892300763627871 0.0821298601629065 0.076184490839956 0.0706777428115799 0.0663346396283939 0.0609973964955096 0.0545980317320664 0.051355800572121 0.0539810694462118 0.0940693779440234 0.115725847112805 0.113689183662022 0.132244193806907 0.161528803256011 0.242018008323712 0.296044705751737 0.308964279901892 0.293630775524494 0.2683597197085 0.300030433412076 0.318590768039145 0.312338968718197 0.313112383206533 0.317444834631146 0.330009806819844
-9999 -9999 -9999 -9999 -9999 -9999 -9999 -9999 -9999 -9999 -9999 -9999 -9999 -9999 -9999 -9999 -9999 -9999 -9999 -9999 -9999 -9999 -9999 0.302828611463305 0.307422770207122 0.325765765653534 0.284531217152185 0.199316209471799 0.120859008761622 0.0590176373270713 0.0561633520086396 0.0549115587300195 0.0550843397709075 0.0602524664921909 0.0651317184587714 0.064016540956098 0.0608962942300311 0.0556338668244927 0.053966870016093 0.0579366273344599 0.096869988897068 0.121405818686384 0.127434400034044 0.160368972832588 0.203129621007708 0.2600151814273 0.303994153041657 0.327923900888642 0.310920818201399 0.278614304397394 0.296988864825216 0.310482369906367 0.314738201663007 0.318717485757591 0.322556668302155 0.336790045524975
-9999 -9999 -9999 -9999 -9999 -9999 -9999 -9999 -9999 -9999 -9999 -9999 -9999 -9999 -9999 -9999 -9999 -9999 -9999 -9999 -9999 -9999 -9999 0.325091772271371 0.32529705301789 0.340674616450716 0.305160284716396 0.232077285836196 0.132600966472534 0.051200262259908 0.0490030557874642 0.047021636802495 0.0452320473589464 0.0529105136021838 0.0607380852423525 0.060718051858393 0.057342634721764 0.0503823846211056 0.0498551570776478 0.0548642047816085 0.0889196862607091 0.113756968516827 0.126744754214037 0.159743346822825 0.199791896882312 0.247098488295171 0.288875006242689 0.322061052917761 0.316660369333867 0.296265407300999 0.303700967760657 0.311492892269881 0.319959255899475 0.327259462082271 0.333968882341773 0.344686980816339
-9999 -9999 -9999 -9999 -9999 -9999 -9999 -9999 -9999 -9999 -9999 -9999 -9999 -9999 -9999 -9999 -9999 -9999 -9999 -9999 -9999 -9999 -9999 0.343294904168109 0.354345027171973 0.355926500441517 0.319436164777951 0.254841017675316 0.139732543491186 0.0466551310283488 0.0582859962333965 0.0582387278191455 0.0478098981611994 0.0517789022817896 0.0571775932418092 0.0567107724504665 0.0512928889036449 0.0405853770218533 0.0408830916848256 0.0467107815294708 0.073196823651605 0.0964718148365946 0.11561917370319 0.138332115429819 0.163965072279753 0.211832077875446 0.257078018109425 0.298252369270649 0.314049291703741 0.319263951697392 0.317464657171156 0.319096096813818 0.327220394919379 0.337924702383361 0.349936065952942 0.353391251327697
-9999 -9999 -9999 -9999 -9999 -9999 -9999 -9999 -9999 -9999 -9999 -9999 -9999 -9999 -9999 -9999 -9999 -9999 -9999 -9999 -9999 -9999 -9999 0.348553132761718 0.346671819138613 0.340341360908257 0.303648246045773 0.244541256892881 0.141867067309007 0.0559983340414914 0.0522451710327726 0.0427623090967941 0.0281858917811289 0.0402269878092245 0.0535150664927135 0.0489169713937863 0.0381704350971418 0.0208550124054799 0.0316366000605705 0.0500874228124576 0.0737726979230608 0.0902015229322647 0.0973025737822763 0.133696541499523 0.17938610527706 0.22280593428837 0.259706381642292 0.286479556511882 0.307006875074017 0.324520855586282 0.325951034614895 0.330251927672104 0.339985809400984 0.34820418902132 0.355654801549047 0.361305706939666
-9999 -9999 -9999 -9999 -9999 -9999 -9999 -9999 -9999 -9999 -9999 -9999 -9999 -9999 -9999 -9999 -9999 -9999 -9999 -9999 -9999 -9999 -9999 0.321700195562236 0.33000526788306 0.32135486783468 0.285814263902015 0.230423168729131 0.143640040900899 0.0678907480611797 0.0472973381555476 0.0280138614469354 0.00989488175071712 0.0281828240923465 0.0475096961799097 0.0390092571785332 0.0248222175144366 0.00455971375691964 0.0249552186906508 0.0542309441306301 0.0747451828901145 0.0850646957102698 0.0822794396905505 0.129236250906305 0.190730695635253 0.232674536226534 0.264337101970519 0.280028632831632 0.302876613864329 0.328102596435105 0.334018399417915 0.341191628842984 0.350744608932243 0.356225130365846 0.359642507364215 0.367352900449612
-9999 -9999 -9999 -9999 -9999 -9999 -9999 -9999 -9999 -9999 -9999 -9999 -9999 -9999 -9999 -9999 -9999 -9999 -9999 -9999 -9999 -9999 -9999 0.300377016415573 0.295812257504552 0.302676765184719 0.272878394171776 0.216015291501513 0.146149454089083 0.0833269834464841 0.0525781025655431 0.0268261900152147 0.00551645413867697 0.0186216689194558 0.0330649113767499 0.0229989032759602 0.0135515444750852 0.00476513970122522 0.027671948351345 0.0564314113489317 0.0704824363344528 0.079522733231434 0.082122010162742 0.118544315146562 0.166342975187665 0.219616210970236 0.262126332675646 0.287916925633135 0.311102179210842 0.332881735913289 0.34272889608971 0.3498948640179 0.351986523963437 0.356227944413312 0.361558453002964 0.366963805544965
-9999 -9999 -9999 -9999 -9999 -9999 -9999 -9999 -9999 -9999 -9999 -9999 -9999 -9999 -9999 -9999 -9999 -9999 -9999 -9999 -9999 -9999 -9999 0.272844364491712 0.277680219578839 0.293785694016249 0.264826695472433 0.202600863772261 0.151661069992982 0.106497509953254 0.0778583453965908 0.0441171745787113 0.00584045106095493 0.00966772955083692 0.0179703623551854 0.01060578349974 0.00566578871500925 0.00331617689134615 0.0259594421044179 0.052496409441632 0.0621185958372959 0.0672352896589704 0.0665604164445834 0.101733472290343 0.150398236899202 0.222916979619288 0.27678798559193 0.301691411327351 0.321498211233726 0.339098332433342 0.352430900425992 0.360065376558555 0.356915891551969 0.358917466467935 0.36352861498878 0.367501662420358
-9999 -9999 -9999 -9999 -9999 -9999 -9999 -9999 -9999 -9999 -9999 -9999 -9999 -9999 -9999 -9999 -9999 -9999 -9999 -9999 -9999 -9999 -9999 0.269988228632536 0.273537160861174 0.293419049392028 0.261029070877292 0.190051722651136 0.159787580573521 0.136404542484497 0.120557974795055 0.0775029214780183 0.0102602223350864 0.00124267031607807 0.00230987386961218 0.00136324586497525 0.000728268971146653 0.000426254640665156 0.0203891066257084 0.0432174627463122 0.0501827351498023 0.0490725857282459 0.0375819182886962 0.0795931100416868 0.141807268889908 0.240466388889386 0.306145383999028 0.320592724194251 0.333784702461167 0.346566942598912 0.362996500048542 0.371513876009537 0.365057000976611 0.363947089818458 0.365545998981488 0.368846886920341
-9999 -9999 -9999 -9999 -9999 -9999 -9999 -9999 -9999 -9999 -9999 -9999 -9999 -9999 -9999 -9999 -9999 -9999 -9999 -9999 -9999 -9999 -9999 0.275842485648015 0.277382057502182 0.283175433392123 0.25084521137744 0.19037194703002 0.16035473847897 0.134174574468339 0.108742522796188 0.0663150617865255 0.00877911780767803 0 0 0 0 0 0.0178510316950771 0.0382904353423342 0.0452291329435233 0.0416035175663474 0.0243980491987664 0.0863541059842239 0.173676819271281 0.257963505588141 0.317744800130783 0.339459174699261 0.351572514462644 0.359822713106792 0.370351282196559 0.37480242851471 0.367751708488031 0.36689197503961 0.369168651457448 0.37086962058371
-9999 -9999 -9999 -9999 -9999 -9999 -9999 -9999 -9999 -9999 -9999 -9999 -9999 -9999 -9999 -9999 -9999 -9999 -9999 -9999 -9999 -9999 -9999 0.282392065600656 0.28126199814059 0.273167146807802 0.241883721138462 0.193482366809239 0.1569144894732 0.123114762936052 0.0943716203620612 0.0570477198320848 0.0120957455754836 0.00259836043558558 0 0 0 0 0.0157181948126227 0.033658620092437 0.0392923677919521 0.0349989579802222 0.0179447240721799 0.0949624692998352 0.199760502056649 0.271193879233793 0.325817987643211 0.354330410310126 0.367043570273992 0.373209000407372 0.37642944957949 0.376297738284893 0.369821873703043 0.369518472331602 0.372342096720521 0.372631592504231
-9999 -9999 -9999 -9999 -9999 -9999 -9999 -9999 -9999 -9999 -9999 -9999 -9999 -9999 -9999 -9999 -9999 -9999 -9999 -9999 -9999 -9999 -9999 0.28059534387191 0.278590039093179 0.272615595382034 0.244242316904454 0.19933409970958 0.140343636020459 0.0961513319693593 0.113448649743649 0.0946333215851422 0.043714777480927 0.0178353000064537 0 0 0 0 0.0130046260478908 0.0268003264879312 0.0226974398290809 0.0236000670818689 0.0309370117579181 0.0882342663785645 0.163651367075824 0.2637145692409 0.331683824551249 0.349798022744766 0.366616086875229 0.382359877731175 0.379000187493099 0.37593770639153 0.373437710391461 0.372350747234886 0.371979639313283 0.372555038221101
-9999 -9999 -9999 -9999 -9999 -9999 -9999 -9999 -9999 -9999 -9999 -9999 -9999 -9999 -9999 -9999 -9999 -9999 -9999 -9999 -9999 -9999 -9999 0.325964182836933 0.276698914876762 0.266264508352406 0.238118687170165 0.196898205675524 0.135809731666852 0.0926079827244199 0.124997752701921 0.115145419871631 0.0677409411541892 0.0300225982507315 0 0 0.00037389130882494 0.00114724151345378 0.0143702174323611 0.0271450145474858 0.0139048102513886 0.0165093845926429 0.0394815649487323 0.0878355280067482 0.148774234038026 0.264763728406588 0.339333616074775 0.349561873617164 0.365962440721106 0.384232958160196 0.379491421287853 0.376127307779735 0.375370045897865 0.374156856184076 0.372712689301746 0.373821322818437
-9999 -9999 -9999 -9999 -9999 -9999 -9999 -9999 -9999 -9999 -9999 -9999 -9999 -9999 -9999 -9999 -9999 -9999 -9999 -9999 -9999 -9999 0.384870549019249 0.326995048647582 0.275625201023257 0.253842226347236 0.22311551114868 0.185786479223134 0.143876606045056 0.113581748674225 0.128666309320061 0.117784264928651 0.0838185747019566 0.0390174051708984 0 0 0.00113918758359672 0.00349546313772479 0.0200060432448741 0.0350300832641829 0.013279950990037 0.0139287137722249 0.0433700447635765 0.094062736261578 0.156123643317061 0.274740843643476 0.348850925454547 0.353823205494709 0.365072037992356 0.378487338238244 0.377805743719286 0.376892288137117 0.375540022378355 0.374888731951489 0.37459256197581 0.376493346981996
-9999 -9999 -9999 -9999 -9999 -9999 -9999 -9999 -9999 -9999 -9999 -9999 -9999 -9999 -9999 -9999 -9999 -9999 -9999 -9999 -9999 -9999 0.384870549019249 0.318736156867778 0.262638463908656 0.247863236072621 0.217824738087374 0.176518813060747 0.134293763752844 0.103225704713155 0.114196676690198 0.102045897551918 0.0693404747445036 0.0319291061606525 0 0 0.00101312304295396 0.00310864891929755 0.0190119589740989 0.0348215082463771 0.024749014138409 0.0307427904649371 0.0573888885327243 0.131599386286708 0.220248574500568 0.29696800795879 0.342234563636031 0.338641905288972 0.356853244308286 0.383153597556927 0.380252662773662 0.37795644288047 0.376804680120458 0.378139070571127 0.380732968752987 0.380228865442775
-9999 -9999 -9999 -9999 -9999 -9999 -9999 -9999 -9999 -9999 -9999 -9999 -9999 -9999 -9999 -9999 -9999 -9999 -9999 -9999 -9999 -9999 -9999 0.246637638920225 0.247517941701223 0.241560982770109 0.212217554605054 0.16561011071644 0.119508165651156 0.0852716495611486 0.0950828256342217 0.0814460986269463 0.0469647872194215 0.02078398613282 0.000164020698237284 5.58654660700321e-05 0.000662637830972764 0.00203322626157341 0.0155090819295542 0.0305145705531263 0.0347028913892821 0.0496993929853946 0.0785892264161962 0.175557452386306 0.287576235909917 0.311845680343247 0.323966147229424 0.317214271232189 0.345789842192585 0.387461228368844 0.381460547967791 0.377318781735584 0.376695115711318 0.379937121602367 0.385137511893325 0.38221317289774
-9999 -9999 -9999 -9999 -9999 -9999 -9999 -9999 -9999 -9999 -9999 -9999 -9999 -9999 -9999 -9999 -9999 -9999 -9999 -9999 -9999 -9999 -9999 0.242378167023905 0.237475722417442 0.222133872321532 0.188026712622671 0.140066901768901 0.097905327389319 0.0667185496037332 0.073898255025397 0.0576523228027027 0.0205815995812464 0.00823269087933222 0.00148027069323234 0.000504180344773315 0.000237150104388473 0.000727667207695748 0.00555051375977707 0.0110510834157679 0.0136400714845861 0.0510358508082276 0.133173877855523 0.211883409045979 0.281762270597705 0.254458227452971 0.251020964773628 0.284658596892452 0.327088294111718 0.37171032879542 0.367002828264658 0.364222060657321 0.365087744086913 0.367290550000907 0.370170754274512 0.370103899066871
-9999 -9999 -9999 -9999 -9999 -9999 -9999 -9999 -9999 -9999 -9999 -9999 -9999 -9999 -9999 -9999 -9999 -9999 -9999 -9999 -9999 -9999 -9999 0.213963378896744 0.217014151661888 0.203219125311435 0.16977933649962 0.121837679764691 0.0832069124750144 0.0528782483316149 0.0493786081493291 0.0327084747187638 0.00433011061333026 0.00409457729993703 0.00732763810286173 0.00249579426382323 0 0 0 0.00134381215484592 0.0125868334806506 0.0638986324444338 0.166716678046623 0.232625332432718 0.278840615380371 0.227470234726783 0.21751054070798 0.271878620296126 0.319993734191036 0.364150738062236 0.35914837927861 0.356445658139989 0.358095131316025 0.360046235321888 0.362150148237716 0.364522941137093
-9999 -9999 -9999 -9999 -9999 -9999 -9999 -9999 -9999 -9999 -9999 -9999 -9999 -9999 -9999 -9999 -9999 -9999 -9999 -9999 -9999 -9999 -9999 0.193010942779574 0.183432789648578 0.184949533748795 0.159015826491775 0.112818050336218 0.0772023777240004 0.0449721873198842 0.0206595152162331 0.00631648391505843 0.000836207566225457 0.0105501352822218 0.0188804771827224 0.00643069239902571 0 0 0 0.0039213281104038 0.0367291691555701 0.0912750777007252 0.173764096370496 0.233744224189443 0.279560885939347 0.238760494997606 0.233655395071165 0.283999716196769 0.327514408453151 0.366905442072148 0.359608606466152 0.355368469977147 0.356913309459241 0.359604309768062 0.362875965531362 0.367162278119052
