layers/veg/veg_3600.asc
NCOLS 255 
NROWS 330 
XLLCORNER -2985163.8955 
YLLCORNER -3022031.214 
CELLSIZE 25000 
NODATA_value -9999 
[rows 225 to 249 of 330, columns 56 to 111 of 255]
-9999 -9999 -9999 -9999 -9999 -9999 -9999 -9999 -9999 -9999 -9999 -9999 -9999 -9999 -9999 -9999 -9999 -9999 -9999 -9999 0.182277520218471 0.167742484397924 0.150962573886486 0.129996362158404 0.103836305477897 0.0750842536365398 0.0557370065540519 0.0399224608918214 0.0319021407691221 0.0321101586532238 0.037336346506898 0.0426558828923012 0.0487222565477215 0.0569277832549839 0.0660492646267264 0.0758470577770512 0.0844114665576145 0.0932422046213949 0.103616995278666 0.115718966796137 0.129356690025384 0.144401926532808 0.157615787502656 0.160308381522908 0.161415917278274 0.16082963911197 0.162718391546921 0.166197727957143 0.176880757508687 0.189859573559123 0.205790145435733 0.213337037519775 0.218406969252611 0.226447743913288 0.233843000702049 0.240235276702166
-9999 -9999 -9999 -9999 -9999 -9999 -9999 -9999 -9999 -9999 -9999 -9999 -9999 -9999 -9999 -9999 -9999 -9999 -9999 -9999 0.182088087856014 0.16144903534291 0.142687383791361 0.12742675880552 0.102837497069617 0.0735927668830846 0.0599970364390332 0.0476263659609888 0.0375283039016856 0.0339639186462858 0.0343841899158294 0.0397854652524744 0.0471773944170287 0.0593864716381818 0.0706205401866227 0.0811346933559006 0.0868938478057435 0.0926543151812836 0.100540027340202 0.109974621896499 0.12078643110815 0.141743455994115 0.160855250773226 0.161433075005463 0.165076579182533 0.171996108907042 0.168527602878206 0.163852302821435 0.169250977534214 0.180116367579552 0.198010463839823 0.207987373168155 0.215088546357152 0.218236320882625 0.22455048252702 0.235784454432074
-9999 -9999 -9999 -9999 -9999 -9999 -9999 -9999 -9999 -9999 -9999 -9999 -9999 -9999 -9999 -9999 -9999 -9999 -9999 0.212137930094773 0.213472129098088 0.197368386313956 0.178135653947978 0.153067899722425 0.12102984547678 0.0855132538301839 0.068908112941269 0.0552563934861376 0.0477370793930567 0.0437059710056317 0.0418021949063728 0.0477092752100737 0.0539029583330162 0.0594640687146629 0.066355377964737 0.0742288637323413 0.0784001572718589 0.0841549318496666 0.0974708619190115 0.106613477716336 0.112045321419825 0.129245360903908 0.147454072204658 0.160055334873287 0.168203106637345 0.171591819973516 0.174161089502815 0.176742958424461 0.180913980277529 0.184012767756407 0.185732954018416 0.190474919749811 0.196470391992945 0.205938644120241 0.21534779594362 0.224665119992729
-9999 -9999 -9999 -9999 -9999 -9999 -9999 -9999 -9999 -9999 -9999 -9999 -9999 -9999 -9999 -9999 -9999 -9999 -9999 0.248165126105322 0.237204452656054 0.222203844372066 0.20223679100198 0.173008180543342 0.136933044483519 0.0974411408094402 0.0777829953099031 0.062271677754985 0.0556041014354266 0.0516449538590725 0.0493375804043748 0.0542792518620128 0.0585525238462323 0.0595405381673952 0.0636884265383333 0.0701694653604602 0.0731883397186473 0.0785482314392034 0.0941897187527715 0.10257059612774 0.104495580898351 0.11798020846769 0.134292842394546 0.15436864662977 0.166194545565213 0.169204488167189 0.176600479558588 0.184656890938285 0.189571929767537 0.18810295117089 0.17842586583592 0.179401804703759 0.184316267159318 0.195420087436804 0.205405546423318 0.213653338741859
-9999 -9999 -9999 -9999 -9999 -9999 -9999 -9999 -9999 -9999 -9999 -9999 -9999 -9999 -9999 -9999 -9999 -9999 0.255887903990646 0.246201975482346 0.232229794137982 0.206157008886998 0.184383554905567 0.170627606666225 0.142308343224263 0.106721238158826 0.0856260849714612 0.0675002139664897 0.0556967078248557 0.0527301365715153 0.0551528968262933 0.054733488819819 0.0554724358685154 0.0600876277366647 0.0674636700892555 0.0768782365893191 0.0797784104630197 0.0829929678042837 0.0902858399944178 0.0960555971504234 0.100471051132512 0.112286535011064 0.125146860039672 0.136553031526988 0.149244360245138 0.163309024731029 0.169714819173876 0.174954424181211 0.185583856856133 0.19004621774742 0.186579404877744 0.189619459810005 0.194149634417979 0.19092840398486 0.193278191351138 0.204284011445699
-9999 -9999 -9999 -9999 -9999 -9999 -9999 -9999 -9999 -9999 -9999 -9999 -9999 -9999 -9999 -9999 -9999 0.246731227251609 0.24861044908512 0.242188278071906 0.231987028124959 0.208120381731001 0.187329594975065 0.172274751965623 0.146548239179331 0.115496015542379 0.0911870336534232 0.0715820352042295 0.0625562149778966 0.0594013954766956 0.0598270899876614 0.0586337707888248 0.059423384617052 0.0662416754039838 0.0738486144841142 0.0820378663691604 0.0866854307501926 0.0904271270652814 0.0923670140351502 0.0957397980002692 0.100386666263081 0.108186928253818 0.116797822852754 0.126632958102555 0.139627210376476 0.155997336278629 0.16334438009343 0.168958434820033 0.178275871115562 0.184524102388214 0.186826172372624 0.190371574015601 0.193788602495225 0.19052109395348 0.19024705955197 0.19462416988957
-9999 -9999 -9999 -9999 -9999 -9999 -9999 -9999 -9999 -9999 -9999 -9999 -9999 -9999 -9999 -9999 -9999 0.243967119482381 0.238848237474025 0.236643094566474 0.235278357319504 0.223534988066716 0.205809931764201 0.176930068525034 0.149940140058593 0.123893386028452 0.0950435261393955 0.0748074126641561 0.0744696982162483 0.0702447113507964 0.0636490156382914 0.065107790674775 0.0686255839322455 0.0765833760499404 0.082182658786865 0.086040493244777 0.0938291702483487 0.100093988172018 0.0989182275773572 0.100053977738385 0.103245046298106 0.10527787759581 0.109043997855413 0.122609805619763 0.135486864010455 0.147627915843224 0.157358742895171 0.165730691776333 0.168488351445049 0.173426338280944 0.181167631705581 0.184054186389034 0.185813708412111 0.193164268377554 0.194009598370177 0.184747352767579
-9999 -9999 -9999 -9999 -9999 -9999 -9999 -9999 -9999 -9999 -9999 -9999 -9999 -9999 -9999 -9999 -9999 0.243315432335789 0.243564804039157 0.241886785335787 0.239056010959058 0.22445555497465 0.205881983438995 0.179899241790841 0.153877002338704 0.127835051455494 0.1032176059022 0.0840012979361788 0.0771514985848608 0.0755024448773319 0.0770251405057534 0.0715089279767879 0.0683264276062281 0.0731987398371886 0.0769147175049353 0.0797768945257607 0.085410975046434 0.091508210371684 0.0980981074013595 0.10208945402843 0.103770256160191 0.104594282017219 0.106841426952508 0.117048991221547 0.127120099427076 0.137045388904555 0.147125598083839 0.156712823098652 0.162383732167913 0.167410066994414 0.171607654993894 0.175383739439471 0.179353817063474 0.187485362967622 0.190333295975984 0.184971754917608
-9999 -9999 -9999 -9999 -9999 -9999 -9999 -9999 -9999 -9999 -9999 -9999 -9999 -9999 -9999 -9999 -9999 0.255974828434568 0.252916971767721 0.248250925879472 0.242512649146262 0.223507338316071 0.203285649248132 0.180795626131417 0.155498622021681 0.128800790352178 0.110500114446107 0.0935007291514732 0.0792010622080473 0.0797394452713898 0.0893270259842983 0.0779920401443213 0.0688913212900691 0.0701536981851523 0.0719496048935675 0.0741394530392328 0.0773149428705981 0.0825269231397542 0.0949005034975645 0.101210330494979 0.102128469906217 0.103585177001345 0.105870541607489 0.111848048986786 0.118844942513381 0.126931165363763 0.136742775956782 0.146845996981668 0.155947939200653 0.161615407070966 0.162867076837478 0.167185213157142 0.172669702432847 0.18034706505036 0.18495845228364 0.184806045139368
-9999 -9999 -9999 -9999 -9999 -9999 -9999 -9999 -9999 -9999 -9999 -9999 -9999 -9999 -9999 -9999 -9999 0.257884444057521 0.259661307865848 0.253831334046292 0.24452367110239 0.222232001665695 0.199154340601749 0.174610941731243 0.148077200376335 0.120550175984437 0.112382508102975 0.101373524541331 0.0831606089798289 0.0827094698708601 0.0930906049254817 0.0848203536643467 0.0771719757166046 0.0748060864938607 0.0744843044416104 0.07567182608058 0.0777071457841631 0.0805657929949852 0.0861194268480709 0.0903312846386778 0.0933500798310025 0.100301458841493 0.106983430220458 0.108731054169385 0.112890689981729 0.119627833109734 0.127774790724074 0.136459746382721 0.146535602652209 0.154289612740267 0.159058361351777 0.161876648210521 0.164427139806974 0.171554221115064 0.176608905666532 0.178443580015692
-9999 -9999 -9999 -9999 -9999 -9999 -9999 -9999 -9999 -9999 -9999 -9999 -9999 -9999 -9999 -9999 -9999 0.274712432058025 0.264312006674684 0.256125979198872 0.248267948630688 0.222821468663318 0.196538599684989 0.16869601053681 0.141955460315351 0.11576488407103 0.113437199211274 0.107062852022229 0.0905573374520173 0.0872957053497361 0.0921110449550082 0.0831025366626396 0.0753603640846283 0.0738591892776187 0.0743049315354094 0.0761882154029644 0.0772691622315371 0.0783955051659099 0.0800490645320871 0.0823106376585128 0.0851128363758087 0.0931120119161525 0.100985452375511 0.103500205943793 0.107350420709945 0.11262772671868 0.119003938016744 0.125890126544932 0.134528409643931 0.143246377386143 0.152066797865132 0.155435087662034 0.157361346816331 0.163345834534778 0.168197086545303 0.171287560592115
-9999 -9999 -9999 -9999 -9999 -9999 -9999 -9999 -9999 -9999 -9999 -9999 -9999 -9999 -9999 -9999 0.278820387192012 0.273510812917476 0.260068156106855 0.255466038499522 0.253570784207486 0.225087782850202 0.195285670070254 0.163023643703148 0.137002404911331 0.114095639374533 0.113747613197634 0.11078878671917 0.101044808737524 0.0933352513008924 0.0868664144175521 0.0736999669204524 0.0644737015797947 0.0678773672292354 0.0716850417569733 0.0757910235848866 0.0760846679972701 0.0760371409806899 0.076416199437814 0.0768602870880403 0.0773621965315272 0.0824105006995132 0.088593323357621 0.0963685628812565 0.10218240868168 0.105900283584469 0.110410348541092 0.115155619538954 0.120187899792414 0.128860387668547 0.142213190575669 0.147974727899769 0.151353715019957 0.155662996944082 0.159729271462452 0.163417970440197
-9999 -9999 -9999 -9999 -9999 -9999 -9999 -9999 -9999 -9999 -9999 -9999 -9999 -9999 -9999 0.28782435202733 0.28784711052255 0.281508217820249 0.265424695590236 0.257925094362273 0.253072838503116 0.222999568982187 0.193050063874517 0.163331357891585 0.136337027912868 0.110702301365509 0.113057944737021 0.113366480562904 0.107997013231687 0.0983956527417468 0.0862134115021341 0.0812858639417045 0.077970341520976 0.0779535711874813 0.0785106881432567 0.0794915452123404 0.0799547653417672 0.0800881261043866 0.0792211245566143 0.0787597330160703 0.0786589963885518 0.0815735209880949 0.0853010837119581 0.0903905920869252 0.0959407922311045 0.101983293604568 0.106888959338093 0.111451773352645 0.115563516074446 0.121538648210668 0.129909591352444 0.138034340057876 0.145737901203906 0.149139696873028 0.152916529816531 0.157276081221588
-9999 -9999 -9999 -9999 -9999 -9999 -9999 -9999 -9999 -9999 -9999 -9999 -9999 -9999 -9999 -9999 0.296824814226894 0.289959300164696 0.272577351143052 0.262008125416663 0.253470376984537 0.222742050393319 0.193265814631477 0.166124510696181 0.138287723996154 0.110103855706831 0.113508073566782 0.115745931856723 0.114205469078067 0.105106988421895 0.0913991421427876 0.0930947440056472 0.0940773889670448 0.0901217054781706 0.0870405630872161 0.0846051540150753 0.0850942040585068 0.0853424300049024 0.0833877180280107 0.0822452383708868 0.0818249686479905 0.0828594075934092 0.0841749502169172 0.0855866803296383 0.0901655276511556 0.0981287977025267 0.103806951375534 0.108768402477884 0.112620137052784 0.115931386015246 0.118547717764698 0.128133244491024 0.139359580525627 0.142848218662391 0.146866968329424 0.151709384859655
-9999 -9999 -9999 -9999 -9999 -9999 -9999 -9999 -9999 -9999 -9999 -9999 -9999 -9999 -9999 -9999 -9999 0.292027127900337 0.279880457105616 0.271498817666612 0.263978715277799 0.236041165718415 0.207038656950666 0.176050184312528 0.149648022361918 0.125534664797483 0.120776667760713 0.118192779798998 0.119934417618561 0.121249528547329 0.122304515933187 0.110550263721523 0.10051590236796 0.0978425734025511 0.0953944146126322 0.0931125143153819 0.0919799986349715 0.0907188475141472 0.0884650374687568 0.0869326802120377 0.0860418147531376 0.0857282723621669 0.0855793158138278 0.0857361196794453 0.0878098725479537 0.0919321021066638 0.0981799376399002 0.104676467774354 0.109124624762455 0.112458143986041 0.114358542787904 0.120785379282702 0.128682594232493 0.136651584153952 0.143179259879788 0.147467477162248
-9999 -9999 -9999 -9999 -9999 -9999 -9999 -9999 -9999 -9999 -9999 -9999 -9999 -9999 -9999 -9999 -9999 0.30226783908779 0.296234216748856 0.288576244276407 0.279636831285508 0.251101401240466 0.220419811637632 0.185736007388093 0.160753387494976 0.140612156425877 0.128835398961705 0.122143376412336 0.126849483919477 0.134848367443434 0.144855397656363 0.127707090612584 0.11255331785291 0.108235546734228 0.105433575819977 0.103750823543928 0.100705114172311 0.0976428797681156 0.0951267348469816 0.0931170340311768 0.0915576464510044 0.0900597628055283 0.0885808367697509 0.0871416692843071 0.0868586148726088 0.0878109979604127 0.0937317370992894 0.100501116336743 0.104453075217427 0.107204495947559 0.108412351767735 0.113366310805626 0.119865905739432 0.130565692422092 0.139252508185953 0.144811647323815
-9999 -9999 -9999 -9999 -9999 -9999 -9999 -9999 -9999 -9999 -9999 -9999 -9999 -9999 -9999 -9999 -9999 0.308880933990275 0.319590191707943 0.313852344642545 0.300860101600173 0.268064807383193 0.233377685508548 0.195162633786816 0.171583256702452 0.155307832312731 0.137747998933692 0.127719012756974 0.135046339207994 0.1456983323809 0.15837792124674 0.144541132375304 0.130641237995525 0.121516155171851 0.11729398232275 0.116691962188321 0.111417908699867 0.106239356026404 0.103500604709442 0.100919039446824 0.0984772387899796 0.0959718530385952 0.0933083382471538 0.0899046459051582 0.0874250321004717 0.0859329006652891 0.0905574318009863 0.0962356198438121 0.0985106302753487 0.100026835899226 0.100567425317929 0.105870295866053 0.113059565049396 0.124599475882876 0.135067432227702 0.143869827005302
-9999 -9999 -9999 -9999 -9999 -9999 -9999 -9999 -9999 -9999 -9999 -9999 -9999 -9999 -9999 -9999 -9999 0.353926567283965 0.353151314416476 0.340873894254801 0.323510550140965 0.291904268334349 0.259579911924132 0.225916471154821 0.194643477628378 0.164563439945348 0.150945250330714 0.144996941261679 0.156108182912662 0.16944506954499 0.184139297696236 0.183945082527196 0.17617939953367 0.149333258317846 0.135694828473036 0.131808552435318 0.128508626873174 0.124343761531241 0.11668907935468 0.110719693155318 0.106248816024389 0.102141950332385 0.0982555982482964 0.095151144457289 0.0918483609143964 0.0883336396135887 0.089645845153517 0.0923769718983155 0.0967520614746551 0.0995070768478308 0.100179118272718 0.104986605786157 0.111367403542895 0.120710090622599 0.127517825237355 0.13038684841888
-9999 -9999 -9999 -9999 -9999 -9999 -9999 -9999 -9999 -9999 -9999 -9999 -9999 -9999 -9999 -9999 -9999 0.388280518562202 0.383049811577142 0.366800905474658 0.345879447533092 0.31753937573208 0.288813166224272 0.259366876990717 0.220215069997293 0.176219711589155 0.168838317668145 0.168124202929812 0.18146495790968 0.196738528851185 0.213190855333284 0.227226255060715 0.226758894109173 0.184864477822194 0.160159982240541 0.148147977124569 0.146464881596372 0.14346298555356 0.130932863869533 0.121689337664786 0.115368142728024 0.109493913232705 0.104223321548931 0.101592608211589 0.0976305934235996 0.0922459325531273 0.0899299504507274 0.0893813050487619 0.0962550787398955 0.100643780656104 0.101837357462187 0.105775165400576 0.110733572228508 0.117362326814317 0.123606329853008 0.129252520767591
-9999 -9999 -9999 -9999 -9999 -9999 -9999 -9999 -9999 -9999 -9999 -9999 -9999 -9999 -9999 -9999 -9999 0.391132899656432 0.393123784866951 0.381109306387159 0.363392450900538 0.343644203344776 0.315713276023458 0.272523072807159 0.241454719603239 0.216435791605582 0.214105075454941 0.213199466823474 0.214781842509176 0.226266678396292 0.243790671688773 0.256779934593097 0.263108714326733 0.251052090674554 0.218053853966082 0.169592996538791 0.158799773096905 0.152116405733707 0.143976192237178 0.137694410971485 0.133065085766125 0.125301378924954 0.117497568468847 0.112340610928193 0.106338980911443 0.0994347228771899 0.0949475740830945 0.092142727799053 0.0973233301278711 0.101612854735699 0.104756696216732 0.106602615981982 0.108350313598808 0.114150891517867 0.120101761801482 0.126286150568299
-9999 -9999 -9999 -9999 -9999 -9999 -9999 -9999 -9999 -9999 -9999 -9999 -9999 -9999 -9999 -9999 -9999 0.441666756673002 0.4283493927957 0.412048750671164 0.394482142010189 0.374880949576936 0.34443064836288 0.293748644473893 0.26677484958251 0.251632667601618 0.250956962383708 0.249901993667598 0.247472730907226 0.255533745778962 0.269992406948456 0.278751517318218 0.286357116865514 0.291697270405885 0.255514982559189 0.188673845236012 0.173326737387647 0.164716620806142 0.158289879038497 0.152726931640407 0.147932041434378 0.139271708911091 0.130245649615908 0.122887779914147 0.115177818786917 0.107091608173236 0.101435764101914 0.0973105504923968 0.100028711286815 0.102480621199964 0.104590205034275 0.105131025321305 0.105518836635258 0.110373340128592 0.116392228992476 0.124220294965237
-9999 -9999 -9999 -9999 -9999 -9999 -9999 -9999 -9999 -9999 -9999 -9999 -9999 -9999 -9999 -9999 -9999 0.454613460765477 0.474074261566736 0.464615934159972 0.443227554122685 0.412791468166169 0.375511268720417 0.325467986888328 0.297401415446364 0.280302350255429 0.276865781683212 0.275716245537462 0.279349546352328 0.284461290451355 0.290474684395607 0.290863008363582 0.292567860464907 0.299125948330461 0.266404474614792 0.204680222502862 0.19070436940654 0.182449421292399 0.174255595738746 0.166494702146461 0.159118757239097 0.150852946941418 0.142309481683727 0.133173775896521 0.124186300075605 0.115357224728709 0.109836343234218 0.105607761356297 0.104863087899622 0.10321664279201 0.100410765077831 0.100669660459807 0.102104476865453 0.10585958650944 0.112416151011172 0.123325508092038
-9999 -9999 -9999 -9999 -9999 -9999 -9999 -9999 -9999 -9999 -9999 -9999 -9999 -9999 -9999 -9999 -9999 0.515310455860652 0.513901879063576 0.504418997840091 0.49112946152316 0.460459599496206 0.420130302104067 0.361787836232877 0.321975703594757 0.291411158150516 0.303722816996419 0.311901102846804 0.309088517622262 0.306532842766807 0.30413384838534 0.304910317580915 0.30640122349497 0.30936154273101 0.277036200253801 0.218657047956983 0.205794039459858 0.198096184339763 0.189380536910687 0.18071645950601 0.172098236449926 0.164285910695668 0.156045234479429 0.14491036179002 0.134846277778165 0.125926452503914 0.1186567087883 0.112159242551767 0.10834065970218 0.105014324153614 0.102320884494718 0.10151668032793 0.101544158570426 0.104347216864809 0.109351445703793 0.117775768493409
-9999 -9999 -9999 -9999 -9999 -9999 -9999 -9999 -9999 -9999 -9999 -9999 -9999 -9999 -9999 -9999 -9999 0.561552266865754 0.545519835917459 0.539891234413896 0.537576870058452 0.507991981961436 0.465320777953869 0.3982458687239 0.344906419661486 0.298421670077484 0.330214174976127 0.349695939835585 0.338159370568629 0.327158474259662 0.316484265788395 0.320738149035058 0.323979713713365 0.321507362858905 0.290282266010027 0.237827056431001 0.223092965762747 0.213132282631238 0.204167581835563 0.194883837629517 0.185316410646004 0.177852081652617 0.169803974246608 0.156898135477659 0.145977540135388 0.137178401794737 0.127362529634431 0.117767934593338 0.111660755824065 0.107849633185761 0.106990613047008 0.104910231436979 0.102759867183738 0.104706038853903 0.109226757600082 0.117747708360039
-9999 -9999 -9999 -9999 -9999 -9999 -9999 -9999 -9999 -9999 -9999 -9999 -9999 -9999 -9999 -9999 -9999 0.569773780205833 0.574556385752019 0.573554266921643 0.56856069473043 0.511642662742745 0.459605431674982 0.416670046207858 0.372363374904416 0.327372361599156 0.347811822208061 0.363892096820723 0.367679046600581 0.358373817937263 0.341084136442095 0.351598692578092 0.357857837404024 0.346631054351316 0.33897623208002 0.333958831989957 0.279278767207974 0.22914825987412 0.218144314323194 0.206378311000519 0.193934711281077 0.185178550933807 0.17665118192626 0.165926405271881 0.156173166479467 0.147458125709475 0.132752811023472 0.118526262273473 0.118766504094482 0.119732272590256 0.121630870680732 0.118846171722187 0.114987610533082 0.11669105066744 0.118308243751525 0.119791429493191
