layers/veg/veg_1600.asc
NCOLS 255 
NROWS 330 
XLLCORNER -2985163.8955 
YLLCORNER -3022031.214 
CELLSIZE 25000 
NODATA_value -9999 
[rows 75 to 99 of 330, columns 0 to 56 of 255]
-9999 -9999 -9999 -9999 -9999 -9999 -9999 -9999 -9999 -9999 -9999 -9999 -9999 -9999 -9999 -9999 -9999 -9999 -9999 -9999 -9999 -9999 -9999 -9999 -9999 0.734177701439727 0.748833204949948 0.763488708460168 0.772506212982763 0.77762395726586 0.765013001531223 0.722188236114955 0.641573805882404 0.486090063431595 0.321803124207364 0.323920237837029 0.349642325936051 0.411011876381812 0.513655025594892 0.62870406111437 0.633484058820173 0.633449714254028 0.624570514991928 0.622005198759666 0.622542834745203 0.614914421469266 0.626640661313585 0.682365239899574 0.707222956172101 0.713526603235466 0.718326772455298 0.725028095710947 0.737382601314795 0.750175897196703 0.763288699613446 0.776407105476706 0.788965083609849
-9999 -9999 -9999 -9999 -9999 -9999 -9999 -9999 -9999 -9999 -9999 -9999 -9999 -9999 -9999 -9999 -9999 -9999 -9999 -9999 -9999 -9999 -9999 -9999 -9999 0.725373481221364 0.748160404144715 0.770947327068066 0.784192103496691 0.793459766753673 0.79087275041877 0.757181104811779 0.684585609382052 0.517723411950206 0.337187551681178 0.33652868498481 0.368114388183977 0.448394788881339 0.544807591010842 0.644150810957397 0.646594461786738 0.644597781954787 0.634443377290938 0.631273241831495 0.63153551928105 0.62358156209992 0.633088000363164 0.682308942263897 0.705491127032763 0.71302141634692 0.721791325052325 0.73152668375876 0.743786794971701 0.75386506460968 0.762354619373984 0.772847431905228 0.783005751838604
-9999 -9999 -9999 -9999 -9999 -9999 -9999 -9999 -9999 -9999 -9999 -9999 -9999 -9999 -9999 -9999 -9999 -9999 -9999 -9999 -9999 -9999 -9999 -9999 -9999 0.759732161575045 0.773856573899344 0.787980986223644 0.800664472135562 0.811020237414567 0.807634868764963 0.780360073373393 0.723205781197248 0.553489021535281 0.364645106632528 0.358547345523697 0.39553975339715 0.497605528679012 0.587033868491931 0.668517038729269 0.667487827546308 0.663237134578116 0.653067972027471 0.647821558099329 0.644994424617732 0.646422327117271 0.657645166883406 0.690914104820838 0.707477245716241 0.713998532944619 0.722979532626669 0.732667573216237 0.743936491796014 0.752448864240026 0.758954048858802 0.766219037522095 0.773410068986282
-9999 -9999 -9999 -9999 -9999 -9999 -9999 -9999 -9999 -9999 -9999 -9999 -9999 -9999 -9999 -9999 -9999 -9999 -9999 -9999 -9999 -9999 -9999 -9999 -9999 0.819226620072605 0.814908629961217 0.810590639849829 0.819924231117633 0.829585059035323 0.819099010842376 0.79665925469001 0.75926850024057 0.591661040236118 0.399133409048859 0.386046013961743 0.42817904617327 0.55370416616081 0.635708887044856 0.698077496161506 0.692913576984323 0.686239013197862 0.67678911036994 0.668609518354391 0.661054219461459 0.677517057307422 0.692748533948413 0.704563241228431 0.711628499513122 0.715838864272523 0.722842117902447 0.730688423905614 0.740443902242393 0.74805956914721 0.75411712556049 0.757803583314785 0.76169676862411
-9999 -9999 -9999 -9999 -9999 -9999 -9999 -9999 -9999 -9999 -9999 -9999 -9999 -9999 -9999 -9999 -9999 -9999 -9999 -9999 -9999 -9999 -9999 -9999 -9999 0.818543975306507 0.820478219989209 0.822412464671911 0.827155663991975 0.829091144756465 0.806987312711255 0.741545167982815 0.621897998225766 0.518319505676413 0.430829849011707 0.470141170286143 0.522620859791313 0.594986989389119 0.654390374268038 0.706647674408528 0.702410515877318 0.694542170200527 0.68000264892751 0.669915133879791 0.66201555334482 0.67546259884345 0.687390608096583 0.6953212834196 0.701669679821641 0.707066968452837 0.713403592474204 0.719870050067437 0.726542554157961 0.732718055089306 0.738531661591508 0.743738096837998 0.748835000061536
-9999 -9999 -9999 -9999 -9999 -9999 -9999 -9999 -9999 -9999 -9999 -9999 -9999 -9999 -9999 -9999 -9999 -9999 -9999 -9999 -9999 -9999 -9999 -9999 -9999 -9999 -9999 0.832081018638948 0.832081018638948 0.763367280667309 0.770513798572455 0.691902075039495 0.506028962316349 0.456360511084646 0.455771920126706 0.530887530385331 0.589628032970574 0.623639382174673 0.664341531509964 0.706156785197117 0.70491600877648 0.698170416791464 0.681311440455136 0.670574590397634 0.662846453872637 0.670664761843797 0.677342415329519 0.681031134305436 0.688907705302553 0.69930159391524 0.705021856655594 0.71019274011936 0.714612501781887 0.719873919394272 0.725748191460162 0.731838750564401 0.737590139137112
-9999 -9999 -9999 -9999 -9999 -9999 -9999 -9999 -9999 -9999 -9999 -9999 -9999 -9999 -9999 -9999 -9999 -9999 -9999 -9999 -9999 -9999 -9999 -9999 -9999 -9999 -9999 -9999 -9999 0.761792305705914 0.756465826296369 0.667464662290253 0.473808100046328 0.441515235899061 0.462669339596261 0.519734260987935 0.572828992417184 0.619928072490035 0.654761591739198 0.68393748359565 0.690617641043637 0.691144371804286 0.680366097258425 0.67226970603803 0.665491324000465 0.663139557155254 0.660300978072365 0.656244808118457 0.670518527504554 0.6958103423471 0.700863071392475 0.704902141533527 0.709562091316042 0.715424252885983 0.722161808787899 0.726667163678765 0.730926070417006
-9999 -9999 -9999 -9999 -9999 -9999 -9999 -9999 -9999 -9999 -9999 -9999 -9999 -9999 -9999 -9999 -9999 -9999 -9999 -9999 -9999 -9999 -9999 -9999 -9999 -9999 -9999 -9999 -9999 0.759913566362337 0.714879029446443 0.628118486610602 0.489169497681663 0.461475206932669 0.473609025978946 0.544588888791482 0.599537666774601 0.630276823452015 0.657213276427669 0.682005661826689 0.688886984530618 0.690948994407213 0.684157017740205 0.676317538643533 0.667963265406407 0.661815626671904 0.655307820659217 0.647927259689753 0.66315118846711 0.691962674766224 0.696814946795737 0.700514129585619 0.705081337252722 0.710625525335948 0.716881104812662 0.721344880475648 0.725480073470463
-9999 -9999 -9999 -9999 -9999 -9999 -9999 -9999 -9999 -9999 -9999 -9999 -9999 -9999 -9999 -9999 -9999 -9999 -9999 -9999 -9999 -9999 -9999 -9999 -9999 -9999 -9999 -9999 -9999 0.752872169611722 0.652073366650431 0.578241864080298 0.53813948251543 0.506019028225751 0.487403870571845 0.59487683050902 0.656976971272176 0.650556560777337 0.668163210265745 0.694403414490372 0.696033229183209 0.695578295110386 0.691293284389861 0.682027156406618 0.67031306276034 0.664871817378281 0.658824676526938 0.651242037141356 0.66356886068823 0.687863261289572 0.692844984704583 0.696763638045214 0.701002946316239 0.70558024689736 0.710403657652749 0.715916156545743 0.720894432284599
-9999 -9999 -9999 -9999 -9999 -9999 -9999 -9999 -9999 -9999 -9999 -9999 -9999 -9999 -9999 -9999 -9999 -9999 -9999 -9999 -9999 -9999 -9999 -9999 -9999 -9999 -9999 0.718481500477691 0.726236497680327 0.726775805279424 0.664655196254792 0.614832035391295 0.580389802950981 0.557416319065292 0.545001139036524 0.612503174493274 0.653753268561065 0.655358537195703 0.674294399976689 0.698733145512146 0.685106238427422 0.677744657341704 0.681893661701252 0.680374047336082 0.676068595323841 0.669399738358347 0.6626499286102 0.655779100331398 0.665886851747357 0.686200426467634 0.690462461467551 0.693773260493865 0.697158577160272 0.701269470241839 0.705908694094981 0.71015114065158 0.714218013164516
-9999 -9999 -9999 -9999 -9999 -9999 -9999 -9999 -9999 -9999 -9999 -9999 -9999 -9999 -9999 -9999 -9999 -9999 -9999 -9999 -9999 -9999 -9999 -9999 -9999 0.715093490660057 0.716366011583369 0.71763853250668 0.711510035313707 0.700996918343276 0.672294390120494 0.642177604593671 0.610291948803653 0.588946601956584 0.575073280687503 0.609107212810027 0.635617168033906 0.650764658810286 0.672543420543147 0.695374235657533 0.67409788146729 0.66411865684527 0.674894389778831 0.679770089792086 0.681746223856997 0.673675286945417 0.666037593485852 0.659644016665264 0.66767852969671 0.684385766730746 0.687631835344045 0.690096493998474 0.692669935213384 0.696323490962417 0.700763535540578 0.702505648957901 0.704725851274761
-9999 -9999 -9999 -9999 -9999 -9999 -9999 -9999 -9999 -9999 -9999 -9999 -9999 -9999 -9999 -9999 -9999 -9999 -9999 -9999 -9999 -9999 -9999 -9999 -9999 0.715910814591415 0.715580059754356 0.715249304917298 0.702877662659287 0.68341027484328 0.634610934579558 0.60501698562132 0.599444016067775 0.548350208842447 0.492468466181673 0.544221183191202 0.587794308294862 0.619014880556124 0.644977292024265 0.6680853189752 0.669520113589774 0.673575698673627 0.682446170107457 0.685576372381588 0.685885524465896 0.676520095481248 0.66777810713264 0.660700706706935 0.666920794027334 0.681134000487722 0.682641969080026 0.683733352573748 0.685837904048308 0.688879923136758 0.692604562246235 0.688399136010847 0.686149011002717
-9999 -9999 -9999 -9999 -9999 -9999 -9999 -9999 -9999 -9999 -9999 -9999 -9999 -9999 -9999 -9999 -9999 -9999 -9999 -9999 -9999 -9999 -9999 -9999 -9999 0.71094653698739 0.70513414524772 0.699321753508049 0.692093173826456 0.677192378785898 0.61152866384782 0.575744997719118 0.577333547841813 0.524976881884758 0.464970569269306 0.509906902377947 0.554872007471008 0.59988056307627 0.63253150084172 0.659579193282979 0.66667790662806 0.673494416710079 0.679792466176812 0.681528002738848 0.681021296378507 0.6734212142105 0.666519125072713 0.661382439661896 0.663496478876527 0.669968928257729 0.67469289953841 0.678780957492658 0.681367046599976 0.685283070508038 0.690167490665952 0.68842224319901 0.68816837197669
-9999 -9999 -9999 -9999 -9999 -9999 -9999 -9999 -9999 -9999 -9999 -9999 -9999 -9999 -9999 -9999 -9999 -9999 -9999 -9999 -9999 -9999 -9999 -9999 -9999 0.701059892435264 0.686463886549733 0.671867880664201 0.679476406259046 0.680653660082812 0.600877618109375 0.553189269422118 0.545634329490314 0.516267009520857 0.484389857519863 0.501620940006429 0.534635814166581 0.59148685557628 0.632958933158415 0.667064448006201 0.665313329633767 0.66529235203845 0.668449969339952 0.669089533201441 0.668491601932071 0.665261966521449 0.662706418333327 0.661744939899196 0.657801878818754 0.652066588576479 0.664224409674032 0.675029650229808 0.678906456270693 0.68496125224969 0.692601958520753 0.700475092443448 0.707723023068703
-9999 -9999 -9999 -9999 -9999 -9999 -9999 -9999 -9999 -9999 -9999 -9999 -9999 -9999 -9999 -9999 -9999 -9999 -9999 -9999 -9999 -9999 -9999 -9999 -9999 0.707304997910742 0.697764152703561 0.688223307496381 0.68784261708031 0.679626982500306 0.602159722050328 0.541502791859482 0.501871238893074 0.483913586028366 0.47610819956646 0.507157572803848 0.542127035118817 0.583016488068404 0.610699033500823 0.632759844068897 0.64378038937345 0.65281180942901 0.658188831270735 0.657475159824624 0.653768222561565 0.653227420948465 0.652915300226068 0.653037289657036 0.650669493406274 0.646805087121563 0.652416384801043 0.657613074345173 0.659996503036515 0.664622128585091 0.670880416897853 0.689663178549387 0.706492372894134
-9999 -9999 -9999 -9999 -9999 -9999 -9999 -9999 -9999 -9999 -9999 -9999 -9999 -9999 -9999 -9999 -9999 -9999 -9999 -9999 -9999 -9999 -9999 -9999 -9999 0.713783285926489 0.711162902995575 0.708542520064661 0.698602229071824 0.679913773767201 0.612709252880351 0.546282360845332 0.480828081465644 0.46225370715855 0.463023494129585 0.517907501775946 0.559501044875197 0.58102376200813 0.588776004466892 0.591857571106345 0.616822951035332 0.635994114318447 0.644520208885062 0.643289168697908 0.637262993285647 0.641581847735568 0.644688019060919 0.644779009525138 0.644208606888167 0.643240640895086 0.641716491594878 0.640817940936188 0.641790256416397 0.644900278103445 0.649566877355668 0.673920877754503 0.696408871393987
-9999 -9999 -9999 -9999 -9999 -9999 -9999 -9999 -9999 -9999 -9999 -9999 -9999 -9999 -9999 -9999 -9999 -9999 -9999 -9999 -9999 -9999 -9999 -9999 -9999 0.708885406706623 0.711212549764354 0.713539692822084 0.704337154685901 0.689810154962155 0.6573683589765 0.619652014961998 0.57533857497821 0.508864762717395 0.448888350818259 0.542351101640563 0.601656210983026 0.609377564533392 0.585960607194608 0.552401576672649 0.580088276750579 0.602203707471731 0.614083665692341 0.616442299377079 0.614121686559252 0.634749769712814 0.648392771736538 0.645631153049017 0.641998530544896 0.637842347695363 0.637233030621479 0.637488844196214 0.639586205571993 0.643533758907995 0.648828535397174 0.652795389888208 0.660995063304836
-9999 -9999 -9999 -9999 -9999 -9999 -9999 -9999 -9999 -9999 -9999 -9999 -9999 -9999 -9999 -9999 -9999 -9999 -9999 -9999 -9999 -9999 -9999 -9999 -9999 0.706003481110662 0.711626794168172 0.717250107225681 0.709534845745268 0.698444691394689 0.685899339384805 0.662033189926452 0.624007649595563 0.538251609572053 0.45230582161472 0.534506257588462 0.592685165100366 0.614587544015889 0.593033431091929 0.555955442885381 0.565945896101476 0.57486890958272 0.581830834961348 0.594538342935298 0.6100695123823 0.632632466515818 0.647697485684285 0.645616019336592 0.640841173887855 0.634447338412215 0.635243927234054 0.636299694959617 0.636848498192579 0.639950362849715 0.644911247292949 0.64077529232446 0.639982917545777
-9999 -9999 -9999 -9999 -9999 -9999 -9999 -9999 -9999 -9999 -9999 -9999 -9999 -9999 -9999 -9999 -9999 -9999 -9999 -9999 -9999 -9999 -9999 -9999 -9999 0.705184679237241 0.712414167210026 0.719643655182812 0.714182731818425 0.705787857910454 0.697924821694288 0.672700804764219 0.625762689248988 0.550011228717609 0.473686609686404 0.49361747154359 0.531391635431202 0.596112171919082 0.610225844758981 0.603525531867581 0.574924432716322 0.554140771602022 0.547719218461314 0.577692955648226 0.625553126002468 0.635340256353753 0.642499207017561 0.644713315484151 0.640761168878239 0.633102486693339 0.635807545420724 0.637300564583998 0.633564647566608 0.634098218546725 0.637740630774737 0.638073636669992 0.63370941003954
-9999 -9999 -9999 -9999 -9999 -9999 -9999 -9999 -9999 -9999 -9999 -9999 -9999 -9999 -9999 -9999 -9999 -9999 -9999 -9999 -9999 -9999 -9999 -9999 -9999 0.724356215119023 0.724299523409582 0.724242831700142 0.720221065690499 0.714909784055678 0.707184996866601 0.689004420194843 0.657746353987555 0.576650540426671 0.489144339155333 0.506107513559995 0.529604528175762 0.562968735116067 0.564671226876365 0.554165583877039 0.552781504549431 0.553337776598528 0.557458840059745 0.581796646818169 0.616069954147998 0.628990830777821 0.638554339825451 0.641084026558687 0.636421507066708 0.627435752815262 0.629165737712965 0.630857519186031 0.630589641253153 0.628736932349945 0.625730223741295 0.619023214066313 0.608651771720164
-9999 -9999 -9999 -9999 -9999 -9999 -9999 -9999 -9999 -9999 -9999 -9999 -9999 -9999 -9999 -9999 -9999 -9999 -9999 -9999 -9999 -9999 -9999 -9999 -9999 -9999 -9999 0.727117445505499 0.725748696937212 0.723169005090065 0.714457217120471 0.704180412895535 0.691946177934637 0.608740754292391 0.513282311298455 0.530834393624471 0.53706549698239 0.526200027242236 0.50926638655277 0.491718576659523 0.524306103125068 0.552546336537768 0.57279977275136 0.590666345965224 0.607359897473811 0.625843175425292 0.638657209036074 0.638599350190927 0.631804954113319 0.620961225882288 0.620771427666212 0.622122314974402 0.626003415850376 0.621948096333993 0.612113847097983 0.596984304512661 0.581112952262109
-9999 -9999 -9999 -9999 -9999 -9999 -9999 -9999 -9999 -9999 -9999 -9999 -9999 -9999 -9999 -9999 -9999 -9999 -9999 -9999 -9999 -9999 -9999 -9999 -9999 -9999 -9999 -9999 0.725720972104119 0.722923567500896 0.712724961990224 0.703130447171362 0.694291493634003 0.654259399521275 0.604512144351468 0.554880608740392 0.514435831760688 0.487864597954079 0.484933164096216 0.491485996922654 0.501581685815584 0.521082737868551 0.557863215814842 0.599025450287925 0.642341095121704 0.658048689577146 0.663849314147481 0.647964130020458 0.631913494740654 0.615763406782172 0.611796748178375 0.609571925767548 0.61018372664622 0.604871120577181 0.595244638769621 0.580223709219547 0.565997682827227
-9999 -9999 -9999 -9999 -9999 -9999 -9999 -9999 -9999 -9999 -9999 -9999 -9999 -9999 -9999 -9999 -9999 -9999 -9999 -9999 -9999 -9999 -9999 -9999 -9999 -9999 -9999 -9999 -9999 0.722788159539582 0.711769276528772 0.704570990445504 0.702151283389884 0.685883992296298 0.659424257797269 0.565723095010475 0.498533533651642 0.471380927845623 0.473809970606764 0.487541426988125 0.489843072223455 0.504481150120121 0.541783581357793 0.605026195446853 0.681017089402432 0.685365416052841 0.680054362683234 0.654774840329105 0.630695033632308 0.60733637594999 0.602173161148938 0.598006589761084 0.593523932082177 0.586289352363399 0.577050951869499 0.563846284515532 0.552220300002341
-9999 -9999 -9999 -9999 -9999 -9999 -9999 -9999 -9999 -9999 -9999 -9999 -9999 -9999 -9999 -9999 -9999 -9999 -9999 -9999 -9999 -9999 -9999 -9999 -9999 -9999 -9999 -9999 -9999 0.722788159539582 0.711769276528772 0.709076478613772 0.716797460633111 0.700409869444943 0.669641969676321 0.560316412401103 0.490910269867215 0.481789125130833 0.478943699240993 0.479028696323785 0.491624137955558 0.506169496083584 0.524297218552239 0.60812462590529 0.724240085152451 0.706665755984006 0.685199490060952 0.658442384986649 0.627843497840426 0.594935315705777 0.591750996054645 0.587653509473838 0.57583026185856 0.565855711315259 0.557227295417513 0.547940408696278 0.540089387331547
-9999 -9999 -9999 -9999 -9999 -9999 -9999 -9999 -9999 -9999 -9999 -9999 -9999 -9999 -9999 -9999 -9999 -9999 -9999 -9999 -9999 -9999 -9999 -9999 -9999 -9999 -9999 -9999 -9999 -9999 -9999 -9999 0.722618152796438 0.712520612155971 0.694330777364159 0.619554677612135 0.564320686344972 0.538598549763112 0.512812108066725 0.489189060944145 0.526943090221291 0.546457045610983 0.532460545352754 0.597993804287902 0.702611892876042 0.699895928202543 0.68506189528132 0.645635383268781 0.609799868456941 0.576122901861471 0.57080943048138 0.565529992372818 0.555446952836978 0.546750852671694 0.539064656814848 0.532056056783212 0.524728574379337
