layers/veg/veg_2400.asc
NCOLS 255 
NROWS 330 
XLLCORNER -2985163.8955 
YLLCORNER -3022031.214 
CELLSIZE 25000 
NODATA_value -9999 
[rows 125 to 149 of 330, columns 168 to 223 of 255]
0.501618310732293 0.496175444960086 0.445373955046743 0.423694638772909 0.440501084963086 0.441401492126581 0.43477604900018 0.397569576541648 0.364185731392821 0.336912480154272 0.327520810912109 0.325662305125546 0.322564784119918 0.322992849585681 0.33029791613082 0.332802740307739 0.33280085277545 0.357500658404529 0.378695234672117 0.389901345927633 0.392210193440176 0.388855056300569 0.348582721695955 0.327085985342662 0.371395437220986 0.353160903451904 0.286793642366242 0.295267947935063 0.318905359750679 0.363427570982645 0.410660683364213 0.460404329783223 0.497485624212664 0.5274426747867 0.53202995777842 0.537156877650279 0.542884394118485 0.550012690846968 0.557329861048246 0.563175798998266 0.568390538113669 0.572759471170361 0.576073049889456 -9999 -9999 -9999 -9999 -9999 -9999 -9999 -9999 -9999 -9999 -9999 -9999 -9999
0.508461954415408 0.494113263203971 0.422573832108481 0.389299337619238 0.406593021149873 0.430165414706838 0.451459705683078 0.411505172249334 0.374644876164807 0.342730818981225 0.334418036748676 0.335906650900586 0.329133356906072 0.327065580406787 0.334176375800803 0.342590529622546 0.35168530404247 0.368195765487869 0.382594868101 0.391439822138168 0.396055798551086 0.39797961419975 0.362641004266069 0.341090500513503 0.370228110652368 0.355559903469345 0.307179526551552 0.325174405613347 0.3493218756276 0.363021011581546 0.407780189818509 0.481303712106636 0.506136540321094 0.520173356984516 0.526979845308743 0.535941998149282 0.547303328694332 0.561881466686327 0.575669939488233 0.576112538502184 0.577361384675636 0.579690601557854 0.580283671891059 -9999 -9999 -9999 -9999 -9999 -9999 -9999 -9999 -9999 -9999 -9999 -9999 -9999
0.500973243821229 0.477547519162906 0.409984779998386 0.372811075364332 0.375797325097952 0.419395325562151 0.469420052859829 0.418884482344314 0.375269904645503 0.342718758752215 0.342589390309676 0.355661221890646 0.345042206469665 0.339185544257365 0.342618317553807 0.349037840386253 0.357017059471525 0.365713407818519 0.374699831345328 0.384341783404629 0.395776120590805 0.408351487439881 0.383007986973398 0.361554889337848 0.360781339429858 0.350493722647448 0.332884250984862 0.360515759864022 0.38183603429921 0.354318379636804 0.394026665596055 0.495992113589556 0.498582432161144 0.48649480050833 0.49967943966951 0.516571284965592 0.537589118437283 0.565090809058044 0.590150826392632 0.581385469503524 0.577361384675637 0.579690601557854 -9999 -9999 -9999 -9999 -9999 -9999 -9999 -9999 -9999 -9999 -9999 -9999 -9999 -9999
0.470666455696264 0.455056373296755 0.409529274855025 0.391811997882568 0.410846173479605 0.441194215722538 0.469602403711502 0.417888532985818 0.377456584764547 0.355059156093929 0.347403521781059 0.345919849026074 0.341611367641439 0.339725496924054 0.342565165151404 0.349360896917089 0.358222505785057 0.366723394510661 0.37590219306161 0.386739144562131 0.396983075365521 0.406849490089365 0.394146150748834 0.380033384448879 0.36687798979528 0.376229121825156 0.402900872304362 0.4343774621594 0.455745313516634 0.434444576895288 0.461630535808117 0.533719459744004 0.5245885884922 0.506556529251786 0.526022255813559 0.547290227677256 0.570564034267886 0.599980435887315 0.6275850958231 0.627229858936168 -9999 -9999 -9999 -9999 -9999 -9999 -9999 -9999 -9999 -9999 -9999 -9999 -9999 -9999 -9999 -9999
0.435891338527273 0.429896256176021 0.411999756313312 0.416614853958874 0.450979653845528 0.460352251195336 0.458200311348363 0.412194189351689 0.378436371577508 0.36425786591759 0.34871601611316 0.332990086804889 0.33565312092297 0.338480854951762 0.341629852257718 0.348644210385495 0.357677080181873 0.367320814175735 0.37727770862821 0.387952419954005 0.395863157611019 0.402014353807739 0.396368404482233 0.388308593639407 0.375638384364651 0.405208090413662 0.467284876162011 0.499450977900632 0.520873613505779 0.515350654897496 0.531878776891565 0.568828148263417 0.554642264741759 0.538052201575194 0.562483064399545 0.585801280457582 0.607881160357774 0.637115316410031 0.665861681199725 0.675260698731667 -9999 -9999 -9999 -9999 -9999 -9999 -9999 -9999 -9999 -9999 -9999 -9999 -9999 -9999 -9999 -9999
0.398139456441936 0.396797992939797 0.418665060666954 0.440596577892562 0.46261326692296 0.440925794234181 0.40599402593719 0.390882011110238 0.372435428704008 0.348658431718353 0.336082183477633 0.328502112792554 0.333155057497592 0.338019734857417 0.343297417459728 0.347886266440097 0.352115402894856 0.363166321851131 0.372201377391668 0.375949509182686 0.382503244151678 0.390843021863599 0.363624574936667 0.3497120310262 0.384621586829053 0.424963364913961 0.469485683639487 0.491985066020067 0.511198065081326 0.528933697239978 0.549633343179557 0.573077927821734 0.577084716684196 0.580882043681976 0.604105650678335 0.621268931450194 0.631687285332983 0.65958247613956 0.688020788248876 0.68332950303163 -9999 -9999 -9999 -9999 -9999 -9999 -9999 -9999 -9999 -9999 -9999 -9999 -9999 -9999 -9999 -9999
0.384140676971302 0.382268140857299 0.428813749341671 0.457522291791257 0.462658655358622 0.425448284226872 0.377318443135112 0.375121700035435 0.364208318752423 0.339361108224278 0.331835228368089 0.331682861870404 0.333910387439779 0.336913895973624 0.341431035140994 0.347116873957009 0.353413013851403 0.366918193246352 0.376645336479578 0.376809417359241 0.383091353251718 0.393267906399306 0.362142847425425 0.347922041383384 0.394825182183113 0.429803743254759 0.455605362075678 0.479435518045487 0.505201247028288 0.539689511494331 0.560786187421403 0.569481068894472 0.577462261320551 0.589614809965085 0.625221229020736 0.649025343743376 0.659693914784085 0.678194481904913 0.696325068767747 0.694611840774479 -9999 -9999 -9999 -9999 -9999 -9999 -9999 -9999 -9999 -9999 -9999 -9999 -9999 -9999 -9999 -9999
0.39467159265741 0.386913782289657 0.442559709366397 0.46716130390666 0.450736949537953 0.414048829475723 0.372942884257814 0.365094770883729 0.353682258609817 0.336571938925856 0.336249354396716 0.342783058049334 0.338025478370914 0.335142259630715 0.335915165141013 0.346335658633591 0.361794173106298 0.378834921881131 0.390920845712769 0.390952686146229 0.398083506613714 0.409733527042019 0.392945316437892 0.38414199214175 0.406289070394082 0.419241592417726 0.425118149211918 0.461636127736763 0.503003433090139 0.547525663241207 0.565121470524886 0.557781030640346 0.555053500577796 0.563135718275028 0.625159335880098 0.668818403305503 0.692038381526152 0.692825291905759 0.688605621427715 0.691800955401146 -9999 -9999 -9999 -9999 -9999 -9999 -9999 -9999 -9999 -9999 -9999 -9999 -9999 -9999 -9999 -9999
0.369398014974408 0.358799824137961 0.408275941392606 0.433285460459067 0.425961689509861 0.409150356696403 0.389623364357454 0.37662688094596 0.362994209296643 0.348344570086308 0.345668691524402 0.347936730647787 0.344668937364488 0.342660251679108 0.343107578455826 0.353763886408945 0.369751377808839 0.387365018838722 0.40045864477349 0.402544668981437 0.40170063978881 0.398991343029629 0.386477412776202 0.381210877836156 0.400311061763499 0.41903944114012 0.43748168641656 0.456289379355793 0.475626028030752 0.496871203025939 0.515725668137986 0.532366124621887 0.554062284206332 0.581855749855838 0.637479007109895 0.676709686338813 0.697696011021943 0.694836349571436 0.686687521514451 -9999 -9999 -9999 -9999 -9999 -9999 -9999 -9999 -9999 -9999 -9999 -9999 -9999 -9999 -9999 -9999 -9999
0.340401072187598 0.327629909251239 0.367023143700151 0.392298426259592 0.39891644272268 0.404079749280343 0.407480338272953 0.393075528170903 0.379100680136779 0.365813140433041 0.358934816950171 0.354867064067327 0.355534693097333 0.356312638375343 0.357305766279781 0.365266976841436 0.376866956666746 0.395099481018665 0.409551048622344 0.414468220959381 0.40607405262017 0.389205904924174 0.378063463049676 0.374841430981801 0.394422851475772 0.42290730870787 0.45824338300866 0.455359060501538 0.448150293165635 0.443853881351329 0.464470626497657 0.508159156662388 0.55889402083294 0.609647861825515 0.653049620881003 0.683319417937753 0.698973809765419 0.706769744122364 -9999 -9999 -9999 -9999 -9999 -9999 -9999 -9999 -9999 -9999 -9999 -9999 -9999 -9999 -9999 -9999 -9999 -9999
0.343256052877496 0.327992481391726 0.355049201433796 0.372407249099176 0.376948231461464 0.387448226120622 0.399704352832242 0.408563652372422 0.409789119334556 0.398811656980226 0.390406096868101 0.383401925778476 0.391121393123056 0.396906393934435 0.398918028656288 0.391408536929959 0.378927063099036 0.402826021381007 0.42318025659771 0.432727217104866 0.433775997524525 0.429414849343966 0.41595051040766 0.407613199792918 0.417017964672964 0.437944124902929 0.467736943932201 0.464613369781149 0.460241009880493 0.468207637956944 0.486411624552377 0.514096309851692 0.569165611229083 0.627009783547088 0.670979444237358 0.700218240117141 0.71306210897834 0.713919490378283 -9999 -9999 -9999 -9999 -9999 -9999 -9999 -9999 -9999 -9999 -9999 -9999 -9999 -9999 -9999 -9999 -9999 -9999
0.349151434260011 0.334967858686091 0.351866586943366 0.364634234799893 0.371942545005632 0.381960008624662 0.393977372885836 0.421234136284287 0.435570495357588 0.429253168473278 0.422577863796737 0.416036978204701 0.422891368145279 0.427597157631878 0.428111891882398 0.415774860981421 0.396726570998502 0.428514568490944 0.455477084918583 0.467646283304854 0.473101522800364 0.474282666212966 0.464993629814713 0.456229395525491 0.45150096471623 0.462743220552182 0.486276229805835 0.482714942229062 0.479299326140943 0.4907007183777 0.504021164548328 0.519118824256003 0.563394406247863 0.612801069098654 0.659257316641341 0.695259189432303 0.719625716078655 0.725331378965098 -9999 -9999 -9999 -9999 -9999 -9999 -9999 -9999 -9999 -9999 -9999 -9999 -9999 -9999 -9999 -9999 -9999 -9999
0.358822850784606 0.350156030007708 0.359602389458975 0.371911410737773 0.388003519243264 0.39031125442296 0.390795161716651 0.430405243032706 0.455257528935152 0.456518999548175 0.455619602757484 0.453764275303465 0.449921149621348 0.445988869637837 0.441882685473593 0.437936425088674 0.434073677739028 0.476511086016065 0.510958222667753 0.523256375575216 0.526862990044674 0.524936584280208 0.527892067768152 0.524523626790294 0.500748162980098 0.499666609678722 0.516049882051007 0.511804400818385 0.507011074432237 0.51088292619567 0.516251236671483 0.523005400162856 0.537698801410656 0.559383104394075 0.610708855891512 0.663153685233341 0.71684400829349 0.727099144255596 -9999 -9999 -9999 -9999 -9999 -9999 -9999 -9999 -9999 -9999 -9999 -9999 -9999 -9999 -9999 -9999 -9999 -9999
0.378485515707289 0.371438085349174 0.375851733311243 0.387980865712231 0.41030622539648 0.405079641518417 0.393532853207487 0.422827193010115 0.442655125006705 0.447350696664385 0.450152327084314 0.452042210713079 0.448725692127385 0.444886036607556 0.440025951355002 0.43704100496581 0.435035265913376 0.47872896829377 0.511750637175947 0.516189408133422 0.522632346171298 0.530351133943615 0.550424346280647 0.565607154922522 0.563012343890579 0.56420399262803 0.568309632753925 0.55496176447259 0.541692532014445 0.537907696561866 0.536967139172716 0.538660634630248 0.542013635790554 0.550682853441175 0.586524837111627 0.626455990302271 0.67093824329002 0.677919384106522 -9999 -9999 -9999 -9999 -9999 -9999 -9999 -9999 -9999 -9999 -9999 -9999 -9999 -9999 -9999 -9999 -9999 -9999
0.400996848943352 0.393598308110854 0.393708867832023 0.405263903489998 0.431943132413253 0.420987175231363 0.399815277131339 0.41232244740107 0.422216171332754 0.427932216410532 0.433261429639479 0.438314618357152 0.438094775713476 0.436411967901146 0.431875503505558 0.427593429125862 0.423444198545004 0.465199362737183 0.494442815656406 0.490651505237096 0.502470075768348 0.52422587292118 0.562099806472099 0.598248264166035 0.625387732301758 0.633222397041884 0.626200432033805 0.605073371358732 0.584280527277615 0.572227387180968 0.564666783051057 0.561266664249272 0.559997401059096 0.561759700456681 0.577763936671076 0.596257369772926 0.617521190209786 0.622570431282688 -9999 -9999 -9999 -9999 -9999 -9999 -9999 -9999 -9999 -9999 -9999 -9999 -9999 -9999 -9999 -9999 -9999 -9999
0.420863975957139 0.404537839995622 0.400149274978022 0.405760160625215 0.424585598449029 0.42747599067824 0.425292909683961 0.426921666021997 0.425637451931835 0.419696760001371 0.421596802085989 0.426553547639632 0.419414525154321 0.41282553478143 0.407309435815829 0.40212905742739 0.39712399408291 0.433649226018718 0.46357082926553 0.474984935803174 0.504396346980022 0.545264815090475 0.591750974125215 0.630440589102185 0.644064426522966 0.657004286160682 0.669417768788969 0.684370781174756 0.691209114823179 0.664488078597452 0.641154588782454 0.62095826631448 0.627201970537646 0.639575593795801 0.657330875810215 0.654580645491114 0.629008511467672 0.623477258152421 -9999 -9999 -9999 -9999 -9999 -9999 -9999 -9999 -9999 -9999 -9999 -9999 -9999 -9999 -9999 -9999 -9999 -9999
0.43990641630493 0.415379464769283 0.409355148320639 0.410411047258052 0.420823647756099 0.433338546516653 0.445200332087515 0.438086064250694 0.429041566583857 0.416911533841499 0.412847331416699 0.41199266380932 0.401745586603951 0.393295011331265 0.388348688707157 0.382963229117749 0.377348449904784 0.405263429998857 0.434633009585021 0.4654353524008 0.51179560226092 0.568059992232469 0.619829137504699 0.66169778996185 0.674442724035185 0.690398507512632 0.708825302986244 0.739310369453854 0.758968806388463 0.729295981234344 0.697015512212943 0.662320134522776 0.673847408265728 0.693332209441581 0.707212812828894 0.696315404134592 0.657840951935387 0.662828512967292 -9999 -9999 -9999 -9999 -9999 -9999 -9999 -9999 -9999 -9999 -9999 -9999 -9999 -9999 -9999 -9999 -9999 -9999
0.457712452379532 0.426074303162685 0.42270712267815 0.421290725838391 0.422452343843983 0.438262188112895 0.456756665629284 0.444100838039357 0.432419945339847 0.422297517727736 0.408468384216811 0.39323418465036 0.385592848740153 0.379845274989546 0.377791669468436 0.373240436911286 0.367384930432901 0.381621744103356 0.408594972433271 0.46505660682118 0.527400181053512 0.593488189301303 0.645548987980806 0.691553014226281 0.722364547966233 0.738203933917858 0.742521024010345 0.757731706771021 0.7680048731361 0.752945530332179 0.721951762708913 0.676201309515656 0.68966974747965 0.711018163372549 0.712589769975009 0.713179973598705 0.712677910718047 0.696063656764168 -9999 -9999 -9999 -9999 -9999 -9999 -9999 -9999 -9999 -9999 -9999 -9999 -9999 -9999 -9999 -9999 -9999 -9999
0.464952024449815 0.441309989177156 0.436860296086299 0.434921273683349 0.436300172425854 0.451389842430051 0.468702753020285 0.452813780825147 0.436940366940425 0.421091823520227 0.401778425959716 0.381116455396166 0.365902664391306 0.3501926177458 0.333514575958475 0.335902917930668 0.348247825375191 0.377133492037136 0.416508099473332 0.48016795003441 0.544687922367843 0.609755446921636 0.66010915108601 0.704193785789935 0.732598778833256 0.746087076390175 0.748095753182929 0.762260587905227 0.774998759063317 0.775683129461883 0.748347402754947 0.695062589883039 0.703150032077333 0.719853544246793 0.718507390257991 0.721305508715518 0.728716054561172 0.730262664994718 -9999 -9999 -9999 -9999 -9999 -9999 -9999 -9999 -9999 -9999 -9999 -9999 -9999 -9999 -9999 -9999 -9999 -9999
0.469000069968387 0.458587793071374 0.451680397949991 0.449906090840368 0.454915302309161 0.467370575478015 0.480097154891853 0.461716249070512 0.441151422601122 0.417095528043921 0.39428156302487 0.371904546363779 0.345398271578299 0.314960017749692 0.276852054400956 0.288236916024856 0.325467190101682 0.37949200542981 0.436658013231909 0.500363322159542 0.561957831904168 0.622208610078987 0.669917510660145 0.709625919788501 0.727873070447533 0.738761186918494 0.743985922934541 0.762421535859924 0.781654273332452 0.797109987022772 0.774374624051096 0.716270948995998 0.716152446330403 0.72546490119884 0.724745652413433 0.726060145543699 0.729638120873485 -9999 -9999 -9999 -9999 -9999 -9999 -9999 -9999 -9999 -9999 -9999 -9999 -9999 -9999 -9999 -9999 -9999 -9999 -9999
0.498504813467113 0.482792016152986 0.475891572973507 0.472207987458134 0.472775568819033 0.473580262274416 0.472717748083548 0.447454967716248 0.425178453270944 0.407675581893354 0.389451529438596 0.370672912577474 0.340190251292903 0.300487545906688 0.242800243134072 0.254143998318532 0.301536133565132 0.363990099229881 0.427820639418584 0.49403977617631 0.561152785079007 0.628834831638263 0.669815622379795 0.703002414989414 0.718652301216079 0.74367062976748 0.775898743162779 0.791474571259742 0.800648583004341 0.793150930486905 0.775326182404914 0.747937631184428 0.740912647759312 0.73772504675734 0.733873264096972 0.731433725403752 0.730565963864943 -9999 -9999 -9999 -9999 -9999 -9999 -9999 -9999 -9999 -9999 -9999 -9999 -9999 -9999 -9999 -9999 -9999 -9999 -9999
0.525142371328716 0.508109544604589 0.499391925084206 0.493931131200067 0.492774322979043 0.485602766756378 0.475058053941269 0.445583387702712 0.421754994241781 0.406952351202073 0.388842958628577 0.369015198217289 0.334167741897766 0.289249243506962 0.224686192995067 0.232786338999489 0.278831586847474 0.351753621194448 0.424182934983952 0.493758260400685 0.563606355926277 0.633628096490923 0.675037506532012 0.707839867030442 0.721072441052328 0.751440184443156 0.794994846227836 0.80688433274875 0.809220433082069 0.790258969503535 0.775567131076016 0.764829342861766 0.754701870725214 0.74532034998976 0.739352238463791 0.736028919129821 0.735649159154042 -9999 -9999 -9999 -9999 -9999 -9999 -9999 -9999 -9999 -9999 -9999 -9999 -9999 -9999 -9999 -9999 -9999 -9999 -9999
0.546552367215231 0.535456893777767 0.521596277807229 0.514599070672172 0.516672049210942 0.508223421671205 0.495119709851761 0.466301182710081 0.441212280012046 0.42208530312224 0.395931119415803 0.366580637538715 0.326660224959314 0.28390760192465 0.235630475515606 0.234648087460095 0.258363259511047 0.345470796066625 0.430025465653447 0.504492804051658 0.572001162532822 0.635079444916048 0.689965895199384 0.733573371772003 0.744716729339211 0.764424403853521 0.790723022772807 0.79741915799768 0.798789658161987 0.789312577743795 0.774512469128677 0.75478276598644 0.748488388215686 0.744410535155223 0.738178878412208 0.73508595840583 0.735486340414624 -9999 -9999 -9999 -9999 -9999 -9999 -9999 -9999 -9999 -9999 -9999 -9999 -9999 -9999 -9999 -9999 -9999 -9999 -9999
0.555543257345797 0.546935757040459 0.534816017759562 0.532022291959278 0.541553152365847 0.534890203875772 0.521703864433479 0.493288399913835 0.466370628730912 0.441846968990555 0.407617700120497 0.369438613261698 0.338446290848919 0.309202214127509 0.283368261538386 0.273992653650015 0.273211679576111 0.355989487480646 0.43840752999094 0.514780894299446 0.584739340104131 0.650614058484287 0.711494240406971 0.757890378690463 0.761311509772073 0.768666899343666 0.779050023542836 0.782845574287022 0.784119176103932 0.778839563088862 0.76849331934052 0.753454927775248 0.748313763586896 0.744569099625838 0.737951876474441 0.73446637829889 -9999 -9999 -9999 -9999 -9999 -9999 -9999 -9999 -9999 -9999 -9999 -9999 -9999 -9999 -9999 -9999 -9999 -9999 -9999 -9999
0.558478777293067 0.550677383957419 0.543654994929998 0.547863437198659 0.566913735397609 0.563529817218878 0.551468291794132 0.523332493593282 0.494308730458605 0.463865526536854 0.421546401586999 0.374877150560514 0.359639619103612 0.34943460537374 0.349046009457359 0.331613281041468 0.305280017354138 0.374700347018601 0.448027832954859 0.524851300546548 0.599595280383308 0.673015461458055 0.736240625691681 0.781516722460443 0.774469055632252 0.768647061021914 0.763768321722709 0.765781206786787 0.767381476269196 0.763721509623509 0.760053559547312 0.756378216108934 0.751083595722609 0.74524858986325 0.73818630459595 -9999 -9999 -9999 -9999 -9999 -9999 -9999 -9999 -9999 -9999 -9999 -9999 -9999 -9999 -9999 -9999 -9999 -9999 -9999 -9999 -9999
