layers/veg/veg_1900.asc
NCOLS 255 
NROWS 330 
XLLCORNER -2985163.8955 
YLLCORNER -3022031.214 
CELLSIZE 25000 
NODATA_value -9999 
[rows 200 to 224 of 330, columns 112 to 167 of 255]
0.280131445489942 0.281556444032199 0.279975209346104 0.278519641064465 0.277301960244359 0.265115851699681 0.247371696240733 0.222839898924892 0.199084755313099 0.177439366089901 0.154840582735927 0.131651910382262 0.111386988760769 0.0907591492837509 0.0684747464857131 0.0606526067353106 0.0636584307506692 0.0335178530474352 0.01239323977261 0.0412454597071318 0.0634585670914622 0.0796873072928097 0.0850727055258288 0.0903727050155509 0.105602402970825 0.129994001340842 0.164310378960639 0.204011029882655 0.24599128437346 0.294955161632758 0.341666571016228 0.385441592154805 0.431418068575907 0.477938102715201 0.522046160983364 0.563980067489803 0.602487225366361 0.633892578690631 0.660648107318914 0.619139880380593 0.571666347144612 0.512728992727197 0.472609704754749 0.442172135383666 0.441585375827188 -9999 -9999 -9999 -9999 -9999 -9999 -9999 -9999 -9999 -9999 -9999
0.283012919479252 0.277204594628441 0.273881445852094 0.270863524839232 0.26842340230926 0.265036786332796 0.261170552391774 0.234527662942082 0.207473879107164 0.180451215068609 0.157212712113344 0.136315565082172 0.114644850635088 0.0923991979960475 0.0686194018300979 0.0587371982825442 0.0592601871179284 0.0343236206986826 0.0180356046907476 0.0467005649125985 0.0720655853771596 0.0944561041986091 0.0979593359752727 0.100565427792915 0.116595755205636 0.14096208193538 0.174358516972636 0.212354975366589 0.25276426860296 0.302683230295632 0.347047765172672 0.384171373871112 0.4275911414338 0.472750578550958 0.513465172761723 0.550638918562739 0.582231822377319 0.608075524983331 0.63007369132004 0.593535470447196 0.552009891642874 0.500899862914044 0.461127543574289 0.427188369324659 -9999 -9999 -9999 -9999 -9999 -9999 -9999 -9999 -9999 -9999 -9999 -9999
0.30076560038411 0.283915211690524 0.273765375977617 0.2657521193494 0.261783423214648 0.257901981902164 0.254064755349336 0.235139359719255 0.213644751605643 0.1868044764382 0.160539692055938 0.134630978340196 0.118288449919077 0.0997311257874295 0.0727335255275347 0.0606868818550505 0.0598340890798098 0.0325841144576151 0.0161256264765274 0.0532264521757449 0.0792812091899158 0.0953792543032068 0.107718479634575 0.119763428350534 0.133881252232061 0.153787608334051 0.179964487129772 0.221409014599723 0.266739848489938 0.312242688350122 0.351925405285444 0.384020826204787 0.421873847479273 0.461785144567795 0.503827281230833 0.538105313227508 0.56014609688849 0.572025401324987 0.579348004062644 0.573409099308808 0.552009891642874 0.500899862914044 0.461127543574289 0.427188369324659 -9999 -9999 -9999 -9999 -9999 -9999 -9999 -9999 -9999 -9999 -9999 -9999
0.314731621543849 0.297459456829329 0.281645406999626 0.268073326233242 0.258745309993209 0.251422772491212 0.245116474070282 0.233247776452632 0.217545872602474 0.193130886387575 0.165711265934633 0.136432602481635 0.121645666653663 0.104619501122767 0.078087810928244 0.0650123452737311 0.062011617664243 0.0357945736111885 0.0191696272227661 0.0500348339348757 0.0769313293644883 0.100250505479485 0.117438714393972 0.132850184676709 0.144934245540496 0.162061692592608 0.184652470648618 0.228017330379023 0.275414136320784 0.313479950326477 0.34740982039775 0.375947943363152 0.408373356851777 0.442162257885095 0.477042880270788 0.505381056540573 0.523407478746799 0.532897907303346 0.538541948362647 0.532296906930037 -9999 -9999 -9999 -9999 -9999 -9999 -9999 -9999 -9999 -9999 -9999 -9999 -9999 -9999 -9999 -9999
0.324660903423524 0.318288638228442 0.298049619423939 0.27831801194588 0.259546937976536 0.245642455071062 0.23420402674741 0.228687590892176 0.219027342598315 0.199428671588489 0.172849254885933 0.14195067472217 0.124697587490513 0.106902946296388 0.0847641611032404 0.0718704903885163 0.0658986799838252 0.0442819050185378 0.0274947788535216 0.0364839442482765 0.064384218504603 0.109330599211068 0.127117470622112 0.13942209644339 0.149343126553396 0.165483747224888 0.188361841624802 0.232018401621235 0.278437022832652 0.305845399658902 0.332880660782424 0.359429516494693 0.386575649719749 0.413310160834981 0.431979575794818 0.451132712428944 0.471048257931571 0.490489806451148 0.509540422870051 0.520790005846932 -9999 -9999 -9999 -9999 -9999 -9999 -9999 -9999 -9999 -9999 -9999 -9999 -9999 -9999 -9999 -9999
0.32809358913839 0.324750311012054 0.308876094055758 0.291449708283116 0.27108505510967 0.250262781661733 0.229208617644025 0.221641203234252 0.212400717159435 0.198664782097242 0.179199829955983 0.156190190423762 0.134760044280606 0.113593719364483 0.0928843935255651 0.0785443153719899 0.0689729226533908 0.0547534083127271 0.0427634910608535 0.0414594370607361 0.0652319106613481 0.11160787948854 0.126157894993983 0.136307808752027 0.154135754224262 0.173714982659287 0.195191317155583 0.230332479959444 0.268004242873453 0.298612626429507 0.327170248807106 0.353054434159424 0.379087256850391 0.403982607092466 0.413151664957815 0.423084577496122 0.43422142528866 0.465183437943905 0.502475406714845 0.462552865785636 -9999 -9999 -9999 -9999 -9999 -9999 -9999 -9999 -9999 -9999 -9999 -9999 -9999 -9999 -9999 -9999
0.330159615260071 0.328042515222178 0.317772533496606 0.30432912245866 0.284878385542815 0.258311208702649 0.228137908181388 0.216089613074994 0.205283211721259 0.196589466537699 0.184606177495294 0.170587564683115 0.145907046469379 0.121800920274877 0.10153372140301 0.0850153241116326 0.0713036720402031 0.0649780399808779 0.0589215707336916 0.0504083399131762 0.0679740965293526 0.109046946209808 0.120916826099009 0.130684356312795 0.157508014600011 0.181015813734034 0.200931653926234 0.226246586751352 0.254030218277681 0.290208965594414 0.321654097481757 0.346928338830831 0.371997395424017 0.395414384683095 0.397829839331212 0.400739452608648 0.404427924766025 0.393118900631821 0.376864683824585 0.412714447332628 0.43629424378233 -9999 -9999 -9999 -9999 -9999 -9999 -9999 -9999 -9999 -9999 -9999 -9999 -9999 -9999 -9999
0.33396091606375 0.334094789515911 0.322613656847681 0.310137876904624 0.295779222088584 0.27266993150977 0.245126418878306 0.225989318755856 0.209233785261112 0.197676275675608 0.184517115813643 0.170366974521293 0.152321758402696 0.133149340786225 0.11144884375491 0.0903334102275642 0.0696560164731627 0.0698046611671749 0.0690381678402687 0.0549664272642813 0.0603721133549809 0.0833343737727302 0.103541410787535 0.124192652237251 0.149777221592667 0.172799762060061 0.193046942613672 0.214859130785782 0.238442472971469 0.272497914209796 0.301610751412969 0.324280253932559 0.341946310563187 0.357096024577733 0.360748892837816 0.372798692005615 0.398083156751861 0.393118900631821 0.376864683824585 0.412714447332628 -9999 -9999 -9999 -9999 -9999 -9999 -9999 -9999 -9999 -9999 -9999 -9999 -9999 -9999 -9999 -9999
0.336409270423449 0.33740700511188 0.326660478703425 0.31578771285856 0.304675974798307 0.284448009703343 0.259600565972754 0.236244942204213 0.215245842595892 0.199687127783925 0.184257526505172 0.168907811026526 0.155378859399602 0.140768838682864 0.122613543360185 0.0996521034935472 0.0730922808009577 0.0739972195658905 0.074899628117097 0.0628437842299008 0.0616069406408717 0.0701221339163434 0.0918172117549192 0.116150592955447 0.141526326797199 0.164000143907456 0.183330412009582 0.202952116831887 0.223812160723409 0.253541107235607 0.279153249398462 0.299398595422888 0.312482726293203 0.322834184391763 0.328247278884862 0.32922147422877 0.323199381712072 -9999 0.37599591882844 -9999 -9999 -9999 -9999 -9999 -9999 -9999 -9999 -9999 -9999 -9999 -9999 -9999 -9999 -9999 -9999 -9999
0.337122350337089 0.33720485111836 0.329688538069752 0.32123372167695 0.311002311299814 0.292916181084141 0.270849817560895 0.246957061923785 0.223901936704055 0.202883147391476 0.183779220310692 0.165860066798358 0.15412952499865 0.143605660847271 0.135380937207946 0.114101932132326 0.0830491256872607 0.0773765359051121 0.0753034960124959 0.0749784004294504 0.0741757652513352 0.0729426851515976 0.0873412014747042 0.106120064888562 0.132608355085056 0.154452049713942 0.171264409835106 0.190378723433041 0.210409841739246 0.23298650764351 0.253599377132164 0.271652179606305 0.283772663913813 0.293775192690574 0.301619067218299 0.309882705892529 0.31880794797423 -9999 -9999 -9999 -9999 -9999 -9999 -9999 -9999 -9999 -9999 -9999 -9999 -9999 -9999 -9999 -9999 -9999 -9999 -9999
0.338327664144114 0.337923896820221 0.333090069897233 0.326613086849762 0.317025596733627 0.30085263937655 0.281342618878185 0.260056963948374 0.237827016290701 0.21346827884918 0.191357942133392 0.170638747666324 0.156187427402758 0.143827855036082 0.13635330324947 0.119957835484094 0.0968832363367713 0.0837398754011308 0.0753354152181345 0.0803032819115927 0.0787696455970838 0.0713756806698565 0.0797478852787963 0.0936451798919052 0.121045272340428 0.143580274710774 0.160845088269802 0.177395167101915 0.193807141641341 0.210544835808081 0.227798578653687 0.245725058851364 0.257589768574564 0.267536785963727 0.278545095078611 0.284891517001696 0.283890192632002 -9999 -9999 -9999 -9999 -9999 -9999 -9999 -9999 -9999 -9999 -9999 -9999 -9999 -9999 -9999 -9999 -9999 -9999 -9999
0.33813614241063 0.338642297528463 0.336306045403624 0.331676426050555 0.322705445053178 0.308447425942052 0.291510298520086 0.273555161551769 0.253030163877025 0.226545769722595 0.201881579317268 0.178343594889229 0.160302552132228 0.144519703446187 0.134266669199665 0.123165346291176 0.111428905706812 0.0913783475869347 0.0761908065611331 0.0834504640450945 0.0808867721202022 0.0694685037161648 0.0724642903321476 0.0816812470491719 0.109295303371165 0.13272464425395 0.151620823338726 0.164801515607185 0.176525152343679 0.188167599171449 0.202618350064593 0.220730094809919 0.232635207149578 0.242850102180576 0.257774237472076 0.266905137253646 -9999 -9999 -9999 -9999 -9999 -9999 -9999 -9999 -9999 -9999 -9999 -9999 -9999 -9999 -9999 -9999 -9999 -9999 -9999 -9999
0.318522166835252 0.335643004662235 0.335701289103418 0.333062382452925 0.325317672506456 0.3139174477926 0.300664858903755 0.282410774274056 0.262972650101274 0.240986003573881 0.216728688148497 0.191066452594464 0.176785073620483 0.161604457609752 0.141484954787813 0.127913700002183 0.119245149048785 0.102920976626222 0.0888255162159972 0.0868304712698702 0.0841951275187426 0.0809826308534293 0.081601019126548 0.0859401710719586 0.105863733191509 0.127401005676397 0.150686356444617 0.158727748542587 0.163649699496522 0.174194047762311 0.186180634543657 0.20004736899275 0.212840239010651 0.226179113716201 0.251446201596613 -9999 -9999 -9999 -9999 -9999 -9999 -9999 -9999 -9999 -9999 -9999 -9999 -9999 -9999 -9999 -9999 -9999 -9999 -9999 -9999 -9999
0.296424418947161 0.317008341083856 0.329156589847712 0.334560895384206 0.32719886498536 0.31804165898206 0.307974781102402 0.290942318749953 0.273171851683376 0.253980346527891 0.230858534886169 0.205304943472784 0.189729287219609 0.172983654136226 0.150786184136984 0.135263735835534 0.124738907397675 0.112020176042861 0.0996813860134847 0.0898244618075404 0.0867517983412624 0.0897943358185336 0.0892065372946221 0.0903418504234742 0.103863682460938 0.121672750468571 0.144126037324859 0.149379155104096 0.151236726692683 0.16038406993518 0.170852864232091 0.183044343848523 0.19644933031381 0.209068791081377 0.205975223468486 -9999 -9999 -9999 -9999 -9999 -9999 -9999 -9999 -9999 -9999 -9999 -9999 -9999 -9999 -9999 -9999 -9999 -9999 -9999 -9999 -9999
0.270477210027014 0.274141283106778 0.313405902256111 0.336233853440643 0.327947066878727 0.32008007282614 0.312425800826313 0.298971607813865 0.28376892216889 0.264733783325896 0.243876736862849 0.221892430194573 0.197189673549661 0.175520123139837 0.163315652563866 0.146645974579153 0.12663317499105 0.117332439326578 0.107780330517057 0.0922201864787575 0.0881434749052581 0.0944177064541753 0.0944389169879056 0.0949647783460637 0.10408226437543 0.115317402373372 0.128846521681363 0.134955089792221 0.139540526072731 0.146827605735924 0.157245336476302 0.171744282811606 0.185334184659356 0.19795868617751 0.20175800848078 -9999 -9999 -9999 -9999 -9999 -9999 -9999 -9999 -9999 -9999 -9999 -9999 -9999 -9999 -9999 -9999 -9999 -9999 -9999 -9999 -9999
0.267456735648638 0.263755574324383 0.303156453888598 0.326155822461842 0.318107005708085 0.315052249134161 0.314528139747712 0.303628550344246 0.290966562066437 0.274638722779966 0.25685247148582 0.238163863891615 0.225081245111764 0.208391301851353 0.179966147092302 0.155829834066852 0.134904596841611 0.12232129247786 0.110460036208829 0.0974167693777153 0.0920068811797956 0.0934775723126864 0.0940424601572308 0.0952364117030771 0.100551079830055 0.106739218763153 0.11387355930721 0.117716520435768 0.121594161652072 0.132079126718177 0.144396887738987 0.159103939437119 0.176872344535557 0.194332409655012 -9999 -9999 -9999 -9999 -9999 -9999 -9999 -9999 -9999 -9999 -9999 -9999 -9999 -9999 -9999 -9999 -9999 -9999 -9999 -9999 -9999 -9999
0.27380933481202 0.266669081591312 0.294879327430925 0.31099727144397 0.304224395925323 0.307257342355476 0.31525920682867 0.306392378088945 0.296265214299312 0.283927647757116 0.2696174884197 0.254086836157891 0.232448700836143 0.209773008118144 0.185278979909213 0.16424404671082 0.145798954072863 0.127306786616698 0.111122275079187 0.10375179750296 0.0969105879870849 0.090546450427352 0.0914859404113381 0.0937104388163648 0.0955968514683924 0.0974942178795007 0.0994034501302177 0.0998581692947885 0.101725838512419 0.117156991870425 0.132054949951066 0.146257817832424 0.149778361479553 -9999 -9999 -9999 -9999 -9999 -9999 -9999 -9999 -9999 -9999 -9999 -9999 -9999 -9999 -9999 -9999 -9999 -9999 -9999 -9999 -9999 -9999 -9999
0.280784569349591 0.271151516904554 0.277227319321751 0.286006972107452 0.299905034250927 0.303462046776478 0.301778924584228 0.291360419349542 0.283946305030617 0.283931119457737 0.275726685610965 0.262455357269501 0.243790032705124 0.223351142295923 0.198786350106459 0.177042109848964 0.157409629972136 0.136718425586448 0.118454100100559 0.109934986302486 0.102906697400704 0.0972222091224973 0.0936347704149052 0.0914234430157745 0.0943253439348909 0.0965155663859085 0.0979348514360637 0.100193961144941 0.103483115512691 0.112998042197757 0.12648544796638 0.145151502899865 -9999 -9999 -9999 -9999 -9999 -9999 -9999 -9999 -9999 -9999 -9999 -9999 -9999 -9999 -9999 -9999 -9999 -9999 -9999 -9999 -9999 -9999 -9999 -9999
0.282563141901964 0.277130284109578 0.26964457459528 0.271711912775206 0.291863243058737 0.29689339048272 0.294261159501787 0.283514610434383 0.277143187663597 0.281345973103439 0.277372456101824 0.268340054518622 0.251466562739173 0.233058016897972 0.211718276906284 0.190940519850823 0.170583522039639 0.149121620684081 0.129704059576417 0.118596064145994 0.11041380104737 0.104868736282147 0.0980452953998824 0.0923753040024694 0.0938951896481549 0.0957007603558613 0.097815804103785 0.101751537170679 0.106178559884134 0.110838124818906 0.113474985695843 -9999 -9999 -9999 -9999 -9999 -9999 -9999 -9999 -9999 -9999 -9999 -9999 -9999 -9999 -9999 -9999 -9999 -9999 -9999 -9999 -9999 -9999 -9999 -9999 -9999
0.27453051023242 0.285934098973244 0.281072417760296 0.277609273920408 0.27679357198812 0.285088679115332 0.298000519419916 0.289236122945122 0.280753786052391 0.273873562489568 0.270591357380873 0.269535337055846 0.252224012922005 0.235456023153045 0.22356377693709 0.206916364911114 0.186708738074946 0.167172819865023 0.148351386325995 0.131935351870958 0.120773634588879 0.114348056816578 0.10672585977043 0.0994420682628623 0.0950534951362319 0.0951952916096811 0.100244685433604 0.105615819712236 0.110645247353378 0.112452344402727 -9999 -9999 -9999 -9999 -9999 -9999 -9999 -9999 -9999 -9999 -9999 -9999 -9999 -9999 -9999 -9999 -9999 -9999 -9999 -9999 -9999 -9999 -9999 -9999 -9999 -9999
0.270300659115548 0.280565024965711 0.282350731840041 0.281175470135172 0.274395072339791 0.276234245320656 0.282441225607935 0.286836507056974 0.286255195914497 0.274126431761624 0.268097207743845 0.265841923078865 0.251875819241607 0.238282382674416 0.228146409983841 0.212279618930955 0.192122137453557 0.173232791416124 0.156459893873236 0.147152484595771 0.137235842798566 0.126770050633692 0.118621558503975 0.111122259550778 0.104764963699457 0.103061693976875 0.106399974572403 0.109433218261079 0.112046159093083 -9999 -9999 -9999 -9999 -9999 -9999 -9999 -9999 -9999 -9999 -9999 -9999 -9999 -9999 -9999 -9999 -9999 -9999 -9999 -9999 -9999 -9999 -9999 -9999 -9999 -9999 -9999
0.267992608057488 0.268033439661785 0.278499808162617 0.283563572363612 0.278400165443473 0.268870784653203 0.257129027740663 0.280332740319616 0.292712159627341 0.278283403080453 0.267769540996771 0.259677922877308 0.248975044885521 0.238282382674416 0.228146409983841 0.212279618930955 0.192122137453557 0.173232791416124 0.159242429258176 0.163318618342642 0.15678199020321 0.140679174620269 0.132142080264332 0.125133924929827 0.118798919209584 0.115158964303765 0.114438467500446 0.113226923183979 -9999 -9999 -9999 -9999 -9999 -9999 -9999 -9999 -9999 -9999 -9999 -9999 -9999 -9999 -9999 -9999 -9999 -9999 -9999 -9999 -9999 -9999 -9999 -9999 -9999 -9999 -9999 -9999
0.262312023680929 0.262992113538701 0.268157708920238 0.272557875967623 0.275509081343953 0.272604198887561 0.266731852750351 0.267536723769276 0.271586110577456 0.282924777499909 0.278557990388606 0.264473842669979 0.253070894171604 0.243286270346513 0.237718318038706 0.235334409571484 -9999 -9999 -9999 -9999 0.157127623406409 0.14092512871944 0.132381162736606 0.125381692261509 0.119047080696146 0.115372879517157 0.114580611627475 -9999 -9999 -9999 -9999 -9999 -9999 -9999 -9999 -9999 -9999 -9999 -9999 -9999 -9999 -9999 -9999 -9999 -9999 -9999 -9999 -9999 -9999 -9999 -9999 -9999 -9999 -9999 -9999 -9999
0.256917468004302 0.258128108667728 0.2598279583797 0.263397077597415 0.270504738238075 0.273610504011486 0.274688383931365 0.260631736945222 0.257466934377045 0.280406114542376 0.282571286934329 0.271883056657416 0.259398499126717 0.248088139949863 0.240591901587017 0.233866288466486 0.227717646057475 -9999 -9999 -9999 -9999 -9999 -9999 -9999 -9999 -9999 -9999 -9999 -9999 -9999 -9999 -9999 -9999 -9999 -9999 -9999 -9999 -9999 -9999 -9999 -9999 -9999 -9999 -9999 -9999 -9999 -9999 -9999 -9999 -9999 -9999 -9999 -9999 -9999 -9999 -9999
0.252330643788556 0.253363078337117 0.256458199727409 0.25909564819607 0.260866718335457 0.267798638457265 0.277345723399419 0.26771383366761 0.260827020892981 0.26118774660441 0.270335640059379 0.284920375868442 0.270631608126327 0.25633501507588 0.247838836105935 0.238366780792358 0.22816408231084 -9999 -9999 -9999 -9999 -9999 -9999 -9999 -9999 -9999 -9999 -9999 -9999 -9999 -9999 -9999 -9999 -9999 -9999 -9999 -9999 -9999 -9999 -9999 -9999 -9999 -9999 -9999 -9999 -9999 -9999 -9999 -9999 -9999 -9999 -9999 -9999 -9999 -9999 -9999
