layers/veg/veg_500.asc
NCOLS 255 
NROWS 330 
XLLCORNER -2985163.8955 
YLLCORNER -3022031.214 
CELLSIZE 25000 
NODATA_value -9999 
[rows 125 to 149 of 330, columns 57 to 113 of 255]
0.13455887680551 0.1752907868334 0.246483108939067 0.272077123032339 0.296547371461445 0.354873923947148 0.406143411407719 0.449973592658449 0.411923545594599 0.357838179932846 0.331014141276815 0.316096962469594 0.316278867578123 0.319269829544468 0.319357348529593 0.273914599480023 0.268365970234098 0.323926226991252 0.392354261021664 0.468987765176994 0.640102502448287 0.746798126161192 0.733363296909862 0.76959554692531 0.830614218232155 0.88603762240085 0.912460364389035 0.87241152677599 0.87549247900436 0.904876752267582 0.881987939187797 0.851950290848421 0.811041377632307 0.772541781874011 0.735821149462105 0.700389465817968 0.664080610464225 0.623922981164987 0.59371764701533 0.572361562335883 0.544714069971612 0.518724395257595 0.506819731008102 0.503352806635544 0.508902561073857 0.525772553310121 0.546696877942771 0.576832217231986 0.605420661437088 0.632020220099386 0.665258004847541 0.701084897440314 0.742467657456139 0.773097166075456 0.787018687146484 0.806038082284488 0.826610752697728
0.157527934326054 0.180090764496898 0.217208602174285 0.257006974977358 0.29159445118386 0.298204922789454 0.32711623902883 0.379536310165313 0.333216132589672 0.27181835366752 0.273702827371976 0.282854763529397 0.301222565735903 0.286767694534615 0.260306712300149 0.214894932659536 0.195368917430577 0.215494114819418 0.256434720884731 0.307897602854073 0.426296928637299 0.515565261786217 0.550509355634868 0.626554613886484 0.723111462340272 0.796618919390009 0.843382666420267 0.829469274185943 0.844455307094628 0.877066068991195 0.871509021631582 0.855175955595123 0.814860716437104 0.77810107313492 0.743966768673656 0.713686515658171 0.680934089071067 0.637235781899609 0.601966539720598 0.574192141474337 0.548811910306743 0.524925382229248 0.506400278501685 0.500182526645781 0.507116571415233 0.521020021712821 0.537655271045163 0.561698636939722 0.585793982199749 0.609956158759172 0.641780418962706 0.676104643785864 0.710688864976274 0.740528481307646 0.762996113484338 0.785575017769906 0.807622987236462
0.199585048282089 0.198962580258957 0.197128594996265 0.248213245275717 0.289219797561124 0.234882011636768 0.23305097567674 0.286570682508094 0.244713601449988 0.190964940666505 0.217420392706464 0.248234822190221 0.284576869118584 0.261354299707561 0.219492519196343 0.181009537905742 0.153978792986626 0.144490317714013 0.15834467098544 0.182335461159633 0.229452486557499 0.286534816899776 0.362200709336768 0.466307171083874 0.584606936385257 0.683515765222821 0.756689412808395 0.771377232556141 0.801885336742075 0.842041668335803 0.853558857113939 0.851290824572796 0.814569785266617 0.780172341653349 0.747490567162931 0.721458652190649 0.691914908350445 0.646298109487228 0.607531407099019 0.57485558241201 0.552762287617424 0.532146266210055 0.509365333783968 0.499600071609963 0.503743524314928 0.513649094837749 0.525865144414904 0.544588550023563 0.564505213290197 0.585956080737296 0.614774905446488 0.645860224920391 0.675463595645406 0.705646411135402 0.736729545567199 0.762459674578548 0.785405651649319
0.270084338554233 0.231257939376454 0.200005208713242 0.217226762175354 0.233476632646522 0.20306659335852 0.201026471914364 0.228892905849359 0.2075025824325 0.18208934039464 0.213219644124063 0.242667755601767 0.269982679799732 0.235502708134994 0.184590182152036 0.172023426215198 0.165717140208799 0.169000496615567 0.175993272084709 0.184168294770773 0.182638204380026 0.188298138275476 0.207366218086217 0.261713788142899 0.333667634249853 0.504321058295803 0.630173144681885 0.64960910064716 0.712016836613545 0.800631529047009 0.816887101888106 0.820512125721125 0.801191553111132 0.772653415004712 0.737309319838585 0.707743378959762 0.676598846904786 0.636985699611392 0.604864018973679 0.579403501046427 0.561006960121841 0.544738859052439 0.532790327156214 0.518188266011401 0.500750608925172 0.502296159336235 0.50938159363057 0.522634519092717 0.538528733164413 0.557818924625823 0.579285537596373 0.602639683933555 0.640898211353467 0.676048258783278 0.706368469817228 0.730510014935972 0.751665415897241
0.336893015641958 0.267824061442438 0.198407250118272 0.191024082528729 0.191500237872128 0.177092031139597 0.174474763151731 0.184287082182071 0.173789586908937 0.164013310693213 0.194541156962167 0.218292623128697 0.233450964566229 0.207274013328764 0.170405776083421 0.162793554584884 0.164951490345315 0.1820751260412 0.184187028969306 0.179628971319562 0.155476495678214 0.131263068608352 0.106935977715569 0.120138795114988 0.152070962653187 0.37095099943874 0.535933353549614 0.570524088231072 0.649161771201471 0.754662117442651 0.776163416596219 0.785462494769907 0.77522883470111 0.750769728882641 0.715807006576178 0.689128239752305 0.66174657849872 0.628047419549703 0.600350413208371 0.577990321114997 0.562170076162986 0.547828076546161 0.535000969652821 0.519264495435311 0.500419033374198 0.495454170619639 0.49476191539079 0.500214244503916 0.509842691457811 0.524840487945397 0.544025819557391 0.566011674737484 0.606204878915991 0.642181859447697 0.671607834186454 0.69477225894693 0.715047867059529
0.399872991308787 0.308820741616819 0.1921672983063 0.169784197454546 0.163805711655373 0.157176866851619 0.153600619862565 0.153242312597484 0.143705497166684 0.136392607662557 0.160843231159372 0.174405700885637 0.174160907441206 0.176579273430958 0.177714484519339 0.153310802476147 0.151213992982112 0.183286332686026 0.182572178538487 0.168479069739546 0.148702682491484 0.116971210129958 0.0629455814136649 0.0439400924068943 0.0424114502237799 0.285120166832264 0.475177698292399 0.535719229839427 0.614330877035199 0.703962843476519 0.731236193944534 0.745982130230263 0.736210768034216 0.713983810459728 0.682560037594739 0.665429900846246 0.647375456444484 0.619497267768993 0.593921511597032 0.570393001744217 0.555986671737682 0.541058339746229 0.515203503663864 0.502173530996911 0.502848374536265 0.493291910582797 0.48207584847875 0.477310281252422 0.478345707028119 0.486839629009623 0.509004343922654 0.536222863954608 0.571378811016374 0.60388751210627 0.632283024440102 0.655104670938257 0.675445347392081
0.519854466684006 0.427988665926974 0.289161085052851 0.230203760419074 0.189785947414545 0.171670814484712 0.161072155734121 0.158397095935589 0.167169852256856 0.174044721312126 0.147555459287621 0.128362769901331 0.118422861177678 0.12879567378112 0.143224330310058 0.128906112011427 0.12494491920992 0.136848377478543 0.148341104975139 0.158988348033438 0.148399157085722 0.126155039880425 0.0821765104293137 0.0494213458907159 0.0222672163865001 0.248277141987526 0.433677648963234 0.516933389654087 0.590569838359901 0.658339823859176 0.67776754266972 0.684528637858606 0.663750195110071 0.631580194620595 0.590999030374478 0.594159819905588 0.599988923682353 0.596272031270921 0.583322891923969 0.562164746003649 0.54911235237706 0.535909661388808 0.514580184023274 0.501155034425267 0.496176552505467 0.482646887867911 0.467682589934362 0.457758960499971 0.453502110776291 0.456531195539471 0.481849285739477 0.514252909776254 0.54505914979419 0.574219183341097 0.600821404724438 0.62099731796915 0.638483086563404
0.635615781161903 0.552303586906848 0.409025068611252 0.31070817697104 0.229922062576434 0.19662707074935 0.178564812457973 0.176560358477803 0.197136070041067 0.210727231478122 0.135372637675962 0.0898510647319434 0.0821607328638375 0.091247217660766 0.104389545349317 0.102257745370257 0.0963811518484833 0.0847683705668806 0.108301743890936 0.144844343162604 0.145871327167546 0.137571586472566 0.111879124875601 0.0735573517796082 0.0289329041544002 0.219740439980943 0.382730504894968 0.473597452492957 0.544649651343398 0.603617541426092 0.61879472689293 0.620413903106196 0.591068652174627 0.548801772337531 0.496993972882717 0.521934086248531 0.553016037017456 0.572798788610702 0.572530358928074 0.554433086489504 0.542758932925944 0.5316239192221 0.517370831442406 0.50272108064238 0.487647450568678 0.471355332481903 0.455218316979267 0.442449392463994 0.43479952212062 0.433731360478685 0.460469444272588 0.49554809333151 0.522350347893382 0.548123333246977 0.572297079776737 0.588941560765261 0.602595479549218
0.629626113201664 0.584900976969682 0.518379547932188 0.396623262677568 0.280180695870026 0.237620842263075 0.218920412117289 0.225371735070808 0.184755750240458 0.134576315233936 0.097598644506585 0.106675383926315 0.17415370128775 0.15193000008718 0.103637549590896 0.0844377897433573 0.07240697670836 0.0713573898712572 0.0813375905902932 0.0959781983932374 0.117512590953973 0.126172355639903 0.110823176506007 0.0932287985337192 0.0745139511254824 0.168692877983871 0.235451400497636 0.235255602142041 0.328227312398634 0.478018564277256 0.535834475174762 0.573722071450507 0.57125779164438 0.537637249440936 0.481011914475318 0.520502988541162 0.562586589570823 0.571486556046045 0.567185016603787 0.551145137663914 0.541114030726315 0.530640340600764 0.512471088169801 0.495933301974295 0.481138921862698 0.469410866973854 0.458805812791597 0.450878533813618 0.447537823519893 0.450094190695016 0.466040252511885 0.486597062043855 0.510656325522262 0.532583590713757 0.551198239142448 0.561961518575131 0.569809421956876
0.615735360113232 0.602976236824149 0.579025975077708 0.458885013903891 0.336555997418172 0.286546650619885 0.265712656889903 0.275634279621205 0.210866994699228 0.13478733303361 0.107236501242342 0.13099891878142 0.219831645996329 0.175033415566114 0.0928524607475207 0.0714335133405831 0.0576984275501123 0.0557333024930826 0.0580908803943526 0.0630305970509451 0.0942661239322874 0.112166988450967 0.10520102476811 0.100757562835248 0.0975729587214225 0.1246341526354 0.13032970491274 0.0858600087958845 0.18068846715127 0.360469903254008 0.449403956817537 0.513862997149495 0.524630028544351 0.51022601429483 0.477236500883957 0.520180407269779 0.561608517153691 0.563518823476777 0.560443193582857 0.5529342352191 0.540784085415881 0.526796888046998 0.507758223237873 0.490138579291626 0.474035319535116 0.461709702393678 0.451456503632026 0.449579706524688 0.451748956164872 0.459120319357747 0.466525347127379 0.475023105627869 0.4971474990069 0.516519742832115 0.531615802759024 0.538077061313271 0.541411790510824
-9999 0.602932257873723 0.578899442855386 0.491634537252521 0.400563056236387 0.345369248752502 0.320535893551227 0.327707444128092 0.285004102773225 0.230275014703645 0.176030047831227 0.164679213110278 0.207722409147417 0.151249114567627 0.069549097591105 0.0644377522601288 0.0545505852188631 0.0373479254207315 0.0394824180581438 0.0499445370695089 0.0773982270648142 0.0949099490679452 0.0938816283371243 0.0931359215190422 0.0925312535461544 0.0892953876775475 0.077807741371834 0.0474425190988804 0.11909544762715 0.252965608879557 0.358643592284338 0.437575175104912 0.444542858683911 0.462543782069129 0.488691298649665 0.521240920195641 0.547468942108411 0.547247034118373 0.551958983813852 0.561057955483001 0.542094809728402 0.519385175328222 0.503278526114909 0.485582890985333 0.466189244794632 0.446825913520843 0.430461360272854 0.436143308210062 0.44532075389329 0.45899245714018 0.460665004928796 0.460176529693557 0.481374344242043 0.499801969539343 0.513925381551882 0.518054960451701 0.518489591400204
-9999 -9999 0.575279902217334 0.499398571399458 0.425316041103551 0.425642352631952 0.427745962043236 0.431723135482879 0.399091541716599 0.360381546225293 0.341648483731904 0.324794991571605 0.310324981752177 0.225586208794911 0.122515769786288 0.067298867784808 0.0310352609204377 0.0238038712754701 0.023176662258835 0.0258728178377011 0.0493354220559499 0.0653296519513357 0.0673966614806917 0.0727636133900333 0.0797774058882552 0.0772353783079408 0.0690030051259839 0.0480217190515468 0.0754145009083601 0.132308902022673 0.24776349965424 0.344293152445734 0.375226818193002 0.410112183689627 0.447915358538124 0.449016461545237 0.454200416452996 0.490989599171416 0.523785176811736 0.553029773789759 0.535731177595264 0.512213841208093 0.499623345148411 0.483255708810904 0.462851771140876 0.441700638501749 0.423960993648414 0.432729360599484 0.444018302979005 0.458548018492195 0.460981991307174 0.46051080058793 0.472746506344917 0.485264215752275 0.498220091562078 0.501781571214676 0.501628636872752
-9999 -9999 -9999 -9999 -9999 0.540792684949651 0.541237881497103 0.542152388363824 0.520644615618859 0.500232367264116 0.526452881369704 0.511285873393225 0.443635366247597 0.329411322201798 0.201132076717682 0.0817175888639699 0.0118015669506666 0.017706145350577 0.011176540444686 0.000582974873838521 0.0193679824358908 0.0333495814852323 0.0383736583252502 0.0501140565994982 0.0652062439270767 0.0720428627633675 0.0723426402745436 0.0579024433613331 0.038792116370315 0.0168336435579802 0.136244439868583 0.245858786089763 0.300756497995674 0.34455973760427 0.380171171894541 0.346366162247393 0.330548759089833 0.41282346658037 0.479749510126482 0.533028032750311 0.524405227156061 0.506324962846402 0.496788685839363 0.482112810790653 0.461944694284558 0.440078475633571 0.421708712777619 0.432209542249242 0.444131844401946 0.457881773065283 0.46249438784735 0.464186421887103 0.466333195875602 0.472255627083652 0.48404452895111 0.487541443558565 0.487498749487019
-9999 -9999 -9999 -9999 -9999 -9999 0.541237881497103 0.542152388363824 0.586017796445651 0.628580287755046 0.587495175343165 0.551171849193885 0.520886942181207 0.421856584925161 0.301878761183408 0.192573532974127 0.113027310656451 0.0790652422829066 0.0399335424521148 0.00021884740746277 0.00727069541774668 0.0175990482389263 0.0340375131887932 0.0465928146778391 0.0572102183298431 0.0626931422203384 0.0593299205781389 0.0358097576869362 0.019113995480289 0.00658019192765681 0.0884488137967641 0.148882826504745 0.129773386519762 0.146805039906543 0.190522126629755 0.156832160851108 0.141114373829744 0.226994278378268 0.32509918956424 0.43407416960205 0.483816875872944 0.514147403514394 0.500360460692025 0.486553098206334 0.472723915002264 0.443800414849545 0.416549619685677 0.429189131563155 0.442238316296442 0.45581422868474 0.455785810643891 0.452241065191289 0.459853804846015 0.468916597371157 0.480232426155748 0.483159764896488 0.48299123279679
-9999 -9999 -9999 -9999 -9999 -9999 -9999 -9999 -9999 0.705719784899414 0.624182734001228 0.575842946723581 0.569600595339577 0.492867376148891 0.394410232939378 0.303962540391719 0.22558701863672 0.165703367673939 0.0855591020112385 0 0 0.00620352697155376 0.0239755537858308 0.0382903050789475 0.0508796984719622 0.0583648057065417 0.0548429637501174 0.0261959364757706 0.0108934521057578 0.00372932865442033 0.0565218365092023 0.0835362091986622 0.0249039339618706 0.0366470748316243 0.100353183609312 0.0537511848881932 0.0207942339147081 0.0879553427328996 0.188357243521164 0.318315749726514 0.423114911095485 0.505450124937901 0.497294368991983 0.489576098018747 0.482325329189543 0.44797446861541 0.413114072691763 0.423982605587592 0.436603768265751 0.451478335245056 0.448904175780594 0.442048010991409 0.452373975529177 0.462751201739081 0.473208076359327 0.476274317957901 0.476957980090197
-9999 -9999 -9999 -9999 -9999 -9999 -9999 -9999 -9999 0.705719784899413 0.624182734001228 0.577594610647757 0.575325207465998 0.531589644411331 0.474566448127188 0.41615454530063 0.355220017447856 0.290421391178714 0.15659516949173 0 0 0.00136832160844287 0.00528832524948621 0.0227853752485592 0.0470580681058598 0.061600596609094 0.0631990709623275 0.0353800642487341 0.0199324084439276 0.0120295984588 0.0484991215984351 0.0658354946358009 0.0196269716627664 0.0584433365112083 0.160039373035825 0.0809015746403686 0.00458661656941005 0.019400446970134 0.0785921679771516 0.17724323168195 0.332114141369295 0.471867822527313 0.484229108121632 0.490464119913851 0.490152515670657 0.452829580042322 0.412274846197838 0.415482952756932 0.425333811507806 0.443725439399621 0.441761849804694 0.434494595439771 0.443387103008136 0.452328216602501 0.4613448523666 0.46561723711235 0.468626384623061
-9999 -9999 -9999 -9999 -9999 -9999 -9999 -9999 -9999 -9999 -9999 -9999 0.576669170282533 0.5425477139063 0.497883366059882 0.456768355988838 0.413962523706356 0.368566729236995 0.255121418572231 0.116716606030825 0.054220028328051 0.0107289126518708 0.00267968116088379 0.0144160803997027 0.0360265247006609 0.0528557387283348 0.0601433848830228 0.0456632030879555 0.0349860705678023 0.0266282822029821 0.0466645903423361 0.0532912009395832 0.0158872489149222 0.0370682424144515 0.101506495516577 0.0838498413616396 0.063664165545856 0.070646700953646 0.0859037715953589 0.108518283453846 0.215817152160695 0.325865757074069 0.37281037248648 0.402976559843194 0.415213100287821 0.415085136688854 0.412110303054051 0.410730613432644 0.414404291493428 0.424575223329732 0.425304669909786 0.423844901747777 0.433291773298614 0.442183172856484 0.450211501441706 0.45838105048739 0.46714927506538
-9999 -9999 -9999 -9999 -9999 -9999 -9999 -9999 -9999 -9999 -9999 -9999 -9999 -9999 -9999 0.450524975223841 0.443947383276866 0.427294388778316 0.363583297145395 0.278999560184522 0.134117514589559 0.0322047673304955 0.0104222948844813 0.0108537577550014 0.0223711142883645 0.0391260318268469 0.0518669377552575 0.0551986329769616 0.0512781301672514 0.0429347703547594 0.0473565120331562 0.0436040266124368 0.01386090280754 0.000807731186182514 7.78891830146526e-05 0.0759392987522358 0.14654149775951 0.163360415122352 0.136823919440803 0.0717372340645734 0.0966692919832696 0.144979878869854 0.229437951289032 0.285596327351533 0.311513279026108 0.361381969332725 0.410097429752638 0.406577748128484 0.403613299153743 0.401362728062933 0.405538298792048 0.412115662356732 0.422753919331582 0.432105733652293 0.439458722961443 0.452911926986078 0.469168981462099
-9999 -9999 -9999 -9999 -9999 -9999 -9999 -9999 -9999 -9999 -9999 -9999 -9999 -9999 -9999 -9999 0.452494961298885 0.457482526282301 0.446863621060398 0.427517928815723 0.331832550681618 0.233046920411315 0.128479858623995 0.0621184546360329 0.0148236344679763 0.0183376635480775 0.023850578873623 0.0321937713706948 0.036295823622554 0.037811355656396 0.0503641632562394 0.0565555866899783 0.0423142298445541 0.0238621541416037 0.00230101761929402 0.0320412357398045 0.0665335796379307 0.0958867872518928 0.116143103722751 0.128310767483982 0.173983450391882 0.225370470500173 0.275137268786473 0.305588487243112 0.315398825332505 0.331216772758083 0.349843371302191 0.378200733404908 0.392936963038339 0.390160128131698 0.395886176402537 0.40431129655004 0.412077402502557 0.420868924309109 0.431253697746195 0.458924947899991 0.492987342053439
-9999 -9999 -9999 -9999 -9999 -9999 -9999 -9999 -9999 -9999 -9999 -9999 -9999 -9999 -9999 -9999 -9999 0.482461670357455 0.50599623081882 0.536041007600666 0.473582141429538 0.378346551238646 0.221988066216099 0.10525367947108 0.00829375113387496 0.00602671851556251 0.00969614732566173 0.0237232488690495 0.0341306896105494 0.0423306282877129 0.056507292177475 0.0664748535978276 0.0631707006917026 0.0406422218984782 0.00391911258810477 0.00919711821728891 0.022936792978472 0.0495302025540977 0.101999390930764 0.17747646024392 0.228397282520372 0.271936967618155 0.30055092570454 0.31446912192063 0.312683235456039 0.311901092890161 0.317050332720557 0.36408274428782 0.387855417404845 0.381722405250642 0.387849706634096 0.39756307174943 0.402475282237269 0.411600117243826 0.427270365856841 0.464891338402119 0.510068768766907
-9999 -9999 -9999 -9999 -9999 -9999 -9999 -9999 -9999 -9999 -9999 -9999 -9999 -9999 -9999 -9999 -9999 -9999 0.520881659261395 0.571278522786007 0.512783176587187 0.421872571654919 0.270513141839764 0.133492826719306 0.00362846566370136 0.00924942114161685 0.0209416856524039 0.0418847932163856 0.0554511639394887 0.0645187258803397 0.0683957288873618 0.0708378833888975 0.0701070352028088 0.045925444433899 0.00442857154426242 0.0249312999683853 0.0460581198958401 0.0418675344753523 0.0998339704348643 0.213068360192948 0.240849590566779 0.256525720879012 0.288794053936243 0.302989499405513 0.297872021634394 0.312465577653916 0.334575627268696 0.37609234999426 0.393025513283754 0.378350918260983 0.382773685792805 0.392750072050802 0.39484183773369 0.40593738871068 0.431022674237182 0.470772285442736 0.514805741969202
-9999 -9999 -9999 -9999 -9999 -9999 -9999 -9999 -9999 -9999 -9999 -9999 -9999 -9999 -9999 -9999 -9999 -9999 -9999 0.583290032549628 0.539681841718909 0.473588094614866 0.365562692275935 0.209224319541566 0.0287752953306327 0.0306615352744418 0.0409102784451317 0.064049592888725 0.0760895151325578 0.0813603138217545 0.078518180050595 0.0758880159822593 0.0753865979314685 0.0585217097289601 0.0295745558519039 0.0425620136577754 0.0572711909953895 0.0597071746722192 0.102171372173354 0.180227324606826 0.224131170455718 0.259350351426169 0.281788593971883 0.294579279517015 0.297060459904068 0.309285572523262 0.328175339056973 0.378393249640588 0.397555026153344 0.376787077177088 0.378482729349441 0.38693278055501 0.388902914538341 0.406545650557323 0.448539871537028 0.478274257205484 0.501881750897439
-9999 -9999 -9999 -9999 -9999 -9999 -9999 -9999 -9999 -9999 -9999 -9999 -9999 -9999 -9999 -9999 -9999 -9999 -9999 0.583918191627958 0.560550964115127 0.529317393413576 0.483414459564449 0.308232394570712 0.0685334089921236 0.0609885035193304 0.0651541474306545 0.0881764371924952 0.0963935493940162 0.0955815116789956 0.0877750999949337 0.0812749061029409 0.0798541564492169 0.0747021871516764 0.066795203996519 0.0611222409569083 0.0626478795761602 0.0900458095569202 0.106715662424822 0.113846466331606 0.193115817990925 0.271112609534962 0.277111859323492 0.287673411576206 0.303110299707668 0.30427034687872 0.310048828709317 0.37593579313501 0.401770581417839 0.376109185566058 0.374576542615286 0.380623273307524 0.383794497060398 0.410227401854306 0.472803410055251 0.486570713105583 0.48030190419654
-9999 -9999 -9999 -9999 -9999 -9999 -9999 -9999 -9999 -9999 -9999 -9999 -9999 -9999 -9999 -9999 -9999 -9999 -9999 0.53334622801572 0.53205557526322 0.514553636705884 0.466820467085388 0.308679575206176 0.095439564189537 0.0608169624021699 0.0423118898137813 0.054653556164558 0.080050399195005 0.113409129001036 0.107341036116599 0.100750962845651 0.100024142506112 0.095029259894 0.0868829759095259 0.0536839438773527 0.027332191536708 0.0377091245885697 0.0569804604203176 0.0841604030512776 0.163912303381071 0.23697486065666 0.228491289630952 0.232253019650387 0.249100237973185 0.299468047566604 0.355360665816015 0.390764627272403 0.408503499553985 0.403529880967272 0.426165331223778 0.455526035193283 0.457067815531475 0.463247733093013 0.476634209500564 0.477101537075712 0.472360405705141
-9999 -9999 -9999 -9999 -9999 -9999 -9999 -9999 -9999 -9999 -9999 -9999 -9999 -9999 -9999 -9999 -9999 -9999 -9999 -9999 0.521061745015381 0.505978276220792 0.46276675911142 0.314479812392385 0.113754834202033 0.0633193006641339 0.0318029426699557 0.0385575650169342 0.0736648858920253 0.126063506686069 0.121224739686657 0.115536724641871 0.118096480094517 0.114030929209182 0.105073462941074 0.0553255262413182 0.0126122274606839 0.0143446705739955 0.0374696407435247 0.0796161336747315 0.154495105880332 0.219160132421314 0.202527152472479 0.20508978575357 0.228165101529771 0.307009624933285 0.390321181440398 0.404722340066325 0.415524984477297 0.421700920217975 0.459076082319559 0.50304656158451 0.502928695298333 0.496614587758792 0.480672999386707 0.473714479967721 0.470534365992374
