layers/veg/veg_2600.asc
NCOLS 255 
NROWS 330 
XLLCORNER -2985163.8955 
YLLCORNER -3022031.214 
CELLSIZE 25000 
NODATA_value -9999 
[rows 75 to 99 of 330, columns 168 to 223 of 255]
0.858661236498486 0.83561653370161 0.830494141507318 0.824448519335397 0.817182823069472 0.810203903413625 0.802005256859473 0.775424380104384 0.754264371502745 0.74176979670963 0.739272145329858 0.740722278530736 0.729117234127489 0.71913495953621 0.712318056107731 0.705228033640414 0.69799538698037 0.683523131177984 0.670223934837075 0.660203849282446 0.661092589236072 0.66892587102151 -9999 -9999 -9999 -9999 -9999 -9999 -9999 -9999 -9999 -9999 -9999 -9999 -9999 -9999 -9999 -9999 -9999 -9999 -9999 -9999 -9999 -9999 -9999 -9999 -9999 -9999 -9999 -9999 -9999 -9999 -9999 -9999 -9999 -9999
0.846850815275275 0.82596249053443 0.822120433956714 0.816198433327199 0.807527728782007 0.801340659528886 0.794944266239113 0.773983844440299 0.757072282290745 0.746632953794083 0.739329081892711 0.733019143693004 0.711164616877914 0.696463529775788 0.695715926165414 0.691544249749506 0.685584504578647 0.676470551443782 0.666867899478938 0.656281417051569 0.652396469685695 0.652777709411795 -9999 -9999 0.601579906275161 0.601579906275161 -9999 -9999 -9999 -9999 -9999 -9999 -9999 -9999 -9999 -9999 -9999 -9999 -9999 -9999 -9999 -9999 -9999 -9999 -9999 -9999 -9999 -9999 -9999 -9999 -9999 -9999 -9999 -9999 -9999 -9999
0.839728844960888 0.819274216274999 0.815441352888076 0.809912176803302 0.802141276307354 0.795609623484695 0.788801393156619 0.7723217291344 0.758651909438304 0.749473717158893 0.738468095336824 0.726320577163779 0.696859983724004 0.678554078833628 0.682006484458906 0.679738065265591 0.674482201385311 0.66895942191144 0.662341988951326 0.653099677460763 0.641876691337512 0.629392810736528 0.61181991018657 0.598425334506071 0.598947685747178 0.592465503178297 0.58059275727441 0.58030460118425 -9999 -9999 -9999 -9999 -9999 -9999 -9999 -9999 -9999 -9999 -9999 -9999 -9999 -9999 -9999 -9999 -9999 -9999 -9999 -9999 -9999 -9999 -9999 -9999 -9999 -9999 -9999 -9999
0.84285713839275 0.81905989806101 0.812474838360851 0.807926899945082 0.806071073966794 0.796690098264005 0.784610176586431 0.770097030983175 0.757456893940224 0.747810821914666 0.735565864947168 0.721847212758152 0.690550194783483 0.671064721428146 0.674618820568161 0.672021136766048 0.666210959687423 0.660391286367057 0.655182694415594 0.651449238698718 0.642190198773099 0.629413580291128 0.61181991018657 0.597304062147046 0.593288281111533 0.587397010531509 0.580062396904244 0.58030460118425 0.581299051184591 -9999 -9999 -9999 -9999 -9999 -9999 -9999 -9999 -9999 -9999 -9999 -9999 -9999 -9999 -9999 -9999 -9999 -9999 -9999 -9999 -9999 -9999 -9999 -9999 -9999 -9999 -9999
0.837968939808064 0.819378840015769 0.813735409833372 0.808435690135292 0.803590193402144 0.786349397083259 0.766234172518241 0.764059281001294 0.759477195828131 0.75104713341188 0.726494290717492 0.695438484798227 0.67905888264668 0.668656180179379 0.669912004857397 0.666450027474152 0.66052438914183 0.65985551834375 0.658467822659016 0.6550199298388 0.643540327226752 0.626947750299721 0.608558038381338 0.592493999499401 0.583935218655738 0.577623821268409 0.573041969799199 0.574517462850732 0.57804855638858 0.586559558321017 0.598222794263475 0.612805277474427 0.628046741719908 -9999 -9999 -9999 -9999 -9999 -9999 -9999 -9999 -9999 -9999 -9999 -9999 -9999 -9999 -9999 -9999 -9999 -9999 -9999 -9999 -9999 -9999 -9999
0.82843520548886 0.820006804815508 0.817445566364315 0.810389785525563 0.797394341911179 0.769390154906883 0.739638121941864 0.755811877657281 0.763360765562319 0.757122522144021 0.713847598193157 0.656318272185063 0.664564891642628 0.669191958337133 0.66675873351407 0.662122414687755 0.656335628632744 0.663974485867478 0.667805466035845 0.661616251826492 0.645491174794531 0.623040942505981 0.603405920568082 0.585546292721684 0.57244169134834 0.565124272868913 0.562260566337657 0.565376693293797 0.571147645427043 0.584318864992411 0.598222794263475 0.612805277474427 0.628046741719908 0.641030337621516 -9999 -9999 -9999 -9999 -9999 -9999 -9999 -9999 -9999 -9999 -9999 -9999 -9999 -9999 -9999 -9999 -9999 -9999 -9999 -9999 -9999 -9999
0.826239476852002 0.818064313301612 0.812453645036467 0.805303065981252 0.79611745198613 0.76766953589739 0.736217609813725 0.753079365801489 0.754773580112224 0.732221986423241 0.700544064798414 0.66606327136867 0.6810541019474 0.68839454992563 0.680812178728042 0.674231821582092 0.668174721422635 0.667393371847639 0.664764816434217 0.657352088768332 0.641280865334451 0.619697656580433 0.601329869524686 0.58535779702877 0.5759379219539 0.569021831448091 0.56403260854873 0.570919505860457 0.579854969571709 0.590684540857483 0.601780592201312 0.61312342762878 0.621736362057322 0.629523544163383 0.635705692656 0.641659041746019 0.647357745263239 0.662724034809282 0.681203574672962 0.7042734709524 0.7237906254042 0.738547107943981 0.74230443603293 -9999 -9999 -9999 -9999 -9999 -9999 -9999 -9999 -9999 -9999 -9999 -9999 -9999
0.822919959039095 0.815835144475534 0.807729153269431 0.799741347321509 0.791909726479459 0.76555382379175 0.736090771289979 0.750041788329661 0.746350657334204 0.71445797970246 0.695111768975492 0.681673997272402 0.696564130330604 0.702527799593025 0.691079528556509 0.68309545179078 0.676920395419322 0.669968273989862 0.66233498053629 0.653106149457165 0.637406614637364 0.617587839595563 0.599795713749112 0.585142319450003 0.579581968183795 0.573808742189448 0.567871691630101 0.577404584439336 0.588260414885788 0.596240138457326 0.604758650012234 0.613776126854537 0.617362591648476 0.620216394735989 0.624829623772196 0.632122434418282 0.642397523803566 0.660079770069358 0.680227898410028 0.704549401953664 0.72476290636663 0.739471694415506 0.756743371018957 -9999 -9999 -9999 -9999 -9999 -9999 -9999 -9999 -9999 -9999 -9999 -9999 -9999
0.815525686456388 0.813186121202999 0.804944519259239 0.793871964302036 0.779058226197902 0.76023992635076 0.741674322656883 0.745406705701488 0.740113123007351 0.720391240924065 0.711142765457761 0.70639552203344 0.705094064898697 0.700293370326822 0.688667071042815 0.680853682296241 0.675031415405018 0.670349269643238 0.663290094676041 0.650424483058262 0.635304159936951 0.618748490880084 0.599303849032413 0.583910824338423 0.581536624786123 0.578723361017323 0.575572201318347 0.584400038767343 0.593669214087497 0.59839584886147 0.605666387499505 0.615292805930368 0.619127182809068 0.617941621281681 0.595567926812854 0.596692402130407 0.623969502135935 0.650255900647711 0.676603103940642 0.705574530067681 0.728375086747756 0.742906682080749 0.758630997054172 0.773739912369287 -9999 -9999 -9999 -9999 -9999 -9999 -9999 -9999 -9999 -9999 -9999 -9999
0.803557822353222 0.801082227576583 0.794960246801684 0.7842551644821 0.767493385997574 0.751394660002628 0.736390072468644 0.733561840118536 0.72970430243191 0.72420138673389 0.71727074778419 0.709718649232712 0.701328535330683 0.691953683011071 0.680658002138374 0.674400344368826 0.670773568653803 0.665858167177539 0.658968689515603 0.647395570067699 0.632894135795795 0.616528540732558 0.599103645867282 0.585366105053472 0.583111575392815 0.581574665101399 0.58059002177953 0.588135529083948 0.596086209956042 0.60116316401203 0.60899763609543 0.619385813564839 0.623300051980051 0.619626992763291 0.581516797571894 0.564171066076886 0.569935441915154 0.623280983048263 0.684193228891306 0.704509634479265 0.720789121175586 0.731659138985366 0.749935311053343 0.77039192952948 0.785685761794641 -9999 -9999 -9999 -9999 -9999 -9999 -9999 -9999 -9999 -9999 -9999
0.788374664163907 0.782331437611013 0.779914535250003 0.772003882106613 0.756833084502016 0.740066795566681 0.723465617003356 0.716648403721332 0.716363013587994 0.72651895490595 0.716436782873337 0.697998425746724 0.688919135196959 0.679321920197693 0.668714442926559 0.664986219275558 0.664850377899744 0.657941916619949 0.650937822933993 0.644122538224892 0.630267886353478 0.611931983985282 0.599108484551147 0.588710223979701 0.584419587765783 0.582975432191973 0.583721876961969 0.589579222470277 0.596399929324923 0.604360445222177 0.614032644395413 0.625290013550334 0.629165971789678 0.624096397435401 0.578158894477845 0.533694581155978 0.490869875343404 0.584248656401539 0.699667587474689 0.701975425153433 0.705330713935113 0.710089586564675 0.733799419592728 0.763316036874208 0.782981569335316 0.795146032177311 -9999 -9999 -9999 -9999 -9999 -9999 -9999 -9999 -9999 -9999
0.801177740199378 0.793980187289684 0.785718973632244 0.7752945038347 0.762011230879554 0.739261363301862 0.714717465874124 0.709479930311284 0.709226580604537 0.716940613870916 0.703422950814039 0.681153624099365 0.669394991426092 0.661812673599433 0.662376666164257 0.66388792660787 0.665893855299744 0.653567119483776 0.643065159319104 0.637854332915965 0.623816753800305 0.604160077247915 0.59611788899673 0.590314901796581 0.588632576279913 0.588462943184884 0.589457450991509 0.592011622350182 0.596120619633699 0.605584471395903 0.614362391126451 0.622505077177196 0.600164781637276 0.572959591264622 0.551534100688297 0.531024346320485 0.511533773684363 0.594572090699827 0.692310017952991 0.689492643885171 0.688480895132983 0.689888683217638 0.721541104709105 0.761153127028275 0.765726699755075 0.77510158378806 0.7922627404385 0.797420361709906 -9999 -9999 -9999 -9999 -9999 -9999 -9999 -9999
0.813950422273856 0.805822087507019 0.790777242358578 0.778013126123387 0.768263056582879 0.742853806755984 0.713662150843269 0.705024180676125 0.701548722905411 0.706325708874451 0.689810281435988 0.664621064936585 0.654796278779548 0.650844677124304 0.658349296011643 0.663266182455063 0.666831741461265 0.650387895800311 0.636623966750312 0.630566318967472 0.61650493985474 0.597348397473609 0.593229587454885 0.591172434971878 0.591898273540605 0.593006702981746 0.594409567482391 0.594897202695593 0.597221262986872 0.607319056036724 0.614656948872338 0.619438930206421 0.5780916051878 0.535232646541843 0.532954947429808 0.536465484057934 0.546418120572738 0.610979362882839 0.680935258250974 0.677498535307502 0.673576498360105 0.669004140939369 0.706126132067504 0.753961631652112 0.749663011578114 0.758151436021943 0.787376573467301 0.802948154782099 -9999 -9999 -9999 -9999 -9999 -9999 -9999 -9999
0.816422297634289 0.807261820765188 0.785643897046323 0.773079856711494 0.772480775091907 0.757914585342325 0.737851150148107 0.706456838081926 0.689726729367731 0.696437825992665 0.678551059506812 0.651041715126662 0.659926441703399 0.664412469495231 0.660318405283332 0.661273133825926 0.664864368391391 0.650078322180382 0.635105661469239 0.620821190279445 0.607591916269179 0.595034379188658 0.591788399152368 0.590064084980159 0.590809810563423 0.592778115327824 0.595687295057889 0.598999360146971 0.603339212006919 0.611548860981652 0.616543145161272 0.618559717386289 0.592824753699427 0.564419337988302 0.550844855516562 0.559999038383033 0.594449414938316 0.630574413874307 0.663900888059243 0.670828814261252 0.66594768549424 0.645242430172025 0.678315640962306 0.727484431121041 0.743044443217595 0.761251638436488 0.783751762845852 0.799650111384178 0.812483432323805 -9999 -9999 -9999 -9999 -9999 -9999 -9999
0.80622734712489 0.794948290588698 0.78202554303314 0.772341743625492 0.766938304282885 0.759786451049719 0.749667171525571 0.706290577626517 0.680277496539915 0.682020554636298 0.670618873698201 0.654195700271971 0.662877689088929 0.665332207683495 0.655639436801913 0.654975231785423 0.659025791156918 0.646190627916557 0.63182135531845 0.614796344528177 0.604535601490478 0.598580981081085 0.588976929542412 0.581725078255465 0.582490379174304 0.585053370401275 0.588999831781379 0.593435444771412 0.59857965118048 0.606280747885098 0.611697040803868 0.61499740349992 0.600862321901145 0.583606512358651 0.567816525281843 0.57890363205434 0.619903985455595 0.631814075047902 0.637002051122712 0.649933362324215 0.654289275483763 0.64715416042529 0.672286124919787 0.708045046950591 0.737961404748716 0.762529087213587 0.77842283840611 0.791623721147468 0.803448653133724 0.802974947402899 -9999 -9999 -9999 -9999 -9999 -9999
0.785297451269592 0.770979075490352 0.779691121471712 0.77515896273863 0.753124219103257 0.750480910484835 0.750997279290478 0.704769258214028 0.672839142901649 0.663764694337079 0.665506301207488 0.671530936351409 0.663982338166598 0.655532909249789 0.645326321923575 0.645029030907625 0.64990642633155 0.639270529959182 0.627040389861531 0.61192438288598 0.606442759770817 0.607094370860526 0.585004167032795 0.567258198167621 0.568042810278775 0.57097574437785 0.575561988469283 0.579679677342864 0.584601563558027 0.59296329139953 0.601145412408061 0.609161201616704 0.603225486000006 0.594319245665349 0.584010001812542 0.593885250851167 0.626225120407288 0.617497818067858 0.601743226257077 0.616981816367466 0.639215842202425 0.670823747700474 0.684715659256661 0.694570106813879 0.734179704881406 0.762261779563298 0.771649703010083 0.779590127731963 0.78694571502977 0.796386745182071 0.802660176622857 -9999 -9999 -9999 -9999 -9999
0.76681342653873 0.756714922677849 0.766297871780096 0.762753208819672 0.741860041389162 0.743442814688719 0.749532361958633 0.713238829782268 0.683454232965813 0.664074380726915 0.658643635058363 0.658858923605592 0.647304839395133 0.635555677866388 0.623425998957256 0.61907379838148 0.618783037731197 0.607655809796474 0.59466246812085 0.57783749893124 0.581724390269245 0.598796420716851 0.578143473891183 0.559426723331023 0.555389334051042 0.559919523131961 0.571043166543298 0.57161191755319 0.573309547322335 0.585036929785858 0.594776677370547 0.602675699402389 0.586277092768722 0.567553845732599 0.561888899504626 0.574979714507448 0.608945022658691 0.598311512022718 0.579527947854844 0.590179060724221 0.610359192797958 0.643308204873723 0.68056151152304 0.718546580361059 0.745621462259698 0.765141470793126 0.772409763105589 0.779089802141629 0.785414866850923 0.785996809119292 0.786066298374125 0.785120874080925 0.784793323663821 -9999 -9999 -9999
0.749134326602548 0.743121357037512 0.749615955293015 0.74606979048617 0.729254478020279 0.734880876705763 0.745277975101582 0.717139160019247 0.689256925868033 0.661784844668751 0.646778678491844 0.636972274562534 0.623869886606227 0.610356066528645 0.596039707876259 0.587925439922483 0.583049936219175 0.57299700418837 0.560869744650842 0.544057851114086 0.554388587628283 0.581998281411677 0.565668811355235 0.549305072942178 0.543062223474695 0.54997164904253 0.567002829105458 0.563619634842267 0.561653142748107 0.576040728484246 0.58650535248911 0.593336967243383 0.56911026777758 0.542596619048878 0.536499486909463 0.54946877444385 0.583658306891156 0.576574083460092 0.561447177190984 0.569484768430273 0.586830494203334 0.616649114652699 0.675474361968463 0.740806093165813 0.755881482129679 0.767182581274533 0.772362925568465 0.777986368331501 0.78355794060653 0.775517985800585 0.772389289522081 0.77898734415677 0.771797209014124 0.757297609128918 0.746073908289365 0.73540331361584
0.733331564161063 0.725266932316431 0.726077469274191 0.721104695922843 0.708489117141957 0.71752724811652 0.730205812343352 0.692253036647839 0.659020919557347 0.633334928569998 0.613036566567158 0.595130401801766 0.582592992538729 0.568659935570704 0.552004531313369 0.544845497969381 0.542645519260023 0.54297384462084 0.541475772669284 0.535413947090849 0.535134434932211 0.538535934757682 0.52934359261717 0.523518734996944 0.530886412495277 0.542870574606835 0.558407500309481 0.551656971921476 0.546265974268117 0.557986352521293 0.566230312074287 0.571254800686233 0.565598890317225 0.554495694587486 0.5250510319157 0.519054420967598 0.539154655091622 0.54670077193904 0.552639415994134 0.572458172756357 0.598488633009513 0.632842772204109 0.678655587996371 0.726652750360147 0.749095687821082 0.762942952007364 0.762850637778721 0.765324499687698 0.768815689469762 0.767514543148446 0.765607345977607 0.762499864679774 0.759660026258347 0.756962072029136 0.746073908289365 0.73540331361584
0.718815717211132 0.713106227244797 0.708596729927378 0.702561522837035 0.694510047845931 0.705601905010097 0.719106902753477 0.676602018124293 0.641756753374063 0.619155639778348 0.595386025169875 0.571307732792668 0.555916399295429 0.540072521838726 0.523345913147673 0.518564771616931 0.520021615609785 0.521164991353852 0.521735212501476 0.520941823258019 0.518466690510667 0.51492096239039 0.506149028896037 0.502341071789372 0.514876087286435 0.530408258192682 0.548246986037098 0.537832178722302 0.528982143438414 0.541193811766594 0.550296288472406 0.556519378964515 0.55980006451199 0.555461721445389 0.512777050165 0.499104087903584 0.517720122803542 0.535078165820816 0.552863676275762 0.576835035102096 0.603571346426502 0.634012692435176 0.670931489818871 0.709230864968998 0.735238344156863 0.747637894103739 0.73796950467478 0.742547228667363 0.753091590077174 0.754951639545352 0.754502943208266 0.749481774205732 0.749217077860009 0.751473906801171 0.739825165995744 0.728529560744657
0.705610904315037 0.706745949942044 0.697287267737951 0.690560626849717 0.687444454548942 0.699206580905405 0.712055710548629 0.670359182986327 0.637707537402774 0.619514429432401 0.594128632413335 0.565841972140391 0.544113736549032 0.524839500681959 0.510352031184012 0.509398101218208 0.515511456487177 0.50772439175956 0.5016415686092 0.500532250778591 0.504433827203913 0.511525331339488 0.496331206685389 0.485858456208298 0.494959383789598 0.512484222768432 0.536491952564657 0.522110356368022 0.509766104203871 0.525686754743506 0.538784638295501 0.549268390158014 0.551670920440943 0.545289799287438 0.49966207015311 0.489813885353583 0.519787056983152 0.542048308369196 0.562289230512566 0.582641658196674 0.601955401959383 0.619877309892197 0.652097686695525 0.688479180019058 0.714176920598167 0.721060026246478 0.697431493005559 0.7094649787491 0.736367241245113 0.737743824436362 0.738995072396691 0.739998093845425 0.740500116095881 0.740736546123208 0.727210571403084 0.714653231440979
0.69072078689163 0.687498408321885 0.681597087556436 0.679582727932706 0.682705095569062 0.693171923597385 0.701845878450362 0.651054279203217 0.612473666483594 0.593412712330777 0.582502667914033 0.574834798678304 0.557618529060495 0.543606124824685 0.535843173231427 0.53049351966952 0.526404102980868 0.515437374675646 0.507797754327689 0.508612549327713 0.509343151029768 0.510020155405579 0.50173937128954 0.496122209612313 0.500706534726506 0.510943889735696 0.525531714956081 0.518363805351521 0.51228119060099 0.521941485627381 0.525980733023557 0.524814393560249 0.520634775763487 0.512678901599688 0.487362426211538 0.485459506174984 0.509615037979063 0.535807892043031 0.562638459389147 0.590286762858492 0.615160127161574 0.636315074651022 0.663827219193213 0.690813014530913 0.677945331446251 0.672014820273008 0.677334300664962 0.687029422783701 0.698683553963094 0.714770997265683 0.72646221483285 0.729446704287924 0.722985316375494 0.711516432287329 0.694785331278544 0.683790095923809
0.678203928754852 0.668246143122766 0.668103419716777 0.67138458587465 0.679190517322677 0.686643435837203 0.689602335290827 0.631439352428421 0.587971472208235 0.567994190846201 0.571467868475387 0.584322256811318 0.572173378354685 0.563503667255982 0.561620412217841 0.550500250584129 0.534556527941649 0.522459219412987 0.514476881840249 0.516185737398048 0.512976205702138 0.506635636113782 0.506523150064203 0.506887251931778 0.507254292742627 0.509845534850264 0.514148482302665 0.515569048323906 0.516991838973653 0.519938205291203 0.514678684365533 0.501819786666375 0.491751396288158 0.482941734268511 0.478029053865916 0.482454430149685 0.497272730395347 0.525168616472197 0.556947553425116 0.592261090710589 0.623803186028551 0.650291551378617 0.674752338108986 0.69386703391572 0.644242518809402 0.627634052288867 0.66456761598598 0.670076791345805 0.662737117168593 0.692110992332568 0.713087151687452 0.717431629069489 0.703467173408051 0.679796693771285 0.659136779649471 0.649793643370374
0.683929067784393 0.668505429319021 0.675770954342268 0.680008255037321 0.680243673056128 0.676303988560138 0.668706632962969 0.629583145542215 0.600430653143093 0.587217120135573 0.580063767574867 0.575153449455481 0.555291444059571 0.539317698642838 0.530928384437955 0.517420510905904 0.501239698881282 0.49283475214047 0.484806143210872 0.477203919227773 0.479448907272791 0.487962615612604 0.484090671741572 0.480406338365988 0.480176042172917 0.48682357230992 0.498764153982565 0.500905495008019 0.503260345191105 0.511612747834237 0.515262959588473 0.51455852702864 0.511834076910408 0.50622619762809 0.487065189143491 0.480882846376511 0.48914529554649 0.505487599566291 0.525097384486045 0.553965812643369 0.579820714673693 0.601637493506508 0.634013105263528 0.666673376959821 0.650258604998118 0.648153815144327 0.669255481764124 0.673219105749897 0.670056833519961 0.680260921359502 0.689634001740851 0.697361271276025 0.684049100461712 0.659583395360354 0.632225046126467 0.620846652865809
0.684344761537063 0.666881140309867 0.680218305493487 0.683124859448984 0.672247070551194 0.661947859918674 0.650574406268748 0.621483385344506 0.598740798443979 0.586146389522153 0.573068760250133 0.559647096171929 0.539674493070971 0.522153214381693 0.509413483602764 0.49262788477047 0.473729512447734 0.470352504293601 0.463112495851017 0.445589447687502 0.449078088720501 0.465942739340584 0.457808526798433 0.450462101678282 0.451333923455963 0.461915098817484 0.479968418201067 0.484955277198067 0.489128830834859 0.496939258046256 0.503874880139067 0.510000355382127 0.512957037083829 0.510805834134334 0.484212414849442 0.472740343105363 0.478097791728462 0.482725388127123 0.489775531030299 0.518130921237452 0.543771047165754 0.565772720593659 0.602394145500476 0.641277786297238 0.639806656062145 0.643576559366643 0.655845831558956 0.664410584723784 0.671209166365905 0.668207155371549 0.66780019508781 0.672532734532755 0.659429716675679 0.636871623180079 0.609224498758763 0.598211136671475
