layers/veg/veg_1500.asc
NCOLS 255 
NROWS 330 
XLLCORNER -2985163.8955 
YLLCORNER -3022031.214 
CELLSIZE 25000 
NODATA_value -9999 
[rows 125 to 149 of 330, columns 57 to 113 of 255]
0.0831316013743579 0.0963137825873917 0.126657848736728 0.157334885643474 0.169771500584274 0.203758968425964 0.262411065730684 0.279350039026054 0.282145285072184 0.261489505123859 0.245111710464508 0.234632059021452 0.225243483264304 0.213204032684732 0.150394215910914 0.115686561036278 0.12792071028696 0.224526271573113 0.35830673078513 0.464923052298412 0.554176211309818 0.60794592505843 0.649274760858811 0.683803573922412 0.758759894331635 0.81233406030278 0.80787442772282 0.80894639806535 0.813695869466966 0.822722216911109 0.824129698736841 0.799750626376935 0.772291643834413 0.742360668592448 0.71783458502288 0.690115256598928 0.645512004101532 0.609206781431173 0.580911577048483 0.558115075620853 0.536607358634425 0.515910383936606 0.48951544102295 0.456509503464422 0.452540303855851 0.45795378204556 0.474634959435394 0.492084651720563 0.510608817404947 0.529939238559034 0.552430958332964 0.626165599615386 0.671350514718718 0.668147412779828 0.645314330039416 0.613874264796919 0.617151373382184
0.0865730849141603 0.113291154767667 0.13772081769974 0.162284957179566 0.190308737859574 0.211121737664599 0.223682106391008 0.229789043274982 0.229408785252251 0.187703255220817 0.174186393696625 0.19953380885915 0.177814906929155 0.139766105013553 0.107448625092861 0.0809703341086754 0.0642458145350879 0.163774337400757 0.31386622546178 0.364617444207009 0.404170165370361 0.420837581167879 0.496216735294329 0.603686965083926 0.697192475890873 0.760265202677475 0.74739750470598 0.753339337015546 0.771786055973483 0.80665298448614 0.829117258662202 0.806904986981497 0.780106675144687 0.749627522921935 0.728705410186071 0.703726847213747 0.655636604040415 0.615982117206313 0.58447059490186 0.561923327403964 0.541731266900255 0.524361022827821 0.496371352213028 0.456060627962305 0.44969577547297 0.453968855248226 0.468400695945065 0.482772274899673 0.497059600914732 0.514518593492262 0.53397174360649 0.568611479280358 0.59499426796168 0.607382621484999 0.604111081934553 0.593883251243496 0.598813599605555
0.121473041357932 0.113731828454301 0.127712313194698 0.147050183106304 0.17165216486596 0.184093611578065 0.182617507444298 0.173605384096957 0.161334576310581 0.138658760833749 0.139747118994779 0.173599614960181 0.147964465036519 0.104082240292591 0.10743448606178 0.0990115078168746 0.0709192151190658 0.130896610433325 0.229022700880113 0.237182789756634 0.246518070564685 0.258254979450065 0.317476728104509 0.402653075094026 0.563937462286235 0.685910652485811 0.70102250340682 0.715518241420309 0.729604377388666 0.777393715279013 0.81247416566325 0.796958737649522 0.778352515150913 0.757265564011182 0.732747519238802 0.704249358217323 0.660992638133336 0.623846599922492 0.592599151446106 0.570398827387654 0.550333148282047 0.531685104987201 0.500074689132189 0.453424846531709 0.445037055406149 0.448173624568447 0.458516396044645 0.469826806149883 0.482490087843258 0.498350130071845 0.515486660837942 0.534837397353903 0.552083420734266 0.565762233191644 0.570567744500819 0.571413922268505 0.578381810878761
0.172000574291816 0.105957592237577 0.107236165699273 0.121788214780344 0.13352534391129 0.139981174091604 0.140392636455022 0.114131794743717 0.0856410775446788 0.101905189722133 0.123432958469615 0.152217834989634 0.126846285558288 0.0871534025040596 0.128747337335683 0.14326089310522 0.112539429087585 0.111865909878332 0.124108231474827 0.096271281284361 0.085067659996235 0.107855992396296 0.125978722982212 0.141551296051195 0.39507031390838 0.600485273577221 0.661652891751758 0.686532652126991 0.687287644806702 0.741582052084108 0.785085646968089 0.778517445006746 0.771844682926798 0.765087998967797 0.733397337646298 0.698269627569364 0.663979799212828 0.632252136464838 0.60299771059455 0.581192868976193 0.560662776940898 0.538449549317022 0.502211926650726 0.449702679255928 0.439477102167741 0.441479092054163 0.446818873253064 0.455076531992412 0.467413723631395 0.481810174094941 0.496988727642504 0.512876487996321 0.525787192435974 0.533652180100394 0.540829608937054 0.547713444409224 0.556909781613115
0.274523473528432 0.15421722212606 0.1263562958772 0.118596969119898 0.117739411004296 0.11363889162124 0.105826851474133 0.0828039142020359 0.0584785463390607 0.0594066038172483 0.0722360779069024 0.101474271267319 0.0941307399601668 0.0771957166703107 0.116544521735039 0.131820202983636 0.106884178566475 0.110115581603358 0.125617363706994 0.118851073637139 0.114855647810087 0.116522773933438 0.0951650804746264 0.0612223188783026 0.296526315869692 0.49066729736793 0.555263401043551 0.623655665209638 0.694571679619511 0.738480671402121 0.766014275064359 0.748454254740239 0.740171185355291 0.739333967841013 0.711093221634709 0.679269682938676 0.649192626302419 0.622219384471606 0.598242228925291 0.579255047581772 0.56093766768684 0.540406497383822 0.512338733067929 0.475526732074617 0.453723178379329 0.438111224754247 0.440540522640065 0.443413109384263 0.446905465620748 0.459151760070403 0.474273554271576 0.484391101043098 0.494512371732478 0.504639953971035 0.514752528013532 0.524858256940937 0.534953683208298
0.355461917290557 0.198682810578819 0.150128989657184 0.125028047898199 0.107547677561122 0.0931969256632095 0.0824279753542002 0.0605456979004383 0.0370537381691279 0.026241557059198 0.030155674455733 0.0543732318526131 0.0635398915151489 0.0692859490905746 0.106975261583338 0.123221061968911 0.103647655679005 0.108953039192169 0.125210161444239 0.132507579608905 0.134106842322072 0.124061326208781 0.0778681159913932 0.0119170444065937 0.209971693746941 0.38201359684136 0.463451151780544 0.571235567461774 0.6965358116723 0.732250319293291 0.746370272965225 0.716425676611288 0.705849207443999 0.710817954263048 0.682751869611707 0.651830795665809 0.629224146284359 0.60940095359509 0.592264608202351 0.576311459709027 0.56019268834513 0.541634123088123 0.519911106323488 0.494516575226298 0.464605561736178 0.436290102340423 0.434035741376723 0.430935124386546 0.42665134283457 0.435738938657884 0.449353975254627 0.457738613441257 0.467209787373542 0.478522495961814 0.490595610097901 0.502996243920353 0.513232069961843
0.385348127694338 0.232666046282617 0.183271734834201 0.152762474742964 0.109435308576721 0.0856816778461194 0.0843296662542969 0.0581310588926378 0.0271941167354357 0.0146140120239951 0.0100535374204447 0.0165498859995178 0.0381828739674528 0.0658370223471059 0.104509067486198 0.12291416171571 0.107465375121814 0.108579295459348 0.116995293984271 0.120490514042793 0.123100574539276 0.123901718551503 0.0863246256402734 0.0277704855493337 0.148583355226673 0.27680815130282 0.407143800826146 0.543828356692474 0.684733770441696 0.717809428242889 0.725148684777852 0.680274677718046 0.666277768846102 0.677063388286575 0.641337323210788 0.605504676814046 0.597973987331761 0.590802771376643 0.583978552189019 0.571476519928568 0.557437969942911 0.541347905471952 0.521382586566536 0.496921053336423 0.467155548616307 0.437900509006217 0.426838614121632 0.416494331975796 0.407153356081283 0.410797058967587 0.419526961340305 0.435489207637026 0.449154795889242 0.458927851936401 0.470713746755248 0.483379160741854 0.492062469469216
0.425402745793183 0.328539553618978 0.275214247363646 0.227663454405296 0.162154257309815 0.127879580970681 0.129352347410429 0.100991626776448 0.0641193962442095 0.0245414787790697 0.00961350348171128 0.0286708926393666 0.0361220048209782 0.040938404084439 0.0704380811068629 0.0859356451433687 0.0780441031216436 0.0740242032125638 0.0720134471378343 0.0972511225209894 0.117624178971148 0.128055875970535 0.106321704474677 0.0670060859116488 0.154058464190784 0.252655675117397 0.368788198311462 0.496475844708031 0.631845528013346 0.677383902751712 0.696684034688669 0.657016691243459 0.619775030757103 0.584480268137867 0.554780300336863 0.535234929266262 0.555296500755657 0.568803540738 0.575983546673355 0.568840905551762 0.557701791839437 0.540676358001966 0.520797481983032 0.497607936218929 0.467064091171699 0.436145198614295 0.420593650053139 0.407100717411772 0.396485969771688 0.397010581999875 0.402061742649838 0.416230204067907 0.429445886238218 0.441046733359368 0.4531483833077 0.465439342353851 0.472629065287627
0.471631944191498 0.461994800733211 0.402861847257348 0.331205463868447 0.245739597555401 0.20026488920665 0.200559464214016 0.171344739108787 0.129453954406531 0.0475578337009386 0.0211129233952307 0.0711196973200386 0.0482072973239334 0.00301485147060373 0.0171756604689286 0.0266889577360057 0.0284390591983963 0.0187131098815552 0.00470552197130296 0.0671971780388577 0.115505697548403 0.134829488633247 0.133326583672177 0.12044007642568 0.200135183355085 0.277721137746931 0.341333467947161 0.437011911973832 0.554008438518337 0.621179681449117 0.663821167231741 0.641587751643109 0.569063387343798 0.456174580353083 0.440811331142694 0.450425849457439 0.505679977691674 0.544739085414956 0.568165276269319 0.567540791453539 0.559798567333097 0.539770825999148 0.518963553735585 0.497251840694891 0.465368664789299 0.432346117864083 0.41492686973083 0.400771909633126 0.391180804683667 0.389998020078563 0.392102998871105 0.398787067769468 0.408732664915648 0.424206121889591 0.436989672213696 0.448518012449291 0.454249934681571
0.483268871255607 0.49616903607199 0.43025736174408 0.351485962693309 0.29139882746591 0.255768566750521 0.248128833854922 0.262004731316979 0.266013207649915 0.131621293529649 0.065215534205245 0.0925436357112454 0.0638364683039757 0.0183425756125307 0.0240509881044122 0.0300895467052376 0.036679580812979 0.0397390089622443 0.0415813335240144 0.0763682331793512 0.104679118296107 0.119755587886546 0.125592785123477 0.126379915770525 0.159990471209283 0.190020017759604 0.207904446912366 0.239517562512673 0.280257735795564 0.424349385338436 0.541533595823859 0.542465428339711 0.528918781012763 0.503751438812163 0.494253779987959 0.495436480146821 0.532227490748488 0.555914228352784 0.566951521625905 0.566328046645517 0.56104696833591 0.542687808055318 0.521652257406615 0.497511459111568 0.467659070930703 0.437168365233122 0.415452816494406 0.400258770614546 0.394182545856029 0.389689951889346 0.386002901523641 0.386504280894089 0.392879698435298 0.409210835247875 0.421093103823733 0.430935237237322 0.436185661337194
-9999 0.521344793930218 0.445849731095689 0.363832572829001 0.333006685899577 0.311927122291517 0.302002080244802 0.350062818137184 0.390877853529194 0.228350612092791 0.134857222185566 0.136542173386945 0.0973557867321074 0.0464309454051767 0.041302662092136 0.0397492861815684 0.0441674296030397 0.0546119275517462 0.0676613188050253 0.0740366962137018 0.0842760414711275 0.102411810645767 0.115691272140662 0.126316338762744 0.123811035946781 0.117595602502356 0.103186168961173 0.0827248425956359 0.0582401178439721 0.257925028565196 0.430795624156948 0.453237111876199 0.486687507276457 0.528973854961915 0.530328787805902 0.529799851037437 0.546585606002159 0.557556439049022 0.562914176954715 0.563239521442358 0.560308472027006 0.544377486546417 0.523585710051661 0.497154263038001 0.469920253493846 0.442812526140857 0.418904165315775 0.403330599525204 0.399410048668842 0.392959704078329 0.38553844873661 0.377065655430204 0.377783065674356 0.394076657743735 0.405513007887628 0.414728291360273 0.419812940623855
-9999 -9999 0.445849731095689 0.368597420293115 0.369904538640232 0.373049989796817 0.378299385413688 0.426938491466962 0.469143124855003 0.35031075301485 0.271900927067771 0.24922246734561 0.181614290018696 0.101446238133696 0.0773750048337188 0.055945397080933 0.0389283562136974 0.0378691468307322 0.0437038412862158 0.0315017859114047 0.0379565430767569 0.0825384551584766 0.105908084757469 0.117683355519266 0.114768796713768 0.109646803952486 0.10028997278928 0.068050788109302 0.0205990365709549 0.204520770961967 0.369564592362093 0.407713546302337 0.436532653282723 0.457863453070948 0.485942480019075 0.509870300859784 0.512021016034347 0.525380692900265 0.549560286060169 0.55474717484689 0.554017895213023 0.541843792302322 0.522523811081186 0.494912916072239 0.471369518147044 0.44924288408399 0.429627191783544 0.415637464737671 0.409513492861473 0.405281626179193 0.400556689782727 0.374853912417354 0.363971190675112 0.378206506827888 0.39079404780841 0.402593991479216 0.408241414765777
-9999 -9999 -9999 -9999 0.393503421399046 0.398949608295321 0.410628874801056 0.47332323847956 0.534055250108242 0.454580149900653 0.404414077586593 0.394656943679119 0.330936509560022 0.248790164941035 0.178178292069516 0.108371046364315 0.0399078485288368 0.0392182240122724 0.0678852106472079 0.0272704597539921 0.0120495740948572 0.0487237177512013 0.0740548632578193 0.0931860729044155 0.101349265744137 0.104654203566547 0.096649774457369 0.0664320291040091 0.0214465039301403 0.161810221362753 0.28887469457689 0.320165632797278 0.353418061350323 0.388244818209993 0.374832617544473 0.36179158917071 0.380146490021315 0.424368879820683 0.493560938789056 0.52745870715851 0.548828875320545 0.539880047075459 0.523542957630332 0.498633732754082 0.475296194937219 0.452232450565932 0.427647549033414 0.411824409294915 0.408251233786242 0.403815721990582 0.398176212236646 0.376593861268112 0.366839248727509 0.377131091449962 0.386205715312651 0.394704727050237 0.399520724236852
-9999 -9999 -9999 -9999 -9999 0.398949608295321 0.410628874801056 0.497288038963984 0.589148820890041 0.545841561026671 0.533595916176305 0.564175536374957 0.528100012248383 0.464023240721201 0.326578175721631 0.187436237682615 0.0454598457631813 0.0538702255638754 0.127463024240366 0.0512037193304634 0.00115191683972318 0.00465789666337523 0.0259735685399683 0.0570237873994191 0.0847111166960543 0.101835292627513 0.0924625121080874 0.0744128153388207 0.0505945612190857 0.126962744178722 0.193876712791081 0.20171725980149 0.246068208262503 0.319723078100528 0.214660994442848 0.119484931802673 0.176720068860882 0.272741978050619 0.406204431630889 0.486349471105911 0.544449829091084 0.538335384770422 0.526092294793803 0.506738522188376 0.481044510304769 0.452692006651599 0.416327646769096 0.396158392896856 0.398631784874605 0.392211643417426 0.383002474937219 0.381239485051677 0.381972044270041 0.386934229783661 0.389066422782267 0.389936832790722 0.39289624997159
-9999 -9999 -9999 -9999 -9999 -9999 -9999 -9999 0.594972385575389 0.555488180830523 0.54725084510039 0.582094187787903 0.572739485005975 0.543127498636433 0.436616249573458 0.344269892347251 0.275584546698846 0.207551917612207 0.139642700689435 0.0560964695076279 0 0 0.00978346023677559 0.0249144331114289 0.0642995107270201 0.0923464822148728 0.0893581420497677 0.0655595892730446 0.0279260631637447 0.0828945118143805 0.132421185771743 0.137976377989983 0.143919202420928 0.150173147612888 0.132974581780147 0.112945629819274 0.0954115623020524 0.137132570897121 0.236052005286 0.353307270918304 0.461607598227775 0.494394814319112 0.509270640389432 0.503365005590587 0.484456285943438 0.459687415418533 0.414773506998077 0.39117220809912 0.397368421438033 0.388696723689735 0.375503634280906 0.37727951796796 0.380103927043919 0.384705448238897 0.387601442253557 0.389734572898554 0.392787528503802
-9999 -9999 -9999 -9999 -9999 -9999 -9999 -9999 -9999 -9999 -9999 -9999 -9999 0.593352854898597 0.530771385973945 0.489327306077253 0.483191085377688 0.346240936633656 0.152298925542198 0.0611806559923456 0.000119475389222236 0.000483111278195608 0.000376504137866471 1.28682488930969e-05 0.0448550040177733 0.080027063852523 0.0864465523415881 0.0575463600793226 0.00516506022678767 0.0420514606013297 0.0772398854644794 0.0814797252781479 0.0558712286783804 0.00630590693448917 0.073159470198508 0.126985891007583 0.0535928621640044 0.0439153924734061 0.0957420152797369 0.218491562299859 0.34797395905603 0.429542043813083 0.477972808569432 0.487956422205983 0.481201976448898 0.465794792127056 0.414356338849413 0.387738975458391 0.39582438879247 0.38501852170466 0.368505747594732 0.371691123833509 0.375623600657969 0.380822314350882 0.385037801066922 0.388806317584309 0.392104791428017
-9999 -9999 -9999 -9999 -9999 -9999 -9999 -9999 -9999 -9999 -9999 -9999 -9999 0.596134230266157 0.582825373890303 0.556597154373949 0.508788452326006 0.368348013503306 0.187506404149679 0.0753240035528993 0.000682178308031444 0.00275845959988763 0.0021497561749628 7.34748831066085e-05 0.0306528273442789 0.0601313595403687 0.0837753036855348 0.0600307941459644 0.00478165727575526 0.0172162863202347 0.030626735066218 0.0278691717670342 0.0178545034196427 0.00201514875525464 0.0600675227239321 0.113991418843864 0.104725844248478 0.100940670769838 0.102445682321127 0.117407734836654 0.154515853435045 0.305699552823134 0.401465414449371 0.432933439584394 0.454242488142436 0.465741892199504 0.413874947840052 0.385383911217146 0.389575118227915 0.377187604958572 0.36000096477411 0.363835042902137 0.368907192488853 0.376077709761015 0.380295117954392 0.383182816888463 0.386435523473273
-9999 -9999 -9999 -9999 -9999 -9999 -9999 -9999 -9999 -9999 -9999 -9999 -9999 -9999 0.613422585436217 0.599306578962813 0.561611218940614 0.467362933178045 0.348038256221002 0.232018890972148 0.132102938497604 0.0650960004759061 0.0292648365368504 0.0104739468839704 0.0206041824753812 0.0369140227141522 0.0662152697564464 0.0550389567362023 0.0169524927009536 0.0199022790633636 0.0246484020009442 0.0234763755029204 0.0159409356684506 0.00329810296258438 0.0377303435173996 0.0775492458555395 0.111110748057025 0.119998782844055 0.105069727390458 0.0832881048400282 0.0838162439293991 0.224486219101691 0.316332458274109 0.351531583069737 0.381106058799109 0.404489875311668 0.385875995910716 0.374019043108481 0.371609061256123 0.363894430166386 0.354958071816829 0.358349861106566 0.362951292884305 0.369602908995069 0.374183522101876 0.377825170810872 0.380825359939911
-9999 -9999 -9999 -9999 -9999 -9999 -9999 -9999 -9999 -9999 -9999 -9999 -9999 -9999 -9999 0.620266705652916 0.638543232805956 0.634483012756252 0.619550161603509 0.514949218919446 0.37940406394029 0.180621162781279 0.0788211817601156 0.030030808642908 0.0142336663564097 0.0107552392778142 0.0354705843691403 0.0434265635312054 0.0402406391947559 0.0469594336093933 0.0546539248231 0.0626679928062523 0.0459982466389909 0.00951681611851635 0.00720611910865945 0.020343138321871 0.077869328785901 0.105435357343766 0.104081094004395 0.108468114645121 0.121824494409281 0.181022813949686 0.223561200703299 0.246770113815535 0.267077987739357 0.289043442165214 0.333509075536888 0.354675611166678 0.343267292488047 0.345764193975841 0.35298082930704 0.354964211151562 0.357668855900846 0.361595946060242 0.36685969590132 0.372702950284523 0.375267535880943
-9999 -9999 -9999 -9999 -9999 -9999 -9999 -9999 -9999 -9999 -9999 -9999 -9999 -9999 -9999 -9999 -9999 0.681002641342306 0.712584442542571 0.649890120427674 0.562647570239636 0.425238139044881 0.248314757436221 0.0497935623651445 0.0182406773698171 0.0033646665823035 0.0152691110502457 0.0263559683170778 0.03689928009807 0.0460284743499637 0.054518441208433 0.0613508345129877 0.0527905203200827 0.0318757352815166 0.0140552704891691 0.00715133487163661 0.0446315186604729 0.0741175829835298 0.0958869911304351 0.129264235067758 0.165502096181135 0.204277587453548 0.229353634162899 0.238535075775575 0.247937614915553 0.260763179307669 0.304188727992199 0.328428508149975 0.32584434767804 0.336151413431078 0.350414891769942 0.352344620093982 0.3545197695783 0.357110875531399 0.360968706822523 0.365393800682528 0.369229074997164
-9999 -9999 -9999 -9999 -9999 -9999 -9999 -9999 -9999 -9999 -9999 -9999 -9999 -9999 -9999 -9999 -9999 -9999 0.763547834244371 0.740328729416203 0.706234083334161 0.649914127044754 0.415082910899035 0.0826797524156927 0.0302459596306801 0.000532018192722797 0.00241433873661086 0.0152387575813542 0.0353376642470558 0.0449336937900592 0.0522357540737216 0.0551383225870157 0.0552449300039274 0.0531074474934133 0.0254191574295029 0.00244363167497691 0.0152507181748147 0.0416766094941674 0.0812486183780852 0.139023936365169 0.196162102066509 0.22704277609912 0.243315291242734 0.242638877131498 0.244143332337186 0.249241267070857 0.281486068012973 0.304003361427236 0.312920465511666 0.329508842964745 0.347943162602261 0.349962149602691 0.351749686397133 0.353144945646023 0.355492937182007 0.358285450023654 0.363122785832122
-9999 -9999 -9999 -9999 -9999 -9999 -9999 -9999 -9999 -9999 -9999 -9999 -9999 -9999 -9999 -9999 -9999 -9999 0.763547834244371 0.740328729416203 0.708511950485115 0.659124921987721 0.460821456468356 0.181122195423667 0.0730270606426606 0.00372912998438134 0.0169230734931654 0.0388310444529035 0.0665322449030501 0.068075340129445 0.0661813648663656 0.0606695269996042 0.0567978491433322 0.0542425939524786 0.0259397054368957 0.000831276763217313 0.00518800266460746 0.018608837576577 0.0407791805584737 0.097422554126595 0.156536090828829 0.187624283081567 0.209958220499365 0.22213514586631 0.232273166510906 0.243630948267378 0.271301039781483 0.294885816145616 0.312758845759356 0.330119782413637 0.34647040539633 0.348081677821233 0.348968246062881 0.348626536381654 0.350814385059782 0.354140886338184 0.357107019857915
-9999 -9999 -9999 -9999 -9999 -9999 -9999 -9999 -9999 -9999 -9999 -9999 -9999 -9999 -9999 -9999 -9999 -9999 -9999 -9999 0.633419898731415 0.637339753755391 0.488097582932604 0.255139032727009 0.105626020835522 0.00430066982438566 0.0175094814711185 0.0445393121628352 0.0807575847741523 0.0806285145833381 0.0746291989446006 0.0600741762817871 0.0538492451822224 0.0543101991601742 0.0265815939302461 0.000725699150472735 0.000239034772356099 0.00478159167852823 0.014178813523193 0.0667571425686061 0.124246883552897 0.157357522029574 0.185948291009194 0.209294939293736 0.233113445795207 0.258056679801108 0.292034833565284 0.319207717588746 0.336866041315105 0.342460489821908 0.343759824703546 0.346022634741379 0.346910051363141 0.345466357709476 0.347211419324693 0.35038616265329 0.35231276505371
-9999 -9999 -9999 -9999 -9999 -9999 -9999 -9999 -9999 -9999 -9999 -9999 -9999 -9999 -9999 -9999 -9999 -9999 -9999 -9999 0.629807818889084 0.622733929736463 0.495724740822493 0.303160470610125 0.12738845067795 0.00207789649913424 0.00327879750690334 0.0312141840599006 0.0769230985187058 0.0819127133875899 0.0772259231939732 0.0529585267590674 0.0461098125959263 0.0532416539868924 0.0273526212640599 0.00222373694849358 0.000732466690799827 0.00078874528875629 0.00233885976019071 0.047730538634364 0.0997660046254967 0.136830659783304 0.171886228247588 0.204610779607381 0.247481049701628 0.293806145845985 0.345674551468625 0.379118164286926 0.386801769232251 0.367284818185088 0.339731867633627 0.343773543877944 0.34562158411153 0.343751700887433 0.344753166154063 0.347046333347988 0.348818525943873
-9999 -9999 -9999 -9999 -9999 -9999 -9999 -9999 -9999 -9999 -9999 -9999 -9999 -9999 -9999 -9999 -9999 -9999 -9999 -9999 0.593662701700658 0.594292548832279 0.49803506906814 0.348820231427926 0.158376054518511 0.0182521540432205 0.00968385112372084 0.0346713396699524 0.0819672730526736 0.0854369544677974 0.0809037853087177 0.0630727884452822 0.0539787931675457 0.0518972764538843 0.0256115224631463 0.00131754273283267 0.000433979462435548 0 0 0.0538984379651792 0.113433429120111 0.139623852918372 0.15785417565866 0.166848893096578 0.204520862423406 0.252700838672651 0.323312057330745 0.365931597639832 0.369415509000164 0.361272946171184 0.349335643465135 0.344479044807026 0.3413651530158 0.341204919310306 0.343972053154489 0.348038296468764 0.349095737165744
