layers/veg/veg_5100.asc
NCOLS 255 
NROWS 330 
XLLCORNER -2985163.8955 
YLLCORNER -3022031.214 
CELLSIZE 25000 
NODATA_value -9999 
[rows 150 to 174 of 330, columns 57 to 113 of 255]
-9999 -9999 -9999 -9999 -9999 -9999 -9999 -9999 -9999 -9999 -9999 -9999 -9999 -9999 -9999 -9999 -9999 -9999 -9999 -9999 0.483212558506783 0.494537119839784 0.443378557377789 0.358067528808574 0.189085179686723 0.0603486248947612 0.0415497182450333 0.0579739164521414 0.09781501699848 0.103146514586336 0.102379967579609 0.0917987808632884 0.0822348041451964 0.0734872589268324 0.0357680449083406 0.00162097083830567 0.000533924278508341 0 0 0.0659565377159143 0.135415890334268 0.144034990713664 0.139823002713222 0.120723908756092 0.155960340924144 0.208832653989878 0.283503401838337 0.326517881205789 0.325273207487527 0.349554596477716 0.381431414952265 0.384624934874536 0.385608896896161 0.382847949958533 0.380226244928854 0.377624962665797 0.369119845969122
-9999 -9999 -9999 -9999 -9999 -9999 -9999 -9999 -9999 -9999 -9999 -9999 -9999 -9999 -9999 -9999 -9999 -9999 -9999 -9999 0.478048396075338 0.473655286942594 0.441376258092853 0.393855146738914 0.237538117474835 0.104678006460889 0.0414835033363542 0.0407998642894107 0.0816744809724922 0.086472193612613 0.0830736236377602 0.0635421533073305 0.061616311576938 0.0738210719706096 0.0450853149248317 0.0150743889843357 0.00496528504536725 0 0 0.0485050991740587 0.100982841777537 0.116961056277614 0.137487212683859 0.16329006043831 0.192155223135267 0.2237418496917 0.272285052403926 0.301877925007827 0.304976027332901 0.340492313786216 0.385374644101764 0.388827739925048 0.390824411855309 0.390352637548498 0.38510484244323 0.377725347015227 0.373556731671526
-9999 -9999 -9999 -9999 -9999 -9999 -9999 -9999 -9999 -9999 -9999 -9999 -9999 -9999 -9999 -9999 -9999 -9999 -9999 -9999 -9999 0.457258887426409 0.443046700199466 0.421066315528201 0.270347538756368 0.133301225498949 0.042943713686009 0.0286367065148382 0.0648893319281269 0.0736026636807086 0.0736664739753282 0.0536996555407811 0.0549519172865305 0.073235004018884 0.0484898594914676 0.0207372701113731 0.00683055593647861 0.000295009102263133 0.000874788005721351 0.0345166886591246 0.0715578899817947 0.0878012519740475 0.114357599096426 0.152879455130982 0.193335641909747 0.233780228684219 0.269179172995357 0.292479253622448 0.298863712615973 0.338242702356021 0.387052975628163 0.391889643839136 0.394485804196034 0.393284599508303 0.386646826488592 0.377626927608994 0.378444512492916
-9999 -9999 -9999 -9999 -9999 -9999 -9999 -9999 -9999 -9999 -9999 -9999 -9999 -9999 -9999 -9999 -9999 -9999 -9999 -9999 -9999 -9999 0.449419809011648 0.437295991876871 0.283126624005317 0.141813895026785 0.0463583957709791 0.0228896188339931 0.0472788048197152 0.0656048800131013 0.0769344915481622 0.0674350539125027 0.0661546871608742 0.0714710982426412 0.0443236077106716 0.0164249596439201 0.00541014342773447 0.000967754978001463 0.00286967568369366 0.0249624227970452 0.0485454261304415 0.0559706495574717 0.0646030720443497 0.0746361317790396 0.149682696757286 0.237581896423266 0.276460695971891 0.302595891102307 0.310914041903962 0.344716199607053 0.385831277583143 0.393490710406782 0.396157260433212 0.390361533225678 0.383916530131583 0.377273955076629 0.383909630305317
-9999 -9999 -9999 -9999 -9999 -9999 -9999 -9999 -9999 -9999 -9999 -9999 -9999 -9999 -9999 -9999 -9999 -9999 -9999 -9999 -9999 -9999 0.451120799578072 0.450486330959236 0.307793948505569 0.172887941558316 0.0709716041017355 0.0331482731102015 0.0379350322603483 0.063939931555142 0.0833571294213409 0.075478230033335 0.0714450501016753 0.0704985155124197 0.0418986638390512 0.0144568036158421 0.00902153672777398 0.00505290198797 0.00249999490566382 0.0314051312892464 0.0602298515900332 0.0497017719748646 0.0698702651011028 0.125654063599762 0.201288882906573 0.27642429189494 0.296315915938774 0.308548578661768 0.310073120755192 0.343140364727138 0.385535116667457 0.391446703369834 0.39401961245592 0.390933903719119 0.389360796335523 0.388538493354217 0.397237458906744
-9999 -9999 -9999 -9999 -9999 -9999 -9999 -9999 -9999 -9999 -9999 -9999 -9999 -9999 -9999 -9999 -9999 -9999 -9999 -9999 -9999 -9999 0.459446334205514 0.461708668523438 0.338771293300828 0.216794815417505 0.10891473113556 0.0527458220293188 0.0309553569545752 0.0626431557828903 0.0880986341691507 0.0781980613692911 0.07220117956314 0.0693374721241496 0.0407662551937712 0.0145696531438721 0.0143364339244975 0.00991947982605298 0.00146400169351604 0.0424583908983551 0.082202488063996 0.0534535106486942 0.0930017971867566 0.21179110949962 0.278281080891126 0.324579767822453 0.320614413752426 0.314846504581801 0.30655841328072 0.339770643456263 0.385566632733034 0.388925876785517 0.391639606957261 0.393259276315034 0.397633920396919 0.403277629171747 0.412559179177285
-9999 -9999 -9999 -9999 -9999 -9999 -9999 -9999 -9999 -9999 -9999 -9999 -9999 -9999 -9999 -9999 -9999 -9999 -9999 -9999 -9999 -9999 0.457537723638065 0.456848225575068 0.400580151820931 0.329858198010048 0.22762622329511 0.124320184337067 0.0203000897161555 0.0406241862999711 0.0593781868308076 0.0375864115754986 0.0402982992387817 0.0626772785550192 0.0487203906580073 0.0311466378910612 0.0206969232678467 0.0108558166782607 0.00160219429649238 0.0468432240842558 0.0932867456838558 0.0794788823452895 0.118096195979682 0.217539149753911 0.289887056675945 0.348372001351993 0.349840053983241 0.342058443710616 0.321344726588462 0.346284697072167 0.385968423270444 0.39504483458775 0.40146422075631 0.40338030004996 0.408367465754504 0.414740979317179 0.421224560431239
-9999 -9999 -9999 -9999 -9999 -9999 -9999 -9999 -9999 -9999 -9999 -9999 -9999 -9999 -9999 -9999 -9999 -9999 -9999 -9999 -9999 -9999 0.463667429155794 0.459736403108338 0.441716517243462 0.401151839589305 0.304678616130887 0.171463284502595 0.0138211920237637 0.0247676059675182 0.0399337364691991 0.0205969510407717 0.0254181023482896 0.0496288591001275 0.0453649405008894 0.0356064566633109 0.0201488096972836 0.00875789583928492 0.00129256519144028 0.0453917573861287 0.0931417791750614 0.0987118548078774 0.13764462075371 0.215286020837738 0.290572748113841 0.359168391558505 0.37285916865879 0.37083737202774 0.346847565915001 0.360191348236525 0.386430684485667 0.402613070189571 0.413186521457979 0.414253569290115 0.414981088517013 0.415562205372708 0.417087429374335
-9999 -9999 -9999 -9999 -9999 -9999 -9999 -9999 -9999 -9999 -9999 -9999 -9999 -9999 -9999 -9999 -9999 -9999 -9999 -9999 -9999 -9999 0.469336030979202 0.47417199108505 0.450869576020689 0.407821711359219 0.31727841769233 0.180807724141872 0.0138037359786978 0.0184451239625761 0.0348405815390368 0.0401543994415116 0.0368744339849339 0.0266969395536215 0.0245119421161929 0.0213192847741382 0.00891209826658946 0.00196554391645595 0.000290091786346892 0.0349106991441194 0.0756235951738038 0.107436013140829 0.148612629665169 0.200653937632305 0.274363196134648 0.349858351439807 0.386275899669286 0.402040656975823 0.388930405351532 0.385535406257496 0.386986502497472 0.412423546050448 0.427844815502915 0.426290670031037 0.415220601147218 0.399918541754884 0.393142978748581
-9999 -9999 -9999 -9999 -9999 -9999 -9999 -9999 -9999 -9999 -9999 -9999 -9999 -9999 -9999 -9999 -9999 -9999 -9999 -9999 -9999 -9999 0.481625375022335 0.481329888705532 0.459227537683344 0.419718828912911 0.338061944901911 0.19636991127688 0.0147655178202324 0.0103774037425134 0.020499426522007 0.0268366808718867 0.0270360756744933 0.0223091112356173 0.0162522913686883 0.00992438833824041 0.00326894954425601 0 0 0.0304397190770727 0.0658375586720389 0.0928787230553427 0.134031038906032 0.191555637516143 0.253177112902393 0.314444371287892 0.362023796616673 0.388702100561835 0.386158200647572 0.394211891740949 0.406409344553877 0.424377515063282 0.431581327443117 0.420540973789454 0.406030635067761 0.390021028159475 0.383237615995579
-9999 -9999 -9999 -9999 -9999 -9999 -9999 -9999 -9999 -9999 -9999 -9999 -9999 -9999 -9999 -9999 -9999 -9999 -9999 -9999 -9999 -9999 0.452683235445537 0.482224736863956 0.466028559809617 0.432755726134386 0.360399763438288 0.213692837503813 0.0175561622029127 0.00254918945539859 0.00286155647125137 0.000881585089701944 0.00890227889069709 0.0249496909578165 0.0129855162620807 0 0 0 0 0.0281985046235547 0.0587679884181983 0.0684812650664749 0.108595779362447 0.183982940270909 0.230572101741687 0.270574261120557 0.324152002835092 0.358649844327325 0.366471761419129 0.396255498992382 0.432163194437936 0.436057644127283 0.43014253256965 0.407601509652374 0.393190008964124 0.382497781368658 0.378982658407896
-9999 -9999 -9999 -9999 -9999 -9999 -9999 -9999 -9999 -9999 -9999 -9999 -9999 -9999 -9999 -9999 -9999 -9999 -9999 -9999 -9999 -9999 0.429169428465512 0.422344780588696 0.431022173601359 0.412268847807786 0.322450864017121 0.204869627478902 0.0688309215934679 0.0269348682622996 0.00113076398286931 0.000348364492291019 0.00351779754696084 0.00985904426568299 0.00513131725186726 0 0 0 0 0.0185793364001096 0.0370466715493915 0.0318912508088798 0.0679208759935578 0.151734923229503 0.228565772798837 0.300400131299212 0.344578552924705 0.376887087122521 0.392600135181883 0.403533354133562 0.412083909376122 0.408861727376607 0.404029341833903 0.39646787384745 0.386762248365988 0.376139219573375 0.372472900640409
-9999 -9999 -9999 -9999 -9999 -9999 -9999 -9999 -9999 -9999 -9999 -9999 -9999 -9999 -9999 -9999 -9999 -9999 -9999 -9999 -9999 -9999 0.373675813921239 0.377497814183855 0.403450592342549 0.394171176762133 0.293409157359081 0.197800368358632 0.105617532111633 0.0445279676768165 0 0 0 0 0 0 0 0 0 0.0120078585616577 0.0223220219775079 0.00779974097259431 0.0403611088505618 0.127550677314247 0.228892505862497 0.327540636942516 0.365521184377151 0.391632427564311 0.401148999966912 0.40148348011885 0.398343958492806 0.392280290162808 0.387981041238604 0.386672250287326 0.380464832040021 0.372083963374515 0.368802919176408
-9999 -9999 -9999 -9999 -9999 -9999 -9999 -9999 -9999 -9999 -9999 -9999 -9999 -9999 -9999 -9999 -9999 -9999 -9999 -9999 -9999 -9999 0.368676403401614 0.364766380113161 0.389890028192515 0.380576007707774 0.281153207831714 0.19403645972166 0.115100978242056 0.0493203350309048 0 0 0 0 0 0 0 0 0 0.011179805388243 0.0207827116133328 0.00726187652066012 0.0375170402759061 0.118562746027011 0.23361593418734 0.349620527182463 0.387436379986069 0.399797218287797 0.376568979364153 0.381855340947505 0.396550591311029 0.395702021210072 0.390900198285384 0.379398133690884 0.374413051724656 0.372369325973009 0.370484544734219
-9999 -9999 -9999 -9999 -9999 -9999 -9999 -9999 -9999 -9999 -9999 -9999 -9999 -9999 -9999 -9999 -9999 -9999 -9999 -9999 -9999 -9999 0.358309639685601 0.358575016274804 0.37745367487201 0.36774301864785 0.283737407149384 0.213414146804378 0.152187139672535 0.0699680923531439 0.00497855357929389 0.00153378717068211 0 0 0 0 0 0 0 0.00659369283019474 0.0122573525922863 0.00428295318972106 0.0426739422504212 0.134859779444204 0.249163981164652 0.360550870502867 0.388889890210292 0.397661645225913 0.379076083507161 0.385508876768141 0.399938375562648 0.3961148685553 0.390201943337091 0.380747730074252 0.376174387461851 0.37379816953631 0.370734264578605
-9999 -9999 -9999 -9999 -9999 -9999 -9999 -9999 -9999 -9999 -9999 -9999 -9999 -9999 -9999 -9999 -9999 -9999 -9999 -9999 -9999 -9999 0.357336256946488 0.356096212399843 0.365584401717755 0.355294492312002 0.293807350113323 0.24446503574862 0.203196803679356 0.0986137064322508 0.0124684145728846 0.00384125509669591 0 0 0 0 0 0 0 0.000111920770710141 0.000208055240716167 7.26984762944863e-05 0.0518667346380214 0.163911183849099 0.270172237547352 0.365857102442498 0.380022012626356 0.390330310075268 0.395246613406787 0.400906273952 0.405939662672488 0.395009959421798 0.387678974961673 0.386447343786959 0.381876855087866 0.37580381360588 0.370261695232482
-9999 -9999 -9999 -9999 -9999 -9999 -9999 -9999 -9999 -9999 -9999 -9999 -9999 -9999 -9999 -9999 -9999 -9999 -9999 -9999 -9999 -9999 0.35999084511124 0.360365616595779 0.365208344395866 0.353061591200037 0.297378232975524 0.238762598973828 0.17819753956557 0.131839119276472 0.0837042735906858 0.0257875181857274 0 0 0 0 0 0 0 0 0 0 0.0464503416511911 0.146794097283705 0.266714976790983 0.380800649183156 0.391762731276847 0.39824215362356 0.398454295160101 0.399950677350162 0.401513097322128 0.395989906562496 0.391501074921828 0.38876534544271 0.383544046591296 0.377190926482776 0.369385883049194
-9999 -9999 -9999 -9999 -9999 -9999 -9999 -9999 -9999 -9999 -9999 -9999 -9999 -9999 -9999 -9999 -9999 -9999 -9999 -9999 -9999 -9999 0.371609289227019 0.367490778269625 0.367035630570638 0.353287356717341 0.305459022636804 0.235583589569934 0.151050880663109 0.156982656032256 0.145704478999569 0.0531197415202879 0.00797262972663091 0.000899830955368453 0 0 0 0 0 0 0 0 0.0405098843981146 0.128020843332936 0.260497086074156 0.392073145018357 0.40061802301654 0.404665455618835 0.402424935350415 0.400326521530137 0.398270322102781 0.396053186188151 0.392993039728504 0.388504101680342 0.382527887876738 0.375878342558151 0.368904453867495
-9999 -9999 -9999 -9999 -9999 -9999 -9999 -9999 -9999 -9999 -9999 -9999 -9999 -9999 -9999 -9999 -9999 -9999 -9999 -9999 -9999 -9999 0.376538646374418 0.380043815330029 0.373515993834267 0.358811990931879 0.324290411415123 0.239772671113916 0.122016656697339 0.163149496852525 0.183628651233708 0.09217158801213 0.0344808850940492 0.00389168553413298 0 0 0 0 0 0 0 0 0.0339478046100554 0.107283114727508 0.248860391258184 0.39441710776281 0.401923113004402 0.407005359710426 0.408698909478502 0.404465854295978 0.398205722149928 0.393900133351785 0.388808463081533 0.382384488486178 0.375438027582737 0.368314480340295 0.369356400914309
-9999 -9999 -9999 -9999 -9999 -9999 -9999 -9999 -9999 -9999 -9999 -9999 -9999 -9999 -9999 -9999 -9999 -9999 -9999 -9999 -9999 -9999 0.486561427256317 0.399096531202798 0.374340275525645 0.350851791395192 0.324742096181037 0.246969600270195 0.134850820481125 0.178126768957179 0.202490971201476 0.121532718558032 0.0572909514926256 0.00646614396795297 0 0 0 0 0 0 0.00435865275849058 0.0344422133158992 0.0755653565541557 0.129497034206814 0.258926065395597 0.395299003084911 0.402081637031125 0.408269094112464 0.413624424564872 0.408802978215689 0.40039042258243 0.393364329905111 0.385811582712922 0.377366225641358 0.369328221521538 0.361537227423997 0.362550606154625
-9999 -9999 -9999 -9999 -9999 -9999 -9999 -9999 -9999 -9999 -9999 -9999 -9999 -9999 -9999 -9999 -9999 -9999 -9999 -9999 -9999 0.543114917883926 0.493361157633512 0.416412636502799 0.371680051097882 0.33458407628938 0.313870713858705 0.256019554931253 0.173478575012893 0.198531827300509 0.209609977354576 0.144923751505248 0.0778226981875249 0.0087834598194771 0 0 0 0 0 0 0.0114025129373757 0.0901030214350911 0.146864627095145 0.178171901723476 0.282361779630894 0.39528017185017 0.401533803475033 0.408869839513975 0.417719203085255 0.413261954070732 0.403960835165019 0.393824854980679 0.383546398819469 0.373026464685625 0.36382219122412 0.355244575885816 0.351273580665181
-9999 -9999 -9999 -9999 -9999 -9999 -9999 -9999 -9999 -9999 -9999 -9999 -9999 -9999 -9999 -9999 -9999 -9999 -9999 -9999 0.488929165565467 0.485338204519166 0.452840295260707 0.404542222548223 0.382028339476327 0.350302577581334 0.292795560628397 0.229956515514849 0.163572649942841 0.157263618604802 0.141840583494887 0.0798874492831536 0.0350522320553506 0.0039561706161778 0 0 0 0 0 0 0.018482499509359 0.146049301466445 0.232952068126431 0.272674908643473 0.314959112113134 0.356941441971368 0.38963399890498 0.410979743056838 0.416461320393083 0.40827490082999 0.395422022148424 0.387226793013433 0.377880412991869 0.366582984180266 0.358887706715787 0.352829510106131 0.348432146367153
-9999 -9999 -9999 -9999 -9999 -9999 -9999 -9999 -9999 -9999 -9999 -9999 -9999 -9999 -9999 -9999 -9999 -9999 -9999 -9999 -9999 0.437103089404935 0.419039734876345 0.391103184741459 0.383443580280871 0.354546152592338 0.269857503849368 0.200764565336861 0.142039912779328 0.11480590419953 0.0826143886795308 0.0254517476717368 0 0 0 0 0 0 0 0 0.0233901074626504 0.18482937626566 0.294645411354065 0.344566250697135 0.334287736154886 0.315738230073884 0.37562757829374 0.410944454648021 0.411906151248711 0.402010397923649 0.388446802187766 0.379280242640799 0.368713320095481 0.355772967128995 0.350911060156248 0.349646121412551 0.341736331314508
-9999 -9999 -9999 -9999 -9999 -9999 -9999 -9999 -9999 -9999 -9999 -9999 -9999 -9999 -9999 -9999 -9999 -9999 -9999 -9999 -9999 -9999 0.414221644973671 0.378833499405203 0.356173126913231 0.318928901499715 0.24348465082095 0.169348477020668 0.0960819343514323 0.0810329443588309 0.0631375882117479 0.0194513569543072 0 0 0 0 0 0 0 0 0.0219385570319806 0.173359178399008 0.2820939846664 0.341303120669195 0.313011860104412 0.273716517910762 0.357700188077976 0.404338998289723 0.398765341491175 0.393873527812259 0.388431643401226 0.368782769409142 0.349979680088116 0.332610084133036 0.333926416475712 0.34345144048222 0.322106687609692
-9999 -9999 -9999 -9999 -9999 -9999 -9999 -9999 -9999 -9999 -9999 -9999 -9999 -9999 -9999 -9999 -9999 -9999 -9999 -9999 -9999 -9999 0.434432499849039 0.307724729597803 0.303270291133711 0.284038720681865 0.215918452066019 0.13985947968955 0.0585227258279392 0.0465342847975907 0.0361476311362246 0.0111363214243351 0 0 0 0 0 0 0 0.0128185687403093 0.0471412528604764 0.192539775511531 0.28996254133504 0.331722049755838 0.310815086122395 0.282686784658221 0.34885452094154 0.386609023333186 0.384638512992321 0.382643208357283 0.379541576591619 0.356850789947431 0.338623814805929 0.327962410896541 0.32370150426869 0.322213518293433 0.304748131109869
