layers/veg/veg_2500.asc
NCOLS 255 
NROWS 330 
XLLCORNER -2985163.8955 
YLLCORNER -3022031.214 
CELLSIZE 25000 
NODATA_value -9999 
[rows 200 to 224 of 330, columns 112 to 167 of 255]
0.314045371728277 0.304157316311435 0.295063647669807 0.284945715991224 0.272888846576206 0.261129482859283 0.24952087462608 0.231816386504025 0.211577493628796 0.185682982465402 0.15730152058584 0.127381319560645 0.11556558061526 0.103028581496449 0.0847198335404162 0.0683585794366599 0.0534554230591748 0.0533798587516669 0.0606055193926442 0.088657148079296 0.0875670509200326 0.060209167744284 0.0639106705768129 0.0749240000738106 0.0940557080165444 0.121423804341974 0.157714103792658 0.201476095819468 0.247613669398092 0.297442865960541 0.34509805953859 0.389919154181752 0.435930306004546 0.481974440142442 0.523257158257365 0.564847842959449 0.606923923437107 0.625713532928159 0.633565020073886 0.591062633418193 0.541982848297093 0.480262954506962 0.444947940058914 0.423217988254824 0.422771298073746 -9999 -9999 -9999 -9999 -9999 -9999 -9999 -9999 -9999 -9999 -9999
0.316827504604865 0.308006250253458 0.299027512913601 0.28898870013262 0.276943156461128 0.262664248857938 0.247253625586768 0.231809608014001 0.212995753454284 0.186310760907177 0.164359981516053 0.14533837923307 0.126134716212853 0.105594313480544 0.0811609781485944 0.0643425680192636 0.0532254878893493 0.0519152853548414 0.0578049385460548 0.0865014374860728 0.0892386943915209 0.0685767944138223 0.0735990623317831 0.0850556037719604 0.105231999952876 0.131512856256349 0.164406469347482 0.204488926947169 0.247565460556476 0.299588869929613 0.345615049366044 0.38382305049368 0.422937989251853 0.462150443746024 0.498693627380844 0.53550738594956 0.572747606139001 0.585408046481697 0.587021533233825 0.555563259774757 0.516880129229224 0.464312637082149 0.43516956067275 0.418078126350854 -9999 -9999 -9999 -9999 -9999 -9999 -9999 -9999 -9999 -9999 -9999 -9999
0.317351896085372 0.311138775603377 0.29924183530212 0.288611642269923 0.280379411473882 0.264454178521608 0.24463065969194 0.228227921737519 0.210745468779503 0.190591749100185 0.169186231663233 0.147006195374919 0.128401614711102 0.108305448896891 0.0831033036723879 0.066960242071946 0.0575997586136139 0.0544605538576583 0.0564576086188868 0.0750899782888726 0.0797537547137999 0.0718265123276724 0.0837907500718486 0.0995666192119759 0.116035269647289 0.138949577199092 0.168846248791655 0.209180824051742 0.252909657718108 0.302371297170787 0.346052562547729 0.382198349763484 0.41984887608221 0.457441191714011 0.48768870261182 0.515111720942989 0.538082968149792 0.54558081124777 0.546446550177072 0.539464371576551 0.516880129229224 0.464312637082149 0.43516956067275 0.418078126350854 -9999 -9999 -9999 -9999 -9999 -9999 -9999 -9999 -9999 -9999 -9999 -9999
0.319388703406819 0.314388136627233 0.30209939057181 0.291089140484397 0.282499093009808 0.266234571866858 0.246081153813411 0.228349893589001 0.210872257900953 0.193881746243161 0.172196411271881 0.147606270681689 0.129883380681286 0.111248403324861 0.0885470996165358 0.0727233847944898 0.0620489528344093 0.0550850610676587 0.053064459392241 0.0681277063818363 0.0785366875460558 0.0847504038377954 0.0967445695531027 0.109971766377644 0.124048880303986 0.144745401679455 0.172612505000042 0.212126836188612 0.254892850637323 0.299975254641073 0.340214373228478 0.374139632019777 0.408455897491962 0.442203668804138 0.466708097209281 0.487099046474521 0.501006612539533 0.505070912313606 0.504824935494736 0.495909420914066 -9999 -9999 -9999 -9999 -9999 -9999 -9999 -9999 -9999 -9999 -9999 -9999 -9999 -9999 -9999 -9999
0.32303780991643 0.317762049415978 0.307774743773182 0.296609716086196 0.283215251592331 0.268004799093748 0.251874128421747 0.232420121489726 0.213533108123937 0.19611530505602 0.173270582954887 0.147068089144694 0.130528162203585 0.114438486613903 0.0977236109708943 0.0818397300196374 0.0665780186681308 0.0536619555846162 0.0474903803535724 0.065908456110615 0.0861335218033377 0.10798737314916 0.112642938174464 0.115999884484074 0.129088596559409 0.148791961200707 0.175660756981765 0.213211661183782 0.253293071026906 0.292058744537866 0.32768601988586 0.359221980293284 0.388210647513205 0.415742564304023 0.435092994764701 0.45096631809017 0.461359264046731 0.463833265031472 0.46342192381242 0.479481996774164 -9999 -9999 -9999 -9999 -9999 -9999 -9999 -9999 -9999 -9999 -9999 -9999 -9999 -9999 -9999 -9999
0.324513152112408 0.321398380961963 0.312162146690573 0.300839158362208 0.285565928697632 0.271517746086012 0.258090333302438 0.236646626756926 0.21599870079033 0.197558673893068 0.176713397008657 0.154379931280698 0.135689862818268 0.118275557490715 0.103876822630425 0.088332132796048 0.0719294611302152 0.0579720815476088 0.0505336133607914 0.0667784036836021 0.084947843899385 0.104852126169909 0.119459287886251 0.131958220858866 0.138617288024247 0.153836030181409 0.178327180998088 0.214050180327755 0.252175251573465 0.286947028985079 0.319185914532186 0.348122842268336 0.374827975285349 0.399974414315422 0.414209914670905 0.425762485529758 0.433086407248984 0.443416666001368 0.453699764152494 0.411724758570187 -9999 -9999 -9999 -9999 -9999 -9999 -9999 -9999 -9999 -9999 -9999 -9999 -9999 -9999 -9999 -9999
0.325826562440051 0.32513490191571 0.3162795289019 0.304876819072835 0.288651981235324 0.275498175196429 0.263900557450018 0.241160738674087 0.219214802191733 0.199608343221057 0.181019873589338 0.163061259642133 0.142099353019667 0.122812643786254 0.109056286120266 0.0937227214995347 0.0772082946789655 0.0645890132905769 0.0573712947087103 0.0688963439803761 0.0818981258595583 0.0962310058467561 0.122509939990064 0.146726104697727 0.148844744521561 0.15978703855738 0.18028770108293 0.213672373771922 0.249721336751036 0.281229847017187 0.310615494925794 0.337233712435453 0.361920431626172 0.38494375800998 0.394356580883003 0.402873419699632 0.409978070005921 0.389065707639392 0.357673575391511 0.373624560849818 0.384116150011756 -9999 -9999 -9999 -9999 -9999 -9999 -9999 -9999 -9999 -9999 -9999 -9999 -9999 -9999 -9999
0.329885049076748 0.329130999610387 0.32074766833931 0.309844358517143 0.294170710089136 0.279752355522398 0.265970097791716 0.247499869454067 0.228284068033268 0.20753044474256 0.187371322037314 0.167580031841577 0.149483164461347 0.131309460589063 0.112568134758244 0.0957848502058533 0.0804675602868655 0.0777411225395215 0.0764295799752985 0.0745724681494385 0.0810733247867451 0.0951078919628107 0.114391216818353 0.134808764239114 0.156073618447054 0.170580187550997 0.177765733206976 0.204826403177743 0.236604300650612 0.266002452992511 0.294243741448174 0.320976905613617 0.340082192332519 0.355976962040778 0.362638174983355 0.377180275373325 0.404143689094789 0.389065707639392 0.357673575391511 0.373624560849818 -9999 -9999 -9999 -9999 -9999 -9999 -9999 -9999 -9999 -9999 -9999 -9999 -9999 -9999 -9999 -9999
0.333826667227564 0.330958883510754 0.322015226640632 0.311571146120446 0.298286752193656 0.283429114469006 0.267774264686652 0.252209745792767 0.235323684653705 0.215346314764114 0.194826008400481 0.173969773543867 0.157386776634949 0.140573671479501 0.122222252801772 0.104957365725252 0.0885059699238859 0.0866248827698562 0.0852475811159618 0.0789202722034593 0.0825942498320559 0.0952831930169211 0.111121992702255 0.129131904221839 0.15536081935159 0.169735842468678 0.171269942180061 0.194905406143818 0.223867243639666 0.250797827052835 0.277073733302307 0.30249618172967 0.317829534311748 0.329330748285365 0.334110395899566 0.334719076346069 0.328753764912698 -9999 0.357287027295675 -9999 -9999 -9999 -9999 -9999 -9999 -9999 -9999 -9999 -9999 -9999 -9999 -9999 -9999 -9999 -9999 -9999
0.337618391124989 0.330005839897248 0.31917775426413 0.309141380535161 0.300603723475598 0.286365279012437 0.269238066474843 0.254829958042649 0.239760095180131 0.223025933415151 0.203695695756976 0.182759200453276 0.165957079593809 0.150822133709851 0.139754379016051 0.123249586310016 0.102674057897154 0.0900341048085198 0.0809315048190683 0.0815643872740217 0.0871237777739153 0.0971238269985948 0.11407268351689 0.131459016785421 0.144462116509869 0.153965373609629 0.159677368647304 0.183605591849219 0.211617543690739 0.235622403212224 0.258879892370285 0.281163085924271 0.295045347322972 0.305660888127305 0.309674880190361 0.31556264931616 0.324403737108807 -9999 -9999 -9999 -9999 -9999 -9999 -9999 -9999 -9999 -9999 -9999 -9999 -9999 -9999 -9999 -9999 -9999 -9999 -9999
0.342111070506309 0.334453473836097 0.325134514124264 0.315415913081467 0.304940787952877 0.290831038142716 0.274879509820337 0.260433253988801 0.245461004590111 0.229194435672362 0.211026607964719 0.191682423481299 0.174310492216519 0.158352462829672 0.146153142816351 0.13213203694686 0.116746951513823 0.10047286667976 0.0877361091235938 0.0888951941353358 0.0942205299799169 0.103301243455413 0.115515686064267 0.128288645917567 0.140953613926405 0.154115598525225 0.167815984516307 0.183045657739123 0.198937029892441 0.216920291849178 0.236489159373163 0.258125072380312 0.271976479436899 0.283004542412543 0.29061516459346 0.294992136507422 0.294272451041304 -9999 -9999 -9999 -9999 -9999 -9999 -9999 -9999 -9999 -9999 -9999 -9999 -9999 -9999 -9999 -9999 -9999 -9999 -9999
0.345984247562033 0.340393927910058 0.333686529469066 0.3243776649388 0.31014420527177 0.295962074129312 0.281805952762802 0.266978849899439 0.25159983750241 0.234960653152929 0.217864383524064 0.200485303702094 0.182619525853521 0.165203363590758 0.14920710991579 0.137921091793441 0.130161648988106 0.113076883981952 0.098391190307726 0.0972421585513268 0.101183985451775 0.109714613528424 0.116046913129835 0.123552736796641 0.139232209535684 0.157845236797149 0.1796360852239 0.184828644009914 0.186962161673031 0.197788148764829 0.213251879066986 0.234761517855506 0.249088173599892 0.261120158496136 0.274114506035051 0.282064721091885 -9999 -9999 -9999 -9999 -9999 -9999 -9999 -9999 -9999 -9999 -9999 -9999 -9999 -9999 -9999 -9999 -9999 -9999 -9999 -9999
0.339299879908424 0.343224697149638 0.3392276276723 0.331838879222407 0.318029656624271 0.303239823685624 0.287953084680398 0.273276789930645 0.258114286424313 0.241789343813749 0.224741678577446 0.207246846620697 0.191247874099616 0.174517066685701 0.155333167503041 0.142980263518386 0.135741757484069 0.124407559300082 0.112338939738162 0.099403245859444 0.0961450327968839 0.101609913095423 0.111265542451198 0.121408421675813 0.1300635987687 0.142153676049173 0.157964665429058 0.17261511394486 0.18553253173332 0.187488681088278 0.196345743996566 0.214199055710209 0.229600682722911 0.244792744677582 0.267916885502943 -9999 -9999 -9999 -9999 -9999 -9999 -9999 -9999 -9999 -9999 -9999 -9999 -9999 -9999 -9999 -9999 -9999 -9999 -9999 -9999 -9999
0.338155793732753 0.345893688485958 0.341407099410372 0.334531704241974 0.323134280931125 0.309727093405489 0.295301495213081 0.280158923521757 0.264803760272106 0.248983138679685 0.232281773603035 0.215035470314446 0.198133475122141 0.180802644599089 0.162141712035516 0.149021106291232 0.140048569065141 0.13239926064925 0.122776847183282 0.105013331748386 0.0970305895980817 0.0978640466349431 0.106880327900772 0.116686503702044 0.122752287351219 0.130690674654964 0.140657590653917 0.158532956358274 0.176231713848989 0.177344176468055 0.184006616887952 0.197904183610277 0.212234176783336 0.225351427496045 0.220505004211298 -9999 -9999 -9999 -9999 -9999 -9999 -9999 -9999 -9999 -9999 -9999 -9999 -9999 -9999 -9999 -9999 -9999 -9999 -9999 -9999 -9999
0.345598282722125 0.348311949217359 0.338376572624928 0.329834267052862 0.323929055541079 0.314989242243113 0.304511700884456 0.287946466329539 0.27176449555091 0.256742788315417 0.240849105566566 0.224415909570544 0.202318088823275 0.18239509914246 0.170008005254166 0.156583386607227 0.142381968336627 0.135216071323134 0.127775045085781 0.115968829359876 0.107098215209915 0.100873695338456 0.103109093774539 0.10796970194294 0.118319501245492 0.125781283014255 0.130114572309315 0.141554716554023 0.154731778068971 0.167439840499238 0.178745642270247 0.188223412769286 0.198154867832125 0.207946192557033 0.213898260325037 -9999 -9999 -9999 -9999 -9999 -9999 -9999 -9999 -9999 -9999 -9999 -9999 -9999 -9999 -9999 -9999 -9999 -9999 -9999 -9999 -9999
0.331786405366642 0.339805968480396 0.332591134178133 0.326728070940774 0.323423920633201 0.316709352105028 0.308266617522125 0.294595998172632 0.280794186463299 0.266913357617969 0.250760462339326 0.233201782241676 0.221130651424058 0.206650832174547 0.183983353821872 0.164881315368214 0.148448738388765 0.138662536125297 0.130123284050311 0.123201216080509 0.116320132378172 0.109475991098995 0.105896384817226 0.104629772084897 0.112206470128042 0.118334237462679 0.122892426786294 0.129693060868176 0.137999316111561 0.153449934581118 0.168803423030658 0.184030289719209 0.194270959208687 0.202265220561357 -9999 -9999 -9999 -9999 -9999 -9999 -9999 -9999 -9999 -9999 -9999 -9999 -9999 -9999 -9999 -9999 -9999 -9999 -9999 -9999 -9999 -9999
0.309675331067547 0.326575723616416 0.325661644271563 0.324397174681532 0.322469413686514 0.317084248232548 0.309947107320752 0.300727857689053 0.290470817183028 0.277879892322174 0.261142932754112 0.241840716921964 0.225058904525233 0.208262222298453 0.190913493496738 0.173536990606396 0.15613969312642 0.142544614678212 0.131581386625291 0.128852528488664 0.124978641381955 0.120072647387418 0.111332486850197 0.103720642163237 0.105613225429274 0.109970674933296 0.116998231313057 0.120131663309031 0.123707617453944 0.138158438064623 0.157164019220409 0.182107330039945 0.188290166856962 -9999 -9999 -9999 -9999 -9999 -9999 -9999 -9999 -9999 -9999 -9999 -9999 -9999 -9999 -9999 -9999 -9999 -9999 -9999 -9999 -9999 -9999 -9999
0.30041528732016 0.304164596594216 0.318045803597492 0.326403219351893 0.32430405616688 0.320903335006832 0.316843073530838 0.305024605185139 0.293357966109458 0.282383601514742 0.268865002432553 0.253772221290345 0.235622028800215 0.217681889058398 0.200975888359084 0.184174166108703 0.167300776686791 0.152576637890772 0.139618166578141 0.132373344894377 0.126123066060109 0.120769248845614 0.115828410869005 0.110962449538828 0.106088838552956 0.105700722600309 0.110171592885835 0.117883691732087 0.126467732065398 0.135445473018316 0.152853365679003 0.181251070289063 -9999 -9999 -9999 -9999 -9999 -9999 -9999 -9999 -9999 -9999 -9999 -9999 -9999 -9999 -9999 -9999 -9999 -9999 -9999 -9999 -9999 -9999 -9999 -9999
0.29487174253648 0.290810815658627 0.309725932367194 0.322455182366344 0.323474539532579 0.322456277155979 0.320405488942778 0.308202664864914 0.296547942057014 0.286615421084957 0.275881532915938 0.264651818646317 0.243925361864382 0.224444226957753 0.210539372513572 0.195293193261752 0.179042757873296 0.16363511404627 0.14934028395176 0.138887770621541 0.130539183715822 0.124087035250485 0.120430831772311 0.116575095696262 0.109012840746991 0.105480060707445 0.106312275610128 0.116670662937248 0.128562886337672 0.133776985575305 0.136727658970921 -9999 -9999 -9999 -9999 -9999 -9999 -9999 -9999 -9999 -9999 -9999 -9999 -9999 -9999 -9999 -9999 -9999 -9999 -9999 -9999 -9999 -9999 -9999 -9999 -9999
0.296344880851935 0.294557140986908 0.300076864128263 0.307265946463782 0.317615138478604 0.319730779072352 0.317674220494211 0.309268662098132 0.300309649965712 0.290333917945646 0.281566018107758 0.273545434510593 0.247962249827571 0.226189575834098 0.219160922238374 0.207321947651932 0.191881463314379 0.1766315148688 0.162244288018242 0.151054076824486 0.141132198781 0.132353571619946 0.125234316875248 0.119111914819479 0.116559357403648 0.112904386226704 0.108055207218887 0.117411587472862 0.129402607467338 0.134080453033413 -9999 -9999 -9999 -9999 -9999 -9999 -9999 -9999 -9999 -9999 -9999 -9999 -9999 -9999 -9999 -9999 -9999 -9999 -9999 -9999 -9999 -9999 -9999 -9999 -9999 -9999
0.289091599269416 0.295822911013505 0.295845261826733 0.298375886918511 0.305654694338993 0.310750021965608 0.314738911784051 0.311755247493942 0.306153096279619 0.294737040053274 0.286533424364196 0.28031742667477 0.270872963187893 0.25707688713189 0.231139391723352 0.211360123103268 0.196191547588894 0.18099453909017 0.167839800443891 0.162479223764723 0.154715827245415 0.144786575562597 0.135116037313625 0.127138547716303 0.127672235977017 0.125118834251793 0.11922129154624 0.123312119464606 0.129162448774374 -9999 -9999 -9999 -9999 -9999 -9999 -9999 -9999 -9999 -9999 -9999 -9999 -9999 -9999 -9999 -9999 -9999 -9999 -9999 -9999 -9999 -9999 -9999 -9999 -9999 -9999 -9999
0.277428272447403 0.295835090079846 0.29435146840292 0.292669223660835 0.290610983942391 0.298608062945683 0.3117004878451 0.314959751364564 0.313048584628073 0.299486149214746 0.291138442541411 0.28601722008986 0.273432750496442 0.25707688713189 0.231139391723352 0.211360123103268 0.196191547588894 0.18099453909017 0.169741841876238 0.173529813221315 0.169810813235443 0.159325175007353 0.147564130654972 0.137939551704716 0.14058743641628 0.139754052443846 0.135149526935944 0.131820147149383 -9999 -9999 -9999 -9999 -9999 -9999 -9999 -9999 -9999 -9999 -9999 -9999 -9999 -9999 -9999 -9999 -9999 -9999 -9999 -9999 -9999 -9999 -9999 -9999 -9999 -9999 -9999 -9999
0.262941268296296 0.283694894919754 0.287544649949163 0.290148173066724 0.290392569675714 0.293226906719393 0.297373647947395 0.304967358786682 0.309107918280628 0.305031265153263 0.297288466825933 0.28727733197867 0.275734466171842 0.265983463243574 0.261808981478274 0.260021684842739 -9999 -9999 -9999 -9999 0.170077736852254 0.159582260078497 0.147784249448011 0.138130545128075 0.140815815032555 0.140012846017767 0.135431184845561 -9999 -9999 -9999 -9999 -9999 -9999 -9999 -9999 -9999 -9999 -9999 -9999 -9999 -9999 -9999 -9999 -9999 -9999 -9999 -9999 -9999 -9999 -9999 -9999 -9999 -9999 -9999 -9999 -9999
0.248900249898095 0.267735695416853 0.277788511918812 0.285447906575255 0.288576535434191 0.288187482108307 0.286015908707194 0.2945709822599 0.302107300947156 0.306796877717618 0.301705881588728 0.290563398275519 0.280807412975352 0.271979687790866 0.265601156385766 0.264949113662924 0.268584519712952 -9999 -9999 -9999 -9999 -9999 -9999 -9999 -9999 -9999 -9999 -9999 -9999 -9999 -9999 -9999 -9999 -9999 -9999 -9999 -9999 -9999 -9999 -9999 -9999 -9999 -9999 -9999 -9999 -9999 -9999 -9999 -9999 -9999 -9999 -9999 -9999 -9999 -9999 -9999
0.236016569019916 0.243389679122417 0.261384695989117 0.275537544952739 0.282417140788774 0.2836606170386 0.28204809442868 0.283786920558666 0.288432896110296 0.299724712517077 0.302022373458086 0.298755123519641 0.292346797555649 0.285133097974552 0.276185333630839 0.271208768966033 0.269205460014264 -9999 -9999 -9999 -9999 -9999 -9999 -9999 -9999 -9999 -9999 -9999 -9999 -9999 -9999 -9999 -9999 -9999 -9999 -9999 -9999 -9999 -9999 -9999 -9999 -9999 -9999 -9999 -9999 -9999 -9999 -9999 -9999 -9999 -9999 -9999 -9999 -9999 -9999 -9999
