layers/veg/veg_4100.asc
NCOLS 255 
NROWS 330 
XLLCORNER -2985163.8955 
YLLCORNER -3022031.214 
CELLSIZE 25000 
NODATA_value -9999 
[rows 125 to 149 of 330, columns 57 to 113 of 255]
0.0654749653550242 0.0723905143259606 0.0950140594219239 0.117006450101656 0.116927990062975 0.140997542362798 0.192704134335112 0.206451284107065 0.207443698579568 0.188114557241728 0.173325464923314 0.164795828287131 0.15838047560604 0.150419151008714 0.104097514793461 0.0765967166094903 0.0805342147213124 0.175801079963678 0.311297507774758 0.416348445123454 0.506318596121605 0.56546957711362 0.611729996336002 0.650944601469691 0.724769972896535 0.776759172070984 0.770103848111122 0.765071021701448 0.761116858482677 0.757912771499022 0.747457183331395 0.713405979452226 0.676441778899238 0.637139553506491 0.601218943313903 0.566471353225512 0.534608000681241 0.507219500695551 0.484150538187547 0.46677233652292 0.450819142525186 0.436243325272408 0.420742923546779 0.404169784528272 0.392015652718883 0.381608018083352 0.375815642252703 0.370774546006389 0.36678382618562 0.363531124786866 0.359960290273375 0.345961211748495 0.338449922264025 0.341934578754113 0.349724239967793 0.359339674155013 0.352735260028877
0.0650513993859606 0.084854861474489 0.102071605946536 0.118952811272116 0.136944300207171 0.148969233892596 0.154165534155503 0.156616405126152 0.154392974203721 0.117800971332132 0.108967737135245 0.138406068194408 0.123466754444519 0.0930919929923558 0.067479348158782 0.0445365549126689 0.0260534772824526 0.125883675842113 0.277173217564343 0.327351726781503 0.370181908385323 0.39799501112388 0.476590428052383 0.582942800121425 0.673501203339531 0.734514063521916 0.722008708219244 0.722456581815651 0.731515976098274 0.751370190917216 0.759342936884834 0.725924911582637 0.689104296182778 0.649552699234141 0.615616009588793 0.582903763354771 0.551913198612963 0.524308223895483 0.499971330707554 0.480987493721729 0.463163582353021 0.445569885429242 0.428757168768057 0.412850574454032 0.399032684031697 0.386257245671557 0.377638442079988 0.370059023380767 0.363932785908293 0.358212048517861 0.352537270234773 0.345073392913384 0.339602505618917 0.337509473326728 0.33794027259466 0.339426239736303 0.329286509471976
0.0951148241273073 0.0822112893393324 0.0893307561398203 0.101186321264652 0.116732225051062 0.121589597596931 0.114214105681964 0.10325889940551 0.0908594988442762 0.0744271276831639 0.0799722666710717 0.115818235054209 0.0986997625567135 0.0649663527251055 0.0671237474959656 0.0584954301759753 0.031850677460831 0.0976744181686523 0.203534133073063 0.213230890270763 0.227991027222141 0.253098712226181 0.318313058256876 0.405449185693391 0.554358346001983 0.666142088777098 0.677946923176417 0.687828665849924 0.696431905355814 0.728318234905016 0.74780595914196 0.720671782972812 0.691523257914676 0.660757979298006 0.627805804202622 0.595321674396121 0.566174487478261 0.538702651077674 0.512848016417899 0.492922821581663 0.474198211006169 0.45523144589093 0.437329688902791 0.420663593953874 0.404871550804218 0.389779322722618 0.37882628515315 0.368802597424591 0.360078249095547 0.352302360022569 0.344972512687968 0.339501233824209 0.334607482898693 0.330692565589401 0.327064355313622 0.323520016854163 0.313642735251493
0.140323223665577 0.0720625797191818 0.0667546878851563 0.0736271089415913 0.0765359577101221 0.0766485373470288 0.0735608287017223 0.0481514638968184 0.0221185236381906 0.0444360977545901 0.0685436495910165 0.0951190792328915 0.0789733455351286 0.0513471048579135 0.0847822451392864 0.0953151106122186 0.0675920546390032 0.0802490825282773 0.11026534589404 0.0866291847862511 0.0827926138385092 0.119418583835936 0.148541558913381 0.173563494155684 0.401497784002639 0.584791111486052 0.635888781527462 0.657168202908125 0.658623959689837 0.697064942224948 0.724633307726754 0.706590055484306 0.688853544541374 0.67136322982108 0.638899095918075 0.605745308990637 0.578923658386985 0.551758637031875 0.52426216278301 0.503725602178847 0.484582166806171 0.465059423931256 0.446179542395032 0.428045532493483 0.410125142616714 0.392741466960385 0.379698701750487 0.367277467765034 0.355725206874967 0.346099274013339 0.337337344420409 0.331602042337448 0.326558523502545 0.322687485951233 0.316639528659723 0.309604450193351 0.30187622694513
0.251012089487508 0.119873429896327 0.0834557632126888 0.0675542150766693 0.0582630547934472 0.0513919517840539 0.0472905682012098 0.0283977710833708 0.00875618176483145 0.0182113573152567 0.0351436907959869 0.062384930302519 0.0563398672800897 0.0414809827116639 0.0763920056547386 0.0903788971153419 0.0694141544252944 0.0823378720696367 0.109996459641121 0.10825926756462 0.111035218813465 0.123034252212857 0.113711506458156 0.0927345524040279 0.305258853446226 0.478318346177567 0.529471465414846 0.588206715449333 0.651982691368808 0.686057101542982 0.705090645065379 0.684102486725805 0.670584103552276 0.663061099653498 0.633122699134668 0.601368061831029 0.575768167627689 0.551288561721973 0.527890360672405 0.508360521087512 0.48971672687106 0.471521592918534 0.453084870521391 0.43436784822556 0.414581043384989 0.395095182380888 0.381081325274028 0.367372207899127 0.354089152188951 0.342717994164346 0.332265360015885 0.325905447445893 0.320125390643093 0.315328112819292 0.309447797110634 0.303099144715053 0.299575677230622
0.341148382127559 0.165370182135632 0.106447604156862 0.0728928923234185 0.0478235186416169 0.0337063772603035 0.0321239022667604 0.0169617109586131 0 0 0.00957414663703375 0.0323483592454442 0.0358015291972114 0.0346333837697482 0.0706226926077884 0.0872681579182633 0.071601699428733 0.083872349306833 0.108420591680206 0.120988091633171 0.128127322125467 0.124173314144727 0.0887079311070725 0.0360188386378255 0.213500378671342 0.365791679005282 0.432716659082412 0.528362759947464 0.643103136666324 0.674768356213091 0.68686472879411 0.659570317335788 0.648242151511015 0.649728788814732 0.619759717248865 0.588003859634575 0.568116453470131 0.548875755182776 0.530259318561168 0.512524697087185 0.495055783932482 0.478065277249948 0.460009108500826 0.440716518987567 0.419393151076018 0.398165620874513 0.382996982948066 0.367807847629461 0.352590054567512 0.339431140581936 0.327322672976493 0.320715971407977 0.314706140901767 0.309707928053594 0.304408060595004 0.2990036282848 0.297989728597014
0.382159308180598 0.203708355230321 0.142567539050072 0.103647044325397 0.0545994054595034 0.0327080486588562 0.0418966513295661 0.0234168984483489 0 0 0.00262534286284375 0.00887029803170468 0.0201498405636303 0.0345706373185249 0.0716873462946916 0.0896768912879878 0.075716453629491 0.0835109456937645 0.100862931588071 0.108584628708116 0.11413049248027 0.115229812398874 0.0818437558362002 0.0296084391863433 0.130170520521792 0.24022342914396 0.360137541616218 0.490609449244907 0.62810035361169 0.66218568855417 0.671534407651409 0.630631050208612 0.617085198822641 0.625496986211059 0.589583309785102 0.554556000565409 0.550690205624747 0.542453616316252 0.529997936024991 0.515810353963119 0.50103154691884 0.484903723712221 0.467039161684849 0.447159570684235 0.425045828027103 0.402895306468437 0.386115669725817 0.36897126573183 0.351316874604375 0.336269533393128 0.322593328002303 0.316615793734188 0.311554409235337 0.308045777655036 0.304187516716463 0.300182692144999 0.2977340844138
0.437082746749845 0.314020409512413 0.249750100345498 0.193985141933335 0.118034368959479 0.0810548105743743 0.0886772255764147 0.0649985260822944 0.0338261589549065 0.0124118550083703 0.00485720999830455 0.0164111518146121 0.0198718978203065 0.0218674316312888 0.0472930413598623 0.0601414181376708 0.0519808060792684 0.0545119407531731 0.0619764650139526 0.0869050995053777 0.105999275924552 0.113170124803456 0.0912944727395715 0.0535423795067608 0.123611593116719 0.207984538045758 0.318622003116205 0.444058968357358 0.579334885944576 0.626931179079 0.6491882906349 0.614762828530389 0.581455398701852 0.549045322192108 0.519741177985505 0.499787044414919 0.517566238178742 0.528392168495885 0.532506172183721 0.523060069270732 0.509987643147996 0.492271126358168 0.473492383050749 0.453481205030917 0.431441030818372 0.409233849713219 0.390687963292693 0.372593648159899 0.355130682321001 0.338185286109917 0.321972118409209 0.31549904289116 0.310519730193369 0.308072148285226 0.305117023440241 0.301923572812426 0.297429305099398
0.500454305051782 0.468037291746259 0.400084146727879 0.320504504861877 0.21587452441858 0.159365479614649 0.157930127365608 0.127910044472901 0.0881926366060285 0.032360582820508 0.012663872267339 0.042787676549439 0.0289293821516761 0.0014885373883303 0.00743924767665731 0.0112084076171168 0.0113335095136969 0.00812327419753872 0.00406615152981954 0.0595928480699778 0.101429846043082 0.115290507924433 0.110652110650442 0.0959023672649604 0.163670414602343 0.232418199549921 0.29596925694981 0.392166566163714 0.510067643219151 0.577909606752955 0.622581959405252 0.606831761040205 0.543109543475197 0.44088409880013 0.425812757811859 0.432071240542607 0.474910116525384 0.509691889505239 0.536696208831125 0.5327168868339 0.520753492435714 0.499959728008811 0.479595333805251 0.459729110904105 0.438287118896909 0.416549342452312 0.396142933096838 0.377709191871217 0.362033470618761 0.343184173117399 0.323845499174052 0.316193923631617 0.31077059278387 0.309123842544446 0.306744877437794 0.304005606499465 0.297094689371849
0.515233078373611 0.509690681402739 0.432890798666485 0.343780222521539 0.267636459834762 0.220652615006709 0.207041860908078 0.218130601703799 0.222252174135598 0.105728594710025 0.0454626394615582 0.0627601871218773 0.0417679218799182 0.0093344864849851 0.0123810670873001 0.015724897191138 0.0195652523640039 0.027243165154952 0.0368521858954321 0.0677993008317638 0.0921647278312657 0.103079784622111 0.106772925570652 0.106518660867025 0.137591720845818 0.167792519641637 0.19286251177486 0.231751683200357 0.279828073447444 0.413697371958269 0.522483316572724 0.525908981459667 0.514271784719282 0.490544857510247 0.479931818463933 0.478360951281238 0.507030851406188 0.528867418682998 0.54410782732695 0.539447223759029 0.528960063676448 0.508679526794339 0.488090202766479 0.467142612407598 0.446681497530395 0.425859180834546 0.400505937629495 0.379316915176316 0.363949958701961 0.344560782870605 0.324182514485936 0.312032307398899 0.304651189929929 0.305353049799072 0.303120984184683 0.299533421522309 0.291514778938494
-9999 0.537220084609562 0.451682118027194 0.357414247229135 0.313449737291427 0.281828885439826 0.26433516601831 0.306059831447409 0.342649080554559 0.191428822412065 0.103898393269519 0.104178395320188 0.0716497426595947 0.0298358457286292 0.027083686980777 0.0259823521998763 0.0276385510058942 0.0411755730884962 0.0598521036291052 0.0657486486481699 0.0746242655679561 0.0895879286436058 0.101664306920869 0.112162532727036 0.114976839454005 0.116153408882497 0.113888740489098 0.105863299254818 0.0940080010115733 0.275899260215013 0.432800386691143 0.453835868438762 0.483586797002771 0.520332903875584 0.519011478201709 0.515848911655989 0.528411770192759 0.539465901873826 0.54906367223092 0.544806745956214 0.535858235061631 0.516342502826007 0.49565744568687 0.473615694304728 0.454195076377405 0.43458855764568 0.406595484278347 0.383626151537329 0.367680593742381 0.348647345230614 0.328553078603573 0.309389010524197 0.298336595951696 0.301032363259089 0.299673790726583 0.296443049347968 0.28722395262266
-9999 -9999 0.451682118027194 0.362210693682343 0.350592285136198 0.345795917161582 0.34880727279087 0.382419846340864 0.409247120620252 0.302794695201108 0.231407491918104 0.208365406278027 0.149794948479232 0.0815327197940769 0.0616410327698283 0.0429676739113106 0.0263294083783978 0.0282432316932351 0.0381781356984108 0.0277489988521507 0.034171894545921 0.0750336877698151 0.0972683530451313 0.109321671465481 0.114390626647916 0.118081960945886 0.118927115658737 0.0989671842781865 0.0651756877591089 0.235009866114053 0.386457582644524 0.420513245813385 0.445859382157717 0.464215091687864 0.487853383437899 0.507233193958805 0.505287020196387 0.518510569835857 0.54637732568219 0.546763329643053 0.539465677774043 0.520781593690842 0.500123375278451 0.477174692794628 0.458895923794158 0.441286405975246 0.417843671259203 0.396335703703849 0.377532766149156 0.361179369149219 0.344789938177336 0.311993828474751 0.292624822542601 0.296012984997845 0.297693324298118 0.29851877413665 0.287593811972358
-9999 -9999 -9999 -9999 0.367444848826036 0.372900694566398 0.384600674319103 0.427149637767435 0.466021534516594 0.398271764609381 0.352588806678548 0.337329800344556 0.282298472182978 0.213646461278888 0.152821707759007 0.0918956028168413 0.0308002006287998 0.0321614195360574 0.0605676956528092 0.0243309093533748 0.0111959152355592 0.0452718585411731 0.0709055471098784 0.0919248085939716 0.107617062829794 0.119295093111805 0.121280726791949 0.104020863693295 0.0739662762121444 0.204327251768112 0.321311376779783 0.349386876971486 0.378520860356356 0.408504401868202 0.394106312504207 0.379296750077309 0.390179277516574 0.430343399248442 0.498772797276572 0.526726236300136 0.540858785104513 0.523443188398589 0.503902557509496 0.481896382926066 0.464282673035495 0.447442711426014 0.426429486194581 0.406078753219892 0.386654261638023 0.371278952457491 0.356591124347697 0.328117744717054 0.31012335782851 0.309889480312604 0.307553272314138 0.304218678357913 0.293936376003631
-9999 -9999 -9999 -9999 -9999 0.372900694566398 0.384600674319103 0.448621758652124 0.515572646269258 0.482065813354788 0.469117308502507 0.484512978538086 0.454771610704118 0.404890642054078 0.285637458039381 0.1643108976952 0.0395209730061026 0.0484697840681468 0.115357122005162 0.0463406053098478 0.00107030864281405 0.00432790535238922 0.0283905376159826 0.0638249328207085 0.0962939462234829 0.11998217776839 0.121660233710964 0.117861214542999 0.110420945306666 0.181149672000392 0.242339049041121 0.250463452706526 0.289409322291256 0.353093068703936 0.254337632243699 0.163623899865384 0.207436535623822 0.292755433416447 0.418139976293079 0.490517215025755 0.540623693923003 0.524797792023762 0.507176775117905 0.487472999016818 0.470173765177759 0.453200820959116 0.433057661723507 0.41364053641075 0.395238491146236 0.379589964705334 0.365130764460512 0.354182239925611 0.34468840904874 0.33766009188904 0.32611946480287 0.312583437960799 0.304670663598713
-9999 -9999 -9999 -9999 -9999 -9999 -9999 -9999 0.520810355505159 0.490923109336724 0.481434739709613 0.500070705994162 0.494059560688381 0.47501828754503 0.384116201935799 0.304531984601487 0.24385311546008 0.185249064739741 0.127371267249251 0.0511668592351719 0 0 0.011551981323195 0.0294181260020201 0.0769097061681835 0.113582893741168 0.120039707875127 0.109292740074477 0.0871084136688559 0.140556529807336 0.187808060561979 0.193496787113351 0.195266306554657 0.19389019810773 0.178638692318182 0.157209253447496 0.118157071324632 0.151256904701544 0.254004470816441 0.364072410311883 0.463254818590069 0.489143413959953 0.496882037304459 0.483562388064913 0.468956231529703 0.453357673586714 0.432009456115971 0.41259812449351 0.395894785043912 0.383394516304094 0.372399393211427 0.361224290632299 0.351982467583931 0.346017298129189 0.336842661962858 0.326252337839815 0.320159927929839
-9999 -9999 -9999 -9999 -9999 -9999 -9999 -9999 -9999 -9999 -9999 -9999 -9999 0.519509692376856 0.468400409409535 0.434137682958039 0.428015416268645 0.308546418866537 0.139658434698511 0.056380372250383 0.000777007550780401 0.00172979283929701 0.00186553150526693 0.00155468307075679 0.0581627190294275 0.104181703251066 0.118025057757173 0.100342781929155 0.0617017459430684 0.101078666217062 0.137384515660308 0.141524660761102 0.110768954666467 0.0520051949984364 0.119211813013846 0.169610074755785 0.0708479148364317 0.054866773745609 0.118793452765031 0.235062561387241 0.355023500427631 0.432085086655512 0.472041331127681 0.468946578059818 0.461438190699768 0.451404799468699 0.429654580461604 0.410791858250442 0.395966193117006 0.386453616502117 0.378590181218047 0.365973929265149 0.356284137506924 0.351554309458505 0.345361417585078 0.338527822304858 0.334392213429142
-9999 -9999 -9999 -9999 -9999 -9999 -9999 -9999 -9999 -9999 -9999 -9999 -9999 0.522004020482453 0.515082251271856 0.494630804128903 0.451579405649188 0.329004110241249 0.171714766089612 0.0705652101329085 0.00443654295474251 0.00987673829763862 0.00745309553026505 0.000731180714028817 0.0453144809045737 0.0867513622665226 0.115425276862008 0.0998035325765419 0.0547333020692321 0.0733747017236281 0.0914815307278923 0.0896837795277538 0.064261129881586 0.019876701150657 0.0920571066967506 0.160055615446061 0.138257180805653 0.127533642448026 0.12750060817488 0.136103981247743 0.16612127137038 0.311850671610559 0.399188048755279 0.418776828967776 0.433663672485911 0.444081367257255 0.425818221672162 0.409924668664153 0.397344082270729 0.388723269830463 0.381339735289971 0.370560274244209 0.361442617258405 0.355141498780522 0.349141212241449 0.343308255750539 0.34187639762494
-9999 -9999 -9999 -9999 -9999 -9999 -9999 -9999 -9999 -9999 -9999 -9999 -9999 -9999 0.545657835637379 0.534760226660241 0.50565926991668 0.423392999883822 0.317530507788768 0.212713087387472 0.124128277883962 0.0687165127611393 0.0358294697545754 0.0152541480885459 0.0373932090994307 0.0640091171448817 0.0980103902940208 0.093050472138296 0.0621885099829206 0.0721496692500825 0.0824679209962756 0.0822881771445504 0.061618862985624 0.0245042419148225 0.0717391685648517 0.125023724743918 0.151819093365548 0.153411413396758 0.130675442939485 0.103025261357674 0.0983066190278488 0.235004000136329 0.319621507657521 0.34381400886958 0.363239534921278 0.379873013903375 0.383260780288718 0.385439258590056 0.385927011199359 0.385076802709187 0.383360619461455 0.37479631805362 0.366500073218924 0.358658148889719 0.352909080155253 0.348136248079906 0.347822117936361
-9999 -9999 -9999 -9999 -9999 -9999 -9999 -9999 -9999 -9999 -9999 -9999 -9999 -9999 -9999 0.556856729511518 0.586762236938948 0.583251104319593 0.564085036937595 0.468177668638706 0.346571451605275 0.172446939457668 0.0843863029025273 0.0433670659398829 0.0338349751432796 0.0365629553945325 0.0674760986818509 0.0807948181782231 0.0824164739063039 0.0943728552353218 0.106121419132406 0.114250756094228 0.0978214098994969 0.0616808117943692 0.0574754789139018 0.067430486907026 0.117696888408131 0.137855451867391 0.1289511728997 0.128285954628322 0.137720156603211 0.196579017607706 0.234110090949061 0.246895871812986 0.255047348744646 0.26529064784548 0.306414176376256 0.340038911569487 0.363179459642444 0.37619135976264 0.384736235500636 0.378722155305374 0.37146806832361 0.362112333531241 0.356666386432169 0.353006355819875 0.352405463163139
-9999 -9999 -9999 -9999 -9999 -9999 -9999 -9999 -9999 -9999 -9999 -9999 -9999 -9999 -9999 -9999 -9999 0.626603903557447 0.64828779215798 0.591050547394256 0.51311086878915 0.392863593400456 0.237834943791539 0.0637952455654629 0.0313455828537512 0.0184664108524025 0.0420749267776295 0.0608752761133991 0.0764790768225298 0.0896234608688585 0.101273338148954 0.108806188324474 0.102067996412481 0.0838756029939316 0.060184793190981 0.0471091821634157 0.0824518588152359 0.106983029530057 0.121077944642321 0.149855365092677 0.182469146859287 0.2195795273603 0.239906285398734 0.240760060433634 0.237047924267934 0.235951680209031 0.270332349016193 0.307927185650129 0.350015803538595 0.374288314018543 0.390833248761243 0.384086959268421 0.376117305922913 0.366074212342593 0.361693950594909 0.359853454319808 0.355911849467389
-9999 -9999 -9999 -9999 -9999 -9999 -9999 -9999 -9999 -9999 -9999 -9999 -9999 -9999 -9999 -9999 -9999 -9999 0.694291690824995 0.673723262792093 0.644241016785208 0.596542448024437 0.389002217784688 0.0940946058485091 0.0362338080016874 0.00606571139668959 0.0241119390907661 0.046416922299309 0.0715531965701888 0.0843811333574178 0.0943960928590376 0.098853294218994 0.100187310685303 0.0990146013712034 0.0644475075675513 0.0353368110485145 0.0500114525428564 0.074071362771071 0.10719079384459 0.160355875641965 0.213440523791314 0.241276549133781 0.252693329853055 0.24505989229012 0.232932608273161 0.223169896973431 0.246411938715777 0.284001313743121 0.341649932980296 0.374654876692327 0.397083924604799 0.389314466536961 0.380561899799345 0.37014309364601 0.366759745901454 0.366510980947498 0.360755149053502
-9999 -9999 -9999 -9999 -9999 -9999 -9999 -9999 -9999 -9999 -9999 -9999 -9999 -9999 -9999 -9999 -9999 -9999 0.694291690824995 0.673723262792093 0.648041127030099 0.611908592714527 0.434834134995237 0.180722647598545 0.0771225852148641 0.0138273124956478 0.038814258148253 0.0661771535907218 0.0951196197274348 0.100817396575809 0.102870712317687 0.0998060797216151 0.0962220380870059 0.0922211091812888 0.0612963139238946 0.0330208445920049 0.0326257725431695 0.0446567514207641 0.0686824925779419 0.118712519555251 0.170617581132067 0.201451133081939 0.218754888868525 0.220360871941481 0.217621014875867 0.217013395111086 0.246917261542935 0.289184707037679 0.348737877119964 0.380139653415398 0.399877406802575 0.39256592760817 0.384266726569529 0.374293467393442 0.370879825598646 0.370448914165706 0.373259761202099
-9999 -9999 -9999 -9999 -9999 -9999 -9999 -9999 -9999 -9999 -9999 -9999 -9999 -9999 -9999 -9999 -9999 -9999 -9999 -9999 0.593950689759466 0.598132979581272 0.460267458559222 0.24476044410982 0.108536350309124 0.0183007256630745 0.0374051375918758 0.0669294347769252 0.103381043918808 0.107262151330845 0.105556799484093 0.0951330046290549 0.0890829044553519 0.0865432122743488 0.0592019468043278 0.0318650311494039 0.0198791332410769 0.0209975472606103 0.0347654431905924 0.083638768946149 0.136457916890007 0.169179541405497 0.192244868324456 0.204106599631469 0.214828840942068 0.228698159551305 0.274129883096613 0.320378331533219 0.367768656562594 0.389217147238442 0.40037888847898 0.394857586978478 0.38809982107089 0.379246411218179 0.37435998657679 0.37134303445108 0.379426905641541
-9999 -9999 -9999 -9999 -9999 -9999 -9999 -9999 -9999 -9999 -9999 -9999 -9999 -9999 -9999 -9999 -9999 -9999 -9999 -9999 0.590096780707288 0.582549293766412 0.463991204237374 0.284756157281025 0.129866159757771 0.019274624440456 0.0188491215577807 0.0474521560038036 0.0953538419014718 0.103073259720819 0.102082334858522 0.0844725040854024 0.0785659309345211 0.0820526081339807 0.0582323267204668 0.0319439318567745 0.0120696781922202 0.00346364089422658 0.00573471792901906 0.0555568416100908 0.111518305794908 0.144947246038154 0.173640680648824 0.196839805499968 0.225360689077505 0.259370819289035 0.329766237769816 0.379253822233361 0.399509817793283 0.402118256211383 0.398441066510476 0.396127759762909 0.392069426860651 0.385053504985992 0.377159102306792 0.368997720926449 0.378849283690973
-9999 -9999 -9999 -9999 -9999 -9999 -9999 -9999 -9999 -9999 -9999 -9999 -9999 -9999 -9999 -9999 -9999 -9999 -9999 -9999 0.552073143298226 0.552730279979542 0.463824393417977 0.325964518483513 0.157912677790592 0.034069344057407 0.0252417662711757 0.049881528359244 0.0967709312037322 0.102661571880967 0.101637003581491 0.0900147137400655 0.0822837339904944 0.0776759914679791 0.0468692342073536 0.0167117990436361 0.00550462416478536 0 0 0.05948683091518 0.123982933628742 0.144525683986851 0.156452628650611 0.158383195105681 0.193300445179399 0.240689486399674 0.317383141726415 0.364966179945592 0.371849182411778 0.381316280470702 0.39120164507884 0.391924015310422 0.390597630527261 0.385798876448967 0.386876357658092 0.390592784622777 0.392612028725176
