layers/veg/veg_3200.asc
NCOLS 255 
NROWS 330 
XLLCORNER -2985163.8955 
YLLCORNER -3022031.214 
CELLSIZE 25000 
NODATA_value -9999 
[rows 200 to 224 of 330, columns 56 to 111 of 255]
-9999 -9999 -9999 -9999 -9999 -9999 -9999 -9999 -9999 -9999 -9999 -9999 -9999 -9999 -9999 -9999 -9999 -9999 -9999 -9999 0.269006086767757 0.268708931844518 0.260709833074138 0.238347947361282 0.159883692031931 0.0534214752905374 0.0278792116939729 0.0215683095392725 0.05665539229011 0.0937807742305817 0.132149242171406 0.177720521723841 0.212012813015832 0.212388834019506 0.202087354021746 0.183901947042519 0.208809224085039 0.234853264335672 0.245924379128706 0.253731723029637 0.258637030525524 0.275534069659052 0.294628367051339 0.313910065655311 0.324075376390481 0.324498796225105 0.314835492313189 0.304701127413873 0.309513110117123 0.318667149016298 0.333403888955002 0.33717836356761 0.337357986511578 0.336937487912727 0.333699847206322 0.326085039676678
-9999 -9999 -9999 -9999 -9999 -9999 -9999 -9999 -9999 -9999 -9999 -9999 -9999 -9999 -9999 -9999 -9999 -9999 -9999 -9999 0.193271823831054 0.200775823656425 0.210819152079532 0.225597887089609 0.178309779477867 0.100047132348953 0.0524719554315793 0.0313099325285946 0.0697998880770095 0.10860309315904 0.147597337962735 0.185107705967552 0.21342627852909 0.215479572256656 0.207648644749036 0.19251952279719 0.214103691647731 0.236323306386267 0.244543542209699 0.251608500722625 0.257646225117763 0.26679879738069 0.279474784754644 0.307099761914556 0.32079997670684 0.31962000893628 0.303735029930589 0.288665481933818 0.30645701916039 0.321992702444998 0.334627972289852 0.340489939794204 0.34384804082619 0.343274503629275 0.338917663275047 0.328682472298021
-9999 -9999 -9999 -9999 -9999 -9999 -9999 -9999 -9999 -9999 -9999 -9999 -9999 -9999 -9999 -9999 -9999 -9999 -9999 -9999 0.192926815321705 0.189313719457481 0.190792912869067 0.201768340915635 0.155719622605313 0.0812129289871967 0.0374869337711133 0.0203061941373816 0.0630778663396629 0.105020224351953 0.146456813208902 0.176192555372341 0.19853436632715 0.201712485180074 0.200422166028362 0.195832494439685 0.213089995837401 0.229820798153145 0.234843648051155 0.237178900723708 0.23712443143102 0.253157979278413 0.273994262831101 0.304442531180682 0.319337687134573 0.317612584461548 0.294519379955938 0.272804892805912 0.300269774077233 0.32079809362383 0.332407885034444 0.3399794976561 0.345645174573564 0.343762828045667 0.339985486057428 0.333263773163311
-9999 -9999 -9999 -9999 -9999 -9999 -9999 -9999 -9999 -9999 -9999 -9999 -9999 -9999 -9999 -9999 -9999 -9999 -9999 -9999 0.176595324498332 0.176778028666219 0.177888190596399 0.180727900093056 0.139419474848309 0.0760788648428647 0.0375089345131867 0.0225633871920553 0.0610645726656712 0.0987261738041471 0.135875742391938 0.166266854067731 0.189283798594051 0.192270179950535 0.193131475223219 0.192423674551846 0.209560626593337 0.225181899669253 0.227188649057573 0.227986282276846 0.227708809657962 0.245737516836222 0.267275938620758 0.289884914682478 0.304037617471752 0.309153836422146 0.288153187737833 0.267880427698142 0.300661414787365 0.322593550170536 0.33057701861708 0.338342214205977 0.345313335215629 0.3431720683658 0.339758593856691 0.334368412122364
-9999 -9999 -9999 -9999 -9999 -9999 -9999 -9999 -9999 -9999 -9999 -9999 -9999 -9999 -9999 -9999 -9999 -9999 -9999 -9999 0.176579440632258 0.176250324209407 0.172575306273657 0.162660763418739 0.129824742570327 0.085549727954704 0.0535290552044399 0.0389572934612871 0.0640709820576836 0.0895418889694457 0.115230650595157 0.155263863009694 0.186047142419577 0.187438274898135 0.185772331622979 0.181849140887405 0.203349443178127 0.222529687918207 0.221713594709575 0.224376507434403 0.230132836396475 0.24494821634657 0.259238064873776 0.262640984151248 0.273985889566481 0.293817704885196 0.284824637881855 0.274614332862655 0.308066425720438 0.327576542733916 0.329161078058206 0.33550367030659 0.342711920575289 0.341430959446478 0.338151480780399 0.331766782595451
-9999 -9999 -9999 -9999 -9999 -9999 -9999 -9999 -9999 -9999 -9999 -9999 -9999 -9999 -9999 -9999 -9999 -9999 -9999 -9999 0.164623663818047 0.164933423235078 0.159830069954746 0.144632202106294 0.115207476749893 0.0786828194254651 0.0563669003816077 0.0509749946956387 0.0839940385910423 0.101692750181402 0.110048137344216 0.148898661402082 0.179205570913179 0.179140683509336 0.178532677622696 0.177523650330384 0.194591499278068 0.210017631353752 0.211255300166685 0.218894238962934 0.232224973888333 0.245148345410588 0.254563184289603 0.246642965294498 0.246881379727818 0.255838216183227 0.271129196186237 0.289390396494253 0.317976925244208 0.334361490038722 0.335057654272628 0.341028186434549 0.347551005527082 0.33953306547182 0.332244450848923 0.326089033971834
-9999 -9999 -9999 -9999 -9999 -9999 -9999 -9999 -9999 -9999 -9999 -9999 -9999 -9999 -9999 -9999 -9999 -9999 -9999 -9999 0.153532865950013 0.153444604188047 0.146969150635334 0.128582694266721 0.099975425270153 0.0662674462766038 0.0542696231289826 0.0595549847714106 0.103816407995331 0.114457808995607 0.104595557161058 0.141700369490605 0.171202748987957 0.169971830595789 0.171285055465415 0.174476794764933 0.185368243090407 0.195520511830765 0.199480376635718 0.211863648427019 0.231736733240437 0.244452492511776 0.251397877944735 0.235729996224858 0.224467585548648 0.217912918651065 0.257359095984353 0.304810283179825 0.32726385918935 0.340543585782171 0.342028241937356 0.347857515600746 0.35350873256392 0.33920938661159 0.327837542014007 0.321014336184287
-9999 -9999 -9999 -9999 -9999 -9999 -9999 -9999 -9999 -9999 -9999 -9999 -9999 -9999 -9999 -9999 -9999 -9999 -9999 -9999 0.153536665456665 0.153570833947484 0.146703644218402 0.126966620627453 0.0893224543864452 0.0427417050323968 0.0398493008362335 0.0508576154407797 0.0923031203182511 0.0931342322204193 0.0691960739500907 0.120008348889436 0.161210219541811 0.16068658299525 0.16376291441802 0.169497347638394 0.177341436146132 0.184310023765871 0.187070105070429 0.196873254513578 0.212938865635899 0.235400946443761 0.253212493693956 0.241741168393749 0.231098276230829 0.221340658516297 0.261792865089789 0.310402174639519 0.327449310102577 0.339048506724696 0.343643138583432 0.349122392057294 0.354206350314689 0.350705698488278 0.342201477415848 0.325922903305726
-9999 -9999 -9999 -9999 -9999 -9999 -9999 -9999 -9999 -9999 -9999 -9999 -9999 -9999 -9999 -9999 -9999 -9999 -9999 -9999 0.151837513956026 0.152375248906054 0.146660839450807 0.129287267086982 0.0865112420591109 0.0310580895886566 0.0289353044132253 0.0395342073744699 0.0775250883261346 0.0755998423874157 0.0493311738647674 0.108327362521358 0.156047958205758 0.155268973560172 0.15812023186406 0.163651946047541 0.171028161916129 0.176749532101051 0.175471760738711 0.181518840738326 0.194078934676929 0.218619084363175 0.240231148166058 0.236176833066559 0.231086265009787 0.224888343536248 0.258944027633186 0.30024965837346 0.321487014444121 0.336863721410753 0.344705230680938 0.350478487636428 0.355374990958176 0.35765784173584 0.352291268974007 0.335039316754663
-9999 -9999 -9999 -9999 -9999 -9999 -9999 -9999 -9999 -9999 -9999 -9999 -9999 -9999 -9999 -9999 -9999 -9999 -9999 -9999 0.151796092719421 0.150999124789838 0.14690366940505 0.136657108079763 0.0937577842686147 0.034563056353769 0.0225184835498186 0.0248426704863131 0.0585597306582626 0.062925422659932 0.049390761735382 0.109486420162855 0.157080946398133 0.154811954919348 0.154888122404549 0.156695880645818 0.166912646174493 0.173870486260962 0.164914785477249 0.165697539033497 0.175139401932197 0.191922402744634 0.20827266306009 0.21576587727816 0.22255439632008 0.228589868911697 0.246754597927692 0.269903535393405 0.307639685660993 0.333794326327176 0.345058301655642 0.351951579873575 0.357147760459003 0.358781683548565 0.356899089960661 0.349552668299369
-9999 -9999 -9999 -9999 -9999 -9999 -9999 -9999 -9999 -9999 -9999 -9999 -9999 -9999 -9999 -9999 -9999 -9999 -9999 -9999 0.148965928300271 0.149024045415856 0.145012229133609 0.133410694278586 0.0947665315276976 0.042626709725607 0.0272120631581346 0.0233088569600532 0.0445922809394364 0.0515208968810041 0.0496950272199139 0.106531135981116 0.14988183796738 0.143325001939893 0.142729637862777 0.146536034979829 0.153547786084568 0.158282207637687 0.153087262395746 0.156243708973284 0.166825935084416 0.178561126535862 0.190513173737965 0.202511481651729 0.212411630889565 0.220069660418688 0.234783810421233 0.253076735441898 0.284861893246533 0.313358289514196 0.337626234646554 0.350802702299786 0.359739535127843 0.360481313557662 0.359813811073138 0.356956622223004
-9999 -9999 -9999 -9999 -9999 -9999 -9999 -9999 -9999 -9999 -9999 -9999 -9999 -9999 -9999 -9999 -9999 -9999 -9999 -9999 -9999 0.147995382296387 0.142431836863758 0.126493245951764 0.0938940067154257 0.0529802490002206 0.0359872858524828 0.0265034609045062 0.0334506104549085 0.0415888215833486 0.0504534187010225 0.101834281434034 0.139322482448955 0.128745456157705 0.128534953392567 0.135978761736419 0.138420396508259 0.140240578951444 0.141971780551249 0.149480620832508 0.162126745054055 0.169812113282075 0.177795599301526 0.191792948920799 0.202054714543412 0.208324586417203 0.223542641234356 0.241197770414177 0.26047559350385 0.288083583106074 0.326401896838308 0.347458083388603 0.361813005116002 0.362116945855024 0.36216328144223 0.361809360073638
-9999 -9999 -9999 -9999 -9999 -9999 -9999 -9999 -9999 -9999 -9999 -9999 -9999 -9999 -9999 -9999 -9999 -9999 -9999 -9999 -9999 -9999 0.139844142770303 0.116492257932623 0.0946521788832032 0.0735665685026028 0.0509828091749392 0.0357491910907847 0.0374639074752607 0.0449272632946126 0.0558965093379865 0.0919612999433987 0.119959010336152 0.119970401008124 0.12486343074523 0.133360907434316 0.138533678154294 0.142747209821402 0.144862970946472 0.150671299188836 0.159762935162263 0.164948454869028 0.170850165897549 0.183916801453423 0.195511036133577 0.205531844046513 0.220530685042516 0.236653326944182 0.251968892593919 0.272330367314708 0.299179506069591 0.327257035863631 0.354117055373084 0.360634852355509 0.364273348501262 0.363438097986307
-9999 -9999 -9999 -9999 -9999 -9999 -9999 -9999 -9999 -9999 -9999 -9999 -9999 -9999 -9999 -9999 -9999 -9999 -9999 -9999 -9999 -9999 0.120440640480844 0.105965484082043 0.095238526021022 0.0863821112747165 0.0604602504082058 0.0416035235892463 0.0395806522770311 0.0466882551267145 0.0593642086213672 0.0842975341064072 0.105355340215094 0.112930583016901 0.120423173980446 0.127854737456599 0.135247182681883 0.141803090741529 0.145254101948948 0.15049488849849 0.157327083688957 0.161822977446265 0.167176576639945 0.17898223260847 0.190269756737659 0.201003598429948 0.215843550552512 0.231371390594862 0.244471467773523 0.259309047959472 0.276380583535974 0.302151185534956 0.330273789990388 0.352566150938838 0.365943802854553 0.365470123482327
-9999 -9999 -9999 -9999 -9999 -9999 -9999 -9999 -9999 -9999 -9999 -9999 -9999 -9999 -9999 -9999 -9999 -9999 -9999 -9999 -9999 0.125493357544341 0.12044448394152 0.105980338389694 0.0955585710691632 0.0871541579264754 0.0613855220785385 0.0422017167964183 0.038758035921046 0.046004444829096 0.0597703583417045 0.0800577091542494 0.0981286233653803 0.10858011291328 0.114791498817937 0.117872127112486 0.126691561103123 0.135510845589366 0.141770529476812 0.148199702272402 0.154779578961725 0.16139141039303 0.168573837266593 0.178606653418808 0.187046993381475 0.19378559253149 0.208560150073261 0.224946454911082 0.238538264020156 0.250521743461669 0.260437349227243 0.269443653213871 0.281404695142754 0.334289231006819 0.366932925842935 0.368127182049568
-9999 -9999 -9999 -9999 -9999 -9999 -9999 -9999 -9999 -9999 -9999 -9999 -9999 -9999 -9999 -9999 -9999 -9999 -9999 -9999 0.122113858366871 0.122427207248477 0.118093880360898 0.105095310595923 0.0950930708356891 0.0865861535087851 0.0579133444234737 0.0369079948572495 0.0342287953788028 0.0439082792941556 0.0611248835634558 0.0743747567936984 0.0872881953813788 0.0999716794680434 0.109616830534104 0.117018573177481 0.123750495410391 0.130209238561977 0.135947037731308 0.144711391510269 0.156166856874375 0.162758258775143 0.169383556035873 0.180601456275437 0.188778860984525 0.193707152539612 0.209140177181074 0.225913757307209 0.233386135501226 0.24199502939518 0.252065172773982 0.258063567697011 0.265136540075305 0.302340334152785 0.331572123016721 0.348417317451549
-9999 -9999 -9999 -9999 -9999 -9999 -9999 -9999 -9999 -9999 -9999 -9999 -9999 -9999 -9999 -9999 -9999 -9999 -9999 -9999 0.127593130662015 0.122399278620085 0.115161117866135 0.104110676594678 0.0944649326728128 0.0855202048124488 0.0529722794075265 0.0296806351728636 0.0284868655183093 0.0413409501383727 0.0627623202053331 0.0682060425302387 0.0751979841921418 0.0896475413135389 0.104468956461672 0.119564939744227 0.123058907622256 0.125509779914027 0.129240900281237 0.14060392547807 0.15875298633353 0.164684410397223 0.170024953406347 0.183489825732774 0.192453397611916 0.196606821162673 0.212783297197113 0.229547121665323 0.228685963930434 0.233894824168596 0.246908073414875 0.25542394409788 0.262233951930555 0.265887625379198 0.282567690019178 0.319487659205114
-9999 -9999 -9999 -9999 -9999 -9999 -9999 -9999 -9999 -9999 -9999 -9999 -9999 -9999 -9999 -9999 -9999 -9999 -9999 -9999 0.127791452473161 0.128988058904293 0.125256626331566 0.112335257340011 0.0992709988087526 0.0861354310646008 0.0592317683573426 0.0386459231149783 0.0330614982862731 0.0423918874470808 0.0608182898735162 0.0655853137407918 0.0708428799743383 0.0800704788197282 0.0938253577860684 0.110923036335703 0.120939884238701 0.127622421588941 0.125017259521787 0.131942619268518 0.147342201678944 0.160604202611316 0.173124324187915 0.183843761069596 0.193408691764334 0.201739902099752 0.211419287604744 0.22112593476209 0.228571761004546 0.236814081173426 0.246080475483768 0.254093871150181 0.261504419830295 0.266428585254934 0.27446838618887 0.287349141488594
-9999 -9999 -9999 -9999 -9999 -9999 -9999 -9999 -9999 -9999 -9999 -9999 -9999 -9999 -9999 -9999 -9999 -9999 -9999 -9999 0.137738314017033 0.13740432047368 0.132354092199755 0.118508905672397 0.103078462375061 0.0868568945997865 0.0644266230598751 0.0461404451040665 0.0375962366784288 0.0437274106246038 0.0588085770296875 0.062736677638402 0.0667136761169456 0.0729168565505351 0.0851152936849282 0.101740437598178 0.116429745444104 0.127235397467869 0.124408690630723 0.128133320035675 0.1376831794904 0.153282311913978 0.169064804476011 0.180273661300577 0.191459323938907 0.202620200967509 0.208922232295363 0.214868602312185 0.227065823793232 0.235967880778912 0.240633254169624 0.249704292105335 0.259867285094728 0.26582774534348 0.269176650680939 0.268467822656589
-9999 -9999 -9999 -9999 -9999 -9999 -9999 -9999 -9999 -9999 -9999 -9999 -9999 -9999 -9999 -9999 -9999 -9999 -9999 -9999 0.137759265448981 0.138100383004332 0.133791307647324 0.120810430552058 0.105000582277478 0.0877789322117153 0.0676114674805197 0.0508581874663703 0.0420556552076657 0.045600226796277 0.056674856786303 0.059457756634412 0.0630109680709235 0.0703386457726129 0.0800557080321121 0.0915370158189019 0.107405223824008 0.122129049349814 0.130625312309812 0.1334845225769 0.131331453283692 0.139840182271465 0.151489428463692 0.169295053934368 0.184026006620238 0.19547132389266 0.204286007081526 0.212696588093209 0.222932317319987 0.228012564640655 0.226464267120395 0.239538420659175 0.256516612932113 0.263071208000759 0.269185553593652 0.274615856520026
-9999 -9999 -9999 -9999 -9999 -9999 -9999 -9999 -9999 -9999 -9999 -9999 -9999 -9999 -9999 -9999 -9999 -9999 -9999 -9999 0.157026295548092 0.154728583401824 0.14583494328211 0.124641043636917 0.106196284833337 0.0891234883858216 0.06793986859013 0.051014281861988 0.0440197214199775 0.0459340227486519 0.0532815212264678 0.0573609306330596 0.062484033801583 0.0712319029299503 0.0801628088534216 0.0892288633221683 0.104122631972492 0.118704746237164 0.129524934813805 0.135164473633755 0.136197551187665 0.139083622767194 0.144240383787047 0.159171471146021 0.171602679977938 0.181362486032166 0.196028495134132 0.211077639493095 0.219991949477006 0.223923490575204 0.22144854871169 0.231999773332246 0.246445963281069 0.256860405611279 0.266615356253805 0.275345614131351
-9999 -9999 -9999 -9999 -9999 -9999 -9999 -9999 -9999 -9999 -9999 -9999 -9999 -9999 -9999 -9999 -9999 -9999 -9999 -9999 0.157429853567927 0.168135858724962 0.163238714390731 0.129244407545015 0.107024879984495 0.0906815715269446 0.0668247173182378 0.0488650695986398 0.0447227187478236 0.0454900485649396 0.0492516175671309 0.0558614965174931 0.0635620310149479 0.0738795256599898 0.082880982870334 0.0909107199151972 0.103741822333784 0.116130493277434 0.124726786896849 0.134989095091424 0.146732767973742 0.144737932651804 0.142209926902507 0.149479989621803 0.156657566953592 0.163736313194825 0.185940904127184 0.209738192043295 0.217654554605526 0.22178828793094 0.221058590840055 0.225788838555889 0.232979258308503 0.248903931422422 0.262741766580795 0.27333715335859
-9999 -9999 -9999 -9999 -9999 -9999 -9999 -9999 -9999 -9999 -9999 -9999 -9999 -9999 -9999 -9999 -9999 -9999 -9999 -9999 0.175091069619392 0.175051177414791 0.167005123253092 0.144028968236472 0.118410080976849 0.0914723347123793 0.0664827474467493 0.0472032740973133 0.0409823878739546 0.041742483258766 0.0467600304200237 0.0538147709105064 0.0612153647820125 0.0692338237801851 0.0791818047862541 0.0905544834455799 0.101343256922305 0.112920990714386 0.127703860725206 0.137676030179016 0.143370684877122 0.145793296936778 0.147805326419608 0.150719771380449 0.155521734681523 0.16234072468308 0.178279775520249 0.194917707008341 0.200053498887969 0.207687561129457 0.2185337182672 0.224132788116683 0.228510958533912 0.238896971665205 0.24867225058997 0.257498594244671
-9999 -9999 -9999 -9999 -9999 -9999 -9999 -9999 -9999 -9999 -9999 -9999 -9999 -9999 -9999 -9999 -9999 -9999 -9999 -9999 0.173861410254408 0.174183084541424 0.169125609092904 0.15403695409848 0.125726353778307 0.0908173242375319 0.0638669062542618 0.0427909257437329 0.0349425180875833 0.0364210032350052 0.0435876277536608 0.0511614673577933 0.0585920869127058 0.065533011433871 0.0765646836152347 0.0906168337013334 0.0998094060524136 0.110254598354615 0.127542121008662 0.138161388688666 0.142851466075437 0.149199284281957 0.15450655498294 0.153055908223341 0.155750706418112 0.162875381123281 0.173456297573801 0.183927127984512 0.187275548373835 0.1975543801134 0.216743832283365 0.222554547153154 0.224363153537269 0.230290959209587 0.236981826154727 0.244858308294265
-9999 -9999 -9999 -9999 -9999 -9999 -9999 -9999 -9999 -9999 -9999 -9999 -9999 -9999 -9999 -9999 -9999 -9999 -9999 -9999 0.173842945437958 0.173569634019385 0.167983768506176 0.152490912745313 0.123121328151309 0.0868265437653633 0.055921632178425 0.0319506925162483 0.0237321721928647 0.0275716033982098 0.0387647493155675 0.0471180834750299 0.0554680492008501 0.0643391696001214 0.076737332858511 0.0917397523335999 0.100374530770131 0.108880026285182 0.119742430850786 0.133398119856839 0.149537504380689 0.158273928647673 0.163464041851984 0.157487624340106 0.158579925254204 0.16722595081271 0.175141408923066 0.18242367585575 0.186373146784895 0.197165407758346 0.216755632039937 0.220966559224536 0.220584604732617 0.225034455409046 0.231261080892293 0.24024839058665
