layers/veg/veg_2200.asc
NCOLS 255 
NROWS 330 
XLLCORNER -2985163.8955 
YLLCORNER -3022031.214 
CELLSIZE 25000 
NODATA_value -9999 
[rows 125 to 149 of 330, columns 56 to 111 of 255]
0.102049477255594 0.122356582159523 0.147937694632209 0.175208614823931 0.194458811958572 0.203540157354122 0.236355918713553 0.273626565101181 0.273953951153422 0.26425312998215 0.239194798258119 0.219662035662221 0.202852741138176 0.201625304674135 0.201417209933424 0.203109559508566 0.209582205242382 0.218439885096711 0.307788654527549 0.379096994575314 0.40616042538417 0.493697468767004 0.618106765121928 0.660612315213777 0.69927943084977 0.74215814708761 0.785340863368589 0.828747994095043 0.836422381101868 0.837059093243287 0.827356220080226 0.808203264241618 0.780649427298854 0.744466447355651 0.706760184745042 0.669207647236719 0.625706898736216 0.575851186269279 0.536015144176111 0.500304660066852 0.476704950760667 0.455612486199496 0.437742949160255 0.416558507558923 0.395704077428208 0.392499397252298 0.396860667053713 0.412974959005069 0.428727977122504 0.443777197822753 0.439301583173508 0.432071744788389 0.419629382199469 0.404276286577832 0.387448587242158 0.387902032109819
0.119629894346691 0.122607642554474 0.131019250007634 0.154564680506716 0.177541695290417 0.19979805994136 0.219530676210952 0.238706235979809 0.260810977768582 0.257426887887831 0.215008403063144 0.197598636776472 0.190473679507163 0.190241928427742 0.189429708569325 0.187535272054485 0.176712572103868 0.161435291887839 0.234241115790551 0.285679218189905 0.284963024400094 0.362110447194465 0.486733237274059 0.549892670258507 0.605580086809859 0.651173060105229 0.708977625275305 0.775796852386253 0.800860809835386 0.81624364298028 0.814106687886004 0.802844767600035 0.783470987313799 0.750364074580862 0.714673490847042 0.678423516200954 0.634235290700316 0.581565977658653 0.542586929371451 0.508457326366862 0.4850742758596 0.46402964498222 0.445990926071734 0.426025473743795 0.406465958973941 0.399860003951887 0.398164131510198 0.404095630317069 0.409031232710262 0.413313290367474 0.408953053449448 0.40271536051025 0.392924475858824 0.380890267762477 0.367719571693347 0.36159057452285
0.150039337281056 0.137023448961117 0.130884218196362 0.146238036716964 0.171415201452864 0.209046623807961 0.193096464907645 0.167168181861777 0.225587878130087 0.229562951393417 0.150159824176456 0.138676676712336 0.15404819445703 0.154562944942527 0.156154157071079 0.159752306975216 0.148758525224013 0.130484388087503 0.153160582072589 0.168519105887862 0.16564355601103 0.206005423788059 0.272730211419478 0.390548957121128 0.491352707146789 0.533497055599017 0.600275621398653 0.685239297202237 0.738991151900213 0.779782665303336 0.786121459457564 0.785875323588194 0.779775353831152 0.752651099930927 0.720905594200978 0.684944810029635 0.640123126541111 0.585834614127904 0.549150948688374 0.517559138183186 0.491357707671336 0.468909117082741 0.451284599252941 0.433664635921731 0.416420139805492 0.403882681596204 0.394778967370577 0.391009265293874 0.387735745740497 0.384580715133724 0.378457878724462 0.371751039158701 0.363938940587036 0.356236467806306 0.348589532444036 0.335700795068406
0.238776901951488 0.187621172272633 0.137630829386665 0.144220790633223 0.157091442423821 0.177924893890574 0.162789824242686 0.140627340828764 0.171140060561238 0.171368148999388 0.125217404778542 0.126546828397039 0.145882417606562 0.130931429284067 0.123721474811897 0.130943779358457 0.130580524511496 0.12643260499603 0.144443203073833 0.15556196755516 0.150075427220023 0.163137256051988 0.18750848300057 0.235980348329323 0.285878455904331 0.335393977044486 0.434614838125263 0.570528444985482 0.646280552428829 0.706728783456659 0.736877717125834 0.749277074375988 0.745897513465862 0.729278389845226 0.707065311149713 0.66865945288162 0.627753883388047 0.584177666403101 0.553633299013439 0.526449872278258 0.500249143154981 0.476617144351408 0.456287109450743 0.436985067217843 0.418108753006551 0.400405236792573 0.38573317320205 0.375770198349458 0.366881278881098 0.358451052621465 0.350697556701675 0.343423505021707 0.337056828683797 0.330301735364454 0.323349866484804 0.310835509076942
0.335932821850104 0.246531827167483 0.151622807175215 0.147995815203887 0.145480098416288 0.144373281113714 0.135120800133053 0.123826807226565 0.119067833448139 0.11265576350472 0.103712090331257 0.115226728252898 0.133594879445962 0.108983486161632 0.0968451559282006 0.10796140385424 0.116953565678844 0.124885956799149 0.144348369796545 0.15611779386776 0.149808410395949 0.14297094602267 0.135811497700361 0.108740593125255 0.100256533420785 0.149147353337963 0.275579076359191 0.459251905637897 0.558062090958979 0.638213832718728 0.68655446529462 0.707139862766331 0.703051568151571 0.696817807355806 0.684576655130999 0.643980512718719 0.608251186210134 0.577721480182377 0.552581791102676 0.528884548546217 0.505979390946177 0.483116550533988 0.460308106578167 0.438858074122661 0.417734881728774 0.39519463256179 0.37547059451275 0.360121286900378 0.346341236266599 0.333312477220969 0.324120963941246 0.316260622999899 0.310919601002338 0.304604535520995 0.297796010789807 0.287010615129867
0.426432211214929 0.315993227274176 0.194523545574943 0.174235802792889 0.153305635739497 0.131560988854007 0.123075294468926 0.117307565278989 0.0936502538363955 0.0757375432455076 0.06662229427813 0.0703377606176479 0.0791350708331614 0.0853984492395035 0.0956843819569361 0.113469900240982 0.11712454224838 0.113728863322966 0.12734446131633 0.137532259320405 0.139253817950776 0.140081739852997 0.14036478940341 0.107478871028611 0.0818821088361822 0.0835210240776171 0.193552227523467 0.383599193466621 0.515838913259326 0.620515641757084 0.648102354747304 0.654390876117179 0.641745851434696 0.64171248571412 0.63706301512247 0.597672994907581 0.569466980714132 0.553209761773585 0.526912161709965 0.500825477071973 0.494610488981563 0.481614012371177 0.459900299027462 0.437309888139674 0.414174507196011 0.387749582237613 0.363955203106439 0.344247140097687 0.326941889041876 0.310799715963426 0.300979625187904 0.292520802212914 0.28663825554609 0.281059703713118 0.27563515841596 0.267307799989604
0.477451534606644 0.374935598371733 0.25836537141868 0.211966428996379 0.171634745942619 0.138995269756268 0.124259700114636 0.113224633949727 0.0783967533275721 0.0614346011740853 0.0718325850224746 0.0650407898838919 0.0521665437895414 0.0653104979020119 0.0800323596321607 0.0976960469486945 0.100442010586295 0.0957450713589622 0.106815413724813 0.117714424281598 0.127674201207832 0.134352743148989 0.139030635198712 0.105731329525687 0.0738449917926327 0.0531285096259552 0.149747781284178 0.332984929232541 0.474865362398789 0.585966537859291 0.600647911229269 0.602092013569284 0.591768521499363 0.579306371780472 0.564262880514741 0.538140588445501 0.523780817523695 0.521987917236539 0.505079345500215 0.486960381860562 0.487502554858661 0.478764876147777 0.458098449941548 0.435207820818335 0.411192360638512 0.38207552181709 0.355042683309713 0.331247151673891 0.310255611331926 0.290671579084466 0.280229457652022 0.271473256126967 0.265907753385194 0.261158494172932 0.256822751324639 0.250583579230381
0.487700016445687 0.423015027514949 0.34383294020575 0.261563372915989 0.200810836642569 0.167338072618283 0.139106560583413 0.111657666860747 0.0736396400060506 0.0704863293884732 0.120725936926307 0.100630251141515 0.0535881082341265 0.0488339671321683 0.049415306830389 0.0599440311269095 0.0663549559888612 0.070711386353636 0.082645974846817 0.0966239994726396 0.115036047651385 0.12569111077013 0.131616548796888 0.103482085060815 0.0764831539678312 0.0591217570886595 0.145415394718829 0.30822772902332 0.435182294129954 0.53401559117315 0.543896809205051 0.550257991643083 0.553489952727 0.509360770806773 0.465349525492725 0.464950914031883 0.470967041533554 0.483836563276693 0.487208784633612 0.487753325914044 0.484794898203728 0.474525115698957 0.454856982021447 0.432533763361513 0.408807346851178 0.378230352685717 0.348818134349931 0.321215290404263 0.296371105214341 0.273006030357413 0.261948639151643 0.253206006946478 0.24884418707673 0.245020032806848 0.241468264798969 0.236935336095961
0.482905272794989 0.43384315589822 0.37538864652012 0.314519514392713 0.258627387258309 0.209045218156163 0.170761876756006 0.139333822176921 0.14706675378773 0.138032236784197 0.103319523937856 0.0729446265740753 0.0458936248581302 0.0680343170269848 0.0776771764196236 0.0640192773752565 0.0546501493291584 0.0474208186567804 0.0539651659136593 0.0638128640429152 0.0807757650221507 0.098662183516724 0.117111693415966 0.104895334106396 0.0915692711494308 0.0807654056142101 0.132479613876483 0.230344996061159 0.324767284766816 0.406297912339173 0.441260482523698 0.476312178175723 0.511443104082288 0.486729634742283 0.455101658215999 0.442950270120415 0.45063273554713 0.479505341104282 0.484741501167815 0.484169575323858 0.483935382020273 0.474530909369545 0.45333853856868 0.431769256279255 0.409346421856335 0.377715446029021 0.347658544830594 0.320046826858914 0.29510314302138 0.271481726828751 0.25596215594365 0.243542078247245 0.236987966723143 0.233293547950226 0.231047875422501 0.226867284617967
0.472410032489469 0.435665021376831 0.392069305659704 0.363143992648039 0.319836317602386 0.258294362911281 0.214880678002904 0.184353022838787 0.239276029240903 0.221380667541817 0.0919689767897307 0.0525258243614113 0.050809240521905 0.0965523344275366 0.113794033818858 0.0778981916390052 0.0504299033967767 0.0271663763296939 0.0280780107735536 0.0327624453440631 0.0452811169763483 0.0695371997292977 0.100949871507735 0.105112518613892 0.105786278834931 0.101476144433461 0.116604546139243 0.146082578378888 0.201665754047849 0.260184969723275 0.318028853567648 0.385825732352723 0.462470568345988 0.46822852507753 0.458190281920227 0.432855589279821 0.438796678359776 0.478152262338484 0.481986415202078 0.477816191757493 0.479488039500425 0.47201885318035 0.45279936194124 0.432148124494021 0.410212833952436 0.377945816880954 0.347883232277765 0.321245035055612 0.297095740816262 0.274043595161411 0.253761383912804 0.23682045830156 0.226203104747922 0.221858103222776 0.220690732037825 0.217099684350652
-9999 0.435665021376831 0.393574535745112 0.376894392797733 0.358386652581843 0.337561843751318 0.317038122930679 0.300778947042646 0.334488467904875 0.31889984938219 0.227814516545498 0.182718485680999 0.156188793787699 0.13152930276638 0.109330260245783 0.0917184383408374 0.061426388852633 0.0248077908749474 0.0284295459047434 0.0324349296239797 0.0359298171765026 0.0554848156141812 0.0848320597291441 0.0913298609326163 0.0941916681079797 0.0908232591877374 0.0944557820112389 0.103256429808823 0.105174463714015 0.109841226962925 0.127830552938145 0.218002736647141 0.372343629392804 0.40225296703183 0.410438809412543 0.422062703858365 0.432947270628255 0.443041952717504 0.452656906366996 0.459590608583041 0.447648069902813 0.445571578449437 0.456177357126777 0.437263966402335 0.408636374120206 0.37793116508462 0.349443602548896 0.324400954202628 0.301137569331287 0.278646181148933 0.257701917760483 0.236393236796133 0.214394874957303 0.205354939988166 0.20287986142302 0.203657639278192
-9999 -9999 -9999 0.37897877709333 0.379742009421031 0.381472884731495 0.377674483726966 0.373280878945601 0.382799048508805 0.366708798173664 0.311401011736336 0.280955642119421 0.25894774977736 0.188092511121652 0.134157093168255 0.111766716826579 0.069597901279737 0.0175610250962754 0.0361166421557543 0.044809635989132 0.0283942877478417 0.0379098554986931 0.0632361422319873 0.0687199316779356 0.0726522352227312 0.0758105155789902 0.0767394870020842 0.076022770737574 0.0518551129967095 0.029853987259712 0.0263846669636296 0.118992540849285 0.29701057598466 0.338719771050184 0.355584065697633 0.370928824006943 0.382569342414494 0.390252316086385 0.417296845304739 0.443590449391327 0.429028526420072 0.430728685650137 0.453332872057743 0.437283391179002 0.4087345196061 0.38024410904849 0.353449072028962 0.329287645171437 0.307085680722547 0.285667023634453 0.263603718782718 0.240650753611556 0.21601405596515 0.202912711292382 0.195655280900476 0.197231477992803
-9999 -9999 -9999 -9999 0.379742009421031 0.381472884731495 0.386743604324132 0.391231271338841 0.372859719917007 0.352779967675242 0.330084223209381 0.339505559403081 0.358452046790017 0.271464817726815 0.19536148636711 0.139549918850241 0.0742609296251541 0.00424336848772407 0.052914161464681 0.0729599067701279 0.0231138600063339 0.015960021110761 0.0348366742174387 0.0351469449056052 0.0387617993783479 0.0553830322508213 0.0645281108674725 0.0681542527291498 0.0521532876074384 0.037246226407011 0.0351651197396251 0.105444616951138 0.240050834963149 0.278219874266878 0.29190739210771 0.26969332004923 0.276889079026933 0.315505784023452 0.37444712105721 0.430354162469889 0.426828132467277 0.430297891256909 0.442760358189999 0.430973304771655 0.410912446400329 0.385447817840965 0.360491240113008 0.336323873613345 0.315401306089475 0.295691227335214 0.271941321701762 0.250726495825342 0.234309451777601 0.217933504190438 0.201578376442375 0.199518715502863
-9999 -9999 -9999 -9999 -9999 -9999 -9999 0.395466362780036 0.370514703466771 0.370701248222242 0.40938522583469 0.411380599444235 0.397076468014615 0.334905702329746 0.27309253355765 0.211946062718829 0.139092248653133 0.060397287484871 0.0984072539385654 0.103382699036322 0.0284011806594431 0.00588371287626617 0.0153548705959083 0.0165031216970424 0.0224954580182292 0.0440258645249778 0.0565394431910994 0.0623967516840694 0.0509243916147934 0.039280664823973 0.0347182879981565 0.0854961043419196 0.185469932938744 0.235867698572482 0.260179025083009 0.197929367770692 0.173675351953901 0.190015210985027 0.265174210178294 0.34898298516129 0.389198963178508 0.413714678302563 0.418048554585179 0.416407274640262 0.411446476308248 0.389033846289679 0.365851051267187 0.341471874246752 0.323162551803858 0.306966158846523 0.277762448997267 0.253768238759693 0.239633301195537 0.226748717742781 0.214497575006096 0.210583360730564
-9999 -9999 -9999 -9999 -9999 -9999 -9999 -9999 -9999 -9999 0.528963357458343 0.481131941722737 0.415271374378413 0.387386223357557 0.350702800245104 0.297616020139471 0.223937905191149 0.139986151422859 0.150465721791652 0.130328376075646 0.0365607454142303 0.000678612304199287 9.06946095113293e-05 0.0034688432598371 0.011946775912627 0.0344064231042129 0.0492717125981766 0.0585308069290075 0.0490980139531126 0.038525898240223 0.0320303443529179 0.0645620908237534 0.13178810626361 0.193617654360061 0.22932538212816 0.138165706677551 0.0825261679023867 0.0648357181813879 0.145618765821988 0.248247036761396 0.332140291321684 0.380017459117002 0.381597895211961 0.394318296185165 0.408110636636603 0.390039126120037 0.369555969259216 0.345326536915895 0.32936187265287 0.316174146298984 0.281762220784585 0.254687017888683 0.241496977526016 0.233759198018194 0.228783583235234 0.224175702467803
-9999 -9999 -9999 -9999 -9999 -9999 -9999 -9999 -9999 -9999 -9999 0.481131941722737 0.415233565315628 0.386132217668844 0.369903077693506 0.377672674689116 0.324830925903086 0.241748346218522 0.176858876096369 0.11054991563088 0.0403492979836421 0.00894487842703412 0.00119545762882003 0.00161155633353232 0.00447947421842214 0.0129007764413282 0.035485653520742 0.0685261567392943 0.0458634419108382 0.025082875505703 0.0361421321589272 0.0547075794765813 0.0799458377612938 0.0898531721468076 0.0979481928049037 0.110826118943569 0.117756329396454 0.118332105059549 0.14042404646907 0.166231901883087 0.18015831876956 0.21073372575084 0.262710509081837 0.316618510667017 0.367180952674233 0.367773878819427 0.360565773101904 0.341239466689201 0.32001114305125 0.297953126548452 0.274085499000784 0.256154074316309 0.249457249312332 0.242015950511093 0.234197494542189 0.235725886864242
-9999 -9999 -9999 -9999 -9999 -9999 -9999 -9999 -9999 -9999 -9999 -9999 -9999 0.365963475855461 0.381420912560606 0.425696945671307 0.388834643026763 0.311489974262145 0.218683633171466 0.137550646923957 0.0837801069335265 0.0423549757989099 0.00845714490319688 0.00563811172744025 0.00522331819259584 0.00594633907358053 0.0301296506471378 0.0716314733368588 0.0480434996581143 0.0270907476473126 0.0449696592057615 0.0547705555182964 0.0573903034781212 0.0367466964759466 0.0260827041272495 0.086889804685591 0.128069740281811 0.148280358168641 0.140540438604131 0.124027040388128 0.0938775360216631 0.104235870190075 0.166664840034394 0.236489007515924 0.304780529111205 0.323673637980683 0.332685293201294 0.326346999776087 0.308006215373203 0.284964549988708 0.269284642850802 0.257998918928616 0.255029435284787 0.248395298898165 0.239904616244866 0.244689153883809
-9999 -9999 -9999 -9999 -9999 -9999 -9999 -9999 -9999 -9999 -9999 -9999 -9999 -9999 0.381420912560606 0.425696945671307 0.397532394294474 0.333225047580764 0.283644085770864 0.234684672407122 0.186644222142129 0.113461742320978 0.0249495470327314 0.0184859662734183 0.0182776505143522 0.0208076750102655 0.037412335827306 0.0644069678845823 0.0583413937735155 0.0522632388340838 0.060867217076428 0.0697022378123393 0.0787426493987969 0.059588794175728 0.0434396122904956 0.0680558184293345 0.101026930681468 0.142924277622101 0.148619468198816 0.14150738317436 0.106098687616745 0.0918691929486348 0.104864415602205 0.152716771448341 0.210190286935439 0.246837473998366 0.27648372056938 0.295254636359924 0.292022004436565 0.279820668131877 0.268795403106636 0.260410159173543 0.257021304481501 0.251959965595022 0.246051331069587 0.249774007645313
-9999 -9999 -9999 -9999 -9999 -9999 -9999 -9999 -9999 -9999 -9999 -9999 -9999 -9999 -9999 -9999 -9999 0.338451906285882 0.342469801154504 0.335436907247612 0.30286824588506 0.238799968909969 0.155525599459943 0.0765724555810842 0.0191288273949191 0.022972779697854 0.0317990693200354 0.0443033467974636 0.0493479953945465 0.0536490313946666 0.0584988962425467 0.0684611966483929 0.0829683211314152 0.0690309206797979 0.0531328976133662 0.0531806200923571 0.0668894818339961 0.0951936643987668 0.116397216836409 0.13279336737494 0.126730342977453 0.125382766669879 0.130096643859192 0.157457760994204 0.191850307011049 0.22253374943447 0.237691562500902 0.228731708087198 0.242393266821623 0.264685080642921 0.265038392129761 0.263720463672706 0.259239619093609 0.257254326153704 0.256533302273985 0.2629624278109
-9999 -9999 -9999 -9999 -9999 -9999 -9999 -9999 -9999 -9999 -9999 -9999 -9999 -9999 -9999 -9999 -9999 -9999 0.438149137675338 0.434085409336149 0.420682478442154 0.38153553170533 0.326691823616386 0.151866031011496 0.0172432312673022 0.0210820775072091 0.0217195786204571 0.0199938297685087 0.0336365222422051 0.0465577406222416 0.0499399665621861 0.061602194686076 0.0806251323696258 0.07329382880152 0.0599835791283147 0.0404504487178279 0.0314505791220885 0.0337042600501552 0.0705217209732945 0.114729498009046 0.150318890350285 0.175575105868951 0.187548581425088 0.195550272232235 0.20291468417775 0.218429072373995 0.206188684130191 0.150833749366229 0.181490285548767 0.2459047908325 0.26005098384419 0.267332717252369 0.26162307259519 0.263216788479759 0.268510452954176 0.27880715885277
-9999 -9999 -9999 -9999 -9999 -9999 -9999 -9999 -9999 -9999 -9999 -9999 -9999 -9999 -9999 -9999 -9999 -9999 -9999 0.438851303736249 0.441167177831411 0.420715138757061 0.386380941526443 0.212567724086118 0.0700441301224281 0.0438910990479836 0.0274935614109196 0.0182975808113575 0.0406556415119841 0.0623382554482855 0.0674425627783527 0.0741746611925885 0.0823538241278458 0.0796843861831058 0.0712338381341658 0.0434747354428157 0.0355220659178078 0.0487302410973906 0.0822948439820063 0.121460031777487 0.164743095386393 0.190390675748773 0.193368796166805 0.196684057726662 0.200084144531603 0.203179197690696 0.186851361292352 0.140351814551148 0.172012975104689 0.234497466294996 0.256451725933529 0.269588698474246 0.266038456461335 0.268892843621114 0.274991873920244 0.280688732524141
-9999 -9999 -9999 -9999 -9999 -9999 -9999 -9999 -9999 -9999 -9999 -9999 -9999 -9999 -9999 -9999 -9999 -9999 -9999 -9999 0.459118338591705 0.446206841106935 0.425422885185447 0.25701958177983 0.112052982363586 0.0623067752813883 0.0349126089993186 0.0240188378802344 0.050762961231647 0.0764392741127961 0.0813627773350349 0.0835783906807624 0.0833867593835851 0.0840862134805295 0.0796763807130324 0.0486838850071497 0.0402157762043932 0.0558123260567415 0.0838557591931807 0.116802732298301 0.16316321113764 0.190162128062203 0.192272804264844 0.19306268107078 0.192930086423572 0.186564876558934 0.170677855966819 0.139999559629691 0.177407223798406 0.241532120182793 0.265679145882171 0.280577241740037 0.277971214737367 0.28290685352368 0.291663168496186 0.290322689077255
-9999 -9999 -9999 -9999 -9999 -9999 -9999 -9999 -9999 -9999 -9999 -9999 -9999 -9999 -9999 -9999 -9999 -9999 -9999 -9999 -9999 0.446742234659907 0.426820114944383 0.27184412115872 0.134385364486402 0.0727123371451861 0.045331001336418 0.0432639742367393 0.0665008055445726 0.087478171456082 0.0887514573091935 0.0872047582389461 0.0831511649043818 0.0848621123999367 0.0829997878440562 0.0578765596533182 0.0460439480405711 0.0484107973339424 0.0667973884840681 0.0913827018353968 0.132404062209167 0.162504572668349 0.178566921187981 0.18077151180695 0.177893224908148 0.167462844733212 0.160272743140643 0.158116122613196 0.209915865105031 0.282190891014159 0.298292653071162 0.307487324474645 0.303609936139343 0.312122939878983 0.326913028451458 0.314091085146326
-9999 -9999 -9999 -9999 -9999 -9999 -9999 -9999 -9999 -9999 -9999 -9999 -9999 -9999 -9999 -9999 -9999 -9999 -9999 -9999 -9999 0.410091020379371 0.412151888310566 0.285745650275766 0.166718124362547 0.0929782467066041 0.0530022881394558 0.0379510338620829 0.0627848604652667 0.0871428059826099 0.0919554066636715 0.0921553239748824 0.0882546840855195 0.0881392199438431 0.0848179933175209 0.0618875692035231 0.0440552041278957 0.0316695156295087 0.047833392082505 0.0740418351255901 0.122156985124717 0.151907712740581 0.158051968574594 0.154597605115952 0.149814330773305 0.167385280199932 0.184500152139903 0.200906548763644 0.245702785523795 0.300905135383571 0.313655373856214 0.323574456042848 0.328135414823108 0.335971590619173 0.345467021015884 0.329954110503111
-9999 -9999 -9999 -9999 -9999 -9999 -9999 -9999 -9999 -9999 -9999 -9999 -9999 -9999 -9999 -9999 -9999 -9999 -9999 -9999 -9999 0.402504552666311 0.392353296424144 0.299197133396885 0.203926918830813 0.118051914299755 0.059334127379342 0.0206639426492509 0.0495835386967876 0.0812615201126885 0.093118943969367 0.0977515489329812 0.0959614752171015 0.092635879396287 0.0859022849797866 0.0633720763679264 0.0382550490330365 0.0103743100890327 0.0279402411004633 0.0606402478017442 0.121911287421584 0.149629392703026 0.134217015515302 0.121654683333931 0.115376336635197 0.1765837613224 0.225613860696895 0.255727581486249 0.283088145796303 0.308919556928731 0.320606869253417 0.33438447852798 0.352118093011 0.357203160047454 0.355880358401948 0.341962595360781
