layers/veg/veg_4400.asc
NCOLS 255 
NROWS 330 
XLLCORNER -2985163.8955 
YLLCORNER -3022031.214 
CELLSIZE 25000 
NODATA_value -9999 
[rows 200 to 224 of 330, columns 57 to 113 of 255]
-9999 -9999 -9999 -9999 -9999 -9999 -9999 -9999 -9999 -9999 -9999 -9999 -9999 -9999 -9999 -9999 -9999 -9999 -9999 -9999 0.247749080260731 0.255573025525212 0.224442472536209 0.172019895388957 0.149789949398779 0.131129206941815 0.118716083987146 0.127236543973432 0.149673995926521 0.155360340213202 0.161325539406338 0.172970013249265 0.177911903332666 0.177474176109537 0.182836465794884 0.190534799185438 0.204554680247841 0.216025843727104 0.225036751594303 0.228911533647056 0.231735453936042 0.234704759475292 0.231331790602487 0.220600279072695 0.225194894489344 0.234792017210602 0.250793085832648 0.257254514983353 0.250378416244506 0.247840060769878 0.246937385738349 0.247318214766695 0.24674125161407 0.244540957152239 0.243087119679683 0.241989254056976 0.243564794362947
-9999 -9999 -9999 -9999 -9999 -9999 -9999 -9999 -9999 -9999 -9999 -9999 -9999 -9999 -9999 -9999 -9999 -9999 -9999 -9999 0.256457598833572 0.257883144989917 0.225585589447696 0.174855423340592 0.148933657299884 0.127012954259901 0.112937297823954 0.125249673316183 0.1551052486228 0.163433603296238 0.169641994096377 0.175157888517238 0.176706934026877 0.175072113460264 0.181541430552446 0.189539741844046 0.19901247007908 0.207790163539524 0.215896945787177 0.217791819609715 0.219390444769611 0.226917737687305 0.223907301809243 0.208670601059393 0.212138456303089 0.220976454813445 0.230937437184231 0.239479359452895 0.246037270297869 0.246905435697554 0.245775836714922 0.245599777025406 0.244690950208983 0.242540179844582 0.240511849386161 0.238556145594716 0.239021473840932
-9999 -9999 -9999 -9999 -9999 -9999 -9999 -9999 -9999 -9999 -9999 -9999 -9999 -9999 -9999 -9999 -9999 -9999 -9999 -9999 0.25385089879644 0.247342679752601 0.215808121414007 0.170594490189168 0.141023913193659 0.116697375682871 0.104224054318155 0.120602643943745 0.156162460911622 0.171244501897318 0.181442524879741 0.181736227206179 0.179281678881304 0.174621333911894 0.183028834818849 0.1913917654585 0.191487005874223 0.196502944462575 0.206268791543955 0.203841842745008 0.201349612736509 0.213540851761585 0.21287138544628 0.197280450475142 0.196545064460982 0.199610195148976 0.19933764721612 0.210947726568491 0.239171103865088 0.245713642024442 0.244435944051567 0.243083548999699 0.241980233919358 0.241299076509865 0.238197812067815 0.234032453707225 0.233733513530603
-9999 -9999 -9999 -9999 -9999 -9999 -9999 -9999 -9999 -9999 -9999 -9999 -9999 -9999 -9999 -9999 -9999 -9999 -9999 0.253854146438289 0.251603168158712 0.244752079469381 0.223189205301343 0.193585059755984 0.162423407981884 0.137232385666822 0.127340293945751 0.134474376849372 0.152927742082523 0.166403896766283 0.176314188100438 0.176147102760538 0.176229251682344 0.176511440617935 0.175601025761343 0.174976063032418 0.176298983369964 0.181005786377065 0.188979022818541 0.194456830838162 0.199188708751448 0.202602118743946 0.203386956420427 0.20112202673307 0.196986316800108 0.193050276144971 0.19570983869439 0.205690025619676 0.225905298690029 0.235863008356186 0.241768122640597 0.241341733732242 0.240619274735047 0.239395016021292 0.237597618678551 0.235535236720772 0.232580794136979
-9999 -9999 -9999 -9999 -9999 -9999 -9999 -9999 -9999 -9999 -9999 -9999 -9999 -9999 -9999 -9999 -9999 -9999 0.246515114223906 0.249347110016831 0.248819235453291 0.241425113115427 0.22660288393476 0.207720547771895 0.176863625304106 0.152552389608184 0.145969575911444 0.145856088026783 0.150043514878566 0.161408175712945 0.170629172074223 0.170890071624175 0.172057072663758 0.173951327465468 0.169032957467203 0.16465176287431 0.166760361912413 0.170087072502252 0.17458961591135 0.185467156172883 0.195536468603259 0.192956900965935 0.194051613404675 0.199409362242792 0.195094929806232 0.189120676002126 0.192736224799807 0.200352191134431 0.213561207461051 0.224897768829936 0.235132510182713 0.237748741226814 0.238878045475617 0.237487205094656 0.236684426032989 0.236117285960033 0.231418381197573
-9999 -9999 -9999 -9999 -9999 -9999 -9999 -9999 -9999 -9999 -9999 -9999 -9999 -9999 -9999 -9999 -9999 -9999 0.246460256142025 0.244082799557273 0.240605191917225 0.234879310107816 0.219786246093764 0.199573201622046 0.173398044921755 0.154011321704478 0.152409298010888 0.150430604553171 0.148201494809989 0.156676805301992 0.164472936224802 0.167024494028795 0.165519605327465 0.160758937868872 0.164940959021159 0.16963193970984 0.170952964724654 0.170196821846578 0.167435606299998 0.17718399870981 0.187568442990361 0.186246585066348 0.184991183523529 0.183812887145841 0.186892104043952 0.190667997048105 0.189913577957141 0.19366443196403 0.203714182881352 0.211730577291566 0.219187514169236 0.229742934673714 0.236170958846888 0.235603591093486 0.23494617656632 0.234223192765898 0.230026855710581
-9999 -9999 -9999 -9999 -9999 -9999 -9999 -9999 -9999 -9999 -9999 -9999 -9999 -9999 -9999 -9999 -9999 -9999 -9999 0.23911643740743 0.237278994227856 0.23168654302605 0.209720306480263 0.178804370959088 0.1590678882762 0.146108038356919 0.149306855787181 0.150224232127518 0.149624868719539 0.155630013425328 0.161490415797734 0.164999434063499 0.16143036429952 0.152180290578247 0.160056028459766 0.168555254548715 0.169111356649945 0.168050312077494 0.165428249444128 0.173310575072021 0.181906474488457 0.181731807651333 0.179265590497768 0.174140631438916 0.178303743779035 0.18473333772062 0.188077382035856 0.190756117003037 0.192504671955397 0.200073835385292 0.210010987308293 0.224761220626768 0.233906120107833 0.23355071869107 0.232671460253196 0.231543768097511 0.228732654552666
-9999 -9999 -9999 -9999 -9999 -9999 -9999 -9999 -9999 -9999 -9999 -9999 -9999 -9999 -9999 -9999 -9999 -9999 -9999 -9999 0.237007666323978 0.230589400164194 0.197623575773899 0.150147199931797 0.137947446748593 0.132353435229297 0.140240626980744 0.147029837234414 0.153089091238962 0.156886057601541 0.160491445518435 0.164124684863756 0.158871247750126 0.146485200259468 0.154675520820637 0.163693072608682 0.163498408582939 0.164493655996524 0.166637514898424 0.172193204519257 0.177685775701872 0.178589226575926 0.175624247398987 0.168170971800861 0.169474427121403 0.174122492503603 0.186857711105152 0.190209928484528 0.180443616503924 0.189361114032922 0.205064706767841 0.22166954344173 0.231917683235415 0.231392060960696 0.230061455878304 0.22837351669941 0.227499280426049
-9999 -9999 -9999 -9999 -9999 -9999 -9999 -9999 -9999 -9999 -9999 -9999 -9999 -9999 -9999 -9999 -9999 -9999 -9999 -9999 0.230573225997592 0.230723209825721 0.203582229990973 0.161524362924596 0.142652801775786 0.129161177230685 0.12716532064539 0.134237583839701 0.147338482957579 0.157036844832977 0.164270831991458 0.164529703798261 0.160673067727431 0.153513249152959 0.154824361983093 0.157242936031364 0.159121448018843 0.160781973418291 0.162232078200677 0.164532235966835 0.167346034258667 0.172140796860063 0.173839249892643 0.171945249404437 0.167857829855365 0.164838209179149 0.177141980822315 0.184627619097478 0.185376945338589 0.189826191026533 0.196032429456451 0.209792247767824 0.222728697009415 0.234269644370157 0.233763908392642 0.227863743909018 0.227613853774853
-9999 -9999 -9999 -9999 -9999 -9999 -9999 -9999 -9999 -9999 -9999 -9999 -9999 -9999 -9999 -9999 -9999 -9999 -9999 -9999 0.228625367310547 0.230650656391568 0.208971342179649 0.174335398859309 0.147112747500641 0.125430961833767 0.117122047178931 0.124445450178449 0.142161476353455 0.156609341287577 0.167163243902448 0.166094156217987 0.163187330228093 0.158805501590342 0.155131543528839 0.152652356433329 0.154802586937313 0.156563341949655 0.15794813955094 0.157858173213567 0.158474325354658 0.165080633887004 0.170189972035387 0.173562469468443 0.165807212766712 0.15710037583156 0.168148807298855 0.178542801120323 0.188021814833853 0.188175923629738 0.185775813741746 0.197789366074397 0.212327517724815 0.231144531948086 0.233142048081503 0.227590355778763 0.22748460625876
-9999 -9999 -9999 -9999 -9999 -9999 -9999 -9999 -9999 -9999 -9999 -9999 -9999 -9999 -9999 -9999 -9999 -9999 -9999 -9999 0.227496658116574 0.226086602279998 0.208830467837907 0.182913072088158 0.145357467727143 0.1178560867749 0.11695673805667 0.125623163227693 0.140649073000492 0.154694952516936 0.166400295703614 0.170838532014202 0.166896447398314 0.156228162691862 0.154735846345975 0.153935031235788 0.150394204985859 0.150868414117648 0.155218303079895 0.155511856681044 0.155272544977114 0.156901365096904 0.160596379791008 0.166688670276874 0.160932725101827 0.153684701177341 0.163111040312664 0.172031504200825 0.18024469553032 0.177854310511275 0.172742007524955 0.187278409178141 0.199846743163845 0.209079462256537 0.218305854295597 0.227455693905388 0.226343224692137
-9999 -9999 -9999 -9999 -9999 -9999 -9999 -9999 -9999 -9999 -9999 -9999 -9999 -9999 -9999 -9999 -9999 -9999 -9999 -9999 0.228992687420578 0.227785566273426 0.214132176019641 0.193675816291727 0.14598147451856 0.112030243638977 0.115496242160568 0.124948876509554 0.138381525314406 0.152232986547816 0.164371718877855 0.170868454480203 0.168553018705721 0.159164771706834 0.155721189600386 0.152714036734161 0.147882733803318 0.147260467302108 0.150701148208603 0.150906252919643 0.150466000795514 0.150215596884026 0.152568704016769 0.157942501493736 0.154091152709438 0.149193966430164 0.158334876323826 0.16611462397256 0.171991308150345 0.171854030455869 0.170088654285571 0.177962031519625 0.18526719617581 0.191609315521888 0.208825639218743 0.230760555072847 0.226595410397537
-9999 -9999 -9999 -9999 -9999 -9999 -9999 -9999 -9999 -9999 -9999 -9999 -9999 -9999 -9999 -9999 -9999 -9999 -9999 -9999 0.230453400729208 0.233692113874597 0.22354859511413 0.206090521737232 0.148404273767603 0.107526706726073 0.11305655685771 0.122874437635633 0.135543072067439 0.149357040291868 0.161386299248109 0.167334147560278 0.168657820641838 0.166270045423531 0.157750629500773 0.149600213715371 0.146805368471758 0.145230323583925 0.144832741703671 0.144592578811929 0.144446220230551 0.144658947632009 0.145724895195463 0.147780780524131 0.145762421425169 0.143890462840755 0.153756489898006 0.160647135707684 0.163377851732724 0.169120772303303 0.175283149555828 0.169548781779607 0.169100931527219 0.177613030607885 0.203394660684938 0.236665770562862 0.227901163308783
-9999 -9999 -9999 -9999 -9999 -9999 -9999 -9999 -9999 -9999 -9999 -9999 -9999 -9999 -9999 -9999 -9999 -9999 -9999 -9999 0.232678980128378 0.232581424916766 0.220382236603473 0.201568452392203 0.152237206551288 0.114195040588613 0.107646946052598 0.104416289111367 0.103391119519685 0.136273013364446 0.163775021678809 0.164254440803812 0.163932302368014 0.162966819054931 0.159640113199105 0.155752444976942 0.150945462791621 0.146592135877086 0.142676718573752 0.140141845302588 0.1385571551372 0.140874297377667 0.142619085453886 0.143699806941545 0.143886590253503 0.144445853754935 0.150679333886513 0.156136670874891 0.160508869284414 0.165805441951137 0.171168084890372 0.171761533369952 0.172037113335759 0.171773948132346 0.190428232020029 0.217383723824244 0.211807214045498
-9999 -9999 -9999 -9999 -9999 -9999 -9999 -9999 -9999 -9999 -9999 -9999 -9999 -9999 -9999 -9999 -9999 -9999 -9999 -9999 0.226541662563802 0.228229443017651 0.216172627847632 0.196603194746702 0.153918742641055 0.117628008684877 0.0997172940303901 0.0870010818345826 0.0777382607373222 0.125651916400477 0.165086568564179 0.160865684874338 0.15890806277073 0.158766976145875 0.160507638458124 0.161037644190283 0.155269933763117 0.148990163848443 0.142216107224174 0.137027824703651 0.13350919129288 0.137885063090589 0.140502873344654 0.141080915209333 0.143025829289614 0.145320501052757 0.147308696209489 0.151110250335657 0.15744709166018 0.161743381728641 0.16546576879319 0.172075077850431 0.174155436968234 0.168559823802511 0.178665977231714 0.195727809935051 0.194915619169473
-9999 -9999 -9999 -9999 -9999 -9999 -9999 -9999 -9999 -9999 -9999 -9999 -9999 -9999 -9999 -9999 -9999 -9999 -9999 -9999 0.225669017743763 0.224700812082326 0.214096105124918 0.198224211383081 0.146592787657695 0.103079757693411 0.0835014564786262 0.0816459482286129 0.091572845695565 0.129553810200925 0.159600687739166 0.156059495197354 0.155096065453012 0.156201595658283 0.157493240263171 0.158430609993335 0.157750440406377 0.153731661419168 0.146490150903054 0.1381681411089 0.131648553447946 0.137102279876679 0.140380352691709 0.141134151266437 0.142926852965239 0.144558257927487 0.142067926054556 0.143620372605664 0.150825094606372 0.155079976529608 0.158189671114336 0.159839979114393 0.163751519345264 0.171495549703521 0.175251176597412 0.177237854047799 0.183466947153982
-9999 -9999 -9999 -9999 -9999 -9999 -9999 -9999 -9999 -9999 -9999 -9999 -9999 -9999 -9999 -9999 -9999 -9999 -9999 -9999 0.222275660554699 0.2222646450686 0.213185661676304 0.199150244486078 0.152064048654534 0.110474967189184 0.0859153928422628 0.0851389550807523 0.100173939651395 0.131215884430547 0.155304412574414 0.152404716243472 0.15178400597422 0.152992451937651 0.154519053376085 0.156073214831629 0.157547571703179 0.156030578140559 0.151626059203608 0.142790340559288 0.134734274850987 0.136756150690258 0.138570361948018 0.140143633034775 0.142576309271704 0.144717544136943 0.142010566208202 0.142606605304762 0.147820647191362 0.152134703249313 0.155815877470113 0.153991317385646 0.156807275917598 0.167488300912446 0.168196313703161 0.164495750114856 0.173448336342085
-9999 -9999 -9999 -9999 -9999 -9999 -9999 -9999 -9999 -9999 -9999 -9999 -9999 -9999 -9999 -9999 -9999 -9999 -9999 -9999 0.222287061996942 0.222310747997173 0.213336390396104 0.199443818716414 0.169181215494121 0.137839478999921 0.10528306298879 0.0966840734873105 0.104012377140594 0.130839645962552 0.152090719397091 0.149797760573054 0.148926907090639 0.149197461575952 0.151581460159524 0.153942999761563 0.154902739320229 0.156106662440534 0.157546293895835 0.150581173106273 0.142321352967507 0.136807391658241 0.135224715494549 0.138203262570507 0.141996830636469 0.145715453675111 0.146670287677926 0.147486320805206 0.148108294130319 0.152573057650505 0.157903348782907 0.153954532566113 0.153011454770798 0.157162706814257 0.157828869196886 0.156984388771669 0.164731130316371
-9999 -9999 -9999 -9999 -9999 -9999 -9999 -9999 -9999 -9999 -9999 -9999 -9999 -9999 -9999 -9999 -9999 -9999 -9999 -9999 0.22384578418655 0.223846418833155 0.213403315458898 0.197251800162722 0.163689456576098 0.132891940395232 0.110732917596109 0.0997043692412627 0.0960755442813389 0.123593081791874 0.146052184375227 0.143312976716268 0.143348735543951 0.145611733638187 0.148556245325834 0.151312914431147 0.152851623922809 0.154600672532826 0.156552759721851 0.153566962336052 0.148873689984629 0.140205449576867 0.136033463961931 0.137078200383937 0.140084927883569 0.143549566099537 0.146172540883257 0.14787870662499 0.148303066465814 0.150564559605135 0.153438898846155 0.155430526457049 0.155839715310984 0.153566879368613 0.15520786332461 0.158613089266343 0.161805998005165
-9999 -9999 -9999 -9999 -9999 -9999 -9999 -9999 -9999 -9999 -9999 -9999 -9999 -9999 -9999 -9999 -9999 -9999 -9999 -9999 0.237856717518205 0.22869856432218 0.214002479123453 0.196279432026233 0.156448660319762 0.123965867051729 0.112191286824396 0.100392709844739 0.0885781794274751 0.115899446491144 0.138698801749714 0.13574991268152 0.13713362973144 0.141994776335635 0.145390976672912 0.148392819587932 0.150627834408274 0.152532397449665 0.15411797817263 0.154879374168584 0.153943286901294 0.144007187765633 0.138065074434344 0.136756931979029 0.138397184138957 0.140987313596223 0.144695699620039 0.14729800781728 0.148353890292219 0.148026611671887 0.14767833058185 0.155856151472834 0.1586379279988 0.152274121654473 0.154867405205038 0.161449301577371 0.160722671444935
-9999 -9999 -9999 -9999 -9999 -9999 -9999 -9999 -9999 -9999 -9999 -9999 -9999 -9999 -9999 -9999 -9999 -9999 -9999 0.240865699719443 0.237978066991485 0.229189253655992 0.217487186698215 0.204192773046582 0.162408124267979 0.126118373831515 0.10642786590653 0.0972519626529508 0.095066342389094 0.112661575363832 0.12722210243835 0.126352876563752 0.130261874659441 0.138005963413787 0.141575110552323 0.144441158951908 0.146906350785097 0.149071570827149 0.150947230626245 0.152143402345738 0.152231206969894 0.146617155324386 0.142417815994314 0.139859878509096 0.139210424922178 0.13947394292332 0.143175510475529 0.146041371102972 0.147738816042376 0.145126164367832 0.141587307144199 0.149251655180947 0.154712202404972 0.156437598173783 0.158856877878121 0.161584076706468 0.163596245980467
-9999 -9999 -9999 -9999 -9999 -9999 -9999 -9999 -9999 -9999 -9999 -9999 -9999 -9999 -9999 -9999 -9999 -9999 0.244256648541829 0.243383236075435 0.239819903953228 0.230759438641254 0.220052508251447 0.20844564137716 0.162893712748388 0.122994645630163 0.100603651907087 0.0930785908007166 0.0954366474286258 0.108129349602476 0.118742102622759 0.119699193528146 0.125500836511286 0.135190806315082 0.138990243327678 0.141832007423606 0.144253859419086 0.146637219396124 0.148983423352024 0.150438963484498 0.151320004040092 0.149911078107536 0.147327231612647 0.143380198583277 0.141499396970891 0.1405712440852 0.143039511029325 0.145153506671061 0.146772189739371 0.144466808510372 0.141130040419716 0.14463469665023 0.148879700105258 0.154379494373067 0.157898743253675 0.160516129630577 0.161975564498816
-9999 -9999 -9999 -9999 -9999 -9999 -9999 -9999 -9999 -9999 -9999 -9999 -9999 -9999 -9999 -9999 -9999 -9999 0.244281961228191 0.245812300946193 0.243543368442463 0.233510224326724 0.221612334526102 0.20869519888863 0.157392745190838 0.114100512791405 0.094712950974991 0.0877758791539809 0.0891160988858579 0.102181540568305 0.113539471750959 0.116045804718241 0.123048204029131 0.133659229085128 0.137751669769478 0.140691103766874 0.142770481616092 0.145325482334309 0.148339597801222 0.149862670470926 0.151284687870551 0.153953015035761 0.152845459116611 0.147356983209 0.145402316572813 0.144523731362942 0.144417343829545 0.144668953557938 0.145421085185281 0.146258443657392 0.14683418537987 0.142191427721106 0.14096183330122 0.145517100001706 0.151529610787816 0.158132813960608 0.155439697121171
-9999 -9999 -9999 -9999 -9999 -9999 -9999 -9999 -9999 -9999 -9999 -9999 -9999 -9999 -9999 -9999 -9999 -9999 0.248486288289284 0.248459993982248 0.245075442401482 0.234827939550295 0.221001167487886 0.205218013237769 0.154960433629145 0.112187933897826 0.0916231061152681 0.0874511657108418 0.0941774878063272 0.104501008235904 0.113018331751759 0.114685289664632 0.120841767875247 0.130601617853862 0.136241227110241 0.140667438660033 0.142494796413289 0.144862593755497 0.147752072880143 0.149549527189803 0.151344072311086 0.154471052511372 0.155301203391744 0.153466487470658 0.148356648770204 0.143142528983472 0.145343232159159 0.146325426052119 0.14560400194244 0.146293130966557 0.147245827821065 0.14382610889649 0.141789461069038 0.142096936172865 0.147556636886696 0.155263391832043 0.152187584184241
-9999 -9999 -9999 -9999 -9999 -9999 -9999 -9999 -9999 -9999 -9999 -9999 -9999 -9999 -9999 -9999 -9999 -9999 0.252967768047932 0.251075341968376 0.246517867490929 0.23651408685013 0.220311791969454 0.200721469496125 0.153474183427277 0.1126655352422 0.0907738244290998 0.0895209915307768 0.101989225826445 0.108819573797361 0.113723020803824 0.114022255595031 0.118663929950894 0.126790926366534 0.13451810127379 0.141053925475781 0.142784398537811 0.144914669659173 0.147430862479225 0.149481763994997 0.15153275296666 0.154159299584662 0.156762835031075 0.159339672060373 0.151477454205342 0.142173924391687 0.14640809357516 0.148120287986847 0.146306467714597 0.145980666374136 0.146180170524857 0.146180946055174 0.1447129541768 0.140755595431755 0.144550235521149 0.151777207876564 0.149942616283675
