layers/veg/veg_700.asc
NCOLS 255 
NROWS 330 
XLLCORNER -2985163.8955 
YLLCORNER -3022031.214 
CELLSIZE 25000 
NODATA_value -9999 
[rows 250 to 274 of 330, columns 57 to 113 of 255]
-9999 -9999 -9999 -9999 -9999 -9999 -9999 -9999 -9999 -9999 -9999 -9999 -9999 -9999 -9999 0.440245523710164 0.430099342325244 0.422391037529641 0.413728219449206 0.402787412313606 0.38084195652968 0.352186695070861 0.327800103075326 0.302630170925377 0.274401847711257 0.265944704366835 0.27208275094738 0.284460714096798 0.296210043832672 0.302833758938951 0.313666562877814 0.328241138825812 0.337436593979148 0.336371056699333 0.288430755384347 0.254385302994745 0.235184862719865 0.222076347428796 0.20936629503479 0.188477226082833 0.172736655265921 0.163614200358532 0.151052295360505 0.138779468757744 0.144148287206725 -9999 -9999 -9999 0.0999569201309719 0.0890241262266031 0.0891635682698605 0.110257843108825 0.117350957690161 -9999 -9999 -9999 -9999
-9999 -9999 -9999 -9999 -9999 -9999 -9999 -9999 -9999 -9999 -9999 -9999 -9999 -9999 -9999 0.449046732755656 0.452092949409229 0.447914253761628 0.443270577839811 0.437808242310739 0.422334915603207 0.400757640685502 0.375622689486189 0.3454103883309 0.30120488412539 0.288439951801802 0.29888461652758 0.311842274304499 0.324474200420002 0.334771143997026 0.345876289703763 0.357699906373447 0.365881322428993 0.370343837879247 0.359354902120487 0.332773100658051 0.289532155831236 0.272390243737442 0.260517773973437 0.239846825771975 0.218923314696644 0.19767514770616 0.177255898539191 0.158099062781469 0.151455948712548 0.147414498355755 -9999 -9999 0.0999569201309719 0.0890241262266031 0.0891635682698605 0.110257843108825 -9999 -9999 -9999 -9999 -9999
-9999 -9999 -9999 -9999 -9999 -9999 -9999 -9999 -9999 -9999 -9999 -9999 -9999 -9999 -9999 0.493399472306694 0.482169666763501 0.478135954693147 0.474568535180579 0.47182378815633 0.462444175444887 0.449019121496494 0.432749308805983 0.407755341083896 0.358107336503814 0.33864597476347 0.341468552997716 0.354201499164761 0.366757591076925 0.374238500418972 0.38255168636101 0.391604744852565 0.398378574702142 0.405512559183853 0.416533512026804 0.401275247726771 0.357940730208874 0.327914964695314 0.301814636614644 0.280350189359561 0.25656601481605 0.229799956299659 0.203823484596123 0.178802430041157 0.162591414444327 0.154160700578047 0.157815985012897 -9999 -9999 -9999 -9999 -9999 -9999 -9999 -9999 -9999 -9999
-9999 -9999 -9999 -9999 -9999 -9999 -9999 -9999 -9999 -9999 -9999 -9999 -9999 -9999 -9999 0.510008757979042 0.523675112337527 0.515709020826158 0.508613345997592 0.504266441590458 0.50038846529457 0.496796406032703 0.50443324780101 0.500711761960692 0.462104078478893 0.432208961499805 0.408745507359206 0.419995148050598 0.430975821598517 0.425487436007949 0.426214180326983 0.43246601571771 0.437216505836254 0.44255247794423 0.452205515529422 0.454310061724805 0.448349932533551 0.391592670593464 0.327692723212947 0.303851971574292 0.280840625182931 0.258895434380752 0.230960567253806 0.201670883081508 0.179715957205053 0.164617176144501 0.160168798817256 -9999 -9999 -9999 -9999 -9999 -9999 -9999 -9999 -9999 -9999
-9999 -9999 -9999 -9999 -9999 -9999 -9999 -9999 -9999 -9999 -9999 -9999 -9999 -9999 -9999 -9999 0.536107372770235 0.53887565619604 0.535621166629176 0.518429455096816 0.51945459596823 0.531587001009873 0.533554200046491 0.526666138268938 0.496112384408438 0.478152534980779 0.469489572653719 0.478185273887977 0.485985427931518 0.482710389604461 0.482435693756109 0.484828225412608 0.489487678174422 0.494762858783747 0.501084993573706 0.50663545111712 0.511361462267835 0.441639658819288 0.360477678395656 0.330866411990225 0.304466960311447 0.282196122761169 0.256185888867159 0.229013744367717 0.202442486102017 0.186974768496134 0.188755401686741 -9999 -9999 -9999 -9999 -9999 -9999 -9999 -9999 -9999 -9999
-9999 -9999 -9999 -9999 -9999 -9999 -9999 -9999 -9999 -9999 -9999 -9999 -9999 -9999 -9999 -9999 -9999 0.593035226234833 0.569475381254214 -9999 0.586634046536364 0.564587951633279 0.54616993171045 0.526712834169729 0.503578681404855 0.506248484272651 0.527966904155533 0.533437094762927 0.537235034443057 0.542032341317535 0.543327128402039 0.541508265232808 0.546777278183331 0.552609571641182 0.554845422301786 0.558104962212379 0.562458193706045 0.486919802293778 0.398432624296906 0.360314822790475 0.328007230435742 0.303168347715526 0.280475655480462 0.257859943952289 0.227475123235711 0.216020073945241 0.233970720374559 0.23031009181806 0.218142294619852 0.217722492931998 -9999 -9999 -9999 -9999 -9999 -9999 -9999
-9999 -9999 -9999 -9999 -9999 -9999 -9999 -9999 -9999 -9999 -9999 -9999 -9999 -9999 -9999 -9999 0.626345137260235 0.593035226234833 -9999 -9999 0.603438193506771 0.608442148401795 0.598287701084665 0.591740511707642 0.598437155402713 0.601728061914781 0.60250483516075 0.596128679522512 0.58994202515237 0.587649240594307 0.585053373035714 0.582188072463724 0.584446487243273 0.587132655155078 0.58732275582143 0.58845475081197 0.590593049126025 0.564309117722843 0.523409184488277 0.426694694607211 0.358348588503094 0.326468505514282 0.299257296141929 0.273862777635585 0.252324086868105 0.239211776754696 0.239189090385552 0.23031009181806 0.218142294619852 0.217722492931998 0.217447822956833 -9999 -9999 -9999 -9999 -9999 -9999
-9999 -9999 -9999 -9999 -9999 -9999 -9999 -9999 -9999 -9999 -9999 -9999 -9999 -9999 -9999 0.640828804412504 0.634182048767386 0.640631658084715 -9999 -9999 0.659160391313353 0.649916228621479 0.646022143140337 0.649372170592806 0.672635821887641 0.676852633883782 0.66700896800926 0.653066616249771 0.640055156991096 0.632343150053514 0.626513757041095 0.622357959519141 0.62120122362073 0.620578359106939 0.619924534989895 0.619330549990219 0.618800496050679 0.62587704112249 0.621113720836052 0.515254166015343 0.427360752691174 0.362561842608958 0.326521617781136 0.300473666062759 0.283099330593669 0.267825273875073 0.255813811113558 0.237908300701663 0.218142294619852 0.217722492931998 0.217447822956833 -9999 -9999 -9999 -9999 -9999 -9999
-9999 -9999 -9999 -9999 -9999 -9999 -9999 -9999 -9999 -9999 -9999 -9999 -9999 -9999 -9999 0.649751291018446 0.656478720009815 0.649950830160837 -9999 -9999 0.670715488004704 0.680071849425922 0.685397770090063 0.692899942648225 0.707437131393439 0.713161092763895 0.712379082905814 0.699032595696208 0.685221912450754 0.675276957957666 0.667467156357821 0.661555450913447 0.656212100250367 0.651969546956415 0.652763626613864 0.651209428530615 0.647146371826693 0.657274256043867 0.666811690412229 0.64610917198785 0.570116467125581 0.423051217822771 0.369962044178868 0.347313654850002 0.325175733453596 0.306777897620959 0.294189948002924 0.259995964416922 0.218142294619852 0.217722492931998 -9999 -9999 -9999 -9999 -9999 -9999 -9999
-9999 -9999 -9999 -9999 -9999 -9999 -9999 -9999 -9999 -9999 -9999 -9999 -9999 -9999 -9999 0.693938369591983 0.689826603764602 0.693816412418157 -9999 -9999 0.71287573062702 0.709901425273105 0.711424633126121 0.717626439482903 0.736494839325645 0.747358785887035 0.752313802548601 0.749415387122603 0.740326384700163 0.711637626311064 0.691095658806885 0.677795979434401 0.688634161136565 0.702358326158442 0.708716342516147 0.710542219705903 0.707526039150726 0.73901652389863 0.773405400275313 0.766190275478982 0.681733528419803 0.497986853353186 0.433445752814681 0.407612120186457 0.383613222571502 0.353746950284993 0.314766239668406 0.303448596270282 -9999 -9999 -9999 -9999 -9999 -9999 -9999 -9999 -9999
-9999 -9999 -9999 -9999 -9999 -9999 -9999 -9999 -9999 -9999 -9999 -9999 -9999 -9999 -9999 0.709266843796784 0.728131390881331 0.709826376353972 -9999 -9999 0.723200632183643 0.736846575495668 0.730636866915213 0.732754765218884 0.76262040196564 0.780478919608122 0.789473718194201 0.802052989278413 0.800504124850741 0.744642664935998 0.705879690737286 0.682316831764358 0.719734615048939 0.762445497098483 0.776468711257381 0.783890408651003 0.784259161685006 0.846460262869276 0.91108677454378 0.880771232931997 0.777454108378928 0.580297397054836 0.507161685065219 0.474781223771145 0.450403150735213 0.404808441118969 0.326255596645506 -9999 -9999 -9999 -9999 -9999 -9999 -9999 -9999 -9999 -9999
-9999 -9999 -9999 -9999 -9999 -9999 -9999 -9999 -9999 -9999 -9999 -9999 -9999 -9999 -9999 0.726354598814631 0.726093740998108 0.72634686163226 -9999 0.92642855826644 0.862974338634559 0.760830516400367 0.713705175233462 0.69963460420473 0.770714996021475 0.813120635998882 0.834358421963294 0.824090171628616 0.805344144396967 0.769002054041206 0.739559918516151 0.716251665851909 0.790114228908415 0.868566612381266 0.881912489399033 0.888211131201967 0.886980630896102 0.913596036000028 0.940835767506163 0.921871666407293 0.823140822504886 0.621874144704538 0.550081441503783 0.518633165054183 0.467815512274229 -9999 -9999 -9999 -9999 -9999 -9999 -9999 -9999 -9999 -9999 -9999 -9999
-9999 -9999 -9999 -9999 -9999 -9999 -9999 -9999 -9999 -9999 -9999 -9999 -9999 -9999 -9999 -9999 0.723875387416924 -9999 -9999 0.92642855826644 0.859616044502434 0.752066293382315 0.69349608334987 0.673832788478466 0.757342181279566 0.817463224699758 0.86031886446192 0.839293931724578 0.812072282967156 0.790189377445472 0.766399021643795 0.74091299146926 0.830417853468003 0.922906646583766 0.92600236133417 0.924919600103874 0.91937262865527 0.919816396696546 0.919995529740135 0.90729553320938 0.826352309075058 0.657686106613126 0.580950883190323 0.531638093941113 0.453173599944062 -9999 -9999 -9999 -9999 -9999 -9999 -9999 -9999 -9999 -9999 -9999 -9999
-9999 -9999 -9999 -9999 -9999 -9999 -9999 -9999 -9999 -9999 -9999 -9999 -9999 -9999 -9999 -9999 -9999 -9999 -9999 -9999 0.833803019378257 0.684701405121114 0.667301409655301 0.667575811019749 0.69428281556249 0.75519116123059 0.841347118457686 0.839872914387059 0.82589808826314 0.804321527697258 0.776223492190125 0.742328032735905 0.798017693455628 0.853109006323108 0.823812626655732 0.800933520131469 0.784910515322639 0.784527175177919 0.785201704559139 0.765135549674717 0.731942406348548 0.681875229319407 0.584920411954258 0.477741908353665 0.432787297817607 0.405438403171885 -9999 -9999 -9999 -9999 -9999 -9999 -9999 -9999 -9999 -9999 -9999
-9999 -9999 -9999 -9999 -9999 -9999 -9999 -9999 -9999 -9999 -9999 -9999 -9999 -9999 -9999 -9999 -9999 -9999 -9999 -9999 0.617782798706296 0.642818841823349 0.660896199155277 0.681081374636972 0.708650751947056 0.762012151534128 0.834413358869777 0.832565576811759 0.81986355653782 0.799741257411956 0.775122774738156 0.746507300217246 0.767734336696241 0.787835271554154 0.756984177789798 0.732956776879441 0.716219689352751 0.711791240162151 0.708428426241648 0.69045936314269 0.681336010583354 0.683583340525548 0.585748522930337 0.463425310244906 0.440367817850346 0.428116760606966 0.432652527499931 -9999 -9999 -9999 -9999 -9999 -9999 -9999 -9999 -9999 -9999
-9999 -9999 -9999 -9999 -9999 -9999 -9999 -9999 -9999 -9999 -9999 -9999 -9999 -9999 -9999 -9999 -9999 -9999 -9999 0.602229801531192 0.61510055144365 0.635818914993084 0.666821467648371 0.706900642531664 0.771262327518425 0.811883852194964 0.834980264518045 0.820344406806088 0.801454385539569 0.783501595152517 0.767214757877174 0.75240891018648 0.738769924154134 0.725380305595849 0.712188746575446 0.699878501719235 0.688509837409499 0.678031197397298 0.667806766956801 0.657831186358912 0.658022837332671 0.671283914623609 0.584619269744438 0.473770082036107 0.465373990602824 0.45414313473119 0.438508727509935 -9999 -9999 -9999 -9999 -9999 -9999 -9999 -9999 -9999 -9999
-9999 -9999 -9999 -9999 -9999 -9999 -9999 -9999 -9999 -9999 -9999 -9999 -9999 -9999 -9999 -9999 -9999 -9999 -9999 -9999 0.601199837825428 0.599541879847541 0.631259433009149 0.672391594318652 0.734470516300549 0.7742105400231 0.797459870476032 0.785326492445189 0.769256430565877 0.754261413069057 0.741585229057652 0.730970428536752 0.716629990777567 0.702484055515543 0.692703232968229 0.682834799728726 0.67287276476718 0.663609718539802 0.654678733361154 0.64691862316942 0.64329789888871 0.644998131328744 0.557694226240286 0.45068454399683 0.458031085132388 -9999 -9999 -9999 -9999 -9999 -9999 -9999 -9999 -9999 -9999 -9999 -9999
-9999 -9999 -9999 -9999 -9999 -9999 -9999 -9999 -9999 -9999 -9999 -9999 -9999 -9999 -9999 -9999 -9999 0.677633711661341 0.65618155405149 0.600529818702571 0.57641429121628 0.571527167402234 0.593509880449978 0.624269870656904 0.675351448921861 0.71543597909736 0.747402430001038 0.741434565493767 0.730915596443445 0.720315912490437 0.711883815800843 0.705378648589861 0.693285718115099 0.681135494955004 0.673771581210343 0.666629508363918 0.65972444642992 0.653169176450159 0.646173927303464 0.635299394696109 0.62747434825861 0.623569251368966 0.536198654403546 0.430246249879794 -9999 -9999 -9999 -9999 -9999 -9999 -9999 -9999 -9999 -9999 -9999 -9999 -9999
-9999 -9999 -9999 -9999 -9999 -9999 -9999 -9999 -9999 -9999 -9999 -9999 -9999 -9999 -9999 -9999 0.684107299097299 0.677633711661341 0.65618155405149 0.600529818702571 0.578664597439473 0.577399847049412 0.557947604128717 0.548391998483593 0.570802194608955 0.612387637234511 0.668128348608462 0.675992110638199 0.677240305655938 0.675134426483842 0.67381207891583 0.673186270846281 0.664942859987877 0.656105408387474 0.651190378714571 0.649557938667157 0.65143255961909 0.650491126710421 0.645631258447001 0.61704388352571 0.606596973361618 0.619468649563235 0.536198654403546 -9999 -9999 -9999 -9999 -9999 -9999 -9999 -9999 -9999 -9999 -9999 -9999 -9999 -9999
-9999 -9999 -9999 -9999 -9999 -9999 -9999 -9999 -9999 -9999 -9999 -9999 -9999 -9999 -9999 -9999 0.684107299097299 0.669124641782608 0.64092844850945 0.582883431834137 0.553476016389887 0.541529652669873 0.522563583791091 0.51035124210546 0.518946465708529 0.554106014824544 0.608875490037295 0.633726003879023 0.652067919795158 0.659454197143946 0.664458722116181 0.667345930317555 0.654128004318992 0.638253497921885 0.623606284845168 0.620722433522625 0.630406350924185 0.629266746580544 0.623269122315403 0.601231604743139 0.588836633250154 -9999 -9999 -9999 -9999 -9999 -9999 -9999 -9999 -9999 -9999 -9999 -9999 -9999 -9999 -9999 -9999
-9999 -9999 -9999 -9999 -9999 -9999 -9999 -9999 -9999 -9999 -9999 -9999 -9999 -9999 -9999 -9999 -9999 0.654201507177108 0.614177681339857 0.551935348166784 0.507604234766527 0.474194033783963 0.48731393130251 0.500831782795419 0.506810669479238 0.529569165964208 0.564714459470329 0.608930031804239 0.648380781993966 0.666011764940273 0.676753036723702 0.681369532004267 0.656525608284469 0.625812435738676 0.592251053877495 0.583019373583166 0.599781118366507 0.594062299855647 0.584459656757578 0.587261013818513 -9999 -9999 -9999 -9999 -9999 -9999 -9999 -9999 -9999 -9999 -9999 -9999 -9999 -9999 -9999 -9999 -9999
-9999 -9999 -9999 -9999 -9999 -9999 -9999 -9999 -9999 -9999 -9999 -9999 -9999 -9999 -9999 -9999 0.702094800497941 0.659985218312651 0.614131067708674 0.561128016914133 0.507942526586644 0.454645798376639 0.43864536880977 0.428676745256085 0.429157229104417 0.453964775264889 0.496730687951899 0.537654945154034 0.57362595381882 0.591935644380812 0.604449118488603 0.611809904841431 0.603616180739447 0.590741859984139 0.568384753771918 0.559939296138573 0.566356799074155 0.573265171120812 -9999 -9999 -9999 -9999 -9999 -9999 -9999 -9999 -9999 -9999 -9999 -9999 -9999 -9999 -9999 -9999 -9999 -9999 -9999
-9999 -9999 -9999 -9999 -9999 -9999 -9999 -9999 -9999 -9999 -9999 -9999 -9999 -9999 -9999 0.737450501360998 0.703610930044913 0.704937414456708 0.576167921643962 0.565508023340444 0.513981881442526 0.437538582991601 0.393978663166696 0.362291872696911 0.358741074368341 0.385292168131378 0.434064638416879 0.469314986416647 0.499612828638194 0.517456038381967 0.531445794482394 0.542009929134885 0.550286926073045 0.555279284534163 0.545779992771488 0.541111078847005 0.541602855615289 0.545887885821215 -9999 -9999 -9999 -9999 -9999 -9999 -9999 -9999 -9999 -9999 -9999 -9999 -9999 -9999 -9999 -9999 -9999 -9999 -9999
-9999 -9999 -9999 -9999 -9999 -9999 -9999 -9999 -9999 -9999 -9999 -9999 -9999 -9999 0.760026316636861 0.73940110124498 0.708485343003933 0.706974736200446 0.581259858473765 0.587394113654444 0.519581277706569 0.406681076632179 0.371212378280149 0.348449712170315 0.347909760046528 0.36803011132403 0.403402008236975 0.434782002585125 0.462874073531623 0.480476557898774 0.496723865374171 0.511766455353053 0.522128558551893 0.529268134592368 0.524403233016544 0.531564024878409 0.551572856019372 0.553135019760215 -9999 -9999 -9999 -9999 -9999 -9999 -9999 -9999 -9999 -9999 -9999 -9999 -9999 -9999 -9999 -9999 -9999 -9999 -9999
-9999 -9999 -9999 -9999 -9999 -9999 -9999 -9999 -9999 -9999 -9999 -9999 -9999 0.760860059997573 0.760657554880161 0.743458257795438 0.717778747887974 0.71988589933178 0.61121746927386 0.609280940164795 0.541163001997559 0.432692626577511 0.398373607274877 0.375879141823758 0.373675155430368 0.38709579468586 0.412050615530659 0.427178799720269 0.441709968506124 0.45839151310025 0.475165265213412 0.492020987445876 0.502630294185731 0.510810493250348 0.512410861100637 0.523520859092907 0.544790778608782 0.542583864260505 -9999 -9999 -9999 -9999 -9999 -9999 -9999 -9999 -9999 -9999 -9999 -9999 -9999 -9999 -9999 -9999 -9999 -9999 -9999
