layers/veg/veg_5100.asc
NCOLS 255 
NROWS 330 
XLLCORNER -2985163.8955 
YLLCORNER -3022031.214 
CELLSIZE 25000 
NODATA_value -9999 
[rows 225 to 249 of 330, columns 57 to 113 of 255]
-9999 -9999 -9999 -9999 -9999 -9999 -9999 -9999 -9999 -9999 -9999 -9999 -9999 -9999 -9999 -9999 -9999 -9999 0.236953884596736 0.244155519069619 0.237553829774676 0.202743599362448 0.173782317983476 0.148017996383221 0.112749693810217 0.0836356594649776 0.0710265549172276 0.0695254700348054 0.0754091802390873 0.0789176217267562 0.0811755661511317 0.0800792500021298 0.0807297874344348 0.0827823817592948 0.0902291711754258 0.0971421028326844 0.0984561978469592 0.0993542687702046 0.0998507551430549 0.0998362651150832 0.0988683696304057 0.0929049471949685 0.0909690233615277 0.0937059531982824 0.0894030188793456 0.0832936133523285 0.0787162511787388 0.0757520015781285 0.0750430713735745 0.0751192792634552 0.0750630882734642 0.0675909115557165 0.0637427760137966 0.0660369118575167 0.0715065053248444 0.0784092244728921 0.0853787745566593
-9999 -9999 -9999 -9999 -9999 -9999 -9999 -9999 -9999 -9999 -9999 -9999 -9999 -9999 -9999 -9999 -9999 -9999 0.318963785630925 0.29442346073706 0.26345466617338 0.219348619013704 0.183070144181583 0.151070118991252 0.116934134428667 0.0896096407205879 0.0797721081124041 0.0778656914234214 0.0812320116971771 0.0831583211204761 0.0839573800445538 0.0815326840397595 0.0813665363085572 0.0830131410644802 0.0911938479386546 0.0989930183187987 0.101134645901561 0.101796999981717 0.101031423811522 0.102812747119495 0.103920221956892 0.0979029744593012 0.0949072259862588 0.0954171330581631 0.0930113850574377 0.0896531688356325 0.0850694946360575 0.0811439194733561 0.0781384434700367 0.0787962079367674 0.0803014001197897 0.0733598395506647 0.0692519140601982 0.0699466259616797 0.0717714542208341 0.0741497495949651 0.0825994921391391
-9999 -9999 -9999 -9999 -9999 -9999 -9999 -9999 -9999 -9999 -9999 -9999 -9999 -9999 -9999 -9999 -9999 -9999 0.319017627310374 0.299590234830557 0.274431435577383 0.237559904930993 0.199328094716522 0.16035277331017 0.125090587175155 0.0974050923121053 0.0886040755800934 0.0858425448013087 0.0870961641156433 0.0892731578011231 0.0898652314799826 0.0850834293082332 0.0849949698164757 0.0886734736947574 0.0948408548766607 0.100544941686577 0.102745546833133 0.103457586385037 0.102732726108417 0.103751074561398 0.104821841969617 0.104047601180068 0.101948474062388 0.0983121645511662 0.0944642403223937 0.0912855436772097 0.0947402086738705 0.0929728414983539 0.0839044646834482 0.0809153399120549 0.0801239653199261 0.0794423588309139 0.0784843706666523 0.0770579520478133 0.0747298562507461 0.0720522172302814 0.0773478302030838
-9999 -9999 -9999 -9999 -9999 -9999 -9999 -9999 -9999 -9999 -9999 -9999 -9999 -9999 -9999 -9999 -9999 0.310795221386422 0.311270008115702 0.302891453673329 0.289264214137968 0.264910735636723 0.220885779627317 0.166108648821392 0.135124226784893 0.110708784086912 0.100750526377756 0.0974212042056254 0.0984989079533999 0.0976970687021035 0.0960178230637789 0.0920458401289811 0.0921564471475977 0.0955438161369445 0.0999065213943435 0.103879726494647 0.105598097151194 0.106505457097962 0.106629955238707 0.106872831233384 0.107153634856741 0.107511988430541 0.105174760784166 0.0997100195511305 0.0970617299423222 0.0956886428017233 0.0987326726323508 0.096439094604133 0.086682918655447 0.0836246108200168 0.082985018813371 0.0824186267548453 0.0827018841271342 0.0844251851229687 0.0807397826684776 0.0746813223030697 0.0779724716670697
-9999 -9999 -9999 -9999 -9999 -9999 -9999 -9999 -9999 -9999 -9999 -9999 -9999 -9999 -9999 -9999 -9999 0.313243463135044 0.303127449077906 0.306445894340067 0.305039617990885 0.293977877053391 0.243957797420397 0.172643594493294 0.146251589476198 0.12517192535821 0.113392599336865 0.109717328104074 0.111429766453009 0.106868777858239 0.10246241247479 0.100344812653488 0.100648800947906 0.102896400512845 0.105548820560407 0.107947061878044 0.109017065961413 0.110123190921694 0.111264183060167 0.110729294487996 0.109979596204529 0.110033261733866 0.107100672730805 0.100703320153417 0.0999811578869305 0.100767832285512 0.100797876223174 0.0973677642890475 0.0890999511419124 0.0869349155935336 0.0868372067779865 0.0843697231344046 0.0850685015811113 0.0911336762945973 0.0873504764757112 0.0791930949419641 0.0806480818643402
-9999 -9999 -9999 -9999 -9999 -9999 -9999 -9999 -9999 -9999 -9999 -9999 -9999 -9999 -9999 -9999 -9999 0.322431543541357 0.325373786604626 0.322049670107253 0.316076302446077 0.304688911927717 0.263526421615363 0.206089247439735 0.163804830462044 0.130292495556763 0.117633467735797 0.115344628564812 0.11995006222534 0.11572472861668 0.11179996931879 0.111364346465729 0.11122618126158 0.111326761050922 0.112609287850821 0.113905084597481 0.114526468295696 0.11521003563335 0.115953628314307 0.114666829669727 0.113036480182205 0.111887790728867 0.108655611705937 0.103006090594482 0.102073402130641 0.102425104093352 0.102424245988974 0.101787929445964 0.100263167938828 0.0958033426278919 0.0903717521232409 0.0864813923035803 0.0850010721417914 0.0876054510522807 0.0882137668553875 0.087899768708678 0.0845548678410768
-9999 -9999 -9999 -9999 -9999 -9999 -9999 -9999 -9999 -9999 -9999 -9999 -9999 -9999 -9999 -9999 -9999 0.343504478434281 0.341632895032647 0.33466515497045 0.326035078210895 0.314007841907239 0.279536637364142 0.232797850503556 0.184208595283892 0.144336990752025 0.126763742363434 0.124145189505356 0.13146876543389 0.126772669191767 0.122267368050447 0.121807228343617 0.121000039968997 0.119914303934782 0.119895680217412 0.120037976688444 0.120203037472293 0.120409912740591 0.120657151178474 0.118749381744322 0.11643613444188 0.114393062256134 0.110841790685106 0.105540650093788 0.104875817863222 0.105351399430628 0.104369246747407 0.105008221769848 0.107913722278054 0.101750474308039 0.0926028034522688 0.0885409139894491 0.0863445040059902 0.0873098354792792 0.0903037939189301 0.0941503279789853 0.0892710428602941
-9999 -9999 -9999 -9999 -9999 -9999 -9999 -9999 -9999 -9999 -9999 -9999 -9999 -9999 -9999 -9999 -9999 0.346269297962941 0.348360080155302 0.342523153650745 0.334277777507377 0.321110481701177 0.289881715561128 0.248780783691222 0.209150515258474 0.172588753992192 0.14367815960738 0.137997716058512 0.147761060774816 0.141310350759554 0.134533523108748 0.131332055822461 0.129494658113078 0.128752087796606 0.127541754911733 0.126449268254413 0.12614574336988 0.125789742227803 0.125383086196391 0.123062806878555 0.120381493565276 0.117934343564693 0.11403293059137 0.108444227629608 0.108808856802963 0.110298034186339 0.106821521594475 0.106318265524299 0.109971968624324 0.103046779569217 0.0927586368821902 0.0905174146645538 0.0899340870559803 0.0921606719521477 0.0943468379446982 0.0964906485356897 0.0952757996508028
-9999 -9999 -9999 -9999 -9999 -9999 -9999 -9999 -9999 -9999 -9999 -9999 -9999 -9999 -9999 -9999 -9999 0.346984130080818 0.347269241276123 0.340878382514202 0.33159358844627 0.316394733790941 0.286022298749226 0.247356181215397 0.223864934563537 0.198354804596979 0.166307637584394 0.154832174376319 0.157033119903356 0.151349698848879 0.145493613984162 0.14133070010382 0.138460805672405 0.136628712491178 0.134392868179285 0.132357619932793 0.131422703474026 0.130472061568894 0.129506240022859 0.129076939042879 0.128276331568158 0.124621189421973 0.119993177276251 0.11423640517374 0.113377463294951 0.113423701804615 0.109202650622545 0.108097686130418 0.111349374031519 0.107470243266231 0.101088149089798 0.0959151290615865 0.0929402466651593 0.0936909173798456 0.0952846588836608 0.0972531091146045 0.0984344224570408
-9999 -9999 -9999 -9999 -9999 -9999 -9999 -9999 -9999 -9999 -9999 -9999 -9999 -9999 -9999 -9999 -9999 0.353918496016988 0.343076857931292 0.335469198477644 0.324651622246182 0.30727424411968 0.276703454220607 0.238921316344124 0.234294401257042 0.222947085624554 0.191455745191166 0.173079728876685 0.163422996829961 0.159467277776475 0.155791630725539 0.15139218485231 0.147602018951553 0.144300872390504 0.141090226278217 0.138190143781398 0.136551214971904 0.134986260016884 0.133492711400416 0.135790108732819 0.137685085439733 0.132519830792008 0.127048287543083 0.121221376867453 0.118198649427079 0.115767645694424 0.111562417254011 0.11007202388745 0.112377286386271 0.113051641180605 0.112610768604493 0.102757634038631 0.0958490112455055 0.0939309472040292 0.0949920575815684 0.097401292273407 0.100372267612782
-9999 -9999 -9999 -9999 -9999 -9999 -9999 -9999 -9999 -9999 -9999 -9999 -9999 -9999 -9999 -9999 0.361450199847185 0.355660459191353 0.347316704455418 0.340555520449809 0.332946712884496 0.323605697596021 0.290572066604846 0.244588358766798 0.245569560893204 0.241820411751677 0.221692289075828 0.198412121349356 0.173036421970599 0.166294672413584 0.161054993549327 0.155341122230149 0.155697560626702 0.16092614152447 0.15587993908623 0.150102444662031 0.147575506538118 0.145113971558534 0.142715569683202 0.141758446725672 0.140465539103476 0.135409580358282 0.130951618564009 0.12718747507311 0.122353991127449 0.117420378872845 0.114306114638784 0.111929892788715 0.110585540215231 0.111559763892741 0.113100273503816 0.109828726056695 0.105388216926591 0.0989664720577251 0.0981145787927174 0.0997744561533205 0.101276337260414
-9999 -9999 -9999 -9999 -9999 -9999 -9999 -9999 -9999 -9999 -9999 -9999 -9999 -9999 -9999 0.381786780586914 0.373480366745669 0.365479655064139 0.35764939728859 0.353080663086885 0.347491590788032 0.339817350478121 0.303037545116571 0.25034901490927 0.255367094937582 0.256989204269862 0.244618920261667 0.225072440343747 0.200755106764055 0.185484652717865 0.172900027657249 0.166393885171619 0.168000750725122 0.176119266117135 0.169354686738765 0.161486296797045 0.15813751217103 0.154810782562715 0.15150534247719 0.1481468387713 0.144496701488851 0.139190913477439 0.135140535473825 0.132546730852913 0.126387458074383 0.119641443178971 0.116659230954352 0.11351839497065 0.110155784483093 0.110694365754107 0.112636556887202 0.114528955389341 0.112132220679354 0.102465971380582 0.100455225822532 0.101893895292053 0.102711910430064
-9999 -9999 -9999 -9999 -9999 -9999 -9999 -9999 -9999 -9999 -9999 -9999 -9999 -9999 -9999 0.387994124278561 0.396263790625366 0.390986718031992 0.379815816683294 0.380053727963217 0.374175011141686 0.355796322704536 0.312777810856736 0.25629149069831 0.262294735942393 0.264962929730293 0.253347998501176 0.254311901918593 0.263638422534477 0.228685653645073 0.197528200276098 0.191243931845001 0.188476174026621 0.188530832462848 0.180275465802799 0.171843778391882 0.167801650854663 0.163670684366009 0.159453962385934 0.155351073618381 0.15095703150282 0.144703909506901 0.139884126693071 0.136727357307561 0.130184215865404 0.122966338899931 0.118253747866845 0.114583724247896 0.112371331392097 0.111045736030835 0.110321462080494 0.114624417210858 0.113447291282278 0.102982151380828 0.101277291092999 0.103520541890691 0.105179787227122
-9999 -9999 -9999 -9999 -9999 -9999 -9999 -9999 -9999 -9999 -9999 -9999 -9999 -9999 -9999 0.41893114480935 0.417491111993276 0.408728711008564 0.396802390731251 0.393095904680527 0.383407908266002 0.361496067516674 0.32153994007894 0.271721039269365 0.270604067331222 0.268844312919625 0.260918406403726 0.269846334493471 0.289978970419337 0.250976394263627 0.215746971152141 0.209558599033045 0.204524172369014 0.200415923603473 0.192208142976754 0.183991590087044 0.178272203845791 0.173030543936528 0.168250029231068 0.162941063450167 0.1573801011966 0.150984946717588 0.145010797657578 0.139525114742879 0.133174233266011 0.126688322099858 0.121182650277572 0.11677602997454 0.113906011797211 0.111102206293082 0.108707923524402 0.113197811683027 0.113726923449257 0.107543042089972 0.104952412718008 0.104007248083251 0.106449447142502
-9999 -9999 -9999 -9999 -9999 -9999 -9999 -9999 -9999 -9999 -9999 -9999 -9999 -9999 -9999 0.42187660133618 0.428302110691525 0.422433054951429 0.411095570182307 0.398894355690645 0.383566954371103 0.361850862098725 0.329793461913057 0.292083636775465 0.27963184438122 0.270597776871261 0.267886333688373 0.278254482674157 0.297318160736543 0.262394304060998 0.230633007773045 0.224475026579523 0.218270016561087 0.212027260340663 0.204666982751989 0.197070330235874 0.189162072819013 0.182650369482627 0.177486748035256 0.170731636566197 0.163783796422928 0.157665346810605 0.150336660846369 0.141603813655103 0.135744765129274 0.130616781207607 0.124805400950272 0.119554336262293 0.11508665804879 0.111005335663381 0.107459177290926 0.110979767859179 0.113468152613424 0.114207084773759 0.110111054806576 0.103901212770035 0.107096063190934
-9999 -9999 -9999 -9999 -9999 -9999 -9999 -9999 -9999 -9999 -9999 -9999 -9999 -9999 -9999 0.449114115251503 0.45081979136929 0.44977362053925 0.447282785633362 0.423862462368052 0.400603601733918 0.377674706936061 0.34414831138512 0.304829459194552 0.278473672632887 0.26115940413441 0.265586177618439 0.282180205712654 0.306863225793843 0.299849752936992 0.284960066834274 0.253719498658039 0.235360972376136 0.227341810435587 0.220820757551676 0.213578741894306 0.202352973943519 0.193847389187593 0.187967574354265 0.180425766515179 0.172789838989868 0.166652428205258 0.158834412174605 0.149066495431825 0.142207329714735 0.136155082221302 0.130020777323952 0.123348224836588 0.115923139482039 0.112408430696008 0.110479838485543 0.111700219377643 0.113247427232092 0.115348563643504 0.111033767669936 0.103907260865167 0.108326376186232
-9999 -9999 -9999 -9999 -9999 -9999 -9999 -9999 -9999 -9999 -9999 -9999 -9999 -9999 -9999 -9999 0.466354422153405 0.473090632528814 0.482403778392309 0.452798810539737 0.425214436164951 0.401759356672914 0.364284498271997 0.319146610321097 0.287174606263544 0.266509964937082 0.273318365714165 0.29369518449905 0.323092511858576 0.337232695207 0.336854495018737 0.294017376149826 0.264027228045066 0.244348295545939 0.236773320959182 0.229457041754598 0.215755108316882 0.20566437950277 0.199059516090267 0.190725270075488 0.182362206649946 0.175966361138641 0.167603800302775 0.156959383200578 0.149177869532686 0.142241828527192 0.135691834522497 0.12790817914542 0.118399721378289 0.115227694074797 0.114336420317595 0.113381571034867 0.113865772828734 0.116788976229207 0.122867621986404 0.130242034615233 0.119813725524859
-9999 -9999 -9999 -9999 -9999 -9999 -9999 -9999 -9999 -9999 -9999 -9999 -9999 -9999 -9999 -9999 -9999 0.485936069282773 0.513667068513841 0.490130736889831 0.467017467856478 0.444768771637937 0.397945064702927 0.337688975236395 0.32015873460068 0.308043894466095 0.30569547137932 0.323703742980672 0.355245481702509 0.372899242192906 0.380570007368261 0.360014945417051 0.320297213043676 0.265199168071317 0.252023752265151 0.243618777007601 0.22952829439569 0.218877012023361 0.211545560669744 0.20236602537066 0.193140647735721 0.185928706280798 0.176837736750512 0.165566648961708 0.157137946293478 0.149550491829218 0.142363024274244 0.134247936060792 0.124835926046412 0.121359503125061 0.119947854633762 0.11719678644508 0.116497168126053 0.119274486525491 0.12430804738872 0.130242034615233 0.119813725524859
-9999 -9999 -9999 -9999 -9999 -9999 -9999 -9999 -9999 -9999 -9999 -9999 -9999 -9999 -9999 -9999 -9999 0.51547610748876 0.517192855314788 0.499563900947981 0.479992065413239 0.456449748258744 0.415925518852611 0.36611919618058 0.354592473415602 0.346047980522506 0.341508331868668 0.355892812980479 0.38285836837232 0.401525374043495 0.415002334879803 0.414112732323564 0.369765400146323 0.290538092908821 0.271476586300669 0.260622341225331 0.247380061388019 0.236220597544925 0.227071658434964 0.218042179078234 0.209180392087815 0.201160693582773 0.191156676971068 0.17885038069055 0.168830507714054 0.159613427581671 0.151866075612926 0.143377852250332 0.133853804325631 0.128862268758494 0.125512415209197 0.122299806934494 0.120882556376236 0.122508200143314 0.126005552487305 0.130316390653757 -9999
-9999 -9999 -9999 -9999 -9999 -9999 -9999 -9999 -9999 -9999 -9999 -9999 -9999 -9999 -9999 -9999 -9999 0.509661981641563 0.503132461926596 0.49130864312297 0.474688808925061 0.448267813809368 0.423964440890454 0.400818532834224 0.389945296791661 0.38181406906951 0.379499535618604 0.389464374692682 0.407592743596778 0.425687729621759 0.443548921364007 0.460665798481844 0.414921099494541 0.318722540493889 0.293593835037646 0.279427686795288 0.267817737358245 0.256183297086534 0.244525216018437 0.236276863119099 0.228555917104874 0.219733748589498 0.208699620144511 0.195099093521188 0.182889545562646 0.171422631952583 0.163164588769601 0.154276790084855 0.144508519806439 0.137234250673742 0.131047256813852 0.128219323844281 0.126380014294805 0.126216290934837 0.127866051702893 -9999 -9999
-9999 -9999 -9999 -9999 -9999 -9999 -9999 -9999 -9999 -9999 -9999 -9999 -9999 -9999 -9999 -9999 -9999 0.55262946182134 0.555359654384526 0.529236644797448 0.50606943764248 0.488942723041561 0.456198153290142 0.414917066215341 0.421023693304173 0.424114816615996 0.415140010793494 0.426416460569455 0.451156279816209 0.452413575166368 0.45415977877775 0.464183443328605 0.444020555485627 0.399629384116688 0.346514342732974 0.300069122648125 0.287303829878887 0.273768331747178 0.25948936086745 0.248974946707837 0.239286882100265 0.229823440738315 0.218039256928873 0.203562461417972 0.192213122967398 0.181898949340728 0.173022222838813 0.164384319779951 0.156080319730943 0.149782837742615 0.144063334357854 0.13574867397787 0.130088060304717 0.12892570544061 0.128478898551951 -9999 -9999
-9999 -9999 -9999 -9999 -9999 -9999 -9999 -9999 -9999 -9999 -9999 -9999 -9999 -9999 -9999 -9999 -9999 0.610007512917252 0.599386173981813 0.563203835654895 0.53470848690163 0.521922308280416 0.481972387650456 0.427175117497084 0.448171283361697 0.46129689068584 0.447389166866274 0.458316937516743 0.485755755416315 0.472572656651321 0.460740869067844 0.464858197817012 0.465962643041985 0.46464889239939 0.394745171824345 0.326665917484684 0.308727210444155 0.290795191778974 0.272869629346174 0.25911285976262 0.246679360602243 0.236903742572586 0.22464962098494 0.209519847387931 0.19926752756582 0.190401877922046 0.181704659768723 0.173730537086796 0.166767386155482 0.160604079152413 0.15441785338908 0.142675302611911 0.134163888484248 0.131128824437186 0.133418852386491 -9999 -9999
-9999 -9999 -9999 -9999 -9999 -9999 -9999 -9999 -9999 -9999 -9999 -9999 -9999 -9999 -9999 -9999 0.617174439669262 0.611640120825923 0.603429223148872 0.574627530811559 0.546667371505181 0.520426973287072 0.482644522114003 0.438553334302777 0.464377446074824 0.481470500402198 0.46989353593031 0.474131826909786 0.488884361136128 0.472239224111683 0.459197130298896 0.466732329649779 0.469869541910018 0.469476848641947 0.421731580640127 0.370898007361749 0.336240730358685 0.306672324592042 0.282016163360183 0.262752487593173 0.245923054742561 0.236796168134593 0.22485741831927 0.209656240230957 0.200523063742011 0.193226389767463 0.187153101497527 0.180949319146836 0.174563090861292 0.165235902429287 0.154996911560805 0.147407473055888 0.139762904583972 0.132024898095665 0.133084708348285 0.138077900807327 -9999
-9999 -9999 -9999 -9999 -9999 -9999 -9999 -9999 -9999 -9999 -9999 -9999 -9999 -9999 -9999 0.669083096497402 0.658202512723714 0.652037091004802 0.647679354203706 0.616446548140317 0.585582246113716 0.555471020769841 0.522030242701395 0.486769574242206 0.495502133146723 0.503201966822875 0.504184379654294 0.503274338432792 0.501106162475047 0.485105707709971 0.473597855980062 0.480523065565957 0.482430140292708 0.480309567457967 0.45763871503715 0.425941347962852 0.368666864295703 0.32501722880068 0.294519544467587 0.273039827456771 0.254618015464689 0.243098984181571 0.230736306766992 0.217394799733504 0.207462438272535 0.198934416550349 0.19448556707142 0.188543988478743 0.180515400597512 0.170181104866996 0.159228635406632 0.152079177964173 0.144668536712116 0.136815223381503 0.135891279582752 0.138077900807327 -9999
-9999 -9999 -9999 -9999 -9999 -9999 -9999 -9999 -9999 -9999 -9999 -9999 -9999 -9999 -9999 0.683903961810983 0.712600991924663 0.722149654559302 0.722751024069604 0.681565704599212 0.645160771331075 0.618525059086148 0.591092633198881 0.563224733954736 0.538062911970098 0.526127639304271 0.547510380099951 0.542633403942092 0.520298533886003 0.508090849724789 0.500221128207691 0.503448711503163 0.501624404261841 0.495745356529766 0.500384209166235 0.489272267968925 0.404858860281117 0.345253852285481 0.309596183521455 0.288423103280187 0.27055803268154 0.254315812632584 0.240962482972139 0.23096095138508 0.218758872211719 0.206852859095453 0.203262268619074 0.196426801679702 0.185054619233066 0.175366534337225 0.166260382819264 0.156704531812705 0.149042641557315 0.14459076475459 0.141105428615114 -9999 -9999
