layers/veg/veg_4800.asc
NCOLS 255 
NROWS 330 
XLLCORNER -2985163.8955 
YLLCORNER -3022031.214 
CELLSIZE 25000 
NODATA_value -9999 
[rows 125 to 149 of 330, columns 168 to 223 of 255]
0.382112087202781 0.383804484798013 0.327065803314949 0.307757322448158 0.337913892773285 0.350978914531362 0.355146065773167 0.315122730061101 0.281523565819463 0.258193648324985 0.261608271867038 0.276190763831027 0.284275252452125 0.294347731304725 0.308297979452953 0.317991113176094 0.325461159446933 0.359329623880188 0.38664167596949 0.396497601629558 0.400898771876289 0.401827453070776 0.353525442637497 0.326187169487823 0.374188551960549 0.355503145545859 0.285496784895347 0.29170003953285 0.313113795112068 0.354881629487264 0.393488549398138 0.429168183172707 0.466546699806177 0.498717456763195 0.500752294057305 0.503692312637617 0.507639765697628 0.519671095135846 0.533730999568769 0.546947312836768 0.559906819656728 0.572522205990787 0.580211068686049 -9999 -9999 -9999 -9999 -9999 -9999 -9999 -9999 -9999 -9999 -9999 -9999 -9999
0.378035572241846 0.367352593992055 0.295546126120103 0.267219902241137 0.296354030151337 0.325309797088534 0.349739175942757 0.311775975762946 0.279748789006957 0.257210512505666 0.26353925579163 0.281783603310539 0.286519083485434 0.292839250863928 0.302250505554577 0.316700995160339 0.333782999635183 0.360736201615796 0.383208621486794 0.394257319512916 0.403618964193024 0.411906633262738 0.368290502225233 0.34128372026148 0.376969514078845 0.360628631040402 0.304248952514796 0.315122848338813 0.334518283708612 0.352411321130964 0.390580353817238 0.447526749986693 0.475958021733643 0.495850886285012 0.499451668105194 0.504321473877349 0.510603658036322 0.527386100751993 0.545652865588752 0.553449551055662 0.564031236372849 0.578344819814197 0.581989375959112 -9999 -9999 -9999 -9999 -9999 -9999 -9999 -9999 -9999 -9999 -9999 -9999 -9999
0.361979143125042 0.338398142359263 0.276281901020051 0.244997805053337 0.254459246756654 0.297045580550035 0.344556542172281 0.305613116651818 0.275791080399258 0.260549881146485 0.270364691230705 0.290403369486045 0.29315503117412 0.296454584247332 0.300822853029988 0.314271307866116 0.332461483422996 0.346035649490995 0.360551479497805 0.377625524733137 0.39641869866698 0.416306267332141 0.389445874958729 0.366608111392108 0.366907493631838 0.351853653241328 0.324984248642004 0.343677589428477 0.358562752856678 0.334380969990019 0.368706548535681 0.457215114272896 0.465602666426061 0.462620849329162 0.482543459024951 0.500796645205947 0.517191822570745 0.541251905463637 0.56405536982738 0.56015046210778 0.564031236372849 0.578344819814197 -9999 -9999 -9999 -9999 -9999 -9999 -9999 -9999 -9999 -9999 -9999 -9999 -9999 -9999
0.321866922051298 0.303996561059717 0.262391638589675 0.248062649535254 0.269779565137951 0.302200142868524 0.33320066461972 0.294199953834725 0.265038530081128 0.251605526218981 0.261769034290375 0.281761310911996 0.29486917873514 0.306971728215412 0.317113305986396 0.327435695680934 0.337852506309078 0.351127084982472 0.364897539125382 0.379687505844743 0.398578730493097 0.420080809740729 0.405439899699368 0.388239296050923 0.371649548990625 0.372705889955752 0.387342343130557 0.407667430597194 0.420479110100901 0.400464261851429 0.421219972822554 0.479732824685301 0.480363177532711 0.476524682735559 0.509610959681027 0.533564995833345 0.547355173770548 0.570786212556831 0.59389034733793 0.593614699909768 -9999 -9999 -9999 -9999 -9999 -9999 -9999 -9999 -9999 -9999 -9999 -9999 -9999 -9999 -9999 -9999
0.277302549415097 0.266855852992004 0.250980421153302 0.257005142219447 0.291971524476638 0.308269669028758 0.315331228835064 0.2808602896487 0.2550677888666 0.243148053742087 0.252428210272374 0.270760145960472 0.293280008949431 0.314059927912587 0.331445915953727 0.339769211506311 0.343359921569375 0.359614985153033 0.374985773037748 0.387438220481227 0.404127750537351 0.423514600981091 0.416331535474562 0.404031067216598 0.382319532776902 0.39988557256686 0.447678927589186 0.466714680905402 0.477626288368639 0.471388114125055 0.479845520519993 0.501912333291986 0.498614221839304 0.498391209257483 0.541738840396486 0.568857381973084 0.577913525830557 0.599360709532539 0.621817453702317 0.625873207547017 -9999 -9999 -9999 -9999 -9999 -9999 -9999 -9999 -9999 -9999 -9999 -9999 -9999 -9999 -9999 -9999
0.23082791477206 0.221061377232351 0.247046237972913 0.273643757695204 0.301050923302248 0.291963280355348 0.271462265157132 0.262568975455811 0.254243302715355 0.246824984122564 0.25187889145538 0.262357051013306 0.279937443520226 0.299343986569506 0.322312614779036 0.335687636119081 0.344052825698863 0.368408561095887 0.390754395842335 0.407259680015591 0.418288056483179 0.425829841782708 0.407116771606066 0.395042082942935 0.409306479904106 0.433427198754982 0.465133165794808 0.473953795537608 0.481840495119978 0.498045035770481 0.508020506878864 0.512227309104071 0.513360770166659 0.520387933323091 0.562737864536252 0.587117655075469 0.591497320119456 0.610848222474409 0.63137929176723 0.629354963374207 -9999 -9999 -9999 -9999 -9999 -9999 -9999 -9999 -9999 -9999 -9999 -9999 -9999 -9999 -9999 -9999
0.213428179981533 0.202577206814781 0.244855924289635 0.276750450694878 0.294921979777427 0.270367117127715 0.234622706032281 0.242818035135015 0.245848342400028 0.240622194501884 0.247913250088091 0.260450226744839 0.270838574548788 0.285574402657157 0.308790416115868 0.326095248863439 0.340313232079837 0.366426593360592 0.390119763568055 0.407236046831431 0.416096950338857 0.419702491570177 0.400103714138867 0.393477980164484 0.431785078219533 0.460156111281669 0.480880527295767 0.487477806267467 0.496293821362979 0.521344878957389 0.529991180960072 0.523445229532575 0.517819516872871 0.521715600409168 0.576451612687989 0.607564823308555 0.612386698413924 0.628037643210208 0.644877736239386 0.648136359666428 -9999 -9999 -9999 -9999 -9999 -9999 -9999 -9999 -9999 -9999 -9999 -9999 -9999 -9999 -9999 -9999
0.226053930352401 0.212296234755987 0.244466494804567 0.265882803642758 0.273087466847769 0.24330823354023 0.205042373359546 0.2215597471409 0.229635396095705 0.224216673735156 0.240419591683398 0.265252064582077 0.266122146984494 0.272782116728221 0.29073582775975 0.310811877259731 0.331996223025125 0.353316782418426 0.372545582250871 0.386718498278031 0.397019833113803 0.404856525214342 0.395364346459674 0.399581510646697 0.449607930133869 0.479849572818399 0.494865206846724 0.507492193764855 0.521321028579679 0.541177886146471 0.545554696730344 0.535595615775899 0.511654108844724 0.501698448878945 0.582641897399271 0.630270385814005 0.640820512124069 0.651115391979011 0.659560412476816 0.653482768296377 -9999 -9999 -9999 -9999 -9999 -9999 -9999 -9999 -9999 -9999 -9999 -9999 -9999 -9999 -9999 -9999
0.205581914194833 0.190084412040883 0.211530269329372 0.227737125766637 0.237020496862291 0.227943198922709 0.214494549974171 0.226033714554276 0.231876391549468 0.228613048123058 0.23978314505719 0.256802943958523 0.262002340957696 0.270948262043755 0.287202144627425 0.308038447125288 0.331267713305871 0.352606099941304 0.371726074135215 0.385610130013746 0.387728265985018 0.382356235125415 0.379270265875922 0.386497351222118 0.424619467591975 0.456662473386882 0.484027104936807 0.503049587409986 0.520059693477066 0.533462245802977 0.536966719465364 0.531304697553509 0.532423816196267 0.543285427312136 0.599986798968639 0.63767585744104 0.654204889593338 0.660267551614088 0.663208709923116 -9999 -9999 -9999 -9999 -9999 -9999 -9999 -9999 -9999 -9999 -9999 -9999 -9999 -9999 -9999 -9999 -9999
0.180452728249061 0.163440551203513 0.17524169518201 0.187480305208923 0.200297038786426 0.21517810014643 0.230125479754569 0.236324401553954 0.239923043232695 0.239365052683678 0.242260396169967 0.246802139920006 0.260085073535368 0.274093723097662 0.28951795256159 0.309004486447993 0.330612376982885 0.353560935949806 0.374034267452837 0.388451784399521 0.383270628044961 0.365612985886725 0.366492511524036 0.373594401569918 0.395343857306565 0.428089101887713 0.469296507947773 0.492995109683972 0.51175116367962 0.520080678874999 0.526381866539523 0.53080464365926 0.559942568149374 0.59294553147289 0.620830636091003 0.645053488351511 0.665200384386843 0.674800920906629 -9999 -9999 -9999 -9999 -9999 -9999 -9999 -9999 -9999 -9999 -9999 -9999 -9999 -9999 -9999 -9999 -9999 -9999
0.1764893575861 0.157631347432402 0.168126608299904 0.176432416370026 0.181844801671327 0.201436669358329 0.225471684866534 0.24511770008123 0.258027477693725 0.260169160711775 0.254989734087537 0.247406309901704 0.272217550407282 0.293645753681933 0.30847501210657 0.315452312558727 0.318329279427702 0.346047412620823 0.370874083733198 0.387184678391234 0.396103453466212 0.400316607366033 0.394449219436811 0.392587172790605 0.405276522601492 0.43134770689039 0.467717310495845 0.483795563321989 0.497447271715035 0.512126205076277 0.540788187171834 0.582399708131925 0.590392555498642 0.599156102336584 0.64768357376753 0.676690572461379 0.683971981380955 0.683319422616244 -9999 -9999 -9999 -9999 -9999 -9999 -9999 -9999 -9999 -9999 -9999 -9999 -9999 -9999 -9999 -9999 -9999 -9999
0.176982577768539 0.160198924504431 0.167893362840339 0.173970022395612 0.17790874229564 0.194435736929844 0.215934853276071 0.247891618431855 0.266495215779263 0.263753340685332 0.256968719505074 0.2492061009146 0.275715233870907 0.297961285321878 0.311891779531074 0.315010007621783 0.312482013708846 0.345704712077851 0.37459047962917 0.390796377111115 0.403974140367085 0.415224197951283 0.411056166589546 0.410185641772434 0.422951653218898 0.446811869341501 0.479209985998321 0.490222790089234 0.500092424078184 0.516660681939174 0.549988368615542 0.598836767471046 0.607656766536198 0.614719736126855 0.654573584933837 0.680708966797113 0.691576184350796 0.693611472407131 -9999 -9999 -9999 -9999 -9999 -9999 -9999 -9999 -9999 -9999 -9999 -9999 -9999 -9999 -9999 -9999 -9999 -9999
0.183010674879196 0.173170070723778 0.176207041842685 0.182170410599599 0.19200109522949 0.195806187504542 0.200333518992521 0.243189748760271 0.262994628684577 0.245951177195699 0.245596271038106 0.252490797203757 0.268488908675583 0.28335379948069 0.296008232589907 0.306010482897084 0.314627749452432 0.354267837304279 0.386847265069489 0.400467322610427 0.40568208382486 0.405546046100945 0.413567242895989 0.426052452731227 0.450242562840371 0.477434762010603 0.506937314968841 0.516057736581239 0.523787495013452 0.536705850106836 0.552722769223697 0.571609232458488 0.608544861475131 0.641899435649052 0.636670577132482 0.650426243053712 0.685311007411762 0.69294815677066 -9999 -9999 -9999 -9999 -9999 -9999 -9999 -9999 -9999 -9999 -9999 -9999 -9999 -9999 -9999 -9999 -9999 -9999
0.184690673316297 0.177107061028676 0.180234012743567 0.189885280551561 0.208158613542859 0.20736467613884 0.202580722527398 0.231423012547608 0.245862966073633 0.237280316937938 0.241906213716115 0.252137560276358 0.263373075198628 0.274957246251875 0.287221505173767 0.298824865148409 0.310083100230889 0.35079012784056 0.383040936838684 0.393062386106016 0.40129740699138 0.408395190268651 0.43354143509052 0.459711063417394 0.484799101472169 0.501577625311509 0.511961296348862 0.529836546603722 0.546346172898118 0.553495714101244 0.56780426403856 0.588742688733261 0.614831490662133 0.636398804688973 0.627912759562701 0.633255849603387 0.65399027373812 0.656708363451726 -9999 -9999 -9999 -9999 -9999 -9999 -9999 -9999 -9999 -9999 -9999 -9999 -9999 -9999 -9999 -9999 -9999 -9999
0.185637420828215 0.178122542832046 0.18276853585389 0.19672191470817 0.222975262814131 0.220796472024838 0.210431494176621 0.218967182480235 0.226327221742653 0.231807947828631 0.240692239636766 0.250971486255343 0.259191343273843 0.268672111672211 0.280612410985709 0.292441082609613 0.304211461669285 0.344184364691937 0.374985181988721 0.381906449866623 0.397342926517262 0.418200172203407 0.460757217204824 0.499470764415484 0.521422122966388 0.52502834490757 0.514516479411869 0.543394141571172 0.57075674189531 0.571402889850169 0.586528586904899 0.615063626040343 0.621828427637289 0.623768153080028 0.62248577039631 0.621064608515833 0.619488990340234 0.626389231264669 -9999 -9999 -9999 -9999 -9999 -9999 -9999 -9999 -9999 -9999 -9999 -9999 -9999 -9999 -9999 -9999 -9999 -9999
0.193397733362976 0.177663360695039 0.183415987937895 0.195415167013523 0.215669338076734 0.219998989578531 0.219313070491881 0.223198490607593 0.226973444276553 0.230571813742521 0.240639641237131 0.253277213687069 0.258167291457881 0.264551311976115 0.273849413873408 0.288760074053341 0.306601641568046 0.344175315157144 0.37487514511814 0.38776586792965 0.419233762056878 0.462527855367616 0.508649440625357 0.546020024056942 0.556065627062379 0.563112907220887 0.567852732002119 0.596103027423392 0.619797033262776 0.613042060502427 0.603354572141082 0.590951315175373 0.618128560845466 0.644247118557219 0.622726750662625 0.619274612819992 0.635931770451036 0.63711143340572 -9999 -9999 -9999 -9999 -9999 -9999 -9999 -9999 -9999 -9999 -9999 -9999 -9999 -9999 -9999 -9999 -9999 -9999
0.198485594454254 0.180791543962476 0.189922360699403 0.200998515236847 0.214645487784983 0.224328103948062 0.232083655888339 0.231499988245717 0.231890079697838 0.233836756689783 0.243112430420352 0.255302642420042 0.25887420002974 0.263876676519726 0.271670300174615 0.287025213681719 0.306328672357031 0.340156552315928 0.371057459224672 0.393995735012112 0.440288889054399 0.501449723296993 0.551230345058497 0.59072154972349 0.601506101984033 0.611113867576411 0.619815999298125 0.642687665776088 0.658878793357857 0.641094001525588 0.616600682077886 0.585894673199539 0.615709713329262 0.6465657098477 0.619052094288525 0.618183111837044 0.646968655501816 0.653713303891848 -9999 -9999 -9999 -9999 -9999 -9999 -9999 -9999 -9999 -9999 -9999 -9999 -9999 -9999 -9999 -9999 -9999 -9999
0.199566806085984 0.189298053445704 0.205212669058054 0.21691177952031 0.223039982677339 0.236343223768349 0.250684804145484 0.245903681919369 0.243209094301359 0.243849900023293 0.249371384855959 0.256907835779754 0.262176235828051 0.268368672667515 0.276363533603454 0.288208098959412 0.302063000128942 0.330126261859755 0.361681112952186 0.400780994547871 0.460091087327363 0.532266970002339 0.585848300940328 0.632652876384169 0.663133841010665 0.673981900990776 0.669720830396699 0.680090579613658 0.683030312517152 0.648775407329887 0.624479695273426 0.609407076188833 0.615211422761191 0.621657518927485 0.609506953918407 0.61813882294498 0.649900799651343 0.655594948579633 -9999 -9999 -9999 -9999 -9999 -9999 -9999 -9999 -9999 -9999 -9999 -9999 -9999 -9999 -9999 -9999 -9999 -9999
0.208075005781005 0.203996443842008 0.218650853543518 0.232953953118484 0.246792786589938 0.256273457632581 0.263344843303267 0.25718657146713 0.252017500463972 0.248429699120743 0.250258831120381 0.254304344671518 0.254896270266683 0.255289538707614 0.255295306948169 0.269268462741704 0.290535461479063 0.330575076931729 0.374289773617213 0.425709508537509 0.487616997674711 0.556200975296026 0.607821874169556 0.652224440321991 0.678578106046896 0.688337895287132 0.685327335409158 0.696330825858316 0.700542159541786 0.670416029560348 0.646491003280343 0.628308747043587 0.628362072513476 0.630340215626319 0.623498316503311 0.63048458014177 0.652861095621649 0.657531163526011 -9999 -9999 -9999 -9999 -9999 -9999 -9999 -9999 -9999 -9999 -9999 -9999 -9999 -9999 -9999 -9999 -9999 -9999
0.220266037864995 0.221622067200092 0.231696563977975 0.248946139242315 0.275677780292972 0.278693210389138 0.27364140775709 0.267049872318939 0.259633289063936 0.250897840076835 0.249098080349701 0.250074781008429 0.24375456789157 0.235751711435087 0.224466694646783 0.242600128982103 0.276096032593258 0.334448485572682 0.394367187498588 0.456525379335098 0.517223865170841 0.57699310437258 0.62429793524142 0.662546339338414 0.67609769871715 0.684471770581974 0.688861495022067 0.705314274147879 0.716104982188181 0.698071275636575 0.674571088641239 0.646008457660811 0.647083786065269 0.651982256352171 0.64632632072258 0.645679061752491 0.650606281222646 -9999 -9999 -9999 -9999 -9999 -9999 -9999 -9999 -9999 -9999 -9999 -9999 -9999 -9999 -9999 -9999 -9999 -9999 -9999
0.25291777983076 0.252492025313455 0.253652320569609 0.262258594443527 0.280704936162059 0.284676560857813 0.28309148469953 0.271724008727605 0.261726562004351 0.253919151532494 0.249534688917355 0.246530115726873 0.240375838148644 0.227868334488229 0.202968242253047 0.220428386501307 0.26000926813167 0.319988181525711 0.383547451648453 0.454482492180635 0.52151053600829 0.58605139163857 0.626520691365882 0.660235753287292 0.678970405271431 0.702382464328474 0.729394171806676 0.742243192820361 0.749167855545449 0.740008595932607 0.716566260324416 0.67989653409339 0.671514330269617 0.667655071752602 0.658478265775472 0.653079003023878 0.65188401112053 -9999 -9999 -9999 -9999 -9999 -9999 -9999 -9999 -9999 -9999 -9999 -9999 -9999 -9999 -9999 -9999 -9999 -9999 -9999
0.277078991319499 0.274781237274304 0.270927885776125 0.273735176683664 0.285344691788385 0.288138643154365 0.287009612975739 0.272396732751304 0.262479210236983 0.260067369523542 0.254265431498502 0.247016166591121 0.239104367918681 0.222931136228452 0.190643171786222 0.203769790273238 0.240612141855565 0.307839789880046 0.378327752286604 0.454800496294685 0.525461546370059 0.592422880871208 0.635598614817736 0.671432844883799 0.690430539435597 0.720349417677584 0.758673042612525 0.768836835891312 0.773318283592793 0.770032625416848 0.749503112345442 0.713004265734121 0.694585823571159 0.68024606806377 0.668970898302148 0.664090436356545 0.666327056082493 -9999 -9999 -9999 -9999 -9999 -9999 -9999 -9999 -9999 -9999 -9999 -9999 -9999 -9999 -9999 -9999 -9999 -9999 -9999
0.285759944503585 0.281425706277456 0.27967034792708 0.281864525470145 0.289278124548141 0.287003853363201 0.28084168190465 0.265773929425999 0.26078758047989 0.27191668251605 0.266825402642403 0.254851172536399 0.241674933432405 0.223365523078822 0.195043360375945 0.197162972116569 0.215179437931015 0.299906564912926 0.383318252580564 0.459422967222046 0.528800567777749 0.593895697673276 0.657175140239958 0.707257648452726 0.717547598444823 0.738418945675343 0.767433546052165 0.776586811137932 0.781219202154598 0.778335889688127 0.765924491210155 0.744689243051409 0.71517944354293 0.687218174521226 0.676438209079672 0.669644061516079 0.667285987058799 -9999 -9999 -9999 -9999 -9999 -9999 -9999 -9999 -9999 -9999 -9999 -9999 -9999 -9999 -9999 -9999 -9999 -9999 -9999
0.28481553781838 0.279020458596868 0.279816439811644 0.285040655673913 0.296116906789045 0.29468243953671 0.28846561338562 0.274078427336751 0.271601166882031 0.288162309313915 0.28231020434729 0.267059434898974 0.255405568813103 0.242938204619601 0.2288840328383 0.22624385379129 0.22956412153865 0.312062590724574 0.394271978099386 0.470878629576493 0.543556262043783 0.613732686947435 0.680402927213372 0.731337023578393 0.73513421795869 0.747523820229612 0.766525985190795 0.774961326938697 0.780257824896811 0.778642475595018 0.774709179894336 0.768629260982318 0.747058601584451 0.721400536817955 0.689890459068384 0.673293116649239 -9999 -9999 -9999 -9999 -9999 -9999 -9999 -9999 -9999 -9999 -9999 -9999 -9999 -9999 -9999 -9999 -9999 -9999 -9999 -9999
0.279177949651239 0.272202704440301 0.275771070151502 0.285801670594301 0.304372293974454 0.306658295987113 0.302814250727949 0.289661254025614 0.288512109611945 0.306551512956726 0.299221109679782 0.281400031669002 0.274577687312149 0.271842432352581 0.277079444822764 0.272725524034539 0.26336316765976 0.334013834691301 0.40813328303113 0.485666053849829 0.563878555208112 0.642523772000603 0.704435844617142 0.74968950350057 0.748073937744992 0.752257663871345 0.760904420805421 0.768764508965616 0.774975324772685 0.775050000757546 0.779770332687367 0.788792952576957 0.784440419163056 0.76885021281077 0.706260875884922 -9999 -9999 -9999 -9999 -9999 -9999 -9999 -9999 -9999 -9999 -9999 -9999 -9999 -9999 -9999 -9999 -9999 -9999 -9999 -9999 -9999
