layers/veg/veg_4800.asc
NCOLS 255 
NROWS 330 
XLLCORNER -2985163.8955 
YLLCORNER -3022031.214 
CELLSIZE 25000 
NODATA_value -9999 
[rows 250 to 274 of 330, columns 57 to 113 of 255]
-9999 -9999 -9999 -9999 -9999 -9999 -9999 -9999 -9999 -9999 -9999 -9999 -9999 -9999 -9999 0.70719247776451 0.707702515282432 0.712237812238155 0.718134335906428 0.68399014274798 0.648192158716916 0.609014479431705 0.572457977521716 0.537334177212273 0.540816058437355 0.549140192238735 0.566159686342408 0.572689456911599 0.572245485882175 0.568793576980097 0.564542120310775 0.558570973681203 0.556261830735419 0.556891879465664 0.563586636100693 0.561999973590835 0.521542508284432 0.453306713139511 0.358256730212037 0.321879120436344 0.29898859140067 0.283187576437531 0.268154820017695 0.254013425733145 0.237854447537206 0.221385651494499 0.207248794598577 0.194876272462776 0.184970495966611 0.176704105959469 0.168841987294777 0.157646505209233 0.150171825255358 0.149003413733919 -9999 -9999 -9999
-9999 -9999 -9999 -9999 -9999 -9999 -9999 -9999 -9999 -9999 -9999 -9999 -9999 -9999 -9999 0.731390262655363 0.727229991341048 0.730982421525412 0.73802023971002 0.723621395887301 0.699573678542254 0.655807475268154 0.616432990752465 0.579458962823121 0.576600485518439 0.578148267740402 0.587702910908405 0.598371675835427 0.60978112732404 0.619229975058336 0.62696312251598 0.629723689053418 0.635397425252064 0.643409325133335 0.644763943131758 0.645047930310903 0.644906961961126 0.568779165524255 0.419301924064139 0.365261094073633 0.332641042118931 0.308499715765758 0.287522724939671 0.270217113881202 0.256155831644087 -9999 -9999 -9999 -9999 -9999 -9999 -9999 -9999 -9999 -9999 -9999 -9999
-9999 -9999 -9999 -9999 -9999 -9999 -9999 -9999 -9999 -9999 -9999 -9999 -9999 -9999 -9999 0.733828847087895 0.736180567554115 0.738573612391344 0.74080750687321 0.726363094729723 0.706456058736904 0.675385577471481 0.641567959083825 0.606248791129493 0.593369361403022 0.588205856879537 0.600536550016065 0.60934809111408 0.61582004176606 0.628391049249081 0.638889962004303 0.640967217318745 0.644504462444589 0.649213522312117 0.643444607992407 0.636936044892733 0.633768211416293 0.573608039196549 0.458433642503497 0.418876254492863 0.391516190182717 0.342692016262359 0.304929090578405 0.279999836492202 0.260501798444617 0.244306145219309 -9999 -9999 -9999 -9999 -9999 -9999 -9999 -9999 -9999 -9999 -9999
-9999 -9999 -9999 -9999 -9999 -9999 -9999 -9999 -9999 -9999 -9999 -9999 -9999 -9999 -9999 0.766574169239303 0.760522502790356 0.761310602022376 0.764905232715907 0.746834517775995 0.725519778424864 0.697575534649397 0.671581868733579 0.646654363409534 0.62319324424992 0.608404417442017 0.615489985778149 0.618675576261324 0.619268397002052 0.627803807521809 0.63533693726188 0.637371817252555 0.640035060511489 0.643202639715185 0.637029670411004 0.630466116796502 0.62802050961316 0.579592108579907 0.486776904012185 0.442074740058055 0.404890651651916 0.352616823776104 0.311722660077291 0.284031605993147 0.258983097750817 0.236819248559711 0.234169808244385 -9999 -9999 -9999 -9999 -9999 -9999 -9999 -9999 -9999 -9999
-9999 -9999 -9999 -9999 -9999 -9999 -9999 -9999 -9999 -9999 -9999 -9999 -9999 -9999 -9999 0.77363760577792 0.786448128420396 0.798019900341963 0.808662291921129 0.783661973500449 0.755821032579003 0.722174981384165 0.706096701393813 0.699620737584212 0.665060637646359 0.63795823125501 0.63239897724726 0.626481889685687 0.620326908462621 0.618223545267025 0.617503421616111 0.620087202740109 0.623041116208807 0.6262921047218 0.625913935507605 0.625510927864006 0.627246160377452 0.586641869599674 0.505167593666039 0.437213221860399 0.376289800461755 0.340154373389976 0.308725708388454 0.282758003796413 0.252054121517418 0.223746893433531 0.229355384158477 -9999 -9999 -9999 -9999 -9999 -9999 -9999 -9999 -9999 -9999
-9999 -9999 -9999 -9999 -9999 -9999 -9999 -9999 -9999 -9999 -9999 -9999 -9999 -9999 -9999 0.785645024563613 0.785664648856568 0.798165400868254 0.815747047480421 0.789994877822629 0.761628252519354 0.727918712653223 0.712874691193482 0.708033000315668 0.68652482311427 0.668163053086524 0.659338947728001 0.650257188662576 0.641004137153842 0.638629651803093 0.634783758515987 0.624230605432642 0.621094871822078 0.623912495841525 0.620166829553416 0.614850796905991 0.606932321175908 0.578902730482494 0.53146004993529 0.445611905095402 0.361476281984578 0.334912336010098 0.312083035945239 0.293586810964999 0.269038222524866 0.246683690876087 0.259761716103827 -9999 -9999 -9999 -9999 -9999 -9999 -9999 -9999 -9999 -9999
-9999 -9999 -9999 -9999 -9999 -9999 -9999 -9999 -9999 -9999 -9999 -9999 -9999 -9999 -9999 0.739446676139229 0.760915493677426 0.752649860274493 -9999 0.773329458287551 0.761954728065203 0.727334542576273 0.711452580501033 0.705812688622941 0.700111865299588 0.693228292742192 0.683348486740797 0.672689058085824 0.661511323403756 0.659910538776375 0.653847856424837 0.630665430365577 0.621921471841742 0.624766093575918 0.617857719968285 0.608017226231344 0.591770990692651 0.576673349626651 0.562684437129138 0.460799100114553 0.3549032037385 0.333965773769199 0.317189948655407 0.305242572274863 0.287828411628761 0.270557682968863 0.268554280370081 0.26548151631872 0.260913660315441 0.250116659800765 0.237914640762047 0.240718265939934 -9999 -9999 -9999 -9999 -9999
-9999 -9999 -9999 -9999 -9999 -9999 -9999 -9999 -9999 -9999 -9999 -9999 -9999 -9999 -9999 0.727706349827065 0.717823819662997 0.721628657599892 -9999 -9999 0.758219988206782 0.712232729906106 0.694661656952634 0.692622502828173 0.692426389091095 0.689851383149418 0.681066960429526 0.671209831417351 0.660639549530459 0.654643979572126 0.645927209784534 0.627130814331212 0.622033248995941 0.627930617290184 0.62852116484086 0.627803830536079 0.624820489795258 0.619630199898378 0.612309560572966 0.498827660545866 0.378464832274157 0.348692499833921 0.325120947550048 0.308743771025206 0.291435784985266 0.275121839282905 0.270235215739269 0.26548151631872 0.260913660315441 0.253125976457851 0.244583767117544 0.243293201843518 -9999 -9999 -9999 -9999 -9999
-9999 -9999 -9999 -9999 -9999 -9999 -9999 -9999 -9999 -9999 -9999 -9999 -9999 -9999 -9999 0.682803149938009 0.684025586097418 0.683554940281263 -9999 -9999 0.663622523973294 0.677200417459211 0.684082324839026 0.687304292947984 0.696718173327263 0.698989877924683 0.682557661246134 0.672406409493643 0.666430847047005 0.665422224538992 0.660756112373357 0.642879496128771 0.638472682584749 0.644876981042198 0.647385081743261 0.648829546959278 0.648171795242999 0.644041838108487 0.636560190334354 0.526513467757513 0.408642060969734 0.371346639090822 0.340971352225984 0.318625063380594 0.299171274262175 0.281961213551385 0.277791913840862 0.271479284472026 0.262170030421502 0.25470817795142 0.248272832480603 -9999 -9999 -9999 -9999 -9999 -9999
-9999 -9999 -9999 -9999 -9999 -9999 -9999 -9999 -9999 -9999 -9999 -9999 -9999 -9999 -9999 0.681554975740458 0.679444289615192 0.680256917404732 -9999 0.659161401850206 0.662004179085952 0.670656470022212 0.680389605310599 0.690713516121418 0.714288801379886 0.722003841190495 0.688230521672838 0.676569575251085 0.679609299976295 0.693988881942759 0.700806785207891 0.680007015045164 0.673014118771365 0.677102874049682 0.675340625884492 0.671229031312815 0.660770992607287 0.647892933642996 0.632678849509688 0.542732562253792 0.446153815092187 0.40278967311492 0.365601774083211 0.335579781825962 0.311483486807023 0.290333582988128 0.280875377890247 0.271479284472026 0.262170030421502 0.25470817795142 -9999 -9999 -9999 -9999 -9999 -9999 -9999
-9999 -9999 -9999 -9999 -9999 -9999 -9999 -9999 -9999 -9999 -9999 -9999 -9999 -9999 -9999 0.651454513521925 0.652368003755081 0.652016304115779 0.672382048638336 0.671926462680041 0.671190469574257 0.669881435026965 0.687988026747389 0.71670694829041 0.717534273568049 0.709744333316727 0.682680157611071 0.676277340898105 0.683610537171333 0.703694641590757 0.718038652305346 0.710235804629478 0.70050162519651 0.689217323285719 0.678533735933516 0.669179581281061 0.665092190227822 0.657432069763557 0.646323223696261 0.606590429948101 0.552658534191665 0.450298680860219 0.383661136790038 0.358469944521596 0.33802918148408 0.318137723114786 0.291115378304989 0.275361186719283 -9999 -9999 -9999 -9999 -9999 -9999 -9999 -9999 -9999
-9999 -9999 -9999 -9999 -9999 -9999 -9999 -9999 -9999 -9999 -9999 -9999 -9999 -9999 -9999 -9999 0.624594245088783 0.624594245088783 0.690366289231455 0.687897074298655 0.683475667295198 0.675064750864867 0.701225496029257 0.746282663606167 0.717192753791612 0.690392410375165 0.676307123241671 0.676646136159706 0.686574662182599 0.70828303783561 0.727635649916149 0.736030862933584 0.72321439214617 0.69337303283946 0.674575446139737 0.661697310111598 0.667096229606101 0.666673810546429 0.660632102420609 0.672575813492482 0.662040254060129 0.496603608075663 0.399575444781787 0.381917347378125 0.365914160397697 0.351913030621445 -9999 -9999 -9999 -9999 -9999 -9999 -9999 -9999 -9999 -9999 -9999
-9999 -9999 -9999 -9999 -9999 -9999 -9999 -9999 -9999 -9999 -9999 -9999 -9999 -9999 -9999 -9999 -9999 -9999 0.690401874365148 0.691311907356554 0.697905109834854 0.716112465747794 0.736070077172257 0.756984355587833 0.718216573580323 0.688439431141006 0.687038311765938 0.69177231471206 0.700585048389573 0.71148549074535 0.723909628491493 0.74065098005901 0.722329515437617 0.675865988060586 0.665305848462113 0.662104805330323 0.667917910927436 0.661484250290881 0.643228889378332 0.654952283606892 0.648688002225225 0.499209917375919 0.412085041873646 0.397304678918518 0.374494863521002 -9999 -9999 -9999 -9999 -9999 -9999 -9999 -9999 -9999 -9999 -9999 -9999
-9999 -9999 -9999 -9999 -9999 -9999 -9999 -9999 -9999 -9999 -9999 -9999 -9999 -9999 -9999 -9999 -9999 -9999 0.671519483767371 0.678441241428967 0.69499795542307 0.731244714107877 0.754173970073256 0.769824051557052 0.726996967746838 0.695771613988323 0.699437238241321 0.706091251053782 0.714731993977998 0.717998285226298 0.722551349895477 0.732787124944347 0.708053342460016 0.655252348336608 0.65282011220467 0.657302254494689 0.659969863524275 0.649595786608846 0.626632680116632 0.634418208426024 0.628868025692521 0.506608608610616 0.430961357626575 0.409395275365518 0.405318303493326 -9999 -9999 -9999 -9999 -9999 -9999 -9999 -9999 -9999 -9999 -9999 -9999
-9999 -9999 -9999 -9999 -9999 -9999 -9999 -9999 -9999 -9999 -9999 -9999 -9999 -9999 -9999 -9999 -9999 -9999 0.671342855735476 0.661491600393997 0.668951033297583 0.711786674811707 0.749933475643083 0.785517416892963 0.746130335444384 0.715497030314577 0.714062153410119 0.719332732731532 0.729061210191666 0.728929509415528 0.724353381204223 0.708260471554501 0.67590333380872 0.630492226715889 0.636041682295723 0.645545671341568 0.640316549732016 0.628766060136909 0.611113607277894 0.609999325734109 0.60041534877678 0.520403861123687 0.458335557441083 0.417085603150314 0.407128095683923 -9999 -9999 -9999 -9999 -9999 -9999 -9999 -9999 -9999 -9999 -9999 -9999
-9999 -9999 -9999 -9999 -9999 -9999 -9999 -9999 -9999 -9999 -9999 -9999 -9999 -9999 -9999 -9999 -9999 -9999 0.668890733527185 0.667473264691113 0.680629179275371 0.723567332713472 0.758961896881673 0.790233232868897 0.771104750677594 0.753600794446634 0.744912822869361 0.72976204989894 0.710314699733625 0.715322686667727 0.720136912159308 0.717347736650468 0.680607038511377 0.616616222316676 0.639491446524422 0.663450203299059 0.638302809222492 0.617866335306026 0.60197727293431 0.601532229005156 0.594039859657819 0.525867087971923 0.4635312571104 0.407967662082892 0.395023940098004 -9999 -9999 -9999 -9999 -9999 -9999 -9999 -9999 -9999 -9999 -9999 -9999
-9999 -9999 -9999 -9999 -9999 -9999 -9999 -9999 -9999 -9999 -9999 -9999 -9999 -9999 -9999 -9999 0.493619097150219 0.493619097150219 0.663628324331622 0.678241409441828 0.701105153817526 0.740829986511522 0.770363460248494 0.794326469190711 0.799109610277574 0.797225104561376 0.780203478707215 0.739190193119062 0.682226855562734 0.694695432520027 0.714297351998897 0.737086576533782 0.697714356983061 0.608450216286788 0.648329826203825 0.687224870948894 0.642106466031986 0.611812225688818 0.595827626526761 0.597987751257506 0.593713612576901 0.52903965114561 0.462314442744705 0.393209301318948 0.370849132585563 -9999 -9999 -9999 -9999 -9999 -9999 -9999 -9999 -9999 -9999 -9999 -9999
-9999 -9999 -9999 -9999 -9999 -9999 -9999 -9999 -9999 -9999 -9999 -9999 -9999 -9999 -9999 -9999 -9999 -9999 0.663430179322772 0.659226948731146 0.663093498780148 0.68345149268988 0.750709037757978 0.843601269987927 0.842307733793628 0.830301073126202 0.799873494861746 0.747958350818553 0.681757917860778 0.693244930160163 0.714597795013748 0.74559278621184 0.71305067644316 0.629512517951969 0.635563608172489 0.64979374844106 0.643326351468361 0.627135665201647 0.601559169690479 0.587191405215964 0.572250957574731 0.54007793504191 0.47745418860252 0.379500379752587 0.360119843416565 -9999 -9999 -9999 -9999 -9999 -9999 -9999 -9999 -9999 -9999 -9999 -9999
-9999 -9999 -9999 -9999 -9999 -9999 -9999 -9999 -9999 -9999 -9999 -9999 -9999 -9999 -9999 -9999 -9999 -9999 0.698169259304675 0.678224014893071 0.666331498050261 0.670895575325755 0.746524821640528 0.860997368827723 0.859251005065834 0.844759103845738 0.808739411760779 0.756054043595334 0.692289058491513 0.703335479298834 0.723964429327155 0.754142678890277 0.728361990618433 0.657667627078586 0.641634653577414 0.635100261350676 0.635057207547122 0.621698064489597 0.595485012652785 0.576101217793032 0.558995533024576 0.546895224856978 0.486804558298464 0.371033693060352 0.34567285670681 -9999 -9999 -9999 -9999 -9999 -9999 -9999 -9999 -9999 -9999 -9999 -9999
-9999 -9999 -9999 -9999 -9999 -9999 -9999 -9999 -9999 -9999 -9999 -9999 -9999 -9999 -9999 -9999 0.658950680372012 0.658950680372012 0.698627256530044 0.722174504980834 0.736191445319736 0.730732200592169 0.76732639756979 0.826906461054991 0.833790299134215 0.829147469550919 0.80015572451491 0.763063644285664 0.720586327323141 0.732065877563554 0.747973788176923 0.762763123592204 0.743632918981669 0.697278266143534 0.678129594798429 0.65713012600326 0.611462417119493 0.582729493264096 0.570343574734348 0.564536449781253 0.558995533024576 0.546895224856978 0.486804558298464 0.371033693060352 -9999 -9999 -9999 -9999 -9999 -9999 -9999 -9999 -9999 -9999 -9999 -9999 -9999
-9999 -9999 -9999 -9999 -9999 -9999 -9999 -9999 -9999 -9999 -9999 -9999 -9999 -9999 -9999 -9999 0.658950680372012 0.658950680372012 0.715602175052795 0.7200087606612 0.721635932983507 0.717583082488003 0.744969101660392 0.789539199757914 0.787330491175815 0.782486898047767 0.77531142533368 0.749265502397183 0.710674192228316 0.706489056052884 0.708631310183048 0.721357215773634 0.696992279917697 0.642857550841968 0.629314773201937 0.616751866833838 0.583250266530242 0.552508688932475 0.524431338001624 0.515444710883657 -9999 -9999 -9999 -9999 -9999 -9999 -9999 -9999 -9999 -9999 -9999 -9999 -9999 -9999 -9999 -9999 -9999
-9999 -9999 -9999 -9999 -9999 -9999 -9999 -9999 -9999 -9999 -9999 -9999 -9999 -9999 -9999 -9999 -9999 -9999 0.732132529755757 0.696488862758573 0.673413046680163 0.676020953258791 0.706377789391467 0.751901830979741 0.732941045891909 0.7233804424087 0.743682504559553 0.726634843599347 0.684756469331957 0.658413705329883 0.64311736942544 0.659005595871548 0.624768179347474 0.550298997567198 0.545987005620826 0.551182608904839 0.553328126993913 0.526123721886318 0.470588083166984 0.460972509942007 -9999 -9999 -9999 -9999 -9999 -9999 -9999 -9999 -9999 -9999 -9999 -9999 -9999 -9999 -9999 -9999 -9999
-9999 -9999 -9999 -9999 -9999 -9999 -9999 -9999 -9999 -9999 -9999 -9999 -9999 -9999 0.718215038148268 0.718215038148268 -9999 -9999 0.732588856597267 0.740279058885606 0.7548813191881 0.783609095632713 0.786176320969823 0.774444527935562 0.7345097182882 0.708642742772 0.721107024810877 0.70757546926568 0.676761451188944 0.649127480812089 0.626794396837003 0.620645900801383 0.600244711838154 0.568404048742427 0.567715288529791 0.565491340045539 0.537498245265925 0.504757778822463 0.467434714504758 -9999 -9999 -9999 -9999 -9999 -9999 -9999 -9999 -9999 -9999 -9999 -9999 -9999 -9999 -9999 -9999 -9999 -9999
-9999 -9999 -9999 -9999 -9999 -9999 -9999 -9999 -9999 -9999 -9999 -9999 -9999 -9999 0.718215038148268 0.720708781223817 0.727368068552196 0.708168870729089 0.678535946628572 0.74741195088133 0.806284310946023 0.844713173984337 0.826372169243718 0.777001490129059 0.730515307160426 0.69861737114798 0.703476927142066 0.692241805377612 0.670306675797694 0.641769218602148 0.61517963196369 0.596754771947946 0.584734442600725 0.577854507653739 0.57247895186565 0.560090496962723 0.517030278312451 0.492459058974893 0.48573511491863 -9999 -9999 -9999 -9999 -9999 -9999 -9999 -9999 -9999 -9999 -9999 -9999 -9999 -9999 -9999 -9999 -9999 -9999
-9999 -9999 -9999 -9999 -9999 -9999 -9999 -9999 -9999 -9999 -9999 -9999 -9999 -9999 -9999 0.720708781223817 0.727368068552196 0.708168870729089 0.678533227742015 0.747151040137683 0.798399601215769 0.814152273896997 0.788472885614188 0.740147269488015 0.715550686305659 0.697884548589216 0.695598953158178 0.684255114583417 0.666889206235883 0.638212831875724 0.612849291070305 0.601395158963324 0.586997890929438 0.570238407735565 0.543788967804241 0.515823050147215 0.48741616652129 0.476823761980918 0.483427524028865 -9999 -9999 -9999 -9999 -9999 -9999 -9999 -9999 -9999 -9999 -9999 -9999 -9999 -9999 -9999 -9999 -9999 -9999
