layers/veg/veg_2900.asc
NCOLS 255 
NROWS 330 
XLLCORNER -2985163.8955 
YLLCORNER -3022031.214 
CELLSIZE 25000 
NODATA_value -9999 
[rows 25 to 49 of 330, columns 112 to 167 of 255]
0.0442504080900183 0.0671131552657878 0.0642311810135555 0.0622725037463438 0.0620616347096399 -9999 -9999 -9999 -9999 -9999 -9999 -9999 -9999 -9999 -9999 -9999 -9999 -9999 -9999 -9999 -9999 -9999 -9999 -9999 -9999 -9999 -9999 -9999 -9999 -9999 -9999 -9999 -9999 -9999 -9999 -9999 -9999 -9999 -9999 -9999 -9999 -9999 -9999 -9999 -9999 -9999 -9999 -9999 -9999 -9999 -9999 -9999 -9999 -9999 -9999 -9999
0.0401719016792575 0.0554527866055215 0.0566038919525368 0.0590317675333034 0.0638765788987872 0.0679084366048586 0.0715283451517977 0.0812331109066715 -9999 -9999 -9999 -9999 -9999 -9999 -9999 -9999 -9999 -9999 -9999 -9999 -9999 -9999 -9999 -9999 -9999 -9999 -9999 -9999 -9999 -9999 -9999 -9999 -9999 -9999 -9999 -9999 -9999 -9999 -9999 -9999 -9999 -9999 -9999 -9999 -9999 -9999 -9999 -9999 -9999 -9999 -9999 -9999 -9999 -9999 -9999 -9999
0.0445828568961673 0.0486487770414215 0.0523341798719066 0.0569570166456362 0.0633544230195509 0.0679084366048586 0.0715283451517977 0.0812331109066715 0.0881083033391125 -9999 -9999 -9999 -9999 -9999 -9999 -9999 -9999 -9999 -9999 -9999 -9999 -9999 -9999 -9999 -9999 -9999 -9999 -9999 -9999 -9999 -9999 -9999 -9999 -9999 -9999 -9999 -9999 -9999 -9999 -9999 -9999 -9999 -9999 -9999 -9999 -9999 -9999 -9999 -9999 -9999 -9999 -9999 -9999 -9999 -9999 -9999
0.0500224477270723 0.0440168453995388 0.0491373918560914 0.0550709434949455 0.0625435201410572 0.0684392636074127 0.0735359761634919 0.0820702927998021 0.0904595371123265 0.0983602887863945 0.103120710507603 0.105938130866844 -9999 -9999 -9999 -9999 -9999 -9999 -9999 -9999 -9999 -9999 -9999 -9999 -9999 -9999 -9999 -9999 -9999 -9999 -9999 -9999 -9999 -9999 -9999 -9999 -9999 -9999 -9999 -9999 -9999 -9999 -9999 -9999 -9999 -9999 -9999 -9999 -9999 -9999 -9999 -9999 -9999 -9999 -9999 -9999
0.0569472848094637 0.0425211755670053 0.0474897981552648 0.0534573019981572 0.0613156956700774 0.0697365513517537 0.0784424242041878 0.0841162810493014 0.0904254755852854 0.0983508697058476 0.103120710507603 0.105938130866844 -9999 -9999 -9999 -9999 -9999 -9999 -9999 -9999 -9999 -9999 -9999 -9999 -9999 -9999 -9999 -9999 -9999 -9999 -9999 -9999 -9999 -9999 -9999 -9999 -9999 -9999 -9999 -9999 -9999 -9999 -9999 -9999 -9999 -9999 -9999 -9999 -9999 -9999 -9999 -9999 -9999 -9999 -9999 -9999
0.0619483422626476 0.0483794168728678 0.0529796172805509 0.0583261114686696 0.0650853454718034 0.0725648051199232 0.0804092257291045 0.0846372001725313 0.089804812277825 0.0973249570475264 0.106819791631475 0.117536416618388 0.134667875790831 -9999 -9999 -9999 -9999 -9999 -9999 -9999 -9999 -9999 -9999 -9999 -9999 -9999 -9999 -9999 -9999 -9999 -9999 -9999 -9999 -9999 -9999 -9999 -9999 -9999 -9999 -9999 -9999 -9999 -9999 -9999 -9999 -9999 -9999 -9999 -9999 -9999 -9999 -9999 -9999 -9999 -9999 -9999
0.0651705874067062 0.0560164790194627 0.0602577146672661 0.0649284598561439 0.0704122698802273 0.0758101234378806 0.0811644201535688 0.0846560615871188 0.0892307549586374 0.0964167142493171 0.112123732798196 0.133102945668252 0.141951051502486 0.148338190499906 0.149937444923062 -9999 -9999 -9999 -9999 -9999 -9999 -9999 -9999 -9999 -9999 -9999 -9999 -9999 -9999 -9999 -9999 -9999 -9999 -9999 -9999 -9999 -9999 -9999 -9999 -9999 -9999 -9999 -9999 -9999 -9999 -9999 -9999 -9999 -9999 -9999 -9999 -9999 -9999 -9999 -9999 -9999
0.0460803633381637 0.0429744318362039 0.0487703838656059 0.056795556754466 0.0690406617225946 0.0757369322252931 0.07962143398111 0.0861528835458134 0.0942846398330764 0.106039849255252 0.122013192529622 0.140596401627905 0.147087852430391 0.151208404932803 0.150797913772167 -9999 -9999 -9999 -9999 -9999 -9999 -9999 -9999 -9999 -9999 -9999 -9999 -9999 -9999 -9999 -9999 -9999 -9999 -9999 -9999 -9999 -9999 -9999 -9999 -9999 -9999 -9999 -9999 -9999 -9999 -9999 -9999 -9999 -9999 -9999 -9999 -9999 -9999 -9999 -9999 -9999
0.0298863644482147 0.0321601727459674 0.040585123046287 0.0515058750128184 0.0671511985578248 0.0758957170046732 0.0811433807112678 0.0887927458929665 0.0990882048951216 0.115460949037321 0.131430169686006 0.147149720169691 0.152178400824579 0.156899869665329 0.16287443160091 0.169032858806988 0.175328946798253 -9999 -9999 -9999 -9999 -9999 -9999 -9999 -9999 -9999 -9999 -9999 -9999 -9999 -9999 -9999 -9999 -9999 -9999 -9999 -9999 -9999 -9999 -9999 -9999 -9999 -9999 -9999 -9999 -9999 -9999 -9999 -9999 -9999 -9999 -9999 -9999 -9999 -9999 -9999
0.0187689250439884 0.025250823694979 0.038187794330892 0.0511998466389937 0.064354029124861 0.0764611137875627 0.0880376010874402 0.0934361515313949 0.103453004550573 0.124527917573053 0.140018970250355 0.152055147669776 0.157187876883465 0.161383923984707 0.164218717594073 0.169032858806988 0.175328946798253 -9999 -9999 -9999 -9999 -9999 -9999 -9999 -9999 -9999 -9999 -9999 -9999 -9999 -9999 -9999 -9999 -9999 -9999 -9999 -9999 -9999 -9999 -9999 -9999 -9999 -9999 -9999 -9999 -9999 -9999 -9999 -9999 -9999 -9999 -9999 -9999 -9999 -9999 -9999
0.0203975627405077 0.0360099516974805 0.0543009704950718 0.0688115513732724 0.0761657344535454 0.0883122964312306 0.10288730735453 0.108858953581082 0.119503000299769 0.141437024448294 0.154683683690608 0.16255525111198 0.164917959170051 0.16752551690921 0.171963933108155 0.17578302159159 0.179138416527162 0.187103216690377 -9999 -9999 -9999 -9999 -9999 -9999 -9999 -9999 -9999 -9999 -9999 -9999 -9999 -9999 -9999 -9999 -9999 -9999 -9999 -9999 -9999 -9999 -9999 -9999 -9999 -9999 -9999 -9999 -9999 -9999 -9999 -9999 -9999 -9999 -9999 -9999 -9999 -9999
0.027988829803252 0.0550344133632663 0.079073381897374 0.0948051920367092 0.0948114880131327 0.105442982538004 0.121458598970651 0.129324369533379 0.141019344073375 0.162014692559086 0.17219071608548 0.175672550323778 0.173920744144608 0.174442508278619 0.182703510733097 0.18569091820505 0.184729960528478 0.189512606493385 0.193863898577748 -9999 -9999 -9999 -9999 -9999 -9999 -9999 -9999 -9999 -9999 -9999 -9999 -9999 -9999 -9999 -9999 -9999 -9999 -9999 -9999 -9999 -9999 -9999 -9999 -9999 -9999 -9999 -9999 -9999 -9999 -9999 -9999 -9999 -9999 -9999 -9999 -9999
0.0690910435209235 0.0753211470016554 0.0953569165575798 0.111607003692451 0.120690765147772 0.139677824593858 0.163683196255774 0.165234879800514 0.16782308859359 0.173809816594744 0.18176418632152 0.190935985621028 0.193821221664422 0.196024160781609 0.197489251962113 0.197861051381819 0.197414298163369 0.199965629645819 0.243327404780187 0.4407576645881 0.551234449061994 0.583333058696808 0.622708615685813 0.656833283302363 -9999 -9999 -9999 -9999 0.805771127477865 -9999 -9999 0.806596323461739 0.806596323461739 -9999 -9999 -9999 -9999 -9999 -9999 -9999 -9999 -9999 -9999 -9999 -9999 -9999 -9999 -9999 -9999 -9999 -9999 -9999 -9999 -9999 -9999 -9999
0.107581029320478 0.106004597125287 0.123710873623811 0.140076841334802 0.153905594294442 0.175796061917669 0.201771653629311 0.20368346322057 0.202701755714056 0.196007286064464 0.199756200531756 0.20996670020419 0.213612221957172 0.215436518752924 0.21323098102562 0.211906082580541 0.211240522871537 0.21141796861247 0.25193162370388 0.445723038061316 0.553906207109822 0.584923765552018 0.620408809146551 0.661831842931569 0.729700746439403 0.773484197002694 0.791176684688798 0.800564206031717 0.807609516048657 0.812823237167086 0.813875275130207 0.809502011526385 0.817833331559407 0.830001564814423 0.837529275363292 0.8442110215134 0.849559416700885 -9999 -9999 -9999 -9999 -9999 -9999 -9999 -9999 -9999 -9999 -9999 -9999 -9999 -9999 -9999 -9999 -9999 -9999 -9999
0.140402590351294 0.159050962009323 0.178042422755919 0.193659692308511 0.202889592210961 0.215940648187972 0.230928003994134 0.247569131712255 0.254942934521487 0.240594515521644 0.23586929950626 0.23709820193893 0.233151733857055 0.230160911644408 0.231023235301224 0.229980958316821 0.227512697953229 0.225008172610801 0.263166776463165 0.456263200841141 0.562325284062273 0.589936301561291 0.613161802537724 0.644759007612009 0.723860153513174 0.773484197002694 0.791176684688798 0.802408029801357 0.811227428869249 0.814130717434682 0.815356781094901 0.814396361410092 0.821006758631597 0.830001564814423 0.837529275363292 0.8442110215134 0.849559416700885 0.851130741870266 -9999 -9999 -9999 -9999 -9999 -9999 -9999 -9999 -9999 -9999 -9999 -9999 -9999 -9999 -9999 -9999 -9999 -9999
0.205355932942928 0.226495644908515 0.253454945123513 0.270731792360718 0.26967968230612 0.271288503348272 0.274245701773469 0.292310147924859 0.300377050275308 0.284430416078105 0.275035930611502 0.269695424853554 0.256095003682362 0.246138077162742 0.248557955861271 0.24615315358975 0.240136090183649 0.235857789583006 0.273019525802153 0.467242130270087 0.572268950449736 0.596896422023692 0.629396861723656 0.668725436352937 0.735847565985228 0.777490208937821 0.791531779051121 0.802334253989228 0.81164864615305 0.815873004900915 0.81951216056013 0.822388426995117 0.827059662233112 0.832513557349272 0.840500409255736 0.847715536566071 0.853714324589983 0.864547764942865 0.877219746150843 0.882935652408308 -9999 -9999 -9999 -9999 -9999 -9999 -9999 -9999 -9999 -9999 -9999 -9999 -9999 -9999 -9999 -9999
0.28874902047162 0.302203215790421 0.340965388944716 0.361283872069536 0.346688309380884 0.335361190650557 0.325690295155976 0.337542029973098 0.341904737552965 0.327835144983942 0.315954918757432 0.305429308717505 0.280991617671097 0.262834182203913 0.265944883308179 0.261233441077408 0.250665523665443 0.245134642043418 0.282078943267459 0.478472858531955 0.583087546235749 0.604974219714512 0.659107778232688 0.716243424482115 0.758066090966825 0.783795185782776 0.792090654503436 0.801160008627588 0.810235347967226 0.817864818955784 0.825202019066008 0.832158205630746 0.834765036073553 0.836467128887102 0.845176613595234 0.853231218151076 0.860253645604975 0.868515903781487 0.877219746150843 0.882935652408308 0.886695228285186 -9999 -9999 -9999 -9999 -9999 -9999 -9999 -9999 -9999 -9999 -9999 -9999 -9999 -9999 -9999
0.373725394542394 0.38554974948902 0.395357921706245 0.39529697077874 0.376553694510522 0.359302551429802 0.342807519112328 0.345209766552121 0.345339646529891 0.339338585832643 0.327408622201662 0.311810296758976 0.291468205195111 0.276037024912712 0.275999348154007 0.269280153090859 0.257558474124434 0.251180259991263 0.288072252900432 0.487298318765628 0.592911767072888 0.614144618998979 0.668689715511016 0.725846427702616 0.764651134451105 0.788583301719182 0.796404546084277 0.804504587758671 0.812576194023578 0.819893946330366 0.827502544837424 0.835490299634661 0.838740557772452 0.840965819826578 0.850300004821082 0.85886276575533 0.86620966108715 0.875089609761648 0.884532764905701 0.89097335539034 0.897675720454045 0.904881150543166 0.906215166894036 0.904528395972623 -9999 -9999 -9999 -9999 -9999 -9999 -9999 -9999 -9999 -9999 -9999 -9999
0.449361670323476 0.455632071324773 0.441369843217646 0.42433961151944 0.402069527924118 0.381014810146157 0.360575956410018 0.352395182517252 0.347095391392105 0.347992764700179 0.336957114178691 0.318538200783148 0.303478804528665 0.291054083098752 0.28569701867646 0.276351581927936 0.264020032225266 0.281106318712415 0.333939020105246 0.509091049486127 0.603152674357118 0.624120982623643 0.68059689680717 0.738815033670849 0.77208371254565 0.792940317462149 0.800351339203585 0.807815286689368 0.815239143260004 0.822255687998598 0.829873770941397 0.838276038080844 0.84295366609318 0.846784919988808 0.855668178818884 0.86424219284139 0.872328796445134 0.882075064835044 0.89245163407944 0.900406338490201 0.906948941327294 0.910777839431924 0.910981197410813 0.909319249016275 0.912966116743605 -9999 -9999 -9999 -9999 -9999 -9999 -9999 -9999 -9999 -9999 -9999
0.499719296222436 0.489108046491712 0.469231322973707 0.447458227749619 0.422095286430757 0.402008808497847 0.384596080328984 0.363214283526779 0.349341579582475 0.353184269530684 0.345257377300092 0.330048347667861 0.321498915942679 0.311399213072625 0.295398977632474 0.281727922522212 0.269800735583406 0.37555678638077 0.487237388273968 0.566006418917117 0.614642521881116 0.636117388736066 0.701386438889324 0.765792046406039 0.783842346343556 0.796339172439341 0.802820106694618 0.810442182637976 0.818274153568717 0.825505345851505 0.832879446447942 0.840439846834402 0.848293859652127 0.856076777067765 0.861634734823614 0.868929670322748 0.878962310800313 0.889823901846505 0.90103728842443 0.912530036586809 0.922019967158796 0.927660985106746 0.928540326428949 0.926969829809724 0.920351110625765 0.915615063168112 -9999 -9999 -9999 -9999 -9999 -9999 -9999 -9999 -9999 -9999
0.505999909730492 0.489847981682295 0.470990557308097 0.450361714553284 0.426379563301269 0.408075354491003 0.392648337495299 0.368764355098732 0.352019938419436 0.352322904291335 0.345145978126352 0.333341054065225 0.324959182549135 0.31490095614211 0.299224315200376 0.287694802789242 0.279270264842574 0.42586458373215 0.564231763594181 0.598169096489048 0.625084328233134 0.64566997430374 0.714030000318525 0.780282513733299 0.789936786343091 0.797774965172147 0.803645830555873 0.810503092866945 0.817631189653645 0.824920819658707 0.832459992391415 0.840324476903224 0.849724573654567 0.859205804930392 0.863054362307745 0.869744364895264 0.880912858199133 0.892842595139621 0.905127287521076 0.918952735161757 0.930558339513635 0.937897962330978 0.938842472692113 0.936496757704848 0.926047869646481 0.916562728172643 0.909792456238034 0.902243127979118 0.894204798381674 -9999 -9999 -9999 -9999 -9999 -9999 -9999
0.481581632082233 0.467787820550326 0.454570020653728 0.439185706756189 0.419700165340538 0.40374518323092 0.389579246438398 0.370644637081297 0.35499929677794 0.347245817763757 0.339175998907484 0.330910452610702 0.318278764323417 0.306671566060015 0.298956685695996 0.294072983917059 0.291308998743517 0.445427760295901 0.588081702751745 0.613091944227052 0.634796191693819 0.653520480332913 0.721000024457845 0.786076314076944 0.792086211481765 0.797843518364327 0.803327202410957 0.808776837586209 0.81442657910585 0.821665849343054 0.829654993717649 0.838621697695119 0.84843240148862 0.858042526825247 0.86130713123732 0.86786173189176 0.879601798581422 0.892566823602058 0.9060861390272 0.921404784314156 0.934546829579189 0.9435059960129 0.944090253615305 0.940365699212292 0.930568801735051 0.920691169601416 0.910941429256662 0.902243127979118 0.894204798381674 -9999 -9999 -9999 -9999 -9999 -9999 -9999
0.464094408331314 0.459808016083536 0.448266907777372 0.435835934757309 0.421720441050814 0.407715395530009 0.393766317574754 0.382968730839264 0.372833637675715 0.364109131239283 0.356252394006152 0.348932567470048 0.332295594934014 0.318117779084633 0.31304836625092 0.307359839854658 0.301207780247855 0.456450043567693 0.599777812378616 0.621621640778947 0.649970834240573 0.684183837494824 0.731671157193373 0.775100521698286 0.784840222251625 0.794086345045874 0.802797791617964 0.806827938516538 0.810227553922224 0.817847261748195 0.826880570018988 0.837756692464265 0.845861638947262 0.852978896423824 0.859109991169406 0.867596237675092 0.879794512572346 0.891881334358258 0.90398257379542 0.918531294724036 0.930996927074157 0.939459386112234 0.940758540007444 0.938372240625518 0.930117149162997 0.921389085121492 0.91184684123757 0.902837342269648 0.89416223886324 0.893579253657792 -9999 -9999 -9999 -9999 -9999 -9999
0.451391000335445 0.453939620336725 0.444048548114466 0.434164672450919 0.424294419927869 0.4123614003629 0.399383111933505 0.394754716780559 0.389058971696104 0.380506373558968 0.373090435037247 0.366377776493744 0.347042924113769 0.330886484953608 0.326619453900006 0.319538449199693 0.310350609311552 0.466219583999525 0.610361668798273 0.632007831550715 0.666430137378558 0.712368610580808 0.74091796277254 0.76412004668058 0.776291584557135 0.788367330202516 0.800339307338613 0.804110626688624 0.806562769317094 0.81477321290818 0.824384659196466 0.835822496837662 0.842636653017971 0.848190657760967 0.857239458653757 0.867375276459376 0.879224375638573 0.890087018046907 0.900606590853291 0.91383654089526 0.925336678772931 0.933512551920593 0.935736348323252 0.934897857093578 0.928302658001035 0.920915215688322 0.911949594768497 0.903617344436459 0.895682650809307 0.897632844592046 -9999 -9999 -9999 -9999 -9999 -9999
0.452690334988178 0.450392586719912 0.443447580201255 0.435517829373796 0.425723950063526 0.416422067917037 0.407369496190111 0.401035840443411 0.394557019072734 0.387620758360246 0.381040447557772 0.374680371944062 0.357052178668155 0.341307983176764 0.333374865804706 0.325491895155301 0.317646469590928 0.474677191102314 0.621381118680576 0.651008468127681 0.685388758778158 0.724053258371482 0.743977148083625 0.758995170074353 0.766558818045401 0.777250086791227 0.791329402160738 0.798832228658427 0.805080967320064 0.814453557511946 0.822834569546474 0.829922928985867 0.837612481273862 0.845713890099203 0.856648159967048 0.866741037112871 0.875507768858845 0.884627995937206 0.893932877350924 0.904751500200073 0.915068125180409 0.924420036277774 0.927912378008681 0.928390026285447 0.923548717535419 0.917618118771462 0.909380972378827 0.904827360521391 0.902585845058047 0.90088079257885 -9999 -9999 -9999 -9999 -9999 -9999
