layers/veg/veg_5900.asc
NCOLS 255 
NROWS 330 
XLLCORNER -2985163.8955 
YLLCORNER -3022031.214 
CELLSIZE 25000 
NODATA_value -9999 
[rows 200 to 224 of 330, columns 114 to 170 of 255]
0.266903150583133 0.265501134923893 0.260720896033831 0.255972273568442 0.251997108083957 0.250162993161897 0.249931539900972 0.228406020424064 0.206090925037439 0.190799196817628 0.180711512273829 0.175313637684958 0.171393608562618 0.165187929615735 0.145750215393882 0.136353948288046 0.137832895084439 0.137675302307187 0.133091100074477 0.097965039410611 0.0730258882694666 0.0613638005136443 0.0561873938799074 0.0532863671439544 0.0522200157094416 0.0543745422227873 0.061604443261394 0.0681017796433678 0.0743549284749302 0.0830382840675789 0.0889094179084946 0.0893774613293893 0.0873928298767973 0.0841466234256437 0.0834717432670801 0.0855110462654998 0.0938584863829993 0.111567025430038 0.135150041587783 0.132978830637646 0.134372804796107 0.152017958503851 0.159631745714465 -9999 -9999 -9999 -9999 -9999 -9999 -9999 -9999 -9999 -9999 -9999 -9999 -9999 -9999
0.265450297708568 0.265567885243095 0.26143661129261 0.256988288375767 0.252464121682055 0.248484475227901 0.244912423870737 0.232995175874747 0.217887987468411 0.194562556696612 0.178815571676075 0.169898173903425 0.162019901570369 0.153956894519649 0.143945473904325 0.13040752598025 0.113050234253273 0.114946272131635 0.118655440918041 0.0990917022077163 0.0788311805043069 0.057662509774506 0.048760158657528 0.0439809281569215 0.0402838913029721 0.0407422195835093 0.0477484626525451 0.0446278968459524 0.0378743848829982 0.054376724629979 0.0673954906729414 0.0737213052457647 0.0735873314820003 0.0701306558185529 0.0722915026379429 0.0771462343328207 0.0881010418837385 0.108847797939171 0.135739407049995 0.14899543415444 0.158405334643104 0.159262069370541 -9999 -9999 -9999 -9999 -9999 -9999 -9999 -9999 -9999 -9999 -9999 -9999 -9999 -9999 -9999
0.285972980035185 0.281677343676538 0.270885281764244 0.261050366901711 0.255337102447559 0.24878245429452 0.241597996915965 0.228805868853946 0.21332058044865 0.190219581944129 0.174428244990174 0.165224270795106 0.155996221963819 0.146847673637463 0.13813324976292 0.124768918770432 0.106368587095086 0.104769099648021 0.105051676757525 0.0873084558144419 0.0699761309943244 0.0531793458152758 0.0441680388025655 0.0378353278073662 0.0330057912263279 0.0290534906560782 0.0264835154560768 0.0215662780401488 0.0162109027374596 0.0324733276023086 0.0424710064359688 0.0404322982940565 0.0404453260208553 0.0415136989561033 0.0506039323779144 0.0617400631272507 0.0773118493547705 0.1031745906569 0.135495332295116 0.149705394628029 0.159377169494851 0.159394667429642 -9999 -9999 -9999 -9999 -9999 -9999 -9999 -9999 -9999 -9999 -9999 -9999 -9999 -9999 -9999
0.307933129026743 0.299977122161817 0.285006250765293 0.271444983873153 0.263439530055904 0.25372642524794 0.242735075628083 0.227525352522637 0.210414624210823 0.18805076889474 0.172566114211609 0.163280897046476 0.152961180255159 0.142581601574477 0.132881148362453 0.120293357933734 0.104578487366403 0.0979583014564589 0.0920296109932066 0.0738518247757551 0.0593620880823727 0.0496791543933809 0.0414560058322321 0.0338067096377829 0.0273876920929678 0.0189127583259891 0.00719816599728897 0.00217950767215321 0.000325262765147304 0.0137175086614747 0.0193334112358726 0.0100087117472863 0.0108620726340392 0.0169506918268086 0.0330733665652545 0.0499673559230614 0.0681657125132504 0.0909651956118502 0.116652076072723 0.139434494793413 0.156352709777636 -9999 -9999 -9999 -9999 -9999 -9999 -9999 -9999 -9999 -9999 -9999 -9999 -9999 -9999 -9999 -9999
0.317594898074282 0.314984446730474 0.314676974049513 0.310699315132967 0.2954714420377 0.280072656029712 0.264545934896128 0.248514712035524 0.230280854368111 0.203895663378011 0.185494355886259 0.174288010358821 0.16185278477247 0.148833646924942 0.133969417672232 0.121341075941214 0.111134273135689 0.0968072952682417 0.0811696238998235 0.0634892804096307 0.0529657164784198 0.0517699094716656 0.0456023180050676 0.0375293932810189 0.0259167794806092 0.0147649866645733 0.00433934340237321 0.000740739344502492 0.000110545574362789 0.00466210718316468 0.00812096536758864 0.00948042459794998 0.0161380213789035 0.0255208052382673 0.045564085979016 0.0625374359708725 0.0716636974303224 0.0909651956118501 0.116652076072723 0.139434494793413 -9999 -9999 -9999 -9999 -9999 -9999 -9999 -9999 -9999 -9999 -9999 -9999 -9999 -9999 -9999 -9999 -9999
0.318458394584081 0.317198187082989 0.321928543686453 0.322649439165309 0.310380167737069 0.295329258109113 0.278196181447798 0.259722410445526 0.239811106841088 0.215056334281126 0.194888138367421 0.178853299926061 0.165771757424327 0.15243413456241 0.134949753812711 0.120997597633424 0.110870955576765 0.0928586534300966 0.0734740989983892 0.0588290060113255 0.0507812363307473 0.0513320587470459 0.0451423535769141 0.0365251120725074 0.0251700731411519 0.0143394464695774 0.00433517480651759 0.00081012224424175 0 0 0.00167095763479869 0.0065523076162457 0.0149533500474393 0.0251648060989732 0.0499923332568717 0.0676884376916195 -9999 -9999 0.118387200309594 -9999 -9999 -9999 -9999 -9999 -9999 -9999 -9999 -9999 -9999 -9999 -9999 -9999 -9999 -9999 -9999 -9999 -9999
0.309985277873374 0.305835541046272 0.305389196931802 0.305624691018823 0.307117989234964 0.298817689390331 0.283186491148418 0.260549936386445 0.238372953245685 0.221246167600079 0.200531198386678 0.176582609306878 0.164413837343369 0.153220823389723 0.135815552667478 0.11917779975793 0.103371293608974 0.0859411967611719 0.0691366605179446 0.0602199068795371 0.0530663610157701 0.0482108841918012 0.0397942678924988 0.0305046367942632 0.0251918851481021 0.017863890248151 0.00736032817736344 0.00247993575439629 0 0 0.000274787762449474 0.00107752220119316 0.00691275210554266 0.0153365315679335 0.0458647892005555 -9999 -9999 -9999 -9999 -9999 -9999 -9999 -9999 -9999 -9999 -9999 -9999 -9999 -9999 -9999 -9999 -9999 -9999 -9999 -9999 -9999 -9999
0.316192798160908 0.313206082000869 0.309765931864992 0.306500897523476 0.303841853435049 0.296627982394211 0.286004641881775 0.266535662847767 0.247038116224821 0.231598498378112 0.212424741214281 0.189885830943982 0.17020549223973 0.151535860377782 0.135360857478578 0.118092915840806 0.0996412859928943 0.0834174797774954 0.0689128456455463 0.0632038635685748 0.0566550095470305 0.0490115121482406 0.0396539207980701 0.0302220198289562 0.0272853946221835 0.0220918846237015 0.0133420350917991 0.00624875475854655 0 0 5.71865898030646e-05 0.00022424513949983 0.0117267114427961 0.0290597373424866 0.0298688013360732 -9999 -9999 -9999 -9999 -9999 -9999 -9999 -9999 -9999 -9999 -9999 -9999 -9999 -9999 -9999 -9999 -9999 -9999 -9999 -9999 -9999 -9999
0.324345976856597 0.323444099271033 0.318149517555586 0.311371719991283 0.301119816945306 0.293343995095696 0.287421618686806 0.272767386505567 0.257153897783498 0.242000108655148 0.224643274168811 0.205301086619688 0.177146180790196 0.149826947232163 0.135251609462992 0.11815883411833 0.0983395919803217 0.0831552439263309 0.0703483656649206 0.0667127983920719 0.0606143024596834 0.0513057593728267 0.0413642115763876 0.031785216591621 0.0297699322095751 0.0260292742065978 0.0195698179554427 0.0109190053887784 0.00159548783276709 0.00186139648037422 0.00240562605217721 0.00348459052469964 0.0207070143294558 0.0462331007614931 -9999 -9999 -9999 -9999 -9999 -9999 -9999 -9999 -9999 -9999 -9999 -9999 -9999 -9999 -9999 -9999 -9999 -9999 -9999 -9999 -9999 -9999 -9999
0.320524001135921 0.321190511009331 0.318423913770359 0.313401242140109 0.302439807279565 0.292214078600581 0.282539055314425 0.271618677599287 0.259837418028032 0.245364017906886 0.22811355619761 0.208360446183999 0.179715647477029 0.152335463739456 0.139992813457728 0.125262462579083 0.107946154275586 0.0914829929393476 0.076505945210949 0.0711976557083951 0.064944969714055 0.0574614087370371 0.0472397376359199 0.0365368773936991 0.0314089104899051 0.0266098648310114 0.0223291245951139 0.0183956173237384 0.0147582931891784 0.0172179533021094 0.0212640968598434 0.0283583334411288 0.0370563357890388 0.0465792623112019 -9999 -9999 -9999 -9999 -9999 -9999 -9999 -9999 -9999 -9999 -9999 -9999 -9999 -9999 -9999 -9999 -9999 -9999 -9999 -9999 -9999 -9999 -9999
0.317003810249819 0.316840642442502 0.317301671736708 0.31523754852189 0.305626530606445 0.294373785111299 0.281892141104277 0.272692847375665 0.262617593065934 0.247659997198898 0.229320323743296 0.207932770190856 0.182141267170642 0.157712921895511 0.144542704097511 0.130605219545892 0.115836760138829 0.0999917352442928 0.0848429057547886 0.0770661625381532 0.0695708934148369 0.0624424823037556 0.0525565492711641 0.0419968521105599 0.0345463123210102 0.0289228851782585 0.0261785739574581 0.0261997396369005 0.0274591918469586 0.032257944785013 0.0384480286347332 0.0473112611133867 0.05192321122859 0.0543484420197068 -9999 -9999 -9999 -9999 -9999 -9999 -9999 -9999 -9999 -9999 -9999 -9999 -9999 -9999 -9999 -9999 -9999 -9999 -9999 -9999 -9999 -9999 -9999
0.313868897306089 0.30981452752375 0.314396391428951 0.316827183220299 0.311196445412675 0.30073323606794 0.28665272921656 0.276604887140456 0.26552116383365 0.248592588373474 0.227637343022427 0.203053320183124 0.184383242534868 0.16675305560244 0.148848351795635 0.133699934635693 0.121536665583806 0.108731545234252 0.0959622043431026 0.0847011253869897 0.0745737604975004 0.065924016812933 0.0571600701140894 0.0483611059573709 0.0395966980939982 0.0334476368070295 0.0314197696800056 0.034421982777099 0.0395703906854371 0.046893788582552 0.0534941361088101 0.0587052949874941 0.0580904977491706 0.0544790209837782 -9999 -9999 -9999 -9999 -9999 -9999 -9999 -9999 -9999 -9999 -9999 -9999 -9999 -9999 -9999 -9999 -9999 -9999 -9999 -9999 -9999 -9999 -9999
0.311706582628773 0.309474705301962 0.310754652997922 0.312143677630414 0.313145813944255 0.305852117719567 0.292348660272965 0.285666516943908 0.276858018257586 0.256737884743383 0.23668300343289 0.216686926477932 0.194216923293253 0.172408548642182 0.15638597757246 0.142344467095541 0.130448509689916 0.118539256621453 0.10640826513128 0.0926151140805667 0.0801136554574687 0.0692957184360434 0.0580291627049653 0.0469096365011888 0.0396948919396358 0.0353521313004449 0.0355349671826023 0.0400797465542713 0.0464121044187168 0.0516761428577142 0.0573453400357794 0.0637929641996594 0.0661150317759171 0.0663150492172964 -9999 -9999 -9999 -9999 -9999 -9999 -9999 -9999 -9999 -9999 -9999 -9999 -9999 -9999 -9999 -9999 -9999 -9999 -9999 -9999 -9999 -9999 -9999
0.309779243505738 0.310816178388067 0.306910678235652 0.305665185398166 0.313232815736961 0.309734935745937 0.297954080341938 0.295433219525124 0.289644265415726 0.267046502496625 0.249244361203147 0.23576396573659 0.20699936046677 0.17838034601808 0.165121545712607 0.152374595445648 0.140181995422274 0.128651112491599 0.116752510341259 0.100780835021421 0.0860585403037727 0.0729646202576249 0.0582745785183915 0.0438138379445912 0.0393545862388558 0.0375630764469416 0.0399753240058394 0.045184544636362 0.0514563872095432 0.0536841920298295 0.0581104854338917 0.066760710538292 0.0696988294316295 -9999 -9999 -9999 -9999 -9999 -9999 -9999 -9999 -9999 -9999 -9999 -9999 -9999 -9999 -9999 -9999 -9999 -9999 -9999 -9999 -9999 -9999 -9999 -9999
0.30690893796068 0.306484601872669 0.303482149860023 0.301837023910672 0.304700291730818 0.303320927805344 0.298765784960704 0.293587016748348 0.287032094091999 0.275529693171078 0.262748263196352 0.248814190476367 0.226110571934814 0.201560935400475 0.17584627693041 0.157573997234233 0.147362055870996 0.138294313702393 0.128496626761409 0.110939737221949 0.0948631511407734 0.0807159120123035 0.0655615523993409 0.0512912584240655 0.0531239742560451 0.0538526854378421 0.0528417352080567 0.053593646182142 0.0551699405617368 0.0604098188378109 0.0650451390842613 0.0685189287024128 -9999 -9999 -9999 -9999 -9999 -9999 -9999 -9999 -9999 -9999 -9999 -9999 -9999 -9999 -9999 -9999 -9999 -9999 -9999 -9999 -9999 -9999 -9999 -9999 -9999
0.303201279795055 0.302173194095666 0.300723595357147 0.299294483949213 0.298010495979419 0.298034845707351 0.299038538335801 0.293228193768181 0.287071300009298 0.282804282564573 0.272978397070708 0.258142938956393 0.240014360081919 0.219698389714238 0.191218179250293 0.169593037953632 0.155392159579181 0.146585016184258 0.138118538604576 0.121859047738954 0.106345665365762 0.0918047201899583 0.0769403619895608 0.0632445229489602 0.0664356134278737 0.0670227378685909 0.0635066013013294 0.0616447155710333 0.060624100131268 0.0657601993957995 0.0691381366125835 -9999 -9999 -9999 -9999 -9999 -9999 -9999 -9999 -9999 -9999 -9999 -9999 -9999 -9999 -9999 -9999 -9999 -9999 -9999 -9999 -9999 -9999 -9999 -9999 -9999 -9999
0.29820204424262 0.297892895657538 0.298998444324383 0.298734955266679 0.294163022668304 0.294488536647047 0.298479984538964 0.295163584795012 0.291200131735732 0.288214660817126 0.278158896217573 0.261731483770018 0.245885940483228 0.230057043253639 0.21375812638268 0.192131053848981 0.164733415393142 0.152789552418987 0.144467048807267 0.133951252640213 0.121958720745144 0.108041491882805 0.0946306374339919 0.0821015682873031 0.0790411963421764 0.0753810197130793 0.0707756866817724 0.0691435370464045 0.0687630636584616 0.0689893267157129 -9999 -9999 -9999 -9999 -9999 -9999 -9999 -9999 -9999 -9999 -9999 -9999 -9999 -9999 -9999 -9999 -9999 -9999 -9999 -9999 -9999 -9999 -9999 -9999 -9999 -9999 -9999
0.291304976229588 0.292984143629469 0.294842030192512 0.295136715607509 0.290801318686507 0.291371664261099 0.295614153574411 0.291532814962794 0.287290246808974 0.286354551194055 0.279598964409594 0.267598574690573 0.252787855921611 0.237842152298659 0.224884280047734 0.207326867687779 0.184788003754198 0.169267571426504 0.15586474937404 0.145065660886444 0.133546085136992 0.121087465507486 0.111593132118868 0.103228666993975 0.096893417667802 0.0900759498464213 0.0824986148379548 0.080286360736263 0.0803291416488289 0.0813220366217149 -9999 -9999 -9999 -9999 -9999 -9999 -9999 -9999 -9999 -9999 -9999 -9999 -9999 -9999 -9999 -9999 -9999 -9999 -9999 -9999 -9999 -9999 -9999 -9999 -9999 -9999 -9999
0.283696394347556 0.287848245236797 0.28971540819805 0.290307902257906 0.287614530043607 0.288421089291869 0.291847486702803 0.285898213658406 0.280504455265158 0.281642838675222 0.279423146688491 0.274177205037894 0.260019961939805 0.244654229219996 0.231555762973891 0.219613393639452 0.208923114871326 0.189740802301763 0.169329880406552 0.155919370139932 0.143710805574645 0.133068791613026 0.128169899452542 0.124802978561036 0.116665268407936 0.107393861056403 0.0963360035588426 0.0929706809750341 0.0928087819913432 -9999 -9999 -9999 -9999 -9999 -9999 -9999 -9999 -9999 -9999 -9999 -9999 -9999 -9999 -9999 -9999 -9999 -9999 -9999 -9999 -9999 -9999 -9999 -9999 -9999 -9999 -9999 -9999
0.278023791285261 0.283633178017069 0.285129141469624 0.285560993011604 0.283694179483697 0.285207498975069 0.289250982720667 0.288683173877303 0.286474737693547 0.280189936690352 0.276006279495862 0.273716143140988 0.264347660194578 0.253821031928128 0.244070232320517 0.234214231565373 0.22424429454497 0.204478698808828 0.183408365271861 0.171269206890086 0.160844323558033 0.152653733015591 0.141759415985463 0.130717564839834 0.129519460002202 0.126419615608528 0.120323060177468 0.107730974235927 -9999 -9999 -9999 -9999 -9999 -9999 -9999 -9999 -9999 -9999 -9999 -9999 -9999 -9999 -9999 -9999 -9999 -9999 -9999 -9999 -9999 -9999 -9999 -9999 -9999 -9999 -9999 -9999 -9999
0.273428484394045 0.279606185811991 0.280978620952071 0.281413103562697 0.280059061000566 0.282268693088269 0.287145877654312 0.292082228714789 0.293401050611839 0.280914241892996 0.273740519511855 0.271354874777486 0.265988099774459 0.259803263004772 0.252237141745403 0.243742699578327 0.234242855667401 0.217818686391884 0.200231257651287 0.187122925506281 0.17649633053704 0.169104296718543 0.156194365442873 0.142657399979633 0.144893334331934 0.143693562844169 0.137079896704308 0.135137199304414 -9999 -9999 -9999 -9999 -9999 -9999 -9999 -9999 -9999 -9999 -9999 -9999 -9999 -9999 -9999 -9999 -9999 -9999 -9999 -9999 -9999 -9999 -9999 -9999 -9999 -9999 -9999 -9999 -9999
0.270856882848206 0.275932493305454 0.277646651506958 0.278390475298706 0.276959752161939 0.279846070897973 0.285963867498415 0.296634862851604 0.302123270788229 0.285728439867612 0.275776067013255 0.271629545503425 0.265988099774459 0.259803263004772 0.252237141745403 0.243742699578327 0.234242855667401 0.228532696237513 0.222209530979156 0.203923188307 0.189365312922357 0.179666918854986 0.172217464171 0.165915690205952 0.165000443177213 0.157676732737782 0.140254734667701 -9999 -9999 -9999 -9999 -9999 -9999 -9999 -9999 -9999 -9999 -9999 -9999 -9999 -9999 -9999 -9999 -9999 -9999 -9999 -9999 -9999 -9999 -9999 -9999 -9999 -9999 -9999 -9999 -9999 -9999
0.267828199457235 0.272131982778447 0.273712491179286 0.274533784319214 0.273672426742492 0.277652679712244 0.285257071101311 0.297435501215441 0.304564398851937 0.290306995441551 0.279837591872912 0.27278187974752 0.269389618591511 -9999 -9999 -9999 -9999 -9999 0.229562803674643 0.209544053599129 0.19367088940605 0.183200856202565 0.177578313616131 0.173697218259298 0.17172768021952 0.17052278159499 -9999 -9999 -9999 -9999 -9999 -9999 -9999 -9999 -9999 -9999 -9999 -9999 -9999 -9999 -9999 -9999 -9999 -9999 -9999 -9999 -9999 -9999 -9999 -9999 -9999 -9999 -9999 -9999 -9999 -9999 -9999
0.264569700865849 0.268267709690969 0.269475556589548 0.270257736736163 0.270290568869694 0.275574543091571 0.284789206410598 0.296349681673086 0.303847470086044 0.294767072878337 0.28491775354255 0.274375492549209 0.269912609853163 0.267114389737454 -9999 -9999 -9999 -9999 0.229562803674643 0.209544053599129 0.19367088940605 0.183200856202565 0.177578313616131 0.173697218259298 0.17172768021952 -9999 -9999 -9999 -9999 -9999 -9999 -9999 -9999 -9999 -9999 -9999 -9999 -9999 -9999 -9999 -9999 -9999 -9999 -9999 -9999 -9999 -9999 -9999 -9999 -9999 -9999 -9999 -9999 -9999 -9999 -9999 -9999
0.262547202883322 0.262362814519689 0.265822657410455 0.268239192077979 0.266855429656178 0.272885517156397 0.284465166745414 0.295848024913014 0.304110357571187 0.3005805218387 0.294142955426456 0.285084983587748 0.274812387974301 0.266347203889684 0.268389406689914 0.269451210591831 -9999 -9999 -9999 -9999 -9999 -9999 -9999 -9999 -9999 -9999 -9999 -9999 -9999 -9999 -9999 -9999 -9999 -9999 -9999 -9999 -9999 -9999 -9999 -9999 -9999 -9999 -9999 -9999 -9999 -9999 -9999 -9999 -9999 -9999 -9999 -9999 -9999 -9999 -9999 -9999 -9999
