layers/veg/veg_4000.asc
NCOLS 255 
NROWS 330 
XLLCORNER -2985163.8955 
YLLCORNER -3022031.214 
CELLSIZE 25000 
NODATA_value -9999 
[rows 150 to 174 of 330, columns 57 to 113 of 255]
-9999 -9999 -9999 -9999 -9999 -9999 -9999 -9999 -9999 -9999 -9999 -9999 -9999 -9999 -9999 -9999 -9999 -9999 -9999 -9999 0.429094592791296 0.429720287126184 0.364097222820152 0.289853743665559 0.203094083641705 0.121316510478328 0.0432167402802046 0.0585154420507968 0.0821704654646275 0.0953938810030358 0.0975466247454198 0.089857825223618 0.0819492140950794 0.0698486931639859 0.0368021462324643 0.014060622098585 0.00232880300684004 0.0176937044416476 0.041865368544148 0.0814760562287706 0.109480751713391 0.122566571904691 0.128911853431753 0.135772146931354 0.176557674467586 0.214109193176418 0.246636970320019 0.271085976293622 0.292114614226381 0.309099743265646 0.32534612557846 0.340194387926671 0.348664178985321 0.353902578725102 0.361067131932824 0.367054414854277 0.370208535935434
-9999 -9999 -9999 -9999 -9999 -9999 -9999 -9999 -9999 -9999 -9999 -9999 -9999 -9999 -9999 -9999 -9999 -9999 -9999 -9999 -9999 0.434635062509821 0.383233256411911 0.324371351113164 0.25357077942033 0.159269124387041 0.0476188448883965 0.0556056323574029 0.075791755110517 0.0881956294614023 0.0889309690220685 0.0792932804518819 0.0719422746193456 0.0603784598784013 0.0254865686336631 0.00531842314160191 0.000880868550265397 0.0204856791632867 0.0460297887057522 0.0714621754690116 0.0926793756316756 0.108478181386635 0.129457705963942 0.152491463954917 0.180286807587291 0.210084004286922 0.242990899505699 0.259242871241786 0.269476814306383 0.307660904617824 0.337369287829988 0.351036915956114 0.362190390652611 0.372070172453428 0.379039729330933 0.383729503023488 0.383220845580069
-9999 -9999 -9999 -9999 -9999 -9999 -9999 -9999 -9999 -9999 -9999 -9999 -9999 -9999 -9999 -9999 -9999 -9999 -9999 -9999 -9999 -9999 0.381119767715531 0.327233556424057 0.282268592286357 0.180486105902486 0.0367606230098493 0.0453754573150893 0.0687151687659703 0.0791260210581658 0.0776862102959313 0.0657114640475462 0.0698342829417398 0.0713641633912333 0.045192941102129 0.022570067585019 0.00373818746340282 0.0173305756957906 0.0406546743601771 0.0765116910526243 0.102000054895237 0.114160076260903 0.15131785766218 0.194035497999271 0.204953164965682 0.226207422363235 0.263518642423266 0.281666025512953 0.293032491667958 0.34160493898424 0.373030852227559 0.372005979900154 0.377692030112843 0.386777894458608 0.392165613696856 0.3950543671057 0.392266939739539
-9999 -9999 -9999 -9999 -9999 -9999 -9999 -9999 -9999 -9999 -9999 -9999 -9999 -9999 -9999 -9999 -9999 -9999 -9999 -9999 -9999 -9999 0.357020746979369 0.344805212882848 0.307357018688378 0.197728669915019 0.0348165479002369 0.0392826405684124 0.0614705460744225 0.0752121880629841 0.0776377528376117 0.070003615226175 0.0754653314025313 0.0782011379813282 0.0552915101579949 0.0348775102459588 0.0171297952842663 0.0263378181859347 0.0448090637049021 0.0823390639572358 0.103581306861122 0.103886518574405 0.136239769509695 0.178076844350137 0.208796018040628 0.241363972860875 0.276803842725966 0.301010423737382 0.321258767669367 0.363897057300188 0.390200767485898 0.385590362159655 0.390306228996127 0.399746869769159 0.403767798285324 0.405906779459289 0.403885348314372
-9999 -9999 -9999 -9999 -9999 -9999 -9999 -9999 -9999 -9999 -9999 -9999 -9999 -9999 -9999 -9999 -9999 -9999 -9999 -9999 -9999 -9999 0.372224437531451 0.371153228987046 0.330291913093258 0.212599907014275 0.0381910776243129 0.0356583689781336 0.0541256648892061 0.0743745364138684 0.0842695423604132 0.0849602273844278 0.0857138600726044 0.0825627831569435 0.0596576057650877 0.0442350064699995 0.0368066619589952 0.0426016959633421 0.0546492091521081 0.0886305436142515 0.100544847620046 0.0840931774119262 0.099122566890006 0.127809346495915 0.200214575945946 0.255943644077665 0.285767796906282 0.318517889362832 0.352271745432141 0.379237087139904 0.39633768350784 0.394768691353088 0.4011976432083 0.411678425928521 0.414460870963081 0.416477304593307 0.417038522272582
-9999 -9999 -9999 -9999 -9999 -9999 -9999 -9999 -9999 -9999 -9999 -9999 -9999 -9999 -9999 -9999 -9999 -9999 -9999 -9999 -9999 -9999 0.390635398856585 0.38577116748703 0.365393406922872 0.262127513769299 0.097673161169131 0.0662279873079157 0.0582490171969677 0.0785697415110958 0.0883898387257578 0.0888751477898405 0.0905904160755765 0.089954379262572 0.0763402526088668 0.0644890519195557 0.0545213303122647 0.0500110201774385 0.0523891919361804 0.0955547801493292 0.115416206970832 0.105321394668092 0.118028063949985 0.144145614099062 0.246217027491389 0.31201745627094 0.321474175822737 0.335853526217201 0.352646703849205 0.383481738977467 0.405588647736826 0.411177083665109 0.41588971664157 0.420158659911348 0.425450120695784 0.429005073323656 0.428459902233265
-9999 -9999 -9999 -9999 -9999 -9999 -9999 -9999 -9999 -9999 -9999 -9999 -9999 -9999 -9999 -9999 -9999 -9999 -9999 -9999 -9999 -9999 0.38822131934119 0.391817412495377 0.388707090400853 0.301827686204453 0.153109500955292 0.0927283472226388 0.0568912730776283 0.0732781793752713 0.0813697556404626 0.082086996281831 0.0883243536426283 0.0933726697369672 0.0874091094730012 0.0781595514414631 0.0653992912115409 0.053275230511939 0.048761592907006 0.0991495305968169 0.126970733684872 0.125783619905288 0.143159395159933 0.173270864192861 0.288095343337438 0.357395528360662 0.355977820882319 0.352683456704756 0.349743833407466 0.386224180288447 0.414057481499038 0.42552575968655 0.428981694136818 0.428378502689835 0.435577717387027 0.440116838797015 0.438104674540664
-9999 -9999 -9999 -9999 -9999 -9999 -9999 -9999 -9999 -9999 -9999 -9999 -9999 -9999 -9999 -9999 -9999 -9999 -9999 -9999 -9999 -9999 0.378612909124562 0.375708498471247 0.376863702658223 0.308155508046746 0.187873781608272 0.10212186520425 0.0382232469653318 0.0404809697488655 0.0434451426333675 0.0470373315372011 0.0668673111989912 0.0851180823679215 0.0806540466765356 0.0715150124634384 0.0573812920854322 0.0463529203597638 0.0432942207030542 0.0932787155379349 0.126232607689666 0.137294581147885 0.176510840363359 0.227314850093413 0.309333691117813 0.36582695285813 0.382668525172136 0.368120088741652 0.342702530516138 0.386581841897458 0.419811357171792 0.432885530942761 0.436945259051679 0.43643818735318 0.443233732878468 0.446923234183719 0.443041565424789
-9999 -9999 -9999 -9999 -9999 -9999 -9999 -9999 -9999 -9999 -9999 -9999 -9999 -9999 -9999 -9999 -9999 -9999 -9999 -9999 -9999 -9999 0.382693517925178 0.378891346619585 0.373439466756966 0.319281312134717 0.229167926952659 0.117447208881052 0.0288191883657311 0.0359823968614055 0.0382213129028705 0.0360826592605326 0.0551723511181928 0.0739077377749169 0.0715743449568902 0.0621693953989446 0.0452093190427314 0.0350811066246891 0.0329720715973356 0.0774721415764411 0.110022190246435 0.127211132809265 0.167415230712746 0.21708838236554 0.292234129781042 0.351229834757919 0.385137902746382 0.381175518183052 0.363151137321397 0.395405402852645 0.420688984209539 0.43278015149251 0.437685284136247 0.438949906554856 0.440756743629854 0.440809107229349 0.436740218066577
-9999 -9999 -9999 -9999 -9999 -9999 -9999 -9999 -9999 -9999 -9999 -9999 -9999 -9999 -9999 -9999 -9999 -9999 -9999 -9999 -9999 -9999 0.394337955219575 0.396021509776875 0.37610200311581 0.333875900939688 0.275182951551242 0.137061069117896 0.0261126762099008 0.0519428156095198 0.0566390832149617 0.0425478808787108 0.05053505827591 0.0605604770866383 0.0608140050947151 0.050870986951322 0.0300341583059397 0.0206647436223707 0.0191400770901551 0.0544823379012043 0.0826258105874809 0.101515630467022 0.127631784463332 0.16039647231518 0.247417510227342 0.319983831245608 0.370096050884109 0.392509415791195 0.40347405248057 0.410349532989622 0.418041242482815 0.42727771149582 0.433202925459699 0.43745062762889 0.43095392235857 0.425353863918675 0.422313990901624
-9999 -9999 -9999 -9999 -9999 -9999 -9999 -9999 -9999 -9999 -9999 -9999 -9999 -9999 -9999 -9999 -9999 -9999 -9999 -9999 -9999 -9999 0.368464707993501 0.365884306948755 0.359783989164499 0.326158396124936 0.272213498788116 0.148673928485749 0.044442144074356 0.043258583974061 0.0352539863297278 0.0211856612682024 0.0373964720953689 0.053381239897345 0.0407234800502533 0.0276100595034891 0.0140098190824559 0.0165383089156152 0.025296147317641 0.0505168004237058 0.0674991903902889 0.073891738636019 0.126036972418417 0.193573098854455 0.268539956945212 0.324458792160988 0.350788238676973 0.373539935147027 0.394694924561492 0.411180693887534 0.424808724074855 0.433028321303473 0.437520299342154 0.440123831741809 0.437980694201854 0.435160991576978 0.430966970006169
-9999 -9999 -9999 -9999 -9999 -9999 -9999 -9999 -9999 -9999 -9999 -9999 -9999 -9999 -9999 -9999 -9999 -9999 -9999 -9999 -9999 -9999 0.320073396353893 0.332152228293053 0.343934841989659 0.316830456293289 0.261019481233357 0.157924941673722 0.0660545082474525 0.0371299469773642 0.0161156844063759 0.00213347447990589 0.0242040536072061 0.0443166729841576 0.0218061212552847 0.00725294043770031 0.00120127469334717 0.0140838894048046 0.0315916264092276 0.0486260914908262 0.0566531311635747 0.0531016126163305 0.124678264401583 0.2183677998765 0.284491111241569 0.327225643880563 0.333627814390351 0.35584520132287 0.384485528443355 0.411459367519672 0.431379094216691 0.437948514243084 0.441282310631752 0.442976910783668 0.445498171213516 0.44587596402857 0.441211635509053
-9999 -9999 -9999 -9999 -9999 -9999 -9999 -9999 -9999 -9999 -9999 -9999 -9999 -9999 -9999 -9999 -9999 -9999 -9999 -9999 -9999 -9999 0.301753548341273 0.304752824200559 0.337551635773798 0.310804892167128 0.240101303659644 0.16190075019019 0.0909411715705496 0.0503395622845715 0.0214019372127535 0.00283329492639437 0.0142962891770283 0.0259026102546424 0.0109544552809025 0.00230389864100601 0.000381585255973093 0.0134706175491809 0.0302107742362676 0.0464598161309596 0.056280914568031 0.0578392393288691 0.108543879953229 0.17603697478557 0.254733535193903 0.309188701011871 0.325987042713912 0.355168089057576 0.389195685643254 0.415514372241903 0.43338231888829 0.435256762186544 0.439432211337695 0.444773370891885 0.447903765721079 0.449537628259617 0.447772079987311
-9999 -9999 -9999 -9999 -9999 -9999 -9999 -9999 -9999 -9999 -9999 -9999 -9999 -9999 -9999 -9999 -9999 -9999 -9999 -9999 -9999 -9999 0.276286482861278 0.288472634830335 0.332103076357997 0.306266333996259 0.229148547756491 0.175811641797142 0.128032143012352 0.0903938056147181 0.0498050471119709 0.00659343992501249 0.00660673208000423 0.0118233796014994 0.00402704426367652 0 0 0.0114274618587095 0.0255780316193066 0.0389397911585442 0.045197542521689 0.0423234755761998 0.0867698377871535 0.149678809372941 0.252295840236671 0.321009641833335 0.337057828969878 0.364720084313249 0.396817995854767 0.417820793717404 0.432637399426671 0.435746286583952 0.440365209961456 0.445749131363047 0.449264950154053 0.451690490961774 0.451650604730624
-9999 -9999 -9999 -9999 -9999 -9999 -9999 -9999 -9999 -9999 -9999 -9999 -9999 -9999 -9999 -9999 -9999 -9999 -9999 -9999 -9999 -9999 0.272321708845401 0.281877193006799 0.327468586867994 0.303022946180235 0.226875594832803 0.198375911721721 0.175752969714971 0.153829506348167 0.098342755596521 0.0130191032573082 0.000849215919718321 0.00151975319429931 0.00051762808854847 0 0 0.0081388887257765 0.0181129183011521 0.0267566928737778 0.0247848393071529 0.00916716988605084 0.060083698624113 0.137232703444485 0.273653544322904 0.358836561767549 0.364426233295727 0.383181550825924 0.406976768167182 0.418604213098608 0.429498868292204 0.439006677459098 0.443722264726322 0.446010068980703 0.449716461722508 0.452529199537913 0.453193198725033
-9999 -9999 -9999 -9999 -9999 -9999 -9999 -9999 -9999 -9999 -9999 -9999 -9999 -9999 -9999 -9999 -9999 -9999 -9999 -9999 -9999 -9999 0.298152998812122 0.303265842737097 0.322460946969695 0.298326511218445 0.242205979058503 0.20815240850076 0.175726635424921 0.139543250272609 0.0839542955861214 0.0111142873361681 0 0 0 0 0 0.00692230202722756 0.0145257831975139 0.0145179147441452 0.0107379243222511 0.0021090751151847 0.079885329959702 0.18633084488338 0.301815033707635 0.372829842026824 0.37476547117663 0.390874521995635 0.412431143072631 0.421657208069744 0.431213000722522 0.441392821613615 0.445732223206013 0.447112815490725 0.448513643478802 0.449118846118283 0.447864913667522
-9999 -9999 -9999 -9999 -9999 -9999 -9999 -9999 -9999 -9999 -9999 -9999 -9999 -9999 -9999 -9999 -9999 -9999 -9999 -9999 -9999 -9999 0.327241423501395 0.325118233204334 0.318041340297505 0.294714011114395 0.259390523615038 0.211486389628622 0.163763531341328 0.122322023108101 0.0729809861471714 0.0166174707700462 0.0039779810569923 0 0 0 0 0.00606821253740591 0.0118294542352678 0.00425835459486723 0.000544836834784621 0.00179003195460729 0.100401695576056 0.228038656733933 0.324567344007497 0.383335563188363 0.383446294649156 0.397763793948379 0.417538461950586 0.424840549715 0.433486908321689 0.444677375531666 0.448016462062539 0.447377968039098 0.44701431642181 0.445797340415156 0.442575425565614
-9999 -9999 -9999 -9999 -9999 -9999 -9999 -9999 -9999 -9999 -9999 -9999 -9999 -9999 -9999 -9999 -9999 -9999 -9999 -9999 -9999 -9999 0.327811913364318 0.325675951779539 0.316795991104157 0.297596662940147 0.270779522920969 0.194245290516968 0.133921444477019 0.156232729901421 0.131575412783827 0.0651642127499861 0.0273050977069153 0 0 0 0 0.00523362692165844 0.0102025019348927 0.00367268600305031 0.00373979232052169 0.0122868854121713 0.085272252795498 0.182006197834565 0.315283282872235 0.396935063999725 0.398391583174356 0.409806176474277 0.424916719525537 0.42674791784905 0.43439978064144 0.453067580168031 0.452768481308188 0.442860579961121 0.445464973219328 0.44648384229533 0.443256915498247
-9999 -9999 -9999 -9999 -9999 -9999 -9999 -9999 -9999 -9999 -9999 -9999 -9999 -9999 -9999 -9999 -9999 -9999 -9999 -9999 -9999 -9999 0.387373272109273 0.327622440836607 0.321044978931868 0.300863370667175 0.270639109348938 0.193189642460631 0.136466054460418 0.17811584522896 0.1627084589733 0.0965787058584189 0.0429135824110773 0 0 0 0 0.0040810792197783 0.00795571011451548 0.00286388822745311 0.00634580467244733 0.0208487980550496 0.0796857029573239 0.158756239304672 0.311983963792098 0.406122634261101 0.408471778923177 0.418158259106551 0.430462177211675 0.429265407205063 0.4337002230044 0.44879313347373 0.448490098801596 0.440387338894771 0.4450487205196 0.446856462396602 0.441445683250637
-9999 -9999 -9999 -9999 -9999 -9999 -9999 -9999 -9999 -9999 -9999 -9999 -9999 -9999 -9999 -9999 -9999 -9999 -9999 -9999 -9999 0.460794653422822 0.388323805000616 0.331022752569764 0.331045667170553 0.304532124078101 0.258429227061338 0.209077597450456 0.172914405123551 0.187407977784307 0.165093790452413 0.110058448605257 0.0504418823059655 0 0 0 0 0.00259567558742397 0.0050600445158699 0.00182150954607413 0.00833528686763158 0.0273851342113776 0.0840890501801086 0.159355949303641 0.314949721500316 0.410691612204556 0.413458993296066 0.422647182392498 0.434088983778795 0.432421596820937 0.431312706654672 0.431260803256043 0.4347583163178 0.440053995901983 0.445818634064386 0.44690049800264 0.43702496579424
-9999 -9999 -9999 -9999 -9999 -9999 -9999 -9999 -9999 -9999 -9999 -9999 -9999 -9999 -9999 -9999 -9999 -9999 -9999 -9999 -9999 0.460794653422822 0.388558923060094 0.33238820766237 0.336081908591036 0.305942265447657 0.250826668123362 0.19455801595343 0.152763372538796 0.165488612793029 0.142609467082651 0.0880789355014227 0.0395743529240814 0 0 0 0 0.00276981776180127 0.00595648435846445 0.00716053097861928 0.015154203936639 0.0318755743527718 0.129963850645028 0.252099919073361 0.345621942082469 0.40376771464273 0.40695966694866 0.420522328010224 0.437793054214105 0.436281450444721 0.433774831341207 0.429385089438063 0.434459357116794 0.444328177755986 0.448763361053085 0.449171772008871 0.440410935033955
-9999 -9999 -9999 -9999 -9999 -9999 -9999 -9999 -9999 -9999 -9999 -9999 -9999 -9999 -9999 -9999 -9999 -9999 -9999 -9999 -9999 -9999 0.327677942198162 0.331980945726695 0.337943860663723 0.30425747505745 0.241301765332161 0.172360234407429 0.120731624112632 0.136368700142725 0.113878484410959 0.0574940842670674 0.0242627001045196 7.56789020441119e-06 2.57762415341405e-06 0 0 0.00302831110586201 0.00697882207567684 0.0121977844491297 0.0249118361295908 0.0472604197618764 0.186903077654719 0.352787499216462 0.371397402569568 0.385986186358008 0.394328522912102 0.415309544876545 0.44070741702386 0.439628784495609 0.436966531818641 0.431307188437927 0.437459096577082 0.449594691699161 0.451763549690919 0.451225898486023 0.444799197141629
-9999 -9999 -9999 -9999 -9999 -9999 -9999 -9999 -9999 -9999 -9999 -9999 -9999 -9999 -9999 -9999 -9999 -9999 -9999 -9999 -9999 -9999 0.322790079566048 0.322548312949825 0.325869538320525 0.284635809540061 0.210511377108112 0.147446485095838 0.100582793556922 0.109242583357504 0.0831591982031777 0.0261900216755842 0.00871997964780919 6.82994658575564e-05 2.32628048378792e-05 0 0 0.00108379609691416 0.00249763642580704 0.00436544024534888 0.0471782896258904 0.142623780669219 0.251708599055822 0.354057707123652 0.316101030403282 0.311291047585812 0.357971469648845 0.399545521594199 0.437944007442415 0.438190370518342 0.437114028705771 0.433534393077239 0.441003776497084 0.454070693027 0.451489796307409 0.448002718436271 0.443077812232005
-9999 -9999 -9999 -9999 -9999 -9999 -9999 -9999 -9999 -9999 -9999 -9999 -9999 -9999 -9999 -9999 -9999 -9999 -9999 -9999 -9999 -9999 0.292464942245572 0.300426872706276 0.304458162329099 0.261146594062437 0.182886276806506 0.125844095448515 0.0813674760583993 0.0743229693920028 0.048658606278983 0.00644166838380918 9.71978226923342e-05 0.000173944809659962 5.92456194038311e-05 0 0 0 8.37505732011757e-05 0.00078445079916181 0.0595719138999159 0.193026769205318 0.283769042606943 0.350608778484736 0.290513891246423 0.279966137734802 0.346385395887431 0.394668691744679 0.434444357036796 0.436020955054561 0.436538239766391 0.435050714130148 0.443125126550438 0.456043703383293 0.452435367058436 0.448105150155287 0.442805682547365
-9999 -9999 -9999 -9999 -9999 -9999 -9999 -9999 -9999 -9999 -9999 -9999 -9999 -9999 -9999 -9999 -9999 -9999 -9999 -9999 -9999 -9999 0.270481303600306 0.262327998001123 0.271289797895631 0.232787454742175 0.15924682925168 0.108411288494724 0.0633276152550338 0.0295899753471184 0.00939668714402141 0.00124398019419503 0.000187832625178477 0.000336144466301692 0.000114490838525997 0 0 0 0.00027295780952515 0.00255666276223714 0.0595339142988269 0.186816762011335 0.274597689028021 0.34121762910689 0.302335888019726 0.303251954068482 0.365990330625416 0.403500748250364 0.43001765028273 0.432931080487526 0.435051707093179 0.435671908045112 0.443454254622229 0.454865009033617 0.454916280787765 0.452395110467494 0.444358419418242
