layers/veg/veg_1900.asc
NCOLS 255 
NROWS 330 
XLLCORNER -2985163.8955 
YLLCORNER -3022031.214 
CELLSIZE 25000 
NODATA_value -9999 
[rows 125 to 149 of 330, columns 168 to 223 of 255]
0.567064699906668 0.530945635713624 0.440911337341193 0.427101586852112 0.432914840282136 0.466129474879316 0.476330480833868 0.461259555435835 0.366506612931515 0.26721151814811 0.294317386433216 0.307580344993611 0.302545491410748 0.311164765701759 0.324285768826313 0.336278938379807 0.347906428787599 0.358949236090878 0.3828329589574 0.411567630885591 0.41308626082076 0.405738213096738 0.381090682241879 0.377648163544758 0.385281661919984 0.284332974991592 0.214126045095791 0.22486211236152 0.283815521317721 0.373470979050061 0.430274167914939 0.475348506896873 0.492324788577542 0.510822185210955 0.530490461347091 0.545648365251602 0.557246754155612 0.557077258344682 0.571399874387812 0.599146364962206 0.626032655191402 0.650685677539396 0.664092070812498 0.666707144886739 0.657309268427595 -9999 -9999 -9999 -9999 -9999 -9999 -9999 -9999 -9999 -9999 -9999
0.550295639442416 0.524791998361912 0.469018474154828 0.40633056487098 0.367158664279927 0.459713083414877 0.4984404757812 0.478058852940294 0.3867209110736 0.291325445960196 0.308388678333376 0.316671413188265 0.313347925268527 0.322454581378603 0.335600127178156 0.346889940202411 0.352270113318336 0.348201383895637 0.372583211037897 0.408416352901211 0.417012315195391 0.410689214852138 0.375258022126996 0.35457130104414 0.341586061970249 0.276246915924774 0.242784627932778 0.289513057707411 0.313212225685992 0.322247675297857 0.417116922198176 0.496092173565897 0.506622555715554 0.510508895097943 0.509280977022415 0.534777809449272 0.559735896252879 0.568497444210258 0.590149517802968 0.623741935253996 0.641968717290434 0.656678947872383 0.668516393507455 -9999 -9999 -9999 -9999 -9999 -9999 -9999 -9999 -9999 -9999 -9999 -9999 -9999
0.526708645178415 0.513369682493771 0.488516799267201 0.394206087066515 0.324030383570494 0.451808158166704 0.505542108309561 0.477966392874431 0.396160036414236 0.312044665245741 0.320117467635955 0.323939080543668 0.322141393168191 0.330680817832449 0.342508101601043 0.351800207893184 0.351372829959949 0.335405002761471 0.361289610565036 0.404295538434647 0.420195030709255 0.416988990841846 0.37650677564693 0.338221508886632 0.301083774520463 0.281535876587248 0.290758570407741 0.368330773367735 0.358132177073215 0.292046149714339 0.412506619346427 0.515158510222504 0.520066170625164 0.51201812674726 0.493997418700805 0.528330939802933 0.564785606633129 0.582129880529146 0.609722152342066 0.6468070253451 0.654315943643894 0.655799410468105 -9999 -9999 -9999 -9999 -9999 -9999 -9999 -9999 -9999 -9999 -9999 -9999 -9999 -9999
0.482768461006203 0.457582814044363 0.389080861484882 0.398909436945865 0.425077532926316 0.459106555908804 0.461045732042984 0.427746119055343 0.365076230719118 0.303765321870186 0.312932869623551 0.31846683797225 0.319197874374098 0.332176555846253 0.348802189297037 0.358948727899172 0.364652123280165 0.363251392536226 0.385223255902671 0.416767766817291 0.433701247711914 0.440534211172386 0.427660387301565 0.380803930398014 0.316197319859371 0.363718977012491 0.413109051264337 0.460045189783865 0.452565395779255 0.410436644449706 0.487337813206623 0.554462973181381 0.564058240795853 0.56374911605402 0.555816077040605 0.575532896622203 0.596989112736758 0.610812147429239 0.628381136264992 0.649419958823085 0.654315943643894 -9999 -9999 -9999 -9999 -9999 -9999 -9999 -9999 -9999 -9999 -9999 -9999 -9999 -9999 -9999
0.43690580259157 0.410893135476418 0.325983377965582 0.393937763689834 0.470812966834027 0.441178315674863 0.413017681604289 0.386475708339181 0.34508611333976 0.305893640078214 0.314223207865088 0.320101750893245 0.322740484409862 0.338794763162283 0.358957326924805 0.373610787368514 0.385812415761672 0.394093818481847 0.408515315748069 0.425376480786571 0.434868903752615 0.443619840905573 0.450924089478177 0.4153917478448 0.357484563843343 0.428087018416772 0.488766685719529 0.517515320151246 0.520211962640868 0.506320184880025 0.548963950909164 0.586995664412383 0.597797709029872 0.606239279018114 0.612863871693037 0.61740291300048 0.62330902094127 0.635742743808294 0.644038253010548 0.648500583061356 -9999 -9999 -9999 -9999 -9999 -9999 -9999 -9999 -9999 -9999 -9999 -9999 -9999 -9999 -9999 -9999
0.389048738506174 0.373641027871574 0.30058399081069 0.378929065968053 0.459167138348154 0.397079555845138 0.361325815630003 0.354490029418717 0.336604766480389 0.318819033650709 0.324305581157728 0.329109741124863 0.333011908717419 0.350727102443898 0.373117979793872 0.396067513409998 0.415148583410563 0.428044380493548 0.43114178449437 0.42997712282175 0.423236338386669 0.425480362593912 0.445254351407522 0.441685834572029 0.425924823379183 0.473973431327755 0.515984411024266 0.539459877910278 0.56006962645223 0.578854649256647 0.596890951165583 0.612503210839279 0.620900963268738 0.639142860246199 0.664962295694586 0.653741488687884 0.64352519014343 0.656781296904332 0.658856755579293 0.650575710068025 -9999 -9999 -9999 -9999 -9999 -9999 -9999 -9999 -9999 -9999 -9999 -9999 -9999 -9999 -9999 -9999
0.358217597364041 0.329482226133758 0.258211759583273 0.34074878877129 0.42539056327432 0.366409396006737 0.337334740486615 0.341101290654376 0.331974834258522 0.322352588456811 0.335066222856905 0.343229497488097 0.345378023060642 0.35605605422635 0.370329217441941 0.394844608818515 0.41939834290919 0.444013383031066 0.44806045515753 0.443392073306366 0.437881376520054 0.43843056446629 0.450802994187519 0.449859175069826 0.441959877766957 0.464594481849065 0.488049127598676 0.511586779756791 0.54729744967501 0.590759201920057 0.58774053842605 0.585329763752108 0.595600635557108 0.616446757501254 0.645433187054486 0.675307443079182 0.699699940187036 0.701849145133643 0.703319615713369 0.704161382549096 -9999 -9999 -9999 -9999 -9999 -9999 -9999 -9999 -9999 -9999 -9999 -9999 -9999 -9999 -9999 -9999
0.326771622131138 0.284646251315323 0.221121014191561 0.30415579096092 0.390389262935184 0.34609768832522 0.328588465369304 0.340489717526738 0.335922496220996 0.33039957904992 0.350867510291677 0.363506730301948 0.365797816120326 0.369422684034171 0.374630885382145 0.395717379902688 0.421977678362408 0.456510353808467 0.463633644715208 0.459164987220059 0.454630492599767 0.452221554184885 0.453959718566846 0.449527621903805 0.441872611895235 0.445580576138831 0.455213356277997 0.478440833874081 0.521753162472107 0.577854376842428 0.560244161231383 0.546139748590303 0.55989446642298 0.584718525121517 0.618063218177851 0.694431363170833 0.757969350100672 0.747910482394744 0.746078123725319 0.751865884624967 -9999 -9999 -9999 -9999 -9999 -9999 -9999 -9999 -9999 -9999 -9999 -9999 -9999 -9999 -9999 -9999
0.263403182195544 0.246383159732878 0.247982032329431 0.316172956458072 0.382953246767848 0.375231775571236 0.379703046670128 0.397563520796351 0.392636667123251 0.38478279841317 0.400255084062476 0.417845507698029 0.438235724999552 0.448843995372436 0.455295262824085 0.449525370011907 0.453862156331995 0.474358476496997 0.479230558169282 0.476829547700475 0.443121469520581 0.421234082961195 0.422409659006729 0.420137731847769 0.416065069840562 0.450143859739048 0.478354377560443 0.490031625294347 0.493909899559978 0.492822233036841 0.49932346498744 0.509933552301469 0.531300198482341 0.581259845336373 0.653228978290852 0.720775753691287 0.77217052192151 0.76172735376996 0.755502721394484 0.753185669607258 -9999 -9999 -9999 -9999 -9999 -9999 -9999 -9999 -9999 -9999 -9999 -9999 -9999 -9999 -9999 -9999
0.230167577191008 0.227217317099778 0.263451286994155 0.315704511052991 0.365871241766361 0.388846182043171 0.410159738656567 0.429648881808529 0.427603448972179 0.422273467010856 0.43490421695829 0.45415294255203 0.48214942981965 0.497574920031201 0.507570961591217 0.500642292416689 0.501129583315918 0.513474226787248 0.522472729442349 0.528733747779718 0.472836483835406 0.432740784786619 0.423474999247496 0.412399671843579 0.400379166175273 0.445940287611177 0.481813358874069 0.490726889336821 0.476899718860312 0.448592569086671 0.468813130843971 0.494731697999194 0.526713211726986 0.594013491126807 0.688500419840884 0.74359521530467 0.783243892588005 0.782251771332863 0.786583910839477 0.795847851118627 -9999 -9999 -9999 -9999 -9999 -9999 -9999 -9999 -9999 -9999 -9999 -9999 -9999 -9999 -9999 -9999
0.234528662489501 0.231879081660996 0.264707056459588 0.299657788747995 0.336753951810975 0.383096707453132 0.414841614942982 0.430556203089049 0.435436048026555 0.438687326837837 0.451164220573897 0.467962699943772 0.490473530521676 0.508013497955603 0.524426151047125 0.548401573919124 0.56759029136226 0.579125562270581 0.60020784500513 0.623358691825791 0.553986664157323 0.497267398859471 0.465234522037927 0.43167656581951 0.397322014658784 0.430798323510084 0.460715090166823 0.477827821168327 0.473405957637972 0.455272094471972 0.476245757212199 0.505736927845971 0.552080071591308 0.626995229798363 0.723903719952114 0.762016628717059 0.790414710720085 0.811145183624896 0.813781172953584 0.799656452754226 -9999 -9999 -9999 -9999 -9999 -9999 -9999 -9999 -9999 -9999 -9999 -9999 -9999 -9999 -9999 -9999
0.271756308367978 0.269843830923217 0.292252331788766 0.319194173027342 0.346614852580617 0.372013783278145 0.398859720207032 0.427294656537688 0.439778311410185 0.44849032032631 0.459963536338776 0.475413417028516 0.496119726075337 0.505044469503831 0.511064114981903 0.531747797559207 0.557208786013974 0.590308192093768 0.614745540955911 0.634089876710151 0.586218765110534 0.544274677664501 0.513894612087999 0.492171036471448 0.474969006509755 0.511296019862108 0.537223214441803 0.534724595688922 0.540276070308554 0.550953384526767 0.55263576823298 0.562741283326481 0.600617672352609 0.653704772975749 0.718500331528827 0.770118060046598 0.812409825770171 0.824585261607404 0.830440025998907 -9999 -9999 -9999 -9999 -9999 -9999 -9999 -9999 -9999 -9999 -9999 -9999 -9999 -9999 -9999 -9999 -9999
0.316874251508772 0.316272118995424 0.327126513940757 0.349527648831132 0.369130507673132 0.362266188293213 0.378908313580304 0.421363545752575 0.441194736926088 0.454799654513773 0.465415072324895 0.480042640116203 0.49997354138927 0.497902528116557 0.489592058407221 0.497282835584604 0.524815011070939 0.584071528777688 0.608027962926564 0.616518033269998 0.599670574292463 0.582021693697151 0.56280918574441 0.56363423987728 0.574925516717194 0.613775105325998 0.634356572774485 0.609133850409568 0.624536290967934 0.665806514566189 0.645419385543663 0.631989528278217 0.654131255215274 0.677726031294417 0.702439293161797 0.774362086166145 0.835787110050959 0.830678965421118 -9999 -9999 -9999 -9999 -9999 -9999 -9999 -9999 -9999 -9999 -9999 -9999 -9999 -9999 -9999 -9999 -9999 -9999
0.335623148721079 0.341299595037341 0.352460584610258 0.376908693516063 0.397806173436266 0.386493255402526 0.386788966829454 0.399832450082515 0.421708090212764 0.444768079666568 0.459179783605968 0.475073454654939 0.492926017028976 0.490685543999382 0.482648400080002 0.48784644905311 0.51360321921408 0.572231256632638 0.582950841416596 0.573587285312796 0.572486549758628 0.57644375352239 0.590269336319486 0.614216583498716 0.643450681101003 0.628408885820832 0.621310479928999 0.63613428746761 0.657994567249134 0.684335270596949 0.681049835615262 0.677965242553995 0.68239494684731 0.693354795323953 0.709341227728592 0.771220554057521 0.825834266760108 0.827447079376913 -9999 -9999 -9999 -9999 -9999 -9999 -9999 -9999 -9999 -9999 -9999 -9999 -9999 -9999 -9999 -9999 -9999 -9999
0.363915422729594 0.37043356764921 0.369455930503013 0.395174197001867 0.420100665160378 0.41395969460133 0.407542626578474 0.40082236794364 0.415696746544063 0.435869470190746 0.45381888082846 0.470731744761417 0.486274482235517 0.484014365262728 0.476283547892676 0.475599584468278 0.49831828605773 0.558455426721313 0.562542274399855 0.543609655919854 0.556750069289206 0.576021209732596 0.607253810113256 0.643338864568153 0.681958502062628 0.645793994099236 0.628173875404102 0.659957677025773 0.68641813311968 0.709488986877258 0.72150985683968 0.7285005416257 0.722732619837313 0.725231687555465 0.734094277336818 0.777935503557252 0.816387563912301 0.815033477473994 -9999 -9999 -9999 -9999 -9999 -9999 -9999 -9999 -9999 -9999 -9999 -9999 -9999 -9999 -9999 -9999 -9999 -9999
0.406583677075106 0.40575349678404 0.373889963352595 0.399708204410541 0.432782664946797 0.44630586876787 0.447687964165645 0.435737557184825 0.429984369974884 0.428677540462493 0.449775138147343 0.46733525338084 0.480219459384111 0.478165378459366 0.470790599420747 0.459119063590172 0.476897642189992 0.541763905542286 0.549166338393078 0.533144383815011 0.558257974312585 0.583364667290373 0.608457902744184 0.640134072750686 0.675248707915772 0.667323655711524 0.665028585141276 0.67899521631696 0.707257496939774 0.744622430492522 0.769245061828887 0.785904321610488 0.781258332794505 0.781584483498271 0.785737942741646 0.799498089152621 0.811850914745602 0.81356033731687 -9999 -9999 -9999 -9999 -9999 -9999 -9999 -9999 -9999 -9999 -9999 -9999 -9999 -9999 -9999 -9999 -9999 -9999
0.415938255093689 0.416900997327794 0.402104321756816 0.42044350535708 0.444193420187666 0.463303269182794 0.467788360133705 0.456213581210075 0.446135225899562 0.438601561379262 0.448063026288368 0.456521631035703 0.463654636814975 0.465848615353723 0.465557370591049 0.453694659608451 0.466907461729536 0.520213413872954 0.535049767032801 0.534871486487868 0.593580933303644 0.64105571773354 0.666610921922046 0.705939508120949 0.752462346940709 0.735579783350783 0.725024549675908 0.733678961409997 0.738676544308133 0.741345667499631 0.754092690151157 0.763409387485916 0.759921925199317 0.776977999641612 0.809847478604021 0.81970002302917 0.825448462435775 0.826999492488732 -9999 -9999 -9999 -9999 -9999 -9999 -9999 -9999 -9999 -9999 -9999 -9999 -9999 -9999 -9999 -9999 -9999 -9999
0.413147273955219 0.418895650188591 0.438157590658159 0.447379834239191 0.456451051978074 0.474824807660753 0.480059883288049 0.470866994269726 0.462449389887546 0.454313013555028 0.446813553075219 0.44278496617978 0.443344243691666 0.450489021966213 0.458760113644574 0.451878429531873 0.461594210003484 0.497847618431809 0.522195977416225 0.543154455798529 0.641399343993728 0.715968664664258 0.744345364293532 0.794916466532079 0.857080374300859 0.817912804982386 0.790782553271847 0.798999178360122 0.773171626256796 0.725666686889156 0.716855449348686 0.711895778840299 0.709661821340379 0.749872397134338 0.822754687808802 0.838710612998113 0.845421466067068 0.845347665390417 -9999 -9999 -9999 -9999 -9999 -9999 -9999 -9999 -9999 -9999 -9999 -9999 -9999 -9999 -9999 -9999 -9999 -9999
0.437975532195976 0.431565923189874 0.431608858236299 0.468990759720384 0.505852524151216 0.502377141562645 0.494604566204527 0.482113119156627 0.463007242566046 0.44336496737855 0.432960290295524 0.429168833076351 0.434118851250522 0.421630830239189 0.406062816395275 0.429254279991527 0.460839580544055 0.505845757589097 0.552173010854039 0.599463807129448 0.665785124573597 0.717909531893791 0.742334814847512 0.771915915533035 0.80419005524134 0.780016743055669 0.763683938721398 0.769780932403914 0.777381546938489 0.785939581337416 0.754968592982793 0.729679023611735 0.73091669240561 0.765746383657977 0.826433562196737 0.83969986932907 0.845285863473993 0.845303632533141 -9999 -9999 -9999 -9999 -9999 -9999 -9999 -9999 -9999 -9999 -9999 -9999 -9999 -9999 -9999 -9999 -9999 -9999
0.458725533769269 0.4459348820201 0.435555795509167 0.487681016249186 0.539044356618345 0.523461851752113 0.506783466479934 0.488901663232266 0.461302231762066 0.43340323917951 0.422922839678889 0.418547951877723 0.422243441499858 0.390927950964467 0.35452611096096 0.411286651696487 0.46122636414535 0.500260278150806 0.559070009718194 0.625986816339023 0.68089587634983 0.723629431426961 0.742607759314658 0.754873886421797 0.763634028722821 0.757308059663694 0.754951502709352 0.763112595203389 0.789942244747804 0.828658964981852 0.79103938555945 0.758569769658841 0.759582520489439 0.786413821014419 0.833118971686425 0.842046467205748 0.84518265021593 -9999 -9999 -9999 -9999 -9999 -9999 -9999 -9999 -9999 -9999 -9999 -9999 -9999 -9999 -9999 -9999 -9999 -9999 -9999
0.472002721930588 0.463416436079194 0.458734524122718 0.501019570837917 0.542534377042905 0.532695580220054 0.5146274134428 0.487522337458734 0.455450852065651 0.425248795516797 0.419877311011939 0.413415435054248 0.405512259661444 0.356844949502409 0.305116021575615 0.401851422721156 0.4637046215121 0.469784789205753 0.523676195135793 0.597930676895733 0.679011484050601 0.736273859155768 0.747064874944107 0.748749983831131 0.745678803047209 0.762428043092176 0.779872423143319 0.797763692832125 0.817804529585116 0.839214087850708 0.823367866256663 0.807813399615528 0.80182785165996 0.815864561285263 0.845313420372004 0.846880196456089 -9999 -9999 -9999 -9999 -9999 -9999 -9999 -9999 -9999 -9999 -9999 -9999 -9999 -9999 -9999 -9999 -9999 -9999 -9999 -9999
0.495042104156467 0.484503879921844 0.470511984491596 0.498646822053433 0.528220708280352 0.523033855911451 0.504712287391283 0.471967107103272 0.449839984736513 0.431925772437944 0.425579965469884 0.412661652156254 0.391055679324991 0.333999820902225 0.273885401415275 0.337343154290053 0.388344302329252 0.419428628552013 0.494228475573122 0.587064958065105 0.658786426580859 0.717930856466928 0.752536639976858 0.75699818222106 0.745714478557901 0.782953841726928 0.814700934192211 0.830178169425072 0.843896050918972 0.856493676454863 0.844784443906111 0.834294324256784 0.833183135246684 0.84090221600754 0.855418404284625 0.857781811976078 -9999 -9999 -9999 -9999 -9999 -9999 -9999 -9999 -9999 -9999 -9999 -9999 -9999 -9999 -9999 -9999 -9999 -9999 -9999 -9999
0.522866057662555 0.507358614660773 0.476701543181747 0.488573770407009 0.505181232654802 0.504111237987816 0.48609322141132 0.44946409170224 0.444346995474273 0.445871810852948 0.435570211985166 0.414053940566101 0.377713909137592 0.316662511895667 0.251564762532522 0.245842912420262 0.274834340208695 0.359328706377081 0.467695010252135 0.584624475632579 0.629572383719673 0.684400533320897 0.758505697151357 0.772290323922631 0.754567715833069 0.811030219718806 0.854385277157448 0.861496450562185 0.869119699298587 0.877069008353925 0.860852963773722 0.84961896728841 0.859201072683049 0.86377696326935 0.864499315834251 0.861328976908821 -9999 -9999 -9999 -9999 -9999 -9999 -9999 -9999 -9999 -9999 -9999 -9999 -9999 -9999 -9999 -9999 -9999 -9999 -9999 -9999
0.514484270737741 0.505540883761814 0.491198926066471 0.4938131399119 0.497848526614661 0.492359678100502 0.478429839793075 0.455230706412022 0.45615813425765 0.461850464804065 0.455965260435308 0.434465789730629 0.392327095202976 0.377261196285834 0.367418404964434 0.303571853644835 0.292646796957676 0.366337732570712 0.470535513556563 0.586719743399821 0.659949699957243 0.725808828970314 0.77728697880889 0.792029017893887 0.787582678926961 0.805634243819368 0.820679916856085 0.827073230691775 0.836377572931367 0.847535491766265 0.855349889155246 0.861979260387942 0.86577539837883 0.866498817207232 0.864857007899197 -9999 -9999 -9999 -9999 -9999 -9999 -9999 -9999 -9999 -9999 -9999 -9999 -9999 -9999 -9999 -9999 -9999 -9999 -9999 -9999 -9999
0.510328374644354 0.507127514874664 0.505722146668611 0.503998941611811 0.500945218965949 0.491152099673747 0.477986053142928 0.46111609763907 0.46835032806042 0.479729318713088 0.474692379056531 0.453439709124885 0.410752789296364 0.426845877664729 0.453693613120188 0.355100935977527 0.317581435068647 0.377711621604121 0.472377261669793 0.581156542919943 0.666891968720387 0.736330014768711 0.77397077924941 0.79819478946714 0.81541082448699 0.799173443661278 0.78782139952335 0.790338403950591 0.803367277858358 0.823089509761498 0.848249934933395 0.867341178883023 0.866665458178874 0.864232420495992 0.860446686604006 -9999 -9999 -9999 -9999 -9999 -9999 -9999 -9999 -9999 -9999 -9999 -9999 -9999 -9999 -9999 -9999 -9999 -9999 -9999 -9999 -9999
