layers/veg/veg_5200.asc
NCOLS 255 
NROWS 330 
XLLCORNER -2985163.8955 
YLLCORNER -3022031.214 
CELLSIZE 25000 
NODATA_value -9999 
[rows 200 to 224 of 330, columns 57 to 113 of 255]
-9999 -9999 -9999 -9999 -9999 -9999 -9999 -9999 -9999 -9999 -9999 -9999 -9999 -9999 -9999 -9999 -9999 -9999 -9999 -9999 0.121804988702285 0.117201959508176 0.11488275492687 0.113811859295984 0.113907896868333 0.11355722118938 0.111964098354493 0.106087861609233 0.0973641399373978 0.094886726219831 0.0936870439656009 0.0948247860296409 0.10172601657513 0.11325312924208 0.121082026412621 0.127800513786624 0.132096019597138 0.135306532011571 0.137469709440985 0.143911021415621 0.150191038558655 0.150231852708958 0.148838003277075 0.145779603798623 0.13513250995646 0.123594312001267 0.123323679910476 0.122328051947122 0.12031879525082 0.12322160898468 0.127433574007365 0.123404320817059 0.121241811454601 0.122243186452669 0.122256312638359 0.121883377059304 0.129837285087826
-9999 -9999 -9999 -9999 -9999 -9999 -9999 -9999 -9999 -9999 -9999 -9999 -9999 -9999 -9999 -9999 -9999 -9999 -9999 -9999 0.121611088137433 0.120118947686828 0.122891414267011 0.127994859809728 0.132744514839368 0.136411595503148 0.137363962722803 0.12547331987056 0.105044431630303 0.0940852849065191 0.0858931642484928 0.0839206671055634 0.0875807156662873 0.0957615492607112 0.106651239075443 0.116867853435591 0.12255531038113 0.126262552855589 0.128058310982863 0.132324888618476 0.136773708918549 0.139244509372123 0.141082860637005 0.142187420830893 0.134254830592853 0.124631199317977 0.122691346988882 0.120589664243038 0.118261723712164 0.119277725234584 0.121244406167549 0.118662219797634 0.117927140038409 0.120322662148929 0.12114101974696 0.121243660303227 0.120766974687232
-9999 -9999 -9999 -9999 -9999 -9999 -9999 -9999 -9999 -9999 -9999 -9999 -9999 -9999 -9999 -9999 -9999 -9999 -9999 -9999 0.124339559994123 0.131151810059466 0.137836323368213 0.144451017420408 0.153576637085485 0.161166446361669 0.164624456217823 0.145442232643619 0.111208407646687 0.0906128373093426 0.0757713741905753 0.0755914714717043 0.0751681324057875 0.0745494068392924 0.0893770561531491 0.104265372524866 0.109861881311929 0.115005991960205 0.119713406496208 0.120054707194562 0.12042451491143 0.126358539037012 0.131263808423775 0.134975478300749 0.132005108071909 0.127273260052259 0.123569257612211 0.120234016445728 0.117414346521275 0.118493086970432 0.12064036387885 0.116774452601552 0.115215991999967 0.11756835568861 0.119191495563286 0.120463706112981 0.118682024659642
-9999 -9999 -9999 -9999 -9999 -9999 -9999 -9999 -9999 -9999 -9999 -9999 -9999 -9999 -9999 -9999 -9999 -9999 -9999 0.14649176508434 0.144742649581877 0.139419032937513 0.13845716232284 0.139879365589237 0.143391278065778 0.146053357018842 0.146363917836115 0.132691981235001 0.109724249222445 0.0895727552539018 0.0734145658368807 0.0693286455299037 0.0681264612028123 0.069238816543025 0.0772805958795797 0.0866223013238538 0.0971931639638108 0.104703987101076 0.109260979884817 0.111905882824 0.114424456468165 0.118560532922465 0.123587981030132 0.129649631682245 0.128207926044161 0.124667236435465 0.121179132032587 0.118343371189088 0.116419662676597 0.115657788777702 0.115347848242352 0.115628518440622 0.114997966647333 0.112823013868192 0.114475755000168 0.117823621327936 0.116745513769599
-9999 -9999 -9999 -9999 -9999 -9999 -9999 -9999 -9999 -9999 -9999 -9999 -9999 -9999 -9999 -9999 -9999 -9999 0.13998480942746 0.142495722379842 0.142930714070727 0.13912334274484 0.13655626731035 0.134667121544244 0.134212962578346 0.133269979495764 0.130952709762185 0.121617168797546 0.107615765107971 0.0892834534103907 0.0731524737931993 0.0653552978055083 0.0637917422340336 0.0672314053430784 0.0687153193270253 0.0719216181301686 0.0836416228792839 0.092841114303173 0.0996075754475623 0.10371852728747 0.107346716975173 0.111407504232259 0.11659987065408 0.12310513730892 0.123598736632446 0.122202538449758 0.118953864441087 0.116511008172156 0.115194779026814 0.112905402976784 0.110569231788186 0.113660194678227 0.114264825185605 0.110655450523539 0.111732557672573 0.114898415652007 0.114497905722044
-9999 -9999 -9999 -9999 -9999 -9999 -9999 -9999 -9999 -9999 -9999 -9999 -9999 -9999 -9999 -9999 -9999 -9999 0.139936170983617 0.137828263003213 0.135098359929737 0.131097344589911 0.129410980481438 0.128989774753781 0.128960931589647 0.127979591381406 0.124544208179149 0.116132866611309 0.104413425670501 0.0906468986103573 0.0774528365550425 0.0666887793892033 0.0655855294410548 0.0722362214901937 0.0682357816111164 0.0644249374002535 0.068002801193523 0.0772424242312512 0.0919472957717896 0.095234610333622 0.0972064267902392 0.105524794538033 0.111129911831301 0.113587015035054 0.117147998206408 0.120333482973531 0.117281107776639 0.114892905842195 0.113433295542476 0.110451191082084 0.107238716576302 0.109711631902158 0.112190180052059 0.11467827509513 0.113788276453378 0.111392247070421 0.111507795653002
-9999 -9999 -9999 -9999 -9999 -9999 -9999 -9999 -9999 -9999 -9999 -9999 -9999 -9999 -9999 -9999 -9999 -9999 -9999 0.133424971487241 0.131603018592781 0.126057713699804 0.125410173309065 0.127439687553312 0.126655268352502 0.124584408669003 0.119510476145347 0.112305760864794 0.10368446598607 0.0901986655530882 0.0768335019212068 0.065245465243462 0.0656563802011746 0.0756978749761951 0.0670376653332874 0.0577509775109387 0.0573689652215234 0.0640081785616959 0.0774249218538093 0.0844307696609786 0.0902899090669767 0.0973041986461743 0.102543186434743 0.105722403058168 0.110830770405452 0.115847630957263 0.115104573645179 0.11463338767613 0.114542309533061 0.11110904788156 0.106736683321944 0.107108518021926 0.108237587621275 0.110650070412948 0.109790527658246 0.107478443655009 0.108462682858723
-9999 -9999 -9999 -9999 -9999 -9999 -9999 -9999 -9999 -9999 -9999 -9999 -9999 -9999 -9999 -9999 -9999 -9999 -9999 -9999 0.130818280206466 0.122884541657178 0.123374644133409 0.128469108998124 0.126191064544209 0.122373716200629 0.115335965553811 0.109514391410114 0.104501351508831 0.0886181461384658 0.0731393905044707 0.062066673007701 0.0646504076204933 0.0781950624918301 0.0653904424334085 0.0515912124462299 0.0498632106402487 0.0522516942599923 0.0586137865830381 0.0721769927392239 0.0853882267942048 0.0876224400803959 0.0920085035261637 0.0988912235594478 0.104596985820056 0.109726299235686 0.112613182087595 0.115222975198645 0.117445364555318 0.113711926050856 0.108002431692021 0.105346300378754 0.103111291142324 0.101590028234074 0.102009403573633 0.103309871293025 0.105383193742294
-9999 -9999 -9999 -9999 -9999 -9999 -9999 -9999 -9999 -9999 -9999 -9999 -9999 -9999 -9999 -9999 -9999 -9999 -9999 -9999 0.119968089646766 0.119978001215319 0.119597771518663 0.119004295660038 0.115102763135855 0.110612118049851 0.104934279725014 0.101169635900149 0.0986769154035609 0.088532019448234 0.0769062942583395 0.0626894631672794 0.0603478415649006 0.0675374820512898 0.0579761234286515 0.0479758484683279 0.0464697550953963 0.0489038129589792 0.0551412656184963 0.0622172354862261 0.0698330941125671 0.0795990917240646 0.0867342254058082 0.0908169329082252 0.0960146515994928 0.101453948303102 0.106245076475049 0.110299906459771 0.113325305758288 0.113524251079487 0.112513455350486 0.108096921669452 0.104566887651778 0.102539353537239 0.10289720882342 0.104310247510764 0.102797178191716
-9999 -9999 -9999 -9999 -9999 -9999 -9999 -9999 -9999 -9999 -9999 -9999 -9999 -9999 -9999 -9999 -9999 -9999 -9999 -9999 0.118165063664779 0.119107441157328 0.115924814481002 0.110487513958152 0.10528638341151 0.100320820017311 0.09593115364715 0.093219474415228 0.0916233487695765 0.0867231709555043 0.0793334973986079 0.0648596048708059 0.0594722576600215 0.0613779392568982 0.0537572742352081 0.0461757859989855 0.0446497254399673 0.0464192959167379 0.0513701112692575 0.0535932871691924 0.0570166556219091 0.0708946178504935 0.0797119691096418 0.082657811306009 0.0880730263331745 0.0940251493953272 0.0985590457618875 0.103458688121768 0.108869686010446 0.112418996851613 0.114831851417331 0.108938619853229 0.104755580660029 0.103471091774094 0.103762260832145 0.104728078520292 0.10064916324251
-9999 -9999 -9999 -9999 -9999 -9999 -9999 -9999 -9999 -9999 -9999 -9999 -9999 -9999 -9999 -9999 -9999 -9999 -9999 -9999 0.117639869434483 0.116983763155099 0.11293103001055 0.107021744618838 0.101512836465348 0.0964350262368042 0.0924140952744922 0.0876234176393754 0.0823209996924297 0.0794683049074505 0.0761878295841963 0.0708289690087123 0.0694991171452893 0.0714030219603643 0.0602763021742311 0.0492396378741511 0.0466405563018647 0.0447193340074179 0.0434524435634387 0.0484589465832523 0.0546159593686516 0.0598101929437397 0.0663687171628038 0.0745101421281913 0.082537594359965 0.0895644710574369 0.0877727655626745 0.0920777386438218 0.104906578982649 0.109174680313933 0.109933455208877 0.103138939621008 0.0997748236258762 0.102224782095547 0.102718553837707 0.102313905111552 0.0997003051510733
-9999 -9999 -9999 -9999 -9999 -9999 -9999 -9999 -9999 -9999 -9999 -9999 -9999 -9999 -9999 -9999 -9999 -9999 -9999 -9999 0.11472961859229 0.114906778686074 0.110863624598398 0.104513701445895 0.0981972241438458 0.0927374465557638 0.0894489233381855 0.0841087100315372 0.0774044992396758 0.0747106094962688 0.0726404062945523 0.0714368074306564 0.0728446602334824 0.076348512293534 0.069713693885512 0.0610312006247497 0.0499323307030778 0.04345621163019 0.0414423950085958 0.0470179395966338 0.053469699359779 0.0557134140052498 0.0599321885756761 0.0664425011281662 0.0756301704302742 0.0843968449046279 0.0824929843944549 0.0860247834767137 0.0971562682315784 0.103171145209829 0.106881458393089 0.102380433010655 0.0997368611518043 0.10024142781416 0.100146314892345 0.0997797244011041 0.0992843372200147
-9999 -9999 -9999 -9999 -9999 -9999 -9999 -9999 -9999 -9999 -9999 -9999 -9999 -9999 -9999 -9999 -9999 -9999 -9999 -9999 0.11451524068386 0.114039919109111 0.109496581928399 0.102729720111464 0.0952278203711887 0.0891821608327232 0.0869009895663823 0.0821675477209801 0.0758037958591086 0.0718408294683129 0.0687892471164642 0.0679912156515291 0.0711389826241436 0.0774537201747159 0.0813574321628394 0.0794211028635605 0.0542076467511118 0.0425233494524296 0.0438986351841607 0.0483691732421086 0.0532718204699543 0.0568994475911559 0.058717293258598 0.0584353631733535 0.0676854907031391 0.0786947508082929 0.0813762364106044 0.0839999080381784 0.0865427489904649 0.0950815807810492 0.105225379727836 0.105433163441818 0.103435759006104 0.0977008517621511 0.0964184725047131 0.0971548155571246 0.0992712458551357
-9999 -9999 -9999 -9999 -9999 -9999 -9999 -9999 -9999 -9999 -9999 -9999 -9999 -9999 -9999 -9999 -9999 -9999 -9999 -9999 0.113788487885422 0.113789789777306 0.10912569027109 0.101911542792754 0.0940271599188323 0.0873021149036338 0.0835819637152082 0.080428558547139 0.0776519355015934 0.0727014270967528 0.0683665668251931 0.0666371338930371 0.0679148277090923 0.0716060968981684 0.0766130631233229 0.0790203209714094 0.0695888253681825 0.0587598933869807 0.0465820278424212 0.0489566423860695 0.0536953874016609 0.0544022725251066 0.0559419543054104 0.0584478777406703 0.0627111236611848 0.0677246953978479 0.0750815690022525 0.0809629420272551 0.0847813932628182 0.0898054826361531 0.0951739298224884 0.0989308015858472 0.101120947716937 0.100655700723793 0.0987472117005702 0.096206515339878 0.0963015932932255
-9999 -9999 -9999 -9999 -9999 -9999 -9999 -9999 -9999 -9999 -9999 -9999 -9999 -9999 -9999 -9999 -9999 -9999 -9999 -9999 0.113465578195801 0.113656405562729 0.108839044150036 0.10128427162269 0.0930699558515403 0.0856839320150105 0.0804615868843539 0.0784366485111296 0.0785373990026976 0.0733859198531959 0.0684320847557934 0.0656143189969726 0.0649246365933367 0.0659429931278217 0.0708270922791872 0.0763668748344432 0.0822975750526248 0.0743596004201541 0.05303431078702 0.0517506438170006 0.0539336184057455 0.0518078995300631 0.0529866160568466 0.0579992614373065 0.0582606896628409 0.0582407590651619 0.0677932170535788 0.0762252220781999 0.0830907032631673 0.0851498396696092 0.0858034062286757 0.0922966795374049 0.098008275673323 0.102395032190036 0.100795787903985 0.0965110476271925 0.0943373072059611
-9999 -9999 -9999 -9999 -9999 -9999 -9999 -9999 -9999 -9999 -9999 -9999 -9999 -9999 -9999 -9999 -9999 -9999 -9999 -9999 0.113366913400335 0.113257444104968 0.108389918823498 0.100921701772282 0.0921871307370976 0.0842571004951034 0.0784869679760163 0.0753679716004412 0.0740114943557874 0.0715616727073642 0.0687047463809587 0.0648471609047288 0.0635829557792939 0.064400245539726 0.0690452931427987 0.0742134169021875 0.0792335528392285 0.0790840676615719 0.0739443907718869 0.0634485315918534 0.0531508855529199 0.0506426668514639 0.0501001276003638 0.0518382427558151 0.0543800504007537 0.0570830404359535 0.0592009747192037 0.0654089805756 0.0773353832163807 0.0815139685295787 0.0831790434876889 0.0898354733036163 0.0947582534514504 0.0967427262698647 0.0987934725773028 0.100836974572053 0.0977081827150998
-9999 -9999 -9999 -9999 -9999 -9999 -9999 -9999 -9999 -9999 -9999 -9999 -9999 -9999 -9999 -9999 -9999 -9999 -9999 -9999 0.129768136715301 0.125700306841814 0.117453563520096 0.106922680238059 0.0947258201946758 0.0841565334130969 0.077873272489861 0.0739499772726073 0.07159562626642 0.0702247690157719 0.0684156310245002 0.0649126583597372 0.0632591274783224 0.0630899926719254 0.066273745569034 0.0701414046208047 0.074836725990006 0.0790710736127289 0.0828604471613172 0.0705375307128387 0.0565100078483149 0.0523346056101031 0.0493551191385014 0.047763178618245 0.0500308781011967 0.0531256866787054 0.0538938161001567 0.0586253309058631 0.0688981204377639 0.0755909356284004 0.080901832987854 0.0845826210975896 0.0882245477804267 0.091800609474743 0.095758808747323 0.0998548811624626 0.0991423189838847
-9999 -9999 -9999 -9999 -9999 -9999 -9999 -9999 -9999 -9999 -9999 -9999 -9999 -9999 -9999 -9999 -9999 -9999 -9999 -9999 0.133978493566038 0.142725326748096 0.135174155490584 0.118714706118425 0.100378205365994 0.0852629124973718 0.0784980640354514 0.0740341607595367 0.0710999638774113 0.0693313645969851 0.0676152793301745 0.0657359009460106 0.0638615799049229 0.0619913179806346 0.062601492941332 0.0643234420218918 0.0692270011698788 0.074746827162941 0.0808615303499912 0.0734322829456178 0.0636383605095269 0.0566266684571499 0.0505589309841239 0.0455864047219548 0.0452553246538155 0.0466205688495175 0.0515761964318825 0.0555114782341941 0.0580201977078839 0.0675865070112574 0.0789405429444535 0.0767892752256533 0.0787025774489192 0.0875047891626745 0.0917846723410491 0.0940423070174561 0.098813956059875
-9999 -9999 -9999 -9999 -9999 -9999 -9999 -9999 -9999 -9999 -9999 -9999 -9999 -9999 -9999 -9999 -9999 -9999 -9999 -9999 0.154050614973754 0.154052630649822 0.143361470348491 0.126825558569229 0.10560607468921 0.0881916047750911 0.0808706432382954 0.074359784519702 0.0683874955454763 0.067180096032727 0.0662577980293942 0.0648950529705849 0.0630748978704914 0.0608876170376124 0.061429528431405 0.0630591653565948 0.0676146392238433 0.073027359533186 0.0792675726114558 0.0776426739578996 0.0734978489514752 0.0642006261229012 0.0564762522201482 0.050576756139089 0.0464291987448803 0.0438140705877153 0.0506765871210516 0.0551768814275111 0.0563745137280382 0.0646397846921121 0.0749456076198855 0.0761945689424776 0.078516387357573 0.0826565569172738 0.0882134640391066 0.0943872257009277 0.0974524665077669
-9999 -9999 -9999 -9999 -9999 -9999 -9999 -9999 -9999 -9999 -9999 -9999 -9999 -9999 -9999 -9999 -9999 -9999 -9999 -9999 0.175098441309926 0.163442206768765 0.149403046113014 0.134061408909648 0.110638479350189 0.0911591309097839 0.0824413524122989 0.0743481787939199 0.0666702528237558 0.066406305636976 0.0662061669890796 0.0640960980828092 0.0619647006509471 0.0598161845511934 0.0606521539374529 0.0624254268554448 0.066328771483236 0.0714771730702666 0.0778274176514261 0.0812849653661969 0.0822913124060027 0.0724056039487575 0.0639864658068825 0.0572688970901044 0.0498011315679756 0.0435233395636662 0.0499954649331768 0.0545269271444658 0.0563451160633241 0.0625451710869818 0.0702198507098118 0.0760191327216637 0.079482892905148 0.0789882519003117 0.0855406683305864 0.0952062763064318 0.0956574305702058
-9999 -9999 -9999 -9999 -9999 -9999 -9999 -9999 -9999 -9999 -9999 -9999 -9999 -9999 -9999 -9999 -9999 -9999 -9999 0.178928187495327 0.175654109471953 0.165689109312938 0.153595616253584 0.140338716545791 0.115062449374275 0.0925248766081055 0.0780574613625697 0.0723215931262915 0.0723906016723764 0.0741323471819258 0.0735826533646441 0.0651671590814383 0.0605279446845667 0.0589196421508921 0.0594742152891039 0.0605981915192213 0.0627998988094965 0.0682364986503078 0.0767957130187275 0.0806319058661829 0.0827645948087731 0.0806802093359412 0.0752120001338225 0.065817752788611 0.0588498321232821 0.0528132342692052 0.0490592594280712 0.049461701905481 0.0556753002523802 0.0599241505973979 0.063661713997366 0.0709161256501648 0.0772653350405095 0.0820803460911737 0.0871990457322176 0.0924186028524765 0.0926036001599885
-9999 -9999 -9999 -9999 -9999 -9999 -9999 -9999 -9999 -9999 -9999 -9999 -9999 -9999 -9999 -9999 -9999 -9999 0.180620749121057 0.180184793138975 0.176733414921397 0.167119704822984 0.155702437124427 0.143299368203551 0.115221787728412 0.0901404841311962 0.074123438671778 0.069244259728195 0.0717697185508957 0.0762012639722098 0.077709162146704 0.0692461940446574 0.0628916562174488 0.0582293834037146 0.0585682754522148 0.0599012554608307 0.0623583997333613 0.0674737846284009 0.075155146802763 0.0795703870361286 0.0830799750358656 0.0852808901887617 0.0814197612395818 0.0705252232614751 0.0649779592855996 0.0604439659493005 0.0514789598724074 0.0486338629709591 0.054345112413022 0.0577893487665059 0.0605926234402011 0.0665431181820039 0.0734950602600395 0.0821443233725589 0.08653125631116 0.0889925827135171 0.0910911355815064
-9999 -9999 -9999 -9999 -9999 -9999 -9999 -9999 -9999 -9999 -9999 -9999 -9999 -9999 -9999 -9999 -9999 -9999 0.180633383720936 0.181397239035979 0.17838540127729 0.16765753837074 0.155528158441986 0.142632727463086 0.110717071040823 0.0836547173230403 0.0706814187962356 0.0650177660674658 0.0642136866921146 0.0720832123967169 0.0782813019811966 0.076614928381865 0.0694117852261359 0.0577647287383991 0.0579598097059657 0.0604404819724884 0.0652934361960541 0.0694211155956471 0.0728486933175287 0.0780621527696537 0.0832226640446847 0.0858635484845208 0.0821397868732738 0.0710315261973826 0.0679119735414535 0.0662601381849324 0.0575688788196315 0.0524402819247164 0.0522927024154776 0.0561863046023857 0.0613393614400525 0.0629684817324697 0.0680266418366645 0.0788965717564409 0.0833194323903106 0.0848684286429589 0.0912644004247007
-9999 -9999 -9999 -9999 -9999 -9999 -9999 -9999 -9999 -9999 -9999 -9999 -9999 -9999 -9999 -9999 -9999 -9999 0.191642185423096 0.191343445860227 0.187020633990867 0.174474207938004 0.160258476741846 0.14513032497728 0.110768087383326 0.0816695949917386 0.0677218047613977 0.0642762674701169 0.0678128015327228 0.0745055596379837 0.0798076997397257 0.0797252948365184 0.0768047444387499 0.0716062461377885 0.0665747056139446 0.0632913951162778 0.0673191224854047 0.0705842845509638 0.0731133487530015 0.078670909719411 0.0842988162988824 0.0865990641752064 0.0854506548435239 0.0803009851554281 0.0748606325402873 0.0694662389534597 0.0652326420873071 0.060179838158402 0.0539816872717212 0.0568048393805822 0.0626807635446655 0.064996311119602 0.0688028282292546 0.0751363418783037 0.0800474089977344 0.0843145586535953 0.088280420240651
-9999 -9999 -9999 -9999 -9999 -9999 -9999 -9999 -9999 -9999 -9999 -9999 -9999 -9999 -9999 -9999 -9999 -9999 0.24407443685126 0.221789905533478 0.201280817398369 0.184400033783408 0.16645392171705 0.147925514918618 0.111648392535731 0.0808385660890832 0.0655577635210545 0.0647279639333047 0.0735054299988394 0.0780384983452164 0.0812202896155497 0.0812562472861782 0.0832389474479174 0.0867841390267387 0.0773016244471433 0.0684739075151362 0.0704770435879818 0.0725426529668322 0.0746685673016807 0.0801212064681633 0.0856450274631241 0.0874775527763503 0.0891981469699853 0.0907888745156888 0.0827974176140837 0.0731704270604218 0.0731245242353501 0.0684352229015819 0.0572539092335843 0.0582596760756695 0.0635949955464993 0.0677887412310088 0.0707909566715938 0.0717736856418824 0.0769732233273768 0.0840304788486902 0.0848569401923445
