layers/veg/veg_5200.asc
NCOLS 255 
NROWS 330 
XLLCORNER -2985163.8955 
YLLCORNER -3022031.214 
CELLSIZE 25000 
NODATA_value -9999 
[rows 250 to 274 of 330, columns 57 to 113 of 255]
-9999 -9999 -9999 -9999 -9999 -9999 -9999 -9999 -9999 -9999 -9999 -9999 -9999 -9999 -9999 0.695448743865464 0.695129623621425 0.690162116006346 0.683007174842755 0.664259207631675 0.644409787743676 0.62230943368589 0.596692335940759 0.569153031649364 0.549384377608112 0.536196662250828 0.538988327451794 0.544226999446354 0.551092482005794 0.552833936217991 0.554595043823617 0.557881727955828 0.558336451480602 0.556518191206624 0.559473535930198 0.555213165743766 0.517399822226497 0.460211760984741 0.384321447940288 0.352523501673592 0.328259224753846 0.293966290182359 0.265660332501679 0.244300688079484 0.222106032850783 0.201327820052661 0.195577995376357 0.189748792995677 0.18380861133228 0.17748038452037 0.171248696537755 0.169237468235679 0.164789369660289 0.15621109766134 -9999 -9999 -9999
-9999 -9999 -9999 -9999 -9999 -9999 -9999 -9999 -9999 -9999 -9999 -9999 -9999 -9999 -9999 0.690812315740232 0.687705692492089 0.684260329721904 0.680585961812727 0.669526867536024 0.654550363967107 0.631568223281265 0.605185496173342 0.576944052575733 0.568246878621408 0.565661833048376 0.576770029819271 0.587077224993795 0.596851901066668 0.605452559862304 0.612760674550074 0.616236160792711 0.6179541889475 0.618261648837259 0.617574997106638 0.617652905355892 0.621587885838561 0.568750188197794 0.461110302629608 0.416723710809372 0.383027747114437 0.334255103651908 0.294749926524023 0.265997208516493 0.263756987168406 -9999 -9999 -9999 -9999 -9999 -9999 -9999 -9999 -9999 -9999 -9999 -9999
-9999 -9999 -9999 -9999 -9999 -9999 -9999 -9999 -9999 -9999 -9999 -9999 -9999 -9999 -9999 0.69263329387322 0.694389407578678 0.694731560986113 0.694316030446206 0.681701007049145 0.668589960461407 0.654465238413708 0.631208554373249 0.602960458196075 0.588661495431128 0.582058808532746 0.593691022835858 0.602201378425839 0.608636270739672 0.614504231330749 0.619317154803807 0.620890022276309 0.622253038200852 0.623447623403793 0.624336648078318 0.625348573181779 0.62707062009806 0.588448256422197 0.510881773071646 0.457791560889609 0.408959486639536 0.355009488503823 0.315472629725676 0.292658431288779 0.278736303239525 0.268439455098712 -9999 -9999 -9999 -9999 -9999 -9999 -9999 -9999 -9999 -9999 -9999
-9999 -9999 -9999 -9999 -9999 -9999 -9999 -9999 -9999 -9999 -9999 -9999 -9999 -9999 -9999 0.707954631130105 0.705698879299991 0.706888971697304 0.709452238035613 0.697272156560034 0.685482573350499 0.674491014340007 0.658452918696102 0.63965645149739 0.624390989700742 0.614518683538238 0.61800583558746 0.620925787357359 0.623468655005866 0.625364262186046 0.626788115386862 0.626875560014838 0.627517107501296 0.628603388158428 0.629639362496826 0.630838258392316 0.632759205318996 0.611253576499328 0.567134471462173 0.49189944086416 0.414836218068748 0.365438313494267 0.330499094242006 0.312335379453147 0.286414981462467 0.260832956884532 0.258141192333291 -9999 -9999 -9999 -9999 -9999 -9999 -9999 -9999 -9999 -9999
-9999 -9999 -9999 -9999 -9999 -9999 -9999 -9999 -9999 -9999 -9999 -9999 -9999 -9999 -9999 0.710587519117784 0.715362626956139 0.720601917385747 0.725885637529913 0.715977117172144 0.705007152131903 0.691868013458352 0.686823962860517 0.68620458254722 0.67424877120801 0.661796911409975 0.649141598051085 0.642971505516379 0.641112894984907 0.637892541508449 0.635102702750457 0.634089596295813 0.633671612008196 0.633731283744601 0.633596178148682 0.634292879586665 0.638637692256021 0.636925399871051 0.629366235003484 0.519586606270399 0.402211794939317 0.366341598630117 0.340270662234924 0.325569191649519 0.287358672167079 0.247551773713005 0.253249858864061 -9999 -9999 -9999 -9999 -9999 -9999 -9999 -9999 -9999 -9999
-9999 -9999 -9999 -9999 -9999 -9999 -9999 -9999 -9999 -9999 -9999 -9999 -9999 -9999 -9999 0.724579693887607 0.724568099452089 0.726244710613388 0.728597924152597 0.724089755560172 0.716409975350567 0.702248673862743 0.698650758711948 0.700826653702856 0.693266287777514 0.684294274210617 0.672645952577783 0.6632634652908 0.655387342130699 0.651786781700097 0.648697661375085 0.646037530504217 0.645643328093864 0.647067801644737 0.643290572358382 0.640331316740283 0.644056834280551 0.633053635802033 0.607832931828422 0.501761477306902 0.390388398668723 0.347646314933757 0.317941083378401 0.30336169259307 0.272791125443511 0.242098815290459 0.251137508261702 -9999 -9999 -9999 -9999 -9999 -9999 -9999 -9999 -9999 -9999
-9999 -9999 -9999 -9999 -9999 -9999 -9999 -9999 -9999 -9999 -9999 -9999 -9999 -9999 -9999 0.690346772581774 0.714044370086501 0.704920642002463 -9999 0.729584479669667 0.724347378118233 0.708407709784055 0.705603102817352 0.70997795025246 0.705529134647879 0.699811955737295 0.691697161643317 0.681433519305847 0.6697412871361 0.666244534904304 0.663082858557305 0.658662908797039 0.658159044185662 0.660798301718916 0.652284129107781 0.644379766209782 0.645956766865519 0.624755415630374 0.581566313204648 0.485678206510834 0.386428980259414 0.332471654281631 0.296382704612414 0.281025309703395 0.260883135925444 0.242400679222132 0.251248681877266 0.254196260334562 0.248894358029479 0.238403535199784 0.226906192328463 0.230833851255586 -9999 -9999 -9999 -9999 -9999
-9999 -9999 -9999 -9999 -9999 -9999 -9999 -9999 -9999 -9999 -9999 -9999 -9999 -9999 -9999 0.677387627206169 0.666479144624874 0.670678980868246 -9999 -9999 0.722035329685812 0.69905869924131 0.703478473615151 0.722872767990392 0.713467725471494 0.703470538347417 0.694652000046117 0.689970373340747 0.688039033846616 0.682321731796108 0.676229884935123 0.670010736999813 0.667546575372156 0.66809623498884 0.65150813510083 0.634983947304797 0.62932553810002 0.623357272737977 0.617089905837619 0.526469083618983 0.424114134821626 0.35675424809596 0.312468607076648 0.294954564111393 0.279518369321135 0.265562629461821 0.259779007899945 0.254196260334562 0.248894358029479 0.24261935175257 0.236249115153127 0.234441134450305 -9999 -9999 -9999 -9999 -9999
-9999 -9999 -9999 -9999 -9999 -9999 -9999 -9999 -9999 -9999 -9999 -9999 -9999 -9999 -9999 0.598697102683654 0.608410192268684 0.604670590049006 -9999 -9999 0.619221141296092 0.656103395100336 0.687840758588697 0.716765991673413 0.721141314736939 0.717057189982264 0.693788232799898 0.688572354759865 0.6953584621472 0.698341993266433 0.69777158111644 0.686827030308592 0.681686834139108 0.681205320022109 0.66909275580534 0.656047880871438 0.646239497842188 0.642495452869762 0.644605262336314 0.579157121305173 0.496292063059345 0.394124925384147 0.330275607245913 0.310884048464426 0.295436433668025 0.281645846375411 0.272869199173825 0.26272879296012 0.250681692692262 0.24483589191983 0.241417206316041 -9999 -9999 -9999 -9999 -9999 -9999
-9999 -9999 -9999 -9999 -9999 -9999 -9999 -9999 -9999 -9999 -9999 -9999 -9999 -9999 -9999 0.58877950681967 0.572008665035588 0.578465547432543 -9999 0.607103190999447 0.612804705259749 0.630157862424885 0.657221474365542 0.689592695104612 0.728521104404529 0.741650805904763 0.688690887412481 0.676159828945809 0.69050654490459 0.714299132074196 0.728620206017093 0.709706053437256 0.701096305138243 0.700757061705926 0.707033261418095 0.710881665033492 0.700344042279819 0.684401663075061 0.663242117998891 0.645035198391859 0.606711136386092 0.446005983999436 0.349990738888444 0.329031130168693 0.308342050920802 0.288473432734413 0.275383734305262 0.26272879296012 0.250681692692262 0.24483589191983 -9999 -9999 -9999 -9999 -9999 -9999 -9999
-9999 -9999 -9999 -9999 -9999 -9999 -9999 -9999 -9999 -9999 -9999 -9999 -9999 -9999 -9999 0.644733860082366 0.64169299904208 0.642863750181193 0.670727068957038 0.668534578235951 0.668596142396979 0.673264104328008 0.687865838278275 0.707897243339689 0.727342191685018 0.73119755398415 0.695539975580828 0.686882811463464 0.696175969074491 0.720522989472755 0.738455646463448 0.731410168138633 0.721034834512702 0.707986897626772 0.707055573065159 0.705884903707694 0.696208566016027 0.68278787421931 0.665752788948224 0.667690403711194 0.648509799188038 0.481240921045036 0.381993535936024 0.361667216924586 0.337913211277385 0.312825809141794 0.284352482965554 0.267752360406976 -9999 -9999 -9999 -9999 -9999 -9999 -9999 -9999 -9999
-9999 -9999 -9999 -9999 -9999 -9999 -9999 -9999 -9999 -9999 -9999 -9999 -9999 -9999 -9999 -9999 0.734147343495077 0.734147343495077 0.73370494250728 0.734064459263196 0.733236629986268 0.729982334450108 0.732018150627355 0.736945473343046 0.72562741461053 0.714725446918011 0.706392185543611 0.70436073463736 0.706518831497916 0.725553461920487 0.743172334360446 0.751410336415096 0.740397927789754 0.713934784616758 0.70114465337758 0.690924276670598 0.683149455553104 0.675201443019802 0.66708625027182 0.679315153259792 0.670610949049277 0.513216136223433 0.418844663079761 0.397595212621787 0.36975718181499 0.343008936766479 -9999 -9999 -9999 -9999 -9999 -9999 -9999 -9999 -9999 -9999 -9999
-9999 -9999 -9999 -9999 -9999 -9999 -9999 -9999 -9999 -9999 -9999 -9999 -9999 -9999 -9999 -9999 -9999 -9999 0.733699761325337 0.7335672608676 0.737674030895971 0.750444195178223 0.755549303861166 0.756464792440859 0.737694233193191 0.723833634776356 0.724267890038885 0.727393123155162 0.732307362829901 0.741545768867587 0.751044688117021 0.760149644310131 0.753999686950804 0.735605854706714 0.727578606596658 0.722144370762584 0.721298392067029 0.7114916619203 0.693035193885033 0.693385299199034 0.678962437461241 0.554106495131799 0.468815984357802 0.429430758806021 0.384683245919205 -9999 -9999 -9999 -9999 -9999 -9999 -9999 -9999 -9999 -9999 -9999 -9999
-9999 -9999 -9999 -9999 -9999 -9999 -9999 -9999 -9999 -9999 -9999 -9999 -9999 -9999 -9999 -9999 -9999 -9999 0.743138847733151 0.740173334293342 0.744682599555334 0.764467359756003 0.774111240972586 0.778212249093744 0.754725683385639 0.738097984993009 0.741447337003457 0.746794545099829 0.753469960946259 0.75619021381756 0.759028838241747 0.763377793149664 0.756420634912359 0.740388981804453 0.737988375775686 0.738179469097156 0.740935129172302 0.731627972012633 0.710676678995939 0.704264273487986 0.689388776789969 0.606595610839008 0.529655549273107 0.459506477105492 0.447453434104429 -9999 -9999 -9999 -9999 -9999 -9999 -9999 -9999 -9999 -9999 -9999 -9999
-9999 -9999 -9999 -9999 -9999 -9999 -9999 -9999 -9999 -9999 -9999 -9999 -9999 -9999 -9999 -9999 -9999 -9999 0.743214521113821 0.747435129742786 0.755122996539873 0.769896569377388 0.78604058997497 0.80293367956646 0.778383602576378 0.759244447056616 0.757697464472714 0.761349587832132 0.768458162762783 0.769035619797486 0.767162206924042 0.759250003523601 0.743918159624716 0.722631175459673 0.72701010106542 0.733946617756002 0.735862980480334 0.730203089990026 0.717229906095597 0.710883878367295 0.702584492853298 0.674565996535055 0.605001342482616 0.487233291027503 0.456718570183419 -9999 -9999 -9999 -9999 -9999 -9999 -9999 -9999 -9999 -9999 -9999 -9999
-9999 -9999 -9999 -9999 -9999 -9999 -9999 -9999 -9999 -9999 -9999 -9999 -9999 -9999 -9999 -9999 -9999 -9999 0.756584470325811 0.756366892971352 0.762573093444367 0.781906958241029 0.800615414954335 0.818982031710343 0.80683384919021 0.794854738528508 0.786146031259362 0.775991166971815 0.76487487359377 0.767221446557917 0.769465032552607 0.767534749820987 0.748723116605339 0.716362200235657 0.725043980772418 0.735454703067286 0.727824888142945 0.719454651456609 0.71036969188089 0.70455858767286 0.699042485754711 0.69122142366897 0.626332754813176 0.495232126104055 0.46655383187309 -9999 -9999 -9999 -9999 -9999 -9999 -9999 -9999 -9999 -9999 -9999 -9999
-9999 -9999 -9999 -9999 -9999 -9999 -9999 -9999 -9999 -9999 -9999 -9999 -9999 -9999 -9999 -9999 0.66765256383423 0.66765256383423 0.756241977883361 0.758228108251731 0.768075038231945 0.793986337402882 0.814961289631807 0.833238098563933 0.836721233341921 0.834179215579913 0.817722370485815 0.790493693432701 0.75610372443715 0.76114720605529 0.769890855619036 0.779312404661941 0.758821110427461 0.714321216650484 0.725707803899817 0.737998110384092 0.719571537057675 0.706956738715313 0.699951997805427 0.694369258426875 0.689830371292612 0.689694918561473 0.628697531588725 0.497085864910176 0.473159053029533 -9999 -9999 -9999 -9999 -9999 -9999 -9999 -9999 -9999 -9999 -9999 -9999
-9999 -9999 -9999 -9999 -9999 -9999 -9999 -9999 -9999 -9999 -9999 -9999 -9999 -9999 -9999 -9999 -9999 -9999 0.756215047100679 0.75564376705541 0.760032194962496 0.774556306713342 0.812910120020256 0.864288939525786 0.86382319834102 0.856037386230539 0.834500018878798 0.802547510684811 0.763670844698844 0.765571634852123 0.771837402575218 0.780541137432804 0.7603543150982 0.71697939888182 0.720077555943979 0.727229197169425 0.722841587093459 0.715089361918737 0.704089302133419 0.691964235152647 0.680887661695805 0.677389697778793 0.622213154513162 0.507077201439177 0.480444854137764 -9999 -9999 -9999 -9999 -9999 -9999 -9999 -9999 -9999 -9999 -9999 -9999
-9999 -9999 -9999 -9999 -9999 -9999 -9999 -9999 -9999 -9999 -9999 -9999 -9999 -9999 -9999 -9999 -9999 -9999 0.785283401989561 0.774652202593156 0.769495248734841 0.77552549029009 0.816491391416722 0.876552671534962 0.875530349974792 0.866694005921772 0.843712683487085 0.811274230589886 0.772548521036862 0.771844857007717 0.775761933869885 0.783727946599897 0.761349567990069 0.714616221406008 0.705455522780027 0.70286722368722 0.7049247348469 0.700474924333648 0.689743651028579 0.682127345480225 0.675364607240407 0.66978994249962 0.61820837639642 0.513247892227526 0.490255184544803 -9999 -9999 -9999 -9999 -9999 -9999 -9999 -9999 -9999 -9999 -9999 -9999
-9999 -9999 -9999 -9999 -9999 -9999 -9999 -9999 -9999 -9999 -9999 -9999 -9999 -9999 -9999 -9999 0.748314639727672 0.748314639727672 0.785527523331242 0.79807866025145 0.807231920358786 0.809441262508421 0.829169567944764 0.858473511786222 0.862373476134816 0.859259100773404 0.840707210397463 0.81462738530601 0.783542864780531 0.781104048793281 0.782881089991214 0.790077227454048 0.76147597977188 0.704143090746056 0.676310937691377 0.656551220056169 0.652789106084062 0.649121912173029 0.645546343797324 0.660287314811086 0.675364607240407 0.66978994249962 0.61820837639642 0.513247892227526 -9999 -9999 -9999 -9999 -9999 -9999 -9999 -9999 -9999 -9999 -9999 -9999 -9999
-9999 -9999 -9999 -9999 -9999 -9999 -9999 -9999 -9999 -9999 -9999 -9999 -9999 -9999 -9999 -9999 0.748314639727672 0.748314639727672 0.79420719917259 0.796592629475133 0.797425955408375 0.795087393131492 0.80943579255888 0.832905069103543 0.830599782522442 0.824119144988012 0.809441065993237 0.785700268679671 0.755934426422973 0.743237859309883 0.736702273077739 0.745161075948011 0.716293733152085 0.657467737631157 0.635590936694518 0.621644397881385 0.618487796576831 0.606073214557876 0.584721981746513 0.575990495699749 -9999 -9999 -9999 -9999 -9999 -9999 -9999 -9999 -9999 -9999 -9999 -9999 -9999 -9999 -9999 -9999 -9999
-9999 -9999 -9999 -9999 -9999 -9999 -9999 -9999 -9999 -9999 -9999 -9999 -9999 -9999 -9999 -9999 -9999 -9999 0.800778698341127 0.782874294989769 0.768646657593774 0.761932877394422 0.777313313594638 0.804770162287091 0.791317673960614 0.777493844728935 0.766536664044577 0.743498857811929 0.712429652024617 0.686092146573784 0.668731220182296 0.678963915939712 0.652501382356433 0.596586581123731 0.590966768484903 0.592295485472768 0.592000109587805 0.566943885719849 0.517986223884567 0.509509577299481 -9999 -9999 -9999 -9999 -9999 -9999 -9999 -9999 -9999 -9999 -9999 -9999 -9999 -9999 -9999 -9999 -9999
-9999 -9999 -9999 -9999 -9999 -9999 -9999 -9999 -9999 -9999 -9999 -9999 -9999 -9999 0.794788362144643 0.794788362144643 -9999 -9999 0.80100791885963 0.804870834637483 0.812274638548502 0.82691461906279 0.823615383092368 0.810510803762445 0.77619639774706 0.750251190543453 0.747522525967036 0.729612846428804 0.701610577205021 0.675570400450333 0.654159444250584 0.647114931237176 0.629608281908308 0.60370452907351 0.602028339897 0.599021451445245 0.575393348440911 0.547367652062889 0.51509699584751 -9999 -9999 -9999 -9999 -9999 -9999 -9999 -9999 -9999 -9999 -9999 -9999 -9999 -9999 -9999 -9999 -9999 -9999
-9999 -9999 -9999 -9999 -9999 -9999 -9999 -9999 -9999 -9999 -9999 -9999 -9999 -9999 0.794788362144643 0.793371701171671 0.789588652084369 0.770763986237648 0.746065869783694 0.797061715302683 0.839165268592238 0.86309648924655 0.844415858740798 0.802444142352644 0.760719468731316 0.730945347533807 0.731479628310718 0.717135934501582 0.692901117257898 0.667094337247207 0.6431753446142 0.625791869283989 0.614071807088793 0.606897304696836 0.603046180155842 0.593350976130028 0.556816456159953 0.536017350534167 0.53040750781644 -9999 -9999 -9999 -9999 -9999 -9999 -9999 -9999 -9999 -9999 -9999 -9999 -9999 -9999 -9999 -9999 -9999 -9999
-9999 -9999 -9999 -9999 -9999 -9999 -9999 -9999 -9999 -9999 -9999 -9999 -9999 -9999 -9999 0.793371701171671 0.789588652084369 0.770763986237648 0.746057403948892 0.79624931389948 0.833050417238189 0.842486001571597 0.814928066796402 0.767149953662509 0.744541204599332 0.727290623689609 0.721295914761402 0.707437718326558 0.688351745415533 0.662652290534004 0.639266019466112 0.625225565634174 0.613042345453548 0.602349775244832 0.584258127385017 0.563235144169334 0.534354532917861 0.52297269158888 0.528482265452715 -9999 -9999 -9999 -9999 -9999 -9999 -9999 -9999 -9999 -9999 -9999 -9999 -9999 -9999 -9999 -9999 -9999 -9999
