layers/veg/veg_3300.asc
NCOLS 255 
NROWS 330 
XLLCORNER -2985163.8955 
YLLCORNER -3022031.214 
CELLSIZE 25000 
NODATA_value -9999 
[rows 175 to 199 of 330, columns 57 to 113 of 255]
-9999 -9999 -9999 -9999 -9999 -9999 -9999 -9999 -9999 -9999 -9999 -9999 -9999 -9999 -9999 -9999 -9999 -9999 -9999 -9999 -9999 0.521928490383206 0.384736526236083 0.172557211567077 0.210866479196158 0.228223006970284 0.169076469323428 0.104250034877414 0.0356475111518371 0.0150258423257094 0.00217129557119747 0.0006689302902579 0 0 0 0 0 0 0 0.0278546966794689 0.0779896459091623 0.22519845873037 0.305811765059402 0.309158487912472 0.324121354231948 0.343467491832517 0.373054613521053 0.386317285663845 0.376756474618196 0.377193952820407 0.380479528933643 0.370263984638703 0.354548455411037 0.329511177771941 0.313575754700341 0.301852714186681 0.304886075889016
-9999 -9999 -9999 -9999 -9999 -9999 -9999 -9999 -9999 -9999 -9999 -9999 -9999 -9999 -9999 -9999 -9999 -9999 -9999 -9999 -9999 -9999 0.389090826747118 0.183645816846162 0.190237387692585 0.186491645102169 0.136765924029158 0.0799527312872148 0.0184276702253711 0.00609240439730037 0 0 0 0 0 0 0 0 0 0.0144943429897546 0.0527136912961886 0.213045595459948 0.297447153133299 0.293751498780053 0.321699322757794 0.355578773240294 0.362648844677124 0.364338185938481 0.358504639254531 0.358228652428797 0.358876463136911 0.340250324962365 0.322465166694076 0.306105358349669 0.297945701145129 0.293524416605304 0.294502661346015
-9999 -9999 -9999 -9999 -9999 -9999 -9999 -9999 -9999 -9999 -9999 -9999 -9999 -9999 -9999 -9999 -9999 -9999 -9999 -9999 -9999 -9999 0.221959930343751 0.207058586701736 0.18197612010734 0.150417433060992 0.103369591560206 0.0543759298507816 0.00408865470266142 0 0 0 0 0 0 0 0 0.00353957628171639 0.0104958757300291 0.0119709712994913 0.0359976410520708 0.199898499938572 0.287070251048256 0.285218037579038 0.318434152562183 0.356479480260028 0.348931971964462 0.343492005051166 0.340998626638292 0.335267375321745 0.327539710962633 0.305011254160208 0.28879439480995 0.28327485995112 0.283609126379835 0.286556393926109 0.285603114893184
-9999 -9999 -9999 -9999 -9999 -9999 -9999 -9999 -9999 -9999 -9999 -9999 -9999 -9999 -9999 -9999 -9999 -9999 -9999 -9999 -9999 -9999 0.237203651703877 0.245878050061796 0.196078788986965 0.138730119750504 0.0676650670085484 0.0252564449901877 0.00189909180155668 0 0 0 0 0 0 0 0 0.0204815233878143 0.0607336887611701 0.0648883417090018 0.0801068212302921 0.205236339795331 0.281326870501953 0.300520543619778 0.320860399341118 0.339022155406558 0.33442638804906 0.329027823184433 0.322506853833435 0.296297874029733 0.264456643613663 0.258773403015304 0.25592117098126 0.257867124744076 0.268298936360662 0.282456645877341 0.28232768613232
-9999 -9999 -9999 -9999 -9999 -9999 -9999 -9999 -9999 -9999 -9999 -9999 -9999 -9999 -9999 -9999 -9999 -9999 -9999 -9999 -9999 -9999 0.280787888501953 0.276680634951366 0.206773192033207 0.134285326919502 0.0613749259365357 0.0207388980043552 0.00155940676483537 0 0 0 0 0 0 0 0 0.025562008724628 0.075798809131333 0.0946057953958579 0.117548882471437 0.203746662379998 0.26350300361216 0.292581004272581 0.308402374461906 0.319247475595012 0.318642287636509 0.310665839141435 0.292383509246648 0.262819275314758 0.231142047229516 0.234348459285527 0.237885310711943 0.241982213250102 0.258061127002095 0.279395894515286 0.279847020108507
-9999 -9999 -9999 -9999 -9999 -9999 -9999 -9999 -9999 -9999 -9999 -9999 -9999 -9999 -9999 -9999 -9999 -9999 -9999 -9999 -9999 -9999 0.289244544959168 0.298216246744181 0.214407962900545 0.136342212595607 0.0814903525686265 0.0383067412036921 0.00288037442294623 0 0 0 0 0 0 0 0 0.0199943486724617 0.0592890736817985 0.103496466424715 0.149005808562422 0.196127858726002 0.234834370920552 0.263776862969755 0.282582599428474 0.297392484520705 0.301710450982958 0.288804761556879 0.251818393666922 0.234269911300723 0.224550886203217 0.229505166960139 0.233169090756981 0.234646029845693 0.252376841297942 0.277267860215765 0.278079820041798
-9999 -9999 -9999 -9999 -9999 -9999 -9999 -9999 -9999 -9999 -9999 -9999 -9999 -9999 -9999 -9999 -9999 -9999 -9999 -9999 -9999 -9999 0.294402147599104 0.294380902254237 0.221308878464212 0.148213083435398 0.0818588407544241 0.0355907065797852 0.00267614935924429 0 0 0 0 0 0 0 0 0.00952021458355518 0.0282302121043006 0.0774481343618997 0.134667169190344 0.201405071489451 0.23817662307617 0.240180100047216 0.259899348238847 0.280955969548454 0.268944794689433 0.252003642723554 0.228169808140569 0.221002356797813 0.219990349752019 0.221604703396791 0.224508363041247 0.229597226154696 0.24637224214544 0.268259209054158 0.267811175157364
-9999 -9999 -9999 -9999 -9999 -9999 -9999 -9999 -9999 -9999 -9999 -9999 -9999 -9999 -9999 -9999 -9999 -9999 -9999 -9999 -9999 -9999 0.289344348174674 0.287638151565189 0.224971684479341 0.156233719317289 0.0777619507549352 0.0298460499250956 0.002244195045804 0 0 0 0 0 0 0 0 0.00111209518565122 0.00329768648548483 0.0472767623549508 0.106474166703908 0.203839146068942 0.244248798149732 0.218576761212576 0.237756178556935 0.263672633434308 0.23638103771145 0.217453556027548 0.210220080663392 0.211563532906602 0.215632950345335 0.213167934466021 0.215105124120633 0.224503471022877 0.23835405584717 0.254107434017951 0.255116209539752
-9999 -9999 -9999 -9999 -9999 -9999 -9999 -9999 -9999 -9999 -9999 -9999 -9999 -9999 -9999 -9999 -9999 -9999 -9999 -9999 -9999 -9999 0.290971534663226 0.291781923599591 0.212698896675067 0.135239214740493 0.0693387204514181 0.027658264461596 0.00207969028518107 0 0 0 0 0 0 0 0 0.00793453070259928 0.0235281970502409 0.0288483244523784 0.0502833600027749 0.179525899016996 0.234183108100754 0.202303643395097 0.215431483138387 0.236936683332134 0.219769990553436 0.208536011406383 0.205596657413722 0.207388323551646 0.210405692066681 0.204857327942385 0.205605132092556 0.21702411031475 0.220298331955725 0.220028738365011 0.237971327607426
-9999 -9999 -9999 -9999 -9999 -9999 -9999 -9999 -9999 -9999 -9999 -9999 -9999 -9999 -9999 -9999 -9999 -9999 -9999 -9999 -9999 -9999 0.271995797803643 0.278700215759781 0.185473335188547 0.101429170981486 0.0499962120982714 0.018937512142427 0.00142395630364984 0 0 0 0 0 0 0.000311906350890392 0.00194660918135675 0.0136062379858127 0.0349428433808491 0.0271022071886204 0.0335660057506357 0.160514432749096 0.217898820912693 0.194572423969633 0.202117846271815 0.215726830550525 0.205698348706428 0.199533406019357 0.19877014139507 0.198960062254801 0.199274339442638 0.19567446108133 0.196431281199572 0.204572130115636 0.203747974649098 0.199092651806443 0.224167084606854
-9999 -9999 -9999 -9999 -9999 -9999 -9999 -9999 -9999 -9999 -9999 -9999 -9999 -9999 -9999 -9999 -9999 -9999 -9999 -9999 -9999 -9999 0.25995264219947 0.248031271696123 0.142115823312439 0.0537929537849258 0.0188733307166836 0.00316860277547227 0.000238254732826689 0 0 0 0 0 0 0.000960316007835288 0.00599333727100976 0.0180364705317643 0.0368464058491063 0.0433539794567591 0.0594349829808574 0.14722284604349 0.194905537609777 0.196056717600216 0.198525880622052 0.200478863484421 0.194366369838795 0.190439031968928 0.189566796568055 0.185943353062675 0.181773295208246 0.185550547375785 0.187609290952855 0.186755389328316 0.188821697234302 0.192335601352186 0.213966923541966
-9999 -9999 -9999 -9999 -9999 -9999 -9999 -9999 -9999 -9999 -9999 -9999 -9999 -9999 -9999 -9999 -9999 -9999 -9999 -9999 -9999 -9999 0.30627815466732 0.237775417367018 0.153787050254083 0.0774800389494348 0.0221107828163848 0 0 0 0 0 0.00737049405394654 0.0206566825315434 0.0213014933524909 0.0259308439605639 0.0552736695731286 0.0649545735156031 0.0556559901061561 0.0808524940214467 0.115596693004902 0.164060107722586 0.191894154711433 0.195793242006509 0.195489833124527 0.193357056430599 0.185301591088908 0.181722785910272 0.184402873424188 0.178603013129237 0.170475687019935 0.175372195913524 0.178635518860324 0.179130807223161 0.179365981598527 0.179558221308937 0.190113164074205
-9999 -9999 -9999 -9999 -9999 -9999 -9999 -9999 -9999 -9999 -9999 -9999 -9999 -9999 -9999 -9999 -9999 -9999 -9999 -9999 0.359265917107292 0.353916732946645 0.306397050744849 0.235827520558494 0.177693318078262 0.113410557233664 0.0323644158428372 0 0 0 0 0 0.0176251608048983 0.0493966006416138 0.0507691481582562 0.0582789610810136 0.110609835362196 0.117815798241131 0.081463064285341 0.121484875663563 0.171366835292776 0.185054381219044 0.192804906875174 0.193667080802122 0.191198956673276 0.187107959494766 0.176746805961097 0.173235210007575 0.179300093912728 0.172548933445722 0.162000504064367 0.166142835214732 0.169906171599489 0.1730271618874 0.170412276931887 0.165240556593176 0.164381834550208
-9999 -9999 -9999 -9999 -9999 -9999 -9999 -9999 -9999 -9999 -9999 -9999 -9999 -9999 -9999 -9999 -9999 -9999 -9999 -9999 0.361693763988622 0.363733986673442 0.329044945575565 0.274280164657167 0.189511562678114 0.106417859054226 0.0303688821177315 0 0 0 0 0 0.035652048624068 0.0999190888204009 0.101421967432815 0.100138067360921 0.125836830036395 0.134924516748839 0.127977671769415 0.145459572369443 0.166741883080107 0.180263481328843 0.185400460891412 0.180809294010571 0.176391722434595 0.172030460825095 0.167738528442385 0.165754928068726 0.166998644895214 0.165430282796896 0.163044954677713 0.164172690192564 0.163307757084354 0.159065513710982 0.154870528807873 0.150724191491929 0.150383004070384
-9999 -9999 -9999 -9999 -9999 -9999 -9999 -9999 -9999 -9999 -9999 -9999 -9999 -9999 -9999 -9999 -9999 -9999 -9999 -9999 0.34878476241299 0.355973287490298 0.330242494641167 0.286518429025391 0.188000859091819 0.096852587858182 0.0295100721257511 0.00168303891783277 0.000126551674703182 0 0 0 0.0432270312621144 0.121148874828069 0.135407044531276 0.139691910478109 0.14103743553578 0.1463658332451 0.155538864372488 0.155551523588722 0.156131578672084 0.171381488814638 0.175856354856755 0.167829613984277 0.162591370284686 0.158744146696655 0.160439883910752 0.160437036308198 0.158059369150576 0.159159714020745 0.161307185908415 0.159764671646439 0.155374138115238 0.146156587887928 0.139408807245927 0.133822160211572 0.134761730543281
-9999 -9999 -9999 -9999 -9999 -9999 -9999 -9999 -9999 -9999 -9999 -9999 -9999 -9999 -9999 -9999 -9999 -9999 -9999 -9999 0.342965570193433 0.332442772883418 0.303592241699877 0.264724008584669 0.169185916491733 0.0839474868617631 0.0301270079237565 0.00555107452834955 0.000417398415759399 0 0 0 0.037232881296615 0.104349559615613 0.147753310344149 0.17625295744962 0.156203781423532 0.150449473980024 0.158493882756263 0.1476202712729 0.137750821297804 0.157188256163203 0.163534446071886 0.154691686687554 0.150098197672088 0.147783228765004 0.155360761686589 0.157926456569909 0.153485017712576 0.153990163211136 0.155957415013089 0.152191696229389 0.145707096772408 0.134614353491936 0.124050979760101 0.113822949979515 0.117034128603444
-9999 -9999 -9999 -9999 -9999 -9999 -9999 -9999 -9999 -9999 -9999 -9999 -9999 -9999 -9999 -9999 -9999 -9999 -9999 -9999 0.293428012117225 0.295199410891365 0.267743200870715 0.224311558475169 0.144306328263716 0.0740173685437883 0.0317944677332143 0.00960041745468262 0.000721878082477272 0 0.0015709538298924 0.00820725468785676 0.0415984226045374 0.0964635401243666 0.142751156516733 0.176404453140085 0.161778226323855 0.1553699507955 0.156894394415559 0.138443803538469 0.121693361811641 0.139663882754013 0.147385559813263 0.143216147020673 0.142729497205001 0.143693789688198 0.148462759854365 0.148393161340143 0.14155867984328 0.142765769271479 0.146472692639246 0.143053744781272 0.136793356724695 0.125717102628211 0.116076346826159 0.107154757463353 0.10819279108085
-9999 -9999 -9999 -9999 -9999 -9999 -9999 -9999 -9999 -9999 -9999 -9999 -9999 -9999 -9999 -9999 -9999 -9999 -9999 -9999 0.209656248365224 0.245884857039255 0.227059566991618 0.17814252902928 0.11740932790377 0.0646814419505155 0.0333718740524419 0.0141345227482978 0.00292298058696165 0.00324775918250429 0.00772454115007141 0.0222969106403554 0.0512585924700653 0.0917694016911643 0.131667177690615 0.163728297249414 0.162933098510717 0.159651965861658 0.153971182150966 0.130359870088271 0.108955741632989 0.12273835718536 0.13090684593866 0.132561615977076 0.136937303353905 0.141473450460178 0.140521617439013 0.136416037831643 0.127901152906556 0.130123930016281 0.135778781109627 0.133598831793361 0.128473580439045 0.118356430937697 0.110927066320956 0.104736919420922 0.102249576516341
-9999 -9999 -9999 -9999 -9999 -9999 -9999 -9999 -9999 -9999 -9999 -9999 -9999 -9999 -9999 -9999 -9999 -9999 -9999 -9999 0.194193889308916 0.183361185040856 0.162629625398804 0.136487479631614 0.0901260568997031 0.0503740982535726 0.0292801107905535 0.0242196890074457 0.0298186467197619 0.0488821214322485 0.0669660691405122 0.0780493817645024 0.0857029532413165 0.0906037512364056 0.115421314057332 0.139389020271603 0.147439745354685 0.152021622093297 0.153255048747308 0.141861354410396 0.129606957588794 0.127878199190269 0.126494393596624 0.125510815076808 0.129798935779628 0.134252323209134 0.126747127482434 0.122585856744186 0.123099782896559 0.124884072504811 0.12699199283183 0.12670181991812 0.124683208749368 0.119735122908365 0.111068087397386 0.100763828946869 0.0961166372579166
-9999 -9999 -9999 -9999 -9999 -9999 -9999 -9999 -9999 -9999 -9999 -9999 -9999 -9999 -9999 -9999 -9999 -9999 -9999 -9999 0.141894446684292 0.135115025162993 0.124470412569833 0.111713136603555 0.0733781887737519 0.0411731033691032 0.0269076534195699 0.029694005454069 0.0438166773102004 0.0726686157764474 0.0987944493092963 0.111927110096874 0.105406149995553 0.0831108313985842 0.0998605556489771 0.120893121522804 0.135951221852215 0.14809481247352 0.157425051426042 0.154698170443704 0.147798007615556 0.131168084464458 0.121486403312728 0.119866330950151 0.123745116401123 0.127549032661036 0.116627935223873 0.112412469310662 0.117572257854022 0.119244724712871 0.11970717476599 0.121011824488614 0.121412175424665 0.120279859293385 0.110429512297693 0.0967098224810182 0.0918882700180041
-9999 -9999 -9999 -9999 -9999 -9999 -9999 -9999 -9999 -9999 -9999 -9999 -9999 -9999 -9999 -9999 -9999 -9999 -9999 0.144121878160447 0.142664877570903 0.138230343328642 0.12754039512297 0.113431318672799 0.0731645472996662 0.0399859955286971 0.0272334690632008 0.0279320693586701 0.0375732010690841 0.0621671380336298 0.0876007253812478 0.111474688984106 0.101974612388951 0.0656879157858241 0.0853749991289961 0.111567801362106 0.130747864846 0.149980317174711 0.169263340013986 0.169630651675916 0.162128081318719 0.131554653725417 0.115543777740138 0.11642891574608 0.119393383396648 0.121658433332649 0.112245355159291 0.107978041819412 0.110905107489953 0.112978418187702 0.114779543814504 0.117216116702136 0.118956190023125 0.11951578852312 0.108567441521367 0.0925288267235751 0.0906489318444872
-9999 -9999 -9999 -9999 -9999 -9999 -9999 -9999 -9999 -9999 -9999 -9999 -9999 -9999 -9999 -9999 -9999 -9999 0.145193826903371 0.145092357806371 0.142377384702118 0.134321441807629 0.116968139189065 0.094533020176286 0.0617170755082895 0.034547303017928 0.0226745187179851 0.0265917351964294 0.0410064051976886 0.0633712617382955 0.0866776175584875 0.110751035056698 0.104428297593724 0.0737090457196128 0.0964273238649747 0.121746304767077 0.125059286895391 0.137658476753913 0.159221564705411 0.167676335599514 0.168532442619905 0.140741222493121 0.124768297239189 0.122507397246963 0.118610201358728 0.113928488089674 0.106283092496092 0.103866904978634 0.108761759850683 0.11215315922702 0.115203117706737 0.121833254778111 0.125061824134344 0.12252518525222 0.110266528762996 0.0937306421784599 0.0923692837009555
-9999 -9999 -9999 -9999 -9999 -9999 -9999 -9999 -9999 -9999 -9999 -9999 -9999 -9999 -9999 -9999 -9999 -9999 -9999 0.146267912684751 0.141714726206191 0.127856625189983 0.10123474999084 0.0676363611555799 0.0459216329178403 0.0275116395736917 0.0163828045729232 0.0254941542086328 0.0480615131566054 0.0690770791248245 0.089724535081226 0.109627889508357 0.109048083033332 0.0920281139530978 0.117554821743418 0.139433694323031 0.119539315374719 0.120224950534311 0.14077629994184 0.158760757733315 0.171094385119062 0.153248985863054 0.140077039520046 0.132327407063421 0.119314065465629 0.105691511057489 0.0999652652506534 0.10014086114489 0.108567919636246 0.113530334537021 0.117673872319989 0.129495787083793 0.134106500311989 0.126495178883495 0.112948748894864 0.096827968760861 0.0950978290415005
-9999 -9999 -9999 -9999 -9999 -9999 -9999 -9999 -9999 -9999 -9999 -9999 -9999 -9999 -9999 -9999 -9999 -9999 -9999 -9999 0.14347605080206 0.134978726087639 0.104280620366185 0.0614478553184121 0.041807615190595 0.0267720132586266 0.0212638343145739 0.0270299765550869 0.0402914738812222 0.0614963478823644 0.0818931825333102 0.0974178504361471 0.103235038323667 0.101260823765979 0.119497116378832 0.135298984696608 0.12828211762631 0.132510250516402 0.147593087137983 0.150985160344761 0.151987441817087 0.153333408029591 0.147871074956503 0.134509499835587 0.120393844877378 0.107275789450407 0.105166115752814 0.106113970458391 0.111336606246931 0.112975473110563 0.113655162097896 0.120275364750127 0.119785264142326 0.107244138135414 0.0966727234010201 0.087075916615999 0.0894473795417676
-9999 -9999 -9999 -9999 -9999 -9999 -9999 -9999 -9999 -9999 -9999 -9999 -9999 -9999 -9999 -9999 -9999 -9999 -9999 -9999 0.142406614508774 0.140612495766807 0.109514926021968 0.0624004695336975 0.0432628251441104 0.0294197854475408 0.0264098824811506 0.0309828512132839 0.0405970383938464 0.0596279932386402 0.0776506110308905 0.0897347759816437 0.0974884522546305 0.101766398470007 0.115727567326539 0.128997270973055 0.133348206033008 0.141030814808808 0.151929460155787 0.146302811177245 0.13980551598607 0.148592822537902 0.144790666095624 0.1263817464558 0.116602813659918 0.109776327167126 0.107790260718082 0.10627538009138 0.105419272164165 0.10451914632551 0.103797293163687 0.106540998930308 0.103717146685736 0.0914570185820121 0.0841232258257596 0.0790609423986182 0.0808126545728285
