layers/veg/veg_700.asc
NCOLS 255 
NROWS 330 
XLLCORNER -2985163.8955 
YLLCORNER -3022031.214 
CELLSIZE 25000 
NODATA_value -9999 
[rows 208 to 233 of 330, columns 57 to 113 of 255]
-9999 -9999 -9999 -9999 -9999 -9999 -9999 -9999 -9999 -9999 -9999 -9999 -9999 -9999 -9999 -9999 -9999 -9999 -9999 -9999 0.190412705691069 0.191326782405617 0.138722540955884 0.056865880033367 0.0244096153133652 0.00415431935260765 0.0102662463638229 0.0248668887959588 0.045110969556577 0.0670996296688485 0.0886173193141783 0.108118584848797 0.108224652195186 0.0927637758702395 0.101893451765786 0.112052563827321 0.11137540518747 0.110553479947251 0.109591812727244 0.110087734922788 0.111725094835118 0.11829785958129 0.12018652633591 0.116640528388095 0.1097873136352 0.102186615709259 0.096226726695898 0.0885862752226839 0.0785962015498292 0.0787543978327456 0.0823396888657098 0.081794191998441 0.0812336967865088 0.0806477813602945 0.0811303564103663 0.0820913038879116 0.082538446189385
-9999 -9999 -9999 -9999 -9999 -9999 -9999 -9999 -9999 -9999 -9999 -9999 -9999 -9999 -9999 -9999 -9999 -9999 -9999 -9999 0.200917571554342 0.202455059575565 0.157499928808575 0.0871325348421656 0.0382329748579131 0.00309433509089727 0.000883042549844345 0.0170192875331332 0.0453532787434841 0.0672118712056682 0.087971130998001 0.107033565364961 0.115231751479649 0.114710091633847 0.111967157513275 0.108961845707399 0.106217001786106 0.106752343648099 0.110454021213715 0.110676054985445 0.11047770813833 0.112098663145699 0.114466208415257 0.117699975474459 0.108129824225358 0.0965905473747619 0.0998230917823671 0.0940908883878852 0.0758249226649264 0.0757964907958666 0.0818937603448562 0.0799756859350437 0.0781998161568972 0.0766649644570808 0.0761837453844497 0.0762108127631912 0.0808229751309043
-9999 -9999 -9999 -9999 -9999 -9999 -9999 -9999 -9999 -9999 -9999 -9999 -9999 -9999 -9999 -9999 -9999 -9999 -9999 -9999 0.200060717645713 0.198990280848168 0.166356812214915 0.116471399223905 0.0495640335500036 0.000931267577250214 0.000265759483651764 0.0190024792966289 0.050638120936584 0.0776925427801229 0.100468321326542 0.110755451105755 0.116371133737032 0.118237426756003 0.11289313651299 0.107159899561244 0.104234789201728 0.104834747259949 0.108837424165885 0.10807093358469 0.106892300847158 0.10917528258608 0.111055754103786 0.112469218292536 0.103005823679211 0.091314068669677 0.0871124926183559 0.0829050185018244 0.0786892982026697 0.0781095314191181 0.0787264583046992 0.0773068727215444 0.0757792367031385 0.0740684694606516 0.0727870428558493 0.0717496154361069 0.077715962459383
-9999 -9999 -9999 -9999 -9999 -9999 -9999 -9999 -9999 -9999 -9999 -9999 -9999 -9999 -9999 -9999 -9999 -9999 -9999 -9999 0.207769978523137 0.205506865359106 0.182811279991661 0.14894756998462 0.0630149588014505 0 0 0.0173721462183331 0.0462935824004834 0.0788189789882785 0.105988030895201 0.114857773583221 0.118476965005871 0.117881967174138 0.112909163674668 0.107624062506622 0.10372090667324 0.102992513341049 0.105328691506383 0.102204311202456 0.0989803309249974 0.101917071287845 0.104141313531052 0.10553888895637 0.0983254735168344 0.0896219057414709 0.0893427342374612 0.08754628882981 0.083628517656473 0.081157729851555 0.0791581972308864 0.0762591750222012 0.073532284951176 0.0710971361304296 0.0714427230609191 0.0730607724497759 0.0771713971320141
-9999 -9999 -9999 -9999 -9999 -9999 -9999 -9999 -9999 -9999 -9999 -9999 -9999 -9999 -9999 -9999 -9999 -9999 -9999 -9999 0.210508526783547 0.216580472727952 0.205009687007661 0.183795612690048 0.0780685493368396 0 0 0.0130099096666598 0.0346690223307453 0.072873409549086 0.106232613058371 0.119247714518512 0.121313452774065 0.114591030239065 0.112237247430453 0.109801453275043 0.104317113643337 0.101207255090096 0.100389463118762 0.093871923051386 0.0877973854327557 0.0913816335501049 0.0945777830372799 0.0973236460594246 0.0939805327061162 0.0906395635974722 0.102868576860471 0.104153221832733 0.0901363642954127 0.0847617235975225 0.0823108895051923 0.0764370759551545 0.0714165995229222 0.0678424168568758 0.071650049308094 0.0787359550516157 0.0785640978001285
-9999 -9999 -9999 -9999 -9999 -9999 -9999 -9999 -9999 -9999 -9999 -9999 -9999 -9999 -9999 -9999 -9999 -9999 -9999 -9999 0.220924194846898 0.220944381618006 0.202759013408177 0.174622724666756 0.0827231363805589 0.0125791793929087 0.00358976979537226 0.00591339160670609 0.0157581037006516 0.0718964387350496 0.119081362909173 0.124186643745103 0.124862901715695 0.121984344272975 0.122662669615912 0.120966597495457 0.107001794200641 0.0992216972739902 0.0974116453032449 0.0886937747559699 0.0806975153236823 0.0854974219103621 0.0890846146207701 0.0912647715882422 0.0925155042655224 0.0944734209338798 0.105243463152305 0.109175275801177 0.103546446470541 0.0924081439680524 0.0796699140458753 0.0738267911643731 0.0693269880363515 0.0671039345596865 0.0710073268545097 0.077626687410371 0.0775550095846376
-9999 -9999 -9999 -9999 -9999 -9999 -9999 -9999 -9999 -9999 -9999 -9999 -9999 -9999 -9999 -9999 -9999 -9999 -9999 -9999 0.217880376379172 0.219804652958936 0.198412801212075 0.164276655741373 0.0839743613447248 0.0209268700936943 0.0059719830545045 0 0 0.0707099790954296 0.129164580624111 0.127925236687761 0.128153320013644 0.129559187516377 0.131998754359481 0.130539654727488 0.111907247174311 0.100093696210325 0.0948623300683848 0.0847154949674002 0.0759947346064384 0.0817656137602466 0.0856089384967738 0.0872158429080827 0.0920067648676611 0.0978918488564458 0.105607066758189 0.11165808633762 0.115382362689043 0.101394173633299 0.0817015234896101 0.074164696139195 0.0685850993896028 0.0663227501356288 0.0692444446118714 0.0744767961536186 0.0757842454383375
-9999 -9999 -9999 -9999 -9999 -9999 -9999 -9999 -9999 -9999 -9999 -9999 -9999 -9999 -9999 -9999 -9999 -9999 -9999 -9999 0.216885454328841 0.215781581206925 0.197946731442458 0.170966946565589 0.0771652626909447 0.00675308741903987 0.00192715506196246 0 0 0.0662789683635947 0.122380914968581 0.126754763487031 0.130093053515304 0.132600185205905 0.131685878661462 0.129554064571067 0.124373960442968 0.112110083538857 0.0930083004492718 0.0838297921470634 0.0785573808121551 0.0840749600962768 0.0879375399927083 0.0898799280462163 0.0937834439442709 0.0983243702738615 0.10366007746834 0.110002040675184 0.117750867073165 0.113577730135172 0.104634635476252 0.0872654760331184 0.0730402218138155 0.0641434719239618 0.0635679938818789 0.0667631861656638 0.0722460703728636
-9999 -9999 -9999 -9999 -9999 -9999 -9999 -9999 -9999 -9999 -9999 -9999 -9999 -9999 -9999 -9999 -9999 -9999 -9999 -9999 0.215614284261254 0.214972370130149 0.199844403853729 0.176798549116043 0.0925692223122562 0.0254049348627709 0.00724990597361113 0.00115127528671433 0.00306793741437113 0.0658920760260711 0.118411822113205 0.120325602219532 0.124807970421465 0.131351934788136 0.131413608280396 0.130570532976136 0.129897827559092 0.121310268763252 0.105082568677271 0.0912807192598758 0.08076211371244 0.0866232723064632 0.0907331248552551 0.0928110469951729 0.0961632964237745 0.0998688427021587 0.103536482221334 0.10894254391368 0.11677912242882 0.118336476562551 0.116733081820101 0.0991165943050194 0.0829646268569323 0.0692948275920313 0.0649635533336066 0.0648911186040822 0.0711756650336908
-9999 -9999 -9999 -9999 -9999 -9999 -9999 -9999 -9999 -9999 -9999 -9999 -9999 -9999 -9999 -9999 -9999 -9999 -9999 -9999 0.216278689519964 0.217658962539387 0.203893162791771 0.18184871586046 0.128187827490185 0.0739292325471723 0.0210974752568121 0.00335025060513118 0.00892780319148106 0.0691854702532153 0.117004087124171 0.109110854291877 0.112948056213383 0.12620032135211 0.131178290131651 0.133408943398503 0.129103466343506 0.12794761339875 0.129832066074505 0.106318265790343 0.0826411332183918 0.0893890516653139 0.0939536806119489 0.0959851758786721 0.0990920574055508 0.102425228721233 0.105072238146493 0.108425927130261 0.11276763650504 0.116338390944456 0.118971610498352 0.109830477602697 0.0978662668319041 0.0811173117354792 0.0727948848175252 0.068335055178027 0.0723510148586533
-9999 -9999 -9999 -9999 -9999 -9999 -9999 -9999 -9999 -9999 -9999 -9999 -9999 -9999 -9999 -9999 -9999 -9999 -9999 -9999 0.218868434429575 0.218868510895702 0.201821510571413 0.175456798888423 0.114062039487588 0.0586233084694675 0.0215631362009479 0.00619630240942891 0.00525155862367507 0.0626417254029342 0.108154466791931 0.0987233059426326 0.104478065703516 0.122421325341629 0.12879315249062 0.132285627672782 0.130720326370171 0.130059074305384 0.130270493353965 0.115128703121439 0.0986226494038039 0.0930393029536306 0.0917386818363445 0.0954070379349164 0.0991958584817481 0.102848512475354 0.104953799139321 0.10719282305925 0.109618827250982 0.113734223695883 0.11804395909749 0.114951090780553 0.105298560924738 0.0845282706973064 0.0756417535455369 0.0721296806459155 0.0704191599221814
-9999 -9999 -9999 -9999 -9999 -9999 -9999 -9999 -9999 -9999 -9999 -9999 -9999 -9999 -9999 -9999 -9999 -9999 -9999 -9999 0.225442531409975 0.220905535456967 0.200335866018745 0.171002944928631 0.0974347518849306 0.0382426828556906 0.0196571256787334 0.00862786224444864 0.00262214779421553 0.0545860664691794 0.0964300560678423 0.0891012102653247 0.0977113247275801 0.119114342578261 0.126038934265251 0.130276345963545 0.132068114883053 0.13091589541254 0.126921868749925 0.122039829269819 0.11509638730766 0.0970839541087185 0.0895620497025441 0.0942116469692119 0.0986045904884683 0.102688115526649 0.104610027195715 0.106123397191975 0.107065578311395 0.111213783914271 0.116347037908817 0.11843247130854 0.111418727730386 0.0889830803513411 0.0796550704392782 0.0762166697434239 0.0694281746205544
-9999 -9999 -9999 -9999 -9999 -9999 -9999 -9999 -9999 -9999 -9999 -9999 -9999 -9999 -9999 -9999 -9999 -9999 -9999 0.226933196588584 0.225749584245763 0.222147135831212 0.208002308187045 0.188095152613976 0.116942068463927 0.0544093121958781 0.018527196998651 0.00823555747977136 0.0149568891969585 0.0483199640796554 0.0769448863521734 0.0826896595862218 0.0965529100372519 0.116932199989774 0.123472218015782 0.127528872778213 0.129609141297053 0.129652476818318 0.12772957807658 0.125122464806373 0.120183644842713 0.102328620522832 0.0929751019900101 0.0934853466623568 0.097153539007043 0.10156868327302 0.104719396002155 0.106625986533019 0.106793149219959 0.10973494934032 0.113737846644293 0.118826538243722 0.118033486902234 0.107271657721066 0.0947508170114325 0.0814954871896414 0.0764711262178844
-9999 -9999 -9999 -9999 -9999 -9999 -9999 -9999 -9999 -9999 -9999 -9999 -9999 -9999 -9999 -9999 -9999 -9999 0.234601465437378 0.232626336363185 0.229581397733702 0.224350190975207 0.212082052908933 0.195967619340913 0.119495434294854 0.0524541093172243 0.0149690350529763 0.00637999240056171 0.0170015092089296 0.044356183528645 0.0687590386522314 0.0788690974813667 0.094795341585497 0.115389763229203 0.121565596899771 0.125257015469085 0.127325725674398 0.128549939492333 0.128958968061749 0.127966527005766 0.124914927177511 0.111442146537316 0.102322582682235 0.0982537828476294 0.0983286849546804 0.0998672573951405 0.10414921015173 0.106502718368825 0.106160036346633 0.107951349081014 0.110696461690374 0.116734743201651 0.11973711583555 0.117594023690711 0.106916272484362 0.092443565038971 0.0857071344105921
-9999 -9999 -9999 -9999 -9999 -9999 -9999 -9999 -9999 -9999 -9999 -9999 -9999 -9999 -9999 -9999 -9999 -9999 0.234658707375985 0.238119407316413 0.237268099278299 0.227604750284927 0.212239171809239 0.193756828560884 0.103506950422584 0.0306797920420882 0.00875521267015849 0.00292411874243266 0.00779223995989331 0.0429103591833862 0.0729308020882953 0.077882194707029 0.092382502916283 0.114546946839818 0.120380895113142 0.123505319992681 0.12523431069035 0.127623351497572 0.13064953311514 0.130549671202829 0.129256893844282 0.124786887700339 0.118160307518171 0.109031589928786 0.102375996732229 0.0975293286472571 0.102835822878821 0.10569497518343 0.10513245822013 0.105834438927363 0.107182403991884 0.111924261533079 0.116069640410429 0.119204066693335 0.115876987188852 0.10959188352158 0.0973415998352655
-9999 -9999 -9999 -9999 -9999 -9999 -9999 -9999 -9999 -9999 -9999 -9999 -9999 -9999 -9999 -9999 -9999 -9999 0.24822077243809 0.24803134736587 0.243163136666253 0.228733336383621 0.208581454088246 0.185301955884229 0.0965742674796118 0.0259589063555691 0.00740799499279353 0.0103029521298852 0.0274554771413178 0.0537019385145713 0.074668455527862 0.0760153723613914 0.0876339686524464 0.107496804263642 0.117258785463298 0.12423291866698 0.125628218756193 0.128640338745531 0.133213161364022 0.133715205400429 0.133073072585269 0.130708941323703 0.12600599277365 0.118589461419369 0.108416232817425 0.0987641895328998 0.100897482323051 0.102748346795725 0.10420434356166 0.105366323850885 0.106540239120011 0.109819276611741 0.112986302542839 0.11596348366524 0.116642135391524 0.116217137456696 0.106512549104403
-9999 -9999 -9999 -9999 -9999 -9999 -9999 -9999 -9999 -9999 -9999 -9999 -9999 -9999 -9999 -9999 -9999 -9999 0.253118127204174 0.253643404629112 0.248319365848762 0.231041635373553 0.2053575739984 0.17507872104259 0.0921791634902322 0.0263541550693564 0.00876524750951383 0.0206666754338194 0.0521737658569385 0.0663208194607187 0.0755505638489193 0.0738789576936932 0.0817806417160605 0.0973660249457084 0.112953007667949 0.125812452881535 0.127103408310259 0.130456972983266 0.13580155698392 0.136693143892532 0.136377805350249 0.134442498086809 0.131453115497701 0.127240755512209 0.114976756000644 0.10168337477619 0.099580925138933 0.099827152954064 0.103357105601658 0.105147344760725 0.106359536373887 0.108448695693825 0.110350789366245 0.111935831460541 0.115180090866921 0.119109247413372 0.114171263015691
-9999 -9999 -9999 -9999 -9999 -9999 -9999 -9999 -9999 -9999 -9999 -9999 -9999 -9999 -9999 -9999 -9999 -9999 0.253110521767914 0.252913569092126 0.251303018858187 0.246803633622396 0.213153896572572 0.163570954812806 0.0894359055666498 0.0324911943692967 0.0214629489573675 0.032607831113042 0.0584937749927258 0.0686840451812162 0.0746362959419382 0.0714025352061037 0.0719907435768456 0.0756465348213612 0.103298297754322 0.129069756176835 0.132032293718806 0.134616334305511 0.136835014969838 0.137042525551987 0.136747987868208 0.135975898328507 0.134202337236488 0.131266831602384 0.121603290741197 0.110580322838621 0.104363102574613 0.10138667252533 0.102941244931949 0.103569470603672 0.104026392069057 0.107386702120601 0.110037004060971 0.111483935980624 0.112763653455968 0.113966518896221 0.114972872132539
-9999 -9999 -9999 -9999 -9999 -9999 -9999 -9999 -9999 -9999 -9999 -9999 -9999 -9999 -9999 -9999 -9999 -9999 0.373999947975716 0.315648411020185 0.273221206772568 0.26333704806327 0.220757035517242 0.160305892781417 0.0913129142943633 0.03902366812619 0.029925101292967 0.0399417366269131 0.0626664743318054 0.0727483719428323 0.0778451470991238 0.0704758042692494 0.0677913724629396 0.0688671366237591 0.100463893422587 0.130454985987168 0.13476807808347 0.137205706370923 0.137832965243003 0.137486567633452 0.13687180252165 0.135876440682237 0.134626014871657 0.133079654355302 0.126494717329727 0.118319596231776 0.108534655588476 0.102697254920153 0.102378975248963 0.102437347197224 0.102765693571815 0.105489418528986 0.108070494805944 0.110409800400901 0.11097182903895 0.110756862516281 0.114001468182882
-9999 -9999 -9999 -9999 -9999 -9999 -9999 -9999 -9999 -9999 -9999 -9999 -9999 -9999 -9999 -9999 -9999 -9999 0.374353478106294 0.349573993183209 0.32006380137033 0.280885913424318 0.228105877888457 0.167891084671916 0.0992717943529861 0.0460766706032867 0.0328118038416475 0.0412109050141687 0.0640125701700862 0.0790519369202899 0.0864814511552124 0.0715890042120391 0.0709510714213991 0.0817540745119613 0.106607373727644 0.129375918622275 0.134616981804385 0.137728428744527 0.138784175066641 0.13805521561978 0.136671311725828 0.133627576448469 0.131988470919412 0.131979069065823 0.129102140564714 0.124534968752324 0.111902415348553 0.103680149761233 0.101623980589773 0.101891986182524 0.102916705242707 0.102492603936403 0.10392842834469 0.108516581311593 0.110002211682135 0.110091798667292 0.110696164882311
-9999 -9999 -9999 -9999 -9999 -9999 -9999 -9999 -9999 -9999 -9999 -9999 -9999 -9999 -9999 -9999 -9999 0.362823773162794 0.363603470815961 0.362839076531479 0.352558168416979 0.322829265299055 0.255705329634687 0.168141753567398 0.110362468360481 0.065779048292563 0.0519144631663878 0.0607362249418714 0.0846402451380504 0.0911652759303059 0.092071564481526 0.0798202265005739 0.0823665359613012 0.0967897100953013 0.11416722551618 0.129556123449911 0.134684882049417 0.138314726604221 0.140497682058844 0.138206874733567 0.135137825821597 0.133004577823548 0.131681248133256 0.131297615786392 0.129258818254055 0.126343309307193 0.119672935120622 0.112079962633674 0.10319709018781 0.100945718684485 0.101078199084188 0.101088624435749 0.101926274459145 0.104165961099894 0.106354481081824 0.10850541327551 0.108636780194896
-9999 -9999 -9999 -9999 -9999 -9999 -9999 -9999 -9999 -9999 -9999 -9999 -9999 -9999 -9999 -9999 -9999 0.364461082622314 0.35200123939122 0.369722513970561 0.378670493093918 0.369689321980212 0.288433214782832 0.167672563716971 0.121937509089717 0.0873954928719465 0.074276489137127 0.0845169077711845 0.110287056522338 0.10474516050942 0.0969658075658673 0.0909073402251732 0.0968218022757716 0.112345958210717 0.122233854474455 0.130444521435969 0.135026439791677 0.139032095040834 0.142481488367801 0.138370485757562 0.133434162603713 0.132970468877819 0.132066771961288 0.130652566978225 0.128601206990586 0.126745573480146 0.12829912653792 0.122398815959051 0.106077135218623 0.100429698930673 0.0987993364044972 0.100184937580957 0.100621260141158 0.0994486807604714 0.102170262406937 0.106619486691871 0.10699503632758
-9999 -9999 -9999 -9999 -9999 -9999 -9999 -9999 -9999 -9999 -9999 -9999 -9999 -9999 -9999 -9999 -9999 0.375907948291706 0.379659518387245 0.383685915044151 0.382873486010451 0.372172408724438 0.298723976040146 0.190978651676935 0.125795363660337 0.0772602027172564 0.0670162200251227 0.0830083622838412 0.116442714087432 0.111822355739296 0.106274725490816 0.108596616237911 0.115184971024408 0.125197668513289 0.130768223289863 0.135292692241517 0.138126880862886 0.141260557579366 0.144683327631105 0.140613181332073 0.135510202611994 0.133571715317005 0.131281686187133 0.12858378514576 0.127995213145453 0.128041420157407 0.128479963763607 0.125060047060741 0.116245553116512 0.107673011089958 0.0995981152834998 0.0988495272826371 0.0990803585036878 0.100971176013369 0.102903096420018 0.104843461703728 0.105377532189539
-9999 -9999 -9999 -9999 -9999 -9999 -9999 -9999 -9999 -9999 -9999 -9999 -9999 -9999 -9999 -9999 -9999 0.398879257613483 0.397936888818376 0.393488856685151 0.385961914675186 0.37214289712492 0.307830557297629 0.21591922156602 0.14283043230952 0.0857831778798598 0.0676979501265987 0.0864501053366687 0.12969236165484 0.124944294839173 0.119142008447052 0.123635169293763 0.128530304473563 0.133748071664638 0.136937130798434 0.139660280601383 0.141661673226381 0.144184342031687 0.147210194342501 0.143512871079655 0.138621302436462 0.134990258075262 0.130974646216783 0.126512844844987 0.126584772090274 0.127765116849684 0.12745839537958 0.125608754407296 0.121601932133403 0.111868580247542 0.10058216218746 0.0984241732774389 0.0982104601091692 0.101292037660555 0.102835875661415 0.103681665566099 0.103931684322981
-9999 -9999 -9999 -9999 -9999 -9999 -9999 -9999 -9999 -9999 -9999 -9999 -9999 -9999 -9999 -9999 -9999 0.400256169127774 0.401279453932866 0.396668170004471 0.387275909659183 0.368113222125116 0.315051873643405 0.243461956185326 0.180844186074081 0.124010904787177 0.0810236806740586 0.0977729182344074 0.15423594294624 0.147689723205889 0.137674359836712 0.13445365869207 0.133887030764859 0.135450610937322 0.139340123325821 0.143262761273095 0.14588797131605 0.148215108536226 0.150254518571601 0.147458523486515 0.143380261499604 0.137709971325366 0.13142867549286 0.12443846817089 0.12389361687117 0.124985883917193 0.124522546137949 0.12279423411002 0.11929734064124 0.111212012954729 0.10186116366485 0.099447667586979 0.0984088274088521 0.0996998475133338 0.101494933687529 0.103497747875831 0.102759120539541
-9999 -9999 -9999 -9999 -9999 -9999 -9999 -9999 -9999 -9999 -9999 -9999 -9999 -9999 -9999 -9999 -9999 0.404761817721608 0.404436982430436 0.39745418857251 0.383621528777026 0.35579044887653 0.297565749188288 0.222728290620025 0.195781630263991 0.165387542782173 0.121784429053689 0.125622094790406 0.160999174901547 0.160970525288643 0.157414917392452 0.152590541906163 0.14889296884026 0.146099788172755 0.148668925722945 0.151580182596683 0.152627332843723 0.153684982629574 0.154752767531789 0.151810684891374 0.147675014209289 0.141450440281606 0.134900015530147 0.127971526533785 0.124950734859309 0.123179418129308 0.122804083586278 0.120970926815749 0.117099564652273 0.112306856611902 0.107110918727864 0.100646152795495 0.0960858233512344 0.0947532623508588 0.0967326610396912 0.100187968313113 0.101092010125608
