layers/veg/veg_4600.asc
NCOLS 255 
NROWS 330 
XLLCORNER -2985163.8955 
YLLCORNER -3022031.214 
CELLSIZE 25000 
NODATA_value -9999 
[rows 200 to 224 of 330, columns 56 to 111 of 255]
-9999 -9999 -9999 -9999 -9999 -9999 -9999 -9999 -9999 -9999 -9999 -9999 -9999 -9999 -9999 -9999 -9999 -9999 -9999 -9999 0.300609939210065 0.300345305026029 0.287192715685752 0.250006329461596 0.186993494975346 0.111091937485144 0.0968199064931343 0.0904741266256427 0.10020845877971 0.124150115278642 0.15675631233442 0.180130455972234 0.197584547775657 0.199669471305699 0.193336887184632 0.180789083259008 0.202478485037841 0.223435704955681 0.226393065290959 0.229022896812376 0.231361500618078 0.246554129908742 0.263371512403931 0.276703376063005 0.283387632198799 0.28296816828961 0.274141953946255 0.264353673221894 0.262825283824892 0.265681970448749 0.274176669883921 0.279527127063297 0.283259615718236 0.279427758611606 0.276072385339927 0.273457354285478
-9999 -9999 -9999 -9999 -9999 -9999 -9999 -9999 -9999 -9999 -9999 -9999 -9999 -9999 -9999 -9999 -9999 -9999 -9999 -9999 0.224780864129743 0.235524154906835 0.239235260026359 0.229832560846073 0.198017145643093 0.155016635004181 0.138483420611246 0.131100941421874 0.143834648486291 0.155514972835975 0.166552876626224 0.180345661838208 0.191636764177406 0.195188880152533 0.192100416596028 0.184108760416549 0.203142381140508 0.219752112418015 0.215263691595888 0.216214218775597 0.222000877420496 0.227223232879286 0.23667572165098 0.267988002837882 0.284057512020692 0.283838396364057 0.273361969174293 0.262375183400624 0.266356601325907 0.271505974549825 0.278157020015096 0.282507066481905 0.285596770806684 0.28218983782556 0.279639762809926 0.278421040674473
-9999 -9999 -9999 -9999 -9999 -9999 -9999 -9999 -9999 -9999 -9999 -9999 -9999 -9999 -9999 -9999 -9999 -9999 -9999 -9999 0.224286923988117 0.219114144086973 0.216613916286797 0.219097533757461 0.190906595169426 0.147407478999343 0.134601731610069 0.129777505128743 0.14223492646802 0.153697996648237 0.16455464751006 0.177139870312599 0.187405587082697 0.190650241117465 0.188760543800554 0.183079804820577 0.193861648056772 0.205227778985833 0.211433761162792 0.212614304570222 0.209326395153408 0.21487317000165 0.226279153250926 0.259221935214197 0.276526207946414 0.277118965880376 0.264487087013597 0.252323733222503 0.267761527291481 0.279488069897337 0.286442954453127 0.286231784553445 0.283370324182881 0.27633367359267 0.271246252293686 0.26918746833663
-9999 -9999 -9999 -9999 -9999 -9999 -9999 -9999 -9999 -9999 -9999 -9999 -9999 -9999 -9999 -9999 -9999 -9999 -9999 -9999 0.188399292087256 0.191841869533352 0.19674930958011 0.20438846383446 0.18235787077156 0.145520551251793 0.133004620782817 0.127841596435639 0.138736491071466 0.148567370042305 0.157749343796465 0.171284041954859 0.182440545478938 0.18591594854963 0.185312414972794 0.181697124367154 0.186802412157335 0.193607847814857 0.202870343452633 0.207120788799432 0.206914685911327 0.21072077918654 0.21831606819047 0.241385863013315 0.257673515706619 0.266713682921151 0.255764454869633 0.244417294171317 0.266637583863749 0.282579604399235 0.29044948165343 0.290061639701841 0.286542958119849 0.27724558039739 0.270551370531763 0.267901862545994
-9999 -9999 -9999 -9999 -9999 -9999 -9999 -9999 -9999 -9999 -9999 -9999 -9999 -9999 -9999 -9999 -9999 -9999 -9999 -9999 0.188100002586991 0.181898672931761 0.179823501026535 0.185442896341031 0.172275992205601 0.149733760598807 0.13384296681565 0.125252766286332 0.133213946990318 0.139904252084126 0.145819495456261 0.162603162366237 0.176693173301709 0.180973081049223 0.181748880640648 0.17993735827031 0.182111386117781 0.185084132169459 0.189260828308545 0.199608613752547 0.215443526330679 0.215307453153405 0.212947179188161 0.213880782712529 0.226751745337606 0.252379125490478 0.247204127676284 0.238797527611219 0.262817758814418 0.280457594406546 0.289893979927261 0.294003575416358 0.295471240053443 0.285372536888847 0.278063552299973 0.275089124907588
-9999 -9999 -9999 -9999 -9999 -9999 -9999 -9999 -9999 -9999 -9999 -9999 -9999 -9999 -9999 -9999 -9999 -9999 -9999 -9999 0.169211112362957 0.16936100137924 0.170305996742871 0.172733727282222 0.159586163125348 0.138665727646514 0.127268781587903 0.122750584976989 0.133714293897924 0.139108617657752 0.141106371983832 0.153938573437484 0.16496813846267 0.168766903593805 0.17199090988935 0.174790532549517 0.177537012223935 0.180185712440408 0.182493152335943 0.194971516435161 0.216493527679908 0.220637889434212 0.219921196649484 0.210470528337079 0.210852170417803 0.221740747539979 0.233134686982323 0.245538556658126 0.26446311853596 0.278356278672151 0.285780427246558 0.290587614884989 0.29383124468375 0.288046782993684 0.284467957707586 0.284316165252273
-9999 -9999 -9999 -9999 -9999 -9999 -9999 -9999 -9999 -9999 -9999 -9999 -9999 -9999 -9999 -9999 -9999 -9999 -9999 -9999 0.158847792989058 0.161392554418439 0.162637076735828 0.161456879046108 0.146499320043808 0.124666150741511 0.119249858673882 0.120143134576864 0.134970474410455 0.139097868108674 0.136699746164709 0.144853620806892 0.152368256906326 0.156064379809637 0.161748638547834 0.168900873524046 0.172933899072767 0.176130115038225 0.17759388858566 0.190368260632478 0.213199640261373 0.223798443005151 0.228343906865239 0.213461686058816 0.201541531191077 0.192786678593292 0.218962235081914 0.25136748987208 0.265905021458474 0.276206686448202 0.28106218128594 0.285696193186328 0.289858540026394 0.288982596499288 0.289718750124674 0.292959718169184
-9999 -9999 -9999 -9999 -9999 -9999 -9999 -9999 -9999 -9999 -9999 -9999 -9999 -9999 -9999 -9999 -9999 -9999 -9999 -9999 0.158738245686117 0.157753100413685 0.155115556052524 0.149396574520905 0.135220117055711 0.116822945092177 0.114050713240953 0.116607509813924 0.130871839047002 0.130608815718259 0.121486078033732 0.132658628091159 0.144169214654635 0.15286188002489 0.159161354253685 0.163693772294945 0.167909181241045 0.171693807832061 0.174011917456108 0.180812744532936 0.191599454709885 0.209712053887248 0.225058065736825 0.219783433548638 0.213345734648802 0.205665167501364 0.213999424543356 0.228154817498508 0.255970832170561 0.27366587646236 0.278348110851811 0.283300575946424 0.287906159933776 0.287041083930437 0.288519134141534 0.29363784355154
-9999 -9999 -9999 -9999 -9999 -9999 -9999 -9999 -9999 -9999 -9999 -9999 -9999 -9999 -9999 -9999 -9999 -9999 -9999 -9999 0.144584443577592 0.147225677972276 0.146217914714123 0.138405404903482 0.125702028062401 0.110557857591287 0.107412590416106 0.108745904143603 0.119957705922597 0.118289092631656 0.108765173439797 0.119836676840686 0.132448173637465 0.145656470833483 0.154301082422334 0.159576013775289 0.163691369559112 0.167562356875743 0.171038325775225 0.172922430843428 0.173391103596383 0.189855998314397 0.207249812299483 0.214790335898686 0.217438302253647 0.214858018167312 0.213431873692272 0.215595692713344 0.242111133105631 0.262344515043158 0.274500881695005 0.281620740325529 0.286711942938048 0.286778348771679 0.288524898724792 0.292881991851552
-9999 -9999 -9999 -9999 -9999 -9999 -9999 -9999 -9999 -9999 -9999 -9999 -9999 -9999 -9999 -9999 -9999 -9999 -9999 -9999 0.144380991682219 0.140466462587606 0.13555527593764 0.128785496131683 0.118442724792167 0.106316847324229 0.0989288507837633 0.0953358422456768 0.100302089235134 0.10105619282624 0.0992414603423502 0.106210595368419 0.116209855174478 0.133316973419902 0.146525501409998 0.156855434408667 0.160508486959795 0.163821911241499 0.168845034981698 0.167167887717863 0.159533082572951 0.162599831077037 0.170815270225999 0.195284940500713 0.21164000929091 0.219323709168194 0.218501635281311 0.216700692603843 0.223216617744666 0.239761313517563 0.269200275441465 0.28085895845166 0.286490137713555 0.288668795324819 0.290076671358815 0.290286936686935
-9999 -9999 -9999 -9999 -9999 -9999 -9999 -9999 -9999 -9999 -9999 -9999 -9999 -9999 -9999 -9999 -9999 -9999 -9999 -9999 0.133488975216143 0.133593572622314 0.131114971566829 0.123819154251233 0.114018933964864 0.102968888079056 0.0948124911769744 0.0891595822088306 0.089161118688632 0.0893341838562317 0.0896118582546769 0.0967303319853298 0.102476268467072 0.102979963027985 0.115249238500263 0.136205844536808 0.143056415000362 0.148866252526078 0.157081746820446 0.159538329103736 0.156874278578507 0.159380953681295 0.165127338940698 0.182522189317444 0.199754833368935 0.216814141627045 0.220667304260712 0.221137341730653 0.220786993410337 0.228922837500636 0.247969612508148 0.269211214132194 0.289784499443247 0.292994115240776 0.293580418922606 0.290090721351587
-9999 -9999 -9999 -9999 -9999 -9999 -9999 -9999 -9999 -9999 -9999 -9999 -9999 -9999 -9999 -9999 -9999 -9999 -9999 -9999 -9999 0.131742216218309 0.128640006066422 0.119752713038495 0.109813075713719 0.0993482645822609 0.092816922813708 0.0869143196967693 0.0823204251701686 0.0805565292660746 0.0805185486184584 0.0882981364365705 0.0892704220537987 0.0691241727606625 0.0788410116749384 0.110607804678356 0.12187665917332 0.13128390123643 0.142883172313911 0.151579944643081 0.15769591172836 0.16364701181865 0.169193127158445 0.17284540693329 0.186697926483868 0.211450555209778 0.221221814123206 0.226263949450363 0.223806835903436 0.222797276416258 0.223648876985399 0.253895217235754 0.291145662977731 0.296811516125524 0.297779352344144 0.291447590937831
-9999 -9999 -9999 -9999 -9999 -9999 -9999 -9999 -9999 -9999 -9999 -9999 -9999 -9999 -9999 -9999 -9999 -9999 -9999 -9999 -9999 -9999 0.125646221966795 0.108182257709952 0.0969097089635891 0.0887269942783061 0.0997132819760453 0.104619400259325 0.0948828110550553 0.0863485517702849 0.078547550634434 0.0762565611909132 0.0725672262354623 0.0638099049322133 0.0729939132336818 0.095425228422319 0.111616311889077 0.126069167287509 0.136816796183914 0.147066617216081 0.156873804070636 0.16456915770938 0.171223781522393 0.17454620415136 0.183523002063224 0.198542139102107 0.213354818484658 0.226588621485624 0.228562640365235 0.228219379309767 0.224896727726239 0.236616518502375 0.25421031824132 0.2844821203243 0.302797517765093 0.302535514518608
-9999 -9999 -9999 -9999 -9999 -9999 -9999 -9999 -9999 -9999 -9999 -9999 -9999 -9999 -9999 -9999 -9999 -9999 -9999 -9999 -9999 -9999 0.102853946540855 0.0943542589679862 0.0868490995093948 0.0798402606154616 0.103310828081586 0.116641091426174 0.105602486427301 0.0917990024761108 0.076309317433454 0.0666465688300444 0.0599988164879152 0.0609680128391509 0.069209624431649 0.0828209560301045 0.101016257073373 0.118424795231554 0.130852694275393 0.142834619853542 0.154420000675365 0.163131918187898 0.17075333487225 0.175483728026539 0.18190855549216 0.190144077548301 0.205115143652926 0.220886884685262 0.230260830162421 0.233867755452641 0.230059864319519 0.22961006840411 0.232730939009053 0.267140375538614 0.293282090339132 0.306577737786808
-9999 -9999 -9999 -9999 -9999 -9999 -9999 -9999 -9999 -9999 -9999 -9999 -9999 -9999 -9999 -9999 -9999 -9999 -9999 -9999 -9999 0.105820858624608 0.101755675301081 0.0901096314679583 0.0811943220142315 0.0736417891473671 0.101795726683493 0.119854412398698 0.113466246917386 0.0967200699849336 0.0736569111825532 0.0608051519997528 0.0538386824804339 0.061957918854662 0.0686223699479816 0.0742126538811334 0.0898897083846366 0.107014861748264 0.125047101513681 0.139038640363798 0.149437322501311 0.158037997996682 0.166406570396311 0.175238296855787 0.182712607042923 0.188736364508732 0.196297873997276 0.205845150874205 0.227220192474402 0.239866819962387 0.241291085431333 0.238524007075014 0.235205903988021 0.242030268896243 0.261241852956297 0.299700220683473
-9999 -9999 -9999 -9999 -9999 -9999 -9999 -9999 -9999 -9999 -9999 -9999 -9999 -9999 -9999 -9999 -9999 -9999 -9999 -9999 0.105355000505594 0.105398195107194 0.101771770113452 0.0913021422278309 0.0831223474433743 0.0760852968824625 0.109596667499898 0.131600544258314 0.1257429751163 0.100819109160814 0.0642673885861766 0.0562448966850354 0.053573074766143 0.0610187839058037 0.0681868184527814 0.0751498269161252 0.0839756781147853 0.095533082335858 0.11645521841107 0.133306487587959 0.146538077464561 0.156248277967583 0.165502326452878 0.175655492429301 0.184748050626332 0.192707229526233 0.19618899692085 0.200456353128037 0.218689409176824 0.233470780863275 0.243814227058155 0.245700411339906 0.244636322124514 0.240881212327803 0.248722490213429 0.274581788310555
-9999 -9999 -9999 -9999 -9999 -9999 -9999 -9999 -9999 -9999 -9999 -9999 -9999 -9999 -9999 -9999 -9999 -9999 -9999 -9999 0.103435357047858 0.104284268295959 0.102138144554464 0.0944068009912476 0.0877843456640537 0.0817152824708222 0.120502162649288 0.145945974749361 0.13915916391682 0.104435295545737 0.0526736118755923 0.0524730253634373 0.0557334546718748 0.0593491219603518 0.0677329979595875 0.0796375675464869 0.0801573778150213 0.084245209479611 0.10672721431007 0.126627294993736 0.144231614695165 0.155649421395398 0.165954996228929 0.176271529001494 0.18712962895906 0.198566454669359 0.199490950561991 0.199099601669755 0.208205451182401 0.222219843207073 0.242545283303896 0.25183313692947 0.256603396237433 0.249457823080334 0.244541107128176 0.243087503592339
-9999 -9999 -9999 -9999 -9999 -9999 -9999 -9999 -9999 -9999 -9999 -9999 -9999 -9999 -9999 -9999 -9999 -9999 -9999 -9999 0.103402942259207 0.103207362436998 0.0989105839125504 0.0869657824554404 0.0800528951405198 0.0756511912024298 0.10742796551111 0.129921657126709 0.129819095450894 0.102977298429586 0.0598281951564956 0.0578429530180038 0.0586095634455612 0.0596272826845469 0.0645200062076332 0.0722739095914961 0.0752660886396946 0.0806399106850096 0.0970264602844574 0.11454443508745 0.133068435508912 0.149634196582374 0.164763718945409 0.174425534478245 0.184131186353354 0.193883682315184 0.197887642911629 0.200953240164576 0.207599567106781 0.217947803326397 0.233055686091042 0.246446658394064 0.258196104269839 0.25626695428576 0.253187438334513 0.248320528083002
-9999 -9999 -9999 -9999 -9999 -9999 -9999 -9999 -9999 -9999 -9999 -9999 -9999 -9999 -9999 -9999 -9999 -9999 -9999 -9999 0.103131967521435 0.10270752157471 0.0973770939780774 0.082897863094926 0.0758074415299565 0.0724044149820879 0.0969383025728334 0.115478996764339 0.119272391986034 0.0999008592875148 0.0664018629942274 0.0634557277627829 0.0626730758519379 0.0624261758648531 0.0659479119828059 0.0722522890827497 0.078154787611054 0.084260828577746 0.0913057885865596 0.104277899489636 0.122520235614392 0.141591592582814 0.159490262084679 0.170717513731786 0.180897102669066 0.189957145579281 0.196516134340208 0.202253825549622 0.206505204215894 0.213689504234725 0.224644741879641 0.241285471342588 0.258553078695402 0.260543802825763 0.259630908837304 0.254206484932418
-9999 -9999 -9999 -9999 -9999 -9999 -9999 -9999 -9999 -9999 -9999 -9999 -9999 -9999 -9999 -9999 -9999 -9999 -9999 -9999 0.103158593037244 0.103592092326697 0.0990419790243904 0.0851982942185945 0.0781434872987137 0.0744766788248922 0.0913281936494187 0.104022476819397 0.106447583377992 0.0937688307530868 0.0718787729391323 0.0695269934395408 0.0689783849284367 0.06998416651699 0.0761377486938979 0.0860923030222762 0.0957319640644266 0.101524713412189 0.0930994406311852 0.0974405514692355 0.113133105545198 0.129721333197732 0.146509723713431 0.163494021016107 0.177218132872955 0.187458368068798 0.195582258254488 0.202510256625417 0.20448860212063 0.209457147505183 0.218270275105481 0.236549630554655 0.256577010330201 0.260039747306805 0.261915418011367 0.261325166314057
-9999 -9999 -9999 -9999 -9999 -9999 -9999 -9999 -9999 -9999 -9999 -9999 -9999 -9999 -9999 -9999 -9999 -9999 -9999 -9999 0.125335829498269 0.122705241820418 0.113109344320662 0.0905243543338846 0.0800781954628344 0.0756899362400286 0.0897393618268923 0.0984375335455228 0.0941940088929497 0.0842880929104924 0.0709288863480777 0.0684834680491765 0.0677512786840118 0.0699260421236592 0.0761233128504371 0.0852906749618845 0.0967748753209035 0.105293056254456 0.101707569942888 0.102843721327394 0.108178195737144 0.120915488419495 0.135586981454449 0.153289823730036 0.169325121146016 0.183578458390066 0.193621733878421 0.201904835190022 0.204902455048626 0.208784676842755 0.213804255668248 0.22776038529668 0.244118239356899 0.254304200375667 0.261145225539185 0.262789018297492
-9999 -9999 -9999 -9999 -9999 -9999 -9999 -9999 -9999 -9999 -9999 -9999 -9999 -9999 -9999 -9999 -9999 -9999 -9999 -9999 0.125797852017495 0.138054863972122 0.13344451469894 0.0973794677020527 0.081810080818352 0.0764690800952718 0.0901827510231571 0.0958198917594642 0.0822291173218877 0.073115027662663 0.0667311084338944 0.0638443615565501 0.062717537792583 0.0660189839989247 0.0709519737032336 0.0770896432107412 0.0894619134504141 0.102241196606717 0.113759511652192 0.114432845818772 0.105463184087964 0.113658297866787 0.125704181583622 0.141579276514135 0.159302471403332 0.179000569996706 0.191142375265815 0.200863861877849 0.206544579906057 0.209911255365097 0.210302702666443 0.216922682905558 0.226361855700002 0.245924829967376 0.258831287451895 0.261395105726933
-9999 -9999 -9999 -9999 -9999 -9999 -9999 -9999 -9999 -9999 -9999 -9999 -9999 -9999 -9999 -9999 -9999 -9999 -9999 -9999 0.147991784297113 0.148142743345979 0.137012966697391 0.104846578176196 0.086185488833827 0.0742642368254526 0.0851555907641091 0.0899656986006046 0.0800040732464405 0.0694296134829488 0.0584814078637733 0.0586708361266524 0.0606724550447967 0.0658249472182999 0.070728807932322 0.0754490870881141 0.0897879796097809 0.10444861993766 0.116021048072959 0.122067431119933 0.123200238872442 0.121774093028212 0.122571706208762 0.136917387249417 0.151547586926379 0.166481826926546 0.17577238551247 0.18452187401883 0.199588796030694 0.209085822538436 0.21142148124764 0.21436832135536 0.218081595253396 0.228957681855399 0.240587774159214 0.253389411460229
-9999 -9999 -9999 -9999 -9999 -9999 -9999 -9999 -9999 -9999 -9999 -9999 -9999 -9999 -9999 -9999 -9999 -9999 -9999 -9999 0.155961065464621 0.153461158227117 0.142486108076735 0.115706389081635 0.0939747333327697 0.0747623201923672 0.0798131351276408 0.081709946538585 0.0755137052077352 0.064311909295528 0.0500574041168246 0.0527208830652633 0.0574681125334469 0.0650697916532656 0.0702648219397498 0.073682859307245 0.0882750862379005 0.103389199306158 0.115468447233876 0.125926224786628 0.13494224487128 0.130232825647557 0.126081137252337 0.13722073105909 0.14749201465251 0.156835410634318 0.164003440444385 0.172124859273375 0.191245214306069 0.203564187111911 0.207138435779058 0.209752072097811 0.21218080822118 0.216195837635379 0.225121047642339 0.241675506997113
-9999 -9999 -9999 -9999 -9999 -9999 -9999 -9999 -9999 -9999 -9999 -9999 -9999 -9999 -9999 -9999 -9999 -9999 -9999 -9999 0.156104565676315 0.15822861854894 0.153099343513559 0.1344438723082 0.109605696602908 0.0816820340778178 0.0739655978422883 0.067995456467381 0.0653378062149811 0.0555436805031542 0.041397272859121 0.0449846430177831 0.0514379339121677 0.0628518009485926 0.0690323450949675 0.071348770143619 0.0821579789247633 0.0944990835329536 0.10877083230109 0.121155097189344 0.131861074258252 0.138845782530877 0.144779899138106 0.148795064925829 0.151958937278682 0.154213106371186 0.161163728925234 0.169559340732674 0.180029286763883 0.187184547924062 0.190078027605554 0.199985276379597 0.211425659843068 0.213590419583233 0.216790871543094 0.221600542154363
