layers/veg/veg_700.asc
NCOLS 255 
NROWS 330 
XLLCORNER -2985163.8955 
YLLCORNER -3022031.214 
CELLSIZE 25000 
NODATA_value -9999 
[rows 200 to 224 of 330, columns 57 to 113 of 255]
-9999 -9999 -9999 -9999 -9999 -9999 -9999 -9999 -9999 -9999 -9999 -9999 -9999 -9999 -9999 -9999 -9999 -9999 -9999 0.199924808613661 0.199898306006662 0.196310831449269 0.18608276297861 0.144719438788054 0.0878180242430481 0.0590269998817342 0.0454889365714185 0.0660376182510463 0.102183359248848 0.147841190612823 0.199713130059966 0.240161110305739 0.246459025793074 0.237765278767789 0.218002165177761 0.25401517224116 0.291780282090734 0.311213410484038 0.324492302957993 0.332299053767105 0.332659550879457 0.332809550048479 0.338666127637719 0.343983359408449 0.348724239207631 0.335169923677862 0.319556361642971 0.322172306449322 0.329954596957892 0.344379400188756 0.345517219013292 0.34306610893906 0.349564569444255 0.347900425026033 0.333553539695944 0.316852888973543 0.299473823294794
-9999 -9999 -9999 -9999 -9999 -9999 -9999 -9999 -9999 -9999 -9999 -9999 -9999 -9999 -9999 -9999 -9999 -9999 -9999 0.181106813592194 0.187619183563558 0.187288446056843 0.174196502199786 0.138303828221489 0.0910324198605866 0.0415226257606113 0.0203944347021979 0.0645868278982062 0.11173315028683 0.160680968767905 0.204327950263993 0.237079549324529 0.239360060461152 0.23175095100884 0.216839660401301 0.252057136278414 0.28794281196467 0.303969145699949 0.31522506861463 0.322239301065714 0.328902013047177 0.334154557626766 0.332610413573127 0.33412865310644 0.338919395656196 0.326910683461894 0.313173159839714 0.317369345224052 0.330498979714089 0.3551145953519 0.350765274926575 0.339013756439941 0.352080732669572 0.35456148391772 0.340593766823409 0.32143442356157 0.300527818487609
-9999 -9999 -9999 -9999 -9999 -9999 -9999 -9999 -9999 -9999 -9999 -9999 -9999 -9999 -9999 -9999 -9999 -9999 -9999 0.180807396866656 0.177671760198558 0.171845773759254 0.161002752486736 0.124601570670659 0.0754455551897474 0.0331718636152873 0.0166598611771245 0.0591290747436536 0.105855065795358 0.155177113660188 0.195275754493606 0.226930084221289 0.235924454658134 0.233536936499947 0.222745393974786 0.24652170669253 0.272372555133651 0.290552058549989 0.300330791209243 0.30263983822773 0.318166886756395 0.332751962350262 0.33056800063887 0.327858565606904 0.324587602935498 0.31132735473258 0.299991200454011 0.321076453049808 0.335792581131455 0.342319750700909 0.349983107708786 0.357078261499868 0.352385554335294 0.349759472387749 0.350344433046749 0.33265826250559 0.307892454810325
-9999 -9999 -9999 -9999 -9999 -9999 -9999 -9999 -9999 -9999 -9999 -9999 -9999 -9999 -9999 -9999 -9999 -9999 -9999 0.16629319132863 0.166538453046855 0.162982792964719 0.152339074194144 0.11604431407732 0.0669483680088079 0.0335097753743265 0.0213420527673897 0.0575273993045474 0.0975161331714265 0.139824417361212 0.179897932959212 0.212377549243167 0.223346423370351 0.22416275503135 0.217482772389132 0.238221727164356 0.260276348798596 0.275015017101725 0.281741943071692 0.281345094522152 0.306698159791504 0.330872124522225 0.325688598577947 0.319975994496014 0.313698010620125 0.300584257426621 0.291318833874132 0.322898715252705 0.340692073038415 0.340759718368905 0.349391833442258 0.359593318850204 0.354655252717835 0.351882952652656 0.352475736425738 0.338612505128045 0.318985869782114
-9999 -9999 -9999 -9999 -9999 -9999 -9999 -9999 -9999 -9999 -9999 -9999 -9999 -9999 -9999 -9999 -9999 -9999 -9999 0.166271868857827 0.165830063614419 0.161134041313778 0.148504643437729 0.112971845888285 0.0660090765810742 0.0431101806242653 0.0349968715909209 0.0600364656348833 0.0865538324639544 0.113972440224785 0.157776727093687 0.193131155742448 0.201022180235308 0.202891364050755 0.20031421232492 0.226974620591529 0.251883627075821 0.25721801480038 0.259214526432778 0.258243109783686 0.294447383512339 0.328483525970075 0.317784846241165 0.310374447725692 0.306477949374699 0.295001051324632 0.287453883761982 0.322711652384222 0.345171427555594 0.351176470655765 0.349004059127274 0.345532007955801 0.359019592699343 0.361389299782798 0.346484477083714 0.33894913542376 0.334054320340024
-9999 -9999 -9999 -9999 -9999 -9999 -9999 -9999 -9999 -9999 -9999 -9999 -9999 -9999 -9999 -9999 -9999 -9999 -9999 0.158706231572453 0.158888292348655 0.153352322339682 0.137153218513074 0.102149775078377 0.0577620012076349 0.0442191092723753 0.0460222288956263 0.0820310203072642 0.102138985667656 0.112549604162156 0.145744400172965 0.174794273260834 0.187615732764832 0.195104522778969 0.198655839327291 0.219374022075126 0.239307481528036 0.248656961633527 0.253522506196759 0.254401084575264 0.27455196695459 0.292233359214608 0.279933782847253 0.275055775439275 0.278108553354788 0.285648396627627 0.296977950604167 0.328045449113607 0.347789178065865 0.352973625142042 0.352382979643825 0.351385973551428 0.368808642687338 0.371440969195244 0.351092631404365 0.34149521856686 0.336150815320892
-9999 -9999 -9999 -9999 -9999 -9999 -9999 -9999 -9999 -9999 -9999 -9999 -9999 -9999 -9999 -9999 -9999 -9999 -9999 0.154795359543704 0.153393081913517 0.145535978694493 0.125641747378552 0.0900143142223869 0.0465352059761744 0.0411391199389987 0.053221864228218 0.104161747710915 0.118974974742299 0.111755842097257 0.135943722551627 0.159845022388928 0.177047472264626 0.189623908190054 0.198784642614327 0.212206908913337 0.226251460864513 0.240718370220329 0.249488126609983 0.253192164277496 0.254421948092085 0.253006427419654 0.240490874078683 0.238234620024411 0.246941586908675 0.27486580708894 0.306519279922892 0.33056800744362 0.345871758793519 0.349931853830224 0.354906019387535 0.361014280122638 0.377681836550675 0.379782773278868 0.35925065777091 0.346134795361891 0.336269464195885
-9999 -9999 -9999 -9999 -9999 -9999 -9999 -9999 -9999 -9999 -9999 -9999 -9999 -9999 -9999 -9999 -9999 -9999 -9999 0.154855725018671 0.155398584228208 0.148197077840633 0.126553675318327 0.0822708668656672 0.0266898330802343 0.0227201096437545 0.0371412573310432 0.0920462500080247 0.0969601392493469 0.0713862369343105 0.124249222996355 0.168076472118384 0.171148496435631 0.176654121776555 0.183956640676198 0.201620951984899 0.21724546338252 0.220635985591632 0.227150701882949 0.236443347527371 0.246399833150433 0.253211416063635 0.243549202607156 0.236918281980444 0.233526640381806 0.260422092724696 0.291969888274706 0.302503022364056 0.314086158476561 0.327019311060913 0.34434389590795 0.362280776739181 0.370031431109918 0.37460773153568 0.37425184315353 0.362119915593494 0.34535662583362
-9999 -9999 -9999 -9999 -9999 -9999 -9999 -9999 -9999 -9999 -9999 -9999 -9999 -9999 -9999 -9999 -9999 -9999 -9999 0.15566999011446 0.156221818685884 0.150075983238803 0.131440168220426 0.081884468991409 0.0168981608431586 0.0112721702175138 0.02377393024206 0.0758855405735635 0.0775523577845389 0.0484546942766259 0.117410537960861 0.172824285349902 0.170802844177743 0.16897623009978 0.167293470148775 0.183129702734043 0.197757904383518 0.200065128568432 0.206725054937653 0.217255259159322 0.236095598251066 0.252313477272018 0.247743328109302 0.239495998970305 0.227319187379911 0.249448271115642 0.277309155816722 0.28477302339616 0.295111099475683 0.309144624452506 0.331895871871292 0.356121794433982 0.363390774068763 0.370913926701505 0.378832003541675 0.371481965519341 0.357827812728579
-9999 -9999 -9999 -9999 -9999 -9999 -9999 -9999 -9999 -9999 -9999 -9999 -9999 -9999 -9999 -9999 -9999 -9999 -9999 0.155627483258952 0.154809627410026 0.1509516554131 0.141424395067582 0.0909341430489789 0.0200012561109454 0.00876525073664661 0.0138866264290254 0.0545364864134659 0.0614883555614463 0.0478890215976098 0.116799868001994 0.173104024164189 0.177579824546238 0.168085665259727 0.148276532277948 0.154499211226587 0.164826808180076 0.17886776214602 0.188751433455712 0.19493858745051 0.222864341027138 0.250000935704835 0.253394214500317 0.247068188743487 0.230355987459633 0.242924896348323 0.262505618842781 0.280298565606372 0.292566701928468 0.297731437556697 0.317029012219181 0.34043897333976 0.358045209381465 0.369119940273452 0.370046270213098 0.372349337250668 0.374639313742994
-9999 -9999 -9999 -9999 -9999 -9999 -9999 -9999 -9999 -9999 -9999 -9999 -9999 -9999 -9999 -9999 -9999 -9999 -9999 0.153585844378339 0.15359363265674 0.149608228557282 0.138176214552356 0.0926263903119914 0.0300500279598673 0.0148303984590696 0.0125215657931227 0.0382469068536232 0.0468459752442695 0.0450003405695416 0.108153579704555 0.159804101450672 0.166087761005783 0.158480623475539 0.140616963382512 0.142062104000696 0.148750914967075 0.166401347576819 0.177505803460648 0.182789794798041 0.204483263612435 0.227316824689244 0.240987093382129 0.244601815708651 0.237471050123044 0.246556750268636 0.259764346748253 0.273740486611078 0.285818708444648 0.295456724883176 0.312263695236853 0.331147937465367 0.346977910390081 0.355391139654538 0.352280518489472 0.360834734667813 0.373386340702522
-9999 -9999 -9999 -9999 -9999 -9999 -9999 -9999 -9999 -9999 -9999 -9999 -9999 -9999 -9999 -9999 -9999 -9999 -9999 -9999 0.153455781445891 0.147550363809381 0.130632368438877 0.0924573005578949 0.043673862657077 0.0237880432795563 0.0134072959915797 0.0238728641165688 0.0331454391720382 0.041690450290486 0.0974017938856264 0.142695015379861 0.149086965099944 0.146515005665571 0.13732438094306 0.135794024002928 0.139103405334655 0.157061050838887 0.16854883170531 0.174283824359773 0.185467353312836 0.199513761537723 0.223054469215902 0.238315729761883 0.244729465187226 0.252897806385045 0.261204672967947 0.26732862828759 0.278446613073934 0.295985558860589 0.310261414630605 0.323311494516211 0.334221618164617 0.33873317758378 0.333302894528782 0.345623398199121 0.364382058376569
-9999 -9999 -9999 -9999 -9999 -9999 -9999 -9999 -9999 -9999 -9999 -9999 -9999 -9999 -9999 -9999 -9999 -9999 -9999 -9999 -9999 0.145508594892504 0.122741286364228 0.0986765278107987 0.0739642751143124 0.0343406438460397 0.00807657316890777 0.0130409950752472 0.02547951192277 0.0424762127866248 0.0927209043726147 0.132711316913463 0.136875508599074 0.140169232583477 0.142820230915585 0.141339353899919 0.141842387510573 0.1515927673867 0.161073593665635 0.170314741861144 0.179263366721908 0.189833454270997 0.208851956894822 0.224763427980164 0.237354684666113 0.252169944084031 0.266280168440199 0.271133087011225 0.280210010157804 0.294717852129675 0.302078556155652 0.307896921864067 0.323418568775293 0.333564155636958 0.335356627607615 0.334118145358364 0.331343538297353
-9999 -9999 -9999 -9999 -9999 -9999 -9999 -9999 -9999 -9999 -9999 -9999 -9999 -9999 -9999 -9999 -9999 -9999 -9999 -9999 -9999 0.141326277305661 0.117858548099341 0.103520305054168 0.0937381440960608 0.0420065651040061 0.00555099347481498 0.00566848162775563 0.0209774947461494 0.0455512772882878 0.087359661054967 0.120744430417253 0.126582878922615 0.13406191281145 0.142752302744028 0.144227272508353 0.144707332799628 0.144691427619615 0.151099875475114 0.163220644141188 0.170609471258402 0.178947488755928 0.196376926406632 0.212708344080807 0.227866403296357 0.247635487437218 0.266794474897109 0.27303721390328 0.28038154846715 0.289142234728837 0.292089339798731 0.294327034231877 0.311324110523784 0.325179043941472 0.334151836871451 0.327863305314312 0.315321845687373
-9999 -9999 -9999 -9999 -9999 -9999 -9999 -9999 -9999 -9999 -9999 -9999 -9999 -9999 -9999 -9999 -9999 -9999 -9999 -9999 0.149517953618887 0.141783504513991 0.119625651809202 0.106232348568907 0.0972130052767971 0.0451985821102372 0.00737294962671932 0.00365743166317873 0.0213790464156982 0.0521744040723808 0.0809439750875024 0.10570391072168 0.119264132580808 0.128324158607236 0.134061383226991 0.142996616660872 0.147767501335602 0.135569073304334 0.137253901389467 0.151283258549187 0.158158597831653 0.166192940351348 0.186579224256978 0.202973715186585 0.21510252411257 0.237201401213248 0.26023964732569 0.271996121824897 0.278085953098539 0.276890025368026 0.279300549486904 0.283616121661286 0.297228169259523 0.311809493012274 0.327896840694285 0.32974578903367 0.325673590729798
-9999 -9999 -9999 -9999 -9999 -9999 -9999 -9999 -9999 -9999 -9999 -9999 -9999 -9999 -9999 -9999 -9999 -9999 -9999 0.166876365026711 0.165266884297333 0.154106564050378 0.125135587709944 0.109210687009977 0.0997964475326508 0.0444571708738817 0.00456479017722238 0.00177638552382205 0.0235933386326829 0.0604162221385582 0.07864988386382 0.0941419980161206 0.105192600900723 0.116519801765755 0.128051233778192 0.13798569908157 0.144660544561359 0.139881111483715 0.139882786411941 0.144135663384728 0.150685525251636 0.159352787877468 0.176617226398061 0.192255731188858 0.206156742003407 0.225542962636296 0.24579095545641 0.262374548156147 0.27148101111316 0.270973922770084 0.27470288057546 0.28001103933286 0.287945260028148 0.299384667233898 0.316270298136258 0.323864512726409 0.327376954432577
-9999 -9999 -9999 -9999 -9999 -9999 -9999 -9999 -9999 -9999 -9999 -9999 -9999 -9999 -9999 -9999 -9999 -9999 -9999 0.186616098117048 0.185281440999718 0.171043918058171 0.132744792427927 0.113030553970083 0.102591127921358 0.0426697740170795 0.000321494485622715 8.83297246143417e-05 0.0264397810051225 0.069004241736857 0.0779525868781382 0.0841619871279103 0.0887465569304763 0.102427667907908 0.122825375436999 0.131373507457809 0.139146873201492 0.149312406843165 0.148954045906004 0.139238188318413 0.145413362912494 0.154913568825401 0.166747777531633 0.181249323567154 0.198601221039103 0.213458896288858 0.228486509378164 0.249321024596866 0.263061188135894 0.267679948655292 0.273546863573361 0.279463397262804 0.280917692652095 0.287658709720968 0.302614031165019 0.31479464795217 0.325346221119645
-9999 -9999 -9999 -9999 -9999 -9999 -9999 -9999 -9999 -9999 -9999 -9999 -9999 -9999 -9999 -9999 -9999 -9999 -9999 0.186667060603972 0.186974550936207 0.180154305801711 0.160042072576577 0.142073370571729 0.125174400644177 0.0601214079487295 0.0117077602160196 0.00321667487928661 0.0255858405050065 0.0667755728727891 0.074330778570218 0.0797745978897953 0.0854091972600696 0.0947930771912882 0.106945306586633 0.12273819957141 0.137408981027877 0.146268086425434 0.148388752345989 0.144517822250179 0.145984380069595 0.150048760833008 0.162370813922451 0.174125900815875 0.185275120242336 0.203920104950925 0.223752533912803 0.238649616106836 0.252696714526081 0.265650965435074 0.275810551137417 0.284353259515481 0.283920560572808 0.28671839984704 0.294535724885349 0.305013109816749 0.316252241122697
-9999 -9999 -9999 -9999 -9999 -9999 -9999 -9999 -9999 -9999 -9999 -9999 -9999 -9999 -9999 -9999 -9999 -9999 -9999 0.196317345716759 0.193723094031525 0.188073733262477 0.176727124924802 0.158842376401391 0.137694760411274 0.0723787257977485 0.0218026244061858 0.0066443414054061 0.0244136330250563 0.0622642783754989 0.0693798832620357 0.0750035043621058 0.082064485538649 0.0890112137651456 0.0958735812488555 0.113324307914919 0.130492343785163 0.141883697243668 0.147358359353128 0.147572096520251 0.146694506843626 0.147354987023905 0.156769183229623 0.16630233990621 0.175962619292511 0.194273198012418 0.213966247350403 0.228053188847638 0.243891349604457 0.261981101114543 0.274034950885534 0.283418588634995 0.283769831397032 0.285662020897255 0.289948474045266 0.297350224963886 0.305961317487674
-9999 -9999 -9999 -9999 -9999 -9999 -9999 -9999 -9999 -9999 -9999 -9999 -9999 -9999 -9999 -9999 -9999 -9999 -9999 0.196480083256819 0.199129669784594 0.193744649161827 0.173376482341164 0.152438648578554 0.131216521778639 0.0748292684466431 0.0294593457500809 0.0106371212892189 0.0226405432200402 0.0534434277990351 0.061919695637862 0.0695079840472667 0.0787058932773452 0.0867272660907235 0.0938799218513893 0.102440464124921 0.113798329135399 0.134969282373716 0.14544986700877 0.14642493183388 0.147667270068673 0.148760086646575 0.148855403142485 0.157156930764919 0.174227722557765 0.184422170767486 0.194641288442775 0.217598324801634 0.238029553802305 0.25521328283339 0.264633247995813 0.271487304114918 0.277665167708024 0.284386505622978 0.291952272991635 0.293687319345733 0.293410585824205
-9999 -9999 -9999 -9999 -9999 -9999 -9999 -9999 -9999 -9999 -9999 -9999 -9999 -9999 -9999 -9999 -9999 -9999 -9999 0.222910062167786 0.220515532614853 0.207581943843507 0.174994840955155 0.148786955092246 0.125762625883686 0.0729913027798651 0.0317997659996354 0.0182607008777263 0.0280669395270071 0.0521106465712787 0.0593652273546227 0.0664436103066597 0.0761517971168652 0.0848495663235548 0.0928012753232878 0.0984066893827376 0.106116148511056 0.122725126495005 0.134995694195139 0.143408691924872 0.148212286194075 0.151351792712454 0.149374730503772 0.153991868202979 0.165655653873243 0.171426726559362 0.178046545487609 0.201681871396643 0.22340359850395 0.242664959015894 0.254602279535055 0.264033150999922 0.271744550990968 0.280305711216336 0.290187196140771 0.29383828844352 0.29494765137943
-9999 -9999 -9999 -9999 -9999 -9999 -9999 -9999 -9999 -9999 -9999 -9999 -9999 -9999 -9999 -9999 -9999 -9999 -9999 0.223330624685327 0.234487742770816 0.22554625742801 0.179124369136146 0.146526049130103 0.120826399074881 0.0689860662387561 0.0314535027516129 0.0277191670681223 0.0371317190227462 0.054562088996562 0.0592899480719959 0.0646078579825734 0.074004266792216 0.0831771708702266 0.0921850461663188 0.0978347139520369 0.102988252027011 0.107787495028571 0.120222815897199 0.139447882950404 0.148541133021809 0.154543170597615 0.154155872651866 0.15384907585851 0.153628303645862 0.156842197569433 0.16283156376382 0.18300531058973 0.20434852561599 0.227195358062934 0.24425330097756 0.25884159265694 0.265916945552534 0.27480722111916 0.286517453577947 0.295916664224884 0.303604225712095
-9999 -9999 -9999 -9999 -9999 -9999 -9999 -9999 -9999 -9999 -9999 -9999 -9999 -9999 -9999 -9999 -9999 -9999 -9999 0.241734844595837 0.241693154251308 0.23210116631431 0.204699532879991 0.169304264403814 0.129919761836926 0.0734238112341169 0.0319357739443621 0.0255418300677989 0.0370814468965436 0.0595581029796913 0.0671040583999595 0.0743038521196202 0.0832952349693335 0.0894809493322781 0.0935950473609401 0.0983999280513224 0.103209234676518 0.107727027796949 0.115436909061543 0.125985088818498 0.142044760160837 0.15654077870623 0.158135940763904 0.157048788937493 0.153095281532991 0.156947724751803 0.163349365838038 0.174285781933506 0.184660320531438 0.194312437781501 0.218667997436541 0.246585257681209 0.259436784868079 0.271225293746461 0.281362125749921 0.288037241135565 0.292815372079884
-9999 -9999 -9999 -9999 -9999 -9999 -9999 -9999 -9999 -9999 -9999 -9999 -9999 -9999 -9999 -9999 -9999 -9999 -9999 0.249276718892989 0.246198642956998 0.238951903657147 0.223931331553742 0.184037029333689 0.13172945935436 0.0719449824923967 0.0280031952968769 0.0207398326486529 0.0350332503855562 0.0624733798739581 0.0719620738272327 0.0802236048124226 0.0882974062884075 0.0949997289172323 0.100689395205759 0.104523321822783 0.107846635176612 0.110091615217762 0.11331931614464 0.117420819761923 0.137659042919788 0.157564882630582 0.16112471332079 0.160515968007687 0.155452628043795 0.158659588088648 0.16382498388418 0.1683231732947 0.171191070541197 0.171962856326175 0.196984832247705 0.228655866540106 0.245238351733848 0.260286830556106 0.272951829404848 0.280430901522692 0.2854281593406
-9999 -9999 -9999 -9999 -9999 -9999 -9999 -9999 -9999 -9999 -9999 -9999 -9999 -9999 -9999 -9999 -9999 -9999 -9999 0.249453407268381 0.252068702722515 0.246970220229845 0.227486882255192 0.178977828809806 0.115983453848381 0.0563293760884721 0.0137514277398326 0.0103115948185129 0.0287130969898847 0.0604348506831216 0.069602996532443 0.076862984660687 0.0828291111203586 0.0983553704854976 0.120940527784687 0.123546874000632 0.122631701127577 0.117481535430803 0.116998797290099 0.120666180323157 0.13847633254424 0.156371256698978 0.161837843462431 0.164466047255893 0.164061118011847 0.163497415981265 0.163542593310828 0.168365303154311 0.172235500019463 0.17488102475824 0.185030666479272 0.19780727898185 0.213087475744826 0.232130860586078 0.257021342015632 0.273878284627557 0.286780536280953
