layers/veg/veg_5700.asc
NCOLS 255 
NROWS 330 
XLLCORNER -2985163.8955 
YLLCORNER -3022031.214 
CELLSIZE 25000 
NODATA_value -9999 
[rows 200 to 224 of 330, columns 57 to 113 of 255]
-9999 -9999 -9999 -9999 -9999 -9999 -9999 -9999 -9999 -9999 -9999 -9999 -9999 -9999 -9999 -9999 -9999 -9999 -9999 0.329139827402181 0.328859594852675 0.317309880274174 0.284744539959248 0.209172251617138 0.112137289246357 0.092966504397443 0.0875517031294844 0.111054374404793 0.147755337083684 0.192505467105527 0.220778717319664 0.24018567748139 0.237070133668902 0.227501537283715 0.213168212214924 0.223111469928074 0.234694043842865 0.241569907914034 0.251553997294887 0.264301817128025 0.285772729557652 0.305196385759525 0.306359317594999 0.305235372657247 0.301667641392236 0.290161797212959 0.2787364657309 0.282399408066393 0.289926749602519 0.302422655445753 0.312719708788746 0.322053753344115 0.328219990771463 0.330212743186779 0.325720895452539 0.321099492235904 0.316272733115256
-9999 -9999 -9999 -9999 -9999 -9999 -9999 -9999 -9999 -9999 -9999 -9999 -9999 -9999 -9999 -9999 -9999 -9999 -9999 0.256844822222955 0.264344653142146 0.269051007622409 0.268548013954019 0.229747733844325 0.17183514252034 0.137578704134853 0.123799580918855 0.156271508491902 0.182719611500917 0.205493998687342 0.224965037099556 0.238972757581398 0.237821870064305 0.235839249549368 0.23324250385456 0.23639354900668 0.239838620999547 0.241818086803587 0.240961504044743 0.237583201334331 0.268383262038896 0.299958403093291 0.304375907610586 0.306075857185286 0.304871792127434 0.286671119180635 0.268526882435524 0.281834141333263 0.29422614762844 0.305441388486877 0.310444687502149 0.314091355549475 0.325968769815373 0.331657954032398 0.327732104917636 0.32311675937728 0.318056483584271
-9999 -9999 -9999 -9999 -9999 -9999 -9999 -9999 -9999 -9999 -9999 -9999 -9999 -9999 -9999 -9999 -9999 -9999 -9999 0.2565000053858 0.252888916805428 0.252631513800974 0.258628151640613 0.220326843365006 0.15991858676537 0.12955355440338 0.118014765978407 0.148709754174373 0.177920076029226 0.206224952818301 0.228036653596177 0.24378058646724 0.243216786296386 0.237218085127802 0.227206426000997 0.238884132775246 0.248928686334255 0.243205862296534 0.23901635140231 0.236190211501292 0.268176128807706 0.301676783072887 0.311176339910123 0.313874878048045 0.309305758958695 0.289743746336691 0.271990684133392 0.294946899342113 0.312307597860678 0.322473986717348 0.327242947949476 0.330540904679952 0.33730918159894 0.339607497464685 0.334960560135368 0.329160348642717 0.32272791992871
-9999 -9999 -9999 -9999 -9999 -9999 -9999 -9999 -9999 -9999 -9999 -9999 -9999 -9999 -9999 -9999 -9999 -9999 -9999 0.244388447713536 0.243500003958525 0.244851718269605 0.250380938111662 0.214507466549631 0.157971927338578 0.13075364787963 0.120072064570898 0.146386323482042 0.173487245894639 0.201067926328343 0.225645009942007 0.244034107505765 0.245115973552869 0.237984912219987 0.224789686645003 0.241568772148325 0.255157786689 0.243473877849312 0.237033476917955 0.235255428628118 0.259899031291238 0.287071629573472 0.302988544529474 0.31015953566936 0.307984518624065 0.29017799122789 0.274376202878236 0.301892814876989 0.321661408922323 0.331468163246779 0.336563823010814 0.340096371215206 0.343141718952784 0.343440741519433 0.339472629889411 0.332747649711054 0.324823458595838
-9999 -9999 -9999 -9999 -9999 -9999 -9999 -9999 -9999 -9999 -9999 -9999 -9999 -9999 -9999 -9999 -9999 -9999 -9999 0.244465686901794 0.246066096098456 0.246282206155005 0.243916838858734 0.212527455469102 0.166653598639945 0.14178824039498 0.130489387529969 0.149647167100805 0.169445339143226 0.189634063720922 0.21742930013657 0.239432543953057 0.243288566021834 0.2380993124076 0.226231315049626 0.244460282994942 0.258336977495257 0.24254818199442 0.235010389356312 0.234809113734058 0.243019010879178 0.255064899692892 0.278822665167778 0.294169395577047 0.300527984284895 0.287799609149343 0.275612226436167 0.302264615776731 0.321711187872928 0.331893042608134 0.337913489320503 0.342302454419142 0.343102629449004 0.342885836518212 0.341088917968007 0.333716443779606 0.324172981503608
-9999 -9999 -9999 -9999 -9999 -9999 -9999 -9999 -9999 -9999 -9999 -9999 -9999 -9999 -9999 -9999 -9999 -9999 -9999 0.230299907747269 0.230785862895276 0.229420882845572 0.224604230280895 0.198468205571564 0.161692720127948 0.1459114676462 0.141963590616129 0.164488770603737 0.178271756653338 0.18672319032242 0.212426786465108 0.232807936382135 0.234594567540617 0.231051891736929 0.223574225250877 0.234162151594717 0.243852070224505 0.24213442079758 0.240376183683869 0.238581857350495 0.23688333000794 0.239210621348749 0.261766608196584 0.274444887667762 0.276567720289181 0.280218849582399 0.286573725249101 0.310065342397888 0.32662885192236 0.334284702980196 0.336413243283756 0.3368027073337 0.337815284377037 0.33826543668661 0.33784171512287 0.33333174111113 0.327188297512912
-9999 -9999 -9999 -9999 -9999 -9999 -9999 -9999 -9999 -9999 -9999 -9999 -9999 -9999 -9999 -9999 -9999 -9999 -9999 0.207107034958883 0.20996868657043 0.209830157545063 0.204096812959865 0.182453637978248 0.152870641193094 0.147063919206845 0.15160512866693 0.179108071118654 0.187362941764513 0.183879099704534 0.2068229474538 0.224858444003734 0.223779886787671 0.221819377884391 0.219207663918965 0.221436699975302 0.226465043888006 0.239783106292364 0.244293141958989 0.240971373527062 0.232093173595555 0.22691560710706 0.245463748158171 0.253641275318908 0.250736629304733 0.272253789908528 0.298847499706542 0.318262992517834 0.331442392837383 0.336603877573773 0.334935564196974 0.331477547781864 0.333313636178576 0.334340356174245 0.334109510744542 0.332525837260964 0.33033630802142
-9999 -9999 -9999 -9999 -9999 -9999 -9999 -9999 -9999 -9999 -9999 -9999 -9999 -9999 -9999 -9999 -9999 -9999 -9999 0.206983846115959 0.205876024170879 0.203322502596365 0.198073002425735 0.173957988427902 0.140428114919444 0.13894632152401 0.145904626796095 0.171151693485972 0.175119008158313 0.166108560803125 0.191000552108151 0.210858882086665 0.209843958357846 0.209527583937564 0.209726996098871 0.214779593332247 0.21975998712074 0.222306757028975 0.224227961941294 0.225592935288383 0.217729800987962 0.211488588437959 0.221820775418188 0.231684096024207 0.241046379911493 0.270882181457664 0.303147257607343 0.315932457254807 0.326688152663989 0.334834458671114 0.338778009086047 0.341369657366345 0.344062574166701 0.342864238486164 0.335619824684631 0.331081342776849 0.327826290917421
-9999 -9999 -9999 -9999 -9999 -9999 -9999 -9999 -9999 -9999 -9999 -9999 -9999 -9999 -9999 -9999 -9999 -9999 -9999 0.214324460341203 0.210611402120186 0.206217213600036 0.200552835428978 0.171815103082755 0.131562582960922 0.129758142086032 0.136130886473006 0.159965727716112 0.162900394746024 0.153088790717457 0.178545268753716 0.197303100017426 0.190124487294213 0.188979634750455 0.192289918729009 0.197036635204931 0.20046830404666 0.19835107933808 0.201561929053369 0.209510325140025 0.206632455853001 0.203369782311203 0.208006587161032 0.217344094786794 0.231704834668366 0.264538413578928 0.298985360284496 0.311592171266457 0.322462863042742 0.331101378620257 0.339274439852254 0.346945392575171 0.350188973238026 0.348995764765641 0.340908844345811 0.333546959842944 0.326800570678192
-9999 -9999 -9999 -9999 -9999 -9999 -9999 -9999 -9999 -9999 -9999 -9999 -9999 -9999 -9999 -9999 -9999 -9999 -9999 0.214610473856026 0.220113535025235 0.221171297273066 0.2139393494723 0.177820204257082 0.127284865144164 0.119196846091682 0.121132854656081 0.144637527203203 0.150714256740031 0.146162305226884 0.170408606747059 0.18431650517141 0.162987107129451 0.157842430330885 0.164648036700748 0.165075084110362 0.165033150483051 0.166085085227859 0.175560070461659 0.192524551732 0.199724082157821 0.204624410386167 0.206798691358956 0.212773803572057 0.222810533588984 0.251817407905371 0.283970635677692 0.304674200779125 0.31891599966701 0.324849728062529 0.335479309167973 0.34698499278987 0.350386553992907 0.35205888112583 0.351044391011934 0.341027643606255 0.327678593511177
-9999 -9999 -9999 -9999 -9999 -9999 -9999 -9999 -9999 -9999 -9999 -9999 -9999 -9999 -9999 -9999 -9999 -9999 -9999 0.199328695811384 0.201020470467578 0.199461252593543 0.19183949856111 0.169226640651383 0.139132452616927 0.130762021119242 0.127658845777406 0.135909376949343 0.137135449402716 0.134077554940186 0.143118767852315 0.148495354053347 0.141027947315301 0.142993100872217 0.151922956806947 0.153976813513722 0.155464903909071 0.157907433710317 0.1670063414039 0.182023878685126 0.19317925305888 0.202705450016453 0.207521013395381 0.215415433625622 0.226599960417315 0.240165554353342 0.256288135094894 0.286908651362573 0.309182712311785 0.320725506165348 0.330705171889352 0.340055056034905 0.347843319265426 0.352946799493872 0.353878767375542 0.34674219230965 0.336502722160029
-9999 -9999 -9999 -9999 -9999 -9999 -9999 -9999 -9999 -9999 -9999 -9999 -9999 -9999 -9999 -9999 -9999 -9999 -9999 -9999 0.17107634509664 0.168387380579195 0.160683964486089 0.156602609279547 0.154328848326641 0.147551367353253 0.139683331535278 0.12946478300472 0.123891153077347 0.121150293391831 0.112819437675052 0.109567974649719 0.122029022476338 0.133434754715579 0.144061275505235 0.149088834529132 0.153237556540014 0.156602739205573 0.163411705805619 0.173282770414188 0.186759948711102 0.199972534937469 0.208571844295115 0.219622869485654 0.233293830171141 0.229577543826753 0.227090408178671 0.265411312045324 0.295745831602905 0.315812037262065 0.324932420038285 0.331066328576374 0.344196115056126 0.352663739495984 0.353887476255886 0.351157380621182 0.346815808588416
-9999 -9999 -9999 -9999 -9999 -9999 -9999 -9999 -9999 -9999 -9999 -9999 -9999 -9999 -9999 -9999 -9999 -9999 -9999 -9999 -9999 0.168046302294235 0.159365756182374 0.152444352873081 0.146400852095201 0.14046474432276 0.133682962222858 0.124953437486444 0.120431639971744 0.118475985263369 0.122074192490168 0.123811658758871 0.1191377054798 0.124346456119497 0.136852280865261 0.137723957030301 0.138500118461248 0.144107663160154 0.151470987748507 0.160395493353197 0.180443906538849 0.199856891677848 0.205951362430894 0.214338067844889 0.2251742850948 0.227966746710315 0.229986975871639 0.241003404028261 0.260980115590168 0.292477309896655 0.310633854123882 0.324438583057792 0.337802429667367 0.346519833507055 0.348017773662642 0.346461521374992 0.343720631781059
-9999 -9999 -9999 -9999 -9999 -9999 -9999 -9999 -9999 -9999 -9999 -9999 -9999 -9999 -9999 -9999 -9999 -9999 -9999 -9999 -9999 0.16046659151188 0.155507735079868 0.148108051475368 0.139490269857256 0.13557944551962 0.131113777452212 0.12520916670648 0.120425742188223 0.116326089174293 0.12596339411627 0.131642101895543 0.123321749376594 0.12457372446786 0.132893601675126 0.129780198891329 0.127922691300767 0.135851077598937 0.143501928468405 0.150906004075634 0.171642733824812 0.19231530498626 0.200544394603508 0.209054131040302 0.217863770326445 0.224470152851014 0.229532368333475 0.227236741958326 0.238326030699226 0.266624672834146 0.283874822439095 0.298355633765795 0.322985790510381 0.339707162911533 0.344140171034779 0.344050668880579 0.342188405269179
-9999 -9999 -9999 -9999 -9999 -9999 -9999 -9999 -9999 -9999 -9999 -9999 -9999 -9999 -9999 -9999 -9999 -9999 -9999 -9999 0.162197536437044 0.159609294749295 0.152194432061112 0.14349580801475 0.134156521172605 0.134105857117128 0.133862395412419 0.132853120824638 0.125772411358619 0.114988950236918 0.12153682226715 0.129533018334695 0.138471502934951 0.139238673661859 0.133972406235825 0.127138644015673 0.123792634473271 0.134163493499804 0.141688322977879 0.146682557744347 0.158989995034764 0.173264660189256 0.190818806636634 0.20377153459737 0.211807126787913 0.218050867149596 0.223883960060109 0.229962357137946 0.234443091536655 0.23686966709975 0.237804005539983 0.242120142546663 0.295114882192062 0.331858011121853 0.343350013721225 0.345181221692901 0.343078508785978
-9999 -9999 -9999 -9999 -9999 -9999 -9999 -9999 -9999 -9999 -9999 -9999 -9999 -9999 -9999 -9999 -9999 -9999 -9999 0.160821572531085 0.160949152603877 0.158062604475974 0.149555231005395 0.140632279660675 0.131501933630785 0.135611768639915 0.137957425771673 0.135787778227984 0.127148768760128 0.114564326119339 0.118276379647709 0.123784079198188 0.131430466266017 0.132666826758085 0.129170227593602 0.130220487241941 0.132379765405731 0.136650878578656 0.140187980903061 0.14307242522097 0.15136806432026 0.161474494902011 0.175799942813986 0.189996769717004 0.20405615053339 0.212160041100833 0.219011212214636 0.227504114589536 0.232643107638215 0.23346988724766 0.229340053893372 0.22658937812216 0.261412492743151 0.296580843709225 0.332285609601554 0.341298288379873 0.339404499544114
-9999 -9999 -9999 -9999 -9999 -9999 -9999 -9999 -9999 -9999 -9999 -9999 -9999 -9999 -9999 -9999 -9999 -9999 -9999 0.148206409137049 0.154776826179098 0.155947249599164 0.14704762324705 0.138388107954579 0.129848420402512 0.138022415850374 0.142150238940522 0.136396329258852 0.126555038190353 0.114220998949303 0.115317810588705 0.116558731246734 0.115704991236615 0.117815388712544 0.122114410989343 0.135293628698758 0.145522653020229 0.140780354360969 0.138983227331233 0.139804848850501 0.145942950259376 0.152877501075815 0.158998419841628 0.172979164390936 0.195359021218273 0.206302628699395 0.214460360047295 0.22296779919559 0.231629542829363 0.240489679982845 0.236104611362923 0.22796678625468 0.226544706741793 0.251405543511085 0.3171037625551 0.335258228429816 0.333985302239557
-9999 -9999 -9999 -9999 -9999 -9999 -9999 -9999 -9999 -9999 -9999 -9999 -9999 -9999 -9999 -9999 -9999 -9999 -9999 0.147955524630281 0.146441772751279 0.143941721157099 0.139602391979018 0.132902372921083 0.12502424847092 0.129728996575928 0.130800315744326 0.123082177689533 0.113913775115365 0.103860907919903 0.106372403837869 0.109635944964004 0.112722315117615 0.116243003188166 0.120084377788592 0.12852514291806 0.136868044454175 0.14279471847805 0.143552389902281 0.139713956324708 0.145475730737834 0.152217639648654 0.1551788446914 0.163611982883623 0.177892500161121 0.194173876745459 0.21009524189975 0.21970968104066 0.228430308118078 0.236001736449361 0.238858704884828 0.239637910975265 0.23346118185041 0.250749729738907 0.304497720608859 0.325383014714372 0.332597814781541
-9999 -9999 -9999 -9999 -9999 -9999 -9999 -9999 -9999 -9999 -9999 -9999 -9999 -9999 -9999 -9999 -9999 -9999 -9999 0.135043746635519 0.135582458447067 0.134775622070557 0.13145957213323 0.12542221428961 0.118026784152939 0.120140995564242 0.119442979739879 0.111950002638392 0.103687179044824 0.0949548535245547 0.0974642126166096 0.101504467010731 0.107863860923959 0.112901256384564 0.11696253025373 0.122903034029225 0.130163371772788 0.141511950949058 0.14573134612912 0.143611708276773 0.147207422410715 0.151374611203139 0.153230277010286 0.157826118032845 0.165350146006323 0.182360007313694 0.201030955287762 0.214623603525409 0.225029485373905 0.231338054053092 0.238964533765805 0.245872548880325 0.238359367965538 0.248036412705365 0.284422967490016 0.308100113611797 0.326115652022921
-9999 -9999 -9999 -9999 -9999 -9999 -9999 -9999 -9999 -9999 -9999 -9999 -9999 -9999 -9999 -9999 -9999 -9999 -9999 0.135009953216202 0.134459750795075 0.130970314461329 0.121999717618123 0.114176619830196 0.106926182956412 0.108108847551616 0.108071648486982 0.104937359950191 0.0980194307839014 0.0887939941031047 0.088626283644838 0.0910910009553265 0.0994639715132603 0.106218987356838 0.11177935692264 0.119445264062835 0.127140142917961 0.134004258262668 0.143397635832266 0.155039949156606 0.153090618810244 0.150185766726315 0.154814137728882 0.15880171452027 0.162104530265415 0.17114063041189 0.183094723259821 0.206086371664432 0.221248068054793 0.226342579849423 0.234070486707222 0.241843197603715 0.239447060815882 0.241438566575647 0.250247422209276 0.27683163215509 0.310014834065841
-9999 -9999 -9999 -9999 -9999 -9999 -9999 -9999 -9999 -9999 -9999 -9999 -9999 -9999 -9999 -9999 -9999 -9999 -9999 0.131104539440386 0.131403274136762 0.127571578910517 0.116037349604975 0.107432558512481 0.100289707416615 0.10241533252074 0.102778119240255 0.0987666268203296 0.0920959958716805 0.083803651145748 0.0822932654694765 0.083031556722579 0.0889954011327973 0.0960424138948415 0.103889203701466 0.112174968820995 0.120655912909258 0.129669606999102 0.140473364773874 0.152868787574391 0.155956322077472 0.158262781910599 0.165088749722413 0.166923523738919 0.163424643010021 0.166702125225147 0.173343342329804 0.192402717624739 0.208530940855708 0.220890501283585 0.229863054998106 0.237337619600512 0.239748537479787 0.240522546410841 0.238753189310906 0.256603299377851 0.282299982195996
-9999 -9999 -9999 -9999 -9999 -9999 -9999 -9999 -9999 -9999 -9999 -9999 -9999 -9999 -9999 -9999 -9999 -9999 -9999 0.131052071256883 0.129660140938201 0.124378311488869 0.111842496091301 0.102963423800875 0.0959092539719195 0.099925153856081 0.100556110974328 0.0930213670556344 0.0860433453461217 0.0794048486620995 0.077226146719334 0.0761617575967653 0.0774813875156574 0.0840999340455906 0.0946310319896353 0.102977948858363 0.112422606894476 0.126938506376584 0.137250643754844 0.143824935841011 0.157297083687193 0.17102245742593 0.179755381207988 0.178656793534094 0.167052124573429 0.16569044929671 0.167728315602586 0.176118231297001 0.191298000152526 0.215207669909922 0.226002616075113 0.232591372292705 0.239652686374602 0.242477933975798 0.238721344753552 0.241954294170962 0.248715780057984
-9999 -9999 -9999 -9999 -9999 -9999 -9999 -9999 -9999 -9999 -9999 -9999 -9999 -9999 -9999 -9999 -9999 -9999 -9999 0.13982087180659 0.14092819557558 0.136543318498921 0.121916441200378 0.107401906574312 0.0929434367068369 0.096485535814 0.0970666486081097 0.0902159276617764 0.0820966175379661 0.0732036401062648 0.0724110191972129 0.0729123774271263 0.0756359922120499 0.0795577674864302 0.0843642263407688 0.0945788660040682 0.10540667415822 0.116111497726315 0.126102504152133 0.135458808142665 0.147923464241628 0.160335815437795 0.169658647437168 0.17674613339978 0.181444899451776 0.184111857604832 0.185429248227647 0.180509988327518 0.184688325481646 0.200563693314394 0.21480854121247 0.227968874812801 0.234114529302198 0.236988998954845 0.234780827692178 0.240164945128516 0.248673873517543
-9999 -9999 -9999 -9999 -9999 -9999 -9999 -9999 -9999 -9999 -9999 -9999 -9999 -9999 -9999 -9999 -9999 -9999 -9999 0.155953896673248 0.153987153937563 0.147152321588728 0.131239348017597 0.112569058479973 0.0925227267794523 0.0956716377735781 0.0962882835267527 0.0902782047814212 0.0801412047819162 0.0674873426545591 0.0681785362936793 0.0702704676748739 0.0739124797582741 0.0756013661300105 0.075848126624698 0.0865104809534063 0.097782579314724 0.106686010760197 0.116726717512498 0.12777865160032 0.138992834489121 0.149994603605674 0.159776965597964 0.1725401198261 0.188488587489417 0.195836070204398 0.1991417147745 0.188363117027115 0.184349441614988 0.189033612856444 0.203323670511798 0.219986868785923 0.227390059253688 0.231511347405308 0.230533342235222 0.237675347134155 0.247717013424598
-9999 -9999 -9999 -9999 -9999 -9999 -9999 -9999 -9999 -9999 -9999 -9999 -9999 -9999 -9999 -9999 -9999 -9999 -9999 0.156066792061799 0.15773784028902 0.153492559391795 0.138214352731617 0.119060120678207 0.0979715530497831 0.101014199512785 0.101878601285716 0.0968975827436865 0.0827362740363649 0.0629762336797899 0.0652927639072062 0.0688918483835782 0.0720674498586316 0.0726991861413677 0.0714526133118654 0.0791789995676986 0.0886907141559214 0.100864879944153 0.111811993559367 0.121668053238902 0.131543452607718 0.141441276082851 0.151434679685506 0.163559199379891 0.177961057507088 0.191144176730692 0.202585268091582 0.203412512023092 0.198172961976297 0.185133168100072 0.191468917019834 0.204173658426606 0.218130277367082 0.226372151944437 0.225734676998568 0.233015252553526 0.243222191572133
