layers/veg/veg_3200.asc
NCOLS 255 
NROWS 330 
XLLCORNER -2985163.8955 
YLLCORNER -3022031.214 
CELLSIZE 25000 
NODATA_value -9999 
[rows 75 to 99 of 330, columns 0 to 56 of 255]
-9999 -9999 -9999 -9999 -9999 -9999 -9999 -9999 -9999 -9999 -9999 -9999 -9999 -9999 -9999 -9999 -9999 -9999 -9999 -9999 -9999 -9999 -9999 -9999 -9999 -9999 0.656678933688665 0.669447381535445 0.679322533915502 0.684829308397308 0.682292678621053 0.668757147351928 0.436417176046558 0.287750842306858 0.292772461245042 0.310327830698736 0.334041398051638 0.490150131929416 0.618074051653339 0.678792975026528 0.717875189834621 0.743954569805504 0.753582415766143 0.766134494518802 0.789818676441851 0.804695777773178 0.813161393014327 0.820902646846372 0.829204536290432 0.839861300226213 0.84872313623175 0.856010966142751 0.86267394027164 0.869525636142634 0.877845696834681 0.885341257794511 0.891967848054751
-9999 -9999 -9999 -9999 -9999 -9999 -9999 -9999 -9999 -9999 -9999 -9999 -9999 -9999 -9999 -9999 -9999 -9999 -9999 -9999 -9999 -9999 -9999 -9999 -9999 -9999 0.651948634071165 0.674068030073545 0.691077220826271 0.700370881684155 0.696250177610331 0.682218378826633 0.539341474454923 0.421572750873423 0.349921598051112 0.32371405176697 0.319834277363195 0.493734128702957 0.630759323657861 0.679739749037803 0.713955918826487 0.739299335332483 0.753894179553518 0.767658908308961 0.780923900411873 0.794350476484129 0.807894684427816 0.817942445229217 0.827405956708761 0.836205461880435 0.844573251217801 0.852562460812293 0.860196627666185 0.867556469703653 0.87387235747695 0.880968073305695 0.888885678705077
-9999 -9999 -9999 -9999 -9999 -9999 -9999 -9999 -9999 -9999 -9999 -9999 -9999 -9999 -9999 -9999 -9999 -9999 -9999 -9999 -9999 -9999 -9999 -9999 -9999 -9999 0.654624249613004 0.677080191264442 0.695634037393228 0.7082963912655 0.703702521145664 0.689780677097708 0.605903009825353 0.508070680312914 0.384607058407975 0.332061659946982 0.314360457091092 0.500651522244136 0.643575137698881 0.683084397425586 0.710303915122579 0.730137767605129 0.745732935160723 0.759537776458701 0.768996363227594 0.781776824436744 0.796975584371019 0.80802046064121 0.818099592095435 0.826396658373003 0.834793646461756 0.843278257867933 0.852039461951781 0.860250836746798 0.865516837343122 0.872095278339331 0.880056948714393
-9999 -9999 -9999 -9999 -9999 -9999 -9999 -9999 -9999 -9999 -9999 -9999 -9999 -9999 -9999 -9999 -9999 -9999 -9999 -9999 -9999 -9999 -9999 -9999 -9999 -9999 0.673390741908827 0.676617283441012 0.684562698479005 0.699632799870153 0.696981698164139 0.684489079683026 0.59281538081175 0.49089843610947 0.370167160796696 0.329430165565606 0.327996697793277 0.514673585204618 0.656418190271263 0.691624698815426 0.707321592104918 0.71129395233381 0.71918055578745 0.73043257763153 0.750554007628918 0.764450534470318 0.773815380287383 0.782988298112262 0.792486560273501 0.803255205720632 0.812836557542422 0.821376749231373 0.831592213294106 0.841388442544807 0.847674891023407 0.853462663738128 0.858724863659466
-9999 -9999 -9999 -9999 -9999 -9999 -9999 -9999 -9999 -9999 -9999 -9999 -9999 -9999 -9999 -9999 -9999 -9999 -9999 -9999 -9999 -9999 -9999 -9999 -9999 -9999 0.680262542262829 0.676267594045045 0.680287096321937 0.696407038671485 0.684135084606872 0.656737502656648 0.520450398118445 0.413959331305867 0.362196278826001 0.369058062043531 0.404723940219414 0.546708470175674 0.655655464576479 0.687104386512308 0.700054682750998 0.701888012010555 0.7099927771169 0.721412211974422 0.74115040969827 0.754380042503092 0.762871490728954 0.771503533758455 0.780407464950557 0.790246313742442 0.799320639084895 0.807724539421114 0.818822919856621 0.829931320914469 0.838763289664163 0.845497542066399 0.850020933784555
-9999 -9999 -9999 -9999 -9999 -9999 -9999 -9999 -9999 -9999 -9999 -9999 -9999 -9999 -9999 -9999 -9999 -9999 -9999 -9999 -9999 -9999 -9999 -9999 -9999 -9999 0.680241400373173 0.675983514425709 0.679949605483707 0.696332485562934 0.667738591755388 0.615970427371514 0.413734347127644 0.302385490250431 0.357974174158826 0.433175162770725 0.518012249809369 0.589181737441245 0.647008226677904 0.67501548342158 0.690304867047064 0.697951295038194 0.710867738222507 0.724030953550348 0.736984747719633 0.748514266116964 0.759006922843127 0.767869450500877 0.77617124971843 0.783109213639916 0.790696356387815 0.798852776270467 0.810502980983427 0.822765534981147 0.83502679938216 0.843714204085004 0.848634986142859
-9999 -9999 -9999 -9999 -9999 -9999 -9999 -9999 -9999 -9999 -9999 -9999 -9999 -9999 -9999 -9999 -9999 -9999 -9999 -9999 -9999 -9999 -9999 -9999 -9999 -9999 -9999 -9999 -9999 -9999 0.553423265675088 0.543993746288977 0.410253293950431 0.333201582307445 0.360273185376937 0.419624388144454 0.494835501543002 0.562560387791498 0.618796815169878 0.649246613891936 0.671754040890905 0.689488406062086 0.705792304183392 0.720534137965038 0.731092562592739 0.741696207650882 0.752332772830256 0.761535108935034 0.770009125396849 0.776424050326786 0.783486004094342 0.791115349630998 0.801976559581288 0.813739430099196 0.827151275143229 0.836948746932801 0.842936897345075
-9999 -9999 -9999 -9999 -9999 -9999 -9999 -9999 -9999 -9999 -9999 -9999 -9999 -9999 -9999 -9999 -9999 -9999 -9999 -9999 -9999 -9999 -9999 -9999 -9999 -9999 -9999 -9999 -9999 -9999 0.598721061913927 0.487384613474327 0.411910378622672 0.362148546737034 0.359614093572377 0.408926325844505 0.483712349775606 0.54627347379321 0.599172595926601 0.63053973017179 0.657709587467114 0.682357041746243 0.701045574014492 0.716931585703797 0.725897436815949 0.735844088899956 0.746504756453993 0.755819338665615 0.764385225356158 0.77078040564272 0.777668669425025 0.784989327407865 0.795223444609516 0.806439348143896 0.819973493162008 0.83044169066907 0.837678572931894
-9999 -9999 -9999 -9999 -9999 -9999 -9999 -9999 -9999 -9999 -9999 -9999 -9999 -9999 -9999 -9999 -9999 -9999 -9999 -9999 -9999 -9999 -9999 -9999 -9999 -9999 -9999 -9999 -9999 0.679407071149391 0.594062877869131 0.476853884960625 0.413119383346667 0.366160347178341 0.350013727137306 0.416806752367903 0.52435044904682 0.56768335650734 0.605592747409851 0.632915321913855 0.657128204142813 0.679472280174871 0.698021273598665 0.713894923510331 0.722835750455707 0.732747473913734 0.743366002472617 0.75215971417903 0.760491311773413 0.767901616814111 0.775436390605392 0.78308031338739 0.79331394187514 0.804085168944967 0.815267495600284 0.825331127598346 0.834215726006755
-9999 -9999 -9999 -9999 -9999 -9999 -9999 -9999 -9999 -9999 -9999 -9999 -9999 -9999 -9999 -9999 -9999 -9999 -9999 -9999 -9999 -9999 -9999 -9999 -9999 -9999 -9999 -9999 0.662424640823219 0.663129511160286 0.59703124351066 0.505042134439901 0.428351477850459 0.376252298783064 0.36932163328389 0.432009386894119 0.528902704256005 0.571100500695276 0.608362895462622 0.635893583119293 0.652970664545787 0.663765528191546 0.690386072703829 0.71298570958807 0.721450911660684 0.731819094852873 0.743572633481629 0.75280132451094 0.761363618221294 0.76855244400373 0.775951548582554 0.78353505059678 0.792457791048131 0.801496567971862 0.80995058115628 0.81787826990952 0.825251245918413
-9999 -9999 -9999 -9999 -9999 -9999 -9999 -9999 -9999 -9999 -9999 -9999 -9999 -9999 -9999 -9999 -9999 -9999 -9999 -9999 -9999 -9999 -9999 -9999 -9999 -9999 -9999 0.662143796719062 0.655938609483803 0.640364658123078 0.605361172377601 0.560450327022018 0.4534419861275 0.390618675419224 0.408952429539215 0.452359628499736 0.508086143625978 0.561868516617582 0.608567043820856 0.639295528764588 0.646299040762755 0.639044750849861 0.679509349041677 0.713572119359877 0.721244918426247 0.732415013735325 0.746131113475703 0.756466758639352 0.765586639093322 0.77168463697755 0.778398190218736 0.785651535541295 0.792342160257342 0.798743165454765 0.804204184230086 0.808778748761592 0.812419046447026
-9999 -9999 -9999 -9999 -9999 -9999 -9999 -9999 -9999 -9999 -9999 -9999 -9999 -9999 -9999 -9999 -9999 -9999 -9999 -9999 -9999 -9999 -9999 -9999 -9999 -9999 0.67781143377286 0.655638583543363 0.643648391317312 0.647032259113576 0.597909535263981 0.527930586560928 0.455802415787029 0.404361177999926 0.390916762992637 0.43013674459592 0.495232283253647 0.571499900967099 0.62858270724323 0.641984858498636 0.650509123896619 0.65610196633958 0.693104062228771 0.723633386706009 0.730385635429595 0.738510546855437 0.74763474603962 0.754669501176771 0.761150376095051 0.766485853710109 0.772154610676184 0.778115626579704 0.784121642034515 0.790215207137065 0.796700909047191 0.801904525346317 0.805756904298973
-9999 -9999 -9999 -9999 -9999 -9999 -9999 -9999 -9999 -9999 -9999 -9999 -9999 -9999 -9999 -9999 -9999 -9999 -9999 -9999 -9999 -9999 -9999 -9999 -9999 -9999 0.675502275685037 0.648425285662836 0.639801398095005 0.659038517411172 0.594483408663254 0.498786934693105 0.459623310401891 0.421470405611959 0.385173944684187 0.419580470524116 0.488725439900297 0.584568366983793 0.651067127180856 0.650502769829498 0.660529141096069 0.676920135457246 0.707863876053433 0.732889430493379 0.738619247321128 0.743860703191184 0.7487466360869 0.752672307412866 0.756631895701953 0.761119822477248 0.765657595553498 0.770239079789495 0.775588658644839 0.781372839854901 0.788633440831858 0.794437970297386 0.798707892254263
-9999 -9999 -9999 -9999 -9999 -9999 -9999 -9999 -9999 -9999 -9999 -9999 -9999 -9999 -9999 -9999 -9999 -9999 -9999 -9999 -9999 -9999 -9999 -9999 -9999 -9999 0.668804977786396 0.665106937708777 0.667445323842197 0.678897674016966 0.610812284623014 0.513420826552479 0.47680590344657 0.450520753304163 0.443208862895346 0.465124735204796 0.501401061453984 0.602723771063965 0.674923991721486 0.679559669094019 0.686799589997651 0.695604561722616 0.71776276829674 0.735892279557837 0.740291870463078 0.744614024286897 0.748879804518441 0.751969469550684 0.754981831815822 0.758206762174607 0.761444547417421 0.764693605350056 0.768921030315742 0.773540152087384 0.779242985331263 0.78409986527778 0.788065163820559
-9999 -9999 -9999 -9999 -9999 -9999 -9999 -9999 -9999 -9999 -9999 -9999 -9999 -9999 -9999 -9999 -9999 -9999 -9999 -9999 -9999 -9999 -9999 -9999 -9999 -9999 0.681871756082458 0.685915663724847 0.690134207004485 0.694616420022236 0.626392805057838 0.530470240238935 0.46462427816473 0.430900001079457 0.45617538202433 0.487507043858113 0.521814333473934 0.621521107926551 0.688367165530904 0.679185041850239 0.684041355632695 0.697334233745455 0.715119738459157 0.728671722908511 0.729441705033454 0.735145722056979 0.74444167806542 0.749350760185869 0.753246765535267 0.755285746417999 0.757425290088031 0.75965301915951 0.763808696435581 0.768272152687917 0.772586582102907 0.776626023045607 0.780375643487696
-9999 -9999 -9999 -9999 -9999 -9999 -9999 -9999 -9999 -9999 -9999 -9999 -9999 -9999 -9999 -9999 -9999 -9999 -9999 -9999 -9999 -9999 -9999 -9999 -9999 -9999 0.711688293153336 0.710222023162509 0.708623765735999 0.706826230011259 0.641339105385585 0.549566772521795 0.427556917332442 0.370031220114013 0.430947107449982 0.490259941432999 0.548785148458047 0.64086247321471 0.692984892302728 0.653867636379323 0.656681746658821 0.684695005302064 0.701847617367422 0.712786982925948 0.707978663712462 0.717014747041108 0.736129447614283 0.745108378396575 0.75143966099763 0.752357988533219 0.753570267566927 0.755040318203461 0.760014451323488 0.765177688295816 0.768247247255921 0.77157960065763 0.775188922820936
-9999 -9999 -9999 -9999 -9999 -9999 -9999 -9999 -9999 -9999 -9999 -9999 -9999 -9999 -9999 -9999 -9999 -9999 -9999 -9999 -9999 -9999 -9999 -9999 -9999 -9999 0.724404471624114 0.725373551151529 0.722214398202252 0.712822325139065 0.674024465871444 0.62103835261646 0.496637923005444 0.418877113032357 0.426781846764154 0.499680697914444 0.604513058260733 0.624198872066621 0.628966423546418 0.602221218945087 0.613354147813388 0.647250387097673 0.671813593221409 0.687595529637133 0.680082943281608 0.694989271927257 0.726216396118026 0.734460252270085 0.739818461791905 0.74430306279744 0.746719645790461 0.747322744854431 0.752484714408831 0.757993766969114 0.761276373495752 0.764294751305801 0.767034648718909
-9999 -9999 -9999 -9999 -9999 -9999 -9999 -9999 -9999 -9999 -9999 -9999 -9999 -9999 -9999 -9999 -9999 -9999 -9999 -9999 -9999 -9999 -9999 -9999 -9999 -9999 0.732573198008205 0.73675163209265 0.733648520680349 0.719551529528169 0.707287615570919 0.692156481198789 0.576447407549386 0.485226905337355 0.438985903451961 0.51627827083457 0.654266192526067 0.6060452543442 0.567145275789949 0.554194832265409 0.571267496572639 0.606382901126696 0.641352023522972 0.665123910172703 0.657164165897573 0.676007006582806 0.71436192040788 0.721335718371979 0.725777553998666 0.734174958597981 0.738505520842093 0.739269792459852 0.744519791367397 0.750121780920152 0.753584617253915 0.756149297886228 0.757767379074379
-9999 -9999 -9999 -9999 -9999 -9999 -9999 -9999 -9999 -9999 -9999 -9999 -9999 -9999 -9999 -9999 -9999 -9999 -9999 -9999 -9999 -9999 -9999 -9999 -9999 -9999 0.732634691860179 0.737577913486796 0.738799371623215 0.734401607817012 0.729756886980228 0.721851527294541 0.625399361324758 0.54944261288603 0.511130920300814 0.561105540354408 0.654457805778257 0.608328061003619 0.567652986298905 0.542961554725003 0.547066882170606 0.568477961101056 0.621639103832386 0.662339326813087 0.662220473532172 0.674100933052367 0.69471679885331 0.701588409121417 0.707965843885681 0.718323541552986 0.726241281236731 0.732019375828425 0.737373391287909 0.742164036695199 0.744547441214738 0.745711629359599 0.745590840366617
-9999 -9999 -9999 -9999 -9999 -9999 -9999 -9999 -9999 -9999 -9999 -9999 -9999 -9999 -9999 -9999 -9999 -9999 -9999 -9999 -9999 -9999 -9999 -9999 -9999 -9999 0.746911639083869 0.745488250390769 0.744874643465905 0.745483667557973 0.744467786350155 0.740436658564293 0.669995092724013 0.603455347191193 0.544082288708396 0.565985944641731 0.627823225498627 0.606316639828349 0.577448571492503 0.534111079287346 0.532032646992283 0.554749332676255 0.610641405894499 0.654232907853936 0.657214174947665 0.667093648678398 0.681994963124644 0.69080485511375 0.698574153857889 0.705103533418546 0.710552933753278 0.715055279972391 0.723829075563662 0.731702835529512 0.731459078814457 0.731531032689998 0.731935725609662
-9999 -9999 -9999 -9999 -9999 -9999 -9999 -9999 -9999 -9999 -9999 -9999 -9999 -9999 -9999 -9999 -9999 -9999 -9999 -9999 -9999 -9999 -9999 -9999 -9999 -9999 0.747242774181862 0.749937650804563 0.751891661124619 0.752727090912804 0.751274911142257 0.747703659958628 0.710152960161998 0.647073890533232 0.537105465919444 0.530170824625008 0.573859692008155 0.599930511096013 0.596706098887614 0.527688062933641 0.526336581562883 0.56565011310763 0.608522264924417 0.640704914793226 0.641956683095097 0.654889549769557 0.676326165098735 0.68915304942274 0.697760286646059 0.694564250408596 0.691376305911367 0.688195457213488 0.703766938475935 0.718691259204654 0.714243605261424 0.713537360267793 0.716774324259377
-9999 -9999 -9999 -9999 -9999 -9999 -9999 -9999 -9999 -9999 -9999 -9999 -9999 -9999 -9999 -9999 -9999 -9999 -9999 -9999 -9999 -9999 -9999 -9999 -9999 -9999 -9999 0.752851441511837 0.744154640390617 0.722327167258755 0.733472808227904 0.756095370361933 0.734704398158597 0.688624672392322 0.597197760825992 0.552786929502903 0.531476472343523 0.527796476324188 0.519613783221847 0.500786736525397 0.508543819831495 0.532276949155596 0.602136871964698 0.656744004571478 0.66013334658701 0.670350990325303 0.68553958454589 0.686005991278139 0.683961020667963 0.678932498752956 0.674752410688735 0.671316330241449 0.681936610034693 0.691694970040665 0.685077526523246 0.682126332665023 0.683039134641774
-9999 -9999 -9999 -9999 -9999 -9999 -9999 -9999 -9999 -9999 -9999 -9999 -9999 -9999 -9999 -9999 -9999 -9999 -9999 -9999 -9999 -9999 -9999 -9999 -9999 -9999 -9999 -9999 -9999 0.67535697955269 0.713106011908692 0.76349134558022 0.749407276012338 0.720154091345659 0.663038962208842 0.589042757474586 0.50675238698748 0.459146013182891 0.437841329523478 0.475113796051034 0.493044429175136 0.499351359718169 0.594973958170146 0.672225567410419 0.681963847857668 0.689782553051651 0.696203822408958 0.681430937906795 0.666830074081374 0.661782158817402 0.658539351165156 0.656879476361786 0.661301586462036 0.664537290696558 0.65668299324698 0.65149215305285 0.6491084287669
-9999 -9999 -9999 -9999 -9999 -9999 -9999 -9999 -9999 -9999 -9999 -9999 -9999 -9999 -9999 -9999 -9999 -9999 -9999 -9999 -9999 -9999 -9999 -9999 -9999 -9999 -9999 -9999 -9999 -9999 0.713106011908692 0.762600338961657 0.722681177530066 0.688581786594112 0.665171886859343 0.626844429547115 0.581187540264694 0.513223423385414 0.471243786039126 0.488614158336744 0.511047263763214 0.536522878289498 0.589141448419777 0.639185362702208 0.677243899317037 0.693501948414142 0.693889412358393 0.669684846033722 0.647369585278087 0.642316960207644 0.641170690182383 0.643449976439877 0.651248426549021 0.657519872292734 0.651510463649494 0.646339264224105 0.642051484431226
-9999 -9999 -9999 -9999 -9999 -9999 -9999 -9999 -9999 -9999 -9999 -9999 -9999 -9999 -9999 -9999 -9999 -9999 -9999 -9999 -9999 -9999 -9999 -9999 -9999 -9999 -9999 -9999 -9999 -9999 -9999 -9999 0.672910145713943 0.672477086166886 0.67124860243234 0.652514847581905 0.625180241479683 0.549021488032327 0.495789958162 0.495687516340447 0.520927080925665 0.561396222724968 0.57553717658923 0.600072282854398 0.658629331805863 0.683984149049067 0.685168000153905 0.661168193275201 0.638405373100049 0.630769197355026 0.628996549245881 0.632365738911299 0.64148234551934 0.648916648898291 0.64310859362281 0.637143804383886 0.631013827435931
