layers/veg/veg_900.asc
NCOLS 255 
NROWS 330 
XLLCORNER -2985163.8955 
YLLCORNER -3022031.214 
CELLSIZE 25000 
NODATA_value -9999 
[rows 125 to 149 of 330, columns 171 to 227 of 255]
0.396634778462938 0.396774919522198 0.409540546246939 0.41051709790303 0.398547725190916 0.330072953410376 0.258849210335276 0.280978458640729 0.293425671514092 0.293074992251777 0.296634564818133 0.302905944282281 0.32874374272739 0.352136558850126 0.371620101306252 0.394826784520192 0.419028772443437 0.416013285478682 0.408322221994342 0.391508794955525 0.393336239481855 0.404900373153332 0.329340237065809 0.276404385789392 0.283486234679371 0.326409955487545 0.39215573286874 0.433165782459775 0.466193430332533 0.480651967573592 0.494277650078461 0.507262241955962 0.517721852983687 0.528048513497995 0.539175086787561 0.56253516754149 0.59722700386925 0.618021846736569 0.634912536413531 0.645265264819261 0.645432388031609 0.634260844572544 -9999 -9999 -9999 -9999 -9999 -9999 -9999 -9999 -9999 -9999 -9999 -9999 -9999 -9999 -9999
0.369044455713139 0.339149918960908 0.39846931323148 0.417629109873635 0.392688490619927 0.332045868405046 0.272145415265709 0.290752364569747 0.300554789504274 0.298719232531248 0.30275098610163 0.310035284850107 0.335263358503627 0.354291606831609 0.363406976174372 0.389799118064315 0.423027118825294 0.434168146339389 0.430558199666934 0.398168112460202 0.381990016875359 0.374279933223028 0.333470020216943 0.312563356192061 0.341751646249729 0.359084555023822 0.368868634234381 0.432934118469264 0.486198257215015 0.493891745543256 0.495206842712663 0.491612167971165 0.509753414342798 0.52976571147057 0.545778367363422 0.570838955268629 0.604280537284589 0.630714650304431 0.652127307325287 0.653624298819041 -9999 -9999 -9999 -9999 -9999 -9999 -9999 -9999 -9999 -9999 -9999 -9999 -9999 -9999 -9999 -9999 -9999
0.346885122752427 0.295998085438253 0.385833692577055 0.415937562241194 0.380448283059855 0.331722912578169 0.287021071352537 0.30094528661867 0.307729987352182 0.305077546739694 0.309637164617897 0.317558751279731 0.338644291475534 0.351416291564951 0.350895801513736 0.38012283722384 0.421578287885855 0.446543343205606 0.450024622021212 0.411589611161523 0.377602494905711 0.345938648082715 0.347572429833542 0.363277974993783 0.410879800654326 0.403444029160813 0.360963459818578 0.439446765786521 0.505882519616696 0.507413727897513 0.498497374820577 0.481539002680461 0.507932018743081 0.53723694500298 0.555308003265516 0.579468217938777 0.609268747321304 0.639424897984721 0.664959626718637 -9999 -9999 -9999 -9999 -9999 -9999 -9999 -9999 -9999 -9999 -9999 -9999 -9999 -9999 -9999 -9999 -9999 -9999
0.333395658278524 0.342269711974234 0.367593613548643 0.372793866436933 0.355895758564456 0.321896592920687 0.288570281766196 0.295347940605086 0.299867708495388 0.30140295468911 0.312697491999901 0.327198536555787 0.340738210323996 0.351538933936111 0.357960359742515 0.379185014435632 0.406561579317598 0.428866840801103 0.447809454367347 0.460191316189185 0.425571946125597 0.366402415802167 0.417123005728612 0.463272024335279 0.491562278474633 0.484049468945899 0.453739313720894 0.502815453876849 0.545128070948498 0.548329319700497 0.544439203457673 0.535090503099428 0.551658754067387 0.5693501474562 0.57787173994691 0.59189304617878 0.611008673235846 0.639424897984721 -9999 -9999 -9999 -9999 -9999 -9999 -9999 -9999 -9999 -9999 -9999 -9999 -9999 -9999 -9999 -9999 -9999 -9999 -9999
0.320185560832514 0.362465578436581 0.347117611773334 0.33693063050369 0.332411076592166 0.312309775869565 0.291358277407232 0.295423769244067 0.299561291520607 0.303794024954377 0.319179308147556 0.337867547638776 0.350405582226405 0.362568661506521 0.374132226059515 0.388758249877832 0.404619364335166 0.417663990255938 0.43699049596364 0.468573370694895 0.4500845428125 0.405441755249969 0.468351365336871 0.522299186813637 0.547937012912391 0.550550434412043 0.538503230330529 0.560330386214311 0.57917176405202 0.581020111296948 0.583440389316076 0.586300911525347 0.58994214026253 0.593750961151935 0.597814916190077 0.601673593705627 0.605342125041302 -9999 -9999 -9999 -9999 -9999 -9999 -9999 -9999 -9999 -9999 -9999 -9999 -9999 -9999 -9999 -9999 -9999 -9999 -9999 -9999
0.307265283230306 0.355610032394807 0.324322027812008 0.30862026062821 0.310034191612197 0.302971422670778 0.295431408748823 0.301385040428198 0.307093447075151 0.312477710773453 0.329210631719598 0.349604294112204 0.36792977602257 0.384913574525383 0.399752160129895 0.409235826027366 0.416240839088867 0.41317701017286 0.417245826784261 0.435230913471377 0.450262621685581 0.463751691294167 0.50057196335488 0.538826642575297 0.5790945037711 0.602419191579061 0.614955434451268 0.611772538271466 0.60781896584239 0.605178362997244 0.615241240828711 0.63508263349936 0.622578508603499 0.610150818822542 0.615039480925613 0.613856050046206 0.607048110112508 -9999 -9999 -9999 -9999 -9999 -9999 -9999 -9999 -9999 -9999 -9999 -9999 -9999 -9999 -9999 -9999 -9999 -9999 -9999 -9999
0.28297035640513 0.334646217141684 0.305005047585685 0.293233179554753 0.301084108453099 0.298685736551848 0.295665391224648 0.308606565209463 0.317454751388522 0.320892751164307 0.333291652705397 0.349083486449963 0.370266455935499 0.392376973311251 0.415970543758004 0.425812997322108 0.429738917876235 0.428888307573103 0.432915088157636 0.446457985671961 0.457370122259933 0.46690813311212 0.49683233866289 0.526447721254832 0.554051649370042 0.584876322290202 0.617751781517328 0.609136320613381 0.599707626952727 0.597466314254265 0.607787117767477 0.627777620705153 0.643471320357381 0.655247242753363 0.653719750775793 0.653380481217138 0.654141848254955 -9999 -9999 -9999 -9999 -9999 -9999 -9999 -9999 -9999 -9999 -9999 -9999 -9999 -9999 -9999 -9999 -9999 -9999 -9999 -9999
0.259751514670704 0.31191160740777 0.290045524640106 0.28592887581076 0.301303393846147 0.301573764718523 0.300571634091927 0.320288604737736 0.331691888690355 0.33210598898469 0.341439329821549 0.354251755846031 0.373855296175849 0.398109632056966 0.42980010864597 0.441281961679588 0.44420904378409 0.44670402165194 0.451851327281858 0.462173502365815 0.461645340898025 0.455449721567261 0.48519445739416 0.509943610716705 0.520403172392254 0.55287572072482 0.599364881470214 0.590092258136677 0.580140933918826 0.581111796621757 0.593903974292457 0.61579561901267 0.663581108102935 0.702714019059393 0.693855167835653 0.692760889671343 0.698858845157189 -9999 -9999 -9999 -9999 -9999 -9999 -9999 -9999 -9999 -9999 -9999 -9999 -9999 -9999 -9999 -9999 -9999 -9999 -9999 -9999
0.262438125415185 0.299936389642326 0.299416117980267 0.31323115017383 0.342788194224086 0.345613146971357 0.343876150741362 0.360617953436906 0.368000914935371 0.363013188369817 0.387251158798876 0.418507790892 0.410762627775632 0.416134952215602 0.442480781538114 0.455467986026318 0.462316605220886 0.446151433169108 0.4356729793451 0.436289694403109 0.435158845637826 0.433115191607552 0.477687468100827 0.512063944712891 0.518936369258077 0.534269935431613 0.554991073251945 0.546084215514446 0.541523789491843 0.557114635048567 0.599621553996466 0.662847142871784 0.697402063535699 0.719820904709748 0.709108948606782 0.702690597904812 0.700249363910891 -9999 -9999 -9999 -9999 -9999 -9999 -9999 -9999 -9999 -9999 -9999 -9999 -9999 -9999 -9999 -9999 -9999 -9999 -9999 -9999
0.26192500726595 0.29060928231042 0.310599527425301 0.335936639488553 0.367145300822412 0.372879416839726 0.373825449618674 0.388909941437584 0.397361809672387 0.397046554320283 0.425783341359113 0.46100580847648 0.450589692294001 0.452162249516971 0.472903454632646 0.489879970107531 0.504295508592897 0.473167275749035 0.449389414548832 0.43995262168814 0.431701349493828 0.424069310480933 0.470979140132783 0.50728769668067 0.514621300636874 0.519976678118689 0.524072433987664 0.529807928867358 0.540906283621559 0.567969634205279 0.624088900409132 0.702573981879704 0.730300166268895 0.744598265124694 0.732250769571947 0.730265349288835 0.737878198719883 -9999 -9999 -9999 -9999 -9999 -9999 -9999 -9999 -9999 -9999 -9999 -9999 -9999 -9999 -9999 -9999 -9999 -9999 -9999 -9999
0.257419592456083 0.28458621816216 0.324044784646265 0.352906727396548 0.370132211084729 0.37921790101586 0.387111464485145 0.40218293360589 0.418053531758085 0.434980433331056 0.455232720642293 0.476356382218413 0.494059702939371 0.510650585118458 0.525462793211577 0.549527852037679 0.576058647398097 0.534580205996897 0.500405523214449 0.480480963631846 0.456977098985081 0.431603655405614 0.465267300632305 0.493906594200974 0.506752455689563 0.511064155119969 0.50994178766515 0.548132510122084 0.587700866448274 0.622309618971595 0.67195030097609 0.73316182322784 0.762046827154008 0.778946064725379 0.765234485763751 0.752615305697498 0.741008002013188 -9999 -9999 -9999 -9999 -9999 -9999 -9999 -9999 -9999 -9999 -9999 -9999 -9999 -9999 -9999 -9999 -9999 -9999 -9999 -9999
0.278659026395692 0.297803530134227 0.320707909985775 0.345209396951576 0.371464713440782 0.385426821653096 0.396549781240413 0.41033274685426 0.427391442643498 0.448780058700459 0.460351423415658 0.469309766990034 0.487798935928819 0.510746817689054 0.540823719753586 0.566838291803153 0.590123121970218 0.565847758754319 0.543975042816448 0.5267900529529 0.503264558198922 0.47642722660697 0.507600429759564 0.529874552578726 0.527066788457176 0.534125075174024 0.547465499467283 0.582129698162637 0.619268235104945 0.658981157103745 0.699186515799743 0.739770928053856 0.772993190601054 0.794875578439583 0.775582495165243 0.766305089537473 -9999 -9999 -9999 -9999 -9999 -9999 -9999 -9999 -9999 -9999 -9999 -9999 -9999 -9999 -9999 -9999 -9999 -9999 -9999 -9999 -9999
0.308203875788596 0.318722445782295 0.314762599026211 0.331428029331047 0.370742673026166 0.389841203949042 0.403565239361838 0.416107224681506 0.432577781044614 0.454241194716903 0.457779844651832 0.456160026875961 0.467462797853805 0.493801731186361 0.544181931812431 0.569850299046611 0.584755078077096 0.584913603436411 0.582083961523504 0.573424204735006 0.557158976271804 0.536921180686941 0.565376752379203 0.579828724252028 0.557456960637606 0.567723520101946 0.598772299240864 0.619800826136016 0.645290306492251 0.686712065674082 0.717635726158735 0.740478466421064 0.777482767405991 0.807571034956815 0.802736783508835 -9999 -9999 -9999 -9999 -9999 -9999 -9999 -9999 -9999 -9999 -9999 -9999 -9999 -9999 -9999 -9999 -9999 -9999 -9999 -9999 -9999 -9999
0.341216023480807 0.359199946465086 0.338407746231963 0.335597061558857 0.352532399292947 0.374339827210159 0.396648476012435 0.412988577994234 0.430686066545094 0.450177773576055 0.453735538706112 0.452735181921299 0.462771303889891 0.489384831936023 0.542503916462684 0.559892744510715 0.562322409133635 0.57180274728875 0.584470127479419 0.603355640554865 0.623288679673888 0.643768873223008 0.628984004454819 0.614472674299908 0.602811673612627 0.608156756126819 0.624330340952366 0.643891952471278 0.662076215530788 0.675272740985085 0.709089404996025 0.758778437847836 0.782048790627324 0.798151852342204 0.79967818769351 -9999 -9999 -9999 -9999 -9999 -9999 -9999 -9999 -9999 -9999 -9999 -9999 -9999 -9999 -9999 -9999 -9999 -9999 -9999 -9999 -9999 -9999
0.363323338882302 0.388679018478536 0.362445742613743 0.349317294482611 0.350579636783331 0.368531602728621 0.390421765064691 0.40935967916786 0.427911650869739 0.445953476822106 0.449572288359103 0.448932654661625 0.456429869361315 0.482193388113386 0.537162836399083 0.551271424659421 0.548543606145177 0.566605767510888 0.590268199228606 0.624857134221451 0.664223364551417 0.706084920246914 0.677350693409251 0.655293739928815 0.653737622195368 0.655672336357455 0.659829812857085 0.678779918311215 0.692712301232959 0.687903432542515 0.713782168338614 0.763282713266364 0.782889266235253 0.795917409587306 0.798536065491409 -9999 -9999 -9999 -9999 -9999 -9999 -9999 -9999 -9999 -9999 -9999 -9999 -9999 -9999 -9999 -9999 -9999 -9999 -9999 -9999 -9999 -9999
0.369003800567631 0.401590244784468 0.38707552030633 0.377425293532724 0.373116912409049 0.377324977788917 0.385234537307183 0.404962145205802 0.42380754917043 0.441486839783366 0.44522986219093 0.444561193207437 0.44760299245513 0.470822417581575 0.526303778011454 0.54466298598862 0.547800839505778 0.573330116368699 0.601205907779646 0.633659906541771 0.6672047024498 0.701319254589073 0.702759257537058 0.705419907308233 0.713055985251482 0.713856639328071 0.710304885959493 0.729932059372923 0.744212057272385 0.736792786799639 0.738418063194532 0.747005387079425 0.778117640342994 0.80469079567931 0.80138495833967 -9999 -9999 -9999 -9999 -9999 -9999 -9999 -9999 -9999 -9999 -9999 -9999 -9999 -9999 -9999 -9999 -9999 -9999 -9999 -9999 -9999 -9999
0.377305661450198 0.409643655431041 0.400101726861499 0.39268795090026 0.387611160881571 0.386912730486757 0.388780334766935 0.401945706493815 0.415191182330706 0.428542541250419 0.437373705038861 0.444391883981751 0.447271935414242 0.467326769074377 0.514842301847892 0.538876317899594 0.553889914334146 0.611634231472347 0.661632011603137 0.696515778184198 0.736958824128225 0.780305649267288 0.771052043643294 0.765883289819441 0.773840608814825 0.763981752624957 0.742778573824912 0.750060404837579 0.755763687821101 0.750019016979268 0.763120720286759 0.790729435804157 0.808498841825188 0.821932613916589 0.823318215108534 -9999 -9999 -9999 -9999 -9999 -9999 -9999 -9999 -9999 -9999 -9999 -9999 -9999 -9999 -9999 -9999 -9999 -9999 -9999 -9999 -9999 -9999
0.387042787318526 0.416771242698123 0.409659056856869 0.40363898215803 0.398818186297355 0.396420747502816 0.395289799697454 0.399200973391086 0.404766774402601 0.412519692171491 0.427531728620584 0.444164149073767 0.449390700414654 0.466905314826983 0.504067270219738 0.534869784901863 0.564423910223982 0.661696673718807 0.739073467651952 0.7776318898078 0.82885029449313 0.886681389687153 0.852021370656211 0.827244957596477 0.832068109522773 0.809353039414586 0.769103202633894 0.758650650123891 0.751910979716502 0.749546910382564 0.787061175966483 0.855271823092036 0.850905736233565 0.839596320412024 0.838877536594945 -9999 -9999 -9999 -9999 -9999 -9999 -9999 -9999 -9999 -9999 -9999 -9999 -9999 -9999 -9999 -9999 -9999 -9999 -9999 -9999 -9999 -9999
0.40781447785377 0.451206258182237 0.449811934829476 0.435472990600224 0.406919183723452 0.395097426855206 0.388493271878681 0.388926484015864 0.393595291038923 0.403862785121131 0.401191760250037 0.396647960042344 0.426629569153777 0.46554563747957 0.518746981331675 0.57095906858607 0.623115613569012 0.692323037516221 0.747194025187614 0.774093663607043 0.804602836206099 0.836997377316117 0.815959731859237 0.800977203228439 0.803927917393645 0.811400510343938 0.821752377392557 0.786698857675643 0.758043005640747 0.759466687956178 0.789283194390637 0.840955100856152 0.84239961378655 0.83827561504888 0.838448677312535 -9999 -9999 -9999 -9999 -9999 -9999 -9999 -9999 -9999 -9999 -9999 -9999 -9999 -9999 -9999 -9999 -9999 -9999 -9999 -9999 -9999 -9999
0.42491321040001 0.473789670331031 0.475942274344873 0.459033334362322 0.42119236150344 0.397931894307895 0.380523476222959 0.379527944383259 0.382447365053453 0.390541641805238 0.373335856339801 0.353457050131633 0.414916834345256 0.47155197960243 0.520473026540469 0.583362537908306 0.651930620764865 0.70977121589254 0.754114328082706 0.772122945283743 0.786299300422131 0.798473949562151 0.793967811903655 0.792004021519438 0.79721249278582 0.821918205681219 0.859038648267378 0.814628750410373 0.77618980132542 0.774945809015414 0.795641299068022 0.833224723955822 0.837435973896707 0.837270366547512 -9999 -9999 -9999 -9999 -9999 -9999 -9999 -9999 -9999 -9999 -9999 -9999 -9999 -9999 -9999 -9999 -9999 -9999 -9999 -9999 -9999 -9999 -9999
0.435281780536213 0.474656739547283 0.476378347413293 0.467433388464168 0.446775163932031 0.408384904979783 0.370403837547856 0.371734455515864 0.371342604544356 0.368673962514851 0.342702220580796 0.31819158642485 0.423448682436254 0.491055483277054 0.498463359118052 0.552365190246713 0.626000918666124 0.703072282208476 0.758835338557733 0.773024457632801 0.778887139905197 0.780400673236194 0.797756609601149 0.8147206340188 0.829754845001837 0.847956357850701 0.868174627595822 0.842341848415498 0.816351918734154 0.800611620111246 0.80957818147973 0.837562868919769 0.838963419125686 -9999 -9999 -9999 -9999 -9999 -9999 -9999 -9999 -9999 -9999 -9999 -9999 -9999 -9999 -9999 -9999 -9999 -9999 -9999 -9999 -9999 -9999 -9999 -9999
0.437025134780819 0.461506276312049 0.462801905582691 0.455079559143935 0.437454312705957 0.413239996254939 0.388929396269168 0.377270909513688 0.366652129824447 0.357407654017871 0.325175684300748 0.292991288741053 0.369331229145803 0.427913376482017 0.458102650714556 0.527541315124234 0.613168889603352 0.679601771801501 0.735391767377417 0.77041677693922 0.780194812027964 0.776785591282633 0.813491886322965 0.844878357987327 0.860933341982944 0.870868848122167 0.876907820337191 0.854474087410556 0.833452784145438 0.823370207854201 0.824038434167925 0.832982099747617 0.83298243611302 -9999 -9999 -9999 -9999 -9999 -9999 -9999 -9999 -9999 -9999 -9999 -9999 -9999 -9999 -9999 -9999 -9999 -9999 -9999 -9999 -9999 -9999 -9999 -9999
0.434541164720292 0.441485648158638 0.442357757998035 0.43255399651074 0.411026751887133 0.415351478440026 0.421494318259889 0.389340532323562 0.365105375396007 0.351337207628687 0.314073098550586 0.272724052617561 0.284508583340992 0.324265640350636 0.408747871607348 0.50574313475997 0.606756191054914 0.647911305534031 0.698144388608756 0.766089197610406 0.785776181286868 0.780256648070053 0.835082279226798 0.878683062131905 0.891443396752788 0.892249413085653 0.885443602422325 0.858969955929105 0.839251046549345 0.844703929704575 0.838755197060406 0.824030061151396 0.827416005983658 -9999 -9999 -9999 -9999 -9999 -9999 -9999 -9999 -9999 -9999 -9999 -9999 -9999 -9999 -9999 -9999 -9999 -9999 -9999 -9999 -9999 -9999 -9999 -9999
0.442741191559158 0.44479976551554 0.439172855981685 0.430568059631787 0.418693159624641 0.431267992148761 0.445735083556465 0.425343387380202 0.402347305498434 0.375908698790914 0.368408057776543 0.365151747532353 0.332376734105267 0.339240316412732 0.409481910523539 0.503109459125294 0.605852974436531 0.672255798837748 0.732336067288772 0.780080604792056 0.797816813068569 0.79987876639272 0.820091235714733 0.836305898532634 0.841744065875478 0.845593545597903 0.848431439797317 0.846719811050279 0.84522933404182 0.845472885799682 0.837718371693175 0.823807339721178 -9999 -9999 -9999 -9999 -9999 -9999 -9999 -9999 -9999 -9999 -9999 -9999 -9999 -9999 -9999 -9999 -9999 -9999 -9999 -9999 -9999 -9999 -9999 -9999 -9999
0.450135211308516 0.449846128732915 0.440641375523518 0.432354974509393 0.425077042607064 0.444716154373712 0.467086745738539 0.456186244672115 0.436510733620122 0.40523625331497 0.417670934688383 0.438806162521285 0.376496342531768 0.359334858010502 0.414360888843465 0.500282344015304 0.598802353026094 0.675414220608054 0.738063494569859 0.773470811388426 0.797848944786981 0.816466203211951 0.804890514746276 0.795548031113815 0.793470810557351 0.802146028463118 0.817667784949321 0.835219837343756 0.847437141465889 0.842920119835297 0.838993114611838 0.835520275009549 -9999 -9999 -9999 -9999 -9999 -9999 -9999 -9999 -9999 -9999 -9999 -9999 -9999 -9999 -9999 -9999 -9999 -9999 -9999 -9999 -9999 -9999 -9999 -9999 -9999
