layers/veg/veg_5800.asc
NCOLS 255 
NROWS 330 
XLLCORNER -2985163.8955 
YLLCORNER -3022031.214 
CELLSIZE 25000 
NODATA_value -9999 
[rows 125 to 149 of 330, columns 57 to 113 of 255]
0.0923628136735603 0.0992469646980186 0.123536528173754 0.147509425576141 0.149224570107543 0.176958379950054 0.234470163869618 0.251676796737097 0.2542814930982 0.226022541620255 0.203917585306693 0.190297264254841 0.179423379410557 0.167100683597443 0.114298644112112 0.0868396588286462 0.101713668798327 0.184086186395617 0.296207434810612 0.387367920238941 0.463891387300465 0.510502570814973 0.547671269433009 0.579678828117441 0.646050661089355 0.694354035289001 0.693598579005852 0.695394425877264 0.698886421258324 0.701708406588775 0.69622079371041 0.664131101319982 0.627781771397452 0.588013577853164 0.551202201360538 0.515976739294064 0.485649216053467 0.459466110527935 0.437283576509298 0.419511661126888 0.402883198995815 0.387552465073341 0.373127367372833 0.359753022499793 0.34677514431544 0.333995464557592 0.322007740534091 0.310662355625494 0.300215035668443 0.289857904438552 0.279104422340472 0.260695411607302 0.247532024363998 0.24325927646457 0.244214606734664 0.247465668000053 0.241946997308165
0.0930843853761338 0.111882418177658 0.130378954941412 0.149024864653411 0.168882779261117 0.183462559308058 0.192001593135072 0.194866757054222 0.191878941281071 0.151247588489697 0.137800344671194 0.161832371373466 0.145388028489275 0.114542533049885 0.0826473920343941 0.0546342717926729 0.0331056725435523 0.12356947025536 0.262735336731899 0.305434470964624 0.339838159134085 0.357289232462529 0.421112301791601 0.510281703466855 0.590969106629418 0.648370260648242 0.647458929455147 0.659248279371759 0.679481252029651 0.704610286936752 0.716303989622313 0.683279965702571 0.64614509485234 0.605710782460582 0.569518217672942 0.534871449668543 0.504158124980146 0.477080304330917 0.453511805104436 0.433513768102555 0.414383359964178 0.395961083249027 0.379058239670198 0.363918298927427 0.349027129822104 0.334393655020737 0.321471005160913 0.309050574814216 0.297332305883907 0.287627136175312 0.278440002960202 0.26554535264854 0.254878248507197 0.247986541067582 0.244722494652856 0.243059487982519 0.236436041906643
0.120585575802285 0.107829915201587 0.116200303958981 0.129614614488724 0.147192037446996 0.154397003528279 0.149730847539883 0.138418030791215 0.124662866583825 0.105516691050294 0.108136588172771 0.140765801622797 0.121826472560414 0.0864451405626926 0.0815798599921776 0.0667547942571556 0.0352929200801415 0.094614314369491 0.193295671342344 0.20260661136667 0.212277954082474 0.222685817531422 0.272507052431964 0.343871125636947 0.479524882313464 0.585285243490019 0.609187784642371 0.632339154666707 0.654991133708441 0.691558184620443 0.713365149888538 0.683609195429388 0.651856153657134 0.618500212785416 0.582347355649467 0.546833093907385 0.515756199023115 0.48811022545451 0.463776091329104 0.442628882382327 0.422382277746775 0.403512430187409 0.385694427528059 0.369096814442297 0.352308879736683 0.335726981885287 0.321506985712378 0.30771835635639 0.294532828089139 0.284093851683078 0.274598763219718 0.26427794030595 0.255188099754285 0.248184611805177 0.243253660822332 0.239246068632128 0.233610512851969
0.16139003562922 0.0954873621403943 0.091579044988331 0.0998091423361396 0.10496044179022 0.107661525934571 0.107558375230443 0.0821487936319258 0.0550555856374531 0.0742139638301571 0.0965817720994711 0.123374485307874 0.103467967424434 0.0704990806834572 0.0957053548227537 0.100895029608745 0.072649010391237 0.0813379455159243 0.105988453671109 0.0893990681602577 0.0829755935966063 0.0973272252155089 0.1129499061088 0.129267326071262 0.340081462453254 0.513704868774756 0.574825464648593 0.610018690866084 0.627974973162149 0.670580647233934 0.698989689435468 0.674589424618358 0.651281966696944 0.628851615739009 0.592450785637951 0.555350609701837 0.523921188406017 0.49586928771464 0.47107767920978 0.449316292927245 0.428641888416052 0.410637911831101 0.392680993896185 0.374778675157262 0.356102184109123 0.337524855000579 0.321827473459942 0.306525015652602 0.291774707255404 0.279913518236486 0.269179379386667 0.259971619869677 0.252002503018801 0.246132721974553 0.24080285401359 0.235727114073285 0.232119018852718
0.266099089676513 0.141989438583337 0.108863540236786 0.0954246467764515 0.0882224896490241 0.0827425022276454 0.0792335123286151 0.0568817773316911 0.0329687847073551 0.0407961678287479 0.057391829771063 0.0860764917339019 0.0757919750938965 0.0547922635900194 0.0854300444916503 0.0982843962027563 0.081433337606537 0.0894546894007666 0.108279105137899 0.104440150008771 0.102011950181191 0.102466776905729 0.0873572873752287 0.0637405441881043 0.255055137059877 0.414780978316059 0.474319550360464 0.540712810789632 0.611663181363526 0.648276574849156 0.668437072147712 0.645345725871306 0.628316483170506 0.616152796571552 0.583229188408399 0.548789525489458 0.520754248703762 0.495352905078911 0.47249407494541 0.452416304592221 0.433197921335482 0.41561462837675 0.397465092193828 0.378658579562282 0.358308010711297 0.338001824669071 0.322043038515544 0.306386564424479 0.291152757833224 0.27889536614472 0.267831905727814 0.258926929088629 0.251169276610869 0.245356187129182 0.239870142715021 0.234551577243082 0.232008041712013
0.350861596827132 0.185706812068566 0.131330003535641 0.10095721568089 0.0783730422705948 0.0648528869592842 0.0617063650668353 0.0400825484571588 0.0159891839405256 0.0147904803986615 0.024453302746686 0.0490911263905719 0.0497923437195791 0.0443777371885986 0.0784692313313099 0.0963920600235118 0.0873067770526851 0.0943163548255939 0.108376217180069 0.113375998233379 0.114265780644626 0.106756349385554 0.0711051636433598 0.0200720594276934 0.176762655381432 0.314335593965468 0.384044957915436 0.479715877258254 0.592646467765209 0.625449073157012 0.639076618560654 0.613742084520319 0.601096635274639 0.598635679444401 0.567212259220277 0.534339540760854 0.513225213731858 0.492836677806146 0.473148741918216 0.455042835916337 0.437386285867408 0.420426659220252 0.402267242381181 0.382715784338428 0.361082463830927 0.339442353400967 0.323057232913672 0.306721153344859 0.29045363869613 0.277549772922875 0.266033770106775 0.257646113295091 0.250339951853321 0.244866782296036 0.239564298151985 0.234367616773011 0.233180729385332
0.387935861472752 0.22116051340493 0.164303361910707 0.128359644436393 0.0834625675140605 0.0623428883164948 0.0684360858980312 0.041658068135862 0.00916480598367327 0.00580979235094229 0.0067053813016237 0.0134613603890214 0.0279275251329072 0.0460628862893863 0.0798760795122061 0.0973252567141832 0.0874400089879374 0.091043049307565 0.100572767455136 0.104218979410282 0.106230988242032 0.104903331441383 0.0719120675298286 0.02161388611787 0.112124869253863 0.21128905845227 0.319304750926285 0.439239129977719 0.567097248879168 0.60146677659351 0.61296393374614 0.577390107815992 0.564864235513332 0.570837075746456 0.53627107097469 0.50232689371222 0.49608139246195 0.486011547975471 0.472250097180159 0.456701573371632 0.440788324903749 0.424931057125378 0.407181542868127 0.387236573868975 0.365208853531649 0.343129745140512 0.32590185691085 0.308103998671647 0.2895092559253 0.275353354532784 0.263073646871565 0.25572018043605 0.249443878451005 0.244993228013707 0.240643723735148 0.236376736120454 0.237245694630048
0.429376375889452 0.312914365522069 0.254942772251398 0.205709619531536 0.137983641903227 0.104002755078378 0.108642620976929 0.0809041479259008 0.045115222433151 0.0167992729526286 0.0069549435954813 0.0225778034793694 0.0273498732632043 0.0296295151111981 0.0544973715040383 0.0685293421099397 0.064461067262853 0.0627782036151047 0.062394474139071 0.0845545978354493 0.101129288861802 0.106289561898665 0.0847808457951361 0.0486952056773822 0.112086559146728 0.186683063531341 0.280456610566189 0.391705480506126 0.514572233976723 0.560169129370767 0.582941538505408 0.554169140062926 0.52565713800333 0.497354134881782 0.469843771187576 0.450212529183186 0.463506666545388 0.470564719736164 0.471603133410363 0.460362434301147 0.446154804065108 0.429611689196467 0.411562412587776 0.391765631110575 0.370128381478039 0.348329521032203 0.329759607120425 0.311025891044388 0.292063160450481 0.276552351649134 0.262667830079335 0.255599634730533 0.250090852454331 0.247225069479051 0.244457035861833 0.241740284269107 0.240023506967964
0.473468215924435 0.438855458384565 0.380598841944559 0.313389332072713 0.22252112384413 0.172483967810709 0.169177341543824 0.143024988967528 0.107039853408209 0.0399152746004314 0.0181331499668465 0.0588655667429697 0.0396984655197974 0.00219400262189809 0.012853622545989 0.0216809663507995 0.0274476791976315 0.0193377005097996 0.00577161049679079 0.0585098116789115 0.0978086567770148 0.10964276692704 0.104973977503746 0.0912849169397538 0.15127510381897 0.209708657660071 0.257330955900476 0.339886655759219 0.445666658455507 0.508357050954355 0.550545042845192 0.538921738242111 0.48464370948588 0.396130212663566 0.381868176741169 0.385891762977299 0.42156180494077 0.449882522229775 0.471108998322793 0.465239048230714 0.452714153699323 0.434399336253763 0.415619366193352 0.39629970876907 0.375529528172744 0.354447664643907 0.334232559762823 0.314882341693592 0.296741336195661 0.279813152965638 0.263813069333893 0.256575377478957 0.251674813879656 0.250735374150831 0.249930450779323 0.249140748187962 0.242019719155779
0.487836765379697 0.481022124074742 0.419358234577813 0.346741179809722 0.275620328061718 0.230876301417641 0.216320157387372 0.224621782492696 0.226252269883271 0.114273916122056 0.0586035077419741 0.0805659811133152 0.0558412875547247 0.0171428842590301 0.0213149652645609 0.0267611832123515 0.0343357173725018 0.0374209805257156 0.0387878176400649 0.0659919088130597 0.0876731483007091 0.0980678606104722 0.100492133448453 0.0985598673142015 0.123574539849369 0.14637134636416 0.161029964909888 0.191803463959445 0.233290401943482 0.353787291980157 0.452620039567621 0.459052936094017 0.451598372478476 0.43299747729832 0.424108504347781 0.422575413994373 0.446234657197503 0.463464291035964 0.47448747711911 0.468655160661305 0.457976059751759 0.439522361483469 0.420731831867583 0.401550497994663 0.381065681990199 0.359930718846367 0.336205472252129 0.315772979384977 0.299944140020703 0.28277978265144 0.26548967720518 0.254549295416495 0.247936763640492 0.248659366319233 0.247343762871317 0.245076862881622 0.238390856951709
-9999 0.510258815353412 0.444009765597906 0.369370759168633 0.324337025066802 0.291314087661365 0.272037327793991 0.305659296865192 0.334760506016574 0.196678967399008 0.117522374030421 0.119606772066501 0.0860374289726421 0.0422217149922584 0.0382486284783348 0.0370143503180194 0.0403549730401733 0.0497611074306732 0.0617541470062046 0.0637492242648691 0.0699816612206689 0.0848735875325022 0.0945421166174686 0.101355604438166 0.0988313901291406 0.0944480817557534 0.0862157019995667 0.0745078654762912 0.0604894878456965 0.223337466500351 0.3650200601804 0.387986416755264 0.417776647854987 0.453043846465831 0.453136933321039 0.451004611224107 0.461179290807606 0.469351075255407 0.475589481901534 0.471007510571026 0.462476211372541 0.444008478008464 0.425313487431057 0.406354824582513 0.386317272230454 0.365475818904436 0.340070662968325 0.319222887873484 0.304746862387875 0.288114171536798 0.270728724890838 0.253784778152041 0.243883870879463 0.245919985754932 0.245089549095392 0.24293214314322 0.236083428839015
-9999 -9999 0.444009765597906 0.374777769806388 0.366207637669114 0.359469740216679 0.354828808011917 0.381533260296614 0.402059659750459 0.292836951054727 0.224081522573732 0.211119136414701 0.155906386524091 0.0886559774555029 0.070366344549716 0.0526416365835451 0.0358605782894562 0.0343682008391354 0.0394820836963349 0.02745034025944 0.0318315733156184 0.0697544467802517 0.0888816925457796 0.0977354916753208 0.0947996375410965 0.0910831924265388 0.0864833036568888 0.0632263180700532 0.027565786121324 0.180935907075864 0.319045197109429 0.354005520368467 0.380269576697909 0.399553848849324 0.420433582274391 0.437276686693055 0.436014096759715 0.446877289378019 0.469445397743249 0.470571129361406 0.465025318258387 0.446603927306316 0.428177699885573 0.409745861013998 0.390726843496736 0.371315128889888 0.349827715946487 0.330565552162199 0.314414546069984 0.300303278972682 0.286103232704151 0.257192151415077 0.239898665590903 0.242295470448288 0.24526242000376 0.248393769125899 0.238598969757488
-9999 -9999 -9999 -9999 0.387621583748247 0.388349363698777 0.389910076939373 0.429099428940641 0.464652751292207 0.377598200576408 0.325881783908492 0.322886753952274 0.272347297441434 0.205702625713206 0.151375905251662 0.095087583674267 0.035522606881426 0.0348248162941127 0.059622662727578 0.0239512761150301 0.010298733785352 0.0416440111660394 0.0640636398280435 0.0816046245165175 0.0874497357799484 0.0903385696046141 0.086813171230213 0.065564453334568 0.0325329796585108 0.151390062598712 0.259441515280021 0.289308215691591 0.319094282576125 0.348815631505152 0.33704196810791 0.324646338343891 0.33526555999835 0.369349438288224 0.426083551956999 0.451477389497648 0.465151402631731 0.448387273801598 0.431264285890091 0.413724936325558 0.395398560916415 0.376803744457194 0.357774892049873 0.340332049208941 0.325106632601815 0.311930949896652 0.298815265570185 0.273580009614146 0.257370873821414 0.256459820173058 0.255847866471237 0.255301049719171 0.24503392449995
-9999 -9999 -9999 -9999 -9999 0.388349363698777 0.389910076939373 0.455850905408318 0.523785480180211 0.453979443297934 0.424182840409675 0.449548038172727 0.423032517413687 0.374670488081307 0.2683355886517 0.157253264281887 0.0382408492506398 0.0469355688875795 0.110949213726835 0.0445698855292447 0.000984539767279934 0.00398108990061772 0.0251590026168411 0.056274612613251 0.0776600023698817 0.0915206260305385 0.0871888228670574 0.0779171271549987 0.0653613092212759 0.131297012002025 0.18981657713889 0.2020251678255 0.240515768631968 0.300100795344001 0.216379326589517 0.139293140237957 0.178940669654639 0.251340390091429 0.355355524608495 0.418664913147124 0.463495841062221 0.449573481947602 0.434514382935514 0.418136396016348 0.400263034131067 0.382034494782205 0.364391267562521 0.34893959211579 0.336551961487624 0.323145797135139 0.309569583366179 0.29951240493709 0.290620695979628 0.283704303923683 0.27408966895845 0.263271318649714 0.254350820166133
-9999 -9999 -9999 -9999 -9999 -9999 -9999 -9999 0.530035996652712 0.462053182237416 0.434573572995153 0.462936536527799 0.45760332612754 0.436783486514668 0.356623188063106 0.287795766647719 0.237898764034879 0.181007812485624 0.12088150182129 0.0485598276707297 0 0 0.0102509872828144 0.0261050314308796 0.0606753502695242 0.0864887059489942 0.0883335227842508 0.075386664584287 0.0526060563176773 0.102209216813361 0.148007724978069 0.160882972631538 0.16647139522104 0.166211277660923 0.152814897889206 0.134238153270482 0.101812417125699 0.130634544653905 0.218578719020598 0.311182470304768 0.394346777957083 0.416040537293026 0.422916101497862 0.412599044588008 0.401123945998667 0.388822380573853 0.37195380804263 0.357223827018753 0.345483846189252 0.331899722312805 0.317923381780492 0.308813252342907 0.300332207511287 0.29291737804172 0.285102319958317 0.277109013200934 0.269438659318791
-9999 -9999 -9999 -9999 -9999 -9999 -9999 -9999 -9999 -9999 -9999 -9999 -9999 0.476236968297815 0.432420202556902 0.40861750923144 0.418246288916723 0.301973538720155 0.130794408253946 0.0534371969086152 0.00173697786751694 0.00246951593139956 0.00233496171807102 0.00172646609767637 0.0445761522457649 0.0792854929888129 0.0892875551406715 0.0724666133993857 0.0378132952914079 0.074136205989581 0.10984165592317 0.123302211184982 0.0999105006009721 0.0469404819731106 0.103262496020334 0.145572658012674 0.0608931001176788 0.048730091860049 0.106566698072507 0.202483783199435 0.300655800635332 0.365073822407178 0.399567386813964 0.399341482824754 0.396996393813443 0.392841322418808 0.377619547367853 0.364107162644509 0.352984704840011 0.33997978450963 0.326526602016239 0.317185775203107 0.30830323101895 0.300197415393307 0.294486819440786 0.289845681834216 0.283648625665074
-9999 -9999 -9999 -9999 -9999 -9999 -9999 -9999 -9999 -9999 -9999 -9999 -9999 0.478482841176421 0.474452155902054 0.463395163571421 0.440601439713055 0.320838693604304 0.158786168801185 0.068898144475077 0.00991776323529434 0.014100395158414 0.00983553261552716 0.000953379019974889 0.0349166575491214 0.0667519933074538 0.0891970366065025 0.0746273031250173 0.0354495341934726 0.0537718818727622 0.072992583044459 0.078701525622106 0.0591235216694804 0.0192497481951116 0.080654945687566 0.138650559498866 0.119574481025169 0.111952813138169 0.115387991296114 0.122014742895015 0.145514571844849 0.264655459255679 0.339137926600732 0.361806034033641 0.376118233305915 0.385905308342767 0.375833690823525 0.365935234392 0.356278877344183 0.346639039581583 0.337107713891694 0.329407098558071 0.320138616965247 0.308212809036113 0.301001106523688 0.295925008375018 0.292071405044577
-9999 -9999 -9999 -9999 -9999 -9999 -9999 -9999 -9999 -9999 -9999 -9999 -9999 -9999 0.503359331193713 0.497172327496276 0.48065056319467 0.396842591786019 0.283387630644988 0.191595508514272 0.113524663193993 0.0634946874207341 0.0328649528630179 0.0128391388576667 0.0289251306532314 0.0490539613542551 0.076081389213759 0.0713585746094667 0.045527673990511 0.0558517178385979 0.0673197805175171 0.0721593182390309 0.0560734864154822 0.0231925671765565 0.0638665559639607 0.109715100796915 0.132036616463222 0.134537726392653 0.117906365635599 0.0943014485926088 0.088850657250238 0.19916453335093 0.270743139758416 0.297379645611931 0.315124904259125 0.329738563822348 0.338547947531293 0.344652627157099 0.346975815223374 0.346802698365063 0.345382973918728 0.33777482078898 0.327863099687639 0.314047134967001 0.306654320151705 0.302159218396991 0.297640729802739
-9999 -9999 -9999 -9999 -9999 -9999 -9999 -9999 -9999 -9999 -9999 -9999 -9999 -9999 -9999 0.51235266558897 0.536368450681444 0.523445272966057 0.493541084522998 0.409255272030199 0.301635438910231 0.146330085160272 0.0696458284826389 0.0359348450665154 0.0261817449673892 0.026782516815663 0.0514314372387809 0.0632818657370149 0.066623645247246 0.077806810417757 0.0892548889663403 0.0993195090455272 0.0864411168986106 0.0551482401195509 0.0522312800104995 0.0612858770777135 0.103569647813786 0.121136135376169 0.114843237714648 0.113305607104471 0.119392585201121 0.164603335962126 0.195294718020478 0.209140188500493 0.218607890393286 0.229975917417432 0.26982554738667 0.302904532526295 0.326517367030301 0.341214230866495 0.351616304239732 0.342730015621052 0.331947203078092 0.317950032842407 0.311545016678805 0.308530584317075 0.300683199351138
-9999 -9999 -9999 -9999 -9999 -9999 -9999 -9999 -9999 -9999 -9999 -9999 -9999 -9999 -9999 -9999 -9999 0.557010597909396 0.560527200007302 0.498358146465733 0.421904753381871 0.316259812951184 0.190207268062445 0.0530001909216068 0.0252351115740147 0.0131930807207324 0.0308669988219217 0.0470986827277516 0.0623715455006833 0.0746224374646642 0.0857273149874781 0.0939993679334134 0.0886225758033531 0.0722909689601462 0.0535523260960018 0.043872423372212 0.0740987380955369 0.0953340447916677 0.107890407181315 0.131392917880587 0.157639404788877 0.186552865572877 0.202690499632893 0.204005144364657 0.202366857995636 0.203535431470542 0.237800224015742 0.274792283648094 0.315597380549458 0.339825029667988 0.356556082990181 0.346147960281514 0.335786182474153 0.325502953156545 0.318642047837583 0.313298909198173 0.304299697119429
-9999 -9999 -9999 -9999 -9999 -9999 -9999 -9999 -9999 -9999 -9999 -9999 -9999 -9999 -9999 -9999 -9999 -9999 0.59503748915877 0.553481487662779 0.512901385741601 0.474315637046174 0.310777419368016 0.0789418006836672 0.030526159411049 0.00412897120095442 0.0165377253011794 0.0354678269721366 0.0587334283046001 0.0707139214634419 0.0801195799883948 0.084443350522553 0.0853686080105809 0.0835661562665622 0.056095467399951 0.0333850345789653 0.0467312228007054 0.0676182070575632 0.0957842582018481 0.14028840984153 0.184598320624182 0.207569980174601 0.216437606283824 0.208941208232347 0.199033034719676 0.191959393839965 0.216851874854143 0.254158192225242 0.308820499738758 0.339898188128482 0.360668030811376 0.349208938522765 0.339252126576539 0.331841481495578 0.324183671189568 0.316406044279983 0.307471952883527
-9999 -9999 -9999 -9999 -9999 -9999 -9999 -9999 -9999 -9999 -9999 -9999 -9999 -9999 -9999 -9999 -9999 -9999 0.59503748915877 0.553481487662779 0.517996153930327 0.494916867038299 0.356384521178991 0.154747028779767 0.0654556787295411 0.0099612569441765 0.0297852459400592 0.0538989416509996 0.0808645052940469 0.0856846297112922 0.0868875967491021 0.0827469679825416 0.0801207868305811 0.0787101292572338 0.0531610980425669 0.0298254366283557 0.0307992619978838 0.0414175023716922 0.0613454153025261 0.103959207231119 0.148113575032434 0.173323580213157 0.187832671165689 0.189926163438471 0.188487502154295 0.189201832957478 0.218538559548634 0.258777366918492 0.314258553927215 0.343537395215028 0.361791124872889 0.351857990551763 0.341068840029447 0.328828855048274 0.3199583523691 0.31262677342402 0.307904907934816
-9999 -9999 -9999 -9999 -9999 -9999 -9999 -9999 -9999 -9999 -9999 -9999 -9999 -9999 -9999 -9999 -9999 -9999 -9999 -9999 0.490650777486209 0.493277105044277 0.382681471068362 0.210200179509622 0.094320535554365 0.0170625089275964 0.0325587855367189 0.0584489315352723 0.0912490937123621 0.0933732814833175 0.0900571468356459 0.077953141972874 0.0727303218553959 0.073030467488639 0.0508646898312968 0.0284531925941753 0.0188882462807591 0.0198709978929083 0.0310353534565515 0.0737222903661584 0.119869295278757 0.147479789739748 0.166883224773669 0.176764524220433 0.187314125537553 0.201169954285446 0.243420289401709 0.286601270457316 0.33108340300912 0.350487283901992 0.359833089122303 0.351020453055777 0.340237866362401 0.326116473408453 0.317599001182488 0.311632352427321 0.308805407142994
-9999 -9999 -9999 -9999 -9999 -9999 -9999 -9999 -9999 -9999 -9999 -9999 -9999 -9999 -9999 -9999 -9999 -9999 -9999 -9999 0.488230661238585 0.483491110946389 0.388427237165712 0.243993258159195 0.116730963949523 0.0255142815353 0.0241851984661871 0.0482256794454892 0.0891322659576568 0.0933118709240808 0.0893969626823745 0.0698628048695217 0.063059508873915 0.0664742373023588 0.0492472434852252 0.0294088801338757 0.0112565952112703 0.00327781145372533 0.00511942266707219 0.0499692004838425 0.100395082620236 0.130578630718557 0.15408127284295 0.169832479377762 0.196115237998367 0.228810153326664 0.292987772016004 0.339121232799072 0.360026857662196 0.360960626279187 0.354595904387669 0.346472248630488 0.336589043056114 0.323723632818658 0.317225540316629 0.313601759034012 0.31020349880607
-9999 -9999 -9999 -9999 -9999 -9999 -9999 -9999 -9999 -9999 -9999 -9999 -9999 -9999 -9999 -9999 -9999 -9999 -9999 -9999 0.462523474225271 0.46298641666689 0.390779598241667 0.278852429835742 0.141845345580906 0.040440117589855 0.0317303242107571 0.0519259640103901 0.091338413587885 0.0949636817956242 0.0917952641781011 0.0769337706592191 0.0679987970275265 0.0638205575294876 0.0395068201064028 0.0154767744891871 0.00509782499320771 0 0 0.0523687611357387 0.109455917952329 0.129670000465906 0.139629859233992 0.137692386233828 0.169365610556087 0.213315729645434 0.283202395013596 0.32639354681694 0.332261259116479 0.339704788376157 0.346935322479125 0.340222941467195 0.332166739975038 0.321832940165788 0.318790535660909 0.319044343717736 0.320218894993215
