layers/veg/veg_4000.asc
NCOLS 255 
NROWS 330 
XLLCORNER -2985163.8955 
YLLCORNER -3022031.214 
CELLSIZE 25000 
NODATA_value -9999 
[rows 125 to 149 of 330, columns 57 to 113 of 255]
0.0625283818378442 0.0703257791277838 0.0935537213296875 0.115952241545884 0.11546691550594 0.13911553970485 0.1903851097131 0.204098926079054 0.205001768106641 0.184116595418344 0.168460995719405 0.160015512083931 0.154488401756473 0.14772869101122 0.103085565535613 0.0811964355164256 0.0973155413623471 0.190847845391815 0.318467696636162 0.419144299207603 0.506806261491398 0.567871440141349 0.615689470415609 0.656266780981255 0.729689751280765 0.780724027146301 0.771875789008259 0.76620327903207 0.762642045631988 0.760918621584301 0.752093608777484 0.719845955935656 0.683081809167564 0.642692641099883 0.605854850268447 0.570207450426395 0.537413009627487 0.510030163356057 0.487871083693575 0.471307017526085 0.455767537734254 0.439360467106225 0.424440984068739 0.411247455480687 0.398997234942449 0.387521422973056 0.380687060094065 0.375161767599977 0.371466708084869 0.367402169248688 0.362698492740946 0.348963459966225 0.341454168094399 0.344496685196853 0.351475691410154 0.360123005944709 0.353775241884403
0.0642520142173892 0.0841202320294324 0.101329311811283 0.118148511401776 0.135850914616532 0.147757847586778 0.153031951369135 0.155633756420983 0.153419612322223 0.115418501593381 0.10525035852923 0.133456080341138 0.121376922899399 0.0951484218765614 0.0709454603820413 0.0490552775127468 0.0310283561818368 0.131020960430721 0.28231497884811 0.329914660170561 0.37131227238236 0.400035305307111 0.479190652594882 0.585911649651426 0.676632293126818 0.737000724913349 0.721822772096139 0.722518809498957 0.733768137993721 0.754963109739807 0.764081176434138 0.731420635440641 0.694859265860515 0.655167019333926 0.620459464768514 0.586901590702419 0.555137933385024 0.52739268536796 0.503526373996569 0.484175994131036 0.466147184710201 0.450337203412806 0.434985661082141 0.420166016691101 0.405608026391256 0.391635071500909 0.38232029035478 0.374270703796702 0.367990006739587 0.3623225796743 0.356717794691398 0.348284658625113 0.342060541569796 0.339580420126863 0.339594364969754 0.340659645412619 0.331435550838557
0.0948443456770476 0.0818122846796361 0.0888887670495709 0.100759719683734 0.116555835263444 0.121560565682246 0.114214716863618 0.103062753793598 0.0903663092182339 0.0733033577256848 0.0784321916478875 0.114157280526565 0.0992611636437017 0.06847867777675 0.0718904091448881 0.0628767555239432 0.0331077596474199 0.0977724161584967 0.203355842006015 0.213734036317777 0.228993677403571 0.254229067399786 0.319285236406326 0.406106927411657 0.556073211780632 0.668107117136205 0.677986276545693 0.688176017402953 0.698572237940538 0.73191106542457 0.752333592708653 0.724562137396372 0.695398425857444 0.665117263800821 0.632420055585739 0.599852197682639 0.569326538011197 0.541904397459703 0.51747805776999 0.496585846196224 0.476932089884435 0.46021999862847 0.443693419466811 0.427382078336599 0.410736722003706 0.394518470898035 0.383041794326409 0.372625511293863 0.363691782024888 0.356158266591351 0.349161203277642 0.342729435684263 0.337094180267326 0.332808907842389 0.328841813453554 0.324980994021648 0.3159297110737
0.139777735725968 0.0715051730864881 0.0664054843325328 0.0736416874922426 0.0775494420255006 0.0780560751304905 0.0746701755281767 0.0484521029296487 0.0216145021622831 0.0443937844226555 0.0696926554474287 0.0984653335039619 0.082607730854356 0.054680464762288 0.089270968508945 0.0995310204985232 0.0691495266611756 0.0777271527118726 0.103131827174546 0.0841650137980394 0.0832848336174102 0.119366587008779 0.147752160875143 0.171931102703628 0.401981454424911 0.586709695954891 0.637237952610524 0.658473875828671 0.660235771581559 0.700366003354852 0.728795134872366 0.70854661850795 0.690354754743284 0.673813598275397 0.643067178884325 0.610943135469695 0.581758410901295 0.55499991715641 0.530583443586379 0.50876761968031 0.487918314541381 0.469559358435614 0.451488654651 0.433752391930171 0.415129159180503 0.396790721354428 0.383310381452257 0.37060569145384 0.358985450428042 0.349455097103882 0.340821757776703 0.334751760395501 0.329359460206119 0.325115767294494 0.318650001694871 0.311182466684258 0.303818712944728
0.244170122609247 0.118364568717578 0.0828362395540574 0.0673818235999398 0.0612161185184157 0.0550875061719345 0.0490013459070396 0.028975660640346 0.00854760374121192 0.0182000561232523 0.035427519661377 0.0630988014096231 0.0586560292907963 0.0455704761674508 0.0781726945899585 0.0905070571856565 0.0689860273857259 0.0802930666978989 0.105905039118633 0.105965765478402 0.109944240421372 0.121929045858019 0.111126420104326 0.0878684796331407 0.303505217734482 0.478822719357645 0.529563053193423 0.588958301057582 0.654107478831693 0.687863097770967 0.706764446541998 0.686728582539158 0.674257833496109 0.667858985204129 0.637956792238461 0.606034617237888 0.580075680564279 0.555740960133785 0.532974081960026 0.513157972420077 0.494173991525614 0.476454481901805 0.458243754519603 0.43946309802457 0.418866264950566 0.398419765751895 0.383980249109502 0.370011820954416 0.35670202941309 0.345372177539533 0.334965343131772 0.328293575706834 0.322360660259622 0.317680001379274 0.311452835276461 0.304551783995182 0.300970423368101
0.332369518684662 0.163354031222912 0.105379376432803 0.0722065853528366 0.0510963624226694 0.037830707308286 0.0335430429659489 0.01740772690739 0 0 0.00928500391812172 0.0313714270028993 0.0364409294209775 0.0373630260825989 0.0697209152948156 0.0844576243236656 0.0697599435147498 0.0817795896394769 0.105548203358947 0.118557837521709 0.12592310919594 0.121753533610434 0.0844469215567891 0.0290280346017652 0.210103187269871 0.365177637551455 0.432239968591266 0.528804553089787 0.644982723353611 0.67557447931213 0.687309000507857 0.662663862641641 0.653194521874266 0.655905555667262 0.624957706724616 0.592310921704964 0.573267183513482 0.553918616423381 0.534275800565389 0.517185342126986 0.500551795731402 0.483460566339617 0.465056024330734 0.445127728178302 0.422974413187613 0.400917430442906 0.385419907462855 0.36992488027528 0.354433342496489 0.341439361748893 0.329616398057952 0.322624461575686 0.316460258575518 0.31169895455893 0.306079530668574 0.300107166993822 0.298898665641889
0.381610835922608 0.202226559187328 0.140654192518969 0.101719063741789 0.0544622359380441 0.0329803085271128 0.0409973698828403 0.0228021344779361 0 0 0.00254605655125722 0.00860241179727766 0.0184335000688606 0.0310695293092741 0.0682397710300365 0.0866825824309223 0.0738431256205577 0.0800693587634555 0.0947172699861984 0.105213376726452 0.111922708848384 0.110893369522805 0.0761819116129116 0.0230602439775197 0.126520484670747 0.239211678557598 0.360752113853737 0.49134898584348 0.627966726648096 0.663163516733006 0.67369652861751 0.63364598381284 0.621124990422698 0.630699722583183 0.594418260407821 0.558935109210011 0.555186337630507 0.546629354326147 0.533431044749183 0.520632948115146 0.507361174352835 0.490799130233258 0.472032544604296 0.450708167924055 0.427952490875908 0.405422961966787 0.388607735853912 0.370951789861841 0.352120419487145 0.337765651837299 0.325348532265506 0.318711652475986 0.313049029587228 0.309037643534226 0.304782406833561 0.300433108384762 0.298305432163105
0.430381296340431 0.304906139149926 0.241656832288506 0.187784568104354 0.114700999143667 0.0789666460336213 0.0859779129659637 0.0632815146849085 0.0334110745028103 0.0122595477942253 0.0046501811021912 0.0157116591747399 0.0177650009023105 0.0181198405405193 0.0434228103956827 0.0564257985549492 0.0488829179093463 0.0508761555163944 0.0573131123352692 0.083419565174561 0.10280246812924 0.108445091093076 0.0860500608768654 0.0483300126109943 0.120993536662613 0.207478680409421 0.318766131574362 0.4452278042083 0.58177755010147 0.629670449808881 0.652103918120305 0.617745944689421 0.584637807915609 0.552532813087044 0.523057538753098 0.502888588763742 0.520562091017595 0.531343923767303 0.535473286001553 0.526932580884597 0.514774376127192 0.496924181220629 0.477497810305988 0.456242701365077 0.433795103907144 0.411427426643922 0.39283283777656 0.373935425560879 0.354614631008166 0.338628450428175 0.32427275441641 0.317563217144592 0.312345151076741 0.309654931811443 0.306210524984468 0.302421819618351 0.2980708591295
0.478865837533475 0.446331388842741 0.382571495396691 0.308190867065618 0.209474788361841 0.155822665380638 0.153745567070029 0.125065605259999 0.0871104152313422 0.0319634826115403 0.0121240999501152 0.0409639371092301 0.0276252511671618 0.00112830046161149 0.00443560046088629 0.00644506869287703 0.00628664091650987 0.00499441805021052 0.00377284841855116 0.0564950393270054 0.0966456154255575 0.111104776960438 0.10692924067475 0.0925682199401197 0.162864523415854 0.232966930764172 0.294694623806663 0.393844586127208 0.517873491645927 0.583375659147501 0.625665513856111 0.609811474713644 0.545468087296816 0.442206254916384 0.42690884143301 0.433075693985418 0.475892165740276 0.511202965604245 0.539268603621318 0.534964054951665 0.522554238509208 0.502312348606466 0.482045394204709 0.461749359038987 0.440162690273125 0.418342091167075 0.397687805151635 0.378107247539211 0.360027887384412 0.342245961149772 0.325135313809512 0.318093397415762 0.313285261814651 0.312263089777068 0.309293496676084 0.305420217542411 0.298054076116261
0.496697208331057 0.498871562066548 0.426705960465452 0.340487606743686 0.260849787692311 0.212945406757079 0.201359472071847 0.214928691403228 0.221342455060969 0.104361402376561 0.0439307528172797 0.0614672663127414 0.0402589537473311 0.00737544524339919 0.00875438703443758 0.011237042109241 0.0155633380029564 0.0238569680996222 0.0341158129808698 0.0635028781496045 0.0871136151860088 0.0989198193165362 0.103409892926019 0.103901064360319 0.135557186798278 0.16586079386967 0.189829791788463 0.230232798398148 0.281561405636195 0.415583392206861 0.524210521198606 0.527357455181637 0.515569238337981 0.491793794068981 0.480803634035235 0.478816906897361 0.507109800995897 0.529366687200303 0.545797065833123 0.540579088876689 0.529255997237105 0.50865496604027 0.487982264220176 0.467226407477378 0.446942550876422 0.426376531683017 0.402036159964918 0.380687805479108 0.363522639823607 0.344444241372483 0.325128701218962 0.313892179470879 0.307104506639266 0.307857045431332 0.30526668366238 0.301138843676675 0.292932616888625
-9999 0.537924281722819 0.454878329160316 0.361747466055981 0.308210795435551 0.272557110346345 0.257370235264558 0.301701372362242 0.340534463244334 0.187655810265978 0.100214359226514 0.102992477128524 0.0699260809239771 0.0265541280213242 0.0231651039821439 0.0220423789863061 0.0247052761131948 0.037863663900542 0.0555545115365766 0.061225506369454 0.0701391499991367 0.0856794868406969 0.0986216235686973 0.110143617769745 0.112011410802309 0.112376883055209 0.109828271243594 0.102052901157984 0.0908026957746235 0.27483618172842 0.433395562159914 0.454090146545339 0.483980165690559 0.521250610317898 0.519062863995412 0.515022890697461 0.527521044602668 0.538943626652827 0.549327968252154 0.5448405179786 0.535371550043224 0.514881168373503 0.493984320312043 0.472615874825445 0.453387441944068 0.434003819042477 0.407741965790128 0.385327169898929 0.368291008598814 0.34912581761742 0.329287006198419 0.31112447313958 0.300559384218329 0.302870960176486 0.301517338920413 0.29846533316696 0.289176830500115
-9999 -9999 0.454878329160316 0.36739819472469 0.351968702874496 0.3429220536613 0.341180472571691 0.37446899600862 0.401817900479506 0.292624446252303 0.222359738744198 0.205766866894785 0.14801231218108 0.0786321355280143 0.0586537275039396 0.0401163284445686 0.0239859883440997 0.0260977456850851 0.0360966499976064 0.0260804715381379 0.0324038959570618 0.0721190141004778 0.0946447715898798 0.107775047203774 0.111904912749641 0.114932098608115 0.115998644044108 0.0961427431384428 0.0623772540612707 0.233961824541915 0.386843448468138 0.420820477947944 0.445842964263849 0.463678369134018 0.485007411093858 0.502735564681965 0.503032531778159 0.516860455688019 0.543749698222447 0.545655286613753 0.540000231170467 0.520598665775937 0.499919871278825 0.477759188073739 0.458794890929975 0.440257109871546 0.417439350093586 0.396170740863664 0.377068024663727 0.361199454874144 0.345567084186618 0.313338437417461 0.294268243103153 0.29749988866081 0.299863516321748 0.30173972791748 0.290276035256467
-9999 -9999 -9999 -9999 0.370893275944404 0.372737820851349 0.376693419871417 0.417974523133102 0.456732985816313 0.383377510045125 0.339072628662843 0.334820378285601 0.280746226626584 0.209709602959714 0.150147085224195 0.0901371757871361 0.0293799440018442 0.0311123589652966 0.0599046100345301 0.0240645383795746 0.0107905235303449 0.0436326146253263 0.0694924156079601 0.0915357872584897 0.106507677850717 0.117645184366898 0.119709172475262 0.102355454169967 0.072092523670328 0.203479499348049 0.321312391976578 0.349312959918921 0.377883825175501 0.406912421571536 0.390553503336792 0.374490482052718 0.387741357565771 0.428645455997072 0.496242977554716 0.526180038438403 0.542481555652235 0.52484924710251 0.505228508010765 0.483300717849751 0.464513228897064 0.446341505562723 0.425756043077854 0.405680266410554 0.386317089923497 0.371443710281604 0.357396493115134 0.32920381293607 0.311452953194724 0.311399600677184 0.310379033969169 0.308850141777936 0.297301606933211
-9999 -9999 -9999 -9999 -9999 0.372737820851349 0.376693419871417 0.439963661004641 0.506965428600752 0.463677878333378 0.451791014608132 0.483196900578122 0.453662525897906 0.398875291419827 0.28282066597187 0.163648544042596 0.0392689612171719 0.0484656796673044 0.11552588384679 0.0464083993546218 0.00103155395088516 0.00417119668731834 0.0287697334733317 0.0650974237845633 0.0972201696306795 0.120474351924488 0.121610979890367 0.117482098253758 0.109852618795663 0.180638424510778 0.241826138509165 0.249689190822559 0.287996646224232 0.350739340873436 0.251688674305682 0.160981781133771 0.205683080519083 0.291803791165582 0.417906310576562 0.491785561925573 0.543383931017544 0.528021206558433 0.510076175355396 0.489135055825987 0.470460163209891 0.452301712834009 0.433057515165709 0.414208869743959 0.395913252467139 0.380342823110793 0.365953329695579 0.355107056995222 0.345899432354364 0.339469099857458 0.329842654890406 0.318781176515278 0.308684830065978
-9999 -9999 -9999 -9999 -9999 -9999 -9999 -9999 0.512275156681672 0.472165881240942 0.463705704515967 0.498880768279852 0.493311899260808 0.469585900304282 0.383612647647149 0.308635619504762 0.252026666357495 0.191055425640464 0.128003173489557 0.051420705007031 0 0 0.0117766347707027 0.0299902255614524 0.0769657384863221 0.113390636318169 0.120359203465193 0.109344156072368 0.0863733044681399 0.138510531326922 0.18473612891171 0.190467362104603 0.192335596010576 0.191103315463523 0.175697948904557 0.154390396270769 0.116813578879905 0.150213831654339 0.252127652333379 0.36398937210217 0.465292006540813 0.491980231113368 0.500017099068656 0.486413969388708 0.470714249953582 0.453960352161077 0.432963198032753 0.413578380460259 0.396447797321395 0.382377618481495 0.369601828561969 0.360237267509021 0.352540900863163 0.347671903520033 0.340668516514946 0.332695986518358 0.323861853190883
-9999 -9999 -9999 -9999 -9999 -9999 -9999 -9999 -9999 -9999 -9999 -9999 -9999 0.514797039909105 0.470186430372279 0.442721542372509 0.443896838884778 0.319691614198587 0.140822427260763 0.056815426021112 0.000796100086624069 0.0019725266319218 0.0020439163329302 0.00151130720866151 0.0574443266333208 0.103332887478857 0.118470240614496 0.100436886332756 0.0603510974552291 0.0975899959059225 0.132290388270858 0.136740098779548 0.106802424519017 0.0492648012137848 0.116159928534337 0.166458078742245 0.0694428431995466 0.0534233417608293 0.115588340127368 0.233638703926416 0.355931029378464 0.434192271454556 0.475090239062143 0.472637946003189 0.464425741814436 0.453396184410385 0.431426347176479 0.412022043610238 0.396204655141453 0.383712472186225 0.372530950503477 0.363347064070329 0.356334679982535 0.353002705711464 0.348897048555896 0.344424981105773 0.337536399146663
-9999 -9999 -9999 -9999 -9999 -9999 -9999 -9999 -9999 -9999 -9999 -9999 -9999 0.517351486731527 0.517993405862964 0.505025563940307 0.469323999968592 0.341648889356316 0.173828275105934 0.0712284481612374 0.0045455571532536 0.0112626950962126 0.00884055662397643 0.00142300804646835 0.045451085026526 0.0865887754112448 0.115600254301493 0.0988767477044325 0.0517478667658608 0.0696054704128552 0.0872534554738052 0.0856808323107194 0.0613732200284204 0.0188180862950638 0.0900885008943049 0.157016713127056 0.13516157801112 0.124911128449643 0.12586258409354 0.134766713739951 0.165206515684316 0.312922039450683 0.40154353818288 0.421601951224455 0.436361866681025 0.446472061420316 0.42778095340367 0.411047138103597 0.397049846156816 0.38546059458479 0.37494357316226 0.368070227160111 0.361756230129103 0.356390255764877 0.351277582955067 0.346298254209875 0.343973560139883
-9999 -9999 -9999 -9999 -9999 -9999 -9999 -9999 -9999 -9999 -9999 -9999 -9999 -9999 0.554141552896528 0.544575427630739 0.519030062757838 0.433393913977782 0.321146022341523 0.215547262402063 0.126385169627541 0.0708131316363469 0.03716028711391 0.0154881898168432 0.0374419283170951 0.0639071744250637 0.0977608897972644 0.0916805964443546 0.0590515139903498 0.0685969290904747 0.0787649542599855 0.0789054802344109 0.0590865413539859 0.0232477679717396 0.0694804360028315 0.121676396125471 0.148425358301905 0.150864721970243 0.129838234987952 0.102191835302735 0.0973596908508826 0.235359388241875 0.320927038462866 0.345661077485892 0.365415721464536 0.382238152091092 0.385081231248189 0.386468045732703 0.385818832467584 0.38355435738472 0.380507020019919 0.373879684414246 0.367042575105114 0.359849927060715 0.354364486224165 0.349680335960974 0.349321738805689
-9999 -9999 -9999 -9999 -9999 -9999 -9999 -9999 -9999 -9999 -9999 -9999 -9999 -9999 -9999 0.563975518499768 0.590236123760786 0.586938953567507 0.569691809564976 0.474903170659779 0.352798628197692 0.174871169342354 0.0845396277313432 0.0420868798348253 0.0329608479274177 0.035967674927166 0.0666655053842131 0.0794935167236204 0.0804413769293243 0.0914767670086119 0.102641640865898 0.111345414413077 0.0950044008928491 0.0585619795006705 0.0537104107706453 0.063401458138964 0.115238049405056 0.136495854299779 0.128236214312429 0.128325863943616 0.138326276239299 0.196501655419424 0.234049931723164 0.247665876099182 0.256495505535477 0.267253993888636 0.307797243269971 0.340986443784787 0.363893826820758 0.37841202961531 0.388860655472986 0.38065110126921 0.3722091901625 0.363373464778607 0.358076909116264 0.354398531825011 0.353705577388149
-9999 -9999 -9999 -9999 -9999 -9999 -9999 -9999 -9999 -9999 -9999 -9999 -9999 -9999 -9999 -9999 -9999 0.628909163311493 0.653162064502293 0.597216915201327 0.516942913891343 0.386950349590582 0.231621882496438 0.062445139117552 0.0306708244105408 0.0180580435453227 0.0412849025755894 0.0596217130938797 0.0747075385299499 0.0870866442947269 0.0982922413605314 0.106486401086525 0.0992063381918624 0.0795063789106976 0.0565673168254157 0.0445439632747093 0.0808166315823065 0.106018031576592 0.120532429534759 0.149892312254061 0.18294659767478 0.219458215500663 0.239800726738454 0.241383239145583 0.237479483585848 0.236025814643557 0.27088996922644 0.309079225620232 0.351917361908472 0.377013592436112 0.394282646593468 0.386005028173821 0.377905779920309 0.37010884555186 0.365257180489676 0.361723064012483 0.35662310878197
-9999 -9999 -9999 -9999 -9999 -9999 -9999 -9999 -9999 -9999 -9999 -9999 -9999 -9999 -9999 -9999 -9999 -9999 0.698149572135689 0.678760513841715 0.645567490936668 0.584164617283885 0.378308082640943 0.0934950480442403 0.0361530670724755 0.00595600575994155 0.023474573500038 0.0453038429296804 0.069998938097512 0.0822240142651368 0.0919384782399929 0.0971162609277568 0.0975450127219351 0.0941621047590736 0.0614266872349368 0.0343038578472315 0.0491300469055207 0.0734124296320569 0.106822796445562 0.160280761080445 0.213590083708437 0.241245809249484 0.25282301431895 0.24574532193924 0.232579122170912 0.221616519586479 0.246265640493464 0.285276506808196 0.344366767160192 0.377045040577431 0.398561362386851 0.39079722809431 0.383340008914269 0.376402970334243 0.371948854391953 0.368583388758012 0.360824641838736
-9999 -9999 -9999 -9999 -9999 -9999 -9999 -9999 -9999 -9999 -9999 -9999 -9999 -9999 -9999 -9999 -9999 -9999 0.698149572135689 0.678760513841715 0.65200759603253 0.610205858286152 0.43374870475102 0.183690645170158 0.0786081246090683 0.013967049862939 0.0384704931308262 0.06568780982618 0.0947093544358621 0.0994085334709019 0.100814174375471 0.0985409034507599 0.0949067299565385 0.0901802709679316 0.0596409727920549 0.0319422571572267 0.0322482114864381 0.0445698773103438 0.0684902082171649 0.118763347291915 0.170946866226531 0.201836754641672 0.219343644298027 0.221323081049191 0.21790076855405 0.21647511590609 0.247023251859817 0.289919678569331 0.350080455031096 0.380887547028732 0.399737580657104 0.394044555190801 0.386985493688425 0.377611181434463 0.373088266655545 0.370784922119863 0.372771005809715
-9999 -9999 -9999 -9999 -9999 -9999 -9999 -9999 -9999 -9999 -9999 -9999 -9999 -9999 -9999 -9999 -9999 -9999 -9999 -9999 0.595505697118113 0.600156973230026 0.46344552032193 0.249467030837363 0.11117978912073 0.0191953619880177 0.0376832308029773 0.0670453973698954 0.103636976832137 0.106526850004691 0.103936016414028 0.0932905292959456 0.0876379140717388 0.0859926698873045 0.0582955972950246 0.0307050300504736 0.0196716423947857 0.0211456832940777 0.0346930396122495 0.0838558510972831 0.137197846135979 0.171189296861115 0.194422154915191 0.2051724936149 0.215237591233315 0.228622753339372 0.273985174220118 0.320266812092388 0.367833622459681 0.389028736589668 0.39988696502102 0.395933459290079 0.389907406365092 0.380368659541845 0.374645002777305 0.370725849623975 0.378403301284457
-9999 -9999 -9999 -9999 -9999 -9999 -9999 -9999 -9999 -9999 -9999 -9999 -9999 -9999 -9999 -9999 -9999 -9999 -9999 -9999 0.591219625163361 0.582825791352504 0.465744017027165 0.289254822277982 0.133232871108091 0.0214621005038198 0.0200984272350721 0.0481538112891219 0.0957674709421062 0.102932025490217 0.100934213566807 0.0809361460625095 0.0754409682800253 0.0815860771901556 0.0574188606074515 0.030664438177566 0.0116770320535272 0.00348807660650565 0.00572277462956011 0.0559830810857407 0.112914638951215 0.149866529400943 0.178608547157396 0.197825165270611 0.225361785931078 0.259170570271882 0.328835515768744 0.37796985894523 0.398400027099175 0.401744878590567 0.398943522543454 0.396376636768647 0.392059244149409 0.384774973512164 0.376645883478809 0.368260885830477 0.377315733411237
-9999 -9999 -9999 -9999 -9999 -9999 -9999 -9999 -9999 -9999 -9999 -9999 -9999 -9999 -9999 -9999 -9999 -9999 -9999 -9999 0.553152201196078 0.553767051217091 0.465648879789856 0.329030388219451 0.160535298184166 0.036187759685337 0.0268581267589331 0.0510046060088359 0.0974065579865371 0.102841283948149 0.100777573223085 0.0862265958379748 0.0787200811286429 0.076867582047531 0.0462501312306718 0.0160304021817115 0.00528018192357811 0 0 0.0597970777229874 0.124836214508367 0.146912490806846 0.158566016710221 0.15812667995856 0.192934151947129 0.240734748555194 0.31681432697382 0.364017776153926 0.370849030953087 0.380848935966961 0.391419422155087 0.391784071532676 0.389385378756032 0.382303185815016 0.384740340974505 0.391426923627723 0.391799929623233
