layers/veg/veg_2100.asc
NCOLS 255 
NROWS 330 
XLLCORNER -2985163.8955 
YLLCORNER -3022031.214 
CELLSIZE 25000 
NODATA_value -9999 
[rows 200 to 224 of 330, columns 112 to 167 of 255]
0.208409497355144 0.222259022697465 0.228257989199643 0.229400725600118 0.219388130045647 0.20636262633754 0.186729741153998 0.172753033100833 0.163010199013345 0.154678131760344 0.145235706360507 0.130899818348332 0.114919221365086 0.097456436109472 0.0898584667548498 0.0840337523770358 0.0779510204269876 0.0909092655604492 0.124489508330117 0.105216381847214 0.0767298165803349 0.0798878179452367 0.0793835380242431 0.0741060400178964 0.0731117110092468 0.0745160660099648 0.0889987489376894 0.103599137769782 0.118385004461693 0.134187576333418 0.150339274106012 0.163528937974344 0.174342333133436 0.180590229611505 0.193613794382708 0.210122539276873 0.225133084395106 0.243289674863892 0.268993166970028 0.310457748630939 0.36181306646783 0.386636407586175 0.402110627221958 0.395360327110282 0.392447609572687 -9999 -9999 -9999 -9999 -9999 -9999 -9999 -9999 -9999 -9999 -9999
0.203597485961435 0.209275888425675 0.215344942415655 0.221655647189635 0.2191816889259 0.211447784090317 0.190025125373724 0.174980765267456 0.164710815829223 0.155991285598056 0.146065118905043 0.130813019830231 0.115081705706598 0.0989185298142291 0.0906542476076646 0.0833209911948207 0.0732532089768819 0.0860640621771107 0.123653221839442 0.10536233483675 0.0773462862618808 0.0829078936729186 0.0828446313665349 0.0754502200393603 0.074745698061061 0.077116360516849 0.0910231500534874 0.103663077695117 0.114306717773838 0.133883984354946 0.156713617757972 0.160934515864173 0.165574030213148 0.171017827300354 0.185528410881139 0.204702650163397 0.220495127084292 0.238721211786667 0.262901827808788 0.290707824028045 0.320788896405133 0.336115149310267 0.353598971513739 0.380737488211739 -9999 -9999 -9999 -9999 -9999 -9999 -9999 -9999 -9999 -9999 -9999 -9999
0.217084327158604 0.210900548478151 0.211320712432667 0.215825969648301 0.215098681008332 0.211094566226127 0.1985143040853 0.186074293808181 0.173739267639709 0.161305790636055 0.148229864234833 0.132753473377835 0.116654743144781 0.0999951695401339 0.0912169859505982 0.0839310904063656 0.0768298179489171 0.085407619463319 0.110966368172149 0.116465719141024 0.115435977694119 0.103335756020623 0.0947910278006909 0.0908803362180497 0.0857398794313272 0.0814423906613806 0.0936751268160324 0.107069573306004 0.12229461230431 0.143682173874845 0.167075484965196 0.168080102373137 0.173173441688581 0.18612239699695 0.199641019740814 0.21345266061027 0.225006641943913 0.238634281775088 0.257302986610065 0.283464755363064 0.314328731923802 0.321703211152203 0.325972560740264 0.326042150843029 -9999 -9999 -9999 -9999 -9999 -9999 -9999 -9999 -9999 -9999 -9999 -9999
0.231346246830712 0.216567805289034 0.210432034741669 0.20964248220201 0.21012056125819 0.209795556964383 0.206855014212825 0.197556678574837 0.183499281620247 0.167433933249262 0.151291998589838 0.135804220629089 0.119336345233556 0.101985220005273 0.0921827208162219 0.084517681439114 0.0806916286778818 0.0849417531064831 0.0979386401716809 0.125881440953849 0.150826237965158 0.124172403910501 0.107812787162084 0.104870092923127 0.0956713545905483 0.0859327334688392 0.0963421260871479 0.111003397816802 0.132364668514304 0.154594497398292 0.176630724545493 0.176376907053142 0.182618765943597 0.201340695729549 0.213015007337232 0.221064256777391 0.227823264946402 0.237026797924661 0.252101006714572 0.269206177023725 0.287585859764307 0.302751599330342 0.313944143384557 -9999 -9999 -9999 -9999 -9999 -9999 -9999 -9999 -9999 -9999 -9999 -9999 -9999
0.233264979585443 0.229443954557817 0.217296912294941 0.199999528973745 0.204114907728312 0.208599615978222 0.20985616408783 0.203125219005303 0.190415316988138 0.174073083171311 0.157643562387492 0.142592606783292 0.126293125791384 0.108868491523142 0.0953631193776777 0.0838155814887619 0.0786467768011499 0.0817159810175024 0.0937072168816811 0.117182892259566 0.139577511226232 0.131629632610774 0.118678784535484 0.0992073383843161 0.0920174763810105 0.0897135737558192 0.0985281994046389 0.114604886520976 0.142124938573767 0.162112696494823 0.178634845817478 0.181784781655835 0.186767499928661 0.19527152273857 0.20304936563536 0.210453685554134 0.214090741368885 0.223872940666251 0.248440569062924 0.269206177023725 0.287585859764307 0.302751599330342 -9999 -9999 -9999 -9999 -9999 -9999 -9999 -9999 -9999 -9999 -9999 -9999 -9999 -9999
0.23614377378008 0.236471618286969 0.224329909066427 0.204474733403684 0.202837032697166 0.203375063338558 0.206637441433201 0.20308931688903 0.194443259739321 0.180519678266047 0.165275175630224 0.147485772519671 0.130246698788209 0.113503574045885 0.0981669134745954 0.0849165473453195 0.0811107280911885 0.0835062350334743 0.0926179799924847 0.109388235599347 0.126415376979139 0.130650839691907 0.121723440066438 0.0956402821408462 0.0911151824615679 0.0941552565383192 0.103319284562449 0.119205988422094 0.145686107564629 0.164156659772053 0.179089850842138 0.185742813246469 0.191806541889048 0.196738182249003 0.201335266408136 0.205760265900388 0.207318534890115 0.208370343603733 -9999 -9999 0.28882738977562 -9999 -9999 -9999 -9999 -9999 -9999 -9999 -9999 -9999 -9999 -9999 -9999 -9999 -9999 -9999
0.240041372779168 0.237292944672619 0.231541311781658 0.223931944457694 0.206576215167425 0.19387540002654 0.196818270356343 0.197106052702417 0.195406395894487 0.186761936664159 0.174265160817057 0.150367754818287 0.131013306696408 0.115752907433893 0.100571059776173 0.0879309033563678 0.0883593630875987 0.0906194311889432 0.094863190742322 0.102552777495317 0.111222759388825 0.120719849550244 0.116468188617351 0.0942971538703442 0.0931328342644301 0.099298216844774 0.110874774651291 0.12486786694157 0.142668870539527 0.160391434676969 0.177900953706138 0.188162290151967 0.197790367177874 0.20620176991305 0.208377597517426 0.207346051094487 0.207932527050265 -9999 -9999 -9999 -9999 -9999 -9999 -9999 -9999 -9999 -9999 -9999 -9999 -9999 -9999 -9999 -9999 -9999 -9999 -9999
0.244101756718053 0.23990639413301 0.233446985420341 0.225587073994361 0.210892818762032 0.198335230052675 0.193433845535184 0.190893175745645 0.190119594998172 0.184763203427989 0.176265318747712 0.157961439501999 0.139468632736048 0.120805567182829 0.104436081591113 0.0909374295821317 0.0900925339028905 0.0890689652975574 0.0878518881005504 0.0956699186992599 0.105722238185459 0.115383148006467 0.113977394885778 0.0981479556595832 0.095922934981386 0.098979387740562 0.112620339606068 0.125834208012399 0.138375089567334 0.154690155884098 0.172339089270992 0.180513077886375 0.188404740028059 0.19575397145125 0.196057551065371 0.192737079947379 0.192256046291469 -9999 -9999 -9999 -9999 -9999 -9999 -9999 -9999 -9999 -9999 -9999 -9999 -9999 -9999 -9999 -9999 -9999 -9999 -9999
0.247762797566386 0.24277948757945 0.234291960490656 0.223636780764709 0.215370262360595 0.206026833655379 0.19303728829668 0.186132090401607 0.183781269028095 0.180767503875047 0.17622860422733 0.166193340209182 0.149763026566723 0.12756958539161 0.109632822241907 0.0946498963445431 0.0908737986566284 0.0861439170248834 0.0803810563527849 0.0897385667431292 0.102371311985574 0.110818231204373 0.112020334051685 0.103779937585077 0.0996730229253813 0.0981580631636497 0.112934244612053 0.125327832740448 0.133966993151872 0.148492968183572 0.165175541598064 0.170136250931325 0.175159767299797 0.180303954127505 0.179797573348243 0.176384727102361 -9999 -9999 -9999 -9999 -9999 -9999 -9999 -9999 -9999 -9999 -9999 -9999 -9999 -9999 -9999 -9999 -9999 -9999 -9999 -9999
0.248239394074503 0.244351168430636 0.236872862653752 0.227173790742317 0.219987968620116 0.212348806553719 0.202871035619553 0.192304445941217 0.180922832046344 0.176934478819499 0.173842459787555 0.170681638693575 0.159731132441024 0.141760672998838 0.121889198905738 0.103494355778044 0.094552347883641 0.088644743385508 0.0860234964829296 0.0907898684706007 0.0973862794699273 0.103686682060192 0.109021587564035 0.113098116718686 0.109010725292957 0.103396901367942 0.11319034038564 0.122486198119288 0.130997980388359 0.142139971025927 0.154168652859305 0.157871920801724 0.161239410677372 0.163961773882371 0.169371684756452 0.176163981442614 -9999 -9999 -9999 -9999 -9999 -9999 -9999 -9999 -9999 -9999 -9999 -9999 -9999 -9999 -9999 -9999 -9999 -9999 -9999 -9999
0.247680929939432 0.246682184279237 0.240715459216666 0.231675621575777 0.224921840512125 0.217536897245 0.207836512520584 0.196395544158265 0.183651679585356 0.17645491056504 0.171881710013179 0.174687705072813 0.168225150588612 0.153409911418313 0.132944302791975 0.112762244733654 0.0994466297697392 0.091805576787113 0.0903102590391558 0.0900291879360297 0.0907346103918631 0.0966106137200391 0.104760409834822 0.1158737437022 0.115130400070572 0.111123436547753 0.115629932357327 0.120851212423229 0.127198830669077 0.134933529107226 0.143105840825389 0.14568254174839 0.148126703498276 0.150316219206789 0.149551299373387 0.147266715415386 -9999 -9999 -9999 -9999 -9999 -9999 -9999 -9999 -9999 -9999 -9999 -9999 -9999 -9999 -9999 -9999 -9999 -9999 -9999 -9999
0.245801040771852 0.249982616055538 0.246168816051711 0.237409204808673 0.230259349798657 0.221277400935285 0.206586842084328 0.1978295753298 0.193513614135331 0.180256581087806 0.170464046446603 0.178078122910659 0.174837253473544 0.161814061573962 0.142465784537683 0.122570711068669 0.105892994211701 0.0958090176545924 0.0928662763545351 0.0869552142284628 0.0819552058152402 0.0896053757449969 0.0988875311338822 0.110296727539127 0.117141733717974 0.122025925792073 0.120857116103027 0.120756712403607 0.122339874685317 0.126637524679754 0.131971633513709 0.133588850062791 0.136045093578001 0.140113350285281 0.143741673377824 0.147143709139999 -9999 -9999 -9999 -9999 -9999 -9999 -9999 -9999 -9999 -9999 -9999 -9999 -9999 -9999 -9999 -9999 -9999 -9999 -9999 -9999
0.252086406665732 0.250894259534986 0.246338628226409 0.239702399415974 0.233538630381472 0.225913570119704 0.21389875603006 0.207284577534448 0.204712989981911 0.189835717753082 0.177091115125525 0.178265604591635 0.175010016896611 0.167762106833668 0.151248067364044 0.133258339483495 0.116493243641166 0.103459501739939 0.0944669375480151 0.0900166718870591 0.0875448482380861 0.0913854358072764 0.0971079260902284 0.105283185935911 0.118016097487117 0.131129362929916 0.129392743388689 0.126356267109731 0.121271510864885 0.12084743083043 0.122427854441744 0.126663232175088 0.131188118347145 0.136269233867317 0.137943928177956 0.137866471855434 -9999 -9999 -9999 -9999 -9999 -9999 -9999 -9999 -9999 -9999 -9999 -9999 -9999 -9999 -9999 -9999 -9999 -9999 -9999 -9999
0.25893983708534 0.250146207670808 0.244562895443661 0.240965434068519 0.236069864874542 0.230506356827438 0.223241351080163 0.218398865930547 0.215369733979272 0.200364914441829 0.185694402688389 0.177938278078132 0.173524615112491 0.172123130919894 0.159342228340305 0.144296205626493 0.128412175364506 0.112451224444211 0.0964069659485278 0.0949354020159253 0.0967689585335456 0.0956987501233747 0.0968637937090094 0.100942143078335 0.118071435627318 0.137921601082192 0.136859073723558 0.13189838152828 0.120795063990639 0.115963924814693 0.113979819721519 0.121572277338051 0.128598965968705 0.134538648930028 0.136556110269875 -9999 -9999 -9999 -9999 -9999 -9999 -9999 -9999 -9999 -9999 -9999 -9999 -9999 -9999 -9999 -9999 -9999 -9999 -9999 -9999 -9999
0.240626094571535 0.238418703762691 0.239692742502862 0.243120337864562 0.237516622021938 0.231040425560271 0.223819451366812 0.21831563955137 0.214097192200218 0.199818247413441 0.186898993401071 0.18389726223194 0.177024162637414 0.16666224102083 0.161895300941013 0.15617450479718 0.140173891648895 0.123558013089783 0.106275782074487 0.0985108667755318 0.094063263833238 0.0965391576835479 0.0993635273936932 0.102642081571558 0.112543897560492 0.123411464717171 0.118168816737584 0.114319541998984 0.112665908065773 0.112349633276279 0.112728029753323 0.118668533045573 0.125420842118909 0.133732864623809 -9999 -9999 -9999 -9999 -9999 -9999 -9999 -9999 -9999 -9999 -9999 -9999 -9999 -9999 -9999 -9999 -9999 -9999 -9999 -9999 -9999 -9999
0.22646518323713 0.229574011646352 0.235873255852358 0.244146040228533 0.234851952624763 0.226327997131122 0.223606205766814 0.219764965151333 0.215085772164278 0.201496271874591 0.189410742459146 0.187250446392271 0.180507757429236 0.169635481329785 0.166081944300045 0.162279519457073 0.150195417080461 0.135552534765687 0.118138410533814 0.105471745377525 0.0956465504425402 0.0983076528913261 0.101103742221965 0.1040757661069 0.108774644506953 0.11315986810965 0.105855983194192 0.102563942858318 0.105593661405627 0.109819102766399 0.11450985783633 0.117915136056039 0.120154737636814 -9999 -9999 -9999 -9999 -9999 -9999 -9999 -9999 -9999 -9999 -9999 -9999 -9999 -9999 -9999 -9999 -9999 -9999 -9999 -9999 -9999 -9999 -9999
0.218709820426508 0.225175922346127 0.233674372981312 0.243430002017509 0.225845599423086 0.213523091377665 0.222172346022622 0.223578180744296 0.219562027022405 0.206605779261745 0.19393872233614 0.18658430552338 0.183966745873835 0.185617974355626 0.172788294410312 0.159479511861558 0.157532779234767 0.14891634326215 0.133076401582416 0.117654467031571 0.103845390805289 0.10150768003581 0.10167243461667 0.105098766322755 0.107717464129789 0.109476870580378 0.103380028048562 0.0997904205860921 0.100151648021995 0.10896022312711 0.120970900361282 0.120478549549998 -9999 -9999 -9999 -9999 -9999 -9999 -9999 -9999 -9999 -9999 -9999 -9999 -9999 -9999 -9999 -9999 -9999 -9999 -9999 -9999 -9999 -9999 -9999 -9999
0.226821290062875 0.224603335543103 0.227197554951204 0.232768508163742 0.225965167023112 0.21963899052979 0.21720793878432 0.217996196954353 0.221194236877062 0.212769115299748 0.203202409209584 0.19476293391099 0.19097446319961 0.191377411502271 0.178779831242685 0.165376939208653 0.160234372615513 0.153377088919934 0.144662710818004 0.130490510896617 0.116190564670119 0.11142767125228 0.108236429693682 0.107093593621387 0.106564926409804 0.106098501049802 0.103776482444198 0.103412503545473 0.106133951977004 0.114487779383421 0.124929768539582 0.125151801016167 -9999 -9999 -9999 -9999 -9999 -9999 -9999 -9999 -9999 -9999 -9999 -9999 -9999 -9999 -9999 -9999 -9999 -9999 -9999 -9999 -9999 -9999 -9999 -9999
0.240911203686351 0.225888749322893 0.219594944706313 0.218700543178247 0.229439279305333 0.232623196507081 0.211260831848573 0.209109109877008 0.22133731944955 0.218750611540793 0.213683113983357 0.206145810543698 0.199256923609316 0.192952380383539 0.184408440552018 0.17472477815211 0.161287561809042 0.154372050893082 0.154519759123493 0.143296281528954 0.130101462927313 0.123797752117741 0.116990652008913 0.109527461687559 0.105558908493177 0.103101376631433 0.105406826083195 0.109499426939316 0.116408173845463 0.122335450949921 0.127720482087151 -9999 -9999 -9999 -9999 -9999 -9999 -9999 -9999 -9999 -9999 -9999 -9999 -9999 -9999 -9999 -9999 -9999 -9999 -9999 -9999 -9999 -9999 -9999 -9999 -9999
0.239801031705858 0.237274559688764 0.232151790583257 0.2254229936356 0.221395431744653 0.218862989749153 0.220180382711359 0.216984081108408 0.210409099264735 0.204594146287029 0.200880906193141 0.204814261232894 0.20207867685724 0.193333139374668 0.187629286797058 0.181467381966152 0.170029800073977 0.160221353517143 0.152177313528684 0.146342103976396 0.140153681766921 0.127023534968493 0.117730342272172 0.113438026702188 0.110672749866909 0.108616976370059 0.109294565936526 0.111278409287276 0.115320612901157 0.121216101930292 -9999 -9999 -9999 -9999 -9999 -9999 -9999 -9999 -9999 -9999 -9999 -9999 -9999 -9999 -9999 -9999 -9999 -9999 -9999 -9999 -9999 -9999 -9999 -9999 -9999 -9999
0.232296066755831 0.240007586208499 0.238713792975848 0.231849457387142 0.220054787791745 0.213386399370402 0.222776809198516 0.219908417535994 0.207863824477153 0.198689075070893 0.193296795719572 0.200958634526067 0.196205546647989 0.180264303869638 0.18266112459188 0.185867587289441 0.175734961523731 0.164038592858764 0.150648639761092 0.148274534982044 0.147022892620996 0.133103131663134 0.123382218971745 0.119133856562164 0.116105543734547 0.113580871293402 0.11240268124649 0.112505198351537 0.114625820010248 0.115248731130256 -9999 -9999 -9999 -9999 -9999 -9999 -9999 -9999 -9999 -9999 -9999 -9999 -9999 -9999 -9999 -9999 -9999 -9999 -9999 -9999 -9999 -9999 -9999 -9999 -9999 -9999
0.212778456571887 0.226486322225852 0.234014456908617 0.237719908878743 0.231306139741521 0.223470616869403 0.213495220203975 0.213532965860317 0.221065947541547 0.208284281929673 0.195514902793867 0.192361517915529 0.186773552793245 0.178991578670469 0.18266112459188 0.185867587289441 0.175734961523731 0.164038592858764 0.150648639761092 0.148115455525902 0.147912809713864 0.144543629552479 0.138261658356053 0.128183313871519 0.12213749119074 0.117508386422842 0.114046268603827 0.112694690031937 0.114668843543915 -9999 -9999 -9999 -9999 -9999 -9999 -9999 -9999 -9999 -9999 -9999 -9999 -9999 -9999 -9999 -9999 -9999 -9999 -9999 -9999 -9999 -9999 -9999 -9999 -9999 -9999 -9999
0.203067838322049 0.216043455015912 0.226402314250733 0.235142489185468 0.233833346829373 0.229390189522841 0.217760925372725 0.214040283250306 0.216239559853134 0.21210860527604 0.205824287745671 0.194320499828892 0.186028560988088 0.180631094735909 0.175390479651102 -9999 -9999 -9999 -9999 -9999 0.14821054934803 0.148371277862132 0.143239873601473 0.131210991539786 0.124155600341926 0.118822415479246 0.114596163759696 0.112010681894933 -9999 -9999 -9999 -9999 -9999 -9999 -9999 -9999 -9999 -9999 -9999 -9999 -9999 -9999 -9999 -9999 -9999 -9999 -9999 -9999 -9999 -9999 -9999 -9999 -9999 -9999 -9999 -9999
0.198288056509528 0.207148368315772 0.217325647815472 0.228317582460896 0.231974159836485 0.233215829328064 0.228838045513184 0.218008173334415 0.202348655916743 0.213031398480472 0.220201868944698 0.201586959874929 0.189651288308729 0.183734850339656 0.17689643888159 0.171023355485529 -9999 -9999 -9999 -9999 0.14821054934803 0.148371277862132 0.143239873601473 0.131210991539786 0.124155600341926 0.118822415479246 0.114596163759696 -9999 -9999 -9999 -9999 -9999 -9999 -9999 -9999 -9999 -9999 -9999 -9999 -9999 -9999 -9999 -9999 -9999 -9999 -9999 -9999 -9999 -9999 -9999 -9999 -9999 -9999 -9999 -9999 -9999
0.180808960586963 0.194797442695205 0.205800415233188 0.214956599314546 0.223360080333611 0.229018360877261 0.226760424658055 0.221387667280756 0.213683342149298 0.214789301738185 0.21549981086402 0.210554124905946 0.203176233721212 0.193606473867697 0.18110139260155 0.169847503066734 0.167869150139357 0.166840543745605 -9999 -9999 -9999 -9999 -9999 -9999 -9999 -9999 -9999 -9999 -9999 -9999 -9999 -9999 -9999 -9999 -9999 -9999 -9999 -9999 -9999 -9999 -9999 -9999 -9999 -9999 -9999 -9999 -9999 -9999 -9999 -9999 -9999 -9999 -9999 -9999 -9999 -9999
