layers/veg/veg_4900.asc
NCOLS 255 
NROWS 330 
XLLCORNER -2985163.8955 
YLLCORNER -3022031.214 
CELLSIZE 25000 
NODATA_value -9999 
[rows 200 to 224 of 330, columns 56 to 111 of 255]
-9999 -9999 -9999 -9999 -9999 -9999 -9999 -9999 -9999 -9999 -9999 -9999 -9999 -9999 -9999 -9999 -9999 -9999 -9999 -9999 0.283009882964021 0.282746061639289 0.272638629115216 0.244174572184805 0.176239942471514 0.0886074714506176 0.0994411999541683 0.11195329319262 0.124903609438429 0.135461168392697 0.144559469988435 0.154266089755621 0.162551968848063 0.166621527095985 0.164272135941757 0.157183196799897 0.166774202793856 0.178167484028064 0.188849778472401 0.194177170266657 0.194743160924087 0.211557324028304 0.228651322289633 0.232387480969096 0.233263462028049 0.231083020001873 0.225726438741164 0.220506774224523 0.222095806852396 0.22572000460728 0.231960870124511 0.240448585048776 0.248816193168827 0.246513248274004 0.244043631480592 0.241315046315327
-9999 -9999 -9999 -9999 -9999 -9999 -9999 -9999 -9999 -9999 -9999 -9999 -9999 -9999 -9999 -9999 -9999 -9999 -9999 -9999 0.221861657183752 0.225573869300763 0.228377873399686 0.229488227360133 0.1945549322703 0.141634006672927 0.118684314453707 0.109524525207996 0.131023612399969 0.142848173099413 0.148772585035582 0.155314800968711 0.160771065195726 0.162975988288745 0.161032903880909 0.156027062724005 0.155333272592886 0.158724402627726 0.175439502942771 0.183209698548222 0.1830263827201 0.208230063639947 0.233933271691008 0.239079869563684 0.239468785456667 0.234773580374029 0.219053681463939 0.203526299913038 0.209548748003112 0.215004212262897 0.219730689822388 0.230434542101148 0.241953060722426 0.239370390271724 0.235549503670249 0.229804724539306
-9999 -9999 -9999 -9999 -9999 -9999 -9999 -9999 -9999 -9999 -9999 -9999 -9999 -9999 -9999 -9999 -9999 -9999 -9999 -9999 0.221690982237232 0.219903591704287 0.217057859924814 0.212238505623808 0.180564010657082 0.135487422388173 0.11414326779129 0.104465048333888 0.120779874817703 0.133603086666282 0.14429688724209 0.150906534031713 0.156263045074526 0.158764441935691 0.156266898698196 0.15007829715808 0.150968823663851 0.156732645146975 0.177529121078592 0.182410860199216 0.17314174525286 0.182671198244905 0.197355959671046 0.220967961151139 0.233850450531928 0.235267243433826 0.223600907009664 0.211755665081394 0.222481431126591 0.230609304492824 0.235396995810504 0.234861838814585 0.23262365909633 0.230629368329925 0.229186371453148 0.228599953773091
-9999 -9999 -9999 -9999 -9999 -9999 -9999 -9999 -9999 -9999 -9999 -9999 -9999 -9999 -9999 -9999 -9999 -9999 -9999 -9999 0.190664774275273 0.196591818389958 0.19974797084564 0.197736891842772 0.171386139650898 0.132888641512534 0.114125161138347 0.104862612441004 0.116755133998561 0.128261642792595 0.139532736165412 0.143773176399737 0.147130304823354 0.14925106674057 0.148265628800065 0.144986671723873 0.146461827692905 0.151815950899092 0.16952820972399 0.175927521436057 0.172267737257166 0.173282582258081 0.178606044919673 0.20142304170769 0.218532579887868 0.229543053408103 0.22298319401713 0.215016196927214 0.228761348337993 0.238516336870491 0.243141063277551 0.239517364980795 0.233593737628655 0.232319535723839 0.230087542192463 0.226367368948702
-9999 -9999 -9999 -9999 -9999 -9999 -9999 -9999 -9999 -9999 -9999 -9999 -9999 -9999 -9999 -9999 -9999 -9999 -9999 -9999 0.190149491148342 0.179472736591103 0.176052621291504 0.186164877253551 0.167339183950056 0.134071968970761 0.118928699636162 0.11107761280186 0.119360106490381 0.127081646821733 0.134461081701296 0.13373475694795 0.13306741751262 0.134085717989984 0.136815430020758 0.140808793885469 0.141802870552468 0.143781150474701 0.150770367593353 0.163384265053171 0.18099944099007 0.181132135356489 0.178860888889544 0.180350471958538 0.192874594347811 0.217190369280067 0.216859438316802 0.212979742510923 0.227949135998286 0.238216912191655 0.242439689755277 0.244416193386679 0.245543497177563 0.245129791682233 0.238732766810465 0.223039090911694
-9999 -9999 -9999 -9999 -9999 -9999 -9999 -9999 -9999 -9999 -9999 -9999 -9999 -9999 -9999 -9999 -9999 -9999 -9999 -9999 0.162405381318009 0.162531828475256 0.165614950889347 0.174211758889176 0.157162176982854 0.127313730432149 0.11652676931999 0.112041995482158 0.12138246577438 0.126561696953522 0.129203136766265 0.12521054977258 0.12261123758088 0.125275395509225 0.128627797199343 0.132488376183242 0.133263318469789 0.134388597208247 0.138197436360418 0.147840319419339 0.16267064006678 0.173803737689588 0.181820356686211 0.177470932296817 0.18638476530874 0.209471888054386 0.214323354355406 0.21614328187561 0.228917925687172 0.238845013751759 0.245110921096561 0.248979411710886 0.251726294964358 0.250116999313461 0.244742241474153 0.233516853621863
-9999 -9999 -9999 -9999 -9999 -9999 -9999 -9999 -9999 -9999 -9999 -9999 -9999 -9999 -9999 -9999 -9999 -9999 -9999 -9999 0.148156055720273 0.153154486657967 0.157644474038937 0.161186302536589 0.144941464613908 0.118822064766366 0.112303979257234 0.111188498633298 0.121811577666765 0.124615030271481 0.122649571525497 0.116948742210499 0.113538123256138 0.117439127386248 0.12059983858499 0.123213941039325 0.124243724903645 0.125386673281163 0.127658481314963 0.132537106881223 0.139733627799396 0.163221387636348 0.184339784607795 0.178692354462188 0.184310841985629 0.201968235971353 0.212276330165119 0.220916618964085 0.230684411152256 0.239841230698005 0.24821250591819 0.252904658807816 0.255920999176614 0.252824465124175 0.24953409251045 0.245942541011483
-9999 -9999 -9999 -9999 -9999 -9999 -9999 -9999 -9999 -9999 -9999 -9999 -9999 -9999 -9999 -9999 -9999 -9999 -9999 -9999 0.14794088245419 0.146005856030498 0.143774797208765 0.140991689404916 0.128831410950729 0.111991443139086 0.107770088837329 0.106509927584109 0.111618601422805 0.111019025315141 0.106938191092415 0.107871078636362 0.108077015609712 0.105246496816729 0.107840901583238 0.114440897285057 0.118725197146591 0.121703239370574 0.120838341713932 0.12442553328914 0.131971374370229 0.156245857953687 0.178742487542691 0.177060653179966 0.179928067518602 0.187656868314891 0.207324150771155 0.228081698241025 0.235075328239167 0.241857475824265 0.248367714656032 0.25276165688207 0.255977171462026 0.252975019378445 0.250170146678221 0.247671799079949
-9999 -9999 -9999 -9999 -9999 -9999 -9999 -9999 -9999 -9999 -9999 -9999 -9999 -9999 -9999 -9999 -9999 -9999 -9999 -9999 0.133027028564117 0.134511668735433 0.133194179364946 0.126651205312552 0.118392181351384 0.10927676042418 0.105324872985392 0.10286079389788 0.103637506016676 0.100642950948214 0.0953484344864925 0.0976568222013421 0.0978880867700395 0.0907000429002806 0.0936647468645866 0.104125916769217 0.110370759668692 0.114464196599294 0.11240773998065 0.115456280893314 0.123044015632163 0.14246782876686 0.1618047131476 0.169943633739586 0.177281973653512 0.183764802620014 0.20082234700378 0.219814832694433 0.233759124101119 0.244244749016056 0.250283471323655 0.25369549958706 0.255950463889019 0.254337132621292 0.252481173315739 0.250248227916825
-9999 -9999 -9999 -9999 -9999 -9999 -9999 -9999 -9999 -9999 -9999 -9999 -9999 -9999 -9999 -9999 -9999 -9999 -9999 -9999 0.13291266807517 0.130712307835523 0.126832072930792 0.119819163680008 0.115226289236943 0.11184113635048 0.105558568497655 0.100532005416525 0.0984933450011824 0.0943967246582429 0.0890450279318691 0.0859847840811419 0.081635305707185 0.0731346006693761 0.0776708840617893 0.0918332648742182 0.0983790151179181 0.102664768438343 0.10191157697044 0.105386978959174 0.112622305452104 0.119964987440254 0.130321765435119 0.155791204678442 0.176863327506637 0.193236420698548 0.192333011809619 0.191755121965817 0.225123028132692 0.24710789878356 0.254457287685516 0.256010491544784 0.255817455507841 0.25725317829223 0.256940501489905 0.253911228799779
-9999 -9999 -9999 -9999 -9999 -9999 -9999 -9999 -9999 -9999 -9999 -9999 -9999 -9999 -9999 -9999 -9999 -9999 -9999 -9999 0.124883412038361 0.125056815732637 0.122675154532196 0.115528741285341 0.111131552139003 0.108106366899193 0.101516710216419 0.0956179296262284 0.0914311179950651 0.0875589779214123 0.0838787448110941 0.0794894011172196 0.0732596203976081 0.0618478665385201 0.0588968779489047 0.0621930492127892 0.0716161644095913 0.0814935930119543 0.0903346068388624 0.0996817582588194 0.109478950373895 0.118794963670936 0.12930575984796 0.146283278525822 0.167699128219959 0.193857836287757 0.191234605880106 0.185134573667402 0.205964890109947 0.227053417663388 0.248473934341838 0.256228854246474 0.259499175066594 0.261980509904429 0.261339229892784 0.255846151285586
-9999 -9999 -9999 -9999 -9999 -9999 -9999 -9999 -9999 -9999 -9999 -9999 -9999 -9999 -9999 -9999 -9999 -9999 -9999 -9999 -9999 0.121987599662885 0.119434477300788 0.112120225378071 0.106508183890685 0.101745632761897 0.0967881910577057 0.0913711736856215 0.0849044655382134 0.0812363668176524 0.0792750402023159 0.0740429493944811 0.0664847512780558 0.0528210166845254 0.0409871833909092 0.0305044909897057 0.0425907863853116 0.0584899867622505 0.0785567567253859 0.0952274070891958 0.108878340984251 0.12443531334268 0.137935255470263 0.139322021332066 0.156554205012539 0.190719008704862 0.191994406164158 0.185872411137286 0.185285057811081 0.201008299118015 0.237702520418074 0.254223175972436 0.263704498086484 0.266743027301092 0.265548518961534 0.257776880027835
-9999 -9999 -9999 -9999 -9999 -9999 -9999 -9999 -9999 -9999 -9999 -9999 -9999 -9999 -9999 -9999 -9999 -9999 -9999 -9999 -9999 -9999 0.11875334597341 0.109487771154909 0.0990249986999928 0.0879647631885954 0.100703853540969 0.105867131486269 0.0927887377420571 0.0837275347850799 0.0771162732566007 0.0608467515498899 0.0479761326710626 0.0467258913460511 0.045064428779381 0.0430993335329264 0.0447992881140065 0.0503472083489746 0.0686231860700409 0.0888168262625006 0.110715588073036 0.129200299371422 0.144304669921781 0.145454039790589 0.155896927537302 0.176270989621021 0.186191886341201 0.192148866884426 0.187977965358868 0.192455380536228 0.208052174291155 0.232892203940083 0.259085510123253 0.264650870036555 0.267636589131712 0.266614161752898
-9999 -9999 -9999 -9999 -9999 -9999 -9999 -9999 -9999 -9999 -9999 -9999 -9999 -9999 -9999 -9999 -9999 -9999 -9999 -9999 -9999 -9999 0.106882425981437 0.103668980450745 0.0925188623026775 0.0774079372368216 0.102466643464577 0.116016380864394 0.101714437980924 0.0880183146333507 0.0746916590202694 0.054657301788956 0.0406633877942365 0.0453661079349847 0.0487539284425978 0.051170868901199 0.0487979865663269 0.0494713648687256 0.0636506582568943 0.0838712417309878 0.109463539195548 0.128586312341162 0.144100289120317 0.147283894659553 0.154490483957041 0.165996086134584 0.178442947882473 0.189555359069753 0.189113760667201 0.189430797894999 0.190723233812051 0.219806326666799 0.255537040741949 0.261730869152266 0.266692282840211 0.269738818034527
-9999 -9999 -9999 -9999 -9999 -9999 -9999 -9999 -9999 -9999 -9999 -9999 -9999 -9999 -9999 -9999 -9999 -9999 -9999 -9999 -9999 0.108004115489875 0.10592512226867 0.0999691679472996 0.0875269996724363 0.0718478777854252 0.100892815541625 0.119428907796348 0.112254189804954 0.0950982131833155 0.0718550228041188 0.0593272224990761 0.0507025070248983 0.0513453684973666 0.0518424824989742 0.0522319812057814 0.0555712116900513 0.05985814103522 0.0663669757544358 0.0811961737526835 0.103423561739502 0.119635753123047 0.133707547441505 0.142446064649839 0.151922949356852 0.162188863196911 0.167677363070083 0.173214786392401 0.187836274026283 0.194974276692567 0.1924905569714 0.219499064735276 0.253647708771963 0.257527839329067 0.261048264355276 0.264009792792013
-9999 -9999 -9999 -9999 -9999 -9999 -9999 -9999 -9999 -9999 -9999 -9999 -9999 -9999 -9999 -9999 -9999 -9999 -9999 -9999 0.10688780204229 0.106991307192596 0.104219660472317 0.0960863551157195 0.0850257896012776 0.0725043710515256 0.109603044707407 0.133678097333512 0.126091393290745 0.0999102278378911 0.0623889633551554 0.056532348534533 0.0540496069244777 0.0553899577884815 0.0553297410186405 0.0542353896740185 0.0578044809947165 0.0620577463116859 0.0667851450582439 0.0786237178576724 0.0967853098475621 0.109941250978456 0.12163801736727 0.130521505853562 0.140070788902963 0.150331548700538 0.156784599652245 0.16412862379733 0.184992194196124 0.197385943347388 0.198889810435958 0.216703409323147 0.238940624895215 0.250421737374921 0.258541100869811 0.26143710836681
-9999 -9999 -9999 -9999 -9999 -9999 -9999 -9999 -9999 -9999 -9999 -9999 -9999 -9999 -9999 -9999 -9999 -9999 -9999 -9999 0.104453353429688 0.105220717998392 0.102198379129516 0.0921089018694244 0.0834718603275131 0.0755596587427919 0.121714218418466 0.151205897202134 0.140515546986769 0.10360111089164 0.0506935398362639 0.0508275526104305 0.0545038767741307 0.0584934260934863 0.0589235928382109 0.0567256247493512 0.0581846815242926 0.0608231590966165 0.0662330391654932 0.0760562499905111 0.0898036475753329 0.0999765118967259 0.109066999923351 0.115944753822661 0.1247420854186 0.135590702761131 0.146037595639589 0.157923777239256 0.181151472991218 0.198032132861174 0.206752234180633 0.212901277155158 0.219482879323213 0.241992040872895 0.256971229145404 0.26025063517393
-9999 -9999 -9999 -9999 -9999 -9999 -9999 -9999 -9999 -9999 -9999 -9999 -9999 -9999 -9999 -9999 -9999 -9999 -9999 -9999 0.10442405241575 0.104247260052294 0.0998142598892672 0.0874441717622949 0.0795431641018397 0.0738724569314385 0.106452326148762 0.129389879999955 0.128833417794284 0.100554983421528 0.0553699066489101 0.0498033928806548 0.0493747007332039 0.0563758403438034 0.0605868986294394 0.0627378496450863 0.0585444529266787 0.0563701174067898 0.0645609097173555 0.0722194394877806 0.0794046991300033 0.0911585419848054 0.102784124883497 0.109609504815801 0.120149270194832 0.134658276275919 0.142093155128585 0.149008271176852 0.165009833529574 0.18189749863698 0.199924450420213 0.209404858917558 0.216526901573475 0.22877738185829 0.243607975614836 0.262447450236278
-9999 -9999 -9999 -9999 -9999 -9999 -9999 -9999 -9999 -9999 -9999 -9999 -9999 -9999 -9999 -9999 -9999 -9999 -9999 -9999 0.103481416088853 0.10334443621307 0.0985115042778454 0.0849214377464149 0.0773236432891082 0.0727163000988094 0.0952625607374306 0.112971582938587 0.118617789448504 0.0974279938887058 0.0598718775022331 0.0513062979278549 0.0479628458333445 0.0542795010754686 0.061847866184103 0.0703404540287712 0.0661881873853576 0.0624789930969076 0.0660621291262403 0.0699329985590882 0.0740597109538207 0.0850373118334933 0.0964664206269837 0.103946378746368 0.115227325858154 0.130570059349706 0.137767477379733 0.143585989468768 0.154114789308555 0.168823894790375 0.188907734177117 0.202280092734161 0.213089279950656 0.218967863090624 0.231009318136 0.252626406007246
-9999 -9999 -9999 -9999 -9999 -9999 -9999 -9999 -9999 -9999 -9999 -9999 -9999 -9999 -9999 -9999 -9999 -9999 -9999 -9999 0.103490008843422 0.103629910471131 0.0992503437193233 0.0864427537675879 0.078331014869073 0.0725627466204347 0.0917608974845294 0.106744084275326 0.1111708882856 0.0941483382380336 0.0640445919257033 0.0575802557546162 0.0535692262886683 0.0522232747812115 0.0623492263953472 0.0809456662386076 0.0875839128901597 0.0885285785512529 0.0735545740164649 0.0705736274597704 0.0782565087300982 0.0840074777745285 0.0900829594367895 0.0995522086760179 0.109683991684821 0.120523766915326 0.132722030592954 0.144758852419084 0.153125222396266 0.161529461159105 0.169982388860898 0.188305070985601 0.208742323371188 0.215587187773262 0.219854204230358 0.220115859910706
-9999 -9999 -9999 -9999 -9999 -9999 -9999 -9999 -9999 -9999 -9999 -9999 -9999 -9999 -9999 -9999 -9999 -9999 -9999 -9999 0.133643653793027 0.129910873586783 0.11880611999069 0.09395391701748 0.0812736609944721 0.0746678311204984 0.092024749580303 0.103753999771813 0.101714241824643 0.0872075335919329 0.0650976768882505 0.0590038881183485 0.0549266954861787 0.0536786406984056 0.0617916198820808 0.0768164886822526 0.0904109205772734 0.0992137674515784 0.0907700801300333 0.0854437996169855 0.0828894134392548 0.0828948078876286 0.0849250258099502 0.0948463523560371 0.104870676882302 0.115005066392672 0.127015905353569 0.139220871268746 0.149430240780592 0.157182425790438 0.161775341123741 0.176083965986806 0.193299512933967 0.207530852900064 0.214796850703143 0.211240368324361
-9999 -9999 -9999 -9999 -9999 -9999 -9999 -9999 -9999 -9999 -9999 -9999 -9999 -9999 -9999 -9999 -9999 -9999 -9999 -9999 0.134299259583751 0.151691849078931 0.147871356459793 0.10449215180016 0.0851943311430091 0.077914356873792 0.0941915691280006 0.102399997770677 0.091241936274633 0.0784165048118644 0.0645742038563419 0.0579763257231402 0.0541369048583966 0.0569086496761234 0.0606988464599547 0.0652410357684247 0.0838539097811118 0.102134296311136 0.112899301187719 0.10750511433121 0.0877427122304908 0.0817402755012254 0.0803864334547699 0.0899829800698902 0.100426289828922 0.111774461720335 0.120975894981586 0.130291450510289 0.144368031668074 0.154324908440482 0.158984968009932 0.164749232753662 0.172249223363766 0.197111593665352 0.2128211044608 0.214309254941965
-9999 -9999 -9999 -9999 -9999 -9999 -9999 -9999 -9999 -9999 -9999 -9999 -9999 -9999 -9999 -9999 -9999 -9999 -9999 -9999 0.160567613562712 0.160261419762561 0.15025301704859 0.122151680619934 0.098165032919189 0.0762318260448153 0.0879781392011666 0.0936268253073091 0.0840886894993837 0.0708055517499248 0.0552384708440884 0.0535008842946051 0.0539928752089817 0.058337782815699 0.0613116259965049 0.0632731188324762 0.0758720781663929 0.0906045490479288 0.108556815096436 0.11228406339871 0.103362899564627 0.0939909384724228 0.0867767366904049 0.0908611772276777 0.0980070038397427 0.108424267513754 0.117807723709121 0.127466154415076 0.141038942836135 0.15057048166339 0.154906074770387 0.161526202786609 0.169238352569662 0.181394110018229 0.194186249665533 0.207967175444618
-9999 -9999 -9999 -9999 -9999 -9999 -9999 -9999 -9999 -9999 -9999 -9999 -9999 -9999 -9999 -9999 -9999 -9999 -9999 -9999 0.166068094505583 0.16275883118152 0.154212535857474 0.135900085869161 0.108825567221284 0.0773783266741873 0.0822974475463398 0.0832918693527025 0.0740012155694189 0.0613895858089156 0.0467526112090558 0.0487909311646496 0.0526460610823402 0.0586301790268158 0.0614281957435757 0.0618736966955043 0.0699258362622011 0.081807748823592 0.10459218613478 0.115573093743851 0.116058695758265 0.10604844493245 0.0957674467207031 0.0936611471123132 0.096872426347116 0.105766139643629 0.114861900538779 0.124349519633772 0.136356310455263 0.145733258608326 0.151728945732889 0.159146772656717 0.16666817143571 0.169697785821336 0.179102700385794 0.198413310639566
-9999 -9999 -9999 -9999 -9999 -9999 -9999 -9999 -9999 -9999 -9999 -9999 -9999 -9999 -9999 -9999 -9999 -9999 -9999 -9999 0.166258053549035 0.169069777985965 0.162966646340874 0.140238857197609 0.113725033899775 0.0853217852730468 0.0782091943902269 0.0696298366139255 0.056939242887459 0.0477193355294011 0.0406160760403729 0.0436792640149606 0.0484702668374647 0.0563500512267449 0.0603173180421974 0.0613957063774115 0.0687812733293812 0.07998334072633 0.102617847550948 0.116116061535294 0.121490588132831 0.117093855953936 0.110357541604275 0.100697141694228 0.098645671700704 0.104725203391559 0.112313611866449 0.120298236839722 0.128447905456895 0.138411259892 0.150706520052011 0.158392361220703 0.164368114958856 0.167590976613247 0.172990544449123 0.181772194451175
