layers/veg/veg_1800.asc
NCOLS 255 
NROWS 330 
XLLCORNER -2985163.8955 
YLLCORNER -3022031.214 
CELLSIZE 25000 
NODATA_value -9999 
[rows 175 to 199 of 330, columns 112 to 167 of 255]
0.443930654478634 0.443839825219811 0.45307323491541 0.458245725253318 0.455730864292612 0.459956295495338 0.467597244491587 0.473006206164018 0.471992883034962 0.456072977675251 0.445212288238424 0.437481863320362 0.451668216390821 0.46594421235759 0.476063398794167 0.484176216818548 0.490786857459178 0.495045688785875 0.498479321750212 0.499877857190383 0.501677513973562 0.503838733749285 0.502073968715481 0.503202269361782 0.523052385096087 0.537465889450382 0.545990095147096 0.554919664266303 0.560280353552009 0.537681028829467 0.519171040450663 0.505992040050877 0.501300745673683 0.498575280320129 0.484829221902771 0.467304698947163 0.443824819788989 0.405389654240433 0.362088166167734 0.373359322579307 0.370894341620671 0.342031952938394 0.30919701524082 0.274318238352396 0.247728690051692 0.234674624751187 0.253323932771616 0.302805110800882 0.371638966208183 0.409882106190724 0.445119935356308 0.478001058404334 0.524556654315479 0.581493428714176 0.610604946289165 0.631042540946546
0.437042209798879 0.435865771574477 0.446330614051923 0.452159559335615 0.449212715894241 0.450019602827003 0.452728622868254 0.465030943658632 0.466771186750589 0.443418953528445 0.433947485363072 0.433064396704096 0.450545238166398 0.465990999096095 0.471750404527781 0.476322251319166 0.480004967420248 0.486565331254727 0.492301615618679 0.49354157093912 0.49640793073751 0.50074029996269 0.494986068542735 0.492586975127394 0.51719266635876 0.534857951834658 0.545004928672746 0.561913754037234 0.575332534260252 0.549141309777859 0.527707416790575 0.512475331353671 0.502482993387127 0.494659551433718 0.492695364371028 0.483131576363965 0.461589819485442 0.406682036600075 0.339952035119174 0.356112541594043 0.361516299553302 0.346248287225592 0.310771515148757 0.264897525815525 0.240605210011224 0.230286573465523 0.252012199632547 0.312251314653493 0.396664737761458 0.439654797982366 0.477029280688153 0.506584870958768 0.547564889764747 0.597217932601056 0.621713033789055 0.638635903755275
0.433987375699079 0.434018837778316 0.435653392710671 0.437088861323148 0.438147458014553 0.441352754873863 0.445645852149396 0.457949970993786 0.460115863759591 0.438248327067891 0.433092063358032 0.43827548581216 0.445543736288817 0.452308736332133 0.457173833403363 0.462894753163936 0.4692564313618 0.477384399545694 0.484348829411135 0.486047604244355 0.489536494874956 0.494638961137931 0.493003618726214 0.493635289238229 0.512439488354986 0.527315255261564 0.537935483391384 0.565254086403449 0.589253405235654 0.555793259626656 0.530346659795952 0.51534677127057 0.509928241759404 0.507313716619336 0.500010998228464 0.489289107483861 0.473178152192458 0.416282509113655 0.344068259917552 0.338231822161249 0.340922131344147 0.359998707600827 0.331777984594984 0.27922324494596 0.260934574089937 0.254273896098206 0.273420117187828 0.324260905565892 0.394995872765864 0.437517735727653 0.476003077187369 0.508529075617161 0.552328018394264 0.604684983738024 0.625389771422152 -9999
0.433765700626004 0.434091746136162 0.432661677819976 0.431642490468061 0.431401103913465 0.43171567166755 0.432311958935812 0.436666845230224 0.437724736943036 0.430916668947735 0.428544335096493 0.428916501859077 0.433390120042849 0.438446818183284 0.444390402559552 0.451167201648214 0.458567832476431 0.461141590710223 0.464529288724469 0.4732936719736 0.480778663218333 0.487110435344184 0.493266385209195 0.501360307579147 0.519648096923061 0.534085402466979 0.544351608130973 0.569024914208153 0.59227393901986 0.576910679681484 0.564551799423544 0.556109522598516 0.549128330179775 0.542118960017633 0.528353565519412 0.512473118486883 0.493259070966264 0.44029492401007 0.374094534167703 0.340282294529322 0.327003619351807 0.353185300348996 0.335452810986246 0.295126893054163 0.28459137604815 0.281358658575853 0.293898342927438 0.328563735210533 0.377117084572987 0.453266731371964 0.513579955591538 0.520502240365258 0.553692138870785 0.606823485161657 -9999 -9999
0.433877258633384 0.43413276158477 0.432039283522997 0.429558688441751 0.42634527789183 0.421705984457414 0.416344151369614 0.410260374271638 0.409770324957408 0.422379718670496 0.422092795960118 0.41382659694715 0.418493193993472 0.424593260395336 0.432298957183262 0.440027726878662 0.447773771367451 0.442376858071685 0.440545249091545 0.458493356442212 0.470910685635326 0.478342678753446 0.493501408647162 0.51060451879229 0.530375968003172 0.54542092160588 0.555345821135454 0.572765462931186 0.591166258978351 0.602595001113738 0.609319118546042 0.609910138666277 0.599189493062443 0.584351868084291 0.564357781452857 0.542194073366399 0.516610757008224 0.469751291346816 0.413875134365063 0.351337000416246 0.3176269897195 0.339317394939002 0.332995935699798 0.312262635053727 0.309577943413205 0.309289167921859 0.313739513516734 0.329805956443022 0.35316364002329 0.475816845211955 0.576671989296195 0.590731375448302 -9999 -9999 -9999 -9999
0.409384635191686 0.409612894631911 0.40952781007604 0.412171341931032 0.419980165450764 0.41220991825807 0.396545266500315 0.401497209834096 0.404833064073003 0.403496360697328 0.402724410384537 0.402301887038602 0.407484990864172 0.413202621559043 0.419361032477192 0.426005981403151 0.433015203603759 0.433168936734571 0.434865174559896 0.445670243191571 0.450234912845638 0.449174607991743 0.465305460723099 0.484330057315645 0.501881753185354 0.520673777780689 0.540809408859588 0.570290671800172 0.597601107094222 0.590368509489567 0.589617826589978 0.597317172367205 0.59161010854211 0.581826693502386 0.57657591784806 0.562846024168258 0.53575192722173 0.488800943861665 0.433938988156213 0.393162971394109 0.365269063626178 0.362131335437304 0.35576135603516 0.347728413714518 0.334392120053034 0.325056934400665 0.325501394545481 0.332038050640408 0.342398681820612 0.486824690574039 0.601539688231923 0.598227884924908 -9999 -9999 -9999 -9999
0.393073069692264 0.393694584400449 0.392908879717618 0.395337548512108 0.403851050800844 0.393645956520578 0.373955561291776 0.384712362408906 0.389936036865568 0.38090845116617 0.381776849034122 0.388768141578114 0.393956502121762 0.399039999796205 0.40417885754633 0.41044613697054 0.417558270962753 0.422202647899299 0.427235051809813 0.434909238744016 0.432727839352701 0.421662805751302 0.436540949749921 0.455864852044971 0.47337370238585 0.49493242789558 0.520878247263625 0.55348017228242 0.582617273368157 0.572540231714607 0.573092652061636 0.587501974699251 0.588153862860098 0.584959014042491 0.590873700648709 0.581752048598943 0.548931152644077 0.503314160373655 0.453040159272197 0.429598252922148 0.406609322267562 0.384490897185231 0.377261503927161 0.377692377827293 0.357653357336285 0.342357459263247 0.339401332288849 0.339999521740178 0.342828699421117 0.508875735952388 0.646571035306316 0.663981413583114 -9999 -9999 -9999 -9999
0.391977437091852 0.393774291885438 0.387249478172257 0.379533307354055 0.36956188845489 0.358216634457162 0.346175215054326 0.353008003236163 0.356514860687377 0.351430453785122 0.357892181896759 0.371497795012274 0.375740539333085 0.379721772669717 0.384822606222172 0.392025585440092 0.400802450917793 0.407965974958138 0.415978038375067 0.427983546232841 0.421114223187255 0.39723149393888 0.406718969527017 0.423325086881913 0.444839918072368 0.467341956197346 0.490913402464245 0.510006718118514 0.527796877183817 0.544293203359165 0.562474731827371 0.582853143215025 0.592366234652727 0.598613698164468 0.609039413536421 0.597410828150318 0.551021769168895 0.50939006886177 0.470350838853745 0.456007402191165 0.436228847613173 0.406005360826626 0.396408374195047 0.397423528338685 0.378026285893128 0.362508758302285 0.357277837333598 0.358617049197811 0.364080229572837 0.551466006406938 0.697298910944047 0.679273620611566 -9999 -9999 -9999 -9999
0.387138335908519 0.384572920385455 0.369091171353531 0.355218105162023 0.344390287849661 0.335579652537579 0.327791186717215 0.327239921009435 0.327538570062802 0.329507882292482 0.335035389443046 0.342764441552646 0.351460024866995 0.359570388390624 0.365765427521841 0.373602583907733 0.382669201137631 0.38629578829712 0.389986151615573 0.396484264683767 0.389097181688123 0.36919425248178 0.381836332786001 0.401310061034276 0.42499708729413 0.44614383876143 0.464538795796505 0.483707255495336 0.503528741204235 0.526832632539534 0.549343507842931 0.570820582407555 0.587822920789518 0.603678121579571 0.623875450979431 0.616639593705421 0.566165432416527 0.512067902507089 0.45750198142679 0.444771267982257 0.428781889178878 0.406530173606872 0.398310813106457 0.397310967613861 0.385012859911121 0.372801291787008 0.361389849538327 0.388647641126641 0.440177499465646 0.600645828245708 0.727051645967006 0.727858746456828 -9999 -9999 -9999 -9999
0.380436107284092 0.370752348121039 0.344712148938401 0.326666990553141 0.323756505339797 0.319309428994575 0.314083713648989 0.30442632877803 0.300774502691613 0.311345652576466 0.312690171078094 0.308325939985541 0.324161177964599 0.339004341100641 0.346857097516239 0.355178363007377 0.363850403427525 0.360925935647613 0.356660706092526 0.352754687341232 0.346925338354962 0.339362336828053 0.359412011422354 0.384533206736513 0.409479751350991 0.428127201382179 0.439951053646246 0.465955302809496 0.494466490652568 0.514740490646713 0.534961410482363 0.555113133347384 0.578921894860713 0.604467165064377 0.637054306171931 0.637645144277022 0.587805607922896 0.513054511464324 0.429642697234784 0.414799044736716 0.402886910801196 0.396608419618323 0.391630684125384 0.387322175228914 0.385337034091884 0.378187109419127 0.358651262157428 0.424358524777502 0.543571539846891 0.653105275313455 0.733718860124597 0.729868616137337 -9999 -9999 -9999 -9999
0.339148394832961 0.336664106249044 0.323228090327072 0.314371122617963 0.314182328079756 0.309507596308137 0.302559699209282 0.292301926867272 0.284903650751501 0.284329728874221 0.286270909174166 0.289768246638866 0.299457202208988 0.30843569650465 0.314076856879947 0.321747949128695 0.330938860834486 0.345087545972717 0.351387726446455 0.325448817860194 0.3109790573965 0.306847364426403 0.328952465664455 0.356061013708711 0.383958754930206 0.405925804478126 0.42146833476757 0.45109756977513 0.482083145827073 0.496249728351802 0.516580832905809 0.544948203022759 0.568520260648457 0.591111106925817 0.621643794905268 0.624887365914184 0.58511970567618 0.518690173809638 0.442866560965612 0.435401572348095 0.425079536230838 0.409266972048536 0.388693733467094 0.36567117258041 0.409602380070318 0.441726851349355 0.442292691042863 0.492661827600107 0.574291706249547 0.665725539125598 -9999 -9999 -9999 -9999 -9999 -9999
0.308406374469694 0.310758270332972 0.306017665661577 0.303207686101805 0.304052394594595 0.299209717000347 0.291485062199783 0.280442746314689 0.27033095461722 0.262537404130737 0.263247571763846 0.269219204318218 0.274866449864956 0.280379326816694 0.285562621302464 0.292622351903776 0.301086978972601 0.323776860853575 0.334720504693836 0.294205978697793 0.275804124761847 0.277334204198638 0.298509337238026 0.324703994262698 0.358075915622434 0.38474215536194 0.404144355242097 0.43386771685381 0.464070430419825 0.478032479972913 0.499531556076383 0.530856137973514 0.553602580218786 0.574493988978856 0.608269611734661 0.616597623868611 0.584816860540169 0.530107829276402 0.467267819397617 0.461103884714609 0.448614846461695 0.423970546993125 0.391382757154795 0.35470811606118 0.424928958292151 0.479894606951776 0.493011177387799 0.531060809499261 0.584760530253191 0.592598830753534 -9999 -9999 -9999 -9999 -9999 -9999
0.302986316264732 0.304281631924086 0.298507281369122 0.294100157700313 0.292281204948731 0.287559941198469 0.281367985285617 0.26883648969963 0.258372139175733 0.253012882831887 0.248143820541805 0.243578053678763 0.250449047578536 0.258413915670891 0.267287827831524 0.273862835905719 0.278716643773077 0.289605789198188 0.29100322620862 0.253393170847198 0.242190533644239 0.254791030583095 0.268370720336572 0.287122706462218 0.331695903746404 0.366030419062131 0.389273713807272 0.411104269382651 0.43326415487608 0.46065471249343 0.485666743536811 0.507578052236084 0.528382880799226 0.550871551176562 0.600512737311953 0.619671094418735 0.59078451075937 0.554624785939241 0.515925822821024 0.496816353604599 0.473630747397791 0.442611829163549 0.406843537044505 0.368631736628804 0.418970566200955 0.457972188911665 0.465393398451818 0.499829411922634 0.55122219073889 0.577582877078384 0.595981772945942 -9999 -9999 -9999 -9999 -9999
0.299938619240478 0.300687110590343 0.294262804226659 0.287983392945823 0.281978269161286 0.277047870462479 0.272662068728382 0.258781137477373 0.246981793481379 0.240458588161893 0.231716144610917 0.221600602382081 0.229320309866119 0.238205348280742 0.246919000353215 0.254045245209782 0.259982990883425 0.253838070338002 0.243104773302706 0.220586943585844 0.217194880923876 0.231042413440844 0.248943879488722 0.270682508581439 0.308394373098865 0.339666292729821 0.363962036187095 0.388481125839113 0.414061597962542 0.447294586044076 0.475493624680596 0.497130247872995 0.51621207848971 0.536458629194881 0.583303571890936 0.606927482621866 0.593951998190156 0.569024193393262 0.539205712452923 0.512676567788472 0.484000376008554 0.451198098664599 0.416961250734746 0.381986329700141 0.403836384731986 0.422704351912548 0.43150066988332 0.462683802463706 0.507918784657415 0.558099078783125 0.595981772945942 -9999 -9999 -9999 -9999 -9999
0.298334045956533 0.298845801038731 0.292005001027489 0.283685930435752 0.272568482366968 0.267227873599306 0.264814570791815 0.249669211140855 0.235937251872172 0.22606126136205 0.214483116108399 0.201851804775193 0.210192089595671 0.219065481117361 0.225276357482199 0.233584020345512 0.243461557035298 0.217099099922666 0.192662883032388 0.192651174760997 0.197441579829696 0.206560516650813 0.236033086218082 0.267102582149717 0.286965503908215 0.308647164530256 0.332299003927064 0.365943330146676 0.401917663474323 0.436378418464796 0.467566188665476 0.494487192549265 0.511979010686 0.527647919484058 0.56034451237669 0.584562230063474 0.595416127199151 0.57726902557615 0.547047919663363 0.516460517911874 0.485460575704536 0.453667834304671 0.42382874024277 0.394994779403655 0.383120507020973 0.379318404112801 0.393790845984835 0.421940536947189 0.458675220937475 0.535897459655305 -9999 -9999 -9999 -9999 -9999 -9999
0.294704516400203 0.294472086157561 0.28688978094753 0.278389674762883 0.268152164337318 0.259531993559969 0.251731379593024 0.240029513267432 0.228051545116187 0.215598299397985 0.203099545663223 0.190572634970599 0.195067204521521 0.200530532292918 0.205408730258314 0.212309545852418 0.220724704694428 0.186222540835729 0.155044267909137 0.156763465495567 0.16707325388386 0.185126434071652 0.208954884341068 0.233787781112788 0.258293014264126 0.28561525514945 0.315989065975408 0.355640085887442 0.396587111245423 0.429524621878939 0.460314520264145 0.488304723511319 0.510645810845902 0.531757368127043 0.56124906282719 0.585367368265078 0.601016506731083 0.581771420995341 0.547939876645186 0.511295014679586 0.475660393251524 0.441967200527151 0.407126903207768 0.37169643133843 0.345212665580449 0.327158825731171 0.328650745863513 0.358522036499479 0.406206609346057 0.426688835593251 0.44056343263819 -9999 -9999 -9999 -9999 -9999
0.292176996995446 0.291023587855601 0.282249323915024 0.273176785164269 0.263539609924239 0.252495023314173 0.240737257147405 0.231011556540919 0.219696204268311 0.204578699809322 0.192135863943401 0.18134791300905 0.181854101072711 0.183132736262113 0.184404272180987 0.189799513655823 0.198282192704816 0.158758364100742 0.123282785083923 0.125863741015984 0.140148482168411 0.164982788139922 0.182833439321486 0.201564956821581 0.231533211261223 0.263942237688709 0.298995270499346 0.342300731894486 0.386181920573152 0.418543298526338 0.449942420577746 0.480087115452242 0.508313538516004 0.535799064024363 0.561843815936386 0.58617540096832 0.607806810068446 0.589464726393745 0.554339131545313 0.513018316063908 0.472727158623423 0.434414745453581 0.394090132289678 0.352730261110872 0.31640057571869 0.286775427372682 0.272805279791559 0.302269172508307 0.358995925663566 0.405921684823458 0.44056343263819 -9999 -9999 -9999 -9999 -9999
0.293195089863013 0.290705357938535 0.279502399263623 0.268388042486054 0.257441409775526 0.246963103338829 0.236722112538112 0.223880648509924 0.209406515590176 0.191231303065877 0.181302262297923 0.176475336019247 0.173406022508615 0.168896781259507 0.159800055149391 0.16388278908912 0.177833046209832 0.140036008151551 0.106016989901889 0.110788611756357 0.125093596149944 0.147991768487143 0.162078474306186 0.177968395157664 0.211614905231643 0.24470810569102 0.277201924413736 0.317965722984719 0.359912638155956 0.394931488121781 0.430463305786178 0.466663844339455 0.502570639963043 0.537263333451086 0.557146495373993 0.582719293364671 0.617259704814077 0.60703339962692 0.577873160235818 0.536221807675841 0.491637318260726 0.44141607614086 0.395949577181809 0.352929348961541 0.316941413562578 0.281908494691604 0.248773119882511 0.270824327685202 0.327515280938818 0.391891172064241 -9999 -9999 -9999 -9999 -9999 -9999
0.290225898831621 0.285409564822162 0.275655988678215 0.265316520878038 0.253867955706638 0.243089640713609 0.232650962542668 0.218279574642664 0.202508818176401 0.183639984524741 0.173105152376218 0.167726777196967 0.161863000427187 0.153818048229842 0.139458931618233 0.134941575658401 0.137792791780113 0.109680393182991 0.0861585736663624 0.0947243975043263 0.108604034686184 0.127273440071441 0.14167547080858 0.158194854814583 0.189749602061189 0.222908855602647 0.257806216966764 0.300046892175 0.343651000404889 0.383486133171837 0.422164176421924 0.459333801242583 0.50162697267165 0.543625739268572 0.55934075932218 0.58492703261058 0.626071697034792 0.619178737891243 0.592037243219622 0.554262931607206 0.510777426540136 0.45631644138373 0.406103783403593 0.358076849890284 0.307324884195626 0.260303749740199 0.222284796308937 0.239243730585116 0.290711415820059 0.288115383872615 -9999 -9999 -9999 -9999 -9999 -9999
0.284319864497058 0.276447535862433 0.270999749150587 0.26350982247496 0.252154109281611 0.240437718737546 0.228538561648763 0.213805303715095 0.198109499880239 0.180288318877495 0.166849956614388 0.156123354869509 0.148040390442589 0.138118565068621 0.122257799598796 0.10377266786458 0.0833226608736138 0.0707562740118571 0.0643905563160025 0.0779316703824273 0.091057759659882 0.103809753648477 0.121531705391936 0.141237169787676 0.166450233582277 0.199220261771172 0.240176495879868 0.286853912386324 0.334760516793589 0.38100200950882 0.422099691533409 0.456491739525193 0.504218190416807 0.55359587892738 0.566611035997585 0.591306491531292 0.634411630998313 0.627329506070331 0.599299870727183 0.568501701521305 0.530086904030959 0.477034859046235 0.422367515528148 0.366869116072251 0.290226922197606 0.226370729922618 0.19398737963027 0.207563144827176 0.249986720240861 0.269693837650978 -9999 -9999 -9999 -9999 -9999 -9999
0.292248903500253 0.27343039850444 0.267952905565655 0.259731841372496 0.24631717588184 0.232890061982017 0.219456640082187 0.20659103687854 0.193152153638008 0.178349270646296 0.163527485209509 0.148694004353109 0.135920974730268 0.122377828205464 0.106155180212222 0.0848502153775638 0.0597400962303536 0.0564634289796699 0.058264947186348 0.0691199678993395 0.0790918318032768 0.0882676353022161 0.103807360896342 0.122186834468927 0.149170156318815 0.184024037177921 0.227403830479075 0.276471279062761 0.327176434545127 0.379392167168177 0.421509151365783 0.450461088246697 0.488296993980733 0.527829120053393 0.551036022434705 0.585491960195648 0.637677854647404 0.641028732101401 0.623833614471259 0.597385553531249 0.563958257870747 0.517118625135386 0.461063007968809 0.400265853293131 0.309499732925705 0.233458696111031 0.193959278278408 0.204201229790417 0.245665052469904 -9999 -9999 -9999 -9999 -9999 -9999 -9999
0.301983189727069 0.277469304772136 0.268513418245565 0.257199409455372 0.241421457245273 0.226341907664415 0.211616260636944 0.20035067467753 0.18880558402517 0.176456963577528 0.1606013040685 0.1425757510212 0.125666388204224 0.10878280599721 0.0917498904158147 0.0688234652774501 0.0414845420586789 0.0445689588289137 0.0518313775280812 0.0606679153851292 0.0685608881118385 0.0756033495453113 0.087821227632868 0.103729104717724 0.133776213306445 0.170001445906995 0.212919232914323 0.26437737516382 0.318169892306517 0.373280673436798 0.415848809757185 0.442065958267769 0.472404432240674 0.504282382118231 0.538562399894249 0.581358454863994 0.637576902556895 0.653078436228484 0.651117388977817 0.6280712946205 0.599482338094116 0.560241391951631 0.503376508661504 0.437444275088038 0.337710417077735 0.272445015539521 0.290803064113083 -9999 -9999 -9999 -9999 -9999 -9999 -9999 -9999 -9999
0.312322878248181 0.305125071852204 0.281779211714846 0.260169552421231 0.241846534559076 0.225672456297205 0.210587313242297 0.198942030896458 0.186976884462435 0.174114799828966 0.157854101985264 0.139490596412627 0.121595167042137 0.10318596490142 0.0831720052494331 0.0581589425287387 0.0294030280350559 0.0307190901428935 0.0373461761295139 0.0500296880717455 0.0609028938113722 0.0701443246792645 0.0772313413409358 0.0883992213247122 0.12273925898601 0.156594139489952 0.189923465527001 0.244678409609765 0.303296392846457 0.350041418161604 0.391566008306237 0.426285074326676 0.464791825906264 0.504770245596207 0.547709410212625 0.588860526880793 0.627193445222286 0.656543813170756 0.681003183775668 0.658992319989429 0.634723699135225 0.606116235980766 0.549241571024903 0.477823695995383 0.383103127863518 0.312881111571917 0.302056701622889 -9999 -9999 -9999 -9999 -9999 -9999 -9999 -9999 -9999
0.313976663573965 0.31441706476637 0.292114106938486 0.269436408517296 0.246049323296503 0.227090927855105 0.210376688657496 0.19702099664531 0.183892018032217 0.171146550034964 0.15479542988203 0.136213401781703 0.117983084762903 0.0984765639542393 0.0751474147409031 0.0491047414888392 0.0210304401387323 0.0225412424376512 0.0302424129425097 0.0475797283529661 0.0602566295461391 0.0687327238257109 0.0742937772830183 0.0831274041851225 0.11167919778204 0.141249158251647 0.171922064725187 0.223382664513805 0.278914498215527 0.32538830265362 0.368991523346459 0.408852560429934 0.4527874969529 0.498227782595615 0.545824965406427 0.58848151390706 0.623350974058481 0.660472917922918 0.696877304023722 0.666657711093475 0.63402865447554 0.596769213518475 0.54501754782419 0.485809768494433 0.399975066004027 0.33916154102406 -9999 -9999 -9999 -9999 -9999 -9999 -9999 -9999 -9999 -9999
0.307925858543849 0.30741997937114 0.299849229881723 0.284288589957873 0.253603026538422 0.230361433734702 0.210891934703183 0.19464546058987 0.179692903501947 0.167622947919024 0.151460476906414 0.132765863356833 0.114778268939361 0.0945543422625322 0.0676136089658649 0.0414789318123481 0.0159477526509819 0.0193946041719144 0.0296861505022407 0.0523929450848352 0.0658299266083555 0.070911278573899 0.0781439941568686 0.086777316716294 0.100598640255694 0.124185416119393 0.158350778761544 0.200670540259291 0.24609844445501 0.299481061504447 0.347932353313259 0.389955013831162 0.436887611835154 0.48544926280651 0.534155373235237 0.581111802321266 0.62531050388828 0.664813359611664 0.700322755637241 0.653694834595605 0.60145721440116 0.53843916068653 0.496363385708194 0.465062216621973 0.391548441067781 -9999 -9999 -9999 -9999 -9999 -9999 -9999 -9999 -9999 -9999 -9999
