layers/veg/veg_4800.asc
NCOLS 255 
NROWS 330 
XLLCORNER -2985163.8955 
YLLCORNER -3022031.214 
CELLSIZE 25000 
NODATA_value -9999 
[rows 200 to 224 of 330, columns 112 to 167 of 255]
0.251287593409503 0.243994762621805 0.242986180868824 0.239405337786518 0.230955184400651 0.219716687459732 0.207065249240333 0.191472795665972 0.177167159914014 0.165995747765897 0.15553904554537 0.145524552386809 0.133375228411448 0.121165876282997 0.109210625895679 0.101708611885611 0.0975407567118472 0.0923957285850426 0.0864432566809576 0.0778752398147379 0.0662701453997097 0.0519274882339582 0.042658650087217 0.03593245431562 0.0375070569778908 0.0479163125072705 0.0678958510003666 0.0950733603074142 0.123818558825176 0.150630402238152 0.17975337382402 0.211889205070241 0.240707978245772 0.268006069722645 0.289637882691962 0.310347433714799 0.329603378822391 0.337397023741058 0.339261648545754 0.294398147983759 0.246770384381031 0.193830401150983 0.166385961066546 0.152058738685993 0.151707970396054 -9999 -9999 -9999 -9999 -9999 -9999 -9999 -9999 -9999 -9999 -9999
0.248552924261687 0.241459143133113 0.242586348708365 0.240023677653087 0.230476042010004 0.219841211076145 0.208655464132913 0.194286892947888 0.180415354325122 0.167843469660722 0.156061868677399 0.144769236143802 0.137111183607242 0.127558484989342 0.111702992589557 0.10084717261528 0.0937346306940829 0.0860034819834171 0.0790933714184024 0.0756029491678511 0.0654093662357866 0.0491736843783841 0.042643488640528 0.0391368050809011 0.0419884805113003 0.0510203623622451 0.066747054423447 0.0917401782306018 0.118463636482874 0.140505980935907 0.163653546308587 0.188241912569613 0.217947389708987 0.248437570496032 0.266975506325962 0.282688158963723 0.293947794347478 0.295525191455093 0.292503096389308 0.266468758245685 0.235091274974654 0.193445608104888 0.171717252115143 0.160236165673532 -9999 -9999 -9999 -9999 -9999 -9999 -9999 -9999 -9999 -9999 -9999 -9999
0.243977726754636 0.237799854533312 0.234304076160023 0.230251461137637 0.225144750094004 0.218224159893577 0.210384420139227 0.1956254481863 0.181093362927792 0.167392395687711 0.15330542072954 0.138979613058491 0.132806554230717 0.125549718531562 0.113462567260736 0.101913493830904 0.0907672817891034 0.0842649501124847 0.0780247532394467 0.0705938358535114 0.0608982973024081 0.049161473190883 0.048902989637896 0.0503402586320211 0.0495712915026526 0.0552675517367606 0.0679673758034202 0.0894033340914986 0.112564424081464 0.132026779694098 0.152969838260572 0.175843187951058 0.198712233709474 0.22098928284988 0.235438324815202 0.247331319220833 0.255195647078309 0.256321649351995 0.254608100885081 0.251433205549562 0.235091274974654 0.193445608104888 0.171717252115143 0.160236165673532 -9999 -9999 -9999 -9999 -9999 -9999 -9999 -9999 -9999 -9999 -9999 -9999
0.239726186883929 0.236436987612694 0.230218603672709 0.224590334827391 0.220079158354452 0.21426808539223 0.207798314041093 0.19444110096571 0.181069604442626 0.167964422582438 0.152937858435207 0.136722486596866 0.130791245904441 0.124805779891563 0.116586727727952 0.105775521086506 0.0930235563030725 0.0860792742468923 0.0793601349508828 0.0707606512397234 0.0625131719458226 0.0545829826009898 0.0567220232311871 0.0597375385886274 0.0576562480282419 0.0607078303217139 0.0693196815207225 0.0871500828335028 0.107104269571095 0.125465945251758 0.144813977293398 0.165447854631536 0.183604724619192 0.200631267834878 0.213495977957686 0.223835013475561 0.230193254209767 0.229173575010576 0.225080975344068 0.22084419890394 -9999 -9999 -9999 -9999 -9999 -9999 -9999 -9999 -9999 -9999 -9999 -9999 -9999 -9999 -9999 -9999
0.235819679728562 0.23752220322917 0.23060709737123 0.223311804375309 0.215296814229203 0.207818513205998 0.200612169422096 0.190567233127601 0.180297732591168 0.169627118229642 0.155116949181353 0.138231150789104 0.131216450544806 0.125410201146097 0.121165594309437 0.112617889103286 0.100848434087171 0.0916810929962192 0.0832582821178962 0.0764452253110837 0.0706585612719405 0.0657970677505819 0.066203584464206 0.067209361180075 0.0662765129096919 0.0674199924147125 0.070812688118144 0.0849859451186857 0.102112169323395 0.120950170871381 0.13935290811954 0.157188221082917 0.172897461533114 0.1878317830188 0.201782130235961 0.212982538096205 0.219848680479003 0.214877138663792 0.205405688756988 0.213037658637737 -9999 -9999 -9999 -9999 -9999 -9999 -9999 -9999 -9999 -9999 -9999 -9999 -9999 -9999 -9999 -9999
0.247577566582977 0.243358116364441 0.231649817678829 0.222050031277478 0.216441674702443 0.20773219357356 0.197451275207719 0.187495196894641 0.178425420113998 0.171412080841694 0.159466606520062 0.144469495821964 0.132338489949613 0.123581486333348 0.124165076691606 0.116774187572952 0.1034127684935 0.0967225312607784 0.0911953713706814 0.0869541563660995 0.0798877563713627 0.0702747894652917 0.071619933918686 0.0746660219543502 0.0760303198867869 0.0779651002138355 0.0805178649738185 0.088133149130254 0.0978964034204923 0.114260917733737 0.131196680131536 0.148877139569589 0.161999617774246 0.17365713174972 0.185807683472409 0.195964285053018 0.202978159415726 0.203455965631095 0.201083926873012 0.193448026149719 -9999 -9999 -9999 -9999 -9999 -9999 -9999 -9999 -9999 -9999 -9999 -9999 -9999 -9999 -9999 -9999
0.261449703773896 0.250114703364174 0.234126326175253 0.222335748040202 0.218491635511997 0.20867534382973 0.195832761346975 0.185214063137623 0.17662485764648 0.172680174961497 0.163735911158364 0.151698280394543 0.134194116283301 0.121968154959205 0.126361207449994 0.12015775789989 0.106020657871664 0.101787237030906 0.0990211195876302 0.097176002740377 0.0887855970322123 0.0744953949933986 0.0773987040987117 0.0829413556404214 0.0856927627216857 0.0886375300219719 0.0917917579584369 0.0933089536155036 0.0957275081800626 0.108165281691686 0.122964220383589 0.140841248558599 0.151667818910031 0.160260319728644 0.170039525647285 0.178969628793418 0.186561434487854 0.184400800060433 0.178479066865795 0.184479122490948 0.188425594558923 -9999 -9999 -9999 -9999 -9999 -9999 -9999 -9999 -9999 -9999 -9999 -9999 -9999 -9999 -9999
0.262483030598378 0.255025547407829 0.245926819225212 0.233931710598142 0.21645373171196 0.205653357142148 0.198236734464339 0.187278640241391 0.177340513744652 0.169939324215652 0.163490375933708 0.157630603333215 0.140165336584367 0.126334136109885 0.125526784655007 0.122736898494342 0.118462679357026 0.108036036941498 0.0987255322698879 0.0965679917804975 0.0932948337378394 0.0890160796875729 0.093186325975638 0.0972436390253171 0.0926353757660548 0.0933102253984252 0.0997080939272618 0.103744236341833 0.107154622737765 0.110351136687284 0.119047943939285 0.13491510721287 0.145828908672434 0.155051106158851 0.163489434723807 0.173300175787191 0.185274019137829 0.184400800060433 0.178479066865795 0.184479122490948 -9999 -9999 -9999 -9999 -9999 -9999 -9999 -9999 -9999 -9999 -9999 -9999 -9999 -9999 -9999 -9999
0.264634072862234 0.259376864478934 0.252708639209278 0.240947114913006 0.219543936735498 0.207910175532643 0.201226884828722 0.186545835029566 0.174351665622936 0.168315325085578 0.16338670149384 0.15914345032039 0.144494366959809 0.131793149906332 0.126916855082247 0.125025073330118 0.12536781042854 0.113897290190678 0.102795130806037 0.0986658848372381 0.0968950547819679 0.0972500550526713 0.101560686953439 0.105050505215021 0.100510514435135 0.101137995151386 0.10736322432124 0.11289795524132 0.117733050198249 0.118570813727241 0.122038961496829 0.128936161217179 0.13804199934656 0.147754791986818 0.155864543358137 0.160044277415006 0.158029788196027 -9999 0.178333664559281 -9999 -9999 -9999 -9999 -9999 -9999 -9999 -9999 -9999 -9999 -9999 -9999 -9999 -9999 -9999 -9999 -9999
0.268218684835034 0.263010538319098 0.253053563510506 0.242087544868568 0.229211398558634 0.21693753210554 0.204968859777246 0.182225137577287 0.166611460537541 0.168123787733658 0.163464976159078 0.154987925349657 0.146717142334407 0.138654075528149 0.13116003640766 0.12694005863725 0.125171385863076 0.119261480292094 0.11246346940929 0.104234341059595 0.0993293821904064 0.09742076516652 0.100426879845607 0.104526419706332 0.109581700363925 0.113012429105529 0.114683335275817 0.120407954265856 0.127222960785757 0.134529405527816 0.133889199481136 0.122889488549735 0.127756607502126 0.137781585201973 0.146861124593805 0.153575140613527 0.15656078121943 -9999 -9999 -9999 -9999 -9999 -9999 -9999 -9999 -9999 -9999 -9999 -9999 -9999 -9999 -9999 -9999 -9999 -9999 -9999
0.271352580821574 0.264529130859317 0.254624018470274 0.244338064631583 0.233331175025735 0.222303374086515 0.21126497671772 0.192441773117539 0.176849718652065 0.169144982882668 0.16008824450927 0.150194988018223 0.146150652532651 0.140941897564483 0.131130412403392 0.125318803613147 0.122501920908883 0.120517648571544 0.117558257947994 0.110491260928303 0.10496636018445 0.100831475090485 0.101363309782916 0.1035755622946 0.110017458927742 0.11387863619386 0.114944206777533 0.119757470089208 0.12581825461373 0.134156896796573 0.136357008528434 0.130554738139504 0.130792824050836 0.133394792569252 0.140943185547491 0.145437028044072 0.145116497936957 -9999 -9999 -9999 -9999 -9999 -9999 -9999 -9999 -9999 -9999 -9999 -9999 -9999 -9999 -9999 -9999 -9999 -9999 -9999
0.2747387625706 0.266037593430664 0.256834374498322 0.246932350833785 0.235707484484539 0.226437129653549 0.218157187212167 0.206673800134633 0.19238338783537 0.171674608635775 0.156987827800949 0.146027009269497 0.144871649440782 0.141546997008279 0.129867576828258 0.122907531511072 0.119480904155066 0.120426617502701 0.120720383403355 0.116468926623733 0.111305041903738 0.105318712349147 0.103045980574725 0.102497482162834 0.107316945071592 0.11074055767194 0.112652092477334 0.116381310491437 0.120951638054396 0.128424353221963 0.13527008010693 0.141298445269466 0.137626306886636 0.131591112342122 0.136609265390917 0.139679476943021 -9999 -9999 -9999 -9999 -9999 -9999 -9999 -9999 -9999 -9999 -9999 -9999 -9999 -9999 -9999 -9999 -9999 -9999 -9999 -9999
0.28308988625861 0.275936939809045 0.262099069018481 0.249348451584551 0.238656013042353 0.229932419752032 0.222206502204457 0.212498797656136 0.20163444511981 0.188154169862862 0.171250547338476 0.152228813500002 0.145928811947148 0.139558133991765 0.130413875028646 0.124872792517626 0.122029425014033 0.120057943694925 0.11816970265643 0.116187533334421 0.113507905512818 0.110199602137831 0.105709094910907 0.101549554057259 0.100232958486897 0.101936578581198 0.106911896947866 0.111835618605839 0.116733463709385 0.121533684321407 0.127583067791449 0.135260899405684 0.13822503216195 0.139542678639515 0.13962755053361 -9999 -9999 -9999 -9999 -9999 -9999 -9999 -9999 -9999 -9999 -9999 -9999 -9999 -9999 -9999 -9999 -9999 -9999 -9999 -9999 -9999
0.288387166393786 0.283448900864096 0.267663412667601 0.253944946669277 0.24413936944804 0.234931070316304 0.226025430756722 0.217637605605741 0.209071111294654 0.200064680336035 0.18391715351229 0.163351250530571 0.149928903287457 0.139209902030414 0.134997239909081 0.130613445938571 0.126101524754778 0.121389461584809 0.117338401780648 0.115900030025673 0.114091814088499 0.111950227784421 0.106482563105698 0.100586673473672 0.0956567947318622 0.0961618825795865 0.102554487338567 0.107618167831544 0.112164962986657 0.115336551769382 0.120832404447799 0.129358240929569 0.136512256715422 0.142656374297497 0.141407071527964 -9999 -9999 -9999 -9999 -9999 -9999 -9999 -9999 -9999 -9999 -9999 -9999 -9999 -9999 -9999 -9999 -9999 -9999 -9999 -9999 -9999
0.288951463680868 0.287260785739205 0.273692165892157 0.261920714073028 0.253551315029726 0.242259695935284 0.229487296135904 0.221712926373326 0.213695753260375 0.204893872308044 0.194110032056192 0.182099903587452 0.15849007690105 0.141404393201338 0.145837430662452 0.142205370792707 0.132534934952462 0.125356012345328 0.119171872461982 0.11560305713648 0.112166593996539 0.108849430547616 0.104327373488966 0.0996006188732309 0.0949673665719843 0.0950821045247588 0.100340180979165 0.103909439761267 0.107053510829683 0.110214292761252 0.1155329364738 0.123664636938797 0.131217014426516 0.138169682373142 0.139703996301192 -9999 -9999 -9999 -9999 -9999 -9999 -9999 -9999 -9999 -9999 -9999 -9999 -9999 -9999 -9999 -9999 -9999 -9999 -9999 -9999 -9999
0.284765245651763 0.283758598009554 0.275398206550744 0.266599981347117 0.25697293352715 0.247320038253196 0.237654045262279 0.229738641426672 0.221054016644796 0.210496172020141 0.200795659833999 0.191625600855224 0.184759116768695 0.176407070247315 0.163223271628595 0.151934084306963 0.142063401295999 0.130221123047292 0.119993401609294 0.116846445119598 0.113496644086686 0.10996400291987 0.105099737467553 0.100135484707288 0.0959276468043626 0.0943845974772405 0.0957282241851058 0.0983841631375701 0.101470153114909 0.105302078180165 0.111028068476931 0.119223222014848 0.128163637443302 0.136705251053209 -9999 -9999 -9999 -9999 -9999 -9999 -9999 -9999 -9999 -9999 -9999 -9999 -9999 -9999 -9999 -9999 -9999 -9999 -9999 -9999 -9999 -9999
0.278856500205633 0.277398786959004 0.275228577139181 0.269746303478459 0.257994267720593 0.251425141396027 0.247482358108592 0.239183434151254 0.229431525830623 0.216474707606527 0.206123786438744 0.197385199517861 0.187433995115002 0.177757948610851 0.16913536116553 0.160813857065902 0.152717775470822 0.135645850498035 0.120817264419151 0.11876725562329 0.116056026744093 0.112748786916515 0.107075962026961 0.101356297537242 0.0976569641557599 0.0940074470351541 0.0904118941981431 0.0923599214761548 0.0958752067201417 0.100642230352126 0.106993258865482 0.115409246157354 0.117495363612097 -9999 -9999 -9999 -9999 -9999 -9999 -9999 -9999 -9999 -9999 -9999 -9999 -9999 -9999 -9999 -9999 -9999 -9999 -9999 -9999 -9999 -9999 -9999
0.280377078808771 0.275402919614282 0.271209841397251 0.2664275456325 0.260529856558583 0.254508308706921 0.248423997721406 0.241991524451055 0.234498975611779 0.224545034289402 0.213984669065988 0.203049094076934 0.193689691104137 0.184435581461476 0.175173111785579 0.166641578381881 0.158657300372748 0.147711964036877 0.135932459443888 0.122370921537958 0.115210159230103 0.113818931802877 0.109372503107039 0.104826358097862 0.102686604945079 0.0992875530151222 0.0945243449813902 0.0946733286405453 0.0965085356295098 0.101718286677257 0.107977476940812 0.115604749302272 -9999 -9999 -9999 -9999 -9999 -9999 -9999 -9999 -9999 -9999 -9999 -9999 -9999 -9999 -9999 -9999 -9999 -9999 -9999 -9999 -9999 -9999 -9999 -9999
0.275895577974576 0.276113781472775 0.268655740780548 0.263167185254873 0.261406880161952 0.256600200443462 0.250249826996707 0.244571308142738 0.238415922474386 0.231117250224189 0.221293542146584 0.209907530704264 0.19920733509137 0.189207390500403 0.181127673522618 0.173022162782401 0.164897340132001 0.157775738339529 0.148548894761954 0.130828398937666 0.120023632157815 0.115452569299546 0.111698063669793 0.108411585498301 0.106765325031736 0.10357607177118 0.0987153461990828 0.0980711175011296 0.0989340541883826 0.103148678079952 0.105533745571499 -9999 -9999 -9999 -9999 -9999 -9999 -9999 -9999 -9999 -9999 -9999 -9999 -9999 -9999 -9999 -9999 -9999 -9999 -9999 -9999 -9999 -9999 -9999 -9999 -9999
0.260082259276613 0.281934899311322 0.268866844898174 0.260017078245556 0.259152562477669 0.256820581751218 0.253744990428101 0.24672005307072 0.240160740550486 0.234861060051672 0.227560231146318 0.219021241239485 0.203331550193352 0.190381038511961 0.186925176146997 0.180446542727955 0.171704746528789 0.164059132231878 0.156447716763342 0.148449784990667 0.135521837899217 0.118150070694424 0.114078412493119 0.112214245817844 0.109048723960458 0.105992491709703 0.1030546492221 0.103516199471439 0.104743194523268 0.105248047726541 -9999 -9999 -9999 -9999 -9999 -9999 -9999 -9999 -9999 -9999 -9999 -9999 -9999 -9999 -9999 -9999 -9999 -9999 -9999 -9999 -9999 -9999 -9999 -9999 -9999 -9999
0.250909328080509 0.268932847311474 0.265652432375334 0.263159385796038 0.262156833517988 0.258504267144522 0.253508855375559 0.24790105183762 0.242785096618852 0.2388448403528 0.232694068942133 0.225175596047509 0.222083041007402 0.215181156739074 0.196188227143097 0.182938982748345 0.173990062240383 0.166168531604757 0.159666766355842 0.1576615966489 0.148837875278725 0.133868043792109 0.124419598004348 0.116728184247708 0.11284528732882 0.110134704127482 0.108694049034015 0.107632675647674 0.106779338269012 -9999 -9999 -9999 -9999 -9999 -9999 -9999 -9999 -9999 -9999 -9999 -9999 -9999 -9999 -9999 -9999 -9999 -9999 -9999 -9999 -9999 -9999 -9999 -9999 -9999 -9999 -9999
0.24509223004776 0.246418185156655 0.260706876550922 0.269481672444341 0.267818622124791 0.260927458233388 0.251387044947708 0.248592983564358 0.245853942223716 0.242949893828642 0.237255401046346 0.229834389927997 0.224152602771866 0.215181156739074 0.196188227143097 0.182938982748345 0.173990062240383 0.166168531604757 0.16052081308634 0.162623486350658 0.161051116630923 0.156166134500483 0.138783928212754 0.121601579210841 0.117406554173708 0.115149075230781 0.114990474948478 0.111077718208999 -9999 -9999 -9999 -9999 -9999 -9999 -9999 -9999 -9999 -9999 -9999 -9999 -9999 -9999 -9999 -9999 -9999 -9999 -9999 -9999 -9999 -9999 -9999 -9999 -9999 -9999 -9999 -9999
0.241241119216821 0.241914699307609 0.23955241237938 0.245174121508634 0.265909596032997 0.267978088155396 0.260587433849219 0.256469886953732 0.25285380509334 0.250266824436189 0.243223906244287 0.233423987091077 0.227567766855657 0.22242145713617 0.218566697745445 0.216916289652371 -9999 -9999 -9999 -9999 0.161267082552115 0.156560430131085 0.139037931692772 0.121687755124523 0.117487210746975 0.115237744016019 0.115101814222273 -9999 -9999 -9999 -9999 -9999 -9999 -9999 -9999 -9999 -9999 -9999 -9999 -9999 -9999 -9999 -9999 -9999 -9999 -9999 -9999 -9999 -9999 -9999 -9999 -9999 -9999 -9999 -9999 -9999
0.235131310378917 0.237708587849373 0.225319012346775 0.227518973303201 0.257337037985817 0.267434805482808 0.267539678859203 0.262450823149612 0.258156647734706 0.255944986627589 0.248676164835926 0.238278350153306 0.231530375860083 0.225381989761085 0.22026010383579 0.217621142329491 0.216841157910903 -9999 -9999 -9999 -9999 -9999 -9999 -9999 -9999 -9999 -9999 -9999 -9999 -9999 -9999 -9999 -9999 -9999 -9999 -9999 -9999 -9999 -9999 -9999 -9999 -9999 -9999 -9999 -9999 -9999 -9999 -9999 -9999 -9999 -9999 -9999 -9999 -9999 -9999 -9999
0.223677395812342 0.233439930752188 0.227888019575325 0.226645111382862 0.233559178685393 0.24900736581321 0.268780059566045 0.263713785832793 0.259341417888236 0.257670931125956 0.252866812273482 0.246123836195636 0.23671183765034 0.228397275452352 0.223847186126913 0.220150236665128 0.217092036996535 -9999 -9999 -9999 -9999 -9999 -9999 -9999 -9999 -9999 -9999 -9999 -9999 -9999 -9999 -9999 -9999 -9999 -9999 -9999 -9999 -9999 -9999 -9999 -9999 -9999 -9999 -9999 -9999 -9999 -9999 -9999 -9999 -9999 -9999 -9999 -9999 -9999 -9999 -9999
