layers/veg/veg_4400.asc
NCOLS 255 
NROWS 330 
XLLCORNER -2985163.8955 
YLLCORNER -3022031.214 
CELLSIZE 25000 
NODATA_value -9999 
[rows 200 to 224 of 330, columns 57 to 113 of 255]
-9999 -9999 -9999 -9999 -9999 -9999 -9999 -9999 -9999 -9999 -9999 -9999 -9999 -9999 -9999 -9999 -9999 -9999 -9999 -9999 0.291642939711898 0.301154109862283 0.219820098136276 0.150585146488024 0.133240189558236 0.120207774392523 0.110358900447962 0.133986722170997 0.155482731063314 0.154109778473904 0.169811078016554 0.200690949750426 0.197166054180944 0.190262900956799 0.197568008277663 0.210292141904485 0.228805867889881 0.243096656897628 0.25594915457915 0.265910919408482 0.27587030526166 0.285826633069652 0.291765890653349 0.296108256271766 0.29670740849908 0.295085988405002 0.29001510912112 0.285311821376443 0.281271976068431 0.295249045672276 0.304197974542628 0.303630862674506 0.302996227991672 0.302327385639417 0.300354512633904 0.297902747288365 0.294389039610006
-9999 -9999 -9999 -9999 -9999 -9999 -9999 -9999 -9999 -9999 -9999 -9999 -9999 -9999 -9999 -9999 -9999 -9999 -9999 -9999 0.272577553940021 0.251398702427442 0.205400956326094 0.16490123869346 0.14490743885519 0.122685138964908 0.0988177485073816 0.138350894784894 0.174816345415992 0.171589066831884 0.180335671290573 0.19972675064448 0.198884191574341 0.195481420919608 0.197541951112424 0.208296429469663 0.228339369077447 0.243661574485707 0.256186116638823 0.256714292320846 0.264549486017747 0.281777456191785 0.287957449805414 0.290349269882172 0.290044255560095 0.287037884234694 0.279835197999716 0.281926423512313 0.287981618425337 0.299711772722616 0.306857680653921 0.305327643044714 0.30052468219707 0.294063628797167 0.298575127262901 0.300812792460276 0.297263829826406
-9999 -9999 -9999 -9999 -9999 -9999 -9999 -9999 -9999 -9999 -9999 -9999 -9999 -9999 -9999 -9999 -9999 -9999 -9999 0.196991893436185 0.202261810623323 0.210744926284893 0.191460335818805 0.169204150191078 0.143554063569632 0.11990499077855 0.0977330770183947 0.131218587560704 0.163404084216277 0.165942250517273 0.17669684480392 0.19475563281862 0.198311057615125 0.199266280311298 0.200278316490251 0.206277766505865 0.217605681711991 0.229417725978255 0.240848693257277 0.248589191906159 0.257887196638128 0.269187291206256 0.278971857003302 0.287076771006896 0.280212116699718 0.273395078045262 0.266652006020615 0.275624383126807 0.290843959686979 0.299658919690823 0.305292831839076 0.304906430995056 0.302597737408375 0.299315192909937 0.299913059252003 0.299566584628486 0.296846220639648
-9999 -9999 -9999 -9999 -9999 -9999 -9999 -9999 -9999 -9999 -9999 -9999 -9999 -9999 -9999 -9999 -9999 -9999 0.195863091201185 0.196491621530887 0.190540553181931 0.180577741254112 0.177032404318829 0.167369439583448 0.138847667638599 0.117108163959212 0.100375366713579 0.123506479124067 0.147036076350406 0.154292240362025 0.167991216599746 0.187417687648486 0.194183407854217 0.198326355943874 0.200738636488725 0.203439324311454 0.206448141395399 0.213610936562129 0.223047504067357 0.241655196593877 0.253752047573606 0.257479563866801 0.269282762445469 0.281746366234451 0.269642492000777 0.26055435340661 0.256150888630763 0.270739684208537 0.292657038122483 0.299065110639873 0.303650242886807 0.304785357563248 0.305386994780888 0.305718367486715 0.301642957485072 0.298146135298761 0.296191780404757
-9999 -9999 -9999 -9999 -9999 -9999 -9999 -9999 -9999 -9999 -9999 -9999 -9999 -9999 -9999 -9999 -9999 -9999 0.19558028832119 0.195276082222464 0.187741204317938 0.17579760749232 0.159752240425979 0.14381651687922 0.128963171416993 0.118884338336973 0.112330075640547 0.123086431719197 0.133200697455867 0.133206887196457 0.146579166157254 0.171833555594931 0.17437148904888 0.175110780646451 0.187410158683748 0.196535948941721 0.202271133854923 0.203130265824113 0.20676133678522 0.239707954782437 0.258084908594591 0.25773334705909 0.260672810846204 0.263958603536582 0.258204199068451 0.25666542901285 0.261675267496163 0.275501127867711 0.292648474180643 0.299774573093458 0.305361563466297 0.308035703872587 0.307720594712136 0.305891104650461 0.302565432288251 0.299538205070151 0.297272913550769
-9999 -9999 -9999 -9999 -9999 -9999 -9999 -9999 -9999 -9999 -9999 -9999 -9999 -9999 -9999 -9999 -9999 -9999 -9999 0.194353151954727 0.182608758052897 0.163703517551694 0.141018135305774 0.12201334396813 0.114339612349024 0.111518535275551 0.11227971354549 0.119541014050161 0.125038126284234 0.12105665521095 0.131904467313523 0.155935131788659 0.154830847533198 0.153445096051576 0.173469365953213 0.187247544189063 0.194352507987952 0.194425303633901 0.197213844400833 0.232837663380991 0.254845925244515 0.259352124796462 0.255291642081704 0.249177794577679 0.252098871175795 0.257595654019038 0.267093564630963 0.281355917110331 0.297325380488335 0.304791581787225 0.310651422848268 0.31347113630067 0.311020418539663 0.305899652596799 0.303023424938771 0.300531326316538 0.298839051830404
-9999 -9999 -9999 -9999 -9999 -9999 -9999 -9999 -9999 -9999 -9999 -9999 -9999 -9999 -9999 -9999 -9999 -9999 -9999 -9999 0.175000458949027 0.143847951746277 0.120741126527272 0.102066982946093 0.0946870209756354 0.0944513837898608 0.0994897250821191 0.112678993809174 0.122895465425211 0.118388258458295 0.124379358998885 0.139703185632299 0.135578081974775 0.133424135459248 0.158878792529416 0.175428177048914 0.182463325061808 0.187604700428033 0.19481734681334 0.220743095317265 0.243571798409711 0.262419417121313 0.253336815973889 0.23758792610309 0.251652816928084 0.263639898147293 0.272399289202895 0.288370950569667 0.306974447329635 0.314379702935344 0.319738781404088 0.321225353905808 0.31534558669078 0.30573396506551 0.302988515125927 0.301101088539107 0.300919871295825
-9999 -9999 -9999 -9999 -9999 -9999 -9999 -9999 -9999 -9999 -9999 -9999 -9999 -9999 -9999 -9999 -9999 -9999 -9999 -9999 0.136287154938708 0.136331016384957 0.114788704521822 0.0952953021676461 0.0857471898133866 0.0832164328670254 0.0858659249308027 0.0995827692041563 0.110274393397835 0.104747401997572 0.111538485807652 0.129280022521376 0.129162378015464 0.129386794297644 0.147558041705362 0.160578402024454 0.168095645206913 0.17784581400472 0.188701507883634 0.203627246858659 0.223652717330307 0.250233616835204 0.251532396195523 0.245339218055348 0.247786615424134 0.256036922057171 0.27330152581367 0.290250333339388 0.306819906398166 0.314608981403575 0.320499369802626 0.322796386406148 0.320233199324798 0.315207789042579 0.313210731687828 0.31096056123214 0.3079878823707
-9999 -9999 -9999 -9999 -9999 -9999 -9999 -9999 -9999 -9999 -9999 -9999 -9999 -9999 -9999 -9999 -9999 -9999 -9999 -9999 0.133240535399866 0.1342659154591 0.113029380567769 0.0930348029658799 0.0807821478958213 0.0746982914517148 0.073168274897186 0.0855897998546392 0.095479369410956 0.0897058460246122 0.0986569341797848 0.120697824309415 0.12582925763981 0.129042086491628 0.137935415227425 0.14580841774188 0.152591321673895 0.165399303775312 0.178697043308965 0.184610246047673 0.201257074688424 0.23170139892612 0.246817608537568 0.255405779411578 0.244239643248263 0.247500346852143 0.273171847229156 0.290246554859202 0.303671587382382 0.312443067860123 0.319360200163842 0.322767873663083 0.324727097642844 0.325952523978845 0.324649615100861 0.321877371890126 0.315783014214222
-9999 -9999 -9999 -9999 -9999 -9999 -9999 -9999 -9999 -9999 -9999 -9999 -9999 -9999 -9999 -9999 -9999 -9999 -9999 -9999 0.132355548597949 0.131956343576807 0.116221431930141 0.100074683036065 0.0856024098334789 0.0755157444139377 0.0686665579385874 0.0761709296031333 0.0835388085234549 0.0840025613185107 0.0949243045757925 0.115142933106776 0.122038957550714 0.127072983589671 0.134815146198809 0.137000657058954 0.13324953895868 0.138687542214314 0.147107647286947 0.160730522511007 0.176264700621009 0.194255755223066 0.220735389943756 0.24789711562819 0.249083229268563 0.256440435647459 0.273383879030639 0.285713676608483 0.296235139140466 0.309538628234196 0.319240858682566 0.32212750345117 0.325367336207942 0.328786097197999 0.326686828407042 0.3239560593981 0.319989678381698
-9999 -9999 -9999 -9999 -9999 -9999 -9999 -9999 -9999 -9999 -9999 -9999 -9999 -9999 -9999 -9999 -9999 -9999 -9999 -9999 0.129659946887128 0.129980153592766 0.117338340283118 0.103076974057416 0.0865604092576897 0.0741320972864454 0.0647217552535772 0.0675691650090412 0.0718465226996575 0.075998268395843 0.0896070780653449 0.111622975033649 0.113565367125841 0.113457437226203 0.121239448441824 0.123243672578091 0.119075010657813 0.12260237115851 0.129205511562759 0.144425559327839 0.158322592428645 0.170518961730322 0.198430599020932 0.230091961374814 0.244963887532047 0.25914929111876 0.272268243697744 0.282344290528717 0.291335235634533 0.305938818713043 0.317109636948261 0.321783753554431 0.326317758152484 0.330780780738366 0.328251838388188 0.325379032929327 0.322006343130503
-9999 -9999 -9999 -9999 -9999 -9999 -9999 -9999 -9999 -9999 -9999 -9999 -9999 -9999 -9999 -9999 -9999 -9999 -9999 -9999 0.129164809308352 0.128687980842471 0.115805987516283 0.100924619044039 0.0825875957860813 0.069938384123936 0.0614879451726468 0.0600105700852643 0.0604712008009063 0.0650563602934383 0.0822668531611262 0.110700943559814 0.0991127868466756 0.0849732915869161 0.0943156774698069 0.103168190469943 0.11149733190136 0.120083789457825 0.128777413232457 0.137791022715556 0.149381307400066 0.16428376870324 0.180948315374163 0.199141644716157 0.229401895376574 0.253902953093 0.26945762305384 0.28046029343552 0.28967364838791 0.301451255230366 0.312409919400441 0.321818688242216 0.3276641801623 0.331704483724738 0.329214003214087 0.325964879796777 0.321227113675372
-9999 -9999 -9999 -9999 -9999 -9999 -9999 -9999 -9999 -9999 -9999 -9999 -9999 -9999 -9999 -9999 -9999 -9999 -9999 -9999 0.124763069305733 0.124982463006448 0.113899384720101 0.100597295356791 0.082999611117989 0.0736645878418044 0.0704291047463169 0.0649764596531541 0.0608999249145057 0.0629458006429333 0.0721877489389829 0.0878268211685507 0.0820462000516899 0.0755504033506345 0.0849022944984744 0.0951490366194958 0.106351821775536 0.117096628651506 0.127852081603519 0.139521508909627 0.150960513667714 0.162103322702124 0.17374030189707 0.186365232189178 0.209412425815708 0.23394878296846 0.260798421594262 0.277049485755247 0.288882083631336 0.297823558249298 0.306820255274589 0.315921463829225 0.323616506551487 0.330599172928799 0.331227067983554 0.330325483183569 0.326127260199114
-9999 -9999 -9999 -9999 -9999 -9999 -9999 -9999 -9999 -9999 -9999 -9999 -9999 -9999 -9999 -9999 -9999 -9999 -9999 -9999 0.11928408065828 0.120618235179507 0.111865220235065 0.100807635607585 0.0849805493282806 0.079659740628829 0.0820947218060045 0.0733293205859886 0.0650393521754308 0.0635133689573617 0.0618403417927213 0.0600365963312529 0.0653006250249257 0.0722359648276436 0.0811824722619191 0.0911169700060178 0.102107019213635 0.113857745949945 0.126372502099079 0.143127686665598 0.155100440138742 0.160925637086649 0.169689217018945 0.179409684151523 0.189210105101565 0.210288222307796 0.248885225350775 0.271750351837527 0.287905595285581 0.294453341806344 0.301254584372788 0.308535582543859 0.317961076140129 0.328472990539405 0.332930592830462 0.335119805660785 0.33227355690358
-9999 -9999 -9999 -9999 -9999 -9999 -9999 -9999 -9999 -9999 -9999 -9999 -9999 -9999 -9999 -9999 -9999 -9999 -9999 -9999 0.11820165021391 0.117793389754195 0.109737719547593 0.100436695733228 0.0889684159458727 0.0823426695567796 0.0792917070263853 0.0739741884183554 0.0682827611824205 0.0622059890959473 0.0589798297203396 0.0582877919265402 0.0627879373081438 0.0689039305020286 0.0784548951225067 0.088590104245154 0.0993495099142509 0.109372014297008 0.120043451382168 0.136839685155018 0.149273926930366 0.156101063899874 0.163963216152018 0.172397809737013 0.183823123979239 0.199007839042768 0.220032444834587 0.249270566537033 0.281233022287386 0.29086033595248 0.299486992098376 0.306219847290269 0.313794916751074 0.321796659587622 0.326695526165959 0.330380877153594 0.331366520024025
-9999 -9999 -9999 -9999 -9999 -9999 -9999 -9999 -9999 -9999 -9999 -9999 -9999 -9999 -9999 -9999 -9999 -9999 -9999 -9999 0.116321668004496 0.116191250130496 0.108183279652071 0.099584686644859 0.0907519086570708 0.0832380508589432 0.0766978269456336 0.0733493577632401 0.069580706243866 0.0628222491312979 0.0599469604025723 0.0605237087639021 0.062043899054316 0.0649505006245596 0.0739937981883182 0.0844415340180473 0.0963897469803218 0.106073356233692 0.115992926115132 0.131782316784932 0.144307113496302 0.152635451231152 0.160095803288214 0.167557328874637 0.178567532464649 0.189446556474492 0.200121804816248 0.231006975970641 0.26949377175843 0.284566082318654 0.296731648377069 0.303396036055309 0.309519483948887 0.315368886848793 0.321493621782154 0.326538763973575 0.329050475171027
-9999 -9999 -9999 -9999 -9999 -9999 -9999 -9999 -9999 -9999 -9999 -9999 -9999 -9999 -9999 -9999 -9999 -9999 -9999 -9999 0.116502648553223 0.116663559531808 0.107512759316805 0.0979906507173233 0.0891352573672282 0.0813762232689289 0.0744265273897655 0.0707660763739638 0.0678778638506536 0.0664056340433202 0.0668180516209366 0.0689058723826107 0.0640279201573714 0.0600385970726468 0.0668588277729584 0.0777915602421312 0.0931180172424883 0.104605703850873 0.115456920148631 0.128623142672182 0.140666346892064 0.151265971818092 0.159095175787319 0.166066121354124 0.1735146032957 0.182536906600782 0.194003999707647 0.219246669257679 0.249939407304629 0.274105279893937 0.292452744089682 0.299788541301362 0.305075502000363 0.309324503567731 0.317885322058893 0.32407994663365 0.324561101195221
-9999 -9999 -9999 -9999 -9999 -9999 -9999 -9999 -9999 -9999 -9999 -9999 -9999 -9999 -9999 -9999 -9999 -9999 -9999 -9999 0.122666747259146 0.122098044428014 0.111879787683787 0.100833203734356 0.0891970771102973 0.0801795505932218 0.0730950885746154 0.0692039492657553 0.0664510852412962 0.066522714883216 0.0679984949225734 0.070722528648827 0.0689769935580248 0.0675185283815622 0.0715678297826281 0.0774507252286541 0.0852926002905859 0.0939502989733198 0.103786532690904 0.120816045457845 0.135201715878279 0.146188869947588 0.154760564028837 0.162508386785645 0.169721352662521 0.177914648709743 0.187630799420407 0.206043171680473 0.228152983182167 0.255165164352362 0.277387061203909 0.290543074035644 0.299629185914706 0.306653449114028 0.31529325302657 0.321846135505629 0.323454751960878
-9999 -9999 -9999 -9999 -9999 -9999 -9999 -9999 -9999 -9999 -9999 -9999 -9999 -9999 -9999 -9999 -9999 -9999 -9999 -9999 0.13253943933858 0.129584677394229 0.118172365525465 0.105339635682692 0.0899855320340898 0.079346249258122 0.0721874722765381 0.0680938927494019 0.06516631535494 0.0652237702015426 0.0668409129645222 0.0698445782792014 0.0749255194114428 0.0796709163528564 0.0808369218905027 0.079745362150545 0.0762418593894164 0.0802283209267775 0.0881154917239406 0.111072361263652 0.12875515577106 0.139658412059016 0.149191768178385 0.158222264325102 0.166501228614427 0.174294019734519 0.181331584604921 0.19259475173202 0.205974784702232 0.232982650920946 0.257906442563869 0.278886005193246 0.293572214701824 0.305070154526658 0.313050655691246 0.319739019174226 0.323562024777052
-9999 -9999 -9999 -9999 -9999 -9999 -9999 -9999 -9999 -9999 -9999 -9999 -9999 -9999 -9999 -9999 -9999 -9999 -9999 -9999 0.134801076804383 0.135486928464697 0.120546342385435 0.105338913108585 0.0922788167323712 0.0816011883786142 0.0726823105651428 0.0682296933163453 0.0648723841900606 0.063612124599689 0.0647295367764558 0.0679606381669819 0.0741430178795398 0.0800629714315119 0.0819785214597376 0.0845294105790605 0.0877590848046443 0.0883685148811858 0.0895427973624579 0.0996585275931933 0.114317736149637 0.134817340371617 0.147544566071301 0.157576402251104 0.165328803371218 0.173100257587756 0.180901309074295 0.190403695473711 0.200778701119186 0.217354032099172 0.237174805413539 0.263137761913557 0.280777083715578 0.294199576800571 0.30872984822395 0.318801310539984 0.318410762716087
-9999 -9999 -9999 -9999 -9999 -9999 -9999 -9999 -9999 -9999 -9999 -9999 -9999 -9999 -9999 -9999 -9999 -9999 -9999 -9999 0.170960358835545 0.145494989928688 0.124433802154228 0.10590112327791 0.0938455114681979 0.0824469508970778 0.0715334290379054 0.066746278501144 0.0632540818591458 0.0618642462202775 0.0625040846344308 0.064948251220627 0.0713265542434125 0.0778460221247302 0.0815042404260829 0.0873492858471955 0.0955306988862629 0.0957042763548425 0.0944744481298656 0.0975161598984191 0.107552295020154 0.12657938308728 0.141877495561787 0.155544800545293 0.163869090214014 0.172112931720783 0.180231804250464 0.188346992094048 0.196503975115046 0.206181624828889 0.221120230568087 0.246015493154047 0.265503921853317 0.282253199541181 0.300585723431284 0.312912655322627 0.311144299905837
-9999 -9999 -9999 -9999 -9999 -9999 -9999 -9999 -9999 -9999 -9999 -9999 -9999 -9999 -9999 -9999 -9999 -9999 -9999 0.186780063603571 0.175663000271481 0.157767589259465 0.131164345872403 0.107520804950943 0.0940473039325861 0.0806455692980143 0.0672968129888876 0.0622211608449478 0.0591479427755156 0.0598604540006789 0.0600643403376552 0.05981607219525 0.0646892843210327 0.0707280472108172 0.0779945209481567 0.0864794536508288 0.0962661664735145 0.101528908062149 0.105989025820963 0.11279027966381 0.115198697449171 0.111960362057703 0.128659085511571 0.150910081168147 0.161869705513535 0.171513397265406 0.179112906202722 0.186542671156635 0.193960023161247 0.203380229522616 0.213851536746948 0.22631211180652 0.245575768667012 0.26828592837671 0.285259481115003 0.297723626323293 0.299904423676151
-9999 -9999 -9999 -9999 -9999 -9999 -9999 -9999 -9999 -9999 -9999 -9999 -9999 -9999 -9999 -9999 -9999 -9999 0.186021343747937 0.18611919091124 0.176451459548188 0.160829414121261 0.137164373941775 0.114227853232652 0.0948961823873641 0.0780708509932906 0.0630957126857193 0.0573948399146338 0.054271805140634 0.0566354363809322 0.0589458934593808 0.0612090800718611 0.0679571323639834 0.0749677410758328 0.079229225483869 0.0861853041670127 0.0960202399628203 0.103811717419123 0.111013338395595 0.117597923499748 0.119899000636163 0.116693859942395 0.125206114975346 0.137308205801422 0.146885411808106 0.158712860187626 0.174035857510762 0.184589729956665 0.193161319313404 0.200640188473944 0.208291079191123 0.216267530434079 0.230880774025629 0.248856276723917 0.270450710852608 0.286481391623468 0.289360453322416
-9999 -9999 -9999 -9999 -9999 -9999 -9999 -9999 -9999 -9999 -9999 -9999 -9999 -9999 -9999 -9999 -9999 -9999 0.185852355565369 0.185392848313265 0.175271915573469 0.159260173446068 0.142797107615134 0.123492767658495 0.0960704078191692 0.0751073083852324 0.0589124692682209 0.0524170776362451 0.0490085215859125 0.0527964014619272 0.0584917788758053 0.0658828726735757 0.0762051534209979 0.0849179328625769 0.0828493687920121 0.086180600959328 0.0952808804188338 0.104313741514228 0.112774424494753 0.117143150355025 0.123118040905012 0.131157569298404 0.126663088824262 0.119197753310375 0.125372463558342 0.139777807174014 0.166968698747129 0.182562064293694 0.193240105016976 0.197930995600838 0.203589502082754 0.21107927638177 0.218816947943265 0.226680206502894 0.255902119254145 0.277223557163123 0.279166375991245
-9999 -9999 -9999 -9999 -9999 -9999 -9999 -9999 -9999 -9999 -9999 -9999 -9999 -9999 -9999 -9999 -9999 -9999 0.184270702942169 0.18417955575568 0.171129390769704 0.150177793039191 0.131702972265935 0.11128997251523 0.0848193234996988 0.065442246551193 0.0513016821551504 0.043327061512403 0.0388477270847919 0.0446631172064543 0.0518827161152933 0.0603506206180088 0.0712476864603919 0.0818446959575033 0.0887217144579874 0.0934937660626419 0.0960169080722739 0.103642322575183 0.112108693866904 0.117461238392081 0.123575142753966 0.130667734009782 0.132220393790598 0.132475147438877 0.138949846019398 0.145224899076559 0.15118982078667 0.167378438678801 0.187439272211417 0.196594447211498 0.204087544914251 0.208435067321844 0.21474327827601 0.222044791803908 0.234482536490395 0.24896341166788 0.267993452014072
