layers/veg/veg_1200.asc
NCOLS 255 
NROWS 330 
XLLCORNER -2985163.8955 
YLLCORNER -3022031.214 
CELLSIZE 25000 
NODATA_value -9999 
[rows 200 to 224 of 330, columns 57 to 113 of 255]
-9999 -9999 -9999 -9999 -9999 -9999 -9999 -9999 -9999 -9999 -9999 -9999 -9999 -9999 -9999 -9999 -9999 -9999 -9999 -9999 0.187172779777181 0.191766357918152 0.153285281375131 0.0912601565383356 0.0621315209942771 0.0388686014033817 0.0274302623166589 0.0413684817777755 0.0721774568305927 0.0844206833958557 0.0951913069008408 0.10651167549314 0.109731965508109 0.106450983109 0.121468706593535 0.137828412924265 0.148567040342209 0.157555329363689 0.164854031476284 0.153499004821047 0.139207826423892 0.130641047194899 0.12494262417256 0.122572174702103 0.119012919271976 0.115559610618228 0.116106942357082 0.119141420351878 0.125653218705967 0.127203893963353 0.126585193858636 0.119167777826385 0.112093490357341 0.105600760506745 0.0995369643407086 0.0936838076860808 0.0902147133777959
-9999 -9999 -9999 -9999 -9999 -9999 -9999 -9999 -9999 -9999 -9999 -9999 -9999 -9999 -9999 -9999 -9999 -9999 -9999 -9999 0.203212728713889 0.202601219185007 0.159193550005046 0.0923940543088846 0.0573132606682893 0.0296841161236756 0.0180144359958231 0.037558762483391 0.077854676529758 0.0942589390518435 0.106561885966696 0.112458432399059 0.112388375553554 0.107529412905986 0.1198671073876 0.133762173995252 0.143630925857699 0.151405768854511 0.157159379262859 0.145416307942639 0.130865446681617 0.121366615553294 0.117825043953997 0.121195306424789 0.116572959583712 0.11069521010409 0.113799848589858 0.117696565004867 0.122700698686919 0.125505637509472 0.127084299586253 0.120925470174605 0.114067047009571 0.106022904785477 0.100238699589659 0.0954627880116242 0.0891128078786999
-9999 -9999 -9999 -9999 -9999 -9999 -9999 -9999 -9999 -9999 -9999 -9999 -9999 -9999 -9999 -9999 -9999 -9999 -9999 -9999 0.204330912018264 0.207122710757043 0.158501155791113 0.0817777276598844 0.0398819736847186 0.00898416066118534 0.00275708677878728 0.0293906994090781 0.0778706396131393 0.104261615434298 0.122515078196074 0.120833499515451 0.118896561784031 0.116754668170173 0.124540819521446 0.132835421531485 0.137148752978964 0.139986139774283 0.141398809630544 0.134094150650767 0.124604355874938 0.112991340896146 0.11191968085154 0.123078492859395 0.116419998357342 0.106508194223928 0.112480015170571 0.116893213186516 0.119127274677445 0.122468621107401 0.125789359302761 0.121616552036823 0.115969918210676 0.107825342923891 0.102841136084174 0.099244600104296 0.0903333434188463
-9999 -9999 -9999 -9999 -9999 -9999 -9999 -9999 -9999 -9999 -9999 -9999 -9999 -9999 -9999 -9999 -9999 -9999 -9999 0.242194993443278 0.236450051128225 0.218964716119612 0.176007544299677 0.11912779642158 0.0650341248171276 0.0246189108236625 0.018661238817471 0.0387917791831883 0.0762661943663335 0.0992166408365656 0.116699063721964 0.120695117385662 0.121067555315581 0.118531612445938 0.118810609883241 0.119960261625548 0.123062139809108 0.124838759795 0.125336119206941 0.131096269758288 0.134757684024095 0.119528142355966 0.114918054259454 0.122629051159224 0.118453322509453 0.111581023851941 0.110515199449664 0.111488574714321 0.115312988795675 0.116738805619331 0.117282933134977 0.117523903490532 0.115765932028058 0.110620018063072 0.104017639385221 0.0967591480627952 0.0896383531344838
-9999 -9999 -9999 -9999 -9999 -9999 -9999 -9999 -9999 -9999 -9999 -9999 -9999 -9999 -9999 -9999 -9999 -9999 0.232475231070188 0.236225906274322 0.233914682645277 0.219215332405514 0.185488152673483 0.141360607813089 0.0826497578490731 0.0389369819036806 0.0346483274772156 0.0483816744303317 0.0740963458004299 0.0943719505772023 0.111447785959317 0.119758465998809 0.120296562779938 0.114596240928296 0.113080673984963 0.112789093534467 0.115101390691107 0.115569552713389 0.114257586625862 0.128488472035734 0.141181691931287 0.125590553008966 0.117800572605674 0.11906178645962 0.117273091944504 0.114245419773882 0.107726654736213 0.106085177422577 0.111262716827557 0.111826971709282 0.110947603214107 0.113986265099746 0.114485468280359 0.110680624188293 0.103134805525341 0.093932799301988 0.0891307506993306
-9999 -9999 -9999 -9999 -9999 -9999 -9999 -9999 -9999 -9999 -9999 -9999 -9999 -9999 -9999 -9999 -9999 -9999 0.232402577414426 0.229253890723715 0.223240416842464 0.211372449607592 0.175096927654738 0.125480552450037 0.0803336859597105 0.0483319741416897 0.0492774938432334 0.057541626250754 0.0706712933603141 0.090750881924635 0.108616480526604 0.117360092961178 0.112790148882773 0.0975344988738923 0.107870185568627 0.119691861345147 0.121994815191682 0.120375928548466 0.114971322318911 0.126387315174471 0.137975067785251 0.129788408950063 0.119965341256075 0.108243651142206 0.108390444097501 0.110757111590673 0.10302386088445 0.100914160131528 0.106666837675585 0.108982247601542 0.110102022987622 0.111998620269704 0.110766426564975 0.104231345167326 0.097457013022379 0.0906134589731918 0.0891614515032052
-9999 -9999 -9999 -9999 -9999 -9999 -9999 -9999 -9999 -9999 -9999 -9999 -9999 -9999 -9999 -9999 -9999 -9999 -9999 0.22267647580781 0.218606660316946 0.206219749643443 0.158230792978146 0.0907822191357091 0.0574675186339481 0.0370500264834638 0.0461883585726412 0.0567556937608587 0.0682730538304343 0.0889308160231995 0.10825404179803 0.120665889494743 0.11242344532032 0.0876034856696999 0.102829292525437 0.120487456927624 0.123704586101782 0.122493437845388 0.117007710690033 0.126176471070285 0.136330230640544 0.134186385078519 0.125079001349254 0.10789226164797 0.104872686359573 0.105535451761071 0.103542660541906 0.102943283317772 0.104292061270391 0.104938873216742 0.105370287733486 0.106474046107504 0.105149069971525 0.0997077094568109 0.093780682561851 0.0876733497281076 0.0869700024742174
-9999 -9999 -9999 -9999 -9999 -9999 -9999 -9999 -9999 -9999 -9999 -9999 -9999 -9999 -9999 -9999 -9999 -9999 -9999 -9999 0.217748180234047 0.202748395309678 0.137317884631121 0.0443225924968014 0.0217576840554545 0.012845134664036 0.0320254075522178 0.0497536524936965 0.0665165652544951 0.0882363643617746 0.109434627652356 0.127536752485168 0.116519011244826 0.082129128586887 0.0978943954153083 0.117466112185082 0.12217460943623 0.122930424187566 0.119870747820072 0.12714705934098 0.135661499549785 0.138709434937408 0.132035698160812 0.114082515767404 0.104707947765604 0.0992304591631549 0.107324919961337 0.109472444411357 0.103305458691546 0.100146350714425 0.0982097325148808 0.0987389156206766 0.0983452797330229 0.0963875874722253 0.0913552520093815 0.0849702572825885 0.0833897251973353
-9999 -9999 -9999 -9999 -9999 -9999 -9999 -9999 -9999 -9999 -9999 -9999 -9999 -9999 -9999 -9999 -9999 -9999 -9999 -9999 0.201581772555642 0.201864974261924 0.150807771089942 0.0716885676362732 0.0351185999708524 0.0112406628909464 0.015614224293214 0.0338957548515309 0.0614235332005514 0.0887770098525941 0.112746434679612 0.125854140633748 0.124367285371945 0.111166566186117 0.115973733973047 0.121494607769807 0.118909664312497 0.118447177889245 0.120033481360938 0.123062402082142 0.126556065233158 0.131009759732651 0.129629485756342 0.121480424575379 0.110312515156335 0.0993667117042894 0.098152801932765 0.0991222885373492 0.103144417765146 0.100635299600115 0.0959657437160939 0.0947611839214691 0.0932448270235263 0.0912000151955982 0.0876141526034317 0.0833507013904108 0.081548448671426
-9999 -9999 -9999 -9999 -9999 -9999 -9999 -9999 -9999 -9999 -9999 -9999 -9999 -9999 -9999 -9999 -9999 -9999 -9999 -9999 0.203186668163326 0.204459697726043 0.164592036121303 0.102237405629827 0.0492567355876583 0.00992736162043613 0.00437318221098391 0.0235912995854774 0.059278449342717 0.0914689204838073 0.118119968125184 0.127907649005131 0.133471781568698 0.135646016380452 0.131796274597983 0.12629368148009 0.117505417157571 0.115216939250781 0.119202650415509 0.118786107343901 0.118283894544307 0.122716688331944 0.125247947406033 0.125572975182911 0.113866546594298 0.0995709154075495 0.0924288996538196 0.0921051246559922 0.10131404494636 0.100855483720778 0.0968913614056938 0.0925633460610308 0.0890133710385697 0.0867820716536288 0.0842125073517127 0.0814989489234937 0.0799854523085822
-9999 -9999 -9999 -9999 -9999 -9999 -9999 -9999 -9999 -9999 -9999 -9999 -9999 -9999 -9999 -9999 -9999 -9999 -9999 -9999 0.20247719898922 0.201590884644337 0.171946561033594 0.126583482067632 0.0552875452819181 0.00468124077656111 0.00900143915784667 0.0317005172084096 0.0666181782620665 0.100302987703776 0.129178785720107 0.142900328902462 0.145519168503715 0.139226773500959 0.136012648191198 0.131889640581954 0.122009042537818 0.116761894916568 0.115987377955356 0.11501287839822 0.114284106373551 0.115252779407944 0.116974138762156 0.119568792778797 0.110090773096255 0.0986094863844288 0.099721678826735 0.0985951534017414 0.0943386394607612 0.0991539114449125 0.106208969279089 0.0948664072329578 0.087007236108268 0.0850519527551845 0.0821008475715118 0.078725821629702 0.0788816021197728
-9999 -9999 -9999 -9999 -9999 -9999 -9999 -9999 -9999 -9999 -9999 -9999 -9999 -9999 -9999 -9999 -9999 -9999 -9999 -9999 0.19756003282041 0.198001314253813 0.178373001068815 0.147774907431749 0.0629613668594537 0.00272136803352581 0.0098989688934251 0.0317545621380649 0.0633683273441617 0.100102409877598 0.132341637316746 0.148626610832815 0.152146142163895 0.145419894230184 0.14017894827074 0.134707107434386 0.127337812300201 0.120568563664456 0.114378534858735 0.10955307629601 0.105713727696375 0.106007994554552 0.107700902401198 0.111016565541418 0.104949376080294 0.0978758066774809 0.105602332997127 0.105983722567483 0.0960957548376429 0.0980263534748486 0.103472986492009 0.0956276630547163 0.0886438368487304 0.083120134724103 0.079618346218404 0.0770557768117342 0.0782541028886474
-9999 -9999 -9999 -9999 -9999 -9999 -9999 -9999 -9999 -9999 -9999 -9999 -9999 -9999 -9999 -9999 -9999 -9999 -9999 -9999 0.19702604692832 0.195842086244216 0.184097788725746 0.166581347884227 0.071877341201185 0.00324597042048934 0.00797598761193288 0.025718721091315 0.0521125234563418 0.0930714436459373 0.129534966665494 0.147347294102574 0.154675165346079 0.153588018737948 0.144307391683477 0.135423973638058 0.133290409184934 0.126085136756522 0.113984187344715 0.102818188158376 0.093687883061012 0.0954168287157859 0.0976720769212435 0.100537960920436 0.0987755379451309 0.0973143104133355 0.110415389913276 0.114051607858564 0.104454846157694 0.0973327628204789 0.0916242266703867 0.0952232804553179 0.0930344250854077 0.0810358277562759 0.0768554805602331 0.0762196863676986 0.077986735355191
-9999 -9999 -9999 -9999 -9999 -9999 -9999 -9999 -9999 -9999 -9999 -9999 -9999 -9999 -9999 -9999 -9999 -9999 -9999 -9999 0.199880336786674 0.200035312258578 0.184010667795212 0.159142452653787 0.0825329482808015 0.022629318134159 0.0099441801966383 0.0120672784513493 0.0240351369036397 0.0789918497211466 0.126486502003425 0.137653243978869 0.142751672558726 0.142979560920725 0.143480649604254 0.142604574867757 0.135719047746266 0.1276297030661 0.118378323437763 0.102962164271967 0.0889508419840353 0.0908498032754615 0.0921570920091628 0.0927779002356958 0.0944349745906373 0.0975589424641656 0.111391626122551 0.117902096948225 0.114175260781017 0.105381410312562 0.0955597005865721 0.0999975736571456 0.0966825887624981 0.0802275330666877 0.0759880228869442 0.0772461090818957 0.0766113521354133
-9999 -9999 -9999 -9999 -9999 -9999 -9999 -9999 -9999 -9999 -9999 -9999 -9999 -9999 -9999 -9999 -9999 -9999 -9999 -9999 0.193761346591853 0.199443517221484 0.182108883472956 0.152193562593599 0.0885478707349547 0.0350493251957382 0.010445697072187 0.000838214973987804 0.0012004186365359 0.0669957034975566 0.122891932083344 0.128197712676884 0.131126943298312 0.132148711093686 0.140929623612873 0.146966362800116 0.136568270824118 0.128699715492356 0.123272900573919 0.105316185411552 0.0878778379223508 0.0889842923716847 0.0890071473059754 0.0877727697812948 0.0919377464136202 0.0982816883430672 0.110674578236519 0.118810735194511 0.120995483358113 0.113496611057875 0.103167762899217 0.104638548862285 0.0992192552616382 0.0821221863555513 0.0773318147868664 0.0780681368021311 0.0752368724792619
-9999 -9999 -9999 -9999 -9999 -9999 -9999 -9999 -9999 -9999 -9999 -9999 -9999 -9999 -9999 -9999 -9999 -9999 -9999 -9999 0.190823454548361 0.187563842339725 0.176040285943757 0.159999764699876 0.0757711907555705 0.0113103945293996 0.00337081967659097 0.00270500401724205 0.00687490370339227 0.0665073962556496 0.117304810820336 0.123787649766753 0.127739240820152 0.129659205643884 0.134141340131388 0.13726427887509 0.133038903472227 0.129881671307669 0.127755508812782 0.112842579140852 0.0973969096527197 0.094609827321415 0.0927876530048768 0.0920850008542723 0.0956678028205646 0.100457617434081 0.105292077773315 0.110413925082325 0.115937572871949 0.117585150852734 0.117237969211044 0.106226477220391 0.0978231009493167 0.0938401365272175 0.0862946625765256 0.0771873692883189 0.0744088430064544
-9999 -9999 -9999 -9999 -9999 -9999 -9999 -9999 -9999 -9999 -9999 -9999 -9999 -9999 -9999 -9999 -9999 -9999 -9999 -9999 0.18701585917102 0.185133436193186 0.176164357473915 0.163321804521552 0.0872251512737129 0.0257672487710536 0.00735330091566353 0.00542554907636655 0.0144580928618699 0.0690243780781476 0.114475374357884 0.117541613233401 0.122156665330804 0.128014823476855 0.13128403836023 0.133519603305413 0.132971962931738 0.132215573696232 0.131257680942946 0.120053197736409 0.107901041116477 0.102819181649111 0.0990594868924329 0.0968338168075145 0.0994345949775637 0.10313341380344 0.104503122987444 0.107150976863454 0.111585825995178 0.117545298182893 0.122952821113511 0.108696307689652 0.098216418689591 0.0941374095380595 0.0879258069284263 0.0807673597430726 0.0757394821509299
-9999 -9999 -9999 -9999 -9999 -9999 -9999 -9999 -9999 -9999 -9999 -9999 -9999 -9999 -9999 -9999 -9999 -9999 -9999 -9999 0.188964237723516 0.193011909400372 0.181923970429033 0.162563102732642 0.120729826430126 0.0749835784577285 0.0213983580875095 0.00892304141753188 0.0237782682654092 0.0742762761143328 0.114155525729297 0.109624777677912 0.114576680056028 0.127139532508406 0.132004064887578 0.135196373844058 0.136055949647255 0.135597787010288 0.13386762255794 0.126976450120383 0.119301610752589 0.113379900307691 0.107598514953577 0.101979939988813 0.103234817928172 0.106264106555457 0.10789445245444 0.108560019201883 0.107876712244025 0.113748466651383 0.121064013682201 0.111968699353858 0.100238217426436 0.0840414742853869 0.0828848494704328 0.0884067930774019 0.0790345838395614
-9999 -9999 -9999 -9999 -9999 -9999 -9999 -9999 -9999 -9999 -9999 -9999 -9999 -9999 -9999 -9999 -9999 -9999 -9999 -9999 0.194191638234414 0.194190872468579 0.179609454872844 0.157058441853622 0.110913549061551 0.0670650062235865 0.0312416403364117 0.0156648466947779 0.0135483089534978 0.0629324341954072 0.102908750612966 0.0978543784315789 0.104100587822003 0.119416852340222 0.126938204269678 0.132829151695779 0.136624434644395 0.13829498528111 0.137914549716344 0.132861810340512 0.12708097098233 0.122777241609626 0.116498340598824 0.107927771992216 0.10593891143209 0.106019291825687 0.108130065011872 0.109265160491558 0.109036144815813 0.113659441675185 0.119468595332524 0.115220195914055 0.107909085851782 0.0954070855547633 0.0886861983444309 0.0845412443697848 0.0759006341919318
-9999 -9999 -9999 -9999 -9999 -9999 -9999 -9999 -9999 -9999 -9999 -9999 -9999 -9999 -9999 -9999 -9999 -9999 -9999 -9999 0.21435504813615 0.198226197864843 0.177398861841508 0.154003394366745 0.0982418692802504 0.0531481097926601 0.0381436051691266 0.0219931991852995 0.00508097903564435 0.0510755460775502 0.0897292729568194 0.0867621145246658 0.0948853784517388 0.111910019847704 0.121530887282016 0.129741799402717 0.136550167576986 0.140319060963808 0.14115397494349 0.137479153373598 0.133231621265885 0.131177398702223 0.125057920889966 0.11422178274187 0.109353312543113 0.106661100737322 0.10854179199751 0.109967689242657 0.110757731445502 0.11378998031027 0.117452553721401 0.117937662770939 0.115931779146498 0.109703991774033 0.0968245411452134 0.0810090643694276 0.0742379605094161
-9999 -9999 -9999 -9999 -9999 -9999 -9999 -9999 -9999 -9999 -9999 -9999 -9999 -9999 -9999 -9999 -9999 -9999 -9999 0.219654306879042 0.21455674564317 0.199041782907583 0.183738462600105 0.168550823302376 0.113474484934639 0.0642788412734147 0.0337229513142894 0.0229288043893267 0.02527259089087 0.0529667654321005 0.077203895271182 0.0830601552337199 0.095179883334619 0.112326786448158 0.12006055975729 0.126870998591842 0.135584858053144 0.13947781970808 0.138717209322802 0.136448556767433 0.134395678182996 0.135480054749255 0.131468335562958 0.121543936548741 0.117594279021518 0.115317155631612 0.11300875626447 0.111354161376732 0.110613661356476 0.111401481036565 0.112930934837424 0.117863931103613 0.120207689926626 0.118163033087055 0.10652143684883 0.0906358440402587 0.0866946352270114
-9999 -9999 -9999 -9999 -9999 -9999 -9999 -9999 -9999 -9999 -9999 -9999 -9999 -9999 -9999 -9999 -9999 -9999 0.235129317489484 0.231143392636974 0.223199119310716 0.207165545352495 0.193078539215102 0.180055501834205 0.117000774488658 0.0608029578566254 0.0266670364708893 0.0196680842177722 0.0307102376123284 0.0528709464194399 0.0724589103536259 0.0805785544667412 0.0942005616966071 0.11223886701564 0.119935639906558 0.126377264697174 0.133889034171639 0.137705102274179 0.137953740975776 0.13677173758869 0.135846587254363 0.138205485366654 0.136299705240298 0.129445886808036 0.124874781259411 0.120947356326239 0.117050511897469 0.113903200638248 0.11180382411315 0.110586446352715 0.110032443766039 0.115644254419344 0.119827534265457 0.12158964297283 0.113700387736936 0.101502471246304 0.0956636332557198
-9999 -9999 -9999 -9999 -9999 -9999 -9999 -9999 -9999 -9999 -9999 -9999 -9999 -9999 -9999 -9999 -9999 -9999 0.235244835036504 0.242228727927283 0.241072718849298 0.223281965615576 0.205700114826653 0.188232447408093 0.107724329013239 0.0413524109453359 0.0167290433494101 0.0118180128338692 0.0200120698500931 0.0506019839721433 0.0762230260864912 0.07943161042206 0.0918281075522374 0.111598992896587 0.121282137972005 0.12848323267434 0.131394276305538 0.134913667046742 0.139020290128389 0.138575489986674 0.137611214916177 0.139205968371611 0.139404137319492 0.137981936979443 0.131104862633311 0.123268302757499 0.120627234058295 0.117723692510853 0.114453183328613 0.111492246203063 0.108909101885386 0.111077644529551 0.114355227196899 0.119512486299869 0.118125564296926 0.113725069517408 0.100818300457376
-9999 -9999 -9999 -9999 -9999 -9999 -9999 -9999 -9999 -9999 -9999 -9999 -9999 -9999 -9999 -9999 -9999 -9999 0.250094889574216 0.250113910358995 0.244353404546032 0.226781829427369 0.205968012386007 0.183382027907248 0.103677329062969 0.0381456349474276 0.0139045204183166 0.0163506900510464 0.0365390073296798 0.0597843230910296 0.0778122145483627 0.0781448109551038 0.0881792193437239 0.106000480909408 0.119219097981111 0.129635391836208 0.131012417056634 0.13318514436422 0.136125956193375 0.137016699952687 0.13757732912618 0.138723237531519 0.139446788817253 0.139680305664365 0.133925242083837 0.127080641808346 0.125610510426865 0.122620524100151 0.117505603410771 0.113780966611811 0.11077290024016 0.111609269154316 0.11291678330592 0.115022826439414 0.116524340461222 0.117680639113449 0.108744941184725
-9999 -9999 -9999 -9999 -9999 -9999 -9999 -9999 -9999 -9999 -9999 -9999 -9999 -9999 -9999 -9999 -9999 -9999 0.284002928750623 0.266166612212018 0.248120576682139 0.229645958378432 0.204282941904488 0.17515481621779 0.100964358168522 0.0395875651179075 0.014928653979441 0.0249726494499312 0.0580877108656958 0.0709328359691475 0.0788257573108746 0.0765351917312892 0.0833955701068048 0.0976006648242785 0.11507703085308 0.129843833029894 0.131097029359189 0.132063085492649 0.132751967613999 0.134691291059682 0.136713242953461 0.137677482522097 0.138569404888644 0.139377422147678 0.135807717129178 0.131371899420203 0.130230771288649 0.126881586057539 0.120445279637466 0.116442052465636 0.11347889402358 0.113424175341369 0.112594104005103 0.110449912274031 0.113400332247646 0.118595741479443 0.116340553833631
