layers/veg/veg_1000.asc
NCOLS 255 
NROWS 330 
XLLCORNER -2985163.8955 
YLLCORNER -3022031.214 
CELLSIZE 25000 
NODATA_value -9999 
[rows 250 to 274 of 330, columns 57 to 113 of 255]
-9999 -9999 -9999 -9999 -9999 -9999 -9999 -9999 -9999 -9999 -9999 -9999 -9999 -9999 -9999 0.741547006907063 0.742791962266482 0.750371798500241 0.760092507721727 0.706666204831617 0.644446598228888 0.564256952416301 0.504175669023799 0.4550853560616 0.470802407540466 0.487955784075019 0.502720335198253 0.514679077115411 0.524772470692941 0.519804035249784 0.516729774382405 0.524061130253578 0.525415334280914 0.521972166032648 0.496759752439077 0.45952443638227 0.384757883531774 0.341588370606255 0.328919214140119 0.322919599174551 0.318614216741443 0.316065535130648 0.308440466352721 0.294925584380692 0.280602807324122 0.265950143085108 0.250357309220258 0.238446265963932 0.231682795115581 0.221148215509849 0.209655950086145 0.205336414425881 0.202393592688137 0.201784119309932 -9999 -9999 -9999
-9999 -9999 -9999 -9999 -9999 -9999 -9999 -9999 -9999 -9999 -9999 -9999 -9999 -9999 -9999 0.797031436026987 0.788822718011529 0.797019700474449 0.812028296502893 0.782581642037317 0.727898910537616 0.62164360647279 0.548373002818545 0.493131409149863 0.504903542386137 0.514150555385625 0.510748857391086 0.516531794326244 0.52842082838272 0.541315501531364 0.552238646002629 0.556517867324943 0.560701511346858 0.564808443265235 0.563421724991397 0.54052851513517 0.42982238818862 0.363681622793011 0.340559425474425 0.332805353965834 0.328846297598645 0.328292472927344 0.321855076553182 0.30859134146547 0.308933554799213 -9999 -9999 -9999 -9999 -9999 -9999 -9999 -9999 -9999 -9999 -9999 -9999
-9999 -9999 -9999 -9999 -9999 -9999 -9999 -9999 -9999 -9999 -9999 -9999 -9999 -9999 -9999 0.801843057782197 0.806483286435544 0.811162202913636 0.815440271552268 0.780439573830587 0.733245408623979 0.661132612608128 0.59978160373699 0.5443128483191 0.539816104189514 0.53888990396278 0.542279920827372 0.551931847513732 0.565746795357635 0.592038265013918 0.614872703944717 0.623000039334818 0.62815196608349 0.630915774996457 0.607153142656646 0.566691390883294 0.471807485550621 0.409590065257295 0.378905327783021 0.364494966851464 0.354185464036871 0.34796627610653 0.336959017777967 0.320396462093772 0.314870442431226 0.31268077748323 -9999 -9999 -9999 -9999 -9999 -9999 -9999 -9999 -9999 -9999 -9999
-9999 -9999 -9999 -9999 -9999 -9999 -9999 -9999 -9999 -9999 -9999 -9999 -9999 -9999 -9999 0.842188141168606 0.836262138044342 0.836505058613041 0.83900082583789 0.795795075215497 0.746513466975849 0.684815205884909 0.631269030174126 0.582178678736189 0.551617419577013 0.534822294910015 0.55124138306439 0.566330223911709 0.580534694360591 0.604933403433604 0.626390315313661 0.635452709184399 0.643817799116042 0.651623220049392 0.624708536964227 0.589073051338644 0.537916896987815 0.482696160458373 0.423551916992823 0.394723352999283 0.374431002312248 0.367053291675762 0.35444744678259 0.335775726078184 0.325166204438127 0.317824521063055 0.319644773462909 -9999 -9999 -9999 -9999 -9999 -9999 -9999 -9999 -9999 -9999
-9999 -9999 -9999 -9999 -9999 -9999 -9999 -9999 -9999 -9999 -9999 -9999 -9999 -9999 -9999 0.849104904897903 0.861649416040942 0.872180468943585 0.881148855970173 0.827292441907452 0.767089326457344 0.693916060479975 0.644378766295397 0.607760588130259 0.54209813813709 0.504179679109445 0.539381927248513 0.56135412454704 0.574530765356859 0.582931785166462 0.59075196075047 0.598062059828381 0.611711261011802 0.630448342424424 0.618116015122614 0.607966463461376 0.626281480858368 0.580892645775969 0.474011018550037 0.423603727638344 0.389977564578513 0.38559898369065 0.374135614463309 0.35445221030454 0.339483117078622 0.326805657815796 0.322952440725913 -9999 -9999 -9999 -9999 -9999 -9999 -9999 -9999 -9999 -9999
-9999 -9999 -9999 -9999 -9999 -9999 -9999 -9999 -9999 -9999 -9999 -9999 -9999 -9999 -9999 0.87361235031115 0.873606233806347 0.879759692597474 0.88805699687537 0.840800817831213 0.787802493958049 0.723069494347727 0.676752564602418 0.640501620097487 0.600181710880196 0.57804535112303 0.602439081527891 0.612687319187055 0.613531399446903 0.624450275881498 0.629110376213068 0.610714853227782 0.606582528534969 0.61389810977419 0.604472347650019 0.601101621264499 0.633759992206267 0.604231160805277 0.514673546861061 0.456543678615669 0.411053534906339 0.401322711729474 0.388016865769949 0.370563145414465 0.355253987416518 0.341805924447749 0.339825105379859 -9999 -9999 -9999 -9999 -9999 -9999 -9999 -9999 -9999 -9999
-9999 -9999 -9999 -9999 -9999 -9999 -9999 -9999 -9999 -9999 -9999 -9999 -9999 -9999 -9999 0.883355576527114 0.879417225845381 0.880933516292653 -9999 0.823165166834286 0.806069816343603 0.754038322548445 0.710297361409849 0.67108789803204 0.664369258795168 0.663405419187215 0.674022418266781 0.670949737487119 0.658775931249557 0.674220097392326 0.677736818560216 0.63491382402387 0.612270765907365 0.605824496835759 0.598706426558563 0.599235508110141 0.632611514849636 0.622131224885586 0.569316821168391 0.50066161688906 0.436386111046735 0.417536960645099 0.400287305598606 0.384893444552148 0.3698363007034 0.35531388829828 0.344799960016674 0.339183727955584 0.340415046069942 0.327736760457597 0.310994527115246 0.311219997261322 -9999 -9999 -9999 -9999 -9999
-9999 -9999 -9999 -9999 -9999 -9999 -9999 -9999 -9999 -9999 -9999 -9999 -9999 -9999 -9999 0.885509282573245 0.887322184906578 0.886624205800091 -9999 -9999 0.810981870821372 0.773900730470023 0.730077160219555 0.682568265122565 0.691026301604375 0.701864399346983 0.713532093579385 0.707917599678838 0.690813621436627 0.702316996625595 0.704658071832505 0.66929296815066 0.64825533320387 0.638717188831338 0.642848507517373 0.651235098599529 0.669217729372637 0.688723232654452 0.709698751939919 0.600927532822424 0.478945563545413 0.439343960359272 0.409912446373542 0.3922806481277 0.376481879797334 0.361295471478754 0.347002920222235 0.339183727955584 0.340415046069942 0.327978772503863 0.311530864463561 0.311427076003124 -9999 -9999 -9999 -9999 -9999
-9999 -9999 -9999 -9999 -9999 -9999 -9999 -9999 -9999 -9999 -9999 -9999 -9999 -9999 -9999 0.916795806022007 0.90995272773342 0.912587357068752 -9999 -9999 0.846910293781307 0.809188456069372 0.767187249386578 0.72284699505602 0.720997985052668 0.726553684660988 0.74694666250739 0.743509352633256 0.72422927357294 0.722455046977325 0.718585188172144 0.702962704177726 0.690473287985745 0.680498529778988 0.68300035238348 0.68840108203511 0.698382950007968 0.736015649020356 0.800339462298712 0.673986426488498 0.524036998712811 0.470473493982764 0.429282191517806 0.402445578272145 0.382925811035213 0.367334710803908 0.368825540318046 0.362516593397518 0.345302649905349 0.328106014620495 0.311827542533388 -9999 -9999 -9999 -9999 -9999 -9999
-9999 -9999 -9999 -9999 -9999 -9999 -9999 -9999 -9999 -9999 -9999 -9999 -9999 -9999 -9999 0.92378296333562 0.935598378223881 0.931049367185143 -9999 0.859304095876957 0.855906514378686 0.845565618429102 0.823510932514579 0.795053640736796 0.754644515145353 0.735976905744201 0.773603762471628 0.777575452895981 0.759172632449334 0.733769350718135 0.718106079010092 0.735845939869269 0.739602020006548 0.73213445990579 0.718728337376908 0.709121472406046 0.71929855495446 0.761911164054324 0.835833513690518 0.716881677887017 0.571935570166443 0.511938652545483 0.459455498968433 0.41569009388971 0.389146181100746 0.36958856476354 0.36965561329913 0.362516593397517 0.345302649905349 0.328106014620495 -9999 -9999 -9999 -9999 -9999 -9999 -9999
-9999 -9999 -9999 -9999 -9999 -9999 -9999 -9999 -9999 -9999 -9999 -9999 -9999 -9999 -9999 0.949459670740913 0.949330250047063 0.949380077850025 0.868553659972155 0.868234918265365 0.866122669607652 0.860345201223139 0.829495304705999 0.784941143740836 0.778480220015194 0.784638294136568 0.819277409940599 0.818009945336282 0.792871192548385 0.755180418860106 0.727234170808509 0.734289823423509 0.743312732271199 0.753914597243192 0.754718517484526 0.756068821938679 0.76579352799946 0.791808281927814 0.833547681831903 0.713327129456224 0.574295594264516 0.524403150339718 0.478729532713249 0.437950754266189 0.412688346338201 0.39242664719036 0.378066661886039 0.369694703003693 -9999 -9999 -9999 -9999 -9999 -9999 -9999 -9999 -9999
-9999 -9999 -9999 -9999 -9999 -9999 -9999 -9999 -9999 -9999 -9999 -9999 -9999 -9999 -9999 -9999 0.953265157052039 0.953265157052039 0.893114047309566 0.885165131092507 0.876311613749861 0.865609449046978 0.820503230310793 0.756592201284099 0.798415590585159 0.8380357734812 0.862218935804191 0.85255977753214 0.820401685122168 0.776562257859973 0.739035548155013 0.725196835558653 0.736574917853058 0.768192464669892 0.787134147800092 0.802428493170616 0.810090800202015 0.816049265792799 0.82036302759448 0.704085730270462 0.576749082342494 0.533175162375864 0.493483146928215 0.458295061480662 0.436635990977602 0.420539878397224 -9999 -9999 -9999 -9999 -9999 -9999 -9999 -9999 -9999 -9999 -9999
-9999 -9999 -9999 -9999 -9999 -9999 -9999 -9999 -9999 -9999 -9999 -9999 -9999 -9999 -9999 -9999 -9999 -9999 0.89322860325305 0.896158188647727 0.883700463604994 0.839797154407392 0.79717687352264 0.755257879294314 0.80763914532173 0.846638538447309 0.842893265642744 0.826165179528299 0.800805904522312 0.776350218938385 0.752080546381501 0.72815279918677 0.741620558820091 0.785102641725789 0.790158300825925 0.788568299629937 0.782549601305723 0.786195963091731 0.79917192598161 0.747224059667867 0.676286030559718 0.573505134037165 0.494824989943629 0.444107435181986 0.427213278622913 -9999 -9999 -9999 -9999 -9999 -9999 -9999 -9999 -9999 -9999 -9999 -9999
-9999 -9999 -9999 -9999 -9999 -9999 -9999 -9999 -9999 -9999 -9999 -9999 -9999 -9999 -9999 -9999 -9999 -9999 0.835139913758148 0.856633049988911 0.856505241027054 0.812192760915037 0.784307280637941 0.765400585687681 0.81066333540574 0.839637192216696 0.821293679641631 0.800927794940754 0.779217403821259 0.764402833338607 0.747537190663215 0.72209030844703 0.730348929811373 0.76566020980596 0.761423982344299 0.751067405718967 0.739203043900049 0.739594713090208 0.751817025766015 0.739477606370974 0.705724574383942 0.57594292579869 0.482007841173185 0.429663273271924 0.416074041505785 -9999 -9999 -9999 -9999 -9999 -9999 -9999 -9999 -9999 -9999 -9999 -9999
-9999 -9999 -9999 -9999 -9999 -9999 -9999 -9999 -9999 -9999 -9999 -9999 -9999 -9999 -9999 -9999 -9999 -9999 0.834591456193279 0.804001773131537 0.783149436592317 0.782196389845465 0.785394699526698 0.790862086857992 0.805413014728809 0.811808488144039 0.796659017928844 0.777234983934939 0.754969149283322 0.73679186641813 0.719518038288384 0.703990568425127 0.697298064772754 0.697696667898884 0.690300511269272 0.682012434806032 0.674760516762635 0.670639386836038 0.669540380304164 0.663813438022708 0.64160030427769 0.527804687933256 0.450292186432817 0.414876704228881 0.4101395140473 -9999 -9999 -9999 -9999 -9999 -9999 -9999 -9999 -9999 -9999 -9999 -9999
-9999 -9999 -9999 -9999 -9999 -9999 -9999 -9999 -9999 -9999 -9999 -9999 -9999 -9999 -9999 -9999 -9999 -9999 0.741163722985345 0.742508076886767 0.747077208704667 0.758236512714507 0.772658402805997 0.788863580188646 0.800540639986895 0.802693901279886 0.781096663664476 0.760151029075168 0.739638590948472 0.720728157962723 0.70281606425972 0.687665840025764 0.679943165787082 0.678181980122548 0.668659136988039 0.659712489969499 0.658007824707917 0.655521792727435 0.652281514035598 0.648907617037509 0.636981206079263 0.574742719961085 0.508594491375289 0.437910034166032 0.423492580200653 -9999 -9999 -9999 -9999 -9999 -9999 -9999 -9999 -9999 -9999 -9999 -9999
-9999 -9999 -9999 -9999 -9999 -9999 -9999 -9999 -9999 -9999 -9999 -9999 -9999 -9999 -9999 -9999 0.702274801768717 0.702274801768717 0.742635724805862 0.730719669680035 0.726179205749751 0.736711536676942 0.753892464695162 0.774707429762439 0.791915991857688 0.795706687031015 0.765777621117132 0.743339208600467 0.725880706281173 0.707405537149916 0.689080441279893 0.671529356936369 0.667473938888982 0.674250391441742 0.663458183690329 0.653315630784992 0.656789381582522 0.657718680292748 0.656191840838105 0.653703120579064 0.651036612521365 0.648509558785168 0.591356985691516 0.470825853387622 0.440411581244871 -9999 -9999 -9999 -9999 -9999 -9999 -9999 -9999 -9999 -9999 -9999 -9999
-9999 -9999 -9999 -9999 -9999 -9999 -9999 -9999 -9999 -9999 -9999 -9999 -9999 -9999 -9999 -9999 -9999 -9999 0.742797299643109 0.746224770780014 0.741658888615847 0.720757749882253 0.715774189477806 0.719490971203802 0.726882959665554 0.727190814107244 0.709176396494883 0.697834055240187 0.690927420636064 0.676880510687907 0.662553372008826 0.649360238596039 0.648479598000687 0.657481191156318 0.652776835971763 0.64710015053749 0.645772955924749 0.64562247495234 0.646607865744058 0.644710449116116 0.642569392347928 0.642553150758348 0.584956106678433 0.460551673983563 0.434453164902021 -9999 -9999 -9999 -9999 -9999 -9999 -9999 -9999 -9999 -9999 -9999 -9999
-9999 -9999 -9999 -9999 -9999 -9999 -9999 -9999 -9999 -9999 -9999 -9999 -9999 -9999 -9999 -9999 -9999 -9999 0.72737337618638 0.73943974871928 0.736344311954381 0.702264126285286 0.68076625680817 0.666145718379783 0.664132649866912 0.661488753206439 0.656069863527359 0.658088133995405 0.66505075146393 0.657753016755091 0.647373705620014 0.631127603705187 0.629391805827111 0.639302245507522 0.638671603891702 0.636356910045756 0.633416739227969 0.632912410111076 0.634759378468006 0.636081301751052 0.637340002128162 0.638874448511051 0.581002897310625 0.454206298265065 0.426430157938514 -9999 -9999 -9999 -9999 -9999 -9999 -9999 -9999 -9999 -9999 -9999 -9999
-9999 -9999 -9999 -9999 -9999 -9999 -9999 -9999 -9999 -9999 -9999 -9999 -9999 -9999 -9999 -9999 0.810323183128761 0.810323183128761 0.727096299354113 0.712850804735522 0.697445112580605 0.679668434968991 0.650781810588375 0.61582263321367 0.605069144603954 0.600331254955217 0.608607575817245 0.627643897066683 0.653833644434182 0.657033575743658 0.650521128207852 0.619252748050895 0.610153081317908 0.618846432722077 0.619036486780677 0.618300924450845 0.618896637998598 0.619210906276405 0.619253497806089 0.628039278907451 0.637340002128162 0.638874448511051 0.581002897310625 0.454206298265065 -9999 -9999 -9999 -9999 -9999 -9999 -9999 -9999 -9999 -9999 -9999 -9999 -9999
-9999 -9999 -9999 -9999 -9999 -9999 -9999 -9999 -9999 -9999 -9999 -9999 -9999 -9999 -9999 -9999 0.810323183128761 0.810323183128761 0.704654287739742 0.703199297438176 0.694131831151002 0.669507471070981 0.622620740859607 0.563565687504339 0.550611766173808 0.548003748251391 0.567361857594151 0.596673897787083 0.632603475745563 0.634095026614804 0.624792211574822 0.590511622413566 0.57764508947547 0.581965872890917 0.578870240283564 0.576967287419685 0.584707395059865 0.587154553506928 0.584492472686805 0.581023483487351 -9999 -9999 -9999 -9999 -9999 -9999 -9999 -9999 -9999 -9999 -9999 -9999 -9999 -9999 -9999 -9999 -9999
-9999 -9999 -9999 -9999 -9999 -9999 -9999 -9999 -9999 -9999 -9999 -9999 -9999 -9999 -9999 -9999 -9999 -9999 0.678668300804443 0.702447767002856 0.704914154665744 0.663825029010409 0.595092102159456 0.511249431651868 0.498698746489472 0.499753747684674 0.528702887107197 0.564995432978109 0.60616999684085 0.600994960270148 0.58638550688938 0.554582386435534 0.539736817205676 0.538501691248721 0.530553016109176 0.52638314228309 0.542389565169642 0.547544399770399 0.542224287614969 0.541303150680645 -9999 -9999 -9999 -9999 -9999 -9999 -9999 -9999 -9999 -9999 -9999 -9999 -9999 -9999 -9999 -9999 -9999
-9999 -9999 -9999 -9999 -9999 -9999 -9999 -9999 -9999 -9999 -9999 -9999 -9999 -9999 0.752307079268341 0.752307079268341 -9999 -9999 0.678363864992494 0.67323339103231 0.655858174987172 0.613459543105112 0.559719608963166 0.499780665912617 0.477337060257222 0.467508487297343 0.486206563664769 0.507590125420077 0.530759042251749 0.532878119165563 0.530575454988487 0.520022270801931 0.51646355439149 0.518518726781002 0.515770556068628 0.513333305640516 0.515184142490429 0.523719725749552 0.538708038403757 -9999 -9999 -9999 -9999 -9999 -9999 -9999 -9999 -9999 -9999 -9999 -9999 -9999 -9999 -9999 -9999 -9999 -9999
-9999 -9999 -9999 -9999 -9999 -9999 -9999 -9999 -9999 -9999 -9999 -9999 -9999 -9999 0.752307079268341 0.748159769381129 0.737084800010957 0.724481980376164 0.710900926273367 0.669148733412912 0.627158808915592 0.584683054862565 0.54274232072353 0.501094021539239 0.472299892098265 0.454132213188885 0.461738394047056 0.470420440810336 0.479817741011167 0.485596497335871 0.490543120105208 0.493839228236059 0.497384070840895 0.501128552320675 0.501966123885206 0.501138069785794 0.495043168010775 0.491424059670817 0.490194813877114 -9999 -9999 -9999 -9999 -9999 -9999 -9999 -9999 -9999 -9999 -9999 -9999 -9999 -9999 -9999 -9999 -9999 -9999
-9999 -9999 -9999 -9999 -9999 -9999 -9999 -9999 -9999 -9999 -9999 -9999 -9999 -9999 -9999 0.748159769381129 0.737084800010957 0.724481980376164 0.71096772927901 0.675559306828518 0.638601986027845 0.598479328853666 0.562039745145058 0.527613281684985 0.499454113153837 0.47796493224394 0.472821124859309 0.473154709959123 0.477129756122723 0.479401212636424 0.481623901526513 0.484175486172116 0.486574576024297 0.488851270743604 0.490090329060024 0.49062807734599 0.48883304285585 0.488565674338887 0.489772948916446 -9999 -9999 -9999 -9999 -9999 -9999 -9999 -9999 -9999 -9999 -9999 -9999 -9999 -9999 -9999 -9999 -9999 -9999
