layers/veg/veg_3600.asc
NCOLS 255 
NROWS 330 
XLLCORNER -2985163.8955 
YLLCORNER -3022031.214 
CELLSIZE 25000 
NODATA_value -9999 
[rows 225 to 249 of 330, columns 57 to 113 of 255]
-9999 -9999 -9999 -9999 -9999 -9999 -9999 -9999 -9999 -9999 -9999 -9999 -9999 -9999 -9999 -9999 -9999 -9999 0.128157653488247 0.130661667836524 0.122786289705664 0.108582340006186 0.0969260687312573 0.0858399489732601 0.0759240766071364 0.0658203714723955 0.0555780071908474 0.0376656988743112 0.0227723485518402 0.0225606256228978 0.0290890782081971 0.0416093739403087 0.048832668978547 0.0545520564098252 0.05749634867109 0.0642163553208121 0.0749702687902035 0.0844207658573765 0.0925464721886989 0.0932910845298317 0.0931210352721588 0.0917752379963055 0.0966683810684217 0.103247654616911 0.105647186166101 0.110084907094209 0.117688771730378 0.134234820861487 0.154156528803591 0.164146771060991 0.17204789702831 0.175995252252621 0.182147576836598 0.189416958866435 0.212685504959589 0.231491591435768 0.239181305212735
-9999 -9999 -9999 -9999 -9999 -9999 -9999 -9999 -9999 -9999 -9999 -9999 -9999 -9999 -9999 -9999 -9999 -9999 0.126750411778967 0.124613081577034 0.11527063546987 0.101535052504445 0.092591137108671 0.0849604760122629 0.0802262942252855 0.0714501672539746 0.0596902548929981 0.0436647514986855 0.0298253721953305 0.0260433904112726 0.0307818788301959 0.0430948467097027 0.0505549698423134 0.0555919151505836 0.0528131736121944 0.0580647853030187 0.0718958850914355 0.0835453762810789 0.0935057287674509 0.0950032146860392 0.0983710550142465 0.104143134782785 0.111490027899971 0.118322843197421 0.112273863430986 0.110843419200128 0.116587454130858 0.125608402992156 0.136356963558192 0.160693944166603 0.176805319215668 0.177349270489187 0.180734008057812 0.185557913689764 0.203032262088081 0.219517439357998 0.233143667671939
-9999 -9999 -9999 -9999 -9999 -9999 -9999 -9999 -9999 -9999 -9999 -9999 -9999 -9999 -9999 -9999 -9999 -9999 0.120111749552868 0.120230336609747 0.113835439392554 0.10346911017947 0.096469866955254 0.090078599436215 0.0848137771215461 0.0760975600725044 0.0648335051105919 0.0511973904962473 0.0396416509040947 0.0369051210351322 0.0402086686162514 0.0488816901226442 0.0542453108129267 0.0573487215230019 0.0520566240402108 0.05484398360777 0.0662632929314523 0.0755688057541893 0.084162281017321 0.0913669990865466 0.0994889335296742 0.1087899000162 0.117064636552928 0.124176692203658 0.120833581199424 0.120994002950494 0.126596847424363 0.13237053052009 0.138511962635502 0.155113205249144 0.168542063162466 0.175967003594867 0.180672613285647 0.1840005853964 0.194002204928014 0.205011254200207 0.218083815158321
-9999 -9999 -9999 -9999 -9999 -9999 -9999 -9999 -9999 -9999 -9999 -9999 -9999 -9999 -9999 -9999 -9999 -9999 0.119949404853043 0.119532548934618 0.116134705795267 0.110919281230927 0.105393218404489 0.0988802937500886 0.0895764626834937 0.0801415860212759 0.0706099708047812 0.0596719191707519 0.0511550504703767 0.0522988244702208 0.0543854774964856 0.0573103257924129 0.0591443718744703 0.0595458588640408 0.0537117077977904 0.0534231851446695 0.0590595143138856 0.0632308708148318 0.0684911747657668 0.0844459657916903 0.0980689561844165 0.108694542972516 0.116959949957186 0.124367029389209 0.130580523194186 0.136912957809053 0.1434301562642 0.148583910554087 0.152922546707602 0.148225556983103 0.152281838281164 0.172904180089578 0.181441689336992 0.183856912968488 0.185354892554081 0.188949958837053 0.197482748080834
-9999 -9999 -9999 -9999 -9999 -9999 -9999 -9999 -9999 -9999 -9999 -9999 -9999 -9999 -9999 -9999 -9999 0.165028367573942 0.162643380731192 0.154777251116127 0.147157184670083 0.139687149006543 0.127399056539539 0.115039254181686 0.103372032920219 0.0896545763198619 0.0744236251097163 0.0659638436932133 0.0594520117547246 0.0571917593587539 0.0577682981242257 0.060866671468591 0.0622956092720657 0.0630724671033098 0.0620763050761068 0.0631196570457608 0.0663419898848058 0.0725031353334321 0.0789864585377931 0.0824814465815457 0.0903041409019579 0.103689867588322 0.11300858245001 0.120929708484495 0.127819355970505 0.134378528143464 0.140424336669301 0.145884739065794 0.151026537809052 0.153390585026832 0.156132737925029 0.159590477209727 0.163738547286409 0.168236345193962 0.176607802718131 0.183848003144515 0.188278046882803
-9999 -9999 -9999 -9999 -9999 -9999 -9999 -9999 -9999 -9999 -9999 -9999 -9999 -9999 -9999 -9999 -9999 0.174213143212667 0.17126902873038 0.176308806167311 0.172575607622585 0.16349330926481 0.146553898019014 0.129983941086087 0.115947565715207 0.0985751083147043 0.0787399374520566 0.0718649029968613 0.0665357996711766 0.0612009184976987 0.0600135585942383 0.0625132387159973 0.0636253999894346 0.0648484239672374 0.0678909553126729 0.0718092488650949 0.0766631913505961 0.0828363037830815 0.0878728107640469 0.0821297644470048 0.084997767916771 0.098934810181336 0.109024532622293 0.117741963432816 0.124851851097305 0.131310632128148 0.136757977620801 0.142322313107775 0.148013738740943 0.156487379015507 0.15910418923368 0.150636617297689 0.150723194204685 0.155143380382101 0.167372434342656 0.177024969566984 0.180321135071317
-9999 -9999 -9999 -9999 -9999 -9999 -9999 -9999 -9999 -9999 -9999 -9999 -9999 -9999 -9999 -9999 -9999 0.185013813149196 0.186829574994952 0.182372705444541 0.17609597704295 0.16870963581887 0.154865302442729 0.139963822256522 0.123216327784877 0.104708557153035 0.0849013413162133 0.0770509812347349 0.0707099502399155 0.0646735543576826 0.0610399552724786 0.0595423809081502 0.0599887224525118 0.0612669421082263 0.0649758476181069 0.0754084698798261 0.0930245928167246 0.0920660202906223 0.0869946125675683 0.085514208005512 0.0880838405017456 0.0958595766007314 0.105691781168212 0.115985196798122 0.123710669334115 0.130269929881637 0.135017585095642 0.139915554910701 0.144912368434222 0.151220677624839 0.155611089717212 0.15637177307158 0.154947581071332 0.152416511430156 0.156734132176951 0.163061841027491 0.173787272440614
-9999 -9999 -9999 -9999 -9999 -9999 -9999 -9999 -9999 -9999 -9999 -9999 -9999 -9999 -9999 -9999 -9999 0.19918111861223 0.196547441553447 0.18953598112232 0.182118349303358 0.174453064772332 0.15963725254533 0.144491513297067 0.129728428563586 0.112202761814601 0.0926377423580217 0.084325161860578 0.0772591524529059 0.0698311956439218 0.0638588641065238 0.0591805460988106 0.0588962486002758 0.0596830600073171 0.0618819249155183 0.0714397910136628 0.0888598845029517 0.0892219770221621 0.0862078347915884 0.0894437673188025 0.0921473121957244 0.0941665015409914 0.101565004714579 0.110687646680902 0.119608789050144 0.126969245110034 0.131905315492264 0.136671451427136 0.141388417048114 0.14682015940911 0.151958647472218 0.156542135189601 0.157182010718422 0.155824016599076 0.158189200428362 0.161669040006594 0.167590788926794
-9999 -9999 -9999 -9999 -9999 -9999 -9999 -9999 -9999 -9999 -9999 -9999 -9999 -9999 -9999 -9999 -9999 0.201866239523739 0.201921889265453 0.19751652771306 0.190000697950648 0.180588339010965 0.16177799002325 0.144966073487368 0.135678031126254 0.120708545543552 0.10154498841765 0.0931516273491137 0.0855739561693117 0.076241461529319 0.0680103175043219 0.0607582459264376 0.0596951230315817 0.0595841835670905 0.0586550720310696 0.0618451732590777 0.0694361689274293 0.077402361174478 0.0854890184985793 0.0937785629554842 0.0969373774947187 0.0935009162069184 0.0968479540509714 0.102757895847058 0.113305940306348 0.121988500642192 0.127773199336216 0.132804869649137 0.137550321002924 0.143063557429733 0.148187750640469 0.15257565755983 0.157937116129726 0.16379178478229 0.168634419711436 0.16962095753907 0.16164511135963
-9999 -9999 -9999 -9999 -9999 -9999 -9999 -9999 -9999 -9999 -9999 -9999 -9999 -9999 -9999 -9999 0.210342237522429 0.203055664355689 0.196780768758697 0.19308298077219 0.185159952778515 0.174660691750612 0.157805261204787 0.142194512345684 0.131363735379396 0.11683067871073 0.0995645795141192 0.089596371566991 0.0810553444576897 0.074588111541874 0.0681483108923345 0.0617328968238776 0.0594540683349887 0.0579568206886788 0.0566449564567488 0.058023112579136 0.0622752391176921 0.0687842953290101 0.075783715811108 0.0822777977756572 0.0890774865204417 0.0962700162532739 0.0984973083727327 0.0996333920541139 0.107251087917807 0.115196000553269 0.123649214985325 0.129284106189808 0.133783127028156 0.138885292367141 0.143825727722021 0.148460079934256 0.154108299273561 0.160270152881043 0.165600639579431 0.168270212777282 0.164761029652754
-9999 -9999 -9999 -9999 -9999 -9999 -9999 -9999 -9999 -9999 -9999 -9999 -9999 -9999 -9999 0.214427067102224 0.211830823649418 0.201280128011504 0.192500728651916 0.188067287584641 0.179255080120772 0.167773030796813 0.153078678544586 0.138764331505387 0.126146776554062 0.112320818593583 0.0976028111175601 0.0860058359441117 0.0762426121678698 0.0719310855910493 0.0672554414078902 0.0622561060123044 0.0586768171439613 0.055662540804797 0.0542085989956117 0.0544425480004168 0.0564798098527794 0.0606944276217252 0.0654142646388683 0.0698833693668056 0.079370058396294 0.0953065806824808 0.0986205654426857 0.0982297419488726 0.102601960159094 0.108883961404921 0.118132638664512 0.124595624797296 0.129902375010452 0.134628254420249 0.139360547825182 0.144104980078695 0.14968344392878 0.155684435738698 0.161172290864477 0.16558187357979 0.16749530479114
-9999 -9999 -9999 -9999 -9999 -9999 -9999 -9999 -9999 -9999 -9999 -9999 -9999 -9999 -9999 0.217170547233039 0.218686589002563 0.207304819202498 0.196285561324647 0.186545632952689 0.175168822150334 0.162793963761763 0.148311595514902 0.13433873267872 0.12223022791313 0.111103128404209 0.100700507465045 0.0879561362015514 0.0762018977460815 0.0691853972758097 0.0643154619733182 0.0613537680456355 0.0563546990299874 0.0515544687152883 0.0496077908468224 0.0491271655945079 0.0502128451623797 0.0531287261552805 0.0566590347338423 0.0613764551313516 0.0684943540621889 0.0786979383240059 0.0900732277670518 0.101111567317322 0.103138631144311 0.105213436345377 0.107362403473059 0.115346494687057 0.125561030142863 0.130267474738295 0.134777355834479 0.138915229390365 0.145112133445353 0.152352160997813 0.157663215392995 0.162113817129253 0.164638410326791
-9999 -9999 -9999 -9999 -9999 -9999 -9999 -9999 -9999 -9999 -9999 -9999 -9999 -9999 -9999 0.230309021682613 0.228143251849143 0.216358274396592 0.204179480998797 0.191428409339812 0.177855378064877 0.163781177741125 0.14803950467038 0.13274072343686 0.119031837097287 0.108541573762248 0.100427315013562 0.0907503726395767 0.0808312283282074 0.0707045787729395 0.0642768110525074 0.0611372544070097 0.0566898063694535 0.0524123279469151 0.0501801909954828 0.0491149217507797 0.0492963134331364 0.0512945585016917 0.0539169332329696 0.057822242835716 0.0627885043004836 0.0691185620050683 0.0813714584423391 0.0947972656175876 0.098870987504456 0.101741319302194 0.102742292934078 0.108802833046175 0.116912176516723 0.124277382706006 0.130470105174687 0.134443835884422 0.140249391819482 0.146982967002741 0.15221448176947 0.156722022272362 0.159603797181474
-9999 -9999 -9999 -9999 -9999 -9999 -9999 -9999 -9999 -9999 -9999 -9999 -9999 -9999 -9999 0.23492065846057 0.239667410266945 0.228122791267322 0.215751464821922 0.202043823687073 0.186604313269374 0.170108839438978 0.151790903618229 0.133673703652342 0.116476272911509 0.104777119385521 0.097136823284312 0.0943000205373161 0.0896407393487283 0.0760412663855401 0.066835153669964 0.0615346255249246 0.0594034093875621 0.0577152169265688 0.0553831555414061 0.0538495435285058 0.0531689807763697 0.0545907151825405 0.0565572127814293 0.0587012186032952 0.0617102170001203 0.0658311165711905 0.0725314565828206 0.080251464982149 0.0903029780225615 0.098446798258219 0.103627189465563 0.104680849646686 0.104407650442967 0.116828885110345 0.126409850968389 0.130615447454251 0.135125788733011 0.139790516483629 0.145029550516684 0.149608279629509 0.152619897247083
-9999 -9999 -9999 -9999 -9999 -9999 -9999 -9999 -9999 -9999 -9999 -9999 -9999 -9999 -9999 0.251126901829484 0.251158822024578 0.239009676183043 0.226060895968494 0.211695820840109 0.195051842738234 0.177018361291664 0.157085095022941 0.137502542490016 0.119287157704578 0.105761904258552 0.0956989306624356 0.0949521534532609 0.0942043158564688 0.0893019438432196 0.0806878839136784 0.0687742286312643 0.0658826640128246 0.0644338788481714 0.0620683670500899 0.0603636708865814 0.0593649785201285 0.0600254506396383 0.0611163161170606 0.0623506480979146 0.063691248700577 0.0651684518693132 0.0706661929841732 0.0777427243405988 0.0883205247236629 0.0958843799009246 0.0987663425374392 0.0997533673853949 0.100247978828875 0.110675561950927 0.119824452146918 0.126553343655255 0.131225759440877 0.134856346001882 0.139665040856333 0.143868642406481 0.146607897584412
-9999 -9999 -9999 -9999 -9999 -9999 -9999 -9999 -9999 -9999 -9999 -9999 -9999 -9999 -9999 -9999 0.260679440809499 0.250908523794556 0.239268269080676 0.223669961543655 0.20544706797965 0.185623899588083 0.163625047493537 0.142444246753844 0.124031254118126 0.10897018006876 0.0963835101117794 0.0967704540319432 0.0991515116598253 0.103193068978782 0.0956784128808419 0.0778905794718913 0.0737506988542003 0.0719467872542678 0.0695301260815342 0.0675890381857478 0.0661560444114327 0.066118771488462 0.0664422618719481 0.0668769229155864 0.0667960303471548 0.0660524214927783 0.0706070332234324 0.077115433805078 0.0866428424674309 0.0929290723594415 0.0941804228253499 0.095764363263617 0.0976427650015737 0.105083391708544 0.113100501792398 0.122208639273905 0.127140417213438 0.129956413587803 0.134990295414974 0.139278411008758 0.141728530507863
-9999 -9999 -9999 -9999 -9999 -9999 -9999 -9999 -9999 -9999 -9999 -9999 -9999 -9999 -9999 -9999 -9999 0.268793944791465 0.26845378944021 0.248402528956215 0.226071265823653 0.202349828847381 0.175090181603023 0.150371455831998 0.133648580936948 0.119109489649064 0.106182479011484 0.107245238409131 0.110014793804289 0.112920073431921 0.105955372205922 0.0902165111658298 0.085202964617206 0.0821970773858472 0.0795769213535327 0.0767888656531693 0.0738214289016243 0.073582999577625 0.0738968364678909 0.0733000628637638 0.0727895853289032 0.0723900367239869 0.0732731518298233 0.0748807837913122 0.0803848656557999 0.0872848022944383 0.0963530736600922 0.0973193815981892 0.0952007316228623 0.101150432172751 0.108022014958774 0.116638312019935 0.120968341701469 0.12312690951195 0.132142191390239 0.139278411008758 0.141728530507863
-9999 -9999 -9999 -9999 -9999 -9999 -9999 -9999 -9999 -9999 -9999 -9999 -9999 -9999 -9999 -9999 -9999 0.295497336980223 0.287423052029871 0.264792870131968 0.240860523941913 0.216134216069269 0.187071315750134 0.161022661444878 0.144485336246893 0.130663237178858 0.118845532452337 0.121140063021452 0.12494623134277 0.128105378274382 0.125487891144783 0.117735124505301 0.105358175490033 0.0938842380895333 0.0911655590768717 0.0880199536882152 0.0844182276711323 0.083545870440506 0.0831800034087731 0.0815656570141228 0.0801158500848126 0.0788775497395095 0.0778780683445631 0.0771424541469268 0.0787555127720769 0.0841644372498779 0.0954698975993295 0.0968168925926449 0.0942852829440119 0.0986243188534879 0.104090738512447 0.11169079568408 0.116472300232632 0.119825900497455 0.121212738299402 -9999 -9999
-9999 -9999 -9999 -9999 -9999 -9999 -9999 -9999 -9999 -9999 -9999 -9999 -9999 -9999 -9999 -9999 -9999 0.30027095599335 0.295402327465741 0.272209185667247 0.249372932545063 0.226754283250329 0.199607529253364 0.174604165763794 0.156633873596239 0.143738545268781 0.134589582185923 0.138713944984929 0.144253926462744 0.149162368474769 0.154976940502888 0.161597038873099 0.134875449959095 0.107117090913056 0.104412810855875 0.101436140029024 0.0981684516965229 0.0961966190570249 0.0944302513330331 0.091813243834355 0.0888757575333478 0.0855263130642059 0.0845686178363195 0.0842409741799775 0.0821053331485903 0.0837591254446599 0.0912994612635919 0.0941010707066998 0.0950120350218925 0.0976115994006766 0.101393556555815 0.107413258918387 0.113779227425927 0.120320617498301 0.121442881677465 0.122158234595893 -9999
-9999 -9999 -9999 -9999 -9999 -9999 -9999 -9999 -9999 -9999 -9999 -9999 -9999 -9999 -9999 -9999 -9999 0.326276525704215 0.318785106838866 0.295607739020588 0.27301806713504 0.250786727953295 0.221806916726776 0.195309057636034 0.177236213538927 0.165240287680578 0.157730375122278 0.159829135260055 0.163339674225447 0.167837032799474 0.174472710329891 0.183009298564705 0.154516750509361 0.124508939024856 0.120490771748966 0.115854708564492 0.110558496263045 0.108632136134486 0.107160381526831 0.102889420496102 0.0987658457522021 0.0948317281090193 0.0923138159451599 0.0901354963877202 0.0864653200887749 0.0856056373491352 0.0891118033335526 0.0926062044285894 0.0960736208722275 0.0987624427630368 0.10154074524657 0.104488394813009 0.111071093236985 0.119495340331271 0.121113609427715 0.122158234595893 -9999
-9999 -9999 -9999 -9999 -9999 -9999 -9999 -9999 -9999 -9999 -9999 -9999 -9999 -9999 -9999 -9999 -9999 0.360215682482236 0.345857654760942 0.323160885917032 0.300239687127321 0.277181647864817 0.245755602338334 0.217511911875088 0.200017572424023 0.18898017061789 0.182709314454583 0.182234559651803 0.183124409312597 0.186523646584054 0.191892448096189 0.19901214169901 0.172073461903964 0.143536711400292 0.137873573792361 0.131117327828164 0.123193224129159 0.121037662742066 0.119691688062199 0.113785235014961 0.108629709381172 0.104439460325421 0.100156064612338 0.0958314213553527 0.0913668782884402 0.0884488477317699 0.0879331851318682 0.091752811665601 0.097273605192883 0.100248167372155 0.102185082677361 0.102158192582295 0.108445500570558 0.117931638489355 0.116134620305892 -9999 -9999
-9999 -9999 -9999 -9999 -9999 -9999 -9999 -9999 -9999 -9999 -9999 -9999 -9999 -9999 -9999 -9999 -9999 0.374832484152221 0.37168492408893 0.351864555056716 0.325875338212958 0.296124822723858 0.264689089212938 0.237578507202556 0.223268574346976 0.213683710169892 0.207586916771873 0.207663041407545 0.208559306383444 0.209765545804007 0.212499559828196 0.216591726287625 0.192533574523282 0.167018224775134 0.159720871485378 0.150821287035273 0.140209907004397 0.133622080617733 0.127960052833599 0.121777234985743 0.116178611245808 0.111330937436994 0.106748041374074 0.102297186974837 0.098430178170848 0.0945342947854856 0.0905935573374513 0.0934141056683252 0.0988822703631411 0.100185804346621 0.101220199512197 0.101745234241933 0.106466223096425 0.113312920309174 0.114191821672144 -9999 -9999
-9999 -9999 -9999 -9999 -9999 -9999 -9999 -9999 -9999 -9999 -9999 -9999 -9999 -9999 -9999 -9999 -9999 0.417226841428506 0.393169235655561 0.374446226438618 0.34754162368699 0.315648501584766 0.286535577088413 0.261158231016659 0.246045781373234 0.235379930492195 0.227996582420037 0.2283576954386 0.229703620435118 0.231273792970041 0.233681414479854 0.236833506647798 0.221163622685604 0.202435781984171 0.18537821480323 0.170493319185821 0.157929667639158 0.148168971289452 0.139310844872655 0.131987712094976 0.125308062908933 0.119455577078806 0.114308664859717 0.109462983891785 0.105535894611483 0.100805844702127 0.0948284677436787 0.0971944860968287 0.102784395797458 0.101716178895699 0.101313010914251 0.102168485630807 0.105698333343886 0.110583042636186 0.110600037827571 -9999 -9999
-9999 -9999 -9999 -9999 -9999 -9999 -9999 -9999 -9999 -9999 -9999 -9999 -9999 -9999 -9999 -9999 0.443214462945935 0.426732050150295 0.409031908974804 0.3891034236173 0.364069858374848 0.335923600026286 0.312152729736839 0.289285440335726 0.268209695878807 0.253183398056412 0.242622833850004 0.242924758906736 0.245294091477128 0.250537955521509 0.255607231416449 0.26052130292472 0.260369049345937 0.253303666879523 0.21596738094456 0.190124024118339 0.176559510536054 0.165256138136062 0.154651611480844 0.145069844103421 0.136483419618185 0.129176454590332 0.123123130028966 0.117534919650611 0.112696516155771 0.107318291037673 0.10110150162637 0.103717867483498 0.109655236252217 0.105308234667458 0.102774929860023 0.1036741487895 0.106498495578572 0.110298129575316 0.110473193831583 -9999 -9999
-9999 -9999 -9999 -9999 -9999 -9999 -9999 -9999 -9999 -9999 -9999 -9999 -9999 -9999 -9999 0.472806228742247 0.470905569882347 0.459976663129677 0.447031313424584 0.429764142486249 0.407486783965748 0.382154590516357 0.348967268337235 0.31699822787177 0.290012822691042 0.274097915072593 0.266355307516669 0.267802883665721 0.270994821611663 0.276600976358853 0.281224487143648 0.284974452650671 0.288193039164837 0.283842100361143 0.24179007841526 0.212029953491317 0.195402275072081 0.183328510947299 0.172370772391958 0.161325946560335 0.151381197424216 0.142850537385389 0.135180542733863 0.127591091656759 0.117511247066659 0.108921224985836 0.102645508048911 0.106798273565762 0.114871655623892 0.110796856381048 0.109349348051518 0.112874136379552 0.112572847279235 0.110333232704671 -9999 -9999 -9999
