layers/veg/veg_800.asc
NCOLS 255 
NROWS 330 
XLLCORNER -2985163.8955 
YLLCORNER -3022031.214 
CELLSIZE 25000 
NODATA_value -9999 
[rows 125 to 149 of 330, columns 171 to 227 of 255]
0.271273049875093 0.317842165695808 0.344281121923055 0.346715949545653 0.321554996286241 0.290384175940388 0.279321312488148 0.275737031536086 0.282906015212731 0.288107582834887 0.292767299900916 0.301394999169775 0.310931708025443 0.322054800212211 0.339589671923649 0.360106918709717 0.371177996282975 0.378908714303261 0.379487292999363 0.346496721442475 0.294325480658104 0.306039972739377 0.293444410206448 0.207778229584285 0.188029045084878 0.213998422370043 0.333342660212095 0.433983718751415 0.438646045116456 0.457652426163745 0.488655978100565 0.495752479495361 0.505375542283755 0.543742594336142 0.577188270150945 0.605685516861296 0.628719857192963 0.651373238338367 0.679458701904704 0.696618839629969 0.700571205590943 0.701477330726715 -9999 -9999 -9999 -9999 -9999 -9999 -9999 -9999 -9999 -9999 -9999 -9999 -9999 -9999 -9999
0.242397192640681 0.303330784551172 0.340633234943925 0.349756824785045 0.32510664946642 0.293052010594472 0.285122933649514 0.284596116229428 0.294712820562217 0.303647527053941 0.31201542972792 0.317791685683564 0.326218475008433 0.339270916269735 0.346651448209507 0.35139799758809 0.377386651404888 0.39429403727731 0.391757260762886 0.362468476291003 0.317894186766534 0.324881714571722 0.316629197824503 0.261100046062818 0.242544507962539 0.249633045593956 0.324130227848563 0.396851748285265 0.440326061554231 0.464974564365469 0.473877417135734 0.450451017274486 0.438491575441999 0.501926846935616 0.557318686222775 0.604622878455812 0.629947106905876 0.652466129671517 0.688666076466014 0.706593661017458 0.702431543750273 -9999 -9999 -9999 -9999 -9999 -9999 -9999 -9999 -9999 -9999 -9999 -9999 -9999 -9999 -9999 -9999
0.245272570485501 0.308980149321938 0.347096094256016 0.354695397305413 0.329249153418363 0.296837723824584 0.290785972644522 0.291681223428675 0.302565392633607 0.313109190709748 0.323351871659634 0.330004420420285 0.337657005627866 0.347054832220051 0.358962501220744 0.372041883073977 0.394417184125966 0.409098665872632 0.407306691174216 0.380434588883407 0.339232256964879 0.337907318795502 0.330780065418236 0.303070598206514 0.297490569242871 0.307259026243584 0.363285353613838 0.418735795068919 0.456310233247066 0.453223679924453 0.416128830176697 0.405683753607986 0.41467795254186 0.492605269494078 0.554802471936063 0.60118309123117 0.609133750164154 -9999 0.71300770030168 0.71300770030168 -9999 -9999 -9999 -9999 -9999 -9999 -9999 -9999 -9999 -9999 -9999 -9999 -9999 -9999 -9999 -9999 -9999
0.263920959829353 0.324644736378047 0.35858165322427 0.360576685942487 0.333685173386109 0.301178763850337 0.29638016839302 0.297885074596666 0.308453626410453 0.319551356415973 0.330758036742659 0.340138699962228 0.34718385387457 0.350153128843088 0.373881229238777 0.407267316490012 0.416823684093258 0.42361482382767 0.424485255127136 0.399391435459825 0.359462217643323 0.348043649416195 0.340443166659909 0.339402200481483 0.352650538219701 0.375809619201663 0.426467955747891 0.469937136640802 0.479400257822758 0.431997919790743 0.33703409046395 0.361181862923669 0.41226031718561 0.499425770152356 0.560906864004305 0.596562411497437 0.605744944546376 -9999 -9999 -9999 -9999 -9999 -9999 -9999 -9999 -9999 -9999 -9999 -9999 -9999 -9999 -9999 -9999 -9999 -9999 -9999 -9999
0.274500735880504 0.326007815728618 0.350629470017852 0.343191705716313 0.329614347464767 0.315020551839796 0.308058893201071 0.307471627056332 0.316049938657566 0.328997966436596 0.343619797622708 0.359128001188626 0.37277162815152 0.383161237461006 0.402741160278698 0.426593323608905 0.429197736924924 0.429627238861082 0.425399975871234 0.397836791477517 0.356939978255162 0.382931399935782 0.405956049074712 0.412525389184975 0.42694896794826 0.446820071875774 0.48449369406816 0.514803843616252 0.513847729846068 0.489458374922856 0.445469778025451 0.464450098122468 0.498215208083462 0.553543068893527 0.595621595076819 0.624377954874807 0.627746273319581 -9999 -9999 -9999 -9999 -9999 -9999 -9999 -9999 -9999 -9999 -9999 -9999 -9999 -9999 -9999 -9999 -9999 -9999 -9999 -9999
0.291410521766961 0.327740205465986 0.341556512970338 0.328526834729144 0.325464403636114 0.324681552151849 0.317708540671188 0.316330012814894 0.322995651466406 0.337324276465124 0.354614069368023 0.373992169342893 0.391369681269868 0.405255811392262 0.422367757036275 0.440975419465674 0.440459600045347 0.437872481720559 0.430850446102639 0.397697042770204 0.349612754478917 0.407715504206397 0.457082073593185 0.469572807159345 0.481640356753112 0.493414395359941 0.521160517506365 0.542319666506417 0.535493542338717 0.528121893889364 0.520293976401976 0.539271002324534 0.564402089691055 0.598078724597941 0.627012479584018 0.651177282978906 0.661741965789547 -9999 -9999 -9999 -9999 -9999 -9999 -9999 -9999 -9999 -9999 -9999 -9999 -9999 -9999 -9999 -9999 -9999 -9999 -9999 -9999
0.323061271788538 0.330777552890674 0.330544822195549 0.320833324053233 0.32140711985366 0.324472373366007 0.322520455537167 0.323413724475186 0.328398015504811 0.342990982705389 0.361160512373401 0.379134254223109 0.393460415155662 0.401420898927294 0.420422427151467 0.444558620905259 0.449499803957952 0.45149940973477 0.447200720320222 0.401454047592635 0.332024914865844 0.408588877159562 0.473498083941069 0.488659514510748 0.490860308094809 0.484071892254174 0.50912964439257 0.530345003467003 0.527487154887535 0.521251660439459 0.512191149244889 0.54425818862848 0.582522054628146 0.619172581574281 0.64987889515593 0.674608319957714 0.673849669442858 -9999 -9999 -9999 -9999 -9999 -9999 -9999 -9999 -9999 -9999 -9999 -9999 -9999 -9999 -9999 -9999 -9999 -9999 -9999 -9999
0.329257697577382 0.321224075512431 0.318558155642349 0.322292930868538 0.327070438192049 0.331782479608767 0.332853070190781 0.335093953741453 0.33901757195271 0.351480844399708 0.367008073156186 0.379996037777668 0.39155296988974 0.400612495866461 0.425151758363321 0.45688977570111 0.46130480661807 0.465066851983078 0.467430771316988 0.429884042687183 0.369533253439895 0.430652641232213 0.479929820843053 0.482086813375431 0.480116941065756 0.475284767128946 0.485753745080787 0.492979957897592 0.483870825423511 0.481254769985471 0.484069435255478 0.540296677815313 0.600035754024042 0.637099524505503 0.665273042732357 0.684507438876517 0.688033935121238 -9999 -9999 -9999 -9999 -9999 -9999 -9999 -9999 -9999 -9999 -9999 -9999 -9999 -9999 -9999 -9999 -9999 -9999 -9999 -9999
0.319997448766128 0.304025049183592 0.305979452812244 0.329310601506108 0.338636415054198 0.343658534680096 0.346538029200588 0.349565334573152 0.352805173431479 0.361685015804229 0.372431250443277 0.378258686341406 0.387217703182718 0.401641885496807 0.433934155910535 0.474532965780567 0.474788682941631 0.478598172583901 0.490016746071483 0.473296261570531 0.440497742338777 0.465583884212888 0.480298789613355 0.45993290396352 0.457251212697485 0.466834885163141 0.455488785322199 0.440197065162024 0.418631007502741 0.421142320649636 0.443791616991044 0.530901233727415 0.617181309716502 0.653103416585548 0.6761297917169 0.686189547111542 -9999 -9999 -9999 -9999 -9999 -9999 -9999 -9999 -9999 -9999 -9999 -9999 -9999 -9999 -9999 -9999 -9999 -9999 -9999 -9999 -9999
0.297557897495782 0.305809038957822 0.325423730150343 0.35858884094432 0.37462431854076 0.384368111037319 0.381366247388023 0.385256119962913 0.399055445748774 0.426474792633001 0.458099581159725 0.471624112884199 0.477402916234942 0.46966404655163 0.480636672262787 0.500314272501816 0.497003321389802 0.497346275047168 0.50551270865437 0.466004709215579 0.399256594254901 0.432552055958855 0.456974793385558 0.44494071934643 0.444969683017756 0.453365301229104 0.465955184566101 0.474283162477926 0.466615843682969 0.481909681242639 0.516407915516481 0.580089258123311 0.642098792941772 0.675428649884141 0.69151028693351 0.690248890408914 -9999 -9999 -9999 -9999 -9999 -9999 -9999 -9999 -9999 -9999 -9999 -9999 -9999 -9999 -9999 -9999 -9999 -9999 -9999 -9999 -9999
0.290459850788919 0.314884865137593 0.346862869584616 0.387847406981791 0.4126506051142 0.430238841008855 0.423261946163652 0.426733719730501 0.445229369339329 0.484157512780263 0.529229419285117 0.543741644497278 0.545259849016994 0.52410117737437 0.523345692931595 0.532086581992157 0.529070064700614 0.528771504565819 0.534292440193072 0.473891072677741 0.375823160678483 0.415767411007299 0.448614127759589 0.444901423173316 0.44576104420163 0.449791928536912 0.489185333229527 0.52344527061285 0.528014095528016 0.550022203931022 0.586616290206345 0.625511448456318 0.663938199545847 0.698576473094116 0.721257486471022 0.731915510467514 -9999 -9999 -9999 -9999 -9999 -9999 -9999 -9999 -9999 -9999 -9999 -9999 -9999 -9999 -9999 -9999 -9999 -9999 -9999 -9999 -9999
0.329834785726326 0.341438181794448 0.368183192956295 0.412983762709433 0.452071349531285 0.48566792279597 0.481596161161811 0.480957429823441 0.485254965919184 0.511456814084407 0.543943790911456 0.537458460697643 0.531719192720566 0.52728193598022 0.547658283838764 0.57958068359445 0.587840725793169 0.5956568519683 0.602522496855833 0.534634058636786 0.424032792399595 0.45806294277973 0.487560432784916 0.486503760123161 0.482168975737988 0.475560566003069 0.541637975369678 0.600044812552257 0.607260620076739 0.617154811640285 0.629289166932725 0.649417145385283 0.675516872191608 0.722932508967005 0.742900093440358 0.735268743324089 -9999 -9999 -9999 -9999 -9999 -9999 -9999 -9999 -9999 -9999 -9999 -9999 -9999 -9999 -9999 -9999 -9999 -9999 -9999 -9999 -9999
0.350522255309168 0.383332785795161 0.406351928603298 0.417695370185822 0.460385174440383 0.508022273371606 0.514306644799008 0.51935288299314 0.522618840726017 0.52973352410707 0.537077856078241 0.519536150875374 0.513317713391245 0.526860391106826 0.561594958542343 0.60617989234328 0.598834804815476 0.595832398529589 0.602128231187795 0.559519336914261 0.488967364431454 0.510034804723738 0.52469385918117 0.510551845277111 0.501635947104876 0.49634476651737 0.552286897695136 0.604314105433342 0.621913254110871 0.63550474421214 0.645744283566472 0.67265554675751 0.704430710263447 0.746222590438944 0.768188389734829 0.77021912393598 -9999 -9999 -9999 -9999 -9999 -9999 -9999 -9999 -9999 -9999 -9999 -9999 -9999 -9999 -9999 -9999 -9999 -9999 -9999 -9999 -9999
0.357468850979615 0.436507822484103 0.456909284339044 0.40738868143595 0.44582611366636 0.506056808357471 0.528176025316243 0.546109835247459 0.558025554271061 0.541375932109123 0.514343944265519 0.49305560374842 0.491342075922328 0.523790076217632 0.567902232812316 0.617415108026977 0.574698812544723 0.546956297652996 0.551274572414279 0.558038479887059 0.566199767744437 0.56912166221688 0.560494277799862 0.52169230727419 0.508646248012346 0.513463915705543 0.532197588155327 0.555399041126059 0.589070067377892 0.617984826301106 0.642921508369358 0.695403286398279 0.746091077511435 0.76872887674434 0.777266225466425 0.771625613324476 -9999 -9999 -9999 -9999 -9999 -9999 -9999 -9999 -9999 -9999 -9999 -9999 -9999 -9999 -9999 -9999 -9999 -9999 -9999 -9999 -9999
0.373463516347841 0.45735116668766 0.49095279528635 0.464591057609399 0.472775665438968 0.491537830846037 0.515209089429906 0.536018683405267 0.552713562217273 0.538460409600959 0.512951326596363 0.493509246995428 0.486960547637164 0.502913088964703 0.549181465198865 0.609532271334011 0.568581444055569 0.545187990246677 0.559387130656952 0.594137830386646 0.640631236096207 0.644665523730147 0.637185211015792 0.604370743238119 0.60117749412981 0.618528863185651 0.640724241305565 0.658628445422679 0.660213944061472 0.668181756683711 0.681487649313746 0.720373044543106 0.759086718675728 0.778531472778554 0.78815965967538 0.787917317573221 -9999 -9999 -9999 -9999 -9999 -9999 -9999 -9999 -9999 -9999 -9999 -9999 -9999 -9999 -9999 -9999 -9999 -9999 -9999 -9999 -9999
0.38780106243857 0.471992906617734 0.518116101504232 0.518844487214803 0.502191795642978 0.484372464951976 0.505011666285837 0.525138438977907 0.54452840348629 0.535279001977743 0.515301968718999 0.494518030605158 0.48198718590563 0.483859456434433 0.529090685625025 0.594479532464442 0.564548742912231 0.55389071466948 0.584498146584874 0.641633847645797 0.713927214355785 0.71694096797144 0.711223008290384 0.691024008487071 0.701805845171867 0.73407530068689 0.755671884961337 0.764069630041086 0.731069205718759 0.718126363258764 0.721959407573026 0.746556786107075 0.772398778141068 0.788878384834461 0.799631592024746 0.804626921622074 -9999 -9999 -9999 -9999 -9999 -9999 -9999 -9999 -9999 -9999 -9999 -9999 -9999 -9999 -9999 -9999 -9999 -9999 -9999 -9999 -9999
0.392023617714905 0.477805009103644 0.526996425127742 0.532556270810056 0.522557495243649 0.509991912401883 0.516855846221693 0.527488168084141 0.54353895980303 0.537494650315003 0.522181451438598 0.485776029824354 0.467103501933185 0.479378026111273 0.514891878092677 0.561211002403866 0.56034880812244 0.580782621836762 0.646813927024442 0.714930652320855 0.78423894049582 0.769875153486098 0.757488382393797 0.761054704424783 0.794973046170252 0.84994287342363 0.838043850242474 0.811002995663066 0.755257020258675 0.737442093866804 0.751352177390401 0.776269818921315 0.799453727408853 0.806814965445031 0.809034398106795 0.806083760825549 -9999 -9999 -9999 -9999 -9999 -9999 -9999 -9999 -9999 -9999 -9999 -9999 -9999 -9999 -9999 -9999 -9999 -9999 -9999 -9999 -9999
0.396083308834861 0.477549751596116 0.527857144352727 0.54100905207519 0.535848001443627 0.525828252878925 0.520578389808049 0.521073960169002 0.529830743948084 0.530082810327276 0.525848167817222 0.494543015328566 0.476568541410362 0.481858471502066 0.503063558254389 0.531684474249948 0.576442708611154 0.623967910191575 0.677417544379761 0.745055006076744 0.82079907829118 0.781300574877972 0.754199852402227 0.774908597232568 0.81336522592526 0.864131391954806 0.845355426561715 0.815620266832223 0.772381496688503 0.769731069886438 0.801028177584181 0.825494886232111 0.84165876287941 0.825089712688212 0.816782479935601 -9999 -9999 -9999 -9999 -9999 -9999 -9999 -9999 -9999 -9999 -9999 -9999 -9999 -9999 -9999 -9999 -9999 -9999 -9999 -9999 -9999 -9999
0.399998776829993 0.471921589226436 0.521616163412901 0.544804763507627 0.542873123512063 0.533001236792601 0.51710887960527 0.506898913951101 0.504859515363423 0.514145420695623 0.526669843203876 0.518814951526958 0.507595409219984 0.490503953401925 0.493334405907541 0.50547164764995 0.610507661807717 0.681581679318592 0.679938694993537 0.73694832167016 0.8274707516937 0.755968223396901 0.707029236538309 0.739015545899355 0.765540949817999 0.788278791232986 0.786197841788736 0.782764839846217 0.783251087349931 0.813508405493309 0.868665839394773 0.891998688467221 0.897279842874918 0.843663920841336 -9999 -9999 -9999 -9999 -9999 -9999 -9999 -9999 -9999 -9999 -9999 -9999 -9999 -9999 -9999 -9999 -9999 -9999 -9999 -9999 -9999 -9999 -9999
0.423558270715218 0.47652734667122 0.517472427150114 0.544079542128333 0.533496677502126 0.511629082705279 0.485484060972447 0.476029785978096 0.490574713576658 0.497781955582112 0.50112389813212 0.481228275230703 0.479855122749718 0.510806974044427 0.531146071588741 0.546567534560739 0.634579382167987 0.698852483503283 0.712297876615532 0.747220962431186 0.794415926337555 0.744503209327016 0.715032697018051 0.752541370128847 0.781000972877774 0.803184341775548 0.827422907310554 0.843010907902248 0.828353737108417 0.845008466418237 0.887852040147638 0.902981649719837 0.911765220210567 0.91178930898551 -9999 -9999 -9999 -9999 -9999 -9999 -9999 -9999 -9999 -9999 -9999 -9999 -9999 -9999 -9999 -9999 -9999 -9999 -9999 -9999 -9999 -9999 -9999
0.447583960758539 0.479064235870764 0.508946219696456 0.536922327445435 0.517894021997077 0.485810749282763 0.460218064742047 0.456188785613807 0.483164981746537 0.483875082082287 0.473699714820873 0.441196410841914 0.444947079693361 0.511967376301051 0.553936930921362 0.584252117584268 0.644601624056216 0.697642630252595 0.735035197592975 0.754597836058726 0.763972847923373 0.743010024644137 0.737922461279948 0.779100535357949 0.81101075509123 0.836492997271038 0.877303855980892 0.90276195759127 0.870524344063334 0.870307239416675 0.896871649866566 0.904624711532392 0.909100658577882 0.912305782940591 -9999 -9999 -9999 -9999 -9999 -9999 -9999 -9999 -9999 -9999 -9999 -9999 -9999 -9999 -9999 -9999 -9999 -9999 -9999 -9999 -9999 -9999 -9999
0.456358199314324 0.462075151873503 0.476588835478827 0.501592145972189 0.485785695966297 0.463275475164047 0.492012732439604 0.506537925329658 0.500627950291315 0.48265572125614 0.460472964767321 0.444296116573196 0.426745650434499 0.406797976783153 0.458920384182847 0.544588259087007 0.593191061507243 0.639973783748689 0.682859480291718 0.731014084396962 0.782179225628687 0.779054665231993 0.785987721020983 0.826705449021139 0.857249260912689 0.880736670972211 0.880675480845087 0.876681769031035 0.867359145993367 0.875532805055905 0.898340114849525 0.909186903028832 0.916234098065048 0.914687937150703 -9999 -9999 -9999 -9999 -9999 -9999 -9999 -9999 -9999 -9999 -9999 -9999 -9999 -9999 -9999 -9999 -9999 -9999 -9999 -9999 -9999 -9999 -9999
0.463601777670529 0.458021228403914 0.461508631612693 0.475809078622218 0.469486492738181 0.462948720171506 0.513558026423478 0.533760730536184 0.510242550476589 0.48813162097253 0.467492230213294 0.46636881363971 0.435835699588962 0.353977435036549 0.404284182835012 0.51610890636868 0.562839026183664 0.614322609960391 0.675983971304996 0.744579729739717 0.817137649142921 0.807381368337596 0.807351679347214 0.843797504623098 0.869088678691154 0.886643234884804 0.878034028315011 0.869529461862546 0.870380764237485 0.88100041769687 0.899790186222397 0.911737326030143 0.920633507453791 -9999 -9999 -9999 -9999 -9999 -9999 -9999 -9999 -9999 -9999 -9999 -9999 -9999 -9999 -9999 -9999 -9999 -9999 -9999 -9999 -9999 -9999 -9999 -9999
0.469216322800461 0.467733787065732 0.464815984211833 0.460186702800071 0.470012438769752 0.486257789493741 0.52419523621422 0.536370909551756 0.511504380508708 0.500733074672324 0.496058689450189 0.508633865152621 0.473971205822444 0.356870126501576 0.392623505609326 0.499532869316588 0.554898915176135 0.622746832328615 0.717320040904945 0.797682303051876 0.869924745041979 0.827494114746376 0.800298287303047 0.828415690698701 0.844318235318882 0.851748825686532 0.868993047744606 0.882521500054704 0.879986815357864 0.886725633304354 0.901220681857957 0.912146687466621 -9999 -9999 -9999 -9999 -9999 -9999 -9999 -9999 -9999 -9999 -9999 -9999 -9999 -9999 -9999 -9999 -9999 -9999 -9999 -9999 -9999 -9999 -9999 -9999 -9999
0.45640993007902 0.466522197206533 0.467315541911049 0.456996574700713 0.461357943856641 0.473677016796147 0.522190803751165 0.542436731896851 0.522037020811254 0.515047603002604 0.511836323545102 0.483326860708289 0.441481608826915 0.376363034249786 0.425096888987538 0.526826235283704 0.576583191573463 0.626935511904972 0.678562583204958 0.767279997256225 0.877190011968659 0.829465780848405 0.789623463834203 0.790938327043962 0.797340525332475 0.807271186032772 0.84337230703412 0.874711101520319 0.880787531817848 0.889973052880446 0.901758974878894 -9999 -9999 -9999 -9999 -9999 -9999 -9999 -9999 -9999 -9999 -9999 -9999 -9999 -9999 -9999 -9999 -9999 -9999 -9999 -9999 -9999 -9999 -9999 -9999 -9999 -9999
