layers/veg/veg_2400.asc
NCOLS 255 
NROWS 330 
XLLCORNER -2985163.8955 
YLLCORNER -3022031.214 
CELLSIZE 25000 
NODATA_value -9999 
[rows 200 to 224 of 330, columns 112 to 167 of 255]
0.1846295580091 0.18236838651923 0.179595563785046 0.176506241776758 0.163540434536105 0.146779524582182 0.1208548253203 0.106535151534113 0.100902301745832 0.0939770412834292 0.0902136320211012 0.0991012721825623 0.100526317758379 0.0952261795048066 0.090148186914755 0.0854385984382836 0.0824218074582191 0.0810254878725531 0.0813841915253621 0.0828752826775559 0.0849856516146617 0.0896291649755541 0.0887073142880123 0.0805318710296673 0.0744239674841608 0.0703008402353249 0.0834421638285615 0.0954732411333362 0.10575482161754 0.117971204068724 0.130939094599647 0.141770019701099 0.153766644633971 0.168002915707084 0.181366508517404 0.194281224434163 0.21172893171347 0.233849777031773 0.266826087936302 0.307235422045397 0.352309285928959 0.382274611016838 0.401911603406899 0.393917614314084 0.390468251790823 -9999 -9999 -9999 -9999 -9999 -9999 -9999 -9999 -9999 -9999 -9999
0.195631743213507 0.169298722035557 0.165976341337538 0.176887974705721 0.161450076230887 0.141379119223972 0.11300019005804 0.102974455343621 0.106686818002061 0.0959833504771045 0.0880731386362295 0.0975919166212586 0.0972705202943701 0.0880812991913413 0.0833790922484598 0.079646548156166 0.0766400598236709 0.0766535033217083 0.0799376312388075 0.083526131438027 0.0875561621179847 0.0943608117615502 0.0935817969551521 0.0829186466932856 0.07649503088447 0.0726715990861853 0.0847855347165832 0.0952172867820278 0.102998298350443 0.124387880575256 0.150718962764937 0.148188291770758 0.149886906565516 0.159711201177539 0.17452030726477 0.191893435839303 0.213045536565479 0.236020087595579 0.263122545166246 0.292999913100381 0.32461865216382 0.341485884553525 0.358858285320728 0.380940078807804 -9999 -9999 -9999 -9999 -9999 -9999 -9999 -9999 -9999 -9999 -9999 -9999
0.205416571265435 0.184550136546432 0.173313587461638 0.16803393156688 0.152848959286086 0.135800123303799 0.115269009136705 0.10737533897352 0.108941299215737 0.0973334271032953 0.0874762794464071 0.0904924838475255 0.0909508048328374 0.0891039977573898 0.0815630874621798 0.0750008335684848 0.0789413770692418 0.0822462902790189 0.084862795204883 0.0903549806497936 0.0967625216919302 0.104599977517801 0.106632367599657 0.101098750967962 0.0899144567810698 0.0785783924377352 0.0898889492759405 0.103443301353204 0.120533366792034 0.144089822518011 0.169543504135366 0.163171511152021 0.165274708785502 0.183661196028491 0.198990634321778 0.212747627540501 0.225034018332543 0.239877979034149 0.260870434801041 0.288498742747533 0.320291322648901 0.328189528403359 0.332830345236278 0.332903554351263 -9999 -9999 -9999 -9999 -9999 -9999 -9999 -9999 -9999 -9999 -9999 -9999
0.212683400053426 0.201595393490514 0.183084102883375 0.159980887527548 0.144627954744486 0.130805553807654 0.119919934116905 0.113597336935126 0.110690343925602 0.0995855033821131 0.0890683895578546 0.0846512881324221 0.0856427253392888 0.0915082604397394 0.081109938779033 0.0714815567360039 0.081378306800899 0.0871955150454489 0.0885944467799754 0.0960522635227151 0.105143559563424 0.115001297728052 0.119683043290358 0.117618681830737 0.10271918042337 0.0856471154594793 0.0958078296433054 0.112679930720169 0.14012765826209 0.164104377849322 0.185915251175443 0.178711802677899 0.182446983955685 0.207198433140091 0.221673972695966 0.230863923519732 0.233427770755644 0.240450369313737 0.258405181309399 0.26088613830605 0.253656610701448 0.290316186978096 0.320176393678655 -9999 -9999 -9999 -9999 -9999 -9999 -9999 -9999 -9999 -9999 -9999 -9999 -9999
0.208480227761415 0.20249853037845 0.186421183251474 0.164098828707645 0.144067195343386 0.128881555972431 0.127476306657888 0.12184373939878 0.11304685621081 0.106913739907263 0.100201869728132 0.0900309858891583 0.0880894391197504 0.0935640535730475 0.0830618820478879 0.0725605206892451 0.0773325828978375 0.0801127128606311 0.0807355153982517 0.0906392273171672 0.103534930627466 0.121333167209388 0.125493400046018 0.111878601135128 0.10241037177187 0.0953746022334034 0.102460532936052 0.119441087361836 0.152013328897289 0.173911207757292 0.190909879810482 0.189442966617927 0.191448370922178 0.200125100270661 0.207717799398597 0.214752909162077 0.214456534488384 0.22315536881482 0.25359235190371 0.26088613830605 0.253656610701448 0.290316186978096 -9999 -9999 -9999 -9999 -9999 -9999 -9999 -9999 -9999 -9999 -9999 -9999 -9999 -9999
0.198721268662022 0.195557897545 0.184397550178857 0.168290401244266 0.144627388625545 0.127034437857987 0.128802865285647 0.125609921984613 0.118703194995745 0.112969187449323 0.106497646501367 0.0966647193066152 0.0859346630614097 0.0743961269083458 0.0728075193402317 0.0734817112362976 0.0763480930006457 0.0776483278484792 0.0772523746347091 0.0902991699155903 0.106379439713309 0.119664097660092 0.121119150865203 0.107156141150625 0.104464645592073 0.105793492477614 0.111184170329278 0.126099195497043 0.156022435977661 0.176923242772483 0.193765666298719 0.198320066364796 0.202309974248456 0.205215329571096 0.207386963500213 0.20918119536272 0.205791002973104 0.203325002541188 -9999 -9999 0.253168263018007 -9999 -9999 -9999 -9999 -9999 -9999 -9999 -9999 -9999 -9999 -9999 -9999 -9999 -9999 -9999
0.183066580334691 0.180293557555952 0.17668519721637 0.172560110425761 0.146377122422299 0.125268903510621 0.123518425823269 0.124621753081261 0.127861267057367 0.117673967755804 0.107659714890374 0.104629219176083 0.0788968453970367 0.0327058628183743 0.049599982328755 0.0742354746817516 0.0786121451061793 0.080084947510503 0.0784127663783307 0.0953424921223792 0.113949561372388 0.109504534913474 0.105937129360413 0.103513567126008 0.109026592020938 0.116946091157622 0.122105456251621 0.132647949887679 0.151673035509794 0.172724729176633 0.19435174111586 0.20522965712814 0.215145615158051 0.223213373999614 0.221515159729735 0.214793651240471 0.208061752281276 -9999 -9999 -9999 -9999 -9999 -9999 -9999 -9999 -9999 -9999 -9999 -9999 -9999 -9999 -9999 -9999 -9999 -9999 -9999
0.183292198478107 0.180645365489448 0.178292897870917 0.176122519960957 0.153727077195143 0.134370056911164 0.12801695177711 0.126539812728936 0.128712528590302 0.119829433082104 0.110204779729457 0.102963653151296 0.0841874805754113 0.055016089027781 0.0669390429227908 0.0834236896635926 0.0842235025418287 0.0862338490823651 0.0895552429611249 0.102117156485963 0.114008082843805 0.102998566922521 0.0969324158737691 0.097309177526164 0.10538479099163 0.115775070245823 0.123226670244358 0.132653689651892 0.145193522865926 0.164878762550524 0.187194095778936 0.195780315172332 0.204095188825584 0.21188872892177 0.207551459192005 0.196974501293962 0.196226352359519 -9999 -9999 -9999 -9999 -9999 -9999 -9999 -9999 -9999 -9999 -9999 -9999 -9999 -9999 -9999 -9999 -9999 -9999 -9999
0.187202094182899 0.184402874690473 0.18173013828049 0.179135642281771 0.162052803171573 0.14585992268128 0.135201196918358 0.129215913780439 0.126728888671572 0.121201993131218 0.113816193145509 0.100782478556721 0.0924088549326588 0.0882348388364846 0.0898771540985862 0.0917120271447551 0.0889839143812106 0.0917783124576579 0.100553769436112 0.107337483282747 0.111315706329675 0.0977751777031777 0.0903712292843885 0.0909653654863692 0.100268445047895 0.112268227238993 0.12198145912896 0.130939261850928 0.138706679213075 0.156277294090852 0.177508874402521 0.182017320617931 0.18698291378355 0.192826818307688 0.187421972916765 0.176231141861245 -9999 -9999 -9999 -9999 -9999 -9999 -9999 -9999 -9999 -9999 -9999 -9999 -9999 -9999 -9999 -9999 -9999 -9999 -9999 -9999
0.189610558081984 0.185108565390111 0.181873826595576 0.179422990787829 0.167503690826629 0.15536254098491 0.144476810990709 0.132224704012392 0.118949809414982 0.121427517619185 0.122701660884368 0.111971641735042 0.0999757550250701 0.0868390865197982 0.0813745212816334 0.0784918211122904 0.0816282237966161 0.086345449466238 0.0927747578574063 0.0982129779856932 0.102024168435112 0.0953596334703647 0.0905512244833958 0.0881619890645375 0.0990361718552007 0.113720432195062 0.120990158268723 0.128377725642257 0.135950984228275 0.148678387379081 0.163255957996006 0.166043090935481 0.168357448012276 0.169763466074593 0.172497711355042 0.175915152875204 -9999 -9999 -9999 -9999 -9999 -9999 -9999 -9999 -9999 -9999 -9999 -9999 -9999 -9999 -9999 -9999 -9999 -9999 -9999 -9999
0.189229408289743 0.185117979856245 0.182290254154469 0.180256606425276 0.171994551841899 0.162526984712518 0.150771252643514 0.137205909441086 0.122286000197108 0.124663562421247 0.126822094023265 0.11999846188191 0.109208918109279 0.0948453513255693 0.0846944236087345 0.0775749743085697 0.082105942755172 0.0862314753415962 0.0899179077015162 0.0930497521499425 0.0952071449584685 0.0910153978251628 0.087549808020272 0.0850306521515593 0.0966084435700909 0.112187033333113 0.119239879659716 0.125786765810946 0.131536373261631 0.139915271020257 0.149208033157335 0.15128236602629 0.152883244138149 0.153574478883229 0.152856430238567 0.151413492734969 -9999 -9999 -9999 -9999 -9999 -9999 -9999 -9999 -9999 -9999 -9999 -9999 -9999 -9999 -9999 -9999 -9999 -9999 -9999 -9999
0.185286858122551 0.184238483271081 0.183054878185217 0.181787621839833 0.175259781062512 0.166706364293921 0.153259737720407 0.144705227052508 0.139812660077747 0.131743031210204 0.124859177319239 0.123988031389754 0.120569339767749 0.114854836293802 0.103107735186661 0.0923653877275224 0.0925842964865123 0.0929079370623759 0.0933450056031244 0.0929437506182701 0.0915492458448873 0.0842088705943547 0.0804867966769635 0.0814806197683912 0.092654520375771 0.106842020486762 0.11652064120962 0.1231582418893 0.125003883386479 0.129665849698696 0.135421813747216 0.138070879410534 0.141432144013824 0.146161748531042 0.149187085016423 0.15133580227964 -9999 -9999 -9999 -9999 -9999 -9999 -9999 -9999 -9999 -9999 -9999 -9999 -9999 -9999 -9999 -9999 -9999 -9999 -9999 -9999
0.192174924137384 0.188049467973927 0.184674367072061 0.181763423930491 0.177411960889729 0.171056347301841 0.159100942766403 0.150446084971069 0.144261817928697 0.135670634231429 0.128700361621322 0.129037284664726 0.128206988217576 0.126324810209242 0.114562511331741 0.103365505094304 0.10453432868968 0.101299521430792 0.0932954386946512 0.0898418014707777 0.087527314250201 0.0851212824797172 0.0854089352137556 0.0892073897102747 0.103261768276566 0.119901628443336 0.126031713941439 0.128215418657565 0.124180520616285 0.123454848243581 0.124243576741848 0.130578856707429 0.136714235611681 0.142465546826834 0.144337304941748 0.144213548995762 -9999 -9999 -9999 -9999 -9999 -9999 -9999 -9999 -9999 -9999 -9999 -9999 -9999 -9999 -9999 -9999 -9999 -9999 -9999 -9999
0.201189434780517 0.192940952415415 0.186606956794076 0.181457232043601 0.179210741571808 0.175292038919851 0.165874031400472 0.155513959902024 0.144448715976503 0.138557697483656 0.134381374304811 0.134298342915085 0.134360544812797 0.134553628878227 0.123972882955108 0.113884368063791 0.116637994169913 0.109470731884297 0.091558824716951 0.0860871132713888 0.0845947459140709 0.0894367307033498 0.0947114005486601 0.100550008544397 0.118062504315321 0.13788648336545 0.137384625022818 0.13341813823127 0.123992181303384 0.118327305161155 0.114584078738175 0.125198213712953 0.134202152715809 0.140112440080105 0.142119916967759 -9999 -9999 -9999 -9999 -9999 -9999 -9999 -9999 -9999 -9999 -9999 -9999 -9999 -9999 -9999 -9999 -9999 -9999 -9999 -9999 -9999
0.193683166923398 0.192637628182185 0.189019538513492 0.1838101099979 0.181050995692083 0.177452473066303 0.170893406575038 0.159239146627824 0.143770931348947 0.141073337865469 0.139809217099709 0.137989043744068 0.136942729183348 0.136593805133944 0.135668562003517 0.133413858572336 0.12483499627057 0.108183615257301 0.0827894338584872 0.0861099184515402 0.0964740851349643 0.105159243686052 0.11062877921313 0.111907246721212 0.127042626574072 0.143907379135417 0.123211299941589 0.110152391325485 0.109127934688857 0.110608228108848 0.11331000942677 0.12323260124357 0.13227432778558 0.139623657657727 -9999 -9999 -9999 -9999 -9999 -9999 -9999 -9999 -9999 -9999 -9999 -9999 -9999 -9999 -9999 -9999 -9999 -9999 -9999 -9999 -9999 -9999
0.187684252631788 0.195627147862049 0.193834033427961 0.186018379176613 0.18278316575031 0.179549499027635 0.175397652638464 0.164302369392112 0.1480096469807 0.14473790647133 0.14306204590707 0.141330746710635 0.140137405202995 0.139428863493611 0.144314675244594 0.147268087967633 0.134882005893709 0.116689104720848 0.0922072295522213 0.0955610637635699 0.105847786428395 0.115304684099401 0.121493468584177 0.123422772229628 0.133061623808541 0.142241535248745 0.111702804908544 0.0945325789852893 0.0984280897515357 0.10452457892581 0.111610552745244 0.12167251490289 0.12829011995599 -9999 -9999 -9999 -9999 -9999 -9999 -9999 -9999 -9999 -9999 -9999 -9999 -9999 -9999 -9999 -9999 -9999 -9999 -9999 -9999 -9999 -9999 -9999
0.184010360954693 0.203695725792872 0.202353367488588 0.188003596059446 0.184348621180809 0.181548720818982 0.17910733605899 0.171429450377661 0.1598318350961 0.15017464330931 0.142960017019715 0.144134136741802 0.144276821042109 0.14348999044783 0.148256975373248 0.152368491629203 0.147782565888314 0.140299232629229 0.129677912767392 0.119554984258244 0.111356658010709 0.116847750031245 0.124564620234457 0.135182448569 0.134513223716066 0.128719253733559 0.104304686012615 0.0907062643226537 0.0941516402915442 0.100963501001077 0.109254955873327 0.12073793371348 -9999 -9999 -9999 -9999 -9999 -9999 -9999 -9999 -9999 -9999 -9999 -9999 -9999 -9999 -9999 -9999 -9999 -9999 -9999 -9999 -9999 -9999 -9999 -9999
0.180060321812916 0.193116787594616 0.196073869816072 0.192783634941689 0.185680555096224 0.180400571252619 0.181246563723124 0.17705693087235 0.169097931812344 0.15668441986547 0.146655242792839 0.14780536409625 0.149742438017725 0.152388702417224 0.155691664834572 0.158020417923853 0.154683687895828 0.151285915716564 0.147822032901641 0.136028038115676 0.123467388704849 0.121111526440948 0.125709980014239 0.139372310317367 0.13225331678502 0.118086335960405 0.101255685189893 0.0924983089630914 0.0964625858438931 0.101987100001831 0.108009869002888 0.107980011814172 -9999 -9999 -9999 -9999 -9999 -9999 -9999 -9999 -9999 -9999 -9999 -9999 -9999 -9999 -9999 -9999 -9999 -9999 -9999 -9999 -9999 -9999 -9999 -9999
0.176363356379652 0.17556157180122 0.18396636240751 0.198066193132097 0.18684231632463 0.178329364827379 0.182884966133259 0.18201977311749 0.177096899547756 0.163526760894689 0.151906065703736 0.151783329679998 0.155588653201276 0.162933887973237 0.164311876195681 0.163784413285539 0.159106389619923 0.1570216143295 0.157745411394831 0.149057742854483 0.137953886334978 0.126581616785708 0.12623030487061 0.140243109250985 0.128883013776356 0.109885528571819 0.100453673827188 0.0965086724959538 0.101209710067469 0.104708568619243 0.107634595699075 -9999 -9999 -9999 -9999 -9999 -9999 -9999 -9999 -9999 -9999 -9999 -9999 -9999 -9999 -9999 -9999 -9999 -9999 -9999 -9999 -9999 -9999 -9999 -9999 -9999
0.184731024000024 0.177518969150764 0.177709991421961 0.18248043876208 0.185512241481589 0.187957965675464 0.189031516542493 0.185128021426954 0.177499009071438 0.166970553876667 0.157643986180213 0.15426072051442 0.156229100785937 0.163020308065563 0.165278719046951 0.165856662927589 0.162076568085706 0.158507272545668 0.155166279507403 0.149150770490786 0.142423843666841 0.135431918343592 0.131918929814193 0.132940198138892 0.138586291916589 0.143306530137624 0.115584497103176 0.0984867176483556 0.0981303567883653 0.102060462103503 -9999 -9999 -9999 -9999 -9999 -9999 -9999 -9999 -9999 -9999 -9999 -9999 -9999 -9999 -9999 -9999 -9999 -9999 -9999 -9999 -9999 -9999 -9999 -9999 -9999 -9999
0.188278901396148 0.180123419668856 0.175291387546147 0.172515188178775 0.181881693309892 0.189153400294631 0.187822585732683 0.184783016342263 0.180464375873405 0.172365523829248 0.164067636709237 0.156792368386567 0.153738195034374 0.154488012279818 0.161189405809007 0.167209007534749 0.164014898656017 0.159476809147797 0.153483144894496 0.15002789756503 0.147060974674702 0.142923043526249 0.138091944702991 0.132357408862398 0.144968867569722 0.159877719472802 0.125160489556911 0.10187310245964 0.0965965602340057 0.0950466294323299 -9999 -9999 -9999 -9999 -9999 -9999 -9999 -9999 -9999 -9999 -9999 -9999 -9999 -9999 -9999 -9999 -9999 -9999 -9999 -9999 -9999 -9999 -9999 -9999 -9999 -9999
0.182772782776821 0.183943362259683 0.180082045174073 0.173108077373775 0.173929696406561 0.174507097020282 0.172796352810032 0.177951060370435 0.188244832151134 0.181425787849694 0.171779433998714 0.159425938330116 0.153893813561828 0.154509010981089 0.161189405809007 0.167209007534749 0.164014898656017 0.159476809147797 0.153483144894496 0.152377958699996 0.152012142129368 0.147860950225727 0.145174888121836 0.144398396450041 0.145113489766822 0.144796466336587 0.124301709169672 0.107905059187264 0.0979660984258536 -9999 -9999 -9999 -9999 -9999 -9999 -9999 -9999 -9999 -9999 -9999 -9999 -9999 -9999 -9999 -9999 -9999 -9999 -9999 -9999 -9999 -9999 -9999 -9999 -9999 -9999 -9999
0.167207161027217 0.180772695912064 0.183183035517437 0.178692949788811 0.176828509658195 0.174445055746165 0.170007342619386 0.173313334722547 0.18241579875634 0.181776304753634 0.177989799954513 0.166806498418846 0.159347557931986 0.155244958515618 0.156579519795019 -9999 -9999 -9999 -9999 -9999 0.153668654627509 0.149513026071926 0.147544629077758 0.148426950646911 0.145161876027072 0.139750730247771 0.124014386945642 0.114387409442827 -9999 -9999 -9999 -9999 -9999 -9999 -9999 -9999 -9999 -9999 -9999 -9999 -9999 -9999 -9999 -9999 -9999 -9999 -9999 -9999 -9999 -9999 -9999 -9999 -9999 -9999 -9999 -9999
0.146583743277641 0.174087236292021 0.185434481671345 0.186787730738614 0.18518297847129 0.181715804278067 0.173371059395783 0.169778841432333 0.169744079243168 0.17774766658837 0.183445264470809 0.17657378749978 0.16746513562945 0.156340373640364 0.156579550509892 0.158539856367738 -9999 -9999 -9999 -9999 0.153668654627509 0.149513026071926 0.147544629077758 0.148426950646911 0.145161876027072 0.139750730247772 0.124014386945642 -9999 -9999 -9999 -9999 -9999 -9999 -9999 -9999 -9999 -9999 -9999 -9999 -9999 -9999 -9999 -9999 -9999 -9999 -9999 -9999 -9999 -9999 -9999 -9999 -9999 -9999 -9999 -9999 -9999
0.142359484481698 0.157056305051195 0.171955740456592 0.186980510157952 0.186412925839956 0.183885831833112 0.178741014493977 0.174428815015483 0.170739863183282 0.171931020244655 0.174419419547658 0.179549737783465 0.177030399784756 0.167617300666059 0.162659366540261 0.159472937229188 0.161189517585272 0.162082020386578 -9999 -9999 -9999 -9999 -9999 -9999 -9999 -9999 -9999 -9999 -9999 -9999 -9999 -9999 -9999 -9999 -9999 -9999 -9999 -9999 -9999 -9999 -9999 -9999 -9999 -9999 -9999 -9999 -9999 -9999 -9999 -9999 -9999 -9999 -9999 -9999 -9999 -9999
