layers/veg/veg_5800.asc
NCOLS 255 
NROWS 330 
XLLCORNER -2985163.8955 
YLLCORNER -3022031.214 
CELLSIZE 25000 
NODATA_value -9999 
[rows 200 to 224 of 330, columns 57 to 113 of 255]
-9999 -9999 -9999 -9999 -9999 -9999 -9999 -9999 -9999 -9999 -9999 -9999 -9999 -9999 -9999 -9999 -9999 -9999 -9999 -9999 0.153681407676792 0.152954613759704 0.148603615617209 0.142271674390307 0.142017393609086 0.141844287734867 0.141311308327643 0.137652550971332 0.131915724766025 0.128658916982884 0.125376420503014 0.121303389224855 0.121358430648016 0.124726739333978 0.126011446796875 0.128692073054242 0.138580900515989 0.146433356947953 0.152320121579692 0.156840782175411 0.159363409333229 0.151781911938475 0.151298111423936 0.159049322809888 0.14836427261985 0.133877452719028 0.131861581703093 0.131608183744866 0.133818928549306 0.150090600739589 0.17043299613585 0.172954826899102 0.173512939924592 0.170742810613717 0.168710528811108 0.167005756025346 0.164551865758496
-9999 -9999 -9999 -9999 -9999 -9999 -9999 -9999 -9999 -9999 -9999 -9999 -9999 -9999 -9999 -9999 -9999 -9999 -9999 -9999 0.169342955877965 0.167027220024078 0.159122224135639 0.14816221111136 0.148484382659772 0.148923408107862 0.14860851367089 0.143598473512302 0.135467022868228 0.129857842548881 0.124696504809261 0.120259418399549 0.118774189578531 0.119658176084059 0.118579282973624 0.118388489127683 0.12317759992673 0.130076423933136 0.139011736325931 0.146377763029936 0.151814317493742 0.14780250472901 0.146897821428141 0.149598145292711 0.14543245258035 0.139240573468216 0.132136375360541 0.127153454160507 0.125136325326328 0.132546159883767 0.143665213275422 0.160331391141675 0.170167420053043 0.168427248129532 0.165827827228465 0.162850891384702 0.161286702789308
-9999 -9999 -9999 -9999 -9999 -9999 -9999 -9999 -9999 -9999 -9999 -9999 -9999 -9999 -9999 -9999 -9999 -9999 -9999 -9999 0.173577423285035 0.184149733495888 0.172322166948417 0.148251117915907 0.147304059873597 0.147198095444645 0.147073774944091 0.141572302634016 0.132496010917799 0.125253221318888 0.119261447323548 0.116780205852191 0.114329025855221 0.111901973751864 0.113046150984971 0.113199459473583 0.106942720208304 0.112654812401532 0.129920316773672 0.13697796400172 0.142486741927649 0.151469670174117 0.149836490509707 0.135886107609036 0.141071010498071 0.149189282204756 0.135145106141651 0.124508806878437 0.118637116592244 0.111526473466594 0.106287506112588 0.142432252018172 0.165338431650874 0.165806989065817 0.16242787298685 0.15735250943113 0.157802032247104
-9999 -9999 -9999 -9999 -9999 -9999 -9999 -9999 -9999 -9999 -9999 -9999 -9999 -9999 -9999 -9999 -9999 -9999 -9999 0.182682902136148 0.182339839287506 0.181295691494793 0.171404164310175 0.156676774152202 0.148372718202409 0.142003421879533 0.139946603737926 0.134945051070403 0.127985790214217 0.120946401593966 0.115148674554967 0.113377397743983 0.111262333941834 0.108871340361887 0.110262821953716 0.111083429634929 0.107144595669693 0.109376208713577 0.117564102274204 0.125193401030302 0.132799923450227 0.140962372066234 0.143721745481651 0.140212270096253 0.139048308185378 0.138435456437851 0.136850000870324 0.131211168024775 0.119905241296389 0.118103669837996 0.119942589020176 0.125603748979018 0.136303948045282 0.155544653198253 0.158932760502191 0.155191563125366 0.154623098033221
-9999 -9999 -9999 -9999 -9999 -9999 -9999 -9999 -9999 -9999 -9999 -9999 -9999 -9999 -9999 -9999 -9999 -9999 0.178324761765292 0.180006486934867 0.179580187347885 0.174845917881927 0.168166694331702 0.160424384072482 0.147977234552578 0.138064505744837 0.13502240390358 0.130374203513146 0.124658242258754 0.11752870771332 0.111659643833087 0.110258193374539 0.108922118155524 0.107638514309135 0.108204504800912 0.108502450550723 0.106520180200453 0.106467084537294 0.108276204947825 0.11336153162965 0.119510078822729 0.127884808907252 0.135160361178283 0.141160606469088 0.136810212896809 0.130833641501746 0.13648587063716 0.134507678034307 0.121861266464801 0.122278366936188 0.126462011720874 0.11381391987789 0.115254644665406 0.140574053785826 0.150450978264508 0.153329727874843 0.151876049629303
-9999 -9999 -9999 -9999 -9999 -9999 -9999 -9999 -9999 -9999 -9999 -9999 -9999 -9999 -9999 -9999 -9999 -9999 0.178292185369069 0.176880379395297 0.173790949671694 0.167273119707504 0.160152495288215 0.152702391227912 0.144009942404778 0.137265855870001 0.135582536853801 0.130891926083835 0.124202018046075 0.116197103452827 0.109578533353551 0.107805314054658 0.108229773958757 0.110418131711623 0.107722216698059 0.104669592367355 0.103123666146834 0.10372576014496 0.106401319964766 0.101536798913539 0.0977244592154076 0.109440718243838 0.121269202486747 0.133227894597417 0.133946536356828 0.131712149066911 0.131297801710756 0.129290312582256 0.125055425564718 0.119399990168364 0.113575593248587 0.113876722900904 0.114280770012616 0.114859248631933 0.130190802957094 0.152008246163667 0.150134270197618
-9999 -9999 -9999 -9999 -9999 -9999 -9999 -9999 -9999 -9999 -9999 -9999 -9999 -9999 -9999 -9999 -9999 -9999 -9999 0.173931202617042 0.171379884281328 0.163614679103084 0.154022532755337 0.143431804029156 0.136800713122534 0.132163024846269 0.132216054195736 0.129811177630799 0.125772244585306 0.116494683354399 0.108189722832786 0.104515702540983 0.105206131773867 0.109399548666264 0.105639238090347 0.101407847280034 0.100095673212541 0.100370341256086 0.102176774621522 0.0968053949815954 0.0916631396789856 0.0967440568289504 0.105136124413149 0.11736991188063 0.124725051588801 0.130068319995609 0.129554116367697 0.128049258104392 0.125159349193403 0.118281032666858 0.110489203791434 0.11205700812621 0.111041500829583 0.105647621339067 0.115161609036797 0.131342512468181 0.139315131159044
-9999 -9999 -9999 -9999 -9999 -9999 -9999 -9999 -9999 -9999 -9999 -9999 -9999 -9999 -9999 -9999 -9999 -9999 -9999 -9999 0.171080153161689 0.162402684856682 0.149070204985403 0.1331933560895 0.127565295595181 0.124370110428861 0.126395463990663 0.127731395864006 0.128608988802868 0.117810492068375 0.107233594989192 0.100703139204042 0.10072544450035 0.106007116659363 0.102555839008548 0.0985030439204046 0.097298003424283 0.096631117562039 0.0964837078343478 0.0965072723889045 0.0954293987305932 0.0876394988695025 0.0876018622603928 0.0965586898011606 0.111529980732551 0.126848048004202 0.129963146897524 0.129293370432878 0.123331897065322 0.118261700015493 0.113527764562714 0.109060732772226 0.106386375762442 0.106750365856087 0.10340174223711 0.0985867553220309 0.122822705264693
-9999 -9999 -9999 -9999 -9999 -9999 -9999 -9999 -9999 -9999 -9999 -9999 -9999 -9999 -9999 -9999 -9999 -9999 -9999 -9999 0.159862769127327 0.159903005810575 0.150091946766533 0.134896297084188 0.125685850908446 0.118590560626172 0.116306402987918 0.11881776152492 0.124517258484092 0.123168783632801 0.118139386662452 0.103252538226756 0.0959144624106377 0.0946351706820153 0.0941006978076212 0.0938814992256248 0.094538926431313 0.0945618037956531 0.093972155543723 0.0939966397530997 0.0936938733277971 0.0907006727919271 0.0900058237536611 0.0919776076040209 0.101195589090471 0.112590582167487 0.125300135823498 0.12952079221595 0.121872980796339 0.116793925134728 0.112353230026696 0.102777088330357 0.0972092827486152 0.0984350777431954 0.0965925627395756 0.0934746625835366 0.105523640552465
-9999 -9999 -9999 -9999 -9999 -9999 -9999 -9999 -9999 -9999 -9999 -9999 -9999 -9999 -9999 -9999 -9999 -9999 -9999 -9999 0.15561928209145 0.157959486936082 0.150119494533244 0.136715138181514 0.123501974638214 0.112591122790717 0.107505909601572 0.110834855473143 0.119757673372532 0.126378703430433 0.127066603707306 0.109280702575305 0.096567516677338 0.0879257855560942 0.0875675594099409 0.0887318151195466 0.0912319822958468 0.0921994467872401 0.0916874062887066 0.0915516898176305 0.0917027389166469 0.0930811984454631 0.0925958499766004 0.0899480421494214 0.0935713251818724 0.100102508643937 0.117092864161238 0.124585038392759 0.118797648110373 0.114252856154206 0.109764770113535 0.0982924724899711 0.0912096331100146 0.0915663460033594 0.0919904812439145 0.0924499206982866 0.0935897015656257
-9999 -9999 -9999 -9999 -9999 -9999 -9999 -9999 -9999 -9999 -9999 -9999 -9999 -9999 -9999 -9999 -9999 -9999 -9999 -9999 0.154315067918437 0.152685760018207 0.145918549392599 0.136343027689807 0.118849597543399 0.10550948579485 0.103448060080786 0.107074092971756 0.114481242355829 0.122334280353666 0.127584360519286 0.124314283950062 0.113557502258958 0.0967917529983996 0.0878971438540387 0.0823744106030057 0.0862858065938197 0.0886100423663798 0.0894022057508352 0.0897721524093879 0.0901190544581403 0.0908517532062363 0.0915055208417722 0.0920677096648818 0.0934077626560198 0.0952259991381287 0.0994112513135246 0.104494094376735 0.110831874121314 0.108824127600594 0.103861699046394 0.0998618189573382 0.0956297667913958 0.0910042136040188 0.0929076941984739 0.097722797383162 0.0977993918129726
-9999 -9999 -9999 -9999 -9999 -9999 -9999 -9999 -9999 -9999 -9999 -9999 -9999 -9999 -9999 -9999 -9999 -9999 -9999 -9999 0.147914590271295 0.14818519645314 0.143454798071867 0.135990915375625 0.11835258580058 0.104893966253468 0.102991126925287 0.105007130218973 0.109628444865307 0.117576730369304 0.124711933251342 0.128276058021002 0.122730614987421 0.109873664874251 0.0956305034486462 0.083904086391198 0.0837081645866274 0.0849620261226243 0.0876153513039873 0.0888949861128943 0.0898010685235253 0.090200141121303 0.0909812254473948 0.0922055339885926 0.093289709825504 0.0940204344116695 0.0918910733514935 0.0927782192849238 0.0978827935894284 0.101367700936491 0.103991479444875 0.101666495203421 0.0977380429663448 0.091091924149488 0.0918521831628262 0.0959503806522594 0.0995559747350165
-9999 -9999 -9999 -9999 -9999 -9999 -9999 -9999 -9999 -9999 -9999 -9999 -9999 -9999 -9999 -9999 -9999 -9999 -9999 -9999 0.147587135108943 0.146861097129711 0.142304403110462 0.13565392211916 0.1209971207567 0.109166972322559 0.105256564960349 0.104220716962598 0.105095923546192 0.112280040912789 0.119276452989764 0.12386730465567 0.125994001608146 0.126142922553946 0.108961278291617 0.0913965666494502 0.0829211856331095 0.08126969806435 0.0862052573546088 0.0887000320281313 0.0904399782365278 0.0907414052620351 0.0908848638875113 0.0908450417000545 0.0932060633157433 0.0955901838818355 0.0920531614521277 0.0873940786865976 0.0811662247879706 0.0923782903429716 0.108682226930865 0.103649085887071 0.098098504520309 0.0916709301130886 0.0893052498298881 0.0888515686712318 0.0994579550969626
-9999 -9999 -9999 -9999 -9999 -9999 -9999 -9999 -9999 -9999 -9999 -9999 -9999 -9999 -9999 -9999 -9999 -9999 -9999 -9999 0.145121643237226 0.145079541963949 0.140369957685 0.133109187654194 0.120758123442673 0.109504732223935 0.101511284137362 0.0998929670653771 0.102512942471445 0.105518322546285 0.109483899394441 0.116435532290174 0.118388047425784 0.11632817847421 0.108602192280428 0.100348673204645 0.0933607323427631 0.0872357794272448 0.0819438615063568 0.0851440606235753 0.0894624182182192 0.0898849952327646 0.0902218691038368 0.0904593070003498 0.0913882642629671 0.0920707645235205 0.0887433669503502 0.0857920529885874 0.083366547750626 0.0886274799558684 0.0962134928378908 0.0958395452977943 0.0953315378824856 0.0945963166758517 0.0940697152326109 0.0936630059538532 0.0968448454351576
-9999 -9999 -9999 -9999 -9999 -9999 -9999 -9999 -9999 -9999 -9999 -9999 -9999 -9999 -9999 -9999 -9999 -9999 -9999 -9999 0.145596314813378 0.144678600974045 0.138525960123053 0.129511975976773 0.119021463514539 0.108414960161014 0.0976515452956685 0.0957275866984517 0.0996802447426128 0.0993816963089842 0.10063977950041 0.10813016530861 0.109681906294842 0.106467181451208 0.107027861709979 0.10716951220542 0.103200063668706 0.0943865754037415 0.0808971763963204 0.083108263972536 0.0878918313120391 0.0884544314202221 0.088719967206693 0.0886408379185918 0.0881409453867445 0.087329910309719 0.084760679756407 0.0841359854383533 0.0862299794258605 0.0856356388474216 0.0843683492794838 0.0883886000750983 0.0923998088259337 0.0963956925045032 0.0980173792425096 0.0985341741671441 0.0943521144476824
-9999 -9999 -9999 -9999 -9999 -9999 -9999 -9999 -9999 -9999 -9999 -9999 -9999 -9999 -9999 -9999 -9999 -9999 -9999 -9999 0.146070806757129 0.146597258958181 0.1374158055913 0.122928136789853 0.112908412994188 0.103735264101236 0.0962947680830312 0.0939252154270068 0.0949269097397713 0.0963793437786725 0.0975970290197845 0.0979291713849016 0.10204912548323 0.10920924711768 0.10746425247625 0.105036419013185 0.105217890680616 0.101384151914557 0.0936745643420404 0.0885958778131031 0.0848209396478833 0.0854893034691475 0.0842528323782442 0.080806300976947 0.0802174234020238 0.0803612787545588 0.0798781587138499 0.0804176749311779 0.0823869558323192 0.0830106322740604 0.0833423767696081 0.0871222556947106 0.0903636939572958 0.0926925463761261 0.095224816145778 0.0977998986516561 0.0935571834353098
-9999 -9999 -9999 -9999 -9999 -9999 -9999 -9999 -9999 -9999 -9999 -9999 -9999 -9999 -9999 -9999 -9999 -9999 -9999 -9999 0.13602109136073 0.1389089161708 0.131017427227016 0.117234105012451 0.108700475631776 0.101173672526364 0.0957134624760035 0.0930109476632252 0.0921417942285049 0.0941020363019832 0.0951829759104776 0.0926213091302245 0.0962189058723495 0.104760041081019 0.103285459447654 0.101480027527447 0.104463269878077 0.104579640810807 0.101928644914972 0.0948366769105097 0.0875563991015454 0.0846531932859735 0.0810141271532013 0.076521288512035 0.0760556396458494 0.076719635121217 0.0773834570580284 0.0785492318476095 0.0804167952313162 0.0814486004311501 0.0821708286243544 0.0827452177444396 0.084738230651355 0.0891356236053166 0.0920664045054575 0.0943106243782513 0.0930901465899682
-9999 -9999 -9999 -9999 -9999 -9999 -9999 -9999 -9999 -9999 -9999 -9999 -9999 -9999 -9999 -9999 -9999 -9999 -9999 -9999 0.133032084113388 0.126822551596476 0.119806583641831 0.112349828522877 0.106226256641507 0.100539628742705 0.0958378626503446 0.0929048845780913 0.0911478260192934 0.09248454471332 0.093341058990893 0.0917663646650013 0.0920290788321659 0.093766530933692 0.0949066907364416 0.0966283857358659 0.101185626392249 0.104315099460349 0.106066360503299 0.101762900446863 0.0955758373919069 0.0857545623561676 0.0788933350365913 0.0754664651684538 0.0753171668099958 0.0761056647050353 0.0770617530128153 0.0783642316214742 0.0801510042448619 0.0808539120825752 0.08086680165361 0.0755373418621873 0.0758463370528938 0.0857117691094255 0.0885750581316812 0.088314206661989 0.0929215046925228
-9999 -9999 -9999 -9999 -9999 -9999 -9999 -9999 -9999 -9999 -9999 -9999 -9999 -9999 -9999 -9999 -9999 -9999 -9999 -9999 0.119324249321311 0.119323044927063 0.116047774803564 0.110982942762228 0.105034342401893 0.0993951850326823 0.0946237065555706 0.0911136517422355 0.0884422122316431 0.0883344720958003 0.0882646027695378 0.0875852590174812 0.088391105722936 0.0903889936732861 0.09197618301591 0.09388975167361 0.0974413945413348 0.101069575667366 0.104771638529365 0.104302680211397 0.101460342778128 0.089765103108295 0.0806888015352037 0.0746510893464282 0.0745076276354954 0.0759766950228476 0.0770737393737875 0.0774253964303347 0.0767349151694591 0.0784687224176906 0.0808013264799318 0.0782219288394762 0.0775379911768029 0.0800666079579952 0.0844544750599273 0.0896479009948669 0.0902093406585998
-9999 -9999 -9999 -9999 -9999 -9999 -9999 -9999 -9999 -9999 -9999 -9999 -9999 -9999 -9999 -9999 -9999 -9999 -9999 -9999 0.126210133968666 0.11904656069645 0.113869269008626 0.109777653106041 0.103697773213443 0.0978916130889424 0.0929653051393502 0.0889493705948386 0.0855386673383027 0.0840661182619476 0.0830916191095035 0.0831699436430949 0.0850715601682492 0.0884365844633887 0.0900921522923452 0.0916700339913562 0.0939752507640815 0.0975143440278429 0.102244487873963 0.104729169792625 0.104687528920435 0.0925105585164575 0.082590854453109 0.0752901147512094 0.0745190019072466 0.0755886634155474 0.0767416718407453 0.0762216290483298 0.0733624656484109 0.0759889362353748 0.08042243987512 0.0818112283410744 0.0807343772208589 0.0754785924896111 0.0809288494549118 0.0911116108893721 0.0876961518536513
-9999 -9999 -9999 -9999 -9999 -9999 -9999 -9999 -9999 -9999 -9999 -9999 -9999 -9999 -9999 -9999 -9999 -9999 -9999 0.128563781479466 0.126295160320705 0.119390373676525 0.112625396929838 0.105936838462131 0.100328522378366 0.0950029707142589 0.0902945132468646 0.0864911434167141 0.0832894908087087 0.0816852286264086 0.0806164171203232 0.0808182646831936 0.0828816886476608 0.0864392481554881 0.0883180383382721 0.0900882554663353 0.0924358449726224 0.0952830791575514 0.09861261614166 0.0983760229726066 0.0960388431915266 0.0857112220789825 0.0811723775362937 0.0833498868681859 0.078923299482488 0.073355825003927 0.0742672533529627 0.0743700666338477 0.0733423417999775 0.0747857830822301 0.0771656593913713 0.0803589422492071 0.0813635566738314 0.0786586670289008 0.081159638845318 0.0859943791142052 0.0887517715981665
-9999 -9999 -9999 -9999 -9999 -9999 -9999 -9999 -9999 -9999 -9999 -9999 -9999 -9999 -9999 -9999 -9999 -9999 0.140875974574991 0.137704702019272 0.131779582585355 0.120226687971998 0.111428135556213 0.104135070907955 0.0986806972251621 0.0933637196933809 0.0882242602423917 0.0839763941457446 0.0803212740489119 0.0782852001881863 0.0771130163814029 0.0782643241812474 0.0800905490440739 0.0824584747856591 0.084383698304757 0.0861693822512996 0.0876369608886627 0.0896726097082144 0.0922566118890884 0.0927448578056262 0.0919793640799615 0.0864043498590847 0.0843126306291612 0.0862623597996867 0.0811676012807405 0.0747477078263423 0.0742539503097622 0.073719021255223 0.0731265295917995 0.0741366684277756 0.0758480929314609 0.0797646019814731 0.0820524235088876 0.0815798346875106 0.082201627475622 0.0833468271518969 0.0886226216350751
-9999 -9999 -9999 -9999 -9999 -9999 -9999 -9999 -9999 -9999 -9999 -9999 -9999 -9999 -9999 -9999 -9999 -9999 0.140967882385631 0.146524391521186 0.143169105613087 0.121601631021586 0.110281850424203 0.104563326623127 0.0989155256636083 0.0930908774256588 0.0868107923122605 0.0813998289496249 0.0765666720932934 0.0737705808922428 0.0724851162873772 0.0754891784175271 0.0766418268751043 0.0763084965830148 0.0780868064457035 0.0796945231702954 0.0792733173271953 0.0803664409878299 0.082921334161385 0.087903294749565 0.0929389144925552 0.0952916824881493 0.0924385822139639 0.0835454399546779 0.0810496031259258 0.0801038015478092 0.076932269611923 0.0743809327664567 0.0726967009452724 0.0740934832540156 0.0766513663575832 0.0801085623352849 0.0828065680178158 0.0842178463702642 0.0841307918804129 0.0834002640378816 0.0871977369976428
-9999 -9999 -9999 -9999 -9999 -9999 -9999 -9999 -9999 -9999 -9999 -9999 -9999 -9999 -9999 -9999 -9999 -9999 0.152847520009292 0.152860580287056 0.147339581238493 0.130509151021179 0.11644605405403 0.103895545595479 0.096673413486039 0.0895052443777224 0.0819779030149192 0.0758779981530043 0.0707270766721007 0.0680278436473123 0.0668845987933511 0.0700588255983714 0.0710445193077291 0.0702736560026959 0.0715366153222449 0.0733623677812202 0.0763176002869368 0.0790498632288424 0.0815668955291444 0.0858954305056798 0.0907286096888652 0.0963014258316383 0.0971203715009879 0.0924236998394317 0.0868503787911355 0.081485248107676 0.0802544181459636 0.077732036883868 0.0734039163649168 0.0739934138672576 0.0764458837407713 0.0805075286997105 0.0830838847753557 0.0831428722658656 0.0848738861577719 0.0873336281298628 0.086224901301706
-9999 -9999 -9999 -9999 -9999 -9999 -9999 -9999 -9999 -9999 -9999 -9999 -9999 -9999 -9999 -9999 -9999 -9999 0.155937584373856 0.154129347860223 0.149896228327829 0.140707605795585 0.124197147461926 0.103684668520735 0.0945333069266566 0.0857932811781225 0.0770394033939618 0.0703728856295442 0.0650940793098675 0.0627826003058307 0.0619074947039623 0.0648170335813243 0.0659084864947972 0.0655407100920838 0.0661054831969156 0.0680280929068713 0.0751327837848076 0.0798780306078634 0.0823457259612026 0.0849048785225039 0.0881596657695358 0.0954070815548437 0.100455636583179 0.102952991580465 0.0934796913751738 0.0820598979250084 0.083489933582244 0.0815964383642364 0.0750562596029444 0.0745211408040025 0.0763061688119968 0.0808632761421897 0.0831161594864259 0.0814636873536194 0.0851707833721167 0.0912109261157959 0.0854168226157477
