layers/veg/veg_2500.asc
NCOLS 255 
NROWS 330 
XLLCORNER -2985163.8955 
YLLCORNER -3022031.214 
CELLSIZE 25000 
NODATA_value -9999 
[rows 225 to 249 of 330, columns 56 to 111 of 255]
-9999 -9999 -9999 -9999 -9999 -9999 -9999 -9999 -9999 -9999 -9999 -9999 -9999 -9999 -9999 -9999 -9999 -9999 -9999 0.201980917903724 0.206505626622854 0.198636623720431 0.183210869191602 0.160405865365099 0.1336887638749 0.0970558886293762 0.0664506008357032 0.040294910093339 0.0400335985066551 0.0424757536437656 0.043468687754566 0.0440057124021094 0.0441374452308846 0.0487665737001251 0.0540850687283154 0.0587960605974878 0.0649344673712579 0.0725978991140132 0.0829850904482121 0.0926934643177672 0.0924320085767098 0.0952401207204155 0.10199399637042 0.111136406942789 0.120998250338378 0.130190123796891 0.140136444977725 0.151254732774515 0.160811471654037 0.169211584004588 0.159429496671845 0.152722440952845 0.151835056491965 0.148112792968898 0.142954354040199 0.151312015020064
-9999 -9999 -9999 -9999 -9999 -9999 -9999 -9999 -9999 -9999 -9999 -9999 -9999 -9999 -9999 -9999 -9999 -9999 -9999 0.199438057541807 0.195575940454896 0.185615124861933 0.171935782385189 0.147466055205163 0.120706350990437 0.0893505713792711 0.0657640799743239 0.0479129183624846 0.0464394459192473 0.0474952307087992 0.0506916773045048 0.0538650643260495 0.0570179519776428 0.0619719885842479 0.06766778475238 0.0754693465470015 0.0834937282730926 0.0917561668934928 0.101225958190746 0.109015590656898 0.102225579931004 0.0997772249035754 0.102909833469411 0.110960801894257 0.120413164247355 0.127478725867117 0.134602053263184 0.141815114592262 0.153832174206158 0.167377395251749 0.165566839354075 0.162349102060355 0.156468194382001 0.151449036754195 0.146866449506025 0.139922110311446
-9999 -9999 -9999 -9999 -9999 -9999 -9999 -9999 -9999 -9999 -9999 -9999 -9999 -9999 -9999 -9999 -9999 -9999 -9999 0.209167585244189 0.205810722563458 0.196691821764582 0.184059664223072 0.152369624089276 0.121123727633023 0.0947183621630752 0.0737158607143049 0.0567017821642967 0.0549768298398652 0.0550698116217235 0.0551343091060083 0.0574514524892925 0.0617711402964712 0.0692847973769541 0.0777196492162417 0.0879003234049075 0.094692140473672 0.0978633622218141 0.106481724795452 0.114906398443976 0.11196632606402 0.111476766739341 0.114137209417623 0.11613162248849 0.118300880640197 0.125382382224944 0.131915597349605 0.137597098819111 0.148462687200026 0.161227072283346 0.166190491377183 0.168055469864121 0.164056474249342 0.155865717368192 0.145551376268815 0.136296274036354
-9999 -9999 -9999 -9999 -9999 -9999 -9999 -9999 -9999 -9999 -9999 -9999 -9999 -9999 -9999 -9999 -9999 -9999 -9999 0.213763102483585 0.225563109268707 0.222569016518028 0.210554596431835 0.168232141759846 0.129770913596684 0.108115322818221 0.0869730662069387 0.0662097556026389 0.0648233491753756 0.0642136722178282 0.0578693160177468 0.0571851461363754 0.0615327367086868 0.0729785176430323 0.0856029546126017 0.0977257821063885 0.101369706945269 0.0959549213722855 0.103762373122106 0.114390556150656 0.121674628292033 0.127575295293224 0.13169766980456 0.124586081493646 0.115250631229319 0.123663789255561 0.130978271043866 0.136586058207073 0.144081904751671 0.152425889648335 0.163427775077982 0.171354093403891 0.17345972702658 0.160945974754475 0.141025909194579 0.137438930776374
-9999 -9999 -9999 -9999 -9999 -9999 -9999 -9999 -9999 -9999 -9999 -9999 -9999 -9999 -9999 -9999 -9999 -9999 0.23911428902559 0.237412856242284 0.231801214884393 0.220538470663134 0.205830109659936 0.167814035722476 0.134229403728975 0.117789472957564 0.0979123389800269 0.0754978433511008 0.0698621749354775 0.0653295174660806 0.0574371216136577 0.0569804265323579 0.0631338787110311 0.072721151623225 0.0835353741150391 0.0974199142479049 0.105055737163827 0.106015540550127 0.108244598934571 0.111015275146334 0.115460117383694 0.12216966808506 0.131790379036064 0.133650584898661 0.133431386121003 0.138637115684505 0.144381423021672 0.150962362443681 0.149580294455479 0.145346356532158 0.155369733746953 0.163770436754154 0.169100137042223 0.162703909179636 0.150367219925659 0.142376232414402
-9999 -9999 -9999 -9999 -9999 -9999 -9999 -9999 -9999 -9999 -9999 -9999 -9999 -9999 -9999 -9999 -9999 -9999 0.23926291588796 0.237152162506101 0.230429188617665 0.218153177611119 0.202491342925992 0.169928870114478 0.141358929057366 0.127470341555965 0.107784914014784 0.0838202283866868 0.0763452987629229 0.070002998116469 0.0605402592319231 0.0594140545746678 0.0656988150135605 0.0730212160567446 0.0816161608351026 0.0956878480786021 0.105558958579178 0.110942246795943 0.111128527076775 0.11021995534867 0.110727726354045 0.116262749804938 0.128260034388721 0.138113543875112 0.146791229603945 0.149398296243511 0.153751392371702 0.160816788120663 0.154633942592231 0.143584009741531 0.151957202905626 0.159337245921621 0.164837696108047 0.163470429424434 0.15862391518026 0.147172468210511
-9999 -9999 -9999 -9999 -9999 -9999 -9999 -9999 -9999 -9999 -9999 -9999 -9999 -9999 -9999 -9999 -9999 -9999 0.239437690944782 0.237223864605969 0.22975322493673 0.220150405582668 0.209247543691466 0.18258132162524 0.157081730410555 0.137893239630731 0.115000151067875 0.0893723087576283 0.0879684848099789 0.0865973844692797 0.0745560318050029 0.0695209215558236 0.0707141811037075 0.0757117678935444 0.082060221274724 0.0917675517033028 0.097371585429168 0.0985917291545593 0.107959246546729 0.11749466446101 0.113402600300771 0.113068789541268 0.117566010273088 0.129054368171046 0.141988185363726 0.144650718154996 0.148590229045481 0.154513410450583 0.156474931009466 0.15697588146253 0.163104113767301 0.166192831482516 0.163529095916795 0.161993818557977 0.161030228346118 0.15082139630904
-9999 -9999 -9999 -9999 -9999 -9999 -9999 -9999 -9999 -9999 -9999 -9999 -9999 -9999 -9999 -9999 -9999 -9999 0.23912332442489 0.237104877950797 0.230184553319385 0.221349251708774 0.211346341407241 0.184192605267766 0.15912708231399 0.143292173841822 0.123671252583734 0.101255476590977 0.101182774466564 0.100630434214614 0.0883340946331787 0.0803659442892588 0.0762454431595352 0.0798655195264296 0.0848226962155488 0.0894940454905694 0.0921100538861213 0.092530172249371 0.103903334618019 0.116409681718454 0.117280572304112 0.116663991022123 0.114135345100307 0.122262950791839 0.133356275597759 0.138389996469186 0.143637113485854 0.14921572220274 0.154386836867547 0.159397256719068 0.164619119015834 0.167368643455889 0.165439128662409 0.16311168774237 0.160582653842989 0.156554130439129
-9999 -9999 -9999 -9999 -9999 -9999 -9999 -9999 -9999 -9999 -9999 -9999 -9999 -9999 -9999 -9999 -9999 -9999 0.238701512577687 0.23684413422967 0.231439037079282 0.221954584767478 0.209982849009679 0.177595939986403 0.151004686762407 0.144956318465377 0.133424636453519 0.11784514315202 0.115579882581803 0.112759399147369 0.101935445226909 0.0917597083139135 0.0821602196938023 0.0851070065633082 0.0893086688911586 0.0884447548412632 0.0890235783476518 0.0911437972744885 0.0991883053457994 0.109110145897516 0.122052921380329 0.125306221358995 0.116104224607063 0.117157373599495 0.121878006366307 0.13100441140757 0.138838659594476 0.144665658437156 0.149377882419168 0.153663219819517 0.158973813846496 0.164322140175839 0.169741877021609 0.166158280409241 0.158013513532591 0.163835955542062
-9999 -9999 -9999 -9999 -9999 -9999 -9999 -9999 -9999 -9999 -9999 -9999 -9999 -9999 -9999 -9999 -9999 0.275054618992347 0.259251967210575 0.24583024294659 0.238427037339883 0.225573114003867 0.209395753643997 0.178126919975078 0.151846350249802 0.142783852795904 0.135333488674984 0.12907320993765 0.123066227520216 0.116677230126127 0.108749989372537 0.101262102066438 0.0941647887057535 0.0935547332312085 0.0940627515818948 0.0943184640774281 0.0947761338645388 0.0954495712685715 0.0986981079046465 0.102939566307902 0.109797303826138 0.114222258765731 0.115520003271174 0.116037559866835 0.117089829296629 0.128048373389078 0.136759793656407 0.141980509363242 0.145007001013562 0.147203147899471 0.151765012519702 0.156966607266096 0.163378927460494 0.164961118944607 0.164096323482334 0.173466811708341
-9999 -9999 -9999 -9999 -9999 -9999 -9999 -9999 -9999 -9999 -9999 -9999 -9999 -9999 -9999 -9999 0.276289368115901 0.275504584010405 0.264317415409138 0.253922570105734 0.245708509455492 0.229910178291673 0.209487530354265 0.179111590264927 0.152784569575419 0.140004521776764 0.135354823178027 0.136706991514452 0.127601564267514 0.118266688874724 0.112734781873282 0.107098092699922 0.101368254863387 0.0988780667900741 0.0975288105274231 0.098992327487234 0.0993198347656344 0.0984336492882848 0.0978031593339578 0.0973588962470974 0.0978199768149783 0.102337895680677 0.112070660774716 0.113819514114618 0.113817008205422 0.124277742479881 0.132824611376228 0.138398462707251 0.14018640051278 0.140534258685041 0.144703952271963 0.14956091169955 0.155718560603538 0.161861180195574 0.167996185802069 0.178604169277259
-9999 -9999 -9999 -9999 -9999 -9999 -9999 -9999 -9999 -9999 -9999 -9999 -9999 -9999 -9999 -9999 0.27711865845001 0.277576922671228 0.264531203359536 0.254408124540617 0.251468997210887 0.235575271783232 0.211782808412079 0.178540433943523 0.149979077270153 0.136695468938641 0.131855106429287 0.133247592802486 0.124178704099213 0.114841111876511 0.109161700211541 0.0999788172825508 0.0876814382638046 0.0909535136991364 0.0960162891569987 0.0959704756861809 0.0952558503096244 0.0938266780605919 0.0934463397633264 0.0934847898310763 0.0946947241949847 0.0964754929773882 0.0989900385326781 0.105634795137752 0.113191239643695 0.115406368780461 0.120645069839472 0.130580617676559 0.13337801145724 0.133410849624224 0.138916322326216 0.1439406906837 0.148054541857111 0.153532631991024 0.159701857936906 0.165725059199888
-9999 -9999 -9999 -9999 -9999 -9999 -9999 -9999 -9999 -9999 -9999 -9999 -9999 -9999 -9999 -9999 0.283787974116436 0.282432130601726 0.270712532507178 0.259960125497924 0.251789045366934 0.233046811792754 0.207859085261009 0.177388171074159 0.150356793240496 0.134241229314112 0.128453386812153 0.130289523085109 0.126719267535627 0.120945903855812 0.109360859753813 0.0986878734399302 0.0888256831054205 0.0916327956595914 0.0957273709092734 0.0948090081952913 0.0933923028348416 0.0914431769591476 0.0914424094760335 0.0919882246617 0.0930058019634347 0.0934905668406875 0.0932904301620376 0.0990831825715399 0.106555763182172 0.110771052797927 0.115630594033207 0.121490922159371 0.125296852354461 0.128310345218199 0.13301183387631 0.13746369422783 0.141443118889719 0.145973773260118 0.150783685592798 0.154783239239933
-9999 -9999 -9999 -9999 -9999 -9999 -9999 -9999 -9999 -9999 -9999 -9999 -9999 -9999 -9999 -9999 0.286675011197184 0.289646634752539 0.282235437369214 0.270047127858315 0.247239329062382 0.223184261454572 0.198368703292316 0.175715756852426 0.153583814721574 0.132552137235476 0.125139384913415 0.127780195436517 0.134597721008946 0.135581376361126 0.112936571101627 0.102613898088369 0.10324528457961 0.100013413034772 0.096533705883643 0.0953127799247356 0.0934983774123382 0.0910499149922962 0.0915445620525409 0.092619808450711 0.092602546184309 0.0930812842460752 0.0941976039048189 0.0939933716509027 0.0945409673817253 0.109927453081338 0.117029604088706 0.11126278696553 0.116076430471647 0.125020552798807 0.127002744799915 0.130219793827464 0.135773879623204 0.139103867393408 0.141307106962392 0.145575497269704
-9999 -9999 -9999 -9999 -9999 -9999 -9999 -9999 -9999 -9999 -9999 -9999 -9999 -9999 -9999 -9999 0.295303271152712 0.295318206355972 0.287337876920839 0.275809419675494 0.256403308030487 0.234170532476402 0.210214270226442 0.184946631320812 0.160800269106605 0.140135698655388 0.130713299985962 0.129589932199151 0.13561082067347 0.139332379430065 0.1312916309918 0.127643989516278 0.127901707447542 0.124572674882559 0.12053749455718 0.116198035199093 0.111915672470896 0.10769431077747 0.101791106766858 0.0961899671200644 0.0958823941507672 0.0972553802383748 0.100788634104985 0.0985761893857234 0.0954702995030861 0.104512605316671 0.110495087736083 0.111724409979389 0.114568921619738 0.118077358006014 0.121695040632269 0.125693739653189 0.130413533751955 0.133214774917925 0.135044059793681 0.138479120613511
-9999 -9999 -9999 -9999 -9999 -9999 -9999 -9999 -9999 -9999 -9999 -9999 -9999 -9999 -9999 -9999 -9999 0.299772827522741 0.293698228963016 0.285064541739317 0.270759748857171 0.250633786180677 0.226958512720275 0.196483720444077 0.168635648196901 0.149640043001611 0.138274418205956 0.132541285441144 0.136430576954487 0.142565643336718 0.152793251927822 0.155755688384335 0.152259573164696 0.149216226863384 0.145562246336905 0.138416735120569 0.131787088824339 0.12570858353221 0.113932393075706 0.10222546536837 0.101423797626059 0.103066038513459 0.107849791771936 0.104307633395565 0.0985723291102514 0.0991324109989014 0.103166006038617 0.11259539104852 0.113307904144 0.110704655008689 0.116899136819313 0.12208523189887 0.125362898053787 0.127752991372746 0.129693432255128 0.132616240007672
-9999 -9999 -9999 -9999 -9999 -9999 -9999 -9999 -9999 -9999 -9999 -9999 -9999 -9999 -9999 -9999 -9999 -9999 0.312466631208155 0.316189841795722 0.298857811208457 0.275642802932207 0.248840798074398 0.209639527106241 0.175914587994067 0.160314021310549 0.147702948352929 0.137298735531958 0.14266049634214 0.153297513531375 0.176593740043236 0.179940614993002 0.165553028104478 0.159213739875999 0.154184442321562 0.148453064928711 0.142021743583328 0.134842614434437 0.126297947873025 0.118114592013353 0.115084165163194 0.112964481721256 0.112015509675406 0.106892096191428 0.100709302668906 0.0981890698276746 0.0991716805542266 0.105595643412807 0.106118359739966 0.104542719393767 0.114063710168535 0.120630499089797 0.12160629390853 0.123559740606748 0.126008474600749 0.131086054059237
-9999 -9999 -9999 -9999 -9999 -9999 -9999 -9999 -9999 -9999 -9999 -9999 -9999 -9999 -9999 -9999 -9999 -9999 0.362642778878578 0.35104517427828 0.331936213200431 0.307368021249518 0.279471201601054 0.236006487149759 0.198837249198938 0.182748744044083 0.169685353659912 0.158855119056729 0.167160713222809 0.180274804718412 0.202805162709151 0.207152992431881 0.195337020905786 0.177720598263349 0.161411314327729 0.156964263030673 0.150992499482711 0.143391760192898 0.136271888466371 0.129559820651792 0.124974535667877 0.119919764043645 0.114261492734243 0.108598963800242 0.103023486150724 0.0985609589824799 0.0966019069354065 0.0985317781086985 0.100979185871883 0.103755179442507 0.110634571064332 0.115633795497525 0.117074697180721 0.119590411988833 0.12265063685956 0.122478395837284
-9999 -9999 -9999 -9999 -9999 -9999 -9999 -9999 -9999 -9999 -9999 -9999 -9999 -9999 -9999 -9999 -9999 -9999 0.385485275488863 0.389913033595033 0.370372141392859 0.346318093382465 0.319512262973433 0.276585148700651 0.238588410739336 0.217834912449482 0.205172403215953 0.198482705050665 0.211314930547387 0.224727865608586 0.231610112313743 0.237622105016076 0.242860464231893 0.205381258215033 0.167137187343423 0.163834823412217 0.15860363500606 0.151311724468155 0.143673085696098 0.136224592188933 0.130809388008301 0.123708984873581 0.114442349622967 0.109361771455877 0.105528300568344 0.100347687573893 0.095564573771319 0.0913989391776631 0.0980456675734009 0.108749065590068 0.106566754630019 0.106826869582824 0.111709413723544 0.115861964287035 0.119644693493465 0.121232508468615
-9999 -9999 -9999 -9999 -9999 -9999 -9999 -9999 -9999 -9999 -9999 -9999 -9999 -9999 -9999 -9999 -9999 -9999 0.419550612887522 0.41294073824684 0.392236282814429 0.36881998671655 0.343750214486169 0.304161576074845 0.269195153372084 0.250283168868027 0.239790022484246 0.235511707087933 0.243121657741274 0.250636365829934 0.252499206420589 0.257573600835322 0.265502984223377 0.224769879654754 0.18244359419876 0.17628037807091 0.168441336778711 0.15881187336674 0.15145140448421 0.144542910345736 0.136824269255441 0.128160714722815 0.11828252506325 0.112147561468197 0.107265114431826 0.102906543500878 0.09838006531229 0.0935927583151465 0.0969118909438123 0.103430560534697 0.10584025895348 0.108025316537133 0.109785228634232 0.112465124393114 0.115611092206449 0.119548492358125
-9999 -9999 -9999 -9999 -9999 -9999 -9999 -9999 -9999 -9999 -9999 -9999 -9999 -9999 -9999 -9999 -9999 -9999 0.440627820103055 0.431122093697951 0.409790619513949 0.386779311588478 0.362743767603178 0.327148738136487 0.296172310525579 0.280687332539595 0.272472549824866 0.269624663849474 0.270323047216968 0.271109535698279 0.270644822719797 0.27388800440156 0.280427409328869 0.243664140395479 0.204400597030586 0.191856105820664 0.179289707454925 0.166699903869362 0.159417562287467 0.152965215029256 0.142943931705446 0.133208983002727 0.123842101969759 0.11636762833643 0.109766052920012 0.106445931434886 0.102699227070938 0.0982898646087197 0.0965728124004468 0.0962368288494451 0.10571883270372 0.11094363353926 0.108111436867074 0.108927485902448 0.111591769251867 0.110826851337932
-9999 -9999 -9999 -9999 -9999 -9999 -9999 -9999 -9999 -9999 -9999 -9999 -9999 -9999 -9999 -9999 -9999 -9999 0.446567431659267 0.442706626619123 0.426137335544 0.401556340090552 0.372090410894907 0.340144311103537 0.31311239161132 0.300729978191572 0.292294651365773 0.286773084814711 0.286185140095508 0.285645078719341 0.283085641171042 0.282683258229443 0.284198441504798 0.274362973249235 0.258198877149301 0.220420334960404 0.193532273739897 0.17827941077013 0.168083347360786 0.159066516640458 0.149510735075976 0.141482298347488 0.135417180803214 0.127535552500859 0.119428518051364 0.115880274987108 0.111055728446529 0.104248559357263 0.0988108187254165 0.0943323216937228 0.103864748697446 0.107984918960059 0.101862087213517 0.103713911185146 0.109605767962261 0.110024576522624
-9999 -9999 -9999 -9999 -9999 -9999 -9999 -9999 -9999 -9999 -9999 -9999 -9999 -9999 -9999 -9999 -9999 -9999 0.4855173978671 0.462490275325064 0.449301940932921 0.425735438764336 0.395841111758569 0.362330392958629 0.333497084161034 0.318841912486527 0.310251637439245 0.306138501274571 0.304431187884159 0.302416666733329 0.298184027184434 0.296156618355597 0.296089603072774 0.300870130213713 0.299634591449441 0.263648616070118 0.230355647570748 0.199939840238987 0.182496320811568 0.168743227864916 0.158508660233248 0.150233100186139 0.144475738441169 0.136516125219761 0.128117576694504 0.123160870499878 0.117411551928747 0.110430981387235 0.103538956535452 0.0971206872540174 0.106067203739367 0.109033305515346 0.100681134191236 0.102011840651721 0.108247980686239 0.108218270440251
-9999 -9999 -9999 -9999 -9999 -9999 -9999 -9999 -9999 -9999 -9999 -9999 -9999 -9999 -9999 -9999 -9999 0.512420642942973 0.503038584382173 0.492887074198047 0.481291800835551 0.462084823263183 0.438236801916033 0.396412910173437 0.358340571987449 0.334454683444948 0.325794369213303 0.328373654755073 0.325763089332722 0.322082649937376 0.316722438239125 0.315685441771241 0.318491672752781 0.321951472147364 0.325067876838134 0.325858430030457 0.296408209971259 0.234649279850646 0.204348605389242 0.183048042915479 0.170653493090617 0.159601973045546 0.150276845148137 0.142665332951404 0.135546632490488 0.127653598154125 0.121177645557695 0.116903001868623 0.111490385744273 0.105983630141592 0.113520549146436 0.115268588705736 0.106060846485305 0.104855153083239 0.10770337007929 0.107965837530123
-9999 -9999 -9999 -9999 -9999 -9999 -9999 -9999 -9999 -9999 -9999 -9999 -9999 -9999 -9999 -9999 0.554583192534903 0.551875120837205 0.544508038296893 0.533936889783154 0.516163384597719 0.493651637789617 0.468250868210795 0.42906371577131 0.390843309291639 0.357987840532756 0.345539201294514 0.348154991927585 0.34784512764253 0.345922755536764 0.339287156649947 0.339027872360846 0.344436968196789 0.346241083746229 0.348519680961064 0.35646612675916 0.328120307252835 0.261000470050598 0.227820680443967 0.204253094408223 0.189572642536913 0.176548974800741 0.165655013467442 0.15660487456626 0.147668207616361 0.132652763722121 0.122104608947297 0.118495985642815 0.117376933105096 0.117405950331192 0.12198351465965 0.122156940775751 0.113995286219286 0.109812542398301 0.107645550789015 -9999
