layers/veg/veg_5500.asc
NCOLS 255 
NROWS 330 
XLLCORNER -2985163.8955 
YLLCORNER -3022031.214 
CELLSIZE 25000 
NODATA_value -9999 
[rows 200 to 224 of 330, columns 112 to 167 of 255]
0.254933809204607 0.252700643602646 0.245657934533503 0.235640118820823 0.23306394173225 0.232725756232497 0.237465675859749 0.238002333583601 0.235392682283972 0.229990433645009 0.225426748620291 0.225372276898422 0.22836869254912 0.23411452439653 0.230131287215765 0.221275390675658 0.196520020437379 0.175413884803497 0.158259988965703 0.149683586088962 0.139566284899692 0.101203917061389 0.0771824895617188 0.0718522631035865 0.0688753207671302 0.066707705552112 0.0649901978374486 0.0670481704333635 0.0750554453310543 0.0822436551032809 0.089170482543656 0.0992820389017304 0.106220722370865 0.107063400395335 0.104916202304335 0.101231110627501 0.101307979060995 0.103904996186943 0.112287050826167 0.128883314260152 0.150634333766111 0.145607663893647 0.144924937249782 0.163045577440724 0.17086453446536 -9999 -9999 -9999 -9999 -9999 -9999 -9999 -9999 -9999 -9999 -9999
0.25491917371622 0.253633713521469 0.247370664402584 0.23802855840896 0.229652577089784 0.22590666651136 0.235573409495941 0.233239973851981 0.221923926329411 0.218576809395633 0.215738408799343 0.211083751723442 0.214439991924528 0.22501553852204 0.223710847560711 0.215801562477411 0.18509245907176 0.160708567777807 0.143175086977173 0.128556622639177 0.112483329137386 0.079723553370818 0.0603637041574648 0.0584685898383271 0.0574654744912773 0.056484501673 0.0519045576963668 0.052294011960939 0.0605141129148896 0.0568402082636509 0.0488929560164966 0.0680016338156518 0.0829707891029924 0.0899867257605206 0.0904532699498964 0.0875510228319094 0.0887287222652468 0.0929063819785157 0.1039913954751 0.124791652375623 0.151688626705473 0.163414821485003 0.171303347017488 0.170996805466272 -9999 -9999 -9999 -9999 -9999 -9999 -9999 -9999 -9999 -9999 -9999 -9999
0.270920155674829 0.267065904961269 0.261098627355548 0.253824265119501 0.244796691004052 0.239855347039418 0.247276175464748 0.242414512994408 0.228358916664122 0.221003468520395 0.216003267747703 0.216817187377884 0.215228557810392 0.21147478516457 0.213275503328719 0.211167776126499 0.183540046516969 0.157760772275396 0.133983435332602 0.115980987861902 0.0986136642675513 0.0749606559624141 0.0591992988846007 0.0537234904637505 0.0498944508326959 0.0464453325209528 0.0408421939266279 0.0367381057716638 0.0349961817642336 0.0288034072554447 0.021453067699615 0.041966477792008 0.0545835700237331 0.0520295544435928 0.0512986896126146 0.0515055933495844 0.0624972220988261 0.0752939882416299 0.0918098738843067 0.118466382965259 0.151486553057044 0.164557040322292 0.173274409951571 0.173290246471895 -9999 -9999 -9999 -9999 -9999 -9999 -9999 -9999 -9999 -9999 -9999 -9999
0.285592152717852 0.279214273809249 0.273740811411852 0.26882680659902 0.26044689714765 0.254568329608979 0.256739139162097 0.249869055055869 0.236231501790094 0.224820776559095 0.217076091955209 0.222244983184213 0.21549328782418 0.197998929809038 0.202950180859394 0.206760879435969 0.183221933149294 0.157094149356997 0.128162570324188 0.107204156848344 0.0886342358625074 0.0728914647304624 0.0601064872080107 0.0511765368797907 0.0445959708762069 0.0387066610428259 0.0317207584975688 0.022925936170984 0.0112806657600512 0.00455957866833758 0.000449722080405992 0.0189664086832435 0.0276652184395037 0.0175010504444547 0.0166825001575567 0.0206710271454208 0.0411931099710212 0.061787297322988 0.0816849066621659 0.105514014409775 0.131810300165539 0.154071200550199 0.170537120188392 -9999 -9999 -9999 -9999 -9999 -9999 -9999 -9999 -9999 -9999 -9999 -9999 -9999
0.279457709404921 0.273895513938116 0.270331328056161 0.26800307893833 0.262186188896756 0.254697919024369 0.24300042738996 0.236409539062515 0.233641146794868 0.223311072180875 0.213360628048618 0.208417973608719 0.200113763668775 0.188780167845538 0.196728784961 0.20274070532655 0.180309230874089 0.157382836857807 0.133920428852828 0.109784988265122 0.0863394221963508 0.069440801960659 0.0574734724098585 0.0519333187212481 0.0472226960212548 0.0422692238550789 0.0304798377792355 0.0185134784766491 0.0062682494307175 0.00154964323234302 0.000152844994906177 0.00644602692392108 0.012616410953865 0.0185508647440758 0.0265499873410559 0.03561110742294 0.0565345587037304 0.07459806185976 0.085249868934112 0.105514014409775 0.131810300165539 0.154071200550199 -9999 -9999 -9999 -9999 -9999 -9999 -9999 -9999 -9999 -9999 -9999 -9999 -9999 -9999
0.27450074996997 0.268464844554586 0.265275558921461 0.263847146744125 0.259897380325635 0.253298905494322 0.239424086688594 0.230188579640145 0.224425782306233 0.215524469104337 0.206767656030234 0.200039583309246 0.191994299536884 0.182761963947499 0.187343366189446 0.190746385145251 0.174853725129833 0.156845771205061 0.136546885160194 0.111943302033612 0.087223225965058 0.0699054404344366 0.0579097258886813 0.0528505089774286 0.0476007552948012 0.0419126624579983 0.0312506649854613 0.0190202883000926 0.00431850101437883 0 0 0 0.00346430494776593 0.0135845405182753 0.0253853213395444 0.0380505191674166 0.0622447944142048 0.0794473192269413 -9999 -9999 0.133586589147925 -9999 -9999 -9999 -9999 -9999 -9999 -9999 -9999 -9999 -9999 -9999 -9999 -9999 -9999 -9999
0.270793321223562 0.262915418241392 0.258472772573655 0.256155122121819 0.253334003702428 0.250277758254726 0.246631922958797 0.231649082992218 0.208180043280226 0.201076902171642 0.197121109555791 0.197443197437098 0.191579117365623 0.180140150945378 0.174600327196329 0.170290004108526 0.166699829174947 0.155432426967251 0.135850337860606 0.11365324552896 0.0914801375157743 0.0745249460365384 0.0616030472349941 0.0539379225722431 0.0455925593785581 0.0373971770506961 0.0341563331150841 0.0247473612995965 0.00561881624449334 0 0 0 0.000569702418071135 0.00223396776505995 0.012513476816793 0.0272243828636647 0.0577345112163131 -9999 -9999 -9999 -9999 -9999 -9999 -9999 -9999 -9999 -9999 -9999 -9999 -9999 -9999 -9999 -9999 -9999 -9999 -9999
0.275424407753254 0.269485083418737 0.266458819809791 0.265234528961214 0.254849222381235 0.246097023339022 0.24398982870635 0.231374505586207 0.210893429572267 0.199507759031113 0.19089302360423 0.188547317162179 0.182230925476069 0.172336208867109 0.168091984723759 0.164610911637363 0.159676020571154 0.149560326934435 0.133833655568259 0.113579725220884 0.0932049513721607 0.0806279113076509 0.068654193395393 0.0574668127367789 0.0475781044603442 0.0385558741339402 0.0353424321328186 0.0289456912946131 0.0175327921028225 0.00822603368751014 2.93384526835183e-05 0.00123730879130345 0.00280871291292306 0.00507837832564728 0.0199251706037724 0.0412412218035136 0.0421480460294594 -9999 -9999 -9999 -9999 -9999 -9999 -9999 -9999 -9999 -9999 -9999 -9999 -9999 -9999 -9999 -9999 -9999 -9999 -9999
0.281542912114805 0.277837575080425 0.276334744900554 0.276194350224176 0.258510153724849 0.243599818387236 0.240375743241403 0.231528151943777 0.218471134724399 0.201985406622386 0.187029825304809 0.179517069175015 0.171930521846539 0.16427747494202 0.163303732805607 0.162146949928854 0.153660116522736 0.143534183369873 0.131633051866912 0.11366089195843 0.0954422335102794 0.0870375150909233 0.0761271533435092 0.0619510724676948 0.0510756663613968 0.0416186425658958 0.0365440522767663 0.0326389589806352 0.0305767282026507 0.0183402004129512 0.00232546488866645 0.00452435610630695 0.00781210012177749 0.013191844925288 0.0324888374884565 0.0589444029273739 -9999 -9999 -9999 -9999 -9999 -9999 -9999 -9999 -9999 -9999 -9999 -9999 -9999 -9999 -9999 -9999 -9999 -9999 -9999 -9999
0.283631247831138 0.277585148940214 0.273638886413077 0.270991549066441 0.263375333311021 0.255368329634063 0.247213818041061 0.237868925524052 0.227632985451917 0.210922911966146 0.194238965227684 0.180704160941034 0.170596703791248 0.163577923009715 0.159909780420889 0.156739824317161 0.152943857854328 0.144312523975076 0.130444329876193 0.118031995429733 0.105893375588126 0.0930347804039928 0.0806928522949654 0.0690243199287773 0.0584402090685969 0.0484053686222276 0.0409131400086235 0.0353864379139117 0.0329569606703755 0.0275292231490532 0.021003725984835 0.0204738784843693 0.0237370362515628 0.034287652915676 0.0463692330686205 0.0592382903071334 -9999 -9999 -9999 -9999 -9999 -9999 -9999 -9999 -9999 -9999 -9999 -9999 -9999 -9999 -9999 -9999 -9999 -9999 -9999 -9999
0.282870614509703 0.276375891499251 0.271543854199325 0.267740327679528 0.265596429074344 0.261830995330159 0.252965714344259 0.244713867750444 0.236921201242831 0.219822223794391 0.202309393576604 0.18760409028266 0.176394787863223 0.168336031581451 0.160361490661143 0.153204335480124 0.150193590293446 0.143213835106775 0.131935512967423 0.122276351459193 0.11258210971486 0.0995030550340978 0.0873117643143089 0.0762775368191179 0.065148282916352 0.0542182829328952 0.046341823241457 0.0402549704141006 0.0369881328854401 0.0356346533355153 0.0351178688704267 0.0362446877465295 0.0404577364178143 0.0506003241199581 0.0552516935012015 0.0570785614288776 -9999 -9999 -9999 -9999 -9999 -9999 -9999 -9999 -9999 -9999 -9999 -9999 -9999 -9999 -9999 -9999 -9999 -9999 -9999 -9999
0.278472803958002 0.27394508163909 0.270215875475156 0.266980618629668 0.264441917258965 0.261519877117554 0.257330925273572 0.252202464118232 0.246370742806399 0.228672775322636 0.211479398161832 0.201797395745522 0.191297917192585 0.180061740801936 0.16572282131124 0.152058298606186 0.144846576073761 0.139718809608956 0.136848035362142 0.126358893547063 0.114467511706585 0.106572650471995 0.0965519402787507 0.0837605142654922 0.0710182663684942 0.0587879664955481 0.0531232542852887 0.0478313764065865 0.0431270010347042 0.0423566995342307 0.0434051647065488 0.0517873403431406 0.0581943601675549 0.060806535065445 0.0598973618584175 0.0571769234166789 -9999 -9999 -9999 -9999 -9999 -9999 -9999 -9999 -9999 -9999 -9999 -9999 -9999 -9999 -9999 -9999 -9999 -9999 -9999 -9999
0.272779756166426 0.270465261626672 0.267838457558624 0.265018463812843 0.262705029998213 0.260323586208435 0.257640222442779 0.254884988815759 0.252075957733686 0.236971561142995 0.221739719148475 0.211814210218107 0.200815827266571 0.188850585545566 0.175365855247523 0.162142248670582 0.151721170990446 0.14459816710868 0.141047084445856 0.13545661377621 0.128437897882501 0.114475073579387 0.10010728059259 0.0852116734664443 0.0723025677843532 0.0603727769403344 0.0527448403386749 0.0478188612976001 0.0471505557211301 0.0484485398840532 0.0506958380846337 0.058226636964648 0.0640187102208015 0.0664701892455299 0.067465729345698 0.0677123825197947 -9999 -9999 -9999 -9999 -9999 -9999 -9999 -9999 -9999 -9999 -9999 -9999 -9999 -9999 -9999 -9999 -9999 -9999 -9999 -9999
0.26706542664567 0.266749519266048 0.265248805885239 0.263015190467159 0.260888398798753 0.258761653348653 0.256613524190736 0.255830691086158 0.256069836480913 0.244591111475889 0.23189804286154 0.220099706523805 0.208379368331652 0.196729320956099 0.186360090277878 0.17574793569245 0.162655469766631 0.152436855218729 0.145330715207312 0.145494583012393 0.144731406871052 0.12291316274406 0.103125796314934 0.0859853653339193 0.0729003634831881 0.0612850094165576 0.0514376831230127 0.0469738885908227 0.0509933214270217 0.0543787792046637 0.0575314811747833 0.0619263536074041 0.066255339954111 0.0704577400956602 0.0718851192799279 -9999 -9999 -9999 -9999 -9999 -9999 -9999 -9999 -9999 -9999 -9999 -9999 -9999 -9999 -9999 -9999 -9999 -9999 -9999 -9999 -9999
0.266188626928452 0.264265922413392 0.26418391630017 0.265240536769994 0.26038501463028 0.256193764701661 0.255145734405938 0.25436572028679 0.253786326955538 0.246040850581808 0.236511507633077 0.22356368957086 0.213140375549427 0.20499210857195 0.197093308122233 0.188396717442327 0.175336145430354 0.163653053752029 0.153461818088226 0.147337058496618 0.141981598673461 0.134651395370736 0.121930605812428 0.102184019545143 0.0831191834798134 0.0656874903882725 0.0669101319681964 0.065780162037707 0.060943008935087 0.0608052425946252 0.0627020989838364 0.0678171043544279 0.0713244363211161 0.0717429632311621 -9999 -9999 -9999 -9999 -9999 -9999 -9999 -9999 -9999 -9999 -9999 -9999 -9999 -9999 -9999 -9999 -9999 -9999 -9999 -9999 -9999 -9999
0.264626489055468 0.262662254263999 0.263125198088648 0.265089555774122 0.260297772871637 0.256067200704478 0.254846984166811 0.254008504746591 0.253455770769988 0.248330423079983 0.241190056096041 0.22852919143592 0.218782551081081 0.211662168115434 0.204869478526309 0.197396938007712 0.186095545814821 0.174401742454675 0.162282945034189 0.152844888556671 0.1450085321662 0.144201568191602 0.136011156727157 0.118197561694992 0.0976905569867588 0.0781384366956178 0.0829853386893661 0.0822179137289578 0.0726035804221593 0.0697447079142827 0.0697738766348599 0.0729520570991696 0.075042299814334 -9999 -9999 -9999 -9999 -9999 -9999 -9999 -9999 -9999 -9999 -9999 -9999 -9999 -9999 -9999 -9999 -9999 -9999 -9999 -9999 -9999 -9999 -9999
0.262007249021978 0.262415835124433 0.262075998933165 0.261273200684602 0.260852411383059 0.259706266185383 0.256351422935983 0.255359950059325 0.256137554080679 0.251915399439667 0.245968993119369 0.235810716089437 0.225783887664156 0.215875518847021 0.208084541086707 0.200769423011587 0.193891468634905 0.184429319034955 0.172168401937308 0.164006357201604 0.156945820452633 0.150376760751152 0.142804758983599 0.133925577118555 0.11897554140354 0.103003765630678 0.0999902713386869 0.0950023310129232 0.0869031106996723 0.0825603615752534 0.0797781047258675 0.0769212266544062 -9999 -9999 -9999 -9999 -9999 -9999 -9999 -9999 -9999 -9999 -9999 -9999 -9999 -9999 -9999 -9999 -9999 -9999 -9999 -9999 -9999 -9999 -9999 -9999
0.265724511092175 0.262525718900172 0.261344065710816 0.261410182437392 0.261148301156009 0.260124322071895 0.256926694633176 0.256448958688573 0.258007169907745 0.255076679228933 0.250584863903834 0.242260970592718 0.232459691657922 0.221327013865517 0.213003255797715 0.205693639859365 0.200943870516882 0.193509455986094 0.183167483377565 0.174174860925525 0.165654951430723 0.158134832874639 0.151326128586984 0.145444642933604 0.137701431867378 0.129325385093183 0.120691752033703 0.112085113128753 0.103521010900588 0.100429866206159 0.0996791255652589 0.101505618691438 -9999 -9999 -9999 -9999 -9999 -9999 -9999 -9999 -9999 -9999 -9999 -9999 -9999 -9999 -9999 -9999 -9999 -9999 -9999 -9999 -9999 -9999 -9999 -9999
0.271431795299421 0.262799470791476 0.260824256685095 0.262967024569646 0.261227183693389 0.259196643496618 0.25709391704148 0.257361615581649 0.259403671685925 0.257949239482667 0.25505851045459 0.248344504248058 0.238944537591345 0.227124021676781 0.218539645961599 0.211269929333821 0.207705803378104 0.202189321194397 0.194558373700318 0.183993445699274 0.173232391106963 0.166628091267846 0.160586533309929 0.155278422489205 0.155101998676469 0.155603791161975 0.142695756768648 0.13102170400859 0.12129212696215 0.120198603102542 0.122636213601006 -9999 -9999 -9999 -9999 -9999 -9999 -9999 -9999 -9999 -9999 -9999 -9999 -9999 -9999 -9999 -9999 -9999 -9999 -9999 -9999 -9999 -9999 -9999 -9999 -9999
0.257934595775981 0.263710505853607 0.263059615331103 0.258433208776234 0.257604961981397 0.256989951904755 0.256236486022292 0.255965958426485 0.256056929382045 0.256962769700927 0.257019141313236 0.253456373698069 0.24348442748762 0.227736620917347 0.221642983543593 0.217586648040962 0.214839062114613 0.210346515377112 0.203964119312811 0.195563518077695 0.186699087008146 0.178190402994502 0.171100529300787 0.165859855750399 0.163023091383733 0.160928586732085 0.15817505554091 0.153580109757635 0.146083511424191 0.134960584750399 -9999 -9999 -9999 -9999 -9999 -9999 -9999 -9999 -9999 -9999 -9999 -9999 -9999 -9999 -9999 -9999 -9999 -9999 -9999 -9999 -9999 -9999 -9999 -9999 -9999 -9999
0.247972950898553 0.260070296858575 0.262040470174128 0.257746136510922 0.256065570493933 0.255002380830497 0.255227052768171 0.254689604918291 0.253581680038983 0.255391758641672 0.256975088236361 0.256320295711934 0.254070151421581 0.250382298868337 0.235887478507279 0.221708921875736 0.219494207801716 0.215669878614194 0.210102283893593 0.204791661954855 0.199121450374161 0.190219405555448 0.182986424336766 0.177928809765087 0.173457276260878 0.169681488904365 0.172562720665013 0.171131493484285 0.162904807237236 0.160488301528615 -9999 -9999 -9999 -9999 -9999 -9999 -9999 -9999 -9999 -9999 -9999 -9999 -9999 -9999 -9999 -9999 -9999 -9999 -9999 -9999 -9999 -9999 -9999 -9999 -9999 -9999
0.24465286015275 0.247880556941723 0.254907726065019 0.264285187988642 0.258438784260294 0.25342642856141 0.253932082682487 0.253637363807946 0.252743533853452 0.252722684357408 0.253165228035119 0.254961439102073 0.253934722773631 0.250364024529359 0.235887478507279 0.221708921875736 0.219494207801716 0.215669878614194 0.210102283893593 0.209620483385944 0.209582030722186 0.203125088792838 0.197449437444322 0.192792077712211 0.188612315248661 0.184874103610284 0.184899747433314 0.17927716548266 0.164754258319826 -9999 -9999 -9999 -9999 -9999 -9999 -9999 -9999 -9999 -9999 -9999 -9999 -9999 -9999 -9999 -9999 -9999 -9999 -9999 -9999 -9999 -9999 -9999 -9999 -9999 -9999 -9999
0.241474411004094 0.242916149843503 0.248760341578843 0.257327820243164 0.258764332991837 0.258594538605334 0.255140506846701 0.253526335962365 0.253289374255996 0.252932370383147 0.253075819424408 0.255181844564848 0.254979836029148 0.252697860455401 0.252483968610625 -9999 -9999 -9999 -9999 -9999 0.213081827940312 0.207442944283596 0.202288328916448 0.197764882478577 0.193682737875839 0.189957097948535 0.189027347482942 0.18845855671347 -9999 -9999 -9999 -9999 -9999 -9999 -9999 -9999 -9999 -9999 -9999 -9999 -9999 -9999 -9999 -9999 -9999 -9999 -9999 -9999 -9999 -9999 -9999 -9999 -9999 -9999 -9999 -9999
0.23836717753023 0.241584552333914 0.24310838394376 0.243584616827971 0.258060340613023 0.267153481272754 0.257607607235724 0.253888538715155 0.254531066306332 0.254589462129849 0.254857008688064 0.256196283817408 0.256618511415899 0.256214308856018 0.254381786401817 0.252625011720468 -9999 -9999 -9999 -9999 0.213081827940312 0.207442944283596 0.202288328916448 0.197764882478577 0.193682737875839 0.189957097948535 0.189027347482942 -9999 -9999 -9999 -9999 -9999 -9999 -9999 -9999 -9999 -9999 -9999 -9999 -9999 -9999 -9999 -9999 -9999 -9999 -9999 -9999 -9999 -9999 -9999 -9999 -9999 -9999 -9999 -9999 -9999
0.231229092333847 0.237277239178316 0.240106429666691 0.240944425251512 0.248259775441829 0.255171125507533 0.259590306128626 0.258620373463766 0.253616474762566 0.254440486861901 0.256061690139326 0.257973851118189 0.25852192189891 0.257840694044003 0.256815053393686 0.255761945466138 0.254895957768471 0.254445704191162 -9999 -9999 -9999 -9999 -9999 -9999 -9999 -9999 -9999 -9999 -9999 -9999 -9999 -9999 -9999 -9999 -9999 -9999 -9999 -9999 -9999 -9999 -9999 -9999 -9999 -9999 -9999 -9999 -9999 -9999 -9999 -9999 -9999 -9999 -9999 -9999 -9999 -9999
