layers/veg/veg_5800.asc
NCOLS 255 
NROWS 330 
XLLCORNER -2985163.8955 
YLLCORNER -3022031.214 
CELLSIZE 25000 
NODATA_value -9999 
[rows 200 to 224 of 330, columns 114 to 170 of 255]
0.292182961414585 0.28529904395008 0.277552563676196 0.269034825334148 0.26012626629897 0.244589851075715 0.232009289580967 0.226622562724077 0.216388644124199 0.203155645714327 0.191507653380671 0.174836381464711 0.143078355437826 0.117168846354128 0.0956381491711458 0.0930028650522084 0.0908198289446855 0.0814513093609634 0.0718863335732153 0.0621442759765086 0.057620983192208 0.0546363727958666 0.0546201452561042 0.0587850274551668 0.0674791655180196 0.0847352575315424 0.104428483256674 0.126180906804008 0.147473406218077 0.16816633400986 0.184713450913293 0.199642435092862 0.21123373043946 0.221380244046076 0.229249591939093 0.225709675183766 0.217040787211505 0.192969506028008 0.168093102276188 0.141669455064965 0.130193198164546 0.126407233316034 0.126330177432346 -9999 -9999 -9999 -9999 -9999 -9999 -9999 -9999 -9999 -9999 -9999 -9999 -9999 -9999
0.291418420114425 0.283142344604395 0.278139122442481 0.271454000511791 0.263916607129377 0.250400840848774 0.236377877687842 0.221430133034738 0.211056029569991 0.203511753286315 0.191252954823713 0.174126328290793 0.143640467611403 0.116718303920908 0.09246429677969 0.0856835192505934 0.080966580179712 0.0758745939516733 0.0673346693771217 0.0556868401038877 0.0504651770559345 0.0484910597334488 0.0571709115318296 0.0627740994868548 0.0650444407519134 0.077456764992571 0.0924076875532685 0.107145445015445 0.124351131744262 0.144774088990256 0.161469152853554 0.176409197491961 0.184371535972802 0.190650412902834 0.194275933400142 0.190810950784284 0.184200857265397 0.169725303302289 0.153741887172809 0.134860738491304 0.12720697493679 0.125329595674817 -9999 -9999 -9999 -9999 -9999 -9999 -9999 -9999 -9999 -9999 -9999 -9999 -9999 -9999 -9999
0.289947263094406 0.282282294046316 0.276488251306969 0.270160556019916 0.263562442221611 0.253043806720241 0.241019884554806 0.225649909719417 0.208621845198733 0.190567878761642 0.184554181915463 0.1744268434769 0.14977814607464 0.121756682580994 0.0912100133911423 0.0839806890950614 0.0790507851180635 0.0718880844603691 0.0641868331368285 0.0560001426967342 0.0516073936441712 0.049743231897414 0.0573313410317884 0.0637419316231511 0.0688769558938947 0.0758941569106535 0.0839459367848307 0.0962491755965538 0.109831398340429 0.125080944922341 0.138768331298733 0.151269916172493 0.154877984528142 0.158682990830282 0.162798397192891 0.161710430908392 0.15856062256524 0.159552057604657 0.153741887172809 0.134860738491304 0.12720697493679 0.125329595674817 -9999 -9999 -9999 -9999 -9999 -9999 -9999 -9999 -9999 -9999 -9999 -9999 -9999 -9999 -9999
0.2996257417254 0.291609799707926 0.283406883887127 0.275240077615221 0.267091569186163 0.259694132384231 0.250116807027361 0.235414160029107 0.21519311039098 0.191557685828525 0.184887515728496 0.176498635303342 0.159635537008319 0.13425765569068 0.102504716628721 0.091055004821667 0.0820143665633972 0.0725797390609386 0.0643637398143401 0.0572461884231579 0.0532021049098058 0.0514665353097277 0.058733854806036 0.0655452085076316 0.0718626297658345 0.0760040385581836 0.0801403517363609 0.0884315177043113 0.0981237815639258 0.10964256087496 0.12111674941854 0.132073382800226 0.136364704210817 0.140116740683631 0.143018793289552 0.143134296391531 0.142083990793428 0.140769671927936 -9999 -9999 -9999 -9999 -9999 -9999 -9999 -9999 -9999 -9999 -9999 -9999 -9999 -9999 -9999 -9999 -9999 -9999 -9999
0.321190203048359 0.311797670738485 0.299460969501927 0.287113450326352 0.274760449361219 0.270616472903711 0.263962857762005 0.251089053484969 0.231364565310996 0.207401386189901 0.192717372422942 0.180458682867342 0.17345829859864 0.154714069788884 0.12717716982231 0.107486128905547 0.0901795695257817 0.078258514242542 0.0680849629173559 0.0594865777397009 0.055279194620091 0.0536920845387473 0.0614604828965052 0.0682391047924068 0.07394553506366 0.0778968649223782 0.0812984360750109 0.0838957897751988 0.0894139999280885 0.0987399307791383 0.10884787036907 0.11921206982924 0.129556856847326 0.135836706028594 0.135709679476488 0.13577760133767 0.135980388040063 0.138347952658325 -9999 -9999 -9999 -9999 -9999 -9999 -9999 -9999 -9999 -9999 -9999 -9999 -9999 -9999 -9999 -9999 -9999 -9999 -9999
0.326680454345064 0.319094955355569 0.309074187757568 0.295828204007673 0.280947901909603 0.271503100775046 0.2621787291895 0.25289919702059 0.236361657477316 0.215333405676012 0.198080829734948 0.182830794699242 0.172706180603435 0.157752078457973 0.13918211609502 0.114348689940802 0.092951871145174 0.0876010262914877 0.0781760869740646 0.0650788379880162 0.061129277331267 0.0595410096024602 0.0614187730625554 0.0651769523516679 0.0709721230023932 0.076614666015797 0.0816677637811993 0.0825260911203977 0.0855789313740135 0.0914926079548912 0.0981620694567256 0.105219649695142 0.114120137865994 0.120677161369849 0.123540576875319 0.128712884107398 0.134571922613647 0.129406073563814 -9999 -9999 -9999 -9999 -9999 -9999 -9999 -9999 -9999 -9999 -9999 -9999 -9999 -9999 -9999 -9999 -9999 -9999 -9999
0.327981373564445 0.323130274015525 0.316361208416568 0.303282819737964 0.287007298839997 0.27077073882808 0.257475491877467 0.251050025923908 0.23799674917034 0.220842678677071 0.20299681576502 0.185679185200806 0.170053940096377 0.157506119189556 0.147262380126207 0.118819441484183 0.0949342560798899 0.0969937056520303 0.0892373452227247 0.0726332041897663 0.0689701969054419 0.0670399741371951 0.0616959530469544 0.0618008617079871 0.0678084131047908 0.0750532768653855 0.0817732369390639 0.082111220048888 0.0833527972201092 0.0857723281408664 0.0888562491062787 0.0923361516485736 0.0981624277954148 0.104507715020271 0.111671031847198 0.112929461874825 0.111965673685301 0.120436618824444 0.126008291900412 -9999 -9999 -9999 -9999 -9999 -9999 -9999 -9999 -9999 -9999 -9999 -9999 -9999 -9999 -9999 -9999 -9999 -9999
0.327655416843456 0.326576443454518 0.318250869561042 0.307215811806811 0.29480777345867 0.276325821234771 0.259650891179199 0.247461800106933 0.235205403863226 0.22290736421206 0.209094644069896 0.194890075027151 0.179839068359323 0.164699411622246 0.149493382165042 0.123069188930703 0.100882197631074 0.100127288039879 0.0958866082479161 0.0885039228581886 0.0845763196820845 0.0800772757987313 0.0693172694850477 0.0665353056376324 0.0723956874541866 0.0771886719399612 0.0813717444870255 0.0829671466065837 0.0841004261413662 0.0846312680830547 0.0868000426554647 0.0896251053598425 0.0939940797183969 0.100615535724651 0.110787198545338 0.112929461874825 0.111965673685301 0.120436618824444 -9999 -9999 -9999 -9999 -9999 -9999 -9999 -9999 -9999 -9999 -9999 -9999 -9999 -9999 -9999 -9999 -9999 -9999 -9999
0.325387734067999 0.325421335281461 0.320708466035236 0.311263761503123 0.299421287375405 0.282677470360018 0.265817410208686 0.248899048842738 0.236320310531334 0.226426606478107 0.214335251774311 0.201485016521763 0.18684711661165 0.170577370032952 0.153085852245934 0.131033757309609 0.111657433323271 0.104625557407256 0.100406590314444 0.0987231246343633 0.0949426541168085 0.0896941185097017 0.0788566081321064 0.0756254485165118 0.0806339934154702 0.0838344551844306 0.0865408774500203 0.0889695210509527 0.0902617329828812 0.0900724567081201 0.089285446336949 0.0885659444200462 0.091352368810834 0.0928944270363601 0.0924752008074385 -9999 0.111760393094831 -9999 -9999 -9999 -9999 -9999 -9999 -9999 -9999 -9999 -9999 -9999 -9999 -9999 -9999 -9999 -9999 -9999 -9999 -9999 -9999
0.320629614499159 0.318364678311006 0.323894490208149 0.315459154606532 0.299947240035541 0.290050787325437 0.277102896145957 0.256781916774748 0.242445333647606 0.231811447443183 0.218476397626975 0.204724771037272 0.190293312139851 0.174768295282413 0.158424526482223 0.143762914755834 0.128624104163386 0.110874159504346 0.102195579700153 0.101693752094663 0.09858849281207 0.0949239176409943 0.0908559812772051 0.0903021636613982 0.0935550729529383 0.0962652134128311 0.0988548341969019 0.101572673778493 0.103366564452453 0.103955966156618 0.0975958699529665 0.0896254737259579 0.0906687061913956 0.0915481642715306 0.09216949241781 -9999 -9999 -9999 -9999 -9999 -9999 -9999 -9999 -9999 -9999 -9999 -9999 -9999 -9999 -9999 -9999 -9999 -9999 -9999 -9999 -9999 -9999
0.322530430948597 0.318162616573475 0.318053769116291 0.312996736085894 0.305432301972403 0.296410414804154 0.28476318325668 0.267046055524682 0.251755048464546 0.237965143467088 0.224470209398672 0.210367714959471 0.194419666050779 0.180029012384023 0.166804387795364 0.155727299107255 0.142148377881755 0.118025348257439 0.105836924420677 0.104406122581877 0.101682784308559 0.0987326900299583 0.0958458123185012 0.0948496887264052 0.0959017556189025 0.0979692694624189 0.100315332739923 0.102825696631924 0.105393212539288 0.10803523361846 0.107024667720913 0.10478919278651 0.102273561497584 0.100989684831515 0.101647215173244 -9999 -9999 -9999 -9999 -9999 -9999 -9999 -9999 -9999 -9999 -9999 -9999 -9999 -9999 -9999 -9999 -9999 -9999 -9999 -9999 -9999 -9999
0.326297712018951 0.320101327169374 0.310245200752885 0.308775476373617 0.311555405375424 0.302117439772025 0.291274641352582 0.27768150179369 0.261797888603938 0.244497101597703 0.23115877458787 0.216892306833156 0.19909817943103 0.18570629647973 0.175610394471699 0.166487037516042 0.153571160943835 0.125747806723741 0.110660929892017 0.107054466554347 0.104549751582772 0.102055930353543 0.0985646601349424 0.0962106982926425 0.0950887444468 0.0963623869143236 0.098283386544476 0.100517486656735 0.103875873307574 0.108699915389598 0.115802225081289 0.122674712800913 0.116548673095698 0.112800633191631 -9999 -9999 -9999 -9999 -9999 -9999 -9999 -9999 -9999 -9999 -9999 -9999 -9999 -9999 -9999 -9999 -9999 -9999 -9999 -9999 -9999 -9999 -9999
0.326553496063058 0.321165507191057 0.314217401343674 0.30940492229265 0.305674632432602 0.303758464552629 0.298040905090677 0.283363624255965 0.268169546035862 0.252655712236328 0.239061086604554 0.224747184748912 0.207931726148804 0.19227662780119 0.177490296584131 0.165285838027833 0.152618119375404 0.136968188973463 0.122791718849189 0.109943397218323 0.106799515650689 0.105039468577944 0.101156251273793 0.0985762559050793 0.0974079971234473 0.0966127242970547 0.0963529006044614 0.0994519608361295 0.102721418255453 0.106213010828917 0.11194503960905 0.117746282027821 0.114677920991915 -9999 -9999 -9999 -9999 -9999 -9999 -9999 -9999 -9999 -9999 -9999 -9999 -9999 -9999 -9999 -9999 -9999 -9999 -9999 -9999 -9999 -9999 -9999 -9999
0.326977793218027 0.322730841588439 0.317780200255244 0.310926138133957 0.303107552901111 0.303096590250092 0.299790873332097 0.288448251050198 0.274883463591805 0.259943766480841 0.24488293909621 0.230191555878713 0.216610668672969 0.200571779837365 0.182692573722462 0.169169915607775 0.156717040637755 0.146285936663668 0.132822371847008 0.116625405689012 0.111151505961325 0.107639595712391 0.104021178625684 0.101130034600769 0.099026721076716 0.0968407674684965 0.0951757033878282 0.0976367369981586 0.100407451394934 0.103581875443131 0.108844171885724 0.114355251753859 0.114043345957105 -9999 -9999 -9999 -9999 -9999 -9999 -9999 -9999 -9999 -9999 -9999 -9999 -9999 -9999 -9999 -9999 -9999 -9999 -9999 -9999 -9999 -9999 -9999 -9999
0.327663259502841 0.325072887373747 0.320708490197312 0.313829458747019 0.305676183109929 0.298865580308214 0.293766363236308 0.292606852427696 0.282127831142501 0.265882593625032 0.247480402689824 0.231900016155271 0.225049998727168 0.211540135892524 0.193044015754298 0.180935382238913 0.168645719061408 0.152654896513046 0.139598140531888 0.129186095202151 0.118761620199222 0.109645495250979 0.107309734623149 0.103975526720303 0.0995597343919032 0.0970342580776283 0.0951659866087958 0.0946595977588087 0.0962964214542813 0.100727204696227 0.106915479118772 0.11323508676777 0.113618149560769 -9999 -9999 -9999 -9999 -9999 -9999 -9999 -9999 -9999 -9999 -9999 -9999 -9999 -9999 -9999 -9999 -9999 -9999 -9999 -9999 -9999 -9999 -9999 -9999
0.326151913102782 0.324142618929312 0.320579482809808 0.315289402982253 0.309124226523832 0.30028670486442 0.293094459769536 0.289862176970181 0.282899607973831 0.273629016804623 0.264959390957405 0.254051931188635 0.236444640025134 0.218170201122667 0.199396265597842 0.187462810367338 0.17564331396341 0.161032952605924 0.148580862837029 0.138074197184548 0.124785373899332 0.112670651113562 0.109290983135092 0.105588575426268 0.101536554598561 0.0981332064806687 0.0951598704760225 0.0942111537323265 0.0953685596602446 0.0992715736039732 0.105886962545459 0.112869471138978 -9999 -9999 -9999 -9999 -9999 -9999 -9999 -9999 -9999 -9999 -9999 -9999 -9999 -9999 -9999 -9999 -9999 -9999 -9999 -9999 -9999 -9999 -9999 -9999 -9999
0.323818379243761 0.32199532168623 0.319284241280911 0.316174891746976 0.312863726733473 0.30398225867626 0.294665364077409 0.284573601610723 0.281097665187135 0.281715107231811 0.26893027295551 0.25496227881991 0.240219184474419 0.223136130433643 0.204301137660291 0.191959469653224 0.180636566517828 0.170133651328078 0.158374361282079 0.145482599327762 0.130240517555391 0.116239813806917 0.110909164800167 0.106824523405889 0.104089640242713 0.0996312595981313 0.0952601622842167 0.0948753325200504 0.0957981012497787 0.0984254966637387 0.0990767637395419 -9999 -9999 -9999 -9999 -9999 -9999 -9999 -9999 -9999 -9999 -9999 -9999 -9999 -9999 -9999 -9999 -9999 -9999 -9999 -9999 -9999 -9999 -9999 -9999 -9999 -9999
0.324038422743971 0.323916084377425 0.320785692503387 0.317559324646382 0.314284322743608 0.306581391088327 0.298257905435366 0.288677351886739 0.281613491094191 0.27610677159766 0.269880556751592 0.261548449328598 0.247170702372131 0.231752025975861 0.215554000855275 0.200123250448943 0.185895786701107 0.175890932044903 0.165079130342131 0.153539962234982 0.138403757311495 0.12421814360403 0.118390725641282 0.112389511229953 0.106200028958414 0.10214953954849 0.0989720966050654 0.0983210217918563 0.0982427160468503 0.0989110901444111 -9999 -9999 -9999 -9999 -9999 -9999 -9999 -9999 -9999 -9999 -9999 -9999 -9999 -9999 -9999 -9999 -9999 -9999 -9999 -9999 -9999 -9999 -9999 -9999 -9999 -9999 -9999
0.322879766908799 0.323670311707485 0.319731819887794 0.316416510355634 0.31341698686658 0.307614108487311 0.300957405700664 0.29242798238013 0.283495027092316 0.27431239639657 0.271341605129498 0.266288794037138 0.253862560771116 0.240369248574082 0.226077009406757 0.209405418710896 0.19367029943726 0.182624778401863 0.172042663049004 0.161878252583361 0.147984350109215 0.134484655721532 0.126591516625425 0.118660579057834 0.110688695674586 0.106519207485107 0.103437356103121 0.101310339608406 0.100106655003078 -9999 -9999 -9999 -9999 -9999 -9999 -9999 -9999 -9999 -9999 -9999 -9999 -9999 -9999 -9999 -9999 -9999 -9999 -9999 -9999 -9999 -9999 -9999 -9999 -9999 -9999 -9999 -9999
0.319118151562584 0.319334159300969 0.313853541894319 0.31050229889253 0.308230076798518 0.305689462557025 0.301970860469141 0.295511929084583 0.287954999142195 0.279718709793209 0.273766967837615 0.267544252883386 0.260064186713683 0.248988976630133 0.235222065537992 0.220799082363874 0.206193639205917 0.191202363096773 0.179494736860035 0.170746928880374 0.160240879919089 0.149071214843486 0.136150201164298 0.126264713214483 0.119667508416337 0.114384262591201 0.109324879966289 0.103438036337934 -9999 -9999 -9999 -9999 -9999 -9999 -9999 -9999 -9999 -9999 -9999 -9999 -9999 -9999 -9999 -9999 -9999 -9999 -9999 -9999 -9999 -9999 -9999 -9999 -9999 -9999 -9999 -9999 -9999
0.301539016907996 0.313776242407462 0.311090357795839 0.307994954031434 0.304692034046782 0.302637759114533 0.299552161051634 0.294002862132408 0.287532874492438 0.280493233515012 0.276248059512732 0.271175793030432 0.263108490706998 0.25188270719475 0.238292154091832 0.224624051381598 0.212174649351335 0.204404884856273 0.19481431428357 0.183582504455585 0.172721924064047 0.161954776182644 0.151315906575288 0.140778823097196 0.130352001117039 0.120600145575474 0.112131172175142 -9999 -9999 -9999 -9999 -9999 -9999 -9999 -9999 -9999 -9999 -9999 -9999 -9999 -9999 -9999 -9999 -9999 -9999 -9999 -9999 -9999 -9999 -9999 -9999 -9999 -9999 -9999 -9999 -9999 -9999
0.276976963031097 0.307600885977164 0.30990143956616 0.307209327356656 0.301987274536505 0.299016477921436 0.295398963935634 0.290172637334502 0.284643498947043 0.278927003268444 0.275590917295078 0.271175793030432 0.263108490706998 0.25188270719475 0.238292154091832 0.224624051381598 0.214849381556031 0.219944697500596 0.214109868941604 0.198422820288759 0.185316430360291 0.173977698525202 0.169315215685609 0.158785007153744 0.141898488297838 0.125982591279627 -9999 -9999 -9999 -9999 -9999 -9999 -9999 -9999 -9999 -9999 -9999 -9999 -9999 -9999 -9999 -9999 -9999 -9999 -9999 -9999 -9999 -9999 -9999 -9999 -9999 -9999 -9999 -9999 -9999 -9999 -9999
0.253342270325134 0.272048202446922 0.297530985824378 0.303375844079197 0.299269548725554 0.296962408688017 0.294289395965135 0.290683349765344 0.285745344585536 0.279983222783874 0.275705464411 0.271958430401557 0.269472204750042 0.268407731842514 -9999 -9999 -9999 -9999 0.214451070930205 0.198685240590403 0.185539138163714 0.174190299048213 0.169633496251819 0.159103409289163 0.142102664050092 -9999 -9999 -9999 -9999 -9999 -9999 -9999 -9999 -9999 -9999 -9999 -9999 -9999 -9999 -9999 -9999 -9999 -9999 -9999 -9999 -9999 -9999 -9999 -9999 -9999 -9999 -9999 -9999 -9999 -9999 -9999 -9999
0.236919711659628 0.24489404221836 0.278433595184907 0.292583851900729 0.296908943068459 0.294682053703912 0.292353244717202 0.290071418887672 0.286012784444999 0.280854793690374 0.276170980420758 0.27201724785785 0.269326173130969 0.265517698680733 0.260872621848386 -9999 -9999 -9999 -9999 -9999 -9999 -9999 -9999 -9999 -9999 -9999 -9999 -9999 -9999 -9999 -9999 -9999 -9999 -9999 -9999 -9999 -9999 -9999 -9999 -9999 -9999 -9999 -9999 -9999 -9999 -9999 -9999 -9999 -9999 -9999 -9999 -9999 -9999 -9999 -9999 -9999 -9999
0.237259016679012 0.238536253925476 0.244134613123132 0.265709739914337 0.29538079677439 0.291808843727995 0.288363926017659 0.286662243734352 0.284169097805454 0.281186253353018 0.277421722517753 0.273489641009131 0.269222662197103 0.265004057255187 0.26082167005534 -9999 -9999 -9999 -9999 -9999 -9999 -9999 -9999 -9999 -9999 -9999 -9999 -9999 -9999 -9999 -9999 -9999 -9999 -9999 -9999 -9999 -9999 -9999 -9999 -9999 -9999 -9999 -9999 -9999 -9999 -9999 -9999 -9999 -9999 -9999 -9999 -9999 -9999 -9999 -9999 -9999 -9999
