layers/veg/veg_3100.asc
NCOLS 255 
NROWS 330 
XLLCORNER -2985163.8955 
YLLCORNER -3022031.214 
CELLSIZE 25000 
NODATA_value -9999 
[rows 200 to 224 of 330, columns 114 to 170 of 255]
0.284873297852834 0.278944550614697 0.274767126011076 0.268437653147624 0.255430740401072 0.243780470196202 0.233145700992371 0.218636170299964 0.201039239858725 0.173508809281989 0.15264905939363 0.13780083182256 0.11982206301982 0.10206877401843 0.0884733959103 0.0802945886682101 0.0779821038898215 0.0837289109133635 0.0894414111924791 0.079374091604648 0.0676822081632954 0.0538729566223639 0.0445197398250666 0.0378355846535829 0.0470563076891771 0.0556734081474803 0.0633393360679693 0.0709620726017412 0.0784711435646527 0.0821355230716552 0.0891435956433767 0.102575868566418 0.119904961914462 0.139238451065311 0.146478854004688 0.156569918932775 0.174062746860841 0.199088371624088 0.228841138245462 0.260918265856168 0.286302671372082 0.29115616043081 0.293250414384857 -9999 -9999 -9999 -9999 -9999 -9999 -9999 -9999 -9999 -9999 -9999 -9999 -9999 -9999
0.279660490705953 0.273911056574457 0.272306371260263 0.269088165451112 0.260293041433222 0.24985423146231 0.238185057059056 0.222615934151778 0.205508938991606 0.184381855023216 0.158729490219229 0.12899900685343 0.105383660062717 0.085341717243794 0.0779343748916801 0.0717181279887166 0.0667918762067571 0.0761243033026482 0.0856215850591181 0.0689176374564508 0.0583020554663677 0.0556217178181524 0.0476364763763551 0.03907720876729 0.0460634779340755 0.0522087258171879 0.0570287145419411 0.0696870377110005 0.0851324415604043 0.081577640546935 0.0825781998930598 0.0923309225077812 0.108699343356426 0.128470661009767 0.146308093451218 0.164152486603317 0.182114901175113 0.195454266256079 0.205892476395734 0.219192397434384 0.238837375849836 0.27684872524723 -9999 -9999 -9999 -9999 -9999 -9999 -9999 -9999 -9999 -9999 -9999 -9999 -9999 -9999 -9999
0.279594985321585 0.27528843047628 0.272410445162149 0.267921088071929 0.258408299249376 0.249609649792687 0.241345562107897 0.222131008044535 0.20197306932481 0.183380354942542 0.161156444138718 0.135660150898022 0.108448756308252 0.0834638722189061 0.071631948623604 0.0645889965341606 0.0627326563838285 0.0677420726946647 0.0732467498387091 0.0693006393699403 0.068329128626217 0.0712345492528274 0.0596836111432368 0.044798073565291 0.0488296204842001 0.0547220067399905 0.0635466545464836 0.0776132673038134 0.0933141344360372 0.0870832004252732 0.0901288968535795 0.110997680321351 0.127749786712838 0.142384410296989 0.153643451788709 0.166540030928054 0.183501058181263 0.194752087098056 0.202419855675231 0.209292778123365 0.214410277591888 0.214447216103586 -9999 -9999 -9999 -9999 -9999 -9999 -9999 -9999 -9999 -9999 -9999 -9999 -9999 -9999 -9999
0.279364149405657 0.277519463821624 0.272863829110053 0.266675314053491 0.256548091942328 0.2490010162079 0.243385282848418 0.221944091771089 0.199793555511785 0.182395969966209 0.163910131828165 0.144443575971481 0.115059880628437 0.0861412998577359 0.0691058835424537 0.0604668861710911 0.0609214836743353 0.0603964231899155 0.0610044924877895 0.0721237708224673 0.0806708600250097 0.085865497920291 0.0711917958289029 0.0515124249851712 0.0522338043871615 0.0580673816224885 0.0719566253783872 0.0862732743122086 0.100283000516972 0.094821201624835 0.101233413102928 0.1304590288366 0.146333042713808 0.155339433297384 0.158263183540389 0.165437840907263 0.183022795713736 0.18049510681985 0.165345901377224 0.188550623301015 0.208025578941503 -9999 -9999 -9999 -9999 -9999 -9999 -9999 -9999 -9999 -9999 -9999 -9999 -9999 -9999 -9999 -9999
0.273750898535757 0.278327050845872 0.272786508942486 0.266647045433307 0.260785413951843 0.252173780291287 0.241503660419421 0.227196250461208 0.211463085428008 0.192013117213215 0.17152761622244 0.150108907859899 0.123840843552709 0.0983686684970584 0.0816468219150873 0.0700480846902299 0.063997841567806 0.0589051071428605 0.0569993384778283 0.0775074029663103 0.0873601023600165 0.0833251788744247 0.0721053273025547 0.0592108123002202 0.0554885893583185 0.060265227153957 0.0784341455573507 0.0904412102649605 0.0998614289125424 0.108314412964753 0.117546522580336 0.128275557488125 0.135792999551598 0.141658504262206 0.142702449386595 0.151545809320998 0.179156939906024 0.18049510681985 0.165345901377224 0.188550623301015 -9999 -9999 -9999 -9999 -9999 -9999 -9999 -9999 -9999 -9999 -9999 -9999 -9999 -9999 -9999 -9999 -9999
0.272555575703547 0.277482952869233 0.273961949447181 0.270041255409463 0.266647831661259 0.256689400296145 0.241816799131709 0.230972460794108 0.218853492038883 0.199982441956828 0.178856930106885 0.155699729458714 0.132107140064607 0.109151100579554 0.0899029188540681 0.0758968667699286 0.0675682116281001 0.0621853034484346 0.059724378797718 0.0738318929693387 0.0801146520611608 0.0761990512934606 0.0727995509573799 0.0693231888685153 0.0625768828967174 0.0645926694399567 0.0804155302836572 0.0920682904965518 0.102154163325944 0.118968897547678 0.130919018487167 0.13352281195223 0.135499962631517 0.137154788945635 0.13573010543065 0.134679788129844 -9999 -9999 0.164322587021365 -9999 -9999 -9999 -9999 -9999 -9999 -9999 -9999 -9999 -9999 -9999 -9999 -9999 -9999 -9999 -9999 -9999 -9999
0.276048501064038 0.274886108094941 0.276466803402596 0.277067355483636 0.274234779945421 0.262630041666942 0.244458990030059 0.233182413786641 0.221702948246878 0.20620311873526 0.185880441166934 0.161211481700223 0.139827279224673 0.118400184643857 0.0936119973862402 0.0777848567141895 0.0716628210215214 0.0705289670565142 0.0695914144453426 0.0605429382972242 0.058081885853305 0.0642065229034905 0.0732610479864007 0.0819972596647789 0.0737332462313535 0.0711800123061464 0.0776256741182538 0.090999047442426 0.107327284240434 0.126610961947544 0.141170973239846 0.146655456708816 0.146080916434104 0.142389814338111 0.137871650265962 -9999 -9999 -9999 -9999 -9999 -9999 -9999 -9999 -9999 -9999 -9999 -9999 -9999 -9999 -9999 -9999 -9999 -9999 -9999 -9999 -9999 -9999
0.280075469431321 0.274679381870958 0.273131916896932 0.27194749872004 0.271054734711678 0.263334447656931 0.250503487543363 0.240110182077589 0.229191962876736 0.215126296156138 0.197586922907252 0.176917094867613 0.154040411906557 0.130258537222579 0.103904822759334 0.0844282358927331 0.0723998019449613 0.0712281414894449 0.0713896303991241 0.0607929526786748 0.0587797436829597 0.067953760613816 0.0744914591364843 0.0797469801557285 0.0795250381622827 0.0796136199686267 0.0801915169891623 0.0954931599293756 0.116647749389384 0.126923714844204 0.13537682826474 0.140327716315783 0.13749538142536 0.130659613557607 0.13016117000643 -9999 -9999 -9999 -9999 -9999 -9999 -9999 -9999 -9999 -9999 -9999 -9999 -9999 -9999 -9999 -9999 -9999 -9999 -9999 -9999 -9999 -9999
0.284733830516661 0.276339845751852 0.269821376761419 0.26525734660649 0.266059380553839 0.262750599458559 0.256364709498842 0.24741959135592 0.237312076644322 0.223982968499866 0.209291559867172 0.193372465459896 0.169043139298939 0.143021966319638 0.116289625766255 0.0935060066531488 0.0749989813225096 0.0717913827972752 0.0715554828160523 0.0644786076915796 0.0645868646934598 0.0740598318128413 0.0755374651878425 0.0751155991989825 0.0844245191243309 0.0886107317082922 0.0847247171660655 0.100949113127992 0.124933923500984 0.124666561670361 0.125630758051697 0.128961133548401 0.124756195896959 0.116675341883019 -9999 -9999 -9999 -9999 -9999 -9999 -9999 -9999 -9999 -9999 -9999 -9999 -9999 -9999 -9999 -9999 -9999 -9999 -9999 -9999 -9999 -9999 -9999
0.293021034874039 0.287291255075469 0.277062070343709 0.268760695349403 0.267031345865201 0.262129435138439 0.254852735903505 0.249114364423617 0.241765159608459 0.227556289543909 0.212663185401345 0.197153459264357 0.178235170092449 0.157711663032066 0.132144803610861 0.111784869738345 0.0970642056305045 0.08495009525373 0.0742215109812068 0.0690197639373408 0.0670536415730188 0.0693046562967998 0.0738804990709215 0.0797353765823987 0.0923852781771309 0.0984132356757876 0.0940065083099432 0.103494725786961 0.118353410125916 0.116798592930633 0.115740212567386 0.115635630776273 0.115953620222877 0.116488966366194 -9999 -9999 -9999 -9999 -9999 -9999 -9999 -9999 -9999 -9999 -9999 -9999 -9999 -9999 -9999 -9999 -9999 -9999 -9999 -9999 -9999 -9999 -9999
0.299774328430212 0.293976645838034 0.283537689277068 0.273845107983724 0.267281023121918 0.260997030463149 0.254922697979281 0.249842765496362 0.243327755715418 0.230878683782759 0.217295919267067 0.202691487161182 0.186538633846651 0.169096029417881 0.146463663119793 0.127177791337555 0.11151628198655 0.0932339355320532 0.0761089453541741 0.0728397619658837 0.0699404076924051 0.0675230685568977 0.0725847509750913 0.0806057822048699 0.0951854615559545 0.103378227717078 0.101506664517031 0.105820819496259 0.112483936008531 0.110158862931978 0.108357300715484 0.107561554100488 0.107225857293493 0.107126794922699 -9999 -9999 -9999 -9999 -9999 -9999 -9999 -9999 -9999 -9999 -9999 -9999 -9999 -9999 -9999 -9999 -9999 -9999 -9999 -9999 -9999 -9999 -9999
0.304569332736682 0.295215762749092 0.289036564674203 0.280948008537426 0.266608580962376 0.25921194344756 0.257012260944515 0.249337433885666 0.241200170271812 0.233880728712713 0.22353866519245 0.210472657861185 0.193707695731235 0.17626059838116 0.15882115976557 0.138886334299598 0.116248923692941 0.0952942002461274 0.0770023767825578 0.0757390830013413 0.0733633591054206 0.0695377543489968 0.0717501570525978 0.0766894985316959 0.0913973219001574 0.102167340696197 0.106732270899663 0.1078666611864 0.107522220369241 0.10508718155833 0.104175795347377 0.106191785955552 0.106973944763628 0.107121461219282 -9999 -9999 -9999 -9999 -9999 -9999 -9999 -9999 -9999 -9999 -9999 -9999 -9999 -9999 -9999 -9999 -9999 -9999 -9999 -9999 -9999 -9999 -9999
0.305338535614406 0.299962126012998 0.293719030051335 0.28520768362875 0.270204786905428 0.260958788627043 0.256022058231758 0.24996907208634 0.243324544858527 0.234952879394825 0.22578078834557 0.215887365172104 0.200480997416168 0.184218692371214 0.168798929262031 0.150626438210212 0.129472653242792 0.109697628562973 0.091568968873232 0.0833167173782546 0.0777910836967382 0.0758191752599708 0.0774784277105878 0.0810224937403205 0.0936842795004518 0.102487774100216 0.105211475245096 0.106990791234963 0.108282577681963 0.105767858632743 0.104994292113189 0.107565982612231 0.108511685786396 0.108621034750218 -9999 -9999 -9999 -9999 -9999 -9999 -9999 -9999 -9999 -9999 -9999 -9999 -9999 -9999 -9999 -9999 -9999 -9999 -9999 -9999 -9999 -9999 -9999
0.30505669650687 0.305438689012326 0.298154881812379 0.288897337422088 0.275383460101979 0.264135586144285 0.254583905997556 0.25103000804864 0.246536405128847 0.235638580853347 0.226960312755993 0.220282277037119 0.20694343224528 0.192363447248441 0.17773105830376 0.161979713373354 0.145016502707726 0.127412458419965 0.109740160600017 0.0927823183660389 0.0832513694182191 0.0834002289242196 0.0851811359899424 0.0879901969505249 0.0972945846863742 0.102594052492455 0.101582673095904 0.105170952542664 0.110493271905355 0.108624550653599 0.108021428274389 0.109849886953692 0.110470937727112 -9999 -9999 -9999 -9999 -9999 -9999 -9999 -9999 -9999 -9999 -9999 -9999 -9999 -9999 -9999 -9999 -9999 -9999 -9999 -9999 -9999 -9999 -9999 -9999
0.307714833587792 0.306076274418864 0.30277591029427 0.296779155366579 0.283192767712266 0.270970124781955 0.259768299119153 0.252887440786394 0.246365558941744 0.239175490268415 0.230838761308267 0.221468678448185 0.21114597619499 0.199676815920677 0.18318948040523 0.168457969449901 0.155628073614927 0.137204993800057 0.118354187570411 0.107017785287324 0.0974374453946701 0.0901458616369703 0.0912968680305942 0.0948411019129186 0.0932418268677507 0.0940419455931532 0.0986229657424421 0.103259675786846 0.107990235692218 0.115560586077 0.118490344506798 0.112504185150329 -9999 -9999 -9999 -9999 -9999 -9999 -9999 -9999 -9999 -9999 -9999 -9999 -9999 -9999 -9999 -9999 -9999 -9999 -9999 -9999 -9999 -9999 -9999 -9999 -9999
0.309104532620223 0.306286457908681 0.30410477856348 0.299947893936941 0.289857892855937 0.279492535811369 0.268921063855873 0.257618621143224 0.247357937465606 0.241409231640548 0.233540187486177 0.223940561812065 0.214851610319077 0.204794645755537 0.189243797382047 0.176064730001039 0.165454378595377 0.148528490189728 0.130808262184348 0.119202901185937 0.10818971418204 0.0979483345298014 0.0968998080643264 0.0982401147159305 0.0911049525090218 0.0891067115589101 0.0952030956480224 0.101535153059193 0.108108030286397 0.120417748331632 0.128513669491151 -9999 -9999 -9999 -9999 -9999 -9999 -9999 -9999 -9999 -9999 -9999 -9999 -9999 -9999 -9999 -9999 -9999 -9999 -9999 -9999 -9999 -9999 -9999 -9999 -9999 -9999
0.308537725086889 0.305837393863877 0.300355643157749 0.295846927257258 0.294758169877121 0.290618411330483 0.284194856836449 0.266782423252274 0.250144535886272 0.241632897049307 0.234426111514621 0.228395241169685 0.217790784198942 0.206525959271499 0.196217254428424 0.185412156102746 0.174069447486378 0.16221342257601 0.149185431297375 0.128225446202383 0.113645495435776 0.10738093413931 0.101711790329482 0.0963147447615903 0.0919232390846324 0.0897503353304973 0.0910734459746345 0.100098689715066 0.112268334239534 0.122068345623207 -9999 -9999 -9999 -9999 -9999 -9999 -9999 -9999 -9999 -9999 -9999 -9999 -9999 -9999 -9999 -9999 -9999 -9999 -9999 -9999 -9999 -9999 -9999 -9999 -9999 -9999 -9999
0.298029574381836 0.302860939238027 0.297369409486071 0.29319042640578 0.294948413278722 0.292885562677996 0.287962662978033 0.27391662081308 0.259602210489012 0.248563139954585 0.239915363983676 0.23342258857528 0.224223963851631 0.214586690737398 0.205267080013736 0.194474581554452 0.182086897760445 0.17160867966355 0.160642913163029 0.142289372415699 0.126748461490263 0.114873379179623 0.108432383385001 0.103612819415382 0.0965557414031216 0.0926733264555261 0.0937934618390914 0.101551316350488 0.111810614553942 0.111655195984606 -9999 -9999 -9999 -9999 -9999 -9999 -9999 -9999 -9999 -9999 -9999 -9999 -9999 -9999 -9999 -9999 -9999 -9999 -9999 -9999 -9999 -9999 -9999 -9999 -9999 -9999 -9999
0.283888253638565 0.298692237099971 0.294650534914937 0.291169849368455 0.293134375884336 0.291377326243596 0.28683452855473 0.279935408663757 0.271467829577268 0.258136543877185 0.247245410096866 0.238553306431838 0.231880661152793 0.224993616415572 0.215067837021491 0.203457950910881 0.190024122437696 0.17945018031857 0.169453902484206 0.15834761587553 0.142990318613057 0.122092485452407 0.11615380216291 0.11441116576062 0.10296642526142 0.0969302247818079 0.0994166590243583 0.104224311888573 0.109857167411163 -9999 -9999 -9999 -9999 -9999 -9999 -9999 -9999 -9999 -9999 -9999 -9999 -9999 -9999 -9999 -9999 -9999 -9999 -9999 -9999 -9999 -9999 -9999 -9999 -9999 -9999 -9999 -9999
0.282991602896308 0.289016100327283 0.290536879240804 0.290794319489179 0.288246213316995 0.283898976647106 0.27820501910913 0.276311394670419 0.273452068631371 0.265124616997371 0.253678312816439 0.239421343192791 0.233117775928736 0.228059712000518 0.221841265631645 0.213650392333958 0.203323316503953 0.19346771454806 0.183597489163026 0.172708103774306 0.160415265000387 0.146293241475976 0.1313541963989 0.117199091196485 0.116991448895237 0.11470075255915 0.109127634611838 0.108484314211759 -9999 -9999 -9999 -9999 -9999 -9999 -9999 -9999 -9999 -9999 -9999 -9999 -9999 -9999 -9999 -9999 -9999 -9999 -9999 -9999 -9999 -9999 -9999 -9999 -9999 -9999 -9999 -9999 -9999
0.281991224673864 0.282569613387379 0.286144222261447 0.288103116088029 0.284710012111594 0.279629146123459 0.273284923016748 0.273197825998951 0.272544122568561 0.266785021192381 0.262704100256755 0.26013553160452 0.245153237728445 0.230060637827793 0.226261587134926 0.220301952509232 0.212002335194616 0.203708735475573 0.195228122951719 0.185312475836295 0.17555597283319 0.166006889603663 0.147911182162249 0.128657899759185 0.131366904930578 0.128236700663863 0.115905224163429 0.112282977919419 -9999 -9999 -9999 -9999 -9999 -9999 -9999 -9999 -9999 -9999 -9999 -9999 -9999 -9999 -9999 -9999 -9999 -9999 -9999 -9999 -9999 -9999 -9999 -9999 -9999 -9999 -9999 -9999 -9999
0.280795993947764 0.282190037113048 0.28122746016791 0.281061910328962 0.283713475956859 0.281386532044808 0.275332975361764 0.271043130991123 0.266203194714811 0.258437377116427 0.256313190489205 0.259273161247622 0.245153237728445 0.230060637827793 0.226261587134926 0.220301952509232 0.212002335194616 0.206855560432404 0.202138164267369 0.194617976982919 0.186405729025197 0.177291486855685 0.167016530761291 0.156404998398467 0.14640064969208 0.133817973212325 0.117172435826143 -9999 -9999 -9999 -9999 -9999 -9999 -9999 -9999 -9999 -9999 -9999 -9999 -9999 -9999 -9999 -9999 -9999 -9999 -9999 -9999 -9999 -9999 -9999 -9999 -9999 -9999 -9999 -9999 -9999 -9999
0.284840073586581 0.285836619479627 0.280349007373111 0.276451638630558 0.278534050779541 0.280062815150017 0.281177152096892 0.273870566797826 0.265512075185416 0.257113951239928 0.254310478285685 0.256548825029081 0.252031914525723 -9999 -9999 -9999 -9999 -9999 0.204450057352556 0.197731319258653 0.190035732837108 0.181066975476425 0.17340860879651 0.165688347447754 0.151430490900103 0.142708002988695 -9999 -9999 -9999 -9999 -9999 -9999 -9999 -9999 -9999 -9999 -9999 -9999 -9999 -9999 -9999 -9999 -9999 -9999 -9999 -9999 -9999 -9999 -9999 -9999 -9999 -9999 -9999 -9999 -9999 -9999 -9999
0.291518414844794 0.291507505512651 0.281500967447942 0.273063611053854 0.271251519803381 0.277189957179652 0.288929974070959 0.279202957469468 0.267661610663873 0.259322216964101 0.254514098522149 0.252888314989116 0.2499079620047 0.247200775033122 -9999 -9999 -9999 -9999 0.204450057352556 0.197731319258653 0.190035732837108 0.181066975476425 0.17340860879651 0.165688347447754 0.151430490900103 -9999 -9999 -9999 -9999 -9999 -9999 -9999 -9999 -9999 -9999 -9999 -9999 -9999 -9999 -9999 -9999 -9999 -9999 -9999 -9999 -9999 -9999 -9999 -9999 -9999 -9999 -9999 -9999 -9999 -9999 -9999 -9999
0.276247653740315 0.285741734224833 0.282228469378711 0.277386175203297 0.271258324020162 0.270328222246506 0.27328884302231 0.275795105502772 0.276039174676837 0.267881455362306 0.262134699245136 0.258560668782839 0.254426502676421 0.249575012717409 0.241549400100101 0.237376637830181 -9999 -9999 -9999 -9999 -9999 -9999 -9999 -9999 -9999 -9999 -9999 -9999 -9999 -9999 -9999 -9999 -9999 -9999 -9999 -9999 -9999 -9999 -9999 -9999 -9999 -9999 -9999 -9999 -9999 -9999 -9999 -9999 -9999 -9999 -9999 -9999 -9999 -9999 -9999 -9999 -9999
