layers/veg/veg_4900.asc
NCOLS 255 
NROWS 330 
XLLCORNER -2985163.8955 
YLLCORNER -3022031.214 
CELLSIZE 25000 
NODATA_value -9999 
[rows 150 to 174 of 330, columns 57 to 113 of 255]
-9999 -9999 -9999 -9999 -9999 -9999 -9999 -9999 -9999 -9999 -9999 -9999 -9999 -9999 -9999 -9999 -9999 -9999 -9999 -9999 0.501671171168793 0.517489211934177 0.462147677437663 0.367911240850311 0.194205777189851 0.0620364444302345 0.0426884485920029 0.0590170272482081 0.0990639823544773 0.103980817665269 0.103839017283654 0.097411095468124 0.0881628629140098 0.0766509969606836 0.0369793061112445 0.0013790154079586 0.000454227669830132 0 0 0.0660393279985202 0.134777068678775 0.13782463115308 0.132471916087947 0.11737288659545 0.156430359842097 0.212493528627118 0.285074866454814 0.327849476061726 0.328950805442973 0.352193990149677 0.382044522637007 0.387352084933014 0.389811840359157 0.38744493907807 0.385675725485905 0.384289397602721 0.398670400006414
-9999 -9999 -9999 -9999 -9999 -9999 -9999 -9999 -9999 -9999 -9999 -9999 -9999 -9999 -9999 -9999 -9999 -9999 -9999 -9999 0.494457917652153 0.488321664131584 0.454082890407858 0.404483643159876 0.243465143321812 0.106584436731518 0.0413417134674336 0.0406157897773858 0.0827817008930856 0.0875083922209191 0.0842986779351166 0.0661827587624692 0.0640329079068312 0.0746977178621572 0.0440958436258365 0.0128242989841131 0.00422413804163493 0 0 0.0462775307273328 0.0962814123807291 0.111085133891777 0.1330468349361 0.163313490057047 0.194656670392799 0.228288593638076 0.280008873214538 0.311356997547753 0.314222474340317 0.348929080612868 0.392830273995103 0.395955110627428 0.395443017522145 0.388766808620411 0.394762988549883 0.406445816049725 0.413860344239212
-9999 -9999 -9999 -9999 -9999 -9999 -9999 -9999 -9999 -9999 -9999 -9999 -9999 -9999 -9999 -9999 -9999 -9999 -9999 -9999 -9999 0.465419327491246 0.452483049208686 0.432475968783644 0.276787761193703 0.135134588506715 0.0417369010154163 0.0272112579918894 0.0651210538685992 0.0739379397613371 0.0739696679473848 0.0539767691894185 0.0551897435650051 0.0734229427079697 0.0467402531315212 0.0175987389573376 0.00579676930540881 0 0 0.0310946080869067 0.0656389597848565 0.0821147872129126 0.11112920743363 0.154691369352192 0.197689737750855 0.240302913868411 0.280848995937487 0.306703314763862 0.312016836153926 0.350966158085387 0.399482427444251 0.402320044868549 0.400526069179912 0.390882154578533 0.401948358618464 0.422230510863735 0.424734849003255
-9999 -9999 -9999 -9999 -9999 -9999 -9999 -9999 -9999 -9999 -9999 -9999 -9999 -9999 -9999 -9999 -9999 -9999 -9999 -9999 -9999 -9999 0.459161080658263 0.449482157170969 0.289704582019796 0.14320071922447 0.0443624883881008 0.0202046287426228 0.0456955143154466 0.0640832435396781 0.0754350663540911 0.0661274519179095 0.0659201548804161 0.0730169403772598 0.043658442016576 0.0138316698055965 0.00455595137617528 0 0 0.0217745870176616 0.0450519387168439 0.0502880071066256 0.060411580810635 0.0762058199580457 0.155660527268205 0.24747627724755 0.289251452061693 0.317208311717669 0.325845556165714 0.359792027668209 0.400841822381914 0.405819272804934 0.404907287713842 0.394013486886995 0.40669849900069 0.429856696980425 0.430083760934569
-9999 -9999 -9999 -9999 -9999 -9999 -9999 -9999 -9999 -9999 -9999 -9999 -9999 -9999 -9999 -9999 -9999 -9999 -9999 -9999 -9999 -9999 0.464655696856597 0.463954842183265 0.314589387178578 0.173862819821734 0.0689048222689835 0.0305779979390959 0.0365486789668407 0.0613969985743877 0.0799710380303931 0.0729274603694479 0.0701105518595567 0.0706860459409296 0.0401212935942917 0.0107709481083537 0.00582210712963597 0.00236542443943905 0.000349109574891987 0.0295660836450797 0.0586739588471483 0.0485375157254088 0.0708892454100483 0.130934961496315 0.210524119673653 0.289256105967795 0.310272614306883 0.323328289989495 0.325253793730202 0.359376856237967 0.402748978137302 0.404023394026371 0.406669972956219 0.411642187101808 0.423301372285373 0.437884037187657 0.439457100178444
-9999 -9999 -9999 -9999 -9999 -9999 -9999 -9999 -9999 -9999 -9999 -9999 -9999 -9999 -9999 -9999 -9999 -9999 -9999 -9999 -9999 -9999 0.474238222550775 0.476415454645557 0.346048154889024 0.217794843795504 0.10724844839585 0.0508031422814795 0.030325134603426 0.0595245176057552 0.0831753966977955 0.0747597341983946 0.0696779716391834 0.0672720586418652 0.0371422259526076 0.00930368188063542 0.00832169761664417 0.00546780869764914 0.000806985984502502 0.042348512981103 0.0825772422559755 0.0579575093890005 0.100748769791425 0.22175277175862 0.291049078717506 0.33999571575621 0.335725317653027 0.329793872022575 0.32154008834283 0.356341778009451 0.403900723815794 0.40211215055729 0.409754732135902 0.433381876162629 0.442983037797028 0.446261330125818 0.450252663333184
-9999 -9999 -9999 -9999 -9999 -9999 -9999 -9999 -9999 -9999 -9999 -9999 -9999 -9999 -9999 -9999 -9999 -9999 -9999 -9999 -9999 -9999 0.472401408181224 0.471737846964761 0.411295567560936 0.336169725241019 0.229341992176757 0.123881766655092 0.0193306827523529 0.0391225881999859 0.0575911168410181 0.0363097284658256 0.0379915085232073 0.0581039509556824 0.0429075919487303 0.0247907798538994 0.0161165500457324 0.00826934524439447 0.00122046071511388 0.0487320405871203 0.0974542337574124 0.0858916396282919 0.12674879440416 0.228425291473522 0.303080690741833 0.363721830996147 0.365779754461942 0.358060880493361 0.33667290416056 0.357698604480946 0.39349000602726 0.41991617050206 0.439704442669564 0.448242363640174 0.45353744475891 0.457379566183382 0.462626194160984
-9999 -9999 -9999 -9999 -9999 -9999 -9999 -9999 -9999 -9999 -9999 -9999 -9999 -9999 -9999 -9999 -9999 -9999 -9999 -9999 -9999 -9999 0.478910302217576 0.474884026820945 0.454643887008571 0.411072460101246 0.30979416579668 0.173159862264164 0.013020299369619 0.023599046297835 0.0385363422167724 0.0188106038201604 0.0212155581962278 0.0413830146337082 0.0377665786515562 0.0296438715259697 0.0171134748053963 0.007643630756216 0.00112811241798394 0.0486660417770612 0.0999829074965372 0.106799919483461 0.147246164185941 0.226710295435383 0.304060606793399 0.374699300739194 0.389631074838772 0.387895305114016 0.362856366409419 0.370357504484087 0.390870297754833 0.434246155960117 0.461524033583206 0.461517959203732 0.464440515808851 0.468633182345016 0.465699535864521
-9999 -9999 -9999 -9999 -9999 -9999 -9999 -9999 -9999 -9999 -9999 -9999 -9999 -9999 -9999 -9999 -9999 -9999 -9999 -9999 -9999 -9999 0.484716255111136 0.489669391253764 0.464111173794095 0.418717559987099 0.32582117769551 0.185615132188703 0.0139568405577813 0.0156230683361533 0.0295836470615331 0.0337254918980203 0.0275083059947381 0.0129767710216182 0.0157518350461374 0.0180446329060982 0.00759303215428996 0.00171546821385154 0.000253183474768043 0.0386217021781703 0.0834069656635795 0.116838202854955 0.159230139091209 0.212018611628832 0.287941966827599 0.365952790587083 0.403885285952222 0.420154746936295 0.406136760884471 0.400502330436471 0.400304396696369 0.443201312665759 0.470765165399401 0.472341500056451 0.475883020123662 0.480096250910949 0.454384153420631
-9999 -9999 -9999 -9999 -9999 -9999 -9999 -9999 -9999 -9999 -9999 -9999 -9999 -9999 -9999 -9999 -9999 -9999 -9999 -9999 -9999 -9999 0.497560238139698 0.497232419188424 0.473466295675383 0.431884230404343 0.347266340958127 0.201527070960013 0.0151532968476197 0.00768949448537275 0.0155885823897294 0.0219691835102549 0.0190250029307035 0.00859658062988443 0.00846226460648301 0.00848245581133221 0.00279399788819051 0 0 0.0343910899473994 0.0739759632933105 0.101711654298958 0.143869554708904 0.202760638865652 0.26625966896131 0.329496860278812 0.378582063396305 0.405991278540832 0.403094936018156 0.416536846423725 0.436346167180248 0.464677197008921 0.478184685573856 0.466568228543079 0.461546352451303 0.459367931874754 0.438840947454177
-9999 -9999 -9999 -9999 -9999 -9999 -9999 -9999 -9999 -9999 -9999 -9999 -9999 -9999 -9999 -9999 -9999 -9999 -9999 -9999 -9999 -9999 0.46686024209535 0.498347089564399 0.481431457292231 0.446225167716732 0.369102648006514 0.218116003432939 0.0180232676919836 0.00079620861410745 0 0 0.0048559847602461 0.0136094724229112 0.00708329517046328 0 0 0 0 0.0322849169702558 0.0669698775313918 0.0759198788377699 0.11686696473233 0.194938258213038 0.242926129304221 0.283997306691562 0.338925221923107 0.374276744905192 0.382258189763425 0.426972615303735 0.482275318792128 0.490199653512116 0.484052172958498 0.45405482312757 0.437193677589561 0.426305494330849 0.421879320930584
-9999 -9999 -9999 -9999 -9999 -9999 -9999 -9999 -9999 -9999 -9999 -9999 -9999 -9999 -9999 -9999 -9999 -9999 -9999 -9999 -9999 -9999 0.441798020534225 0.434523960773901 0.443821951161591 0.424148208190007 0.329398965477662 0.209935396973479 0.0740413361603523 0.0285859038802238 0 0 0.00191887622118019 0.00537787787740263 0.00279901345273448 0 0 0 0 0.0219406980309435 0.0435345256138618 0.0359651719726825 0.0726785873910265 0.160770518452711 0.240420871427515 0.314440818905012 0.358757925627847 0.388432161314547 0.397633956568431 0.442397785950194 0.496077215668294 0.480055165331456 0.462450237529423 0.442162541378535 0.429169586814393 0.419506194648904 0.415197228971244
-9999 -9999 -9999 -9999 -9999 -9999 -9999 -9999 -9999 -9999 -9999 -9999 -9999 -9999 -9999 -9999 -9999 -9999 -9999 -9999 -9999 -9999 0.383045803887515 0.38694083328408 0.415566799483568 0.406715304663807 0.30044044276536 0.203309690940804 0.112258094643559 0.047583191749983 0 0 0 0 0 0 0 0 0 0.014684955113168 0.0272986135780732 0.00953865716262001 0.0428045519740616 0.135272537150536 0.240467806037996 0.341901621160164 0.376585763168644 0.400079550696258 0.407927918349158 0.445804646103501 0.490627992119378 0.466212820457461 0.44564137343825 0.431584532280761 0.421523228158358 0.413300809912651 0.410126350267933
-9999 -9999 -9999 -9999 -9999 -9999 -9999 -9999 -9999 -9999 -9999 -9999 -9999 -9999 -9999 -9999 -9999 -9999 -9999 -9999 -9999 -9999 0.377950866786148 0.373966132457701 0.404940088789317 0.398034204112926 0.291731357536611 0.199614221360901 0.116927979946281 0.0500110374762921 0 0 0 0 0 0 0 0 0 0.013249498090185 0.0246301691547596 0.00860625169672709 0.0399061387780551 0.126112863969702 0.24532439104899 0.363741455475955 0.390635396127773 0.407000520241469 0.408645131631067 0.426562794544378 0.448899702815145 0.445401801388458 0.437865134274777 0.423483292476549 0.414588712142407 0.408214668051202 0.408091830507407
-9999 -9999 -9999 -9999 -9999 -9999 -9999 -9999 -9999 -9999 -9999 -9999 -9999 -9999 -9999 -9999 -9999 -9999 -9999 -9999 -9999 -9999 0.366063997538481 0.366513637792432 0.391240645955357 0.383766390238187 0.292302386831886 0.217425121524248 0.153574993879842 0.0693890282359367 0.0032290633524618 0.000994806195101376 0 0 0 0 0 0 0 0.00772228096869238 0.0143553427627852 0.00501603104034896 0.0452119830335741 0.142880590322838 0.257199947900177 0.367251129654553 0.395919203351925 0.414325563856057 0.418384853244909 0.426780384159859 0.436139580981256 0.434796016625241 0.430251447198379 0.42028159673909 0.414069021038634 0.409589129177456 0.410337222018995
-9999 -9999 -9999 -9999 -9999 -9999 -9999 -9999 -9999 -9999 -9999 -9999 -9999 -9999 -9999 -9999 -9999 -9999 -9999 -9999 -9999 -9999 0.364414748585062 0.362313681770778 0.375991239887759 0.366680497905861 0.297554538874667 0.246084374513495 0.206352074295472 0.0973170976916629 0.00808694732704124 0.00249141761008367 0 0 0 0 0 0 0 0.000131077327972947 0.000243666344064698 8.51416762047231e-05 0.054656260719338 0.172726747920321 0.272616050362107 0.361514610872762 0.396781308005228 0.421854432575706 0.432675754575641 0.436813804442121 0.437991730078713 0.429338008253011 0.422719755475647 0.41955135403423 0.416785128667723 0.414222480647148 0.414741508225398
-9999 -9999 -9999 -9999 -9999 -9999 -9999 -9999 -9999 -9999 -9999 -9999 -9999 -9999 -9999 -9999 -9999 -9999 -9999 -9999 -9999 -9999 0.36293753880108 0.363010219471072 0.367712112412287 0.35450627286834 0.29541822184598 0.235326640424197 0.174567895404734 0.124344341690893 0.0745162410597019 0.0229568794880855 0 0 0 0 0 0 0 0 0 0 0.0467279936079411 0.147671543323957 0.272074517938373 0.392403951486097 0.41573383562441 0.43171673764723 0.437427702332815 0.438054670726719 0.436576375894801 0.43023453339117 0.425862556476503 0.424829241694415 0.418185543447189 0.409081301973954 0.409814741025326
-9999 -9999 -9999 -9999 -9999 -9999 -9999 -9999 -9999 -9999 -9999 -9999 -9999 -9999 -9999 -9999 -9999 -9999 -9999 -9999 -9999 -9999 0.374487193470332 0.368973757165818 0.364522130046383 0.347869538836121 0.30015111243863 0.228882464726387 0.141957240603967 0.145720864279594 0.134454981734601 0.0488490937659604 0.00719300618503045 0.000811838734442557 0 0 0 0 0 0 0 0 0.0397433488688339 0.125598409244041 0.270702826550823 0.417693490162149 0.430542105576011 0.438554277418967 0.439804537430036 0.438174743214473 0.435410253641019 0.430924576099679 0.427251536803184 0.424955812055839 0.415814788604425 0.403677336949766 0.404338238929232
-9999 -9999 -9999 -9999 -9999 -9999 -9999 -9999 -9999 -9999 -9999 -9999 -9999 -9999 -9999 -9999 -9999 -9999 -9999 -9999 -9999 -9999 0.381086106751259 0.385778464249696 0.372879206074865 0.353906319179287 0.321156089964747 0.23407707809849 0.110879393482191 0.153996781288754 0.176788624654724 0.0865831361070175 0.0311090854901184 0.00351112732900508 0 0 0 0 0 0 0 0 0.0356621990141945 0.112701007685834 0.268052954336254 0.428467858915367 0.434976375058879 0.438264198264936 0.437049117351186 0.436048245629075 0.434957048509546 0.430874986583832 0.424126998511628 0.412860617548351 0.404730159131978 0.398061702953186 0.397964823256665
-9999 -9999 -9999 -9999 -9999 -9999 -9999 -9999 -9999 -9999 -9999 -9999 -9999 -9999 -9999 -9999 -9999 -9999 -9999 -9999 -9999 -9999 0.494112669317541 0.40661612716684 0.373339071255122 0.344254236337345 0.320761103853549 0.241636076177215 0.125526044993529 0.17218251501366 0.19942841803915 0.11763985104451 0.054434265711841 0.00614372409101769 0 0 0 0 0 0 0.00444488707239373 0.035123639618744 0.07933863625952 0.139258886743449 0.281776183712009 0.431398057818039 0.434760740127759 0.43708142578457 0.437945278668954 0.437360180508986 0.435772796699141 0.425618299911929 0.415367195231918 0.404952352926762 0.399558358603108 0.396438885400427 0.394615176024648
-9999 -9999 -9999 -9999 -9999 -9999 -9999 -9999 -9999 -9999 -9999 -9999 -9999 -9999 -9999 -9999 -9999 -9999 -9999 -9999 -9999 0.550686621837191 0.500965946456875 0.424068593957699 0.368933752089423 0.324936815562681 0.307182378559834 0.250651685670218 0.168341896903842 0.196473326351833 0.209935547079904 0.144582907453567 0.0773954145020013 0.00873523444088291 0 0 0 0 0 0 0.0116281073892419 0.0918856759993759 0.152436785755531 0.19012372901968 0.305586285413064 0.429495749004079 0.431680468225446 0.435348697417183 0.441091046460481 0.440790408559279 0.437370300872219 0.417153710088089 0.403135710173336 0.399623503510109 0.398029236909778 0.397275896821734 0.393128362540582
-9999 -9999 -9999 -9999 -9999 -9999 -9999 -9999 -9999 -9999 -9999 -9999 -9999 -9999 -9999 -9999 -9999 -9999 -9999 -9999 0.493181815638438 0.489370896527798 0.454694916685666 0.403148494450349 0.366603620693791 0.324979054632913 0.269065025509564 0.209886509867536 0.148537709626624 0.143823502189013 0.131112847445568 0.0764572332980511 0.0349309397378305 0.00394248095722018 0 0 0 0 0 0 0.0192463356593036 0.152085159120749 0.242956108556842 0.285134369664637 0.332899694128843 0.38062352054986 0.413700892438688 0.435305246993357 0.440868986058165 0.434569834816246 0.423814341136802 0.409850884041148 0.397037660037898 0.38617392928473 0.386242795491353 0.391160927027767 0.384506586388447
-9999 -9999 -9999 -9999 -9999 -9999 -9999 -9999 -9999 -9999 -9999 -9999 -9999 -9999 -9999 -9999 -9999 -9999 -9999 -9999 -9999 0.438181223450703 0.416559921172873 0.383120695135977 0.360911996930063 0.321356440876223 0.236727555511129 0.172415357496656 0.121610029063381 0.0925472331135838 0.0617231688749472 0.0190156042405527 0 0 0 0 0 0 0 0 0.0244090514221637 0.19288110397949 0.305705422177579 0.353965169301773 0.343962367147863 0.32667727189677 0.391886201681518 0.431927171824282 0.436780400893966 0.425951381339013 0.409835463843416 0.400264176496726 0.389103316975407 0.375248342456511 0.375692380013072 0.382469689144254 0.372829763246531
-9999 -9999 -9999 -9999 -9999 -9999 -9999 -9999 -9999 -9999 -9999 -9999 -9999 -9999 -9999 -9999 -9999 -9999 -9999 -9999 -9999 -9999 0.41269157357069 0.373269611239907 0.344982114249378 0.303199792210338 0.226129835556896 0.154393425117811 0.0862028443644102 0.0604610547036281 0.0375327842213889 0.0115630578242991 0 0 0 0 0 0 0 0 0.0223060602206689 0.176263200334322 0.283819536523783 0.337539934245209 0.306816995800125 0.26715774511843 0.361795997347637 0.418465505701781 0.422050284608205 0.412224807997061 0.397608460154936 0.383770284096711 0.374590051636477 0.373304418682645 0.370778996794655 0.367616477142408 0.353627103392866
-9999 -9999 -9999 -9999 -9999 -9999 -9999 -9999 -9999 -9999 -9999 -9999 -9999 -9999 -9999 -9999 -9999 -9999 -9999 -9999 -9999 -9999 0.427783507133074 0.301239720370043 0.295341418051823 0.274367798301188 0.203898372682802 0.129650634602613 0.0528910119431208 0.0325710637283187 0.0179360681415082 0.00552572364036448 0 0 0 0 0 0 0 0.0121796155555853 0.04611174038413 0.193375398136187 0.289250293891244 0.325502036708287 0.301741211284453 0.273245157397458 0.354901982039497 0.402361288056633 0.402008477087232 0.395740257992381 0.386924587505111 0.370702358428841 0.361507387157658 0.36422269020223 0.356323686554036 0.343675895686885 0.33659586168571
