layers/veg/veg_5600.asc
NCOLS 255 
NROWS 330 
XLLCORNER -2985163.8955 
YLLCORNER -3022031.214 
CELLSIZE 25000 
NODATA_value -9999 
[rows 225 to 249 of 330, columns 57 to 113 of 255]
-9999 -9999 -9999 -9999 -9999 -9999 -9999 -9999 -9999 -9999 -9999 -9999 -9999 -9999 -9999 -9999 -9999 -9999 0.294063456377254 0.298396524129309 0.292073348925371 0.263973022606527 0.238809878730604 0.215252160731942 0.20406690600392 0.193407332604564 0.182929956456104 0.176008855613821 0.171452025379557 0.17136505180285 0.171558678601076 0.171381536348897 0.171021831015863 0.170515597188067 0.171461989922654 0.17278384227648 0.174799993202034 0.176839897839241 0.178902731734199 0.182754057104672 0.187144960304194 0.192510118765832 0.196380547528507 0.19851673530193 0.201041042328902 0.202186089226928 0.189782574453099 0.186389714822894 0.195594801335443 0.196230148040312 0.193871370725261 0.19321394881861 0.192175236674666 0.190490287912393 0.192516594729189 0.196239174845087 0.203010721316984
-9999 -9999 -9999 -9999 -9999 -9999 -9999 -9999 -9999 -9999 -9999 -9999 -9999 -9999 -9999 -9999 -9999 -9999 0.350875195245269 0.332408280499319 0.311915249659948 0.28728163789304 0.256444889808776 0.222217587764182 0.209138866256074 0.197453225770309 0.187334148859992 0.18019991310184 0.175050049080433 0.174859593678788 0.175122021726244 0.175429486393263 0.175330649377824 0.174905707140722 0.174886440269677 0.175279123928201 0.177168099558985 0.17900006668966 0.180777003995434 0.182713689887981 0.185449264342684 0.192702475464972 0.19739430343936 0.199114319421684 0.204229036506407 0.208625717066894 0.197815467126621 0.193551015200643 0.198438351855071 0.199047323899425 0.198063848154157 0.19618648395517 0.193436845227654 0.189208816322692 0.190751586423546 0.194908975350285 0.200605578435558
-9999 -9999 -9999 -9999 -9999 -9999 -9999 -9999 -9999 -9999 -9999 -9999 -9999 -9999 -9999 -9999 -9999 -9999 0.350926171643472 0.337300095470809 0.32476162346406 0.314445784741118 0.27950375245447 0.231101361754985 0.215052410777563 0.201787425708603 0.192575871090309 0.186171252585678 0.181632731607464 0.180913742069731 0.180509239281315 0.180028808442743 0.180365523343057 0.181358094479801 0.179163499880174 0.177460345640914 0.179811728947584 0.181709092092518 0.18316819340009 0.184826977087153 0.187314499612188 0.194446482945381 0.198830332059635 0.200025693643493 0.203478201137097 0.207353574200755 0.209314430942535 0.207123424055537 0.199127627888108 0.199852063669272 0.203365206554709 0.200541701382668 0.196513003108403 0.19044166162265 0.191455197386613 0.195652276353135 0.198055276455176
-9999 -9999 -9999 -9999 -9999 -9999 -9999 -9999 -9999 -9999 -9999 -9999 -9999 -9999 -9999 -9999 -9999 0.349693933559764 0.34971084507595 0.342588434029792 0.335007267145579 0.326488584548611 0.290660157834032 0.239904578734534 0.2235570158811 0.209994901395193 0.200298674745036 0.194060485759569 0.190121257374214 0.188311757242504 0.186912687381679 0.186229254338004 0.18657441089703 0.187745132436149 0.186136435785092 0.184440053692241 0.184090060124715 0.184733389857851 0.186335566205148 0.187719123402751 0.189849079159337 0.196654488799646 0.200631126477283 0.201325717715136 0.203647457635219 0.206697679514792 0.212224774851365 0.210494002341755 0.198615884630269 0.19940644063877 0.204454522222403 0.203976115934023 0.201712904780793 0.196424684992607 0.195613727045708 0.196831289824725 0.199239484335723
-9999 -9999 -9999 -9999 -9999 -9999 -9999 -9999 -9999 -9999 -9999 -9999 -9999 -9999 -9999 -9999 -9999 0.356489893360176 0.349259477267277 0.348655913482453 0.344692654150195 0.33386350428422 0.298523237203092 0.249785510950636 0.233058653653767 0.218972814528132 0.208609491062952 0.202492228452266 0.199197817284128 0.196197172945752 0.193768421265639 0.193099836888223 0.193308170040383 0.194220333370242 0.193934522191379 0.192858693990827 0.18917299874913 0.188178553740018 0.189781949908754 0.190876723208378 0.192618802377797 0.198809895304336 0.202336433583003 0.202771456458148 0.204237243442634 0.206405747136491 0.212339636059639 0.210734644001559 0.198589417624854 0.199143028303307 0.204148193128601 0.206896306632259 0.207246907286061 0.203534040153515 0.200675829442685 0.198244513329012 0.201565004269216
-9999 -9999 -9999 -9999 -9999 -9999 -9999 -9999 -9999 -9999 -9999 -9999 -9999 -9999 -9999 -9999 -9999 0.363028708778958 0.365131593569664 0.363620578796991 0.35861281465725 0.346459076116208 0.315735316169348 0.274861423064079 0.244378223259685 0.220764103726218 0.213616733075423 0.209580423972633 0.207612400012141 0.20461670014657 0.202179623128739 0.201837017016076 0.20187140303659 0.202208369894109 0.200704844489041 0.199038290478662 0.19781814123815 0.19596554144303 0.193502442455444 0.194109649670396 0.195549764879135 0.198111217710136 0.20105333111181 0.204437101065242 0.206387090746155 0.208290887318098 0.213435812585183 0.214763165545699 0.210753107458111 0.207127361171523 0.20398361883868 0.206970835082232 0.207625290423232 0.204326023980697 0.202303677569725 0.200878892195807 0.202442831119407
-9999 -9999 -9999 -9999 -9999 -9999 -9999 -9999 -9999 -9999 -9999 -9999 -9999 -9999 -9999 -9999 -9999 0.383510272321034 0.379951888171859 0.3769614990738 0.370658938483542 0.357587607755258 0.330672367994222 0.296190226879412 0.259627472969852 0.230967255866996 0.222558003470066 0.218571599335478 0.217525577834432 0.214160760649773 0.211273195971841 0.210586170992562 0.210185541280741 0.21001477769109 0.207572866633428 0.205352047178724 0.205472923496399 0.203130631501003 0.198410663883253 0.198164536762147 0.198826323222124 0.199317540972765 0.201777527292817 0.20652175213024 0.208541726930718 0.210097130581972 0.214380269390063 0.217306640884762 0.218336093535058 0.214421890737619 0.209022757741308 0.208930324533272 0.20825078657226 0.20657618355828 0.20481092557907 0.203023886134892 0.203899080688132
-9999 -9999 -9999 -9999 -9999 -9999 -9999 -9999 -9999 -9999 -9999 -9999 -9999 -9999 -9999 -9999 -9999 0.38893301314637 0.393097637903318 0.387717348208024 0.379721516229002 0.366380549027801 0.341987479874627 0.311553474955074 0.281132940498119 0.254562451489523 0.237762414326151 0.230592399523282 0.22982458276789 0.225495125986141 0.221453132429893 0.219354387845206 0.218103110087976 0.217532024831917 0.214596431088052 0.211879392641219 0.211551010156607 0.209305634064648 0.205209800192679 0.203528020126648 0.202653084839946 0.203556706601137 0.205697428279557 0.209273479292604 0.210703987217523 0.211777766598077 0.215083181948441 0.217485859520373 0.218626404457946 0.220618224115928 0.222346429311187 0.213890752047577 0.209269697143546 0.211147820932926 0.208718215593605 0.204389758460154 0.206276203819613
-9999 -9999 -9999 -9999 -9999 -9999 -9999 -9999 -9999 -9999 -9999 -9999 -9999 -9999 -9999 -9999 -9999 0.394014019911065 0.394258957317302 0.387814767188738 0.379124956007983 0.365845982474015 0.343716941589792 0.316750568528999 0.298051780598234 0.27889876812548 0.257823090173244 0.246186410679248 0.24082493338492 0.235495227935391 0.230797635854853 0.228129148934645 0.226616009035917 0.226030171958727 0.22227420098193 0.21870899925655 0.217912658073248 0.216336487054294 0.214007552864438 0.211239505872324 0.208751767016263 0.20846110387828 0.209598423778929 0.212392542711053 0.213455262914296 0.214208470631914 0.216565517587838 0.218883693782241 0.221147524121391 0.223910808182398 0.226188895861839 0.216591770920843 0.211388384700648 0.213631805597537 0.211200833262162 0.206717209130267 0.210067235161289
-9999 -9999 -9999 -9999 -9999 -9999 -9999 -9999 -9999 -9999 -9999 -9999 -9999 -9999 -9999 -9999 -9999 0.400120945189633 0.390506735784263 0.383561176956327 0.374593816524582 0.361494692277738 0.341476070181982 0.317675340191953 0.312719506873227 0.303049623966301 0.279660445962051 0.263136089401021 0.251175579609477 0.24480879403921 0.239674765129951 0.236919367889557 0.235380015299486 0.234816682566996 0.230121430863362 0.225589883115555 0.224306996591685 0.223607158598001 0.223470132438782 0.219836871679462 0.215791332977402 0.213633422530934 0.213478294667317 0.215646869644526 0.216432299130848 0.216932023907987 0.218362949924741 0.220753574111982 0.224485968200788 0.225902995057513 0.226050214923792 0.218430498218317 0.214056981695402 0.215185345953091 0.213027820844616 0.20944914030596 0.21440817959165
-9999 -9999 -9999 -9999 -9999 -9999 -9999 -9999 -9999 -9999 -9999 -9999 -9999 -9999 -9999 -9999 0.406798484223164 0.400966710847736 0.392557815704709 0.385313958115423 0.375886265282017 0.361995675880125 0.342073917646478 0.318855600652592 0.313017120829041 0.304937281238092 0.289550434301165 0.273461468020392 0.256905721193946 0.248523880508357 0.243367422038769 0.246278283091181 0.244170248092076 0.238033954584447 0.233230853121639 0.22907230160403 0.226823097712824 0.225491112630136 0.225044511136462 0.22385990163668 0.222152021920822 0.218267869667459 0.216768653675117 0.218036529434208 0.218419862249853 0.218635485590935 0.219583221037576 0.220798791401685 0.222388826198361 0.224382560853132 0.22629864028737 0.224230603426388 0.220625130952902 0.214413908072129 0.2123429274202 0.212173810599751 0.216731333198262
-9999 -9999 -9999 -9999 -9999 -9999 -9999 -9999 -9999 -9999 -9999 -9999 -9999 -9999 -9999 0.415934662645876 0.412203018674958 0.404925333755218 0.396098794317773 0.389688722722797 0.380410358760857 0.36527033824932 0.344735339752922 0.321251516172463 0.314841178635019 0.307930205589203 0.29815883971482 0.285518607535281 0.270971105614327 0.257606364592677 0.248586521566137 0.253238750833846 0.250952728201853 0.243097936668816 0.238413594581055 0.234442349623519 0.231535351143407 0.229670161495943 0.228810621138216 0.228730396988177 0.228045099450908 0.222825502727307 0.220470852138337 0.22144021860886 0.221293299826441 0.220879876090944 0.220890929495468 0.220926100201371 0.220994989705635 0.22343665632425 0.22665514768218 0.228471049844804 0.226509127274324 0.218144290489492 0.215206429175801 0.214753958403779 0.219446094298313
-9999 -9999 -9999 -9999 -9999 -9999 -9999 -9999 -9999 -9999 -9999 -9999 -9999 -9999 -9999 0.41872330249757 0.422438437711678 0.414929850428237 0.40253350319064 0.399155989849021 0.391211058941618 0.373932130775924 0.351404704422413 0.326008516944518 0.319629945908156 0.313069816026046 0.30427811260542 0.300939230037931 0.301225472907572 0.277113584917375 0.256770328168585 0.255540875010653 0.25383568499421 0.251748659803569 0.247623204806981 0.243478613822846 0.24051304384477 0.238306819058389 0.236833583788664 0.235246867510812 0.233029966709183 0.227233944960181 0.22497293874176 0.226813389017475 0.225887311920614 0.224174876336491 0.222368461641697 0.221212849832632 0.220967136313232 0.223606622233662 0.227221575554044 0.229682275647782 0.231064339254051 0.230618256404184 0.224961740795415 0.217053409873269 0.222921448356355
-9999 -9999 -9999 -9999 -9999 -9999 -9999 -9999 -9999 -9999 -9999 -9999 -9999 -9999 -9999 0.437095628601889 0.435840140113832 0.42692038763989 0.414664080919624 0.408671246367435 0.398661462045169 0.380442619190248 0.358379775587297 0.334215850967752 0.324719216479108 0.31627655850692 0.309143275532773 0.310413869748326 0.317271500433887 0.295259290991576 0.274612964686646 0.266609135859216 0.262885930692441 0.262598433001142 0.259868249076546 0.256519881571698 0.252059886267379 0.248404167998011 0.24552481157508 0.24308326367281 0.240109191585561 0.23345106853139 0.230566635629482 0.232060578394653 0.230788011077545 0.228659476377874 0.22580317021288 0.223454407500345 0.221815249691924 0.223612537393621 0.226636311124586 0.229439274099434 0.232299106934125 0.235255326673892 0.23002063951508 0.221189740701663 0.226174237672746
-9999 -9999 -9999 -9999 -9999 -9999 -9999 -9999 -9999 -9999 -9999 -9999 -9999 -9999 -9999 0.439663616442325 0.445265678378339 0.439943607611357 0.429756373019356 0.418211456211863 0.404369791507192 0.385834481374555 0.365513806753457 0.344217275029227 0.329964741514144 0.318478256288459 0.313356331539396 0.316796741876129 0.325929534111471 0.312697042507214 0.297477959704929 0.282235576260806 0.275143017812498 0.27459165917096 0.273691645807447 0.271643654530409 0.264942624554558 0.259261041209048 0.25456352110777 0.251605989319065 0.248277431889033 0.240608662757239 0.236727943525802 0.237242260675254 0.235848180107122 0.233762639609486 0.230255563300735 0.226712418179858 0.223118844655566 0.223533150122211 0.225452194487384 0.228440109417147 0.231807323696687 0.235817400303032 0.232637516845541 0.226281204475007 0.229311298693696
-9999 -9999 -9999 -9999 -9999 -9999 -9999 -9999 -9999 -9999 -9999 -9999 -9999 -9999 -9999 0.475557063198545 0.478162968443222 0.474784756453539 0.468569909255663 0.445491807220523 0.423527071803414 0.403837617945413 0.381282208228302 0.357160304162025 0.338575750658776 0.324466489175089 0.321200264430674 0.326604309365202 0.3377724929 0.337163471804318 0.329583101505774 0.302885249768293 0.289964536885698 0.288101609668646 0.285714947130691 0.282422980729258 0.275615394058661 0.270168600554007 0.266035369228824 0.260948743835393 0.255734593572505 0.250946062507147 0.247774319871867 0.246478435305331 0.244379740359805 0.241883489079864 0.237817994520716 0.233344101003408 0.22829921814097 0.227200219337107 0.227776110876229 0.232857149159329 0.236066376899635 0.236103132866436 0.232127331791786 0.226389489569546 0.227373444902773
-9999 -9999 -9999 -9999 -9999 -9999 -9999 -9999 -9999 -9999 -9999 -9999 -9999 -9999 -9999 -9999 0.501896533926317 0.501387920021625 0.500350132520744 0.470810706513509 0.444469158437277 0.424662809608851 0.399710365802526 0.371945133139903 0.351990392083705 0.337169604836263 0.334651931559168 0.341500649808698 0.354576299969581 0.363508524704145 0.363682279777834 0.336797807860578 0.317811560520007 0.305164573850843 0.300599258174543 0.296489760279191 0.28931722158311 0.283320130583683 0.278457689343615 0.2713983029181 0.264577945709838 0.261883494263231 0.259031636444564 0.255997149898721 0.253201844393879 0.250284829838346 0.245648888175648 0.240651143345583 0.235147555516966 0.233231278930948 0.232912475470477 0.238024379053123 0.240163265240047 0.237263279407371 0.239836767648521 0.244762165135863 0.233323916793829
-9999 -9999 -9999 -9999 -9999 -9999 -9999 -9999 -9999 -9999 -9999 -9999 -9999 -9999 -9999 -9999 -9999 0.506912557036798 0.513832506959433 0.490367760207279 0.468901436996043 0.45151910207429 0.424015368778086 0.390979410235345 0.376743183204072 0.365776423375761 0.361357342388502 0.368416491290827 0.383106557156439 0.393949385861253 0.402023479026257 0.402267983644951 0.376791695037084 0.330671423549841 0.322461841818801 0.318709762371947 0.310425222110183 0.301858287410286 0.293018759738212 0.284457643235302 0.276792805661761 0.274073753799822 0.270506244143867 0.265954322199151 0.262516167974689 0.259181119500136 0.25394036935447 0.249380454065517 0.245772425262097 0.244718325187864 0.244596066992696 0.24467262494566 0.243589261675655 0.240539985053184 0.241743611228545 0.244762165135863 0.233323916793829
-9999 -9999 -9999 -9999 -9999 -9999 -9999 -9999 -9999 -9999 -9999 -9999 -9999 -9999 -9999 -9999 -9999 0.511705929064436 0.512880764792135 0.494578061207845 0.477506293940534 0.46295007425396 0.441548344770839 0.416404948304481 0.405121431775972 0.396135281981467 0.391689504831044 0.397664229822685 0.410566676887046 0.421034003311636 0.431105964957057 0.440598014203675 0.416208241874556 0.364624294841317 0.34800601308613 0.337072357682933 0.32863112344999 0.318700581929141 0.307332424629517 0.299391629735454 0.292637417846535 0.288650668274625 0.283530479557448 0.277095232588662 0.273363756572345 0.269994593635966 0.263018996690448 0.257576377606617 0.254277040252221 0.252278044641702 0.250732298947388 0.248909335027738 0.247252711236448 0.245878012004275 0.24520197567693 0.2448437222538 -9999
-9999 -9999 -9999 -9999 -9999 -9999 -9999 -9999 -9999 -9999 -9999 -9999 -9999 -9999 -9999 -9999 -9999 0.507526323754574 0.502777478862226 0.489058187323473 0.476076221453163 0.464601057986746 0.454787708415398 0.445882684793214 0.435798299198813 0.427604972082956 0.424321106651167 0.428390441785445 0.43734830620288 0.445990689278679 0.454318225336501 0.461720602593536 0.443221048760991 0.403932127460419 0.375884390953567 0.35298927322444 0.344997030806052 0.334467662872522 0.321489229052511 0.315514182675173 0.310783371866983 0.304740773872203 0.29753721263473 0.288986658664126 0.285183468527765 0.282023604412806 0.272596691804623 0.26543412207914 0.26143736762794 0.257347753512311 0.253351384322559 0.25161707897306 0.251066711241444 0.252522961481282 0.249644038089867 -9999 -9999
-9999 -9999 -9999 -9999 -9999 -9999 -9999 -9999 -9999 -9999 -9999 -9999 -9999 -9999 -9999 -9999 -9999 0.510676266685245 0.511117962190192 0.505093518001356 0.499031072960202 0.492890969188214 0.481579305090859 0.467440933108139 0.462302072148843 0.45712190726006 0.450998949692038 0.454152488455854 0.463473195319581 0.466215678996218 0.469078303967038 0.474205489287569 0.467694503737449 0.451842507663872 0.409242485414481 0.370147899571567 0.362455773996964 0.350099308857912 0.333240396030688 0.325135265006762 0.318888861113154 0.312794151772995 0.306629813997788 0.300384690722592 0.295240057359818 0.28991169669991 0.280100097382448 0.27362686357782 0.271821053868902 0.268814620028117 0.265373417119826 0.261897619063946 0.25936595617862 0.258434477772694 0.25796280644161 -9999 -9999
-9999 -9999 -9999 -9999 -9999 -9999 -9999 -9999 -9999 -9999 -9999 -9999 -9999 -9999 -9999 -9999 -9999 0.561326221165402 0.527011867464598 0.525752935723795 0.523882369620387 0.520761864490953 0.507934307857158 0.489801002608882 0.488103036599185 0.485129090895378 0.477386289228915 0.47940189040501 0.487905039095155 0.486325591108578 0.485235812379075 0.488602108869581 0.491438134530463 0.493848555046441 0.448662462094129 0.403132035622271 0.385565909385078 0.36687191246392 0.347089191472953 0.335453328007137 0.326036902949318 0.319651183932254 0.313600925882226 0.307939882122738 0.302372177230303 0.296567186970438 0.288363477073849 0.28329838293043 0.282621439436546 0.280020601794219 0.276662865897029 0.272174739202764 0.267630141195607 0.262989831767842 0.261787575463478 -9999 -9999
-9999 -9999 -9999 -9999 -9999 -9999 -9999 -9999 -9999 -9999 -9999 -9999 -9999 -9999 -9999 -9999 0.585332640617549 0.575586541225803 0.561596955271453 0.555513188134242 0.548919871308476 0.541285236204395 0.529874016164374 0.516398563717393 0.512725402454204 0.509004825863593 0.50425119714165 0.504229661229808 0.507354098838605 0.507166096035475 0.507557975181015 0.510764859159112 0.513548554395598 0.515992590545382 0.505209433324014 0.483809253199606 0.425559400566393 0.387134321937808 0.367845930647773 0.349367551963928 0.332572932946511 0.324714843647984 0.315261644688399 0.303957740174169 0.301040752675226 0.300430624804779 0.299403997641734 0.297376517003374 0.293949726550375 0.288976281220088 0.283586294022212 0.280713880125201 0.274764802812571 0.263601187158865 0.260951283819705 0.262133950540677 -9999
-9999 -9999 -9999 -9999 -9999 -9999 -9999 -9999 -9999 -9999 -9999 -9999 -9999 -9999 -9999 0.618092892041961 0.611226009293472 0.605885394676877 0.601198436594958 0.594250522746109 0.586778316530299 0.578234663825247 0.5686570327267 0.558514242431642 0.55260933479134 0.547614742460304 0.544536002476778 0.544348717546597 0.546083719731014 0.541279187706044 0.53687426653589 0.535623980482026 0.535863781790628 0.537299554690333 0.540426649120398 0.5298474979185 0.460094495515069 0.413603704153542 0.389567729144944 0.36854131315783 0.349285196528406 0.336758007160527 0.325676320524624 0.316271759920009 0.311599617449292 0.308634454814591 0.309124357706045 0.30747256757464 0.302826440968672 0.296589416448577 0.290027498738564 0.287903863051087 0.282073676518683 0.269961375603566 0.264531602560688 0.262133950540677 -9999
-9999 -9999 -9999 -9999 -9999 -9999 -9999 -9999 -9999 -9999 -9999 -9999 -9999 -9999 -9999 0.627446539461655 0.645557621102057 0.648478905092936 0.644645334203498 0.63986941837883 0.634464911176705 0.62777581150865 0.620351622442745 0.612525643033768 0.604192324646731 0.597519439219861 0.595108097260052 0.596189613080119 0.599593238488442 0.585566644892247 0.571552046328189 0.562550058682993 0.558336008473722 0.557964845129725 0.559293116390459 0.549332548617699 0.490445348200154 0.444831164853955 0.412029313072002 0.391746877294664 0.37379825448918 0.35415144821263 0.342801516341015 0.341077926734309 0.331273220145794 0.320165498827771 0.317832722462879 0.314516072787393 0.309823853546701 0.303173397703631 0.296099045503803 0.294059622064155 0.28951609596885 0.280728446437217 0.271497561890237 -9999 -9999
