layers/veg/veg_3700.asc
NCOLS 255 
NROWS 330 
XLLCORNER -2985163.8955 
YLLCORNER -3022031.214 
CELLSIZE 25000 
NODATA_value -9999 
[rows 125 to 149 of 330, columns 56 to 111 of 255]
0.0673151651379693 0.0636082193859586 0.0863491126783337 0.132287636555316 0.137236007551074 0.139748192894097 0.16567280071804 0.192297112716369 0.219659027895487 0.202446130004022 0.176178399450972 0.162428853139407 0.158465028829408 0.166910474432219 0.177776967343836 0.188015854920101 0.181501724228801 0.195439129202588 0.240703721433466 0.307595240878742 0.386005092488533 0.552252186410981 0.661652990460447 0.665045341823155 0.711406697812612 0.779211792126804 0.822091264785397 0.838669739507992 0.795653934941786 0.790108126710456 0.807413933253855 0.779654539901325 0.746269627886789 0.705064794215333 0.664666092975221 0.624862614271285 0.589950202239948 0.55653819649683 0.526545375631909 0.499745314014236 0.475784147611443 0.451093205950242 0.427800431855337 0.412226715404725 0.398705377716003 0.387377238723156 0.382049842034124 0.378867882369817 0.380541146911909 0.381110847599247 0.380261665895127 0.375627003641192 0.370043826604711 0.367942184942139 0.370875640722219 0.381632436836698
0.0799169499362544 0.0773017653783946 0.0871742785254407 0.107999860379707 0.123663346827254 0.135319693165572 0.131701916161932 0.145509794162823 0.177687176061448 0.150859574770024 0.115564039627242 0.121954483581928 0.134659378761124 0.155371626855484 0.156508062087503 0.150682240390651 0.135932849475596 0.135152424914212 0.15576933852419 0.196436156038177 0.247442108802201 0.369286826597249 0.465314075455681 0.513196230933799 0.594640747557339 0.692834604693054 0.753058858223521 0.788319993987469 0.767515379377971 0.769640497818722 0.785749642888903 0.772574343006473 0.75152954902085 0.713234926166737 0.676007408286213 0.639567806762915 0.606110988190144 0.573679404200952 0.543744386322179 0.513331750932518 0.482494433955175 0.459921630160076 0.439494425421206 0.422382064393359 0.407008919428393 0.393494323417343 0.384484883132644 0.377276745207382 0.375118378207548 0.372304974558641 0.368649372279245 0.361916499268475 0.354752806971449 0.354704930321684 0.354696306401411 0.354748671859272
0.111179224140945 0.105832498802209 0.0992804087894124 0.0916710828950127 0.11604317293117 0.134437256346172 0.0957649144758594 0.0913459071526439 0.123035543223879 0.0953276339545268 0.0611845255041618 0.0839178905242777 0.11102800943186 0.143688288084715 0.140834422786931 0.126320909084921 0.107267676467983 0.0966089145450121 0.0988086078334514 0.114838231385671 0.137637207079451 0.197986143531862 0.267333911431344 0.353462936292794 0.460503876426978 0.577980935407127 0.662276689867603 0.721676809362923 0.724999997548702 0.738324462844557 0.757748350455062 0.758824835436894 0.750371934338904 0.717831420942021 0.685192001961408 0.652479554244943 0.62026303907059 0.588572374289279 0.558623278633462 0.525292938212742 0.488956107530756 0.468835854313302 0.451343476028848 0.432371061248699 0.414838531470628 0.398844681573389 0.386138995363559 0.37496140824838 0.369042214238772 0.362965842667721 0.356687383584197 0.348442676876939 0.340324463194306 0.341813565501635 0.339158128028426 0.330063064390697
0.197660639417749 0.155495549980748 0.120780231247291 0.0925991714538849 0.0957521880149483 0.0995909112010785 0.0797383186649869 0.0764981094691387 0.0907700821935643 0.0791911052312304 0.0662854022838221 0.0886557727110991 0.112520511895802 0.138280259466927 0.124035674051311 0.098902421532584 0.0955862662434373 0.100138443573099 0.116743150032457 0.131235972219168 0.144908044966658 0.159495179455727 0.181731623936647 0.218232702365874 0.28648394192333 0.370580141188743 0.514577757299932 0.617317671140244 0.623135013499881 0.664302574728668 0.727028974036343 0.732198140822085 0.72910115240514 0.712894302878509 0.688568258331877 0.658247258535192 0.627313717105913 0.596151134709208 0.56440681032142 0.532968921918109 0.501803506188942 0.480477939921591 0.460882687225694 0.441074573381651 0.422167462918582 0.404223176412194 0.388696276411645 0.374168966254806 0.362594809897632 0.353027512626592 0.346040489262845 0.337168236787692 0.328229959658064 0.326143864290583 0.322031414051019 0.314770491714709
0.261062742676382 0.202530554060235 0.146159908647434 0.0916851716542111 0.0802949797371326 0.0756869372181163 0.0672592084519558 0.0641102440063233 0.0665259646032876 0.0614716818128229 0.0580509811962721 0.0792221726028738 0.0987281490365072 0.116122467070371 0.10499472429703 0.0863259147069655 0.085878312491987 0.096848587511727 0.125308501650408 0.138312537553606 0.144650584340246 0.137099999544126 0.130674587586434 0.126347427456143 0.158904564981877 0.209868859808506 0.396186116299868 0.53361862498686 0.553975118110173 0.612577230787044 0.694503983184926 0.704792303060515 0.707070594938108 0.699611005979522 0.680224725360909 0.652032155127757 0.624465165661935 0.595963472316238 0.563694076980376 0.535552204133903 0.511080386852858 0.490390898196642 0.470235453193942 0.449336760625377 0.42894359606286 0.409090645316711 0.391135675075328 0.373906946229403 0.358565141942251 0.345927907247035 0.33676801204055 0.326594841102126 0.316609700694068 0.313122869118734 0.308572825430387 0.302370803741119
0.300521996792675 0.246839179849847 0.175564609908933 0.0888601597914049 0.0698524090165364 0.0631347549084985 0.0584603168016297 0.05427435175718 0.0506033175903194 0.0421101380026369 0.0359823078202922 0.0550868490443793 0.0690790212828742 0.0765882005826844 0.0836276791767211 0.0891467171786755 0.0782176541966184 0.0864841917798544 0.124154104408801 0.135719165646088 0.136583145865788 0.131402844763242 0.115455349871007 0.0794289095282629 0.0795033686951308 0.0975940292866355 0.308198330502304 0.471352690327113 0.518744007223897 0.583982680048423 0.66010581890714 0.676578169678674 0.684251834124252 0.677669249044318 0.659722894605282 0.633385894466528 0.611346994488317 0.587718798100799 0.556242013911668 0.532852235991289 0.516653154775915 0.498510031991354 0.479394797886109 0.457141110337499 0.435146247364149 0.41342796770547 0.393452780659215 0.374195194476977 0.35704367256335 0.341773240446024 0.328921377201921 0.316748720145818 0.305481430669815 0.302849684153233 0.298919608996905 0.292972240842713
0.339972489418347 0.31245489431762 0.249346056053284 0.155019827605551 0.112999361903085 0.0831669857464811 0.0681710346754733 0.058685728765424 0.055009548408299 0.0601135736993386 0.064614466206305 0.0496115697912632 0.0399951983082728 0.0372094768031994 0.0488537289161689 0.0635431709695913 0.0597777453335755 0.0654009401317809 0.0854054056201237 0.107675029951883 0.130154147645174 0.130706881946477 0.12004547577522 0.088471646253832 0.0676543862937821 0.0522052065336063 0.253162589511485 0.418509865754382 0.494481326255308 0.563179775189434 0.627442673687652 0.638962566867875 0.641040286903503 0.625712235152368 0.597151219392448 0.558819404081241 0.555218287043958 0.552360346996608 0.536789205629397 0.525308437897243 0.517464694206173 0.502651532074845 0.485598671220197 0.463578831462531 0.441514770676534 0.419403454723283 0.39739266439802 0.375917247414465 0.358204127549552 0.340588644669377 0.323098696345091 0.30908528198508 0.296969647739575 0.294588462517481 0.291571041068146 0.287565060291909
0.373990499674313 0.371735172973197 0.32420760190983 0.236971349971287 0.170079324650828 0.112779492257147 0.0851425770727025 0.0699900167822035 0.0679980180789397 0.0825227249453675 0.0929220245204606 0.0452816319618697 0.0167327897050437 0.01239393427501 0.0222109858574065 0.0357549841770149 0.0400661024614437 0.0426229355825515 0.0424925954412858 0.0749784708706979 0.119439240476856 0.127884738193687 0.126686678856652 0.107505061332071 0.0731531147008442 0.0312303953582444 0.205960309231297 0.357703865348408 0.449082182331133 0.522807707323312 0.585767423889434 0.596396678005776 0.596102275502929 0.574046975212301 0.534593599934054 0.482294039691544 0.499136709530518 0.519036547130813 0.519515302056549 0.519156197359451 0.518052095783541 0.506354384975844 0.491439878182299 0.46992207545681 0.448062856626627 0.425838796096915 0.402079239129884 0.378654407373854 0.360500389487695 0.340493865522693 0.318105523555934 0.302271154996664 0.289432859589674 0.287619892429083 0.285716115360895 0.283671241358445
0.370636730648963 0.352761186062862 0.334327339307813 0.315403800844943 0.235886663190522 0.155327131255531 0.121978391578012 0.105558950452598 0.106985771958802 0.0744808019368217 0.0365351236640066 0.018484896321458 0.0326135976878589 0.0875483848791463 0.0733319281027209 0.0391620071524853 0.0291339918232169 0.0256150449954844 0.0320665380973536 0.0516577008895987 0.0765641727224714 0.102296328012088 0.115225035258328 0.104277536701755 0.0881698677655261 0.0694870090083187 0.159073760469298 0.226769864795403 0.240383908131374 0.335089345067479 0.479249531652738 0.535053895673757 0.572449966056092 0.573206805511534 0.540555726634762 0.483237303901159 0.51333244777792 0.543813345747315 0.536754683469008 0.530458651791997 0.524840725852713 0.513507775478045 0.499592058362698 0.47783783819055 0.455576905567458 0.432774493414744 0.409265187722462 0.386045513991294 0.366251287772224 0.343068574014775 0.315529188659963 0.297751990838023 0.284350435875517 0.286274988615847 0.286392034626217 0.283700646347824
-9999 0.329824522722992 0.339685448092924 0.35819547721648 0.283638279118715 0.201395723056179 0.161702772533259 0.142979300713679 0.146361105319824 0.0960464847914499 0.0390704545119038 0.0274876160355527 0.0533076837854468 0.126558361030549 0.0950867259506933 0.0344204344455004 0.0225827735825359 0.0174287147417429 0.0225124422231708 0.0336144502186639 0.0477755700574955 0.0818157464598142 0.102702543596313 0.0990605740061291 0.0951222073015646 0.0910359232268819 0.121460584443238 0.135280721432502 0.109732196092506 0.207507928037164 0.380494727382572 0.469693364797685 0.534680020470027 0.545414541415456 0.529447517503435 0.493764922511601 0.527125465194682 0.557914967196575 0.548320518129796 0.539848450025515 0.532374365701704 0.520284288054368 0.505743518886922 0.483031700822848 0.46065162988908 0.438626068262785 0.415314772431979 0.391871057264317 0.36979910441746 0.345519668922174 0.31840201228924 0.296355941562621 0.277862707974219 0.283449619243137 0.286026204372843 0.283925460776972
-9999 -9999 0.339102480417561 0.356518215826861 0.308861798610737 0.251857402078163 0.205031213262057 0.182709660515556 0.186220020984149 0.154553530474992 0.115122960309333 0.0811572593583955 0.0800072893450269 0.120470933792117 0.0802014320573139 0.0195118718426485 0.0214975878309413 0.0202490313103255 0.0140462912904231 0.0221559520121581 0.0365626275201736 0.0677081945788977 0.0888564334894885 0.0913613925949517 0.0920125908813952 0.0917386673907577 0.0954177808569196 0.0930068637609955 0.0764590557510167 0.154959282088199 0.291425915643166 0.399319895441982 0.479295522686937 0.48399419193289 0.497040677456226 0.516250924891339 0.540416008470435 0.558697187042731 0.552807477516143 0.546851830156138 0.540837553070159 0.526590570640923 0.509398684672581 0.484829453020005 0.462682812756114 0.44312498522648 0.419946517728753 0.395743249638078 0.370598139599076 0.347816531356219 0.328073742359101 0.298856597768616 0.269621584269759 0.278777075342335 0.284360584898929 0.284394087253877
-9999 -9999 -9999 0.358680964595463 0.31484161897506 0.270447610309879 0.261192999729927 0.258705669019078 0.263352163343801 0.234285172515192 0.201006531227808 0.196019274286344 0.198272730189886 0.209708130976026 0.148147700482794 0.067333037240118 0.0336965327368637 0.011812940475659 0.00793218617499917 0.0115623014308331 0.0188281177364567 0.045217571174338 0.0644078029946012 0.0701727374746509 0.0772088776499385 0.08487941470089 0.0876631088875512 0.0873340394145802 0.0800191665534383 0.116151904637022 0.178781791514478 0.300854673027615 0.401799731162359 0.430622629856826 0.459158537648956 0.487482540490847 0.479976287300596 0.476893290311951 0.506297306883161 0.528074955810771 0.543071492561196 0.531242633162718 0.512741118071117 0.484951850031783 0.46086287752668 0.440728089059491 0.418755983846933 0.396224113350518 0.372921523983451 0.352378463787868 0.3353834061236 0.311763836429868 0.287958838631791 0.288818406807624 0.289167487177328 0.288723391270031
-9999 -9999 -9999 -9999 -9999 -9999 0.335996068176073 0.338906450533598 0.344884854153254 0.31795375958108 0.291244829303204 0.323087064290596 0.335836273368268 0.324373624401324 0.240896543773609 0.136473981046168 0.055203526014419 0.00634151749090604 0.00712201450345146 0.00423195642490023 0.000634726426965287 0.0210873072592569 0.0375549180575177 0.0465912521927877 0.0601888477818457 0.0760627469040053 0.085366103709901 0.0919576012402089 0.0925433619481704 0.0832664491548295 0.0679746434459295 0.198910186873164 0.316488761208579 0.368160990608458 0.405325741723788 0.431778632501644 0.388798998764452 0.363320357189321 0.434124729015929 0.491149273254481 0.535921253622042 0.531654673177051 0.515610868691707 0.484712077713465 0.458340334855734 0.436806254625599 0.41623814206789 0.395937144515054 0.375841019189851 0.357560115502057 0.3416130921845 0.326836675102666 0.31281364536048 0.303508993781044 0.297103585065916 0.295202908165397
-9999 -9999 -9999 -9999 -9999 -9999 -9999 0.338906450533598 0.344884854153254 0.371442112320596 0.396239402796838 0.372851607705257 0.369463451957552 0.391436830365147 0.323011916554746 0.226356667110065 0.135518725020738 0.0742368546621958 0.058228288414258 0.0308979206451747 0.000238274819761678 0.00791612594497087 0.0208103620108608 0.0434322495631655 0.0592615570959541 0.071701018628036 0.080512259803587 0.0843533883216661 0.0768953763883432 0.0691349062456688 0.0611899776252359 0.156567477092883 0.22045771543471 0.174108443515374 0.189725687067357 0.251097033869371 0.208769956261303 0.180426984627832 0.250520210247611 0.339132265110838 0.444210646324766 0.489766755825386 0.514217643521335 0.486270950203797 0.461427104195544 0.439899001264827 0.419191354198067 0.398896984209002 0.380150445248818 0.361786637647348 0.343914918277293 0.329783037069592 0.317898219943217 0.3190741962883 0.317730996280382 0.312473597153902
-9999 -9999 -9999 -9999 -9999 -9999 -9999 -9999 -9999 -9999 0.45934310226627 0.402761027662686 0.386011453811259 0.419773457241159 0.370324549397788 0.294255312806021 0.215929647472956 0.158001141856587 0.131316531682681 0.0712381426688989 0 0 0.00819737333418281 0.0316814235155989 0.050403160773035 0.0667482594964999 0.0785553491664353 0.0831617846662783 0.0713731719294723 0.0648331657841917 0.0614940976604073 0.126867064342541 0.152885138787789 0.0524148998995844 0.0660886454487993 0.164042677045996 0.104421638351507 0.053780219665561 0.106920581866446 0.199609728896088 0.327464338558545 0.427032842080535 0.502480580404209 0.481918734040873 0.46179738710938 0.442146763612268 0.422133525446766 0.402192937368428 0.383449930116619 0.364813957004563 0.346315600628982 0.33289004461149 0.322616284807038 0.331366278722244 0.33494382204101 0.330484610989137
-9999 -9999 -9999 -9999 -9999 -9999 -9999 -9999 -9999 -9999 0.45934310226627 0.402761027662686 0.376831674590632 0.389773024670175 0.365210927288557 0.329037574353465 0.296484766094457 0.265670145208839 0.237518039364922 0.132177033853785 0 0 0.00180810740681382 0.00698802094057249 0.0295974819396066 0.0609051815459936 0.0809623294878397 0.0916300264350574 0.0811042717372744 0.075338872384911 0.0724766440276058 0.116210792612501 0.128181915549668 0.0397217272643769 0.0809831210693599 0.218026803350168 0.114077475561717 0.011862386834559 0.0235836393113156 0.0789086524860332 0.173004677819875 0.332896874256402 0.475161735900155 0.468662154562523 0.458075601117265 0.443121656007781 0.425059064899568 0.405995206130171 0.385228056767535 0.366034817697346 0.348865198366121 0.336239045912655 0.326782245669835 0.338727788800158 0.347012974404727 0.349610837570015
-9999 -9999 -9999 -9999 -9999 -9999 -9999 -9999 -9999 -9999 -9999 -9999 -9999 0.382982565849693 0.363763816131117 0.339989670859792 0.334801914878385 0.328323297805986 0.319867369700193 0.22732811127121 0.103211017519251 0.0498646588467874 0.0119975464068355 0.00299653843091172 0.0199348903070423 0.0498183138647338 0.0740414660488335 0.0907018410909021 0.0901737084002062 0.0876967694137905 0.084031322952158 0.109552896353778 0.11347326286587 0.0495606322910231 0.0695551801346183 0.151504118596691 0.117468019852568 0.0801753365878712 0.082447519563859 0.0914682979599429 0.106489702698832 0.20868046739684 0.312949409969075 0.348466500307198 0.365136501027545 0.361666256127418 0.371117301330862 0.381208231435835 0.372421220121409 0.361059882788883 0.346388663711661 0.338464763978086 0.334091453497506 0.346940019617388 0.354662661145284 0.354420838614969
-9999 -9999 -9999 -9999 -9999 -9999 -9999 -9999 -9999 -9999 -9999 -9999 -9999 -9999 -9999 -9999 0.364286058524321 0.371639494688781 0.390256753554849 0.333891060800478 0.246189837044519 0.122455960422885 0.033830569641036 0.0106764043053283 0.0165866886552045 0.0370016248820316 0.0631210477075379 0.0851773045755999 0.0976951387013491 0.0995239736632178 0.0948339691505005 0.104271207050008 0.103028623874785 0.0683054844590422 0.0489151097514194 0.0408459606158301 0.116383758944388 0.185073163447862 0.190919293208703 0.153595635303718 0.0778868396099913 0.0803464092757341 0.108228178123015 0.193342840477586 0.241965176838794 0.251591337998731 0.295816557946506 0.343487356213949 0.353375707536086 0.353852864442625 0.342229789920452 0.340814873763489 0.343479269979862 0.355919559077155 0.360877916640189 0.354211137367667
-9999 -9999 -9999 -9999 -9999 -9999 -9999 -9999 -9999 -9999 -9999 -9999 -9999 -9999 -9999 -9999 -9999 0.371715960428388 0.390526813477746 0.382860211217782 0.362511183523536 0.278937699826492 0.19613551801778 0.114771680205116 0.0660202985986447 0.0335442061939412 0.0434419507742379 0.0552025406803209 0.0697736478450051 0.0766005906164672 0.0787046436421048 0.0934291437952967 0.101378819921242 0.0874058845265916 0.0606892444278394 0.0245630582801531 0.0601600785346417 0.0993407716678956 0.119914634317154 0.132322215030431 0.137468609755006 0.165591072614128 0.199071009723607 0.238700939492122 0.255964252095289 0.249326306066758 0.250415706631969 0.260316359078646 0.321048453785714 0.352520444969308 0.34637191652201 0.35880159823715 0.375948029786367 0.37678474802591 0.375627360294696 0.371371607566623
-9999 -9999 -9999 -9999 -9999 -9999 -9999 -9999 -9999 -9999 -9999 -9999 -9999 -9999 -9999 -9999 -9999 -9999 0.396136056250029 0.416713006835401 0.443014085712944 0.38943744004785 0.313262357511987 0.194945117041764 0.103360172945448 0.02511601654577 0.0272748813782163 0.0349200712306777 0.0523844926149408 0.0637561348764408 0.071412008388551 0.0888685585309158 0.101825923005435 0.0999590556475898 0.0685482656761446 0.0153231833341821 0.0286177396560427 0.0497119658499815 0.0702557660258119 0.11567497501343 0.183212569251935 0.22230018670768 0.252519809030261 0.263849962766016 0.260483135222042 0.24141092192057 0.221951792832758 0.215001133827885 0.300947995953256 0.349705845164424 0.350648757929112 0.374922475778248 0.403598429070546 0.392632474628405 0.385325242075382 0.383702790572475
-9999 -9999 -9999 -9999 -9999 -9999 -9999 -9999 -9999 -9999 -9999 -9999 -9999 -9999 -9999 -9999 -9999 -9999 -9999 0.422867276318443 0.457884887544652 0.415681840741451 0.347606869773463 0.231285255887065 0.118540032134688 0.00757961058676855 0.0175430926974026 0.0323973245821978 0.0542943137233195 0.0693798505383982 0.080311325441646 0.0958178699701071 0.106115303884517 0.100515380009681 0.0692334098194535 0.0189886338324358 0.0423003768048061 0.0662377411181517 0.0597099608133651 0.107504538857548 0.203600749200128 0.2267220485505 0.237449471647139 0.251968787954758 0.247630942256298 0.223142087451935 0.224522358749363 0.239051116048331 0.303251367004301 0.344175365030312 0.355172444664436 0.387624459630386 0.422419882049742 0.399286429731835 0.385766869922058 0.387185005735077
-9999 -9999 -9999 -9999 -9999 -9999 -9999 -9999 -9999 -9999 -9999 -9999 -9999 -9999 -9999 -9999 -9999 -9999 -9999 -9999 0.463055990689443 0.433614668125102 0.384789342596075 0.299816219809682 0.170960573134224 0.0202052951435869 0.0265737586039589 0.039847819717293 0.0635390116303776 0.0788038200129209 0.0889296775222607 0.0971524539106368 0.102278221513627 0.0988166816965385 0.0790708127523184 0.0473011133478383 0.0555248646014582 0.065553891777192 0.0644871966795357 0.0990593525061134 0.165320387924797 0.203288678399898 0.232334576596172 0.242073570323118 0.239165831487535 0.22274362939681 0.228264984676099 0.245075065579123 0.305017699881481 0.348264173798275 0.370043935232601 0.395577425355522 0.418897865761206 0.399043672147826 0.386135172980494 0.384018626129693
-9999 -9999 -9999 -9999 -9999 -9999 -9999 -9999 -9999 -9999 -9999 -9999 -9999 -9999 -9999 -9999 -9999 -9999 -9999 -9999 0.463473152306624 0.44747389128729 0.423362734765852 0.384124302700905 0.241633229945698 0.0476137909289764 0.0448001340785987 0.0521863232132861 0.076378622795946 0.0900903405829103 0.0974103252170393 0.0957351909037857 0.0944582596365161 0.0960127690579293 0.093393850191521 0.0876934046758379 0.0685248077703697 0.0564353939234608 0.0767744432856462 0.0904795077073892 0.098285853608705 0.166203116731905 0.23209896617622 0.233151694710955 0.23285088361707 0.231103662433867 0.232582051617434 0.242264234963908 0.306520823749901 0.357067514270129 0.389987011625063 0.401202838935168 0.404425040602077 0.395420750920894 0.386467538659111 0.377593688522873
-9999 -9999 -9999 -9999 -9999 -9999 -9999 -9999 -9999 -9999 -9999 -9999 -9999 -9999 -9999 -9999 -9999 -9999 -9999 -9999 0.419649009610796 0.417805983701992 0.404155455898914 0.368485988799975 0.243311891809811 0.0734703914457079 0.0442822953141062 0.0289137711317638 0.040428081935767 0.0635463337986619 0.0937414155757251 0.0945341686124258 0.0932136330458421 0.0912872068826534 0.0899833653096686 0.0891392203874542 0.0548777042145515 0.0263984056097161 0.034402436540144 0.0495753040040274 0.0711224622161482 0.130921921974387 0.186004258706128 0.182509946054146 0.187294202137003 0.200925044673633 0.240789373265995 0.286239605386298 0.324957609531735 0.357285254149442 0.381396637814121 0.39290354486568 0.399456750066296 0.394987319458363 0.389997650967691 0.384199656906785
-9999 -9999 -9999 -9999 -9999 -9999 -9999 -9999 -9999 -9999 -9999 -9999 -9999 -9999 -9999 -9999 -9999 -9999 -9999 -9999 -9999 0.402107017466102 0.391387469264823 0.360677826356257 0.245896434719958 0.0891589262063759 0.0432264502265986 0.0141784167846666 0.0200953595040822 0.0484306702936156 0.0904381444438789 0.0924249979493866 0.0912499500782814 0.0884259961350924 0.0882352991872408 0.0899889154145313 0.0447139667869994 0.00480631488368483 0.00590280763776895 0.0230277340648885 0.0544046100230041 0.106236364822621 0.151843769519765 0.147446794980159 0.15684549728951 0.180986439693939 0.245696295994907 0.314280942835728 0.337345696509507 0.3569994771328 0.372267675917557 0.384918550776859 0.395771566922579 0.394646758267999 0.393724955906931 0.393118576900082
