layers/veg/veg_600.asc
NCOLS 255 
NROWS 330 
XLLCORNER -2985163.8955 
YLLCORNER -3022031.214 
CELLSIZE 25000 
NODATA_value -9999 
[rows 125 to 149 of 330, columns 171 to 227 of 255]
0.377216053584261 0.397863523148126 0.411847351187463 0.419353878017155 0.367610234714569 0.325978403597338 0.300510632681546 0.295279843639193 0.298419384703336 0.292885349446438 0.289368631863379 0.289786889619319 0.289516877396481 0.288887446985446 0.30401482481087 0.31593067094982 0.319120894239545 0.321714249134184 0.32392763851057 0.295522247008704 0.281028928716889 0.316055412097559 0.303578818296972 0.25454471002083 0.263826980406118 0.283936860545199 0.316398800180924 0.35226785624317 0.391292203216543 0.414545617775518 0.432528953842769 0.438521126450471 0.447427804403317 0.459578222831935 0.471078774101494 0.481969881956011 0.489292187817757 0.494765227543709 0.497760251760054 0.501722871547885 -9999 -9999 -9999 -9999 -9999 -9999 -9999 -9999 -9999 -9999 -9999 -9999 -9999 -9999 -9999 -9999 -9999
0.334315786698016 0.356473827304434 0.385524077291965 0.411230821833328 0.357930997521356 0.316040761474765 0.29238912284421 0.290256451588081 0.297031484392091 0.29491746807958 0.2937669125327 0.294495681398635 0.29486781645597 0.295053715470343 0.313182373374277 0.327266735926538 0.330480583132805 0.335957839604722 0.342875978994412 0.313602868148303 0.2958425808611 0.321587646342481 0.311439099802681 0.273667474529741 0.287082501037183 0.305997962062411 0.319857136328862 0.355125101353957 0.410219498599905 0.428200837886832 0.437140009364925 0.436142855630556 0.442581768496743 0.457296758211769 0.476604460179908 0.49476797742239 0.493740719228451 0.493756386635702 0.495169573721216 0.495529402529811 -9999 -9999 -9999 -9999 -9999 -9999 -9999 -9999 -9999 -9999 -9999 -9999 -9999 -9999 -9999 -9999 -9999
0.306072198630884 0.3124068770491 0.347911609051605 0.387004015733492 0.339501389833166 0.304407699289827 0.289150094946408 0.289219498133964 0.295648866600647 0.296468955905937 0.298315817693353 0.302165499586061 0.297459958766588 0.288286835833037 0.312392716437881 0.332331482494786 0.34015327138789 0.351649929098726 0.365486002745023 0.339191958611712 0.317482562966841 0.319082885749778 0.311093559216001 0.295724210912823 0.316252223774885 0.333346098774629 0.317937730015364 0.347615089639377 0.419045818147987 0.428965731467714 0.428526555892165 0.436798878429794 0.446944272223832 0.459174327505466 0.490680149688952 0.521312290104475 0.503406310167368 0.493756386635702 0.495169573721216 -9999 -9999 -9999 -9999 -9999 -9999 -9999 -9999 -9999 -9999 -9999 -9999 -9999 -9999 -9999 -9999 -9999 -9999
0.323496536633321 0.338278930146201 0.355409485870429 0.369352312125896 0.32776108827808 0.296420441550249 0.281465675278829 0.281388585897988 0.287608689562494 0.294181546585297 0.298958798639015 0.300233547659337 0.304239127372278 0.30967076117748 0.332602198657227 0.349318058063964 0.349951507967873 0.355057982139779 0.363011976800515 0.348266122221169 0.333403825318221 0.323469294956038 0.329748989573809 0.34850686033484 0.367608438664123 0.38140430542586 0.37394964287533 0.397835334508857 0.450744963786167 0.453294337545765 0.448918419288477 0.460141462546861 0.472235075648613 0.485297601928933 0.506737022257496 0.527799979785316 0.527795422553625 -9999 -9999 -9999 -9999 -9999 -9999 -9999 -9999 -9999 -9999 -9999 -9999 -9999 -9999 -9999 -9999 -9999 -9999 -9999 -9999
0.346273456997962 0.368628940257441 0.365856663066637 0.353139046796485 0.319262169221434 0.29203236672884 0.275428129646956 0.274128272664193 0.279426334633436 0.290717946852898 0.297968665910408 0.2973372278114 0.309813241754179 0.329134035812345 0.350238961431729 0.363426705937184 0.35739965220952 0.356905982147782 0.359934855765051 0.351508789923066 0.341523050198346 0.329450246510527 0.351302943100196 0.399264094995874 0.415392886231368 0.426201235975045 0.43260964151102 0.450948525399946 0.480336086586613 0.47934015383981 0.475618497737762 0.489211744445349 0.502453050381442 0.515302658794156 0.524689971047545 0.533237959367621 0.542387659372846 -9999 -9999 -9999 -9999 -9999 -9999 -9999 -9999 -9999 -9999 -9999 -9999 -9999 -9999 -9999 -9999 -9999 -9999 -9999 -9999
0.357956225624659 0.364323823816463 0.354241333736741 0.338500113897119 0.32080920371679 0.301823155882714 0.280766788444143 0.275010383222336 0.275892063039959 0.284737685803024 0.292345346255099 0.297538240194429 0.306316126687881 0.316966115071924 0.338866011611026 0.354334243825072 0.353585835334485 0.361166880740514 0.374050443908646 0.340260479300694 0.317159784521253 0.337494208561111 0.371430131823949 0.415833524443269 0.42847332358567 0.438949347867245 0.457524962771015 0.471640751319739 0.481626346531438 0.494700313390753 0.509086450174058 0.527345220777933 0.539338079621231 0.544357202207958 0.550064037959106 0.554809275858346 0.550242431267316 -9999 -9999 -9999 -9999 -9999 -9999 -9999 -9999 -9999 -9999 -9999 -9999 -9999 -9999 -9999 -9999 -9999 -9999 -9999 -9999
0.360338848639356 0.355507504894369 0.34152998913907 0.325070211105066 0.316801250658937 0.303579983910512 0.282442294691127 0.277563968306318 0.2795867675047 0.282891069848661 0.287187923846055 0.293420846876892 0.302871772471237 0.314003155860717 0.33845377909434 0.356798385535111 0.359583945949429 0.372769979391165 0.392576938243697 0.350392560741625 0.323572997436783 0.3580010552843 0.393017730941525 0.428487396286489 0.436353444498463 0.445387145537424 0.473563977479795 0.48706892527241 0.486986411730721 0.498517535277759 0.514583308338076 0.543036961553473 0.558739305120264 0.560249895944107 0.569132196760829 0.579316817705885 0.584271230817313 -9999 -9999 -9999 -9999 -9999 -9999 -9999 -9999 -9999 -9999 -9999 -9999 -9999 -9999 -9999 -9999 -9999 -9999 -9999 -9999
0.353117263712204 0.342032492602944 0.327686795753401 0.312888866888655 0.307056693272379 0.297040185576677 0.280334883951362 0.281843675709818 0.290746794789782 0.285313245880079 0.282511630896626 0.284843860338363 0.299481904086582 0.320546108525688 0.349360617544002 0.371196966859331 0.375714778766324 0.391955326648323 0.415658550535188 0.382604052529556 0.361768906285589 0.391378252746571 0.416113487639409 0.437097693866713 0.438863227940064 0.44530831728634 0.480436480455311 0.497060942435914 0.49654934187184 0.490414430515129 0.491194575140454 0.53555324853959 0.560085105065099 0.562550421721034 0.581688279808499 0.601640367907449 0.592399913866557 -9999 -9999 -9999 -9999 -9999 -9999 -9999 -9999 -9999 -9999 -9999 -9999 -9999 -9999 -9999 -9999 -9999 -9999 -9999 -9999
0.334158120378807 0.328381734827764 0.327369053694861 0.327882094016673 0.327381761064046 0.3172889978972 0.291862423478867 0.287492531103722 0.291943848270671 0.292612861882732 0.293527840583835 0.294922598237053 0.309692729474794 0.331447550860958 0.357393171434623 0.378191834351263 0.386311191442078 0.389143207654523 0.388609310654669 0.367672521074766 0.356520179083976 0.379932107327152 0.410570245538146 0.446769545071257 0.452801567980179 0.456627508114307 0.467546134665492 0.478756393604521 0.490236729907384 0.500312989706839 0.513616476444364 0.545966743470515 0.566027979679265 0.572411962992651 0.589477782961354 0.607187241643254 -9999 -9999 -9999 -9999 -9999 -9999 -9999 -9999 -9999 -9999 -9999 -9999 -9999 -9999 -9999 -9999 -9999 -9999 -9999 -9999 -9999
0.314422114861641 0.314924730164366 0.327876624967865 0.344443505805178 0.353161818018827 0.345424946598856 0.311383929690029 0.299800633165885 0.297951257330128 0.307339243935782 0.313889024686394 0.314902607449236 0.326032796689011 0.342445930823625 0.365146625801545 0.385032103869965 0.397734902597973 0.387028945441061 0.361421009665962 0.349794375601683 0.346056729179762 0.363105579007333 0.401490621197343 0.456295613576409 0.467485568925358 0.469119609807547 0.455725905520293 0.462609859094474 0.488272715864063 0.51817682368525 0.546512524756747 0.561826181435634 0.574621684658621 0.584614572918929 0.591862778061711 -9999 -9999 -9999 -9999 -9999 -9999 -9999 -9999 -9999 -9999 -9999 -9999 -9999 -9999 -9999 -9999 -9999 -9999 -9999 -9999 -9999 -9999
0.308150597900551 0.303068358136446 0.312392743963308 0.32826282031867 0.36804948180667 0.38447863024363 0.363570035436142 0.355281957088515 0.352646115040507 0.364860845202846 0.372829618053666 0.37251623607684 0.362390176874908 0.347139886225478 0.375591948326104 0.402650209466672 0.423637800061779 0.424819611289146 0.413393093303907 0.387177821351857 0.369495181507751 0.381255651271572 0.414086349229178 0.46313231613154 0.468986322043686 0.471387578876954 0.482775489868679 0.506380248155944 0.54129888668933 0.561531934803375 0.577551723977915 0.586182772481534 0.593926175507123 0.600681660781928 0.600013199995204 -9999 -9999 -9999 -9999 -9999 -9999 -9999 -9999 -9999 -9999 -9999 -9999 -9999 -9999 -9999 -9999 -9999 -9999 -9999 -9999 -9999 -9999
0.306989361889348 0.304231335037324 0.308021885117201 0.317561112529317 0.3767117332959 0.407607224839929 0.393335974618893 0.390543798414374 0.392761117069981 0.402320032715806 0.407529154659352 0.404253578743866 0.387344013641481 0.363314707968438 0.402254678481764 0.437298053705082 0.4590378732053 0.464453166969722 0.459476292322342 0.434240892858035 0.414073082896728 0.414062236930202 0.438058188579686 0.480529340225378 0.482651127403923 0.484547697197491 0.506754178211497 0.53604020988367 0.571882531112811 0.588686864750452 0.600684949600794 0.60667253065676 0.611886184778662 0.616238485832368 0.619866607925304 -9999 -9999 -9999 -9999 -9999 -9999 -9999 -9999 -9999 -9999 -9999 -9999 -9999 -9999 -9999 -9999 -9999 -9999 -9999 -9999 -9999 -9999
0.312174855274546 0.321563733028495 0.317452878871286 0.313664038213888 0.377642314525158 0.410957605323257 0.395257117870594 0.400693990139086 0.414768621771477 0.414862642767642 0.412122435061643 0.403853787193378 0.39813518401998 0.393748227543828 0.449058668727638 0.493096035071031 0.506232993364893 0.506375505437175 0.498245772683586 0.493325605822728 0.484905189112173 0.465071525203647 0.476158624935132 0.511041788657413 0.511423115461192 0.511235354320702 0.526918957663013 0.548175682286229 0.574593609734032 0.595721929063208 0.613999326605465 0.622359863663596 0.628176410953908 0.63116158838807 0.62761793955841 -9999 -9999 -9999 -9999 -9999 -9999 -9999 -9999 -9999 -9999 -9999 -9999 -9999 -9999 -9999 -9999 -9999 -9999 -9999 -9999 -9999 -9999
0.31717341310437 0.330690191197679 0.331153095911079 0.330070980841378 0.368586051167608 0.391291306542046 0.388724059226564 0.399649980883397 0.41580595622608 0.409728389567375 0.402545885495843 0.393208092980157 0.388790122983592 0.386941310077415 0.447018679207224 0.490994189996642 0.492279294617943 0.495600492192686 0.500217863464399 0.523989306611932 0.542400993513547 0.540022418052724 0.533168743196678 0.522871112272351 0.532999287115426 0.544828015788718 0.55267582590028 0.564399056368414 0.579711268572748 0.599722333539508 0.61842722632331 0.625052880529728 0.630376264514444 0.634250268200179 0.635050293698247 -9999 -9999 -9999 -9999 -9999 -9999 -9999 -9999 -9999 -9999 -9999 -9999 -9999 -9999 -9999 -9999 -9999 -9999 -9999 -9999 -9999 -9999
0.322606065183967 0.337992954446942 0.346927975645297 0.35362516363649 0.359300219191949 0.367567295422298 0.379977800888106 0.394509653045062 0.409386414932938 0.398391709510831 0.387993353010022 0.378758233380222 0.37235966287418 0.367442353178914 0.427615819141635 0.468840425874468 0.460308723192497 0.471075461079198 0.494127557065767 0.547266218546629 0.594574683144531 0.617115150446113 0.594162200685865 0.536198334760454 0.558005372910538 0.58366639262047 0.582711255193906 0.583958296059718 0.587244748639356 0.604536479781386 0.62204648879187 0.625926044075264 0.630251414753885 0.635072962063177 0.641454218726859 -9999 -9999 -9999 -9999 -9999 -9999 -9999 -9999 -9999 -9999 -9999 -9999 -9999 -9999 -9999 -9999 -9999 -9999 -9999 -9999 -9999 -9999
0.333537791598865 0.353236373553345 0.371160115809785 0.38699242431673 0.381927888624677 0.377940297629277 0.375674237709732 0.382216673988735 0.391991664240848 0.37873558662286 0.366726110931567 0.357148254168076 0.346228286065294 0.334607460390915 0.38271395489266 0.42238704857743 0.438010053809632 0.474751267742844 0.524936301418718 0.586076168810728 0.633285698063354 0.635495867918182 0.634406789172791 0.630778667998617 0.646205883755392 0.657317754642749 0.641278730159525 0.626702499175235 0.613480944243727 0.628926573469383 0.647305508240297 0.651315049353674 0.65278183029352 0.651418609871792 0.649426414092547 -9999 -9999 -9999 -9999 -9999 -9999 -9999 -9999 -9999 -9999 -9999 -9999 -9999 -9999 -9999 -9999 -9999 -9999 -9999 -9999 -9999 -9999
0.344009647897053 0.365319579785548 0.38606248020173 0.404437048621653 0.39238620545746 0.381161517387133 0.371257465067171 0.370116779285886 0.37238737033293 0.36089913107961 0.35036012077036 0.341672674314646 0.32921863844617 0.314797669856286 0.347498009252926 0.382050785409916 0.418154300196383 0.477904628296591 0.55270848201439 0.619042087463309 0.669108500869261 0.671574959625269 0.682028275002815 0.698628131696873 0.712236110890675 0.71699232544126 0.688168923719749 0.658061145093995 0.626763919949517 0.642483138132067 0.664190868647043 0.668739986437231 0.668468953985386 0.662833266270364 0.662430414082481 -9999 -9999 -9999 -9999 -9999 -9999 -9999 -9999 -9999 -9999 -9999 -9999 -9999 -9999 -9999 -9999 -9999 -9999 -9999 -9999 -9999 -9999
0.353792047943726 0.372664864498037 0.386977259843384 0.39800979956352 0.384599726809855 0.373660489841129 0.366670964125295 0.358306364611718 0.349470438078246 0.345790795892323 0.341342289691049 0.335394039062465 0.325884663557202 0.314515649987531 0.326803592397403 0.350885552114925 0.401961066690627 0.480274716088179 0.575928120947742 0.643246392820737 0.700601176918517 0.73418818415506 0.740709509673154 0.726401572963929 0.74502773402453 0.755712314206303 0.717552055235493 0.672350093937329 0.620626893981333 0.639797629128597 0.668522093952251 0.674224863915018 0.673896332210128 0.666855176912502 0.664404859246386 -9999 -9999 -9999 -9999 -9999 -9999 -9999 -9999 -9999 -9999 -9999 -9999 -9999 -9999 -9999 -9999 -9999 -9999 -9999 -9999 -9999 -9999
0.368111431973391 0.390357279894886 0.397505694989238 0.398622350845736 0.386239051976059 0.373257445346608 0.359319424330625 0.344837099641656 0.330202184395702 0.319201061154494 0.304871269034596 0.284048582850863 0.2842576861843 0.295449700171857 0.328164687471168 0.369782520855443 0.431549674896148 0.509254136813223 0.597104264838 0.659722225775028 0.711704006844565 0.73714600484684 0.740766442611213 0.727593399792583 0.746666643697596 0.761845636234562 0.744613896864897 0.707334914617625 0.65149041381264 0.657127707328797 0.672398908460939 0.675043187386929 0.673622395815641 0.667677325800031 0.666436566009078 -9999 -9999 -9999 -9999 -9999 -9999 -9999 -9999 -9999 -9999 -9999 -9999 -9999 -9999 -9999 -9999 -9999 -9999 -9999 -9999 -9999 -9999
0.384386476079411 0.41175975421712 0.411551451664299 0.401969723584336 0.390717992720625 0.374580864710193 0.35063427068714 0.330940768109005 0.312920388701297 0.289044753239927 0.258804958121634 0.216151247422164 0.228330697537025 0.269144311454975 0.337133492589062 0.406424634561761 0.477173869797676 0.547341771698794 0.61713959767756 0.672339955269956 0.713751302473904 0.716540370485355 0.718633770589926 0.720191797175872 0.737798989010386 0.756332636776007 0.770111288620173 0.749307023702171 0.696475921635152 0.683111478444744 0.677852666543398 0.674943726485768 0.675564692836532 0.680114319092371 -9999 -9999 -9999 -9999 -9999 -9999 -9999 -9999 -9999 -9999 -9999 -9999 -9999 -9999 -9999 -9999 -9999 -9999 -9999 -9999 -9999 -9999 -9999
0.405324872537273 0.423814060684554 0.418783533196212 0.404568865217514 0.372291620503759 0.347682331171698 0.335330517566013 0.32301189434612 0.310410986822483 0.283919858977352 0.244156839163862 0.178505696584869 0.191821312063755 0.246373782242381 0.31817009836021 0.392372898940723 0.471314304965348 0.549857934584026 0.628148340343845 0.662979735390334 0.687739977157605 0.691923909875818 0.71831166008118 0.761787069178657 0.774754561922216 0.781270723601314 0.778199963162785 0.761034225370494 0.73081529292049 0.730361155335778 0.730071925763868 0.699187532539908 0.682397545991115 0.681294131261587 -9999 -9999 -9999 -9999 -9999 -9999 -9999 -9999 -9999 -9999 -9999 -9999 -9999 -9999 -9999 -9999 -9999 -9999 -9999 -9999 -9999 -9999 -9999
0.419377923896042 0.432388724171458 0.424607250461526 0.407881204117663 0.36365641946913 0.334512547647626 0.329476004795484 0.321161198973951 0.311036060920275 0.281015737020954 0.235884327878017 0.161277269683731 0.16897251407898 0.219646452000576 0.302341560732728 0.386141426065857 0.470623337546397 0.552179335395459 0.631872701048717 0.663316929370695 0.684855797859325 0.687438316340374 0.724205062329698 0.78727937545201 0.795495322905448 0.793846015588529 0.7818490824651 0.768711074423741 0.754516330167136 0.759355453828733 0.759849440975871 0.716560326265989 0.695575472506797 0.699414465493495 -9999 -9999 -9999 -9999 -9999 -9999 -9999 -9999 -9999 -9999 -9999 -9999 -9999 -9999 -9999 -9999 -9999 -9999 -9999 -9999 -9999 -9999 -9999
0.420877352022547 0.434619170145416 0.427863184395402 0.412493871418349 0.372872854373648 0.346373543648851 0.340849706658397 0.330392469771578 0.317376030912836 0.282160611652986 0.239236067147255 0.181274120193116 0.171030219108053 0.18570493153143 0.292228612969573 0.394168153859202 0.479355953641848 0.55414563858154 0.622315899327102 0.681334817371984 0.72413791137126 0.719656085809963 0.741430823991873 0.783412141748787 0.786672621665063 0.783880989514471 0.777403835689402 0.769003166437841 0.758821151912788 0.755065851649512 0.748710314407018 0.721405628813446 0.705107860954801 0.701060399869401 -9999 -9999 -9999 -9999 -9999 -9999 -9999 -9999 -9999 -9999 -9999 -9999 -9999 -9999 -9999 -9999 -9999 -9999 -9999 -9999 -9999 -9999 -9999
0.423397484562812 0.434889838026373 0.427087861995504 0.412021053421566 0.385899177807681 0.367032013690328 0.359761741527104 0.347768822747496 0.333509435829476 0.306596793811343 0.278710628914007 0.248925512467648 0.226264322817754 0.207323285057368 0.307089717796644 0.404370620956853 0.488299846809701 0.564564204843884 0.635949119608784 0.701838244268338 0.74855867119124 0.738145166050716 0.743493514293263 0.760971901628111 0.761813375116177 0.760552453060094 0.759685537890525 0.756019515900926 0.74976127362799 0.745519798710418 0.739416341942777 0.721046935533668 0.711371195263158 -9999 -9999 -9999 -9999 -9999 -9999 -9999 -9999 -9999 -9999 -9999 -9999 -9999 -9999 -9999 -9999 -9999 -9999 -9999 -9999 -9999 -9999 -9999 -9999
0.426415297306024 0.434204947426437 0.424346959312737 0.40906862886993 0.400783145894772 0.391980000468236 0.382349354799931 0.369116595947394 0.354417973110451 0.342389469093799 0.335798138552082 0.339812546419933 0.307426443033113 0.256031801996754 0.33412779706799 0.415633945991366 0.497346755517462 0.579103968140793 0.660889447708717 0.723553582747569 0.765733257269075 0.749940342797473 0.738162917830723 0.729475741420713 0.729134948973167 0.730708068855373 0.735495498970624 0.736562811894277 0.734184967537242 0.733410779014554 0.731022039017408 0.718150851737577 -9999 -9999 -9999 -9999 -9999 -9999 -9999 -9999 -9999 -9999 -9999 -9999 -9999 -9999 -9999 -9999 -9999 -9999 -9999 -9999 -9999 -9999 -9999 -9999 -9999
