layers/veg/veg_3100.asc
NCOLS 255 
NROWS 330 
XLLCORNER -2985163.8955 
YLLCORNER -3022031.214 
CELLSIZE 25000 
NODATA_value -9999 
[rows 225 to 249 of 330, columns 57 to 113 of 255]
-9999 -9999 -9999 -9999 -9999 -9999 -9999 -9999 -9999 -9999 -9999 -9999 -9999 -9999 -9999 -9999 -9999 -9999 0.149170415525818 0.160436835295621 0.155282373510876 0.14011569527448 0.118941324905415 0.0961412249266916 0.069769629203495 0.0484942291084127 0.0309808676765419 0.0227965682810309 0.0175627306102796 0.0191814988246585 0.0249657343407279 0.0344529634438585 0.0456784071097241 0.0568599694192245 0.0662413713527769 0.076348161540354 0.0872299437754662 0.0968967321613454 0.10684130579154 0.121048860710472 0.132718316013526 0.141125181526858 0.137921749171357 0.131762196463616 0.135667350733464 0.140580899845527 0.147060899562203 0.151893475382206 0.156126372666287 0.162969290376401 0.166878478994892 0.165235419370689 0.17591877713786 0.192846809583814 0.200931918746897 0.213039386046763 0.234924963098916
-9999 -9999 -9999 -9999 -9999 -9999 -9999 -9999 -9999 -9999 -9999 -9999 -9999 -9999 -9999 -9999 -9999 -9999 0.142838752200792 0.133222170227839 0.120900349127902 0.106929077016283 0.092368497210765 0.0768086436718829 0.0584740839166425 0.0424659457139812 0.028175184250048 0.0218277382196972 0.0171893715356514 0.0153890821809894 0.0194512245657577 0.0287249183956387 0.0428308229366809 0.0564447427036003 0.0631878384487363 0.0738096585331067 0.0885754394561166 0.100627394128619 0.1119898991847 0.123224754460361 0.132850487503057 0.140407780940449 0.144867977143083 0.147625925092459 0.141569090516887 0.140114804089777 0.145810161857667 0.151033383437659 0.156083913089678 0.16185331326203 0.165753349281863 0.166115507908582 0.169345048366196 0.174027230426415 0.192194509008207 0.2048106419543 0.203876708715793
-9999 -9999 -9999 -9999 -9999 -9999 -9999 -9999 -9999 -9999 -9999 -9999 -9999 -9999 -9999 -9999 -9999 -9999 0.149412674215369 0.143955792152975 0.135138231851941 0.124271583148567 0.104531502340188 0.0843902309090447 0.0647475770811664 0.0467699045386029 0.0300213300185572 0.0277698151871768 0.0264425591403632 0.0221051748254289 0.023311912287959 0.0294472318040577 0.0393287306183086 0.0489768520346561 0.0540451019277434 0.0626653612642862 0.0750805249933032 0.0883169304199848 0.102045608334615 0.117902318690902 0.130470554882989 0.138811635385536 0.146357124110642 0.152827061895192 0.148999421148514 0.146362941847789 0.145576824616652 0.149300989954676 0.154868423695197 0.160365641040156 0.164734138224467 0.166966468662386 0.167646933247285 0.167541208537313 0.181973596602081 0.191573931080524 0.189258037055807
-9999 -9999 -9999 -9999 -9999 -9999 -9999 -9999 -9999 -9999 -9999 -9999 -9999 -9999 -9999 -9999 -9999 -9999 0.156883100615302 0.17606507244021 0.179237222759168 0.172647790075567 0.14048506905953 0.108501814701535 0.0818115260299112 0.0574196632842113 0.0347245107570419 0.0379563951722606 0.0416081264456283 0.0352753261336495 0.0329306074470241 0.0341311910311348 0.0354246560729559 0.0371773948568284 0.0411625316889471 0.046235604422672 0.0524710087316529 0.0661544160249079 0.0828316525262678 0.107974599976792 0.126547751923432 0.136675787060065 0.144494670963641 0.151479506465093 0.157368573332917 0.156734790761406 0.145968348818501 0.147032851091713 0.15293248927361 0.158649683153486 0.163779979706714 0.167799539873334 0.16894329581061 0.168630143281954 0.170841554655028 0.17526145460511 0.184729996503372
-9999 -9999 -9999 -9999 -9999 -9999 -9999 -9999 -9999 -9999 -9999 -9999 -9999 -9999 -9999 -9999 -9999 0.236226578557065 0.229927529573387 0.209152095986463 0.197914078612013 0.19249125911178 0.157228365840514 0.124528123757233 0.104797372526549 0.0810822247513938 0.0544257742979871 0.0519220265769458 0.0503585143964414 0.0415426781813952 0.0394901430879112 0.0434500092129763 0.0507282265986222 0.0581935164619167 0.0635884455578953 0.0668864696827674 0.0679441974311433 0.0720797314382328 0.0779648969074779 0.0911234985691327 0.107408776590045 0.127713227972656 0.139316458893301 0.147950026594492 0.154633864168489 0.157749727653903 0.155323064606732 0.158835237281026 0.164529034262567 0.161510267557747 0.160854824872916 0.164672106569611 0.166085981756815 0.166282269441009 0.168139180586186 0.16969904313033 0.170493099952238
-9999 -9999 -9999 -9999 -9999 -9999 -9999 -9999 -9999 -9999 -9999 -9999 -9999 -9999 -9999 -9999 -9999 0.238359816904893 0.233477464254081 0.220800368210583 0.212292039326713 0.206325510589204 0.170926364202811 0.139294473346671 0.12403348915905 0.100736486370168 0.0715072519947575 0.0655000229115047 0.0606239606615526 0.0496226340337846 0.0473163244341375 0.052739661945501 0.0629552383503715 0.0732079341469455 0.0792951261865831 0.0830280387102951 0.0842456804222812 0.0811399244961047 0.0778133580449961 0.0807479299765943 0.0929688284160488 0.117126797354631 0.131825736967811 0.143149196240376 0.150500699755338 0.156524992779577 0.160487583791267 0.166263025711668 0.172391910425962 0.164886937382189 0.160409628924134 0.161662346944497 0.162656196102996 0.163518899951753 0.165567931733497 0.165439471058052 0.160173822128882
-9999 -9999 -9999 -9999 -9999 -9999 -9999 -9999 -9999 -9999 -9999 -9999 -9999 -9999 -9999 -9999 -9999 0.240868359758537 0.238763289149335 0.229394302737961 0.219081326762872 0.208192777070342 0.179481773792745 0.151959763817155 0.131197871263493 0.106189748439872 0.0780470358920356 0.0772155110392837 0.0765475386233616 0.0643220648865437 0.0594257623584197 0.0610449050417498 0.0624931116084995 0.0643718208375372 0.0685774184248608 0.0788385948783312 0.0955694452456636 0.0938808348549898 0.0886124214552772 0.0905783844932398 0.0951694780122276 0.103135034791246 0.118242416650282 0.1350685048123 0.144448850275498 0.150592191836885 0.15170713925458 0.158217567995701 0.166752904345334 0.168878765137747 0.167570753392986 0.159763943645854 0.15836494379122 0.160212198457396 0.161742749121761 0.16288872529221 0.163150227126022
-9999 -9999 -9999 -9999 -9999 -9999 -9999 -9999 -9999 -9999 -9999 -9999 -9999 -9999 -9999 -9999 -9999 0.244806207866717 0.242571975506094 0.235937677930724 0.224767782491251 0.210832421178207 0.179607231257466 0.151450950907869 0.135382346837895 0.1150212139827 0.0914913135935707 0.0919410217750633 0.0918113651037665 0.078836490065346 0.0705574865777367 0.0664529924498001 0.0650614807200296 0.0645190291628851 0.0657954002853403 0.0741063195991699 0.0899328264291602 0.0905165017038816 0.0885733451215993 0.0958257485463601 0.09897086120792 0.0968362737254817 0.105917034902847 0.118779627350428 0.133577794187736 0.143057258928466 0.144274598788995 0.150375548450767 0.158400720189876 0.163834835941713 0.165997413182081 0.161968418745613 0.162743876825008 0.16595331405817 0.162081382846498 0.160046686573991 0.162610142014482
-9999 -9999 -9999 -9999 -9999 -9999 -9999 -9999 -9999 -9999 -9999 -9999 -9999 -9999 -9999 -9999 -9999 0.245983912313757 0.245282564467524 0.240956677578727 0.229634398648568 0.214046246947447 0.173465904510559 0.141148575492366 0.13735157481454 0.126364019076997 0.110068357427002 0.108904168250202 0.106584735635448 0.0932133829522215 0.0809623833229757 0.0697073488216887 0.0698827052790661 0.0713443938232243 0.068912734086865 0.0689705061394419 0.0716879433142513 0.0751796111463104 0.0804772499553095 0.0976660660907131 0.103962221748614 0.0962564514637863 0.09452679839149 0.0963888254791807 0.119124164031401 0.134331309136604 0.137844083462593 0.142684763823818 0.148031573035087 0.152073770258633 0.157930915650815 0.16722295310875 0.173568182243886 0.178420531596329 0.165515376792733 0.156988102133114 0.159455915758828
-9999 -9999 -9999 -9999 -9999 -9999 -9999 -9999 -9999 -9999 -9999 -9999 -9999 -9999 -9999 -9999 0.27528544770687 0.261461044872983 0.250040956231997 0.244624694118457 0.231171435935338 0.212817823042127 0.17477687087788 0.14353174275463 0.135580923358169 0.130996200993821 0.128896349325778 0.117550514984212 0.105530942850534 0.0951167813900152 0.0870533511098566 0.0810796605528367 0.0798016820203294 0.0792419666696823 0.0780403853013834 0.0775984490358883 0.0779681042324216 0.0766990605234313 0.0766308947860802 0.0883987053036009 0.0975028699258504 0.103183061806062 0.101893128226036 0.0996717249770043 0.114105065194205 0.124714457554858 0.129383691178945 0.134825698534916 0.140533719622094 0.144480718243919 0.149676936234754 0.157237372539446 0.163984290041387 0.17031907155061 0.167135680091792 0.165133145794813 0.166301415205251
-9999 -9999 -9999 -9999 -9999 -9999 -9999 -9999 -9999 -9999 -9999 -9999 -9999 -9999 -9999 0.278734348579685 0.276542289857159 0.265391012651138 0.255525140257657 0.248923317982174 0.233015753714843 0.211434249059105 0.175719608054946 0.145185669752242 0.132246408223481 0.131901714407154 0.14085439732794 0.122517819751287 0.103869245138774 0.0962145186010969 0.0911316363544606 0.0883350577148123 0.0867581631886847 0.0856477096951911 0.0857823438964098 0.0854789895056236 0.084707695809463 0.0795271811714488 0.0745673403098938 0.0792774162200333 0.0890049266234468 0.10518207771312 0.106740659344222 0.104192363584746 0.109473344431815 0.114888924436304 0.120513592114287 0.126802808581349 0.133299627051466 0.13753906898632 0.141935517497677 0.146629109835632 0.153026182498825 0.160286253721539 0.166707215112708 0.171236227800795 0.171382809234708
-9999 -9999 -9999 -9999 -9999 -9999 -9999 -9999 -9999 -9999 -9999 -9999 -9999 -9999 -9999 0.281050722086312 0.28233074556832 0.272073256517061 0.262807097218416 0.256218347004007 0.237544244515699 0.211501404699934 0.171859196685748 0.138277372451796 0.124730056987751 0.121833156301866 0.126798448337477 0.117426619481887 0.107168493740442 0.0999908852907191 0.089599137431736 0.0763501020805236 0.0802103228109929 0.0859380714963696 0.085546193820008 0.084234752249074 0.0819408647927263 0.0795645615747494 0.0772773525511651 0.0757968189268479 0.0780689062335236 0.0851647847962859 0.0934975054568466 0.101614360454882 0.101978692162125 0.104684932310231 0.111029116386207 0.118239429456193 0.125744136175032 0.131143179838262 0.13621231355166 0.140657074024722 0.14623933460637 0.152397863044254 0.159386209593521 0.164507334090719 0.165231397666931
-9999 -9999 -9999 -9999 -9999 -9999 -9999 -9999 -9999 -9999 -9999 -9999 -9999 -9999 -9999 0.292284769990333 0.290419527648496 0.280870532609726 0.271218104815655 0.261593794708277 0.239208422395288 0.209042315745282 0.171612592050242 0.138633946860306 0.119861042989234 0.114715699138027 0.11963029242839 0.119396617977674 0.11594101379545 0.102757249079608 0.0911081359389178 0.0808232886847598 0.0837087580262238 0.087913908276501 0.0868135757971987 0.0850440242074103 0.0825594906947582 0.0788703391765442 0.0750538723416112 0.0724972783944373 0.0719562053669779 0.0740059754776253 0.0834771821374141 0.0944836318068394 0.0945968865572172 0.0970185357314179 0.103026067825186 0.109566897323415 0.116332311759854 0.123322469339779 0.12931506193985 0.133419706391547 0.13863661750142 0.144417012973036 0.151016043050704 0.156179857887745 0.157956089173968
-9999 -9999 -9999 -9999 -9999 -9999 -9999 -9999 -9999 -9999 -9999 -9999 -9999 -9999 -9999 0.296256484828396 0.300344565804786 0.291560984535469 0.280639731235754 0.265251015657372 0.238308739576985 0.204321972727386 0.174600723740332 0.145493343956772 0.117361673677985 0.110239787059263 0.118627434258052 0.127687130499582 0.129612686266356 0.104619554264174 0.0953395938762051 0.100028240010779 0.0961996643369283 0.0913984220673502 0.0894267767704931 0.0876914024458646 0.0862084558708235 0.0775212554832195 0.0684143985776864 0.0693598026663261 0.0701608817211764 0.0707764387505331 0.0763416304390435 0.0832777359737875 0.0873160905614796 0.0916235535090668 0.0963490520667307 0.100796661792303 0.105258873989925 0.114226394185866 0.121366914441132 0.125049733970393 0.130303611819057 0.136353402039869 0.1417067672736 0.146421482569157 0.149674774970674
-9999 -9999 -9999 -9999 -9999 -9999 -9999 -9999 -9999 -9999 -9999 -9999 -9999 -9999 -9999 0.313448251523982 0.313486502103728 0.302025980239324 0.289277780339358 0.273968066060807 0.248290217797414 0.216290662547028 0.182848840229061 0.151267346404803 0.125325603545935 0.116014468577103 0.118980136627737 0.125564661238844 0.129259879702875 0.120562086273051 0.113323142502743 0.107381078660284 0.102709141975599 0.0984221936159486 0.0949236357564856 0.0919801414163745 0.0896296671741046 0.0827485693669083 0.0752481599302671 0.0714513949320405 0.0693478469284693 0.0694208377983076 0.0719364128608354 0.075457871780788 0.0816945401991264 0.0871923841771111 0.0915425309011594 0.0942682945166482 0.0964986827272727 0.104670886789267 0.112324577700168 0.118996953144626 0.124193953817697 0.128643516270557 0.133599775600428 0.138250025764846 0.142163587537741
-9999 -9999 -9999 -9999 -9999 -9999 -9999 -9999 -9999 -9999 -9999 -9999 -9999 -9999 -9999 -9999 0.324895241523634 0.31385707273819 0.301555430027212 0.286731963538354 0.26208105036185 0.231438100577755 0.192157301357142 0.156966121423486 0.135193797459159 0.123481815313833 0.119196430899451 0.122623649043107 0.1279052004285 0.136669595849296 0.131274943961281 0.113293262194972 0.108638550199091 0.105977254127641 0.101266778996133 0.0971801699010567 0.0937600883025023 0.0885081424784143 0.0824838763849541 0.0741124136937675 0.0692960694242028 0.0690496376163358 0.0688718447404602 0.0692923951613299 0.0769641598629428 0.0831063869891014 0.0868726151914818 0.0881399522680464 0.0885760421567435 0.0957234007834577 0.103726612451276 0.113349574407915 0.118559658425694 0.121534138516526 0.126706719810653 0.131658606360801 0.135999708465211
-9999 -9999 -9999 -9999 -9999 -9999 -9999 -9999 -9999 -9999 -9999 -9999 -9999 -9999 -9999 -9999 -9999 0.332875772831386 0.333152992903317 0.315450480220439 0.285188693788665 0.247269208418391 0.201979928053098 0.163292120960361 0.145037713748938 0.130042333250427 0.117452783570257 0.125205480344404 0.134502468429484 0.140498661797452 0.136249289352444 0.122891871698231 0.117179157712046 0.112947774273434 0.109245200049194 0.105505171114184 0.101725126225196 0.0908578799719506 0.0792171851191014 0.0748089832845607 0.0722171325378589 0.0719601028819678 0.0701104657549676 0.0684215324894213 0.0752393228781499 0.0798852411567128 0.0811573516392792 0.0819656345854726 0.0827756269361137 0.0903095955793374 0.0984179833753293 0.107613491908076 0.11328144263557 0.117162300633279 0.124893607632474 0.131658606360801 0.135999708465211
-9999 -9999 -9999 -9999 -9999 -9999 -9999 -9999 -9999 -9999 -9999 -9999 -9999 -9999 -9999 -9999 -9999 0.364515499910334 0.356000667159457 0.335053140381356 0.302683783823922 0.2633502559676 0.214699026511809 0.173237192967281 0.15426969486752 0.137612204712459 0.122659974683669 0.133231055078651 0.144994209582061 0.149834076196621 0.150117630041336 0.146350738702977 0.131509692613448 0.116956380743948 0.113913074425364 0.110052411283092 0.105318498491626 0.0935565954800966 0.0813624213907265 0.0788060021689092 0.0762605529942666 0.0737292052219805 0.070947076741984 0.0686638566178802 0.073680857563888 0.0766036706977752 0.0762733515989942 0.0780703953287252 0.0808030705787945 0.0858280143801336 0.0924536720049013 0.102108771079651 0.10877486912866 0.113926712189568 0.115773789581081 -9999 -9999
-9999 -9999 -9999 -9999 -9999 -9999 -9999 -9999 -9999 -9999 -9999 -9999 -9999 -9999 -9999 -9999 -9999 0.373030945096516 0.369435779037417 0.344849553644425 0.314141253131255 0.279700172436164 0.230533961334581 0.187075428288043 0.162843395838724 0.146267873198028 0.13534442673871 0.147112655741793 0.159675372230344 0.165092862940543 0.173553553720953 0.184719571305768 0.152068655678444 0.117778752687575 0.115019677515059 0.110535781267703 0.104209116531878 0.0966307188904221 0.0893294581154993 0.086353430229979 0.0815113326478136 0.074270503392118 0.0713512314287249 0.070103674869078 0.0723013640965662 0.0732570993466807 0.0722835709023449 0.0766268407481586 0.0829482763885929 0.082349259271389 0.0857840201707116 0.0968529341237751 0.105098378316498 0.111913427159227 0.114948284034869 0.117024150266765 -9999
-9999 -9999 -9999 -9999 -9999 -9999 -9999 -9999 -9999 -9999 -9999 -9999 -9999 -9999 -9999 -9999 -9999 0.388299475582883 0.379645839981712 0.351690247871797 0.322627659414699 0.292890107984245 0.248606182667029 0.209327693373619 0.187215071947693 0.173366665361062 0.16561894603514 0.173421340377799 0.182172557287348 0.187536140034864 0.195864873233633 0.206829549127522 0.17262763403477 0.136427512044825 0.131172052487943 0.124274469951095 0.115622472115284 0.109686421230829 0.10456827240156 0.100520150788436 0.0952559319975265 0.0884284860540152 0.0830971688175496 0.078678201340073 0.0796506247846105 0.0786160036989372 0.0744636196237938 0.0785084212822495 0.0856332199213809 0.0831473672651387 0.0843564178842 0.092558281941896 0.100770065520098 0.10898687441722 0.113740602003064 0.117024150266765 -9999
-9999 -9999 -9999 -9999 -9999 -9999 -9999 -9999 -9999 -9999 -9999 -9999 -9999 -9999 -9999 -9999 -9999 0.402563247614072 0.389788433879562 0.360114213517704 0.332223691302312 0.305420733835957 0.266621262584919 0.232562642472778 0.214429984461362 0.203645577743417 0.198285689134731 0.201101345863582 0.205059690609209 0.209639300291721 0.215484967427985 0.22245612716629 0.192959552868651 0.161144503095865 0.150757456147613 0.140201616258403 0.129465440960951 0.124481871289021 0.120726369950168 0.11552221580289 0.110271701403996 0.104961593408921 0.0971396766814706 0.0891305994379546 0.0889924972147548 0.0859836035270699 0.0785151937480715 0.081004266506576 0.0873135250992288 0.0847147562522962 0.0845442588725145 0.0889694025915518 0.0966243967561753 0.105915662406131 0.105047217249858 -9999 -9999
-9999 -9999 -9999 -9999 -9999 -9999 -9999 -9999 -9999 -9999 -9999 -9999 -9999 -9999 -9999 -9999 -9999 0.409948797692547 0.40547136836714 0.385934588257515 0.355698173361793 0.318937927265161 0.280014538370593 0.247383477879855 0.233321215569495 0.223164956551924 0.215892129898104 0.215754701389605 0.216215226094155 0.215727882293155 0.217060947671171 0.220012310115879 0.211591191492727 0.197884626315525 0.167845668608922 0.147668366729213 0.138027084421046 0.133593739472431 0.130136817832186 0.124371206961148 0.118884007727347 0.113754691596046 0.107118384776996 0.100270327855445 0.0968927586165734 0.0920736662308464 0.0850152974124942 0.0818666502307383 0.0804591969639097 0.0840253975639412 0.0870022292796329 0.0888636470459876 0.0950682681560584 0.103473195412203 0.104023694357732 -9999 -9999
-9999 -9999 -9999 -9999 -9999 -9999 -9999 -9999 -9999 -9999 -9999 -9999 -9999 -9999 -9999 -9999 -9999 0.450304879304159 0.426107803620224 0.411821862838945 0.384352291446858 0.348844335339823 0.306090151897552 0.269578866379586 0.252442761335266 0.242314037567515 0.237358199853213 0.235111299520236 0.232728125724387 0.228629587971986 0.227089466850383 0.227823712490231 0.230986374043669 0.227165201856524 0.185909054434583 0.159603342419507 0.149270412543132 0.143448668050514 0.138670716538975 0.133351531440177 0.127842296503055 0.122088762777115 0.115870884737925 0.109574954553026 0.104187197059702 0.0981708546646781 0.0911780622144813 0.0856833087418258 0.0810448101316722 0.0849527788623615 0.0878443799056111 0.0888124476128658 0.0939243112062664 0.101135459321897 0.100739279793213 -9999 -9999
-9999 -9999 -9999 -9999 -9999 -9999 -9999 -9999 -9999 -9999 -9999 -9999 -9999 -9999 -9999 -9999 0.478391739889414 0.466338549884337 0.453156179972436 0.437795734327152 0.419711066033086 0.399965372005932 0.348582115485994 0.301320069506373 0.271862432424714 0.260983795423644 0.263820274899148 0.260555898033477 0.256175737787768 0.25035037934164 0.248059173759553 0.248909739422658 0.251369907847076 0.246789943552741 0.20523473019814 0.177322105835138 0.163984983512069 0.154265433460624 0.146069987040758 0.142501857208596 0.137248434024702 0.129828657381845 0.123036148780965 0.116504177531906 0.110697442401525 0.104277266830082 0.0969041667596566 0.0933240578952959 0.0912608781382686 0.0879729107342745 0.0865949710963662 0.0888318670402505 0.0933138800334396 0.0989332896556367 0.0998104388659678 -9999 -9999
-9999 -9999 -9999 -9999 -9999 -9999 -9999 -9999 -9999 -9999 -9999 -9999 -9999 -9999 -9999 0.511729307336748 0.50958805820101 0.502807421384082 0.493897881100748 0.480256228418196 0.457751093925994 0.429841675985384 0.383281371130986 0.337339458237394 0.296665110739324 0.281440997783944 0.285004383057482 0.285405899257635 0.283587360881094 0.274893924577387 0.273820056196098 0.279519788256094 0.281466505494614 0.275603487043341 0.233753851521625 0.202910482678149 0.183826015500589 0.170910845363405 0.160226170543633 0.154717009073989 0.147935107570092 0.139517167584983 0.132001777990878 0.124583353143436 0.114710679318929 0.105780261996118 0.0983135553201561 0.0985902975976645 0.101820717626467 0.0975234844104178 0.094747636763236 0.094851097357335 0.0963067903644569 0.0984475365578633 -9999 -9999 -9999
