layers/veg/veg_5100.asc
NCOLS 255 
NROWS 330 
XLLCORNER -2985163.8955 
YLLCORNER -3022031.214 
CELLSIZE 25000 
NODATA_value -9999 
[rows 150 to 174 of 330, columns 56 to 111 of 255]
-9999 -9999 -9999 -9999 -9999 -9999 -9999 -9999 -9999 -9999 -9999 -9999 -9999 -9999 -9999 -9999 -9999 -9999 -9999 -9999 -9999 0.472510972732403 0.472575961661957 0.39915974218442 0.315851441819401 0.21770626639774 0.121690504774174 0.0272466877192629 0.0493795371418693 0.0803750589439718 0.0925018809987067 0.0939382595013721 0.0858711078958817 0.0747088383459413 0.0593954297891211 0.0259532752559239 0.00618456570123023 0.00102432417997168 0.00248276627606352 0.00976430722370236 0.0478664457942828 0.0760183764968042 0.0913798531159473 0.080615660553628 0.0668270915393536 0.121341903276661 0.171897998167574 0.216304582829046 0.238017363478089 0.250827110315842 0.277036207627502 0.293123532741495 0.290054831466454 0.290405790686499 0.292489180881876 0.295823770658292
-9999 -9999 -9999 -9999 -9999 -9999 -9999 -9999 -9999 -9999 -9999 -9999 -9999 -9999 -9999 -9999 -9999 -9999 -9999 -9999 -9999 -9999 0.473086444134586 0.419865130391111 0.357167746837223 0.277051649888289 0.166219735432964 0.0327132414552764 0.051046727947316 0.0817316746256632 0.0908548572228118 0.086793576986393 0.0710116474721043 0.0629389443048981 0.0518555613207634 0.0185828752616751 0.000995102362863984 0.000164814711504442 0.00344409892450791 0.00980462946270246 0.0313655684135092 0.0513812135138902 0.0694104669427321 0.080178838904351 0.0908516051262841 0.129882969498948 0.169103516423908 0.208617941412323 0.228889840426828 0.24194831880619 0.278155026973305 0.299620439724393 0.293187117107473 0.294769038835163 0.300411555934064 0.299228441859451
-9999 -9999 -9999 -9999 -9999 -9999 -9999 -9999 -9999 -9999 -9999 -9999 -9999 -9999 -9999 -9999 -9999 -9999 -9999 -9999 -9999 -9999 -9999 0.423667218450202 0.370705071304058 0.316742327154719 0.195042979677333 0.0233401120782054 0.0396381962084396 0.0727818017130426 0.0850215801581579 0.0760701189370532 0.0482801892074941 0.0506370317468949 0.0520972158718283 0.0216522433365309 0.00422296740704377 0.00069943272256074 0.000936906922405058 0.00590193178129155 0.0388308158764767 0.057907288883965 0.0591772366097024 0.0960131468259872 0.14212408700977 0.160166435725733 0.183488937701562 0.215013682410195 0.228624097263393 0.235982755726188 0.281177971325107 0.307409149555135 0.29774981442577 0.301632335384701 0.312375283273316 0.30026711047729
-9999 -9999 -9999 -9999 -9999 -9999 -9999 -9999 -9999 -9999 -9999 -9999 -9999 -9999 -9999 -9999 -9999 -9999 -9999 -9999 -9999 -9999 -9999 0.401133832552575 0.387830935499044 0.343278653731003 0.213539147457408 0.0209139798811734 0.0285769860771558 0.0575648853981164 0.0768883841440909 0.0740441855443397 0.0514934726051708 0.0535578798731078 0.0536486732970295 0.0214260651838905 0.00340752957381942 0.000564375108140173 0 0.00399598153317772 0.0374284113806291 0.0504424851259234 0.03720986637537 0.0735180537963354 0.124898954637573 0.164283109025845 0.197660615891067 0.22170733658973 0.233143569547 0.240412492036597 0.282515919832514 0.309424075963346 0.307574320997149 0.309687679857165 0.313808788071589 0.302116488684256
-9999 -9999 -9999 -9999 -9999 -9999 -9999 -9999 -9999 -9999 -9999 -9999 -9999 -9999 -9999 -9999 -9999 -9999 -9999 -9999 -9999 -9999 -9999 0.41197614224328 0.407097893534951 0.361966467715094 0.225873689203652 0.022632757313646 0.0177230045712099 0.0386087522858409 0.0673829468647052 0.0772076099083401 0.0701866254722089 0.0655613525797583 0.0559816215455405 0.0192336070776501 0.000179664529639668 2.97570970838813e-05 0 0.00328138597392751 0.0307351430708734 0.0346300560384813 0.0082413489963956 0.0281538132805393 0.0668048808265814 0.152787426488723 0.211704764766633 0.22857873997276 0.240518129442085 0.251044559430241 0.282848519507885 0.307994087988192 0.320538273760385 0.31845425693654 0.308959460204211 0.304449574872616
-9999 -9999 -9999 -9999 -9999 -9999 -9999 -9999 -9999 -9999 -9999 -9999 -9999 -9999 -9999 -9999 -9999 -9999 -9999 -9999 -9999 -9999 -9999 0.445021741763779 0.441920307116202 0.424885199413199 0.306279281222335 0.11269325159284 0.0684970819637848 0.0533675096311226 0.0801361434303134 0.0909294446375898 0.0875210849375719 0.083839622721408 0.0765296235839435 0.0511638815090801 0.0284855208762746 0.00867831129221123 0.00248469813063885 0.00407780154075106 0.0381947795125123 0.0505663000765208 0.0349852111891474 0.0519162831180071 0.0855027810549432 0.196342599883499 0.266299908446686 0.272749917842672 0.265173410979469 0.253281995714189 0.291386365137211 0.320087642405739 0.330993035916723 0.321045653194781 0.300534065190029 0.297302640880111
-9999 -9999 -9999 -9999 -9999 -9999 -9999 -9999 -9999 -9999 -9999 -9999 -9999 -9999 -9999 -9999 -9999 -9999 -9999 -9999 -9999 -9999 -9999 0.460545154168435 0.464811842319358 0.468993045767211 0.371109510459782 0.197881243244946 0.114288039071684 0.060733966819028 0.0793289963735314 0.0877338530186699 0.0870799073250862 0.0900730105530377 0.0909088233594982 0.0775498128399706 0.0543774367097405 0.0207206334252902 0.00814809418590605 0.00668564872822484 0.0485990582147013 0.0699413458655445 0.0648405689320924 0.0861651304977678 0.122513169843104 0.24035687092116 0.312220623819227 0.312658666656807 0.289684573833364 0.259106821017032 0.297879212848237 0.324947587342605 0.329865447027536 0.316950739197784 0.295001891172962 0.294257854926054
-9999 -9999 -9999 -9999 -9999 -9999 -9999 -9999 -9999 -9999 -9999 -9999 -9999 -9999 -9999 -9999 -9999 -9999 -9999 -9999 -9999 -9999 -9999 0.453571131195923 0.451582506947342 0.452885339860312 0.38087015979888 0.254731233388719 0.135856735598848 0.0417303644499877 0.0367090172367756 0.0352259833142591 0.0368884191495155 0.0614029144868799 0.0849262649004594 0.0826935548465081 0.0682571859698907 0.040782642728134 0.0223365256089048 0.0141358695424214 0.0649367883678803 0.0937233454919882 0.0942116312382801 0.13844095727153 0.198283106091241 0.276539362205978 0.327033814587142 0.334402804180306 0.310926953272013 0.276408520425633 0.297262937692667 0.307229546508411 0.296590361996799 0.295080836716372 0.298196479480861 0.304317027079576
-9999 -9999 -9999 -9999 -9999 -9999 -9999 -9999 -9999 -9999 -9999 -9999 -9999 -9999 -9999 -9999 -9999 -9999 -9999 -9999 -9999 -9999 -9999 0.457779266694171 0.456224861986466 0.457754108642531 0.401261358161161 0.301936461412958 0.150275483805657 0.0262055363148343 0.0284015870187959 0.0272017797922857 0.0229831419692646 0.0476493919612241 0.0719664523813901 0.0682861678399238 0.0560290871651515 0.0346087084086104 0.0192442683448246 0.0124352924646909 0.057601607299154 0.0875883314554896 0.0980625127436188 0.142223128538648 0.198762154853434 0.273943620912253 0.322264064560107 0.328858328109987 0.312890880166153 0.288680489793562 0.299152169131443 0.3028014123814 0.29353880944617 0.29951544006687 0.313212404413845 0.318128758127261
-9999 -9999 -9999 -9999 -9999 -9999 -9999 -9999 -9999 -9999 -9999 -9999 -9999 -9999 -9999 -9999 -9999 -9999 -9999 -9999 -9999 -9999 -9999 0.467231824986963 0.473787866455033 0.477788184650235 0.429338096839508 0.342168840909158 0.159525052513456 0.0131957485192457 0.0449010108482536 0.0513378164522594 0.0353116121630785 0.0446800657243089 0.0539623126825247 0.0397439520557043 0.0249258655016735 0.00946704231907186 0.00365863662714918 0.0041189868889117 0.03315168331378 0.0598242920373854 0.0834631356601981 0.110945968095152 0.144808346954729 0.243312481896526 0.303336486874452 0.303585074204445 0.300917114478369 0.297316128345256 0.302852800141493 0.307981447462965 0.312337885387376 0.322967343429293 0.336774770271351 0.334653466896661
-9999 -9999 -9999 -9999 -9999 -9999 -9999 -9999 -9999 -9999 -9999 -9999 -9999 -9999 -9999 -9999 -9999 -9999 -9999 -9999 -9999 -9999 -9999 0.405300038041309 0.40597457994665 0.416407360595852 0.370885504407163 0.284057638298283 0.133962465360181 0.0121059252338008 0.0238018623702873 0.0250579917184871 0.0170333997237323 0.0259394739528583 0.0337099162985541 0.020373797843973 0.0101399538307028 0.00322052524661533 0.0056260339635737 0.0134177542364832 0.0438743624860995 0.0639061732591348 0.0705374706739763 0.120809153682798 0.18453825965422 0.239963698369376 0.27288755595528 0.270857233006899 0.283677960944913 0.302489251375626 0.318302629565088 0.329609498532201 0.332387543900061 0.337378330681928 0.343490112302767 0.339420339730108
-9999 -9999 -9999 -9999 -9999 -9999 -9999 -9999 -9999 -9999 -9999 -9999 -9999 -9999 -9999 -9999 -9999 -9999 -9999 -9999 -9999 -9999 -9999 0.332470203337449 0.341621422849989 0.35816990333234 0.315136555869053 0.228119586756757 0.112404024194219 0.0161260545013907 0.00516051603781254 0 0 0.00858945472874168 0.0153716516120239 0.00523558606200756 0 0 0.00822210444681933 0.0209854654085194 0.0522013851486846 0.0662384910304538 0.058193160768547 0.125229116607855 0.211532859820785 0.234653254405707 0.248091586574407 0.246489706426612 0.270641240596788 0.305110888835527 0.331916456575228 0.34963762619041 0.350166058525663 0.349244581122109 0.347588566314461 0.343185004659378
-9999 -9999 -9999 -9999 -9999 -9999 -9999 -9999 -9999 -9999 -9999 -9999 -9999 -9999 -9999 -9999 -9999 -9999 -9999 -9999 -9999 -9999 -9999 0.322561200655768 0.324738066111853 0.344634180721404 0.304590835798811 0.220299863691745 0.119589142196603 0.0337656223124267 0.0108053730969948 0 0 0.00272844279454819 0.00488280960848324 0.00166308543641561 0 0 0.00590964335876072 0.0150769470696596 0.0374601086007759 0.0492029807718851 0.0472683364229723 0.093105921126872 0.154080986460825 0.211075023945309 0.248475159760134 0.255437933311469 0.274972569273404 0.299913245188481 0.334075012605228 0.357141899070027 0.359211095787599 0.355599187458523 0.3491091798646 0.348134053947931
-9999 -9999 -9999 -9999 -9999 -9999 -9999 -9999 -9999 -9999 -9999 -9999 -9999 -9999 -9999 -9999 -9999 -9999 -9999 -9999 -9999 -9999 -9999 0.297782862900133 0.307311793424567 0.333686814662279 0.298184203270558 0.217003195026148 0.14448212871136 0.0815153614388725 0.0503398882943559 0.0244420015582584 0.00323575376927419 0 0 0 0 0 0.00640411814240369 0.0150003185653551 0.0280606472540833 0.0337216464880666 0.0298712078813885 0.0700147182152326 0.126716461003019 0.212701423235954 0.267991906081805 0.275601278531941 0.289872201722942 0.307360523264212 0.342126259080232 0.365090770048824 0.365720795495964 0.361575899910626 0.355011986088445 0.35143279145171
-9999 -9999 -9999 -9999 -9999 -9999 -9999 -9999 -9999 -9999 -9999 -9999 -9999 -9999 -9999 -9999 -9999 -9999 -9999 -9999 -9999 -9999 -9999 0.286464914760306 0.289412645265592 0.324993886564039 0.295382683056354 0.217646070752166 0.184798527797581 0.155490820192194 0.119392026067571 0.0701727919869573 0.00928982332445566 0 0 0 0 0 0.00934341173530374 0.0200032197021724 0.0233138644424339 0.0195939871115632 0.00683675388568086 0.0547903089632628 0.125557776160751 0.236280854484665 0.304173493960821 0.305532902583211 0.313976742665927 0.325821427543909 0.355309992044262 0.373426882434309 0.370022236369036 0.367223469796425 0.364731647261656 0.353294120522603
-9999 -9999 -9999 -9999 -9999 -9999 -9999 -9999 -9999 -9999 -9999 -9999 -9999 -9999 -9999 -9999 -9999 -9999 -9999 -9999 -9999 -9999 -9999 0.280700170968632 0.284857879632857 0.300938168825386 0.275991634380097 0.220758880955545 0.187058918149951 0.153111052346524 0.108644848994305 0.0601097937547814 0.00795763355340309 0 0 0 0 0 0.0110123168974213 0.0237475755830387 0.0290836912225685 0.0239932291715781 0.00549996539365346 0.0754946149799011 0.173494868741417 0.263701181586849 0.318137096266802 0.317006917698581 0.322444195443555 0.331130309997588 0.359549750420723 0.376896176818088 0.37328629786285 0.371799113028588 0.37138730425918 0.357503946959045
-9999 -9999 -9999 -9999 -9999 -9999 -9999 -9999 -9999 -9999 -9999 -9999 -9999 -9999 -9999 -9999 -9999 -9999 -9999 -9999 -9999 -9999 -9999 0.279797338986919 0.281428342952575 0.277207252755628 0.256878102446106 0.224657896660115 0.180686727559883 0.13591028615131 0.0933644929871843 0.0527949425559425 0.0139822212236536 0.00399918625092868 0 0 0.000283641983512046 0.000870322071582973 0.0132256275517193 0.0274179200031013 0.0336713518096261 0.0293800300090564 0.0115339977320322 0.0976282823990967 0.213806447378467 0.285434822118527 0.328424814686763 0.326927658778908 0.329744984479175 0.334956683671219 0.362264539385376 0.379045050452552 0.375901966330485 0.375364735248419 0.376147652915082 0.362251428976394
-9999 -9999 -9999 -9999 -9999 -9999 -9999 -9999 -9999 -9999 -9999 -9999 -9999 -9999 -9999 -9999 -9999 -9999 -9999 -9999 -9999 -9999 -9999 0.274672555271668 0.272241867881032 0.267984923683811 0.25307553699881 0.230302460726309 0.164351623844903 0.110876925424691 0.123190517836709 0.105801146361011 0.0620066018694805 0.0274506514146961 0 0 0.00194693538320554 0.00597394227387946 0.0191560687858677 0.0317874115367621 0.0236585121412817 0.0239788481311009 0.035160219253889 0.0964782245434561 0.17570995777648 0.276275732072596 0.33953061752226 0.344826396136623 0.344530623451734 0.342640282121439 0.365088691513425 0.378867046017125 0.376236831251437 0.374919647623512 0.374267657460817 0.367637694613332
-9999 -9999 -9999 -9999 -9999 -9999 -9999 -9999 -9999 -9999 -9999 -9999 -9999 -9999 -9999 -9999 -9999 -9999 -9999 -9999 -9999 -9999 -9999 0.314056229416526 0.26997301505833 0.267387677315478 0.252252615899983 0.22785328185558 0.159880468253634 0.108860653248494 0.140509723398014 0.13298847640679 0.0906458221951889 0.0417707205625897 0 0 0.00322057561655029 0.00988195755642295 0.0245327474227063 0.0370341621479477 0.0191260520661959 0.0216408627769935 0.0504082336462687 0.100725922909552 0.162115727522995 0.275117972972073 0.346749870410405 0.354116656662666 0.351854286836294 0.34639075342224 0.366856384634607 0.379676287137867 0.378026215603497 0.376894925535823 0.376026454857275 0.372701155256959
-9999 -9999 -9999 -9999 -9999 -9999 -9999 -9999 -9999 -9999 -9999 -9999 -9999 -9999 -9999 -9999 -9999 -9999 -9999 -9999 -9999 -9999 0.368963075706942 0.316336191840448 0.274945816793609 0.275819526093688 0.254548910378569 0.216931236395452 0.167828986780892 0.130939626261565 0.14473627057955 0.133147536027401 0.0989918507940939 0.0465316647394515 0 0 0.00408631071622098 0.0125383639038122 0.0293297243509818 0.0431992640319783 0.0203306811864074 0.0225095588910199 0.0568855925063908 0.110624216890714 0.174171480993554 0.282336339746365 0.349900521237232 0.354395205759139 0.351366443956919 0.346023863710233 0.367518132546991 0.381519017949794 0.381338251365107 0.381403942714903 0.381594491886237 0.377426690213542
-9999 -9999 -9999 -9999 -9999 -9999 -9999 -9999 -9999 -9999 -9999 -9999 -9999 -9999 -9999 -9999 -9999 -9999 -9999 -9999 -9999 -9999 0.368963075706942 0.321245811493638 0.284391521070498 0.287806289509166 0.261316491242544 0.21275098310104 0.160672911306373 0.121584090162194 0.132526361268315 0.119287930756982 0.0845534767421801 0.0393238447649017 0 0 0.00306586739289811 0.00940725356502962 0.0267178521081488 0.0432572630905423 0.0341031369979506 0.0419571964917425 0.0716743587135235 0.150528318452639 0.242542959197069 0.300141141429261 0.338070451819825 0.345445940534088 0.347259318154846 0.347157266680096 0.359703283669521 0.371165868124405 0.380577995226851 0.383479746473216 0.383083282352781 0.384615559383572
-9999 -9999 -9999 -9999 -9999 -9999 -9999 -9999 -9999 -9999 -9999 -9999 -9999 -9999 -9999 -9999 -9999 -9999 -9999 -9999 -9999 -9999 -9999 0.284131725445007 0.291024596750329 0.295324421986564 0.264221061018897 0.206982880075873 0.148511500766594 0.104585624919135 0.115482103259311 0.100563877435396 0.0626970417561773 0.0289135721857044 0.00120181607141119 0.000409338672993037 0.00164502246397467 0.00504755798461041 0.0211814026296713 0.03896947675398 0.0457160545495741 0.0627600694074912 0.0930408826990287 0.195322594799558 0.311586813347429 0.310689289493453 0.315824887715446 0.330332397938531 0.339978235887857 0.347482396572663 0.349626022817778 0.35776005390049 0.377231264966014 0.383926908808669 0.384150334600394 0.391424482959744
-9999 -9999 -9999 -9999 -9999 -9999 -9999 -9999 -9999 -9999 -9999 -9999 -9999 -9999 -9999 -9999 -9999 -9999 -9999 -9999 -9999 -9999 -9999 0.273916666484755 0.270364460989219 0.265462474201614 0.232456307991089 0.178703487353961 0.12663235699513 0.0868489403883607 0.0921648466816766 0.0712825200812596 0.0271106364223916 0.0161682158291245 0.0108462720149622 0.00369424132289464 0.000588733740843438 0.00180646025174864 0.00758056906794279 0.014440618140017 0.0209874533782093 0.061786414883964 0.146614632269857 0.223923962623524 0.290488096018394 0.252426912654085 0.245647080383118 0.287460010869239 0.31649723873679 0.339602188291606 0.337934684647663 0.343453989559131 0.362574736160043 0.377031864190056 0.389126360818217 0.391414747356642
-9999 -9999 -9999 -9999 -9999 -9999 -9999 -9999 -9999 -9999 -9999 -9999 -9999 -9999 -9999 -9999 -9999 -9999 -9999 -9999 -9999 -9999 -9999 0.236238029299353 0.242719644325942 0.240066878990678 0.209458158387161 0.158212203214786 0.110924809962208 0.0730641346853414 0.0686132884074145 0.0455824341635339 0.00603442941470203 0.0102638548115921 0.0183681508713536 0.00625619400661455 0 0 0 0.00187542064494322 0.017566151101514 0.0721217628935216 0.176636077736606 0.237844540174279 0.277594492460019 0.2235854646116 0.212567761667139 0.268333211580659 0.305461498667478 0.334070748218226 0.331281245829775 0.335823442929184 0.354241296002981 0.370266035322992 0.385078401543243 0.385223828633931
-9999 -9999 -9999 -9999 -9999 -9999 -9999 -9999 -9999 -9999 -9999 -9999 -9999 -9999 -9999 -9999 -9999 -9999 -9999 -9999 -9999 -9999 -9999 0.213494540428622 0.206279889159371 0.220295205154635 0.197498700324871 0.147527513965423 0.102988385839967 0.0642554376620748 0.0447667031960709 0.0243917972081891 0.00322910746763708 0.0129735069681742 0.0232173328341359 0.00790782586357276 0 0 0 0.00437457115498029 0.0409744758435435 0.096697128908946 0.177001040808861 0.233279427477879 0.275032566473787 0.231790126921577 0.226201947908093 0.279106272741136 0.310096520401725 0.331496819337464 0.330971406040854 0.336598544112198 0.353869733646347 0.363662911754057 0.369667661552094 0.37124971606514
