layers/veg/veg_1000.asc
NCOLS 255 
NROWS 330 
XLLCORNER -2985163.8955 
YLLCORNER -3022031.214 
CELLSIZE 25000 
NODATA_value -9999 
[rows 200 to 224 of 330, columns 114 to 170 of 255]
0.279741855376158 0.271099973598834 0.258423103795106 0.243658242040452 0.227835329167507 0.212184658702382 0.195404428237506 0.175977832581732 0.165778256985871 0.161287671468264 0.131375911933299 0.104029517666028 0.0893517284053279 0.0784999501825025 0.0705127242603133 0.0850792334040114 0.0988192350529361 0.0987771144733459 0.10164870721394 0.107146664584161 0.106616560105771 0.106291748227834 0.112794723815561 0.127535817205148 0.151200987141732 0.183681530025727 0.219482513828513 0.263581123056207 0.303784510187605 0.338909962802132 0.375084064171803 0.411635215017695 0.448603219942467 0.487373165752693 0.528983206982691 0.556129571815634 0.576141793556955 0.551177442933509 0.525837068801289 0.499774071881655 0.497268325555282 0.506882563603116 0.507223286124692 -9999 -9999 -9999 -9999 -9999 -9999 -9999 -9999 -9999 -9999 -9999 -9999 -9999 -9999
0.278850970713044 0.271289907916903 0.25745154641912 0.242928709066807 0.228059026295378 0.209427507586842 0.191600929088773 0.175818530094736 0.159918660027671 0.143946107644316 0.126293491078815 0.108211643932263 0.0892068229528562 0.0759390557223727 0.0669666473794265 0.0840721034770879 0.10013613737562 0.0999377588539841 0.105418895931798 0.116019438127636 0.114388029395489 0.112159398557751 0.118540838271149 0.133062665497235 0.156402701327846 0.185575402772082 0.218560414629387 0.269337220165376 0.311450615796122 0.342270116726112 0.373898802647058 0.405879473351842 0.438990832578283 0.470896142704797 0.500900561102639 0.530578058046325 0.55873785952642 0.531263609356258 0.505351991439222 0.482443360431543 0.476722014919036 0.479843366512112 -9999 -9999 -9999 -9999 -9999 -9999 -9999 -9999 -9999 -9999 -9999 -9999 -9999 -9999 -9999
0.280924610229212 0.273513746249491 0.258584858729389 0.242746204384481 0.226446542608033 0.210219311918556 0.193721753175225 0.176589504216771 0.16030819048438 0.144553371842634 0.133069098390824 0.118231037356851 0.0926724364809949 0.076390907311264 0.0670551649769283 0.0869398760603139 0.106013666216322 0.108221607200241 0.110874327406923 0.113927962971532 0.118355121210761 0.123304673980653 0.129642972196128 0.141590734627287 0.159615041392043 0.191774947896584 0.227766573289428 0.265696202798544 0.300565887697882 0.331446532185768 0.369792948853351 0.409557781117403 0.435510322647151 0.459651680485697 0.480938375029091 0.511790128298907 0.545307564226923 0.525934886921721 0.505351991439222 0.482443360431543 0.476722014919036 0.479843366512112 -9999 -9999 -9999 -9999 -9999 -9999 -9999 -9999 -9999 -9999 -9999 -9999 -9999 -9999 -9999
0.281395847906172 0.273902825759072 0.257983303972421 0.242708553377423 0.227760528601491 0.212451946899619 0.196447564519571 0.178833345573216 0.162402574005621 0.146704031185729 0.136948086605186 0.122788494902394 0.0944848294341084 0.076679580413214 0.0667345447293191 0.0784997633594036 0.0928079286247662 0.106568781129283 0.114211934870021 0.116340713693844 0.123273780135252 0.130703348294112 0.136106236561998 0.146481117734183 0.162241991961609 0.196012864375459 0.233201797746372 0.261711700345876 0.289357990782793 0.315878449135895 0.352527725128596 0.391692200997136 0.419948939282759 0.443333275436268 0.459038066111681 0.493305863951418 0.534231145945857 0.532272313454527 -9999 -9999 -9999 -9999 -9999 -9999 -9999 -9999 -9999 -9999 -9999 -9999 -9999 -9999 -9999 -9999 -9999 -9999 -9999
0.280158857518774 0.272335974842153 0.255532307621172 0.242825322508474 0.232194254922196 0.216220568230037 0.199818317842408 0.182647325632281 0.166314402926126 0.150500014963799 0.137739156475174 0.121523298026303 0.0945348194033209 0.0767942983535611 0.0659777662521647 0.0580049671713435 0.0592586227212341 0.0943230402909258 0.115291852455214 0.123555159512508 0.129206849803239 0.134107987525672 0.137624269979011 0.147493573842977 0.164244892596356 0.19815960183649 0.234617047015474 0.257361028278974 0.277805582254601 0.295252530213044 0.321234057055221 0.350859926130624 0.391508834404402 0.421605832948398 0.435071636354262 0.475145319750551 0.525134468038106 0.528663035284106 -9999 -9999 -9999 -9999 -9999 -9999 -9999 -9999 -9999 -9999 -9999 -9999 -9999 -9999 -9999 -9999 -9999 -9999 -9999
0.288306871213862 0.270985973235666 0.256858969904487 0.245582743150353 0.235751094448351 0.218979482819885 0.202270287586514 0.186008877965967 0.169994663634369 0.154133395263961 0.14117106607411 0.123925437921669 0.0935033942415344 0.0762906461076475 0.0689677591299914 0.0633350272724569 0.0655617703363868 0.0969351467233303 0.116592632541623 0.125689642014861 0.128713526585206 0.131746009852289 0.140631827911752 0.152496224766913 0.167587216071606 0.195006622907419 0.224921440280503 0.250080455943381 0.271462468832928 0.287920661647812 0.309025383169708 0.332069289966532 0.360519066663773 0.383351077131668 0.397328750442285 0.452569575506866 0.522758167574036 0.503622282910283 -9999 -9999 -9999 -9999 -9999 -9999 -9999 -9999 -9999 -9999 -9999 -9999 -9999 -9999 -9999 -9999 -9999 -9999 -9999
0.298626686008883 0.273060130219265 0.260061408662559 0.249014823749778 0.238957447803172 0.221582273414773 0.204741671155768 0.189468341858732 0.173828462224195 0.157961788648993 0.145643412505081 0.128102234555884 0.0944917904236651 0.0772837736771659 0.0723563307812538 0.0736182049695899 0.0794788641159645 0.0999422054675137 0.11518762231131 0.125729703287337 0.126438789217632 0.127951648626283 0.143027771725134 0.15714988550398 0.170238553002617 0.190045904451295 0.212407180959279 0.241269469211046 0.265136551013163 0.282491723963233 0.300270154603688 0.317788664746196 0.330013036336072 0.34396530489278 0.360640965931979 0.364612278398169 0.365170162076771 0.441096275731667 0.491035860543647 -9999 -9999 -9999 -9999 -9999 -9999 -9999 -9999 -9999 -9999 -9999 -9999 -9999 -9999 -9999 -9999 -9999 -9999
0.307887215359463 0.299835514190496 0.270177408311609 0.252614804918345 0.241181372629173 0.224867227069856 0.209017165096078 0.194463659753731 0.179206287229585 0.16351341432382 0.152963861950674 0.138651094101324 0.112238151845006 0.0903643052651174 0.0718889007790997 0.0734891837872171 0.0771110049858905 0.0789696590223561 0.093554136931692 0.119609425463004 0.122732878443994 0.124090572180202 0.138247430085975 0.152028804350842 0.16540342978859 0.181423228044525 0.199333463900415 0.226542484642162 0.249514397579218 0.266962682994855 0.282303242036266 0.296691447876603 0.307663678259225 0.326184625592547 0.356603341942531 0.364612278398169 0.365170162076771 0.441096275731667 -9999 -9999 -9999 -9999 -9999 -9999 -9999 -9999 -9999 -9999 -9999 -9999 -9999 -9999 -9999 -9999 -9999 -9999 -9999
0.306672904637179 0.306999226970978 0.281336301086635 0.260892198264288 0.243092637043 0.22847322761721 0.214009236273711 0.199769958162967 0.18494321533123 0.169752993256824 0.159545933461069 0.146557556978292 0.124387823903217 0.099945569566642 0.073801867967256 0.0757386577729676 0.0788146405362836 0.0729918795632064 0.0861557732506625 0.116433868905045 0.119685478467389 0.120333180374367 0.133360531561433 0.146144745382978 0.158665576656039 0.172287361650862 0.187319608923531 0.210971443640402 0.2317269581415 0.248706738157633 0.262956150160263 0.276067616508616 0.286023031838243 0.290145628313974 0.285074936460983 -9999 0.363330207126387 -9999 -9999 -9999 -9999 -9999 -9999 -9999 -9999 -9999 -9999 -9999 -9999 -9999 -9999 -9999 -9999 -9999 -9999 -9999 -9999
0.292023677561866 0.289009222829966 0.293832797282351 0.275168789775981 0.244602886600728 0.23249099942914 0.219920381649799 0.205475116809413 0.191140725172237 0.176874933582852 0.165180969434187 0.151074910526096 0.129359242840191 0.105038711571024 0.0787679067933886 0.0810387638836509 0.0857403310377179 0.0862462257297269 0.0970152223825583 0.117035179928979 0.117482677302236 0.116708773364394 0.128336964330544 0.139282099338961 0.149487302751434 0.162493283341871 0.176665121566402 0.194317825005568 0.211162346342324 0.226953295971926 0.24183885526121 0.256050944254522 0.265291371306182 0.273862096505465 0.281377283657465 -9999 -9999 -9999 -9999 -9999 -9999 -9999 -9999 -9999 -9999 -9999 -9999 -9999 -9999 -9999 -9999 -9999 -9999 -9999 -9999 -9999 -9999
0.289051575107204 0.281719291591069 0.285315857073056 0.275244226495527 0.258246491571971 0.242184434960373 0.226696499886896 0.212509110924706 0.19796803582399 0.183208126187036 0.170842245514076 0.157762295573761 0.142100330613504 0.118966677697072 0.0902389371753977 0.084420243367484 0.0831911061170539 0.088646762033057 0.0937580692633406 0.0985589872723625 0.105102170450166 0.112409925414834 0.122006582673615 0.131654991253881 0.14135946030396 0.152071906945307 0.163338095072433 0.17687870279808 0.191324999631448 0.206951981382892 0.220676294108501 0.23373337139856 0.246257894706715 0.253613429755911 0.252821960651077 -9999 -9999 -9999 -9999 -9999 -9999 -9999 -9999 -9999 -9999 -9999 -9999 -9999 -9999 -9999 -9999 -9999 -9999 -9999 -9999 -9999 -9999
0.290160485076392 0.278300200613504 0.270967008954973 0.270414607018284 0.273298244260243 0.252768805397267 0.233912153516387 0.219982195824732 0.205023941378691 0.189429453790188 0.1766942883689 0.165166469807762 0.156611234408814 0.135120355881815 0.103944501039834 0.087730530064514 0.0782265820689861 0.0872328933511671 0.0864287865942854 0.0767817594439814 0.0908002178595116 0.107554394463734 0.115825561710484 0.124697724103736 0.134220924370052 0.141920299729636 0.149483842674352 0.159527869370377 0.172015168733666 0.187687595492649 0.199908009341154 0.211430457107048 0.228781103765468 0.239396594223645 -9999 -9999 -9999 -9999 -9999 -9999 -9999 -9999 -9999 -9999 -9999 -9999 -9999 -9999 -9999 -9999 -9999 -9999 -9999 -9999 -9999 -9999 -9999
0.295199642250399 0.280121798866778 0.268424056598564 0.261530295234868 0.257070861918276 0.251621269475415 0.24313242645332 0.227586389598781 0.212397790584318 0.197430347378486 0.184822489160238 0.172781498695964 0.161931047293121 0.143485705969177 0.119354035154492 0.0978781819621664 0.0812609157548032 0.0819020538888187 0.0851038593302422 0.0906138005782426 0.0934932616371044 0.0984643274850196 0.116771887640948 0.129182245113343 0.135204360826299 0.137663014590826 0.13980911685138 0.14644256564561 0.156362984713237 0.170568402015775 0.184244763380678 0.198576212955334 0.223901841907791 -9999 -9999 -9999 -9999 -9999 -9999 -9999 -9999 -9999 -9999 -9999 -9999 -9999 -9999 -9999 -9999 -9999 -9999 -9999 -9999 -9999 -9999 -9999 -9999
0.299647168356795 0.284315549798234 0.270563464275625 0.258387794094002 0.247010943090624 0.250340342640633 0.248825665747849 0.235354396913189 0.220702156518413 0.205319219227388 0.19108260406035 0.177801796319147 0.167099604393777 0.152152849256435 0.134028169854452 0.109436124274221 0.0880536802159388 0.081948482622558 0.0847007603060723 0.0954369942744681 0.0946678072427824 0.095594363051039 0.116298249483403 0.128270664057001 0.13078456819051 0.129971848758698 0.129075882486358 0.133957091345048 0.142513127658613 0.155859785075503 0.170256984713189 0.183742739699576 0.180558320445314 -9999 -9999 -9999 -9999 -9999 -9999 -9999 -9999 -9999 -9999 -9999 -9999 -9999 -9999 -9999 -9999 -9999 -9999 -9999 -9999 -9999 -9999 -9999 -9999
0.30317775826559 0.292185768677262 0.279959802225505 0.264144206999659 0.246509634101516 0.248852680623753 0.249052551103371 0.24337628975362 0.230448678751447 0.213034474791764 0.19444747618559 0.17880066378054 0.172033738539455 0.161287725095826 0.147562549764739 0.123179797527207 0.100671428206051 0.0903288412716213 0.0857263517739742 0.0862978746865878 0.0934889167021115 0.10236459077107 0.11362388769441 0.118995963514397 0.117990610285777 0.116958701579885 0.116702124405106 0.122401259420537 0.131456597265366 0.144887187091134 0.158865919932006 0.172306354140934 0.176217254631768 -9999 -9999 -9999 -9999 -9999 -9999 -9999 -9999 -9999 -9999 -9999 -9999 -9999 -9999 -9999 -9999 -9999 -9999 -9999 -9999 -9999 -9999 -9999 -9999
0.301723796925142 0.293910651643837 0.285410053376554 0.271869860888446 0.255775947683787 0.249036883357617 0.245193406712518 0.247707538606962 0.239178035795298 0.223815557596605 0.212388536574543 0.199810621293956 0.183055657621067 0.167976232934633 0.154151292098595 0.136319705703417 0.118544957225614 0.102875737345538 0.0925830194088483 0.0871365759623129 0.0923759339906963 0.0995605196401755 0.106587527845763 0.108234174431 0.104052455835575 0.103686468139463 0.105010329657734 0.111849471164269 0.121809467328945 0.135837908167361 0.152398621697989 0.168573581425251 -9999 -9999 -9999 -9999 -9999 -9999 -9999 -9999 -9999 -9999 -9999 -9999 -9999 -9999 -9999 -9999 -9999 -9999 -9999 -9999 -9999 -9999 -9999 -9999 -9999
0.298375625333312 0.293218688125133 0.289140944758709 0.280200486221169 0.268795937138431 0.250244218627256 0.240156528003514 0.250153428441254 0.247204605446852 0.236245936787216 0.218069826985005 0.200901523367534 0.188151562457973 0.173736984408937 0.158076099747253 0.149040462990431 0.13815427497223 0.117094192799726 0.101973490860601 0.0922064309763729 0.0914588386311263 0.093032967519655 0.0979910529368423 0.0972496004782181 0.0903340299128134 0.0908003622882927 0.0938088908548966 0.101950939997763 0.112990116421237 0.127806079444877 0.131478594385851 -9999 -9999 -9999 -9999 -9999 -9999 -9999 -9999 -9999 -9999 -9999 -9999 -9999 -9999 -9999 -9999 -9999 -9999 -9999 -9999 -9999 -9999 -9999 -9999 -9999 -9999
0.299834666163485 0.295647802083852 0.28911333578207 0.281697542637227 0.273835153493072 0.263185847970955 0.251967359190906 0.239540411394154 0.245327942534872 0.262385231285238 0.231928719257832 0.204234502550429 0.194243613527106 0.181922566823655 0.167856920202071 0.155814304428642 0.143695072505942 0.130330160241313 0.116681416402239 0.102776832291329 0.0963579700976179 0.0928104897608759 0.0969575245598584 0.0994811672090306 0.100246243622669 0.0948419145974381 0.089906846273459 0.100435242739309 0.112867510580491 0.127781725261539 -9999 -9999 -9999 -9999 -9999 -9999 -9999 -9999 -9999 -9999 -9999 -9999 -9999 -9999 -9999 -9999 -9999 -9999 -9999 -9999 -9999 -9999 -9999 -9999 -9999 -9999 -9999
0.299781208330804 0.296516310522777 0.28864269324153 0.282695814998435 0.277725275956774 0.272296340415374 0.261617067999805 0.238691938639148 0.245176985497127 0.269858850303007 0.236418963064787 0.206684383066493 0.19956481866904 0.189079035053134 0.176072947415307 0.163423223144767 0.151691655235904 0.14329012005692 0.131354902061601 0.116234490966862 0.104960754709746 0.0963167878187649 0.0975980973085077 0.101087907688175 0.106970112965541 0.100872157766469 0.0937325670945413 0.10174883111013 0.106285257419839 -9999 -9999 -9999 -9999 -9999 -9999 -9999 -9999 -9999 -9999 -9999 -9999 -9999 -9999 -9999 -9999 -9999 -9999 -9999 -9999 -9999 -9999 -9999 -9999 -9999 -9999 -9999 -9999
0.296872180266901 0.294438423851118 0.287335611312598 0.282752392048556 0.279445929852718 0.274173715403238 0.267186616685856 0.256278749621388 0.248284130065239 0.242092010234082 0.223221367323236 0.207466989206609 0.203430680585473 0.194292554238047 0.181334673174653 0.172608752719561 0.164324716180956 0.155728982446333 0.145963365843583 0.13514323953174 0.120555969747882 0.106862947453041 0.101399342827198 0.101514987459007 0.107674445574376 0.110657013457187 0.112148169797326 0.108404059785826 -9999 -9999 -9999 -9999 -9999 -9999 -9999 -9999 -9999 -9999 -9999 -9999 -9999 -9999 -9999 -9999 -9999 -9999 -9999 -9999 -9999 -9999 -9999 -9999 -9999 -9999 -9999 -9999 -9999
0.294776777943637 0.291743618465902 0.287847568612568 0.283621548608365 0.279228322362313 0.274629398783362 0.269658666117163 0.263828265722973 0.253753761677582 0.2410533236385 0.230271485724202 0.219475245947186 0.208249711364312 0.196042785766989 0.183101088141976 0.175692428620927 0.169135311367105 0.163213827200738 0.155619602817584 0.14651760287206 0.134503164096465 0.123198660783399 0.118352563457875 0.115746599504878 0.115567296856408 0.117282927330957 0.119223307003585 -9999 -9999 -9999 -9999 -9999 -9999 -9999 -9999 -9999 -9999 -9999 -9999 -9999 -9999 -9999 -9999 -9999 -9999 -9999 -9999 -9999 -9999 -9999 -9999 -9999 -9999 -9999 -9999 -9999 -9999
0.293092555275512 0.288737042679113 0.289278808434542 0.284901356092645 0.278031181397734 0.274366606043836 0.270565341431431 0.266305263538324 0.260417316441066 0.253522165601444 0.23596839966372 0.219475245947186 0.208249711364312 0.196042785766989 0.183101088141976 0.175692428620927 0.169992689966785 0.168195074587258 0.162773147448702 0.154084336040953 0.147617503060879 0.142460223891182 0.141952359191594 0.1369545675541 0.127092988744826 0.122312416040164 -9999 -9999 -9999 -9999 -9999 -9999 -9999 -9999 -9999 -9999 -9999 -9999 -9999 -9999 -9999 -9999 -9999 -9999 -9999 -9999 -9999 -9999 -9999 -9999 -9999 -9999 -9999 -9999 -9999 -9999 -9999
0.293029693824737 0.289595532286319 0.284506211063556 0.280733666796951 0.277628374782149 0.27390525034939 0.270191650838895 0.266527186261782 0.26242290874085 0.258046507856552 0.250817148689085 0.246126021906569 0.249472014799131 0.25090459545839 -9999 -9999 -9999 -9999 0.162899643094821 0.154218138072052 0.147849403030232 0.142800824809498 0.142369672784161 0.137329586619414 0.12729679677533 -9999 -9999 -9999 -9999 -9999 -9999 -9999 -9999 -9999 -9999 -9999 -9999 -9999 -9999 -9999 -9999 -9999 -9999 -9999 -9999 -9999 -9999 -9999 -9999 -9999 -9999 -9999 -9999 -9999 -9999 -9999 -9999
0.291536297354073 0.289160196886474 0.281711094103982 0.27800752993436 0.276201947850439 0.272991166106073 0.269665958494105 0.266134572397495 0.263269600099219 0.260816954829389 0.260670412419337 0.260148323341227 0.258057117379663 0.260131219177474 0.265323906313083 -9999 -9999 -9999 -9999 -9999 -9999 -9999 -9999 -9999 -9999 -9999 -9999 -9999 -9999 -9999 -9999 -9999 -9999 -9999 -9999 -9999 -9999 -9999 -9999 -9999 -9999 -9999 -9999 -9999 -9999 -9999 -9999 -9999 -9999 -9999 -9999 -9999 -9999 -9999 -9999 -9999 -9999
0.286642462239309 0.285548802680696 0.283782693655234 0.278867942534071 0.272357675544672 0.271030771902909 0.26883986728135 0.264404952852721 0.261611945525608 0.259834827542084 0.258502859784905 0.260619867137512 0.272786144050766 0.273881458447812 0.266687891596968 -9999 -9999 -9999 -9999 -9999 -9999 -9999 -9999 -9999 -9999 -9999 -9999 -9999 -9999 -9999 -9999 -9999 -9999 -9999 -9999 -9999 -9999 -9999 -9999 -9999 -9999 -9999 -9999 -9999 -9999 -9999 -9999 -9999 -9999 -9999 -9999 -9999 -9999 -9999 -9999 -9999 -9999
