layers/veg/veg_1100.asc
NCOLS 255 
NROWS 330 
XLLCORNER -2985163.8955 
YLLCORNER -3022031.214 
CELLSIZE 25000 
NODATA_value -9999 
[rows 200 to 224 of 330, columns 114 to 170 of 255]
0.265015456739552 0.256434136577587 0.244853586355539 0.227960145591596 0.208374496279287 0.192410042528557 0.179932135939302 0.175441913932909 0.165062469456542 0.151039214472405 0.133020091628142 0.116533993557774 0.105360487943019 0.0904760705429603 0.0728132761892485 0.0859090855664893 0.0991649909917647 0.0985293028198546 0.101151856179059 0.106711325209691 0.107365407113047 0.108729629855428 0.1184595456714 0.134243927069239 0.156586907846604 0.188538447591013 0.224080426083673 0.268447551996038 0.310380052634238 0.349138698891428 0.387533276581657 0.425971018513792 0.466571274940448 0.511999175599507 0.565036077410269 0.587184015230578 0.595384640238291 0.559415141096086 0.524772621372534 0.492680222968464 0.486221511363481 0.492951091075786 0.493234057781114 -9999 -9999 -9999 -9999 -9999 -9999 -9999 -9999 -9999 -9999 -9999 -9999 -9999 -9999
0.266645330240392 0.257226196291815 0.245921904105097 0.229200719379329 0.20973462502589 0.194140060460674 0.179816706664631 0.168294690687193 0.157938275235749 0.14830304623398 0.132043553863456 0.116355537553335 0.103683535403642 0.0868245057338422 0.0668306290401262 0.0827724983981117 0.098929120913608 0.0989615557325135 0.104560802947253 0.115177866799924 0.114596957528691 0.113996583644761 0.124006203954086 0.139769038919487 0.161764138246357 0.190533640071417 0.223335416955896 0.27378919157715 0.317972244221378 0.3539805856975 0.388647792287038 0.422957654061432 0.458389526348503 0.491562204574525 0.521174096341378 0.548813127353681 0.574162714093141 0.540374767763446 0.506774280345523 0.473534041896586 0.463297587460269 0.464896364036029 -9999 -9999 -9999 -9999 -9999 -9999 -9999 -9999 -9999 -9999 -9999 -9999 -9999 -9999 -9999
0.267912959384931 0.258627213719291 0.243416249073802 0.228836958505935 0.214577757037995 0.197197647358317 0.180647094976103 0.166170344588626 0.152352131824871 0.138941372901639 0.126876395501262 0.115008006329973 0.103446106180717 0.0853242467784349 0.0622909153013701 0.081065341855665 0.101274222426121 0.107237366550223 0.111926390622529 0.115466947611697 0.12047465790878 0.125950724984589 0.132446428220672 0.145177785668807 0.164664018058935 0.195915271257486 0.230926593808093 0.271898904873106 0.309344153423018 0.342191411910791 0.384450994841081 0.428794542426292 0.459644303135644 0.485384694363164 0.503072048457004 0.529984400807702 0.55938653049432 0.5345120388149 0.506774280345523 0.473534041896586 0.463297587460269 0.464896364036029 -9999 -9999 -9999 -9999 -9999 -9999 -9999 -9999 -9999 -9999 -9999 -9999 -9999 -9999 -9999
0.271925806796302 0.260734724251669 0.243327511356378 0.229775048346942 0.218175908206231 0.200212317482179 0.182776204508955 0.166849308973316 0.150801605428168 0.134679154919949 0.123336385243472 0.112966069066685 0.104490501413802 0.086458358543664 0.0612711632563217 0.0764169221079921 0.0950049079885431 0.107691801394097 0.115054434484492 0.117617882674372 0.125217081949188 0.133084017044118 0.137519408424341 0.148645164235211 0.167018367307993 0.199289145514004 0.234648240323093 0.266742688566982 0.297747675138902 0.327332405075349 0.36758278551043 0.410606337897693 0.443796450198424 0.468557120604307 0.48003188384752 0.510123370296404 0.546987452583347 0.544702617844788 -9999 -9999 -9999 -9999 -9999 -9999 -9999 -9999 -9999 -9999 -9999 -9999 -9999 -9999 -9999 -9999 -9999 -9999 -9999
0.278865172869497 0.263595386284212 0.24581530961374 0.232100966054547 0.220446857192691 0.203181236511898 0.186289805736619 0.17051672077702 0.153553217279141 0.135853171801306 0.121530983614302 0.11018386562519 0.106901375675905 0.0904008208030066 0.064003839100161 0.0686329915109883 0.0795522621768252 0.099808318985586 0.1136650775992 0.121753633034505 0.128749253444455 0.135078080083099 0.139002764186085 0.150042962293056 0.168791157926896 0.20052266605303 0.234244804005472 0.258104853314864 0.28298677037637 0.309200826505137 0.337206315725494 0.366806369250272 0.409716471364568 0.440376129123465 0.451727478166603 0.489161860141761 0.536376843569504 0.540492659014003 -9999 -9999 -9999 -9999 -9999 -9999 -9999 -9999 -9999 -9999 -9999 -9999 -9999 -9999 -9999 -9999 -9999 -9999 -9999
0.289134032052131 0.27057701725283 0.251024463679284 0.236201454538651 0.223775054146451 0.205959422515018 0.188601682235357 0.172548158758074 0.156194721810307 0.139655720832525 0.124724796479565 0.111471322655961 0.10282476949467 0.0900767132997517 0.0742578426626539 0.0747636367200725 0.0807865716175478 0.100132554534325 0.115377835773426 0.12692682411772 0.129320380592806 0.131277946709148 0.139737038616343 0.152235508341342 0.169109700496553 0.195165150713743 0.223373424416731 0.25028219634078 0.277152159300799 0.303971529669911 0.327373627906532 0.350040788837597 0.377894341771893 0.399744863418809 0.412133819593935 0.465474359300946 0.533599727940813 0.511058966930929 -9999 -9999 -9999 -9999 -9999 -9999 -9999 -9999 -9999 -9999 -9999 -9999 -9999 -9999 -9999 -9999 -9999 -9999 -9999
0.300014876345527 0.279440027789204 0.25768641317029 0.241141284635061 0.227235459629234 0.208789775210039 0.190926111577043 0.174619697594512 0.159233216504658 0.144415921102366 0.129388752184141 0.114173030073058 0.0984453415706038 0.0896028760728872 0.0859154091372156 0.0836905765065705 0.0855775380108181 0.102440271123111 0.117418859984236 0.130699117789899 0.128522665016224 0.126467165497619 0.139821500004693 0.153806864050097 0.168475801217288 0.188309724642958 0.210611836404276 0.241756352151369 0.271823450247101 0.300485992672919 0.320849094766369 0.337857878840568 0.346660673946878 0.358226486340951 0.374147176748537 0.374715500769461 0.370870581302208 0.446493115241969 0.496233023760756 -9999 -9999 -9999 -9999 -9999 -9999 -9999 -9999 -9999 -9999 -9999 -9999 -9999 -9999 -9999 -9999 -9999 -9999
0.309358383546458 0.294636702213233 0.270072743434955 0.249022374286853 0.229752451387967 0.212347410068796 0.195516138043634 0.179944158105185 0.165380151466527 0.15143980333628 0.135784166636588 0.119877916362004 0.103580882083097 0.095748873983225 0.0942546704469212 0.0879419314696519 0.0862506165626998 0.104438028361707 0.116254620298941 0.122328678874785 0.12304933769858 0.124730182322294 0.136498792593092 0.149388425209861 0.163492423712985 0.182398535002231 0.202931898493689 0.226602858135025 0.254056842493344 0.286442497322216 0.30140957100253 0.310360274777264 0.315655604823674 0.332726328647409 0.368356619104499 0.374715500769461 0.370870581302208 0.446493115241969 -9999 -9999 -9999 -9999 -9999 -9999 -9999 -9999 -9999 -9999 -9999 -9999 -9999 -9999 -9999 -9999 -9999 -9999 -9999
0.315971725601221 0.303620761438954 0.283493947337228 0.260902850428308 0.237063024002601 0.218416685309416 0.200864267494347 0.185641483523585 0.171616519001513 0.158332675589366 0.142706769759551 0.126955460112215 0.111307861474591 0.102430544904073 0.0986221700797497 0.0894431975138414 0.0851282079252358 0.101876336709835 0.112127430983058 0.116522224459655 0.118735635462135 0.121989354399167 0.132711348009948 0.144557362414702 0.157620990823906 0.175279217707439 0.194223450257966 0.214106443537859 0.238069939662214 0.267352908137011 0.278195277149776 0.282975940388413 0.287964848603002 0.289053823063088 0.283995989887597 -9999 0.369037983148752 -9999 -9999 -9999 -9999 -9999 -9999 -9999 -9999 -9999 -9999 -9999 -9999 -9999 -9999 -9999 -9999 -9999 -9999 -9999 -9999
0.319083387428549 0.304636587742529 0.298242468951321 0.277912896336773 0.250521791471048 0.227707363283107 0.207184731616313 0.191817041431593 0.177967591785524 0.165057515860904 0.150305539357742 0.135793559445629 0.122358592286744 0.109799264222673 0.0978955312310534 0.0874172293156285 0.081702926877884 0.0934667453255338 0.1041999945829 0.114004308776204 0.115909255787027 0.117961006081999 0.12832783656732 0.139197072606904 0.150610547722901 0.16661036897701 0.184195845826033 0.205017970206783 0.224365667076722 0.241791253688329 0.250139504091258 0.255736884456418 0.264524994191193 0.272811584373969 0.280307713896214 -9999 -9999 -9999 -9999 -9999 -9999 -9999 -9999 -9999 -9999 -9999 -9999 -9999 -9999 -9999 -9999 -9999 -9999 -9999 -9999 -9999 -9999
0.326666781585619 0.317499432171333 0.303241938270696 0.286208200022993 0.267767651545605 0.239202671286459 0.214525516506795 0.199371604219227 0.184594744695219 0.170051177227819 0.156430193384387 0.142921663025963 0.129557642010565 0.114588256806965 0.0984169279515701 0.0903250136885148 0.0855977166975842 0.0898799884245342 0.0978409314047281 0.109117757247047 0.111463632696336 0.113507240718261 0.122529449060767 0.132277313014268 0.142811255338463 0.156453775448114 0.171123720660121 0.187627098737895 0.20363355664806 0.218992213737411 0.227277176385067 0.2336414927124 0.245448387991504 0.252359202538602 0.251553151025313 -9999 -9999 -9999 -9999 -9999 -9999 -9999 -9999 -9999 -9999 -9999 -9999 -9999 -9999 -9999 -9999 -9999 -9999 -9999 -9999 -9999 -9999
0.334995220263793 0.33335638232795 0.306148320692655 0.292134507321848 0.284806634059693 0.25179507809377 0.223589970965169 0.207731195971221 0.191407830787049 0.17479701193211 0.162333140061054 0.149699520346204 0.135730501590878 0.119062207853451 0.100372954353107 0.095324349173183 0.0918825379620157 0.088131324687496 0.0923446730670524 0.103737122723951 0.106829862453594 0.109374464176503 0.11702193430477 0.125607766899331 0.13521009606258 0.146164241843547 0.15737921166979 0.16797523557319 0.181044505259426 0.197337976241221 0.206458174552298 0.213788886488781 0.228735671696303 0.237880429172755 -9999 -9999 -9999 -9999 -9999 -9999 -9999 -9999 -9999 -9999 -9999 -9999 -9999 -9999 -9999 -9999 -9999 -9999 -9999 -9999 -9999 -9999 -9999
0.33461842411904 0.338888808469944 0.322180494203831 0.303576594863335 0.284012143013583 0.269207382919357 0.250066570969368 0.22058880139555 0.199430627372665 0.183419996993008 0.171404165308375 0.158990460318382 0.144601415723315 0.129991169162799 0.115215307659524 0.106569770012751 0.0985305080899402 0.0899108507050883 0.0913052113400304 0.10172601343901 0.106367612927901 0.110962546302231 0.120843781334673 0.128342203737691 0.133259405185439 0.140205978500825 0.147499811905244 0.153527153529229 0.163571414293495 0.178852257683771 0.190237365811453 0.201225301610831 0.223966739368026 -9999 -9999 -9999 -9999 -9999 -9999 -9999 -9999 -9999 -9999 -9999 -9999 -9999 -9999 -9999 -9999 -9999 -9999 -9999 -9999 -9999 -9999 -9999 -9999
0.329222288566408 0.336500185436365 0.331649990179168 0.31431620427814 0.290656590811004 0.282077184794993 0.267107976408479 0.23655478986406 0.212411172322068 0.192233316814094 0.178373322497668 0.165094842611819 0.152251625084553 0.139454036916728 0.126690611663037 0.115053409663886 0.103804586925921 0.0935044614409731 0.0920221214700212 0.0984879622020796 0.10446940166048 0.111187073018265 0.122176808636759 0.128339855340671 0.129274311925059 0.132819508202975 0.136926535273321 0.140280708137761 0.148598242987303 0.163386173239419 0.176223665726998 0.187367266496354 0.184578840389552 -9999 -9999 -9999 -9999 -9999 -9999 -9999 -9999 -9999 -9999 -9999 -9999 -9999 -9999 -9999 -9999 -9999 -9999 -9999 -9999 -9999 -9999 -9999 -9999
0.316046957087319 0.321835167349049 0.330948356010696 0.323967081782739 0.308830237581886 0.287906813139282 0.269526296783672 0.257338288915181 0.233075456652683 0.201341625929746 0.182084910890298 0.166260555789757 0.158009931784531 0.146644687534627 0.132947512587406 0.119256717736508 0.106949347803267 0.0999096215270855 0.095461134985564 0.0933483416431126 0.100345672884866 0.109298300786644 0.119652552197895 0.12409591520725 0.122136211177752 0.123219539110837 0.125277857346223 0.128896612787312 0.137499558591278 0.152600052328745 0.165630641009123 0.177353033597689 0.180777600578042 -9999 -9999 -9999 -9999 -9999 -9999 -9999 -9999 -9999 -9999 -9999 -9999 -9999 -9999 -9999 -9999 -9999 -9999 -9999 -9999 -9999 -9999 -9999 -9999
0.3119791051973 0.312760629984233 0.319744436399721 0.320716673767598 0.318642660238444 0.296556720815087 0.275625907299345 0.258264442109099 0.241450887281544 0.224976338417351 0.205583481843888 0.186515819249213 0.168992724228525 0.153252424744743 0.138846912590702 0.125324298808533 0.113133722891529 0.105601767550706 0.0999604052810602 0.0960231869080569 0.09865982223825 0.103580436537683 0.114028947938411 0.117853809226057 0.114503492633104 0.113260310812028 0.113332544613671 0.119361404529602 0.129210596025802 0.144040092397502 0.159507104188199 0.174084443609974 -9999 -9999 -9999 -9999 -9999 -9999 -9999 -9999 -9999 -9999 -9999 -9999 -9999 -9999 -9999 -9999 -9999 -9999 -9999 -9999 -9999 -9999 -9999 -9999 -9999
0.311737116725929 0.306248118514955 0.304670418028072 0.312204664698275 0.324356221255655 0.306078243685738 0.283458824423146 0.252020995101807 0.245106359602399 0.253364842759655 0.219240078546193 0.188081871146363 0.174192697425197 0.159682523173945 0.144707402930761 0.132227928642853 0.120621139661685 0.111162553068029 0.105029009263555 0.101892594487873 0.0980858660209322 0.0965210885207793 0.107195720529575 0.110839247086382 0.106866213067981 0.103412848965713 0.10154215927431 0.110722800533123 0.122174109620826 0.1365855329869 0.140157772438913 -9999 -9999 -9999 -9999 -9999 -9999 -9999 -9999 -9999 -9999 -9999 -9999 -9999 -9999 -9999 -9999 -9999 -9999 -9999 -9999 -9999 -9999 -9999 -9999 -9999 -9999
0.31526940735783 0.309403129237515 0.303887387309468 0.3037826785315 0.306419910244734 0.305991788034359 0.299248869038835 0.277886741718274 0.258892823323141 0.241364175532245 0.225865145633182 0.208631790773921 0.185890643154117 0.168184922919191 0.154249250642111 0.141725001164658 0.130268653980596 0.122215428920728 0.114802664148418 0.107967197847534 0.101543724759459 0.09706548092908 0.102256408841663 0.105300187896386 0.106018032650798 0.102457207566071 0.0992495961617953 0.106977827311985 0.118785875119417 0.135912500741965 -9999 -9999 -9999 -9999 -9999 -9999 -9999 -9999 -9999 -9999 -9999 -9999 -9999 -9999 -9999 -9999 -9999 -9999 -9999 -9999 -9999 -9999 -9999 -9999 -9999 -9999 -9999
0.317518275186516 0.312041524936175 0.304454123726341 0.298919940119722 0.294426186376931 0.302219633107202 0.305033693050566 0.29568030663722 0.273510443710343 0.24341070344725 0.234706617544822 0.223361756962734 0.199938504276237 0.179901360680933 0.162399412747995 0.150660651664461 0.140382214625804 0.132950275857748 0.124488527871844 0.115098529846282 0.107290863246825 0.100814735133799 0.0997135672065676 0.100972480037826 0.104787989151443 0.102571129011081 0.0998904016122358 0.105302807982244 0.10836570394076 -9999 -9999 -9999 -9999 -9999 -9999 -9999 -9999 -9999 -9999 -9999 -9999 -9999 -9999 -9999 -9999 -9999 -9999 -9999 -9999 -9999 -9999 -9999 -9999 -9999 -9999 -9999 -9999
0.317344063880696 0.313704560775368 0.307569196181988 0.300776997357563 0.293651959993036 0.291488944336931 0.291928840783497 0.298233737913386 0.289697272912411 0.271978082762612 0.247732621841869 0.227103755892521 0.218422963332293 0.19768584432418 0.167922097498837 0.158536347499474 0.151375662340291 0.143084689930536 0.134008643463839 0.124224946481044 0.117360120663791 0.110614710681804 0.101695217864188 0.0989317816732556 0.102836995031347 0.104704365841031 0.106069354071521 0.107535824313911 -9999 -9999 -9999 -9999 -9999 -9999 -9999 -9999 -9999 -9999 -9999 -9999 -9999 -9999 -9999 -9999 -9999 -9999 -9999 -9999 -9999 -9999 -9999 -9999 -9999 -9999 -9999 -9999 -9999
0.315502302774222 0.312933171568885 0.308102923504084 0.302109601443474 0.295526913249831 0.288442219137601 0.285246822228961 0.291159418968948 0.290474069026147 0.285706403026344 0.274408624137054 0.259213448105131 0.233878023008778 0.203656276750789 0.169776119059417 0.161180298863973 0.1557517726154 0.150469560640584 0.142900694639148 0.133270683083651 0.125157321076651 0.117130805000466 0.108102916060538 0.105854752459645 0.110950837793809 0.110152000886584 0.108127235080988 -9999 -9999 -9999 -9999 -9999 -9999 -9999 -9999 -9999 -9999 -9999 -9999 -9999 -9999 -9999 -9999 -9999 -9999 -9999 -9999 -9999 -9999 -9999 -9999 -9999 -9999 -9999 -9999 -9999 -9999
0.312817816913955 0.31093150411438 0.307332124004091 0.303177164177599 0.298740674654708 0.289278716080071 0.281810692317097 0.279219552122411 0.28346314189757 0.291935551522692 0.277549175906722 0.259213448105131 0.233878023008778 0.203656276750789 0.169776119059417 0.161180298863973 0.156783698469652 0.156464902682587 0.151475342741573 0.142275646654946 0.131806298702623 0.121987333890026 0.116747392925134 0.117307666444937 0.124151117663258 0.117274623641117 -9999 -9999 -9999 -9999 -9999 -9999 -9999 -9999 -9999 -9999 -9999 -9999 -9999 -9999 -9999 -9999 -9999 -9999 -9999 -9999 -9999 -9999 -9999 -9999 -9999 -9999 -9999 -9999 -9999 -9999 -9999
0.313613911342775 0.308652921596637 0.305219593626069 0.301733114838689 0.298219702862633 0.292325655201067 0.286103182161793 0.279217029163599 0.277618654277434 0.279291961102325 0.278232267327049 0.274819462064151 0.265040359165754 0.26085345437337 -9999 -9999 -9999 -9999 0.151626967664305 0.142434880817024 0.131923872124499 0.122073211562069 0.116900252625148 0.1175101875487 0.124384537319825 -9999 -9999 -9999 -9999 -9999 -9999 -9999 -9999 -9999 -9999 -9999 -9999 -9999 -9999 -9999 -9999 -9999 -9999 -9999 -9999 -9999 -9999 -9999 -9999 -9999 -9999 -9999 -9999 -9999 -9999 -9999 -9999
0.313185075324059 0.306479497092663 0.302888921600541 0.300280322627554 0.298169322006776 0.294337321891113 0.289057366896168 0.280469592655545 0.274712854000128 0.270707748478939 0.276733965749469 0.279253050087362 0.269438925315383 0.26301569397229 0.259131240347496 -9999 -9999 -9999 -9999 -9999 -9999 -9999 -9999 -9999 -9999 -9999 -9999 -9999 -9999 -9999 -9999 -9999 -9999 -9999 -9999 -9999 -9999 -9999 -9999 -9999 -9999 -9999 -9999 -9999 -9999 -9999 -9999 -9999 -9999 -9999 -9999 -9999 -9999 -9999 -9999 -9999 -9999
0.309756794236749 0.304562651617751 0.300106350322861 0.298912486031136 0.299371801062261 0.293844616233403 0.288569861148766 0.284145312917986 0.278603847117717 0.272371316241071 0.270257134753817 0.270541625065272 0.277046940733198 0.272648659180942 0.260086803558175 -9999 -9999 -9999 -9999 -9999 -9999 -9999 -9999 -9999 -9999 -9999 -9999 -9999 -9999 -9999 -9999 -9999 -9999 -9999 -9999 -9999 -9999 -9999 -9999 -9999 -9999 -9999 -9999 -9999 -9999 -9999 -9999 -9999 -9999 -9999 -9999 -9999 -9999 -9999 -9999 -9999 -9999
