layers/veg/veg_5600.asc
NCOLS 255 
NROWS 330 
XLLCORNER -2985163.8955 
YLLCORNER -3022031.214 
CELLSIZE 25000 
NODATA_value -9999 
[rows 75 to 99 of 330, columns 171 to 227 of 255]
0.742337551676605 0.735838715257864 0.718376295543985 0.711631288055693 0.71665538096649 0.713012136546421 0.710063678946936 0.73022720293824 0.737851051491946 0.728899726902317 0.716421091073278 0.702846339089715 0.690497273484061 0.67973266676576 0.671501445809586 0.66625318671059 0.662328736404457 0.661337578548503 0.660682284913847 -9999 -9999 -9999 -9999 -9999 -9999 -9999 -9999 -9999 -9999 -9999 -9999 -9999 -9999 -9999 -9999 -9999 -9999 -9999 -9999 -9999 -9999 -9999 -9999 -9999 -9999 -9999 -9999 -9999 -9999 -9999 -9999 -9999 -9999 -9999 -9999 -9999 -9999
0.723667099652736 0.713991994678574 0.710206837196369 0.708950524530572 0.710471209512301 0.718753814140154 0.727788795087165 0.728986932405902 0.726228750721514 0.718241033965553 0.709909392600789 0.70119506443437 0.688744133073971 0.680765056921371 0.679936014388547 0.675326935371569 0.669142617909992 0.664049527976311 -9999 -9999 -9999 -9999 -9999 -9999 -9999 -9999 -9999 -9999 -9999 -9999 -9999 -9999 -9999 -9999 -9999 -9999 -9999 -9999 -9999 -9999 -9999 -9999 -9999 -9999 -9999 -9999 -9999 -9999 -9999 -9999 -9999 -9999 -9999 -9999 -9999 -9999 -9999
0.711642668073929 0.702597914956849 0.709594803372597 0.713837657015353 0.715056225404946 0.721549704362506 0.727928495965393 0.722668313180791 0.716440169076069 0.708932555932703 0.700922350808759 0.692785235521964 0.685231998132403 0.680790298452972 0.681323625513634 0.677586388429798 0.672160267399365 0.672233194825033 -9999 -9999 -9999 -9999 0.644715184291933 0.643416422073609 0.649890675035675 -9999 -9999 -9999 -9999 -9999 -9999 -9999 -9999 -9999 -9999 -9999 -9999 -9999 -9999 -9999 -9999 -9999 -9999 -9999 -9999 -9999 -9999 -9999 -9999 -9999 -9999 -9999 -9999 -9999 -9999 -9999 -9999
0.703488525406033 0.697290897460584 0.713383811732107 0.723131929720084 0.72591264336632 0.722630124659419 0.717827386084025 0.713392333713736 0.707719447942615 0.700410371263402 0.690493800691632 0.680439583990424 0.68069551830869 0.680229030180192 0.678607463333349 0.67587755807316 0.672739859302607 0.672463874494042 -9999 -9999 -9999 0.649121032703149 0.644715184291933 0.643416422073609 0.649890675035674 0.652409356807735 -9999 -9999 -9999 -9999 -9999 -9999 -9999 -9999 -9999 -9999 -9999 -9999 -9999 -9999 -9999 -9999 -9999 -9999 -9999 -9999 -9999 -9999 -9999 -9999 -9999 -9999 -9999 -9999 -9999 -9999 -9999
0.696716206278961 0.69518982124844 0.696255223593893 0.700166047606383 0.707201511464034 0.710254829695293 0.710489154194581 0.696627137173516 0.686384065463647 0.680924582087288 0.679830074212169 0.680251503904345 0.681386360724083 0.681125968145636 0.678634716194195 0.678739918388722 0.679899169172866 0.678994712973556 0.675182326901673 0.665696374505422 0.656253335691234 0.646832711934581 0.640648829588009 0.638728181918365 0.646896441823963 0.654465862876375 0.661653977555708 0.67251988924165 0.683587059795093 0.694410877670983 0.699118683241072 -9999 -9999 -9999 -9999 -9999 -9999 -9999 -9999 -9999 -9999 -9999 -9999 -9999 -9999 -9999 -9999 -9999 -9999 -9999 -9999 -9999 -9999 -9999 -9999 -9999 -9999
0.689103297966299 0.690351643015827 0.681394689780579 0.680586610402559 0.688727045138446 0.696227899841748 0.700452299657923 0.680174669163337 0.668054383476197 0.666716625873305 0.672335569090183 0.67990571806799 0.682114170247499 0.682354009372674 0.679446239984437 0.681710313160729 0.685951277804235 0.680316803384482 0.673487200196485 0.66432582057992 0.654769497066077 0.645006882449153 0.637377018775842 0.634777291765142 0.644186061555336 0.653105566001641 0.661713534226208 0.673112075915106 0.68445196807506 0.694962956838285 0.703442225014362 0.710357574575041 0.715002445293245 0.720023289899997 0.727731892891014 0.738915286931976 0.753317339478097 0.764974612425914 -9999 -9999 -9999 -9999 -9999 -9999 -9999 -9999 -9999 -9999 -9999 -9999 -9999 -9999 -9999 -9999 -9999 -9999 -9999
0.678996154082831 0.677577730658495 0.675734723692453 0.674892349172975 0.675148798089443 0.67962447232417 0.682648480527377 0.665652714792298 0.659746331545271 0.668498097602574 0.673529897453987 0.67738177399828 0.682191586062514 0.684276686402625 0.682005254716003 0.68431870573675 0.688251668893365 0.677178037883299 0.667162742971526 0.659212332809474 0.652067764226976 0.64534411099347 0.636859556772234 0.633513942702082 0.642681249880462 0.652304900215791 0.662219123804894 0.675321503254077 0.687678909992394 0.697022744503543 0.704472927421978 0.710465470448564 0.715002445293245 0.720023289899997 0.727731892891014 0.738915286931976 0.753317339478097 0.764974612425914 0.774371776797428 -9999 -9999 -9999 -9999 -9999 -9999 -9999 -9999 -9999 -9999 -9999 -9999 -9999 -9999 -9999 -9999 -9999 -9999
0.662891592257612 0.662055754300868 0.665210026887044 0.666804934020612 0.66668745684122 0.669104622459604 0.670952050519937 0.663153880124465 0.66193883155178 0.669425474229348 0.672950587471875 0.675361713198759 0.680786054003962 0.68320120278073 0.680804964969186 0.683457210261508 0.687885219627837 0.675436504888458 0.664411461707628 0.656164097276114 0.650007600156653 0.644943226063202 0.638769050626596 0.636463771046554 0.64356554443271 0.652622327961953 0.662923950270492 0.674698533823541 0.686232545317803 0.696690087346329 0.699717804378405 0.6970264074267 0.702065107850118 0.710054471139812 0.725699577037401 0.739446980785556 0.75143656512076 0.763790185633573 0.776038862494268 0.787330767822188 -9999 -9999 -9999 -9999 -9999 -9999 -9999 -9999 -9999 -9999 -9999 -9999 -9999 -9999 -9999 -9999 -9999
0.642550898221317 0.644592748896609 0.651249244304416 0.657027172036195 0.66184031918765 0.662881761650126 0.663569428227954 0.66914728747595 0.671548144381446 0.669749581280758 0.671118510615602 0.673697558252756 0.67833307730914 0.680008040345285 0.676949380736178 0.6801448426467 0.685635111688214 0.674681873537617 0.664184007519231 0.65457460308953 0.648400592787003 0.644020992396613 0.642392766498606 0.642389476126708 0.646137326824339 0.653729494237587 0.663769502929008 0.672074968919022 0.681485302702312 0.694667584213045 0.69087600240075 0.674018775147831 0.679989792630449 0.693044416523377 0.72223178366093 0.740354223830713 0.748227350939109 0.761769167405481 0.775906776229856 0.787285194231062 0.793279175805635 -9999 -9999 -9999 -9999 -9999 -9999 -9999 -9999 -9999 -9999 -9999 -9999 -9999 -9999 -9999 -9999
0.62537090675537 0.628501789896959 0.63128328348957 0.63640805360085 0.644106043443774 0.651039941935038 0.657118832939169 0.658019224541939 0.655746996101202 0.649281140257517 0.654644099750597 0.663779032254987 0.670147966318095 0.673258183951315 0.671158051305218 0.674137362179376 0.678890893732862 0.666079825871705 0.655810920154329 0.650501943376805 0.646468548521262 0.643101428555821 0.644706076821164 0.647548097469259 0.653067924917085 0.659095927177875 0.665447506130108 0.673345295607349 0.681630035144797 0.690734046175162 0.690121607682621 0.682029924071159 0.658520126722465 0.649936570962446 0.708757046173495 0.740641933644581 0.747576699705602 0.753963460356329 0.761763048931947 0.777834092741176 0.791803550156961 0.803433511082945 0.805861357125701 -9999 -9999 -9999 -9999 -9999 -9999 -9999 -9999 -9999 -9999 -9999 -9999 -9999 -9999
0.60823254771176 0.611042542111509 0.610999650801322 0.615761624844571 0.625799960527963 0.638170875559701 0.649261468712971 0.64552150285646 0.639565331970928 0.630679740602389 0.639216974712162 0.653215487591982 0.661818550255553 0.666726443355798 0.665726142791259 0.667862090753629 0.670964993817839 0.657182410034611 0.64770353121824 0.646621469601721 0.64454706053119 0.641954318471242 0.646211876917179 0.651553316550582 0.659085425612231 0.663999636996529 0.667246920687116 0.674423632623063 0.68124236856403 0.686054474917576 0.688820410129828 0.690011303400583 0.641566329385381 0.613966446907782 0.695280715546973 0.738409442124836 0.746167345547213 0.746083709581732 0.748060671413681 0.769558548321395 0.787675041533242 0.80202736149395 0.788420626905247 -9999 -9999 -9999 -9999 -9999 -9999 -9999 -9999 -9999 -9999 -9999 -9999 -9999 -9999
0.590065560463237 0.588281327149885 0.591834810299491 0.599047921339122 0.610279775630801 0.623791952612171 0.636130868599056 0.634588739313807 0.631492874563529 0.626343253758721 0.632898473597287 0.643460013655093 0.655113651640408 0.662280185954435 0.662272305933852 0.661650372510007 0.660570394114994 0.650166429608604 0.643553407649235 0.644336768998574 0.64278331921521 0.640009282534365 0.6453764524838 0.651804010901418 0.660285365161294 0.665700118636239 0.669162235910703 0.673382693697177 0.677172349875891 0.679472168360457 0.682599072254247 0.686362625831163 0.64020338684228 0.612692000501153 0.685517132765285 0.72758066783679 0.741150093474593 0.740094080068432 0.741110402154596 0.76889500663415 0.78851690749403 0.799052045837222 0.786422973601511 0.769730132118384 -9999 -9999 -9999 -9999 -9999 -9999 -9999 -9999 -9999 -9999 -9999 -9999 -9999
0.580647607590977 0.577473280571173 0.583082786545372 0.588659838654269 0.594201252234848 0.607718170718057 0.621270874082195 0.618873267327513 0.617190430328709 0.616452389111922 0.625248667244391 0.637190106061014 0.64836807675357 0.655878278238456 0.657524096391186 0.654865943736731 0.650285936861827 0.640919265963617 0.635379101515325 0.63730470793689 0.63838367096351 0.639020406622995 0.645233246748137 0.651912796557369 0.659372517505019 0.66449178690069 0.668120790446195 0.671116175632673 0.673464762726876 0.673989402971 0.675465875959576 0.677675022996548 0.650559251606994 0.636408784150955 0.689187046511106 0.720752936352655 0.732670052429023 0.726461757987576 0.723282100513297 0.75578277163723 0.772147850388007 0.770550706964313 0.775493720193787 0.783991285635872 0.807398510587581 -9999 -9999 -9999 -9999 -9999 -9999 -9999 -9999 -9999 -9999 -9999 -9999
0.578678448513648 0.57684197837947 0.583196075400897 0.583657292600219 0.577647367997182 0.590201411889387 0.604938499672464 0.599085870664066 0.597583870779346 0.601832612320613 0.616465408013196 0.633887756237262 0.641587870712348 0.647811359813626 0.651673877779674 0.647593917994907 0.640095253202456 0.629772507117359 0.623778668013526 0.626230816930888 0.631739851940225 0.638845590704837 0.645679385403928 0.65190076332515 0.656660875199154 0.660806936033038 0.664562004242197 0.667806218270719 0.670065744236254 0.669442770081968 0.667556337380505 0.664697356409261 0.670892329330802 0.681402718097146 0.704294033341222 0.7173316313985 0.721241845916779 0.706322564573786 0.696192408800252 0.732071909924237 0.741125677128629 0.720316903094148 0.756960239328244 0.804251257026026 0.814776223412251 0.820803907074408 -9999 -9999 -9999 -9999 -9999 -9999 -9999 -9999 -9999 -9999 -9999
0.555229823506657 0.556568370649837 0.568174762200541 0.573773016550691 0.572773561637033 0.577763315199763 0.584384550031092 0.591664995275004 0.598902517723348 0.606083304032716 0.615282139594466 0.625159604778203 0.635056105452682 0.641079172399191 0.64090901973281 0.637872198828732 0.633653427108684 0.630857402090977 0.628005111530811 0.625043043121485 0.62539728569124 0.627483737455137 0.634274694016459 0.641088218092637 0.647664043007307 0.652648332147522 0.656619222222938 0.661924975743823 0.666249307552766 0.66727109314548 0.668632565939401 0.670255513239581 0.678414013715117 0.688358296117721 0.701959116097559 0.701142551100919 0.686971330209948 0.695144940823776 0.708749728286087 0.728259896413219 0.736173189242935 0.731176782459244 0.761742046856355 0.798019640213117 0.804379632509458 0.807675610355024 0.806864906237567 0.806658439270961 -9999 -9999 -9999 -9999 -9999 -9999 -9999 -9999 -9999
0.529188074934869 0.534282963683205 0.551380795658464 0.56312045768378 0.568976158285491 0.567257113911554 0.566158350319447 0.585361098775947 0.600380428785051 0.60987003950902 0.61267597373606 0.613989193720229 0.625793205710323 0.631436361938237 0.627228947479213 0.625152003055398 0.624129571531629 0.630326645696709 0.63149824241028 0.622864795370325 0.617790949507367 0.614576390642875 0.621979058494854 0.62965907923772 0.637349157209084 0.643305084033838 0.648156802471699 0.655311230210823 0.661328404948535 0.663342548188494 0.666553225702055 0.670684936470033 0.67814643223682 0.686151980276223 0.694567418637676 0.684104983194114 0.656156192971656 0.685375084456698 0.720709222641102 0.728798783978315 0.738785815830976 0.750885121356632 0.769990992039067 0.789101990748973 0.793185717020137 0.797385676484987 0.80174142266941 0.790915096465384 -9999 -9999 -9999 -9999 -9999 -9999 -9999 -9999 -9999
0.507620858049038 0.517770427979009 0.537994359671656 0.552648215969951 0.561185411346116 0.561859071883112 0.562078321335739 0.574723101537449 0.586432220809723 0.596904566292593 0.597543620094325 0.595592596823692 0.603568441412359 0.607152984443735 0.603716290804826 0.600305030724306 0.597298097482604 0.612789146933419 0.619331800345585 0.6084155325847 0.604042842419922 0.603088060088896 0.614675865797215 0.623693479504768 0.625728623493095 0.631880105847178 0.640652637327026 0.647259608217415 0.651565965317664 0.649364133943961 0.642775391771499 0.632809821355202 0.651359360123471 0.670503361803404 0.677010831374766 0.672966976549789 0.659149552747325 0.675262068818604 0.699234683124058 0.734303405192201 0.756624004058372 0.764753328382785 0.776433298556516 0.788097777787453 0.79199957774169 0.790932907525483 0.783207023666328 0.778880299420851 0.775915584509458 -9999 -9999 -9999 -9999 -9999 -9999 -9999 -9999
0.491563501754572 0.503152488075502 0.526951601579049 0.542961026454229 0.550416368905854 0.548940844973449 0.547095178437581 0.560510984322756 0.572706619829505 0.583289411735361 0.58245702619493 0.578360700109962 0.582192326901706 0.58482545928979 0.58554232317608 0.584119544838984 0.58207668672247 0.593415095033988 0.59870617597254 0.592198515387334 0.591026720626614 0.592642009435011 0.604737414435887 0.613379733802205 0.613036682214772 0.619772544752629 0.631015855422985 0.636417573641334 0.639835710126102 0.638568448318227 0.626955977551587 0.607380273566199 0.630508559883059 0.654716595255266 0.660753001022822 0.661318892327197 0.65681750975771 0.670714903666567 0.691861437389287 0.732988480629545 0.758149468771146 0.765536964480635 0.774568004285907 0.783193522438169 0.784978568584453 0.781286519880728 0.77025355063251 0.769141807300966 0.770534534799786 0.758833670479748 0.752342670277877 0.754302422044151 0.75119265883442 -9999 -9999 -9999 -9999
0.481144927999114 0.490473474491862 0.518307359704365 0.534077258105612 0.536599343601429 0.528326472853725 0.520953806153733 0.542641118426423 0.559208834492944 0.569009374330424 0.56741726274284 0.562320755705205 0.561684719229489 0.564499550300888 0.572831961399529 0.576798210364098 0.578736996209991 0.572161517584989 0.569423437920548 0.574172381145192 0.578759711415546 0.583262626368072 0.592102043562318 0.598616102451188 0.599248264146433 0.606966429399111 0.619196556929691 0.62271983527985 0.626091595629097 0.631029962083385 0.619281197367025 0.594687499523326 0.615732930806935 0.63878844818724 0.645824316421578 0.649148795524764 0.649035458074021 0.671863821022441 0.698919433214698 0.724694443798787 0.742980518263675 0.752929871565023 0.764200724622389 0.774297969931209 0.771986162901966 0.768371787968449 0.763011588332067 0.761753349977539 0.761500000548368 0.755380758479079 0.752342670277877 0.754302422044151 0.75119265883442 0.745996287514731 -9999 -9999 -9999
0.474310202313364 0.484561920423617 0.510027976824355 0.524767386730204 0.527727555818715 0.522380251981906 0.516843408427637 0.52672161552247 0.535661359190004 0.543360624675021 0.542161679547172 0.538677068576121 0.544987807153381 0.552405231680847 0.561592132495628 0.565484133281834 0.567033976031354 0.563737384372609 0.562255289865365 0.56431340106649 0.56691871850586 0.569809858258927 0.583358103736938 0.592789055377805 0.591620483437178 0.596092613968482 0.60415642160917 0.609147937697905 0.614509959153334 0.621717112299997 0.612228004970996 0.589886937224511 0.603796266002933 0.621269915326086 0.633836296730544 0.640737281296498 0.642390474712636 0.664587353691737 0.690140457428387 0.712210521507222 0.72932764940313 0.740931143955043 0.74479600155506 0.747261716998387 0.754965599359805 0.758436244010591 0.75623310309974 0.754500491622492 0.752683946028831 0.747249305816291 0.743259143388117 0.741612021623252 0.736210515997086 0.729092196320385 0.716155285666673 0.70316098321541 0.69005298878399
0.468693967973944 0.481042959810885 0.50246391515773 0.515703044689845 0.51995747461028 0.518414591774359 0.515435861659801 0.51294808199463 0.513917810112092 0.519457735474831 0.519840359726567 0.519480992359765 0.532946355307614 0.544070484758887 0.551451224177526 0.554307034563426 0.555294749121028 0.558413982573806 0.559635148747649 0.557153058286342 0.556808002170942 0.557579183515035 0.575578789525246 0.587810889919848 0.585052340296881 0.585971479977708 0.58923236211944 0.595213420867445 0.602036597007855 0.610792978218616 0.604203558431534 0.58580169553563 0.592443403987483 0.604034302012833 0.622113766929972 0.633173853684339 0.637731972147721 0.657552134640429 0.680023207488564 0.700764369028338 0.716896619224128 0.727898206248184 0.723786905902877 0.71849854933929 0.73611859466106 0.74646478720898 0.74706187430457 0.745011258281101 0.741842485977049 0.735517997568739 0.729046658113757 0.722337116328822 0.715436848767858 0.708546026582529 0.70680768511448 0.701563790286797 0.689375465767051
0.465681899877759 0.483053641317487 0.499112425146926 0.508935488647651 0.511910927267993 0.505035081715428 0.498074016808331 0.510491617488735 0.519726753293183 0.524755248614465 0.532874282550172 0.541712525033849 0.546104927087875 0.54813211138477 0.546377557298885 0.550206197593591 0.556220433384022 0.553992798371893 0.553250325890451 0.555405505171453 0.55759153563393 0.559793680598494 0.568234105012461 0.574708734121184 0.576051214241614 0.577893403044899 0.580053777791601 0.578663777861069 0.580272658756321 0.591849837221036 0.588735552037493 0.574312500465359 0.580606927316884 0.591141868890904 0.607625549011476 0.625472033790421 0.64458086866222 0.665129941499902 0.685411620990926 0.702712593246585 0.71028316518088 0.707021806785201 0.706013631592638 0.706201606965469 0.711294298209192 0.716303536088949 0.721200921877255 0.720382246295876 0.7171418193748 0.706973401885572 0.694610225051096 0.678687000116368 0.679118788917857 0.686497067235652 0.689216628531642 0.68930339647169 0.684174654482664
0.465166265317814 0.484848638031707 0.497181045281574 0.505064634684426 0.508062848513709 0.499584470321989 0.491410341114995 0.508990042381863 0.521485425487981 0.527260263532975 0.535851621876058 0.544856399083511 0.546425821498192 0.545199839911575 0.539504296663999 0.542264479234009 0.548387373160033 0.54450187480956 0.543512368779208 0.548173138107295 0.552276597232485 0.556088956438659 0.558834764726998 0.562188832141866 0.567077256556106 0.569622333333524 0.570675300199387 0.565160643119031 0.564087674016648 0.578083889396517 0.57858621896737 0.568701618689571 0.571875322209859 0.578725754200324 0.593313762215945 0.612822070839859 0.636887996648001 0.656535954432608 0.675404871991359 0.694711024583712 0.700370972359418 0.690839896645787 0.691167290000523 0.69343388553409 0.690305579219248 0.692124055411885 0.700572677390336 0.701712953374786 0.699554843971975 0.68555194209558 0.669782435278208 0.651147375762476 0.655810982162785 0.670344269272349 0.676775704806934 0.680579550461815 0.679178194167902
0.46772286668458 0.486378202256586 0.49699732396407 0.504758607129271 0.509381615119406 0.503891558056425 0.497912367276127 0.508663601912115 0.518259631701066 0.526328690520875 0.52645282673927 0.524510046082694 0.530948028277177 0.533660527755818 0.530416365976352 0.529595980199312 0.529775364049502 0.528771876512802 0.529647877004491 0.534190884766716 0.539456574442475 0.545099742666826 0.546906862318728 0.550385480824238 0.558136733624794 0.561113757059569 0.561050823961741 0.555406693766808 0.55476842840592 0.57068925434075 0.574982311213388 0.570324883158654 0.566964727286744 0.566895820786393 0.579219100381562 0.594082675645886 0.611299297221089 0.628040149199555 0.646452066287562 0.67446474333028 0.686399186666708 0.680435259783652 0.679922978152498 0.680086799856408 0.674037113625652 0.675306040519281 0.686384064920485 0.690377988708836 0.690722332630427 0.672896569479215 0.656779522351924 0.643434128184217 0.648514243354677 0.661447582304725 0.670672792074458 0.676207957001839 0.674433218373526
0.471312601161073 0.48282371936104 0.492448798690305 0.498624306061881 0.501011738677223 0.496760670953483 0.492514630524627 0.501819180196807 0.509787640215728 0.515990032408734 0.514992447197142 0.511773040483469 0.511273338667604 0.511716676645862 0.513667837645986 0.510354427710872 0.505025812905797 0.509614864296123 0.514149216951636 0.51857684870485 0.520123970651505 0.520166515493598 0.527579514925825 0.535644735971957 0.544826451041754 0.548028544552353 0.547423156639528 0.546388465479744 0.548762355960135 0.561626263880535 0.566895384521392 0.56631841132356 0.559870634654356 0.55576360859416 0.564043085663454 0.572139555880012 0.580066508978966 0.597818564263114 0.618419044806691 0.6441220246751 0.655316288298411 0.650359376394109 0.653940280002656 0.659358973782255 0.66139642589717 0.66442369322781 0.668777604527808 0.671873493284897 0.673560729218419 0.660776548661488 0.64852888646628 0.637151493341136 0.640088043754142 0.649225120562941 0.661101589036193 0.666852779749993 0.660469920178136
