layers/veg/veg_3900.asc
NCOLS 255 
NROWS 330 
XLLCORNER -2985163.8955 
YLLCORNER -3022031.214 
CELLSIZE 25000 
NODATA_value -9999 
[rows 75 to 99 of 330, columns 0 to 55 of 255]
-9999 -9999 -9999 -9999 -9999 -9999 -9999 -9999 -9999 -9999 -9999 -9999 -9999 -9999 -9999 -9999 -9999 -9999 -9999 -9999 -9999 -9999 -9999 -9999 -9999 0.646806010835931 0.653054606154241 0.659303201472551 0.663135425475751 0.664298387712347 0.650958269794293 0.624621741421531 0.58203006349718 0.469382206289405 0.347203279849771 0.365922971607923 0.403693334125372 0.470233398107813 0.578196627346289 0.698983446247363 0.719553759387134 0.737108453896528 0.749122888262908 0.763085196465986 0.778004785539333 0.794192344750092 0.807613052469366 0.814741318097738 0.822802500837383 0.831424460000404 0.837931294423336 0.845004818397852 0.854051414435818 0.862577948113588 0.870725796731746 0.874084905393509
-9999 -9999 -9999 -9999 -9999 -9999 -9999 -9999 -9999 -9999 -9999 -9999 -9999 -9999 -9999 -9999 -9999 -9999 -9999 -9999 -9999 -9999 -9999 -9999 -9999 0.630511908416101 0.64685155140549 0.663191194394879 0.666975769226355 0.667704877428577 0.667902807266426 0.644436666381595 0.591372890831627 0.474072650752381 0.348917721452391 0.363081209307558 0.405053450555144 0.489021563933532 0.590780620960045 0.696551953375715 0.717349918648328 0.734176603378017 0.743707296801956 0.756290457030932 0.770373749365252 0.78210482441887 0.792687885270759 0.800735747352365 0.808755451816668 0.816758230738786 0.826069056812871 0.83596424060226 0.847291223667668 0.857358921998787 0.866509668150374 0.873240351506521
-9999 -9999 -9999 -9999 -9999 -9999 -9999 -9999 -9999 -9999 -9999 -9999 -9999 -9999 -9999 -9999 -9999 -9999 -9999 -9999 -9999 -9999 -9999 -9999 -9999 0.651848334041238 0.657357018823704 0.662865703606169 0.668543871223267 0.67350947757796 0.67326629157984 0.656662384459728 0.619595444909495 0.49723393283331 0.360944427532708 0.369605594099544 0.416543390916997 0.521285305988854 0.616302903061437 0.704865971273971 0.720379587397415 0.733309168168016 0.741491388669225 0.751956632114208 0.763543865161025 0.77302340574384 0.782209175410442 0.79078577314 0.798544423908149 0.805811406803572 0.815573209804274 0.825693452561994 0.836399551567825 0.846300154521443 0.855614232965893 0.863382799226868
-9999 -9999 -9999 -9999 -9999 -9999 -9999 -9999 -9999 -9999 -9999 -9999 -9999 -9999 -9999 -9999 -9999 -9999 -9999 -9999 -9999 -9999 -9999 -9999 -9999 0.695098778229528 0.677592641090984 0.660086503952441 0.668788740447286 0.680710609726199 0.671885586345932 0.664468551999226 0.658812547929864 0.53115164857239 0.378976448099241 0.38158432492148 0.433932402092416 0.561396507088383 0.649359756395916 0.719437603261534 0.726456973784986 0.733643938660223 0.741138805966502 0.749055912955994 0.757180529263488 0.765692580826566 0.774319845867487 0.783197562695679 0.790567290718324 0.797030566754349 0.805873076025586 0.814706255490579 0.82310192442829 0.831840632197665 0.840829124782016 0.848276555941589
-9999 -9999 -9999 -9999 -9999 -9999 -9999 -9999 -9999 -9999 -9999 -9999 -9999 -9999 -9999 -9999 -9999 -9999 -9999 -9999 -9999 -9999 -9999 -9999 -9999 0.68894349958018 0.686602955508567 0.684262411436955 0.683057042771163 0.679232323325752 0.655419467892317 0.607156136500263 0.528311580800157 0.457627844468852 0.399218109793978 0.452165784648094 0.519296352991351 0.607845464374265 0.669133677755954 0.718174203676073 0.726377824574347 0.733310580733723 0.73790851869389 0.744236166475723 0.751413878616036 0.759984591874651 0.768608893634244 0.777317813604592 0.784771022518408 0.791469423586418 0.793956831842475 0.797573764242834 0.805122577696165 0.813238703063587 0.821767918403384 0.826574584449693
-9999 -9999 -9999 -9999 -9999 -9999 -9999 -9999 -9999 -9999 -9999 -9999 -9999 -9999 -9999 -9999 -9999 -9999 -9999 -9999 -9999 -9999 -9999 -9999 -9999 -9999 -9999 0.704958851012118 0.704958851012118 0.629508175206156 0.626866128861603 0.560884101590207 0.415680133295262 0.39089643959518 0.409769627403906 0.498603995883671 0.575977054854417 0.636041618122382 0.678271107717485 0.712581283881039 0.722798254416268 0.730465727484162 0.733449292891878 0.738748733307394 0.745186308442485 0.753873581726508 0.762406741651875 0.770532146180363 0.777913994014949 0.784848889962441 0.783753380122053 0.783876804709247 0.788845612651007 0.795275832422117 0.802770183859108 0.806441769836748
-9999 -9999 -9999 -9999 -9999 -9999 -9999 -9999 -9999 -9999 -9999 -9999 -9999 -9999 -9999 -9999 -9999 -9999 -9999 -9999 -9999 -9999 -9999 -9999 -9999 -9999 -9999 -9999 -9999 0.63009043874971 0.632059622293376 0.554122776452661 0.376244145744232 0.358157949595468 0.393540104497804 0.470684589638996 0.544554444379848 0.613479059122787 0.660269882608356 0.697440648418531 0.710544069721477 0.720858103651116 0.726047506922194 0.731713703167365 0.737614218896982 0.746428676627118 0.754550031460562 0.761026882304586 0.767846600193521 0.774872415443962 0.778546036272536 0.780445453973695 0.777890718544632 0.77965361686991 0.78456041392886 0.791542304141848
-9999 -9999 -9999 -9999 -9999 -9999 -9999 -9999 -9999 -9999 -9999 -9999 -9999 -9999 -9999 -9999 -9999 -9999 -9999 -9999 -9999 -9999 -9999 -9999 -9999 -9999 -9999 -9999 -9999 0.662339076186994 0.61395366952309 0.524942626297921 0.385119414571813 0.360734541986319 0.378881094322705 0.471884964323141 0.548581931938713 0.60065274757471 0.645617020840114 0.686892218652489 0.703605959252036 0.71617333159378 0.721123043477544 0.726169035252889 0.7312623436956 0.738517299486418 0.745324951463709 0.751063912139263 0.757933768852908 0.765483407111758 0.771607920190309 0.775397419822199 0.772808862178926 0.772922679990019 0.77500424107261 0.781993930814262
-9999 -9999 -9999 -9999 -9999 -9999 -9999 -9999 -9999 -9999 -9999 -9999 -9999 -9999 -9999 -9999 -9999 -9999 -9999 -9999 -9999 -9999 -9999 -9999 -9999 -9999 -9999 -9999 -9999 0.656023967158731 0.55762612227695 0.47992747719661 0.428118179759087 0.388255095179028 0.365331378119163 0.493653397323393 0.577648745358087 0.594703400721264 0.633329195149142 0.67958738315645 0.700422730213434 0.714965697728238 0.717948377336907 0.721677048924245 0.725772337608184 0.730276441015761 0.735133356298794 0.740777652122341 0.748130109010757 0.756509341419666 0.763447314684096 0.76920748014404 0.771875285054675 0.772471884388801 0.771560328802974 0.776225173141575
-9999 -9999 -9999 -9999 -9999 -9999 -9999 -9999 -9999 -9999 -9999 -9999 -9999 -9999 -9999 -9999 -9999 -9999 -9999 -9999 -9999 -9999 -9999 -9999 -9999 -9999 -9999 0.670593727214145 0.663631343278935 0.647059577083978 0.575425625688458 0.515162000123364 0.469119712632195 0.430613793362539 0.404166117944113 0.488834714759634 0.552002941490438 0.582702010754843 0.625184251728464 0.670885450631229 0.676054727507091 0.684063493050435 0.697288934778404 0.710630387240299 0.724028853074539 0.730777191585366 0.73653617190625 0.740231813072814 0.745846341895436 0.752614313980725 0.760461661028743 0.76734028355808 0.77128422849908 0.773046089087492 0.773219058022931 0.766837885990091
-9999 -9999 -9999 -9999 -9999 -9999 -9999 -9999 -9999 -9999 -9999 -9999 -9999 -9999 -9999 -9999 -9999 -9999 -9999 -9999 -9999 -9999 -9999 -9999 -9999 0.660398285536276 0.664142468849891 0.667886652163507 0.656212561986696 0.636844363686377 0.589548352255088 0.544965618849179 0.503776494796509 0.463577206036987 0.4307331496218 0.478538820375974 0.526266429280758 0.57387615172731 0.618981118095271 0.661419881866944 0.656899196599449 0.661514164283924 0.682913049344545 0.703094354527046 0.72267728115782 0.730965145781469 0.737237423747679 0.739246918808769 0.742554066781147 0.746641233845878 0.754261629040342 0.761149067443927 0.765346750316884 0.768111322054132 0.769832369365475 0.755722108816897
-9999 -9999 -9999 -9999 -9999 -9999 -9999 -9999 -9999 -9999 -9999 -9999 -9999 -9999 -9999 -9999 -9999 -9999 -9999 -9999 -9999 -9999 -9999 -9999 -9999 0.66311258821941 0.661532351763564 0.659952115307719 0.645789445743688 0.623232805315999 0.563250187538018 0.525929865482479 0.516954216552989 0.458122088343745 0.394870322638834 0.458939220765581 0.520542055414553 0.578420721453098 0.618039382626414 0.649798960532794 0.663871000076052 0.679252813460372 0.697040928402489 0.710289127782672 0.721306189684546 0.726809434201494 0.731173403147774 0.733105029939812 0.732935498237199 0.731502960281042 0.734881018251326 0.738207642217849 0.740557260512531 0.743501652945237 0.746879132055912 0.739897205742038
-9999 -9999 -9999 -9999 -9999 -9999 -9999 -9999 -9999 -9999 -9999 -9999 -9999 -9999 -9999 -9999 -9999 -9999 -9999 -9999 -9999 -9999 -9999 -9999 -9999 0.660679358938759 0.65123411414419 0.641788869349621 0.638269691264352 0.627014387505441 0.552500488175894 0.51258225197345 0.515934246418715 0.464985657595556 0.406901522829358 0.46091206212088 0.518512765270075 0.581535216750375 0.623249711289124 0.656000398537815 0.673918699232038 0.690071155736557 0.702979423441989 0.711397774182 0.717609559209637 0.720989001754363 0.723743159943389 0.72515724686642 0.723173419774737 0.719147106758973 0.718928006811134 0.719430188764018 0.721320851664029 0.723699059807401 0.726432275568468 0.722450923322091
-9999 -9999 -9999 -9999 -9999 -9999 -9999 -9999 -9999 -9999 -9999 -9999 -9999 -9999 -9999 -9999 -9999 -9999 -9999 -9999 -9999 -9999 -9999 -9999 -9999 0.65386359982658 0.634390328518214 0.614917057209847 0.633221814498556 0.645604223029429 0.55498851394728 0.504077433572354 0.502826578978655 0.482337168136859 0.459708963811893 0.481251349131336 0.519629412781624 0.583432168594137 0.633697813077239 0.677375520168633 0.686585168833432 0.694997654766868 0.701945602424944 0.707324785441646 0.711933000466045 0.713751251471655 0.715149735749983 0.715671953141478 0.713289159166846 0.709160163022615 0.705893200930893 0.704197877067033 0.706812250844136 0.707989137486144 0.70811931330439 0.703624223374276
-9999 -9999 -9999 -9999 -9999 -9999 -9999 -9999 -9999 -9999 -9999 -9999 -9999 -9999 -9999 -9999 -9999 -9999 -9999 -9999 -9999 -9999 -9999 -9999 -9999 0.661430166086628 0.649791795732557 0.638153425378486 0.649363556613389 0.652893752907605 0.565773365256973 0.499484280492893 0.459249770178847 0.449449037312271 0.452426686338316 0.49305730998548 0.535610920534407 0.581068563166186 0.616776728184293 0.648131733576581 0.665640606180586 0.680033552762268 0.688701955604841 0.690974155232007 0.690102946459153 0.694907752685275 0.698689501351791 0.700007740311276 0.699331487168956 0.697456344935863 0.694428964938128 0.692227484671029 0.692568086283525 0.69217530852264 0.691248518241366 0.688054876275632
-9999 -9999 -9999 -9999 -9999 -9999 -9999 -9999 -9999 -9999 -9999 -9999 -9999 -9999 -9999 -9999 -9999 -9999 -9999 -9999 -9999 -9999 -9999 -9999 -9999 0.667050244912869 0.665878151342622 0.664706057772375 0.665922431915142 0.658252603850594 0.585173754996416 0.512426518237909 0.440094042480296 0.426038807148737 0.435549636694788 0.506825639110466 0.559796067078588 0.58512201372343 0.598494660576777 0.607785948632545 0.635315193849187 0.657323749877395 0.669189758713279 0.669664507374306 0.664541031320676 0.675049298744248 0.683104221733185 0.685198426065237 0.685790862193318 0.68548058553804 0.68283806335287 0.680438778170403 0.679132463730823 0.677376811764618 0.675293973251029 0.673223344831545
-9999 -9999 -9999 -9999 -9999 -9999 -9999 -9999 -9999 -9999 -9999 -9999 -9999 -9999 -9999 -9999 -9999 -9999 -9999 -9999 -9999 -9999 -9999 -9999 -9999 0.652454685591042 0.660248015731035 0.668041345871028 0.668056562585946 0.663317005572978 0.638445821410502 0.604335488164648 0.558669367988001 0.485768752110489 0.42024735677605 0.536363813303867 0.610851275438305 0.622471988358629 0.594999719228201 0.55464870256594 0.587102324369924 0.613768890708543 0.629803544769789 0.63465618566888 0.63401343611221 0.659414057042434 0.677689328435131 0.679161337153946 0.677348100229545 0.673560102332865 0.669441195499623 0.666978796436478 0.669272959757225 0.667405967052263 0.662509015368802 0.659324343951196
-9999 -9999 -9999 -9999 -9999 -9999 -9999 -9999 -9999 -9999 -9999 -9999 -9999 -9999 -9999 -9999 -9999 -9999 -9999 -9999 -9999 -9999 -9999 -9999 -9999 0.64477277993765 0.657688624811599 0.670604469685549 0.67044936674357 0.667499263501302 0.666667172275666 0.650375547571757 0.614748043198389 0.520905527366647 0.425958878137293 0.526105310433292 0.597615555146127 0.625880363607794 0.598740546521925 0.551876648097463 0.566929233781453 0.580475136532348 0.591252978588068 0.607550466612224 0.626560579754438 0.650780632421988 0.66825890303627 0.670349121890985 0.668654883459722 0.664685807965656 0.660945547481579 0.659110667025093 0.662641682322817 0.66109439224742 0.655849317982776 0.650716833821212
-9999 -9999 -9999 -9999 -9999 -9999 -9999 -9999 -9999 -9999 -9999 -9999 -9999 -9999 -9999 -9999 -9999 -9999 -9999 -9999 -9999 -9999 -9999 -9999 -9999 0.644166296418787 0.658271829111177 0.672377361803568 0.67310689693493 0.670778736878121 0.669251660812898 0.649473437130365 0.606867746198976 0.530873691980986 0.453175890203951 0.475118951745352 0.518584601038587 0.594552960194263 0.609886447900543 0.600648250360048 0.575452008176359 0.557682580835513 0.553557612992584 0.588532258498845 0.642722374324021 0.649312856232214 0.65471898849165 0.658696846747041 0.659705351640954 0.658928978395461 0.657465800023687 0.656965230359592 0.659314166778442 0.658527708428082 0.655458202416587 0.647524626883333
-9999 -9999 -9999 -9999 -9999 -9999 -9999 -9999 -9999 -9999 -9999 -9999 -9999 -9999 -9999 -9999 -9999 -9999 -9999 -9999 -9999 -9999 -9999 -9999 -9999 0.676686178555163 0.676661477254558 0.676636775953954 0.674443918293436 0.671592967599887 0.667747713915161 0.655033389315475 0.631226149898365 0.550846663298948 0.462372943405848 0.483127605725792 0.5120940735883 0.553461742276393 0.560842170879785 0.555002330049188 0.555716490495929 0.557440715829264 0.561020620848576 0.586381404648607 0.62244638201682 0.63128198376251 0.638617293608145 0.643274271444973 0.646926579583965 0.649974980823815 0.653826643815887 0.657868248986197 0.662309932893862 0.659561728575994 0.651578184307216 0.647449638869523
-9999 -9999 -9999 -9999 -9999 -9999 -9999 -9999 -9999 -9999 -9999 -9999 -9999 -9999 -9999 -9999 -9999 -9999 -9999 -9999 -9999 -9999 -9999 -9999 -9999 -9999 -9999 0.677889281839366 0.675502245102985 0.672191019292975 0.666403567853585 0.660992192340139 0.656051190584145 0.573505186381777 0.477471336846095 0.503986837945957 0.517288544281558 0.510635208855602 0.502579774820303 0.495445512946441 0.529705035932037 0.557733770165051 0.574315370387903 0.588021275822135 0.600313923601785 0.614211722755137 0.625264361190026 0.629838546605198 0.635259644152464 0.641189820534935 0.649161246578094 0.656791822229598 0.663102778162265 0.657567753140956 0.643407039457918 0.646415238650148
-9999 -9999 -9999 -9999 -9999 -9999 -9999 -9999 -9999 -9999 -9999 -9999 -9999 -9999 -9999 -9999 -9999 -9999 -9999 -9999 -9999 -9999 -9999 -9999 -9999 -9999 -9999 -9999 0.676737811277481 0.675150277722807 0.672435728352366 0.659641287313904 0.63423950772619 0.598653196173821 0.559777480489918 0.519595738168978 0.488547180329103 0.471291259728353 0.475663212689429 0.488725592129942 0.505403448254327 0.526796904880573 0.556853808949298 0.588938440023709 0.622019595737497 0.629115561737143 0.634216198674556 0.635485942112704 0.636925008696993 0.63846585541495 0.637890451342474 0.637795693762844 0.639430104801791 0.629801478149298 0.611971634823474 0.634164977053175
-9999 -9999 -9999 -9999 -9999 -9999 -9999 -9999 -9999 -9999 -9999 -9999 -9999 -9999 -9999 -9999 -9999 -9999 -9999 -9999 -9999 -9999 -9999 -9999 -9999 -9999 -9999 -9999 -9999 0.676782901121455 0.675763672365444 0.659947382732884 0.62562379538835 0.606917456137637 0.58845427930664 0.517046722937811 0.467657157031315 0.451518441998469 0.46063901063999 0.479455786144477 0.4897820038741 0.507425602894044 0.538512611337726 0.585566793261794 0.640468028438005 0.639260289896636 0.637339737814404 0.635281241035538 0.633353393673954 0.631504079669788 0.627859076849607 0.624623549520125 0.622859902660075 0.612956780590495 0.597126873791136 0.617315160172963
-9999 -9999 -9999 -9999 -9999 -9999 -9999 -9999 -9999 -9999 -9999 -9999 -9999 -9999 -9999 -9999 -9999 -9999 -9999 -9999 -9999 -9999 -9999 -9999 -9999 -9999 -9999 -9999 -9999 0.676782901121455 0.675763672365444 0.662292665746674 0.633247704146432 0.594403729406893 0.551132125012102 0.492151669086877 0.45642938609552 0.455830837086181 0.460250141502546 0.467047963980588 0.484842777826699 0.502287461358527 0.519088889471536 0.576917121295675 0.654907939433665 0.643548218331294 0.633290681607261 0.627874657307379 0.623336889755875 0.61932704228667 0.619352995491493 0.618618691451833 0.61503035671045 0.609552722279027 0.602699388276729 0.594804900592027
-9999 -9999 -9999 -9999 -9999 -9999 -9999 -9999 -9999 -9999 -9999 -9999 -9999 -9999 -9999 -9999 -9999 -9999 -9999 -9999 -9999 -9999 -9999 -9999 -9999 -9999 -9999 -9999 -9999 -9999 -9999 -9999 0.628419117359309 0.611195871598322 0.587004137311978 0.544515097884593 0.512105751327085 0.494918428098266 0.482496881293136 0.473378809965473 0.503992335747448 0.523041038759353 0.520842981319314 0.565428761306827 0.633006416724555 0.626955479874395 0.620191224219094 0.613748304195073 0.607686477184285 0.601853725162423 0.602768256297396 0.603492952947665 0.602513424556712 0.597325619851308 0.589073545379475 0.577614116171136
