layers/veg/veg_6000.asc
NCOLS 255 
NROWS 330 
XLLCORNER -2985163.8955 
YLLCORNER -3022031.214 
CELLSIZE 25000 
NODATA_value -9999 
[rows 175 to 199 of 330, columns 57 to 113 of 255]
-9999 -9999 -9999 -9999 -9999 -9999 -9999 -9999 -9999 -9999 -9999 -9999 -9999 -9999 -9999 -9999 -9999 -9999 -9999 -9999 -9999 0.160475750146988 0.159650294436928 0.162509512662068 0.167207572265192 0.121476407000602 0.0802602530464201 0.0511746033080681 0.0253260248721752 0.00145162080611714 0 0.000990928923234435 0.00484331271347173 0.00426351253423676 0.000411128743999487 0 0 0 0.000988874869792959 0.00285702434771365 0.0962863538915994 0.19240610378465 0.218871331349667 0.23091461913715 0.2275464341013 0.252589431203407 0.284067190696361 0.311092616400023 0.328620702288939 0.333937797240817 0.337005191512061 0.339308932785307 0.341163164563339 0.341597980167031 0.339827361628783 0.339709179956156 0.340092645602081
-9999 -9999 -9999 -9999 -9999 -9999 -9999 -9999 -9999 -9999 -9999 -9999 -9999 -9999 -9999 -9999 -9999 -9999 -9999 -9999 -9999 0.171635325485799 0.166043317927744 0.160683617645378 0.155439850614761 0.114607179000818 0.0765812130367662 0.0462433076345315 0.0219167151903404 0.00125620818634651 0 0.00118297829091972 0.00578198260423268 0.0050898128541889 0.000490808540875963 0 0 0 0.00389188175526695 0.0112442951811974 0.10236696289649 0.193806341481076 0.210694721241535 0.225013977477157 0.236587834827918 0.264834171349706 0.295492562459871 0.313484798431832 0.326256249405326 0.332315193556488 0.335823827938899 0.33846602862319 0.340589334620787 0.341244750830515 0.339619416465958 0.340093032953288 0.341189994852944
-9999 -9999 -9999 -9999 -9999 -9999 -9999 -9999 -9999 -9999 -9999 -9999 -9999 -9999 -9999 -9999 -9999 -9999 -9999 -9999 -9999 0.176017746130783 0.182980612206911 0.174114857428394 0.15734980857507 0.122669212293266 0.0887423992450715 0.0571706098698309 0.0285136446467974 0.00163432674635791 0 0.000263368582213092 0.00128725317492818 0.00113315417994317 0.000109269587228081 0 0 0 0.0098282872673587 0.0283955603250863 0.107511943516647 0.185999557370962 0.206273523665634 0.228713842382949 0.253469153535564 0.277030040827747 0.299365858272033 0.314853558510558 0.326193366001533 0.332200113737239 0.335434343609726 0.337779071304445 0.340220013525978 0.341088577232896 0.339514039809313 0.339564123892564 0.339997716304634
-9999 -9999 -9999 -9999 -9999 -9999 -9999 -9999 -9999 -9999 -9999 -9999 -9999 -9999 -9999 -9999 -9999 -9999 -9999 -9999 -9999 0.224746019086844 0.221640749513196 0.201909214761014 0.173880320484143 0.136193167778459 0.0980761778228973 0.0593065432414631 0.0281410183333227 0.00161296879096315 0 0 0 0 0 0 0.00306045873443428 0.0175439533067533 0.0365745349433705 0.059648234995385 0.127311903180696 0.195194968456211 0.223651805655077 0.249413218039642 0.272294264335197 0.288031074799729 0.301399318546101 0.310355809723765 0.318597989204647 0.325921758496387 0.332343934268811 0.33818841038566 0.340430997626545 0.341225223518133 0.339769041370591 0.339449330368182 0.339330005957042
-9999 -9999 -9999 -9999 -9999 -9999 -9999 -9999 -9999 -9999 -9999 -9999 -9999 -9999 -9999 -9999 -9999 -9999 -9999 -9999 -9999 0.26024265656474 0.260293340995409 0.234585021735815 0.196021637774629 0.151716703201321 0.106274513503086 0.0584174504594789 0.0254090735703284 0.00145638093798816 0.000207771867404488 0.000445367609165938 0.000730242836845387 0.000688233569501477 0.000404863192494155 0.000175663768138909 0.00709038509332893 0.0406453397344226 0.070154432024256 0.0960660782244864 0.152569598553968 0.210547269788955 0.248155282401042 0.27525219896467 0.291116821288199 0.298452611755781 0.303145890169658 0.303936611221114 0.308378621719102 0.31751519545372 0.328349536724159 0.339032458640875 0.340888368024068 0.341499278460753 0.340175757521395 0.339518517693474 0.338908035362454
-9999 -9999 -9999 -9999 -9999 -9999 -9999 -9999 -9999 -9999 -9999 -9999 -9999 -9999 -9999 -9999 -9999 -9999 -9999 -9999 -9999 0.260220797101931 0.260208857970073 0.240235704914514 0.210300881772759 0.161349415192334 0.114450740319573 0.0729314572558259 0.0360771506745963 0.00206784692066715 0.006775438980902 0.0145234342727424 0.0238132132328316 0.0224432913513146 0.0132025855599451 0.00572839411345053 0.00319896096437192 0.0183379116201159 0.0572700954600246 0.117358430015421 0.164856857985715 0.205495457959279 0.222961350654289 0.249580958956296 0.285982347066417 0.305813917784718 0.318712587696853 0.31077001821442 0.310373167773642 0.319678055780509 0.32986405858311 0.339715304194717 0.341758759186119 0.342382213666059 0.340799326083565 0.340132081804358 0.339564005801788
-9999 -9999 -9999 -9999 -9999 -9999 -9999 -9999 -9999 -9999 -9999 -9999 -9999 -9999 -9999 -9999 -9999 -9999 -9999 -9999 -9999 0.274283308415762 0.268691483109784 0.248550570548401 0.22114891683933 0.166974953397316 0.117828855989251 0.0811705404798663 0.0424348542497134 0.00243225368546129 0.0097884419970126 0.0212377756753577 0.0356533055979138 0.0366945885333553 0.0278607530619361 0.0126221119174795 0.000529307262375835 0.00303423202265905 0.0459118531825111 0.124687531710555 0.171327219719276 0.206343220409578 0.211914182243074 0.237641481602905 0.284908105963171 0.311062268421504 0.328340373155906 0.318750412655765 0.315555282107066 0.320582160258078 0.33001534855575 0.340230631511765 0.342337803097778 0.342981433437234 0.341351069798289 0.339571724022779 0.337524762683697
-9999 -9999 -9999 -9999 -9999 -9999 -9999 -9999 -9999 -9999 -9999 -9999 -9999 -9999 -9999 -9999 -9999 -9999 -9999 -9999 -9999 0.278256026382648 0.284045347730312 0.261820543670205 0.225615253446671 0.165147557290725 0.112282974571146 0.0777389062128028 0.0407757029324668 0.00233715551728181 0.00619013254400189 0.0142563395577389 0.0265827921566224 0.0369896567555215 0.045979158656506 0.0220099295475007 0.000132021873354333 0.000756809936869367 0.0373919905409948 0.106046413171465 0.166978745346245 0.218163588971485 0.227178549964542 0.251241681467017 0.29138548411527 0.312380737655124 0.326922388231764 0.32886408670086 0.326665948149172 0.319145107311619 0.327631166337107 0.340434392003542 0.342374970855576 0.343052971453967 0.341769226626461 0.336827991319467 0.330472697394236
-9999 -9999 -9999 -9999 -9999 -9999 -9999 -9999 -9999 -9999 -9999 -9999 -9999 -9999 -9999 -9999 -9999 -9999 -9999 -9999 -9999 0.298548923795328 0.297753502240175 0.273061299559761 0.236443376800308 0.169275940488488 0.111845760612151 0.0778603692461902 0.0432566942449091 0.00827595009930262 0.00602553156914106 0.00765049101091939 0.0143474924919418 0.0287288582971291 0.0487841142028728 0.0299367112359435 0.0102940730685904 0.00503068765860617 0.042864251731364 0.119018188305723 0.171528174695348 0.215726693065395 0.239475388330342 0.266825933985261 0.298025463913797 0.317351306645464 0.332367756034846 0.337303908395006 0.336187386674575 0.327288775465445 0.333328958679891 0.343585916685574 0.346069093830225 0.345789185362086 0.341216100968723 0.334951842010202 0.328128258791091
-9999 -9999 -9999 -9999 -9999 -9999 -9999 -9999 -9999 -9999 -9999 -9999 -9999 -9999 -9999 -9999 -9999 -9999 -9999 -9999 -9999 0.300151098317311 0.303945628364918 0.283292112337576 0.25043776673235 0.176368520021612 0.113951134715444 0.079750211774345 0.0477982380029107 0.0172178181439404 0.00756989017244852 0.0012315727118605 0.000537076079950581 0.0162097978440697 0.0439675528670671 0.0371363341156823 0.0257115149033059 0.0125651527676441 0.0553004046421804 0.14772372703129 0.180506098160457 0.206193944722761 0.250295284856688 0.283397651166987 0.304746370687591 0.324139528735766 0.341229020224057 0.344910652375714 0.344917865337241 0.340200776514823 0.343049156513752 0.348204546067721 0.3515832864714 0.349851610687475 0.340179567206317 0.333507489680951 0.328126809922577
-9999 -9999 -9999 -9999 -9999 -9999 -9999 -9999 -9999 -9999 -9999 -9999 -9999 -9999 -9999 -9999 -9999 -9999 -9999 -9999 -9999 0.304887257454285 0.304844592220154 0.279496669375371 0.241520124407351 0.16400233164034 0.0988133703783028 0.0633389417394471 0.0338395717234273 0.00798417692120745 0.00314269929393567 0.00178728835512801 0.00657001989394824 0.0122957370381432 0.0187177247475529 0.0489866597525436 0.0738810883981731 0.0680815867751333 0.0720701343558998 0.084761889380712 0.176008263657395 0.268132084413513 0.29327572855929 0.310278083360631 0.318580550254097 0.330836288641719 0.342864696058794 0.34599899594664 0.347315950105473 0.34629629289109 0.342307623739566 0.338280725638486 0.345873401137077 0.349897187682218 0.348375772130177 0.340801826305194 0.331084551921391
-9999 -9999 -9999 -9999 -9999 -9999 -9999 -9999 -9999 -9999 -9999 -9999 -9999 -9999 -9999 -9999 -9999 -9999 -9999 -9999 -9999 0.31060237839176 0.307923926569804 0.279553092511711 0.23836044127641 0.15586124317231 0.0858895405962793 0.0461503668304869 0.0196119112093472 0.00112410291401429 0 0.00306224840086818 0.0149671951882511 0.0142192775837403 0.00412888752629176 0.0663766868492755 0.121171152452909 0.115889383639064 0.0923664179449022 0.0526239873531449 0.181157009498172 0.315342389912602 0.325085111587736 0.32970830436434 0.328860701831504 0.335544723363507 0.343239658455996 0.344632687262331 0.345589850233804 0.345986608516904 0.341762380580675 0.337035085189652 0.344805455699421 0.351600628159629 0.356880575478305 0.34987115468903 0.338255850326954
-9999 -9999 -9999 -9999 -9999 -9999 -9999 -9999 -9999 -9999 -9999 -9999 -9999 -9999 -9999 -9999 -9999 -9999 -9999 -9999 -9999 0.312342645002947 0.314649754623673 0.288904778422422 0.24916037186306 0.158051392298582 0.0786132865494766 0.0277878695690285 0.00538211083611927 0.000308488367597036 0 0.00575423590042035 0.0281246850700996 0.0292381953245611 0.0146562582796405 0.0963105698361894 0.165357352616974 0.1444334817722 0.120602473859968 0.094186536464903 0.208865607132501 0.326419163183739 0.330219578842363 0.331718466802352 0.330757912265228 0.335698478292911 0.340964751783287 0.337856227466936 0.33462045316926 0.33122107007175 0.342014552415421 0.356164919662228 0.354750740897498 0.357237703010152 0.365786107453136 0.36271894565971 0.35498734378092
-9999 -9999 -9999 -9999 -9999 -9999 -9999 -9999 -9999 -9999 -9999 -9999 -9999 -9999 -9999 -9999 -9999 -9999 -9999 -9999 -9999 0.325433816329712 0.324312455012158 0.298806017999258 0.261130176859312 0.149688799433483 0.0584113835418162 0.0160483667786642 0 0 0 0.00495786263080388 0.0242322920932019 0.0304090389805697 0.0269148738226828 0.113903782824622 0.189016401268644 0.179453132413802 0.168291374084361 0.155708292138243 0.249427652486604 0.343710835335454 0.344207718622766 0.342086642492121 0.337167980804692 0.342690345621862 0.349520034822437 0.346919926564097 0.343638117832887 0.33947982805979 0.349974086781207 0.363830435909681 0.360314230469077 0.359657111649049 0.363442331419894 0.364384633880343 0.363964475496403
-9999 -9999 -9999 -9999 -9999 -9999 -9999 -9999 -9999 -9999 -9999 -9999 -9999 -9999 -9999 -9999 -9999 -9999 -9999 -9999 -9999 0.327219390937404 0.331213390599548 0.309041554878128 0.273811624563007 0.134906900512909 0.0303467187312772 0.00833767740460805 0 0 0 0.00203949534034258 0.00996833726348974 0.0231560032408725 0.0402266175641665 0.123990080765321 0.200188641457362 0.218411906504469 0.227813574258016 0.229371371426622 0.297808539128474 0.364783073528762 0.363581608732739 0.357539055541488 0.34632325219185 0.353841884093189 0.364663397287402 0.365619304045306 0.364814050602353 0.3617444250646 0.36262206316592 0.364522127963895 0.363212243406996 0.360119191641638 0.354255523397889 0.35924817153622 0.368224575249492
-9999 -9999 -9999 -9999 -9999 -9999 -9999 -9999 -9999 -9999 -9999 -9999 -9999 -9999 -9999 -9999 -9999 -9999 -9999 -9999 0.372922502433549 0.366651847998028 0.348687512663925 0.30533290978581 0.249307260465305 0.137113493704418 0.0518653682573621 0.0305099804740779 0.0141400100828286 0.00081046800429748 0 0.00380168280998227 0.018581291003268 0.0752195646969294 0.16276494505369 0.222399639557882 0.269134641069932 0.28016797673662 0.269560253830464 0.239710022213281 0.289838806480235 0.344736721579288 0.350998535605829 0.350798840894371 0.343694293725513 0.352792881080593 0.364663974428234 0.367382559170888 0.36918717457088 0.369816674456666 0.370219058377925 0.370610278728873 0.371786563943481 0.371097015907195 0.36750840808205 0.364237800631129 0.361165285726002
-9999 -9999 -9999 -9999 -9999 -9999 -9999 -9999 -9999 -9999 -9999 -9999 -9999 -9999 -9999 -9999 -9999 -9999 -9999 0.369766421506296 0.371084436357776 0.368593322383105 0.358998845042995 0.302214243907455 0.221879349369236 0.136912870919272 0.0697821386985307 0.043812589500111 0.0214273914803296 0.00122816144462675 0.0039533715368109 0.0121753162025897 0.0319843484088691 0.12047102558381 0.259667090481535 0.299486867019526 0.322536587415857 0.327306542379783 0.299182143178517 0.241809179521093 0.275949905595153 0.32102962795111 0.338123381493868 0.345702747242267 0.343114914182097 0.353701508959085 0.366288577637233 0.369563411183672 0.372623731577479 0.375408246512729 0.375526460020517 0.375023687346489 0.377566392724404 0.37859985851838 0.377288326018725 0.36850332136718 0.357044567260334
-9999 -9999 -9999 -9999 -9999 -9999 -9999 -9999 -9999 -9999 -9999 -9999 -9999 -9999 -9999 -9999 -9999 -9999 -9999 0.369696280651882 0.368754169827798 0.36999190698169 0.375294681832044 0.303365098054782 0.192892604033289 0.126650317201229 0.0681877686656123 0.0260728504900394 0.00638161235140134 0.000365777152657147 0.0192868352277744 0.038717454307804 0.0549577413628434 0.13517571463774 0.262632775647951 0.298909833695163 0.320540636004497 0.328163790675683 0.297179559099001 0.231866925162333 0.255412906516812 0.294366806238721 0.330300109515598 0.349431564787602 0.350608346284572 0.362495034023895 0.375380301215083 0.37606926181707 0.376462637461181 0.376475971397598 0.375174454502666 0.373621145856761 0.374255381376599 0.374160655816771 0.372933298628316 0.368817252298247 0.363469980862512
-9999 -9999 -9999 -9999 -9999 -9999 -9999 -9999 -9999 -9999 -9999 -9999 -9999 -9999 -9999 -9999 -9999 -9999 -9999 0.385326856826264 0.381782738887033 0.381019221290714 0.3854410401614 0.294984414565249 0.15717857635694 0.0959910592560778 0.0443977373749383 0.0121981560841773 0.00174876735707702 0.00456404557306613 0.0607164393475137 0.105486736394554 0.107418559692267 0.159785486054377 0.249392087674688 0.28269293499969 0.307090391986045 0.323364118678834 0.307043625799777 0.261741438151529 0.279242223154797 0.308633127168185 0.340936535806985 0.358461703416057 0.360194650039634 0.37084686367026 0.382129624882626 0.381773258573956 0.380317763624349 0.377449088759638 0.375434296800131 0.37373264632128 0.372495015188085 0.371293671908163 0.37014871129598 0.367688203526982 0.364514190169467
-9999 -9999 -9999 -9999 -9999 -9999 -9999 -9999 -9999 -9999 -9999 -9999 -9999 -9999 -9999 -9999 -9999 -9999 -9999 0.385741699376849 0.395564916462674 0.3991385990406 0.391057985715041 0.279583254684495 0.116509553101993 0.0503085609964391 0.00425943975155591 0.00117026934237323 0.00478559341064599 0.0124897496124702 0.121367216877273 0.201885415685435 0.181598410309375 0.191690869105758 0.22421455757278 0.254956456800575 0.285203461895531 0.314397828778836 0.325648101951778 0.320943084473347 0.335749653641635 0.35304590406073 0.365169496133977 0.371396542516175 0.371322463316731 0.378873361520702 0.387153648404943 0.38688664797831 0.384184836872382 0.37835252272895 0.376144797040322 0.374959317936569 0.371876780326826 0.369584709437294 0.368520835270001 0.365496324673185 0.361594860837611
-9999 -9999 -9999 -9999 -9999 -9999 -9999 -9999 -9999 -9999 -9999 -9999 -9999 -9999 -9999 -9999 -9999 -9999 -9999 0.378005903424813 0.377022112846001 0.370969874904353 0.35546586335252 0.271748335437214 0.153988762382289 0.0632801821616714 0.0044467748105231 0.0179475861377838 0.0207379330810558 0.0169963496773388 0.142094033927376 0.233001974723889 0.201096403056721 0.202110339043879 0.227430991984539 0.246081096171664 0.270304738616684 0.318305906963416 0.346571408694215 0.357288612799149 0.357406354643097 0.358052300541971 0.370998934855453 0.377465385174156 0.377007026412647 0.382236351111412 0.38704824051723 0.378397889333625 0.373467164810613 0.373318866559342 0.372506435525449 0.370955824604701 0.362814101450605 0.354756171238945 0.346828435271541 0.342190408707001 0.338901526944381
-9999 -9999 -9999 -9999 -9999 -9999 -9999 -9999 -9999 -9999 -9999 -9999 -9999 -9999 -9999 -9999 -9999 -9999 -9999 0.349955801079162 0.35075485209374 0.342909107673186 0.318942321933673 0.257352224361441 0.176986163490576 0.0731724931854193 0.00832376232909884 0.0338609398325361 0.0381516292947485 0.0294848432425581 0.160568440419304 0.255216937627302 0.218528369691121 0.216587082628806 0.240302082105573 0.24391740205748 0.258534737952809 0.323179473287898 0.36356951417626 0.382393088359518 0.371408113436859 0.359917444992053 0.3729715696269 0.379184205761521 0.378085938112129 0.381342482219237 0.382698321010961 0.362093596159421 0.352710471869261 0.357755267968061 0.3582014739598 0.356367180044488 0.344551041998854 0.332275209829341 0.319285122648523 0.313806502638629 0.311426530365216
-9999 -9999 -9999 -9999 -9999 -9999 -9999 -9999 -9999 -9999 -9999 -9999 -9999 -9999 -9999 -9999 -9999 -9999 -9999 0.349916381831391 0.34944523939393 0.335686610438608 0.297149128034767 0.215214285069872 0.111621932187326 0.045716245046599 0.00811838983464376 0.0342848480004846 0.0552977867725573 0.073167777814719 0.188293002619459 0.273149511346464 0.252419456656943 0.255639228744659 0.276542790841405 0.25838714636305 0.255315155197043 0.325959520005786 0.364945904176037 0.375783066063137 0.372327981158035 0.367498603155558 0.368726037745871 0.367756607461137 0.364439578736765 0.366676246117767 0.364827663490616 0.322728650715785 0.301057753641193 0.305651846610349 0.306147233765045 0.304721273461083 0.295799861999501 0.287127149557973 0.278840856067991 0.275859534197189 0.27489887945074
-9999 -9999 -9999 -9999 -9999 -9999 -9999 -9999 -9999 -9999 -9999 -9999 -9999 -9999 -9999 -9999 -9999 -9999 -9999 0.369287827048569 0.364604219846407 0.342299220473173 0.287133386691648 0.188424004874369 0.0679841580877446 0.0303511781824937 0.0116015980204242 0.0333845812767495 0.0647931270653758 0.102071960243741 0.209239468303553 0.288396903625341 0.273605917709159 0.266943894987003 0.266284040023778 0.250732028036097 0.249744006857962 0.309756175906947 0.341257986807831 0.347409336539142 0.348127132214242 0.347550988781079 0.345384382564991 0.342842966609569 0.339901024081388 0.338930207566736 0.334094148640501 0.297170896665506 0.278482586589157 0.283239442696719 0.284585493649677 0.284290281223521 0.277223762179089 0.269900712711045 0.262179076158462 0.259065202233211 0.257710126278601
-9999 -9999 -9999 -9999 -9999 -9999 -9999 -9999 -9999 -9999 -9999 -9999 -9999 -9999 -9999 -9999 -9999 -9999 -9999 0.369755118036581 0.380128874603288 0.361183880016191 0.287564509115928 0.175247441479303 0.0436182373435278 0.0257112594746234 0.0183566597482966 0.0313097418148013 0.0675020214385646 0.117867059060651 0.224173610815878 0.30126247992453 0.283523091493478 0.253635926132404 0.21477922882836 0.223451661829817 0.242086967264161 0.276714139674456 0.295337468352319 0.299730712055612 0.301643645875374 0.303184737606688 0.305104039017166 0.305966904459661 0.305700848657074 0.299582091771259 0.291950991718209 0.283860430117642 0.281699857620537 0.287163635163713 0.290071282934049 0.29154761599363 0.285413633209035 0.277441380184683 0.266612893715793 0.261033731809502 0.257675407832463
