layers/veg/veg_600.asc
NCOLS 255 
NROWS 330 
XLLCORNER -2985163.8955 
YLLCORNER -3022031.214 
CELLSIZE 25000 
NODATA_value -9999 
[rows 250 to 274 of 330, columns 57 to 113 of 255]
-9999 -9999 -9999 -9999 -9999 -9999 -9999 -9999 -9999 -9999 -9999 -9999 -9999 -9999 -9999 -9999 0.605210617983595 0.579035865112239 0.568946752506802 0.562904834991349 0.481071286572088 0.419939062605402 0.397411211565913 0.3732781655193 0.348344044791252 0.378573839097507 0.40375966292959 0.415434579361985 0.407984163104367 0.388869888351416 0.409232113568304 0.423095031911034 0.410810397725033 0.380806558063516 0.337719420903844 0.295625788627068 0.259936721728903 0.247709407897569 0.233062258404284 0.216263471612501 0.200112765479339 0.184450317838955 0.17066268284482 0.157723386034556 0.145690634464904 0.146573573455332 -9999 0.109959115395783 0.109201628904369 0.107470221203226 0.109702235387906 0.112965410197704 0.11306278890475 0.11312203613056 -9999 -9999 -9999
-9999 -9999 -9999 -9999 -9999 -9999 -9999 -9999 -9999 -9999 -9999 -9999 -9999 -9999 -9999 0.615549109581349 0.612313856458859 0.604122917755976 0.602016667941558 0.600040367124112 0.525652249464285 0.463130239233411 0.422736457436949 0.394640896114946 0.372682777910486 0.401723236382362 0.423371041782842 0.426253525205813 0.420333330493329 0.40904469624486 0.434528615252002 0.454980421804125 0.454026900830344 0.449593132026527 0.442589658966469 0.359707059217743 0.284645275503403 0.27261031004595 0.258894005123139 0.243682709130484 0.224857727747921 0.206063801581005 0.190711521273683 0.175798598545388 0.161355179052671 0.154523540618853 -9999 -9999 0.109201628904369 0.107470221203226 0.109702235387906 0.112965410197704 0.11306278890475 -9999 -9999 -9999 -9999
-9999 -9999 -9999 -9999 -9999 -9999 -9999 -9999 -9999 -9999 -9999 -9999 -9999 -9999 -9999 0.615549109581349 0.6227996833105 0.64115651745227 0.646984628358441 0.645797731979272 0.583037979137788 0.526725065062185 0.482434385046522 0.445168823438767 0.411409156420568 0.433495013143133 0.447153164066687 0.439498297076879 0.441665604264221 0.449823105273323 0.470820751324908 0.487274989110372 0.488209089881216 0.482023208485992 0.470580158817114 0.420421619899544 0.367955588642243 0.324140910327592 0.295248263295222 0.279623789627339 0.257230122986944 0.234243067623536 0.214414916326349 0.196873130406094 0.181774584328351 0.180209202247856 -9999 -9999 -9999 -9999 -9999 -9999 -9999 -9999 -9999 -9999 -9999
-9999 -9999 -9999 -9999 -9999 -9999 -9999 -9999 -9999 -9999 -9999 -9999 -9999 -9999 -9999 -9999 0.711944122331816 0.699876239915707 0.696004509870733 0.69390634080285 0.644178547812556 0.597391307894557 0.556087688489593 0.507703127297365 0.455784812784625 0.468950636305144 0.473246438465008 0.454891561897137 0.467556534925829 0.499139408213052 0.511299138242402 0.519189692720358 0.518383377970139 0.499839027145822 0.468197474908548 0.479654969390708 0.47418627832245 0.386322614256787 0.335885145062059 0.318725802184511 0.29256978419701 0.265212312600635 0.239970059915953 0.2196391265909 0.204556493148193 0.216206483945024 -9999 -9999 -9999 -9999 -9999 -9999 -9999 -9999 -9999 -9999 -9999
-9999 -9999 -9999 -9999 -9999 -9999 -9999 -9999 -9999 -9999 -9999 -9999 -9999 -9999 -9999 -9999 0.717784419556084 0.720502865986408 0.710331959040631 0.693906774190488 0.644192946107471 0.613389467486331 0.617850504644475 0.566637015507866 0.487639080732156 0.508614799029647 0.522156177872471 0.515135391385332 0.526130604146398 0.54811313248984 0.537058019139585 0.529524128349988 0.538334431737724 0.535986028865622 0.525398392361194 0.535564084395371 0.525903184601269 0.432986045783524 0.373292845033489 0.343141263771733 0.320186508808346 0.29878936937651 0.278710443859087 0.259969121097248 0.242657178074477 0.235920849719651 -9999 -9999 -9999 -9999 -9999 -9999 -9999 -9999 -9999 -9999 -9999
-9999 -9999 -9999 -9999 -9999 -9999 -9999 -9999 -9999 -9999 -9999 -9999 -9999 -9999 -9999 -9999 0.751323244620479 0.746790386685857 0.750332295531795 0.65044798120771 0.63670464399541 0.63298997536851 0.647977031016352 0.605993553213199 0.535578855693516 0.555978403148169 0.571479849603347 0.572567492265308 0.578755166346246 0.58805316774838 0.563954830484768 0.54700020198202 0.55691729184837 0.56349125637749 0.567596763535819 0.57722778710199 0.570260123176118 0.498874610834971 0.435054864015748 0.377962343984953 0.34964444876419 0.327581789345238 0.310928529553052 0.293037326722807 0.273823241826613 0.263677898159821 0.255499843947039 0.245261896297021 0.230699126480479 0.210575813889875 -9999 -9999 -9999 -9999 -9999 -9999 -9999
-9999 -9999 -9999 -9999 -9999 -9999 -9999 -9999 -9999 -9999 -9999 -9999 -9999 -9999 -9999 0.753113630718917 0.756708925861268 0.765811410586515 0.763544478278599 0.651304216472034 0.665151066482236 0.659494827059641 0.617468714809775 0.607827689457223 0.614348484353525 0.618098934203146 0.621596873571176 0.624610569252086 0.619976766185615 0.610679026304112 0.593032625568974 0.578164103706351 0.572877840443525 0.574433460150145 0.581040908532745 0.591588404077576 0.60051077791763 0.601610510160325 0.543494932461331 0.432727072825955 0.382631304510509 0.34720386406848 0.330645828008668 0.31218742031169 0.291698250713597 0.272903105850858 0.255499843947039 0.245261896297021 0.230699126480479 0.210575813889875 0.205656161642678 -9999 -9999 -9999 -9999 -9999 -9999
-9999 -9999 -9999 -9999 -9999 -9999 -9999 -9999 -9999 -9999 -9999 -9999 -9999 -9999 0.767731631000322 0.765852045111 0.770963281890802 0.786782898443309 0.793069894062642 0.714956967152697 0.711754207873287 0.693627615128643 0.647670666219345 0.650599136856102 0.67792394047163 0.675926339787815 0.674674409726579 0.67615504039077 0.660943039633306 0.635550798146299 0.622023360696631 0.610475968984062 0.602428218066745 0.60210499587091 0.607485319888579 0.615540826862684 0.627093583817217 0.650506766949778 0.590770718508583 0.45710114193208 0.400420355239818 0.362034841880217 0.345989365493403 0.327640886354821 0.306831388458122 0.280792159899188 0.25549984394704 0.245261896297021 0.235852050426378 0.227506917782824 0.227891696535562 -9999 -9999 -9999 -9999 -9999 -9999
-9999 -9999 -9999 -9999 -9999 -9999 -9999 -9999 -9999 -9999 -9999 -9999 -9999 -9999 0.768534745594588 0.777091688615757 0.789768263032636 0.808755193125345 0.806251554179353 0.715508862414552 0.730089642585398 0.731674390311056 0.709023795789056 0.714376017491499 0.733703081494544 0.731550890375453 0.729271020763737 0.727443670792532 0.701778301997891 0.661574975465611 0.650969424299628 0.643376868350683 0.638951702576856 0.638360555686426 0.640600326341048 0.644414922099298 0.651794371777734 0.671777247036706 0.606662365878099 0.465881393172153 0.410411227006693 0.374407449479909 0.359088672923097 0.341197567755237 0.32055763870561 0.287995617230395 0.255499843947039 0.245261896297021 0.243649002445079 0.253125577414316 0.244402582059137 -9999 -9999 -9999 -9999 -9999 -9999
-9999 -9999 -9999 -9999 -9999 -9999 -9999 -9999 -9999 -9999 -9999 -9999 -9999 -9999 0.810353618093024 0.813035970582927 0.820513037237263 0.835334535670863 0.838100851692879 0.766586722942714 0.769150832613639 0.769713566149188 0.766544080962469 0.766457418829773 0.767909243600512 0.762813959260879 0.75783134818012 0.753335143252738 0.717402500830878 0.662297896044961 0.648762092322595 0.64281112972223 0.650991549788268 0.655512539300576 0.65733152173506 0.654920002143605 0.657289724450662 0.679391695985799 0.660207652206525 0.604313458290324 0.508685007979924 0.418360131820011 0.390918489374461 0.364828940171588 0.340184255431163 0.332261982885849 0.328934192993725 -9999 -9999 -9999 -9999 -9999 -9999 -9999 -9999 -9999 -9999
-9999 -9999 -9999 -9999 -9999 -9999 -9999 -9999 -9999 -9999 -9999 -9999 -9999 -9999 0.819671757345076 0.826799511691922 0.837302201975154 0.852974540728369 0.857472395528008 0.806700753962734 0.801290848789595 0.800250409628762 0.807358265318247 0.802579932310462 0.791869781185951 0.790802437223814 0.785800173525633 0.771417509098043 0.729156462698834 0.669893385136756 0.654190767356186 0.648633869519581 0.664230947724294 0.673273977693749 0.677477706996048 0.671131692937818 0.66951907878105 0.690278015441778 0.701382905293175 0.70390373816788 0.579429765554035 0.450473878724763 0.414342014239703 0.38223174941126 0.354419018393826 0.339384717940657 0.328934192993725 -9999 -9999 -9999 -9999 -9999 -9999 -9999 -9999 -9999 -9999
-9999 -9999 -9999 -9999 -9999 -9999 -9999 -9999 -9999 -9999 -9999 -9999 -9999 -9999 0.81866356945545 0.81268985343628 0.820440698579223 0.849214507698454 -9999 0.807009353613903 0.811543353471694 0.813024835030921 0.808813900385824 0.801513961496231 0.792672450971961 0.812280122660612 0.813696191222282 0.772305803428795 0.733032680257659 0.695050801288783 0.679287330434544 0.671288759540459 0.681558928983121 0.693452523223789 0.706544802677941 0.701791252857648 0.698671442918075 0.709607294215569 0.711350347329084 0.704919470385593 0.580494001460215 0.452946967993948 0.41690737014566 0.384373843502371 0.35558695024724 0.339894881231017 -9999 -9999 -9999 -9999 -9999 -9999 -9999 -9999 -9999 -9999 -9999
-9999 -9999 -9999 -9999 -9999 -9999 -9999 -9999 -9999 -9999 -9999 -9999 -9999 -9999 -9999 0.8005910190578 0.8005910190578 -9999 -9999 0.785220003921088 0.790954990394289 0.796734290810805 0.802596229031368 0.790807498408795 0.770210178264157 0.798139086455872 0.804018011879058 0.75752362359517 0.726731046526043 0.705514444269895 0.681746962861375 0.666341924152954 0.675561552088231 0.692077865710409 0.713981819863317 0.70261059891097 0.692266990915065 0.700596939128392 0.696940588644749 0.682626420461796 0.568106746297531 0.452616687648325 0.423318999106132 0.394217585271475 0.365325913147557 0.361225406338062 -9999 -9999 -9999 -9999 -9999 -9999 -9999 -9999 -9999 -9999 -9999
-9999 -9999 -9999 -9999 -9999 -9999 -9999 -9999 -9999 -9999 -9999 -9999 -9999 -9999 -9999 -9999 -9999 -9999 -9999 0.784432534894833 0.764793166010846 0.762246398122664 0.791574360986589 0.774065199069724 0.733181908373134 0.76169744928302 0.770814923828662 0.732930283360063 0.714057140296128 0.706778431645783 0.670033791371128 0.644113865970359 0.654960352241491 0.677208917596341 0.707876415332549 0.68474722218336 0.663600696490664 0.673843362578187 0.667268456665475 0.645739925696782 0.547297618565366 0.450531239675543 0.432138749319981 0.408883267967949 0.380431131052362 0.369178829317004 -9999 -9999 -9999 -9999 -9999 -9999 -9999 -9999 -9999 -9999 -9999
-9999 -9999 -9999 -9999 -9999 -9999 -9999 -9999 -9999 -9999 -9999 -9999 -9999 -9999 -9999 -9999 -9999 -9999 -9999 0.884801803293275 0.823268793539325 0.795441028829639 0.830467689317341 0.819641345430036 0.78593199934704 0.783535396985676 0.77092960540439 0.733767650627619 0.714617011407056 0.706450831352117 0.665457706948345 0.636653066999143 0.649181242665015 0.653309304834078 0.651234990488639 0.651061325888234 0.652170068324048 0.657217806201696 0.651306113162808 0.635649659063852 0.58397514111611 0.523402445319382 0.450667546648773 0.404085639315117 0.385451159404932 0.381471484128952 -9999 -9999 -9999 -9999 -9999 -9999 -9999 -9999 -9999 -9999 -9999
-9999 -9999 -9999 -9999 -9999 -9999 -9999 -9999 -9999 -9999 -9999 -9999 -9999 -9999 -9999 -9999 -9999 -9999 0.909882871951572 0.894655114938507 0.833429988831416 0.805982140976998 0.841523047736767 0.84102785392473 0.822548796683271 0.795708383257727 0.765771348435283 0.729006295363839 0.710741283528697 0.703758787225991 0.656819561167031 0.624222412558357 0.640509760075727 0.629921532712512 0.599489236038036 0.621037736469591 0.643141259971917 0.644137158351858 0.63820004048782 0.626098315424949 0.61104958889008 0.579189899844171 0.465174735721874 0.400600654052072 0.388859957511202 0.386528759457539 -9999 -9999 -9999 -9999 -9999 -9999 -9999 -9999 -9999 -9999 -9999
-9999 -9999 -9999 -9999 -9999 -9999 -9999 -9999 -9999 -9999 -9999 -9999 -9999 -9999 -9999 -9999 -9999 -9999 0.926506169440747 0.931897301335496 0.807131235409318 0.734430990461743 0.758824454393679 0.776888186430572 0.791793057432585 0.766557186796716 0.737741631527396 0.702091376046375 0.690795726602943 0.694353083020181 0.634532401543847 0.593799320971663 0.620032580398378 0.609995872546317 0.573178574965655 0.605331417372459 0.63758564790874 0.63946320860515 0.630678561315094 0.612413433697895 0.597154400527546 0.567944756965263 0.465602527612504 0.40520245148395 0.389622306969157 -9999 -9999 -9999 -9999 -9999 -9999 -9999 -9999 -9999 -9999 -9999 -9999
-9999 -9999 -9999 -9999 -9999 -9999 -9999 -9999 -9999 -9999 -9999 -9999 -9999 -9999 -9999 -9999 -9999 -9999 0.847655596573625 0.867251074675795 0.768216318304009 0.702939168025204 0.7006140872011 0.706212081050922 0.715764095746954 0.69410763182244 0.675275317123108 0.664019019629497 0.665204288903564 0.673977226146106 0.613756932981248 0.575658319747423 0.614337119797406 0.618788850502921 0.597968402309536 0.616145827341742 0.632359370154278 0.623852910492369 0.60916025071824 0.58896702778326 0.578784210764405 0.556424134603493 0.46351337003741 0.41551712695714 -9999 -9999 -9999 -9999 -9999 -9999 -9999 -9999 -9999 -9999 -9999 -9999 -9999
-9999 -9999 -9999 -9999 -9999 -9999 -9999 -9999 -9999 -9999 -9999 -9999 -9999 -9999 -9999 0.772442464733359 0.772442464733359 -9999 0.786314184964825 0.725444214515754 0.719747113788228 0.701784486382407 0.660948783047452 0.630585896727562 0.605449483525787 0.588868001194032 0.586729985500836 0.617497077150739 0.635337195866244 0.645293614699312 0.594126276045332 0.566818610442884 0.619835933147121 0.649330604835004 0.661456899502967 0.647044525546202 0.627382499011729 0.599960457983512 0.577042065736431 0.558128168029704 0.557025078798448 0.544694890173951 0.459518113334485 -9999 -9999 -9999 -9999 -9999 -9999 -9999 -9999 -9999 -9999 -9999 -9999 -9999 -9999
-9999 -9999 -9999 -9999 -9999 -9999 -9999 -9999 -9999 -9999 -9999 -9999 -9999 -9999 -9999 -9999 0.756736222640607 0.716971523755056 0.707137047472127 0.708122348267839 0.670782683820707 0.632745374830445 0.59340707999383 0.559693829707307 0.528787765308493 0.515503277419743 0.514871411849654 0.542713005252428 0.566017659637469 0.586555396679816 0.56778301134135 0.560451177079075 0.59350437094522 0.603747759824516 0.597149114509322 0.576366985797369 0.554452048969833 0.534633637569706 0.533637774710592 0.549378295288774 0.554568045215811 -9999 -9999 -9999 -9999 -9999 -9999 -9999 -9999 -9999 -9999 -9999 -9999 -9999 -9999 -9999 -9999
-9999 -9999 -9999 -9999 -9999 -9999 -9999 -9999 -9999 -9999 -9999 -9999 -9999 -9999 -9999 -9999 0.696065839405342 0.701254879137248 0.674167858528452 0.6343234699334 0.601788538773105 0.56760087142766 0.530331138285508 0.49344493119688 0.456750123290149 0.447215106807159 0.446928133952821 0.466956985321162 0.491519280774217 0.518846362134931 0.528393176142087 0.537830297616734 0.550274553305859 0.541657734515275 0.517490088492084 0.497828501012544 0.480832872568168 0.471778488941277 0.461881166653984 0.451234331376785 -9999 -9999 -9999 -9999 -9999 -9999 -9999 -9999 -9999 -9999 -9999 -9999 -9999 -9999 -9999 -9999 -9999
-9999 -9999 -9999 -9999 -9999 -9999 -9999 -9999 -9999 -9999 -9999 -9999 -9999 -9999 -9999 -9999 0.692842639318592 0.689871255943519 0.6662606864045 0.634117424213732 0.594943149617249 0.551038968258901 0.498314332684488 0.442855125123287 0.386031225812204 0.382876375994071 0.38592654866169 0.401376606290291 0.416413228531539 0.431197711271048 0.441752990992207 0.450999722544189 0.457258444158119 0.453148473756859 0.441382591103274 0.438935104853216 0.438067744461013 0.438942888438444 0.442581959788032 0.448678623327779 -9999 -9999 -9999 -9999 -9999 -9999 -9999 -9999 -9999 -9999 -9999 -9999 -9999 -9999 -9999 -9999 -9999
-9999 -9999 -9999 -9999 -9999 -9999 -9999 -9999 -9999 -9999 -9999 -9999 -9999 -9999 -9999 -9999 -9999 0.682473224661632 0.664672282519302 0.639107430840925 0.594845470068301 0.545480623506895 0.486599781655123 0.425059412362672 0.362191802399864 0.356816129963965 0.356786126270565 0.367047771443401 0.375332591770107 0.3824118171067 0.390637201350907 0.397698700384841 0.401185041691948 0.401278974344832 0.398868060393853 0.402026983237101 0.406091053861552 0.411049855065638 0.4109856813474 0.406455245575817 -9999 -9999 -9999 -9999 -9999 -9999 -9999 -9999 -9999 -9999 -9999 -9999 -9999 -9999 -9999 -9999 -9999
-9999 -9999 -9999 -9999 -9999 -9999 -9999 -9999 -9999 -9999 -9999 -9999 -9999 -9999 -9999 -9999 -9999 -9999 0.66884377042931 0.648833914285955 0.600898685081825 0.549952604832368 0.493391810565539 0.437157251931785 0.381085501620186 0.365648749458212 0.356688840743982 0.36120637372529 0.365267922686823 0.369051383252772 0.371903779045785 0.374961640919546 0.37878687228826 0.382808557282909 0.386975297383796 0.385159603371908 0.383948595241443 0.387662233314817 0.394556763530911 0.404279637127672 -9999 -9999 -9999 -9999 -9999 -9999 -9999 -9999 -9999 -9999 -9999 -9999 -9999 -9999 -9999 -9999 -9999
-9999 -9999 -9999 -9999 -9999 -9999 -9999 -9999 -9999 -9999 -9999 -9999 -9999 -9999 -9999 0.740357979057361 0.740357979057361 -9999 0.661789692569911 0.660501941921982 0.618968752533903 0.573454798894223 0.52051741164496 0.466277216005489 0.411386852123825 0.383712332013078 0.364053514577818 0.361875703417316 0.361758279366309 0.362897411950434 0.362396758354853 0.362146673594892 0.362926689408755 0.365732376910157 0.370033755928783 0.369582945343382 0.370190799535513 0.376869167994349 0.380012817127666 0.380013511530584 -9999 -9999 -9999 -9999 -9999 -9999 -9999 -9999 -9999 -9999 -9999 -9999 -9999 -9999 -9999 -9999 -9999
