layers/veg/veg_4400.asc
NCOLS 255 
NROWS 330 
XLLCORNER -2985163.8955 
YLLCORNER -3022031.214 
CELLSIZE 25000 
NODATA_value -9999 
[rows 25 to 49 of 330, columns 112 to 167 of 255]
0.063935918073458 0.067003460252867 0.058733211875134 0.0532377288311909 0.0529948977148585 -9999 -9999 -9999 -9999 -9999 -9999 -9999 -9999 -9999 -9999 -9999 -9999 -9999 -9999 -9999 -9999 -9999 -9999 -9999 -9999 -9999 -9999 -9999 -9999 -9999 -9999 -9999 -9999 -9999 -9999 -9999 -9999 -9999 -9999 -9999 -9999 -9999 -9999 -9999 -9999 -9999 -9999 -9999 -9999 -9999 -9999 -9999 -9999 -9999 -9999 -9999
0.0598854200712693 0.0631448494598442 0.0539529934609233 0.0514083767718521 0.0614470347651419 0.072171657090689 0.083243879093778 0.091098468998758 -9999 -9999 -9999 -9999 -9999 -9999 -9999 -9999 -9999 -9999 -9999 -9999 -9999 -9999 -9999 -9999 -9999 -9999 -9999 -9999 -9999 -9999 -9999 -9999 -9999 -9999 -9999 -9999 -9999 -9999 -9999 -9999 -9999 -9999 -9999 -9999 -9999 -9999 -9999 -9999 -9999 -9999 -9999 -9999 -9999 -9999 -9999 -9999
0.0598961203474744 0.0619347730911489 0.0540512330830655 0.0521665765379026 0.0616378521147486 0.072171657090689 0.083243879093778 0.091098468998758 0.0965567367563533 -9999 -9999 -9999 -9999 -9999 -9999 -9999 -9999 -9999 -9999 -9999 -9999 -9999 -9999 -9999 -9999 -9999 -9999 -9999 -9999 -9999 -9999 -9999 -9999 -9999 -9999 -9999 -9999 -9999 -9999 -9999 -9999 -9999 -9999 -9999 -9999 -9999 -9999 -9999 -9999 -9999 -9999 -9999 -9999 -9999 -9999 -9999
0.0575881838288386 0.0553050163602348 0.0511837085495853 0.0520187449656879 0.0622361787829408 0.0726689762291047 0.0832109051919429 0.0903604994638437 0.0974719428183643 0.104641864136007 0.115762701627958 0.129328070625497 -9999 -9999 -9999 -9999 -9999 -9999 -9999 -9999 -9999 -9999 -9999 -9999 -9999 -9999 -9999 -9999 -9999 -9999 -9999 -9999 -9999 -9999 -9999 -9999 -9999 -9999 -9999 -9999 -9999 -9999 -9999 -9999 -9999 -9999 -9999 -9999 -9999 -9999 -9999 -9999 -9999 -9999 -9999 -9999
0.0519323692460548 0.0408497869033903 0.0440339192033766 0.0505626953709016 0.0634229078743431 0.0738843741274572 0.083130320296058 0.0885569762279591 0.0949937569612244 0.103956568019651 0.115762701627958 0.129328070625497 -9999 -9999 -9999 -9999 -9999 -9999 -9999 -9999 -9999 -9999 -9999 -9999 -9999 -9999 -9999 -9999 -9999 -9999 -9999 -9999 -9999 -9999 -9999 -9999 -9999 -9999 -9999 -9999 -9999 -9999 -9999 -9999 -9999 -9999 -9999 -9999 -9999 -9999 -9999 -9999 -9999 -9999 -9999 -9999
0.0547026743783632 0.0433181767561388 0.0486689045100382 0.0561295609941354 0.0675843286475029 0.0765974483733926 0.0843733083871495 0.0896228400161779 0.0969952646892605 0.109437102714807 0.121999689475248 0.134636986524061 0.139295508550361 -9999 -9999 -9999 -9999 -9999 -9999 -9999 -9999 -9999 -9999 -9999 -9999 -9999 -9999 -9999 -9999 -9999 -9999 -9999 -9999 -9999 -9999 -9999 -9999 -9999 -9999 -9999 -9999 -9999 -9999 -9999 -9999 -9999 -9999 -9999 -9999 -9999 -9999 -9999 -9999 -9999 -9999 -9999
0.059269790320819 0.0511067044504167 0.0568587926812913 0.0636600158015341 0.0724472592644188 0.0797911186052484 0.0864035698658003 0.09198057016001 0.100808899431999 0.117278016219073 0.130504401994456 0.141724428289534 0.142548547721861 0.143343149694199 0.146147700512489 -9999 -9999 -9999 -9999 -9999 -9999 -9999 -9999 -9999 -9999 -9999 -9999 -9999 -9999 -9999 -9999 -9999 -9999 -9999 -9999 -9999 -9999 -9999 -9999 -9999 -9999 -9999 -9999 -9999 -9999 -9999 -9999 -9999 -9999 -9999 -9999 -9999 -9999 -9999 -9999 -9999
0.0350485391937327 0.0371931373293163 0.0467751825212688 0.0570316539708038 0.0685648194667806 0.0812707338845633 0.0945709170243303 0.0988866916725028 0.107402308773861 0.126120496141947 0.137491758258488 0.144317292383284 0.146871794214655 0.148376534076254 0.147656671555449 -9999 -9999 -9999 -9999 -9999 -9999 -9999 -9999 -9999 -9999 -9999 -9999 -9999 -9999 -9999 -9999 -9999 -9999 -9999 -9999 -9999 -9999 -9999 -9999 -9999 -9999 -9999 -9999 -9999 -9999 -9999 -9999 -9999 -9999 -9999 -9999 -9999 -9999 -9999 -9999 -9999
0.0168499763004733 0.0257988001955542 0.0394683696725434 0.0537241803107831 0.0690897499359139 0.0847445058543366 0.100545801552702 0.105715333054522 0.114464990551 0.13204111986637 0.142254199707593 0.147911575093787 0.152323453334091 0.159067961241605 0.172920968176248 0.18884026964288 0.206306615458522 -9999 -9999 -9999 -9999 -9999 -9999 -9999 -9999 -9999 -9999 -9999 -9999 -9999 -9999 -9999 -9999 -9999 -9999 -9999 -9999 -9999 -9999 -9999 -9999 -9999 -9999 -9999 -9999 -9999 -9999 -9999 -9999 -9999 -9999 -9999 -9999 -9999 -9999 -9999
0.00920809778001997 0.0188202180878398 0.0370287808348463 0.0562376236390703 0.0773400042162771 0.0917136742241508 0.102677695196081 0.112408165765924 0.122350222125131 0.132840257557941 0.143116767454847 0.153261163716146 0.159753015921092 0.166589519266913 0.175175875093072 0.18884026964288 0.206306615458522 -9999 -9999 -9999 -9999 -9999 -9999 -9999 -9999 -9999 -9999 -9999 -9999 -9999 -9999 -9999 -9999 -9999 -9999 -9999 -9999 -9999 -9999 -9999 -9999 -9999 -9999 -9999 -9999 -9999 -9999 -9999 -9999 -9999 -9999 -9999 -9999 -9999 -9999 -9999
0.0140890247540715 0.0332059262992574 0.0545203598977109 0.0740655571861744 0.0902615766537605 0.103989926002435 0.116467829377059 0.125182905524633 0.135200589572104 0.148425144242218 0.159166553375917 0.168371577724692 0.172230358480407 0.176651634154412 0.183804761537783 0.193852630987907 0.206067807318483 0.21853780236745 -9999 -9999 -9999 -9999 -9999 -9999 -9999 -9999 -9999 -9999 -9999 -9999 -9999 -9999 -9999 -9999 -9999 -9999 -9999 -9999 -9999 -9999 -9999 -9999 -9999 -9999 -9999 -9999 -9999 -9999 -9999 -9999 -9999 -9999 -9999 -9999 -9999 -9999
0.0248281343829801 0.057585873823566 0.0813357619759015 0.0990576266776735 0.105368397038708 0.118748837435939 0.135711701742621 0.140802768318163 0.150373653228171 0.17092682112388 0.182320937233962 0.188048116951707 0.187069058252554 0.187902224431894 0.195415402855957 0.201209780671635 0.205717284458893 0.217973015104477 0.22844018334229 -9999 -9999 -9999 -9999 -9999 -9999 -9999 -9999 -9999 -9999 -9999 -9999 -9999 -9999 -9999 -9999 -9999 -9999 -9999 -9999 -9999 -9999 -9999 -9999 -9999 -9999 -9999 -9999 -9999 -9999 -9999 -9999 -9999 -9999 -9999 -9999 -9999
0.0712927458660316 0.080298632966605 0.103222145924393 0.122043910784171 0.1331010352287 0.15226753909535 0.17554332028101 0.176102466770623 0.177356760529476 0.181223489729208 0.189165275065826 0.199628400434517 0.201862841021328 0.203234795996776 0.203730898413971 0.211605644751485 0.225004816190831 0.232001549341819 0.274710199355846 0.456494670785902 0.557808826929702 0.586588602858862 0.606024291063213 0.620863862617566 -9999 -9999 -9999 -9999 0.781303501930398 -9999 -9999 0.806585029573099 0.806585029573099 -9999 -9999 -9999 -9999 -9999 -9999 -9999 -9999 -9999 -9999 -9999 -9999 -9999 -9999 -9999 -9999 -9999 -9999 -9999 -9999 -9999 -9999 -9999
0.114734313589781 0.112797985453799 0.134062279772699 0.152597849323526 0.165967922088591 0.186865645422839 0.211577865790606 0.213638449812065 0.211942926543982 0.202458018882793 0.204736841444687 0.21429418065559 0.215875568715865 0.215840131034873 0.212660312399094 0.221474709918044 0.239269232988185 0.24318839237821 0.28202750793012 0.460448393726192 0.560495385891911 0.589897671630627 0.609266861343904 0.62972424415976 0.665407669671956 0.709610178720511 0.763041125067154 0.778199997663962 0.784463784329052 0.796745853391864 0.805044123272054 0.808148986748805 0.819244611710746 0.832138342474856 0.833959168657162 0.837760137375155 0.844682070710518 -9999 -9999 -9999 -9999 -9999 -9999 -9999 -9999 -9999 -9999 -9999 -9999 -9999 -9999 -9999 -9999 -9999 -9999 -9999
0.151620486249293 0.166352091701281 0.184170392000418 0.199433795690042 0.209860760623068 0.223758177420899 0.239414181207009 0.255956116511482 0.262866990885195 0.247239295704065 0.239105804546927 0.235609166473403 0.228208205454361 0.222572816724767 0.222915183583513 0.230206100143945 0.242699428259652 0.248240957311599 0.289095428352239 0.467764686594971 0.568961102560576 0.600325002298947 0.619484646123878 0.638495280323624 0.668408228795002 0.709610178720511 0.763041125067154 0.780793578337747 0.789552854621686 0.798584996377885 0.806941954096374 0.814418720584281 0.823309818236982 0.832138342474856 0.833959168657162 0.837760137375155 0.844682070710518 0.846715691579838 -9999 -9999 -9999 -9999 -9999 -9999 -9999 -9999 -9999 -9999 -9999 -9999 -9999 -9999 -9999 -9999 -9999 -9999
0.211196204304883 0.230719550841212 0.261001148964673 0.280560453446707 0.279822374334461 0.281443929955811 0.284261186627411 0.303435216201718 0.311524558156322 0.293006216486565 0.279719499708222 0.269669721226783 0.250521909997614 0.236406355264779 0.238919226239143 0.241924093765072 0.245297321402809 0.253691664735134 0.297845707598125 0.475871836551045 0.576820033286424 0.608291678056804 0.627838188083152 0.647226754836644 0.677204444366601 0.716696646206664 0.766495599929246 0.784316560891795 0.79380482824163 0.801464184856367 0.809783688997201 0.818963782297297 0.827771702898851 0.835981400224211 0.837887538022487 0.84201954379703 0.849659809745607 0.861886199863711 0.875831574357698 0.88217000498222 -9999 -9999 -9999 -9999 -9999 -9999 -9999 -9999 -9999 -9999 -9999 -9999 -9999 -9999 -9999 -9999
0.283792969109764 0.301292562850154 0.353167462472924 0.381365819977977 0.364744302778915 0.351062468800557 0.33887026466378 0.353876352331803 0.358881431041928 0.339338777341321 0.323916913567196 0.31104468647448 0.278563536728151 0.25431492198659 0.258222595927977 0.255356035451354 0.24741757408499 0.259370857652167 0.307561456733818 0.484432842541954 0.584330742486001 0.614846236380675 0.635121880801437 0.655935525761025 0.689326663709634 0.727849886420688 0.771932524324299 0.788372907385956 0.797576409913718 0.80494023328697 0.813167110339625 0.822519091419782 0.832461232692358 0.842029906947579 0.844070314880844 0.848723332826634 0.857494167172569 0.866623855884556 0.875831574357698 0.88217000498222 0.886339039567434 -9999 -9999 -9999 -9999 -9999 -9999 -9999 -9999 -9999 -9999 -9999 -9999 -9999 -9999 -9999
0.367123898237027 0.392656628384305 0.41143765292483 0.416248880438857 0.394615175696453 0.374161461773343 0.354305686269186 0.356827067866955 0.356510519662002 0.34859035275192 0.333484917175557 0.313933774614813 0.287709210873307 0.268917875918321 0.273324160220093 0.266981442187088 0.252590895994987 0.264382418122237 0.314946102918814 0.500882327260242 0.601901546076894 0.62637822441123 0.646221075879638 0.669215902274481 0.712948996742371 0.749610710038001 0.77861223342229 0.791406699517217 0.799881836494388 0.806697733691597 0.814699898176664 0.824248518154727 0.834944082810359 0.845627825076863 0.85114460371318 0.857367196992173 0.864702246817357 0.875015325414518 0.886488400390387 0.894783983784423 0.902146844770496 0.907717247437872 0.907971617453214 0.905490938553558 -9999 -9999 -9999 -9999 -9999 -9999 -9999 -9999 -9999 -9999 -9999 -9999
0.439483142945239 0.466783883104007 0.458155776320336 0.443559534881384 0.417665569047671 0.393023749387031 0.369016431529953 0.358133135311294 0.351414032233382 0.35385224272402 0.340340742695887 0.316960754411371 0.298071954718908 0.284309871540591 0.284713127809251 0.276383473519818 0.26151544838336 0.271725698147734 0.322430706164532 0.515591494734114 0.617722771635955 0.637801813666177 0.652505759353996 0.673083133781227 0.729186661661361 0.766503347880908 0.78346887900802 0.793612761391838 0.801747921177655 0.807732492171946 0.815367025959846 0.825152503343283 0.836294810810957 0.847613658124644 0.855345395534112 0.862918958511762 0.87024321781749 0.882015873628911 0.895562597626928 0.906027415605132 0.913112590808572 0.913702941020003 0.912244657513316 0.909732371182583 0.912855855918 -9999 -9999 -9999 -9999 -9999 -9999 -9999 -9999 -9999 -9999 -9999
0.480983616217394 0.49191591306281 0.478312656726633 0.459193024502249 0.429630850672717 0.406617039411852 0.386921489189145 0.361255247073958 0.3455256729414 0.353269871572953 0.344459782473448 0.325407137944834 0.31418069941374 0.302253522540556 0.286687918945111 0.280054478738534 0.280108590902287 0.285415430279035 0.330489452785928 0.524594306148002 0.627527871386915 0.648281407209272 0.645366623761793 0.651083579987623 0.724093423112273 0.768936985409291 0.783268960934236 0.793731166101443 0.802627070003278 0.807052718800769 0.813953326823523 0.824080369839488 0.834896180304579 0.84559380442536 0.85171611007618 0.859916286604491 0.871391460448015 0.884803502848566 0.898990508356337 0.911937061638247 0.922338991864256 0.927850795375654 0.927987498741646 0.925358763521575 0.919392139495134 0.915141619453961 -9999 -9999 -9999 -9999 -9999 -9999 -9999 -9999 -9999 -9999
0.481655914991291 0.482463934532556 0.470739677197955 0.454012286048578 0.427813924451265 0.407636726705821 0.390510641846157 0.363554626984199 0.345434945149898 0.348386362384955 0.339606720601616 0.323568776667793 0.317042644818945 0.30832988547605 0.291270623300619 0.286482619010265 0.290882162706159 0.341948328150905 0.416652053605539 0.559409936509844 0.637353336061979 0.65687421841435 0.660062249986674 0.66951921979254 0.72702935354034 0.765180762225825 0.782361513721949 0.792102890473203 0.799551923799244 0.803880950106758 0.810810049530976 0.821128686367773 0.832035229410282 0.84284162294897 0.849752370664708 0.85833447908396 0.869550871411829 0.883040841907033 0.897497514900302 0.912793936044624 0.92595234626627 0.935002036217991 0.935837571623316 0.932447001594328 0.922372904819363 0.911640956809579 0.899698719884459 0.890343199480444 0.882611320142867 -9999 -9999 -9999 -9999 -9999 -9999 -9999
0.453892083069277 0.448924780970138 0.443853320792143 0.434334790952329 0.416397924344744 0.399899113068094 0.384129009605852 0.365280988120745 0.349382169314377 0.340507183543283 0.328504742184911 0.314567265159334 0.310678419313217 0.306140883659033 0.297669694958093 0.294831057058647 0.296209536202814 0.428320763925147 0.55721266347475 0.612203757232981 0.647192984561095 0.664152917739142 0.689965417287661 0.716117285765473 0.735557463908358 0.757113406096674 0.780961284471256 0.789258081630307 0.793722678210278 0.798973548958822 0.806462150403052 0.816867928238812 0.828155797180947 0.839579387603212 0.84894865581077 0.857742279497144 0.865628611839373 0.878108981085318 0.892577195185402 0.910131640757026 0.925656308925756 0.93728025447878 0.938190465289499 0.933588560110617 0.922877312016544 0.911694526342056 0.89971362864567 0.890343199480444 0.882611320142867 -9999 -9999 -9999 -9999 -9999 -9999 -9999
0.434787809460408 0.435407625679891 0.432864553508852 0.426847808171642 0.414255373052676 0.401658086992106 0.389058342807026 0.375223157188848 0.362856272106734 0.353973377113709 0.345433765623333 0.337106552295952 0.3257616102731 0.315967134346876 0.311339245404673 0.309508543816838 0.3097721094415 0.454969476014732 0.591533491141116 0.626874776363119 0.65073324615293 0.66424132900154 0.699640399252746 0.73241922252235 0.730704350562047 0.742365046760517 0.76851504706696 0.779687746909819 0.78698382260159 0.793622062233536 0.801839953507013 0.812117128538092 0.821690364006001 0.830906654075383 0.838466754319957 0.847286200245727 0.858090540309782 0.870991035280153 0.884814856305757 0.900703882507736 0.914784738745601 0.925390746233056 0.927496663591435 0.925229364341368 0.918010732727583 0.909269198845866 0.897172168076833 0.889592230429766 0.88484760072383 0.884427809606186 -9999 -9999 -9999 -9999 -9999 -9999
0.421152394851731 0.425960538932312 0.425244099519445 0.4217590657073 0.413033061593611 0.404013504708033 0.394845195410627 0.38537343527533 0.376429285093199 0.368730937446158 0.363248268871881 0.359136496834174 0.341029408575199 0.326385774733789 0.324746434071524 0.324016654588996 0.323967867802043 0.47418135421704 0.612843129592448 0.636651464904153 0.65630231658797 0.672205693229237 0.710118853655405 0.742582079828241 0.725799188225474 0.729928070815807 0.756709976599204 0.770653065232167 0.780968316885026 0.788399038674894 0.796861721993595 0.806669702945599 0.815028744282039 0.822859510091593 0.830017559879328 0.839298242500547 0.851924473156602 0.864287904964033 0.876568104084769 0.889899067562368 0.902014917867488 0.91179562569552 0.915433038321246 0.915909783212707 0.912015373945589 0.905676180768329 0.893761971837828 0.88783367642465 0.885662644293925 0.883863898836914 -9999 -9999 -9999 -9999 -9999 -9999
0.423267224408867 0.423481252225446 0.423625446781908 0.420638489213166 0.411724236804095 0.405092232140493 0.399616714109052 0.393361773598826 0.387006268716726 0.380449739923331 0.374289136714827 0.368373502653586 0.349421656859182 0.334631919797028 0.334706890795367 0.335727015446541 0.337454781043829 0.488763692641956 0.626665685980037 0.642967290451616 0.671044800938451 0.70973688452897 0.730439426672423 0.742268680047373 0.725400550424179 0.727768603441291 0.750974567554473 0.765812899991057 0.777755578816529 0.783772701421038 0.790756764815044 0.799001362753519 0.808598798608954 0.818855319257966 0.831938215346318 0.843240543523786 0.851736462895554 0.859774852560105 0.867652779563138 0.87673372831418 0.886428632468795 0.897303404782516 0.903233031705569 0.906618427729272 0.904023915954624 0.898940795013065 0.888263266881858 0.882877608514687 0.880813573138291 0.881706120740099 -9999 -9999 -9999 -9999 -9999 -9999
