layers/veg/veg_5300.asc
NCOLS 255 
NROWS 330 
XLLCORNER -2985163.8955 
YLLCORNER -3022031.214 
CELLSIZE 25000 
NODATA_value -9999 
[rows 125 to 149 of 330, columns 171 to 227 of 255]
0.237194935828718 0.263245288937906 0.278884001551801 0.282107394939138 0.278104885788187 0.272226856606179 0.268640863528806 0.268591441470902 0.273627165434943 0.28108866663123 0.289427968552674 0.297199650088816 0.306693894939002 0.319194319006456 0.332273758136552 0.345621515420381 0.355068862275944 0.36285034687387 0.367065006172729 0.348433989462073 0.31674945928699 0.331280347859823 0.334279760159128 0.300588453533496 0.294037128345853 0.306309490388953 0.364938411514623 0.415230500578493 0.42111202429214 0.438506613724465 0.465530573648544 0.464969181502371 0.463565830563328 0.478282206764797 0.490436857115842 0.500015699777351 0.549950375948454 0.601445703147341 0.604758866196374 0.609368814209172 0.615546462817625 0.616962759471163 -9999 -9999 -9999 -9999 -9999 -9999 -9999 -9999 -9999 -9999 -9999 -9999 -9999 -9999 -9999
0.238037879834662 0.259958674780925 0.274298928784897 0.279599796944626 0.275940236949413 0.27026723284607 0.270512411603334 0.27342142974609 0.280160715167422 0.288456887399667 0.297204327113511 0.303275392302712 0.312090007125472 0.325692603802194 0.334021362205766 0.339899012493496 0.359505128231188 0.373288809719453 0.374605910800001 0.357430216138307 0.329688147423347 0.340593403087133 0.34357399590407 0.320461448229683 0.314108124534652 0.319378625680408 0.359262888313268 0.399163515261781 0.427215228971235 0.447651183892855 0.461717422464736 0.450863076101217 0.444389511196958 0.475805207008695 0.497356819641634 0.50899012610689 0.554761187986753 0.598445338470946 0.579481438735711 0.581984479795881 0.610439191188601 -9999 -9999 -9999 -9999 -9999 -9999 -9999 -9999 -9999 -9999 -9999 -9999 -9999 -9999 -9999 -9999
0.239082858488408 0.258808012314294 0.271952105167424 0.277248638083854 0.273626065270946 0.268210411139143 0.270764755538936 0.275339537416896 0.282819455243809 0.29135749211617 0.300238758308657 0.308054422184652 0.317045470986546 0.328087775441989 0.338744934318517 0.349225422590345 0.367781799480357 0.380790932495055 0.381922703078457 0.366396053921164 0.341351152544471 0.346610165636139 0.348796211450663 0.338910116674191 0.339686522858207 0.347858202455963 0.380036657639709 0.413230465060552 0.441634600573889 0.447672645958252 0.435003999869943 0.432215382798063 0.438503766323464 0.478833116398919 0.507128623517359 0.523324137493199 0.527809534456 -9999 0.556666838076791 0.556666838076791 -9999 -9999 -9999 -9999 -9999 -9999 -9999 -9999 -9999 -9999 -9999 -9999 -9999 -9999 -9999 -9999 -9999
0.240228201578845 0.258718423235493 0.270717173086881 0.274975193247409 0.271237615364751 0.266105304559862 0.270212729961388 0.275811114704171 0.283553312174403 0.292038726178757 0.300917549646647 0.312189286305106 0.321782034666692 0.328444649962664 0.344946873431932 0.366027657724518 0.377966262874016 0.386834374196571 0.389128163415143 0.375346795460883 0.352380438604961 0.35098943401557 0.351995575878156 0.356651224789469 0.368000824745341 0.383993200197893 0.413949600738165 0.442267002779336 0.460185181440871 0.443162035848933 0.396914445184696 0.411311571960478 0.439220359399399 0.484595690914751 0.51831713216988 0.54032062158394 0.53710145872206 -9999 -9999 -9999 -9999 -9999 -9999 -9999 -9999 -9999 -9999 -9999 -9999 -9999 -9999 -9999 -9999 -9999 -9999 -9999 -9999
0.240197431437658 0.24927993149061 0.256429090155762 0.26127284358585 0.263670806562152 0.265737476379813 0.271569651386637 0.277647252378402 0.284077745186598 0.294157226893546 0.305727518662663 0.319957510298826 0.332922019363603 0.343678036366054 0.35820490586141 0.374484299966514 0.380812110570403 0.385385683546765 0.386203208193348 0.37234913392816 0.350112032876646 0.368409030050148 0.385473459786139 0.394075647691026 0.406608117227577 0.421866542650732 0.44823550734718 0.4711645610354 0.478526379855566 0.471443671934755 0.452279759670492 0.465275940998202 0.485794294832466 0.51719445458274 0.541646397669865 0.559111929659746 0.561048555262451 -9999 -9999 -9999 -9999 -9999 -9999 -9999 -9999 -9999 -9999 -9999 -9999 -9999 -9999 -9999 -9999 -9999 -9999 -9999 -9999
0.239878236973986 0.242769819279352 0.246622963905759 0.251622719690837 0.258429185130721 0.265746626551015 0.272905030784556 0.279598769914675 0.285624378844895 0.296696349476153 0.309782699173715 0.32557113171885 0.340356676584713 0.353392004158647 0.366850736002446 0.380503364236703 0.384295638549687 0.386647336534245 0.385914575362644 0.370565766732599 0.34686567218674 0.381485671012522 0.412083219451035 0.424499186538385 0.436593253969772 0.448464058962406 0.471525074694079 0.490512815054868 0.49174322540369 0.491782302407853 0.490824964518258 0.505355130407293 0.522885980224199 0.542836077384787 0.559931597848009 0.574156849969975 0.578440310677402 -9999 -9999 -9999 -9999 -9999 -9999 -9999 -9999 -9999 -9999 -9999 -9999 -9999 -9999 -9999 -9999 -9999 -9999 -9999 -9999
0.23893703835898 0.243259820313918 0.247490291428248 0.251610686848477 0.258673567279141 0.266562316837582 0.274129717792608 0.281770349050346 0.289516276308216 0.300151508313545 0.311978223770473 0.326138704654252 0.339108522320955 0.350000420999857 0.364718067003937 0.381214363614876 0.389474091277018 0.394350562485366 0.391983046588957 0.371944760467319 0.341809787473043 0.384207269910202 0.422006468716084 0.438273337913515 0.446522041333702 0.449209523383862 0.469645906403737 0.488019238668257 0.493243632516649 0.49289451072205 0.487883776774842 0.511260201293104 0.536809558552573 0.551698281195484 0.566286738509127 0.580573279931225 0.581747119816494 -9999 -9999 -9999 -9999 -9999 -9999 -9999 -9999 -9999 -9999 -9999 -9999 -9999 -9999 -9999 -9999 -9999 -9999 -9999 -9999
0.25306513466085 0.255009193767473 0.260528183542091 0.27031008514852 0.278818412324064 0.286664776657306 0.291650832097917 0.298022837224924 0.306387664352562 0.312672723257671 0.318507711427219 0.331068148292257 0.34181097097724 0.34938173378579 0.367386762619274 0.390245229464913 0.397863607144003 0.402546536920769 0.400944295283088 0.384940200526064 0.360707205756288 0.398135569059482 0.430184745406851 0.440002888586784 0.445213653631346 0.447228843720483 0.458268150393735 0.467893814020277 0.469588749853432 0.472351201729875 0.47600650940493 0.513285734308051 0.550471554793517 0.562928978084232 0.574050355802611 0.583828343689396 0.585621071535139 -9999 -9999 -9999 -9999 -9999 -9999 -9999 -9999 -9999 -9999 -9999 -9999 -9999 -9999 -9999 -9999 -9999 -9999 -9999 -9999
0.276343785731072 0.273595615971188 0.280956429250398 0.300371659078366 0.311047450866728 0.318478775861672 0.319067654950614 0.322825700852331 0.331140611559572 0.330699135584637 0.327668919185217 0.338646258439001 0.346912351274805 0.350446837110637 0.372970999413158 0.404328182637953 0.408202982595403 0.411041723895134 0.411662130386733 0.404989515957743 0.394149830843535 0.418868932744989 0.43730341929614 0.434418574942361 0.437081696116811 0.443592762733265 0.441122550059883 0.437061770776474 0.430658775815307 0.438657974427518 0.458702970501567 0.512955488637993 0.563974710078023 0.575597899239526 0.582669244867967 0.585163725422386 -9999 -9999 -9999 -9999 -9999 -9999 -9999 -9999 -9999 -9999 -9999 -9999 -9999 -9999 -9999 -9999 -9999 -9999 -9999 -9999 -9999
0.253408724857537 0.260978207828405 0.273905555974153 0.29322186910088 0.302248159474967 0.30806307581428 0.311817593858074 0.320446456720284 0.336084016714969 0.344403028456753 0.35037928772033 0.364369591435476 0.378578862512773 0.393170270564656 0.413501026352659 0.436502222593159 0.453596097867725 0.459474747771847 0.441340158044263 0.41694777537317 0.388979828362825 0.414673827393148 0.435069414616243 0.434470103299841 0.438165206764023 0.444838820764533 0.455612340250928 0.463362763693533 0.45938039713662 0.471000527095364 0.49567037145831 0.536536926284894 0.574846389017181 0.589846664525762 0.596891493694677 0.595937145335672 -9999 -9999 -9999 -9999 -9999 -9999 -9999 -9999 -9999 -9999 -9999 -9999 -9999 -9999 -9999 -9999 -9999 -9999 -9999 -9999 -9999
0.235665030493033 0.249989253140184 0.266191722879026 0.284633900879043 0.292706116793717 0.297900010197564 0.304543785602441 0.316590497549111 0.33640595529816 0.353253896845811 0.368918930850223 0.383029017135898 0.399740684692501 0.420992574071391 0.440648871909852 0.459564760369173 0.48618084667111 0.496214188006711 0.470741740071466 0.435902885540515 0.395712273654718 0.424607266557358 0.448422472418219 0.449859156415849 0.454245112903076 0.460676619164508 0.487990516312795 0.511260736158797 0.513541237982987 0.523906612915014 0.54103406498935 0.566013955572655 0.591047500996557 0.610648445250854 0.627907593201437 0.642812071964671 -9999 -9999 -9999 -9999 -9999 -9999 -9999 -9999 -9999 -9999 -9999 -9999 -9999 -9999 -9999 -9999 -9999 -9999 -9999 -9999 -9999
0.241273202231401 0.249376869204336 0.261592474207395 0.278711343331693 0.288524117989351 0.296175486551918 0.303533376324774 0.313457501053899 0.327071550121433 0.348954738555494 0.373004227852743 0.378084486369417 0.385877658761447 0.398405348163004 0.422976100489043 0.453151856764675 0.475573449379679 0.492071470187285 0.495886362070744 0.476433036263332 0.443684766029915 0.479675547751712 0.508254935743275 0.508273335258893 0.511716520259634 0.517535060267587 0.565972143906093 0.610757546561294 0.628415981254162 0.623817125747835 0.600602577540053 0.608057818003927 0.62303713084985 0.649984117257127 0.658173219931274 0.647501326550271 -9999 -9999 -9999 -9999 -9999 -9999 -9999 -9999 -9999 -9999 -9999 -9999 -9999 -9999 -9999 -9999 -9999 -9999 -9999 -9999 -9999
0.244630131252957 0.258036923227301 0.267918987688359 0.273598004869418 0.284806886806592 0.296997081745577 0.302961410838701 0.311014799591935 0.322071994393947 0.341442774163785 0.36300757686284 0.365832771561211 0.372905976438551 0.387392714281928 0.418804169718171 0.458085664822482 0.465387293101404 0.475268998595596 0.490674981167791 0.487908088249121 0.474757616625731 0.502637207228921 0.525230229678294 0.528471330255026 0.5354283633693 0.544962684608 0.589150666772831 0.631960729114942 0.658147216162735 0.658371701439937 0.636881923994653 0.646607499490786 0.66288773349198 0.686343027572863 0.700333445130831 0.704806957620991 -9999 -9999 -9999 -9999 -9999 -9999 -9999 -9999 -9999 -9999 -9999 -9999 -9999 -9999 -9999 -9999 -9999 -9999 -9999 -9999 -9999
0.246331723837444 0.273514991273844 0.282279202759512 0.269079684361933 0.281431398774436 0.299690835483643 0.302711832618299 0.309079671352677 0.320259848974981 0.331568436774638 0.342656484104968 0.348208091898384 0.360589698147176 0.384890865925645 0.424559393088445 0.471362698208808 0.455510874903638 0.449157823172433 0.463142862783875 0.478018956238705 0.493404178131553 0.501990901024446 0.510692691366817 0.520569004865816 0.534316833867839 0.55074985987725 0.572032523517782 0.595594688234435 0.625272517592822 0.644870124270325 0.656036770749611 0.682587913349677 0.70851850128068 0.720513128101887 0.720331045755224 0.707905318717756 -9999 -9999 -9999 -9999 -9999 -9999 -9999 -9999 -9999 -9999 -9999 -9999 -9999 -9999 -9999 -9999 -9999 -9999 -9999 -9999 -9999
0.256743761939701 0.287914899269244 0.299293892399214 0.287071822034264 0.2882911287425 0.293516615494754 0.299574930375353 0.306090267944035 0.313262746876894 0.322872300349374 0.333323664330024 0.342378244963779 0.356739269309856 0.380360981304114 0.418829344765421 0.464191050488849 0.449988806262888 0.445791974081906 0.46301801563855 0.493495128982907 0.531543611365631 0.543222075577463 0.551679556022233 0.554899047088523 0.567485727979665 0.586569283302978 0.620648717343703 0.650815322860684 0.662463569907276 0.67128027371 0.6777287135225 0.69890309402436 0.72033758923882 0.732307774651141 0.738154148179221 0.73784304715237 -9999 -9999 -9999 -9999 -9999 -9999 -9999 -9999 -9999 -9999 -9999 -9999 -9999 -9999 -9999 -9999 -9999 -9999 -9999 -9999 -9999
0.266420291683672 0.299633202277862 0.313978704921831 0.305825842127088 0.297282353111974 0.290168593600855 0.298260222289372 0.304265101371301 0.307269495971985 0.315219770584837 0.325116733393866 0.337093180718536 0.352632153494337 0.374388366521836 0.410655281016234 0.453661608243146 0.444677522601978 0.446492866499608 0.471431177688143 0.515562670957687 0.570660723527789 0.584798286546592 0.593647859351508 0.593600586358239 0.607482585881171 0.6310256188796 0.671292456716595 0.701650142742286 0.692420063223455 0.690357292533597 0.694289160789564 0.711081511155372 0.728728475719852 0.740956815048173 0.748006865314739 0.749850161399667 -9999 -9999 -9999 -9999 -9999 -9999 -9999 -9999 -9999 -9999 -9999 -9999 -9999 -9999 -9999 -9999 -9999 -9999 -9999 -9999 -9999
0.269548848373109 0.301876094855467 0.318856236771807 0.317535784994334 0.309692967223735 0.301193619563686 0.304971503224108 0.307221282154321 0.307273837941791 0.31092216975251 0.316255258062974 0.328657285864546 0.343860638745736 0.363952801905478 0.398450572529321 0.439641919857644 0.438238888882623 0.452306999042745 0.499500811735173 0.550960448267287 0.604857482095283 0.609291867530931 0.614910477502748 0.630001170314159 0.657778248848858 0.694354322235097 0.700634437217633 0.696055183650303 0.664815158959691 0.664729316507558 0.69070040541258 0.716536347660324 0.739227393753568 0.747747642355859 0.751476537395566 0.750387740742093 -9999 -9999 -9999 -9999 -9999 -9999 -9999 -9999 -9999 -9999 -9999 -9999 -9999 -9999 -9999 -9999 -9999 -9999 -9999 -9999 -9999
0.273654202606524 0.305573594202271 0.323245314179924 0.323927454902152 0.317066031973134 0.308688907028943 0.307060914871467 0.305032427677374 0.302428078799451 0.308271892053351 0.317197992008439 0.324667023973291 0.335759668690676 0.353176161860699 0.383793606063511 0.420553338319873 0.443923053102592 0.473757537981514 0.517433926911078 0.570965081614869 0.630127031295753 0.621618461972834 0.619484931680202 0.643008448096795 0.67248631286674 0.706093981163726 0.699007031009983 0.684152536131509 0.656771084057306 0.663139536377537 0.697735946516864 0.724744137625641 0.746791472955848 0.751816306527806 0.754335609779574 -9999 -9999 -9999 -9999 -9999 -9999 -9999 -9999 -9999 -9999 -9999 -9999 -9999 -9999 -9999 -9999 -9999 -9999 -9999 -9999 -9999 -9999
0.27862455253478 0.3105592095981 0.327201844442587 0.325609568318701 0.319978132894503 0.313058461200601 0.30505746504477 0.298287426046787 0.293287349212707 0.307080388925227 0.326822769502904 0.324613558808562 0.328252494429523 0.3420974850438 0.366965061047506 0.396976036697419 0.460342469567607 0.509054778622592 0.526390724283711 0.577338432472743 0.647491157599706 0.623170673285622 0.609281308167835 0.63529996010714 0.655680047153654 0.672149351054845 0.669954918075699 0.666664162719742 0.666048954003609 0.682836599247886 0.714179753206652 0.735389784755931 0.751756627775183 0.753474379674431 -9999 -9999 -9999 -9999 -9999 -9999 -9999 -9999 -9999 -9999 -9999 -9999 -9999 -9999 -9999 -9999 -9999 -9999 -9999 -9999 -9999 -9999 -9999
0.293552733890837 0.319877943669973 0.33212305162476 0.327578398257045 0.316986412265214 0.304478839425126 0.290481660332454 0.285212018890936 0.292491483101139 0.298545011637838 0.303395808463556 0.292878632426255 0.299184744188384 0.334850483974879 0.37344163319694 0.413402109531527 0.475138803692396 0.52691456650325 0.557362694463963 0.596897785233719 0.641624965365556 0.629034758139024 0.625330482340069 0.652668052819232 0.672190223232367 0.686291806061012 0.695144299602312 0.701076447018353 0.698842076930159 0.709777460088106 0.731727844496879 0.74151469736966 0.747950185744464 0.747972687865475 -9999 -9999 -9999 -9999 -9999 -9999 -9999 -9999 -9999 -9999 -9999 -9999 -9999 -9999 -9999 -9999 -9999 -9999 -9999 -9999 -9999 -9999 -9999
0.30948870123278 0.326875931570623 0.333556504754862 0.327469967273748 0.311955564854596 0.294011133256004 0.27922485523391 0.276965556081448 0.292718483013294 0.28833037703418 0.276214625045947 0.259751494620703 0.268255658337267 0.320332188972689 0.374538358086003 0.429735787453334 0.483858514932863 0.536052780613178 0.584117961609457 0.615556807027303 0.637495732405719 0.640267468981749 0.649124516918691 0.676677700328615 0.695949466596998 0.709477426206712 0.726011746984105 0.737257446993803 0.729410574323688 0.732822022131226 0.745649774999749 0.74516106465309 0.742736680804833 0.741155724390758 -9999 -9999 -9999 -9999 -9999 -9999 -9999 -9999 -9999 -9999 -9999 -9999 -9999 -9999 -9999 -9999 -9999 -9999 -9999 -9999 -9999 -9999 -9999
0.321558071888774 0.318369031157906 0.316654740171148 0.316699008641056 0.301995456421609 0.2856783317693 0.295849979052718 0.298576679442269 0.290598478990716 0.276278456515878 0.259817441523936 0.248013846007099 0.247305048464833 0.26595864580176 0.327820757812901 0.40979257915304 0.463591078413499 0.517112440811904 0.570040417552911 0.617900603019152 0.662865164752809 0.67453347671697 0.688212191696368 0.711507123767474 0.726194814725867 0.73491271476913 0.736761831720688 0.735833267208106 0.727782394690428 0.729863257617668 0.74041816531348 0.740438702262389 0.739218047630138 0.739980705405033 -9999 -9999 -9999 -9999 -9999 -9999 -9999 -9999 -9999 -9999 -9999 -9999 -9999 -9999 -9999 -9999 -9999 -9999 -9999 -9999 -9999 -9999 -9999
0.332590956384929 0.319715568765347 0.311716406620795 0.309531880116087 0.299004866194985 0.289011329834973 0.308247252784074 0.311322204638125 0.291159704897869 0.275613250664242 0.262241577433479 0.258191853940087 0.253657832300553 0.248278624298334 0.309858356145676 0.402603378160456 0.457379477571719 0.514518896378316 0.576718485898555 0.634205204509794 0.688999093027447 0.696909348229705 0.706482982364186 0.726479321218638 0.737075608797953 0.741152229974386 0.739444258652224 0.735991707267762 0.728571600143404 0.72967831423497 0.73791674481382 0.738022772986438 0.737047999387331 -9999 -9999 -9999 -9999 -9999 -9999 -9999 -9999 -9999 -9999 -9999 -9999 -9999 -9999 -9999 -9999 -9999 -9999 -9999 -9999 -9999 -9999 -9999 -9999
0.34252074145156 0.331548808733168 0.319510374242799 0.306200193963593 0.303431713706931 0.304759869303696 0.316144959420096 0.314632354180072 0.294574478995542 0.287066565000949 0.284696648180643 0.291694001809436 0.289068754286625 0.269650357065248 0.322499202651985 0.408987863658258 0.466127057969592 0.529322729105499 0.605486095896957 0.665367849627186 0.715946650132094 0.706630923918535 0.70259902183917 0.720318101256535 0.727347320606618 0.726962290875259 0.733540532611178 0.737834479560887 0.731933552066995 0.732445460928926 0.738320978292895 0.738061507507938 -9999 -9999 -9999 -9999 -9999 -9999 -9999 -9999 -9999 -9999 -9999 -9999 -9999 -9999 -9999 -9999 -9999 -9999 -9999 -9999 -9999 -9999 -9999 -9999 -9999
0.347674506209328 0.345634575012764 0.336248117596309 0.318101324258976 0.313876921181427 0.315264559550694 0.331920384035758 0.333772886267587 0.314340065837098 0.305978464578549 0.301500831527371 0.291910354535722 0.287618487988038 0.292573638642666 0.351812709985778 0.436317931875084 0.490970672638366 0.544668708236525 0.596322597315065 0.659873043069639 0.730220917916977 0.71528739722879 0.702447649134471 0.70607808679623 0.708365042135451 0.70972018802973 0.725582274081211 0.738020865794067 0.733780147186185 0.734210635555566 0.738548057466964 -9999 -9999 -9999 -9999 -9999 -9999 -9999 -9999 -9999 -9999 -9999 -9999 -9999 -9999 -9999 -9999 -9999 -9999 -9999 -9999 -9999 -9999 -9999 -9999 -9999 -9999
