layers/veg/veg_500.asc
NCOLS 255 
NROWS 330 
XLLCORNER -2985163.8955 
YLLCORNER -3022031.214 
CELLSIZE 25000 
NODATA_value -9999 
[rows 182 to 207 of 330, columns 114 to 170 of 255]
0.385245537524009 0.390184584030477 0.398360635384173 0.404522594127158 0.40411326054898 0.410320412224702 0.421480266762279 0.434465358983875 0.445452166102943 0.447968506312197 0.454485028978036 0.464606459034046 0.479551074790398 0.49479662957226 0.506988826641365 0.520615282316883 0.535795086723477 0.535552482379065 0.531941313007086 0.532387180701897 0.54608751879512 0.577063012147753 0.602732976613288 0.62645748168799 0.647567160959338 0.66917584556549 0.691570849617842 0.72069956940033 0.752242894651194 0.768278931655182 0.785223771017318 0.803914682257311 0.815692755830864 0.823915093883428 0.76144986254321 0.698530011915446 0.63824091200384 0.594629478676368 0.561483971555418 0.540559432615111 0.516220403669158 0.479014790492288 0.445329191639876 0.414315276655501 0.393714222018178 0.37891807794025 0.381512149072169 0.441905118447577 0.555100620492563 -9999 -9999 -9999 -9999 -9999 -9999 -9999 -9999
0.384492162918472 0.391892488504136 0.394600216254039 0.396624925890103 0.397587638152957 0.40342510191242 0.412911511412956 0.426613412653315 0.438795222127567 0.443201889513081 0.447973120473218 0.453072890928392 0.465921645005961 0.479523036216003 0.489610682597883 0.500831813225225 0.51328054416573 0.502193945731974 0.489200713072469 0.507013958730914 0.530313188555798 0.56076255153404 0.585984007107755 0.609429339713793 0.632163816768666 0.653406079606196 0.672296950634554 0.699229696090791 0.729375574877882 0.754236465361228 0.776317442982652 0.793057404895238 0.806573429191611 0.818431166391924 0.750844452246347 0.685211909093644 0.628387841479191 0.591675090474307 0.567583023213752 0.553108484914414 0.531932541586596 0.48861872894581 0.455218894360443 0.429343749392013 0.416510484951715 0.411991864265617 0.43331421218451 0.460165663854573 0.492068261659373 -9999 -9999 -9999 -9999 -9999 -9999 -9999 -9999
0.381784666920346 0.390967151668937 0.392081961676609 0.393408726210601 0.396983627307576 0.399889084312362 0.402293435738581 0.409625937031168 0.417857976205262 0.427194603565157 0.435734158196984 0.443555402251956 0.454252871918397 0.464708528364889 0.471164862866123 0.472591871233976 0.468571955781722 0.463909850458357 0.462209976117898 0.48429369131744 0.508985255753638 0.537075748936305 0.560194462773791 0.581845699857962 0.605756142350834 0.630949130250309 0.658163119376634 0.678892534375945 0.697255342744285 0.728890927551425 0.758646279590959 0.784789161295321 0.80071765051553 0.811392193392177 0.739367100093889 0.671913121092152 0.61965071849218 0.586725401824464 0.565934907099326 0.549617168764107 0.528498517607383 0.49204421376429 0.465458691649021 0.446363555227978 0.449785268453189 0.466737827500157 0.525099136012089 0.535621924395649 0.502441543710112 -9999 -9999 -9999 -9999 -9999 -9999 -9999 -9999
0.365811388350057 0.374709283552696 0.377066171300116 0.378989072837556 0.380954215186664 0.381282749952157 0.380386218726861 0.385493272552348 0.392374584622455 0.403185371250828 0.417535493408503 0.435075214276824 0.441633938846514 0.446311277713039 0.451754213437535 0.449258138707462 0.438163857377492 0.435458469668906 0.437401030233116 0.458568068913282 0.48235361931717 0.509551995372794 0.532621346392451 0.554170642331584 0.573605457188208 0.596705037422629 0.62557945828766 0.647342770996153 0.666413566553793 0.696132617956584 0.724665820259151 0.750920663855098 0.772160903061413 0.79082179528863 0.735538184069064 0.678444366735277 0.620934263440634 0.590779552888254 0.577791483745007 0.545532581875884 0.512717920805133 0.482417644959361 0.474490282336778 0.483543916332317 0.499018845924221 0.524432188659566 0.585295620797417 0.616363023214488 0.620210082674027 -9999 -9999 -9999 -9999 -9999 -9999 -9999 -9999
0.343269586687281 0.350859546261911 0.355862253532812 0.359022053984837 0.357286949517493 0.35521438136128 0.352889208186918 0.357822683510848 0.364640179004828 0.375213992775376 0.396385895015984 0.427108643464741 0.428544536146128 0.426140039835552 0.431865830704525 0.428353705017288 0.414836615165128 0.411875735851449 0.41367239340262 0.431354351588976 0.453095865679688 0.480128383969284 0.504165098230789 0.526450319546503 0.538611132874076 0.556624566404085 0.583860404496557 0.61024111253875 0.636204815014454 0.659703890700025 0.682609848878046 0.704376256975771 0.732363820796347 0.763551341776737 0.735496374387381 0.694794409966176 0.627179520099512 0.599291935402643 0.596334879337793 0.54115423828534 0.49082394559795 0.466328380481305 0.482923632180859 0.530706732080195 0.556154385163965 0.583586442573134 0.629851159398383 0.642271039332717 0.623771764059274 -9999 -9999 -9999 -9999 -9999 -9999 -9999 -9999
0.348140445788268 0.358598688459168 0.358931323447518 0.357715000736788 0.353986252073866 0.349526951899613 0.344520804808598 0.350511710558936 0.358396277909969 0.368312911342829 0.38477274702262 0.407129223266018 0.410075002407768 0.41068762750789 0.417786029047012 0.410026129019502 0.386174205014373 0.38896814793645 0.399238786122924 0.415109902546947 0.428348544931306 0.438156163941316 0.459339938750348 0.483359800997341 0.495300766728379 0.511724368342161 0.535211589358356 0.561059695272484 0.587769225540129 0.609638290351006 0.631525653984569 0.653448174942936 0.6866182838676 0.725573780788769 0.70553572001637 0.682125106353287 0.653804731981065 0.633490582382193 0.6182006702717 0.574090621915269 0.530238122068787 0.493403761737787 0.483991474087788 0.495392485037425 0.533516711703624 0.573304811645604 0.606262963647696 0.657606193143491 0.725745221253031 0.736605593252578 -9999 -9999 -9999 -9999 -9999 -9999 -9999
0.35252316635836 0.363355506388011 0.360581270577466 0.356453355092754 0.351088152287849 0.345417595067892 0.33951846790071 0.345449131791865 0.352957837384317 0.360904275000105 0.373016571479293 0.388883080564046 0.393210107712116 0.395496331775591 0.39825751996094 0.387180797017178 0.361117166135709 0.366268296653672 0.379463298232245 0.393778129118326 0.402313721132682 0.40331696777304 0.421320952743203 0.444161275508607 0.456870986516468 0.472779208050272 0.493727558115785 0.518811596104512 0.545441989685306 0.565093672457624 0.584955055927986 0.605219335020637 0.6441339571562 0.692641700154165 0.678756616270318 0.667745790250639 0.666832662689499 0.651948694519173 0.628297445499265 0.58909987706201 0.547467752622412 0.501920592825139 0.475930891248307 0.464785261544785 0.50304280666606 0.545939582374512 0.582288527268334 0.643810681958823 0.728329974537427 0.746366947819775 -9999 -9999 -9999 -9999 -9999 -9999 -9999
0.354960632667912 0.360353702557433 0.35825871635542 0.354728661078527 0.348489554077553 0.344287302071594 0.341609717192648 0.344894549348193 0.348703270777186 0.351698690285279 0.360644747161609 0.374953433582416 0.380167032382923 0.380757084963258 0.366129982300905 0.353957064047063 0.344442107348928 0.344021570464439 0.34722647985494 0.360514560049747 0.373206532012265 0.385121568951756 0.39931656489383 0.414302901805278 0.429821092917263 0.447557448508888 0.468789129187356 0.492737743739973 0.51759478520166 0.533550556248205 0.548949259717492 0.563277675437196 0.60926556931073 0.671538053750319 0.660139648645636 0.650348885757455 0.648240969160945 0.63373960180427 0.611460831029337 0.562103574521447 0.512256704370805 0.466814648405383 0.447281794559814 0.447413973568324 0.457125018066356 0.481733263400955 0.559502545161476 0.647029541725309 0.74347075759678 0.754891197563759 -9999 -9999 -9999 -9999 -9999 -9999 -9999
0.355414800154035 0.360631750466996 0.35738859962545 0.352528116779581 0.344618748636221 0.339206740597221 0.335664106109482 0.34015214894381 0.344447905994535 0.344228476632236 0.349855884469983 0.360752378620748 0.362969482577399 0.359976551691366 0.338336305869482 0.323559281499312 0.316215349240605 0.319140361153092 0.324839364063573 0.331879065306838 0.340967463322812 0.352726021199132 0.365027685804618 0.377940713374204 0.396580717602522 0.416308605000432 0.437750750005984 0.460300026412453 0.483229105699411 0.502917663957618 0.521541556456065 0.538119918454103 0.578967375622223 0.632298054286702 0.635720437232496 0.635464678355896 0.629096904321569 0.599176509821879 0.554475870944647 0.534727481247081 0.510752670158869 0.468721868521283 0.442079680488269 0.427117419560411 0.42847794838071 0.451049079729741 0.547974759528853 0.647383970056479 0.749062025084839 0.765268031135045 -9999 -9999 -9999 -9999 -9999 -9999 -9999
0.354668351408231 0.362895300102776 0.357397735183762 0.350039510203255 0.33997779568413 0.331734831737769 0.324853275067486 0.332874597426249 0.340192058025754 0.337808792854256 0.340025288581275 0.346387023240779 0.343256966578945 0.335538845582293 0.313166189779303 0.294872225498479 0.280995616827086 0.292664332562989 0.308414896293079 0.306045236703352 0.30683246982233 0.311734225064103 0.323302227109112 0.337641354487865 0.359592852124773 0.381411186321879 0.4030196850825 0.424009859074841 0.4449173809405 0.47283578778156 0.499338822731406 0.523122519385304 0.551435809545794 0.582078973096083 0.6077887606317 0.622101565445233 0.609618454187356 0.554713307606228 0.473186577664873 0.507121476617778 0.529653623691444 0.493035498408358 0.451071508139996 0.405050016985167 0.410285937317744 0.440657965008778 0.54326227236235 0.646004376849466 0.748872366740402 -9999 -9999 -9999 -9999 -9999 -9999 -9999 -9999
0.355839534911793 0.359676314562073 0.35366547064975 0.345612451280065 0.333541492549073 0.325202333733307 0.319656575856372 0.322082060551193 0.32458021657336 0.323600301366437 0.321818564650007 0.319314237822603 0.320336605125621 0.316101772011246 0.281310196978561 0.266634952454193 0.273746348309269 0.276030249398084 0.276668222446284 0.274073877249332 0.272434855732031 0.272040951099291 0.28083836129888 0.29335630421507 0.315042353874832 0.336015343194781 0.355864710836963 0.37941650715473 0.404695071324834 0.437481879237324 0.467859099793503 0.493606806922064 0.516693166892881 0.538410617729837 0.575134501194533 0.589703958221945 0.550894319447185 0.525159515882091 0.507629712685393 0.523912951675953 0.532928228707336 0.512865330268055 0.469123575131748 0.407409614879281 0.425487180102596 0.465623122178618 0.551822200062255 0.592946814308199 0.592893379990541 -9999 -9999 -9999 -9999 -9999 -9999 -9999 -9999
0.355267590340235 0.355650706308844 0.349186646116655 0.340763445809398 0.327961900900641 0.319870474365785 0.315304759119464 0.312517404019363 0.3105291374136 0.31074659254284 0.305224208434795 0.294529163052061 0.298659106694363 0.297318849796677 0.253522441006409 0.241622233410425 0.264266649378015 0.258536054792872 0.24682876711831 0.244267841873913 0.240739024306827 0.235948708569972 0.241700696373784 0.251758779965703 0.272845075594434 0.293052409687765 0.311874699374672 0.337631079639278 0.36641920322599 0.401144724588202 0.433187653092686 0.46007654573159 0.474493898177451 0.482496302000817 0.535003573581219 0.557178292339543 0.505011999974353 0.508504850814033 0.546926118201778 0.552691805323364 0.553512811702235 0.546616423574617 0.503867534451908 0.433906668414282 0.456378394369028 0.497039055230999 0.562424982037009 0.593641056800261 -9999 -9999 -9999 -9999 -9999 -9999 -9999 -9999 -9999
0.349363252037053 0.350301665357523 0.343243532393108 0.335055205278032 0.325156255796771 0.317805518431975 0.312362219375817 0.307097659500163 0.302983840496855 0.303168550532459 0.294748088423779 0.278572767882194 0.281114227709083 0.279509617758392 0.238576812055903 0.225755800720526 0.243380777237849 0.236812931644158 0.225198853126956 0.221760253622333 0.216821522463691 0.209927601361295 0.212213592120649 0.218567492489449 0.238739872433738 0.258936882523099 0.279172704145485 0.305371876394262 0.334056245168975 0.362940920295534 0.39104932283025 0.417666281455279 0.412252654045071 0.390363550423911 0.474326360362786 0.527704981274816 0.502925515156127 0.526083193253493 0.57932341385677 0.607798329379298 0.626436611111416 0.621008590463432 0.584748085556417 0.52508578644818 0.526168735574468 0.540563547342251 0.576489533264793 -9999 -9999 -9999 -9999 -9999 -9999 -9999 -9999 -9999 -9999
0.34695826328325 0.348104730955114 0.340795606387839 0.33265391391317 0.32376876484594 0.316935526343646 0.311638224662377 0.303297068486055 0.296182868284311 0.295175471185741 0.28400999678577 0.263690207968604 0.264909994358542 0.262521281201206 0.22088649178253 0.207383936486017 0.224349505961888 0.216461817310813 0.203370942874442 0.198532614089196 0.192564090967782 0.185122534066539 0.185642525833915 0.189991686179621 0.210313779120739 0.230697476316652 0.251178247872567 0.277785975660312 0.306738419707655 0.327513954036644 0.345670010688467 0.358793293970187 0.356032288836823 0.345100930041408 0.412079906289711 0.465751282322642 0.483743250535658 0.532955838024882 0.601760656586619 0.649894572761716 0.682982449973598 0.675528031959516 0.642435492549185 0.589883670014587 0.568242301789226 0.554174832930391 -9999 -9999 -9999 -9999 -9999 -9999 -9999 -9999 -9999 -9999 -9999
0.347118721180432 0.348218672066951 0.340910075907764 0.332677016437649 0.323420952489988 0.316941587348092 0.312540691906361 0.300683512913378 0.289927576145362 0.286878119250784 0.27307984824586 0.249594899234995 0.249688616480213 0.246134760362364 0.201183980654006 0.187175287764938 0.206677881531391 0.19711655145612 0.181397877404386 0.174777089838415 0.168057449903932 0.16120897117299 0.161209268225474 0.164799586051183 0.186051160514609 0.206765977799995 0.226634987280251 0.253626171149921 0.283119286914431 0.294122746061843 0.297914666661062 0.287851138336543 0.304225956423506 0.334199787244115 0.34868300878756 0.379985528829285 0.452027710681973 0.531979910985587 0.616895975327493 0.682452706129333 0.727521261974834 0.715478361086209 0.683119518471381 0.635340916511621 0.589996118126893 -9999 -9999 -9999 -9999 -9999 -9999 -9999 -9999 -9999 -9999 -9999 -9999
0.344936900544147 0.342796803576136 0.339088936150474 0.33375142423638 0.323940388778776 0.31619176549322 0.309986939900072 0.302828678518685 0.294345349196085 0.281264467169115 0.263414997121279 0.24126814354565 0.231133356473762 0.218682720630065 0.182776183716701 0.173404341121347 0.192770435718163 0.184095838110935 0.169247750939274 0.161404358632422 0.153047801696088 0.1440224139139 0.138694097681565 0.136200686866625 0.155120293133906 0.175059459890471 0.196605223176942 0.222463378005879 0.249481936927457 0.251064251598015 0.253426652856964 0.257287825814813 0.27384997803324 0.296945094757318 0.312802641033736 0.343229260284634 0.408620670624527 0.491573907408163 0.58554791731283 0.651281187868375 0.697644603037355 0.692168239045743 0.671196097561343 0.63846269179387 -9999 -9999 -9999 -9999 -9999 -9999 -9999 -9999 -9999 -9999 -9999 -9999 -9999
0.343078254961848 0.338059931192341 0.337515066762242 0.334752071236084 0.324569053760543 0.3164299951815 0.309820921282803 0.305635315118851 0.298121796350123 0.276791981307766 0.2555781984082 0.234468982021185 0.215026980454053 0.194800033261127 0.168920565702251 0.164066591537604 0.181983910735384 0.17384382107091 0.159803246024939 0.151026394270302 0.141300930932871 0.130339098892574 0.120545437738255 0.112913898194834 0.128819930955842 0.146974069673621 0.168670714468252 0.193059313747169 0.217831915351406 0.213052581727316 0.215877571982962 0.233312665257697 0.247928957929118 0.261095352611402 0.28234279012079 0.312975258908955 0.365462351681437 0.444291506977869 0.539651397021423 0.601648912258969 0.647427894758794 0.65190723813315 0.639438586049157 0.614106439135894 -9999 -9999 -9999 -9999 -9999 -9999 -9999 -9999 -9999 -9999 -9999 -9999 -9999
0.343428137893985 0.338251671022387 0.337693161598536 0.335024784020977 0.325225448601701 0.320645348516256 0.319972054050806 0.308823555761888 0.294905219948026 0.275371988450739 0.253945617273342 0.230813175611031 0.209410629540267 0.188895861869216 0.171318722136396 0.168314921895124 0.181094522433566 0.171078620131334 0.156096895366672 0.1472120637899 0.13749143752753 0.126681481965331 0.117694659149617 0.110724831351882 0.122512621219451 0.135632830758645 0.150852632076165 0.173185641782257 0.197863030174965 0.19787108805489 0.202543753114143 0.216178476143488 0.229178823119215 0.241852867992049 0.259983538103662 0.285505759269949 0.328288101412698 0.388692370562869 0.460155128425834 0.511437722275337 0.554320234096647 0.576441188006604 0.594519323017908 0.609528966529654 -9999 -9999 -9999 -9999 -9999 -9999 -9999 -9999 -9999 -9999 -9999 -9999 -9999
0.347484197013315 0.343272019278474 0.342089179819904 0.339272121659707 0.331042013841561 0.326388477865252 0.324412148429416 0.31004305700461 0.293510968001218 0.274578464808842 0.252480776427283 0.227530668286478 0.201166495528347 0.177657870359691 0.170267400915069 0.170743758224634 0.179740144838252 0.168672808331309 0.153439826866146 0.145134066128878 0.135192535695536 0.123119032077379 0.116906255512341 0.11331632750217 0.118889883889748 0.125550301035276 0.133923364699146 0.154494077764112 0.179632210490408 0.184454900536232 0.191867463445857 0.204255920326451 0.216786137831984 0.229389272323838 0.247083076539995 0.27040513147877 0.306820686464988 0.3518189900625 0.402203323723737 0.445571902200621 0.489084712929098 0.534549953374842 0.554167955686797 -9999 -9999 -9999 -9999 -9999 -9999 -9999 -9999 -9999 -9999 -9999 -9999 -9999 -9999
0.354812703366841 0.352555890230384 0.35020950336794 0.347028939002843 0.341414861485795 0.333480589599259 0.323809559773598 0.309524217844714 0.293725776261566 0.274338095509 0.251164045443361 0.224577773343665 0.190602104438182 0.16171026872642 0.166170289897758 0.171566033533064 0.177975195038443 0.166584326829771 0.15170924440448 0.144589200527811 0.134227442880307 0.119640611954549 0.11793886978263 0.120128923609655 0.117637546968319 0.116579175412706 0.117778895478193 0.136846281145447 0.162936052765912 0.172597427700477 0.183537695810747 0.196935087176544 0.210006898062777 0.222911241096881 0.24253445555132 0.266225862636586 0.299221956438924 0.331479914747846 0.363274662477187 0.40120234522835 0.448459491216665 0.522304317482892 -9999 -9999 -9999 -9999 -9999 -9999 -9999 -9999 -9999 -9999 -9999 -9999 -9999 -9999 -9999
0.35109734946859 0.347214489744004 0.349100949590106 0.348806781528583 0.340941759584251 0.332895608969973 0.324713876328745 0.310351712461583 0.293848989764 0.272104999439791 0.248961814678706 0.224557695842608 0.197991557408535 0.173075240174952 0.158756812026141 0.159019503821932 0.175074022881212 0.167918339944258 0.155399958970153 0.146756184503634 0.137259999434215 0.12665282878278 0.122610440362042 0.120566622414675 0.116346293864079 0.115023641956436 0.118267072481651 0.131279967851949 0.148193248624389 0.158565386975478 0.171120077247768 0.187868080287582 0.206495956157988 0.226090776562784 0.243528564974969 0.264175915144894 0.292555524020631 0.323903885283121 0.357115261569233 0.379592910527663 0.395895882254172 0.39604877202112 -9999 -9999 -9999 -9999 -9999 -9999 -9999 -9999 -9999 -9999 -9999 -9999 -9999 -9999 -9999
0.347228090069967 0.340956100690825 0.346443648542793 0.348695235777251 0.339067736735629 0.33119573959914 0.324637805590717 0.310934935881916 0.294422082426697 0.270572711578699 0.247669676912847 0.225619466920276 0.207576558774102 0.187544456126995 0.153395922849925 0.146268573958357 0.168406046828899 0.16680538128199 0.159011867077131 0.149790846955913 0.141282831146295 0.133704106346677 0.126451957563556 0.119520525765192 0.115411620103858 0.115250426921349 0.12130993494902 0.128351206920216 0.135865828603337 0.14599275466985 0.158923679388836 0.177241895578557 0.200427773100654 0.226117414943402 0.24216163950067 0.260918788491902 0.286622267850016 0.3058503428491 0.321014833542962 0.348333512268241 0.369469395538447 -9999 -9999 -9999 -9999 -9999 -9999 -9999 -9999 -9999 -9999 -9999 -9999 -9999 -9999 -9999 -9999
0.352372439751924 0.343080340980659 0.34424158125248 0.344463232616978 0.339817718761353 0.330738899491548 0.31834157446382 0.309108537495543 0.297318204201059 0.274297589161665 0.251697073302086 0.229475144833045 0.212202635849144 0.193294907778552 0.161200845228883 0.144338619146772 0.143972967492091 0.150467268519858 0.157429887673275 0.154747820444492 0.146700197954884 0.131659402792393 0.122934312778603 0.116725822186754 0.116288375711035 0.117791815509288 0.122353652710613 0.127866822130737 0.133845233691343 0.142618709612439 0.151449955091355 0.160392192580139 0.178721481996134 0.201879161081542 0.224120108219255 0.249760095718909 0.28351704187964 0.3058503428491 0.321014833542962 0.348333512268241 -9999 -9999 -9999 -9999 -9999 -9999 -9999 -9999 -9999 -9999 -9999 -9999 -9999 -9999 -9999 -9999 -9999
0.353748427164991 0.344819794689837 0.342324525299561 0.34012525322457 0.337499890714132 0.328786460050224 0.315515867780147 0.30803862584148 0.298339945800849 0.277451719368295 0.256077577690731 0.234265536123163 0.216081110587536 0.196092714367923 0.163308594815971 0.140986448262233 0.129994958821993 0.142786462800023 0.159000179576233 0.155466345760687 0.146290467143823 0.129761054436679 0.121515971901629 0.116346737021996 0.115765094395088 0.116831121576423 0.120493503387201 0.125789311505174 0.13180484666017 0.139442211918827 0.146813070834897 0.153671894074684 0.167827409589815 0.185736102766723 0.21326305977647 0.232780746713387 -9999 -9999 0.322039180402941 -9999 -9999 -9999 -9999 -9999 -9999 -9999 -9999 -9999 -9999 -9999 -9999 -9999 -9999 -9999 -9999 -9999 -9999
0.351125477192514 0.346150917847693 0.34070991969804 0.335674813222904 0.331926542226711 0.325246909905974 0.316373036826877 0.307771488140569 0.297372619359943 0.280000179828209 0.260832795729285 0.240047833181021 0.219166239378744 0.195757212139589 0.159370578193849 0.136125040043635 0.12711173615556 0.14429267953697 0.163915621090275 0.151687084599938 0.139697095573803 0.128018016328062 0.122325385227201 0.118531074929223 0.113756111972524 0.112154062888682 0.115551807805683 0.122021196311576 0.129743456487666 0.136475348937098 0.145186604602872 0.157700788834064 0.168407124066958 0.178183561447476 0.210030091761514 -9999 -9999 -9999 -9999 -9999 -9999 -9999 -9999 -9999 -9999 -9999 -9999 -9999 -9999 -9999 -9999 -9999 -9999 -9999 -9999 -9999 -9999
0.356749284353852 0.348233015689134 0.338385097767029 0.330284411151485 0.327586908278933 0.321985840478725 0.31421133863084 0.307810023849833 0.29958619813413 0.283774298999998 0.266596748919866 0.248188493680391 0.225661172080135 0.20047474166053 0.165474076391715 0.144184806159971 0.137745422822344 0.147166516364574 0.157785587003196 0.146982669169393 0.136521166088463 0.126504644412783 0.121313467366892 0.117618279289552 0.112680463686432 0.110282636029719 0.111887254391253 0.118157908496896 0.126286694336382 0.131100594424674 0.13785628541275 0.148342717691709 0.156382674135515 0.163164244161464 0.162939624587432 -9999 -9999 -9999 -9999 -9999 -9999 -9999 -9999 -9999 -9999 -9999 -9999 -9999 -9999 -9999 -9999 -9999 -9999 -9999 -9999 -9999 -9999
