layers/veg/veg_2400.asc
NCOLS 255 
NROWS 330 
XLLCORNER -2985163.8955 
YLLCORNER -3022031.214 
CELLSIZE 25000 
NODATA_value -9999 
[rows 75 to 99 of 330, columns 0 to 56 of 255]
-9999 -9999 -9999 -9999 -9999 -9999 -9999 -9999 -9999 -9999 -9999 -9999 -9999 -9999 -9999 -9999 -9999 -9999 -9999 -9999 -9999 -9999 -9999 -9999 0.670698265356807 0.65821177981004 0.645725294263274 0.658295665980716 0.676469127177498 0.684931550667672 0.686703731079151 0.679379626924256 0.496100726284115 0.265774469858918 0.25836563439952 0.265035069321451 0.29488253262125 0.411489562097315 0.564666510303432 0.622827265851667 0.662761460893209 0.666015996462502 0.667055370922236 0.666901889186508 0.69645891058013 0.72329742003614 0.740899969442998 0.751515958881275 0.757552640296791 0.764312519408 0.772139972648751 0.783152466216234 0.793130412199072 0.80228937227333 0.812844242147625 0.823701087846084 0.834992365641601
-9999 -9999 -9999 -9999 -9999 -9999 -9999 -9999 -9999 -9999 -9999 -9999 -9999 -9999 -9999 -9999 -9999 -9999 -9999 -9999 -9999 -9999 -9999 -9999 0.671645613268592 0.65499637123499 0.638347129201389 0.659676755172695 0.688596630114033 0.695167899582637 0.700758897706836 0.705017085199779 0.549446331835025 0.347699763601884 0.294398945415238 0.267802112683657 0.285169894632341 0.418058597463336 0.599532200503002 0.646833625075906 0.679276362040168 0.681817044720006 0.682265209563132 0.681586561166865 0.712296908962423 0.737806689486742 0.747746816611726 0.75546934392242 0.761738355816869 0.767054756490274 0.772718204087975 0.779734597512807 0.788061328208908 0.797425370070377 0.80899614786845 0.820371514604121 0.829642080182333
-9999 -9999 -9999 -9999 -9999 -9999 -9999 -9999 -9999 -9999 -9999 -9999 -9999 -9999 -9999 -9999 -9999 -9999 -9999 -9999 -9999 -9999 -9999 -9999 0.659275002874624 0.665953889009989 0.672632775145354 0.681771058946494 0.691190171442032 0.697380702899282 0.701913999952105 0.704194064116596 0.605141696291651 0.470827962811651 0.336602851036135 0.26851259506252 0.309304717607199 0.449152245878203 0.630271094974918 0.668832398453903 0.693908592985172 0.691846962803611 0.690926003274929 0.690619290741376 0.719654909618687 0.743602700205561 0.752431043742863 0.759037361521192 0.764187262918554 0.770061124456221 0.775736233780163 0.780588817903451 0.785978354332426 0.791792961950453 0.800096169366178 0.809069571894642 0.819364501818636
-9999 -9999 -9999 -9999 -9999 -9999 -9999 -9999 -9999 -9999 -9999 -9999 -9999 -9999 -9999 -9999 -9999 -9999 -9999 -9999 -9999 -9999 -9999 -9999 0.696729102119459 0.696506374528142 0.696283646936824 0.696829809218441 0.697789588142293 0.700494725481014 0.70365146164906 0.707422207115881 0.618897159460564 0.497541003007638 0.365045038019945 0.301879067354889 0.35285585232115 0.487741003836631 0.657348611953533 0.689360709097746 0.708312177342075 0.700980056844294 0.697897605839867 0.69710358639102 0.721591213469875 0.741907186511477 0.749725422293869 0.756074933203248 0.76146177527067 0.76771455284509 0.773522258601326 0.777689987345987 0.782171842068914 0.786902370466729 0.794057609591281 0.801877337127161 0.811032377073728
-9999 -9999 -9999 -9999 -9999 -9999 -9999 -9999 -9999 -9999 -9999 -9999 -9999 -9999 -9999 -9999 -9999 -9999 -9999 -9999 -9999 -9999 -9999 -9999 0.696430597434513 0.696770781076165 0.697110964717818 0.70312508085382 0.709378719331448 0.704731305907607 0.706114309715729 0.715696476177684 0.580412322153048 0.40415941439633 0.376345641580805 0.375921809096098 0.420591926156344 0.535665662992662 0.679865520668062 0.708057412782271 0.722430959730007 0.708996067724595 0.702765153546192 0.700413555208895 0.716774257024949 0.73088023725507 0.737815012601502 0.7449781877682 0.752291066527802 0.758700364874531 0.764791303215945 0.770116360157803 0.77621849205766 0.782935785067511 0.791583230215416 0.799804150597001 0.80512350747459
-9999 -9999 -9999 -9999 -9999 -9999 -9999 -9999 -9999 -9999 -9999 -9999 -9999 -9999 -9999 -9999 -9999 -9999 -9999 -9999 -9999 -9999 -9999 -9999 -9999 -9999 0.697407239533087 0.704614902620879 0.712796953957218 -9999 0.68184317550363 0.68401468728131 0.544451548251902 0.367638987902355 0.380570208988715 0.40763144937837 0.457955915968452 0.557101468906728 0.676246172215728 0.700914055572735 0.714421390977282 0.70546891569678 0.700390077741385 0.697397179387532 0.717113092925715 0.732772880087922 0.736435495176695 0.741617481115053 0.747795331563604 0.754045219233144 0.760015672011413 0.76508257687326 0.771562959267215 0.779162302449513 0.787151446173187 0.794631746259085 0.799772158721952
-9999 -9999 -9999 -9999 -9999 -9999 -9999 -9999 -9999 -9999 -9999 -9999 -9999 -9999 -9999 -9999 -9999 -9999 -9999 -9999 -9999 -9999 -9999 -9999 -9999 -9999 -9999 -9999 -9999 -9999 0.658774729635978 0.638879379921828 0.508978792155682 0.35284002089937 0.385948044073787 0.428762838592017 0.487558560849979 0.571069768052856 0.664369899599521 0.686088835646649 0.700117945434076 0.6986718256244 0.696051608523793 0.692799144305124 0.718619797690045 0.737841047814496 0.738192138864329 0.740904603503626 0.745164819407005 0.751024309138971 0.756637947258581 0.761045982094022 0.767462373878007 0.77546865487025 0.782272186419879 0.788796292370178 0.794866266503118
-9999 -9999 -9999 -9999 -9999 -9999 -9999 -9999 -9999 -9999 -9999 -9999 -9999 -9999 -9999 -9999 -9999 -9999 -9999 -9999 -9999 -9999 -9999 -9999 -9999 -9999 -9999 -9999 -9999 0.667206268775928 0.635181381961476 0.559614357702445 0.470181137753942 0.384248401972832 0.429112357894823 0.478639388818834 0.535843562019377 0.593446146354631 0.650755434453251 0.674980896364091 0.692210266319366 0.695360497729963 0.694897007973474 0.692487542520578 0.715265578692236 0.733539975052156 0.7384957570804 0.743007834759426 0.747229088500028 0.751196221698928 0.755198039189919 0.759377560356807 0.765084440901263 0.77200043529039 0.779192181991943 0.786322788545665 0.79303801327228
-9999 -9999 -9999 -9999 -9999 -9999 -9999 -9999 -9999 -9999 -9999 -9999 -9999 -9999 -9999 -9999 -9999 -9999 -9999 -9999 -9999 -9999 -9999 -9999 -9999 -9999 -9999 -9999 0.659769440644697 0.652618559769782 0.608915068899917 0.515513392441463 0.444268182388906 0.388663106324505 0.457611807411377 0.51724002357529 0.561523282000193 0.602250863396531 0.641207597455327 0.664798309645165 0.682080056785975 0.686665459515798 0.68940711047678 0.69115590782054 0.712994883141641 0.73115428620288 0.738472386319088 0.743874792955641 0.748021567269564 0.751445864506077 0.754900667760325 0.758645175046004 0.7634778107258 0.769171848853134 0.776206563193449 0.783357014972313 0.7902015389157
-9999 -9999 -9999 -9999 -9999 -9999 -9999 -9999 -9999 -9999 -9999 -9999 -9999 -9999 -9999 -9999 -9999 -9999 -9999 -9999 -9999 -9999 -9999 -9999 -9999 -9999 -9999 -9999 0.65682395866427 0.621824351811733 0.57862922308684 0.524291180981371 0.437730887487806 0.352485452768188 0.464058632283464 0.538884242900435 0.553209794087361 0.590646884841133 0.63777504541757 0.656007242978922 0.668607666372732 0.669874543943995 0.677397911178467 0.688290375326205 0.712353560722549 0.731648899660386 0.737957298414586 0.742882677301933 0.746901562292371 0.751812395947806 0.756321411897352 0.759320375890557 0.763031044754375 0.767305125363337 0.773362878941002 0.779650979520665 0.785848929013437
-9999 -9999 -9999 -9999 -9999 -9999 -9999 -9999 -9999 -9999 -9999 -9999 -9999 -9999 -9999 -9999 -9999 -9999 -9999 -9999 -9999 -9999 -9999 -9999 -9999 -9999 -9999 0.645187399782693 0.623786063469253 0.583129347888276 0.545419911346655 0.51171769674348 0.439551209088666 0.364143012378954 0.448101645647279 0.505510825647803 0.519209807975596 0.566550176431758 0.628077233203943 0.653224906356703 0.669216604324193 0.666782552035144 0.677117671599074 0.694328943732679 0.714967372158744 0.731050958653711 0.735482912523227 0.739699042350262 0.743773711319066 0.749640147155251 0.754980595406824 0.758177468023913 0.762095653898893 0.766584857871688 0.772112005044182 0.777865855227254 0.783951718145837
-9999 -9999 -9999 -9999 -9999 -9999 -9999 -9999 -9999 -9999 -9999 -9999 -9999 -9999 -9999 -9999 -9999 -9999 -9999 -9999 -9999 -9999 -9999 -9999 0.67177409701053 0.666298338894679 0.660822580778828 0.624945601763406 0.581566584889746 0.544018852794526 0.513171297776527 0.491433533930929 0.444582206435194 0.394119203859901 0.42422101426143 0.452110626661091 0.476358144778151 0.538582920603953 0.616804526456724 0.652661925114182 0.674746547733481 0.669114436036307 0.681455380965483 0.703474751475357 0.718415059140189 0.729683696471616 0.73237166041994 0.735966565982475 0.740155922180059 0.746656875460115 0.752641932067752 0.756376361237905 0.760990089945587 0.766299904499244 0.771382150402832 0.77663901824166 0.782753877119525
-9999 -9999 -9999 -9999 -9999 -9999 -9999 -9999 -9999 -9999 -9999 -9999 -9999 -9999 -9999 -9999 -9999 -9999 -9999 -9999 -9999 -9999 -9999 -9999 0.677036493454574 0.661637065057875 0.646237636661176 0.630145771346477 0.61201957268103 0.578271127047153 0.538389410317027 0.490168687282053 0.447404530706815 0.409880753274832 0.424844761841968 0.443419760211093 0.467939780364547 0.539184040318598 0.629823450250139 0.648090423411583 0.663264403082115 0.672213952863369 0.685744294243492 0.701741375227903 0.709667335245482 0.719093381811955 0.732929372004515 0.740786522740271 0.744724871144911 0.748814125032204 0.752748186881166 0.75615078766893 0.7604908131699 0.765572938543186 0.767758831098326 0.770016659396571 0.774271269546849
-9999 -9999 -9999 -9999 -9999 -9999 -9999 -9999 -9999 -9999 -9999 -9999 -9999 -9999 -9999 -9999 -9999 -9999 -9999 -9999 -9999 -9999 -9999 -9999 0.683257227135543 0.659861157374295 0.636465087613048 0.635103698161213 0.634718881091163 0.59239210468994 0.543014254081283 0.48404952049468 0.435728755652786 0.395298993974847 0.420634626042903 0.445590116807334 0.46991975470175 0.545328878389202 0.641749909887514 0.645526012300326 0.655017482088838 0.676010723098666 0.690481247383709 0.701439312451757 0.704563743399253 0.71224787738841 0.731959221638355 0.742096703136026 0.745959041114214 0.747778921431557 0.74980309251941 0.753019837655847 0.757042412847332 0.761702912740967 0.762607335198699 0.76352439753307 0.766696407547997
-9999 -9999 -9999 -9999 -9999 -9999 -9999 -9999 -9999 -9999 -9999 -9999 -9999 -9999 -9999 -9999 -9999 -9999 -9999 -9999 -9999 -9999 -9999 -9999 0.691230780793983 0.663362648127111 0.635494515460238 0.639618557601153 0.643236538622548 0.569692496102235 0.509973554317022 0.469051694934649 0.397535636646984 0.325218652705238 0.407583210754673 0.467625890296157 0.49091852032937 0.56161329980206 0.651678228449289 0.646632614220329 0.652687856637242 0.681082785221018 0.696037675329791 0.703755153634534 0.706125349574133 0.712251713615299 0.728194578011496 0.736987425029286 0.741093826630295 0.740904650451809 0.741277013107306 0.744574889942288 0.748200000406877 0.752084161045124 0.754660770546838 0.757270085922935 0.760781832257155
-9999 -9999 -9999 -9999 -9999 -9999 -9999 -9999 -9999 -9999 -9999 -9999 -9999 -9999 -9999 -9999 -9999 -9999 -9999 -9999 -9999 -9999 -9999 -9999 0.689029500174162 0.668782758851287 0.648536017528412 0.651093819103632 0.653546269396909 0.603155518794737 0.563319910113662 0.537835435378457 0.443365189099849 0.337355565043522 0.427232608410421 0.493908838375771 0.522387967643014 0.552244280383902 0.582589588311667 0.604949974346689 0.627113347785026 0.64888024735461 0.666206204017759 0.681140729088518 0.692487950289259 0.703316719387366 0.713147302419463 0.721483242680814 0.728839526335476 0.73092796806934 0.732682727312569 0.734789972621821 0.73784979754035 0.741663719504176 0.745186326138071 0.748314464635891 0.749976682162146
-9999 -9999 -9999 -9999 -9999 -9999 -9999 -9999 -9999 -9999 -9999 -9999 -9999 -9999 -9999 -9999 -9999 -9999 -9999 -9999 -9999 -9999 -9999 -9999 0.681850799345511 0.675141437964624 0.668432076583738 0.665974034921847 0.66473266325308 0.664092700600817 0.658925890428113 0.647604222688925 0.530297734631619 0.389712279339354 0.462878894343782 0.522269458883308 0.558979560556179 0.530325871823242 0.474846696289955 0.542335294599015 0.590167690349351 0.598443373460091 0.619063350515282 0.646330684932742 0.671415359937819 0.690008944814085 0.692580683827196 0.70089398424887 0.712970564215793 0.719433619178534 0.724055075684248 0.72434955648749 0.726761999708424 0.730851099857214 0.734964459277919 0.738037391518927 0.736779115129686
-9999 -9999 -9999 -9999 -9999 -9999 -9999 -9999 -9999 -9999 -9999 -9999 -9999 -9999 -9999 -9999 -9999 -9999 -9999 -9999 -9999 -9999 -9999 -9999 -9999 -9999 -9999 0.669903764486743 0.672262362124439 0.666039585078875 0.661978059687267 0.660855046369538 0.565340386043969 0.445120570380813 0.452867623302068 0.466999789136162 0.491644207134835 0.508046167003256 0.521168887125103 0.55712329809961 0.579281083417445 0.573674138754165 0.601824976165234 0.648154256362545 0.659627573999029 0.669425419705645 0.677916162597251 0.68808716081547 0.699359474521146 0.700292264002614 0.699810829522579 0.697618443023381 0.697202739875193 0.698193524596757 0.710434124196961 0.722404794898026 0.726658759798538
-9999 -9999 -9999 -9999 -9999 -9999 -9999 -9999 -9999 -9999 -9999 -9999 -9999 -9999 -9999 -9999 -9999 -9999 -9999 -9999 -9999 -9999 -9999 -9999 -9999 -9999 -9999 0.683703203829072 0.678997497128998 0.669953648413703 0.66674818889446 0.671480804107607 0.595092016392234 0.494685373638374 0.460491799444853 0.448154120656647 0.471799311227164 0.509601016689144 0.553120185521618 0.563465775620398 0.566081109858708 0.553139852797673 0.586802658590352 0.645561582615172 0.649569055064067 0.654593538967107 0.666672374641472 0.677314679637659 0.68701541732617 0.685603428210924 0.682760500194853 0.678360453077532 0.675646316063184 0.674266807477688 0.687614861836249 0.701131703512132 0.70671288478313
-9999 -9999 -9999 -9999 -9999 -9999 -9999 -9999 -9999 -9999 -9999 -9999 -9999 -9999 -9999 -9999 -9999 -9999 -9999 -9999 -9999 -9999 -9999 -9999 -9999 -9999 0.68700588556616 0.685827005439142 0.684030837317224 0.679701350201161 0.677590125190638 0.678494925624549 0.614167166337579 0.531021541914107 0.508907492189189 0.513304577235653 0.561348773568998 0.564825335286711 0.549048212385866 0.548950872766973 0.547052295458497 0.541528855134413 0.576057424086793 0.632153854266037 0.643182687989508 0.652884109362108 0.662989441273725 0.670936969881188 0.677470176415028 0.68112104804597 0.682278361934921 0.676315309792091 0.672547259235109 0.670516852644245 0.668988622205745 0.667287194152701 0.664572659606198
-9999 -9999 -9999 -9999 -9999 -9999 -9999 -9999 -9999 -9999 -9999 -9999 -9999 -9999 -9999 -9999 -9999 -9999 -9999 -9999 -9999 -9999 -9999 -9999 -9999 -9999 0.68700588556616 0.688557955929887 0.690071202953797 0.687720338711051 0.686853949504837 0.688005903609192 0.645624292490389 0.588077905575593 0.530316805447458 0.513214991896118 0.563053368622038 0.550359612511288 0.510957049493204 0.515195120946661 0.520459592140208 0.527789619966619 0.570070469851323 0.631172210211579 0.644854396150886 0.655829598859683 0.663959268281174 0.668826388969807 0.671555087365607 0.669735526242597 0.667592635842484 0.665642602774815 0.664100352815691 0.662880918959577 0.655675975290106 0.648327927327338 0.643895909238051
-9999 -9999 -9999 -9999 -9999 -9999 -9999 -9999 -9999 -9999 -9999 -9999 -9999 -9999 -9999 -9999 -9999 -9999 -9999 -9999 -9999 -9999 -9999 -9999 -9999 -9999 -9999 0.691652282561672 0.69671426923431 0.694704699340101 0.695173280202407 0.699011240056549 0.684491981152542 0.657535222084926 0.535562910185598 0.474079506237531 0.512183167111011 0.494184682803137 0.452505539593996 0.469923799106439 0.489339932001622 0.512776643289568 0.566931327045372 0.637627527177651 0.651348829638201 0.661561038548694 0.667713753490485 0.66926966735456 0.667812629472872 0.654218502184234 0.644406120075918 0.649806333878009 0.652452780119484 0.65291924270325 0.64554349204971 0.638277417748573 0.636064961435921
-9999 -9999 -9999 -9999 -9999 -9999 -9999 -9999 -9999 -9999 -9999 -9999 -9999 -9999 -9999 -9999 -9999 -9999 -9999 -9999 -9999 -9999 -9999 -9999 -9999 -9999 -9999 -9999 0.69708883629661 0.695098510169679 0.695642362871179 0.699631772257892 0.688751868764282 0.667265150751743 0.560451705914495 0.488617238774582 0.474371077281429 0.44971131336162 0.421503278161876 0.464239710436557 0.493150593425142 0.494238539681115 0.545171128348947 0.622944875546955 0.660961350168043 0.685853968453012 0.681268380846841 0.669867643852255 0.653999949097192 0.64971963474189 0.64696764887717 0.645954070641163 0.645203811101898 0.644662004325269 0.636870504196255 0.629023120834973 0.625194964924606
-9999 -9999 -9999 -9999 -9999 -9999 -9999 -9999 -9999 -9999 -9999 -9999 -9999 -9999 -9999 -9999 -9999 -9999 -9999 -9999 -9999 -9999 -9999 -9999 -9999 -9999 -9999 -9999 -9999 -9999 -9999 -9999 -9999 0.672262351490669 0.587632048939612 0.517616161252397 0.471660993615658 0.437947810665559 0.410658956993551 0.459449443709446 0.490943082393193 0.487628041977587 0.534686334389752 0.608870483196904 0.66581265224718 0.702080118803147 0.688165289159773 0.666279037721694 0.6391679551877 0.641713487179595 0.6441978786704 0.63855960902559 0.636167483911721 0.636345126170095 0.628789924327597 0.620458009438845 0.613437736807669
-9999 -9999 -9999 -9999 -9999 -9999 -9999 -9999 -9999 -9999 -9999 -9999 -9999 -9999 -9999 -9999 -9999 -9999 -9999 -9999 -9999 -9999 -9999 -9999 -9999 -9999 -9999 -9999 -9999 -9999 -9999 -9999 -9999 0.67397534037927 0.617966890156592 0.578373979313932 0.565807104147696 0.516518616109037 0.452071843962977 0.450506117842295 0.465862086972484 0.515271766854472 0.55916081043243 0.600077011452915 0.65670196935093 0.692411808247281 0.674621506002958 0.650849777322979 0.623157550688708 0.621951822115632 0.62204135560538 0.619148223183442 0.621345499945786 0.627572531794035 0.622135015644237 0.613703522788292 0.59968919654234
