layers/veg/veg_5900.asc
NCOLS 255 
NROWS 330 
XLLCORNER -2985163.8955 
YLLCORNER -3022031.214 
CELLSIZE 25000 
NODATA_value -9999 
[rows 175 to 199 of 330, columns 114 to 170 of 255]
0.263857592669589 0.263425244599907 0.26745054582817 0.273948787192681 0.273986253908564 0.273711778871783 0.273305074645624 0.276126476850496 0.281124573283576 0.28390779291618 0.285218950464082 0.282366541006987 0.284477887780031 0.290628419497988 0.299972905563098 0.308865961287617 0.313720700159085 0.316004929884678 0.315773882822799 0.318200796607406 0.32198751176398 0.330567605716145 0.337684767106354 0.343081194395932 0.345854606793066 0.348276096737418 0.354469394617203 0.356137171772239 0.35138851992004 0.350163071586354 0.350436087964047 0.354653347740401 0.352282713631485 0.338582283845087 0.328649732332473 0.320412356720674 0.303664762258973 0.291245834603572 0.287951449321603 0.268705466070434 0.240478311755083 0.229570281973573 0.220091043516932 0.212360109887139 0.228195622217025 0.260147776610642 0.292751416628257 0.321504193445643 0.337148352268136 0.372381380654533 0.423775043312582 0.457959478186448 0.484920406605383 0.491658715790066 0.47893232831204 0.446898642371568 0.463826145176419
0.261947728337464 0.26235302211759 0.265383263385626 0.269869729126365 0.268777741255812 0.268539425792382 0.271085615101041 0.274358109263252 0.278120346752219 0.281205174130215 0.283287563625898 0.282282001631367 0.284397052236907 0.289051456277369 0.298212597844573 0.306805550052376 0.309998624840727 0.31362871574446 0.317686432627483 0.32002695830295 0.322599961460446 0.32881752915 0.336071496508959 0.344544500410957 0.350506546435707 0.355702685864748 0.360449296986295 0.361081816793201 0.355881245458723 0.353454205909853 0.35220588265457 0.354045253083753 0.352846415001696 0.346422495541978 0.335001475608005 0.32127357478866 0.303159938722389 0.289268085008807 0.284275468333396 0.270268374469704 0.251185891805564 0.237932572970881 0.227212145261048 0.222467267143581 0.243031191921347 0.2809033233766 0.304595699005546 0.32776668387855 0.353780064024809 0.384377453661988 0.41875660827743 0.455585797611811 0.487520988019967 0.496071146409722 -9999 -9999 -9999
0.261460419427319 0.261592957043107 0.263109222336707 0.265393128932569 0.263887825524399 0.26407956968581 0.269046339356536 0.272531647751436 0.275018015040365 0.278223829400375 0.281140866035036 0.282890213425379 0.285718088179264 0.289423598998965 0.296609537892527 0.303220836311344 0.305072928081218 0.31048898915794 0.319392440770956 0.322401653851193 0.324558289781106 0.329209445331649 0.335970510567138 0.34521329891041 0.353256382089653 0.360617293231279 0.364770634936105 0.365407015868551 0.361056936570289 0.358378844454018 0.356369992678402 0.355431325613299 0.354929331585875 0.355178323591454 0.342824417916321 0.324692440699024 0.306177936372697 0.290871031704141 0.282325534254949 0.273060326515276 0.263389902868838 0.250017135588758 0.240161952276904 0.239969617045578 0.263912140182752 0.304360031768332 0.31804032843393 0.335123564565787 0.372266594993097 0.398451960041958 0.415597353586869 0.451149075694812 0.482483722342746 -9999 -9999 -9999 -9999
0.257996232215801 0.25849598725712 0.259285763193076 0.260236432071199 0.26191748433891 0.264307513946076 0.268451451064937 0.27124461921385 0.273126971352402 0.275558953586933 0.278993649894498 0.285556062969774 0.291846722865895 0.297916247537181 0.297891253701202 0.297370448000636 0.298670348506962 0.306952834792628 0.322067872503173 0.327968626495033 0.332329019524579 0.339329606459084 0.343256801016394 0.34356900250732 0.349967513166378 0.357970178887983 0.364674465231289 0.36865986596512 0.368790343132568 0.368099745374283 0.367153352609718 0.367075963234788 0.36754679409329 0.368960448764562 0.357398434374622 0.339887622598057 0.322030853246774 0.304617047915765 0.288136981344001 0.280415545176825 0.277625449311945 0.269611718077404 0.264458861198076 0.267420705702396 0.287492453663994 0.319265337649145 0.329865253411258 0.34621930157593 0.388697578789766 0.417563719990457 0.435199976227813 0.460691069261055 -9999 -9999 -9999 -9999 -9999
0.255108920665335 0.256854916733297 0.257125515798962 0.256577618787434 0.259682231010114 0.262968112569336 0.26634144064867 0.26864560908976 0.270228849127986 0.274034309354853 0.278683595815454 0.285429870690229 0.293007290264788 0.301261041835272 0.300202405497302 0.298584224033093 0.300606845841805 0.309600010626186 0.325413942794692 0.331806482101284 0.336663362028084 0.344458395160046 0.3489709020083 0.349622427797357 0.356761035077579 0.365827306603055 0.375571690190149 0.383063456522462 0.387361389575715 0.383302410662266 0.376779524193946 0.381773123213219 0.385397359243542 0.386666578155606 0.374909102596757 0.357163576483772 0.334834459019882 0.313789458641337 0.295451291863528 0.290650766344645 0.293472290490421 0.288231562350683 0.285725658391199 0.291331780807824 0.306515829852882 0.328250039895794 0.349466004562574 0.375550708672247 0.418110110993908 0.440450119970469 0.446109318450086 -9999 -9999 -9999 -9999 -9999 -9999
0.252739475801936 0.256520820620953 0.25645834917904 0.254263469628576 0.257209163567668 0.260221690326007 0.262871290902247 0.264868820800341 0.266426663063645 0.273533261698948 0.280022779335822 0.282797236299946 0.289707977101653 0.299984559139319 0.303437691626584 0.306139566597633 0.310029410666908 0.317798019925831 0.329362051605731 0.334092093138614 0.337912827502455 0.345106382057535 0.3532736337907 0.362586169989869 0.372605613727169 0.383114190853547 0.396337788562268 0.40747717128967 0.41566148690395 0.403426107195044 0.385366876954499 0.399210561117933 0.407945729677853 0.407895322906567 0.395056030627873 0.376307458881712 0.344900669641287 0.318856100860919 0.30411473696855 0.303471392752045 0.310765606052951 0.305976374993348 0.304272295889614 0.312064952573229 0.321448400729469 0.331919760775613 0.376047187740781 0.421252447698975 0.45917630085893 0.466725049680493 0.449214621372171 -9999 -9999 -9999 -9999 -9999 -9999
0.251938865492295 0.255362763978836 0.256026565875402 0.2551591675404 0.256383241155437 0.257857464087434 0.259759518332755 0.263222169188656 0.267737121667005 0.273091700955242 0.278530100190556 0.283988597377176 0.290626422917724 0.298223909874231 0.301094311637048 0.304301787943624 0.312050562004599 0.320385332995257 0.329293509638691 0.334765919857121 0.339432758034365 0.343681085435416 0.350038371021272 0.358876260539101 0.374523909067958 0.391020203607571 0.397109136223884 0.404453905648047 0.413579240936856 0.40978445593696 0.402041846879288 0.409452587813539 0.415422244131762 0.418913537176699 0.402428360778348 0.376816592077768 0.359159892422686 0.343355837590738 0.331457035102769 0.33040993246643 0.335472623525544 0.329518024527477 0.325970119688065 0.330014507668597 0.336426656379896 0.344458071409741 0.388653044464543 0.433166919379023 0.467046033047346 -9999 -9999 -9999 -9999 -9999 -9999 -9999 -9999
0.251746844291619 0.25434417594926 0.255528146154839 0.255928035328418 0.256188875900036 0.256647657616016 0.257631839823578 0.262176965737668 0.269123216205293 0.272056705533875 0.276111899034657 0.285073220720103 0.29148246098507 0.29581498185169 0.298203548073927 0.301817998717798 0.312014497713669 0.320924304505379 0.328575066162414 0.334882554851914 0.340261021161223 0.341749744007986 0.345930465695417 0.35327757681491 0.373515704368632 0.394974721411319 0.393082948526893 0.396250502691229 0.406591333657778 0.413098155916918 0.418013729893588 0.419391410998591 0.42272603845787 0.429426203178657 0.407321401262056 0.372131177221279 0.368342930957308 0.363102202135549 0.354799736470033 0.353852548980481 0.357046577414908 0.351834489654665 0.347605036622682 0.346927343689853 0.351733349947751 0.360289553294906 0.402590817182114 0.441519191675554 0.45823044589878 -9999 -9999 -9999 -9999 -9999 -9999 -9999 -9999
0.253201884865402 0.254817924887256 0.254465825296079 0.253021874121814 0.25768573662417 0.261005476133958 0.26021964307319 0.262213391007162 0.26608139496006 0.267918527562938 0.271609078310037 0.282007435613825 0.288044775535628 0.290533400545352 0.297757398364393 0.30486574610957 0.308387515174362 0.316231006398876 0.328303359227598 0.333656501402496 0.337282951687918 0.339173089419996 0.344442802989656 0.353687649481111 0.370599668778767 0.387476371793541 0.383258321341042 0.387294929252483 0.403035257595815 0.41374575301702 0.422756616333571 0.434551683494243 0.443341166078254 0.446961673609238 0.411518000676928 0.35832759008236 0.34751102628512 0.340134500972753 0.34000934850243 0.346044881260578 0.355549042554643 0.362399107814549 0.365948415546497 0.361139140667111 0.368683456303895 0.384676156431561 0.436532897749475 0.47731019186269 0.46937287944512 -9999 -9999 -9999 -9999 -9999 -9999 -9999 -9999
0.248851026298588 0.250469096808089 0.249395717354532 0.246829220297171 0.254358362868717 0.259821829958115 0.258901918872381 0.259226745306452 0.260390891333259 0.263096866421283 0.267709137371891 0.278116514496467 0.284483298302493 0.287562107650443 0.295544672588513 0.302922980791013 0.304486361484903 0.311689772887496 0.3244120280355 0.329016345089274 0.331861847822436 0.334595741771639 0.341181399622324 0.35229758858922 0.365670712760176 0.377978548942679 0.374093433760352 0.380332455969856 0.400925806175015 0.414806997580915 0.42646480701665 0.442694171460033 0.452791925215304 0.452344594687192 0.414983527241392 0.360822658107291 0.338688900962193 0.324957848238936 0.328939138825849 0.337961731341303 0.349822710023074 0.367485999064246 0.380749978013221 0.38179347941358 0.391011954906832 0.405821138967715 0.457441355824948 0.499858407620318 0.49953867557814 -9999 -9999 -9999 -9999 -9999 -9999 -9999 -9999
0.238236415006469 0.240917382973804 0.240001767979587 0.237090900832386 0.245826315188129 0.252659718821492 0.253370677071812 0.252978629061756 0.251842830059613 0.25753782258151 0.26445961935948 0.273335387088406 0.280788267057532 0.287083292661694 0.291426058442533 0.295596150604464 0.300289415490519 0.307312595795122 0.31661562878123 0.320692849537845 0.32380505171335 0.327859926277752 0.336006378289223 0.348965435489499 0.358570097276629 0.366323574269225 0.365640312893091 0.375520258851589 0.400377060308884 0.416314509874564 0.429056705767985 0.443265451950454 0.45019789304263 0.444616615578358 0.417660328502806 0.380901694304789 0.342823646970916 0.318186646521098 0.321882480942833 0.329581374678457 0.33953409656017 0.366663189502529 0.391730416146159 0.409398419193165 0.419142986119758 0.423468866491493 0.464288359089171 0.498568608985569 0.499137136210681 -9999 -9999 -9999 -9999 -9999 -9999 -9999 -9999
0.229675600798623 0.232530450680373 0.234156563161001 0.235101017253308 0.241416024636338 0.246487579311001 0.247790198997163 0.249226482545732 0.250752894893965 0.255825923969329 0.261014726959877 0.265505434726496 0.273566317590246 0.284532378878244 0.288312368632141 0.291307203006882 0.295579271206924 0.301155537007974 0.308007977203252 0.311911896727569 0.315509623508878 0.321085163600703 0.327093833170159 0.333611959348571 0.344100182199367 0.355282397227075 0.362282614684108 0.373581117731395 0.390973868495162 0.40666225251197 0.421436952661998 0.430689754937915 0.43460826004608 0.429352892890043 0.41149512195263 0.387856984808009 0.363162945111289 0.344318315890056 0.337803855778975 0.33677659756949 0.338838778990887 0.365256004572437 0.391384860486999 0.413940350135265 0.433419403354241 0.450794540486442 0.47690389937346 0.497656614509754 0.497641714357517 -9999 -9999 -9999 -9999 -9999 -9999 -9999 -9999
0.222099879568633 0.225391742611768 0.229784313002565 0.234787515409557 0.238195880682801 0.241036322249699 0.242576977925219 0.246154536297486 0.251105566839324 0.254910688166148 0.257777257532556 0.257908270681237 0.266256445336395 0.281291216493888 0.285058695100211 0.287296913540536 0.290244780375462 0.294120550924147 0.298904287381446 0.302545553856392 0.306484564597577 0.313716511598614 0.31735951328544 0.316781116974805 0.328850928807768 0.344441830031486 0.359108332273401 0.370839254018785 0.378408015209248 0.392984258801859 0.409480147996143 0.413516758819527 0.414557464804964 0.410445842857643 0.401333180809508 0.389947512989429 0.383706521790736 0.3737230081227 0.35585050544647 0.345218430193588 0.33866290685685 0.36138485512626 0.385411311897908 0.409476983600189 0.439004879095817 0.472268285066804 0.48591485732901 0.493131914117366 0.485162627774592 -9999 -9999 -9999 -9999 -9999 -9999 -9999 -9999
0.218057878805349 0.225456721236516 0.229789781955255 0.232422059561887 0.236134332915464 0.239143744912705 0.240226470100214 0.243478759916553 0.248193975106078 0.252707664115554 0.256474365629 0.257847794695751 0.264971479037831 0.276774350564104 0.278843873881153 0.279627313928293 0.281175472546446 0.283840530599864 0.287598489344948 0.289632451828042 0.292410135156841 0.301943413215476 0.308515752617798 0.311605369543165 0.321698967006982 0.333950077133632 0.347654953530982 0.3565963395622 0.358783895565904 0.370111327623075 0.384183029846862 0.386607113741666 0.385509531137266 0.378355420820809 0.377799950624468 0.380240497827226 0.375062695030158 0.365416467988989 0.346351099169934 0.333525379197477 0.324212746363996 0.340041979073837 0.358476003113874 0.380841102173954 0.405326914343939 0.431263041685362 0.456806436608821 0.477146509776718 0.480186060910135 -9999 -9999 -9999 -9999 -9999 -9999 -9999 -9999
0.217809299554389 0.224798743483862 0.22866311167968 0.230793802617817 0.234163650193347 0.237069150897593 0.238647030575625 0.241815817033048 0.246057343091319 0.249692674169403 0.253085342233875 0.255864977212943 0.262123722734959 0.271213544215429 0.271871722844608 0.271542064784195 0.272422287428216 0.273972074480695 0.276177039055888 0.277375153066209 0.279541155406891 0.288890037411969 0.29711876825178 0.30402995216013 0.311302924186542 0.319084479226974 0.330699609974878 0.337955229789863 0.339029794626055 0.347077658175186 0.35731605012845 0.36052035954899 0.359889237547835 0.352661977979868 0.356725689315201 0.365900023977855 0.357797198365572 0.347024699832912 0.330624707946007 0.319132111304071 0.31040250782807 0.318610892617226 0.329936676014226 0.347487943799432 0.370646143457946 0.397638816682497 0.425907525360511 0.445448852769673 0.435346409709127 -9999 -9999 -9999 -9999 -9999 -9999 -9999 -9999
0.222485510437845 0.223202191300847 0.226066647424178 0.230122610391117 0.232310932552834 0.234758254658278 0.238068626540107 0.241467780072792 0.2449267985793 0.245623553639837 0.24698800926772 0.251386489683913 0.257247082278196 0.264297447541342 0.263916372234398 0.262917200754906 0.264079507007246 0.264637929492109 0.264605443819688 0.265969247550966 0.268237144571002 0.274174547976043 0.282407074239107 0.293339175499435 0.296695269725018 0.29854055934137 0.30660136865581 0.313604185376756 0.319106946130839 0.323835311089092 0.328411005633176 0.335501919251802 0.338718860211303 0.335273380759607 0.338843771809783 0.345544186015464 0.329338662712959 0.315539835824831 0.306814165267659 0.301233300593086 0.297423044709545 0.297065287453193 0.29931494031577 0.308010604681808 0.334663484621992 0.373596961151279 0.39268411891439 0.409306220987608 0.424094506417352 -9999 -9999 -9999 -9999 -9999 -9999 -9999 -9999
0.214592884628121 0.218056573704119 0.220269511362316 0.221788578064139 0.225824221569907 0.229202998432238 0.230624176598056 0.233361769909402 0.236987014638203 0.238427542609686 0.239262054455803 0.238769602954189 0.241868728807993 0.247890448864632 0.247438818285497 0.246306273011796 0.246438619881606 0.24668732647275 0.247049892571662 0.252808780428648 0.259034671387873 0.261074160414217 0.265718315826764 0.273426138279104 0.276771958522955 0.27937704765303 0.286782968930001 0.294957128080869 0.304220519626936 0.308111847534693 0.310215628043993 0.31582381168375 0.319559096686706 0.320073388873273 0.321896061578096 0.324235656322957 0.30446334492445 0.288602235959275 0.280985682172633 0.275519916749555 0.27126510199445 0.256590828602344 0.244193189004306 0.238977263740197 0.272973686268399 0.333786684148198 0.351356414028004 0.361128467257083 0.35877749746297 -9999 -9999 -9999 -9999 -9999 -9999 -9999 -9999
0.206190710991058 0.215122224815498 0.216989940993496 0.214938921634745 0.219422247214942 0.222478015619556 0.221168427929343 0.22303441683997 0.227041679406212 0.230190882171148 0.230933162269778 0.224027373108727 0.223768095109389 0.228917319577917 0.228719918260896 0.22766548219786 0.2263781998988 0.226482441208833 0.227948306553073 0.238605228686656 0.24927056175223 0.248030186035185 0.248495888832339 0.250968319454191 0.25536202458403 0.260536387808282 0.267896581312002 0.277456953532511 0.290136809984371 0.294436066469472 0.29570974368266 0.297914864895567 0.300919207497567 0.305298043252794 0.305353269786485 0.303354220645952 0.281986404683231 0.264531893994882 0.255326371134431 0.247742248274946 0.241071016449968 0.211520415695094 0.184300633606743 0.165845625879396 0.207480128028993 0.290208697740941 0.309620585806738 0.319858230955324 -9999 -9999 -9999 -9999 -9999 -9999 -9999 -9999 -9999
0.244904750544967 0.256229224014882 0.260258869257673 0.260241611681481 0.233949236727865 0.214365455761757 0.21483438464576 0.216902917949887 0.220050055625674 0.221748729776997 0.221702152819695 0.216361260794746 0.215062599604749 0.217053245378149 0.217204995669814 0.216695268780331 0.214515356671796 0.213715901028172 0.214267240073562 0.218293923475448 0.223186665790867 0.228813460266736 0.232765923694926 0.234749001380799 0.237289181428323 0.240004236377091 0.242865820784193 0.250524551202954 0.26498482970718 0.275320749653202 0.28354227246182 0.280250682144342 0.280463311334733 0.286702463071574 0.290098775896831 0.292122178601927 0.275482653060097 0.258430163624014 0.240507173703506 0.226452326594723 0.214575346077105 0.187440965724744 0.166949104331763 0.165660168906657 0.202312292851076 0.264911582287631 0.297226487763629 -9999 -9999 -9999 -9999 -9999 -9999 -9999 -9999 -9999 -9999
0.266240752057795 0.275939648431122 0.282114001748572 0.286333068007251 0.251298625044087 0.225413405721636 0.227232352491637 0.228901041265933 0.230468411908691 0.221066106694873 0.21193910050419 0.20705257418241 0.204476427723333 0.203780319510654 0.205321337869538 0.206242144311118 0.203016156172945 0.200999329874506 0.200165684236079 0.199365487582388 0.199611409100721 0.20616156474874 0.20991862128905 0.210390371994997 0.213780352729013 0.217687059855936 0.218582293714325 0.225581717844232 0.241235859498613 0.256735123729525 0.271029756620074 0.263353160489126 0.260988347422308 0.26775868708378 0.274586360261984 0.281363506498047 0.267625602169781 0.25136029442092 0.229767387982221 0.21017664408938 0.191713170602762 0.170509985342201 0.159448169145973 0.175327333011886 0.207238824317009 0.250114517998184 -9999 -9999 -9999 -9999 -9999 -9999 -9999 -9999 -9999 -9999 -9999
0.260303717782612 0.26207035870345 0.27036239353024 0.282274477269872 0.27307747676627 0.266531796817552 0.269028277040537 0.269351734088504 0.268209933684811 0.232561263413018 0.201341061864274 0.195166036864626 0.190938728517128 0.188296346466081 0.192858988243818 0.196600537537958 0.19208765537653 0.18836117994758 0.185404213782151 0.182607322252371 0.179973202638074 0.178118525115637 0.175901393165482 0.173257934185689 0.18174030618317 0.192568470825149 0.195471472377535 0.203761307489538 0.219688768680689 0.238980792951834 0.25797572888428 0.24765883423832 0.243052855359799 0.248268453741508 0.258669163087899 0.271347739622479 0.257644687857225 0.242771031316357 0.225429817590887 0.201770292065582 0.17455339008052 0.164797789637011 0.167406723949363 0.200457168255821 0.228007421618235 0.251796199496437 -9999 -9999 -9999 -9999 -9999 -9999 -9999 -9999 -9999 -9999 -9999
0.25655105235736 0.25536745696313 0.259689149692517 0.267064974107134 0.27188838047157 0.27534712596701 0.275549320509594 0.275572213366933 0.275474204094269 0.249036554957688 0.221319283151661 0.197407096875276 0.18399417940905 0.17912489030497 0.180233730314145 0.181636919047859 0.180421665415687 0.177507923735794 0.172932189307465 0.168300187295693 0.16340874961276 0.157016279391248 0.150339785773379 0.143329217464578 0.154428128606633 0.170126935985344 0.180323529967261 0.192812321620135 0.208551064940631 0.229127728186488 0.249956446395913 0.241639380861494 0.237569531167587 0.240804001869422 0.254793795450209 0.273583042738415 0.25755964240576 0.239623323290294 0.217654698323685 0.188045910583578 0.15413550936503 0.166862221462682 0.185062838467649 0.212241210208482 0.223279264730942 -9999 -9999 -9999 -9999 -9999 -9999 -9999 -9999 -9999 -9999 -9999 -9999
0.253415324395334 0.251587894901783 0.249646274478713 0.247641305121274 0.261208761049735 0.270583075542426 0.267512233660909 0.267684916417007 0.270044689812335 0.266932009867005 0.253147370765244 0.205959477129829 0.180818409749837 0.173617628831404 0.168207521215595 0.164722739141513 0.168419731101789 0.167279780130872 0.161406817298595 0.15502184085001 0.148145845161792 0.138956474229464 0.128686699697499 0.117146130212518 0.129774517948986 0.149306030530582 0.168725586543971 0.186534888202312 0.202061119385193 0.222809087766637 0.244133376940675 0.239823833360871 0.237551983118798 0.238784538013164 0.256117759448191 0.280667459576681 0.261575147562024 0.238961091235173 0.208923431604354 0.172897854165593 0.133500920812821 0.172355610248228 0.203811871687765 0.206796346341182 -9999 -9999 -9999 -9999 -9999 -9999 -9999 -9999 -9999 -9999 -9999 -9999 -9999
0.239187282559773 0.246132976247865 0.246704232156769 0.243739184068535 0.251214085561011 0.257845129987737 0.261210640495278 0.262223434734299 0.261649805467244 0.260063510495616 0.253781259215109 0.232376326317161 0.21776407574959 0.208679272327359 0.181909467688731 0.157561244417157 0.15523506550482 0.152658775927988 0.149837749797813 0.142288230879432 0.13400537462928 0.127424042893756 0.122785941236853 0.120433510395279 0.132193783022186 0.148264383860134 0.166914451470471 0.186858567417111 0.208637426763865 0.226660650224527 0.24263109071289 0.245678750221208 0.24953325064629 0.254775348214005 0.26571259165314 0.279159663515303 0.265739687063548 0.247284825705085 0.218216761082799 0.187777972556708 0.156567430261144 0.185939702463236 0.208956395796146 0.208282239794673 -9999 -9999 -9999 -9999 -9999 -9999 -9999 -9999 -9999 -9999 -9999 -9999 -9999
0.228488852696128 0.241304209192226 0.243778009901142 0.240514695222995 0.242603394143645 0.246673016882764 0.255298262385216 0.257322559855733 0.254895874749067 0.254096510094754 0.252600595040989 0.248320991017214 0.241440327139919 0.232443088371745 0.197098506040616 0.162560404837897 0.148684653051543 0.140506216730712 0.137902678038368 0.131042120319611 0.123699573693752 0.118970365233453 0.118409811835438 0.122752524046499 0.133409793320598 0.146367079879916 0.163993549371988 0.183732735394604 0.206467398944591 0.222979402588367 0.236877709954362 0.244439150944235 0.252220288986198 0.260379259876486 0.266657775705461 0.27201834965408 0.262415849652129 0.247006179308119 0.219355379252132 0.194392755045274 0.170943644857405 0.194571590383489 0.213183634421992 -9999 -9999 -9999 -9999 -9999 -9999 -9999 -9999 -9999 -9999 -9999 -9999 -9999 -9999
