layers/veg/veg_2700.asc
NCOLS 255 
NROWS 330 
XLLCORNER -2985163.8955 
YLLCORNER -3022031.214 
CELLSIZE 25000 
NODATA_value -9999 
[rows 200 to 224 of 330, columns 57 to 113 of 255]
-9999 -9999 -9999 -9999 -9999 -9999 -9999 -9999 -9999 -9999 -9999 -9999 -9999 -9999 -9999 -9999 -9999 -9999 -9999 -9999 0.198273279178367 0.202713905811484 0.175591167195338 0.150721169897589 0.138247766541345 0.126520540631136 0.115344146872289 0.13931295282287 0.161927978577514 0.163833721949421 0.166006041101391 0.168415339284177 0.166680402554928 0.164455087377359 0.16352027860165 0.165911421341111 0.171855952159912 0.178473962106846 0.184209341722615 0.182214097493215 0.181163644611074 0.181327669909262 0.191475123126055 0.20539396627312 0.226132600133639 0.239117531791946 0.240057785121723 0.241661072541704 0.243711855781667 0.251951412955392 0.25681902419897 0.255305037046645 0.252705396078522 0.24955575305561 0.251884209970996 0.253542550509878 0.253398187418482
-9999 -9999 -9999 -9999 -9999 -9999 -9999 -9999 -9999 -9999 -9999 -9999 -9999 -9999 -9999 -9999 -9999 -9999 -9999 -9999 0.189371928609442 0.179483831708789 0.165933813987949 0.150305071911962 0.129359126354654 0.105383389363015 0.0791710442524614 0.125523488411327 0.168729960427489 0.167868750516002 0.167583723477692 0.167810908234559 0.165510483437233 0.162801961296566 0.160330637794638 0.160577345114562 0.163727948741331 0.17462437625547 0.184915321503384 0.176614250600677 0.175857907079149 0.184799902569244 0.186221036612643 0.187397337073784 0.216112553522772 0.233061330110524 0.231732001671216 0.23664484607796 0.244111926214344 0.251593361885458 0.255964067082176 0.254447538907802 0.253363979743079 0.252499766599623 0.248263899597046 0.247760487565208 0.256120801434241
-9999 -9999 -9999 -9999 -9999 -9999 -9999 -9999 -9999 -9999 -9999 -9999 -9999 -9999 -9999 -9999 -9999 -9999 -9999 0.152225378356639 0.155553104650638 0.160909827733677 0.156035782753403 0.146089175404728 0.123409141513591 0.100419625494849 0.0772016481267831 0.117759186108979 0.156467777453878 0.159864037516727 0.163278836186396 0.166710115202011 0.163509542795767 0.159658460919887 0.158549600607145 0.158096906045748 0.158345247427978 0.16563322261219 0.173976513300122 0.177250470819125 0.180660326379934 0.18424487152379 0.18477758340805 0.185644686840012 0.203145601459065 0.216791115152702 0.224447610598912 0.234729190520855 0.245942229992225 0.25215011671746 0.256372700141875 0.256837984777296 0.25362066409409 0.248537702206709 0.244491835176616 0.242148455295811 0.243736414905392
-9999 -9999 -9999 -9999 -9999 -9999 -9999 -9999 -9999 -9999 -9999 -9999 -9999 -9999 -9999 -9999 -9999 -9999 0.15149334906936 0.151900951566077 0.149876033978386 0.146367948905005 0.144825136803582 0.138370589040357 0.117369730744733 0.0990362893040008 0.0826719491441616 0.111492082521736 0.140179293895861 0.148239826909994 0.156133419473936 0.163878606259679 0.159783528114369 0.154787901272246 0.156003954249719 0.155738993100438 0.153891742516289 0.157000879953522 0.162504662635209 0.176606040329732 0.184165546686192 0.183315831237603 0.18483299033809 0.187314370216409 0.192294837024117 0.201756200070402 0.21817823202164 0.233122194449703 0.247194771470849 0.251902632443814 0.255828901083665 0.258275962024882 0.25351435081857 0.245100761020425 0.24224742254718 0.238444212851043 0.232181343006587
-9999 -9999 -9999 -9999 -9999 -9999 -9999 -9999 -9999 -9999 -9999 -9999 -9999 -9999 -9999 -9999 -9999 -9999 0.151309951141659 0.151112673206932 0.146279621348108 0.138620023801417 0.127286401090929 0.116561971095934 0.108282169288984 0.101172180567232 0.0949257540743258 0.107350108909925 0.12070974327219 0.129240882404176 0.14004228509191 0.152861893848493 0.14819680399389 0.142630669847493 0.14840050554901 0.151464456861137 0.151637488901146 0.154710057731541 0.158689232373322 0.164056924523526 0.172254446038741 0.184089560158745 0.188983020196754 0.191652923993446 0.194599621303306 0.201922887837365 0.216044760651787 0.230307457897804 0.244301481059228 0.246837168657506 0.249419735193152 0.252091022769321 0.251955015072691 0.250396806167931 0.247750250329607 0.244096600630681 0.23813799034798
-9999 -9999 -9999 -9999 -9999 -9999 -9999 -9999 -9999 -9999 -9999 -9999 -9999 -9999 -9999 -9999 -9999 -9999 -9999 0.150514152079713 0.143460176948665 0.132105219216773 0.114348558480935 0.100229622062028 0.0978074771773873 0.0959313210552591 0.0944582167357187 0.101912766519911 0.109857324705114 0.115652754226771 0.12515005826151 0.137938233785383 0.135683973228962 0.132582635830682 0.138871215992025 0.142095736393864 0.142046669260181 0.146010664989825 0.15068196317972 0.153242056429522 0.16187518491697 0.178314871758156 0.187660345617147 0.194429094798064 0.197650832703709 0.202348665018312 0.209339477108871 0.222464064334496 0.237772584891721 0.24164887613875 0.245279029375438 0.248443352505565 0.250904683167193 0.253009871477965 0.250300917329518 0.246827641642295 0.241778009867026
-9999 -9999 -9999 -9999 -9999 -9999 -9999 -9999 -9999 -9999 -9999 -9999 -9999 -9999 -9999 -9999 -9999 -9999 -9999 -9999 0.141465241204166 0.126898986205726 0.106293124228283 0.0897086188905831 0.0858607799233712 0.0828623488635819 0.0804909552296975 0.0951007955072745 0.108149295418703 0.107806514476769 0.111530096645524 0.118868571317561 0.122188370050123 0.12477285487084 0.127298248983339 0.127321133396064 0.124670380476721 0.130510579955107 0.138226368633588 0.144267549616432 0.153121492121913 0.165591087443882 0.180530107747006 0.19554728496464 0.20149414292785 0.203049384540217 0.197782645515628 0.20928432487684 0.227385630836219 0.236330239354991 0.243545584098364 0.247488199336641 0.250394499565242 0.252775793225049 0.249718789423057 0.246458587181869 0.242959653851518
-9999 -9999 -9999 -9999 -9999 -9999 -9999 -9999 -9999 -9999 -9999 -9999 -9999 -9999 -9999 -9999 -9999 -9999 -9999 -9999 0.12021857134136 0.120347177968954 0.101240688196007 0.0843002149284864 0.0772041226528515 0.0731009557168605 0.071207182153002 0.0840174308645801 0.09478885709827 0.091401946172557 0.0952676827518961 0.105580836932983 0.111586631571291 0.116939080825048 0.122908130394363 0.124877260246489 0.122572946250578 0.126811174301727 0.132575606845812 0.137646425641164 0.142237864896671 0.146213087679698 0.165757347270996 0.189527361402872 0.203094547959757 0.207953222681336 0.199284008268024 0.201014844011576 0.207314032362369 0.224620182403354 0.238517886304932 0.24596491310007 0.249861126094207 0.251958464660508 0.24956211117481 0.246908393255613 0.24384846714793
-9999 -9999 -9999 -9999 -9999 -9999 -9999 -9999 -9999 -9999 -9999 -9999 -9999 -9999 -9999 -9999 -9999 -9999 -9999 -9999 0.112986866580326 0.114727527359994 0.097475718515135 0.0810393919340829 0.0705033758902374 0.0650632817450315 0.0633850241944861 0.0722523737653771 0.0791599987529635 0.0740570894817373 0.0798911627675264 0.0954479330131484 0.102807421440635 0.109118224492246 0.117584556505931 0.121791759756472 0.121448584775009 0.123405984359135 0.126124061592198 0.130248440106115 0.130962796777441 0.127293754792245 0.150268357072155 0.18114574385463 0.203009874264621 0.212610983119671 0.20316259199225 0.195179089255907 0.1886382572083 0.211713432187861 0.231000355448572 0.243117798061287 0.248876722806811 0.251414364817936 0.249798464915127 0.247768728077709 0.244952574635529
-9999 -9999 -9999 -9999 -9999 -9999 -9999 -9999 -9999 -9999 -9999 -9999 -9999 -9999 -9999 -9999 -9999 -9999 -9999 -9999 0.111484534052258 0.110806853111331 0.0977098607543627 0.0842656693829999 0.0721380235688467 0.0636464511635293 0.0578390474488431 0.0631334735046665 0.067786400487159 0.0650996146701083 0.0756318986295851 0.0979155965515558 0.102100416620848 0.101433647283153 0.0927325630413491 0.0921480136519447 0.100235027289996 0.10116910201272 0.101777542324662 0.113037238164014 0.120633757482004 0.123521461495122 0.143164182756515 0.168323175659929 0.19469303092691 0.208017530695563 0.201077245131875 0.198264465501983 0.197287700551744 0.201485453793797 0.211283965211245 0.231682228264202 0.244663543144705 0.253887364912995 0.252128465998988 0.250150639161965 0.248137804092051
-9999 -9999 -9999 -9999 -9999 -9999 -9999 -9999 -9999 -9999 -9999 -9999 -9999 -9999 -9999 -9999 -9999 -9999 -9999 -9999 0.106693354829624 0.107311141565008 0.0965755161432279 0.0852089164411856 0.0741406324243178 0.0653044450496153 0.0581160032640981 0.0579845999459019 0.0583561531633677 0.0574602923729473 0.0667411355137811 0.0850688074172756 0.0903994571554401 0.0903143071919379 0.0747147675426391 0.0729697761130273 0.0860267402332548 0.0866746083644163 0.0863503481361854 0.101504435006969 0.114963959261333 0.126245214918285 0.141278122124654 0.158505263043027 0.188074305021042 0.204903887207288 0.20194386550246 0.201512905108984 0.201995205500914 0.1982128574242 0.201539178681789 0.218319058733186 0.23363353898546 0.248205634428807 0.250710341792624 0.251874337947471 0.250430337817105
-9999 -9999 -9999 -9999 -9999 -9999 -9999 -9999 -9999 -9999 -9999 -9999 -9999 -9999 -9999 -9999 -9999 -9999 -9999 -9999 0.105738067438786 0.104818104502071 0.0936940731445459 0.0832374999691291 0.0766130041997648 0.0708879577434927 0.0658268895444102 0.0579041179815845 0.0514069127241729 0.0515038084106654 0.0519375027244349 0.0526706023789766 0.0646629076300771 0.074809927747679 0.0654219490089537 0.0671524803580903 0.0807618322570817 0.0820645464201155 0.0823101383820152 0.0972210411947017 0.115242448060565 0.137262239663299 0.146053841253812 0.152523287113215 0.183623505117714 0.203679463045443 0.206579157225595 0.204969521897125 0.201670178196944 0.203819949388109 0.204524783207728 0.202494991323541 0.213900737949513 0.23211305005727 0.244507119615358 0.252757720550543 0.251583198718409
-9999 -9999 -9999 -9999 -9999 -9999 -9999 -9999 -9999 -9999 -9999 -9999 -9999 -9999 -9999 -9999 -9999 -9999 -9999 -9999 0.0890064345477973 0.0899359806927611 0.081480360977864 0.0734173713026444 0.0682401756145162 0.0658200116849533 0.0654351032338507 0.0556750887552887 0.0470385854736598 0.0467710088167097 0.0449165115746876 0.0416512826370132 0.0515071712299395 0.062224074679488 0.0653664864459995 0.0701265060051952 0.0766147492686008 0.0819343308481272 0.0884888234286373 0.106272446392497 0.123931615351856 0.141430805419201 0.146042441062027 0.148270759855387 0.17297322470279 0.191548377390387 0.200605302261299 0.203654952641454 0.20423717082661 0.20447847277627 0.203868202009794 0.201646281711604 0.209168982364169 0.221628396237894 0.241139088252453 0.254442466050801 0.25294226795783
-9999 -9999 -9999 -9999 -9999 -9999 -9999 -9999 -9999 -9999 -9999 -9999 -9999 -9999 -9999 -9999 -9999 -9999 -9999 -9999 0.0698880322601065 0.0722005874220005 0.0670512071592659 0.0616682433088866 0.0570042055076949 0.0582275519293323 0.0637969966344182 0.0539446948458017 0.0443889134054158 0.0428102636381934 0.0404029939215497 0.0372591023239532 0.0425797290947806 0.0509671983500978 0.067136806139443 0.0745546433660881 0.0726222429092407 0.0828503151711994 0.0970464318195391 0.118287250602549 0.133925886815542 0.142363220314194 0.143948115801162 0.144533498271689 0.160438088086999 0.175908821863238 0.190705599341541 0.200098649318265 0.206993483271248 0.203795023088946 0.202686459060744 0.205533141712318 0.209325934932971 0.213598036335919 0.238221779914677 0.255346184082304 0.254072532426456
-9999 -9999 -9999 -9999 -9999 -9999 -9999 -9999 -9999 -9999 -9999 -9999 -9999 -9999 -9999 -9999 -9999 -9999 -9999 -9999 0.0680118027292 0.0673041449440708 0.0621513589493434 0.0571260688322678 0.0532988031298072 0.0615617694596803 0.0787498092506108 0.0667962921217296 0.052686470305414 0.0435141605671088 0.0360470563548928 0.0300958361168873 0.0360551186103962 0.0445427127486049 0.0549659216563427 0.0622328477190984 0.0661276567244565 0.0789794391488752 0.0945921722078175 0.114202100404037 0.126838671848217 0.130511370323442 0.135117905118202 0.140316151531792 0.149159590898516 0.160116289497666 0.174355746063983 0.187793349811283 0.200690021107582 0.206111139395956 0.209393043815221 0.208626364989557 0.21046887363528 0.213633220282868 0.229678794616251 0.24350315309449 0.251580997742362
-9999 -9999 -9999 -9999 -9999 -9999 -9999 -9999 -9999 -9999 -9999 -9999 -9999 -9999 -9999 -9999 -9999 -9999 -9999 -9999 0.0659900201067595 0.065276718284921 0.0591980481253352 0.0534964023830711 0.0498849497891927 0.0628710444834489 0.0881095366853632 0.0737086772123773 0.0557179468672812 0.04199273901985 0.0322954845950321 0.0261789774460038 0.0313836138050932 0.0386485445213772 0.0460235324346811 0.0533724119333004 0.0606933976610432 0.0727400769188423 0.0869539176646636 0.10851047771186 0.121789283913055 0.124427485225918 0.130186532544496 0.136860093859032 0.142337427306378 0.14973115239187 0.160101819360221 0.17461376615547 0.190751911219576 0.204498525483595 0.21320503109938 0.212372846021118 0.212433297469041 0.212945966664866 0.220697842761159 0.228983150633255 0.238200375375831
-9999 -9999 -9999 -9999 -9999 -9999 -9999 -9999 -9999 -9999 -9999 -9999 -9999 -9999 -9999 -9999 -9999 -9999 -9999 -9999 0.0669798672125701 0.067859946688327 0.0592471804877212 0.05127423703264 0.0469207972489815 0.0610569400767917 0.0888421909308432 0.0714601043438908 0.0506267399684353 0.0370388674489264 0.0294761189216485 0.0272695510791709 0.0295704381334033 0.0335723661249695 0.0420609466681992 0.0498509623935907 0.0568946437587156 0.0628474351125411 0.0713195925744908 0.100340946078587 0.119883149188462 0.127240417121666 0.131268936022919 0.134578289087368 0.142388950569402 0.147686670426501 0.14908076170188 0.16008563995194 0.175207526633814 0.196826028332571 0.212552236707628 0.217126946689278 0.215664823827263 0.211144386776953 0.211041347906766 0.210334044452404 0.208023842817818
-9999 -9999 -9999 -9999 -9999 -9999 -9999 -9999 -9999 -9999 -9999 -9999 -9999 -9999 -9999 -9999 -9999 -9999 -9999 -9999 0.0773498637633213 0.0765079948081884 0.0617138697542175 0.0487904771672553 0.0438726524551433 0.0552479534802627 0.0786509264082979 0.067560424733179 0.0522588205048722 0.0366121614057821 0.0288540903260729 0.0281087716534901 0.0292245806526224 0.0316255570669021 0.0388189887256404 0.0465414222929356 0.0548290321916473 0.0608898644317714 0.0683998156175789 0.0906473225949833 0.109807828658051 0.125000161998122 0.132000204126619 0.136437907937928 0.14198036992891 0.146431031970556 0.149185681082393 0.155512303052732 0.163738745579398 0.187361894525588 0.206453187954984 0.216967688489256 0.2189674069949 0.216653459814785 0.211289666178606 0.206145079777134 0.201644743627345
-9999 -9999 -9999 -9999 -9999 -9999 -9999 -9999 -9999 -9999 -9999 -9999 -9999 -9999 -9999 -9999 -9999 -9999 -9999 -9999 0.108154361718838 0.0893462519295589 0.0661132963595434 0.0471598119316599 0.04138663019006 0.0482002216044726 0.064305435773076 0.0630027052729005 0.0564462850708282 0.0380426617736892 0.0292018048370676 0.0288620019102065 0.0294693993091522 0.0309461866128077 0.0359481924361797 0.0434033347611775 0.0534793649620538 0.0620681807272378 0.0705133154261882 0.0806133422802816 0.0966833266833132 0.120427368645939 0.132117347952261 0.139462926679618 0.141207239285927 0.145467316186465 0.15363540643136 0.154998032180777 0.154249513458408 0.177139720655585 0.197835765335543 0.214379233346036 0.221841543355701 0.224703256482977 0.215425689514107 0.207872178796599 0.204871841000773
-9999 -9999 -9999 -9999 -9999 -9999 -9999 -9999 -9999 -9999 -9999 -9999 -9999 -9999 -9999 -9999 -9999 -9999 -9999 -9999 0.12255048789127 0.126916177435567 0.101960125420343 0.0772246018303447 0.058600468830528 0.0537846038319332 0.0591620755659409 0.0588397924685264 0.0549240389495266 0.0401395130916638 0.0321302565349648 0.0301440406014971 0.0295577858139745 0.0301874706469468 0.0356792714292199 0.04308914511449 0.0525482541412036 0.0604703832703747 0.0684618365401701 0.0797680811707093 0.0923388490454516 0.106535093162179 0.116650517657684 0.125467538279226 0.134557626068218 0.143572627194576 0.152470987950361 0.155131301527431 0.155523568244577 0.165892343635618 0.179028657060838 0.197402692752483 0.209606180940771 0.218683613883242 0.21521720240033 0.211198741839876 0.206434943038
-9999 -9999 -9999 -9999 -9999 -9999 -9999 -9999 -9999 -9999 -9999 -9999 -9999 -9999 -9999 -9999 -9999 -9999 -9999 -9999 0.169118771768694 0.153646251378506 0.128081023391743 0.101559839087983 0.0741634107145018 0.0597098101931276 0.0548106738925344 0.0540289607929126 0.0514642973877935 0.0404125915291721 0.0335831427891816 0.0305071723268548 0.0291397725934147 0.029208000437244 0.0349662312402377 0.0421318449988523 0.0508010819446239 0.0589930144126113 0.0674948932583615 0.079150805221734 0.0893775193253541 0.0977670768746968 0.106800337484898 0.116286279057486 0.128848837621666 0.140714617072289 0.151498012898939 0.156333467750932 0.15872038460762 0.160577433660196 0.167267936529422 0.183106024135171 0.197343988306947 0.210771315456318 0.213557502227327 0.213501329173522 0.207268062858025
-9999 -9999 -9999 -9999 -9999 -9999 -9999 -9999 -9999 -9999 -9999 -9999 -9999 -9999 -9999 -9999 -9999 -9999 -9999 0.178730676684947 0.169212531469889 0.153890938382994 0.135931719293569 0.115132087840152 0.0866251361637808 0.0662752561094108 0.0519469696240286 0.0480010108184511 0.0443649625696216 0.0372597050129037 0.0322641732102528 0.0291441334885499 0.0277704853790679 0.0278138424608243 0.03341891131763 0.0399664591880993 0.0475209350540323 0.0577418711799608 0.0685652546272254 0.0789618003467245 0.0890144387309578 0.098625002835037 0.107501057964806 0.116148381553461 0.124907392427201 0.136047004193363 0.150884665127531 0.159543561210603 0.165529116603026 0.166406687742553 0.168743884728959 0.17384350618955 0.185031394995156 0.199303655173231 0.209171692276828 0.213880373870752 0.206729908041935
-9999 -9999 -9999 -9999 -9999 -9999 -9999 -9999 -9999 -9999 -9999 -9999 -9999 -9999 -9999 -9999 -9999 -9999 0.1789341120363 0.178907876302652 0.169288431092569 0.153819769479269 0.137990116670285 0.11965405310151 0.094149798466277 0.0702724046657162 0.0475959681686654 0.0418957808192257 0.0384056542465936 0.0355985150098943 0.0338940804270046 0.0331699219970022 0.0338398090072734 0.034763771509815 0.0357031936348164 0.039703278641638 0.0469733220196298 0.0566661565440022 0.0670408492661234 0.0780182430355751 0.0882416435611456 0.0974958265494627 0.107302967816374 0.117100962496075 0.124532530683024 0.133393212489876 0.144473893646425 0.156055288223927 0.16758601683391 0.170143603568066 0.171226593557731 0.169518825802702 0.175596206622861 0.185617614213691 0.1943403161635 0.201229269059149 0.203891654007459
-9999 -9999 -9999 -9999 -9999 -9999 -9999 -9999 -9999 -9999 -9999 -9999 -9999 -9999 -9999 -9999 -9999 -9999 0.178979422792358 0.179102630348594 0.169355350884684 0.153589792061005 0.137136216696769 0.119625645740519 0.0991921653798242 0.0729782445017194 0.0424971717511619 0.0357516953621247 0.0330195373995588 0.0346873318969097 0.0370066470821447 0.0399051474474177 0.0436491758242493 0.045909006175195 0.0399139590228797 0.0403965037995403 0.0477995938211517 0.0556786452758578 0.0642118267069631 0.0766953059236689 0.0872628488788494 0.0953675593882494 0.10665296660018 0.11860182275766 0.125950903781046 0.131751945615286 0.135148247934524 0.149199157940531 0.167253753765186 0.17282851712975 0.174215489403647 0.167676830169745 0.167607742507699 0.170816198392542 0.174257036246218 0.182026763327311 0.199896938020972
-9999 -9999 -9999 -9999 -9999 -9999 -9999 -9999 -9999 -9999 -9999 -9999 -9999 -9999 -9999 -9999 -9999 -9999 0.1964915435428 0.198186096237563 0.188508392334896 0.171896743124911 0.146547613324384 0.119431201082942 0.0888443415408895 0.0599677092604175 0.0323535758223074 0.0305890873215262 0.0321672207454973 0.0347009122613601 0.0390602422493221 0.0450425180113951 0.0483622473030593 0.0508048123839942 0.0512409761996697 0.0555659832789707 0.0640457620776902 0.072513989718336 0.0800410836175362 0.0806563782460509 0.0853286350489809 0.0952158973169159 0.104897808109232 0.114497211514765 0.123894253711037 0.132244948424215 0.138970236521937 0.146939269531018 0.15521873548957 0.1565304738571 0.15963551489507 0.166134482669148 0.169161607290729 0.170429864730166 0.165984908823623 0.167931927138025 0.185055780463496
