layers/veg/veg_2100.asc
NCOLS 255 
NROWS 330 
XLLCORNER -2985163.8955 
YLLCORNER -3022031.214 
CELLSIZE 25000 
NODATA_value -9999 
[rows 25 to 49 of 330, columns 112 to 167 of 255]
0.127237336798393 0.127084001255716 0.125948413828666 0.124973629537276 0.124303246807417 -9999 -9999 -9999 -9999 -9999 -9999 -9999 -9999 -9999 -9999 -9999 -9999 -9999 -9999 -9999 -9999 -9999 -9999 -9999 -9999 -9999 -9999 -9999 -9999 -9999 -9999 -9999 -9999 -9999 -9999 -9999 -9999 -9999 -9999 -9999 -9999 -9999 -9999 -9999 -9999 -9999 -9999 -9999 -9999 -9999 -9999 -9999 -9999 -9999 -9999 -9999
0.117850335093057 0.117479312529466 0.11270810805737 0.109761649545722 0.110269449046392 0.11573202187942 0.123705334020064 0.133230361194914 -9999 -9999 -9999 -9999 -9999 -9999 -9999 -9999 -9999 -9999 -9999 -9999 -9999 -9999 -9999 -9999 -9999 -9999 -9999 -9999 -9999 -9999 -9999 -9999 -9999 -9999 -9999 -9999 -9999 -9999 -9999 -9999 -9999 -9999 -9999 -9999 -9999 -9999 -9999 -9999 -9999 -9999 -9999 -9999 -9999 -9999 -9999 -9999
0.10955742810037 0.10892565832494 0.105893025892889 0.105250955000537 0.109134235324972 0.11573202187942 0.123705334020064 0.133230361194914 0.139920567852707 -9999 -9999 -9999 -9999 -9999 -9999 -9999 -9999 -9999 -9999 -9999 -9999 -9999 -9999 -9999 -9999 -9999 -9999 -9999 -9999 -9999 -9999 -9999 -9999 -9999 -9999 -9999 -9999 -9999 -9999 -9999 -9999 -9999 -9999 -9999 -9999 -9999 -9999 -9999 -9999 -9999 -9999 -9999 -9999 -9999 -9999 -9999
0.103991035230143 0.102945272760809 0.102463778870637 0.10354077507304 0.107568004900336 0.114529882011746 0.122978837097459 0.132634009749976 0.141927532513232 0.150323686733935 0.159400494603386 0.168898440055958 -9999 -9999 -9999 -9999 -9999 -9999 -9999 -9999 -9999 -9999 -9999 -9999 -9999 -9999 -9999 -9999 -9999 -9999 -9999 -9999 -9999 -9999 -9999 -9999 -9999 -9999 -9999 -9999 -9999 -9999 -9999 -9999 -9999 -9999 -9999 -9999 -9999 -9999 -9999 -9999 -9999 -9999 -9999 -9999
0.102361454215265 0.10068042800648 0.103923336868088 0.105874256264762 0.105379429756082 0.111591973220721 0.121203351770862 0.13117658686622 0.140903819532711 0.150040597986659 0.159400494603386 0.168898440055958 -9999 -9999 -9999 -9999 -9999 -9999 -9999 -9999 -9999 -9999 -9999 -9999 -9999 -9999 -9999 -9999 -9999 -9999 -9999 -9999 -9999 -9999 -9999 -9999 -9999 -9999 -9999 -9999 -9999 -9999 -9999 -9999 -9999 -9999 -9999 -9999 -9999 -9999 -9999 -9999 -9999 -9999 -9999 -9999
0.121933634637698 0.100023256061629 0.104004000669767 0.106294619516364 0.105385817413318 0.111420093105612 0.120972644441869 0.131106327787288 0.141414242214422 0.152103908170505 0.162825530522823 0.173566925103645 0.183972147606846 -9999 -9999 -9999 -9999 -9999 -9999 -9999 -9999 -9999 -9999 -9999 -9999 -9999 -9999 -9999 -9999 -9999 -9999 -9999 -9999 -9999 -9999 -9999 -9999 -9999 -9999 -9999 -9999 -9999 -9999 -9999 -9999 -9999 -9999 -9999 -9999 -9999 -9999 -9999 -9999 -9999 -9999 -9999
0.147425625507014 0.0994557400078464 0.104503638897152 0.108045098053869 0.108734855313908 0.115210730586123 0.124618613632902 0.135121434935282 0.146307038014555 0.159040108887143 0.171640153570321 0.1841578915943 0.191404197931087 0.209342652517326 0.259776301596174 -9999 -9999 -9999 -9999 -9999 -9999 -9999 -9999 -9999 -9999 -9999 -9999 -9999 -9999 -9999 -9999 -9999 -9999 -9999 -9999 -9999 -9999 -9999 -9999 -9999 -9999 -9999 -9999 -9999 -9999 -9999 -9999 -9999 -9999 -9999 -9999 -9999 -9999 -9999 -9999 -9999
0.130001024028638 0.0880521347566391 0.124763194921562 0.153015579525238 0.165255626814924 0.180734717084048 0.197855132189248 0.214379559265917 0.231547850563877 0.25024626561336 0.267090258702592 0.282786874144087 0.294559321821817 0.299856948050135 0.286911811337856 -9999 -9999 -9999 -9999 -9999 -9999 -9999 -9999 -9999 -9999 -9999 -9999 -9999 -9999 -9999 -9999 -9999 -9999 -9999 -9999 -9999 -9999 -9999 -9999 -9999 -9999 -9999 -9999 -9999 -9999 -9999 -9999 -9999 -9999 -9999 -9999 -9999 -9999 -9999 -9999 -9999
0.123197941593063 0.093880766345523 0.140686605016161 0.178588625351062 0.199635649706744 0.221764370050189 0.244441219733403 0.264922998006298 0.285931328716023 0.308265298822155 0.327974785810642 0.346060438887218 0.36109358913241 0.376579385732023 0.394011490745744 0.419512760570066 0.45105545170593 -9999 -9999 -9999 -9999 -9999 -9999 -9999 -9999 -9999 -9999 -9999 -9999 -9999 -9999 -9999 -9999 -9999 -9999 -9999 -9999 -9999 -9999 -9999 -9999 -9999 -9999 -9999 -9999 -9999 -9999 -9999 -9999 -9999 -9999 -9999 -9999 -9999 -9999 -9999
0.135012463081402 0.129914395818332 0.149009534694334 0.170161470966999 0.195206940389558 0.219859881653187 0.244313916566947 0.265134780703436 0.286227474572349 0.308113300323377 0.32827209950196 0.347362343773004 0.363438111038793 0.379232323231352 0.394806821593025 0.419512760570066 0.45105545170593 -9999 -9999 -9999 -9999 -9999 -9999 -9999 -9999 -9999 -9999 -9999 -9999 -9999 -9999 -9999 -9999 -9999 -9999 -9999 -9999 -9999 -9999 -9999 -9999 -9999 -9999 -9999 -9999 -9999 -9999 -9999 -9999 -9999 -9999 -9999 -9999 -9999 -9999 -9999
0.139242701031233 0.140745928798022 0.15693467803324 0.175547245921696 0.19874812099637 0.223388415519651 0.248758109098618 0.270531091108671 0.292691537001334 0.315913672119747 0.34634399287338 0.381234199918197 0.381929719741219 0.384555810502001 0.399753889240309 0.42489325497162 0.457475708620135 0.489601794655828 -9999 -9999 -9999 -9999 -9999 -9999 -9999 -9999 -9999 -9999 -9999 -9999 -9999 -9999 -9999 -9999 -9999 -9999 -9999 -9999 -9999 -9999 -9999 -9999 -9999 -9999 -9999 -9999 -9999 -9999 -9999 -9999 -9999 -9999 -9999 -9999 -9999 -9999
0.139925002514727 0.139787892371174 0.164673736470161 0.18739472493309 0.206017625175275 0.229458523380956 0.255340852517889 0.278352729473087 0.302040957818933 0.327434171785904 0.372730854837505 0.430342316310434 0.407974954013934 0.391128583993388 0.406643144085181 0.432790750774464 0.466899369021762 0.494118837344604 0.515003929478656 -9999 -9999 -9999 -9999 -9999 -9999 -9999 -9999 -9999 -9999 -9999 -9999 -9999 -9999 -9999 -9999 -9999 -9999 -9999 -9999 -9999 -9999 -9999 -9999 -9999 -9999 -9999 -9999 -9999 -9999 -9999 -9999 -9999 -9999 -9999 -9999 -9999
0.123460921158683 0.138764244741352 0.174972807107923 0.208402118360078 0.236570286067706 0.268514617165152 0.302372448884892 0.325444298219527 0.348218375462205 0.370766114773445 0.4030174812981 0.441272726770099 0.419814859256846 0.406429537108425 0.428818682545865 0.451998557375426 0.475770454987188 0.501951297963688 0.528440395627104 0.554968171615581 0.572762312148106 0.582684123206531 0.639556063396136 0.694489838243731 -9999 -9999 -9999 -9999 0.792654382198494 -9999 -9999 0.815130266090977 0.815130266090977 -9999 -9999 -9999 -9999 -9999 -9999 -9999 -9999 -9999 -9999 -9999 -9999 -9999 -9999 -9999 -9999 -9999 -9999 -9999 -9999 -9999 -9999 -9999
0.119986954835944 0.147148951540419 0.191531166072764 0.232568626925546 0.267274443567417 0.302738186188893 0.338585993715384 0.364712393958034 0.388938424121572 0.409147816108029 0.431397395981302 0.454909291567337 0.440007206098424 0.431786591763922 0.450955300383022 0.468664422967572 0.485280746683572 0.510724410483666 0.536348439313109 0.558497870918395 0.574807767774198 0.585854021356218 0.642277036115072 0.703151984181408 0.743655899484781 0.771184983174231 0.784658867206193 0.790564052918009 0.795418102469197 0.806853788718663 0.814218379320527 0.81627576109081 0.825426839009314 0.836021086699029 0.834756515470076 0.838006253979646 0.848371137339578 -9999 -9999 -9999 -9999 -9999 -9999 -9999 -9999 -9999 -9999 -9999 -9999 -9999 -9999 -9999 -9999 -9999 -9999 -9999
0.144481667154816 0.175772418540938 0.221550359075704 0.263517388145439 0.298270332763064 0.326517936825559 0.351469080455744 0.387093511328047 0.417864892007589 0.436834196986812 0.455669990194595 0.474423176301327 0.478187643611889 0.478762898491798 0.472985768352752 0.479845630784016 0.496166868465393 0.521516130578961 0.546324289965684 0.564814547671539 0.581253279684566 0.595842806259608 0.650851195262779 0.709134886124694 0.74570264181634 0.771184983174231 0.784658867206193 0.792711607186218 0.799631988984712 0.808376648373424 0.815564725045897 0.820723591340182 0.828310749081386 0.836021086699029 0.834756515470076 0.838006253979646 0.848371137339578 0.851416275466109 -9999 -9999 -9999 -9999 -9999 -9999 -9999 -9999 -9999 -9999 -9999 -9999 -9999 -9999 -9999 -9999 -9999 -9999
0.203166182126249 0.233147956472101 0.270053379614852 0.304449385751918 0.334095046369101 0.357274509238841 0.377177346566642 0.404943623825003 0.433084184240576 0.461756991712649 0.482614463989577 0.498636391226221 0.50739800206312 0.510781332704988 0.499818292810151 0.500112733235596 0.508835701658374 0.532533298896459 0.55636632595372 0.573655341233194 0.589922710391964 0.605269187568387 0.664270564171965 0.724904752359744 0.752230705291404 0.77331473799049 0.787637107977839 0.796303902691892 0.803582852431542 0.811192222137092 0.818475988602441 0.825335288402898 0.832182044436305 0.838592512830298 0.839274862956925 0.843338188966428 0.852730376869689 0.86328159131215 0.874167578949534 0.879118415451264 -9999 -9999 -9999 -9999 -9999 -9999 -9999 -9999 -9999 -9999 -9999 -9999 -9999 -9999 -9999 -9999
0.281471496497437 0.307023695407362 0.329163875017575 0.351110550048597 0.372690919436213 0.392034931043062 0.410245709904552 0.420193489148934 0.440437220369123 0.485093823217758 0.511092272557659 0.525546451638231 0.531460623229391 0.534215762528327 0.529406615188011 0.525594037062216 0.522527594953265 0.543679847145975 0.566446344295837 0.583944671660202 0.599868400721018 0.614372817435056 0.68047049574616 0.746291148910944 0.761330503505509 0.776666713725808 0.792324497683114 0.800725304416544 0.807382772542412 0.81474965698928 0.822285325164979 0.83004102513895 0.836619979170862 0.842639625639424 0.846386193812493 0.851730007856351 0.859591291101609 0.867000902228172 0.874167578949534 0.879118415451264 0.882374774923214 -9999 -9999 -9999 -9999 -9999 -9999 -9999 -9999 -9999 -9999 -9999 -9999 -9999 -9999 -9999
0.363099862178121 0.380087567440298 0.394599264827362 0.408154884929869 0.419900643444976 0.430603240984154 0.440777236084684 0.451981551706987 0.470457683054323 0.505877351630406 0.526087042633789 0.536885936815535 0.546215826892325 0.551352021734367 0.544456170283807 0.541092511724028 0.540373422448396 0.557705553131911 0.576327925239326 0.591355454884074 0.608113702613304 0.626431986029453 0.691064984517206 0.754623008101164 0.768320555984896 0.78182280508871 0.795113493578382 0.802314069672592 0.808201651335313 0.815827126313549 0.823856804762114 0.832413415617378 0.839583557516569 0.846196296970273 0.851477354420693 0.858106601355198 0.866860771926009 0.874828523817032 0.88242550189198 0.88826650195392 0.894667628566921 0.902145177797623 0.902582877888773 0.899398641658011 -9999 -9999 -9999 -9999 -9999 -9999 -9999 -9999 -9999 -9999 -9999 -9999
0.441185057173559 0.449515139377331 0.455930905765646 0.461364250432431 0.464937863291817 0.468517105133035 0.472099199356188 0.483738841235319 0.500438701413989 0.52860961360237 0.54454648486817 0.552913846390798 0.563441214896841 0.568050016219087 0.554824190513551 0.551830929540022 0.556498837484803 0.571057915993682 0.586368011883847 0.59987605815391 0.617289744567743 0.638223899195998 0.700597498949967 0.761487217049826 0.775064187106338 0.78724241951337 0.797905446365766 0.803960055508535 0.809144076436072 0.816579579158918 0.824789758481814 0.834009830681049 0.841677126787106 0.848761121715532 0.854896640016265 0.862519772669983 0.872487580859064 0.88131657396113 0.889642884318614 0.896804871613441 0.902623534343159 0.905860664485173 0.904962305545389 0.901936276279534 0.903015771326037 -9999 -9999 -9999 -9999 -9999 -9999 -9999 -9999 -9999 -9999 -9999
0.509323606853758 0.509288578851532 0.50541734745928 0.502917443472803 0.503013472718449 0.504174702046965 0.505875701722001 0.513243750026502 0.527339920476348 0.556907703361312 0.574074835071726 0.58356937107305 0.588518248487533 0.584397917177221 0.554533375300831 0.551102011114334 0.567461290293771 0.582225134533429 0.596859598098634 0.611753327932171 0.629187189935622 0.648910677771315 0.70801485834961 0.766124652121383 0.781423162343313 0.793132692714136 0.800954401656903 0.806131270600431 0.810809234398035 0.816784981237198 0.824302367485565 0.833829483545232 0.841628828567421 0.848727951969005 0.85409327919207 0.8619270705888 0.873651485618126 0.883669910584671 0.892983798553959 0.902506413064902 0.910107137769257 0.914014472734049 0.913728652522136 0.91128549331945 0.906932327173853 0.903839399252595 -9999 -9999 -9999 -9999 -9999 -9999 -9999 -9999 -9999 -9999
0.555980749912486 0.557756760423169 0.546614284679097 0.538498701885899 0.5361130505213 0.535291281112285 0.535261979821378 0.543948194427437 0.557215219511555 0.580804677956743 0.59572448742071 0.605280166353438 0.605662691006198 0.596428345128235 0.56077311863607 0.557751289498354 0.579162237094389 0.593759765871324 0.607726012875047 0.622499439706971 0.639022550886544 0.657122793574506 0.714613144276369 0.771208918389936 0.785500750691432 0.796203912565107 0.803019588198589 0.807406496785821 0.81140279566439 0.817105180534158 0.824309082696787 0.83347041021299 0.842216727842606 0.850644486461858 0.856662712885344 0.864156629643835 0.8739764281198 0.884370061080178 0.895032880887951 0.906922258178221 0.916759055977112 0.922651311270437 0.923161070307041 0.920901585527717 0.912944957985664 0.906013484034852 0.901816056910919 0.891715526147073 0.877909710551669 -9999 -9999 -9999 -9999 -9999 -9999 -9999
0.587676457792519 0.598351021712575 0.582037722703356 0.569920609173072 0.565746906739982 0.563245118305785 0.561590541219999 0.575488095024797 0.589161914778587 0.60163635052642 0.611886760413172 0.620761109394859 0.617282218456935 0.605451726396037 0.571561285178301 0.569539356754502 0.591377532428164 0.605550293988243 0.618853489383904 0.632457719127778 0.64742170503402 0.663611348751213 0.720640959428702 0.776604395004604 0.787989391785927 0.797311709596452 0.804399596500549 0.808057681902498 0.811250008016934 0.817505334145853 0.824659934496674 0.832986857117867 0.843247727876883 0.85391895687153 0.861581240724702 0.868351845687303 0.873717047646145 0.883918795491592 0.896182224224658 0.910442637609914 0.922831719543914 0.931624572205195 0.933057395106802 0.930703551761947 0.920417469440123 0.910790371480748 0.903145496817733 0.891715526147073 0.877909710551669 -9999 -9999 -9999 -9999 -9999 -9999 -9999
0.599703877488908 0.607525312247211 0.594358585272936 0.584611322238024 0.581337130505314 0.581646369276908 0.583771444862774 0.593786583523037 0.60553554438792 0.620991740083307 0.632337347842133 0.641139631148075 0.634082821482445 0.624490117645139 0.610641150545027 0.605119979228874 0.605833867439737 0.615930541700583 0.627427285103081 0.639834457900415 0.661397234120426 0.691212693549052 0.732242164450418 0.769709418517258 0.778022257654968 0.787021040167395 0.796762882117684 0.801678056224256 0.805801647263913 0.813198999853592 0.821136937721179 0.829779599626097 0.839580244123997 0.849534038605268 0.8564593309458 0.86312601591945 0.869385101729261 0.879199060219412 0.890537184485561 0.903698455378219 0.915408904510996 0.924331238433672 0.926987042693504 0.92641877624553 0.919984841156286 0.912658430044659 0.903521574927319 0.894514911054453 0.885589966167528 0.884661240656818 -9999 -9999 -9999 -9999 -9999 -9999
0.610641401161216 0.614973002146688 0.605058855129735 0.59745761496452 0.594234725099861 0.596457740973884 0.601440368375318 0.609443243032819 0.620247646085614 0.637465545598737 0.649383211456155 0.658021489043431 0.650093850991076 0.644243436061706 0.647840627759488 0.638479008326675 0.61941506658737 0.625744926342249 0.636250228119748 0.650691136359033 0.677863977028091 0.716513134453745 0.74217363623038 0.762752014271714 0.769462538257803 0.777946361302869 0.788351139707356 0.794783689966462 0.80054812801791 0.808879924692697 0.817104650267736 0.82518979457636 0.834705757232271 0.844506274903021 0.851828197326842 0.859012416016252 0.865979595540535 0.874659619253162 0.88410077307259 0.895497119862315 0.906066566812619 0.91504691985541 0.919106517756947 0.920634433313586 0.917821479708017 0.912840336081219 0.902939347604149 0.896387443903566 0.891937707770906 0.891355416626064 -9999 -9999 -9999 -9999 -9999 -9999
0.624722403455734 0.627492184547184 0.61828245132558 0.609827652760727 0.602801951255623 0.602284733631567 0.605065569261817 0.620663114366316 0.634706114504937 0.644559721465408 0.653234362713077 0.661179548132831 0.661579069293354 0.662945464699744 0.66867607245081 0.655877490712049 0.629206018420549 0.634109700238808 0.646822986459804 0.674403241848934 0.700934059109228 0.726518933210507 0.74441910548822 0.759883568829351 0.770097701063099 0.777038931546366 0.780434737400538 0.78858325265338 0.797817958030981 0.806165014943802 0.812679634838104 0.816805431975631 0.827331050168269 0.839952565227618 0.852398132966527 0.862017337563947 0.867181822765443 0.872233938052998 0.877325444306806 0.885885345004921 0.894857093502192 0.904620310079709 0.910599671976159 0.914632276146056 0.912481969667657 0.908249800664479 0.899399717822372 0.894096616787472 0.891019900158089 0.89098775874521 -9999 -9999 -9999 -9999 -9999 -9999
