layers/veg/veg_5200.asc
NCOLS 255 
NROWS 330 
XLLCORNER -2985163.8955 
YLLCORNER -3022031.214 
CELLSIZE 25000 
NODATA_value -9999 
[rows 200 to 224 of 330, columns 114 to 170 of 255]
0.297004516437127 0.288498687425776 0.279118237843062 0.267572563620518 0.25492970204986 0.237025596925613 0.222628826093327 0.216654791675181 0.213605399831532 0.212365558127779 0.197618296517477 0.18498473942343 0.181289174669055 0.1758890884689 0.169212819115938 0.155421277513689 0.141166262868123 0.128500068035326 0.110211673618632 0.0868555376277897 0.0798226066635119 0.0760219612101288 0.0733299728630301 0.0782067444153947 0.0912824995624589 0.112828221702254 0.137071504950828 0.165534548990892 0.191905111834475 0.215547850119961 0.241182315934396 0.26691701620792 0.285279735866591 0.303136305682969 0.320195116893381 0.322813145881319 0.318594899735299 0.28101029438624 0.24141713753691 0.197964048928195 0.17705644335819 0.167748277249778 0.167519294785977 -9999 -9999 -9999 -9999 -9999 -9999 -9999 -9999 -9999 -9999 -9999 -9999 -9999 -9999
0.29816138660024 0.289953441188947 0.281292360475952 0.269189287867115 0.255342049830377 0.239953607813747 0.224982436009836 0.211053148375066 0.207522300080197 0.210425228523141 0.199108784765606 0.189765781407426 0.189092023676717 0.183349764650453 0.17381269507523 0.152784404438815 0.131811163278498 0.116465335754724 0.101316690170897 0.0863457805602992 0.0806761366321216 0.0775139742598533 0.0784272249928319 0.0832653206179332 0.0923550689985324 0.109702492981176 0.129705050433257 0.154013393746485 0.177004855749173 0.198279589694745 0.221159178108321 0.244066145984883 0.260325451786421 0.275322823454018 0.288331221241959 0.289070490249038 0.284226704832357 0.260100363991098 0.2323616343725 0.197680800373197 0.180884179627857 0.173288818780184 -9999 -9999 -9999 -9999 -9999 -9999 -9999 -9999 -9999 -9999 -9999 -9999 -9999 -9999 -9999
0.298646134667723 0.292737460243672 0.283651857173497 0.271865012239027 0.258709363189186 0.241613149957728 0.225330351832141 0.211119308956137 0.202304013379022 0.196827202772578 0.193003077479138 0.190410023066988 0.191102657303711 0.186468927729946 0.177847324740156 0.14835777816219 0.120458498793657 0.108456369310404 0.0984249004112712 0.090169746710781 0.0853156837534353 0.0815804179345333 0.0803799238921905 0.0834853986443964 0.0912553848852412 0.108324785087926 0.128298552449976 0.15246848299326 0.173001433081552 0.188793100610591 0.205769047013538 0.222288985443346 0.227591271561449 0.23586973370655 0.248839040024693 0.252283406251111 0.251669067976602 0.247182508794326 0.2323616343725 0.197680800373197 0.180884179627857 0.173288818780184 -9999 -9999 -9999 -9999 -9999 -9999 -9999 -9999 -9999 -9999 -9999 -9999 -9999 -9999 -9999
0.291462201149616 0.285859260382958 0.275913594936353 0.266603342645414 0.257615074162713 0.242141709518837 0.226795165110697 0.212027074167246 0.200411219315173 0.190745732453321 0.187774669473719 0.187365865140911 0.193139225642371 0.189182314775285 0.177940304372767 0.145713626907406 0.116373905517012 0.107926564431825 0.100908738110024 0.0951794486480704 0.0904283686618788 0.0863921465981739 0.0851184501458809 0.0869964057260798 0.0922884401849647 0.108028516908545 0.126703627617199 0.147594783208138 0.165669102530404 0.180071305150862 0.193638932136613 0.206181847990164 0.208788124363275 0.214272914882731 0.224294621628887 0.227034688596418 0.226667677890494 0.223168354045383 -9999 -9999 -9999 -9999 -9999 -9999 -9999 -9999 -9999 -9999 -9999 -9999 -9999 -9999 -9999 -9999 -9999 -9999 -9999
0.276103129048548 0.268680726915874 0.257410695030133 0.252880075718351 0.251764528484472 0.241464593860981 0.229450638268123 0.213832025472967 0.202063540909514 0.192677227809009 0.183481499569043 0.180389717416406 0.195203441479444 0.1914631274236 0.173831318530602 0.144969669338015 0.120037383234666 0.115369861787555 0.109123221807325 0.101453195033123 0.0960454384421483 0.0919983805493987 0.092826786064463 0.094015682227068 0.0955950858102399 0.108885109156516 0.124907831801559 0.139172453668934 0.154788015524316 0.172164705404166 0.184984132288253 0.196119194715718 0.204836046977656 0.211711635316404 0.215685149965027 0.214086356976026 0.210417068379577 0.216720618865727 -9999 -9999 -9999 -9999 -9999 -9999 -9999 -9999 -9999 -9999 -9999 -9999 -9999 -9999 -9999 -9999 -9999 -9999 -9999
0.272966821490497 0.265121285271426 0.254800880407541 0.246802997985412 0.239982010649332 0.236001398608961 0.229082175840403 0.215174200744266 0.20315442425145 0.192302923867511 0.184449727934797 0.180658628159454 0.188204268682543 0.183867502520356 0.170634323078004 0.148552830316319 0.128710126750354 0.121568541090836 0.115076547982213 0.109170084989927 0.107301191863137 0.105956115020256 0.103459018308487 0.101570946168954 0.100342609909916 0.109470926060649 0.121244835785381 0.133206686712865 0.146860513628727 0.162720053867399 0.174973570211235 0.185840557178689 0.19408173536578 0.200390086225906 0.203652047449816 0.205613873761054 0.206747295306818 0.196303400176293 -9999 -9999 -9999 -9999 -9999 -9999 -9999 -9999 -9999 -9999 -9999 -9999 -9999 -9999 -9999 -9999 -9999 -9999 -9999
0.273141841175866 0.264844617343276 0.256109938125605 0.243607322835765 0.229195375963956 0.229783174287798 0.22707352873971 0.21600775367994 0.204149534473993 0.191801010084061 0.186734560137375 0.182640724881667 0.179937411050304 0.175223445909115 0.169004096758752 0.153695435540346 0.138403049973609 0.127457944620054 0.120372136589371 0.116765024253899 0.118581370637743 0.1200138778784 0.114273218096348 0.109733553106781 0.106494885471032 0.110964029846605 0.117876109910354 0.128537693593631 0.140351777214744 0.153668296145153 0.165039651632725 0.175451270033308 0.181638908522998 0.187273364397719 0.19203593184161 0.191933070069708 0.189851547700138 0.189599694314861 0.189434040458911 -9999 -9999 -9999 -9999 -9999 -9999 -9999 -9999 -9999 -9999 -9999 -9999 -9999 -9999 -9999 -9999 -9999 -9999
0.275475662057302 0.263991909719475 0.25739145399207 0.247697634930544 0.236436311485922 0.226688593741658 0.218514533490804 0.21395098214113 0.20545828007144 0.194534513331806 0.189151440917972 0.184073243021998 0.178773805897497 0.176759999228611 0.177206159399208 0.162439577561821 0.14651176208374 0.133332053628425 0.124937432635417 0.12085599659908 0.119841644539442 0.119699006214081 0.121132377692626 0.12137752432144 0.120335506846866 0.119595815936962 0.120041176516588 0.12892864124136 0.138897996044265 0.150277736913844 0.158119622783205 0.164641762236341 0.169125503145431 0.176846013188909 0.189668096357026 0.191933070069708 0.189851547700138 0.189599694314861 -9999 -9999 -9999 -9999 -9999 -9999 -9999 -9999 -9999 -9999 -9999 -9999 -9999 -9999 -9999 -9999 -9999 -9999 -9999
0.279697471447708 0.266986282334176 0.25903899575484 0.250078895481175 0.240605570689842 0.227092741330762 0.216140566347294 0.211346340568541 0.203288705435589 0.193211916610176 0.190378570779955 0.186669255014883 0.178923915090544 0.177585008133365 0.181042627405014 0.169385662697819 0.154996345807772 0.137323120507729 0.127729974584377 0.125420055371253 0.12235080908987 0.120381108383432 0.124825961620329 0.127484383962531 0.128207625668374 0.126562308203242 0.125269940737032 0.131230201053799 0.138452316068568 0.147319424710874 0.152727555874209 0.156985189277603 0.161103219604295 0.163489226034674 0.163145335399862 -9999 0.18985765098741 -9999 -9999 -9999 -9999 -9999 -9999 -9999 -9999 -9999 -9999 -9999 -9999 -9999 -9999 -9999 -9999 -9999 -9999 -9999 -9999
0.286340794438039 0.274914878368814 0.261155998365289 0.250268145043675 0.24083513113851 0.231984319707543 0.221699449219544 0.208039006828345 0.196657874965918 0.186687010027104 0.190079739008031 0.190757551613319 0.180758980065784 0.177497397883362 0.179279831045944 0.174025579559518 0.163963018390165 0.138899017960363 0.128248801341203 0.130590889667458 0.126461787251107 0.122341918386826 0.12445941250346 0.12648940430958 0.128424607799261 0.131392912658915 0.134428170313659 0.135982291321827 0.139299615759676 0.144915507861835 0.149295236390353 0.153372536371436 0.158841200256596 0.162384888746399 0.162894563275114 -9999 -9999 -9999 -9999 -9999 -9999 -9999 -9999 -9999 -9999 -9999 -9999 -9999 -9999 -9999 -9999 -9999 -9999 -9999 -9999 -9999 -9999
0.289214065838099 0.279496442030592 0.26825896145471 0.259942537389927 0.253106304427792 0.239044706911778 0.225006471281269 0.211337200654287 0.199207690015321 0.18803086772399 0.185030224751547 0.183174831176737 0.183037128627751 0.181265225791737 0.178269789582304 0.17483461297245 0.16819792842237 0.14957127644269 0.138456403687101 0.134112502915288 0.129144505978473 0.124895627197362 0.124963894331669 0.126783267035586 0.130499553636696 0.132733701405211 0.134661757889949 0.1371151876388 0.139903360708302 0.143127915740166 0.147575867912131 0.152414728947144 0.157090784981188 0.159902864478605 0.159777072225086 -9999 -9999 -9999 -9999 -9999 -9999 -9999 -9999 -9999 -9999 -9999 -9999 -9999 -9999 -9999 -9999 -9999 -9999 -9999 -9999 -9999 -9999
0.290939148979734 0.282934803545192 0.276517304058488 0.271809112846163 0.267967081836421 0.246894763111246 0.22845956991603 0.216934929318536 0.204732946941102 0.192111876117328 0.179487597155131 0.173000094982609 0.184553697962342 0.184867627977491 0.176766362445535 0.174239203985451 0.171027212491652 0.162578120813865 0.151046674327516 0.136736853047365 0.131214175301306 0.12767268304323 0.125975671177084 0.127574161843902 0.132742559809005 0.132809368089374 0.132270906699984 0.136954911059723 0.140256277077903 0.141755192097044 0.146549848964465 0.152252739481001 0.155597136999025 0.157643309723297 -9999 -9999 -9999 -9999 -9999 -9999 -9999 -9999 -9999 -9999 -9999 -9999 -9999 -9999 -9999 -9999 -9999 -9999 -9999 -9999 -9999 -9999 -9999
0.293510355205852 0.285578058135024 0.27912288569858 0.272849921629106 0.266669288263467 0.255870541308452 0.242804681731312 0.224643350020825 0.210438045260039 0.198680434170503 0.186919023901427 0.177461442205767 0.174777257454677 0.170878879871345 0.166071430454036 0.171535414921234 0.175361149188756 0.16810278510454 0.154369465936412 0.134799747938995 0.131381145645782 0.130850763224273 0.129813687052613 0.129380644686421 0.129601931870573 0.131142675757831 0.13305175943027 0.135223047558109 0.138458250322735 0.143080405801118 0.147282675860684 0.151335991713671 0.155249154468007 -9999 -9999 -9999 -9999 -9999 -9999 -9999 -9999 -9999 -9999 -9999 -9999 -9999 -9999 -9999 -9999 -9999 -9999 -9999 -9999 -9999 -9999 -9999 -9999
0.297188194185635 0.288589967994424 0.279996367494508 0.273135905294393 0.267153678719394 0.261753831934493 0.252689109299534 0.235037187512291 0.221004940509941 0.209212277609422 0.194321099255628 0.180373941276066 0.169826878120134 0.163855387329612 0.161309648900049 0.168493063335523 0.174384567713817 0.170767145603874 0.159078676568595 0.140115122499411 0.134591490495746 0.131851069279747 0.130653927082139 0.129012004661656 0.126888266752367 0.128307852399392 0.130585911511662 0.132572901554793 0.136463400522686 0.142835373828441 0.147796600397599 0.152048942407137 0.153067788276047 -9999 -9999 -9999 -9999 -9999 -9999 -9999 -9999 -9999 -9999 -9999 -9999 -9999 -9999 -9999 -9999 -9999 -9999 -9999 -9999 -9999 -9999 -9999 -9999
0.302581141929705 0.292173236221579 0.278185363752201 0.272252027349758 0.270400177415281 0.262844247490465 0.25566016960881 0.249593003632742 0.239106865333908 0.225886597382928 0.201677684514166 0.180885966446846 0.172356143489406 0.167626958303283 0.165743328334837 0.164925992464257 0.165177508485867 0.16899847980355 0.165936621195812 0.156670713293781 0.14251859279762 0.129476163931946 0.126848080494557 0.12527226227187 0.124836327642695 0.123662607511826 0.12308818222184 0.128499560402453 0.134163505595269 0.140156705120031 0.147971260301579 0.155707981387662 0.154456699916647 -9999 -9999 -9999 -9999 -9999 -9999 -9999 -9999 -9999 -9999 -9999 -9999 -9999 -9999 -9999 -9999 -9999 -9999 -9999 -9999 -9999 -9999 -9999 -9999
0.305045214419883 0.296449312113687 0.282784951771555 0.274537103869285 0.269033972986488 0.261523995932303 0.255360584376034 0.252430331361456 0.245654240254228 0.236498632101308 0.2298870190114 0.219063243431626 0.195343761959259 0.180724213854083 0.172917828284135 0.166598035775983 0.162276108007593 0.164864886674201 0.164645899577451 0.161896046922284 0.148769912420935 0.135118352699624 0.128673370569369 0.124498755069371 0.122783551547383 0.120279009302556 0.118441638632895 0.123206340894008 0.129829557257508 0.138875591287703 0.148176156415142 0.156902271384452 -9999 -9999 -9999 -9999 -9999 -9999 -9999 -9999 -9999 -9999 -9999 -9999 -9999 -9999 -9999 -9999 -9999 -9999 -9999 -9999 -9999 -9999 -9999 -9999 -9999
0.306147541325042 0.300757901708193 0.289855941767083 0.27818486556465 0.266124053989901 0.259429040113381 0.253824479358499 0.250533953616964 0.247404649643238 0.244375097644347 0.233665946380052 0.222462516367892 0.21135491847339 0.197406615994594 0.181331464750382 0.170648424233651 0.162252158897744 0.160026001372215 0.160156796327502 0.162412102498919 0.154203335918512 0.143921586348329 0.132924418388642 0.125161953687048 0.120903534469669 0.117576783818266 0.115141420907567 0.117698885587783 0.124915353512125 0.138205445174135 0.141499733916471 -9999 -9999 -9999 -9999 -9999 -9999 -9999 -9999 -9999 -9999 -9999 -9999 -9999 -9999 -9999 -9999 -9999 -9999 -9999 -9999 -9999 -9999 -9999 -9999 -9999 -9999
0.301514235293166 0.296456187474354 0.291958401026363 0.284229089437994 0.274862262538783 0.264525100906308 0.255662185430196 0.250285614947482 0.246323657157564 0.243236955926675 0.237062256353896 0.22949438444479 0.218453773985878 0.206514302632014 0.193901849935677 0.182979005755073 0.172708156547981 0.164124727682195 0.160024331433555 0.159964853767252 0.15502104087707 0.148930883903612 0.141582147489023 0.133616009925916 0.12498106241834 0.120607438304586 0.118137159565198 0.121949284371221 0.128595543906846 0.138936470964149 -9999 -9999 -9999 -9999 -9999 -9999 -9999 -9999 -9999 -9999 -9999 -9999 -9999 -9999 -9999 -9999 -9999 -9999 -9999 -9999 -9999 -9999 -9999 -9999 -9999 -9999 -9999
0.295825866807413 0.293727855633466 0.292541711282338 0.287979868797515 0.281707454016769 0.269983391803666 0.259631323483097 0.252721708142295 0.247177530762223 0.242478184293938 0.239231150847097 0.234504123507356 0.22513340276253 0.215208342581608 0.204868245880591 0.194090343393003 0.18299408410158 0.170891339922538 0.163162020503377 0.159374821271578 0.156512146604982 0.153524125434164 0.149003356695532 0.141897420983784 0.131991060647173 0.126628806064523 0.123212099732512 0.125854208468966 0.127349385219863 -9999 -9999 -9999 -9999 -9999 -9999 -9999 -9999 -9999 -9999 -9999 -9999 -9999 -9999 -9999 -9999 -9999 -9999 -9999 -9999 -9999 -9999 -9999 -9999 -9999 -9999 -9999 -9999
0.288145559413307 0.293970041409535 0.290256895584117 0.287400666226166 0.284978663363332 0.276125566613433 0.267624566723573 0.260225960342911 0.251684396693186 0.24243565654806 0.239082707021962 0.235696119414955 0.231021539013349 0.223121425035498 0.212806339031916 0.202899770540828 0.192958922376158 0.182694872743462 0.172473701352348 0.162291179575902 0.159274620855637 0.157331860684336 0.154090038615524 0.149852881049738 0.144537509943121 0.138296586614097 0.132212534897983 0.129106882583071 -9999 -9999 -9999 -9999 -9999 -9999 -9999 -9999 -9999 -9999 -9999 -9999 -9999 -9999 -9999 -9999 -9999 -9999 -9999 -9999 -9999 -9999 -9999 -9999 -9999 -9999 -9999 -9999 -9999
0.269600726675793 0.284492802889639 0.288209535167439 0.287140491952062 0.28364634594345 0.278439778255278 0.272538130429231 0.26508715114704 0.257079675716285 0.248727882079858 0.245910073538073 0.242216663915177 0.234833090375218 0.225777927469016 0.215471237811483 0.205857185024054 0.19714719739751 0.191555016596279 0.183165330127097 0.172254026350341 0.168032169813485 0.164647227469313 0.159193531627394 0.155057270306836 0.152348141590722 0.144217823737277 0.135818512024198 -9999 -9999 -9999 -9999 -9999 -9999 -9999 -9999 -9999 -9999 -9999 -9999 -9999 -9999 -9999 -9999 -9999 -9999 -9999 -9999 -9999 -9999 -9999 -9999 -9999 -9999 -9999 -9999 -9999 -9999
0.245565320618379 0.270103687408951 0.286282176830218 0.287041544073202 0.27998755769835 0.278819463373872 0.275895325517461 0.26861262576222 0.262923929459085 0.258221483303199 0.250225672049988 0.242216663915177 0.234833090375218 0.225777927469016 0.215471237811483 0.205857185024054 0.198416187583456 0.198927668595788 0.194554339139329 0.185777936343846 0.179819432099591 0.17373523571927 0.164305520411478 0.158871358974922 0.157765446957973 0.147234947056925 -9999 -9999 -9999 -9999 -9999 -9999 -9999 -9999 -9999 -9999 -9999 -9999 -9999 -9999 -9999 -9999 -9999 -9999 -9999 -9999 -9999 -9999 -9999 -9999 -9999 -9999 -9999 -9999 -9999 -9999 -9999
0.223316892458756 0.241620470078343 0.278386287171798 0.287263982535301 0.282009890479653 0.279179045548253 0.276040003587577 0.272075514410126 0.267989051404047 0.263827120113199 0.255429662740926 0.247661854574074 0.242599295901138 0.240431770782559 -9999 -9999 -9999 -9999 0.194755730215773 0.186017078730019 0.180027865461754 0.173895938354787 0.164395915363567 0.158938803247 0.157861240802561 -9999 -9999 -9999 -9999 -9999 -9999 -9999 -9999 -9999 -9999 -9999 -9999 -9999 -9999 -9999 -9999 -9999 -9999 -9999 -9999 -9999 -9999 -9999 -9999 -9999 -9999 -9999 -9999 -9999 -9999 -9999 -9999
0.207636513876317 0.218760650280118 0.260169685476661 0.277711798349757 0.283159791873751 0.279330852859445 0.276056702075372 0.27448229802021 0.271725342985426 0.268236713827701 0.260315776184359 0.252446751161457 0.245624275390103 0.241533252815482 0.239487281983087 -9999 -9999 -9999 -9999 -9999 -9999 -9999 -9999 -9999 -9999 -9999 -9999 -9999 -9999 -9999 -9999 -9999 -9999 -9999 -9999 -9999 -9999 -9999 -9999 -9999 -9999 -9999 -9999 -9999 -9999 -9999 -9999 -9999 -9999 -9999 -9999 -9999 -9999 -9999 -9999 -9999 -9999
0.207181549314929 0.209591625450159 0.218161147825573 0.245376037759939 0.282039121202872 0.278999489162593 0.275909984679256 0.274431496910288 0.272398780684885 0.270023149332134 0.264424136867555 0.25860008606615 0.252764598599854 0.246524851985376 0.239982434662028 -9999 -9999 -9999 -9999 -9999 -9999 -9999 -9999 -9999 -9999 -9999 -9999 -9999 -9999 -9999 -9999 -9999 -9999 -9999 -9999 -9999 -9999 -9999 -9999 -9999 -9999 -9999 -9999 -9999 -9999 -9999 -9999 -9999 -9999 -9999 -9999 -9999 -9999 -9999 -9999 -9999 -9999
