layers/veg/veg_4900.asc
NCOLS 255 
NROWS 330 
XLLCORNER -2985163.8955 
YLLCORNER -3022031.214 
CELLSIZE 25000 
NODATA_value -9999 
[rows 200 to 224 of 330, columns 114 to 170 of 255]
0.207868747255698 0.206263054759798 0.199962007173622 0.193605291453179 0.188030847717899 0.178870316370215 0.167025455548607 0.156923307190786 0.147347193093154 0.138953635267409 0.131473838476227 0.124817510099822 0.12864317691803 0.131625588600582 0.120229540807036 0.108362092134399 0.0959841009737557 0.0849767708467253 0.0739081568462888 0.059733783264949 0.0492813654993774 0.0436799423532341 0.0406368458701544 0.0387031097151208 0.0402983833083423 0.0444080457791087 0.052479815930539 0.0616170136692918 0.0711549133229519 0.0789886927633845 0.0858859358273552 0.0909838219520861 0.0934869833002743 0.0946555038684634 0.0989634531605718 0.105515674921196 0.117230715554159 0.133755760351818 0.153299281888225 0.150398143063679 0.150833649098438 0.166119030705933 0.172714589175986 -9999 -9999 -9999 -9999 -9999 -9999 -9999 -9999 -9999 -9999 -9999 -9999 -9999 -9999
0.204139491439921 0.20662038011326 0.201059373479736 0.194616519328442 0.187202042289195 0.17794818953786 0.167317490771806 0.153664122233041 0.140458376105884 0.130381275886546 0.123617981726436 0.119841042334428 0.119370644615134 0.117998737600728 0.108804804594219 0.0961412755172404 0.0797200610205459 0.0716975457344391 0.0646057039377521 0.0484254347927756 0.0383576874873822 0.0362566684352724 0.0342844980379745 0.0324318261242396 0.0315995480288496 0.0337646885432548 0.0406530822513465 0.0429498466268631 0.0436415900126614 0.0565733698774955 0.0675974741415453 0.0749563824598082 0.0788405582232561 0.0809374462523087 0.0851075569480114 0.0924119132705311 0.107047718475317 0.127143231704209 0.150664937740181 0.162653518443907 0.171266403208765 0.172278063359981 -9999 -9999 -9999 -9999 -9999 -9999 -9999 -9999 -9999 -9999 -9999 -9999 -9999 -9999 -9999
0.210606154765905 0.20370214245741 0.194561753901522 0.18642580350182 0.181692304262687 0.174597298157857 0.165734610064295 0.155019434717054 0.144012353649142 0.132766130105321 0.123847315462793 0.117025928534944 0.114388522412156 0.111606040149911 0.104074646741877 0.0908421205401098 0.0714350820493765 0.060157022485334 0.0502534363014614 0.0351587681748871 0.0263544385652035 0.0257485937872157 0.0262953072444467 0.0270335499965006 0.02527921233516 0.0256187753300196 0.0292578517559831 0.03079614711883 0.0316917286111093 0.0418682055698367 0.0495786472704213 0.0525511228164896 0.0563098320155454 0.0604729538541887 0.0693741712510239 0.0801869052264301 0.0952886381330063 0.119663361819806 0.149857271106102 0.161869244878875 0.169892014920155 0.169919012474793 -9999 -9999 -9999 -9999 -9999 -9999 -9999 -9999 -9999 -9999 -9999 -9999 -9999 -9999 -9999
0.217557097301272 0.202864533108966 0.189689138886987 0.179156771177316 0.17608634087487 0.170855875955639 0.16400853905412 0.156580710173285 0.148143204969494 0.136133676043175 0.125216299783897 0.11528315593485 0.110625455246626 0.106481838066324 0.0999548552375135 0.0866648413909271 0.0660502449322984 0.0510179158985681 0.0373062507812065 0.0228977929646656 0.0152565786472008 0.0164354211566606 0.0191587732580948 0.0220059856378124 0.019754143783737 0.0185965135514955 0.0191631131350382 0.0209604480997444 0.0233739800766196 0.0299785540715018 0.033974784437398 0.0329596331563057 0.0368573602724925 0.0432821098750188 0.0569634768833182 0.0710008520464565 0.0855024856883075 0.103377649852591 0.12336984407771 0.147175588449436 0.165225577569627 -9999 -9999 -9999 -9999 -9999 -9999 -9999 -9999 -9999 -9999 -9999 -9999 -9999 -9999 -9999 -9999
0.217891750163274 0.215296330534658 0.199640724759118 0.184630176047008 0.174146342003322 0.167319239712536 0.163229346849815 0.155081719368912 0.145900563236412 0.134694491766869 0.125104235489491 0.11697012882294 0.109137744185064 0.101272356445614 0.0929479419394535 0.081948370761423 0.0680515178776362 0.0523061276502082 0.0358332781377852 0.0173828545164418 0.00962668290598118 0.0158088172646076 0.0177209465774335 0.0180526670546373 0.0160857530052706 0.0149620494292851 0.015167054679065 0.016907784011233 0.0193731825119297 0.0252914185082444 0.0301667749990648 0.0330384586778457 0.0397273839781114 0.0483797723713422 0.0627736908181316 0.0761807828125994 0.0869439498335259 0.103377649852591 0.12336984407771 0.147175588449436 -9999 -9999 -9999 -9999 -9999 -9999 -9999 -9999 -9999 -9999 -9999 -9999 -9999 -9999 -9999 -9999 -9999
0.222523703425809 0.223634918514735 0.207388767620282 0.190883743367182 0.177114542403336 0.167499398349036 0.160993731419634 0.153258538451738 0.144585229826008 0.132918171214871 0.123788968150931 0.11694684431814 0.109240145411682 0.100919707669854 0.0902517669416292 0.0802369164861892 0.0709293840429776 0.053778618280643 0.034960686527124 0.0185557860376341 0.0112533956790563 0.0158147215637703 0.0154376463406924 0.013545757679429 0.0131405078555012 0.0130600121069147 0.013491255265435 0.0149372925701529 0.0168460326364172 0.0203874632124725 0.024425896098722 0.0294192140040079 0.0376617463395363 0.0475755673299413 0.0643317784892338 0.0762279487176815 -9999 -9999 0.124720297699398 -9999 -9999 -9999 -9999 -9999 -9999 -9999 -9999 -9999 -9999 -9999 -9999 -9999 -9999 -9999 -9999 -9999 -9999
0.231715896389945 0.227629845479505 0.212798439088663 0.197965209006948 0.18529126049943 0.171623771723369 0.15721257846637 0.151091331172554 0.144253944034936 0.130784085999957 0.121196877276747 0.115108656749537 0.111029953268208 0.105721067201456 0.0921300917710711 0.0817143467676426 0.0747374796154882 0.0554466632779874 0.0347252115167688 0.0268257988217274 0.0205807277157421 0.0164918353889912 0.0122571404823449 0.00845138490325455 0.010962655510204 0.0129964037367693 0.0142776847901358 0.0151763758591117 0.015882698662052 0.015253421615966 0.0166338810810214 0.0218756249854787 0.0303584486079729 0.0405083766578908 0.0613775646694758 -9999 -9999 -9999 -9999 -9999 -9999 -9999 -9999 -9999 -9999 -9999 -9999 -9999 -9999 -9999 -9999 -9999 -9999 -9999 -9999 -9999 -9999
0.240140091292901 0.237421137904569 0.219748631380015 0.2016830396973 0.185474591589574 0.171927580776238 0.160372761828939 0.151936540473673 0.142948464709142 0.130389577205553 0.120221549865274 0.112208131612234 0.109875890756419 0.107233814473765 0.0975599262766077 0.086680848036074 0.0744965097704545 0.0578522230385469 0.0412648605594372 0.0336986997056443 0.0267331992413411 0.0205505668339806 0.0151249332915088 0.0103979973266487 0.0116213716204178 0.0128875856835162 0.0142213055253003 0.0146279013106489 0.0146699044522482 0.0155558143144006 0.017943831083868 0.0232178291724686 0.0319220009188292 0.0423905407737124 0.0427067516027289 -9999 -9999 -9999 -9999 -9999 -9999 -9999 -9999 -9999 -9999 -9999 -9999 -9999 -9999 -9999 -9999 -9999 -9999 -9999 -9999 -9999 -9999
0.246030357618318 0.246686153189235 0.227320670950871 0.206601416805561 0.185936839627833 0.172712636518904 0.165057849879555 0.153457141837165 0.141629610666223 0.130796921911768 0.120139651190041 0.109640464698076 0.108248498851162 0.107737163546227 0.103075881934751 0.0922805381671492 0.0748418055267403 0.0614411791895208 0.0495022096244898 0.0409129973680578 0.0329374720330469 0.0257617928276476 0.0196477982937495 0.014200856288455 0.0129556295538272 0.0127265411869577 0.0140986568611444 0.0143642789742859 0.0142591854925549 0.0177490248203644 0.0218810373279477 0.0272468500340722 0.0357966751162139 0.0459842510686875 -9999 -9999 -9999 -9999 -9999 -9999 -9999 -9999 -9999 -9999 -9999 -9999 -9999 -9999 -9999 -9999 -9999 -9999 -9999 -9999 -9999 -9999 -9999
0.234913997145331 0.241837985834183 0.236664268412524 0.226199519781443 0.202622072114232 0.183774249381152 0.168466739374222 0.1545225723352 0.14194451506907 0.133927236387349 0.123662830624902 0.111373345979711 0.108419458741221 0.106764814189353 0.102906703333388 0.0962722723308087 0.0866309962882012 0.0722995335526785 0.0580114177646326 0.0530844987740055 0.0451576747440278 0.033320937774452 0.0254247277491001 0.0189527180302441 0.014148209325924 0.01226717224817 0.0149928646581514 0.0175649942262165 0.0201067117312991 0.0239924814180708 0.0286956015639802 0.0349690880698131 0.0406744259384212 0.0460875269011362 -9999 -9999 -9999 -9999 -9999 -9999 -9999 -9999 -9999 -9999 -9999 -9999 -9999 -9999 -9999 -9999 -9999 -9999 -9999 -9999 -9999 -9999 -9999
0.2304340612105 0.240876916338108 0.241169745332765 0.235935459815664 0.21650229370537 0.197890890235828 0.179894608847943 0.162292302613875 0.146695918040885 0.138553726460834 0.128730027468977 0.117390977974681 0.111859036591709 0.107534205765188 0.103901697237865 0.0994517206447276 0.0941163995418536 0.0816519063833622 0.0684833402853178 0.0636834131539451 0.0556892494175838 0.0435318915566886 0.033704850062568 0.0248275234973034 0.0183598024550651 0.0152757530696948 0.0175236042428459 0.0211720680540061 0.0254118663017171 0.0300054815115266 0.0352532018340402 0.041757647045322 0.0448157467256083 0.0461011600195708 -9999 -9999 -9999 -9999 -9999 -9999 -9999 -9999 -9999 -9999 -9999 -9999 -9999 -9999 -9999 -9999 -9999 -9999 -9999 -9999 -9999 -9999 -9999
0.234426611954382 0.244878366138332 0.23949856619349 0.23308072792013 0.226801457860066 0.215907776444027 0.201560024256041 0.178621173474197 0.157111240614226 0.14509033059489 0.135768416308991 0.128878798492341 0.119471542495295 0.110527215912334 0.106382948688215 0.101594152565005 0.0961073106758007 0.0890816462663022 0.0814609903024361 0.0722746617264359 0.0640650128602387 0.0571283151658654 0.0451807094815676 0.0321359511955198 0.0264256623363329 0.0227117417488333 0.0221436456331669 0.0252979253925478 0.0300245942938795 0.0357242659997177 0.041482745367209 0.0473542112419364 0.0480845127788296 0.0461703690766816 -9999 -9999 -9999 -9999 -9999 -9999 -9999 -9999 -9999 -9999 -9999 -9999 -9999 -9999 -9999 -9999 -9999 -9999 -9999 -9999 -9999 -9999 -9999
0.229518900428355 0.235295622310499 0.236086982014993 0.235076014813774 0.229772499536058 0.220599081614742 0.208528887359382 0.192241804917713 0.176842726572416 0.166812072248268 0.152912871183555 0.135527390958919 0.12526930375639 0.116515028085153 0.108725571475317 0.103670026180512 0.101575395781456 0.0963868385518155 0.0900195168450551 0.0806375921427695 0.0714691622472659 0.062578989862125 0.0517403919030643 0.0405231536828832 0.0327931767409013 0.028232355774301 0.0286654072128083 0.0323275870156639 0.0373492260537331 0.0430311610646682 0.0484086451825294 0.0532011911806565 0.0550101967159579 0.0552845675160214 -9999 -9999 -9999 -9999 -9999 -9999 -9999 -9999 -9999 -9999 -9999 -9999 -9999 -9999 -9999 -9999 -9999 -9999 -9999 -9999 -9999 -9999 -9999
0.222278000830261 0.222103585139396 0.232085025241399 0.238127048343676 0.230545662785877 0.221459056400709 0.211245732247214 0.204410278204798 0.197978412643268 0.191492515226158 0.172363808441651 0.141841582132552 0.131089449505741 0.123237626547529 0.111489443334196 0.106115716019943 0.107645731822778 0.103164057507437 0.0969252159054755 0.0888876046299142 0.078816694333682 0.0660956927689891 0.0569185693731667 0.0487963713269768 0.0391818138709361 0.0341617560658486 0.0363815896389094 0.040491636850279 0.0453954811312172 0.0506062688757765 0.0552326465531264 0.0587362036586076 0.0599262151555644 -9999 -9999 -9999 -9999 -9999 -9999 -9999 -9999 -9999 -9999 -9999 -9999 -9999 -9999 -9999 -9999 -9999 -9999 -9999 -9999 -9999 -9999 -9999 -9999
0.221419662547615 0.218060835491491 0.227683871537991 0.235051228400981 0.233174204036232 0.227723339038043 0.219597311917697 0.2094057016089 0.199685064362197 0.192731171620214 0.180357373325122 0.163099233429496 0.144328524349854 0.127194891283451 0.119972550222702 0.113365260795443 0.107424092296557 0.103947358019463 0.100928531928959 0.0966496429174473 0.089293796358438 0.077927610814779 0.0644832941425507 0.0514229419413466 0.0525156609835778 0.0526517616246262 0.0512804482182138 0.0511562256707816 0.0516284154891871 0.0552235498567266 0.0580638865157857 0.0594540387200698 -9999 -9999 -9999 -9999 -9999 -9999 -9999 -9999 -9999 -9999 -9999 -9999 -9999 -9999 -9999 -9999 -9999 -9999 -9999 -9999 -9999 -9999 -9999 -9999 -9999
0.220320554152536 0.2165127083048 0.223739581223479 0.230231459339743 0.232340333870154 0.230155947186693 0.224757883409628 0.213796902883083 0.202933551552714 0.195062439718186 0.186027692258008 0.175944292964595 0.156036635745079 0.136732331002382 0.129937283564247 0.121659500344514 0.111775866035883 0.107856326101918 0.105583200335419 0.104357495980409 0.0996892248597233 0.0905340995999941 0.0763722122799904 0.0620037898065097 0.066746972204275 0.0682464216013752 0.0646344820837638 0.0620705588279582 0.0599905949268855 0.05984218194747 0.0597445729058996 -9999 -9999 -9999 -9999 -9999 -9999 -9999 -9999 -9999 -9999 -9999 -9999 -9999 -9999 -9999 -9999 -9999 -9999 -9999 -9999 -9999 -9999 -9999 -9999 -9999 -9999
0.21885006908173 0.218812419985989 0.220499981391169 0.222721730051554 0.226165855483043 0.226678376037334 0.224996473524398 0.217256119685675 0.208560248090613 0.199079010440981 0.188114512602515 0.175813321832088 0.165383307381172 0.15487693053127 0.142187356648506 0.131565132886837 0.123181916562836 0.116586490719139 0.111242549431993 0.111981770860135 0.109958675757995 0.104335327646729 0.0949309971297363 0.0848537395687916 0.0823625799793377 0.0793751459747686 0.0756056958352236 0.0733701109834512 0.0716370356523736 0.0644628980620922 -9999 -9999 -9999 -9999 -9999 -9999 -9999 -9999 -9999 -9999 -9999 -9999 -9999 -9999 -9999 -9999 -9999 -9999 -9999 -9999 -9999 -9999 -9999 -9999 -9999 -9999 -9999
0.215584608129818 0.218042420403397 0.217822657716113 0.219076651432698 0.225201251053574 0.228484661131196 0.229641327621858 0.224017536746785 0.21674852035465 0.206407409970887 0.194631890627662 0.181563702383802 0.171771507820308 0.162388924299107 0.151993624555529 0.141599261486469 0.131205912866385 0.125133267717118 0.120564994098997 0.119127441674876 0.117156037084585 0.114488838639165 0.109254517413763 0.1032165376923 0.0977366067918683 0.0924436218157355 0.087445221296744 0.0861190099377077 0.086344402491557 0.0875463279720524 -9999 -9999 -9999 -9999 -9999 -9999 -9999 -9999 -9999 -9999 -9999 -9999 -9999 -9999 -9999 -9999 -9999 -9999 -9999 -9999 -9999 -9999 -9999 -9999 -9999 -9999 -9999
0.211680323012413 0.216010026341797 0.215388686588645 0.216977940351694 0.226061272701481 0.232044990182551 0.235708522422991 0.231787716683719 0.225697816184766 0.214919275070391 0.202800808378712 0.189474819863137 0.176960948588055 0.165787225920298 0.160767578352006 0.151649380926874 0.138092320669812 0.133770895765678 0.131403388037069 0.126124293382362 0.123114526243606 0.123062477066725 0.121619770891029 0.119392496597599 0.11284261104327 0.106305650234269 0.099789055898091 0.0993766287129626 0.101451335374384 -9999 -9999 -9999 -9999 -9999 -9999 -9999 -9999 -9999 -9999 -9999 -9999 -9999 -9999 -9999 -9999 -9999 -9999 -9999 -9999 -9999 -9999 -9999 -9999 -9999 -9999 -9999 -9999
0.210734749208138 0.213423758705155 0.21345666867789 0.214157724834517 0.21735745916179 0.222717358553476 0.229694227572698 0.22861407009057 0.225447655752203 0.218130757708691 0.206135724839426 0.189924823572007 0.1822076508946 0.175821098947051 0.168197929610595 0.16050501315212 0.152736558291435 0.147869269321473 0.143217618333282 0.134620910165987 0.129328256226861 0.12834192672481 0.126065657336562 0.123473846327112 0.122331674742641 0.120380385868807 0.117154111309439 0.110010765280376 -9999 -9999 -9999 -9999 -9999 -9999 -9999 -9999 -9999 -9999 -9999 -9999 -9999 -9999 -9999 -9999 -9999 -9999 -9999 -9999 -9999 -9999 -9999 -9999 -9999 -9999 -9999 -9999 -9999
0.20595621343002 0.211480184086249 0.211746206243347 0.211461579287088 0.21061786250068 0.215520259392514 0.224723851339834 0.226072396595431 0.225374671831189 0.220583615212165 0.215319478191236 0.209629007857894 0.196265810332232 0.182369177808451 0.173046957087763 0.166284175198904 0.162293348830423 0.158037992209843 0.153138653924245 0.143847021747703 0.137025796632182 0.133424365612563 0.130469962598263 0.128073138430687 0.130237521876237 0.130778662699301 0.128761940608013 0.128169548932926 -9999 -9999 -9999 -9999 -9999 -9999 -9999 -9999 -9999 -9999 -9999 -9999 -9999 -9999 -9999 -9999 -9999 -9999 -9999 -9999 -9999 -9999 -9999 -9999 -9999 -9999 -9999 -9999 -9999
0.193977442615952 0.210743910978613 0.210451936693866 0.208998499694706 0.207568055428894 0.212325374348681 0.221714480578767 0.224717887197698 0.225634514725233 0.221611392239442 0.216276024978015 0.209758081436446 0.196265810332232 0.182369177808451 0.173046957087763 0.166284175198904 0.162293348830423 0.160824849948569 0.159503315374367 0.154443492346703 0.147510681096895 0.138136718947503 0.134796157432913 0.13364538744168 0.135169290095361 0.134270696350306 0.129554796669192 -9999 -9999 -9999 -9999 -9999 -9999 -9999 -9999 -9999 -9999 -9999 -9999 -9999 -9999 -9999 -9999 -9999 -9999 -9999 -9999 -9999 -9999 -9999 -9999 -9999 -9999 -9999 -9999 -9999 -9999
0.184432441843482 0.198250006667406 0.204876607185092 0.208856401447865 0.206506130289697 0.210949873892638 0.220479208267657 0.222780004931822 0.22349546418055 0.221577987823482 0.217945305319401 0.21276690349323 0.209252692222434 -9999 -9999 -9999 -9999 -9999 0.161632740673571 0.157988754377154 0.151018609745318 0.139713331386178 0.136243572790727 0.135509695246653 0.136819312189688 0.137620492782018 -9999 -9999 -9999 -9999 -9999 -9999 -9999 -9999 -9999 -9999 -9999 -9999 -9999 -9999 -9999 -9999 -9999 -9999 -9999 -9999 -9999 -9999 -9999 -9999 -9999 -9999 -9999 -9999 -9999 -9999 -9999
0.176111111089485 0.179844508184954 0.197148812722797 0.209881264432952 0.206443688043129 0.210489137910681 0.220135931110538 0.22054880987298 0.22015027914974 0.221011034266045 0.219972939435804 0.217223628109961 0.211661798982031 0.206565657199102 -9999 -9999 -9999 -9999 0.161632740673571 0.157988754377154 0.151018609745318 0.139713331386178 0.136243572790727 0.135509695246653 0.136819312189688 -9999 -9999 -9999 -9999 -9999 -9999 -9999 -9999 -9999 -9999 -9999 -9999 -9999 -9999 -9999 -9999 -9999 -9999 -9999 -9999 -9999 -9999 -9999 -9999 -9999 -9999 -9999 -9999 -9999 -9999 -9999 -9999
0.17401165230555 0.177559377303766 0.187513545927865 0.197447871013499 0.20603330636537 0.210421842905382 0.21166883344948 0.216285978449519 0.22019668977148 0.219829361419045 0.219806717103025 0.220094697125679 0.217027287478721 0.213418681489133 0.210218212723053 0.208554190803486 -9999 -9999 -9999 -9999 -9999 -9999 -9999 -9999 -9999 -9999 -9999 -9999 -9999 -9999 -9999 -9999 -9999 -9999 -9999 -9999 -9999 -9999 -9999 -9999 -9999 -9999 -9999 -9999 -9999 -9999 -9999 -9999 -9999 -9999 -9999 -9999 -9999 -9999 -9999 -9999 -9999
