layers/veg/veg_2700.asc
NCOLS 255 
NROWS 330 
XLLCORNER -2985163.8955 
YLLCORNER -3022031.214 
CELLSIZE 25000 
NODATA_value -9999 
[rows 200 to 224 of 330, columns 112 to 167 of 255]
0.282778925267468 0.276235699791778 0.265084615768707 0.254065549402239 0.243296393466031 0.22755888645809 0.209303759875432 0.19193593708599 0.173535021903674 0.152681995059972 0.131140354557223 0.109172651412179 0.105825352434898 0.100572287609066 0.0859612898050762 0.0759152280891135 0.0692869553036493 0.0504404332325129 0.0337454589441324 0.0310080245873714 0.0407931183680964 0.0618657759410327 0.0632612724605527 0.0645309526629681 0.0839706525224465 0.111055636462727 0.146422500075232 0.189186634739332 0.234319727001319 0.283237424330986 0.330296337316524 0.3749320803397 0.421700890124655 0.468764175123445 0.510412685879578 0.551672992594486 0.592321438771505 0.610760052885678 0.618627186858828 0.572868583531505 0.520529660833733 0.455545016220698 0.419766539221854 0.399014361396302 0.398600795144778 -9999 -9999 -9999 -9999 -9999 -9999 -9999 -9999 -9999 -9999 -9999
0.280207420575474 0.273063997825809 0.267768106290537 0.257926676425095 0.239480507852115 0.22456939545809 0.211449607087944 0.194254279744731 0.173696754807875 0.145461819136959 0.125216833026206 0.109915430268315 0.09941518939959 0.0902592167725433 0.0840866946364971 0.0760646143082815 0.0666577611390857 0.0490922349034092 0.0333217995124746 0.0282369148819282 0.0429691375586793 0.0755641160984907 0.0755777465099823 0.0738095058278173 0.0939866894643376 0.12021868883381 0.153009666889729 0.193098948540874 0.23595247592877 0.285791655712637 0.331492488837725 0.371798442589598 0.410295270204596 0.448153460504128 0.485449531316661 0.522751996944065 0.560064541639307 0.57095535809444 0.570016572740351 0.535347028510212 0.493013257337119 0.435950765997147 0.406558978081421 0.391403507421713 -9999 -9999 -9999 -9999 -9999 -9999 -9999 -9999 -9999 -9999 -9999 -9999
0.279696238761242 0.274523179854348 0.268598328224712 0.259144390212685 0.243009864778207 0.227910478316916 0.213335629293464 0.194367017868544 0.17301652940471 0.146292695053584 0.125968969405882 0.109605152466555 0.0975037432348887 0.0872464045626442 0.0815504594035777 0.0722179283483487 0.0601626684791696 0.0483080052986544 0.0380312447637005 0.0336714943992774 0.0474438187104579 0.0775600431781366 0.0834912892701735 0.0875138195356895 0.104794569953641 0.128011236078844 0.157658080482887 0.198972179109219 0.243225819639692 0.287380143363658 0.328545381356533 0.365813952809589 0.405029121253168 0.444328507852669 0.47624076678434 0.502590214606967 0.520171941757196 0.522936549381056 0.519517419977878 0.515310539196339 0.493013257337119 0.435950765997147 0.406558978081421 0.391403507421713 -9999 -9999 -9999 -9999 -9999 -9999 -9999 -9999 -9999 -9999 -9999 -9999
0.278795891878661 0.274438853789467 0.268207959294089 0.259012103952008 0.244203555126598 0.229506002307999 0.214864694653123 0.196571247523505 0.176541177189752 0.152612929542949 0.131685203006083 0.112613974573153 0.0986518322361996 0.0871622503360606 0.0819108873430535 0.0720015730499341 0.0586048289033975 0.0483277432359131 0.040745587352786 0.0419599267551753 0.0548100967693261 0.0781485786374113 0.090463624568387 0.1011720913762 0.114113005052743 0.134223729375212 0.162101268954593 0.203123224496619 0.24672896402911 0.28467929577034 0.321802336168556 0.357846893450189 0.394561003359281 0.430741516981724 0.456924465497538 0.476123697510757 0.484315675394777 0.482047276630375 0.475400657531822 0.46768595206629 -9999 -9999 -9999 -9999 -9999 -9999 -9999 -9999 -9999 -9999 -9999 -9999 -9999 -9999 -9999 -9999
0.277480678590441 0.272709082881585 0.26651638892989 0.257440660600453 0.242907326217921 0.229240686793719 0.216013228933158 0.201005095519167 0.184548397455305 0.164785052204076 0.142693373983541 0.119161097418759 0.103061514994199 0.090200169259663 0.0853592806124477 0.0756553036233392 0.0623103097212987 0.049204544541732 0.0413330662081005 0.0532906868163137 0.0652589393052403 0.0772367751650697 0.0964325929447764 0.114781280640769 0.121843628434701 0.138751818402771 0.166325678775776 0.205438347716355 0.246212916645512 0.277405835576031 0.311012661001371 0.347766331152768 0.378547366782134 0.406747780908787 0.426833102972635 0.442936066777309 0.45276231110519 0.448758390448986 0.439574117445447 0.453471097988043 -9999 -9999 -9999 -9999 -9999 -9999 -9999 -9999 -9999 -9999 -9999 -9999 -9999 -9999 -9999 -9999
0.283202594647099 0.275172232420311 0.266225184942244 0.255920516014048 0.243045859332238 0.229566039976086 0.21577956568094 0.199882361611586 0.183944104816897 0.168001782129421 0.149423764072126 0.129214974799652 0.108790167931113 0.0926697679756857 0.0892467240395149 0.0811939088598634 0.0696747623665681 0.0598632601980344 0.0531338847058087 0.0573418815494284 0.0659300112146321 0.0784663075838088 0.0937686788692648 0.109672620789615 0.126042954226186 0.145957079342501 0.169710075057329 0.203059971200959 0.238683866052504 0.273130033517658 0.306453671274486 0.338313943859519 0.365627288184787 0.390697988258852 0.405905434519012 0.418105225643301 0.425564557385941 0.429555425462179 0.43108396112139 0.39156644236165 -9999 -9999 -9999 -9999 -9999 -9999 -9999 -9999 -9999 -9999 -9999 -9999 -9999 -9999 -9999 -9999
0.290204447006274 0.27882123965948 0.266671982269713 0.254830486923615 0.243571587472112 0.230158531851901 0.215653897625624 0.198000050349795 0.181740781157643 0.168876543396961 0.154514788009209 0.139226480688174 0.115075850809456 0.0958737028754995 0.0930061664584594 0.08659259291714 0.077524084849511 0.0719348211146432 0.0665382270504347 0.0602353427610065 0.0650957150192216 0.0800184300429638 0.0895037191880753 0.101153550458853 0.129202002792308 0.153090428558047 0.172472437151715 0.199264340792377 0.229176497537987 0.268570417775569 0.302270288972104 0.3285472180484 0.352635625330865 0.375123795183476 0.385961344085023 0.395202371952434 0.40192707305618 0.386666958974816 0.362891453505691 0.364509781499341 0.365574219335049 -9999 -9999 -9999 -9999 -9999 -9999 -9999 -9999 -9999 -9999 -9999 -9999 -9999 -9999 -9999
0.293857802584704 0.283576738004109 0.269994219248043 0.256799710954728 0.244339709425026 0.231640345937787 0.218819690226821 0.20060168837971 0.183395162517823 0.168786487333625 0.155329340121497 0.142584672314929 0.123057975232707 0.105487056685297 0.0950334452207765 0.087556640044503 0.0823085836138901 0.0766672917993348 0.0714117659698176 0.0678113493719433 0.0709149738695848 0.080061490880657 0.089120352850806 0.101497469405077 0.131124723154602 0.154854479985392 0.172195676321626 0.193571882656791 0.217855999328947 0.256508935727234 0.289569812499947 0.315340703774763 0.333523931098088 0.348666450764504 0.356650539216957 0.371313250543597 0.396502348384053 0.386666958974816 0.362891453505691 0.364509781499341 -9999 -9999 -9999 -9999 -9999 -9999 -9999 -9999 -9999 -9999 -9999 -9999 -9999 -9999 -9999 -9999
0.295790955373265 0.2879212973067 0.27343587369511 0.259388767413246 0.246171399177639 0.233594948916815 0.221343271929015 0.204399605207645 0.187572063632709 0.171219968808434 0.157303186109705 0.144893192457918 0.129389664242268 0.113938515868573 0.0992652765815541 0.0902676805802379 0.0855194651663552 0.080330195497215 0.0758477626683222 0.0742662180567628 0.0763419833934138 0.0817143769264702 0.0889156019163053 0.0996740652257982 0.127085908062314 0.151498642911186 0.172662544725841 0.18948434765619 0.207556427974059 0.243518177432206 0.274426093149915 0.298745671628139 0.313572149866359 0.324949158899838 0.332073295827614 0.334807807032928 0.330623691767471 -9999 0.362852235765444 -9999 -9999 -9999 -9999 -9999 -9999 -9999 -9999 -9999 -9999 -9999 -9999 -9999 -9999 -9999 -9999 -9999
0.295517794706786 0.291738790647658 0.277030691693356 0.262772814225519 0.249367209463388 0.236155945806188 0.223043160892313 0.209731856256867 0.194984321246367 0.176890112180022 0.160763929858949 0.145855415331977 0.13360452267735 0.120899741596277 0.106324643212573 0.0952193959279508 0.0867120423373993 0.0826212841695851 0.0797225724563319 0.0792831273882349 0.0812658981821577 0.0854320073372226 0.0889399411615941 0.0950708758948057 0.115400892206028 0.14157609233332 0.174083183926656 0.187455269674653 0.198566286337685 0.229335539494498 0.256148696964144 0.27780456318177 0.292542882154485 0.304746228745127 0.313567267089394 0.321371341952654 0.327572548848495 -9999 -9999 -9999 -9999 -9999 -9999 -9999 -9999 -9999 -9999 -9999 -9999 -9999 -9999 -9999 -9999 -9999 -9999 -9999
0.294975978210689 0.292301220566166 0.27768211647313 0.264373691207265 0.253546390951931 0.24068192638101 0.226785166651438 0.213829062890426 0.200011217703954 0.184139248422143 0.167417438701441 0.150169811262535 0.137845242029736 0.125936678293235 0.114258139589853 0.103555887874252 0.0935845867777822 0.0884129602286529 0.0844336628107169 0.0827341014479937 0.0847631108031641 0.0901529814293114 0.0962061459887758 0.103494092692888 0.116535496201259 0.133660637678931 0.155209555450223 0.175405747590059 0.195441062779624 0.216858222429761 0.2377023747819 0.257799536727591 0.271844613361405 0.283765785104632 0.293972630157486 0.299842164226342 0.298875526720864 -9999 -9999 -9999 -9999 -9999 -9999 -9999 -9999 -9999 -9999 -9999 -9999 -9999 -9999 -9999 -9999 -9999 -9999 -9999
0.294378967720976 0.29195932515564 0.277694581331942 0.265699495856999 0.258000890936798 0.245821478413069 0.231371499906721 0.217762969233555 0.204427290865248 0.191692435523259 0.17503141225947 0.155941169858237 0.142363664101736 0.130385968195432 0.121999430173643 0.112379407028358 0.101835867820695 0.0953161510758708 0.0897825833362058 0.0861090201542573 0.0879309182505691 0.0947063184724063 0.10488183868267 0.114957652332815 0.121265492086888 0.126969998563781 0.132020934349113 0.160837492425017 0.193014127629345 0.204977792866956 0.219779007351961 0.238279340631852 0.251438532847563 0.262890360910879 0.275043378635151 0.28247885042072 -9999 -9999 -9999 -9999 -9999 -9999 -9999 -9999 -9999 -9999 -9999 -9999 -9999 -9999 -9999 -9999 -9999 -9999 -9999 -9999
0.294174698556929 0.293434472705047 0.281582233724681 0.27077163972718 0.261932887622219 0.250708876853733 0.238276180584696 0.224631466176537 0.210822675956498 0.196683309742549 0.18178014664262 0.166404403141268 0.150245213204904 0.135247219049831 0.123820836498463 0.113653340695672 0.104428379270379 0.1020004541722 0.0997274832392112 0.0948403159595007 0.0927312067144905 0.0931261850579344 0.101992995418998 0.111924627042121 0.11926171092961 0.127489332986336 0.136681645155712 0.1551734921816 0.175687869795991 0.193682555035936 0.20906527113778 0.221042941797933 0.233347658816093 0.24645718199808 0.268805611394755 -9999 -9999 -9999 -9999 -9999 -9999 -9999 -9999 -9999 -9999 -9999 -9999 -9999 -9999 -9999 -9999 -9999 -9999 -9999 -9999 -9999
0.29246544769666 0.296013122301541 0.28470096725842 0.27402346822332 0.264547377849091 0.254336239755887 0.243752629891079 0.231392117292947 0.218093293106402 0.202679707420527 0.188860802730171 0.176028567400268 0.156492103265462 0.138696927616183 0.127372825156757 0.11741735934341 0.108486598167465 0.106126275617149 0.104147815669436 0.100526480541747 0.0972083474403286 0.0941635147600297 0.100666401055795 0.108745824945233 0.115848889131454 0.124638287762886 0.135254435906142 0.14640162373715 0.158768758476002 0.179402962375098 0.19591453334141 0.207051709843878 0.21803617548316 0.227904330939354 0.223643091555598 -9999 -9999 -9999 -9999 -9999 -9999 -9999 -9999 -9999 -9999 -9999 -9999 -9999 -9999 -9999 -9999 -9999 -9999 -9999 -9999 -9999
0.288423709126503 0.300302028553734 0.286627996073741 0.274454090821251 0.265119937845194 0.25601074342063 0.247015542561449 0.237985624140644 0.22672038390993 0.210234510170996 0.196455885868965 0.184352305088491 0.160205525884975 0.13995896503203 0.133606947447583 0.12504062267698 0.114816435793167 0.106286848167174 0.100005927200184 0.10149316503299 0.101184659398979 0.0992575054606014 0.101761049668024 0.105341091456828 0.110252273347078 0.116563677946121 0.124391896814717 0.13281304263695 0.142480660968961 0.160498083586211 0.178986821875719 0.198089982157438 0.207032315732358 0.212600700148564 0.217834082397208 -9999 -9999 -9999 -9999 -9999 -9999 -9999 -9999 -9999 -9999 -9999 -9999 -9999 -9999 -9999 -9999 -9999 -9999 -9999 -9999 -9999
0.274966274724208 0.292046220984178 0.283957269558123 0.27635755042323 0.269683951744698 0.26048076833357 0.249995764868515 0.241779498084134 0.231890324811616 0.217994202047159 0.204760828882232 0.191937515613514 0.182691620228111 0.17043727234719 0.148617371008318 0.132579894197182 0.120871745587197 0.110770723114996 0.102751297464999 0.101904758683772 0.101647000311742 0.101919957171929 0.102528612168272 0.103717966111697 0.107590354535189 0.111743100355097 0.116199547933866 0.12232623700383 0.130039613419293 0.146617474778272 0.164110432787788 0.182796339685237 0.196450879474416 0.207605680072174 -9999 -9999 -9999 -9999 -9999 -9999 -9999 -9999 -9999 -9999 -9999 -9999 -9999 -9999 -9999 -9999 -9999 -9999 -9999 -9999 -9999 -9999
0.257906074092307 0.278550627041941 0.279192682894313 0.278592138088233 0.275639340763933 0.26604634516885 0.253088552500217 0.244551046431157 0.235657543489534 0.225740029282921 0.21326555779903 0.199209032344115 0.186010721020454 0.171917972353622 0.155022729794118 0.140199318803584 0.126927097767462 0.117086519524258 0.108353486193743 0.102222149186594 0.100760019073462 0.103506621422067 0.103163185875758 0.102925240688407 0.106188601883997 0.108349690631175 0.109316724626786 0.113452051483064 0.119615913174038 0.135122070349364 0.150409661422038 0.165412322822041 0.169131115725207 -9999 -9999 -9999 -9999 -9999 -9999 -9999 -9999 -9999 -9999 -9999 -9999 -9999 -9999 -9999 -9999 -9999 -9999 -9999 -9999 -9999 -9999 -9999
0.2490782360912 0.260888395573222 0.266932125501093 0.271539536401973 0.273427984436368 0.270058786667541 0.264025374595011 0.251453678065072 0.239697577685021 0.230131358842037 0.218677466303678 0.206055622430228 0.193634836921982 0.180741730169128 0.166419576240458 0.151756869756812 0.136839189987626 0.125737457418547 0.115557913017039 0.107092696952475 0.102781663617275 0.10221512995877 0.103814101331496 0.105692432389819 0.106944699893131 0.108377248978796 0.110005091052449 0.116519673558795 0.124597259185416 0.135160056122376 0.148362373662311 0.165005653603489 -9999 -9999 -9999 -9999 -9999 -9999 -9999 -9999 -9999 -9999 -9999 -9999 -9999 -9999 -9999 -9999 -9999 -9999 -9999 -9999 -9999 -9999 -9999 -9999
0.242818548062119 0.248633293341434 0.255388904625062 0.263002327765177 0.272239595288321 0.273727608830903 0.271288831929482 0.257205850217353 0.244654757269004 0.236189110682883 0.225311474718426 0.212941480079081 0.199668610991961 0.187022426804498 0.176400624417128 0.163189137160993 0.148038740770695 0.135608118093058 0.123983641602043 0.114148195045846 0.107694400426346 0.104288761222385 0.10542801082291 0.107262921748836 0.108349574389506 0.109923871998888 0.112026419037717 0.11884520858421 0.126852658672784 0.134823103096654 0.139333599970785 -9999 -9999 -9999 -9999 -9999 -9999 -9999 -9999 -9999 -9999 -9999 -9999 -9999 -9999 -9999 -9999 -9999 -9999 -9999 -9999 -9999 -9999 -9999 -9999 -9999
0.241407480920797 0.246586753711741 0.245200002172288 0.251662207947611 0.27298254974876 0.276747683878691 0.271617042763843 0.260785975591243 0.251343490826162 0.245393037774799 0.234252785750072 0.219901474179068 0.202699848330394 0.188501869739281 0.183708670963073 0.174384871481272 0.16166899012987 0.147781593406074 0.134715165914159 0.125328840000571 0.118065467355718 0.112715683579316 0.108860035707519 0.106574058641304 0.110979327207548 0.114338461758086 0.116564354437227 0.11976969662565 0.123961520224595 0.133778272372603 -9999 -9999 -9999 -9999 -9999 -9999 -9999 -9999 -9999 -9999 -9999 -9999 -9999 -9999 -9999 -9999 -9999 -9999 -9999 -9999 -9999 -9999 -9999 -9999 -9999 -9999
0.240078827151403 0.243375086811156 0.238942071989255 0.241413275220986 0.25695421585589 0.266401505912454 0.272760951781678 0.264528932504605 0.256609745526229 0.250056293197961 0.24067644758464 0.229547841145307 0.221330525007826 0.210760317309513 0.19268607682752 0.178143393604622 0.166244803765465 0.151868353146268 0.139316039429939 0.13488164628122 0.129112291722532 0.122139628861422 0.116888146031288 0.113093866400537 0.115191840510427 0.117668569075518 0.12055558963109 0.121442739957655 0.121779562850917 -9999 -9999 -9999 -9999 -9999 -9999 -9999 -9999 -9999 -9999 -9999 -9999 -9999 -9999 -9999 -9999 -9999 -9999 -9999 -9999 -9999 -9999 -9999 -9999 -9999 -9999 -9999
0.238791822386158 0.23957460295763 0.234670725737254 0.231715792515339 0.232450225138408 0.249300463848048 0.27431708779901 0.268354179115676 0.261157126256749 0.252424842692345 0.245827772425792 0.240551812490985 0.226378925693816 0.210760317309513 0.19268607682752 0.178143393604622 0.166244803765465 0.151868353146268 0.140818683926776 0.143611796503692 0.140500621644303 0.132067436696125 0.127238966578522 0.123256699021137 0.120204228839148 0.120450614680868 0.124270540544854 0.12349407848222 -9999 -9999 -9999 -9999 -9999 -9999 -9999 -9999 -9999 -9999 -9999 -9999 -9999 -9999 -9999 -9999 -9999 -9999 -9999 -9999 -9999 -9999 -9999 -9999 -9999 -9999 -9999 -9999
0.21925494634043 0.224013783632324 0.228880152467645 0.231699866575723 0.230645247684429 0.235532176380427 0.243429873899704 0.25763471826339 0.265239691771218 0.257151656346465 0.25053694489101 0.244833816142448 0.231484832434328 0.221107541484133 0.221008292343943 0.220965799008407 -9999 -9999 -9999 -9999 0.140702000712436 0.132242989450927 0.127421999438523 0.12343640770334 0.120292862563118 0.120499809405236 0.124336231770724 -9999 -9999 -9999 -9999 -9999 -9999 -9999 -9999 -9999 -9999 -9999 -9999 -9999 -9999 -9999 -9999 -9999 -9999 -9999 -9999 -9999 -9999 -9999 -9999 -9999 -9999 -9999 -9999 -9999
0.205286300927869 0.211734235687953 0.22192761618299 0.228607657900129 0.228636922530158 0.225930277201951 0.221837260346035 0.244904807649845 0.261145156337951 0.260254049072451 0.255802071703114 0.249146894171563 0.237437549795294 0.227575074673791 0.224161255040131 0.218398611531792 0.210877392638439 -9999 -9999 -9999 -9999 -9999 -9999 -9999 -9999 -9999 -9999 -9999 -9999 -9999 -9999 -9999 -9999 -9999 -9999 -9999 -9999 -9999 -9999 -9999 -9999 -9999 -9999 -9999 -9999 -9999 -9999 -9999 -9999 -9999 -9999 -9999 -9999 -9999 -9999 -9999
0.205054207067051 0.207591607635734 0.212331980724225 0.217943224564627 0.225203033376637 0.225894272814719 0.223257011791596 0.228101449972087 0.238021458911028 0.259473442256675 0.262380842028293 0.253814240124178 0.245360511071158 0.237460823918932 0.23116710455824 0.222208741346556 0.21125534686126 -9999 -9999 -9999 -9999 -9999 -9999 -9999 -9999 -9999 -9999 -9999 -9999 -9999 -9999 -9999 -9999 -9999 -9999 -9999 -9999 -9999 -9999 -9999 -9999 -9999 -9999 -9999 -9999 -9999 -9999 -9999 -9999 -9999 -9999 -9999 -9999 -9999 -9999 -9999
