layers/veg/veg_3800.asc
NCOLS 255 
NROWS 330 
XLLCORNER -2985163.8955 
YLLCORNER -3022031.214 
CELLSIZE 25000 
NODATA_value -9999 
[rows 125 to 149 of 330, columns 168 to 223 of 255]
0.509982318750546 0.484225732875896 0.416955890859895 0.400634802094126 0.398329475285386 0.419112704720483 0.418835324859624 0.395430680687861 0.325203189953293 0.253905095650189 0.269471584875231 0.278196036220674 0.277876556319894 0.282290983189904 0.288988545663291 0.305394638088248 0.318829913657687 0.327515160568306 0.348905934969067 0.375160658308728 0.377501162545896 0.372693345235165 0.353938672880766 0.354948229386529 0.36628123841609 0.291811453548914 0.241478989135316 0.254734082268582 0.305849719669191 0.381072788878238 0.438656080351046 0.48407513892495 0.496524909267205 0.504941528338752 0.510253625858039 0.521391502703557 0.532289590295421 0.539170938958007 0.546870233621317 0.555327182144714 0.572758241034025 0.59083944310796 0.602957220749359 0.607011820134942 0.602090449136922 -9999 -9999 -9999 -9999 -9999 -9999 -9999 -9999 -9999 -9999 -9999
0.494917229984713 0.472617291942694 0.426771180808953 0.373038290758228 0.337384536793718 0.405589551919 0.425644899929471 0.392825705603691 0.326190937829823 0.26105257144227 0.276522214544373 0.286037252130299 0.287681382855673 0.288039291350816 0.289311273326601 0.309397932366112 0.320618238749776 0.317662164944849 0.34132468625155 0.375644490572824 0.381817467411013 0.376284584174577 0.34791278238526 0.334784878845646 0.3296193228872 0.280832341472373 0.255752750094383 0.290603381953389 0.31634382646741 0.336283424098975 0.416420140749495 0.482789207128904 0.49316756303552 0.501996204579235 0.509631952200419 0.527218213894385 0.543274454413251 0.548019021916933 0.558619358402334 0.574643825537997 0.588882671217821 0.601650813931288 0.608303517299492 -9999 -9999 -9999 -9999 -9999 -9999 -9999 -9999 -9999 -9999 -9999 -9999 -9999
0.474353332509003 0.457034249697096 0.430768648472827 0.353766965950775 0.296327015228826 0.393734986593261 0.425672134507465 0.385713877245678 0.324722294801771 0.26751170128774 0.282886345162439 0.292870401957716 0.295729081813992 0.292764024728905 0.289514536209846 0.309613876260001 0.317610839193548 0.306257353769101 0.333598163875485 0.376573628929316 0.385336712434565 0.379857627914448 0.346591117825075 0.318839776236704 0.293969173410449 0.280349222067227 0.286653748967403 0.340350122828765 0.341751863476852 0.309855369022077 0.402734801897809 0.482173717254244 0.491573959630893 0.500990097990106 0.510418472295148 0.534513105806916 0.555763400094744 0.558000552324931 0.570658713816048 0.592969734891508 0.602761707623762 0.608976856202918 -9999 -9999 -9999 -9999 -9999 -9999 -9999 -9999 -9999 -9999 -9999 -9999 -9999 -9999
0.433197623658853 0.406592456709646 0.345434643741416 0.351144714166953 0.371198555164829 0.400060433575759 0.40045057438179 0.369575076491147 0.312877795679678 0.258429313344371 0.274244997131397 0.282364073444923 0.280309632738461 0.289771892500569 0.303136006112525 0.317014447513118 0.326672688024208 0.329583264123102 0.356073949393477 0.391791373400543 0.392515616299101 0.390119215411989 0.381634229081423 0.347990183724147 0.301204803420626 0.343937917821899 0.386249585701087 0.421984566449832 0.420401460972235 0.395056329978832 0.457821424144396 0.514521551407905 0.532207200737545 0.538110110305579 0.534943246121196 0.557608566888844 0.578967789481775 0.581551621197881 0.587056108103954 0.595265963917889 0.602761707623762 -9999 -9999 -9999 -9999 -9999 -9999 -9999 -9999 -9999 -9999 -9999 -9999 -9999 -9999 -9999
0.389620810881627 0.363731908441611 0.290013987456955 0.347960212907326 0.414287011851349 0.392573028371723 0.370736040674842 0.348763978488717 0.301669762270302 0.255111649925474 0.263905451355515 0.267763358506817 0.26509691000837 0.278000195316827 0.29575777093029 0.308328477900367 0.319920883847895 0.329949087719004 0.348331565047525 0.369812274521352 0.370870352346835 0.377070562473532 0.393303417793911 0.371435535653538 0.329666489795589 0.39189228894203 0.445569663615516 0.472155694602974 0.477403091500455 0.469063265177453 0.507125560064738 0.542439925231251 0.558567635134007 0.56832409728735 0.573176286175144 0.587730597022525 0.600669366133708 0.602087377579723 0.604508495576754 0.607858779496456 -9999 -9999 -9999 -9999 -9999 -9999 -9999 -9999 -9999 -9999 -9999 -9999 -9999 -9999 -9999 -9999
0.343532305986445 0.328736265266291 0.265625919520171 0.344192425006876 0.424403187261822 0.37075594835471 0.336360423978407 0.323105764243545 0.291122008618478 0.257774404359928 0.251804167951295 0.248915061299597 0.250098648510863 0.257120436372095 0.266594104254869 0.282954072303462 0.296763741937203 0.306495748373161 0.30924036571782 0.309244572645281 0.319322433534326 0.339839491541362 0.380724123670702 0.388962371274143 0.38014842811865 0.423627360462916 0.463107022151506 0.489686273714913 0.511946773242114 0.531457338181074 0.55043085175316 0.56576310573223 0.570121230503776 0.591373662617045 0.625630501888021 0.625142102798372 0.620811900705995 0.61949500033112 0.615634116116889 0.60941676928265 -9999 -9999 -9999 -9999 -9999 -9999 -9999 -9999 -9999 -9999 -9999 -9999 -9999 -9999 -9999 -9999
0.330955464047645 0.309935169515099 0.247335899911307 0.315798936239111 0.385241486373584 0.327981489280675 0.291980723725021 0.279325335309202 0.258531749965234 0.238421551373116 0.240256620889439 0.240245939776273 0.237795511604626 0.243609750620417 0.252889417382816 0.271840566217696 0.292670055038327 0.31650281507938 0.327173599873726 0.332307569861413 0.338802734554935 0.353129447217843 0.382736035522139 0.388781940110672 0.382521389360684 0.404258044799714 0.429870405300013 0.463098589069303 0.495146490194245 0.526442854754832 0.535747058498722 0.543415305556626 0.551220429129977 0.573228383818946 0.606168979597228 0.636823675987584 0.661641866111299 0.664476806673486 0.666378484190168 0.667415691010399 -9999 -9999 -9999 -9999 -9999 -9999 -9999 -9999 -9999 -9999 -9999 -9999 -9999 -9999 -9999 -9999
0.321295785398572 0.292628938296585 0.234373271390984 0.287230697592618 0.341161566136029 0.288964884199019 0.254866816325695 0.240643360113882 0.227885742296935 0.218382527568397 0.231526033052022 0.236703681919361 0.231351915308049 0.237050102467982 0.247232101701652 0.268254772170716 0.29571288966212 0.333460620844003 0.355805347492805 0.37127497430107 0.369746276673255 0.372956783404787 0.385413795876056 0.383443793887342 0.373938127345685 0.379330146168734 0.394353014488569 0.431696098749138 0.466529310762991 0.499764379506416 0.503329103907916 0.507828849161304 0.522091106782372 0.545728940036773 0.576583630449479 0.64315734227381 0.701852082318302 0.710460486110428 0.716977766015739 0.72155806220407 -9999 -9999 -9999 -9999 -9999 -9999 -9999 -9999 -9999 -9999 -9999 -9999 -9999 -9999 -9999 -9999
0.277207992887516 0.25927122754072 0.248155484152351 0.297511443352832 0.3433810096551 0.309895002971258 0.28402646360977 0.266522885473672 0.246470212436811 0.229427824419059 0.241280990529261 0.251888641535854 0.260849947818638 0.266341923286489 0.271813615903186 0.29328011926354 0.316863767874284 0.343832512606173 0.365318265919075 0.383677386312803 0.364057836321141 0.355605851195961 0.368942534549102 0.371409911041145 0.368199920905781 0.399265330185239 0.425719011496646 0.438912989200772 0.440095515992117 0.433629836995518 0.443179980599982 0.455414683560697 0.472101175238697 0.520854576324712 0.594291507655334 0.654534564627224 0.704150877922814 0.718491939445384 0.724436168242283 0.722602508619294 -9999 -9999 -9999 -9999 -9999 -9999 -9999 -9999 -9999 -9999 -9999 -9999 -9999 -9999 -9999 -9999
0.249808194007542 0.238258646360666 0.254467952026957 0.295136661263055 0.331396162951092 0.319646296655083 0.304089477148418 0.28435213219328 0.262607474342431 0.243945640507926 0.253647980993253 0.266004906663799 0.281870711753729 0.29144564969685 0.299783760256867 0.320347110965989 0.339748497329619 0.357292022973442 0.377906967840845 0.398962903389974 0.379701356427286 0.369479540411924 0.37689484610567 0.376630617736256 0.372355137227087 0.410426076185931 0.439418901841875 0.443870524927709 0.433306084847038 0.413180273533519 0.426438129595445 0.442648314976474 0.460080261961881 0.522429321243375 0.61935336515322 0.66791590078951 0.706745106914904 0.73234521124219 0.748304255062914 0.755332896752348 -9999 -9999 -9999 -9999 -9999 -9999 -9999 -9999 -9999 -9999 -9999 -9999 -9999 -9999 -9999 -9999
0.243229978286349 0.232649063752585 0.251460431065707 0.276971597167415 0.301688645887218 0.315449788024176 0.312802635205184 0.292137059034574 0.275691358419483 0.262796113337153 0.269274000867817 0.278787763375096 0.292314401146119 0.311323897363404 0.331981893071418 0.349961459406447 0.364796550228308 0.37460395017223 0.394333319946676 0.417845666079927 0.421960729729475 0.422312140205767 0.415320410772878 0.403379848407775 0.388854361420244 0.410638969805048 0.431076818951497 0.446009067351713 0.451026895009453 0.449731785898993 0.463855463328223 0.479350439782698 0.495433232495046 0.557004577008617 0.653590772185912 0.683797766569291 0.709707947675631 0.753462356690827 0.768939082638813 0.758222519896257 -9999 -9999 -9999 -9999 -9999 -9999 -9999 -9999 -9999 -9999 -9999 -9999 -9999 -9999 -9999 -9999
0.250592142642058 0.248283469844026 0.271462101824297 0.285301476858079 0.296401386068649 0.302365556325667 0.309724213765865 0.318614197921749 0.311423130374858 0.302005002296452 0.307776585178217 0.317361645459555 0.331987430159213 0.342984426539685 0.353013752824027 0.366540702371245 0.384548725056792 0.409721519878936 0.432686852981539 0.454406351580639 0.461444379102529 0.465172547949474 0.462442960406312 0.457234095533403 0.45073022937367 0.475238144461973 0.491474935804277 0.485822236082051 0.491820797869994 0.505238217410094 0.517689116056285 0.529207029930626 0.538106203178076 0.570712391320867 0.621567073939157 0.680742054056434 0.735195586009291 0.766516922081714 0.781578316645539 -9999 -9999 -9999 -9999 -9999 -9999 -9999 -9999 -9999 -9999 -9999 -9999 -9999 -9999 -9999 -9999 -9999
0.26208884013847 0.269118411413491 0.295681733444564 0.300680533508322 0.299523811280254 0.287410299738526 0.302047400337205 0.346060121971143 0.349279208337227 0.34349349853501 0.349815661206661 0.360260737280008 0.376155555958589 0.374649366098899 0.368381490323687 0.377187671683189 0.400356499255173 0.44648971152125 0.473028497756732 0.491001123501726 0.49579921501845 0.501569971168539 0.509238461291104 0.516903629452446 0.5245670624533 0.554855960930695 0.567836707433933 0.537636636131865 0.541216864247064 0.56630645733388 0.575894184595793 0.582330780612912 0.582773650475192 0.581554857232518 0.579056997429807 0.673743439424312 0.756141874642171 0.738610271386819 -9999 -9999 -9999 -9999 -9999 -9999 -9999 -9999 -9999 -9999 -9999 -9999 -9999 -9999 -9999 -9999 -9999 -9999
0.271345372786155 0.274049850693851 0.286615803597945 0.302619059667396 0.311970105692959 0.282567577837703 0.283764271558287 0.318562855668068 0.331355712956341 0.33904219798892 0.351300548019226 0.361278208925691 0.368241213089091 0.364799399372319 0.358838086802261 0.366472040482013 0.390067286953988 0.439182988533818 0.458586874603113 0.465619527020513 0.481720318890686 0.499774599665432 0.521640268386138 0.546972481893129 0.574115376240543 0.577836795921054 0.582930382714724 0.592790459503784 0.606874410738923 0.623647883932784 0.625813842129487 0.626139871985137 0.624260610376062 0.63348310140693 0.651251175785713 0.688789395856656 0.721982837950343 0.727518153210971 -9999 -9999 -9999 -9999 -9999 -9999 -9999 -9999 -9999 -9999 -9999 -9999 -9999 -9999 -9999 -9999 -9999 -9999
0.289281284781318 0.284886124106108 0.277110225714454 0.298288591314334 0.316974316657608 0.293295741044769 0.289848729772566 0.308618584563152 0.321632660348861 0.333730563795499 0.350327588414698 0.361069756711695 0.364072868463506 0.35862392418169 0.351123797553796 0.354603929058034 0.377171452979374 0.430257741743123 0.446214059076533 0.447022628650227 0.473837558096955 0.502547200215267 0.534953553904665 0.57098754663947 0.608916364602404 0.601448879400179 0.603999665852915 0.633550270912993 0.652658461196541 0.665117518272626 0.667554644646096 0.667996560434615 0.664691537342511 0.675992268965235 0.698535792453604 0.702543116595574 0.70460942166129 0.708714466523762 -9999 -9999 -9999 -9999 -9999 -9999 -9999 -9999 -9999 -9999 -9999 -9999 -9999 -9999 -9999 -9999 -9999 -9999
0.320291666065619 0.304617339129295 0.266942369512896 0.284514616353105 0.310767899811979 0.327479620495751 0.332640106193554 0.325115846598203 0.32426261512887 0.327122937642274 0.345652170810448 0.35901459366591 0.365547431819748 0.357983640485364 0.346164854906825 0.340999741046535 0.360349048491684 0.418894378249346 0.43695766013943 0.438646084009858 0.475288550085871 0.512200916099364 0.549639875003108 0.585883288664238 0.621502233005594 0.626011864856254 0.634070502937262 0.652627187748804 0.668505415559505 0.682678154958745 0.696974959203823 0.706912182359458 0.703531674274716 0.70431269986173 0.70829706946122 0.714350235485256 0.718362715267766 0.713180434325092 -9999 -9999 -9999 -9999 -9999 -9999 -9999 -9999 -9999 -9999 -9999 -9999 -9999 -9999 -9999 -9999 -9999 -9999
0.318813412824966 0.301747113228754 0.279299780893647 0.29634619506972 0.320226597970592 0.340619744199325 0.345801328081092 0.334278655308348 0.327933824484732 0.324969213898949 0.338087347495818 0.347487914412414 0.35197453345978 0.348248492753343 0.34168132769617 0.333927012944652 0.3491123607758 0.400975854716488 0.428712523963923 0.447005888132774 0.500979675063415 0.551306085898265 0.594516221205097 0.638248344275511 0.682253117290099 0.680193866094708 0.681705702210305 0.694697629882543 0.69641568748055 0.690955188634343 0.698977093102342 0.705053892907536 0.702060608662255 0.710393505439012 0.72744473949786 0.733264386169644 0.736992341592599 0.738318497176346 -9999 -9999 -9999 -9999 -9999 -9999 -9999 -9999 -9999 -9999 -9999 -9999 -9999 -9999 -9999 -9999 -9999 -9999
0.305673571325007 0.291104091122963 0.29993043764945 0.317873791986848 0.335967884057905 0.345686492621268 0.347454803454791 0.34049266236432 0.331869213663051 0.324366627746804 0.329072575289638 0.332043084932838 0.332719660908529 0.334126149457839 0.335198585867693 0.328175845937117 0.339787289713043 0.381192864512307 0.421740804864174 0.462617724068709 0.536002142729015 0.60104934208852 0.649830067104861 0.703013545555472 0.758496714845238 0.74328392418688 0.734041911375538 0.743601728464832 0.728198635455942 0.696900587301062 0.691505873713158 0.688343480111776 0.685950839832721 0.708304819740003 0.749707531162039 0.754400076104064 0.754758255754063 0.757206519816457 -9999 -9999 -9999 -9999 -9999 -9999 -9999 -9999 -9999 -9999 -9999 -9999 -9999 -9999 -9999 -9999 -9999 -9999
0.324514016182302 0.312068997691392 0.303564673990679 0.328107164881985 0.354458609701216 0.357149823841327 0.354252743289171 0.345218994676793 0.331761790657966 0.318069859298632 0.311532162578755 0.311643424565897 0.320543402205226 0.298036057694007 0.268485101044106 0.287823472122076 0.322393091277162 0.381315899603622 0.438848909720622 0.496034822193522 0.564529157701878 0.623638339062985 0.664436454871555 0.701997735572126 0.737868319721812 0.729749435270194 0.724921755534593 0.730769792532592 0.735509910716004 0.739544569488074 0.721165628897236 0.705803687948831 0.704859898027971 0.722965110605497 0.75573330873351 0.759465210289018 0.759256736939598 0.758667266071451 -9999 -9999 -9999 -9999 -9999 -9999 -9999 -9999 -9999 -9999 -9999 -9999 -9999 -9999 -9999 -9999 -9999 -9999
0.342810221241568 0.330772568878211 0.314155954755063 0.341086757652824 0.370554675586753 0.369658054263735 0.36289326595978 0.349684473739247 0.330718335143809 0.311270567884058 0.299747362368353 0.296708666961545 0.304884952739151 0.264595715162177 0.214833679028254 0.260037110078762 0.311554400998237 0.373166900334776 0.442516838909389 0.515116842185402 0.586689907105958 0.645895054714901 0.680969565672802 0.705635148245036 0.72486383374563 0.726074149522759 0.72809409863607 0.733187227561341 0.749315336270649 0.772469889733965 0.749750452203138 0.729592438307538 0.727929533730229 0.740502524849896 0.764033608547937 0.764630106835292 0.762680734143204 -9999 -9999 -9999 -9999 -9999 -9999 -9999 -9999 -9999 -9999 -9999 -9999 -9999 -9999 -9999 -9999 -9999 -9999 -9999
0.360109185863642 0.345332571195647 0.337495009657308 0.359098399750794 0.382262875034708 0.384080910814453 0.374910054239445 0.353671977082114 0.327959735915514 0.303550476071333 0.298508886677167 0.291787550476254 0.28284589411655 0.236010653504954 0.185116591238206 0.255276140736195 0.312727727929615 0.349860598730331 0.421557596937006 0.507931912137548 0.59718539887529 0.667542913071614 0.701033116784154 0.717798916051987 0.725829054723332 0.74046442258685 0.753790661877117 0.763546921533868 0.775020349658475 0.78758717257028 0.77636561886132 0.764977324292372 0.75862282383462 0.763311850091295 0.776501640241185 0.769977803428859 -9999 -9999 -9999 -9999 -9999 -9999 -9999 -9999 -9999 -9999 -9999 -9999 -9999 -9999 -9999 -9999 -9999 -9999 -9999 -9999
0.381228043358891 0.365553840611324 0.353752890707998 0.367362849282363 0.383282474914653 0.385883162491823 0.37410374333688 0.346533112990511 0.327861949811296 0.312496767585706 0.305055225731293 0.289807830376139 0.264242514597116 0.219766846934598 0.175463734142988 0.222302022326763 0.271455726771901 0.324311542162771 0.411366222648578 0.512516429895503 0.596461062020421 0.668674784777431 0.71800071612938 0.733721116618891 0.73188833530455 0.75756892469303 0.779249676911731 0.789567560634609 0.79794324727323 0.805082253756471 0.795579963995328 0.786490597715505 0.782536874610414 0.782824444419297 0.78637675298383 0.787462679312651 -9999 -9999 -9999 -9999 -9999 -9999 -9999 -9999 -9999 -9999 -9999 -9999 -9999 -9999 -9999 -9999 -9999 -9999 -9999 -9999
0.40421907729456 0.388549766604069 0.366540201432361 0.370850079952327 0.379063460792402 0.381499900624128 0.367012673939983 0.333941079485562 0.329068260918346 0.329611458384548 0.315416998160934 0.289269724791691 0.247323003627756 0.209571641145978 0.175644603083856 0.175500292843747 0.209380748700279 0.297663283826212 0.40645231264011 0.522869298659718 0.590237749274558 0.659751519301395 0.73345095146738 0.751485371269429 0.740444277099166 0.776003703808333 0.804592266651105 0.813461575619346 0.819502595757735 0.823742723135081 0.811167075550456 0.801205223351677 0.803128336880103 0.800721270412587 0.794981044283987 0.791033440205313 -9999 -9999 -9999 -9999 -9999 -9999 -9999 -9999 -9999 -9999 -9999 -9999 -9999 -9999 -9999 -9999 -9999 -9999 -9999 -9999
0.400809819575377 0.389707906862712 0.378416487668265 0.380712393507693 0.384918431489995 0.385584848295947 0.376055596539681 0.355330186194117 0.35207567063062 0.351275543733664 0.334247353591689 0.308603990704606 0.271572934362418 0.260234595693988 0.255935822563678 0.229504538578447 0.243505165993282 0.322152234848812 0.425396534528764 0.538388190462748 0.620640635030948 0.69324884708182 0.747040514294116 0.763275066181628 0.759892404580601 0.777082078483354 0.791745663060164 0.79903454570105 0.805476944272734 0.811380350144494 0.81192629030315 0.811409820769669 0.808903070994996 0.803304016662528 0.795324658319262 -9999 -9999 -9999 -9999 -9999 -9999 -9999 -9999 -9999 -9999 -9999 -9999 -9999 -9999 -9999 -9999 -9999 -9999 -9999 -9999 -9999
0.403147257532498 0.39583529439014 0.392100004894214 0.39797664971737 0.403615939600996 0.398322573167511 0.388685664703739 0.374278987086171 0.373724997761161 0.374324649911324 0.355816147903059 0.331902590328699 0.300844531104101 0.306761672877509 0.321015372218956 0.278331407677144 0.279490229774787 0.350749129779699 0.44543357079476 0.549659492220673 0.636757205024158 0.708278950015725 0.749410936546925 0.769991559467873 0.779837585656977 0.779126396420369 0.779493146195581 0.783117301327965 0.790843000992038 0.801180329913438 0.811330401878797 0.817536178438326 0.811762622647658 0.808620630179048 0.807504285771002 -9999 -9999 -9999 -9999 -9999 -9999 -9999 -9999 -9999 -9999 -9999 -9999 -9999 -9999 -9999 -9999 -9999 -9999 -9999 -9999 -9999
