layers/veg/veg_3400.asc
NCOLS 255 
NROWS 330 
XLLCORNER -2985163.8955 
YLLCORNER -3022031.214 
CELLSIZE 25000 
NODATA_value -9999 
[rows 200 to 224 of 330, columns 57 to 113 of 255]
-9999 -9999 -9999 -9999 -9999 -9999 -9999 -9999 -9999 -9999 -9999 -9999 -9999 -9999 -9999 -9999 -9999 -9999 -9999 -9999 0.26653938009107 0.278017104575665 0.18774777892643 0.109864580490218 0.0867356167635142 0.0849946763362691 0.0990424882360239 0.123832126815429 0.144666807227765 0.145958814162789 0.166843145062603 0.205144549424449 0.201481832177401 0.195093839306688 0.213074106719633 0.226238447856414 0.234257538095025 0.252892098879263 0.271366186303998 0.269290948164223 0.274224790548032 0.28816842687709 0.301264086912869 0.313229144649091 0.314417032469628 0.312509855753973 0.305794774920743 0.305573777725746 0.308524644745422 0.329559945948042 0.342882075515991 0.341606591494992 0.348760807077595 0.36018558481893 0.357974361690869 0.351896227391308 0.33737795076926
-9999 -9999 -9999 -9999 -9999 -9999 -9999 -9999 -9999 -9999 -9999 -9999 -9999 -9999 -9999 -9999 -9999 -9999 -9999 -9999 0.243531985456954 0.217974139396162 0.179264240124933 0.145658144663804 0.129241550256369 0.112631829342311 0.0958795414159525 0.132137530404453 0.16557301052041 0.164859712601304 0.1784880713734 0.204865795080806 0.201874409137071 0.196826193062789 0.208078205385979 0.221856882174638 0.238335002822034 0.253434568096039 0.267066600391499 0.272403112056918 0.27904992021459 0.287381043649089 0.294823061257293 0.301618398054028 0.303894591581653 0.301769385507019 0.292807001395109 0.298050456828328 0.309233560917239 0.324900745098229 0.337587735776849 0.344634541687333 0.34829655668304 0.350243805948579 0.353890060440957 0.353607393867661 0.344074678879858
-9999 -9999 -9999 -9999 -9999 -9999 -9999 -9999 -9999 -9999 -9999 -9999 -9999 -9999 -9999 -9999 -9999 -9999 -9999 0.144457709665065 0.154049597661665 0.169489896322635 0.159350314702207 0.146651033795992 0.131338430741618 0.113293260954165 0.0932308958999258 0.123514262171094 0.152685012484143 0.15527414159978 0.171508358598431 0.199872708728889 0.202633413389787 0.201573697876344 0.20449781492962 0.213084656432918 0.227721453104087 0.240773600507609 0.253449591569225 0.266245705893918 0.275719092688305 0.280921292943524 0.294308775774052 0.308287719499423 0.296385235591606 0.286251901456499 0.278866782222034 0.291856117218728 0.312896817587033 0.323952776560023 0.333452457687221 0.34000679496549 0.344592557793857 0.348181022978449 0.348463696725077 0.347733883884716 0.344782685372739
-9999 -9999 -9999 -9999 -9999 -9999 -9999 -9999 -9999 -9999 -9999 -9999 -9999 -9999 -9999 -9999 -9999 -9999 0.142007220513412 0.143371681626851 0.140132275518507 0.134085778025571 0.138637569973741 0.13907323282346 0.125647469883022 0.1101299628557 0.0930683192404915 0.113905330810604 0.135049616144926 0.140455702525095 0.159446667355524 0.190514240676408 0.198123309868879 0.200740906080696 0.199486660304596 0.204440788941986 0.216027835567613 0.226828428677598 0.238508611204416 0.258103130649334 0.270779282354602 0.274562246492403 0.291733168023499 0.309971757254885 0.287140277473253 0.271616716839243 0.267445350690971 0.28713238685788 0.315979960164863 0.323738840359763 0.330482501761185 0.335304804173419 0.341417272870587 0.348183351491477 0.34450699045233 0.342233206242077 0.343688158038049
-9999 -9999 -9999 -9999 -9999 -9999 -9999 -9999 -9999 -9999 -9999 -9999 -9999 -9999 -9999 -9999 -9999 -9999 0.141393290661046 0.140732897084846 0.136183022518723 0.129261635471595 0.124066906406961 0.119604460708548 0.116933605715107 0.111796668966944 0.104839257577516 0.114376717694366 0.123684758727305 0.124787938147577 0.138553832401562 0.163576555344371 0.167030811041593 0.169429209879518 0.186091893235925 0.200324999021048 0.211962386876956 0.218176722804977 0.225221420939754 0.248276978316063 0.265044339107772 0.27372856327067 0.273636447960461 0.270623261525594 0.266577757468463 0.265608932812654 0.269419452622562 0.288560276023534 0.313555783281404 0.323896142378951 0.332293291528478 0.337012805940059 0.343745922636743 0.351499148486287 0.349062669171912 0.345307569147652 0.338914632529934
-9999 -9999 -9999 -9999 -9999 -9999 -9999 -9999 -9999 -9999 -9999 -9999 -9999 -9999 -9999 -9999 -9999 -9999 -9999 0.138729330349508 0.131991093154421 0.121144386564698 0.112153290281817 0.105902342174675 0.107215280972012 0.108330202893002 0.109298947704801 0.111768430090772 0.113909529719649 0.114156737792768 0.123034571894314 0.139584811159772 0.140487808614003 0.142901637108127 0.167148958618436 0.187403639712309 0.203392654034989 0.209710309555176 0.216015052777395 0.239869406935522 0.258672425595981 0.270982225662477 0.262359818325186 0.248432628498723 0.252963320792409 0.261016645190999 0.274542061432533 0.293512788910234 0.3143566449529 0.322745056208149 0.330213534794973 0.335940988773818 0.34385126816637 0.352867386681222 0.352803812901914 0.349986503366345 0.341131370681907
-9999 -9999 -9999 -9999 -9999 -9999 -9999 -9999 -9999 -9999 -9999 -9999 -9999 -9999 -9999 -9999 -9999 -9999 -9999 -9999 0.127541638765342 0.109532535714143 0.103059298595979 0.0983197219663967 0.096431035635359 0.0994164807717194 0.106000035629137 0.105892031683591 0.105821193856586 0.108870274150609 0.11321767921045 0.118719261685102 0.118772673026166 0.121450914351495 0.142318380231822 0.165137923859986 0.190043033007512 0.201440526444354 0.211139200341557 0.23296721534639 0.251624567463083 0.266206203914098 0.258320580596081 0.244449697842507 0.246722100436491 0.257926464078455 0.283005825090738 0.302205586982472 0.318579875899694 0.320205525383035 0.324005180346572 0.33191926364689 0.341597271945789 0.352168900623112 0.355680582617624 0.356368187945527 0.350766086377047
-9999 -9999 -9999 -9999 -9999 -9999 -9999 -9999 -9999 -9999 -9999 -9999 -9999 -9999 -9999 -9999 -9999 -9999 -9999 -9999 0.0991242012314082 0.0993128873006273 0.0965968535366954 0.0938520149030921 0.091566371442904 0.0920208272593005 0.0944980389060818 0.0946099393002606 0.0946836068038759 0.0956684178429517 0.101365476924515 0.111251603646795 0.114511785501731 0.11846414648291 0.131926425443021 0.147621405579739 0.165701764369604 0.179819195949754 0.194163642213612 0.217410483376288 0.237479950109176 0.253465073852573 0.253963506883362 0.249633558880559 0.247586597510578 0.254487665586334 0.275288691841732 0.296948342410935 0.318494873927544 0.323732877653545 0.328261222339157 0.331446497151291 0.337270902486447 0.344432315244591 0.352400083026592 0.357199352667264 0.354563326871133
-9999 -9999 -9999 -9999 -9999 -9999 -9999 -9999 -9999 -9999 -9999 -9999 -9999 -9999 -9999 -9999 -9999 -9999 -9999 -9999 0.0897878125541496 0.0913939724012173 0.0908173916263403 0.0897513052862982 0.0876796442956944 0.0849900675768573 0.08184434218755 0.0825771649654948 0.0831457544678343 0.0813735666464126 0.0893829990327527 0.106088040885457 0.113303423052313 0.11888576421922 0.124849765135245 0.13209311067909 0.140703285513476 0.155926236325589 0.173628088562371 0.197526244022013 0.218582976273084 0.235987212660492 0.247086297300994 0.255081917738591 0.249688476494001 0.251624790304553 0.264947218717356 0.288089253411687 0.314826803355167 0.326747442901483 0.333900978956242 0.332032502017603 0.333279150364363 0.33610394939135 0.347492424317437 0.355522485686765 0.355337252919126
-9999 -9999 -9999 -9999 -9999 -9999 -9999 -9999 -9999 -9999 -9999 -9999 -9999 -9999 -9999 -9999 -9999 -9999 -9999 -9999 0.0884015653245279 0.0877762488187769 0.0853144374442094 0.0827774653241705 0.0803664147420133 0.077907836311285 0.0754141725704645 0.0747055390559648 0.0741231867979164 0.0732167500536204 0.08007189547166 0.0938268883476102 0.103217189816717 0.111215689531052 0.116157792666272 0.122542179978119 0.130467478327565 0.139283913104633 0.148778502668994 0.161642910843471 0.177839233363258 0.198318551576055 0.22250271276948 0.246162421234345 0.248137576276823 0.253556713427489 0.264325766731819 0.277899984473505 0.292835304352106 0.315266034943483 0.33098193475039 0.333989637495239 0.33539510160233 0.335988857105625 0.341726665722711 0.345523241255861 0.344562788657294
-9999 -9999 -9999 -9999 -9999 -9999 -9999 -9999 -9999 -9999 -9999 -9999 -9999 -9999 -9999 -9999 -9999 -9999 -9999 -9999 0.0851473506280919 0.0853150298571222 0.0814142476101205 0.0774838121199486 0.0742274088272571 0.0717048971996126 0.0697241482945929 0.0671499445986473 0.0649188082722164 0.0642321403278178 0.0707690750913789 0.0837276073770711 0.0889656374325942 0.0931780509644466 0.0992293072747868 0.106426077820473 0.114846695620105 0.121426462909954 0.127717833854548 0.135243234744051 0.149046223557024 0.170918712138663 0.198513859275646 0.226859843633473 0.241356592410722 0.254260584593642 0.264690372798378 0.272828854122526 0.280463734719795 0.303333471587782 0.322026358580692 0.332814320935162 0.33695373743567 0.337724940397179 0.339055100642463 0.339106313347528 0.336146182496741
-9999 -9999 -9999 -9999 -9999 -9999 -9999 -9999 -9999 -9999 -9999 -9999 -9999 -9999 -9999 -9999 -9999 -9999 -9999 -9999 0.0848880672151866 0.0846383715400781 0.0795602498949698 0.0743351934659217 0.0695874923817509 0.066624519041927 0.0649790411962908 0.0599978162326758 0.0554823183068693 0.0541907166125186 0.0614768295528184 0.0763883107851374 0.0693963705479018 0.0619045131051212 0.0717855593931152 0.081928455253709 0.0923511065904762 0.102017703416325 0.111494340433782 0.120951005630034 0.135510288767447 0.156628711306452 0.175284277700778 0.194301556460471 0.227898547155724 0.253396645595634 0.2663138440359 0.274291868889987 0.280373586050716 0.290824934215488 0.3053641572011 0.327639914502423 0.337800868555227 0.341824353570401 0.340333782141838 0.337262801266034 0.330739769737548
-9999 -9999 -9999 -9999 -9999 -9999 -9999 -9999 -9999 -9999 -9999 -9999 -9999 -9999 -9999 -9999 -9999 -9999 -9999 -9999 0.0570335852104147 0.0587183740760941 0.0563268504327702 0.0545394104634882 0.0552569621560906 0.0620098695959291 0.0732181086839641 0.0620907213224099 0.0509177721141668 0.0495258508830197 0.0482056703481885 0.0469492654522349 0.0476821919196483 0.0504831243320815 0.0619090180823376 0.0731897869914973 0.0843155070738729 0.095209572823488 0.106419574555409 0.120379560093205 0.134526491938564 0.148913733151792 0.16369808800527 0.179769047527315 0.210416239938435 0.237414938970762 0.258746032002074 0.272608011195116 0.283335307748186 0.291292427394144 0.301204486034272 0.314816377295601 0.328381276682553 0.341922369560385 0.344541917127516 0.343408405118771 0.333982936445104
-9999 -9999 -9999 -9999 -9999 -9999 -9999 -9999 -9999 -9999 -9999 -9999 -9999 -9999 -9999 -9999 -9999 -9999 -9999 -9999 0.0346931446992878 0.0288438799289598 0.0289316785858071 0.0312009570369589 0.0386592773415078 0.0576713190139482 0.0852123791271633 0.0673487224899427 0.0485342593872127 0.0464009341982756 0.0342154541153676 0.0130938661692636 0.0265675549713093 0.0450887137123641 0.0576487519327071 0.069635816145979 0.081010725011462 0.0925503946959141 0.104970680816973 0.123577444222003 0.136923623364278 0.143507605941746 0.155972202491761 0.170835644728121 0.191948371359937 0.216772626344924 0.247362406488773 0.26878611898598 0.286208513700994 0.29480760625705 0.300526054720295 0.300792721303682 0.316215436069828 0.339316342098874 0.348333939635209 0.351103061928752 0.339889075741173
-9999 -9999 -9999 -9999 -9999 -9999 -9999 -9999 -9999 -9999 -9999 -9999 -9999 -9999 -9999 -9999 -9999 -9999 -9999 -9999 0.0394387885987364 0.0412287038492829 0.0345876318620318 0.0298878586966281 0.0323664720089937 0.0548902201863236 0.0922113933202758 0.075083861722648 0.0537576101455279 0.0410230160788086 0.0270578527720349 0.0119987449749258 0.021259862597536 0.0355626624096247 0.0532078856999023 0.0677193524361032 0.0788827688077642 0.0912416169464433 0.104163691128855 0.119053793947576 0.131429682131785 0.14057368337806 0.149820038976908 0.159705546267001 0.177218608307798 0.198405221800397 0.225298366754527 0.251094443002382 0.275980477126529 0.28467033029854 0.293383799825346 0.302141964639383 0.310738499023863 0.319253149969 0.335483306004936 0.346371794777276 0.344449699748874
-9999 -9999 -9999 -9999 -9999 -9999 -9999 -9999 -9999 -9999 -9999 -9999 -9999 -9999 -9999 -9999 -9999 -9999 -9999 -9999 0.0478230069446339 0.0483388892455916 0.0379394070590171 0.0294102464926456 0.0283184394508916 0.0534330766816766 0.0978934501779027 0.0798593771302412 0.0555484874300207 0.0356599146266392 0.0213725577945621 0.0120645382899125 0.0174303009250449 0.0273665586643721 0.0470301632322944 0.0634941198000247 0.0765396287415324 0.0895026832582273 0.102450472971631 0.115436246751243 0.127277997533934 0.137649168625579 0.145424502335656 0.152797770579692 0.165679361766582 0.182462324575729 0.205305716971238 0.231991600027105 0.259750160962944 0.269971921813656 0.282327977326843 0.298723306208164 0.304676495010857 0.305339601085462 0.323567538282284 0.338420887255534 0.344630786322554
-9999 -9999 -9999 -9999 -9999 -9999 -9999 -9999 -9999 -9999 -9999 -9999 -9999 -9999 -9999 -9999 -9999 -9999 -9999 -9999 0.0471071184008114 0.0464706172577063 0.0377370949703878 0.0302213327105675 0.0277328642646887 0.0540180725509399 0.101544161731137 0.0800698107406389 0.0520449343744994 0.0303196671931465 0.0179582267597543 0.0139209881233564 0.0158806869611258 0.0212218370354525 0.0381734209802908 0.0557077187108779 0.0738645775974234 0.0871002540847879 0.0993394396416429 0.113216321317881 0.125196681230181 0.134739164983364 0.143738480767603 0.152402730961426 0.159061338228129 0.170259116881582 0.188508089636335 0.210712097744028 0.234261608309479 0.248238179008893 0.265235659217823 0.287950381541385 0.297712052472146 0.300911590264191 0.313093757646466 0.325503834535504 0.338056640541858
-9999 -9999 -9999 -9999 -9999 -9999 -9999 -9999 -9999 -9999 -9999 -9999 -9999 -9999 -9999 -9999 -9999 -9999 -9999 -9999 0.0477867410669586 0.04760070885196 0.0390785038195087 0.0313676804695959 0.0275556567411247 0.049434743968272 0.0902791456709273 0.0767211637844399 0.0560702363281754 0.0331912447679572 0.0212382375116407 0.018998150050244 0.0180217733996099 0.0192919634190958 0.0307469217238936 0.0455755727451709 0.0640086177052692 0.0760263177389115 0.0875550936014742 0.107186559367795 0.12241690563542 0.131989850810527 0.141496293249881 0.150760506587868 0.157246814841406 0.165847898496784 0.177734095352017 0.194652017819235 0.213667310428277 0.234043990970457 0.25374111291592 0.272152131780085 0.285973423939 0.297469518984369 0.308178886798658 0.31883852925587 0.329416153691701
-9999 -9999 -9999 -9999 -9999 -9999 -9999 -9999 -9999 -9999 -9999 -9999 -9999 -9999 -9999 -9999 -9999 -9999 -9999 -9999 0.0510977611217814 0.0500585491196517 0.0410330401095808 0.0326461726089471 0.0275941059496626 0.0429405666621844 0.0733453285556818 0.0719743460271642 0.0629074816094597 0.03928216235181 0.0271876585401518 0.0253437538948262 0.0217031714121502 0.0192418870035476 0.0243613632272151 0.0350643653119142 0.0517327081854908 0.0618981792943176 0.0726410495477607 0.099501380547733 0.119081539440051 0.129303430817078 0.139069002721646 0.148619454119157 0.157320281561837 0.164608706819384 0.169703092436669 0.181058734992216 0.195353472444104 0.222903537651835 0.244438054846711 0.254587807177455 0.27234698560762 0.293961168210885 0.305212119973315 0.314580151216479 0.319999896617457
-9999 -9999 -9999 -9999 -9999 -9999 -9999 -9999 -9999 -9999 -9999 -9999 -9999 -9999 -9999 -9999 -9999 -9999 -9999 -9999 0.051893196030987 0.0521344152190306 0.0425485844114596 0.0337958493063814 0.0292829653239065 0.0426041577531806 0.0690905600526449 0.0687487195469053 0.0617113291380972 0.0416437496857543 0.031583133959138 0.0304184523063006 0.0267952653101398 0.0247921201592856 0.0331941566498813 0.0434796093845792 0.0557772708961342 0.0631192303027442 0.0706058604424199 0.0881995473061089 0.106753147091353 0.126540663022872 0.137982520651809 0.146718165391208 0.155372199066436 0.163705955638951 0.17154219056599 0.178992266812051 0.186769282019217 0.211575518930206 0.232492171693288 0.246047566454846 0.260355013955857 0.275043458185281 0.292081661536314 0.306029085197998 0.312655795011558
-9999 -9999 -9999 -9999 -9999 -9999 -9999 -9999 -9999 -9999 -9999 -9999 -9999 -9999 -9999 -9999 -9999 -9999 -9999 -9999 0.0974650879421207 0.0638688863550525 0.0478339374818947 0.0357615701997109 0.0318495991204283 0.0434139069588583 0.0664028860422235 0.06481866498237 0.0579319143036647 0.0422080111393528 0.034479254573627 0.0338579782587159 0.0303090495884005 0.0288321791800787 0.0404667651633484 0.0504867658543518 0.0587817720274116 0.0649518636921708 0.0711652328760618 0.0815741669510915 0.0972313905737014 0.119635006569689 0.13421779222652 0.145973065436157 0.153983288016104 0.162582249717587 0.172095764641953 0.17712279473776 0.180768381714447 0.200360265978783 0.219217421988977 0.236684063220707 0.249465309264918 0.259872891676089 0.278195688623896 0.29290240059973 0.298820126371427
-9999 -9999 -9999 -9999 -9999 -9999 -9999 -9999 -9999 -9999 -9999 -9999 -9999 -9999 -9999 -9999 -9999 -9999 -9999 0.118335863165462 0.106261023532103 0.0868238563874838 0.0602008920290509 0.0392602335146616 0.0360651358259995 0.0463767189578496 0.0666590055646814 0.0595653393268809 0.0492998303583585 0.0393959884390786 0.03455883094157 0.0342258259346758 0.0308579726707775 0.0300353697970068 0.044808559825169 0.0548488238960115 0.059832513148963 0.0679333571321524 0.076598499969602 0.0837335228256236 0.0929819111570894 0.104946916511385 0.125421966864965 0.147399870907665 0.153644782854839 0.161043479394891 0.170234476428203 0.175623380669037 0.17962020266228 0.189356843996476 0.203446390932782 0.225774057928952 0.24064621765192 0.251741349873041 0.26289047862194 0.271180397437346 0.272790022013681
-9999 -9999 -9999 -9999 -9999 -9999 -9999 -9999 -9999 -9999 -9999 -9999 -9999 -9999 -9999 -9999 -9999 -9999 0.120244963791862 0.119998759505305 0.111161012539438 0.097084790119431 0.0729369147326234 0.0520876640922983 0.0426415094300747 0.0479533858743968 0.064159719217001 0.0533118434601517 0.041016474819657 0.035373412554379 0.0343344641028607 0.0373884547363603 0.0340527146255588 0.0322213284926741 0.0437822457026882 0.0543869496297872 0.063970052109806 0.0731738182157135 0.0821544736967253 0.0901836550956486 0.0987814289955755 0.108110097804702 0.121148193660046 0.135381706342263 0.149558054387485 0.16135798641497 0.169466370100524 0.175860620355723 0.181538325534222 0.186680466240966 0.195422736373405 0.210978455073522 0.226526512499858 0.242070688655516 0.252791263904323 0.260733074178985 0.262394017382364
-9999 -9999 -9999 -9999 -9999 -9999 -9999 -9999 -9999 -9999 -9999 -9999 -9999 -9999 -9999 -9999 -9999 -9999 0.120670174023015 0.121826392060953 0.11410216692178 0.100963316570163 0.0858585004228629 0.069605485550561 0.0504048831540564 0.0488331158783976 0.060275048262566 0.0465554741584039 0.0329084556884459 0.0307421852308711 0.0339572783112753 0.0419562655450905 0.0385777421755819 0.0349014110424896 0.0400569116798174 0.0514996607864238 0.0696595955346965 0.0795500607950201 0.0877721428289269 0.0987911376253082 0.109633460607589 0.120248681527676 0.119148053358591 0.116603574133157 0.143586764764473 0.162604298774711 0.169247902348331 0.176971028458751 0.184998147772983 0.188190825189689 0.191294368623767 0.194229220954146 0.209741723236973 0.231626176889191 0.245309560388203 0.255954523043961 0.259858648215387
-9999 -9999 -9999 -9999 -9999 -9999 -9999 -9999 -9999 -9999 -9999 -9999 -9999 -9999 -9999 -9999 -9999 -9999 0.127489915510886 0.127996827811756 0.117734473840794 0.100905832634834 0.0869094299075392 0.072988165569552 0.0587549964981388 0.0527115478142813 0.0527137941914428 0.0360356449963803 0.0216199897717082 0.0230777657220762 0.0282481244603949 0.0367188740695377 0.0417724852522131 0.0457121619782153 0.0471364624020148 0.0533585421122352 0.0647064847960768 0.0781374509241687 0.0914908645206276 0.100472653282187 0.109123381503782 0.117348549305798 0.123772583671963 0.130292588329031 0.145353578930411 0.15781863811777 0.166251151557384 0.174282982192912 0.182087231449116 0.187656198039239 0.191535089330265 0.192215417524167 0.200051554990402 0.21151289023717 0.228717705176737 0.243470258342928 0.252246231029056
