layers/veg/veg_4700.asc
NCOLS 255 
NROWS 330 
XLLCORNER -2985163.8955 
YLLCORNER -3022031.214 
CELLSIZE 25000 
NODATA_value -9999 
[rows 75 to 99 of 330, columns 168 to 223 of 255]
0.811512122199604 0.78610738944673 0.78122581105017 0.77696644825422 0.77352936068068 0.764334592762257 0.752546185767078 0.731512005203487 0.714805670185108 0.70501753683553 0.700960294831953 0.698962681821747 0.67994165056966 0.661513840070895 0.644243164645689 0.647551155469225 0.661605433602567 0.653020489457457 0.643731647355596 0.634146814528389 0.635476148004456 0.643753423254372 -9999 -9999 -9999 -9999 -9999 -9999 -9999 -9999 -9999 -9999 -9999 -9999 -9999 -9999 -9999 -9999 -9999 -9999 -9999 -9999 -9999 -9999 -9999 -9999 -9999 -9999 -9999 -9999 -9999 -9999 -9999 -9999 -9999 -9999
0.792233871628521 0.771413752641703 0.764593393173011 0.759405005735972 0.756373314730167 0.750249498309081 0.742357699086047 0.724260997620315 0.709376553407935 0.699627006746449 0.689765945263662 0.679556218319846 0.65521224342327 0.638344667426926 0.636060538390106 0.640517446955573 0.648494560667706 0.641178570332766 0.633561351173873 0.626164687391886 0.623690280858949 0.624349375851644 -9999 -9999 0.587500858372049 0.587500858372049 -9999 -9999 -9999 -9999 -9999 -9999 -9999 -9999 -9999 -9999 -9999 -9999 -9999 -9999 -9999 -9999 -9999 -9999 -9999 -9999 -9999 -9999 -9999 -9999 -9999 -9999 -9999 -9999 -9999 -9999
0.776894421083385 0.758785415805172 0.75154619511558 0.745940496686356 0.742493543358731 0.737775449934952 0.731930672091659 0.7163048223921 0.702858630076643 0.692896690883108 0.67772307352695 0.660109450870119 0.631399113260014 0.616133634971212 0.627093669179397 0.632640545780256 0.635360643123487 0.629595422236073 0.623913550799028 0.618958477635736 0.61295013039877 0.606271270478339 0.593975942342057 0.584412243958326 0.584479695150862 0.575821177655788 0.560447311481442 0.562168882684561 -9999 -9999 -9999 -9999 -9999 -9999 -9999 -9999 -9999 -9999 -9999 -9999 -9999 -9999 -9999 -9999 -9999 -9999 -9999 -9999 -9999 -9999 -9999 -9999 -9999 -9999 -9999 -9999
0.77014609150649 0.75054864862585 0.746276184005841 0.741417547681867 0.735784269147421 0.728800720904344 0.72091626290089 0.706775403935755 0.693946811042961 0.683215918088102 0.663827614953376 0.640613969179463 0.609649457260258 0.596054134160032 0.616339111890688 0.622851532876677 0.622171852587501 0.618543243560899 0.615347753248958 0.613380073889965 0.610138124951658 0.606084977924989 0.593975942342057 0.58301740748274 0.577439528725313 0.569516091863671 0.559787555639287 0.562168882684561 0.565351351534059 -9999 -9999 -9999 -9999 -9999 -9999 -9999 -9999 -9999 -9999 -9999 -9999 -9999 -9999 -9999 -9999 -9999 -9999 -9999 -9999 -9999 -9999 -9999 -9999 -9999 -9999 -9999
0.757965223922146 0.743991505194549 0.738955794390113 0.732787806222918 0.725123482027856 0.699687907798017 0.671326530397803 0.685383208336382 0.690548510480676 0.681500659633407 0.646146784412375 0.600414080057581 0.589476438900252 0.588791673544875 0.608106144778613 0.614001083273383 0.612888271477965 0.614911746018361 0.615450305652326 0.61221144832857 0.607004298967848 0.600544137871116 0.586023708987585 0.572052040247638 0.561628359080901 0.554195028334476 0.549063017529082 0.554418115248771 0.561399893943336 0.569330349344529 0.582368513121026 0.600136866241167 0.615436394775191 -9999 -9999 -9999 -9999 -9999 -9999 -9999 -9999 -9999 -9999 -9999 -9999 -9999 -9999 -9999 -9999 -9999 -9999 -9999 -9999 -9999 -9999 -9999
0.742636215057221 0.738407699243764 0.73044721590085 0.72177818949408 0.712172803721122 0.658905128700909 0.599382500959338 0.657116565034096 0.690345279161763 0.684401395485866 0.626272340916128 0.548216042071424 0.570217077845801 0.588956653525739 0.601334432445958 0.60569452859839 0.605867748811436 0.615580513392818 0.620576143725397 0.613598277459142 0.603683978841682 0.591900351827337 0.573463177621816 0.555540575972849 0.540734416473364 0.533649229762477 0.532505964948724 0.542175798764022 0.553686625815292 0.566825887465136 0.582368513121026 0.600136866241167 0.615436394775191 0.627955290614488 -9999 -9999 -9999 -9999 -9999 -9999 -9999 -9999 -9999 -9999 -9999 -9999 -9999 -9999 -9999 -9999 -9999 -9999 -9999 -9999 -9999 -9999
0.731037335940787 0.726686321950356 0.718953574258833 0.710300318777253 0.700430586648257 0.644558650624934 0.581912645591221 0.640238303930441 0.662867963067497 0.628436408103888 0.584383744389289 0.538069746910382 0.57641800281115 0.604139805170758 0.611133671039373 0.613979666107234 0.614659621315656 0.618285418887982 0.617277631188097 0.604906438898824 0.594457821447474 0.585233112232317 0.567978946983387 0.552153758731054 0.54255167772877 0.535245088724133 0.529705069106408 0.544955456872795 0.561844997072827 0.574318178613658 0.587584962168405 0.601586691321743 0.604547628040313 0.606547636854873 0.615000349515152 0.62095273507282 0.624122345763074 0.648056121374938 0.678738963956473 0.719789320167101 0.75153109925356 0.770799390592849 0.775705525376662 -9999 -9999 -9999 -9999 -9999 -9999 -9999 -9999 -9999 -9999 -9999 -9999 -9999
0.718931510679014 0.714258196643293 0.705384176350713 0.695038188250285 0.682746953750712 0.631149377015587 0.573987003748514 0.623307080745099 0.635074242536534 0.586811849685461 0.559943389154472 0.543375038622113 0.585666492134319 0.614358259603871 0.616522509920334 0.618010040201616 0.619144183735746 0.617857950938988 0.612417106252647 0.59710106968291 0.58661339061047 0.579199436623608 0.562454858659731 0.548218273640033 0.543795689245499 0.53749638453876 0.529752789608082 0.548632503330045 0.568630006615043 0.579075437973793 0.590065709723116 0.60156055182378 0.596306800246149 0.590215258340804 0.597285599323752 0.60628573130115 0.61743365181114 0.644741804024452 0.677425745806096 0.719181864309357 0.751834127518793 0.772287230110577 0.795408154088911 -9999 -9999 -9999 -9999 -9999 -9999 -9999 -9999 -9999 -9999 -9999 -9999 -9999
0.704928976081084 0.7007671892983 0.68659511476344 0.669566493667631 0.648762866840004 0.616597497258552 0.584377521312064 0.604643634737199 0.610225552148974 0.592334305303066 0.585948296832541 0.584768608621253 0.599638474391477 0.609002065507549 0.60762512960855 0.608173879783451 0.609728233313229 0.608641589251492 0.604490472804622 0.593108354152315 0.583344300914554 0.574610305674276 0.555835566086761 0.540962474973372 0.540315535122438 0.538439035571222 0.535616288972259 0.552650877340075 0.569472382477659 0.575012324110855 0.584391010196473 0.597324712889855 0.596774290341727 0.588408719788934 0.551783247709036 0.551795449868966 0.592584076428973 0.632428581228915 0.672546928856848 0.716925067954669 0.752959926333024 0.777814793565871 0.799110242282142 0.817916643397911 -9999 -9999 -9999 -9999 -9999 -9999 -9999 -9999 -9999 -9999 -9999 -9999
0.675924016052158 0.667623713936001 0.658004690173965 0.640722361009024 0.613312760608214 0.588268615055774 0.565773341234007 0.567796775078899 0.575172878158192 0.591105396858862 0.591824823832739 0.586320314345065 0.590544109653514 0.592931126873925 0.591735328867278 0.593278536073434 0.596252066149112 0.595388687645503 0.592300061581334 0.584079582621192 0.5753143248716 0.566202261767979 0.550870371954561 0.539046272900974 0.539358934214793 0.539947397242601 0.540748112312798 0.553785364158786 0.566432521717763 0.571100035243633 0.580862199999322 0.595342462028025 0.597761471173133 0.588241594524373 0.526516716678052 0.502568582175737 0.520664615350786 0.596468411804769 0.680955257039405 0.712181126004187 0.738585222565447 0.758528147006341 0.784716092103766 0.812373799080861 0.830229849970877 -9999 -9999 -9999 -9999 -9999 -9999 -9999 -9999 -9999 -9999 -9999
0.636372156600672 0.620664298975336 0.622523780425025 0.60950736069575 0.576832023802579 0.550254321663455 0.526785513110494 0.518166740072608 0.532946671509797 0.585130192020618 0.583550838469122 0.559862673363441 0.565233804171675 0.569327584029524 0.570929765982792 0.57482652097152 0.579921514018747 0.579298046186628 0.577112159348163 0.57151039848357 0.563937384053154 0.555109472581934 0.547068030453761 0.540883876404601 0.540176423908224 0.541853460821473 0.545365557930435 0.55289244092352 0.560663398320933 0.567293778302217 0.578841977799103 0.59494451277433 0.599114001324009 0.589226998038095 0.515476229656504 0.457041962524361 0.415654414875107 0.543884132573195 0.69870462037409 0.705688688480853 0.713313464686093 0.721796789357899 0.757600051927676 0.801434697126945 0.826049255598303 0.841275025990694 -9999 -9999 -9999 -9999 -9999 -9999 -9999 -9999 -9999 -9999
0.662391182996186 0.650918707731399 0.639092894244857 0.618692551488382 0.586960729811129 0.548080068560481 0.509411336818648 0.507207359241662 0.521694806896728 0.56286403990867 0.556302828679626 0.530064724708445 0.527338394811618 0.532834156899881 0.55436791320982 0.565978842828714 0.572408020372013 0.569527086492497 0.565797169899463 0.560595417818176 0.553577884082629 0.54540442649021 0.542076383310887 0.540710219860382 0.544194902152317 0.548159846404753 0.552494391630744 0.553395713121948 0.555778252732948 0.565847186003853 0.576287109055917 0.58707060143115 0.556021504536745 0.517494846493844 0.482539271686168 0.45228368192282 0.427259007844432 0.54586485013759 0.685323430315315 0.68603753399668 0.688406981671488 0.692994589301801 0.738684832672965 0.795046965072632 0.80164597788692 0.815133109504776 0.839790683405125 0.847201281084534 -9999 -9999 -9999 -9999 -9999 -9999 -9999 -9999
0.687492960451543 0.682014420131924 0.654248152706635 0.627581661283027 0.602368554434631 0.557553975509192 0.509292771364237 0.504751999291794 0.513037539409885 0.541826356152368 0.531268888506463 0.504570437166191 0.500982133770189 0.509760085847318 0.542659628169552 0.558805720684879 0.566203073953491 0.56175987834552 0.556378686253627 0.549467630602103 0.542022732682352 0.534237991581455 0.536504141445048 0.540555264605029 0.547706751517178 0.55355380673148 0.558396994754307 0.554835581210133 0.553524286615218 0.565565369847973 0.574149040201076 0.579530840682559 0.522869360663348 0.464084526614004 0.45938994592243 0.458141949308925 0.460729877819321 0.557251159834639 0.665320788599116 0.665631421493506 0.664415371543677 0.661153567500913 0.713936650158569 0.781112194488616 0.77808479499848 0.792004724634313 0.833408088752421 0.855131491900948 -9999 -9999 -9999 -9999 -9999 -9999 -9999 -9999
0.685516647812689 0.687909190620398 0.645522969409832 0.620723300235194 0.619164748725534 0.594499232011375 0.561338071606019 0.517797422598559 0.502124066926557 0.530997484757513 0.520850377782882 0.495266717350199 0.519358649846206 0.538071628747418 0.546292432806944 0.553960135718952 0.561339006314483 0.558662139179352 0.552147860603063 0.536996818393538 0.525936908186425 0.517481406429031 0.529345085825812 0.541198055216616 0.548289803873963 0.554170179157222 0.559118303262531 0.559025530774814 0.560102963350301 0.568476562435311 0.573655909119332 0.575877095791494 0.540493499703813 0.500911528296497 0.478271367197716 0.486086955816723 0.527798707379531 0.5814849679824 0.633620618478854 0.647392149025437 0.643473814299526 0.615851070749129 0.665906369304704 0.739260993822031 0.76482039996385 0.794050058789919 0.829231755747258 0.851599647119057 0.868166899117916 -9999 -9999 -9999 -9999 -9999 -9999 -9999
0.663898704746757 0.659565563240496 0.636104322274563 0.618582926896814 0.608911202673749 0.599029063505039 0.585700807150543 0.525220355960324 0.49584679049417 0.516198592183396 0.514437400531138 0.504050725688265 0.527554654799119 0.542125263561634 0.539270557649139 0.544640105178921 0.55430440093636 0.551949316170811 0.545024807522579 0.527818828780889 0.519746266942779 0.517488024501959 0.525797197760723 0.533802226860106 0.538421236482005 0.543474332132886 0.548861492590299 0.551455468050871 0.554809154332144 0.562647651657804 0.568070379157237 0.571255890306583 0.550722886894795 0.525875580953337 0.50264694748984 0.5139472473995 0.563677018352802 0.579845368383449 0.588718334144849 0.610271787127669 0.61927635240207 0.611465415695489 0.651421120855683 0.707044438965348 0.753072923644893 0.791790092535772 0.818650521821051 0.838729090315654 0.855647300204057 0.858723485001238 -9999 -9999 -9999 -9999 -9999 -9999
0.625634773861478 0.602205406098114 0.626097974914962 0.620440977530158 0.575733406523044 0.576087307451324 0.586602983426852 0.527878313243024 0.493498620827059 0.498035166077408 0.511419052947725 0.528163812925861 0.527122828942411 0.525620684330451 0.523219000828788 0.531528048981886 0.545430297309817 0.542172763711222 0.535450634981928 0.521431457036058 0.521941645408608 0.53170120642092 0.525309720151024 0.519593789238592 0.51969507777776 0.523191548429598 0.529300890217289 0.533918970919225 0.539453591328362 0.549411634087855 0.558169117359728 0.565814776447941 0.554685332567323 0.540785961858453 0.531678745320085 0.541735744351212 0.573121831638351 0.556278442955018 0.532627455604905 0.557149984523153 0.592319560040626 0.641756171596738 0.665364785316093 0.682993102235071 0.742611013234415 0.785881448619889 0.802641230223582 0.817944114842394 0.832659652056685 0.849546496417621 0.860767566432288 -9999 -9999 -9999 -9999 -9999
0.592516114705838 0.576847751500562 0.600908590316969 0.596675618138196 0.555051587769835 0.560714553930839 0.578022550427076 0.536379265743254 0.507243121376643 0.498100047028482 0.501894922693336 0.510853363723996 0.505464530636266 0.501024441948945 0.498434971965379 0.503926563330682 0.513638127262399 0.510159410898712 0.502798150184189 0.486885407880582 0.4970273521479 0.523755670509263 0.516887354794467 0.508788097341186 0.50475623415166 0.511508649904899 0.526560452917917 0.526308847359095 0.527346373072598 0.541545469483112 0.551542070466 0.557646789291993 0.53024271412264 0.50094840213022 0.496822068285681 0.511430390412512 0.546889716286945 0.533110601156642 0.5102332440017 0.51903519311044 0.545698137758703 0.596294805686337 0.653953121228339 0.712845768837521 0.754338378181214 0.785797378390467 0.800984903772185 0.815326049672745 0.829110489521507 0.832048933223943 0.835480200200263 0.839887504011645 0.841414452506734 -9999 -9999 -9999
0.561138339924435 0.554879679191191 0.571541480277446 0.566936094906445 0.534225531110115 0.544377022257183 0.565410791956146 0.537576799685528 0.512691541969142 0.49251993221011 0.485151835872828 0.483117802834645 0.477393010474522 0.472457764256422 0.469062604975619 0.471578482217928 0.477181133695666 0.4754175566848 0.46946771131707 0.45387268759388 0.469857561259053 0.505946149874281 0.501699310359106 0.495143215375747 0.490936783215392 0.50228026350145 0.525590676943946 0.519561327748002 0.515143051508858 0.53254117924741 0.542840857999255 0.546566745671783 0.506601633804338 0.46455411057254 0.457402075216342 0.472442967071411 0.512183795192165 0.508676932145307 0.495137397306633 0.492791179831394 0.50992922673699 0.553176176192899 0.641696365381706 0.740609356764072 0.764591774884199 0.784683966595421 0.798467389424204 0.811753488199471 0.82442706447096 0.814691766515047 0.814285150917153 0.832353997186676 0.838599238509974 0.838576490715043 0.82796743799667 0.817350147381088
0.533928555998455 0.524327816846476 0.534325993749893 0.528944564701824 0.503238558623008 0.517814406386514 0.541299866209855 0.500454236554503 0.467429224447948 0.446905723500221 0.439860446156141 0.438483064211704 0.435692763513427 0.431617856055741 0.425037197528632 0.428216082025421 0.436491451011511 0.444908470870522 0.450522090159667 0.449362289043344 0.45281625161939 0.459207329189119 0.461151325124079 0.465742154550718 0.479433599270836 0.497906435777983 0.520058945473473 0.509275643567349 0.50002649229249 0.51417805894683 0.522030179647695 0.524048456689032 0.508255121598782 0.485719519087511 0.445340857320635 0.437305184076849 0.465266103240961 0.478067730398101 0.488304424653616 0.510218670086814 0.53944399779678 0.578466171359916 0.644778636154883 0.717736610139643 0.751152509096154 0.774370993540584 0.781052360451732 0.789953518268209 0.799716393046025 0.804306116633432 0.810441133521157 0.819636604859826 0.828943536128437 0.838309555097558 0.82796743799667 0.817350147381088
0.510310100433704 0.506101716301579 0.508756718321758 0.503746940193025 0.488607941910557 0.504033931009766 0.524980790675244 0.479799556997624 0.44520214257356 0.427523306979844 0.417912213006199 0.411726731265497 0.406239894940801 0.40058401342529 0.394598392738967 0.400390673988714 0.412333437324221 0.421806905224181 0.43046476290759 0.437307517266926 0.439764776217937 0.4394302354199 0.440249049007949 0.446032975553007 0.466678717097358 0.489334954133325 0.513538432367106 0.49768353263526 0.483575134122254 0.497453766497606 0.506348709451695 0.510628315573622 0.506825090319845 0.493061585409292 0.433650463121929 0.413445661348269 0.436876095642468 0.459560565714487 0.483123428033693 0.515445652373562 0.54942476986374 0.585624123178691 0.637721557658166 0.694006561128987 0.73192690492751 0.753213607357167 0.747525581830288 0.760573295192429 0.781480407734578 0.791662600183349 0.800446788741258 0.806462229625612 0.816121087261885 0.827711411372053 0.816421154471561 0.804970618761283
0.490350279651871 0.500432379246653 0.495051919970554 0.491582996729221 0.490640221524982 0.503275150980083 0.516599595317643 0.47592139175112 0.446442008272094 0.434864302431183 0.419744619209701 0.403183869852042 0.389263937434106 0.379540015490226 0.378000822184634 0.388393442661439 0.405016918796373 0.406251686838691 0.409274894663086 0.417566980357611 0.430777910023366 0.44712016832725 0.439360669558423 0.436197317547739 0.452648678152506 0.476487148772762 0.506010606500132 0.484760510721669 0.46576396103408 0.482399015782553 0.495892575810644 0.506476834101518 0.502253750588732 0.486321241136104 0.42233784236517 0.401075768959645 0.427361006626068 0.453382246876055 0.479625367744649 0.508243472430163 0.53950544899122 0.574310212275188 0.620335104572519 0.669403142708952 0.706806518456713 0.721008568861897 0.697585097262106 0.723470754626201 0.769840453039274 0.77671890164695 0.784186851002497 0.792822306997255 0.800072542735622 0.806588438521588 0.793112194223696 0.779979552167533
0.471768913396904 0.475368301141021 0.476639827592417 0.48167129150395 0.491671617347344 0.500562800859822 0.505060670956363 0.453387140448144 0.417438340682698 0.40662603373559 0.406808557730691 0.41141349765584 0.405436328915171 0.403988508595808 0.411375625168496 0.417846282182914 0.423838359215426 0.422512412144565 0.424251475109775 0.433839810082861 0.443052662755752 0.452026483963813 0.453177971187222 0.456288440139227 0.467188902441138 0.481596145584376 0.498702144239394 0.48675415100248 0.47584644756649 0.484338291280912 0.487227115723512 0.484927049159736 0.473753143694402 0.457423359937653 0.422426399406991 0.413451099123251 0.433436978385936 0.461319973104194 0.492210932870074 0.530638886110154 0.566783911370251 0.599869814510377 0.637528307059552 0.67336676282625 0.65924702861494 0.6555664066127 0.668814862597826 0.691045486836099 0.717182830103273 0.745978002810069 0.768722293248711 0.779482807166821 0.776557620122215 0.766377300222633 0.747829339852704 0.736381806815831
0.457594014677317 0.450355444642489 0.46162754379616 0.475632946576785 0.49325048612409 0.497660394177822 0.493533921429502 0.432063877170603 0.389963240015438 0.37882522921763 0.394967195437592 0.422123405798272 0.424969305228407 0.431939211102139 0.446953394713524 0.448231023637432 0.442335351749023 0.440290738105226 0.441633134289618 0.450909855462811 0.454403686041845 0.454216137208444 0.465927513852587 0.476870060186465 0.482700683496257 0.487466746937062 0.491413544234916 0.490388296616559 0.489030128379896 0.488962769937118 0.480707978923249 0.464870901793198 0.447689860157051 0.432107389506112 0.426645641700268 0.429393271328825 0.441277645176852 0.468936935659596 0.502497260675102 0.55023700031407 0.590830291671231 0.621847346629441 0.653049223850989 0.678315428751283 0.614969567513885 0.595968703495335 0.648881992829327 0.664242160475522 0.664331841629278 0.713031175503403 0.749693045945597 0.762514711728457 0.74940964520276 0.722560168514481 0.69784538869416 0.688156128380459
0.470453830063281 0.455092118473225 0.476225021843546 0.491780640381398 0.499965721887448 0.496464259832452 0.486876151742261 0.447035628477759 0.418453905391107 0.407869740065101 0.412756880321564 0.423792529054043 0.416446950737229 0.414051507111619 0.421311785134228 0.421918703625349 0.419051202917646 0.419852829056651 0.42006716488545 0.418637054462475 0.427407227513716 0.442670885608737 0.449319286032158 0.455311491254121 0.46130897110169 0.471140835816177 0.483923574212854 0.482245318638338 0.480412431381495 0.485564977145159 0.485659764735709 0.481070621284136 0.474023663511961 0.464067065433123 0.440877917340081 0.431386236841206 0.437139349125026 0.453027627876727 0.473196647933946 0.506463042595582 0.537105616905205 0.564232273521386 0.605078976263946 0.646454648671166 0.626412626533279 0.625402759473881 0.655257283096236 0.667504901682566 0.672403643731542 0.689459525776305 0.70589642266891 0.721107419039202 0.709570909130362 0.683854876219878 0.650111100530253 0.637557514425472
0.476297083211568 0.459127375389074 0.487678318151783 0.501279657642292 0.495124680602756 0.486917035759863 0.476812553281412 0.449831605338565 0.42929362519311 0.419054938333956 0.416558380620255 0.41716154784487 0.409639731805045 0.40507033023865 0.406259901735403 0.403439308955582 0.398524587384581 0.40468260876659 0.406029811713989 0.395082473452128 0.405259147141288 0.428883334913297 0.4300173674153 0.431170820425026 0.43761725659577 0.45145904959129 0.470992176290142 0.471692482395077 0.471530882549836 0.477843476862067 0.481625044342244 0.483062657299226 0.48322752448473 0.477697399262751 0.442524160026893 0.425259320285355 0.427925890308705 0.430214476592889 0.435450390072284 0.465510934459118 0.494455697968447 0.521905315773076 0.56683502739788 0.614568097192333 0.615506636610064 0.623031427266304 0.641237122450445 0.657689816788477 0.67307591570747 0.670854798342207 0.67308416150165 0.684127704420923 0.673176957838441 0.650566487517966 0.621055310889183 0.611246908723124
