layers/veg/veg_5900.asc
NCOLS 255 
NROWS 330 
XLLCORNER -2985163.8955 
YLLCORNER -3022031.214 
CELLSIZE 25000 
NODATA_value -9999 
[rows 125 to 149 of 330, columns 57 to 113 of 255]
0.0764464190049943 0.0983798764692312 0.130499635335568 0.15174264104649 0.159195856304239 0.197603013769184 0.242521613764745 0.247667391187629 0.240144122922987 0.213219081389899 0.194231799500693 0.17888509519415 0.177450692656606 0.174828094524724 0.1699902436354 0.173157965489975 0.180319909358137 0.264491074504746 0.330701470321689 0.352970488427505 0.446647994638581 0.583865017106449 0.612946535170882 0.633978748063808 0.651964295146226 0.678080589641588 0.710199045035083 0.716489155010232 0.716088260319262 0.702228658930935 0.675603201107431 0.637629224356983 0.589280114563926 0.539596985672551 0.492608171011371 0.448973286916845 0.408921683227978 0.379903380863539 0.355311779369044 0.343200025526959 0.332630721723542 0.32404415402545 0.316850100117005 0.310283674614267 0.305947031209581 0.301138874249428 0.295598263429811 0.286535941763786 0.275972921603424 0.263307097187807 0.250178370948681 0.236173576826035 0.21963800567712 0.201820319967925 0.202810515630883 0.201134150586388 0.192414089327209
0.0662040486912532 0.0707874506908591 0.0991901473080963 0.126864379461541 0.153615048106212 0.175470308464139 0.196792779509515 0.230362455610391 0.232285043544264 0.185742289702062 0.168748481102954 0.163738696926141 0.161639148628607 0.158016042109321 0.151552438143365 0.134513407637322 0.112197977448109 0.186634273584761 0.235600175146375 0.222683178041104 0.304425324155908 0.44388348435309 0.503449537607528 0.550777451315632 0.577692807531662 0.622774506144484 0.681266695141319 0.703299430051496 0.716022769569413 0.710253928474771 0.691174156391919 0.660261308085624 0.613797766872197 0.565119366586261 0.519392885440302 0.476651020007412 0.437097865488635 0.406672370538445 0.379984935799204 0.3641811810531 0.349738909967483 0.337046752495134 0.326419410789457 0.316546835923322 0.307766987307276 0.298904081874923 0.289912155155796 0.27898447476082 0.267271889644452 0.25580722718297 0.243407586283474 0.229238445806036 0.215467664413819 0.201898695341724 0.199593629307254 0.195443208457342 0.18649427546567
0.0807998528191367 0.0728251268250125 0.0876242498310125 0.116945248520229 0.164677405373763 0.141585695892296 0.105540909486833 0.183815043099463 0.195809387046625 0.106300785698091 0.0963023133727473 0.117592742336584 0.116867393305208 0.117131753858396 0.11924131304447 0.100045111694313 0.0702188229697225 0.102535771708095 0.1200658364067 0.101463001549303 0.135263632925188 0.201015950025226 0.335958072570327 0.448132930410537 0.481663801355213 0.541336395507905 0.620306948492668 0.665920249084341 0.699490779455317 0.702988117855525 0.695022360197101 0.676866204170706 0.634242766972188 0.587654218183072 0.543287470458527 0.501478688658189 0.462402792644364 0.430690921319664 0.40203236074915 0.382430895315179 0.364541526682243 0.348852965892751 0.336062751941431 0.324057568877224 0.310132381408971 0.29678261478118 0.28432671262563 0.271385552317377 0.258329651142316 0.248216224017382 0.236548518014132 0.221939251320967 0.211783076642875 0.20388287870692 0.197141492959533 0.189773018253393 0.180889661133538
0.149165568426319 0.0818634766669432 0.0869807933858342 0.101374984093196 0.127530602731632 0.106142980132519 0.0757826830883367 0.118838157742856 0.12631333036767 0.0792997143473526 0.0843938297407257 0.109103896524466 0.091661829431496 0.0812699182598337 0.0840222044067843 0.0818946288235898 0.0773323428493542 0.101751206417847 0.113730305048654 0.0961178878889153 0.0996398117222791 0.116047864469188 0.177696414743971 0.240456833922896 0.297980028273014 0.400016864646553 0.534913907839593 0.597570706789732 0.644803316446926 0.666669067245293 0.671393744288428 0.660880446431315 0.633182818980984 0.600331822968244 0.557093540392072 0.516799845130551 0.479652095146563 0.447567578870063 0.417898118890382 0.396781679585859 0.37708780777298 0.359222569534761 0.343748834813051 0.328830031274286 0.311158775458564 0.295228983533285 0.282004398983028 0.26863067917095 0.255216923954318 0.242539909477968 0.229817551253171 0.217009377419715 0.207527911662995 0.199731786344692 0.192423878534008 0.18498841555252 0.177233861633819
0.226891916944019 0.0999550498814279 0.0940492469810478 0.0897719962337262 0.0875594602603683 0.074560358278632 0.0593214597958782 0.0582929112697052 0.0576620184601954 0.0576401080668748 0.0746210558559369 0.0968337524626984 0.0688588853066223 0.0524232542654789 0.0575011894622598 0.0714692083455017 0.0898727584641764 0.110858327853108 0.121346757721827 0.107621484190594 0.0908265573398332 0.0721599871571023 0.0499021148755827 0.0511504801188508 0.120928006045528 0.259552707457986 0.449000759253924 0.532256746259688 0.595247042236143 0.629931927157656 0.642469515144398 0.635318724233789 0.622525851025673 0.603828715172928 0.560472758198525 0.522363428430288 0.489859502855736 0.45935723839855 0.43038436657051 0.409025891656634 0.388646236470734 0.369524801108239 0.351506108727678 0.333593763797386 0.31253019727345 0.294097033031444 0.279749961927172 0.265919565399751 0.25225631611426 0.237039586553077 0.223354633271423 0.212568653238691 0.20338053155932 0.195001899392003 0.187769724002358 0.18073027262198 0.174091224600518
0.306081724995781 0.155446476913604 0.129011272869078 0.101529880951036 0.0727221086928044 0.0625567903578741 0.0568433163885288 0.0335314745886437 0.0194256737830145 0.0194182924223811 0.0265860818437141 0.0364942327593814 0.0418219761780556 0.0528786561941531 0.0746162734693506 0.0846857180315235 0.088933558843457 0.10032787498463 0.107912297191626 0.106493637611362 0.102571815073671 0.0971237523484337 0.0594299661213017 0.0330723709072947 0.045461190650643 0.171031914295583 0.380154120168697 0.506123756822276 0.600569828653705 0.614439906959094 0.610364504960339 0.590336031272361 0.583483844936601 0.571604353152975 0.522397203602732 0.489185559422693 0.473063231742379 0.452697228798824 0.431762727659728 0.414382671302167 0.397317093025517 0.38065575931415 0.3611665110991 0.340505539731111 0.316610957210233 0.294513782867148 0.275208720312986 0.259543009543944 0.245356943404182 0.230844147651078 0.218062362055152 0.208556611090613 0.200201297227712 0.192428805218884 0.18522843022098 0.178264397146213 0.171827550152865
0.369806835771483 0.233626374853058 0.176482910049779 0.126370703646302 0.0851728836015072 0.0684620344821978 0.057458440856835 0.0216580435079363 0.00792842244666782 0.0279986792888144 0.0215707010258002 0.00547503826749028 0.0204010101788644 0.0394191594924242 0.0660666985439521 0.0754590958746155 0.0762423818882199 0.0844541601758846 0.0932970495154661 0.103333354841287 0.108920307592058 0.111794380348956 0.0671202004978135 0.0273653185896027 0.0106895305570759 0.124220443403841 0.333870633975112 0.476399994260214 0.583003857576052 0.585464504926828 0.576567525973496 0.557573908558669 0.536247030602926 0.511941789438344 0.47473176664449 0.454564173193424 0.452604411393973 0.445865943051993 0.437108069351041 0.422192642333439 0.406310398619268 0.389185364329414 0.368061750994988 0.345382737241381 0.319407432443309 0.294546965477804 0.271418298719679 0.253741988916939 0.238376519549291 0.225825573043412 0.214527142301624 0.20559916848784 0.197955373101386 0.190962154135767 0.184034853122956 0.177194055638624 0.170552436393171
0.417561640855911 0.335236528787097 0.236873152286672 0.164722202633395 0.125803952879295 0.0928616078405185 0.0612679656213369 0.0230939831516819 0.0240444820557434 0.0849114368303309 0.0609814115670096 0.00473477832150563 0.00477959698823578 0.011589825423451 0.0310133750292636 0.0430555779917214 0.0514150041940438 0.0630624888852673 0.0774624096106269 0.0980741866752454 0.109695591097928 0.115835343602407 0.0729127382934737 0.0344337869815864 0.0179435279150824 0.120481954475319 0.310887988567874 0.442968060536118 0.541800795673615 0.542564890490495 0.541023260342872 0.537431899843597 0.480547483995125 0.423943949522657 0.417162912235666 0.418452074867487 0.428363297098975 0.438857781393654 0.446550089545392 0.432536010278343 0.415636695517682 0.39502856657041 0.372101423191619 0.348158837084142 0.320877634103311 0.2941840403776 0.268403244729017 0.248535320276006 0.231312394634097 0.222022339557664 0.212806419687897 0.203730804889961 0.196673273162311 0.190638120593874 0.184233055445778 0.177564874192335 0.170298203682698
0.430678515073563 0.385270491177381 0.311694141920451 0.243659056529123 0.182649309164736 0.137578126663969 0.101630639423865 0.114373166763403 0.107462416833245 0.070454022694263 0.0354970197177381 0.00341356821298949 0.0351616298804521 0.0518587596998217 0.0404951742316852 0.0347584528650928 0.0318291439324175 0.0367010721126812 0.0460761388453672 0.0655303645875032 0.0862634602557368 0.107776314457096 0.0846192297147143 0.0621865482832441 0.0501855746669431 0.111083102536112 0.225794691146118 0.324165430157088 0.407293353890151 0.440826716405901 0.474887775905905 0.509417944489495 0.476593751615301 0.435612598590598 0.414661838525874 0.417413980323937 0.445489885424268 0.455741955351932 0.459067550289648 0.443887542398546 0.424993000018496 0.401323624443801 0.377389712505139 0.353129051491439 0.32583300021989 0.299066823714886 0.273123759956667 0.250540708967484 0.229617389707079 0.218704833358745 0.208909960938321 0.201230368569601 0.195526528427255 0.190823622255246 0.184197244340623 0.176793289903912 0.167656653307961
0.435030729646706 0.418963384579711 0.385501000728021 0.330978774804173 0.249756410980495 0.196932925127062 0.161522917034626 0.226736817943383 0.208799539051049 0.063521939719831 0.0203255108587042 0.0200582499470289 0.0774862679270404 0.100914833596211 0.0609553671584833 0.0351345627888951 0.0163679639186281 0.0137791286545488 0.0165837169442115 0.0312237121289806 0.0594910293007376 0.0960672607617092 0.0947136767737346 0.0901009336222777 0.0831615416066262 0.0998269519580733 0.133917552710885 0.190360025323551 0.250459322161395 0.31424488262923 0.388748796710004 0.472781052227156 0.476465235256209 0.461348370742472 0.424370916173351 0.425021093799717 0.46587197161289 0.473277660729039 0.470600406188847 0.454665468658415 0.434200181790534 0.407911375861478 0.383170044202847 0.358728042111841 0.331752991532418 0.305401023114231 0.280016956739299 0.254899291174187 0.230214916183234 0.216919014505854 0.205537988468206 0.19778097288743 0.192862703558924 0.189382568789566 0.18311281662491 0.175424768442554 0.164545142313493
0.435030729646706 0.423762350640958 0.429339948864016 0.41054620684068 0.360853935609342 0.323534046166128 0.296034985175125 0.339155582164872 0.324651144967174 0.221897926016958 0.179103188295938 0.160010320093211 0.127648709861494 0.10100761079633 0.0850317407524535 0.0560692157884368 0.020627256482335 0.0222275029023445 0.024842758284863 0.0285091890262842 0.0486480697385272 0.0788306094375928 0.0843769664694771 0.0860633663085317 0.0812066136927263 0.0849644537152539 0.0950816317495405 0.0907794414292986 0.0906399521547118 0.112456705992243 0.21523501351864 0.389986065612427 0.419704813998201 0.42364164745126 0.429255712634441 0.435469916271931 0.442325297274686 0.457072178608437 0.470511922523547 0.459925122105942 0.442343626513794 0.415770828564596 0.390306788839725 0.365103964218718 0.338674571551788 0.313239408033212 0.289348689989131 0.263762567678678 0.237848882098102 0.224790479008674 0.209215444614313 0.188877543130345 0.179648624295219 0.176047616673193 0.175259428125612 0.171815590346474 0.162047243812852
-9999 -9999 0.468833450810683 0.454623408888935 0.422397558606752 0.396836954872828 0.376828221072141 0.397994375466671 0.386491112579223 0.324956881097097 0.300357640796918 0.288138964918282 0.198555968435402 0.134431863398553 0.117772906142117 0.07422001354123 0.017248924388865 0.0378925774697066 0.0469769667419724 0.0268108785944448 0.0340444751944861 0.0579843353095772 0.0649955929759908 0.0702387862730153 0.0735386670358786 0.0742925693774154 0.0731670169343099 0.0410978265413962 0.0130761400833531 0.0139428060665792 0.121227673340358 0.323115591936996 0.364655165012508 0.376922476035453 0.38717173168716 0.393738919236835 0.396372250011571 0.431272969590638 0.468456728143071 0.46358888852686 0.449293832149753 0.422880598472916 0.39709184303017 0.371520421871637 0.346141847093623 0.321602878810822 0.298368163631078 0.272754726748648 0.246540030056681 0.233386595000034 0.217088707957087 0.194839767674424 0.181872408637504 0.173607182713885 0.173931335348046 0.171569855861445 0.162563311534448
-9999 -9999 -9999 0.454623408888935 0.422397558606752 0.403945982205348 0.390905185381845 0.390289356436212 0.381251157201923 0.359314676380072 0.375010006820439 0.401583469715136 0.295227316866546 0.20925224604421 0.161275336781718 0.0889133935701972 0.00438502048324921 0.0625204555526433 0.0863434823621489 0.0263746566650522 0.0147703482819941 0.0326550788594371 0.0343811717681888 0.0397752889508306 0.0587754188968554 0.0688252310754076 0.0722678711698456 0.0533883921555844 0.0376698752554933 0.0436907168561307 0.125963608536341 0.276022616873941 0.311730214996935 0.319010266505531 0.286754730850357 0.28720303229185 0.322591537869786 0.393558801470474 0.463958971243503 0.465270638067604 0.454762090772119 0.429059297491321 0.403440114171562 0.377987222772646 0.354286850894996 0.330618481611559 0.306999825477134 0.281906951923598 0.256544148558359 0.242882694172273 0.230172967160533 0.219264438036094 0.20326929593178 0.184697229627381 0.180707353984989 0.175501360680622 0.166822584025025
-9999 -9999 -9999 -9999 -9999 -9999 0.394226406988593 0.388471487531996 0.40199519750667 0.445042804259151 0.451037315827721 0.440426890261884 0.377001821403055 0.313411015597517 0.249511212493926 0.169292354476769 0.0809314271209294 0.130986752382704 0.137156266556164 0.0376794177492672 0.0055789845354139 0.0145596135296488 0.018572426428368 0.0277969100471177 0.0529941820414713 0.0667554504934835 0.0720746004283867 0.0613463270886947 0.0515998334063015 0.0526660997059667 0.11270748312812 0.225176232961753 0.273138021250652 0.290847006554983 0.214539798359998 0.17955611457141 0.188721757179263 0.273697260667959 0.371509145303285 0.425570511698485 0.447606132224806 0.428474388465529 0.406010147805636 0.38256468031781 0.360337515072018 0.336491044885459 0.310129130254596 0.286740527907279 0.26480488492015 0.251174587342831 0.238862271561799 0.229044310877569 0.215844902950619 0.200932423228045 0.195145570555618 0.188282644605453 0.178510672155697
-9999 -9999 -9999 -9999 -9999 -9999 -9999 -9999 -9999 0.569825790396422 0.521212934411396 0.454979488922221 0.449255609035823 0.421684322679124 0.353381083050629 0.273756441201432 0.18848320987323 0.209638296401917 0.185288657972955 0.0526787391389877 0.00178313747471724 0.000710770207712208 0.00813999125163694 0.0209745610975255 0.047826117829921 0.0643098455272397 0.0731399867985679 0.0672151423686603 0.0601622244079083 0.0554738624908593 0.0945709369140816 0.172592141148359 0.232491931834197 0.261929296504977 0.154161455082609 0.0840907577093054 0.0542950257641247 0.140255405598941 0.254045760452195 0.361656905493187 0.419809886218712 0.414387071532382 0.400051014285725 0.382690844436097 0.363558876299483 0.340547729919786 0.311510629370267 0.290115168832368 0.271983684111419 0.25868405046577 0.246013004364992 0.234531595746881 0.2255799999944 0.217910030349688 0.211138293946844 0.203165251335794 0.192347489435827
-9999 -9999 -9999 -9999 -9999 -9999 -9999 -9999 -9999 -9999 0.521212934411396 0.455499101210284 0.466489486766462 0.474669811238171 0.477611103015586 0.420735051034228 0.33401431974274 0.250816968787687 0.163932113196431 0.0684507929334 0.0235037706085423 0.00936875600133006 0.00670307125666937 0.007981190716939 0.0185029426934654 0.0459317727344816 0.0858414975452465 0.0646839708951859 0.0455266370834456 0.0610393789212239 0.083984714923503 0.113537436492152 0.119396035426152 0.121865475302228 0.128759799284002 0.128664960026639 0.121103021737546 0.138590297935034 0.160563658766429 0.169883248072726 0.204817926877688 0.27267941790795 0.311770787684587 0.33956960997371 0.342376293906115 0.335152422848919 0.312346987636224 0.292087728049677 0.273084359950286 0.261602672428166 0.251134679701972 0.242585161713398 0.234011119031601 0.225424651918122 0.218057843895385 0.210988492309603 0.204560981700675
-9999 -9999 -9999 -9999 -9999 -9999 -9999 -9999 -9999 -9999 -9999 -9999 0.490507310921489 0.506454670035955 0.55213402901695 0.513857199745518 0.43369209264284 0.310162111622956 0.202752933478473 0.133892596128607 0.0759838414105225 0.0247525367083403 0.0158819995723491 0.0114270411621121 0.0118098054039143 0.0401914737958472 0.0892420818492121 0.0672397610977162 0.0480672394270044 0.071109110074269 0.0834634070067277 0.0863167250427464 0.0605683147106621 0.0447078954207683 0.104705180817221 0.14350320649628 0.159652316090115 0.142280824753951 0.113650315724984 0.0632361439343273 0.0712692198885785 0.154433071852127 0.221434678114481 0.280207976410751 0.301223675333579 0.309654585408613 0.298536158979475 0.286127364261473 0.273299532399968 0.26429540961909 0.256071889712642 0.249325704898302 0.240987719044119 0.231843312367766 0.224198780410026 0.217685160915335 0.213747844061187
-9999 -9999 -9999 -9999 -9999 -9999 -9999 -9999 -9999 -9999 -9999 -9999 -9999 0.506454670035955 0.55213402901695 0.526235520024733 0.464624651019037 0.396743176437602 0.331794142152188 0.273801336815934 0.174579730185416 0.0502199066309707 0.0409766456460522 0.0395192496908111 0.0390445544862394 0.0533982468071973 0.0786983335083823 0.0774221341141672 0.0763590939470213 0.0879317457668239 0.0980318335105867 0.106822849561985 0.0831016818979886 0.061861947807412 0.0826700962921008 0.113760081163328 0.155834999123026 0.154000739743223 0.136554776898126 0.0842142804836421 0.0598235968733127 0.0713608860300784 0.128016303979157 0.196498066497315 0.230131154631282 0.254018205082272 0.26276566339936 0.268273635020293 0.272187121635982 0.26664949104145 0.26073254169575 0.254097710158538 0.245783644126746 0.236618862692812 0.229172387541852 0.222692825748633 0.218397058001546
-9999 -9999 -9999 -9999 -9999 -9999 -9999 -9999 -9999 -9999 -9999 -9999 -9999 -9999 -9999 -9999 0.472506882691724 0.474603101967314 0.464047628423657 0.424343694420636 0.335848615934711 0.217604373382049 0.115586378780152 0.0408097615576071 0.0416448336726192 0.0472343429870575 0.0563336030786008 0.0668869083580725 0.0766588270569303 0.0828673853832572 0.093065825928804 0.106811169426849 0.0896263464971982 0.0697750208818446 0.0645663843840872 0.0744232221301554 0.100375747484245 0.11743326187927 0.128686622668455 0.113411949036891 0.105100767437883 0.105740778244441 0.14018447385223 0.183990884299959 0.208007213142002 0.217886209364798 0.20580413210534 0.228594957511055 0.264708565942955 0.267651143335898 0.26692023807048 0.259237059095581 0.250538144027596 0.241324647856323 0.234353181836447 0.227992550051417 0.222961342391617
-9999 -9999 -9999 -9999 -9999 -9999 -9999 -9999 -9999 -9999 -9999 -9999 -9999 -9999 -9999 -9999 -9999 0.598574255104569 0.592930597785859 0.574316767648004 0.516721686660414 0.435358775683477 0.208838112036121 0.0340264396780858 0.035592960215364 0.0339474676807437 0.029930850047126 0.0489311857516106 0.0668057817241789 0.0702253819184812 0.0812095827228533 0.0989185194377439 0.0899854466840525 0.0742770980127654 0.048590238125473 0.0328661616770146 0.0277861477613744 0.0641338975717254 0.109438234825932 0.14513927824268 0.170835645116298 0.183671541370532 0.191986066590254 0.198756932637443 0.204507771452996 0.189560760314275 0.142461502637074 0.181688461431839 0.254542194997472 0.267998402965291 0.273638035304362 0.264484356146984 0.255235969177274 0.245939602372161 0.239557919571652 0.233501894535097 0.228080064419106
-9999 -9999 -9999 -9999 -9999 -9999 -9999 -9999 -9999 -9999 -9999 -9999 -9999 -9999 -9999 -9999 -9999 -9999 0.598425044449226 0.597932919992251 0.56456680912363 0.511156618009456 0.281011480760947 0.0923846832271617 0.0566132390341486 0.0334337321563412 0.019549660242452 0.049905727210697 0.0791532574676264 0.0845545678281934 0.090039500164096 0.0955987702911699 0.093471320495405 0.084528785426323 0.0481900001446326 0.0324732079975558 0.0387885904755522 0.0699661276375616 0.108761724767569 0.15831656389 0.188500564992205 0.193784401440604 0.19566960174251 0.195628352191095 0.185178230705365 0.165276333261846 0.130691952783005 0.170424615087223 0.239332395626585 0.265052474783038 0.278511702635948 0.268766575901938 0.258856987145321 0.248864080438681 0.243234136531283 0.241542181007683 0.248858545114946
-9999 -9999 -9999 -9999 -9999 -9999 -9999 -9999 -9999 -9999 -9999 -9999 -9999 -9999 -9999 -9999 -9999 -9999 -9999 0.617430539977173 0.591744040865967 0.550395849772375 0.328267797100381 0.137849140284134 0.0727242794981243 0.0353375253238367 0.0184271886838181 0.0534773198098964 0.0872666156978135 0.0932018450399643 0.0939206387785676 0.0900021550670718 0.0928537261302644 0.0895018835487771 0.0487083457620258 0.0320080055370344 0.0410484136719145 0.0646126725769484 0.0951578532343827 0.150630314257319 0.185123439712918 0.192648763909288 0.191478757311174 0.186442523839511 0.168148548729596 0.148852879489233 0.128001168596742 0.170219812511157 0.237172154225187 0.266551224603129 0.282434615167835 0.272776668346986 0.262515666531505 0.251949151594463 0.247823503141061 0.249724193619392 0.26542062363025
-9999 -9999 -9999 -9999 -9999 -9999 -9999 -9999 -9999 -9999 -9999 -9999 -9999 -9999 -9999 -9999 -9999 -9999 -9999 -9999 0.581238787652007 0.522980031381868 0.330094395219018 0.159805155087365 0.0798846097541597 0.0416490488105098 0.034185564606565 0.0617839548882577 0.087660169732624 0.0914896500673318 0.088778975491757 0.0802542709557656 0.0847545324128908 0.0848508567792055 0.0509014879558578 0.0314110763491819 0.0273683602302653 0.0388650506806501 0.0579843242611395 0.104904873062161 0.14338165687284 0.171004437447415 0.172931044334023 0.166212890575842 0.155312056796427 0.14676185137916 0.141863135502452 0.190178279427242 0.258804363563566 0.276153680515965 0.284624075364375 0.276290607923789 0.26624301164858 0.255327022182561 0.25407775894632 0.258164606721868 0.274295197219022
-9999 -9999 -9999 -9999 -9999 -9999 -9999 -9999 -9999 -9999 -9999 -9999 -9999 -9999 -9999 -9999 -9999 -9999 -9999 -9999 0.477997768059688 0.482136560933487 0.335076034444804 0.194573862627587 0.101235511354356 0.0485116585782624 0.0257696441739655 0.0513501221604234 0.0782245797354292 0.0883984291797953 0.087002169690851 0.0753203801332247 0.0790735879792431 0.0792932276942023 0.0476686547380447 0.0259905977524926 0.0149392234229264 0.0182655640070854 0.0305286084521266 0.082392841635958 0.121212628867885 0.143264486303438 0.136004189760162 0.121810640001752 0.139697283524558 0.158162650770847 0.1775270132208 0.214954165637309 0.258929109327635 0.273330428600666 0.281037443556047 0.276075108948842 0.267538347472479 0.257190748974111 0.2673843347806 0.277675747848931 0.287304778545023
-9999 -9999 -9999 -9999 -9999 -9999 -9999 -9999 -9999 -9999 -9999 -9999 -9999 -9999 -9999 -9999 -9999 -9999 -9999 -9999 0.462762042357501 0.442375511828674 0.341596024516679 0.235589847475207 0.129505523258466 0.0556429697727078 0.00556669847328454 0.0317787176778505 0.0639964461470646 0.0846348158856555 0.0868660180635702 0.0727337204234728 0.0745717457205999 0.0732935528824895 0.0417901970792577 0.0182182286218219 0.00312001485342078 0.000176231054724747 0.00781115296860802 0.0711993215526716 0.108586983322397 0.112552399751811 0.0901159406860568 0.0656221828367704 0.12272786183357 0.176141863421733 0.223821176506247 0.242078953429056 0.248567137593237 0.264448587430435 0.27463447569345 0.274041191526505 0.267647871946609 0.258316201901261 0.284129516362025 0.3025848103485 0.302330527786151
