layers/veg/veg_3400.asc
NCOLS 255 
NROWS 330 
XLLCORNER -2985163.8955 
YLLCORNER -3022031.214 
CELLSIZE 25000 
NODATA_value -9999 
[rows 75 to 99 of 330, columns 0 to 55 of 255]
-9999 -9999 -9999 -9999 -9999 -9999 -9999 -9999 -9999 -9999 -9999 -9999 -9999 -9999 -9999 -9999 -9999 -9999 -9999 -9999 -9999 -9999 -9999 -9999 -9999 0.672210491208443 0.668966751719439 0.665723012230435 0.669948808538256 0.67543800501032 0.677406884705404 0.656382738784041 0.606600262141942 0.490290093061361 0.365111409097585 0.375823594556428 0.408773139954152 0.475304820852223 0.578279504026893 0.692362266983174 0.713404436975342 0.734553340543925 0.75589833382139 0.775633510800273 0.79457754498631 0.80573499674668 0.816720413577337 0.827521291065139 0.836618407105298 0.844691392234631 0.854857821181254 0.865336549319525 0.87633957904632 0.888324113943228 0.901023334947614 0.914770847953489
-9999 -9999 -9999 -9999 -9999 -9999 -9999 -9999 -9999 -9999 -9999 -9999 -9999 -9999 -9999 -9999 -9999 -9999 -9999 -9999 -9999 -9999 -9999 -9999 -9999 0.62895807085655 0.649753285755949 0.670548500655349 0.684064853207674 0.695583086729457 0.705224737693999 0.691355607054635 0.648080566808296 0.505634069286203 0.346841565540469 0.354842427842519 0.396744488491049 0.489843032877969 0.597629303252048 0.707938691491979 0.725963498611375 0.742765447860471 0.757320776581641 0.774451675540184 0.792848336208658 0.803639026943783 0.814427003142266 0.825408726822328 0.832645207822002 0.837630423656098 0.847085377051357 0.857975611517607 0.872165431890675 0.884080587626708 0.894339439081557 0.907547093304215
-9999 -9999 -9999 -9999 -9999 -9999 -9999 -9999 -9999 -9999 -9999 -9999 -9999 -9999 -9999 -9999 -9999 -9999 -9999 -9999 -9999 -9999 -9999 -9999 -9999 0.646281436010324 0.664648170205402 0.683014904400481 0.697719953989344 0.710416913861895 0.715230141260517 0.705980081875186 0.679140486467065 0.526425715950325 0.350151349726346 0.353397227920076 0.402801860818683 0.521913939173351 0.62448519841806 0.717520182261565 0.726754758727174 0.737413014590395 0.750686838000377 0.76563727757784 0.781411688684501 0.791342688237668 0.801741682064092 0.813352931152485 0.821578785469907 0.827769679179963 0.837831439394763 0.84869952926792 0.861186377540951 0.872106957771289 0.881887054950912 0.893516965244229
-9999 -9999 -9999 -9999 -9999 -9999 -9999 -9999 -9999 -9999 -9999 -9999 -9999 -9999 -9999 -9999 -9999 -9999 -9999 -9999 -9999 -9999 -9999 -9999 -9999 0.698880917578476 0.699405944253815 0.699930970929155 0.711106625561078 0.722157748744333 0.714862521444951 0.70875473435836 0.704132127992227 0.550389796203198 0.366027961632013 0.363328736249129 0.41939157169363 0.56419495432577 0.655712244729978 0.723610542396761 0.720693076980086 0.724161314165188 0.739361291316809 0.752378080952512 0.764321945018897 0.773106197077965 0.783004664808086 0.795506726222125 0.806381647178443 0.816278494096686 0.827714758685337 0.838308168727972 0.846244507086352 0.855631726656272 0.866075409989264 0.875523167232765
-9999 -9999 -9999 -9999 -9999 -9999 -9999 -9999 -9999 -9999 -9999 -9999 -9999 -9999 -9999 -9999 -9999 -9999 -9999 -9999 -9999 -9999 -9999 -9999 -9999 0.702296363873594 0.700388513434743 0.698480662995892 0.710429725440983 0.719974179708182 0.690131703390809 0.637458710820976 0.556230644731646 0.472239352670242 0.398326673863246 0.449625382336552 0.518408636938367 0.613596482681554 0.671147356768338 0.712466351945943 0.716403727258626 0.723297658023855 0.73562333873563 0.747147212937334 0.758277040040459 0.766295957580575 0.774949601739493 0.785120868567373 0.796051638187999 0.807438944894841 0.819782200071331 0.829967182985625 0.833864150193132 0.841137627375597 0.850869721022191 0.855544283815297
-9999 -9999 -9999 -9999 -9999 -9999 -9999 -9999 -9999 -9999 -9999 -9999 -9999 -9999 -9999 -9999 -9999 -9999 -9999 -9999 -9999 -9999 -9999 -9999 -9999 -9999 -9999 0.696118022683458 0.696118022683458 0.635844700329474 0.639801053993734 0.576884144425152 0.43032607111824 0.403041452325862 0.419272525381632 0.507941067792873 0.584457425576633 0.642621950593061 0.675869033903485 0.698824414883529 0.709777722581141 0.720593104530676 0.731155090869416 0.74170931817321 0.752259732306159 0.759879318446449 0.767817320870532 0.776552662064449 0.78690666130638 0.798233635810383 0.809447317004788 0.818699454342317 0.822406405341443 0.828768810286758 0.837064792458338 0.838868380994995
-9999 -9999 -9999 -9999 -9999 -9999 -9999 -9999 -9999 -9999 -9999 -9999 -9999 -9999 -9999 -9999 -9999 -9999 -9999 -9999 -9999 -9999 -9999 -9999 -9999 -9999 -9999 -9999 -9999 0.634972785077551 0.632024015255763 0.556236049019596 0.389345078991753 0.372970066709987 0.406853687721105 0.478865399720377 0.548623325625908 0.614977657300974 0.653602557640173 0.680838430431731 0.696515650353029 0.711080529595288 0.723601829232539 0.734552088322917 0.744730260929252 0.752895234699507 0.761669753747643 0.77187608238651 0.780298387609715 0.78764831645761 0.792237836659802 0.799144184536491 0.813100101692926 0.821919304860843 0.826998193420671 0.831498126679051
-9999 -9999 -9999 -9999 -9999 -9999 -9999 -9999 -9999 -9999 -9999 -9999 -9999 -9999 -9999 -9999 -9999 -9999 -9999 -9999 -9999 -9999 -9999 -9999 -9999 -9999 -9999 -9999 -9999 0.679574955061555 0.613708206796654 0.520284195845266 0.39239317357853 0.372639832499439 0.392381480294604 0.478279079550616 0.550251389956341 0.60119418344382 0.639779426062278 0.67290026624402 0.689964647697929 0.705339237831777 0.717609362630971 0.727789647461441 0.736942882291913 0.746055591051205 0.754952756759201 0.763363390083729 0.770499650496308 0.776869885422836 0.781986981781476 0.789457851026068 0.803822700556491 0.811822209441774 0.815186775316077 0.822708148829165
-9999 -9999 -9999 -9999 -9999 -9999 -9999 -9999 -9999 -9999 -9999 -9999 -9999 -9999 -9999 -9999 -9999 -9999 -9999 -9999 -9999 -9999 -9999 -9999 -9999 -9999 -9999 -9999 -9999 0.673365764601922 0.558325399087388 0.473522900697004 0.426540156763986 0.393316546726729 0.376458924419592 0.497815526460857 0.578339954847057 0.597200966702389 0.631920048342873 0.672059138728618 0.688153847954334 0.702261701417089 0.712719326139855 0.721306056326356 0.728973337051544 0.739317969199677 0.747833556652878 0.752141151704083 0.758447406127082 0.765955054586611 0.77665118497821 0.786742203790311 0.794565714015738 0.799431256780809 0.802142946143305 0.812915383337769
-9999 -9999 -9999 -9999 -9999 -9999 -9999 -9999 -9999 -9999 -9999 -9999 -9999 -9999 -9999 -9999 -9999 -9999 -9999 -9999 -9999 -9999 -9999 -9999 -9999 -9999 -9999 0.697950306029575 0.689859464513125 0.669785501168196 0.580076825147516 0.509873297436334 0.464065667646487 0.428187118928973 0.404889497554677 0.49015236621914 0.554672337560158 0.587867062086795 0.628393099973087 0.670445151765702 0.673909740233768 0.682505269419942 0.700527304355337 0.716101346661383 0.730472325159863 0.738201905801749 0.744989905200839 0.74982241614035 0.755636281176053 0.762040038104057 0.768606402778664 0.775027257624872 0.781007218989669 0.785643962877009 0.789302638691257 0.798183432560275
-9999 -9999 -9999 -9999 -9999 -9999 -9999 -9999 -9999 -9999 -9999 -9999 -9999 -9999 -9999 -9999 -9999 -9999 -9999 -9999 -9999 -9999 -9999 -9999 -9999 0.706666421188099 0.702785431985246 0.698904442782393 0.685963142298178 0.664520450017708 0.599126373547491 0.5428870323393 0.498097898194673 0.455769731453642 0.421969348985084 0.476989256328455 0.530152452863934 0.580511705311313 0.625197611727782 0.666070875905094 0.66300919296762 0.66930769980393 0.692802640503717 0.713358840251384 0.732470798363305 0.737311718655612 0.742214458785897 0.747632095776307 0.752363549373972 0.756682538172662 0.759400657229314 0.762462280438724 0.766774970714006 0.771036068303991 0.775259598516288 0.782665753398598
-9999 -9999 -9999 -9999 -9999 -9999 -9999 -9999 -9999 -9999 -9999 -9999 -9999 -9999 -9999 -9999 -9999 -9999 -9999 -9999 -9999 -9999 -9999 -9999 -9999 0.706379951107249 0.703060906219345 0.69974186133144 0.681039854267714 0.65237793435968 0.580052020860963 0.533332593088401 0.518640258982965 0.452553688701065 0.382815135854723 0.454670393044042 0.521878966308813 0.582070269105763 0.621553173005854 0.652316432220925 0.66843867991957 0.68527864964102 0.703437210074393 0.718764493155773 0.732700347492424 0.735123787494074 0.738089200646742 0.742583206585174 0.744040368343646 0.743672083235501 0.747135467366284 0.750264156834751 0.751781372392916 0.754073034156033 0.756928611383399 0.766231498945746
-9999 -9999 -9999 -9999 -9999 -9999 -9999 -9999 -9999 -9999 -9999 -9999 -9999 -9999 -9999 -9999 -9999 -9999 -9999 -9999 -9999 -9999 -9999 -9999 -9999 0.704200323487672 0.695099324992416 0.685998326497161 0.677539203865074 0.659316851071715 0.57248419318164 0.523351056618934 0.521370274880308 0.46186921743966 0.395513295641906 0.455953400287093 0.519155618460817 0.586529090373187 0.629675525092259 0.662808369976827 0.684074096077248 0.702336416079127 0.71508091266215 0.725279553057492 0.734227034686283 0.734972209657318 0.735911561006819 0.737505734746627 0.737458182121018 0.736423787869037 0.737704798327302 0.738819126021565 0.739060571319458 0.740666662252724 0.743266424240336 0.75211462239082
-9999 -9999 -9999 -9999 -9999 -9999 -9999 -9999 -9999 -9999 -9999 -9999 -9999 -9999 -9999 -9999 -9999 -9999 -9999 -9999 -9999 -9999 -9999 -9999 -9999 0.700408890550977 0.68012484097326 0.659840791395543 0.675249765337808 0.682501406893605 0.574712844563755 0.513005896122552 0.508935133299608 0.481853934108003 0.452357771128624 0.477330678414563 0.521157573655955 0.593457146408621 0.647815942554785 0.693943305331448 0.708398683961738 0.720319481516613 0.727583775636369 0.732739145075827 0.736858085350701 0.736554351835546 0.735392093911209 0.732403928080081 0.7323582521981 0.734081306859876 0.730687396880804 0.728015266869818 0.728274794993557 0.730288378081073 0.733579181862416 0.739970725865944
-9999 -9999 -9999 -9999 -9999 -9999 -9999 -9999 -9999 -9999 -9999 -9999 -9999 -9999 -9999 -9999 -9999 -9999 -9999 -9999 -9999 -9999 -9999 -9999 -9999 0.716092226142326 0.705963358474372 0.695834490806417 0.69848182424254 0.690374293748114 0.586874483426435 0.5078525757905 0.45944619620769 0.444603997900502 0.444299143974543 0.490608567425423 0.539391396684991 0.591909482703592 0.630394176793663 0.66293159362501 0.684474315476581 0.702133016168049 0.712656037496356 0.714591690835582 0.712307089789218 0.716382421574392 0.720012963978271 0.722470170381517 0.724900785230136 0.727315415896757 0.726579524285904 0.725414972863087 0.723578636751076 0.723771899672699 0.725443021577913 0.729738675273105
-9999 -9999 -9999 -9999 -9999 -9999 -9999 -9999 -9999 -9999 -9999 -9999 -9999 -9999 -9999 -9999 -9999 -9999 -9999 -9999 -9999 -9999 -9999 -9999 -9999 0.730724901238645 0.73250690134433 0.734288901450016 0.721830975326275 0.696895028394681 0.608994596168723 0.522238868118067 0.436914869053404 0.418173496036179 0.426486720943359 0.506855611053974 0.567167084842118 0.597188502860181 0.611302537686094 0.619889975348111 0.650080353373842 0.674930278508977 0.689968784521891 0.690400514255087 0.683653756734424 0.695415317798762 0.705922201197563 0.713104369636898 0.717438237677304 0.720059992507319 0.722374547627054 0.723270012973213 0.720192695070823 0.719029279069163 0.719259476816245 0.721534974903235
-9999 -9999 -9999 -9999 -9999 -9999 -9999 -9999 -9999 -9999 -9999 -9999 -9999 -9999 -9999 -9999 -9999 -9999 -9999 -9999 -9999 -9999 -9999 -9999 -9999 0.725395137751199 0.730807038499485 0.736218939247771 0.726004859016008 0.708926251854478 0.670001093769953 0.623973658117978 0.569063109361953 0.486561405546605 0.413225259828018 0.543244554140215 0.627013524478812 0.640936764439105 0.611885219120892 0.568626825500579 0.6040203688613 0.633521907037366 0.652198720509136 0.657739774427248 0.656825270957478 0.687541572344428 0.709338807572611 0.710128227959672 0.711773815440743 0.713934044914108 0.715467090782118 0.716914412285358 0.718226893790988 0.719596260860159 0.721007049333126 0.721337707366486
-9999 -9999 -9999 -9999 -9999 -9999 -9999 -9999 -9999 -9999 -9999 -9999 -9999 -9999 -9999 -9999 -9999 -9999 -9999 -9999 -9999 -9999 -9999 -9999 -9999 0.724877041402755 0.727853261596827 0.730829481790899 0.725901408530704 0.718797387558478 0.709613042468483 0.684504236575287 0.639478047125564 0.530239791902113 0.420529099271162 0.534540783993926 0.617977141589601 0.655239637658039 0.628807969297953 0.579342134592335 0.590989861290169 0.602745270015754 0.614698510934194 0.632661542419918 0.653578080152296 0.683261807038358 0.70424912375155 0.705333179733623 0.705866922789791 0.706069872776996 0.704958036741311 0.705453018646227 0.710733573624269 0.716395966382577 0.722336395533535 0.718817560305044
-9999 -9999 -9999 -9999 -9999 -9999 -9999 -9999 -9999 -9999 -9999 -9999 -9999 -9999 -9999 -9999 -9999 -9999 -9999 -9999 -9999 -9999 -9999 -9999 -9999 0.729283197528038 0.723616231047844 0.717949264567649 0.721420541074543 0.726457892899307 0.727329843951934 0.702866490675329 0.646715221551347 0.548630491681387 0.448879434496865 0.479689203064442 0.538446188020079 0.639408147405267 0.662453119757601 0.653486099684786 0.611761667727069 0.582849133068858 0.577474469960396 0.61534323681929 0.674463949000631 0.68266011528234 0.690454116114359 0.698676665447314 0.699711886303579 0.696426804414742 0.690763113876082 0.688766364646322 0.697583399447081 0.709340247381883 0.723237729588886 0.713920182043853
-9999 -9999 -9999 -9999 -9999 -9999 -9999 -9999 -9999 -9999 -9999 -9999 -9999 -9999 -9999 -9999 -9999 -9999 -9999 -9999 -9999 -9999 -9999 -9999 -9999 0.710827738185663 0.710894209837262 0.710960681488862 0.72331438796555 0.736276096547405 0.733273468894518 0.715459719258104 0.679121085100066 0.577498589795187 0.467752819200928 0.497988907503196 0.536669535749717 0.588102832722446 0.597056310783287 0.589287786163622 0.584150130434893 0.582614540933533 0.587696626409694 0.615249441910938 0.65384547776286 0.664840613650904 0.674453200720124 0.681663575782913 0.686073774752329 0.688800788028731 0.686385390802591 0.685672032371164 0.690675652127801 0.698139081275319 0.707393628444667 0.701332727918641
-9999 -9999 -9999 -9999 -9999 -9999 -9999 -9999 -9999 -9999 -9999 -9999 -9999 -9999 -9999 -9999 -9999 -9999 -9999 -9999 -9999 -9999 -9999 -9999 -9999 -9999 -9999 0.70759016524865 0.726048013375666 0.744839600199248 0.735639069997264 0.725434441122745 0.71397394439583 0.614453221749478 0.500281907510052 0.532659763334917 0.546235759449688 0.531417800428676 0.517398734009513 0.505610270185337 0.547501893237627 0.582164487885075 0.603545994021984 0.618579681182593 0.630493738334598 0.647798781794968 0.661084530799111 0.665136230163259 0.672286420078688 0.681299112491085 0.682751398834587 0.683581534011002 0.683952826426611 0.685635142313893 0.688272084106686 0.686446775347001
-9999 -9999 -9999 -9999 -9999 -9999 -9999 -9999 -9999 -9999 -9999 -9999 -9999 -9999 -9999 -9999 -9999 -9999 -9999 -9999 -9999 -9999 -9999 -9999 -9999 -9999 -9999 -9999 0.724550457497274 0.741696609921644 0.732285871552071 0.72683045121212 0.726322111169429 0.68922612661935 0.638604608321034 0.563737841458132 0.511535801613916 0.493561293091397 0.495378861563944 0.505380947320631 0.525189888935202 0.549933465475113 0.583742897001393 0.618187928623194 0.652945325348484 0.662520073186255 0.668693541236522 0.667834509438195 0.669050876327424 0.671514765251594 0.668932407122238 0.667216614015989 0.668831006502833 0.670831038549102 0.673111875265595 0.668083198595272
-9999 -9999 -9999 -9999 -9999 -9999 -9999 -9999 -9999 -9999 -9999 -9999 -9999 -9999 -9999 -9999 -9999 -9999 -9999 -9999 -9999 -9999 -9999 -9999 -9999 -9999 -9999 -9999 -9999 0.739962621630114 0.730435911377338 0.724990772261317 0.724650623439704 0.713401794442471 0.689968808892987 0.56601196449053 0.485872576609212 0.471904882050202 0.480464854261834 0.497756856282216 0.509843157231271 0.529684429733823 0.563773047499221 0.612154448241622 0.667560024507616 0.670151497569882 0.669915755109725 0.664672317002637 0.66073273025316 0.657576888481774 0.654404792768813 0.652032590115504 0.651932434755351 0.65181032222214 0.651672221503618 0.643752638093332
-9999 -9999 -9999 -9999 -9999 -9999 -9999 -9999 -9999 -9999 -9999 -9999 -9999 -9999 -9999 -9999 -9999 -9999 -9999 -9999 -9999 -9999 -9999 -9999 -9999 -9999 -9999 -9999 -9999 0.739962621630114 0.730435911377338 0.719169092599268 0.70572584792166 0.675309972588557 0.634317531308273 0.532838500244239 0.471330406846175 0.47018511948551 0.474295679885243 0.481032393804645 0.50306823823766 0.524181025863942 0.543597984055903 0.599177975526237 0.672530257642942 0.669057777133781 0.66327805780312 0.654297935067509 0.646159679639593 0.638527470603216 0.63900511196347 0.638301835991542 0.632847303379348 0.62760043165342 0.622504768861484 0.612078809050343
-9999 -9999 -9999 -9999 -9999 -9999 -9999 -9999 -9999 -9999 -9999 -9999 -9999 -9999 -9999 -9999 -9999 -9999 -9999 -9999 -9999 -9999 -9999 -9999 -9999 -9999 -9999 -9999 -9999 -9999 -9999 -9999 0.697380799525602 0.670635947200322 0.63340371887175 0.571576153042343 0.528244601538244 0.512845127447831 0.498437004757191 0.486166611321905 0.522835757108959 0.546584463907891 0.546595887605078 0.587319488919361 0.648051053832495 0.648683946068698 0.645876908498693 0.636867546290687 0.627972540025991 0.619146273112418 0.618967913861827 0.618385974202167 0.615165070805022 0.609436353985831 0.601881564857025 0.591586054654068
