layers/veg/veg_800.asc
NCOLS 255 
NROWS 330 
XLLCORNER -2985163.8955 
YLLCORNER -3022031.214 
CELLSIZE 25000 
NODATA_value -9999 
[rows 75 to 99 of 330, columns 0 to 56 of 255]
-9999 -9999 -9999 -9999 -9999 -9999 -9999 -9999 -9999 -9999 -9999 -9999 -9999 -9999 -9999 -9999 -9999 -9999 -9999 -9999 -9999 -9999 -9999 -9999 -9999 -9999 0.702536130872853 0.702679577456814 0.698218243981944 0.686804485610735 0.67330998886926 0.652696761035245 0.455844660429589 0.329679535803643 0.333349051279081 0.34123300792095 0.351187642665541 0.418352144650331 0.468790977918944 0.479906928474683 0.487826249717334 0.493824518926178 0.489473182634954 0.484663572293417 0.480339979080444 0.472737500588531 0.462748019146178 0.54090067364116 0.614063642743805 0.631869603086786 0.642999002729047 0.648273600595484 0.673056107621328 0.699560333736647 0.717701627038452 0.7372423614175 0.758258018400412
-9999 -9999 -9999 -9999 -9999 -9999 -9999 -9999 -9999 -9999 -9999 -9999 -9999 -9999 -9999 -9999 -9999 -9999 -9999 -9999 -9999 -9999 -9999 -9999 -9999 -9999 0.706266207339202 0.710781543713785 0.712544322714695 0.71015121410125 0.696339709102356 0.673357187615571 0.520134683799035 0.41227921175551 0.387751851589447 0.382513486965845 0.386752369530176 0.460364556637294 0.515343615832324 0.52636780591787 0.531374858743732 0.53276584206692 0.525894426620606 0.518696636619154 0.511998817173967 0.503310868481741 0.493174121194777 0.520142790630131 0.556374611616878 0.610852130755117 0.647569625552219 0.668713020642574 0.687971585908415 0.706570591468603 0.723549703538255 0.739979711088901 0.755830997119838
-9999 -9999 -9999 -9999 -9999 -9999 -9999 -9999 -9999 -9999 -9999 -9999 -9999 -9999 -9999 -9999 -9999 -9999 -9999 -9999 -9999 -9999 -9999 -9999 -9999 -9999 0.716024632020408 0.720498688817984 0.7253649594987 0.730823405599524 0.709716152820847 0.67533127551029 0.56355972506297 0.47595371455229 0.432733874719355 0.420575801123792 0.42367928099157 0.502954826376219 0.561586972206816 0.571540022216475 0.572916143085232 0.569137857372502 0.559969655481649 0.550198343293454 0.53964651718422 0.531193379458252 0.524268070532848 0.517568099059837 0.528849036317991 0.605779455087938 0.657042784637847 0.685798160425049 0.700874029117131 0.713953893503412 0.729015644907654 0.742638986246735 0.754746334127261
-9999 -9999 -9999 -9999 -9999 -9999 -9999 -9999 -9999 -9999 -9999 -9999 -9999 -9999 -9999 -9999 -9999 -9999 -9999 -9999 -9999 -9999 -9999 -9999 -9999 -9999 0.738854812275851 0.733690338846883 0.734868387306291 0.745622551566872 0.702118915640267 0.636783227283625 0.561381560442734 0.498098910563779 0.457075922862013 0.451613204298719 0.463622285132802 0.546624778381212 0.606830766855363 0.613623597081173 0.609854403366239 0.599737836970522 0.588791784129914 0.576061166684055 0.558412404780482 0.553032014217645 0.556582902457251 0.554661877067292 0.567316671806798 0.635569654605867 0.677184078079012 0.695438647364056 0.709262935656952 0.722051298752455 0.733564168320573 0.745068500910989 0.756563836065509
-9999 -9999 -9999 -9999 -9999 -9999 -9999 -9999 -9999 -9999 -9999 -9999 -9999 -9999 -9999 -9999 -9999 -9999 -9999 -9999 -9999 -9999 -9999 -9999 -9999 -9999 0.74641009260765 0.727500977741274 0.725252208514212 0.748157692112362 0.700761287894075 0.625241755210765 0.54129013050911 0.484127435155599 0.47616943348733 0.494916945741076 0.526785657393861 0.593427780025743 0.64149784381512 0.646655906523732 0.641654578968456 0.630547846182497 0.619483802770426 0.606695541667615 0.589009800923997 0.58224232462784 0.583423259829083 0.580919222234206 0.591812588639976 0.653243043150052 0.688804259727323 0.701680254529876 0.713557448897771 0.725009497011165 0.735230810114486 0.745353199754058 0.755371330303977
-9999 -9999 -9999 -9999 -9999 -9999 -9999 -9999 -9999 -9999 -9999 -9999 -9999 -9999 -9999 -9999 -9999 -9999 -9999 -9999 -9999 -9999 -9999 -9999 -9999 -9999 0.74511360918917 0.710080372394341 0.704556268711287 0.743585874237889 0.703019497167001 0.629350521961886 0.510818011121359 0.44922644502382 0.492221430625146 0.545328997481182 0.603405171025318 0.64204637557699 0.670035741094318 0.674443031804145 0.670477248208409 0.661479566995372 0.651259417672331 0.640095018068159 0.626463524702603 0.615724501409061 0.607091173804329 0.600896883483075 0.608211931790626 0.663894772064221 0.69548647982714 0.705952219935798 0.715479272146205 0.724989538531066 0.735227409199428 0.744394983551404 0.752434533111524
-9999 -9999 -9999 -9999 -9999 -9999 -9999 -9999 -9999 -9999 -9999 -9999 -9999 -9999 -9999 -9999 -9999 -9999 -9999 -9999 -9999 -9999 -9999 -9999 -9999 -9999 -9999 -9999 -9999 -9999 0.590860775952399 0.585641844520041 0.52277041652014 0.492563892173674 0.522354785328947 0.561253557182 0.604627295996737 0.640303952666882 0.66760986704598 0.676185718031423 0.678832120501809 0.677915151053354 0.670048086392653 0.661580978801774 0.652611253546363 0.645133752226468 0.638742578311705 0.633335806273811 0.633857282071822 0.655639971781593 0.688094967947034 0.729908710567376 0.743445382415069 0.751980254557053 0.760300454240869 0.768519527111103 0.776632018699973
-9999 -9999 -9999 -9999 -9999 -9999 -9999 -9999 -9999 -9999 -9999 -9999 -9999 -9999 -9999 -9999 -9999 -9999 -9999 -9999 -9999 -9999 -9999 -9999 -9999 -9999 -9999 -9999 -9999 -9999 0.580863696195678 0.552243857492432 0.537826205384786 0.534469273915532 0.551428173806212 0.580077795762071 0.61447141110386 0.644128957967316 0.667735638213912 0.677781475952272 0.683415373078845 0.686397862533403 0.682317741048209 0.677793182498271 0.673226739221087 0.669050094098516 0.66515721899715 0.661267340335675 0.6575035653625 0.65419960699441 0.682031692016441 0.737167559675085 0.756972995835325 0.769553847752145 0.777066141113276 0.784767356407195 0.792667683499079
-9999 -9999 -9999 -9999 -9999 -9999 -9999 -9999 -9999 -9999 -9999 -9999 -9999 -9999 -9999 -9999 -9999 -9999 -9999 -9999 -9999 -9999 -9999 -9999 -9999 -9999 -9999 -9999 -9999 0.601732157371126 0.581163814301879 0.553510509740716 0.555390916688204 0.561573871532126 0.575659551735424 0.611585356185131 0.658241851906075 0.670094652854245 0.679108284275604 0.682610911187048 0.680612866272178 0.675309127839458 0.678698608328065 0.681347952897581 0.68039822468779 0.678620384670206 0.676239685705042 0.67522252330186 0.674432450504133 0.673898566216244 0.681537758544983 0.696344075630608 0.727665174570331 0.757791056275462 0.767778414341325 0.776130158992764 0.782758070297198
-9999 -9999 -9999 -9999 -9999 -9999 -9999 -9999 -9999 -9999 -9999 -9999 -9999 -9999 -9999 -9999 -9999 -9999 -9999 -9999 -9999 -9999 -9999 -9999 -9999 -9999 -9999 -9999 0.572862712240185 0.588951649581676 0.581890846368871 0.566515643516136 0.574855265627256 0.588859169286514 0.613266969081409 0.638417849644172 0.66393382750307 0.668173933051767 0.671366634510596 0.672746862371242 0.670069993869231 0.664954965525874 0.672342975418008 0.677544200662967 0.674386107453975 0.672095872325421 0.67043743112143 0.670902051505152 0.672052853829308 0.674818638914872 0.676077866994206 0.676015966871335 0.700386763125858 0.728498478718947 0.753936262294864 0.769190200956065 0.773711009581836
-9999 -9999 -9999 -9999 -9999 -9999 -9999 -9999 -9999 -9999 -9999 -9999 -9999 -9999 -9999 -9999 -9999 -9999 -9999 -9999 -9999 -9999 -9999 -9999 -9999 -9999 -9999 0.566452337229507 0.569547155895038 0.577314617784565 0.582918004480632 0.587773081867888 0.595655084432465 0.616271501578598 0.66027791541341 0.661963710465709 0.642856148784355 0.646648702476162 0.650187387168814 0.652553103925398 0.654085544181775 0.655117217111489 0.664063547425243 0.668567311692856 0.659105746738536 0.654256505034897 0.652764998741664 0.65373355766346 0.656099144311385 0.662536911122043 0.667126842583602 0.67009637243896 0.674535053074613 0.686882234463777 0.736892290281439 0.763443424188307 0.765270334438184
-9999 -9999 -9999 -9999 -9999 -9999 -9999 -9999 -9999 -9999 -9999 -9999 -9999 -9999 -9999 -9999 -9999 -9999 -9999 -9999 -9999 -9999 -9999 -9999 -9999 -9999 0.582365638871017 0.569433027077824 0.566227983218736 0.577709891748647 0.572404036930889 0.560657711231124 0.554602208440424 0.559840386839388 0.585822288001376 0.599416531221452 0.60692435609296 0.624343521187462 0.637473660635112 0.640644534986081 0.644281221028952 0.648197842094141 0.643039651180385 0.640016715917427 0.644615442078144 0.647559978237054 0.649300276955799 0.654427416928969 0.659762279852329 0.664430590195558 0.668184413096664 0.671136304743027 0.673716241788641 0.683080219035437 0.726160880134632 0.752531650930499 0.76129125158333
-9999 -9999 -9999 -9999 -9999 -9999 -9999 -9999 -9999 -9999 -9999 -9999 -9999 -9999 -9999 -9999 -9999 -9999 -9999 -9999 -9999 -9999 -9999 -9999 -9999 -9999 0.580779546247494 0.565417223445565 0.561568916023872 0.575104788989433 0.559634673675953 0.533055488514638 0.516835547177237 0.509449978189319 0.518290984728497 0.542653051802322 0.574641069485236 0.603880419496309 0.625182747536172 0.628606521114899 0.631901657561256 0.635119488007899 0.623110736175734 0.617638661066224 0.633332711414829 0.642860677454167 0.647899782131557 0.656074340721498 0.663496373664687 0.666846705035465 0.669877840343476 0.672629066614651 0.675089509126737 0.682310952997273 0.713220253763399 0.738126901895958 0.756707132863574
-9999 -9999 -9999 -9999 -9999 -9999 -9999 -9999 -9999 -9999 -9999 -9999 -9999 -9999 -9999 -9999 -9999 -9999 -9999 -9999 -9999 -9999 -9999 -9999 -9999 -9999 0.574556763186139 0.559277856750846 0.552249269754813 0.557677244318591 0.54322240643338 0.521381007939416 0.513034827861781 0.510620189467842 0.519100338537583 0.537375490501432 0.560463213624295 0.590110594259336 0.611279039715422 0.613099931962644 0.608310710023742 0.59954906211447 0.611634250943116 0.623867206466928 0.632922288304393 0.641051121190684 0.648505652053208 0.654530217173438 0.6603311660328 0.665916596701649 0.670137590844414 0.673162084909668 0.674970486520573 0.678318255056642 0.690293506701292 0.713450586086619 0.748392606442622
-9999 -9999 -9999 -9999 -9999 -9999 -9999 -9999 -9999 -9999 -9999 -9999 -9999 -9999 -9999 -9999 -9999 -9999 -9999 -9999 -9999 -9999 -9999 -9999 -9999 -9999 0.561474396500655 0.557378308887427 0.555127873672536 0.555664055738004 0.539118280769296 0.516244440313891 0.50546767647394 0.502637097266128 0.514401710561518 0.531727033858299 0.551784496478127 0.578665236024766 0.596760102938923 0.594806351164141 0.589984476025737 0.583438968372816 0.604372791063499 0.623006168870636 0.63037382943649 0.638523214311512 0.647241688396331 0.65304243333473 0.658666680065191 0.664874124013748 0.669556524575131 0.672901585878824 0.675159617183574 0.677368740063484 0.680275380684301 0.700915519626503 0.740245646982751
-9999 -9999 -9999 -9999 -9999 -9999 -9999 -9999 -9999 -9999 -9999 -9999 -9999 -9999 -9999 -9999 -9999 -9999 -9999 -9999 -9999 -9999 -9999 -9999 -9999 -9999 0.54257863535808 0.559071944028039 0.568344312057739 0.566714303244053 0.545445120882466 0.516648656063182 0.494708530275277 0.48689671735836 0.505035150458065 0.525764248963642 0.54776621708955 0.569189828785462 0.581719768830285 0.574150836657114 0.576120007957825 0.583821214875599 0.600683502086131 0.616136815791044 0.626013417263173 0.635386516036778 0.644393068766626 0.651602396556487 0.658274033247421 0.663736424217466 0.668262878677219 0.671968592790536 0.675609903130198 0.678998277072336 0.681197117805419 0.698669980277139 0.732240698014494
-9999 -9999 -9999 -9999 -9999 -9999 -9999 -9999 -9999 -9999 -9999 -9999 -9999 -9999 -9999 -9999 -9999 -9999 -9999 -9999 -9999 -9999 -9999 -9999 -9999 -9999 0.540295790145661 0.549001065998842 0.553157795917692 0.550447004784083 0.537981203638834 0.521493856654479 0.50049908038504 0.489434755493248 0.496610234508631 0.519032858837069 0.548946851221667 0.555264014851877 0.560917160752922 0.565685593341416 0.576697940904894 0.591462642709916 0.605510875507723 0.616923242286052 0.620983558696605 0.629784707141985 0.642037144391936 0.64869048065684 0.654954149037278 0.662150608111201 0.667992699723499 0.672647121010476 0.676700524923181 0.678723183096913 0.671267911607626 0.672499634266615 0.68288690069039
-9999 -9999 -9999 -9999 -9999 -9999 -9999 -9999 -9999 -9999 -9999 -9999 -9999 -9999 -9999 -9999 -9999 -9999 -9999 -9999 -9999 -9999 -9999 -9999 -9999 -9999 0.540654775143005 0.539121777860107 0.536929372587013 0.533741374805849 0.531558053764497 0.529185990359764 0.510399031671179 0.496707539331624 0.492375169099157 0.513405649182345 0.546897638798413 0.541246194578617 0.542331356460645 0.559675641052757 0.577676140668464 0.596071000431134 0.608700302366417 0.617581010030077 0.616825001034947 0.624877804925041 0.639343356001492 0.645535799656557 0.651624322622207 0.660816339480009 0.6676435250991 0.672396945683082 0.675582607937427 0.675496654497232 0.660658820930181 0.647897539305081 0.637324812415928
-9999 -9999 -9999 -9999 -9999 -9999 -9999 -9999 -9999 -9999 -9999 -9999 -9999 -9999 -9999 -9999 -9999 -9999 -9999 -9999 -9999 -9999 -9999 -9999 -9999 -9999 0.540650733394016 0.539067469634457 0.537441848952747 0.535752276612906 0.540438473941548 0.546712235464346 0.526792295951312 0.512061606032633 0.506862295043965 0.513484748170267 0.525915579470974 0.530182007885773 0.53840663683756 0.555796653570933 0.56954100112289 0.581094440843627 0.597821869489035 0.611826683428225 0.617217063202063 0.625067160403233 0.63470791273772 0.642372907735172 0.650471861446632 0.660989426610236 0.666150464432341 0.666614262583146 0.663732502162513 0.660024634505351 0.655137852813408 0.648743786772659 0.640761138123714
-9999 -9999 -9999 -9999 -9999 -9999 -9999 -9999 -9999 -9999 -9999 -9999 -9999 -9999 -9999 -9999 -9999 -9999 -9999 -9999 -9999 -9999 -9999 -9999 -9999 -9999 0.551287897340072 0.54799405084311 0.546084554906563 0.546265189916235 0.550155306967631 0.554641438443133 0.534715273988562 0.518561744510392 0.509337620309587 0.508605052182235 0.512044633700578 0.521689901673718 0.533459006854798 0.549869125774465 0.561963774029231 0.571464989362734 0.591118844692931 0.608382633096315 0.617116110066809 0.626621161774851 0.636687913883587 0.646899459018047 0.656347636176974 0.662943712163218 0.665938020994558 0.665773872398503 0.659803280653718 0.653393718693434 0.649835123489994 0.64467455180755 0.63782559798586
-9999 -9999 -9999 -9999 -9999 -9999 -9999 -9999 -9999 -9999 -9999 -9999 -9999 -9999 -9999 -9999 -9999 -9999 -9999 -9999 -9999 -9999 -9999 -9999 -9999 -9999 0.552054173050871 0.558290354331826 0.563009862107648 0.565439454078161 0.560724228367304 0.552793737557147 0.534009220995389 0.516042020000197 0.499576027268107 0.498673626595694 0.505418073513507 0.515818080260198 0.527469295768531 0.541854665206745 0.554954915432434 0.567282858131942 0.588669480855252 0.60729215678192 0.616512901845879 0.629565384376573 0.645407341945371 0.659259564222666 0.669383365598605 0.666712578241649 0.667030195309951 0.669968400480445 0.663943391651619 0.655769601486014 0.644754723054407 0.635597711523696 0.628398774492627
-9999 -9999 -9999 -9999 -9999 -9999 -9999 -9999 -9999 -9999 -9999 -9999 -9999 -9999 -9999 -9999 -9999 -9999 -9999 -9999 -9999 -9999 -9999 -9999 -9999 -9999 -9999 0.565033122038612 0.563468235559026 0.559540639985494 0.55147290083284 0.541378208329701 0.520407475941681 0.504220190999954 0.496818925958295 0.499703028428116 0.50764063252328 0.520186304721398 0.532110068325843 0.542506822184264 0.553183593086177 0.564028643528261 0.580980991320866 0.60128348969067 0.630033700159046 0.651085814124492 0.666533773780758 0.673636800526264 0.677389932660409 0.672408408843082 0.669098741070727 0.667255155339682 0.663757336329198 0.658243139278825 0.64423083124404 0.635070693151193 0.631024436050934
-9999 -9999 -9999 -9999 -9999 -9999 -9999 -9999 -9999 -9999 -9999 -9999 -9999 -9999 -9999 -9999 -9999 -9999 -9999 -9999 -9999 -9999 -9999 -9999 -9999 -9999 -9999 -9999 -9999 0.546254911396197 0.539487545077321 0.529564582921713 0.506276214521028 0.492513604910292 0.496247478167076 0.502485085470237 0.509952850476433 0.524926395945678 0.537450818405412 0.54424001667582 0.552133805288576 0.560691410476811 0.57395711271038 0.596467727503962 0.644385815579301 0.672155891589071 0.685258371707354 0.684256531032999 0.681027629740186 0.675594578356473 0.669241729658616 0.662082293379271 0.661670364559392 0.659816921935556 0.645043213276748 0.63711453564651 0.636400088863409
-9999 -9999 -9999 -9999 -9999 -9999 -9999 -9999 -9999 -9999 -9999 -9999 -9999 -9999 -9999 -9999 -9999 -9999 -9999 -9999 -9999 -9999 -9999 -9999 -9999 -9999 -9999 -9999 -9999 -9999 0.539487545077321 0.529628739139013 0.508200605817433 0.495674820288412 0.4995004645056 0.500230075499946 0.499438514897236 0.516595961122011 0.531297652854494 0.539976042315877 0.547910670580965 0.555398326795538 0.579270880718295 0.606994753543798 0.642814399217889 0.662079596335084 0.669293283812087 0.666981731051036 0.663415200138999 0.659270724104342 0.655176915167546 0.651127537162758 0.653579439657531 0.655295580555608 0.647778177151707 0.643185483344619 0.641675248930949
-9999 -9999 -9999 -9999 -9999 -9999 -9999 -9999 -9999 -9999 -9999 -9999 -9999 -9999 -9999 -9999 -9999 -9999 -9999 -9999 -9999 -9999 -9999 -9999 -9999 -9999 -9999 -9999 -9999 -9999 -9999 -9999 0.496048849388835 0.496837048647465 0.499072976651795 0.497264014977209 0.493467680800482 0.511436252881834 0.524708210616509 0.526789138252265 0.535368486033273 0.547853135935318 0.57090001026009 0.59696680092966 0.62977605176719 0.648543865628884 0.657089622712616 0.656782281596059 0.654416543324493 0.648252273608947 0.64433807860426 0.642397016474923 0.646790138306768 0.650770166335985 0.64724926952914 0.644168701773363 0.641552213056797
