layers/veg/veg_1900.asc
NCOLS 255 
NROWS 330 
XLLCORNER -2985163.8955 
YLLCORNER -3022031.214 
CELLSIZE 25000 
NODATA_value -9999 
[rows 25 to 49 of 330, columns 112 to 167 of 255]
0.13246397840338 0.129522229275678 0.126817784245267 0.124260131732943 -9999 -9999 -9999 -9999 -9999 -9999 -9999 -9999 -9999 -9999 -9999 -9999 -9999 -9999 -9999 -9999 -9999 -9999 -9999 -9999 -9999 -9999 -9999 -9999 -9999 -9999 -9999 -9999 -9999 -9999 -9999 -9999 -9999 -9999 -9999 -9999 -9999 -9999 -9999 -9999 -9999 -9999 -9999 -9999 -9999 -9999 -9999 -9999 -9999 -9999 -9999 -9999
0.123991818305644 0.119090122712916 0.119743705172596 0.123833693759634 -9999 -9999 -9999 -9999 -9999 -9999 -9999 -9999 -9999 -9999 -9999 -9999 -9999 -9999 -9999 -9999 -9999 -9999 -9999 -9999 -9999 -9999 -9999 -9999 -9999 -9999 -9999 -9999 -9999 -9999 -9999 -9999 -9999 -9999 -9999 -9999 -9999 -9999 -9999 -9999 -9999 -9999 -9999 -9999 -9999 -9999 -9999 -9999 -9999 -9999 -9999 -9999
0.14696763500165 0.143713830219253 0.137684252681186 0.129937626524535 0.118243971950035 0.11007368444754 0.113053317633358 0.117465034731815 0.122948723703609 -9999 -9999 -9999 -9999 -9999 -9999 -9999 -9999 -9999 -9999 -9999 -9999 -9999 -9999 -9999 -9999 -9999 -9999 -9999 -9999 -9999 -9999 -9999 -9999 -9999 -9999 -9999 -9999 -9999 -9999 -9999 -9999 -9999 -9999 -9999 -9999 -9999 -9999 -9999 -9999 -9999 -9999 -9999 -9999 -9999 -9999 -9999
0.180412818075953 0.179752512482912 0.162791318247968 0.135746655088166 0.120183326627754 0.111127581661929 0.118884019067603 0.122605711841835 0.123307237485609 0.127999888875036 0.133633725842698 0.140972155391101 -9999 -9999 -9999 -9999 -9999 -9999 -9999 -9999 -9999 -9999 -9999 -9999 -9999 -9999 -9999 -9999 -9999 -9999 -9999 -9999 -9999 -9999 -9999 -9999 -9999 -9999 -9999 -9999 -9999 -9999 -9999 -9999 -9999 -9999 -9999 -9999 -9999 -9999 -9999 -9999 -9999 -9999 -9999 -9999
0.2266524427333 0.227540874556844 0.211592748382737 0.185229796790189 0.141195888810405 0.122546370089796 0.182058629603323 0.178304031842933 0.127191670397309 0.127143527736043 0.133633725842698 0.140972155391101 0.144450662475743 -9999 -9999 -9999 -9999 -9999 -9999 -9999 -9999 -9999 -9999 -9999 -9999 -9999 -9999 -9999 -9999 -9999 -9999 -9999 -9999 -9999 -9999 -9999 -9999 -9999 -9999 -9999 -9999 -9999 -9999 -9999 -9999 -9999 -9999 -9999 -9999 -9999 -9999 -9999 -9999 -9999 -9999 -9999
0.245378747607344 0.247278316469184 0.232998524088151 0.208710437687049 0.166004334259172 0.151365930565723 0.222925759745774 0.220382265128865 0.162369479829901 0.164285989037723 0.173638686738162 0.18308328085167 0.24216125201464 0.345968114838572 -9999 -9999 -9999 -9999 -9999 -9999 -9999 -9999 -9999 -9999 -9999 -9999 -9999 -9999 -9999 -9999 -9999 -9999 -9999 -9999 -9999 -9999 -9999 -9999 -9999 -9999 -9999 -9999 -9999 -9999 -9999 -9999 -9999 -9999 -9999 -9999 -9999 -9999 -9999 -9999 -9999 -9999
0.224565419840886 0.22670353553263 0.215033765062954 0.194822657118662 0.196267876768946 0.205192292832941 0.231734614593496 0.242886952601677 0.242519274521355 0.256036890611583 0.271135127035699 0.285712673242701 0.314368526638164 0.355711549725402 -9999 -9999 -9999 -9999 -9999 -9999 -9999 -9999 -9999 -9999 -9999 -9999 -9999 -9999 -9999 -9999 -9999 -9999 -9999 -9999 -9999 -9999 -9999 -9999 -9999 -9999 -9999 -9999 -9999 -9999 -9999 -9999 -9999 -9999 -9999 -9999 -9999 -9999 -9999 -9999 -9999 -9999
0.203809827130327 0.206078980107796 0.196896643135748 0.180630597687069 0.193556319403282 0.20856236849122 0.223801622756663 0.242901079325856 0.264890051138183 0.283060047390682 0.300567141115082 0.317348422841295 0.336250217037965 0.357062986836039 0.360165831764333 -9999 -9999 -9999 -9999 -9999 -9999 -9999 -9999 -9999 -9999 -9999 -9999 -9999 -9999 -9999 -9999 -9999 -9999 -9999 -9999 -9999 -9999 -9999 -9999 -9999 -9999 -9999 -9999 -9999 -9999 -9999 -9999 -9999 -9999 -9999 -9999 -9999 -9999 -9999 -9999 -9999
0.18311420982539 0.185505950242133 0.178941201119338 0.166836110857373 0.179606463243134 0.194706676512399 0.211642966324227 0.235952211704403 0.265780408120123 0.28587188565285 0.304526346134071 0.322294242454172 0.339210530172598 0.355359360362516 0.377241587967206 0.400422688619499 0.424841083530811 -9999 -9999 -9999 -9999 -9999 -9999 -9999 -9999 -9999 -9999 -9999 -9999 -9999 -9999 -9999 -9999 -9999 -9999 -9999 -9999 -9999 -9999 -9999 -9999 -9999 -9999 -9999 -9999 -9999 -9999 -9999 -9999 -9999 -9999 -9999 -9999 -9999 -9999 -9999
0.163209059061307 0.166374142718603 0.16604342929965 0.16355027173668 0.187459674436763 0.21360235425232 0.240989625006434 0.258309989743165 0.2680948741865 0.287244464500709 0.306696361085952 0.322888386670867 0.339053849686785 0.355195374894286 0.377159322809136 0.400422688619499 0.424841083530811 0.437536956336608 -9999 -9999 -9999 -9999 -9999 -9999 -9999 -9999 -9999 -9999 -9999 -9999 -9999 -9999 -9999 -9999 -9999 -9999 -9999 -9999 -9999 -9999 -9999 -9999 -9999 -9999 -9999 -9999 -9999 -9999 -9999 -9999 -9999 -9999 -9999 -9999 -9999 -9999
0.143612014134307 0.148423836285843 0.154902636314669 0.162412602189318 0.192660490488895 0.225060866239756 0.259206638479738 0.275790791372144 0.279229372399146 0.293444380619809 0.309120756308605 0.32528668357124 0.341618733004248 0.358100489368416 0.379276026435612 0.402006033170071 0.428288660967424 0.455895543811682 0.484936637953357 -9999 -9999 -9999 -9999 -9999 -9999 -9999 -9999 -9999 -9999 -9999 -9999 -9999 -9999 -9999 -9999 -9999 -9999 -9999 -9999 -9999 -9999 -9999 -9999 -9999 -9999 -9999 -9999 -9999 -9999 -9999 -9999 -9999 -9999 -9999 -9999 -9999
0.124552369437564 0.1325343118371 0.146826377384837 0.165021784159834 0.193234981466269 0.22354742473974 0.258011251478643 0.284765138626893 0.305747828770988 0.308064170200764 0.311988843274916 0.330831795464824 0.348930585831894 0.366358748175432 0.385228185898737 0.406351057713827 0.437749525675089 0.46455678247626 0.486391608226468 0.49080013434003 -9999 -9999 -9999 -9999 -9999 -9999 -9999 -9999 -9999 -9999 -9999 -9999 -9999 -9999 -9999 -9999 -9999 -9999 -9999 -9999 -9999 -9999 -9999 -9999 -9999 -9999 -9999 -9999 -9999 -9999 -9999 -9999 -9999 -9999 -9999 -9999
0.108930563331666 0.122674313824861 0.142730834051616 0.166692332640992 0.194192853028971 0.223622810428576 0.258010242628435 0.28776244669882 0.314044997812804 0.325528616106881 0.334810702752464 0.342679038960432 0.356151042895239 0.374672992281232 0.393802029195044 0.414850782839073 0.445246645698686 0.470574395657048 0.490413214463861 0.517298343815522 0.544924161298702 0.564619591488178 0.609142493993055 0.686024172522561 0.712867162859851 0.72489049934535 0.758987252979398 0.791021183297375 0.819804571037212 0.836954198141492 0.848915966129666 0.846846104476176 0.847554639508786 0.853601277238468 -9999 -9999 -9999 -9999 -9999 -9999 -9999 -9999 -9999 -9999 -9999 -9999 -9999 -9999 -9999 -9999 -9999 -9999 -9999 -9999 -9999 -9999
0.0949309608187436 0.115635687905192 0.140498898642793 0.167934480837685 0.195338516023175 0.224447639313941 0.258574187716984 0.287986237552791 0.313869297350815 0.344313952254534 0.366908647060204 0.357457163775416 0.363330155972305 0.383013346957359 0.403595078441794 0.42528268043814 0.451830253968867 0.475362774257516 0.495629893797114 0.52008551151062 0.544924786111855 0.56461903623182 0.60914223713776 0.686026141026402 0.712872673131079 0.724899378986309 0.758991474649552 0.791022533997894 0.819805866677409 0.836955283230393 0.848916799442005 0.846847627874889 0.84755669580115 0.853603564411845 0.863312139487636 0.874904175505753 0.881358841852547 -9999 -9999 -9999 -9999 -9999 -9999 -9999 -9999 -9999 -9999 -9999 -9999 -9999 -9999 -9999 -9999 -9999 -9999 -9999
0.129775941468072 0.142465726475539 0.16264918508049 0.187468110285649 0.216941974975615 0.247252697103216 0.279085120018112 0.305411266139854 0.327615744671462 0.356848913015036 0.378556698887193 0.368292373321277 0.373096410635271 0.391479841712696 0.41166216390539 0.43307054250585 0.459099924988906 0.482273587521975 0.502354412444873 0.52438778741016 0.546287304424014 0.563408199116349 0.608582117619369 0.690318820395054 0.724888818145644 0.744263045313417 0.768197591494481 0.793967981260273 0.822631244929741 0.839321516225333 0.850733988013743 0.850169674848113 0.85204081395236 0.85859116045541 0.866445478790015 0.874970517194082 0.881358841852547 0.885820451104604 -9999 -9999 -9999 -9999 -9999 -9999 -9999 -9999 -9999 -9999 -9999 -9999 -9999 -9999 -9999 -9999 -9999 -9999
0.172134857454293 0.175242834477195 0.189820258047188 0.211492497757794 0.240917517474382 0.270665139490502 0.299799065019526 0.323964517796326 0.344410870737684 0.371608064027413 0.392696109406382 0.387336810237627 0.390688351031298 0.40188997658884 0.420490416836769 0.44135442759993 0.466852750140475 0.489863068490642 0.510178797361089 0.530823375784565 0.550849606549769 0.565536064900107 0.610362512929114 0.694471782946878 0.73425367037687 0.758853430194918 0.775804854258876 0.797135746972254 0.82536769088263 0.841700895958771 0.852822478556293 0.853385176911451 0.856202747490031 0.863352579029625 0.87007403846229 0.876575157422588 0.883191792627721 0.89124314130325 0.902694235793147 0.908861143457989 0.911712005134412 -9999 -9999 -9999 -9999 -9999 -9999 -9999 -9999 -9999 -9999 -9999 -9999 -9999 -9999 -9999
0.23057252127358 0.220745821188805 0.227735096684463 0.245126465644558 0.269968979776863 0.29537729811851 0.32094742818778 0.344932005591268 0.367729733644369 0.391126664328244 0.412166671496299 0.423947820577402 0.425026140557133 0.416459223565298 0.430947459373658 0.450699731085679 0.4756394560878 0.498904801360495 0.520356738914098 0.54182394799162 0.562258988767699 0.574808277766899 0.617151275497009 0.698325771477085 0.737945134937906 0.763229674914296 0.779990797777073 0.8007792423957 0.827913834423687 0.844108407833845 0.855491516545646 0.856372688093557 0.859675251996906 0.867630010141591 0.874762298956085 0.881471536694683 0.888946996121754 0.896490291498669 0.904154405670457 0.908861143457989 0.911712005134412 -9999 -9999 -9999 -9999 -9999 -9999 -9999 -9999 -9999 -9999 -9999 -9999 -9999 -9999 -9999
0.297612820524014 0.274904519566942 0.274146426177532 0.286966380020083 0.305235355753088 0.324599364866763 0.346083858899501 0.367514001866352 0.38890346089464 0.409517167062555 0.428628952996365 0.442385927276543 0.447377071328955 0.444468574174497 0.45106257748896 0.461963880669595 0.486057584032843 0.506748632720487 0.523754495696841 0.544662416934538 0.565602779636692 0.579276401689535 0.622338219858385 0.703703013207512 0.742530098210519 0.766749547414502 0.783119942094607 0.802018592326366 0.824901200978141 0.840641883248587 0.853190288010702 0.856824693648136 0.862216447897489 0.8709845765184 0.878206576102693 0.884633297944211 0.893376042324571 0.901615895206971 0.908540400515501 0.913833992156142 0.918104117953331 0.924304710136655 0.928104036250441 0.924299427003482 -9999 -9999 -9999 -9999 -9999 -9999 -9999 -9999 -9999 -9999 -9999 -9999
0.369565737263742 0.334006145127753 0.325409758281878 0.333492378858857 0.344050817803279 0.356396857911288 0.373497713840031 0.391017978697234 0.408852187849717 0.4272634588595 0.443373327006724 0.450446223016384 0.462882791417615 0.480153024896047 0.476693032314641 0.474323805725639 0.497407351160153 0.513908390931628 0.523280362923223 0.542839838508224 0.564340637191481 0.581001104534285 0.626610430566454 0.709950123290715 0.74762530249384 0.769780380343646 0.785645591090572 0.801885031910061 0.818714174608237 0.833820933792169 0.848050741096568 0.855828774390639 0.864225811084268 0.873812132135022 0.880940464625175 0.886804488931507 0.897047773684218 0.906672088627792 0.914597215776237 0.92164663380864 0.928146508117966 0.928846924778977 0.928104036250441 0.924299427003482 0.922657758945177 -9999 -9999 -9999 -9999 -9999 -9999 -9999 -9999 -9999 -9999 -9999
0.417316547902605 0.390821509204287 0.379681544219669 0.3780399821769 0.383989139191012 0.391902832310565 0.404060942286191 0.417855218559544 0.432874230503614 0.448952911219682 0.464300743590165 0.476365902925683 0.486880402578467 0.495997469836456 0.484257410944844 0.474972860970933 0.498319772950828 0.516982294765299 0.530571469634663 0.548829048353972 0.570569158291368 0.60982722518749 0.658899323405246 0.720762495857266 0.751769065394284 0.772166663198602 0.786702686377976 0.801461571920988 0.816571638099017 0.830075066099382 0.84272103201318 0.847764260880575 0.8558033453645 0.869598333973502 0.879641855426497 0.887755746000526 0.897624042933305 0.907331341554731 0.916564374832022 0.925466423066954 0.934160764485628 0.935851092868768 0.935481430976465 0.930465819114589 0.925125216654466 0.919537946976948 -9999 -9999 -9999 -9999 -9999 -9999 -9999 -9999 -9999 -9999
0.455378065210603 0.438024786280726 0.426900991108372 0.419630654926312 0.421995592383673 0.426302336104869 0.434374822636739 0.445061744639571 0.457705675770704 0.471638825225875 0.485932474023439 0.50099183911881 0.510153954560569 0.514001552705003 0.494327023933177 0.47799312833286 0.501414860275073 0.521544272195151 0.538107994423131 0.555350386650656 0.577257979876144 0.63336791083325 0.684604148234764 0.72948827873733 0.754885674215978 0.773467826901491 0.786819829966611 0.800288884785894 0.813942386672351 0.826532304777757 0.838483518343639 0.84254661746802 0.850611162946788 0.866363642867529 0.878196354166227 0.888012865867019 0.897347466552563 0.906914472774609 0.917058469670732 0.927472159950328 0.938055093992868 0.940257886508587 0.94007715425787 0.934580648443371 0.927628572515441 0.919571721767753 0.918386648313644 -9999 -9999 -9999 -9999 -9999 -9999 -9999 -9999 -9999
0.470656776601268 0.459865773431544 0.454916674983034 0.453581285333621 0.454703530854836 0.45727752216457 0.463622949566364 0.472830164897161 0.484179542527442 0.496482929467725 0.508658014405995 0.519895061573894 0.530415796134216 0.54029099998669 0.513378865246069 0.488830188227708 0.511661677607075 0.530596959562741 0.545312522124316 0.562298988240139 0.584223184624307 0.639358124347816 0.689176359062289 0.732065089863079 0.755381928854556 0.771954932096186 0.784615072018718 0.797153496030987 0.809500123321907 0.823140749642158 0.837185041462958 0.84582517001037 0.855365906847224 0.866636972388733 0.87687136114079 0.886572517570334 0.895188240822248 0.904184491876099 0.914141030230725 0.925144024531526 0.936803713259919 0.937419852040457 0.936311435736151 0.932436480593296 0.926366725448449 0.91863112146937 0.917959057240862 -9999 -9999 -9999 -9999 -9999 -9999 -9999 -9999 -9999
0.488077005982862 0.479763644314671 0.478628341056293 0.481933269892388 0.478494934461712 0.477823737549784 0.486643286127813 0.495653984162307 0.504807765181761 0.516314490749652 0.528093553322065 0.539801488703436 0.550931242680647 0.561539947820877 0.537749361999343 0.514413076478569 0.526301960985133 0.539470906958999 0.554026201145832 0.574189053505387 0.598969878948034 0.648102670021205 0.694543196495882 0.737474771836309 0.75503590543728 0.76470455054533 0.780549604036671 0.794355285377965 0.804947377870055 0.818323846560771 0.832741969505794 0.842484182411867 0.851911830717015 0.860735109547853 0.870469538566207 0.880672633166343 0.888423062616278 0.896885907679793 0.907168652705224 0.917275963525815 0.927273182120212 0.929523147684934 0.930167248076603 0.927685420952188 0.923755169239788 0.918725566147225 0.911552306149564 0.905287031358755 0.903619380095745 -9999 -9999 -9999 -9999 -9999 -9999 -9999
0.506981752901982 0.498314531334455 0.499356427288027 0.506404228009276 0.49610532421017 0.491140506378775 0.50534646819383 0.515050166153125 0.521383740213165 0.532671316837608 0.545248436695583 0.560403345401756 0.571622490238929 0.579294780798503 0.565806793586106 0.550217891835604 0.543987830449099 0.54822095036602 0.563786036030293 0.589504581231743 0.619110764584617 0.658756540954181 0.700460875499561 0.744848222721331 0.754106008080731 0.753476896923369 0.775194276856779 0.791790809303701 0.800318045334735 0.812518880791345 0.826119038887984 0.83455447621699 0.842767334357092 0.850552553573442 0.860548416815686 0.871681362377292 0.87846500101821 0.886420330842613 0.897385359405496 0.905567581437027 0.912003477167022 0.918119732577413 0.922374286434055 0.921127242903199 0.92020798377195 0.919537512347768 0.912170207975441 0.905287031358755 0.903619380095745 0.902823222129528 -9999 -9999 -9999 -9999 -9999 -9999
0.523566700363122 0.505327229819912 0.499772823207968 0.502065194202488 0.495539639568208 0.491796271705875 0.498005813000119 0.502252022904966 0.505028601031325 0.510321379965801 0.522978791368214 0.562499966231021 0.585488917101472 0.593579263447556 0.593574956538897 0.58817579165257 0.562614706375289 0.55639349651952 0.57111800092399 0.607660989492752 0.647485193339641 0.670271435690655 0.701844057007689 0.744868366415123 0.754900141606611 0.755657331049982 0.77754549100107 0.795026725193698 0.805563642001037 0.811851278293164 0.816491735241535 0.8259584171076 0.835666544338869 0.845838557868897 0.858303897707904 0.871948848903568 0.873331399812424 0.875779097762696 0.881398882910723 0.884623699377995 0.886345573850757 0.902944051545713 0.916669897888337 0.918574924816761 0.917503851612242 0.914173924328751 0.907857237815795 0.902288453193748 0.901114408593962 0.900606388891298 0.90070682025704 -9999 -9999 -9999 -9999 -9999
