layers/veg/veg_4600.asc
NCOLS 255 
NROWS 330 
XLLCORNER -2985163.8955 
YLLCORNER -3022031.214 
CELLSIZE 25000 
NODATA_value -9999 
[rows 75 to 99 of 330, columns 0 to 56 of 255]
-9999 -9999 -9999 -9999 -9999 -9999 -9999 -9999 -9999 -9999 -9999 -9999 -9999 -9999 -9999 -9999 -9999 -9999 -9999 -9999 -9999 -9999 -9999 -9999 0.716056307816048 0.700216811835763 0.684377315855478 0.69572090026 0.713129578180503 0.719889451484699 0.717380038342769 0.702267784579143 0.529552548685913 0.31496196085544 0.304202243559515 0.313340561249339 0.355238387534423 0.462807690826709 0.597955025368208 0.653885283843596 0.696684862912897 0.71305988156787 0.725463034330314 0.735727351765162 0.744490764196655 0.752060224365775 0.756773353463583 0.76249022977154 0.768865007489196 0.776347691791148 0.78452593518192 0.794609097980002 0.80266122869894 0.809105519742468 0.817109578648519 0.824318853857582 0.827315757631847
-9999 -9999 -9999 -9999 -9999 -9999 -9999 -9999 -9999 -9999 -9999 -9999 -9999 -9999 -9999 -9999 -9999 -9999 -9999 -9999 -9999 -9999 -9999 -9999 0.708704997925092 0.692693384537259 0.676681771149426 0.693963173040751 0.718155613998425 0.72493205580201 0.727429406219799 0.724108756832069 0.57185304906416 0.376727935929612 0.322429551021406 0.300351925765525 0.331321561384004 0.457035837822242 0.622503628054521 0.671314607266315 0.707618174602624 0.718751463196352 0.728323423034666 0.737054613020615 0.743189347695054 0.748739590331795 0.753045085385645 0.759210971345074 0.766596241813859 0.774720437544501 0.783645556598129 0.794907679327274 0.803297911869893 0.809414650540733 0.81747456006919 0.824737763369375 0.827555797003592
-9999 -9999 -9999 -9999 -9999 -9999 -9999 -9999 -9999 -9999 -9999 -9999 -9999 -9999 -9999 -9999 -9999 -9999 -9999 -9999 -9999 -9999 -9999 -9999 0.696808154176893 0.703231253945939 0.709654353714985 0.714862428145581 0.719743960435716 0.724632695069986 0.728043050943424 0.729443352212384 0.627342661435398 0.489262642474442 0.351848814638463 0.284466638868079 0.332382406307979 0.469038895201683 0.642629220116964 0.685683487571088 0.716789301250315 0.723849699694879 0.732611344254555 0.742289103655567 0.746479644884076 0.750522177396609 0.754647860831618 0.760209252839911 0.766711673311073 0.772713086106889 0.779522646221537 0.789023587007351 0.796726748975696 0.803006723127352 0.810287323730428 0.817545028008819 0.824120979084517
-9999 -9999 -9999 -9999 -9999 -9999 -9999 -9999 -9999 -9999 -9999 -9999 -9999 -9999 -9999 -9999 -9999 -9999 -9999 -9999 -9999 -9999 -9999 -9999 0.73251460955612 0.732376712861446 0.732238816166771 0.729286689106187 0.72601344025684 0.726436472381545 0.729510346552169 0.736188396730534 0.639698080635881 0.507064770528904 0.370708155989126 0.306543225156489 0.361232446736596 0.495808582751865 0.663482288258055 0.70293295911379 0.729804405458927 0.731361055229897 0.737718558959722 0.746661305073776 0.749713069955976 0.752781690136339 0.756378266790242 0.761087371942824 0.766525678691393 0.77151551730437 0.777210962159186 0.785259243318859 0.792184820806362 0.798221624784878 0.804949463101976 0.812040323813413 0.820232240901053
-9999 -9999 -9999 -9999 -9999 -9999 -9999 -9999 -9999 -9999 -9999 -9999 -9999 -9999 -9999 -9999 -9999 -9999 -9999 -9999 -9999 -9999 -9999 -9999 0.732329797206849 0.732540414129022 0.732751031051195 0.735645703623866 0.73811373529291 0.730859916405872 0.732040948877701 0.744690295330475 0.598325590545632 0.406868090448508 0.376414068379152 0.375905083965514 0.424696682205917 0.540971570559283 0.685241499899036 0.723770492316122 0.747607564399227 0.741878189502612 0.743846284837668 0.749959439877684 0.752875655173797 0.755635261035425 0.758267649191968 0.761815816886586 0.765964227992076 0.771326612968839 0.777155339841897 0.784135256475291 0.790170505447483 0.795457920763399 0.801915183069425 0.808638229604524 0.815778100075333
-9999 -9999 -9999 -9999 -9999 -9999 -9999 -9999 -9999 -9999 -9999 -9999 -9999 -9999 -9999 -9999 -9999 -9999 -9999 -9999 -9999 -9999 -9999 -9999 -9999 -9999 0.732934462827651 0.737150610607108 0.741936730206891 -9999 0.717439119250655 0.719287683848177 0.567613202717348 0.375352185490414 0.384862064209076 0.410927406731322 0.464249152167749 0.569141334186837 0.695272843885697 0.729671384603917 0.751160666906361 0.746670982823127 0.74751416390943 0.75122907348067 0.753626504129423 0.755925625965247 0.758088032386344 0.761596932879949 0.76598838660956 0.77022949558665 0.77497286416344 0.781345858902038 0.787095590130799 0.792351923047619 0.798823721358702 0.805435011947858 0.811912360818513
-9999 -9999 -9999 -9999 -9999 -9999 -9999 -9999 -9999 -9999 -9999 -9999 -9999 -9999 -9999 -9999 -9999 -9999 -9999 -9999 -9999 -9999 -9999 -9999 -9999 -9999 -9999 -9999 -9999 -9999 0.722947680683269 0.685659885206389 0.540046788659615 0.369422784819747 0.398140047376392 0.438880743864928 0.499416449635458 0.593416030375251 0.700938290525195 0.730570865685974 0.750266328589941 0.74996405831855 0.750791030864414 0.752226096557513 0.753980181712232 0.755782996717137 0.757681129675744 0.761385913109596 0.766274857139337 0.769079632926148 0.772463660395833 0.778237999032309 0.783781619566982 0.789142595168705 0.795651488345235 0.802199353363785 0.808235802047851
-9999 -9999 -9999 -9999 -9999 -9999 -9999 -9999 -9999 -9999 -9999 -9999 -9999 -9999 -9999 -9999 -9999 -9999 -9999 -9999 -9999 -9999 -9999 -9999 -9999 -9999 -9999 -9999 -9999 0.738750042115607 0.701440996630727 0.61340528985143 0.51068588565914 0.411965858512882 0.456348895928158 0.507219212546784 0.568769984746787 0.633194654247171 0.698363099750092 0.727285976421166 0.749038598977714 0.756361594005047 0.758263183418894 0.757245365640981 0.758291219491286 0.759723459010039 0.761949913016236 0.764579393618646 0.767473036116712 0.770513108503881 0.77370997945926 0.777363897980258 0.781480997658593 0.785964768572366 0.791767524106858 0.797901369909846 0.804635558318759
-9999 -9999 -9999 -9999 -9999 -9999 -9999 -9999 -9999 -9999 -9999 -9999 -9999 -9999 -9999 -9999 -9999 -9999 -9999 -9999 -9999 -9999 -9999 -9999 -9999 -9999 -9999 -9999 0.746565611835592 0.732158773066665 0.680554488351791 0.578375276913529 0.495181538504388 0.427540105412521 0.500409068282563 0.563715548350976 0.611278652867161 0.655421546386563 0.697834061765682 0.72355500148991 0.743481317017683 0.751746362597263 0.757175182146027 0.761076704299586 0.761819488726748 0.762812133849013 0.764688966689849 0.766618037955704 0.768581348652675 0.77160832735765 0.774611712926211 0.777256047721054 0.780533017998341 0.784310805785698 0.78900318195368 0.794079857521209 0.800214784494463
-9999 -9999 -9999 -9999 -9999 -9999 -9999 -9999 -9999 -9999 -9999 -9999 -9999 -9999 -9999 -9999 -9999 -9999 -9999 -9999 -9999 -9999 -9999 -9999 -9999 -9999 -9999 -9999 0.744220861331763 0.707645048282589 0.660600583557276 0.599322579997532 0.500514303687415 0.402559363051416 0.523192845648363 0.602404006365179 0.613418739111111 0.651254621050299 0.700381972774558 0.719153215049103 0.731413371827343 0.73057043113903 0.743214654040731 0.763121665449382 0.76417065188629 0.764619913849251 0.76512765443775 0.766920071022584 0.769554522474808 0.772194884936949 0.774995267932098 0.778300464592819 0.781619105013174 0.784948388007986 0.787922497083369 0.790974849379656 0.794560119798534
-9999 -9999 -9999 -9999 -9999 -9999 -9999 -9999 -9999 -9999 -9999 -9999 -9999 -9999 -9999 -9999 -9999 -9999 -9999 -9999 -9999 -9999 -9999 -9999 -9999 -9999 -9999 0.731116458644117 0.714804200683415 0.67288375773755 0.633218942869856 0.596620957507993 0.515112982300699 0.429244603906687 0.520409499520035 0.579565267371468 0.586022198539061 0.632652577903446 0.696283374371801 0.720656932314047 0.734848146619284 0.7285481170007 0.741043655240048 0.763660538364786 0.764541971052726 0.764504709763943 0.76396710253552 0.764754190991935 0.766409545033212 0.768457768298949 0.770675133696532 0.773322719001282 0.775910019324297 0.778449595839078 0.781458953909514 0.784579779557833 0.787887638934176
-9999 -9999 -9999 -9999 -9999 -9999 -9999 -9999 -9999 -9999 -9999 -9999 -9999 -9999 -9999 -9999 -9999 -9999 -9999 -9999 -9999 -9999 -9999 -9999 0.766551055003796 0.755139806616224 0.743728558228653 0.713337749509362 0.677309548207025 0.636857283242042 0.605060938028124 0.585033478983695 0.53285867147681 0.4752482502151 0.508005652408537 0.533771039084362 0.548024987941756 0.609279476987023 0.690400615314844 0.723977449855634 0.743184587149395 0.733473728557602 0.743144081151227 0.763251145430657 0.763850957469654 0.763411410347568 0.761986554207301 0.761462544955021 0.761528991578021 0.762932554141893 0.764452405276833 0.765982758495376 0.767557757699198 0.76916810030661 0.772873838175697 0.776855273626396 0.780751939681814
-9999 -9999 -9999 -9999 -9999 -9999 -9999 -9999 -9999 -9999 -9999 -9999 -9999 -9999 -9999 -9999 -9999 -9999 -9999 -9999 -9999 -9999 -9999 -9999 0.768987019770618 0.752982101670255 0.736977183569894 0.724284422975864 0.710144574508117 0.676224356712352 0.635377865194786 0.585114173731414 0.536929959711863 0.493186805490637 0.507838203707664 0.52276212426506 0.538134717164125 0.610789448959514 0.70720148915085 0.713443199348313 0.718750720797256 0.722178253689612 0.735118630163642 0.753181638284594 0.755473275035505 0.756313990564832 0.754833997523089 0.753988667655613 0.753559324794438 0.755091699011661 0.756871236122872 0.758908437270522 0.760110733015208 0.760652086943224 0.764250633058173 0.768217594225614 0.771920511320105
-9999 -9999 -9999 -9999 -9999 -9999 -9999 -9999 -9999 -9999 -9999 -9999 -9999 -9999 -9999 -9999 -9999 -9999 -9999 -9999 -9999 -9999 -9999 -9999 0.772744431234277 0.750537539453186 0.728330647672096 0.728648710619465 0.729759760929581 0.686259765372811 0.635270565022812 0.574098784283168 0.519306198577052 0.471458855832506 0.497836379727592 0.520336831081405 0.536454190269021 0.613346886868043 0.715176945532985 0.702316748208037 0.698643173147506 0.713457023415262 0.728188944642002 0.742876747378335 0.746323406180465 0.748222318264327 0.747185192671367 0.746583686954822 0.746267706246852 0.74782456502379 0.749717221687938 0.752171795732552 0.753428230698094 0.753736174712767 0.757233506953794 0.761166985846024 0.765039937835537
-9999 -9999 -9999 -9999 -9999 -9999 -9999 -9999 -9999 -9999 -9999 -9999 -9999 -9999 -9999 -9999 -9999 -9999 -9999 -9999 -9999 -9999 -9999 -9999 0.778918797899229 0.74756830895016 0.71621782000109 0.720973669178024 0.725195568164745 0.64264691111477 0.579516680930815 0.542788411711052 0.462001712867977 0.37717999235701 0.46984726610549 0.533611171494664 0.549789466300842 0.617820163113707 0.707010518425035 0.69010714902747 0.686448557979416 0.709444143371675 0.723263438364707 0.732141334374687 0.735761191302835 0.738312136144263 0.738628738958393 0.739304719654937 0.740216252902027 0.741606779679675 0.743344482670605 0.746052777801753 0.748144056679465 0.749746882803113 0.753153934845196 0.757019165425017 0.761727521018622
-9999 -9999 -9999 -9999 -9999 -9999 -9999 -9999 -9999 -9999 -9999 -9999 -9999 -9999 -9999 -9999 -9999 -9999 -9999 -9999 -9999 -9999 -9999 -9999 0.773894133710581 0.752840188136535 0.73178624256249 0.73199429110526 0.731173786434799 0.673218840039856 0.630159256620535 0.607351920952445 0.501330860107033 0.380393341889378 0.480079241631769 0.551000601014819 0.574564911934771 0.597489038035536 0.620016403153692 0.634261208669962 0.64899016851318 0.664693454578722 0.679146461312456 0.692926197176379 0.705440884693626 0.716166402899635 0.722530464881807 0.727091903060252 0.730471819905801 0.732011862205108 0.733957201321252 0.737677045649588 0.741468853506976 0.74531763034008 0.750702535450319 0.756033614961482 0.760240598820518
-9999 -9999 -9999 -9999 -9999 -9999 -9999 -9999 -9999 -9999 -9999 -9999 -9999 -9999 -9999 -9999 -9999 -9999 -9999 -9999 -9999 -9999 -9999 -9999 0.763391023292185 0.762143530125098 0.76089603695801 0.752160631785632 0.742309239535398 0.740081172219212 0.732849843568489 0.718815908745831 0.587932148035047 0.431298840301832 0.509008565569624 0.570403088155537 0.604936766297602 0.565023864869623 0.494460625122081 0.557068836471534 0.59917301060866 0.600014265037034 0.615857435525627 0.639779083213467 0.665455130728402 0.688035168784126 0.702742812869168 0.712465500109696 0.71892082072432 0.720764887777641 0.723095238074049 0.728197353013763 0.734113173735839 0.740673153875398 0.749047620749652 0.756595013171668 0.75964668908417
-9999 -9999 -9999 -9999 -9999 -9999 -9999 -9999 -9999 -9999 -9999 -9999 -9999 -9999 -9999 -9999 -9999 -9999 -9999 -9999 -9999 -9999 -9999 -9999 -9999 -9999 -9999 0.760112950253153 0.757567859788704 0.742809840822146 0.731984395754139 0.726505813399299 0.618092641381177 0.482721861449419 0.48664034708171 0.497479669519804 0.519713243349481 0.528859826322177 0.53266931218853 0.563494545010266 0.580408380734124 0.569326517096823 0.592592657665959 0.634355073491365 0.645134110407385 0.65684490179978 0.673436862638855 0.685465988954495 0.694504426743354 0.696174853841199 0.697393985566419 0.699154925009263 0.708862438050117 0.724860750948667 0.733005668550769 0.739597305928367 0.744349110207978
-9999 -9999 -9999 -9999 -9999 -9999 -9999 -9999 -9999 -9999 -9999 -9999 -9999 -9999 -9999 -9999 -9999 -9999 -9999 -9999 -9999 -9999 -9999 -9999 -9999 -9999 -9999 0.773600750072598 0.767579887950909 0.743708878211703 0.73041076538966 0.731487926816726 0.643091650758316 0.528103775157178 0.484560556926033 0.465479188596547 0.486671052406981 0.519345966379176 0.556580428282624 0.561373029071909 0.558939767241591 0.541964969712155 0.571633499254496 0.626419290667505 0.628355114564538 0.633127361071083 0.649338406807814 0.66199972593462 0.672334393373538 0.675529520319619 0.677342627341148 0.676691126119226 0.686955134331696 0.705860261178458 0.71225668399152 0.717909961127091 0.72781464503092
-9999 -9999 -9999 -9999 -9999 -9999 -9999 -9999 -9999 -9999 -9999 -9999 -9999 -9999 -9999 -9999 -9999 -9999 -9999 -9999 -9999 -9999 -9999 -9999 -9999 -9999 0.776680497779166 0.772701532561141 0.765681607728278 0.742015936244857 0.729708749489767 0.732844949188116 0.657814190068235 0.559872479215216 0.529379483789179 0.527810762069446 0.573862068848605 0.569920120300904 0.544402373883768 0.538017160810402 0.530643970827517 0.521282547431406 0.554912079452033 0.611692084499825 0.61908231349174 0.626306683233772 0.637190711014788 0.646782824927516 0.655528159943566 0.664082985869577 0.670364753864248 0.669504236568717 0.67300133820827 0.679948091227581 0.681252938898574 0.68608255562052 0.708845609689642
-9999 -9999 -9999 -9999 -9999 -9999 -9999 -9999 -9999 -9999 -9999 -9999 -9999 -9999 -9999 -9999 -9999 -9999 -9999 -9999 -9999 -9999 -9999 -9999 -9999 -9999 0.776680497779166 0.766192350589321 0.752376431517156 0.734318829458659 0.724974371161525 0.72747660276621 0.679333144984359 0.613616332306766 0.548732156895371 0.525966763372112 0.572544428008838 0.55195793416125 0.502642190104961 0.497226368369194 0.494734416263341 0.4981265442793 0.540980688899687 0.605084985840314 0.616050544900056 0.625075807458611 0.633640915319565 0.640900289004681 0.647303825337238 0.649681512933513 0.652035822722209 0.655392528289372 0.659603888602259 0.664491825037731 0.663777836856727 0.665327910861207 0.679557001214697
-9999 -9999 -9999 -9999 -9999 -9999 -9999 -9999 -9999 -9999 -9999 -9999 -9999 -9999 -9999 -9999 -9999 -9999 -9999 -9999 -9999 -9999 -9999 -9999 -9999 -9999 -9999 0.756325627655367 0.732244274350496 0.723028254395292 0.717826640284794 0.718083150415651 0.704919727058327 0.680512222911261 0.552843380479886 0.485713945180061 0.51825471498835 0.492977026641702 0.443177221947919 0.446000844564067 0.454268058345888 0.47349011301443 0.528719119530523 0.60333773856992 0.616754008919806 0.627190405532079 0.63523692793929 0.640604332702337 0.644215722348213 0.633511521305841 0.626913329634546 0.637136344104399 0.646539410129052 0.655293374814774 0.654399572776522 0.651200268471604 0.644092170100051
-9999 -9999 -9999 -9999 -9999 -9999 -9999 -9999 -9999 -9999 -9999 -9999 -9999 -9999 -9999 -9999 -9999 -9999 -9999 -9999 -9999 -9999 -9999 -9999 -9999 -9999 -9999 -9999 0.731109129426562 0.722391639110333 0.717423617878641 0.717553503758033 0.711621390082123 0.697121681031978 0.58117786985887 0.499883263130225 0.475634033577279 0.441903068048524 0.405051665445726 0.44060474237645 0.462354932789992 0.456327793684978 0.507833285171394 0.5903198888424 0.628347899460622 0.652914303627702 0.64754723461682 0.639191836358236 0.628877751684564 0.631558079302461 0.635413036540387 0.639510908356069 0.644659904914808 0.650641010470272 0.647873510839039 0.642270470737342 0.630032126701218
-9999 -9999 -9999 -9999 -9999 -9999 -9999 -9999 -9999 -9999 -9999 -9999 -9999 -9999 -9999 -9999 -9999 -9999 -9999 -9999 -9999 -9999 -9999 -9999 -9999 -9999 -9999 -9999 -9999 -9999 -9999 -9999 -9999 0.707732060562713 0.613178063869038 0.532287222029703 0.473890975219965 0.429188576497581 0.39163006405302 0.43617602519634 0.462228054862395 0.451062359953366 0.498093755145083 0.576464071548869 0.634240084427041 0.670900413225528 0.656554246429727 0.637766519697693 0.616067593299295 0.627366786078554 0.637955747901649 0.637474559307294 0.640307003772982 0.645762642012122 0.640175537239245 0.631677749322231 0.617578116924656
-9999 -9999 -9999 -9999 -9999 -9999 -9999 -9999 -9999 -9999 -9999 -9999 -9999 -9999 -9999 -9999 -9999 -9999 -9999 -9999 -9999 -9999 -9999 -9999 -9999 -9999 -9999 -9999 -9999 -9999 -9999 -9999 -9999 0.709892587722026 0.651438235174783 0.606972497152753 0.585537180883557 0.523391477914783 0.444324835952801 0.426749249971782 0.430734574110448 0.478109699677164 0.521263455266149 0.562144018485719 0.622205605090609 0.66306928589004 0.654432627777211 0.636493301538108 0.612456585027496 0.614462981614195 0.618018199716976 0.619511701393088 0.627088084618871 0.639479900548457 0.628689464916863 0.615515753515639 0.606046945427404
