layers/veg/veg_4200.asc
NCOLS 255 
NROWS 330 
XLLCORNER -2985163.8955 
YLLCORNER -3022031.214 
CELLSIZE 25000 
NODATA_value -9999 
[rows 175 to 199 of 330, columns 114 to 170 of 255]
0.302202804633411 0.311857686851836 0.315666615128439 0.316232422833835 0.327310833313028 0.335539285774177 0.335316572489947 0.336837619743288 0.339534475037228 0.339492683889424 0.342005985518364 0.353747988086108 0.363788272201235 0.372443807502033 0.384920310148171 0.39683555252015 0.403827743843775 0.406661431979579 0.405425970407923 0.398891009803745 0.394179924436184 0.407430121066272 0.418450752943625 0.426848920737968 0.431769625757292 0.436614612211916 0.450158983150184 0.4546038700497 0.446147215471829 0.440429642142078 0.436397796015308 0.445400615214434 0.443150786494641 0.421548763587713 0.407795971280297 0.397595745016601 0.375324708647665 0.36304572237798 0.371829314636033 0.34835565041387 0.306720298624771 0.302452392362828 0.293748353248064 0.26907711462919 0.282557370814858 0.322128705265489 0.370722676121938 0.411864722530652 0.42512804462615 0.470521907927235 0.542423167363652 0.585362772215698 0.617192759577084 0.619632616868835 0.582613831966422 0.50645548095789 0.521059612292085
0.301850891078449 0.310819046330585 0.31532282842251 0.317349940226317 0.323790737094898 0.327651724159743 0.324394092397226 0.327258653054765 0.334251374040791 0.336406220245788 0.340198471123803 0.350842327177522 0.360207711721454 0.368532758538188 0.375566608109843 0.382346685624883 0.388867600890915 0.394768219604177 0.400061870035285 0.394895117303247 0.390011884437045 0.400457075899663 0.411952760636617 0.424684059130924 0.434958097469297 0.444366733735628 0.452238825132525 0.452759589373547 0.442857405257119 0.435375836957679 0.429265213661597 0.43239995503781 0.431257508824699 0.42275919709444 0.40566129421527 0.384607624962116 0.359794587610132 0.343684040013417 0.345917763315713 0.333565015337761 0.312999698685272 0.303745338664539 0.293296154474317 0.278402245740879 0.304096736806753 0.357548858897016 0.386939410838177 0.415522613970909 0.449188293965288 0.488563980017511 0.532650367689789 0.582109798337395 0.62396399607173 0.6284034299968 -9999 -9999 -9999
0.301098840892792 0.308188324165191 0.312430661555072 0.315093506962515 0.31795813471979 0.31890048962547 0.314860136469405 0.319277595507718 0.329398110309558 0.33438547090993 0.339483709352602 0.346507271073871 0.354731293276674 0.363932172859083 0.366148978402899 0.368037438408375 0.37305230312172 0.381623421798034 0.39367438144584 0.391067622636694 0.387225512770598 0.394955792030214 0.406730578316234 0.423262604506236 0.437293050771122 0.449696858902584 0.45347984126237 0.451877159626025 0.442638510155299 0.435158027046404 0.428479681179433 0.42481027084133 0.423385703897721 0.425821796738633 0.406094720588961 0.376223280779049 0.350172165821824 0.330498642535994 0.324268659270707 0.321116708978691 0.319697772565755 0.307943630579803 0.298468407788746 0.296171156555058 0.332298436567548 0.394703519250021 0.403856136349183 0.419501632341025 0.474126885942395 0.50831486235898 0.525642276147681 0.575759408255484 0.620795867903372 -9999 -9999 -9999 -9999
0.296480859298606 0.298429144251404 0.298303950103619 0.297028465893341 0.304299002702481 0.310356704669611 0.312393750582752 0.316965706596939 0.323246938406042 0.331095324362254 0.33719043765234 0.337047832224059 0.343027504013417 0.35398909046972 0.357873450315031 0.360202680178469 0.360399544799074 0.370255204645824 0.389562121830547 0.38843387162898 0.385057621069148 0.394625043391139 0.407513530387652 0.424308328163256 0.436309415473208 0.446726226014954 0.455129553229426 0.458442595402176 0.454538467533437 0.449619028403703 0.444398812004672 0.440550434898708 0.437821096886498 0.437016271398037 0.417332658674017 0.389006921196396 0.363651095935914 0.341240091110562 0.325036572341515 0.32165720224833 0.325498166646574 0.318391692480133 0.314242770124637 0.319124231816451 0.351207137700351 0.401892591478421 0.407815029153642 0.423594302191017 0.486873049632655 0.528911823671886 0.553427818207371 0.589706782184445 -9999 -9999 -9999 -9999 -9999
0.291698444304648 0.288696127548154 0.288664950947389 0.290282053798512 0.29997878993135 0.307695284000551 0.309458900439526 0.311922552688103 0.314858235193072 0.322559208852853 0.329268753140486 0.331271401084834 0.337720596043449 0.347788104417183 0.351581162257234 0.35377985780026 0.353153062053497 0.36312938737819 0.383481005219774 0.384494322232772 0.383206353012764 0.393111797306237 0.406100632612387 0.422716221604295 0.434278629098629 0.444486157788947 0.455553783590306 0.462633361000107 0.464058554983507 0.459847189647404 0.454023700742489 0.456919748234525 0.457557055992466 0.454309805176519 0.435025552145906 0.40836727695737 0.375476629294649 0.346113409841589 0.324185774971169 0.323889418469755 0.335772043142771 0.329463633360107 0.326987689644815 0.336676662492886 0.360983342919237 0.395286794230534 0.42178959018162 0.456560209170109 0.521546817202216 0.557240666335633 0.568768263209057 -9999 -9999 -9999 -9999 -9999 -9999
0.286768415906741 0.278986597804189 0.283054613174801 0.293696481005533 0.30404221248641 0.310314516877834 0.306103505543002 0.304427516594691 0.304460879154768 0.309313737844352 0.316294389701469 0.328801240482398 0.338156228358304 0.344946433314958 0.347069247360198 0.348624543467957 0.350759843557912 0.359812012244233 0.375632427233182 0.379382545386032 0.381639320969766 0.390537012182542 0.402716499851531 0.418756110140244 0.431307805389239 0.442901924306102 0.454877887628826 0.46469236292503 0.471442210896401 0.46627549065342 0.457998189372467 0.473853854773615 0.482051382975648 0.477078521483017 0.45851311956063 0.433631611715452 0.385817892891432 0.345718853419385 0.321881846068191 0.327640310238838 0.350061806726119 0.341095636246737 0.337013049959156 0.349380883913714 0.362561220971781 0.376297213376323 0.444755310434844 0.515445891703114 0.575905200266924 0.592510491346708 0.572936627953588 -9999 -9999 -9999 -9999 -9999 -9999
0.273324552649693 0.278019083394412 0.284216538924537 0.291247761935048 0.293642479743848 0.295556071347065 0.296710729474373 0.297598101517107 0.298305244038293 0.304532170037324 0.312441746930971 0.324201855387819 0.332707594934842 0.338565138781612 0.341341523671996 0.344324306546812 0.350209435149142 0.359145091403593 0.371065728826167 0.376838172378526 0.381246505464372 0.38537579459221 0.392028623328874 0.401649695969681 0.420950091378152 0.441307131631475 0.445455334524641 0.450932628959954 0.458294352181031 0.456435338089072 0.452461666549056 0.472755279963904 0.484891011370662 0.482996896832373 0.459215126954498 0.425430429853326 0.399513323003284 0.376569830780132 0.359894520858704 0.360734662263421 0.371436465485981 0.364358192128246 0.359144914290335 0.360883824303134 0.366111272235801 0.373724464589855 0.44454672404221 0.518491229583424 0.582438103057302 -9999 -9999 -9999 -9999 -9999 -9999 -9999 -9999
0.260986413662944 0.278278057521993 0.285243261140101 0.286479734921126 0.281671834803982 0.28001790130889 0.287134425781973 0.291185387930722 0.293169258439166 0.300894480202809 0.309369000157818 0.318559731986262 0.325889292309909 0.331704351200864 0.335551696515392 0.340036745617886 0.348568912476024 0.357324129470188 0.366297603936997 0.373314461145967 0.37896910982445 0.378903387805093 0.380705746997877 0.384705385223249 0.409831122571538 0.437615123772842 0.433353287153551 0.43438218472846 0.442912455607791 0.445381719346327 0.446703174811332 0.468612324609565 0.4828280784188 0.483812804810275 0.453776382708387 0.409671993025757 0.405853187782753 0.400645731249712 0.392511089949428 0.38916548395181 0.388516231345789 0.385397930857873 0.380555514975821 0.371472282508245 0.371689119433043 0.37826609610149 0.447321152398064 0.509888878672443 0.53050993693183 -9999 -9999 -9999 -9999 -9999 -9999 -9999 -9999
0.262346228706602 0.276599473520009 0.279196039448539 0.275325907989488 0.275259727299414 0.276846408052552 0.282303173855526 0.286285297903261 0.289273079209862 0.295157038174512 0.301707854810822 0.309569202175079 0.317581250737659 0.325715930223924 0.330588316958682 0.33500876036271 0.339594925377789 0.347080625511328 0.357403558645819 0.362343501341692 0.365908697531635 0.368134849810551 0.373002679090509 0.380977708125778 0.401762000221306 0.423164369311785 0.415732336973834 0.418403913081182 0.435400710582751 0.443422690455493 0.448764627921088 0.465824619365474 0.475991151175482 0.474302378311698 0.438271146470919 0.386634549944895 0.371264259298719 0.360498874140216 0.359440324164028 0.366007648946723 0.37686854267817 0.384067657016096 0.386857855567228 0.378496743709503 0.385821353905653 0.403873129678063 0.487243639556837 0.554053624786765 0.54425928023313 -9999 -9999 -9999 -9999 -9999 -9999 -9999 -9999
0.258853157714817 0.266888840705443 0.269176435101232 0.268275201026501 0.269852056370643 0.272757308273483 0.278833249126217 0.28259483165781 0.284795855234095 0.288347995661644 0.292574042455942 0.29860363248961 0.305259543461056 0.312425114050191 0.319064721442298 0.324726570370698 0.326491428032447 0.333703814429534 0.346246678875717 0.350728850051316 0.353607963342697 0.357246113082536 0.364621735704283 0.376393457780871 0.392844161082784 0.408154399788498 0.400002009305586 0.405259270958293 0.429529169205363 0.442342926739286 0.451200583677493 0.464773498218992 0.471468648337158 0.466335486252476 0.42875117295159 0.376393955704184 0.351105308677816 0.334618908547053 0.336687060747157 0.346407091116449 0.360435331041449 0.380013009342356 0.394318605789794 0.394141674884053 0.405254797995377 0.424088973308823 0.506887576308902 0.574646605871154 0.571333731346813 -9999 -9999 -9999 -9999 -9999 -9999 -9999 -9999
0.250124501778477 0.24851275118533 0.254871185742992 0.265651186340372 0.265528031951513 0.267678239461483 0.276832005945555 0.280209380204672 0.279691765285284 0.280382846180134 0.281851428476935 0.285507271156616 0.288607652541006 0.291256035318412 0.300463570908003 0.308775828713787 0.308932766992711 0.316946603420833 0.332648517352174 0.338419745722284 0.34212681552243 0.346227698741089 0.355509459534745 0.370885084766398 0.383010675294721 0.392541115466718 0.386311398763309 0.395171718568806 0.425427178042204 0.442211767106697 0.454040575383674 0.465595908305262 0.469443085563283 0.460033851859116 0.425688460358525 0.379959370637376 0.346514284915006 0.324130922465248 0.325064938608188 0.330644337570889 0.338839209782317 0.373019143538663 0.403029117902547 0.419086886855951 0.4304075054382 0.438488477403196 0.504653794847246 0.561282474426952 0.567173217649431 -9999 -9999 -9999 -9999 -9999 -9999 -9999 -9999
0.240363229654723 0.245351501772904 0.250094269436538 0.254700840244228 0.256716100809025 0.260952045074445 0.271189831727291 0.27226364195584 0.267158233804704 0.267635898608143 0.268004028459163 0.26631442799774 0.26693595317336 0.269438123458477 0.278970777804451 0.288651316532366 0.294392716809098 0.301583320611034 0.310191988998782 0.318648329705848 0.327116509502663 0.335854692533886 0.343399288022085 0.349539959063746 0.36340202608727 0.378504514732352 0.384438925598947 0.396312963364898 0.416608395407259 0.433784192741001 0.449342387024395 0.455842073130843 0.456460713134872 0.4469651873872 0.422641689127041 0.39155311897378 0.36886446972871 0.35227976172036 0.348561756775948 0.344225861661829 0.339542078058811 0.369537479749216 0.398217058105049 0.41943205495154 0.44077181774053 0.462196905573458 0.512218568315422 0.55283859204681 0.552715353989869 -9999 -9999 -9999 -9999 -9999 -9999 -9999 -9999
0.230558779777654 0.243804643217821 0.245595133357332 0.241030603055026 0.246219116674176 0.253111341099271 0.263385254700617 0.262284816283092 0.253514715505278 0.253732101455119 0.253027812715623 0.246561873338987 0.245203700679708 0.248001899419494 0.257243720032856 0.26767283970092 0.279052168441997 0.284978715301846 0.285569643840703 0.296339853884023 0.309461542328414 0.32360944634464 0.329645779765303 0.326141101866347 0.34297672982606 0.365302162430684 0.384506970971718 0.398500546757243 0.405105468938104 0.421390134137096 0.440305128470175 0.441600676719017 0.439092672026432 0.43004335406661 0.417401538932943 0.4031332689586 0.394259138937668 0.384962558232383 0.374775479518693 0.360309134058733 0.343433448371434 0.36421301961552 0.386736821552796 0.409485473023716 0.440672177886421 0.477629506222123 0.515072794901254 0.540090642853366 0.523334394280375 -9999 -9999 -9999 -9999 -9999 -9999 -9999 -9999
0.222386835165445 0.22558025266366 0.225122586390505 0.222639432916463 0.231525939410257 0.239989885261328 0.246178893160959 0.247518893327666 0.245589234525471 0.240172387631521 0.235464973297906 0.234149161201683 0.232533623462182 0.230674188309149 0.239233420266508 0.248169420538462 0.251951335181459 0.256370527466197 0.261413304250534 0.269050715616314 0.278556310181271 0.296022479257461 0.309185219340725 0.317286169694004 0.334929499722552 0.355400791497195 0.376797671331406 0.387285637977565 0.382306596234076 0.394818315371363 0.412842778553238 0.413575387233144 0.409430715063128 0.396898142836789 0.3955917004416 0.399387195990862 0.391524021272394 0.378569383272134 0.354882278547964 0.339613241038479 0.329083797758413 0.338332720128175 0.350616432381958 0.368580307514292 0.389710157202633 0.413005156391639 0.463826073960114 0.506479677310066 0.51287064786266 -9999 -9999 -9999 -9999 -9999 -9999 -9999 -9999
0.213138945280329 0.211623135544168 0.210298953914984 0.209081080522564 0.217263706403968 0.224288468674145 0.227345463530214 0.230431957541439 0.233538342669063 0.22665340462905 0.220676352676388 0.220720908154365 0.219176547148379 0.216339228300955 0.222931396327828 0.229780273291592 0.231598928907918 0.235976554608911 0.242858165975206 0.249174766008805 0.256776009067654 0.272907376519147 0.28730549397549 0.299664923901641 0.31900503671602 0.340011721926682 0.357889031577759 0.365946722810259 0.360081842853023 0.368983170611412 0.382728847997753 0.385519509728295 0.382913754408406 0.3710272936557 0.376673968191059 0.390258055211671 0.377388168874667 0.360359286943488 0.334563518294498 0.321055696663747 0.314466313825868 0.313854508042902 0.316079494673243 0.32506070218114 0.341799706441573 0.363844119658356 0.417113443964754 0.457581787240699 0.445070814351407 -9999 -9999 -9999 -9999 -9999 -9999 -9999 -9999
0.202494214931276 0.203205984400945 0.202808995872051 0.201796909121479 0.203560944582612 0.205237631200363 0.206399701047193 0.210331778683266 0.216131657178993 0.213187300207407 0.209489347460344 0.205974234299211 0.204927577761078 0.205889592150066 0.208847132771335 0.212837723877077 0.220007633557704 0.226246644460187 0.231574758744423 0.23892295077701 0.24684210313716 0.255597848868176 0.263583344962853 0.270662856154526 0.292853996261848 0.317498275584309 0.32444090563125 0.331464367975993 0.338602436955393 0.344104409122915 0.349172516399591 0.357423921483788 0.360479769173885 0.35460034790991 0.361510898119796 0.374140374096368 0.348451370746787 0.326807932706856 0.31369227787229 0.305274252513893 0.299501116652025 0.291196548777643 0.283598264750669 0.278146913678758 0.297850940771694 0.334758250300778 0.376287174418866 0.412822367795022 0.431136337691392 -9999 -9999 -9999 -9999 -9999 -9999 -9999 -9999
0.180275609677595 0.191098571913866 0.194972912154783 0.194992412080682 0.194456818945594 0.193700435001168 0.192431972424113 0.194341741080793 0.198394573397297 0.197926963222067 0.196899255310242 0.195405760198247 0.196036059347911 0.198394565405825 0.199589027720988 0.201337555595553 0.206246944446075 0.211186171769236 0.216154596427768 0.21791629699279 0.219739685292837 0.226109051241423 0.234563649838102 0.245470945858183 0.26467456587865 0.28538477273062 0.297889129717828 0.311602519644417 0.327030115403836 0.332615063460327 0.33487157302872 0.342528375430524 0.347516765931908 0.347916047661711 0.351951584712042 0.35752231394472 0.327965291489835 0.304030494523835 0.291946975792435 0.282905090140293 0.275575724265293 0.249561089845954 0.223882825313239 0.201248314703223 0.234468827004978 0.305887522149855 0.343497229795521 0.369531694013465 0.367737815800594 -9999 -9999 -9999 -9999 -9999 -9999 -9999 -9999
0.155337920629093 0.177239065318708 0.186288871711053 0.188209227544228 0.18677956284987 0.184654493042656 0.181083404172193 0.18025811590874 0.181284305736479 0.182650888085599 0.184229417005217 0.186400876784581 0.188884561504112 0.191622314759503 0.191759560532113 0.191626845982415 0.192017794497841 0.194344872885385 0.198566479651745 0.193371187151217 0.18798274687814 0.193672850262125 0.204560134436634 0.221560459257011 0.236252904540138 0.251073399926256 0.273354833936083 0.295461443284276 0.317320180597774 0.324861896790843 0.327279719159937 0.332147530074207 0.337671487751438 0.344323880234731 0.344712733389577 0.342127834812246 0.312082730221562 0.286712767749576 0.271197694617143 0.259014223687064 0.248706532810803 0.203590758106417 0.159584271348202 0.122515053264145 0.171355388931468 0.27894762677507 0.315325651470893 0.338040954350573 -9999 -9999 -9999 -9999 -9999 -9999 -9999 -9999 -9999
0.144423526722358 0.156298939979506 0.168018761445444 0.179652266299277 0.178052609674388 0.175980508707096 0.174067294762217 0.173472981398603 0.173767995367949 0.174844691655599 0.176520863922595 0.179929169900559 0.181524290363714 0.181643957300508 0.181930191122077 0.181989271233732 0.180954871527405 0.177064769893176 0.170380326607713 0.168652087833782 0.168922116587486 0.174869867566378 0.184378327158856 0.198074972108023 0.213346824084725 0.229144198848823 0.245649873004597 0.265337407022054 0.289536284408642 0.308593145483797 0.324878663774652 0.324221703329962 0.328001243127672 0.339410632790129 0.343786834419037 0.344842844740443 0.320130761076346 0.294561783226883 0.267186529298946 0.243444160968672 0.221747203203047 0.182226863878958 0.151972482709437 0.148105070347387 0.194879444215758 0.276286767979925 0.313051124595455 -9999 -9999 -9999 -9999 -9999 -9999 -9999 -9999 -9999 -9999
0.135888720346081 0.141904491726215 0.152253983170086 0.165007663362008 0.168575137236616 0.170614288436254 0.169665414296623 0.16921108741004 0.169090230988042 0.169801297740009 0.171114937861946 0.174155611358548 0.174418627395641 0.172421364790431 0.1688179572802 0.165331729866344 0.16340001482845 0.157278772825154 0.147058023942658 0.147175478257833 0.149952441267187 0.15541797621114 0.162840862490956 0.172566029325681 0.189519799436931 0.208120885873326 0.222739060728975 0.24174826234223 0.266983203085345 0.294059574660536 0.320329093744852 0.318224030035097 0.32157384389008 0.334304903000448 0.343376721071445 0.350660111100514 0.328245692274153 0.302323314095161 0.269006390392183 0.235408403262308 0.201652169997987 0.169372173492607 0.152804250765163 0.177314585444134 0.220160249257797 0.275545094299299 -9999 -9999 -9999 -9999 -9999 -9999 -9999 -9999 -9999 -9999 -9999
0.131088430819491 0.137782807578909 0.140421064686349 0.140809135560111 0.157919802335216 0.170439262217474 0.169366296144569 0.168909158803299 0.168867271353679 0.169093837010464 0.169322747081901 0.169477724529995 0.167712545656435 0.164384867307334 0.150553606788265 0.137657075958981 0.135656738671971 0.133560033830279 0.131369032077119 0.130787621425594 0.131125510378436 0.134947689738363 0.139175833570426 0.143881481922529 0.164247448000338 0.188519270707766 0.207352169597691 0.228414955034623 0.252639345421196 0.282249190385783 0.312407651893131 0.315252394426729 0.3202357555438 0.328897092051001 0.343776079985355 0.36134604850907 0.336465616650429 0.30994754690555 0.279977445171609 0.239196959080005 0.192329941007516 0.169871799648629 0.166887308947115 0.212204528827642 0.248198091596015 0.277815383429915 -9999 -9999 -9999 -9999 -9999 -9999 -9999 -9999 -9999 -9999 -9999
0.132424942571708 0.133591418891532 0.133362629819291 0.132359798744612 0.151745545845552 0.165794356206255 0.163944052036368 0.163143631804485 0.163051142477909 0.162877102627177 0.162492656186959 0.161441625668189 0.155453228824398 0.145447121439856 0.133780387734105 0.123784356876903 0.122114562034267 0.120379944694699 0.118581897694864 0.114624279323998 0.11092565374147 0.111607982272786 0.115372147536101 0.122761238305371 0.144660190935387 0.17060339459881 0.19553253682057 0.220687966533321 0.24616423393735 0.276335918802598 0.307201204397058 0.318373272482722 0.328740806943078 0.337724712318155 0.358917638749551 0.385503840877231 0.357914612544493 0.326722492928528 0.287935717578643 0.239400068305209 0.185375545468163 0.190116820269615 0.203275863040266 0.23173868784755 0.243298402133672 -9999 -9999 -9999 -9999 -9999 -9999 -9999 -9999 -9999 -9999 -9999 -9999
0.135602125318513 0.128837127725285 0.127789556709869 0.1299138040039 0.146931415695771 0.158899231209088 0.156281458406822 0.155158984450185 0.155044782195944 0.154488393166181 0.153612192729792 0.15181957952208 0.140846876652941 0.122404008402139 0.117902485712627 0.115702073130902 0.114396677179128 0.111400367470472 0.106749476555936 0.0985847655639217 0.0904858365004716 0.087357232771996 0.0916729279512499 0.104744774520485 0.127346541749974 0.15327201064052 0.184848451842831 0.214849251089612 0.242616054435505 0.272657932439619 0.303032603165359 0.323802551157373 0.341096908158746 0.352413977658497 0.379934079233102 0.414638016835855 0.38444862395191 0.347146997015526 0.294853252670886 0.238725589988465 0.180439329997849 0.218344696248206 0.250152528927636 0.254829315803541 -9999 -9999 -9999 -9999 -9999 -9999 -9999 -9999 -9999 -9999 -9999 -9999 -9999
0.111763712284518 0.10346732458904 0.103255789512643 0.10752943377653 0.123010998773245 0.136571641620281 0.144006684511315 0.14882262634175 0.151872522881082 0.15029781832195 0.146091167817817 0.134642435162813 0.124383429933589 0.115092548214862 0.112756798233064 0.110581103780288 0.104568138425524 0.0961565212606646 0.0853977919570115 0.0837374424187938 0.0827231892134498 0.073793207783311 0.0742222039996196 0.0856594396946855 0.106948307506687 0.131564271350806 0.160992228508614 0.192309952737271 0.226307049570277 0.261027820436429 0.295540074150225 0.320979505841872 0.344813338119072 0.365885876176548 0.392145628089123 0.420583975818736 0.3958677180775 0.362219173235917 0.309741959941457 0.261471817487739 0.215570367059281 0.239186403324398 0.258214196600137 0.257157768147513 -9999 -9999 -9999 -9999 -9999 -9999 -9999 -9999 -9999 -9999 -9999 -9999 -9999
0.0950766349455515 0.085974455749423 0.0860307392827641 0.091167801620413 0.102557775899581 0.113812198619035 0.124065449967791 0.132478708520639 0.139651270155845 0.138663382105197 0.134081138474061 0.120169638939072 0.112291080315883 0.109321740230973 0.108096776153645 0.105730866377746 0.097281237017309 0.0860660048983163 0.0721445943426009 0.0730582406822111 0.0751331828423377 0.0649556740545905 0.063835947331351 0.0733701870859932 0.0932191799374961 0.116432964026434 0.143561486433206 0.174394778532309 0.210480812396351 0.246224895043528 0.281538962166193 0.31102287344124 0.339752154566339 0.367183630116563 0.391605582831066 0.414485175200247 0.393848236520414 0.363374765896457 0.312166538695452 0.270607627851189 0.234481537030327 0.251112310321347 0.264838442547088 -9999 -9999 -9999 -9999 -9999 -9999 -9999 -9999 -9999 -9999 -9999 -9999 -9999 -9999
