layers/veg/veg_4500.asc
NCOLS 255 
NROWS 330 
XLLCORNER -2985163.8955 
YLLCORNER -3022031.214 
CELLSIZE 25000 
NODATA_value -9999 
[rows 250 to 274 of 330, columns 57 to 113 of 255]
-9999 -9999 -9999 -9999 -9999 -9999 -9999 -9999 -9999 -9999 -9999 -9999 -9999 -9999 -9999 0.746863715760706 0.746815467065413 0.745713103257516 0.74377264962332 0.707063857393594 0.668079769119845 0.624445874531951 0.582778238557763 0.5421853340724 0.542624237464233 0.544467270002986 0.546053545072626 0.551230635129913 0.558794958346394 0.551402462522638 0.545399709391492 0.548146128623353 0.547599260713892 0.544409139823723 0.551356271036876 0.550210016191179 0.508472722028242 0.441608913066462 0.350490691040473 0.320400795171467 0.301734241192142 0.275065287338261 0.255522345475028 0.244247267756514 0.227000622655801 0.20871477251683 0.196218182385701 0.18509792596191 0.17590194448185 0.167136890907253 0.158588729822234 0.151139115251877 0.146002872314984 0.144787488910084 -9999 -9999 -9999
-9999 -9999 -9999 -9999 -9999 -9999 -9999 -9999 -9999 -9999 -9999 -9999 -9999 -9999 -9999 0.751008929882356 0.747904904196689 0.753326514822727 0.762287421541859 0.748096158977108 0.722553512664495 0.673813122056696 0.628917005921695 0.586122120417703 0.577716619632763 0.574614468515682 0.581770563700612 0.592018814449828 0.604322781330854 0.613714459173528 0.621365860387112 0.624237012746158 0.627235155718565 0.630335223698689 0.631115301892207 0.631312108919645 0.630469499761751 0.556504951115828 0.411956410276903 0.369412728295641 0.345691656516226 0.306997066692727 0.279627421210745 0.265397397355144 0.258203566559022 -9999 -9999 -9999 -9999 -9999 -9999 -9999 -9999 -9999 -9999 -9999 -9999
-9999 -9999 -9999 -9999 -9999 -9999 -9999 -9999 -9999 -9999 -9999 -9999 -9999 -9999 -9999 0.752828385428247 0.754583030782154 0.758967844147377 0.764304585894194 0.749348988546581 0.728284594860337 0.694736234587936 0.656529782708984 0.615777278295286 0.592223777024003 0.578645728672581 0.588784703961747 0.600486124398064 0.613226284195092 0.625190383229789 0.634690311879372 0.636466285591204 0.638761539511367 0.641473577301138 0.636044693620487 0.630139615269564 0.627247788436982 0.562673618067943 0.438558001108362 0.395076923652154 0.366692896509765 0.327758002385627 0.298416945145267 0.280207014274857 0.265670037778512 0.253500069238401 -9999 -9999 -9999 -9999 -9999 -9999 -9999 -9999 -9999 -9999 -9999
-9999 -9999 -9999 -9999 -9999 -9999 -9999 -9999 -9999 -9999 -9999 -9999 -9999 -9999 -9999 0.770510664912156 0.767668416776734 0.769935542767497 0.774243611871159 0.757146499507313 0.737037764821152 0.710774463775632 0.683555840928892 0.655815051560122 0.623735035227187 0.60182857812633 0.606147415664156 0.611868619304553 0.618522139110753 0.627027280394213 0.633791791036649 0.63441546897321 0.636776930473389 0.640533169102695 0.632751948897964 0.624439699728027 0.621007921472713 0.580390696402359 0.503878672779572 0.434963323622172 0.372388136350697 0.33784425370744 0.311035457805928 0.293201197228282 0.275571178848917 0.259963944093314 0.262251360550689 -9999 -9999 -9999 -9999 -9999 -9999 -9999 -9999 -9999 -9999
-9999 -9999 -9999 -9999 -9999 -9999 -9999 -9999 -9999 -9999 -9999 -9999 -9999 -9999 -9999 0.773828104744791 0.779844742377009 0.785816925844924 0.791490716987696 0.770981612715715 0.748578872466271 0.722306288313289 0.710040639287642 0.705430999567354 0.67093292370987 0.642679159845782 0.633056895873501 0.625940431872837 0.620489865113643 0.619971978389824 0.619772287734349 0.619190978178482 0.622328154609458 0.628449856454307 0.621874115376112 0.614563145026559 0.611983744290195 0.608761420094045 0.604918487298287 0.487969997813027 0.363963278451251 0.338082890684251 0.31796108653381 0.304520605270589 0.287718352580874 0.271250071234696 0.266407933855317 -9999 -9999 -9999 -9999 -9999 -9999 -9999 -9999 -9999 -9999
-9999 -9999 -9999 -9999 -9999 -9999 -9999 -9999 -9999 -9999 -9999 -9999 -9999 -9999 -9999 0.781737119828787 0.781741826962764 0.786996911596732 0.794251642435529 0.770337792802208 0.747336317431158 0.726199374641139 0.715482429928545 0.710460921192299 0.689366593452164 0.670896457158476 0.660583285179771 0.649025347205648 0.636639868222055 0.635730108975912 0.633319862067619 0.622796735197533 0.617412049207878 0.616151570610583 0.610381352350876 0.605045708143682 0.604341059039564 0.616141791515079 0.640013863481417 0.517651260786533 0.381825296543053 0.347265791534176 0.319813228787778 0.300606404778227 0.285069348526888 0.272097563066136 0.273108951266364 -9999 -9999 -9999 -9999 -9999 -9999 -9999 -9999 -9999 -9999
-9999 -9999 -9999 -9999 -9999 -9999 -9999 -9999 -9999 -9999 -9999 -9999 -9999 -9999 -9999 0.77474756578806 0.777477682517938 0.776426569945192 -9999 0.749450858156169 0.743643679588626 0.725968922012339 0.713992791102265 0.705131455712244 0.698480161362345 0.691337768061508 0.682743147754812 0.669514060423783 0.653203902808226 0.653630082773184 0.650652792660016 0.631925506169441 0.618016919826862 0.607975911069464 0.603097679723437 0.600154642931202 0.602227098005626 0.621255382845791 0.656650987319304 0.535493680641013 0.397619854786657 0.354564289332288 0.320322090452817 0.296305487263405 0.282330300624998 0.272359836767295 0.273205544176499 0.273559271797545 0.273225154331221 0.259495905342123 0.242206240554604 0.247561910361174 -9999 -9999 -9999 -9999 -9999
-9999 -9999 -9999 -9999 -9999 -9999 -9999 -9999 -9999 -9999 -9999 -9999 -9999 -9999 -9999 0.773254588300035 0.771997860448748 0.77248170878774 -9999 -9999 0.740048200716074 0.711430225757388 0.697006479606184 0.690341115059844 0.687246299407711 0.68294971800035 0.675270504306155 0.666578708612254 0.657213731667184 0.659307759547404 0.659683833755348 0.651250605463777 0.638503580856849 0.62229422379015 0.619192160348552 0.619879981685437 0.628537669899991 0.636015086103032 0.642353195676224 0.51371067974293 0.374831661466664 0.342355540485852 0.318865916475217 0.305802760478367 0.294535827269804 0.284182501914459 0.277559719326632 0.273559271797545 0.273225154331221 0.265244500584414 0.254946045768246 0.252480722826354 -9999 -9999 -9999 -9999 -9999
-9999 -9999 -9999 -9999 -9999 -9999 -9999 -9999 -9999 -9999 -9999 -9999 -9999 -9999 -9999 0.749463355848892 0.754810966455266 0.752752101835671 -9999 -9999 0.645392922034243 0.671016369613253 0.680683043430799 0.681627951402305 0.68591794027914 0.685313951598681 0.671977211959937 0.66521330427126 0.662819123910496 0.668727891940235 0.672585115583717 0.667458035376796 0.657927841651237 0.644863627831739 0.64559759625349 0.648872500845701 0.654393360720315 0.653329252050262 0.645908728717219 0.514972408352691 0.377321009516426 0.352686979395589 0.333043204170952 0.319189308276221 0.306555349865083 0.295314894417748 0.293645903814023 0.287829453530253 0.276214371199689 0.268266926275929 0.261993141840588 -9999 -9999 -9999 -9999 -9999 -9999
-9999 -9999 -9999 -9999 -9999 -9999 -9999 -9999 -9999 -9999 -9999 -9999 -9999 -9999 -9999 0.744003152855015 0.734769846540143 0.738324729102256 -9999 0.636974139770036 0.640628472910937 0.651750819437253 0.665094518038559 0.679652378910339 0.695571526943471 0.699598932520179 0.673317445852863 0.665588455490327 0.670193471340012 0.682297177127994 0.689777221884304 0.680208995007889 0.676174249892092 0.67658077926279 0.683434491413388 0.688139276109782 0.679744737990379 0.673475477236083 0.669257728818534 0.541783165084614 0.407834839914532 0.388008075513719 0.364552860719306 0.336887782827622 0.318368655125915 0.303327798100615 0.296596980044471 0.287829453530253 0.276214371199689 0.268266926275929 -9999 -9999 -9999 -9999 -9999 -9999 -9999
-9999 -9999 -9999 -9999 -9999 -9999 -9999 -9999 -9999 -9999 -9999 -9999 -9999 -9999 -9999 0.726080483545604 0.726106844630022 0.726096695442275 0.673260317231923 0.672009888777343 0.670655906619629 0.669090301599059 0.679986930569593 0.697695255213314 0.70037584225211 0.696844793604833 0.678947403374146 0.676255196168889 0.68367164597737 0.694526270464228 0.702126787260815 0.698253708008945 0.697910764206902 0.700401172204947 0.704373507916763 0.706704725403477 0.701159809933255 0.697695128859842 0.696238480525332 0.627062485776315 0.5426781958557 0.452226649384752 0.389295832881101 0.358295590846277 0.337398724388342 0.319449531520247 0.302534461158844 0.292672872128175 -9999 -9999 -9999 -9999 -9999 -9999 -9999 -9999 -9999
-9999 -9999 -9999 -9999 -9999 -9999 -9999 -9999 -9999 -9999 -9999 -9999 -9999 -9999 -9999 -9999 0.725305362172685 0.725305362172685 0.709569431067317 0.709571196433428 0.706138726597579 0.695688036619219 0.702578378195988 0.718947102998184 0.703278403491916 0.689979926631679 0.685680314369589 0.689298062662305 0.698179403124137 0.705869642750228 0.712673762133569 0.716960591749649 0.718556551443507 0.717992769323973 0.717295721810744 0.716895640304199 0.717837379141441 0.718734011606976 0.719587103271889 0.714909311936576 0.68539031919504 0.516093237442108 0.411296512050551 0.381335499029635 0.357872553359898 0.338374030736528 -9999 -9999 -9999 -9999 -9999 -9999 -9999 -9999 -9999 -9999 -9999
-9999 -9999 -9999 -9999 -9999 -9999 -9999 -9999 -9999 -9999 -9999 -9999 -9999 -9999 -9999 -9999 -9999 -9999 0.709569405625712 0.709568754997295 0.712034977782682 0.719542515348111 0.722802479545631 0.723740775160104 0.70109686025907 0.685996234190102 0.692236825648284 0.699739569652754 0.708081413533106 0.712902627262049 0.718922374295539 0.72981130080602 0.723020395478063 0.702039331138756 0.701288992925797 0.703317274905353 0.704622871117781 0.705496106719419 0.705951988265757 0.699788060344674 0.670889580844378 0.515992302933411 0.425488213652743 0.4096954967553 0.374727674930139 -9999 -9999 -9999 -9999 -9999 -9999 -9999 -9999 -9999 -9999 -9999 -9999
-9999 -9999 -9999 -9999 -9999 -9999 -9999 -9999 -9999 -9999 -9999 -9999 -9999 -9999 -9999 -9999 -9999 -9999 0.673267634057897 0.683889986179138 0.698989787422374 0.723239725964627 0.735316682736164 0.740740045351427 0.71121988588146 0.691554335256588 0.700154178463039 0.708841353945671 0.717586589369092 0.719488996186261 0.721546755915703 0.726058120035835 0.707450261995583 0.670286489981004 0.668828062696367 0.671528840631432 0.669795443745579 0.668438325663436 0.667444426340662 0.662060176468918 0.637833481058773 0.507823990839647 0.433221186726964 0.422903280540133 0.419041425742637 -9999 -9999 -9999 -9999 -9999 -9999 -9999 -9999 -9999 -9999 -9999 -9999
-9999 -9999 -9999 -9999 -9999 -9999 -9999 -9999 -9999 -9999 -9999 -9999 -9999 -9999 -9999 -9999 -9999 -9999 0.672996574994434 0.65787852143211 0.660662786638071 0.700032319534919 0.737540212791837 0.774030557935841 0.737766253750598 0.709848204822923 0.709887894496468 0.716154963078928 0.726562096097278 0.725479251525808 0.719333749142215 0.700143141606828 0.665140071775079 0.617445628156701 0.614405129307244 0.61543478484482 0.60612049025616 0.599587315345076 0.595738731830012 0.594158422755687 0.580010885596361 0.488887865206691 0.432333466923467 0.415886869696617 0.414563525099996 -9999 -9999 -9999 -9999 -9999 -9999 -9999 -9999 -9999 -9999 -9999 -9999
-9999 -9999 -9999 -9999 -9999 -9999 -9999 -9999 -9999 -9999 -9999 -9999 -9999 -9999 -9999 -9999 -9999 -9999 0.654851455397787 0.653639138639455 0.667314552025511 0.711414604794431 0.75031762963336 0.786380026324126 0.768774074005886 0.752129709952497 0.742923083229907 0.727178129374204 0.707086387563256 0.710956012407546 0.714889818788033 0.712192890256726 0.670515487896814 0.597551638526519 0.610598835630887 0.624757122194401 0.59045469226747 0.57157272194297 0.567575991367459 0.569449485470226 0.565664914164911 0.521231401369793 0.468139516146675 0.405001865207327 0.390052617282011 -9999 -9999 -9999 -9999 -9999 -9999 -9999 -9999 -9999 -9999 -9999 -9999
-9999 -9999 -9999 -9999 -9999 -9999 -9999 -9999 -9999 -9999 -9999 -9999 -9999 -9999 -9999 -9999 0.482343408589887 0.482343408589887 0.657573552386862 0.666083002822196 0.686127946435317 0.729746881290475 0.764534115442547 0.794494056389482 0.802035497759366 0.801497615951177 0.78254122741051 0.739105282231409 0.67939492315723 0.690442146790455 0.709740048998419 0.735449672411372 0.6906816519259 0.589346974992386 0.621120230337602 0.651156616869479 0.591538334952903 0.559967496470534 0.555470618857568 0.559301395924443 0.564230734886602 0.565351888386395 0.51082027314662 0.391718245757649 0.3559179016701 -9999 -9999 -9999 -9999 -9999 -9999 -9999 -9999 -9999 -9999 -9999 -9999
-9999 -9999 -9999 -9999 -9999 -9999 -9999 -9999 -9999 -9999 -9999 -9999 -9999 -9999 -9999 -9999 -9999 -9999 0.657458169145124 0.655010555782307 0.659513730834565 0.678221571668927 0.747530107386196 0.844496327483333 0.846013846242685 0.835366803105944 0.80273257846907 0.745846468378831 0.672837303960705 0.684191767785832 0.705351700086979 0.73405392408868 0.690263546690944 0.588289270803401 0.589846705747413 0.602612697720044 0.598909943914045 0.585141732056468 0.561657418335267 0.547422515230227 0.53569381515794 0.527325698275633 0.472154635471234 0.362681054096229 0.341492574783604 -9999 -9999 -9999 -9999 -9999 -9999 -9999 -9999 -9999 -9999 -9999 -9999
-9999 -9999 -9999 -9999 -9999 -9999 -9999 -9999 -9999 -9999 -9999 -9999 -9999 -9999 -9999 -9999 -9999 -9999 0.691095083644553 0.675118899748797 0.664623307264969 0.665327878654043 0.741549358693762 0.85904740281301 0.860155638051456 0.847250831842497 0.809617126526998 0.751667818229278 0.680212361256395 0.688809166338333 0.707158279574966 0.734108578718118 0.694626341442705 0.60182412556561 0.579899040182972 0.574528632798301 0.595549781200647 0.590868787492464 0.561377732525307 0.53850478835082 0.518069295436644 0.503840565896061 0.448274577629468 0.344747564358942 0.322068873685562 -9999 -9999 -9999 -9999 -9999 -9999 -9999 -9999 -9999 -9999 -9999 -9999
-9999 -9999 -9999 -9999 -9999 -9999 -9999 -9999 -9999 -9999 -9999 -9999 -9999 -9999 -9999 -9999 0.635110439074872 0.635110439074872 0.691461940412274 0.71032333733103 0.720969696670515 0.714827764346871 0.753372177678575 0.816341568712371 0.826108673842196 0.823626827712215 0.79500997598941 0.756003548697603 0.710089959830055 0.710979015291563 0.718970232553113 0.736505766192431 0.70671072503327 0.638927291867525 0.604394578929145 0.579489095577829 0.574856829971921 0.565186876079298 0.550654084122069 0.534369594532122 0.518069295436644 0.503840565896061 0.448274577629468 0.344747564358942 -9999 -9999 -9999 -9999 -9999 -9999 -9999 -9999 -9999 -9999 -9999 -9999 -9999
-9999 -9999 -9999 -9999 -9999 -9999 -9999 -9999 -9999 -9999 -9999 -9999 -9999 -9999 -9999 -9999 0.635110439074872 0.635110439074872 0.703652121885404 0.707321745920252 0.704262250835118 0.687451094442032 0.716452508654166 0.770494480537727 0.770784592119373 0.765666404916975 0.751826476543473 0.72347071346747 0.685464583537595 0.674812353360041 0.673330642741232 0.693612359529278 0.663592642597671 0.59320006751314 0.570411488899336 0.556823332004968 0.552824965587835 0.535039092969998 0.503944256765509 0.493909710214136 -9999 -9999 -9999 -9999 -9999 -9999 -9999 -9999 -9999 -9999 -9999 -9999 -9999 -9999 -9999 -9999 -9999
-9999 -9999 -9999 -9999 -9999 -9999 -9999 -9999 -9999 -9999 -9999 -9999 -9999 -9999 -9999 -9999 -9999 -9999 0.719677226986232 0.688672770136634 0.65867396878906 0.630730330028112 0.661541279964498 0.724466727020346 0.707247357949281 0.693702126471383 0.696944557459671 0.675740948489177 0.638285208066262 0.614653148359633 0.604079616702629 0.631666936574484 0.597560518301513 0.513937568294546 0.512983156333708 0.52330042701573 0.530314481226462 0.503126214671968 0.442922736010437 0.432498961821148 -9999 -9999 -9999 -9999 -9999 -9999 -9999 -9999 -9999 -9999 -9999 -9999 -9999 -9999 -9999 -9999 -9999
-9999 -9999 -9999 -9999 -9999 -9999 -9999 -9999 -9999 -9999 -9999 -9999 -9999 -9999 0.705130852655788 0.705130852655788 -9999 -9999 0.720074160496694 0.726763442635715 0.738897286429284 0.762157663504343 0.758568324218925 0.740303277761787 0.690911321430933 0.658026252542119 0.669935191516186 0.658444808309809 0.63139816893207 0.605484247331675 0.5859571344974 0.586700264044297 0.568582778929504 0.535327416738341 0.538894926913362 0.540786651544537 0.512807108455867 0.478927029592527 0.43935121325327 -9999 -9999 -9999 -9999 -9999 -9999 -9999 -9999 -9999 -9999 -9999 -9999 -9999 -9999 -9999 -9999 -9999 -9999
-9999 -9999 -9999 -9999 -9999 -9999 -9999 -9999 -9999 -9999 -9999 -9999 -9999 -9999 0.705130852655788 0.708013325976158 0.715710677898635 0.694648436374262 0.661877220206104 0.728831731845285 0.789420805749992 0.837001439435323 0.806804674409357 0.734095790717389 0.674925718886229 0.637000383182247 0.651735169757627 0.646346662154667 0.627579855948188 0.598808607628457 0.57267806679694 0.557917056481142 0.550314300549832 0.548456891570223 0.546218534747831 0.5357370515127 0.490531931279991 0.464829149426244 0.457951810517858 -9999 -9999 -9999 -9999 -9999 -9999 -9999 -9999 -9999 -9999 -9999 -9999 -9999 -9999 -9999 -9999 -9999 -9999
-9999 -9999 -9999 -9999 -9999 -9999 -9999 -9999 -9999 -9999 -9999 -9999 -9999 -9999 -9999 0.708013325976158 0.715710677898635 0.694648436374262 0.661885885393911 0.72966326363142 0.78137734238833 0.800264382418963 0.758827450905955 0.68441821793829 0.659631160107042 0.644863819893804 0.650906872304096 0.644498781766477 0.629812965582352 0.597049593663156 0.568950046223889 0.561047086249371 0.55316411719464 0.54529719322072 0.516886923786458 0.486247579109446 0.458854807497172 0.448837160875912 0.455591576036723 -9999 -9999 -9999 -9999 -9999 -9999 -9999 -9999 -9999 -9999 -9999 -9999 -9999 -9999 -9999 -9999 -9999 -9999
