layers/veg/veg_4200.asc
NCOLS 255 
NROWS 330 
XLLCORNER -2985163.8955 
YLLCORNER -3022031.214 
CELLSIZE 25000 
NODATA_value -9999 
[rows 125 to 149 of 330, columns 57 to 113 of 255]
0.0554073574372555 0.0761137838124601 0.104093409716035 0.120754858261559 0.123066868895857 0.155472553903195 0.194136466021282 0.19326692674297 0.185697930083276 0.167869174611346 0.154948779458086 0.14456330930275 0.15162424927327 0.156618235693444 0.157758627155237 0.163517312855342 0.171580205025365 0.280324324178702 0.36824033335908 0.40480633206924 0.5083292653287 0.652677492858737 0.696862967586692 0.732653336462042 0.762910150788888 0.793221945704771 0.823574327583317 0.825021423658216 0.819547133975859 0.801125374808733 0.772823237401331 0.735737697169801 0.691213267616584 0.646028772646096 0.604271320699308 0.562222031112134 0.519860947324797 0.486659290426384 0.457172433237885 0.438339949975575 0.421812711589942 0.408248740820127 0.39429653598075 0.380446181850445 0.369458359633018 0.360101712503502 0.353278949023243 0.346461985735089 0.339599696747464 0.331062365078712 0.322231947783282 0.312846849361935 0.302257600262918 0.291058317525777 0.299305108542253 0.304455135557038 0.301529008019318
0.0504868816426936 0.0522254873676826 0.0775120850280944 0.100939911354347 0.122011145889634 0.14060996392003 0.15904039706656 0.184863236837775 0.184501076296775 0.144038386353472 0.13308994969049 0.134144599156614 0.139138672506626 0.141664137908607 0.139587170352596 0.126060831570623 0.106822055708201 0.19983512094661 0.267212588844256 0.271791252967351 0.363772452074243 0.509045132261121 0.582431494000768 0.643571379829495 0.682779854616009 0.730955955831229 0.785752006476159 0.800423995466448 0.805700199799862 0.793794549622636 0.773564697219953 0.745934842554437 0.704583892650524 0.661106979981146 0.619368607531106 0.577157952288865 0.534442718421158 0.500841026104891 0.470841740646711 0.450752600400664 0.431936669548623 0.414757380514371 0.398613317972911 0.382937689457601 0.368942899380808 0.35659582612898 0.346808332625719 0.33644843708006 0.325937568991782 0.318348843517798 0.31012520254512 0.300699948079247 0.291475949911239 0.282353910006309 0.284838051751596 0.285012509629687 0.279289126848972
0.0664124602093171 0.0550309400456566 0.0677031306464639 0.0940340736255694 0.137681887775439 0.115640080496722 0.0813830833377943 0.150747022245333 0.159741313224567 0.0762836350271472 0.0699086100536801 0.0938228507097212 0.0950104967091057 0.098640204636306 0.106822853548325 0.0957517518506311 0.0750743725024049 0.111558989919528 0.137665544223295 0.137943818268544 0.185144301703973 0.260954413388874 0.406526831887015 0.529558114700588 0.57449131400036 0.636429300426001 0.710920310969138 0.748416403875591 0.773457724808366 0.768509234264143 0.759982071576871 0.748273561147289 0.712702146220862 0.672634675093223 0.631561756799376 0.590686655162338 0.550022897360889 0.513634616310594 0.480303329073065 0.461691111744438 0.442257440365312 0.421767834230464 0.403661688154594 0.38635644177745 0.369427218604446 0.354227873064988 0.341715736693539 0.327886427553936 0.313712541863912 0.30636231729178 0.298474926760111 0.289570919266982 0.283676073325647 0.279305695877485 0.273488306338689 0.266987501467498 0.258953272748207
0.134666152159119 0.0657824879021034 0.06868203596089 0.0810501549383918 0.105422739494401 0.0847174953868282 0.0555368850619365 0.0963487646088468 0.102402757406708 0.0552274340723128 0.0612466571082717 0.0872683970896395 0.0695555275314879 0.0614152247423981 0.0711218614908971 0.0723086223208955 0.0692445597513268 0.104729737444409 0.128511402767509 0.12406258195543 0.138787389124011 0.165202830127817 0.234847987875132 0.305359648957604 0.370301195112014 0.473651513389469 0.605355391121401 0.663689571486358 0.706581075842432 0.724539939858734 0.729770276631136 0.723685279170143 0.703111207684114 0.676960888850489 0.635842035599525 0.595128524172118 0.554848072817089 0.52061690788908 0.489412410054655 0.469467386108662 0.448092482366736 0.424879545478452 0.404155221724251 0.384220063140371 0.364085119360182 0.346202231581168 0.33181771005412 0.31752629329848 0.303469825842845 0.29632644568222 0.289019061933091 0.28140129211639 0.27512583497049 0.269530405579632 0.262885367656988 0.256216405518963 0.249537087450957
0.211881079280917 0.0848551831250769 0.0767897831033541 0.0715528041590861 0.0699017605959136 0.0564981013289848 0.0409927099427106 0.0450295418542326 0.0452834838516588 0.0397441897819804 0.055295930021638 0.077643287961939 0.0472712682504148 0.0316978814448546 0.0437148278365833 0.056067913727393 0.068588709765848 0.108470481771625 0.134521295065214 0.127839422020986 0.119049862214457 0.108975193809687 0.091945363450864 0.097735598254207 0.170702205368866 0.310096842403205 0.49852900372334 0.58217306968949 0.645944536286225 0.682251815412013 0.696558362307237 0.69130682256777 0.684780786033579 0.672090669449319 0.629464068338513 0.589642305228493 0.552817181687935 0.522956233666059 0.495681784776617 0.474755154664936 0.45201061665413 0.426929256355801 0.403889049405674 0.381442459650808 0.358156726823062 0.337632464489529 0.321397897961831 0.307159775065322 0.293915620588658 0.286893315283807 0.28005056043286 0.273547614971613 0.266575204527955 0.259364958872724 0.253263873932834 0.247537018675699 0.2426361077896
0.289815412082151 0.137094842891037 0.110129477697446 0.0834746237941134 0.0572134430361413 0.045877040157236 0.0386987121765176 0.0245513500069242 0.0152554872089323 0.0133893624623621 0.018628565680028 0.0264342160480239 0.0251150514585396 0.0330006412304703 0.0580474270023566 0.0685445466790773 0.0717823985348994 0.097288119385443 0.116286072240467 0.119557591273269 0.119975639802149 0.118653856993182 0.0823341259295548 0.0569338374223126 0.0695907572577702 0.197425632589452 0.410285486031481 0.542065888275317 0.642638175904181 0.66288787283235 0.662394210985466 0.64346023525424 0.63910306368371 0.629300997568931 0.578792709103439 0.544269215479225 0.526823595414082 0.50789084969663 0.488746067297611 0.47075247257291 0.450411315578366 0.427052494247713 0.403656736354531 0.380061261072292 0.35410255211356 0.331002271666715 0.312342302577324 0.298200706741463 0.286046397058443 0.278763123390284 0.271642113355884 0.264828196426284 0.258622696812983 0.252725426921961 0.24770653129485 0.242991848884275 0.238949589997106
0.365244598485839 0.219353281083716 0.161068947036121 0.111568530388688 0.0732045603053576 0.0554411478046186 0.0430196854934253 0.0162155847986868 0.00732667302084497 0.0258736425240387 0.017970382198576 0.000295633886680743 0.0098052305019141 0.0250313494294428 0.0509152606225259 0.0606136541615226 0.0622366041334714 0.0803826344608786 0.0970097222212784 0.109574369069651 0.11658574166652 0.120211145998729 0.074176800483895 0.0330814183598504 0.0155161457946256 0.132778708488833 0.349571894835884 0.502417672103914 0.619272971849156 0.630328765338427 0.625825179167481 0.607489703576336 0.585356074865246 0.559781941731214 0.520302350003256 0.499386951120124 0.498305209239051 0.49136174043129 0.482257302073366 0.467928372268873 0.45019293747266 0.428078624741519 0.403719276902817 0.378415121618094 0.35036015717705 0.324802393759166 0.303123807315227 0.28786119939948 0.27543232869012 0.270335992743977 0.26465568515002 0.257870178182128 0.252726907729938 0.248415609168735 0.244639579794324 0.240721589830279 0.236448823102981
0.438086734328108 0.332611942520047 0.230183604530836 0.156363260012607 0.118812768235701 0.0858503654930856 0.0541719021544627 0.0204192351249547 0.0222195599645483 0.0784668498141686 0.0544986767815469 4.72051522894928e-05 0.00156564392625355 0.00748686222816669 0.0216165518761974 0.0316080251439028 0.039534817283593 0.0575669131563179 0.0766582060179777 0.0978341295015018 0.108739069542012 0.113381537676785 0.0675209218420017 0.0267324889869516 0.0100162103570659 0.117726193496447 0.31728830352682 0.463243426751203 0.57519311301929 0.58414308542826 0.586772640819111 0.583783507599406 0.523276000056971 0.462659601773683 0.453737353823746 0.455011559374311 0.4671794764402 0.473321050304945 0.47623010192282 0.466321386732771 0.451400630732868 0.430037167335039 0.404086311100931 0.376495379215243 0.346939735454381 0.319046899638613 0.293737086267928 0.276096120466015 0.261983674532165 0.261602215121728 0.259137767815402 0.252731148098704 0.248955080382871 0.246511674133015 0.244144441181309 0.240800618269503 0.235172574476665
0.44877123912689 0.382201301512175 0.308513233447819 0.239517515464293 0.176470863660995 0.130468729054699 0.0940572473035187 0.107723177297402 0.101735100162704 0.0656482610904308 0.0318522200857257 0.000897642328001808 0.0297719251103221 0.043843738620357 0.0303180664734302 0.0229632867858591 0.018687351709802 0.0283143985508162 0.0410806060818806 0.0605802035543377 0.0804826132642852 0.100630627529489 0.0749111211352703 0.0516793111390409 0.0441931487380403 0.111297411100567 0.233464720948498 0.346027482097674 0.442135954461037 0.481128377282782 0.517153397816031 0.550540473828608 0.511881840609557 0.465268066180045 0.443963850984099 0.446825026835064 0.475504081295205 0.481936906272622 0.481193350089419 0.468171608644199 0.45149557118932 0.430122133847084 0.404552265802251 0.377471524449065 0.348460435660367 0.320541438527685 0.294318907464877 0.272865602228945 0.253871130740947 0.252703032408379 0.250512868246873 0.24638838669429 0.243905374916806 0.242253946592573 0.24189718335055 0.239443344571562 0.232035440222292
0.445373026248562 0.41276754871755 0.381890109714366 0.327101430315069 0.241997546568809 0.187664836763932 0.15139797461714 0.214544730596676 0.198506637700356 0.0612023877407574 0.0192073626177041 0.0172366771270443 0.0673586515520256 0.0867773268095117 0.0489532648716016 0.0223361940578055 0.00131062957166391 0.00230323781348553 0.00765675465234743 0.0222707137543922 0.0501427168220686 0.0860984762622927 0.0829911637195306 0.0795363066443619 0.0823717443177675 0.106394119798477 0.146056805228517 0.215869940094103 0.287679861208106 0.353507582166436 0.427263088406229 0.508066192413733 0.504067900470342 0.482115186876554 0.446617519689725 0.447405320552999 0.486959877045267 0.492155239692153 0.487242509336117 0.470554372596211 0.451663509310581 0.429941160179135 0.405067283292359 0.379027835911372 0.351149769654535 0.323953227997862 0.297815373451925 0.272916157907518 0.249105835320699 0.245738443992342 0.242390308070272 0.23907861409372 0.237336355887238 0.236389188054719 0.238605937744877 0.237496002325687 0.228479063980576
0.445373026248562 0.41549491792765 0.406804850894728 0.38356165024641 0.341867661929582 0.307831512619267 0.2817255904088 0.321523412710359 0.30955649620739 0.218315437803223 0.169250352795626 0.137324110655147 0.110603136024735 0.0883769888417206 0.0745309256655246 0.0437871400578116 0.00461257041070773 0.00865715536935378 0.0132345213928148 0.0175411171664728 0.0382251975595699 0.0688950342227386 0.0733250207890746 0.0772069624345144 0.0844061202711892 0.0981016104827355 0.116592727735856 0.122265905709209 0.129642831980021 0.149087556300196 0.248136172670832 0.41795060723631 0.439646888007602 0.436585478239718 0.44317075075982 0.449874249200128 0.456704058133422 0.47069285871055 0.483126201875443 0.471040160109346 0.454106835184168 0.430942589910642 0.405758431849004 0.379908547301742 0.353903769169392 0.328839496296049 0.3052362136717 0.281678569540934 0.258614189202286 0.25221612820609 0.242654421577159 0.227105336647005 0.222460174359083 0.223339038027885 0.231003150377091 0.233824433220745 0.225040559574996
-9999 -9999 0.422619682757346 0.414838373120423 0.397191745422935 0.379446134126108 0.364233253658468 0.379754371562343 0.367928115111601 0.314221233252903 0.282174157864275 0.257142658593563 0.179113822431779 0.123270976888823 0.108791335459049 0.064396757658207 0.00507671465820996 0.0243378287142784 0.0335341966734915 0.0168813326501475 0.0250704993635875 0.0484064648654514 0.0549252857355865 0.0630035503068245 0.0787236566433662 0.0909155164257969 0.100502805874098 0.0765153190157789 0.0533703892695665 0.0483275804240961 0.148728614149262 0.342866519287562 0.376069710762274 0.381162640242536 0.390631703067378 0.397925904208552 0.402896521393164 0.43914200385144 0.477197426191283 0.471526950919365 0.457734949238732 0.433503164591245 0.407918196679758 0.382084793520876 0.358633953639223 0.335648928381306 0.313387504205466 0.291153629987666 0.269286458383333 0.259901020917854 0.24808832076152 0.231681888672564 0.225021999042188 0.223299796086235 0.231446424154209 0.234312203930937 0.224416058989828
-9999 -9999 -9999 0.414838373120423 0.397191745422935 0.390761379999569 0.387350777401315 0.377442943162689 0.360875829710634 0.334110487550838 0.348997674981291 0.376627263233543 0.279003947293304 0.199514957181815 0.153835312508024 0.0839614848233795 0.00201644856014268 0.0516018955594728 0.0721177922747067 0.0212760639551474 0.0103792829247234 0.0238379213691996 0.0256788386506074 0.034053102419639 0.0634572399808882 0.0851035382573059 0.101022958395155 0.0901964712347386 0.0786457303160158 0.0763085275924618 0.148328760458973 0.28645084629852 0.31354053730237 0.313452999318188 0.277122346342223 0.27839385615609 0.319838855091892 0.395061737331584 0.469017649932624 0.472014987777083 0.46283451467737 0.43800012421403 0.411901914081873 0.385870033269409 0.365818467189874 0.344846839742202 0.322445979789504 0.301513766855271 0.28140425580802 0.269085209996505 0.259942851424674 0.256812553132874 0.249241010036761 0.239419492102771 0.241882528715854 0.239965679723336 0.22728641924377
-9999 -9999 -9999 -9999 -9999 -9999 0.392804966078651 0.376897600731289 0.383612150914746 0.424970610896319 0.432245568496133 0.424213005695825 0.366558440870655 0.307584769894331 0.246151778623748 0.16668956094492 0.0782320177208153 0.118406181331063 0.121115297090841 0.0332726603712537 0.00377271897831685 0.00984575775960452 0.0123246030673563 0.022856673882588 0.0573081576298287 0.0815908419683889 0.0983668646076112 0.0938284350352408 0.0865565946378214 0.0785817844363424 0.127799335041108 0.22785942741987 0.268570292758056 0.280091665083279 0.19827588167296 0.162629718832267 0.176310366262691 0.267685583636034 0.372078530802731 0.430618344649542 0.455599159182899 0.437441695049662 0.412168579589295 0.385204245330092 0.365925044333124 0.346144965328028 0.325586817429852 0.306930393721536 0.289215025684525 0.277224223749781 0.268669020714293 0.266615882919068 0.263977599232588 0.261042875338504 0.25906600339009 0.253945294434123 0.241440318036033
-9999 -9999 -9999 -9999 -9999 -9999 -9999 -9999 -9999 0.561646723487833 0.513314560414096 0.447547036418656 0.444541699272082 0.419781327656578 0.354461219643101 0.272392223984378 0.181966702456009 0.194136842329985 0.167261874546435 0.0471046204936968 0.00103453721762785 0.000137229084139399 0.00438452237445741 0.0167931077359687 0.0518014263597495 0.0772618258277121 0.0956739006946237 0.0936791412322497 0.0873182952249233 0.073758190714011 0.102526891609274 0.168924814777732 0.223121605812994 0.247708991306543 0.134016808940367 0.0616443507727454 0.0334171589263708 0.127160806193981 0.249991179904868 0.364561876050797 0.427371054792657 0.423643602298102 0.404370883250426 0.380532861884752 0.362527386393649 0.344606870695248 0.326818332386134 0.310332098055738 0.294536429950364 0.284280898024703 0.276149200589885 0.272036980056743 0.275537252345991 0.282894082437967 0.277419203543352 0.270034929535705 0.258747593202872
-9999 -9999 -9999 -9999 -9999 -9999 -9999 -9999 -9999 -9999 0.513314560414096 0.447955749816121 0.458097415487016 0.468238466499639 0.478378371553264 0.416900525009103 0.319690419306661 0.233158878898301 0.145577045097614 0.0552120087606865 0.0136363717289831 0.00180883468614457 0.00211175706723461 0.00682365555672872 0.0219986191071289 0.0558669844944651 0.103534918342152 0.0859466919179442 0.0680964246969363 0.0783415241233542 0.0937210104546137 0.11366483504737 0.111699857229186 0.107678715176688 0.113185028403672 0.112893356555452 0.106407219467299 0.127204898292795 0.153166491299783 0.167390675937729 0.20700750197967 0.279265195251738 0.319237895408285 0.346441896652995 0.344385525400242 0.33863123273016 0.327132552051058 0.308272530638176 0.286894247780449 0.282844338703028 0.280498713163987 0.281378540618557 0.284313943961967 0.288290720666004 0.285555451687262 0.280970355196246 0.272355913500516
-9999 -9999 -9999 -9999 -9999 -9999 -9999 -9999 -9999 -9999 -9999 -9999 0.477963526304575 0.497306865371811 0.552713614715149 0.506546950551835 0.409702242830347 0.285600755634145 0.178100568788756 0.109696223195182 0.055788527127524 0.0107197957887115 0.00801088370630491 0.00905984757145872 0.0130480321059368 0.0471953701672572 0.103606355446473 0.0848581357459199 0.0673506126245437 0.087957579860416 0.0952612934412235 0.0907387557508319 0.056377910005198 0.0332353065897417 0.0937839049377752 0.133110757436762 0.149764670063108 0.133120578261777 0.105621492656691 0.0589088793371919 0.070861880148616 0.158226355148784 0.229887122798611 0.292728002445781 0.308498845680847 0.317062852647682 0.31443168828172 0.301894024360046 0.28581414442565 0.28767131370494 0.29096075091416 0.296960836192328 0.299460586474927 0.300187035349658 0.295860353065999 0.290395140088437 0.282489935407828
-9999 -9999 -9999 -9999 -9999 -9999 -9999 -9999 -9999 -9999 -9999 -9999 -9999 0.497306865371811 0.552713614715149 0.513942188973564 0.42818242746171 0.358162210402197 0.291895491943807 0.233710488756598 0.142243742737255 0.0304842973267963 0.0261616478933437 0.0295952449215969 0.0353599539912943 0.057598942680867 0.0919993320310857 0.0937303782753012 0.0943048696427247 0.105118900542732 0.112312972552953 0.116288993962016 0.0851630994504993 0.0571224356950916 0.0765276815760441 0.106804296000469 0.14869568929713 0.147839185005751 0.131958638302656 0.0833938954799332 0.0609792549665242 0.0721791567117351 0.134212873255227 0.209594603548975 0.246008401641757 0.272117190283849 0.282218074473456 0.289040386758682 0.294572180357614 0.301888837775069 0.310586938588516 0.321899499165707 0.324157322173298 0.321827933128222 0.309416588845012 0.297555110017255 0.287415145831631
-9999 -9999 -9999 -9999 -9999 -9999 -9999 -9999 -9999 -9999 -9999 -9999 -9999 -9999 -9999 -9999 0.432165585701944 0.422007185195051 0.402977546076261 0.363911590535192 0.28404638651005 0.179304874502884 0.0923848291202414 0.0307241159868672 0.0386554073336913 0.0526315482762596 0.0710700292763863 0.0831215083215898 0.0932129415526159 0.0988365052359997 0.107556372551991 0.119028774377252 0.0953725519128183 0.0687157646343529 0.0588299454953302 0.0671337052249688 0.0948708909757919 0.113962403456771 0.127655333897782 0.117352978488236 0.112329918841995 0.114093108382555 0.153958936486276 0.203994743543875 0.226897872188303 0.236548183564035 0.225611436424321 0.253851506699305 0.297393946232277 0.315447179933356 0.329375623099756 0.335497666873985 0.33010813588367 0.318886736868557 0.311537032626538 0.304672300607571 0.298772351972487
-9999 -9999 -9999 -9999 -9999 -9999 -9999 -9999 -9999 -9999 -9999 -9999 -9999 -9999 -9999 -9999 -9999 0.514251735071464 0.509189776415916 0.492494496518808 0.443238613806813 0.374129728556801 0.176998332300412 0.0267156787780884 0.0355811062127829 0.042178516124734 0.0471016634627893 0.0655902533485245 0.0819420115443448 0.0842769987518441 0.0948326455030469 0.112696247728872 0.0980504214207922 0.0753451789994448 0.0415130314464595 0.0238611689718813 0.0234960383861128 0.0632403653367232 0.112014968010739 0.154134261539058 0.185573472045659 0.203284013432246 0.216826488562929 0.227868330574878 0.224407355470457 0.205190031922093 0.161496639562959 0.211377251529567 0.297949838970614 0.32863492542114 0.347523417342098 0.344086186880051 0.328624701464214 0.307071619596864 0.309537984750808 0.311795166078818 0.312522060337226
-9999 -9999 -9999 -9999 -9999 -9999 -9999 -9999 -9999 -9999 -9999 -9999 -9999 -9999 -9999 -9999 -9999 -9999 0.514023823772437 0.513272129974067 0.486999291518561 0.445165581769246 0.248913269959556 0.0887586076315654 0.0616439032041281 0.0462988810809888 0.0396423009081973 0.0673310597310755 0.0927382524641445 0.0943307161930959 0.0978801167913568 0.103169184071048 0.0943026978916417 0.0782719115102384 0.0389588795929839 0.0243642650858259 0.0361783728238808 0.0718499713271336 0.114714723042795 0.167041576063609 0.201820475247344 0.214042428808777 0.221681263197802 0.226269249697409 0.211119330502689 0.187973962688039 0.152408385248639 0.208348041407604 0.300209011419467 0.338841675410168 0.357353476621273 0.337785406951178 0.325088461084205 0.315872488760944 0.317362233944758 0.319516544663731 0.322758705543121
-9999 -9999 -9999 -9999 -9999 -9999 -9999 -9999 -9999 -9999 -9999 -9999 -9999 -9999 -9999 -9999 -9999 -9999 -9999 0.530305530483358 0.516053913516732 0.493112734215592 0.30148043193299 0.136737008131032 0.0811142154159734 0.0510273474209725 0.0397912345986621 0.0711641729851195 0.100031530823279 0.100566633148758 0.0989150230181086 0.0953194816030862 0.0906003366076368 0.0798559265794127 0.0397382158074197 0.0249510614730559 0.0372266279504538 0.0652290374701624 0.100283290420785 0.158592492441622 0.198226925332095 0.213855952481613 0.218207097599139 0.217596562690928 0.200455629679807 0.179577368986233 0.152893506198395 0.211262272155033 0.302986961080216 0.34410058980858 0.362485089410761 0.337853426542771 0.326824702036805 0.322687349293557 0.324477379280003 0.326498138895269 0.328800719738677
-9999 -9999 -9999 -9999 -9999 -9999 -9999 -9999 -9999 -9999 -9999 -9999 -9999 -9999 -9999 -9999 -9999 -9999 -9999 -9999 0.518295895043881 0.498963688698203 0.318771992924169 0.159072425257163 0.0885648584761346 0.0568645273473462 0.0538119035653246 0.0788120597578443 0.100938074523446 0.0998417909583952 0.0962805440289262 0.090528007894744 0.0869806814954117 0.0789918481068856 0.0465952943356453 0.025690463384067 0.0170631868983933 0.0308392037082064 0.0546176244763714 0.111205610921145 0.158459323867494 0.193714333051425 0.199547291177679 0.196027007777459 0.194576696516364 0.187260778732993 0.170833169280268 0.225012810495439 0.306710765097705 0.340338422049766 0.359050315743275 0.349533283808596 0.338173931619045 0.325881243304284 0.330299659472455 0.332130930138469 0.327194923033791
-9999 -9999 -9999 -9999 -9999 -9999 -9999 -9999 -9999 -9999 -9999 -9999 -9999 -9999 -9999 -9999 -9999 -9999 -9999 -9999 0.466291238570341 0.470606214932331 0.329514368920082 0.195819626205726 0.110628495770905 0.0635736092290593 0.044671100355676 0.067913356056598 0.0912509143416234 0.0961676173034273 0.0952515007909232 0.0891501573774462 0.084516528036128 0.0762509713534459 0.0483314005278126 0.025436695473924 0.00791046859903399 0.0146232701867914 0.0331270142528336 0.0942664428735126 0.141108857967133 0.169573235388365 0.163883965575546 0.150759016576409 0.183102400297732 0.208106150249921 0.221708439907021 0.26285073083272 0.314403496494539 0.335867204434252 0.349334304593319 0.347667372225544 0.339786196190851 0.328756828038169 0.334273388536096 0.336282604501145 0.329382495372234
-9999 -9999 -9999 -9999 -9999 -9999 -9999 -9999 -9999 -9999 -9999 -9999 -9999 -9999 -9999 -9999 -9999 -9999 -9999 -9999 0.450406946152886 0.429152585275886 0.337063460284675 0.239593797353386 0.139817210451747 0.0707078174610003 0.0242371097963256 0.0479716122875026 0.0763984226231916 0.0910553937467684 0.095005244008719 0.0894367384620904 0.0826157798971203 0.0725949958341505 0.0475705972159764 0.0246986728162856 0.00412641399925829 0.00726865855065507 0.0234237995526496 0.0921731244334253 0.134688652019313 0.143482051969051 0.119929978384638 0.093936022357704 0.168899888757086 0.235369097429943 0.288642620073254 0.312433298297084 0.324031417508472 0.331050264715624 0.336555656010927 0.339196746389371 0.336650862283455 0.331477209930405 0.337345791722683 0.339712108429608 0.333419657709394
