layers/veg/veg_5200.asc
NCOLS 255 
NROWS 330 
XLLCORNER -2985163.8955 
YLLCORNER -3022031.214 
CELLSIZE 25000 
NODATA_value -9999 
[rows 150 to 174 of 330, columns 56 to 111 of 255]
-9999 -9999 -9999 -9999 -9999 -9999 -9999 -9999 -9999 -9999 -9999 -9999 -9999 -9999 -9999 -9999 -9999 -9999 -9999 -9999 -9999 0.437561819401693 0.437572499656137 0.36889839884229 0.29212299835634 0.204784854567528 0.121973369759642 0.0425034886389185 0.0597306839872104 0.0849698220112736 0.0970227840190857 0.0976091406710848 0.0880019792799328 0.0837843716980616 0.0752200786183527 0.0398340708731223 0.0153599873005789 0.0025440115209563 0.0229137879513801 0.0510704119855497 0.0760438225498887 0.100806069237563 0.125296876182033 0.125454630799971 0.121618581873104 0.166586389502464 0.207127808562723 0.240793231475402 0.253350044723715 0.257720980529132 0.277900803889682 0.297434457418611 0.315745197992716 0.315464384014332 0.305764920134121 0.319037459223188
-9999 -9999 -9999 -9999 -9999 -9999 -9999 -9999 -9999 -9999 -9999 -9999 -9999 -9999 -9999 -9999 -9999 -9999 -9999 -9999 -9999 -9999 0.437656392139584 0.388610986674478 0.331277477561932 0.259175018753919 0.162798846348476 0.0485036897208655 0.0608466317702331 0.0846454552363377 0.094768897499878 0.0915038278681283 0.0763367145764914 0.0753785745080008 0.0702642578791311 0.0312786283549236 0.00793886905925114 0.00131488222970973 0.0242445341414216 0.052011607611047 0.0614950249142139 0.0790372760652815 0.106938722286839 0.119878931722505 0.1296510389471 0.160462856164252 0.191815564862611 0.224008499782185 0.242056148356897 0.254807286431079 0.284789541002674 0.31153671236756 0.332161305781845 0.330203497435427 0.316805239850301 0.323272365721542
-9999 -9999 -9999 -9999 -9999 -9999 -9999 -9999 -9999 -9999 -9999 -9999 -9999 -9999 -9999 -9999 -9999 -9999 -9999 -9999 -9999 -9999 -9999 0.390266621461551 0.340833142246716 0.29434811915619 0.188669668492741 0.0392943153970451 0.0522914703969333 0.080252486145443 0.0917067810197559 0.0866936381908123 0.0670413656330762 0.0766643003503939 0.0840984189447724 0.0539008526118403 0.0272930320269406 0.00452043263836222 0.0191700030481267 0.0439709166260866 0.0752776503298618 0.0951069601995641 0.100182662457065 0.127341964395975 0.160296783259479 0.1762822722606 0.197200730080913 0.22578211086142 0.250809527525313 0.274802820942007 0.313541497595598 0.336688617361832 0.330327833833305 0.327386355020378 0.326177126941673 0.33142311023148
-9999 -9999 -9999 -9999 -9999 -9999 -9999 -9999 -9999 -9999 -9999 -9999 -9999 -9999 -9999 -9999 -9999 -9999 -9999 -9999 -9999 -9999 -9999 0.362285279234389 0.350956215000178 0.311206171481745 0.200784245532559 0.0381919608475915 0.046921291073251 0.0731447082899779 0.0883152848228971 0.0862952448584767 0.0689931877668435 0.0787003284171677 0.0869156146249214 0.06307316767531 0.0407144688384475 0.0199409803789871 0.0270197748923637 0.0435178824712121 0.0785889020929409 0.0951287150745616 0.0878476641322476 0.113791617342137 0.150440756959182 0.186552020315945 0.216792200355186 0.237912181016717 0.260472827469141 0.284009474331945 0.321122008973002 0.342535468887737 0.334237541916079 0.333697351057192 0.337087299567265 0.341089305670068
-9999 -9999 -9999 -9999 -9999 -9999 -9999 -9999 -9999 -9999 -9999 -9999 -9999 -9999 -9999 -9999 -9999 -9999 -9999 -9999 -9999 -9999 -9999 0.368778279077304 0.361417830451552 0.317136593182065 0.204691191084764 0.0419266406971023 0.043451423844871 0.064417146130747 0.0847272649879421 0.0885291395032065 0.0776556082345861 0.081184022552356 0.0831595636589574 0.0642206258564325 0.0505961584560685 0.042649577726303 0.0425808018749124 0.04759200602856 0.0756524332420856 0.0855755104675622 0.0721840051946172 0.0877036863908368 0.116419443891988 0.193510571906463 0.244859829335176 0.256221408272476 0.270679029516764 0.286778967019059 0.316070627048866 0.336864005385525 0.341573904940383 0.345454629565128 0.348915286661249 0.351659691363008
-9999 -9999 -9999 -9999 -9999 -9999 -9999 -9999 -9999 -9999 -9999 -9999 -9999 -9999 -9999 -9999 -9999 -9999 -9999 -9999 -9999 -9999 -9999 0.365387143654173 0.357617038176062 0.329008908996452 0.234864819037134 0.0923417349662387 0.072837720897576 0.0731475213775225 0.0925798535974345 0.0973283210275904 0.089023209300451 0.0917817428132272 0.0930389566600387 0.0766738975774742 0.0657377239078717 0.0606016758932977 0.0555096627518702 0.0544981046774736 0.0834649316687818 0.0995374702029055 0.0990350982792414 0.115628399085467 0.142450354595954 0.228405665390274 0.279001626200387 0.274670020106489 0.279374390310306 0.288441134181827 0.320879496433216 0.343477347179371 0.347451473305513 0.347180579928384 0.344759121227906 0.34991437840403
-9999 -9999 -9999 -9999 -9999 -9999 -9999 -9999 -9999 -9999 -9999 -9999 -9999 -9999 -9999 -9999 -9999 -9999 -9999 -9999 -9999 -9999 -9999 0.347283201068186 0.34912070714527 0.335034153643698 0.262615755514531 0.147136480056629 0.104031354102376 0.0801661939582163 0.0958458578859048 0.0986138755195232 0.089903770781147 0.0951839028517073 0.0995427361600026 0.0865469575906647 0.0777705806124362 0.073502138054601 0.0646894711307405 0.0597336668014471 0.0914801144593805 0.114090950492086 0.124958451856261 0.146130000526579 0.175133861481078 0.260762381920642 0.307411891084954 0.293511015396892 0.290384159444436 0.292502443799701 0.324021617281194 0.346001892717201 0.349929264065547 0.347780986495001 0.342554730160931 0.349224580183504
-9999 -9999 -9999 -9999 -9999 -9999 -9999 -9999 -9999 -9999 -9999 -9999 -9999 -9999 -9999 -9999 -9999 -9999 -9999 -9999 -9999 -9999 -9999 0.335346372262088 0.329786498174154 0.323635966952956 0.279202726954435 0.206508988132391 0.134861620727463 0.0794795197479152 0.0843210413379344 0.0776872437021763 0.0608521816163793 0.0770114655205504 0.09429658101997 0.087292366446156 0.0801918151446868 0.0729883393784165 0.0637651531172599 0.0598032968645628 0.0982839174209855 0.126410752723926 0.141228357040954 0.174925946210729 0.216569570879408 0.281353175010893 0.318701639050596 0.31343208286127 0.308151153374243 0.30349233777669 0.320843795560306 0.334995235337407 0.343090460038621 0.346879271722004 0.348486415571582 0.353543160057384
-9999 -9999 -9999 -9999 -9999 -9999 -9999 -9999 -9999 -9999 -9999 -9999 -9999 -9999 -9999 -9999 -9999 -9999 -9999 -9999 -9999 -9999 -9999 0.332522002074194 0.331439885938711 0.333743872607321 0.302966390761862 0.247767993263331 0.15144648361955 0.0733245440011595 0.0814310669083468 0.0745135662284132 0.0542400939453921 0.0682348806126389 0.0843950425604376 0.080352666813746 0.074133835939742 0.065589718702021 0.0590979409431981 0.0580979782723502 0.0938091882977804 0.121005134147835 0.137255168426274 0.170599654081336 0.211155890712645 0.272880101210942 0.310018749558534 0.308965940469588 0.311887670481362 0.31654726560329 0.325132364834928 0.333846769835573 0.342805893317823 0.349662340214971 0.355453552112221 0.357594699631358
-9999 -9999 -9999 -9999 -9999 -9999 -9999 -9999 -9999 -9999 -9999 -9999 -9999 -9999 -9999 -9999 -9999 -9999 -9999 -9999 -9999 -9999 -9999 0.340649912446646 0.34826662180576 0.359399981783337 0.331918569142368 0.275931526387695 0.15773238410905 0.0632161645471093 0.0847838017761782 0.084174695878848 0.0638510341751057 0.066251190638486 0.0711278137578451 0.0678568843310244 0.0619456616824406 0.0532135962111696 0.0517247383346647 0.0551094296776492 0.0811804482335776 0.102784614296046 0.118646883056224 0.142327064021409 0.171871629496835 0.243394799327729 0.286896294427426 0.286868640539724 0.305480610333981 0.331095145569108 0.334818891344529 0.339825455617868 0.347259826456953 0.355109386860409 0.36316928605714 0.361453177775817
-9999 -9999 -9999 -9999 -9999 -9999 -9999 -9999 -9999 -9999 -9999 -9999 -9999 -9999 -9999 -9999 -9999 -9999 -9999 -9999 -9999 -9999 -9999 0.346921690230086 0.349114442965488 0.357632685620199 0.325878196285662 0.264394162429543 0.161954147688638 0.0763453465200934 0.0717848645907525 0.0601638952689421 0.0422663337565673 0.0537069552235181 0.0665966193407564 0.0601482209935724 0.0494497824740903 0.0342106758131529 0.0439036347861894 0.0607794851251356 0.085081354741933 0.0982494456604768 0.0971056662037651 0.139363661890851 0.195532740335551 0.250079330287191 0.28197672676556 0.278690640222305 0.301298114434594 0.333905336664479 0.345654843288489 0.354525510958116 0.357947813074462 0.362240021635834 0.366972932680149 0.367398156396723
-9999 -9999 -9999 -9999 -9999 -9999 -9999 -9999 -9999 -9999 -9999 -9999 -9999 -9999 -9999 -9999 -9999 -9999 -9999 -9999 -9999 -9999 -9999 0.328388709440236 0.340557205277485 0.347412673459385 0.312801159287898 0.247578498636958 0.165024585230705 0.0921246391142273 0.0629675441290521 0.0394283950868781 0.0208834558878464 0.0401293610462051 0.0602798789595282 0.0506685322574704 0.0368824172987855 0.0186360533889537 0.0382219806227554 0.0664311902021581 0.089141502391995 0.0959180939925161 0.082212749509145 0.138160569117295 0.213764630372515 0.25317437855529 0.275956520113212 0.272909171713088 0.298486534057016 0.335277369002197 0.354593806071563 0.366976668758189 0.366237349750517 0.36715187850524 0.368904261513676 0.371959851074238
-9999 -9999 -9999 -9999 -9999 -9999 -9999 -9999 -9999 -9999 -9999 -9999 -9999 -9999 -9999 -9999 -9999 -9999 -9999 -9999 -9999 -9999 -9999 0.307320476179092 0.304493396314701 0.317817766989393 0.288573392375286 0.227904544034662 0.16477202071467 0.107986430043905 0.0759804667065403 0.0443313197523326 0.0129993734104197 0.0271333401226914 0.0439237918896857 0.032818329370265 0.024182212200982 0.0181843001561361 0.0404685322307786 0.0684725510314193 0.0870126223574837 0.0959633047810265 0.0925873463874375 0.132970958142531 0.186579381469828 0.228471274345416 0.258501627489831 0.270106146520794 0.299727215493172 0.336247382089531 0.356195147872083 0.367717132974772 0.363292851564085 0.363342598112006 0.365658927740654 0.370660016602724
-9999 -9999 -9999 -9999 -9999 -9999 -9999 -9999 -9999 -9999 -9999 -9999 -9999 -9999 -9999 -9999 -9999 -9999 -9999 -9999 -9999 -9999 -9999 0.275795808060987 0.281846309248578 0.299311234004277 0.273352814439558 0.21533905160698 0.172249930565754 0.133240145454556 0.102802121830713 0.0614116001357353 0.0102845885868459 0.0143837714624812 0.0247716248239135 0.0167205893660901 0.0146137354926034 0.0188575406371061 0.0396376381037039 0.0631402735311977 0.076529190146483 0.0828654153213359 0.0801357870759144 0.113068877736284 0.158901308499674 0.221886305982535 0.265220286488078 0.278028181241606 0.307233024062128 0.342643759650701 0.360408009387642 0.369946502069596 0.363917284261936 0.363375189237867 0.365612920307474 0.370363102640054
-9999 -9999 -9999 -9999 -9999 -9999 -9999 -9999 -9999 -9999 -9999 -9999 -9999 -9999 -9999 -9999 -9999 -9999 -9999 -9999 -9999 -9999 -9999 0.269371295440382 0.270885080196604 0.290462586093486 0.265977426431831 0.208964973170831 0.186461022078646 0.166674152355901 0.141651073125947 0.0890982604533564 0.0120722208872969 0.00184886076256952 0.00318409433030065 0.00214923058855861 0.00777296929202078 0.0205106416911275 0.0361263132288206 0.0513856157185787 0.0587690094675455 0.0583199901260768 0.0478028273524641 0.0803523535234139 0.130793989688193 0.231082089775045 0.292993916598034 0.295291657806643 0.320195708511676 0.3537664574906 0.366895483794945 0.373472695466044 0.367650227361751 0.366754019886808 0.36835350065902 0.370939724460274
-9999 -9999 -9999 -9999 -9999 -9999 -9999 -9999 -9999 -9999 -9999 -9999 -9999 -9999 -9999 -9999 -9999 -9999 -9999 -9999 -9999 -9999 -9999 0.2725270639854 0.274472408521217 0.281838270273792 0.260827311558555 0.218868433350199 0.193720971532033 0.16751031795472 0.129842758995073 0.0768283261433221 0.0101709160484562 0 0 0 0.00333567474684462 0.0102351257026713 0.0285626447753099 0.048040372112903 0.0551413981585899 0.0510875098704235 0.0326945824905037 0.0885523095060475 0.168661018162176 0.251686032177923 0.304912430424613 0.311849361754269 0.334547162383549 0.363131173643932 0.371981102967653 0.376745807680344 0.373778993749288 0.371545561115105 0.369683666087437 0.370634790894177
-9999 -9999 -9999 -9999 -9999 -9999 -9999 -9999 -9999 -9999 -9999 -9999 -9999 -9999 -9999 -9999 -9999 -9999 -9999 -9999 -9999 -9999 -9999 0.281203254874103 0.27968739984228 0.274849960535551 0.257521382953448 0.230971780793669 0.195311653994425 0.157333098114056 0.114762845906226 0.0673008322701435 0.0154901681979142 0.00376333148551611 3.18099492430833e-05 0.00022408207597758 0.000877704342856676 0.00202422498210051 0.022904096368803 0.0462204314346694 0.0514828644847934 0.0454776383730135 0.0249884457905309 0.100227948039442 0.203470981901845 0.269413945363075 0.314595107196057 0.32752467932242 0.348339324189871 0.371844317718507 0.376539538855235 0.37949162790266 0.379144740876512 0.375770111994669 0.370861601669432 0.370433421811327
-9999 -9999 -9999 -9999 -9999 -9999 -9999 -9999 -9999 -9999 -9999 -9999 -9999 -9999 -9999 -9999 -9999 -9999 -9999 -9999 -9999 -9999 -9999 0.281714949526391 0.280575934531672 0.275630492072698 0.261312981424532 0.240076960292291 0.175176499457956 0.121019207370295 0.126400886349898 0.104738663267741 0.0590351049281502 0.0258317303283546 0.00021834537663463 0.00153811264842031 0.00602461462136918 0.0138944002309612 0.0299224611438995 0.0447426152734446 0.0357804961902544 0.0331903239606574 0.0387909448012466 0.0943757776474345 0.167889730354803 0.2635520148266 0.326745595623117 0.339501968320304 0.358242321355423 0.378867626311434 0.379713471410226 0.379885652010651 0.378782884444287 0.37604790537162 0.372486033168518 0.37147767959335
-9999 -9999 -9999 -9999 -9999 -9999 -9999 -9999 -9999 -9999 -9999 -9999 -9999 -9999 -9999 -9999 -9999 -9999 -9999 -9999 -9999 -9999 -9999 0.313916568170413 0.277667049533522 0.274702500264755 0.259349162258829 0.234850354647607 0.164165023441781 0.109255120497123 0.13378446193394 0.125187811960345 0.0871430053038198 0.0403580871877566 0.000351561977934613 0.00247654396580032 0.00927427425197099 0.0210642866039556 0.0343312718508522 0.0442171532423002 0.0265014549274574 0.0263655245424185 0.0488274350752967 0.0950200116418689 0.153076364472452 0.26383185306131 0.335497025235509 0.346438910043735 0.359027923099738 0.372048185191111 0.37654790965981 0.37961574691842 0.379973656641918 0.378095816708717 0.375085325752434 0.374121739590412
-9999 -9999 -9999 -9999 -9999 -9999 -9999 -9999 -9999 -9999 -9999 -9999 -9999 -9999 -9999 -9999 -9999 -9999 -9999 -9999 -9999 -9999 0.358793477857167 0.309473520299977 0.270782867735455 0.27198595519034 0.251360332639645 0.214620640496331 0.162704593401422 0.123190788930295 0.13671428683108 0.127852501741708 0.0990907742560864 0.046989120951861 0.000428962215446198 0.00302178236810695 0.0105378130295048 0.0233137151755085 0.036008292871684 0.0446886551069601 0.0239466194399316 0.0252591129144067 0.0549215108386627 0.102464951824536 0.160003684691962 0.270541150178855 0.34069017877086 0.348099406696758 0.350269056277537 0.350737578183159 0.366745901717247 0.378650813137715 0.382789785037069 0.381996761116013 0.378705143448073 0.378440539055119
-9999 -9999 -9999 -9999 -9999 -9999 -9999 -9999 -9999 -9999 -9999 -9999 -9999 -9999 -9999 -9999 -9999 -9999 -9999 -9999 -9999 -9999 0.358793477857167 0.312262605469165 0.275571201357348 0.275972649889014 0.244333224347064 0.189041055491444 0.142594659115696 0.10941654483441 0.121804738942979 0.112295618313059 0.0833203465462465 0.0391480162970616 0.000231046082975879 0.00162758153193158 0.00625842106546999 0.0143447341760269 0.030268655695466 0.0449186681698431 0.0358852356527175 0.0412539899002015 0.0651359763289258 0.138460023539203 0.22570721788875 0.286891406561817 0.325255572179254 0.32817088639815 0.336054652873579 0.346261659729744 0.366671041640649 0.380944032330024 0.383603555547747 0.382639345713435 0.379839319898355 0.380990472319107
-9999 -9999 -9999 -9999 -9999 -9999 -9999 -9999 -9999 -9999 -9999 -9999 -9999 -9999 -9999 -9999 -9999 -9999 -9999 -9999 -9999 -9999 -9999 0.27384266441406 0.279495817325512 0.277164790550151 0.234907343720829 0.163176001678772 0.119157064542535 0.0897487523222447 0.102509852791411 0.0915383504092883 0.0594691728330928 0.0279316721619584 0.00157835917614833 0.000893256374070444 0.00163317006913586 0.00389554631686179 0.0219324633893185 0.0417918521458365 0.0462969357819669 0.058830701091346 0.0816849024814021 0.179899506941706 0.29367931528135 0.296539151495896 0.299649743488289 0.303149862006775 0.321275684046669 0.345330730861065 0.367471491265552 0.382010053632405 0.38216102621956 0.381234265006054 0.379761514089151 0.382361273967391
-9999 -9999 -9999 -9999 -9999 -9999 -9999 -9999 -9999 -9999 -9999 -9999 -9999 -9999 -9999 -9999 -9999 -9999 -9999 -9999 -9999 -9999 -9999 0.262804522902368 0.257690112419833 0.247433605217578 0.207010267456063 0.144317615250574 0.10375877129644 0.0753577459532452 0.0824594872875189 0.0649438144845157 0.0255438919495857 0.0173834610838113 0.0142445365551773 0.00806155104989603 0.0039155676693496 0.00194588151821473 0.00784936467427112 0.0154904383849325 0.0215674384351984 0.0587118813734274 0.135791841942605 0.211491682429375 0.278577122327899 0.242861854961987 0.237340312584952 0.278722003727442 0.3117207541672 0.340944342603309 0.358035160867289 0.368966649629417 0.368241258926954 0.370933365707522 0.375356807661929 0.378428513149053
-9999 -9999 -9999 -9999 -9999 -9999 -9999 -9999 -9999 -9999 -9999 -9999 -9999 -9999 -9999 -9999 -9999 -9999 -9999 -9999 -9999 -9999 -9999 0.225115047906417 0.230170669947244 0.223075430056057 0.187250048233643 0.130215923138391 0.0926049617279648 0.064076191796373 0.0607819031610267 0.0405888954440768 0.00537335991534097 0.0131869533758628 0.0241269709778448 0.0117549458174568 0.00382245945717718 0.000633098238113817 0 0.00174823900800966 0.0163749026966632 0.0685074342182893 0.168851730432271 0.229441362277425 0.269850648666629 0.218129496800323 0.210355864094846 0.270850745942091 0.309029947947877 0.337543598026005 0.347246510351965 0.354728514231534 0.358007323257884 0.363429222533129 0.369936830736336 0.372502914515224
-9999 -9999 -9999 -9999 -9999 -9999 -9999 -9999 -9999 -9999 -9999 -9999 -9999 -9999 -9999 -9999 -9999 -9999 -9999 -9999 -9999 -9999 -9999 0.203270104727696 0.195456629578371 0.205482817229292 0.177735559388873 0.122103743585807 0.0867957016737444 0.0567099834323359 0.0370553653432149 0.0190540469329221 0.00252246953000862 0.0169883544220193 0.0305041846963589 0.0110728320361856 0.000738172717768821 0.000122260511139142 0 0.00382029366845412 0.0357828287819953 0.0907869212914651 0.175409689690933 0.230212746958878 0.269152324018091 0.22984389354862 0.227851765144824 0.28382715252506 0.314982277516084 0.335383951743264 0.334755051586283 0.338986002428596 0.352414496168657 0.359446685923878 0.363238450155306 0.364067983489581
