layers/veg/veg_5800.asc
NCOLS 255 
NROWS 330 
XLLCORNER -2985163.8955 
YLLCORNER -3022031.214 
CELLSIZE 25000 
NODATA_value -9999 
[rows 125 to 149 of 330, columns 57 to 113 of 255]
0.0654841868037311 0.093085608603534 0.121472760749664 0.13866071929453 0.141650090191107 0.17265270324168 0.21045567019579 0.223141770879033 0.222679940923698 0.202082958290678 0.188565808023585 0.17832120131279 0.181278304014603 0.182393771084103 0.180075722298024 0.19145534500361 0.209669149691815 0.278441443060508 0.335443163082473 0.363644809145493 0.455741986570252 0.586797845242541 0.616577000549429 0.64036910236018 0.665787287624782 0.692448855779505 0.720028295783574 0.722162647551913 0.71856468563704 0.704914384684928 0.676628977181102 0.635333335342952 0.583731947050491 0.530788200094879 0.480433676015864 0.433701371718701 0.390838983304218 0.360554076602767 0.335317419762059 0.324322008039641 0.315055135426851 0.308010206355966 0.302203307264161 0.296962855394438 0.293811131107596 0.289879247854802 0.28473545788378 0.274547524222913 0.262437960305208 0.255316907412196 0.247069647479346 0.236690977023381 0.224492240487937 0.211371441994069 0.212722790286842 0.211681827706893 0.204425745021999
0.0612209926217344 0.0735596515204209 0.0965076918380309 0.118735911295714 0.140051525798555 0.157766137326659 0.176005785689055 0.214244868957537 0.221383844104985 0.180895139846198 0.168504350514651 0.167465198290257 0.167825152796598 0.166513070877095 0.162083671135048 0.15662538079847 0.150653745871353 0.209389659639849 0.25020494976684 0.247596710314118 0.327058933907915 0.45656154282326 0.513735653508163 0.561596303717365 0.596075233798637 0.640818318639513 0.693138457005924 0.711174180164293 0.721112946150357 0.716114414435678 0.695294027492743 0.660408417082115 0.610374650170169 0.558243909698841 0.509294129991988 0.463555489271998 0.421247572946206 0.389371933635707 0.361744104888739 0.346374853648952 0.332834103354113 0.321643792134304 0.311719898840956 0.302335539342015 0.294585600158518 0.286865412374606 0.279191440711521 0.267247274869528 0.25373406129388 0.246471493196345 0.238103611884208 0.227643862795007 0.216485645750986 0.204973578515712 0.20189930476315 0.196850138408493 0.186822480098877
0.0770016818249291 0.0805852074190425 0.0885161132751399 0.112230578673315 0.155955793196755 0.135663195779919 0.104060747783266 0.180567263731949 0.19545605566225 0.115981535610867 0.109844302295303 0.1324380798871 0.130712642642586 0.130273882616685 0.132233982904738 0.126226008894334 0.116242521977243 0.13502297892095 0.144342032001623 0.130921910665987 0.16411898117123 0.225739703203865 0.352541658768698 0.460062726593895 0.499752854707918 0.558283638453009 0.6307226941909 0.674787495188034 0.707854996230757 0.71253017909605 0.702251154376767 0.678678222689878 0.632251848879512 0.58224800480797 0.534955544601911 0.490435749373612 0.448878220623052 0.415220328813893 0.385125295323808 0.366863757779189 0.349962992344943 0.334811425864776 0.321715774460645 0.309188196266539 0.295439881007291 0.283500565180537 0.274371367113356 0.261472843442022 0.247176648018423 0.237953208585181 0.228693708730444 0.219365962488393 0.210210747467528 0.201142938325764 0.194922315571293 0.186706534223568 0.173707391325167
0.129237402775042 0.0948844727421935 0.0918959641397004 0.100444476207319 0.123619880622455 0.104961898420626 0.0788343040906933 0.122404945996551 0.133451460329957 0.0946895072792756 0.100630865695717 0.123307378856097 0.106910421236832 0.0976656861083849 0.101755439569307 0.105627994827015 0.109392183341663 0.126475096415432 0.133857934576103 0.118487427229117 0.123149060034767 0.140024782719316 0.196702878190045 0.255253783383323 0.311779544587019 0.409164468085493 0.536711842069856 0.600183399710035 0.649040998498777 0.671917473506534 0.674616114463272 0.659377178509639 0.628677572364945 0.593205851687054 0.547704458263778 0.505264793825245 0.466096226763486 0.432949846082277 0.402827446049268 0.383994172343434 0.365290687956262 0.346754040718912 0.328952268635114 0.311538222204606 0.296012076641019 0.281521072489183 0.268638067329819 0.25589400421688 0.243250000298763 0.232123569313599 0.221741942571268 0.212769899985916 0.203621691975889 0.194384236966365 0.187017003282008 0.17852126555955 0.167308689899858
0.188601102609955 0.11709102622935 0.102233835287405 0.0922203008722685 0.0883476623272017 0.0769298615433364 0.0643734223384091 0.0668881534968226 0.0706833644952123 0.0764395424158772 0.0918271500780562 0.109719357772747 0.0848776082520925 0.0708421370856726 0.0769537174956075 0.0900470943276436 0.106623900247847 0.126090534680147 0.13548237354388 0.121620484959363 0.106858353946121 0.0915473229225219 0.0684472571752997 0.0670395902599074 0.129708604838461 0.26022596747693 0.440829340791346 0.526265577528677 0.592325455628732 0.628486388956097 0.640015021238827 0.629646169710837 0.614804045591903 0.594329650662328 0.549506851124409 0.509737883944472 0.475368342334608 0.444822389982265 0.41655349514524 0.398082697334084 0.378600421184443 0.357817944333844 0.335924851764764 0.314026841490701 0.296588687240735 0.279407158353994 0.26262427386581 0.249853661515979 0.238690497627082 0.226330854498368 0.215167558720409 0.206268417971232 0.19704709371865 0.187662548385542 0.179643386349865 0.171454844101 0.162811482106883
0.252669329652428 0.171036589209647 0.136525731811762 0.105135683145177 0.077702265454228 0.0684504567353563 0.0636867892188919 0.04351390302374 0.0331358901525939 0.0377580529941779 0.0454321475154411 0.054255030768486 0.0606056277803525 0.0685889833094774 0.0796164275600486 0.0904574599371937 0.10120548580097 0.111848675463678 0.118350975322055 0.115340368135615 0.11025305363769 0.103899519476696 0.0669136224842964 0.040219203097255 0.0489540479735303 0.165386115072308 0.36132084327114 0.486165574412212 0.582002705692561 0.601277391426445 0.599988917218772 0.580420321267639 0.572365914906797 0.559179139179882 0.509644389965685 0.47466228897853 0.455227981306141 0.435369520425473 0.415936298458279 0.400409442686951 0.38376622912555 0.365687998000308 0.34385039612564 0.3207739762665 0.297411820064518 0.275547099030011 0.256008508718571 0.241465051009647 0.229021756701863 0.218563684195848 0.208420009536762 0.198871350585876 0.190792357206266 0.183457909714389 0.175537295254201 0.168136423200431 0.161974880129921
0.315817879370028 0.250984331132494 0.184989230246906 0.130989739202248 0.0921985500929983 0.0766942385628503 0.0666299892886243 0.0331342344083334 0.0215512327812132 0.0435261076344017 0.0398274854515704 0.0265711159708948 0.0374191693299137 0.0498534603862359 0.065245107495431 0.0763493278311039 0.0853144214673792 0.0926818927232385 0.0998850079045933 0.106765673280464 0.109069633381157 0.108583063405965 0.0657343721058072 0.0270530260674686 0.00831169088096647 0.110163181800477 0.30103693705654 0.443985363146227 0.554236342394643 0.563836740290056 0.559732433225275 0.543444994976252 0.52293942282061 0.499008512728478 0.461630114794803 0.439464945490922 0.433553321981322 0.426924744019022 0.419213952728344 0.404839057449561 0.388632804733403 0.370072441075683 0.347405831913242 0.323243203130379 0.296969994373874 0.271954260569464 0.248891900896426 0.232398690326018 0.218746368427883 0.210477073657385 0.2019890589429 0.193087104363243 0.186076008200437 0.180022838035265 0.173072875721584 0.166657387314673 0.161529106441558
0.378016683499119 0.357784376656174 0.248087662079725 0.170205490731539 0.132658507487058 0.10220796094807 0.0733216976288932 0.0361739972174688 0.036778230124805 0.0951969558330637 0.0763467780560273 0.027575876240805 0.0153537233509979 0.0140966877679058 0.0332828405497136 0.0472480249853716 0.0586083106377009 0.06842916922496 0.0800408384027309 0.0958213806284849 0.103158414464399 0.105347233003248 0.0649210924089299 0.0279874748632097 0.00909297635177131 0.0958524175677797 0.260606157900276 0.399656932651877 0.508456057920348 0.515829918157238 0.519238037132021 0.519120713845963 0.466296089313988 0.412999754605161 0.405197507251253 0.404141872991374 0.410294201455813 0.419521019725578 0.426513797623632 0.411440293596215 0.393190364797693 0.370857313744557 0.346448281214695 0.321294658611287 0.29522185315687 0.268637379588069 0.24125807566752 0.222632420855264 0.207844498856949 0.202060578988179 0.195885057927812 0.188968409462709 0.182948343299622 0.177382493850205 0.172303801156835 0.167077873963765 0.16148693892345
0.367394799649401 0.369368405018852 0.303672534527168 0.241040513246612 0.182292908390509 0.139583596537856 0.1056512367329 0.115873245693723 0.110330610868296 0.0806455069143695 0.0501244411074937 0.0208211856535331 0.0399575517973175 0.0496151694000173 0.0416007606605782 0.0379932682093193 0.0365845193849544 0.0403246852818508 0.0474809862986994 0.0623100696736693 0.0779122115036322 0.0939857061385864 0.0708221390333407 0.0480398013355409 0.033684094325783 0.0846726345508571 0.183898644931067 0.287878482593713 0.378305523401952 0.416045727923014 0.452552280690475 0.487962148692125 0.457949748065589 0.41972500071005 0.399496351027715 0.400032489758758 0.422753363078253 0.432398609332936 0.436100038981028 0.419871851756139 0.399809089628838 0.374817188847455 0.349351530795823 0.323642918859235 0.296805371803459 0.269389807174147 0.241076344281539 0.218468002877788 0.198567541365845 0.191792956320187 0.186348839286618 0.183422708219501 0.180623573911782 0.177888777312461 0.17232947787466 0.166188962240412 0.158813459907028
0.343236444428399 0.360383250379647 0.354177704129664 0.316496578381 0.238910010311716 0.188292842062233 0.154039473744513 0.213269572595414 0.198842063436803 0.0716129869506994 0.0312196029693331 0.0274511737543274 0.076099798982729 0.0953536485471435 0.0598043510923406 0.0360819918646095 0.0182604492968612 0.015483633617224 0.0169762889517718 0.0277604977551483 0.050393456487829 0.0802508902634368 0.0760061545701907 0.0688639802243785 0.0597247115243027 0.0738798019502357 0.105230911929133 0.165032570414597 0.228755142796946 0.294432264417421 0.368213919129224 0.449200295878128 0.453486736289488 0.439840518729131 0.405400647034707 0.40415712886271 0.438380010710709 0.445810600732091 0.444529757356987 0.427956725433874 0.406807548916063 0.379775986010596 0.353506115495718 0.327367752367509 0.29978337723135 0.271899185426663 0.243549255419015 0.217208552800159 0.192155033752865 0.183436577786244 0.17771494197354 0.177664957807461 0.177738951561745 0.177875753653231 0.171954881141504 0.165035553007672 0.156046958462371
0.343236444428399 0.363438503168501 0.38208768866457 0.372903331790339 0.328430988568374 0.295248741631772 0.270846939407315 0.308714246102904 0.296048622273895 0.205995286314865 0.162418975885105 0.137653535138482 0.116262661680669 0.0968123610488417 0.0809800331853603 0.0524784214220777 0.0176557213034949 0.0190272459362679 0.0207900669757987 0.022199992625516 0.0382913978704924 0.0633344632958286 0.0655766414828998 0.0643960113141454 0.0575915308010497 0.0607195600714438 0.0711798207856379 0.074581100383655 0.0818791746231974 0.106862107934638 0.205483565878021 0.36956778339272 0.398298790017887 0.402980912303262 0.409290933824574 0.414491255070012 0.418505992065667 0.430453854577187 0.441427943257438 0.430755272382384 0.413098981000894 0.386465623149261 0.360015028315683 0.333603281694797 0.30693637407097 0.27987382508633 0.252196682866075 0.226785404362236 0.202657862089679 0.191057152383694 0.180712009329145 0.172743097179458 0.169757750923128 0.169297124279657 0.167583735060431 0.164172834824639 0.156851570788472
-9999 -9999 0.415671786817013 0.404150436331415 0.378022060508032 0.360462278657406 0.347710405307741 0.359971681671223 0.344802601845754 0.287625815632839 0.256633115318444 0.234878780966189 0.172662285821967 0.126215691519338 0.10917024673319 0.0673024125039507 0.0130499385349766 0.0302921267377735 0.037637764212318 0.0197658766780059 0.0246995501290096 0.0435383365380383 0.0475139476219482 0.0500564386474683 0.0512369030346456 0.0517690454275533 0.0518225930830069 0.02830087590782 0.00864987388614386 0.0139448026653791 0.11657283595692 0.305727502567984 0.346138357047696 0.359189562821969 0.369330407447845 0.374970445910364 0.375801902258759 0.404939486165004 0.436304677012843 0.432436977866973 0.418917045700286 0.39298969000116 0.367023272782923 0.341070970411445 0.315455350321323 0.289059900430072 0.261453055148507 0.237020507431183 0.214139120528293 0.200124019978027 0.188357968030317 0.180848367773025 0.175240461216393 0.170595969910297 0.168269569068128 0.16536692916883 0.161017893891167
-9999 -9999 -9999 0.404150436331415 0.378022060508032 0.373833758068076 0.374965295869978 0.356350638986682 0.333380749174772 0.303741119281693 0.304913328441734 0.315987057572384 0.249227206581098 0.190324927608925 0.146072179543191 0.0801735087068609 0.00347503328432989 0.0511464610616418 0.0706729781484998 0.0212145895458488 0.00925745412889254 0.0201657576261704 0.0199712010438718 0.0234567968446612 0.0396394359201 0.0480468146793218 0.0507144550021353 0.0368792678934768 0.0268862819332433 0.0385819017705987 0.119342617932311 0.261500433208229 0.297737953683801 0.306789313389857 0.274909226615954 0.273532143964693 0.304743934223652 0.366809827045711 0.428670861959248 0.432731618605085 0.424147210295962 0.399308126317966 0.374651663750012 0.350068943332463 0.325670808969808 0.299750522107639 0.271465708372307 0.248073128016257 0.226835543289635 0.210987115679804 0.201777631866871 0.205132724699714 0.19744471776903 0.184162176491584 0.175235935301187 0.169115488259176 0.1693593041989
-9999 -9999 -9999 -9999 -9999 -9999 0.381395626261769 0.355496315217845 0.348109402986505 0.369072957970737 0.364302780716315 0.348432651846664 0.309356820403279 0.264827104282448 0.21012925327872 0.140797445849522 0.0641643156080341 0.106431177705139 0.112410601883224 0.030881316137824 0.00306382108544864 0.00799572944591644 0.00821739602485352 0.0139246624245458 0.0363474125962611 0.0479373753095708 0.0515305168207959 0.0453452963288939 0.0408974895667958 0.0472888940989293 0.107557348159302 0.215721117305185 0.262305920128211 0.27985036065829 0.206835173575642 0.17300280258631 0.181032662897071 0.25651465021931 0.343891824799804 0.395833275622615 0.417571210360739 0.400484158650302 0.380416351526323 0.358955128083422 0.3320923673579 0.305482053506732 0.279263893147837 0.256216121693801 0.234636089173153 0.219048960741901 0.211415209341484 0.218833673828689 0.213822429500774 0.202514182123396 0.193164059171859 0.185456888441959 0.181502062936332
-9999 -9999 -9999 -9999 -9999 -9999 -9999 -9999 -9999 0.464210426885002 0.421965467261967 0.364371608843023 0.358224518195707 0.335488118413577 0.281822877470863 0.217982673825383 0.149065873999349 0.169389752103185 0.151492117239501 0.0426669956741016 0.000945049648928179 0.000137564633059337 0.00184983988327812 0.0095239147436287 0.0339382452038653 0.047878514420259 0.054086776030272 0.0531711763611261 0.0517093568608667 0.0513832962046046 0.0919272596325152 0.168803626156068 0.224824792770537 0.251597600574904 0.14977251991767 0.0842097792754979 0.0573890846766164 0.13461474971432 0.237220173523794 0.336960476785142 0.3918905512031 0.389219499887102 0.378319011970821 0.363654910432313 0.335127707243247 0.308639788344107 0.285319713998708 0.262467380273965 0.240037997696742 0.22574128880289 0.219764721451644 0.229534492571383 0.228672587636411 0.222424579331426 0.21364042797807 0.204538833932577 0.194805814789299
-9999 -9999 -9999 -9999 -9999 -9999 -9999 -9999 -9999 -9999 0.421965467261967 0.363759275782588 0.337915388992309 0.327318171049852 0.345146597309342 0.315471576898723 0.262095652320366 0.199277237222536 0.130829604020863 0.0497716522647431 0.0124568242645529 0.00181325760078463 0.00119412562088021 0.00357101621931688 0.012725231938813 0.0359117419321331 0.0694569660416188 0.0542274162132395 0.0413368020988669 0.0589036196735492 0.0835601648999969 0.114519296157511 0.119658196490104 0.12074792879777 0.124864320199618 0.123503823353229 0.116291915467203 0.132117824514123 0.152114042679663 0.160799981625893 0.19335985209344 0.25660837037239 0.294749882867364 0.321931931632042 0.313400019148731 0.300141199164932 0.279539553928459 0.257612606428176 0.2355238113171 0.226792396672623 0.226770144608857 0.243230475334389 0.246559555169254 0.243236224386004 0.224762760324025 0.210785439480641 0.207966340243696
-9999 -9999 -9999 -9999 -9999 -9999 -9999 -9999 -9999 -9999 -9999 -9999 0.30122033482866 0.32241719475609 0.38313313944292 0.373431483492513 0.328596359943104 0.234307236710505 0.150849645707061 0.0939958270973183 0.0482167815828021 0.00919029834784439 0.00709267834022903 0.00756771873078356 0.00857449086726941 0.0337836689412412 0.0768591915443093 0.0596678537808848 0.0456333725979196 0.0702281782761933 0.083983188646368 0.0881018990281456 0.0633294994839589 0.0470818628684051 0.100078102815021 0.134324561091569 0.14853908253057 0.133840874609493 0.109079694934752 0.0629387949424238 0.0698960605963697 0.145108146512957 0.208792788406189 0.264992926103511 0.273926796258473 0.274671837662435 0.262696270817462 0.248109325979432 0.232939502273854 0.234819068062618 0.242477920327218 0.26107439913378 0.260944392943923 0.251327379867411 0.231786059083786 0.218355492617283 0.219627580083628
-9999 -9999 -9999 -9999 -9999 -9999 -9999 -9999 -9999 -9999 -9999 -9999 -9999 0.32241719475609 0.38313313944292 0.372127887743735 0.325338765157343 0.27704710590106 0.231862652118579 0.193871115092454 0.120330614799304 0.0251150349022387 0.0228176585234657 0.0264812735988878 0.0300042121945798 0.0464061801450127 0.0723155159268295 0.0716812614394641 0.0719225008822825 0.0872562031399736 0.0975847206641201 0.10346375734302 0.08022059594121 0.0591478180104357 0.0754747663772778 0.102456943262417 0.140822978819836 0.141890685768576 0.129121100138609 0.0824671618661805 0.0589756739755071 0.0652582633699303 0.119255557762092 0.185241425546896 0.207848735487199 0.223759194141414 0.229266697220171 0.231636812651322 0.233248544952944 0.25330379206818 0.271232622032184 0.285137087263648 0.270078693300194 0.24034745258029 0.232663917580136 0.227909712979279 0.229041029075366
-9999 -9999 -9999 -9999 -9999 -9999 -9999 -9999 -9999 -9999 -9999 -9999 -9999 -9999 -9999 -9999 0.32371854503741 0.323743536985042 0.317513823197261 0.296908769211668 0.235418221459827 0.148998779850458 0.0778239163365146 0.0269589477695656 0.0318789170909379 0.0415435403769334 0.054710692404173 0.0627016804529982 0.0705103283593216 0.0799447183153839 0.0906039276171724 0.102351969900723 0.0855765945150582 0.0660538300630797 0.0585797023333827 0.0661679691288483 0.089848633215103 0.108054032420134 0.121409479043679 0.109026933393561 0.101326148395405 0.0996435135145455 0.13280193685799 0.174715821855987 0.184973264753761 0.187341782263448 0.177455564399083 0.198395160605112 0.232126424670856 0.272181118319902 0.296137022470396 0.289625056919488 0.268159337342234 0.239117910553702 0.240130338092568 0.240709787483691 0.238974546168736
-9999 -9999 -9999 -9999 -9999 -9999 -9999 -9999 -9999 -9999 -9999 -9999 -9999 -9999 -9999 -9999 -9999 0.40315679006722 0.401837934239926 0.397488102746049 0.363328630329009 0.310993484682898 0.147562678957906 0.0221179068645917 0.0270755720950292 0.0305046722630294 0.0328053775883357 0.0463180124953395 0.0590826631322455 0.0640612259103049 0.0762800209700527 0.0949351968164283 0.0864538311056292 0.071042331375812 0.0453203330786464 0.0297390904083204 0.0249920526250919 0.0598129103079977 0.103189772113123 0.137405639828768 0.162536143523291 0.175987903126852 0.184504808549939 0.190079941849388 0.178722033071903 0.157447679649305 0.120769022218358 0.160639496581607 0.231493424200399 0.29059415111618 0.318282410671151 0.28652079900228 0.262318779931229 0.241946518930075 0.250096440702607 0.254484094467521 0.248847617730904
-9999 -9999 -9999 -9999 -9999 -9999 -9999 -9999 -9999 -9999 -9999 -9999 -9999 -9999 -9999 -9999 -9999 -9999 0.402306981434895 0.399504154714826 0.383520491482964 0.359500147167231 0.199072791399942 0.0683455834113063 0.0488267999481169 0.0377468405038124 0.0328964657434129 0.0521814063709326 0.0704722324405945 0.0743009336166479 0.0815335947751021 0.0917922890464145 0.0886208291459108 0.0788978084620619 0.0483245724429943 0.0358143803421689 0.0426024265478579 0.065781147182797 0.095204167595733 0.140722241835963 0.169191117517119 0.17574417051197 0.174912013042775 0.171359709435728 0.163640075107351 0.149783583495913 0.126394036578134 0.177963818879557 0.258856735851143 0.292531949061983 0.307180750889185 0.285820993006104 0.267588725176834 0.250940872131445 0.257767913659963 0.260274510662505 0.251672203550367
-9999 -9999 -9999 -9999 -9999 -9999 -9999 -9999 -9999 -9999 -9999 -9999 -9999 -9999 -9999 -9999 -9999 -9999 -9999 0.400122887985499 0.395409755003471 0.387822908608144 0.235417110839809 0.105057102900024 0.0653792769344062 0.0444288398801491 0.0373030607249861 0.060400641882561 0.0820884491081009 0.0850508388607548 0.0879813150875394 0.0908834210084075 0.0892616525681688 0.0818303977078507 0.0492027525792146 0.0373506150395111 0.0476946642668186 0.0620321753332426 0.0814967662165032 0.131444258468717 0.162911867507462 0.170624586111523 0.166032234409982 0.158362760420441 0.162063768417869 0.158615505695406 0.144061494537039 0.19878363114569 0.279829718146362 0.289987224672251 0.293201816430234 0.283276549286682 0.272642930169695 0.261650453528114 0.265536124063737 0.265782774699699 0.256884891450333
-9999 -9999 -9999 -9999 -9999 -9999 -9999 -9999 -9999 -9999 -9999 -9999 -9999 -9999 -9999 -9999 -9999 -9999 -9999 -9999 0.392161406532225 0.379345613492742 0.244110579287066 0.124418402667601 0.0724531934824131 0.0500895180635033 0.0495778519954022 0.072915137525386 0.0941178978667376 0.0967309556731908 0.0966062487599641 0.0940477392345447 0.0871198963425554 0.0757873904839757 0.0462046206155657 0.0306110714789076 0.0299633596344427 0.0405664187126733 0.0573571670343578 0.0992033477126699 0.133050448034313 0.156615163166831 0.158452455279066 0.155800719518053 0.185111479141239 0.197523596373644 0.18368519398617 0.225976553755775 0.28915160875267 0.279269794961198 0.27397692527474 0.277368891865643 0.277303789322951 0.275487304249885 0.273480709861525 0.270776608184455 0.26645165795164
-9999 -9999 -9999 -9999 -9999 -9999 -9999 -9999 -9999 -9999 -9999 -9999 -9999 -9999 -9999 -9999 -9999 -9999 -9999 -9999 0.356264593986844 0.35876688267084 0.252415948727792 0.151744240357237 0.0877918694165486 0.0538607272300246 0.0420914154621024 0.0656010283525969 0.0890889517865124 0.09677838131505 0.0972324771078593 0.0912545467957519 0.0820341369260879 0.0701960083630776 0.0480981698762343 0.0304758867570774 0.0176352082462329 0.0242725635201384 0.0398129345629348 0.085401149292403 0.122018764799119 0.147105160156422 0.142302880165748 0.13210077841725 0.175625680117456 0.205725203241189 0.214969609393024 0.242892205622809 0.277338497581385 0.27252336341945 0.271266490361664 0.276743827704886 0.278786977846566 0.27909033765187 0.276560199507344 0.273654248518487 0.269993439701222
-9999 -9999 -9999 -9999 -9999 -9999 -9999 -9999 -9999 -9999 -9999 -9999 -9999 -9999 -9999 -9999 -9999 -9999 -9999 -9999 0.347053168051902 0.334727597238445 0.260532086898691 0.182953467592362 0.107160318390898 0.056710659569403 0.0249696998693068 0.0486187880972353 0.0757425875674917 0.0911538807610903 0.0939586563959475 0.085556561277972 0.0755129255945027 0.0648248318863166 0.0523768297248964 0.0335608886072912 0.00794155355154197 0.0105004500949822 0.0254845042364355 0.0805893911736035 0.120168179270581 0.139789006997008 0.121974800731059 0.0980943133915927 0.150277028425192 0.198954787955522 0.242187914652176 0.254796814018107 0.25522027571188 0.267713131181007 0.276608257264793 0.27869447699302 0.278720781707454 0.277703514821264 0.277267541048747 0.275500064729367 0.270597529016472
