layers/veg/veg_3600.asc
NCOLS 255 
NROWS 330 
XLLCORNER -2985163.8955 
YLLCORNER -3022031.214 
CELLSIZE 25000 
NODATA_value -9999 
[rows 225 to 249 of 330, columns 57 to 113 of 255]
-9999 -9999 -9999 -9999 -9999 -9999 -9999 -9999 -9999 -9999 -9999 -9999 -9999 -9999 -9999 -9999 -9999 -9999 0.175847550718924 0.175583772339154 0.172741855805303 0.164631243314687 0.143248286066056 0.114610837092609 0.0736157915667896 0.0405667769335485 0.0288360261848737 0.0299984171598018 0.0397323818734621 0.0448627132976881 0.0482977639699265 0.047580296016145 0.0497785926860739 0.0543171358033795 0.0666488638091731 0.0781208737846483 0.0811289935166062 0.0844200914644234 0.0879843459001407 0.092633155618519 0.0970350631827898 0.0986393725472137 0.100076293156198 0.10131900310554 0.103659228659876 0.105983937060739 0.105364457580155 0.103959112944535 0.101455037224349 0.0982301920380114 0.0947654278595621 0.0916562857853396 0.0894548663420297 0.0887919169302248 0.0908419687411381 0.0941163305412467 0.0974334406532299
-9999 -9999 -9999 -9999 -9999 -9999 -9999 -9999 -9999 -9999 -9999 -9999 -9999 -9999 -9999 -9999 -9999 -9999 0.249412126812817 0.212726311567627 0.18421282940998 0.172400367803736 0.146985759022248 0.114136392786699 0.0753868465240063 0.0447977881318982 0.0354700403013065 0.0361840674173499 0.0435740325063131 0.0482731511122532 0.0508878469224082 0.0475494455281172 0.0480721015048802 0.0516937133171895 0.0659507306225897 0.0793778838444312 0.0827106695677772 0.085403153341081 0.0874775590360491 0.0920081259440003 0.0966444089516696 0.0988691256912263 0.100591282438441 0.101730350391152 0.104043828563391 0.106328183180596 0.105348092676853 0.104369324808233 0.103392406137678 0.100801791756106 0.0976125302233735 0.0941215610146936 0.0913221227082488 0.0896947379925347 0.0901827125876436 0.0916534805204356 0.0970821936054885
-9999 -9999 -9999 -9999 -9999 -9999 -9999 -9999 -9999 -9999 -9999 -9999 -9999 -9999 -9999 -9999 -9999 -9999 0.249609527674656 0.231669362182377 0.211224086493879 0.185659355146587 0.154937368736636 0.121396493512617 0.0814216262997226 0.0495418106572573 0.0388069274686976 0.0393491017014423 0.0473884501152227 0.0540507615249533 0.0575223949909193 0.0510990356324062 0.0517844478903463 0.0581754913180096 0.0705000925784791 0.0818366553444015 0.0853147593584745 0.0880618602246816 0.09010332991038 0.0920023478555805 0.0941863121793451 0.0982280915494874 0.100839236325578 0.101790505636979 0.10372231594657 0.105717101316001 0.10578106246379 0.104456189665386 0.101189565132344 0.101852266478092 0.103566221494555 0.0987595289406067 0.0944760201184268 0.0910792386564394 0.0908065850155564 0.091971357478887 0.0970265077583092
-9999 -9999 -9999 -9999 -9999 -9999 -9999 -9999 -9999 -9999 -9999 -9999 -9999 -9999 -9999 -9999 -9999 0.244964417507331 0.245231951424717 0.239967871674767 0.226998288947553 0.198281702004573 0.162582009327688 0.12306544151052 0.0892927562323806 0.0621914569679803 0.05148781629623 0.0525943949328534 0.0615526025860882 0.0636285363814596 0.0635116787597201 0.0582883797156512 0.0596036589064759 0.0661669215458525 0.0750009468573211 0.0832361437275977 0.0875278987863313 0.0907983271599353 0.0930828774882574 0.0940581790286693 0.0952648848317334 0.0994554126711984 0.101893456559721 0.102298203389353 0.103821177205316 0.105661618123736 0.10753660346927 0.106977704761635 0.103015952462249 0.103335700340762 0.104949924055448 0.102118850309955 0.098547645162107 0.0937220149915454 0.0918677081144271 0.0913831344193688 0.0949625353305076
-9999 -9999 -9999 -9999 -9999 -9999 -9999 -9999 -9999 -9999 -9999 -9999 -9999 -9999 -9999 -9999 -9999 0.248937212258424 0.240922776029868 0.245090067886886 0.238799516629217 0.211137265159282 0.170945808754033 0.123906051224985 0.0976090146874553 0.0764254596295186 0.0662889157632913 0.0683409978058371 0.0784962798279203 0.0742817254172553 0.0694770274571743 0.0668700997201484 0.0689033486089136 0.0746608888123495 0.0796081508141195 0.0845129829740951 0.0897387916963336 0.0936191020568504 0.0962006141835618 0.0968247681570376 0.0975515425482088 0.101303034197672 0.103195276646592 0.102930349023186 0.104041079623412 0.105759175094925 0.109493718108858 0.110040866579084 0.106131665965112 0.105067498722598 0.105025464398028 0.104920668337918 0.102655170171662 0.0967275671684099 0.093145334217438 0.0906516943035705 0.0923983392196775
-9999 -9999 -9999 -9999 -9999 -9999 -9999 -9999 -9999 -9999 -9999 -9999 -9999 -9999 -9999 -9999 -9999 0.256231152800218 0.258561292313881 0.255394964108686 0.247545164754402 0.230124200461669 0.190611882318401 0.139024716315119 0.103616570204031 0.0761539400727418 0.0673511727488327 0.0722105219901771 0.0861526721559733 0.0822792639640659 0.0780759626438953 0.0778928574815023 0.0797112047061316 0.0831359545190338 0.0859010357653694 0.088966530674093 0.0937138949360109 0.0972425720741015 0.0995948607980416 0.0999023476597856 0.100217456304662 0.10310466664874 0.104200983271928 0.103219438392584 0.103995812067514 0.105410834418431 0.108150881440841 0.109375839046579 0.108482525054033 0.108227804447641 0.108089740903014 0.105924568621756 0.103042637565199 0.0989458950033824 0.0953934742594515 0.0921106639758277 0.0921744297042653
-9999 -9999 -9999 -9999 -9999 -9999 -9999 -9999 -9999 -9999 -9999 -9999 -9999 -9999 -9999 -9999 -9999 0.272171674097624 0.270987586766794 0.263436749040152 0.254422572420195 0.242417909158401 0.205544821442963 0.155078975047923 0.116060032214337 0.0851060097869359 0.0735555232335939 0.0794109962940859 0.0968382390226523 0.0928487665011538 0.0883762910793065 0.0884579640897871 0.089232485621903 0.0905631001521102 0.0919613973996101 0.0938309339651161 0.0976571568601923 0.100795064161043 0.103268546217305 0.103309709006569 0.103160485584783 0.104893637085711 0.105228434111289 0.103940808266468 0.104444511528967 0.105548382604658 0.107541606404739 0.108993508672258 0.10968858034262 0.109776496049688 0.109482900177438 0.106286266523333 0.103204419947071 0.100317122314787 0.0972954056900976 0.0942234930480312 0.0926065471973097
-9999 -9999 -9999 -9999 -9999 -9999 -9999 -9999 -9999 -9999 -9999 -9999 -9999 -9999 -9999 -9999 -9999 0.273869999877426 0.275115802438089 0.267875564568685 0.258325661836034 0.2440557164993 0.212942409283906 0.172622738641807 0.138749731020905 0.108742425812545 0.0879463052137238 0.0919144848221577 0.112346380556972 0.10751294507207 0.101385309910798 0.0982944706028098 0.0967054841429353 0.0963219124698718 0.0976515720261543 0.0993494368268541 0.101549726056194 0.104234556364911 0.107387110095673 0.107242097071561 0.106544694561686 0.106662449057845 0.106290502663953 0.105350387084294 0.105679627485787 0.106459486520593 0.108100192678084 0.109061244194202 0.109072059303398 0.108759429441217 0.108215569763994 0.105625550925555 0.103006902194126 0.100339729573495 0.0986461582904682 0.0973772940874066 0.0940830875824424
-9999 -9999 -9999 -9999 -9999 -9999 -9999 -9999 -9999 -9999 -9999 -9999 -9999 -9999 -9999 -9999 -9999 0.283709861819967 0.282873153726002 0.274680104449713 0.262938908835886 0.243946703716227 0.209821452893796 0.167424675312257 0.150266545618215 0.132166691022317 0.10932665292822 0.107113477297838 0.118613380790967 0.116773386260331 0.113517103037831 0.109500880827794 0.106194814417379 0.103458732145475 0.104440209994295 0.10591098802077 0.107158659408378 0.108782248252625 0.110768707050957 0.110744540364193 0.110281095732771 0.109709898633046 0.108964696827959 0.108017608292068 0.107311164280836 0.106873781499612 0.108271468457837 0.108887000058978 0.10840898730549 0.108238925710762 0.108089151370984 0.10631977083163 0.103535853633644 0.0990324307276217 0.0973264102796288 0.0968739691777988 0.0952376002147982
-9999 -9999 -9999 -9999 -9999 -9999 -9999 -9999 -9999 -9999 -9999 -9999 -9999 -9999 -9999 -9999 -9999 0.303825900464591 0.292041132370766 0.282424211187302 0.267863679279185 0.243200359901916 0.202494103134419 0.153018984597498 0.157006327795958 0.155103005222538 0.133270744884938 0.123278516889983 0.121157738109628 0.123793190661825 0.125144660657999 0.120998836102763 0.116308765274265 0.111181872352126 0.111713261188858 0.112916553944592 0.113471390786815 0.113777414244649 0.113843260238588 0.114056128039613 0.114138601712897 0.113269784633663 0.112286425929412 0.111170171771744 0.109096372108851 0.107101130633884 0.108266563133015 0.108588355051022 0.107730639104679 0.107920702194873 0.108414370999019 0.107584876361731 0.104420030971281 0.0972970743424026 0.094984228751794 0.0948523779743427 0.0962321521131803
-9999 -9999 -9999 -9999 -9999 -9999 -9999 -9999 -9999 -9999 -9999 -9999 -9999 -9999 -9999 -9999 0.312002867472066 0.305446805292274 0.295991606166232 0.287663441578064 0.273356132979114 0.246829815936164 0.205011755363654 0.154835425855566 0.160372590172454 0.160192522675646 0.140314108369506 0.131911788775431 0.131138966643334 0.132304353298556 0.130724917007263 0.11974204488375 0.116400953967944 0.119193297547343 0.119978659210294 0.120149910384863 0.118957451182199 0.117927929419232 0.117055689794186 0.116923190694227 0.116782902282827 0.115682414939772 0.114226468588036 0.112358105474071 0.110293042812331 0.108318542904516 0.107670909070797 0.107279216907732 0.10724536103195 0.107303496964132 0.107465113558896 0.108881940497404 0.107520967980234 0.101451992081242 0.097178660942802 0.0937570855119411 0.0961322875095109
-9999 -9999 -9999 -9999 -9999 -9999 -9999 -9999 -9999 -9999 -9999 -9999 -9999 -9999 -9999 0.31535037852104 0.313983097931113 0.307177548993768 0.297990731731409 0.291953701142501 0.27911573819551 0.252379356049946 0.209812565850627 0.158593079664257 0.165010691766179 0.166493764666421 0.150085913544899 0.143229637981517 0.142723407734694 0.141707995363534 0.13818699520192 0.126732337573495 0.124846274604327 0.130640142132848 0.129785535361791 0.127825924193005 0.125290134035419 0.123211327116492 0.121573642268118 0.120825969967837 0.120139441806367 0.118713844834966 0.116900218090969 0.114636384773066 0.112301066204847 0.110022447024666 0.10844260665277 0.107455869394128 0.107298359417939 0.106909696648087 0.106580386517779 0.108798092411272 0.108328809869222 0.103305436636574 0.0983940401600514 0.0935896184542814 0.0966464765154075
-9999 -9999 -9999 -9999 -9999 -9999 -9999 -9999 -9999 -9999 -9999 -9999 -9999 -9999 -9999 0.316372140825063 0.317733372578894 0.309121625369776 0.296199884562609 0.294400838346058 0.285394213876714 0.261658146635488 0.219047801423731 0.166121020356402 0.172119001332259 0.175148457921078 0.165156987940388 0.159761561584747 0.157421661002658 0.152845040337425 0.149304009698326 0.14974038796728 0.149515322925359 0.148759371286548 0.142586321053503 0.136361681704846 0.133267154880888 0.130695046522145 0.128627224306909 0.126740352134869 0.124879315258912 0.122947127651143 0.120998997166532 0.119032369163257 0.115884925484237 0.112671231620971 0.111870019585186 0.110518273325342 0.108396816051828 0.106949800707587 0.105820992540717 0.106032191174698 0.10468292697133 0.100688884254369 0.0977078704799466 0.0952242044239983 0.0983533006447172
-9999 -9999 -9999 -9999 -9999 -9999 -9999 -9999 -9999 -9999 -9999 -9999 -9999 -9999 -9999 0.330770840653845 0.32926793185565 0.319019704343998 0.304977671873271 0.299339305143402 0.288088965597214 0.265369970486541 0.227715589105609 0.181897719051051 0.180710152756798 0.179489042947694 0.174027191645201 0.175298183016009 0.181045279488482 0.170300663433419 0.161514243689041 0.163747906300768 0.163681711982657 0.161769610088276 0.153312791229823 0.14499833460396 0.14133364367032 0.138526206343028 0.136546268700259 0.134305804641747 0.131903712975335 0.12886966785808 0.126243228083558 0.124089707187477 0.120112878352999 0.115891057959632 0.114095226296316 0.111844218656376 0.108956821947322 0.107266558489627 0.106060563050415 0.105795218388891 0.104981825857492 0.103239564534107 0.100981288580143 0.0985139484496278 0.0993526424262038
-9999 -9999 -9999 -9999 -9999 -9999 -9999 -9999 -9999 -9999 -9999 -9999 -9999 -9999 -9999 0.333844904299798 0.34055096990833 0.333053672748819 0.31925089410487 0.305573203216743 0.288920267329076 0.266187105959841 0.236088317575882 0.201963572874437 0.190072346168554 0.181586395789948 0.179673092210378 0.190317271333288 0.209309872529315 0.191041794693249 0.174292925438731 0.173075365134866 0.172386971639293 0.172123297180745 0.162960667388866 0.153687450669973 0.149446653631858 0.146538026796514 0.144915332635419 0.142729773887013 0.140116008186165 0.135670581148472 0.132083066319775 0.129490933143729 0.124675744347033 0.119407812225773 0.115695314780161 0.112267247413965 0.109236846451016 0.107727169532069 0.106819570989423 0.106873227377494 0.107331916088542 0.108477081118974 0.106313596786026 0.102664334727368 0.0999841104575165
-9999 -9999 -9999 -9999 -9999 -9999 -9999 -9999 -9999 -9999 -9999 -9999 -9999 -9999 -9999 0.362786716363665 0.364614306715152 0.359922106419241 0.3522100506997 0.332768690644286 0.310865603008204 0.283931716642278 0.251652303095657 0.216451093633985 0.192101853355549 0.175850099004919 0.179139929660448 0.194832104622923 0.21876956308876 0.219818835860203 0.214325008167543 0.194265193912668 0.185488279471196 0.185767228452207 0.176635603604869 0.16704126025371 0.161302232162367 0.157289437435342 0.154942961232735 0.151103154819464 0.147069016090527 0.143733489979872 0.140097424052677 0.136112660652548 0.13051641017615 0.124531381664825 0.119122287124874 0.114086682828631 0.109573261425871 0.107507089487519 0.106417153593107 0.107005010264929 0.108079128464654 0.109977395763097 0.107378617200052 0.102766531650259 0.100325204191267
-9999 -9999 -9999 -9999 -9999 -9999 -9999 -9999 -9999 -9999 -9999 -9999 -9999 -9999 -9999 -9999 0.38125928464437 0.383601186426775 0.386703413508542 0.3635370771368 0.33857846432513 0.309957146465048 0.273230567664741 0.232073758223926 0.202482259513116 0.182919063151469 0.187731589211611 0.205913327304903 0.232983138548057 0.247902841912045 0.250621946745806 0.217468912789969 0.201879032889206 0.200385664259583 0.190864016472465 0.180946251478829 0.174311710393022 0.169449267545007 0.1662974161974 0.160900165518623 0.155451700817599 0.152476000232608 0.148466711095036 0.143258214077167 0.136742526614036 0.129892109170352 0.123332567212193 0.117133652227608 0.111438935785556 0.108611962821235 0.106960937528233 0.107846705793988 0.109181165681174 0.111276098635188 0.113967430920983 0.116831120351656 0.106227331485711
-9999 -9999 -9999 -9999 -9999 -9999 -9999 -9999 -9999 -9999 -9999 -9999 -9999 -9999 -9999 -9999 -9999 0.398859784365186 0.423774874848834 0.401645358521351 0.37889330399496 0.354869027308432 0.308828138906739 0.250753255728072 0.233354406230792 0.221208046876305 0.218605487645257 0.233388064866388 0.259728568173524 0.273846317243524 0.276333451342747 0.244807018959024 0.225910079725381 0.217149804554501 0.206183254917826 0.195898787968648 0.189870977301994 0.184829606836385 0.180740438786863 0.174119484833713 0.167342811404235 0.162776045314596 0.157559676454213 0.151589614298954 0.143818742449434 0.135727274936422 0.129316007475174 0.123046234197622 0.116974286280968 0.11293946321331 0.109846126382776 0.110449535114564 0.111230371858502 0.112311925660876 0.11439290225914 0.116831120351656 0.106227331485711
-9999 -9999 -9999 -9999 -9999 -9999 -9999 -9999 -9999 -9999 -9999 -9999 -9999 -9999 -9999 -9999 -9999 0.444881874585393 0.443513110915598 0.424790632280647 0.403467437409877 0.376829405902191 0.333954852371809 0.282205626219447 0.268978483595177 0.259336757506039 0.255208230886777 0.268289785721741 0.292812887186449 0.311313889928487 0.321505836550616 0.306624738051845 0.277998842189678 0.238341118539345 0.226469502188967 0.218348774976527 0.208957950716373 0.202786802882174 0.199723581578708 0.191839681018312 0.183268467214932 0.176598461408368 0.169294928288648 0.161256353217831 0.151793181641389 0.142260626922848 0.13573461508225 0.129167071278342 0.122541460948901 0.117593709246691 0.113457138193107 0.113003240851564 0.112917837335092 0.113456982207478 0.114969285624092 0.11690672759791 -9999
-9999 -9999 -9999 -9999 -9999 -9999 -9999 -9999 -9999 -9999 -9999 -9999 -9999 -9999 -9999 -9999 -9999 0.448462566141642 0.45226170529053 0.438449033871678 0.418061620816181 0.384238033045639 0.35244281434322 0.321756275899479 0.307615388308636 0.297363851508733 0.295443186296149 0.307900375466918 0.329916199894605 0.356087990898752 0.379016843194868 0.390303281412834 0.347876806408322 0.262339356901622 0.24990494105106 0.245552308626503 0.230281566756494 0.22237778213768 0.221585259292627 0.212413530998695 0.201752112418962 0.192654137308917 0.182705447198427 0.171769725904326 0.160337113971062 0.149236644153324 0.142429128247126 0.135419946627245 0.128128812834151 0.122455119120943 0.117528337538647 0.115525801168506 0.11437595134225 0.114671292645269 0.115641350495244 -9999 -9999
-9999 -9999 -9999 -9999 -9999 -9999 -9999 -9999 -9999 -9999 -9999 -9999 -9999 -9999 -9999 -9999 -9999 0.496150826326668 0.498428996025744 0.470328490976107 0.444875252457422 0.424831980990357 0.387696069666849 0.341217542802937 0.345823285277585 0.347806552696134 0.338377234848072 0.350922857415737 0.378077783612852 0.382618550515243 0.38634379372803 0.393892718936125 0.3585490188864 0.288778906957605 0.275123074418424 0.266949896211748 0.247338298969077 0.236257093372762 0.233410202970838 0.224854272227006 0.215026548269201 0.204748315320424 0.194071942387669 0.182933632637738 0.172465675613362 0.162323709165563 0.153437701474835 0.144828098471396 0.136604941437597 0.129903360154268 0.12383988422502 0.119375289009962 0.116254401488518 0.115410921125744 0.115136688635468 -9999 -9999
-9999 -9999 -9999 -9999 -9999 -9999 -9999 -9999 -9999 -9999 -9999 -9999 -9999 -9999 -9999 -9999 -9999 0.554365945861882 0.537120193533929 0.499330591582287 0.469958544955938 0.45778865626593 0.416300133113815 0.358786424136127 0.379412712308426 0.392273464994739 0.378148950576251 0.38953003079787 0.417867651938268 0.403478253617645 0.390714677917262 0.39538606467921 0.367207044118665 0.312661680950699 0.297854271386245 0.286269331751175 0.263784520557085 0.249652622383035 0.243583720780508 0.235005181744505 0.225728871287455 0.215435887558065 0.204893024622863 0.194060242539482 0.184209665395589 0.174528066824689 0.163876494404668 0.153811071933513 0.144565155410559 0.137120330721125 0.1303393826964 0.123818590714542 0.118924876444585 0.116788844106796 0.121745691876621 -9999 -9999
-9999 -9999 -9999 -9999 -9999 -9999 -9999 -9999 -9999 -9999 -9999 -9999 -9999 -9999 -9999 -9999 0.566157276710864 0.557412442724422 0.544610516130889 0.515452904987029 0.487008499349998 0.460021604034598 0.420921883238287 0.37520144893449 0.39909873219102 0.415791852286106 0.407718034965695 0.413973458344291 0.429755197798878 0.411308250165687 0.397572682746635 0.408795970902505 0.383265729748078 0.3282364283137 0.312639419404218 0.300613208334214 0.279353348815935 0.262884550039253 0.251040521835518 0.240069712322586 0.229822016004404 0.222762968481694 0.2145269528736 0.204925375118629 0.193970017998476 0.182662286205 0.171603767402267 0.160785256067632 0.150302303147871 0.143046041681512 0.136897573617359 0.129759371747799 0.123900548019225 0.120210101349723 0.12347999221668 0.12984441714901 -9999
-9999 -9999 -9999 -9999 -9999 -9999 -9999 -9999 -9999 -9999 -9999 -9999 -9999 -9999 -9999 0.585422095221275 0.581383992821873 0.575414620563294 0.56833224804025 0.537247589128869 0.506088963224162 0.474779178003943 0.439777497162852 0.402757873997417 0.419776051798879 0.433918984842281 0.435732775538747 0.441415022173451 0.449669082260645 0.432543327344448 0.420135185493685 0.430180858218713 0.413024071836163 0.37403409021942 0.345950105534307 0.319994606650806 0.296323835519437 0.277667371891949 0.263851177056362 0.251419267210623 0.239882892402215 0.231921192001451 0.223145944030176 0.213426787909845 0.201946709984291 0.190052668950492 0.178886903578211 0.168177773080861 0.158107071362505 0.150854952650604 0.144512295364682 0.136265826593788 0.129932332329031 0.126841077321617 0.127504227694395 0.12984441714901 -9999
-9999 -9999 -9999 -9999 -9999 -9999 -9999 -9999 -9999 -9999 -9999 -9999 -9999 -9999 -9999 0.590922551173713 0.601572857128617 0.604881373298312 0.604496489790958 0.563390541949151 0.526725954550928 0.499137753448992 0.469544362661717 0.438854961166147 0.441213271939707 0.447913343785965 0.462556002925233 0.471154867038205 0.475735716315054 0.464054335864818 0.454736283666013 0.457679126007516 0.453284158229337 0.442999728755771 0.393461911594268 0.343237617507589 0.314368791399097 0.293639062556412 0.280765935738921 0.267586732566236 0.254518452288102 0.242483114321152 0.23098691495823 0.220116244255537 0.20855610142618 0.196872848919937 0.185829577834431 0.175890971488114 0.167496815203229 0.160107468065283 0.152936921843735 0.143205909958809 0.136773700874434 0.135932527064116 0.133283858525524 -9999 -9999
