layers/veg/veg_4000.asc
NCOLS 255 
NROWS 330 
XLLCORNER -2985163.8955 
YLLCORNER -3022031.214 
CELLSIZE 25000 
NODATA_value -9999 
[rows 125 to 149 of 330, columns 168 to 223 of 255]
0.520222742926796 0.497865967859214 0.434904213937925 0.419352227183113 0.417408205502545 0.439950704027082 0.440117358418327 0.415712451076571 0.359256064372333 0.304448894727336 0.327862865284863 0.337743708849352 0.329736216770976 0.340187813535398 0.355814563425584 0.357183321765812 0.360635455308229 0.367418690160073 0.382648930375039 0.401104668126315 0.403276244669093 0.401598334779375 0.392409818531667 0.394447301678097 0.402348462714391 0.334586321551677 0.287800426291183 0.296342682034467 0.332826657781452 0.387102324657944 0.432308590339507 0.467100278917719 0.472259293786168 0.489936487156172 0.517249558861656 0.524073314028562 0.529651196308041 0.541056568722022 0.544974193843608 0.541956005800962 0.557745083253616 0.576281118946876 0.589856076114668 0.594853294020372 0.590301729655358 -9999 -9999 -9999 -9999 -9999 -9999 -9999 -9999 -9999 -9999 -9999
0.500952219437304 0.482134033873281 0.440348658597958 0.389942288540898 0.356673073557023 0.423003709779576 0.439721158191515 0.401956929854296 0.354964083744863 0.313265128899103 0.332040767670447 0.341728100446352 0.339402343553099 0.347596283634821 0.359101796353404 0.367546965875453 0.373396965279003 0.375097556275068 0.388148010172311 0.405787705236631 0.413545545606718 0.412569129920227 0.394551594536036 0.386361094982266 0.383303552477453 0.338836150426039 0.313484111703476 0.33684144011403 0.351672795174283 0.361075297450709 0.416326863328782 0.46251511351446 0.470395065427522 0.480426720408563 0.492114650619627 0.508584004084999 0.526497689074073 0.547634114161464 0.563765867146626 0.575261850614758 0.579751719777965 0.583962191335823 0.59407044681518 -9999 -9999 -9999 -9999 -9999 -9999 -9999 -9999 -9999 -9999 -9999 -9999 -9999
0.478353490993932 0.464519156237666 0.442683961898465 0.370081172622838 0.315501034796198 0.407634708709965 0.433316655854557 0.386026039512975 0.350302102787394 0.322949333431426 0.337982661864097 0.347793417114655 0.350700879279358 0.355621956598935 0.361806508894757 0.376207596378662 0.384481390821362 0.382958277894067 0.395335737426267 0.413437506189824 0.42431082012834 0.42360234881122 0.400297037239376 0.381387145122851 0.364773113087192 0.350918158290462 0.351358106965924 0.386129485809429 0.37982318808686 0.347360972486484 0.407753662672757 0.461015850681136 0.470910224822514 0.473975952229823 0.4717853231219 0.495954314944296 0.523614329958493 0.551278136033513 0.57888077223142 0.606426747484138 0.599275840156949 0.587532992080637 -9999 -9999 -9999 -9999 -9999 -9999 -9999 -9999 -9999 -9999 -9999 -9999 -9999 -9999
0.43903571170237 0.417077339866543 0.365603215589551 0.366795093386587 0.380329792118681 0.406348785341482 0.406045477800094 0.3768368903359 0.347262410941133 0.322858802592171 0.339923092447873 0.349179241370156 0.348114446298071 0.360440423498034 0.376895722941084 0.388252276374675 0.39827509693032 0.406165416661592 0.421072331559325 0.438509664871757 0.435423194575691 0.432002073257375 0.427928025337164 0.405196021467437 0.372718404763598 0.401768011899169 0.429021359611711 0.448118086810139 0.440333887596698 0.415433450015264 0.457809691112472 0.494029693900401 0.495810662097777 0.499828125870558 0.505567133976627 0.524360511355112 0.54379931373478 0.558935888419084 0.580010322069675 0.606584925367758 0.599275840156949 -9999 -9999 -9999 -9999 -9999 -9999 -9999 -9999 -9999 -9999 -9999 -9999 -9999 -9999 -9999
0.40065536830545 0.378381965261085 0.312928428693667 0.357709000758712 0.410338694779322 0.393674838071741 0.379069396894588 0.36672436135741 0.3421660610057 0.319081191034117 0.332457356828219 0.339441194771792 0.337975536439424 0.353960079592948 0.37469015846437 0.379889567732103 0.38758152755764 0.399258817734705 0.413329587361195 0.428208224220879 0.433486665687756 0.439411037268522 0.446595661848033 0.429980490444694 0.400933968157728 0.446111918834028 0.482497253940447 0.49305071779963 0.490591413324574 0.479846321327777 0.50358469148926 0.523260662056649 0.522519951561151 0.527877615059651 0.53792950702303 0.548135956166321 0.557895243659205 0.56579688636905 0.57015804425646 0.571239692261887 -9999 -9999 -9999 -9999 -9999 -9999 -9999 -9999 -9999 -9999 -9999 -9999 -9999 -9999 -9999 -9999
0.363247535969013 0.348760289887334 0.285572776265058 0.342605881039652 0.404224920703748 0.369186771816023 0.352399454513238 0.355653903335414 0.334936100920725 0.311478542691763 0.315233513244203 0.318163065803414 0.320001565709668 0.335758167802325 0.354542712843135 0.350355906195529 0.351484465121469 0.361111743434825 0.370854839608631 0.381209643214162 0.418012994800801 0.445792170484152 0.455964573393168 0.455777054895596 0.450178237148867 0.483706452147292 0.510880794091518 0.520289211432108 0.530212131815804 0.540462658346399 0.544918484562987 0.548567214836615 0.551105773350387 0.558206634706631 0.56881933247855 0.567107384857909 0.565674291274493 0.571831318464705 0.573749980210188 0.571742693376151 -9999 -9999 -9999 -9999 -9999 -9999 -9999 -9999 -9999 -9999 -9999 -9999 -9999 -9999 -9999 -9999
0.341262075306102 0.317303743350364 0.257931241195655 0.319057524054129 0.383443403360436 0.343855059948178 0.324053625588774 0.325980768457619 0.316716178578579 0.306672819506797 0.313274217184825 0.313770164378321 0.306195815063523 0.313553420815564 0.325472737268158 0.331107153888587 0.340623182748696 0.356345507815412 0.36807993193381 0.378497126464764 0.406263322018166 0.42836140847091 0.43940063369744 0.443100563981723 0.44296695927557 0.473520269810956 0.499103520279343 0.510785041318104 0.534800218825902 0.566668764213899 0.564679913191593 0.561134297117765 0.56073122932054 0.565787365191318 0.57504572763579 0.58436432839813 0.593051148753557 0.599196533809867 0.602475024231876 0.603097943523 -9999 -9999 -9999 -9999 -9999 -9999 -9999 -9999 -9999 -9999 -9999 -9999 -9999 -9999 -9999 -9999
0.318399909469257 0.284601101288192 0.234397919765743 0.296264181827848 0.360240872383746 0.322629441015737 0.301908729122109 0.299736204899399 0.300655290161411 0.303289001996588 0.313134069346066 0.311877423184375 0.295946328345681 0.294699404713746 0.299353272262671 0.317606481429112 0.337475959205628 0.359929683198452 0.374733899449712 0.38625783199488 0.395640771248111 0.405672108635865 0.416968514296248 0.421897297129977 0.423500078610174 0.453156875713296 0.478592053980335 0.492095485925318 0.52555307015045 0.571716318667995 0.57169114269738 0.568357615934559 0.565700270724909 0.569951653765252 0.579521036134455 0.602275307570021 0.623082672965572 0.629221109135799 0.634881757526025 0.64009983665679 -9999 -9999 -9999 -9999 -9999 -9999 -9999 -9999 -9999 -9999 -9999 -9999 -9999 -9999 -9999 -9999
0.264421136725743 0.246307163488902 0.239602050457308 0.292402265855637 0.344232899672323 0.331033833561862 0.325163977344928 0.327342538532054 0.317326984839139 0.305141696692473 0.30068670908036 0.299728256909349 0.303391589458883 0.305415194714809 0.308050784409985 0.326936233631727 0.346372597091521 0.366689815395814 0.381708434839752 0.394067138969506 0.386718243481647 0.385521873473027 0.396329493553054 0.404586396481927 0.411510982951711 0.440465759963618 0.463290520673179 0.469951450949494 0.478070218955754 0.487117254749562 0.526041851723984 0.559525126662173 0.569461555223943 0.587602339816443 0.612058434301933 0.627475786014189 0.639509293016873 0.642854545496546 0.643378704318751 0.641289716921818 -9999 -9999 -9999 -9999 -9999 -9999 -9999 -9999 -9999 -9999 -9999 -9999 -9999 -9999 -9999 -9999
0.237709307531601 0.227208814872962 0.243583687013195 0.283121770086058 0.321581868193647 0.331011379723607 0.336125090854191 0.336499496718395 0.324043386352448 0.308949056110038 0.299190702306093 0.299250587188591 0.312288400168206 0.317006621020756 0.320013190819582 0.33812545779326 0.355398437752634 0.371329484646186 0.387215786463897 0.402545581282606 0.392608698743207 0.388516384618184 0.395827215682126 0.399512202959437 0.401303302726396 0.428025529925867 0.449279856491278 0.455788302753683 0.453387922255786 0.445314909793048 0.493851839913026 0.542206875425999 0.576818868125922 0.614814686049714 0.655415206260002 0.663134061564355 0.66539964309616 0.663296767682418 0.665308180588768 0.671130610878266 -9999 -9999 -9999 -9999 -9999 -9999 -9999 -9999 -9999 -9999 -9999 -9999 -9999 -9999 -9999 -9999
0.245018400513599 0.232060772405175 0.246040019576891 0.267080520906121 0.290642302837931 0.32047476303046 0.331746832000156 0.322637198451555 0.31833858439005 0.315195247597516 0.311358681896159 0.313335425188319 0.322996307004056 0.3296905773541 0.336049200616717 0.351634742165742 0.36458548451126 0.373323455644155 0.390892535232712 0.411858902695167 0.416981289410976 0.420388558986028 0.420449519922786 0.409705729489877 0.393318291708754 0.415898329592569 0.436879807667505 0.451582894322426 0.45715384119955 0.456909963139033 0.478454949344393 0.514300952460042 0.588662939957013 0.65395710051158 0.712271293719192 0.711840513960333 0.703097874106256 0.692234301132318 0.682401788487018 0.673524335023234 -9999 -9999 -9999 -9999 -9999 -9999 -9999 -9999 -9999 -9999 -9999 -9999 -9999 -9999 -9999 -9999
0.269228462711186 0.257174320945919 0.263666465765435 0.272973878085823 0.283875037260711 0.300398812292621 0.316394626727923 0.331810672359203 0.336834459098652 0.338866801549934 0.33849084055971 0.346628486578887 0.366019574599604 0.368453872925433 0.366076537600332 0.375990631350118 0.391762476167035 0.416900258636228 0.438725711109509 0.458797806333671 0.46229387440711 0.465264104133174 0.467208387955979 0.458911558178548 0.445265486050663 0.475219938340116 0.495057905741545 0.487770528179588 0.492652610137954 0.505283508739318 0.522269453310504 0.545612880895761 0.587320510230758 0.650962252945098 0.731487797715284 0.755326010338623 0.759346655049176 0.714457612357506 0.692871956432474 -9999 -9999 -9999 -9999 -9999 -9999 -9999 -9999 -9999 -9999 -9999 -9999 -9999 -9999 -9999 -9999 -9999
0.297353616433643 0.287248632205361 0.284889867207991 0.28643631942496 0.287437165475298 0.281613051885775 0.300055166243792 0.345144727486415 0.359134836210739 0.364685531141605 0.36706669932605 0.381755363656831 0.4127123022824 0.410140242164787 0.397451205843826 0.400638023563621 0.420777706980387 0.468023267947363 0.49374181480678 0.509980144125232 0.508493011824568 0.509859297806529 0.516792794342754 0.517268229495937 0.514370424511329 0.552104079357625 0.569872573911725 0.536928937462157 0.53960215588065 0.564954152868721 0.583088192854163 0.594157035086466 0.585371408480292 0.637214055066577 0.735725365476457 0.789690545941657 0.822460779948929 0.794463795159693 -9999 -9999 -9999 -9999 -9999 -9999 -9999 -9999 -9999 -9999 -9999 -9999 -9999 -9999 -9999 -9999 -9999 -9999
0.310303127462298 0.302163032900827 0.293431955891045 0.308448315440337 0.322991742950756 0.311126826818343 0.311221078694118 0.324448038915467 0.339252524218774 0.353408097481248 0.359242505668418 0.369939108361936 0.387062648993389 0.393009883143728 0.394763757535668 0.390330617696166 0.407197808985036 0.458122025066343 0.474530472987638 0.476603098913758 0.490885776423704 0.505399072721966 0.520362321752408 0.541885771674221 0.566835812278008 0.576316371327902 0.584574717755354 0.590843798718693 0.604603106350038 0.623131762444881 0.628067490073486 0.629427269219577 0.623053667897042 0.650036308356826 0.702694943730996 0.738925935733694 0.76791071873966 0.776750306020881 -9999 -9999 -9999 -9999 -9999 -9999 -9999 -9999 -9999 -9999 -9999 -9999 -9999 -9999 -9999 -9999 -9999 -9999
0.327073441012709 0.319317224412888 0.30242324981205 0.324774190295977 0.348197806574431 0.337817063584841 0.328431908916376 0.320140038583797 0.329329160495164 0.342485164419629 0.351304202127087 0.363008329741171 0.378526022146015 0.385169119260588 0.387830181793921 0.376458939749409 0.390952384696205 0.446800787028534 0.458780680717185 0.452866233390995 0.477795297376811 0.503125019034199 0.529236450695832 0.564486081680582 0.604508869641639 0.601217410599689 0.605561673944686 0.631025830549023 0.65156471201 0.668967459615692 0.6674292584814 0.664047785672682 0.659460403767735 0.668032400197563 0.686733839068932 0.707406453520878 0.723499039864199 0.720360658513517 -9999 -9999 -9999 -9999 -9999 -9999 -9999 -9999 -9999 -9999 -9999 -9999 -9999 -9999 -9999 -9999 -9999 -9999
0.349599346435604 0.339845398680315 0.312091218856122 0.332534589038525 0.357815045107444 0.360253970526587 0.354748700360095 0.340519679210684 0.334407786899399 0.332096245024846 0.343194005399587 0.363436950010747 0.395768166993918 0.39132204334484 0.374500311973344 0.357218103021444 0.370691656977454 0.433340492460888 0.4482453077566 0.443651170434496 0.471508783207159 0.504144176720643 0.546101341082876 0.584047667485021 0.619899012314419 0.627155967081068 0.636015964457382 0.650520961922809 0.671352155755322 0.696211510050861 0.698328877122009 0.697689578473581 0.693945712683477 0.693822274350044 0.69648566306901 0.704877504486119 0.712984397123113 0.716946345021215 -9999 -9999 -9999 -9999 -9999 -9999 -9999 -9999 -9999 -9999 -9999 -9999 -9999 -9999 -9999 -9999 -9999 -9999
0.353830353663281 0.346897241462392 0.336606284841182 0.349894865641689 0.365876659301459 0.372417545095022 0.368643336945094 0.353541825739945 0.341913032211441 0.334149861916972 0.349762580751055 0.367107622902096 0.386742481808101 0.381144349300115 0.366739318616601 0.347600733592314 0.356481424461919 0.41016203736247 0.434913812213914 0.448206382542244 0.49787110866357 0.546121167006686 0.59161111358015 0.635385518943638 0.678263845418386 0.677471348064435 0.679385317237442 0.690543865311021 0.696205502650598 0.698367021245413 0.698054152675688 0.696874091556911 0.693627129221607 0.699752274799561 0.713091608255403 0.717468058867992 0.720248050234125 0.721400287787143 -9999 -9999 -9999 -9999 -9999 -9999 -9999 -9999 -9999 -9999 -9999 -9999 -9999 -9999 -9999 -9999 -9999 -9999
0.352008591541846 0.349453521288241 0.366022962724204 0.370792519231419 0.374008722622005 0.380858634737529 0.37767384219064 0.363469650169205 0.350484018081597 0.341502653343501 0.361576841146875 0.371371347024479 0.367577980662013 0.363532681980818 0.358461472945093 0.340229148042852 0.344277825031074 0.383951517856399 0.421476687528193 0.458948355671133 0.536607130961195 0.602876006292851 0.64692242246156 0.697039408309341 0.750327235697043 0.734994514259508 0.7260157706409 0.736634872938334 0.722371103164645 0.692263341888433 0.686879199218262 0.683539562855674 0.68067203029153 0.698384601875426 0.731938725780802 0.735580284264678 0.735943676431835 0.739017588621777 -9999 -9999 -9999 -9999 -9999 -9999 -9999 -9999 -9999 -9999 -9999 -9999 -9999 -9999 -9999 -9999 -9999 -9999
0.382354023206189 0.374685895980205 0.369046189555858 0.384762323153616 0.400991445086664 0.398450047730622 0.387769885641924 0.368152310561451 0.362029403138219 0.359550396833159 0.358303947872745 0.356726436795389 0.35471132173563 0.318694210564282 0.275412189940065 0.290099972735495 0.321569709199726 0.3798720525713 0.435525412699066 0.490398246115748 0.561234400611076 0.621415239995614 0.660806844550825 0.697397367558013 0.732524801234426 0.726048890419757 0.722071572472316 0.726708701862333 0.729610408888526 0.731407098089319 0.714367100470005 0.699969223879397 0.698013473026082 0.711908717159746 0.738005277896448 0.741415668437849 0.741591733912579 0.740851625149375 -9999 -9999 -9999 -9999 -9999 -9999 -9999 -9999 -9999 -9999 -9999 -9999 -9999 -9999 -9999 -9999 -9999 -9999
0.408193525599188 0.39641465210425 0.379110529499356 0.400751510015994 0.424227810189733 0.418247801404986 0.402985734827798 0.377530772076609 0.368557428113036 0.363151376332929 0.352295360201715 0.343935348656903 0.338874601785411 0.279514991100339 0.210203522046963 0.256530319328484 0.308336471597499 0.36890354535318 0.437368949152875 0.509174574285392 0.5809929579603 0.640791942000089 0.677140270763713 0.702750198612915 0.722751135956802 0.725693042557821 0.728015864424703 0.729903873194519 0.742280322968291 0.761335212821906 0.74051437570283 0.721846247087605 0.719029952643327 0.727798822691031 0.745485382762678 0.746680415983266 0.745890725554924 -9999 -9999 -9999 -9999 -9999 -9999 -9999 -9999 -9999 -9999 -9999 -9999 -9999 -9999 -9999 -9999 -9999 -9999 -9999
0.425776566607369 0.411723535728936 0.40207668725074 0.420440923016588 0.440599519185921 0.442088354142471 0.427582884917407 0.395513607585984 0.365891868973556 0.340280757670537 0.341274009615754 0.334541120429809 0.317595676093126 0.250705529437683 0.177685191902804 0.253303586302141 0.312464573136155 0.345311868690274 0.416848248782601 0.504728439067315 0.591830306678971 0.661703183114635 0.697961141576885 0.717255407281141 0.727689024889565 0.741076712427807 0.75207937927684 0.757142000016305 0.764901038644433 0.774377002151371 0.764205148338718 0.753704770851396 0.746780403941557 0.748024261942525 0.755555617876807 0.750899554732344 -9999 -9999 -9999 -9999 -9999 -9999 -9999 -9999 -9999 -9999 -9999 -9999 -9999 -9999 -9999 -9999 -9999 -9999 -9999 -9999
0.447420079514195 0.433577043628293 0.421363030382848 0.431381536064366 0.443885817410038 0.447204224239143 0.430397549914493 0.391490941794922 0.365246301671081 0.344231762540166 0.338636655413368 0.321150006594371 0.287944899712388 0.228685515177176 0.168535616530751 0.218184287709867 0.269598490523797 0.323835595681187 0.410325121758855 0.510087970051605 0.592686797343009 0.664403917926347 0.714890098481568 0.733557935884582 0.735606093499339 0.75694941517464 0.774232021885552 0.780515207271487 0.785849417998176 0.790579375871971 0.78165760600763 0.772720057807063 0.766914899548206 0.764437640273623 0.764522034015992 0.765219623019592 -9999 -9999 -9999 -9999 -9999 -9999 -9999 -9999 -9999 -9999 -9999 -9999 -9999 -9999 -9999 -9999 -9999 -9999 -9999 -9999
0.471053679598337 0.458638152312604 0.438845851148216 0.438034254739864 0.440758795006052 0.443142897262925 0.422536351279279 0.376683109387382 0.365590757191926 0.361328374718072 0.340108400870847 0.305799970003915 0.254190976426225 0.20999309252507 0.170839355054882 0.167434050800876 0.203699980739963 0.303396107999371 0.410662377450668 0.520253378545079 0.588651546818106 0.658179459807206 0.729911580551347 0.750741353075823 0.744983294680434 0.773061798944219 0.795448122524747 0.801994169950458 0.805978164768703 0.808330790843595 0.796052588847575 0.785440716570473 0.78331672167671 0.778982680700608 0.77294745491055 0.768881631940735 -9999 -9999 -9999 -9999 -9999 -9999 -9999 -9999 -9999 -9999 -9999 -9999 -9999 -9999 -9999 -9999 -9999 -9999 -9999 -9999
0.466642062813828 0.458141813127783 0.447634510730456 0.449488528723072 0.451588279581552 0.442551521449712 0.42424825119067 0.395769155902335 0.387674833693169 0.382639259415554 0.360204789561613 0.327309110320911 0.280585612510494 0.262708447347233 0.253106091433832 0.223844087404881 0.238429891182864 0.323123801195202 0.425456232171393 0.534656086229346 0.616062778163882 0.687831297808207 0.740795096523742 0.758042703805006 0.756634667640158 0.770963857219909 0.782948693908528 0.788297755532046 0.792731384779641 0.79658211898426 0.796316810064582 0.79425151224313 0.787658435222738 0.780603198076662 0.773192212788629 -9999 -9999 -9999 -9999 -9999 -9999 -9999 -9999 -9999 -9999 -9999 -9999 -9999 -9999 -9999 -9999 -9999 -9999 -9999 -9999 -9999
0.466364889965324 0.461073452245722 0.457391852945438 0.465170235131011 0.470307111021474 0.449895887156125 0.430275440000162 0.411523367624429 0.40731465621631 0.404239385626269 0.380491180014699 0.350492244576974 0.312230979730779 0.311767984914781 0.320178114929421 0.275290394646434 0.274759544587618 0.345150738878026 0.440063825298909 0.544931612162498 0.630302770749761 0.700663055001673 0.741736116087835 0.761835757725877 0.770980350145137 0.77102897396121 0.771588624546208 0.773946607829902 0.779465253224562 0.786996427698879 0.795593798111953 0.799778345057677 0.790263376729381 0.786003187668993 0.78578786932994 -9999 -9999 -9999 -9999 -9999 -9999 -9999 -9999 -9999 -9999 -9999 -9999 -9999 -9999 -9999 -9999 -9999 -9999 -9999 -9999 -9999
