layers/veg/veg_2800.asc
NCOLS 255 
NROWS 330 
XLLCORNER -2985163.8955 
YLLCORNER -3022031.214 
CELLSIZE 25000 
NODATA_value -9999 
[rows 175 to 199 of 330, columns 114 to 170 of 255]
0.310414880744362 0.319303024578556 0.323278466436873 0.324528521643716 0.337206470293574 0.346359534224897 0.345224004738953 0.35502947488779 0.372212400292419 0.379830162730168 0.386234375458486 0.391559689575084 0.397200605450611 0.403098337699495 0.406074540411237 0.411038216902747 0.426523161539408 0.434270874382508 0.434447604815031 0.428073333006398 0.423497843683423 0.43835946997524 0.452973713501353 0.467296979868353 0.471852939547832 0.474764424410049 0.488559799240523 0.492509653293685 0.482500210958831 0.474680086478499 0.468452239429842 0.47733055530965 0.473081554966388 0.446256324162945 0.430450786439375 0.419655965335785 0.398110784115547 0.384926182590283 0.389365128246389 0.355658943096033 0.300476041587863 0.291516804506209 0.279136194895516 0.252428346107889 0.265749775204745 0.306446462532625 0.349061067372644 0.385579851150913 0.401061094923758 0.454237117615081 0.538510980539861 0.573714380082137 0.598213278677019 0.608920263982124 0.570112028003032 0.482188967768824 0.494531957231917
0.297270712850854 0.307449980715293 0.310239579405417 0.308929661001817 0.324324876797468 0.337595262215407 0.34364114901927 0.355187631487868 0.370443135046986 0.375258751750285 0.379441174863232 0.384717717264255 0.392022111524297 0.400976640948055 0.403338339327049 0.406749898599664 0.419009006567799 0.427576419657411 0.432531461069888 0.430515281409843 0.428913488230999 0.438895091040406 0.452448346666546 0.470202660466652 0.478921568685717 0.485197069931383 0.492813641681558 0.491242199706898 0.476643696015228 0.467592942638729 0.460997162593467 0.462439047035824 0.459015461456824 0.44722428796932 0.428336394267537 0.40618204546816 0.380390743775819 0.363150364212914 0.363934761051929 0.34458294108466 0.313893899099142 0.30067710775286 0.286508350588849 0.267819981292869 0.292638938122843 0.347211723914622 0.369382603822025 0.392152988152701 0.427416868581057 0.470745081369375 0.520726292968537 0.568098780078059 0.608452434537561 0.619470110176613 -9999 -9999 -9999
0.284129994693118 0.294781865975232 0.297936225493052 0.296931240808435 0.315165335412857 0.331291857196359 0.339974493992431 0.351837308125316 0.365844498164515 0.369689826934304 0.373052793816045 0.377920956740972 0.38633648264059 0.397638623929281 0.400159340194199 0.402778171530684 0.411543562244731 0.421082675699898 0.431378886967305 0.43366333939089 0.434946032503818 0.440572726848212 0.452486317187418 0.471794695643808 0.483523283674312 0.492521412041436 0.496202572106675 0.491732826127742 0.475706463096753 0.466807600404621 0.460480066499093 0.453324869007384 0.449185077734782 0.450231152680134 0.428937029952458 0.397414662100605 0.368981042962847 0.34769862844361 0.341490478699805 0.335205894944847 0.328878276822383 0.31389948953692 0.30064448655625 0.292915323106579 0.327203755099975 0.390227217708216 0.391061373064892 0.399995922851842 0.456186367620045 0.490487850173266 0.506731143519176 0.559569691219718 0.607307419460456 -9999 -9999 -9999 -9999
0.274853034833116 0.284463541325461 0.293161821856042 0.301354032921892 0.321809041473676 0.334210353864667 0.324546530946887 0.332108867163565 0.351286706760719 0.360627680208722 0.368156397158656 0.372721525328889 0.380003849313037 0.389497252148582 0.394222900028195 0.398808835521301 0.405895169779196 0.418991194430173 0.437967779657981 0.437204928197212 0.434132037545317 0.442721290261188 0.453800614405918 0.467808816430648 0.479430564443241 0.490209093716124 0.499469296773226 0.502091484975723 0.495302081970469 0.487901729230033 0.480264811347031 0.472389548095499 0.466484445261784 0.463967605107226 0.44135379788105 0.409543048107138 0.381649010370887 0.356626391718583 0.337656533945271 0.336089011499416 0.344319463575858 0.332382829560996 0.322658755443012 0.321075354265398 0.350055306471918 0.399936952026773 0.396271360486018 0.404837493098326 0.471700030172533 0.513692688811862 0.535167930228345 0.573705789446871 -9999 -9999 -9999 -9999 -9999
0.26665701192626 0.276774139625505 0.288242207891419 0.300459728374344 0.315413207606495 0.323448635406851 0.313342504133298 0.318894784815855 0.335005445668327 0.348042967802206 0.359623685240624 0.367351966842572 0.374766717186124 0.381926335996223 0.389382696649724 0.396420871948805 0.401452425913304 0.414486729108831 0.435351826996948 0.434980977570602 0.432041953967339 0.441145561438497 0.451764875488912 0.464166997623106 0.475428065933662 0.486587063235932 0.499869716582287 0.507781536631631 0.508078416289365 0.500483250010376 0.490538561595914 0.491035731851326 0.48942745190602 0.484198239231881 0.464083707936718 0.437096922165435 0.396902211133023 0.361178149776218 0.334877921259235 0.337593766365346 0.356646427464629 0.347675094513838 0.341533652690229 0.346062103358179 0.365581364543705 0.395352554584787 0.416211850921136 0.446424020028898 0.51084596919292 0.543832341607604 0.550884657066768 -9999 -9999 -9999 -9999 -9999 -9999
0.259431356252153 0.271444746694328 0.283192237254871 0.294792216325486 0.297311656546995 0.300406059627324 0.305930344459401 0.311528703244735 0.31717700968513 0.332296015172486 0.347826619035689 0.361829683687385 0.370513026753424 0.374867523207404 0.385526595308713 0.395452521232601 0.398092004093944 0.407816105391274 0.42447259840125 0.427581248163777 0.428806313676898 0.436226500573954 0.446721777738479 0.460834045066021 0.471506559411263 0.481789291880449 0.497697027659442 0.509280535859753 0.514733014957046 0.505422922773469 0.492274202861739 0.509306228425464 0.517436806274688 0.510258761126117 0.49607182232861 0.478498401406466 0.414476200104427 0.361801526940883 0.333046690061047 0.339656571769015 0.366177724303077 0.360102701470342 0.357590306596267 0.368200167402131 0.374531258629696 0.377936181105104 0.449376051957588 0.520996838927051 0.571206824266435 0.580197442061245 0.555182466954249 -9999 -9999 -9999 -9999 -9999 -9999
0.251557211343474 0.262607154461529 0.27093378521716 0.277749622279874 0.280253040372144 0.284930458525137 0.295668488579178 0.302543199931571 0.306812896951484 0.31833382383832 0.330781577695886 0.344069740328469 0.357308849975747 0.370508043464665 0.378709690284732 0.385689828008629 0.390629296529101 0.398754187753503 0.409996056716866 0.415684257396177 0.420269864349141 0.425389861938706 0.433331144433541 0.444590885530187 0.465058262784701 0.486096156364452 0.487601718530364 0.490903442421694 0.49675182224449 0.491473312468284 0.483702968014652 0.506364562461916 0.520026633422559 0.518211411628672 0.498434117222398 0.470402972661078 0.436818824134684 0.407701747505435 0.388000961996438 0.387902132110939 0.398839721083729 0.390564828538877 0.384521119484033 0.386556589751715 0.390391591984394 0.395457259740918 0.463948618062261 0.532464067683721 0.580535057576133 -9999 -9999 -9999 -9999 -9999 -9999 -9999 -9999
0.244473241568406 0.250706031068934 0.255568475936548 0.259670703923756 0.26422364256914 0.271289442284468 0.284794389406632 0.293248950747728 0.298298065021094 0.30580403561844 0.314265255753483 0.325118242088986 0.342484081658718 0.365149661488134 0.37000097462116 0.37304657947299 0.379868498015629 0.38666625177447 0.393440359976607 0.401171597445717 0.408485866279725 0.412024868163089 0.418076924713773 0.42708489254517 0.456295680515831 0.486809285619273 0.474949174283575 0.470930337591517 0.478029112581582 0.4777836831958 0.476199622791771 0.500560838787663 0.517275964713899 0.520841419481268 0.493451769305522 0.452018860161827 0.44938565584948 0.444796970821004 0.436086262210399 0.431051375984 0.428086074867372 0.419228254844108 0.410565980683847 0.403098458296484 0.407037990800039 0.418778590167592 0.47886396796419 0.532954155675182 0.551319680845399 -9999 -9999 -9999 -9999 -9999 -9999 -9999 -9999
0.242057529646342 0.226379259713663 0.231040843393604 0.246986230935649 0.25249655194221 0.259940224678265 0.273461081073931 0.283894917319768 0.29224719303281 0.298947984774432 0.305407554320911 0.311576696206594 0.327769634588203 0.352119292603098 0.354367447426755 0.353896949460362 0.356037293615115 0.361293123613374 0.36959749721882 0.377464683332928 0.385020034736771 0.391251943923714 0.401117305718881 0.415256415989261 0.438030123760102 0.460492570196122 0.456629227161269 0.461486066048773 0.47870665965935 0.483223351535763 0.483889066681683 0.500043730178846 0.511049212463687 0.513199183099747 0.478664999777644 0.427432638884505 0.407263934682817 0.394028306714037 0.395407143359012 0.404526513015511 0.418004007246028 0.421666645408599 0.421817860079012 0.413885468296104 0.421210773284063 0.438970525536311 0.513053392850863 0.572288158139851 0.563565119818398 -9999 -9999 -9999 -9999 -9999 -9999 -9999 -9999
0.22611983965799 0.206614548849033 0.214659637148466 0.237988664069405 0.243826169075229 0.250405565091733 0.260721782736652 0.269222764967745 0.27649974404636 0.282400967374269 0.287855738560147 0.292261860157563 0.305113915781868 0.324838728243024 0.328322017589044 0.329457424968265 0.330993580332348 0.335984620702823 0.344356311196217 0.352691543801579 0.361126968960765 0.370217781728618 0.382318609799837 0.397959885401324 0.416905915815015 0.435271414545101 0.439194465173015 0.450584247138421 0.472560601226039 0.48374533039912 0.491193668637819 0.502896840383531 0.510430629036729 0.51079395329539 0.473587987482023 0.419244633956379 0.387016801120192 0.366689801876009 0.371448970093686 0.383889974380256 0.400656055311495 0.419492177450318 0.433734693046682 0.435678226846167 0.444550294159496 0.458160653146514 0.53367131859592 0.596271425043836 0.595598357004115 -9999 -9999 -9999 -9999 -9999 -9999 -9999 -9999
0.195593827531558 0.191771662862731 0.207067284910037 0.232968752982139 0.238453546141411 0.242828559688594 0.246465617931379 0.248813106486623 0.250291045367558 0.255398753163588 0.260924190048508 0.266718451902995 0.273890676032943 0.282184197063794 0.291043601786834 0.299310844573205 0.304641739637834 0.310745839394289 0.317606530044978 0.326768096245658 0.336772977232237 0.348901780335583 0.361535807230515 0.374764089683934 0.392697623261425 0.41123221458126 0.422714694076189 0.438109938580036 0.459052827306219 0.478961810473167 0.498083080000196 0.509385945077051 0.515862474992019 0.514038720748266 0.478986444506968 0.428748009787733 0.390369286566042 0.36462916019426 0.36553035727336 0.369606113719009 0.375469230953179 0.412341080645451 0.446368917868934 0.469344647994817 0.477779443013456 0.476269970373055 0.539647495892338 0.593556269462894 0.594753076333822 -9999 -9999 -9999 -9999 -9999 -9999 -9999 -9999
0.175395454344341 0.181400568756111 0.194838174142708 0.212399052585446 0.220352299903184 0.227749242679612 0.234710987728326 0.237965641170019 0.238720623341001 0.242246962498128 0.24646039929393 0.252088831939212 0.256362637759263 0.259534135564019 0.266633030529767 0.274857664661648 0.285404905438853 0.293805537474002 0.300105684805821 0.309217177450318 0.319480879873412 0.333078774993744 0.344875019897315 0.354552123395457 0.369995648901869 0.387023417133659 0.403430520402473 0.421159418024159 0.440762398241685 0.459384325868634 0.477322866883662 0.489068884833701 0.498626588488766 0.504420850553552 0.486167190598886 0.456885473417556 0.426134972392548 0.403467908269625 0.397840192712109 0.388906815731161 0.378112264040229 0.412003922020827 0.445620318133857 0.473346754899505 0.495981158043752 0.515133216697321 0.559244921479377 0.595088914862383 0.595164482503337 -9999 -9999 -9999 -9999 -9999 -9999 -9999 -9999
0.159222956591406 0.172747499362573 0.182751716949052 0.190802987396806 0.201019451121193 0.211629756888153 0.223031108988214 0.228786894621754 0.230735906158717 0.232864978401305 0.235584448926629 0.240189176720192 0.242360497175823 0.242551667553873 0.246551768298554 0.253062640576065 0.267978938753726 0.278472587245601 0.284638615230216 0.293942272659981 0.304455693595932 0.318228071353527 0.328769805730783 0.335511584883792 0.348970482996997 0.364803917780552 0.38492175879668 0.404358963914889 0.422831141540266 0.438207234680503 0.452341821284794 0.464451676949094 0.477112241103714 0.490719908351043 0.491007927859378 0.485143013607957 0.46651967624381 0.448929532033631 0.433517290428381 0.411246244141898 0.38511350962475 0.409843558275338 0.436951884916213 0.464422368447436 0.501092109086525 0.544053045874297 0.573536721753959 0.593117899611061 0.583893764763687 -9999 -9999 -9999 -9999 -9999 -9999 -9999 -9999
0.153824368378771 0.168569808333313 0.180533385312037 0.190953686867634 0.196536124581829 0.201892959882669 0.207171382230903 0.214059083261167 0.22203191196414 0.22564592240589 0.228121159337242 0.228179965333153 0.228976397038431 0.2303730610118 0.234715645271911 0.240515707329398 0.250716262561305 0.259524136035608 0.266969252212254 0.279953586386782 0.293133367269617 0.300293071877215 0.309037614752918 0.31964627995581 0.337733161969674 0.357906577945374 0.377577925699723 0.397178097623323 0.416677354162196 0.433021075527432 0.447963486421727 0.458239688028469 0.466319164817293 0.470620735680476 0.474823868143172 0.478971220808148 0.480271334816436 0.466776570405276 0.422095184087441 0.392815043292177 0.372206210594493 0.381014186402939 0.39394002345139 0.414274868020559 0.435986138537539 0.458638720458285 0.521991546995613 0.574615424121316 0.578133584760073 -9999 -9999 -9999 -9999 -9999 -9999 -9999 -9999
0.150160635546191 0.167488748900111 0.179439085887496 0.188406030029978 0.19151527803624 0.194111479608566 0.195993553444224 0.203394473070376 0.214516719745433 0.217232037980647 0.218297375558729 0.216497510935493 0.217009166089772 0.219401787079663 0.223478015044206 0.227550310085462 0.230508676980797 0.235792768279518 0.243352611296641 0.256928980358623 0.271034674490608 0.280525300135279 0.291387008438219 0.303861414924398 0.324922661067276 0.34811766140777 0.368255647369637 0.388919297280697 0.410328250465522 0.427662238785827 0.443228103482739 0.453562302471841 0.459894027093909 0.459342335320302 0.464281093772114 0.471712756310021 0.472817351475921 0.457608327015328 0.408011274968651 0.379064912217368 0.361745433086978 0.355574152240171 0.353532403826075 0.361042803722132 0.377582823091338 0.400298026672429 0.474249719686858 0.531607471550789 0.516806117588541 -9999 -9999 -9999 -9999 -9999 -9999 -9999 -9999
0.148749169864146 0.170427875645707 0.179804055550972 0.182355245874676 0.185796598883568 0.188868479310149 0.190893974823317 0.198004893078615 0.208544883629791 0.207266973639222 0.205409092236155 0.205239267133051 0.206881378340282 0.209997926551773 0.213017375040801 0.214041644090963 0.206477877804308 0.205852003507186 0.212014947177612 0.222173537585837 0.234945618916775 0.25837814114543 0.276438808797761 0.288180980578517 0.310069787414244 0.33457477016138 0.356364862604413 0.379261074553037 0.403725578354204 0.422079224245449 0.438029184699896 0.450877207907052 0.459139543336372 0.459515457631954 0.461062089333547 0.463043525820864 0.437833251656509 0.413367631838575 0.390471693966961 0.371391956107456 0.354460839670711 0.334534308475537 0.316505727888981 0.303806220106713 0.327881195453193 0.377105537092695 0.431445568809962 0.47865395496798 0.500320659331326 -9999 -9999 -9999 -9999 -9999 -9999 -9999 -9999
0.140043523956661 0.15637100891518 0.167482259475733 0.175699734743385 0.179572337973427 0.182540418818284 0.183626337612694 0.189805881807036 0.199420029303831 0.198448218753644 0.196940780021798 0.196892474736012 0.19434752355396 0.189770962830779 0.190431299594685 0.190517265816507 0.184700851163757 0.186500801433056 0.195753464299816 0.204882961623947 0.215982969870532 0.239200083466664 0.258379649597372 0.272810161815861 0.294575622345331 0.318423212568897 0.342114983217903 0.366284583032888 0.391131664425698 0.413322697869472 0.434213647691954 0.448868782949788 0.459993325163648 0.465045987880782 0.465600504300488 0.463976240710452 0.431096164810234 0.400638807620779 0.375288380699806 0.35271622265272 0.331708303377627 0.286585843684254 0.244209761707953 0.211832252442486 0.257209983745903 0.355763038259783 0.408284441537496 0.445094256689833 0.44417713687211 -9999 -9999 -9999 -9999 -9999 -9999 -9999 -9999
0.129433079539991 0.137995968432581 0.151989886669993 0.168996740549098 0.173116859271722 0.175645368500767 0.175407939072601 0.180628764900766 0.189530061917344 0.190087379812679 0.189691215656838 0.188699359307555 0.180536352460671 0.166537925463266 0.165061402567921 0.165323560489448 0.16496675584902 0.17121691689658 0.18393208020149 0.192618967176829 0.201937236213508 0.220327101581771 0.238557398297846 0.256600006785253 0.278332947394075 0.301415926520356 0.32728320875973 0.352611331259337 0.37717501571873 0.403823822669668 0.430704865767114 0.447390150918052 0.461805848177215 0.472318330306671 0.472826185043358 0.468637463385293 0.434833857031484 0.400096865380859 0.363392359464839 0.332716158594186 0.305434052719162 0.233536527363715 0.166904125357866 0.119253397823197 0.188471686718223 0.337614462714956 0.393173128333265 0.428994623385652 -9999 -9999 -9999 -9999 -9999 -9999 -9999 -9999 -9999
0.125165729509213 0.135968917853114 0.149389029501685 0.164260914100764 0.165806502402956 0.1659921327693 0.164055537697851 0.170704405633194 0.183142403565536 0.182799190760538 0.179440036206533 0.170057426287618 0.160347440230771 0.1503710565697 0.155229343807494 0.161188127531909 0.162253944132322 0.163716217703774 0.165566429601796 0.171246711146319 0.178799833431839 0.192734600875509 0.209032885115095 0.228111190836126 0.255064731542713 0.284399724227827 0.314948720449925 0.344039363694826 0.371062307129071 0.398212019843668 0.425281792728271 0.449931239136595 0.46925117373027 0.479405465863359 0.481939154045071 0.480884834785557 0.454444555894178 0.423806391281048 0.384319362141961 0.342499343240603 0.299365789470425 0.22902418908794 0.175090327880564 0.167377979122467 0.234662549218642 0.353236079013061 0.399092243257397 -9999 -9999 -9999 -9999 -9999 -9999 -9999 -9999 -9999 -9999
0.119635400115059 0.131462861266439 0.143102958692861 0.154639113605065 0.153506594037357 0.151495857398597 0.148537848194687 0.154514337518414 0.166515309551292 0.168059908891688 0.165535521325126 0.152820454778759 0.14515644011567 0.141602645974501 0.148497998338669 0.155363134408655 0.155289601781458 0.152991311353241 0.148516066346343 0.151662633696264 0.157246227599046 0.167702174717179 0.182798020989919 0.203351420745608 0.233806478007088 0.267266052890926 0.302349306472961 0.335316815333498 0.365284553200016 0.393658568263546 0.421635137394658 0.453194587721898 0.477831407008055 0.49056275291957 0.495744245228969 0.497385733400085 0.477801182802233 0.451027576637372 0.409099918409492 0.358401578563756 0.302765113264286 0.236260335236625 0.195068509386683 0.221587629421608 0.281514008399957 0.364286973394825 -9999 -9999 -9999 -9999 -9999 -9999 -9999 -9999 -9999 -9999 -9999
0.112122955058859 0.123066260799412 0.131033325708219 0.137349281497394 0.133376099950999 0.129398931534931 0.126483169192187 0.128490886531342 0.133818478860761 0.141626906444628 0.145897473824991 0.13778842524792 0.137809146847687 0.144445351517415 0.146632902119059 0.146886551114139 0.141652921226172 0.137206344885867 0.133529910726192 0.13488491783345 0.138178227492602 0.146687521140578 0.161725921284131 0.18444400296992 0.215702652723953 0.249948026021855 0.289334119024646 0.326357945964534 0.360032476014469 0.390766089650388 0.420776386169361 0.457591449353055 0.488192760739107 0.508107722362411 0.516913137544732 0.520562103645281 0.507036656873526 0.48375994880294 0.439928229016942 0.383907031908457 0.321022837047171 0.261934514229166 0.233552983954543 0.28534716701031 0.329402205841191 0.368164591822954 -9999 -9999 -9999 -9999 -9999 -9999 -9999 -9999 -9999 -9999 -9999
0.0972379864617067 0.107148239414192 0.113001700208435 0.11660460168722 0.118158099462262 0.118075502863387 0.113983349419131 0.112888232609091 0.113814000947298 0.125847094417218 0.135848592708132 0.135796667920636 0.138313501567694 0.14292062529245 0.140218310671771 0.136140874436991 0.130862893695614 0.126369045158181 0.122642480228375 0.121353936725095 0.121375774560492 0.126177236580717 0.139957924578907 0.16430017962356 0.196869481366013 0.232463648729683 0.274408436491143 0.314223319132569 0.351018353710964 0.385170994186312 0.418694829279277 0.458736407577203 0.494157499539054 0.521632324145966 0.536480659902382 0.545472682236243 0.53607188167796 0.517691861967723 0.480384244154277 0.422414314011716 0.35281095617322 0.312237410116758 0.291042336591267 0.31736475791548 0.32805518207004 -9999 -9999 -9999 -9999 -9999 -9999 -9999 -9999 -9999 -9999 -9999 -9999
0.0793962838841642 0.0883384532144676 0.0928175782529956 0.0948207702108141 0.104940895856064 0.110918320433234 0.105357332926218 0.101697536927442 0.0993197037979581 0.114775579486514 0.130002115619161 0.139051848723215 0.141799241245803 0.139418195139634 0.131926614665373 0.124605068807079 0.121350337194656 0.117674290222046 0.113585980664266 0.109411701771375 0.105874959725063 0.106318570717628 0.118283334885129 0.143799537896948 0.177830009368574 0.214982770210549 0.258630448361302 0.3006052543844 0.340208208437717 0.378179009416812 0.415804173353965 0.458273777508701 0.498021825088798 0.533089366204712 0.555037127308854 0.570888563000365 0.56463232300037 0.551526419870501 0.5239818814127 0.466049937039382 0.391009080364556 0.372793741145236 0.368991380905686 0.396456416679154 -9999 -9999 -9999 -9999 -9999 -9999 -9999 -9999 -9999 -9999 -9999 -9999 -9999
0.0652350149775939 0.0780965489953188 0.0848182559436946 0.0881338123013511 0.0904545868411969 0.0924211158463659 0.0935768955657602 0.0942882908036139 0.0947000400549608 0.11521113415536 0.133137773259012 0.136459863806589 0.134899416114446 0.129365873444129 0.123877905446584 0.118829907880908 0.115659973750862 0.112620162067488 0.109707676898459 0.106914087786198 0.104415696178817 0.103553862547468 0.111335374702619 0.129283384087476 0.162482244039131 0.200295340957279 0.240482297878443 0.280473465346257 0.320187036222609 0.360453197392219 0.401221511726073 0.447721771504968 0.491065739950489 0.52898154933205 0.560155291867086 0.588096587568877 0.578065054432876 0.562433377379156 0.534996968577502 0.499874598467024 0.460424829092815 0.435575263111436 0.416334566920812 0.410130554205819 -9999 -9999 -9999 -9999 -9999 -9999 -9999 -9999 -9999 -9999 -9999 -9999 -9999
0.0564477079211828 0.0695635298863732 0.0779355239296862 0.0836758164452742 0.0819008326525585 0.0817010896614722 0.0863500695338754 0.0897452643776827 0.0922950389438545 0.115154071940252 0.134068144393175 0.133843293899568 0.129378716551326 0.121464122705938 0.11740650556316 0.114024341150074 0.111058175825006 0.108988898887219 0.107797238955814 0.106154412130027 0.104623717838373 0.104360361298905 0.110237589538611 0.123337511361136 0.154594068557401 0.191097724044934 0.228096557468811 0.266234530385572 0.305987611956119 0.346753831709592 0.388208286008799 0.435722764972186 0.48003497908586 0.518839969330381 0.554499280873847 0.588548011683907 0.577527750308647 0.561966010794658 0.53683113674083 0.515780088934676 0.497028343192026 0.472888958185104 0.455236307952163 -9999 -9999 -9999 -9999 -9999 -9999 -9999 -9999 -9999 -9999 -9999 -9999 -9999 -9999
