layers/veg/veg_1000.asc
NCOLS 255 
NROWS 330 
XLLCORNER -2985163.8955 
YLLCORNER -3022031.214 
CELLSIZE 25000 
NODATA_value -9999 
[rows 225 to 249 of 330, columns 57 to 113 of 255]
-9999 -9999 -9999 -9999 -9999 -9999 -9999 -9999 -9999 -9999 -9999 -9999 -9999 -9999 -9999 -9999 -9999 -9999 0.302691835134072 0.302519627418408 0.298817744376784 0.287902599280474 0.255783749011592 0.212075228152142 0.150157172240022 0.10133885813018 0.0874641996149777 0.0960543416054987 0.119579454310583 0.130907150107347 0.137309706312673 0.131312444718169 0.1309589339009 0.135135201515987 0.156254313908605 0.175954835767476 0.179164878768233 0.181231854989078 0.182195438476711 0.182369741486088 0.182232509655626 0.181232040562323 0.179770564546881 0.177774211154439 0.18050530577836 0.183675773743156 0.178773186014898 0.173126637372549 0.166439944658694 0.165283627108707 0.166131950107049 0.167175068472531 0.166284661755145 0.162117185265722 0.164160878045673 0.168978891133292 0.169908659511177
-9999 -9999 -9999 -9999 -9999 -9999 -9999 -9999 -9999 -9999 -9999 -9999 -9999 -9999 -9999 -9999 -9999 -9999 0.41347401936832 0.359839976055215 0.319604674701607 0.306751109069171 0.266425138000599 0.211083105977395 0.151258545183729 0.105569853453782 0.0961764410304477 0.103729446813927 0.122548711541974 0.133215514858605 0.138688564078323 0.129741401692279 0.12726173382842 0.129972996314663 0.154258604528217 0.177177243969836 0.180961094469639 0.18294289349958 0.183185187426529 0.182958527771442 0.18266004259043 0.182517208454406 0.181517004797981 0.179522049136395 0.182495645436109 0.185811628490963 0.179555801451828 0.173332219311168 0.167153719296935 0.164791071638522 0.16395285324663 0.165770734894551 0.165256167397992 0.160788406506678 0.160627433921391 0.162423442662778 0.166158094167766
-9999 -9999 -9999 -9999 -9999 -9999 -9999 -9999 -9999 -9999 -9999 -9999 -9999 -9999 -9999 -9999 -9999 -9999 0.413793464795322 0.390494709960395 0.364937355764055 0.334764316677209 0.284797762517354 0.224012329408814 0.15841967639567 0.107541881791492 0.0944591177359573 0.101582423058018 0.122139057304319 0.136072578067376 0.142874990267888 0.128574011278768 0.128634693923384 0.140222310993183 0.162254178316107 0.181781866551586 0.184232582524548 0.185132774360749 0.18453625830968 0.18372256210386 0.182899116156137 0.182286534251836 0.182802171618977 0.184626810945977 0.184734705614672 0.18384376016271 0.178243305205981 0.173435427811449 0.169735666229072 0.165635840085604 0.161699549413846 0.163257003458263 0.16334301532054 0.160935126928244 0.159823740080104 0.159323714411089 0.162503879528524
-9999 -9999 -9999 -9999 -9999 -9999 -9999 -9999 -9999 -9999 -9999 -9999 -9999 -9999 -9999 -9999 -9999 0.397030824125329 0.398159569724099 0.397439905045619 0.384262045812104 0.34562455821198 0.288742406743778 0.221887958332862 0.166954847108038 0.123937690590863 0.110054110491849 0.117542165874855 0.139238437794882 0.14498082667371 0.145809089357943 0.135345000914133 0.138593141378105 0.152846969587277 0.169466429893823 0.183772373227729 0.186804222455075 0.187752136441161 0.186688445294373 0.185243141964393 0.183842706892038 0.183178710328465 0.183217827690192 0.184072723978516 0.183646598701896 0.182715229536365 0.180455474705358 0.177104936711864 0.172229356719161 0.166164226537569 0.160044451605811 0.160604302579342 0.159565929448226 0.155818777440288 0.15636773516625 0.158854442433244 0.161272664480734
-9999 -9999 -9999 -9999 -9999 -9999 -9999 -9999 -9999 -9999 -9999 -9999 -9999 -9999 -9999 -9999 -9999 0.390771765294209 0.380212593316808 0.397333706420315 0.394879979227331 0.352423011028374 0.290051027878427 0.21679375552031 0.175642186901277 0.143147833334422 0.129636727222979 0.138073150701958 0.161100654640628 0.155694743394169 0.148814180980898 0.14529262383287 0.151725107256551 0.166146887174042 0.176495650592509 0.185165965772715 0.189235950931089 0.190564314841507 0.189246214857274 0.187129399760727 0.185077208717108 0.184393542230542 0.18327283516233 0.181645057356723 0.181442705775894 0.181795657464635 0.183563965267215 0.181733271887191 0.174870755366288 0.16676495582837 0.158631336290547 0.158001968292627 0.155454901625903 0.149657588869746 0.152297700706782 0.15871041190723 0.160382303031682
-9999 -9999 -9999 -9999 -9999 -9999 -9999 -9999 -9999 -9999 -9999 -9999 -9999 -9999 -9999 -9999 -9999 0.400492529117043 0.403699200017899 0.409094570410862 0.405147469122284 0.382108046230699 0.321346889197215 0.23996752090058 0.18011363943828 0.134842870512193 0.124580866851885 0.138346077315133 0.168084976892441 0.163462472148961 0.158546116231786 0.162487736647299 0.169090414239799 0.17782890538668 0.184603846029997 0.190351533625203 0.192956521352413 0.194056847040815 0.193704735138748 0.190572131788784 0.187078586225645 0.184891085598936 0.182359250710356 0.179427906404551 0.179167261074058 0.179896568246931 0.182818192097219 0.183175994817413 0.179949276767282 0.169813556241383 0.157800178429395 0.15673057990595 0.155308718027977 0.153289816266139 0.151959580758183 0.15096223755086 0.153055130804365
-9999 -9999 -9999 -9999 -9999 -9999 -9999 -9999 -9999 -9999 -9999 -9999 -9999 -9999 -9999 -9999 -9999 0.421645229488398 0.420184752413052 0.417726407843169 0.41184278212452 0.398959234811012 0.34271548694971 0.262771615124224 0.195778348624893 0.143402558046723 0.126921171791698 0.143393490161685 0.181773976084083 0.177198130255424 0.171981088273492 0.176954723269655 0.182122004283185 0.187444709160668 0.191959791930063 0.195877298389212 0.197759760286782 0.198670880690437 0.198644373332803 0.194657883665209 0.189984971316721 0.186154810013367 0.182245867900648 0.178245521362858 0.177777420966647 0.178513066867784 0.181187216310233 0.182424050155646 0.181651349267683 0.171717115404147 0.159019465522416 0.155949817138401 0.154160185289142 0.154540012492123 0.151472230897165 0.146889056562241 0.147881003478722
-9999 -9999 -9999 -9999 -9999 -9999 -9999 -9999 -9999 -9999 -9999 -9999 -9999 -9999 -9999 -9999 -9999 0.423850968395762 0.425524328664517 0.42137670194685 0.412851037622647 0.39537839386695 0.348279458992025 0.284987177147897 0.229263198341045 0.178811486043315 0.141036486395444 0.156042088105522 0.20613710605044 0.200434985649348 0.191311452341321 0.18707841699282 0.188254132686312 0.193771011691767 0.198118124580495 0.201944671101721 0.204286653529571 0.205070392335809 0.204349971701081 0.199767350481791 0.194332166960613 0.188638327231523 0.183406440130434 0.178710527649458 0.177797501029951 0.177950403250697 0.178146960317705 0.178178101368973 0.177977971549897 0.171797720208741 0.163503148168513 0.155950151218169 0.151415870097552 0.151997913809553 0.150747300670237 0.148666621277797 0.146134615185185
-9999 -9999 -9999 -9999 -9999 -9999 -9999 -9999 -9999 -9999 -9999 -9999 -9999 -9999 -9999 -9999 -9999 0.431901420084471 0.431342331649878 0.424611974739929 0.411886033914908 0.386907487975702 0.334202944675001 0.266343730358106 0.242875098686064 0.216106950912208 0.176831097424552 0.180342188691418 0.212298748090155 0.213483549717689 0.210928799248719 0.205097435873984 0.203098130683499 0.204174506046547 0.207339745616299 0.210248991182776 0.210781208971055 0.210745791725571 0.210162441163873 0.205496732211876 0.199670066464467 0.192036677691349 0.185405346911818 0.179936641085346 0.178674894731996 0.178415414478325 0.17653694782217 0.17487103727486 0.173502304942547 0.170326750359262 0.166159752793638 0.155922188160684 0.148788048327813 0.146913803849933 0.146353140805703 0.146376259970785 0.145166225648887
-9999 -9999 -9999 -9999 -9999 -9999 -9999 -9999 -9999 -9999 -9999 -9999 -9999 -9999 -9999 -9999 -9999 0.438949050900024 0.437148922654829 0.427543718711783 0.410055480743432 0.376457435226405 0.312203182378793 0.231192643701604 0.247953013643742 0.253372579477873 0.22090470799239 0.20908621257597 0.210995763700042 0.222152708380982 0.230183585192213 0.225495980173608 0.220789672877188 0.216068354787763 0.217684748631271 0.219318019721762 0.217104833085923 0.215942625782123 0.215794919973866 0.211277009299528 0.205255011940155 0.195756869995228 0.187736901182863 0.181431963815638 0.179806715813682 0.179160379481641 0.175475137181169 0.171985657466282 0.168769876663477 0.16818535842511 0.167894109069362 0.155905037545867 0.146342259718923 0.140891729414132 0.140471560763158 0.142322859808449 0.144447055815595
-9999 -9999 -9999 -9999 -9999 -9999 -9999 -9999 -9999 -9999 -9999 -9999 -9999 -9999 -9999 -9999 0.440138122055875 0.437414987658824 0.433432199642566 0.424705974812293 0.406650071190172 0.369527989578056 0.305498970962911 0.226762969114021 0.245365759020007 0.253764583568081 0.227201588554226 0.217275991971723 0.218411212879028 0.226700747674106 0.227802160833775 0.203684787255901 0.20184062466332 0.217873351877322 0.2206129025375 0.220480460353775 0.216385850436171 0.213356985570597 0.211356875425685 0.20765786283469 0.20323644961531 0.196651034370192 0.189167203073134 0.180640996058407 0.176178222938387 0.173078513399969 0.172011212901589 0.170290643527693 0.16765672812298 0.16526046490558 0.162761755806831 0.156904960856606 0.149850756317695 0.140767100595248 0.137125117754785 0.135976988297178 0.140228558427719
-9999 -9999 -9999 -9999 -9999 -9999 -9999 -9999 -9999 -9999 -9999 -9999 -9999 -9999 -9999 0.440243142265666 0.440200247084053 0.434972232210967 0.427469964039741 0.422610815139049 0.406991969845369 0.369384555478306 0.30503964925896 0.226080376330403 0.246065701298106 0.257323050757707 0.237215234947027 0.230567620650764 0.232868570815546 0.235841373877544 0.23142113967575 0.202971246138392 0.202009475686942 0.223110179645717 0.225497159968854 0.22412658887874 0.218389225614631 0.213735847132239 0.21012883002792 0.206631054256669 0.202951691557903 0.198065588477119 0.190993577899163 0.181385396143939 0.174377830574036 0.168854849606251 0.170206503102263 0.169710710174263 0.166631971813291 0.162788580001218 0.158771814228866 0.156580951058112 0.151356913564941 0.140992046002704 0.13502015385545 0.131097561123909 0.136554169754095
-9999 -9999 -9999 -9999 -9999 -9999 -9999 -9999 -9999 -9999 -9999 -9999 -9999 -9999 -9999 0.440275197631565 0.44031790304531 0.430764584862553 0.417146420004147 0.421957926981707 0.414612013792832 0.382421136274105 0.316709357815988 0.232675489108796 0.253150145550667 0.267031526758497 0.254447706221651 0.25376822886322 0.261002955626052 0.25390187347842 0.246694299032206 0.243234258478877 0.239309739605633 0.235012421868852 0.234180626024264 0.232596617744955 0.225680053735057 0.219872461572492 0.215135350591942 0.210639169612662 0.206034385192431 0.200490860642755 0.193589218612176 0.185111838168665 0.176128035168186 0.168240247432721 0.171624374256127 0.171296523020478 0.165778893802463 0.161196543333626 0.15700070221103 0.15368555481628 0.148974061444894 0.141895945973861 0.135326431527461 0.12906631039124 0.133936566926956
-9999 -9999 -9999 -9999 -9999 -9999 -9999 -9999 -9999 -9999 -9999 -9999 -9999 -9999 -9999 0.453840936015563 0.452009977124141 0.44096740931545 0.425982481665521 0.424897550136723 0.4140954399381 0.383435255071206 0.325782189854059 0.253375165882819 0.262388270857653 0.269394940147528 0.263727953755535 0.272645968521248 0.29126033314356 0.273874409572841 0.258921527176569 0.262086825773462 0.258592847125901 0.249754009779286 0.243152036475052 0.23690091649785 0.230754916555722 0.225799320866035 0.22199281237301 0.216562036858201 0.210762827024019 0.204796495636865 0.198008113613033 0.190265957866528 0.179796988326538 0.169705396091034 0.170013533763574 0.168360085091174 0.163964110072572 0.160331025204072 0.157014049861835 0.154430448877844 0.151703739129405 0.148734478916924 0.142432351205767 0.1346984000927 0.136968004540402
-9999 -9999 -9999 -9999 -9999 -9999 -9999 -9999 -9999 -9999 -9999 -9999 -9999 -9999 -9999 0.457585996375924 0.465755840392506 0.458663331397755 0.444781075991181 0.429705192491208 0.409348021152984 0.378197983716467 0.333504708761766 0.281408875608481 0.272746258347217 0.267939098205931 0.268873236821785 0.289275920836568 0.322621615643459 0.294841158508777 0.269564944585284 0.26980647825235 0.268507468051203 0.265971988937133 0.252273171063686 0.239039136105853 0.234677530889076 0.231617112544428 0.229812718925968 0.223480528885654 0.216347018208163 0.210079873930899 0.203375056850647 0.196162435506284 0.184463644441189 0.17225196500003 0.166827836294036 0.163072185875047 0.161649262573565 0.159843279184283 0.157955273483477 0.157068206061367 0.157091808953119 0.158658877809855 0.153073920660198 0.144315241912763 0.142936806878431
-9999 -9999 -9999 -9999 -9999 -9999 -9999 -9999 -9999 -9999 -9999 -9999 -9999 -9999 -9999 0.484166807009078 0.48559395544738 0.482994173796617 0.478423332027593 0.456661531229674 0.430022918593357 0.393418029024131 0.345792537984578 0.29214332893388 0.260191266560625 0.241335657012853 0.253699574564669 0.283613535835649 0.325195056269607 0.327649751961442 0.320078342412301 0.291344328563996 0.278582368431733 0.278639873102057 0.268627801459379 0.257398222396803 0.247230296467066 0.240930650975401 0.238365024003388 0.232417497577655 0.225775125299965 0.219211352604435 0.211821961382513 0.203474656839575 0.192500462712694 0.180996082224557 0.171373402802447 0.163557774002833 0.158268612597272 0.155530901761292 0.153867543226047 0.154962859121273 0.156585747577256 0.159102801879201 0.153605396306818 0.144567593323287 0.146032197896917
-9999 -9999 -9999 -9999 -9999 -9999 -9999 -9999 -9999 -9999 -9999 -9999 -9999 -9999 -9999 -9999 0.498591865092687 0.505018075662608 0.513916521425671 0.48699300319684 0.456335824395966 0.418048518276772 0.364006611907517 0.301353445114753 0.259474765423789 0.234496039166625 0.250476322237771 0.285734051500191 0.333807745642642 0.359245438656182 0.365772851905315 0.317785868937765 0.295057893303465 0.29260326267624 0.283834306595757 0.273585965925309 0.260967123878471 0.252428192479181 0.247827564457935 0.241834770073269 0.235415752554001 0.228201694852726 0.219918402557325 0.210394544518468 0.199835327018209 0.188881713680799 0.176981531900844 0.166405818442682 0.157681866074004 0.153571120139724 0.151387901172881 0.153925171763515 0.156435655408635 0.158900738717237 0.160952359992141 0.16275235319497 0.155488712102974
-9999 -9999 -9999 -9999 -9999 -9999 -9999 -9999 -9999 -9999 -9999 -9999 -9999 -9999 -9999 -9999 -9999 0.521108108412491 0.552976117352854 0.524119056428122 0.494684443720297 0.464069543315482 0.396184088455949 0.307927031306039 0.288549442959271 0.276615237067088 0.277159410347071 0.307868159295006 0.358630816760993 0.387226521094821 0.397531660454419 0.355186748763358 0.32689711625839 0.3098885099771 0.295854761616966 0.283597731072331 0.277036684496057 0.268964272259776 0.259432951483957 0.252286091388798 0.245339134872142 0.236625122427495 0.226990660177482 0.216288257829586 0.205284599107824 0.19433831982761 0.184683816657021 0.174586100555917 0.163868721118528 0.157488405572863 0.15306848187785 0.155732759835076 0.157489658881928 0.157708670458215 0.159836475895716 0.16275235319497 0.155488712102974
-9999 -9999 -9999 -9999 -9999 -9999 -9999 -9999 -9999 -9999 -9999 -9999 -9999 -9999 -9999 -9999 -9999 0.57155064481188 0.570730492904496 0.54607970939693 0.517610137433129 0.481336470383404 0.418186674537566 0.340346734824817 0.327271285137202 0.318907678073373 0.316472748665008 0.34399131147628 0.391423451040001 0.420453954398143 0.436912364041065 0.418084747475166 0.37782490793933 0.320363171084032 0.30508049954805 0.296453492119268 0.28997768910749 0.283187385540023 0.276093497235571 0.266173143000968 0.255933494810282 0.247302519572214 0.237671658149243 0.226880691586425 0.215259053374544 0.203572846340196 0.193420206265907 0.183092756635259 0.1725209028696 0.16501433567485 0.159017708755687 0.160248634375045 0.160669412614578 0.15971709799235 0.160807087176042 0.162804144484639 -9999
-9999 -9999 -9999 -9999 -9999 -9999 -9999 -9999 -9999 -9999 -9999 -9999 -9999 -9999 -9999 -9999 -9999 0.573263862810455 0.574976895508353 0.558425168864947 0.530757360974632 0.480372674150606 0.433738158835218 0.389153438689568 0.372109639452348 0.361309958975493 0.36379394022899 0.388983821955982 0.429268961641442 0.457007688218688 0.481125514800901 0.497148473933066 0.440855267226609 0.326519772464543 0.312534326079734 0.311112408402456 0.300935121188254 0.295944027769274 0.295959123531221 0.282238522322725 0.266953269148262 0.259408982431313 0.250640675967117 0.240452216267988 0.228102571530523 0.215202656506283 0.20281224083548 0.191806340905312 0.182736155355098 0.174828224958003 0.167673350118351 0.166481621421024 0.165196938230878 0.163754709446267 0.163100581890944 -9999 -9999
-9999 -9999 -9999 -9999 -9999 -9999 -9999 -9999 -9999 -9999 -9999 -9999 -9999 -9999 -9999 -9999 -9999 0.61055107512901 0.612210486642388 0.570835573732158 0.534270620789299 0.507535325963153 0.451583598879294 0.379662548370932 0.393162726310327 0.403210217550249 0.396540809450949 0.423597706143564 0.473076407750466 0.473022618152357 0.472030821379198 0.482149261661657 0.437682127091323 0.349403603704319 0.330344058243244 0.320147159461286 0.304744956863811 0.297575310755761 0.298352482074143 0.287682733883731 0.275190361997714 0.266087758361344 0.256537987471727 0.246469396503691 0.234471910205588 0.222183731236129 0.212175115730008 0.202155194945593 0.19211946806442 0.183966011748973 0.176700341533623 0.173169360526084 0.170040259152947 0.167592290708246 0.166703644305682 -9999 -9999
-9999 -9999 -9999 -9999 -9999 -9999 -9999 -9999 -9999 -9999 -9999 -9999 -9999 -9999 -9999 -9999 -9999 0.649517154355709 0.63986818105068 0.580916076288619 0.537113922377382 0.524272283389113 0.460453731444062 0.368771859193208 0.4108440674515 0.44045281147371 0.425974266017079 0.451255437621502 0.502969526347752 0.479235050207396 0.457341589406913 0.46291446213026 0.430887400065605 0.36868193707871 0.345672560385935 0.328028597767209 0.308907988572715 0.300023390758773 0.301019528500138 0.293623732679773 0.284235760545429 0.273461273637933 0.263084795641446 0.2531701023864 0.241573267251689 0.229827354538754 0.2210201512337 0.211489602259798 0.200947731730085 0.192584864864293 0.185112493531575 0.179513620008504 0.1748895082149 0.171917488875064 0.178433152485829 -9999 -9999
-9999 -9999 -9999 -9999 -9999 -9999 -9999 -9999 -9999 -9999 -9999 -9999 -9999 -9999 -9999 -9999 0.655835735076344 0.645802094357985 0.630970247475584 0.583918468648252 0.540124022999154 0.502986279636868 0.441591138813034 0.366937218748697 0.423729904399889 0.463689833293774 0.448687731328299 0.46019272593682 0.489320076504384 0.460415986086146 0.43785337052972 0.452298068055664 0.42821679012738 0.373213853963956 0.35111647305005 0.333696734507394 0.315772372511829 0.307485730650856 0.308502298845598 0.303493831758449 0.296366429418262 0.284179188681032 0.273213903116605 0.263666375391053 0.252370778951816 0.240540083357508 0.228301965572138 0.21737556894565 0.208283111389133 0.199784768971461 0.191575990824626 0.184712847903009 0.179684685321826 0.177766572183081 0.182079286598062 0.189152319106809 -9999
-9999 -9999 -9999 -9999 -9999 -9999 -9999 -9999 -9999 -9999 -9999 -9999 -9999 -9999 -9999 0.676417911085883 0.672103677121826 0.663595680686121 0.652754134131034 0.597621917157916 0.54538250854274 0.499054857478279 0.444616561263029 0.385745091467519 0.433196510727614 0.47064251906888 0.47279412902116 0.483080486939312 0.498774959770824 0.470786445452129 0.45026793042685 0.466301002863888 0.452085406773563 0.413591671603219 0.380136844500598 0.349440042845211 0.327324940431045 0.316332725199535 0.316077339263872 0.311575140595028 0.305440469840343 0.294919422620776 0.284121415450639 0.273002069045058 0.262687255710529 0.252175954667623 0.237821074500084 0.226161441921596 0.218270079621684 0.209047438333756 0.19952159570214 0.193150532644569 0.188707869754403 0.1875335905811 0.187981275464112 0.189152319106809 -9999
-9999 -9999 -9999 -9999 -9999 -9999 -9999 -9999 -9999 -9999 -9999 -9999 -9999 -9999 -9999 0.68229449655616 0.693673086580293 0.69787714791435 0.698057780705133 0.619528473228783 0.552364538294862 0.50842693522629 0.464420677282478 0.420376893473163 0.440042037774506 0.465112122962467 0.497968306752915 0.516662260418525 0.525940929398502 0.503532714968906 0.487138200313533 0.49917637419417 0.496298195734218 0.481447877860468 0.427230219645911 0.372906674484413 0.342471329083123 0.326241154332233 0.323723111142793 0.318285216671531 0.312171390891345 0.305676765554927 0.295625629520838 0.281448097500301 0.27263498556148 0.26451947922661 0.249055226121624 0.237170295777328 0.230289675846421 0.219891361454941 0.20860333964501 0.204070720933092 0.200972117347067 0.200303980095998 0.195612534687084 -9999 -9999
