layers/veg/veg_5400.asc
NCOLS 255 
NROWS 330 
XLLCORNER -2985163.8955 
YLLCORNER -3022031.214 
CELLSIZE 25000 
NODATA_value -9999 
[rows 250 to 274 of 330, columns 57 to 113 of 255]
-9999 -9999 -9999 -9999 -9999 -9999 -9999 -9999 -9999 -9999 -9999 -9999 -9999 -9999 -9999 -9999 0.630530593225215 0.613597456797823 0.602579614966272 0.594226366804724 0.594728536963521 0.586757243872818 0.562984414217732 0.532365917912416 0.498331082653452 0.486740811698053 0.480891704063106 0.487460672262589 0.498948505254841 0.513436178502445 0.51571554399847 0.508835752512391 0.477789782611071 0.461334643494806 0.455652909550113 0.454985418880028 0.435444254236264 0.343221934496759 0.288721307526826 0.267761553766486 0.241071858911221 0.214930138970915 0.19676236299558 0.181047040352174 0.167952441304797 0.172258561274352 -9999 0.153984372145041 0.151727234577799 0.146568033178489 0.148457127027286 0.152674224939604 0.157487012887136 0.160415212931627 -9999 -9999 -9999
-9999 -9999 -9999 -9999 -9999 -9999 -9999 -9999 -9999 -9999 -9999 -9999 -9999 -9999 -9999 0.637218835499694 0.633349980507399 0.623554903308669 0.617912315804459 0.614077662016651 0.614505220064416 0.607398076758377 0.586240024698955 0.54041050479944 0.482268656396025 0.482573187977648 0.487668658031022 0.501747428467966 0.514719740458179 0.527017262892423 0.527580221150056 0.52685133801277 0.524585759261935 0.524388896547826 0.525719507928709 0.527122406781232 0.509375955265564 0.420123109957159 0.366281790488005 0.343927220714523 0.304500659470696 0.264831350591535 0.239455910663843 0.218028670165725 0.200820527039291 0.189037748477141 -9999 -9999 0.151727234577799 0.146568033178489 0.148457127027286 0.152674224939604 0.157487012887136 -9999 -9999 -9999 -9999
-9999 -9999 -9999 -9999 -9999 -9999 -9999 -9999 -9999 -9999 -9999 -9999 -9999 -9999 -9999 0.637218835499694 0.636164627910475 0.633495609624586 0.630423180492213 0.627430498671857 0.631997596409435 0.631412137196885 0.621218054609197 0.581921807094714 0.528102085862504 0.523408233087571 0.52366151839998 0.533580894005318 0.540606406671127 0.545867055510582 0.545989889706931 0.546902852307993 0.551057904315204 0.554772338729816 0.558161435134502 0.559256218932631 0.549457273980882 0.500021013966993 0.446226649723103 0.388557204307601 0.345742957451866 0.306543303659551 0.272080487439962 0.244571922209605 0.224494760228771 0.221748207474742 -9999 -9999 -9999 -9999 -9999 -9999 -9999 -9999 -9999 -9999 -9999
-9999 -9999 -9999 -9999 -9999 -9999 -9999 -9999 -9999 -9999 -9999 -9999 -9999 -9999 -9999 -9999 0.662139124351991 0.648890105619325 0.641872524946749 0.63783623973839 0.648570523894401 0.656869977040927 0.660628893444493 0.636946451885527 0.599569364510688 0.582969373946846 0.571825059522589 0.572500465878926 0.570421876995215 0.566663724608092 0.566999246835743 0.567752992234518 0.56894913754293 0.571435327955582 0.574874046623979 0.574608264826401 0.574963266265525 0.579287222695647 0.52529917961932 0.419462048168532 0.37697257318108 0.343773486893124 0.299872567569615 0.266396878554588 0.244061726530738 0.242866847216202 -9999 -9999 -9999 -9999 -9999 -9999 -9999 -9999 -9999 -9999 -9999
-9999 -9999 -9999 -9999 -9999 -9999 -9999 -9999 -9999 -9999 -9999 -9999 -9999 -9999 -9999 -9999 0.668551036952778 0.671535549598595 0.657602264092194 0.638368305242933 0.666247161103267 0.684076105930274 0.683163713008359 0.677480128144542 0.669415473661169 0.644825756935026 0.622013757866326 0.603862279742533 0.589745665403879 0.578089770625013 0.583483163812535 0.586800763214449 0.580936962243722 0.581493330399829 0.586790147149463 0.582579384319254 0.579509768575381 0.584939047720619 0.531282581305814 0.425089037288744 0.376418245360238 0.338409448318904 0.301915436077063 0.272973668553421 0.252102328172387 0.247228342011766 -9999 -9999 -9999 -9999 -9999 -9999 -9999 -9999 -9999 -9999 -9999
-9999 -9999 -9999 -9999 -9999 -9999 -9999 -9999 -9999 -9999 -9999 -9999 -9999 -9999 -9999 -9999 0.669685659641991 0.677382066170959 0.672973967640039 0.695343242014164 0.698191950068816 0.701928193186048 0.707319534971979 0.710348101476844 0.71219752186726 0.686137561376136 0.659514655517419 0.632567022808416 0.613330935320668 0.598797844308796 0.605264513489191 0.61051897746983 0.608347270574182 0.608922271815857 0.611525354945901 0.604208640558992 0.597743546480189 0.598880516363639 0.55227517729044 0.463218966745747 0.397820204342607 0.341081279722736 0.306537911693473 0.27681342175651 0.252238447758737 0.2341933178677 0.218692861554962 0.210023985814946 0.205304848859383 0.20566399966033 -9999 -9999 -9999 -9999 -9999 -9999 -9999
-9999 -9999 -9999 -9999 -9999 -9999 -9999 -9999 -9999 -9999 -9999 -9999 -9999 -9999 -9999 0.666645736605326 0.662326996543604 0.651392910776607 0.654921654983338 0.695165762246588 0.692295598141154 0.70185210852867 0.734582207517715 0.728523811797187 0.703107966729445 0.688073152785102 0.672697821761251 0.656179162707339 0.645083858972096 0.637296066276382 0.637199044845158 0.643188671014375 0.665316666694896 0.669644755465137 0.660829959365714 0.65201539666495 0.642210672439409 0.628710107136638 0.602034741201424 0.563644781218858 0.461304088956957 0.359154844845729 0.316104521784532 0.275407307116699 0.237224654748673 0.224918972659441 0.218692861554962 0.210023985814946 0.205304848859383 0.20566399966033 0.205751803148796 -9999 -9999 -9999 -9999 -9999 -9999
-9999 -9999 -9999 -9999 -9999 -9999 -9999 -9999 -9999 -9999 -9999 -9999 -9999 -9999 0.596985796962591 0.605942688266668 0.602619389699625 0.580485581548114 0.566798450271393 0.690820352497585 0.690353156010086 0.702643705486794 0.738725234330108 0.733568387567611 0.707831475171534 0.693587651151239 0.680668551961711 0.670395512270387 0.672081028371338 0.681059641268587 0.672538591641577 0.667485836419539 0.675719728673358 0.671683387029817 0.658587095115205 0.649160091470878 0.640919105351282 0.635468675254505 0.625148875318851 0.610499393855539 0.491745592628167 0.369165459883824 0.321909644234941 0.284234698782901 0.256797996101265 0.236282820620448 0.218692861554962 0.210023985814946 0.208542631229103 0.216302470218024 0.219723253846175 -9999 -9999 -9999 -9999 -9999 -9999
-9999 -9999 -9999 -9999 -9999 -9999 -9999 -9999 -9999 -9999 -9999 -9999 -9999 -9999 0.593158671973825 0.552381813107624 0.516050901868845 0.486530189929536 0.511450481574412 0.690900859181139 0.693027803071241 0.703880520455842 0.731005289168923 0.731875218177767 0.719642634869512 0.700938530291487 0.685964717706911 0.679790767310203 0.696637962307736 0.727524933064001 0.709625293355748 0.687486955604486 0.662229037122323 0.643610618938527 0.629894596506201 0.620309465230033 0.616148195221779 0.630389220492768 0.6345909146944 0.62986596998395 0.50523264796614 0.375038876974134 0.325784701537523 0.298313027245448 0.294118417591803 0.258236377004155 0.218692861554962 0.210023985814946 0.213441759189994 0.232399669664702 0.230097684871737 -9999 -9999 -9999 -9999 -9999 -9999
-9999 -9999 -9999 -9999 -9999 -9999 -9999 -9999 -9999 -9999 -9999 -9999 -9999 -9999 0.62966195335765 0.639699912318153 0.63101909037064 0.593665274652251 0.576559144521324 0.696194213922016 0.696358500922258 0.701222915281176 0.714852250443847 0.719696165388572 0.720155704808124 0.709201816888497 0.696582783644226 0.680532374925505 0.69399356681047 0.725452831669712 0.722501512602477 0.71142328859396 0.683310216847239 0.670034785158662 0.667714994755438 0.663244708379431 0.659031397640323 0.656736184898217 0.650634389611873 0.641147907873146 0.526895061341178 0.407737439706498 0.359063722881179 0.32704256030357 0.312816534246183 0.301581367579154 0.292340926925056 -9999 -9999 -9999 -9999 -9999 -9999 -9999 -9999 -9999 -9999
-9999 -9999 -9999 -9999 -9999 -9999 -9999 -9999 -9999 -9999 -9999 -9999 -9999 -9999 0.780218043082779 0.761040379969295 0.728371246844896 0.67503619335507 0.65972939517353 0.73104109537093 0.718130443763436 0.710045876248202 0.710961116957918 0.715628870571428 0.722169320689505 0.714206573898432 0.703563544159338 0.68726288352782 0.698835379258736 0.727406719239797 0.73421815350333 0.731159469058415 0.703667197976591 0.693992717809293 0.697474327491327 0.695747886379112 0.691335421163332 0.679219850783389 0.667615768807949 0.65646648529101 0.568446253934354 0.472311658019136 0.40510655798968 0.359719720622082 0.337648163116446 0.313765460599157 0.292340926925056 -9999 -9999 -9999 -9999 -9999 -9999 -9999 -9999 -9999 -9999
-9999 -9999 -9999 -9999 -9999 -9999 -9999 -9999 -9999 -9999 -9999 -9999 -9999 -9999 0.782930634841907 0.79900328658838 0.773738162703482 0.685152794353699 -9999 0.731777563470635 0.742597881143303 0.746249245626045 0.736531758126611 0.731301981786357 0.728311803607858 0.711449787195452 0.701661105954635 0.708614211467064 0.722788884120136 0.741367733087852 0.744423885748197 0.740750543329472 0.720546633247642 0.709332568136344 0.704756318494496 0.699891172298756 0.695141929123736 0.690954113653661 0.686481141960694 0.681754618849044 0.65666998986676 0.610988001940252 0.479870099455963 0.400996330968361 0.377951325025083 0.334763387944342 -9999 -9999 -9999 -9999 -9999 -9999 -9999 -9999 -9999 -9999 -9999
-9999 -9999 -9999 -9999 -9999 -9999 -9999 -9999 -9999 -9999 -9999 -9999 -9999 -9999 -9999 0.831555947424537 0.831555947424537 -9999 -9999 0.779469519942888 0.777147563234341 0.770824106757807 0.75703854853675 0.748417855698227 0.742374695728049 0.719598351469467 0.708347469063021 0.724172179507651 0.73472670999848 0.742067145643356 0.746143845106177 0.744778721940075 0.728309656382488 0.712454621911973 0.697052968457688 0.695310985009596 0.694357834221907 0.690257862176424 0.688130133809396 0.687756058852398 0.685926182278956 0.660909879892232 0.520209604494558 0.435954967788275 0.412018876305922 0.410496667695586 -9999 -9999 -9999 -9999 -9999 -9999 -9999 -9999 -9999 -9999 -9999
-9999 -9999 -9999 -9999 -9999 -9999 -9999 -9999 -9999 -9999 -9999 -9999 -9999 -9999 -9999 -9999 -9999 -9999 -9999 0.779788347022399 0.787739850403424 0.78811845050155 0.77437490188671 0.766437031966649 0.761396493641996 0.734574670063321 0.720411212999532 0.736102970563483 0.739141613941029 0.734463574122125 0.742550928921881 0.745324015409556 0.730364965710075 0.707927209534807 0.679967414470194 0.685269099879526 0.690699599038906 0.681778963610336 0.679000084977184 0.681682251987388 0.678263260317875 0.65526328602665 0.538996491564115 0.466957971164728 0.44218236090513 0.426200292665664 -9999 -9999 -9999 -9999 -9999 -9999 -9999 -9999 -9999 -9999 -9999
-9999 -9999 -9999 -9999 -9999 -9999 -9999 -9999 -9999 -9999 -9999 -9999 -9999 -9999 -9999 -9999 -9999 -9999 -9999 0.741388749654222 0.767377359154495 0.782698920981903 0.778128292464737 0.782378334263196 0.791030343194478 0.76851841290814 0.753912195860568 0.758561807143777 0.753420276267827 0.742307476891446 0.749102050614851 0.750506472978893 0.732998381209396 0.718765340722404 0.706950493890309 0.700139655161281 0.693488861193367 0.685204045325551 0.681920545116379 0.683084048264465 0.683873366792719 0.665872071431238 0.553386489109752 0.484074509013499 0.46089840298434 0.45549665178776 -9999 -9999 -9999 -9999 -9999 -9999 -9999 -9999 -9999 -9999 -9999
-9999 -9999 -9999 -9999 -9999 -9999 -9999 -9999 -9999 -9999 -9999 -9999 -9999 -9999 -9999 -9999 -9999 -9999 0.747158160348711 0.744149832379214 0.7690903486455 0.786978488199951 0.791715170646888 0.805666949783618 0.824217535054432 0.806193003909187 0.790835507856445 0.782879254952455 0.768694162311417 0.750710322403566 0.757045241524583 0.75763656257386 0.737096178906718 0.729992140401383 0.73280907161914 0.71456351241295 0.696769268276691 0.690051703971516 0.686585904590807 0.686011466308476 0.68964244596961 0.674802529829879 0.562928770817412 0.495027218617122 0.474114939754627 0.46996265938419 -9999 -9999 -9999 -9999 -9999 -9999 -9999 -9999 -9999 -9999 -9999
-9999 -9999 -9999 -9999 -9999 -9999 -9999 -9999 -9999 -9999 -9999 -9999 -9999 -9999 -9999 -9999 -9999 -9999 0.751875769652785 0.755726049580069 0.795084434427909 0.825063593700991 0.837552127063361 0.851322620351145 0.865732877427319 0.85093509629252 0.833376612080204 0.810486362019095 0.78482399175747 0.757471004225287 0.766968371297383 0.769584129235622 0.745439318121875 0.739086291870277 0.745870153426449 0.722316709705654 0.700133607839223 0.696593231621512 0.69387543554756 0.691889050348381 0.693041897279394 0.675242480254902 0.558949246881643 0.490564584169563 0.473375644511299 -9999 -9999 -9999 -9999 -9999 -9999 -9999 -9999 -9999 -9999 -9999 -9999
-9999 -9999 -9999 -9999 -9999 -9999 -9999 -9999 -9999 -9999 -9999 -9999 -9999 -9999 -9999 -9999 -9999 -9999 0.789444477374266 0.783895267001991 0.814761629726401 0.842096769029503 0.862846790256816 0.880365293846765 0.896271104305716 0.879209724612172 0.856850437819886 0.823457495014067 0.793060492712835 0.764490607705317 0.775347323866468 0.777945202554144 0.749323950228337 0.73727111337714 0.737451867305554 0.721824215509137 0.706999310477465 0.702219893294025 0.690166171919715 0.671644381467902 0.660073431920629 0.636191908123553 0.543868158790264 0.496175158568199 -9999 -9999 -9999 -9999 -9999 -9999 -9999 -9999 -9999 -9999 -9999 -9999 -9999
-9999 -9999 -9999 -9999 -9999 -9999 -9999 -9999 -9999 -9999 -9999 -9999 -9999 -9999 -9999 0.821191820263553 0.821191820263553 -9999 0.807052537494834 0.824630451154755 0.829655010488296 0.843187206417701 0.872584666264312 0.896826856890753 0.918496303626307 0.895013455396198 0.865884512828148 0.825344727520413 0.795319334300508 0.771706293925108 0.782556862881047 0.783590205515821 0.749832131346392 0.72719424166805 0.712767142373752 0.715087215584548 0.716516613871195 0.707153722128408 0.678127463044594 0.631617192442846 0.599563351131348 0.567234954625621 0.520379797512533 -9999 -9999 -9999 -9999 -9999 -9999 -9999 -9999 -9999 -9999 -9999 -9999 -9999 -9999
-9999 -9999 -9999 -9999 -9999 -9999 -9999 -9999 -9999 -9999 -9999 -9999 -9999 -9999 -9999 -9999 0.819894738776522 0.81661081799794 0.82138968092249 0.829501928516057 0.840362521457293 0.852738803332022 0.867941581693209 0.878467145351275 0.886658538854514 0.871742332747293 0.852847959157805 0.825611264278013 0.795199717298988 0.762851941223755 0.76196562064209 0.755054870042411 0.724866197072308 0.701476657077901 0.683107380524394 0.678654995887932 0.673767808458034 0.661051930830649 0.643878629660133 0.622741935891757 0.592730573940606 -9999 -9999 -9999 -9999 -9999 -9999 -9999 -9999 -9999 -9999 -9999 -9999 -9999 -9999 -9999 -9999
-9999 -9999 -9999 -9999 -9999 -9999 -9999 -9999 -9999 -9999 -9999 -9999 -9999 -9999 -9999 -9999 0.837395809038068 0.825519810633607 0.840676790547277 0.865728340710263 0.859978540462811 0.855942811012932 0.855103525754089 0.853338034440553 0.851110318776135 0.842049120155324 0.831127933103457 0.816168398770251 0.786727191544333 0.748454128364113 0.737723376492097 0.724593154240747 0.699385275158221 0.676009663126463 0.65398693878227 0.642692232804798 0.631862863608289 0.617986517353088 0.6108643585011 0.609747798197112 -9999 -9999 -9999 -9999 -9999 -9999 -9999 -9999 -9999 -9999 -9999 -9999 -9999 -9999 -9999 -9999 -9999
-9999 -9999 -9999 -9999 -9999 -9999 -9999 -9999 -9999 -9999 -9999 -9999 -9999 -9999 -9999 -9999 0.844772649660841 0.851573164986333 0.858773696406459 0.865333401730428 0.846857612669955 0.830372701509187 0.817600431685393 0.819152392876347 0.827852880412082 0.806743767794143 0.786643193953638 0.769896376265553 0.747056408548137 0.720500445878639 0.713046533419491 0.703527787509534 0.684475542307589 0.659229785430104 0.629410936608889 0.623198238540973 0.619012470253373 0.611865702186628 0.608840402299662 0.609479774687608 -9999 -9999 -9999 -9999 -9999 -9999 -9999 -9999 -9999 -9999 -9999 -9999 -9999 -9999 -9999 -9999 -9999
-9999 -9999 -9999 -9999 -9999 -9999 -9999 -9999 -9999 -9999 -9999 -9999 -9999 -9999 -9999 -9999 -9999 0.8685048155882 0.867577502205172 0.865976845647272 0.855006603838082 0.83920410226556 0.814390275914657 0.806180140883562 0.806256099863241 0.781247598982552 0.758908966617583 0.743578994144967 0.723894761736406 0.701555021443726 0.690513278750503 0.678922043587492 0.66363199108282 0.64304933253222 0.618558782087987 0.608795945715027 0.601284024149142 0.595606181401179 0.59022625871529 0.585111236628895 -9999 -9999 -9999 -9999 -9999 -9999 -9999 -9999 -9999 -9999 -9999 -9999 -9999 -9999 -9999 -9999 -9999
-9999 -9999 -9999 -9999 -9999 -9999 -9999 -9999 -9999 -9999 -9999 -9999 -9999 -9999 -9999 -9999 -9999 -9999 0.867910155277943 0.867566830551358 0.882544252269609 0.879394301003263 0.842439949033431 0.812545016622656 0.786173096836073 0.764693020321145 0.746443717651371 0.735451323227871 0.715782066628844 0.690821101161834 0.669934018403155 0.651089058411637 0.637379450245516 0.62741528707454 0.620216641307952 0.599035008328548 0.579108974696646 0.570104693652827 0.571677429921819 0.582654897807493 -9999 -9999 -9999 -9999 -9999 -9999 -9999 -9999 -9999 -9999 -9999 -9999 -9999 -9999 -9999 -9999 -9999
-9999 -9999 -9999 -9999 -9999 -9999 -9999 -9999 -9999 -9999 -9999 -9999 -9999 -9999 -9999 0.85298852056149 0.85298852056149 -9999 0.8651822618584 0.865597442544203 0.878983603837924 0.876803051735603 0.845593284108051 0.808089412354836 0.767444459651952 0.737998166224092 0.7149143868739 0.706067623077834 0.688486507687866 0.665578622683428 0.641810251747933 0.620428130750715 0.606097523284292 0.600591255729716 0.601600599975626 0.584066269220309 0.566996531620163 0.559929846065158 0.556604123211336 0.556604739830365 -9999 -9999 -9999 -9999 -9999 -9999 -9999 -9999 -9999 -9999 -9999 -9999 -9999 -9999 -9999 -9999 -9999
