layers/veg/veg_2200.asc
NCOLS 255 
NROWS 330 
XLLCORNER -2985163.8955 
YLLCORNER -3022031.214 
CELLSIZE 25000 
NODATA_value -9999 
[rows 25 to 49 of 330, columns 112 to 167 of 255]
0.0857107044179051 0.0833992591088911 0.0818587789946311 0.0807952056155943 -9999 -9999 -9999 -9999 -9999 -9999 -9999 -9999 -9999 -9999 -9999 -9999 -9999 -9999 -9999 -9999 -9999 -9999 -9999 -9999 -9999 -9999 -9999 -9999 -9999 -9999 -9999 -9999 -9999 -9999 -9999 -9999 -9999 -9999 -9999 -9999 -9999 -9999 -9999 -9999 -9999 -9999 -9999 -9999 -9999 -9999 -9999 -9999 -9999 -9999 -9999 -9999
0.0812706215549511 0.0788076157118238 0.0789170962810336 0.0806178757891085 -9999 -9999 -9999 -9999 -9999 -9999 -9999 -9999 -9999 -9999 -9999 -9999 -9999 -9999 -9999 -9999 -9999 -9999 -9999 -9999 -9999 -9999 -9999 -9999 -9999 -9999 -9999 -9999 -9999 -9999 -9999 -9999 -9999 -9999 -9999 -9999 -9999 -9999 -9999 -9999 -9999 -9999 -9999 -9999 -9999 -9999 -9999 -9999 -9999 -9999 -9999 -9999
0.0771193335157231 0.0744112773768004 0.0763747205582501 0.0812278784825133 0.138768189939881 0.190615318599352 0.215117022362291 0.232079523208697 0.243398630254927 -9999 -9999 -9999 -9999 -9999 -9999 -9999 -9999 -9999 -9999 -9999 -9999 -9999 -9999 -9999 -9999 -9999 -9999 -9999 -9999 -9999 -9999 -9999 -9999 -9999 -9999 -9999 -9999 -9999 -9999 -9999 -9999 -9999 -9999 -9999 -9999 -9999 -9999 -9999 -9999 -9999 -9999 -9999 -9999 -9999 -9999 -9999
0.0740536829987864 0.0711512433145332 0.0742425842509317 0.0810415819880396 0.139881124815498 0.192234843744334 0.215043909720311 0.231330627662613 0.242735108203518 0.251267948900559 0.261142183410876 0.277477948615023 -9999 -9999 -9999 -9999 -9999 -9999 -9999 -9999 -9999 -9999 -9999 -9999 -9999 -9999 -9999 -9999 -9999 -9999 -9999 -9999 -9999 -9999 -9999 -9999 -9999 -9999 -9999 -9999 -9999 -9999 -9999 -9999 -9999 -9999 -9999 -9999 -9999 -9999 -9999 -9999 -9999 -9999 -9999 -9999
0.0808370305893085 0.0785065664142053 0.0787897882039195 0.0806897943165341 0.151939575777472 0.209782109959366 0.214251747279065 0.223216477934778 0.235545965069993 0.247930530207971 0.261142183410876 0.277477948615023 0.285221304958621 -9999 -9999 -9999 -9999 -9999 -9999 -9999 -9999 -9999 -9999 -9999 -9999 -9999 -9999 -9999 -9999 -9999 -9999 -9999 -9999 -9999 -9999 -9999 -9999 -9999 -9999 -9999 -9999 -9999 -9999 -9999 -9999 -9999 -9999 -9999 -9999 -9999 -9999 -9999 -9999 -9999 -9999 -9999
0.0833090176771316 0.0813475522712701 0.0800353710975193 0.079124826762208 0.155411872200873 0.215005376782745 0.209986987765811 0.215461435693644 0.228790190186234 0.244261616750734 0.260203461834688 0.276927643802315 0.2934595420858 0.309818157054964 -9999 -9999 -9999 -9999 -9999 -9999 -9999 -9999 -9999 -9999 -9999 -9999 -9999 -9999 -9999 -9999 -9999 -9999 -9999 -9999 -9999 -9999 -9999 -9999 -9999 -9999 -9999 -9999 -9999 -9999 -9999 -9999 -9999 -9999 -9999 -9999 -9999 -9999 -9999 -9999 -9999 -9999
0.0795851108561087 0.0777009445702369 0.0765361654728835 0.0758163877812643 0.146544930796063 0.202517716228196 0.200731728610307 0.208222469964339 0.222657212606789 0.240116309266178 0.257915695266236 0.27558649112733 0.29284618241573 0.309735392125271 -9999 -9999 -9999 -9999 -9999 -9999 -9999 -9999 -9999 -9999 -9999 -9999 -9999 -9999 -9999 -9999 -9999 -9999 -9999 -9999 -9999 -9999 -9999 -9999 -9999 -9999 -9999 -9999 -9999 -9999 -9999 -9999 -9999 -9999 -9999 -9999 -9999 -9999 -9999 -9999 -9999 -9999
0.07269941099554 0.0703297626934324 0.0792826628562881 0.0952395103562951 0.151684468585641 0.195595075339677 0.194512285545978 0.203880783274649 0.221072486169775 0.239903444697134 0.258535143500219 0.275635769410226 0.292888284454912 0.310277679821941 0.313038305340086 -9999 -9999 -9999 -9999 -9999 -9999 -9999 -9999 -9999 -9999 -9999 -9999 -9999 -9999 -9999 -9999 -9999 -9999 -9999 -9999 -9999 -9999 -9999 -9999 -9999 -9999 -9999 -9999 -9999 -9999 -9999 -9999 -9999 -9999 -9999 -9999 -9999 -9999 -9999 -9999 -9999
0.0656470298221379 0.0627569782543994 0.0848113534073184 0.122295951857364 0.16162118547942 0.190776259367823 0.189671536813813 0.200824963382007 0.221154103022754 0.241110622383971 0.260222017266318 0.276290184527119 0.293351756247369 0.311308569901247 0.333550631167056 0.357901701904061 0.389063491415416 -9999 -9999 -9999 -9999 -9999 -9999 -9999 -9999 -9999 -9999 -9999 -9999 -9999 -9999 -9999 -9999 -9999 -9999 -9999 -9999 -9999 -9999 -9999 -9999 -9999 -9999 -9999 -9999 -9999 -9999 -9999 -9999 -9999 -9999 -9999 -9999 -9999 -9999 -9999
0.0794154990496042 0.0796030235546561 0.099649739592431 0.131981033795979 0.162782278287011 0.186538442205558 0.18989810133368 0.201990149882401 0.220618739874893 0.241358972903094 0.261561998172483 0.278724320304882 0.297452819185092 0.317592734217881 0.336851051191428 0.357901701904061 0.389063491415416 0.405265461998415 -9999 -9999 -9999 -9999 -9999 -9999 -9999 -9999 -9999 -9999 -9999 -9999 -9999 -9999 -9999 -9999 -9999 -9999 -9999 -9999 -9999 -9999 -9999 -9999 -9999 -9999 -9999 -9999 -9999 -9999 -9999 -9999 -9999 -9999 -9999 -9999 -9999 -9999
0.0858912139941606 0.0895459314431844 0.110880887570643 0.143152556488089 0.166133082014935 0.184392312300406 0.190647856820855 0.203694173894218 0.221823654817633 0.243130654844173 0.264215753147685 0.282958946108639 0.30282368584671 0.323699147547875 0.341048633306528 0.360132894071923 0.391557912059044 0.421631838502185 0.450242488848514 -9999 -9999 -9999 -9999 -9999 -9999 -9999 -9999 -9999 -9999 -9999 -9999 -9999 -9999 -9999 -9999 -9999 -9999 -9999 -9999 -9999 -9999 -9999 -9999 -9999 -9999 -9999 -9999 -9999 -9999 -9999 -9999 -9999 -9999 -9999 -9999 -9999
0.0796468588876085 0.0874483415933775 0.115820266910723 0.156916738932302 0.173303193951771 0.185894517085187 0.192310165438997 0.2063380418423 0.226063974267654 0.247559341484251 0.269161001506758 0.290333998473951 0.310409352526612 0.329495526436288 0.346811051449079 0.366255746313836 0.398403117617808 0.426791660100824 0.451109268685823 0.456019077158433 -9999 -9999 -9999 -9999 -9999 -9999 -9999 -9999 -9999 -9999 -9999 -9999 -9999 -9999 -9999 -9999 -9999 -9999 -9999 -9999 -9999 -9999 -9999 -9999 -9999 -9999 -9999 -9999 -9999 -9999 -9999 -9999 -9999 -9999 -9999 -9999
0.0857781718240024 0.0964388423062373 0.123950520156321 0.161885961574085 0.180290029908208 0.195396486664033 0.204746194471333 0.219500680488674 0.238300858362242 0.258918420091318 0.27955478637293 0.299406694529346 0.318966517322344 0.338263116950755 0.356319681574724 0.376172189052894 0.406497062037364 0.433235976419252 0.456091180973558 0.479982646379023 0.503461228769197 0.521801765378321 0.543026564104755 0.568010553080792 0.58894498667934 0.608498555299929 0.627434294501346 0.651108852209261 0.682250715141735 0.704115268983692 0.72238562525188 0.751274580874074 0.776492720404586 0.794658161744993 -9999 -9999 -9999 -9999 -9999 -9999 -9999 -9999 -9999 -9999 -9999 -9999 -9999 -9999 -9999 -9999 -9999 -9999 -9999 -9999 -9999 -9999
0.0976795192968328 0.110595959766911 0.133572003766895 0.162770757572371 0.187196832818323 0.208623548982986 0.2221969237376 0.23755982862875 0.254262268135106 0.273504807512368 0.292485532990633 0.309272599052242 0.32797902818848 0.348415159958845 0.367571760032543 0.387852902860128 0.415172189360946 0.440279185211082 0.462990198314698 0.483594819940246 0.503465667100313 0.521807387200788 0.543032099022187 0.56801434532769 0.588948679751927 0.608502697746588 0.627438979857343 0.651113506752617 0.682254434816488 0.704120956780295 0.722394365803561 0.751281443017705 0.776498135236778 0.794662957526875 0.818729356096677 0.845831330709216 0.864765282400768 -9999 -9999 -9999 -9999 -9999 -9999 -9999 -9999 -9999 -9999 -9999 -9999 -9999 -9999 -9999 -9999 -9999 -9999 -9999
0.133623908303893 0.139543430744697 0.157057514223878 0.181743807666342 0.20555619721308 0.227105110180982 0.242177956737968 0.259129787900208 0.277488113912013 0.293013478569798 0.308666322735403 0.326139151106887 0.344098285080962 0.362495670729729 0.379156363894304 0.397196456978398 0.424029535512993 0.449838219428841 0.474537450646241 0.494324134445494 0.513144252435459 0.53406678990655 0.555101989550627 0.576284026938629 0.597002093805538 0.617536053403812 0.637656247712812 0.661263582060255 0.69036585971311 0.716524228044834 0.741454722752971 0.766245590799138 0.788306158135089 0.805121029038299 0.824803085992859 0.84595992881395 0.864765282400768 0.877960216420734 -9999 -9999 -9999 -9999 -9999 -9999 -9999 -9999 -9999 -9999 -9999 -9999 -9999 -9999 -9999 -9999 -9999 -9999
0.174873745367772 0.172891945346612 0.184120434886718 0.20352059820521 0.224969227435859 0.245615760969624 0.263492360352913 0.281403898625939 0.299341590050153 0.312588345129199 0.326230989199873 0.343591082478773 0.360194337170858 0.376115539720476 0.391602177288072 0.408726403540869 0.434734309511864 0.460255299789379 0.485248944530164 0.504303167886773 0.522415369331768 0.544794119125907 0.565654604370634 0.584536266242751 0.60521653658129 0.62656851390982 0.648968293765646 0.673463023264042 0.701258919158598 0.728911153774387 0.756389259088901 0.779272333766451 0.801738169322533 0.823402367988257 0.840248895355626 0.854617371625805 0.869817433266847 0.884282749163944 0.896960236948881 0.903073896266489 0.905068481490322 -9999 -9999 -9999 -9999 -9999 -9999 -9999 -9999 -9999 -9999 -9999 -9999 -9999 -9999 -9999
0.227476483091867 0.215658064367776 0.218838502156025 0.231296992624284 0.246636951955238 0.264188659325161 0.287659986536139 0.30518479283621 0.318258391281453 0.332304860603072 0.346756954079946 0.362295641935227 0.376240734299328 0.388749701130293 0.405890856008159 0.424934917484915 0.449392315094059 0.47250847627536 0.494172034771238 0.512676707070966 0.53081456199873 0.552243030027147 0.572960466002688 0.592751181502899 0.613775557810423 0.635599058920145 0.662623008710258 0.690047814618511 0.718104279025857 0.741263102394945 0.762495128917295 0.788153307298689 0.818645283370738 0.858424381263322 0.875749615448695 0.881525323286184 0.885680465002694 0.89091718138129 0.898806457795633 0.903073896266489 0.905068481490322 -9999 -9999 -9999 -9999 -9999 -9999 -9999 -9999 -9999 -9999 -9999 -9999 -9999 -9999 -9999
0.289774455305632 0.267809320131873 0.261322242421385 0.26440964343268 0.274493335073662 0.288055567633279 0.310431460883038 0.327531224568399 0.340681595035101 0.351173136514858 0.362194316356687 0.376485121995 0.38958653380127 0.401616080845997 0.419613091410876 0.439250114471061 0.461664844694371 0.483075024049013 0.503397242132114 0.522655392103615 0.541902165437759 0.563111278375031 0.582995697489885 0.601153582781387 0.624809209251068 0.650335193491826 0.676642651643803 0.703011747783225 0.729477971437672 0.75475643354306 0.779640887110306 0.808542383148969 0.838755400041869 0.871488227386706 0.880692851387586 0.87779534419257 0.886760853957195 0.895249180032369 0.901982122599898 0.906651835086558 0.91002678528351 0.919674459623694 0.92696243844819 0.925829586825737 -9999 -9999 -9999 -9999 -9999 -9999 -9999 -9999 -9999 -9999 -9999 -9999
0.357608984182523 0.325320048266006 0.308240644748374 0.300569614643682 0.305883811053776 0.314945671111026 0.332405649330315 0.34905849274147 0.365107163586565 0.36955701708743 0.374725783301089 0.388096222651483 0.401390131121357 0.414615071052981 0.433011853923234 0.452484114645533 0.472575125351009 0.492678406316414 0.512794976372507 0.533550711071422 0.554525011638493 0.575932172174024 0.594589561816104 0.609663049749229 0.637256022013485 0.668329559717071 0.690870690206235 0.713907955143259 0.737727015658551 0.768901562132983 0.80309107946119 0.835503271226871 0.860694622087692 0.872012651510224 0.868185942857832 0.856569280827752 0.87939947293936 0.898266351907849 0.905916979129651 0.912272990193517 0.917816576023529 0.923211029873564 0.92696243844819 0.925829586825737 0.925340767553465 -9999 -9999 -9999 -9999 -9999 -9999 -9999 -9999 -9999 -9999 -9999
0.399120497256108 0.370221894245169 0.350852497808802 0.337377716106888 0.334230903466128 0.333621941254298 0.338390888548087 0.355024524719357 0.380539353291666 0.392067038934607 0.400571933067153 0.404152824625692 0.413489055578965 0.428011916327799 0.445724493392096 0.464251398202838 0.483940929445447 0.503511659081637 0.522953722713134 0.543329047632143 0.563552933498088 0.580827085803102 0.598210552080273 0.615736492238652 0.644003577330751 0.67547240189857 0.702475840146204 0.729862295285795 0.757852298342338 0.786659961400769 0.814817532748052 0.803196639802182 0.811399079371019 0.857687867549133 0.874766050431523 0.876819262115202 0.886887533737244 0.897304238541797 0.908127413947518 0.916902048904437 0.924391139923895 0.927878249139445 0.929370588325222 0.92576137740185 0.922898854432943 0.920603066135693 -9999 -9999 -9999 -9999 -9999 -9999 -9999 -9999 -9999 -9999
0.432657859535545 0.408946517303752 0.388730633327765 0.370676983906891 0.361144555743207 0.353406898502017 0.349227287812846 0.363016513658579 0.390256129660952 0.410263534484855 0.424937793716319 0.422706905399399 0.428513848023932 0.441564369279255 0.458400382894546 0.476189732868431 0.495291164463493 0.514267688440367 0.533108933403157 0.552511012532606 0.57149995426812 0.586264379239035 0.603710011092151 0.624650182053987 0.653612538359917 0.685140089812469 0.715636080527007 0.74708085439931 0.780020695749139 0.804796290707975 0.824779778311205 0.788659809820373 0.786397113992114 0.849184020123039 0.877969599454871 0.889266018575804 0.890206316196612 0.894749705699571 0.908389858704217 0.919629453714224 0.929362599203871 0.931341537895792 0.931213677772114 0.926462422150656 0.923131662921609 0.920879057627858 0.920932211643117 -9999 -9999 -9999 -9999 -9999 -9999 -9999 -9999 -9999
0.448259383593004 0.432787884379423 0.41452272320543 0.394529447437001 0.384619440402351 0.377194725217452 0.375042750182193 0.378393259933113 0.385862598805848 0.416423590535777 0.443660723228247 0.44736126451596 0.45130970280405 0.455481542334048 0.471065400718318 0.488770992864703 0.506541950862504 0.52466130465725 0.543157982434352 0.560243342087646 0.577019170300929 0.594156586509209 0.615236117709271 0.641453587015233 0.671582443648656 0.702925365870724 0.733279941451365 0.767030483899505 0.806132301374813 0.823481993600004 0.83152378381101 0.829080264586765 0.835284233844593 0.858102526686943 0.869735754706372 0.875615754570523 0.88051068424722 0.888451073238301 0.903672655727833 0.917407793870758 0.930210126650102 0.931448052478011 0.93124264667432 0.929225133073779 0.926089793449506 0.922106026097502 0.921419574682888 -9999 -9999 -9999 -9999 -9999 -9999 -9999 -9999 -9999
0.466220301004166 0.455039686400093 0.438293710286776 0.418105090581023 0.408649688746163 0.401692457022745 0.399914881661687 0.399069036040692 0.398920627257081 0.421625153713709 0.446321438914514 0.467838699234242 0.475366162729151 0.470286220809905 0.482370065158256 0.497945147113303 0.515170581343414 0.53261397382188 0.550293422174088 0.566713737849497 0.58356450598885 0.606116204003979 0.631738761837416 0.661363711207184 0.685911113881034 0.709637888392534 0.74465216442407 0.776123600541503 0.802012322958449 0.815947829338774 0.824876436612057 0.832380874764274 0.838901072554518 0.843530260267946 0.848855242298195 0.854538117958672 0.864198338777929 0.876563492725178 0.89514103228949 0.910325103200063 0.923379632047002 0.926244751187535 0.927630141972688 0.926796448871957 0.925647875810337 0.92426030948496 0.926727424726547 0.930801502507358 0.939205868149018 -9999 -9999 -9999 -9999 -9999 -9999 -9999
0.485816768910969 0.476189589108602 0.46066365261436 0.441488839601516 0.433064919673866 0.42668230076001 0.424133088562632 0.423418142352521 0.424076217324492 0.426162281904136 0.437847698473553 0.485420656282745 0.500296484304514 0.485706125199248 0.492731721664529 0.504757468187471 0.521981512200491 0.538874558809495 0.555409124461706 0.572309350931436 0.590821156094892 0.620895383060361 0.651691181892058 0.683427438218109 0.697715650614505 0.708674688887646 0.751676837402949 0.777690894938427 0.776935566738831 0.79023784176648 0.808946095753142 0.809949709390132 0.811136187380041 0.812674000620383 0.819207957903245 0.828311766771978 0.843299234148699 0.86080160836103 0.883965221832752 0.899872706767362 0.911226670654448 0.91736064272316 0.921493338409114 0.920769047713355 0.922849017368514 0.927057415050019 0.928350519543779 0.930801502507358 0.939205868149018 0.943218219415157 -9999 -9999 -9999 -9999 -9999 -9999
0.504157746273291 0.487056030335963 0.473569925981897 0.462320381109039 0.455926973268637 0.450855217088467 0.448689388570345 0.447496133916331 0.447030889554079 0.446903968959377 0.451937806246579 0.476467594061161 0.500153242150448 0.523078163556119 0.519950497263507 0.515856107695088 0.53166137871373 0.547563434960844 0.563570312759078 0.589616996654907 0.618170457269478 0.646471936022176 0.672144697550065 0.694391332131601 0.703066252577808 0.709599520689727 0.746988982654081 0.770828287791544 0.773315613162676 0.772879019403386 0.77154544359269 0.783031346392059 0.794288396067472 0.805105752777397 0.821233340314198 0.840092335311563 0.852049659794561 0.864319074774688 0.877691574802945 0.887088144645885 0.893989653701281 0.907875274796639 0.919374392016033 0.922218247924597 0.92357132278826 0.923792897805244 0.923250202436561 0.924340213823813 0.932159445867021 0.936061875358834 0.936386086217324 -9999 -9999 -9999 -9999 -9999
