layers/veg/veg_3100.asc
NCOLS 255 
NROWS 330 
XLLCORNER -2985163.8955 
YLLCORNER -3022031.214 
CELLSIZE 25000 
NODATA_value -9999 
[rows 125 to 149 of 330, columns 171 to 227 of 255]
0.245969761431699 0.35558053016473 0.412591803633378 0.406881018540923 0.355813241297964 0.294356241246033 0.260912977526953 0.244352326373152 0.252066756831943 0.25743998543002 0.262257506136291 0.273634103690592 0.286229661136614 0.300952520298225 0.319568316159836 0.339996106227568 0.358429688961781 0.370465726319499 0.368803796395582 0.315119602869221 0.231711039702774 0.261700279920976 0.270740237909266 0.209368834689725 0.197877919763261 0.220983001620765 0.317939996535319 0.399215025584135 0.401542166589882 0.41649166902247 0.441998341684939 0.455404574725972 0.470999273518531 0.505269753958437 0.541048244777903 0.578343035528889 0.598744344667302 0.616510262766639 0.641711416198758 0.660393910768028 0.671195911911088 0.673672394314037 -9999 -9999 -9999 -9999 -9999 -9999 -9999 -9999 -9999 -9999 -9999 -9999 -9999 -9999 -9999
0.2187875784254 0.327190986791878 0.38600196970966 0.385676662487287 0.338591054577683 0.28148833344123 0.260097460576854 0.252117289337262 0.263420026780496 0.27313496199872 0.28210927139711 0.288030572087809 0.299050394070712 0.318968042114609 0.323243464104423 0.320249674147355 0.360354550951619 0.386314595161617 0.38198873396916 0.333681149568039 0.260243382288814 0.282292952011549 0.291409012057001 0.253804930649332 0.243918491327009 0.253256391806846 0.314954979958119 0.373316422197671 0.402274273577134 0.421180611773128 0.431680002001356 0.418393935438494 0.413205205407019 0.461947343106357 0.514936671929418 0.572196538739048 0.597465366706193 0.616660255450544 0.642975072319255 0.661762894294573 0.671451232001041 -9999 -9999 -9999 -9999 -9999 -9999 -9999 -9999 -9999 -9999 -9999 -9999 -9999 -9999 -9999 -9999
0.224088354774947 0.327828593319953 0.383669382957617 0.382392665586706 0.335432001921727 0.279166471551244 0.262535164204378 0.257679167536687 0.269754592273437 0.281341717057575 0.292516618841091 0.298948639401483 0.30793881930923 0.321393442063158 0.331472270305751 0.339988493570406 0.376561608451874 0.399809929110921 0.39452815196655 0.35091152727825 0.285391219443826 0.298064472451151 0.3056599922248 0.289720646399863 0.289997235623293 0.301520836573756 0.344684124325841 0.3869445010363 0.415239876226031 0.415197307012937 0.391453269199096 0.386435181759495 0.395353708401245 0.453967250033554 0.506505032427697 0.55293365705898 0.558880049401984 -9999 0.657998562122898 0.657998562122898 -9999 -9999 -9999 -9999 -9999 -9999 -9999 -9999 -9999 -9999 -9999 -9999 -9999 -9999 -9999 -9999 -9999
0.245525640150484 0.342885971804265 0.393387031026955 0.388010937535905 0.339259070427846 0.282083552432104 0.266588965141242 0.262146622755715 0.273596023786202 0.285828560003174 0.29823227758525 0.308138746837311 0.314873798190613 0.316074161501516 0.341963190212797 0.379342339761675 0.399863609926907 0.412136101204469 0.406746896211479 0.367480622247426 0.308857741117758 0.311440996909036 0.316722814892857 0.321403706170917 0.336094942928347 0.357729132568992 0.390664631372143 0.420208188118172 0.434282693423052 0.40391236651199 0.336368990622593 0.356986045410198 0.397344420108913 0.463544105008405 0.506856225823176 0.527154969326549 0.543153152991058 -9999 -9999 -9999 -9999 -9999 -9999 -9999 -9999 -9999 -9999 -9999 -9999 -9999 -9999 -9999 -9999 -9999 -9999 -9999 -9999
0.258637774116718 0.339779731952512 0.375446162058851 0.3568854803078 0.330899657808109 0.303540734754346 0.283995240788435 0.275204934292529 0.281879239839552 0.295100199507543 0.310902982728534 0.329562930821468 0.344066840623099 0.351317724753266 0.369820328854975 0.393556822750304 0.401519879515191 0.404296661223047 0.395968961154851 0.360274516086597 0.308943318830008 0.341158918724307 0.370131004907891 0.379783732276994 0.39316705039294 0.409137823241118 0.43488518527607 0.456699900783784 0.46172366934572 0.448017009267296 0.41864447519366 0.435406204359841 0.462146648337161 0.500813253219576 0.529546791782403 0.548292661835567 0.550209039939597 -9999 -9999 -9999 -9999 -9999 -9999 -9999 -9999 -9999 -9999 -9999 -9999 -9999 -9999 -9999 -9999 -9999 -9999 -9999 -9999
0.283203645743982 0.338232617436002 0.356256582547326 0.330154074996845 0.321791306181889 0.317023332601202 0.296683384658273 0.285904313222026 0.288872584301059 0.302608655397432 0.320626996431598 0.344081804402847 0.362688514744282 0.372834432835468 0.387314684758503 0.403808205306365 0.405414936521138 0.40331925116557 0.393296215856402 0.357576120225297 0.307173293263811 0.364050084835064 0.412669316587371 0.425551521136028 0.43540686454465 0.443162844417556 0.463992655645928 0.4809933104522 0.480422368743996 0.478870324623373 0.476497699881535 0.492504786887111 0.5117415601035 0.532345975223446 0.551408214555299 0.56891980073942 0.576747083412949 -9999 -9999 -9999 -9999 -9999 -9999 -9999 -9999 -9999 -9999 -9999 -9999 -9999 -9999 -9999 -9999 -9999 -9999 -9999 -9999
0.334240478447734 0.340836687070471 0.33510004200291 0.314657134688907 0.311361611817649 0.311665748629197 0.298148139032336 0.290930709965913 0.292772151140045 0.305929485478122 0.323386013232503 0.342409576268273 0.356409642298614 0.361642812986067 0.380543051371748 0.405801775377172 0.415128083985206 0.41868908204748 0.409905808896856 0.365955018739617 0.30191028798 0.370797731267517 0.428977970441412 0.441606993731734 0.443361244163031 0.43757299411505 0.458581975050017 0.477276361041939 0.478850869751735 0.477626225838986 0.474060409008085 0.497355097499872 0.524525508277045 0.549864412477941 0.570654128746413 0.586869650139372 0.585859401624809 -9999 -9999 -9999 -9999 -9999 -9999 -9999 -9999 -9999 -9999 -9999 -9999 -9999 -9999 -9999 -9999 -9999 -9999 -9999 -9999
0.340669977662862 0.321696079252979 0.311287179635596 0.311091578703663 0.312512180466272 0.313421375691488 0.304648569949827 0.299504736325128 0.29957890992345 0.310746966773653 0.325867239533346 0.337107678802939 0.346865323697128 0.354035228797676 0.381501349719443 0.418408327337928 0.426247910891082 0.430515955377254 0.427136875473446 0.39150650726727 0.337448466974493 0.392110318536114 0.435995879068815 0.437234289279269 0.436745928060241 0.435059916600301 0.446688903921662 0.455660955299735 0.450981143005343 0.451268787436464 0.455711144641797 0.49765906755279 0.541548770990666 0.567137971333073 0.58487898715553 0.59472867688935 0.596534550783059 -9999 -9999 -9999 -9999 -9999 -9999 -9999 -9999 -9999 -9999 -9999 -9999 -9999 -9999 -9999 -9999 -9999 -9999 -9999 -9999
0.320012486384445 0.289351412251436 0.285861314240811 0.314771138452721 0.320694652831402 0.319496370548174 0.314206823695826 0.310232996128706 0.308151008044645 0.316473262249679 0.328179782614507 0.329601730770851 0.335338122415547 0.34860398496155 0.387153508269747 0.437459419177638 0.438221918257609 0.440191432287912 0.444745320531301 0.427485738187536 0.397762421704464 0.422267200747117 0.437372151939263 0.420456946525675 0.421283429697747 0.434415153300614 0.430859519254805 0.423177038068582 0.407142296621819 0.409661731128155 0.427699624295917 0.495202355137292 0.561146280216365 0.584262832241996 0.596054900927119 0.596460235444853 -9999 -9999 -9999 -9999 -9999 -9999 -9999 -9999 -9999 -9999 -9999 -9999 -9999 -9999 -9999 -9999 -9999 -9999 -9999 -9999 -9999
0.285806178393504 0.290602920272219 0.310108845105819 0.347154676549645 0.360317895125227 0.364338158762945 0.346934598939066 0.340642400669244 0.350326948149455 0.360666678315609 0.371002593158016 0.376217165697922 0.384463988101926 0.398002625586799 0.422698075945169 0.45257996445379 0.456801129447262 0.45912559716397 0.457388992123658 0.421843790431134 0.366981105139996 0.396472724719792 0.419725466942043 0.415556573013707 0.418767621608703 0.427097234125988 0.439669151134505 0.448866620242346 0.445082593465075 0.458548428268038 0.486441811053994 0.533975559265685 0.579564593670821 0.602133617235442 0.612928231905147 0.611883713606643 -9999 -9999 -9999 -9999 -9999 -9999 -9999 -9999 -9999 -9999 -9999 -9999 -9999 -9999 -9999 -9999 -9999 -9999 -9999 -9999 -9999
0.267084087765567 0.295655435036337 0.329882538488171 0.370853825864453 0.39150793394028 0.403070205065454 0.383465787761993 0.379166381044639 0.396873661954737 0.410623207500883 0.422467737035593 0.425486845649217 0.431513836960211 0.442790118314184 0.458545520629073 0.476381069435168 0.477696047922396 0.476392063591254 0.469480543105753 0.422040840044799 0.351444230761541 0.386608944203993 0.41734339656951 0.422755493314232 0.426217380685195 0.428326646228838 0.459199415378474 0.486817170201146 0.493427615739286 0.512847688266213 0.542981557374368 0.569905713557236 0.595760202800131 0.619081681559939 0.633579022928569 0.639203720512166 -9999 -9999 -9999 -9999 -9999 -9999 -9999 -9999 -9999 -9999 -9999 -9999 -9999 -9999 -9999 -9999 -9999 -9999 -9999 -9999 -9999
0.295312385935322 0.305489650355692 0.327733465747812 0.364365991770644 0.392732625458029 0.41717262190664 0.4266899291203 0.437403525524943 0.449837235900755 0.470107621876522 0.491357679361329 0.472495592712175 0.461522914216744 0.464318655514593 0.489803336769141 0.525833504825032 0.504036062876009 0.487177326454636 0.480892993613096 0.446611179866503 0.396332225400067 0.432722446137179 0.462280747894884 0.462538376514463 0.459926955872146 0.4553256265013 0.505022790692801 0.549360400642696 0.556722205921396 0.566165718895824 0.577350343677264 0.590139394420066 0.605786837049397 0.633243149107028 0.645000757310405 0.640973365687653 -9999 -9999 -9999 -9999 -9999 -9999 -9999 -9999 -9999 -9999 -9999 -9999 -9999 -9999 -9999 -9999 -9999 -9999 -9999 -9999 -9999
0.323042878349465 0.348429402461293 0.364629559442031 0.369875469537625 0.40084624785483 0.43759059352498 0.457276081437136 0.472465137983466 0.481188889592613 0.492055065420058 0.501762783834037 0.471090758698483 0.456009984753383 0.468138715920693 0.504209174208075 0.551399486300513 0.513581838978923 0.488061283457413 0.488870382705626 0.477268016837994 0.458574014595256 0.488039418730947 0.510681829829863 0.508959785750453 0.509238557325903 0.510905050119199 0.556163490685102 0.598290729377201 0.61473344918207 0.614368101378478 0.599944716019365 0.613092894009379 0.632186627441597 0.658325769120319 0.673820198593084 0.678611401743461 -9999 -9999 -9999 -9999 -9999 -9999 -9999 -9999 -9999 -9999 -9999 -9999 -9999 -9999 -9999 -9999 -9999 -9999 -9999 -9999 -9999
0.350407334707303 0.415711621463873 0.430235523559364 0.384206558284958 0.414025293989106 0.462652386027168 0.478569533506496 0.490485805759454 0.496649320714548 0.48640161320428 0.469164047631854 0.434087468682345 0.424377760554631 0.458937751688387 0.506223769169064 0.559401782962444 0.510778828656087 0.48166482052002 0.494321974699044 0.512400248857262 0.533576030947013 0.550123693765364 0.56162978929318 0.560262496302098 0.57002231252777 0.587499644115678 0.611214014003628 0.637211505591378 0.668859852925695 0.658808953079199 0.613881373976027 0.638046273490165 0.670625582580827 0.691438701226173 0.695237947469909 0.681929795842166 -9999 -9999 -9999 -9999 -9999 -9999 -9999 -9999 -9999 -9999 -9999 -9999 -9999 -9999 -9999 -9999 -9999 -9999 -9999 -9999 -9999
0.36776647773869 0.432317633978279 0.457986239837061 0.437289503410108 0.440496820176107 0.451071389569765 0.465517539830143 0.477548850581071 0.486107924677478 0.477901523610426 0.462578818318152 0.429535980167433 0.413232491341543 0.426142142979403 0.476768699714986 0.544921075227092 0.503461405085899 0.48314632968288 0.508104550499226 0.551617726506535 0.605732793099887 0.610277544946197 0.610282198460672 0.60448557526241 0.614874393527088 0.636489073846461 0.675453145025243 0.709526680600824 0.720933918507821 0.717080499029929 0.700463274715206 0.723465253258022 0.750719576093875 0.768628676140019 0.776326253591735 0.773756175581316 -9999 -9999 -9999 -9999 -9999 -9999 -9999 -9999 -9999 -9999 -9999 -9999 -9999 -9999 -9999 -9999 -9999 -9999 -9999 -9999 -9999
0.383061286885263 0.443076001101743 0.478647538999042 0.485071908681035 0.466108895817106 0.443167300013795 0.453995247980349 0.464453298976948 0.474379484475885 0.468796523154259 0.456444209334653 0.423857394096063 0.401037856004111 0.395263952942303 0.44588046607006 0.522719650451831 0.495962275481875 0.490490778446865 0.530595083122458 0.594024963458062 0.670782561293321 0.664213702283397 0.654796128122134 0.648400200496404 0.661451401949189 0.687990699410671 0.733987826243516 0.768249969376533 0.755749520110682 0.758625733147928 0.774362775946871 0.797842895008019 0.820804599887394 0.835817260687038 0.844981977400283 0.848266603805178 -9999 -9999 -9999 -9999 -9999 -9999 -9999 -9999 -9999 -9999 -9999 -9999 -9999 -9999 -9999 -9999 -9999 -9999 -9999 -9999 -9999
0.395085047389317 0.45436163160381 0.489607604662239 0.496198371190379 0.482704047450726 0.464971036487899 0.463207771437505 0.464343837031401 0.469648776828857 0.458695643143521 0.440574775259819 0.399767900643651 0.375967083422616 0.381844859662901 0.423474477204905 0.481734512342289 0.48976855795597 0.516131078018289 0.581737218648288 0.646474190695405 0.710714539057814 0.695930038652212 0.684963769073223 0.694274840925074 0.721413310623446 0.760916466788819 0.767331182957087 0.761907399893077 0.727439918980651 0.732055463882403 0.769359516319816 0.804746342965539 0.835493436009193 0.846575763127552 0.85116469358256 0.849224533091361 -9999 -9999 -9999 -9999 -9999 -9999 -9999 -9999 -9999 -9999 -9999 -9999 -9999 -9999 -9999 -9999 -9999 -9999 -9999 -9999 -9999
0.406750197491799 0.464243563649475 0.49894303191192 0.506462007444643 0.494571313768561 0.477599833656817 0.466362410163313 0.457994722775217 0.453753356351723 0.443449705913476 0.429970720478004 0.397666822380484 0.37766301161626 0.379125039936416 0.408975321635004 0.452045577333935 0.500181357381606 0.550245586707318 0.604438873907627 0.665318791342644 0.730019301250569 0.705385515761541 0.689793325476757 0.709742828324718 0.739207194642634 0.77527085854706 0.7673340264829 0.750949285773476 0.720851407160658 0.731965844665906 0.777549698955632 0.81333987880851 0.842984589897782 0.851826360446575 0.856259363246761 -9999 -9999 -9999 -9999 -9999 -9999 -9999 -9999 -9999 -9999 -9999 -9999 -9999 -9999 -9999 -9999 -9999 -9999 -9999 -9999 -9999 -9999
0.418097782858991 0.472882461118395 0.506839772872891 0.515961574419003 0.502251836918307 0.482103832551677 0.464152534773822 0.446120131495383 0.427971108668973 0.42364760208386 0.424029382600266 0.41503741927901 0.403061989718599 0.385879881175512 0.401478002630304 0.432359909748623 0.525299932592563 0.59186436734001 0.601955276458868 0.654405068469932 0.731057788332255 0.695128056918445 0.672184932292598 0.698284433561762 0.719659502598829 0.737757810563564 0.737812430119394 0.735903910926996 0.733497842087083 0.755325965295937 0.797423234838883 0.823430059226226 0.84410189059341 0.852199473944045 -9999 -9999 -9999 -9999 -9999 -9999 -9999 -9999 -9999 -9999 -9999 -9999 -9999 -9999 -9999 -9999 -9999 -9999 -9999 -9999 -9999 -9999 -9999
0.444225141479075 0.490828141717131 0.515048050561661 0.512577331252693 0.49027217617307 0.461995757997631 0.431902919755216 0.414375425756521 0.414915322443196 0.406801629996673 0.394747324163417 0.368030228185052 0.360880423821782 0.387879021965358 0.421262403158367 0.457635384216718 0.544590528814471 0.611370558056297 0.634953071096988 0.674298134218519 0.722649569470524 0.700031145208915 0.689051900173159 0.718208724703665 0.74012071855857 0.757007859062383 0.771774555231311 0.781632739548879 0.775459549724791 0.789266984397224 0.819785939757105 0.837105765431605 0.849568186703291 0.849533243173784 -9999 -9999 -9999 -9999 -9999 -9999 -9999 -9999 -9999 -9999 -9999 -9999 -9999 -9999 -9999 -9999 -9999 -9999 -9999 -9999 -9999 -9999 -9999
0.472434287686899 0.505168764526974 0.517246783314703 0.50469309099737 0.474496299011205 0.439236680719555 0.404811242030428 0.391044433629273 0.406982147221139 0.391572403584305 0.363611806414276 0.318087718954399 0.312447920617016 0.376413297356785 0.431331686335596 0.482044996346653 0.555296009133181 0.619600886500902 0.664750937595081 0.69591401462082 0.719085244337995 0.712883027655592 0.715693967105016 0.746321929548906 0.769679788901624 0.787995266518152 0.81213591389828 0.828544811044423 0.816549316961513 0.821567994724872 0.840817092805586 0.850328144746644 0.857132279004696 0.858694070095839 -9999 -9999 -9999 -9999 -9999 -9999 -9999 -9999 -9999 -9999 -9999 -9999 -9999 -9999 -9999 -9999 -9999 -9999 -9999 -9999 -9999 -9999 -9999
0.497839977598577 0.493118064234814 0.489062371653378 0.48580111138947 0.457304925303132 0.425232249567577 0.430451595782155 0.427650352335651 0.413316505872224 0.381795555556909 0.344087940101949 0.311076877083541 0.29320516085198 0.301754296209767 0.368309373946743 0.461864544025625 0.528212830053976 0.591142736191275 0.646753451428286 0.698579603673253 0.748243340415477 0.751980757320484 0.760438498145356 0.787360553097049 0.80899468254455 0.826961224524543 0.827718189826455 0.826974564974489 0.82702593647906 0.836180720328366 0.852949473588481 0.858069593366223 0.860608257150781 0.859854844781017 -9999 -9999 -9999 -9999 -9999 -9999 -9999 -9999 -9999 -9999 -9999 -9999 -9999 -9999 -9999 -9999 -9999 -9999 -9999 -9999 -9999 -9999 -9999
0.518812904647581 0.497144412680755 0.482419029071753 0.475972927361306 0.453360586646475 0.430488631242112 0.451518164291931 0.450551054806281 0.41795552935794 0.383548045195743 0.34924132484034 0.330958487468595 0.307087946514103 0.273465869435653 0.339829784165834 0.452733779190193 0.517183031375687 0.583621655533474 0.654319780888017 0.720531340932408 0.784179376891947 0.782742567359699 0.785825517389992 0.80928106296823 0.827401781922782 0.841822383836946 0.837561131223468 0.833547846726946 0.836806570564771 0.845586820048308 0.858985197962749 0.861813949172253 0.862751998738337 -9999 -9999 -9999 -9999 -9999 -9999 -9999 -9999 -9999 -9999 -9999 -9999 -9999 -9999 -9999 -9999 -9999 -9999 -9999 -9999 -9999 -9999 -9999 -9999
0.535068182417225 0.518281055483334 0.498701164835967 0.475791054225398 0.463514648310348 0.456243686670662 0.467716997865483 0.458865729216967 0.420790261260967 0.397570844169321 0.38065792717972 0.379460884016969 0.356225202210867 0.294528177981911 0.348112921259099 0.455362847176526 0.523238337591543 0.598383235738619 0.68909287057931 0.76300871558922 0.827328960907374 0.8046327218574 0.790610949226882 0.810854769275818 0.823557377306433 0.83102956848146 0.841295880449196 0.848788027511211 0.84584648937365 0.849451672557789 0.858532443795823 0.8613043255493 -9999 -9999 -9999 -9999 -9999 -9999 -9999 -9999 -9999 -9999 -9999 -9999 -9999 -9999 -9999 -9999 -9999 -9999 -9999 -9999 -9999 -9999 -9999 -9999 -9999
0.539122339280437 0.534385119645102 0.517417769965738 0.485866650442658 0.46599582710891 0.452851183874701 0.472392317717004 0.470931809696999 0.439273572016689 0.420011324650374 0.404873891493672 0.379394293310077 0.353434524998746 0.326636774450719 0.386371493744536 0.486385788076633 0.549474450830631 0.611769769406729 0.672366436085514 0.750526557644105 0.838722048462942 0.812198067639489 0.789255620621222 0.790511678971808 0.796049021577684 0.804555767679713 0.829772338826104 0.850715004584544 0.851316892956017 0.854175465859973 0.858921498800834 -9999 -9999 -9999 -9999 -9999 -9999 -9999 -9999 -9999 -9999 -9999 -9999 -9999 -9999 -9999 -9999 -9999 -9999 -9999 -9999 -9999 -9999 -9999 -9999 -9999 -9999
