layers/veg/veg_3700.asc
NCOLS 255 
NROWS 330 
XLLCORNER -2985163.8955 
YLLCORNER -3022031.214 
CELLSIZE 25000 
NODATA_value -9999 
[rows 225 to 249 of 330, columns 57 to 113 of 255]
-9999 -9999 -9999 -9999 -9999 -9999 -9999 -9999 -9999 -9999 -9999 -9999 -9999 -9999 -9999 -9999 -9999 -9999 0.161255890253292 0.162032167797279 0.159751647621672 0.1512242404201 0.132338417860206 0.107790819640532 0.0735156530872816 0.0454551487578951 0.0340736773586668 0.0335771224276188 0.0403170398899633 0.0453882092006794 0.0490662927955696 0.0487287416604667 0.0513115417918809 0.0562382696947563 0.069908068663423 0.083262350989872 0.0898734752977914 0.0946441636454991 0.0976382946650391 0.0992888370739088 0.100751002340164 0.102761866078895 0.105742123710561 0.109847108190853 0.108952663311595 0.106232215833099 0.0996549825525903 0.0959193238957097 0.096156517767139 0.0953837795221063 0.0943949385313884 0.0960476951137015 0.0972393486661266 0.0976494934528115 0.0986641204069051 0.0999385172822448 0.0994097252653896
-9999 -9999 -9999 -9999 -9999 -9999 -9999 -9999 -9999 -9999 -9999 -9999 -9999 -9999 -9999 -9999 -9999 -9999 0.238399523598556 0.202908283359413 0.174492420115817 0.160535832497154 0.137324627192065 0.109054967736894 0.0765659232145048 0.0505549335025659 0.0413786104342794 0.0403874369445076 0.0448378861933079 0.0492466658518665 0.0520127501528975 0.0494940566579809 0.0505341121702272 0.0544304852512491 0.067996663328555 0.0814993005904981 0.0887544948527637 0.0942127064893459 0.0979363059355203 0.0998093624700153 0.101251456619185 0.102437035088106 0.104906783878167 0.108866474836135 0.110976771218862 0.111648052963098 0.103941064959756 0.0988657239393466 0.0974697321370858 0.0958299214273021 0.0942594456813081 0.095495687248797 0.0966441763819403 0.0976439367230111 0.0981545708716569 0.0984514542831617 0.0997125491339854
-9999 -9999 -9999 -9999 -9999 -9999 -9999 -9999 -9999 -9999 -9999 -9999 -9999 -9999 -9999 -9999 -9999 -9999 0.238599706499532 0.222118304987741 0.202207419700642 0.175288024310176 0.146385839686376 0.116399888151187 0.0834901495700684 0.0568937010608677 0.0465930984516644 0.0453347866290182 0.050087939188412 0.0549787578151369 0.0574469175744618 0.0520642276109587 0.0535259934630044 0.0604812457495561 0.0717641832554617 0.0827062411676323 0.0895272104711132 0.0946218213981254 0.0980499931275432 0.100386653539845 0.102270955369493 0.102834392978686 0.104619309659048 0.107821431787463 0.109989011947113 0.111204496213584 0.106393792096388 0.100875444290953 0.0943677281287699 0.0953016114927753 0.098613188192687 0.0964795745522113 0.0956794796887112 0.0971395231152127 0.0980682567009021 0.0987656839855985 0.100632866361569
-9999 -9999 -9999 -9999 -9999 -9999 -9999 -9999 -9999 -9999 -9999 -9999 -9999 -9999 -9999 -9999 -9999 0.23229692108053 0.232675524408115 0.22753911810397 0.217262851766071 0.196482741894688 0.161413896967801 0.11853501454504 0.0905754946743478 0.0680766652998727 0.0580483128959653 0.0570751655704023 0.0621220682615299 0.0632820233708437 0.0628766624919279 0.0585333229805156 0.0605039611523188 0.0675423142287492 0.0763685623111925 0.0849398148428547 0.0913243360811814 0.0962971786558447 0.0999073397087556 0.102075957528894 0.103766665449497 0.104418299845266 0.105707031849463 0.107734948194122 0.109450366656288 0.110718567115726 0.108713189036691 0.104610636966423 0.0975759912167917 0.0976846460951403 0.100133671728932 0.0983909058787803 0.0974306466367569 0.0977966327973079 0.0980653962333492 0.0982898477371155 0.0984518135570763
-9999 -9999 -9999 -9999 -9999 -9999 -9999 -9999 -9999 -9999 -9999 -9999 -9999 -9999 -9999 -9999 -9999 0.233567891309211 0.226325630752669 0.228947000832614 0.22770110801243 0.21855205749164 0.177885544874768 0.119991995729543 0.0977691774621835 0.0801486544245214 0.0708877402027391 0.0704882016496704 0.0759798521178112 0.072353186686894 0.0684992303471302 0.0665144297573666 0.0689868484589376 0.0750367135452072 0.0814301269365573 0.0877624306650755 0.0936231831384205 0.0984575781964758 0.102301239087805 0.104071649341288 0.105353273250434 0.106312341340282 0.107170476239932 0.107911504698371 0.10900994559807 0.11014838428178 0.110738194073859 0.108677777157397 0.102912034400792 0.100907611873061 0.100295776229448 0.100337490710269 0.0999466284066528 0.0988226055576031 0.0981451380338702 0.0976571124662678 0.0954943714559951
-9999 -9999 -9999 -9999 -9999 -9999 -9999 -9999 -9999 -9999 -9999 -9999 -9999 -9999 -9999 -9999 -9999 0.240148166486013 0.242240672552513 0.238468311478268 0.232753836400549 0.223070447484181 0.18681751796371 0.136042021710769 0.105713353777287 0.0822071679495442 0.0741131170498671 0.0757190467938737 0.083773684008411 0.0801816083221893 0.0767945840321433 0.0773922601786293 0.0798686857910682 0.0838530303649535 0.0889381748151355 0.0939739748014495 0.0981199796291483 0.101476074570864 0.10406967615401 0.105176030944211 0.106003669927243 0.107024369127957 0.107487925867275 0.107305065201442 0.107858519146524 0.108613763740507 0.109325741390207 0.109388406448073 0.108543256820839 0.102316778806364 0.0947813496058276 0.0985105107694147 0.10051309109932 0.0995893448409817 0.0989779680267399 0.0984937876864308 0.0960973461546187
-9999 -9999 -9999 -9999 -9999 -9999 -9999 -9999 -9999 -9999 -9999 -9999 -9999 -9999 -9999 -9999 -9999 0.25605382997756 0.254353533392285 0.246845963577114 0.238572658568438 0.228734493309122 0.196855885052359 0.152930256148419 0.118438490149896 0.0908711923253555 0.0800003142133397 0.0827717100032121 0.0946127149869359 0.0908729872221373 0.0872095717401473 0.0882383758277736 0.0898409563885937 0.091904060525995 0.0956627180237842 0.0995015477412154 0.102632180937617 0.105045312349207 0.106765845332305 0.10745754315536 0.107995918493584 0.108900890371966 0.108773027593951 0.107446831634032 0.10758816127828 0.108119210887546 0.108450561277877 0.109546923650012 0.111712861939957 0.104348459102942 0.094312752554939 0.0979226954611182 0.100195306369053 0.100201316080315 0.0999877278655511 0.0996584432957184 0.0970145564495577
-9999 -9999 -9999 -9999 -9999 -9999 -9999 -9999 -9999 -9999 -9999 -9999 -9999 -9999 -9999 -9999 -9999 0.258546548745155 0.260413160472823 0.253402862640458 0.245611134608441 0.23622247193315 0.208655678433014 0.171152954089775 0.138775118223073 0.110051470845534 0.0901252425024793 0.0927247850369398 0.110299832396958 0.106122315821912 0.100999106940743 0.0990340002111763 0.0983651580693559 0.0987367217859737 0.101139888482861 0.103940209453154 0.107168907370952 0.109491353860469 0.110939003480721 0.11161309734704 0.112124452324331 0.112631334713354 0.111598672607859 0.108779773720539 0.108720502058168 0.109280490018619 0.108430741944214 0.108826454930578 0.110963467646692 0.107371207143461 0.101877330735256 0.0993076829378079 0.0984697621427912 0.100566890012707 0.101279167542254 0.101345257630397 0.0984320431752993
-9999 -9999 -9999 -9999 -9999 -9999 -9999 -9999 -9999 -9999 -9999 -9999 -9999 -9999 -9999 -9999 -9999 0.273550917706046 0.272308675745788 0.264426616687125 0.254215410609885 0.239244348099017 0.207459081792448 0.166483389489627 0.150113249389882 0.132659910588492 0.110166265745664 0.107232767190657 0.117303177212838 0.115905022596659 0.113700963431249 0.112171064971751 0.110071907924215 0.107515853438024 0.109275102549391 0.111480256990658 0.112908736272209 0.114088653693916 0.115028636446254 0.115401163057487 0.1156306237632 0.115717009281077 0.114452109605874 0.111619398592182 0.11062279263805 0.110120944388828 0.109434399596977 0.109477889716851 0.110542053733756 0.10924081231228 0.106892980717988 0.101084798020613 0.0980432302194715 0.0996907094483574 0.100521470133343 0.100978123708076 0.100650146843817
-9999 -9999 -9999 -9999 -9999 -9999 -9999 -9999 -9999 -9999 -9999 -9999 -9999 -9999 -9999 -9999 -9999 0.295475971806286 0.286428117393418 0.27715527741674 0.263384304827889 0.240420926056604 0.20098009733029 0.15253290789498 0.157583986608101 0.156316157977041 0.134029148132832 0.123504892812324 0.120800711134993 0.123405730056653 0.125780952516361 0.125900176767652 0.122780445302137 0.117061068258983 0.118477918600635 0.120255466065374 0.119151047811588 0.11877503592626 0.119102148572154 0.119043435400589 0.118873271210589 0.118522151690642 0.117291812760168 0.11504137076936 0.112833073026833 0.110853326412941 0.11084677290886 0.110667277467839 0.11024598904144 0.110576209815563 0.110736343985675 0.103024151108814 0.0982076310893646 0.0982988943072836 0.0988794856360243 0.0996992467411012 0.10308166954649
-9999 -9999 -9999 -9999 -9999 -9999 -9999 -9999 -9999 -9999 -9999 -9999 -9999 -9999 -9999 -9999 0.301739982058491 0.297010476582578 0.290167432895378 0.282059210791695 0.268332396640501 0.243123399831033 0.202855890479166 0.154357593228206 0.161440925266464 0.162299094278801 0.142182026843387 0.132945339199246 0.1309421078907 0.131730791233207 0.130512272448534 0.122025069449739 0.120382353673124 0.124233149538557 0.12540075791465 0.125899993337199 0.125223427743396 0.124599852855593 0.124027429449888 0.123081871437976 0.122043082222407 0.120915186866192 0.118993180783973 0.116149817902597 0.114326505579831 0.112791424774571 0.111275445462118 0.110094748557442 0.109382815538238 0.109720238134433 0.110117968129093 0.104839343941501 0.100354870149713 0.0972163764435211 0.0962532150613483 0.0962976434836687 0.0999851659798155
-9999 -9999 -9999 -9999 -9999 -9999 -9999 -9999 -9999 -9999 -9999 -9999 -9999 -9999 -9999 0.309136003883135 0.306115121521414 0.300350684303468 0.293377025800187 0.287250668222111 0.274627934918192 0.248729175864377 0.207507811868237 0.157911310488057 0.166009632484299 0.168681345026082 0.15220784719962 0.144641024996796 0.142995507974013 0.141311826721171 0.137617324388857 0.127450067937085 0.126772679400313 0.133712033824741 0.133752823810758 0.13282178779412 0.132033991183966 0.130932029893757 0.129526808084481 0.127800103716087 0.126028578819933 0.124389833710566 0.121799425884542 0.118104863580075 0.116018185474483 0.114357846838997 0.112472750370742 0.110849616903747 0.109592738246048 0.109479421168147 0.109609380948418 0.106722878806478 0.102966229470251 0.0977347955072918 0.0953583540900819 0.0943021851350258 0.0977309788559842
-9999 -9999 -9999 -9999 -9999 -9999 -9999 -9999 -9999 -9999 -9999 -9999 -9999 -9999 -9999 0.311393494953245 0.314401012960636 0.307197987692599 0.295557774048458 0.293000564332841 0.283540528052553 0.25997384106623 0.21755162086252 0.1648232104425 0.171960760016164 0.175839157427252 0.165871356441547 0.160716910977062 0.158762463826822 0.153332256839432 0.149332716733319 0.150938037901219 0.150232158463525 0.147671266806247 0.144880780597444 0.142224332601169 0.140278278922154 0.138249618427894 0.136141218270774 0.133838658618835 0.131598326798805 0.129965222324123 0.126751599595048 0.12170420080403 0.118094907878612 0.115202386970512 0.115162918328649 0.114182599874577 0.111886863720713 0.110433377928175 0.109314028946238 0.108739149815083 0.106479018430103 0.101362606943977 0.0978262938154851 0.0950377876916614 0.0971127664404085
-9999 -9999 -9999 -9999 -9999 -9999 -9999 -9999 -9999 -9999 -9999 -9999 -9999 -9999 -9999 0.33174502713172 0.32998345925097 0.320401118083373 0.307417287143028 0.301125427650762 0.289331216684016 0.266292372872286 0.228013594071609 0.181404864212564 0.180980817543466 0.18038681779751 0.175061127805087 0.176852314341971 0.183374918035989 0.172110808444197 0.16299551105143 0.165884458373463 0.165119027004491 0.161420523919287 0.155533419307674 0.150107015750026 0.147987462218803 0.145947649426646 0.143984809698157 0.141016307371963 0.138016864314111 0.136077680442632 0.132278523556236 0.126321356801155 0.121709784195373 0.117819662754644 0.117061457468939 0.115476754796782 0.112736512444578 0.1112064087349 0.11017896598489 0.110336807709614 0.109203302369451 0.105881134224212 0.102535962473569 0.0992080712478747 0.0997316320374102
-9999 -9999 -9999 -9999 -9999 -9999 -9999 -9999 -9999 -9999 -9999 -9999 -9999 -9999 -9999 0.335348154472909 0.343208371803711 0.336909125156575 0.324309524420771 0.310485216611332 0.293498590301755 0.270049434174174 0.238693002582601 0.203014556647274 0.191596644618822 0.183577262091507 0.181924663417755 0.193018665310813 0.212586817959274 0.194403420156638 0.177670907407382 0.176389479207194 0.175548344920623 0.175060598647189 0.165938904086998 0.15719940750905 0.155418404117274 0.15384350132738 0.152467545712248 0.14878625744233 0.144876751908096 0.142469401744878 0.138104303779749 0.131467754001592 0.126124463432908 0.121358718304168 0.118548368725115 0.115710768328158 0.112835068111508 0.111885362411431 0.111647225328401 0.111716796885456 0.11151758272381 0.110862812251197 0.108411276086435 0.105164306049166 0.104033700094171
-9999 -9999 -9999 -9999 -9999 -9999 -9999 -9999 -9999 -9999 -9999 -9999 -9999 -9999 -9999 0.362758380825536 0.364300629676503 0.361948688898004 0.357669408981132 0.334769002850914 0.311205571050321 0.286287176691495 0.25385399675646 0.217313332366317 0.192897698164194 0.176770233594378 0.180549786739923 0.196861695131359 0.221505320447421 0.222798550271648 0.217571950354175 0.197986294888448 0.189064895115343 0.188702823586921 0.179622991744264 0.170579187518502 0.167077579531403 0.16397798673208 0.161266455806856 0.157773868376383 0.154024687025167 0.149726367675106 0.144572334521102 0.138425470385751 0.132725906712246 0.12723143760759 0.122461886671949 0.117819943703577 0.113356411547006 0.111660026709773 0.111034823355906 0.111723626981511 0.112486996104902 0.113376743903696 0.110237553639029 0.105315123202794 0.105191675833271
-9999 -9999 -9999 -9999 -9999 -9999 -9999 -9999 -9999 -9999 -9999 -9999 -9999 -9999 -9999 -9999 0.378346828850641 0.383987248886258 0.391750997358062 0.36369400246556 0.336642780440612 0.31164696085107 0.275135781794884 0.232330456415487 0.202562937953587 0.183006463212392 0.188152415603206 0.207207167353273 0.235508718826857 0.250917185417021 0.253901086612002 0.220502713388382 0.204812687663981 0.203335708146039 0.193789562762333 0.184228245775807 0.179591021566731 0.175314247320665 0.171385412387384 0.167650932891848 0.163675182720204 0.158035246457213 0.152141411162853 0.145952992769198 0.13953906473446 0.133101060798009 0.127019782422261 0.121090885290918 0.115375034900305 0.112734645555333 0.111332069532255 0.112233914204861 0.113413424371758 0.115063540897033 0.116847794051525 0.118627281309932 0.111316187011284
-9999 -9999 -9999 -9999 -9999 -9999 -9999 -9999 -9999 -9999 -9999 -9999 -9999 -9999 -9999 -9999 -9999 0.398312579144313 0.426590587052264 0.402882419629882 0.379844686903902 0.358177057858602 0.310853194809528 0.249505966585438 0.232869234378033 0.22116250729598 0.217805433175739 0.233900311182963 0.262927168501142 0.278010265155109 0.280156964287837 0.244570873068301 0.22573667605805 0.220347858208831 0.208920778136854 0.19815165123862 0.193905818762084 0.189404365797769 0.184656164530003 0.179592186804375 0.174397217020546 0.168819387875627 0.162316967829606 0.154741803032413 0.14673119921855 0.13882502085533 0.132981630105509 0.127041119178139 0.120964822922548 0.116985092696464 0.113937374096926 0.114034752778009 0.114316268556776 0.114909872408296 0.116563189298229 0.118627281309932 0.111316187011284
-9999 -9999 -9999 -9999 -9999 -9999 -9999 -9999 -9999 -9999 -9999 -9999 -9999 -9999 -9999 -9999 -9999 0.448382201597956 0.446730869395503 0.427687941850972 0.406387740009887 0.380474561187433 0.335880696733119 0.281076211487902 0.268406973084226 0.259085298547209 0.254336707499175 0.268930020327589 0.296382150570608 0.313158565165481 0.320854688121631 0.302318980776067 0.274731444815483 0.239878744312362 0.227518411883748 0.218920396692274 0.212373391374923 0.207069865436905 0.202966659668422 0.195852001882983 0.188329066158318 0.182118236591873 0.174760554166607 0.166072250400376 0.157095808410154 0.14817832751617 0.140533520708081 0.133275630862727 0.126558696029029 0.121889394764708 0.118081588959815 0.116475010989323 0.115308442160554 0.114887630741676 0.116363891730008 0.118679410950951 -9999
-9999 -9999 -9999 -9999 -9999 -9999 -9999 -9999 -9999 -9999 -9999 -9999 -9999 -9999 -9999 -9999 -9999 0.452816172397607 0.457551471277893 0.443374395957328 0.422368717881489 0.387408073245731 0.35413056259912 0.321773031188931 0.307261559941912 0.296860202431211 0.295228946153482 0.309245293140022 0.333664425428191 0.353414049969462 0.370708856422047 0.381420907821241 0.341523698653467 0.261006563829451 0.24831383024748 0.244029236535227 0.233473913894351 0.227002234470651 0.224472461443012 0.214849878637392 0.204296007692562 0.197011464411078 0.188642120627278 0.179014150954407 0.169471835543993 0.15983271883487 0.149093533093082 0.139690380851769 0.132155159167736 0.127208255073212 0.123201506411599 0.119320675153845 0.116357252558075 0.114948716537832 0.11621868077192 -9999 -9999
-9999 -9999 -9999 -9999 -9999 -9999 -9999 -9999 -9999 -9999 -9999 -9999 -9999 -9999 -9999 -9999 -9999 0.482000742048787 0.483126929731421 0.456638465691641 0.432044249546121 0.411321127820345 0.374942288417558 0.330006236524842 0.336193288153132 0.339308621591914 0.329867540846091 0.343648104579552 0.372866801411668 0.374430994470972 0.375584361325109 0.383304633666575 0.347529339279784 0.276843701072816 0.266293923389625 0.261939893527214 0.246685497898467 0.238026150854398 0.235732948651025 0.227361960402617 0.21781977238835 0.208876504396391 0.199953651317494 0.191054484380013 0.181416521771646 0.171386771864082 0.159676817054413 0.149178813988008 0.140375260719747 0.133064885538467 0.126444035463411 0.122522691171351 0.119430696032954 0.117744338228158 0.11711312415949 -9999 -9999
-9999 -9999 -9999 -9999 -9999 -9999 -9999 -9999 -9999 -9999 -9999 -9999 -9999 -9999 -9999 -9999 -9999 0.54823100525962 0.51078560791803 0.475112826480678 0.446839643541286 0.433688316902018 0.393440456442471 0.338381981584763 0.362882497082304 0.378217131028639 0.362880188867176 0.375097242942257 0.405632649177069 0.391051198591199 0.378021244093745 0.382868565766015 0.352257298714188 0.293186314572793 0.283761359912373 0.27837258725326 0.259409632817438 0.248710348705014 0.245987915940848 0.238728624374709 0.230220436101252 0.219948205927193 0.210589926159194 0.202292045644273 0.192512194196468 0.182130527632033 0.170054449735659 0.158734605377907 0.148472063651209 0.139281031440068 0.130709285469435 0.126296782201596 0.122705102311808 0.120504609691441 0.123970922326174 -9999 -9999
-9999 -9999 -9999 -9999 -9999 -9999 -9999 -9999 -9999 -9999 -9999 -9999 -9999 -9999 -9999 -9999 0.574175128026897 0.56081470564183 0.541393658529501 0.509935248828288 0.47859481479702 0.447495476431731 0.404340433245284 0.354595897964074 0.385037061244077 0.405327920560361 0.392390311446805 0.39894090678091 0.418447582567681 0.398731278870603 0.383326396530493 0.393015936498969 0.366979346376595 0.312268305530815 0.300316906023895 0.291966860942269 0.272455759147728 0.26039698121803 0.255531868735102 0.248102487951596 0.239773696545496 0.229305667733561 0.219765418577721 0.211301613885194 0.201132413658502 0.190440689964644 0.179347056551801 0.167793387700664 0.155596535686593 0.146464394900377 0.138503295580979 0.131723870606235 0.126126856764998 0.122533873705709 0.124913244723632 0.129950937054027 -9999
-9999 -9999 -9999 -9999 -9999 -9999 -9999 -9999 -9999 -9999 -9999 -9999 -9999 -9999 -9999 0.605201858707106 0.598698339582977 0.592556768477761 0.58621467963114 0.545930016239329 0.506434500546116 0.468551691015413 0.426351790621536 0.381792224282176 0.405867276367393 0.425193528081039 0.42607627664626 0.433931679363712 0.446422617818053 0.425043977419076 0.408842708132513 0.419000348549398 0.401166058044279 0.360864927670559 0.335552605856828 0.312362059462891 0.288903748802391 0.273679756674339 0.266404282858007 0.2583554147718 0.249888442415052 0.23990962325783 0.23001244590649 0.220209992414786 0.209956565104037 0.199509698242556 0.188453406602068 0.176481203778123 0.163228450364148 0.15369204707486 0.145517013174762 0.137727669909541 0.131640068233611 0.128436693905697 0.128469186055576 0.129950937054027 -9999
-9999 -9999 -9999 -9999 -9999 -9999 -9999 -9999 -9999 -9999 -9999 -9999 -9999 -9999 -9999 0.614060554435925 0.631213281535123 0.638985055336911 0.641930936124543 0.582823468090425 0.531272692955211 0.495164813019363 0.456880797911915 0.417407335507681 0.425682285378458 0.439505197139585 0.462963317112385 0.477467490000953 0.486018930861089 0.465639880322812 0.449852286029457 0.457124959806062 0.450273795285455 0.432086577734507 0.385107949292054 0.337970642263272 0.307959504491275 0.288186087269815 0.27829505545105 0.269282205016037 0.260433606111905 0.251469103348921 0.241080879646088 0.229040801957308 0.218937044670123 0.209160414982176 0.197416977821624 0.184884648297383 0.171249355298039 0.160953649644616 0.151932582009894 0.144173558429757 0.138756527700984 0.137308865690271 0.134028648997257 -9999 -9999
