layers/veg/veg_4300.asc
NCOLS 255 
NROWS 330 
XLLCORNER -2985163.8955 
YLLCORNER -3022031.214 
CELLSIZE 25000 
NODATA_value -9999 
[rows 75 to 99 of 330, columns 0 to 56 of 255]
-9999 -9999 -9999 -9999 -9999 -9999 -9999 -9999 -9999 -9999 -9999 -9999 -9999 -9999 -9999 -9999 -9999 -9999 -9999 -9999 -9999 -9999 -9999 -9999 -9999 -9999 0.616774303259749 0.620819661202674 0.625320421959857 0.630508762541324 0.626016152090034 0.612240342268248 0.445834504898618 0.341521147495626 0.351256448671336 0.37114557002078 0.396023559944352 0.523094646768153 0.615505264296422 0.626855249297793 0.641602988881406 0.658392649098064 0.662861445288189 0.665718411501332 0.666129880019078 0.674903986873481 0.689766029317238 0.697240507961421 0.704920237285743 0.716461031126494 0.728149577809065 0.739967691740321 0.751141391926495 0.76273433280364 0.776947290084426 0.791594251559379 0.806698626073406
-9999 -9999 -9999 -9999 -9999 -9999 -9999 -9999 -9999 -9999 -9999 -9999 -9999 -9999 -9999 -9999 -9999 -9999 -9999 -9999 -9999 -9999 -9999 -9999 -9999 -9999 0.614593451054444 0.619554028575753 0.623124978284747 0.624597829305952 0.620346335813974 0.610577516021532 0.509769895912335 0.430794397908733 0.391919154258112 0.386050331432121 0.39639852769639 0.53429738613619 0.63954673441203 0.66762037487136 0.69172834424822 0.713453096882622 0.69225019646787 0.675151282115269 0.677098659279817 0.681658686397742 0.688120702337061 0.696286412594802 0.705557752270955 0.71815429659323 0.730323045169734 0.742116651602804 0.756658806062253 0.771285799401459 0.783957997300762 0.795876843287595 0.807001703888096
-9999 -9999 -9999 -9999 -9999 -9999 -9999 -9999 -9999 -9999 -9999 -9999 -9999 -9999 -9999 -9999 -9999 -9999 -9999 -9999 -9999 -9999 -9999 -9999 -9999 -9999 0.617853795953791 0.620295999510554 0.622739966895258 0.625186597356402 0.623839562077328 0.61885369697305 0.554027983390792 0.486655429850792 0.414604955877411 0.393878282448917 0.398368492051861 0.545360793870969 0.660455660268595 0.699684751390924 0.727940159338108 0.749600803139304 0.720265428814917 0.697263188250947 0.701021536532172 0.698347022978119 0.690989436100574 0.697585623766179 0.706713079439755 0.719220360430697 0.731336186846459 0.743108739375463 0.758717713282661 0.774234736085377 0.78598767773296 0.79676596605116 0.806517031251636
-9999 -9999 -9999 -9999 -9999 -9999 -9999 -9999 -9999 -9999 -9999 -9999 -9999 -9999 -9999 -9999 -9999 -9999 -9999 -9999 -9999 -9999 -9999 -9999 -9999 -9999 0.632935590063126 0.625433342605414 0.626348415735584 0.639972193400598 0.647302663995718 0.648747279482847 0.555139612930409 0.46938108275848 0.398039491250936 0.386328557115558 0.403915907520245 0.556210099119628 0.674573421287551 0.712675976580166 0.73366157386846 0.744360533650126 0.745162653645089 0.746912112626987 0.753055975678039 0.736630621882771 0.703775053969513 0.703875287027334 0.70906574961389 0.718991509626651 0.729890841479818 0.741643916808945 0.753270286220546 0.764975132803307 0.77717566419066 0.790286995589986 0.804358252739033
-9999 -9999 -9999 -9999 -9999 -9999 -9999 -9999 -9999 -9999 -9999 -9999 -9999 -9999 -9999 -9999 -9999 -9999 -9999 -9999 -9999 -9999 -9999 -9999 -9999 -9999 0.639945257224881 0.647155609042854 0.651239486197637 0.650602925023464 0.643515615178919 0.629497410662976 0.492914946404446 0.39687515066574 0.37530229460107 0.400031637081769 0.447510602786412 0.567638618863402 0.663912938766013 0.704339854950253 0.725449708548771 0.734950745880873 0.746505162616503 0.757212846497267 0.765164787113301 0.746279500235944 0.707856920724462 0.707207769849041 0.711657081229797 0.718843287855697 0.728013803454258 0.738924396948861 0.747577322343872 0.756231051259034 0.766837458690184 0.778720175554014 0.791948042036784
-9999 -9999 -9999 -9999 -9999 -9999 -9999 -9999 -9999 -9999 -9999 -9999 -9999 -9999 -9999 -9999 -9999 -9999 -9999 -9999 -9999 -9999 -9999 -9999 -9999 -9999 0.642277148358026 0.67848879430653 0.688463779104607 0.658825923799903 0.623937176718118 0.581769042918847 0.39398706529817 0.292362662430491 0.348988595710653 0.42605066101376 0.513153595180172 0.579402791861675 0.638893530224419 0.683644592742846 0.709163544731835 0.723124733393148 0.734197776594892 0.744711408955685 0.754136803817172 0.739334634430793 0.706894986931625 0.708826574496241 0.714386716514431 0.718741790394291 0.725886600684668 0.735477783354857 0.741742070538285 0.747785713186333 0.755614829022031 0.764204960264507 0.773597153732823
-9999 -9999 -9999 -9999 -9999 -9999 -9999 -9999 -9999 -9999 -9999 -9999 -9999 -9999 -9999 -9999 -9999 -9999 -9999 -9999 -9999 -9999 -9999 -9999 -9999 -9999 -9999 -9999 -9999 -9999 0.541991051780289 0.534379369833399 0.404548799356224 0.329944648264572 0.356777886248182 0.413819379267676 0.48570307075526 0.547532499859826 0.604019417263958 0.648686578672084 0.681481579627556 0.707141865935358 0.720555729701963 0.732556628331685 0.742663192473106 0.731218609637463 0.704084959620957 0.706325603185317 0.711348652806448 0.714176831385736 0.719754088610836 0.727742064656427 0.736340863694463 0.745028146989774 0.753623773151696 0.762846951284702 0.772731529602615
-9999 -9999 -9999 -9999 -9999 -9999 -9999 -9999 -9999 -9999 -9999 -9999 -9999 -9999 -9999 -9999 -9999 -9999 -9999 -9999 -9999 -9999 -9999 -9999 -9999 -9999 -9999 -9999 -9999 -9999 0.580590919113528 0.499318259568687 0.41930114533614 0.366447799420975 0.36348763445469 0.407303760343169 0.47410244486149 0.529886200451188 0.581350773126047 0.623335078497172 0.65992659862895 0.693277260957943 0.708329952110529 0.72134348963644 0.731730885434584 0.723277803521752 0.70110900054583 0.703807246862138 0.708700738986905 0.711150315310453 0.715292846426338 0.720919961472315 0.730953495101654 0.741436256103914 0.750326984645101 0.760233277256403 0.771209910325081
-9999 -9999 -9999 -9999 -9999 -9999 -9999 -9999 -9999 -9999 -9999 -9999 -9999 -9999 -9999 -9999 -9999 -9999 -9999 -9999 -9999 -9999 -9999 -9999 -9999 -9999 -9999 -9999 -9999 0.638851739728117 0.579711218537376 0.497683942869709 0.430160347924673 0.380202769107415 0.362509654151503 0.421642140799206 0.518521290571826 0.556946354878987 0.593196451591805 0.626056142798272 0.656596823388694 0.685743867237396 0.700135728855218 0.712638709633705 0.72233046182699 0.715976094579921 0.697940277331152 0.701816303178542 0.707916608767936 0.712923471726168 0.715928021417294 0.717176704907618 0.725543160115064 0.734785723518231 0.742197325561031 0.752375137095987 0.765468358913913
-9999 -9999 -9999 -9999 -9999 -9999 -9999 -9999 -9999 -9999 -9999 -9999 -9999 -9999 -9999 -9999 -9999 -9999 -9999 -9999 -9999 -9999 -9999 -9999 -9999 -9999 -9999 -9999 0.607882918766846 0.615870462108951 0.575041297414125 0.514590772591187 0.445680732692007 0.398076086563388 0.389604224007416 0.443600825854412 0.528290009764294 0.565314615254505 0.599930275866984 0.630344230988732 0.651783552491334 0.66782946222231 0.689111803676417 0.707523387374337 0.716889609216286 0.716547214212937 0.709137021747054 0.706219088400833 0.705509706567236 0.710984041008587 0.71428209441334 0.715671726004989 0.721072901153531 0.727436503783527 0.73507523087378 0.742119993344787 0.748538754580679
-9999 -9999 -9999 -9999 -9999 -9999 -9999 -9999 -9999 -9999 -9999 -9999 -9999 -9999 -9999 -9999 -9999 -9999 -9999 -9999 -9999 -9999 -9999 -9999 -9999 -9999 -9999 0.604700412231446 0.599525514633268 0.586537412834694 0.567706802146949 0.544532268432153 0.464477988912972 0.418844655851284 0.43643416028289 0.47091668375786 0.513699241149682 0.560542231972547 0.603070400426153 0.635733957272968 0.645927364929517 0.642617071789362 0.676098561388849 0.704931500407147 0.714232386309511 0.722653034320344 0.730432876000541 0.715116747869671 0.701961974641651 0.706434613442668 0.711032523157091 0.715740285293914 0.717263527815554 0.71959609793212 0.728661467009693 0.730179725017977 0.723743804110844
-9999 -9999 -9999 -9999 -9999 -9999 -9999 -9999 -9999 -9999 -9999 -9999 -9999 -9999 -9999 -9999 -9999 -9999 -9999 -9999 -9999 -9999 -9999 -9999 -9999 -9999 0.593544780049006 0.585926956886462 0.584833377952661 0.593590284259451 0.56231319221701 0.515054099606402 0.463915738097002 0.427235382654151 0.417110838776542 0.447933575952816 0.498874908903931 0.56316012781084 0.612753763652583 0.628771873400655 0.640157846247631 0.648760081869184 0.675797080392579 0.69887056521455 0.707522215275941 0.715235348332876 0.722265248318784 0.716338745525403 0.709361899519983 0.704000044532297 0.703526473608003 0.707339531008977 0.70638530430955 0.705924093283176 0.712004755232794 0.715963217709527 0.717685015832634
-9999 -9999 -9999 -9999 -9999 -9999 -9999 -9999 -9999 -9999 -9999 -9999 -9999 -9999 -9999 -9999 -9999 -9999 -9999 -9999 -9999 -9999 -9999 -9999 -9999 -9999 0.593780580805074 0.577546104368184 0.578179018269846 0.60427878683725 0.559763736790314 0.488935315328542 0.463806682838831 0.436740652584578 0.406116097750565 0.433199118630627 0.488635557834356 0.56773269890861 0.623476196201187 0.62578421001929 0.638602637514318 0.657737421894251 0.67763125916577 0.694248240850566 0.701440649445471 0.707244625966115 0.712037834748396 0.713562876301714 0.711945723745801 0.700215723264268 0.695928859890766 0.698169023576735 0.696152830486681 0.694264035158961 0.696676283748925 0.702005373352734 0.710408629359946
-9999 -9999 -9999 -9999 -9999 -9999 -9999 -9999 -9999 -9999 -9999 -9999 -9999 -9999 -9999 -9999 -9999 -9999 -9999 -9999 -9999 -9999 -9999 -9999 -9999 -9999 0.599128301200432 0.597669796428515 0.601798173658815 0.61436178059148 0.566402909461517 0.496150728481885 0.47232687279118 0.454632856515036 0.448197852005038 0.46548752336022 0.494433821268764 0.576413981742694 0.635430238653803 0.641124371798581 0.651678709529254 0.665153844446583 0.682265295721169 0.695895010304953 0.699022631863708 0.70218659219826 0.705377006878623 0.699673378076546 0.693784780707743 0.690964788934471 0.6895632519956 0.689405584805786 0.690742213470949 0.691728527837621 0.689700545986484 0.689776702456752 0.692070487966475
-9999 -9999 -9999 -9999 -9999 -9999 -9999 -9999 -9999 -9999 -9999 -9999 -9999 -9999 -9999 -9999 -9999 -9999 -9999 -9999 -9999 -9999 -9999 -9999 -9999 -9999 0.613149302509322 0.61363745285037 0.617841243834749 0.627655012317401 0.578392036076556 0.506643383603685 0.459920167207532 0.436513982702733 0.455935467678594 0.480635471161308 0.507928965039383 0.587702947921772 0.641893826138341 0.636853445568711 0.644686648782592 0.660256383789022 0.677514037450041 0.690125321091032 0.689267635417543 0.69163256761587 0.696343540530406 0.691149717533211 0.685481716405447 0.682250457701456 0.678877373769485 0.675379920625005 0.678465596323897 0.681482568754787 0.67847906056519 0.676603254165183 0.675915974304047
-9999 -9999 -9999 -9999 -9999 -9999 -9999 -9999 -9999 -9999 -9999 -9999 -9999 -9999 -9999 -9999 -9999 -9999 -9999 -9999 -9999 -9999 -9999 -9999 -9999 -9999 0.634520779583268 0.626082931270165 0.627463695180555 0.643668872678118 0.5949151685886 0.519913452244719 0.429778230860725 0.387876259465326 0.434566939918366 0.481257138249131 0.527947099699135 0.60120188670769 0.643704335210645 0.615962415761565 0.62068714587135 0.644923091407523 0.664808882278991 0.67807029415458 0.673294659193118 0.676420773074228 0.685299298581939 0.687173524117109 0.685533056793196 0.673990889561861 0.66453013109747 0.656894599166793 0.660370146825942 0.664702117203011 0.663659367547246 0.662629121170921 0.661612052462287
-9999 -9999 -9999 -9999 -9999 -9999 -9999 -9999 -9999 -9999 -9999 -9999 -9999 -9999 -9999 -9999 -9999 -9999 -9999 -9999 -9999 -9999 -9999 -9999 -9999 -9999 0.633111433361241 0.632201016159754 0.633841680878148 0.639334039971902 0.6160150591166 0.57923356920393 0.48476931425586 0.425209914509748 0.429762173950158 0.487416488744545 0.571161395123612 0.586510333770233 0.590836149615123 0.572020475217209 0.58380744839954 0.613985443066035 0.639116769413409 0.655014193264416 0.645593787706008 0.654241267335345 0.676042026687025 0.679697149848723 0.67863272505216 0.66795239348171 0.659975562633068 0.654369482465276 0.659106521234298 0.664044697152791 0.661045265788771 0.658558683064059 0.65661261044926
-9999 -9999 -9999 -9999 -9999 -9999 -9999 -9999 -9999 -9999 -9999 -9999 -9999 -9999 -9999 -9999 -9999 -9999 -9999 -9999 -9999 -9999 -9999 -9999 -9999 -9999 0.628815849653284 0.635473225327621 0.637997733057186 0.634282321914321 0.635479700053056 0.635447580295672 0.546565582587624 0.47596452642207 0.438941076781448 0.501519868416097 0.613036151842902 0.572631057992796 0.540270907729746 0.530077860370765 0.546312449690629 0.578429038522526 0.611369127563255 0.632821022623461 0.621548761540537 0.634848481310394 0.666036411799453 0.67023924676578 0.669609147851848 0.662670495300817 0.657379266986346 0.653532696000416 0.659410310709673 0.664928178025668 0.66028162230475 0.657388294991235 0.656342759806927
-9999 -9999 -9999 -9999 -9999 -9999 -9999 -9999 -9999 -9999 -9999 -9999 -9999 -9999 -9999 -9999 -9999 -9999 -9999 -9999 -9999 -9999 -9999 -9999 -9999 -9999 0.628434501268562 0.630349118366255 0.634310297165761 0.641361431695136 0.643881689630122 0.642272844556901 0.575266437347843 0.523678645057221 0.500411067219844 0.548270644689963 0.631077072095318 0.583933184377332 0.541922602561436 0.514919619613801 0.515746577588508 0.533298266325929 0.58395023910728 0.622987399686084 0.623372189097434 0.633676353238599 0.651201744941054 0.654247372897267 0.656015856347721 0.659211491922448 0.656429362913215 0.648405219598945 0.654200393777471 0.660713337596395 0.658831381544239 0.662149038334859 0.670946759015175
-9999 -9999 -9999 -9999 -9999 -9999 -9999 -9999 -9999 -9999 -9999 -9999 -9999 -9999 -9999 -9999 -9999 -9999 -9999 -9999 -9999 -9999 -9999 -9999 -9999 -9999 0.625731567761611 0.626166167401553 0.630190527011635 0.639634805981471 0.643752564240204 0.64433292652458 0.604895871880169 0.565551416605195 0.526377043663462 0.552575226533236 0.610892856440514 0.585854948274474 0.553994565464422 0.508884088639763 0.503430428103752 0.521808998372141 0.573071276265089 0.613576140718694 0.617897701117919 0.627173701866627 0.64005649660961 0.644198274866837 0.647444342933607 0.651095868408112 0.64855380541657 0.640580468094543 0.64968521079553 0.65980736308708 0.660196820581863 0.665528904002554 0.676070203316017
-9999 -9999 -9999 -9999 -9999 -9999 -9999 -9999 -9999 -9999 -9999 -9999 -9999 -9999 -9999 -9999 -9999 -9999 -9999 -9999 -9999 -9999 -9999 -9999 -9999 -9999 0.625630463126553 0.624807643319432 0.625630320057453 0.628937413206489 0.634932439082002 0.641538520143508 0.635471289043775 0.601473366205792 0.516173612169667 0.513638114015507 0.551767113377158 0.578220548819009 0.576682086561571 0.512142239548619 0.509706026081388 0.544591722615218 0.579042219939592 0.604595161401676 0.604988524650276 0.615240625873025 0.632669811571119 0.640203328448668 0.643988722622044 0.638236353306418 0.63362279824753 0.630007890850447 0.645877782031426 0.662272267185654 0.664430709120856 0.667502012451766 0.671535414100799
-9999 -9999 -9999 -9999 -9999 -9999 -9999 -9999 -9999 -9999 -9999 -9999 -9999 -9999 -9999 -9999 -9999 -9999 -9999 -9999 -9999 -9999 -9999 -9999 -9999 -9999 -9999 0.623917983033112 0.633410968137178 0.657236725954563 0.677195806454698 0.694956077053956 0.693999337812937 0.668865905152645 0.59932581560221 0.550208390874918 0.51112521818212 0.511654158689124 0.50671429638319 0.488370329448616 0.49487459299257 0.516311693291117 0.575584399084828 0.620921186186103 0.620205588078152 0.626657002556718 0.638325946388854 0.635331380206112 0.630251653563872 0.623722063885744 0.619183564569018 0.616391089875796 0.627224957522049 0.63805696737838 0.637118152987568 0.642939638537864 0.655886053714844
-9999 -9999 -9999 -9999 -9999 -9999 -9999 -9999 -9999 -9999 -9999 -9999 -9999 -9999 -9999 -9999 -9999 -9999 -9999 -9999 -9999 -9999 -9999 -9999 -9999 -9999 -9999 -9999 -9999 0.702903381312223 0.724085126132116 0.752335928448666 0.743811802430431 0.724917392711134 0.686975314967913 0.600000701592637 0.488934970594708 0.448769501906739 0.431452038828052 0.463953826311567 0.479801627145402 0.4856410185608 0.569419822637978 0.635320539626644 0.637068749316229 0.640328132354254 0.644687637822461 0.629577015499458 0.61475204973511 0.609169608135738 0.605246897644285 0.602779636608565 0.607168466789409 0.610923712545176 0.605642141543149 0.613645920501412 0.635651620137387
-9999 -9999 -9999 -9999 -9999 -9999 -9999 -9999 -9999 -9999 -9999 -9999 -9999 -9999 -9999 -9999 -9999 -9999 -9999 -9999 -9999 -9999 -9999 -9999 -9999 -9999 -9999 -9999 -9999 -9999 0.724085126132115 0.750662914846828 0.693629092949539 0.658285601315379 0.662781927191618 0.622683099682786 0.560673370121859 0.499586559704898 0.4617016719167 0.476266295971131 0.495139783977616 0.51660273452347 0.559662793413698 0.598608763532196 0.622160209507514 0.633494253658583 0.635934124418311 0.619320138022599 0.603193975328068 0.59687425476882 0.593886258669351 0.59381991447392 0.600346443893677 0.604962842987683 0.594485602332771 0.593319320363454 0.60196620141497
-9999 -9999 -9999 -9999 -9999 -9999 -9999 -9999 -9999 -9999 -9999 -9999 -9999 -9999 -9999 -9999 -9999 -9999 -9999 -9999 -9999 -9999 -9999 -9999 -9999 -9999 -9999 -9999 -9999 -9999 -9999 -9999 0.61177928757514 0.62330263020973 0.655991527361131 0.642615527808772 0.60660649836187 0.534678627522759 0.483942318394207 0.482072249921438 0.501619971076632 0.534038965155464 0.543623704965895 0.560539467873064 0.602186874477382 0.623154275921213 0.62906679464308 0.613924502478079 0.598314117518044 0.589857535426203 0.586434016955151 0.587424086728964 0.593605257957867 0.59802983506809 0.589326531441466 0.587379293822568 0.592552523531691
