layers/veg/veg_3400.asc
NCOLS 255 
NROWS 330 
XLLCORNER -2985163.8955 
YLLCORNER -3022031.214 
CELLSIZE 25000 
NODATA_value -9999 
[rows 125 to 149 of 330, columns 57 to 113 of 255]
0.0925315375645059 0.113672752211224 0.143184859127294 0.161508004962403 0.165645536166887 0.199415344780125 0.238761885935451 0.23216279822712 0.218476800100164 0.193937685447526 0.17806622460017 0.166147487249328 0.168715540946393 0.171082460711037 0.173074389606721 0.180196927648912 0.189879281540843 0.286423879962094 0.366080560213192 0.403920601033775 0.510413602921873 0.658766008275702 0.702384281568832 0.737187946786024 0.766100561661934 0.798241511571523 0.832765635538932 0.827231026155918 0.815938103472522 0.8010065426343 0.776051644428119 0.7421862564002 0.699971386279594 0.656834505465827 0.616630393845832 0.578197820397065 0.541657927160568 0.50954691988085 0.479832016194504 0.459687841734828 0.440165831053616 0.421443578261515 0.401825298125703 0.382190262560105 0.365992422028685 0.353347304139507 0.346221021034064 0.342724867245315 0.340668935438863 0.33703436473695 0.331060062986468 0.320657687887333 0.308012436285075 0.294230923134795 0.302292684285018 0.307897173511453 0.306815135676091
0.0880334843600143 0.0892856875449339 0.116809425480954 0.141988822694337 0.164196012406632 0.183712796288753 0.202585505702896 0.223978744003054 0.218588764325544 0.172182125981025 0.156648976274642 0.153715181008402 0.156257488115761 0.157509693975367 0.156356655816158 0.142012699102178 0.121087394749949 0.20506151386341 0.265949675836436 0.270152943385028 0.364407083569355 0.513567461612724 0.587328057933297 0.648281846922515 0.686342651426432 0.735546207290362 0.792975401353828 0.80024400562423 0.798921000158879 0.787888221375397 0.769992849513299 0.745996808429667 0.706757488135456 0.665150588186474 0.625446002152204 0.58756313223289 0.551626551758056 0.519668722820779 0.489554322860955 0.465760606921476 0.444732235692561 0.427258565532625 0.406451174650358 0.384856430804807 0.366925042849972 0.352053688927218 0.341935822387594 0.334181469423431 0.327471562706706 0.323482340817191 0.317542342027339 0.307910387614282 0.297633366891456 0.287029549734366 0.288989023007364 0.289259939289851 0.285042205252801
0.103325319371433 0.0934541709362267 0.108168147793966 0.136016400657792 0.18051658183976 0.156832308501128 0.120437715204728 0.191225429226819 0.197380385407204 0.104554712399887 0.0929147311851081 0.113346646497587 0.1151518655863 0.118779764608064 0.125805838784549 0.108387417226065 0.0787728985113781 0.114410381074522 0.139348853005961 0.137441567699398 0.18368270678421 0.259281127645344 0.409604135976946 0.536341723247371 0.581040023788274 0.642873119265059 0.717355211314773 0.746643868141404 0.763891441157997 0.756345403870694 0.749051751318287 0.741982462321538 0.709042746083293 0.671272078677498 0.632630034650106 0.595312251991211 0.559409286878299 0.527836261681931 0.497741251086552 0.470634375838417 0.449072031624471 0.434636882193493 0.41190152295625 0.386861223894103 0.366604645299647 0.349607621147293 0.337674021372813 0.326753765630682 0.316382473149093 0.310730196285389 0.304170641366371 0.295894011410454 0.289338150558817 0.283654046918732 0.278331425985402 0.272512715395581 0.265519663545802
0.170218512317791 0.103805116607715 0.109064027423414 0.122588022011891 0.146590674309704 0.124956181390753 0.0945877504203701 0.133241479467678 0.135187703784037 0.0809189059427728 0.0840587350427917 0.108979320801135 0.0927356827745558 0.0847191023582018 0.0920409158422688 0.0903234986050135 0.0840961361723303 0.115925942556691 0.136674302550716 0.130638823171065 0.143770004076475 0.168587570441269 0.240811157229378 0.313130917312852 0.376876975379133 0.479584156063926 0.611052644270818 0.662471064336646 0.698796258132462 0.714468954013104 0.719304646703082 0.714506521525444 0.694891462307871 0.670182537958065 0.633236201491839 0.597057404876965 0.56169863433456 0.530753455251988 0.501421533915968 0.47592140177066 0.45413208240227 0.437112812168986 0.413577480412131 0.388159226632559 0.365572190654368 0.346175655868228 0.331735277452662 0.318646524649753 0.30627063762467 0.299509365184495 0.292657328971878 0.285633517186158 0.279698175593588 0.274314262858079 0.268056818957093 0.262156876951756 0.257129798959517
0.246478212213662 0.122350351909517 0.11688740427744 0.112342873887913 0.108962733380399 0.09576696064451 0.080446217521177 0.0770164993192994 0.0709165745964694 0.0607274119959633 0.0758749604979176 0.0995707934984661 0.0719243388578203 0.0569930740522032 0.0657678046884921 0.0792266773491702 0.0950226099288706 0.128070651001682 0.149086818157309 0.14185465410462 0.131646203525193 0.11962303764995 0.102802068414298 0.108196151100329 0.178617225306795 0.316489049303632 0.50415337482339 0.582113495105931 0.640584014751392 0.675209650651953 0.687603590734571 0.680234123477529 0.673105020953123 0.661031012655103 0.623794589668541 0.589160011857904 0.557305199654266 0.528483402794314 0.501100787322561 0.478786391608224 0.457765981800348 0.43840892089338 0.414618257939108 0.389415407955888 0.364489880102521 0.342635909983885 0.325553328283 0.310619573911119 0.296746289767506 0.289240867624484 0.282232968595775 0.276166660201675 0.270310565130052 0.264560966031292 0.25856418066494 0.253630514972785 0.25119058520672
0.325963232741365 0.174870241827712 0.149986513042594 0.123177961179482 0.093929075650091 0.0833334684667113 0.076897519869225 0.0493198722712125 0.0295448373924351 0.0217189679530984 0.0270035187669599 0.037433129503773 0.0437910799190048 0.055619358219984 0.077646427856977 0.088776745572253 0.0944703446673044 0.117001679217704 0.134063405309807 0.137972440704845 0.138911348116107 0.138039295247076 0.1038574436354 0.0790333483246858 0.0874429315533496 0.210778691864161 0.418953566123611 0.54432180028378 0.639102034712421 0.656642985250198 0.653663632527708 0.632442256552154 0.628198579810555 0.619355642595515 0.571891489276117 0.540266864339575 0.525564912833865 0.505775090664771 0.485380962721935 0.469817679081025 0.454050579022983 0.438021483983596 0.415660280800886 0.391038107313387 0.363740139675867 0.339372586752599 0.319557169271454 0.303517309172363 0.289230760398221 0.28227097182998 0.275494541249984 0.269065126033788 0.263196800643242 0.257612728439613 0.252479203037208 0.248682588730944 0.247988915298332
0.398322874428479 0.257244351778903 0.198912484143283 0.147621291225385 0.105256422884231 0.0883362659689046 0.0769185479905461 0.0346036902069068 0.0154173870696944 0.0316508767364996 0.0233067947723329 0.00612210808804368 0.0216481367531543 0.0408657141392316 0.066965755592949 0.0780609181795223 0.0816696935456401 0.0994874007260503 0.116426067805508 0.130852968460497 0.140136943915967 0.146285151043703 0.103133282227574 0.0625085105924229 0.0383840340966661 0.149532644692085 0.360540566205932 0.505177010765314 0.614699915109207 0.622775364610052 0.61551882185952 0.594632531262767 0.573614184601244 0.549607655596532 0.510647478423155 0.490555075250508 0.490620669845437 0.483587160333405 0.474436762735127 0.462644109985355 0.448951303548283 0.432815952311041 0.413311383505329 0.392116061696968 0.363358543054591 0.336902850975669 0.314022839236516 0.295669347712614 0.279514458142586 0.275534364519369 0.270510274600832 0.263510362643162 0.257771126003912 0.252670558897676 0.248373156013281 0.245453282218063 0.245715923473294
0.463324177557844 0.370448746448281 0.264182766750381 0.186117776844159 0.143806631329058 0.111345421522618 0.0806260117927937 0.0332923404971716 0.0294249582134659 0.0921232119713308 0.0662617471013753 0.00664558667147391 0.00569135891429133 0.012294693588576 0.0329882261188706 0.0464166146378891 0.0562202033992846 0.0753170903342482 0.0960893450447249 0.120390397258132 0.135125531728622 0.144028090238885 0.100571403375592 0.0590348281110861 0.0328174689606225 0.134204640055591 0.329790152700863 0.464634887982337 0.566628296595443 0.573106533757799 0.573031683760323 0.567131307364293 0.509035420788851 0.450869235349934 0.43975716199908 0.439997879626613 0.452367719385311 0.461936625351247 0.468424323363351 0.457324375390899 0.442422910540941 0.422634801340065 0.407460702080367 0.392631461017105 0.363357126465636 0.335252648488824 0.308965437382056 0.287051309453129 0.267525430134572 0.269038672910859 0.267337519813621 0.259552940713945 0.254088732233086 0.249800044521049 0.246310739467238 0.243998784610173 0.244401972269301
0.469008862730951 0.413228685117182 0.339806861877553 0.268807428901187 0.200879156375821 0.153898851384856 0.117238338233776 0.124537124560116 0.11378149931434 0.0753767828538819 0.0385836539900396 0.00453652492897022 0.0358614079646728 0.0525955032529505 0.0421267685149397 0.0367249193005551 0.0338510922959764 0.0449177363166056 0.059752223534186 0.0827636329061274 0.106674494846725 0.131133775200517 0.10736472941883 0.0830558170300754 0.0661932729969585 0.126880281530849 0.244814781401684 0.344730831841227 0.429567470453094 0.466166656232439 0.499812292396439 0.530832298710878 0.495465978600205 0.451718405158911 0.425990541870681 0.427659805004237 0.458599675959733 0.468440410750775 0.470929358362243 0.457755197129345 0.44108220532923 0.419911656060072 0.405974122089939 0.393191483076859 0.36549577489088 0.338388184057248 0.312194180584041 0.289818609690177 0.269488428428878 0.266125965972165 0.261684297175456 0.255200169338528 0.251252312262272 0.248589352921898 0.244762561822379 0.241320095838868 0.238825732289549
0.461832026917248 0.436560578299216 0.411835914306199 0.358110310036499 0.26761666629342 0.211140716546043 0.173906955273223 0.23782929679581 0.216863621198893 0.0658977781085346 0.0204487622704116 0.0193659640535735 0.0776777718077446 0.10171191899925 0.0618393470933195 0.0351593763523532 0.0150615927546779 0.0177707001873817 0.0254115493933213 0.0435974352126886 0.0752634647740661 0.115148670419021 0.113647624734117 0.109013490380036 0.103062014642165 0.120505374271842 0.155218925549314 0.211647646085236 0.271558045306747 0.334784861567494 0.406466833948493 0.485665223245832 0.48544351383373 0.466478324573984 0.425100069355706 0.424965099179773 0.468893729075525 0.476720559590728 0.473957059318423 0.459045005996862 0.441117974393491 0.41931535126608 0.405891393717231 0.3940730162154 0.368349443910374 0.342916643530658 0.317935531159582 0.295451399876854 0.274314245300432 0.264604217475832 0.256044295119149 0.249661012412455 0.246835605204645 0.24581264994477 0.242305367530163 0.238249231699188 0.233018942119001
0.461832026917247 0.43995359161019 0.442831368882486 0.421841426028774 0.370591454798047 0.337205257643196 0.314612872957362 0.353400631810568 0.335084003190958 0.229315927500489 0.180189248122538 0.153782848767568 0.125116526677604 0.100822815079409 0.0846813281614609 0.0538674743356901 0.0157331335479701 0.02273144855012 0.0302383311390656 0.0373525973538188 0.0611455539258431 0.0951079193345588 0.101504253484281 0.104227681860958 0.101494986206618 0.107808293479476 0.120799408129252 0.115609654434038 0.113054283877009 0.128428451449647 0.225137009198441 0.394149753588581 0.418070747808315 0.416856650699706 0.420636618429579 0.426885512369802 0.435772163632886 0.452111061347246 0.466934352182819 0.456996794299774 0.442240160038772 0.421288863721067 0.408397636234095 0.397073294525949 0.372653888617549 0.349285874148976 0.327551101628549 0.302409735223736 0.276345918704178 0.266831816573386 0.254458063237921 0.236672258250792 0.230302546497026 0.229716330959678 0.232834446294471 0.234463191158557 0.232452715786995
-9999 -9999 0.470158655221368 0.457145936988278 0.427635404095197 0.412994375784021 0.404522008923646 0.413389826710562 0.394033655904897 0.331454385198063 0.30131552859592 0.282096929557038 0.19637047240836 0.134602053594905 0.117500616158884 0.0719462700348309 0.0121959084765386 0.0366864452195672 0.0493251589817003 0.0318118030066038 0.0429450788855703 0.0715449126823265 0.0803914602436204 0.0876406911670361 0.0939669362545782 0.0983767953700265 0.101371968188724 0.0688968575228607 0.037741725239281 0.0273145844916305 0.124712035358299 0.317962782471774 0.351731306070718 0.357387979228827 0.366093488802431 0.373233737447183 0.378701688856011 0.413157646074532 0.450042383699526 0.451932138181277 0.443691219084927 0.422427866994956 0.409169579825383 0.397589239729265 0.374535580662833 0.352969589849687 0.3337145577377 0.308917473613502 0.28230588863286 0.271598489996982 0.258530487943569 0.240994910402659 0.231590917958239 0.226306460163517 0.231530372538963 0.23549564263635 0.236065489950009
-9999 -9999 -9999 0.457145936988278 0.427635404095197 0.426343775263086 0.431343923084935 0.404348608989279 0.379371841158514 0.357486338284024 0.37448477602175 0.402831613939911 0.297201768856232 0.211437748343745 0.162711251678287 0.0892435017954139 0.0034315934861449 0.0618118766824275 0.086122295639977 0.0271453976989709 0.0196742504881194 0.0436074297199206 0.0481390653301455 0.0563971853899176 0.0790355770006981 0.0930009978792519 0.100563985727264 0.0834436403705401 0.0657487408988967 0.0569070229157975 0.124767093950199 0.260813088022017 0.286675204661731 0.285689798318934 0.24935374570314 0.250563909823421 0.291887791286161 0.35638975821964 0.420893255241977 0.443121199486596 0.445550723479097 0.422530448983364 0.407787605446007 0.395019759665995 0.373408327468076 0.353318021905682 0.335590649629101 0.314865591704168 0.293144618707431 0.27951857471494 0.269630698881766 0.266817517727361 0.255012670313309 0.238652563343389 0.240369140534569 0.242512435335213 0.244868386838059
-9999 -9999 -9999 -9999 -9999 -9999 0.437672100019035 0.402215486606739 0.398872405164269 0.444708992143149 0.455966895070745 0.451307666949469 0.384237233658551 0.31737469477669 0.250899750887702 0.169344555846641 0.0802653680758988 0.12899132909502 0.134755962399591 0.0370200088479335 0.00774059943088698 0.0202008332315933 0.0288997787975751 0.0425277629822182 0.0710873485552285 0.0878576136424476 0.0959249397695015 0.0860530255918637 0.0739101463752324 0.061286065194633 0.105767224022529 0.201013476469869 0.238773498014812 0.24893218017752 0.172072849065445 0.140994526464711 0.158827827849577 0.238093148368811 0.329997691955497 0.402930734081745 0.43704063336701 0.4212454821785 0.409203380797841 0.39770796968413 0.377813001395642 0.35905046166309 0.342047047743033 0.321213073963696 0.299023537293529 0.284265270610812 0.274677700900237 0.274875967673009 0.267346592417238 0.255902323728109 0.260836352794162 0.262457330921122 0.255630044946961
-9999 -9999 -9999 -9999 -9999 -9999 -9999 -9999 -9999 0.575302214970245 0.533115976862778 0.475325078977635 0.460273230477416 0.425489902386196 0.353919521068469 0.272559446218124 0.186314997611502 0.205572552601875 0.18081276392845 0.0512430199007738 0.00161302646747963 0.000724270426545838 0.0144956691460022 0.0331294769911453 0.0630630079853035 0.0814399717039138 0.0912858161176114 0.0843734950555599 0.0740040106550918 0.0582011239741943 0.0818400523173752 0.140541742535304 0.190992244643258 0.214618945550881 0.110430087432846 0.0474389555118752 0.028462749393888 0.111873818644374 0.221991856150888 0.342048563736851 0.409206250886304 0.408365108170018 0.404133891648599 0.39798617578783 0.381519963224411 0.365220654833828 0.349180617049862 0.32705145080732 0.30269905692808 0.287757536202356 0.278027106661628 0.278158961936841 0.276759882303796 0.274585217182047 0.284011503154804 0.285345284959211 0.267275134870444
-9999 -9999 -9999 -9999 -9999 -9999 -9999 -9999 -9999 -9999 0.533115976862778 0.47534560092763 0.460953877923883 0.457486257146605 0.474385356878225 0.417378233621473 0.32349706371688 0.242081523505183 0.157190776911539 0.0638821024317636 0.0212615149503043 0.00954670416916893 0.00922556718303035 0.0137382172318111 0.0300778588999376 0.0599722616833493 0.0998728610705538 0.0759538016382906 0.0524121055649658 0.0587115599157095 0.0686086545964711 0.0817039592512262 0.0853309461518935 0.0870017426540823 0.0874047186821523 0.0877056589959418 0.0878975861478925 0.109502091154331 0.135858052846905 0.158149903214801 0.201106214255956 0.270625571909189 0.316892360242041 0.353165235950184 0.35832631591292 0.35769673177217 0.348071872262816 0.32581861765697 0.2988622071875 0.288180216464405 0.283294627359097 0.289379056169955 0.291798772520716 0.292361912351474 0.297316381287584 0.296504708497849 0.282035220924926
-9999 -9999 -9999 -9999 -9999 -9999 -9999 -9999 -9999 -9999 -9999 -9999 0.452252577376062 0.476680184498431 0.546650229493357 0.504020902474934 0.405212348210774 0.285640950443476 0.182407426591709 0.117439678371959 0.0656692389061692 0.0219455240565335 0.014351177833987 0.0123634731856917 0.0198153780355879 0.0510596978224712 0.0998677046056561 0.0732579848758049 0.0485838942394271 0.0647324394020362 0.0664691931306946 0.055394233936693 0.0305639864348722 0.0164156647222032 0.0686450815165322 0.105267269660471 0.125214969320477 0.115115920470128 0.0952730147808812 0.0584700928270711 0.0735889171543105 0.155450338273765 0.226990653897668 0.291961074161263 0.316264899053338 0.330644909556546 0.329609167817958 0.315206077468143 0.295706658835518 0.28929132603962 0.289224080660367 0.301170949775921 0.307846115577458 0.31185058873945 0.307971246682844 0.302443843415408 0.293409158438417
-9999 -9999 -9999 -9999 -9999 -9999 -9999 -9999 -9999 -9999 -9999 -9999 -9999 0.476680184498431 0.546650229493357 0.503443534266574 0.403769545358141 0.339770711945199 0.280844975309948 0.232343947777176 0.147197030157844 0.0397062096005804 0.0350624697244599 0.0379998327917336 0.0436196588215696 0.0609703270631638 0.08698076529263 0.0791436401401851 0.0713877454701674 0.0790148031912971 0.0809592201109367 0.0778519151176588 0.0520999191208304 0.031333002231353 0.0562808051315884 0.0887884684416607 0.129372953599333 0.132702026003827 0.122976564733465 0.0850546571194823 0.0668845877003652 0.0741044380541532 0.133100703537526 0.206194510111751 0.24591614367276 0.274316055280285 0.285128691093816 0.290531093515156 0.293572545633303 0.291434557243184 0.296145930630149 0.313820108591998 0.325405372736702 0.3339059380003 0.314653103652275 0.300556506262412 0.299706442359268
-9999 -9999 -9999 -9999 -9999 -9999 -9999 -9999 -9999 -9999 -9999 -9999 -9999 -9999 -9999 -9999 0.401881080122792 0.403801548034691 0.395954438147938 0.36559318009356 0.291682054568706 0.191217500830713 0.101150954217772 0.0364450376091056 0.0430096145598515 0.0522243045540265 0.0633953220636251 0.0675772383463675 0.0707068383209842 0.0730237850656798 0.0768467418906445 0.082008503047844 0.062922186529314 0.0437884464182586 0.0464398006436161 0.0602919946489863 0.0861109687987302 0.105080398130229 0.119667975647615 0.114473110400081 0.111726706429947 0.112127667013278 0.150203860265366 0.198799661197191 0.226403300971877 0.237104606603498 0.221549657810426 0.246001995455043 0.286155861466882 0.302906260808419 0.317548345501328 0.328200325471785 0.337603803626222 0.346374779454203 0.322831798224189 0.305661773494044 0.304777835098699
-9999 -9999 -9999 -9999 -9999 -9999 -9999 -9999 -9999 -9999 -9999 -9999 -9999 -9999 -9999 -9999 -9999 0.516918813673538 0.51336039891232 0.501624086059699 0.456156520034608 0.390122177078181 0.18446524725838 0.0268640327263205 0.034061118506804 0.0368430477448335 0.0363656849876318 0.0498792744450506 0.0615361186384877 0.060031690573329 0.0661957318119337 0.079176845565521 0.0695623001141457 0.0552843955860834 0.0380060730266811 0.0284004627048818 0.026992243137862 0.0616809141801034 0.104830052259278 0.144447030948305 0.175169775904574 0.194459464418791 0.209003541886467 0.221408769843367 0.226215951674316 0.207692469255471 0.152926900314452 0.195710120799016 0.277237714457592 0.317845266577474 0.344214613942408 0.343637353471106 0.347844862575189 0.354476379277142 0.331261360469683 0.313469442081863 0.309638120663055
-9999 -9999 -9999 -9999 -9999 -9999 -9999 -9999 -9999 -9999 -9999 -9999 -9999 -9999 -9999 -9999 -9999 -9999 0.5176225012047 0.519943393391356 0.494895192053881 0.453159379424719 0.252237653022452 0.0877657664344948 0.0582406738288573 0.0397633985396717 0.0294416806351562 0.0513063305567774 0.0717408477873492 0.0724994192965907 0.0758565609706685 0.0815237648680203 0.0768053562553744 0.0669594498086923 0.0406815435750977 0.0317174636159624 0.0412511710150623 0.0706286987304229 0.107096128237981 0.159587722086593 0.19520003155505 0.209114933824842 0.218118366216468 0.223915096466697 0.209349203625404 0.186175003897392 0.149628574400965 0.199485636822254 0.28355341962567 0.327619946256019 0.359708988600037 0.369129964464939 0.36199140930346 0.346463645760531 0.330723130454054 0.320158622726715 0.321692392174153
-9999 -9999 -9999 -9999 -9999 -9999 -9999 -9999 -9999 -9999 -9999 -9999 -9999 -9999 -9999 -9999 -9999 -9999 -9999 0.536091604104225 0.519163987783942 0.491915186328367 0.299410718493923 0.133414463444448 0.0747984749126855 0.042330094081065 0.029164016044838 0.0551822836519849 0.0796969878644465 0.0811439992802002 0.0816511175574372 0.0813226949427702 0.0795792687868053 0.0728920629649577 0.0425516795974499 0.0331209018196273 0.0460295787533912 0.0685842352099952 0.0973938438476168 0.154682209750413 0.193998910027649 0.210214006093837 0.216097441329735 0.216968832289258 0.196823511864473 0.177299210375638 0.158739605895326 0.215645295360779 0.302226561697123 0.346697547353691 0.377987475250158 0.384331505792199 0.368306677277285 0.340949582191228 0.332117488384039 0.328188599330725 0.334908178277729
-9999 -9999 -9999 -9999 -9999 -9999 -9999 -9999 -9999 -9999 -9999 -9999 -9999 -9999 -9999 -9999 -9999 -9999 -9999 -9999 0.517050754358176 0.486400228941088 0.309026282758879 0.151253243434762 0.0774600035949777 0.0442519919047022 0.041004211060238 0.0635231589294213 0.0835534147674243 0.0828180689774315 0.0803965388455136 0.0764760340842142 0.0742048685988539 0.0683548390189629 0.0429534990618596 0.0310354596673358 0.0335227413578278 0.0464982866558103 0.0658703893315874 0.113227696306231 0.154087933589965 0.186596539163085 0.193773394658406 0.192788244810113 0.192212599142944 0.191472194072045 0.190475850100246 0.254384193858101 0.343430253039356 0.382736588840233 0.401342060844798 0.380769977238163 0.36034365977736 0.339991188766098 0.337035414208339 0.338663166156483 0.3502416819921
-9999 -9999 -9999 -9999 -9999 -9999 -9999 -9999 -9999 -9999 -9999 -9999 -9999 -9999 -9999 -9999 -9999 -9999 -9999 -9999 0.467741479382758 0.46966414281463 0.321312555932587 0.182062070462345 0.0971431716797197 0.0512209182402937 0.0340861953868851 0.055728908444302 0.077531863891961 0.0826564924602604 0.0822270776625851 0.0768602607736442 0.0733217000700775 0.0667266598439201 0.0430529184446849 0.0270099070599451 0.0191194333614854 0.0289094451872943 0.0473941363235563 0.0976714612781906 0.136971813574391 0.162161861179079 0.167571474760427 0.16849043106338 0.19342442394429 0.217048021477844 0.238636037810252 0.284400989631788 0.339408578203118 0.371634118420436 0.387057203729161 0.37068069274745 0.356363722632372 0.343090134571578 0.352321063129627 0.360394598586771 0.364788917692481
-9999 -9999 -9999 -9999 -9999 -9999 -9999 -9999 -9999 -9999 -9999 -9999 -9999 -9999 -9999 -9999 -9999 -9999 -9999 -9999 0.460663770118526 0.451193270398994 0.334901026817799 0.219194898400203 0.125125836502305 0.0606507001774167 0.018021956794683 0.0400674120103734 0.0666939588210929 0.0815998823092505 0.0855618736350555 0.0797949899801399 0.0746283889118465 0.0665168873814106 0.0430048920714762 0.0220383856176821 0.00379143467040816 0.0135133258593888 0.0352795035915385 0.0947428393812096 0.13097012455115 0.137328723310553 0.139478761888082 0.144135459542215 0.197475328456693 0.248183704895787 0.294804294679763 0.31016501859551 0.313335691366 0.337546152007383 0.354419917414301 0.357408572113817 0.354325875883659 0.348167378290238 0.372661858737311 0.387614710289025 0.378952780871398
