layers/veg/veg_4000.asc
NCOLS 255 
NROWS 330 
XLLCORNER -2985163.8955 
YLLCORNER -3022031.214 
CELLSIZE 25000 
NODATA_value -9999 
[rows 250 to 274 of 330, columns 57 to 113 of 255]
-9999 -9999 -9999 -9999 -9999 -9999 -9999 -9999 -9999 -9999 -9999 -9999 -9999 -9999 -9999 0.582378525281851 0.553832666691478 0.536523283479112 0.521847763604717 0.512836616355696 0.483820116508127 0.442605859814012 0.413163824975479 0.384853456156591 0.357611988444651 0.353941049580378 0.367670000223501 0.374572772100047 0.377836588931969 0.370563766381469 0.370602770086449 0.377141799784373 0.372305064806144 0.366822349398482 0.368413556994134 0.345099172451166 0.295176091476333 0.266096210986019 0.24378264841169 0.233286265035185 0.223121140602708 0.213381831627505 0.203427159696217 0.194420219896833 0.198218138779174 -9999 -9999 -9999 0.150698882995061 0.143894839194456 0.137583104619898 0.132203093101498 0.130394022230835 -9999 -9999 -9999 -9999
-9999 -9999 -9999 -9999 -9999 -9999 -9999 -9999 -9999 -9999 -9999 -9999 -9999 -9999 -9999 0.607140360232912 0.615710763868489 0.608672035328156 0.602681677072907 0.599640678473182 0.574426008041816 0.535691503052918 0.491863533063891 0.449592217798798 0.412765725110099 0.411449485564997 0.436347103378441 0.428771283815733 0.418193667596822 0.410883248702065 0.407421340850882 0.407380660603215 0.4024523610347 0.396915771160852 0.392750102451174 0.374978131633319 0.342669427043317 0.310745798436882 0.281199236189178 0.268460818554075 0.25560870920784 0.242610455315662 0.229968341024992 0.217583007039414 0.206979493068584 0.200528666712739 -9999 -9999 0.150698882995061 0.143894839194456 0.137583104619898 0.132203093101497 -9999 -9999 -9999 -9999 -9999
-9999 -9999 -9999 -9999 -9999 -9999 -9999 -9999 -9999 -9999 -9999 -9999 -9999 -9999 -9999 0.663589986498969 0.659674823018131 0.660792681858707 0.662211813075121 0.664149202869935 0.64611170223195 0.615895018281129 0.57718073986774 0.536195349061153 0.490240247335234 0.480912316237533 0.49862275691411 0.478561120855314 0.458493910715261 0.455234223434574 0.451745810759256 0.448054067074911 0.443403231133801 0.437871284216797 0.428765794320405 0.416864431789064 0.401976008127376 0.354954988093438 0.30524409916978 0.294341971180116 0.281494113168759 0.266145124444243 0.25117069462409 0.23607569171872 0.217938196463079 0.20862115556189 0.213005896421236 -9999 -9999 -9999 -9999 -9999 -9999 -9999 -9999 -9999 -9999
-9999 -9999 -9999 -9999 -9999 -9999 -9999 -9999 -9999 -9999 -9999 -9999 -9999 -9999 -9999 0.669380653884711 0.674145296628945 0.681576860164742 0.688409532705015 0.69377357830582 0.688194388377664 0.675942837868048 0.67285184859713 0.657008013025446 0.602638421913619 0.569079288081894 0.550882544275966 0.521453036613624 0.498705227534085 0.505892970762361 0.507814195844838 0.50505362138177 0.501257639731523 0.495821893576666 0.483054967111324 0.477537714182837 0.479765884904535 0.398475120484317 0.30836723128562 0.305682439245866 0.297049607270689 0.280770891642733 0.264019786501884 0.247261418744347 0.232334926536318 0.221164347884724 0.215828242809399 -9999 -9999 -9999 -9999 -9999 -9999 -9999 -9999 -9999 -9999
-9999 -9999 -9999 -9999 -9999 -9999 -9999 -9999 -9999 -9999 -9999 -9999 -9999 -9999 -9999 -9999 0.678479684418937 0.695595864505176 0.707185422897756 0.705481630580796 0.703519389563713 0.701399566000364 0.70557120903721 0.698730159488523 0.658922588474587 0.625020953877847 0.595479112892913 0.564844548935166 0.540614178008738 0.540766296952049 0.532667434972204 0.517233662589148 0.514143213596188 0.511917048896544 0.502839348518989 0.500483614091781 0.505309509814246 0.454247953010267 0.390507906569135 0.335334423141704 0.297576243799289 0.282204495996915 0.267053971037316 0.252113932623036 0.238922365772226 0.231022537011263 0.231342946973534 -9999 -9999 -9999 -9999 -9999 -9999 -9999 -9999 -9999 -9999
-9999 -9999 -9999 -9999 -9999 -9999 -9999 -9999 -9999 -9999 -9999 -9999 -9999 -9999 -9999 -9999 -9999 0.730129507668583 0.726373796147929 -9999 0.720602949915961 0.713399046198187 0.712131780041792 0.70731042844897 0.691120570865989 0.666656669525176 0.63608482516382 0.607578793663806 0.582381990640268 0.568612385661269 0.544702807287456 0.511779052655741 0.50920999277837 0.511236308013058 0.508872638328433 0.508389156554386 0.509914434462461 0.514428535376681 0.503422447754449 0.372633793531483 0.292999328577626 0.27912080738845 0.266678273694605 0.254690855383241 0.242584994514827 0.23461484792568 0.233069161143398 0.225372990016991 0.215168153518142 0.205231947058806 -9999 -9999 -9999 -9999 -9999 -9999 -9999
-9999 -9999 -9999 -9999 -9999 -9999 -9999 -9999 -9999 -9999 -9999 -9999 -9999 -9999 -9999 -9999 0.735439492377438 0.730129507668583 -9999 -9999 0.726093965779147 0.727729085714459 0.711601766041891 0.696601639616987 0.688172018674828 0.670346464868208 0.645584783547558 0.617938143248602 0.592596101254097 0.577138410852568 0.558966468205835 0.538381624933626 0.531738776098429 0.528962648185092 0.533028423481027 0.535923152795679 0.537566757188254 0.550351482106468 0.547958315185295 0.413430807978164 0.329533911591628 0.310719927190582 0.290267612285957 0.269907388827586 0.257376498471002 0.245763907941891 0.235577813522973 0.225372990016991 0.215168153518142 0.205231947058806 0.198730835556919 -9999 -9999 -9999 -9999 -9999 -9999
-9999 -9999 -9999 -9999 -9999 -9999 -9999 -9999 -9999 -9999 -9999 -9999 -9999 -9999 -9999 0.695523551506537 0.713841530132017 0.696066872550869 -9999 -9999 0.716378492307901 0.725907869412442 0.708043462452259 0.691644191753995 0.684589312974458 0.669823405232193 0.649365174979606 0.627220152574271 0.60635261933707 0.591003224231035 0.578152625998583 0.567523394092663 0.55948367528423 0.554153808893373 0.56014149574153 0.565864545546524 0.57130486179084 0.587449578911634 0.586943215546348 0.444247014156297 0.354864918568535 0.334015222635411 0.307476526673514 0.280281056696657 0.267981652468611 0.254970001989797 0.240851941081813 0.227761912273438 0.215168153518142 0.205231947058806 0.198730835556919 -9999 -9999 -9999 -9999 -9999 -9999
-9999 -9999 -9999 -9999 -9999 -9999 -9999 -9999 -9999 -9999 -9999 -9999 -9999 -9999 -9999 0.670933822673365 0.652393514130676 0.670383907204763 -9999 -9999 0.704466880891963 0.694821843338963 0.698710341941987 0.697654301702096 0.679797304033181 0.661266613848825 0.64223860027362 0.634447720746494 0.626864354841117 0.615048875156715 0.606725771858222 0.601507301587427 0.597175481220182 0.593580058639518 0.59289398626898 0.6003967390402 0.616648288512092 0.626788635948151 0.615342662432524 0.456030251801199 0.358831191905016 0.341475485140467 0.312518248802482 0.281419589932862 0.270603618643487 0.2604709441962 0.251399709877927 0.234706405673215 0.215168153518142 0.205231947058806 -9999 -9999 -9999 -9999 -9999 -9999 -9999
-9999 -9999 -9999 -9999 -9999 -9999 -9999 -9999 -9999 -9999 -9999 -9999 -9999 -9999 -9999 0.667792954086568 0.662731979172654 0.667642842863502 -9999 -9999 0.694971893972105 0.693374230515743 0.698485298596481 0.696860181417671 0.674536202545207 0.656627221113239 0.64197741422659 0.640285526852208 0.639553105707737 0.636627646171185 0.63565158127382 0.636408478208767 0.635428035068999 0.63395580172634 0.631580791685397 0.636703917421271 0.649837919492858 0.654847118705557 0.644919640547153 0.53978408482782 0.447656523890829 0.372250036743106 0.332807156168173 0.30586548255833 0.289840493285654 0.273742905058286 0.257532540890673 0.252826030462802 -9999 -9999 -9999 -9999 -9999 -9999 -9999 -9999 -9999
-9999 -9999 -9999 -9999 -9999 -9999 -9999 -9999 -9999 -9999 -9999 -9999 -9999 -9999 -9999 0.686660036181196 0.709879500412714 0.687348737910412 -9999 -9999 0.700517968078392 0.707847956886872 0.702909986824028 0.692592458135581 0.669035626315683 0.653987685410846 0.645221052944585 0.645413850545466 0.648248172945404 0.656947059233082 0.664757427687475 0.671777926578541 0.67396685430927 0.674816267228737 0.673297102759761 0.673917236925578 0.676822960112268 0.67714679623559 0.675097755875724 0.660279366529522 0.579802947378577 0.414926681856735 0.360879848992957 0.342209931034426 0.31755938483284 0.290982020583696 0.261411517963334 -9999 -9999 -9999 -9999 -9999 -9999 -9999 -9999 -9999 -9999
-9999 -9999 -9999 -9999 -9999 -9999 -9999 -9999 -9999 -9999 -9999 -9999 -9999 -9999 -9999 0.736586577631405 0.738931406754086 0.736656126517435 -9999 0.713422623683433 0.71513647009381 0.717895290927064 0.71738540075328 0.70846850315539 0.675892278902992 0.655496897441509 0.644093478784029 0.653554060959545 0.665556736113206 0.67774921236397 0.688332190640665 0.697484366501999 0.689999990103792 0.681221735621535 0.681027475394016 0.682595751657982 0.686047090897962 0.689615349208463 0.690721103094369 0.673473476298725 0.592959110015924 0.431118771738794 0.381291060106814 0.365824110012073 0.326770114823387 -9999 -9999 -9999 -9999 -9999 -9999 -9999 -9999 -9999 -9999 -9999 -9999
-9999 -9999 -9999 -9999 -9999 -9999 -9999 -9999 -9999 -9999 -9999 -9999 -9999 -9999 -9999 -9999 0.75887200179129 -9999 -9999 0.713422623683433 0.717443085508794 0.723914922060743 0.729917106402508 0.72520051288044 0.689628272399368 0.664578731951717 0.647297104523087 0.661454743215605 0.678196183240111 0.690571526994865 0.701931831681623 0.712389792672663 0.688651430461824 0.663899096414253 0.665092103495431 0.667436890478252 0.671012218842645 0.67142599825543 0.669201028158828 0.653305705360423 0.580522145615486 0.434611833927537 0.391712434691874 0.38023640880062 0.344853244073089 -9999 -9999 -9999 -9999 -9999 -9999 -9999 -9999 -9999 -9999 -9999 -9999
-9999 -9999 -9999 -9999 -9999 -9999 -9999 -9999 -9999 -9999 -9999 -9999 -9999 -9999 -9999 -9999 -9999 -9999 -9999 -9999 0.716777292114151 0.722177384619107 0.737390252571353 0.742982887427604 0.718971325373919 0.691293459639107 0.660909109066198 0.668647074923892 0.679428264581171 0.684580127639289 0.692307513624884 0.702324473430903 0.647451596920843 0.592353495686376 0.595058144185927 0.597514090941244 0.59970432912888 0.581515801172419 0.560914627694181 0.559720329027903 0.513521208293965 0.409470822760338 0.378977282628773 0.37060787097974 0.341211237149723 0.323327299729975 -9999 -9999 -9999 -9999 -9999 -9999 -9999 -9999 -9999 -9999 -9999
-9999 -9999 -9999 -9999 -9999 -9999 -9999 -9999 -9999 -9999 -9999 -9999 -9999 -9999 -9999 -9999 -9999 -9999 -9999 -9999 0.596650584969667 0.699271718845038 0.733988314467546 0.752955418620992 0.739135034056912 0.719544172926994 0.695693515366562 0.686647588056244 0.681036191889482 0.68164405150449 0.687549157897695 0.698163380802458 0.642127521250333 0.584684628053375 0.580681781345747 0.576161924996574 0.571089704643059 0.54744052628592 0.522600467865714 0.522880159767342 0.488383970614781 0.409185267129781 0.384066938413179 0.374858501064856 0.345707575234714 0.32836794335234 0.329376093282378 -9999 -9999 -9999 -9999 -9999 -9999 -9999 -9999 -9999 -9999
-9999 -9999 -9999 -9999 -9999 -9999 -9999 -9999 -9999 -9999 -9999 -9999 -9999 -9999 -9999 -9999 -9999 -9999 -9999 0.532899847770206 0.586874594390165 0.673759075136576 0.723810295736685 0.758061768833793 0.753579248944395 0.748751932800452 0.743670086231229 0.711382495785009 0.68287830244765 0.680611695466625 0.685822700797366 0.697681111672681 0.659157022048032 0.616816269804202 0.600984723210591 0.585073297345247 0.569076529871443 0.54815504475856 0.52788482482287 0.521396966938251 0.489331294398403 0.42438672442858 0.400262929754006 0.387757005355777 0.355274778111628 0.334152739588933 0.330677731521225 -9999 -9999 -9999 -9999 -9999 -9999 -9999 -9999 -9999 -9999
-9999 -9999 -9999 -9999 -9999 -9999 -9999 -9999 -9999 -9999 -9999 -9999 -9999 -9999 -9999 -9999 -9999 -9999 -9999 -9999 0.587444111781053 0.675245358716877 0.739676386947116 0.787987299147829 0.7941256374602 0.796440865603602 0.795933853527253 0.739344596750657 0.685554832033579 0.667196595496816 0.678629164854088 0.716544996517663 0.659378561884217 0.596677828210545 0.592422259684685 0.580033069862897 0.558954062158022 0.543868848854254 0.532237407118146 0.535112951148334 0.504497919906739 0.430832565403585 0.391250395350251 0.36353600038244 0.346421930951838 -9999 -9999 -9999 -9999 -9999 -9999 -9999 -9999 -9999 -9999 -9999 -9999
-9999 -9999 -9999 -9999 -9999 -9999 -9999 -9999 -9999 -9999 -9999 -9999 -9999 -9999 -9999 -9999 -9999 0.636503850341772 0.647287435858714 0.677626111895965 0.686925701249453 0.683397240590938 0.757075878398706 0.819190788154535 0.833507530809326 0.837056007527587 0.832655293173692 0.761191904892036 0.692539131805866 0.66425142162943 0.679229088798499 0.732668566671777 0.662762336192539 0.585725519655316 0.58475299308965 0.573580571665807 0.551510762040646 0.537437688374132 0.527568660664715 0.5340792952308 0.505888036589107 0.4330893709901 0.383181371990647 0.343806731693501 -9999 -9999 -9999 -9999 -9999 -9999 -9999 -9999 -9999 -9999 -9999 -9999 -9999
-9999 -9999 -9999 -9999 -9999 -9999 -9999 -9999 -9999 -9999 -9999 -9999 -9999 -9999 -9999 -9999 0.634262923798884 0.636503850341772 0.647287435858714 0.677626111895965 0.686887199617459 0.683296761932405 0.77357726600551 0.848994748281638 0.86397818604016 0.852828544119649 0.822387324066042 0.764230141794892 0.712124267910306 0.694945442356023 0.704084753240977 0.736620212360812 0.679038581821457 0.612945266904531 0.585768161285503 0.565856954327545 0.553708505657003 0.525690940034906 0.496340704017517 0.486125448130153 0.463448806064073 0.42475372600679 0.383181371990647 -9999 -9999 -9999 -9999 -9999 -9999 -9999 -9999 -9999 -9999 -9999 -9999 -9999 -9999
-9999 -9999 -9999 -9999 -9999 -9999 -9999 -9999 -9999 -9999 -9999 -9999 -9999 -9999 -9999 -9999 0.634262923798884 0.638783478188796 0.652974661230991 0.689234353143185 0.704314189916088 0.706480146678055 0.76072745986217 0.80836561377022 0.827199932728573 0.819884452959613 0.793265052967372 0.749888328644953 0.709406221500477 0.687190429912312 0.68364888317295 0.696708261110218 0.642410687948161 0.583414776788799 0.561898291887707 0.545860524201659 0.535676121591202 0.513861576454056 0.489532154574191 0.467895257324445 0.455725614181663 -9999 -9999 -9999 -9999 -9999 -9999 -9999 -9999 -9999 -9999 -9999 -9999 -9999 -9999 -9999 -9999
-9999 -9999 -9999 -9999 -9999 -9999 -9999 -9999 -9999 -9999 -9999 -9999 -9999 -9999 -9999 -9999 -9999 0.642781470178099 0.662948868867295 0.709592788217077 0.734906519943312 0.747214710235496 0.725752972736735 0.714644609717672 0.739730022356601 0.750218180864997 0.749930568892207 0.72244558112947 0.689876225218548 0.650452862271545 0.629072638414723 0.623732302402966 0.565904102288673 0.511106438928746 0.519270292150347 0.5166129518568 0.502394438808459 0.501969938204557 0.501130747230663 0.472070506609018 -9999 -9999 -9999 -9999 -9999 -9999 -9999 -9999 -9999 -9999 -9999 -9999 -9999 -9999 -9999 -9999 -9999
-9999 -9999 -9999 -9999 -9999 -9999 -9999 -9999 -9999 -9999 -9999 -9999 -9999 -9999 -9999 -9999 0.699348118308567 0.670191677968233 0.663272808105619 0.708468695412799 0.732501864433776 0.743631602205769 0.704117630822899 0.671451578924777 0.66801019519117 0.669128650434287 0.673613203013587 0.656035100724275 0.634452315431433 0.607756465048176 0.591877178317639 0.585613539229758 0.542016043760919 0.50311954101484 0.521846753205106 0.529007086804293 0.523809570833747 0.514782745405516 -9999 -9999 -9999 -9999 -9999 -9999 -9999 -9999 -9999 -9999 -9999 -9999 -9999 -9999 -9999 -9999 -9999 -9999 -9999
-9999 -9999 -9999 -9999 -9999 -9999 -9999 -9999 -9999 -9999 -9999 -9999 -9999 -9999 -9999 0.715271767658666 0.704953302892212 0.714628305773899 0.717220614245871 0.719529847785226 0.731333341121817 0.74892571880194 0.698510993296228 0.649279469614517 0.616161489967928 0.604882006937239 0.609723818026855 0.598562314471342 0.585561870479416 0.57282971809773 0.562625466806733 0.554668454744754 0.527029581373021 0.504700889171173 0.527035749877723 0.537134717889159 0.534161073433281 0.513993723373647 -9999 -9999 -9999 -9999 -9999 -9999 -9999 -9999 -9999 -9999 -9999 -9999 -9999 -9999 -9999 -9999 -9999 -9999 -9999
-9999 -9999 -9999 -9999 -9999 -9999 -9999 -9999 -9999 -9999 -9999 -9999 -9999 -9999 0.722155653755275 0.725757022543591 0.731155222983247 0.725579725355693 0.716117557633804 0.714788705575476 0.750903402958975 0.809848355860996 0.748130951991006 0.683535196643036 0.633159393772128 0.61098843698273 0.609638447281645 0.594359656023695 0.579200055155739 0.57069078223279 0.555527619135811 0.534449318346249 0.520816757266254 0.511953483909833 0.520385515365774 0.508674402449648 0.475442708501102 0.480111769596019 -9999 -9999 -9999 -9999 -9999 -9999 -9999 -9999 -9999 -9999 -9999 -9999 -9999 -9999 -9999 -9999 -9999 -9999 -9999
-9999 -9999 -9999 -9999 -9999 -9999 -9999 -9999 -9999 -9999 -9999 -9999 -9999 0.745892134293185 0.740126860463399 0.743549413043448 0.751556049695577 0.754457222604059 0.737154552643498 0.730961947004705 0.764094006054439 0.821203282980221 0.762181809592283 0.696921722492597 0.635334955489566 0.601012847810213 0.586817656364044 0.57735259367212 0.567949069209903 0.556667779200733 0.537851720068809 0.512337444453413 0.50311166584868 0.497114234928245 0.492607187987598 0.474178533525352 0.440876278534998 0.42295345168571 -9999 -9999 -9999 -9999 -9999 -9999 -9999 -9999 -9999 -9999 -9999 -9999 -9999 -9999 -9999 -9999 -9999 -9999 -9999
