layers/veg/veg_5400.asc
NCOLS 255 
NROWS 330 
XLLCORNER -2985163.8955 
YLLCORNER -3022031.214 
CELLSIZE 25000 
NODATA_value -9999 
[rows 125 to 149 of 330, columns 57 to 113 of 255]
0.0739454278953114 0.078484557295122 0.102735119201049 0.126586315001811 0.124996825982031 0.149131027163773 0.202705607812637 0.214803561210807 0.212756079348765 0.186672390068502 0.167247694303009 0.15700388504681 0.150148425670984 0.141772254231449 0.0879140024563637 0.0596881868449532 0.074278749630572 0.161238306893022 0.280060294535655 0.373319731995612 0.453644862727428 0.507537379887229 0.548497622948931 0.582389252503509 0.652380967453914 0.702992849676491 0.70105591087857 0.701939899973377 0.704699288560606 0.705973071811194 0.699058636280299 0.666166234718293 0.629792743460708 0.590625265429695 0.555115512473043 0.520996010364904 0.490511328764698 0.464746216549528 0.443536864903076 0.426888884229419 0.411396165160869 0.397084556671498 0.383332606837175 0.370229993789464 0.357414501323922 0.344900577322231 0.334398988517092 0.323846265080157 0.313222049467886 0.304572369054809 0.296096960182737 0.278025759242527 0.266020054481266 0.264294565041 0.267678869871252 0.273276585755071 0.266072670380087
0.0743448436373329 0.0943560920967791 0.112115935814373 0.129472970116676 0.147160150949678 0.158682894706845 0.163150532245115 0.163826933069363 0.159148949984793 0.116660393838582 0.103409934696574 0.130470620136384 0.118011907921896 0.0910691174811229 0.0560241456104214 0.0308799041832919 0.0222738262913052 0.11343737132705 0.247968956269296 0.294803316664276 0.334354125105755 0.359020230542648 0.425018857450147 0.513609305203261 0.598985368926735 0.659205290798155 0.655876321766412 0.665891629082202 0.684778431891873 0.708929356747786 0.71973790444713 0.686023417154158 0.648909903588744 0.609068268866382 0.574196947986704 0.540789522232557 0.510517787805085 0.483970702830663 0.461018990596029 0.441922068382011 0.423994545788227 0.40820482189939 0.392697166693209 0.377516778063444 0.362476592773803 0.34759670866953 0.33381821166698 0.321719919319748 0.311970748919711 0.302361031829795 0.292698176006944 0.281189337384689 0.271793104156582 0.26597745818785 0.263344595919115 0.262093855321604 0.253347473205226
0.105304644702021 0.0929604626564938 0.100190576198969 0.112144221821193 0.12824293685367 0.132820825616706 0.124213300681708 0.110110064779173 0.093925451788488 0.0727401058400357 0.0754999005990444 0.111273336052647 0.0951040930479761 0.0622337908677 0.0577646957249926 0.0483860638256034 0.030806549958307 0.0885830475046823 0.179002814135007 0.192602995008016 0.208508493323813 0.22912514983361 0.280852361820884 0.349584200449542 0.488324343713646 0.595777017207241 0.617301134094634 0.638731247999202 0.660098867166937 0.695514870261093 0.716410619138065 0.686478712878906 0.655217684955494 0.622889879478225 0.589251320648487 0.556140201739212 0.526076278592053 0.4990077245214 0.474830574986673 0.454461062522218 0.435222767517342 0.41795519399644 0.400754707428463 0.383632057638393 0.36662569080851 0.349843872440919 0.33480946454437 0.321461838836682 0.310472531234735 0.300063847396402 0.28992945600661 0.280954907736447 0.272797475302763 0.266024946344966 0.260084251757712 0.254496010465503 0.245727512522819
0.151445880690622 0.0829870509830392 0.0776809806690416 0.084773099121901 0.0889182074776892 0.0893662304926112 0.0855829945200107 0.0550319316667335 0.02293130817596 0.0417813550206217 0.0654376266334248 0.095720335715582 0.0767808064989515 0.0442617021688746 0.0762117706214059 0.0888997766925011 0.0694124660529861 0.0751278761874852 0.0917184332304144 0.0786372561680525 0.0794065969995034 0.108480925098876 0.126408854780171 0.13824430746816 0.349215661854768 0.522591856420045 0.582006804619503 0.615986090065683 0.633055326467407 0.673967901202836 0.701157635723634 0.677295763620942 0.655162171225438 0.634415727988659 0.602305175582017 0.56928382234742 0.53942515913131 0.511964545962564 0.486818750302853 0.46576102178243 0.445770337548859 0.427025046420749 0.408162962314835 0.389165370652266 0.370321242529187 0.351868003290285 0.336581652176168 0.322131853579808 0.30885165290905 0.297724016779278 0.287473732003435 0.279032455061129 0.271432917458072 0.265260016917561 0.257357402022466 0.248679023623063 0.240643672205489
0.257070242702349 0.129760340107903 0.0947365608339804 0.0797717241828801 0.0716505933692044 0.0642425484942945 0.0576506198323179 0.0338589658297645 0.00907950847026905 0.0171075271125256 0.0337401240867722 0.0622360239687478 0.0533235243975419 0.0343517126132471 0.0687389240555651 0.0852720729749381 0.0719818257869222 0.0801663066353887 0.0977057743598419 0.098277700865702 0.101721618192534 0.111034750247971 0.0966801946117072 0.0693891874564837 0.261913013999495 0.422980176408888 0.483740606617918 0.550351984082973 0.620853167998741 0.655544657782835 0.67427601862612 0.651764661670726 0.63619461731789 0.626195798442641 0.596351504404009 0.564843900188345 0.538550851563987 0.513849684034354 0.490685145915114 0.470617192373819 0.451396092652609 0.433346162501961 0.414702232569238 0.395369121997102 0.375461741960141 0.355773207823451 0.339543747495657 0.323921043911131 0.30914665697524 0.297788870802986 0.287611735177105 0.27652329961851 0.26759301448126 0.262320509412115 0.2551516504291 0.247146715372739 0.241855271553248
0.345756962969073 0.17440412316736 0.117209692956143 0.0847459668201977 0.0602751639370249 0.0449853225153677 0.0402029544454166 0.020905042889634 0 0 0.00939750062928587 0.0317515218734534 0.0327327113798136 0.0285185435300709 0.0640156474090489 0.0829709741225904 0.0742949439899817 0.0835288820724893 0.100633402916014 0.110023763992193 0.115234150185915 0.111902318916343 0.0760710784402441 0.0224760818646226 0.181300575697571 0.321476674319512 0.39454298787559 0.49193984346001 0.605512045563541 0.636787201611871 0.649186774480423 0.624208863061303 0.613032416851188 0.612933281086957 0.583349365679536 0.552219786261159 0.532762810800156 0.51325555938683 0.493699777020261 0.475330797760318 0.457336324888456 0.440085461442 0.421670337476152 0.401904395154117 0.380840186810203 0.359828634101995 0.342612084062043 0.325784944280807 0.309502245429618 0.297668432054476 0.287330538892657 0.275066102183097 0.265552341122439 0.260700612171714 0.254260163542752 0.247126624722664 0.243290447024137
0.393781262308212 0.212350641906704 0.150803969550348 0.111822179989618 0.0616699397365219 0.0385593114456108 0.0463974044047434 0.0256634199599291 0 0 0.00257690446376002 0.00870663825144044 0.0188647852614319 0.0317527157175981 0.0664164960757819 0.0851248066194359 0.0771811271329961 0.0824626110989829 0.0935607068789727 0.0994115092148582 0.1037378898552 0.104948954735215 0.0723130696701987 0.0211768801930172 0.114327005970293 0.216495308064922 0.328117671930449 0.451429380110757 0.582512357613898 0.617164665683188 0.628572096560006 0.592547002031091 0.580882357225388 0.588769858521485 0.554833646268614 0.521438043923257 0.516190991352959 0.50734570307771 0.495027068188775 0.479925544895456 0.46415433061506 0.447869878482352 0.429647458302974 0.409176535518255 0.386716505058907 0.364167215083912 0.345885193966798 0.327783758277812 0.309934802065784 0.297046734561946 0.286006885364234 0.276034382458351 0.267707463449725 0.262169591914458 0.256358605827683 0.250428254966705 0.245034584775657
0.442067253861618 0.314840816943609 0.251962228956948 0.198313783029576 0.12211844083287 0.0844788565989699 0.0909657618451979 0.0662339005942441 0.0341176170110066 0.0125187999067893 0.00535610873040777 0.0180967908616209 0.0206065858641517 0.0208519228143821 0.0438254697668845 0.0571909571039778 0.0545071577666519 0.055145822674927 0.0574727245013907 0.0798080848800456 0.0968728288318672 0.103166514834855 0.0821426400872953 0.0461873404845056 0.111619321167865 0.189107030761745 0.287752744063082 0.403981257797439 0.531899107899606 0.579196378459027 0.603019307347481 0.574158220905049 0.545561076165878 0.51717577590426 0.489766840320095 0.470465537069864 0.484945147324084 0.493742765717742 0.497055605234711 0.486418535765632 0.472328570375426 0.455099834392796 0.436262889553333 0.415560040985098 0.393035340965074 0.370317192781455 0.350490586056138 0.331872250643827 0.314943219359183 0.300098062097262 0.286268656081575 0.277160834555604 0.269800292541429 0.265401158642484 0.260088849921643 0.254352199319262 0.246895536356096
0.490512153243978 0.456523951250238 0.394147485877581 0.32088429899097 0.218426240627988 0.162184287007193 0.158835975412214 0.128550628603777 0.0889525353122872 0.0326394129583224 0.0139646168964363 0.0471825282415852 0.0318271086014091 0.0013679299057858 0.00605858274321466 0.0109869108988227 0.0163122515074731 0.0118888858262851 0.00376573816621617 0.0547449366549593 0.0928199792052261 0.104524024487224 0.100223020393449 0.0871738636281804 0.147935924030214 0.208835742940304 0.263212512022933 0.35232036848573 0.464518025936326 0.530087968029244 0.574467940027625 0.563829275708809 0.508314128671954 0.41678028918042 0.402505053050284 0.40723255635004 0.444788769235886 0.475468345061345 0.499509961062668 0.494064200556981 0.481326358541547 0.461993103884656 0.442051459619035 0.421403939101921 0.399622887655846 0.377567108130028 0.355904982227233 0.337229662124463 0.322730244662267 0.305379767156427 0.287493146784952 0.278383333609799 0.27185529520084 0.269703024202124 0.26480997593191 0.258654032575347 0.24882742100574
0.512140365616158 0.520295747765174 0.444026284330877 0.352541987493372 0.272806030565217 0.224172563937509 0.211135433202678 0.222308788739442 0.226192436341139 0.1077816752045 0.0473333632271931 0.066799030194624 0.0445996229132241 0.00985544548890127 0.0121299716942031 0.0170596372068647 0.0264244429674067 0.0316935326745583 0.0353956121461703 0.0627421467489982 0.084303813703662 0.0940434963554112 0.0969750840456306 0.0961854552167903 0.122422873527422 0.147763871859893 0.168313153034562 0.203800824242494 0.249219784072938 0.375031502012994 0.47830889508132 0.48598603982936 0.478758088471704 0.459567032161916 0.45042444675303 0.448983631129146 0.473994000838209 0.492951084836344 0.506064983131891 0.500494496956967 0.489512849659978 0.469685903705425 0.449466480750399 0.428791691382278 0.407183953219414 0.385285080995342 0.363118234648932 0.343937240040901 0.328930814184061 0.310267694575177 0.290595858670785 0.276449531736099 0.267402538163677 0.266998241480512 0.263452106337262 0.25845235202811 0.24842000847777
-9999 0.57020566305737 0.476670563693911 0.372930852033002 0.320415031777457 0.285487038872294 0.270688051842299 0.31293805379037 0.349143299071835 0.194795742112517 0.105771989367429 0.106811461870404 0.0738037879798466 0.0311076526826739 0.0280667518223744 0.0288580219275189 0.0360505439890064 0.0466798518448026 0.0587380255664121 0.0616637380924216 0.0682441683426188 0.0822933979145509 0.0925767583178092 0.100801743413691 0.100308581155702 0.0987742780953937 0.0954092429761268 0.0865634598663144 0.0740739848967928 0.243998485068483 0.391936448487942 0.416927388575703 0.448306698197457 0.484813430994898 0.484786662086527 0.482475896228734 0.493064047933308 0.502263393559465 0.510122136377722 0.505510780170067 0.49646473067091 0.476656452315328 0.456491353851728 0.435912259427824 0.414876499384129 0.393640256771139 0.371745002947656 0.352322425981067 0.336356939467395 0.317512381268485 0.297556657810562 0.276293452184914 0.263227758083355 0.264055763866808 0.262221157382585 0.259133763780069 0.248872616847902
-9999 -9999 0.476670563693911 0.377556359766842 0.356233870575415 0.347736733883228 0.353918021686873 0.388837585585237 0.416000736585348 0.305860342173402 0.231697389773564 0.20713725066303 0.149921652153904 0.0839155367833862 0.0643335264547647 0.0475544951248697 0.0354575552154726 0.0363086771750229 0.0426900555691875 0.0284789482515886 0.0313323303615076 0.0690587879536978 0.0887695662273875 0.0986332075470679 0.0992493060235222 0.0992465294711533 0.0985340562209636 0.0768693049444486 0.0412751328993483 0.2013192934877 0.346022323836066 0.385431886800443 0.413878887026726 0.433527132273492 0.455518477437853 0.473071681235448 0.47035417727198 0.481576772981654 0.506255629471442 0.506687524593953 0.50001857794512 0.481406428276368 0.462098534940384 0.441983413925333 0.422768896629197 0.403740204200116 0.384103312548663 0.365279662902168 0.347593020367385 0.331598383257724 0.315256123635664 0.281820052696516 0.261040006559778 0.26171025174928 0.262465043004717 0.2631742379739 0.252222743349664
-9999 -9999 -9999 -9999 0.367085903945753 0.374113823477259 0.389185092009278 0.433314691685839 0.47312633575937 0.405013842722334 0.354984553785431 0.329886937210043 0.275970362921297 0.212138397826456 0.15321137557984 0.0946871253817221 0.0368356649381992 0.037411480068516 0.0632533667895975 0.025409781849313 0.0103154584477255 0.0417116390940105 0.0651914295867687 0.0843442237645393 0.0941607150964046 0.100975575196802 0.10104138801007 0.0819352652139416 0.0500833227166813 0.173898342517817 0.287205666303102 0.322210674009437 0.354579502554192 0.384832485098427 0.372066879847051 0.358448285836479 0.367806665007404 0.402981646424858 0.463077176506327 0.488076314426631 0.500750026366103 0.484053403084738 0.466877930542336 0.449146879277746 0.431587888431326 0.413907664851798 0.394684268170774 0.376522667700765 0.359845582093188 0.344922933606552 0.329864786924616 0.301097631671325 0.281814645087552 0.278606072399489 0.275471200551919 0.272314794176647 0.261529593043174
-9999 -9999 -9999 -9999 -9999 0.374113823477259 0.389185092009278 0.454686920731458 0.523096124285905 0.495409124141684 0.476331825310173 0.469124892541574 0.438733173453454 0.395813813274819 0.280774093266984 0.162728832460606 0.0396631213428934 0.0469510867756443 0.110736915154946 0.0444846021574273 0.000986138613851193 0.00398755500456681 0.0270757379038429 0.0611430871879181 0.0861093724402018 0.103628740505709 0.103094686324576 0.0978543228901052 0.0894851272697285 0.157696760059465 0.218901789711495 0.235661578780807 0.276992076003256 0.338043476620073 0.248774274861468 0.166457336106942 0.206554617594881 0.281806455422993 0.390992690336805 0.45491504175147 0.499406167834709 0.485154043324553 0.471048656333614 0.457113519669985 0.441088204251182 0.424124767906182 0.40395833725379 0.38650519939587 0.372845561116996 0.357687589353154 0.34220078631124 0.330486290862202 0.319473505227849 0.309650025097116 0.297861443422135 0.285205435396153 0.275216415127582
-9999 -9999 -9999 -9999 -9999 -9999 -9999 -9999 0.528378088981023 0.504964191296087 0.489158615715786 0.483842784811443 0.476283904561444 0.463473082358495 0.37615654722649 0.296106289986512 0.228193611156029 0.172525245688215 0.122053796658512 0.0490307552685598 0 0 0.0126224004088782 0.0321440413802217 0.0704566620391677 0.0999420116735266 0.105273419878875 0.0956024382525467 0.0759576198798181 0.127783877839899 0.175947838636543 0.191907993995592 0.198997695888349 0.198967808277103 0.184031764917375 0.162202748543078 0.120355725505901 0.14780237739434 0.242137629943799 0.343116596485113 0.434278146634578 0.459286197514723 0.467754895452761 0.457034020969875 0.442799275649387 0.427050305471532 0.406489178262921 0.389129148504327 0.376244626090117 0.363805642397966 0.35161299455078 0.340950453193671 0.330705894243203 0.321169760294399 0.31113048352331 0.300871762803241 0.291665057745121
-9999 -9999 -9999 -9999 -9999 -9999 -9999 -9999 -9999 -9999 -9999 -9999 -9999 0.506374821322498 0.455952435664387 0.417260705488991 0.398163842566398 0.286251165883905 0.133905158058209 0.0548766650317088 0.00208692376886053 0.00291882613625571 0.00546396593303665 0.00894553911673805 0.0556334612804028 0.0939833228750142 0.107147538451421 0.0925560042696525 0.0595119888520297 0.0982747205152448 0.136289261395109 0.151400385828105 0.12815292130664 0.0741181460409901 0.13289524922527 0.17451146915261 0.073606908880858 0.0564216263183736 0.120049857259617 0.228635150193452 0.340011876945622 0.412302466052632 0.44949622487838 0.445969335878025 0.437103067646897 0.425858184375796 0.406593491010846 0.390411386604592 0.378539100858902 0.368783718380207 0.359687826604034 0.348741467529462 0.338664682907245 0.330061712189796 0.322263557094949 0.314823278087009 0.306655270583002
-9999 -9999 -9999 -9999 -9999 -9999 -9999 -9999 -9999 -9999 -9999 -9999 -9999 0.508302864122026 0.492036136469174 0.464421577218321 0.417851619089918 0.305143325632928 0.163597857160478 0.0719149873259734 0.0119158776958135 0.0166658580317753 0.014992441046893 0.00980807829026759 0.0472206439886042 0.0823761074761599 0.107836600702313 0.0945296485503525 0.055449457893424 0.0762754909173809 0.097740241931919 0.104169458454762 0.0840100604897614 0.0425101503003309 0.106560664805854 0.165946891222472 0.140299563734783 0.128789356164711 0.130925591357007 0.138681563970203 0.165617473431081 0.29880869477572 0.378994080650489 0.397680124801246 0.407342940642154 0.412587692157428 0.400652718440122 0.389942797437636 0.380945642918536 0.372447163484676 0.364083323912859 0.354913792766255 0.346066737548863 0.337766236461638 0.32947217154245 0.321196119674574 0.315024011952364
-9999 -9999 -9999 -9999 -9999 -9999 -9999 -9999 -9999 -9999 -9999 -9999 -9999 -9999 0.50884169860462 0.495308897710327 0.45917092888889 0.385042815872814 0.294026903119369 0.201245838077703 0.122638132235057 0.0729951737576453 0.0431795773004622 0.0242013600948858 0.0428753001504731 0.0655321733065352 0.094792173349612 0.0909182168678181 0.0650162583910603 0.0774067669451938 0.0907297239316006 0.096132004065922 0.0794863655954685 0.0451446611369386 0.0861751611320766 0.13252362297265 0.154829770342895 0.155551865494155 0.135439056867082 0.108797367397016 0.102722368248914 0.226101507128509 0.302831841822444 0.325438498921277 0.339949190587728 0.35186321164666 0.360812120063163 0.36721163398844 0.370046797266047 0.370387111278144 0.369381590640692 0.360407001341707 0.351864024064933 0.344052572188976 0.335823661780684 0.327429792387357 0.322291887217914
-9999 -9999 -9999 -9999 -9999 -9999 -9999 -9999 -9999 -9999 -9999 -9999 -9999 -9999 -9999 0.511785297692914 0.519645879763579 0.518966887310409 0.513662260951406 0.430016490124374 0.322705687861517 0.16703290963347 0.0878897501411496 0.050576688942982 0.0421318767389388 0.0440509023420575 0.0695861579017179 0.0823609633071027 0.0866524105224071 0.0990210877032718 0.111647887934343 0.122802033952082 0.110047124145516 0.0781023653031357 0.0710578210250141 0.0770869290764526 0.123167914488134 0.141929015899833 0.134318463434873 0.132107165587006 0.138564625409574 0.189512570867659 0.221657348928332 0.231985992840446 0.239229269598549 0.24911620985803 0.290951786727776 0.32476601586136 0.347365465918201 0.363258659213347 0.375479298015862 0.365298823281846 0.35624022027588 0.349083041751383 0.341416132142658 0.333540225153147 0.328584898811598
-9999 -9999 -9999 -9999 -9999 -9999 -9999 -9999 -9999 -9999 -9999 -9999 -9999 -9999 -9999 -9999 -9999 0.555965604488347 0.58785171396522 0.538225902720176 0.469503243263355 0.361754169802677 0.223774408817182 0.0692709456160821 0.0373313701375705 0.0239600260361471 0.0463041178283838 0.0644233618369183 0.0797338572030155 0.09267871682736 0.104663876175746 0.114229664463443 0.109923003532576 0.0944820590809617 0.0704951764080254 0.0564448958825322 0.089818978346294 0.112689321456099 0.125420493453269 0.149593616536457 0.176973637443593 0.209140060566298 0.225879703810504 0.224720623281399 0.221666088791916 0.221958233313187 0.257560673839382 0.295665963973381 0.337270529582904 0.362539023614262 0.380382790348172 0.370816963714671 0.36204333728255 0.354612385613919 0.346880473871256 0.339034585752837 0.334225058143699
-9999 -9999 -9999 -9999 -9999 -9999 -9999 -9999 -9999 -9999 -9999 -9999 -9999 -9999 -9999 -9999 -9999 -9999 0.628027204140926 0.61046752661729 0.584011557591147 0.539375082995414 0.355836250816155 0.0963751892178155 0.0391799884066341 0.00908908817686327 0.0289576222327475 0.050481347166763 0.073105470356512 0.0854909729302966 0.095639152637062 0.101495080933533 0.104255416449184 0.10453117212292 0.0715384871310627 0.0437657752326646 0.0586978654274411 0.0810922677572814 0.110689977126992 0.156848893607488 0.202892386449093 0.227787078106564 0.237041793175852 0.228150425719962 0.217508692465325 0.209990445799289 0.235379922485539 0.274152493134221 0.331636189031262 0.363485854913916 0.384446227490204 0.375986924893367 0.367670803042894 0.359597353656308 0.351736197648689 0.343987963827584 0.338626931527717
-9999 -9999 -9999 -9999 -9999 -9999 -9999 -9999 -9999 -9999 -9999 -9999 -9999 -9999 -9999 -9999 -9999 -9999 0.628027204140926 0.61046752661729 0.584461375143509 0.541193967487788 0.387121775518462 0.172485123724686 0.0779689609650377 0.0191221399662213 0.0396221736102385 0.0649528335968657 0.0934949738252823 0.0990973571091894 0.101371816728357 0.0994619476640563 0.0982897929960662 0.0977097415044112 0.0675962126244385 0.0398252847758731 0.0402472188542006 0.051667630511732 0.0737047799229511 0.118065596619 0.163944419898748 0.191193323973363 0.206514100755891 0.20799542061899 0.206058078981782 0.206443432982373 0.236706390069042 0.278695306049061 0.337078479300715 0.367043034056615 0.385370641057193 0.378851988197475 0.371140873607661 0.361408693801456 0.353657819189659 0.346782896693652 0.33741021407383
-9999 -9999 -9999 -9999 -9999 -9999 -9999 -9999 -9999 -9999 -9999 -9999 -9999 -9999 -9999 -9999 -9999 -9999 -9999 -9999 0.518073963153398 0.520551777393041 0.406194400287691 0.227976420987864 0.106532325914991 0.0245823691546512 0.0375852025277396 0.0644599451591036 0.100556962365069 0.104781263168076 0.103604583992875 0.0941083949848259 0.0900147309870707 0.0902572331734422 0.0638504423211961 0.0370784442024766 0.0252324483445724 0.0259855087508871 0.0389003320319188 0.0839483053592617 0.132499723299721 0.162016054874841 0.182872208025924 0.193680500077005 0.204432042448527 0.218445338499792 0.262299921618327 0.307390691950389 0.354209796092831 0.37477754244245 0.385046237296931 0.380404154970606 0.373842061170347 0.36402580138127 0.354818491184958 0.345877860398662 0.335815515889243
-9999 -9999 -9999 -9999 -9999 -9999 -9999 -9999 -9999 -9999 -9999 -9999 -9999 -9999 -9999 -9999 -9999 -9999 -9999 -9999 0.515790699406829 0.511319160749198 0.412269222026821 0.261523954926109 0.124212900185745 0.025175887915244 0.0220304029178679 0.0480409459641209 0.0934348983966997 0.102033526400249 0.102112521787785 0.085221024972957 0.0792818065847131 0.0821330887979479 0.0603138052249838 0.0356019674375353 0.0138743720316848 0.00428642782177214 0.00641678664429067 0.0547968963823491 0.109040519535588 0.140731916169971 0.166558654066082 0.185580996773578 0.21326199235204 0.246995465893114 0.313720121630824 0.361790897187718 0.383781374017657 0.386957850187296 0.383392756763001 0.380559047500763 0.375724950878387 0.367500461750451 0.355169308652285 0.341035063978201 0.333818544770813
-9999 -9999 -9999 -9999 -9999 -9999 -9999 -9999 -9999 -9999 -9999 -9999 -9999 -9999 -9999 -9999 -9999 -9999 -9999 -9999 0.486880440373605 0.487445181812308 0.412736247607202 0.29688369733345 0.149560136902568 0.0399988864750925 0.0292115513598676 0.0512690948437772 0.0951624565392249 0.101839618405969 0.101690258232749 0.0901497344010873 0.0818515606097846 0.0761557567427888 0.0470967750007027 0.0184639430556325 0.00608175498376156 0 0 0.0560727439866595 0.116997235974931 0.137258046788976 0.149001779118169 0.150863680219026 0.184755926187515 0.230570846471394 0.303133359740934 0.348733434927168 0.356636879020918 0.366207241561361 0.375839605765778 0.375851677993708 0.37371947156903 0.367952995893051 0.357469615438545 0.344906588712561 0.339089003044489
