layers/veg/veg_1800.asc
NCOLS 255 
NROWS 330 
XLLCORNER -2985163.8955 
YLLCORNER -3022031.214 
CELLSIZE 25000 
NODATA_value -9999 
[rows 150 to 174 of 330, columns 57 to 113 of 255]
-9999 -9999 -9999 -9999 -9999 -9999 -9999 -9999 -9999 -9999 -9999 -9999 -9999 -9999 -9999 -9999 -9999 -9999 -9999 -9999 0.517208382420508 0.530356724854498 0.46995959348611 0.369363458789782 0.181105792103952 0.0373689500922023 0.0147916416415579 0.0344173926567307 0.0821004352123446 0.0827887940920794 0.0775712386514648 0.0667213202790218 0.0556900671583055 0.0445132714252052 0.0207312261356471 0 0 0 0 0.0617413242542866 0.127104621585129 0.137540415232892 0.135880008479314 0.120185140133917 0.152862453848932 0.201344091913658 0.270178527338044 0.30973221572907 0.308348006901063 0.322927650732199 0.34124691940833 0.323589454282445 0.313338020468436 0.315638832062539 0.318944808742851 0.322710427652101 0.327332418297451
-9999 -9999 -9999 -9999 -9999 -9999 -9999 -9999 -9999 -9999 -9999 -9999 -9999 -9999 -9999 -9999 -9999 -9999 -9999 -9999 0.511212549642816 0.506111945608037 0.466683086781481 0.408490848547989 0.235087191553353 0.0899196205189925 0.0271449044327208 0.0259496456882388 0.0656934280798661 0.0666327521535315 0.0597014446625913 0.0384656007579747 0.0358972933615992 0.0483118949556949 0.0240027148009854 0 0 0 0 0.0448431339083685 0.0939501650628589 0.112802385524714 0.133051485226272 0.15492129617496 0.18255993712336 0.213630703257888 0.26121611008662 0.290606814583936 0.294559204508003 0.318922568826007 0.347851177741228 0.326922527576468 0.3146667858384 0.31711047897841 0.319831332348742 0.322748002972336 0.335519707904398
-9999 -9999 -9999 -9999 -9999 -9999 -9999 -9999 -9999 -9999 -9999 -9999 -9999 -9999 -9999 -9999 -9999 -9999 -9999 -9999 -9999 0.487074963142758 0.468148160107459 0.438876211696556 0.272089622191227 0.123815986494236 0.0353338540311931 0.0180398401645922 0.048072864265313 0.0543535197854297 0.0523514740255442 0.0304209188168338 0.0319574032317149 0.0523289663298936 0.0264223534218266 0 0 0 0 0.0315768557295103 0.0664601012283974 0.0818327461265645 0.105028609945203 0.137301263319311 0.178887207379014 0.222341747905091 0.259023821024965 0.283604134518569 0.291264777513831 0.321079194740828 0.355889481796837 0.337314089206746 0.3241427548366 0.32013058576295 0.320495596056846 0.322951718951917 0.341601822513036
-9999 -9999 -9999 -9999 -9999 -9999 -9999 -9999 -9999 -9999 -9999 -9999 -9999 -9999 -9999 -9999 -9999 -9999 -9999 -9999 -9999 -9999 0.475684466924862 0.458068073018137 0.287351771439134 0.133826930898092 0.0381907165276745 0.0108444363307482 0.0288984331903959 0.0470382479435762 0.0584713390646301 0.0482549371105426 0.0483159278986793 0.056625743594596 0.0277512626894899 0 0 0 0 0.0229609655319245 0.0462228624802639 0.0428840033048618 0.0447462783563203 0.0526431027802145 0.13248645162058 0.226474550670536 0.265500167469128 0.292123679060111 0.301407602022761 0.331125420039368 0.365763972601116 0.356743509632888 0.344050599962576 0.325133377929603 0.320875272828416 0.323368165440909 0.34498842025334
-9999 -9999 -9999 -9999 -9999 -9999 -9999 -9999 -9999 -9999 -9999 -9999 -9999 -9999 -9999 -9999 -9999 -9999 -9999 -9999 -9999 -9999 0.475085911315112 0.474286844920195 0.316354127472446 0.167956283797258 0.0583896584774898 0.0171703988244189 0.0213895976339357 0.047401396783344 0.0670320373037749 0.0598686228597658 0.057126513090412 0.0579330239722225 0.0279209363504314 0.000266802862327331 0.00166511807129299 0.00164042284639393 0.000242107637428274 0.0336671041884473 0.0645094486974304 0.0370716687613542 0.0497221776091998 0.108884610082032 0.188975098846519 0.268310705417356 0.287325995634826 0.29916910066068 0.300984654822626 0.331380567030397 0.369813488253542 0.367790408741368 0.356316368025102 0.328824195683326 0.329522219962489 0.342934230227148 0.355739276600749
-9999 -9999 -9999 -9999 -9999 -9999 -9999 -9999 -9999 -9999 -9999 -9999 -9999 -9999 -9999 -9999 -9999 -9999 -9999 -9999 -9999 -9999 0.489578894966784 0.489085800438057 0.353096128068113 0.21684134206105 0.0925300005973928 0.0334326126053335 0.0176905388539253 0.0488086326423656 0.0739027161008794 0.0662009765282992 0.0610059713599489 0.0578229174431888 0.0286215861693421 0.00236685736241631 0.00469343342873542 0.00407061687178937 0.000600776461917143 0.0494251366880385 0.0933390660955898 0.0436424270409683 0.0759505697516188 0.203403710217319 0.27286756026467 0.320222308314378 0.314383807721029 0.307315817413084 0.298528857178905 0.329307901233699 0.372179139235534 0.376286697611301 0.367013273470297 0.335060850378426 0.342900201679401 0.368508789547016 0.368593294309287
-9999 -9999 -9999 -9999 -9999 -9999 -9999 -9999 -9999 -9999 -9999 -9999 -9999 -9999 -9999 -9999 -9999 -9999 -9999 -9999 -9999 -9999 0.489994892470257 0.490145174291886 0.431015565895027 0.352528150513356 0.230428813198564 0.119006834692462 0.0146833408168397 0.032508146336765 0.0500517999780345 0.0318323451033309 0.0338326433531102 0.0520616882690701 0.0405414390576749 0.0261526248110831 0.0179895096867879 0.00975079537313723 0.00143910579886541 0.0507127344483569 0.0991591376408557 0.0715550255696129 0.105308525355025 0.210251408450628 0.285942487785979 0.346598219222909 0.345071253280882 0.335017138383595 0.313041075350763 0.337448794621654 0.376910593834571 0.386606228382956 0.388760123254981 0.378131764955871 0.381974980447334 0.392173187587023 0.378137704671211
-9999 -9999 -9999 -9999 -9999 -9999 -9999 -9999 -9999 -9999 -9999 -9999 -9999 -9999 -9999 -9999 -9999 -9999 -9999 -9999 -9999 -9999 0.504331548412189 0.498939457059045 0.483783864316803 0.439435345033253 0.321902070200908 0.176770756759995 0.0132918110624159 0.0207717880829006 0.0340903996708844 0.0174496685410909 0.0205693894766081 0.0395492135796972 0.0405299370635829 0.0363994186755039 0.0217193129432281 0.0101196613530425 0.00149354619581479 0.0462172010995716 0.0936862728965167 0.0914252830301339 0.12788895402705 0.209282416818911 0.288325579208322 0.359928028845342 0.369789513572632 0.364875062319562 0.339302130332042 0.354621731920677 0.383933652661324 0.399863887218526 0.409718534076805 0.409275861819907 0.408506432368037 0.407488526992796 0.392398813381927
-9999 -9999 -9999 -9999 -9999 -9999 -9999 -9999 -9999 -9999 -9999 -9999 -9999 -9999 -9999 -9999 -9999 -9999 -9999 -9999 -9999 -9999 0.512107029548012 0.518740396601829 0.497639749016806 0.450873492686091 0.341548345625006 0.191508162904828 0.0143999514676368 0.0160967894027514 0.0303352099269853 0.0339881256784367 0.0288270118809491 0.016591595455861 0.0220589207720438 0.0256994819369075 0.0106487221969163 0.00227116640504497 0.000335198167802072 0.032774335914252 0.0707416188246146 0.098852887380851 0.139983578150972 0.19621988679662 0.27416686936168 0.353073651877918 0.385272589605219 0.398069559818801 0.383740318019461 0.385768534330118 0.394502151333129 0.417667250841022 0.429457116936842 0.42196746403658 0.415631561741497 0.409886677299123 0.413957329760445
-9999 -9999 -9999 -9999 -9999 -9999 -9999 -9999 -9999 -9999 -9999 -9999 -9999 -9999 -9999 -9999 -9999 -9999 -9999 -9999 -9999 -9999 0.532171357240482 0.531451726145587 0.510981394001407 0.468203244525784 0.370645192240389 0.213234817708541 0.0160336300011363 0.00851471853793808 0.0168912020899717 0.0223921808646788 0.0221327699286529 0.017249964001678 0.0156402324823794 0.013053462480779 0.00429962117293275 0 0 0.0274177146208946 0.0592755817588123 0.083454527082365 0.125462454509391 0.188156230074704 0.253531910511414 0.317503342602722 0.361840677350003 0.388202783076145 0.389433423497884 0.401936514878475 0.418346945404514 0.431964881508073 0.43690650487511 0.427142923508311 0.423115319349992 0.421747035938859 0.430330262642307
-9999 -9999 -9999 -9999 -9999 -9999 -9999 -9999 -9999 -9999 -9999 -9999 -9999 -9999 -9999 -9999 -9999 -9999 -9999 -9999 -9999 -9999 0.502697097650147 0.537179271611109 0.522570469238849 0.486689385008278 0.401388589470022 0.236846740919108 0.0196241304876839 0.000890645258844555 0 0 0.00955065537202833 0.0267668428390539 0.0139312857044508 0 0 0 0 0.025113021073702 0.0520280309395378 0.0585419035198735 0.0998032580350046 0.18137993343158 0.230891555485766 0.272526481666985 0.324338718405495 0.362127113386271 0.380308543017427 0.41223778125007 0.447038043760327 0.444617279922597 0.439462028041515 0.429672179904992 0.430587187253936 0.436339789306449 0.443202330906233
-9999 -9999 -9999 -9999 -9999 -9999 -9999 -9999 -9999 -9999 -9999 -9999 -9999 -9999 -9999 -9999 -9999 -9999 -9999 -9999 -9999 -9999 0.475250720728217 0.467284683661327 0.481842376070049 0.463042979274672 0.357483547166715 0.227883361233104 0.0823004847676686 0.0319764183777992 0 0 0.0037740080323364 0.0105771044959632 0.00550504463843978 0 0 0 0 0.0146410663811353 0.0293288057124338 0.0261974953305173 0.0639811998904343 0.14923602651164 0.229671607281803 0.305083985969624 0.347070785838517 0.3810150766011 0.403715002224973 0.43043400321095 0.45674408441926 0.449890839238092 0.44576268768325 0.446253210087144 0.432704891214294 0.412936308521816 0.408976248412849
-9999 -9999 -9999 -9999 -9999 -9999 -9999 -9999 -9999 -9999 -9999 -9999 -9999 -9999 -9999 -9999 -9999 -9999 -9999 -9999 -9999 -9999 0.411459940886524 0.415476971002688 0.451440043493357 0.44470469869884 0.326622994456611 0.222569493352476 0.12784217357775 0.0545196200252534 0 0 0 0 0 0 0 0 0 0.00741825280312587 0.0137901692675521 0.00481854862267928 0.0397069746146185 0.125483457973026 0.231631889657087 0.336007334055682 0.372213439915728 0.402420818305298 0.42424127649944 0.445469613645624 0.46463163076304 0.450718847638111 0.442760835648563 0.444895374647909 0.4237811122097 0.392327169111815 0.381662242526524
-9999 -9999 -9999 -9999 -9999 -9999 -9999 -9999 -9999 -9999 -9999 -9999 -9999 -9999 -9999 -9999 -9999 -9999 -9999 -9999 -9999 -9999 0.406205419368868 0.402095874568922 0.44049678338741 0.436369670784889 0.320345005527045 0.224133192898498 0.141093292200132 0.0609641996034029 0 0 0 0 0 0 0 0 0 0.00631850123608115 0.0117457848735056 0.00410420165455765 0.0371948379199496 0.117544510158253 0.239585370960745 0.363851086797331 0.401898885759979 0.428571356642429 0.439339792998388 0.454548997592988 0.469092193462317 0.443169139291264 0.422228241228678 0.409731440078662 0.39404946967942 0.376984013822977 0.36737416324583
-9999 -9999 -9999 -9999 -9999 -9999 -9999 -9999 -9999 -9999 -9999 -9999 -9999 -9999 -9999 -9999 -9999 -9999 -9999 -9999 -9999 -9999 0.402352347731586 0.401676667284008 0.431925962892793 0.426725938070398 0.328673382335765 0.24879146171343 0.18098967967047 0.0878741525652597 0.0129671531188481 0.00399490590533741 0 0 0 0 0 0 0 0.0035984503401025 0.00668934324669873 0.00233738433971599 0.0429782681426596 0.135821521447452 0.27126876758519 0.40687588924313 0.435133481368035 0.446091075809895 0.432861257060723 0.436300435758576 0.444264192014691 0.42572537432542 0.408506479486512 0.393524679636785 0.382100927475202 0.372293747950787 0.364062414754664
-9999 -9999 -9999 -9999 -9999 -9999 -9999 -9999 -9999 -9999 -9999 -9999 -9999 -9999 -9999 -9999 -9999 -9999 -9999 -9999 -9999 -9999 0.40483069628073 0.407987997596605 0.424551860499331 0.416422061798874 0.344369576722476 0.285099211067493 0.234326609689573 0.125107353654567 0.0324752638172478 0.0100049426432961 0 0 0 0 0 0 0 6.10797842420187e-05 0.000113544332591102 3.9674559231644e-05 0.0529461905825575 0.167322520672531 0.314922129247991 0.45755839428701 0.470158357220006 0.459257193107456 0.415498714172101 0.40426697199106 0.404662303508353 0.403290798806067 0.398220272736107 0.386880393753417 0.379122627528447 0.372977066946093 0.366287403079622
-9999 -9999 -9999 -9999 -9999 -9999 -9999 -9999 -9999 -9999 -9999 -9999 -9999 -9999 -9999 -9999 -9999 -9999 -9999 -9999 -9999 -9999 0.387884259049853 0.385971288625923 0.394709143566887 0.383014915133114 0.318470799113625 0.251933319480902 0.184070618768225 0.136707889036656 0.08759442191519 0.0269859906932828 0 0 0 0 0 0 0 0 0 0 0.0568729176727603 0.179731909667219 0.336432484103329 0.483380722156794 0.455112616273062 0.430088138847791 0.409598632073984 0.402803981622378 0.40080609392647 0.396303720157482 0.390332893730843 0.381873233898992 0.375222507683032 0.369397291968583 0.364879399967611
-9999 -9999 -9999 -9999 -9999 -9999 -9999 -9999 -9999 -9999 -9999 -9999 -9999 -9999 -9999 -9999 -9999 -9999 -9999 -9999 -9999 -9999 0.38004552932029 0.374966769726738 0.375231587080174 0.360151799961074 0.305628698084709 0.229172734178565 0.138135441049495 0.147917232230097 0.140690917493719 0.0498540547683937 0.00630559563915299 0.000711681131909773 0 0 0 0 0 0 0 0 0.0534480457174361 0.168908501934949 0.331563925199223 0.485339055812487 0.437734467699856 0.408294946773927 0.404252307034766 0.400853109535079 0.397465407573894 0.390142186496414 0.382995708387117 0.376148786277161 0.370568548044772 0.365567972330077 0.361706853737394
-9999 -9999 -9999 -9999 -9999 -9999 -9999 -9999 -9999 -9999 -9999 -9999 -9999 -9999 -9999 -9999 -9999 -9999 -9999 -9999 -9999 -9999 0.386124187398752 0.390446601651011 0.380769900867154 0.362746339073953 0.324841295730953 0.23344148769633 0.106477475837672 0.159264172141375 0.187630215551544 0.0859607251655181 0.0272711170765798 0.00307795497525929 0 0 0 0 0 0 0 0 0.0331781669160318 0.104850877062216 0.266271366579732 0.43283133987831 0.416979048551732 0.405379322904048 0.399725179740353 0.396519168202114 0.393863070829749 0.385268945492494 0.376839681360566 0.36868983520844 0.364199636622096 0.361332629850088 0.354580314189262
-9999 -9999 -9999 -9999 -9999 -9999 -9999 -9999 -9999 -9999 -9999 -9999 -9999 -9999 -9999 -9999 -9999 -9999 -9999 -9999 -9999 -9999 0.50196783405773 0.412438010656158 0.380246652125761 0.351762189763582 0.327347225228944 0.245190647454577 0.124646490741894 0.179230143281658 0.210706726786494 0.117702468698237 0.0511294851901031 0.0057707299954528 0 0 0 0 0 0 0.00334510557330235 0.0264331310851616 0.0622137597894304 0.112720818785341 0.254757074123805 0.40548395872225 0.401580167964952 0.398013104626402 0.394916825467089 0.391749497642011 0.388341931465933 0.381103159883966 0.37436308312149 0.368468228245663 0.365499331104241 0.363804532444744 0.355706762810231
-9999 -9999 -9999 -9999 -9999 -9999 -9999 -9999 -9999 -9999 -9999 -9999 -9999 -9999 -9999 -9999 -9999 -9999 -9999 -9999 -9999 0.55985647575387 0.509821816408022 0.432438860374866 0.375989095197355 0.332412704434573 0.319560784178635 0.26154821340104 0.173512095660731 0.204505986048593 0.219082243058434 0.146755139562126 0.0767700309147211 0.00866465051436061 0 0 0 0 0 0 0.00875100901354589 0.0691507527381653 0.121624660296439 0.164902717954005 0.276373615290046 0.39363694462668 0.389481255944039 0.387905037022581 0.389935217481663 0.38671139015453 0.381638687603756 0.377373211811154 0.374153247120745 0.372705285731291 0.371523374742118 0.370408524756747 0.361917577243305
-9999 -9999 -9999 -9999 -9999 -9999 -9999 -9999 -9999 -9999 -9999 -9999 -9999 -9999 -9999 -9999 -9999 -9999 -9999 -9999 0.51441128380942 0.511399571190666 0.478559562417167 0.429415793338671 0.392429436704248 0.349742308273597 0.291454192598869 0.229718447112278 0.165690660338175 0.16014337620712 0.144654192184812 0.0804204228223918 0.0347288820095508 0.00391967570915125 0 0 0 0 0 0 0.0170736904905922 0.134916847601841 0.219253167279249 0.264713607967711 0.30572000720593 0.343970999295975 0.368510671468972 0.384308124010905 0.387882934544595 0.385690150768606 0.381599154967247 0.380739755849837 0.377854450611946 0.371535501938428 0.359913526471634 0.34596555385995 0.341281341117599
-9999 -9999 -9999 -9999 -9999 -9999 -9999 -9999 -9999 -9999 -9999 -9999 -9999 -9999 -9999 -9999 -9999 -9999 -9999 -9999 -9999 0.470945134903691 0.451901158393183 0.422447991003299 0.401164613482578 0.35987069139553 0.267027792600692 0.198693793363242 0.146653715678421 0.116434531150685 0.0814946875406264 0.0251067914079351 0 0 0 0 0 0 0 0 0.0231306297128881 0.182778974799143 0.290927493850964 0.339323999337806 0.321505169725375 0.294085046991843 0.348356202327613 0.382004351026204 0.38681913269702 0.386089028526127 0.383471111834676 0.382837241837026 0.377473817848503 0.364094424190887 0.345278647918482 0.324153402053236 0.322971235277545
-9999 -9999 -9999 -9999 -9999 -9999 -9999 -9999 -9999 -9999 -9999 -9999 -9999 -9999 -9999 -9999 -9999 -9999 -9999 -9999 -9999 -9999 0.446418701609317 0.408486437573102 0.383287965675917 0.341709057815009 0.257369700804357 0.179526533499984 0.106002140492976 0.0883710133044119 0.0676144772189838 0.0208305918695293 0 0 0 0 0 0 0 0 0.0219873087836209 0.173744416297634 0.279174743150286 0.330855016077541 0.296112866509408 0.25101423972625 0.332337677225211 0.38219762394671 0.388067943281579 0.389848142904238 0.389618081698885 0.379824471036096 0.364386584333252 0.339382394839834 0.325276243588281 0.31615667797731 0.316757363211564
-9999 -9999 -9999 -9999 -9999 -9999 -9999 -9999 -9999 -9999 -9999 -9999 -9999 -9999 -9999 -9999 -9999 -9999 -9999 -9999 -9999 -9999 0.464436013485285 0.323770880026372 0.322682839172506 0.304256671692115 0.228828762626466 0.152049823207105 0.0743726964763537 0.0567405538098958 0.0406760146242993 0.012531420701126 0 0 0 0 0 0 0 0.0110265160395189 0.0439150832831082 0.192206789270347 0.287494224611217 0.321284133794503 0.29799159557684 0.26933526127663 0.337625915016972 0.379836326071542 0.385583518025142 0.386034373281572 0.383540504459297 0.362564591999574 0.341915153421773 0.321819044976217 0.314416194003764 0.312742697818515 0.311436768229724
