layers/veg/veg_5900.asc
NCOLS 255 
NROWS 330 
XLLCORNER -2985163.8955 
YLLCORNER -3022031.214 
CELLSIZE 25000 
NODATA_value -9999 
[rows 250 to 274 of 330, columns 57 to 113 of 255]
-9999 -9999 -9999 -9999 -9999 -9999 -9999 -9999 -9999 -9999 -9999 -9999 -9999 -9999 -9999 0.71338229768623 0.711122683109768 0.697748451483609 0.683607398578643 0.668088566717309 0.605414044773092 0.513987535643018 0.483594040364415 0.45290213783621 0.4099531025467 0.412827662750387 0.449529444378179 0.472359387290207 0.48536951941214 0.46791968503289 0.446822716399554 0.422483538963245 0.415249750361537 0.413541505659187 0.424169650807788 0.432283813940125 0.437712082919308 0.358207586413012 0.26761131390908 0.250261328003811 0.236100124982305 0.22603792990088 0.210842549759022 0.195732198790219 0.202591211606402 -9999 -9999 -9999 0.165970176366796 0.18421047786469 0.194008053686906 0.18782729363273 0.185748964816086 -9999 -9999 -9999 -9999
-9999 -9999 -9999 -9999 -9999 -9999 -9999 -9999 -9999 -9999 -9999 -9999 -9999 -9999 -9999 0.715342378971514 0.716020789428842 0.708245762154536 0.701535662314962 0.697565416749326 0.648471357360277 0.571864195850415 0.522723289657841 0.475867880077957 0.430482003457718 0.428839546705106 0.459488714688259 0.474710215061557 0.485305156273912 0.485510617792906 0.484232453090457 0.481635382732123 0.483153905004209 0.484741968057473 0.482942665796103 0.483491229262161 0.486548211161163 0.392239640074377 0.285561714286488 0.265401541922162 0.250680598805261 0.242951490719414 0.226663243484761 0.208910678032206 0.207575988478198 0.206764007603221 -9999 -9999 0.165970176366796 0.18421047786469 0.194008053686906 0.18782729363273 -9999 -9999 -9999 -9999 -9999
-9999 -9999 -9999 -9999 -9999 -9999 -9999 -9999 -9999 -9999 -9999 -9999 -9999 -9999 -9999 0.732167082350941 0.72685218531014 0.724827943060888 0.724722859693023 0.728914517166335 0.692834840544396 0.632200738362596 0.581360568292381 0.530304702980795 0.476797503025816 0.464125631140844 0.481598615190521 0.482600664358683 0.484963658484265 0.499742857880919 0.512057511888669 0.522181248261215 0.527911913304598 0.530890978693141 0.5239800572398 0.521621925286392 0.524127913529268 0.445039250638013 0.351654935281366 0.301825349907734 0.270628847266519 0.2633841647562 0.247225096522738 0.229053718516997 0.221849614003089 0.220349741019431 0.227710878183123 -9999 -9999 -9999 -9999 -9999 -9999 -9999 -9999 -9999 -9999
-9999 -9999 -9999 -9999 -9999 -9999 -9999 -9999 -9999 -9999 -9999 -9999 -9999 -9999 -9999 0.740028005937751 0.74649608466441 0.750930662218388 0.756138314529222 0.76319298677552 0.739241990503566 0.69638607348167 0.670520591432679 0.633981955941525 0.563459351716103 0.529568605672855 0.522719691781096 0.499158542309583 0.48418854897449 0.508720004463162 0.524886146938841 0.533615740716056 0.536454889386977 0.537843869193952 0.537267854060851 0.53929246333561 0.544095533970245 0.527203044241805 0.493073602419413 0.371549994821456 0.298975648497229 0.289322930247399 0.275205084515205 0.260093683529207 0.250656801541521 0.241407350150912 0.232449055319048 -9999 -9999 -9999 -9999 -9999 -9999 -9999 -9999 -9999 -9999
-9999 -9999 -9999 -9999 -9999 -9999 -9999 -9999 -9999 -9999 -9999 -9999 -9999 -9999 -9999 -9999 0.752380085409581 0.773028770226103 0.785571133352262 0.778769306266229 0.754181952638398 0.718750324855641 0.702295162415697 0.677305104834602 0.624133057820885 0.589991828792972 0.569899250617505 0.544743708835299 0.527878621070876 0.54420297060717 0.548685040889962 0.542639628670585 0.545432229476821 0.549225060164964 0.550035962309535 0.553502044699322 0.559804874945719 0.569300847905398 0.56059933505753 0.412020144261674 0.322874910644428 0.3101288146499 0.296652142205592 0.283195424423518 0.272964314973978 0.267344221587548 0.268886926539182 -9999 -9999 -9999 -9999 -9999 -9999 -9999 -9999 -9999 -9999
-9999 -9999 -9999 -9999 -9999 -9999 -9999 -9999 -9999 -9999 -9999 -9999 -9999 -9999 -9999 -9999 -9999 0.808657922236208 0.821634124777867 -9999 0.743873695790981 0.724032302111827 0.710446891508183 0.694957802460579 0.672805033121519 0.647121483702303 0.618831493686585 0.601434170521408 0.5889821190324 0.590129190096785 0.577162685984524 0.551649575553106 0.555385766965817 0.562925028330018 0.563081617655263 0.566626991523151 0.573792883171396 0.594407414390316 0.596998330977421 0.442281944541249 0.347342277492222 0.329242350347587 0.315320818685018 0.302905816501626 0.292439919304944 0.291750287037878 0.306247202211097 0.309964684993003 0.30925752966945 0.308040953424469 -9999 -9999 -9999 -9999 -9999 -9999 -9999
-9999 -9999 -9999 -9999 -9999 -9999 -9999 -9999 -9999 -9999 -9999 -9999 -9999 -9999 -9999 -9999 0.790311615099389 0.808657922236207 -9999 -9999 0.758997358142428 0.763500896726534 0.720495064113924 0.683647979071323 0.673450814120075 0.658399880702668 0.639765869639804 0.625522379394389 0.615214117761268 0.617633107932547 0.611383316492566 0.597427200554228 0.595225802425081 0.595072523717835 0.594574075171559 0.592618595869492 0.58910645054411 0.60216430696622 0.609269634966092 0.542294757804726 0.461913116316147 0.364297804354777 0.330864783875289 0.318245165021169 0.306269152035311 0.301654707850222 0.308475798057122 0.309964684993003 0.30925752966945 0.308040953424469 0.307244965755379 -9999 -9999 -9999 -9999 -9999 -9999
-9999 -9999 -9999 -9999 -9999 -9999 -9999 -9999 -9999 -9999 -9999 -9999 -9999 -9999 -9999 0.817091877536715 0.804802043846002 0.816727354495607 -9999 -9999 0.778928834260375 0.784190515421454 0.730658357560371 0.687070189926895 0.683166272481767 0.673844305165212 0.660522704674633 0.648577223421469 0.638895042283406 0.637044711322432 0.631679946972189 0.623190941484022 0.618224668564446 0.61465821806945 0.614953367526164 0.611634719796584 0.604455154737224 0.616346267269278 0.630368510079793 0.625296610166848 0.557106092340958 0.407780004793617 0.35540222813417 0.334985846688859 0.322117013729822 0.314416553966629 0.314744696670008 0.312498830336948 0.30925752966945 0.308040953424469 0.307244965755379 -9999 -9999 -9999 -9999 -9999 -9999
-9999 -9999 -9999 -9999 -9999 -9999 -9999 -9999 -9999 -9999 -9999 -9999 -9999 -9999 -9999 0.833589531783294 0.846028530278859 0.833958479132302 -9999 -9999 0.772351793526466 0.767026250016771 0.741041181457631 0.718585751207393 0.710177212252825 0.697233163331198 0.680940976877461 0.669661485501058 0.657711178925022 0.641024622001142 0.625424113235784 0.610789073426241 0.609108155156989 0.610289102609097 0.614140335858915 0.617348905067855 0.619870863323069 0.642780553093925 0.66830118050615 0.675859297799611 0.615346324362147 0.467331645237283 0.39708984695923 0.354398809898844 0.341814313317648 0.332627386220731 0.328718277444631 0.31986548095423 0.30925752966945 0.308040953424469 -9999 -9999 -9999 -9999 -9999 -9999 -9999
-9999 -9999 -9999 -9999 -9999 -9999 -9999 -9999 -9999 -9999 -9999 -9999 -9999 -9999 -9999 0.850317001268797 0.851692315729734 0.850357793831365 -9999 -9999 0.779936953907407 0.777293458921968 0.753997098898693 0.734120519233462 0.727972445632322 0.715229563431769 0.697618358517975 0.689921606131378 0.680950716791163 0.662808587038642 0.648998074023767 0.63903825718279 0.646293913309233 0.655997721476893 0.662414328819605 0.669461913583235 0.67718362352145 0.694265747372094 0.712607993855307 0.723155517632034 0.690444258251636 0.602126172661088 0.497800002880828 0.394927296373035 0.37552283988874 0.35630701631783 0.337384216995808 0.33189017926706 -9999 -9999 -9999 -9999 -9999 -9999 -9999 -9999 -9999
-9999 -9999 -9999 -9999 -9999 -9999 -9999 -9999 -9999 -9999 -9999 -9999 -9999 -9999 -9999 0.845189892108646 0.838880027808585 0.845002738158355 -9999 -9999 0.789113491701061 0.801241695911644 0.768266597030234 0.741496990221269 0.741063002030974 0.730473079244083 0.712385991630422 0.709760997287408 0.706448429238162 0.69368163555478 0.687800335462773 0.688040062560744 0.707117276861676 0.727271343605025 0.735747561410232 0.745261817750455 0.755885096197403 0.758539590435612 0.76016884788321 0.76878418478689 0.774148156628272 0.775332674523661 0.628641541013503 0.446235392355031 0.4163841873355 0.382778502647286 0.343340571798342 -9999 -9999 -9999 -9999 -9999 -9999 -9999 -9999 -9999 -9999
-9999 -9999 -9999 -9999 -9999 -9999 -9999 -9999 -9999 -9999 -9999 -9999 -9999 -9999 -9999 0.877890416195232 0.881522124976144 0.877998134620278 -9999 0.913225530429658 0.876070091479793 0.816260065083666 0.775070733635228 0.745560902816151 0.746291123966214 0.735844511043769 0.717147099882514 0.713438354162102 0.711420898191389 0.709036278065874 0.708101308324766 0.708455040591895 0.73817857551035 0.768998577738531 0.778673265810704 0.786896713629534 0.793569681895982 0.797827038294531 0.802065548861085 0.810572349226461 0.816085005860835 0.817748852659453 0.748367682194352 0.65125442704994 0.494360762352001 -9999 -9999 -9999 -9999 -9999 -9999 -9999 -9999 -9999 -9999 -9999 -9999
-9999 -9999 -9999 -9999 -9999 -9999 -9999 -9999 -9999 -9999 -9999 -9999 -9999 -9999 -9999 -9999 0.912406436925684 -9999 -9999 0.913225530429658 0.877486867799437 0.81995746118524 0.778593498270718 0.746876588891314 0.739990821434462 0.730981518002934 0.720404609043199 0.719223513956833 0.720120875195572 0.724587431123527 0.726385545099882 0.725811482626739 0.757175852346154 0.789517438328652 0.797779096047922 0.803804451585217 0.807440581218591 0.814406940218468 0.821951376100925 0.827678447989308 0.831320601416984 0.832282704920791 0.819298095022682 0.790236751289069 0.615618255339387 -9999 -9999 -9999 -9999 -9999 -9999 -9999 -9999 -9999 -9999 -9999 -9999
-9999 -9999 -9999 -9999 -9999 -9999 -9999 -9999 -9999 -9999 -9999 -9999 -9999 -9999 -9999 -9999 -9999 -9999 -9999 -9999 0.873230172590617 0.808848658721186 0.774747144437759 0.741879595710323 0.706920620143284 0.702491977129851 0.720600987662082 0.730746470435151 0.738581732185252 0.74134491068503 0.740807379893946 0.737335603206405 0.749191388205343 0.761511494775222 0.76225193515255 0.764122811691043 0.76720142633432 0.778713350806814 0.790278346515102 0.786848297884851 0.785682568048342 0.787427497561418 0.775859026152886 0.750134623343537 0.600449573413189 0.509386151624642 -9999 -9999 -9999 -9999 -9999 -9999 -9999 -9999 -9999 -9999 -9999
-9999 -9999 -9999 -9999 -9999 -9999 -9999 -9999 -9999 -9999 -9999 -9999 -9999 -9999 -9999 -9999 -9999 -9999 -9999 -9999 0.797629011022015 0.805890170523559 0.790666529397704 0.772436492704531 0.749912416236549 0.746536788820888 0.757296648135358 0.763402600375968 0.767215246937411 0.764544414201201 0.759786888894365 0.753174347415862 0.75691706208044 0.761416451285738 0.760327222127463 0.760675603332246 0.762559902154446 0.770090224091845 0.777417792061375 0.772950989179917 0.770707464006078 0.771321842085214 0.764537124830936 0.749598247556798 0.66215678536793 0.617422608417703 0.639030354276632 -9999 -9999 -9999 -9999 -9999 -9999 -9999 -9999 -9999 -9999
-9999 -9999 -9999 -9999 -9999 -9999 -9999 -9999 -9999 -9999 -9999 -9999 -9999 -9999 -9999 -9999 -9999 -9999 -9999 0.792496978384515 0.801153186867156 0.815087299139004 0.818901611078343 0.825146415863178 0.840297153295592 0.835776525800139 0.816734392299593 0.80922645239573 0.80218717226753 0.791757833621271 0.781606207418998 0.771701460456112 0.774431456593375 0.778712216406585 0.77933962465264 0.779805454921073 0.780098658121148 0.778334243712988 0.776278971903543 0.775835077314152 0.774837911347876 0.773129544948853 0.773226886072747 0.773714621116763 0.771764063396085 0.741408538686273 0.666928454973008 -9999 -9999 -9999 -9999 -9999 -9999 -9999 -9999 -9999 -9999
-9999 -9999 -9999 -9999 -9999 -9999 -9999 -9999 -9999 -9999 -9999 -9999 -9999 -9999 -9999 -9999 -9999 -9999 -9999 -9999 0.812463806952649 0.844604903315914 0.84949800509594 0.856989293008916 0.8770686794066 0.873220049277392 0.851707630338445 0.840699076442964 0.829857791680178 0.814960918871142 0.797545583528589 0.777891399592245 0.782381625583387 0.789158493568114 0.785539945927061 0.783879703886686 0.784311681094071 0.783812409817317 0.782819091077988 0.779885364346562 0.77900419377605 0.780761473143253 0.781735716295969 0.782351870076782 0.78164920379199 -9999 -9999 -9999 -9999 -9999 -9999 -9999 -9999 -9999 -9999 -9999 -9999
-9999 -9999 -9999 -9999 -9999 -9999 -9999 -9999 -9999 -9999 -9999 -9999 -9999 -9999 -9999 -9999 -9999 0.824151565784563 0.827997400255712 0.832297416691123 0.845846588269614 0.86503519783929 0.871422005855452 0.880766504020183 0.901039631692978 0.898174672841189 0.878229055700301 0.866102206451818 0.853663316440189 0.836576684447797 0.813682065320202 0.785624294604149 0.792161723108171 0.801630538781064 0.794463931800344 0.785127824803891 0.773473862162557 0.771621730052771 0.771317366881583 0.764531896853231 0.767790792383947 0.78396117661756 0.788089369588189 0.788304919930365 -9999 -9999 -9999 -9999 -9999 -9999 -9999 -9999 -9999 -9999 -9999 -9999 -9999
-9999 -9999 -9999 -9999 -9999 -9999 -9999 -9999 -9999 -9999 -9999 -9999 -9999 -9999 -9999 -9999 0.820557461524056 0.824151565784563 0.827997400255712 0.832297416691123 0.83944663344461 0.848333077898325 0.867133055488928 0.884986968905381 0.898258762362505 0.896921868179969 0.884800763239119 0.876506116474662 0.867532998081237 0.854323556852493 0.831632542378951 0.800512652492923 0.809368539905248 0.821542462760115 0.814144240097265 0.781142669414236 0.720786932192364 0.707609886391816 0.704704376499376 0.691389984810392 0.710959252322467 0.772798685310659 0.78808936958819 -9999 -9999 -9999 -9999 -9999 -9999 -9999 -9999 -9999 -9999 -9999 -9999 -9999 -9999
-9999 -9999 -9999 -9999 -9999 -9999 -9999 -9999 -9999 -9999 -9999 -9999 -9999 -9999 -9999 -9999 0.820557461524056 0.823781717770427 0.827749550466071 0.833314714320304 0.838151672184061 0.842544624896582 0.858203494701546 0.872619235742524 0.881342772347145 0.878056838795894 0.86590545062947 0.853911945658488 0.840982632982835 0.824491245547385 0.802357937044595 0.775209105428087 0.771350534721944 0.770572075554793 0.764176596392781 0.733889934646609 0.678078353788222 0.663494506265248 0.659021689633072 0.653814743063516 0.650886103116503 -9999 -9999 -9999 -9999 -9999 -9999 -9999 -9999 -9999 -9999 -9999 -9999 -9999 -9999 -9999 -9999
-9999 -9999 -9999 -9999 -9999 -9999 -9999 -9999 -9999 -9999 -9999 -9999 -9999 -9999 -9999 -9999 -9999 0.823133081459152 0.8273148736065 0.835098842276767 0.840704811787506 0.844982801497388 0.845775881126338 0.847747459541239 0.853771848210237 0.845915863748576 0.827813314165027 0.80644410129433 0.783963979371043 0.758794148982468 0.737485465020557 0.719609241193632 0.691704526977312 0.666171203184955 0.661708917009854 0.654022465406711 0.642891372188809 0.634376911650148 0.629116088090444 0.643049355818376 -9999 -9999 -9999 -9999 -9999 -9999 -9999 -9999 -9999 -9999 -9999 -9999 -9999 -9999 -9999 -9999 -9999
-9999 -9999 -9999 -9999 -9999 -9999 -9999 -9999 -9999 -9999 -9999 -9999 -9999 -9999 -9999 -9999 0.896743268806336 0.854622622385917 0.829338184344035 0.84420367681532 0.84978843779922 0.849714507916085 0.836410543719947 0.824289177134231 0.818051998533725 0.80823029947076 0.795762488375822 0.776648015217306 0.756339118296039 0.734534764993937 0.714851097527933 0.697052665374675 0.670944409423041 0.647139371147959 0.642500429820759 0.637226632614673 0.63127456655775 0.627119141718322 -9999 -9999 -9999 -9999 -9999 -9999 -9999 -9999 -9999 -9999 -9999 -9999 -9999 -9999 -9999 -9999 -9999 -9999 -9999
-9999 -9999 -9999 -9999 -9999 -9999 -9999 -9999 -9999 -9999 -9999 -9999 -9999 -9999 -9999 0.882533219271624 0.896782590099159 0.897445720111832 0.864272194133173 0.862108122857636 0.858029852060995 0.852784446608807 0.828220109516471 0.804495573177728 0.786802505657567 0.774986356613021 0.767508579981778 0.751060875955259 0.733529724208349 0.715952263301844 0.697701287751609 0.678851574958734 0.657942874385369 0.639325557990723 0.634137065644819 0.627503093856146 0.619324797263748 0.609550413823213 -9999 -9999 -9999 -9999 -9999 -9999 -9999 -9999 -9999 -9999 -9999 -9999 -9999 -9999 -9999 -9999 -9999 -9999 -9999
-9999 -9999 -9999 -9999 -9999 -9999 -9999 -9999 -9999 -9999 -9999 -9999 -9999 -9999 0.873026858786295 0.88301524090906 0.897987128526204 0.897949171983723 0.865305910770656 0.866551228976828 0.859867100667445 0.848348193263418 0.823068196887914 0.798121033953698 0.776704085529267 0.761521550695681 0.750941293067039 0.733113146400137 0.715016675444209 0.699148118772105 0.681202016331784 0.66140902899252 0.646280601760535 0.633338315042282 0.627187020943154 0.614450346083058 0.594677966286434 0.5954435727369 -9999 -9999 -9999 -9999 -9999 -9999 -9999 -9999 -9999 -9999 -9999 -9999 -9999 -9999 -9999 -9999 -9999 -9999 -9999
-9999 -9999 -9999 -9999 -9999 -9999 -9999 -9999 -9999 -9999 -9999 -9999 -9999 0.872706386919896 0.872784225252398 0.879637192286751 0.889870475642187 0.886920884542393 0.864971699179274 0.866119716552899 0.859816963254723 0.848971291328829 0.821896543122659 0.793208104563276 0.762891394802733 0.739195998095647 0.720388489830462 0.704662684835132 0.689177893027695 0.673219413064364 0.655143756037927 0.635185982907935 0.620848484143549 0.608388072609956 0.600291597692763 0.587724959908347 0.570382478768233 0.552447721909038 -9999 -9999 -9999 -9999 -9999 -9999 -9999 -9999 -9999 -9999 -9999 -9999 -9999 -9999 -9999 -9999 -9999 -9999 -9999
