layers/veg/veg_3900.asc
NCOLS 255 
NROWS 330 
XLLCORNER -2985163.8955 
YLLCORNER -3022031.214 
CELLSIZE 25000 
NODATA_value -9999 
[rows 175 to 199 of 330, columns 114 to 170 of 255]
0.31623705324036 0.31744710960649 0.314310561231052 0.308762676161456 0.318084761943468 0.325292509380186 0.325493986896273 0.332568383612496 0.344277151553309 0.350555318652568 0.35612969852743 0.361042914063282 0.367032628521947 0.373898328432082 0.380868308923653 0.388196525324327 0.397010149095669 0.401444157476414 0.401592654970064 0.395714407526839 0.391633833488188 0.40630163324534 0.419662642374275 0.431486575048126 0.438176568169454 0.443890960145236 0.454273576990873 0.45809738149066 0.452621890649965 0.448471200511151 0.445391163996784 0.453502908328755 0.451779154825661 0.433140408033626 0.420446955439084 0.410439343523598 0.389952627200404 0.378406425513377 0.385706235378751 0.36375541191522 0.325335709147574 0.315489881121037 0.304580738574863 0.287575917605313 0.299372325719068 0.330865344044023 0.364886285062259 0.395793234287861 0.415452354440756 0.455621470992531 0.512711142844036 0.547904010132816 0.576019230674817 0.587775986717967 0.560303560738421 0.493919173330731 0.512504602577356
0.309400637624338 0.304356576138274 0.302574737082417 0.302602659235174 0.310922674099957 0.317520060780831 0.318807382705086 0.324686231451221 0.333661121218735 0.341627519181907 0.349475487213095 0.357240982568608 0.3622260417447 0.364948561135292 0.372608247051315 0.380521810670923 0.386319635565785 0.392034788946705 0.397669047170983 0.393850945701972 0.390301670215199 0.400680283239565 0.412697028909736 0.42664058294982 0.436618546042661 0.445384932416637 0.453422731293543 0.455717590174577 0.449869923804361 0.444505937945718 0.43965191979875 0.441163296789098 0.439544161537581 0.432541201852354 0.417958465389895 0.399879906919202 0.37603985635781 0.36064935514842 0.363069943253307 0.351225816028748 0.331350277230064 0.31955187251627 0.307923368431329 0.295806901413319 0.316040309768956 0.358397179723146 0.380940197868634 0.404005620851182 0.435232695828601 0.469376182778136 0.505925682341777 0.546242274075608 0.582157747261354 0.595970008976026 -9999 -9999 -9999
0.302689471216815 0.292781207321242 0.292940987309924 0.298686148325856 0.305503739563834 0.310926321241434 0.312636459939757 0.317133295195523 0.323509184454605 0.332954959097109 0.342543543104578 0.351667842123673 0.355746371434646 0.355718978517448 0.364471059304169 0.373099694713647 0.375473207316316 0.382245945782468 0.393323384239679 0.39227106772347 0.390050319226132 0.396519363479984 0.406961369780566 0.422076463174908 0.434426093158171 0.44550806349372 0.452081077394409 0.453940984262324 0.449118496215125 0.444091451960964 0.438975463044168 0.433593256672389 0.43102773289661 0.433306312389155 0.417763499028819 0.39404395596795 0.368147238782494 0.348884451563312 0.34360554847944 0.340405298324617 0.338375384682469 0.3268401619385 0.316676949257297 0.311214830867934 0.338480754941581 0.388128761859849 0.398208025044891 0.412993563483152 0.456346762940029 0.484787259900537 0.500924916706865 0.541582146527831 0.577854914921163 -9999 -9999 -9999 -9999
0.297229824007233 0.290899754666573 0.29196142585108 0.297123763238701 0.303506803000479 0.308042422692535 0.307682412456722 0.311746140353226 0.31879277029012 0.326988601032124 0.334470900548694 0.339259108659366 0.344027575024481 0.348779976829262 0.35972637675981 0.369311394044088 0.368957914143618 0.376566077666436 0.391964813311848 0.39130053808205 0.388999612866926 0.397664192170209 0.408218666841717 0.420996078845608 0.432223631912414 0.442844267688148 0.451917656617047 0.456879141112832 0.456010635098284 0.454897931387634 0.453576857170108 0.449981899142385 0.446745815275611 0.444126919692114 0.429700970786347 0.409844020260557 0.38487371352605 0.36227596185995 0.344679398833148 0.342442146739748 0.348852592462403 0.339105167971789 0.331394458258424 0.330899166881471 0.355703269855688 0.397809145183892 0.406155864102745 0.421581472968262 0.471641362747523 0.504725584597414 0.523805039095691 0.552873559144717 -9999 -9999 -9999 -9999 -9999
0.291162400287265 0.288927202283412 0.289930315684313 0.29272992533497 0.298232687384836 0.302093300171154 0.30143371035186 0.304928400101112 0.311224297478555 0.316784503424146 0.322200915379003 0.327368551648714 0.335643214844849 0.346446176330181 0.354815845928314 0.361294879029321 0.361161221021443 0.368957473689334 0.38451324757173 0.386287549383862 0.386565215396132 0.395689900453689 0.406156040159079 0.41820002891712 0.429472925232963 0.440517082956227 0.451484373171492 0.459355273508386 0.462836012570657 0.462415593836031 0.460843545720468 0.464620176608797 0.465512764233825 0.461445402371618 0.446976620938332 0.427703596147149 0.39863619323055 0.371811402074761 0.349713887689011 0.348959813957692 0.360222661163431 0.350760811033208 0.344435674815079 0.348741876009773 0.367342716688724 0.395719388156585 0.421008481315562 0.451885179224672 0.502475748929901 0.529263361167178 0.536413756005647 -9999 -9999 -9999 -9999 -9999 -9999
0.284549369898197 0.28687286882025 0.286955220387942 0.285794265703076 0.290016617422145 0.293392497364189 0.294022784660237 0.296826409919994 0.301095504891677 0.302776147314802 0.306162936409852 0.315943166496554 0.330252209317755 0.348246508095818 0.349756431535219 0.349482656372504 0.35221420315609 0.359617425454765 0.371591943288633 0.37764560730685 0.38288866544732 0.390915545117459 0.401113086819252 0.413863809902024 0.426230053489848 0.438492077139645 0.450808831479706 0.461416642220902 0.469601457698917 0.466980854462157 0.461525800339054 0.477687135008091 0.487016709292397 0.484597088670939 0.469044403861313 0.447412014892201 0.409737866811658 0.377885212040279 0.358303878845051 0.359499954206538 0.372394259480698 0.361869423244184 0.355972067935098 0.364931339424549 0.37397019098413 0.383063465832988 0.442059582585637 0.501683359750443 0.547260346970815 0.55793010878661 0.539801735959608 -9999 -9999 -9999 -9999 -9999 -9999
0.272852590555736 0.276342465609329 0.278708479633332 0.280451016828659 0.285238808394668 0.28928586860506 0.291103795967468 0.292041458011663 0.292385562043326 0.294902757717416 0.297914623520979 0.301891111563287 0.311681251207788 0.326202165881888 0.331453734805397 0.335557843644971 0.34072545606366 0.349578381954737 0.362037435233663 0.370990088485893 0.3787783478624 0.384062686789418 0.39140335799681 0.401162733366707 0.419664004479032 0.439066894419419 0.443332077014473 0.450278629092699 0.461026913165399 0.461349459895097 0.45900604676168 0.478838214253245 0.491598382243775 0.49219619443845 0.470085866959852 0.437616323785522 0.418299536993656 0.401433387476862 0.389733018709413 0.38817827117962 0.392335776432509 0.384491683796456 0.378554172256426 0.379009825900026 0.382013979477022 0.386761003459521 0.447175065970695 0.508313497172269 0.553863697672606 -9999 -9999 -9999 -9999 -9999 -9999 -9999 -9999
0.261615278042525 0.266099395662117 0.270998951979857 0.276128978431548 0.281210961495747 0.285477472994825 0.287644127286335 0.286808253984907 0.283947793012281 0.287597202884628 0.290384583299187 0.288359743413427 0.292866242957062 0.302687525634717 0.312400611617518 0.32158653963617 0.328557148846174 0.338621829786513 0.351714100344487 0.362469775106957 0.371770628794397 0.37528346563663 0.380685057495946 0.388308245381048 0.411890793369382 0.437030059611134 0.433688594793925 0.437134555474551 0.450203946583986 0.454471010777677 0.456499319973639 0.477481507863672 0.491838663746096 0.494802154170308 0.465515899848487 0.421607506255362 0.420379334015 0.41831524157196 0.414489084814094 0.411381781958722 0.408679212841055 0.405299974279195 0.400489545701442 0.392000055944212 0.391552680158054 0.396605152441023 0.456071538739567 0.511215077166125 0.534271140796847 -9999 -9999 -9999 -9999 -9999 -9999 -9999 -9999
0.257526284077226 0.265316463435981 0.271013956217645 0.275550503334189 0.277795028412467 0.278872561812927 0.277176637412812 0.276148618790112 0.275570965321644 0.277427991922451 0.27920456505704 0.279976389962058 0.285214067187411 0.294085767241883 0.301969859572643 0.309366647012027 0.315293861239253 0.32361256979169 0.334271386790435 0.342502912423054 0.350294076621401 0.358570858065235 0.369184248747028 0.38254601163692 0.401049644165628 0.419133898505298 0.419326466164311 0.426124119556173 0.442286676186632 0.450794839320246 0.457075885037495 0.474473097756973 0.485728313548894 0.486420582904088 0.45194011342458 0.401489675932197 0.391569048031319 0.384505688284826 0.383465260196875 0.389386694867513 0.399227842188944 0.405947711493166 0.408698670341992 0.401390965172275 0.407433177126031 0.422605142298732 0.499394382344297 0.560594948161979 0.549644053769978 -9999 -9999 -9999 -9999 -9999 -9999 -9999 -9999
0.24993282002594 0.257297286753074 0.262352572434569 0.266126809269927 0.266497558458883 0.266258802584822 0.264801318318916 0.26484170910219 0.265892108707597 0.267828184132365 0.269919422000888 0.27225118156083 0.276070369144899 0.281099929801929 0.286733997439809 0.293074069572033 0.302081609294962 0.311180235828129 0.320367991995323 0.327159683716532 0.333719457024735 0.341989037106174 0.35350384459021 0.368835761352669 0.385927017891584 0.402208847840025 0.406066528111324 0.416468277568804 0.436148419040256 0.448847082406813 0.459153379749954 0.472687670505039 0.480434500363445 0.478228111394604 0.443025959898666 0.392818407758172 0.374254945725133 0.361871076149497 0.362513377390718 0.371275347093101 0.384608904643606 0.402293685406133 0.415356144777249 0.415780451474357 0.426104424511114 0.443198590186143 0.520015162006082 0.582674256909045 0.578588633388418 -9999 -9999 -9999 -9999 -9999 -9999 -9999 -9999
0.238558523149232 0.241471214903811 0.2443305801057 0.24716036169442 0.246697013123615 0.247162337161874 0.250367718467959 0.252836480812417 0.25480854508436 0.258842682685642 0.262678584111423 0.265236019571301 0.265317527285858 0.263384284555402 0.266314093924237 0.272387635126115 0.288924417688982 0.301528044450642 0.310283026867205 0.316804709064256 0.322433336726921 0.32554831660022 0.333314241859161 0.346550713425819 0.366185276986384 0.386331489447965 0.393995699455689 0.408273852878148 0.431929468245802 0.448764042920989 0.462850167520951 0.472221670615522 0.476021616351728 0.470239652061 0.439141055944968 0.39649637837056 0.369343616890675 0.351292661753689 0.352427710383425 0.357354010571185 0.364414885542969 0.39399865868375 0.420339605770872 0.435562702964367 0.447786501073122 0.457959135851031 0.516143591482455 0.566192857037124 0.573457653481085 -9999 -9999 -9999 -9999 -9999 -9999 -9999 -9999
0.229443511387824 0.233062506566244 0.229423769709635 0.221758709639167 0.229764236874679 0.235612848532191 0.234261901010714 0.235971903465325 0.239745887479447 0.243154471012474 0.246344152845034 0.248925654563292 0.249546319912082 0.24857138298393 0.245173951074865 0.244454557446159 0.256925665784278 0.272374242712611 0.290736311562346 0.299423146324541 0.30591791070062 0.311698011834812 0.320040831602886 0.331397978523366 0.34955326726268 0.369358583383318 0.386372212331044 0.402094279033964 0.415985127197346 0.433465226685077 0.451679018176334 0.458734205532865 0.461435380950586 0.456648569083885 0.43467371762915 0.404860012663328 0.385576118379622 0.371706452722179 0.369249621715787 0.366201256846654 0.362819842785721 0.388934466278246 0.413977272021264 0.432795440998928 0.453663289320219 0.475932874177565 0.52154773000284 0.558395463126898 0.558324506880954 -9999 -9999 -9999 -9999 -9999 -9999 -9999 -9999
0.21745418819643 0.224855623965515 0.215658738574772 0.197253714129797 0.213624328874938 0.224638917695842 0.218206591089373 0.219002224579135 0.2246716313968 0.225536990264519 0.22644333289486 0.228945250263378 0.230992837183652 0.232670719263182 0.223945016293367 0.216745120704471 0.222939241792216 0.239923987338465 0.267467499915894 0.279274367239113 0.287933932923079 0.297967936081841 0.308158464487012 0.31853310139869 0.334574976819905 0.352940138825048 0.377947457295038 0.394006109663013 0.397377055080709 0.414512818441462 0.43586959110608 0.441371017427932 0.443592222420165 0.440172134749111 0.428583516075917 0.41327555836798 0.404584443791783 0.396092645345724 0.388020992075199 0.376630539087102 0.363371514182333 0.381952494198334 0.40173202749725 0.420976291225382 0.449972134194876 0.485636895865899 0.522737207391594 0.547624354099476 0.531141089135633 -9999 -9999 -9999 -9999 -9999 -9999 -9999 -9999
0.179506588615581 0.204105500070208 0.204596296073287 0.191712794924521 0.198025155846708 0.203694142317111 0.205703073204199 0.210454527629988 0.217055250438019 0.206081582121468 0.196893370985478 0.19891641426931 0.200975292827706 0.203063331823238 0.203412284242863 0.204463484721468 0.209692722197912 0.219596215009387 0.234073527743578 0.251583161889631 0.268792191569904 0.280232401326486 0.293650647514766 0.309395504531753 0.326169961325236 0.342780109644391 0.355047390492246 0.367705277507873 0.380916978525852 0.396862856583914 0.413277870606791 0.419474316725546 0.420480972386463 0.412562277014068 0.411360340971566 0.41319738499298 0.404430359516964 0.391664451725675 0.37046916538324 0.355814570254253 0.344842557069683 0.35438280314311 0.366640329033566 0.383659593327546 0.404103347166254 0.426889043966482 0.474556471924991 0.514560959967581 0.520847812334067 -9999 -9999 -9999 -9999 -9999 -9999 -9999 -9999
0.148260188900362 0.174688948698296 0.180228989993543 0.174180737341149 0.17504384914782 0.177715158076064 0.184333835800173 0.191770338683111 0.199758296526081 0.187404306475026 0.176965137675521 0.179003916209193 0.181073947299327 0.183169409705929 0.187866173275613 0.192910112343175 0.197764683925811 0.203747031815699 0.210832923558619 0.2286244808069 0.247484871462043 0.258903727879075 0.273346221039861 0.291345183574696 0.308528935745608 0.324656590118424 0.332996764603864 0.345509696443276 0.363938898023708 0.377568710058037 0.389265739869796 0.397665964838685 0.40010143018803 0.392278760095055 0.396918013247674 0.407181774669696 0.394070324527171 0.37721178413135 0.35245462614188 0.337365151105399 0.327718836971212 0.327610336719546 0.330811075424088 0.341596660724167 0.358979381742046 0.380873757813535 0.430303332240207 0.46773085122575 0.456048940937409 -9999 -9999 -9999 -9999 -9999 -9999 -9999 -9999
0.125713587738983 0.134021252047966 0.138588712619381 0.141081245505338 0.142478725055029 0.145200537850671 0.151454723240142 0.159926500689628 0.169893588142266 0.169737237374342 0.169528264455278 0.172224902285152 0.174305905312873 0.175885944411439 0.178793917701208 0.182302204476032 0.187548357306874 0.19371215412917 0.20077387758774 0.211809775220714 0.22336609977894 0.232910280447351 0.245516375837027 0.261723964016677 0.278897307170764 0.296194509860224 0.312048921051024 0.328643736672896 0.346288321538477 0.356140009170762 0.363409568784856 0.375972311351059 0.383268313756821 0.381506627780929 0.386085906454968 0.393457917105326 0.370460466065304 0.349744894318151 0.333839372692791 0.321988093015943 0.312419458660615 0.301872863108716 0.29402429460763 0.293371953116993 0.314822377167667 0.351388460213223 0.391149173751012 0.425937496931926 0.443037857970664 -9999 -9999 -9999 -9999 -9999 -9999 -9999 -9999
0.117753235353342 0.117680944321913 0.121887855264151 0.128468710320087 0.128992254973583 0.131160386277721 0.138204374135825 0.147771000066174 0.159038626830611 0.161870224719111 0.163817724017223 0.16542551323619 0.167113837680947 0.168867696502587 0.169393848763461 0.170713648639274 0.176274637565097 0.177805402263297 0.175392539892781 0.181328985377908 0.189586102808152 0.20106313766866 0.216165364775114 0.235531624333346 0.253590548419734 0.271521877140632 0.29178554452237 0.312244223546174 0.332979396355556 0.343800692377744 0.351178827234022 0.3622614148154 0.370694377796274 0.374570542220807 0.377453815805686 0.37978054205222 0.355010404613114 0.332572421944539 0.315050466768345 0.300489689716361 0.287596134176377 0.260008030774474 0.234554410041241 0.216403665984419 0.249696812635944 0.318171453108411 0.355787001000689 0.382017888302392 0.380104143263506 -9999 -9999 -9999 -9999 -9999 -9999 -9999 -9999
0.114816984296421 0.109797953771839 0.113589912157507 0.122269883632547 0.121859735740525 0.123436202406505 0.131087245413406 0.141405558709543 0.153522397539981 0.156862872215955 0.158792265323957 0.158753809271761 0.159824066633803 0.161796523524465 0.160054030226188 0.15909216227213 0.163935463612258 0.159521844449724 0.146050207617349 0.147794416552672 0.154101930434876 0.168304697603846 0.186730212411922 0.210122617731517 0.229556724092418 0.248351413599191 0.271812652961568 0.295828895112637 0.32063203808884 0.334249545376016 0.343685766498169 0.351627389869038 0.360039936153424 0.369262371073377 0.370205281281076 0.367275533873016 0.343599765768246 0.320255719305797 0.29761092005201 0.278047500978106 0.260218980349029 0.214987693212317 0.171865975856311 0.137451252840973 0.183886036573841 0.285612253029286 0.323769041212549 0.348422939454511 -9999 -9999 -9999 -9999 -9999 -9999 -9999 -9999 -9999
0.11505411007818 0.108225184411716 0.108274060169324 0.112138487589683 0.116039114445241 0.119112751011481 0.120048024147074 0.126384576450467 0.136363181282389 0.147254842212729 0.155323009626685 0.153835686881769 0.153073040940297 0.152900090281728 0.152902844996227 0.151235865106703 0.142214277711424 0.135336928456177 0.130557744239202 0.132864973783996 0.137704816944496 0.148693532617296 0.162704096168242 0.180269024989377 0.203635294785626 0.22857549728794 0.252702910879412 0.277211818647828 0.302261621144588 0.322204776448337 0.339738144047873 0.347001472785848 0.356217164822515 0.36879051222638 0.371602461104142 0.36987228058425 0.350002184108617 0.327274872960428 0.298524742889843 0.269473522578034 0.240252780506249 0.197773565493314 0.164204793519989 0.155561789653802 0.19883079499731 0.277601431459615 0.319175339864243 -9999 -9999 -9999 -9999 -9999 -9999 -9999 -9999 -9999 -9999
0.111782500281943 0.107971222452711 0.106126119887677 0.10537177915713 0.112123473034405 0.116493776096684 0.113935517980594 0.11791856023307 0.126312364974777 0.139956964679017 0.150468812375356 0.149089864409863 0.147343735642167 0.145298818799563 0.142040087478953 0.136651846817019 0.122820645780206 0.115761360630313 0.115328483662792 0.11760676226817 0.121255027115186 0.129689270007633 0.141016252420638 0.155745739957056 0.182077849673959 0.211459106819488 0.238280687711852 0.263784470182036 0.287419835615586 0.311582230617303 0.335173888159039 0.344139981667735 0.35498269933738 0.369052816943523 0.375077966416448 0.377335483053263 0.358182934753152 0.335045374926953 0.303507675252735 0.266899682044746 0.227436979630799 0.188844450110816 0.165337105119219 0.181332325485797 0.219811917841407 0.273668142549429 -9999 -9999 -9999 -9999 -9999 -9999 -9999 -9999 -9999 -9999 -9999
0.103004292401205 0.109786992494706 0.108949889826788 0.103885600402008 0.111197500793424 0.116549800968121 0.115554982299963 0.119739886178308 0.127417448186606 0.136284632838543 0.143441092400759 0.144614448863128 0.143217914974613 0.139730169927832 0.125352400612209 0.111509365105868 0.107079869399297 0.103419688669993 0.1005122926984 0.101832582161079 0.104722567212681 0.111637477993646 0.122998085843543 0.139587822326243 0.167369227015698 0.198516567468081 0.231215041323125 0.258501863781638 0.27811587263268 0.30319171703995 0.329641889778357 0.344047574860355 0.357810312540026 0.370467315545369 0.38181518892106 0.39243608519472 0.369154594271278 0.343995040464829 0.314876654730956 0.273742438159879 0.225842991394589 0.192917805860182 0.180269897200715 0.219124438603559 0.250266491168472 0.276134119994054 -9999 -9999 -9999 -9999 -9999 -9999 -9999 -9999 -9999 -9999 -9999
0.105434598024499 0.111516916083235 0.10835774476152 0.100071734498445 0.106511915487646 0.111857768681671 0.112845136605006 0.11662765181999 0.122294919321405 0.131461278652291 0.137107276196557 0.130121506076287 0.124831173846392 0.120920479714005 0.109375119610794 0.0983380794144485 0.0944791707811027 0.0923650339022021 0.0919581789835455 0.0916204741317376 0.091558154026275 0.0930768850094492 0.102836510608233 0.122289261340431 0.149605034593556 0.179773737611179 0.215651545693711 0.246615153007392 0.270611248231647 0.296587096618541 0.323180527264429 0.347694268488887 0.369541212523887 0.38680182475148 0.402782906414877 0.418024770456502 0.392471030259745 0.363432872328463 0.327049793041919 0.280268691911672 0.227633229789648 0.213527426512795 0.211781318715823 0.238027765750181 0.248687334180134 -9999 -9999 -9999 -9999 -9999 -9999 -9999 -9999 -9999 -9999 -9999 -9999
0.111624174576901 0.112403081192842 0.105782071258384 0.0950558593622525 0.100221192873618 0.105264310083722 0.108336734758151 0.111488745992663 0.114694422002385 0.125813318543725 0.130499399819055 0.111641234660736 0.101018094661514 0.0970960874539575 0.093915783695705 0.0901413609323353 0.0833075573461747 0.0819719094728424 0.086016278807611 0.0837881822860513 0.0799683274853222 0.0746497496378512 0.0820604415063646 0.104443585999171 0.13054263497083 0.15872322224752 0.196541734127104 0.231829935121066 0.263530579864309 0.290436462303035 0.316133031726694 0.352348762212735 0.384179807518768 0.408470113999204 0.428868416524944 0.447313086622408 0.42043033881373 0.386927445159064 0.339469723379928 0.286894322637923 0.231437533441556 0.24079096458596 0.251467965141739 0.258125373183669 -9999 -9999 -9999 -9999 -9999 -9999 -9999 -9999 -9999 -9999 -9999 -9999 -9999
0.0838116260958126 0.0820899524033607 0.081225809072314 0.0808373920954576 0.0920492388677084 0.10114810688503 0.103584780722067 0.106956781834642 0.110959468931601 0.106727604207468 0.102223085623838 0.099326758917561 0.0956336506092379 0.0912921727794973 0.0870976688042698 0.0826678142452795 0.077121702323145 0.076548130024412 0.0808402527221749 0.0789371863495605 0.0753378856130889 0.0695053804048869 0.0718164446912398 0.0837061581201083 0.110196199843235 0.141282719887338 0.176336462556984 0.210693014931864 0.244061068457001 0.273271087080077 0.301311186658445 0.336153590245053 0.368782350750049 0.397604109464438 0.425100888846439 0.4518099704045 0.430338522352109 0.399414592627091 0.348565458811418 0.302414065326625 0.258907623752493 0.260652000800277 0.2629437523902 0.261439926053264 -9999 -9999 -9999 -9999 -9999 -9999 -9999 -9999 -9999 -9999 -9999 -9999 -9999
0.0649522482652294 0.0609084677018997 0.0636873169910373 0.0702511107810149 0.0816119449957278 0.0906539085073006 0.0932108487946934 0.096597299876484 0.100543085477436 0.0898001213785454 0.0822586613856086 0.0897039817270844 0.090353118344899 0.085471958609157 0.0806763937083457 0.0763007226712284 0.0736899878311496 0.0744154082941593 0.0784053003139921 0.0764567829578028 0.0729729634444842 0.0678984137082492 0.0676146572221689 0.0729659392395662 0.0984658847439144 0.129798059145278 0.161769202296668 0.194722967240744 0.229069925003328 0.259421460284668 0.288520866005196 0.321707103630668 0.353662533541419 0.383501232343727 0.412289702891059 0.440428880180054 0.423718336534024 0.396140494542931 0.345655108804195 0.305358021490455 0.27079721534331 0.271067010151488 0.272373369220971 -9999 -9999 -9999 -9999 -9999 -9999 -9999 -9999 -9999 -9999 -9999 -9999 -9999 -9999
