layers/veg/veg_6000.asc
NCOLS 255 
NROWS 330 
XLLCORNER -2985163.8955 
YLLCORNER -3022031.214 
CELLSIZE 25000 
NODATA_value -9999 
[rows 250 to 274 of 330, columns 57 to 113 of 255]
-9999 -9999 -9999 -9999 -9999 -9999 -9999 -9999 -9999 -9999 -9999 -9999 -9999 -9999 -9999 0.568474598651295 0.569745218497945 0.564987469984735 0.557646290450209 0.559079793911117 0.558448379575879 0.553597088960395 0.545969561298872 0.536824578429258 0.517628621031201 0.504041319303469 0.505625073022931 0.510309394839624 0.517055025579086 0.523864137313798 0.529349197547923 0.530546901779409 0.533360972760514 0.537472369497166 0.535580798918529 0.527955796257663 0.499726369780555 0.45311472078796 0.388758867256923 0.350504665243984 0.317439578499642 0.282742460345503 0.257878460462042 0.244423210113053 0.221261391821043 0.19778615840466 0.196246786489276 0.194968051311675 0.194053716672445 0.188455016646153 0.181329059709564 0.177085640436445 0.172936921835878 0.168948708373912 -9999 -9999 -9999
-9999 -9999 -9999 -9999 -9999 -9999 -9999 -9999 -9999 -9999 -9999 -9999 -9999 -9999 -9999 0.611896137253151 0.610697157095213 0.605679806337938 0.599001055710373 0.595526081218698 0.591659611623139 0.586993080685769 0.576438803626607 0.562666360802685 0.551154484238601 0.54644724069515 0.558800184372212 0.570957085565167 0.582983654474146 0.58712621799232 0.590442692823039 0.593345347575988 0.596067409335828 0.598644523829656 0.600825891671878 0.602953640276946 0.605098643784881 0.560508363956522 0.47080490883162 0.418465681072515 0.373891889226596 0.328972466746718 0.29356444042252 0.269191889669368 0.268459217978008 -9999 -9999 -9999 -9999 -9999 -9999 -9999 -9999 -9999 -9999 -9999 -9999
-9999 -9999 -9999 -9999 -9999 -9999 -9999 -9999 -9999 -9999 -9999 -9999 -9999 -9999 -9999 0.61259893140458 0.61327669157044 0.612517016789205 0.611108814131439 0.608737105799384 0.606497476810281 0.604527765823469 0.596940822594967 0.586283572984535 0.575708156852898 0.571372298890326 0.582865291114408 0.591303024189849 0.597709570480492 0.598263568788634 0.598769740233974 0.600791798768201 0.603663480385256 0.607217085153801 0.609903706766602 0.61231382193674 0.614087249115724 0.580435681122148 0.512588663716205 0.462658139098565 0.415486468460673 0.362455112462998 0.323402433025057 0.300568334031624 0.285448128148313 0.273773989902922 -9999 -9999 -9999 -9999 -9999 -9999 -9999 -9999 -9999 -9999 -9999
-9999 -9999 -9999 -9999 -9999 -9999 -9999 -9999 -9999 -9999 -9999 -9999 -9999 -9999 -9999 0.61924311446979 0.61819132510767 0.61817462061028 0.618621846982508 0.619474550796684 0.620954176363355 0.623714982342079 0.621721719844843 0.617129945099256 0.612803893589365 0.610287778716268 0.612340677759343 0.613399893221145 0.613798491412739 0.610947868168104 0.608616262736017 0.608885372892339 0.609628082049488 0.610750910496841 0.612541793764665 0.614508998146906 0.616810983416892 0.598975117794401 0.561700354350947 0.497575568786313 0.430822900175589 0.381743629216136 0.345041462982334 0.322699673984908 0.297867548142098 0.274903090175021 0.275302652759755 -9999 -9999 -9999 -9999 -9999 -9999 -9999 -9999 -9999 -9999
-9999 -9999 -9999 -9999 -9999 -9999 -9999 -9999 -9999 -9999 -9999 -9999 -9999 -9999 -9999 0.62047075110079 0.622697240540057 0.622744013223499 0.621896151655627 0.627930068109561 0.635059242834327 0.644426692809784 0.650449969698393 0.654645364895619 0.661469940629336 0.662109708227687 0.646807158110523 0.637112031312383 0.631144812226239 0.625059259209386 0.619864532042359 0.61757593113759 0.614087619885829 0.609636398989511 0.609239100072821 0.610094310496471 0.613755246243613 0.616234206366366 0.61757221537611 0.523936595404948 0.421935654525083 0.387937772109295 0.359116782449181 0.336302216305033 0.306071520123805 0.276874534473109 0.276028716947969 -9999 -9999 -9999 -9999 -9999 -9999 -9999 -9999 -9999 -9999
-9999 -9999 -9999 -9999 -9999 -9999 -9999 -9999 -9999 -9999 -9999 -9999 -9999 -9999 -9999 0.629326220875002 0.629316182309918 0.626447741670445 0.622416209303436 0.628358157999675 0.636049423735904 0.647315602477128 0.659473557167901 0.672118945041306 0.674827482072295 0.672672842919613 0.659100332879836 0.648972577232314 0.641134951245818 0.634143791721056 0.629482449364923 0.632091765396276 0.632322076651535 0.630642954809804 0.631643665276283 0.632267134595949 0.629634024221371 0.627721695222768 0.626505130414376 0.545173358704614 0.453570998404658 0.40036360661985 0.36369005911738 0.346199692683889 0.325937492813009 0.306543786531637 0.302136110478767 -9999 -9999 -9999 -9999 -9999 -9999 -9999 -9999 -9999 -9999
-9999 -9999 -9999 -9999 -9999 -9999 -9999 -9999 -9999 -9999 -9999 -9999 -9999 -9999 -9999 0.613379103923581 0.625800496881543 0.62101818037242 -9999 0.630772433279478 0.635244312165212 0.648854944987429 0.667838713640424 0.689759368738986 0.684766888277326 0.677523267301058 0.667072010741985 0.658876915375504 0.65218175326372 0.644888780245889 0.64139079156991 0.650299855165799 0.654970696222138 0.656239861724586 0.658359223165429 0.658464806190415 0.649504345057811 0.639882728285166 0.629622903542906 0.570855065438362 0.500051796576234 0.418164829045615 0.368346764226387 0.35573623305094 0.345795945891242 0.335281473969287 0.312719927490901 0.303135410416986 0.311694293009867 0.300407570009191 0.283206159165697 0.288135202894603 -9999 -9999 -9999 -9999 -9999
-9999 -9999 -9999 -9999 -9999 -9999 -9999 -9999 -9999 -9999 -9999 -9999 -9999 -9999 -9999 0.606586405335565 0.600868587371515 0.603069984214702 -9999 -9999 0.638418866847949 0.66169159009453 0.693197180038669 0.729202748277365 0.713065411846591 0.694543451024764 0.674824250320654 0.670574188326788 0.676608265449054 0.66984581536949 0.667371946063011 0.682377728552727 0.687098022679374 0.683562994203685 0.681551906921999 0.678675874248345 0.671189488561864 0.661701359020452 0.650280962998994 0.625891763727866 0.584464266461235 0.458503998448683 0.383363844885709 0.367187078226888 0.353451444492204 0.339213507774571 0.314168058151064 0.303135410416986 0.311694293009867 0.305698239216293 0.294931127146126 0.29266218880128 -9999 -9999 -9999 -9999 -9999
-9999 -9999 -9999 -9999 -9999 -9999 -9999 -9999 -9999 -9999 -9999 -9999 -9999 -9999 -9999 0.60198859646905 0.596555750465351 0.598647431263386 -9999 -9999 0.660633372521768 0.674197276621669 0.702103447379078 0.737848915312608 0.731649081600445 0.716956075912424 0.684612358628864 0.677140366219309 0.686203507630297 0.685444637556134 0.686624638844096 0.696859127652727 0.700507240770594 0.698869007320547 0.699971841007076 0.699272944433645 0.689238346364873 0.672643296502709 0.649715497791028 0.64259877752886 0.624100641404589 0.518888522746751 0.43703770151525 0.382291526419462 0.357306880201492 0.341164956076244 0.329523728349579 0.320561425400086 0.315344571535632 0.308479902190096 0.30141686020229 -9999 -9999 -9999 -9999 -9999 -9999
-9999 -9999 -9999 -9999 -9999 -9999 -9999 -9999 -9999 -9999 -9999 -9999 -9999 -9999 -9999 0.607535829466777 0.616916305160706 0.613304761437201 -9999 0.656176846719863 0.660851683425293 0.67508003967716 0.692769635301025 0.712351099531347 0.739462172630513 0.745347145064231 0.696657575982611 0.678017846750068 0.67935574776663 0.690668278492847 0.698417679844906 0.691831822332718 0.693164231031403 0.700851986186619 0.713100364944096 0.72029796406413 0.703255758903812 0.67152655732733 0.625620121836714 0.616810773691345 0.614095049039312 0.601496754889021 0.533569212691746 0.401446619085308 0.356949295590782 0.338045753631563 0.328374955750186 0.320561425400086 0.315344571535632 0.308479902190096 -9999 -9999 -9999 -9999 -9999 -9999 -9999
-9999 -9999 -9999 -9999 -9999 -9999 -9999 -9999 -9999 -9999 -9999 -9999 -9999 -9999 -9999 0.667744877685857 0.666252361412673 0.666826989816874 0.687974572812263 0.68687881723044 0.687676416149905 0.692343283746792 0.707868028019865 0.729327547039421 0.741514441771519 0.740729535651976 0.707884609579932 0.695232676863341 0.696005379915325 0.71062448379729 0.722194589216135 0.719982328460648 0.71773493366574 0.715459339642999 0.718386478771964 0.718468977851755 0.703270964009818 0.679193287927503 0.646544148688717 0.640880288530858 0.641058705440989 0.642368020311593 0.575852150274667 0.430642978129648 0.382366988415919 0.360977639329936 0.336820551190018 0.322736821691789 -9999 -9999 -9999 -9999 -9999 -9999 -9999 -9999 -9999
-9999 -9999 -9999 -9999 -9999 -9999 -9999 -9999 -9999 -9999 -9999 -9999 -9999 -9999 -9999 -9999 0.71163082882521 0.71163082882521 0.747946918467505 0.733325078686698 0.721533730229414 0.715526787921308 0.729627315228372 0.754718324970134 0.742522640597862 0.729783198073365 0.719135485495312 0.716128551223288 0.718201332669545 0.732326809002255 0.745545326786758 0.75240007890553 0.746149357930257 0.729379942613154 0.719643025253063 0.710594398222177 0.700117256513898 0.688779219580991 0.676610167740116 0.674164465721299 0.673166359267784 0.668695171722094 0.604742113893677 0.471775977892384 0.418902154566035 0.391504253000694 -9999 -9999 -9999 -9999 -9999 -9999 -9999 -9999 -9999 -9999 -9999
-9999 -9999 -9999 -9999 -9999 -9999 -9999 -9999 -9999 -9999 -9999 -9999 -9999 -9999 -9999 -9999 -9999 -9999 0.748157641364292 0.753546543083148 0.755843152786909 0.75182033914585 0.753439419800087 0.758142286795302 0.747294136677643 0.737605866085533 0.732309439682997 0.732161359167545 0.735435984098887 0.73695118206251 0.740108079766894 0.749060510806515 0.738063791234425 0.711055515562229 0.704981333383088 0.702292373292379 0.701018500832248 0.69526784216771 0.685195779493458 0.676320230320582 0.668569520621285 0.665978909358631 0.640341506173268 0.587964357834706 0.490601493369293 -9999 -9999 -9999 -9999 -9999 -9999 -9999 -9999 -9999 -9999 -9999 -9999
-9999 -9999 -9999 -9999 -9999 -9999 -9999 -9999 -9999 -9999 -9999 -9999 -9999 -9999 -9999 -9999 -9999 -9999 0.768588600413706 0.770876404336406 0.772457314410849 0.772593612700512 0.772205357849161 0.771530389045595 0.75603080812635 0.744321686284488 0.743613381358444 0.745688046753198 0.749612876819125 0.745012697416333 0.741863148034627 0.74582369613608 0.732274107810849 0.704670561140559 0.700520644071197 0.700257015896858 0.701975900969098 0.699136745988978 0.691897753344213 0.68233567177085 0.673138334604462 0.668964776051832 0.663649092729183 0.65700827377005 0.6566930115948 -9999 -9999 -9999 -9999 -9999 -9999 -9999 -9999 -9999 -9999 -9999 -9999
-9999 -9999 -9999 -9999 -9999 -9999 -9999 -9999 -9999 -9999 -9999 -9999 -9999 -9999 -9999 -9999 -9999 -9999 0.768530220689367 0.765274148790346 0.765452986847856 0.772651423979671 0.784235999374606 0.798217981129444 0.770059939060506 0.74956015764942 0.752421351346016 0.755869727061866 0.75970847109011 0.757661887877036 0.753218053314485 0.742724030092664 0.729548820806398 0.714221642149542 0.709675592839959 0.706586000793447 0.703008254258492 0.699509018731058 0.696085569217791 0.693502760111906 0.689940868584088 0.679561475610005 0.67055037244042 0.663126809991936 0.659878857854308 -9999 -9999 -9999 -9999 -9999 -9999 -9999 -9999 -9999 -9999 -9999 -9999
-9999 -9999 -9999 -9999 -9999 -9999 -9999 -9999 -9999 -9999 -9999 -9999 -9999 -9999 -9999 -9999 -9999 -9999 0.773750170370726 0.7728778837631 0.775883006188408 0.786812021001793 0.799816594650812 0.81395564187417 0.797929865616326 0.784123672343284 0.778759647698787 0.771625219324338 0.763313797285821 0.762491976635872 0.761029243588246 0.7553627145975 0.739604366211941 0.715746137508805 0.720727507447943 0.725672141653458 0.712632063311295 0.702335549209788 0.694687374557416 0.68960225350874 0.684258440363032 0.674220206593773 0.664062574663022 0.653766412544608 0.650833929414215 -9999 -9999 -9999 -9999 -9999 -9999 -9999 -9999 -9999 -9999 -9999 -9999
-9999 -9999 -9999 -9999 -9999 -9999 -9999 -9999 -9999 -9999 -9999 -9999 -9999 -9999 -9999 -9999 0.748590451018169 0.748590451018169 0.772040655377054 0.780189012723406 0.790071055066639 0.803496064693804 0.815572790960039 0.826912563005833 0.829798476586402 0.826892575610702 0.810073765417506 0.789037094310629 0.765196319547997 0.764922359645401 0.767531409684435 0.772711279993728 0.753731065574266 0.715359521691852 0.73113865704374 0.746034984532763 0.723710850657943 0.705452713982994 0.691119450152252 0.678245872066903 0.666361332755376 0.658510144048812 0.647780376193351 0.6337107737482 0.594396815322446 -9999 -9999 -9999 -9999 -9999 -9999 -9999 -9999 -9999 -9999 -9999 -9999
-9999 -9999 -9999 -9999 -9999 -9999 -9999 -9999 -9999 -9999 -9999 -9999 -9999 -9999 -9999 -9999 -9999 -9999 0.771930168349412 0.769586417894844 0.772755196863012 0.787189408381846 0.816344024527253 0.853544623164557 0.851414020993716 0.844060070283775 0.827111063304082 0.802989718529744 0.774100085032313 0.771099542125243 0.772512817866585 0.780770127023627 0.763894491864271 0.726846692199497 0.722864595398868 0.721932695093979 0.71349516000335 0.700669922022985 0.683609271406103 0.632951091680274 0.581997245710657 0.570820684678754 0.555275897542138 0.534662932014216 0.540568984775001 -9999 -9999 -9999 -9999 -9999 -9999 -9999 -9999 -9999 -9999 -9999 -9999
-9999 -9999 -9999 -9999 -9999 -9999 -9999 -9999 -9999 -9999 -9999 -9999 -9999 -9999 -9999 -9999 -9999 -9999 0.789457522997863 0.778935598961334 0.775484699236698 0.786484179971026 0.820496389205201 0.867087057747914 0.863296091786084 0.85455528314008 0.837942521917758 0.813991711702162 0.785162445219453 0.772135074010173 0.764958554639906 0.772138114441071 0.753800515972731 0.714982375796136 0.697170101477641 0.684317526242395 0.679513033515327 0.669401052543748 0.654165797881155 0.592674859666457 0.529893636420432 0.516663311678715 0.498144748707635 0.473490575060813 0.468089816743918 -9999 -9999 -9999 -9999 -9999 -9999 -9999 -9999 -9999 -9999 -9999 -9999
-9999 -9999 -9999 -9999 -9999 -9999 -9999 -9999 -9999 -9999 -9999 -9999 -9999 -9999 -9999 -9999 0.75792073557939 0.75792073557939 0.789699135079161 0.802121262096283 0.810589284321506 0.810976678324102 0.830109588520918 0.859488555054257 0.859457716336791 0.854274153268267 0.838750984987046 0.820228167042604 0.799711132418484 0.764866371973246 0.737158040559573 0.736548843674567 0.710988990870216 0.665403281588922 0.643340023083625 0.62487782662383 0.60714594892749 0.595354755985016 0.589298055989854 0.56050404027582 0.529893636420432 0.516663311678715 0.498144748707635 0.473490575060813 -9999 -9999 -9999 -9999 -9999 -9999 -9999 -9999 -9999 -9999 -9999 -9999 -9999
-9999 -9999 -9999 -9999 -9999 -9999 -9999 -9999 -9999 -9999 -9999 -9999 -9999 -9999 -9999 -9999 0.75792073557939 0.75792073557939 0.770331062650118 0.775473178336499 0.779484714385485 0.781185792263367 0.803771733464986 0.837773070432637 0.829300155745064 0.818123677760581 0.804040203698277 0.782244325416305 0.755321113324702 0.72014093742371 0.694242527552007 0.700628257918282 0.671362224055276 0.613481426880506 0.597368891332249 0.587074268831618 0.575631906862402 0.55814798056143 0.534832183106439 0.52699723778813 -9999 -9999 -9999 -9999 -9999 -9999 -9999 -9999 -9999 -9999 -9999 -9999 -9999 -9999 -9999 -9999 -9999
-9999 -9999 -9999 -9999 -9999 -9999 -9999 -9999 -9999 -9999 -9999 -9999 -9999 -9999 -9999 -9999 -9999 -9999 0.781606935451131 0.744702393703023 0.722675211274219 0.731051474358549 0.764152982698541 0.810768989823152 0.788486273273116 0.767185451970362 0.754792035434796 0.726270086104708 0.687025621571618 0.660507962286227 0.64561275298818 0.66456094583118 0.633314668622972 0.56178138427431 0.555861571593686 0.559244959116292 0.561520391145589 0.536684308790703 0.485677709993936 0.476846305566124 -9999 -9999 -9999 -9999 -9999 -9999 -9999 -9999 -9999 -9999 -9999 -9999 -9999 -9999 -9999 -9999 -9999
-9999 -9999 -9999 -9999 -9999 -9999 -9999 -9999 -9999 -9999 -9999 -9999 -9999 -9999 0.780311219068489 0.780311219068489 -9999 -9999 0.782079404599006 0.790041643484916 0.804890743708233 0.833813868019729 0.836022850569388 0.823630229266814 0.779624795388635 0.745712867030134 0.740362542125788 0.71939872033109 0.688054787715914 0.660087001792715 0.636911856999218 0.628226566560469 0.606814760017348 0.575188416999456 0.573005242198659 0.569734536778942 0.543649559667399 0.514504022889723 0.482404153649135 -9999 -9999 -9999 -9999 -9999 -9999 -9999 -9999 -9999 -9999 -9999 -9999 -9999 -9999 -9999 -9999 -9999 -9999
-9999 -9999 -9999 -9999 -9999 -9999 -9999 -9999 -9999 -9999 -9999 -9999 -9999 -9999 0.780311219068489 0.779031634831509 0.775614635230201 0.757529033818912 0.733886284450152 0.800094838586729 0.856433813571536 0.89260326750505 0.870307064684835 0.816054291202925 0.766360873439964 0.730123394555692 0.727613575165732 0.711550204926437 0.686476210045199 0.65629887407848 0.627239448927885 0.603240892646713 0.588654089628668 0.581621333311962 0.575693081225025 0.563456098892276 0.523780943211741 0.501824672435527 0.496972291989791 -9999 -9999 -9999 -9999 -9999 -9999 -9999 -9999 -9999 -9999 -9999 -9999 -9999 -9999 -9999 -9999 -9999 -9999
-9999 -9999 -9999 -9999 -9999 -9999 -9999 -9999 -9999 -9999 -9999 -9999 -9999 -9999 -9999 0.779031634831509 0.775614635230201 0.757529033818912 0.733869346895249 0.798469471013233 0.847491840240996 0.864679432082744 0.830473659922326 0.768176940709089 0.744415482934041 0.726135217894619 0.718178548472795 0.701774783995246 0.679755251095972 0.645870808200921 0.615651252382437 0.600634476092135 0.586938110715046 0.574301531482422 0.549874516651767 0.524111709993773 0.499972763365124 0.490541352889439 0.495307003162793 -9999 -9999 -9999 -9999 -9999 -9999 -9999 -9999 -9999 -9999 -9999 -9999 -9999 -9999 -9999 -9999 -9999 -9999
