layers/veg/veg_1700.asc
NCOLS 255 
NROWS 330 
XLLCORNER -2985163.8955 
YLLCORNER -3022031.214 
CELLSIZE 25000 
NODATA_value -9999 
[rows 175 to 199 of 330, columns 57 to 113 of 255]
-9999 -9999 -9999 -9999 -9999 -9999 -9999 -9999 -9999 -9999 -9999 -9999 -9999 -9999 -9999 -9999 -9999 -9999 -9999 -9999 -9999 0.564948537840311 0.41657182056594 0.187094311589164 0.233779626509155 0.255888418222991 0.189906135232939 0.121254908564059 0.0508293240204248 0.0230528413066989 0.00406657715579319 0.00125282650287942 0 0 0 0 0 0 0 0.0281343708274824 0.0784153811978126 0.224636024882277 0.304185837331609 0.306381671736696 0.318616451739378 0.335387669770477 0.36782232528384 0.388942939789709 0.394245206240148 0.39101575713882 0.382174766721025 0.32806770674913 0.299427081591471 0.313948701635956 0.316564582210685 0.313775242148121 0.306278796893428
-9999 -9999 -9999 -9999 -9999 -9999 -9999 -9999 -9999 -9999 -9999 -9999 -9999 -9999 -9999 -9999 -9999 -9999 -9999 -9999 -9999 -9999 0.419958630272717 0.195719117318272 0.210680669413966 0.212516705452579 0.158766761623416 0.0954029439589813 0.0256476640535749 0.00906516807293023 0 0 0 0 0 0 0 0 0 0.016295533692697 0.0557303346835646 0.21159460207178 0.293004562406402 0.288029866566402 0.315066880386568 0.348909041911524 0.362954307671923 0.372136468829431 0.374519442924813 0.355650072692054 0.329128896677294 0.302782144652488 0.289803116052751 0.299480613993771 0.297463039630287 0.290210356804594 0.288703544344206
-9999 -9999 -9999 -9999 -9999 -9999 -9999 -9999 -9999 -9999 -9999 -9999 -9999 -9999 -9999 -9999 -9999 -9999 -9999 -9999 -9999 -9999 0.235452128524556 0.219558906072187 0.202564444137997 0.177214321061045 0.130759437315113 0.0721365287373546 0.00542411611654336 0 0 0 0 0 0 0 0 0.00337603530244028 0.0100109290418857 0.0141458074869898 0.039901052809019 0.196350098197027 0.27942142800349 0.277357203102174 0.311346199065733 0.351330140967596 0.353819276513877 0.352764805284767 0.346755958752653 0.317818735003016 0.282628048281781 0.283358901275502 0.284002896034414 0.284499677551427 0.277753739564873 0.26784209659133 0.272124683872203
-9999 -9999 -9999 -9999 -9999 -9999 -9999 -9999 -9999 -9999 -9999 -9999 -9999 -9999 -9999 -9999 -9999 -9999 -9999 -9999 -9999 -9999 0.251710518398562 0.260962311126446 0.217763364120379 0.168554837351458 0.108977323270266 0.0547643688430045 0.00411786234870274 0 0 0 0 0 0 0 0 0.0195352043582706 0.0579275769148572 0.0624674032917637 0.0773902071427781 0.1954311612342 0.271240572803514 0.298051378048145 0.317801064912385 0.334569562396408 0.342229263267787 0.33184589760312 0.296236221881295 0.283822510762032 0.279982014122342 0.279907167826048 0.277080687216512 0.26959054968754 0.263778697704288 0.258801025192597 0.264545590777375
-9999 -9999 -9999 -9999 -9999 -9999 -9999 -9999 -9999 -9999 -9999 -9999 -9999 -9999 -9999 -9999 -9999 -9999 -9999 -9999 -9999 -9999 0.316550671894192 0.307412103922699 0.242805697139363 0.174761516247291 0.103156712379762 0.0479347329000066 0.0036043258778335 0 0 0 0 0 0 0 0 0.0252292894211696 0.0748121993836861 0.0924358689794238 0.113415545584989 0.193700080658738 0.255251171766899 0.295067024445278 0.309889515685114 0.316731018947524 0.314740125291198 0.299845201940489 0.26690894102629 0.265205441149329 0.274033137303816 0.269858893735554 0.26464760367282 0.257678656701809 0.253340460581717 0.250267711733797 0.258133268455706
-9999 -9999 -9999 -9999 -9999 -9999 -9999 -9999 -9999 -9999 -9999 -9999 -9999 -9999 -9999 -9999 -9999 -9999 -9999 -9999 -9999 -9999 0.335366585957934 0.355328466950307 0.276684554288024 0.194313688631005 0.1116648924528 0.0505692195065159 0.00380241915333907 0 0 0 0 0 0 0 0 0.0215287705109577 0.0638390818331943 0.105928557766132 0.148126802783329 0.191239931151279 0.2322519659556 0.270826233862779 0.289081101012331 0.297924776325873 0.272978194046728 0.257896281355283 0.256606326540488 0.260394382770889 0.265119267677916 0.253888843292674 0.247267356243089 0.248457409554533 0.246077246217332 0.242190217336087 0.252768367191395
-9999 -9999 -9999 -9999 -9999 -9999 -9999 -9999 -9999 -9999 -9999 -9999 -9999 -9999 -9999 -9999 -9999 -9999 -9999 -9999 -9999 -9999 0.365473571123515 0.365478785350335 0.292045294642803 0.209190136808343 0.109260082340991 0.0445867167189963 0.00335258062693592 0 0 0 0 0 0 0 0 0.010427820420334 0.0309215280462358 0.0804210710101875 0.137377423374093 0.202496541914985 0.23887116583054 0.241895358006321 0.252013117924087 0.262017483075658 0.252873398281733 0.248691378238668 0.251446903079054 0.25165961113998 0.250495220023618 0.241112350319327 0.236361538061729 0.239461451701298 0.235471074103786 0.228378999743544 0.234818108936222
-9999 -9999 -9999 -9999 -9999 -9999 -9999 -9999 -9999 -9999 -9999 -9999 -9999 -9999 -9999 -9999 -9999 -9999 -9999 -9999 -9999 -9999 0.347092292216427 0.361139926447929 0.294007707401042 0.212672592420961 0.102848252859511 0.0379245901390341 0.00285163958104231 0 0 0 0 0 0 0.000393662054803248 0.00245684696077592 0.00514903105997597 0.00844838278157522 0.0557547879888961 0.117307124300948 0.208552222739142 0.244201993406416 0.215347997072684 0.218229856653607 0.229727496229271 0.238617480805776 0.244417393387909 0.245897025153408 0.241086912170128 0.234080242436793 0.228339684875205 0.225885680972602 0.229001951666106 0.223343173853408 0.213812100843546 0.216350102163092
-9999 -9999 -9999 -9999 -9999 -9999 -9999 -9999 -9999 -9999 -9999 -9999 -9999 -9999 -9999 -9999 -9999 -9999 -9999 -9999 -9999 -9999 0.333695172276947 0.327022994346208 0.244617648455703 0.162054340463059 0.0861417602448385 0.035890261388376 0.00269867359340839 0 0 0 0 0 0 0.00280868373551642 0.0175290100104597 0.0367370936958896 0.060277171803838 0.0721473969189482 0.0922016442475456 0.174980721322557 0.215015777982782 0.205457632406977 0.216629924661204 0.232121285568116 0.233992371053348 0.234616486952999 0.233497194029384 0.224773173519474 0.2138484570942 0.212578231313026 0.211518434092646 0.210815285504271 0.206550748733893 0.200766326341256 0.207079423165362
-9999 -9999 -9999 -9999 -9999 -9999 -9999 -9999 -9999 -9999 -9999 -9999 -9999 -9999 -9999 -9999 -9999 -9999 -9999 -9999 -9999 -9999 0.289012366149472 0.295009205621253 0.198808430006227 0.112250163801444 0.0596811130874601 0.0248720762501913 0.00187019020740179 0 0 0 0 0 0.000266642673476295 0.00575031032052325 0.0331945673480374 0.0603909057893938 0.0873479305080511 0.0842251560045109 0.0870600234829632 0.162231929472116 0.202895529778801 0.203521310387521 0.214792851785289 0.227512484553219 0.226228240674162 0.223319042237578 0.218137967930278 0.209941188435338 0.201173177229525 0.201615148237631 0.199879240545372 0.194452115956386 0.192765296724189 0.192817585830704 0.200058538351507
-9999 -9999 -9999 -9999 -9999 -9999 -9999 -9999 -9999 -9999 -9999 -9999 -9999 -9999 -9999 -9999 -9999 -9999 -9999 -9999 -9999 -9999 0.278240234793044 0.267577035443016 0.156862437367548 0.0633242604670505 0.0226970981242731 0.00416156722411025 0.000312918076950466 0 0 0 0 0 0.000820955479041423 0.00926006990690526 0.0495003140857352 0.0754847718254873 0.0877082390093792 0.0916477959055666 0.103456613252144 0.17194792742162 0.209187072081931 0.210166287335917 0.212699937080332 0.215348868452792 0.215077546296963 0.210407042135289 0.199585968775436 0.196707808100571 0.196650309357359 0.195828835458412 0.191183234794436 0.180056244084296 0.182223947919756 0.190367831744749 0.19546486663753
-9999 -9999 -9999 -9999 -9999 -9999 -9999 -9999 -9999 -9999 -9999 -9999 -9999 -9999 -9999 -9999 -9999 -9999 -9999 -9999 -9999 -9999 0.307850592909439 0.244308846833609 0.157376590083094 0.0793985377078066 0.0263248635536762 0.00329847559609611 0.00024802017721079 0 0 0 0.01347189291796 0.0377565754844127 0.0414100282089607 0.0483122471484275 0.0817469246391903 0.0972509961434846 0.0954468047402852 0.114893423201548 0.140926220356658 0.179567528696427 0.20206641531328 0.205836263872519 0.206996185305289 0.207255239036088 0.205977837534766 0.201109696477979 0.191221282998004 0.189341647936256 0.189911325439697 0.182664318394633 0.176900568938062 0.173650745290088 0.17659762638366 0.182314199196094 0.184406717022765
-9999 -9999 -9999 -9999 -9999 -9999 -9999 -9999 -9999 -9999 -9999 -9999 -9999 -9999 -9999 -9999 -9999 -9999 -9999 -9999 0.329999821206455 0.341649346264738 0.297613674618829 0.223141195758329 0.165989340282936 0.106055061569348 0.0374460290587094 0.00645975947637051 0.000485724585006694 0 0.000264344416185385 0.00138103482588973 0.0303696803659311 0.0817288709920892 0.0882185685796256 0.0923683517711029 0.114333296023205 0.119187897360396 0.107526028822998 0.14041223034678 0.177602981679466 0.185143516814531 0.192209676983394 0.198725449673349 0.199850728961406 0.199275500182576 0.196984766895836 0.192348243248218 0.184432031258578 0.182764761831003 0.182567654029165 0.16840034618204 0.16174544611622 0.167823085531505 0.170445274287219 0.171499580288917 0.171312515094232
-9999 -9999 -9999 -9999 -9999 -9999 -9999 -9999 -9999 -9999 -9999 -9999 -9999 -9999 -9999 -9999 -9999 -9999 -9999 -9999 0.324712423683334 0.320269199337809 0.280956429650531 0.222584418153166 0.155155803215724 0.0892521606505941 0.0280622892939074 0.00233181525959148 0.000175334701457603 0 0.002522012312183 0.0131759425249399 0.0475548690295561 0.100975914995584 0.106010122199609 0.106760109270971 0.119253903332396 0.129759387462227 0.138345572765038 0.153067993710752 0.168341593610553 0.179284654508056 0.187153967795832 0.191457004786891 0.188680941473455 0.184436878207363 0.184906644777672 0.180773488126026 0.170204908308678 0.171013815709948 0.174866555661088 0.15983666837121 0.150605121304991 0.151200995482641 0.151006227004072 0.150491707889937 0.155123426127267
-9999 -9999 -9999 -9999 -9999 -9999 -9999 -9999 -9999 -9999 -9999 -9999 -9999 -9999 -9999 -9999 -9999 -9999 -9999 -9999 0.30095677967064 0.301733585941683 0.272292788113378 0.226335439300358 0.15109314616778 0.081500365262388 0.0289732453458644 0.00514137934220872 0.000386592466250686 0 0.00427749527550484 0.0223472469299603 0.0581706436405358 0.108243443211931 0.118623495933959 0.123452094658826 0.129275383976391 0.140619290546559 0.157292202443808 0.157342513756547 0.156774837807479 0.173103223085994 0.181896582193997 0.181947523693601 0.178446878698824 0.174646328034413 0.177185605815287 0.174051911739542 0.16298674178553 0.16300834850112 0.16598014591368 0.1502685435006 0.140538879208199 0.140947810358472 0.139455028627866 0.137167652308327 0.143706663326186
-9999 -9999 -9999 -9999 -9999 -9999 -9999 -9999 -9999 -9999 -9999 -9999 -9999 -9999 -9999 -9999 -9999 -9999 -9999 -9999 0.300327946222897 0.299190831884222 0.274006801468588 0.23567903821085 0.155820749577812 0.085499121474525 0.0432492377457457 0.0169575281977842 0.00127507663044382 0 0.00538101921079349 0.0281124717371593 0.0602577099573631 0.0999586261452682 0.1245143240371 0.143130339172611 0.145919047416195 0.151853624314705 0.160824881724345 0.150736127403351 0.14221515009939 0.166503017954513 0.17637737121575 0.169528628772604 0.169427615761678 0.171409411336902 0.175121127841633 0.173630949898672 0.16486791720234 0.15986543019061 0.155554911712365 0.13939640035665 0.131867059518307 0.138963023575557 0.13814418987225 0.133819072727449 0.138485548634237
-9999 -9999 -9999 -9999 -9999 -9999 -9999 -9999 -9999 -9999 -9999 -9999 -9999 -9999 -9999 -9999 -9999 -9999 -9999 -9999 0.209904673028502 0.215489172621947 0.201724239604974 0.177383157361061 0.124224812443574 0.077401825985142 0.0493416833924405 0.0280177899099499 0.0111722661846877 0.0166592277007433 0.0262509563185026 0.0427051422428798 0.0670445634880397 0.0977128199883274 0.127122745188739 0.151261536229313 0.153823331952282 0.15799679707443 0.163725993090559 0.144066778808786 0.126539667785249 0.152973177399779 0.165249970247814 0.161101613781721 0.164929537384788 0.170585479686022 0.172514070443125 0.171759314736035 0.167252927910072 0.158342340782965 0.147802505931506 0.136521664314186 0.129745117425325 0.130602755492101 0.129609316838713 0.127810484221877 0.130153101120987
-9999 -9999 -9999 -9999 -9999 -9999 -9999 -9999 -9999 -9999 -9999 -9999 -9999 -9999 -9999 -9999 -9999 -9999 -9999 -9999 0.115516676167001 0.117258809313927 0.111813563539668 0.102439789546959 0.0828834702317786 0.0647242743739069 0.0510591979379072 0.0374863776171951 0.0239748906869001 0.0383597938336486 0.0530554913685939 0.0607927178201184 0.0759460408758988 0.0970516598030202 0.12748104815598 0.153869087030219 0.157353697882698 0.161343888702738 0.165822111606351 0.138772817504374 0.113699335770569 0.139251203918647 0.153465298654592 0.154524886999283 0.161943600963379 0.170178136508743 0.169599862835198 0.169243249512358 0.169196543195795 0.157320910871235 0.141747952492364 0.136297434483389 0.129579231216894 0.120712468785235 0.1193575712127 0.121372390336963 0.120692600624674
-9999 -9999 -9999 -9999 -9999 -9999 -9999 -9999 -9999 -9999 -9999 -9999 -9999 -9999 -9999 -9999 -9999 -9999 -9999 -9999 0.1147731342749 0.114252219620241 0.108376663875106 0.0995743306698894 0.0697375666318026 0.0440135433482711 0.030686519280696 0.0294154758623525 0.0361594476624053 0.0545910138102081 0.0727568753918993 0.0867308018249588 0.0923410247233529 0.0912383849562392 0.112514306134942 0.133782742583045 0.141184795529657 0.149977953555698 0.160113933595945 0.151698413924032 0.142633725872405 0.152664943596753 0.157093001287762 0.155020064313375 0.159352178973052 0.164885556034641 0.164998047544231 0.164522325472541 0.163224212254003 0.155917431588725 0.146418430239945 0.136454135437442 0.126923152512619 0.118126576019237 0.11760147997558 0.120707661139965 0.109819349625214
-9999 -9999 -9999 -9999 -9999 -9999 -9999 -9999 -9999 -9999 -9999 -9999 -9999 -9999 -9999 -9999 -9999 -9999 -9999 -9999 0.135945118647068 0.120068956539849 0.108292354232217 0.0987565182084434 0.0621241632138329 0.0318893389085381 0.0204149348335896 0.0255809668631486 0.0418098358778416 0.0618005439753665 0.0821900725991509 0.102792060290807 0.100370640268434 0.0794702087129917 0.0981051355624616 0.119866265491986 0.130444501938879 0.143436607541012 0.15875880070375 0.161858977473338 0.162052201119278 0.160193368272313 0.15779142050934 0.154759330621092 0.156229634178235 0.158664934968489 0.158387437908731 0.15743621130012 0.155543032254536 0.152011723126281 0.147388472405836 0.133815105048826 0.122273430537486 0.114175207197065 0.11248166453943 0.11355512953812 0.0975650024670159
-9999 -9999 -9999 -9999 -9999 -9999 -9999 -9999 -9999 -9999 -9999 -9999 -9999 -9999 -9999 -9999 -9999 -9999 -9999 0.141161354735509 0.137307755952364 0.125578923526054 0.113469588350911 0.101152275302 0.0631934473987066 0.0332408010727363 0.0259959744421462 0.0283950387315592 0.037205521116049 0.0548514638006788 0.0755084111641202 0.103352661216366 0.09527167429291 0.0583564297891661 0.0845710157888677 0.115632757952083 0.128223849098243 0.144466955854427 0.164235322513611 0.167680107523308 0.166536430867231 0.158485398925217 0.153892631971979 0.153312272679738 0.152273546999606 0.150987850047219 0.148624233030911 0.146638175506889 0.145179990160159 0.144179024412533 0.142551063131463 0.126788463079316 0.114494891365262 0.108080864740031 0.102082831400345 0.0962206621645435 0.083143167536326
-9999 -9999 -9999 -9999 -9999 -9999 -9999 -9999 -9999 -9999 -9999 -9999 -9999 -9999 -9999 -9999 -9999 -9999 0.154364408225746 0.153114626532228 0.147734665545613 0.133914249609832 0.112189773974766 0.0861450416912828 0.0554173492345532 0.0317072938689603 0.0262445700123244 0.0290738384726484 0.0374157604901508 0.0560973926629109 0.0759872601557312 0.0968223658990109 0.0911095680150507 0.0640889331940026 0.0931973625371375 0.123791739498932 0.125988503077596 0.140638825872584 0.167310464467655 0.168474278880374 0.164037954329187 0.158073890376714 0.152930917770196 0.148740605881579 0.147296024106248 0.146131610354903 0.140505721716372 0.137654410683146 0.138682282537664 0.139534335314956 0.139613940930492 0.127036267326769 0.117899691031408 0.11459532041664 0.103687182757432 0.0893673654508432 0.0776725079054724
-9999 -9999 -9999 -9999 -9999 -9999 -9999 -9999 -9999 -9999 -9999 -9999 -9999 -9999 -9999 -9999 -9999 -9999 -9999 0.167593783341178 0.161637659962416 0.14350957321777 0.108529469107224 0.0643382705927651 0.0440374400165117 0.028803943534342 0.0242072497905725 0.0288114951696704 0.0395326769672108 0.0605997973388579 0.0793154795017971 0.0874968939394294 0.0873812067438699 0.0806061127969203 0.110491567169655 0.136577292334535 0.123884443776025 0.134961549958159 0.168983593208276 0.16704594240897 0.158852680728787 0.158180258878769 0.15313171042316 0.143005817121289 0.141948086258283 0.14237675572828 0.133179311907977 0.129538600315717 0.13366684805247 0.136025311958833 0.137271787522278 0.130057524931688 0.125622085489601 0.125896384453537 0.110030473607655 0.0869682564215217 0.0758177063096677
-9999 -9999 -9999 -9999 -9999 -9999 -9999 -9999 -9999 -9999 -9999 -9999 -9999 -9999 -9999 -9999 -9999 -9999 -9999 -9999 0.164873210115197 0.156592859910969 0.116164143441409 0.0581635463968387 0.0348964213181947 0.0191249273477687 0.0191438169717408 0.0263417263432697 0.0383123667106386 0.0598486956720794 0.0782068695800603 0.0835877834208695 0.0854248545003692 0.0844175720388541 0.108247982525843 0.129919971690376 0.127083184962435 0.135544283682966 0.154911136051113 0.160157344000415 0.161538544077148 0.157559683162818 0.151271801682949 0.14230490866503 0.138624416663978 0.136059163314347 0.130146717966643 0.125934761155889 0.124100285523075 0.125409344527802 0.127529086417266 0.123890600338392 0.121297352319525 0.120475644831155 0.107489923657772 0.0890159492165271 0.0704984174910206
-9999 -9999 -9999 -9999 -9999 -9999 -9999 -9999 -9999 -9999 -9999 -9999 -9999 -9999 -9999 -9999 -9999 -9999 -9999 -9999 0.186956842884645 0.178039924029739 0.130390595469369 0.0615706334743309 0.0349600692115842 0.0167791697583489 0.0160632054685982 0.0261678771341776 0.0434662864456634 0.063141000164961 0.0792030507862301 0.0829384058043516 0.0845919107308086 0.0845744843888873 0.102600898551107 0.120720643678312 0.128081330896032 0.135845891476236 0.14400030761093 0.151824132738054 0.157963859732988 0.154572554629399 0.148075956786962 0.137976482815762 0.132012958099407 0.127362661718421 0.124105858789972 0.120439563585806 0.116200750451133 0.117200675562895 0.119882872584613 0.118882120780246 0.117509067358687 0.11550501184329 0.104200544965843 0.088666946945614 0.0685187762107002
