layers/veg/veg_5600.asc
NCOLS 255 
NROWS 330 
XLLCORNER -2985163.8955 
YLLCORNER -3022031.214 
CELLSIZE 25000 
NODATA_value -9999 
[rows 75 to 99 of 330, columns 0 to 56 of 255]
-9999 -9999 -9999 -9999 -9999 -9999 -9999 -9999 -9999 -9999 -9999 -9999 -9999 -9999 -9999 -9999 -9999 -9999 -9999 -9999 -9999 -9999 -9999 -9999 -9999 -9999 0.513221367648164 0.520858492099599 0.526984481431393 0.530828916966199 0.526116141221776 0.513216888893554 0.365940704144734 0.274028310335562 0.283805623458552 0.305598066816258 0.333293894773695 0.451638522477627 0.552421950005919 0.611118454750137 0.646877432191742 0.668851832455513 0.687208381841263 0.704263690580828 0.718252737450394 0.731718750784101 0.744803999776555 0.755647756637706 0.765587854318056 0.773167664154067 0.786609001297018 0.805190422088427 0.818533740526947 0.830636367037441 0.841152776881507 0.85174823754052 0.862427012771126
-9999 -9999 -9999 -9999 -9999 -9999 -9999 -9999 -9999 -9999 -9999 -9999 -9999 -9999 -9999 -9999 -9999 -9999 -9999 -9999 -9999 -9999 -9999 -9999 -9999 -9999 0.527261137411743 0.531993799657808 0.534514605569191 0.533695889320583 0.531165936410575 0.524987993656153 0.435642192282723 0.365575657592851 0.330920407889861 0.32815554561803 0.341059362616658 0.472660128858144 0.579416800280414 0.626882066828584 0.659729561432676 0.683792333827056 0.699262315599465 0.713316287794343 0.724836885211366 0.735204164789718 0.744731837962385 0.755332764001944 0.765622659496864 0.774323418360245 0.785850835851227 0.799857003509303 0.810099492189867 0.819588014170609 0.828613650313757 0.839332627955543 0.851836280702994
-9999 -9999 -9999 -9999 -9999 -9999 -9999 -9999 -9999 -9999 -9999 -9999 -9999 -9999 -9999 -9999 -9999 -9999 -9999 -9999 -9999 -9999 -9999 -9999 -9999 -9999 0.546366862112817 0.547645795135387 0.54707490710365 0.543711107838931 0.540539712979013 0.535766227426718 0.484009894887875 0.427561992549868 0.362496827018148 0.345411953598674 0.351901199811096 0.494583509386937 0.606589763394033 0.645657499124898 0.673885636588373 0.695599589810351 0.708561479501979 0.720169923777279 0.729449914978884 0.737674498942166 0.745130754654388 0.755212934688389 0.76537839280001 0.774742675912604 0.784438660723276 0.794425520997828 0.802688874388597 0.810698794889531 0.818948805326014 0.829351104624559 0.842021780594567
-9999 -9999 -9999 -9999 -9999 -9999 -9999 -9999 -9999 -9999 -9999 -9999 -9999 -9999 -9999 -9999 -9999 -9999 -9999 -9999 -9999 -9999 -9999 -9999 -9999 -9999 0.576374922152419 0.573094445969859 0.570610359763005 0.569328685272576 0.559341349788765 0.54434702102984 0.485631360336711 0.424808467037965 0.360115104205497 0.351121393139061 0.369494548683516 0.518369064482604 0.633990235484053 0.670992903752095 0.6909189846593 0.700582689273543 0.711827505154786 0.722177785956411 0.729718236140119 0.737902459380301 0.746555344392548 0.755517384279333 0.764519506280913 0.77353800988712 0.781605364328599 0.788838638160561 0.797582943867868 0.8065966115401 0.81563200233156 0.824749598129381 0.833953832817544
-9999 -9999 -9999 -9999 -9999 -9999 -9999 -9999 -9999 -9999 -9999 -9999 -9999 -9999 -9999 -9999 -9999 -9999 -9999 -9999 -9999 -9999 -9999 -9999 -9999 -9999 0.588076598963369 0.591730903242046 0.590293366877533 0.581168028011356 0.569088433897831 0.552606238294459 0.445602136293041 0.370687043554954 0.354711591552247 0.381053169673623 0.428186341315897 0.546723807904903 0.640291976695114 0.675522237769888 0.693697192503797 0.701622560024333 0.711087088810886 0.7199248303053 0.726719348166158 0.73447461597264 0.742929302258192 0.750902205461944 0.758982495373219 0.767658286812415 0.775289031504421 0.782003355029071 0.790242088301915 0.798934025420586 0.808541132370203 0.818158917247823 0.827787955987882
-9999 -9999 -9999 -9999 -9999 -9999 -9999 -9999 -9999 -9999 -9999 -9999 -9999 -9999 -9999 -9999 -9999 -9999 -9999 -9999 -9999 -9999 -9999 -9999 -9999 -9999 0.589169775537189 0.606419712520733 0.607743892077673 0.58502292050663 0.573588428875605 0.560679102928925 0.381436448818061 0.286798060254094 0.347556959748907 0.425021725867882 0.510694572451043 0.577726383771281 0.634367059656046 0.667994509382903 0.688214584621693 0.700377340257346 0.708024950019615 0.715202742089995 0.721827121215703 0.728928243990513 0.736376432429473 0.743436115108152 0.750734523864192 0.759069380651363 0.766954288362554 0.774444627257978 0.781606099635332 0.789208195395438 0.79926320067124 0.810415515116741 0.822724324197235
-9999 -9999 -9999 -9999 -9999 -9999 -9999 -9999 -9999 -9999 -9999 -9999 -9999 -9999 -9999 -9999 -9999 -9999 -9999 -9999 -9999 -9999 -9999 -9999 -9999 -9999 -9999 -9999 -9999 -9999 0.526545052427372 0.519703249068796 0.405636359462886 0.339964697657344 0.363183201218177 0.420831129495333 0.495395240258857 0.560447703880745 0.61569458186742 0.649013792922876 0.673950892903309 0.693850664513404 0.702533751847553 0.710135499715739 0.71660577487588 0.723378786573859 0.730372188113979 0.736715702879178 0.743036255606301 0.749546491711531 0.755909882342107 0.762144501411349 0.769286163985639 0.776716910675518 0.78478780329591 0.794683463976667 0.806502315067373
-9999 -9999 -9999 -9999 -9999 -9999 -9999 -9999 -9999 -9999 -9999 -9999 -9999 -9999 -9999 -9999 -9999 -9999 -9999 -9999 -9999 -9999 -9999 -9999 -9999 -9999 -9999 -9999 -9999 -9999 0.588230168656621 0.488353819168264 0.430049761549073 0.388641734022315 0.378267570312602 0.421860099527544 0.491968042032747 0.552080577506086 0.603461246566864 0.635355230137883 0.663008203335716 0.688112491401542 0.697314133093726 0.705017770323475 0.711216743127976 0.717832578077054 0.724751885421284 0.730452386647882 0.735861345954998 0.74071751700656 0.745928192538111 0.7514497397223 0.758267925541994 0.765288780039709 0.772188103370303 0.780435124527653 0.790102534167366
-9999 -9999 -9999 -9999 -9999 -9999 -9999 -9999 -9999 -9999 -9999 -9999 -9999 -9999 -9999 -9999 -9999 -9999 -9999 -9999 -9999 -9999 -9999 -9999 -9999 -9999 -9999 -9999 -9999 0.660851597150661 0.588761915191932 0.489982869875003 0.442717821075891 0.406012615174214 0.388703251054046 0.443778147725014 0.534417546991437 0.574643899611989 0.610489217243273 0.637744605123371 0.662307332497393 0.685251873827643 0.693170695154872 0.699811101759164 0.70541832321339 0.712295621269412 0.720097525201475 0.725326154409139 0.730030768023412 0.733902900732599 0.739209885238694 0.74577511829897 0.751297832121959 0.757133002488644 0.765406153276515 0.77132953750628 0.774776416031935
-9999 -9999 -9999 -9999 -9999 -9999 -9999 -9999 -9999 -9999 -9999 -9999 -9999 -9999 -9999 -9999 -9999 -9999 -9999 -9999 -9999 -9999 -9999 -9999 -9999 -9999 -9999 -9999 0.614299353643446 0.633981550994447 0.589199740116597 0.519415365441499 0.463881528712091 0.425114321709264 0.417143301784645 0.466193450342264 0.543259765291827 0.580611774401198 0.61436863508993 0.641033171363437 0.65842696506844 0.670249396841295 0.68441028168637 0.69632876665876 0.701484021216656 0.707685740052732 0.714649276734523 0.720300108590072 0.725256866595662 0.728228578582455 0.732691337597277 0.73846162382242 0.74235076139855 0.746795859039424 0.755601495145099 0.760412733000748 0.761014127109772
-9999 -9999 -9999 -9999 -9999 -9999 -9999 -9999 -9999 -9999 -9999 -9999 -9999 -9999 -9999 -9999 -9999 -9999 -9999 -9999 -9999 -9999 -9999 -9999 -9999 -9999 -9999 0.606457302712668 0.605710840440554 0.603837348686357 0.589571536932298 0.56839404291607 0.491017787023598 0.445432820910146 0.458240657850013 0.488958329258157 0.52847562571558 0.574912834745861 0.616034579510256 0.644953880703783 0.652311370348408 0.646711035399797 0.672404074611254 0.694058660320862 0.698860218264347 0.703727604986031 0.708642914545636 0.715344495121875 0.721225822438518 0.723355897972965 0.726313223583164 0.729995980359151 0.732013850020689 0.734925187105928 0.743671834106436 0.748222619140962 0.748351230382707
-9999 -9999 -9999 -9999 -9999 -9999 -9999 -9999 -9999 -9999 -9999 -9999 -9999 -9999 -9999 -9999 -9999 -9999 -9999 -9999 -9999 -9999 -9999 -9999 -9999 -9999 0.591702204778366 0.58703397104095 0.589222300966951 0.601762861250932 0.578103946218273 0.539748648997025 0.491022174851408 0.455299988869182 0.443463491163584 0.470495090728889 0.516623722316944 0.577688302643755 0.625123347769579 0.641343171454439 0.65066576255896 0.655843380512589 0.677166803125902 0.694650256618068 0.698457206430584 0.700836610838171 0.702176773307243 0.705909804263617 0.70899043199601 0.708678112055897 0.708949912515732 0.709733939151319 0.710985604465347 0.7130798141169 0.718917950322907 0.722358883137205 0.723273314817594
-9999 -9999 -9999 -9999 -9999 -9999 -9999 -9999 -9999 -9999 -9999 -9999 -9999 -9999 -9999 -9999 -9999 -9999 -9999 -9999 -9999 -9999 -9999 -9999 -9999 -9999 0.589698328878656 0.577698072155916 0.580274635686289 0.604859687514121 0.570070308184113 0.513037474295273 0.491109285328396 0.466546658004745 0.437145213470702 0.460723834427612 0.510333109784616 0.583143252503525 0.635348005116261 0.640344769968386 0.651650785176017 0.666748418691601 0.682107537694611 0.694169405106925 0.696834705007019 0.697060737769801 0.695511003051155 0.696051738541624 0.696154663158477 0.693776590659787 0.691792885499398 0.690155008482585 0.690535594528776 0.691689902967683 0.694910744233559 0.697081742323364 0.698146271940804
-9999 -9999 -9999 -9999 -9999 -9999 -9999 -9999 -9999 -9999 -9999 -9999 -9999 -9999 -9999 -9999 -9999 -9999 -9999 -9999 -9999 -9999 -9999 -9999 -9999 -9999 0.584807245582829 0.590767541889507 0.600441829155514 0.615723603181044 0.57829737551098 0.521333569646884 0.501368035088424 0.486400324512993 0.480612390963434 0.496213521141877 0.522323723377627 0.594833799574497 0.64682071491727 0.651178981216826 0.660160199212889 0.671919634477499 0.68155888231222 0.688914700050615 0.690160223957948 0.689817357583396 0.688318155452403 0.686352299567304 0.684218744266459 0.681668511059883 0.67935536128563 0.677250114436673 0.675992168090297 0.675518347330026 0.67817316863485 0.678826683009669 0.677370946143878
-9999 -9999 -9999 -9999 -9999 -9999 -9999 -9999 -9999 -9999 -9999 -9999 -9999 -9999 -9999 -9999 -9999 -9999 -9999 -9999 -9999 -9999 -9999 -9999 -9999 -9999 0.593645135117383 0.604803266086535 0.61472516467363 0.622780565256292 0.585381747681896 0.530566773605536 0.491774264114621 0.473092422189139 0.491348944783679 0.513476209508217 0.537505282955038 0.605640309735673 0.65156400841689 0.646101069935346 0.652184500647266 0.665206857912657 0.674855909036449 0.681246440555755 0.678977408798951 0.677750273689207 0.677281631225289 0.675036093009375 0.672314342643096 0.668599574871214 0.664859650819194 0.661097666751511 0.658408152472641 0.656261201210628 0.655859401325529 0.654118453702751 0.650966128852068
-9999 -9999 -9999 -9999 -9999 -9999 -9999 -9999 -9999 -9999 -9999 -9999 -9999 -9999 -9999 -9999 -9999 -9999 -9999 -9999 -9999 -9999 -9999 -9999 -9999 -9999 0.614118123650215 0.61965787647982 0.624022018639282 0.626611191139589 0.591497702810356 0.540594163083363 0.465355778942802 0.431680586594624 0.47434678490627 0.515291789570118 0.555391121496751 0.615697611846786 0.650604222317282 0.627537872959463 0.630237915876422 0.648422575693023 0.662937243454994 0.671532729796825 0.663973847956038 0.661595173096913 0.662987648582249 0.662349700121785 0.660436651433212 0.654716327104285 0.648619658307585 0.642192965961784 0.638247283032786 0.634389063338623 0.628819894997861 0.623941259408321 0.619790401772455
-9999 -9999 -9999 -9999 -9999 -9999 -9999 -9999 -9999 -9999 -9999 -9999 -9999 -9999 -9999 -9999 -9999 -9999 -9999 -9999 -9999 -9999 -9999 -9999 -9999 -9999 0.620276446458992 0.627144845850535 0.632246599829168 0.634681023469589 0.617495811749218 0.590733001512546 0.513210648678588 0.464542754235717 0.468873423794261 0.520069915329888 0.594292954752098 0.604575937824949 0.605917132500657 0.588707480933628 0.596982955736116 0.620574017379889 0.637971876813154 0.648203432764715 0.63917897450363 0.642672480219753 0.655278966234097 0.653822031035408 0.649676193482193 0.641620333121919 0.634383170194765 0.627863938460054 0.625250567071528 0.622319423743769 0.614452619808249 0.608309275311511 0.603982348329196
-9999 -9999 -9999 -9999 -9999 -9999 -9999 -9999 -9999 -9999 -9999 -9999 -9999 -9999 -9999 -9999 -9999 -9999 -9999 -9999 -9999 -9999 -9999 -9999 -9999 -9999 0.623430193200349 0.632521927519399 0.639386908562001 0.642889875627958 0.643384551180063 0.640189571348788 0.567030572011736 0.507740381044229 0.473923789963241 0.529118593081997 0.62804729533079 0.59234290524804 0.563345287001137 0.553036280281635 0.565449992895454 0.591519191308074 0.612883656844063 0.626111068226439 0.617072461726035 0.625227560998138 0.645899544185513 0.643268770140074 0.637270914485157 0.628773682803394 0.621794483908148 0.616146476542893 0.61494782891865 0.612918473085236 0.602959312283252 0.595981967761035 0.592147269473172
-9999 -9999 -9999 -9999 -9999 -9999 -9999 -9999 -9999 -9999 -9999 -9999 -9999 -9999 -9999 -9999 -9999 -9999 -9999 -9999 -9999 -9999 -9999 -9999 -9999 -9999 0.623518406121967 0.63370722805783 0.642311570792274 0.648523622796884 0.653663698369479 0.656012877999879 0.59210641580141 0.542468513462552 0.519038456465238 0.555728801626364 0.621958057252754 0.59104134164889 0.563801083350456 0.547415802148457 0.550495362295908 0.565272548098294 0.597135591691369 0.620099260619514 0.614875070495685 0.616740517497271 0.623767165119268 0.620159524892014 0.616386387434655 0.616485794412063 0.615328405051451 0.613068907320749 0.611701134609546 0.608452196690748 0.595173193802617 0.587937294382095 0.587070444753531
-9999 -9999 -9999 -9999 -9999 -9999 -9999 -9999 -9999 -9999 -9999 -9999 -9999 -9999 -9999 -9999 -9999 -9999 -9999 -9999 -9999 -9999 -9999 -9999 -9999 -9999 0.642771297235142 0.642271914820115 0.645152891844807 0.653137629489336 0.659843352015031 0.664288817129183 0.619627892889052 0.578322947484153 0.543182112203092 0.561303516805496 0.605594216332953 0.597411208308498 0.579599301946821 0.541382742326289 0.537659689424378 0.554665915630197 0.590595186750375 0.616222451392162 0.609366811595995 0.607710926807353 0.609840423173781 0.606177600069091 0.603007909928217 0.604080189108277 0.604766106013933 0.605113214567252 0.605088288403012 0.603281045730421 0.593021161794239 0.586741486805466 0.58465670093357
-9999 -9999 -9999 -9999 -9999 -9999 -9999 -9999 -9999 -9999 -9999 -9999 -9999 -9999 -9999 -9999 -9999 -9999 -9999 -9999 -9999 -9999 -9999 -9999 -9999 -9999 0.642887472841804 0.643832944730521 0.647909309791565 0.656712784369446 0.661846681982178 0.664875940712468 0.649640837798686 0.615324791546644 0.545961731657619 0.545448504607778 0.578763212414813 0.611596278357033 0.611027480836777 0.534929368468113 0.526982686456426 0.559992409167082 0.593435006208657 0.614520653343766 0.600485634823503 0.598128620849551 0.604273103248879 0.601494054181034 0.597276155634474 0.59155466071556 0.590030818008367 0.592187975553419 0.595046203993288 0.597391809887627 0.596608806769985 0.592522902174638 0.584955947803759
-9999 -9999 -9999 -9999 -9999 -9999 -9999 -9999 -9999 -9999 -9999 -9999 -9999 -9999 -9999 -9999 -9999 -9999 -9999 -9999 -9999 -9999 -9999 -9999 -9999 -9999 -9999 0.644855220548319 0.649118536994345 0.659818727085068 0.66757212447326 0.673774355117556 0.669199052276448 0.655221378722981 0.623973855941711 0.59153354419379 0.558507180369953 0.557512931824543 0.549452268977191 0.524572540780271 0.530390918654005 0.554657684915973 0.602527128558349 0.635663754927382 0.622943665568829 0.616390636218235 0.614327178530638 0.6015133505289 0.588990237994865 0.582056617324601 0.579323561478338 0.580274060008864 0.581751318542192 0.582844438017067 0.58159188873913 0.581854375935325 0.583713615990725
-9999 -9999 -9999 -9999 -9999 -9999 -9999 -9999 -9999 -9999 -9999 -9999 -9999 -9999 -9999 -9999 -9999 -9999 -9999 -9999 -9999 -9999 -9999 -9999 -9999 -9999 -9999 -9999 -9999 0.665984956354181 0.673286912093244 0.683247588828714 0.686740659243249 0.694054291746018 0.708385359877285 0.648159419585753 0.55130144229362 0.503060870678879 0.480870709385154 0.516325056740282 0.537543533463512 0.550206796068403 0.61027078283833 0.654609845071808 0.646172273207964 0.635870039264236 0.624210345846448 0.600550982152396 0.579531981520626 0.573219617814356 0.56983703457951 0.569023630998046 0.569062392666487 0.56857524366137 0.564763654283295 0.568674854138642 0.580725386610763
-9999 -9999 -9999 -9999 -9999 -9999 -9999 -9999 -9999 -9999 -9999 -9999 -9999 -9999 -9999 -9999 -9999 -9999 -9999 -9999 -9999 -9999 -9999 -9999 -9999 -9999 -9999 -9999 -9999 -9999 0.673286912093244 0.683916577593872 0.706807243765337 0.721467020634378 0.721008672339863 0.680527755834285 0.620382581996217 0.549696754599699 0.507014010397062 0.527938880751465 0.548085655582541 0.5677648247449 0.599620334151873 0.624391596925206 0.626970047722032 0.621171644673667 0.609274957256429 0.585968605338824 0.566198252746165 0.564160863019443 0.562310790913701 0.560624981156362 0.56531130691334 0.569274245952703 0.56417603066067 0.563843977095357 0.568535157290098
-9999 -9999 -9999 -9999 -9999 -9999 -9999 -9999 -9999 -9999 -9999 -9999 -9999 -9999 -9999 -9999 -9999 -9999 -9999 -9999 -9999 -9999 -9999 -9999 -9999 -9999 -9999 -9999 -9999 -9999 -9999 -9999 0.739591293342323 0.732275362701957 0.711521861582253 0.67697690748015 0.635655809503305 0.567518690734044 0.522589994816018 0.530850858146181 0.549530090697551 0.574470364934114 0.584710613247834 0.594795766194687 0.606977423203155 0.606950968506985 0.598037103554209 0.57736704199946 0.559180179460184 0.555022791554488 0.554303294075033 0.556598547434356 0.563124833248661 0.569011149936073 0.568095059085669 0.565991548143211 0.562636571338751
