layers/veg/veg_900.asc
NCOLS 255 
NROWS 330 
XLLCORNER -2985163.8955 
YLLCORNER -3022031.214 
CELLSIZE 25000 
NODATA_value -9999 
[rows 150 to 174 of 330, columns 57 to 113 of 255]
-9999 -9999 -9999 -9999 -9999 -9999 -9999 -9999 -9999 -9999 -9999 -9999 -9999 -9999 -9999 -9999 -9999 -9999 -9999 -9999 0.568912761448214 0.580591197737213 0.514318309436224 0.405438236836844 0.211411780166754 0.0628770061967726 0.037731686962359 0.0522265044503661 0.0930747400744384 0.095971799698351 0.0932589173944552 0.0832873188657917 0.0740293640013722 0.0653441926999188 0.0316416067771538 0.00125768880351821 0.000414264446427908 0 0 0.0722592019427274 0.150454464408661 0.174381268435709 0.183179695391357 0.174425616608791 0.203828988341255 0.247247553260969 0.320817031652264 0.361943978174437 0.357712483750067 0.35791104634752 0.359867947573504 0.36470382356223 0.369555368901238 0.374433471720472 0.380480199065948 0.387060502792044 0.394523282790748
-9999 -9999 -9999 -9999 -9999 -9999 -9999 -9999 -9999 -9999 -9999 -9999 -9999 -9999 -9999 -9999 -9999 -9999 -9999 -9999 0.563587226960097 0.559056839988916 0.514146155595158 0.447164123686051 0.268706316435255 0.116278949754516 0.0402985111688558 0.036204428822928 0.0799015843713012 0.0820680239261886 0.0761052701696974 0.0557822517713505 0.0543086808201815 0.0679640239331183 0.0403789238399903 0.0116960094515298 0.00385249583784136 0 0 0.0573739462281763 0.121162824237463 0.15190585949965 0.180301308614105 0.205973000967705 0.230277974061037 0.256998336332021 0.309199826233699 0.340743846165121 0.343406315312199 0.365144898066922 0.391439648224968 0.37630529041756 0.368607633704554 0.373514203632342 0.378295582746774 0.383061340830169 0.393516827362049
-9999 -9999 -9999 -9999 -9999 -9999 -9999 -9999 -9999 -9999 -9999 -9999 -9999 -9999 -9999 -9999 -9999 -9999 -9999 -9999 -9999 0.542148078449452 0.518873586376705 0.482877558417162 0.310257390087363 0.15218133864723 0.0437406665372607 0.0244751838218089 0.064494841062681 0.0713906990963677 0.0693992346348937 0.0482039909050895 0.0504623988374475 0.071545140028415 0.0459053229350017 0.0174177485805562 0.0057371537009474 0.00124321103241512 0.00368648320134601 0.0480999753798474 0.0977590895794087 0.126508123987 0.156393703429028 0.187597944690794 0.225070754676357 0.264526795851551 0.306029878763339 0.33341385447297 0.341057672637856 0.372032561988178 0.408267886112681 0.388263979771998 0.375212160714784 0.373943211862395 0.376322799437403 0.380402352525596 0.391985246004717
-9999 -9999 -9999 -9999 -9999 -9999 -9999 -9999 -9999 -9999 -9999 -9999 -9999 -9999 -9999 -9999 -9999 -9999 -9999 -9999 -9999 -9999 0.529874563542131 0.510892504368297 0.331650154296058 0.165676875460764 0.0483036170482053 0.0182425827459844 0.0462281582847464 0.0648445999114051 0.0760705732218043 0.0661404935920716 0.0669420832183122 0.0763571084581434 0.0473203851805555 0.0171002629156809 0.00563257852874227 0.00407825947096693 0.0120932284531317 0.0460108290815301 0.0818943712228843 0.0973685710062999 0.105559779533308 0.105300990733034 0.179330166372221 0.269209738668274 0.313676004212729 0.343843525146697 0.354019734501137 0.378476958698746 0.406218238499546 0.400680065434519 0.391486786500252 0.376098585625839 0.374621252225578 0.379459354911893 0.389781280736417
-9999 -9999 -9999 -9999 -9999 -9999 -9999 -9999 -9999 -9999 -9999 -9999 -9999 -9999 -9999 -9999 -9999 -9999 -9999 -9999 -9999 -9999 0.532019879652956 0.531098880041471 0.3650633678829 0.205972296150195 0.0798808392598036 0.0329225331492575 0.0385732537312464 0.0652838263780033 0.0853956216646892 0.0782207762354567 0.07611048294592 0.0780650925830795 0.0476205926238228 0.0185117214239006 0.0150966987109633 0.0138968289069693 0.0148352275450583 0.0580842463876131 0.100752320083563 0.0877010366699065 0.104117690264886 0.154724140359269 0.232278738599653 0.311273882178911 0.334562252360878 0.349624610864252 0.353186046244418 0.380070551157369 0.413141766132888 0.4065599049228 0.395272022965089 0.376008057078987 0.375259414299995 0.382928013846524 0.399485187551759
-9999 -9999 -9999 -9999 -9999 -9999 -9999 -9999 -9999 -9999 -9999 -9999 -9999 -9999 -9999 -9999 -9999 -9999 -9999 -9999 -9999 -9999 0.545190950947313 0.547569529975654 0.405274132840027 0.261527844352861 0.12756993060393 0.0589697079010802 0.0338203585543499 0.0662506811544028 0.0928993519574223 0.0844747081949695 0.0798362810160167 0.0782367410766174 0.0485089792073685 0.0221918999390251 0.0277286797844155 0.0255776171756102 0.0160055450097922 0.0742767657880245 0.130006666015001 0.0868918415538364 0.119583454077202 0.240228514209961 0.311670694577708 0.363290697895725 0.360099204470897 0.355645286047008 0.349426350330375 0.380574862466737 0.422227593407401 0.410918475538018 0.39663367190243 0.377305473711522 0.378494880309228 0.389034316144847 0.412560898377516
-9999 -9999 -9999 -9999 -9999 -9999 -9999 -9999 -9999 -9999 -9999 -9999 -9999 -9999 -9999 -9999 -9999 -9999 -9999 -9999 -9999 -9999 0.54318427092967 0.542459344635739 0.481838822735654 0.399436221024885 0.267326039271583 0.142569675834404 0.0227022523708319 0.0458683977012748 0.0672018665666959 0.0418096501527181 0.0452166035537032 0.0717383016425168 0.0611492333078175 0.0471227646211207 0.0414604941592865 0.0324791694950534 0.0202939897696643 0.0850278737607664 0.149612307861419 0.118252404141009 0.14762576446207 0.247464116537182 0.325100303462274 0.389534702931485 0.390476030576284 0.383204316430807 0.364449812577714 0.386933419508454 0.42231223574184 0.422501306378769 0.417796482908562 0.404797154966633 0.404619662012044 0.410255859400598 0.419925512169318
-9999 -9999 -9999 -9999 -9999 -9999 -9999 -9999 -9999 -9999 -9999 -9999 -9999 -9999 -9999 -9999 -9999 -9999 -9999 -9999 -9999 -9999 0.553278816485659 0.547690551509805 0.533989608884106 0.487930954718686 0.360501370592672 0.199462457887609 0.0160795079881657 0.0316406307988851 0.0511076789378587 0.0263976835376913 0.0311050085700123 0.0594232173731472 0.0619802764782869 0.0583665717918703 0.0445084147965559 0.0310535893423885 0.0179880964271395 0.0809954441865261 0.147224123720717 0.138448751640118 0.169409265361309 0.246472831660922 0.327178004986655 0.402001587010134 0.413976532494642 0.411842707610403 0.38998317727935 0.403479075426112 0.428685991843933 0.435421155269058 0.43689000546219 0.429433149929781 0.425276551638888 0.422639339910634 0.424240287140143
-9999 -9999 -9999 -9999 -9999 -9999 -9999 -9999 -9999 -9999 -9999 -9999 -9999 -9999 -9999 -9999 -9999 -9999 -9999 -9999 -9999 -9999 0.561337183092597 0.568211883529045 0.548368590428764 0.499975707833242 0.381609570067597 0.215035399532343 0.0164117319433581 0.0269347821850527 0.0498711679170119 0.0531501513735688 0.0487223534643062 0.038108950734474 0.0445407795339337 0.0484345413221824 0.0310268221350324 0.0167447430024073 0.00547981788335749 0.054090765366113 0.110808341770242 0.141372459940349 0.181509491869377 0.232753374380714 0.311692680493991 0.393153292402742 0.426838376364925 0.442151024480622 0.431776865852973 0.435785631862027 0.444789907400362 0.450409562512074 0.4527820425055 0.44965098933097 0.437473829348396 0.421349071946673 0.423836524788465
-9999 -9999 -9999 -9999 -9999 -9999 -9999 -9999 -9999 -9999 -9999 -9999 -9999 -9999 -9999 -9999 -9999 -9999 -9999 -9999 -9999 -9999 0.585266819568282 0.584213743660055 0.563986827003748 0.518411678939045 0.410286115055073 0.236006232937196 0.0177458665406565 0.0195392833283103 0.0363550387958914 0.0388133315973431 0.0395581151413773 0.0389276045620074 0.0363659470086153 0.0313847714277646 0.0173362606843396 0.00727894240593318 0.0010742885913537 0.0452047858130037 0.0958418310473061 0.122672820237578 0.164961806962172 0.225185737345425 0.29148955114972 0.357352925982332 0.403679124048842 0.432547371042323 0.437007367595052 0.447738883151536 0.460552535445208 0.470174885872726 0.473216954317608 0.465106313460794 0.451398211528282 0.435313909696573 0.440000124189574
-9999 -9999 -9999 -9999 -9999 -9999 -9999 -9999 -9999 -9999 -9999 -9999 -9999 -9999 -9999 -9999 -9999 -9999 -9999 -9999 -9999 -9999 0.56055237803656 0.594188551163956 0.578531305361806 0.53821639632132 0.439908272150173 0.25839297379526 0.0215601706461477 0.0121451140923309 0.018056096082895 0.00848745768710713 0.0197213123261104 0.04765163142777 0.0315433126886837 0.0118035493324547 0.00388791791452332 3.43170513680012e-05 0.000101760063327384 0.0434762596179285 0.089118340115061 0.0946216855869563 0.136098571986915 0.219313298512331 0.269987775691532 0.312835487480932 0.367528686916071 0.407853373415841 0.428089204085934 0.45192532188817 0.476528698134202 0.491659365591886 0.495060514794314 0.478581678960384 0.466175046668694 0.455726991234912 0.462177200059527
-9999 -9999 -9999 -9999 -9999 -9999 -9999 -9999 -9999 -9999 -9999 -9999 -9999 -9999 -9999 -9999 -9999 -9999 -9999 -9999 -9999 -9999 0.533779382606777 0.526008787799602 0.539564021583339 0.516190567342407 0.397103628898235 0.25426150204231 0.0956265332620549 0.0419282196094257 0.00713499220682399 0.00335387805731858 0.0077930140108436 0.0188298742606754 0.0124645598460442 0.00466425478205717 0.00153633786027392 0.00123206897599076 0.0036534437552939 0.0356448136118841 0.065734322633353 0.0480541967637315 0.085208227375132 0.185982885747246 0.26959067077272 0.344876389114987 0.388236547718628 0.422566656156681 0.444271701950654 0.473786463690626 0.504455899592329 0.505479470417703 0.501943781807516 0.490680750319016 0.486008505138976 0.484146182015558 0.459504209594183
-9999 -9999 -9999 -9999 -9999 -9999 -9999 -9999 -9999 -9999 -9999 -9999 -9999 -9999 -9999 -9999 -9999 -9999 -9999 -9999 -9999 -9999 0.473341994943503 0.476453109947548 0.511098686944107 0.499401821216189 0.367148107246783 0.252198929839156 0.148754094378096 0.0636877961697687 0 0 0 0 0 0 0 0.00159935127224316 0.00474254285430685 0.0284178832741183 0.0478309841386861 0.0167130597363416 0.0507901222879854 0.160508833458766 0.270942329000372 0.374187781355322 0.410164845956558 0.440419548166362 0.462673720773432 0.492900424158419 0.523775440042577 0.514917924256346 0.505092604828459 0.493626985987113 0.486074352012138 0.480074899018206 0.444525699289979
-9999 -9999 -9999 -9999 -9999 -9999 -9999 -9999 -9999 -9999 -9999 -9999 -9999 -9999 -9999 -9999 -9999 -9999 -9999 -9999 -9999 -9999 0.469272465898431 0.466089699994969 0.502424455106609 0.492482447312662 0.36140697505158 0.254035234228683 0.162422125883513 0.0703268951587153 0 0 0 0 0 0 0 0.000401599347620391 0.0011908591623403 0.0223301730542124 0.0402560789488983 0.0140662431338027 0.0474142343630692 0.149840226881223 0.275589561292297 0.398355366451553 0.434393079418541 0.464189087550079 0.485258464809321 0.506837274407101 0.526873696078779 0.516099081856094 0.501203804263697 0.47932454622581 0.448887796681058 0.414774762396435 0.406357226348292
-9999 -9999 -9999 -9999 -9999 -9999 -9999 -9999 -9999 -9999 -9999 -9999 -9999 -9999 -9999 -9999 -9999 -9999 -9999 -9999 -9999 -9999 0.468555302874818 0.467724725458205 0.495611616161307 0.484361849393238 0.371106356756473 0.282987642824577 0.211580274881266 0.107168238071687 0.0216905017082853 0.00668238529845149 0 0 0 0 0 0.000957045348895698 0.00283791851072654 0.0138792688267747 0.023394612417971 0.0125822189818368 0.0574999824491438 0.167077946691621 0.302859585653988 0.435001880615527 0.467089275912467 0.49139075332059 0.504806610019476 0.506323652957584 0.503228343091575 0.494371352703077 0.479309963841725 0.453732938607614 0.423428472602959 0.391232684680948 0.392668095112997
-9999 -9999 -9999 -9999 -9999 -9999 -9999 -9999 -9999 -9999 -9999 -9999 -9999 -9999 -9999 -9999 -9999 -9999 -9999 -9999 -9999 -9999 0.471601802655583 0.475482902337848 0.489737710521963 0.475635323922909 0.38859432131385 0.325618095144559 0.278640530138043 0.159244351061306 0.0543222370283541 0.0167355335058299 0 0 0 0 0 0.00239684839884258 0.00710735436552644 0.00423631021285418 0.0018487712031353 0.0116847365343847 0.0743761176997893 0.198392318133387 0.341541114291376 0.477943079890583 0.504056925551852 0.520323669805726 0.522823018546706 0.498520850797689 0.466092842302235 0.461087805933717 0.448333929290883 0.422446791302597 0.403884658386452 0.388754420233263 0.391326958399654
-9999 -9999 -9999 -9999 -9999 -9999 -9999 -9999 -9999 -9999 -9999 -9999 -9999 -9999 -9999 -9999 -9999 -9999 -9999 -9999 -9999 -9999 0.453387980374012 0.451282805886004 0.463457410789744 0.450900675712489 0.37424431685625 0.306437250996769 0.244513341398459 0.193730224367548 0.133804894838456 0.0412224610640428 0 0 0 0 0 0.00100676751300206 0.00298535922508103 0.0016919237092233 0.000613918797470578 0.00485120594659265 0.0692467611670879 0.203440176431672 0.35094489792835 0.487366334145204 0.48888559407385 0.488924312865828 0.486893062581797 0.472404887824256 0.453692985283219 0.43974822191781 0.423205515432118 0.402259638310378 0.392208962295134 0.387136386388004 0.390780704132227
-9999 -9999 -9999 -9999 -9999 -9999 -9999 -9999 -9999 -9999 -9999 -9999 -9999 -9999 -9999 -9999 -9999 -9999 -9999 -9999 -9999 -9999 0.439297447357508 0.436479594103737 0.442572221738748 0.428887214722788 0.364175406919294 0.286306620488767 0.19969085718494 0.210456809977111 0.195373267281291 0.069152102179027 0.00868013395901706 0.000979683429543782 0 0 0 0 0 0 0 0 0.0605459950494417 0.191339705403407 0.342263350972483 0.482228599658724 0.471014808793974 0.462493896477032 0.457737942242886 0.450190175249269 0.441086537134423 0.422175571819475 0.404058986241557 0.387288769452338 0.382799735656095 0.383888066212689 0.390067531167864
-9999 -9999 -9999 -9999 -9999 -9999 -9999 -9999 -9999 -9999 -9999 -9999 -9999 -9999 -9999 -9999 -9999 -9999 -9999 -9999 -9999 -9999 0.442670075285536 0.445068284698784 0.435063756881341 0.413854186242822 0.365360211241159 0.266492787017516 0.134136261088737 0.186613249672051 0.213378747457505 0.104496120339805 0.0375407753657587 0.00423704008851771 0 0 0 0 0 0 0 0 0.0444409464279035 0.140443931764931 0.292731067656201 0.444607107344866 0.448997896287201 0.450080351570466 0.446537370789994 0.437793592487264 0.426989344346432 0.412872788909894 0.398580912274704 0.383991889351843 0.378338431639628 0.376814341312099 0.388933817120609
-9999 -9999 -9999 -9999 -9999 -9999 -9999 -9999 -9999 -9999 -9999 -9999 -9999 -9999 -9999 -9999 -9999 -9999 -9999 -9999 -9999 -9999 0.563638693052934 0.463293024951853 0.426250055066702 0.391367570932029 0.356074338017827 0.265266415486276 0.13755140965114 0.191095271513276 0.222799237412566 0.132358629717173 0.061716737868361 0.00696566040346885 0 0 0 4.98095253043502e-05 0.000147699765778939 8.37074257156882e-05 0.00389950685540196 0.0308140277242633 0.077481803718124 0.147068040978092 0.2832511336513 0.423661522193823 0.432479183445299 0.436503320782595 0.433825552970679 0.425173465611162 0.414506761502237 0.406324080439329 0.395164152426621 0.378958183858494 0.374284128606087 0.374912729704246 0.389451616123041
-9999 -9999 -9999 -9999 -9999 -9999 -9999 -9999 -9999 -9999 -9999 -9999 -9999 -9999 -9999 -9999 -9999 -9999 -9999 -9999 -9999 0.628520697794622 0.570624247196211 0.481082346647536 0.416632244240143 0.364289071895765 0.340337861225271 0.275491103145375 0.183456309153039 0.213027654184013 0.226930827167684 0.155612053669734 0.0830066401012946 0.00936854548942369 0 0 0 0.000130304887348742 0.000386391984739097 0.000218983951593357 0.0102013580415395 0.0806114570824963 0.140799665979479 0.189128057755252 0.298445995170235 0.412989356866869 0.419347711422287 0.42220950866455 0.420182711235943 0.412415621337686 0.403018881113675 0.401472057052374 0.393017293227702 0.372854483416883 0.370480564073643 0.37619746896266 0.390986852242313
-9999 -9999 -9999 -9999 -9999 -9999 -9999 -9999 -9999 -9999 -9999 -9999 -9999 -9999 -9999 -9999 -9999 -9999 -9999 -9999 0.579708958437577 0.576474140295657 0.538121102450196 0.480572900609633 0.436064662699237 0.385007435827389 0.316114206578694 0.245998905053271 0.175071149677685 0.168271404153648 0.151699312638629 0.0853177535154805 0.0373700768769328 0.00421777420140807 0 0 0 5.99817599076967e-05 0.000177863407355171 0.000100802380289524 0.0173975066286997 0.137475653068071 0.227590218450786 0.282939922675413 0.32561453426666 0.363327380295802 0.388236810419204 0.40033912681886 0.394535605478177 0.381202191446484 0.366030278953128 0.366496752364211 0.36615169722149 0.364431208309445 0.373567127699238 0.387573863308566 0.397795493399027
-9999 -9999 -9999 -9999 -9999 -9999 -9999 -9999 -9999 -9999 -9999 -9999 -9999 -9999 -9999 -9999 -9999 -9999 -9999 -9999 -9999 0.533022868216321 0.510592486708518 0.475901949214747 0.448139484941728 0.399173924187171 0.295748218307955 0.217737262035669 0.156622451402457 0.125371198645594 0.0889635494871168 0.0274077899712061 0 0 0 0 0 0 0 0 0.0223720600078168 0.176784732760443 0.28886530471083 0.351830598879927 0.339691787284877 0.314069813111057 0.357497744327804 0.378418804311818 0.367872634986487 0.353077809384182 0.337714028197519 0.339535228951504 0.345744739765612 0.359391856833586 0.37611156709275 0.394141513562581 0.401588447666543
-9999 -9999 -9999 -9999 -9999 -9999 -9999 -9999 -9999 -9999 -9999 -9999 -9999 -9999 -9999 -9999 -9999 -9999 -9999 -9999 -9999 -9999 0.50539713853372 0.462671542849416 0.432971571147535 0.384756493363602 0.288335839486684 0.200906510919382 0.1194547640426 0.101050038007812 0.078416918251468 0.0241585957171899 0 0 0 0 0 0 0 0 0.0206743018765706 0.163368993779797 0.270904026469274 0.337645514868423 0.313128743939647 0.273684098642376 0.33139172913244 0.357846665489422 0.340606692738372 0.337625512139861 0.33978484213799 0.341946747801127 0.349097733143902 0.364704549938404 0.375712001718605 0.384658177384654 0.395523542892314
-9999 -9999 -9999 -9999 -9999 -9999 -9999 -9999 -9999 -9999 -9999 -9999 -9999 -9999 -9999 -9999 -9999 -9999 -9999 -9999 -9999 -9999 0.526583169365147 0.373950321607332 0.370631881042863 0.347172144715779 0.258689353475345 0.172190491754603 0.0870105791724846 0.0673235847453217 0.0487381239139546 0.0150151862366702 0 0 0 0 0 0 0 0.0082109929642461 0.0373074179572522 0.179522576216152 0.278152419047007 0.326212957877707 0.306803720301792 0.277205451506897 0.327151131139379 0.348193287978291 0.328824951053396 0.329755672159783 0.337807887404562 0.342353896757845 0.351011354665556 0.366637175123293 0.374661626583186 0.379267327498495 0.385362723867936
