layers/veg/veg_600.asc
NCOLS 255 
NROWS 330 
XLLCORNER -2985163.8955 
YLLCORNER -3022031.214 
CELLSIZE 25000 
NODATA_value -9999 
[rows 175 to 199 of 330, columns 57 to 113 of 255]
-9999 -9999 -9999 -9999 -9999 -9999 -9999 -9999 -9999 -9999 -9999 -9999 -9999 -9999 -9999 -9999 -9999 -9999 -9999 -9999 -9999 0.631365261738045 0.47051029450542 0.221734085777019 0.268049133578765 0.287837970291257 0.212824817795488 0.135318182480249 0.0561538385698888 0.0247957407387452 0.00351450400326623 0.00108274442881163 0 0 0 0 0 0 0 0.0374130869675886 0.0985633767902293 0.253573530301688 0.338844993956009 0.343203035891947 0.354190014262884 0.368771028906859 0.39914418890795 0.420611905492071 0.42962877419043 0.430593167424901 0.426904488850792 0.391975053706607 0.369106717086932 0.366680350288299 0.373652735369676 0.384715032282983 0.374827747548494
-9999 -9999 -9999 -9999 -9999 -9999 -9999 -9999 -9999 -9999 -9999 -9999 -9999 -9999 -9999 -9999 -9999 -9999 -9999 -9999 -9999 -9999 0.475208413451173 0.233698254628395 0.243633358451796 0.239648008198459 0.176918986729924 0.105560918238391 0.028466116649664 0.0100733774574065 0 0 0 0 0 0 0 0 0 0.032771123290195 0.0892964218091278 0.245518638259952 0.328572248881458 0.326732921707005 0.35059616758351 0.380667752902602 0.40162157410925 0.415006385603505 0.417808839301262 0.403429701246727 0.38304227784241 0.365970888102154 0.358073188625816 0.365723683133755 0.368534166359253 0.369088406727865 0.359531298241676
-9999 -9999 -9999 -9999 -9999 -9999 -9999 -9999 -9999 -9999 -9999 -9999 -9999 -9999 -9999 -9999 -9999 -9999 -9999 -9999 -9999 -9999 0.276656532112526 0.260209159002657 0.234070527506816 0.19954461596096 0.144633524232281 0.0788849915525801 0.00593154898805334 0 0 0 0 0 0 0 0 0.00480224962434594 0.0142400703558993 0.0387298604469722 0.0840099824442718 0.233392968098745 0.314105373136394 0.315143616521768 0.347085855129465 0.385193699703731 0.400510955586436 0.405580713412245 0.396323274540253 0.370452850018604 0.340316683681971 0.340943039411988 0.346573205621525 0.360684170043988 0.359218448435592 0.350732513604407 0.343276354208534
-9999 -9999 -9999 -9999 -9999 -9999 -9999 -9999 -9999 -9999 -9999 -9999 -9999 -9999 -9999 -9999 -9999 -9999 -9999 -9999 -9999 -9999 0.293481804974897 0.303056180932114 0.248785458050595 0.189463595924435 0.12326628957652 0.062250999618487 0.00468079981407146 0 0 0 0 0 0 0 0 0.027787898936725 0.0823992226258909 0.0980098704479455 0.120388164224954 0.230909246361343 0.301359419106185 0.325317832443454 0.354785013332446 0.383647545579179 0.392936424509462 0.381844850166031 0.342259026668167 0.327580398692494 0.322681033160174 0.33206388972596 0.338227640422771 0.338935431623803 0.335879624543776 0.331122503602496 0.325902880613598
-9999 -9999 -9999 -9999 -9999 -9999 -9999 -9999 -9999 -9999 -9999 -9999 -9999 -9999 -9999 -9999 -9999 -9999 -9999 -9999 -9999 -9999 0.358553383909547 0.34962223061485 0.272844086920292 0.193890807251199 0.115734219967376 0.0543385612388263 0.00408584486839427 0 0 0 0 0 0 0 0 0.0364648078589848 0.108128787556939 0.131329966416947 0.153391679255476 0.228622148333954 0.286241472770784 0.323427692194425 0.350018634827937 0.370481813635486 0.362214264277288 0.342534779593131 0.306900079186093 0.302350711115236 0.309255899251777 0.320590515413082 0.326071698138636 0.321632083898646 0.318197339565365 0.315190596834734 0.308652866176365
-9999 -9999 -9999 -9999 -9999 -9999 -9999 -9999 -9999 -9999 -9999 -9999 -9999 -9999 -9999 -9999 -9999 -9999 -9999 -9999 -9999 -9999 0.376942240173169 0.396451053780456 0.305290641340852 0.211342193835459 0.120622107675667 0.0542555432182866 0.00407960254718677 0 0 0 0 0 0 0 0 0.032296626439875 0.0957689143085008 0.141345604278292 0.183365724318973 0.226511561253687 0.268994166714086 0.310707266350844 0.334061827201383 0.346885077791653 0.310712260426428 0.289243597150686 0.288333055159287 0.292959097893004 0.29961058556573 0.306788281341122 0.310495144636327 0.308319405060022 0.305592982579297 0.302560557809305 0.291513682181988
-9999 -9999 -9999 -9999 -9999 -9999 -9999 -9999 -9999 -9999 -9999 -9999 -9999 -9999 -9999 -9999 -9999 -9999 -9999 -9999 -9999 -9999 0.406138875636581 0.406143331994308 0.306021143840265 0.20548966987648 0.113242364336496 0.0491191842206304 0.00369338757251038 0 0 0 0 0 0 0 0 0.0157501152743599 0.0467036841407333 0.107718770683562 0.172612532130031 0.223246105192561 0.256010008285652 0.268040855665085 0.286612826704619 0.303299507670197 0.286116541259713 0.278118460123136 0.282961919159132 0.288433081532114 0.29380676733613 0.293400989754436 0.290851805310119 0.284669829183442 0.282108009384738 0.28114862776063 0.27589500744468
-9999 -9999 -9999 -9999 -9999 -9999 -9999 -9999 -9999 -9999 -9999 -9999 -9999 -9999 -9999 -9999 -9999 -9999 -9999 -9999 -9999 -9999 0.387865583176171 0.401652038736325 0.296860624302906 0.193300749077925 0.103907605913408 0.0438507881429532 0.00329724441766982 0 0 0 0 0 0 0.000609478357461885 0.00380375764419898 0.00720547598686953 0.0108074335027219 0.0757717633278839 0.151862946820807 0.217789008490505 0.245596313463867 0.229176819191796 0.242666564012897 0.262936430251462 0.268550989688419 0.274317876805374 0.280297735773774 0.283722168383138 0.285697776036706 0.278255695817921 0.270067302760048 0.260614007960207 0.258630216731993 0.260017741902417 0.261594700271953
-9999 -9999 -9999 -9999 -9999 -9999 -9999 -9999 -9999 -9999 -9999 -9999 -9999 -9999 -9999 -9999 -9999 -9999 -9999 -9999 -9999 -9999 0.374717547312203 0.368169420914856 0.266789711709584 0.17052904952916 0.0960908495648103 0.0426648354563127 0.00320806983173312 0 0 0 0 0 0 0.00434848095940572 0.0271388926078932 0.0514093318470571 0.0771084292514334 0.0935629753122011 0.118150761529893 0.202166292644897 0.244365296313424 0.238047209583401 0.246372748986807 0.257950248011655 0.261737001233918 0.268405236010551 0.279102117856093 0.273478294383091 0.262133455922596 0.253692594008456 0.247254255378407 0.244209929363057 0.245439211104627 0.248602795107852 0.252631520011265
-9999 -9999 -9999 -9999 -9999 -9999 -9999 -9999 -9999 -9999 -9999 -9999 -9999 -9999 -9999 -9999 -9999 -9999 -9999 -9999 -9999 -9999 0.326365064599262 0.333621182885994 0.227384353523637 0.131133724849126 0.0707963542230794 0.0300235302196398 0.00225754020868966 0 0 0 0 0 0.000538419629492594 0.00742971840266083 0.0409307549665651 0.0754647202741775 0.11099576299648 0.106631013905336 0.10874610209388 0.198411573275541 0.24653996100372 0.246475479647202 0.249974592266674 0.254327547871484 0.257353284096645 0.261897648841428 0.268565233262924 0.258602955536225 0.243133475948996 0.236374193411687 0.231744026507526 0.230722429538339 0.234242370304221 0.239793229105919 0.242830501498584
-9999 -9999 -9999 -9999 -9999 -9999 -9999 -9999 -9999 -9999 -9999 -9999 -9999 -9999 -9999 -9999 -9999 -9999 -9999 -9999 -9999 -9999 0.313330888898834 0.300428519882138 0.177908434757125 0.073803834876294 0.0266458242518581 0.00502350258407459 0.000377729034162221 0 0 0 0 0 0.00165771869555866 0.00980131928393389 0.0444267616204653 0.0777827318129984 0.109913291239234 0.114603409345761 0.125565861586273 0.20746076135822 0.25238887982673 0.254426763745326 0.253463865459703 0.252175854118208 0.255591489631105 0.254748197788142 0.247950429095291 0.2387309142228 0.229057780276932 0.226871811637522 0.224112516891226 0.220381510078175 0.225196954299029 0.233794504395767 0.232125572754738
-9999 -9999 -9999 -9999 -9999 -9999 -9999 -9999 -9999 -9999 -9999 -9999 -9999 -9999 -9999 -9999 -9999 -9999 -9999 -9999 -9999 -9999 0.338224342455365 0.27608888921004 0.179230967204254 0.0915044258587817 0.030187087932354 0.00366508132137223 0.000275586128299555 0 0 0 0.0158532311361042 0.0444305578813045 0.0510301229654994 0.0603602614571687 0.0948576389377648 0.114094255891998 0.11859978927003 0.14345099273481 0.175269620127238 0.223065519073146 0.249378015381712 0.250764668932088 0.248179843110279 0.244328512070867 0.239089039317825 0.233613945107718 0.22780942463738 0.225637937454331 0.224819411483115 0.224772650384351 0.222003315281801 0.214619576648111 0.215881253772363 0.221023234966353 0.223355352630717
-9999 -9999 -9999 -9999 -9999 -9999 -9999 -9999 -9999 -9999 -9999 -9999 -9999 -9999 -9999 -9999 -9999 -9999 -9999 -9999 0.373894602037247 0.37666647901007 0.330546242110398 0.257702209079484 0.191336566302602 0.121594280705619 0.0426786063974807 0.00717772289278836 0.000539709951453416 0.000116895133845935 0.000306995166063914 0.000699777860272237 0.0348554177345115 0.0961097492954314 0.107676526171962 0.117428746796599 0.150202746999796 0.155155756235295 0.13325339725963 0.17566186092276 0.225222693000318 0.237516950900279 0.243661084592651 0.242669615441773 0.239294520807209 0.234273410719981 0.220353766617601 0.211748450173036 0.210573183214438 0.215351542230787 0.221938889884111 0.222504777580325 0.219132046674563 0.20908387717301 0.206460241633109 0.207237737633844 0.215181525424324
-9999 -9999 -9999 -9999 -9999 -9999 -9999 -9999 -9999 -9999 -9999 -9999 -9999 -9999 -9999 -9999 -9999 -9999 -9999 -9999 0.372636523672063 0.371579307074234 0.334872433580083 0.278679919405094 0.188427000954935 0.102830857895866 0.0322253861798204 0.00259098250201832 0.000194822099051211 0.00111525324063201 0.00292892734322361 0.006676321765624 0.0475411110341794 0.118197005770659 0.127673781349424 0.132208310316338 0.153604262769334 0.167575060759948 0.174378419699107 0.193649556243663 0.21469965172837 0.230840616085424 0.234339023309057 0.223169065540018 0.219889440573055 0.218370754533764 0.212733493186319 0.210887530572378 0.214342245489032 0.213373776828514 0.210643415123702 0.204926397399144 0.200042666657486 0.196571247350155 0.196757639099727 0.198646723242549 0.207836196125686
-9999 -9999 -9999 -9999 -9999 -9999 -9999 -9999 -9999 -9999 -9999 -9999 -9999 -9999 -9999 -9999 -9999 -9999 -9999 -9999 0.336677128915999 0.34646319576484 0.316031178195121 0.263616476636862 0.169772330724083 0.0848539661383851 0.0264474765468415 0.00200824369323163 0.000151004590504554 0.00591645659097437 0.0121257677446389 0.0175910162984428 0.0578022137192001 0.125901150340644 0.14252147393353 0.152498389695993 0.166125149441254 0.182609833757936 0.201853248587643 0.200078786089929 0.197427029568458 0.215572906237755 0.219036870911514 0.205466335233163 0.20195868917475 0.201552301022337 0.203681726479262 0.206283477672551 0.209545595297992 0.206334423770844 0.200560199792857 0.190691040707601 0.185245653405914 0.187297975298054 0.18911458252791 0.190858096538779 0.197231933678741
-9999 -9999 -9999 -9999 -9999 -9999 -9999 -9999 -9999 -9999 -9999 -9999 -9999 -9999 -9999 -9999 -9999 -9999 -9999 -9999 0.328755197302153 0.314430033683029 0.267112903069865 0.201762790650744 0.130676658368323 0.0678981843087251 0.0267392650394141 0.00662367952047821 0.000498050120607475 0.0156546843867522 0.029858449220483 0.034916639702048 0.0649156040025737 0.114932493224068 0.150683773140195 0.179942468190774 0.190485212884393 0.201040125364259 0.211606783305683 0.191502297074327 0.171391798439175 0.189151487564101 0.19597109571982 0.190097615047686 0.185941977669478 0.183544918303418 0.192771530926603 0.1968199210546 0.193628552577948 0.192723890350324 0.192050794084717 0.180795747214257 0.176021183419408 0.18223018295324 0.184145320998366 0.18411116555869 0.182396777890423
-9999 -9999 -9999 -9999 -9999 -9999 -9999 -9999 -9999 -9999 -9999 -9999 -9999 -9999 -9999 -9999 -9999 -9999 -9999 -9999 0.19121833626774 0.198073803006555 0.176258370386448 0.138771795557899 0.100096490781019 0.0653662936709686 0.0407597624753437 0.026141005146196 0.0181622849792526 0.0363627505482743 0.0527937396885595 0.0560487069313486 0.0740841169662041 0.103982582905337 0.139482712040399 0.171502365001943 0.185298298309782 0.195339199657531 0.201755400287397 0.177575144681247 0.154278455104818 0.174009968729059 0.184810337583938 0.185248460107094 0.183126052923266 0.181257483964306 0.188239225884557 0.190059380504578 0.184663034461447 0.183328249067604 0.182949400288276 0.173497461808354 0.169108360259803 0.173300098968019 0.173908465333874 0.17289381993163 0.1709976746237
-9999 -9999 -9999 -9999 -9999 -9999 -9999 -9999 -9999 -9999 -9999 -9999 -9999 -9999 -9999 -9999 -9999 -9999 -9999 -9999 0.0950855468753233 0.0841440079994864 0.080191345341483 0.080058711895531 0.0739428969745381 0.0667173795228954 0.0572324577190498 0.0484825603864369 0.040221319472097 0.0596541353282813 0.0766789515299137 0.0780366186870647 0.0841685210437957 0.0941323125982702 0.122757920772149 0.151734099562863 0.170660136411189 0.181895031110116 0.185705731084048 0.163625861269899 0.143188936605481 0.164446211714175 0.178419342116678 0.18394113691656 0.184390839554648 0.183710984065231 0.18570063296267 0.184419184134838 0.178564359418817 0.176004223732835 0.174365950012233 0.167981353792598 0.164026657879286 0.164190322215585 0.162932934683507 0.161051470671073 0.161543924501223
-9999 -9999 -9999 -9999 -9999 -9999 -9999 -9999 -9999 -9999 -9999 -9999 -9999 -9999 -9999 -9999 -9999 -9999 -9999 -9999 0.099755392307395 0.103027018219002 0.0954887379725531 0.0820419030434587 0.0691334532434151 0.0570435126182959 0.0469808801134503 0.0439366670721583 0.0455584153032126 0.0697342666709177 0.0907061568712237 0.0949111692834521 0.0974149472730783 0.0985532831480446 0.116774368970944 0.137625193897554 0.159068036598947 0.17062087401544 0.17262697264593 0.17227654387128 0.172550935009556 0.179425404452288 0.183351980118935 0.183858299787456 0.182443452024162 0.18079255826935 0.181899017916805 0.181837807315439 0.180144057606464 0.177686667097717 0.175074573106632 0.17461514612048 0.172954321531533 0.16925728660159 0.164850383681963 0.160175495001512 0.16278046434432
-9999 -9999 -9999 -9999 -9999 -9999 -9999 -9999 -9999 -9999 -9999 -9999 -9999 -9999 -9999 -9999 -9999 -9999 -9999 -9999 0.157720086725045 0.133523569896937 0.112003216351204 0.0919456189906211 0.0664868513717604 0.0447239149079541 0.0328441894196162 0.0338474468316901 0.0434155242289157 0.0710859199718177 0.0960733387505396 0.1072441024439 0.105045089712237 0.0921152479121195 0.107345687462457 0.127033678371014 0.148217212454161 0.160751608998312 0.164937065938246 0.175738703587219 0.186110753994675 0.185770600303196 0.184699480593359 0.182780266922674 0.180090648166346 0.177522320455183 0.178025791846283 0.178564430648531 0.179152237590562 0.176932715473144 0.173946793254363 0.175346005035146 0.17418815721406 0.168696430923629 0.163838229468249 0.159279674554083 0.156646119536934
-9999 -9999 -9999 -9999 -9999 -9999 -9999 -9999 -9999 -9999 -9999 -9999 -9999 -9999 -9999 -9999 -9999 -9999 -9999 0.16567003983342 0.160825356394024 0.146080053777748 0.130427785102103 0.114279780526561 0.0672346064060835 0.0282521159663873 0.0126102150136959 0.0150585475316394 0.0295335662885593 0.0587391285205307 0.0878495082701371 0.112449436126604 0.103861054829331 0.0686351246847017 0.092510230713926 0.121962343368206 0.138529743905648 0.153087176990451 0.165704405425616 0.171058012539046 0.174870684534218 0.178565629815325 0.18042047801431 0.18014037714107 0.177101585256837 0.173699950015762 0.174040179669016 0.174205031695231 0.174124685357415 0.172355093559437 0.16993696865301 0.166812819651356 0.163347324567001 0.159303292933349 0.158228365601622 0.15835270977749 0.138943932583808
-9999 -9999 -9999 -9999 -9999 -9999 -9999 -9999 -9999 -9999 -9999 -9999 -9999 -9999 -9999 -9999 -9999 -9999 0.174828863227401 0.173961902427732 0.16823638028334 0.152581878005704 0.127391059047016 0.0969878129167001 0.0551717124754338 0.0206942790766962 0.00590560764308733 0.0111116514615312 0.0296105124879156 0.0609611335597769 0.0921776376406493 0.119294285021979 0.111371282102719 0.075324809796915 0.106086372699533 0.138249814619816 0.135057265593449 0.142091087354473 0.15899633868744 0.166378205041451 0.171097046179754 0.171868332418417 0.172692460963957 0.173577899119267 0.168487757382309 0.162153060952387 0.159748283702409 0.158710105478959 0.159582591980828 0.156916036246027 0.153008596082284 0.149725182487369 0.147076363732893 0.145503099460496 0.14232683656216 0.13834938693629 0.123514092026069
-9999 -9999 -9999 -9999 -9999 -9999 -9999 -9999 -9999 -9999 -9999 -9999 -9999 -9999 -9999 -9999 -9999 -9999 -9999 0.184005945664018 0.177270452227753 0.156770270899074 0.115915542009379 0.0639352810802445 0.038014427146663 0.0167450542013681 0.00485505439236893 0.0133001320828929 0.0352643054295909 0.0688669686694794 0.101232446539552 0.126287581709738 0.122123376048363 0.0945071886941945 0.131041877890446 0.162791532607264 0.134589144530174 0.130321725412938 0.149158530199371 0.161335812189602 0.169853885910182 0.165005527387508 0.163163166020232 0.164808474352762 0.157211319022929 0.147437327917723 0.141448582871942 0.138986549635662 0.141455270570852 0.137385854223819 0.131210637964809 0.129520079127637 0.128898052764506 0.130087047888578 0.122543883482943 0.111130399973218 0.109366720879443
-9999 -9999 -9999 -9999 -9999 -9999 -9999 -9999 -9999 -9999 -9999 -9999 -9999 -9999 -9999 -9999 -9999 -9999 -9999 -9999 0.180149464171739 0.168411857917573 0.121647147804871 0.0557370764377029 0.0289234621699803 0.00964631957984004 0.00585697186871308 0.015144552053309 0.0331258900618086 0.063363941721424 0.0921603625162658 0.112810813304695 0.119079624985773 0.113805467953005 0.141233286475605 0.164640094497841 0.150777101266079 0.141944184218327 0.137966757336565 0.142282603059278 0.146975050189386 0.143640769914679 0.139217557742466 0.133530926282826 0.133038894410222 0.133839165601592 0.133138761513556 0.133980338019249 0.1369777831231 0.133500882108392 0.127881361489671 0.125678727886102 0.123868261436098 0.122722466541652 0.117395809047867 0.110221435224967 0.108412286105697
-9999 -9999 -9999 -9999 -9999 -9999 -9999 -9999 -9999 -9999 -9999 -9999 -9999 -9999 -9999 -9999 -9999 -9999 -9999 -9999 0.173253769326246 0.1735278408958 0.12813322712618 0.0577767015077757 0.029182675102407 0.00914534696110184 0.00693698598603684 0.0182440273122198 0.0385363314949879 0.0635772743454828 0.0870689960962707 0.104210360961554 0.115620318743876 0.122430143526674 0.142414046804385 0.160275926329791 0.160993950419558 0.153540149318717 0.138198154202577 0.133339551855886 0.130254455207937 0.124680492080218 0.11881211661973 0.112602153020875 0.116799697186941 0.123517433867198 0.12660061400541 0.129353827640375 0.131645709644003 0.129319524387338 0.125364668392514 0.122055396192008 0.119135317620684 0.116874870873617 0.112951642741616 0.108303548573273 0.107180901594061
