layers/veg/veg_5300.asc
NCOLS 255 
NROWS 330 
XLLCORNER -2985163.8955 
YLLCORNER -3022031.214 
CELLSIZE 25000 
NODATA_value -9999 
[rows 200 to 224 of 330, columns 57 to 113 of 255]
-9999 -9999 -9999 -9999 -9999 -9999 -9999 -9999 -9999 -9999 -9999 -9999 -9999 -9999 -9999 -9999 -9999 -9999 -9999 -9999 0.130082062901904 0.127821432465643 0.120886435336507 0.111396489921257 0.106270142442299 0.10275440313908 0.102920206795233 0.100026272903919 0.0950981749142418 0.0925180331856896 0.090397265294688 0.0890876725858214 0.0911829087426959 0.0960109233248869 0.11218767628859 0.126910875776019 0.128453648536241 0.13343566460618 0.141737553270072 0.148765560264349 0.154254577556487 0.152234785851241 0.14608892543875 0.135155846653901 0.132069208266362 0.130630610649378 0.124157661707938 0.122920276520278 0.129002819700284 0.143257999660821 0.159034948021714 0.149383427705342 0.144598746343071 0.148062714539665 0.14733001281983 0.144749991830851 0.148583557173308
-9999 -9999 -9999 -9999 -9999 -9999 -9999 -9999 -9999 -9999 -9999 -9999 -9999 -9999 -9999 -9999 -9999 -9999 -9999 -9999 0.131083419307193 0.130205240347056 0.125856970644108 0.119611994290071 0.119694683866922 0.120841125416683 0.124098269783672 0.116500181017986 0.101685353831011 0.0923784091472448 0.0848339705055635 0.0814007711531253 0.0811201053384484 0.0833697210670716 0.0946163012684204 0.10613637031532 0.113254297388624 0.118720874559105 0.122593417579713 0.131658083478255 0.140702539656116 0.143210907150488 0.141785000641963 0.135794403110362 0.13283194732353 0.130459700783031 0.125727480105242 0.121531504073903 0.118085260561193 0.12920114571037 0.144797239434225 0.146657004692296 0.147316912174886 0.145943219120504 0.144597452903551 0.143235626353307 0.137882962531429
-9999 -9999 -9999 -9999 -9999 -9999 -9999 -9999 -9999 -9999 -9999 -9999 -9999 -9999 -9999 -9999 -9999 -9999 -9999 -9999 0.132689224294854 0.136698481383322 0.133064335122366 0.12525240359748 0.131260091344851 0.138410143302475 0.147172833013949 0.134282901856077 0.106997950431062 0.0902898217245822 0.0769682680581841 0.0715480775398023 0.0711319028262126 0.0747320434607666 0.0763181564278527 0.0803532279296637 0.0960194366911018 0.10330041363459 0.102487196943192 0.113851997866843 0.126795570898361 0.134006610595593 0.138969931843478 0.141325366548489 0.135023767895585 0.127283874169615 0.128558093290045 0.123828198633877 0.110703853098511 0.111519665016343 0.118312211657586 0.142085018597617 0.153285455234663 0.143177383878817 0.141122237449486 0.142567615383295 0.125541820086904
-9999 -9999 -9999 -9999 -9999 -9999 -9999 -9999 -9999 -9999 -9999 -9999 -9999 -9999 -9999 -9999 -9999 -9999 -9999 0.138746846343074 0.137978698055421 0.135640758105929 0.131548940735029 0.126498476683989 0.127381371213204 0.129308480976005 0.1333334224822 0.123177123845609 0.103592902349221 0.0875545576315754 0.0743460918755008 0.0692503611075205 0.0660177309178492 0.0642804596038696 0.0680633795656875 0.072959090772083 0.0791615203978881 0.0893402118260504 0.103357155275152 0.112458639524339 0.120086536628908 0.12509216412688 0.129707234476082 0.133869165895538 0.132723376992454 0.130048269354778 0.127004843986095 0.122069874442842 0.11449030567145 0.111060550649175 0.109854250325391 0.121633012045974 0.132765211384045 0.142801572836052 0.142634858455501 0.137853643726154 0.13150442577442
-9999 -9999 -9999 -9999 -9999 -9999 -9999 -9999 -9999 -9999 -9999 -9999 -9999 -9999 -9999 -9999 -9999 -9999 0.133076035117328 0.135264295512522 0.135466270546734 0.131609062936362 0.128382364684478 0.125500294680804 0.123064295159913 0.121289620124674 0.121151902175662 0.113143882690693 0.0999035566502139 0.0849569913904103 0.0721104303495318 0.066521971154933 0.0624444463813104 0.0595796254323226 0.0626146266585617 0.0656489949361025 0.0650333522973955 0.0758711031894518 0.0977647183709272 0.106309387079236 0.111877700042781 0.116377083742084 0.120736421260565 0.12493327199141 0.127755154620124 0.129516621443242 0.125135114995953 0.121067337818921 0.117438190728948 0.110793194289551 0.103648837612956 0.106998346924369 0.11664263347449 0.13695573647465 0.140062041758489 0.135441691540458 0.135889614761493
-9999 -9999 -9999 -9999 -9999 -9999 -9999 -9999 -9999 -9999 -9999 -9999 -9999 -9999 -9999 -9999 -9999 -9999 0.133033646718222 0.131196605117136 0.128653012129241 0.124665507212484 0.12174913436023 0.119418228419799 0.118481550846103 0.117159297250772 0.114728603555894 0.107085518428249 0.0959771493163845 0.0827170422634143 0.070526601846174 0.0623991954314088 0.0622691189229579 0.0685578468507635 0.0632954831043133 0.0576204988137626 0.0573365841288037 0.0634895949304177 0.0758561156781893 0.0881038675122323 0.0997660082851525 0.108118637296653 0.112776825718351 0.113148586762814 0.116707048423859 0.120900448882108 0.122736172643018 0.122052879343968 0.117847706586853 0.110120139812807 0.101867098156669 0.106901507927535 0.112232307098089 0.118065447174938 0.127586909854098 0.138670999432534 0.135634750322693
-9999 -9999 -9999 -9999 -9999 -9999 -9999 -9999 -9999 -9999 -9999 -9999 -9999 -9999 -9999 -9999 -9999 -9999 -9999 0.127359136986767 0.125031100097239 0.11794547543933 0.117011489116983 0.119439908625184 0.116718394831031 0.113422892704497 0.109150084125693 0.102567701385197 0.0944498755652387 0.0801302453391688 0.0668438180531508 0.0586585899918912 0.0608493383663095 0.0713680367385439 0.0623172577844689 0.0525921197214419 0.0521050594402266 0.0551079892796802 0.0614797771821953 0.0726752532415492 0.0846709957546521 0.0954284651071593 0.102608492081817 0.105637837356187 0.109063543718249 0.112704010740377 0.117287492618444 0.119145247288523 0.117192117620146 0.111086776788786 0.103912438123692 0.104376327594622 0.105619413850888 0.108183135797026 0.116952391090949 0.128460200710343 0.131453481449125
-9999 -9999 -9999 -9999 -9999 -9999 -9999 -9999 -9999 -9999 -9999 -9999 -9999 -9999 -9999 -9999 -9999 -9999 -9999 -9999 0.123403757442801 0.111365144586544 0.113458571414538 0.123276388078191 0.116717461965273 0.109932684383463 0.104099545835358 0.0990127156795565 0.0944220436792759 0.0773266709450084 0.0618492017480957 0.0551568383317563 0.0586517832462481 0.0703232496589746 0.0603021178571797 0.0494387929845749 0.0484142948445779 0.0492262950431396 0.0518110516168587 0.0589821855394293 0.0677114284130311 0.0799684950357892 0.0910597124410461 0.10079826822348 0.103547891353251 0.104769903702363 0.109932747681234 0.113804408721715 0.115870845518343 0.113078209561023 0.108349676211816 0.10033345075304 0.0976299315713895 0.103930748202467 0.107468242787161 0.109849428482964 0.124818237010534
-9999 -9999 -9999 -9999 -9999 -9999 -9999 -9999 -9999 -9999 -9999 -9999 -9999 -9999 -9999 -9999 -9999 -9999 -9999 -9999 0.107150028010828 0.107188039781139 0.110467558621606 0.11551884323859 0.112423846031823 0.10915804625949 0.106217251202912 0.0997662232381481 0.0909815344126222 0.0800099733276006 0.0679242143160867 0.0528699131786793 0.0504170989058423 0.0580784703346444 0.0501912437692464 0.0424702452427235 0.0450665129111638 0.0469007327257253 0.0479993541665912 0.0537857241246207 0.0615240417975582 0.0749893501806072 0.0850137385857853 0.0910458436567189 0.0978802496262337 0.104744694832169 0.109833656670474 0.112982132198718 0.113417581688873 0.111431195038995 0.108554348223186 0.105367326710415 0.102565749406385 0.100417449153926 0.101539245819995 0.104182594263155 0.113260382535394
-9999 -9999 -9999 -9999 -9999 -9999 -9999 -9999 -9999 -9999 -9999 -9999 -9999 -9999 -9999 -9999 -9999 -9999 -9999 -9999 0.108773395909377 0.108264347689455 0.108141442255689 0.108229597467033 0.10804698388859 0.107505611507763 0.106078893947858 0.0982988299359482 0.0862949561832857 0.0808573881208098 0.0726252640292108 0.0535086596655867 0.0454627929470084 0.0463025043827774 0.0409729593869938 0.0368164275457119 0.0414485440962494 0.0441689223089829 0.045043915609125 0.0496267491064074 0.056087773722785 0.069051518592703 0.0778096312598849 0.0816882130280852 0.0915976313343502 0.102626976852089 0.108450624662652 0.111678714995875 0.111277913446237 0.110104639450959 0.108751559194448 0.109159877786713 0.106473410390112 0.0985416892831279 0.0976410953431505 0.0999240766680895 0.103794214496626
-9999 -9999 -9999 -9999 -9999 -9999 -9999 -9999 -9999 -9999 -9999 -9999 -9999 -9999 -9999 -9999 -9999 -9999 -9999 -9999 0.109057092400601 0.109411504232633 0.107675433399419 0.104796731819912 0.104333929852691 0.102663214073994 0.0977017731883727 0.0893046773453493 0.0786235012960019 0.0750739994300119 0.0708850803472813 0.0625993254230024 0.0515564893306775 0.0383007690582715 0.0361312634358012 0.0358868842501916 0.0369533723583997 0.0394724692611843 0.0433937571962875 0.046752012725634 0.0505999449097824 0.0580338015273324 0.0659890550735948 0.0745492527285291 0.0835164663689689 0.0926001118103316 0.101704334236005 0.107983303793011 0.110312240537549 0.110504807970198 0.109825428532742 0.107329294455575 0.104575235589325 0.101384028254068 0.0990338973388528 0.0971093029199193 0.101600546142735
-9999 -9999 -9999 -9999 -9999 -9999 -9999 -9999 -9999 -9999 -9999 -9999 -9999 -9999 -9999 -9999 -9999 -9999 -9999 -9999 0.107828407577014 0.108306498944977 0.106074434711649 0.10236103453196 0.101521991406712 0.0981355575602731 0.0880160172796733 0.0806148705551319 0.0750209568011234 0.0725616248427099 0.0698168865070714 0.065257397744898 0.0562927160093804 0.0437923451712358 0.0380315090904249 0.0339426584962256 0.0327782622326987 0.0346543567720039 0.0394654114695408 0.0451363264209973 0.0506221849613188 0.0539531556219939 0.0593971844935134 0.0672928620908663 0.0767429274431766 0.0863092013545283 0.0929637802574446 0.0989938649616876 0.104150833987221 0.106757303150042 0.10826872088971 0.106645852339401 0.105581031318228 0.105462027191441 0.101384233341151 0.0955947766446358 0.100164357548313
-9999 -9999 -9999 -9999 -9999 -9999 -9999 -9999 -9999 -9999 -9999 -9999 -9999 -9999 -9999 -9999 -9999 -9999 -9999 -9999 0.107249878714709 0.105967156759441 0.103615358994197 0.10067921823922 0.0993913159706199 0.0938458520363302 0.0773409046995666 0.0721551558178469 0.0744945971729752 0.0725222081516588 0.0692567316213573 0.0630522893447235 0.0600026660290405 0.0594851585794479 0.045028809420645 0.0312313107065829 0.0288451256558747 0.0297442670957191 0.0338147065206039 0.0444725093926898 0.0548101570691262 0.055117086584643 0.0567583292190603 0.0599476915602735 0.0709579822799391 0.0828427539248841 0.0827155196038681 0.0860020259533751 0.0940613396545209 0.099874066959981 0.104723239761809 0.10682967396343 0.10878229200835 0.110474211972834 0.104458485904987 0.0950632657747947 0.0993008401479479
-9999 -9999 -9999 -9999 -9999 -9999 -9999 -9999 -9999 -9999 -9999 -9999 -9999 -9999 -9999 -9999 -9999 -9999 -9999 -9999 0.1075283441914 0.107604713101652 0.104348679281143 0.0992711972934253 0.0949752623997532 0.0888013846912981 0.0777883750818933 0.070666867938367 0.0661324959598618 0.0690925473745383 0.0707531843522158 0.0660853906911753 0.0627520546215591 0.0604897788193289 0.0533370330451741 0.0454657092957794 0.037570227940341 0.0336102556723923 0.0334491971730305 0.0429612464860082 0.0530378731250768 0.0544919096192358 0.0566986439321745 0.0597786862490659 0.0651196703589764 0.0710330679952735 0.07638380161336 0.0809987015826787 0.0845848203446997 0.0911509612842093 0.0986531801698358 0.103687806917873 0.107885439292445 0.110664476695093 0.106826185323959 0.100039405996207 0.0984046996817584
-9999 -9999 -9999 -9999 -9999 -9999 -9999 -9999 -9999 -9999 -9999 -9999 -9999 -9999 -9999 -9999 -9999 -9999 -9999 -9999 0.109998064199506 0.109907315441998 0.105279109020121 0.0981707870136945 0.0902051318015656 0.0827541726036026 0.07668937855137 0.0684370672327982 0.0587304582763704 0.0659179451348313 0.0718385179847105 0.0688531378888002 0.0650796922644622 0.060673730716786 0.0609206579195844 0.059472957374312 0.0479618712184134 0.04089370421259 0.0381142496342367 0.0435090152740557 0.0499845845959432 0.0527367845933826 0.0559882769959137 0.0598190670166925 0.0601717821017787 0.0605596583492991 0.0701502111433367 0.0760459207477195 0.0767758089143433 0.0837760272259859 0.0929110985139194 0.0998035402838416 0.105619443533623 0.109610756104935 0.108289275815097 0.104552129543636 0.098206047750279
-9999 -9999 -9999 -9999 -9999 -9999 -9999 -9999 -9999 -9999 -9999 -9999 -9999 -9999 -9999 -9999 -9999 -9999 -9999 -9999 0.110044984658256 0.110097043242409 0.105407130030006 0.0981253164575209 0.085186169474072 0.0732005811751633 0.0641619610235084 0.0599246719340921 0.0588793870998297 0.0653906133238801 0.0703268275125445 0.0680282630657784 0.0662477006765954 0.0648828962896652 0.065060869911594 0.0642982579287893 0.0585928572924152 0.0570872502828117 0.0596356686811736 0.0524314948834411 0.0449001006845888 0.0474904174755933 0.0514987579696869 0.057152342303746 0.0586920869100467 0.0593401988452793 0.0623767338951646 0.0673739361310767 0.0751123796218941 0.0825142012738144 0.0896739668411047 0.0946791134245383 0.100069042624394 0.106111127564173 0.106601719456917 0.104574562605866 0.1007196095058
-9999 -9999 -9999 -9999 -9999 -9999 -9999 -9999 -9999 -9999 -9999 -9999 -9999 -9999 -9999 -9999 -9999 -9999 -9999 -9999 0.11039547850203 0.110355358772741 0.105516511056522 0.0980547407817397 0.0848023439895861 0.0719420043813079 0.0606159108608841 0.0572348176385704 0.0591356919435994 0.0646814922364037 0.0687394069873159 0.0669596922343394 0.066234435958081 0.0663555074971679 0.0667928506699257 0.0668512183591174 0.0651068268700365 0.0665637362254896 0.0711108343177313 0.0622988945169042 0.0516102251698987 0.046355127230143 0.046761266545433 0.0537357838787746 0.0564028546612265 0.0577445648107207 0.0580203060218848 0.0615165875192508 0.0695155597121815 0.0773633458274754 0.0850235874856014 0.0903089522143835 0.0952237169480371 0.0995103636126195 0.10236293381623 0.104540259183223 0.102784646096186
-9999 -9999 -9999 -9999 -9999 -9999 -9999 -9999 -9999 -9999 -9999 -9999 -9999 -9999 -9999 -9999 -9999 -9999 -9999 -9999 0.110437003930162 0.110523271200505 0.105608929058302 0.0979613185853113 0.0886366521464676 0.0782321756548493 0.0652432133115572 0.0598436755311955 0.0594897126518382 0.0638069366668564 0.0670830695141513 0.0656693496696836 0.0651461721401237 0.065337760292181 0.0663332583362369 0.0673362712719443 0.0678741701076727 0.0699274668699452 0.0734435644846761 0.0730262038093405 0.0690538481795891 0.0489610580629054 0.0417981117266177 0.0496368510356896 0.0533769159007984 0.0558065990401131 0.056773510379677 0.0582206542921796 0.0603392193159603 0.0686733400394662 0.0790871042251129 0.0866251986372633 0.0910200339373038 0.0900874599819696 0.0958024419502738 0.104454323611703 0.104441509389401
-9999 -9999 -9999 -9999 -9999 -9999 -9999 -9999 -9999 -9999 -9999 -9999 -9999 -9999 -9999 -9999 -9999 -9999 -9999 -9999 0.116687334924747 0.116689886152056 0.109835101278827 0.0992321853177889 0.0874143424983091 0.0760231588829231 0.0658279925102216 0.0594888767359518 0.0557133271392128 0.0606266522353516 0.0646956785373489 0.06356288665291 0.0635050906013418 0.0643101060258314 0.0658842356908 0.0675005065543146 0.0688200246731035 0.0708751701718045 0.073640410583253 0.0754582701321024 0.0742385759445242 0.0562619860681302 0.0472820298901329 0.0487403027350126 0.0518163362413251 0.0551462072126821 0.0566555674784035 0.0579545487188549 0.0589593955609001 0.0633760229497115 0.0692477897399053 0.0791390939519239 0.086413044923506 0.0892509276676973 0.0938653517467654 0.0992677857021424 0.102790642435043
-9999 -9999 -9999 -9999 -9999 -9999 -9999 -9999 -9999 -9999 -9999 -9999 -9999 -9999 -9999 -9999 -9999 -9999 -9999 -9999 0.151023201479993 0.13124696080629 0.115801740337791 0.102723799412699 0.0870813348367897 0.0735994439032645 0.0658400393161838 0.0587961749067327 0.0522280134350961 0.057525521650171 0.0621760607931382 0.0613545083128671 0.0618031547804463 0.0632712863432887 0.0653622476280258 0.0674767938936705 0.0693063248881998 0.0713074230441226 0.0734741335356203 0.0761789751967581 0.0767987867555098 0.0644476216697025 0.0550872710687839 0.0491969746686682 0.051121677993695 0.0550124623355555 0.0568447608293996 0.0583161719147729 0.0592830203392693 0.059734722043241 0.0605580495690646 0.0713302644549384 0.0809998439650813 0.0888006020715601 0.0924097547607087 0.0941608491934185 0.100511974288461
-9999 -9999 -9999 -9999 -9999 -9999 -9999 -9999 -9999 -9999 -9999 -9999 -9999 -9999 -9999 -9999 -9999 -9999 -9999 0.157520838604079 0.152825005371545 0.138532743985337 0.126835394460197 0.116556390145792 0.0964429753856713 0.0784695541875845 0.0668432973924301 0.0592618062347228 0.0543693421319031 0.0571265871937888 0.0596848217400036 0.0594184297160398 0.0603287407804905 0.0621834954395601 0.0644455868528203 0.0667814409225748 0.0691783033247239 0.0714203365371806 0.0735129144371412 0.0761107448193231 0.0776906135905924 0.0726380119555795 0.0647603019572037 0.0536047961632201 0.053534041151421 0.05638543509296 0.0575322589922132 0.0589799384206509 0.0608482489456074 0.0614503016851473 0.0617897883508998 0.0655909937789955 0.0717413228621352 0.0818731064342433 0.0889067699087374 0.0945287156656178 0.098206235727436
-9999 -9999 -9999 -9999 -9999 -9999 -9999 -9999 -9999 -9999 -9999 -9999 -9999 -9999 -9999 -9999 -9999 -9999 0.162721733931587 0.161382130459701 0.156634339852831 0.144921561062703 0.134646936465324 0.125158388320939 0.0996334367863506 0.077076378225154 0.0635452336893016 0.0569767829011593 0.0550372460083365 0.0578619878769756 0.0600476093250958 0.0588129182721128 0.0593778702797119 0.0613872489892559 0.0642813027517981 0.0672363815562738 0.0699033532943043 0.0722532818665614 0.0742971713417365 0.0765661354776987 0.078479410943947 0.0780152365734085 0.0730922914505683 0.0629961146687215 0.058344671882109 0.0558120009143301 0.058664357313542 0.0609159282365417 0.0623275310382419 0.0627542218634771 0.0628356438327367 0.0630919467213663 0.0674237585367574 0.0786630199776479 0.0861926983620067 0.0920235769328771 0.0943486024825482
-9999 -9999 -9999 -9999 -9999 -9999 -9999 -9999 -9999 -9999 -9999 -9999 -9999 -9999 -9999 -9999 -9999 -9999 0.162760557470107 0.1651077284555 0.162639229283082 0.150329402620359 0.138934584866346 0.128039899129499 0.0960747293379639 0.0688332996081122 0.055542988456842 0.0516834799000539 0.0540937247972317 0.059837964988836 0.0635317303245221 0.0596625942671312 0.0589995781129793 0.0609098529070766 0.0649398625660498 0.0689493517461269 0.0715613730705716 0.073873696871241 0.0758967251769258 0.0775941892687978 0.0791555291233685 0.080315815766095 0.0799576382502994 0.0778376821425278 0.0657781907848046 0.0531098602527396 0.0602826968325542 0.0642432971919438 0.0637128169076191 0.0636079267488669 0.0636782062731982 0.0641366010834409 0.0685099186482986 0.0795185134757467 0.0843414293650764 0.0863763486955668 0.0887937248365784
-9999 -9999 -9999 -9999 -9999 -9999 -9999 -9999 -9999 -9999 -9999 -9999 -9999 -9999 -9999 -9999 -9999 -9999 0.185698993816198 0.185130082917429 0.178502287816502 0.159492526819808 0.14400609070068 0.130445458321143 0.0973852112102981 0.0690291210722658 0.0544281797684904 0.0514843378733826 0.0562903283545223 0.062005943724094 0.0660141333586592 0.0642573661079795 0.0633304524268512 0.0630695945213479 0.0664298258219803 0.0700493635946356 0.0725300294529181 0.0748856025465012 0.0771204246481281 0.078581817033895 0.0798870231072736 0.0812262743418121 0.0823699187515061 0.0832866128479368 0.0700348847413827 0.0552709299702342 0.0629233604599139 0.0672131633512642 0.0668016209234719 0.0657624908673347 0.0645979810235881 0.0652340481731513 0.0679709019217316 0.0742683116321327 0.0810209303174109 0.0879384286626377 0.0892173002744246
-9999 -9999 -9999 -9999 -9999 -9999 -9999 -9999 -9999 -9999 -9999 -9999 -9999 -9999 -9999 -9999 -9999 -9999 0.232442858715877 0.217459216409975 0.198374344908844 0.170908181022562 0.149988586085351 0.132647260936401 0.099901142728152 0.0715537441367432 0.055804995306964 0.0531950778437992 0.0593200726552381 0.0641703028778986 0.0680690454531002 0.0692636036348521 0.068476061512719 0.0660976491410495 0.0683340985430094 0.0711329435634851 0.0734639596191773 0.07580659271979 0.0781604396560001 0.0795319377636842 0.0807075105200336 0.081940785083853 0.0837056983447056 0.0860874385947513 0.0740209214080192 0.0600711310295034 0.0658742278260864 0.0695245802362072 0.0701651450773348 0.068385640063681 0.0659050444045812 0.0664832858712507 0.0672549642292981 0.0683544925827492 0.0774015863138959 0.0899493945332741 0.0906715644753984
