layers/veg/veg_900.asc
NCOLS 255 
NROWS 330 
XLLCORNER -2985163.8955 
YLLCORNER -3022031.214 
CELLSIZE 25000 
NODATA_value -9999 
[rows 250 to 274 of 330, columns 57 to 113 of 255]
-9999 -9999 -9999 -9999 -9999 -9999 -9999 -9999 -9999 -9999 -9999 -9999 -9999 -9999 -9999 0.437953523913031 0.420623749571614 0.41245619491345 0.403611692438362 0.392894464057556 0.382866987907105 0.373260070702005 0.348384982278358 0.323044552531723 0.299211531303178 0.285810321935406 0.280109931455173 0.285315005513191 0.292719833150586 0.303473862295378 0.314063386227225 0.324506669244321 0.335002303577027 0.336753244439995 0.294344884205673 0.260367450203221 0.235397469446396 0.220519501476755 0.207677785038905 0.191423957336869 0.177229478979675 0.165682182830743 0.152768193228721 0.140919860171613 0.148048082318776 -9999 -9999 -9999 0.103550576457368 0.109310284554042 0.10786042070634 0.0927660341680397 0.0876904288643024 -9999 -9999 -9999 -9999
-9999 -9999 -9999 -9999 -9999 -9999 -9999 -9999 -9999 -9999 -9999 -9999 -9999 -9999 -9999 0.452986072701947 0.458189039729517 0.454871528236225 0.449699128735698 0.44055862460018 0.431003238797661 0.421194889411058 0.399054580327314 0.371071106684078 0.328521926133998 0.311112541288921 0.312261487074973 0.318987977500079 0.326814307839785 0.336259494587172 0.345457033857291 0.354434420872269 0.36395156172335 0.369813555956835 0.356747266889344 0.331171637673771 0.292231249543387 0.268953296246252 0.249920740057597 0.23358691909465 0.215500292721366 0.195160529788998 0.176049552256625 0.15843653519406 0.154673787373156 0.152384656347323 -9999 -9999 0.103550576457368 0.109310284554042 0.10786042070634 0.0927660341680397 -9999 -9999 -9999 -9999 -9999
-9999 -9999 -9999 -9999 -9999 -9999 -9999 -9999 -9999 -9999 -9999 -9999 -9999 -9999 -9999 0.511981859482622 0.499589610267992 0.498499372334111 0.495776803672199 0.48891183396767 0.480712428997374 0.471699385936017 0.459491239000451 0.436856702129613 0.384719472145439 0.36036548719316 0.356521241196516 0.36294580428691 0.371322998029624 0.382410959924787 0.392507108753506 0.40172156120614 0.411847446158715 0.421232228020089 0.426050741617505 0.412022297884266 0.377858096547497 0.333248916733391 0.289621129003221 0.272278923902064 0.251742227935499 0.227099186727148 0.203424902364661 0.180833727778597 0.167930243729374 0.162153018717442 0.167445795564167 -9999 -9999 -9999 -9999 -9999 -9999 -9999 -9999 -9999 -9999
-9999 -9999 -9999 -9999 -9999 -9999 -9999 -9999 -9999 -9999 -9999 -9999 -9999 -9999 -9999 0.530310441089583 0.545391456376482 0.544024340736664 0.541839205742456 0.538343146144299 0.532882678887792 0.526224463836238 0.535209681947706 0.530428532185556 0.482985318938247 0.447092331380621 0.419725781735559 0.422995568903455 0.43212602699637 0.449474937747934 0.464053616424227 0.476169629841995 0.489387690019337 0.50137484439902 0.506151835397875 0.508591917465976 0.508535287149917 0.422362341485056 0.325343356276013 0.305540183741137 0.284809729697282 0.262887305423234 0.237205812027826 0.210867098677133 0.191561337335122 0.17729378074647 0.170852621667667 -9999 -9999 -9999 -9999 -9999 -9999 -9999 -9999 -9999 -9999
-9999 -9999 -9999 -9999 -9999 -9999 -9999 -9999 -9999 -9999 -9999 -9999 -9999 -9999 -9999 -9999 0.55911063156529 0.561674433713212 0.561385987288072 0.554453847121825 0.554552810183864 0.55893881028357 0.555636565310761 0.542759705595092 0.503678016333066 0.482671247507828 0.475007480890459 0.479060033316413 0.486160999310384 0.499416476770917 0.509397580689778 0.516467850517698 0.527969195702819 0.538893242397171 0.542880456123392 0.548948841931961 0.557240715375495 0.504330228689221 0.435096478985461 0.357276706958442 0.304714915169923 0.284620890966086 0.25995580223021 0.234124622395828 0.212227759116069 0.199489528632293 0.200978409672776 -9999 -9999 -9999 -9999 -9999 -9999 -9999 -9999 -9999 -9999
-9999 -9999 -9999 -9999 -9999 -9999 -9999 -9999 -9999 -9999 -9999 -9999 -9999 -9999 -9999 -9999 -9999 0.602773653498611 0.573716194444681 -9999 0.605800894263289 0.585493714836443 0.554776998705136 0.524090172159584 0.495433231703344 0.499452252473876 0.527592841265573 0.533628208680859 0.537347853630922 0.542275334915707 0.544047288600165 0.543014059187143 0.550798678176369 0.559093492301433 0.561952760890732 0.566333950142856 0.572341132653245 0.581727168582464 0.572057845901142 0.415852498038546 0.319715858512908 0.300794294895186 0.2783781779155 0.254894093634917 0.2321964024369 0.229067418476255 0.256336659496722 0.254065218348499 0.239487280399757 0.217159871469994 -9999 -9999 -9999 -9999 -9999 -9999 -9999
-9999 -9999 -9999 -9999 -9999 -9999 -9999 -9999 -9999 -9999 -9999 -9999 -9999 -9999 -9999 -9999 0.643856325159095 0.602773653498611 -9999 -9999 0.621279591472173 0.625888852674385 0.611033661596716 0.599683229390809 0.602084729585537 0.602566438394928 0.601630947013438 0.59373790980873 0.58643222838678 0.584417864550012 0.583015612141605 0.582157511092367 0.585618554340168 0.58925952871146 0.58988510684415 0.591886137552882 0.595356677593036 0.598257700629119 0.584075624653171 0.445089729192851 0.354427937523159 0.325884167793346 0.305163000841667 0.287183472584718 0.271860982899146 0.262938544263598 0.26395800875682 0.254065218348499 0.239487280399757 0.217159871469994 0.20255138123837 -9999 -9999 -9999 -9999 -9999 -9999
-9999 -9999 -9999 -9999 -9999 -9999 -9999 -9999 -9999 -9999 -9999 -9999 -9999 -9999 -9999 0.652928999853429 0.648765423660543 0.652805505956448 -9999 -9999 0.6767257805842 0.666359438504499 0.662209912165662 0.664662341917052 0.685012763324026 0.685071036681714 0.67014953863897 0.652771086366815 0.636982227204228 0.628219169331232 0.621930488919944 0.617841466604388 0.615267333055125 0.613769170578108 0.616322678641909 0.618873594154935 0.62142173983233 0.629029409454174 0.620863798218183 0.487273361038846 0.394951362821202 0.35567771099305 0.333925901678062 0.318062726315781 0.304974871811701 0.290907033018341 0.275316876856638 0.257843792640156 0.239487280399757 0.217159871469994 0.20255138123837 -9999 -9999 -9999 -9999 -9999 -9999
-9999 -9999 -9999 -9999 -9999 -9999 -9999 -9999 -9999 -9999 -9999 -9999 -9999 -9999 -9999 0.658518110510919 0.66273222107603 0.658643103284411 -9999 -9999 0.689683588560888 0.700175749543616 0.703698036756147 0.709401122182829 0.722701179749227 0.728274045120105 0.728142656196419 0.709751377255656 0.690327107547823 0.675183686381986 0.660743445038859 0.646928312521574 0.635055053188658 0.627492313349796 0.639909780948273 0.648598046863273 0.653302099314224 0.686958424802555 0.704888040480849 0.554145217560998 0.446556773471055 0.39444094947506 0.366460911306517 0.346252932407212 0.325596876020982 0.307619448929908 0.293803031299881 0.268827944241642 0.239487280399757 0.217159871469994 -9999 -9999 -9999 -9999 -9999 -9999 -9999
-9999 -9999 -9999 -9999 -9999 -9999 -9999 -9999 -9999 -9999 -9999 -9999 -9999 -9999 -9999 0.749746536663817 0.738389840802927 0.749409690989878 -9999 -9999 0.744503585817895 0.740132688758329 0.733492546998891 0.734437325495456 0.757702211519538 0.771138895528413 0.7773203486417 0.77124712807217 0.757670751520558 0.721557947043371 0.698408651201451 0.68678358202258 0.692748321346598 0.702207524056417 0.713317535464536 0.72258189663267 0.72987439755826 0.775952867589542 0.812915351308137 0.711962471640551 0.59965470179141 0.472750834713466 0.421114770490151 0.394366102520308 0.374402362670862 0.346879370822758 0.307613761531573 0.296213400770099 -9999 -9999 -9999 -9999 -9999 -9999 -9999 -9999 -9999
-9999 -9999 -9999 -9999 -9999 -9999 -9999 -9999 -9999 -9999 -9999 -9999 -9999 -9999 -9999 0.79208377736857 0.844187650202468 0.793629206107225 -9999 -9999 0.759676567904193 0.779729994301387 0.757317392420815 0.749415237417668 0.791331316257091 0.813831114102282 0.821997710256175 0.83504805002555 0.832160853747065 0.767630878047552 0.735487923679759 0.732136200549505 0.769792613903499 0.808059575048056 0.812159051177585 0.819160451321266 0.82926221602288 0.880806409523218 0.933196381964113 0.916207932112831 0.804565208694969 0.571249535736502 0.487060443662168 0.45265007303008 0.437595697136704 0.397649938547682 0.319037657837662 -9999 -9999 -9999 -9999 -9999 -9999 -9999 -9999 -9999 -9999
-9999 -9999 -9999 -9999 -9999 -9999 -9999 -9999 -9999 -9999 -9999 -9999 -9999 -9999 -9999 0.850277606322738 0.850571796333281 0.850286332155813 -9999 0.968159946387033 0.899565481439686 0.789147279553691 0.723122911292072 0.698736186443611 0.786261522637406 0.840804532443268 0.870999813839816 0.854705282583913 0.827524162838341 0.780434711243863 0.752148365011493 0.740577497146813 0.814913833728213 0.889739240504806 0.889002947582008 0.889044693912699 0.889917683692369 0.910794804728149 0.933441926187443 0.932631615230076 0.836538618954088 0.617964883816253 0.531974778427231 0.489320594497097 0.45228697511695 -9999 -9999 -9999 -9999 -9999 -9999 -9999 -9999 -9999 -9999 -9999 -9999
-9999 -9999 -9999 -9999 -9999 -9999 -9999 -9999 -9999 -9999 -9999 -9999 -9999 -9999 -9999 -9999 0.853073609283098 -9999 -9999 0.968159946387033 0.892584816345978 0.770929665703151 0.695345810684055 0.668799952592685 0.775216546486075 0.847102580413972 0.893497971687595 0.862277595525399 0.823829889299448 0.792994788210592 0.769039135512479 0.751199135976042 0.833607594683864 0.916479258889409 0.910632715393898 0.904095241350182 0.896819589265552 0.894091149423212 0.893338398556294 0.8988435091588 0.82936816738761 0.663509509212018 0.570073040337336 0.502032632234707 0.458764739332106 -9999 -9999 -9999 -9999 -9999 -9999 -9999 -9999 -9999 -9999 -9999 -9999
-9999 -9999 -9999 -9999 -9999 -9999 -9999 -9999 -9999 -9999 -9999 -9999 -9999 -9999 -9999 -9999 -9999 -9999 -9999 -9999 0.868569997536028 0.70825760080712 0.685460182085537 0.690854087447466 0.751955792040723 0.805468344011292 0.853378543232673 0.843508079205615 0.826146280131094 0.806575026083071 0.787450679701571 0.768723622772439 0.79160075548651 0.815008007064254 0.803300667873379 0.791304852197696 0.77900083332133 0.771026345093506 0.763974313649421 0.755818640573015 0.738310009819381 0.708778657801966 0.593128858979981 0.45896971336126 0.442476134395924 0.43244198777392 -9999 -9999 -9999 -9999 -9999 -9999 -9999 -9999 -9999 -9999 -9999
-9999 -9999 -9999 -9999 -9999 -9999 -9999 -9999 -9999 -9999 -9999 -9999 -9999 -9999 -9999 -9999 -9999 -9999 -9999 -9999 0.615669875910277 0.657190475850569 0.677486602691478 0.704291699664506 0.753850009070731 0.797955623652299 0.838036029971475 0.831972585445297 0.819552200647283 0.803970608267934 0.787808336966838 0.77112985699871 0.765316400188236 0.759794433454802 0.745874253887726 0.732177474653245 0.718719372403423 0.70899012867861 0.699626959064431 0.686157432858541 0.683780092846367 0.695661158294288 0.585271677193164 0.445194253046111 0.429279345142649 0.418505632061289 0.415718302289683 -9999 -9999 -9999 -9999 -9999 -9999 -9999 -9999 -9999 -9999
-9999 -9999 -9999 -9999 -9999 -9999 -9999 -9999 -9999 -9999 -9999 -9999 -9999 -9999 -9999 -9999 -9999 -9999 -9999 0.589876272242126 0.60736987754685 0.635529765428965 0.670704388738594 0.712360502716085 0.771417862333324 0.8117034414218 0.838131592483587 0.824944488491468 0.807406158183808 0.791281805899002 0.776916923387187 0.764116164373201 0.748828458038285 0.733403234858856 0.719543194025148 0.706486609804236 0.694288424491771 0.684979790675146 0.675790426807164 0.662207878377861 0.652010303264733 0.646163928282106 0.558153128957821 0.449667311600056 0.418009013820743 0.402511845529638 0.412119536960344 -9999 -9999 -9999 -9999 -9999 -9999 -9999 -9999 -9999 -9999
-9999 -9999 -9999 -9999 -9999 -9999 -9999 -9999 -9999 -9999 -9999 -9999 -9999 -9999 -9999 -9999 -9999 -9999 -9999 -9999 0.59424174992946 0.601268967023125 0.636711405094366 0.679946557886531 0.74037248606672 0.781582896135392 0.808608308738431 0.795600927353233 0.778491990252118 0.763914638164709 0.752443544956221 0.743733836215623 0.72678443189228 0.709625066028675 0.698890613530209 0.688993476531183 0.679990912679354 0.671888051854128 0.663862935984442 0.654769082962844 0.646356866682292 0.638820857567813 0.550185747675029 0.441740743173827 0.414157066718357 -9999 -9999 -9999 -9999 -9999 -9999 -9999 -9999 -9999 -9999 -9999 -9999
-9999 -9999 -9999 -9999 -9999 -9999 -9999 -9999 -9999 -9999 -9999 -9999 -9999 -9999 -9999 -9999 -9999 0.620279348570159 0.591199903775509 0.566381500826825 0.561765927576952 0.569468517831789 0.598469692514223 0.635232724772897 0.690426224229684 0.732722109673758 0.765496907993285 0.756309776382387 0.742714140074778 0.731364258873741 0.723596479254563 0.719013096060837 0.702631175495022 0.68592932665585 0.678330139790647 0.67190075947202 0.666721179885236 0.659604093446932 0.652245291501058 0.646640737332593 0.640918131129487 0.635043775420384 0.545237231827277 0.436888324499085 -9999 -9999 -9999 -9999 -9999 -9999 -9999 -9999 -9999 -9999 -9999 -9999 -9999
-9999 -9999 -9999 -9999 -9999 -9999 -9999 -9999 -9999 -9999 -9999 -9999 -9999 -9999 -9999 -9999 0.650754130184013 0.620279348570159 0.591199903775509 0.566381500826825 0.555191368397432 0.552310728600791 0.553317328757899 0.562506446653438 0.594591339011346 0.637456998997075 0.68828107886983 0.692183619138723 0.690087145995478 0.686511458584636 0.684618503454381 0.684221454159524 0.673384429945223 0.661931679381341 0.656855495872055 0.65428145184911 0.654380649628715 0.647432728841559 0.639056452529406 0.633015160808074 0.630655395684348 0.633028033896092 0.545237231827277 -9999 -9999 -9999 -9999 -9999 -9999 -9999 -9999 -9999 -9999 -9999 -9999 -9999 -9999
-9999 -9999 -9999 -9999 -9999 -9999 -9999 -9999 -9999 -9999 -9999 -9999 -9999 -9999 -9999 -9999 0.650754130184013 0.628151799714453 0.600917792727131 0.563821277889214 0.539184032776835 0.522143511683638 0.517288942095472 0.51935330565379 0.539116203630725 0.576907934366826 0.628008645142545 0.644449408919674 0.65581439596931 0.663682178311803 0.670068764919349 0.675138606511164 0.660105475134476 0.642369257087315 0.629256938195636 0.620061910015065 0.615052046306276 0.616028496657796 0.618581750575312 0.621828929192478 0.623655300346144 -9999 -9999 -9999 -9999 -9999 -9999 -9999 -9999 -9999 -9999 -9999 -9999 -9999 -9999 -9999 -9999
-9999 -9999 -9999 -9999 -9999 -9999 -9999 -9999 -9999 -9999 -9999 -9999 -9999 -9999 -9999 -9999 -9999 0.641958437781341 0.61796094397317 0.559331180609189 0.51606635025482 0.482169898482708 0.488138132004847 0.498492144666449 0.514063905470219 0.542527530891403 0.580507999203005 0.609071309381583 0.635376919486015 0.657454040691319 0.673932824509437 0.685434829987574 0.658862905593021 0.626150069777608 0.597042226252811 0.573329252384915 0.555380062336773 0.57012669196761 0.592615026881386 0.61248145508619 -9999 -9999 -9999 -9999 -9999 -9999 -9999 -9999 -9999 -9999 -9999 -9999 -9999 -9999 -9999 -9999 -9999
-9999 -9999 -9999 -9999 -9999 -9999 -9999 -9999 -9999 -9999 -9999 -9999 -9999 -9999 -9999 -9999 0.668395732499984 0.650810251566545 0.620771443804477 0.562720961125673 0.511242637502405 0.463771521336308 0.443930918564294 0.431556034502523 0.435574457883507 0.462806570712618 0.507175152310287 0.539379570664972 0.56808531664623 0.589156046974679 0.605142989008942 0.616610573648728 0.606558185081431 0.592015581466746 0.574368931706467 0.559623660490572 0.547978171062307 0.565418060121483 -9999 -9999 -9999 -9999 -9999 -9999 -9999 -9999 -9999 -9999 -9999 -9999 -9999 -9999 -9999 -9999 -9999 -9999 -9999
-9999 -9999 -9999 -9999 -9999 -9999 -9999 -9999 -9999 -9999 -9999 -9999 -9999 -9999 -9999 0.724985139851157 0.674321508531267 0.682897532688158 0.570106066940756 0.557181034225766 0.512438352469178 0.448295665412694 0.40499547036422 0.372360135431869 0.366620914026796 0.392265474467154 0.441077709250501 0.475313672990035 0.504900310511735 0.523633202140846 0.538400475655924 0.549642416385641 0.554848186422288 0.55745942395824 0.552465397406327 0.548707781014675 0.546271123483851 0.544907671267638 -9999 -9999 -9999 -9999 -9999 -9999 -9999 -9999 -9999 -9999 -9999 -9999 -9999 -9999 -9999 -9999 -9999 -9999 -9999
-9999 -9999 -9999 -9999 -9999 -9999 -9999 -9999 -9999 -9999 -9999 -9999 -9999 -9999 0.758785000115304 0.734936265883363 0.699188677901328 0.693291076544368 0.576279995456204 0.583717725782975 0.527939829580849 0.433617806875426 0.39364081402589 0.365268010958665 0.360247638521637 0.379013027079318 0.415337190657793 0.449518012669099 0.480212349743432 0.498852641088733 0.514725297329882 0.528137596953218 0.530157701566923 0.529957294184662 0.528903162858881 0.532532365530561 0.54116515984278 0.543385060569605 -9999 -9999 -9999 -9999 -9999 -9999 -9999 -9999 -9999 -9999 -9999 -9999 -9999 -9999 -9999 -9999 -9999 -9999 -9999
-9999 -9999 -9999 -9999 -9999 -9999 -9999 -9999 -9999 -9999 -9999 -9999 -9999 0.757999959962874 0.758190635722025 0.741045540464838 0.715251105500043 0.716381150043835 0.612692918497656 0.610323375253467 0.553043315262331 0.462282959020582 0.423712815777965 0.395896287242826 0.389379053043547 0.398717623599667 0.41976103338862 0.442030074902176 0.462898825608064 0.47799669182468 0.491440622717752 0.503414247531596 0.505635386334453 0.506595066287634 0.510049538665663 0.51699375964548 0.527666366629998 0.522412445712595 -9999 -9999 -9999 -9999 -9999 -9999 -9999 -9999 -9999 -9999 -9999 -9999 -9999 -9999 -9999 -9999 -9999 -9999 -9999
