layers/veg/veg_2400.asc
NCOLS 255 
NROWS 330 
XLLCORNER -2985163.8955 
YLLCORNER -3022031.214 
CELLSIZE 25000 
NODATA_value -9999 
[rows 25 to 49 of 330, columns 112 to 167 of 255]
0.2538454036891 0.270888021015037 0.26190281783732 0.255781164359573 0.255080232291379 -9999 -9999 -9999 -9999 -9999 -9999 -9999 -9999 -9999 -9999 -9999 -9999 -9999 -9999 -9999 -9999 -9999 -9999 -9999 -9999 -9999 -9999 -9999 -9999 -9999 -9999 -9999 -9999 -9999 -9999 -9999 -9999 -9999 -9999 -9999 -9999 -9999 -9999 -9999 -9999 -9999 -9999 -9999 -9999 -9999 -9999 -9999 -9999 -9999 -9999 -9999
0.248934989445799 0.281128388390109 0.257186538271087 0.239347755934427 0.233062127430626 0.26295646842131 0.311184336591714 0.238683632406355 -9999 -9999 -9999 -9999 -9999 -9999 -9999 -9999 -9999 -9999 -9999 -9999 -9999 -9999 -9999 -9999 -9999 -9999 -9999 -9999 -9999 -9999 -9999 -9999 -9999 -9999 -9999 -9999 -9999 -9999 -9999 -9999 -9999 -9999 -9999 -9999 -9999 -9999 -9999 -9999 -9999 -9999 -9999 -9999 -9999 -9999 -9999 -9999
0.245784300131732 0.260292555948504 0.257479059304985 0.25056407860528 0.235884957323511 0.26295646842131 0.311184336591714 0.238683632406355 0.186339916457555 -9999 -9999 -9999 -9999 -9999 -9999 -9999 -9999 -9999 -9999 -9999 -9999 -9999 -9999 -9999 -9999 -9999 -9999 -9999 -9999 -9999 -9999 -9999 -9999 -9999 -9999 -9999 -9999 -9999 -9999 -9999 -9999 -9999 -9999 -9999 -9999 -9999 -9999 -9999 -9999 -9999 -9999 -9999 -9999 -9999 -9999 -9999
0.236319232172957 0.240170390138651 0.250110824188747 0.252676887120668 0.24128320931448 0.264792950646935 0.305989350989454 0.250365687850805 0.228661515267465 0.290412628818378 0.339557697803114 0.380903089005964 -9999 -9999 -9999 -9999 -9999 -9999 -9999 -9999 -9999 -9999 -9999 -9999 -9999 -9999 -9999 -9999 -9999 -9999 -9999 -9999 -9999 -9999 -9999 -9999 -9999 -9999 -9999 -9999 -9999 -9999 -9999 -9999 -9999 -9999 -9999 -9999 -9999 -9999 -9999 -9999 -9999 -9999 -9999 -9999
0.217736837257077 0.221078687084704 0.231681228566677 0.241645137844357 0.250400111491317 0.269281128287749 0.293293329269733 0.278915455070405 0.27648521725686 0.303637382381018 0.339557697803114 0.380903089005964 -9999 -9999 -9999 -9999 -9999 -9999 -9999 -9999 -9999 -9999 -9999 -9999 -9999 -9999 -9999 -9999 -9999 -9999 -9999 -9999 -9999 -9999 -9999 -9999 -9999 -9999 -9999 -9999 -9999 -9999 -9999 -9999 -9999 -9999 -9999 -9999 -9999 -9999 -9999 -9999 -9999 -9999 -9999 -9999
0.204107806413643 0.20696239287561 0.217674962578171 0.229809738975169 0.244636763485557 0.262501666220153 0.28190595728952 0.28883386585819 0.299458518808657 0.319262348968257 0.347304300184488 0.380443384718992 0.397229145445768 -9999 -9999 -9999 -9999 -9999 -9999 -9999 -9999 -9999 -9999 -9999 -9999 -9999 -9999 -9999 -9999 -9999 -9999 -9999 -9999 -9999 -9999 -9999 -9999 -9999 -9999 -9999 -9999 -9999 -9999 -9999 -9999 -9999 -9999 -9999 -9999 -9999 -9999 -9999 -9999 -9999 -9999 -9999
0.191675128023894 0.194104507075303 0.204836194274746 0.217320538672738 0.233122676507274 0.251492697201299 0.271163944813328 0.291380128585504 0.312337570889023 0.335003025462573 0.357456410592963 0.379778583009059 0.396597897010764 0.408731646847445 0.408200966339141 -9999 -9999 -9999 -9999 -9999 -9999 -9999 -9999 -9999 -9999 -9999 -9999 -9999 -9999 -9999 -9999 -9999 -9999 -9999 -9999 -9999 -9999 -9999 -9999 -9999 -9999 -9999 -9999 -9999 -9999 -9999 -9999 -9999 -9999 -9999 -9999 -9999 -9999 -9999 -9999 -9999
0.165275542517148 0.168414930128641 0.181617931462874 0.197394937376666 0.218044553580002 0.240424772149042 0.26368194130572 0.285839449812764 0.308914917026308 0.334182761324696 0.357047204385582 0.378424602470964 0.395346242388014 0.407779223748196 0.407915437007716 -9999 -9999 -9999 -9999 -9999 -9999 -9999 -9999 -9999 -9999 -9999 -9999 -9999 -9999 -9999 -9999 -9999 -9999 -9999 -9999 -9999 -9999 -9999 -9999 -9999 -9999 -9999 -9999 -9999 -9999 -9999 -9999 -9999 -9999 -9999 -9999 -9999 -9999 -9999 -9999 -9999
0.139229562005322 0.145925747973736 0.161598590189301 0.18062599433776 0.20600360979545 0.231918418389323 0.258105439621862 0.281534154842147 0.305891926506463 0.332540172018701 0.355883198255434 0.377181201946666 0.394737706837136 0.418701643039573 0.462256300899842 0.466812552772157 0.442170516273617 -9999 -9999 -9999 -9999 -9999 -9999 -9999 -9999 -9999 -9999 -9999 -9999 -9999 -9999 -9999 -9999 -9999 -9999 -9999 -9999 -9999 -9999 -9999 -9999 -9999 -9999 -9999 -9999 -9999 -9999 -9999 -9999 -9999 -9999 -9999 -9999 -9999 -9999 -9999
0.113803387164831 0.129046279683015 0.147186380432768 0.169390102919646 0.199286292330003 0.227902036313989 0.255868938373714 0.279394264483548 0.303569473620688 0.329456195260026 0.353396164228122 0.376131628208393 0.39525644282885 0.420141420343384 0.462687935381704 0.466812552772157 0.442170516273617 -9999 -9999 -9999 -9999 -9999 -9999 -9999 -9999 -9999 -9999 -9999 -9999 -9999 -9999 -9999 -9999 -9999 -9999 -9999 -9999 -9999 -9999 -9999 -9999 -9999 -9999 -9999 -9999 -9999 -9999 -9999 -9999 -9999 -9999 -9999 -9999 -9999 -9999 -9999
0.0998273047195115 0.122762109425597 0.146874124727666 0.17257496907306 0.201283478908373 0.229922441764684 0.258526162981834 0.289407689933506 0.317495119557385 0.33895588640778 0.360802572694634 0.382888037072295 0.400644553246948 0.419696144314689 0.443427997841071 0.451230180869718 0.447105745333769 0.476595009955091 -9999 -9999 -9999 -9999 -9999 -9999 -9999 -9999 -9999 -9999 -9999 -9999 -9999 -9999 -9999 -9999 -9999 -9999 -9999 -9999 -9999 -9999 -9999 -9999 -9999 -9999 -9999 -9999 -9999 -9999 -9999 -9999 -9999 -9999 -9999 -9999 -9999 -9999
0.0912075885209828 0.121434431640171 0.153157843566337 0.182505882021856 0.207357320391075 0.234766863286823 0.263472678112066 0.305106450342945 0.339021644605234 0.354342231715919 0.372837144813417 0.393296093476697 0.408310562560557 0.418369038192823 0.414956320509408 0.428358357666573 0.454349680162019 0.481568190040335 0.503248087317051 -9999 -9999 -9999 -9999 -9999 -9999 -9999 -9999 -9999 -9999 -9999 -9999 -9999 -9999 -9999 -9999 -9999 -9999 -9999 -9999 -9999 -9999 -9999 -9999 -9999 -9999 -9999 -9999 -9999 -9999 -9999 -9999 -9999 -9999 -9999 -9999 -9999
0.10036522775129 0.122165229345826 0.162538825819745 0.199805412399946 0.231190405568043 0.261896690188865 0.292259051866344 0.328762326514944 0.356572414900035 0.36380633775239 0.380967345110163 0.404270490078931 0.425691856150834 0.438734991940054 0.427527935591002 0.439119774513931 0.467781252613748 0.49211800327355 0.516483917235607 0.542999887225308 0.568176401379413 0.592145556043075 0.643938459980766 0.691652516389883 -9999 -9999 -9999 -9999 0.795485524002298 -9999 -9999 0.822446083786388 0.822446083786388 -9999 -9999 -9999 -9999 -9999 -9999 -9999 -9999 -9999 -9999 -9999 -9999 -9999 -9999 -9999 -9999 -9999 -9999 -9999 -9999 -9999 -9999 -9999
0.116238089279729 0.135573072054763 0.181290220988487 0.223371948769547 0.258571796597492 0.291243054197399 0.322632995690083 0.355747251141067 0.379231492602962 0.380143131012954 0.394661550700064 0.417598829217394 0.444199350363914 0.45963009523176 0.441485900114399 0.450653055062709 0.480268345128673 0.502090422210526 0.523615525772895 0.547683412408956 0.571838332048474 0.596071701547937 0.640689001563092 0.689661061843656 0.741664645823259 0.774651405211582 0.78703787671678 0.793032915797353 0.79831380482935 0.810473794462078 0.819059493868683 0.82298563567784 0.833598000718834 0.845283298433056 0.841982337161713 0.841517113127936 0.845521383296266 -9999 -9999 -9999 -9999 -9999 -9999 -9999 -9999 -9999 -9999 -9999 -9999 -9999 -9999 -9999 -9999 -9999 -9999 -9999
0.14653023639134 0.176247961594893 0.220194118745119 0.260408866309013 0.293560027083179 0.325324799725529 0.356387045946452 0.389881742954029 0.412885074653418 0.411272707847622 0.420330424718009 0.435989991529757 0.465115203825962 0.481631646416236 0.458365878959809 0.463797377785234 0.490714653660405 0.510812605242886 0.531518597036255 0.557756192878596 0.583377579070649 0.608443525844986 0.630449511316426 0.660001527261462 0.73151816079991 0.774651405211582 0.78703787671678 0.795151301441148 0.802470457274038 0.811975970252426 0.820289766937226 0.827050004633108 0.836233279924547 0.845283298433056 0.841982337161713 0.841517113127936 0.845521383296266 0.84669781291299 -9999 -9999 -9999 -9999 -9999 -9999 -9999 -9999 -9999 -9999 -9999 -9999 -9999 -9999 -9999 -9999 -9999 -9999
0.209339852510362 0.238189940943462 0.281100912280276 0.317975352385802 0.343422592856825 0.366687554080146 0.388846685849753 0.422681741691145 0.447238133009108 0.449609731181512 0.454529014500222 0.461024614888616 0.485929762851567 0.499681599826446 0.476932758183456 0.480772508136425 0.504519260571327 0.52212305856901 0.540998357388766 0.567614067354876 0.593355495992185 0.618308864410118 0.631832129294685 0.65396181208991 0.731547718465109 0.777857008727334 0.790285390384415 0.798725135830744 0.806262908027214 0.814618693078089 0.822793763363894 0.830733248175863 0.839488337407971 0.847727906882778 0.845571506498056 0.846348551845176 0.851749092809935 0.862844421281741 0.876103155832619 0.881078449111637 -9999 -9999 -9999 -9999 -9999 -9999 -9999 -9999 -9999 -9999 -9999 -9999 -9999 -9999 -9999 -9999
0.290810551375773 0.312336650082033 0.354634698976852 0.387323320506452 0.401821222785493 0.412228724293554 0.420563491226145 0.454715903280628 0.481992605915485 0.492082954521668 0.493622626451715 0.489871779016957 0.506686191157964 0.515463815454567 0.496467713598273 0.499946057378328 0.520251123380514 0.534918865079016 0.551382946021463 0.577348611859691 0.602437398829852 0.626735784209161 0.639884427598414 0.661477008107058 0.737417090249865 0.782902239812068 0.79539658296439 0.80313422125025 0.809846351188191 0.81791595155034 0.826028722491768 0.83419777196346 0.843099072441887 0.851575424044504 0.851220423656748 0.853952650318499 0.861550752145116 0.868905229801782 0.876103155832619 0.881078449111637 0.88435089476586 -9999 -9999 -9999 -9999 -9999 -9999 -9999 -9999 -9999 -9999 -9999 -9999 -9999 -9999 -9999
0.378131212754406 0.394179371640461 0.412792305557149 0.427714213993574 0.435648983060891 0.441411922815042 0.446074328425605 0.473385353133943 0.496816486502346 0.510197965725007 0.51613432514772 0.517464201134466 0.530242934071636 0.534873133281131 0.513239766209803 0.514174478611396 0.532006017325076 0.547291147132513 0.564181236760661 0.588386531421882 0.610850587605402 0.631745125223766 0.670275644985552 0.712690271784513 0.758329966841867 0.787279826800703 0.798150148501139 0.806530251792074 0.814211564931378 0.821370447640644 0.82865048755536 0.836088471828655 0.843823620589601 0.851231404743787 0.853001910567202 0.857440434439169 0.866084105050809 0.873413835443351 0.880176866869984 0.886131471424411 0.892267530461534 0.898752299462302 0.901325980704422 0.901887443995499 -9999 -9999 -9999 -9999 -9999 -9999 -9999 -9999 -9999 -9999 -9999 -9999
0.459799916758564 0.469044836498059 0.467782677783168 0.467462630775725 0.468926008411762 0.47080807123885 0.472902295005739 0.49055830920692 0.508439048525234 0.526167670897365 0.53646728566568 0.542170386020233 0.553129094221223 0.555102483915136 0.529601486756967 0.527990663808846 0.544266525666007 0.559932281947622 0.576920380299684 0.599234055418802 0.619471599851192 0.637837760381695 0.694767619098918 0.752157121624986 0.775038906875667 0.791305323498821 0.800405533296754 0.808918410162295 0.817074826636575 0.823648541318963 0.830414236354966 0.837430203041744 0.844426396217036 0.851189929839293 0.854955980789862 0.861039175223228 0.87077449201286 0.878322622352787 0.884974483309789 0.892175451497478 0.898353485434001 0.902565696535853 0.90422373059588 0.90456766453572 0.904819387395625 -9999 -9999 -9999 -9999 -9999 -9999 -9999 -9999 -9999 -9999 -9999
0.525529991603858 0.524172072423939 0.516288804852756 0.509285606819371 0.503948387129395 0.502921958887524 0.504079944101059 0.505467763122384 0.514083405639471 0.539574641480265 0.553127537045192 0.559293880316617 0.573847863540173 0.577057118466907 0.545224271120301 0.54134910579672 0.558405987340415 0.573350643657156 0.589184086465956 0.60939951462205 0.628738191033487 0.647286580440649 0.700493874326557 0.754360852534522 0.778489856803329 0.794473324213636 0.80163300490591 0.808734123613023 0.815803944292597 0.82274827690765 0.829955326262685 0.837504861455276 0.845080969046824 0.852510473534484 0.857880702716158 0.865475801022181 0.876577585180474 0.884509231815388 0.891180761876257 0.900216438609579 0.907999536835351 0.913375493615277 0.914899693334114 0.914442200189057 0.908943153439217 0.904995075864722 -9999 -9999 -9999 -9999 -9999 -9999 -9999 -9999 -9999 -9999
0.564944827163079 0.56097117034402 0.547233851653554 0.535833741056741 0.528857983196666 0.525831209233996 0.524805509474177 0.520822481957604 0.525759245725832 0.551663045325167 0.565144844638378 0.570940839008599 0.587076814533777 0.591472553567094 0.559269741198241 0.555232814495018 0.572283817696921 0.586206300071483 0.600884764095233 0.619918391500513 0.638257780973814 0.655971397850867 0.706815349379373 0.758261995774801 0.781137898895574 0.796292406684781 0.80308258603807 0.809408808763076 0.815646857199487 0.822107562001381 0.82951831346921 0.838167575768598 0.846570549447156 0.854694156462185 0.86019068460032 0.867853828335314 0.878931842714904 0.888141366334585 0.896643473500677 0.907960415625071 0.917629558194055 0.92413204367898 0.92517928385063 0.923419851499415 0.914493044552039 0.906293109587292 0.900196339615873 0.890910284783775 0.8796223662646 -9999 -9999 -9999 -9999 -9999 -9999 -9999
0.586031545121428 0.58500503116618 0.56594790405351 0.551743207185618 0.54672419775891 0.542329585899475 0.53825137590357 0.53648732025342 0.541635911349784 0.562833089812742 0.573928420673778 0.578773483587316 0.595089234163794 0.600637064187253 0.572216638642963 0.569482362543505 0.585979426280315 0.598670041796644 0.612193301902923 0.630683417792372 0.647953580255796 0.664124100381141 0.71355138493972 0.763345357898853 0.783226729305561 0.797171990489954 0.804686862683869 0.810681753125213 0.816265509597829 0.821647618920896 0.829096551772762 0.839239861036988 0.848641698450539 0.857479001218108 0.862072510477094 0.868798076736885 0.878884044756549 0.889994352404389 0.901588303368072 0.915497530148448 0.927248414900081 0.93485150809982 0.93518280784104 0.931772838084751 0.921036207574657 0.910632280739008 0.901403960133821 0.890910284783775 0.8796223662646 -9999 -9999 -9999 -9999 -9999 -9999 -9999
0.595020294966973 0.591427377817389 0.57808857468371 0.568702909823155 0.566800565846559 0.564764960882981 0.562661828390746 0.57118634326826 0.580507496313655 0.591227324347862 0.597990377816071 0.602305275043967 0.612103106193948 0.613024899057285 0.58674771047805 0.583844614448391 0.598441810478884 0.609791173176672 0.621938379412015 0.638656488258325 0.660802686671954 0.687841659658598 0.728239919447288 0.765845383570941 0.776224949262402 0.787529955843567 0.799837461483141 0.805753550566739 0.810420314743224 0.817890527133605 0.826312680392079 0.835975813823854 0.844607992050009 0.852802530946891 0.859699816521547 0.86733143853425 0.876120471187395 0.88685225665264 0.898420111955475 0.911109422708389 0.922012140946312 0.929481476874263 0.930566884199581 0.928367820164215 0.920453870877804 0.911859694235629 0.901951116508291 0.892969613702485 0.884570021168632 0.883793280115758 -9999 -9999 -9999 -9999 -9999 -9999
0.602516618977174 0.595476782129147 0.585500489606802 0.57894757157538 0.578875127550071 0.578515503346118 0.578010355923538 0.592577510985221 0.605124844237116 0.612297663160807 0.619297808844009 0.626191117237347 0.630124529192836 0.628004802234309 0.608687463275921 0.604171103301576 0.610736305293648 0.620383288589785 0.631824751359446 0.648649979828848 0.675405823316029 0.71111293042014 0.741310755760144 0.766056519310834 0.76786672470092 0.77691047032903 0.793790067342435 0.800462531438811 0.805151242046042 0.814404094525126 0.823249044841201 0.831562241018013 0.839724811369062 0.847976060538899 0.858060718318197 0.866946202590949 0.87394163197292 0.882830299520301 0.892538765026706 0.903542915688821 0.913468653868595 0.921321953980563 0.923722052475406 0.923316529909876 0.918234683733144 0.911633138055708 0.901669226363956 0.894353880801732 0.888700998327361 0.888209068398942 -9999 -9999 -9999 -9999 -9999 -9999
0.609123309573846 0.597543005633451 0.578973525718712 0.565762319763376 0.562694367256821 0.560360021930438 0.558397418409391 0.561599482182603 0.572735929507481 0.602183908650983 0.625795525470791 0.64579603768882 0.648454537285394 0.650758313667984 0.65551696341676 0.644941748985231 0.62288599895657 0.629628647324205 0.642743813641103 0.66655999165035 0.694928919827143 0.727401608632938 0.746041281346169 0.759311200426385 0.758032890168622 0.766618044428063 0.785887958785284 0.796096712894627 0.804124049438854 0.813001674563527 0.820051650794045 0.824719046217896 0.834061735116771 0.845246922425387 0.860430758015458 0.871119086724687 0.874721906355966 0.877535510650684 0.880180018366224 0.889235969673118 0.898768203536404 0.90921573290773 0.91434107447171 0.916728200351044 0.9128887974737 0.907502604077306 0.898771306762877 0.89269866027895 0.888294806890244 0.888065678132915 -9999 -9999 -9999 -9999 -9999 -9999
