layers/veg/veg_4400.asc
NCOLS 255 
NROWS 330 
XLLCORNER -2985163.8955 
YLLCORNER -3022031.214 
CELLSIZE 25000 
NODATA_value -9999 
[rows 225 to 249 of 330, columns 57 to 113 of 255]
-9999 -9999 -9999 -9999 -9999 -9999 -9999 -9999 -9999 -9999 -9999 -9999 -9999 -9999 -9999 -9999 -9999 -9999 0.172748295017867 0.177339277870685 0.164779317944188 0.141762005232703 0.122387182896473 0.101931108154286 0.0776735350092367 0.0600578398083094 0.0473452141607316 0.0385237588194595 0.0333449329907195 0.0400240700789221 0.0470962981657735 0.0545179740676484 0.0654297058171468 0.0773213312761437 0.0909859473400103 0.0982229506268316 0.0985928055152514 0.104944911196181 0.112537965793056 0.118358280731026 0.124218245392128 0.130129177627965 0.136303545314139 0.142546165198854 0.148575249858463 0.149714488607226 0.143257791951683 0.155957105255699 0.176355087744169 0.191888390015537 0.203053877880969 0.205953029932025 0.211246298804193 0.21775244893911 0.218211128755388 0.227012911912259 0.255563071422654
-9999 -9999 -9999 -9999 -9999 -9999 -9999 -9999 -9999 -9999 -9999 -9999 -9999 -9999 -9999 -9999 -9999 -9999 0.170168188972739 0.166249502837958 0.153430007875411 0.135183470260962 0.117843578757467 0.0999980700010861 0.0805236449736073 0.0648525509951016 0.0519890961849777 0.0438126989679572 0.0388252281774337 0.0436482539124976 0.0467726814627041 0.0483870987955771 0.0581326423681723 0.0699456992206824 0.0848026933535498 0.0966800567349811 0.1053740350476 0.110866851704814 0.115598852540287 0.120566593502298 0.125399938514692 0.130060524802305 0.136811397346031 0.143964980229681 0.147676652211841 0.151035372442317 0.153845813901743 0.153765433759183 0.153258943167896 0.179321951589694 0.19826871495748 0.203747582053411 0.20877406340954 0.213571362053068 0.214135418773491 0.22042194106682 0.240257412190268
-9999 -9999 -9999 -9999 -9999 -9999 -9999 -9999 -9999 -9999 -9999 -9999 -9999 -9999 -9999 -9999 -9999 -9999 0.175631694547685 0.172950320517352 0.165643940225604 0.155517579555475 0.132815985435247 0.110135481681148 0.0898638266896923 0.0711716191625325 0.0536453681372018 0.0479276994259764 0.044616141950469 0.0450213988075553 0.0460466947125206 0.0476231894270628 0.0548382961194697 0.0643867864907233 0.0805843003846177 0.0927573237287435 0.100630652179623 0.106908917547588 0.112900874834505 0.119693823020562 0.124400546268495 0.126425540186499 0.131486869270411 0.137404669252598 0.14173979514383 0.147386757789242 0.155071540731536 0.154574078083522 0.151271063258175 0.167001770975931 0.179603716872482 0.186284304054222 0.197012636590838 0.209791593580707 0.210499962120182 0.213933593411988 0.224255829977847
-9999 -9999 -9999 -9999 -9999 -9999 -9999 -9999 -9999 -9999 -9999 -9999 -9999 -9999 -9999 -9999 -9999 -9999 0.179302473412843 0.18872800992138 0.192329815713634 0.192380749264717 0.159774628718161 0.127686256111934 0.103190045118436 0.0784269085491539 0.0534667261029908 0.0513216960363172 0.0505978297451295 0.0450120129396542 0.0450735825311819 0.0501555337743126 0.0540023167919738 0.0599436564832181 0.0775726749909548 0.0873729541731624 0.0888091460051166 0.096883016094904 0.106665949308868 0.116928729706185 0.122061586959574 0.120600205449944 0.122580241933011 0.125943782377559 0.132708567506457 0.140686003780065 0.150547184435626 0.157225439941506 0.162247341699887 0.154832835636069 0.152414077668563 0.159450055541485 0.179546025074079 0.206258304653039 0.207134897844301 0.207508274306143 0.207826829602157
-9999 -9999 -9999 -9999 -9999 -9999 -9999 -9999 -9999 -9999 -9999 -9999 -9999 -9999 -9999 -9999 -9999 0.252255576012862 0.243881593528332 0.216262643839862 0.203813525149478 0.200613826533363 0.166876559967498 0.136132936626516 0.119733238299475 0.0968937167271867 0.0693002834527616 0.0640377973321363 0.0597247472593825 0.0490053361970311 0.0468994336085945 0.0524507191171717 0.0608024811706105 0.06960413898123 0.0781316034493904 0.0818806744191194 0.0805245938500261 0.090954762521819 0.103565463073273 0.110735877375339 0.116962093463096 0.121974593810851 0.125580397786982 0.12869709236458 0.131385129693584 0.135667476494747 0.142426439529998 0.147932731917056 0.152860952626257 0.155486428918121 0.159215377961252 0.165032711600486 0.172926148719871 0.181871358663538 0.193742701885758 0.202361528489403 0.203256892275078
-9999 -9999 -9999 -9999 -9999 -9999 -9999 -9999 -9999 -9999 -9999 -9999 -9999 -9999 -9999 -9999 -9999 0.265168401020265 0.252805048629804 0.232765378460789 0.219844243258692 0.211263454381527 0.176351907814303 0.146260425142243 0.134999973843398 0.113116904534831 0.0833921622267746 0.0769791788550298 0.0708463841466258 0.0553731239240888 0.0509279752597857 0.056286534899942 0.0668351002473652 0.0767059785574104 0.078444293860627 0.078883095894431 0.0779335208158773 0.0872858627946418 0.0985226138053915 0.104845747947168 0.112501268616972 0.121869500109909 0.127256589447727 0.131034800326417 0.130772660199211 0.132048265030624 0.135712618216676 0.139693237370823 0.143978938409965 0.154434360936797 0.163352880179796 0.169362723028235 0.168561143242893 0.164308835066881 0.182454347289537 0.195326088095776 0.194909053097637
-9999 -9999 -9999 -9999 -9999 -9999 -9999 -9999 -9999 -9999 -9999 -9999 -9999 -9999 -9999 -9999 -9999 0.280353002837329 0.280871204433122 0.267894933496611 0.252070029391411 0.234508243390952 0.196594185043154 0.163050672898419 0.145924245745169 0.120628955104878 0.0893033660782367 0.0887677000106113 0.0871680272120324 0.0678806648643891 0.0608295157578834 0.0646560463641578 0.0691500596023018 0.0736178098434914 0.0773468102975809 0.0831732245729499 0.0912404788713864 0.0894029887328197 0.0872136153203352 0.100502614930767 0.110436526315991 0.116057653238898 0.122765567121242 0.129403461090843 0.130735360192166 0.132178635128655 0.133794922398242 0.13683952837609 0.140517746070864 0.145925528911815 0.153134677369918 0.163753012146837 0.168659357620827 0.170671957586049 0.179240124826093 0.182540983007214 0.173255234208061
-9999 -9999 -9999 -9999 -9999 -9999 -9999 -9999 -9999 -9999 -9999 -9999 -9999 -9999 -9999 -9999 -9999 0.275321893626448 0.276458370659509 0.269242256305527 0.254223494584476 0.234447266336702 0.193406122506091 0.158594105306156 0.145734989828776 0.123677579950091 0.0948299403199385 0.0969990686085613 0.0979166961119651 0.0803459819355806 0.0709247557426709 0.0687482153328891 0.0707393802357906 0.073657188247204 0.077463866301477 0.0835275427307629 0.0920025565124665 0.0912443867265171 0.0901757725335841 0.103665574640965 0.110924116031334 0.11017270877145 0.116479028588303 0.124724563278176 0.128642042926589 0.131676888576813 0.133340641771748 0.13498622252875 0.136669824492216 0.139949711824923 0.145461137883372 0.155195877199982 0.161667727707728 0.166486569196109 0.171070717928091 0.172586248128015 0.166944911103512
-9999 -9999 -9999 -9999 -9999 -9999 -9999 -9999 -9999 -9999 -9999 -9999 -9999 -9999 -9999 -9999 -9999 0.257744195351842 0.247900818616194 0.245476036782462 0.234021346925603 0.217060899453616 0.172800062673532 0.138342761540166 0.137283992963931 0.123408116454266 0.100070582835105 0.102586067801394 0.104522443914215 0.0927799099938388 0.081163990956252 0.069660629301796 0.0717892646761231 0.0760215695224367 0.0784838049397531 0.0809559990491775 0.0834388328500286 0.0928808099465136 0.103747035455077 0.112408526110473 0.113309096591269 0.10423342391672 0.108857712295395 0.117780125674622 0.125020292722935 0.130705229671677 0.133974256673447 0.13387661137341 0.132534410332759 0.13585692536336 0.139679288373438 0.144447641956943 0.149405543038682 0.154459470599574 0.159217651725865 0.164735596294324 0.172040865959809
-9999 -9999 -9999 -9999 -9999 -9999 -9999 -9999 -9999 -9999 -9999 -9999 -9999 -9999 -9999 -9999 0.267789947865811 0.25649088683187 0.246810815147123 0.241242381472213 0.227439838664604 0.208616756451161 0.169020627193161 0.136792308912303 0.129712247126701 0.122004345107839 0.113832968096219 0.107607183272245 0.1012571417962 0.0935766617941517 0.0861453428749186 0.0789355217673324 0.0786175348390946 0.0798004212487652 0.0822945233741798 0.0834161238737782 0.0830713677852531 0.0880017733152858 0.094215580461432 0.10025941190771 0.105302988181639 0.109060790527702 0.108669523692493 0.107737173393724 0.11688729603571 0.124468501759446 0.129612536295576 0.13057753275719 0.129919814038134 0.132318426134878 0.135201865703789 0.139002868686458 0.144298170391605 0.150350497361963 0.154215553274748 0.15853297505678 0.164001801180644
-9999 -9999 -9999 -9999 -9999 -9999 -9999 -9999 -9999 -9999 -9999 -9999 -9999 -9999 -9999 0.266979283482661 0.267494527033478 0.257725705908905 0.248190397450491 0.239547529649607 0.222926231018678 0.201440286348523 0.166159302963554 0.135795697298559 0.122203465424048 0.118911151990688 0.123222293022414 0.109992238272417 0.0969242632272 0.0922760509285492 0.0877958714905826 0.083465068955725 0.0825283214673004 0.0826335104485654 0.0849118553623964 0.0850620676345092 0.0829386204362889 0.0828604683641658 0.0836955829660207 0.0875267876194846 0.0961650483547601 0.110982519706128 0.107437359056763 0.0993642266616299 0.1090640710323 0.117501284166521 0.123977113345828 0.126199006467136 0.126723786406313 0.12876833241066 0.131347235320874 0.134937438899591 0.140503479579609 0.147070497228372 0.150277760262069 0.153232294270273 0.155742267876985
-9999 -9999 -9999 -9999 -9999 -9999 -9999 -9999 -9999 -9999 -9999 -9999 -9999 -9999 -9999 0.266434819733443 0.266133950127524 0.255899742676525 0.246293258841072 0.238473051982809 0.219966839052795 0.194945104685113 0.159048483210704 0.12831745810755 0.114529141568432 0.109968796322547 0.112220588467274 0.10269892105607 0.0930900678799603 0.0884012472559593 0.0792989175143629 0.0662730913736327 0.0727925818646173 0.0812529982468164 0.0817513843721781 0.0813329031931091 0.0799348571180877 0.07971610206442 0.0800355382885985 0.0821680319120522 0.0875218612142518 0.0970165433139505 0.0988633302455828 0.0987069066449253 0.104475901527766 0.110192874619449 0.115829036541933 0.118754378527241 0.120638916579289 0.124920530340578 0.129242725111411 0.133641721738138 0.138378825402759 0.143287217154682 0.147212884212512 0.15057664031098 0.152670621344799
-9999 -9999 -9999 -9999 -9999 -9999 -9999 -9999 -9999 -9999 -9999 -9999 -9999 -9999 -9999 0.270907803845312 0.269497397566395 0.258555283430741 0.247841832463053 0.237983648738891 0.216927806595926 0.18904447596105 0.156136600962092 0.126781124339163 0.108618983436732 0.102908601314809 0.106390173618426 0.104470531140209 0.100025104501785 0.0885617054291499 0.0784447284651305 0.0695246862199741 0.0752552633817578 0.0822241624848351 0.0821326253389047 0.0816098109667581 0.0806262275943607 0.0796701522241247 0.0789342817862706 0.0797703672977752 0.0824356693050029 0.0874523301890845 0.0909675320098293 0.0941133661156142 0.09872341193849 0.103439866910081 0.108321618914505 0.111259510676331 0.113497165819095 0.119072515919677 0.124410697966574 0.129300026057237 0.133789413157003 0.138076186528907 0.142464608361163 0.146150666347146 0.148191879355627
-9999 -9999 -9999 -9999 -9999 -9999 -9999 -9999 -9999 -9999 -9999 -9999 -9999 -9999 -9999 0.273911023008861 0.277002232632668 0.26522224062391 0.252474680188167 0.238017948511854 0.213817487540696 0.183676034520956 0.156983208493032 0.130563419576196 0.104287938791736 0.0975331376464774 0.105188605826382 0.114356202597462 0.116599734055988 0.0923341464884573 0.0844316161970138 0.0910754241119651 0.0886368121264411 0.0853003239643602 0.0856840702390925 0.0854725738433256 0.0846251306515761 0.0823976103195002 0.0801234092666582 0.0800231900029008 0.0805333614638328 0.0818281571899644 0.0836788213249971 0.0859964950885851 0.0919287336683356 0.0971840021394803 0.101387658492499 0.10371967283197 0.105409395695308 0.111434101505946 0.117137256889092 0.122231859900761 0.126993783742808 0.131587169304774 0.136209513000465 0.140140070169504 0.142453639246133
-9999 -9999 -9999 -9999 -9999 -9999 -9999 -9999 -9999 -9999 -9999 -9999 -9999 -9999 -9999 0.286226463339358 0.286253110634153 0.272471079785889 0.25852649282869 0.244686043645225 0.221728751292794 0.193212694822843 0.16383540612624 0.135827302163204 0.111932611453519 0.103213348263435 0.105696666219285 0.113371910522954 0.118234176946646 0.110287393014981 0.103968933410787 0.0990980123672338 0.0957066116551067 0.0929140677225173 0.0917985627914368 0.0903377630212552 0.0885080563203733 0.0863761392711391 0.0841597059563391 0.0818720445196964 0.0804534868291042 0.0801521150008531 0.0804122930633009 0.0812786768233914 0.0874883973128902 0.0918661585866208 0.093398136144461 0.0956193713195345 0.0982343269488482 0.104772857520948 0.11088074874881 0.116173630659991 0.121151806227014 0.125970548710099 0.129689563314229 0.133044706731841 0.135597689915684
-9999 -9999 -9999 -9999 -9999 -9999 -9999 -9999 -9999 -9999 -9999 -9999 -9999 -9999 -9999 -9999 0.294201017426212 0.281280316694101 0.26816122906086 0.255033213119651 0.232947802552555 0.205400847576935 0.171727684064234 0.141359680555982 0.121676971960774 0.110859683332154 0.1065868947804 0.111677565487544 0.118645787074079 0.128447989258902 0.123474315086146 0.105365265832394 0.102295693269334 0.101502987740077 0.0985354894084754 0.0957349660453014 0.0931128358005039 0.0908625172234298 0.0884704124682985 0.0843554932082597 0.0813937702774773 0.0799144188603416 0.0787098293298875 0.0780852648782533 0.0836421571080493 0.0868266595514731 0.0863258680409203 0.0887074581825829 0.0923437357554203 0.0986290398527909 0.104711200788783 0.110408901801739 0.115697418326499 0.120778638283957 0.123935931010776 0.126945555517632 0.129693727418401
-9999 -9999 -9999 -9999 -9999 -9999 -9999 -9999 -9999 -9999 -9999 -9999 -9999 -9999 -9999 -9999 -9999 0.297517234864533 0.294773887803681 0.277989808860224 0.250790993356959 0.217242056127444 0.17933581000833 0.146882772507623 0.130985813445911 0.118245677763708 0.107835925856633 0.116486042316045 0.12673409348602 0.134452835639745 0.130189202690744 0.115273545623069 0.112311243558525 0.110844257960047 0.106063121648576 0.102915354587731 0.101512650495441 0.0967769487574685 0.0915294801763964 0.0885928998658843 0.085846348331024 0.0833440685100538 0.0812478269197911 0.0795104373269155 0.0806363718852435 0.0823347162091664 0.084922247571603 0.0883876716400571 0.092163244989281 0.0942174355342034 0.098038152921022 0.105202122273944 0.111334003123535 0.116943018590721 0.122343172642249 0.126945555517632 0.129693727418401
-9999 -9999 -9999 -9999 -9999 -9999 -9999 -9999 -9999 -9999 -9999 -9999 -9999 -9999 -9999 -9999 -9999 0.32312701262861 0.315135220473054 0.295702910664776 0.266927191735432 0.232454565840057 0.191310740268849 0.15629586667054 0.140219865087693 0.126976381695788 0.115823878267405 0.128744727662392 0.142742056891032 0.150030776044385 0.150165607672137 0.143940816786682 0.131355361843003 0.119146655457006 0.114615756149266 0.111663435029792 0.110397639071886 0.10351418654202 0.0958186882462713 0.092390272967313 0.0890005202476363 0.0856604661569524 0.0830238175692994 0.0806726979466769 0.0790513703141582 0.0792933662516909 0.082429867605854 0.0859457944461573 0.0895598277734024 0.0911677640568197 0.0950502938631437 0.103237620566514 0.109116205902186 0.113825161952967 0.116316912827987 -9999 -9999
-9999 -9999 -9999 -9999 -9999 -9999 -9999 -9999 -9999 -9999 -9999 -9999 -9999 -9999 -9999 -9999 -9999 0.331392019652758 0.328771782214664 0.307775401954609 0.281227118432514 0.251293702571846 0.207983195241608 0.1698935727817 0.149373462669268 0.137153636847431 0.131061124946708 0.149017863872109 0.167269473365533 0.175906829781072 0.184407892478971 0.192787793557821 0.160111827693529 0.126331501093245 0.124271021567285 0.122097936686561 0.119804546226075 0.111136545897197 0.10143120149088 0.0957142865237142 0.090757951098514 0.0867792995405518 0.0839800906006069 0.0815521350818233 0.078994755597873 0.0778124705254781 0.0787662708257997 0.0812211098365564 0.0843499835118266 0.0895831715512385 0.0960267217870737 0.10476095093982 0.109206525271672 0.111479428233106 0.115321898549738 0.118032816601864 -9999
-9999 -9999 -9999 -9999 -9999 -9999 -9999 -9999 -9999 -9999 -9999 -9999 -9999 -9999 -9999 -9999 -9999 0.351224036297181 0.343839990700631 0.320399977099548 0.294282802138642 0.26653329587314 0.226081396027018 0.190669649550171 0.172179698370787 0.162818659899816 0.160196633246342 0.173412302492219 0.186978176626213 0.194794698858252 0.204466183025738 0.215786680774105 0.198282115335978 0.175068427514612 0.149237184397153 0.132740718890374 0.126217365539254 0.119593124839089 0.112997220813886 0.10679412129743 0.101155979935436 0.096244061726718 0.0924976538583166 0.0891405566998567 0.0859380259754604 0.0836104413483968 0.0826420067147612 0.0850411896996855 0.0888297614264892 0.0930261583871341 0.0975561220356784 0.102717379508181 0.107452205100596 0.11197099644078 0.115543582664501 0.118032816601864 -9999
-9999 -9999 -9999 -9999 -9999 -9999 -9999 -9999 -9999 -9999 -9999 -9999 -9999 -9999 -9999 -9999 -9999 0.380320371403842 0.361906629031443 0.336806470614407 0.309559881408062 0.281004560414713 0.243362354319958 0.21135206032297 0.197296807297339 0.191470931197831 0.191720024826606 0.198565970507937 0.205855833791402 0.211863017476281 0.220255756757906 0.230769193775593 0.234372387659217 0.227748628156971 0.175812516365155 0.143751575458586 0.132924917426059 0.12891075634144 0.126125896712439 0.119967769203365 0.11393930726125 0.10807752339284 0.103109821065034 0.0984874403308271 0.0945710772630388 0.0910865061779941 0.0882726850652016 0.0905822917519844 0.0949273869585082 0.0971432512388812 0.0989773312497693 0.100088862936278 0.105462976595218 0.112996552883429 0.113009525165047 -9999 -9999
-9999 -9999 -9999 -9999 -9999 -9999 -9999 -9999 -9999 -9999 -9999 -9999 -9999 -9999 -9999 -9999 -9999 0.401441650382251 0.399742200284073 0.380497553112374 0.343803467356493 0.296470028561964 0.25185105123333 0.217876820848657 0.214125386484286 0.213459401915835 0.215071112764258 0.221679230590378 0.22754346250013 0.228406055537184 0.230669327641597 0.234177767509508 0.237240483750595 0.232064828948935 0.185736364144685 0.157128187426148 0.147452054713371 0.143112270182267 0.1397957622703 0.134281433910807 0.128386767316319 0.122003196490344 0.115232586298167 0.108425542928304 0.1027357445343 0.0974837072058737 0.0929116922825028 0.0929929837087146 0.0949759163008734 0.0968836530851512 0.0985518134825564 0.0997665620169499 0.105172606086281 0.112701998430077 0.112886870736888 -9999 -9999
-9999 -9999 -9999 -9999 -9999 -9999 -9999 -9999 -9999 -9999 -9999 -9999 -9999 -9999 -9999 -9999 -9999 0.458791767122705 0.434712052470362 0.419577575514875 0.382241983315934 0.331369823634477 0.277140144990071 0.235219155768481 0.229458209056716 0.232425386017811 0.241835710202974 0.247563391941376 0.250752952358406 0.246112844137903 0.244385799809817 0.245248394562067 0.247828346537707 0.245650677307612 0.217913792642081 0.192380966831151 0.16920291872049 0.159737112048719 0.153759553509758 0.148461176562199 0.142307717374929 0.135055096213399 0.126767911758865 0.118243127866781 0.110940059201102 0.104494680686412 0.0993816466060057 0.0976334536672764 0.097322706840375 0.0991473138163798 0.100524675257039 0.101055599225075 0.10544955962613 0.111800569267897 0.111505772104479 -9999 -9999
-9999 -9999 -9999 -9999 -9999 -9999 -9999 -9999 -9999 -9999 -9999 -9999 -9999 -9999 -9999 -9999 0.48634895330674 0.476772979605718 0.465972442857842 0.452688920988415 0.426110526526581 0.391425920370196 0.32417611234211 0.266564042244096 0.242854885100675 0.247478984299676 0.273018843723194 0.277034280450915 0.275932379138847 0.265326021910366 0.262377633887761 0.266236984062444 0.268408877479175 0.271235400203936 0.278896838734469 0.255950830198336 0.200304363748238 0.179498773166797 0.16810380984797 0.162467566997467 0.155547139107368 0.146975960800663 0.137542839795914 0.127904711591676 0.119195694494867 0.112300137301409 0.108221626807436 0.105160206658524 0.102644426853809 0.104677146920261 0.105602062312268 0.104430394698539 0.106460872270206 0.110113585591494 0.110783004442522 -9999 -9999
-9999 -9999 -9999 -9999 -9999 -9999 -9999 -9999 -9999 -9999 -9999 -9999 -9999 -9999 -9999 0.573608692248911 0.568004058950761 0.56069294190331 0.550781160672961 0.534951607206823 0.494852765571297 0.439956340415526 0.382734163757459 0.331158864512461 0.296319414506299 0.299882809896812 0.331795389600936 0.345317474564504 0.351627518926799 0.339221008297607 0.339966477065149 0.352403718168416 0.325923834335407 0.299968076924801 0.312004310010698 0.301991423279773 0.268421644886522 0.224848935807099 0.183344972787941 0.17533011334681 0.167181834173804 0.158862051151133 0.14911797680492 0.138616403964467 0.124379899881704 0.114221324938809 0.110397445790944 0.10936559358966 0.109593697188115 0.113953990103296 0.115855572374924 0.113103905684699 0.11122136746785 0.109779137606461 -9999 -9999 -9999
