layers/veg/veg_1400.asc
NCOLS 255 
NROWS 330 
XLLCORNER -2985163.8955 
YLLCORNER -3022031.214 
CELLSIZE 25000 
NODATA_value -9999 
[rows 200 to 224 of 330, columns 57 to 113 of 255]
-9999 -9999 -9999 -9999 -9999 -9999 -9999 -9999 -9999 -9999 -9999 -9999 -9999 -9999 -9999 -9999 -9999 -9999 -9999 0.231875324745374 0.231877564706172 0.221928471771542 0.19342187218569 0.1383753126819 0.0700839512430195 0.0403253872510114 0.0261635495953262 0.0465167010883068 0.0833233804122871 0.130164479711091 0.201006944617861 0.253318093338641 0.247630430849379 0.226590570640386 0.194215136141944 0.217864695893186 0.24450202144104 0.257308449220905 0.261519484793927 0.258087783813274 0.2652339657341 0.273514337789176 0.277902697292763 0.288017877033833 0.304252811524646 0.305043298232941 0.302918134889963 0.307505116984202 0.317793909411185 0.335413676158972 0.334306440754096 0.326783886999822 0.314782621327891 0.304447272822067 0.296700362198095 0.281242416021562 0.262567315032014
-9999 -9999 -9999 -9999 -9999 -9999 -9999 -9999 -9999 -9999 -9999 -9999 -9999 -9999 -9999 -9999 -9999 -9999 -9999 0.219629235191908 0.225780771215059 0.223513670631378 0.205547275644905 0.149974271777018 0.0756336402403323 0.0308772861667954 0.0139138586535147 0.0598125087551122 0.111206132322493 0.165950944283787 0.220612180738975 0.260662761940216 0.258538523619243 0.241899738438355 0.214543873708862 0.23123408817209 0.249159639743215 0.252055051831883 0.253139820848688 0.252614626334106 0.261888469544077 0.271684189957562 0.275205928507911 0.277218029467281 0.277616912020158 0.282803601661975 0.290373727436785 0.306768000284592 0.324038605478149 0.34243593526412 0.345530178992684 0.342652911426058 0.326931850783026 0.313890070163516 0.305011251574815 0.290504966101142 0.27343609032962
-9999 -9999 -9999 -9999 -9999 -9999 -9999 -9999 -9999 -9999 -9999 -9999 -9999 -9999 -9999 -9999 -9999 -9999 -9999 0.219346408389809 0.216384509418446 0.209490043217502 0.195262022478064 0.141243168160898 0.0673666459648564 0.0274550557480004 0.0134937475287409 0.0580065467316079 0.110736311465794 0.168477310502241 0.217817885814351 0.25495082744939 0.258402804751188 0.245036753260236 0.219252804458249 0.229551697934842 0.241380532489715 0.242829783471444 0.241977165421659 0.239077802073281 0.252567765697262 0.266799217138918 0.269874187148231 0.271380963874576 0.271211948818747 0.264587053119362 0.261806667134777 0.299149761250752 0.325967525703065 0.339252584404159 0.347819796498788 0.35354153225837 0.342651145358774 0.331004437207361 0.318182586246401 0.305549198036253 0.292674993337308
-9999 -9999 -9999 -9999 -9999 -9999 -9999 -9999 -9999 -9999 -9999 -9999 -9999 -9999 -9999 -9999 -9999 -9999 -9999 0.207688156724509 0.207397957447175 0.20258865642287 0.189352015904625 0.138416745156722 0.0686679233650387 0.0341860981755817 0.0222481104102883 0.0609083663182042 0.107357513667312 0.158556828194062 0.207610182949177 0.246154423609632 0.254753203062864 0.244682854967294 0.220827817141168 0.226277083718722 0.233733201783009 0.235612463606869 0.234227616056448 0.2299404311339 0.247999145233467 0.265906910653984 0.262739956193021 0.261716279329632 0.262982936842715 0.251231018718702 0.244141884838077 0.29519052959958 0.328506918262108 0.339024457695128 0.347949633472428 0.355389750574048 0.350614484351199 0.34234205641589 0.328635873405806 0.315420345093456 0.302256302079239
-9999 -9999 -9999 -9999 -9999 -9999 -9999 -9999 -9999 -9999 -9999 -9999 -9999 -9999 -9999 -9999 -9999 -9999 -9999 0.207713385959886 0.208236140033726 0.203279879053162 0.188106207060153 0.141884961166043 0.08016938264458 0.0517409584476403 0.0407828502171692 0.0688288800116467 0.10087762354047 0.135367479459412 0.18949947399233 0.234069845120691 0.247357653821579 0.240607495797899 0.219061940752728 0.221305091467393 0.226226350442933 0.230535701677571 0.230116581961728 0.225493063318346 0.248496446438262 0.269270955176627 0.253684195171223 0.247971191259249 0.252809411804277 0.243056497757008 0.238099391531811 0.295131954416606 0.331697100122656 0.341946724793418 0.345777053144657 0.347600517837112 0.350309646991631 0.347521418356149 0.336191607075846 0.319776765100603 0.301542207286758
-9999 -9999 -9999 -9999 -9999 -9999 -9999 -9999 -9999 -9999 -9999 -9999 -9999 -9999 -9999 -9999 -9999 -9999 -9999 0.184768937782649 0.185432381026813 0.180463199581483 0.164990151846326 0.123359257038627 0.0686742542143581 0.0496450732925029 0.0470517503144036 0.0810023128027677 0.107938252497573 0.130596223856436 0.182026208029151 0.224493599197087 0.235701455879105 0.236655593571433 0.230038711435025 0.230780893024892 0.232655700386947 0.235476440225702 0.232404438485145 0.224092807140054 0.239084709948639 0.252415555078995 0.236180594278977 0.23031568777416 0.235532356453557 0.240791012508706 0.249614264872144 0.284632948021848 0.314212183164703 0.33679777044303 0.343914879728178 0.346005894394626 0.347835523354789 0.346977991376325 0.341945252304922 0.329212976509942 0.313401626859649
-9999 -9999 -9999 -9999 -9999 -9999 -9999 -9999 -9999 -9999 -9999 -9999 -9999 -9999 -9999 -9999 -9999 -9999 -9999 0.167831633662762 0.164112451501506 0.156069716511798 0.139964306781524 0.101130966822722 0.0509552233636088 0.0418400886773273 0.048797377786938 0.0912753795004502 0.113742980435037 0.124006951403899 0.17484631360659 0.216482219676285 0.223956509956042 0.2323758653303 0.241493026698372 0.241731559625586 0.241167805947011 0.241568699888078 0.23570088488418 0.224259142612615 0.229040908029414 0.233149379800689 0.219112590250446 0.213750767477245 0.217659127272408 0.23905987475533 0.262926971365705 0.273030938850145 0.293465705152079 0.327183063547525 0.340285286077453 0.346196376262644 0.345552392606505 0.345503661976882 0.346379812556523 0.338951126383906 0.32788229679918
-9999 -9999 -9999 -9999 -9999 -9999 -9999 -9999 -9999 -9999 -9999 -9999 -9999 -9999 -9999 -9999 -9999 -9999 -9999 0.167991737619937 0.169431532596853 0.162640497210579 0.140500393431652 0.09155005404968 0.0292200312961673 0.0277398490565964 0.0395805494512357 0.0799294710721844 0.0858527653089627 0.0707810968473024 0.150576000483407 0.21540182014407 0.219267585397529 0.225470410299971 0.233398845682005 0.237358284548205 0.23973614485337 0.237980679508734 0.234814718257784 0.230394591011544 0.232287961171968 0.232787869563596 0.220516725535583 0.212250945993978 0.208265351148883 0.230556726613033 0.257658158028687 0.272229740311013 0.28621319020213 0.299440462106683 0.323141964213011 0.348264317513563 0.348592596570988 0.347558375906316 0.344407155689421 0.341713975797981 0.338830224818822
-9999 -9999 -9999 -9999 -9999 -9999 -9999 -9999 -9999 -9999 -9999 -9999 -9999 -9999 -9999 -9999 -9999 -9999 -9999 0.17242141971541 0.173232673315463 0.165880277317001 0.1433040933783 0.0909254377342384 0.0236738193527008 0.021596316665827 0.0316428026699129 0.0672959314613047 0.0657049560996306 0.0414001295507466 0.128144929463575 0.199860712556947 0.207418075487141 0.215110606241613 0.222902940616495 0.229989719606792 0.235454509249208 0.235179911195984 0.234304075832777 0.232893640272644 0.234438057717157 0.234671087379957 0.225600331602227 0.215205787304149 0.20339662533883 0.223529782846315 0.250316031558184 0.267811290104813 0.278417292734382 0.280165589605595 0.304993012032824 0.335666171506391 0.34590531210965 0.350263315027925 0.345483432892906 0.34412418312143 0.34381211233983
-9999 -9999 -9999 -9999 -9999 -9999 -9999 -9999 -9999 -9999 -9999 -9999 -9999 -9999 -9999 -9999 -9999 -9999 -9999 0.1723589295847 0.171156584262032 0.164847752164447 0.14901620956308 0.101788070188588 0.0388914178629942 0.0256579707348464 0.0253455920277816 0.0530108900507193 0.0554874728083116 0.0426023562273266 0.108072850432124 0.165772457541147 0.186384476409574 0.200320291557518 0.209326610315005 0.218779428348183 0.227517527225364 0.233388863851748 0.234275076678606 0.230728683410202 0.235181209619186 0.239433369069718 0.23540318701579 0.223874130834352 0.204331680019153 0.218396202812877 0.240314696132867 0.258753392113551 0.269924458738384 0.271751334470915 0.285554249308502 0.304257460930406 0.335872013066842 0.353802225933996 0.350470239891526 0.346082095521314 0.341142020976162
-9999 -9999 -9999 -9999 -9999 -9999 -9999 -9999 -9999 -9999 -9999 -9999 -9999 -9999 -9999 -9999 -9999 -9999 -9999 0.175538404005611 0.175178353857405 0.1680622807005 0.148347398596371 0.102889899114467 0.0445855125417888 0.0269927566009659 0.0206404898462545 0.0387135395539708 0.0438612266340955 0.0411261959004887 0.091191121205387 0.138282749152127 0.166917981985355 0.184515566867306 0.193963303719897 0.202963272638121 0.213510777190368 0.230034062823682 0.236479119077449 0.233962949336892 0.232374034683645 0.231895466855403 0.236177224406994 0.229372531848573 0.210720714200652 0.220950549797447 0.237892958434961 0.25157150459668 0.262766303338002 0.27076767972823 0.279217746166382 0.288973503179177 0.313346739174026 0.333492718998048 0.347070551118524 0.347152008024256 0.34167887869741
-9999 -9999 -9999 -9999 -9999 -9999 -9999 -9999 -9999 -9999 -9999 -9999 -9999 -9999 -9999 -9999 -9999 -9999 -9999 -9999 0.181551180603716 0.172196765743137 0.145397992642544 0.101556916065714 0.0492108555040414 0.0281942888758289 0.0164147433338974 0.0247808604437215 0.0322808917500424 0.0392527282050311 0.0766437071019637 0.114376097553705 0.147407733997604 0.167585362503175 0.178272000561506 0.18623200638153 0.197969100623723 0.225019878578796 0.237749234322465 0.237744458289276 0.22805307719409 0.220637734713309 0.233513494395242 0.233112436345754 0.218523597817051 0.226043221365562 0.238384425335279 0.245892350750365 0.256694883615236 0.271733383866254 0.277077045189077 0.279783744457235 0.28878995557261 0.306714482643444 0.338495945299727 0.345557911044096 0.342476160411466
-9999 -9999 -9999 -9999 -9999 -9999 -9999 -9999 -9999 -9999 -9999 -9999 -9999 -9999 -9999 -9999 -9999 -9999 -9999 -9999 -9999 0.170714659748187 0.139669910511012 0.109130424218881 0.0788430900646189 0.0387130856671987 0.011762642906591 0.0154508683625932 0.0269468252547224 0.0432044391656658 0.0783940426963813 0.108633713153095 0.121040520966586 0.140687933287268 0.165681577580088 0.176622754572318 0.187705792828729 0.205584584763755 0.21836638190656 0.226616100992314 0.219128776763975 0.212468352414647 0.224286135414299 0.227661817229795 0.222016159684679 0.231869217073176 0.244726033791706 0.251421004792574 0.258817238135223 0.26711510375249 0.274560832173628 0.281749501839296 0.289173445185203 0.295207458167156 0.299081850922849 0.314278166270307 0.333610698876174
-9999 -9999 -9999 -9999 -9999 -9999 -9999 -9999 -9999 -9999 -9999 -9999 -9999 -9999 -9999 -9999 -9999 -9999 -9999 -9999 -9999 0.176074166034178 0.138215114743552 0.114603247974904 0.0981014573973936 0.0466495468236382 0.0103546519345138 0.0101161805169132 0.0245300634791313 0.0478798949490024 0.0790745504657891 0.102807537120564 0.103527312434877 0.119628756214955 0.147087534545593 0.164294644020729 0.17917979547705 0.1899697485905 0.201375252334793 0.213328083204335 0.211093690440055 0.208812287353191 0.21919019099322 0.224762609210764 0.225199823070644 0.237014082706249 0.250659976139502 0.25703122636425 0.262289460062578 0.266116657809576 0.274595007506562 0.284194550824944 0.288959287725126 0.288061697504397 0.278366201651029 0.29516255283971 0.322205279005986
-9999 -9999 -9999 -9999 -9999 -9999 -9999 -9999 -9999 -9999 -9999 -9999 -9999 -9999 -9999 -9999 -9999 -9999 -9999 -9999 0.189289296095211 0.176400906606016 0.139477910277453 0.116820337424659 0.101281942936903 0.0505837891182753 0.01397452638622 0.0109735932461773 0.0266346705825469 0.053677042715894 0.0780969913897337 0.0968514970822859 0.0997364346994843 0.10761796252588 0.119188813571288 0.147752725010576 0.173346359282409 0.180276027948416 0.188090921426036 0.196692927331236 0.204436747770219 0.21215116250466 0.220497296994309 0.225817691826234 0.227904741822112 0.241103302591807 0.255962099382448 0.262767864928562 0.267853766661505 0.270728392200777 0.278581888372715 0.287382427299876 0.287818870194674 0.287675217881525 0.286630235993363 0.294899452320541 0.306863318502346
-9999 -9999 -9999 -9999 -9999 -9999 -9999 -9999 -9999 -9999 -9999 -9999 -9999 -9999 -9999 -9999 -9999 -9999 -9999 0.183350068249822 0.18390075647468 0.174142395106157 0.145159447603563 0.122811850944371 0.103775634858565 0.0483515022217328 0.00867989279122487 0.00648358091344402 0.0268678224709609 0.0610231384607239 0.0779382706655486 0.0908182201129452 0.0952689014635791 0.101467975889293 0.108958008127793 0.129554899112311 0.150345501429446 0.166014525761958 0.177185303723912 0.184356390789117 0.19608868750791 0.20897800225115 0.223559807744528 0.232996406793181 0.236934771171847 0.247373804704756 0.258929600559576 0.266846133727869 0.271479803164706 0.271892604436955 0.278142737969088 0.285824456161917 0.287746365453477 0.28901710938287 0.289276097670939 0.29180817087712 0.295620235320651
-9999 -9999 -9999 -9999 -9999 -9999 -9999 -9999 -9999 -9999 -9999 -9999 -9999 -9999 -9999 -9999 -9999 -9999 -9999 0.178631178015327 0.177897271959217 0.171025206284816 0.152706539522931 0.130490557130418 0.10632961424189 0.044155429836836 0.000351422124810519 9.65522610684142e-05 0.0263219391660436 0.0686966905226871 0.0779933192010644 0.0847902594648014 0.0905526842527437 0.0977146140562985 0.105909893831144 0.111107492775199 0.121002366287074 0.149766346020568 0.166950664115702 0.173838732644446 0.187038435477413 0.202945938219925 0.226780574742425 0.241963111527027 0.247899901759346 0.254156180810682 0.260836578767051 0.270059473255059 0.274193753876475 0.271785463733964 0.276013006864199 0.28233577128358 0.288003247175632 0.29093360354002 0.289611129081421 0.287702476252634 0.286337112449761
-9999 -9999 -9999 -9999 -9999 -9999 -9999 -9999 -9999 -9999 -9999 -9999 -9999 -9999 -9999 -9999 -9999 -9999 -9999 0.178659201450936 0.178828285340792 0.17466071235757 0.162406027867588 0.143231393003201 0.120603347794827 0.0589709119644856 0.0127976253275897 0.00351611231749118 0.025245692777866 0.0658878334476667 0.0739063886928869 0.0800299315893568 0.0867800788848 0.0941399405509412 0.1019499959073 0.107324782208139 0.114466671526859 0.129290132660431 0.146403836954836 0.165553949210727 0.177569977235112 0.189970486533596 0.210796290997814 0.226470371425986 0.236639252401133 0.247923120963155 0.25902971926993 0.266793834669871 0.272736484825178 0.276337227032763 0.277855267359676 0.279045779377044 0.284599478410433 0.288353947747559 0.289312843331852 0.288401092827675 0.286947474923024
-9999 -9999 -9999 -9999 -9999 -9999 -9999 -9999 -9999 -9999 -9999 -9999 -9999 -9999 -9999 -9999 -9999 -9999 -9999 0.17824455503794 0.178840945342235 0.176035619175533 0.166886682891525 0.149205868977436 0.127267210300422 0.0683529017154934 0.0221719161362358 0.00654618794337071 0.0237804488554946 0.0610548455023 0.0686111287218213 0.0748114521260125 0.0826518181955094 0.0903746229851382 0.098010624266511 0.103706227481947 0.109223558634659 0.11494075706849 0.129460576340872 0.15180739296625 0.166465958244736 0.180465125414228 0.198125535591567 0.213543260770675 0.226564423529284 0.240524333942537 0.254025562964916 0.262432039552543 0.27031976450076 0.277540516202683 0.277508219763941 0.27565069316108 0.280364860361724 0.284305109291414 0.287042873841477 0.288625565679151 0.289497685959128
-9999 -9999 -9999 -9999 -9999 -9999 -9999 -9999 -9999 -9999 -9999 -9999 -9999 -9999 -9999 -9999 -9999 -9999 -9999 0.178207143443842 0.177598032259854 0.173142555320043 0.16151427461145 0.142405579343917 0.119563773343292 0.0674765557315057 0.0257464916783288 0.00884092398006775 0.0215807845954781 0.0524003349338697 0.0610345644901514 0.0687279907172803 0.077852086665844 0.086249372867236 0.0941100058783964 0.100397596026417 0.106420817026325 0.112158740821747 0.119320784457339 0.127749108036575 0.152274030022932 0.177511232779431 0.191710662002415 0.205460012294878 0.218728402375809 0.230924675017064 0.242984967878687 0.256000720647318 0.26609161745504 0.272421946532486 0.273027797927443 0.272057190781954 0.274561613831623 0.277482480430245 0.281050400963895 0.287954863721165 0.29571029613988
-9999 -9999 -9999 -9999 -9999 -9999 -9999 -9999 -9999 -9999 -9999 -9999 -9999 -9999 -9999 -9999 -9999 -9999 -9999 0.177270357222289 0.177176366363287 0.171945055766824 0.157133536549143 0.136942978486781 0.114068004007844 0.0625575691610225 0.0232588428258364 0.0130266272176621 0.0229512147454993 0.0451687178166834 0.0549431971693487 0.0640512487119577 0.0735610207264601 0.0825395255782403 0.091125759661983 0.0977112844870495 0.103948883891317 0.109780020331525 0.114454368137847 0.118100138007955 0.137687986941949 0.16003050826003 0.181782386061826 0.198563248590255 0.210032019404837 0.22216108486319 0.234159787304114 0.243991988981367 0.254272787443323 0.26513035912591 0.269224956717322 0.271164591620897 0.273525223397559 0.275995218938101 0.278635139679659 0.285107235859941 0.292714659974123
-9999 -9999 -9999 -9999 -9999 -9999 -9999 -9999 -9999 -9999 -9999 -9999 -9999 -9999 -9999 -9999 -9999 -9999 -9999 0.177286865280099 0.177724808136788 0.171604438573945 0.153253955957385 0.132156401484695 0.10968791718587 0.055595565169661 0.0177075454044397 0.0181679630055871 0.0261258530406256 0.038656184191276 0.0496023994570519 0.0600854163672797 0.0695270176251178 0.0790396091990002 0.0886046177633385 0.0953394729391796 0.101644130464601 0.107605112235384 0.112252942166536 0.115733161205276 0.122902771190059 0.135208401301252 0.170078552275574 0.192266095215874 0.200900837904587 0.21382001633321 0.226454204266086 0.229164616580532 0.238617876235642 0.25674060011681 0.265764542441805 0.271636940000578 0.274897845053157 0.277204276410872 0.27802768333059 0.281159461337366 0.285065479349207
-9999 -9999 -9999 -9999 -9999 -9999 -9999 -9999 -9999 -9999 -9999 -9999 -9999 -9999 -9999 -9999 -9999 -9999 -9999 0.175823818562963 0.175604498403646 0.170415107250039 0.15595739731916 0.134398544001969 0.10929585572967 0.0542660818630452 0.0143654120987854 0.0102825420212558 0.0208304007560966 0.0403010193360618 0.0464745220208194 0.0527101866770452 0.0616111494565433 0.0724803754772925 0.0848029044452618 0.0916263002704234 0.0977599990593496 0.10377160017417 0.108966803067364 0.113436091845106 0.119856066401858 0.131176831172638 0.165455585273754 0.188245132126023 0.198757162360655 0.211389656438992 0.223196312366423 0.225044369446191 0.231706095031146 0.244556886569018 0.250909462198068 0.255600401557227 0.265847089582425 0.273765050624476 0.278064725438194 0.27983936403656 0.28058626377802
-9999 -9999 -9999 -9999 -9999 -9999 -9999 -9999 -9999 -9999 -9999 -9999 -9999 -9999 -9999 -9999 -9999 -9999 -9999 0.202672665583283 0.191441169436087 0.180298857433044 0.169322858361717 0.142554618498108 0.107905240077706 0.0513791986399779 0.00990229072288449 0.00377973884646735 0.0174417778389054 0.0431697333841522 0.0460434584342207 0.0486715625652014 0.0548628268339367 0.0663240406736806 0.081676417586907 0.0885631815771915 0.0945137545790529 0.100745011149568 0.106508585722372 0.111856313034994 0.117847549304885 0.127760775141158 0.156880854173474 0.179436137989713 0.19497619607183 0.20783516066318 0.21903416574126 0.222894427694974 0.228021252997326 0.234776533622231 0.238546745955465 0.24209291296231 0.254983585510114 0.26649405417791 0.275860015255308 0.277306667673649 0.275626491065406
-9999 -9999 -9999 -9999 -9999 -9999 -9999 -9999 -9999 -9999 -9999 -9999 -9999 -9999 -9999 -9999 -9999 -9999 -9999 0.203317378335256 0.212860249085594 0.216013072354498 0.207249567440592 0.164192524498175 0.104021246257534 0.0446281390541764 0.00273517499563108 0.00104402581909466 0.0188503223265989 0.0485474157768336 0.0518018578234195 0.0525485707825012 0.0509970979949199 0.0612345534538733 0.0801765784064717 0.0870706201240482 0.0928197050774845 0.0996677110019247 0.106024508409305 0.11194453955885 0.117765258629874 0.124906733654043 0.138803511842003 0.159377918727061 0.187088126674742 0.201414116664254 0.212579037002789 0.224885341831145 0.231486968569205 0.230753933831727 0.232467846481597 0.235169161597632 0.240334357212868 0.250491824209526 0.268406090057325 0.271839018089324 0.269414325102701
