layers/veg/veg_3700.asc
NCOLS 255 
NROWS 330 
XLLCORNER -2985163.8955 
YLLCORNER -3022031.214 
CELLSIZE 25000 
NODATA_value -9999 
[rows 175 to 199 of 330, columns 57 to 113 of 255]
-9999 -9999 -9999 -9999 -9999 -9999 -9999 -9999 -9999 -9999 -9999 -9999 -9999 -9999 -9999 -9999 -9999 -9999 -9999 -9999 -9999 0.515030051509083 0.380588650646741 0.172663321525261 0.213903770389033 0.233310185988544 0.174099915558474 0.10848995732207 0.0386253808465412 0.0164936564421419 0.0024277570383897 0.000747940649770702 0 0 0 0 0 0 0 0.036385619902256 0.0948071492020381 0.238317273813877 0.31637001342474 0.318476660443147 0.332119421538391 0.349725425334929 0.373952683896265 0.384666512469641 0.376486990839437 0.365872788386191 0.355504856473714 0.365200846694825 0.35797689839766 0.32207588790242 0.31294937130776 0.315846916860211 0.31100623029003
-9999 -9999 -9999 -9999 -9999 -9999 -9999 -9999 -9999 -9999 -9999 -9999 -9999 -9999 -9999 -9999 -9999 -9999 -9999 -9999 -9999 -9999 0.384941746894344 0.183748860042689 0.194882444259094 0.194297141392987 0.144198329601087 0.0851241486330552 0.020082993875794 0.00671385778660973 0 0 0 0 0 0 0 0 0 0.0233958495937906 0.0702382983360145 0.226548999242028 0.308098798693894 0.302908219744647 0.326063883186414 0.355093607670621 0.365210568610002 0.367221433343781 0.357899030762542 0.350482443505491 0.343573846426287 0.333468799002094 0.321904543845165 0.307867124210341 0.303930093819729 0.304511524962438 0.299738851629229
-9999 -9999 -9999 -9999 -9999 -9999 -9999 -9999 -9999 -9999 -9999 -9999 -9999 -9999 -9999 -9999 -9999 -9999 -9999 -9999 -9999 -9999 0.222104259404487 0.207339727417117 0.18838207571724 0.161266099409356 0.113834107828093 0.0610047335827884 0.00458709012484666 0 0 0 0 0 0 0 0 0.0041959605285493 0.012442246407642 0.0217888290820327 0.0530380568401647 0.212197567139702 0.296217723840156 0.293058407885417 0.319464748903353 0.350967186914563 0.353359727082383 0.350579356576081 0.340566654010111 0.332983829637559 0.325391625997117 0.30199508127134 0.289759083791756 0.296438740597671 0.296233136379458 0.292915253957499 0.288774382454555
-9999 -9999 -9999 -9999 -9999 -9999 -9999 -9999 -9999 -9999 -9999 -9999 -9999 -9999 -9999 -9999 -9999 -9999 -9999 -9999 -9999 -9999 0.237208025684566 0.245802782983202 0.203745575809816 0.152346212740063 0.081952045349126 0.0346134836260977 0.00260266965533656 0 0 0 0 0 0 0 0 0.024279647296697 0.0719962335919751 0.0800322631111175 0.0965370346066878 0.212064764731253 0.283837712006325 0.304844732875986 0.322389482541704 0.337540767574355 0.339743153887559 0.335978229284113 0.323870308489295 0.301180243100707 0.276384984526885 0.282109480078321 0.285819274130854 0.286114415102217 0.284607942154934 0.282285970393406 0.279590936168324
-9999 -9999 -9999 -9999 -9999 -9999 -9999 -9999 -9999 -9999 -9999 -9999 -9999 -9999 -9999 -9999 -9999 -9999 -9999 -9999 -9999 -9999 0.296218937812063 0.288046773793063 0.217203016191825 0.144137098548331 0.0712666324196676 0.0271083264446708 0.00203833914571101 0 0 0 0 0 0 0 0 0.0308100671653363 0.0913608326148031 0.111309572692471 0.132178657417974 0.208658637823351 0.264771894024757 0.297254919318275 0.311303046322594 0.319622028445326 0.322860856401086 0.319854376219258 0.308116227328759 0.281925135501008 0.253145193374941 0.271161008029356 0.281089807073518 0.277312182220127 0.275186546484069 0.273820700284881 0.274470453997704
-9999 -9999 -9999 -9999 -9999 -9999 -9999 -9999 -9999 -9999 -9999 -9999 -9999 -9999 -9999 -9999 -9999 -9999 -9999 -9999 -9999 -9999 0.313045068161584 0.330895979388189 0.228949368909179 0.136566051470649 0.0796096504334248 0.0365573917370315 0.00274883670132771 0 0 0 0 0 0 0 0 0.0251735923249835 0.0746470412535698 0.118379139646323 0.160766659051401 0.202314016836603 0.239704165208895 0.272270964603918 0.287638651617939 0.297670491742476 0.303046887613536 0.302363557957985 0.293208025714797 0.273934915040209 0.253036545225599 0.268235480566562 0.275651457171195 0.269876346141218 0.267743521427537 0.267298085335292 0.272997332789394
-9999 -9999 -9999 -9999 -9999 -9999 -9999 -9999 -9999 -9999 -9999 -9999 -9999 -9999 -9999 -9999 -9999 -9999 -9999 -9999 -9999 -9999 0.311147291856072 0.311070765959361 0.227323848337423 0.146796898449948 0.0822331661288942 0.0362910182230066 0.00272880744713802 0 0 0 0 0 0 0 0 0.0120922354987659 0.035857004056923 0.0883160930998132 0.148009888169104 0.214940581354179 0.250033130692102 0.248185881402999 0.267625398946326 0.289247874378564 0.276381245236831 0.268215862275478 0.2666233694359 0.258154301026013 0.248400095766455 0.259957898060377 0.266398303126194 0.264165395434748 0.263487078982766 0.263544549106219 0.268394127175498
-9999 -9999 -9999 -9999 -9999 -9999 -9999 -9999 -9999 -9999 -9999 -9999 -9999 -9999 -9999 -9999 -9999 -9999 -9999 -9999 -9999 -9999 0.288328336872237 0.285378035114567 0.222732397897535 0.155519727465003 0.0822739187575386 0.0340883270681228 0.00256318189234492 0 0 0 0 0 0 0 0 0.00159034720452588 0.00471584316815697 0.0545927889627714 0.120331218141709 0.221905722198468 0.261402235281527 0.228873554410204 0.249196851237734 0.278119875279316 0.250361241772437 0.236310660737688 0.241425534823938 0.242188640174855 0.241818127810469 0.249216539747337 0.255144118477649 0.258578829086611 0.258914448946241 0.257882173477561 0.261068645951902
-9999 -9999 -9999 -9999 -9999 -9999 -9999 -9999 -9999 -9999 -9999 -9999 -9999 -9999 -9999 -9999 -9999 -9999 -9999 -9999 -9999 -9999 0.291142016802521 0.292543315978749 0.215508380510327 0.139729248532125 0.0744407754286956 0.0310953915088211 0.00233813599275511 0 0 0 0 0 0 0 0 0.0113467434127181 0.0336464026543495 0.0370551514567362 0.0549804032257529 0.181929306390582 0.244767293198289 0.233221410412483 0.235465878947682 0.240355684224188 0.234110951697307 0.231611479779468 0.234348318728176 0.232611628571944 0.229511737386094 0.230866108296791 0.237208802108778 0.252006044733091 0.249716400950598 0.239809800405608 0.242713584334423
-9999 -9999 -9999 -9999 -9999 -9999 -9999 -9999 -9999 -9999 -9999 -9999 -9999 -9999 -9999 -9999 -9999 -9999 -9999 -9999 -9999 -9999 0.276492035101802 0.282553113500714 0.191391327354599 0.108207975338683 0.0543270823716014 0.0210932988585369 0.00158605500281592 0 0 0 0 0 0 0.000877931867483047 0.0054791774164571 0.021610540166414 0.0488718279183162 0.0371657776822843 0.0385396367180159 0.165270262404963 0.230927292003144 0.22572446394825 0.22168901183603 0.218865301664315 0.224092464135907 0.22764479999749 0.228855533046065 0.226164487812363 0.22211622864816 0.218949736368229 0.223253990004044 0.240220171758596 0.238307156588724 0.227962885918137 0.229638573188913
-9999 -9999 -9999 -9999 -9999 -9999 -9999 -9999 -9999 -9999 -9999 -9999 -9999 -9999 -9999 -9999 -9999 -9999 -9999 -9999 -9999 -9999 0.265604511268303 0.254827086335074 0.149049052528406 0.0597153764238129 0.020964394634128 0.00352930653215466 0.000265376900945454 0 0 0 0 0 0 0.00270302936675045 0.0168696205376158 0.0324217511057088 0.0493113311818668 0.0563164108677631 0.0748659682243724 0.173767399703555 0.220102640916726 0.205448633122843 0.207862630634154 0.214932081198505 0.220797219440714 0.224468386482264 0.225072126063314 0.223094039714848 0.220018874046595 0.213974814314984 0.213593584989203 0.222810105654637 0.224512340771032 0.222832370084953 0.222259997639793
-9999 -9999 -9999 -9999 -9999 -9999 -9999 -9999 -9999 -9999 -9999 -9999 -9999 -9999 -9999 -9999 -9999 -9999 -9999 -9999 -9999 -9999 0.341427700428688 0.256907887561636 0.165794090022265 0.0847608377697372 0.0299267481660819 0.0051621142717329 0.000388151574616116 0 0 0 0.0101423334072795 0.0284250906099108 0.0302960401725487 0.0363048373019064 0.0700082044668305 0.0804607786416583 0.0684695582127789 0.0996707711729464 0.140588899882148 0.185476165319368 0.206670226594079 0.20037455119338 0.203671250662938 0.209830479974047 0.217553677755808 0.221552184942468 0.22034314053964 0.216158498944797 0.21066506180884 0.200957471189341 0.194133363087321 0.192196377205723 0.200356411555391 0.212988694334753 0.214043429177607
-9999 -9999 -9999 -9999 -9999 -9999 -9999 -9999 -9999 -9999 -9999 -9999 -9999 -9999 -9999 -9999 -9999 -9999 -9999 -9999 0.389209415571371 0.393434374401614 0.344063259368681 0.265397224605137 0.195421848448619 0.123653499645276 0.0465252484598257 0.0101095235097087 0.000760158970211017 0 0 0 0.0232824298923169 0.0652517672938069 0.0692008962715328 0.077466955713382 0.127545597034163 0.133613240115508 0.0971974373543499 0.146342170167318 0.202668852800045 0.195641581487214 0.194146659989235 0.199070576507565 0.201680370982471 0.204382952625901 0.213840276274389 0.217606337149519 0.213415349312854 0.206554284694876 0.198503182043159 0.186391725072653 0.174261861909603 0.16210080267998 0.176603293194825 0.202965874819656 0.205727438925198
-9999 -9999 -9999 -9999 -9999 -9999 -9999 -9999 -9999 -9999 -9999 -9999 -9999 -9999 -9999 -9999 -9999 -9999 -9999 -9999 0.387291823502805 0.385680389574 0.347845437550648 0.29021117974887 0.210149451819151 0.127516639555101 0.0404464819900609 0.00364929085569957 0.00027439880585915 0 0 0 0.0397952054544996 0.11153077654421 0.115572950854205 0.115382167981077 0.139088097623052 0.15473117449095 0.162591247499221 0.172129947490997 0.181535309876364 0.188079137812224 0.193421334518231 0.197369353979866 0.198012332388398 0.198542459864535 0.206485794288676 0.205402882236976 0.19170022554281 0.1841557512933 0.17892672121681 0.175400441124367 0.169871904387207 0.160949806953886 0.175534826495744 0.200529501851184 0.19825078514852
-9999 -9999 -9999 -9999 -9999 -9999 -9999 -9999 -9999 -9999 -9999 -9999 -9999 -9999 -9999 -9999 -9999 -9999 -9999 -9999 0.370569963192015 0.373419774336362 0.345471751557191 0.300690031687271 0.210874492687123 0.122314238166224 0.0411331679930166 0.00560261246834962 0.000421273675296569 0 0 0 0.0472840659028387 0.132519194915098 0.149514267362292 0.156148433526337 0.161028598059752 0.173390695086329 0.192975038519161 0.179061830420075 0.163607192354822 0.180453742247747 0.191138846248989 0.194675211568015 0.194642096526291 0.193972601218281 0.196625228970439 0.191433667581215 0.175275015479766 0.169373747729986 0.167307297217117 0.16768601000139 0.163945039426877 0.153221749396024 0.162335422940244 0.180251890693372 0.177714243206934
-9999 -9999 -9999 -9999 -9999 -9999 -9999 -9999 -9999 -9999 -9999 -9999 -9999 -9999 -9999 -9999 -9999 -9999 -9999 -9999 0.368263008891925 0.364091362452456 0.335106246288853 0.292558408988957 0.193420778190014 0.10534254401461 0.0506030681693203 0.0184787880040926 0.00138946375132803 0 0 0 0.0430576745706669 0.120674232642048 0.167317441553643 0.200616064450697 0.19646824877591 0.188858592528037 0.177907250738249 0.161514144604031 0.149840502016045 0.172746619713755 0.186834779317439 0.190692015979802 0.191658481542359 0.19105233683257 0.18351115374513 0.175172064343035 0.165717408911751 0.164479865189899 0.166018055701971 0.164225736349073 0.156022892222469 0.136955054853764 0.133387092470702 0.136811983034838 0.140222768052102
-9999 -9999 -9999 -9999 -9999 -9999 -9999 -9999 -9999 -9999 -9999 -9999 -9999 -9999 -9999 -9999 -9999 -9999 -9999 -9999 0.339020940196587 0.340332008902175 0.307262817535624 0.255401821349525 0.168373346454692 0.0925184536495557 0.0482974613717586 0.0196968989090246 0.00148105638971565 0.00196043006502031 0.00463969853416347 0.00907733922820926 0.0476110500456608 0.113510895401871 0.162012545935447 0.198523641474985 0.194938460709121 0.185685429958852 0.170961271365813 0.150539839655187 0.135934211943868 0.162694757569039 0.177680677087143 0.179005237469751 0.179721794184505 0.179333393989286 0.170437771632795 0.161380298322049 0.152096538512446 0.151950138097457 0.15490853761094 0.154488440550341 0.147466879406403 0.129256708096309 0.123798979602706 0.124118010862582 0.127687437298042
-9999 -9999 -9999 -9999 -9999 -9999 -9999 -9999 -9999 -9999 -9999 -9999 -9999 -9999 -9999 -9999 -9999 -9999 -9999 -9999 0.244857701025796 0.292985733556192 0.270006055282682 0.208159823359257 0.140380981271561 0.0805603266806726 0.0414905486516225 0.0175866174745412 0.00376519197286068 0.00820172764064578 0.0151412557264 0.024941233249896 0.0574978320855611 0.108319314769201 0.148979355992141 0.180782210107107 0.181303587409143 0.176894628624762 0.167726457950364 0.144340458352135 0.12581353432146 0.153536476230519 0.1676312209719 0.165914024494588 0.165747873754372 0.16523884841675 0.157646980059173 0.148725056736534 0.137943561545959 0.137762144288177 0.141312018594884 0.143253725921799 0.139182557701428 0.124920359184313 0.12085914208465 0.121409016547044 0.123183805004752
-9999 -9999 -9999 -9999 -9999 -9999 -9999 -9999 -9999 -9999 -9999 -9999 -9999 -9999 -9999 -9999 -9999 -9999 -9999 -9999 0.224316671521893 0.209925924471784 0.184661775303993 0.153454365384503 0.106438222375476 0.0621615033103564 0.026309627840493 0.0219076695601059 0.0384141360877016 0.0619265271384697 0.0822986381397491 0.0905460735519708 0.0994334193687196 0.108834369074704 0.133934502114251 0.157977354221701 0.167830886814212 0.174529642967642 0.178183120000936 0.172339471635846 0.165696171699121 0.166070554091589 0.166643711285342 0.167447494396449 0.163484965604477 0.15777878399591 0.148370211179913 0.140337284456185 0.134227671310179 0.134596293192174 0.137266260549947 0.13932768250785 0.137155603306763 0.127808298503001 0.121867981892653 0.117490853490867 0.116745972665301
-9999 -9999 -9999 -9999 -9999 -9999 -9999 -9999 -9999 -9999 -9999 -9999 -9999 -9999 -9999 -9999 -9999 -9999 -9999 -9999 0.150212510122689 0.142403276217397 0.131980250338858 0.120128559624826 0.0854419112793077 0.0520927101475534 0.0242642538293667 0.0306482111967073 0.059777146706083 0.0925455063598353 0.120260883291369 0.130644984226528 0.123160575000438 0.10133457006229 0.119351006017892 0.141503143411459 0.156563833848012 0.170775523283986 0.184167679206264 0.18884462373448 0.18916929670296 0.174577628079718 0.166516099685603 0.166031082856614 0.159931010919582 0.151992654539477 0.14165792212261 0.134492589012727 0.131758445548639 0.13197588056799 0.133265339286219 0.134696975362572 0.133507925270496 0.127877158078063 0.121590172642251 0.115043735599981 0.11359505594354
-9999 -9999 -9999 -9999 -9999 -9999 -9999 -9999 -9999 -9999 -9999 -9999 -9999 -9999 -9999 -9999 -9999 -9999 -9999 0.152778294437864 0.149726832152931 0.14043938636285 0.130559545744463 0.120355909786356 0.0847637128112794 0.0550970390154231 0.0428337637956323 0.0463246852098655 0.0602892569599058 0.0869022871775878 0.11240437597549 0.130714972769979 0.118311477841171 0.0812562865938915 0.105491563307595 0.134964226176244 0.148758317021389 0.164841301224531 0.183133734904022 0.187311347864316 0.186889386917881 0.176764735424576 0.167738009317227 0.159985137077095 0.154350892045738 0.148833593114728 0.138970319269616 0.132638989999154 0.131245730915754 0.130211477288874 0.129334784719564 0.128960371273251 0.127316688877678 0.123521763168501 0.119293100588214 0.114905271156849 0.115602613789594
-9999 -9999 -9999 -9999 -9999 -9999 -9999 -9999 -9999 -9999 -9999 -9999 -9999 -9999 -9999 -9999 -9999 -9999 0.163854158640628 0.162805733567539 0.157989969143876 0.145475251282555 0.126991316565951 0.105244685236971 0.076171462648872 0.0527329102690073 0.0442777681144667 0.0477281864464613 0.0590936181862785 0.0832931829481541 0.108273023030366 0.132106381830867 0.123686338076665 0.089379118749144 0.113990295239101 0.141672575763447 0.145955508081798 0.160473756301976 0.184872068737706 0.189739456248372 0.189519039007078 0.183408000167899 0.173199686364307 0.158237561759696 0.151272101149217 0.145940727761239 0.13506431248143 0.128120593676963 0.126675242927033 0.125790778841509 0.125095320159835 0.12416428472135 0.123383545880238 0.122857539931115 0.117949533473032 0.111121863049517 0.1122770267383
-9999 -9999 -9999 -9999 -9999 -9999 -9999 -9999 -9999 -9999 -9999 -9999 -9999 -9999 -9999 -9999 -9999 -9999 -9999 0.174952103701163 0.169634009462747 0.153447831383567 0.122720120490935 0.0840441961224882 0.064285117583474 0.0479744579683784 0.038654765457905 0.0432891070683021 0.0572003212194599 0.0805055086604611 0.10555763964058 0.133561885164445 0.132822267554516 0.109012295418802 0.131456481160651 0.153500469926933 0.145252457784363 0.156786926242714 0.187417256573305 0.193493659105962 0.193953824102875 0.191612339563457 0.180309729965763 0.158610089790111 0.149444722853581 0.143134437183878 0.130807076101781 0.122742543985695 0.120637943625243 0.120422368594005 0.120811802448881 0.119844685830772 0.120435343979641 0.123666224717676 0.117036978244623 0.106044767615714 0.106965296569378
-9999 -9999 -9999 -9999 -9999 -9999 -9999 -9999 -9999 -9999 -9999 -9999 -9999 -9999 -9999 -9999 -9999 -9999 -9999 -9999 0.171977576235501 0.162924289644071 0.125631492851864 0.0729033455771674 0.0517102074265157 0.0365806041534053 0.0339044305498449 0.0414032685667192 0.0556666224996291 0.076920593795053 0.0979718141822414 0.116374427782834 0.123759338157108 0.122301236779344 0.137790528394008 0.151255581726247 0.145658789153139 0.154340863794962 0.176806208671139 0.185132911046255 0.189613242331455 0.188865750876007 0.183296582663247 0.172133125747139 0.155952136240305 0.1394161620085 0.13246239094823 0.126764929621576 0.122823935733796 0.120919249467636 0.119764306068715 0.118888614097218 0.119422517659417 0.122345499571415 0.117524925040026 0.109276693203923 0.110210624865374
-9999 -9999 -9999 -9999 -9999 -9999 -9999 -9999 -9999 -9999 -9999 -9999 -9999 -9999 -9999 -9999 -9999 -9999 -9999 -9999 0.17927990157238 0.174634481137621 0.133503023422534 0.0724287703425485 0.0490108987071647 0.0327189047599575 0.0310066750975549 0.0414434322240613 0.0599570365879932 0.0784144067111226 0.0951344188408455 0.106268581379033 0.116021156037524 0.124664842790282 0.136291294245204 0.146041147000358 0.145988361061945 0.153507779182211 0.168336582090461 0.177041009277076 0.1832694374399 0.182453397703881 0.181809360545073 0.181364887173524 0.163878012588529 0.142887584269463 0.133523446954121 0.127203205931526 0.125138686712609 0.121556534469761 0.11743061907682 0.113364524773452 0.111548504869496 0.113546064041644 0.110109336283173 0.104263593299288 0.104367709524977
