layers/veg/veg_4100.asc
NCOLS 255 
NROWS 330 
XLLCORNER -2985163.8955 
YLLCORNER -3022031.214 
CELLSIZE 25000 
NODATA_value -9999 
[rows 125 to 149 of 330, columns 171 to 227 of 255]
0.331056445159154 0.363591242456233 0.372231975277921 0.369718396630047 0.323375644545201 0.288124062472921 0.270602075897594 0.280417012781834 0.301437061236936 0.305965446469904 0.310384751117905 0.314591283421039 0.314342469044419 0.311767049293733 0.320795622354075 0.329462659086456 0.336538423349239 0.340999509974589 0.343796096767568 0.323165546191166 0.314013911015267 0.34529389588979 0.339171003482051 0.30426352892069 0.323139650639528 0.349811356503056 0.379176475419687 0.406863957940226 0.432997800898711 0.458000359903358 0.479969173735273 0.486626581216035 0.489009595727079 0.486635363349442 0.516324196072505 0.550313307184517 0.550439946854832 0.555622207398566 0.567578996871668 0.572082213836108 -9999 -9999 -9999 -9999 -9999 -9999 -9999 -9999 -9999 -9999 -9999 -9999 -9999 -9999 -9999 -9999 -9999
0.280848303980592 0.311753750890139 0.337659348243977 0.357538207228796 0.316663082881914 0.286781258594481 0.274472581505209 0.282416513710922 0.298663057126533 0.302751910907887 0.306520586254818 0.309664722264255 0.311791178136952 0.313386196111455 0.323652786074036 0.333229828555648 0.340605769768669 0.347619365329711 0.354402292196325 0.33470323748041 0.324339865387924 0.348587936325116 0.344590262577424 0.318855171351482 0.338688453088266 0.362793159229281 0.37991346798425 0.408754250810744 0.448449228411481 0.467450144855112 0.480333061328102 0.481819681486369 0.485421966885737 0.491378912223259 0.518586535605574 0.548422667289319 0.554009940749983 0.562966830271531 0.576439003287801 0.579869317656875 -9999 -9999 -9999 -9999 -9999 -9999 -9999 -9999 -9999 -9999 -9999 -9999 -9999 -9999 -9999 -9999 -9999
0.258538431342631 0.261795255226515 0.301146694940656 0.346862134277048 0.3123114239349 0.288367252481764 0.281377977934169 0.282026102138903 0.285900581813675 0.289661547134167 0.293849912641676 0.298871963997284 0.302319975544301 0.304946015258173 0.321273067909067 0.335209668332942 0.342529280983113 0.352620417874516 0.364475902909223 0.351148815211752 0.340828517686011 0.345531199338698 0.345007084232144 0.34046052027543 0.364433513475724 0.385220228121432 0.378366155076952 0.403411245142715 0.457997779302035 0.466878735724106 0.468430289766676 0.478456944438938 0.490734345426341 0.50551674676836 0.514666718667025 0.523814691207644 0.545049428813253 0.562966830271531 0.576439003287801 -9999 -9999 -9999 -9999 -9999 -9999 -9999 -9999 -9999 -9999 -9999 -9999 -9999 -9999 -9999 -9999 -9999 -9999
0.272827297502242 0.283918118457739 0.304528307357646 0.325312072514138 0.303906247897835 0.287801234258439 0.280169739131507 0.279046964351992 0.280706883301555 0.28382350274732 0.288904203784938 0.297816037979197 0.304341596746908 0.309621029987142 0.328721405669707 0.346236196526079 0.359068726193396 0.369058432443258 0.37723840160199 0.369229203327688 0.361082997987035 0.356286756940848 0.366678280891532 0.388758035829988 0.410951675611957 0.427892816489845 0.423915520628908 0.442873247085605 0.483070831065814 0.48513070322834 0.482467727752083 0.494456469743181 0.509615169073536 0.528301917836002 0.537234454490882 0.542870496028234 0.542609395767877 -9999 -9999 -9999 -9999 -9999 -9999 -9999 -9999 -9999 -9999 -9999 -9999 -9999 -9999 -9999 -9999 -9999 -9999 -9999 -9999
0.292105743191506 0.311687290593238 0.31070221268144 0.302796713451787 0.294610027052109 0.286364892452063 0.278026326505382 0.276264628254636 0.277330460789699 0.280604289899324 0.287018633229058 0.299558856566772 0.308512031112329 0.315592029989024 0.3355035137575 0.355026475597924 0.372817003840192 0.382366338230646 0.386669341070128 0.381290674867067 0.375078790230166 0.368580906499672 0.389994391016069 0.432887962913435 0.453142876003852 0.467664845770382 0.471317305395131 0.484775236147924 0.507313899713018 0.505078232014129 0.50105987329976 0.513553247811233 0.529510553021447 0.549323089525542 0.560120561211781 0.567719773585668 0.568633897741483 -9999 -9999 -9999 -9999 -9999 -9999 -9999 -9999 -9999 -9999 -9999 -9999 -9999 -9999 -9999 -9999 -9999 -9999 -9999 -9999
0.30581765405463 0.308637313887784 0.29823866395995 0.284391531298156 0.284323029719 0.282515755600041 0.277928997102337 0.276486916310729 0.276533093607077 0.284024093064774 0.293490104951169 0.306808571660085 0.313698484538071 0.317231372931637 0.33126296145876 0.345962190874513 0.361622041016985 0.371663117192633 0.378127290352775 0.363458604249392 0.356338315750241 0.37713824349486 0.404128009681697 0.435881364290171 0.458173470140696 0.477472704518732 0.489858774649013 0.50243992262723 0.515201729932425 0.518027629230301 0.520542592911958 0.531878224697362 0.543375259087537 0.55505192881887 0.563339451328092 0.569874911072759 0.569418648795949 -9999 -9999 -9999 -9999 -9999 -9999 -9999 -9999 -9999 -9999 -9999 -9999 -9999 -9999 -9999 -9999 -9999 -9999 -9999 -9999
0.311020678431806 0.302799426728508 0.287814789118641 0.271995990050931 0.276222743676865 0.27786225828429 0.275365987289286 0.276211530668474 0.278465215607076 0.28050141002644 0.286039125802813 0.298406901300317 0.306875756287864 0.313308574561871 0.32842278827758 0.343206819039261 0.35665629161286 0.369813921308765 0.3827857642698 0.366342383381429 0.360500127498331 0.393808115044319 0.420757307411756 0.442812885289756 0.465000011755298 0.486245205401843 0.503680688655061 0.514487110184742 0.519154434722386 0.52174301981626 0.526409295481685 0.544580885650352 0.557702827298198 0.5652046902858 0.571744578728934 0.577631625507343 0.580266958146262 -9999 -9999 -9999 -9999 -9999 -9999 -9999 -9999 -9999 -9999 -9999 -9999 -9999 -9999 -9999 -9999 -9999 -9999 -9999 -9999
0.307436623705706 0.294082480161043 0.279497273994275 0.265806571087049 0.270380662056841 0.272378102452412 0.27025668321765 0.275422200203683 0.28321606569786 0.269809260625284 0.264210510131476 0.273842133421363 0.28765121382537 0.303641784216634 0.327028778716151 0.346966625975694 0.358123415788026 0.377108227285023 0.40107634555582 0.390619303759729 0.388313001117299 0.418855755291735 0.439963878841699 0.453811280221821 0.473681218205122 0.493948498054586 0.512628744564226 0.520733138275634 0.519043357666514 0.515922503813989 0.518214814015016 0.551477412636259 0.572508390636069 0.579926011240551 0.585505504134931 0.58950588369688 0.584590736416121 -9999 -9999 -9999 -9999 -9999 -9999 -9999 -9999 -9999 -9999 -9999 -9999 -9999 -9999 -9999 -9999 -9999 -9999 -9999 -9999
0.282317346251744 0.276896670876896 0.272682448634808 0.269290422359393 0.271729277349894 0.272358576801146 0.270095242950065 0.27081740522858 0.272727575980187 0.271162513254709 0.273316983456026 0.282726766258499 0.29736710027335 0.314738855529862 0.333501321581151 0.350591933691323 0.363562182667082 0.371950315972695 0.377421481367743 0.374643408084939 0.379012469247028 0.407080759585931 0.433457802113598 0.458533290720767 0.479717712076442 0.49885485303864 0.511906709983107 0.51692304901127 0.514497788318874 0.528543185022286 0.546297245614272 0.566805571197045 0.587099084799217 0.607153520330279 0.602455505243446 0.592456355744963 -9999 -9999 -9999 -9999 -9999 -9999 -9999 -9999 -9999 -9999 -9999 -9999 -9999 -9999 -9999 -9999 -9999 -9999 -9999 -9999 -9999
0.255340280833602 0.25923355733372 0.266211205093936 0.273739005110664 0.274496339178893 0.274198137682604 0.272212628303529 0.267620283016958 0.26235453203761 0.277182677527631 0.29007168324331 0.299178207255753 0.312550431076884 0.328150225682606 0.340753768123363 0.35415742137439 0.369677374401963 0.366732620800285 0.352033262864532 0.35611206892235 0.36649436790817 0.391715372504413 0.424382914715309 0.462781178445607 0.485026819851297 0.502889749401692 0.51183664890175 0.515627599864858 0.514643686831464 0.547642918761289 0.581809948464823 0.586375907406157 0.602998829483772 0.633040721406547 0.636240896737727 -9999 -9999 -9999 -9999 -9999 -9999 -9999 -9999 -9999 -9999 -9999 -9999 -9999 -9999 -9999 -9999 -9999 -9999 -9999 -9999 -9999 -9999
0.250121095378487 0.251852164136793 0.259679098550137 0.269301488780949 0.275434971965057 0.279969000232078 0.281946247865185 0.280108867125676 0.277119893693219 0.295744447292444 0.309490773966823 0.313721642121083 0.318730632846635 0.32414596325486 0.340748198140392 0.357530356153967 0.374053630060484 0.381005971756535 0.381865472472161 0.384496525057605 0.391365143403528 0.410734653852011 0.438898006443508 0.473828941905737 0.48960733333358 0.50545791762371 0.531660185398671 0.547530615157104 0.553832849847407 0.581407803573013 0.609966308876281 0.621369369399843 0.628158845202084 0.62981356579659 0.631394694159588 -9999 -9999 -9999 -9999 -9999 -9999 -9999 -9999 -9999 -9999 -9999 -9999 -9999 -9999 -9999 -9999 -9999 -9999 -9999 -9999 -9999 -9999
0.249905771758916 0.24959877900556 0.254976702390685 0.262519024104834 0.273652136408307 0.282627494721683 0.288153613199853 0.291344833802631 0.293833459800337 0.309658603843275 0.320650053728442 0.322212910609266 0.323998156981595 0.325899536311302 0.348836457435446 0.37018381584424 0.386392361927337 0.397962507881766 0.406579855324398 0.409716049461887 0.415576294915847 0.431013106284565 0.455990293394463 0.488309582215573 0.501504361866462 0.516429633635482 0.548277251351832 0.57040753495093 0.583538708398734 0.605027098984302 0.627514617349109 0.646596645624081 0.65247099910711 0.64364568172323 0.648766537310041 -9999 -9999 -9999 -9999 -9999 -9999 -9999 -9999 -9999 -9999 -9999 -9999 -9999 -9999 -9999 -9999 -9999 -9999 -9999 -9999 -9999 -9999
0.255905009984108 0.253714139517606 0.252546720761296 0.252824243501455 0.26848936473792 0.281420573972535 0.289981536077034 0.301025108345518 0.312966604514549 0.317800642638241 0.32155103545231 0.323187672151076 0.328132178275719 0.334804071141764 0.366976873297242 0.394363252450922 0.408620116005524 0.418251434213123 0.424938137243504 0.431004877011818 0.438968224360966 0.452855390181252 0.476283336006591 0.507053694657356 0.522488159132067 0.537838162087573 0.560912031192283 0.582074467232067 0.601466747332933 0.616046047932644 0.631888222564386 0.659694776910594 0.675730148383382 0.678664613248518 0.668610228106243 -9999 -9999 -9999 -9999 -9999 -9999 -9999 -9999 -9999 -9999 -9999 -9999 -9999 -9999 -9999 -9999 -9999 -9999 -9999 -9999 -9999 -9999
0.262651757982112 0.263549061840818 0.259799771107364 0.255802543557031 0.270119032761664 0.283176031610695 0.294219694219111 0.306203937269223 0.318346318526776 0.319261782885424 0.320871088539902 0.323833799472922 0.329621905029249 0.336885446457786 0.374349862956408 0.404054810304242 0.413165071814926 0.424285195871337 0.436684795386809 0.458729189368583 0.480317295061709 0.498270459633681 0.512804328769621 0.524706769589411 0.545865685064063 0.566628298004356 0.580952687051518 0.598665226246844 0.619515491903413 0.629979673620126 0.640439668319607 0.661865833993825 0.680292883279036 0.695382023015108 0.699024359301936 -9999 -9999 -9999 -9999 -9999 -9999 -9999 -9999 -9999 -9999 -9999 -9999 -9999 -9999 -9999 -9999 -9999 -9999 -9999 -9999 -9999 -9999
0.269475233881298 0.274451061116295 0.270252924513521 0.264208564118483 0.275370007990522 0.287170602771915 0.299992901040993 0.310690420361597 0.320264762146036 0.319296194161093 0.320098490126804 0.324355029350736 0.330088570713001 0.336593410328703 0.377484493692204 0.408358639075428 0.412931506374249 0.42797585730732 0.449686338896177 0.490779035637002 0.528330347028079 0.550579436057894 0.55486687572071 0.54533135283663 0.572907058646877 0.600041457577428 0.605920757643025 0.618437259175646 0.637100395822115 0.644966849845643 0.651633254161314 0.663192883282524 0.680847723107563 0.705286315002677 0.707542646045048 -9999 -9999 -9999 -9999 -9999 -9999 -9999 -9999 -9999 -9999 -9999 -9999 -9999 -9999 -9999 -9999 -9999 -9999 -9999 -9999 -9999 -9999
0.274575780389011 0.277536967766263 0.283055450603081 0.289547872415578 0.29765988419701 0.305973161940457 0.314608169861136 0.322977275696159 0.330967046981966 0.326444469326712 0.323748219077789 0.324614398979579 0.32824588290342 0.333321423072731 0.370404829104888 0.402442057578931 0.420319865879715 0.454685042943123 0.499546054043102 0.54897424854195 0.588855861581947 0.598583266861997 0.602862043282151 0.602947652854239 0.632649867022747 0.659659695679349 0.660413554570494 0.656779650708875 0.649082290774485 0.661670771287401 0.677944645979559 0.692809522448741 0.70114054754478 0.70219962915406 0.703324263474641 -9999 -9999 -9999 -9999 -9999 -9999 -9999 -9999 -9999 -9999 -9999 -9999 -9999 -9999 -9999 -9999 -9999 -9999 -9999 -9999 -9999 -9999
0.283151453164471 0.287557693459519 0.298145465670323 0.310223537708362 0.314148529581286 0.318959575841803 0.32518700881919 0.329948751809668 0.333902125496372 0.329008231577673 0.325500043700745 0.324694810927113 0.326514480205074 0.32970488708408 0.361272592783331 0.393090713774336 0.42375508523842 0.474204001807279 0.53724772988903 0.592078700628877 0.635585269905469 0.6464941575403 0.652277822962655 0.654117209480551 0.676808574905668 0.695982321469026 0.690228915201323 0.678405624883578 0.660961085516165 0.677523399755563 0.699203767272665 0.712753597252392 0.714666088185425 0.703626635915148 0.703230583939853 -9999 -9999 -9999 -9999 -9999 -9999 -9999 -9999 -9999 -9999 -9999 -9999 -9999 -9999 -9999 -9999 -9999 -9999 -9999 -9999 -9999 -9999
0.296937178611418 0.307975385967498 0.316664978586252 0.323907277004397 0.321939730379541 0.323226184805892 0.32971426559981 0.328951192102055 0.3251922878473 0.324698702926903 0.324406451854594 0.324506922135696 0.324949920736703 0.325571789420589 0.349063056236267 0.378589832611831 0.421263593797135 0.482943076053178 0.556721571619099 0.612558461508361 0.661630986592055 0.694265708547636 0.703823442941272 0.695621542445805 0.69760295638712 0.697379204189246 0.683046845236332 0.674969656496729 0.672685308168445 0.692099734676506 0.712888316156457 0.718196164509398 0.71804583776511 0.711820756854996 0.708101795816759 -9999 -9999 -9999 -9999 -9999 -9999 -9999 -9999 -9999 -9999 -9999 -9999 -9999 -9999 -9999 -9999 -9999 -9999 -9999 -9999 -9999 -9999
0.312470529473725 0.324245581466229 0.332423239949451 0.338440288342958 0.331135908262854 0.327285304392553 0.328955673969367 0.324817530969156 0.318233829357443 0.312120805237095 0.304197941438899 0.292744808416262 0.297738358725738 0.311320453221894 0.347122827681139 0.388750014045201 0.4430559824067 0.506830417184648 0.57663246337341 0.63043199198281 0.676928024999154 0.704892102994817 0.714224380153669 0.709217958238387 0.713207168959874 0.715334751165093 0.705342121691752 0.6958406634062 0.686794073047254 0.704071425908898 0.723416464459039 0.726161029348548 0.723528847265496 0.714912537614469 0.71311427947229 -9999 -9999 -9999 -9999 -9999 -9999 -9999 -9999 -9999 -9999 -9999 -9999 -9999 -9999 -9999 -9999 -9999 -9999 -9999 -9999 -9999 -9999
0.328641858821186 0.338823114223593 0.346962305199034 0.353089916063775 0.340688544760016 0.331123623907884 0.3260928612282 0.31954516869407 0.312186398737997 0.296868855747965 0.277257006595539 0.249268693455181 0.260855180037883 0.293107834335804 0.348620181699172 0.4074964381233 0.473048890599414 0.535621912481204 0.596298233349524 0.646660908843005 0.687328558683253 0.700852642223593 0.709057567411825 0.713168963927948 0.727754812080725 0.740323031560878 0.739374390607644 0.726711894623309 0.703201333681116 0.715935811711295 0.733001835338857 0.735289376455347 0.739164926348142 0.744807873357628 -9999 -9999 -9999 -9999 -9999 -9999 -9999 -9999 -9999 -9999 -9999 -9999 -9999 -9999 -9999 -9999 -9999 -9999 -9999 -9999 -9999 -9999 -9999
0.343536716302177 0.351671602674968 0.357891563256173 0.361966162321616 0.345047146557139 0.331248838104064 0.322439081646211 0.316727191412198 0.312098010064084 0.296830645205965 0.270820109570561 0.223853969064637 0.234470386369708 0.275156716991356 0.334323617916578 0.39713662690663 0.467602854069143 0.536676382875252 0.604863322012488 0.646324792880455 0.679665930883205 0.694481355340082 0.71935080872729 0.751957662088728 0.76842325944851 0.779537600347059 0.77788367861754 0.769851625756826 0.755912859808298 0.75217656740762 0.750473778837491 0.74904177050087 0.747639782546588 0.746271206206889 -9999 -9999 -9999 -9999 -9999 -9999 -9999 -9999 -9999 -9999 -9999 -9999 -9999 -9999 -9999 -9999 -9999 -9999 -9999 -9999 -9999 -9999 -9999
0.358400864526825 0.365285434851184 0.370357760516578 0.373259548806579 0.354334810260238 0.338079199339892 0.326090275620715 0.319455005161627 0.314816935883756 0.297704938494226 0.267572406357017 0.212042048286317 0.216811187047082 0.253069038912721 0.321710049158118 0.392665660474772 0.4672002641184 0.53916061054369 0.609482188714317 0.652125642553388 0.686305471909774 0.701135170764662 0.734855458148918 0.78311360296458 0.800365765589386 0.810810971280081 0.810518744773722 0.806528257831754 0.799112854896711 0.788091522646023 0.77788488464945 0.775926707093677 0.782239357824146 0.797757145379958 -9999 -9999 -9999 -9999 -9999 -9999 -9999 -9999 -9999 -9999 -9999 -9999 -9999 -9999 -9999 -9999 -9999 -9999 -9999 -9999 -9999 -9999 -9999
0.373209022466556 0.380294670834553 0.385626163826357 0.388959957346954 0.372609327224227 0.357134639847891 0.343060175401543 0.332294116185174 0.322654264330999 0.300242943494569 0.270139362677194 0.225031276759444 0.215060823420432 0.223439425871203 0.312164980980338 0.398931459976629 0.4759930779187 0.544251626089565 0.606906153348349 0.669115641538149 0.719021271463633 0.731536848436402 0.75986174516936 0.800353210265383 0.816398803586984 0.827605648055195 0.832443706080697 0.831421121725621 0.824971064598302 0.823412466089985 0.823417449463111 0.826755395066788 0.82077070689098 0.80441025989843 -9999 -9999 -9999 -9999 -9999 -9999 -9999 -9999 -9999 -9999 -9999 -9999 -9999 -9999 -9999 -9999 -9999 -9999 -9999 -9999 -9999 -9999 -9999
0.400854200970686 0.403791237953539 0.406974481106532 0.409022571458358 0.394059976444539 0.378731362190451 0.362817654292798 0.347177374692103 0.331588420462558 0.31298677464415 0.292249603837926 0.267346882770657 0.249225532880397 0.2346454505408 0.320983761148574 0.406967253959731 0.485842560032316 0.558614689837968 0.627501546855949 0.693890774225277 0.745567192322221 0.752990415960907 0.771228799783181 0.797790336513177 0.808642802595212 0.816167068598 0.818729860464025 0.827498901256206 0.842015477024433 0.836848134250346 0.830803962139276 0.840814947994667 0.846088047017642 -9999 -9999 -9999 -9999 -9999 -9999 -9999 -9999 -9999 -9999 -9999 -9999 -9999 -9999 -9999 -9999 -9999 -9999 -9999 -9999 -9999 -9999 -9999 -9999
0.434758518666926 0.431426100768233 0.43128727348635 0.43121213174989 0.417059260239763 0.401567175539302 0.383934315057576 0.363057328932556 0.341057373365024 0.330706813950296 0.323888858329628 0.323961591762225 0.300901894706753 0.265762321278628 0.338756479056795 0.4158660707737 0.496207257808303 0.577498665584948 0.659394982449889 0.722461821644164 0.769104772627143 0.770081018836651 0.775945568711292 0.785572069234247 0.789287622063759 0.790962375756627 0.787639065729231 0.809526876709795 0.854762413748832 0.839612869574655 0.819591030438118 0.836946420721454 -9999 -9999 -9999 -9999 -9999 -9999 -9999 -9999 -9999 -9999 -9999 -9999 -9999 -9999 -9999 -9999 -9999 -9999 -9999 -9999 -9999 -9999 -9999 -9999 -9999
