layers/veg/veg_4900.asc
NCOLS 255 
NROWS 330 
XLLCORNER -2985163.8955 
YLLCORNER -3022031.214 
CELLSIZE 25000 
NODATA_value -9999 
[rows 125 to 149 of 330, columns 56 to 111 of 255]
0.115330203567809 0.103975899897054 0.121551809371472 0.164502661431914 0.170087604112197 0.173417570592378 0.197921513822447 0.219898703866737 0.239212280836929 0.218574595566959 0.189641466635158 0.170644326938907 0.161967754314619 0.166378688409686 0.168228964327984 0.168532319527677 0.160037060135916 0.17107567463145 0.212035823389487 0.278281866276071 0.357104941105129 0.510836720209633 0.613425100431415 0.620639928697333 0.659582517602406 0.714358887221877 0.76809772197627 0.794141446982116 0.756556459607492 0.754031678591637 0.772888867364962 0.742644057143331 0.706245658770563 0.661257108774665 0.616066086625337 0.570725565480577 0.536202910520878 0.504298067467882 0.477340207021214 0.455095248051173 0.437040844150929 0.421604419776903 0.406915700282105 0.393620369495572 0.381769724553769 0.371462889735831 0.361555298023586 0.352031921669666 0.344611311140802 0.339092888705817 0.336020161805367 0.32847678171029 0.319474052905012 0.310311111405908 0.30673351687588 0.311834219185678
0.119823634259264 0.114045458386465 0.121311199582864 0.140017874348151 0.156881512811785 0.169988230316449 0.166185856932101 0.174956351684694 0.196980715527843 0.16446039818856 0.124797600062312 0.128562097764597 0.136884583814885 0.150987052952854 0.142818168152546 0.127120585645205 0.105975683638371 0.103995732338616 0.131372207343734 0.177870118692276 0.23386826491482 0.346180957990046 0.434908750917837 0.479654803313609 0.55496118858796 0.645518748215952 0.713047946043533 0.755872523980313 0.742706635944785 0.7498155552195 0.769289356575996 0.753325208201019 0.728037419516786 0.682451089801248 0.638715068384093 0.59634525573767 0.560695832841943 0.527767781059448 0.502000384998074 0.478008132312895 0.455594278011733 0.438159360031386 0.421684977226513 0.405531835695039 0.389880760917744 0.374766201217955 0.361464167111252 0.348934019471691 0.338783253040004 0.331234220181309 0.327030307714228 0.319980813192037 0.312019933819177 0.304177433687573 0.298641890009533 0.296690806350083
0.141201891263993 0.137618966922927 0.131187810127654 0.122258443774278 0.148163664979698 0.168411337702663 0.130705973791835 0.121839486520859 0.143373914263082 0.10711609897935 0.0657983725532607 0.0883960972920559 0.11170324552593 0.13591001339252 0.124201860464501 0.100756496581551 0.0733681146034801 0.0637570773107185 0.0813769636517883 0.107032236420141 0.136728781413288 0.191620126576299 0.253717997613616 0.32925478716064 0.431885871283342 0.548038398781823 0.635638988269424 0.700278693167176 0.713128228695713 0.732916196412284 0.756935666531056 0.755362050327846 0.741963644463535 0.699203832822901 0.658824193079687 0.620201996528478 0.583427395939534 0.54930724786161 0.524270855989101 0.498885640036454 0.473190261326377 0.453869279462038 0.435642329087224 0.417141783820784 0.397800372973311 0.377560402206016 0.361424932166116 0.346578578175554 0.333738624693375 0.323900247831137 0.31792108055999 0.311664008418556 0.305297566400789 0.298686205231407 0.291284676401301 0.28265541551606
0.21953963152055 0.182690168197668 0.150025891399169 0.121032478248825 0.125396892643013 0.130095321927065 0.107622276799959 0.100957644885527 0.11095767826211 0.0884722798122345 0.0648236729361081 0.0891024950688742 0.111532933775079 0.131619438243332 0.109752561416744 0.0769562879013625 0.0729149622225775 0.0807400184827478 0.106741722949362 0.124718030572441 0.139405096815403 0.1522522306975 0.171111778996436 0.20118343543233 0.266207857832054 0.348675504098952 0.494959614293673 0.602554155682671 0.61899370090856 0.665501224423414 0.730346135825194 0.73390626758368 0.727381442057328 0.703191530495355 0.672095557580536 0.635900368713589 0.600488449950086 0.566663590658955 0.538413090274795 0.512521760023557 0.488728125302358 0.467818936040491 0.447482678562804 0.427415615574115 0.405282800761011 0.380942496623115 0.363287217379636 0.347254625589224 0.330974953961501 0.318208785846858 0.309960025805669 0.303379778581423 0.297175687983517 0.288909075905767 0.280167926958356 0.27068946091334
0.27772968473144 0.22752476309111 0.174328740053438 0.118509195860024 0.107096637758903 0.102181731171387 0.0909037111263921 0.0852935693488061 0.0856583026561442 0.0704875614747807 0.0564146687994019 0.0770703063105333 0.095037126662916 0.10959425911861 0.09461319757168 0.0721877105667018 0.0730143947829068 0.0870391934137029 0.12128055712192 0.134155759475756 0.138062325576899 0.130462797714088 0.122867469030307 0.115279971085745 0.14635023159814 0.196712697358774 0.382308524222357 0.522126534956789 0.5520148122852 0.614915292370501 0.697948737869611 0.70805362136185 0.70875603969672 0.695940887530227 0.671228976175773 0.637732876391704 0.607374970837611 0.57756227170842 0.548385152566659 0.522228582797993 0.498757784958102 0.476788563507118 0.455175932144585 0.433997816867072 0.410942059717461 0.385879829989949 0.366421839899901 0.348374797099052 0.330493585867165 0.315627409624117 0.304637746767103 0.296606890667374 0.289399939669538 0.280511248594372 0.271617654622432 0.262716442718461
0.315018203653885 0.272113898722635 0.204300826202321 0.114640056110981 0.0934300198512502 0.0850597832848864 0.0807884349618657 0.075042488205537 0.0677420723826965 0.0531866049289152 0.0402931976944544 0.0518229031880116 0.0616049883333352 0.0691709168575249 0.0787579494174426 0.0871628534035877 0.0736870878405953 0.082254857571865 0.124588402611174 0.135036812954038 0.132550089275894 0.126909544601509 0.110270755250198 0.0731221506923622 0.0740274113378791 0.09392350350844 0.298734426251765 0.459643013615379 0.513207620086352 0.58178807676805 0.659526165104255 0.677639598316382 0.685936156734424 0.677031409402077 0.655695462510026 0.625180713423755 0.603706267571721 0.581761670694366 0.554031011422855 0.527859089505286 0.503073144942314 0.480591828750512 0.458566921807673 0.436750261400711 0.414709934032407 0.392430593233914 0.370876405586998 0.349955710082733 0.332379915202662 0.316272486345453 0.302052976057775 0.29140189314964 0.281983272286578 0.273544331356154 0.265729886877298 0.2588857609144
0.355640466222103 0.340850549101021 0.281523886499841 0.18313365551585 0.138858285397545 0.107011851074811 0.0896251053818045 0.0771328780364171 0.0698002773358102 0.0705961256337019 0.0703289371190374 0.0484030338642572 0.0352349893396755 0.0331727817501598 0.0474200891942305 0.0649543112406161 0.0597716048203909 0.0658118802113869 0.0890432584388929 0.110323847729038 0.13018200545017 0.130144540230157 0.119604022039824 0.0894771351285298 0.0699373826705236 0.0556811535986691 0.24560974524039 0.40524187600604 0.488137541316394 0.559631954261672 0.62417314990029 0.638429227193035 0.642645700612263 0.627271748475598 0.596916585321446 0.555499772653989 0.552381522393398 0.550711134190319 0.537366774122919 0.521900017309326 0.504546095977443 0.48586320381002 0.46656795842154 0.445390618275309 0.423547648298012 0.400993377607351 0.378073518721216 0.355573646777757 0.336836757708878 0.318257246498421 0.299880080327771 0.287100958792162 0.276429010889357 0.269482142982269 0.262736685589562 0.256304172090966
0.392238379204823 0.408347443978247 0.364644173350354 0.268478981023915 0.19855615101387 0.138696178802668 0.105721805657915 0.0861164440322301 0.0806042174505102 0.0918542052998208 0.0988466978213567 0.0464316004428532 0.0159730444905248 0.013357569392687 0.0243537407368105 0.03886982344536 0.0437434036774031 0.0474189503775831 0.0492593771431255 0.0810167522427027 0.123704413262681 0.131684314279111 0.13138407752514 0.115642822631996 0.0824353201891458 0.040511263913495 0.200405428326764 0.344042316722473 0.443297824911187 0.51918112528261 0.580810549440587 0.594934709738097 0.597883342128257 0.57744172615177 0.537558098781854 0.483319108843666 0.499864221308982 0.519717927392714 0.520356845342706 0.51593652093584 0.507017686680421 0.492253925668675 0.47568217403281 0.455299812367523 0.433614790233643 0.410537728144014 0.386655356924643 0.363014829598141 0.342627243342872 0.321222697517182 0.298510618809657 0.283794816333893 0.272159266449584 0.266730816485274 0.261000489633204 0.254801118108427
0.395718901555623 0.428038539288039 0.411499150870225 0.352105083949016 0.260343788327334 0.173806800700352 0.140957885672008 0.122466098898126 0.119109084582558 0.0831442129405974 0.0418470491440778 0.0189275962504728 0.0341423491351866 0.0977150721664074 0.0833926058200846 0.0465873957381832 0.0369020234010209 0.0345683469869659 0.0434958276132378 0.0617196076800381 0.083831726551031 0.110517163745409 0.124335547414635 0.114159112109974 0.0981158622496293 0.0791447708620098 0.160185217837369 0.222911105079108 0.240062363256553 0.334983638157972 0.477334073375219 0.536263455504413 0.576285078810706 0.577302672900485 0.544545671061287 0.486850582295486 0.516648308704892 0.546450275094272 0.537253357123981 0.528792039624985 0.520984793572128 0.503960171933323 0.484959374717477 0.464364883280751 0.443897119762409 0.423564779349438 0.400306273269425 0.376437611794724 0.353415063238701 0.328758325402666 0.302000465475933 0.285864392469618 0.273700448777541 0.268276471669133 0.263207166018533 0.258688935208675
-9999 0.458275626695053 0.435765414822279 0.393511299542899 0.304267796686005 0.217231550141874 0.181657140300589 0.162048804158892 0.159271333369451 0.10626272338452 0.0470422190815959 0.0304255492025802 0.0582371223847034 0.142388131717712 0.110374159420927 0.0458752178889515 0.0343370663045083 0.0298029687206406 0.0359975183556409 0.0463318910336489 0.0590340441028056 0.093637505362836 0.114586278280099 0.110071430152418 0.105730280866004 0.101475816214987 0.127745751396962 0.139135420407356 0.115258565365476 0.212439214285751 0.383448518576305 0.474761477093365 0.541523163793598 0.55228803077252 0.5361063108156 0.500028088505421 0.531547522946751 0.560288275686225 0.54851463325107 0.539621197367266 0.533288745248066 0.515002703311882 0.494724199490224 0.475257101304068 0.455642327617645 0.435869745966819 0.412574330213908 0.388128810720512 0.361639337068017 0.336015191917276 0.311503623414164 0.290661133899536 0.272185306952354 0.268565115305785 0.264849147413007 0.260984366080456
-9999 -9999 0.43184777671878 0.382239828744098 0.325903383559001 0.271029823319901 0.229172789222047 0.205665381264379 0.201501494615751 0.169093606243347 0.129837765461081 0.0905861821623379 0.0897250934049168 0.137546974465485 0.0973578563809888 0.0346452541709857 0.0371077956200482 0.035125513005372 0.0263347521399756 0.0358219613915861 0.0530454205401969 0.0821073441301802 0.101467301353115 0.102734777168944 0.103280610067359 0.103466306117844 0.105014306953364 0.101968167430515 0.0883138298300174 0.166819219549976 0.301529541014503 0.409727608620426 0.490336981450248 0.496236155896892 0.508418791350916 0.525240934473113 0.54409498394682 0.558038019861255 0.552744834799222 0.547922067773299 0.543517580801801 0.525217118680814 0.50509743206349 0.488429047875772 0.469212766438278 0.447273768790118 0.423116995680139 0.39765951594848 0.366665078540165 0.342924248312025 0.328509580279368 0.29886055513723 0.266856794333666 0.267285387630681 0.26578655976393 0.261292979183133
-9999 -9999 -9999 0.371904064935422 0.331032601272577 0.291070908078513 0.290896491672686 0.290008314880677 0.288367717350816 0.2650651683331 0.238884664922684 0.229655545017371 0.226338961386533 0.230520062493468 0.167836026841597 0.0872671804666685 0.0469431879446943 0.0220212387112103 0.0206917816084789 0.0236689589726116 0.0291135606847696 0.0574742227776587 0.0774594444477159 0.0818259250921334 0.0896362500431495 0.0991652300289592 0.100526424610781 0.099559447393672 0.0935242193457175 0.130649257613991 0.194096203432469 0.316324779136211 0.417472030009263 0.44675503010859 0.47437999084153 0.500780708065127 0.488611757745272 0.481472808202456 0.5103070769716 0.532834409063577 0.549753823061262 0.535972729942631 0.516756120013873 0.49801739232778 0.477799806136574 0.456001892471209 0.432758281716033 0.408372328698054 0.37820680560106 0.355950565417277 0.343863507747288 0.31686403706026 0.286668548825772 0.276996595634397 0.268515117441184 0.261883353414638
-9999 -9999 -9999 -9999 -9999 -9999 0.378280395501556 0.379154219354505 0.380949197142185 0.368429983120078 0.357881873662114 0.386182165950264 0.386019939660255 0.349764405653331 0.26329444604552 0.161411746177675 0.0659828105488843 0.0118149919461104 0.0208499939372647 0.0139457519583472 0.00190190454208309 0.0297018874597977 0.0505413090804588 0.0584004933878194 0.0738819496100524 0.0931673106656021 0.101374104488783 0.106858601414901 0.106469941768643 0.0993640689670573 0.0881616073637694 0.219680632886623 0.337401804272242 0.388598904113589 0.424854063689553 0.450076570025969 0.404231404650044 0.375778426406919 0.443931494513775 0.500700808229276 0.547348066579393 0.543057644056793 0.528196332445944 0.506293996669933 0.484913648351748 0.464091102634635 0.441716997885487 0.418400269514226 0.390969257114008 0.370331122739757 0.358426778419296 0.336959687630188 0.312566826225607 0.290297312161642 0.273154123681436 0.263976022304999
-9999 -9999 -9999 -9999 -9999 -9999 -9999 0.379154219354505 0.380949197142185 0.438815939148299 0.497233518866144 0.462525037022138 0.436716365801068 0.422193540649938 0.347797883433452 0.254642360977012 0.164592768948992 0.0995143965433723 0.0726863582916017 0.0376035994720573 0.000755057877605836 0.0125150507632072 0.0289969775166299 0.0542844904241433 0.0736662576018226 0.090100754598518 0.0984359612287317 0.101748674280308 0.0937971255112169 0.0901967899332318 0.0892501041383214 0.18631752100012 0.252009711761583 0.208778261746037 0.221913426964401 0.276667907286268 0.231786537873067 0.20155456319343 0.270430369290324 0.357558956545733 0.460917309053195 0.506561087173987 0.532621492563293 0.512320891949965 0.492882944648454 0.474366839919863 0.446106557644061 0.416482892460555 0.394603421823762 0.378505758368445 0.369841923381925 0.346220766226674 0.318874830004891 0.305575282031934 0.293163131388805 0.282129784513064
-9999 -9999 -9999 -9999 -9999 -9999 -9999 -9999 -9999 -9999 0.580986460060378 0.508408528258428 0.467990484312295 0.46835438049328 0.414214153709567 0.342487446728051 0.267485260228802 0.201612665624599 0.149724567811275 0.0776758253723697 5.01775354712093e-05 0.00166703175264439 0.0128653027211891 0.04193125101097 0.0660286992573968 0.0876466110164973 0.0988303779580785 0.102986698463481 0.0913509220681797 0.0901866646163406 0.095408613206895 0.164784578212452 0.194012223410411 0.0953125023631905 0.105687702810374 0.196600354525955 0.133233892978772 0.0795557748566064 0.130834988595128 0.221988697284707 0.348597479202837 0.448150867849062 0.525058204176354 0.512279157242212 0.498356396212245 0.48321144739219 0.451775068951699 0.418438279152424 0.400842811496212 0.387803781111795 0.380623087410741 0.356460126717078 0.32816725003956 0.317070997981684 0.307193426213884 0.299209392908188
-9999 -9999 -9999 -9999 -9999 -9999 -9999 -9999 -9999 -9999 0.580986460060378 0.508408528258428 0.470007169260492 0.474945107715712 0.453384223368859 0.422219863205314 0.376828886131693 0.325401139034631 0.264726407845552 0.142474391431812 1.10677371692748e-05 0.000367699790709927 0.00488716193523745 0.0171695788430299 0.0472109678158179 0.0861149951761141 0.104244906321127 0.11378716844264 0.104309914068345 0.103970719764984 0.109204502482036 0.161072400755537 0.177281500392555 0.0818026090665235 0.120087846697319 0.257140260776396 0.145991233169045 0.036227950221369 0.042314644237496 0.0978241559482961 0.197278791545347 0.356730280484952 0.499435721056873 0.503095741634719 0.50007014976025 0.489900225278269 0.459370171099659 0.426227531219686 0.411006667700472 0.398794055079854 0.390449233353909 0.368173154397965 0.341955343913899 0.322869191015559 0.312217489736172 0.314670914286157
-9999 -9999 -9999 -9999 -9999 -9999 -9999 -9999 -9999 -9999 -9999 -9999 -9999 0.478312691411371 0.464469016814847 0.445150829220781 0.41291365469354 0.379998782777557 0.346045829743928 0.241417967076438 0.110791471743005 0.0566233372205417 0.0189345540294545 0.0119768975279728 0.0360250584112813 0.0755467132775072 0.0979687172381705 0.113511803818196 0.113835736155897 0.116880310511042 0.12158410742834 0.153149957127832 0.160332462723831 0.0920827707948762 0.110550007773998 0.193046265726907 0.15078965986641 0.105331725392959 0.10355463815257 0.112320212392024 0.130459970185413 0.231734940748431 0.335581572107059 0.376833789581905 0.399489382926014 0.40227238133369 0.403395309835285 0.404157726405139 0.405294328562726 0.401772811805048 0.39226222347918 0.369568398931242 0.343961797087299 0.335398596177684 0.330002132474896 0.329526022985861
-9999 -9999 -9999 -9999 -9999 -9999 -9999 -9999 -9999 -9999 -9999 -9999 -9999 -9999 -9999 -9999 0.404216273483779 0.406395413107096 0.411912508185541 0.352045974789177 0.264633242642995 0.138861684295439 0.0470038877683295 0.0183893639931614 0.0300121389179506 0.0617153907286051 0.0867456843409679 0.107959055375422 0.120629957927096 0.128028298955331 0.132211092703207 0.143525781384446 0.144016114505524 0.11191625432052 0.0927083366651615 0.0830194191521936 0.15039711928571 0.211923758504786 0.217246084309276 0.178382828687651 0.100231225288033 0.101256149437448 0.127900900205715 0.21185940162556 0.263723766221168 0.281291917888089 0.323562019294429 0.369015056028949 0.39282186041734 0.401219473351266 0.389805065143713 0.366558848388443 0.342083521246522 0.350350619765223 0.35213178604747 0.343835360813452
-9999 -9999 -9999 -9999 -9999 -9999 -9999 -9999 -9999 -9999 -9999 -9999 -9999 -9999 -9999 -9999 -9999 0.408209566309934 0.41831969232583 0.413317323841013 0.399821782200642 0.311072576584144 0.221840869201951 0.131709379868919 0.0835133946921965 0.0562453780699021 0.0663590530834763 0.0774548578144277 0.0895100038168528 0.100163709968789 0.109962727924145 0.132799648449811 0.147498602346246 0.136260627248881 0.106377507158905 0.0627274052947383 0.0935508983147798 0.128842794336614 0.147603628000649 0.157398827119587 0.159222082525459 0.184723693486939 0.215781787314078 0.253355748636816 0.270877459316845 0.26697107359696 0.277649219874705 0.298398303713426 0.366741960151863 0.390473263700935 0.356845238486587 0.354390500243673 0.361282999147984 0.358855578546136 0.35521935718083 0.349704947781087
-9999 -9999 -9999 -9999 -9999 -9999 -9999 -9999 -9999 -9999 -9999 -9999 -9999 -9999 -9999 -9999 -9999 -9999 0.42621904561341 0.452943819417016 0.48741435561573 0.427865373061215 0.344852219737674 0.218082465194247 0.122993727801034 0.0437154437225282 0.0475889349451723 0.0555548030708774 0.0700400630667987 0.0845379923448859 0.0990436481664438 0.124861970103357 0.145292104064455 0.148048224506183 0.113725090484803 0.0520238148294252 0.0658518075697989 0.0876224836288685 0.105358960243123 0.145119413724204 0.204462854113476 0.23978182541024 0.267288155037093 0.277207826071788 0.275134520288332 0.260245363159296 0.256005540573132 0.264283105318627 0.345371890501976 0.377126207961899 0.345449843777795 0.355295900808802 0.376087525112131 0.365510515306501 0.357470024981759 0.353370680859218
-9999 -9999 -9999 -9999 -9999 -9999 -9999 -9999 -9999 -9999 -9999 -9999 -9999 -9999 -9999 -9999 -9999 -9999 -9999 0.452909262601478 0.487794229304592 0.443112552522277 0.372900623790018 0.255079211449175 0.136782755166852 0.0182492275801692 0.0317808424719207 0.0494205912076189 0.0719170808792727 0.0913382301042755 0.108883838841899 0.122033730064572 0.132661364430711 0.136827352876654 0.109489282860909 0.0588896185359239 0.0915606024566197 0.12310574459888 0.11331676340326 0.148789894743627 0.224508589480144 0.242783833044797 0.252143495499973 0.268729340453664 0.274083923318647 0.267436633126203 0.278831501390736 0.29705170653184 0.33263190185535 0.35901347926039 0.373568140684039 0.380157048319323 0.382838939548462 0.368775555232299 0.358187188896823 0.352998171559198
-9999 -9999 -9999 -9999 -9999 -9999 -9999 -9999 -9999 -9999 -9999 -9999 -9999 -9999 -9999 -9999 -9999 -9999 -9999 -9999 0.488014987228204 0.45131068734976 0.398399154336498 0.315263947785445 0.183636957550526 0.0278100788320573 0.0372121098557851 0.0527889375255354 0.0768214400182665 0.0949341398162267 0.109436563020768 0.116246573259258 0.122477368614063 0.128473633675888 0.114566389448228 0.0859630272907077 0.104791385873238 0.123402819007656 0.120053880701807 0.147240682648339 0.201578848093394 0.237072829544651 0.265245866111906 0.273604521347054 0.273904588489621 0.265593143359983 0.273060715990143 0.288799555271503 0.336687762775043 0.371560922035508 0.389700275910325 0.390495395529405 0.385010882003516 0.371120838289468 0.359534826556901 0.351528730910919
-9999 -9999 -9999 -9999 -9999 -9999 -9999 -9999 -9999 -9999 -9999 -9999 -9999 -9999 -9999 -9999 -9999 -9999 -9999 -9999 0.488157760559869 0.456053998775487 0.42264796054195 0.386813403021508 0.24669680855369 0.0545381262671151 0.0530530485195219 0.0608146043865075 0.0832095363448708 0.096959568973627 0.105437385734494 0.109009214984066 0.1134925520106 0.121525141115355 0.12420786973836 0.122940431614156 0.111906542524027 0.106454710974081 0.126192724858383 0.143133234811885 0.157586297417266 0.227091472211795 0.292192453332175 0.285024498303087 0.274152269942812 0.259321606818946 0.253274313838012 0.260442629113272 0.348975475974079 0.399135291639085 0.399957845997401 0.393715939839221 0.384938368962681 0.373015337202281 0.361191467147404 0.349521670728494
-9999 -9999 -9999 -9999 -9999 -9999 -9999 -9999 -9999 -9999 -9999 -9999 -9999 -9999 -9999 -9999 -9999 -9999 -9999 -9999 0.421881929426572 0.420487509047437 0.405973848215417 0.366995083610692 0.243956188412147 0.0789669743813421 0.0517824034406118 0.0383875123899594 0.051905685248315 0.0746313515082669 0.102972339701365 0.10623115961899 0.108661507005334 0.113388439954563 0.115837019607174 0.116603335682744 0.0826618986566814 0.0537689416304076 0.0591960747702774 0.078611901996513 0.110466010229509 0.18213532494652 0.245210454224454 0.228723115080988 0.221252886470204 0.223418459704599 0.267739422665478 0.320546727875768 0.358925720693038 0.379634871298035 0.377625419923777 0.372731655578658 0.366388291078125 0.35354189954166 0.34303837742538 0.336175115510998
-9999 -9999 -9999 -9999 -9999 -9999 -9999 -9999 -9999 -9999 -9999 -9999 -9999 -9999 -9999 -9999 -9999 -9999 -9999 -9999 -9999 0.408609782127748 0.395825900208887 0.359202299909517 0.246110242126038 0.0948564999696214 0.0519181646101534 0.0258495962795464 0.0347987388255978 0.0628824169339941 0.102635566041432 0.105523241823056 0.106148281186802 0.107131344846991 0.1069203719966 0.105827760581028 0.0586519739571599 0.0166320116538052 0.0144053147748407 0.0357793320856014 0.0781383186322069 0.14392095407211 0.199421209174725 0.181740068758022 0.180423489707244 0.196594294229487 0.269649410491249 0.346955253409925 0.351720294819058 0.354175859366633 0.353662066012324 0.353197018701322 0.351865475896433 0.33942102844379 0.330563813038187 0.327280300521574
