layers/veg/veg_4800.asc
NCOLS 255 
NROWS 330 
XLLCORNER -2985163.8955 
YLLCORNER -3022031.214 
CELLSIZE 25000 
NODATA_value -9999 
[rows 225 to 249 of 330, columns 57 to 113 of 255]
-9999 -9999 -9999 -9999 -9999 -9999 -9999 -9999 -9999 -9999 -9999 -9999 -9999 -9999 -9999 -9999 -9999 -9999 0.196357144058859 0.197041909883208 0.193440570311171 0.181080124429622 0.159231497585085 0.132196753928898 0.0955192096536934 0.0646225852538583 0.0492962300775357 0.0462363400830323 0.0513313989034539 0.0557107397607062 0.0593351257438681 0.0607294919851921 0.0633041711408618 0.0668261912040001 0.0798492704941922 0.0919491077046426 0.0942598245686563 0.0955183791513191 0.0957612903474332 0.0949391037091921 0.0938946953660551 0.0928550542660907 0.0923291819702373 0.0923994033491853 0.0922619894344028 0.0911219184042392 0.0813835157035644 0.0773926472846121 0.0814375017049696 0.0859611716552013 0.090376292753991 0.0897724352535717 0.0896505024525146 0.090345368398301 0.0871235883545336 0.0820726451251252 0.0683713964908212
-9999 -9999 -9999 -9999 -9999 -9999 -9999 -9999 -9999 -9999 -9999 -9999 -9999 -9999 -9999 -9999 -9999 -9999 0.306031888063034 0.255041400707507 0.214781078516646 0.196448975234067 0.169004291590254 0.136578789558466 0.100364748216259 0.0703907871189359 0.0566073784452216 0.053227213371298 0.0567632966059116 0.0600522550251743 0.0624264855780135 0.0619218090573982 0.0631979121768131 0.0659033018690373 0.080242329932573 0.0937226991655024 0.0963694650993684 0.0981589809199329 0.0991210004277851 0.0973699468594511 0.0953944765919775 0.0954475085850119 0.0947804628237856 0.0932779560706785 0.0953163525347528 0.0971705033172072 0.0883041950497808 0.0828970334111601 0.0823261619462246 0.0862346444486585 0.0914289047266637 0.0907493591482427 0.0905269604575869 0.0910793653940213 0.0913965115870886 0.0914776637628075 0.073476834990576
-9999 -9999 -9999 -9999 -9999 -9999 -9999 -9999 -9999 -9999 -9999 -9999 -9999 -9999 -9999 -9999 -9999 -9999 0.306335017944591 0.284130456528576 0.256686630089179 0.218535815584999 0.182121261172211 0.146655724035179 0.109621807691228 0.0789834629222306 0.0647235963310434 0.0609016470780516 0.064018997808038 0.0691002479827744 0.0718292344761588 0.0664132129553643 0.0673573860625373 0.0734063686463358 0.0845210914177075 0.0946472654197224 0.0974493097720062 0.0988199056555641 0.098808736391088 0.0974446855927945 0.0960861667184037 0.0964322887038307 0.0963990082821188 0.0959255310767752 0.096942642153949 0.0982676844677038 0.0985894900165562 0.0937318904245288 0.0816328787513314 0.0847012852415258 0.0927389596332018 0.0918751570060242 0.0914532358694069 0.0917802455267926 0.0916348766201646 0.0912323849965129 0.0847024843216855
-9999 -9999 -9999 -9999 -9999 -9999 -9999 -9999 -9999 -9999 -9999 -9999 -9999 -9999 -9999 -9999 -9999 0.296467814161115 0.297070730967573 0.290238664491811 0.272143327400987 0.231030314451495 0.192393860967682 0.155111062808333 0.122534613761727 0.0953307987622168 0.0813249183313453 0.0775841175120408 0.0806677112980815 0.0821861604443929 0.0819583254844381 0.0765464465326638 0.0772763468570903 0.0829357524697082 0.0904149433069259 0.0968974385791201 0.098027934046191 0.0987572681502503 0.0990993645700634 0.0974127419711116 0.0957629362098195 0.0968376659221663 0.0974517510322268 0.0975313791422568 0.0981685901343494 0.0990879633063628 0.101152263004243 0.0966319900980608 0.082905717215536 0.0850305143752347 0.0924711575413771 0.0927975028996229 0.0929205619016475 0.0926990773655805 0.0923400670933047 0.0918935297163479 0.0878988447971307
-9999 -9999 -9999 -9999 -9999 -9999 -9999 -9999 -9999 -9999 -9999 -9999 -9999 -9999 -9999 -9999 -9999 0.296971860756705 0.28695130162287 0.289945629783761 0.279606964488799 0.242020927441782 0.20327136387358 0.16388583178034 0.136792547938538 0.113849074410883 0.100293580154146 0.0968004611223739 0.0999969754690727 0.0964938427391105 0.0924776170004 0.0887188154875805 0.0892230594435121 0.093148902293992 0.0969286730636832 0.0997858565466489 0.0988206456389672 0.0988808919196595 0.0999310033856195 0.0977002606043804 0.0954644065195129 0.0972531081964398 0.0983979871814207 0.0987958791339237 0.0992641346654846 0.0998407700434858 0.101224440902271 0.0972135603678418 0.0856604682147485 0.0866258523094216 0.0919070691540445 0.093669182777441 0.0944858721817856 0.0937001923396913 0.0932250427854229 0.0928611162051493 0.0884761878039334
-9999 -9999 -9999 -9999 -9999 -9999 -9999 -9999 -9999 -9999 -9999 -9999 -9999 -9999 -9999 -9999 -9999 0.306070451346076 0.308998886741215 0.307117252885093 0.298562087961256 0.276368861749607 0.23553033159974 0.184500519834409 0.152768144500163 0.126624065804275 0.112866688000377 0.109510957550648 0.113070414198982 0.109067456268992 0.105029400125319 0.103036205185235 0.102617957057117 0.103463790278893 0.104553508964833 0.105367248498977 0.104859786664542 0.104889088565892 0.105436523979583 0.102872163090924 0.100165838786055 0.100467430365408 0.100477091839615 0.100148045148265 0.100404079837093 0.100936871104594 0.102495146449231 0.102335113863274 0.0997726865100938 0.0970854441390512 0.0945122483948208 0.0947780826229332 0.0949147334839553 0.0948324355911744 0.0944396437987654 0.0938821325828402 0.0898940467142111
-9999 -9999 -9999 -9999 -9999 -9999 -9999 -9999 -9999 -9999 -9999 -9999 -9999 -9999 -9999 -9999 -9999 0.328771189413281 0.326188143017365 0.321314208580401 0.313886157602557 0.301238501356186 0.262402439728577 0.209252134944378 0.173742438387817 0.14406351181449 0.12754097196133 0.123059605858213 0.126583411102158 0.121987758543313 0.117412382919559 0.115219378202913 0.113257887324761 0.111482213721999 0.110620677748602 0.109925863281694 0.109372986965216 0.109052687010641 0.10895689105894 0.106719371058108 0.104317354954683 0.103591378913347 0.102748221514689 0.101769105947017 0.101696724010095 0.101943883188666 0.102784596218407 0.104175553520902 0.106335816451349 0.104068299748596 0.10022123987837 0.0966721736278556 0.0947315973734707 0.0955171993267766 0.0954083004077373 0.0948738512100615 0.0912779586831924
-9999 -9999 -9999 -9999 -9999 -9999 -9999 -9999 -9999 -9999 -9999 -9999 -9999 -9999 -9999 -9999 -9999 0.332663812744396 0.335642733197957 0.330775367280841 0.323429435150274 0.311018292776141 0.280698438326277 0.240589913831729 0.202674870965839 0.168928967909833 0.14556041764007 0.137942627596283 0.14079620330743 0.135460004040175 0.129526628409879 0.124004787518016 0.119511792434927 0.115844567967648 0.114207974248647 0.112856173321348 0.111456824748017 0.110279606685311 0.109316809333235 0.10845760902374 0.107593381312702 0.106571448813872 0.105325063181643 0.103818258676105 0.103232471486161 0.102809061833188 0.10151184506582 0.100792320434001 0.100880476741551 0.105516043463051 0.110871632428198 0.099816322345346 0.0935741353595775 0.0954895566460241 0.0959854030672615 0.095818926572779 0.0926078256781874
-9999 -9999 -9999 -9999 -9999 -9999 -9999 -9999 -9999 -9999 -9999 -9999 -9999 -9999 -9999 -9999 -9999 0.338780328369044 0.338724526951186 0.336220205449421 0.32967997247443 0.314891930735901 0.284619894874093 0.245884508392449 0.221999036478804 0.197270131316091 0.16901782739381 0.156036635245554 0.153207930632889 0.147905359893724 0.142203831013374 0.135921859898067 0.129844501807158 0.12393136990225 0.121705714648466 0.119854990978348 0.11731472074796 0.115265105296836 0.113689114770758 0.112614741676717 0.11160877705539 0.11038662542517 0.108891488227782 0.107079623022389 0.105455489742554 0.103823904465514 0.101645029997765 0.100080889808742 0.099376219792759 0.10552735101312 0.113097466700968 0.101878536776582 0.0949581044726098 0.09532305819328 0.0958630375844559 0.0964582573988395 0.0937498799641297
-9999 -9999 -9999 -9999 -9999 -9999 -9999 -9999 -9999 -9999 -9999 -9999 -9999 -9999 -9999 -9999 -9999 0.349748641927182 0.339215878967186 0.339911425010566 0.334386899063551 0.316151003054894 0.282435717955544 0.24025959928752 0.23689105434708 0.226422102795154 0.194318342082179 0.17520354393004 0.164724022793123 0.159751368440155 0.154908151223335 0.148910833708122 0.141671900110707 0.133436422553005 0.13067575676405 0.128373442732649 0.124630419849618 0.12173349448203 0.119653299918393 0.117746037106995 0.115943137873915 0.114542473937264 0.112849134399981 0.110816221745551 0.107956807922164 0.10492010285197 0.102380042260856 0.100498369253544 0.0995371988278538 0.104920946570871 0.111748775707472 0.103523225780487 0.0974945200843881 0.0951891753556221 0.0954924383327337 0.0969468050949323 0.0948084504226013
-9999 -9999 -9999 -9999 -9999 -9999 -9999 -9999 -9999 -9999 -9999 -9999 -9999 -9999 -9999 -9999 0.357125367010584 0.351649858799953 0.343794331749267 0.340759744349989 0.332021390014061 0.311626789192708 0.277714757147478 0.236414272289858 0.234374618535611 0.226395769782022 0.199687151047991 0.181911533437545 0.170074722634661 0.164111699119992 0.158221585296936 0.150890399969716 0.143574108947885 0.136269772370178 0.131889961333678 0.128277345539157 0.126110439112371 0.123780843583691 0.121294205635479 0.120919543477753 0.120628025328044 0.118217089558441 0.115678410674093 0.11299151947695 0.10996968610164 0.106838884658854 0.103571391943108 0.101121156071082 0.0998135405233139 0.10372167560251 0.109084935564457 0.10685844491889 0.103745750920176 0.0991310592250226 0.0971859668247201 0.096445035460343 0.0956678075897346
-9999 -9999 -9999 -9999 -9999 -9999 -9999 -9999 -9999 -9999 -9999 -9999 -9999 -9999 -9999 0.360487636774634 0.359114328032937 0.353739632544551 0.3466033582629 0.340893744796231 0.330114483546831 0.308974864869414 0.275090036694116 0.23423884209908 0.232896551817017 0.227099021144196 0.206315010826084 0.189765153337176 0.176030230638766 0.168975626255778 0.162281628859406 0.15484405055794 0.148109028839879 0.141937891989281 0.136203605874745 0.131359685283749 0.130021744265964 0.127934916261887 0.125125193958724 0.124946786380295 0.124811257645887 0.121676827461857 0.118597230885315 0.115581254299571 0.112395116534532 0.109051741433159 0.104711382237095 0.101846330179045 0.101043929456824 0.103810138574826 0.107719797354015 0.109075875418672 0.108082754802 0.10310805253671 0.0995291997487404 0.0966030208238362 0.0968683649516193
-9999 -9999 -9999 -9999 -9999 -9999 -9999 -9999 -9999 -9999 -9999 -9999 -9999 -9999 -9999 0.361513903887902 0.362881137125018 0.356195627649302 0.345975746862244 0.339640371586405 0.329098290103304 0.309959362888562 0.276536703225846 0.235306740427733 0.233435239713879 0.22921929528407 0.215388240515691 0.199843854276661 0.183160416954939 0.174817654997085 0.167791761935276 0.16263183267449 0.157757286761093 0.153111794784161 0.146537084702696 0.140615289822909 0.138655172868232 0.136180736783524 0.133209832775332 0.130632184463565 0.128020158853132 0.124719222792166 0.121689966277266 0.118975922476117 0.115621819527348 0.111835760284519 0.105751620637424 0.102770364251102 0.104127300325085 0.106399680774326 0.108877040765473 0.109122300048275 0.108701884114053 0.107153236562338 0.103134309996515 0.0980424040511361 0.0987316125575423
-9999 -9999 -9999 -9999 -9999 -9999 -9999 -9999 -9999 -9999 -9999 -9999 -9999 -9999 -9999 0.369759127925763 0.369095242839095 0.3614234002034 0.350659772990003 0.34177586067754 0.329531761984135 0.310420769687213 0.279821507032094 0.242942904609549 0.235421273988598 0.228207463427225 0.219041444514128 0.212128731711952 0.206714054058984 0.190968567353467 0.177185817718062 0.172679699486958 0.168849570886858 0.165562004028389 0.159442694877536 0.153621310655936 0.150814037838694 0.1477888573734 0.144553332491141 0.140784159793539 0.13689751327901 0.132977054066272 0.129248980923147 0.125744121253276 0.121835158690648 0.117519890447859 0.110537473767551 0.106712426588407 0.107301749984369 0.108090900543956 0.108902551209353 0.108829903372068 0.109301281825064 0.110694713023518 0.106840888466704 0.100667024925425 0.101082850736568
-9999 -9999 -9999 -9999 -9999 -9999 -9999 -9999 -9999 -9999 -9999 -9999 -9999 -9999 -9999 0.371117044661939 0.374079338151114 0.368092430151516 0.358105722469142 0.345673476396022 0.330719024854959 0.310610181672764 0.284062097869059 0.253994408550691 0.238159893457082 0.225567012026019 0.219876365931828 0.225560767692688 0.238807489294699 0.212479850448781 0.188599419594083 0.18390275580819 0.180692713796383 0.178675861830545 0.173685751290336 0.168577457468758 0.164806044656098 0.161145292870522 0.157591361242157 0.153258647518686 0.14872232660565 0.143946786188987 0.139130353015148 0.134266474543538 0.129601476598679 0.124712008517246 0.117270956180015 0.112223790802265 0.110523558417363 0.109315014325488 0.108339587817442 0.108361327792188 0.109890419579633 0.113974273705041 0.110600227964243 0.103907940777795 0.103687832238984
-9999 -9999 -9999 -9999 -9999 -9999 -9999 -9999 -9999 -9999 -9999 -9999 -9999 -9999 -9999 0.383265104400121 0.384013783426621 0.383053514111332 0.381168405292586 0.363685178673707 0.344107975032066 0.320251509530108 0.289403477137468 0.254733944845852 0.22751718126057 0.208867377021825 0.211267222272939 0.225903551648228 0.248674897935741 0.246800521543321 0.237343469051145 0.210469981977158 0.19740514724998 0.195423391498001 0.188664652411375 0.181650208178752 0.176504493924621 0.171842138820135 0.167646366230878 0.162760241379572 0.157678703774995 0.152297022349876 0.146752924156728 0.141020383988653 0.135624851942946 0.130058839442007 0.122080027030369 0.115843995457555 0.112044574630152 0.109763946650924 0.108206037893982 0.109775335275971 0.11179724880686 0.114586286960564 0.110755873281887 0.103994558776654 0.104967673573793
-9999 -9999 -9999 -9999 -9999 -9999 -9999 -9999 -9999 -9999 -9999 -9999 -9999 -9999 -9999 -9999 0.390832459100857 0.39718208016369 0.406033861392888 0.385071022101302 0.362710960558358 0.337495528671984 0.302124918958915 0.261203620588267 0.229980831447902 0.209538902707646 0.21555656670326 0.234009722678889 0.260730199278859 0.276137667043298 0.27732477777439 0.235888410481314 0.21535768581506 0.211606215375882 0.20357051347036 0.195256476615617 0.188410572699934 0.182619654685635 0.177847105674516 0.172332996258762 0.166619616320721 0.160646610704067 0.154614188852897 0.14851283007661 0.142147314200157 0.13556929348224 0.127731163882824 0.120894155941294 0.115456832764896 0.112308701041797 0.110226529320529 0.112440931024786 0.114131745453891 0.11493514857004 0.115828550498846 0.116714942142265 0.110971118904619
-9999 -9999 -9999 -9999 -9999 -9999 -9999 -9999 -9999 -9999 -9999 -9999 -9999 -9999 -9999 -9999 -9999 0.408819930137585 0.434304261512581 0.413724967364499 0.393114429798091 0.37244004302657 0.332506791570659 0.282046894143024 0.264716293245733 0.25276569735154 0.251385233800904 0.261537503446383 0.279356924754259 0.292746525539372 0.294048355777975 0.257638765085094 0.236000325902918 0.226217485271287 0.218257359635495 0.210255718949143 0.200951192845886 0.193748457655848 0.188574563528405 0.182252757055713 0.17569328778767 0.169149800264088 0.163182546692066 0.157883861182144 0.149971734203033 0.141582041355757 0.135518783575415 0.129490839257982 0.123512267277715 0.119933172417449 0.117395220200867 0.11800111652032 0.117415376119937 0.11480996878664 0.115129062457668 0.116714942142265 0.110971118904619
-9999 -9999 -9999 -9999 -9999 -9999 -9999 -9999 -9999 -9999 -9999 -9999 -9999 -9999 -9999 -9999 -9999 0.453049429770487 0.45149806384974 0.433711385377583 0.41447074165512 0.392258767314307 0.356389879466606 0.313056299597369 0.300913184818368 0.292075788689954 0.288724357473343 0.296734073533285 0.312296868100018 0.326825501335326 0.333633330056473 0.315841487167951 0.287920519669378 0.251869729999652 0.240416574498974 0.231694289819573 0.219347149659289 0.2102129863023 0.204180282386729 0.197278567785431 0.189984747361305 0.181450693658841 0.174037277113956 0.167924065478429 0.159318913601252 0.150331238592512 0.14422500860434 0.13800295355899 0.13161896158352 0.127439669926043 0.124187514612515 0.123297556374245 0.121105901820075 0.11670804384656 0.115920542113341 0.116755896810776 -9999
-9999 -9999 -9999 -9999 -9999 -9999 -9999 -9999 -9999 -9999 -9999 -9999 -9999 -9999 -9999 -9999 -9999 0.457218311851357 0.46166906235936 0.448202402660001 0.430090959023295 0.402487411826504 0.376152596552628 0.350511253713622 0.33803665464343 0.328902604973602 0.327021143455372 0.33679282278768 0.354311702781356 0.371980911344199 0.387712926638182 0.397155802799746 0.359671362521659 0.284522192830994 0.267313433585509 0.257215534989784 0.241455517229772 0.230060481039738 0.222878924787671 0.215541725191038 0.207584398042565 0.196159413856558 0.186341617464847 0.178388540127177 0.169631555564782 0.160815404222929 0.153513649389317 0.14646144926531 0.139758155712596 0.134871369437869 0.130741165479197 0.128426775756889 0.125054407818761 0.119888906467852 0.117657327706248 -9999 -9999
-9999 -9999 -9999 -9999 -9999 -9999 -9999 -9999 -9999 -9999 -9999 -9999 -9999 -9999 -9999 -9999 -9999 0.490177354531087 0.491576605965572 0.467719188360327 0.447949536527213 0.436533663160829 0.407671770413918 0.36927410945615 0.371860654490216 0.372705952952777 0.365315725128639 0.376046650880654 0.398824819068896 0.40102282786067 0.402864665905266 0.409430885190007 0.39288924938126 0.357800823015663 0.315550258478825 0.277109628469462 0.259254653307015 0.245490647523974 0.235675620019675 0.22702390075716 0.2185931959455 0.210029222938391 0.20172951922379 0.193736430571154 0.184987038706945 0.176085630265335 0.167731700826824 0.15936358512881 0.15097563538651 0.144355822159489 0.138553450178715 0.135964545654108 0.133056637215463 0.129608059254029 0.128141867716731 -9999 -9999
-9999 -9999 -9999 -9999 -9999 -9999 -9999 -9999 -9999 -9999 -9999 -9999 -9999 -9999 -9999 -9999 -9999 0.545911937989648 0.520215825803321 0.489394518854006 0.46789654030871 0.465451762069249 0.433882531892802 0.386394253543719 0.402326294257618 0.412197756396759 0.400781835761359 0.410687814701247 0.434768944925236 0.423384097164674 0.41310971549678 0.416536562252789 0.417837436659442 0.417431966460174 0.356906656999331 0.297152148579571 0.277833271903324 0.261733840597609 0.248742112786774 0.23853458647599 0.229411557035855 0.223248340201109 0.216067507086501 0.207705997716452 0.198781800027017 0.189687391245287 0.180480343610076 0.171312396608301 0.16219911684951 0.154174330589282 0.146749507667262 0.143029703669346 0.139865099414377 0.137641485432137 0.134529913217487 -9999 -9999
-9999 -9999 -9999 -9999 -9999 -9999 -9999 -9999 -9999 -9999 -9999 -9999 -9999 -9999 -9999 -9999 0.563668805930413 0.554237019248307 0.540507441379154 0.516467110601379 0.493664137450426 0.473389834500949 0.441318350665328 0.402798680569099 0.423363505108218 0.437027168327443 0.427673702468087 0.431528930320648 0.444165516089779 0.429168458779559 0.417360487488657 0.423720942154051 0.426506009834662 0.42642140599889 0.372536097696079 0.318928380380733 0.299758038714671 0.281449534077291 0.263972953463398 0.251678674787778 0.241156189780349 0.234686214773449 0.226519128238127 0.216382989787954 0.206694659545465 0.197139198160364 0.187649785451881 0.179357380532777 0.172738532022467 0.164537254322281 0.155821867485085 0.148112627222733 0.142129764756679 0.139072884757305 0.135221946045825 0.131042770630711 -9999
-9999 -9999 -9999 -9999 -9999 -9999 -9999 -9999 -9999 -9999 -9999 -9999 -9999 -9999 -9999 0.622360505384479 0.610058126711027 0.603390962235817 0.598923913819397 0.566068469219316 0.534446536945809 0.505345416599061 0.4730896323416 0.439109549653674 0.456867942688924 0.471847486938328 0.47495664328678 0.476286533665766 0.476433538617363 0.459706486690424 0.445739347868903 0.445486435226206 0.443846328670927 0.441092834704558 0.410961872772584 0.375421883945302 0.333867196438834 0.302266304755254 0.280273728326612 0.266952071455242 0.255889016406239 0.247440136420384 0.237629937898231 0.226240286979623 0.216688547237494 0.207444665530287 0.196309862727979 0.186896353490934 0.179889413286375 0.171615411625246 0.162815650245002 0.152784588882683 0.145488301980696 0.142827096773121 0.137510675590244 0.131042770630711 -9999
-9999 -9999 -9999 -9999 -9999 -9999 -9999 -9999 -9999 -9999 -9999 -9999 -9999 -9999 -9999 0.639118052695208 0.671565000267609 0.683843081746056 0.686565754039188 0.632939702443041 0.586738832005752 0.555712098721658 0.52351574742425 0.490680098071113 0.499929381038818 0.514326533901124 0.5378707677834 0.539377796656218 0.526234127368454 0.509219930140949 0.492614074593656 0.478429370788705 0.4678341467263 0.460119905287498 0.466862631654102 0.45852860311345 0.377316541507524 0.323927128072888 0.297394682534085 0.283857731819642 0.272912502522103 0.261202900143946 0.249246061628493 0.237002370551255 0.228277688492018 0.219937663114617 0.206112616262438 0.194047433672371 0.184442746444655 0.176175565848773 0.168216058393928 0.15714151952437 0.149685368465571 0.148361907084915 0.141023384779382 -9999 -9999
