layers/veg/veg_1800.asc
NCOLS 255 
NROWS 330 
XLLCORNER -2985163.8955 
YLLCORNER -3022031.214 
CELLSIZE 25000 
NODATA_value -9999 
[rows 225 to 249 of 330, columns 56 to 111 of 255]
-9999 -9999 -9999 -9999 -9999 -9999 -9999 -9999 -9999 -9999 -9999 -9999 -9999 -9999 -9999 -9999 -9999 -9999 -9999 0.195048105309069 0.192130960601565 0.174878080977812 0.148884350231164 0.114820304440372 0.083301744244686 0.060638415399307 0.0449153395665038 0.0343155953463534 0.0249367757331742 0.0178382376971448 0.0187040546946712 0.0174641997391863 0.0143524564279121 0.0155774761458279 0.0167790942275177 0.01392362091191 0.013762874944715 0.0164811282633618 0.0206722461285616 0.025855422149964 0.0356594669258348 0.0461583298529139 0.0575503439359458 0.0728524468625623 0.0889226492928797 0.0987405549748532 0.102610059426628 0.097239258084049 0.105756353547657 0.119698332606165 0.124615284351853 0.125995916073371 0.120683862128764 0.12791129060516 0.141491334433871 0.157344239531806
-9999 -9999 -9999 -9999 -9999 -9999 -9999 -9999 -9999 -9999 -9999 -9999 -9999 -9999 -9999 -9999 -9999 -9999 -9999 0.196687523911934 0.199177486276186 0.191412144895 0.177393891906378 0.135289733411838 0.0957329011481661 0.0687737924334035 0.0510334165777794 0.0400983582516812 0.0310823594610771 0.0240527531371392 0.0235798925456679 0.0214416809639198 0.0178230150680306 0.0173507143761484 0.0171611708354993 0.0155401519431266 0.015817803480441 0.0181239610980972 0.0252337963946166 0.0331489556345936 0.0382325640238933 0.0436742177615178 0.0495761194304662 0.0610955569154029 0.0745608969086884 0.0896459317056046 0.0980833173664018 0.0961941785621952 0.105872189082293 0.11991562212211 0.121071631922766 0.123830269943957 0.129621972519936 0.129472807088936 0.126313944124967 0.134862892882506
-9999 -9999 -9999 -9999 -9999 -9999 -9999 -9999 -9999 -9999 -9999 -9999 -9999 -9999 -9999 -9999 -9999 -9999 -9999 0.202841878419628 0.202963374796013 0.198086436435418 0.190161829145489 0.145642888989877 0.104093929277419 0.0779514631066168 0.0588682218411534 0.0449961378710819 0.0376546563750828 0.0317745207945235 0.0284375025543178 0.0254765799837972 0.0228499968167814 0.0219317212376147 0.0210931634792355 0.0191050935494149 0.0189671143964232 0.0208057396774092 0.0266825607961711 0.0333759053004477 0.0387167688019857 0.0432661309143437 0.0467980607971968 0.0544501377049847 0.0639485516624816 0.079909996232241 0.0910432595141146 0.0946763778319692 0.102038120451319 0.110840113652835 0.116649365838927 0.123155199473326 0.1309793528985 0.130028686284104 0.124632616372694 0.127076028796
-9999 -9999 -9999 -9999 -9999 -9999 -9999 -9999 -9999 -9999 -9999 -9999 -9999 -9999 -9999 -9999 -9999 -9999 -9999 0.202675550885468 0.202248468159108 0.198705106994161 0.193261674012297 0.149782887197068 0.109955188014288 0.087769283976905 0.0677573978573182 0.0493503833043062 0.0444890296559841 0.0404220043613144 0.0332839174866161 0.0295467435505331 0.0288328939835396 0.0282371880546185 0.027205424105623 0.023866699288348 0.0227885670871456 0.0241256122622688 0.0262195314288407 0.0292627392307127 0.0379180291389824 0.0441330858781772 0.0472113548521657 0.0509440535885042 0.0556389967511832 0.0697801831427783 0.082459587137841 0.0928682437797848 0.0957781213194291 0.0960572054275225 0.111687477634092 0.1233956025947 0.127680842048894 0.129966928678732 0.131240226383377 0.128314141506299
-9999 -9999 -9999 -9999 -9999 -9999 -9999 -9999 -9999 -9999 -9999 -9999 -9999 -9999 -9999 -9999 -9999 -9999 0.227257516150368 0.224252653960506 0.214342060309766 0.206558465145615 0.200071753414264 0.159905084788047 0.123440465322015 0.103951547603468 0.0829073477579631 0.0607150303909203 0.054082547993057 0.0486973630345215 0.0410338977627598 0.0373248127580039 0.0371310703808524 0.0353843055457089 0.032914402686237 0.0282072975845202 0.0266114780968097 0.0283397014166398 0.0298701485843033 0.0317940503450732 0.0369771693224691 0.0430685463759886 0.0503274400655985 0.0544816136688378 0.0579982702190941 0.066131746869633 0.0757707061571941 0.0877482971872727 0.0929057628920539 0.0954374007196429 0.103744184022947 0.11273201674997 0.123008774032713 0.127945394901278 0.130176654302025 0.132849781876921
-9999 -9999 -9999 -9999 -9999 -9999 -9999 -9999 -9999 -9999 -9999 -9999 -9999 -9999 -9999 -9999 -9999 -9999 0.232982173625941 0.22840270780037 0.22249212017038 0.215514191810892 0.207885479486128 0.171392944133222 0.13812170313209 0.119539067688059 0.0967750505938112 0.0709243153706572 0.06373602202761 0.0581252450427549 0.0500860355858873 0.0463201220784926 0.0463530590602354 0.0436014632129843 0.039804675823679 0.033264688880008 0.0306806842868544 0.0323231816322557 0.0334370140335645 0.0345591258465655 0.036706740911974 0.0424167931613381 0.0527061657455641 0.0578370611439642 0.0613003444613779 0.0647774530700041 0.0715770058778537 0.0835376766394888 0.090514607142026 0.0953844343683896 0.0978616539716043 0.103802574152316 0.116298743588837 0.123711293262968 0.128548435128096 0.135608782449715
-9999 -9999 -9999 -9999 -9999 -9999 -9999 -9999 -9999 -9999 -9999 -9999 -9999 -9999 -9999 -9999 -9999 -9999 0.239713980512182 0.239847709718341 0.233778280055496 0.226277001437784 0.217902689200374 0.18569788960467 0.154807091455615 0.132159068853257 0.10569273738743 0.0764077100510602 0.0730286921318433 0.0709825050998939 0.062367728040984 0.0581415391064967 0.0578166924474354 0.0547721865599746 0.0502141805799382 0.0404917142426041 0.0354670358276641 0.0354613913723477 0.0359616146159945 0.0367156824843618 0.0384167791245314 0.0433422683740321 0.0524125399399728 0.0592951263866382 0.0652782606303931 0.0688479266870379 0.0742837593641582 0.0826185138807916 0.0888677217631925 0.0942340672865899 0.0985604614912218 0.102040542832943 0.103918929212684 0.113412566342879 0.126764158467134 0.132552716332752
-9999 -9999 -9999 -9999 -9999 -9999 -9999 -9999 -9999 -9999 -9999 -9999 -9999 -9999 -9999 -9999 -9999 -9999 0.252665292977011 0.250012747069754 0.24450819780256 0.235531548647099 0.224437874561666 0.188263234303543 0.155758775555654 0.138532475285669 0.115034427723798 0.0869065430207067 0.0871437510848813 0.0881886008833902 0.0796096699896505 0.0733925084064796 0.0692748991610754 0.067099107571786 0.0638964176073465 0.0537499031502385 0.0481219544847713 0.0473215620078091 0.0473996350924664 0.0477840275581027 0.0488222255523637 0.0517987555205471 0.0572669064115842 0.0628677616322061 0.0682997510087145 0.0710661259868784 0.0752107404201065 0.0814963257680033 0.0868038722727574 0.0917108293607362 0.0966019980398434 0.0987141294917353 0.095566775803968 0.104238329630898 0.118897449037066 0.127917084245499
-9999 -9999 -9999 -9999 -9999 -9999 -9999 -9999 -9999 -9999 -9999 -9999 -9999 -9999 -9999 -9999 -9999 -9999 0.257865998407431 0.259226265169575 0.254824607928606 0.243664861125174 0.228384540449125 0.182101418553622 0.145014102694986 0.140262194462638 0.124691320171388 0.101133827708533 0.104843749768435 0.108627599376664 0.100539036582055 0.0911929896979613 0.0807290717127556 0.0802855401399858 0.0800115874226387 0.0714916288467413 0.066626326548033 0.065665594712909 0.0654638472997937 0.065477351544916 0.0656917949203685 0.0658537592402817 0.0659482645724919 0.0680123576329109 0.070610239241865 0.0719073538313446 0.0748146475604285 0.0802232096232785 0.0844300537489771 0.0881670061216646 0.0926681326502679 0.0942247623864057 0.090208765396969 0.0959000333107061 0.1065090895336 0.122107210722847
-9999 -9999 -9999 -9999 -9999 -9999 -9999 -9999 -9999 -9999 -9999 -9999 -9999 -9999 -9999 -9999 -9999 0.292549406246125 0.28081871448184 0.270604734199304 0.264282270988401 0.25006109514134 0.231023879403855 0.18917884339593 0.154559977571414 0.145060394108401 0.13762828684521 0.131722401486864 0.121890057231901 0.112396350248477 0.105915511137362 0.0991338541415532 0.092084777762224 0.0927294001087395 0.0936734633048291 0.0891399069545625 0.0859823830761218 0.0842949880795567 0.0824120495324068 0.0806222175049495 0.0798750115987056 0.0788685267751879 0.077528752925938 0.0774709703104145 0.077767322346646 0.0773012804369684 0.0779709419025764 0.0804048163177145 0.0834476853660506 0.0867471256370091 0.0903070119701376 0.0927599393720994 0.0931178843853157 0.0954442325624524 0.0987677916083345 0.114482079990577
-9999 -9999 -9999 -9999 -9999 -9999 -9999 -9999 -9999 -9999 -9999 -9999 -9999 -9999 -9999 -9999 0.295956211189583 0.293790907874803 0.287476442303853 0.280669193731424 0.27287298176711 0.255859527456453 0.23322609317381 0.196251284258519 0.164303274769069 0.149544529648246 0.14816996971083 0.156675686318878 0.136202169692618 0.116187784209415 0.110797441594392 0.105620609913557 0.100633583976666 0.102490324668699 0.104848935073999 0.103523044465194 0.101656241889239 0.0992115384848196 0.0959055550062735 0.0926135729819819 0.0909960791569331 0.0891888345146888 0.0871376754591174 0.0855036662351892 0.0839826778878321 0.0821857758375483 0.0810547095172491 0.0809579590602828 0.0829519576161175 0.0857986121918043 0.0885497132877045 0.0917872705817369 0.0959454737455388 0.0954391270037473 0.0925696770375135 0.106388926206778
-9999 -9999 -9999 -9999 -9999 -9999 -9999 -9999 -9999 -9999 -9999 -9999 -9999 -9999 -9999 -9999 0.298244311951038 0.299508711969206 0.291995041205871 0.28478789514838 0.278588883953274 0.260200311194052 0.234379462133143 0.197238146418217 0.1654928325023 0.151438565143363 0.148178600923486 0.152887048576879 0.140506189733272 0.127703755770842 0.120941994457832 0.111143621946526 0.0986457799689433 0.102477129625803 0.107775116691851 0.105639750002453 0.103058304915674 0.100000277517794 0.0968866028014909 0.0938843222563582 0.0918041529852499 0.0898279791261956 0.0879854857450166 0.0861839304998613 0.0844268963733589 0.0830635240846436 0.0822372019776784 0.0822451389790416 0.0836531940942092 0.0856538234259659 0.0883480638944613 0.0912839978017473 0.0946773502125435 0.0935209986800092 0.0900597259275626 0.0973632012474002
-9999 -9999 -9999 -9999 -9999 -9999 -9999 -9999 -9999 -9999 -9999 -9999 -9999 -9999 -9999 -9999 0.311745196828467 0.309277925966662 0.301382840684691 0.293314926673052 0.285037599578306 0.264449928260149 0.23635633647422 0.203040590510371 0.173484023270377 0.155754628781389 0.151317834556716 0.156693708404102 0.153971973495312 0.147860583425607 0.13270920565856 0.120784693986443 0.111728783503678 0.112886293845462 0.11475539330864 0.110937273206409 0.107437143222698 0.10427674828664 0.100905160969243 0.0975917708640793 0.0950923972432183 0.092766273269898 0.0906628523487367 0.0883975587519613 0.0861492392871814 0.0847736007936958 0.0837831599881462 0.0833910891126102 0.0843366161469939 0.085846515366075 0.0879578967870638 0.0901965637190782 0.0926761256801976 0.0926460107896034 0.091344470878241 0.0943316025121766
-9999 -9999 -9999 -9999 -9999 -9999 -9999 -9999 -9999 -9999 -9999 -9999 -9999 -9999 -9999 -9999 0.316998828526373 0.32240638487844 0.315129085742666 0.305787876334877 0.292142260145963 0.268617941586555 0.239070334565667 0.213153485867272 0.187563389492345 0.162238661819228 0.157259285939005 0.16729895674515 0.175638497390955 0.175751884213304 0.145928866382589 0.134111861957075 0.138301741594953 0.13262456351801 0.125364510460315 0.119081962075208 0.114480507843061 0.111675105025414 0.107642609732279 0.103480321126915 0.100600654350148 0.0977625475596962 0.0949778638839909 0.0919837087120562 0.0890156377140704 0.0872286988359633 0.0856544578146173 0.0844106237651981 0.0850040924193574 0.0863412879594017 0.0873989865390029 0.0885862439579453 0.0900186988084129 0.0927047430732556 0.0960258670879547 0.0966653758807499
-9999 -9999 -9999 -9999 -9999 -9999 -9999 -9999 -9999 -9999 -9999 -9999 -9999 -9999 -9999 -9999 0.334002531361406 0.334034042748889 0.325616009093097 0.31595062596551 0.303710920608183 0.282478092688926 0.255761936157428 0.227873433196509 0.201712280717749 0.180756595902926 0.174945731792994 0.180314854715918 0.185118101209444 0.186155944859183 0.17339623315806 0.161991027901974 0.151789944132465 0.144785126095878 0.138108919091855 0.130187217939014 0.124299131553457 0.12058372340421 0.116282413092431 0.111954533739398 0.108499871442879 0.104939275554758 0.101242507763772 0.0975039231632853 0.0938382265584643 0.0912601412282084 0.088874616590993 0.086788217654753 0.0860990875962925 0.0860036974575196 0.0866837904452758 0.0876502540273249 0.08915869015669 0.092214230654434 0.0960535482358106 0.0997973293773899
-9999 -9999 -9999 -9999 -9999 -9999 -9999 -9999 -9999 -9999 -9999 -9999 -9999 -9999 -9999 -9999 -9999 0.343432729277137 0.336879935889666 0.329079942932574 0.318640352657389 0.299844516278234 0.275953670569751 0.243651876126289 0.215444571190629 0.200627816348305 0.19355998939907 0.192212462151718 0.192727794096373 0.194548467444982 0.200409752045602 0.189586995270736 0.163932553658343 0.156368338194638 0.151262439312538 0.142126082930489 0.135060929962176 0.130208614278677 0.125555948428347 0.121012083517721 0.116905454699202 0.112575644442892 0.107958946518486 0.103480691558083 0.0991182031924048 0.0956490826962782 0.0924257485552826 0.0895842213895731 0.087566737939651 0.0859418911392038 0.0862660475519468 0.0870252395897407 0.088607761154311 0.0914822791069972 0.0950113341302512 0.102389464386997
-9999 -9999 -9999 -9999 -9999 -9999 -9999 -9999 -9999 -9999 -9999 -9999 -9999 -9999 -9999 -9999 -9999 -9999 0.355149802412384 0.359514201779414 0.346575429866407 0.326087749878571 0.30099731446815 0.260543495716493 0.226984232495542 0.216196959032931 0.20596823110092 0.196151824444349 0.202143435901876 0.208962825027887 0.211828028685744 0.202175769314371 0.181395806382654 0.172064177425503 0.164515711651584 0.155563815980799 0.148053901015555 0.142084572864742 0.136293581767149 0.130639572450519 0.125669277450665 0.120527764364997 0.115166159689899 0.109987049281909 0.104911409410853 0.100395030810892 0.0964103902095987 0.0932517567184544 0.0905393744373823 0.0880643496895391 0.0875132236048283 0.0873601764411205 0.0879605161514435 0.090028977528077 0.0928412026362062 0.101480600905257
-9999 -9999 -9999 -9999 -9999 -9999 -9999 -9999 -9999 -9999 -9999 -9999 -9999 -9999 -9999 -9999 -9999 -9999 0.38876293676007 0.382156981741962 0.367499950055988 0.346218844811958 0.320898878558267 0.27773979974308 0.241809728569688 0.230079406809939 0.218396950853721 0.206749829687739 0.218071547735746 0.22966151587353 0.232019251225684 0.227630075917014 0.217243070088978 0.197338542627646 0.178127278276372 0.17105779397601 0.163806544661003 0.156361100802471 0.149539768581635 0.142819913168075 0.135708939138483 0.129063040043672 0.123014969625158 0.11721921846519 0.111502549016853 0.105753901523523 0.100733587451283 0.0968446737790264 0.0937285674869585 0.0909661300510576 0.0895203853213449 0.0883376236501344 0.087652572291916 0.0886743254503288 0.0905607612337269 0.0955507975908188
-9999 -9999 -9999 -9999 -9999 -9999 -9999 -9999 -9999 -9999 -9999 -9999 -9999 -9999 -9999 -9999 -9999 -9999 0.3972720117564 0.396418194326688 0.380882967934249 0.359774897597323 0.335268926871301 0.295263863514695 0.260169912463656 0.242147417658608 0.23084769956487 0.224510770923828 0.241005352217881 0.257120484639264 0.26164783966921 0.266924287574432 0.272866659831558 0.232916864498445 0.192124274643272 0.188763746848768 0.182527864999883 0.173220005470589 0.165484494439808 0.157746446175606 0.147121065562087 0.138225636843027 0.131553967724363 0.12523216851708 0.118952053581561 0.111772114593231 0.105420980824255 0.100357321348692 0.0971507180221868 0.0947062542451707 0.0923450902976887 0.0900062418080059 0.0877096265844094 0.087425794104362 0.0881616555900023 0.0945433205980147
-9999 -9999 -9999 -9999 -9999 -9999 -9999 -9999 -9999 -9999 -9999 -9999 -9999 -9999 -9999 -9999 -9999 -9999 0.412866572783442 0.407828348180038 0.391819871952696 0.372885527546769 0.352167209155299 0.316148238219577 0.284603336228166 0.268831167227106 0.26034639699712 0.257241223221354 0.269350834256509 0.281050609986968 0.284442653554333 0.290342887188289 0.298472837456427 0.274998828070325 0.245775023153015 0.216252538710137 0.195210453140593 0.183228676516355 0.174984039190096 0.167404557435386 0.157906798738046 0.149410168345361 0.1422004342449 0.135023313248666 0.127849495206855 0.12058446705256 0.113740120147126 0.107549263689122 0.102966342788336 0.099052037110553 0.0955159119370049 0.0919885222032324 0.088477664783327 0.0871656544138346 0.0869675998728897 0.094039148778006
-9999 -9999 -9999 -9999 -9999 -9999 -9999 -9999 -9999 -9999 -9999 -9999 -9999 -9999 -9999 -9999 -9999 -9999 0.422093462411103 0.417356407980989 0.401438371429905 0.385055757776064 0.368389880005384 0.337241826178125 0.310388932389696 0.298639470684888 0.293020530720731 0.29192717444625 0.297485373283551 0.302829909004266 0.304413794415749 0.308688177972712 0.31535434536979 0.314804058083215 0.30353000912212 0.244715636340925 0.207250832954832 0.192595533868955 0.1832679914169 0.175289658143051 0.16753016541353 0.159819064923564 0.152170170040376 0.144135010004041 0.136078992986735 0.129333108787852 0.122456882770855 0.115378182473704 0.109266921859606 0.10357575648014 0.098737649593763 0.0940095174590196 0.0894895187621048 0.0872613950164872 0.0861943558764678 0.0862190280666597
-9999 -9999 -9999 -9999 -9999 -9999 -9999 -9999 -9999 -9999 -9999 -9999 -9999 -9999 -9999 -9999 -9999 -9999 0.421918981321409 0.418135573059272 0.405769864970536 0.391019121927965 0.374814164254881 0.353602935158872 0.334915137167376 0.324446804915618 0.317515392371196 0.313194952728652 0.313895843765741 0.315118556900513 0.316051202411174 0.318803609586234 0.323173738204098 0.325369359101353 0.317684834897167 0.262135971593251 0.225802221811685 0.20999756123122 0.194531288224114 0.179774181150912 0.169623788991058 0.160629672838623 0.153121886959557 0.144825583238299 0.136592598512415 0.132366901919172 0.127343185125922 0.12107981579533 0.114712197962823 0.108296545908134 0.101691837571063 0.0957324368488395 0.0909943172874296 0.0881692172545304 0.0863132702391225 0.0862625446748901
-9999 -9999 -9999 -9999 -9999 -9999 -9999 -9999 -9999 -9999 -9999 -9999 -9999 -9999 -9999 -9999 -9999 -9999 0.448011427013481 0.428920353108112 0.419026124144721 0.405837523172314 0.390640262340997 0.373922625371546 0.358561475571028 0.347400154245651 0.339483464647194 0.333961979412012 0.331781234974148 0.330437831172216 0.330730379964824 0.332422138572642 0.335357758816481 0.338809498817102 0.335463001089486 0.297354671020908 0.263410205610161 0.233914339937454 0.210445942308923 0.189598468280539 0.17706135972392 0.166454659981412 0.158329396368325 0.150268400604572 0.142485179261894 0.137936330822256 0.132801934471775 0.126757942156924 0.120002239717371 0.112939077481766 0.105304150994233 0.0986440527607494 0.0938288721360266 0.0900198300605709 0.0867205068857873 0.0868350477936472
-9999 -9999 -9999 -9999 -9999 -9999 -9999 -9999 -9999 -9999 -9999 -9999 -9999 -9999 -9999 -9999 -9999 0.470761812510705 0.461723877543597 0.452656663173567 0.443834833651479 0.432118116299775 0.418636314445324 0.399366406786945 0.381068891900688 0.366659230788144 0.358180794592476 0.354080820113306 0.35157580219162 0.349680027581775 0.349346903683893 0.350575168527713 0.35319146791332 0.35597090502118 0.357931313995706 0.355612039090298 0.325685544901246 0.266263983373191 0.232381435050431 0.206334685912008 0.191416275586808 0.178770390898946 0.169045715014266 0.161862647213644 0.155340446390437 0.146787953064364 0.139001674192124 0.13240564049392 0.125091342066166 0.117480310039516 0.109768359227663 0.103094348577073 0.098384698389362 0.0930908156649582 0.0875009554466428 0.0871425639185949
-9999 -9999 -9999 -9999 -9999 -9999 -9999 -9999 -9999 -9999 -9999 -9999 -9999 -9999 -9999 -9999 0.537003835145674 0.53274915537815 0.526425010821982 0.520020076648736 0.513501067664777 0.496554193597929 0.473249193020536 0.45298408280671 0.432827414525144 0.412416211939892 0.404318498946251 0.405310669328973 0.390092086361021 0.376437077287948 0.375838416274249 0.377169478039512 0.380216013857927 0.38275082341306 0.385680790611012 0.391068888399383 0.376621866748231 0.34098335248295 0.286630365447675 0.232697712423912 0.216004724745511 0.201640787361534 0.190270718170435 0.180379437315937 0.170412372842914 0.153470781812096 0.140527640435143 0.133795730627014 0.129718855156221 0.126592729583665 0.118708574947723 0.111531063797869 0.105690915414417 0.0973554649817848 0.0877558719335272 -9999
