layers/veg/veg_4500.asc
NCOLS 255 
NROWS 330 
XLLCORNER -2985163.8955 
YLLCORNER -3022031.214 
CELLSIZE 25000 
NODATA_value -9999 
[rows 150 to 174 of 330, columns 57 to 113 of 255]
-9999 -9999 -9999 -9999 -9999 -9999 -9999 -9999 -9999 -9999 -9999 -9999 -9999 -9999 -9999 -9999 -9999 -9999 -9999 -9999 0.452986064341484 0.453698021044796 0.375571278768716 0.290090917491623 0.198102115592147 0.113349310879365 0.0339381576983772 0.0540669787886835 0.0811670375812632 0.0899312122635786 0.0908625111499573 0.0848305843668342 0.0797783762002996 0.0699538927367471 0.0351662634372388 0.0122541416288358 0.00202960307669092 0.0288640942228311 0.0644903073214081 0.0972691978868338 0.125237700778822 0.147022710473864 0.147135507030705 0.144029243496515 0.188644342075325 0.227212122411098 0.256385938278275 0.267471098440627 0.271753718845019 0.297035542354629 0.315682436978487 0.321772353403003 0.320493979425313 0.315482762802462 0.322501294737932 0.326560773148173 0.32318737726959
-9999 -9999 -9999 -9999 -9999 -9999 -9999 -9999 -9999 -9999 -9999 -9999 -9999 -9999 -9999 -9999 -9999 -9999 -9999 -9999 -9999 0.459290379940424 0.395923536355389 0.325911157306323 0.248545655143827 0.150032460851676 0.0359079279777505 0.0534767139262044 0.0809827554969056 0.0868948248084061 0.0835739672310909 0.0720452744739831 0.0744086950898581 0.0719405099830044 0.0324816766833419 0.00862194440329144 0.00142801718945376 0.0358056668704429 0.0767905573422079 0.0906032850103593 0.104835580885635 0.119607208999917 0.131453009947594 0.144139939496349 0.179325386287681 0.213513300788632 0.246151638681323 0.26188479760603 0.271238997708971 0.299463999329713 0.318947765865798 0.321888250584788 0.322426249267908 0.32174712676829 0.329518344092443 0.334124432611539 0.330971576985785
-9999 -9999 -9999 -9999 -9999 -9999 -9999 -9999 -9999 -9999 -9999 -9999 -9999 -9999 -9999 -9999 -9999 -9999 -9999 -9999 -9999 -9999 0.392785449995858 0.32752871038629 0.278292650038697 0.171555123995053 0.0223697107575789 0.040559140761212 0.0727165716287063 0.0824228232882732 0.0753071420226742 0.0532371938687997 0.0766719587733428 0.0979804920252932 0.0672319226721636 0.0365893917643324 0.00606015046573228 0.0280379139640145 0.061189314865436 0.0808560343958617 0.0974075325507811 0.109954582106101 0.144547459990057 0.184142741192905 0.196940450778919 0.221366059272449 0.263854561893866 0.276435513919305 0.277688287802767 0.310818265426514 0.33091768911209 0.326356052438998 0.3282997756091 0.333539172988449 0.336608125049489 0.338688807103295 0.338555423837604
-9999 -9999 -9999 -9999 -9999 -9999 -9999 -9999 -9999 -9999 -9999 -9999 -9999 -9999 -9999 -9999 -9999 -9999 -9999 -9999 -9999 -9999 0.350246627964758 0.338875312007267 0.300885238600713 0.189605924033862 0.0242241026241761 0.0351074194546961 0.0633471563516703 0.0778179302766587 0.079122688281144 0.0687231958403108 0.0895525451363851 0.107192697517492 0.0803803727310274 0.0514390471183426 0.0202231344822785 0.0307378210817128 0.0523015428016889 0.0791235102828116 0.0950596070461511 0.0970025057356739 0.128416164287871 0.168988508512838 0.204843913644255 0.240311701518471 0.275177360879647 0.283048619065193 0.280919071735569 0.3154262023595 0.336442453878473 0.331926453623846 0.335196504003419 0.342411038144927 0.343711306785025 0.344690551390863 0.345176514841543
-9999 -9999 -9999 -9999 -9999 -9999 -9999 -9999 -9999 -9999 -9999 -9999 -9999 -9999 -9999 -9999 -9999 -9999 -9999 -9999 -9999 -9999 0.35965591004925 0.356026727699483 0.319209167346996 0.205585245066491 0.0352624587235888 0.0341101812087996 0.0533195006332535 0.0731337478672733 0.0901471532339019 0.10467068202195 0.108767932259172 0.106364649464456 0.0806401617404888 0.0584620025329876 0.0400726783155204 0.039683233085616 0.0474193471677548 0.0821729540031658 0.0957427249538551 0.082081820547185 0.0948473956996266 0.120924960196445 0.20695297209947 0.265875886932618 0.282693473658481 0.284925767061495 0.282229541490374 0.316008957765816 0.33812172990278 0.338154718122094 0.342703723511095 0.349540584095412 0.350822484063724 0.351549899007383 0.351223179819199
-9999 -9999 -9999 -9999 -9999 -9999 -9999 -9999 -9999 -9999 -9999 -9999 -9999 -9999 -9999 -9999 -9999 -9999 -9999 -9999 -9999 -9999 0.373965945518967 0.370153195325064 0.35384756915863 0.254986568963185 0.0951827534567106 0.0633989499420012 0.0554091413776176 0.0791648862574413 0.0940442183779654 0.101032647235258 0.104078908050448 0.103443528687538 0.087817112501274 0.0751634732951863 0.0656858967092879 0.0566981079871649 0.0537417722203484 0.0943226263458795 0.112858680659173 0.103057337049271 0.114933109875442 0.140081922196698 0.244027473262427 0.308703992486684 0.31237960601863 0.297881703534838 0.277626874908812 0.316309437853488 0.342562402771918 0.345291650386108 0.347717473838806 0.349989579863475 0.358551016901606 0.364588110256552 0.364456595620475
-9999 -9999 -9999 -9999 -9999 -9999 -9999 -9999 -9999 -9999 -9999 -9999 -9999 -9999 -9999 -9999 -9999 -9999 -9999 -9999 -9999 -9999 0.379200434817462 0.379843892737438 0.379799274547072 0.296360258401705 0.151359055029618 0.0883947811560791 0.0517035822849393 0.0764945201907208 0.0884244062674439 0.0889211471538208 0.0957205355610938 0.101231775336676 0.0945204354246896 0.0881551030179575 0.0821594389419045 0.068111038423506 0.0592758834010965 0.103535831286274 0.126899368588537 0.123401700214268 0.141443014826942 0.172442811895297 0.278842769259112 0.342352404764385 0.339235786549729 0.312759933311521 0.278821045241539 0.318410618349281 0.346208410805531 0.351689591415318 0.353266747439477 0.352866089253622 0.364274711257539 0.37263515576896 0.373364130293564
-9999 -9999 -9999 -9999 -9999 -9999 -9999 -9999 -9999 -9999 -9999 -9999 -9999 -9999 -9999 -9999 -9999 -9999 -9999 -9999 -9999 -9999 0.377769029547855 0.377564873766735 0.378625214011883 0.309626207052436 0.188909018112487 0.0963024838419803 0.0296970959411293 0.0475845952412755 0.0572293777199106 0.0595465963697211 0.0810071595173715 0.10136122330857 0.0987459260548983 0.0891128365958992 0.0719820614214138 0.0624371401729487 0.060736958014897 0.102985276005999 0.129570973354834 0.136023218939978 0.177123143917282 0.23078683730875 0.301512257842672 0.347331677575419 0.354461867276256 0.33120673701677 0.297292649940105 0.325621168793887 0.347162658985363 0.355859313547339 0.360734816754326 0.363674490080444 0.364259583636714 0.365625843905169 0.368918709805478
-9999 -9999 -9999 -9999 -9999 -9999 -9999 -9999 -9999 -9999 -9999 -9999 -9999 -9999 -9999 -9999 -9999 -9999 -9999 -9999 -9999 -9999 0.380788539961358 0.378178478645444 0.370973954849702 0.312949388267851 0.217409196349194 0.110225924083797 0.0285905296483131 0.0474679584458835 0.0543504966038813 0.0505698846519709 0.0705069355066861 0.0899011433976269 0.0850144862567019 0.073734392461083 0.0556236634348603 0.0498861199131895 0.0517731277911526 0.0872524629291329 0.113033915295496 0.126349263843613 0.170578450826994 0.225283711155542 0.285977165066516 0.330211049828614 0.348876475723686 0.34079842889565 0.32267127249288 0.33587932989065 0.347557384416089 0.356339821966033 0.363395759314354 0.369577036025308 0.365995793720982 0.364553307142402 0.368529483265805
-9999 -9999 -9999 -9999 -9999 -9999 -9999 -9999 -9999 -9999 -9999 -9999 -9999 -9999 -9999 -9999 -9999 -9999 -9999 -9999 -9999 -9999 0.384459653204486 0.380883356248205 0.358639892280625 0.309084272828902 0.239366675226233 0.128498546424866 0.042593924073816 0.0681679301302117 0.0719432667831791 0.0563401454718731 0.063052683038675 0.0700622127242757 0.0583007712759798 0.046545424509669 0.0347965891943564 0.0323631646814021 0.0352724312921695 0.0605433725094756 0.0826096203453646 0.100556408156916 0.133506588114497 0.173621176267995 0.242821405694667 0.29711291458451 0.328245068307885 0.343988163660516 0.353043443738817 0.348340814116231 0.347547593143433 0.354153149163276 0.362581305975445 0.37193280885452 0.368998163860595 0.367772865198711 0.371072752691517
-9999 -9999 -9999 -9999 -9999 -9999 -9999 -9999 -9999 -9999 -9999 -9999 -9999 -9999 -9999 -9999 -9999 -9999 -9999 -9999 -9999 -9999 0.351112912636774 0.347931091626819 0.339646845340385 0.30558813836763 0.252502587705744 0.146777041869742 0.0582507614504442 0.0573515890735827 0.0470750800341134 0.0284623592300578 0.0452681353406444 0.0615932038047362 0.0433230769366713 0.0282267960678756 0.0165213964214974 0.0223058685473171 0.0336682100020204 0.0542109269655865 0.0697114948275764 0.0787306527109586 0.1286013198854 0.191289769026208 0.248978716152068 0.292507872575764 0.314041068907226 0.335871370357521 0.357191176353496 0.356315237593664 0.357761538559129 0.363602809554617 0.369612383456557 0.375707221135059 0.376532602307269 0.377656813957647 0.379707507446193
-9999 -9999 -9999 -9999 -9999 -9999 -9999 -9999 -9999 -9999 -9999 -9999 -9999 -9999 -9999 -9999 -9999 -9999 -9999 -9999 -9999 -9999 0.302115974695824 0.312565407715153 0.319442371812797 0.298713622012703 0.257606187682543 0.16158501818307 0.0749957096311814 0.0480643700863632 0.0244041429415016 0.00365185081624268 0.0284309496100749 0.0522120648987124 0.029603183734339 0.0127726088303631 0.00211547466682392 0.0151059243080098 0.0337247147906821 0.050661357356235 0.0604920341218338 0.0611883761591977 0.123613821256974 0.203593044765005 0.253178571086709 0.288652832366079 0.302206513797145 0.327366794923975 0.356593349443938 0.361860419378982 0.367188825756852 0.372633314822064 0.37656285879653 0.379724917868647 0.38365352701151 0.386652872369481 0.387448590054302
-9999 -9999 -9999 -9999 -9999 -9999 -9999 -9999 -9999 -9999 -9999 -9999 -9999 -9999 -9999 -9999 -9999 -9999 -9999 -9999 -9999 -9999 0.28453982005711 0.283057317197306 0.297577973908615 0.279458221782063 0.237243146596551 0.163827188453277 0.0950029130857333 0.0572120669622958 0.0270663451720706 0.00371694281680594 0.0192513763070387 0.0348753416172498 0.0156330916017212 0.0040572229124365 0.00067198114362616 0.0151940451942981 0.0336960679130001 0.0488458573892489 0.0574161132178079 0.0575287343791593 0.105163049415832 0.168096863648261 0.230108820806385 0.275850771251025 0.296318731006278 0.322086129286856 0.349549936044299 0.360448187510044 0.36958386757273 0.375383781561037 0.380010422318589 0.384042672232251 0.387422568651416 0.389707040697084 0.389461339029233
-9999 -9999 -9999 -9999 -9999 -9999 -9999 -9999 -9999 -9999 -9999 -9999 -9999 -9999 -9999 -9999 -9999 -9999 -9999 -9999 -9999 -9999 0.258563606833081 0.267225123441027 0.296095668415717 0.278877026466164 0.227635102088352 0.176906645848875 0.129550756208301 0.094550000054749 0.0535037070778 0.00708308693273273 0.0102185253865708 0.0182870295253304 0.00622856406812193 0 0 0.0117434778834449 0.02617907487326 0.0390210327678383 0.0441147643083753 0.039248569913383 0.0822341770835078 0.142672927326276 0.227951302315541 0.287302833260245 0.306379346097902 0.32893815490011 0.35254211914496 0.362817796926137 0.371192828589915 0.375970779972679 0.382204825610294 0.389176541783838 0.390603813438615 0.391499581015396 0.391394432531201
-9999 -9999 -9999 -9999 -9999 -9999 -9999 -9999 -9999 -9999 -9999 -9999 -9999 -9999 -9999 -9999 -9999 -9999 -9999 -9999 -9999 -9999 0.253473420785689 0.263304526943957 0.312366003231239 0.294560915038984 0.227394574021112 0.199425294097598 0.176763380780772 0.15644140458001 0.100649043879901 0.0133244211744269 0.00131346849383911 0.00235057762434035 0.000800606971734695 0 0 0.00521074131048339 0.0121397919116882 0.022220150103209 0.0219071489707155 0.00823404652490244 0.05540491485594 0.126021836074936 0.244008171313168 0.319880043518869 0.330330888842601 0.346357658051722 0.364275226943404 0.368481360009103 0.372117119486339 0.374673414686091 0.383307736312848 0.39502124117027 0.393273091844248 0.39219325337648 0.393258146750043
-9999 -9999 -9999 -9999 -9999 -9999 -9999 -9999 -9999 -9999 -9999 -9999 -9999 -9999 -9999 -9999 -9999 -9999 -9999 -9999 -9999 -9999 0.28034879441589 0.286418420041597 0.309286693145373 0.287617054818312 0.233069293866374 0.200987367681332 0.171035596328745 0.139022927589428 0.0849427575365875 0.0112451448469321 0 0 0 0 0 0.00370335705367775 0.00856957719558913 0.0152455224710221 0.0140576012812345 0.00276110504709021 0.0724785197287875 0.168906928090638 0.271677175944641 0.336827430083426 0.343538410801067 0.356822894952448 0.372378016406839 0.373227999327771 0.374524409798286 0.376665709657102 0.383176673462726 0.391901348595577 0.389837869339412 0.388133001242149 0.387733583193556
-9999 -9999 -9999 -9999 -9999 -9999 -9999 -9999 -9999 -9999 -9999 -9999 -9999 -9999 -9999 -9999 -9999 -9999 -9999 -9999 -9999 -9999 0.30936651314255 0.308915716512877 0.303407910145693 0.279066224516334 0.240821269245661 0.197159770332635 0.154625158428974 0.118708439382451 0.0718756808281738 0.0153388431476679 0.00333043221084443 0 0 0 0 0.00365666381609984 0.00796577939951378 0.0104098572929256 0.00971580081134055 0.00498784230850064 0.091820610282501 0.206229293089725 0.294925401110641 0.350652035145208 0.355163559485057 0.366280592714167 0.37965241403443 0.377302685783167 0.376427434240144 0.378342713266419 0.382379950151865 0.387492190105266 0.385933481182573 0.384104979259918 0.381935668266146
-9999 -9999 -9999 -9999 -9999 -9999 -9999 -9999 -9999 -9999 -9999 -9999 -9999 -9999 -9999 -9999 -9999 -9999 -9999 -9999 -9999 -9999 0.307543990057138 0.305662664594899 0.300196241361621 0.281741638932227 0.253699093679178 0.184752740780894 0.130806271622825 0.151051724574685 0.124539383001551 0.056460561432065 0.0228602840537712 0 0 0 0 0.00648571517665258 0.0129804444187532 0.00770883423120115 0.010352693606576 0.0231714610175901 0.0852497865278993 0.166390864004449 0.286898366597724 0.36244070393829 0.368133705138029 0.376690003198277 0.385952600859018 0.378880601439021 0.37462964438148 0.375717669557927 0.379383879558629 0.384356221339399 0.38488435649024 0.384234446519694 0.381025846265869
-9999 -9999 -9999 -9999 -9999 -9999 -9999 -9999 -9999 -9999 -9999 -9999 -9999 -9999 -9999 -9999 -9999 -9999 -9999 -9999 -9999 -9999 0.359036819830726 0.305898772435908 0.302555816526729 0.284356358345164 0.255189751328009 0.185692059254734 0.135034793061512 0.172644317843723 0.154486327038859 0.0867524453125918 0.0379165618947883 0 0 0 0 0.00953065608880419 0.0186368141698064 0.00722787521835022 0.0110450888332448 0.0344346981054786 0.0836473125805902 0.147045747979701 0.283849539655801 0.369690419634536 0.376365004329834 0.384042219278033 0.39162624152542 0.381532517010415 0.375358592401284 0.376603110824684 0.379293343431355 0.382715987935691 0.38451686281795 0.384630519618026 0.380873856491975
-9999 -9999 -9999 -9999 -9999 -9999 -9999 -9999 -9999 -9999 -9999 -9999 -9999 -9999 -9999 -9999 -9999 -9999 -9999 -9999 -9999 0.425147987862402 0.360590135986148 0.309787477768264 0.310747601472437 0.28690753970572 0.244759849385344 0.200602889692529 0.16862450747221 0.182982639866586 0.160652424250347 0.105707208307965 0.048289716489691 0 0 0 0 0.0128015991587952 0.0249649471118598 0.00907097154709056 0.0117955863125533 0.0384533920096862 0.087245913761898 0.149153884039904 0.286012107359353 0.372188570530077 0.379635482036943 0.38819403715787 0.396643987625885 0.385308740343043 0.378732634676921 0.381163473705726 0.382244441575498 0.382641552491641 0.384862928835046 0.385305686791823 0.38151519699819
-9999 -9999 -9999 -9999 -9999 -9999 -9999 -9999 -9999 -9999 -9999 -9999 -9999 -9999 -9999 -9999 -9999 -9999 -9999 -9999 -9999 0.425147987862402 0.361760979809274 0.312564045208907 0.316166706297195 0.289069947857921 0.239310714971295 0.188513452933133 0.148875726869589 0.151339505324428 0.128120198238755 0.082069286878127 0.0372344840338554 0 0 0 0 0.0155948730763167 0.0314582516833696 0.0208478053819254 0.0228126938748447 0.0409424951417714 0.125505698089451 0.229829648978841 0.312383497434531 0.364773969603009 0.370308352227798 0.382939430911802 0.397883813073127 0.39210450875855 0.387592227128743 0.385477857594855 0.38470768822105 0.384618502821449 0.386782275919213 0.38726916876025 0.383741840442277
-9999 -9999 -9999 -9999 -9999 -9999 -9999 -9999 -9999 -9999 -9999 -9999 -9999 -9999 -9999 -9999 -9999 -9999 -9999 -9999 -9999 -9999 0.310179544252684 0.313797154255585 0.319076765117866 0.288670828128869 0.231921630297653 0.168951614113696 0.117470515980522 0.111628980560908 0.0881540619363875 0.0490035179385835 0.0214502220456131 0.000178636323023634 6.08435493203113e-05 0 0 0.0166106978869205 0.0344227493974867 0.0307795106682357 0.0356724224384698 0.0515380940203809 0.171623315884505 0.315452464746049 0.333801135968409 0.347974564774119 0.355662130370144 0.37483928057049 0.398066919563607 0.39846195400951 0.396203250304104 0.388922197047321 0.386475700582657 0.386478434370734 0.388373577939385 0.388844096580352 0.38590519692077
-9999 -9999 -9999 -9999 -9999 -9999 -9999 -9999 -9999 -9999 -9999 -9999 -9999 -9999 -9999 -9999 -9999 -9999 -9999 -9999 -9999 -9999 0.306191262698834 0.306061057577729 0.309031705629549 0.270932129622965 0.202514296216272 0.142379845521262 0.0940307186572336 0.0859651669302614 0.061154210048178 0.021457017502462 0.00854191217818187 0.00161217527153875 0.000549107057212978 0 0 0.00594476885218844 0.012319487707136 0.0110156164149014 0.0441818935621363 0.121657682300336 0.214553381537079 0.303477714737091 0.279638488895233 0.281946235735647 0.324870950704272 0.362594935985334 0.397190727927986 0.396653685349205 0.393827484102689 0.386668920598707 0.384181564489958 0.384060684350193 0.385010144749353 0.385519255168921 0.38495346653722
-9999 -9999 -9999 -9999 -9999 -9999 -9999 -9999 -9999 -9999 -9999 -9999 -9999 -9999 -9999 -9999 -9999 -9999 -9999 -9999 -9999 -9999 0.27119017756781 0.281034842371539 0.286000026481081 0.246538827086462 0.174281835574427 0.117643212177552 0.071321153344401 0.0565344557746424 0.0339721043851771 0.00449739619533621 0.00312410569503657 0.00559088625061966 0.00190425641088024 0 0 0 0.000261796737745 0.00245212244277675 0.0515111152962917 0.160817244999698 0.238331200450343 0.297297730998708 0.252267145086038 0.249231067543992 0.311429678115801 0.354408455079804 0.388527932931964 0.387671043143322 0.385226200870595 0.379776068704398 0.377534925177041 0.376919484354795 0.376272287284952 0.376287360187929 0.377850603862752
-9999 -9999 -9999 -9999 -9999 -9999 -9999 -9999 -9999 -9999 -9999 -9999 -9999 -9999 -9999 -9999 -9999 -9999 -9999 -9999 -9999 -9999 0.243992309341313 0.234237334918598 0.246615915077436 0.213766210729804 0.147528746688371 0.0952173360300321 0.0495310782294822 0.0223605598487541 0.00656050924889375 0.000868512853984889 0.00713815695117343 0.0127744152883449 0.00435096711284034 0 0 0 0.000853241492497656 0.00799189719048282 0.0573541960105929 0.160992704508707 0.237992981046105 0.298414374508516 0.258630751796447 0.25846301262808 0.31983498204542 0.351331536374318 0.370060438385095 0.369654606120348 0.368785899621365 0.367041177453124 0.36540772079703 0.363830632257013 0.360767086881657 0.359617448551965 0.363002386607023
