layers/veg/veg_3200.asc
NCOLS 255 
NROWS 330 
XLLCORNER -2985163.8955 
YLLCORNER -3022031.214 
CELLSIZE 25000 
NODATA_value -9999 
[rows 75 to 99 of 330, columns 171 to 227 of 255]
0.859213192275677 0.859065211971067 0.850453928540511 0.838099816174329 0.813127447517565 0.795154267859654 0.788369519144178 0.779233826530382 0.768949315917012 0.751401966137959 0.732883147268513 0.712469382965893 0.700289371869702 0.69240906982777 0.673385748121086 0.655363531550069 0.640447318172904 0.637806703339352 0.642980715986289 -9999 -9999 -9999 -9999 -9999 -9999 -9999 -9999 -9999 -9999 -9999 -9999 -9999 -9999 -9999 -9999 -9999 -9999 -9999 -9999 -9999 -9999 -9999 -9999 -9999 -9999 -9999 -9999 -9999 -9999 -9999 -9999 -9999 -9999 -9999 -9999 -9999 -9999
0.858246453267914 0.852994000820767 0.845271491520384 0.835810275656951 0.813637675657422 0.796097137795574 0.785961101706285 0.774173292598746 0.761408050295869 0.735558116756474 0.714807354316595 0.704003023609383 0.694398481835198 0.685420476126548 0.66928494620656 0.653396680308937 0.638548482538472 0.632877616583627 0.633049026192709 -9999 -9999 0.590386370036089 0.590386370036089 -9999 -9999 -9999 -9999 -9999 -9999 -9999 -9999 -9999 -9999 -9999 -9999 -9999 -9999 -9999 -9999 -9999 -9999 -9999 -9999 -9999 -9999 -9999 -9999 -9999 -9999 -9999 -9999 -9999 -9999 -9999 -9999 -9999 -9999
0.856637925411675 0.849228569915416 0.840535750325065 0.830722404491083 0.811271768185795 0.794949790974145 0.78362907693989 0.77007810777614 0.755212073460496 0.722898392725948 0.700317522358466 0.696721450106932 0.689936510050179 0.681486326521684 0.666149492752668 0.651139741259904 0.63734587951975 0.628491449730222 0.622781454855393 0.607168157418187 0.593774877662589 0.589451320865766 0.580535472087952 0.568085477934029 0.567438922072201 -9999 -9999 -9999 -9999 -9999 -9999 -9999 -9999 -9999 -9999 -9999 -9999 -9999 -9999 -9999 -9999 -9999 -9999 -9999 -9999 -9999 -9999 -9999 -9999 -9999 -9999 -9999 -9999 -9999 -9999 -9999 -9999
0.853646568409047 0.850547205886208 0.836830519338148 0.819573505398978 0.802622163283371 0.789220817628687 0.781494256617687 0.768110270608782 0.751938861302207 0.717218578231678 0.693692567729104 0.692002080240178 0.688555874479671 0.684192823440978 0.665082100630556 0.648198438644508 0.63760234035716 0.629446734142889 0.622844741493972 0.607168157418187 0.592462322357315 0.582826452679706 0.57460232225175 0.567464640978613 0.567438922072201 0.568170203006801 -9999 -9999 -9999 -9999 -9999 -9999 -9999 -9999 -9999 -9999 -9999 -9999 -9999 -9999 -9999 -9999 -9999 -9999 -9999 -9999 -9999 -9999 -9999 -9999 -9999 -9999 -9999 -9999 -9999 -9999 -9999
0.850350651090085 0.842805880412492 0.819487514816437 0.792898811113699 0.794553026222165 0.793735015280426 0.788965070701612 0.761691656309645 0.725256140297188 0.70529471822836 0.691253857127738 0.688761628999035 0.684146105307813 0.678421785551645 0.664786944901475 0.652376784225787 0.643411859087157 0.633533861149851 0.623074602448856 0.604213344647618 0.586336585361286 0.573415167875041 0.564901973475708 0.559781268339677 0.562175649493147 0.567043423129356 0.577784161464486 0.591671060356033 0.608471581961304 0.625446602561437 -9999 -9999 -9999 -9999 -9999 -9999 -9999 -9999 -9999 -9999 -9999 -9999 -9999 -9999 -9999 -9999 -9999 -9999 -9999 -9999 -9999 -9999 -9999 -9999 -9999 -9999 -9999
0.846878241880414 0.82981433145487 0.794241456918713 0.75722695993887 0.786820268726181 0.804185103194893 0.802002324294773 0.752693828537911 0.685007671375181 0.689752450512496 0.691241063771137 0.68637820715548 0.677980961296107 0.667738038859906 0.664939298101725 0.660680946940869 0.652439360049608 0.639435882584033 0.623400992775596 0.599546225760338 0.577421622417675 0.562389162074425 0.553018542965417 0.548005175115928 0.553862324497646 0.562472008916104 0.576299844772527 0.591671060356033 0.608471581961303 0.625446602561437 0.63981505747493 -9999 -9999 -9999 -9999 -9999 -9999 -9999 -9999 -9999 -9999 -9999 -9999 -9999 -9999 -9999 -9999 -9999 -9999 -9999 -9999 -9999 -9999 -9999 -9999 -9999 -9999
0.843043688040237 0.831878170248669 0.800201696651861 0.765862873087497 0.790462377309727 0.796545205969778 0.773028527337648 0.73659842557435 0.695856782239708 0.708916164799024 0.714453848891131 0.705319724789772 0.694760664647407 0.683457495440361 0.680151881867954 0.672862864539331 0.655466380515868 0.639017532794888 0.623171948911888 0.600753304106867 0.580289110354767 0.567310378658698 0.557689640967341 0.550653155112295 0.559092925736763 0.569994083224027 0.582536796412788 0.595771084284291 0.609645831429165 0.620036296242177 0.629449219043511 0.637229303184419 0.645091345413345 0.653044604070426 0.667737949815908 0.685240184379875 0.711143742993658 0.73270075234319 0.748433388293124 0.752439266713576 -9999 -9999 -9999 -9999 -9999 -9999 -9999 -9999 -9999 -9999 -9999 -9999 -9999 -9999 -9999 -9999 -9999
0.838552606328637 0.830881801447364 0.804449349164326 0.775035108925974 0.791898557946297 0.788299185949709 0.751989329942388 0.729295946030228 0.712998892738881 0.72669561701394 0.73149651477767 0.718945233260934 0.706968420976013 0.695291599533118 0.690788895358943 0.681186557561512 0.658834287631866 0.640121589576414 0.623725837475511 0.602281152806549 0.58321884817795 0.572591348182864 0.563465690797959 0.555495824494801 0.565562143628409 0.577616955507163 0.588090091224521 0.599204003865252 0.610911332564983 0.616270500987704 0.62080815569421 0.627592126377199 0.636953927446333 0.649184761772565 0.666194949051938 0.685291922255882 0.711120372009757 0.732635456136315 0.748370632916807 0.763692244838605 -9999 -9999 -9999 -9999 -9999 -9999 -9999 -9999 -9999 -9999 -9999 -9999 -9999 -9999 -9999 -9999 -9999
0.832329456699961 0.819476589379105 0.799694477443842 0.779483614314851 0.785758751850439 0.780930589484134 0.75835344159882 0.746857621371314 0.740100551937276 0.735875873689685 0.728546869208657 0.715162572925446 0.703562316472791 0.692893694964768 0.686901936363001 0.678493690141824 0.663964688485553 0.646240774524221 0.626482984218026 0.603860626769202 0.584674218542721 0.576624827347607 0.569932879786055 0.564285596448977 0.573505333261349 0.583826741873201 0.590710204994228 0.600253766906747 0.612260815383493 0.617724433757768 0.618694377963217 0.602134900083365 0.606722109001567 0.634844825929598 0.660462452682011 0.685484136798689 0.71103354504019 0.732392870210487 0.748137486585753 0.763563757298345 0.777910072196969 -9999 -9999 -9999 -9999 -9999 -9999 -9999 -9999 -9999 -9999 -9999 -9999 -9999 -9999 -9999 -9999
0.821415023244233 0.806972296727263 0.788507437912187 0.770026814252198 0.770176429725243 0.767588024122931 0.760622802903042 0.751189956514312 0.740712212139813 0.730155345537566 0.718795341123474 0.705868737891352 0.696516163457183 0.689029965582705 0.682361618071922 0.673728052302074 0.660301720514659 0.644038489771942 0.625969293441745 0.605919296794329 0.588938911086241 0.581773531534236 0.576407081894108 0.572425056383874 0.579471623392434 0.587493133196902 0.593590594646476 0.603165333443498 0.615960338364819 0.621639548962403 0.620182176788314 0.587419380517501 0.578760581673006 0.596928672067172 0.643061215568955 0.692749811425283 0.711319753101074 0.726926273526359 0.738561811258495 0.755922715837783 0.774830493414692 0.787697846493896 -9999 -9999 -9999 -9999 -9999 -9999 -9999 -9999 -9999 -9999 -9999 -9999 -9999 -9999 -9999
0.807202556486212 0.793695336187441 0.772798501085625 0.750794404324869 0.747955896511087 0.750045681240056 0.760013501665406 0.746221894122401 0.72270105989125 0.713959372623561 0.70426200151641 0.692700475651223 0.686911009183417 0.684135742367998 0.677361979732607 0.667505230005917 0.650456900348937 0.635986104022436 0.623156161518635 0.608314847858983 0.595178593513969 0.587706253358111 0.582886214316341 0.580107338544941 0.584048127564542 0.589371484858168 0.596653961615819 0.607385771955608 0.621311970023519 0.627284907301216 0.624201930587924 0.580255419931725 0.552395098408965 0.542438131525784 0.617456702554162 0.704988220121866 0.711868209620739 0.717787129606212 0.722418217021823 0.743000251652047 0.768446598659829 0.785258114731663 0.795657175269579 -9999 -9999 -9999 -9999 -9999 -9999 -9999 -9999 -9999 -9999 -9999 -9999 -9999 -9999
0.808429761241731 0.792065850871152 0.765821500292331 0.738153779906569 0.736909683942499 0.739071906823553 0.746679241012905 0.730815409130465 0.705305124098865 0.692741507930908 0.684428353002835 0.684406138254992 0.683787866462689 0.682858330559516 0.673459403867508 0.661676896965357 0.644667465670886 0.631092110347951 0.619702882598504 0.608344382151633 0.598606798344958 0.593801492727676 0.590281065810469 0.587749458449058 0.587496774710196 0.589437471802363 0.59889085255675 0.608796545781673 0.61912112032693 0.603773258466133 0.583156705664196 0.561032786921749 0.550306845669251 0.552266446746495 0.622061815089072 0.700449834969806 0.703077179258447 0.705849396352451 0.708815742918498 0.734984636783691 0.767318991011702 0.773646953667695 0.785437681485107 0.806087359718242 0.812293422740234 -9999 -9999 -9999 -9999 -9999 -9999 -9999 -9999 -9999 -9999 -9999 -9999
0.807459791972832 0.792347380622851 0.764570076708389 0.734309678538815 0.728719601409349 0.727275225380416 0.732457887209569 0.715191049450321 0.688745714404158 0.676936353413081 0.671547900504416 0.678684056528663 0.681428024990384 0.681878370099896 0.669908244150838 0.656038922441108 0.638356276629923 0.625020566608441 0.614452109341067 0.607110047974949 0.60114595853045 0.598630139457584 0.596254870394757 0.593987766093697 0.590978350446262 0.590651709991943 0.601368934693635 0.609961781469639 0.61658726654689 0.585619010487458 0.552727936711867 0.549149611790704 0.555832913796433 0.573937040493903 0.631552874129925 0.692322596258155 0.693884238545073 0.694457752478573 0.693707175012865 0.72386456360134 0.762027504737668 0.762483597040137 0.773615879321917 0.802061707923342 0.8152695922223 -9999 -9999 -9999 -9999 -9999 -9999 -9999 -9999 -9999 -9999 -9999 -9999
0.793220701429255 0.795034868536754 0.78005871825011 0.758670019256049 0.726396181241187 0.710222550149303 0.71978562274497 0.702611233085934 0.674872714733167 0.681793063605962 0.68479055087784 0.680136113091953 0.67936261758182 0.68061577045715 0.667180120027418 0.650919554700295 0.62875241768318 0.613701406443264 0.603180510118359 0.602340247020153 0.601616053032466 0.598992725797276 0.596950839193713 0.595356418850628 0.594985359752828 0.596521283208516 0.604987269148134 0.611296243945741 0.615607635802358 0.596726328987039 0.575653657945628 0.56719545343937 0.579007586413966 0.613379881871627 0.647038599821619 0.677820244719446 0.686695196268298 0.685985611259369 0.672432753028222 0.700155637547363 0.740333827254877 0.756219331031064 0.774442769769976 0.796457630855987 0.810866995770239 0.821813638608855 -9999 -9999 -9999 -9999 -9999 -9999 -9999 -9999 -9999 -9999 -9999
0.782253622551734 0.783080326841949 0.778284823147814 0.768960747435734 0.72272716684155 0.69641107628476 0.701933740456053 0.692134240780743 0.676345224418743 0.683434795570979 0.684609429233078 0.674246399066989 0.672012373311998 0.674023356241653 0.661129308880002 0.645560456520317 0.624460645269272 0.611143319813676 0.602780313053625 0.598788553501117 0.595056326555893 0.591097718818593 0.588774471614127 0.587709768485106 0.589382192935661 0.592681614980425 0.601003720071681 0.607803143833307 0.613192430118407 0.603356881063429 0.591544761311501 0.585085557325102 0.598653269282406 0.634510224235853 0.647552704375777 0.655223970175302 0.668159078172762 0.67448175310956 0.671943771722522 0.693938869643189 0.724092773948792 0.750971349911676 0.773625507267155 0.789428937221319 0.802118181634307 0.813256315330591 0.8124255963208 -9999 -9999 -9999 -9999 -9999 -9999 -9999 -9999 -9999 -9999
0.774059524590441 0.758716884194551 0.761881186600473 0.767327689563519 0.717917781469654 0.685346472068757 0.679692209582078 0.683439360393681 0.690822823614553 0.682351881605039 0.673051861710567 0.662134644349514 0.660183308898079 0.662914003944729 0.652262570208937 0.639998190381088 0.624670786688291 0.616010111882384 0.611593466610303 0.596269187803012 0.58253893201219 0.576204525090337 0.573078931742063 0.572422783651364 0.575634545684888 0.580613509941908 0.590577688476777 0.600218756679083 0.609560596158916 0.606193440597951 0.601474131318357 0.602843675787609 0.61530818615532 0.64012099776122 0.635378584089509 0.625768217022219 0.640006483147496 0.66040856023543 0.689070140305721 0.702546443973572 0.712472738025449 0.74658465502601 0.771414849745773 0.781192902367459 0.789686013059215 0.797637713089227 0.806190433265312 0.811873595249899 -9999 -9999 -9999 -9999 -9999 -9999 -9999 -9999 -9999
0.75273311218326 0.734436454443252 0.744545125123911 0.76039909840269 0.723381674254892 0.694411870613098 0.678306449730092 0.674511636630394 0.675644771348775 0.663818026288932 0.652420558915028 0.641860439634416 0.636530438226852 0.633931631768881 0.622403664027395 0.609482282184594 0.593751743979053 0.592632101061958 0.600813732003728 0.586833812067964 0.572626915996195 0.562885685864523 0.561951047040153 0.567793802614226 0.567879315251957 0.569829781265094 0.582211832770166 0.592672996881404 0.601355249509638 0.59016961653875 0.577702630404668 0.579284200450514 0.594250178030916 0.624112523715912 0.621727642225605 0.612800151099358 0.619862179256965 0.636360147496698 0.665502269770655 0.698295735438074 0.731671453255551 0.755223275072387 0.772840611658118 0.780834010759491 0.787970528343011 0.794647881140086 0.796213215300664 0.796759078687287 0.795285879500409 0.794775476910155 -9999 -9999 -9999 -9999 -9999 -9999 -9999
0.7281546835713 0.709918717980524 0.726163483791248 0.750360090049511 0.724034642947603 0.698439540315526 0.674011917039445 0.660582018322269 0.651726414486459 0.639350896976527 0.627552923239849 0.616881505094498 0.608292142323704 0.600790039775681 0.589654752636198 0.577319674189246 0.562314562270694 0.566200621595157 0.582112771982291 0.572107046855404 0.560470740669369 0.549897040971629 0.552020372729886 0.563915111706208 0.560382370739073 0.558762932592968 0.572848960763468 0.583440528526243 0.590795917132367 0.573809622124873 0.555057815800217 0.552453466214633 0.567683364835207 0.602762145482253 0.606701002902874 0.603172061157292 0.605715558088766 0.617888514580253 0.642964941089929 0.693228206664711 0.749225794841101 0.762835644115206 0.773683593251194 0.780052576945 0.78600581850351 0.791589215480708 0.786429284172164 0.784914646522136 0.790619515486095 0.787210811986845 0.778970775464598 0.770947205276914 0.762235322549894 0.751819409536762 0.739136401350034 0.724989400706071 -9999
0.698464705352774 0.68423701863826 0.703639471232928 0.729913724598645 0.694565451955544 0.663805832216733 0.64038132318101 0.623624598934683 0.609786273346349 0.600613762133444 0.589924479967078 0.57627658777405 0.567762453929376 0.561929195585752 0.559443959342729 0.556472177106504 0.55211893886666 0.547057925798773 0.541546344345029 0.538085903402162 0.535924507529228 0.537244367659295 0.544174239875348 0.555421476569894 0.549531903294419 0.545407046181374 0.557295874360003 0.566353782672866 0.572790009010599 0.57021615995519 0.563238610032523 0.541831058914181 0.544206453254702 0.573051417447456 0.586414035056414 0.596514887073825 0.613310251791279 0.632865579401219 0.656119255626939 0.694138278706352 0.735742103435271 0.755793206507884 0.769060781075171 0.77132752714323 0.774744665394582 0.778618579640886 0.780384457502689 0.78130807386066 0.780563590727271 0.779695951541739 0.778763024248377 0.770947205276914 0.762235322549894 0.751819409536762 0.739136401350034 0.724989400706071 -9999
0.677202117765539 0.670988114965405 0.687939401371875 0.708665702626583 0.673556323384508 0.644318374251439 0.62446609684672 0.605276194551345 0.586510722591763 0.574514459793134 0.561288178209436 0.545662624736869 0.53908867527384 0.537241520838502 0.535553775459912 0.534722593021492 0.535948433428726 0.530050915928738 0.519618679550696 0.515496875641831 0.514402004598128 0.521062589946367 0.531637190205468 0.54522394599747 0.536809467673486 0.530183252473108 0.542220570647713 0.552090460274543 0.559953119522018 0.564675616906008 0.563250716477798 0.531696715549987 0.527473883396342 0.553669667063952 0.573125478395565 0.591331454964891 0.613837759288621 0.636229819189926 0.658468791633902 0.689235477235197 0.722266735285018 0.745718491921762 0.757886009622459 0.751753909774216 0.757372097755586 0.767917804822955 0.771648840308672 0.772632744097926 0.768175951660757 0.767916498200448 0.769882159259114 0.759963823983166 0.749792869808454 0.739855319606113 0.730001585449222 0.720201976085928 0.717759179615077
0.66452486167451 0.670405014613704 0.679191164258391 0.686600999990042 0.661165810413583 0.640261027931583 0.626598248333884 0.605885563649653 0.582249562259003 0.561289840278962 0.541812543038379 0.525226860176306 0.522493002374868 0.526992640178415 0.518102657881558 0.512054015585901 0.513691068468545 0.515219617670004 0.516679093592005 0.504554217110214 0.495959900729499 0.501285567573565 0.514321309502016 0.533290586650294 0.522179980623842 0.513056544322196 0.527632003929867 0.540703476161262 0.552382123168994 0.557151502009764 0.554941042717433 0.522059583109961 0.517612053478923 0.544810473546864 0.566966492749514 0.587649384777434 0.607165631813361 0.627763593669575 0.64981105273431 0.678410861024901 0.708799846379571 0.732554671325217 0.740036486185288 0.721128407794803 0.733773579291839 0.75952943133728 0.760172003483244 0.758793661770257 0.753412898760733 0.751792527640011 0.752165634443025 0.737791217758283 0.724674775687047 0.715702916281793 0.711560754662369 0.710537403938718 0.713706781632469
0.65051918995355 0.662658732681524 0.669573001190336 0.671901592881776 0.634662688067534 0.608375121144869 0.599593623532129 0.59183476017995 0.584338699427961 0.56889591797771 0.555631057507834 0.546614444827189 0.540148738569131 0.535015129007049 0.523525780962955 0.514984907669258 0.513952490439345 0.512441911295904 0.510626935000968 0.50558064331773 0.501986800955375 0.503570992520108 0.510428896776982 0.521345355542804 0.516267509183665 0.512515990023808 0.522436831152235 0.528165309281331 0.530011288777573 0.529488069842922 0.526208941649812 0.510440043031899 0.512055627803547 0.533019522405904 0.557703783552299 0.583586770358368 0.611241611283701 0.636858987101574 0.659746160901009 0.685340635582098 0.709378499747902 0.69676166104273 0.691024933720613 0.696445663070367 0.707643269090871 0.72131538499222 0.734556517913277 0.74279359820417 0.741120148797194 0.734432978516187 0.725087909225261 0.70821042089409 0.69640851716935 0.697598187799068 0.701990803905977 0.708451744304759 0.712206386411768
0.63881098776621 0.654089700411663 0.659887060740899 0.65901247146598 0.60937441027398 0.576641095226849 0.570930565944214 0.576507172390721 0.586456220629487 0.577687828854946 0.571304181189982 0.569572210047116 0.558070665390567 0.541467398270412 0.52900088552584 0.518865547985089 0.514099092452557 0.50849258972665 0.502351314227021 0.505762507556512 0.508385086274877 0.506381509483432 0.506739421992191 0.50891469422581 0.510973440581192 0.513612761449119 0.51861888122296 0.516834714828478 0.508762143358056 0.50324437158822 0.499208375425497 0.500532479090021 0.507628836857269 0.521149507518864 0.546769605894759 0.576331435620494 0.612007827984106 0.642426449330662 0.665799660676972 0.689409065023668 0.708607694524876 0.661460235606264 0.644556794199484 0.676699988258914 0.684670769686274 0.682739758398988 0.708030414599337 0.725651845207292 0.728084369220831 0.716043024538194 0.696328719544474 0.676987900383248 0.667078452386525 0.680278175260555 0.693652095196288 0.707138504094713 0.711868471742615
0.644302640716721 0.650945144544247 0.651072328966316 0.646919609388944 0.61351672415782 0.588111305938409 0.575490098488218 0.574971813140738 0.57913149964459 0.562729124205121 0.54874695534649 0.539485636027019 0.525811778440362 0.50983367025692 0.500132137645329 0.490203581387038 0.479338373058149 0.47852078391063 0.484099493948788 0.482211733890524 0.480132290183993 0.479206289487345 0.484035395573852 0.493293528410158 0.496547939853351 0.500379708143935 0.509659320468191 0.515231410938664 0.517370008524368 0.516924650305065 0.514621990210894 0.504946623824964 0.504139607455078 0.513202748279546 0.529494276211857 0.548550518088131 0.57459891636843 0.598044486576285 0.618002268732697 0.647641620573345 0.677618253792088 0.663723822076892 0.662155007650035 0.680574611025167 0.686409499401931 0.687003090143297 0.696925900346408 0.704240963342815 0.706391381191251 0.692716171716909 0.670651400827125 0.646148298835798 0.635491041303574 0.658973893428204 0.679999259978708 0.699437688148248 0.708739557488678
0.644795402871212 0.640320194078977 0.636867595638972 0.632369741757265 0.60847820680126 0.587430704993815 0.570929482546143 0.563617886968931 0.559957904330559 0.545357808513281 0.531105380875323 0.517531114009723 0.500985552823392 0.482888366178608 0.478103415102339 0.46956985339332 0.451166133778041 0.451000579382419 0.462445413401898 0.45557077080239 0.449420351949184 0.449740086672759 0.458264190759406 0.473102230059323 0.479236212364786 0.485011543555011 0.493936741128961 0.502339282255003 0.510257797321092 0.514417219906564 0.514760717460393 0.498316859413894 0.493129023468483 0.500468738569195 0.507303911213373 0.515998712172488 0.540928413823438 0.563928385258011 0.584342519363394 0.61714244594091 0.651957680915464 0.65404349267306 0.659395974639335 0.670046006206973 0.679280390568458 0.687709626398508 0.685076985071963 0.683308904656775 0.683253087724981 0.66958068780201 0.648689796191916 0.624065943682356 0.614002627679578 0.639925559527975 0.665507274103381 0.690868645254412 0.702014104715772
