layers/veg/veg_1100.asc
NCOLS 255 
NROWS 330 
XLLCORNER -2985163.8955 
YLLCORNER -3022031.214 
CELLSIZE 25000 
NODATA_value -9999 
[rows 125 to 149 of 330, columns 171 to 227 of 255]
0.232483374066287 0.285195194867415 0.313658801754433 0.313207722569304 0.287045591618623 0.255534121004002 0.245220435333773 0.240640278184334 0.244304216682542 0.250613997207454 0.257960785596232 0.266329476891086 0.276235301331659 0.288823696380321 0.30348409434214 0.31910840891731 0.332120444956436 0.341988358110388 0.345124299879067 0.306929914410524 0.245120295019572 0.263832639473683 0.25857513853923 0.179033415575964 0.151712284741531 0.160610194641644 0.287986251246867 0.397070053540871 0.40294444181459 0.420365954726192 0.447445324543124 0.439271674096112 0.437679905268629 0.491432522194649 0.536062169873443 0.571518699228699 0.601149329925308 0.628469603004613 0.649349566197201 0.666081201341688 0.677797867517768 0.680484047348894 -9999 -9999 -9999 -9999 -9999 -9999 -9999 -9999 -9999 -9999 -9999 -9999 -9999 -9999 -9999
0.207827960778026 0.271648316860941 0.31021388139924 0.318664470380303 0.292450054473922 0.258826142104837 0.251839470595217 0.250243826455764 0.256399804222014 0.265305758062052 0.275039476215107 0.280678472720971 0.290077644152748 0.306038989307493 0.313099493656362 0.316022858573987 0.34114956849296 0.35851552233348 0.359264699490563 0.325740074636661 0.272632158141875 0.286997248647468 0.283910395771182 0.225610258002165 0.202570358817389 0.20398617653528 0.281583813559844 0.358082030730387 0.404624766401707 0.429091894650932 0.435095287185262 0.407971405113815 0.393195918952373 0.458391095736988 0.505814675514618 0.535368967593743 0.581994840627785 0.629428286104327 0.657426265240298 0.674831103913691 0.679429754146388 -9999 -9999 -9999 -9999 -9999 -9999 -9999 -9999 -9999 -9999 -9999 -9999 -9999 -9999 -9999 -9999
0.212192049187955 0.279458446195826 0.318595446058616 0.324189658368899 0.296966866015267 0.26319450911486 0.259218902662064 0.260010514612132 0.267656789331194 0.276182000067013 0.284948491238924 0.291926022377239 0.300660639844641 0.312461685328 0.324807823841993 0.337410701327171 0.358897524216538 0.373625433265367 0.373881638684363 0.343215780061607 0.2948817386655 0.300220980723754 0.297118517030847 0.264625383151508 0.256787098917249 0.266048869799107 0.323538831230869 0.381071592985519 0.422163268139634 0.419326181917976 0.379747681300935 0.368504861990469 0.377137340508809 0.455462546056591 0.508899914184429 0.537312636138048 0.544292331240689 -9999 0.676722780266719 0.676722780266719 -9999 -9999 -9999 -9999 -9999 -9999 -9999 -9999 -9999 -9999 -9999 -9999 -9999 -9999 -9999 -9999 -9999
0.230972110168385 0.29787806273773 0.332852035222154 0.32974884527771 0.301042720398656 0.268097570802434 0.266976075863247 0.269858245514542 0.27849718321981 0.285162812727574 0.291295837706449 0.301632871457987 0.309624494749731 0.313522959826211 0.337555856030367 0.370956153375499 0.380976720598987 0.388031297491562 0.388735307702771 0.360028570457527 0.314517183274948 0.308506398798142 0.304302259879284 0.299884085810114 0.312672318296288 0.337394531507645 0.389516306533006 0.434849663450888 0.447579611792346 0.400374399752504 0.303040240402129 0.324981571606439 0.3751996075732 0.467493123178394 0.528543802621497 0.558179903640483 0.555143201874754 -9999 -9999 -9999 -9999 -9999 -9999 -9999 -9999 -9999 -9999 -9999 -9999 -9999 -9999 -9999 -9999 -9999 -9999 -9999 -9999
0.241111429366109 0.29972428958405 0.325519885341146 0.312182664842454 0.29647231365898 0.281308709314504 0.278350473761597 0.279748392850183 0.287409916521911 0.295577296678162 0.304298726275844 0.320552744236561 0.334894576941027 0.345899306428418 0.365696089683868 0.38958003365198 0.393308579343495 0.393955938966111 0.388006083019852 0.3608384798987 0.321547525806586 0.345871596336781 0.367596470406808 0.374265203011011 0.389503091533141 0.410684355926735 0.449385593878645 0.481033196030039 0.482569683721927 0.45917253888658 0.414921245280022 0.433530320290447 0.467019934058432 0.522585177033673 0.562393404321283 0.586357999408506 0.588833213715812 -9999 -9999 -9999 -9999 -9999 -9999 -9999 -9999 -9999 -9999 -9999 -9999 -9999 -9999 -9999 -9999 -9999 -9999 -9999 -9999
0.258794467687455 0.302116519744075 0.317038121816992 0.298093720459917 0.293428962452144 0.292584239469048 0.288329803046438 0.288631500458064 0.295484347476206 0.304972070722271 0.315878912284527 0.335772172973369 0.353582321361457 0.367757068452707 0.385244751061104 0.404268857302261 0.404598665985005 0.40180497997779 0.392323490203742 0.36396150924083 0.3248116336301 0.374316257523147 0.417390045400441 0.431981020658521 0.445470881560315 0.458197034045604 0.487155260638677 0.509599920409866 0.504220541972387 0.498211598010794 0.491676094066945 0.512027864436576 0.537540406583032 0.56703239993987 0.592076180172375 0.612647295397243 0.622181016919212 -9999 -9999 -9999 -9999 -9999 -9999 -9999 -9999 -9999 -9999 -9999 -9999 -9999 -9999 -9999 -9999 -9999 -9999 -9999 -9999
0.294013523477135 0.306291019950945 0.306620843180729 0.292703711052594 0.294157259405764 0.299164339071967 0.295001217223112 0.295209401010867 0.301702974614447 0.311987895683864 0.323990222791251 0.342229578703833 0.356686841577551 0.364543679724636 0.384642990890651 0.410435324008889 0.413819018588714 0.414329378721786 0.408687560335673 0.372891154510313 0.319865085050201 0.381417591059036 0.434492664189958 0.450312458896053 0.453035834574672 0.446675825425662 0.47456329426938 0.498108324764147 0.495046798869143 0.489545892291614 0.482004721119368 0.516884058623381 0.556316254002041 0.585741777476912 0.611769361504605 0.634380327569384 0.633554305706503 -9999 -9999 -9999 -9999 -9999 -9999 -9999 -9999 -9999 -9999 -9999 -9999 -9999 -9999 -9999 -9999 -9999 -9999 -9999 -9999
0.313776882338019 0.307812639078804 0.307652505849712 0.314413460501304 0.323273913615882 0.331866214185567 0.331783660206947 0.329876621319253 0.325346201725671 0.33128964878823 0.341301348750366 0.35459820354286 0.364191050179079 0.367319744090579 0.391277265866764 0.424922574193556 0.426261597270899 0.426772615906165 0.425510770561713 0.395716988711572 0.349620690044329 0.399409993486976 0.439754188935712 0.442643392555682 0.441401103704338 0.437293303605174 0.45043356816948 0.459738493793718 0.4500150582895 0.448272666142004 0.453205509354969 0.510591969544764 0.570102099980804 0.601331958626048 0.625850291582289 0.643620205508681 0.646878198858759 -9999 -9999 -9999 -9999 -9999 -9999 -9999 -9999 -9999 -9999 -9999 -9999 -9999 -9999 -9999 -9999 -9999 -9999 -9999 -9999
0.324155050849243 0.307723344508225 0.315636329521 0.352579044744486 0.369628880520262 0.380430061526511 0.386850476796268 0.381600569248079 0.359570199685759 0.358051807901677 0.364198895017812 0.370556308480259 0.374366889388189 0.373732794717099 0.402305491341533 0.444462468536519 0.440660814028705 0.43916656921227 0.442612785244142 0.426981030446297 0.400448545506084 0.424015799059015 0.437825425073914 0.419185993552283 0.418107714622651 0.429209460375735 0.419297747696794 0.405047344156945 0.383209202092557 0.387199117335978 0.41279126598763 0.497530288580391 0.580857858505243 0.615028064601911 0.63652328434361 0.645273843171461 -9999 -9999 -9999 -9999 -9999 -9999 -9999 -9999 -9999 -9999 -9999 -9999 -9999 -9999 -9999 -9999 -9999 -9999 -9999 -9999 -9999
0.290271039488329 0.30111770812382 0.324803568394916 0.363799471577983 0.386137333479607 0.402056642283944 0.402625382854665 0.405404964983798 0.41136346027317 0.421859802001702 0.434103130312999 0.447448032974272 0.459477005773449 0.469209447019583 0.469553395464518 0.465527929779416 0.46790245411873 0.467495874216846 0.461134592525319 0.419026365775325 0.35649312606277 0.389583943536381 0.414171495286974 0.403852655797018 0.406132434356528 0.417150334061943 0.431674907408445 0.440437993424422 0.428321777295329 0.444000284856217 0.482925918653222 0.545031845300887 0.6047547893068 0.636910492580423 0.652407746428588 0.651154979145983 -9999 -9999 -9999 -9999 -9999 -9999 -9999 -9999 -9999 -9999 -9999 -9999 -9999 -9999 -9999 -9999 -9999 -9999 -9999 -9999 -9999
0.268505912399863 0.297189790774694 0.330596819814846 0.369635951047884 0.396839562599495 0.418126670127268 0.415149374135612 0.424372970624111 0.451139921824865 0.472569669332383 0.491765742701925 0.505975781317098 0.520627715483981 0.536050835948008 0.521375435137453 0.492697551928954 0.500913178825354 0.503219860518882 0.492874730729324 0.428274143636021 0.332673189465022 0.374539198606586 0.408820217071959 0.40530958200835 0.408252630551725 0.415671810443296 0.455924767631228 0.489247025038767 0.487611034865617 0.509592125133478 0.551326218038262 0.588717752142185 0.624859998793075 0.658473154555014 0.679702340637156 0.688479482202933 -9999 -9999 -9999 -9999 -9999 -9999 -9999 -9999 -9999 -9999 -9999 -9999 -9999 -9999 -9999 -9999 -9999 -9999 -9999 -9999 -9999
0.289634352112675 0.302143325508126 0.326482718319031 0.364929247627136 0.396315598435744 0.423156293434104 0.425511988832746 0.434548524504014 0.453191271431483 0.478891263692905 0.50568098114437 0.500627089997025 0.499272951213868 0.504375538041651 0.518621228378302 0.537121719372713 0.548149071795205 0.557273371714284 0.5623229915189 0.494096008470122 0.384000396908189 0.425963394649485 0.460008146539088 0.453509931447204 0.448792560098631 0.445310342344673 0.506329693769063 0.560145439122483 0.567179490911583 0.578904891574829 0.594554072186795 0.610382490166813 0.631674003342035 0.677622180960041 0.697525553015441 0.691240950885576 -9999 -9999 -9999 -9999 -9999 -9999 -9999 -9999 -9999 -9999 -9999 -9999 -9999 -9999 -9999 -9999 -9999 -9999 -9999 -9999 -9999
0.302902208424913 0.326947798778747 0.34594825071866 0.358932647457733 0.391013686766188 0.426153992717904 0.436547897128232 0.448225110036921 0.461747559777965 0.480058841457457 0.49851540304152 0.483110429218533 0.477198158887865 0.487852343747335 0.520087585213845 0.562355483844643 0.555982555260043 0.55355886777665 0.559591013305455 0.517657792955387 0.44831822450403 0.478504653906834 0.498981058625954 0.480830622160639 0.473330555061142 0.473217347171264 0.521842117823204 0.566873461670568 0.582872081573924 0.596213382633305 0.60733213860447 0.628606804107024 0.654428271479906 0.693537643584406 0.713384535357559 0.713863060703522 -9999 -9999 -9999 -9999 -9999 -9999 -9999 -9999 -9999 -9999 -9999 -9999 -9999 -9999 -9999 -9999 -9999 -9999 -9999 -9999 -9999
0.31039018590737 0.366348646587426 0.382751863489825 0.351987587545558 0.382198555246232 0.427657620372922 0.44807887750896 0.464476000516726 0.475086922839846 0.477436676159273 0.475849122375576 0.456646673104978 0.454593930678418 0.482470475539263 0.524657318087476 0.57347856489532 0.53484348784223 0.507367602167404 0.503784980141873 0.510145784147485 0.522188041638038 0.531867288588333 0.528972281089574 0.492798521447507 0.486102344103981 0.499851161933868 0.511698121248699 0.52641706181197 0.551596814603982 0.575283183886427 0.597720507653867 0.644301377782721 0.688903398918369 0.707075470111274 0.715523650600503 0.714194488036966 -9999 -9999 -9999 -9999 -9999 -9999 -9999 -9999 -9999 -9999 -9999 -9999 -9999 -9999 -9999 -9999 -9999 -9999 -9999 -9999 -9999
0.326503847043563 0.385639146740043 0.410551062510218 0.394653440470277 0.402451281650807 0.417622828022307 0.437328960654467 0.454880853106318 0.469335218087946 0.473124426163433 0.472160152128419 0.455251783378245 0.44888748935522 0.460924480238033 0.505394552293007 0.564933355283119 0.524554914014393 0.500669712461015 0.512098657927058 0.552405111046419 0.60921153268563 0.618213528012485 0.614291571797207 0.581953574771493 0.581939150501593 0.604343637059832 0.615642540766506 0.624277513469723 0.627635764194191 0.631418340241473 0.635555816177476 0.667631456059412 0.700421106475916 0.716255499181013 0.724058557512851 0.723786133125703 -9999 -9999 -9999 -9999 -9999 -9999 -9999 -9999 -9999 -9999 -9999 -9999 -9999 -9999 -9999 -9999 -9999 -9999 -9999 -9999 -9999
0.341247111907886 0.400408583558282 0.433391400462954 0.435157584817085 0.423853483528716 0.411663714604675 0.428311647502781 0.445230507717283 0.46253892746774 0.468227785517045 0.468822689516082 0.453797721375712 0.444231712706918 0.444192558800183 0.487872916518729 0.551878305458085 0.519141227345413 0.506781234661527 0.538051202075158 0.604468608743665 0.69096848403173 0.697617243766439 0.69367947402923 0.671655805132194 0.68217099335984 0.715254408863555 0.723881155195794 0.72341226491587 0.700296743502035 0.683725212596569 0.672626985730129 0.691600214128633 0.71372913947111 0.728438787940795 0.74007021725306 0.748606506398608 -9999 -9999 -9999 -9999 -9999 -9999 -9999 -9999 -9999 -9999 -9999 -9999 -9999 -9999 -9999 -9999 -9999 -9999 -9999 -9999 -9999
0.347124275385628 0.407223947624567 0.441783748541473 0.445888631656376 0.436774173292923 0.425883899474005 0.435491749826898 0.446708485135469 0.460238595429892 0.461904260016361 0.458467980745962 0.441131825873671 0.43606424890577 0.452407521467118 0.487260680662413 0.53071698292403 0.527054527756528 0.543095624104306 0.601324557834197 0.671079457967055 0.747420040115582 0.73680290715495 0.726802706023553 0.729542547281826 0.762284709983555 0.815835815253586 0.79802425397825 0.766624550051367 0.713370538103051 0.688038001479457 0.68605860442337 0.714590281515733 0.74374536784679 0.75367434047872 0.756138240379868 0.751096031951854 -9999 -9999 -9999 -9999 -9999 -9999 -9999 -9999 -9999 -9999 -9999 -9999 -9999 -9999 -9999 -9999 -9999 -9999 -9999 -9999 -9999
0.353633385758797 0.414739694280726 0.45001211716762 0.454479026056383 0.447254404673841 0.437744488636892 0.4393237003191 0.443205948558606 0.450399674815454 0.456140349592318 0.460617089299987 0.450211695812686 0.448304378993758 0.461227716734184 0.47936730028087 0.499943130637737 0.543044653492844 0.587031191990674 0.632912662779612 0.699712044513339 0.778463457434576 0.741980773876747 0.717114499074539 0.737969916038467 0.775386088255237 0.824288431820233 0.803575870868891 0.771948229411446 0.726992638172434 0.715369158901132 0.731624201585025 0.763670989732502 0.789563526137066 0.776119179766017 0.769378581287392 -9999 -9999 -9999 -9999 -9999 -9999 -9999 -9999 -9999 -9999 -9999 -9999 -9999 -9999 -9999 -9999 -9999 -9999 -9999 -9999 -9999 -9999
0.360702111936985 0.422875659454752 0.458095275026991 0.461173781840641 0.455573506547422 0.447515555625791 0.44019072021935 0.435292955392888 0.43388501396791 0.450872002076932 0.473838858940383 0.478548364259755 0.478616299868897 0.470583871163634 0.465026157303413 0.46065697515875 0.566187150953839 0.6377156369437 0.636442132941676 0.694713267103213 0.787006889182323 0.71704329285929 0.669514945394308 0.702598909872646 0.729145195927324 0.751157093697937 0.748386818513392 0.743719939807917 0.741100286012199 0.763084058901882 0.805645800918947 0.835856068074329 0.849374964232946 0.79609272399098 -9999 -9999 -9999 -9999 -9999 -9999 -9999 -9999 -9999 -9999 -9999 -9999 -9999 -9999 -9999 -9999 -9999 -9999 -9999 -9999 -9999 -9999 -9999
0.383987577168909 0.434385299023587 0.462422301767567 0.463795354097569 0.45070753265537 0.433328309762143 0.415236673442797 0.411604208314781 0.428762219741435 0.442370822725104 0.453653970121576 0.444298415315658 0.447777304456451 0.473654579969004 0.489753194111103 0.501323828360207 0.589365637401987 0.654043593843399 0.668696537618459 0.704682753982321 0.752858329980902 0.704504943702578 0.676386064964888 0.714617883404227 0.742892126689393 0.764260017414699 0.786003899694423 0.799543737304307 0.78494062989933 0.798095117787852 0.834465678230159 0.85682823291664 0.873319472643474 0.873297891219689 -9999 -9999 -9999 -9999 -9999 -9999 -9999 -9999 -9999 -9999 -9999 -9999 -9999 -9999 -9999 -9999 -9999 -9999 -9999 -9999 -9999 -9999 -9999
0.408452568921425 0.441343475838094 0.459816690189629 0.46109758448484 0.440985547975763 0.415163324689358 0.394575094555364 0.395244867428708 0.426480985168913 0.432259244197598 0.427617054435402 0.404016177812865 0.407530346505211 0.458365089736839 0.501329592842635 0.540636254635228 0.600399053186028 0.653295832154228 0.691491580326612 0.711560159512772 0.721271275679012 0.701942399101652 0.698144340774471 0.739526515713043 0.770337381565311 0.793816222658654 0.83120547938373 0.854751913328278 0.826246237092066 0.827544262710851 0.853769696389334 0.868631154284059 0.880155755256298 0.884755242621122 -9999 -9999 -9999 -9999 -9999 -9999 -9999 -9999 -9999 -9999 -9999 -9999 -9999 -9999 -9999 -9999 -9999 -9999 -9999 -9999 -9999 -9999 -9999
0.424307834625319 0.422481172711048 0.425845470865213 0.435399708671164 0.418742123554905 0.398521531969696 0.418533187275508 0.429725123527687 0.428235408820974 0.416974802285178 0.402173141404101 0.389548043113769 0.374902031474027 0.356729166765162 0.412052358115919 0.501583837025237 0.550560693931835 0.597767435906527 0.641184134201179 0.689547362096456 0.740736927488468 0.738252041518406 0.745712121950331 0.786577555132796 0.812697433112884 0.828590122109537 0.831313807866693 0.831626415154723 0.828235370707096 0.840504976703186 0.865872936252471 0.880351307736974 0.890392538942667 0.888173733434758 -9999 -9999 -9999 -9999 -9999 -9999 -9999 -9999 -9999 -9999 -9999 -9999 -9999 -9999 -9999 -9999 -9999 -9999 -9999 -9999 -9999 -9999 -9999
0.432699674520081 0.417530978198265 0.411603590942109 0.416695965862077 0.40798854592085 0.399840865294251 0.436864582273232 0.452360537309248 0.436902267927608 0.421089285653155 0.405832875598792 0.40478451389103 0.378555474328552 0.30838167533321 0.362665790643655 0.474879306433347 0.522145427923091 0.573972842995452 0.635566574143687 0.703964020932433 0.776248960202669 0.766706536895302 0.766867877776453 0.803381668641036 0.825555941507083 0.837784643759503 0.833049769945765 0.829409583220909 0.835341650107208 0.850045692740344 0.872086495752945 0.886187783760558 0.896705875214934 -9999 -9999 -9999 -9999 -9999 -9999 -9999 -9999 -9999 -9999 -9999 -9999 -9999 -9999 -9999 -9999 -9999 -9999 -9999 -9999 -9999 -9999 -9999 -9999
0.433148426439962 0.427387000758609 0.418359022784219 0.405435857542593 0.409463248727903 0.420275656847461 0.449207660891827 0.462389860137144 0.452925813405956 0.445849431490475 0.440466700809847 0.451634656538534 0.420822444287059 0.316747375750166 0.355733598344666 0.461316241355677 0.51653008231209 0.583951533041373 0.677511046014039 0.757151397571346 0.828838648468676 0.786801047783996 0.759914150596656 0.787994935796805 0.807016890837287 0.819755842848029 0.836517970969175 0.849445183297135 0.847893945879781 0.855946613149246 0.872031854770029 0.885762448032788 -9999 -9999 -9999 -9999 -9999 -9999 -9999 -9999 -9999 -9999 -9999 -9999 -9999 -9999 -9999 -9999 -9999 -9999 -9999 -9999 -9999 -9999 -9999 -9999 -9999
0.428176990607209 0.430103420861217 0.423948147234736 0.40815587801509 0.405827642123005 0.412030902134142 0.463576138357053 0.487486177259002 0.471660264882524 0.463130585651588 0.456398527687396 0.430582143390222 0.393451531209016 0.336575579946746 0.387946170194204 0.489702146637064 0.539912431621416 0.590647759670357 0.642507272433424 0.727941921352709 0.832560659712055 0.787760760763648 0.750430424703862 0.752108065137658 0.761618633500236 0.776561946382894 0.814991639804392 0.847474422240667 0.851573085902073 0.860118927497383 0.872384327810997 -9999 -9999 -9999 -9999 -9999 -9999 -9999 -9999 -9999 -9999 -9999 -9999 -9999 -9999 -9999 -9999 -9999 -9999 -9999 -9999 -9999 -9999 -9999 -9999 -9999 -9999
