layers/veg/veg_2800.asc
NCOLS 255 
NROWS 330 
XLLCORNER -2985163.8955 
YLLCORNER -3022031.214 
CELLSIZE 25000 
NODATA_value -9999 
[rows 175 to 199 of 330, columns 112 to 167 of 255]
0.414283266377632 0.423318241832081 0.439146306661233 0.449015677201249 0.447605194031576 0.44505554149907 0.441928636062054 0.445877143629125 0.450770652325111 0.457564003959786 0.460062772198542 0.459904373352115 0.464614301537298 0.469912012606448 0.475955766186128 0.478066098648837 0.477231460383954 0.475807602824371 0.47667041429092 0.48652290359135 0.492273391043074 0.494326413651063 0.499108884081017 0.50737513241897 0.531053302398655 0.545409789389303 0.549668410029676 0.566556963879541 0.579891837724675 0.541822995772774 0.519435360196837 0.517490240388717 0.507484597960359 0.494689997817508 0.480139480391243 0.461522878898938 0.436497595065513 0.401332292813987 0.362726177751082 0.355430557122771 0.341523312756461 0.314910187339063 0.28260236681383 0.247364679093375 0.226618200785624 0.217302905616555 0.234367962631824 0.28077130875477 0.345589835136378 0.383296096931287 0.41721796482045 0.44569625726373 0.486874643489077 0.537694493899557 0.565542190549818 0.584059592418878
0.409999814878476 0.422354318229114 0.439567272815796 0.449938347486212 0.447357691322666 0.443674834623658 0.439433458286388 0.44051355797808 0.444192558878586 0.453711549808528 0.452850316599211 0.445566576856225 0.452607048136682 0.460081822898681 0.465944320873873 0.463258996924025 0.454173878849589 0.459792598457439 0.467661565412306 0.477171341698768 0.483416042465234 0.486717667535346 0.489922687502011 0.497432820961173 0.527306960496331 0.543737212415563 0.545604152051658 0.566024869881688 0.582736001336555 0.535439550179654 0.508238019844344 0.507232862791769 0.499763174293325 0.490674525054369 0.488366203239631 0.477106192815651 0.451737145839179 0.406328469403851 0.353804487468717 0.350465261176887 0.341071498464535 0.320042436674815 0.285242060415126 0.243356472087603 0.223802137195744 0.216175978820207 0.235697640064848 0.291844777935009 0.370981148464339 0.413536923006061 0.450216935995968 0.477248280953157 0.515084739411595 0.561124059724933 0.580632724137648 0.593449075947787
0.398865217581441 0.419499044660303 0.439616817600867 0.450703026061036 0.444692414116395 0.440284256627702 0.436688113154854 0.438769580869117 0.441663737018336 0.446209448643443 0.444775479150486 0.439641730102213 0.444325289085421 0.448197224548324 0.447703181010377 0.434776694663202 0.412541980425633 0.432494929588837 0.454063919218413 0.461899879639276 0.467415524623072 0.470839682310822 0.480106515735395 0.494090972824418 0.526892639708309 0.544000047573464 0.544106391336334 0.549198705657056 0.55176507533438 0.525486053986571 0.51031102903346 0.509611524390593 0.506360027197572 0.502116266900481 0.495868244370389 0.484751609301142 0.465961401649854 0.416927916892774 0.356553470304206 0.346138244157396 0.338534648700147 0.336334301600154 0.308153993605448 0.266607239520614 0.248804694287038 0.241554969559098 0.258112952774668 0.305436314540967 0.372070618048222 0.417281004759177 0.45775899618049 0.488721336563719 0.531797574144436 0.58407025609605 0.591819864768207 -9999
0.388789149037159 0.404568593078128 0.416755411422684 0.424743418598581 0.42478304422662 0.424337775680181 0.423646796022004 0.421520565262591 0.420677446535865 0.422894375770376 0.423736911344551 0.423729074889671 0.432685043144725 0.43791415773635 0.430379448723464 0.4149414196764 0.393586138075054 0.414620799370139 0.437384478440363 0.446750188483095 0.453964627910547 0.459239953763034 0.473529702996153 0.490654865105745 0.513826284742646 0.528401502189267 0.533664742288075 0.541530418007661 0.548069838509063 0.539493697802769 0.535562096913274 0.537685264780903 0.538138883000251 0.536978199457428 0.521713420899172 0.504697673932814 0.484922170863383 0.438188886749773 0.380789115818594 0.345471070957101 0.326275993228146 0.338065210839419 0.321405217447801 0.290108371956295 0.27874959223326 0.27447722033144 0.285981973103457 0.319121436947786 0.365840666905211 0.437314366867283 0.494262512490253 0.502360177993925 0.536583991193622 0.590641856143579 -9999 -9999
0.379357215235473 0.385339318758795 0.385665013535145 0.389091517043354 0.398387875116997 0.403456705082532 0.406383313742855 0.398313078641816 0.392847839033917 0.393946862967934 0.398166786700657 0.404317689868815 0.419292602473009 0.427217988951799 0.412639991559352 0.398039985536887 0.383423501550525 0.400591426669219 0.419768024201026 0.431612211396798 0.441524902372359 0.449696580146698 0.468062201759729 0.486537026090081 0.495826436233424 0.506904786462137 0.519921035449257 0.537479545296013 0.554827971525073 0.561822563237794 0.568337424805974 0.574226895010189 0.578118253334193 0.579347642783862 0.554021574860959 0.529340304045591 0.505675318129783 0.463521280618165 0.413293335262874 0.347678087459966 0.312303549954265 0.335044066051563 0.331304927037695 0.313942253948355 0.31051953465585 0.310033143636478 0.31578531095939 0.333061797136872 0.357571916069362 0.463863538822491 0.551754584127455 0.566820222895569 -9999 -9999 -9999 -9999
0.37663855710502 0.38286277513677 0.384138875080681 0.385057789907464 0.38530055058487 0.385773095496326 0.386362079298122 0.383191229962971 0.382288390493841 0.386847657099597 0.393140982253957 0.400507213176897 0.393523421254582 0.384202474389792 0.370905143406625 0.364717460103542 0.363852803163187 0.388484923459781 0.411328446153704 0.415336885686887 0.428715846643534 0.450541213723001 0.456756237756 0.462709345888395 0.482238541608289 0.499717058665497 0.514974144347326 0.531656160239183 0.546490643418008 0.544509092862577 0.546695329366858 0.554314824680593 0.559762538626527 0.56381245491653 0.558821924801906 0.546635278012962 0.523106606537285 0.48250657351213 0.43494182822416 0.392904029349613 0.365301318082153 0.365439221430063 0.357293505065994 0.344885944091764 0.337439013428297 0.333539249873203 0.337801056889928 0.35366531252438 0.376812241731006 0.489753052291006 0.578402103806237 0.574853269472027 -9999 -9999 -9999 -9999
0.374734591100719 0.380576354289398 0.379727732524367 0.378095998209078 0.374981825866845 0.373166418229855 0.372009135471252 0.370944122674245 0.371790782694428 0.377099465376061 0.381776456346952 0.386062603720917 0.365759102630574 0.34681767318615 0.336839783973325 0.337555400283574 0.346277294031277 0.370171588904701 0.391632290061116 0.396668123873357 0.412989288776217 0.439482832068091 0.438934985986753 0.43839914486058 0.46379008487033 0.485569167407889 0.503435645958238 0.52175010565867 0.537322979581383 0.531153959965744 0.531192525700628 0.539323495703758 0.546418254735031 0.553391480235327 0.563280336735109 0.559121657581099 0.532822217877491 0.494467832907578 0.451623284440447 0.429913865494399 0.409924446244917 0.393240434625766 0.383500827148562 0.377334050437638 0.365490677841545 0.357977125818753 0.361043383107744 0.375541054009491 0.397214042514716 0.521718397312118 0.625021674300069 0.642548741145037 -9999 -9999 -9999 -9999
0.374345869312063 0.378643542400932 0.369950776752104 0.365688305232238 0.369812414268569 0.370002316979219 0.368198633746866 0.364043741004957 0.361408192361826 0.362424430289778 0.358622555387717 0.351839592532684 0.334284032035143 0.319905424217071 0.317038890889972 0.321851177831492 0.332412633306218 0.340314181451329 0.351000047533526 0.373547815156274 0.391836474661204 0.406286056780963 0.408995963856095 0.413191504337217 0.436301478620893 0.458476082394719 0.479637430685865 0.504250702398863 0.526610976023198 0.525160930831987 0.527108178219749 0.533484243483414 0.542394720747144 0.552482420176956 0.567102778868545 0.562664542281755 0.528187457254218 0.493365106795532 0.459066559195106 0.451642583403977 0.438971598701133 0.416217180072206 0.410114990849332 0.412580217395037 0.3956480920076 0.384147998336001 0.386567023487877 0.399783006205989 0.419776068497406 0.564984168984932 0.676089540435441 0.657943440245397 -9999 -9999 -9999 -9999
0.36795008763033 0.367806393696815 0.360398201163356 0.355068151790121 0.353672043259911 0.354080920420315 0.35540444053593 0.349303653723277 0.341334047866462 0.329321562657865 0.320630588882764 0.31399471802231 0.303456631005249 0.297073841394414 0.303693525681135 0.311698862587888 0.320741644071068 0.321178692531881 0.325926082836954 0.35115254361845 0.365491153929011 0.370015667165767 0.376000835559672 0.384673670384316 0.405853491340906 0.427815362227154 0.450624401556937 0.476101450784019 0.500431690733859 0.510886563089835 0.519816437473466 0.526758276348341 0.537337746478213 0.549393490290653 0.565126515328562 0.563812784178529 0.535631127136972 0.495454427655685 0.451239348529084 0.445347134550745 0.436444823174061 0.421757860248657 0.419640633171854 0.423990417237535 0.410726956752206 0.401275372235433 0.401801990263701 0.428454915756344 0.471506911408935 0.597020833545628 0.695391866036465 0.694622139852303 -9999 -9999 -9999 -9999
0.358564587221387 0.352537549120676 0.350957299779396 0.345337658267786 0.332071416587332 0.331810207328769 0.33813905656697 0.330661738408854 0.316436408767762 0.28704714737299 0.275253704759671 0.274347239110724 0.2729515756592 0.276273209521907 0.29356108208853 0.304309736200124 0.310162446969085 0.307379511424086 0.308595486014595 0.329118123690455 0.336561518315517 0.332215537131729 0.341484680671412 0.354508350396128 0.373932617649684 0.39537902706277 0.419015955215034 0.442651760745762 0.466554326405227 0.492490566203879 0.510928374419466 0.519590990459428 0.531766428118049 0.545219637369879 0.560264231130558 0.563769210351275 0.549086241973152 0.499132432960605 0.435812004511901 0.425104034487679 0.418203677312175 0.418620596173775 0.420661304128307 0.423537436333874 0.418301214852817 0.413901789317646 0.411916275591285 0.459331618782594 0.537755098874197 0.623468762115587 0.689033389765875 0.692705340966228 -9999 -9999 -9999 -9999
0.349315613661073 0.347711863060364 0.34520237863066 0.338083400551792 0.322238615859029 0.319584095767406 0.323613497137066 0.302158449242249 0.282703842132868 0.269031520620553 0.262894215760548 0.261419015786864 0.260405590352845 0.261940125000065 0.270871836665887 0.279698921226926 0.288447670986851 0.291861703846287 0.295371038729748 0.301758581173207 0.30950461846992 0.318475176658033 0.32511543272079 0.334001086905547 0.356731737325159 0.381233707189371 0.407654487963184 0.429081120373184 0.449663465991687 0.473440980265829 0.495274112385727 0.514572486535236 0.52799614395795 0.539521057638288 0.55154130627911 0.552509602304961 0.536058569952916 0.488656903314899 0.430036196739828 0.438132865427337 0.440925730891933 0.433526018021892 0.420425820841864 0.40439277797643 0.441018641437883 0.4693820085797 0.475354801815948 0.515566408772537 0.577269177813891 0.640515415510579 -9999 -9999 -9999 -9999 -9999 -9999
0.341822195227936 0.342974276585471 0.339271809045018 0.330508109567612 0.312163459454135 0.304557312820489 0.302392703262959 0.275594912971485 0.255774625955287 0.253326965172369 0.250841516748847 0.248332688158827 0.24722207443603 0.247279569249559 0.250488983958835 0.256784132988865 0.265389585690307 0.269170465547664 0.271790848461695 0.272264510036551 0.282853758647639 0.302561001062658 0.308354261046622 0.315122701715315 0.340244547544523 0.366511498382917 0.394018903048524 0.414838442774245 0.434402894838239 0.457298230638289 0.481356846862277 0.50693195217764 0.521696311601566 0.532770900714737 0.542163412177638 0.542482610018225 0.528501074317065 0.488219825982331 0.438615264812023 0.454152293588156 0.459576124942198 0.44556492965479 0.422232557930822 0.3941045283981 0.456911818925 0.506626725298523 0.520468087828561 0.555883272542432 0.604840004376704 0.618322498439321 -9999 -9999 -9999 -9999 -9999 -9999
0.338348395099633 0.338091780131413 0.332816186339957 0.322114688625495 0.301141913425637 0.282777102412203 0.265733828784334 0.25380528710973 0.244733758751959 0.242114215998425 0.238395425922346 0.233996503797436 0.231980699524361 0.23165356019969 0.235809992929408 0.238329039280612 0.239622166816849 0.230093087633402 0.22433643458816 0.23805445473849 0.257071439441455 0.280864807935604 0.290091981444966 0.299657316520103 0.324904402846127 0.349859410720857 0.37449801981133 0.39839503923494 0.422315153506392 0.44784035418049 0.471645923514949 0.493209727137472 0.509538329972179 0.523660918714341 0.531412397608346 0.535653593648826 0.534362123032554 0.511263376304102 0.479778584063163 0.475921804901303 0.467532763014667 0.450433849944302 0.428762274749932 0.404738107801612 0.456659223089302 0.500647971390648 0.521804441576477 0.558870202173201 0.605921972848043 0.618747289011502 0.626500709144978 -9999 -9999 -9999 -9999 -9999
0.338460322676217 0.338027084612641 0.328652460797939 0.311424538184049 0.279330261081247 0.259744250825357 0.246496572342909 0.238999722246198 0.233003654261024 0.23026347588076 0.224128211188963 0.215892320949428 0.214772979533673 0.215019127992337 0.21784412869186 0.220125811786126 0.222000710456429 0.205947621442921 0.196027593393038 0.217926031775117 0.23694168636177 0.253358855592048 0.267666320874738 0.283208888926552 0.307158902595353 0.331179212426478 0.355275671731139 0.380618368275633 0.406481179775071 0.433903149011845 0.458914510472684 0.480783327521567 0.497970463017093 0.513167341885725 0.522434969371301 0.527934237649844 0.527494077054594 0.518263586880756 0.505112165118731 0.481330510862184 0.460527776426809 0.445449778063604 0.426241358445161 0.404907875849857 0.43883690823401 0.470367536427403 0.493294690787609 0.529499192682675 0.574037675721425 0.604462247119366 0.626500709144978 -9999 -9999 -9999 -9999 -9999
0.340753473255134 0.340893090777207 0.325882912176884 0.299337271278002 0.250954912318478 0.235949408932158 0.237857006838477 0.228442610068648 0.220854281953478 0.218024641452467 0.208753194167532 0.195496038519913 0.196369118209936 0.197771264992625 0.197878836712618 0.202075796254228 0.209334499522305 0.19088534059201 0.17936513668553 0.206363563308781 0.220250428413916 0.222318786471085 0.242708046820295 0.266162469832251 0.287950207899422 0.311265300385107 0.336234924654999 0.36203066150878 0.388368346923834 0.417241137158688 0.444345712625119 0.469145187487827 0.486761566906293 0.501832114738513 0.514536425986345 0.519673281886527 0.512882834596211 0.515504522753252 0.520816406772416 0.476786825590899 0.444421529914249 0.434472062791028 0.418214879314583 0.398712434964619 0.410326811588194 0.425304220532876 0.44662934785577 0.480444624671161 0.522099770864 0.581229112239604 -9999 -9999 -9999 -9999 -9999 -9999
0.338143244267352 0.331805545136708 0.301767028825002 0.270738139279946 0.237834465655001 0.220854349297739 0.211943199665542 0.209312897687439 0.206925333751555 0.204831563149533 0.196881972956463 0.18530923945946 0.183452038946661 0.183177192564911 0.185594538433827 0.183289716671822 0.177449385990152 0.167607148281906 0.164703147317514 0.190119589026686 0.20151234408064 0.200264420193025 0.219073060143806 0.241237790942984 0.261580759188769 0.283515875901322 0.307175713616093 0.336158644593857 0.366200710025236 0.394049828492317 0.421805324974064 0.449438772879603 0.474857553383557 0.498416532513129 0.506998630739107 0.510507055393081 0.506018704353927 0.500224930810797 0.493175423231348 0.457430671821088 0.42714518429952 0.407351031485574 0.379586457047836 0.347721175477329 0.327963526594523 0.322631197760809 0.35091416986226 0.3985633258986 0.458368329427426 0.473102774681551 0.481697880748064 -9999 -9999 -9999 -9999 -9999
0.32749050614481 0.316716295133735 0.277817552364154 0.245600170061359 0.226030654051095 0.207977144994815 0.190691844289283 0.193169685773321 0.194344359037983 0.191614653476405 0.184835904302318 0.175551909701199 0.171571818060245 0.169917102546 0.174028631932872 0.165458019441169 0.147392228201773 0.145353465796371 0.149749995581395 0.171107923314824 0.179747761263589 0.176923759947364 0.194553342232803 0.215641712672922 0.235059860266212 0.256214862928709 0.279251342399553 0.310799373497382 0.343856258569019 0.372000167613779 0.40110017990207 0.431446598567708 0.463027089008049 0.493312339823656 0.501038561327875 0.50516683567525 0.503624272914034 0.490659098057112 0.472613162587227 0.441329626822375 0.41090871631854 0.382145555014068 0.342102815602404 0.296256839099652 0.244900641418786 0.218991700501417 0.253796603208862 0.317279840099667 0.398764013976486 0.447193088599482 0.481697880748064 -9999 -9999 -9999 -9999 -9999
0.294590922321868 0.286554823943414 0.258283219333717 0.233470113890182 0.215203973730724 0.199880028008243 0.186046984639523 0.187204084120599 0.185971774907064 0.17850509981002 0.171640445863341 0.165148277589395 0.16166454825218 0.160007644166158 0.163114346617071 0.150509312693574 0.126140828499606 0.127563877444646 0.133589836550915 0.144992479096959 0.149648585305973 0.148223494615719 0.16724284984147 0.18956565915381 0.209423397343824 0.231649456448225 0.256441038119332 0.288259262087324 0.321750512465527 0.354440790756788 0.387147835862822 0.419876738718009 0.451536516880572 0.48188701652852 0.499553580666644 0.511007004740934 0.512667704325692 0.499849477844091 0.48042014801207 0.437329994237355 0.397881377037951 0.36543087896973 0.313557319395684 0.2516907769386 0.169754086522414 0.123192992830733 0.161686626977006 0.243770246053837 0.353214609549761 0.427736242512724 -9999 -9999 -9999 -9999 -9999 -9999
0.284107895533091 0.278930198805245 0.255577847442671 0.234043438839934 0.215950409738901 0.198246483475741 0.180739727844662 0.175502576228315 0.170966525887404 0.16753451372603 0.162612060260216 0.156767433160443 0.152460168148203 0.149940853070726 0.152367559138203 0.137651093682972 0.110099455788498 0.112097316823387 0.117741523249406 0.123346296780017 0.125029529667291 0.123177961938473 0.139444680294863 0.159279513679058 0.180243380356486 0.205435960349502 0.235209363563458 0.268451338485765 0.302916589722034 0.340012989777379 0.376347072731045 0.411687375040702 0.445452452964988 0.478018194444874 0.501568085155621 0.518329182003417 0.524390248394297 0.514925401509 0.498158649051681 0.447453871338659 0.401374453585059 0.364183816529172 0.300255554577479 0.222571035516846 0.152628123854237 0.11606589227259 0.158357748771924 0.233742583695332 0.329899358002753 0.334946137403042 -9999 -9999 -9999 -9999 -9999 -9999
0.290135836378984 0.287905140459938 0.265267886330993 0.243973468934854 0.225221051709737 0.201373698386844 0.174944580879717 0.159576273148592 0.151075971994979 0.158139389229238 0.156652941923212 0.14987647774132 0.143773503103557 0.139758178194792 0.141744142583793 0.126332628315787 0.0978955406715241 0.0983417877228791 0.102122900650631 0.104991959793494 0.10444686949657 0.10082433116562 0.111287310996277 0.125892415104657 0.148453350315454 0.178008559978846 0.215140432431837 0.250655814219627 0.286492536144488 0.327891758351958 0.367867613904917 0.405987923744071 0.443350565347355 0.479715131043264 0.506160143635832 0.526742935877528 0.538086099171023 0.534336336314683 0.52321223119981 0.467980452609181 0.417035681138882 0.374329461149218 0.298181595849376 0.204828317846446 0.178237364409464 0.174250071806115 0.22042079644807 0.270472686941875 0.322960723882844 0.330538289335142 -9999 -9999 -9999 -9999 -9999 -9999
0.286730122380032 0.284718040016498 0.270981194046801 0.256261771660904 0.239682324629419 0.213456059865719 0.182341449490829 0.164962933514542 0.153839851150884 0.156732992344531 0.153797959504236 0.147256888363595 0.136956597498267 0.12902132927522 0.128796772500656 0.111567297437175 0.0816061607751128 0.0823590768621889 0.0852465491723462 0.0817858436882547 0.0808078117561874 0.0820676135735067 0.089752872726565 0.100823316108056 0.123260450677404 0.154090375062413 0.194011926996243 0.235003916200187 0.276470989341125 0.319493092212675 0.361654882802717 0.402695143138112 0.443126824772071 0.482865346286882 0.516074642595868 0.54215988549697 0.557016684880726 0.558268957528639 0.552895586580821 0.508628856495126 0.457688010243322 0.39392118818162 0.313888369307611 0.225486847710184 0.224929063935849 0.229265457110086 0.240599630947104 0.274370452196272 0.322224402321099 -9999 -9999 -9999 -9999 -9999 -9999 -9999
0.28256061899226 0.279833418860637 0.273707804988551 0.264960224385042 0.251249240772917 0.224746985454378 0.191762990909153 0.17295744151028 0.158714778491477 0.154514973920942 0.149553725662805 0.144121352986446 0.13051725689687 0.11926285655629 0.116564056619976 0.0976294382566291 0.0665389869467829 0.0675482710210125 0.0700496143423573 0.0631016602406296 0.061806936939736 0.0656079261496006 0.0703433086859592 0.0779209723857776 0.0993088506235954 0.130571358007585 0.172530719757234 0.219438184560204 0.267183885525213 0.311777078813301 0.35605482654761 0.39992134949778 0.443588948361991 0.486902454456235 0.526391495586392 0.558033697800098 0.577308251637451 0.584011578235885 0.584615520914649 0.550207249823204 0.501517711010178 0.425383160786984 0.341883870280913 0.254595490008393 0.271594608212188 0.288847130001834 0.301212586305937 -9999 -9999 -9999 -9999 -9999 -9999 -9999 -9999 -9999
0.279715640068619 0.274005368827656 0.267082591582799 0.259266727287521 0.249760242398207 0.229140731804679 0.202889901957878 0.181240661067953 0.161438532092294 0.145751391369074 0.138772315827437 0.137181139889317 0.124656567934709 0.11338766444699 0.108015212328645 0.0882908014614336 0.0578210121711789 0.0580791381807549 0.0616537755366412 0.0633767798730714 0.0614050194905862 0.0561028699084053 0.0559120988330687 0.0594043455670259 0.0770609595979222 0.10698749384433 0.150205620886855 0.203246470084411 0.257801406995388 0.304956309122545 0.351732534927483 0.398015106322022 0.445772592740378 0.493596299168164 0.53585478939897 0.572514595528178 0.600350140438811 0.614489251785467 0.621865441149142 0.586360261228653 0.546130253678891 0.496820313540196 0.407731044282627 0.298175683473816 0.308854711307557 0.316083727431758 0.308792714571319 -9999 -9999 -9999 -9999 -9999 -9999 -9999 -9999 -9999
0.277824192818151 0.271003504076695 0.262418493814008 0.25445016410813 0.247649215396957 0.23110333731988 0.20961939738453 0.187699910805443 0.165760977590617 0.143795564601351 0.132065902084749 0.126669356599699 0.117327582482388 0.109142718114934 0.105154556829866 0.0843924213757739 0.0510715332623105 0.0506311140040133 0.0545442562828941 0.0595419299923411 0.057517339496887 0.0491630163541325 0.0491681796492599 0.0528599525170113 0.0676279082815346 0.0955767294428938 0.137803939744364 0.190617858215812 0.245231585045367 0.293148810999107 0.340604804223945 0.387459519899901 0.437466844306226 0.488222828673456 0.535130455701414 0.577348789525919 0.612176181585029 0.631710655692595 0.643540617516621 0.60131860700487 0.55944666966712 0.518247485087891 0.441555503907324 0.346602811931916 0.338286240980697 0.333785472840119 -9999 -9999 -9999 -9999 -9999 -9999 -9999 -9999 -9999 -9999
0.276778549483288 0.270508528865966 0.259493949466843 0.250411460922852 0.244986435095057 0.230909466552682 0.212448286825737 0.192541258527449 0.171501498549671 0.147878369439387 0.128974100995456 0.112989510687039 0.108696185211366 0.106343836240498 0.107339451981157 0.0853196706386494 0.0460681542039029 0.0449758584049285 0.0485757312345667 0.0520614452522147 0.0505377101825763 0.0444985549425242 0.0492430591810373 0.0569351985256969 0.0695619063342528 0.0949637767274975 0.134204552019669 0.181149798032756 0.229834518210853 0.276917973249848 0.323440496880003 0.369231772614111 0.419856769898671 0.472145379758558 0.525369468601331 0.57362614160917 0.614053515068522 0.637173452009276 0.651400647814091 0.597476810443404 0.545002721490898 0.495314685055194 0.446975099833837 0.399329280108693 0.36077365097705 -9999 -9999 -9999 -9999 -9999 -9999 -9999 -9999 -9999 -9999 -9999
