layers/veg/veg_5600.asc
NCOLS 255 
NROWS 330 
XLLCORNER -2985163.8955 
YLLCORNER -3022031.214 
CELLSIZE 25000 
NODATA_value -9999 
[rows 175 to 199 of 330, columns 114 to 170 of 255]
0.266975832980542 0.271498745761402 0.272327933044603 0.271107977063069 0.273318004471593 0.276343155508904 0.281115009289116 0.283963415400929 0.28551485143833 0.28792055318715 0.289596426070906 0.28861434384522 0.325172055606491 0.392277232568939 0.409953745031796 0.419972828381768 0.428991450697328 0.43416179914381 0.435566561324917 0.430785497270698 0.42682098934363 0.435858476937546 0.443402175137878 0.449188844739935 0.451140588686735 0.45259463374426 0.459722378017838 0.460658114348251 0.452814622431563 0.448915795006765 0.446941717353693 0.454112335570791 0.453098976065281 0.438010891459305 0.429633640761749 0.424308777601913 0.412686438241768 0.405549266867246 0.407866531966612 0.388415262825386 0.356707733828018 0.348638081900472 0.339908856389963 0.326714671654825 0.339544029374438 0.370170390498426 0.405266898981472 0.43730539037123 0.457655007981898 0.503785060629774 0.571183731185451 0.60415310685611 0.628258006427242 0.63668202668364 0.607105929516357 0.53983699688287 0.543222147054912
0.26267951234411 0.267397620732112 0.269816185869598 0.270959048855759 0.274028742204955 0.277457580009948 0.281612731603039 0.28416447191607 0.285635040912939 0.287374677618612 0.289428343593109 0.292432067855671 0.314067937770419 0.350865447121206 0.384441965720086 0.412625695640637 0.41952424298419 0.427120547259123 0.435399615808836 0.434939272822695 0.433014607292352 0.433573763375673 0.438355797747683 0.44810487630418 0.454122449849069 0.459002821700905 0.463224648119431 0.46260225429154 0.455111569012336 0.451046244830788 0.448634348409751 0.453819980062626 0.454975965371312 0.449201804182912 0.437880010673718 0.424006842688312 0.407843912047987 0.395923148135607 0.392944590171709 0.38062919616458 0.363056916805626 0.35762364426387 0.350724055928437 0.338571243109887 0.357704484001393 0.398233659184147 0.425359343997549 0.451937945950377 0.481021685182086 0.518676012962481 0.563400996176885 0.601415818434046 0.633601298081873 0.644540852928887 -9999 -9999 -9999
0.261670731744313 0.264457196209614 0.267308704784971 0.270196297444029 0.273973197822324 0.277663761943067 0.281038849916956 0.28349956859737 0.285343733144246 0.287023995087388 0.289758587686613 0.296007490399548 0.304557937383228 0.314981232777955 0.364347498791962 0.409795431120906 0.412881626625172 0.421604210529163 0.435842074131639 0.439385883534982 0.439650497624644 0.433929269138654 0.437132526757768 0.450832965156785 0.460290834310905 0.467938317691267 0.469940103898238 0.469163925744154 0.464449060267336 0.459081435515757 0.453877936476521 0.456399586118109 0.458901921982975 0.46137104220293 0.447433806614949 0.425983151079275 0.40628602740229 0.39028073197374 0.382057565499823 0.376304727702943 0.371942750212101 0.369416162547854 0.365481840714257 0.35763955312102 0.382324336932095 0.42925376332108 0.446489296971538 0.466629567204368 0.506107965986758 0.535470232916854 0.556486785635344 0.595351178348872 0.629318424416217 -9999 -9999 -9999 -9999
0.264287977652195 0.264149192668166 0.265068685927362 0.266575273093697 0.270514227146145 0.273985424538974 0.275995917210093 0.278987611214598 0.282640923825777 0.286937107122411 0.291429222808171 0.296369664506081 0.305556053022609 0.318197519442146 0.374685872653095 0.425118500324722 0.420726533000476 0.42628759240053 0.441587818504154 0.442242397329944 0.440625250937133 0.444276167618473 0.453899553960517 0.470547893111334 0.481198954046244 0.48942973555614 0.49099408058577 0.49381364129666 0.498412887218916 0.484986180934116 0.466141402138487 0.470158622870062 0.473336379044913 0.47507043225918 0.459352772856722 0.435652321428961 0.416316482206597 0.400888977304414 0.393699981788568 0.391126500226757 0.391151674953196 0.387100000213062 0.384117525904066 0.384413455901417 0.407808847101192 0.447001518412757 0.457139325107686 0.473876286345074 0.522118385852409 0.554810398592012 0.574673735111889 0.604099467912821 -9999 -9999 -9999 -9999 -9999
0.262664278645364 0.261422982997495 0.262282096633396 0.264306440208488 0.267648462686214 0.270444378856071 0.271693461211162 0.275503614921822 0.281040684815949 0.286397181550123 0.291545329549482 0.296063768108625 0.304642443777697 0.316525078756379 0.375114135879439 0.427516507880029 0.422663435943256 0.427481905737381 0.441764105490935 0.443869540557483 0.444503211971802 0.452047243069135 0.462781519737671 0.477268234821014 0.488609874114616 0.498451222989852 0.502609895982028 0.508916211903649 0.51826752512565 0.505852536935937 0.486640494877366 0.490158065597578 0.492813543391481 0.493986402175395 0.479100739169563 0.456846502847542 0.43244988773175 0.412440670110895 0.401679795257701 0.40158962782354 0.407507350563842 0.403223405207163 0.401544367644609 0.407883678984767 0.426775493716159 0.454251725652689 0.477419886452768 0.506031031303044 0.554266629215836 0.579262446216632 0.585085661212656 -9999 -9999 -9999 -9999 -9999 -9999
0.257233443644937 0.256525927022606 0.259004845936574 0.263251482273471 0.26531522500579 0.267026581237896 0.268055738092255 0.272942428932987 0.280430233504833 0.285450559872147 0.290265921595713 0.295158138558974 0.302012661188585 0.310463981714257 0.366645999917161 0.41831156646734 0.419296668838299 0.425544049553282 0.436940638388839 0.444393066305702 0.450987409785841 0.457505978047414 0.464584991978876 0.472323214681001 0.483904231554077 0.496278337014605 0.505752985538171 0.515448221022779 0.525456211803744 0.52219588354169 0.514532787222676 0.515759579250798 0.516817593324771 0.517585344718641 0.505876872215019 0.488386794708344 0.454061969312296 0.424839304557848 0.406371655851892 0.408139959022651 0.421301637691101 0.417945995168948 0.417886019292171 0.42838815784392 0.439890993136973 0.452078185809222 0.506345867711243 0.560545944460645 0.600901947967477 0.608303478172856 0.588517875966007 -9999 -9999 -9999 -9999 -9999 -9999
0.255159493401279 0.256047617134142 0.258110376470135 0.260824780503656 0.262500567478036 0.26396960733147 0.265013180469629 0.270517136997898 0.279028705260254 0.283998273015709 0.289305829114594 0.296801112325679 0.303008049460642 0.308166613582659 0.367162989044363 0.422318859596871 0.425746436698863 0.430701364570653 0.437150825128221 0.443658050975201 0.449754604874196 0.453284091897754 0.457622467687793 0.462912276592588 0.479454221298178 0.497671958257923 0.501281696548731 0.507438337261254 0.51720605823862 0.518516287859649 0.517367213816049 0.528528992742343 0.532727806628896 0.524951781123137 0.506144928083563 0.482304276189054 0.464411856490573 0.448007217630161 0.434738722045916 0.433952625521257 0.440194449425759 0.438401271097324 0.438443816963523 0.444234827761639 0.452601085948578 0.462728506614672 0.516383178760526 0.569809346531294 0.608384351468309 -9999 -9999 -9999 -9999 -9999 -9999 -9999 -9999
0.253413068059929 0.255802294920761 0.257408750181129 0.258580952502577 0.2603183916713 0.26190262847121 0.263032551697312 0.268696958349284 0.27741894197769 0.28227803864041 0.288025962875766 0.297869220166125 0.303865085673179 0.306730191681216 0.363385441211588 0.417923399996923 0.428236148696606 0.43475549179392 0.437562937941785 0.442147509094538 0.446511700389916 0.447226765892827 0.449687220536222 0.454200641044897 0.475029449629829 0.497757642674547 0.494284051836723 0.496490229501668 0.50674936584079 0.511766007961713 0.515726446438363 0.536280676568023 0.543799893513245 0.528901621864253 0.501039707515871 0.467356194164933 0.465829227997354 0.463166503811541 0.458109677093219 0.456207685271524 0.456081948840704 0.456933672715192 0.457733856074965 0.458285700802014 0.465457962621505 0.477157801181845 0.527209836806086 0.572436758078563 0.589091673538576 -9999 -9999 -9999 -9999 -9999 -9999 -9999 -9999
0.25018610252268 0.252590696582451 0.255452664752075 0.258568367282105 0.261837370969918 0.264579126787259 0.265944004757956 0.269855873462007 0.27548516386421 0.279658312517195 0.28480332936494 0.293584657796778 0.300596681161595 0.306168958080711 0.32909218423742 0.357935451694369 0.401144414396896 0.426461119397003 0.434270016441398 0.437840414793458 0.440217103205736 0.440864379104799 0.445015148126603 0.453286804361119 0.470493457546535 0.487767614091638 0.481487188187234 0.484154016659519 0.499506550492461 0.508110809791244 0.514712014218616 0.530355811816729 0.537654043057348 0.530599650638578 0.493315534739051 0.442327571812787 0.431989664266292 0.427058391275104 0.43352394513734 0.442049507268117 0.45173490847515 0.460192190514593 0.466542505671817 0.467503407433178 0.479450446033593 0.498910693685601 0.559883381569742 0.608107095827216 0.600196542524124 -9999 -9999 -9999 -9999 -9999 -9999 -9999 -9999
0.243837891767488 0.246043614901105 0.25057685162486 0.256401307417231 0.259570185178376 0.261984482382921 0.262727687529188 0.266311727935464 0.271811327771351 0.275744498893785 0.280699936443656 0.289490829277476 0.297004807928443 0.303479716104511 0.30822211069166 0.323170677035156 0.383502954502363 0.418463440631725 0.428597297409817 0.431211507215262 0.432258841726766 0.433580912295112 0.439445671352079 0.450653642525717 0.463939895170957 0.475859660622417 0.469219689426947 0.473780626368283 0.494222571539975 0.505913199141168 0.514581783231948 0.526852569787708 0.532776552605053 0.527785364229056 0.486992034643466 0.429933143860122 0.411507228598227 0.40229396872428 0.412500375047979 0.426151761198017 0.441742761999371 0.458810285022476 0.473255746522804 0.480646762215171 0.496077467238539 0.51700636216602 0.578075858939208 0.627755552311956 0.62629722028634 -9999 -9999 -9999 -9999 -9999 -9999 -9999 -9999
0.234122294192996 0.235898013442855 0.242551060882873 0.251909870897048 0.253218257070847 0.253703012599645 0.252900363646522 0.257693638101052 0.266260212613427 0.270434545945554 0.27564632736739 0.285602775892069 0.293063957209254 0.298494650873387 0.301833773694517 0.315618177137073 0.376057018268653 0.410785852777218 0.420357109858595 0.42207768801356 0.422505719278265 0.425303729033213 0.432908020845934 0.446165569445151 0.455209656778319 0.461882534585322 0.457523301305535 0.46552484694228 0.491051902949203 0.50528812145836 0.51540548164524 0.525961919806701 0.52926744510893 0.520102921166136 0.482179664368068 0.431169243700894 0.405435264982945 0.389767800290819 0.395319879142144 0.408377264610081 0.425660335977519 0.452422012155566 0.477708334557631 0.498025342017075 0.515546786058432 0.531156397698211 0.580645290995772 0.621872642851779 0.624465756304433 -9999 -9999 -9999 -9999 -9999 -9999 -9999 -9999
0.228504392859682 0.235981763280106 0.243792395507741 0.251787909147942 0.250077907506918 0.24841824805306 0.247899437622147 0.252481118635385 0.260502032686538 0.264861488847738 0.270455060457345 0.281217306142755 0.287841967323949 0.291099728870493 0.293077941125049 0.306114111536792 0.367932315956488 0.402465104009741 0.410298755616355 0.41240346395302 0.413744186298691 0.417901956821439 0.422101909708607 0.426351478439176 0.436295271577149 0.447190040871138 0.451666444091494 0.461339588084028 0.478380838480611 0.492517841486099 0.505273237996852 0.511975119310178 0.513385878305189 0.50569701672114 0.480533652992478 0.447402592400184 0.425458161346042 0.410551021838463 0.410478025910004 0.413186853214063 0.417461920487922 0.44651811505654 0.474753271669549 0.497967375727785 0.521796267666603 0.546045601289051 0.584953087911215 0.615977584978134 0.615855874619583 -9999 -9999 -9999 -9999 -9999 -9999 -9999 -9999
0.235698547734162 0.24882936235516 0.252811945702201 0.251719426280733 0.247677770448013 0.244701980668613 0.244784536444676 0.248618032938935 0.254980767915904 0.259392567224386 0.265235638168307 0.276375059125913 0.281911606624818 0.282888896764298 0.283580808598485 0.295897835105248 0.358808437415373 0.393091765059452 0.399362930376987 0.401815470215318 0.404017377080215 0.409666157586223 0.410285397215561 0.40498877802675 0.416596518202989 0.432771467426787 0.446397976246568 0.456789124211556 0.462593073376626 0.475547723711562 0.490489052979092 0.493248595146874 0.492997481907878 0.487568672851656 0.477058736093666 0.464210678253757 0.448919876590767 0.436304537024862 0.429328894013527 0.420343452483021 0.410226441291591 0.438238000756952 0.466258454020942 0.489893238853995 0.519742863033929 0.553842697084652 0.585042609537857 0.606451943045056 0.596007890803229 -9999 -9999 -9999 -9999 -9999 -9999 -9999 -9999
0.331733446348191 0.338527077253953 0.302911407663354 0.24376861551603 0.24476936408573 0.247130684574921 0.246739420883375 0.248472734258273 0.25163863814303 0.255207802489942 0.260064939484938 0.269031646693753 0.273069036653752 0.273095265892516 0.272983157635592 0.284011685861463 0.343437246879756 0.377000823144578 0.385258109395698 0.385361817006759 0.385131480686702 0.393481275653866 0.398943866640008 0.401010463528528 0.410294766578338 0.421774937434241 0.434493156844236 0.441766082277663 0.441318494570338 0.449938454966496 0.461401443063775 0.463615070689237 0.462085957840621 0.454120116413248 0.453788528478266 0.456914194231941 0.448830219334269 0.436374451852174 0.414703235718227 0.402373044544293 0.395302097192992 0.41112121647481 0.430037111585773 0.454436078313833 0.480148507115867 0.506759187531519 0.550027312509713 0.585502463899808 0.589485911032172 -9999 -9999 -9999 -9999 -9999 -9999 -9999 -9999
0.383828952349418 0.386064591651284 0.34412646459676 0.277682354121262 0.28109685315129 0.278839470349081 0.254665723058946 0.246145657463419 0.248180782448764 0.250522597944768 0.254053583995054 0.261398849274044 0.264196254787389 0.263292905097359 0.263050565860984 0.273771248687132 0.331598033150948 0.364054398806398 0.371685478148605 0.370974740472114 0.370016277942207 0.378406604226415 0.386635440079057 0.394674327263015 0.400686591560538 0.406590079157045 0.416951629647249 0.422021331691799 0.419588080610335 0.424356902123193 0.431565804544257 0.43491110501089 0.43411486316979 0.426196037244395 0.431494496781033 0.442783010183042 0.435856512671133 0.422996179427086 0.397627714234405 0.385652044877812 0.38121687338631 0.387298889924686 0.397017945814186 0.41506917338916 0.439192440487996 0.467468259387402 0.513964361124682 0.548607011278423 0.537652348894636 -9999 -9999 -9999 -9999 -9999 -9999 -9999 -9999
0.378880365953101 0.378867840736906 0.373807388007519 0.365946530464323 0.368362143378768 0.348560973099006 0.270344387861103 0.240986098357451 0.244572686167178 0.245187699967228 0.246950850092909 0.253390359269923 0.255284250482017 0.253479210723699 0.253981383786201 0.265667348814917 0.324344190300819 0.355190328377187 0.358803759510116 0.359270586566196 0.35979635899949 0.364773257925614 0.373071745735598 0.385277160911456 0.386785869233169 0.385967745042022 0.392092275299357 0.396146646926123 0.397265880986482 0.39881133130802 0.400759041703791 0.407413934277618 0.409961165968612 0.405444082519537 0.410467780491705 0.419778711676463 0.406156154566013 0.392158866478489 0.377371670358776 0.370553083129614 0.368221033219646 0.367753576325587 0.368155989567099 0.370626462754423 0.396468539874945 0.438294010320497 0.47654129781317 0.509415468553445 0.525451260405675 -9999 -9999 -9999 -9999 -9999 -9999 -9999 -9999
0.374711993534195 0.373197092082328 0.375828428612912 0.380759945717586 0.384204907515785 0.372451679843952 0.321624353865697 0.302485099819556 0.304712936590077 0.303529491436571 0.294625539685974 0.261389830730788 0.246420807806554 0.246316036829605 0.246044336600194 0.251760923465491 0.283552072398753 0.312163669181317 0.337664032637968 0.345502615110416 0.349173125641914 0.350528563870224 0.355330931374905 0.364187654427173 0.366053159877887 0.36642603756025 0.37160301591789 0.377468161324867 0.384309012133666 0.384310821703788 0.382174488724931 0.387132275181651 0.390417965178235 0.390827999984208 0.393492775883514 0.397108369201849 0.37864501845186 0.362866802578401 0.352748672836686 0.346966863883035 0.343626518089501 0.329092306285583 0.314622219423885 0.301614888592057 0.336648700362777 0.404536931547546 0.438098404363339 0.460861068145005 0.458563475884459 -9999 -9999 -9999 -9999 -9999 -9999 -9999 -9999
0.370800666971573 0.368018816007046 0.368813852194524 0.371593214023118 0.376712429339134 0.380288481108214 0.379637668607804 0.379381496435598 0.379391428043727 0.376659610907533 0.35612302110689 0.277914774082224 0.243819129103909 0.245619476959553 0.241103829149501 0.236351352149104 0.234686848917172 0.261006094289269 0.314707803327425 0.330888275534434 0.337592956991547 0.335611201174917 0.336158141306326 0.339679390343744 0.343253787484643 0.346983499108599 0.35203918647677 0.360387509602391 0.373404237729194 0.373114015707886 0.368263078487465 0.369549904073134 0.372416105057268 0.377998500454103 0.378058861559008 0.375515241373641 0.353496586143326 0.335928749624941 0.327742943590948 0.321189334513302 0.315554695441275 0.285984151790155 0.256723432551595 0.231043937372474 0.276508045213243 0.370625903685622 0.401477213935126 0.420527850867912 -9999 -9999 -9999 -9999 -9999 -9999 -9999 -9999 -9999
0.36690649353436 0.362739958728233 0.362197220490673 0.363664831515928 0.370198688546039 0.374657951003972 0.373234665698361 0.372081124954967 0.371109471470936 0.370399706764724 0.363698069341028 0.337227856087756 0.322732186414246 0.317980628640491 0.270428262513578 0.226145929028418 0.223927626651213 0.249870696835389 0.30337003804886 0.314056454971401 0.31524907507955 0.314530012434556 0.316165266930467 0.320569722067206 0.322707863822128 0.324212568416234 0.325858998720708 0.333376697295627 0.34921886908171 0.357785938006537 0.363057440708083 0.356329869255679 0.354807778922803 0.362238024270244 0.365405554632992 0.366552294080514 0.349818928787146 0.333102775913305 0.316422905677593 0.303119313745704 0.291716655693009 0.266612850839158 0.247396524892129 0.245220957455109 0.285312562813832 0.354309879969753 0.392993702655249 -9999 -9999 -9999 -9999 -9999 -9999 -9999 -9999 -9999 -9999
0.357571924088546 0.355071045634139 0.355002062729492 0.356282206171536 0.361804452007225 0.365994123032341 0.366302358084113 0.365436195896579 0.363778144176578 0.363421123871544 0.364087556152238 0.367721350580494 0.365857243116643 0.359519297389667 0.301383782057509 0.243780503018718 0.222231313223955 0.238272485283299 0.291096317601243 0.297457977394967 0.294201991497021 0.293030165954294 0.29362866430324 0.296309457331232 0.297842788823888 0.2990019388429 0.29972686025886 0.307632970681831 0.325720802116275 0.341180151808454 0.354384785959688 0.34288673024426 0.338299826442419 0.345598654323663 0.352589307632584 0.359360179359554 0.345156300067052 0.328934338177754 0.3084583920962 0.289263143850642 0.270788962320081 0.252943638360613 0.245554370735789 0.265542706485488 0.300286401696228 0.345121005284165 -9999 -9999 -9999 -9999 -9999 -9999 -9999 -9999 -9999 -9999 -9999
0.339699215026926 0.343651186798563 0.346898968075285 0.349756090324783 0.350458971625411 0.35256984735669 0.358539361405726 0.359819916021518 0.357938731347509 0.355314648909501 0.353200046481957 0.352985479147453 0.352816729283725 0.352685262725139 0.334899122891468 0.305107076977664 0.234758299142515 0.225947934806538 0.277353712187373 0.28122570753481 0.275190098950777 0.270873279392968 0.267099942918387 0.263965863439477 0.266199251914434 0.269962453863944 0.273670130201433 0.283877804190249 0.3033013841518 0.322569134094841 0.34027100617462 0.329093452244079 0.323518796758327 0.32757995139439 0.339517343014932 0.354947203457435 0.33894786052558 0.322659041815139 0.305760027373317 0.282020177665938 0.254428756983633 0.248223264790577 0.255458764128296 0.295507972931542 0.324942353122557 0.347117454863022 -9999 -9999 -9999 -9999 -9999 -9999 -9999 -9999 -9999 -9999 -9999
0.3298886715089 0.337313211716162 0.341974444941787 0.345102696928441 0.343713990900712 0.344457764920328 0.351176285502561 0.352769471598238 0.350906673130556 0.34812293328735 0.345161480337082 0.341896129771274 0.340701781897178 0.341192682553709 0.336888832077834 0.323159544427173 0.271684419306585 0.259084619269942 0.284524832802604 0.276811923459377 0.262673020848531 0.252671043050301 0.243377316449879 0.234916650798112 0.241835127674759 0.252803890651281 0.260461942915066 0.272852151874519 0.291951764974542 0.313050243447856 0.333445787697509 0.326350462883451 0.322992898042053 0.326063496361629 0.341215575920667 0.361759709643069 0.343416594918053 0.323733858453948 0.30122728826235 0.270859236258143 0.236064962309694 0.255388437525682 0.279606901216215 0.310418261018856 0.322931794671857 -9999 -9999 -9999 -9999 -9999 -9999 -9999 -9999 -9999 -9999 -9999 -9999
0.323395981409787 0.332815814955985 0.338085342977738 0.341052433902472 0.338826640028004 0.338566137344817 0.34391924353481 0.34506472586984 0.343373030820774 0.341275418115406 0.3382686881492 0.332398092188531 0.329127435819123 0.327972442743361 0.32589690691214 0.323025198808934 0.317300944862933 0.309512306132391 0.299703639915348 0.277199556479146 0.253180140334732 0.236481431581485 0.221356406804909 0.208082384427688 0.221110071132589 0.240847333474256 0.252866017475318 0.267430653594271 0.285605022606708 0.307595968440008 0.329756077670483 0.328355307180759 0.328624230605509 0.331764677346264 0.34924417772215 0.373128769077493 0.352319426391502 0.328018696184957 0.296358352776722 0.258849068617217 0.218046676298088 0.267543322613644 0.306945670013459 0.309405641895668 -9999 -9999 -9999 -9999 -9999 -9999 -9999 -9999 -9999 -9999 -9999 -9999 -9999
0.316142038598126 0.318157513008055 0.323370434014155 0.33035718097485 0.332129446285683 0.333497288536503 0.334364381201732 0.335021204248339 0.335536243659554 0.33309644744611 0.330077650743634 0.326054854575885 0.323630491310796 0.322506829735422 0.317581697342767 0.312382990306156 0.308474705211102 0.300915601421891 0.289784123836065 0.274066745046627 0.256637451293229 0.234786264583945 0.220182778071504 0.214104199134555 0.224532331893774 0.239836293785129 0.256589291481588 0.274917527427823 0.295479186887932 0.313747865081263 0.330628844261004 0.337047542932994 0.34413374432428 0.352367910384623 0.365603404859165 0.381001615170094 0.361761252661934 0.338758747778245 0.307825896426116 0.276668447588485 0.245384544433124 0.282374757838963 0.311186076156455 0.310630398859632 -9999 -9999 -9999 -9999 -9999 -9999 -9999 -9999 -9999 -9999 -9999 -9999 -9999
0.308534141256483 0.305120788563699 0.310953014844346 0.321914348822359 0.325163894509044 0.327044507205778 0.326194932039904 0.326799228368082 0.328383862165692 0.325857973049182 0.323035819009546 0.320490160639669 0.318320820973682 0.316457705218133 0.309846136340455 0.30326080881622 0.299882896746508 0.292332710748513 0.280699900193578 0.27014239212477 0.259064210661221 0.243427758537223 0.230911782814616 0.222066181443994 0.227569332134259 0.23809626986481 0.257315647695218 0.276888439226903 0.296962312084332 0.312922690234048 0.327218893464156 0.338543735756713 0.350049915481985 0.361867957556153 0.371959928413527 0.381163099428716 0.364286158289153 0.342919275113377 0.312087892081881 0.285900215835962 0.262327069187247 0.29170618578445 0.314670404008617 -9999 -9999 -9999 -9999 -9999 -9999 -9999 -9999 -9999 -9999 -9999 -9999 -9999 -9999
