layers/veg/veg_3100.asc
NCOLS 255 
NROWS 330 
XLLCORNER -2985163.8955 
YLLCORNER -3022031.214 
CELLSIZE 25000 
NODATA_value -9999 
[rows 75 to 99 of 330, columns 0 to 56 of 255]
-9999 -9999 -9999 -9999 -9999 -9999 -9999 -9999 -9999 -9999 -9999 -9999 -9999 -9999 -9999 -9999 -9999 -9999 -9999 -9999 -9999 -9999 -9999 -9999 0.684595288711782 0.666961888139445 0.649328487567109 0.663096241559081 0.684423160661847 0.698123777570568 0.702081389868827 0.692792078038054 0.498663180755179 0.255518152743938 0.252938080173915 0.264123102584743 0.297970551092556 0.422164255860803 0.584457061762782 0.64903452795839 0.694947414115866 0.703299157580527 0.723453972894698 0.749964699442778 0.766576903500929 0.780913919836174 0.790388454675635 0.799524644711112 0.808439068228832 0.815301660792242 0.821953518787988 0.828487085667379 0.834443207676046 0.839942203092255 0.847288473086289 0.854842488509854 0.862175278535942
-9999 -9999 -9999 -9999 -9999 -9999 -9999 -9999 -9999 -9999 -9999 -9999 -9999 -9999 -9999 -9999 -9999 -9999 -9999 -9999 -9999 -9999 -9999 -9999 0.675793496323492 0.657829208574705 0.639864920825919 0.660881565454861 0.69037302870107 0.702711813941644 0.711862737890846 0.716679335998167 0.549675666095294 0.333116776918725 0.277475897182378 0.252832180201275 0.279221232055705 0.423902374818056 0.618341041241018 0.675894769054622 0.716076494341716 0.721298297443309 0.737884621544012 0.760590698841783 0.773464201535836 0.785186717592457 0.794847337698011 0.80347714434278 0.811431309130587 0.817738187710459 0.824061613323531 0.83087783174024 0.835742232762614 0.839061503366815 0.845076859646808 0.851605965356103 0.85868580128188
-9999 -9999 -9999 -9999 -9999 -9999 -9999 -9999 -9999 -9999 -9999 -9999 -9999 -9999 -9999 -9999 -9999 -9999 -9999 -9999 -9999 -9999 -9999 -9999 0.662445789304947 0.669652209401125 0.676858629497303 0.68545885378132 0.694772779275034 0.706945538886589 0.714373233638552 0.715349375025256 0.607040983853723 0.460568292544939 0.312058159537856 0.238705534106596 0.289089901659413 0.44196423156505 0.637571038815679 0.687811688062633 0.720332025165503 0.717191491697193 0.73079226929851 0.753408181981143 0.769754054963311 0.782341560301269 0.786065266455245 0.792784913079168 0.801468234858166 0.809408475072069 0.816602247796849 0.821632456682269 0.827239287999702 0.833302594836868 0.837369199649081 0.841984762681727 0.850048918913878
-9999 -9999 -9999 -9999 -9999 -9999 -9999 -9999 -9999 -9999 -9999 -9999 -9999 -9999 -9999 -9999 -9999 -9999 -9999 -9999 -9999 -9999 -9999 -9999 0.701873256133283 0.701872861285819 0.701872466438356 0.700174015235541 0.699378494778127 0.710085457209348 0.71469886978304 0.711027282414055 0.615546078326016 0.48686068034131 0.338516785251235 0.269413334410564 0.330768897052367 0.475723571987815 0.655263554205185 0.697065669934158 0.722715007065555 0.715858023639535 0.727263498370281 0.748503240352582 0.764787255437103 0.77688448772928 0.778940185489894 0.785100977214769 0.793952433559896 0.802485259337058 0.81010810794313 0.814936473147532 0.821439424260957 0.829268039154908 0.832251378996813 0.835665513893696 0.843708310690638
-9999 -9999 -9999 -9999 -9999 -9999 -9999 -9999 -9999 -9999 -9999 -9999 -9999 -9999 -9999 -9999 -9999 -9999 -9999 -9999 -9999 -9999 -9999 -9999 0.701872726949552 0.701873330020987 0.701873933092422 0.702604920997124 0.704240759997715 0.711862931061529 0.712303046919127 0.70297819352842 0.56319092593452 0.387149356361833 0.354856617021033 0.355966877781309 0.412070803478974 0.529035682893291 0.671040983272036 0.703002699884275 0.722765543837477 0.71797902232403 0.728173520883873 0.74643524423005 0.758255170207321 0.768174016009974 0.773879050011321 0.781164171189772 0.789484953111038 0.797313974784421 0.804816252254013 0.811416009228165 0.819006515631282 0.827381335712474 0.830359459728155 0.833459175672589 0.840227939320977
-9999 -9999 -9999 -9999 -9999 -9999 -9999 -9999 -9999 -9999 -9999 -9999 -9999 -9999 -9999 -9999 -9999 -9999 -9999 -9999 -9999 -9999 -9999 -9999 -9999 -9999 0.70187445832308 0.703180212505901 0.704662488748054 -9999 0.665093724770797 0.666960995526525 0.526537484029623 0.34875799326659 0.362088848715369 0.392553784062957 0.451227737945237 0.552213797822214 0.670430686274644 0.699548736104518 0.718704701694238 0.717812679764395 0.729274600830683 0.74738907523845 0.757599734539911 0.766480166198418 0.772692230151667 0.779682576421559 0.787183044192249 0.794411119848601 0.801400823096789 0.807709011778108 0.815406634360247 0.82420418390811 0.827112679046634 0.829971727604394 0.836078854625743
-9999 -9999 -9999 -9999 -9999 -9999 -9999 -9999 -9999 -9999 -9999 -9999 -9999 -9999 -9999 -9999 -9999 -9999 -9999 -9999 -9999 -9999 -9999 -9999 -9999 -9999 -9999 -9999 -9999 -9999 0.660102392797635 0.63078639888008 0.494649264429339 0.333867503689287 0.369957344689151 0.416297182636597 0.479512298135127 0.567169710646514 0.664535468393309 0.693066346154086 0.713323600699208 0.716930775705713 0.730372959121441 0.749111258771214 0.758616927797029 0.766873160827937 0.772772283551239 0.779066211421034 0.785618912475757 0.792288040424665 0.798668579205569 0.804104732539558 0.81157197170252 0.820647093091233 0.823653456548249 0.826454491392736 0.831962187719143
-9999 -9999 -9999 -9999 -9999 -9999 -9999 -9999 -9999 -9999 -9999 -9999 -9999 -9999 -9999 -9999 -9999 -9999 -9999 -9999 -9999 -9999 -9999 -9999 -9999 -9999 -9999 -9999 -9999 0.672526348832276 0.638220323950158 0.557270647858624 0.461601154319527 0.369667029024343 0.416886201473026 0.46992993258807 0.532563036715622 0.594771788602728 0.656334083737297 0.685263536375545 0.707427491217262 0.715976361893985 0.730771876970058 0.748931187320641 0.75794865740154 0.766267013596126 0.773594384414486 0.779624485808087 0.784804298030593 0.791028609569686 0.797081562041964 0.802312975118217 0.809171219356134 0.817317322960615 0.822537971536895 0.827084933480204 0.830552045561332
-9999 -9999 -9999 -9999 -9999 -9999 -9999 -9999 -9999 -9999 -9999 -9999 -9999 -9999 -9999 -9999 -9999 -9999 -9999 -9999 -9999 -9999 -9999 -9999 -9999 -9999 -9999 -9999 0.691126438507836 0.670483282733563 0.617224330912344 0.519619821132754 0.44092997578737 0.377512985362039 0.450603703926692 0.514428957563995 0.562999836679193 0.607972702456176 0.651141536676346 0.677904958852917 0.698772294636821 0.707774175003471 0.725498013770856 0.747918595393639 0.756308356118037 0.764410959127302 0.772954067146534 0.779099415434023 0.783673163330819 0.789798588337977 0.795783809567293 0.800910481845691 0.807074361889662 0.814059333739251 0.820326074167445 0.82570250866205 0.827806008077957
-9999 -9999 -9999 -9999 -9999 -9999 -9999 -9999 -9999 -9999 -9999 -9999 -9999 -9999 -9999 -9999 -9999 -9999 -9999 -9999 -9999 -9999 -9999 -9999 -9999 -9999 -9999 -9999 0.688932016252684 0.647541198646147 0.597560794611347 0.535901693473933 0.438870890805157 0.343323123858342 0.464454330557984 0.545192934992978 0.559430409943508 0.599517536866422 0.650473597871043 0.671214405731416 0.685968057814259 0.688672983806051 0.711693576504252 0.74565408178538 0.753206341185424 0.760675328102843 0.77011460521205 0.776945240631755 0.782066054068828 0.788612792498977 0.794921045475431 0.800093353427767 0.805434493289843 0.81090928669966 0.816465421672371 0.821293189260536 0.823051087486816
-9999 -9999 -9999 -9999 -9999 -9999 -9999 -9999 -9999 -9999 -9999 -9999 -9999 -9999 -9999 -9999 -9999 -9999 -9999 -9999 -9999 -9999 -9999 -9999 -9999 -9999 -9999 0.673593571739556 0.655033236787593 0.610675407708875 0.568496334509053 0.529279572729307 0.446935898412803 0.360972867854237 0.453935660324747 0.516910894796361 0.530515542437704 0.58105323432309 0.647154917575201 0.672553160207762 0.68978446689088 0.690580394586987 0.713721059098684 0.74889428306234 0.756245958047603 0.762810325106578 0.769704266575421 0.775403898510223 0.780320725852279 0.786681769249367 0.792797095404928 0.797748700719716 0.802705879132601 0.807667469414864 0.812877142767938 0.817430105388796 0.819112744920204
-9999 -9999 -9999 -9999 -9999 -9999 -9999 -9999 -9999 -9999 -9999 -9999 -9999 -9999 -9999 -9999 -9999 -9999 -9999 -9999 -9999 -9999 -9999 -9999 0.711371634140916 0.699636938823486 0.687902243506056 0.652784867742513 0.611485331443259 0.571186896493627 0.5379553125668 0.514332062318657 0.458908441389305 0.398563077150437 0.434760804094188 0.467010448812646 0.492760093220176 0.559684677908941 0.64388114459833 0.677058415391075 0.699610370204761 0.700779630694206 0.722040437498901 0.754120468871566 0.761550392463022 0.767172090826627 0.770313557793521 0.774215515625468 0.77861593363456 0.784499729536166 0.790177727632954 0.794807861660351 0.799556731098965 0.804399595855027 0.809382028202882 0.813757626175155 0.815533481780323
-9999 -9999 -9999 -9999 -9999 -9999 -9999 -9999 -9999 -9999 -9999 -9999 -9999 -9999 -9999 -9999 -9999 -9999 -9999 -9999 -9999 -9999 -9999 -9999 0.714922303002282 0.696491862232882 0.678061421463482 0.662338022405421 0.645163358643589 0.609551564511934 0.56798395423111 0.518318611494139 0.468701942551059 0.423152198513601 0.441222533657188 0.461684767680746 0.486084949947611 0.566559878932363 0.670235279325881 0.681671364099196 0.694827012585373 0.711443161005448 0.731886160667853 0.754389905796502 0.762658997929178 0.769206973659012 0.77263308127257 0.77606292268884 0.779495211408619 0.783474270321925 0.78759459340817 0.792015767087616 0.796633285134773 0.80140623660304 0.805502833931019 0.809417375972487 0.812973129604449
-9999 -9999 -9999 -9999 -9999 -9999 -9999 -9999 -9999 -9999 -9999 -9999 -9999 -9999 -9999 -9999 -9999 -9999 -9999 -9999 -9999 -9999 -9999 -9999 0.720588842848535 0.695929682535872 0.671270522223209 0.670622456480271 0.671012485459611 0.625478114190716 0.573938532155374 0.514234059043563 0.45893009324721 0.410178701110142 0.440301624907651 0.467763805841522 0.490845422122976 0.577017294511004 0.689100968327112 0.683865787306508 0.68980268464639 0.718222596799156 0.73868499697418 0.754862305910401 0.763916007009645 0.770986900399315 0.77369622408729 0.776133399265375 0.778392195976757 0.78060349637794 0.783164785826443 0.78684633441571 0.791174613107897 0.796014867129986 0.799884332926504 0.803871505504258 0.80891632610107
-9999 -9999 -9999 -9999 -9999 -9999 -9999 -9999 -9999 -9999 -9999 -9999 -9999 -9999 -9999 -9999 -9999 -9999 -9999 -9999 -9999 -9999 -9999 -9999 0.730125357468969 0.700091678317384 0.670057999165798 0.676586372571588 0.682542380520367 0.600364849734192 0.535861115666249 0.495387283415961 0.41337278571329 0.328502344166902 0.425877707590726 0.494702327536275 0.516521887582819 0.594026659647732 0.694270124663699 0.681636673943916 0.684337616669465 0.717897937914713 0.739911009898381 0.755705930180678 0.765444449579153 0.772300506814826 0.772461418911585 0.772953830726374 0.773663522479379 0.774357601027431 0.775357371879033 0.777328697841388 0.781078956605359 0.786237483986895 0.791084601484027 0.796120528936322 0.802122480060787
-9999 -9999 -9999 -9999 -9999 -9999 -9999 -9999 -9999 -9999 -9999 -9999 -9999 -9999 -9999 -9999 -9999 -9999 -9999 -9999 -9999 -9999 -9999 -9999 0.725464892301478 0.708361807758147 0.691258723214815 0.695595977721485 0.69850892220727 0.640535110499433 0.59763202579505 0.575219619804885 0.466649117533874 0.342634194770681 0.447046381947778 0.523094105624198 0.552443454987984 0.58229586719853 0.612233047472104 0.63261014764095 0.654256677647565 0.678457845110666 0.700965392311174 0.722560931164174 0.741146264243663 0.755491841556409 0.759503197230459 0.76293534001794 0.765987840430593 0.766339890478205 0.766693037338817 0.767771664480559 0.769731361845097 0.772388546795175 0.776829945691412 0.781578378115565 0.786554533130868
-9999 -9999 -9999 -9999 -9999 -9999 -9999 -9999 -9999 -9999 -9999 -9999 -9999 -9999 -9999 -9999 -9999 -9999 -9999 -9999 -9999 -9999 -9999 -9999 0.713859416319241 0.718641592288804 0.723423768258367 0.7209873945631 0.716645824017245 0.712641374235926 0.708247670406444 0.703324723386685 0.568273809669918 0.403634396777028 0.485626571837937 0.552196801211331 0.593376816793884 0.556505696752495 0.487535612654183 0.560690826967062 0.61213391753586 0.619882899989208 0.642368242319513 0.672789060810862 0.704213968499617 0.729817954635124 0.740810005461878 0.74957132165944 0.756870513287822 0.757455426865958 0.757609506400963 0.758195358632731 0.757771332266362 0.756547848868217 0.759906799193644 0.763714057415354 0.766694389798722
-9999 -9999 -9999 -9999 -9999 -9999 -9999 -9999 -9999 -9999 -9999 -9999 -9999 -9999 -9999 -9999 -9999 -9999 -9999 -9999 -9999 -9999 -9999 -9999 -9999 -9999 -9999 0.729862444911945 0.73450408458061 0.724313593346888 0.718393057004925 0.718278098176986 0.606670036194469 0.465640417303132 0.471985250936464 0.485839334861781 0.512056415920252 0.528552842926698 0.541149016896475 0.578341514964747 0.599995121904767 0.590377813251507 0.62023134656065 0.671339784613182 0.684974323042426 0.69761300629576 0.710856847848772 0.723510912084945 0.735778409539928 0.741027176221621 0.744539859567052 0.744435180437478 0.745805322004277 0.748342985863851 0.749482025011571 0.751014625939197 0.755000340081779
-9999 -9999 -9999 -9999 -9999 -9999 -9999 -9999 -9999 -9999 -9999 -9999 -9999 -9999 -9999 -9999 -9999 -9999 -9999 -9999 -9999 -9999 -9999 -9999 -9999 -9999 -9999 0.755230943945423 0.749373152799577 0.735864125414778 0.729343649952341 0.732325050018932 0.64143999597636 0.522736151793087 0.480216649661348 0.462944780070734 0.487239830823426 0.528896467592478 0.577559868689296 0.585174760299926 0.584139698199475 0.565697218146711 0.600475092510378 0.663911934032845 0.667125114508553 0.67206125533971 0.686265153588787 0.700697180072051 0.715278732138396 0.7233476688652 0.729025483628712 0.728877710759699 0.732298652958662 0.738544721227987 0.738276871565107 0.73814148877388 0.742375396901986
-9999 -9999 -9999 -9999 -9999 -9999 -9999 -9999 -9999 -9999 -9999 -9999 -9999 -9999 -9999 -9999 -9999 -9999 -9999 -9999 -9999 -9999 -9999 -9999 -9999 -9999 0.759132482502219 0.758819634770127 0.757519020185358 0.748579825588056 0.744499602733623 0.747025804960195 0.669551494337146 0.568752968118759 0.538935624877571 0.540175387001129 0.592546605616193 0.592997986831441 0.570994908327496 0.565520773026393 0.559202680504216 0.55118618397066 0.585210351788874 0.641873264354333 0.65198500093961 0.661643968993729 0.674012338274524 0.685495326527109 0.696397995929801 0.703030737649918 0.70810199281225 0.709373469684762 0.715323503356124 0.724977254621166 0.725160032870992 0.724754279476453 0.727460188471624
-9999 -9999 -9999 -9999 -9999 -9999 -9999 -9999 -9999 -9999 -9999 -9999 -9999 -9999 -9999 -9999 -9999 -9999 -9999 -9999 -9999 -9999 -9999 -9999 -9999 -9999 0.759132482502219 0.752367862764428 0.744093000447529 0.738460362427577 0.737228431316876 0.741979852659725 0.693517624977118 0.626463469456814 0.558280892931572 0.535404823834613 0.58711998550899 0.57117408854271 0.526282144541659 0.525314119650761 0.526749059930922 0.533019797078284 0.574737700155102 0.635543773075658 0.648784151666523 0.660128783710816 0.670664796482493 0.680121428647261 0.688870585846515 0.68830519588388 0.687719679310232 0.689560866707313 0.695368968966478 0.704317426894927 0.70273285670581 0.701685725796243 0.709044953878049
-9999 -9999 -9999 -9999 -9999 -9999 -9999 -9999 -9999 -9999 -9999 -9999 -9999 -9999 -9999 -9999 -9999 -9999 -9999 -9999 -9999 -9999 -9999 -9999 -9999 -9999 -9999 0.739906914502794 0.717756293813239 0.714674146685725 0.71653471708551 0.725115576214816 0.715002769859681 0.691172593817306 0.554061157042638 0.481556893157403 0.515419877952886 0.497924176582065 0.458738075225003 0.47280677902365 0.489796783040392 0.512665696420016 0.567133094392196 0.638616161315394 0.652728903620376 0.663941469785997 0.672647024752491 0.680629522347345 0.68813809537306 0.676926078011203 0.667661258234604 0.669563710382661 0.673631284873238 0.679412849822245 0.674733481349126 0.672822926793557 0.688534967830244
-9999 -9999 -9999 -9999 -9999 -9999 -9999 -9999 -9999 -9999 -9999 -9999 -9999 -9999 -9999 -9999 -9999 -9999 -9999 -9999 -9999 -9999 -9999 -9999 -9999 -9999 -9999 -9999 0.716271307450298 0.713332968895613 0.715367908954984 0.724164689648425 0.70734081879374 0.676672380453383 0.568595435100688 0.494301027963579 0.475625145561992 0.44964472289394 0.421459029562987 0.463113584195127 0.491446236746786 0.492969506823061 0.543935612116256 0.621526504227522 0.658188731124634 0.683671821694385 0.68462737627267 0.679181812189033 0.669540664846252 0.669719627326014 0.669944312819877 0.667688125209966 0.66803434785599 0.670440734151891 0.663659175211744 0.658084014276627 0.662902149095643
-9999 -9999 -9999 -9999 -9999 -9999 -9999 -9999 -9999 -9999 -9999 -9999 -9999 -9999 -9999 -9999 -9999 -9999 -9999 -9999 -9999 -9999 -9999 -9999 -9999 -9999 -9999 -9999 -9999 -9999 -9999 -9999 -9999 0.662914775254586 0.588006885061808 0.522572705621729 0.472735750181625 0.436014819271952 0.406137620429877 0.45499160641154 0.486900240778991 0.484707557642319 0.5315910213293 0.604901811469133 0.65930962450287 0.696025363153455 0.690140494023302 0.674073296251636 0.65133213884201 0.659203896661853 0.666038004652007 0.661403549687038 0.660039901321744 0.661265543729134 0.653522510024438 0.64511764783245 0.639225783135084
-9999 -9999 -9999 -9999 -9999 -9999 -9999 -9999 -9999 -9999 -9999 -9999 -9999 -9999 -9999 -9999 -9999 -9999 -9999 -9999 -9999 -9999 -9999 -9999 -9999 -9999 -9999 -9999 -9999 -9999 -9999 -9999 -9999 0.664609559172714 0.618019339547427 0.583434083109755 0.568613426292704 0.515955545518299 0.447677363514766 0.444084042704163 0.458361388227286 0.508602181457537 0.552502735558282 0.592989093962965 0.64793053169818 0.684877358969262 0.675717086467446 0.658963757555146 0.637233595366644 0.638645732992539 0.640897916814456 0.639621004072456 0.642557917152098 0.648830649695586 0.64317787030132 0.63477176735321 0.621934383951534
