layers/veg/veg_5700.asc
NCOLS 255 
NROWS 330 
XLLCORNER -2985163.8955 
YLLCORNER -3022031.214 
CELLSIZE 25000 
NODATA_value -9999 
[rows 125 to 149 of 330, columns 57 to 113 of 255]
0.0628002097440369 0.0887148022038337 0.116447172687439 0.13310145705231 0.135710696538737 0.166451386784439 0.204190193228022 0.218732573899902 0.218969579744649 0.197298886638604 0.184342831205504 0.175319512815469 0.179570814910342 0.181530886309004 0.179219224045372 0.191484786908682 0.211023367626139 0.280298070605946 0.338661419005522 0.37022778817279 0.455323907236704 0.573058434950464 0.608457352280463 0.637896848218479 0.665505641391437 0.693661316424548 0.722220702549663 0.724653794398622 0.721236964866666 0.707632465180229 0.679260314112333 0.637760099756243 0.58541415538284 0.531729768137709 0.481144818968749 0.436168984002057 0.397185827957796 0.366419220463725 0.339735458451883 0.328137500922031 0.318143943806445 0.310212756653592 0.303873404024221 0.298378619318896 0.297032476570888 0.294025621227987 0.288438998377905 0.279935524777958 0.270336108106906 0.264157542885097 0.25665977253896 0.246665331878509 0.236517356352239 0.226291598672531 0.225530166902235 0.223463513948958 0.217937928812756
0.0609247350826652 0.0697468400000905 0.0937387249651462 0.115360112287015 0.133976129780018 0.151438557966663 0.170270133634609 0.20990313502331 0.2176961985732 0.176728584320956 0.165301300910241 0.16578737554913 0.167089280326934 0.166443903804999 0.162168047344135 0.157582285930442 0.152841903576521 0.211569995522252 0.253385212326741 0.25413575953049 0.328558944581502 0.447902153824924 0.509107661538785 0.561058626518387 0.597148345491082 0.642881675583708 0.695733970593224 0.712942981826331 0.722254844232292 0.71798035110941 0.697331260649702 0.662125573165605 0.611102884986042 0.557978846703756 0.508621197504172 0.464082456098009 0.424692150990593 0.393587675762916 0.366113810116634 0.350267948465683 0.335769063059212 0.323001642767326 0.312432585739542 0.302997261291852 0.298880552192645 0.292620983529495 0.283032675448991 0.272394623556492 0.261419168398795 0.253677049122607 0.245174671011531 0.235233460053875 0.225825255875191 0.216687077757657 0.210855306811112 0.2042686070926 0.195775302341418
0.0780775274985226 0.0757614042720146 0.0895508331283755 0.113577426696844 0.150582926212472 0.1301728942591 0.100381464803734 0.176683379667425 0.192118579059274 0.114340584473747 0.109324017829871 0.132814611544889 0.132231522685177 0.13223499675944 0.13333204933466 0.126861658524186 0.116615641668624 0.136546521043387 0.146918605112604 0.13427880895963 0.167144135724931 0.227755058169935 0.35397457011906 0.461172003478117 0.501205843218827 0.56097742500492 0.635319512736583 0.676339797582091 0.706962085417169 0.713632450745772 0.703865764668417 0.67948696150116 0.631811850571345 0.580797623959777 0.53409938858245 0.489868224652903 0.448272836450522 0.417209509439904 0.389768208403333 0.369793585437475 0.351207161086355 0.334405190977384 0.320668842953973 0.308347258509193 0.301350359842715 0.292321618217769 0.280136591477581 0.267970261262566 0.255806614529139 0.243468585548787 0.232767084258456 0.225162804186325 0.217636754937755 0.210150338132861 0.199548645868277 0.188267066237472 0.175532654905997
0.129825906142107 0.0893433981907799 0.092805127477002 0.103809870392136 0.124377814369375 0.105940922815854 0.0807943989330426 0.1236890035211 0.133652153959254 0.0931830443380961 0.100201989667318 0.12500997094585 0.108665220561773 0.099202466313899 0.102570394985648 0.106177916018275 0.109904976915535 0.125120064654578 0.131550846373505 0.117396224007801 0.122708183953159 0.139889399213757 0.196914167158694 0.255990744142595 0.313551229693886 0.412178660691604 0.541121928800669 0.601900175885659 0.648597486620496 0.673124348644202 0.675983208623925 0.659579770570306 0.628684088310937 0.593355141207121 0.548826202570724 0.506547119922653 0.46667174382673 0.435425825455877 0.407207887965352 0.385551757160015 0.364851399618256 0.345379636916326 0.328971350844019 0.313771676732373 0.301310826202815 0.287545884540068 0.271755154705336 0.257280058257012 0.243406840839465 0.231767810130507 0.221609925657086 0.214255194210613 0.20706280058209 0.199952648762274 0.188752285356285 0.177756891388333 0.167417614395126
0.186892251728598 0.106736752072757 0.100958586210955 0.0969262697042953 0.0951073799828368 0.0843010468141186 0.0717903446452139 0.0730596810049919 0.0738379580354922 0.0738642114327221 0.0900536641409604 0.111234489034631 0.0852667139518083 0.0706659459626479 0.0772576431939528 0.090307243076641 0.106578885623474 0.121759007024506 0.128743374955247 0.11693014108128 0.103122054857077 0.0880976579583637 0.0668670274686967 0.0674208532287982 0.132021584856778 0.263817819701001 0.445218131692278 0.528668841709321 0.593077252474317 0.630072829912183 0.641294828390904 0.629604776266659 0.615602658887832 0.596347350926218 0.552692865663726 0.513113226141546 0.477887080112199 0.448042994519489 0.420319767672747 0.398400674077589 0.376712559961184 0.355321357472797 0.336079389806904 0.317560941282749 0.299398236698008 0.280915376433768 0.261935183144083 0.245940287379118 0.231286694085093 0.220845178427079 0.211451357119239 0.204040356628507 0.196728512130208 0.189466900955633 0.178657671690224 0.168912681183157 0.161807179403072
0.241553421102823 0.13618097889259 0.1264295009114 0.110124439134023 0.0855105975236022 0.0773439608193517 0.0728285778450246 0.0494746613244978 0.0339203316539022 0.0303105335117472 0.0375658325061095 0.0489766940723485 0.0536365562742428 0.0625422378627991 0.0793637568343007 0.089270419685876 0.0957270519876639 0.105852101731348 0.112747861480913 0.112095201247979 0.108022532832233 0.101864601084006 0.0666582630422955 0.0419382924470101 0.0529144549420916 0.171025324933524 0.368223604668345 0.491429967075033 0.585506091288199 0.603855047079592 0.6018024182862 0.581613304097113 0.574306801874026 0.562114750442426 0.513576859526374 0.478931262042463 0.459127946429259 0.438389688724521 0.417846365164964 0.400444764041026 0.381539494360458 0.360701340072329 0.337461421594187 0.31352466916716 0.290596174647621 0.26905504541509 0.249669063255581 0.236525576308482 0.225921634400032 0.214811521221856 0.205035676196981 0.197785009120742 0.189439892200783 0.180540317078634 0.171487914625559 0.163589970875094 0.158395001572454
0.295288370943592 0.197640305887721 0.167486342848011 0.134149031765752 0.0967758009729836 0.0817899677294814 0.0717004848100466 0.035086236247983 0.0188700618982352 0.0338921371168763 0.0292417364690719 0.0174136447257917 0.0286058158874663 0.0433333788861722 0.0646522695694346 0.0744502715230891 0.0785001541538689 0.0870370672369143 0.0958038410566769 0.104943645254778 0.108307193020928 0.108148814787865 0.0668961552255067 0.0303227119910181 0.014930243947735 0.119173314231626 0.311731973932462 0.45208436315712 0.559524944181426 0.567422364575436 0.562377564300669 0.545827461819026 0.52590425933173 0.502628749263311 0.465506608896593 0.443390836535316 0.437307603716932 0.429325048209083 0.420113007723891 0.405309134391197 0.387506881000916 0.365850372206163 0.340609264251696 0.314217148802875 0.287932905020901 0.263505715158405 0.241963291374814 0.22754150872339 0.216094715440666 0.206816735749416 0.198402670578692 0.191623612502563 0.183782807841439 0.175404112745157 0.167549486903072 0.160887065322931 0.156986419606448
0.348066819093932 0.292161446341549 0.22463868397224 0.169354010601789 0.129585059656052 0.0980118843949948 0.0683352388855542 0.0301950825711255 0.0295001711348385 0.086150080218254 0.066525281200896 0.0175488861280569 0.0103902565311871 0.0126769470941295 0.0325733406627643 0.0453961615748312 0.0546897634636744 0.0652188241115569 0.0778803028526985 0.095399732813696 0.103825124204255 0.106705656003419 0.0675953071713375 0.0330274839392529 0.0194134394826917 0.109600310613058 0.276413568603555 0.410563151785169 0.514531908404833 0.520440812769251 0.523022475138548 0.522646304717862 0.470162682709703 0.417063703557865 0.40818936046105 0.406447535590692 0.412325967698213 0.420868319009083 0.427274668100136 0.413085992396781 0.39465200624129 0.370760903096107 0.345580649839729 0.319792983712761 0.291609131721277 0.264473719808943 0.238966965171648 0.21900216423797 0.201660059563461 0.196796704171723 0.191545234972029 0.18555923843839 0.179810601067169 0.17418221199716 0.166948034774908 0.16088961737245 0.157646939794104
0.355033283391297 0.329525879437865 0.293122804558413 0.24481473644687 0.181413252159446 0.137027385388861 0.102242947570661 0.110162560730813 0.103173288119361 0.0733520809991718 0.0417116678128536 0.0110295276471594 0.0330295968357527 0.0450274354708198 0.0383772763184239 0.0349362006593516 0.0330962336707662 0.0377741763143059 0.0460867896155017 0.0625270590947263 0.0795207465954489 0.0968518667121415 0.0747704249880543 0.054046664095706 0.044601155729353 0.0980287855438411 0.197869699693195 0.296867334852249 0.38277796123851 0.420233362387595 0.456505521147587 0.491725807773815 0.4615060806425 0.422987808270131 0.402046931354985 0.402145381627771 0.424721878885284 0.434040516419652 0.437321045421433 0.420309825851818 0.39981210835741 0.374832686338818 0.349281833603502 0.323348025374631 0.294920906854219 0.266774975064042 0.239065841544887 0.215115054456643 0.193150232335253 0.186929579221479 0.182154075255095 0.180113597790282 0.177107935560607 0.173613301988318 0.167102038785724 0.16122935324289 0.156978956225155
0.35173665182322 0.350742598962359 0.358148748520209 0.325374120233893 0.241657404837626 0.189603000430398 0.155057056125921 0.209851997874595 0.193070352872314 0.0666740816603789 0.0247910082505551 0.0186444804232776 0.0663541243588697 0.0860099675423353 0.0533627557666098 0.0314136989765663 0.0148022747976487 0.0132604493769548 0.0160842581684682 0.0284197608584386 0.0527170540659586 0.0843077459508388 0.0808889731954607 0.0753711198836085 0.0703303040310187 0.0854912712777989 0.115565302039326 0.170985663235813 0.231172985998847 0.29785467481209 0.371978333149611 0.452717711507867 0.456264060008931 0.441897564870873 0.407285239615706 0.406049506910742 0.440472738431778 0.447802898031502 0.446045245981906 0.426771562856234 0.404658651361656 0.378896065351105 0.352860117152595 0.32658365185404 0.298393033978131 0.26986452486157 0.240811132121993 0.213917733036939 0.188379260157222 0.179388675566427 0.17365868066997 0.174099536194644 0.173412141219302 0.172153164323191 0.166947150767081 0.161652155690225 0.156320518141991
0.35173665182322 0.353299979439356 0.381510628696947 0.376336749681263 0.32883722047489 0.29812315422719 0.277095621616135 0.308280753226885 0.292739908877038 0.205641441822672 0.160864565234738 0.133172591774723 0.107178473672151 0.085108554495687 0.0703548486878332 0.0454344847101434 0.0154416679341801 0.0177022334154359 0.0204452490913539 0.0231811942095636 0.0405641381293816 0.0668777184393136 0.0694620364756474 0.069509147160677 0.0666623310420635 0.0695672651073675 0.0767181716886517 0.0774299805138586 0.0829892940205132 0.10950463299547 0.208173914941085 0.370986201440619 0.399040882256907 0.403065269116641 0.408270349554673 0.41369310486737 0.419348420186212 0.431023071921829 0.441153424406615 0.428925811344264 0.410541318925014 0.384242491071214 0.357630981268182 0.330872672451686 0.303539820663497 0.276193239478992 0.248825330913329 0.223608425245869 0.199608706965629 0.187449054398818 0.175313825308267 0.16322481902797 0.160922718232679 0.163578752386527 0.163480972693403 0.162101976484916 0.157850011545202
-9999 -9999 0.416666259058075 0.4045680254378 0.377131381163781 0.361960513013469 0.352063532983871 0.358692480210784 0.342485656808351 0.291307419213529 0.260154160694745 0.235556147623696 0.164117248373773 0.111864153881872 0.0953807652334518 0.0586804209641105 0.0118932269749498 0.0295769453785714 0.0374571700517657 0.0205767240414437 0.0266660483871636 0.0467606081939324 0.0508035243074405 0.0540467588886688 0.0579785019457404 0.0577691031404181 0.0545026914311514 0.0295171949578502 0.00914900150453828 0.0156854756553752 0.118134731973854 0.305847991478685 0.345805491550636 0.358446706266713 0.367498862339115 0.373461498366005 0.37612334553577 0.404639321824517 0.434852276719635 0.430396963959613 0.41648141166034 0.390405233065714 0.364033170948197 0.337534557110435 0.310647837130517 0.283753039917559 0.256845695450244 0.233312766641609 0.211368502152338 0.196732384786701 0.181767899738889 0.166181960279514 0.162479194359992 0.164796551770045 0.166176532557045 0.166358737654231 0.163784079355294
-9999 -9999 -9999 0.404568025437799 0.377131381163781 0.370303934893415 0.368571898358613 0.349469308749363 0.330228375280612 0.310775577693494 0.313759800182271 0.322856734812112 0.241069384047375 0.17296846629293 0.130384314136758 0.0709640304853104 0.00314369237263579 0.0506830054071769 0.0701809531090698 0.0212436782296968 0.0106005345829986 0.0233062671495467 0.0231637344109241 0.02666110452219 0.0430652146812784 0.0510950462761042 0.0529429409842336 0.0382907481806334 0.0276397262894216 0.039269245719571 0.119708513446248 0.26131788244006 0.297522745428504 0.306641870913996 0.274867638789446 0.273771132068064 0.305450167398832 0.366327948316497 0.426800812063805 0.431019743521069 0.422492823767458 0.397581801608352 0.372461390511183 0.347143427705564 0.320191609054115 0.292841791239098 0.264873717554149 0.243034059687566 0.223786965164929 0.207534563680906 0.194182020022744 0.186317621320998 0.181480018788214 0.178175818605358 0.176524682108653 0.17534354031929 0.175188422115223
-9999 -9999 -9999 -9999 -9999 -9999 0.372466767917733 0.347293257459719 0.344948867121738 0.377565706177938 0.37566610664255 0.358838223089939 0.309637670970001 0.257490629973625 0.199850202501647 0.134131530483735 0.0643823782954825 0.106947871642085 0.112948107862438 0.0310289791855437 0.0037165137672448 0.00969907763415033 0.00985220797873135 0.0154494740679752 0.0378514920805376 0.0495647151558444 0.0533874130724899 0.0464546419487237 0.0413379611151731 0.0477893770919968 0.107799190681816 0.215421045977907 0.262238793421609 0.279854732150234 0.205392845373493 0.171180400765791 0.179969751990405 0.255883859633538 0.343520287320719 0.395044827889291 0.415553640930697 0.396193413640568 0.374998686409184 0.3529979400023 0.328321706653278 0.301902474925789 0.272775652134276 0.250500213286652 0.231108340818173 0.214543264004434 0.203750876794283 0.203883631172233 0.199879690623591 0.193780062963134 0.193102584247088 0.191375406531547 0.186961401024519
-9999 -9999 -9999 -9999 -9999 -9999 -9999 -9999 -9999 0.477013419302702 0.434842976803925 0.377286381524857 0.3690808963906 0.341970612675261 0.279614526513569 0.215204763491844 0.149770359062745 0.170979852577612 0.153287162791918 0.0431925170589147 0.000959091432792194 0.000102325282977337 0.00163412093416469 0.0092670423168459 0.0340669272569354 0.0486247661811823 0.0556218723718921 0.0538525975135419 0.0516881094233487 0.0519546038218963 0.0923605753087324 0.168449512350383 0.224828735570356 0.251494816021458 0.146178015745237 0.0795508641630485 0.0542590525087413 0.1338033826962 0.238480909752817 0.337036111537643 0.389238757374666 0.381857699397748 0.369043994176719 0.354060773300803 0.333890738469441 0.309935505751826 0.280100308887956 0.25667284269198 0.235997461039374 0.219905704368491 0.21216606209338 0.220233268722311 0.217646057981417 0.209661222914327 0.211295970057077 0.209455105257712 0.199079424074905
-9999 -9999 -9999 -9999 -9999 -9999 -9999 -9999 -9999 -9999 0.434842976803925 0.376875144437934 0.355441477467792 0.345127056488864 0.355543178915509 0.320803871151784 0.263535155553145 0.200468523746973 0.131801810249928 0.0504656522187038 0.0126419108725986 0.00134876307219939 0.000897036099485851 0.00347470124516717 0.0127734816041049 0.0365268546755568 0.0709506848121699 0.0547913923573015 0.0411492951945872 0.0594354216401854 0.0840119131472982 0.114180377846377 0.118767084750866 0.11917397330422 0.121731865090943 0.120493623655539 0.115199660277839 0.1306585820284 0.149886960576793 0.15902087729637 0.1909945158931 0.25232738173619 0.288478121646286 0.314509417533474 0.315704973280964 0.306575119827184 0.281405672744921 0.256168447207208 0.231289292701654 0.219958367159607 0.217505382351872 0.23185440253551 0.230406889240735 0.220956709032034 0.226043598863291 0.226101368415185 0.213782686980185
-9999 -9999 -9999 -9999 -9999 -9999 -9999 -9999 -9999 -9999 -9999 -9999 0.328143666826711 0.347020539471601 0.401091149896511 0.382709137837445 0.328178324321526 0.23382633685299 0.15022759898859 0.0927194704439234 0.0471683542537457 0.00890772337707243 0.00701645735580132 0.00769229039330417 0.00898826634377257 0.0345794584254594 0.0781055080138913 0.0604270285648208 0.0458271996044217 0.0699826036493603 0.0835622700584497 0.0877403769766988 0.0620436734189072 0.044879184439276 0.0978896477910519 0.133211176547081 0.149634158814368 0.13262179089561 0.104979589632866 0.0600330859177209 0.067863864969433 0.143536986696408 0.205271389126665 0.259640777463147 0.278065026767741 0.283146937491549 0.267502726400917 0.248535210340689 0.228619730926835 0.22316137716028 0.225473038100678 0.242489891359465 0.242724770424994 0.234457749386283 0.237432761012005 0.236565532676598 0.226236828547952
-9999 -9999 -9999 -9999 -9999 -9999 -9999 -9999 -9999 -9999 -9999 -9999 -9999 0.347020539471601 0.401091149896511 0.379106795487935 0.319176322232084 0.272984927176951 0.228489817321521 0.187417771894649 0.115942901091321 0.0259306778687785 0.0234154354178582 0.0269171798997467 0.0314521124128079 0.047850133419227 0.0730055493205568 0.0731043631192195 0.0733186363828604 0.085127005360375 0.0949551622475804 0.103022961378896 0.0792901862402287 0.0575794494504064 0.0749528722921412 0.10361233523468 0.144329604845242 0.142243138395322 0.125568939121397 0.0795264972591919 0.0573466079195495 0.065840739303816 0.118105370359121 0.181807832831179 0.211258569004775 0.229632286853375 0.230798853964901 0.230214120364984 0.229006532216495 0.23108751766921 0.237381202851982 0.251647660551471 0.254378562582238 0.251265447644979 0.243786771389862 0.237761239222467 0.23531899461608
-9999 -9999 -9999 -9999 -9999 -9999 -9999 -9999 -9999 -9999 -9999 -9999 -9999 -9999 -9999 -9999 0.315727741055962 0.312283474707692 0.304784967089421 0.288088217023313 0.231786546225965 0.151336778531718 0.0812409337666686 0.030497528593959 0.0336881969636664 0.0419980111879069 0.0540868060543211 0.0630902570936911 0.0713026629454176 0.0779380710063401 0.0876734883068758 0.100164734306261 0.0824136259828833 0.0619370691642526 0.0551811213412942 0.0638095978720376 0.0888745226963294 0.106173261981537 0.118371925990148 0.10716969305343 0.100641703710602 0.10012220171346 0.132134256731941 0.172715481120405 0.18869849306895 0.192648125607705 0.177904986562489 0.196694876237945 0.228510207809848 0.235963097537671 0.245835233076224 0.260285928148316 0.263473564308324 0.260955232824955 0.25162158980284 0.244623740276876 0.243376933803222
-9999 -9999 -9999 -9999 -9999 -9999 -9999 -9999 -9999 -9999 -9999 -9999 -9999 -9999 -9999 -9999 -9999 0.374604674332778 0.377647049898136 0.38768136962931 0.36209173030622 0.314781284598208 0.154230535666505 0.0293725443890321 0.0286971158909839 0.0291405435206165 0.0304099166825762 0.0449442651570606 0.0585754295657478 0.0629267379259563 0.073780150766262 0.0904137677105422 0.080208152179752 0.0633919745405009 0.0376073043251533 0.0220040802825437 0.0172785341903275 0.054411586090312 0.10058404900095 0.136977311409782 0.16291969220649 0.175428029899457 0.183524745416184 0.189226024386545 0.182740087594629 0.162503276398674 0.120905719766115 0.158701950085961 0.227387577327952 0.240147014258211 0.253709545090163 0.268791976555449 0.271444802195716 0.267800676962239 0.260029921436822 0.253698652996731 0.250908412518946
-9999 -9999 -9999 -9999 -9999 -9999 -9999 -9999 -9999 -9999 -9999 -9999 -9999 -9999 -9999 -9999 -9999 -9999 0.379611577529799 0.396125274298212 0.385516212727505 0.358369736502472 0.198058851577449 0.0664709677055518 0.0426652101926716 0.0295981520124551 0.0244584586804823 0.0474145711859039 0.0690137896832269 0.0730327730340001 0.0790037276581148 0.0867099346762114 0.0837031126854681 0.0747451028503851 0.0454974590975939 0.0335354700668329 0.0400411704033647 0.0623455406165786 0.0911734258109298 0.139233278769643 0.168267548108878 0.172845458654286 0.172190674069648 0.169084879213963 0.156435333124197 0.141726062030242 0.123817193573158 0.160436618536199 0.218812822536774 0.257801150391809 0.282256530389258 0.279207484557546 0.276231783027895 0.273293238385875 0.268234211584721 0.262463681767094 0.255123334949825
-9999 -9999 -9999 -9999 -9999 -9999 -9999 -9999 -9999 -9999 -9999 -9999 -9999 -9999 -9999 -9999 -9999 -9999 -9999 0.409418243021469 0.401721725037114 0.389332450228017 0.232280527114829 0.0976146574499204 0.054584070627648 0.0326279154955017 0.0262290176998056 0.0527376095195935 0.0771453330219311 0.079053151084535 0.0802206834473342 0.0807301208113186 0.0817867159022566 0.0778837882177066 0.0484660544005785 0.0379442464378529 0.04761051318784 0.0596959732293339 0.0771381798646224 0.129627275860166 0.161578750276582 0.167130222876667 0.162545444518515 0.154138184223699 0.138890298113632 0.128984088786388 0.127375693446089 0.169378983313043 0.228790492258002 0.272947197620179 0.298322051413427 0.288151188778454 0.282360165030158 0.278788007325772 0.275824605999888 0.270723242980987 0.260602068672182
-9999 -9999 -9999 -9999 -9999 -9999 -9999 -9999 -9999 -9999 -9999 -9999 -9999 -9999 -9999 -9999 -9999 -9999 -9999 -9999 0.404765336294171 0.39727543758637 0.248987010306445 0.117901450315854 0.0627666898855666 0.0403473298515106 0.0420786520428568 0.0632618579628914 0.0810710002150204 0.0776244036928377 0.07413261515526 0.0706006520751702 0.0700041265604028 0.0660455885807549 0.0424614751704721 0.02936680295607 0.0274788651556745 0.0377501258938095 0.0546711457017127 0.0983940773039229 0.132944267255267 0.155703393898205 0.155979375603962 0.148662208500096 0.137316317006229 0.130892272972063 0.132113875867345 0.191462694348434 0.272593648432249 0.283520401701819 0.291630891742681 0.29441144433049 0.290934240697763 0.284286801093331 0.282295722351038 0.278061216508462 0.268385031240234
-9999 -9999 -9999 -9999 -9999 -9999 -9999 -9999 -9999 -9999 -9999 -9999 -9999 -9999 -9999 -9999 -9999 -9999 -9999 -9999 0.374879990682947 0.378055110145289 0.260696001465274 0.149617588756385 0.0791758589960228 0.0430831697077196 0.0323471244201339 0.0531178047383789 0.0729074282107804 0.0749995171256536 0.0724437465463275 0.0657561480941486 0.0645633981761177 0.0605213315706274 0.0371152425170093 0.0212406980584573 0.0134127233292154 0.0212557926272464 0.0368016414782183 0.0804993700127897 0.113202793798223 0.131773633426904 0.131323843840283 0.126263127766857 0.140610294195501 0.155641696874612 0.171735998969082 0.218570400572123 0.276663577904175 0.28848086068546 0.297137975098237 0.299814292129023 0.297213704218086 0.291939788475903 0.29041370299369 0.286889099992304 0.278534229607812
-9999 -9999 -9999 -9999 -9999 -9999 -9999 -9999 -9999 -9999 -9999 -9999 -9999 -9999 -9999 -9999 -9999 -9999 -9999 -9999 0.363191739863208 0.347551993728174 0.269968290268775 0.186906505122079 0.0995961707497083 0.043389093189485 0.0101426049036561 0.0328961968075871 0.0588493240225959 0.0717914109901162 0.0728998618931766 0.0634885138674278 0.0622148663238316 0.0580756585320715 0.0320900098057988 0.0133346591026978 0.00230403159186937 0.00741953606891966 0.021173824076548 0.0691083115256954 0.0977974187699613 0.101747630596989 0.0978481606002413 0.0956125941916885 0.14627781502813 0.191528167570151 0.228367009701179 0.248127731693296 0.261360180424269 0.290704629123038 0.308592739274106 0.304799080733318 0.302374349181588 0.300643128439549 0.299334670028652 0.296443441282599 0.289837169153594
