layers/veg/veg_5500.asc
NCOLS 255 
NROWS 330 
XLLCORNER -2985163.8955 
YLLCORNER -3022031.214 
CELLSIZE 25000 
NODATA_value -9999 
[rows 125 to 149 of 330, columns 57 to 113 of 255]
0.0743649668868141 0.0842444878246034 0.106619103218596 0.12775853196917 0.127130550734019 0.154548930558503 0.214065951977525 0.227722627146335 0.225978827191894 0.199762993820738 0.180102486418032 0.169479937021183 0.162310152526926 0.15413320536009 0.108676843222014 0.080118971326494 0.0797883092031423 0.159807204227257 0.275243361435082 0.366166526664364 0.444831863075327 0.498447039535963 0.53991382826471 0.574740465620232 0.642990606382599 0.692612476891946 0.691842269922906 0.694338226681336 0.699005583074778 0.70187610135185 0.696366892268902 0.6643510355713 0.628553779374164 0.589721502217881 0.553976374045584 0.519410061482931 0.487934607068817 0.461316951445761 0.439388488072581 0.422670196572862 0.407384010468826 0.394111039599619 0.381029115612538 0.368168851323583 0.355717394976055 0.343517394158086 0.332562705818801 0.322423050427909 0.3134229060964 0.305004256417807 0.296242354798231 0.277611092779788 0.265095536480032 0.262945294043 0.267147149101917 0.27411405120293 0.26704781121005
0.0769041238021862 0.0986925061808852 0.116778702154523 0.134416535288678 0.153826496580088 0.167454895401227 0.174466382274501 0.176136799272594 0.172110199998738 0.1310052768693 0.117766396187888 0.142946981242699 0.130318006029898 0.104157561761259 0.0756937063023496 0.0498570842089943 0.028408988325109 0.114657986150864 0.247785952466253 0.292356140750685 0.330529456601034 0.355630092123513 0.423119596906562 0.513778308554089 0.598024388622915 0.657289458309668 0.653747928404288 0.663720024932345 0.682676203690713 0.706906127116364 0.717915212520931 0.684790404960531 0.64769222761135 0.607404950409356 0.571913221512039 0.53792171686558 0.507328017287457 0.480432822805965 0.457107764137255 0.43831205204888 0.420806096929854 0.40531462644331 0.390121648920283 0.375274994035184 0.360596385759332 0.346193495409073 0.333871685822391 0.322312510361045 0.311819586297013 0.302113392594557 0.292565268106675 0.280775969795705 0.271105463214446 0.265026028914687 0.262414665941304 0.261318609760044 0.253349935659038
0.108562296187425 0.0960098960101576 0.104275566058055 0.117497696034027 0.13474223324951 0.140656649412815 0.133603911152656 0.122410516285225 0.109196329702302 0.0882455733570816 0.0901221354323395 0.123471174431482 0.107892668491505 0.0766511054869154 0.0733079673234394 0.0620483375714976 0.0375650135415614 0.0928161996697124 0.182621477897202 0.192469708615145 0.205624533662553 0.225536731330478 0.279199913396122 0.351310946348836 0.489297198688386 0.596111859939008 0.617676912213408 0.638436050510847 0.658659403874816 0.693771165951635 0.714565432582535 0.684946103004307 0.653423897841814 0.620374409650484 0.58621290580142 0.552699903068592 0.522624655721402 0.49562569420088 0.471596245473555 0.451381571724707 0.432326788076652 0.415403131200847 0.398661200696393 0.38213011588681 0.365176780894939 0.348428909041344 0.334630031152131 0.321559597163854 0.309507612654081 0.298624520718405 0.288240724338544 0.279247567078679 0.271023468048972 0.264102821196492 0.258303843353252 0.252994673340293 0.245423194763111
0.154685876444218 0.0848173302402891 0.080514298447223 0.0888666254880553 0.0929158068512774 0.0941346045725885 0.0921140704638786 0.0676209227514738 0.0417890681055417 0.0584008624083168 0.0797116806644884 0.107501136499281 0.0902198197094417 0.0603066323341313 0.0861220499689681 0.095328971277478 0.0767930881653358 0.0825528096083303 0.0987253231959342 0.0796295196924976 0.0754526151665444 0.10176404680582 0.121805161352226 0.138419001796615 0.348895570112538 0.522090522315776 0.58261102018797 0.615801951874183 0.63082373620806 0.671612412578518 0.698847062268754 0.675025513288692 0.652495503884624 0.631002107957443 0.598705762215517 0.565623419613723 0.535886147229325 0.508869743025311 0.484479769954648 0.463173236159484 0.442902926040536 0.424937698370655 0.406926048700021 0.38886053849757 0.369608843136644 0.350445402973006 0.335114838554267 0.320487573269203 0.306843602147222 0.294838577315069 0.283594544328912 0.275387691113094 0.267915198348401 0.261687349605902 0.254501842117661 0.246892039492613 0.240363371423303
0.26316809114024 0.133117526340564 0.0984392728627483 0.0843496137853068 0.0765217939227793 0.071120357996192 0.0684958822665045 0.0454363293023819 0.0202123091311246 0.0252784365725971 0.041412065802677 0.0728046793878586 0.0653977275491757 0.0471280558330313 0.0770256542390514 0.0904240732260499 0.0762622905710975 0.0841005222654607 0.101491525826009 0.0985829562190424 0.0988805962741465 0.105730462344117 0.0926044435579003 0.0685598648617951 0.260457096499133 0.421182461146863 0.482684554222446 0.548741005963779 0.617825270628678 0.652933109083682 0.672096808510011 0.649546201348606 0.633749277082128 0.62337298323041 0.593346193756438 0.561822306230572 0.536097342575723 0.511483650821135 0.487942660470278 0.468309371480863 0.449651297211753 0.431919544409302 0.413522707150134 0.394354214168227 0.373699311598149 0.353127934207003 0.337113102984875 0.321731843767737 0.307236392060618 0.29379643366803 0.280969898504342 0.272301015714632 0.264458450822835 0.258016385686294 0.251394029442955 0.244709514227467 0.240695993354583
0.350767381039424 0.178416241235233 0.121688826390045 0.0900549248762092 0.0667771408155897 0.0543020710500781 0.0541905465469821 0.0312432522499963 0.00471399264119828 0.00183332873192981 0.011868705529751 0.0397116839746045 0.0423899751170124 0.0383456775919541 0.0709369938240641 0.0873584100930681 0.0767696525712719 0.08521657494902 0.102019873143643 0.109787513868067 0.113186931020944 0.107659424753053 0.0724391064562716 0.0209890817227259 0.17906450040522 0.318785961158167 0.392414410670753 0.489502558116385 0.602187100531704 0.634044255250053 0.646981249970169 0.621977642262752 0.610788447686562 0.610686955797363 0.580904495851714 0.54976783079419 0.531237033451251 0.511517278429627 0.490649832576802 0.473023344745651 0.456030925146164 0.43877538037587 0.42020038029286 0.400094499082384 0.378200467961431 0.356351580412553 0.339480402859178 0.323070851683548 0.307306707989639 0.292566657044292 0.278490532650908 0.26967565127927 0.261779093238628 0.255438972016741 0.249452162902912 0.243648016244156 0.241082989499805
0.388585974372352 0.21493450215679 0.155778593264454 0.118370489644129 0.0714263292226024 0.0509022789278281 0.0606156503093844 0.0342837800428318 0.00164721217323786 0.000632826548843829 0.00325453771860963 0.0108894076983278 0.0237629433444678 0.0395188015861144 0.0724340915641076 0.089728843414639 0.0809310745636679 0.0849651455618464 0.0946407095474359 0.0990249346827749 0.10168410018061 0.100817925221842 0.0688204094625161 0.0198069060734468 0.112119393322177 0.213849236554201 0.326321930689917 0.449589122183795 0.580032673952116 0.61456407305877 0.625960335232951 0.590129950598064 0.578758904853165 0.587019375478624 0.552835048633 0.51936985268897 0.515194275027093 0.505989868727808 0.491931176508756 0.476985627145285 0.461690102728854 0.445425058159863 0.427117058622712 0.406438746749195 0.383652159338293 0.360791729532529 0.342643271784878 0.324552079889025 0.306540952328703 0.290819358736508 0.276278497473396 0.268080771746804 0.260889410128009 0.255403702822441 0.25015534334202 0.24502502643566 0.241420907260195
0.440081632286831 0.316950438356547 0.255391135753798 0.202878923653776 0.130028173068567 0.0946029985494722 0.102010837199571 0.0742652397752384 0.0382075562615804 0.0140195240368579 0.00600902924099715 0.0203028263482267 0.0240253606773902 0.025313891147132 0.0485120704712314 0.0618441677889662 0.058695978262984 0.0577799940939854 0.0580771492319364 0.0792300426171639 0.0950721647600623 0.100061168373428 0.0793158402208889 0.0445044596681753 0.109085170920839 0.18601815174488 0.285047554351965 0.401436081621585 0.529365241909482 0.575989091268416 0.599434145938543 0.571343536899516 0.543135274536622 0.514832581446718 0.487305284569539 0.46805895554749 0.483452897519493 0.492041826769641 0.494061934566259 0.483220677824907 0.469153395832334 0.451941037281161 0.432990445623124 0.41202309126552 0.389290147077672 0.366440129874936 0.347033320175298 0.327869271980868 0.309044632666191 0.292174934510674 0.276439369239401 0.268368300846847 0.261613029380195 0.257087860005427 0.252461921561544 0.247784305816494 0.242241383122315
0.499882438465654 0.458738644469329 0.394791189878311 0.321509453648915 0.221391783886078 0.166904645733248 0.164640969897095 0.136678407346112 0.0988307497111574 0.0362640327392387 0.0156669320011396 0.0529341740689932 0.0357580518046109 0.00177094949392837 0.00915475261583553 0.0155876285179545 0.0204320771862942 0.0142398306382093 0.00379189576262127 0.0539504431281349 0.0914301364686749 0.102999260652156 0.0983818178904345 0.0849170073050097 0.144859668754907 0.205008061798407 0.258843519253176 0.348279691277662 0.46138380682031 0.525819140338108 0.569564978978076 0.560488346263039 0.505329200081969 0.413183378931284 0.39902842564739 0.404049069364851 0.442178819609987 0.472980509301844 0.496708483874763 0.490835825631604 0.477712205213947 0.458375830325593 0.438230312973012 0.417145998439521 0.395041259888778 0.372822218757236 0.352168550935859 0.332301319690546 0.313533618442999 0.295414674035223 0.278041145511332 0.269798888290576 0.263316297097037 0.259816107527232 0.255742133868532 0.251382942976928 0.243354883599266
0.516664045333519 0.506204037144987 0.42915933992526 0.340866641733959 0.266157420671543 0.221115895299389 0.210028604805432 0.222898259961424 0.228416020599324 0.111705369804255 0.0525130693416397 0.0726224599578193 0.0491290583447002 0.01256727933711 0.0157456106192746 0.0205330619720419 0.0280083847931804 0.0323038541788266 0.0354380754129116 0.0621308299983964 0.083123843435706 0.092468837508944 0.0948520528036657 0.0934300499956668 0.118630193068822 0.143041576825718 0.162972195378482 0.198182174121623 0.24355012408389 0.369213014759181 0.472547837529224 0.480975375586062 0.474040630541933 0.454775833833727 0.445795383847129 0.444471635784885 0.469262119329238 0.487827302365001 0.500383255263081 0.494943376407822 0.484224529559968 0.464589627647123 0.444213748389522 0.422978159657843 0.401784107836908 0.380189932497341 0.354846787100313 0.333157091704938 0.316575345245844 0.298169858231156 0.279489346546743 0.267635709368955 0.260009160704832 0.259546969056083 0.256035643022443 0.251116107823807 0.241663250842709
-9999 0.53864012932349 0.449698271579945 0.352039880709943 0.308758786088408 0.278914361841114 0.264448006272661 0.306784110648398 0.343860521258544 0.197862565954646 0.112749520532953 0.111579708652066 0.0779155286984774 0.0350856086275623 0.0314540098888844 0.030901796163967 0.0354933820036872 0.0457840494996569 0.0584982575983537 0.0611528405809112 0.0673112070631252 0.080629922934991 0.0902031116859818 0.0977290438294276 0.0958279581562272 0.0930966567338311 0.0891359711330354 0.0798439486045386 0.0670075651606445 0.237337928646046 0.385604847855813 0.410461951909874 0.441997063157455 0.478892066106549 0.479144016243625 0.476899796143842 0.486722391118241 0.495110701240159 0.502114508276698 0.49842152208476 0.490476678428797 0.470657126077108 0.450332578944215 0.429422118084225 0.408900211640669 0.38773052471268 0.359670858243086 0.336900105508984 0.321523870635278 0.303625670758549 0.28485599002015 0.266759284388402 0.256152569987778 0.258240401974892 0.256102017581023 0.252008589441031 0.241184509406732
-9999 -9999 0.449698271579945 0.357837523966806 0.35365436537939 0.350320562467767 0.347958834449056 0.379617846171513 0.406092703062489 0.305083323592077 0.235205022163057 0.208247755838817 0.150681105535322 0.0850016394676431 0.0649589752981458 0.0474964501472209 0.0343437848875184 0.0348464922839926 0.0412019656286204 0.0277577742226818 0.0307897480718175 0.0674924951977692 0.0864664438045087 0.095750060786093 0.0941943901694295 0.0924676531907467 0.0913160018628685 0.0704344187549818 0.036436050868184 0.195938253217327 0.339862168203215 0.37833796954416 0.406594524953413 0.426648925157121 0.449286167661028 0.467291676929583 0.464057243263922 0.47447649534111 0.498075535244312 0.500732439807344 0.496355289858106 0.476344768483904 0.456704502969909 0.437493822075614 0.416907298292082 0.395587665394555 0.371107228929208 0.349589412483269 0.33221368413759 0.316927084459262 0.301505750479886 0.270235214560914 0.251632871298286 0.254501442268045 0.256061481850694 0.256937009100576 0.244701928081321
-9999 -9999 -9999 -9999 0.379287082653634 0.380577542058877 0.383344912991186 0.422095381524247 0.459555929834379 0.398948595593025 0.353476455228284 0.328871507025408 0.274860390768162 0.210737935458538 0.151722096091976 0.09327065487461 0.0357619833794944 0.0360840221341855 0.0614242215871561 0.0246749880679898 0.0100675147368975 0.0407090526714973 0.0632581963773785 0.081384142220596 0.0887642290280256 0.093684001836679 0.0933598776133754 0.0748994481389284 0.0443817031442662 0.167947754822623 0.280642652746991 0.314315086329258 0.346385598444847 0.377170378855315 0.365556326082271 0.352865621913377 0.361820198266772 0.396321588183671 0.455483102021623 0.483211411819942 0.49868809840339 0.48070279667037 0.462575226994397 0.44428259275973 0.423915367958726 0.402843440100551 0.380653840614414 0.360813115654757 0.344256391060112 0.329866442906638 0.315522314321386 0.2880523124534 0.270686904505313 0.270447449350388 0.268591720079716 0.265939510868633 0.253918881878446
-9999 -9999 -9999 -9999 -9999 0.380577542058877 0.383344912991186 0.442252034344953 0.50657135305706 0.48299359284361 0.468671347013034 0.467109862541633 0.436844122512814 0.39222479385447 0.27764588335721 0.160500553030082 0.0390682793215453 0.0462738808888166 0.109233826962905 0.0438807901392136 0.000962435656920279 0.00389170961000937 0.0257325166855959 0.0579101228002439 0.080542436873839 0.0962572360351535 0.0953036387486592 0.0895664265512937 0.0806489880890474 0.149817010407256 0.211513633888239 0.226836974371655 0.267936560318839 0.329724636133402 0.242214463872329 0.161367047307985 0.201074019748068 0.275871768990398 0.384542349467758 0.451107974700648 0.498413681761997 0.484083160898292 0.46807741917731 0.450128023912305 0.430188861471592 0.409657031027583 0.388810914464301 0.370959161868616 0.357293879112728 0.342539582501374 0.327602691417855 0.316414456110935 0.307074678350178 0.300867792116455 0.290365235375978 0.277937680989763 0.267326697945659
-9999 -9999 -9999 -9999 -9999 -9999 -9999 -9999 0.511541031995292 0.491877414876261 0.480847811420962 0.481722093949421 0.473137879757315 0.457094333066203 0.372372172821123 0.294198473780572 0.226963313358081 0.171267758832408 0.120469766092383 0.0483944275413438 0 0 0.0113520615699261 0.0289090129479548 0.0654963245698797 0.0934255488837043 0.0976079436761043 0.0870443633964497 0.0666774151410725 0.119426802918841 0.168033220222883 0.182416464480171 0.188993295437733 0.189304555147574 0.175999529788252 0.155965360949992 0.115810576965353 0.143695526394233 0.237258657305977 0.337238214995502 0.427412464257815 0.451785574229378 0.458366331157301 0.444303738344476 0.428553803233792 0.412035505632459 0.392830972440178 0.376253170483631 0.363347844957689 0.350178516706031 0.33707377333072 0.326820843143168 0.317966704042798 0.311483331181674 0.303188934738804 0.294075806585998 0.284730589085946
-9999 -9999 -9999 -9999 -9999 -9999 -9999 -9999 -9999 -9999 -9999 -9999 -9999 0.497843175372214 0.453623142011975 0.41828707259197 0.397790761644461 0.285032600219998 0.132105653620422 0.0542407270167056 0.00224965073052009 0.00313450366406206 0.00459085467559185 0.00635957913379596 0.0515629203769454 0.0883667283684638 0.0998076136170377 0.0841933654598503 0.0505924173989317 0.0899320829653284 0.128060656423248 0.141469681934058 0.117549884055448 0.0636692842618053 0.123846640555648 0.167370043345434 0.0697522205618651 0.0536866655747276 0.11634282767781 0.221095438026301 0.328435199189805 0.399018496380644 0.434436928550202 0.429055776457916 0.421262389454949 0.411971601653392 0.395208393952887 0.380349917568806 0.368154477574227 0.356788304830229 0.345749209908295 0.335212126738684 0.326121206971599 0.319481343264677 0.313703451744944 0.308298298441041 0.300644165039772
-9999 -9999 -9999 -9999 -9999 -9999 -9999 -9999 -9999 -9999 -9999 -9999 -9999 0.500244438429015 0.498563253152864 0.477581972606622 0.424361845276322 0.306800355621795 0.1612622595077 0.071473202089091 0.0128450130106149 0.0178973294834034 0.0159465605251424 0.0101679957829415 0.0447497803779313 0.0774157067573744 0.101461017693396 0.0876592252806871 0.0486960529572003 0.069135014093812 0.0898549234466056 0.0945295623080546 0.0741459976574808 0.0336502568491374 0.0988115675333111 0.159522013146911 0.136038115295318 0.125251415362389 0.126721213616446 0.132373555861502 0.156685552657432 0.285958328761409 0.364431484955363 0.383965032772193 0.396454915203282 0.404791739168108 0.393306012567749 0.382132631395082 0.371395945536271 0.361787609007194 0.352617112857373 0.344001144555723 0.335299598436368 0.326453009213078 0.319575766316081 0.313598901006143 0.309276779771278
-9999 -9999 -9999 -9999 -9999 -9999 -9999 -9999 -9999 -9999 -9999 -9999 -9999 -9999 0.531114607985185 0.514398553655486 0.469760030196616 0.388328129769645 0.290632690198141 0.199896705241477 0.122880763154271 0.0739031689261582 0.0441424453169328 0.0248854142671848 0.0409587652464105 0.0613988967393678 0.089632573388663 0.0850653215347796 0.0586914702196352 0.0702483101030343 0.0826302839856931 0.0868487961814461 0.0705014041504289 0.0376474381962584 0.0804366132190638 0.128193975809202 0.150258133816608 0.15072474081281 0.130343413760267 0.102557756029998 0.0947686070305281 0.214150311885405 0.289533252566639 0.313867190635942 0.33088348362662 0.345229337996788 0.353950735405519 0.359797596529466 0.361625520880905 0.361046086223658 0.359189142355015 0.350019763516299 0.340907433714855 0.33189179450058 0.325149499254804 0.319453944796078 0.316695753795549
-9999 -9999 -9999 -9999 -9999 -9999 -9999 -9999 -9999 -9999 -9999 -9999 -9999 -9999 -9999 0.531309628949807 0.531830412606795 0.522775937610923 0.508746717299871 0.42678458434069 0.320975198463165 0.166431447892307 0.0872510235068586 0.0492632170148315 0.0398439699884662 0.0408961160204977 0.0658653799746145 0.0771052398850623 0.0792175650431602 0.090764164412167 0.102840718126059 0.113933854322714 0.102065352467222 0.0717674165481857 0.0679594767741866 0.0760733953130335 0.118371608510759 0.135382153214911 0.127982724550924 0.124905792944809 0.130113180970026 0.178872825840307 0.21030224797904 0.221624501152831 0.229213837217006 0.239279974933901 0.281429328981136 0.31610527128534 0.340332512896794 0.3552208174415 0.36549916335019 0.353585076673019 0.34335338990349 0.335973148884864 0.33045882548183 0.325799969829241 0.323039997448807
-9999 -9999 -9999 -9999 -9999 -9999 -9999 -9999 -9999 -9999 -9999 -9999 -9999 -9999 -9999 -9999 -9999 0.559970131443623 0.582981267424097 0.534400872035907 0.462840221640003 0.344317007793852 0.209912282056877 0.0668269276374707 0.0351162692315626 0.0213360641723745 0.042694411380084 0.0601340159494494 0.0749683756368642 0.0875376678578306 0.0992730689672713 0.108966056727731 0.104479041130647 0.0886108933902381 0.068408007744248 0.0571008520811327 0.0862003106960058 0.106646727356881 0.118740435514631 0.142759525763093 0.169865237946171 0.200450020339235 0.216358133173208 0.215237828124815 0.21240902693821 0.212937822000002 0.248398841954245 0.286729644989455 0.329072739264218 0.3538789185945 0.370831958734836 0.360455701210897 0.350618771407585 0.341695930894427 0.3358790679196 0.331445494230223 0.324504102687396
-9999 -9999 -9999 -9999 -9999 -9999 -9999 -9999 -9999 -9999 -9999 -9999 -9999 -9999 -9999 -9999 -9999 -9999 0.623427715315514 0.60634020112338 0.573700605464561 0.50927869875578 0.332021167212501 0.0930891447220225 0.0373711786518751 0.00746619784429182 0.026017142297054 0.0477452851553418 0.0715856820320347 0.0838947524166938 0.0939662090255486 0.100113366268076 0.101529527264665 0.0991485034449366 0.0700742758722749 0.0454932936449373 0.0564701828597946 0.0761013801970001 0.104086508258973 0.150723498845209 0.197340495165284 0.220788130598335 0.228901279712492 0.219222787473803 0.209102178571745 0.202320284483397 0.227064541054432 0.265227176561724 0.322150269823481 0.354095105565379 0.375384509298829 0.367208754535343 0.358118051767332 0.347476632913361 0.341088898122142 0.336573873177309 0.325599026204851
-9999 -9999 -9999 -9999 -9999 -9999 -9999 -9999 -9999 -9999 -9999 -9999 -9999 -9999 -9999 -9999 -9999 -9999 0.623427715315514 0.60634020112338 0.579587069504964 0.533081234032079 0.380141422110673 0.169026177327733 0.0778393432763988 0.0212567625575511 0.0413356463610446 0.0663795651587221 0.094724321291502 0.0994217730048374 0.10123487762635 0.100495819219858 0.0978110844616464 0.0935647139894862 0.0662686463923837 0.0411032859642527 0.0392238094138371 0.0484796881750622 0.0684844316120092 0.113169319115268 0.15937040149934 0.184018563293235 0.19758646681665 0.198298642593753 0.197434650435383 0.199203296213285 0.228965897151526 0.270347139338047 0.327972596219808 0.358102521045376 0.376903385208235 0.370413681808016 0.362474312161491 0.352077949597002 0.345145388044308 0.339738803154954 0.329213638231309
-9999 -9999 -9999 -9999 -9999 -9999 -9999 -9999 -9999 -9999 -9999 -9999 -9999 -9999 -9999 -9999 -9999 -9999 -9999 -9999 0.518178664898142 0.522027077976801 0.406317593585635 0.225259311100033 0.108001732521786 0.0291808687592326 0.0419746949873328 0.0682133351336963 0.103390309812826 0.10643458668379 0.104572861476098 0.0960618106707109 0.0906781446242808 0.0878045752475938 0.0630240580437858 0.0379184438501263 0.024977176579899 0.0243775589936563 0.0356912318786781 0.0800753537374528 0.127904188589152 0.155192917694809 0.174579130676192 0.184796550537006 0.196383346120226 0.211529137037774 0.255580285760467 0.300195311908885 0.345598704422144 0.366250904845451 0.377114720623659 0.372529552908258 0.366114831545436 0.356599258268456 0.348305342872552 0.340551816587876 0.331297684478431
-9999 -9999 -9999 -9999 -9999 -9999 -9999 -9999 -9999 -9999 -9999 -9999 -9999 -9999 -9999 -9999 -9999 -9999 -9999 -9999 0.51463241759528 0.507687454741954 0.409139371298767 0.260522208698699 0.127196011065829 0.0308614887589837 0.0269908635921788 0.0521668537882642 0.0966535140119518 0.104385999305698 0.103727541896885 0.0865017945202438 0.0799112636146723 0.0818567535391474 0.0603765680220629 0.0360162213217342 0.0139230727792016 0.00402118919814232 0.00588743098258039 0.051728253390761 0.103359850209812 0.134821736653996 0.160413179230219 0.1791935144952 0.206630552961923 0.240290292316566 0.308495973047487 0.356360935859597 0.375787204174845 0.378806390224445 0.375934482056837 0.373486375977684 0.368993610415472 0.361035416943682 0.350511143763221 0.338861759647743 0.331752797987759
-9999 -9999 -9999 -9999 -9999 -9999 -9999 -9999 -9999 -9999 -9999 -9999 -9999 -9999 -9999 -9999 -9999 -9999 -9999 -9999 0.48289531735688 0.48341064797992 0.409788753468823 0.295644412016944 0.151354556772096 0.0441176631751314 0.0337308859129491 0.0553022619634931 0.0981199465977912 0.104486036404196 0.103842110055243 0.0909971761355801 0.082708041864409 0.0780754763901989 0.0481864746718962 0.0186365813861791 0.00613861954535746 0 0 0.0538415368694399 0.112380788222986 0.132104738783334 0.143008928920637 0.14368010498746 0.177252849808752 0.223128400536824 0.296987426181524 0.342814708945959 0.349450347877155 0.358976040342191 0.36899547441726 0.369230275723414 0.365635236901336 0.355549124636682 0.348243528076784 0.342197261823325 0.336828764938754
