layers/veg/veg_1100.asc
NCOLS 255 
NROWS 330 
XLLCORNER -2985163.8955 
YLLCORNER -3022031.214 
CELLSIZE 25000 
NODATA_value -9999 
[rows 125 to 149 of 330, columns 171 to 227 of 255]
0.399987536827323 0.399371612320116 0.41733359926001 0.419726624729868 0.405022923229298 0.338596941474251 0.269742464060252 0.287030050057422 0.300735706315172 0.309706702101556 0.322565131879044 0.336293506949596 0.343944386348327 0.354165554821741 0.36849634948888 0.383208607003326 0.397812270195836 0.399730432622351 0.396387615325097 0.382780273537246 0.386137882917427 0.39835679769894 0.328036831677678 0.27878206022929 0.285497131699074 0.320231794813019 0.372807733268707 0.427953875265215 0.472901811965717 0.486164902370778 0.500766253486205 0.516397731898879 0.527240518942562 0.539248458666085 0.558403674411589 0.577484211265481 0.596495573931288 0.618460154078868 0.639316922769678 0.651015810745659 0.653292497076805 0.645080341386956 -9999 -9999 -9999 -9999 -9999 -9999 -9999 -9999 -9999 -9999 -9999 -9999 -9999 -9999 -9999
0.371126362793247 0.34026437181962 0.396487540659333 0.414600177919002 0.390862537986075 0.335094371701571 0.28034498047458 0.298809036164144 0.312175736902337 0.318804660310289 0.325626136788411 0.332712917667347 0.342605431739729 0.353070043728628 0.364449381071284 0.382766272795846 0.40374628524886 0.412010467301299 0.409908342358847 0.387580856815707 0.379669995242286 0.379289370955521 0.334061039872899 0.309936222680371 0.339532960857187 0.344801998138767 0.334580545208515 0.419320233926457 0.49020853768937 0.496751809805776 0.497374416672328 0.493439586527925 0.517149236841875 0.542681591206801 0.560914532546802 0.58757843145396 0.622051828224483 0.639058169430099 0.651483908390675 0.657469561023096 -9999 -9999 -9999 -9999 -9999 -9999 -9999 -9999 -9999 -9999 -9999 -9999 -9999 -9999 -9999 -9999 -9999
0.349259886353182 0.297300850873775 0.376127823910688 0.401629112585012 0.368571924651052 0.32709146583213 0.29055002590341 0.310049299669231 0.322404419100163 0.3253162642093 0.326018784767718 0.326713224610253 0.33766102007903 0.347716887757987 0.356346655219635 0.379176488202789 0.407698106971408 0.421510263873657 0.422536100733128 0.398614969135226 0.378674828862609 0.360814080365659 0.348617216443477 0.354190631232481 0.402303387560835 0.381794849175116 0.317592190302252 0.420148826100451 0.507160033473296 0.507935406306658 0.497337624933537 0.477985348630445 0.513812558040243 0.551106219737159 0.565202719416706 0.597024723142692 0.645265654953068 0.655561464226015 0.658024041650762 -9999 -9999 -9999 -9999 -9999 -9999 -9999 -9999 -9999 -9999 -9999 -9999 -9999 -9999 -9999 -9999 -9999 -9999
0.339651919625333 0.351041833392092 0.372938931927806 0.369681382076144 0.338800785154595 0.31044465134937 0.287267533112742 0.299739864635467 0.308213542843708 0.311401727710628 0.320637035109986 0.331856537690344 0.342443382768834 0.352281559518999 0.360922693102772 0.384602389617476 0.414207840531912 0.423435362186823 0.433562000947413 0.445442877518399 0.418682211415147 0.371737902728812 0.413428370127412 0.453477223783159 0.484059225945044 0.473935734332059 0.437893309581791 0.498420831943153 0.55054734103623 0.554567773547043 0.550406606854106 0.539947647354716 0.56483653700236 0.589105824474089 0.592321894440018 0.612156496430297 0.647384651205371 0.655561464226015 -9999 -9999 -9999 -9999 -9999 -9999 -9999 -9999 -9999 -9999 -9999 -9999 -9999 -9999 -9999 -9999 -9999 -9999 -9999
0.326400261579612 0.371069929707799 0.358058539750271 0.341266900945129 0.320324061525077 0.3033583900692 0.290153093550903 0.298468121075799 0.305076302996816 0.309428345071632 0.322742224769 0.33886537692746 0.352215155141452 0.364768431794182 0.376048184892015 0.396213181122216 0.419723098731433 0.423851874421673 0.434757216886686 0.458884095885586 0.440584077416318 0.400123211446066 0.463503377587777 0.516708600444121 0.538906197817657 0.542063819776243 0.533097873047887 0.563137895108986 0.588869606244426 0.59238142970435 0.594648514963566 0.595957461955298 0.605760902720774 0.615010688300944 0.617593241583801 0.621878743200395 0.627741666037274 -9999 -9999 -9999 -9999 -9999 -9999 -9999 -9999 -9999 -9999 -9999 -9999 -9999 -9999 -9999 -9999 -9999 -9999 -9999 -9999
0.309368579611323 0.35612373615445 0.331049197403518 0.316517869493444 0.313564346402575 0.306190400307119 0.299437491521289 0.306572223875368 0.313406283178844 0.319842907325559 0.332614485580635 0.347809542976466 0.367163021292379 0.385473922182281 0.402117849679529 0.414240276989559 0.424206672211539 0.422703355217852 0.425753922992683 0.437689425549269 0.443702989614872 0.446623346690561 0.498290870165003 0.542535716780415 0.565837479180463 0.585280640943783 0.602266866243931 0.613792842931442 0.62193731512514 0.621046413278793 0.629733074861724 0.645792073877245 0.636207767372453 0.628368273560848 0.640947622393157 0.641348333331432 0.630468113740223 -9999 -9999 -9999 -9999 -9999 -9999 -9999 -9999 -9999 -9999 -9999 -9999 -9999 -9999 -9999 -9999 -9999 -9999 -9999 -9999
0.285481066964142 0.335357083148924 0.310568082166347 0.300978759858715 0.308080644401578 0.306202236617625 0.303719895872127 0.314758404648776 0.323430474067616 0.328974540510297 0.337218661041173 0.347278139085728 0.37004916763223 0.394169049764015 0.420445609166143 0.433868401105424 0.441662879889206 0.440392505464591 0.441930656661192 0.448948429817022 0.453542649154383 0.456870973274641 0.49956862335951 0.533702342065257 0.544720799046462 0.575328967333626 0.618410744719504 0.617062870383125 0.612966608933066 0.61084365746748 0.621616248616227 0.642315194440797 0.656704206029141 0.669702810466724 0.680496837868964 0.686095836599907 0.686882740739527 -9999 -9999 -9999 -9999 -9999 -9999 -9999 -9999 -9999 -9999 -9999 -9999 -9999 -9999 -9999 -9999 -9999 -9999 -9999 -9999
0.264883908905012 0.315921431610613 0.296746532017478 0.293780620145379 0.30861426658466 0.310732396329459 0.311439880638049 0.326917056553569 0.338292552126859 0.344246371342623 0.348690295340652 0.353803494004461 0.375358341342424 0.4019473437199 0.436585438947456 0.452892411621641 0.461224528052998 0.459065535317131 0.459119445820613 0.463490879045766 0.460882650784387 0.454628734927596 0.491553809417719 0.517788955326553 0.51554084745431 0.553256121106881 0.616417793209012 0.606366627432592 0.594152880833312 0.592403800584404 0.606769687194793 0.633540082976959 0.676933617964865 0.714477290092749 0.72003910096047 0.724575325288367 0.728161560741614 -9999 -9999 -9999 -9999 -9999 -9999 -9999 -9999 -9999 -9999 -9999 -9999 -9999 -9999 -9999 -9999 -9999 -9999 -9999 -9999
0.278081204685206 0.315112136163093 0.318138118364012 0.329005399817597 0.348483438814278 0.350944168508431 0.350952410934895 0.36628053193071 0.383693200282415 0.403861261588369 0.415991475391174 0.424304261076878 0.41696000803875 0.422949872892123 0.45025961211173 0.46515501137871 0.47417681220861 0.453871704322313 0.442319974202317 0.447846671518892 0.440089428863667 0.425393583918511 0.474088820706865 0.509523669465923 0.509015841554211 0.534240090595051 0.575849056296137 0.576622853393178 0.575971943984711 0.580491755470535 0.61587284933222 0.675009441025621 0.711508887008933 0.737423129700077 0.733194000279976 0.730415032021208 0.728979331167211 -9999 -9999 -9999 -9999 -9999 -9999 -9999 -9999 -9999 -9999 -9999 -9999 -9999 -9999 -9999 -9999 -9999 -9999 -9999 -9999
0.280029996858058 0.30693823883498 0.329688716114989 0.350906777477705 0.370442048591789 0.375370394948568 0.378112164311092 0.393362258304482 0.41327698378096 0.439357504765205 0.456992281534219 0.470090927554991 0.45939827298111 0.460754029593606 0.481373948627378 0.498229608146402 0.512458655608593 0.47805051687305 0.454597598341365 0.452519049601365 0.43754997380917 0.415847787154336 0.4641405291524 0.500978577170174 0.505822121603556 0.522094073562913 0.545642982587809 0.562633547626989 0.578972166728605 0.594851449053916 0.641677525697783 0.712324923062528 0.742910919368429 0.761478659998691 0.753374822217528 0.753222903440694 0.760436754682186 -9999 -9999 -9999 -9999 -9999 -9999 -9999 -9999 -9999 -9999 -9999 -9999 -9999 -9999 -9999 -9999 -9999 -9999 -9999 -9999
0.267944048938736 0.289575539432873 0.328960728019354 0.356184567600224 0.370053678033541 0.380101021032311 0.389859377535307 0.405120065945892 0.423126090358625 0.444760950286176 0.465178152908741 0.485041849958977 0.502880360226817 0.519521550288213 0.534248349267631 0.557271300542042 0.582344149863255 0.538877530142047 0.503154668692549 0.482540399292956 0.457785714693035 0.430868366421699 0.463570808706065 0.492084370829564 0.506784841843102 0.518519761442196 0.528366387307494 0.568301066912693 0.608400088667747 0.641990349299484 0.688320654849601 0.744457620594477 0.77035370935458 0.786918749611022 0.782321876650897 0.774401472942982 0.763402521387219 -9999 -9999 -9999 -9999 -9999 -9999 -9999 -9999 -9999 -9999 -9999 -9999 -9999 -9999 -9999 -9999 -9999 -9999 -9999 -9999
0.283694761789908 0.300959638927121 0.323619653955761 0.346607431683239 0.369955135111857 0.384294039769438 0.396647664996432 0.411701357369895 0.429280349021029 0.450197327606071 0.464848018320654 0.477733057040535 0.495334536670913 0.517685493991697 0.547630374546746 0.572787315106374 0.594898173620307 0.569002193835131 0.545941842035381 0.528413990726201 0.503744682823138 0.475345176862799 0.507278311402076 0.530242149375196 0.527810411253482 0.538813778957514 0.558371854571878 0.599666873896169 0.639497855671366 0.669802051076387 0.708787621896832 0.75445568867923 0.785907468351114 0.806881214560981 0.793708217881754 0.787373759475669 -9999 -9999 -9999 -9999 -9999 -9999 -9999 -9999 -9999 -9999 -9999 -9999 -9999 -9999 -9999 -9999 -9999 -9999 -9999 -9999 -9999
0.307653285883768 0.321205860795494 0.318740686652328 0.334005088141493 0.368738849515122 0.386992221460648 0.401097082363978 0.416072013938549 0.433713643478951 0.454880163334462 0.461815346980539 0.464434081131356 0.473479339081319 0.498296709161738 0.548332054052913 0.573649926305841 0.588175756573052 0.58673007710062 0.583696447200823 0.577564619454353 0.558790583435507 0.533413140938258 0.565567777206597 0.582098262909261 0.557344663416374 0.568620534172365 0.602837913401811 0.638795036718707 0.67072056912478 0.689951736574135 0.719404973573051 0.756726657127842 0.795256775488453 0.823443450304133 0.809905128715223 -9999 -9999 -9999 -9999 -9999 -9999 -9999 -9999 -9999 -9999 -9999 -9999 -9999 -9999 -9999 -9999 -9999 -9999 -9999 -9999 -9999 -9999
0.326591642887437 0.340649360976504 0.335381698186354 0.339463023795202 0.353810744013283 0.374616535956924 0.39648791004134 0.41360750030963 0.431643884601487 0.450892104060292 0.458143992652044 0.461657221014673 0.469188188798268 0.493431774799752 0.544397107499112 0.56170490546669 0.564865246169463 0.572031524519921 0.584672664901578 0.607995628508669 0.626252373731438 0.641862880371575 0.633202570340462 0.623479479363662 0.612698532971407 0.622220831396045 0.644671076298606 0.675389569388734 0.697470959656517 0.691298548031797 0.710545779737153 0.74935980308312 0.776110461458771 0.797065028595316 0.801339530875734 -9999 -9999 -9999 -9999 -9999 -9999 -9999 -9999 -9999 -9999 -9999 -9999 -9999 -9999 -9999 -9999 -9999 -9999 -9999 -9999 -9999 -9999
0.341309033158168 0.357275785963683 0.35504540035397 0.353749458922131 0.353479657673693 0.370865444739517 0.392383793446538 0.410514640178007 0.428025100374996 0.444715522264295 0.451867230920515 0.455974856343204 0.462279725290354 0.486260818623208 0.53850436517862 0.55205492499713 0.549665633365866 0.567118391864336 0.591149031680711 0.628013559371399 0.667531249844388 0.708434767217822 0.68420175199463 0.665630770752195 0.664771158965232 0.678438353645375 0.701355388840943 0.720499162671063 0.732083520043635 0.721504415108302 0.736625051213922 0.771528084406563 0.787084526749362 0.800018249991935 0.812708895301214 -9999 -9999 -9999 -9999 -9999 -9999 -9999 -9999 -9999 -9999 -9999 -9999 -9999 -9999 -9999 -9999 -9999 -9999 -9999 -9999 -9999 -9999
0.349668031001184 0.369658616837463 0.37926243223299 0.381334995356954 0.37513727249684 0.380106295527788 0.389040484201953 0.406475249571839 0.422072890733722 0.435242187399371 0.441665727832155 0.445915689074436 0.451428585698296 0.475616110443499 0.529662432645188 0.545862154268987 0.546684138624967 0.576945849194531 0.605910729395612 0.63234540652115 0.669368629776518 0.711922569865854 0.710141331724557 0.708942089911561 0.711900975519156 0.738598419117053 0.78041122037967 0.778435698297261 0.778539519253372 0.795183072265312 0.815335032036596 0.838187590835143 0.843431418671204 0.842536219183891 0.826515325006155 -9999 -9999 -9999 -9999 -9999 -9999 -9999 -9999 -9999 -9999 -9999 -9999 -9999 -9999 -9999 -9999 -9999 -9999 -9999 -9999 -9999 -9999
0.366719659462649 0.381572212466462 0.393605765993661 0.396842883737168 0.390420380882592 0.389502751432704 0.391333082966276 0.403601207931158 0.414192307838781 0.422566685246042 0.432661853951549 0.443645691339709 0.458979868809121 0.485932520588825 0.531461910225381 0.54769355006526 0.55268173714363 0.611514557901788 0.660741665254378 0.691227381140348 0.733469829880004 0.781853174594338 0.769729664178988 0.761889832673381 0.768146992877084 0.778777735365678 0.792193325212702 0.789577219336882 0.788580831310705 0.796256603352666 0.82530596267921 0.87080765863296 0.879757650574979 0.883529742622626 0.885957626059071 -9999 -9999 -9999 -9999 -9999 -9999 -9999 -9999 -9999 -9999 -9999 -9999 -9999 -9999 -9999 -9999 -9999 -9999 -9999 -9999 -9999 -9999
0.386976931733761 0.393891455141233 0.404400297662668 0.407691705716067 0.403057440193587 0.398700977292411 0.395504787267785 0.400880933926514 0.405404233554508 0.408800224324347 0.423762149252249 0.443294803863679 0.472462298368989 0.503366156565102 0.537046280581216 0.553299805316543 0.563904958380649 0.655387100677553 0.729253417557133 0.768750076899102 0.818294584174143 0.87308738531571 0.838932813011672 0.815851504430384 0.825021087962491 0.810104034795719 0.779849987326579 0.783261706110374 0.784320455764675 0.770363692778493 0.809415068961355 0.889269504451901 0.907074557905008 0.914487355411154 0.913252847476839 -9999 -9999 -9999 -9999 -9999 -9999 -9999 -9999 -9999 -9999 -9999 -9999 -9999 -9999 -9999 -9999 -9999 -9999 -9999 -9999 -9999 -9999
0.401031878780667 0.422483906726426 0.424784555708649 0.421509061182209 0.412110242161775 0.400748014597902 0.390166335328894 0.389727891743635 0.392584135840904 0.399795358586772 0.404712725209574 0.411128657999816 0.449258932520613 0.488967058740943 0.53119800651395 0.575647690001602 0.621446534628094 0.68655916093227 0.738994297985818 0.766694802760805 0.797055862720786 0.828806610855983 0.807172074336572 0.79298675520251 0.800096625801924 0.814798517466162 0.834334574450793 0.804823939446957 0.782004185061999 0.791006059655334 0.828457058772423 0.887806795204032 0.903888437699754 0.912219049961095 0.912516283611237 -9999 -9999 -9999 -9999 -9999 -9999 -9999 -9999 -9999 -9999 -9999 -9999 -9999 -9999 -9999 -9999 -9999 -9999 -9999 -9999 -9999 -9999
0.418676746078207 0.448069426854901 0.443006224590132 0.433401492719855 0.418809575812035 0.400995482668209 0.383998169650524 0.379991341272855 0.381565711607858 0.39051741283713 0.383007177060405 0.374534149348789 0.429841130837505 0.478995884337042 0.518313862065656 0.579584053168166 0.649811336766324 0.704726266420443 0.747395075293849 0.766170880721425 0.781290576870213 0.794500576929747 0.788387282904079 0.786269777768943 0.794996732646487 0.826382590895572 0.872196344423347 0.827795594185173 0.792715881148789 0.807066004281252 0.840417138291693 0.88839431626281 0.902660845540975 0.910492540235347 -9999 -9999 -9999 -9999 -9999 -9999 -9999 -9999 -9999 -9999 -9999 -9999 -9999 -9999 -9999 -9999 -9999 -9999 -9999 -9999 -9999 -9999 -9999
0.44289962118258 0.468145181524542 0.457265262712744 0.441766780548116 0.421196520359572 0.39794550131025 0.376309673971851 0.372850306270379 0.373848592527312 0.380739087601076 0.356434667004396 0.329825308636954 0.417359826038421 0.477138236917866 0.492537506352748 0.549783975458922 0.624713935159276 0.699063679879448 0.753340308140113 0.768452939137991 0.775554567329878 0.778471807265547 0.793379031423378 0.809141248409451 0.826222484791905 0.850590839413661 0.879599214654072 0.853349809073971 0.827299435456711 0.814729325239704 0.839400645092242 0.892738586781567 0.905021971760366 -9999 -9999 -9999 -9999 -9999 -9999 -9999 -9999 -9999 -9999 -9999 -9999 -9999 -9999 -9999 -9999 -9999 -9999 -9999 -9999 -9999 -9999 -9999 -9999
0.452598600064759 0.471032488789685 0.45751871800578 0.437086790088255 0.409057833693292 0.39331468766215 0.381530330599138 0.375918756450398 0.370627613239527 0.365760021523438 0.330846273753042 0.293666044121522 0.365777266271584 0.423183686482057 0.457078650405474 0.527789335223202 0.613622500628164 0.678507441692263 0.733422066300396 0.768883934423095 0.778914532167282 0.775661610770401 0.808997118006632 0.83704628024175 0.850063806215872 0.863207001923638 0.876430216938915 0.856983599189065 0.837917093409875 0.827620432914471 0.842013353840813 0.875411100645325 0.8764856721397 -9999 -9999 -9999 -9999 -9999 -9999 -9999 -9999 -9999 -9999 -9999 -9999 -9999 -9999 -9999 -9999 -9999 -9999 -9999 -9999 -9999 -9999 -9999 -9999
0.455179238921952 0.465495526750296 0.450907865037188 0.426013148423869 0.389799956661309 0.38790908868155 0.39307792141422 0.383991000784357 0.369610247317957 0.348232008446601 0.305740208241619 0.26169703196706 0.295030700923459 0.343695803650599 0.41687428210354 0.50962023581553 0.609395562682545 0.650651641802806 0.700827817676691 0.768407700919458 0.786732545829104 0.779329999430573 0.829823303463804 0.867418322272386 0.870285927394802 0.870141740624037 0.868079816824101 0.849873919738951 0.836788771038829 0.843073743104013 0.846404779063954 0.847462020244776 0.861414550763316 -9999 -9999 -9999 -9999 -9999 -9999 -9999 -9999 -9999 -9999 -9999 -9999 -9999 -9999 -9999 -9999 -9999 -9999 -9999 -9999 -9999 -9999 -9999 -9999
0.459177047187041 0.46102356999491 0.44586673850624 0.427468810914428 0.405511741933065 0.404678489974575 0.409105687892156 0.411969365338637 0.400010740852734 0.36845972562796 0.359804272973562 0.357135431643902 0.330737258458186 0.342002727646726 0.413488462632211 0.507590956256271 0.61045503358904 0.675610016367658 0.734675617025347 0.78186042452383 0.798428850638734 0.799005417830121 0.815505907438421 0.827866320584644 0.829245130105778 0.832622169974987 0.837271568781078 0.841134606161261 0.84418594624444 0.844946280547805 0.845936564216635 0.847103851601195 -9999 -9999 -9999 -9999 -9999 -9999 -9999 -9999 -9999 -9999 -9999 -9999 -9999 -9999 -9999 -9999 -9999 -9999 -9999 -9999 -9999 -9999 -9999 -9999 -9999
0.465030043988549 0.461178807509483 0.446194003163036 0.431700956539459 0.417747923296975 0.423826725870674 0.434609037733637 0.441664094206568 0.430632078765308 0.395692239702489 0.409021635456131 0.432210417523572 0.36675959899187 0.351347658290285 0.415942703986021 0.505339950696319 0.604715561161872 0.680135613071843 0.741720246873689 0.776311051490657 0.798317444012803 0.813750618742342 0.800181550013135 0.789471704927376 0.787464160673136 0.796040872306809 0.811357033465008 0.831521038649426 0.846192888493819 0.842994193168893 0.839775462876506 0.836541310651215 -9999 -9999 -9999 -9999 -9999 -9999 -9999 -9999 -9999 -9999 -9999 -9999 -9999 -9999 -9999 -9999 -9999 -9999 -9999 -9999 -9999 -9999 -9999 -9999 -9999
