layers/veg/veg_4300.asc
NCOLS 255 
NROWS 330 
XLLCORNER -2985163.8955 
YLLCORNER -3022031.214 
CELLSIZE 25000 
NODATA_value -9999 
[rows 150 to 174 of 330, columns 57 to 113 of 255]
-9999 -9999 -9999 -9999 -9999 -9999 -9999 -9999 -9999 -9999 -9999 -9999 -9999 -9999 -9999 -9999 -9999 -9999 -9999 -9999 0.5070252518635 0.518814697318729 0.462168707436095 0.36811679505865 0.191502243200143 0.0566665100373267 0.0355561254005835 0.0533375050453914 0.0969747724571376 0.100946787111691 0.0999945896411049 0.0944838607657973 0.0870250338021086 0.0780026273939741 0.0376884094471483 0.00121919954347169 0.000401586642537162 0 0 0.0617597015001081 0.127202819196487 0.138058360502464 0.135710747301206 0.118044343184238 0.155228157601871 0.209873320803827 0.283413448154388 0.324395257559735 0.319856743588524 0.343530365087175 0.375767745254946 0.379321584825154 0.38136489785195 0.380848067791316 0.375723448965477 0.368655413639314 0.38044753064448
-9999 -9999 -9999 -9999 -9999 -9999 -9999 -9999 -9999 -9999 -9999 -9999 -9999 -9999 -9999 -9999 -9999 -9999 -9999 -9999 0.501649095603031 0.497075645119927 0.459461614875198 0.403788031715443 0.23996327313402 0.101137817460306 0.0358326253188865 0.0357232478520669 0.0789571256538237 0.0828494524627444 0.0794619232351829 0.0638280066978634 0.0636570300531242 0.0758968940693035 0.0438992909226787 0.0113380745251576 0.00373459726570171 0 0 0.0447491491771383 0.0935740501632327 0.111149853373576 0.134091482483792 0.163258742370741 0.194244500712341 0.227336059149884 0.274955482862804 0.304095391193578 0.30739878310932 0.341512628847732 0.384524032573971 0.388089574949326 0.388322306330244 0.38290636303787 0.388121491489231 0.398087164654135 0.401676569178551
-9999 -9999 -9999 -9999 -9999 -9999 -9999 -9999 -9999 -9999 -9999 -9999 -9999 -9999 -9999 -9999 -9999 -9999 -9999 -9999 -9999 0.480006157651578 0.461385127839314 0.432586084334402 0.273511258185311 0.129759717904885 0.0370300399923999 0.0225530834625528 0.0600998296086671 0.0684026638084897 0.0688530561850985 0.0523293393689546 0.0554874021626478 0.0744424241606 0.0465256233326543 0.0163185609835815 0.00537509725255781 0 0 0.0303903165999364 0.0643113859809481 0.0815124654192165 0.110494327682888 0.153144692335651 0.196591324401216 0.239404694080396 0.274419016588245 0.298132766746464 0.306046999602808 0.34387047123286 0.390138364727472 0.394671159589988 0.396576704627597 0.394029408033583 0.402681240416348 0.416282352184734 0.41549329433916
-9999 -9999 -9999 -9999 -9999 -9999 -9999 -9999 -9999 -9999 -9999 -9999 -9999 -9999 -9999 -9999 -9999 -9999 -9999 -9999 -9999 -9999 0.469237779859941 0.452583546252815 0.287964220698571 0.138087655188367 0.0394066161413062 0.0150732427405383 0.040167426412472 0.0586301223380654 0.0709508613038811 0.0653599962274967 0.0667781414771651 0.073821847645499 0.0445622126194549 0.0147197307810988 0.00484846577829254 0 0 0.0194268099745195 0.0406391878093989 0.0483809526046254 0.0587561521932336 0.0721867607727656 0.151985610541453 0.244566588831202 0.284025428810733 0.310527892828016 0.31891583309803 0.351830910077058 0.391729661667741 0.398453217888874 0.406491799987254 0.416759177351833 0.420008890387002 0.420089972677846 0.419819114588024
-9999 -9999 -9999 -9999 -9999 -9999 -9999 -9999 -9999 -9999 -9999 -9999 -9999 -9999 -9999 -9999 -9999 -9999 -9999 -9999 -9999 -9999 0.469128113228346 0.468372989400157 0.314291849405435 0.169724708903425 0.0635812707247492 0.0246472451055486 0.0303951479131324 0.0549077406734367 0.0735875886218198 0.0681057270688423 0.0671940507507288 0.0699504893664382 0.0389741731337838 0.00921654984065103 0.00548132187425316 0.00254349431472169 0.00037539065046747 0.0282238083743133 0.0560192604696067 0.0464054659287572 0.0689096488119526 0.128678303645753 0.208110591155864 0.286531374860449 0.305524627651279 0.317198164934231 0.318637886775498 0.351813381787209 0.394260470106545 0.397983812115225 0.406567092267963 0.423387326017511 0.428274621936796 0.427812960363889 0.432187439158044
-9999 -9999 -9999 -9999 -9999 -9999 -9999 -9999 -9999 -9999 -9999 -9999 -9999 -9999 -9999 -9999 -9999 -9999 -9999 -9999 -9999 -9999 0.47758278164361 0.481488070179651 0.346923328079027 0.214758141141887 0.101576392782199 0.0441704221030474 0.0238451103876167 0.0518625449458736 0.0743195514906267 0.0650524263785582 0.0622088284314687 0.0645208718229249 0.0332547503239281 0.00451342637653322 0.00723812531335993 0.00598187797242911 0.000882856725918375 0.0427152080061816 0.0829827745915827 0.0560136634422864 0.0987822280982568 0.222463037931915 0.291068644971231 0.338266943383413 0.331219206585291 0.323719745179609 0.315588720121044 0.349586070435882 0.396225534420631 0.397428228607011 0.405619534683778 0.425655615352509 0.434162924168763 0.437513226172093 0.447037337650099
-9999 -9999 -9999 -9999 -9999 -9999 -9999 -9999 -9999 -9999 -9999 -9999 -9999 -9999 -9999 -9999 -9999 -9999 -9999 -9999 -9999 -9999 0.474288098399947 0.473097872508172 0.410363951216617 0.332955698602786 0.22403332583725 0.119058398914444 0.0167077992383219 0.0330590246216014 0.049260494316087 0.0311060215499611 0.0336244569222865 0.0527353495302012 0.0403804356957771 0.0253320099909653 0.0183128491578429 0.0103682152240163 0.00153022990246238 0.0489587603086662 0.0977381219529079 0.0849518023836339 0.126199227138508 0.230138611700477 0.30474728356042 0.364281976052974 0.361483777540826 0.351259262201431 0.330651890350778 0.351796114171914 0.387417422453064 0.412782150396578 0.431275134637466 0.438121420436951 0.446736995356021 0.456115411383006 0.460565151479385
-9999 -9999 -9999 -9999 -9999 -9999 -9999 -9999 -9999 -9999 -9999 -9999 -9999 -9999 -9999 -9999 -9999 -9999 -9999 -9999 -9999 -9999 0.478420168088137 0.474205707751998 0.452880367509884 0.40789639562875 0.304458253855177 0.169175030474016 0.0127206704477263 0.0193830965995193 0.0314530804191634 0.0144116204653213 0.0172680310198968 0.0360948393181804 0.0373533131586834 0.0338064532621269 0.020741060268424 0.00999051958961534 0.00147448634956515 0.0486281247175081 0.0998866536846203 0.106571671952409 0.147711122290481 0.228825886157975 0.306680070855407 0.377022371595695 0.387300469877621 0.382027986758566 0.355013978316945 0.368406221905919 0.396675768731576 0.430490565539429 0.451923720319176 0.452371626354033 0.459940176613775 0.470592985577786 0.463379508441791
-9999 -9999 -9999 -9999 -9999 -9999 -9999 -9999 -9999 -9999 -9999 -9999 -9999 -9999 -9999 -9999 -9999 -9999 -9999 -9999 -9999 -9999 0.484497486645103 0.48968212846818 0.463024039952033 0.415912536178939 0.319853652068737 0.180966844244737 0.0136073247993644 0.0136402880216658 0.0248649969404743 0.0244085392608987 0.0198299877304895 0.0119429676729153 0.0186183431389514 0.0231827440265732 0.00979187819881998 0.00224218298115838 0.000330920546152757 0.0381262791830802 0.0825306366326141 0.116869130994736 0.160086976252853 0.213606974664477 0.290440344463756 0.369225002881879 0.406235657157776 0.417792757720738 0.393762823411532 0.407295290401229 0.433885512616152 0.451841719008855 0.464825738033386 0.46938255584418 0.474116681224613 0.478689195981612 0.449618613711656
-9999 -9999 -9999 -9999 -9999 -9999 -9999 -9999 -9999 -9999 -9999 -9999 -9999 -9999 -9999 -9999 -9999 -9999 -9999 -9999 -9999 -9999 0.498633325549589 0.498222413703168 0.473073256297346 0.429691061625635 0.342335462656996 0.197654276452487 0.014862092273848 0.00691762663704168 0.0132587003852484 0.0157667177566285 0.0148244578606169 0.0111129418141539 0.0119161723276809 0.0116127709440966 0.00382507828104445 0 0 0.0341299350811029 0.0736198381195929 0.102564139931601 0.145467616178051 0.204567045777918 0.269083926625623 0.332999114671811 0.377600770660972 0.406507307222703 0.413470237454019 0.432955271139763 0.456378466459049 0.46951752303505 0.479178727888882 0.48294543318265 0.473526084909394 0.458117672808761 0.437136845529292
-9999 -9999 -9999 -9999 -9999 -9999 -9999 -9999 -9999 -9999 -9999 -9999 -9999 -9999 -9999 -9999 -9999 -9999 -9999 -9999 -9999 -9999 0.469725944761109 0.500447953823637 0.481734565279405 0.444706700097383 0.365798326297154 0.215467043586252 0.017652630426093 0.000712075931062575 0 0 0.00685033426340676 0.0191988731119562 0.00999239948223995 0 0 0 0 0.0325288773783138 0.0676369776112931 0.0777661359740874 0.119303068551424 0.19728046890157 0.246119623021778 0.287193752002468 0.331987200270903 0.377948808617801 0.425543640911241 0.453109422861079 0.473016702270125 0.485106640611939 0.49302046181539 0.4938563157559 0.466517184408641 0.426742791828726 0.425431685363328
-9999 -9999 -9999 -9999 -9999 -9999 -9999 -9999 -9999 -9999 -9999 -9999 -9999 -9999 -9999 -9999 -9999 -9999 -9999 -9999 -9999 -9999 0.445272502774427 0.438175135211742 0.444646324598434 0.422110501168909 0.324689296569213 0.203844631671366 0.0674276631825088 0.0255653276793469 0 0 0.00270695732671964 0.00758656851429686 0.00394856629616599 0 0 0 0 0.0223218310572664 0.0443274346980261 0.0368796808238812 0.0744121943420147 0.164132487010757 0.239282846413949 0.309092331916392 0.367486020835821 0.413346143530882 0.441682879773523 0.469237345888987 0.494339090568183 0.48069215979262 0.469497805712638 0.462460245368565 0.445780010982874 0.42488160168148 0.422396410666553
-9999 -9999 -9999 -9999 -9999 -9999 -9999 -9999 -9999 -9999 -9999 -9999 -9999 -9999 -9999 -9999 -9999 -9999 -9999 -9999 -9999 -9999 0.387432809891535 0.391465553321753 0.416700995090162 0.404514684401633 0.295374919617371 0.19611745410204 0.103429904492993 0.0435166007502418 0 0 0 0 0 0 0 0 0 0.0152418878453656 0.0283339242976553 0.00990041450911071 0.0433130962018412 0.136879657533122 0.240078530467253 0.341586278264916 0.403097641360999 0.445362562021488 0.460718712855758 0.478868061050545 0.495675753913022 0.470558990677039 0.450231446771664 0.438020997409849 0.429743886278639 0.42326628243299 0.420260784128932
-9999 -9999 -9999 -9999 -9999 -9999 -9999 -9999 -9999 -9999 -9999 -9999 -9999 -9999 -9999 -9999 -9999 -9999 -9999 -9999 -9999 -9999 0.382157734396333 0.378032114395009 0.405985638087655 0.396342173354865 0.288287767584227 0.195730912289729 0.113477084722969 0.0484609769367053 0 0 0 0 0 0 0 0 0 0.0140550239356224 0.0261276023176317 0.00912948345440317 0.0382048359895478 0.120736343622004 0.255257717199154 0.394047373906304 0.43892183534087 0.471007585679178 0.485213227295328 0.476254676845183 0.459348976702948 0.44964885564191 0.438986152641294 0.426692000322927 0.422566968307389 0.422114311099134 0.419820559936832
-9999 -9999 -9999 -9999 -9999 -9999 -9999 -9999 -9999 -9999 -9999 -9999 -9999 -9999 -9999 -9999 -9999 -9999 -9999 -9999 -9999 -9999 0.370318079792538 0.370720251794165 0.392248741273636 0.382236877673452 0.290206107715878 0.215276289538202 0.151715466778885 0.0665937631548928 0.000142389897058096 4.38673188636104e-05 0 0 0 0 0 0 0 0.00825987942150859 0.0153547120022894 0.00536522974698788 0.0474968631357317 0.15010135340175 0.298481510815336 0.444510587621317 0.452229303791368 0.461305906137034 0.472280991626901 0.462328775220042 0.445547053029382 0.441526649928497 0.435379000372157 0.425625948890287 0.422137996177222 0.421491535534524 0.422922342599882
-9999 -9999 -9999 -9999 -9999 -9999 -9999 -9999 -9999 -9999 -9999 -9999 -9999 -9999 -9999 -9999 -9999 -9999 -9999 -9999 -9999 -9999 0.368842941063404 0.366963682614386 0.37698770392153 0.365138936477009 0.296667044182517 0.244875827161025 0.204174198789027 0.0913791144942439 0.000356604832956824 0.00010986241467145 0 0 0 0 0 0 0 0.000140202477524385 0.000260629550933711 9.10689447907027e-05 0.0640527567514372 0.20242190415878 0.355851708216836 0.493966019534911 0.454178770591993 0.433774462105485 0.440469763588048 0.442696555802357 0.443107230976547 0.439854996811864 0.435624718616928 0.429736784901686 0.425112857339612 0.421135699601628 0.427810802444399
-9999 -9999 -9999 -9999 -9999 -9999 -9999 -9999 -9999 -9999 -9999 -9999 -9999 -9999 -9999 -9999 -9999 -9999 -9999 -9999 -9999 -9999 0.363303365671737 0.362971384577088 0.365137123921626 0.349748669841236 0.289573780043225 0.227004263028854 0.16284275825837 0.113912385960901 0.0666731929654221 0.0205406020785019 0 0 0 0 0 0 0 0 0 0 0.0560403613822327 0.177100834313164 0.32515381634883 0.463807803415327 0.447954062918464 0.439636281733412 0.4418546500326 0.442858670050803 0.443094574399402 0.43743373225329 0.433115448390754 0.431072623588608 0.430431500691079 0.430407132636438 0.4282049543798
-9999 -9999 -9999 -9999 -9999 -9999 -9999 -9999 -9999 -9999 -9999 -9999 -9999 -9999 -9999 -9999 -9999 -9999 -9999 -9999 -9999 -9999 0.369575472198503 0.364823272427344 0.358580450740712 0.339707001207391 0.288914858743234 0.21427040715625 0.123768546190833 0.132252625551012 0.125990677800172 0.0439350873260505 0.00495914179910644 0.000559713602149602 0 0 0 0 0 0 0 0 0.048132944215545 0.152111520487529 0.297812304802316 0.439927497843017 0.442844845834657 0.444280463742086 0.443644450286264 0.442795253108798 0.44158254153967 0.435252738063364 0.431279924452028 0.431301897517074 0.432735356871531 0.434729385417364 0.426107156739801
-9999 -9999 -9999 -9999 -9999 -9999 -9999 -9999 -9999 -9999 -9999 -9999 -9999 -9999 -9999 -9999 -9999 -9999 -9999 -9999 -9999 -9999 0.375263277852092 0.379307764629242 0.364192304983381 0.342030569806699 0.303768871267592 0.215420419250308 0.0937734655973871 0.140936450814488 0.166335644954779 0.0733881163111857 0.0214478289351518 0.00242070948520675 0 0 0 0 0 0 0 0 0.0414731946800106 0.131065132313562 0.281871606583774 0.43389493282097 0.440662952225854 0.444729651977874 0.445019591998361 0.441398907831411 0.436485449137754 0.43366097149959 0.431123338206634 0.429071868212667 0.427934369728799 0.427151983128149 0.418399397517964
-9999 -9999 -9999 -9999 -9999 -9999 -9999 -9999 -9999 -9999 -9999 -9999 -9999 -9999 -9999 -9999 -9999 -9999 -9999 -9999 -9999 -9999 0.487904887060273 0.399421063437411 0.363212753657339 0.330724089541408 0.302808702648023 0.223672934943123 0.110485011412766 0.158460461695543 0.185613671397555 0.0996381163345931 0.0411204755371982 0.00464106299383834 0 0 0 0 0 0 0.00498407339358568 0.0393843071507773 0.0877844733094887 0.152427881730904 0.288996485442788 0.430827292377804 0.436879704197192 0.441362485001291 0.443650738695049 0.440772650757627 0.436085969181154 0.43236141370928 0.429306799698744 0.427387648026628 0.424924858732218 0.422160847359228 0.411605411812255
-9999 -9999 -9999 -9999 -9999 -9999 -9999 -9999 -9999 -9999 -9999 -9999 -9999 -9999 -9999 -9999 -9999 -9999 -9999 -9999 -9999 0.545117200979775 0.494861992781466 0.417137938749917 0.358172477119944 0.311020631957778 0.29210599225969 0.236301044752633 0.155970810825259 0.181430589377654 0.19191312196864 0.123914846723475 0.0627546437510976 0.00708280366410791 0 0 0 0 0 0 0.0130386531114426 0.103031853349987 0.166729275593161 0.199917358204189 0.310331227338882 0.429586234119834 0.43210991995903 0.435644200396641 0.440591409874377 0.440620817014456 0.438580517378489 0.431241875115333 0.426467624981977 0.426039680984844 0.423019011025109 0.418763016319132 0.405374368731715
-9999 -9999 -9999 -9999 -9999 -9999 -9999 -9999 -9999 -9999 -9999 -9999 -9999 -9999 -9999 -9999 -9999 -9999 -9999 -9999 0.4926608678208 0.489184517655935 0.456677915547894 0.40830375376364 0.368053058902952 0.322645145390015 0.26339143127333 0.202710107409363 0.141079684987318 0.132628254444939 0.117471632676332 0.065519647225892 0.0284075491869354 0.00320621839983009 0 0 0 0 0 0 0.0205948535145973 0.162741190285849 0.257709917423372 0.29794142721742 0.339003212580481 0.379483005238308 0.412543678680672 0.434284540529856 0.440198986372221 0.438675190169608 0.434522530686937 0.431309896146801 0.426991886103106 0.420800410500803 0.410166953548473 0.397480971251272 0.378045308958101
-9999 -9999 -9999 -9999 -9999 -9999 -9999 -9999 -9999 -9999 -9999 -9999 -9999 -9999 -9999 -9999 -9999 -9999 -9999 -9999 -9999 0.442488898233269 0.423984178781769 0.395365019374217 0.370620074323168 0.327671477998531 0.238159905136929 0.170365049879786 0.117007827458795 0.0858089672268783 0.0545564372476799 0.0168076856452117 0 0 0 0 0 0 0 0 0.0256992815417259 0.20307654359509 0.321073108983208 0.370173981592336 0.353193443705016 0.327653151174398 0.392944707999128 0.432546982331881 0.436232645483608 0.43266350080447 0.42678832517812 0.426435509228173 0.422102415630805 0.411023276854996 0.392220618522098 0.369953325426504 0.350460358895157
-9999 -9999 -9999 -9999 -9999 -9999 -9999 -9999 -9999 -9999 -9999 -9999 -9999 -9999 -9999 -9999 -9999 -9999 -9999 -9999 -9999 -9999 0.41624669434878 0.375660841742688 0.348859615176296 0.307226400789534 0.226664970600198 0.150778014921508 0.0779987271655616 0.0589426876035815 0.0412674098552082 0.0127136170767447 0 0 0 0 0 0 0 0 0.0237330163398602 0.187539053166112 0.301309249855509 0.357026003867383 0.32359202329381 0.28041097945013 0.376168113879004 0.428844865225931 0.421290219718265 0.415116409339348 0.409597113659865 0.406875320439714 0.400719878697349 0.388744855983605 0.361537371455273 0.327690574934107 0.326288022650167
-9999 -9999 -9999 -9999 -9999 -9999 -9999 -9999 -9999 -9999 -9999 -9999 -9999 -9999 -9999 -9999 -9999 -9999 -9999 -9999 -9999 -9999 0.440112192897334 0.302921271970679 0.298216518024181 0.278081986330453 0.206449495093272 0.132032644736595 0.055764706412415 0.0374104352547477 0.0234691003547126 0.00723033396310555 0 0 0 0 0 0 0 0.0139991132385889 0.0508813959617712 0.205519734202925 0.305983236705152 0.343591079893335 0.321085975143437 0.293232848926783 0.370209836867619 0.411572409289265 0.403141877717375 0.398831724080029 0.39584489958921 0.389964694033034 0.381309947319244 0.367952719608726 0.341192297178514 0.308647582281976 0.312686096103077
