layers/veg/veg_2000.asc
NCOLS 255 
NROWS 330 
XLLCORNER -2985163.8955 
YLLCORNER -3022031.214 
CELLSIZE 25000 
NODATA_value -9999 
[rows 175 to 199 of 330, columns 56 to 111 of 255]
-9999 -9999 -9999 -9999 -9999 -9999 -9999 -9999 -9999 -9999 -9999 -9999 -9999 -9999 -9999 -9999 -9999 -9999 -9999 -9999 -9999 -9999 0.226461532019724 0.223902033646544 0.237271097089142 0.258589330274766 0.21987189809042 0.181864950485363 0.147576420357344 0.0976546997079676 0.0381988535598534 0.0332318775290593 0.0340272939116424 0.0412761907665375 0.0291852246459556 0.0028143190985558 0 0 0 0.0105143699043272 0.0303777674356511 0.14573627826869 0.261470241043934 0.292291446538683 0.31286498226286 0.322487724501012 0.356431296931022 0.393697149294165 0.411039697523469 0.419828950725008 0.417620997329423 0.417169473821953 0.417448659048157 0.419772866664115 0.421737637881631 0.423143930677309
-9999 -9999 -9999 -9999 -9999 -9999 -9999 -9999 -9999 -9999 -9999 -9999 -9999 -9999 -9999 -9999 -9999 -9999 -9999 -9999 -9999 -9999 0.236454183045283 0.227821134930498 0.228048757499876 0.232698309438653 0.2004212267796 0.164842413243084 0.122956218609946 0.0684532056644986 0.0062556450820873 0.0185830918433454 0.0290294657660562 0.020112070025379 0.0107413023737846 0.00103577932945923 0 0 0 0.0152483850822541 0.0440551264614852 0.1545507269557 0.262681046269311 0.284618076709037 0.306047097673596 0.326933253091545 0.360179944502038 0.39383164276068 0.407898209236725 0.415429979403383 0.414559782275427 0.417396277123404 0.421234462193214 0.42258202687868 0.423792595465491 0.424790304794569
-9999 -9999 -9999 -9999 -9999 -9999 -9999 -9999 -9999 -9999 -9999 -9999 -9999 -9999 -9999 -9999 -9999 -9999 -9999 -9999 -9999 -9999 0.243219847772056 0.253969253460079 0.24726066199413 0.231839634066232 0.196192910169164 0.154333654103016 0.0988956862512922 0.0523502356462886 0.0112280142480232 0.00774819240855821 0.0064628821170215 0.00447758628253135 0.00239135544499841 0.000230597412969616 0 0 0 0.0215821379398544 0.0623543943257335 0.159334159808152 0.253762306885886 0.284220017548006 0.309695577387425 0.329847145919833 0.361929881306923 0.393884133810264 0.403105303349778 0.409220616773676 0.411342645591642 0.41813750285893 0.425717439157419 0.424140579434755 0.423462348544 0.424180372495657
-9999 -9999 -9999 -9999 -9999 -9999 -9999 -9999 -9999 -9999 -9999 -9999 -9999 -9999 -9999 -9999 -9999 -9999 -9999 -9999 -9999 -9999 0.290829242053542 0.288603020410703 0.268388756572906 0.239197536597689 0.193646630623554 0.144192963781688 0.0863359478829686 0.0428642762461641 0.00816571316632859 0.00267436837996546 0 0 0 0 0 0.00382253526405745 0.0219125255411876 0.0481845123271554 0.081731657976769 0.158286451414662 0.236431863536376 0.283509110458228 0.315754641183533 0.332150806663079 0.356470396586584 0.381536848634587 0.397639837970409 0.407685763983244 0.409943957137746 0.414870532022887 0.420403361706695 0.422696680516106 0.424827312309229 0.426705167287027
-9999 -9999 -9999 -9999 -9999 -9999 -9999 -9999 -9999 -9999 -9999 -9999 -9999 -9999 -9999 -9999 -9999 -9999 -9999 -9999 -9999 -9999 0.312971998900336 0.315371603681531 0.289621682675244 0.249823703767788 0.191915200391972 0.13435955512796 0.0782440700094688 0.0359403785183803 0.00206000750217716 0 2.91704254153837e-05 0.000142574799220269 0.000125506957634825 1.21025838299405e-05 0 0.00884024469808052 0.0506763376543506 0.0809995436690366 0.10108587395434 0.154986086393329 0.215876248769819 0.281302641740535 0.321153083254204 0.33367272968127 0.348292075433715 0.364838216247891 0.391751371659436 0.407430730526482 0.408666488293733 0.409522697210048 0.410831042632016 0.419381385508525 0.425990107467786 0.429582013683355
-9999 -9999 -9999 -9999 -9999 -9999 -9999 -9999 -9999 -9999 -9999 -9999 -9999 -9999 -9999 -9999 -9999 -9999 -9999 -9999 -9999 -9999 0.311937084020589 0.311371837503855 0.290523724695099 0.259553420762302 0.194463019333429 0.129410429389415 0.0656298280671142 0.0261533307060166 0.00149903978984978 0 0.00095124734603322 0.00464936309423775 0.00409278091281689 0.000394665164612376 0 0.00348361525383414 0.0199696805790315 0.0549904879512685 0.106491770809318 0.154365606085086 0.199933227999767 0.237160278964168 0.276716652682006 0.318762171054798 0.34545560680314 0.367272125000528 0.381177026228696 0.388926113550265 0.388760501672921 0.389719032362289 0.391267629307138 0.395666817255119 0.40013940746317 0.404726047273712
-9999 -9999 -9999 -9999 -9999 -9999 -9999 -9999 -9999 -9999 -9999 -9999 -9999 -9999 -9999 -9999 -9999 -9999 -9999 -9999 -9999 -9999 0.333267966980199 0.323256856546856 0.299614660557485 0.269169853376985 0.196417926958691 0.124672840132151 0.0567116706950347 0.0195299059108241 0.00111940258705224 0 0.00122849222256636 0.00600443872456143 0.00853088076883382 0.00939636030073638 0.00444935519119476 0 0 0.0378157345380483 0.109255961094957 0.158158092662868 0.198449807932876 0.215777846028211 0.252992663471936 0.311458752533695 0.343588627745036 0.366960647660111 0.373874278921694 0.377450765003608 0.376736591770452 0.378228631479876 0.380336506096672 0.381209246741984 0.38308875701628 0.386532547135322
-9999 -9999 -9999 -9999 -9999 -9999 -9999 -9999 -9999 -9999 -9999 -9999 -9999 -9999 -9999 -9999 -9999 -9999 -9999 -9999 -9999 -9999 0.340380370553413 0.35074506046667 0.323936103293709 0.278575588605808 0.197270080042187 0.120328687142858 0.0546678534397472 0.0187904970811342 0.00107702162727581 0 0.000306415301948525 0.00149765042954395 0.0138446687528128 0.0344287624108411 0.017174056983133 0 0 0.0370718818743476 0.107106846746698 0.17015824730719 0.223859769577525 0.236726559953875 0.26779170149925 0.318303838303041 0.343524800355715 0.361543032352144 0.372656370259594 0.379049138401963 0.379372540201393 0.382200053207816 0.385460561577335 0.383968747352916 0.382405300705299 0.380730554359504
-9999 -9999 -9999 -9999 -9999 -9999 -9999 -9999 -9999 -9999 -9999 -9999 -9999 -9999 -9999 -9999 -9999 -9999 -9999 -9999 -9999 -9999 0.361542561516714 0.36205985481993 0.333496223615323 0.290419718752037 0.201549150052288 0.120544827313315 0.0592137441448264 0.0226920228445905 0.00130064677186207 0.000571075466059525 0.00086631241805579 0.000258266295018273 0.0172157652392292 0.0471431037256026 0.0312123053929086 0.0125269011553183 0.00400905930770937 0.0415691323943199 0.120100153206209 0.175542803397931 0.223196106501543 0.252529367402564 0.285735018241105 0.32307875544001 0.346436016068689 0.364969277071995 0.373487365769959 0.377926107676121 0.377119921247048 0.37827476006558 0.379694835650572 0.376463040466503 0.374053048214791 0.372919941683932
-9999 -9999 -9999 -9999 -9999 -9999 -9999 -9999 -9999 -9999 -9999 -9999 -9999 -9999 -9999 -9999 -9999 -9999 -9999 -9999 -9999 -9999 0.360500605656406 0.358032876475866 0.335709621439261 0.303477440085746 0.207533799479679 0.123030629199145 0.0670393380069625 0.0289033456321912 0.00165666337681679 0.00142637566866547 0.00216378925031376 0.000645071940828295 0.0196199825443429 0.0537267358917518 0.0459043070517467 0.0312884514808782 0.0100134307821191 0.0486748843473353 0.140629855152047 0.177634770561745 0.209555578619643 0.265771052898664 0.305243245125984 0.326823347919183 0.350827913219091 0.372797118316039 0.375338102598657 0.375448631844148 0.372434258221032 0.370419265335374 0.368509256419778 0.363848331232889 0.361884029459057 0.364109637206209
-9999 -9999 -9999 -9999 -9999 -9999 -9999 -9999 -9999 -9999 -9999 -9999 -9999 -9999 -9999 -9999 -9999 -9999 -9999 -9999 -9999 -9999 0.341894675564922 0.340388625735095 0.30924315986369 0.263306104398473 0.174000782582971 0.0975619692404996 0.0522066064504654 0.0220896758959971 0.00126612183683999 0.000595507379228397 0.00727630590611741 0.0314179633981495 0.0424483813597336 0.0437978772515647 0.0547497411076871 0.063254473705759 0.0583435114843157 0.0590744440605011 0.0648219616352732 0.169020357296654 0.276146179351469 0.308550593318887 0.330006098406564 0.339761456756136 0.354105464462156 0.367874316375548 0.369025301667296 0.368353973566076 0.365339647029501 0.361062966477557 0.356530169511561 0.353916477491536 0.351227057189261 0.348419973200886
-9999 -9999 -9999 -9999 -9999 -9999 -9999 -9999 -9999 -9999 -9999 -9999 -9999 -9999 -9999 -9999 -9999 -9999 -9999 -9999 -9999 -9999 0.336749816836887 0.332787803475662 0.295330371794596 0.241157007506586 0.152244677398083 0.0778665666675282 0.0381058787082607 0.0145331975159844 0.000833004468726995 0 0.0113203373097532 0.05532983479194 0.0602044406491402 0.0361830878023671 0.0709668544870832 0.104198799447154 0.105416312962852 0.0781518465452221 0.0255621519216999 0.172028926613056 0.326499456715112 0.340412645223096 0.347833987656236 0.348318058758402 0.35526130286734 0.362836385014584 0.363273944487928 0.361847429866106 0.358024223925868 0.351643534002992 0.344845236891033 0.3432106258758 0.340129909365742 0.334802289876283
-9999 -9999 -9999 -9999 -9999 -9999 -9999 -9999 -9999 -9999 -9999 -9999 -9999 -9999 -9999 -9999 -9999 -9999 -9999 -9999 -9999 -9999 0.339324050022305 0.342736767424275 0.311146172968804 0.262087129651411 0.158796600408253 0.0723333223843289 0.0264356445604305 0.00570663124235728 0.000327089019538361 0 0.0127884332136261 0.0625053721984113 0.0656551213111106 0.0344211391898453 0.104275808415586 0.165284978810634 0.148201338339026 0.117011543909013 0.0732790270650275 0.202035753943396 0.336968131593947 0.346268138640282 0.349590752937037 0.346525847431633 0.351590678721631 0.35795804474679 0.359080691693512 0.356842339096125 0.350282656971414 0.342129231327927 0.333860931636676 0.330641478333997 0.327973553166935 0.326162571158983
-9999 -9999 -9999 -9999 -9999 -9999 -9999 -9999 -9999 -9999 -9999 -9999 -9999 -9999 -9999 -9999 -9999 -9999 -9999 -9999 -9999 -9999 0.34068445298224 0.341975499230676 0.31724237391417 0.279521851519136 0.157709566801519 0.0593995060574438 0.0180364026583493 0.00149273631630246 8.55597001790832e-05 0 0.00952608268866698 0.04656014807299 0.0528777640577152 0.0365153312029348 0.118119091153239 0.190541752356785 0.185011353501817 0.170675438173845 0.148509950791136 0.245840435075765 0.346454528268049 0.355014130629585 0.354680791351205 0.344844338724886 0.34784428602806 0.353064626769224 0.35121083632059 0.347659799506641 0.341926566373616 0.334254217075494 0.325781054464053 0.315124437173934 0.307978039617611 0.30628568618631
-9999 -9999 -9999 -9999 -9999 -9999 -9999 -9999 -9999 -9999 -9999 -9999 -9999 -9999 -9999 -9999 -9999 -9999 -9999 -9999 -9999 -9999 0.33862868437093 0.334030310769711 0.317426074709637 0.294830297184576 0.151975702967297 0.0419638704903212 0.0116269279985373 8.47613243843426e-05 4.85829507991746e-06 0 0.0033861688317764 0.0165504045430152 0.0290121650691173 0.0409552402712687 0.120121271260741 0.194003250142822 0.218186728561053 0.233344827966854 0.240477860868518 0.29803844625793 0.355343398305664 0.365518432923689 0.36179848290302 0.34323017118877 0.344051802801952 0.348162036916356 0.341104478130194 0.335936088861768 0.333196656786574 0.327376393326409 0.319467961013426 0.297814171904908 0.283213912347686 0.279573155137151
-9999 -9999 -9999 -9999 -9999 -9999 -9999 -9999 -9999 -9999 -9999 -9999 -9999 -9999 -9999 -9999 -9999 -9999 -9999 -9999 -9999 0.352298502950857 0.348648133410341 0.338190458985203 0.305244889318199 0.261076705926966 0.144479327584251 0.0516107711000071 0.0158050013741338 0.00141319470278049 8.1000585129509e-05 0 0.00428379978382451 0.0209377095253644 0.0706337490679215 0.144727045855262 0.193445864054436 0.233149127216965 0.250517166005333 0.250957364509146 0.23634589107011 0.284888342224866 0.336797706638011 0.348289283768395 0.348371371306669 0.336261129554341 0.343408879843818 0.352477310871579 0.340536913548148 0.332135694456454 0.32828489412994 0.326624314874508 0.324012813358941 0.300496758583231 0.283889803860602 0.278017942497199
-9999 -9999 -9999 -9999 -9999 -9999 -9999 -9999 -9999 -9999 -9999 -9999 -9999 -9999 -9999 -9999 -9999 -9999 -9999 -9999 0.345307846752071 0.34822722331559 0.34708303349202 0.338360998464346 0.288472340086977 0.218039424133899 0.128750652848023 0.0549877880466924 0.0175703521953311 0.00214151729433195 0.000122746111038031 0.00253660989733872 0.00983880834943516 0.0304281533872585 0.108132817415024 0.228009615576002 0.253702789214897 0.267185279279165 0.277090166187547 0.261382349485491 0.222900569546938 0.262709323299035 0.310450362975522 0.327052631460568 0.333247138385747 0.328319775652209 0.338177018561457 0.348540520476292 0.335638834201653 0.326550416759107 0.322364823902966 0.324067760829792 0.325732368188651 0.302913713526779 0.285911835628688 0.277947841265243
-9999 -9999 -9999 -9999 -9999 -9999 -9999 -9999 -9999 -9999 -9999 -9999 -9999 -9999 -9999 -9999 -9999 -9999 -9999 -9999 0.345152486160883 0.343065729507892 0.339229092555481 0.332129232913551 0.26076319367116 0.15732503289713 0.0896496502392283 0.0353226027205984 0.010438214250213 0.000637797336591068 3.65568575627073e-05 0.0123750516923534 0.0275027677517693 0.0482657890083522 0.121689479816179 0.233996133358589 0.26319200291949 0.27993271232178 0.287245729674222 0.259425596228971 0.20036623490608 0.22658963575866 0.266704106272857 0.299393936530825 0.317025938455053 0.31856694875655 0.319154777101833 0.319149795880522 0.316516133401286 0.314366202550907 0.312838218756351 0.315187332912593 0.317316945022427 0.300879472089341 0.287117861123506 0.277513901344391
-9999 -9999 -9999 -9999 -9999 -9999 -9999 -9999 -9999 -9999 -9999 -9999 -9999 -9999 -9999 -9999 -9999 -9999 -9999 -9999 0.337375071047871 0.337518530010382 0.335537256865166 0.329593727544264 0.239882999869892 0.108368141583435 0.0567642769041201 0.0177440201199343 0.00487512066562923 0 0 0.0480385738998167 0.0882629001608316 0.0969419710124627 0.14571907890425 0.224103301427294 0.249719929350388 0.267493326544364 0.279522262721571 0.259147255697113 0.209959741316288 0.231115290347405 0.263967760162211 0.291903654866653 0.304930641101042 0.302025773420073 0.300125556948652 0.298775333698522 0.299644240872989 0.30227541368723 0.307172379889481 0.309846603223674 0.310884478322596 0.300370652866485 0.290437314084312 0.281405913121917
-9999 -9999 -9999 -9999 -9999 -9999 -9999 -9999 -9999 -9999 -9999 -9999 -9999 -9999 -9999 -9999 -9999 -9999 -9999 -9999 0.337358279032782 0.336960654417625 0.334911029551184 0.329780711276813 0.224032687125991 0.0680712644011968 0.0284570398818509 0.0017023296483104 0.000467710383109174 0 0 0.102723619626828 0.180765619828396 0.168332356649816 0.177462544060786 0.202514497238266 0.21933566581168 0.236502530319575 0.258629953985009 0.260105153992311 0.243217084369986 0.265578366966264 0.291437359837685 0.299268465274065 0.295874286962244 0.280484624125582 0.281091196622371 0.285041820734216 0.284430186454056 0.290253437480079 0.304350197476756 0.307113046562912 0.305912562856735 0.30098538695183 0.295313416999701 0.288484214764216
-9999 -9999 -9999 -9999 -9999 -9999 -9999 -9999 -9999 -9999 -9999 -9999 -9999 -9999 -9999 -9999 -9999 -9999 -9999 -9999 0.296299922337426 0.294794488635459 0.290929553027068 0.282664556363319 0.208598968422229 0.101695508782204 0.0414741565257834 0.000772420462051448 0.00332045960790391 0.0027029660135006 0.00015492686764814 0.117151710427185 0.204472758653715 0.183752692069492 0.182956799463322 0.196872282935502 0.205965060947939 0.217396941055725 0.239709959201359 0.252360388703909 0.256419166115607 0.266420035995317 0.279019414802461 0.299330327122912 0.306615749072999 0.299981962237721 0.294789102038457 0.289514275720304 0.281004225674978 0.281373561823851 0.293159368948676 0.299626033129079 0.303900119901762 0.302236648181926 0.300229475075616 0.297688272002576
-9999 -9999 -9999 -9999 -9999 -9999 -9999 -9999 -9999 -9999 -9999 -9999 -9999 -9999 -9999 -9999 -9999 -9999 -9999 -9999 0.251609085784262 0.253628887835613 0.250395000835754 0.237363896665513 0.190107740321045 0.125771526634089 0.0517115713491236 0.00327439836635946 0.0140758926644786 0.0167255771791386 0.0144037635590344 0.131025435829168 0.217111333630286 0.192785040921932 0.187495094940645 0.196260981646234 0.197229720956145 0.202022528696981 0.224565410214703 0.24506139785466 0.263737355612951 0.263255217919517 0.265522352726239 0.299078523761951 0.317335733264617 0.319244273064818 0.310514219066174 0.298610456983404 0.28274146301569 0.27800723209392 0.287589272179846 0.294699919090225 0.300588530709585 0.30115750399254 0.301969604185966 0.303159465601838
-9999 -9999 -9999 -9999 -9999 -9999 -9999 -9999 -9999 -9999 -9999 -9999 -9999 -9999 -9999 -9999 -9999 -9999 -9999 -9999 0.251509443738815 0.25031851294178 0.241821531865439 0.219700036557977 0.160061625941196 0.0817003493508465 0.0333659861215829 0.0118676108671922 0.0510161556598026 0.0716528417695335 0.0809998053075117 0.160611411059067 0.218959748436759 0.202771782854827 0.200067505464551 0.207319154384151 0.198221305335898 0.195276990219984 0.222591038402496 0.243262588168865 0.258027849515682 0.260034444621154 0.265622876615394 0.300884534617876 0.319234857205521 0.319513506344769 0.319326882921153 0.316864230843852 0.298476174110279 0.293758642488532 0.306617680885463 0.301396565269702 0.291138739689436 0.291130488399317 0.291880732420693 0.29380949722175
-9999 -9999 -9999 -9999 -9999 -9999 -9999 -9999 -9999 -9999 -9999 -9999 -9999 -9999 -9999 -9999 -9999 -9999 -9999 -9999 0.227075163782547 0.231487781103945 0.224887068626388 0.197748409810997 0.143021750939389 0.0745272643220116 0.04343345625784 0.0327758928636885 0.0677975898838537 0.0936816795845613 0.113993068381836 0.174772750137244 0.21938745747774 0.209758149275031 0.203411746535311 0.199489336727437 0.196535979711218 0.199496202053271 0.224096496070027 0.240816925442497 0.250530841545343 0.25595419959646 0.264110506182722 0.289958511793911 0.307957584240714 0.317569184404248 0.320834611864105 0.320366341592272 0.303967659910499 0.301094757932953 0.315612322823638 0.312331985202805 0.303469022533924 0.296828982688205 0.292498949378902 0.291758115189358
-9999 -9999 -9999 -9999 -9999 -9999 -9999 -9999 -9999 -9999 -9999 -9999 -9999 -9999 -9999 -9999 -9999 -9999 -9999 -9999 0.226634909888735 0.216861370832539 0.200536216514468 0.171993438177976 0.13751870109268 0.100083612184777 0.0787039418335646 0.0646079168746669 0.0666976922251213 0.0865288772226508 0.117179915395299 0.17525209204537 0.218554968736955 0.214083115525408 0.19857039495411 0.174905449244675 0.192476175055402 0.21344139258972 0.228688640297016 0.237797489605148 0.24144827944405 0.251111583932243 0.261167462421374 0.267738890400502 0.284992552588953 0.313661389486837 0.315862700197666 0.310783397304901 0.300373175830379 0.300966318585862 0.315706789278467 0.327027292236722 0.335118717910956 0.316476355873707 0.302614593451319 0.296180742447836
