layers/veg/veg_1200.asc
NCOLS 255 
NROWS 330 
XLLCORNER -2985163.8955 
YLLCORNER -3022031.214 
CELLSIZE 25000 
NODATA_value -9999 
[rows 175 to 199 of 330, columns 114 to 170 of 255]
0.479202053784101 0.476635535687392 0.484188811543896 0.479897306354733 0.469603678491816 0.470589043330666 0.472626459469637 0.476630904005868 0.48254894092308 0.489650965720008 0.48762133451049 0.48842221994973 0.499385794926289 0.512382340326691 0.526900980160981 0.528591153613722 0.531135090936349 0.542979891216026 0.550529809999944 0.5542084059702 0.562603987908639 0.573330694933105 0.591605265273183 0.603002947105218 0.606951126401967 0.620191221877436 0.632514443756488 0.619947636373503 0.607894497110361 0.596510991827382 0.586064696844547 0.57531556926188 0.556458384193379 0.534559891181345 0.507867897544366 0.468900974224152 0.425864456034913 0.424582308854028 0.412685602848424 0.380390379446632 0.34227056256295 0.301154046989531 0.273252227716756 0.256390771998503 0.265048862039324 0.307986117842545 0.3724398640694 0.411766076438763 0.449714097829762 0.48899011428237 0.541321742205794 0.603564730830238 0.632818355687111 0.653109593010192 0.654971522643102 0.655637738407402 0.655211366518351
0.475227620935595 0.473693028275173 0.477612593337057 0.467891789288404 0.451258981682987 0.457500962384396 0.463244817685556 0.466829637226094 0.474050033473613 0.48351985274331 0.479861460224056 0.4788325175283 0.488181236938029 0.500773684193705 0.515794725609658 0.516871217831389 0.519065371655844 0.53209199266425 0.542786827366787 0.551379835154796 0.559448169277744 0.569704575851945 0.591782360235906 0.603266966269847 0.603276337699809 0.623425295871949 0.643249819879268 0.621790168562764 0.605076075475229 0.594548441936591 0.580623762663755 0.566041660294952 0.55758503071911 0.541989340895781 0.515141554805582 0.463318263778779 0.402711000771222 0.406780184105387 0.401112281830123 0.376732145398731 0.335622365684485 0.285905341488479 0.261136253030608 0.247162994518055 0.257511109934917 0.309801418454935 0.388418178514218 0.43354579649617 0.473550348815244 0.50548830589658 0.554695523099775 0.617012954749081 0.645187641030174 0.664122318615045 -9999 -9999 -9999
0.4763743586847 0.480998928339216 0.465248983908707 0.450756172112716 0.436900388916956 0.44132938469242 0.448283873837853 0.460342804143319 0.468710500763475 0.474794337984918 0.468641471058016 0.465820399064537 0.475261887418377 0.487590077222426 0.502079553859835 0.500426080869274 0.500517366019522 0.514866730700307 0.529720932822375 0.545030185614772 0.555619307048153 0.567360405549565 0.589575750186295 0.600535888474522 0.599303639445392 0.619560552572939 0.639593227189036 0.616503835034917 0.600596128761533 0.59405069496493 0.584606565712484 0.574002929851403 0.560692770216281 0.543702760637776 0.520912824405737 0.463946046792834 0.394257457231352 0.384819041055048 0.379674005555028 0.382779769910174 0.348008090145429 0.293748820814552 0.269781317317701 0.256969433187922 0.269051981757981 0.313053598242563 0.377090309042872 0.422669326023487 0.462476048327083 0.489010733761845 0.539915937007798 0.609322379589596 0.641930971284439 -9999 -9999 -9999 -9999
0.468574510336669 0.471268416012167 0.446565902105128 0.435108446194969 0.430362677281112 0.43079423037466 0.433978690125844 0.443369198795158 0.451796352966016 0.459627455406432 0.457420809728639 0.457547270470885 0.466556916938039 0.476378364164723 0.486807610404621 0.485548843890735 0.487110630011324 0.504928782349069 0.521842103434463 0.537939827192389 0.547037262086075 0.557247910517026 0.579913205894925 0.590719121969141 0.588678170439442 0.613504104428259 0.640572880866526 0.632943569753352 0.627476631032066 0.624828629238031 0.614930981379041 0.602215618279576 0.583820966502545 0.562234135861288 0.535616012215608 0.481517654105309 0.416737136210336 0.382158890073673 0.363255545754984 0.374475427723657 0.349757991700774 0.306551142799073 0.287853809365488 0.277514593381933 0.285731542358021 0.314223101740599 0.355440713550411 0.428704963772914 0.486809591742499 0.492583272387817 0.53568318631162 0.607119862742524 -9999 -9999 -9999 -9999 -9999
0.457044252493362 0.454386173133564 0.425510578751251 0.420042893938462 0.426436732291929 0.422291683075596 0.420004037672826 0.422514210639043 0.430566308869716 0.442047336065945 0.446183914903845 0.450959510751031 0.459094924967167 0.465622178643513 0.470945395026594 0.471457667070019 0.475936126554966 0.497793375716997 0.515959581947467 0.530798753725122 0.536648915010787 0.543918012095402 0.567125528212567 0.578017727570795 0.575569157580902 0.606329087044271 0.64254223548578 0.656284208937115 0.664654323899325 0.66602151451799 0.653985512633301 0.637081326949231 0.614200129297863 0.587245288038275 0.553869849606568 0.505669650776342 0.451095354911333 0.388196415707013 0.35053971956765 0.361392277819554 0.347815876100645 0.321671003712706 0.309666769569381 0.302063437319021 0.304165692290607 0.314598435082654 0.330260093381441 0.441445752687394 0.532881694248375 0.54447152817178 -9999 -9999 -9999 -9999 -9999 -9999 -9999
0.44123210919712 0.427876336640162 0.409473636741984 0.404519409454814 0.406379945739439 0.406765580392779 0.408091143050463 0.411676734655049 0.419417120030221 0.429728181122953 0.434458370220007 0.437743919432438 0.437908210376281 0.444585607723478 0.456139398198485 0.462166640748269 0.469931407554367 0.486921455602524 0.507462609912581 0.531204662477691 0.529360988745533 0.527534780862446 0.550271285404469 0.564063292714598 0.568166026346969 0.591839059985766 0.617851539252472 0.623963749898999 0.631775955441776 0.641804328008865 0.636670612251159 0.626813794444415 0.620586476098464 0.603999211982676 0.571083313133378 0.523097906395894 0.469050935840308 0.423363302112585 0.38949465563143 0.37833913561513 0.363518792790375 0.346812933020556 0.330162526244864 0.317243284500353 0.313180676372078 0.316249231577014 0.323793905268376 0.451671380229583 0.553381344631697 0.550651264534315 -9999 -9999 -9999 -9999 -9999 -9999 -9999
0.423437327555088 0.407447285836426 0.397718735792779 0.393075491347052 0.391009131008729 0.393292876258867 0.396423599853429 0.401343748668079 0.407185514448935 0.413597507896128 0.419407372384865 0.422612368341546 0.418281199581173 0.425169362842085 0.440457492291025 0.450802847494651 0.461653193044955 0.476757813863307 0.493333969239696 0.511236537303197 0.508196097206974 0.506106053853765 0.528964356894387 0.544949133854938 0.553488050685585 0.57121173628712 0.589590698890513 0.595258835074238 0.606014375498743 0.623402016726973 0.625062420548982 0.62230431930513 0.629681866598494 0.619492780140569 0.581616372494409 0.534814532802954 0.484788195665889 0.454436790187215 0.424742787827943 0.396312149230543 0.37995082789536 0.369799057035786 0.348706934055717 0.331417192276928 0.323731906314588 0.32277338621275 0.326037150696913 0.471489318087144 0.59211788304529 0.607585873467969 -9999 -9999 -9999 -9999 -9999 -9999 -9999
0.40195504091732 0.398327875873777 0.39392799423475 0.389219150380357 0.384353745665023 0.383639283877439 0.385212385269496 0.391949062592577 0.392940724188103 0.390377799625255 0.398171371049432 0.40391732759709 0.401555078679077 0.408766759038954 0.423146484882136 0.435583919272779 0.449146508898436 0.467911497622548 0.468730999609615 0.4533747881862 0.461221466398702 0.475293219593019 0.499375887373369 0.516238414896563 0.525279606784041 0.539169667146423 0.554689754781013 0.573278463521509 0.593489295927348 0.615814779962092 0.624068124624252 0.628504243258333 0.64381580192266 0.632642215154349 0.579724561839604 0.535908111744205 0.496399604617918 0.47789697509592 0.453096643109155 0.416193707952072 0.397738948846484 0.388775603205789 0.363622032112709 0.343720155416363 0.337140396785367 0.338361489667242 0.344479053718697 0.509147974239951 0.637186306146293 0.621172006296164 -9999 -9999 -9999 -9999 -9999 -9999 -9999
0.37731904324239 0.383263126340755 0.386698915016198 0.382343580688686 0.374040239568161 0.3705154641546 0.368863500123242 0.371378862732173 0.371504533230175 0.37015164093512 0.378824109139413 0.385169034407055 0.382649627506043 0.390255845699196 0.405443166605262 0.417642755785205 0.428060600065673 0.433098854682236 0.429978796461717 0.419504993408338 0.43393100056568 0.453393205598551 0.475092839397573 0.490486427604972 0.499048888251195 0.51545078016056 0.534000787978894 0.553801441195542 0.575526803698906 0.599761278001374 0.615574971156542 0.629201576419779 0.650623676876282 0.643295984575367 0.59065484420922 0.532354892026567 0.472928161193833 0.462922255956158 0.446145373942925 0.416356374344194 0.399556938437649 0.389440511159542 0.369730115314169 0.352227664393915 0.340472861097841 0.364754383151536 0.411655336922608 0.553305004962393 0.664857123541024 0.665758026162258 -9999 -9999 -9999 -9999 -9999 -9999 -9999
0.351113440949588 0.365239376336695 0.377758572271544 0.373965338338267 0.361906083716383 0.355664509384838 0.349957592046002 0.345246600324763 0.346489176137453 0.351415374372194 0.360416874419316 0.366394237430367 0.362659521836505 0.370695624941732 0.387544594881649 0.398346733531678 0.402704803939301 0.385362749250735 0.38418450797143 0.397576014348453 0.41643736008541 0.435929109696571 0.453450304157095 0.466207003535726 0.473802485286585 0.495874347886522 0.520385134155648 0.535570337871087 0.554858106648521 0.57949410877979 0.603349630024985 0.627160265547188 0.653785365463138 0.652707659145934 0.607966692988941 0.526488956734366 0.431995952833195 0.428818452962139 0.421622714844552 0.406704931550388 0.393426580309174 0.380991701475134 0.371454939864464 0.358846172664294 0.338790478773601 0.396524829660214 0.5030867618569 0.600696282137022 0.67229920886577 0.668001485169336 -9999 -9999 -9999 -9999 -9999 -9999 -9999
0.338184184027208 0.347837042943729 0.347695171373162 0.340437681767957 0.329574484958981 0.333124489365929 0.333991811861175 0.327964729159586 0.327851270031827 0.331396718990351 0.33929026345682 0.34374858145458 0.337231310475625 0.344374556555183 0.361745495440766 0.375445175739431 0.382130335020444 0.363822031386759 0.361088163957429 0.372392791012141 0.388319809173375 0.404907676672737 0.420493063578901 0.433807903547655 0.44466313621771 0.469262896649232 0.496414011831644 0.516506206016211 0.539035688985639 0.564742498572719 0.593407949554979 0.622755595883653 0.648221226331202 0.646460868787421 0.601788779556413 0.526318634482809 0.440227037998907 0.442358997263745 0.436371439637309 0.414780208858711 0.387846950164691 0.358165268236594 0.393899486821765 0.419213871255445 0.416343725845215 0.464397975940078 0.544416664020668 0.618384615246143 -9999 -9999 -9999 -9999 -9999 -9999 -9999 -9999 -9999
0.328566832445142 0.33452279735868 0.324629841276119 0.314678257934525 0.304696966318933 0.311971268960276 0.315233931384443 0.308373807902239 0.306555725404373 0.307857280857528 0.31616551163 0.321545317693036 0.316903192667126 0.322714681706821 0.336352840331409 0.349011958262466 0.355038530325664 0.336257629796152 0.331669642393429 0.33987487138895 0.353992038179904 0.369668642627119 0.387757993599647 0.404329849248872 0.419257853140869 0.443972263314625 0.470890409977045 0.495730527838558 0.521301676213647 0.547825819048616 0.577910455300551 0.609022170098301 0.63819413105501 0.640378893984345 0.600028289561375 0.536869218017664 0.465942510930408 0.46431517711676 0.454023598805432 0.427081517630132 0.389168134232258 0.345610118793142 0.409252861720416 0.457502677596349 0.4635603038016 0.502708976355072 0.562628375559089 0.580329343593762 -9999 -9999 -9999 -9999 -9999 -9999 -9999 -9999 -9999
0.326100205415986 0.330558788737999 0.318307339397938 0.307560787902855 0.297576815423982 0.294252307310419 0.289978235892129 0.283196037019096 0.278956418326192 0.276289958131618 0.288550862718241 0.300484688178702 0.308446330200785 0.311963931316155 0.312154258286881 0.314603083819092 0.312848625646667 0.294015458021611 0.287005294128048 0.290652156305384 0.305781813989699 0.325212145345341 0.355907994425362 0.381817215358112 0.402541242656145 0.421942919591226 0.442152096000264 0.47105924343488 0.499024866978087 0.525763090247714 0.549601856382549 0.573983496522886 0.618226687807093 0.635194790565596 0.609173772748085 0.571805513534068 0.53010349660256 0.503979567138092 0.477026779323029 0.448481133833636 0.406289345740211 0.357076745329392 0.407663394267173 0.443396167972428 0.438606265766533 0.472057355285388 0.529511710751233 0.56549654718668 0.591303089221045 -9999 -9999 -9999 -9999 -9999 -9999 -9999 -9999
0.322560559794245 0.325941003484806 0.314613554813017 0.30365584790068 0.292885500753737 0.280266932533709 0.26911969755088 0.261490200651757 0.257222304636386 0.255034315889859 0.263094080969275 0.273697399144455 0.289711231463644 0.293951538093004 0.289376951151088 0.281298182244591 0.27169987989582 0.257964463202206 0.255061828209078 0.261923652368993 0.278959407570962 0.29923867338281 0.326566353670116 0.351638541324169 0.374267429502001 0.397642348473316 0.422018968361714 0.452586270496561 0.480957929946401 0.506467280264366 0.526107668367596 0.546196470904519 0.597866628446323 0.623268199255808 0.607267028463453 0.583886034770991 0.557047428448087 0.514606814104227 0.478695827318264 0.455333145509447 0.411111679976202 0.356158565950948 0.379978967538998 0.395745113273197 0.388240705988239 0.421114693850711 0.479333561998 0.543157552710436 0.591303089221045 -9999 -9999 -9999 -9999 -9999 -9999 -9999 -9999
0.318368189529501 0.320925521377144 0.312518837167527 0.301705112169641 0.289671663984282 0.268552724515651 0.250935980365098 0.241896366101552 0.239056028714747 0.240051340318825 0.238949944763652 0.243426543453894 0.264723810402436 0.271521837231195 0.267464215387891 0.248664835013789 0.2311844783334 0.225679604212818 0.230856563142937 0.2456619190432 0.265147358862671 0.284508553759639 0.29875056471735 0.316796561966086 0.338963289903714 0.371960173997825 0.407120435183513 0.43788377336025 0.465451887339426 0.488854606165044 0.50554211985589 0.522820672972844 0.577267737984329 0.607240105854593 0.598637137645788 0.582063230184651 0.561351968636776 0.507570565800569 0.467387174711978 0.453335748575281 0.408452521969511 0.347706623341195 0.336420796315986 0.327688679431162 0.322417141500028 0.357828851999664 0.41877679437059 0.516252485950953 -9999 -9999 -9999 -9999 -9999 -9999 -9999 -9999 -9999
0.30506174805902 0.307993344109681 0.303601425656814 0.293708901617447 0.28102904791932 0.262033015919565 0.245096713623386 0.233247165304931 0.228343607043395 0.22773770805442 0.221720318333526 0.219485347811905 0.229461091948557 0.237583679921284 0.244318801234802 0.2184030422851 0.195355070158896 0.198626631487096 0.207164793331157 0.220450166651861 0.236797623937593 0.253565052023905 0.269576274707797 0.291200707450163 0.318905742271914 0.357937542977767 0.398345893460538 0.427408163908854 0.455469579734495 0.482226249871901 0.502388448958075 0.523485418151083 0.585779578165357 0.616077139345306 0.595943859796182 0.576341106542486 0.555689518746528 0.483919546028339 0.431170390341646 0.414974470028537 0.377491552556952 0.329056674799801 0.298522039638885 0.275037059673076 0.267349189118823 0.31088035471183 0.386560899563625 0.441147009229895 0.480916998316055 -9999 -9999 -9999 -9999 -9999 -9999 -9999 -9999
0.289303134747994 0.291650527783484 0.292535176935704 0.284304535414996 0.271454889742594 0.255651204389118 0.240354249385498 0.226369649467267 0.218613659398471 0.214711467370736 0.206728979114591 0.200278102605436 0.19915269276418 0.206286513195918 0.219604057836963 0.190831026243539 0.165797395256208 0.174854487196427 0.184995121052422 0.196112438559 0.209027037131462 0.223260671561405 0.24259899039151 0.267964086225786 0.299857787332587 0.342131578488464 0.385092904038426 0.413285410107402 0.442610110251107 0.473410774339801 0.500047258462572 0.527664840846495 0.586477314378064 0.61503111567305 0.595893276736597 0.571834877005228 0.544490854285401 0.467274904664711 0.408917541737493 0.386801648200271 0.354000121208085 0.31570093607494 0.267219279932504 0.231142021203697 0.225054588975615 0.276064682752446 0.362913990937626 0.430945186839615 0.480916998316055 -9999 -9999 -9999 -9999 -9999 -9999 -9999 -9999
0.268166327787032 0.266949705722324 0.276541391875531 0.271961428996254 0.260200246332972 0.248708507869905 0.236492779792731 0.222573947989903 0.210337397611755 0.19914171718945 0.196905734857003 0.193530758587873 0.185000392164416 0.184713732428305 0.190599174320558 0.170564445266254 0.153429332525437 0.159561740156066 0.167112241466187 0.175940984892827 0.185604230588355 0.197785696464034 0.222196459389208 0.249813777850184 0.280904650312441 0.319042202293252 0.357819124277802 0.387884652145521 0.420449961576274 0.456274065183525 0.496834217722736 0.537528617413198 0.559313702095842 0.580950960624733 0.602355225726604 0.57154770424233 0.519193608441181 0.473862334771463 0.431453885647307 0.394662371557684 0.357229018637431 0.319465445661692 0.253860058404887 0.209612943933446 0.217545825609555 0.273161804396033 0.358707709408134 0.429031377940074 -9999 -9999 -9999 -9999 -9999 -9999 -9999 -9999 -9999
0.25888339911376 0.25443646811342 0.265046422819604 0.262595173562481 0.25352540192386 0.241920714125121 0.229351170073096 0.214637833421625 0.200951403091175 0.187900345606989 0.187534067280356 0.18460355924609 0.171576553265662 0.165343305676304 0.164196576666336 0.150108729132591 0.138373650654379 0.141703542397129 0.147275545209734 0.154868543419781 0.164054651705362 0.175974398813387 0.200512269505559 0.228971731681832 0.261679322305879 0.299944713236595 0.339046659367721 0.373808274696265 0.4086265019845 0.443518530410919 0.489551209905702 0.536098213321701 0.540796183405389 0.556438054670438 0.589328951067492 0.567722436557766 0.523936667069652 0.499985213654463 0.470704301397689 0.431181507147745 0.391864850889883 0.352654250694595 0.285344217903228 0.241032525501594 0.252808684905363 0.298570886437255 0.36566558932159 0.37212378161458 -9999 -9999 -9999 -9999 -9999 -9999 -9999 -9999 -9999
0.258331472282344 0.250900024404192 0.256865067238181 0.255421524700319 0.250223819205001 0.235247014381982 0.21979356545338 0.203652087884859 0.190748032323918 0.179847051428512 0.178495009566687 0.174070782355016 0.158689264540521 0.147595027937483 0.139710698764448 0.129513705056109 0.121338396604954 0.121955755897238 0.125999760704497 0.133132477265398 0.143884803046835 0.156861591374888 0.177884070768257 0.206147079731988 0.242253511390174 0.283787458010025 0.326535857840445 0.368072896261338 0.404416554969162 0.433989959901395 0.479270458296731 0.526349053989449 0.528646965218999 0.538971928464854 0.56194857959336 0.561291176764291 0.550805982380998 0.540496973130578 0.522265505945053 0.488809063451702 0.4496335346136 0.407515589517763 0.349857874822617 0.311451565864752 0.319575083142322 0.344833209281108 0.380846458518003 0.377952772415616 -9999 -9999 -9999 -9999 -9999 -9999 -9999 -9999 -9999
0.256286861350229 0.24758951216395 0.243821764847884 0.241386781115768 0.239627150561994 0.227110901610405 0.213788346232322 0.19905014067804 0.185061279275228 0.171536056002402 0.163322172781218 0.15508187525954 0.145692697141572 0.133713874606432 0.119796173223425 0.113757659274399 0.109470154922979 0.108139003830977 0.110970800472463 0.117554997395224 0.126941867993 0.138765571566041 0.160515006600497 0.188228806099352 0.222403601460935 0.264714082518531 0.309485769876583 0.357321493177601 0.39502280989371 0.419512594190538 0.452973780643643 0.48817878346347 0.507307499758661 0.533638222839931 0.571320254197408 0.580746292181402 0.578384937353259 0.574718165484332 0.564472819576679 0.541585105843191 0.510607373363494 0.475467402153818 0.418179688683988 0.36908749562762 0.340621007899072 0.349742525036583 0.38245743859307 -9999 -9999 -9999 -9999 -9999 -9999 -9999 -9999 -9999 -9999
0.254533139546333 0.244919686474787 0.233118858688823 0.228369202259805 0.227192595878304 0.218236067988612 0.207999332815364 0.195110302574644 0.180311052502046 0.164329901230941 0.149884365298811 0.137887375947239 0.132778734876413 0.118637387597943 0.0977332110720051 0.0975916559666746 0.0988914350733026 0.095893688830744 0.0976431647332053 0.103671694530328 0.110825148388968 0.120732483064624 0.143810471825371 0.170554163534241 0.201268788227369 0.245304193396136 0.292918474606501 0.342115573692809 0.379937636574475 0.402930843091539 0.42994773025835 0.4587708509596 0.493958410848502 0.534866198954815 0.584789817764256 0.600986279713517 0.603141399254397 0.604882862448766 0.602557584180556 0.592417049730707 0.567406686460013 0.534745935796177 0.477425079479618 0.439581779542535 0.449285307829791 -9999 -9999 -9999 -9999 -9999 -9999 -9999 -9999 -9999 -9999 -9999 -9999
0.254520280457117 0.244532838710773 0.233266555610291 0.222163743839793 0.211143768127843 0.207259586466167 0.201445971699195 0.19081433822457 0.177049647465559 0.161346455128032 0.145607315816127 0.131099811756441 0.12022023109405 0.0974080406405057 0.0656618496073843 0.0777645408486342 0.0908271789999533 0.0868739622017466 0.0878847468301571 0.0933699859898246 0.0963564222562224 0.102484513240414 0.127255365027709 0.151619363721417 0.17554263211266 0.225930305112144 0.280150849277136 0.312557832592232 0.345974609260989 0.380707784429934 0.426156456958447 0.474498551070144 0.514383343522135 0.555140620139483 0.5972730463535 0.612716068290381 0.617087623235872 0.622738714442374 0.629440344404253 0.638160846128098 0.607265717032435 0.555988717624444 0.501233674375514 0.460955118876738 0.455233651929293 -9999 -9999 -9999 -9999 -9999 -9999 -9999 -9999 -9999 -9999 -9999 -9999
0.255262404891316 0.245043456750113 0.233645634597415 0.219673953926243 0.204398018282928 0.198326876589925 0.19233934985353 0.186146648583416 0.174225880324566 0.158761012519607 0.141614925463423 0.125125187301203 0.110904017276351 0.0861712084706279 0.0535682867051863 0.0686581932902361 0.0849654735219343 0.0834253804681033 0.0846769284538083 0.0884448074848709 0.0900373097641605 0.0942763926522039 0.114287721758363 0.135177728025943 0.157019575774454 0.205194986234736 0.25693296996107 0.28505110170196 0.318527770735798 0.358989998181229 0.410219033482775 0.464115828679769 0.506340074898595 0.548873542906669 0.591894385053609 0.610627687788108 0.618950932301305 0.614951816080997 0.611977533846628 0.610972725260254 0.585103644776457 0.546442129722259 0.504447794954844 0.474846186305187 -9999 -9999 -9999 -9999 -9999 -9999 -9999 -9999 -9999 -9999 -9999 -9999 -9999
0.256674216592636 0.246350147024863 0.234229954650608 0.22048004506235 0.205904306562247 0.191207037863739 0.180967928648466 0.181149230297089 0.171790307782701 0.156528607910371 0.137875034124147 0.119871658569193 0.104463787156723 0.0837979603555242 0.0591954778425854 0.0690614062795879 0.0810574796722342 0.0849185288305487 0.0872796383327041 0.0882887313436622 0.0909470868012949 0.0949738428329584 0.104502238856319 0.120947584651098 0.144885830003338 0.18325204797862 0.224445481685289 0.259363662729962 0.296860937371444 0.337720399860939 0.383507703206497 0.430572577687458 0.473044875159591 0.519063563094827 0.570671828020227 0.596282282330665 0.610096425655486 0.584419224768537 0.555179210414251 0.519092362979762 0.507927467485207 0.509584682401668 0.489394156311438 -9999 -9999 -9999 -9999 -9999 -9999 -9999 -9999 -9999 -9999 -9999 -9999 -9999 -9999
