layers/veg/veg_500.asc
NCOLS 255 
NROWS 330 
XLLCORNER -2985163.8955 
YLLCORNER -3022031.214 
CELLSIZE 25000 
NODATA_value -9999 
[rows 175 to 199 of 330, columns 57 to 113 of 255]
-9999 -9999 -9999 -9999 -9999 -9999 -9999 -9999 -9999 -9999 -9999 -9999 -9999 -9999 -9999 -9999 -9999 -9999 -9999 -9999 -9999 0.627060781703944 0.467997601821568 0.221992548199603 0.270142502097652 0.292028418329893 0.219864937082199 0.140350093277956 0.055947942129664 0.0245314417326034 0.00354973345148744 0.00109359787747926 0 0 0 0 0 0 0 0.0447551134406173 0.114595287628352 0.277176605366005 0.360203614677323 0.350928756540301 0.364522782230709 0.385444127916098 0.414672248416304 0.419517206730307 0.390271662287791 0.385185877158736 0.386656616809097 0.349691409515956 0.326363737040183 0.326149885797487 0.324738381928522 0.32284833240746 0.329562390964801
-9999 -9999 -9999 -9999 -9999 -9999 -9999 -9999 -9999 -9999 -9999 -9999 -9999 -9999 -9999 -9999 -9999 -9999 -9999 -9999 -9999 -9999 0.472439356436168 0.233303862966014 0.246019179028556 0.244805624441273 0.184789275561878 0.111201376894449 0.0285908875931143 0.00992648826958884 0 0 0 0 0 0 0 0.00186852566141801 0.00554072340294464 0.036443214391809 0.0916595176638446 0.256723503063577 0.339812489313091 0.327791032705227 0.356550347362033 0.394644428650239 0.413577259752478 0.411463206478385 0.379923155691403 0.360930407925372 0.34614121423147 0.325643156438868 0.311680457367205 0.308794328598954 0.310989960320269 0.315513919828318 0.324999390999849
-9999 -9999 -9999 -9999 -9999 -9999 -9999 -9999 -9999 -9999 -9999 -9999 -9999 -9999 -9999 -9999 -9999 -9999 -9999 -9999 -9999 -9999 0.279791831700903 0.260858236281915 0.237559224394027 0.205603324726796 0.152082061657686 0.084030305482813 0.00631843730527839 0 0 0 0 0 0 0 0 0.00785892149093587 0.0233039936918435 0.0386211212200394 0.0746325559184917 0.232940576035066 0.316283088456242 0.312647830705418 0.349672354320108 0.394297199853723 0.404278685161086 0.39531720538744 0.359871252501597 0.330125158291451 0.30376318250352 0.301129974977264 0.297895269903729 0.293641105890869 0.299230834901978 0.309256159702927 0.31850246673199
-9999 -9999 -9999 -9999 -9999 -9999 -9999 -9999 -9999 -9999 -9999 -9999 -9999 -9999 -9999 -9999 -9999 -9999 -9999 -9999 -9999 -9999 0.299160451058062 0.310182111450412 0.256161553519774 0.196018591589688 0.126392700473851 0.06338070822709 0.0047657452748273 0 0 0 0 0 0 0 0 0.0285900611431098 0.0847778674588985 0.0975667069726402 0.11689859993206 0.228483463004031 0.300870884908451 0.327779977725121 0.356525816141839 0.382000868505897 0.373006519351272 0.349578159754327 0.305969371178813 0.28367556233632 0.270111319507261 0.275208350797979 0.280389767825928 0.285714207538773 0.294349468713351 0.304398725843141 0.303346995697793
-9999 -9999 -9999 -9999 -9999 -9999 -9999 -9999 -9999 -9999 -9999 -9999 -9999 -9999 -9999 -9999 -9999 -9999 -9999 -9999 -9999 -9999 0.368452543163907 0.359627074418395 0.281535428672842 0.199852357408849 0.115503471652073 0.0526005113507568 0.00395515678880066 0 0 0 0 0 0 0 0 0.0360332658235878 0.106849139594778 0.13168115254359 0.155085174860191 0.226891414150757 0.283655430808075 0.32296690131061 0.348938555825873 0.365781874713055 0.333585216766372 0.30057282362915 0.266419937616174 0.254018616403586 0.250259949759465 0.260801585765007 0.270856010483362 0.28008467638639 0.287375575157648 0.293708004828972 0.288312628211972
-9999 -9999 -9999 -9999 -9999 -9999 -9999 -9999 -9999 -9999 -9999 -9999 -9999 -9999 -9999 -9999 -9999 -9999 -9999 -9999 -9999 -9999 0.386623799536438 0.405901760519972 0.312988184153611 0.215732035491389 0.117900460349912 0.0506801676852589 0.00381076160916492 0 0 0 0 0 0 0 0 0.031547766753207 0.0935483269881777 0.143504450870526 0.18960957215992 0.227871360259567 0.264821181787631 0.30024881090422 0.328387723916881 0.34604147008242 0.286848357729527 0.24863530791948 0.239754830910576 0.239436589766867 0.242797412130977 0.256731817698215 0.268478563096155 0.276517513298774 0.278523200174575 0.277780687270152 0.273386976516441
-9999 -9999 -9999 -9999 -9999 -9999 -9999 -9999 -9999 -9999 -9999 -9999 -9999 -9999 -9999 -9999 -9999 -9999 -9999 -9999 -9999 -9999 0.388304607489823 0.388232472170401 0.301707082362238 0.209655317253494 0.111627007775592 0.0465965867847789 0.0035037075082371 0 0 0 0 0 0 0 0 0.0153529839579451 0.0455260739936874 0.10819106483502 0.176984567825324 0.241792846116222 0.278177030856953 0.281582525101793 0.278211390350491 0.27054516211222 0.241081261189235 0.224441419448985 0.225731107175843 0.232850328136268 0.241959724653974 0.249080544325475 0.255410309979192 0.260399343499307 0.261711817484644 0.261359146530125 0.260112352284788
-9999 -9999 -9999 -9999 -9999 -9999 -9999 -9999 -9999 -9999 -9999 -9999 -9999 -9999 -9999 -9999 -9999 -9999 -9999 -9999 -9999 -9999 0.362198288565458 0.362609806310639 0.282978283713999 0.197257818231355 0.103536103129461 0.0425007118670522 0.00319572899109115 0 0 0 0.000381762068961322 0.00106993341333702 0.000556866125585361 0.000268783322495901 0.00167747813365288 0.00410978745481841 0.00753018323934854 0.0728040514129263 0.153608372340809 0.249630816031765 0.289516855857056 0.264271352072326 0.230694227069369 0.198691037885244 0.202295497870632 0.208092697749289 0.216955603577201 0.228053986487473 0.239280368377889 0.238405729985611 0.239186926803764 0.242774545717837 0.244654252839864 0.245770757752896 0.24790971458245
-9999 -9999 -9999 -9999 -9999 -9999 -9999 -9999 -9999 -9999 -9999 -9999 -9999 -9999 -9999 -9999 -9999 -9999 -9999 -9999 -9999 -9999 0.361805827279908 0.361610369484506 0.26626413061011 0.17308832014408 0.0942808762741212 0.0403795544098191 0.00303623414775879 0 0 0 0.00272378020905437 0.00763371663450569 0.00397310538495604 0.00191770412479713 0.0119684015596323 0.0293223414345767 0.0537260397128885 0.0814433656004275 0.119443772092432 0.214040022171658 0.260180698501768 0.250101415991238 0.224739508202187 0.198062636759735 0.198443645629388 0.205891557561717 0.223219823670363 0.224916164781843 0.220903649472806 0.215579664459965 0.216833821032935 0.229237059217534 0.233830263732861 0.234925978516254 0.23965614398601
-9999 -9999 -9999 -9999 -9999 -9999 -9999 -9999 -9999 -9999 -9999 -9999 -9999 -9999 -9999 -9999 -9999 -9999 -9999 -9999 -9999 -9999 0.336549735579608 0.344019395732515 0.232688196278078 0.131872608910341 0.0688081946539833 0.0280452877145019 0.00210879147843653 0 0 0 0.00281262298702412 0.00788270904211219 0.00410269797043438 0.00342644823731616 0.0213844815251845 0.0490674908610752 0.0861379376508522 0.0944211702523429 0.109327592502926 0.198901664468677 0.246221084655741 0.244515086299148 0.219013271800487 0.190233442331961 0.192380652781668 0.2003331967858 0.216402273749372 0.21301378963516 0.202896677380628 0.197883446306052 0.200669667779644 0.216674931721572 0.221989713413043 0.222526488841764 0.229347937106126
-9999 -9999 -9999 -9999 -9999 -9999 -9999 -9999 -9999 -9999 -9999 -9999 -9999 -9999 -9999 -9999 -9999 -9999 -9999 -9999 -9999 -9999 0.323131974318259 0.309849898707895 0.180920759551048 0.0722664190501833 0.0258391487290939 0.00469250532080188 0.000352840567504973 0 0 0 0.000470604846931047 0.00131892582094344 0.000686458711063657 0.00478396131715879 0.0298567278179897 0.0629140758548287 0.10367887318456 0.112079599009518 0.125156293593143 0.205828623371449 0.248850609542497 0.248189266755449 0.213533536006391 0.174635599572692 0.183932148635103 0.191152864787088 0.195471324578121 0.19165568779171 0.185288610359123 0.185721615622015 0.191182528242876 0.205165080104618 0.209052435796898 0.208449684162947 0.216823065191544
-9999 -9999 -9999 -9999 -9999 -9999 -9999 -9999 -9999 -9999 -9999 -9999 -9999 -9999 -9999 -9999 -9999 -9999 -9999 -9999 -9999 -9999 0.352720757321839 0.279428298650137 0.177143356496359 0.0867082239428435 0.0290483438184719 0.00387196013678689 0.000291141835463504 0 0 0 0.0134825453086512 0.037786430070971 0.0409780249886978 0.0482173634102239 0.0856750231814363 0.108675314123815 0.117720028727674 0.145006915170465 0.177903457718437 0.221363341799005 0.233623464215115 0.209684462755501 0.185863105748036 0.165238594270595 0.173419039078313 0.178150319244796 0.178059265219687 0.176679780317779 0.175256636680579 0.181345550608477 0.187382969455617 0.193333110938705 0.197013043607154 0.19969085750114 0.20544788650874
-9999 -9999 -9999 -9999 -9999 -9999 -9999 -9999 -9999 -9999 -9999 -9999 -9999 -9999 -9999 -9999 -9999 -9999 -9999 -9999 0.366652544557875 0.387236185497344 0.338359158587561 0.251515830372328 0.183337825920626 0.114230739634163 0.0410276125965422 0.00758287592466673 0.000570174365646109 0 0 0 0.0298729550242034 0.0837224945434466 0.0907176182786474 0.0997565986864484 0.146429434636367 0.157469759784741 0.134114322432245 0.179113534799539 0.23056736982012 0.235638851679613 0.214896398595471 0.164203658108683 0.154695565668131 0.157033202984511 0.162038988618245 0.164277597483702 0.162647370694194 0.1641135266284 0.167114357289757 0.177584155701895 0.183199871167665 0.180588556823766 0.184582188927061 0.191519885004589 0.19346737762858
-9999 -9999 -9999 -9999 -9999 -9999 -9999 -9999 -9999 -9999 -9999 -9999 -9999 -9999 -9999 -9999 -9999 -9999 -9999 -9999 0.35731019870466 0.349459429331296 0.308323986628445 0.248995572628178 0.173725661879986 0.0999769573098284 0.0315735295013629 0.00273723284240012 0.000205819007860105 0 0 0 0.0426242928434716 0.11945962902279 0.128820604591092 0.13263275238613 0.154625588324229 0.168618515857456 0.174889199200394 0.193159302449795 0.212597077861043 0.224096719210828 0.203638340560379 0.146101078511621 0.139236595406468 0.14605502856563 0.148036654017925 0.151091049966293 0.155645304106729 0.157615380190484 0.158855438556596 0.163694045657281 0.165339599810495 0.161573350730649 0.167496850108293 0.17769751695996 0.17474219816778
-9999 -9999 -9999 -9999 -9999 -9999 -9999 -9999 -9999 -9999 -9999 -9999 -9999 -9999 -9999 -9999 -9999 -9999 -9999 -9999 0.30474969299412 0.309476022181853 0.284829921074756 0.24412923003675 0.163200021001571 0.0865952616397359 0.0247120296918512 0 0 0 0.00146016774116332 0.00762846642000978 0.0549374797478018 0.135266789198544 0.152834957989881 0.161045560434902 0.168370212924311 0.181687944940167 0.200790746135922 0.197003200417525 0.191995831080516 0.208078611018106 0.191306899368181 0.136416184642497 0.128941329190212 0.134123768200986 0.133449466815638 0.135920903090863 0.14279044727228 0.144908808620389 0.145326514825219 0.145961467099259 0.145750552070756 0.144106003626849 0.14766346208701 0.153507060498521 0.15088327956539
-9999 -9999 -9999 -9999 -9999 -9999 -9999 -9999 -9999 -9999 -9999 -9999 -9999 -9999 -9999 -9999 -9999 -9999 -9999 -9999 0.300923676149143 0.294005121434781 0.26982781355657 0.236217094755833 0.151488463476648 0.0743457480214443 0.0212163379124866 0 0 0 0.00481599080639609 0.025160550469632 0.0666818394610955 0.125199961864435 0.158558815551285 0.183663852752512 0.189318111592629 0.197250877963932 0.207383068460457 0.187602573092748 0.167978960619183 0.186249590166316 0.17758194396582 0.137659508345002 0.125349815419411 0.120955168867365 0.118102997705212 0.118175558463937 0.122337235345066 0.124142180781332 0.124955833978469 0.12324042338777 0.123917129207971 0.128648156562866 0.124262433201805 0.115856286120392 0.120359510301129
-9999 -9999 -9999 -9999 -9999 -9999 -9999 -9999 -9999 -9999 -9999 -9999 -9999 -9999 -9999 -9999 -9999 -9999 -9999 -9999 0.208729584087674 0.213674152038115 0.200186293677743 0.176623509855591 0.120485845734921 0.0699914182883002 0.0368530556868585 0.023016788528605 0.0220128734805014 0.0278670506629858 0.0352400714439867 0.0455533724947162 0.0732447784562087 0.11488417183371 0.153525543051464 0.185144963166485 0.188837657625129 0.191875420931613 0.194280984714197 0.173407342543707 0.151069610175044 0.148860938746928 0.140072013775963 0.123648433909455 0.115793945732697 0.110890822701935 0.110973794782484 0.111805136334586 0.113682785635374 0.115066725532892 0.115783410340462 0.107766277034518 0.105145579117856 0.111671126806 0.108647165905502 0.101407645038791 0.107092485742136
-9999 -9999 -9999 -9999 -9999 -9999 -9999 -9999 -9999 -9999 -9999 -9999 -9999 -9999 -9999 -9999 -9999 -9999 -9999 -9999 0.119772407628669 0.1248838135053 0.118186351130738 0.10503431433322 0.0851286588000668 0.0675242345782402 0.0563893504477265 0.0510877427200538 0.0496641935678039 0.0630363996894727 0.0729384393262225 0.0674291980543612 0.0792717418378536 0.105041148236121 0.144319854679628 0.178131126202902 0.180403398705599 0.179682728855266 0.176072996964738 0.159507201381571 0.139179189611669 0.112658521489424 0.100966147744666 0.106478112635861 0.105115418620954 0.10258024641316 0.106927339512364 0.109364556582629 0.109131544355643 0.109996272844424 0.110414352269981 0.0957951791973975 0.0890032486916184 0.0954774610672215 0.0964609047664768 0.0950133563997121 0.100003812719304
-9999 -9999 -9999 -9999 -9999 -9999 -9999 -9999 -9999 -9999 -9999 -9999 -9999 -9999 -9999 -9999 -9999 -9999 -9999 -9999 0.11759086117023 0.116062501393741 0.108629990761567 0.0979703477495816 0.0754621848057152 0.0559126301351695 0.044975483078045 0.0466607054745673 0.0567374877289471 0.074299997637893 0.0897825190683135 0.0964222264965957 0.100468492185735 0.102433213717587 0.12667615066692 0.150669048062493 0.159828920238685 0.168087288115062 0.175475441485292 0.169968393162213 0.162386782785867 0.158497886888174 0.142777843405362 0.113330862466052 0.105299077252854 0.103878955665947 0.107962508974695 0.109553397072874 0.107659248669919 0.107183319471195 0.106779791665052 0.0985420603005645 0.0940770181137598 0.0960061860528103 0.0957211672134206 0.0944837459696894 0.0997289576807398
-9999 -9999 -9999 -9999 -9999 -9999 -9999 -9999 -9999 -9999 -9999 -9999 -9999 -9999 -9999 -9999 -9999 -9999 -9999 -9999 0.25180030638085 0.171581055745216 0.136583899854914 0.126304555179601 0.0935294497990505 0.0663321571163392 0.0553863938602147 0.0528405889191269 0.0558792151153936 0.0767399551835362 0.0977676054205853 0.114247670333361 0.112074178164723 0.0949289971513365 0.113153118085055 0.134595932122756 0.147823599362117 0.160521843720461 0.17270904063173 0.177970136948227 0.182015794824776 0.187447684649512 0.166484775166615 0.114897637842248 0.103055852044413 0.102629668636863 0.1046313536139 0.104856905144364 0.102599215096318 0.102175514733657 0.102246708418366 0.0993498938254139 0.096067977373809 0.0921333641088418 0.090667641178107 0.090350769541021 0.094905061414919
-9999 -9999 -9999 -9999 -9999 -9999 -9999 -9999 -9999 -9999 -9999 -9999 -9999 -9999 -9999 -9999 -9999 -9999 -9999 0.278156962815029 0.269130885915521 0.241659073363484 0.223406302563639 0.21019254056905 0.15512195361155 0.111327269348462 0.100049039745839 0.075666938834549 0.0425731676730623 0.0653321204803303 0.0918494166623332 0.114546743593044 0.108627679244612 0.0797405716312399 0.106097053703993 0.136396616030448 0.149266686244938 0.159281062345895 0.166538860976033 0.182112031134554 0.196028593391121 0.189891050468978 0.161778149966157 0.108168622282925 0.0970038833129989 0.0973815646171102 0.0944477024258053 0.0924933885737141 0.0919085974727368 0.0937231174784446 0.0963034866907417 0.0971145924536139 0.093220784497257 0.081352768879497 0.078844069676188 0.0805626823566933 0.0829419147976593
-9999 -9999 -9999 -9999 -9999 -9999 -9999 -9999 -9999 -9999 -9999 -9999 -9999 -9999 -9999 -9999 -9999 -9999 0.272441122997265 0.272982176017508 0.268307940902932 0.252975717012318 0.228780999848539 0.199742158659682 0.150523968906742 0.111186150500488 0.0988043951214632 0.0856458038906566 0.0719707593446549 0.109287006096198 0.140598561302734 0.137997715875829 0.118844253206574 0.086405354744183 0.119679906124455 0.153803627913194 0.15090400178498 0.154439789014064 0.164187626543656 0.178755834487397 0.191427582849045 0.186948995163615 0.159916005989201 0.106714561355951 0.0919012105728502 0.0879363466783238 0.0847023579235331 0.0831683065633772 0.084010965819964 0.0837941258607966 0.0832944614921917 0.0845643438608201 0.0817678351961962 0.0720793305319233 0.065068195402963 0.0593313129815934 0.0628301271564339
-9999 -9999 -9999 -9999 -9999 -9999 -9999 -9999 -9999 -9999 -9999 -9999 -9999 -9999 -9999 -9999 -9999 -9999 -9999 0.266713888073553 0.260245935495518 0.240560042853842 0.201170338325474 0.151010785448116 0.11892912082645 0.0925785356686912 0.0790905992573962 0.0902464036264402 0.117785774222029 0.173990130627977 0.209622102393513 0.17074103727912 0.13523768020025 0.102445333868315 0.141507645909116 0.176974030607006 0.152768830440356 0.148469377615571 0.163384775009632 0.172212529548179 0.179061865312487 0.181758070505459 0.159086860475691 0.10698343183058 0.0869471159887631 0.0768371582356353 0.0752056035986597 0.0751333155373897 0.0772410638918771 0.0733514839056274 0.0676405423428829 0.0680114315021839 0.0669873157437164 0.06359885080335 0.0508777244611832 0.034108167936016 0.0399124046323794
-9999 -9999 -9999 -9999 -9999 -9999 -9999 -9999 -9999 -9999 -9999 -9999 -9999 -9999 -9999 -9999 -9999 -9999 -9999 -9999 0.262843318329114 0.251062833000588 0.201830070055514 0.132126377293712 0.102955238872735 0.0824245631208515 0.0800499772359283 0.0925437457544584 0.114922242051129 0.154894618244324 0.187668243903173 0.192209748471153 0.171728209954691 0.131162715687918 0.151785236107287 0.173226385994026 0.160312331030083 0.156449630786357 0.161324127003516 0.162463283798073 0.164419916350241 0.175817726237532 0.152677365662709 0.0894645351618316 0.0725581406191589 0.0689632036994808 0.0683006226318392 0.0683428855758931 0.0693706026025689 0.066677599279968 0.0628032715251187 0.0617853050579074 0.0612798946846006 0.0616431992282557 0.0518818585399801 0.037663642839746 0.0388991980587921
-9999 -9999 -9999 -9999 -9999 -9999 -9999 -9999 -9999 -9999 -9999 -9999 -9999 -9999 -9999 -9999 -9999 -9999 -9999 -9999 0.259922776541284 0.25821554694552 0.206668643511759 0.127880019943585 0.0989876606378056 0.0797788429920954 0.0805016570834851 0.0950752215794241 0.118856993894256 0.145524816049466 0.173086315347273 0.202705795474535 0.196054082747418 0.160290441873107 0.169111070149799 0.17985121680393 0.1711696288039 0.165599971857891 0.163034235742761 0.154943920060512 0.149388049279922 0.165618238143833 0.147092443135295 0.0882414629810382 0.0670918021933093 0.0577336861139936 0.0594463673936822 0.0608807819076082 0.0619261470491502 0.0606006396432728 0.0584490245802484 0.0568080077762788 0.0566933847167984 0.0591657975559521 0.0517837352309247 0.0400205358161342 0.0372844439411462
