layers/veg/veg_6000.asc
NCOLS 255 
NROWS 330 
XLLCORNER -2985163.8955 
YLLCORNER -3022031.214 
CELLSIZE 25000 
NODATA_value -9999 
[rows 175 to 199 of 330, columns 114 to 170 of 255]
0.266424880723101 0.26266140288781 0.265677500050206 0.272454656461074 0.272183916327333 0.271964912870339 0.272613545363175 0.274209057165369 0.276443044424157 0.2789654123965 0.280693188692899 0.279722288021523 0.282774687938159 0.28910099060314 0.299968720868214 0.310334235864955 0.315563342970512 0.318377037503405 0.318827219272323 0.320575681806631 0.323475557479385 0.33167315400347 0.338674480213491 0.344268726441485 0.34784088683836 0.351059144930757 0.35640332884925 0.358508886306034 0.356022614880263 0.355430913697271 0.355700104221291 0.359145101949989 0.356357381250266 0.342850692161092 0.332110032904633 0.322573839640025 0.296112496766845 0.277493684477371 0.27540640622092 0.25665948721687 0.228532750359405 0.216658884818734 0.206502945444284 0.198977674369986 0.211603677925597 0.238010753132563 0.273300792577561 0.305133875039418 0.322513875508354 0.36005287496595 0.414222860140998 0.451180556743757 0.479479941178614 0.481195863039983 0.467509365413235 0.438544997534821 0.454001724217599
0.261794806557648 0.260362127852635 0.262006293819324 0.26535738022167 0.265632736132249 0.266500999327147 0.26922001235477 0.272166737641043 0.275267008037952 0.277841189661441 0.279727697094388 0.279514531108798 0.280789823696655 0.283276327952097 0.294362307299781 0.305507403874994 0.311306256810904 0.317706391464532 0.324694888135753 0.325547293834525 0.326068119694165 0.332559457117995 0.340064850950622 0.348763000681886 0.355145642377037 0.360769838727858 0.365485896983582 0.366383177905927 0.361866073358758 0.360234132575891 0.359784203522636 0.361701199231302 0.36022852591618 0.352926332860363 0.340510974804612 0.325718806464788 0.302072218393461 0.283661058335945 0.276285833103798 0.259634728505883 0.237761058775902 0.223936670921834 0.213028179643904 0.20884401900356 0.227081491946147 0.260652691644074 0.285726673377077 0.310755087583019 0.338380660906275 0.370479778846668 0.40626952927709 0.446808960331347 0.481233387924138 0.485279627483907 -9999 -9999 -9999
0.259305263026072 0.258646492800583 0.258537788361002 0.258734240219871 0.260093048057754 0.262217830472157 0.266198645861279 0.269936931057893 0.273511679493413 0.275961520801902 0.277960873915224 0.278822032480354 0.278804148722918 0.278070956970762 0.288569793742659 0.299638423671848 0.305860035637867 0.315598490082627 0.328778220846581 0.329001600951029 0.327604703567818 0.333231169508785 0.341150615347475 0.351767115585445 0.360243648211705 0.367827961832937 0.372762799020927 0.373587558598196 0.368584917792743 0.366488318355765 0.365500450507268 0.365330201409273 0.364712984056301 0.363327075055983 0.349831140283678 0.330778732949375 0.310191838473818 0.292026138903493 0.278964157520711 0.264600455152032 0.249503849479575 0.235174218151293 0.224978818495916 0.225548342381067 0.248239995393214 0.286060549786476 0.29981821808055 0.317507677357034 0.356152957176457 0.383118235681651 0.400447622288341 0.440287694452669 0.475639962285074 -9999 -9999 -9999 -9999
0.255045262048261 0.254950916530208 0.256586410152107 0.259181555005521 0.261351872470475 0.263346662720467 0.264932638623912 0.267044319543659 0.269510480434612 0.272012344890667 0.274235403789316 0.275531466875507 0.276698354904758 0.277760128596992 0.285794889257084 0.29402815920826 0.298579264854061 0.309247547941697 0.325901569087878 0.32472936076391 0.321880597427102 0.332048988802569 0.340798287130739 0.347878416378973 0.356261613990233 0.364938985569923 0.372872061155935 0.377531811385153 0.377550535521043 0.37663498991376 0.375448228449877 0.37563011163661 0.375897940973631 0.376313579662013 0.363508931837636 0.344635050496687 0.32319459557974 0.303595532895013 0.287878002839349 0.277964520391587 0.271318870077752 0.257956435037968 0.248847400635402 0.251681532898667 0.270596124107357 0.300507833909463 0.311347881859843 0.32836512109463 0.372243548447108 0.402178387986869 0.42060989792709 0.450140944691839 -9999 -9999 -9999 -9999 -9999
0.251146589997295 0.252507710354116 0.25490348677485 0.257873252385098 0.260362102638896 0.262557641140338 0.264046186757371 0.265768692295202 0.267648955707537 0.269337575084582 0.27093975569411 0.272316182371576 0.274340235832909 0.276891286236485 0.283420004702821 0.290050266684656 0.294529369684611 0.304783492897244 0.320688548848801 0.320512107173464 0.319015878352659 0.330431898061078 0.339838871949453 0.346882761070848 0.356058067280775 0.365856472031555 0.375780567859788 0.383435121157579 0.387871843975479 0.388064171097956 0.386996993368356 0.391623693628018 0.39449662440121 0.394353439509345 0.381714394139729 0.363321521325038 0.337917394700984 0.315142840731975 0.297911251418977 0.29151452666978 0.291218116904236 0.280079808878119 0.2726077765073 0.276014539188609 0.289297243463257 0.30933391547553 0.330438207689572 0.356863441691862 0.400764745379043 0.424544948373607 0.431725431390675 -9999 -9999 -9999 -9999 -9999 -9999
0.247572286310124 0.251188768548143 0.253461557815757 0.254988915566622 0.257353748681698 0.260046944205413 0.263500465304193 0.265944646975567 0.267708236679832 0.267806851582081 0.268029962863907 0.269168478417428 0.271755602016179 0.275521509490705 0.281404221789649 0.287537769749213 0.29337986183205 0.3020133140821 0.31337814872981 0.316344215566155 0.318718057844115 0.328424384505198 0.338334469110825 0.348484218382186 0.35924650422063 0.370191055753046 0.381201982645978 0.391097094745 0.399410168699507 0.400644673192523 0.39998297929859 0.412728538119799 0.419750679594157 0.41692974371389 0.403984388903109 0.386344066019156 0.354184291658614 0.326670321621012 0.30894939879639 0.305231453960888 0.30939755566236 0.301611733141115 0.296271014598737 0.298731503227107 0.304717226665649 0.313113790827622 0.356315810696088 0.401198142765985 0.440445013505491 0.44987970228085 0.43471961962283 -9999 -9999 -9999 -9999 -9999 -9999
0.249650616466234 0.251913008358299 0.252991514362791 0.253413243951637 0.255245727389921 0.257541030877334 0.260884004825909 0.263364579326747 0.265263642672236 0.26427210939353 0.263702052214029 0.265395966877135 0.270623457837421 0.278726345477064 0.285961771145857 0.292631855824715 0.297415719732474 0.304242007533045 0.313066833800601 0.31795227165373 0.322180362479045 0.327544525507457 0.334098358591243 0.342051508284706 0.356859886577332 0.372599506208375 0.378590321762429 0.386113482294551 0.395809250878735 0.400128691638347 0.403222491287103 0.420606498266566 0.431954518398754 0.432921907196775 0.416364817447778 0.3917885133094 0.370756949464892 0.351765821758902 0.337075798027719 0.331290714783683 0.330519348283627 0.32456699334641 0.319497031239772 0.317342724476949 0.320635745857787 0.327654090863803 0.37055128171284 0.4141502384226 0.448488905267869 -9999 -9999 -9999 -9999 -9999 -9999 -9999 -9999
0.251843085271754 0.252369130549947 0.252431100708241 0.252235619031828 0.253764960007727 0.255603041654402 0.258058377669751 0.260198050582627 0.262124873619609 0.260879212001739 0.260173824374927 0.262208493138819 0.269569080397817 0.281263556914439 0.289976152419484 0.297338847750819 0.300790945673037 0.306071445364102 0.313141060077277 0.319253755497384 0.324538897251695 0.326047386625422 0.329531008128485 0.335337824354656 0.353536004026518 0.373248751387733 0.373742977440975 0.378669540403918 0.389880413360564 0.397696126493388 0.404952106543626 0.425333709050842 0.440018238859779 0.444904998583869 0.424343368461521 0.392200841499704 0.382381874711582 0.372207762930593 0.36128502907238 0.354003380382831 0.348771758833018 0.345242637819572 0.341043296172495 0.334887552380824 0.337256460991127 0.345455216482686 0.386100207194363 0.423557500352168 0.43983825291351 -9999 -9999 -9999 -9999 -9999 -9999 -9999 -9999
0.249296651964447 0.249523785763652 0.250491108132207 0.251869059937758 0.254656845538619 0.256576699297989 0.256109437872651 0.256616454005417 0.257780420081658 0.260102508294803 0.262087690753863 0.262613637641741 0.267545720931533 0.276063234084257 0.285009190426374 0.292892540458409 0.29588919214023 0.301141691447155 0.308601567131871 0.313539922433833 0.317687672323726 0.320318374958277 0.325836183601986 0.334749871106611 0.350651386600968 0.36667938626164 0.36498337336664 0.370504980014566 0.386259960060863 0.397759707672049 0.408110282000216 0.426342764799095 0.439117206065612 0.442504960716071 0.419035654236265 0.383333628342208 0.368313350299266 0.355973258866497 0.349282822948365 0.347905182403014 0.349518786005371 0.352872174110422 0.354376319279472 0.35082445953532 0.35701314464078 0.369863202238108 0.419360695172228 0.458426482068684 0.45069364420108 -9999 -9999 -9999 -9999 -9999 -9999 -9999 -9999
0.247359107424605 0.247466303167931 0.24750056687048 0.247494370555024 0.250408389283989 0.252746646402612 0.253294607580438 0.254053423782448 0.254954418355565 0.258260212195103 0.261260861580269 0.262527528283618 0.266946193096997 0.273929750850753 0.281141268582872 0.287484139372447 0.289911954246958 0.294890200482254 0.302364077129962 0.306663247035392 0.31028777551552 0.313948652707552 0.321048308729763 0.332192733561892 0.34542186247585 0.357781916124057 0.356272315126158 0.36350428275615 0.383130327868981 0.397313597465767 0.409701774056066 0.425946437243201 0.436323526699095 0.436609620055894 0.41241297006263 0.377052706017268 0.35725057902807 0.342822963956413 0.339724463349455 0.341609732435277 0.346300995518801 0.357139237259104 0.365946370880957 0.368710420065875 0.378000630047955 0.391753956691672 0.440747298026193 0.48109116092842 0.481061112500074 -9999 -9999 -9999 -9999 -9999 -9999 -9999 -9999
0.246078468660122 0.246258813626494 0.243376630585223 0.238795469467776 0.240614223555534 0.243734062042016 0.249545602612222 0.252589284122815 0.253766613650201 0.255268291017083 0.257477205424209 0.261911424752943 0.267882780349506 0.275104958384446 0.278459057266821 0.281037773713657 0.282774419226444 0.287212740199634 0.294294685912982 0.298532027479728 0.302295938526834 0.306887693394859 0.315081185490297 0.327511121718496 0.337662512155975 0.346372746462011 0.34761363104715 0.357759230951045 0.38053022296948 0.396317601578699 0.409603033956062 0.424033897764178 0.431487946528153 0.426943336797275 0.404371617324766 0.373562029588537 0.349430594786647 0.333000099135283 0.332802672171934 0.335101475174993 0.338805721594263 0.35777866241443 0.3756144229291 0.38869913644878 0.400315978319484 0.410928970818819 0.449323640401336 0.480969945608266 0.48102337581648 -9999 -9999 -9999 -9999 -9999 -9999 -9999 -9999
0.232394911176112 0.233192793846019 0.233127185262274 0.232582543440217 0.234373967655971 0.236627147491347 0.239828871583409 0.241821434767217 0.242998667469763 0.249832172260746 0.25693979383904 0.263228082044311 0.268145773717155 0.271948162256113 0.273129128316901 0.274227493245817 0.276675555462888 0.280523213053444 0.285740393005135 0.289722577427193 0.293744782278768 0.299616446483316 0.305540510715412 0.311526209035516 0.322311671232696 0.334104485241731 0.342434413176718 0.354268541529126 0.371071038070092 0.385891436334168 0.399786548202034 0.409887824645297 0.414696978639881 0.410404792040951 0.394438178879748 0.373139662374839 0.356959840229247 0.345245035091301 0.342942189502903 0.340423977322124 0.337784508060302 0.356732940773205 0.375830400135529 0.39282277127114 0.410711930462747 0.429214385869244 0.45791022999819 0.48076557119224 0.48076049545547 -9999 -9999 -9999 -9999 -9999 -9999 -9999 -9999
0.21826961044334 0.219522706458357 0.222522870962831 0.226492244909228 0.228401946013375 0.229817621795049 0.230172671518824 0.230949622390503 0.232011058861754 0.244344585647593 0.256391018142382 0.264066248391187 0.267436634458717 0.267304015744985 0.266947945077165 0.26725191005457 0.270563434666283 0.273762806488886 0.27685243534187 0.28026310398272 0.284284358442207 0.291592947010757 0.295143994859081 0.294275339010911 0.306236369537192 0.321843092304995 0.337213257565624 0.349955933013626 0.358973268799002 0.372022774285066 0.386107870560927 0.391703177828957 0.394045649771625 0.390793927234135 0.382599470047802 0.372155221227496 0.365917953603829 0.359696180801503 0.353507070054313 0.345539053595401 0.336569466225858 0.353079305139746 0.371072298697375 0.390012696503814 0.413903574295301 0.441179990750497 0.462507681029522 0.476716089628535 0.469004776122301 -9999 -9999 -9999 -9999 -9999 -9999 -9999 -9999
0.224332253265043 0.22378424102561 0.2208580835865 0.216612618521097 0.217713497844454 0.22163697962898 0.232289180605105 0.236935971373832 0.23753334741112 0.243103695099966 0.249600876570714 0.257631304467232 0.260674301269923 0.25965884804929 0.259368487976869 0.259719911604009 0.262381772860038 0.264594561697951 0.266367927306814 0.267188135366658 0.269028090047836 0.278295745877798 0.285070225258029 0.288912174563048 0.299093499155397 0.311262538170153 0.325077946408431 0.335170714383646 0.339985403123293 0.350077423460449 0.361733053704987 0.366262910850773 0.366955104268305 0.361047321019969 0.359981678912589 0.361114124039996 0.356544739720402 0.348937593174216 0.334927045443029 0.326655995974204 0.321616435652509 0.3329558048698 0.346729954407303 0.365002155180139 0.385372282513988 0.407177141733914 0.437005082206076 0.461248146943 0.464189305122021 -9999 -9999 -9999 -9999 -9999 -9999 -9999 -9999
0.225202574727458 0.22468057024015 0.220363336340089 0.213940648530633 0.214612673500719 0.218940678973773 0.231966377707438 0.237614892730746 0.238289013772367 0.239347930110756 0.241594959273638 0.247629040467562 0.249946436552884 0.249239433808042 0.250313391392161 0.251762253765855 0.253676439937817 0.255050605340423 0.25589635336389 0.255696525723179 0.256585798851982 0.26544383541296 0.273816052466698 0.281616837716537 0.28929742145417 0.297310067476997 0.30879079984258 0.31692856032636 0.320326547631008 0.327569943472777 0.33603662483482 0.340917706239196 0.341818444157305 0.335873826152721 0.339091480243622 0.3464553915178 0.339571087574454 0.33001354809548 0.314821005505731 0.307561252118863 0.30476786862075 0.311054379687292 0.319783286209724 0.33387426376409 0.354059199632794 0.378411677144031 0.407274460006625 0.427208173957516 0.415775959917293 -9999 -9999 -9999 -9999 -9999 -9999 -9999 -9999
0.219331991462606 0.221208038765865 0.221387587725911 0.220625981704127 0.221362443096137 0.223364396718507 0.228476750465499 0.231403473236062 0.232856437184531 0.232327242201966 0.232010667340709 0.232995521370583 0.234070340750907 0.235218368135866 0.239342553371606 0.243251985798339 0.244291253659659 0.245018883357448 0.245441571040121 0.246260503791766 0.247796739204669 0.253170021287318 0.261029427252866 0.271813067906292 0.276056830880102 0.278980023306565 0.287113554129067 0.294198457478674 0.29979658303096 0.304332682165658 0.308624419906538 0.315695915860312 0.319218405793353 0.316637349771749 0.320444119684372 0.327100082369898 0.312730205211429 0.300488739518864 0.292733823953112 0.288191687689506 0.285458431047851 0.286844772553297 0.289455567779566 0.294804553785081 0.319134670641485 0.356445620178894 0.372054828019416 0.386308136210888 0.403042983743064 -9999 -9999 -9999 -9999 -9999 -9999 -9999 -9999
0.2116189261213 0.216158151772762 0.217811466757821 0.217863784481865 0.218537495534266 0.22001623468307 0.223508155761537 0.22564387174699 0.226865106174508 0.226050853945169 0.224986319644782 0.223718362174542 0.224180589537474 0.226050729820794 0.22805896111486 0.230216869435238 0.232933825522195 0.234257001446706 0.23421634527007 0.235022678387421 0.236255102423253 0.238971149162844 0.244241163150538 0.252515210714347 0.256772150118053 0.260308936149926 0.267907425719401 0.275976582146159 0.284713065198844 0.287715034811095 0.288829427678229 0.294078511855081 0.298103354538882 0.300022758638259 0.302529397573269 0.305232133300084 0.288418566057471 0.274805450202934 0.267938673489611 0.26280368114559 0.25864372915157 0.247554156731005 0.237466143420069 0.230808837087696 0.260936950154933 0.316221908621854 0.330285733491682 0.337527326759808 0.335258597484447 -9999 -9999 -9999 -9999 -9999 -9999 -9999 -9999
0.203320166207736 0.210401752239342 0.212512802153479 0.211866381158179 0.21241689448159 0.213911256245152 0.21771716999463 0.219745047836899 0.220574005947287 0.219897196071608 0.218697764938522 0.216238933600609 0.216235135210502 0.218229084425695 0.216685211487219 0.215899552638724 0.220706486256807 0.222942887187909 0.222663988296259 0.223047443326062 0.223569837507767 0.224073638202234 0.226269559253472 0.230455790231489 0.235666190897056 0.241381658281909 0.249103882564421 0.258585022511029 0.270560009724022 0.272958543685639 0.271995174620469 0.27392238420025 0.277534798303498 0.284045410716883 0.284960988507601 0.283253550082293 0.265924111386434 0.25144594837758 0.242978085303695 0.235918067761893 0.229650704446957 0.204805932819937 0.181320060401196 0.163549919272529 0.199217453549419 0.271429992902705 0.288585867712248 0.297700786438741 -9999 -9999 -9999 -9999 -9999 -9999 -9999 -9999 -9999
0.195259165892578 0.202172168308916 0.204412409994749 0.204060375620895 0.204242863642559 0.205073140086327 0.207519786256791 0.21009646357703 0.212760820178995 0.212161368527161 0.211061266073269 0.209308574707377 0.208056674500239 0.207212285866031 0.205472699628857 0.204204368122815 0.205562667618532 0.207545013299278 0.210137996326339 0.209155916831537 0.207733883294046 0.208293086971227 0.209972161508409 0.212968453275706 0.216645776487991 0.220569724239332 0.224983670434887 0.232744869239241 0.245251910575301 0.254175007124563 0.261217088535714 0.257418755587888 0.257746161902543 0.265168974378338 0.268778277551451 0.270579521906639 0.256326316870323 0.241981209371024 0.22744237757849 0.215232531218104 0.204333965182894 0.181445141663834 0.163588655629173 0.160330082718437 0.191092038257041 0.245119983108376 0.275806469762192 -9999 -9999 -9999 -9999 -9999 -9999 -9999 -9999 -9999 -9999
0.188148536363055 0.193322201957817 0.196176755747469 0.197744751470305 0.197598422105413 0.197727459013383 0.1987458207152 0.201140103070629 0.204462161076949 0.203542943090857 0.202340293025663 0.20149606842493 0.199808252162222 0.197433975367867 0.195392274810144 0.193531796578592 0.192240442002239 0.193204084641468 0.196374271521659 0.195003062519954 0.192831699383216 0.191713026184831 0.191462159292038 0.192232025645334 0.194768226632725 0.19777370337747 0.200437642272406 0.207544679731229 0.22095128540359 0.235395805971773 0.249078186834072 0.240883934898005 0.238331977114307 0.245483581806247 0.252273929704647 0.258827482659622 0.246360746110783 0.232266238295701 0.21474049667175 0.197869399937046 0.181366885569323 0.163530775798231 0.153764327380911 0.165337400443823 0.192208645274372 0.22954201744607 -9999 -9999 -9999 -9999 -9999 -9999 -9999 -9999 -9999 -9999 -9999
0.182529415621071 0.183498609474628 0.187728821622961 0.193768126969788 0.193354512991586 0.19272400065927 0.192205763012676 0.193270116247897 0.19540160172044 0.193539371423765 0.191917349760444 0.192299122929065 0.191450032275541 0.189599343963078 0.187088543670806 0.184464110471272 0.1817770184879 0.180521922355212 0.180668052873969 0.180440081191146 0.179394971516868 0.173878217729825 0.169479702890212 0.166396485788536 0.168406697798286 0.171863863182209 0.175223339827277 0.183348847250819 0.198231786580294 0.216623408794497 0.234803625575666 0.224300161464177 0.219505455456422 0.224528615979895 0.235264805978722 0.248522409807052 0.23581798852352 0.22215855383405 0.206486014260417 0.18572044055609 0.16208735408898 0.154164011883629 0.156349339042097 0.183256387056531 0.207829651730261 0.230806886573241 -9999 -9999 -9999 -9999 -9999 -9999 -9999 -9999 -9999 -9999 -9999
0.176105599174223 0.177282289126453 0.180469065241476 0.184770963345027 0.187275321651616 0.188733839514364 0.187680105784801 0.188149336857604 0.189645494633694 0.187091900115626 0.18463330359345 0.183718389055322 0.182735835792872 0.181698242495355 0.179080916793999 0.175919796990183 0.171429932014915 0.170044671833689 0.171697308010568 0.169705813470505 0.1660872853404 0.157336757129425 0.148861443351262 0.140709842963477 0.146866372355443 0.156667199804939 0.16221507117532 0.171717542065013 0.186826971492968 0.206863869989086 0.227183574107689 0.218317325857111 0.213713511656779 0.216440189980923 0.230511619518627 0.249653475457075 0.234197294649985 0.217022255661824 0.196223977692951 0.170548333303584 0.142126602769762 0.152854487875001 0.168330469179781 0.191744557792518 0.20125380982445 -9999 -9999 -9999 -9999 -9999 -9999 -9999 -9999 -9999 -9999 -9999 -9999
0.169377612113039 0.172504666555159 0.173716809755677 0.173866630518921 0.180413992354563 0.185019958881091 0.18394852090492 0.184166538291554 0.185254028263965 0.18211996637343 0.17866913986159 0.175461211990431 0.173936181862384 0.173780585468117 0.171209432139823 0.167622406457033 0.161204199439752 0.160449235838243 0.165235829919326 0.160355126984298 0.152784314575904 0.141466458402292 0.129229160589146 0.115910394891677 0.127962630225702 0.146232197156859 0.154644714294466 0.165719515872779 0.180568990057815 0.201138402896453 0.222408395096884 0.216924844702404 0.213644686488462 0.214153900665398 0.231063893422071 0.255329333530864 0.23632934632813 0.214236634185839 0.185624663106989 0.154823044968475 0.12278859768952 0.155083184470017 0.181287994371728 0.184066569771559 -9999 -9999 -9999 -9999 -9999 -9999 -9999 -9999 -9999 -9999 -9999 -9999 -9999
0.16376744333154 0.165617802576145 0.167567498298902 0.169572302251895 0.172689195722448 0.175778044956124 0.178678674459292 0.180178507814006 0.18073379210989 0.177278656969993 0.173494104619975 0.169846670171529 0.167526395343155 0.166286077488565 0.163861437273143 0.160493021039362 0.153803887610803 0.149658110312342 0.148001040220614 0.143228784731165 0.137601200334221 0.130836137761929 0.125857281040386 0.122979399714466 0.133791597206488 0.148405611409301 0.161930921499835 0.176390755260074 0.192175586771279 0.207106801204286 0.221108975968124 0.223321584115426 0.226201446745149 0.230228847128571 0.240562287680563 0.253688554683172 0.240746331492801 0.222746994890409 0.194087598810103 0.166055459533354 0.138376482407807 0.165136064714346 0.1860775971633 0.185449951262807 -9999 -9999 -9999 -9999 -9999 -9999 -9999 -9999 -9999 -9999 -9999 -9999 -9999
0.155836578724925 0.158675060165267 0.16162565112918 0.164638436339874 0.165738512027662 0.167610071652408 0.171672177710375 0.174081313246659 0.175375859945549 0.172303644434867 0.168740852872414 0.164893984245176 0.161938473455626 0.159708292233363 0.156844378634426 0.153262469269844 0.14698013739823 0.140667014698938 0.134323762772428 0.129475109581469 0.125187437003198 0.122359403160741 0.122836794571478 0.127202101323064 0.136622484329883 0.148003873403624 0.164256382027013 0.179905509596621 0.194699144079049 0.206430742530764 0.216864077362681 0.223947173139981 0.230913138683493 0.237677664792862 0.242801997255665 0.24712497289263 0.238210164090509 0.223157494494735 0.195166621659942 0.170491532809077 0.147683317937171 0.17137409345776 0.190013198104505 -9999 -9999 -9999 -9999 -9999 -9999 -9999 -9999 -9999 -9999 -9999 -9999 -9999 -9999
