layers/veg/veg_4300.asc
NCOLS 255 
NROWS 330 
XLLCORNER -2985163.8955 
YLLCORNER -3022031.214 
CELLSIZE 25000 
NODATA_value -9999 
[rows 75 to 99 of 330, columns 0 to 55 of 255]
-9999 -9999 -9999 -9999 -9999 -9999 -9999 -9999 -9999 -9999 -9999 -9999 -9999 -9999 -9999 -9999 -9999 -9999 -9999 -9999 -9999 -9999 -9999 -9999 -9999 0.635257373556377 0.646870089234885 0.658482804913394 0.665153780591305 0.669520121368612 0.666052197766794 0.642754753771636 0.594655706237302 0.46991327482012 0.334821937769633 0.354774238350895 0.388493804626313 0.443004246404989 0.533009570371509 0.633861421447418 0.644862736536417 0.653216044110515 0.656704462488932 0.664324669511833 0.673975440401264 0.691934124649764 0.706838133699552 0.71461357847215 0.723677559665617 0.733516080029555 0.742583626396525 0.751960087398741 0.76234611253491 0.773972156504969 0.786501124127984 0.800164220500958
-9999 -9999 -9999 -9999 -9999 -9999 -9999 -9999 -9999 -9999 -9999 -9999 -9999 -9999 -9999 -9999 -9999 -9999 -9999 -9999 -9999 -9999 -9999 -9999 -9999 0.634911034845594 0.650889042725878 0.666867050606162 0.675869672021295 0.68041453631276 0.665565175948108 0.642773682850728 0.610048634963047 0.476608579164261 0.327016090667975 0.35194033718467 0.399021456511751 0.479563162303563 0.578168131916772 0.680125702677062 0.675589348735503 0.672563708787723 0.672313535353817 0.677929254656526 0.68642776174457 0.694288981143479 0.701855568080622 0.708772391220542 0.717979858976711 0.728564233083512 0.740179897444081 0.752763516736194 0.767914986327859 0.78001082789154 0.789881704200098 0.79756104389421
-9999 -9999 -9999 -9999 -9999 -9999 -9999 -9999 -9999 -9999 -9999 -9999 -9999 -9999 -9999 -9999 -9999 -9999 -9999 -9999 -9999 -9999 -9999 -9999 -9999 0.672121732434737 0.673192918194377 0.674264103954017 0.687829959271464 0.699154934503773 0.674462227477979 0.652091242524045 0.632624131653409 0.49473476863272 0.335567348543969 0.35543828957679 0.409859021471415 0.51645572036116 0.615369849314927 0.707867840751586 0.705729356616925 0.701094045648903 0.69187159290853 0.693208294309955 0.699734282653747 0.702699180752985 0.706016182388863 0.710223293033634 0.717292978687865 0.726083358020078 0.738112898854092 0.750868853256082 0.76512598484648 0.776372034641399 0.785425555661901 0.78926494772816
-9999 -9999 -9999 -9999 -9999 -9999 -9999 -9999 -9999 -9999 -9999 -9999 -9999 -9999 -9999 -9999 -9999 -9999 -9999 -9999 -9999 -9999 -9999 -9999 -9999 0.731203650902581 0.706144959937929 0.681086268973278 0.700514916477651 0.722464416134501 0.688824064336201 0.666823830208935 0.659382373999629 0.519517697770317 0.353644114584273 0.362623576790546 0.420877063326154 0.553542573871043 0.647937923779998 0.724823667551243 0.735527757335908 0.73497188250951 0.713729329162811 0.709462447231626 0.713538243968776 0.714635690205583 0.715501298506136 0.715920719767585 0.719524133754045 0.725041445589319 0.736241994121857 0.747402963987734 0.757469801227998 0.767097600577507 0.776405713092209 0.777653597926764
-9999 -9999 -9999 -9999 -9999 -9999 -9999 -9999 -9999 -9999 -9999 -9999 -9999 -9999 -9999 -9999 -9999 -9999 -9999 -9999 -9999 -9999 -9999 -9999 -9999 0.728163399875887 0.713556825749886 0.698950251623885 0.711423007527976 0.723380552527931 0.687318184116688 0.623957620042083 0.526454070522155 0.444572653300588 0.378506607578233 0.437705114478575 0.509887029911817 0.601676065336216 0.671514290651855 0.730925596598367 0.74161341803784 0.745804238497298 0.738058842879524 0.728340444036752 0.717652414508109 0.718852631965254 0.719880133639125 0.720204492533787 0.723144560021293 0.727656929797568 0.737761278829656 0.747962037697891 0.757470219439627 0.767610972276146 0.778212333764764 0.787960427376506
-9999 -9999 -9999 -9999 -9999 -9999 -9999 -9999 -9999 -9999 -9999 -9999 -9999 -9999 -9999 -9999 -9999 -9999 -9999 -9999 -9999 -9999 -9999 -9999 -9999 -9999 -9999 0.711387990856 0.711387990856 0.662856924877357 0.663651919637356 0.586913150834484 0.413199688411068 0.379366631228815 0.395928252341224 0.490126124867021 0.57176315918595 0.634431225434012 0.685789199829639 0.731464610495368 0.743339279548938 0.752146413448964 0.755317906761921 0.744621766218955 0.72711038931106 0.724741172334187 0.723386710399263 0.723929865524089 0.726694691884312 0.730794964699796 0.739562875424264 0.748582487856224 0.757509766679698 0.767844987807302 0.779205406596146 0.795420589437636
-9999 -9999 -9999 -9999 -9999 -9999 -9999 -9999 -9999 -9999 -9999 -9999 -9999 -9999 -9999 -9999 -9999 -9999 -9999 -9999 -9999 -9999 -9999 -9999 -9999 -9999 -9999 -9999 -9999 0.662681721112662 0.662089191537275 0.574046615966743 0.376626641082876 0.355091939558926 0.392053859225192 0.470902971387658 0.548327572127081 0.623600922189179 0.675954583862194 0.718371587521953 0.73656703759974 0.749538508231187 0.752912543423373 0.75343452430049 0.752554865612795 0.736304361484001 0.725245132367525 0.72633346032087 0.729853165236672 0.734834370708534 0.7416481665661 0.748792026542787 0.756555651651536 0.765909240609547 0.776420566795098 0.791956193313334
-9999 -9999 -9999 -9999 -9999 -9999 -9999 -9999 -9999 -9999 -9999 -9999 -9999 -9999 -9999 -9999 -9999 -9999 -9999 -9999 -9999 -9999 -9999 -9999 -9999 -9999 -9999 -9999 -9999 0.675474361495103 0.627426909326118 0.535463995349075 0.388574191997082 0.366114883049181 0.388595127708909 0.481407168978802 0.560755352480887 0.619770857231597 0.667590121691985 0.710165209025632 0.729968499503266 0.743902927697645 0.747055149062146 0.751523015116999 0.756637453588616 0.736600501493204 0.723349972042202 0.726112549611026 0.731011415999457 0.737194405477796 0.742704144734824 0.748536249598602 0.755399195023166 0.763098732632042 0.771407437497455 0.785478949269863
-9999 -9999 -9999 -9999 -9999 -9999 -9999 -9999 -9999 -9999 -9999 -9999 -9999 -9999 -9999 -9999 -9999 -9999 -9999 -9999 -9999 -9999 -9999 -9999 -9999 -9999 -9999 -9999 -9999 0.667779833907489 0.55879565303452 0.478717434808254 0.434793102871769 0.402069463908862 0.385429988786756 0.512908567472527 0.598514361601794 0.620885242566094 0.660264067369319 0.70541039456479 0.723492652953865 0.736128821376112 0.738759495444881 0.742036677158396 0.745631584480796 0.728938431777512 0.718803558958576 0.724037882430859 0.730756857546124 0.738368256680897 0.743033092390913 0.747951808127302 0.754099819262161 0.759670358374068 0.764820409398059 0.776873652414097
-9999 -9999 -9999 -9999 -9999 -9999 -9999 -9999 -9999 -9999 -9999 -9999 -9999 -9999 -9999 -9999 -9999 -9999 -9999 -9999 -9999 -9999 -9999 -9999 -9999 -9999 -9999 0.640416263169794 0.641442802482219 0.634416380800152 0.569982358509431 0.516627222114898 0.477128907781744 0.443480210372832 0.421516422333222 0.51241491141252 0.580556276712424 0.614330576116993 0.656354487175081 0.70012433800904 0.701280444277733 0.706474130759123 0.719085613543171 0.731838955389303 0.744662013745738 0.730645696590091 0.721953467133456 0.726010639146922 0.731027256433956 0.736620596221237 0.741256648725343 0.745611330361369 0.749333166479017 0.750898932367427 0.750894748869416 0.760736166023484
-9999 -9999 -9999 -9999 -9999 -9999 -9999 -9999 -9999 -9999 -9999 -9999 -9999 -9999 -9999 -9999 -9999 -9999 -9999 -9999 -9999 -9999 -9999 -9999 -9999 0.62332588174932 0.630263381404542 0.637200881059765 0.623999713179784 0.605035628187243 0.579255843957682 0.548483889400502 0.511468020375917 0.474555507676852 0.445276567679108 0.502996248381089 0.557572265011408 0.607400822720688 0.651439067955355 0.691451377559332 0.682846161360821 0.684356605967787 0.704451427198607 0.724150955042565 0.743656216301975 0.732922635260077 0.725594727026985 0.726765757762701 0.729145761005111 0.732252477553635 0.736591713530711 0.740288708826227 0.741950780117735 0.740657989889871 0.737213607860227 0.744939406037159
-9999 -9999 -9999 -9999 -9999 -9999 -9999 -9999 -9999 -9999 -9999 -9999 -9999 -9999 -9999 -9999 -9999 -9999 -9999 -9999 -9999 -9999 -9999 -9999 -9999 0.625898223728412 0.627789776012916 0.629681328297419 0.61804437223106 0.599141386952483 0.55217033361987 0.523968845370252 0.519243230593979 0.467405651622828 0.411281537374191 0.474208141764708 0.537689044469332 0.602007030404296 0.641731429464445 0.671113880531085 0.683490519032826 0.696766722819318 0.711695597683956 0.725517068866412 0.738794307490965 0.733713331301158 0.728097086588205 0.721752429522861 0.719532638444605 0.719792304080341 0.72259274238583 0.725174242177784 0.726695678604947 0.727255711872281 0.727115696374781 0.733134741284536
-9999 -9999 -9999 -9999 -9999 -9999 -9999 -9999 -9999 -9999 -9999 -9999 -9999 -9999 -9999 -9999 -9999 -9999 -9999 -9999 -9999 -9999 -9999 -9999 -9999 0.617491244793888 0.613514879476057 0.609538514158226 0.610018740609717 0.603493272836379 0.541175792926291 0.509393954003239 0.51580430765734 0.4717687140505 0.42081854345887 0.470737478418023 0.527715386045184 0.595353523901197 0.637845687369811 0.669892397896691 0.688162475908732 0.703358367784471 0.7129063999635 0.721490459259143 0.729600774935802 0.727924110168338 0.723743912887281 0.714157477734858 0.709982843638488 0.709061242854041 0.71117835941105 0.713197401132414 0.714413234851868 0.7149928736388 0.715109265064674 0.720431970910489
-9999 -9999 -9999 -9999 -9999 -9999 -9999 -9999 -9999 -9999 -9999 -9999 -9999 -9999 -9999 -9999 -9999 -9999 -9999 -9999 -9999 -9999 -9999 -9999 -9999 0.59973664028416 0.589192544504934 0.578648448725708 0.600230495235507 0.616568554334149 0.543880857204611 0.503281956287604 0.502817843601778 0.485933698845819 0.467418058226705 0.488821698298501 0.52617857695092 0.5876275160438 0.638916618650351 0.684945996977264 0.69626346902661 0.704996254949698 0.708980485009898 0.712872567562453 0.716719364304064 0.716532848386429 0.713554043223368 0.704364571219582 0.700486965112004 0.69980232129736 0.70196445519723 0.703891886443515 0.70466166636144 0.703700136976369 0.701477949222623 0.706964567173222
-9999 -9999 -9999 -9999 -9999 -9999 -9999 -9999 -9999 -9999 -9999 -9999 -9999 -9999 -9999 -9999 -9999 -9999 -9999 -9999 -9999 -9999 -9999 -9999 -9999 0.620425359914351 0.612698289444231 0.604971218974112 0.61519214082763 0.619187097311504 0.550637142158796 0.497246547309979 0.462816393092438 0.45616508989417 0.460991790561701 0.498062076025223 0.537590122928069 0.580829800973719 0.616040599966682 0.647670790604585 0.668019028715955 0.684209160310573 0.69276006605179 0.69426709882693 0.692312426477238 0.693447335569404 0.693188299618105 0.689694711905203 0.688342665022593 0.68827789821322 0.68757006382962 0.687720839325107 0.690418527474974 0.692021405594521 0.692827094312705 0.693938919258388
-9999 -9999 -9999 -9999 -9999 -9999 -9999 -9999 -9999 -9999 -9999 -9999 -9999 -9999 -9999 -9999 -9999 -9999 -9999 -9999 -9999 -9999 -9999 -9999 -9999 0.64028364746659 0.637840560673261 0.635397473879932 0.632016677345434 0.62164399688657 0.564430446472502 0.505322810314447 0.443846162563588 0.434485071430012 0.445865709970415 0.508673452888213 0.556198547529316 0.580644285329379 0.592935332082346 0.601194842909532 0.631324840487052 0.65583712460771 0.670028609657025 0.67089359300982 0.665209278917715 0.670373621808573 0.674311364590005 0.675189208226 0.675711253476919 0.676019428338482 0.67292192533684 0.67144136390033 0.675136323458663 0.679426547688332 0.684150215779359 0.681403947319647
-9999 -9999 -9999 -9999 -9999 -9999 -9999 -9999 -9999 -9999 -9999 -9999 -9999 -9999 -9999 -9999 -9999 -9999 -9999 -9999 -9999 -9999 -9999 -9999 -9999 0.626550505807271 0.633673632592346 0.640796759377422 0.638425007503489 0.631425966146956 0.607995759710162 0.579321348258433 0.544087792103323 0.484576029159261 0.431039992161251 0.532529593963684 0.598450815399097 0.610657829199429 0.587264128719065 0.552138467574821 0.583209832922679 0.6093302352439 0.626354784777333 0.632944636357213 0.634406364878108 0.656392273673609 0.670259411841836 0.665221035638858 0.662848944562367 0.662079557326188 0.661090777396915 0.659960526953696 0.658466837666187 0.662846481090442 0.671502810386069 0.670821827890569
-9999 -9999 -9999 -9999 -9999 -9999 -9999 -9999 -9999 -9999 -9999 -9999 -9999 -9999 -9999 -9999 -9999 -9999 -9999 -9999 -9999 -9999 -9999 -9999 -9999 0.620359884208801 0.630839715329471 0.641319546450142 0.640673668474364 0.637727607302674 0.637130028956932 0.624149820427911 0.595682142787884 0.515288140380665 0.433642763499825 0.52296519533794 0.587326076340542 0.613990837625656 0.591999381118627 0.552528889955705 0.563019957217497 0.573458406368693 0.583800186127413 0.601091998517715 0.621799398283651 0.647068472235993 0.664016826720338 0.662022323696544 0.659423301180808 0.656460902032298 0.654490067980172 0.652486394848579 0.650218254233611 0.657573219282442 0.671935279289247 0.670188818305106
-9999 -9999 -9999 -9999 -9999 -9999 -9999 -9999 -9999 -9999 -9999 -9999 -9999 -9999 -9999 -9999 -9999 -9999 -9999 -9999 -9999 -9999 -9999 -9999 -9999 0.621888265607591 0.629369999211149 0.636851732814708 0.638665330635238 0.640467486228442 0.651495590806093 0.639125693820426 0.597490945901837 0.526167971002119 0.454081822827531 0.479198269699667 0.521575393546914 0.590019028643655 0.607384583743871 0.60352308623343 0.571408616906455 0.548470481430806 0.542391001815477 0.575478323625748 0.627814135275525 0.642511196657993 0.655532351922818 0.66575146697844 0.665655126250865 0.659358165629313 0.653242181003635 0.649112718086147 0.65058760884181 0.663871323458025 0.685753670680361 0.679737711861216
-9999 -9999 -9999 -9999 -9999 -9999 -9999 -9999 -9999 -9999 -9999 -9999 -9999 -9999 -9999 -9999 -9999 -9999 -9999 -9999 -9999 -9999 -9999 -9999 -9999 0.621863905413491 0.62217512725032 0.622486349087148 0.637346965412692 0.653931621863357 0.658560669503908 0.649673027397643 0.623879500851776 0.546403399851279 0.461970064964258 0.482330308035802 0.509242367424483 0.546048766066572 0.554829859544032 0.552462636040716 0.548570693536715 0.548184086949634 0.554237443517297 0.579767882268496 0.614870315792491 0.629946433765121 0.642895992507762 0.651561189490437 0.653623234573527 0.651716125419322 0.647982934828876 0.647417136060295 0.656152479227129 0.659367654096496 0.658563300884627 0.654464092270427
-9999 -9999 -9999 -9999 -9999 -9999 -9999 -9999 -9999 -9999 -9999 -9999 -9999 -9999 -9999 -9999 -9999 -9999 -9999 -9999 -9999 -9999 -9999 -9999 -9999 -9999 -9999 0.606705512744254 0.635031680804286 0.665165939088312 0.661309463334017 0.656649923554596 0.650985958293739 0.570922328561124 0.477491581442385 0.496554248629299 0.505257122915826 0.498314975945673 0.491658069877521 0.486459903083098 0.518999738605659 0.548443917698285 0.572200792115688 0.588911559870769 0.602159524752979 0.61889399239034 0.631782057925769 0.635877238315615 0.639055103674156 0.641681571018717 0.641052099643811 0.644279479310579 0.659010973124198 0.650569231274688 0.625253824264678 0.624362096156058
-9999 -9999 -9999 -9999 -9999 -9999 -9999 -9999 -9999 -9999 -9999 -9999 -9999 -9999 -9999 -9999 -9999 -9999 -9999 -9999 -9999 -9999 -9999 -9999 -9999 -9999 -9999 -9999 0.624995955419867 0.64496339772761 0.646508224640056 0.64662412261019 0.644952799890671 0.609600871801771 0.563343405003633 0.512453681898766 0.474567120735685 0.45631751051742 0.462452180386421 0.478194237890877 0.492667777917835 0.514230044770993 0.548815639675086 0.584314469204926 0.620262107082012 0.630295616709976 0.637239515931205 0.637875191501722 0.63573981884671 0.631938769258416 0.629151874298145 0.628924518955306 0.635783185868901 0.629767859831989 0.614378294932478 0.615764365355877
-9999 -9999 -9999 -9999 -9999 -9999 -9999 -9999 -9999 -9999 -9999 -9999 -9999 -9999 -9999 -9999 -9999 -9999 -9999 -9999 -9999 -9999 -9999 -9999 -9999 -9999 -9999 -9999 -9999 0.633817652089064 0.638342378637176 0.64128653147366 0.642253795218391 0.639168561127881 0.626857969519556 0.523422350826879 0.45399264474002 0.435917558449765 0.445676244355674 0.466026377417498 0.474412191081225 0.491677647047039 0.525256680543817 0.575669434514158 0.634355105488251 0.63714547795533 0.637964842209524 0.635794382024395 0.630194440277517 0.622533037355803 0.619688955993599 0.61818093682015 0.619630977185621 0.615442848203346 0.60714926830023 0.60480997460314
-9999 -9999 -9999 -9999 -9999 -9999 -9999 -9999 -9999 -9999 -9999 -9999 -9999 -9999 -9999 -9999 -9999 -9999 -9999 -9999 -9999 -9999 -9999 -9999 -9999 -9999 -9999 -9999 -9999 0.633817652089064 0.638342378637176 0.641718485728431 0.643657966828675 0.657523978101092 0.66288318623309 0.528322974627518 0.445866841024377 0.442096586158971 0.444197230527684 0.449056280328654 0.466095793709518 0.48347644376028 0.501483826209003 0.562042797516681 0.643513709447397 0.638393711981822 0.632866570586708 0.628694043282935 0.62190459684921 0.613542120472924 0.613225509594655 0.613112347282964 0.612186329258773 0.609087968767768 0.604407810208863 0.590955360284193
-9999 -9999 -9999 -9999 -9999 -9999 -9999 -9999 -9999 -9999 -9999 -9999 -9999 -9999 -9999 -9999 -9999 -9999 -9999 -9999 -9999 -9999 -9999 -9999 -9999 -9999 -9999 -9999 -9999 -9999 -9999 -9999 0.644501044460729 0.666019566807193 0.683820815075204 0.582292208277786 0.512142620194602 0.489380602453654 0.469928151304734 0.453515769153762 0.485612890713138 0.504674827833047 0.499788672817117 0.546415510263137 0.618358362188663 0.620889398197102 0.620592522950499 0.615722573417693 0.608424959345505 0.59966807625456 0.600134683933876 0.601345414672723 0.603073694831391 0.599828959955486 0.592963108384814 0.582534850428517
