layers/veg/veg_3300.asc
NCOLS 255 
NROWS 330 
XLLCORNER -2985163.8955 
YLLCORNER -3022031.214 
CELLSIZE 25000 
NODATA_value -9999 
[rows 75 to 99 of 330, columns 0 to 56 of 255]
-9999 -9999 -9999 -9999 -9999 -9999 -9999 -9999 -9999 -9999 -9999 -9999 -9999 -9999 -9999 -9999 -9999 -9999 -9999 -9999 -9999 -9999 -9999 -9999 -9999 -9999 0.656192753346603 0.6702815238704 0.68172664619052 0.689180314987654 0.685820867384138 0.670753981661248 0.447732983804452 0.306022994153896 0.313661386442441 0.333500890669708 0.359335157742783 0.508358450939496 0.63180759815652 0.694196787757323 0.735147724779372 0.763215091426505 0.773997529604817 0.787469157586819 0.811550070872395 0.825378275396852 0.831742587780895 0.844439717449051 0.856316285402901 0.862526111075904 0.868534532138525 0.874366337706527 0.882652410286608 0.890420266823229 0.893518695077118 0.901300651138 0.914018750020967
-9999 -9999 -9999 -9999 -9999 -9999 -9999 -9999 -9999 -9999 -9999 -9999 -9999 -9999 -9999 -9999 -9999 -9999 -9999 -9999 -9999 -9999 -9999 -9999 -9999 -9999 0.636437501642643 0.658754562406948 0.67465490778514 0.680867117957494 0.678710471298564 0.668933588340368 0.538545085624679 0.431509957431458 0.367369251219847 0.346755902585454 0.347528816718808 0.514747912509696 0.647413231899882 0.697579060201563 0.730804752516841 0.753850070599672 0.773602531198954 0.792503060149666 0.809555553057908 0.820334312258179 0.826545842172512 0.834555097147963 0.842505135871628 0.849481711987171 0.856299904753437 0.862979208178893 0.871281578533284 0.879235298180381 0.884071761217034 0.892983592333547 0.906190604288894
-9999 -9999 -9999 -9999 -9999 -9999 -9999 -9999 -9999 -9999 -9999 -9999 -9999 -9999 -9999 -9999 -9999 -9999 -9999 -9999 -9999 -9999 -9999 -9999 -9999 -9999 0.62631049949524 0.648440080610698 0.664354142863711 0.670883842013422 0.669355825531469 0.662464558199548 0.594699693749825 0.511546958187735 0.400130477004749 0.355772405299822 0.344362089804095 0.523511446902473 0.661861403416504 0.702956173056345 0.728419775385611 0.744489643624466 0.768886889710926 0.790413492836288 0.802361740903713 0.811323538541605 0.818111223522237 0.82344212774603 0.82901920755228 0.836109779771558 0.843504281975547 0.851165306105115 0.858959747221213 0.866689566880257 0.8739861162098 0.883886243864482 0.896530378812594
-9999 -9999 -9999 -9999 -9999 -9999 -9999 -9999 -9999 -9999 -9999 -9999 -9999 -9999 -9999 -9999 -9999 -9999 -9999 -9999 -9999 -9999 -9999 -9999 -9999 -9999 0.637191416946124 0.640876272438685 0.647167518134085 0.657393964187432 0.655225362729195 0.645948294213955 0.574993613643824 0.492054596375619 0.387103291546903 0.355556702121977 0.360075994464214 0.537292545072037 0.673542534170689 0.712626368831687 0.730325154202587 0.735172342341487 0.754726004179785 0.772738885880001 0.783844419345761 0.793683246334817 0.802599920872654 0.809670519945197 0.816301388729345 0.822101759009788 0.829569524382795 0.838499459903956 0.844641118055427 0.851243926982062 0.862523553923093 0.873079230100072 0.882871907846215
-9999 -9999 -9999 -9999 -9999 -9999 -9999 -9999 -9999 -9999 -9999 -9999 -9999 -9999 -9999 -9999 -9999 -9999 -9999 -9999 -9999 -9999 -9999 -9999 -9999 -9999 0.641271026850258 0.639277476379911 0.642259390012694 0.652753397612936 0.640816148137421 0.61685253025669 0.504725497221957 0.417246478117978 0.375039816100427 0.387186061190068 0.426037477884099 0.562720446255521 0.669121084943805 0.704476775254411 0.722166819733009 0.729240486292793 0.745855673655207 0.761357985752177 0.772057718102227 0.782027861283485 0.791466869231163 0.798965688333126 0.805922945903391 0.811717002315408 0.81922774735907 0.828243888983341 0.835270894375959 0.842417883443341 0.851872450970268 0.860237854874555 0.867455349036545
-9999 -9999 -9999 -9999 -9999 -9999 -9999 -9999 -9999 -9999 -9999 -9999 -9999 -9999 -9999 -9999 -9999 -9999 -9999 -9999 -9999 -9999 -9999 -9999 -9999 -9999 0.641409297177845 0.64113538892531 0.644466617915107 0.653240983297538 0.626245397627381 0.580466979629626 0.405156815661307 0.310383026589975 0.363534808034234 0.437269548862804 0.52111729912802 0.594897638710348 0.655368233581725 0.68600066129287 0.708176590265203 0.725270486724548 0.740051205641026 0.753624271938997 0.764171393372703 0.773840713960209 0.782871002367103 0.790038045339873 0.79690016522592 0.803431917480729 0.810968092988546 0.819385066156864 0.828768258472806 0.837427878332969 0.841691586536344 0.846217572610272 0.851019983012501
-9999 -9999 -9999 -9999 -9999 -9999 -9999 -9999 -9999 -9999 -9999 -9999 -9999 -9999 -9999 -9999 -9999 -9999 -9999 -9999 -9999 -9999 -9999 -9999 -9999 -9999 -9999 -9999 -9999 -9999 0.531934864022057 0.524085162759841 0.405727418985518 0.338123315791703 0.36374120388093 0.419048135355227 0.488942161440761 0.553179490823358 0.608669646509624 0.644525044557233 0.674047881044454 0.699765090080602 0.717144675038145 0.734101295952004 0.751296926148887 0.764130577735744 0.773788742861159 0.7809842900364 0.787452573534549 0.792298638516494 0.7994501043404 0.80862321956563 0.814981323410944 0.821040870835013 0.828060519933283 0.832909882267023 0.835471899275598
-9999 -9999 -9999 -9999 -9999 -9999 -9999 -9999 -9999 -9999 -9999 -9999 -9999 -9999 -9999 -9999 -9999 -9999 -9999 -9999 -9999 -9999 -9999 -9999 -9999 -9999 -9999 -9999 -9999 -9999 0.580847987141332 0.479376849768576 0.409778784462875 0.36380945022933 0.36124030043268 0.404570013059788 0.470451178087691 0.525216814405618 0.57474082395413 0.612700990724641 0.646270849765831 0.677202301670504 0.696973519946283 0.716461925922137 0.737073849810945 0.752722108536091 0.764756857674071 0.771850499589419 0.777826900416691 0.78179878109774 0.788069228903994 0.796355333496689 0.799976004687951 0.803988106555953 0.813954098237837 0.819430080442515 0.82017387593552
-9999 -9999 -9999 -9999 -9999 -9999 -9999 -9999 -9999 -9999 -9999 -9999 -9999 -9999 -9999 -9999 -9999 -9999 -9999 -9999 -9999 -9999 -9999 -9999 -9999 -9999 -9999 -9999 -9999 0.65436379553064 0.576349626369275 0.469153007817191 0.409313810094544 0.365144040275352 0.349755166855287 0.409782521167297 0.506864072035324 0.54490919052175 0.580079155320885 0.610290396210965 0.638548510495459 0.665632870343497 0.686614701631263 0.705581185406459 0.719884815784836 0.736914814330003 0.755929587670407 0.76251699065699 0.767776959089204 0.773416023987578 0.7775151020018 0.780263736524493 0.782678573379354 0.786717329944398 0.799038236220103 0.805383577737092 0.805431051000239
-9999 -9999 -9999 -9999 -9999 -9999 -9999 -9999 -9999 -9999 -9999 -9999 -9999 -9999 -9999 -9999 -9999 -9999 -9999 -9999 -9999 -9999 -9999 -9999 -9999 -9999 -9999 -9999 0.649838176725773 0.644436125873567 0.58004370110347 0.492863199232837 0.421285384398019 0.372451528278314 0.365392746750921 0.422355896226435 0.510774891301987 0.548568764124617 0.583281688799784 0.612350515618995 0.632742230755636 0.647919333432483 0.676783958284646 0.701414672769477 0.711675770641623 0.725175023454717 0.741031627849361 0.747327520540111 0.752995391548109 0.76039262061725 0.764599326915477 0.766008203728991 0.768499089241025 0.772550291695643 0.783348484257933 0.789579394839931 0.79099667836717
-9999 -9999 -9999 -9999 -9999 -9999 -9999 -9999 -9999 -9999 -9999 -9999 -9999 -9999 -9999 -9999 -9999 -9999 -9999 -9999 -9999 -9999 -9999 -9999 -9999 -9999 -9999 0.651990535893714 0.645215265958485 0.628210505195186 0.589497164125091 0.540429455694104 0.442000013523437 0.383958040919178 0.400097945571421 0.440104056106784 0.491836331029223 0.540957069868365 0.584982728695943 0.61755360482855 0.628282965686827 0.625886410703879 0.667324458481612 0.701968349308738 0.709779774011749 0.716294740112278 0.721865894445704 0.728021233851211 0.734887429484368 0.744106782810119 0.750023282562425 0.753043447834465 0.756511562353937 0.760565221722415 0.767114677639692 0.772539539998621 0.776779151698312
-9999 -9999 -9999 -9999 -9999 -9999 -9999 -9999 -9999 -9999 -9999 -9999 -9999 -9999 -9999 -9999 -9999 -9999 -9999 -9999 -9999 -9999 -9999 -9999 -9999 -9999 0.634199004299122 0.626773078297013 0.624015762063602 0.628307242596264 0.580472507373116 0.512154519172857 0.44791455857609 0.400976484151789 0.385817731634286 0.422779842033755 0.48535045550044 0.557451371401494 0.611611190461313 0.62494607979336 0.635265216311862 0.643772000659221 0.676139403445785 0.703058382447545 0.710407932135851 0.715611411732372 0.719252569013486 0.725359352817248 0.731485527143054 0.736644426458192 0.740460832508649 0.74309998094064 0.747249368519418 0.751375657502489 0.754084665418794 0.756925774773621 0.75990611071029
-9999 -9999 -9999 -9999 -9999 -9999 -9999 -9999 -9999 -9999 -9999 -9999 -9999 -9999 -9999 -9999 -9999 -9999 -9999 -9999 -9999 -9999 -9999 -9999 -9999 -9999 0.63568858934999 0.61684676159285 0.614834040666764 0.638230372902929 0.57919512234867 0.489548592378047 0.456200064262773 0.421401686399229 0.383940290098997 0.416637578474022 0.483805878861267 0.576540267718531 0.64033254244395 0.638000582484959 0.648313033802394 0.66622429299518 0.688042522002155 0.706005347157479 0.712359609667732 0.716576499866002 0.719237399664833 0.72449378381398 0.729150642889904 0.730522581762302 0.732170013151939 0.734059029116545 0.738222399944493 0.742062186173697 0.742345944076052 0.74281639605161 0.743483611801686
-9999 -9999 -9999 -9999 -9999 -9999 -9999 -9999 -9999 -9999 -9999 -9999 -9999 -9999 -9999 -9999 -9999 -9999 -9999 -9999 -9999 -9999 -9999 -9999 -9999 -9999 0.647815211296447 0.645672505524543 0.653504461541258 0.676396439115077 0.611604190670027 0.514294914632628 0.478126352959562 0.451672097322414 0.443060639605638 0.462177142129076 0.4949172018064 0.595875008891288 0.667254922146707 0.669957416869038 0.678296774701516 0.690023671807848 0.70403316035966 0.715217747490003 0.71799668974041 0.720290870796269 0.722232149477325 0.723814763405944 0.72517099071646 0.725850489901328 0.726477186252038 0.727057578803373 0.729021043997225 0.731299234738844 0.733932907762912 0.733421723206389 0.729596057170812
-9999 -9999 -9999 -9999 -9999 -9999 -9999 -9999 -9999 -9999 -9999 -9999 -9999 -9999 -9999 -9999 -9999 -9999 -9999 -9999 -9999 -9999 -9999 -9999 -9999 -9999 0.666666792045704 0.672544907899077 0.682903389656397 0.70002645236163 0.63352907800972 0.53503464525616 0.467214290119787 0.431736808107982 0.455665252488872 0.485562661556229 0.518392797403743 0.616728676190342 0.68206602696947 0.671060743147579 0.676547313509817 0.691944857875816 0.704844425874373 0.713736462970222 0.711693608364858 0.713402249879999 0.717841951358028 0.719787266617715 0.720906060540423 0.72005309224548 0.71986926303396 0.720272214482349 0.721412560539587 0.722869527841786 0.725248631135689 0.724006727030899 0.718948509579344
-9999 -9999 -9999 -9999 -9999 -9999 -9999 -9999 -9999 -9999 -9999 -9999 -9999 -9999 -9999 -9999 -9999 -9999 -9999 -9999 -9999 -9999 -9999 -9999 -9999 -9999 0.691217674730846 0.697761882538717 0.704444866420318 0.711337378274522 0.646568778879556 0.552378849437264 0.428472215829868 0.369252939433443 0.428848474764243 0.490172960070025 0.552346929023229 0.638869610648337 0.686613007595536 0.646016183077495 0.647904438482959 0.675324603033893 0.692791400087787 0.70319244058577 0.695271418865052 0.697527752064082 0.70719312039379 0.712921986212439 0.716399361526819 0.713302014770431 0.712485809382068 0.713669979805607 0.715154012677093 0.716417210769871 0.716334482401814 0.714574507137176 0.711046819462021
-9999 -9999 -9999 -9999 -9999 -9999 -9999 -9999 -9999 -9999 -9999 -9999 -9999 -9999 -9999 -9999 -9999 -9999 -9999 -9999 -9999 -9999 -9999 -9999 -9999 -9999 0.694242065383119 0.704923800600596 0.713900466091881 0.720302769927906 0.687474176728403 0.636247462463844 0.504603532884372 0.422454659422629 0.431216066232144 0.505918936372957 0.613020774440802 0.626724153657584 0.626845178859172 0.598690527937157 0.608887196022047 0.642131540944459 0.667296292536228 0.683040991180971 0.673463220315016 0.684560412628244 0.710708817140307 0.715820432840354 0.717578638309917 0.715933349368813 0.715352351800805 0.715704651374921 0.717101951374741 0.718620822943968 0.719836151992951 0.720553178593009 0.720745025850093
-9999 -9999 -9999 -9999 -9999 -9999 -9999 -9999 -9999 -9999 -9999 -9999 -9999 -9999 -9999 -9999 -9999 -9999 -9999 -9999 -9999 -9999 -9999 -9999 -9999 -9999 0.693949763822254 0.709985415261869 0.721921604688958 0.727668312448448 0.726932093840496 0.719321862262572 0.591096298793306 0.492823857584245 0.449567956475625 0.527803374971163 0.66573102910139 0.612281494662764 0.569304794193038 0.555017863351006 0.571361217340876 0.606112201746792 0.641062412683284 0.664754289449034 0.656481637074453 0.674775420993825 0.71240936366278 0.716240835452641 0.716391136527257 0.717314639577591 0.717342793068989 0.716585797675711 0.717888646352872 0.719689222466546 0.722161979474113 0.725039619678492 0.728343981227997
-9999 -9999 -9999 -9999 -9999 -9999 -9999 -9999 -9999 -9999 -9999 -9999 -9999 -9999 -9999 -9999 -9999 -9999 -9999 -9999 -9999 -9999 -9999 -9999 -9999 -9999 0.694621970034322 0.719017724480228 0.732468291282743 0.729393509622405 0.738508497617983 0.748180750565243 0.638401409644449 0.5549628300533 0.519905769402959 0.569706710088011 0.66120086661519 0.613225179640039 0.570950549078678 0.545216472736405 0.548633698195493 0.56956974179979 0.621611657241462 0.662416147221102 0.66598270608343 0.677545661574581 0.694929931543703 0.697748765990856 0.699904745807711 0.705770004805648 0.707483092842641 0.705555063992456 0.707054594915622 0.708916247839151 0.709601986095985 0.710897443423603 0.712835506184297
-9999 -9999 -9999 -9999 -9999 -9999 -9999 -9999 -9999 -9999 -9999 -9999 -9999 -9999 -9999 -9999 -9999 -9999 -9999 -9999 -9999 -9999 -9999 -9999 -9999 -9999 0.741610082334302 0.741405532963169 0.73992972483417 0.736534534905182 0.74720381012232 0.760190484970792 0.682231180098875 0.611620539646523 0.554507593598495 0.576032340402518 0.636194083716143 0.616932228023595 0.588390931058926 0.540940029198862 0.537583604468653 0.56072627508965 0.613028646092782 0.654674679298674 0.661066621164872 0.670111139154586 0.681086711906653 0.686180658644225 0.69082254750267 0.696288067472563 0.697882898785562 0.696083450343175 0.697902473926953 0.700494105482599 0.703765724271273 0.705166127582477 0.704594387836498
-9999 -9999 -9999 -9999 -9999 -9999 -9999 -9999 -9999 -9999 -9999 -9999 -9999 -9999 -9999 -9999 -9999 -9999 -9999 -9999 -9999 -9999 -9999 -9999 -9999 -9999 0.741657668405755 0.742044938110177 0.744248083467489 0.749192888347408 0.752964035749474 0.755035289213941 0.722520477508516 0.66269425997596 0.552703687594697 0.546113490905191 0.590326920438676 0.623454429035689 0.621921953119708 0.542292077828207 0.538429787137043 0.580100918759564 0.615517055678555 0.641428619943521 0.641463185070241 0.652280602471723 0.670947852363333 0.681666277964191 0.689283306338385 0.688907485358876 0.688547074399469 0.688200176776808 0.690463805071498 0.694466853219575 0.704779205955925 0.708003303221069 0.70375682642171
-9999 -9999 -9999 -9999 -9999 -9999 -9999 -9999 -9999 -9999 -9999 -9999 -9999 -9999 -9999 -9999 -9999 -9999 -9999 -9999 -9999 -9999 -9999 -9999 -9999 -9999 -9999 0.742463667062904 0.74589986180436 0.754524118855837 0.758664373449307 0.760649264969382 0.751972903915551 0.720666362333926 0.647793728787935 0.596717044323839 0.556349346581733 0.551532497089603 0.541151813002915 0.517258297835792 0.523725447735283 0.548438196877438 0.611053427031764 0.658839819810817 0.658029850714256 0.664856791727918 0.677243343833324 0.676678154182268 0.674714161009232 0.673089106029425 0.671959283433348 0.671263739438138 0.673816032247057 0.676620634752207 0.677863881472283 0.675153577404766 0.668276480238936
-9999 -9999 -9999 -9999 -9999 -9999 -9999 -9999 -9999 -9999 -9999 -9999 -9999 -9999 -9999 -9999 -9999 -9999 -9999 -9999 -9999 -9999 -9999 -9999 -9999 -9999 -9999 -9999 -9999 0.760782758485997 0.763603680089326 0.767678979477838 0.775617633676549 0.77213739639675 0.747683455759001 0.65833028589423 0.537090228174826 0.479910093369328 0.452821831849845 0.492114475572637 0.510205660068102 0.51555557794201 0.605249659745405 0.676274149379814 0.679796226407124 0.682853295719097 0.685571843035313 0.671085862803788 0.657679570565134 0.65546510281117 0.653982053452066 0.653140398653584 0.656578282202761 0.658390789057156 0.648508178462297 0.638889611726224 0.62954933055863
-9999 -9999 -9999 -9999 -9999 -9999 -9999 -9999 -9999 -9999 -9999 -9999 -9999 -9999 -9999 -9999 -9999 -9999 -9999 -9999 -9999 -9999 -9999 -9999 -9999 -9999 -9999 -9999 -9999 -9999 0.763603680089326 0.767735373365428 0.777309190800982 0.770177877463788 0.732363335545011 0.670605888311403 0.597084592018549 0.529223334046518 0.487855140993864 0.506255861219895 0.528096749550917 0.552005047421002 0.601130444449156 0.647371441009404 0.681080873973783 0.690566001638638 0.682416023679719 0.662218658895508 0.644108411752273 0.638702038222681 0.637818342466061 0.640900667995493 0.649406069533167 0.655548076342742 0.645374889359634 0.634175902045032 0.621895785899372
-9999 -9999 -9999 -9999 -9999 -9999 -9999 -9999 -9999 -9999 -9999 -9999 -9999 -9999 -9999 -9999 -9999 -9999 -9999 -9999 -9999 -9999 -9999 -9999 -9999 -9999 -9999 -9999 -9999 -9999 -9999 -9999 0.785022294623813 0.768337897525482 0.721008354520893 0.676664180861887 0.633786806403134 0.56258782141032 0.513272316788912 0.51418924110752 0.538870360045419 0.577832851621136 0.590268897438522 0.61230349242645 0.666137799883823 0.683989144508588 0.675645172389973 0.655689602731164 0.637033813059737 0.628019627980044 0.625852026737669 0.629688323760571 0.640104513937319 0.648073425696729 0.63831569614066 0.62770936861367 0.616208672363867
