layers/veg/veg_4300.asc
NCOLS 255 
NROWS 330 
XLLCORNER -2985163.8955 
YLLCORNER -3022031.214 
CELLSIZE 25000 
NODATA_value -9999 
[rows 200 to 224 of 330, columns 114 to 170 of 255]
0.10484708946412 0.0992938698858421 0.101767984297087 0.108695368825141 0.102189171851725 0.101530326791175 0.117363639575571 0.123405886038272 0.122846070888142 0.127431297155642 0.129216956139853 0.120238804074557 0.111213977279781 0.102151169597974 0.0978999144942224 0.0946654419641993 0.0927050997811135 0.0866570920854473 0.0766092502731641 0.0759744763034669 0.0767294127680262 0.073671421437684 0.0750725217401718 0.0817185056620312 0.101185187267587 0.124670316546203 0.151470959145962 0.180769473221506 0.213609549907937 0.240888368587699 0.266084980881282 0.290474182750596 0.311714022491918 0.327537619949144 0.340403818297518 0.351806799072862 0.334450987842812 0.30981985527836 0.269852828137897 0.236825035158623 0.207704214332006 0.239623184160193 -9999 -9999 -9999 -9999 -9999 -9999 -9999 -9999 -9999 -9999 -9999 -9999 -9999 -9999 -9999
0.102099812609943 0.0986164048435607 0.0990223467807315 0.101585957108337 0.100226408923729 0.100075057293893 0.103450881069289 0.107127399639035 0.111006675037681 0.114673213076249 0.117120373245605 0.115625423726777 0.109319611135609 0.099099028198577 0.0948624317031731 0.0918169815101836 0.0900378761932255 0.0837466791301165 0.0730403413349645 0.0732806795877748 0.0753747252526634 0.0744762462926891 0.0782536171835619 0.0875308275728628 0.102379388562667 0.119703713435263 0.145372866718651 0.172539811984553 0.201830374952801 0.228328342935104 0.253632762597794 0.275699434428758 0.294806563969407 0.308823901532213 0.317791334891687 0.324359657684601 0.308372225586433 0.288193006748373 0.25917777963338 0.231414924410553 0.204357187648035 0.203690051132515 -9999 -9999 -9999 -9999 -9999 -9999 -9999 -9999 -9999 -9999 -9999 -9999 -9999 -9999 -9999
0.0992621765607958 0.100808142762137 0.0974051872686867 0.0912567517537739 0.0965126299313285 0.0981905607595771 0.0894453911347786 0.09403019513655 0.107603326281506 0.107991723516796 0.107801064394007 0.109717120580505 0.105497081221025 0.0962838827294772 0.0923746655113405 0.0895431499741461 0.0879290974222831 0.0825516229157486 0.0734915908508245 0.0728156230662656 0.0738844175141029 0.0746333475306061 0.0806637883301087 0.0929064606045916 0.104141068057533 0.116526722923948 0.142535364831698 0.16697143162394 0.189177850779829 0.213989727218244 0.239416434492971 0.258317261754451 0.275428297627869 0.289461267721054 0.295349983894504 0.297441026838603 0.282253541555136 0.267509530003298 0.253700331648417 0.233178446025296 0.208877140135138 0.205686150946738 -9999 -9999 -9999 -9999 -9999 -9999 -9999 -9999 -9999 -9999 -9999 -9999 -9999 -9999 -9999
0.0959811839674165 0.0967590724604032 0.0931891527494799 0.0872072287076834 0.0905693888317892 0.0913972154205432 0.0847102637195673 0.0854758094424611 0.091266532765554 0.0984879571736548 0.104078989651032 0.103877577359142 0.103424670800025 0.102767114413072 0.0949419007332495 0.0873456724973876 0.0854120964233262 0.081715717670773 0.0762944134631907 0.0769182710107533 0.0785677017579475 0.0785759992473088 0.0827943484765419 0.091964655015777 0.104176641327425 0.11811973067719 0.1402098578176 0.160972391391289 0.179852620057006 0.201126331217985 0.223082596316816 0.241297748296346 0.257078760513933 0.268673562899737 0.273965555995458 0.276348697689856 0.273414350079303 -9999 -9999 -9999 -9999 -9999 -9999 -9999 -9999 -9999 -9999 -9999 -9999 -9999 -9999 -9999 -9999 -9999 -9999 -9999 -9999
0.0926003197398061 0.0925555317989925 0.089928730109045 0.0858695220080501 0.0862198504412789 0.0856847672251807 0.0824050073854018 0.0802696877872847 0.0789060578845905 0.0909078494636459 0.100700260467802 0.0991683721298783 0.100806737807434 0.105024851904771 0.0958512434081426 0.0863194649071654 0.08395937002419 0.0815898122614219 0.0792109949471271 0.0806478973048642 0.0825109683528301 0.0819960804440489 0.084948733961125 0.0919799874984544 0.104338462270532 0.11871694057605 0.137787995258769 0.155648324300861 0.171792047543792 0.189438699726432 0.207540603037424 0.223803646728381 0.237924227173378 0.24836022021518 0.253585626080299 0.256391131389209 0.25075995430578 -9999 -9999 -9999 -9999 -9999 -9999 -9999 -9999 -9999 -9999 -9999 -9999 -9999 -9999 -9999 -9999 -9999 -9999 -9999 -9999
0.0890055744603737 0.0882981922615332 0.0890559440629726 0.0906264984049673 0.0857472898063864 0.0827711844628151 0.0853790850928754 0.0827487390887255 0.0765862724874935 0.088013942600358 0.0978537209175175 0.0971266446545343 0.0968125033856647 0.0968343820045817 0.092591034417628 0.0880570754745307 0.0850418035162347 0.0831236754871424 0.0822791171288959 0.0832683279722569 0.0843977754629886 0.0839925956960874 0.0871733600352023 0.094571992283367 0.104884671086251 0.116723292381455 0.135112920478475 0.151940644922642 0.166553852073835 0.180455751199095 0.193975273192383 0.20517004362879 0.216816247770399 0.229238823197117 0.235526547504618 0.23900698189625 0.243734347335968 -9999 0.219120491462614 0.219120491462614 -9999 -9999 -9999 -9999 -9999 -9999 -9999 -9999 -9999 -9999 -9999 -9999 -9999 -9999 -9999 -9999 -9999
0.0855885596585393 0.0854321096737484 0.0870061811448589 0.0895402823713182 0.0860162244193326 0.0836274480820506 0.0848000197124512 0.0828868612670546 0.0788930121786137 0.0833934496772765 0.0886517695614484 0.0938173445236377 0.094590900036434 0.0917905131525343 0.0908052917237713 0.0896121385250509 0.086334787219865 0.084390016354441 0.083749192861837 0.0842894729779781 0.0850080282017439 0.0852718297792165 0.0888079298917688 0.0961929809561183 0.104909891952297 0.114598847794325 0.12988087207162 0.14468272272539 0.158803767753934 0.171290560245608 0.183026142795848 0.191857537733393 0.200674169322154 0.209465411047605 0.220406426437477 0.232236774771275 0.218416549372643 0.210970864406953 0.216962287653631 0.219120491462614 -9999 -9999 -9999 -9999 -9999 -9999 -9999 -9999 -9999 -9999 -9999 -9999 -9999 -9999 -9999 -9999 -9999
0.0822826251736796 0.0834355530392601 0.0842208158371872 0.0848021115570143 0.0867485884242344 0.086839839567896 0.0820002645224085 0.0815619189641249 0.0840912979919103 0.0776938524306253 0.0754777298644659 0.0897158202662417 0.0934771788246853 0.088713248152255 0.0899410802485043 0.0910531106424447 0.0877593633467989 0.0854891576014326 0.0842205006373899 0.0843110755268701 0.084820443303829 0.0861027681019374 0.0900737187009883 0.0972070912871006 0.104609498959809 0.112392656368169 0.123050732865857 0.135205923366464 0.149483770308112 0.162011469038564 0.173712118926551 0.181870680719853 0.187635744561065 0.189284493958859 0.207123133448649 0.232236774771275 0.218416549372643 0.210970864406953 0.216962287653631 -9999 -9999 -9999 -9999 -9999 -9999 -9999 -9999 -9999 -9999 -9999 -9999 -9999 -9999 -9999 -9999 -9999 -9999
0.0804722649779533 0.0817178164766225 0.0817046315020096 0.0809931457554689 0.0841720029431663 0.0850311048169093 0.0794973400178357 0.0794763547383485 0.0831726060550033 0.0791976601118167 0.0764079066640445 0.0798454257590989 0.0808074515774519 0.0797550804933591 0.0862452454985281 0.0919502661435169 0.0893368397928961 0.0875090848820534 0.0864501197412162 0.0863140001000176 0.0862048056248807 0.0850584508388681 0.0875710047550244 0.0943872491752042 0.101158822749168 0.108216190320798 0.118099248759664 0.129068336689525 0.141577232202329 0.151425866873458 0.16015279043597 0.166087840901362 0.17387794381233 0.184858347834006 -9999 -9999 -9999 -9999 -9999 -9999 -9999 -9999 -9999 -9999 -9999 -9999 -9999 -9999 -9999 -9999 -9999 -9999 -9999 -9999 -9999 -9999 -9999
0.0791645235787938 0.0799212870086047 0.0794191406498452 0.0782185973702004 0.0816240486003454 0.0829230685084838 0.0783053038706845 0.0780021679697039 0.0806083622500384 0.0798061313153912 0.0776270232933861 0.0719600769545244 0.0714598869383949 0.0751640702607673 0.0846365673711588 0.0926963062363396 0.0908721127439112 0.0894614071432571 0.0884553048476525 0.0874939637314615 0.0863791536383839 0.0842748776889433 0.0857875238734644 0.0915544750185045 0.0975920783223422 0.103960294928491 0.112724564262792 0.122450310362077 0.133539269178716 0.141101907289449 0.147267850504257 0.151459489378405 0.15282756676509 0.14933971063298 -9999 -9999 -9999 -9999 -9999 -9999 -9999 -9999 -9999 -9999 -9999 -9999 -9999 -9999 -9999 -9999 -9999 -9999 -9999 -9999 -9999 -9999 -9999
0.0790354953451406 0.0778309729704628 0.0777632731059553 0.078326240623578 0.0798640528319667 0.080990329212358 0.0809528284623036 0.0785096244241994 0.0744442680271944 0.0762193407950153 0.0767110188516774 0.0712094718748851 0.0744567632293636 0.0848232954237908 0.0898428403737905 0.0931079564433306 0.0922492717322582 0.0910169175307756 0.0894189228502759 0.0858031463714501 0.0826173769296863 0.0846658046459679 0.0869455631419565 0.0894974180910004 0.0943488172471576 0.0998863606462534 0.105691014949247 0.113692835552603 0.124809869286299 0.131834338271641 0.137292184200795 0.141499016820508 0.145051938059192 0.147480268879869 -9999 -9999 -9999 -9999 -9999 -9999 -9999 -9999 -9999 -9999 -9999 -9999 -9999 -9999 -9999 -9999 -9999 -9999 -9999 -9999 -9999 -9999 -9999
0.0783874196732554 0.0765624029099996 0.0763136209187685 0.0769392760964028 0.0777678382912683 0.0789949954609044 0.0812298550088425 0.0796536026804126 0.0755075387916811 0.076480751147353 0.0763222111056226 0.0708880352510436 0.0734044743023599 0.082390611409296 0.0875439784540598 0.0910591790040598 0.0899681873352379 0.0895262939122719 0.089719551604489 0.0845445122830875 0.0795422061722929 0.0825717050556332 0.0856767251012806 0.0888705748323699 0.0927493880283832 0.0967287144704326 0.0998046052417122 0.10556916838534 0.115145817794874 0.121365419970868 0.126353599955594 0.131342490077498 0.133936579275749 0.132412113192789 -9999 -9999 -9999 -9999 -9999 -9999 -9999 -9999 -9999 -9999 -9999 -9999 -9999 -9999 -9999 -9999 -9999 -9999 -9999 -9999 -9999 -9999 -9999
0.077346932834591 0.0759150891920648 0.0750198720320726 0.0744223555385379 0.0754174350367436 0.0769523389380817 0.0797147334101433 0.0812788052804803 0.0820348548794224 0.0796514851630666 0.0763319755424274 0.0708910593259356 0.0692909282904946 0.0708161807268997 0.0795710710910983 0.0871502646826294 0.0849213912720458 0.0857327266484994 0.089518946048757 0.0836126181598961 0.0769861244665413 0.0785988712782104 0.0825731149639254 0.0893250042536668 0.092392731491351 0.0942638020573862 0.0947854580579766 0.0979246735982368 0.104775149340368 0.109988255449973 0.11468702877664 0.121037742101003 0.126557302417535 0.130647453894239 -9999 -9999 -9999 -9999 -9999 -9999 -9999 -9999 -9999 -9999 -9999 -9999 -9999 -9999 -9999 -9999 -9999 -9999 -9999 -9999 -9999 -9999 -9999
0.0753967800033919 0.076315465404893 0.0754073081735862 0.0734856857350991 0.0749735860504799 0.0766954535382978 0.0786660980161032 0.0804582603955881 0.082130073287981 0.0804651627551338 0.07894215317731 0.0789001147819885 0.0729487554643627 0.0730567869756946 0.0799837227439256 0.0866128138505549 0.0875078859606574 0.0875978311404904 0.0868999490986517 0.0852500338846767 0.0831945082119263 0.0799162860912384 0.0803018494620146 0.0849968395257955 0.0878067442433958 0.0897892676215578 0.0890457851582245 0.0913288136032369 0.0979029266690361 0.104317521469268 0.110760448548019 0.118865798374654 -9999 -9999 -9999 -9999 -9999 -9999 -9999 -9999 -9999 -9999 -9999 -9999 -9999 -9999 -9999 -9999 -9999 -9999 -9999 -9999 -9999 -9999 -9999 -9999 -9999
0.0739569655399612 0.0764514757889305 0.0759437711773628 0.0737705480088093 0.0749528611258408 0.0762662724908576 0.0775685629800916 0.0792618129286216 0.0812186846680356 0.0806508788713457 0.079501341233237 0.0772080185709006 0.0761211466158173 0.076016006500007 0.0799988373256978 0.0845910850079057 0.0891625002923028 0.0893704458362166 0.085308679222642 0.0870427574428026 0.088706720998941 0.0824053578070399 0.0794846198625203 0.0805402491791444 0.0827858704697557 0.0850260116785329 0.0839921300651997 0.0859420457118474 0.092122485193233 0.0995789847002333 0.107033778576945 0.105495778448452 -9999 -9999 -9999 -9999 -9999 -9999 -9999 -9999 -9999 -9999 -9999 -9999 -9999 -9999 -9999 -9999 -9999 -9999 -9999 -9999 -9999 -9999 -9999 -9999 -9999
0.0749356873423019 0.0750521515124217 0.076232490134289 0.0780030272342798 0.0756335115490523 0.0742959858226307 0.0760534096502776 0.0778107496470864 0.079568033117227 0.0795641535976747 0.0789843988861829 0.0770479200005906 0.0758460090961832 0.0752418422777166 0.0743680751876202 0.0751795900352314 0.0834742999566693 0.0880126292362354 0.0888752909739937 0.0881768118821533 0.0872329768364349 0.0868312496141653 0.0838802732984823 0.077930813006085 0.0781563747365882 0.080131435911522 0.0819434378660984 0.084715312580755 0.0888481258029631 0.0956476669089746 0.103083090500043 0.10396537375454 -9999 -9999 -9999 -9999 -9999 -9999 -9999 -9999 -9999 -9999 -9999 -9999 -9999 -9999 -9999 -9999 -9999 -9999 -9999 -9999 -9999 -9999 -9999 -9999 -9999
0.0772184141644105 0.0752988453766869 0.076985460667273 0.0806726544578459 0.0770530891541049 0.0744161586132866 0.0750766221030711 0.0762156632820468 0.07767740673744 0.0784021987290396 0.0786491516912555 0.0775500601007483 0.0762600167010384 0.0748145890243465 0.0725108711094325 0.0721118651098501 0.0805310574874885 0.0866397028228043 0.0904874476858364 0.0891554053275176 0.0871878810265047 0.0881027525136439 0.0838185879828761 0.0734192006461718 0.0728613183216165 0.0753435194370954 0.0799488675652417 0.0838170690463599 0.086640120274887 0.0933578195550181 0.10109973321999 -9999 -9999 -9999 -9999 -9999 -9999 -9999 -9999 -9999 -9999 -9999 -9999 -9999 -9999 -9999 -9999 -9999 -9999 -9999 -9999 -9999 -9999 -9999 -9999 -9999 -9999
0.0806878303181822 0.0770434722533019 0.0781609160712227 0.0819200327103474 0.079145115860406 0.0764387212724811 0.0745897658989713 0.0744895109670169 0.0755683950254656 0.077171782346518 0.0784792533219655 0.0786548601242539 0.0773011700260417 0.0747030366613978 0.0740877344038375 0.0748171886954211 0.0800858209052507 0.0852530259604464 0.0903209832195083 0.0899925239317145 0.0884429042598291 0.0865036532238099 0.0797005713925366 0.0671765426586243 0.066960578838943 0.0706526665803036 0.0780035500496754 0.0832177623212972 0.0854025333670306 0.0925617666471392 -9999 -9999 -9999 -9999 -9999 -9999 -9999 -9999 -9999 -9999 -9999 -9999 -9999 -9999 -9999 -9999 -9999 -9999 -9999 -9999 -9999 -9999 -9999 -9999 -9999 -9999 -9999
0.0832973019741152 0.0798121545006909 0.0787548510660901 0.0790444263486923 0.0796486493151635 0.0791831521203882 0.0759237646012014 0.0746802254265197 0.0747959615886883 0.0764532934247355 0.0779950550932339 0.078688262917011 0.0785683388614861 0.0777867404825597 0.075882634446459 0.0747740532908997 0.0778462638187012 0.0819627828576071 0.0871011714203607 0.0871001808314493 0.086457810308661 0.0886094798127778 0.0845594495991168 0.0732148410407204 0.069880398301291 0.0696827728246031 0.0774825221697858 0.0829684630982917 0.0851738119480213 -9999 -9999 -9999 -9999 -9999 -9999 -9999 -9999 -9999 -9999 -9999 -9999 -9999 -9999 -9999 -9999 -9999 -9999 -9999 -9999 -9999 -9999 -9999 -9999 -9999 -9999 -9999 -9999
0.0856822042447858 0.0827615789930428 0.0795195889815117 0.0760993176024397 0.0796002737128218 0.0812798381838091 0.0775372004642483 0.0754846609335782 0.0745717452199857 0.075905932422201 0.0769610175979068 0.0764156492028691 -9999 0.0810424303277446 0.0774255521274741 0.0742961462642007 0.0756368749876259 0.0790222275772702 0.0844082713366257 0.0844902843776636 0.084449903650317 0.0905669199937364 0.0897319443786552 0.0807198798523057 0.0740180237521353 0.0693099820754792 0.0772158771390449 0.0818519443534409 -9999 -9999 -9999 -9999 -9999 -9999 -9999 -9999 -9999 -9999 -9999 -9999 -9999 -9999 -9999 -9999 -9999 -9999 -9999 -9999 -9999 -9999 -9999 -9999 -9999 -9999 -9999 -9999 -9999
0.0877370147261838 0.085647660391242 0.0817600791806954 0.0768749077342339 0.0782203440499026 0.0792503445938752 0.0788171872753353 0.0776206382657442 0.0759093384809617 0.0757522205189921 0.0758015358989456 0.0760565542992262 -9999 -9999 0.0774255521274741 0.0742532133943099 0.0753648480627804 0.0798097334724703 0.0875162482872411 0.0870642027769791 0.0855334490284479 0.0880707531785766 0.0876579660338749 0.0837752153221569 0.075825103554879 0.0683930335629548 0.0768769321763676 -9999 -9999 -9999 -9999 -9999 -9999 -9999 -9999 -9999 -9999 -9999 -9999 -9999 -9999 -9999 -9999 -9999 -9999 -9999 -9999 -9999 -9999 -9999 -9999 -9999 -9999 -9999 -9999 -9999 -9999
0.0884336751627351 0.0877609577372977 0.0830273783384528 0.0760409818401489 0.0770083017381519 0.078095475552622 0.0786635674666773 0.0784527132393058 0.0777166199572892 0.0761855768846765 0.0755796865072797 0.0782555357848049 -9999 -9999 -9999 -9999 0.0757133453271179 0.0802211008951947 0.0891397541884092 0.0884087338905661 0.0860994578320944 0.0867668369594074 0.0863946199597436 0.0847996066719303 0.076414842643077 0.0670744197526402 -9999 -9999 -9999 -9999 -9999 -9999 -9999 -9999 -9999 -9999 -9999 -9999 -9999 -9999 -9999 -9999 -9999 -9999 -9999 -9999 -9999 -9999 -9999 -9999 -9999 -9999 -9999 -9999 -9999 -9999 -9999
0.0876449818678672 0.0890290924448159 0.0832303378451896 0.0734467934155067 0.0759798710269474 0.0778971479788619 0.0769420701248224 0.0778587629801564 0.080037580423595 0.0772609860538101 0.0754291995876539 0.0782089295417301 0.0794560601364011 -9999 -9999 -9999 -9999 0.0802211008951947 0.0891397541884092 0.0884087338905661 0.0860994578320944 0.0867668369594074 0.0860178295887806 0.0836028366422913 0.0756732254649923 -9999 -9999 -9999 -9999 -9999 -9999 -9999 -9999 -9999 -9999 -9999 -9999 -9999 -9999 -9999 -9999 -9999 -9999 -9999 -9999 -9999 -9999 -9999 -9999 -9999 -9999 -9999 -9999 -9999 -9999 -9999 -9999
0.0874618123969158 0.0878628604861515 0.0844063153641299 0.0788097191874338 0.0768798748906942 0.075725821780102 0.0761922867941301 0.0774604180059838 0.0792691082802595 0.078492626049162 0.0778023121152241 0.0781812895520447 0.0793284524056399 0.0811007150478788 -9999 -9999 -9999 -9999 -9999 -9999 -9999 -9999 -9999 0.0827837726019285 0.0827837726019285 -9999 -9999 -9999 -9999 -9999 -9999 -9999 -9999 -9999 -9999 -9999 -9999 -9999 -9999 -9999 -9999 -9999 -9999 -9999 -9999 -9999 -9999 -9999 -9999 -9999 -9999 -9999 -9999 -9999 -9999 -9999 -9999
0.0874449386241603 0.0862239952941665 0.0857317455552863 0.0856437482615956 0.0786719237583826 0.0739772209083737 0.0758771360799764 0.0770963218944469 0.0778564956861419 0.0796333025964783 0.0805690481246299 0.078431959426051 0.0787501111539308 0.0810661793198663 0.081489403053288 -9999 -9999 -9999 -9999 -9999 -9999 -9999 -9999 -9999 -9999 -9999 -9999 -9999 -9999 -9999 -9999 -9999 -9999 -9999 -9999 -9999 -9999 -9999 -9999 -9999 -9999 -9999 -9999 -9999 -9999 -9999 -9999 -9999 -9999 -9999 -9999 -9999 -9999 -9999 -9999 -9999 -9999
