layers/veg/veg_5800.asc
NCOLS 255 
NROWS 330 
XLLCORNER -2985163.8955 
YLLCORNER -3022031.214 
CELLSIZE 25000 
NODATA_value -9999 
[rows 150 to 174 of 330, columns 57 to 113 of 255]
-9999 -9999 -9999 -9999 -9999 -9999 -9999 -9999 -9999 -9999 -9999 -9999 -9999 -9999 -9999 -9999 -9999 -9999 -9999 -9999 -9999 0.341093333126428 0.321336932872087 0.219417776029854 0.0764951873507833 0.0487867435360129 0.0326561735820506 0.0391388487398035 0.0585716939674476 0.0859023861833742 0.0934731643095287 0.0991856942820272 0.103226223783904 0.105182473552548 0.105599757487935 0.0714930601310576 0.0422557268162348 0.0465879934081966 0.0621400763732953 0.0876684464765436 0.111960745607215 0.130514013848745 0.121229615795946 0.127182825469373 0.149419141367602 0.204857183918803 0.263341271213167 0.283649741285399 0.297896301323898 0.30434889695479 0.331050870483409 0.361902947623858 0.362496589453481 0.362394799439248 0.361212474230647 0.364652983372259 0.369786125816299
-9999 -9999 -9999 -9999 -9999 -9999 -9999 -9999 -9999 -9999 -9999 -9999 -9999 -9999 -9999 -9999 -9999 -9999 -9999 -9999 -9999 0.327818132871752 0.327224865997105 0.251830620825277 0.139106848963869 0.0713104806971546 0.026864124663519 0.0345336966224668 0.0532268130951966 0.0786427963232277 0.0790758430590821 0.0812387895675064 0.0930674521034104 0.0975915849167943 0.0967222854131426 0.0613037325023729 0.031659794295324 0.0389755360219523 0.0487719903747404 0.0607742117956116 0.0903538775776927 0.120569343792123 0.138014962512391 0.148572902160468 0.151770578177278 0.203927161141197 0.262849066880384 0.282235134346876 0.296144854546064 0.30301348448698 0.330965837155657 0.363354811636479 0.365693661260555 0.366552974610629 0.365113441525168 0.368168945944159 0.37291054515274
-9999 -9999 -9999 -9999 -9999 -9999 -9999 -9999 -9999 -9999 -9999 -9999 -9999 -9999 -9999 -9999 -9999 -9999 -9999 -9999 -9999 0.328777692015601 0.330933395349767 0.294753149241825 0.239441297098144 0.104767175761902 0.0133614744364037 0.0241764463193884 0.0471614396592802 0.0775684951645358 0.0653581918521083 0.0597903374531593 0.0813705395676512 0.0876750013414997 0.0827003425217441 0.0444409903025224 0.0129584117859631 0.0216121389280057 0.0216846364111308 0.014126990206634 0.0625754598525091 0.119638451844466 0.16926258025919 0.179334910864255 0.147141674807682 0.201348305256643 0.26920957526481 0.279944635002066 0.290115170281581 0.299559880943709 0.325558725593422 0.355031401181866 0.360788504284047 0.364305662826678 0.364342481848744 0.365682580265513 0.367635280961968
-9999 -9999 -9999 -9999 -9999 -9999 -9999 -9999 -9999 -9999 -9999 -9999 -9999 -9999 -9999 -9999 -9999 -9999 -9999 -9999 -9999 0.340646557857527 0.341262070859832 0.301199930807348 0.240837554448526 0.11341881222145 0.0242638127412052 0.0253974614857278 0.0467610021978701 0.0804620327257802 0.0748069445215658 0.0714235884952954 0.0819575289850934 0.0842848689450256 0.0805527162076635 0.0534749462406016 0.0312328474861469 0.0374499464586228 0.0466607203615981 0.0585333703338154 0.0739819052457994 0.0933392874282857 0.129171599362675 0.15117592818658 0.158403494023255 0.21720811131215 0.28052368718346 0.282907421280344 0.28965730713986 0.30202087437155 0.32213230595603 0.343517649321303 0.349370217156237 0.351710418647015 0.34859324069233 0.349280394439642 0.351637259023835
-9999 -9999 -9999 -9999 -9999 -9999 -9999 -9999 -9999 -9999 -9999 -9999 -9999 -9999 -9999 -9999 -9999 -9999 -9999 -9999 -9999 0.334502227720517 0.341412360878176 0.303889310110924 0.244191820412698 0.125479769328109 0.0396451946294432 0.0314381586207732 0.0496601249759945 0.0840001975488528 0.0846529425040869 0.0836625135609625 0.084224768685823 0.0833270179589388 0.0813512453685001 0.0635753661620658 0.0476884739389805 0.0458977155909492 0.0615766718365105 0.0927891166179877 0.0777180303853883 0.0645188785472121 0.102839082365544 0.139480447020399 0.174327782263 0.230535488123043 0.284422310351803 0.282199845053194 0.287565119534683 0.302686159682629 0.318370446850613 0.333512595795768 0.339530384423748 0.341297182332163 0.336458954710025 0.337829170698036 0.341810035065907
-9999 -9999 -9999 -9999 -9999 -9999 -9999 -9999 -9999 -9999 -9999 -9999 -9999 -9999 -9999 -9999 -9999 -9999 -9999 -9999 -9999 0.330341779664544 0.325332952084352 0.302164632165165 0.269933793688473 0.151407180648863 0.0635372873015661 0.0491374575133101 0.0609259096293538 0.0886856611375995 0.0916768904380655 0.0919801584000583 0.0891518272370226 0.0881363579171277 0.0884594480969596 0.0722813492083554 0.0527029445121813 0.0277912327781676 0.0391746481162644 0.0828304819454469 0.0530881566596408 0.0328886550898466 0.127566540924117 0.184380182749809 0.200731599901452 0.233560609571717 0.266505586913696 0.270217448784951 0.279901966920304 0.297265693437534 0.313322599782691 0.328317632351031 0.335263826364256 0.338817235668349 0.337099066862344 0.34274974803462 0.351260607575032
-9999 -9999 -9999 -9999 -9999 -9999 -9999 -9999 -9999 -9999 -9999 -9999 -9999 -9999 -9999 -9999 -9999 -9999 -9999 -9999 -9999 0.318455022572689 0.317817202852897 0.305155980648848 0.286494463607044 0.188875596180971 0.108154116522823 0.0690182505530574 0.062923618276119 0.0769796563457222 0.0794449756144399 0.0822479655586845 0.0881928278973438 0.090642148332936 0.090510471855417 0.0710876357617905 0.048204656822826 0.0210091324904721 0.028736053744867 0.0675148508190808 0.0560965853810171 0.0542787216895206 0.146538433073754 0.197585761803211 0.204593001261303 0.242997305538157 0.282940400895619 0.276894271180328 0.281014515323792 0.298205945870318 0.314737453419415 0.330356496002063 0.337172003762054 0.341065153189774 0.340417654879723 0.349103589995576 0.361278356549027
-9999 -9999 -9999 -9999 -9999 -9999 -9999 -9999 -9999 -9999 -9999 -9999 -9999 -9999 -9999 -9999 -9999 -9999 -9999 -9999 -9999 0.319305655315664 0.321104750593837 0.311572855523347 0.296386214802884 0.234726919462644 0.167824536527321 0.0904835906441163 0.0581893801393636 0.0533675674039514 0.053226399129566 0.0594051177518519 0.0829584397436411 0.0914747357105434 0.0888881701387089 0.062703192554757 0.036796695287199 0.0224525949259211 0.0269871992577299 0.0483081192074576 0.0791803329850292 0.114180532350946 0.1613297200205 0.187770017343552 0.192080524520507 0.25709110384401 0.324326749767763 0.297124377663599 0.288501369699558 0.303766361065465 0.320846545341468 0.337649712230186 0.343565253409067 0.346747195557831 0.345681776897005 0.356498496053451 0.371708079030323
-9999 -9999 -9999 -9999 -9999 -9999 -9999 -9999 -9999 -9999 -9999 -9999 -9999 -9999 -9999 -9999 -9999 -9999 -9999 -9999 -9999 0.316745590477687 0.316534445606018 0.312597007303402 0.306799957358661 0.253161396112104 0.19354299761687 0.121839960060342 0.0850753057557665 0.0696183256711171 0.0631708944286878 0.0610798846144923 0.0698844229325644 0.071605679490285 0.0680968661861269 0.0412643407807039 0.0166200938689556 0.010543992777359 0.0145719744319557 0.0275841700336712 0.0637636867812783 0.102317362778588 0.131792260055518 0.158674503643768 0.182786203707378 0.250656514566897 0.319047106196466 0.311369766243078 0.312915646504268 0.326320074595415 0.336518195697483 0.345348734730901 0.350021715397471 0.354121276064556 0.357329878838252 0.364633749512932 0.37338901712619
-9999 -9999 -9999 -9999 -9999 -9999 -9999 -9999 -9999 -9999 -9999 -9999 -9999 -9999 -9999 -9999 -9999 -9999 -9999 -9999 -9999 0.335677745928152 0.323037833443068 0.318375209285497 0.317693661369327 0.268225052343126 0.21352457897758 0.148491726976607 0.108714264625016 0.0843391639415568 0.0736463300035499 0.06459639631714 0.0577327845843018 0.0529689975782488 0.0497556543340493 0.0231701062380908 0 0 0.00379278462296637 0.0109579870461443 0.0462317210892248 0.083893241137449 0.108053065217807 0.137959913026458 0.174008105298465 0.238733810290024 0.30380065979163 0.319017145158359 0.332915471098639 0.345119003220447 0.350023882330364 0.352623347560252 0.355932072916171 0.360773987388527 0.367998112015008 0.37188810730062 0.374424397887567
-9999 -9999 -9999 -9999 -9999 -9999 -9999 -9999 -9999 -9999 -9999 -9999 -9999 -9999 -9999 -9999 -9999 -9999 -9999 -9999 -9999 0.342729464144206 0.350291499002483 0.343729467622395 0.330118802392684 0.282442459559999 0.226763352324302 0.153870891271739 0.107327264807682 0.0768528530934302 0.0709690208074499 0.0645960431143342 0.0522135606500497 0.0474607284328648 0.0483413871827325 0.0227118160367443 0 0 0.00342628779128872 0.0098991166031304 0.0370533952221204 0.0714991193494134 0.123940239769628 0.155833392156507 0.165768718078619 0.215374412919953 0.271699930706175 0.305114990988473 0.329764460761117 0.343143769798333 0.351646077286345 0.358181891245564 0.359825779782188 0.364091726200651 0.372431725091736 0.375623157478407 0.376757164510054
-9999 -9999 -9999 -9999 -9999 -9999 -9999 -9999 -9999 -9999 -9999 -9999 -9999 -9999 -9999 -9999 -9999 -9999 -9999 -9999 -9999 0.362482712647124 0.363937996030804 0.350479138318849 0.329577358859671 0.278158741960923 0.221270109206845 0.152867075288577 0.106498234529013 0.0735672625494346 0.0577033641972242 0.0443020452594081 0.0348212296691413 0.0322914920512721 0.0348942092249797 0.0164924795423164 0.00100945420786288 0.00578665455893679 0.0107304451661193 0.0158223622821576 0.0357970929291821 0.064304958407582 0.122345350816977 0.159727799361722 0.175034899834918 0.219968377151284 0.27035421285793 0.306828188151004 0.332399884403467 0.343954220726233 0.353434912817446 0.361845747359016 0.365232602616979 0.369765248791107 0.376078180727593 0.378542293584106 0.379470152735542
-9999 -9999 -9999 -9999 -9999 -9999 -9999 -9999 -9999 -9999 -9999 -9999 -9999 -9999 -9999 -9999 -9999 -9999 -9999 -9999 -9999 0.360831544020308 0.357556516204371 0.34094994998545 0.317690261976461 0.257686694440584 0.199386507901474 0.146278204793654 0.10615742294341 0.0739572672390653 0.0351729919026273 0.00625127757553484 0.00704002903982803 0.00866898990697026 0.0109183346617202 0.0052322755864852 0.00290217242912271 0.0166365835983367 0.0247463610011621 0.027854901339647 0.041472495196827 0.0616607198403864 0.105453802092002 0.15139063521311 0.199618308455229 0.249021299662912 0.295918873356573 0.322204687503015 0.340098389521437 0.347202122228795 0.355369557462057 0.363851767648101 0.371963389305607 0.377500062541219 0.379035880167296 0.380747511681158 0.382515831692747
-9999 -9999 -9999 -9999 -9999 -9999 -9999 -9999 -9999 -9999 -9999 -9999 -9999 -9999 -9999 -9999 -9999 -9999 -9999 -9999 -9999 0.323202757250182 0.322968019748933 0.322351862893328 0.32154535820682 0.257150183859558 0.198687155925164 0.156069360445802 0.122727685635725 0.095043186082458 0.041228619158993 0.00029408818599653 0.00143739981417603 0.00254708553267715 0.00363194294944791 0.00175734210595675 0.00157211025471789 0.00901205711141112 0.0157175418295207 0.0217699672690353 0.0247886978903615 0.035903608358614 0.0906325589548296 0.151291470060941 0.218287214259647 0.269078027377585 0.31263757287532 0.332490553030009 0.3467424399432 0.353792847269102 0.362905839057302 0.372509274476123 0.379883570311432 0.383972653761709 0.382957300832824 0.383092940978898 0.383714912964706
-9999 -9999 -9999 -9999 -9999 -9999 -9999 -9999 -9999 -9999 -9999 -9999 -9999 -9999 -9999 -9999 -9999 -9999 -9999 -9999 -9999 0.317917544052422 0.302761213934167 0.307360491858155 0.321818831982532 0.258403353374954 0.202135241593636 0.165002032904117 0.135404466285386 0.110402619082873 0.0480835222431888 0 0 0 0 0 0 0 0.00525485822778347 0.0151821614232184 0.00828544209306458 0.0121830054428482 0.0858459898988287 0.161690278543936 0.239865537276889 0.288796252447325 0.32724625506473 0.341850481306414 0.353078455420436 0.359965489341078 0.370289675366823 0.38128348875909 0.386702666779061 0.389060210425626 0.386660704589938 0.385279052489488 0.384376091573579
-9999 -9999 -9999 -9999 -9999 -9999 -9999 -9999 -9999 -9999 -9999 -9999 -9999 -9999 -9999 -9999 -9999 -9999 -9999 -9999 -9999 0.325795028905899 0.333206324057433 0.31781857642203 0.291052936470425 0.251365595482761 0.207784716855592 0.155702282230775 0.1145119942804 0.0799644382280944 0.0343854216349513 0 0 0 0 0 0 0 0.0074896170811144 0.0216387522925686 0.0118090319348113 0.0182352497593163 0.128492355518058 0.216513704775949 0.280773634813874 0.314556199989537 0.339081373114867 0.351028106228017 0.358806724143775 0.361226281744469 0.372130469465579 0.384935689996927 0.387104331790821 0.38843679079686 0.388470021216825 0.386563910879731 0.383980508655683
-9999 -9999 -9999 -9999 -9999 -9999 -9999 -9999 -9999 -9999 -9999 -9999 -9999 -9999 -9999 -9999 -9999 -9999 -9999 -9999 -9999 0.342958427480063 0.346291709157679 0.318536083650231 0.275265498085657 0.237520772014221 0.195511112508946 0.143505416921908 0.103816031887712 0.0716379255225639 0.0307719764655165 0 0 0 0 0 0 0 0.00709380998530538 0.0204951996103562 0.0111849548179424 0.0196111204601997 0.138187252466451 0.230422777161863 0.294510385558704 0.326971453782896 0.34967468056035 0.358209387912547 0.364554186602193 0.368083359511048 0.377952884696319 0.389036436411333 0.389569646133217 0.389223021796265 0.387509345210877 0.385689585377296 0.383922951026711
-9999 -9999 -9999 -9999 -9999 -9999 -9999 -9999 -9999 -9999 -9999 -9999 -9999 -9999 -9999 -9999 -9999 -9999 -9999 -9999 -9999 0.339667641094038 0.333573391600969 0.309010114252561 0.275229844239734 0.216517438868159 0.164389072314261 0.128261860946896 0.103843017866523 0.0865646911433909 0.0377638505402504 0 0 0 0 0 0 0 0.00393162263458691 0.0113591132064957 0.00619906955784653 0.016069179600813 0.113229419141699 0.201305115829419 0.279672951615373 0.325353036492391 0.358962063576082 0.363291256535462 0.370321833754997 0.380825654994608 0.387962489412141 0.393608886080434 0.394205154597983 0.391491682713601 0.383635663762803 0.382544598806894 0.38422087069921
-9999 -9999 -9999 -9999 -9999 -9999 -9999 -9999 -9999 -9999 -9999 -9999 -9999 -9999 -9999 -9999 -9999 -9999 -9999 -9999 -9999 0.317000191266644 0.317290669840868 0.290852256001389 0.251074753216094 0.200045530166168 0.153916824951209 0.11944409174386 0.10697098942794 0.10791467759751 0.0688182806455314 0.0320641835799988 0.00955902019109545 0 0 0 0 0 0.00172827985641289 0.0049932886154428 0.00800894406795905 0.0238992734820686 0.104986666981852 0.18517102023549 0.264390372911777 0.314001169823001 0.352170181188432 0.360074712738337 0.367662583715284 0.374843315486734 0.378024059485635 0.379882043774508 0.38138192838866 0.38063830037163 0.376408788901861 0.374610447453275 0.374049885533306
-9999 -9999 -9999 -9999 -9999 -9999 -9999 -9999 -9999 -9999 -9999 -9999 -9999 -9999 -9999 -9999 -9999 -9999 -9999 -9999 -9999 0.292269325086771 0.300324770974149 0.271992671875565 0.225501320550024 0.186698183108448 0.149164158679618 0.114280506797485 0.110352495765728 0.125303226367557 0.0982089546355122 0.0644299864259262 0.0192079595484108 0 0 0 0 0 0 0 0.0119723468708627 0.0358637008308925 0.109019639498828 0.182073758998224 0.255019073206998 0.303242280416137 0.341881756972451 0.355028571893217 0.363364559459659 0.365515134018964 0.365024891757893 0.363963689549286 0.366474216919795 0.368436695571977 0.369547637249526 0.367095915687601 0.363673241293039
-9999 -9999 -9999 -9999 -9999 -9999 -9999 -9999 -9999 -9999 -9999 -9999 -9999 -9999 -9999 -9999 -9999 -9999 -9999 -9999 -9999 0.288350456504895 0.285179024869521 0.262953191573627 0.231218234045235 0.187761778817696 0.14960527609327 0.124039271126103 0.110216385766683 0.103555210355976 0.0745270026399802 0.0439544593601132 0.0131037661839641 0 0 0 0 0 0 0 0.019570522940856 0.057677406859178 0.171535575080328 0.24926125023602 0.288375272347302 0.313383511712684 0.334343530399939 0.351223941787284 0.361883018710229 0.364543154851556 0.364503723635846 0.363866765556365 0.366706360266057 0.369165271816467 0.371032692546975 0.370772554181116 0.369788329902059
-9999 -9999 -9999 -9999 -9999 -9999 -9999 -9999 -9999 -9999 -9999 -9999 -9999 -9999 -9999 -9999 -9999 -9999 -9999 -9999 -9999 0.258149210710516 0.262982790172197 0.252627937535561 0.234693277865727 0.183470631613186 0.141784762411646 0.123177938685202 0.107733992885127 0.0942189735601693 0.0570547737364963 0.0239830202555997 0.00714985224229238 0 0 0 0 0 0 0 0.0388535095682205 0.0969749891225749 0.217011010974806 0.288533744712892 0.308214546444975 0.318311531867638 0.327438647962169 0.346917449608004 0.358948157776014 0.36140264736809 0.361592522735479 0.361384127742061 0.365389303598928 0.368777449472339 0.371206877940162 0.371404060333677 0.370737156352105
-9999 -9999 -9999 -9999 -9999 -9999 -9999 -9999 -9999 -9999 -9999 -9999 -9999 -9999 -9999 -9999 -9999 -9999 -9999 -9999 -9999 0.253925756275221 0.246659872670631 0.240676167597913 0.235332335409426 0.172405684133655 0.12351320749674 0.108882083695459 0.102283530034424 0.100583754501237 0.0474379030950588 0.00464925717510467 0.00138604318739441 0 0 0 0 0 0 0 0.0729178917250946 0.158389839676397 0.240930054092724 0.292493505080617 0.310954782914537 0.316644790773844 0.321334951826561 0.341976097173955 0.354174833104894 0.355518931118063 0.355657907835252 0.35588353944915 0.362112494307671 0.366977372387245 0.369722800544449 0.368183445362806 0.365150612459089
-9999 -9999 -9999 -9999 -9999 -9999 -9999 -9999 -9999 -9999 -9999 -9999 -9999 -9999 -9999 -9999 -9999 -9999 -9999 -9999 -9999 0.205082045989353 0.207095799414098 0.210350717438494 0.214225040290255 0.155906011058527 0.108276058923342 0.0873779766948113 0.0708117505315746 0.0568873689305571 0.0247481198079044 0 0 0 0 0 0 0 0 0 0.0869745457163814 0.184246653786287 0.254422073288269 0.290024037763535 0.288680357563252 0.303495306369787 0.322096099972707 0.339094249530364 0.349543181672639 0.351571604907804 0.352978245449776 0.354471049664802 0.359583418299459 0.363572619603743 0.365816686801276 0.366457545032416 0.366572929719337
-9999 -9999 -9999 -9999 -9999 -9999 -9999 -9999 -9999 -9999 -9999 -9999 -9999 -9999 -9999 -9999 -9999 -9999 -9999 -9999 -9999 0.164693338228552 0.167830639685012 0.175829205488888 0.186253791664865 0.137383945346742 0.0937145545664744 0.0640592569707874 0.0333161369865418 0.00190959291374017 0 1.96370092518108e-05 9.59788076963384e-05 8.44890416627911e-05 8.14724321826389e-06 0 0 0 5.50936802343058e-05 0.000159174826505114 0.0946613144031971 0.19838373389534 0.262824939502598 0.284588743099519 0.260746918646508 0.287654010318048 0.323932873356772 0.336617643985451 0.3451383488808 0.348305199968373 0.351313457608176 0.354282820901703 0.357408672988706 0.359964115309398 0.361633276920979 0.365274216862299 0.36964120647085
