layers/veg/veg_4300.asc
NCOLS 255 
NROWS 330 
XLLCORNER -2985163.8955 
YLLCORNER -3022031.214 
CELLSIZE 25000 
NODATA_value -9999 
[rows 200 to 224 of 330, columns 112 to 167 of 255]
0.319842943953627 0.313626443389969 0.305852640636174 0.296818783787278 0.28539963493155 0.272095814550653 0.257836971898752 0.246507438434645 0.234017955908368 0.218691149096264 0.203495450117628 0.188380870862975 0.166668669157506 0.147214159731448 0.135727309340959 0.121037673003214 0.103950095895609 0.0801966670935848 0.0598365859868251 0.0555473765922767 0.0491873263145476 0.040960660261171 0.0362476944556975 0.0324858092253548 0.0302833399167736 0.0365205268955077 0.0519001102989864 0.0859800919924115 0.124549962017905 0.161272743925525 0.199265860108491 0.238915024163764 0.27129402984714 0.301295132884726 0.331536188780028 0.357904571881036 0.378169114198965 0.379568529754039 0.372005364297734 0.319571929063661 0.266211423436943 0.211069321246096 0.186308373762955 0.177178245286898 0.176997432256233 -9999 -9999 -9999 -9999 -9999 -9999 -9999 -9999 -9999 -9999 -9999
0.321319343050665 0.316335832008502 0.307908707098902 0.299425225079091 0.290835058620065 0.276182669894208 0.258458362693808 0.246817434196545 0.23270234795185 0.212542453137791 0.198761356861937 0.188926984157652 0.165538745048585 0.144603778944558 0.13361441203905 0.120106485546371 0.104712901749439 0.0774564630880746 0.0548858392128362 0.0557603958794744 0.0504720453726979 0.0396285699660894 0.0382671880949377 0.0387366217744392 0.0396079193421019 0.0444197286997192 0.0535001622374814 0.0820726343745988 0.11539686223443 0.147342585576075 0.182512044486282 0.221884066873533 0.253817040786241 0.283204740244834 0.311351681165323 0.332714740777193 0.343385512762764 0.34048737693936 0.331197341649428 0.291829049029736 0.249963268214701 0.203297942054378 0.181951497465334 0.173631379857935 -9999 -9999 -9999 -9999 -9999 -9999 -9999 -9999 -9999 -9999 -9999 -9999
0.327602094427644 0.321809628002309 0.312262226119822 0.302747678736207 0.293295325169392 0.279892624257239 0.264488158240335 0.250911771247495 0.234101542745968 0.209656892330477 0.193817561591451 0.183302559219997 0.163881405124375 0.146626009748527 0.137533614682973 0.124973095218516 0.109815974848463 0.0817267923987677 0.0572547565501178 0.0526605192715421 0.0505572197656311 0.0506992032171776 0.0451544985432548 0.0403790041329942 0.0450220885917983 0.0527463738375902 0.0638084204921276 0.0851765898842526 0.109967723671149 0.140964244640931 0.172198885254721 0.203743946155099 0.231373999316288 0.257529272340319 0.281238739397612 0.300017332160322 0.311024219639829 0.309630506709109 0.302699290111398 0.280521910714096 0.249963268214701 0.203297942054378 0.181951497465334 0.173631379857935 -9999 -9999 -9999 -9999 -9999 -9999 -9999 -9999 -9999 -9999 -9999 -9999
0.330110371270666 0.326107596595079 0.317164871070557 0.307527555061271 0.296575373969786 0.284180281994893 0.271054021744612 0.255041074492584 0.236470476488016 0.212050315950271 0.194644549156362 0.181578764721708 0.163306195977762 0.147643873853695 0.140705110475387 0.129128079273585 0.114078355329073 0.0869557252628838 0.0623971482815756 0.0532991737107002 0.051808724066685 0.0571755497244291 0.0526070060651667 0.0480662334694779 0.0531721577035523 0.0611096770327968 0.0721145683015024 0.0877004982531796 0.105735472673924 0.133592457479974 0.160758035394972 0.187022273455533 0.212624985156578 0.237540270406314 0.256233623278799 0.271553112450716 0.28155494946198 0.280722878656528 0.275377048894255 0.269762665874598 -9999 -9999 -9999 -9999 -9999 -9999 -9999 -9999 -9999 -9999 -9999 -9999 -9999 -9999 -9999 -9999
0.328594898783567 0.329152083497959 0.322652907463828 0.313861105528551 0.300729345286786 0.289083795938682 0.278191356341484 0.259207653177996 0.239873192921408 0.220071360013974 0.2016234350476 0.184013207078976 0.163884583961635 0.147591040622017 0.143079519172413 0.132524440353654 0.117444521957993 0.0932065700173141 0.0704961809004691 0.0579232602043187 0.0543035853288956 0.0587541924475918 0.0606620375479121 0.0621975250878291 0.0642388116639259 0.0695120592659782 0.0782863817841997 0.089606051862274 0.10277915439232 0.125161614667783 0.148115019679039 0.171812726275529 0.197813960187503 0.223613281458159 0.236673665114618 0.247601650974515 0.255168697935679 0.2538932251236 0.249304255938945 0.259417794547962 -9999 -9999 -9999 -9999 -9999 -9999 -9999 -9999 -9999 -9999 -9999 -9999 -9999 -9999 -9999 -9999
0.329041553380187 0.332680345246683 0.326671294656309 0.318970786914714 0.308068337892667 0.297041393793757 0.285951364128239 0.266776132260696 0.246972910597652 0.226054383326419 0.206543772671104 0.187904275543134 0.170467392018064 0.155014875667304 0.145153308344977 0.132694786528001 0.118291912774071 0.102751826048144 0.0865732791370277 0.0684984435611867 0.0593534154959114 0.0582575425869297 0.0633914113206244 0.0691516323658616 0.0721935034182938 0.0759528534107564 0.0804894242606635 0.0918257474296045 0.105210611397652 0.121091498758051 0.139072077651062 0.159789880724015 0.181674469712177 0.203222763489042 0.215216591425852 0.227689337174808 0.24091692027481 0.244391364633996 0.243215211225162 0.218156691798701 -9999 -9999 -9999 -9999 -9999 -9999 -9999 -9999 -9999 -9999 -9999 -9999 -9999 -9999 -9999 -9999
0.330219384642008 0.335761094514208 0.330406620475224 0.324127343235699 0.316097406488207 0.305374181446097 0.293286182612243 0.274778520006258 0.254915040941007 0.232163442168121 0.211775695218761 0.192850523024776 0.178609463720864 0.163950832053759 0.147119924993998 0.132390054946381 0.119233241104635 0.112269926491672 0.10261174989569 0.0797665291393126 0.0651501232415977 0.0579510113305018 0.0649620693586175 0.0738361200634723 0.0787561634106026 0.0817424172612055 0.08263386184738 0.09424082154892 0.108043915388818 0.117920486067631 0.131176891034833 0.148839354699082 0.165635285479941 0.181809212317808 0.19352391131452 0.209042633009048 0.230556993921253 0.223643825085813 0.205305371191088 0.20311524925597 0.201674720103845 -9999 -9999 -9999 -9999 -9999 -9999 -9999 -9999 -9999 -9999 -9999 -9999 -9999 -9999 -9999
0.33320656404101 0.334687291287881 0.334725782649018 0.331841074500062 0.32342272739631 0.310932454963792 0.296378810042801 0.279807597357348 0.262343763184409 0.242882380144535 0.223014397688884 0.202894841917534 0.187317949371204 0.170444815248973 0.148844885336047 0.134438801210394 0.125418782962848 0.115630293596898 0.103936912667945 0.0853484720827051 0.0717989453434295 0.0627913977361086 0.0676739674260189 0.0748696767061538 0.0807462450575585 0.0863075334806931 0.0915272897381939 0.09751949854523 0.104077021837516 0.113451007823855 0.125181272999857 0.139983258127321 0.152734027350681 0.164589342293124 0.173536008970236 0.192365005134873 0.226769850063877 0.223643825085813 0.205305371191088 0.20311524925597 -9999 -9999 -9999 -9999 -9999 -9999 -9999 -9999 -9999 -9999 -9999 -9999 -9999 -9999 -9999 -9999
0.335510738696911 0.334729908555444 0.335093226251291 0.333747691208869 0.329167284907112 0.316776311513992 0.300427478397404 0.285054622265365 0.269011982630561 0.251362132864449 0.232875015268698 0.213869858945251 0.195802390583448 0.176611505415705 0.153928960023988 0.139377177493456 0.130912935022105 0.120074680936183 0.108271452512258 0.0939110675898353 0.0801151154843353 0.0668279321639788 0.0689018882104607 0.0741142721400413 0.0808699614699088 0.0884247232329921 0.0968450933464444 0.101333517619236 0.105258918260398 0.112474346186666 0.122114084674778 0.134914230959228 0.144931644593794 0.153919831684781 0.161421767189284 0.165838563674164 0.165392776003419 -9999 0.205358445495862 -9999 -9999 -9999 -9999 -9999 -9999 -9999 -9999 -9999 -9999 -9999 -9999 -9999 -9999 -9999 -9999 -9999
0.33693889887159 0.336204434648904 0.330392238441746 0.328206165725182 0.332884372416565 0.322986453766586 0.305702354479788 0.290581184347818 0.274704789431151 0.256969930842264 0.240968116103637 0.226038579314128 0.203999474827544 0.182358413091248 0.163321398366496 0.14802176192166 0.135520318018379 0.125909420879258 0.116465786774107 0.10629661577144 0.0905698081497395 0.0698334547572068 0.0682264758148568 0.0710643653159689 0.0785998980596841 0.0874022290286613 0.097576840001851 0.105834160640154 0.113044596902509 0.115977533274565 0.122802868557819 0.134702457964706 0.143669024128819 0.15165174107222 0.159406197113544 0.164407004051363 0.165067698464044 -9999 -9999 -9999 -9999 -9999 -9999 -9999 -9999 -9999 -9999 -9999 -9999 -9999 -9999 -9999 -9999 -9999 -9999 -9999
0.339064044379296 0.336936520802414 0.330272539324314 0.326219891708926 0.327110519000634 0.321959925799636 0.31374805638284 0.299418762315707 0.284139847611885 0.266908614306545 0.250182295792735 0.233768380797774 0.214102043555445 0.194470414230872 0.175596788956892 0.15718639408748 0.139122821981514 0.13156244405859 0.124693794914667 0.115508668677056 0.100809777187838 0.0811408847268142 0.0735779995714659 0.0701405664901675 0.0764660862568086 0.084428453745764 0.0941639634403833 0.10338260815531 0.112414050239358 0.12101596490182 0.128591576218613 0.134829266088329 0.142623846575748 0.150678153980831 0.155374045928505 0.158105939931297 0.157742315311522 -9999 -9999 -9999 -9999 -9999 -9999 -9999 -9999 -9999 -9999 -9999 -9999 -9999 -9999 -9999 -9999 -9999 -9999 -9999
0.341674519305553 0.338075182565197 0.332142599232071 0.325927713652164 0.31917842776724 0.318703917951561 0.321409034299738 0.308665939335936 0.294590370215747 0.278074060006426 0.259782868769663 0.240393513866846 0.224789444101298 0.208304099173678 0.188464600607022 0.166713922412749 0.143532335121502 0.137428887838619 0.132395021438041 0.123384398356554 0.110851816256825 0.0951446086617087 0.0808610903777107 0.0698204661410085 0.0741945393203613 0.0806424376355994 0.0893368411238456 0.0985447459037615 0.10873011730002 0.125369750629936 0.13497243384817 0.13540152670821 0.141938589355317 0.149959135125054 0.150961209541792 0.151574299740601 -9999 -9999 -9999 -9999 -9999 -9999 -9999 -9999 -9999 -9999 -9999 -9999 -9999 -9999 -9999 -9999 -9999 -9999 -9999 -9999
0.347537856808455 0.347279940779248 0.340407175744561 0.332470357237764 0.322519277397479 0.316753482389649 0.313108502692136 0.309693830563691 0.302649591658392 0.287115961648736 0.269693222943336 0.251101645031917 0.235105462476732 0.218001914747148 0.197119555739973 0.178678189908132 0.162064407046394 0.146691770164938 0.13338349204767 0.127354972277689 0.119287277907885 0.10938151113559 0.0879905654623931 0.0684761004785352 0.0696546143448306 0.0745729010454443 0.0835423581522765 0.0919087801207757 0.100814870405862 0.114992984802721 0.128209379755981 0.140172046876151 0.144871496055112 0.147205615304282 0.149916018235537 -9999 -9999 -9999 -9999 -9999 -9999 -9999 -9999 -9999 -9999 -9999 -9999 -9999 -9999 -9999 -9999 -9999 -9999 -9999 -9999 -9999
0.350845669301227 0.352621617316432 0.345946292668102 0.337841759862184 0.327031725119764 0.317832804660181 0.309450286422787 0.311159290328267 0.308555698994078 0.295437952795895 0.279830474759587 0.262682536827335 0.243653266632257 0.224647379697366 0.206089673985478 0.190278823170371 0.176524555422117 0.15568544348371 0.137159668135693 0.130787615584592 0.124397901712078 0.117992268267262 0.0961388227062124 0.0743791250886352 0.067880009259749 0.0681190504982032 0.0756573111579992 0.0834825837315136 0.0919456557440416 0.104712751021851 0.120456187818836 0.140079677398586 0.146832165972599 0.149352706066438 0.152004617777256 -9999 -9999 -9999 -9999 -9999 -9999 -9999 -9999 -9999 -9999 -9999 -9999 -9999 -9999 -9999 -9999 -9999 -9999 -9999 -9999 -9999
0.35019281523346 0.351976117693124 0.347261370846864 0.341397921042719 0.33335996778327 0.323607780655844 0.312986937372814 0.313302913313654 0.311124814122427 0.302644194571233 0.290319382655141 0.275616071946635 0.2494606135804 0.226562175608297 0.215548246069651 0.201315879890891 0.184673855195565 0.164261884683933 0.145256354422257 0.133386550049973 0.124355543633061 0.117883374590091 0.105866033947418 0.0915144781596017 0.0703912201912873 0.0610695730513841 0.0645322148648188 0.0722818081580051 0.081597939317522 0.0945821269088437 0.111168436119101 0.132450584809256 0.147286019992236 0.158876667068686 0.155619758356805 -9999 -9999 -9999 -9999 -9999 -9999 -9999 -9999 -9999 -9999 -9999 -9999 -9999 -9999 -9999 -9999 -9999 -9999 -9999 -9999 -9999
0.348027830575512 0.349864914466376 0.346429956059985 0.342263066238599 0.336710624669452 0.328468642526973 0.318863785680862 0.3156898785253 0.310598345416189 0.300747046290497 0.292200003312767 0.284459936515848 0.274490120172933 0.260187265760667 0.233596167620562 0.211395555169482 0.192482119821894 0.174566541386472 0.157389055641767 0.142553145393307 0.131669106809465 0.124347208635552 0.113538964042294 0.100185527389688 0.0769997087442795 0.0629855133278192 0.0589066295594719 0.0631898165067501 0.0707202183292267 0.0868642068528019 0.104980404413069 0.125667635946321 0.14474254978677 0.161985235032937 -9999 -9999 -9999 -9999 -9999 -9999 -9999 -9999 -9999 -9999 -9999 -9999 -9999 -9999 -9999 -9999 -9999 -9999 -9999 -9999 -9999 -9999
0.345408892228913 0.347226864429298 0.344751219936315 0.342014200849158 0.338782397662893 0.332880572406617 0.325625763085542 0.31820894196112 0.308970290898625 0.295482542097159 0.290737704783118 0.291402327361075 0.277936506071817 0.262009407207002 0.241696751085452 0.221111980061867 0.200323475342549 0.185640659735063 0.171122640391871 0.154353866173335 0.141946312469679 0.133469878283834 0.120403598652762 0.105487986474605 0.085395356004794 0.0688060179362816 0.0560116789570807 0.0554818454637752 0.0601196568390037 0.0804752242409502 0.100299844937567 0.119432306744406 0.12417477618302 -9999 -9999 -9999 -9999 -9999 -9999 -9999 -9999 -9999 -9999 -9999 -9999 -9999 -9999 -9999 -9999 -9999 -9999 -9999 -9999 -9999 -9999 -9999
0.348401705856598 0.347039838611574 0.344054380918923 0.34121558449171 0.338654418957902 0.334678949840994 0.329986808666496 0.321857055136677 0.312901579211658 0.302166632041487 0.295112145617953 0.29033485310421 0.281810839158893 0.270221606789668 0.250377130269067 0.231771345111472 0.214092973952046 0.19892721213118 0.183274278049494 0.164580685359299 0.150920707654785 0.14179793279242 0.128298310680095 0.11372167148264 0.09775969708013 0.0831044451643257 0.0698647218653144 0.0657929417791578 0.06650102557615 0.0859414829650067 0.103971118240082 0.120161561260743 -9999 -9999 -9999 -9999 -9999 -9999 -9999 -9999 -9999 -9999 -9999 -9999 -9999 -9999 -9999 -9999 -9999 -9999 -9999 -9999 -9999 -9999 -9999 -9999
0.343171832094312 0.346689494443496 0.342771501000192 0.339707704692097 0.338260910072098 0.335754282446618 0.332710604141344 0.324718603531383 0.316443477794495 0.307722226381455 0.299327564323725 0.291134971338894 0.28501223271192 0.276387132781089 0.259988306517205 0.243612479009072 0.227253870776588 0.211986133887743 0.196171675274186 0.17775997962966 0.16308774962199 0.151786201353772 0.138515341441875 0.12484016307142 0.110956944184486 0.09768024358695 0.0850605638978226 0.0797010452064518 0.0782155661740284 0.0922408795597855 0.100177843776699 -9999 -9999 -9999 -9999 -9999 -9999 -9999 -9999 -9999 -9999 -9999 -9999 -9999 -9999 -9999 -9999 -9999 -9999 -9999 -9999 -9999 -9999 -9999 -9999 -9999
0.322417672652916 0.346030808171763 0.340382186415938 0.336860748289454 0.337366084987845 0.33546451943958 0.332343300907232 0.32609513178803 0.319250215580697 0.311147241347691 0.303242752114251 0.295461070557162 0.286943128546151 0.278688575898446 0.271356810856955 0.25768477120479 0.239265738393724 0.22461529309708 0.21047705312833 0.196513493677186 0.181282451205471 0.164908924141735 0.15311686814296 0.141405117521366 0.125726702868707 0.112779713828725 0.102791586489465 0.100400233269069 0.0999990391799131 0.10011322544739 -9999 -9999 -9999 -9999 -9999 -9999 -9999 -9999 -9999 -9999 -9999 -9999 -9999 -9999 -9999 -9999 -9999 -9999 -9999 -9999 -9999 -9999 -9999 -9999 -9999 -9999
0.304582158539342 0.324833076743364 0.331948665674659 0.337132837805759 0.338660823211796 0.336168176225121 0.3316381484921 0.326849865789415 0.321275421547155 0.313875588966863 0.30673862065115 0.299764293087128 0.295333734493168 0.289317805544651 0.27812827221487 0.262408983126115 0.243298244783232 0.228855030565806 0.216613682940329 0.210560569122102 0.199151314432244 0.18291413832709 0.169833795381777 0.157207148757937 0.143908142506471 0.132460698019508 0.123018988254402 0.114815313816948 0.10784077852689 -9999 -9999 -9999 -9999 -9999 -9999 -9999 -9999 -9999 -9999 -9999 -9999 -9999 -9999 -9999 -9999 -9999 -9999 -9999 -9999 -9999 -9999 -9999 -9999 -9999 -9999 -9999
0.288221631658129 0.29325558828105 0.320460602188366 0.338981190413622 0.341062094625396 0.337373874658704 0.33076225822687 0.327290365451009 0.322905667069184 0.316251863851355 0.310022579046214 0.304055954492198 0.297266350639405 0.289317805544651 0.27812827221487 0.262408983126115 0.243298244783232 0.228855030565806 0.218622096503616 0.222229165488878 0.21685550968399 0.20338680287533 0.187619776388362 0.172623623726922 0.16381373334527 0.1544570284825 0.144507977843196 0.126054613374014 -9999 -9999 -9999 -9999 -9999 -9999 -9999 -9999 -9999 -9999 -9999 -9999 -9999 -9999 -9999 -9999 -9999 -9999 -9999 -9999 -9999 -9999 -9999 -9999 -9999 -9999 -9999 -9999
0.277501580704671 0.286735451484087 0.299489125872548 0.31332602766569 0.32921348719283 0.335255217090114 0.336307806468619 0.328967226485751 0.3225407864908 0.318615154496396 0.312943286814367 0.306190979060655 0.300164256672169 0.294392333685191 0.289223110442829 0.287009917086422 -9999 -9999 -9999 -9999 0.217168571771788 0.203748819618545 0.187934284688135 0.172896232211615 0.164165722562416 0.154845988107082 0.144887966193398 -9999 -9999 -9999 -9999 -9999 -9999 -9999 -9999 -9999 -9999 -9999 -9999 -9999 -9999 -9999 -9999 -9999 -9999 -9999 -9999 -9999 -9999 -9999 -9999 -9999 -9999 -9999 -9999 -9999
0.267324162442619 0.278172946834349 0.282062263755791 0.29196819027226 0.313263604613932 0.326958820223103 0.336802776365215 0.327857385320371 0.320810905514255 0.319018204090126 0.314594027351066 0.308541690451243 0.303257561724286 0.297682123265606 0.291095375447236 0.287086695707605 0.285008227557289 -9999 -9999 -9999 -9999 -9999 -9999 -9999 -9999 -9999 -9999 -9999 -9999 -9999 -9999 -9999 -9999 -9999 -9999 -9999 -9999 -9999 -9999 -9999 -9999 -9999 -9999 -9999 -9999 -9999 -9999 -9999 -9999 -9999 -9999 -9999 -9999 -9999 -9999 -9999
0.258174285080931 0.263801964092791 0.273290301003617 0.281774358925967 0.288357309067977 0.304410710353337 0.325263086758543 0.320204042614271 0.315984903781014 0.314855393395719 0.3133015967596 0.311485283516759 0.306765572527908 0.30149452757047 0.295188288779913 0.289867331413793 0.285284058843459 -9999 -9999 -9999 -9999 -9999 -9999 -9999 -9999 -9999 -9999 -9999 -9999 -9999 -9999 -9999 -9999 -9999 -9999 -9999 -9999 -9999 -9999 -9999 -9999 -9999 -9999 -9999 -9999 -9999 -9999 -9999 -9999 -9999 -9999 -9999 -9999 -9999 -9999 -9999
