layers/veg/veg_1200.asc
NCOLS 255 
NROWS 330 
XLLCORNER -2985163.8955 
YLLCORNER -3022031.214 
CELLSIZE 25000 
NODATA_value -9999 
[rows 250 to 274 of 330, columns 57 to 113 of 255]
-9999 -9999 -9999 -9999 -9999 -9999 -9999 -9999 -9999 -9999 -9999 -9999 -9999 -9999 -9999 0.582792218502107 0.555921510902633 0.549826715889182 0.542832860449821 0.533054038378643 0.498633444814019 0.449188155460381 0.429559647085222 0.40722409704177 0.371506573807474 0.361909269405043 0.371594049190064 0.381225017631644 0.386680127339889 0.37657803074625 0.378414018496965 0.390862657018221 0.393336207590302 0.395341231959258 0.404043107332471 0.37795140936826 0.314686869836484 0.280025103340913 0.254305739220981 0.242276900989445 0.230787831531441 0.219992605639831 0.205627082438486 0.191408613395117 0.193577021054747 -9999 -9999 -9999 0.138988498450576 0.130263957687313 0.122569056867456 0.116822807878713 0.114890586799714 -9999 -9999 -9999 -9999
-9999 -9999 -9999 -9999 -9999 -9999 -9999 -9999 -9999 -9999 -9999 -9999 -9999 -9999 -9999 0.606100959575348 0.614168427904316 0.609554323735987 0.603541809992347 0.594754220106752 0.56451851886022 0.521205375168744 0.493035152208278 0.460918943449582 0.414583940964936 0.403267606772065 0.417802239390803 0.431088422638776 0.43923819294703 0.428778925798173 0.424247756533654 0.424986514232735 0.427298871420741 0.42977476463792 0.431646312631617 0.4215338287194 0.398617815975609 0.348712014788541 0.296977166932586 0.28100963808244 0.265000041848743 0.248936370268595 0.233171029430117 0.217615767552774 0.203489911117546 0.194896208384479 -9999 -9999 0.138988498450576 0.130263957687313 0.122569056867456 0.116822807878713 -9999 -9999 -9999 -9999 -9999
-9999 -9999 -9999 -9999 -9999 -9999 -9999 -9999 -9999 -9999 -9999 -9999 -9999 -9999 -9999 0.656687805571238 0.654035349468357 0.650378615260236 0.645693521162585 0.638679808800752 0.613311981067352 0.576753196547115 0.547087658686574 0.511804860098812 0.459018898273413 0.443492179224154 0.455470430963799 0.467155817098965 0.475965539956793 0.474175917291314 0.471865847651607 0.469093114001267 0.47233488330406 0.475439893739032 0.472392116732214 0.472544112914866 0.476114690473763 0.411482460031159 0.336979271955749 0.314192886560789 0.293200119016607 0.274512950216459 0.25711253800911 0.239595155719362 0.21536671554891 0.202170532860125 0.206111968967986 -9999 -9999 -9999 -9999 -9999 -9999 -9999 -9999 -9999 -9999
-9999 -9999 -9999 -9999 -9999 -9999 -9999 -9999 -9999 -9999 -9999 -9999 -9999 -9999 -9999 0.660610883399848 0.663838847132868 0.661626311202438 0.658810118859009 0.654794830246401 0.63536348527179 0.60653259054618 0.586396708761206 0.558295855874353 0.50557797466119 0.481942835089231 0.479776729767609 0.481637632731075 0.487923753670664 0.508927353237289 0.522275781669485 0.528818959318138 0.534696529034411 0.538678255994539 0.533701155506285 0.535176217895114 0.543544657577269 0.464995856127769 0.372804888775099 0.338693268094426 0.311993464174481 0.294821149851698 0.275417582476632 0.254959676801269 0.230316308905015 0.213445587125576 0.20864897134054 -9999 -9999 -9999 -9999 -9999 -9999 -9999 -9999 -9999 -9999
-9999 -9999 -9999 -9999 -9999 -9999 -9999 -9999 -9999 -9999 -9999 -9999 -9999 -9999 -9999 -9999 0.666775320514398 0.675940308582187 0.678076395701021 0.663741692976707 0.642753141615233 0.617707574644061 0.592404330603863 0.563857118424467 0.52599321898916 0.513602780315682 0.520016985589373 0.521526870882731 0.526063832132231 0.544080562380174 0.551521800966551 0.549561698726914 0.556365984993201 0.562717062084972 0.558821351990802 0.561718697747878 0.57187362485393 0.532336671434202 0.476425376401992 0.390551708869045 0.333395820678612 0.31315508470687 0.292607731561046 0.271690826869319 0.24737115302898 0.233142921253805 0.234590836224532 -9999 -9999 -9999 -9999 -9999 -9999 -9999 -9999 -9999 -9999
-9999 -9999 -9999 -9999 -9999 -9999 -9999 -9999 -9999 -9999 -9999 -9999 -9999 -9999 -9999 -9999 -9999 0.723458757596677 0.708329573458789 -9999 0.643478140784477 0.622160709146341 0.586127532621015 0.554359153434297 0.537650164668179 0.543957998394685 0.567256972658231 0.571855637371714 0.574686403752896 0.579252110429589 0.57228317547055 0.55506023996064 0.561997372547732 0.571137189632692 0.569443853537812 0.573671542747396 0.584225151212985 0.604029089596445 0.605230559825402 0.452520122725878 0.355659828134741 0.330591871229004 0.309379378514465 0.289160130279734 0.265744628648767 0.266378151433535 0.304369668586454 0.307153959533611 0.295384340176662 0.278355389267698 -9999 -9999 -9999 -9999 -9999 -9999 -9999
-9999 -9999 -9999 -9999 -9999 -9999 -9999 -9999 -9999 -9999 -9999 -9999 -9999 -9999 -9999 -9999 0.74484904169806 0.723458757596677 -9999 -9999 0.659726880339196 0.664565445484811 0.634355817313722 0.613320276899669 0.625312775873259 0.630435833469811 0.630487832978932 0.620613890945574 0.611369468268267 0.608896174039933 0.602275787733214 0.591968742941628 0.59570826412869 0.600273213549789 0.596243581276538 0.596819192756342 0.602314965633542 0.624998596190373 0.629679517096287 0.47038518529481 0.369874681883558 0.344927610698075 0.327704562908301 0.313168147300553 0.300997820622333 0.298671213164693 0.311635937315645 0.307153959533611 0.295384340176662 0.278355389267698 0.26721360099343 -9999 -9999 -9999 -9999 -9999 -9999
-9999 -9999 -9999 -9999 -9999 -9999 -9999 -9999 -9999 -9999 -9999 -9999 -9999 -9999 -9999 0.732644504039154 0.738245335563902 0.732810627698067 -9999 -9999 0.702507203706101 0.698557464012253 0.675775789809613 0.665295434263222 0.693843123504774 0.69895404030064 0.686763807275029 0.667561686660276 0.649928909240821 0.641275702218221 0.633708720086685 0.627107364021662 0.627503265888091 0.628516746245104 0.626289992382402 0.627211779256699 0.631497411656442 0.659500383785722 0.674655775460911 0.551898647303682 0.454981968806393 0.391281790833711 0.362035441490234 0.344769708669944 0.33801547193211 0.331780133814125 0.326350857987186 0.31257310717177 0.295384340176662 0.278355389267698 0.26721360099343 -9999 -9999 -9999 -9999 -9999 -9999
-9999 -9999 -9999 -9999 -9999 -9999 -9999 -9999 -9999 -9999 -9999 -9999 -9999 -9999 -9999 0.725126047377005 0.719457237150314 0.724957907433431 -9999 -9999 0.707444332745186 0.711442011423846 0.704212606200323 0.703948657229019 0.725889074204959 0.73322401491971 0.72977711553278 0.711057017751179 0.692066518744938 0.67887164269946 0.667888280391371 0.658870897070543 0.655644748843635 0.655058336884896 0.662527687871399 0.671420145457066 0.681833025093996 0.719807644400181 0.758776706809637 0.754786846822397 0.675278051419995 0.498693748785834 0.426888484774459 0.390851829804973 0.378397870677234 0.366444862039581 0.355270034889206 0.328326334345257 0.295384340176662 0.278355389267698 -9999 -9999 -9999 -9999 -9999 -9999 -9999
-9999 -9999 -9999 -9999 -9999 -9999 -9999 -9999 -9999 -9999 -9999 -9999 -9999 -9999 -9999 0.726902462278874 0.724976882364731 0.726845348548627 -9999 -9999 0.743671634302282 0.739899979457039 0.727179776468704 0.72385165766932 0.749307744850108 0.762928240608319 0.767811639955224 0.76177538810366 0.749645875319032 0.7196458251236 0.701260276850995 0.693199722876075 0.708460417287455 0.726907408560858 0.74024487566017 0.751548934292847 0.760680535097193 0.81206267490101 0.868958501094373 0.889387762505258 0.796786198101314 0.558889620089487 0.472960693695974 0.437692215892693 0.421309928212483 0.399676283291093 0.369885127659505 0.361235575854955 -9999 -9999 -9999 -9999 -9999 -9999 -9999 -9999 -9999
-9999 -9999 -9999 -9999 -9999 -9999 -9999 -9999 -9999 -9999 -9999 -9999 -9999 -9999 -9999 0.734080935782077 0.742915386594797 0.734342970318737 -9999 -9999 0.756764427525893 0.774068564824022 0.747354657452711 0.734182549737959 0.768322133917949 0.790301622302904 0.803304463426341 0.8161811661384 0.815108342410915 0.762042520361517 0.734220006809172 0.728838147020417 0.773872415036438 0.821886238720247 0.839137609230068 0.850015328335953 0.854083550425026 0.920627246004328 0.992444532379139 0.989127583585407 0.867862472453079 0.594981377552872 0.509445166707389 0.484919701082396 0.465513392719009 0.432175992176748 0.377197894109141 -9999 -9999 -9999 -9999 -9999 -9999 -9999 -9999 -9999 -9999
-9999 -9999 -9999 -9999 -9999 -9999 -9999 -9999 -9999 -9999 -9999 -9999 -9999 -9999 -9999 0.842866805007168 0.852043423973011 0.843138988434275 -9999 1 0.924031758130832 0.801743805683464 0.707900634612859 0.661684340888576 0.74764793660153 0.804935968366236 0.841055546614838 0.82911333984176 0.806931197500443 0.767953897719547 0.740680059780932 0.723810299226574 0.823343325835276 0.925231718462143 0.933273885628438 0.938228340721077 0.939883938561914 0.967779938329666 0.996799372209624 0.986220787497102 0.874586145294258 0.633049406540606 0.552998817414386 0.524053623516206 0.480841143070331 -9999 -9999 -9999 -9999 -9999 -9999 -9999 -9999 -9999 -9999 -9999 -9999
-9999 -9999 -9999 -9999 -9999 -9999 -9999 -9999 -9999 -9999 -9999 -9999 -9999 -9999 -9999 -9999 0.930082049832207 -9999 -9999 1 0.922211302476692 0.796992917667213 0.685355824705923 0.630524993662337 0.737148628160857 0.810416452345484 0.859060840304203 0.833322443968253 0.800496393352372 0.774363745713816 0.749129489677477 0.724693880731786 0.838264774505895 0.953555753521261 0.952173428434659 0.950449679663349 0.94836115983458 0.94735544263057 0.944984789417431 0.930583818913434 0.844902065879313 0.667592721937719 0.583188776028172 0.527648089561624 0.457122496281153 -9999 -9999 -9999 -9999 -9999 -9999 -9999 -9999 -9999 -9999 -9999 -9999
-9999 -9999 -9999 -9999 -9999 -9999 -9999 -9999 -9999 -9999 -9999 -9999 -9999 -9999 -9999 -9999 -9999 -9999 -9999 -9999 0.89969743924534 0.738237933560856 0.705485331094475 0.700677533819557 0.752510461976047 0.79495222654515 0.830461384305875 0.818978117774785 0.801692951003103 0.78369562958733 0.76353319821759 0.741446039633795 0.772594471769886 0.804821594238815 0.794136640644968 0.784220382773265 0.775125385886051 0.770745731590272 0.766613232627525 0.755698588009202 0.732570136222416 0.693741495872439 0.581571751512663 0.45386515483281 0.429214005489767 0.414217063502291 -9999 -9999 -9999 -9999 -9999 -9999 -9999 -9999 -9999 -9999 -9999
-9999 -9999 -9999 -9999 -9999 -9999 -9999 -9999 -9999 -9999 -9999 -9999 -9999 -9999 -9999 -9999 -9999 -9999 -9999 -9999 0.589441362289395 0.677072667497451 0.703795992583199 0.728001386400725 0.756310264423494 0.785911614749141 0.8164670749892 0.804593571444851 0.788196308233092 0.77382282903667 0.759167384649076 0.74426128043893 0.733583927970202 0.723048109030699 0.709385303716063 0.696600793691553 0.684754638901578 0.675662341721712 0.667184333230501 0.658207266133552 0.65749984412721 0.667422603642682 0.556640858936625 0.416572470699072 0.399341332772504 0.38670338029666 0.381200527907776 -9999 -9999 -9999 -9999 -9999 -9999 -9999 -9999 -9999 -9999
-9999 -9999 -9999 -9999 -9999 -9999 -9999 -9999 -9999 -9999 -9999 -9999 -9999 -9999 -9999 -9999 -9999 -9999 -9999 0.535002670201378 0.575873566893568 0.641664457247242 0.688511701745696 0.728639409898621 0.752905961155883 0.780873447929106 0.811572984944729 0.790183964629804 0.765544581398971 0.751983915229991 0.743106600085336 0.738392663873459 0.711184627956886 0.682996684543571 0.670296888689418 0.657961580745232 0.646015685270962 0.631376620325102 0.616943265209935 0.608938776787049 0.605646646638709 0.608411998196705 0.517183490450522 0.402016243031737 0.368244811599242 0.35512783895973 0.374095708596003 -9999 -9999 -9999 -9999 -9999 -9999 -9999 -9999 -9999 -9999
-9999 -9999 -9999 -9999 -9999 -9999 -9999 -9999 -9999 -9999 -9999 -9999 -9999 -9999 -9999 -9999 -9999 -9999 -9999 -9999 0.563887008194333 0.610382839400212 0.661024580164169 0.706948616493603 0.73847932429204 0.767184858139775 0.793804833581115 0.761314850804727 0.727944212936196 0.717622462890899 0.717725710105454 0.727096512483076 0.693993158129429 0.658703033713688 0.650960868678125 0.640498947666907 0.627131287224876 0.615863336606084 0.605900079420949 0.601717086568966 0.597090573787673 0.591893940123871 0.502201232280644 0.391653220368588 0.362639553535522 -9999 -9999 -9999 -9999 -9999 -9999 -9999 -9999 -9999 -9999 -9999 -9999
-9999 -9999 -9999 -9999 -9999 -9999 -9999 -9999 -9999 -9999 -9999 -9999 -9999 -9999 -9999 -9999 -9999 0.640780369849008 0.628025071518655 0.614275832491925 0.601578347942392 0.589522144035722 0.634618892857352 0.679799623871923 0.714551576479922 0.741925572904216 0.763853122911607 0.726562403192114 0.690023722781394 0.682674179388409 0.690002178379433 0.710378136071213 0.674494785786608 0.63545456449804 0.631589656232051 0.624087641105972 0.612699805004757 0.603682689542162 0.595927306315107 0.593141272604541 0.588315080289852 0.580866374426213 0.492287462479612 0.385915518990991 -9999 -9999 -9999 -9999 -9999 -9999 -9999 -9999 -9999 -9999 -9999 -9999 -9999
-9999 -9999 -9999 -9999 -9999 -9999 -9999 -9999 -9999 -9999 -9999 -9999 -9999 -9999 -9999 -9999 0.652920428346814 0.640780369849008 0.628025071518655 0.614275832491925 0.601031517389219 0.588095066855302 0.613971870186335 0.641132345079011 0.664751613376206 0.684160476306803 0.700461195647003 0.67738546067281 0.654279510865549 0.648603929849259 0.657279970045642 0.678714233381332 0.64706604820951 0.612010902433338 0.607984003333958 0.606366335022974 0.607322646496366 0.595369358704379 0.580933022184479 0.571757952665201 0.569835771345586 0.57723678555312 0.492287462479612 -9999 -9999 -9999 -9999 -9999 -9999 -9999 -9999 -9999 -9999 -9999 -9999 -9999 -9999
-9999 -9999 -9999 -9999 -9999 -9999 -9999 -9999 -9999 -9999 -9999 -9999 -9999 -9999 -9999 -9999 0.652920428346814 0.636580995105025 0.621389364855044 0.609400874420657 0.594586533844226 0.578049202745753 0.583440418165346 0.592532164231264 0.608212376606305 0.625464136121709 0.64387602007788 0.640197707965435 0.635425753884158 0.636414832091904 0.647031501326615 0.666206852036807 0.631296581434826 0.593607792103839 0.591028536150788 0.58805527372165 0.584661061705928 0.57403603071144 0.562589544128428 0.558283926943543 0.555862238471084 -9999 -9999 -9999 -9999 -9999 -9999 -9999 -9999 -9999 -9999 -9999 -9999 -9999 -9999 -9999 -9999
-9999 -9999 -9999 -9999 -9999 -9999 -9999 -9999 -9999 -9999 -9999 -9999 -9999 -9999 -9999 -9999 -9999 0.629216167285238 0.609751718772107 0.600851214289701 0.583695572584035 0.561506570127131 0.545458167109749 0.536444646034979 0.546593132488673 0.56606583241617 0.592421716222829 0.612047304882772 0.629303878619345 0.640719561018877 0.653723546975899 0.668139494055579 0.624315774132842 0.579004206933844 0.579085922573058 0.569299659937246 0.54897062293755 0.542888339258608 0.541721472088978 0.550771860140809 -9999 -9999 -9999 -9999 -9999 -9999 -9999 -9999 -9999 -9999 -9999 -9999 -9999 -9999 -9999 -9999 -9999
-9999 -9999 -9999 -9999 -9999 -9999 -9999 -9999 -9999 -9999 -9999 -9999 -9999 -9999 -9999 -9999 0.646632465088942 0.62578797022187 0.607249699224294 0.594732690487454 0.574573921888513 0.549755783842398 0.5129255298211 0.483210640627364 0.476279454615424 0.489745596809741 0.51826915495466 0.538561135621884 0.555930711394507 0.566063413993589 0.574900551103779 0.582585963725569 0.557716613424349 0.533233791587323 0.540269982737443 0.538870429037181 0.528458273964058 0.53198448021725 -9999 -9999 -9999 -9999 -9999 -9999 -9999 -9999 -9999 -9999 -9999 -9999 -9999 -9999 -9999 -9999 -9999 -9999 -9999
-9999 -9999 -9999 -9999 -9999 -9999 -9999 -9999 -9999 -9999 -9999 -9999 -9999 -9999 -9999 0.691164464128768 0.65373229419624 0.664974601351721 0.595632342383309 0.589609646456426 0.571314172742977 0.545535683744754 0.492077127487132 0.445170205663198 0.422345006866899 0.428326246362611 0.455572551509673 0.472940108724689 0.48730750303602 0.49488174144414 0.499287805521325 0.500877443881909 0.495000299249049 0.490941306626189 0.502835818013397 0.508552866388197 0.507670021971799 0.498364139223212 -9999 -9999 -9999 -9999 -9999 -9999 -9999 -9999 -9999 -9999 -9999 -9999 -9999 -9999 -9999 -9999 -9999 -9999 -9999
-9999 -9999 -9999 -9999 -9999 -9999 -9999 -9999 -9999 -9999 -9999 -9999 -9999 -9999 0.716137054528275 0.70375082632397 0.685184734799249 0.678120541523978 0.598509216658429 0.601974986465909 0.589757254734975 0.567976905333314 0.51355656535705 0.464220781433625 0.435657592168422 0.432449249032233 0.447957987891664 0.459545654015648 0.469536212316463 0.475314486432138 0.477446950324904 0.476338382444452 0.476101960473996 0.477128662324841 0.483734906197839 0.484318894221115 0.478468810054968 0.48256178835946 -9999 -9999 -9999 -9999 -9999 -9999 -9999 -9999 -9999 -9999 -9999 -9999 -9999 -9999 -9999 -9999 -9999 -9999 -9999
-9999 -9999 -9999 -9999 -9999 -9999 -9999 -9999 -9999 -9999 -9999 -9999 -9999 0.71470931287724 0.715056092239213 0.708926862403771 0.699566556001543 0.699223412970955 0.632604276279427 0.627385938149679 0.613614158682269 0.594627135088367 0.542618310307673 0.492789813926094 0.455421176881579 0.43942955117085 0.439218548695609 0.447351321167425 0.455119852107019 0.457811964241615 0.457451981073257 0.454378763466747 0.456825515362218 0.460189362022912 0.4631656632434 0.461600852459391 0.455184397509759 0.442338860636766 -9999 -9999 -9999 -9999 -9999 -9999 -9999 -9999 -9999 -9999 -9999 -9999 -9999 -9999 -9999 -9999 -9999 -9999 -9999
