layers/veg/veg_6000.asc
NCOLS 255 
NROWS 330 
XLLCORNER -2985163.8955 
YLLCORNER -3022031.214 
CELLSIZE 25000 
NODATA_value -9999 
[rows 125 to 149 of 330, columns 171 to 227 of 255]
0.342401998988721 0.374693532547579 0.391588651140935 0.399819119230233 0.359172366446819 0.323994140275323 0.297557531506121 0.296807393329215 0.306806720017315 0.311663004200738 0.318380009049583 0.328726531463338 0.335274378599014 0.339838537606341 0.369123229930545 0.393216980668432 0.403253451934611 0.414329351447209 0.426066949410568 0.374114931879805 0.343703127751639 0.393752490959837 0.368464985170045 0.285199578950178 0.293410199883281 0.319597496171167 0.369101068394719 0.417026400857544 0.463490143826732 0.493120910840184 0.515217365192775 0.514125343289829 0.517390445978418 0.525504872899366 0.53399857866849 0.542485979467598 0.550107012086643 0.557463265880942 0.564464716209349 0.560635841930474 -9999 -9999 -9999 -9999 -9999 -9999 -9999 -9999 -9999 -9999 -9999 -9999 -9999 -9999 -9999 -9999 -9999
0.299934672646566 0.332881448754182 0.369975453778385 0.403010527551228 0.359910197846759 0.322972436749242 0.295885741724978 0.298803767919436 0.314166760609512 0.31828919031782 0.324897947149219 0.336356528101492 0.34630605646616 0.355467549664894 0.376825383621083 0.394218189718668 0.40128775102386 0.412775897359101 0.427076908246571 0.376940894117892 0.344241513148217 0.379672368693406 0.356724646495456 0.288849820043527 0.305270547863471 0.331186227309756 0.350509242660252 0.398664930106013 0.473522219967686 0.494823046616059 0.50356180858866 0.500608336552474 0.507393441283787 0.525017234538962 0.542737173500128 0.558591041260435 0.559035086409267 0.56292355863362 0.571427561067309 0.573592868899067 -9999 -9999 -9999 -9999 -9999 -9999 -9999 -9999 -9999 -9999 -9999 -9999 -9999 -9999 -9999 -9999 -9999
0.281101373488216 0.293811594116268 0.348858871041309 0.409754049431233 0.353917438064419 0.313851262396869 0.298994640405071 0.310839034043506 0.333501994191246 0.334155494438073 0.338900398489188 0.351625985642694 0.359035506415995 0.363668949479052 0.376353318562836 0.387065254770262 0.392518918925401 0.404012680162687 0.41935155807394 0.385045121523257 0.35539296229387 0.351477033572426 0.332549253561622 0.302068622590833 0.33132825375793 0.354419183091836 0.321618581977606 0.36204231757126 0.470278260076673 0.475862555048582 0.464904143584659 0.472537496102955 0.49031056925289 0.519368789736889 0.552219324666901 0.580869270843989 0.567147266844183 0.56292355863362 0.571427561067309 -9999 -9999 -9999 -9999 -9999 -9999 -9999 -9999 -9999 -9999 -9999 -9999 -9999 -9999 -9999 -9999 -9999 -9999
0.301401305890704 0.326661456559672 0.364633336437432 0.400832714297204 0.352696416409941 0.317376376565068 0.302543541462226 0.314380147687058 0.337227680316773 0.347708613959562 0.358729227945943 0.370802541202503 0.379258646298564 0.385825826345632 0.39943115031191 0.411363817654218 0.418824320229425 0.427772077659042 0.437666619281257 0.411878541081816 0.384810040123329 0.362143590391732 0.364577071376842 0.386327007946718 0.41145231572144 0.426228237588098 0.398131128922675 0.42191973015644 0.493759084099425 0.488249982075853 0.473251806236183 0.488456335294725 0.509181007907075 0.536049403366733 0.566458425400868 0.594365071623022 0.59427624983782 -9999 -9999 -9999 -9999 -9999 -9999 -9999 -9999 -9999 -9999 -9999 -9999 -9999 -9999 -9999 -9999 -9999 -9999 -9999 -9999
0.328406617003916 0.366137195466082 0.380154904864549 0.38355645387764 0.349796983520982 0.322915753314225 0.307029613386535 0.317119637461439 0.338160749822336 0.357769227688407 0.374527328147616 0.385725488817321 0.395075312505243 0.403459924939363 0.418807777061195 0.432616339838351 0.442279195368057 0.448597143572565 0.452785728829081 0.43168735710925 0.407702047349494 0.380804015602052 0.40508051124723 0.468740003467491 0.486657483330836 0.49373791704159 0.481820770759593 0.490732787308323 0.518934449392672 0.505180066438314 0.490061953584475 0.511914427141028 0.53318650900482 0.553812635619723 0.580766905853944 0.607161668671373 0.615400006372647 -9999 -9999 -9999 -9999 -9999 -9999 -9999 -9999 -9999 -9999 -9999 -9999 -9999 -9999 -9999 -9999 -9999 -9999 -9999 -9999
0.355967876968974 0.379575410246469 0.364977491678442 0.33912468057549 0.335110618175823 0.327909808324149 0.315614879167568 0.322843754543894 0.338311816181008 0.353092076724937 0.366523067777726 0.37732217678132 0.38397187756811 0.388454735648747 0.401775469372474 0.414253503106959 0.424150573721909 0.429480945159475 0.43190416280247 0.403157633739998 0.384998669059341 0.406356928728931 0.440898471234242 0.485585631280566 0.495269615775295 0.501986896079525 0.515317651139281 0.524824105439094 0.530788919266826 0.518619520525744 0.509478800153339 0.536005696971249 0.552832515176194 0.558863491929872 0.591601270410948 0.626584359012058 0.622472398188352 -9999 -9999 -9999 -9999 -9999 -9999 -9999 -9999 -9999 -9999 -9999 -9999 -9999 -9999 -9999 -9999 -9999 -9999 -9999 -9999
0.367257062440558 0.377099798690137 0.347209010183785 0.307885057788513 0.323008926288717 0.328033380483137 0.316913592889286 0.32305881775057 0.336394535314649 0.344646876009264 0.353492919351067 0.363497037747523 0.37406239325043 0.384920829710185 0.397055628136127 0.409050888398669 0.420630369071844 0.423933082016597 0.421966817134291 0.393282430246429 0.379896571337747 0.419347723004029 0.451467128738105 0.477944154568559 0.490612511794507 0.504473236933651 0.530325756913837 0.538593848203942 0.530577204522479 0.518963267519024 0.515083957740169 0.557099316705928 0.578279833056157 0.576271912846839 0.604180325163341 0.635995333052751 0.63535339682206 -9999 -9999 -9999 -9999 -9999 -9999 -9999 -9999 -9999 -9999 -9999 -9999 -9999 -9999 -9999 -9999 -9999 -9999 -9999 -9999
0.361742168320214 0.358190068393655 0.326764747054622 0.290268894464837 0.313576412110063 0.323127232460405 0.310687525378928 0.317584712078263 0.332341283929775 0.33231043155772 0.335272564662756 0.344072808539869 0.365385895006292 0.393233253417347 0.405050801590844 0.41743876077992 0.432196194295396 0.432397162212721 0.42333150612976 0.402671644259424 0.392971216828122 0.419365687962665 0.435960973916244 0.445014983065063 0.472252342165673 0.501008533823527 0.526240609388302 0.531377614655856 0.517904808948438 0.505783151626171 0.506425861981756 0.575097280086868 0.609718132831381 0.606441921064715 0.618561111644428 0.63310290253682 0.634300174969189 -9999 -9999 -9999 -9999 -9999 -9999 -9999 -9999 -9999 -9999 -9999 -9999 -9999 -9999 -9999 -9999 -9999 -9999 -9999 -9999
0.317619772766157 0.321621718130443 0.311318968302816 0.298384801561376 0.315734290682093 0.324484259823646 0.319487616973334 0.326971729687592 0.339527906834523 0.342507984585452 0.344327156201921 0.343881866911101 0.361080817104932 0.387493681581311 0.406286913170437 0.423636509759156 0.437974639512748 0.434519457773072 0.419737080828193 0.408338854406039 0.404822586448366 0.424537513762087 0.441629831772864 0.456703836797509 0.471773569283749 0.485167559802184 0.491909132296849 0.498004699087231 0.503502007505401 0.512807243641173 0.529047709953528 0.578997799938044 0.610047654795557 0.620062222212194 0.626965972181676 0.632384202029213 -9999 -9999 -9999 -9999 -9999 -9999 -9999 -9999 -9999 -9999 -9999 -9999 -9999 -9999 -9999 -9999 -9999 -9999 -9999 -9999 -9999
0.270074965734622 0.283533830442408 0.297419586553559 0.311225410235856 0.32191396430857 0.329604706649843 0.332503349572005 0.340541197036348 0.350664753052522 0.356713106106168 0.35793245400552 0.349732355260216 0.359687310365073 0.379122929689885 0.405306952101936 0.427889216379794 0.44136231659896 0.43609268171662 0.418891449994958 0.41536334415442 0.417127232111773 0.431835498782401 0.452678765910405 0.478243419132456 0.477206173496771 0.471432652373043 0.460830313905675 0.469245514665887 0.49527263740496 0.526317682428102 0.557241774028381 0.58219849552326 0.606414379621804 0.629805738127195 0.637317454199074 -9999 -9999 -9999 -9999 -9999 -9999 -9999 -9999 -9999 -9999 -9999 -9999 -9999 -9999 -9999 -9999 -9999 -9999 -9999 -9999 -9999 -9999
0.260911225864586 0.263313200981656 0.286066432934267 0.315130379466326 0.336967966191607 0.350352230767591 0.350223585331136 0.35885279957365 0.370748517416469 0.362208088423774 0.358951430575753 0.366001284895271 0.371141277923593 0.37528393138146 0.400032455441135 0.422392546385705 0.437712758108983 0.444059756710996 0.444694421401422 0.437580927559982 0.434474236923759 0.44538061642103 0.466538349756232 0.49558534076824 0.494331614062003 0.49182064873758 0.500240520894253 0.513711495050546 0.531860236044073 0.551725719339746 0.573407911192526 0.603159469497233 0.625498462416929 0.639587534502296 0.64146926760594 -9999 -9999 -9999 -9999 -9999 -9999 -9999 -9999 -9999 -9999 -9999 -9999 -9999 -9999 -9999 -9999 -9999 -9999 -9999 -9999 -9999 -9999
0.257886109717475 0.257869602770092 0.27782259283769 0.304968925333914 0.339007393528378 0.359833431333405 0.3595389700323 0.364062198145013 0.37028463356153 0.360685674422483 0.358594007893901 0.371146049526868 0.374921519370777 0.374113817453197 0.403062395920965 0.428069400944637 0.441721899265717 0.452788157863597 0.462208020162327 0.457248263185555 0.455122748468645 0.464980394242439 0.48626359950392 0.516339710007489 0.517213228127899 0.517710651041331 0.532061001591351 0.546863252188212 0.562084002164618 0.572441811889614 0.585275398219922 0.616726327344377 0.638038345430642 0.648066117231468 0.651528508563407 -9999 -9999 -9999 -9999 -9999 -9999 -9999 -9999 -9999 -9999 -9999 -9999 -9999 -9999 -9999 -9999 -9999 -9999 -9999 -9999 -9999 -9999
0.262484876487524 0.270778384699751 0.273440374387901 0.277337632745472 0.324883329334163 0.355322386154291 0.358415923695114 0.352999273553764 0.34430153378547 0.350447983132116 0.356527161859389 0.362475122667092 0.369171352691998 0.376258332821695 0.416406058060695 0.447623249241781 0.455242786383714 0.462462090417707 0.469426606660066 0.473748310610713 0.479871576618351 0.492099776199923 0.51327373134985 0.54133217921247 0.547243739862186 0.550433886816203 0.554455398001274 0.565963274404976 0.584404186600426 0.587330729476074 0.591804163275806 0.621110039559656 0.642450639073846 0.654926169700266 0.655431721349545 -9999 -9999 -9999 -9999 -9999 -9999 -9999 -9999 -9999 -9999 -9999 -9999 -9999 -9999 -9999 -9999 -9999 -9999 -9999 -9999 -9999 -9999
0.267428597522349 0.284293842435777 0.286737373561555 0.286394205079574 0.314713998579774 0.334809839494105 0.341759425092867 0.343408779314764 0.342929289475661 0.347694099713601 0.352889770983852 0.358925878819287 0.368140673656256 0.379015395495954 0.417517900451586 0.446995372548879 0.452983741696582 0.462908839370134 0.475340052473578 0.494229783009634 0.512652370829009 0.528148436137765 0.540361504311637 0.550048036892377 0.563950950904719 0.575307373777288 0.574335455315432 0.58128373171948 0.595566808507871 0.591411015329478 0.587721518852675 0.606078584903648 0.624821778634259 0.643994718697414 0.647462295660899 -9999 -9999 -9999 -9999 -9999 -9999 -9999 -9999 -9999 -9999 -9999 -9999 -9999 -9999 -9999 -9999 -9999 -9999 -9999 -9999 -9999 -9999
0.271890231408235 0.296519288343786 0.303525033347152 0.304667791886633 0.30650615245832 0.311609461079547 0.321931895200727 0.334892167307659 0.348650175175873 0.347528052146159 0.349258430911593 0.356552893293567 0.367637624580902 0.380701654144718 0.413967564948278 0.43979531481778 0.446423148854386 0.461772350241758 0.482673560903837 0.516738262310613 0.547548877616724 0.565379951502847 0.567245932476955 0.556825464869898 0.57930483185771 0.599923599678991 0.595864172099924 0.597210083820042 0.603561817422124 0.594083103052575 0.584306768873081 0.589660256425351 0.603830216286333 0.627812595304117 0.62570294362653 -9999 -9999 -9999 -9999 -9999 -9999 -9999 -9999 -9999 -9999 -9999 -9999 -9999 -9999 -9999 -9999 -9999 -9999 -9999 -9999 -9999 -9999
0.269770604433179 0.292226347352063 0.298303390713527 0.299330398615969 0.306575907958138 0.313602478356305 0.320279067741531 0.333299096919045 0.348709439258836 0.350458524749266 0.351117170862019 0.34964880836553 0.356739686725014 0.368300245494313 0.400520088016937 0.428789769050218 0.446247789341161 0.474791018265647 0.510391074252931 0.548164801833975 0.578370474153702 0.585008120129456 0.591588673769199 0.598125290173208 0.625526656534669 0.648765208886618 0.644507714656523 0.632960260073784 0.614661657962265 0.618327562366253 0.624996531014521 0.624767444826436 0.621338596011689 0.614348525543238 0.615150136811323 -9999 -9999 -9999 -9999 -9999 -9999 -9999 -9999 -9999 -9999 -9999 -9999 -9999 -9999 -9999 -9999 -9999 -9999 -9999 -9999 -9999 -9999
0.272318090083743 0.286212182910249 0.293637278401664 0.298955817924956 0.305166298379423 0.310853989163099 0.315705983678249 0.327450198314692 0.341927056281213 0.347914460192061 0.351331099952435 0.349733212915327 0.35455760151843 0.362735736101872 0.3928295418434 0.42253982108454 0.449966945346913 0.489050934774535 0.535555666949083 0.575332930972915 0.606321600410897 0.612094318061844 0.621554508110719 0.633852510645955 0.657067512743758 0.675665356221375 0.670190586343965 0.651968930236172 0.621942530986989 0.637621628627132 0.657951292929779 0.655228852291241 0.641324318864999 0.614974515081043 0.613902024849038 -9999 -9999 -9999 -9999 -9999 -9999 -9999 -9999 -9999 -9999 -9999 -9999 -9999 -9999 -9999 -9999 -9999 -9999 -9999 -9999 -9999 -9999
0.28186270353047 0.277617489260735 0.289804040067317 0.306021690600678 0.301538763641831 0.300996837853077 0.306754730435118 0.315220786469549 0.324887393769268 0.337162743664929 0.349079060742702 0.360295049209564 0.365442682187576 0.367421388142186 0.393770023771669 0.423419661541853 0.459524919692045 0.505171782221463 0.556892815678265 0.596116675577242 0.629969199199636 0.650361901220205 0.659950715539771 0.661225052051622 0.666598055343271 0.669669958692632 0.661449872991872 0.645878043773683 0.623497850356102 0.649493861388317 0.679309423388399 0.678725113308613 0.665024176741769 0.636724902823255 0.625204337275993 -9999 -9999 -9999 -9999 -9999 -9999 -9999 -9999 -9999 -9999 -9999 -9999 -9999 -9999 -9999 -9999 -9999 -9999 -9999 -9999 -9999 -9999
0.280200304870022 0.282307097729833 0.294499075494286 0.308727809477366 0.304141657160458 0.302370428482609 0.305098946668145 0.309888264062673 0.315635755230823 0.325459285910519 0.334924515970123 0.3436908456422 0.356327632175201 0.370985591555118 0.400509531723559 0.434658910397222 0.479048573191161 0.527188582351831 0.577716056341582 0.615078435844251 0.64673076892336 0.664046562369119 0.670683176294461 0.669101285586617 0.67824664063779 0.687155713089789 0.689489113045483 0.671913691184949 0.635900940902347 0.656595563729624 0.683255976393813 0.682380680283352 0.669233687102019 0.642428732866839 0.636834432156161 -9999 -9999 -9999 -9999 -9999 -9999 -9999 -9999 -9999 -9999 -9999 -9999 -9999 -9999 -9999 -9999 -9999 -9999 -9999 -9999 -9999 -9999
0.274712825999961 0.292085160073273 0.302380397526722 0.309712283390322 0.30881761667022 0.307651911388248 0.306052942162025 0.30720702866509 0.309563001467533 0.313700649851064 0.316530893690995 0.316810917154693 0.339399647065361 0.373638100339608 0.40918054022437 0.449613799971541 0.501767893369669 0.550871396211112 0.59803289771459 0.632921553261093 0.660398345679451 0.668145002442921 0.67124682756007 0.670774073718912 0.691559287581043 0.713856923913072 0.730989223787685 0.709822039630815 0.653186148585997 0.662440677080423 0.680763012143778 0.678713414329549 0.679685528272097 0.684020699602037 -9999 -9999 -9999 -9999 -9999 -9999 -9999 -9999 -9999 -9999 -9999 -9999 -9999 -9999 -9999 -9999 -9999 -9999 -9999 -9999 -9999 -9999 -9999
0.284500330354128 0.298526849900235 0.305977607939351 0.310414997372407 0.303577554934424 0.299616616281902 0.300253862356861 0.303046319251436 0.306749301259163 0.310423731452637 0.309654639681513 0.30021802391268 0.32344416895613 0.363726978789101 0.408674773185945 0.455240854525811 0.505422884034766 0.557290650106964 0.610231553527634 0.640012489476869 0.663636967123933 0.673890511301727 0.690150262764714 0.711032283411101 0.727059815261836 0.740553487057885 0.746535876905047 0.728122004128249 0.687115036168775 0.684689619927133 0.688767048498056 0.68740914758932 0.686196302439408 0.685144899174284 -9999 -9999 -9999 -9999 -9999 -9999 -9999 -9999 -9999 -9999 -9999 -9999 -9999 -9999 -9999 -9999 -9999 -9999 -9999 -9999 -9999 -9999 -9999
0.292274778979751 0.30254821806122 0.308409802385181 0.311835073751124 0.301904781816826 0.29670064209772 0.299051410196045 0.302034378980082 0.30524608312614 0.306651498809511 0.302576882972286 0.287812929917559 0.307652475855803 0.345562150227457 0.402058698694193 0.45767257985593 0.510005094933208 0.564478098618872 0.620313734117667 0.652922998077425 0.677997097117494 0.685514375067819 0.707060149880578 0.739402003759159 0.750964733479938 0.757368329763934 0.754203897331268 0.739164300583292 0.713127252224746 0.704659900486412 0.699517262052414 0.693876757984594 0.690271877808008 0.688932574402604 -9999 -9999 -9999 -9999 -9999 -9999 -9999 -9999 -9999 -9999 -9999 -9999 -9999 -9999 -9999 -9999 -9999 -9999 -9999 -9999 -9999 -9999 -9999
0.296378947786717 0.302156763646389 0.308717895381296 0.314563072553293 0.306736025074453 0.303118408653757 0.306229704498285 0.306763394447174 0.306132185788196 0.301976190384413 0.295131738871945 0.283043190891754 0.292159401817163 0.312348848917374 0.384302079102901 0.454278459334353 0.516277849049924 0.573066148791292 0.626537076530717 0.676443972535538 0.7126343847684 0.707855879223685 0.720335324249036 0.74609617787401 0.753728095211313 0.756166443680146 0.747507294784126 0.736974140445708 0.724705491454459 0.720475637240218 0.715274410394016 0.696281969973756 0.686946328541759 0.688358359882712 -9999 -9999 -9999 -9999 -9999 -9999 -9999 -9999 -9999 -9999 -9999 -9999 -9999 -9999 -9999 -9999 -9999 -9999 -9999 -9999 -9999 -9999 -9999
0.298164020873057 0.307845359823126 0.314387729680597 0.319191905365162 0.314426833551196 0.311908811423412 0.312982771201271 0.311103650919198 0.308004443042367 0.306234312287453 0.304737750272682 0.303774810830073 0.310625151676662 0.321555628417623 0.393530221528311 0.46395866166187 0.526874462195176 0.586355698396826 0.643650496135673 0.694246612711169 0.729856339316155 0.721356836284859 0.726297517578668 0.741581523182698 0.746497902801259 0.747819484703471 0.740313865275655 0.735594818785823 0.733456385096884 0.730833192276398 0.724497166602299 0.698470373892335 0.684761249017667 -9999 -9999 -9999 -9999 -9999 -9999 -9999 -9999 -9999 -9999 -9999 -9999 -9999 -9999 -9999 -9999 -9999 -9999 -9999 -9999 -9999 -9999 -9999 -9999
0.298818337578474 0.316498497713946 0.322671868830497 0.32474755640468 0.323511923251186 0.321856076117433 0.319528503288043 0.315254354320856 0.310357534523298 0.314848241179066 0.322657650019408 0.336940511912353 0.345648716062713 0.351445804738845 0.415915730235189 0.480013708225597 0.539579324320082 0.601937628793981 0.666073754469565 0.709261078633942 0.738586837967057 0.730547274832606 0.728694010752126 0.731601611243698 0.734395002890167 0.735988695070766 0.732878190373111 0.734610849837946 0.740828707326555 0.738529419558598 0.730533850957454 0.700553065439033 -9999 -9999 -9999 -9999 -9999 -9999 -9999 -9999 -9999 -9999 -9999 -9999 -9999 -9999 -9999 -9999 -9999 -9999 -9999 -9999 -9999 -9999 -9999 -9999 -9999
