layers/veg/veg_3800.asc
NCOLS 255 
NROWS 330 
XLLCORNER -2985163.8955 
YLLCORNER -3022031.214 
CELLSIZE 25000 
NODATA_value -9999 
[rows 125 to 149 of 330, columns 57 to 113 of 255]
0.0605261416359315 0.0680793396288525 0.0904401090568602 0.111867874872499 0.110548393848229 0.133691575588867 0.184831909718338 0.201023946141287 0.204847481150831 0.184476256390756 0.169348367348145 0.161449569315365 0.155734864795476 0.148551005029625 0.103877483453304 0.081885565229131 0.0977809592204525 0.190903836746725 0.318049472775549 0.419912680989488 0.508643537770479 0.570537055835528 0.618727440445445 0.659427869808811 0.732997971651673 0.783877468273486 0.774105942645133 0.769088455461292 0.767231531618604 0.765694986667079 0.756718609632377 0.723661986706312 0.687338427834183 0.648392765936517 0.613493246057097 0.579710823632525 0.548164653657365 0.521008758175611 0.498090757677735 0.479082646937997 0.461075854529974 0.444146743354088 0.427988640669525 0.412725090712218 0.399463034844325 0.387316132715415 0.380210494101774 0.374495770363471 0.370725707741295 0.367229555838156 0.363281956935476 0.3495130248877 0.34204911056 0.345271368946421 0.353259721215393 0.363280510838228 0.35689186329739
0.0619931076701171 0.0821600467852667 0.0989193345178963 0.115159721172236 0.132421213238016 0.14414014906604 0.149515712011748 0.153914442967213 0.153805857711432 0.116528794088753 0.107304706156055 0.136757812530032 0.124214422035435 0.0969212196224274 0.0717514309709891 0.0506860491419191 0.0364766615882164 0.1344207942474 0.281119540727461 0.329566311385958 0.371507479618552 0.400153766371109 0.480407450960081 0.58886907072324 0.680623556427372 0.741360072058336 0.724926267592612 0.724478194412798 0.734657699632584 0.756494630119869 0.766359497897597 0.734295330455909 0.698520992005987 0.659768801897337 0.626537787438767 0.594440238995084 0.563736482231154 0.53612464678837 0.511497416949883 0.490931056786669 0.471526842327627 0.453962925218441 0.437176008293112 0.42129059587956 0.406158898204887 0.391717252766985 0.381633238314493 0.373168894220762 0.366969038071961 0.361533422858789 0.356273616514961 0.349234027045873 0.344024154724 0.341915411426854 0.342544768510914 0.344329461679522 0.334975585067748
0.0923256913958305 0.0805804920200866 0.087718793852798 0.0992943122561381 0.114181560251045 0.118696064567808 0.111339118575251 0.102527652483497 0.0924914337038437 0.0752225410782776 0.0803265633956037 0.116276567544442 0.101166077825903 0.0700066543742378 0.0729252566623534 0.0644523336945171 0.0369510260361397 0.0980434216126951 0.197553463617039 0.210505458706479 0.227407176943915 0.252380569054702 0.318474979553418 0.407045606052405 0.559090202412601 0.672253642233144 0.680823598273394 0.689579914598726 0.698460126322076 0.732496876808711 0.753855114743843 0.727154313482876 0.698665671447131 0.668742075441634 0.636996304120708 0.60542355394529 0.57571107359361 0.548189416123046 0.522782541523666 0.500833472362316 0.480083912886711 0.462140485654099 0.444410312784497 0.426927565558292 0.410358475554907 0.394454400080669 0.382271529463327 0.371417788270769 0.36242232493296 0.355013546249922 0.348278513629254 0.343359580110472 0.338785165557642 0.334794665172369 0.331294901316012 0.327975182345892 0.318896601955878
0.136997802974207 0.0712214133796695 0.0667419664816498 0.0739121835634653 0.0760152969613766 0.0754216403815577 0.0717415708159682 0.0490160406581462 0.0260738065898267 0.0471508000310296 0.0707678635028567 0.0978869719346452 0.0823264047916694 0.0553698304736313 0.0906414108659502 0.100556208856898 0.0681150800332574 0.0716539112195383 0.0908200215048113 0.0771801570814549 0.0798472573861994 0.11583935192914 0.144812572352574 0.169949367099472 0.403200870304984 0.589938619676589 0.639243025169085 0.659506240545867 0.660462392689047 0.701148243800085 0.730349659667405 0.7111835550725 0.693327078116452 0.676521732450048 0.646170165348341 0.614545924439853 0.585898671040474 0.558738485695555 0.533013754616228 0.509769179399889 0.487700145134855 0.469504030679871 0.450674397151667 0.431109731232647 0.413317976799199 0.396364938254165 0.382520129087838 0.369455938341468 0.357483143132481 0.348084459803772 0.339793218293665 0.334705490661168 0.329962472312049 0.325803690693404 0.319779305484495 0.31291089630572 0.305717402829926
0.240137810754665 0.117710852697295 0.0834575810795674 0.0682475859387067 0.0588767192441654 0.0521355896937734 0.0484041550516944 0.0298285227881734 0.0104058279905517 0.0193454519252364 0.0357894946467612 0.0625800284779955 0.0578108512520589 0.0447911004213527 0.0807325734974922 0.0951133679604346 0.073479241012683 0.0807214752343178 0.100604923449524 0.103486176876452 0.109354380290435 0.1213267295567 0.111849287043848 0.0906476661889083 0.307536851341221 0.483436589643879 0.533132965600357 0.592080643134556 0.657178738879664 0.689776251392613 0.707504353278385 0.686562327321038 0.673612168891268 0.667076430691867 0.638029359883717 0.606982860939044 0.58137349815273 0.557061452027028 0.534001694744943 0.513446424908108 0.493767215803095 0.476163313914442 0.45732724693223 0.437061576181349 0.416742519838312 0.397017623233578 0.382838542755628 0.368732318603139 0.354727956085536 0.343266388321538 0.332943971693163 0.326592636488251 0.321056785116902 0.316903071191938 0.311491806073583 0.305527807785292 0.301600471070794
0.32949734454683 0.162296521283855 0.105791466848576 0.0732647397623718 0.0484755855441883 0.0349641819686186 0.0343599956644838 0.0182676609412269 0 0 0.00917582221887602 0.0310025326289019 0.0358708849549731 0.03685614656244 0.0733485182046133 0.0912642377927125 0.0781495489319901 0.0872920653866137 0.106258906202695 0.11971117748217 0.127612434170323 0.12416960982584 0.088563997570382 0.0353786220552128 0.216599972904418 0.371554241883988 0.438014653759181 0.53468327301442 0.651434807871136 0.678921116759446 0.687494486422627 0.66055838049127 0.650061205615981 0.652758219904592 0.62277947698682 0.591064519318194 0.572186731806674 0.553174607927371 0.534032810283925 0.516685972656548 0.499669897888569 0.482387651460295 0.463481591044856 0.44269152124804 0.420376983620531 0.398384842534383 0.383221227224246 0.367764925641953 0.351899414536651 0.338473328715233 0.326212997176629 0.319063841960755 0.313143601710275 0.30930621009785 0.304676851681169 0.299712003625091 0.297784950835653
0.385449887895266 0.200730242837805 0.139765934883205 0.102084633557115 0.0528115048060962 0.0311384560421407 0.0410532868466456 0.0230503967795246 0 0 0.00251611765375182 0.00850125665012635 0.0200057764364706 0.0348389117332153 0.0726291839144555 0.0923976368320836 0.082062473063944 0.0870095981745195 0.0987140924236435 0.107738191440204 0.114439411432786 0.116393584296685 0.0828932004382582 0.0300138151269189 0.134540132365163 0.248141223686861 0.370118457123104 0.501429447434348 0.638945673601102 0.668605778329276 0.673950124229569 0.631669416732415 0.61819683668856 0.627846190898221 0.591822895440409 0.556568256907726 0.552808765928598 0.544625605387179 0.532172313883214 0.519093344952065 0.5052463378165 0.487639603203377 0.468482978659715 0.447528114174586 0.424476730790865 0.401427193308933 0.38374870053 0.366200010283412 0.34883279910639 0.33366957940192 0.319699967257368 0.312853811307899 0.307503676304321 0.304689099315245 0.301126847459136 0.297234634306651 0.294367452359208
0.434079524669043 0.306552984983479 0.243381867490787 0.189543129029163 0.113735826143603 0.0770536983039301 0.0851497492964795 0.0630109374034168 0.0335048121877834 0.0122939430253321 0.00512662334167519 0.0173214240244777 0.0203350030842074 0.0215708809613368 0.0474559322041056 0.0619616425686549 0.057459321006801 0.0578364201089557 0.0606267882585358 0.0865908789724722 0.106736587951935 0.114991823074984 0.0932848755890994 0.0552009871966214 0.130980860208513 0.219348977921457 0.329064957689677 0.454481042729559 0.59033481727343 0.634097275959442 0.65264703574473 0.616180981862993 0.582175505199386 0.550144933178768 0.520234060385133 0.499771951448468 0.518071681511109 0.528944251363376 0.532647446032548 0.5244528818722 0.512511123974654 0.493157441115705 0.473084613841496 0.45217740847003 0.429167786431676 0.405978478232621 0.386522533833838 0.367528286832149 0.349179546605511 0.33164040206011 0.314968076399668 0.308559109626081 0.304135078082305 0.303075249723014 0.30040824759384 0.297008600623489 0.292557747873286
0.478262459852297 0.453296482022582 0.389286310558767 0.312608846945766 0.20902242357317 0.153173237193289 0.151958605994543 0.124332559026562 0.0873548111025418 0.0320531589511454 0.0133662952979993 0.0451609671830063 0.0304979446929399 0.00147100934828365 0.0074334847026734 0.0123557094318793 0.0155403012606767 0.0111198842804969 0.00399311330560069 0.0598726239434066 0.102355443300002 0.117460717711774 0.113430194367674 0.0989402918408649 0.175089627883469 0.248013472178489 0.304311197045496 0.399216854373211 0.519789703381691 0.584897915598521 0.626632602086993 0.608829773997491 0.543629933936479 0.440388378168848 0.423972029726119 0.429434351165518 0.47400805221121 0.508931906856081 0.534540846062603 0.531605066970751 0.520801127618619 0.498836733559731 0.477443506641974 0.456712969084409 0.434217903367255 0.411446035924856 0.390660428316734 0.370613401451212 0.351598996550357 0.331296032993937 0.311317749783877 0.305427456563694 0.302145701908045 0.303285075767751 0.3014089664346 0.298149649484413 0.291724346993317
0.497224876290769 0.510252963654025 0.43294593577526 0.340228600968577 0.265077187579463 0.217448755972935 0.201319966190661 0.214014077160589 0.220628013612492 0.104432936291457 0.0447648495905081 0.0630316466589727 0.0417030149181755 0.00854555382922585 0.0121191146300905 0.0168318724095475 0.0234475429122708 0.0297594762344635 0.036218533180883 0.06917441335322 0.095520538326945 0.108358934696213 0.113088975385067 0.113387093888513 0.147497223110832 0.17830916320489 0.197601754849265 0.234282049565733 0.28252197669955 0.415839722249193 0.523686480742528 0.525127144126251 0.512352354997248 0.488167981579364 0.476706627183083 0.474683102788659 0.504819973000231 0.526880198836379 0.541144107896304 0.536829008523423 0.52653814994814 0.503939485294221 0.48193849865495 0.460630960277326 0.439473405741564 0.418028285710637 0.393582010987248 0.371911862513482 0.35412306211272 0.333871911514986 0.313291554897015 0.30268052125516 0.29687465438753 0.29921291087518 0.297510275925867 0.293956687515176 0.286524073980281
-9999 0.554744233505007 0.46050834551317 0.357468872399797 0.314523384592428 0.280865742289858 0.257837900531113 0.300180456870872 0.338783683751861 0.186986603048333 0.0994058132964507 0.100361298278445 0.0691317659146028 0.0287891941495377 0.0266941207506388 0.0269803673158388 0.031244366756973 0.0434720024901824 0.0591600161053697 0.067728690054908 0.0792767425603593 0.0969134679037492 0.110402096550836 0.121623429275031 0.122826261630255 0.121634197901014 0.115296547111072 0.104402303822086 0.0904787625202333 0.273387985729995 0.430891628402392 0.450309377689156 0.479211007717042 0.515724575289982 0.513898864331716 0.510494474462879 0.524096608209324 0.535586103878333 0.545036287808504 0.540877535386173 0.531564003353136 0.508645729580755 0.486388390614415 0.464897892791768 0.444947438018678 0.424782135756048 0.398727701705174 0.376189327374864 0.358566814354119 0.339217362882223 0.319344596468875 0.30124360224386 0.291099399780902 0.294440908983573 0.293775711035237 0.291258733970583 0.282600182696452
-9999 -9999 0.46050834551317 0.362328209196133 0.352152940392227 0.343979946885602 0.338098527569453 0.371070500227827 0.399010814957363 0.289152364654639 0.216576923378714 0.195404306544766 0.142969979261562 0.0818956766856553 0.0615091525375421 0.0435440524739987 0.0296236951419926 0.0310956244285945 0.039205598647261 0.028833789720449 0.0364556464989159 0.0808494480231222 0.104719393986292 0.117371266350299 0.119642258887936 0.120350051319402 0.118056905676875 0.095242724130874 0.0587858187078984 0.229250014595567 0.381305503587293 0.414956820929011 0.439388862505751 0.456421343370034 0.479235326989544 0.498087702478723 0.49656469660909 0.510811620390549 0.540281124414959 0.541902058095332 0.535013423583709 0.512318373028391 0.490683882892212 0.470279894399058 0.451011648851769 0.431825289785871 0.410483918152793 0.389349797248364 0.368505437019041 0.351984588941679 0.336087360273743 0.303499219630149 0.284475264098817 0.288440811733256 0.29140740447034 0.293829152316508 0.283140055260037
-9999 -9999 -9999 -9999 0.370077959758021 0.37072335549163 0.372107397008758 0.41242268114386 0.450943662021799 0.379865827164493 0.332536792773738 0.31795070089098 0.27185272956333 0.214330889494878 0.152444799737671 0.0916737824742689 0.0327653804351867 0.0348088168128591 0.0632123222126038 0.0253932936558707 0.0120374012510645 0.0486744955794866 0.0762303329089018 0.098822472794394 0.111530251947894 0.119870759205385 0.118047150662734 0.097667534338418 0.0649515773140039 0.19558183348056 0.313029646627952 0.341359379811747 0.370026832609262 0.398965345395566 0.384354575104803 0.369455682185393 0.380257443593086 0.421215018337325 0.491281745656335 0.521172152982946 0.536504920681029 0.515570908223641 0.495168542733825 0.475383013828987 0.456759894211877 0.438422294431403 0.419715542046476 0.399554364349048 0.377359730541769 0.361754069705013 0.347743467204375 0.319803971844452 0.302309157613585 0.302516699100707 0.301724988922299 0.300414795278825 0.289683184883896
-9999 -9999 -9999 -9999 -9999 0.37072335549163 0.372107397008758 0.432055702412424 0.496777730551342 0.462158426014903 0.447606038146448 0.460720306524399 0.44120967085416 0.405096435478298 0.284645877302368 0.163013992540122 0.0394088218284964 0.0503526536749224 0.119543627222624 0.0480223843152334 0.00115075313852995 0.00465319111544137 0.030971780047582 0.0697613815486893 0.0997946886273651 0.11998327574745 0.116000534003481 0.108610334435475 0.0989548005814984 0.16961207811867 0.231011248988118 0.239640514853723 0.278944156111183 0.342867616627217 0.245196167760335 0.155363357235877 0.198673774017688 0.283954779667678 0.409749641182941 0.484446239633995 0.536556758927149 0.518514538256203 0.499792297289106 0.480281071482861 0.462275810487085 0.44469124589694 0.42709083565108 0.407585459203606 0.385416717969757 0.36931931145819 0.355659360605867 0.346439038340933 0.338127014654873 0.331354437156084 0.321370495894601 0.309952828741242 0.300640503203965
-9999 -9999 -9999 -9999 -9999 -9999 -9999 -9999 0.50162253656204 0.47085701399405 0.45976922133122 0.475811505401323 0.480733885780809 0.476456216390429 0.384241015140148 0.304684415839341 0.246272724013776 0.188771613395048 0.131447937465088 0.052804515949961 0 0 0.0127029546491243 0.0323491797649937 0.0768113126141037 0.110229550266679 0.11330689537084 0.099938268951926 0.0756360888160722 0.128326368896915 0.175137368737554 0.181020577387758 0.182836171001356 0.181387021788559 0.167054240019661 0.14722847454431 0.112071721238049 0.145111327799566 0.243980306040788 0.355684987779742 0.457060364229861 0.481608537240166 0.489275235957166 0.477355420337283 0.46265644801638 0.446532861957161 0.424536610451347 0.403498895660172 0.383801326919913 0.370839115790015 0.360466723693826 0.352980588463597 0.345356811072895 0.337499748390246 0.330249104369493 0.323270124323814 0.316022524887957
-9999 -9999 -9999 -9999 -9999 -9999 -9999 -9999 -9999 -9999 -9999 -9999 -9999 0.522063358450063 0.469302600155384 0.435323922484711 0.43271880080169 0.313413414880758 0.143192119314175 0.057844898470577 0.000889390108180573 0.00195532660842596 0.00215712125901071 0.00188658716801084 0.0550770426995588 0.0981438468170086 0.110538213006081 0.0911284779743624 0.0505748507360554 0.0886118947616849 0.123878447572836 0.127785046470504 0.0973111266178926 0.0392427685139757 0.10610466560708 0.157399022806041 0.0654382808377599 0.0496198226798393 0.107300869645242 0.224428714040677 0.34634502333874 0.423054247277914 0.463963700567722 0.463336928472345 0.456044862062449 0.44533681440714 0.420550561406896 0.399016766944185 0.382030288612685 0.372033406919749 0.36455673914149 0.357087732198535 0.349431371363704 0.341457470414612 0.337274003276119 0.334780796979101 0.329525075256643
-9999 -9999 -9999 -9999 -9999 -9999 -9999 -9999 -9999 -9999 -9999 -9999 -9999 0.524491465211167 0.514745096510337 0.494202413303632 0.45562558444549 0.33306610055457 0.173822822605244 0.0716689558018493 0.0050782227463596 0.0111644867287583 0.00842731119475389 0.000867357913245163 0.0429086779654409 0.0817332131301394 0.10777484414155 0.0904085763389883 0.0441840198815949 0.0614421719464494 0.0782760400182369 0.0756262593180588 0.0532499962576293 0.0150408947412363 0.0821801570615103 0.145169499538874 0.125431642514659 0.115648761119167 0.115475333835246 0.124272554157056 0.154694921282428 0.301663004393834 0.390406924228651 0.411597004336198 0.425745400008933 0.434813019453446 0.415606702705368 0.398380587301566 0.38392302418274 0.374670947882588 0.367348595287418 0.360974463225919 0.354336127160131 0.347250000184477 0.342143167164167 0.337932145151392 0.334115033389853
-9999 -9999 -9999 -9999 -9999 -9999 -9999 -9999 -9999 -9999 -9999 -9999 -9999 -9999 0.542627132756629 0.531661036033265 0.502377189726999 0.421749715524334 0.31830791910172 0.213374669116748 0.124843214137929 0.0698305490252691 0.0363769741930573 0.0147073188479898 0.0350567721603729 0.0594625809972232 0.0902512539076799 0.0836618612306577 0.0522229126996328 0.0604674622452846 0.0691577497991579 0.0679610743385892 0.0502216334046278 0.0192046638889422 0.06136418803675 0.109245788285207 0.136156334192685 0.138994662489415 0.118596281915977 0.0907826473943786 0.0856414731367545 0.223478203941152 0.309387226431563 0.335047790422307 0.355214488161908 0.372150639879951 0.373705189114032 0.374180511140956 0.373146947741145 0.372449776276663 0.371547566502511 0.364820507675613 0.358168781277506 0.351644733401614 0.346607072998746 0.342252384165768 0.339620205154187
-9999 -9999 -9999 -9999 -9999 -9999 -9999 -9999 -9999 -9999 -9999 -9999 -9999 -9999 -9999 0.550151456195712 0.570244396893501 0.571563149073207 0.563615914435942 0.468325017982771 0.346955800857027 0.17229279787684 0.0835247309838305 0.0417057235380404 0.0310272739909571 0.0320026714558433 0.059656861010458 0.071578146925453 0.0730399384392894 0.0826895487581105 0.0923476944030185 0.0996968630459201 0.0835295282132318 0.0484874140976257 0.0433009627297858 0.0523398676397998 0.103251526899996 0.124542922439363 0.117242126936426 0.116328538066219 0.125152566833386 0.183554542578119 0.221758794847293 0.236528897139215 0.249056919508512 0.263317330097538 0.299076103091538 0.329113604215454 0.351152100412591 0.365926008415903 0.376992597850001 0.368630522433425 0.361052043842322 0.354801658428273 0.35071210562187 0.347607725645724 0.345935837444003
-9999 -9999 -9999 -9999 -9999 -9999 -9999 -9999 -9999 -9999 -9999 -9999 -9999 -9999 -9999 -9999 -9999 0.612949539322076 0.64653600999415 0.588444054112168 0.506824763125452 0.377124893080745 0.225088995377519 0.0608445142801554 0.0292005457005696 0.015430552728579 0.0346793944157595 0.0513105123816822 0.0662013243472982 0.0772585638177657 0.0871785881871305 0.094525761218523 0.0876330571827401 0.0693111652603392 0.0457377612748684 0.0329833007092088 0.0693585713184845 0.0947649495816912 0.109583148467523 0.137565332863623 0.169196987916202 0.206098906408037 0.227255711131937 0.23014444926441 0.229021129633253 0.230149814322476 0.262027956598993 0.297904482383316 0.33937121434982 0.364125901339959 0.381424258764312 0.373168389383667 0.365608827602817 0.359229415284494 0.356280486326333 0.354875848488873 0.352996020924976
-9999 -9999 -9999 -9999 -9999 -9999 -9999 -9999 -9999 -9999 -9999 -9999 -9999 -9999 -9999 -9999 -9999 -9999 0.691465309108721 0.668487527336112 0.631901728255515 0.567506517310516 0.366279339739814 0.0902615816293 0.0346032287653257 0.00412019319507435 0.0170159651286859 0.0365285947273795 0.0604402206770645 0.0714142564421803 0.080064274695031 0.084912690590288 0.0861906990112163 0.0846030325626648 0.0504531473075233 0.0220363916567943 0.0380641444518671 0.0627280693252174 0.0957284183527758 0.147834040166211 0.199847344870402 0.22770407895187 0.240161920961108 0.234753395667078 0.22286550645954 0.212885787076321 0.236826295360811 0.274712205035865 0.33209541128449 0.36401811432399 0.385158273628871 0.37766762095292 0.370415780281897 0.363568694433806 0.361529949981697 0.361651039072725 0.360448257094867
-9999 -9999 -9999 -9999 -9999 -9999 -9999 -9999 -9999 -9999 -9999 -9999 -9999 -9999 -9999 -9999 -9999 -9999 0.691465309108721 0.668487527336112 0.638416748869772 0.593850687075636 0.421067777647286 0.178203200126135 0.0742488616848157 0.0094205337746385 0.0309628004554546 0.0565537080700892 0.0848362191006969 0.0882565689764081 0.0885947984602087 0.0860898440847239 0.0831127109825979 0.0797565985285161 0.048229726606503 0.0195998309842808 0.020671460456196 0.0330966127048264 0.0564812248453255 0.107017003817319 0.159342857932824 0.188678368443563 0.206811422505117 0.211946969948586 0.209138511369331 0.207547010067023 0.237323158304357 0.279272997430253 0.338243075343242 0.368158862728082 0.386304743955986 0.38132168405569 0.374977667324181 0.366327008422818 0.36387172982292 0.36424446687785 0.369197864757807
-9999 -9999 -9999 -9999 -9999 -9999 -9999 -9999 -9999 -9999 -9999 -9999 -9999 -9999 -9999 -9999 -9999 -9999 -9999 -9999 0.582839560651846 0.586262832413705 0.451929123194581 0.242299232570985 0.105108001620411 0.0133284757482436 0.0300623967595293 0.0582102627128647 0.0939463079337486 0.0959279705234899 0.0926890779180067 0.0822493903195328 0.0767918259042786 0.0753330054154415 0.047014396116533 0.0192383453848188 0.0103682671054377 0.0126873015559069 0.0258070922650317 0.0741284754606832 0.126336974299647 0.1579826168631 0.181433022871298 0.19537501062794 0.20591992321871 0.218955038759187 0.263337684579277 0.308774132011897 0.355683916926443 0.376175452997982 0.38640485160643 0.383456402758201 0.37869606784074 0.370864825221869 0.366176865465026 0.36299456552584 0.372000685430021
-9999 -9999 -9999 -9999 -9999 -9999 -9999 -9999 -9999 -9999 -9999 -9999 -9999 -9999 -9999 -9999 -9999 -9999 -9999 -9999 0.579685073853176 0.573507333902445 0.457325621303129 0.281017162162353 0.126615955043728 0.0157545319356056 0.013360546280676 0.040317741441091 0.086788086776302 0.0938390616389248 0.0920620029049847 0.0730688558855087 0.067019628088619 0.0713594285176232 0.0468719441461285 0.021085296538297 0.0076101943641359 0.00209282807944238 0.00425699721118971 0.0496780073330338 0.101311616936686 0.136152177042023 0.164539075807702 0.185438196660242 0.213885100128745 0.248186162955586 0.316509852658108 0.364818483767965 0.385143730076679 0.388316979149091 0.38539134856294 0.383974131281666 0.381516772332606 0.377296510565094 0.368443001845293 0.357654330539885 0.36847452884123
-9999 -9999 -9999 -9999 -9999 -9999 -9999 -9999 -9999 -9999 -9999 -9999 -9999 -9999 -9999 -9999 -9999 -9999 -9999 -9999 0.543267292211023 0.543950681854413 0.456097607277584 0.319851648192372 0.153615387337129 0.0306200752493168 0.0201660060602367 0.0432168546543304 0.0885423264198183 0.0941917618462015 0.0924647285296251 0.0782752417799744 0.0702839504091421 0.0672674449306526 0.0387426385907839 0.0112163917161704 0.00369451671368928 0 0 0.0536567654959332 0.112154853033178 0.13291357032448 0.145051276987994 0.147186566485457 0.182268582607533 0.229852833214846 0.307120911694948 0.35471233131442 0.360812322834173 0.370629688705061 0.381317098631715 0.383613107307615 0.383940708103369 0.380932117390555 0.380779557766458 0.381920514135592 0.383755395025168
