layers/veg/veg_1700.asc
NCOLS 255 
NROWS 330 
XLLCORNER -2985163.8955 
YLLCORNER -3022031.214 
CELLSIZE 25000 
NODATA_value -9999 
[rows 75 to 99 of 330, columns 171 to 227 of 255]
0.800733446866291 0.799318766499497 0.798004467047184 0.796809866416408 0.790292935263848 0.782484395740684 0.777248905966492 0.771509992062127 0.765047217333589 0.753436643473416 0.740676638004687 0.743832749488793 0.746185113636679 0.747134795794079 0.744648417555613 0.740566012594531 0.748285146485304 0.753484469684264 0.753288554181331 -9999 -9999 -9999 -9999 -9999 -9999 -9999 -9999 -9999 -9999 -9999 -9999 -9999 -9999 -9999 -9999 -9999 -9999 -9999 -9999 -9999 -9999 -9999 -9999 -9999 -9999 -9999 -9999 -9999 -9999 -9999 -9999 -9999 -9999 -9999 -9999 -9999 -9999
0.791752933965576 0.789740088394201 0.788233150885591 0.787329481430784 0.779528130435671 0.769921414150718 0.762354512028188 0.755226838315617 0.748730720024763 0.730460411814407 0.709461103298511 0.722803562948328 0.73121117421857 0.731006597757834 0.726333235926376 0.71958599335338 0.733766236666411 0.742386476300066 0.739102033121203 -9999 -9999 -9999 0.731715646105617 0.732379540025678 -9999 -9999 -9999 -9999 -9999 -9999 -9999 -9999 -9999 -9999 -9999 -9999 -9999 -9999 -9999 -9999 -9999 -9999 -9999 -9999 -9999 -9999 -9999 -9999 -9999 -9999 -9999 -9999 -9999 -9999 -9999 -9999 -9999
0.779780311351667 0.777673300321715 0.776398158066021 0.77611497441586 0.763999419550418 0.749472204273662 0.745194166905041 0.738896916088969 0.729696289326751 0.711556869276699 0.69185264148979 0.708676045558151 0.719240802270815 0.718883106696525 0.718097378177978 0.717116212719036 0.72785941480557 0.735698280392719 0.737318588079584 0.737907757598923 -9999 0.73153477571358 0.731715646105617 0.732379540025678 0.732651427189335 -9999 -9999 -9999 -9999 -9999 -9999 -9999 -9999 -9999 -9999 -9999 -9999 -9999 -9999 -9999 -9999 -9999 -9999 -9999 -9999 -9999 -9999 -9999 -9999 -9999 -9999 -9999 -9999 -9999 -9999 -9999 -9999
0.769783111926739 0.767414669366471 0.763208108523417 0.756809690857486 0.743484753788764 0.729621047411605 0.730355971195569 0.725224604617988 0.71165824749975 0.696404121268278 0.682049978305157 0.699245880330002 0.709574837733292 0.707919755978697 0.70945210776334 0.712471091708592 0.723013158227013 0.731189872677884 0.734302064202527 0.728025414500529 0.716384188792276 0.720982983602472 0.725458505017291 0.727533210090769 0.729895410664299 0.73245701171957 0.74277225026314 0.751741147305907 0.753446084034729 -9999 -9999 -9999 -9999 -9999 -9999 -9999 -9999 -9999 -9999 -9999 -9999 -9999 -9999 -9999 -9999 -9999 -9999 -9999 -9999 -9999 -9999 -9999 -9999 -9999 -9999 -9999 -9999
0.762246497715225 0.759408277167474 0.748330201637317 0.72742654386262 0.716759587455869 0.71051482480655 0.718410242549608 0.714862610533618 0.694861306686696 0.685923359297476 0.681970210336312 0.695666732411229 0.702779240836953 0.69840147495053 0.700296873327649 0.705116368829835 0.719487940738208 0.729396607027182 0.729749618520779 0.724571729007679 0.716233605114503 0.712520163451254 0.71140747504174 0.716650296276687 0.723674978552281 0.731935519997285 0.74277225026314 0.751741147305907 0.753446084034729 0.754222601332141 -9999 -9999 -9999 -9999 -9999 -9999 -9999 -9999 -9999 -9999 -9999 -9999 -9999 -9999 -9999 -9999 -9999 -9999 -9999 -9999 -9999 -9999 -9999 -9999 -9999 -9999 -9999
0.751326948285972 0.730446932630506 0.701211431466557 0.662012464897941 0.677235628435256 0.703790472994856 0.685563295769282 0.668610825847052 0.653491225316402 0.663262527167926 0.682092789205301 0.696167901163671 0.704242632906213 0.701845634435152 0.705191024659458 0.711209073284053 0.713751856000875 0.716204880441235 0.718465720870095 0.715565709135492 0.709716900736889 0.703347660120468 0.699738941991025 0.703568726097392 0.712007204223164 0.72364216997225 0.734882327045584 0.744740281179445 0.750014336031894 0.74939098813826 0.743835133354737 0.746452536295544 0.749418121223044 0.748055483254309 0.740406386125107 0.726436273090628 0.760765495668483 -9999 -9999 -9999 -9999 -9999 -9999 -9999 -9999 -9999 -9999 -9999 -9999 -9999 -9999 -9999 -9999 -9999 -9999 -9999 -9999
0.739432463449473 0.696958512042525 0.648657830589657 0.593409088108391 0.637604268826493 0.699502095023698 0.649987708278607 0.618246127573564 0.612059615163711 0.641362839326239 0.682630239286056 0.697480950938511 0.707281524598681 0.708268709657714 0.713216404514711 0.720001880052858 0.707576766536339 0.700724304843279 0.705803607265585 0.704763690012553 0.700227386117667 0.693484740588191 0.688886365239712 0.690295817055887 0.699324557969623 0.713637868263806 0.724251339930142 0.734382928195871 0.744141565674386 0.746113996333277 0.741574150242982 0.741335200733363 0.742276599167325 0.745464422907508 0.740038341698966 0.725951004798216 0.759812571405937 0.796872743105929 0.78532205493863 -9999 -9999 -9999 -9999 -9999 -9999 -9999 -9999 -9999 -9999 -9999 -9999 -9999 -9999 -9999 -9999 -9999 -9999
0.728371910599532 0.6857052529006 0.647592723103696 0.614910744979011 0.641557062699072 0.679377345257018 0.656762720725922 0.647065259196745 0.655941059647152 0.670687207594566 0.687143167588819 0.693678376170448 0.699200055090406 0.702952944567238 0.707418102353089 0.712210683249275 0.704183702443743 0.699299070704623 0.701142612376717 0.693119214517499 0.679458065865918 0.678311278188252 0.678906658145878 0.682558228719723 0.694250545553513 0.711519745077692 0.710290271228105 0.710635888950256 0.722722124761797 0.723905637053356 0.715970260709304 0.678445488714647 0.654510561548322 0.713621477090609 0.735515244143832 0.719987279576216 0.748101568342141 0.780754870115752 0.779621031063886 0.779000493756187 -9999 -9999 -9999 -9999 -9999 -9999 -9999 -9999 -9999 -9999 -9999 -9999 -9999 -9999 -9999 -9999 -9999
0.705204415607427 0.667041976526353 0.641163927781996 0.629934351351189 0.642815982976842 0.660766077571081 0.659349403840444 0.664841776824664 0.680268493336574 0.685015250316132 0.685758856808751 0.686146099078218 0.688716247599431 0.695095955603154 0.700557755619417 0.705588447794312 0.699380153259679 0.6951631723891 0.695209850127009 0.683568445001329 0.665248728103668 0.668245673375184 0.672209674440809 0.676037052148214 0.688443660436262 0.706800632157661 0.700759222666185 0.697062478917632 0.709763250616869 0.709892758048969 0.699507832215771 0.63266080409126 0.587774375021255 0.68333673960406 0.717102690917481 0.688732533303132 0.723601195838796 0.76509689518587 0.757954587705308 0.759400793246256 0.771229766444009 0.788714029048408 -9999 -9999 -9999 -9999 -9999 -9999 -9999 -9999 -9999 -9999 -9999 -9999 -9999 -9999 -9999
0.663830829845575 0.637235717493653 0.626669364370271 0.635216441327179 0.640023929308144 0.644430743132102 0.655637791059021 0.666012711443075 0.675191136679414 0.676792225979556 0.675506438064492 0.67300519692934 0.674619869497389 0.683417543197387 0.692100335103347 0.700724064666502 0.692455554903733 0.686951050905841 0.687364638661174 0.677166133671308 0.660904113840494 0.665861126072225 0.67044916100924 0.671345082550738 0.6815347012558 0.698170221518455 0.69788991807196 0.698787896180499 0.70952714698879 0.7082040196943 0.696792084553008 0.612598195093705 0.55266230739706 0.655395193483871 0.677803551489326 0.619445836475662 0.679868516930575 0.75013050246826 0.712279780146534 0.713736735102608 0.762713264085275 0.788714029048408 0.806179169057071 -9999 -9999 -9999 -9999 -9999 -9999 -9999 -9999 -9999 -9999 -9999 -9999 -9999 -9999
0.637546911391539 0.60854227425825 0.596007533574376 0.603112255292245 0.61617219798355 0.630990470655264 0.646014084337541 0.656657659944735 0.661003289583687 0.6629991332148 0.663887792612591 0.660028712479518 0.662722082293776 0.676850642149094 0.682569314483069 0.684369302189856 0.67760581778494 0.672459801619867 0.670776992939003 0.66652836919945 0.660813695542972 0.662910647336157 0.664931337291668 0.665751900064872 0.671966792006582 0.681923070629771 0.686924150127487 0.690991387301104 0.693574168363082 0.690113383088416 0.681597841698475 0.597195456959249 0.536033661014264 0.63516893556702 0.671264383405249 0.643973473811273 0.679399141031393 0.71973106552868 0.701122625224597 0.712848597989795 0.761246246295922 0.770194332589326 0.769816502623123 0.794164652944958 -9999 -9999 -9999 -9999 -9999 -9999 -9999 -9999 -9999 -9999 -9999 -9999 -9999
0.619217145877299 0.583972857204959 0.563463365045045 0.560524322279994 0.58610475389003 0.618314397775289 0.633862101822023 0.642898340815801 0.642571908897904 0.646610013912258 0.651824110759951 0.647698265444261 0.652317179173548 0.672197252064122 0.672701299944995 0.664184752941975 0.659860721755545 0.655417996583285 0.650721132325059 0.654068787629349 0.662012903304541 0.659543698080494 0.657916343469429 0.659865536894744 0.661560501217821 0.663079137892464 0.672853509763925 0.67934341697917 0.671778737672487 0.665707757400615 0.660886086544745 0.583729679367382 0.527511683716801 0.618578117320845 0.676833603271599 0.702097779378516 0.694517582736215 0.684055477038299 0.702452250846537 0.727625839623331 0.760992010177141 0.744763494330523 0.721391014563651 0.776122432130265 0.808486964186764 0.808234934543031 -9999 -9999 -9999 -9999 -9999 -9999 -9999 -9999 -9999 -9999 -9999
0.655593496369576 0.659681939617657 0.652958841998713 0.633343565548224 0.61260584088497 0.595405850120489 0.616278159501289 0.622110109178969 0.606315906040297 0.619280375203671 0.642293049547744 0.651182826088479 0.658968944005996 0.664828981419519 0.665169583890884 0.662936094740455 0.648268674250711 0.636271292776499 0.629990808162418 0.637430743173014 0.652710222184572 0.650910379210782 0.650431750559152 0.655660162992665 0.656838150282802 0.655206852819938 0.661071577304041 0.664947123571061 0.659452273868142 0.645255530973517 0.623780643788732 0.573026929636274 0.541476947920675 0.618218691817583 0.660774589318992 0.668956720398734 0.670117100701862 0.670214770306615 0.673612883195654 0.688784744547385 0.718190047058443 0.729761258002298 0.73930238387377 0.782461160077994 0.808087995503061 0.808148838385734 -9999 -9999 -9999 -9999 -9999 -9999 -9999 -9999 -9999 -9999 -9999
0.688161372555035 0.699077409162539 0.697160155680797 0.679939896562529 0.632583693399154 0.583168355931134 0.600075547405714 0.601694431035585 0.581330643487415 0.600330940136339 0.633125692932108 0.647429733169417 0.65635946874205 0.65591008724044 0.656698273011385 0.658054959994663 0.635933918532942 0.619219861037374 0.61408285147222 0.624253261668192 0.643169992606622 0.640384106541301 0.639046625084828 0.644345609282475 0.644879638621966 0.642108801297361 0.646471387407946 0.650001227597463 0.648234148755679 0.632377088745976 0.604735361454506 0.567936610969246 0.548344724721827 0.613439925677433 0.642221455912554 0.634489698724032 0.635079566622849 0.638076586064201 0.644535974765382 0.659479168701312 0.684678547657554 0.716553512538523 0.750195129362228 0.781588100996166 0.796746524166287 0.788230880090611 -9999 -9999 -9999 -9999 -9999 -9999 -9999 -9999 -9999 -9999 -9999
0.713763465098308 0.672054478549006 0.6585174441219 0.678573941760216 0.640630405939821 0.59044845426995 0.58639941880765 0.581960161461992 0.576959813939746 0.596709082660362 0.624623560058391 0.630438811992292 0.636810980746855 0.644155068361162 0.646508422439165 0.646529945402444 0.622240733086157 0.606000728197765 0.606995111422583 0.617405226250808 0.633195281651215 0.626395579553804 0.620527339382139 0.620028208650608 0.619686029135764 0.619452707492476 0.62671654240141 0.634050096390023 0.639043199595561 0.63335126513589 0.618722511508259 0.573111552705594 0.542231040269061 0.600578087882427 0.619106522926146 0.597597461987781 0.580586629365426 0.572471911235433 0.615024599001968 0.647614268180863 0.668159511637074 0.706627930508874 0.748250656828748 0.767524524117887 0.780633880082649 0.784753823378739 0.785887547998634 -9999 -9999 -9999 -9999 -9999 -9999 -9999 -9999 -9999 -9999
0.706833313568621 0.642819005553281 0.627786214017348 0.671161236655126 0.637586653400886 0.586516473763489 0.584253558745886 0.580667512113037 0.575178967995273 0.590116678286769 0.611712086651095 0.613394520276537 0.615874072149438 0.619744737074427 0.618663491961018 0.615273032553158 0.601338133768734 0.593289918372945 0.597845849053415 0.60886361154192 0.623573521659407 0.608206833544148 0.598696383490267 0.608661942498788 0.612755006569607 0.612775038821154 0.618325658790959 0.624320926721741 0.629932347092782 0.620416396292387 0.598248119418694 0.556512160237518 0.530054432005601 0.587058736728268 0.603498667416054 0.579151241196399 0.564192165540862 0.559591293896242 0.607997956104742 0.638347891039559 0.646868808139116 0.687324880698582 0.734378065853445 0.751638252303889 0.766006533470066 0.776157687173733 0.771931905504034 -9999 -9999 -9999 -9999 -9999 -9999 -9999 -9999 -9999 -9999
0.683988735851832 0.612501180465636 0.600925196104535 0.660790525912627 0.629117563848797 0.577099664089174 0.587748182848906 0.588396306325658 0.574665114355001 0.582071114111736 0.596643610969438 0.596324120263559 0.59425796302896 0.589143562182454 0.582181885040873 0.574363485915705 0.576908766219793 0.580827774735429 0.587688111993301 0.599493515939853 0.614124421507643 0.587963385269015 0.575245393927691 0.603631232949202 0.614757846385423 0.613913844992573 0.615493903669323 0.61763547415554 0.620860677018923 0.600677371141566 0.560915509140934 0.529260996139657 0.514911906197477 0.57321773706447 0.591563193992784 0.569728614305959 0.566435067830013 0.572502722114087 0.611970604271886 0.630352683769602 0.623243855897376 0.663434473850077 0.714670366790679 0.734860337603189 0.75210577850963 0.76505735197905 0.766053621701221 0.762662824914352 -9999 -9999 -9999 -9999 -9999 -9999 -9999 -9999 -9999
0.677137058358425 0.620750790222899 0.612691148355274 0.662258399437862 0.627801737009458 0.573955644193725 0.570592805003953 0.566403029769583 0.56102422411155 0.557358334716739 0.554373312774401 0.552245976538093 0.548203859212228 0.540820108478688 0.543511415208952 0.550894110655477 0.558828370025133 0.559858429668065 0.546105709917203 0.553248732674388 0.572331120065144 0.57815834981735 0.582801900474124 0.585975229860397 0.589963439367848 0.594516831595363 0.60011451186214 0.602981080594891 0.596162798712789 0.578131249181574 0.550721076158151 0.515375638456692 0.493342973238196 0.537446653663437 0.552619539193982 0.538702596887633 0.540067132796853 0.552323272599908 0.612513713967241 0.648141009562109 0.654073591434476 0.68317262743383 0.717226989032892 0.73141028974849 0.74233182336587 0.748496877688771 0.749397603308449 0.747745536099637 0.733713931229301 0.730733374604339 0.747324707623334 0.752652149577703 -9999 -9999 -9999 -9999 -9999
0.667015207243055 0.62483228033909 0.619322468918965 0.657543367944519 0.622212802801571 0.569506325754216 0.557020391584753 0.547841845820147 0.543418910192419 0.531825244215282 0.518019341420667 0.513781366390469 0.508736157446839 0.502282181815649 0.511744033110323 0.528613521871691 0.535832407788492 0.533949575242621 0.512578793120591 0.516771788337712 0.535571359939758 0.563055532485383 0.580867483828531 0.571741454819399 0.570071119602069 0.573571887701287 0.583193602329039 0.588147675886882 0.575058374946927 0.560290205809338 0.544117854303919 0.503551129755979 0.473620211082764 0.509577417678213 0.523685391947163 0.515824028385627 0.52268617908788 0.540666792184647 0.608844027796791 0.654210406962863 0.672000438286289 0.694563233642376 0.717095786875808 0.72474390654691 0.730168183869915 0.732349538027533 0.7337823516017 0.734603956616228 0.728120337469097 0.729650265519112 0.745372536043498 0.743972246833089 0.734473562265872 0.722781564783793 0.718219406990423 0.72917963137156 -9999
0.649150078173277 0.61861129248894 0.613473898732847 0.638626293577361 0.606833096947171 0.561968896184144 0.552006370928241 0.537715419153296 0.517200732361181 0.504842215039029 0.495633090783842 0.488598149738464 0.484678960861489 0.486197313431289 0.495570314122943 0.508594046710051 0.501618402025092 0.497122545813752 0.49793623558888 0.503164161191084 0.510914283412896 0.535776771880581 0.556826912264792 0.565513097694976 0.561853437936423 0.54963097466369 0.563100936434317 0.573101014015603 0.562416328253535 0.553108973061425 0.544953598295019 0.496048111036073 0.458206932307327 0.500020545132851 0.517929698175393 0.511802988319875 0.526219738562567 0.548986837182836 0.595771365906766 0.633281941691385 0.659581112383196 0.686121320235788 0.710383058549809 0.710518919512218 0.712526161510544 0.717262349163599 0.720766924311011 0.723617763674906 0.722310255304859 0.726128656034328 0.739025265906776 0.739645862857525 0.734460318227517 0.722781564783793 0.718219406990423 0.72917963137156 0.733202210240287
0.639258248077057 0.631970252631146 0.626360308802188 0.622751350938172 0.593068570631125 0.557610460413575 0.54019667467227 0.523507159444797 0.507859054470912 0.499441476121411 0.493578546315101 0.484748888010692 0.478376008752218 0.476290645690732 0.481595005194471 0.490337253386536 0.490112737606612 0.493807761910698 0.505895025530051 0.51283032767395 0.516821913096138 0.531221085447664 0.546128698607895 0.561066516689965 0.55606664217974 0.537238427723242 0.541833012787457 0.545386552129369 0.53732946665534 0.533141220563798 0.532188818746699 0.486031642025149 0.449979474228949 0.492449723172082 0.514845937451005 0.517057769845535 0.530436816353753 0.549355547674016 0.587758040665701 0.618644289051252 0.640444049333245 0.655677467832594 0.668568511890682 0.677464480366909 0.684112416394154 0.687482153986341 0.697538498951876 0.709744588524308 0.713264543091138 0.718503776032681 0.726787926150405 0.721819941555396 0.710584142574711 0.710251306060756 0.713455725163383 0.72428077542879 0.727612536322616
0.634138405057795 0.657047732183812 0.650459528520661 0.60869711179203 0.580270722713762 0.555154639530428 0.52431979414949 0.50685593922652 0.508617893303983 0.506957650334346 0.503692445474068 0.493667911723675 0.482698899908322 0.470081605961975 0.468935435764262 0.473135417989498 0.492197923323879 0.510549920949254 0.527380630208775 0.536425765190059 0.541022395402785 0.540265066687642 0.543415832009819 0.557686321461288 0.551734721774102 0.531757531024225 0.519861702145592 0.510090463344991 0.504794433842469 0.505520787888585 0.511284181056193 0.4745108832156 0.446052700674936 0.486067544426034 0.513361317811743 0.527864092948801 0.535062977083383 0.544965416732325 0.582772707876305 0.607771662240441 0.617286447864062 0.612065544232267 0.605745669415864 0.63314069055056 0.649251838923485 0.648908254160432 0.668197635697053 0.694143566237944 0.702282319424233 0.708423105279343 0.711025403630843 0.695914601949636 0.672426099195614 0.690221738344592 0.705840999095712 0.716449974085716 0.722679274839179
0.63947281907283 0.651562424253565 0.646240079830914 0.620154925476395 0.586839110785744 0.552324920040926 0.526786291107898 0.512372098902699 0.513953452909202 0.514582970735471 0.514340447738611 0.503440036777024 0.493833605392037 0.486485398409617 0.489672238370929 0.497757522130067 0.484779082468858 0.481123623432032 0.497429864710659 0.511344262798965 0.523892014644164 0.525903209045686 0.528996897110615 0.53632550293926 0.534812025961508 0.527165877095376 0.514650072289102 0.502616701743982 0.493905489043614 0.495045898083892 0.50442606862674 0.474451460338126 0.448535947530892 0.469483769158094 0.489997746469071 0.510075494616177 0.523960485628196 0.53928215916092 0.572766604715359 0.598733012492457 0.615610764377471 0.61124419928507 0.602181726466078 0.609784009428785 0.619882298223229 0.633620393202498 0.655907147260197 0.680383850291471 0.681280698516447 0.677012399467051 0.663596398751334 0.64775114087903 0.630756926006014 0.673052787866022 0.705694414010888 0.716940486273156 0.729870754081754
0.644321984152322 0.644123437886585 0.638317476216855 0.625824974389698 0.589918103598679 0.549193672901363 0.528304817329606 0.516105559943691 0.516400856011891 0.515715985202543 0.514329317931306 0.506013696036358 0.498440917575334 0.492164532967903 0.496715749597767 0.506293931475212 0.471460072811073 0.453279815932612 0.470757061886358 0.486954326155105 0.50242023722807 0.507265409240453 0.511556989869346 0.515724978782446 0.51821057788616 0.519529308853121 0.51107052070112 0.501401616359725 0.490963439517515 0.490867026937087 0.499420324351237 0.474208627595962 0.450204993747557 0.456088971168254 0.469471240185658 0.49039301900267 0.509225297919391 0.529165199474943 0.559235220486967 0.586452693592559 0.610221683582601 0.609023749716064 0.600596433566241 0.594193490450845 0.599777755770916 0.62284239507386 0.644494352343058 0.664590741306341 0.661918794650903 0.651529561265094 0.627472675645407 0.610316498301042 0.596424124074967 0.655326335144785 0.700344027272734 0.714674658280801 0.728954018820322
0.646038914878123 0.636324832562924 0.624719801107886 0.610859914884965 0.579884348006943 0.545274561405933 0.524054994968787 0.511070238174761 0.509926105891781 0.498509257848242 0.484147972376454 0.488129374871936 0.483479227899068 0.46376549260233 0.45948519575671 0.462383789162838 0.443093366426293 0.437687003341768 0.462008197258771 0.472724184499598 0.475666457867402 0.480507697840169 0.487565821506265 0.500302009314658 0.504638823791519 0.503150019820987 0.50927059076381 0.513156999052367 0.506797498824362 0.501564386526533 0.497273369667237 0.47151553311261 0.448495464293894 0.453413744475021 0.460640310363254 0.470187850634062 0.486890871229015 0.506754353143926 0.536602097904987 0.564715103606571 0.590730960179473 0.595639417815082 0.594602322950879 0.596983543511144 0.604893178331324 0.62086463582822 0.632683281018465 0.642748889752955 0.648873714347521 0.64637200639403 0.628592332107232 0.606911958500045 0.583386685195978 0.635544232774968 0.679049150765212 0.703227228537359 0.723267372532921
