layers/veg/veg_500.asc
NCOLS 255 
NROWS 330 
XLLCORNER -2985163.8955 
YLLCORNER -3022031.214 
CELLSIZE 25000 
NODATA_value -9999 
[rows 130 to 155 of 330, columns 57 to 113 of 255]
0.423156425067965 0.234947457124717 0.208196637664339 0.178310253474923 0.144448530326537 0.121025660352436 0.100509149787707 0.0750951795431745 0.06200969544167 0.0678044410583128 0.0840704208481534 0.104355825027885 0.118586942188695 0.136661189645441 0.161900507420456 0.167281597927645 0.162754819124122 0.175257477726921 0.18146784177826 0.172628197600406 0.159228199914793 0.143047642229156 0.0875651151112156 0.0471063904904194 0.0573571002777979 0.206644187843503 0.458568667488386 0.602325706261607 0.711159153823883 0.737874948731195 0.74371396319887 0.730994055344653 0.740316189953488 0.74299051742028 0.69211003659148 0.659856204289135 0.647502755540207 0.62123207756461 0.591829867353381 0.564750213834508 0.539806642129478 0.517608888071737 0.498148651486638 0.479548628182362 0.460629635258971 0.442586186395199 0.425902816405437 0.411846736105034 0.399007256963596 0.391144304211064 0.387169811100363 0.390554447799834 0.394395467368102 0.398467694630715 0.399561907219007 0.400527832179707 0.401323285285679
0.518646557896363 0.343322659596814 0.272672412607017 0.210028351584745 0.157534711854913 0.12653481105341 0.100793518397539 0.0562709704034538 0.0427772339030254 0.0768019909211717 0.0746168924424835 0.059156228362713 0.084071139353666 0.110009760152639 0.137856969054316 0.143304077435071 0.137575099173505 0.145938419501453 0.153284132800817 0.157803662154086 0.15563579374233 0.149390453990236 0.0880193666290064 0.0346945526575336 0.0148907127574599 0.151326218932369 0.403098439696171 0.567132089336796 0.691310989296456 0.705871315477638 0.703624612253356 0.686436890987539 0.673729541600739 0.657823162084008 0.621710105186112 0.605362795469245 0.610132862266124 0.605311826194486 0.595337329008834 0.564898103697251 0.538188914731496 0.516274485759025 0.494402790880924 0.472702029799621 0.452978631871096 0.432447846100999 0.410662856005731 0.392176834104173 0.375172629793276 0.362808395434932 0.356542526251123 0.361818158094206 0.366746445787535 0.371498765789042 0.374509477713281 0.376836879104112 0.377643877984333
0.605290888563999 0.492878207634312 0.360479875401962 0.262520503456114 0.208223614145503 0.157764332118562 0.108396021821278 0.0574971322879211 0.062131116999642 0.151809884216875 0.127594046043924 0.0596527049188824 0.0573572148456395 0.0636780685665218 0.0860630950885622 0.0966086148701281 0.1012470471808 0.111457488180922 0.123951673665713 0.141501560225654 0.147766535773006 0.147150822770211 0.0905051759900429 0.0417510149811507 0.0262398054700015 0.15064888881094 0.378347875030316 0.532825618049491 0.649703118007922 0.658906375611843 0.662479484033643 0.661047534245736 0.600567159423589 0.540793284380597 0.538216449143163 0.548172925873343 0.571519772588543 0.591275531096278 0.60371920811477 0.568850038372341 0.538764511269237 0.514828098068164 0.491121340722331 0.467670042590633 0.446498902042792 0.423645939955809 0.398180419517129 0.375886220198869 0.355002977634662 0.338105217153325 0.329094041691682 0.335008674458707 0.34173453648203 0.348871374593105 0.353385166484902 0.356572797045937 0.356776814686429
0.614587569010516 0.549001337717091 0.447873658335249 0.356634899262562 0.277933534109079 0.217095936254478 0.167031434390784 0.178098794733503 0.168639481237591 0.127744976678743 0.0862745046314453 0.0469664650183843 0.0822781294511748 0.100785998537756 0.087965141820611 0.0777399704036933 0.0688098647738444 0.0715292389943204 0.078755834314984 0.0959378381626119 0.114296917449237 0.133373688659772 0.101782174572058 0.0735573923036423 0.0645122543785704 0.140141075783294 0.278276663413506 0.393940162558824 0.492672529801292 0.538242408032469 0.581315354650326 0.622168593110182 0.586179911779466 0.541422527052957 0.522227123020802 0.533605415238913 0.577648106592585 0.598757800205709 0.607930872494841 0.571012351871816 0.538082319811648 0.510279274092041 0.486709622007613 0.46442335167066 0.44105375935696 0.41742108336431 0.393379730561049 0.371263066646232 0.349996092144403 0.330915220102434 0.318873650911224 0.320154360520226 0.325434446659184 0.33274065316666 0.336541987202206 0.338470461433114 0.336176701917119
0.606871919293392 0.579358690640644 0.528848069814386 0.456647455160913 0.356947782145612 0.29327844413699 0.250933719134941 0.32704434167827 0.29926380224437 0.112381084241323 0.055406054690464 0.0529708037458643 0.121105089901303 0.149349571488947 0.103224142950859 0.0690717981436808 0.0408931864020048 0.0359060189635722 0.0364798517172363 0.0490315698965909 0.0775857567686286 0.115897043451642 0.111337671105111 0.105184466674446 0.102434658595086 0.126000064176884 0.168991500164146 0.235904191359087 0.307580169637822 0.386371707043168 0.474696301456736 0.57149553902792 0.575592251769451 0.558911317244505 0.521620470283654 0.529948007684184 0.587013424289839 0.605115497552022 0.608275204812569 0.572447727104155 0.538200053141266 0.505983131453687 0.482436902124534 0.461140569798951 0.43285937636773 0.407687635264507 0.387346148418139 0.367081015185633 0.34687621643655 0.327693198225293 0.313332062159203 0.308096610786839 0.310822701043911 0.317582180390355 0.320620913264464 0.321220263347882 0.31628357463688
0.606871919293392 0.583508445210104 0.566756417784742 0.530325638239523 0.468945697466196 0.439338680650795 0.425398362461445 0.478302606882504 0.454889527397065 0.314601708376489 0.24641111548613 0.20735616476852 0.172145507512579 0.142611975154151 0.123662783154748 0.0854201860274159 0.0375515264128303 0.0383122076993498 0.0394424012716452 0.0397394330312568 0.059702666896545 0.091656869188826 0.0951186743930394 0.0960405361896698 0.0949499136512406 0.102819459456935 0.117303449094715 0.114533972358023 0.11578033702503 0.139697629766573 0.258634027861479 0.462039973377635 0.496965464935299 0.503227193118432 0.51792670134141 0.532498142889914 0.546932760256719 0.569426865260491 0.588940144041549 0.571791147529845 0.545776577315298 0.508365791577152 0.480917142672446 0.45475909445016 0.404284633651761 0.369936512051977 0.360639206591184 0.347259378181012 0.332380510403211 0.32351445489426 0.31213128356037 0.295984328155356 0.293790290791447 0.2986649280651 0.30413986098436 0.306320200038617 0.300779672045395
-9999 -9999 0.588845665585167 0.571140429907228 0.53098810120123 0.527283575021389 0.536012027272497 0.555031953109638 0.529856231134787 0.436997910213706 0.387999060427779 0.354357431371807 0.249279712508369 0.174088334714793 0.15461657057776 0.0995295587816802 0.0266730243330797 0.0498721655478501 0.0592155738390008 0.0333928137552641 0.0387092124569519 0.063011924216582 0.0681497538414561 0.0729651378053433 0.0804280144824849 0.0841024377364933 0.084980204564485 0.0489512685927675 0.0158306833850751 0.010004664593667 0.132700597267809 0.369649248209693 0.419618017607316 0.436435927679702 0.455859770313429 0.470263025642723 0.479302373832216 0.5240689885044 0.570967380209558 0.568387591686918 0.549171237332564 0.508569477346765 0.479629858288589 0.45104343058457 0.37942110014657 0.337208998867578 0.340683040872193 0.334993552719411 0.325741188817109 0.323025902704584 0.313926311989661 0.292744063707385 0.286054908032521 0.286708084322344 0.29208251720631 0.294372045838803 0.289251731882131
-9999 -9999 -9999 0.571140429907228 0.53098810120123 0.543051938594693 0.5673257697687 0.539199875494792 0.50464821114997 0.460255921310069 0.468213263895769 0.492187998834129 0.358821178294867 0.253024636226332 0.198629677951584 0.11085817969851 0.00643411766473928 0.0728006755533281 0.099866752193978 0.0307043892547088 0.0138528310222042 0.0288964604959395 0.0278299317816444 0.0325875093244369 0.0571662996315321 0.0709289768719129 0.076707142034663 0.0526540437222104 0.0299546465713426 0.0255967571882372 0.118702964911334 0.298452255009971 0.343859449977221 0.355850113375592 0.321296108204797 0.327567661644242 0.377456523585122 0.46670236336715 0.554686525318456 0.561572420082312 0.54737221809114 0.506066979107864 0.478631297042254 0.450638579621758 0.359166714519004 0.310720573857442 0.329111022638068 0.332111691017144 0.328859128448086 0.327120394935531 0.319441992320053 0.300522429969329 0.28986599762434 0.283395741771347 0.285519212027394 0.286090024382801 0.282661750682306
-9999 -9999 -9999 -9999 -9999 -9999 0.574713717615867 0.535464564592718 0.528733527980122 0.571801753070057 0.567571623996079 0.542250806248502 0.452801597395184 0.36873445843698 0.294701564036422 0.1977512222444 0.0893666738322513 0.146011882574078 0.153465873099551 0.0421599748080495 0.00435951663194506 0.0113771380677411 0.00999625019258477 0.0157524203192894 0.0436802095094142 0.059581873589853 0.0666057882798117 0.0514334687956783 0.0354728365058339 0.0264597388923923 0.092545105946371 0.225391081815776 0.28731046696867 0.31345864059658 0.223584441951947 0.186655889986913 0.206293535366031 0.315793462773387 0.440055659766713 0.509116743241545 0.536157100331177 0.5091820862339 0.483415174971065 0.4552301479761 0.391692376346908 0.343849492116164 0.320387202495168 0.3138029631036 0.314300348926705 0.320992344419759 0.318400181162352 0.298237222341613 0.288621879412494 0.284350054213518 0.284570907608749 0.283579536122312 0.279562053379402
-9999 -9999 -9999 -9999 -9999 -9999 -9999 -9999 -9999 0.737779287158113 0.664199391657428 0.563370204915395 0.536083418047718 0.490113057758195 0.409309343651443 0.312238874788613 0.207052430715156 0.230186783816636 0.203286616881224 0.0569584717820151 0.000966746816981499 5.53650628917687e-05 0 0.00663190467780638 0.0324090203181153 0.0486012663934916 0.0577179108796763 0.0483700978035943 0.0364993078224376 0.0234409924043745 0.0638184468330244 0.151698930029121 0.229864553778056 0.272099287437995 0.141908082918762 0.0620931894344137 0.036099460298365 0.150317437671438 0.297255052248788 0.429415663065533 0.502821416033044 0.500700976838436 0.481633447060629 0.457241724007537 0.434838617118138 0.390688705081025 0.312757089046721 0.292175177981373 0.295398899885257 0.310648615673431 0.313274903603002 0.292010640307242 0.285282268281464 0.285917910410416 0.284927876657941 0.282903835129572 0.278535276899282
-9999 -9999 -9999 -9999 -9999 -9999 -9999 -9999 -9999 -9999 0.664199391657428 0.563894375809873 0.553468490173451 0.547911633261286 0.551432515198583 0.474373609646686 0.35711101457304 0.263343373002167 0.166157073135468 0.0603012353956929 0.0127428175028819 0.000729774207758152 0 0.00248664964008138 0.0121518451522871 0.0354128622601092 0.0687103870362531 0.0417004200793661 0.0170153648248927 0.0278735027946109 0.0483537986574445 0.0773879460791266 0.0960673977535053 0.110411338883596 0.112290301215693 0.114173624788033 0.116061607832713 0.144926270452647 0.179045710362893 0.202657435283801 0.254662549483074 0.343165830017365 0.386476503079034 0.413155548378235 0.414507836755053 0.384991134594932 0.30752223467851 0.286699001504345 0.288971702949103 0.288462935964711 0.285132085535309 0.276460282564303 0.275966162391806 0.279614930382313 0.280493064747579 0.282816476817509 0.288635632076086
-9999 -9999 -9999 -9999 -9999 -9999 -9999 -9999 -9999 -9999 -9999 -9999 0.563694741691746 0.582583759744209 0.636689159279252 0.571482881817748 0.446748405439964 0.308646944346905 0.189855313849482 0.115903702013113 0.057326429016796 0.00812326956951731 0.00446997730510299 0.00384375623678846 0.00345141886030689 0.0275675557559443 0.0697759784499109 0.0419631715682412 0.0179146293481546 0.0391075603182419 0.0477310802907765 0.0451807162915929 0.0250446048304957 0.0165329286280458 0.0826325604877728 0.131186195455575 0.160993996062437 0.146680105656023 0.119555579005539 0.0785583323591584 0.101879679596517 0.207879100768213 0.285704608612755 0.351025941213798 0.373678352753058 0.361378514241356 0.294783501921954 0.278630126105997 0.282737150878174 0.273621949577605 0.267021237301213 0.265179337726923 0.267161409526221 0.271080739853349 0.275869308017023 0.282818269297569 0.294775332241346
-9999 -9999 -9999 -9999 -9999 -9999 -9999 -9999 -9999 -9999 -9999 -9999 -9999 0.582583759744209 0.636689159279252 0.571103297617969 0.445799851019534 0.372161772484355 0.304749078555352 0.249856071416113 0.151096459258056 0.0255902961923283 0.015641529000774 0.0134502304029589 0.0120773472687832 0.0277328416539802 0.0559587747103764 0.0526193069398313 0.0493732395224845 0.060538777910977 0.0693599954168473 0.0760971717898437 0.0481357269077343 0.0243173757612824 0.052914911541233 0.0956235766151444 0.153408323944155 0.159146023267126 0.148099710610368 0.108370024756673 0.0920884387691792 0.105948117030432 0.176514548727713 0.26184487708653 0.30211636655479 0.310906912017645 0.270794645103277 0.266674169519622 0.276791419937006 0.269792430433189 0.263950732123673 0.260299272857767 0.259123298210862 0.259201426489987 0.270962277416867 0.282953720323211 0.294977055011297
-9999 -9999 -9999 -9999 -9999 -9999 -9999 -9999 -9999 -9999 -9999 -9999 -9999 -9999 -9999 -9999 0.443671837837801 0.440832614730286 0.428024551808433 0.392404468417044 0.304343202347734 0.184307253907822 0.0834721286783581 0.00925895077977891 0.00831387720223445 0.0163017823915129 0.0308840599225909 0.0420563101276524 0.0516846816602599 0.057071697994356 0.0675459996206319 0.0825427673829034 0.0596798747527304 0.0346480150986714 0.0330626136282273 0.0506573296479325 0.0887437457236861 0.121123702134037 0.147870017407314 0.143527087784129 0.144030769288714 0.15076450728174 0.19786152051263 0.25564762047999 0.283630531083426 0.286251231246093 0.249474020772929 0.2519231638113 0.269706611927635 0.262410649653089 0.257214812616854 0.255993581380841 0.254848877052031 0.253742941947439 0.278027403521932 0.296672603282186 0.301045602763075
-9999 -9999 -9999 -9999 -9999 -9999 -9999 -9999 -9999 -9999 -9999 -9999 -9999 -9999 -9999 -9999 -9999 0.555154200187133 0.550258203773776 0.534110298178651 0.476553685393122 0.393749162621994 0.173298689469684 0.00257773681635034 0.00111801855691118 0.00120609899442401 0.0024367726457214 0.0241352487909537 0.0434909089166706 0.044986059962128 0.0574135132524942 0.0795595028252806 0.0667589907996259 0.0461837311458786 0.0181311209528863 0.00435132924810934 0.00582036568868342 0.0659258795771505 0.136815231632599 0.18016563968386 0.218344400051138 0.249875287015714 0.268026601703793 0.281148805307062 0.285448732778758 0.271640178782861 0.229701729079453 0.236647257116051 0.262608668026019 0.254023273802258 0.249314870406247 0.251943891441063 0.251946463947712 0.250618453844815 0.289208622925439 0.315185220936709 0.309970399558677
-9999 -9999 -9999 -9999 -9999 -9999 -9999 -9999 -9999 -9999 -9999 -9999 -9999 -9999 -9999 -9999 -9999 -9999 0.557092211093697 0.56348413104612 0.532094774580799 0.477669242130797 0.256705036966293 0.0738332640790721 0.0320230361897844 0.00973141063257933 0.00184852092139553 0.0320520640929419 0.0601854732207751 0.0636263169494717 0.0707833751479155 0.081244052689148 0.0756178612881159 0.0632018286842027 0.0311466693902255 0.0206790949743758 0.033275316412971 0.0810535538510951 0.138222550136369 0.200381519230683 0.243176458297484 0.261079984016921 0.273885180270099 0.283466763436907 0.273233662818864 0.254702478308711 0.223280967523824 0.236612820827978 0.26707142790839 0.255988133922179 0.248729402234825 0.248708871021922 0.246243247539883 0.24253891817149 0.284867544172799 0.319381530544992 0.333647254450959
-9999 -9999 -9999 -9999 -9999 -9999 -9999 -9999 -9999 -9999 -9999 -9999 -9999 -9999 -9999 -9999 -9999 -9999 -9999 0.590388277503386 0.568130156374538 0.532300709868984 0.316778854664528 0.12955524849614 0.0575749801642958 0.0197619706152112 0.00717141285890846 0.0425421727269568 0.0755295168254217 0.0782558762762348 0.0801658573089396 0.0813500988680339 0.0821009622708217 0.0770299213046858 0.042984486823801 0.0324986492967441 0.0471834706286424 0.0822872786398031 0.126094866778846 0.196765922848752 0.243987406837112 0.261065734123522 0.27049007788888 0.275848196211645 0.261191686412028 0.242662879151126 0.218118806395471 0.240324263860971 0.27998686604233 0.261030450035134 0.251324775077015 0.259126650792193 0.260776122208075 0.259308729889623 0.301171773802019 0.338313380561194 0.362548396479164
-9999 -9999 -9999 -9999 -9999 -9999 -9999 -9999 -9999 -9999 -9999 -9999 -9999 -9999 -9999 -9999 -9999 -9999 -9999 -9999 0.5686019900849 0.533532065939165 0.334311916027553 0.156955886409859 0.0733669965136144 0.0325369566673563 0.0232717268913976 0.0577240077002383 0.0884112396916933 0.0855729789861062 0.0822783969835405 0.0785781570525917 0.0842524698717753 0.0850418755513759 0.0526750202683503 0.0360986610106553 0.0363925898757251 0.0581890259407412 0.0892896529026252 0.149699872557442 0.201002153946151 0.240596673272837 0.250223312220646 0.250112977787265 0.249465300758849 0.239553684729493 0.215251373466879 0.2508653366356 0.308313548862862 0.271683701038707 0.25971957831404 0.294436735476244 0.312204208286305 0.321384817506848 0.355117315407584 0.384111628665294 0.400974657643398
-9999 -9999 -9999 -9999 -9999 -9999 -9999 -9999 -9999 -9999 -9999 -9999 -9999 -9999 -9999 -9999 -9999 -9999 -9999 -9999 0.510733401892317 0.513450511076673 0.354967861397162 0.204355068951889 0.106559403724621 0.0491596315343385 0.0215803220048136 0.0508406253584095 0.0807319743343307 0.08765457029617 0.0879985444220163 0.0824942924771652 0.0862323297889852 0.0856350980702959 0.0547743348482832 0.0331894361408157 0.0215147078736609 0.0359402447012115 0.0627663282264664 0.133323055134557 0.183844968628859 0.208613213010309 0.205689713703545 0.196485525895931 0.220977303060632 0.238058671282429 0.243628636348363 0.27608445492183 0.317896209799453 0.301984851037224 0.300688736421694 0.327052798017292 0.345568328176978 0.360107721234755 0.393881425244156 0.417956081281659 0.418543514694469
-9999 -9999 -9999 -9999 -9999 -9999 -9999 -9999 -9999 -9999 -9999 -9999 -9999 -9999 -9999 -9999 -9999 -9999 -9999 -9999 0.500731178660076 0.487347462435062 0.377146478291675 0.261505242686953 0.148235981219073 0.0676583819080302 0.0112139411280665 0.0331985731378029 0.0630274787007163 0.0871834045681904 0.0954777074382389 0.0896714343138452 0.0881284968633611 0.082611057979088 0.0531722846704791 0.0271064048875022 0.00464406520190638 0.0145932380782272 0.0412562989125922 0.131909848563498 0.179281162686154 0.171015503843937 0.14932397050842 0.129258238219284 0.184316594074175 0.237350708331266 0.287240345502589 0.308460368623659 0.318339566066165 0.341866022663419 0.357540662669016 0.358355295662568 0.370124728382052 0.387443961849605 0.425243296056418 0.445972042040711 0.425942613515781
-9999 -9999 -9999 -9999 -9999 -9999 -9999 -9999 -9999 -9999 -9999 -9999 -9999 -9999 -9999 -9999 -9999 -9999 -9999 -9999 0.506793131872132 0.508825597381633 0.426876922798007 0.334680031442715 0.228578637443571 0.126905693741979 0.0285018555561928 0.0440170597729831 0.0700829112430309 0.0847623543818515 0.0897104873609957 0.0860077352160719 0.0837170454684869 0.0754855641983734 0.0360037771952747 0.01112319704016 0.00184228937604445 0.0212105596751866 0.0504028329376367 0.0996952913253171 0.129182551780324 0.133211301405295 0.131155665268105 0.131090280139451 0.180845839473143 0.228475562867931 0.272802991514278 0.292129305302862 0.301802809664656 0.33169549273582 0.3628539975304 0.396408141533615 0.419025034400966 0.436101016794897 0.433350192705242 0.427364111774894 0.414681670348728
-9999 -9999 -9999 -9999 -9999 -9999 -9999 -9999 -9999 -9999 -9999 -9999 -9999 -9999 -9999 -9999 -9999 -9999 -9999 -9999 -9999 0.524790439793032 0.462902188808042 0.390519757206335 0.299397728013309 0.17944339833108 0.038204911386259 0.0512947742744079 0.0775281667189362 0.0840465800866404 0.0834932690820038 0.0766533764999254 0.0782074253587597 0.0736886560705608 0.0309120056587168 0.00628231401644447 0.00104051383138172 0.0230289702534074 0.0511496247010839 0.0747634611926171 0.0934564886279984 0.105824082150806 0.126414994682134 0.151201472517574 0.195312446232132 0.236104338988679 0.271740338283882 0.291265817111824 0.304911483681829 0.343539466192979 0.384666763427631 0.430524155142074 0.457032756623674 0.473739085750238 0.441856867500305 0.416641141989298 0.409102909936153
-9999 -9999 -9999 -9999 -9999 -9999 -9999 -9999 -9999 -9999 -9999 -9999 -9999 -9999 -9999 -9999 -9999 -9999 -9999 -9999 -9999 -9999 0.467568249777868 0.407110173053966 0.347994775692287 0.216026914876702 0.0302789788395492 0.049999629292212 0.0853015306226101 0.0872000638650314 0.0765587708492963 0.0547698939363184 0.0703730233642344 0.0839383080144015 0.0532610499403478 0.0266605811847374 0.00441568240663886 0.0134625234964805 0.0323727585402211 0.0668521803334048 0.0909840026532683 0.101814545473077 0.150959422273661 0.210802106324858 0.249293394986405 0.280944102898516 0.301968584453389 0.3261828991035 0.352474450520065 0.405883375468326 0.444637833850829 0.455657885375651 0.470062850672263 0.486182643939519 0.451773881913817 0.424639254782832 0.416685463999045
-9999 -9999 -9999 -9999 -9999 -9999 -9999 -9999 -9999 -9999 -9999 -9999 -9999 -9999 -9999 -9999 -9999 -9999 -9999 -9999 -9999 -9999 0.452913071720564 0.436830934297693 0.388358927485954 0.247488142890107 0.0384080900825667 0.0522640281879824 0.0845922604506729 0.0865222082906627 0.0790763656618631 0.0632956857951217 0.0772539999858703 0.0884672713857236 0.0588217733387985 0.0310026665845538 0.00513484415241014 0.00757083451093543 0.0210284920624373 0.0640390384025061 0.0867484186175996 0.0833617477145988 0.132748873380972 0.199267043070374 0.266531580456843 0.314579104032139 0.332774726702016 0.35292350110433 0.37511092914804 0.44082856664226 0.479839088164785 0.468304882110185 0.469854942194303 0.478033609995704 0.455282023082607 0.435938936887903 0.425898162181888
-9999 -9999 -9999 -9999 -9999 -9999 -9999 -9999 -9999 -9999 -9999 -9999 -9999 -9999 -9999 -9999 -9999 -9999 -9999 -9999 -9999 -9999 0.474186733023582 0.47438588543103 0.423810941193284 0.275893169423643 0.0561164056755401 0.0566522206184357 0.0788218464848976 0.0835583930468726 0.0872335296964965 0.0899651001591803 0.0929148728629976 0.0895829992918348 0.0543657843234524 0.0257768016153054 0.00426930563153983 0.00387168116027768 0.0141188688125461 0.0642676891467559 0.0814608862449511 0.0562914119920817 0.0890286677047922 0.145289032437122 0.261847282096805 0.341528809645434 0.36392566929547 0.374785625430389 0.382875076848733 0.459426376702964 0.500261489594322 0.473501698489104 0.46174861045149 0.457598054088963 0.454966325010083 0.449208492605587 0.436083482043588
-9999 -9999 -9999 -9999 -9999 -9999 -9999 -9999 -9999 -9999 -9999 -9999 -9999 -9999 -9999 -9999 -9999 -9999 -9999 -9999 -9999 -9999 0.501378844586086 0.496582151664175 0.47559709932675 0.344946927772496 0.133341383111405 0.0859296884431569 0.0680108990477155 0.0869854632123584 0.0971582035975508 0.0995063484093913 0.0896305821047736 0.0760933468235265 0.0551890615603231 0.0387114317163929 0.0269631626362755 0.014501476991728 0.0109359982427772 0.0742061191815762 0.106410834431458 0.098682650759588 0.128039215729827 0.17679181120184 0.318673827852502 0.406556057915419 0.410554480953451 0.408056816323285 0.404303019075287 0.449768623489941 0.478124719542719 0.474100103277251 0.46977548973984 0.46529889486768 0.460478377320269 0.455517695459461 0.45024456258378
