layers/veg/veg_5000.asc
NCOLS 255 
NROWS 330 
XLLCORNER -2985163.8955 
YLLCORNER -3022031.214 
CELLSIZE 25000 
NODATA_value -9999 
[rows 175 to 199 of 330, columns 57 to 113 of 255]
-9999 -9999 -9999 -9999 -9999 -9999 -9999 -9999 -9999 -9999 -9999 -9999 -9999 -9999 -9999 -9999 -9999 -9999 -9999 -9999 -9999 0.512660858070549 0.38493400161336 0.187393299893757 0.225268277295944 0.241046665357664 0.178822275956654 0.11531762195191 0.0509618268761046 0.0229045320480017 0.00338635330609047 0.00104326390658533 0 0 0 0 0 0 0 0.0360643508778278 0.09408210955151 0.237098584520255 0.312617666939189 0.309823764134827 0.319719274948722 0.33372804269889 0.352778478636316 0.362217134334392 0.358217400940752 0.357344334555766 0.357805449372022 0.361961694870107 0.364731179828471 0.365150288737392 0.348088683446122 0.323317405955609 0.32318770271836
-9999 -9999 -9999 -9999 -9999 -9999 -9999 -9999 -9999 -9999 -9999 -9999 -9999 -9999 -9999 -9999 -9999 -9999 -9999 -9999 -9999 -9999 0.38865149709476 0.196860225733067 0.204990386246352 0.198873888253145 0.137983261424454 0.0804812101531669 0.0252319399248723 0.00941173524021369 0 0 0 0 0 0 0 0.000389906320364439 0.00115618592712278 0.0224342668991447 0.0666783153044788 0.221118232691187 0.299398196034436 0.289314548128392 0.309072927844029 0.335416191876937 0.34549827915853 0.35051717267418 0.348457131156036 0.338193182488028 0.326673910163769 0.345540564657007 0.355931506448273 0.351957234083179 0.336264834616727 0.315465223246643 0.319669246546111
-9999 -9999 -9999 -9999 -9999 -9999 -9999 -9999 -9999 -9999 -9999 -9999 -9999 -9999 -9999 -9999 -9999 -9999 -9999 -9999 -9999 -9999 0.234044670901583 0.219130467866009 0.194716090123521 0.159768489322155 0.0989713507847289 0.048018627465159 0.00361063410850247 0 0 0 0 0 0 0 0 0.00478231775166913 0.0141809665417611 0.0195659620522174 0.0460640540752005 0.202132686276371 0.282562342171815 0.275232844565674 0.299981200183291 0.331075231705227 0.33802022386251 0.340938274514529 0.33822619157529 0.321442172857084 0.302289514392108 0.331411642277836 0.346015704795896 0.336013563036407 0.324015106213814 0.311249456534352 0.317069083652343
-9999 -9999 -9999 -9999 -9999 -9999 -9999 -9999 -9999 -9999 -9999 -9999 -9999 -9999 -9999 -9999 -9999 -9999 -9999 -9999 -9999 -9999 0.249301547116532 0.257983431208964 0.197249191285597 0.134097944298335 0.0712756073765373 0.029693683862478 0.00223273828138347 0 0 0 0 0 0 0 0 0.0241491479112045 0.0716092648635286 0.0743990492081227 0.0853220159342636 0.199454192632128 0.269188118226497 0.287409541615059 0.308151368000872 0.328243571915838 0.335984559781983 0.334740562665954 0.320934509284907 0.314162937129305 0.31083045602038 0.323619390698067 0.325694792498842 0.309612170359965 0.305837251275717 0.307635413348359 0.312262197716037
-9999 -9999 -9999 -9999 -9999 -9999 -9999 -9999 -9999 -9999 -9999 -9999 -9999 -9999 -9999 -9999 -9999 -9999 -9999 -9999 -9999 -9999 0.279588984095605 0.278934723155374 0.202124845005978 0.127847367009462 0.0670882943541972 0.0275314335178323 0.00207015356670866 0 0 0 0 0 0 0 0 0.0291953063052278 0.0865725958394127 0.102160339579447 0.119149888570534 0.196059554850823 0.252145468353855 0.284070889400301 0.304602579236716 0.320755490959911 0.326140314040312 0.322217661291574 0.305282072485303 0.302877898635165 0.305591874594832 0.306154870049341 0.301681696065186 0.288672879704044 0.292469719562793 0.303816258407365 0.310654758023588
-9999 -9999 -9999 -9999 -9999 -9999 -9999 -9999 -9999 -9999 -9999 -9999 -9999 -9999 -9999 -9999 -9999 -9999 -9999 -9999 -9999 -9999 0.280936078921079 0.28236521738868 0.209103430110983 0.139030276748851 0.0840047195965186 0.0398785843782484 0.00299856502686109 0 0 0 0 0 0 0 0 0.0213856634503774 0.0634147276720198 0.105619024276182 0.148103119223877 0.192022027766393 0.23180963814791 0.266803962750327 0.290533573325917 0.309087297085521 0.309286231363965 0.304016578003898 0.291101201724822 0.287996813457618 0.287983286190225 0.280007462814554 0.274354091331108 0.272636969219576 0.283420460088647 0.299812972721719 0.311919491207591
-9999 -9999 -9999 -9999 -9999 -9999 -9999 -9999 -9999 -9999 -9999 -9999 -9999 -9999 -9999 -9999 -9999 -9999 -9999 -9999 -9999 -9999 0.284279748268824 0.284283468761235 0.220637647240029 0.153537388999075 0.0835960294900974 0.0357866137572246 0.00269088008301344 0 0 0 0 0 0 0 0 0.0100396167815382 0.029770391066425 0.077114869588713 0.133043813118739 0.205511481032895 0.244415340968984 0.244377222571848 0.26565563157072 0.290270710844235 0.290824556042759 0.286524212899174 0.275437148665287 0.26642603845918 0.25881612406149 0.262859216355669 0.267646918727076 0.273696636883876 0.285140841444945 0.299021088509751 0.313215389479707
-9999 -9999 -9999 -9999 -9999 -9999 -9999 -9999 -9999 -9999 -9999 -9999 -9999 -9999 -9999 -9999 -9999 -9999 -9999 -9999 -9999 -9999 0.287877811446795 0.286292745805758 0.228437598890543 0.162026522186553 0.0791392550644482 0.0295979299634416 0.00222553831936594 0 0 0 0 0 0 0 0 0.000666574440923834 0.00197658757430637 0.0447834918690844 0.104706687041415 0.214365844041283 0.258154635486279 0.22551817894047 0.242439456273875 0.270087890037578 0.268836736297906 0.2643777885538 0.255433970901706 0.243624957054361 0.232418887819801 0.250414103580113 0.266086740718159 0.277822913693602 0.28829916372989 0.298240482776629 0.312846388490542
-9999 -9999 -9999 -9999 -9999 -9999 -9999 -9999 -9999 -9999 -9999 -9999 -9999 -9999 -9999 -9999 -9999 -9999 -9999 -9999 -9999 -9999 0.289389476269138 0.290142331861376 0.212771435835513 0.136483271855148 0.0702174025122051 0.0281293509844568 0.00211511239441839 0 0 0 0 0 0 0 0 0.00475584773256707 0.0141024752171068 0.022910347573771 0.0496524919238474 0.18290911592862 0.246682586630087 0.229839118626934 0.237938441904379 0.249623817303444 0.230257423964005 0.217666256411235 0.214547644205988 0.220808468348551 0.231133128477003 0.253640926380136 0.271529977491358 0.281590862508142 0.288695591547725 0.294492538084292 0.303899173091716
-9999 -9999 -9999 -9999 -9999 -9999 -9999 -9999 -9999 -9999 -9999 -9999 -9999 -9999 -9999 -9999 -9999 -9999 -9999 -9999 -9999 -9999 0.274267042793583 0.27973214893218 0.18535431190282 0.100802754402826 0.0504875872200452 0.0195403702115259 0.00146928662693852 0 0 0 0 0 0 0 0 0.00779895516139128 0.0231261760400141 0.0200900551133214 0.03364748033876 0.16783532376446 0.236877360852978 0.23033481050312 0.227712585280241 0.224405628528443 0.204852587778348 0.193454565724691 0.193458210330486 0.208169649042665 0.228393714329487 0.252373438265452 0.270899690560811 0.280183028334695 0.287007040231241 0.292728889649884 0.299480041377255
-9999 -9999 -9999 -9999 -9999 -9999 -9999 -9999 -9999 -9999 -9999 -9999 -9999 -9999 -9999 -9999 -9999 -9999 -9999 -9999 -9999 -9999 0.264450064787283 0.254732359903044 0.145259545551616 0.0541855442835917 0.0190974925417371 0.00326947229500556 0.000245839350441996 0 0 0 0 0 0 0 0 0.00971339601925594 0.0288030513881826 0.0378251236254715 0.0597710734451057 0.170436426945692 0.228870403931625 0.226703595277346 0.211310424968064 0.194058413811675 0.193661167788815 0.193517055458136 0.193726853533546 0.206511110809057 0.224086010064591 0.246257217584347 0.263716921451313 0.273191248589425 0.283069088189989 0.293106019205657 0.299946078321689
-9999 -9999 -9999 -9999 -9999 -9999 -9999 -9999 -9999 -9999 -9999 -9999 -9999 -9999 -9999 -9999 -9999 -9999 -9999 -9999 -9999 -9999 0.340443710765636 0.258916015798254 0.168807031614801 0.0880801389221613 0.0319647217932425 0.00614333946121627 0.000461932216094073 0 0 0 0.00594377299836253 0.0166581277955163 0.0167361326862966 0.0212168457427357 0.0509449607435929 0.0601994818112621 0.0496910151291412 0.0856167719141458 0.133160226372763 0.191884848746887 0.218518641160905 0.207919459121658 0.197707999283276 0.18872573082251 0.189944336997219 0.190723344856634 0.190887743033149 0.201367923377152 0.215877033615955 0.235920548281975 0.254052927916442 0.268946185960158 0.277658627779025 0.283622875280586 0.29520648176136
-9999 -9999 -9999 -9999 -9999 -9999 -9999 -9999 -9999 -9999 -9999 -9999 -9999 -9999 -9999 -9999 -9999 -9999 -9999 -9999 0.400647389445493 0.396040039194632 0.346013103040906 0.271160409563636 0.205581941588545 0.135245494690122 0.0519693986297588 0.0120311623187757 0.000904651534753258 0 0 0 0.0149841391780279 0.0419948247354259 0.0421247939255038 0.0503388517861517 0.109455488668934 0.118698583376381 0.0797991679673188 0.13825459862955 0.206498742885426 0.212197853203763 0.206271396639478 0.18685652499576 0.185350943119914 0.18836133577812 0.186749013934895 0.18604966592633 0.18662676175181 0.195441350008655 0.207495583001616 0.224369277555719 0.242650015143032 0.263315504928772 0.270766102409543 0.272360383516458 0.28867886037824
-9999 -9999 -9999 -9999 -9999 -9999 -9999 -9999 -9999 -9999 -9999 -9999 -9999 -9999 -9999 -9999 -9999 -9999 -9999 -9999 0.4027385384136 0.404495819564597 0.369005420328603 0.313155921471357 0.221418694221152 0.129810687728461 0.0418722223372742 0.00434295549055115 0.000326557089480944 0 0 0 0.0361039226490878 0.1011855192945 0.101023173971402 0.0988384216946752 0.128411060692739 0.145517160364505 0.150589414645377 0.170441041433214 0.189828372526976 0.188209971687694 0.184177350366128 0.177343660650468 0.177075776639653 0.178027295263706 0.173312539363734 0.17261589518619 0.177537039534326 0.190215299781585 0.20521133429099 0.2116621490441 0.22283956359061 0.242027940831478 0.255490109152621 0.266377976807578 0.278539558814502
-9999 -9999 -9999 -9999 -9999 -9999 -9999 -9999 -9999 -9999 -9999 -9999 -9999 -9999 -9999 -9999 -9999 -9999 -9999 -9999 0.393082325776776 0.398810600334194 0.371690009704659 0.32661465486329 0.221469238363561 0.121287317644965 0.0392963524015694 0.00421384237723478 0.000316848769285135 0 0 0 0.0455564576599458 0.127677368200211 0.142787593715663 0.148557987694699 0.156144754169479 0.170632591592368 0.191781974665374 0.182041629980029 0.168426578148236 0.170118695932026 0.17103307049594 0.17104507845005 0.169612597893789 0.167605850130196 0.164059773331915 0.163884114384633 0.168420692437731 0.183519318906786 0.201457791256115 0.202119897991143 0.208679118078319 0.225233166823173 0.243606436367419 0.262718421763405 0.270405444832442
-9999 -9999 -9999 -9999 -9999 -9999 -9999 -9999 -9999 -9999 -9999 -9999 -9999 -9999 -9999 -9999 -9999 -9999 -9999 -9999 0.388445222841537 0.380059987837753 0.348010194875493 0.303025661065914 0.201025417832862 0.108754236238189 0.0464849800898345 0.0138982841328878 0.00104504483757421 0 0 0 0.0398620468526463 0.111718107479067 0.162307936870263 0.199861407399335 0.19527459905984 0.193536922521895 0.194549488910292 0.166916738212217 0.140882236662307 0.159682658535985 0.169507779220731 0.168919421653488 0.163203578083501 0.157070932395652 0.160238485577132 0.16125666804378 0.159269779727599 0.174915008064253 0.195796744357219 0.1966864329601 0.20185376409631 0.214271134637623 0.236126826336023 0.262074497047921 0.264874555403159
-9999 -9999 -9999 -9999 -9999 -9999 -9999 -9999 -9999 -9999 -9999 -9999 -9999 -9999 -9999 -9999 -9999 -9999 -9999 -9999 0.350251391621037 0.351581754649014 0.317187600330191 0.263266887577982 0.176694931831587 0.099110782526749 0.047378578983011 0.0171778661922813 0.00129164436509862 0.00161559483722717 0.00323523009100275 0.00440686265967112 0.038730955244155 0.099663823496918 0.158814545889804 0.203702839368763 0.189205836222919 0.180998304033823 0.178861945175434 0.152465719824471 0.128564390887907 0.149370161308329 0.159660851797355 0.157751555469384 0.155390994911948 0.153526361968347 0.15732932994673 0.161183871863804 0.165110520158455 0.175825985080307 0.188379753721508 0.190060682401093 0.193922441566949 0.201480420516981 0.216677000199852 0.235295053262116 0.250463531450246
-9999 -9999 -9999 -9999 -9999 -9999 -9999 -9999 -9999 -9999 -9999 -9999 -9999 -9999 -9999 -9999 -9999 -9999 -9999 -9999 0.251528385852078 0.30246820542763 0.279882400196867 0.217108440842301 0.150476610128526 0.0903714251463243 0.047190573062521 0.0203675751437147 0.00441954906563662 0.00758285891937196 0.0119372704007561 0.0146785798080947 0.0424674736782619 0.0903600206615234 0.147124118663072 0.189991127738993 0.168436031556166 0.158020995436411 0.158359365449301 0.139984791954418 0.123395924671971 0.140473194987924 0.148028211258282 0.144535154229886 0.1474116803484 0.151928600438548 0.155113252507593 0.162297486402226 0.175073601866973 0.179156231250461 0.180183872763186 0.182622747685992 0.185271144775878 0.188274654280075 0.194421360254203 0.202150524347494 0.232767569798312
-9999 -9999 -9999 -9999 -9999 -9999 -9999 -9999 -9999 -9999 -9999 -9999 -9999 -9999 -9999 -9999 -9999 -9999 -9999 -9999 0.229787286500798 0.214555787938562 0.18852754268149 0.156597935533911 0.116246269739015 0.0810703522806922 0.0598150675611148 0.0497827340266929 0.0472116039531502 0.0634327792826324 0.0781473112786121 0.0826412344439394 0.0902105803371217 0.100248317215817 0.126900918145735 0.150223312744825 0.149150816632138 0.150424093168059 0.153961724280393 0.150332913221132 0.146399089454639 0.149521891323975 0.148688051422077 0.143263568580365 0.143260442090456 0.145835744539592 0.158040686539464 0.167966829085759 0.174706944386676 0.17335641245445 0.169334158481718 0.169685272094879 0.171954498785137 0.177474673932177 0.186752547858337 0.197736285977777 0.210186779836638
-9999 -9999 -9999 -9999 -9999 -9999 -9999 -9999 -9999 -9999 -9999 -9999 -9999 -9999 -9999 -9999 -9999 -9999 -9999 -9999 0.135875163818938 0.137124854040208 0.130208124334067 0.11882773527723 0.0953275729522003 0.0759964776646623 0.0683752826197289 0.0684923387573724 0.0737539121928335 0.0947895742672224 0.113926249344058 0.122438538291205 0.117520987609067 0.1018244000233 0.110915111165362 0.123157590795993 0.133442991726299 0.141944862228964 0.148725105834665 0.156074091434349 0.161551004855557 0.155275994975701 0.149099694234545 0.143037919507334 0.138821162101704 0.137432695574707 0.157082223718609 0.169175833827804 0.170705389831827 0.166750298458629 0.161110767461994 0.160697980968558 0.163015470398927 0.169960417098143 0.179112249030027 0.189191911987523 0.189826127901656
-9999 -9999 -9999 -9999 -9999 -9999 -9999 -9999 -9999 -9999 -9999 -9999 -9999 -9999 -9999 -9999 -9999 -9999 -9999 0.135464568412596 0.134055847508226 0.129768257555928 0.123734415644454 0.116746095031721 0.0953001258861761 0.0775567540886913 0.0705570308826661 0.0704006819856932 0.0747939214488951 0.0877069387802246 0.10194671466882 0.118033233177495 0.112764383616124 0.0903553218949814 0.101579455675528 0.116026491926545 0.123349510957763 0.132080907573814 0.14217179920803 0.154585148360322 0.164381195280222 0.155859575696464 0.149121816939552 0.144453759859931 0.133929830367283 0.125404037204704 0.150025247148251 0.163384798863566 0.160999239754423 0.158878787426147 0.157009119537724 0.157910096358832 0.160946660694042 0.167602763948095 0.171516699300928 0.174165716728263 0.172949753289186
-9999 -9999 -9999 -9999 -9999 -9999 -9999 -9999 -9999 -9999 -9999 -9999 -9999 -9999 -9999 -9999 -9999 -9999 0.139286157372378 0.138924411362213 0.136353921326318 0.129269631011925 0.11985560434493 0.109168173965244 0.0924304319653048 0.0786706194854992 0.0730323721015583 0.0730161051012513 0.07673742359012 0.0858127065602797 0.0969878719305207 0.113406027542644 0.11149606427826 0.0948756148727619 0.107096040719884 0.120464569146705 0.120872501350468 0.127620556535705 0.140488679024414 0.149477650089513 0.156238127173331 0.15464010443247 0.151234219892987 0.145730786856104 0.138024163090434 0.131348398069686 0.139684662731708 0.145727192099403 0.148562812175482 0.144421827696281 0.138180092190791 0.139334794155189 0.144753418179443 0.157398827217496 0.157717123410088 0.15256620560081 0.160269383652592
-9999 -9999 -9999 -9999 -9999 -9999 -9999 -9999 -9999 -9999 -9999 -9999 -9999 -9999 -9999 -9999 -9999 -9999 -9999 0.14311536505705 0.140253672546366 0.131543810985209 0.117114405861259 0.0995587723125258 0.0885346755128411 0.0796814639612312 0.075729960322072 0.0760223723940111 0.0791362097817094 0.0861288691180381 0.0949939683252329 0.108789648028741 0.111635207094226 0.105691997439117 0.118353112659257 0.129306648222138 0.121516957619396 0.125427389366816 0.140631850654524 0.142868932221331 0.143734653285723 0.152532609798584 0.153995700273793 0.146948606371174 0.14559393155236 0.144228037452552 0.128222294266942 0.123728310685354 0.135329108802563 0.12789024532114 0.114379803174506 0.115012740052976 0.123093667165448 0.143797954520062 0.141368527744231 0.128739818219606 0.149220105069882
-9999 -9999 -9999 -9999 -9999 -9999 -9999 -9999 -9999 -9999 -9999 -9999 -9999 -9999 -9999 -9999 -9999 -9999 -9999 -9999 0.140183584056403 0.131260400818537 0.116819744237482 0.099363308196216 0.0904513059178909 0.0838493831057041 0.08231502928735 0.0828166007611051 0.0846716890224649 0.0888577104558648 0.0952588681459055 0.108137298321866 0.11036083305352 0.104032552248369 0.113858796781009 0.123271197088279 0.120941599559961 0.124400059649077 0.133445682996472 0.13613626863711 0.138268476476972 0.144959147303055 0.148409146370984 0.148099197536886 0.143727403704368 0.137606144776448 0.12593045963952 0.123780962455887 0.134950186371713 0.13651282054461 0.134029547302395 0.121144966523032 0.116130710866986 0.12445561733831 0.125765800333783 0.123996329936272 0.134080110532549
-9999 -9999 -9999 -9999 -9999 -9999 -9999 -9999 -9999 -9999 -9999 -9999 -9999 -9999 -9999 -9999 -9999 -9999 -9999 -9999 0.142516513852327 0.136689848580941 0.12156664205602 0.10136206650228 0.0937299049998165 0.0884358764216055 0.0879055663539499 0.0881989780040457 0.089040013468047 0.0908113966465915 0.0945644001096822 0.104441407436494 0.106730748320062 0.102930088216139 0.108895222678513 0.115262858522236 0.117300197109542 0.12039859065231 0.124521211605033 0.126903972395753 0.129513455773635 0.135611311240482 0.141084705384432 0.145833576276369 0.141216858336213 0.133858184587502 0.125454115986609 0.123179292234686 0.129473867185997 0.137856471579932 0.145361923676282 0.123772567332605 0.11030820208289 0.110614624162491 0.113737965030118 0.118131043332764 0.122364095380629
