layers/veg/veg_2900.asc
NCOLS 255 
NROWS 330 
XLLCORNER -2985163.8955 
YLLCORNER -3022031.214 
CELLSIZE 25000 
NODATA_value -9999 
[rows 225 to 249 of 330, columns 57 to 113 of 255]
-9999 -9999 -9999 -9999 -9999 -9999 -9999 -9999 -9999 -9999 -9999 -9999 -9999 -9999 -9999 -9999 -9999 -9999 0.177667606030221 0.171704348558647 0.159784206238429 0.144232004318728 0.120009731869959 0.0939267413333656 0.0640909838902668 0.0422013986051011 0.0261777197850963 0.0199051495403917 0.0174757182194126 0.0250416648500715 0.0313789865264885 0.0366240921327866 0.0487382235064852 0.0619269024821085 0.0742969553811785 0.0866651027242805 0.0990312142049144 0.109277059213955 0.118816127377191 0.127016995477868 0.137353303218674 0.150434603127189 0.14713782229772 0.139470344762602 0.143475405032143 0.147180468562242 0.150419514165424 0.150262436545333 0.149260629804228 0.16738744255957 0.179336444402939 0.179593589667724 0.179988325656866 0.180452766352991 0.180421704640119 0.185377887186944 0.202003735347384
-9999 -9999 -9999 -9999 -9999 -9999 -9999 -9999 -9999 -9999 -9999 -9999 -9999 -9999 -9999 -9999 -9999 -9999 0.181018922544422 0.18610892943862 0.181667383999813 0.171414216038716 0.140861829222341 0.107114886527611 0.0679359256417608 0.0432541042700812 0.0292741482383834 0.0266628310881127 0.0259735290986057 0.0273907619102221 0.029849395209555 0.033233806830569 0.0414071913608312 0.0522642783704371 0.0723092576003423 0.0854351039598536 0.0911686705014298 0.103941401726067 0.117813684178553 0.126943352356526 0.137068675044507 0.148473857757727 0.153361928655124 0.156431865807177 0.163152713658334 0.163467806911706 0.153832137088336 0.151288435503123 0.151764616441149 0.15639808275154 0.159571137984469 0.159980282649921 0.168459018277712 0.181025881765421 0.179167597627447 0.179679787181326 0.18635405571597
-9999 -9999 -9999 -9999 -9999 -9999 -9999 -9999 -9999 -9999 -9999 -9999 -9999 -9999 -9999 -9999 -9999 -9999 0.179705831808514 0.182238018281298 0.177842451024658 0.169222861468586 0.139056089139291 0.10694893625674 0.0732633732947766 0.0494333219735969 0.0328786616585667 0.0319249650382349 0.0319459295928272 0.0286530154928353 0.0295942686110581 0.0342995877799807 0.0412308971642716 0.050150165577623 0.0670756513144739 0.0783344789824256 0.0835391488733091 0.098595782343613 0.115194651750382 0.125180191069239 0.135273014974784 0.145503747414311 0.153749658262175 0.161327159505735 0.168573127842325 0.170416712223641 0.163868179490899 0.158001951731463 0.152572146416709 0.152665379144146 0.152789324076868 0.152971393595226 0.159597567017956 0.169488381836591 0.174681544707911 0.178528372626633 0.179434445482702
-9999 -9999 -9999 -9999 -9999 -9999 -9999 -9999 -9999 -9999 -9999 -9999 -9999 -9999 -9999 -9999 -9999 -9999 0.176239289475449 0.167338175428825 0.158228251439026 0.148991010877254 0.123334482590942 0.0985812407934157 0.0795013383004915 0.0587611127553825 0.0367952279201785 0.03626857175821 0.0363672873722486 0.0292477575026784 0.030121885771185 0.0381021710872926 0.0454488607241085 0.0526721561121619 0.0598484907256704 0.0676282649596784 0.0760527434668256 0.0932440446193313 0.111582751405689 0.122379370770804 0.132549317613627 0.141913710820992 0.150552833971243 0.158811683797654 0.165237320704095 0.171630189893121 0.177972157383121 0.168208596158008 0.152337755934018 0.153389528886522 0.153981640469627 0.153703816911903 0.152374645013783 0.150512850525383 0.168210512957488 0.180169416433207 0.17787662144477
-9999 -9999 -9999 -9999 -9999 -9999 -9999 -9999 -9999 -9999 -9999 -9999 -9999 -9999 -9999 -9999 -9999 0.268693893201938 0.254971598994668 0.209712923803847 0.189941635119594 0.185710634552212 0.147902295956837 0.114552545184284 0.100343337725506 0.0791788336830984 0.0528798927840339 0.0482876011877734 0.0444183329446283 0.0335760398562485 0.0314612648134669 0.0371050294525827 0.0485446347414625 0.0601287321897982 0.0671773945610223 0.0736663917946692 0.0795574526425277 0.0828909349611778 0.0872746952172328 0.104061467408501 0.118406468952108 0.129612706384939 0.140996194906435 0.152152860441755 0.159733103377191 0.166752280794459 0.172899893440302 0.171904462878553 0.168121679840563 0.169081214258575 0.166624048150591 0.157700583042666 0.15298343750663 0.150397251558236 0.156398876652603 0.163067706080429 0.170922402013378
-9999 -9999 -9999 -9999 -9999 -9999 -9999 -9999 -9999 -9999 -9999 -9999 -9999 -9999 -9999 -9999 -9999 0.266555501283543 0.259172067452359 0.231386045105614 0.219835825735843 0.218184975844614 0.172501893423913 0.133064509733914 0.119878831422089 0.0969666364307057 0.0668742751982528 0.0614731900239782 0.0565524896354642 0.0424236995557173 0.0378222318283026 0.0416903092965096 0.05401218942797 0.066511107454319 0.0722245604082151 0.0769914197503208 0.0807469551327197 0.076266049501693 0.0725236229778453 0.0892480327416956 0.104291699737016 0.117174862801977 0.130921094294784 0.144499408133955 0.152450444366528 0.159553984962598 0.165341017384854 0.17188198142429 0.178581678015291 0.180023652544062 0.176409969278251 0.163228167679442 0.156031396723953 0.151866696492943 0.147288900386704 0.148261351913063 0.162214842172224
-9999 -9999 -9999 -9999 -9999 -9999 -9999 -9999 -9999 -9999 -9999 -9999 -9999 -9999 -9999 -9999 -9999 0.264040898182281 0.258915485047341 0.244442854031393 0.234470145150857 0.227241149772284 0.189375392447296 0.15425381604834 0.132774529149005 0.104941658541526 0.0724185387159595 0.0765673118675382 0.0798758721480335 0.063711222409139 0.0586529501973584 0.0634679627288511 0.0666062324429608 0.0688068444428657 0.0678005047341672 0.0691640603084145 0.0730595703051158 0.0814716152715148 0.0896272561864579 0.0876539857393062 0.092474756218186 0.106028898869516 0.120569981411661 0.134752790903313 0.140408205745914 0.146778792729202 0.154260335248241 0.162291897575253 0.170425157729109 0.174227459595392 0.175653249322753 0.172581355407566 0.164664511180167 0.154293171248622 0.147084949393246 0.14377836860133 0.149447251899761
-9999 -9999 -9999 -9999 -9999 -9999 -9999 -9999 -9999 -9999 -9999 -9999 -9999 -9999 -9999 -9999 -9999 0.263513924742015 0.26134681374253 0.255288891834501 0.245005033821003 0.232144518344978 0.190454265964487 0.153993970952872 0.138014594780185 0.115026050077867 0.0868632999624037 0.0940689400794549 0.0997816043059765 0.0841661754961071 0.0757252852591522 0.0736623757867673 0.0741616776821863 0.0743585812117064 0.070702831467521 0.0691803378280141 0.0699369774765205 0.0797267547496087 0.090293312333895 0.0901016930086171 0.0927155288291087 0.0989356255137707 0.108759096585391 0.119549338477936 0.127836488862615 0.136124676167833 0.144414474235758 0.152049894789423 0.159351487896168 0.164331645363361 0.169044455835679 0.173251296998585 0.16950998284423 0.161742061227477 0.150025637204312 0.142319142455925 0.144149458624311
-9999 -9999 -9999 -9999 -9999 -9999 -9999 -9999 -9999 -9999 -9999 -9999 -9999 -9999 -9999 -9999 -9999 0.265260745062827 0.265776322094596 0.264491453451589 0.25249242619615 0.233960712204701 0.179791493944365 0.137788934068437 0.137563501833597 0.126678536286158 0.107924646666701 0.113360296474226 0.117146672298203 0.104002200386332 0.0900036569838648 0.075245865933172 0.0779714545568823 0.0823308119184881 0.0790515542084788 0.0750275358014902 0.0702078281697684 0.0728149821145472 0.0787397559764994 0.0955540201714877 0.101919947252945 0.0948551020459899 0.0958630246038428 0.100289302084361 0.114871160489273 0.127047356643466 0.135486573065741 0.141323258729326 0.146109223692693 0.15138819319097 0.158085260179264 0.167466156877463 0.171539739816611 0.172924589542272 0.155304033761377 0.143107762251789 0.144404675044486
-9999 -9999 -9999 -9999 -9999 -9999 -9999 -9999 -9999 -9999 -9999 -9999 -9999 -9999 -9999 -9999 0.294809989580536 0.284173251253311 0.275098120394457 0.269979839758112 0.254232596083467 0.232004611515432 0.182654515439149 0.142970750148585 0.136256142843329 0.133543206736872 0.133784325550186 0.124833486729521 0.115382811616714 0.108162348078067 0.0995526704138904 0.0897080170254276 0.0893698982664118 0.0903948231700636 0.0896607858017938 0.0876060085824747 0.0841401761444546 0.0789754089327976 0.0752287702244399 0.0850283827519289 0.0933008137637946 0.0996101355309512 0.0977823608053393 0.0943922181393965 0.104467610240365 0.114912508239663 0.125931400386504 0.13340520191467 0.139405551751057 0.144595831596351 0.150124253351046 0.156292627795174 0.160193487163287 0.162945602859222 0.156833607061928 0.15341784305667 0.156683815529247
-9999 -9999 -9999 -9999 -9999 -9999 -9999 -9999 -9999 -9999 -9999 -9999 -9999 -9999 -9999 0.299097374888966 0.296372390695812 0.290368104500359 0.283556447937627 0.275002754293631 0.255559721081733 0.229477188985004 0.184995589514684 0.147475410212562 0.133487050640846 0.136052453686456 0.150837932163326 0.131355438783906 0.112193411920983 0.109494288893879 0.104553380174388 0.0976195814761194 0.0961090300945259 0.0959583924351762 0.09774181816981 0.0977036101653123 0.0957192007252167 0.0855330707352586 0.0748954617855948 0.075895502930368 0.0836331137674896 0.100031506060261 0.0988064633485541 0.0926582351478225 0.0962993162746009 0.103485020009172 0.116176975853186 0.125137493552955 0.132516386653868 0.137963794826006 0.142566005181561 0.145568630863384 0.148373371387603 0.151077861498929 0.155991532555337 0.161056495822454 0.166379004468097
-9999 -9999 -9999 -9999 -9999 -9999 -9999 -9999 -9999 -9999 -9999 -9999 -9999 -9999 -9999 0.301976896831572 0.303568115040962 0.294753379889218 0.286517719315155 0.279972881692309 0.257963332726944 0.226524567869042 0.179170873517467 0.139626883681321 0.125599748276534 0.124336172544763 0.132494724312416 0.122794337796573 0.112395570687299 0.107347533801473 0.094574635164056 0.0749345325720028 0.0818055682476006 0.0920534875532347 0.0952559297646761 0.0953640156115668 0.0921661455631682 0.0875980245603953 0.0828562273409481 0.0793349707887756 0.0781799411143467 0.0800665681200551 0.0896665670895748 0.100495246928352 0.0953837981219219 0.0961253001955159 0.105958834537577 0.114264621972223 0.121931666633939 0.129117472292175 0.135152217792537 0.139008516838169 0.140896302058965 0.141786820349193 0.147926454970177 0.154260988856089 0.160823075081083
-9999 -9999 -9999 -9999 -9999 -9999 -9999 -9999 -9999 -9999 -9999 -9999 -9999 -9999 -9999 0.314655503242658 0.312671186893449 0.302767100250557 0.29282595018195 0.283073612058834 0.25704061562303 0.221080900304287 0.177851011528723 0.140287457691037 0.120439113490484 0.11629571291714 0.123745785091028 0.124302824883335 0.121037561969116 0.106581328185395 0.0924034455179225 0.078473009853096 0.0836451284469129 0.091396245155298 0.0948061817367319 0.0951307630974326 0.0921590052265253 0.0898025495985417 0.087282210494296 0.0824320450371459 0.0766915950451917 0.069806732432461 0.079683718620693 0.0938203304484827 0.0933240092105203 0.095216249464301 0.100818904960462 0.1068780551427 0.113158266099808 0.120642908893523 0.126968535216045 0.131100657310857 0.133176814900036 0.134211402251801 0.140036623450163 0.146234005678825 0.153092835985832
-9999 -9999 -9999 -9999 -9999 -9999 -9999 -9999 -9999 -9999 -9999 -9999 -9999 -9999 -9999 0.318880765832291 0.323229823183386 0.314028659697609 0.30213006108275 0.284501035872886 0.253140485162905 0.213407484711912 0.180563466699291 0.148564569785467 0.117719132373319 0.111545499352512 0.123584723290998 0.134824650183058 0.137234089182612 0.107050859250728 0.0972208373903299 0.105484295446159 0.0999343877214373 0.0936460015496141 0.0961789930561644 0.0967829077867883 0.0953258308317421 0.0921320055214864 0.0885441923931677 0.0852226410674886 0.078752184910085 0.0682339818917951 0.0689463394491342 0.074155715028524 0.0902399778693711 0.100081224613004 0.10022450788967 0.10261209698206 0.106006186618444 0.112501108940056 0.118095715639894 0.121986424102117 0.125240338339239 0.128171646855101 0.13230365555198 0.137104722039182 0.143416361489901
-9999 -9999 -9999 -9999 -9999 -9999 -9999 -9999 -9999 -9999 -9999 -9999 -9999 -9999 -9999 0.332531571907899 0.332556833556935 0.321580335964878 0.308509110863508 0.291004427228279 0.261965411147962 0.225893628118932 0.189505092634863 0.155353500084511 0.127718733403474 0.119264327479404 0.124968965675224 0.132687745722262 0.13664390783625 0.125663448849812 0.117554691153418 0.111998802244799 0.10651864733317 0.101808645981214 0.100914820398425 0.0994890839369878 0.0974950632516714 0.0943090675369074 0.0909287618372464 0.0882917457169399 0.0834649349808178 0.0758232616953888 0.0711557496191142 0.0685721243868265 0.0801070553429413 0.0884591920014688 0.0918671442561397 0.0930163131196314 0.0934927581576798 0.10279766285147 0.11032080605478 0.114471864857845 0.118583446800611 0.122675029408446 0.126297423355931 0.130445868362659 0.13584330347574
-9999 -9999 -9999 -9999 -9999 -9999 -9999 -9999 -9999 -9999 -9999 -9999 -9999 -9999 -9999 -9999 0.340091453243291 0.330170204509648 0.318135863745773 0.3015884782706 0.275069602057396 0.2424708620267 0.199552771130473 0.161455031667236 0.13919960973253 0.12801681753984 0.125007899396076 0.128896955361657 0.134648012330091 0.144273459224001 0.137412984471127 0.115896948237775 0.111844650626427 0.110400204984373 0.106248651649345 0.10278214869007 0.100047541498922 0.0969084432750437 0.093770288733863 0.091377051936685 0.0880983256136029 0.08368135039436 0.0750438325584084 0.0661038224211266 0.0705401584739977 0.0760504133855346 0.0832289045623079 0.0839073055739191 0.0822940154010193 0.0935917612830205 0.102652191405486 0.107478374906579 0.112478887631582 0.117567717120146 0.121292023169685 0.125254197055199 0.129831112647502
-9999 -9999 -9999 -9999 -9999 -9999 -9999 -9999 -9999 -9999 -9999 -9999 -9999 -9999 -9999 -9999 -9999 0.34751993663136 0.347076471393249 0.328284811878148 0.298172440643307 0.261157552284261 0.209444908702582 0.165432396185251 0.146393154960118 0.130429209272689 0.11673546307482 0.128455158835115 0.141115461140276 0.145963135659153 0.140382807282717 0.125532251810384 0.119787851951858 0.1156723941985 0.111502933634635 0.10809058877436 0.105487133010498 0.101806851792858 0.0978996653740994 0.0942855729757012 0.0898548819897298 0.0843744976830354 0.0754410866129178 0.0664254143271318 0.0704330314571896 0.0749871506643037 0.080390211648178 0.0822513286203854 0.0828063293740207 0.0883823976503039 0.094503370590877 0.10165560642937 0.10800301459463 0.113942689772095 0.119789385890879 0.125254197055199 0.129831112647502
-9999 -9999 -9999 -9999 -9999 -9999 -9999 -9999 -9999 -9999 -9999 -9999 -9999 -9999 -9999 -9999 -9999 0.375821220243345 0.367612279741972 0.346528395865115 0.315317600028532 0.27793217622263 0.221441963991565 0.173254122146563 0.152600968894978 0.134548630823775 0.118416228323822 0.136464641130169 0.154716482590838 0.158499035252848 0.158201812759234 0.154277774798409 0.138220019821928 0.122500622464287 0.119508986628493 0.116254578738151 0.112719429808154 0.108197280262933 0.103321619421526 0.0976425279605047 0.0919980337339962 0.0863980123813525 0.0787421198340837 0.0710881787872216 0.0718290522745751 0.0736411064858184 0.0771171435164295 0.0791745162318839 0.0807040903203852 0.0840812464303699 0.0893584367889374 0.0982315494321728 0.104643918029235 0.109809651407954 0.110742452350211 -9999 -9999
-9999 -9999 -9999 -9999 -9999 -9999 -9999 -9999 -9999 -9999 -9999 -9999 -9999 -9999 -9999 -9999 -9999 0.382970028541469 0.379106750410681 0.355679060327447 0.326053874736337 0.292649923292927 0.235703353167702 0.185211362679655 0.157748397071353 0.140504364280467 0.130804001937355 0.153565460759752 0.175991338574977 0.182702597885649 0.191994605351132 0.20358083173011 0.167935537249018 0.131002736567112 0.130475216305003 0.127490383959509 0.121880202620055 0.116192726977253 0.110134044365466 0.101481879084338 0.0945570596882985 0.0898526500085467 0.0851668502502347 0.0804208949729294 0.0748420619894754 0.0719908643659185 0.0733768027131131 0.0745692612835252 0.0757892847846886 0.0807570911882416 0.0874448897065089 0.0973878705876033 0.102486177121902 0.105130127758635 0.108775233418783 0.111340565522164 -9999
-9999 -9999 -9999 -9999 -9999 -9999 -9999 -9999 -9999 -9999 -9999 -9999 -9999 -9999 -9999 -9999 -9999 0.420109276595517 0.410362496538556 0.380383709267235 0.348254569855069 0.314814307711159 0.260080783065658 0.212106968313233 0.187623054078476 0.175128123858821 0.171483525276479 0.186706544622807 0.20187920874103 0.208458030968311 0.218638289547461 0.232020132666663 0.210845837454791 0.183675951396114 0.15764893359473 0.140175412195112 0.131840295854041 0.127640280656063 0.123795606305252 0.11502434690154 0.10753265579432 0.10168578053013 0.0965447653428789 0.0915750421543064 0.0858873459760279 0.0820029101268192 0.0809196768566898 0.0797502599659744 0.0786823076412453 0.082415727672732 0.0873394674314417 0.0945159546004642 0.0989870911177275 0.102087672495093 0.107512128380758 0.111340565522164 -9999
-9999 -9999 -9999 -9999 -9999 -9999 -9999 -9999 -9999 -9999 -9999 -9999 -9999 -9999 -9999 -9999 -9999 0.462592593918003 0.445332132748827 0.410109568992005 0.373958536882983 0.33724139472196 0.284704326065499 0.240163486987227 0.221660230988137 0.214522654721084 0.215775283561096 0.221428837464687 0.227343987302182 0.232274505012843 0.240357724266189 0.251243614324261 0.250615599889999 0.239460212739079 0.185658502932541 0.152551689119852 0.141554938064331 0.139339213613943 0.138319124402247 0.130086317612523 0.122288410665099 0.115049543944527 0.108776471491567 0.102921750845599 0.0984002260665569 0.0943278295508149 0.0909531133584358 0.0872039429363144 0.0834517639366541 0.0849738264967795 0.0872011772842615 0.0907633259343387 0.0949788856076639 0.0995254692226715 0.0987746081578192 -9999 -9999
-9999 -9999 -9999 -9999 -9999 -9999 -9999 -9999 -9999 -9999 -9999 -9999 -9999 -9999 -9999 -9999 -9999 0.475458942231002 0.471068223254362 0.448278080178763 0.404404751661762 0.347676485032674 0.29220769855569 0.248910254056708 0.240514297211335 0.235901490936217 0.234081426492972 0.237923036886565 0.240993241011834 0.23866272890587 0.238605144903808 0.240568135685562 0.242134226662209 0.235739140893733 0.189545178390963 0.159899344102131 0.147933238835981 0.146449335415476 0.14645798388171 0.138337477673481 0.130847770931335 0.124168922787698 0.118116448891517 0.112296008700776 0.106845700465564 0.10211022430532 0.0984851754193473 0.0933308915712813 0.0876359788922538 0.084926689034076 0.0834273346734628 0.0842178516780361 0.0896727545404677 0.0974906775192735 0.0979523541054946 -9999 -9999
-9999 -9999 -9999 -9999 -9999 -9999 -9999 -9999 -9999 -9999 -9999 -9999 -9999 -9999 -9999 -9999 -9999 0.520028677509964 0.49837548687012 0.483309846568935 0.440638665969295 0.381135706648471 0.317812825310369 0.267298548970986 0.254473825491395 0.252599268195204 0.258808181698933 0.26022673817865 0.258726428514921 0.248469307498225 0.242981103852708 0.241732345427548 0.244209372925277 0.240050769330964 0.199035274810084 0.172266868389453 0.160719800220391 0.157503135342455 0.155682251100288 0.148945154140141 0.142117428199605 0.135173203606208 0.128023417464405 0.120878274369623 0.114628489265662 0.109455026840158 0.105953534797528 0.0992382233033394 0.0912719427709176 0.0855490796091529 0.0817926913268631 0.0817579679812012 0.0876957266017341 0.096659198673272 0.0969873999899572 -9999 -9999
-9999 -9999 -9999 -9999 -9999 -9999 -9999 -9999 -9999 -9999 -9999 -9999 -9999 -9999 -9999 -9999 0.544184649227055 0.536924836893895 0.527716518101185 0.514281328358212 0.484364330098741 0.444397966716351 0.366849336782507 0.298167089992612 0.262097735693551 0.263237760167034 0.291845945557291 0.290050410814325 0.281745966858729 0.262700693923587 0.255290003268545 0.258222157833742 0.259949154441566 0.254760135351582 0.215778586047261 0.191132242951351 0.18180138194335 0.173661735500889 0.166311498517965 0.162603167148126 0.156895364876891 0.148617350898077 0.138664314258304 0.128435364614033 0.121553480473999 0.116233398547434 0.113339435755116 0.104861277165566 0.0941982360995481 0.0870381248080382 0.0829270835231381 0.0845865796864231 0.0900279769256124 0.097385319498836 0.0972774937540606 -9999 -9999
-9999 -9999 -9999 -9999 -9999 -9999 -9999 -9999 -9999 -9999 -9999 -9999 -9999 -9999 -9999 0.578629895340402 0.576417500762213 0.570450420228917 0.562255002858024 0.549068349790455 0.512111165896944 0.460660503135723 0.39792633396977 0.338569717008806 0.291070315786926 0.283832535840005 0.306316098426402 0.307516040658664 0.30237767628622 0.283071831890237 0.27780026231835 0.285004803086257 0.286671664030119 0.284469684818936 0.26778154628313 0.24188418618673 0.206147855809448 0.186483451764805 0.172196679073368 0.16820217033645 0.162074557380413 0.153204954314071 0.144125865031968 0.134922516725476 0.125008160722519 0.117901785749882 0.115157356513719 0.110789265748344 0.105561876643564 0.093485998159673 0.0870848702675352 0.0914235288440037 0.0947799837081185 0.0976388452766962 -9999 -9999 -9999
