layers/veg/veg_5600.asc
NCOLS 255 
NROWS 330 
XLLCORNER -2985163.8955 
YLLCORNER -3022031.214 
CELLSIZE 25000 
NODATA_value -9999 
[rows 200 to 224 of 330, columns 114 to 170 of 255]
0.296002840874855 0.287859590980848 0.281567667665987 0.271682526185087 0.259976588174223 0.253280722333471 0.244774751830051 0.231822030487368 0.221290789993881 0.21225778078774 0.197557962936132 0.183360528158344 0.171782886475929 0.15937419170661 0.146343283616818 0.147322667594049 0.146345769511846 0.131310384590669 0.118197570035071 0.106817723088586 0.0983037971665138 0.0899673433187527 0.0798077944541968 0.0798338990864454 0.0908937803255487 0.112360662940808 0.136393426294495 0.15991004447884 0.182536414155739 0.204002227768622 0.226955397695081 0.249901545917598 0.266257324304084 0.281117102654285 0.293618988531253 0.291486499122729 0.282498869900481 0.242628170070402 0.205743069605976 0.174595541621388 0.161115792429193 0.156725949635159 0.156601428037255 -9999 -9999 -9999 -9999 -9999 -9999 -9999 -9999 -9999 -9999 -9999 -9999 -9999 -9999
0.298943835409381 0.291641323809012 0.285508960982072 0.275399780158449 0.26327542071943 0.251390373626436 0.240609863788522 0.232399353766969 0.222968880974989 0.212783586441321 0.200828621956469 0.188470363306449 0.175283449190316 0.162153090238403 0.149065074401599 0.142059466476742 0.134518971531173 0.122073004400942 0.111288395516945 0.102001302707992 0.0959636443652701 0.0905384423992456 0.0851736210306832 0.0853359833437218 0.0914857582490865 0.108757964071439 0.128525045242311 0.145856448678983 0.163919263975372 0.18293557086651 0.205495063265524 0.228483989650237 0.241687098536851 0.252892365561527 0.260948771506845 0.259086860882 0.252709143357316 0.230643336389432 0.206359866926445 0.177814606866951 0.165974592615104 0.162729270572961 -9999 -9999 -9999 -9999 -9999 -9999 -9999 -9999 -9999 -9999 -9999 -9999 -9999 -9999 -9999
0.307752141966427 0.30224699621843 0.295050915477306 0.284698114700085 0.27274570470845 0.259958604002123 0.246063535121853 0.229616356996243 0.220156847981373 0.215020786121089 0.203437066272996 0.190970235518638 0.177207708989429 0.163457717586953 0.149717111292299 0.136117041397838 0.123893494155834 0.116848044221386 0.106957703550306 0.0945030335905205 0.092493300863063 0.0925096545919606 0.0930171201295316 0.0932215857287223 0.0930978216632156 0.104335771165732 0.118460546193222 0.132673387633683 0.149413208186642 0.169447278500343 0.184594046239199 0.1978783505873 0.207825505166065 0.215900549471214 0.221024902188018 0.222548752468367 0.222481254838251 0.218649852693935 0.206359866926445 0.177814606866951 0.165974592615104 0.162729270572961 -9999 -9999 -9999 -9999 -9999 -9999 -9999 -9999 -9999 -9999 -9999 -9999 -9999 -9999 -9999
0.313271239159769 0.308719306913073 0.300235615864432 0.290005672290322 0.278890847700952 0.26550865080053 0.250242297449813 0.230672847160857 0.220020377500784 0.214885068701717 0.201459814298549 0.18856158980682 0.178884666778711 0.167020428256322 0.153518536426263 0.138078048375719 0.124706190137295 0.120129492415283 0.109058010765217 0.0921322569506456 0.0930939747727669 0.0970356401443698 0.0992843477982396 0.0993274052251229 0.0969811557818029 0.104530957268464 0.114615333744815 0.12492987103994 0.139059930404108 0.15816402481308 0.169278654437776 0.177808259974735 0.186974645866994 0.194235476903977 0.198492903300846 0.200657528207173 0.201868843176711 0.199751472815575 -9999 -9999 -9999 -9999 -9999 -9999 -9999 -9999 -9999 -9999 -9999 -9999 -9999 -9999 -9999 -9999 -9999 -9999 -9999
0.315283900197619 0.310785279379348 0.300775299272121 0.291058893034356 0.281491249899221 0.267841186383004 0.253061952911329 0.235822392622336 0.222736169705407 0.212219721395534 0.194594016325722 0.180920256596137 0.180297990176648 0.17299035115292 0.160677342493688 0.148464447857395 0.137712462196223 0.132479131343152 0.118014034826537 0.0952276039357493 0.0980345252498524 0.104285122041026 0.103871203522704 0.103535900963914 0.103285760435765 0.109648464485034 0.117400143586452 0.122985138660058 0.133133689436964 0.149231435523553 0.159917775126718 0.168969509152195 0.179993778810416 0.188909360509086 0.194501373125115 0.194380501304198 0.192035926747193 0.19585007815474 -9999 -9999 -9999 -9999 -9999 -9999 -9999 -9999 -9999 -9999 -9999 -9999 -9999 -9999 -9999 -9999 -9999 -9999 -9999
0.316763976368833 0.310798476940481 0.301661249447556 0.291838433936284 0.281668209437549 0.269001609654004 0.255041006166475 0.238165980993046 0.22473985217945 0.213447642547925 0.197106283805214 0.183616680913705 0.179528815343207 0.172613961175212 0.16358252746506 0.152996914925245 0.142489140841788 0.133010657641661 0.121106698556045 0.107016462587413 0.106349300072828 0.10781448026493 0.107471924946872 0.107705997639364 0.108564712104293 0.111516636366441 0.115605202285557 0.124315778474543 0.132229904873203 0.139105754177188 0.147274852106638 0.155978553419787 0.166118958662935 0.175259439180866 0.182823907047588 0.187112999712241 0.189788685857094 0.18236606454873 -9999 -9999 -9999 -9999 -9999 -9999 -9999 -9999 -9999 -9999 -9999 -9999 -9999 -9999 -9999 -9999 -9999 -9999 -9999
0.318141511920627 0.311245402864616 0.302848461933122 0.292625168247481 0.281476404244266 0.269920433595441 0.256870459293877 0.240347921685212 0.226965875855169 0.215526931512776 0.201643188434234 0.18864633839011 0.178749797950286 0.17106679055442 0.165041065667893 0.155665830023806 0.145094036018685 0.131542694949525 0.123233778212279 0.119650281008746 0.114755506043178 0.110587904151456 0.111436397314675 0.112615433330802 0.114152535326605 0.113522452494301 0.113866148672896 0.125802300270422 0.131742223965296 0.129865275634606 0.135284981202053 0.143169743716869 0.151854026074166 0.160971816808425 0.170772873661887 0.170754721481571 0.166905681371661 0.17328680183321 0.177483915199679 -9999 -9999 -9999 -9999 -9999 -9999 -9999 -9999 -9999 -9999 -9999 -9999 -9999 -9999 -9999 -9999 -9999 -9999
0.319730899981641 0.318583776722482 0.305617125721449 0.293959633604428 0.282965533422722 0.271188776140211 0.259124018866038 0.246420492560767 0.232109314923813 0.216803442852224 0.204054888074016 0.192076460340573 0.181846218723943 0.172418542020756 0.163591749409762 0.155266205464359 0.146668510425471 0.136797638446598 0.128889998601625 0.12275197809446 0.117728663448001 0.11455030248309 0.11985022461102 0.123012461843261 0.123859016767806 0.122414171529955 0.120820230767227 0.122506889772742 0.125219589680333 0.129269868905242 0.134017266059824 0.13920601649388 0.14719956728062 0.157066478648786 0.16988605225456 0.170754721481571 0.166905681371661 0.17328680183321 -9999 -9999 -9999 -9999 -9999 -9999 -9999 -9999 -9999 -9999 -9999 -9999 -9999 -9999 -9999 -9999 -9999 -9999 -9999
0.317583935619881 0.318353765769982 0.309427722407365 0.298933116042068 0.287643669525037 0.274387277448535 0.26181316566547 0.250918577555049 0.236064751085747 0.218761243965321 0.207214017115676 0.195995284541521 0.184581267472761 0.174441200143576 0.16525494492347 0.157026629927057 0.149158000621056 0.14220808934056 0.134685444017477 0.126646547345569 0.122852613992807 0.121022218512155 0.12528953318742 0.128113959550968 0.129375353429156 0.126738601873109 0.123566231264032 0.123827446512706 0.126046820907751 0.130818913395134 0.134549548689632 0.138206545502627 0.145436930896201 0.149992910400837 0.150333675090668 -9999 0.166751044533068 -9999 -9999 -9999 -9999 -9999 -9999 -9999 -9999 -9999 -9999 -9999 -9999 -9999 -9999 -9999 -9999 -9999 -9999 -9999 -9999
0.310644766134585 0.308416626484499 0.314574690935448 0.308573962348394 0.296411991346009 0.280061379468281 0.265060991921785 0.253397244022005 0.238496467594894 0.221592859958404 0.21133179100768 0.200540912952475 0.186852824379005 0.177324355872838 0.170910214302899 0.161557509855336 0.152821080150577 0.147817992336411 0.140659457943429 0.131558045843008 0.130735148509046 0.130712814742245 0.126913756290919 0.12642346684051 0.129517455807904 0.125205077238716 0.12091499191028 0.131068392804648 0.136300909984831 0.135118407777665 0.137390488953805 0.141008997428123 0.147383314592678 0.151087209330242 0.150582167712034 -9999 -9999 -9999 -9999 -9999 -9999 -9999 -9999 -9999 -9999 -9999 -9999 -9999 -9999 -9999 -9999 -9999 -9999 -9999 -9999 -9999 -9999
0.314310877592305 0.310568625086221 0.311542732425352 0.307848030575737 0.301787496433979 0.287902126760139 0.2744734635357 0.262452225974654 0.246931455550352 0.229245435861917 0.216706632031141 0.204068047194454 0.190098005322897 0.180028636758737 0.172879720484474 0.164719057786622 0.15691294689321 0.150934628586938 0.142648226855341 0.132281363525649 0.13165295119135 0.132113561087042 0.128893320185249 0.127278271017436 0.127402072185485 0.126294831930789 0.126005422257018 0.134316687539081 0.139284654838361 0.139894193322221 0.141978412708824 0.144554868077794 0.147213894767357 0.148768492607024 0.148582365574212 -9999 -9999 -9999 -9999 -9999 -9999 -9999 -9999 -9999 -9999 -9999 -9999 -9999 -9999 -9999 -9999 -9999 -9999 -9999 -9999 -9999 -9999
0.321148279657423 0.316408963607554 0.306576915798601 0.304120787180744 0.305402268540307 0.295826472444929 0.285322403982159 0.273122129149369 0.257033506631405 0.238539065310477 0.222664523310618 0.207503436636206 0.193911314606838 0.182950852485674 0.173960726406386 0.167469769628452 0.160992980803739 0.153391904563137 0.143777427831382 0.132348110978396 0.130783809104506 0.130933048167825 0.130511196906601 0.128419841293677 0.124519967644418 0.127739603021046 0.132557935267159 0.13583026435843 0.139681122923748 0.144286170778574 0.146749849270353 0.148261052319431 0.146501624093956 0.145425168910062 -9999 -9999 -9999 -9999 -9999 -9999 -9999 -9999 -9999 -9999 -9999 -9999 -9999 -9999 -9999 -9999 -9999 -9999 -9999 -9999 -9999 -9999 -9999
0.324873840660333 0.319617657844866 0.310402105286941 0.304667220975672 0.300696100614324 0.296069580784674 0.289281610320489 0.277472590560972 0.263774764963967 0.248908287546988 0.230839943733539 0.213894784899251 0.200897260768554 0.1893144251632 0.178790773451944 0.170605225860335 0.163198563608552 0.157657014359098 0.150222908878556 0.141082889947134 0.13565044180081 0.13090707182206 0.126182268866688 0.122892015068862 0.121155760230541 0.12305308668156 0.126189892161464 0.131763228122189 0.137051480468342 0.141968088812987 0.146777497786534 0.150975115701711 0.147531838378373 -9999 -9999 -9999 -9999 -9999 -9999 -9999 -9999 -9999 -9999 -9999 -9999 -9999 -9999 -9999 -9999 -9999 -9999 -9999 -9999 -9999 -9999 -9999 -9999
0.326690328659798 0.321826221337214 0.313575662796735 0.3063130992046 0.299551183691831 0.29597365918292 0.290897761330126 0.282182815592156 0.270613147030749 0.257277189443271 0.236706576726832 0.218338150261241 0.207902691560165 0.196242073274129 0.183664172295229 0.174451073426112 0.166481405509307 0.16166265324107 0.155324108049142 0.147615651016029 0.139665878054036 0.131767484677476 0.124365707847493 0.119909299540658 0.118643510109625 0.119684140538194 0.121761050483397 0.127284760199554 0.132826251734207 0.138390924208915 0.145319465648251 0.152143722731028 0.151627847495031 -9999 -9999 -9999 -9999 -9999 -9999 -9999 -9999 -9999 -9999 -9999 -9999 -9999 -9999 -9999 -9999 -9999 -9999 -9999 -9999 -9999 -9999 -9999 -9999
0.325548050231078 0.322484737625156 0.315739292022917 0.309662945419618 0.303925652299625 0.295352293867254 0.288882540761296 0.287450618315646 0.277602055789635 0.262545905721926 0.238994948058951 0.219762444901511 0.214938320499621 0.204043950632609 0.188604759686825 0.179397917143326 0.171433831570431 0.165266152535913 0.158341879252701 0.150735626599732 0.142362092121926 0.134001663023278 0.12644292521329 0.120871110005732 0.117451661373104 0.118357223408924 0.120337669608141 0.122168637111822 0.126128112269963 0.132862377214361 0.14155885941484 0.150291030724119 0.15092459576458 -9999 -9999 -9999 -9999 -9999 -9999 -9999 -9999 -9999 -9999 -9999 -9999 -9999 -9999 -9999 -9999 -9999 -9999 -9999 -9999 -9999 -9999 -9999 -9999
0.323160942636819 0.320102864806397 0.31502568973853 0.309250102637336 0.303120608217408 0.294826247863176 0.290034811249121 0.293521078825065 0.285257770569859 0.269724703345001 0.259182576604964 0.246724015116041 0.227625046420585 0.211201003731883 0.196779690614744 0.184374526932733 0.173634097628761 0.168285529474075 0.161729211436804 0.15408425109863 0.14578158986778 0.137505449815111 0.129995592394785 0.123965323107781 0.119537841991249 0.117737630450174 0.116894879418268 0.118280333818289 0.122389312060243 0.130048761978155 0.139879652769948 0.149686322345017 -9999 -9999 -9999 -9999 -9999 -9999 -9999 -9999 -9999 -9999 -9999 -9999 -9999 -9999 -9999 -9999 -9999 -9999 -9999 -9999 -9999 -9999 -9999 -9999 -9999
0.320352779899718 0.316607010820428 0.313176325030259 0.307372893377788 0.300367116854248 0.29438801046013 0.292342784837803 0.299443193573505 0.292824120756893 0.277716458606741 0.262870408351553 0.247763522631362 0.231837087649068 0.218161529180758 0.206171212451888 0.189484799726702 0.175008501542374 0.171166459012415 0.165288378967693 0.157575054228057 0.149534166096488 0.141556081287684 0.134216205724076 0.128010963080209 0.123034830200496 0.117562220925711 0.112868268318697 0.115060992250025 0.119963271880993 0.128397813876583 0.130488530588662 -9999 -9999 -9999 -9999 -9999 -9999 -9999 -9999 -9999 -9999 -9999 -9999 -9999 -9999 -9999 -9999 -9999 -9999 -9999 -9999 -9999 -9999 -9999 -9999 -9999 -9999
0.320534829172917 0.317468775692835 0.312643666974265 0.307937691634919 0.303292084921544 0.29563325387857 0.289944136881834 0.288987763087437 0.287950670732065 0.286863635766756 0.271943366463623 0.256498153141066 0.242299734273972 0.227413697547734 0.21201283812473 0.198777294341294 0.186608930539695 0.177485504546998 0.16957168595199 0.162748183985943 0.154592894581346 0.146597775121352 0.14070509573837 0.134855547213606 0.129052720900094 0.122740951083519 0.117107686960632 0.117622426950036 0.121159129120581 0.128635356609309 -9999 -9999 -9999 -9999 -9999 -9999 -9999 -9999 -9999 -9999 -9999 -9999 -9999 -9999 -9999 -9999 -9999 -9999 -9999 -9999 -9999 -9999 -9999 -9999 -9999 -9999 -9999
0.319887430916736 0.317201570003803 0.312741629223993 0.308868050232094 0.305291599179384 0.297058802109298 0.289346586887072 0.283053156588939 0.283911167355284 0.289193955115415 0.276176016568807 0.26277224771702 0.251925266180832 0.237645808878655 0.220796440968535 0.208461660254828 0.196727953711122 0.185155794218024 0.176002750125001 0.169030249696907 0.16068874061279 0.152590074579321 0.147057142182224 0.14142513706419 0.135685809792405 0.129518009917175 0.123625025230281 0.120650656107318 0.118967452270973 -9999 -9999 -9999 -9999 -9999 -9999 -9999 -9999 -9999 -9999 -9999 -9999 -9999 -9999 -9999 -9999 -9999 -9999 -9999 -9999 -9999 -9999 -9999 -9999 -9999 -9999 -9999 -9999
0.317674050665709 0.314802888230633 0.314030191251723 0.310488580166524 0.305543873314931 0.298824762577839 0.29214947740035 0.285653784346528 0.281446140228346 0.278654169706547 0.271270252344217 0.264400894771055 0.259970340578753 0.249728034874043 0.235134443718038 0.218885872122084 0.204050109367443 0.195377208479038 0.186488741183306 0.177405966512301 0.168742645890861 0.160377100332954 0.153150830430013 0.147475542662228 0.143480381791152 0.139312684500548 0.134443034725472 0.124560184791679 -9999 -9999 -9999 -9999 -9999 -9999 -9999 -9999 -9999 -9999 -9999 -9999 -9999 -9999 -9999 -9999 -9999 -9999 -9999 -9999 -9999 -9999 -9999 -9999 -9999 -9999 -9999 -9999 -9999
0.308482125042605 0.313241280316604 0.31254898554423 0.309817384624862 0.306052403213577 0.299413353160512 0.293262510714324 0.288377270975794 0.282786013150257 0.276757924123789 0.271568002221633 0.266826551188507 0.263234435139366 0.253784161288254 0.239947857380511 0.222385386294246 0.207529432632569 0.204741673483118 0.197574135114838 0.186458748773246 0.178716356504454 0.171478643970679 0.163625569229917 0.157995822083313 0.154774531105524 0.147181111568264 0.139491047394513 -9999 -9999 -9999 -9999 -9999 -9999 -9999 -9999 -9999 -9999 -9999 -9999 -9999 -9999 -9999 -9999 -9999 -9999 -9999 -9999 -9999 -9999 -9999 -9999 -9999 -9999 -9999 -9999 -9999 -9999
0.295763472404695 0.312102701964613 0.309668030436864 0.307988026498286 0.306690436335923 0.299406939775808 0.293521545849853 0.291162846432838 0.28604875725455 0.279229838921597 0.272642095851847 0.266826551188507 0.263234435139366 0.253784161288254 0.239947857380511 0.222385386294246 0.209066714958672 0.213673064553647 0.208962447519069 0.195853697613369 0.189660273511925 0.184255235793896 0.176314346702866 0.17077502853346 0.167837251547742 0.154076076576414 -9999 -9999 -9999 -9999 -9999 -9999 -9999 -9999 -9999 -9999 -9999 -9999 -9999 -9999 -9999 -9999 -9999 -9999 -9999 -9999 -9999 -9999 -9999 -9999 -9999 -9999 -9999 -9999 -9999 -9999 -9999
0.273304922188459 0.28652629729296 0.303249155079546 0.307034026760681 0.30426281441993 0.300070854206095 0.295661826264025 0.290807505124429 0.286285411592004 0.281968875661139 0.275607356617193 0.269613718211071 0.26511399610906 0.263187448425796 -9999 -9999 -9999 -9999 0.209163826277441 0.196019827858593 0.189853794056538 0.184481163403384 0.176538721497135 0.171001002377219 0.168068238750256 -9999 -9999 -9999 -9999 -9999 -9999 -9999 -9999 -9999 -9999 -9999 -9999 -9999 -9999 -9999 -9999 -9999 -9999 -9999 -9999 -9999 -9999 -9999 -9999 -9999 -9999 -9999 -9999 -9999 -9999 -9999 -9999
0.256089526890286 0.26511821063815 0.290128920988691 0.299964518298814 0.302110409087094 0.299447333244182 0.295679671078265 0.2895407274002 0.285891324221824 0.283782262553475 0.278282372168085 0.272520959506491 0.266674629352596 0.26283232036553 0.260490431368668 -9999 -9999 -9999 -9999 -9999 -9999 -9999 -9999 -9999 -9999 -9999 -9999 -9999 -9999 -9999 -9999 -9999 -9999 -9999 -9999 -9999 -9999 -9999 -9999 -9999 -9999 -9999 -9999 -9999 -9999 -9999 -9999 -9999 -9999 -9999 -9999 -9999 -9999 -9999 -9999 -9999 -9999
0.251496557162437 0.254445048939357 0.2615461518412 0.278612152372045 0.300727679590641 0.295796606665287 0.29067438863451 0.286282459315803 0.284154812973265 0.28342813562845 0.280201953623146 0.276124614985858 0.270049225165851 0.26499486320827 0.260704949571244 -9999 -9999 -9999 -9999 -9999 -9999 -9999 -9999 -9999 -9999 -9999 -9999 -9999 -9999 -9999 -9999 -9999 -9999 -9999 -9999 -9999 -9999 -9999 -9999 -9999 -9999 -9999 -9999 -9999 -9999 -9999 -9999 -9999 -9999 -9999 -9999 -9999 -9999 -9999 -9999 -9999 -9999
