layers/veg/veg_1600.asc
NCOLS 255 
NROWS 330 
XLLCORNER -2985163.8955 
YLLCORNER -3022031.214 
CELLSIZE 25000 
NODATA_value -9999 
[rows 75 to 99 of 330, columns 171 to 227 of 255]
0.807847708346627 0.807176349112516 0.804852000505845 0.800556551307707 0.792400109813314 0.783381900028048 0.776971047645505 0.771256914904616 0.766544577715028 0.75515656572118 0.741999636835777 0.743742821989809 0.744907933602257 0.74506420411575 0.741905623114006 0.737207724399117 0.745133248206204 0.750534483711948 0.750530893378044 -9999 -9999 -9999 -9999 -9999 -9999 -9999 -9999 -9999 -9999 -9999 -9999 -9999 -9999 -9999 -9999 -9999 -9999 -9999 -9999 -9999 -9999 -9999 -9999 -9999 -9999 -9999 -9999 -9999 -9999 -9999 -9999 -9999 -9999 -9999 -9999 -9999 -9999
0.796221889336967 0.797221125911513 0.795057674910979 0.789122889712324 0.780497480399136 0.771084639160521 0.761647951917656 0.753328606411222 0.746615858327799 0.732185319469829 0.716158937655499 0.726622627212655 0.733598390241538 0.734487101401176 0.730264990647393 0.723670357404799 0.738934308009785 0.746774985344869 0.738721480084968 -9999 -9999 -9999 0.73054494074879 0.73240002002101 -9999 -9999 -9999 -9999 -9999 -9999 -9999 -9999 -9999 -9999 -9999 -9999 -9999 -9999 -9999 -9999 -9999 -9999 -9999 -9999 -9999 -9999 -9999 -9999 -9999 -9999 -9999 -9999 -9999 -9999 -9999 -9999 -9999
0.786455925646907 0.785051504104317 0.782367831401462 0.778158720749341 0.764228259846754 0.74841812689152 0.742030573445415 0.736055528091712 0.730673617690921 0.713934433786208 0.69472918792674 0.712079359924655 0.723066551860438 0.722949212388459 0.722481638299465 0.72185499427313 0.733383615623934 0.740210670919162 0.736971068736925 0.73579309811071 -9999 0.730039545375992 0.730544940748789 0.73240002002101 0.733159738142298 -9999 -9999 -9999 -9999 -9999 -9999 -9999 -9999 -9999 -9999 -9999 -9999 -9999 -9999 -9999 -9999 -9999 -9999 -9999 -9999 -9999 -9999 -9999 -9999 -9999 -9999 -9999 -9999 -9999 -9999 -9999 -9999
0.77755048085574 0.774713814591582 0.768947067382571 0.759686356824899 0.744170217595348 0.728321127257862 0.727169384903535 0.722519591705694 0.712840039672664 0.697768767585702 0.68239326437661 0.702241478084233 0.714228658166196 0.712496937050721 0.714248370788754 0.717624238067282 0.728844335691129 0.73635436291735 0.735920652361582 0.727476570697092 0.714455540332145 0.719152443524663 0.723840430208639 0.726244470947454 0.728302514311918 0.730120581596358 0.739564770544653 0.748068174138579 0.750736291114811 -9999 -9999 -9999 -9999 -9999 -9999 -9999 -9999 -9999 -9999 -9999 -9999 -9999 -9999 -9999 -9999 -9999 -9999 -9999 -9999 -9999 -9999 -9999 -9999 -9999 -9999 -9999 -9999
0.769716897572673 0.766657978172839 0.754615869484209 0.731861792518977 0.71939282270048 0.711424710077352 0.718232501938354 0.713638635697179 0.692650613641609 0.684200448756378 0.681384601918322 0.6982646198059 0.707500740335386 0.703396901056445 0.705454689386474 0.710384870584594 0.725564870131522 0.735871145097747 0.735742149047147 0.727434482714393 0.714453705259658 0.710418761867435 0.708784787824804 0.712421575902005 0.719659844893443 0.729396020910054 0.739564770544653 0.748068174138579 0.750736291114811 0.751951491038971 -9999 -9999 -9999 -9999 -9999 -9999 -9999 -9999 -9999 -9999 -9999 -9999 -9999 -9999 -9999 -9999 -9999 -9999 -9999 -9999 -9999 -9999 -9999 -9999 -9999 -9999 -9999
0.758638640606164 0.737973238417887 0.70836557943504 0.668094761965247 0.680984163930615 0.705081604086679 0.686805633951364 0.668633274612355 0.650609894616832 0.6605938778546 0.680829245257097 0.696914300961671 0.707027998346032 0.706720613884099 0.710775194273355 0.7168598331458 0.719957615918916 0.722925594089246 0.725615643914042 0.721135674279999 0.712558914272706 0.702314496463802 0.695560051253033 0.698338484005927 0.706880485942545 0.719419971219195 0.731521241565701 0.742058989586866 0.747408631789424 0.746355073945335 0.739945967276229 0.741155241541352 0.742942062429964 0.741842380130393 0.734648740342549 0.721327644505728 0.755210175797053 -9999 -9999 -9999 -9999 -9999 -9999 -9999 -9999 -9999 -9999 -9999 -9999 -9999 -9999 -9999 -9999 -9999 -9999 -9999 -9999
0.746652589192253 0.704724511973975 0.656578755677126 0.601018752735511 0.642132599328013 0.700598440676411 0.652158830796185 0.619436529778274 0.609313749651327 0.638426862516593 0.68086568855643 0.696133728435807 0.707616786428877 0.712494378142954 0.718926650842548 0.726076421815007 0.71381421770821 0.707281962877908 0.713018266236067 0.71253524503668 0.708498639482085 0.694120060704975 0.683723989446817 0.6852826480583 0.693907278608112 0.707432710068646 0.720609721856702 0.732780658293503 0.741636070547615 0.74282226465639 0.737594029740955 0.736069181838906 0.73590486915254 0.739236398885528 0.734239402717735 0.720868098637881 0.754233424445423 0.791170101202949 0.78363930628597 -9999 -9999 -9999 -9999 -9999 -9999 -9999 -9999 -9999 -9999 -9999 -9999 -9999 -9999 -9999 -9999 -9999 -9999
0.73577453556921 0.692153048777149 0.65400602380022 0.622386999003396 0.645991194105219 0.680175860878314 0.659876931661673 0.649358889458966 0.652904537315411 0.667646345112061 0.68599668101445 0.692592261953153 0.698296216418025 0.702444124174281 0.709637630991351 0.718243613642462 0.709765419936687 0.704797266522187 0.707344560711039 0.699849523261551 0.686616519852959 0.682704642614134 0.681157133596591 0.684734768546056 0.693224310357129 0.705120641472046 0.705472805473358 0.707627716774313 0.719908722725446 0.720472119499061 0.711235068433239 0.673563835822387 0.649420984470838 0.707210082060242 0.729208830649482 0.715220490241457 0.742229597361677 0.774042109562345 0.777580995159619 0.779517787279432 -9999 -9999 -9999 -9999 -9999 -9999 -9999 -9999 -9999 -9999 -9999 -9999 -9999 -9999 -9999 -9999 -9999
0.71207024939782 0.673269390987812 0.647556348872805 0.637449821154293 0.648083136848534 0.663263238085322 0.663626719171768 0.668011328475913 0.678177816341916 0.682553460116146 0.684689849012821 0.685216589438569 0.687251632282387 0.691918930989076 0.699767410664336 0.709092245024509 0.703602465174307 0.700076499578671 0.700755312819788 0.689563961683969 0.671590261430761 0.674691197278897 0.678639153882856 0.682160800803513 0.690633183275114 0.7025392857655 0.697336401702364 0.694960487289062 0.70812191067039 0.707091668377273 0.694191711273735 0.630578851249103 0.588131750508387 0.678371496713318 0.712271777825007 0.689522895097599 0.720256765705482 0.757091031050402 0.755975819539515 0.759063553626403 0.767232284564153 0.782120142785745 -9999 -9999 -9999 -9999 -9999 -9999 -9999 -9999 -9999 -9999 -9999 -9999 -9999 -9999 -9999
0.669078223079742 0.644893626408991 0.635276632283515 0.643030717772911 0.647518436245423 0.651628793306438 0.661409064837116 0.66971636688892 0.675905723381394 0.675938025459139 0.673701991439602 0.672075142029915 0.673614522529993 0.680679537109366 0.689023196847147 0.697958061020756 0.694260298549422 0.691993190416736 0.692789297184274 0.682887695823289 0.666873660886865 0.671793546176214 0.676194672775705 0.676540056608654 0.685172618768445 0.699552983416838 0.699727178664423 0.701068932449444 0.711283406317709 0.707199599529915 0.691156906621203 0.616948056042601 0.564729548012719 0.654326535385005 0.677430082618449 0.633674674439088 0.683292815730653 0.740405989696394 0.710991691345377 0.714867965895903 0.75898965693854 0.782120142785745 0.797507706628659 -9999 -9999 -9999 -9999 -9999 -9999 -9999 -9999 -9999 -9999 -9999 -9999 -9999 -9999
0.642919168593658 0.612712150092478 0.599216190300238 0.605647265885271 0.617792023915666 0.631503192133589 0.644223431443037 0.653544123976143 0.65797669418088 0.659070882139064 0.65888576757533 0.658012185662929 0.660966579106091 0.670601470075398 0.676390853481843 0.68038717166333 0.676809426528569 0.674530525964355 0.675032618638053 0.670928995497611 0.664193768312352 0.66659204046532 0.668804776068005 0.669356940046424 0.675266022283461 0.684890543827311 0.689143370265181 0.692732549065645 0.69590312819938 0.691423530356135 0.680545429261118 0.604200018679006 0.548923068280178 0.636556550053258 0.671594049599739 0.653746446146013 0.682481614488657 0.714492071217118 0.700354841921013 0.711933029616716 0.75459892704227 0.764024076826907 0.765583571304756 0.787900434752911 -9999 -9999 -9999 -9999 -9999 -9999 -9999 -9999 -9999 -9999 -9999 -9999 -9999
0.624601120224572 0.582221891064436 0.55797686214149 0.5553558880411 0.578682888136556 0.607965416667436 0.62134023593315 0.630470848105881 0.633498822244093 0.637969243108456 0.642806416991415 0.644105103311575 0.649224695619918 0.661012448151547 0.66312809155976 0.660739481408824 0.656319475682279 0.653283826996385 0.653212264742548 0.656552022135956 0.661840932048564 0.660281968028318 0.659483648627286 0.661590197221785 0.663777583058346 0.666021035807283 0.673628801388394 0.678773027945152 0.673660264072729 0.669499532474755 0.666135067632726 0.591910779014474 0.537143979844294 0.621876501146354 0.676539784830134 0.700968539919516 0.694697665024937 0.685555799988172 0.702249402064113 0.723605101837626 0.750596873544194 0.739263655612985 0.722897405527894 0.771892196316057 0.799952193121982 0.797483978957518 -9999 -9999 -9999 -9999 -9999 -9999 -9999 -9999 -9999 -9999 -9999
0.639229017812161 0.638528231313118 0.630674871622217 0.614292454525969 0.596800072462088 0.582585127819651 0.603842694501654 0.611216905600154 0.59862859084295 0.611518497414214 0.633386619770069 0.644314089031813 0.651534098180782 0.652283930327257 0.65294705559912 0.653565143847198 0.640039490133848 0.629595481957944 0.625749673132159 0.63298836060497 0.646560483850039 0.648499513445868 0.650615364738653 0.654687367296036 0.65689636567705 0.65781322581524 0.663000739862569 0.666617820059254 0.663403662111617 0.650524259547984 0.629560978756341 0.582644316717795 0.553541539451477 0.624020952073614 0.663995747656324 0.673298241937354 0.673927348061069 0.673288644648003 0.677014980393351 0.690534034713827 0.715891636806119 0.727106494935848 0.73678083275257 0.773826699225875 0.796044953712734 0.796640809273989 -9999 -9999 -9999 -9999 -9999 -9999 -9999 -9999 -9999 -9999 -9999
0.656141220648665 0.666225224767893 0.665489174140829 0.651850792340811 0.610815140929967 0.568077347001376 0.587308015034684 0.591451459270672 0.573901365994544 0.592533561876344 0.623853279104277 0.63834330514034 0.646536098976214 0.643739103111951 0.644338573023169 0.646511824311743 0.62533256631677 0.609521076387019 0.605202668101197 0.615248073757335 0.633500644682464 0.635551008854033 0.637583571990736 0.641635381471926 0.643418004400522 0.643626770028155 0.649277953981918 0.654034575858826 0.653864791814513 0.638632497614628 0.610802126206815 0.577712185627177 0.560730374195038 0.620633431683748 0.647607207382371 0.641470688616126 0.641389725344256 0.643385399367091 0.649988524804286 0.664016192510824 0.687019488145926 0.71572528514659 0.74571124905319 0.771425891880784 0.784116787055432 0.777815772574239 -9999 -9999 -9999 -9999 -9999 -9999 -9999 -9999 -9999 -9999 -9999
0.677231468249224 0.641595090912441 0.631013339716777 0.650307877640447 0.617327348872191 0.573455623559385 0.572534431371923 0.570750461147644 0.567725924205605 0.58720375804563 0.614112264970244 0.621069586108498 0.628172700511 0.635530250078483 0.638606325327918 0.639679849419628 0.613502807157676 0.596056645939623 0.597304423699876 0.608158867852793 0.624502348489141 0.620469773035209 0.616936629560919 0.617336453665466 0.617873321198631 0.618505239004517 0.629894848889101 0.640668443783145 0.645638668586667 0.639696633773804 0.624627734464898 0.580707642064444 0.551076247728233 0.607127813545163 0.624186986007312 0.602039423439625 0.587329440447544 0.581225355976391 0.619684399589876 0.649484343458705 0.668816186442003 0.705763306673203 0.745582498954131 0.761095706305841 0.771697042589456 0.775135631709028 0.776081861514244 -9999 -9999 -9999 -9999 -9999 -9999 -9999 -9999 -9999 -9999
0.670928592323579 0.614160700635395 0.601975882222582 0.642953971909105 0.613821634047131 0.568775731788662 0.568465579081246 0.567126921944169 0.564309404300617 0.579663839073153 0.600905741884015 0.603700907971537 0.607452054754578 0.612871557803858 0.613342431556405 0.611504518205782 0.595785190176833 0.586761065173316 0.592072230752216 0.602861046076541 0.616779669189243 0.602583164482517 0.59411668666085 0.604538955604039 0.609655258577933 0.611091461619143 0.619465680727277 0.627922957012485 0.634277633422063 0.625480555667708 0.604010758239059 0.561495951778121 0.534165963957024 0.590942061421673 0.60692063878777 0.581877431575921 0.568746151345782 0.565768609280728 0.610844960513084 0.639086389420629 0.646975856750999 0.686389489094042 0.732168494053243 0.747030539826492 0.759183946902955 0.767387475435204 0.762652871381146 -9999 -9999 -9999 -9999 -9999 -9999 -9999 -9999 -9999 -9999
0.651225293069798 0.585354498080933 0.575598820612353 0.632757391456984 0.60541525844778 0.559175491545019 0.569633366995643 0.571857493168153 0.562242519501639 0.571042755388839 0.586003928848014 0.586285776855008 0.585578268810945 0.583144158571817 0.578523865223842 0.572888245137282 0.575187296062504 0.579504841126025 0.588144241688405 0.598439550274559 0.609681008043393 0.583324197564373 0.570233735149669 0.597367834078857 0.609913193607226 0.612340128102796 0.613416682837529 0.615481083293325 0.621383032835144 0.603789560015118 0.566544837709436 0.531420762602323 0.51370604556596 0.573445216390524 0.592664701049758 0.571141762320884 0.567517829508271 0.573158616294419 0.612505816540445 0.630710692651947 0.623356331831069 0.662411500391679 0.712255484458846 0.731138260597709 0.74662518479685 0.757160100176222 0.757197910519893 0.753419609656666 -9999 -9999 -9999 -9999 -9999 -9999 -9999 -9999 -9999
0.642819741320899 0.582714970441006 0.575746962000811 0.632141674224347 0.603808930038564 0.555360978051625 0.552269236834251 0.549455730535962 0.547042291190708 0.548031192933503 0.55002174782405 0.546482649816382 0.54199814154028 0.535863724272395 0.540086072435058 0.549130609635682 0.557604143853574 0.559298821011996 0.546479093544446 0.553370798046606 0.571525178361581 0.576754758483205 0.581425232465943 0.586251297805217 0.590258422569536 0.593697548373399 0.59915677210407 0.602279786480889 0.596730775414675 0.58052453094311 0.555404722405743 0.518940837165278 0.495289790984662 0.537970893957368 0.553183139255702 0.540775530224697 0.542019544030819 0.553756568298528 0.613217910602452 0.648465683137003 0.654441349030093 0.682495097936728 0.715107552016991 0.727100819146442 0.736085777454065 0.740683862575607 0.742022064767488 0.74165218057475 0.73077280912842 0.72945896645487 0.745086093485734 0.750103930935876 -9999 -9999 -9999 -9999 -9999
0.631349343191481 0.582680394821733 0.578531288393612 0.62746969011283 0.598875084659402 0.551267002005776 0.539191676596252 0.530962262555572 0.528262787201367 0.522846431309233 0.5164200644344 0.510075293946109 0.503881654905523 0.497951767109063 0.508438206969375 0.526565461210011 0.535438924727762 0.534918026565165 0.514282592067739 0.519079303703143 0.53840738056652 0.564879523259513 0.582808029638808 0.577009012326658 0.574559814783219 0.574433977694158 0.583710775101816 0.588658019814835 0.575587652121645 0.561816384158695 0.547458892809185 0.507670784518382 0.477691478456334 0.510597193402939 0.524214313366088 0.518436808697368 0.52553572683884 0.543155973178805 0.609800616784077 0.654381982843922 0.672290759140208 0.693844805899203 0.714939415905648 0.7201865358419 0.723956270180186 0.725571603607835 0.728817496744278 0.732287806206355 0.726942675350977 0.728962011524414 0.744024140813414 0.744287719915088 0.737552082078363 0.724545288244284 0.721675585998493 0.740896478653034 -9999
0.612709745701349 0.587887466329828 0.586619041793777 0.613437317613016 0.586287771130344 0.54640606975844 0.536206160604405 0.521913997993201 0.501737687637204 0.493111636489091 0.488679801152318 0.481846273251311 0.478582850576251 0.481549896207464 0.492163298110447 0.506331232693567 0.502885897447752 0.501446566270663 0.504302347747434 0.510019559016162 0.517371727915442 0.540756695097467 0.56127238471057 0.572080348649642 0.568242258233536 0.554245990407609 0.565789964747129 0.574107696101292 0.562624944899781 0.553405037119525 0.546077740586397 0.498705625740111 0.461886005715292 0.501889250487988 0.519514455427305 0.514638608167761 0.529924936230615 0.553008883268008 0.597109055672913 0.633022521220719 0.659038967929671 0.684481875698945 0.70742951379237 0.706513058442809 0.708198741182856 0.713678997714317 0.72028252884879 0.726898247491268 0.724259866515305 0.727346217491779 0.74057131906698 0.74187680031743 0.737544701709029 0.724545288244284 0.721675585998493 0.740896478653034 0.747950855821015
0.61805603720884 0.616625115656109 0.613597924841602 0.608667269105746 0.578158483445977 0.542135262468046 0.52530164599362 0.508649746604316 0.49225913361572 0.487769297445406 0.487335849609045 0.478960562226157 0.473354284756544 0.472580421855283 0.478946210050687 0.488634536067093 0.492658069429245 0.499978469561744 0.514357885378291 0.522072481634883 0.52597894755523 0.539394295587011 0.553319066034096 0.567391303362172 0.562039776565227 0.543216359171431 0.54534154070021 0.546363796312237 0.536415087786806 0.531587923446665 0.531044348521814 0.484806314050055 0.449093068563795 0.49416075660139 0.517703664444453 0.519603470106432 0.531791252796292 0.549401696806874 0.587012257996157 0.617894794696937 0.640643733081169 0.654069980479248 0.664632616412913 0.674266078479425 0.681734214972688 0.686044760520663 0.698671133258111 0.713862507826961 0.715826776298481 0.720316290958043 0.729278127031714 0.72398719403551 0.711955180228673 0.711437328979947 0.716789186573266 0.734830760425826 0.740610247152545
0.637757785937439 0.659445720310434 0.651883072316076 0.609440683917938 0.572697306137273 0.538217642569429 0.509657642847745 0.492862244209858 0.492982867920086 0.497025744189958 0.501789983515058 0.491242719185382 0.48013767523206 0.468059206674403 0.467559215329415 0.472456541978484 0.495791782564498 0.51766425607683 0.536404757194004 0.546761249952736 0.552327305958918 0.551653920253952 0.553494714496996 0.562845668708381 0.555906166746401 0.537667966863267 0.523380350116521 0.510723594786597 0.502276865226033 0.501747512849303 0.507840146317961 0.467953931866987 0.438103121736613 0.48701845898328 0.517621968309779 0.529812989368489 0.532147628244418 0.537738697186614 0.578468415704344 0.60649673633938 0.619170168089419 0.611060365120217 0.600716595574853 0.630902932609734 0.648861594383751 0.648989220879475 0.669233548761036 0.696250559895691 0.703952166011894 0.710046028095029 0.713292505197822 0.696833656591525 0.671054851115545 0.690484309293047 0.708978296922929 0.725134734456654 0.734131668519424
0.641738439213144 0.654332983946996 0.648583847993425 0.620960863089028 0.578444850775104 0.534236335805782 0.516156428299122 0.505876951948135 0.506813518267394 0.509710755727423 0.512653709339855 0.501449004116718 0.492047762962849 0.485793887226507 0.4900501175776 0.499192610210337 0.485547681280603 0.482669186423275 0.502843011320568 0.518128955639788 0.53062207321526 0.53217835940377 0.53431736527301 0.539407676933416 0.539020958990297 0.534835495184149 0.519725581961908 0.504427498011772 0.492244155185206 0.491797581399298 0.501167480499957 0.467607999058058 0.438879450013193 0.463099937369217 0.485079953748844 0.50480718325503 0.516823711616447 0.530758265193082 0.568137587447508 0.597775482972873 0.618054664730361 0.61215799264182 0.600398596524595 0.608384693192786 0.619019196762536 0.633515745724034 0.656830457392465 0.682334118751358 0.681949976398064 0.676938609769532 0.663732226626552 0.645844258541412 0.625742058101687 0.671012571653577 0.707675394110184 0.725178189939325 0.742138810693246
0.644776981015708 0.646127068295896 0.640305693732993 0.625932738067836 0.581877203524097 0.532988494569957 0.521795197876953 0.515366026110241 0.5157870690808 0.514848714409604 0.51308902205794 0.504853899090694 0.497656412653209 0.492269786429343 0.497936001484929 0.508732483635765 0.470338534764395 0.451150776861639 0.473085943457306 0.49054294905617 0.505441232608758 0.509510788312155 0.513217641550998 0.517337213037908 0.522110746378976 0.527337853110714 0.516405297891038 0.503647498521899 0.490215028480728 0.488613633962502 0.496907588981068 0.467826792424819 0.439818878643274 0.443694526868228 0.456568946798239 0.478491604794172 0.497883602492885 0.518925784280672 0.554220253320621 0.58570751966793 0.612592208027519 0.611062426057187 0.601278430588713 0.593525635048647 0.598626648689958 0.622471758824178 0.645076502511125 0.666076899989102 0.661757948216679 0.650126098840706 0.625542788056161 0.605373424029846 0.587291708491007 0.651054525223788 0.70147203278439 0.722314653831784 0.740810547549345
0.647807860384345 0.637274978220067 0.62498916186939 0.610613066132182 0.576885986623889 0.539465253191676 0.521273149176835 0.510048937744582 0.508843682824901 0.498110687561649 0.484700708983279 0.489415265357734 0.484617862280428 0.463220398940465 0.458893722315282 0.462508142989033 0.443373838213822 0.438326883657363 0.463442757345986 0.474900884822611 0.478555278498677 0.483186713083717 0.489956378309963 0.502311663354879 0.506942967392572 0.506217090070789 0.510941994117294 0.513485792628873 0.506707262169612 0.50116929582757 0.496668920323223 0.466855833047254 0.439234479383406 0.43985405571737 0.444907123441538 0.454418053513659 0.471382673353775 0.492611182223709 0.530483104282096 0.563743736785131 0.591429719994213 0.596340026902103 0.594814287328242 0.596765854566221 0.604390674272563 0.620288527302732 0.632281959593995 0.642590830870442 0.648381981266943 0.644928799808023 0.625103502429501 0.598605398838078 0.568951282145317 0.629474329203408 0.680342125173438 0.70960523674745 0.7336387693971
