layers/veg/veg_1800.asc
NCOLS 255 
NROWS 330 
XLLCORNER -2985163.8955 
YLLCORNER -3022031.214 
CELLSIZE 25000 
NODATA_value -9999 
[rows 75 to 99 of 330, columns 0 to 55 of 255]
-9999 -9999 -9999 -9999 -9999 -9999 -9999 -9999 -9999 -9999 -9999 -9999 -9999 -9999 -9999 -9999 -9999 -9999 -9999 -9999 -9999 -9999 -9999 -9999 -9999 -9999 0.664948681161414 0.676575284896284 0.67900726026215 0.667556930204408 0.649941925637515 0.624749363886975 0.455719505408176 0.346114924034476 0.345660003668769 0.352208956760451 0.362199117554348 0.467739774360975 0.550798505737148 0.580513389922914 0.588430191644633 0.583247178983993 0.578091375924391 0.569523349656708 0.551273103350232 0.57760601183283 0.63639510983356 0.655926287812477 0.670940704592484 0.685970182413003 0.701083458698713 0.716270219436194 0.732078889326945 0.747764571626305 0.762308020402273 0.779414368014416
-9999 -9999 -9999 -9999 -9999 -9999 -9999 -9999 -9999 -9999 -9999 -9999 -9999 -9999 -9999 -9999 -9999 -9999 -9999 -9999 -9999 -9999 -9999 -9999 -9999 -9999 0.673623039498911 0.687349479132786 0.691434761863315 0.680963557980385 0.665132106382162 0.644189681916881 0.539550595517363 0.454664856624973 0.406061172932138 0.387434840277263 0.383537256208641 0.500664160647974 0.588602553764299 0.607363313585767 0.613721678897089 0.612626679159094 0.60608043164322 0.597658433559631 0.584857124395816 0.607704345670105 0.656503419508795 0.671807569706316 0.683594599159747 0.69662515805169 0.71226407299499 0.730190304466366 0.744184168613046 0.757613249051925 0.771656334736556 0.787077020869549
-9999 -9999 -9999 -9999 -9999 -9999 -9999 -9999 -9999 -9999 -9999 -9999 -9999 -9999 -9999 -9999 -9999 -9999 -9999 -9999 -9999 -9999 -9999 -9999 -9999 -9999 0.683341986992559 0.691901209849236 0.695183227846111 0.690497575295946 0.677215598761025 0.659021140093868 0.598539864019054 0.530826094671611 0.449828008827776 0.416661701998772 0.40699654597694 0.533790471254869 0.626218220438088 0.637354890490149 0.640313541897288 0.638357516683644 0.630470021563955 0.622077284018798 0.613275039931674 0.633119182807873 0.673817672324413 0.684191689918666 0.692006899988744 0.703234614750903 0.718409860566026 0.737046770680333 0.749957969169578 0.762250881856478 0.776442364838328 0.790352735643216
-9999 -9999 -9999 -9999 -9999 -9999 -9999 -9999 -9999 -9999 -9999 -9999 -9999 -9999 -9999 -9999 -9999 -9999 -9999 -9999 -9999 -9999 -9999 -9999 -9999 -9999 0.695259661055651 0.682933290810068 0.680085572284861 0.691548985531964 0.682475007343427 0.66377458998857 0.603115285973615 0.536056106789632 0.457241926380201 0.432813505767757 0.435106398246247 0.567215030679277 0.663211876649957 0.674143474711526 0.669745786214869 0.656135782421309 0.647027378078757 0.638405604256929 0.630387264160038 0.648451525221487 0.685503716821408 0.689254351293628 0.69130753343363 0.701176157419928 0.713732842782555 0.728646739773312 0.742056815558765 0.755633215427744 0.771326409268842 0.784087631047672
-9999 -9999 -9999 -9999 -9999 -9999 -9999 -9999 -9999 -9999 -9999 -9999 -9999 -9999 -9999 -9999 -9999 -9999 -9999 -9999 -9999 -9999 -9999 -9999 -9999 -9999 0.700127855209752 0.68630440653779 0.682460195993899 0.693682916491589 0.683867101682921 0.662809669244248 0.560128040364685 0.483316092735457 0.45402040546569 0.4671602810178 0.501149988669086 0.604401470089156 0.678438272100413 0.684591803804592 0.678276803441123 0.664468691884224 0.655876407597674 0.647286465004873 0.637803213236724 0.644889213893638 0.664037501291493 0.678748119549015 0.692087468366189 0.702281505397455 0.713359379934729 0.72521230822073 0.736441479679324 0.748134280253322 0.762647776867811 0.773945112291185
-9999 -9999 -9999 -9999 -9999 -9999 -9999 -9999 -9999 -9999 -9999 -9999 -9999 -9999 -9999 -9999 -9999 -9999 -9999 -9999 -9999 -9999 -9999 -9999 -9999 -9999 0.700910894565545 0.696825959990733 0.694959958921695 0.696444165322237 0.68301809773716 0.658530967971987 0.489578355806256 0.396982603186263 0.44463567633636 0.512050993694502 0.58917607913962 0.643767908913417 0.681050598017587 0.679776025330119 0.674695615335216 0.667328042587392 0.660258482189322 0.651851542849069 0.639600196733968 0.630377501136069 0.623359639530638 0.659219755781495 0.693724654563881 0.705220270109804 0.715479815689649 0.724655428245164 0.732150769076346 0.740124652192117 0.751904582748596 0.76155564237389
-9999 -9999 -9999 -9999 -9999 -9999 -9999 -9999 -9999 -9999 -9999 -9999 -9999 -9999 -9999 -9999 -9999 -9999 -9999 -9999 -9999 -9999 -9999 -9999 -9999 -9999 -9999 -9999 -9999 -9999 0.612181509275231 0.604860104901311 0.500110852848579 0.44294942278477 0.47319515161419 0.52160963869239 0.578950967639702 0.617017271676438 0.644329851270669 0.647825748857692 0.651159865321189 0.654396757513134 0.650762757644488 0.645936781468437 0.638915718845087 0.633100754819175 0.628163821180327 0.660109736652698 0.690714399138971 0.700885138200572 0.71031309090333 0.719089680263831 0.728375440087319 0.737408049026108 0.744754984027758 0.75115606208465
-9999 -9999 -9999 -9999 -9999 -9999 -9999 -9999 -9999 -9999 -9999 -9999 -9999 -9999 -9999 -9999 -9999 -9999 -9999 -9999 -9999 -9999 -9999 -9999 -9999 -9999 -9999 -9999 -9999 -9999 0.57140011859953 0.55467153894557 0.509438469480031 0.484675227750766 0.497510039697461 0.531691662088494 0.57636159626381 0.599819415451799 0.617962262803782 0.62463940558209 0.633600472326373 0.643934090076784 0.643009308014325 0.641031094273737 0.638007755767686 0.635419487947665 0.633147948199186 0.660618964253861 0.686768407727849 0.695562368418881 0.704123974269445 0.712481823785935 0.723077211274108 0.732961046519924 0.737410793400637 0.7415574252104
-9999 -9999 -9999 -9999 -9999 -9999 -9999 -9999 -9999 -9999 -9999 -9999 -9999 -9999 -9999 -9999 -9999 -9999 -9999 -9999 -9999 -9999 -9999 -9999 -9999 -9999 -9999 -9999 -9999 0.582656003333754 0.556563535739244 0.5208270621649 0.504185507707168 0.496433088252982 0.505007829891801 0.548122768006473 0.608208314010028 0.617780737957544 0.625191242403097 0.629033202494212 0.635051062193331 0.642376554388406 0.641922055114374 0.640326907030221 0.636839102254498 0.634235993850494 0.632276937515984 0.657246487236807 0.680929955591731 0.688572547115046 0.696175293490534 0.703743098905742 0.713572180042987 0.723077473598661 0.729037028967197 0.733855934031954
-9999 -9999 -9999 -9999 -9999 -9999 -9999 -9999 -9999 -9999 -9999 -9999 -9999 -9999 -9999 -9999 -9999 -9999 -9999 -9999 -9999 -9999 -9999 -9999 -9999 -9999 -9999 -9999 0.596364899674004 0.588238812993918 0.561102218641745 0.526895025252957 0.50536411332394 0.498015380324198 0.516715832080417 0.554456554688877 0.601552318776541 0.610690273782627 0.619616413777274 0.629056071323771 0.63233179140973 0.631903220683378 0.636975106938719 0.640194643901614 0.637211607256771 0.634894426499291 0.633061983642803 0.655622151906676 0.677006986055437 0.683823675889719 0.690591708898022 0.69731707381958 0.705998693113656 0.714596789247272 0.721095172423496 0.723347542169542
-9999 -9999 -9999 -9999 -9999 -9999 -9999 -9999 -9999 -9999 -9999 -9999 -9999 -9999 -9999 -9999 -9999 -9999 -9999 -9999 -9999 -9999 -9999 -9999 -9999 -9999 -9999 0.599602606545687 0.597687604604833 0.592881279517156 0.579261964366748 0.561021950602862 0.511064194131502 0.492444115971968 0.531383667840979 0.553691795145876 0.56782841754609 0.585988079045099 0.605040342105956 0.626006121089368 0.626681054571533 0.615161965475525 0.629314742984939 0.640464450834612 0.638667566659903 0.63684775751121 0.635011259159975 0.655226782828248 0.674430625600382 0.68065022159932 0.686670817562502 0.692516906647821 0.699783106850113 0.707102353733818 0.713456952721306 0.710865862765121
-9999 -9999 -9999 -9999 -9999 -9999 -9999 -9999 -9999 -9999 -9999 -9999 -9999 -9999 -9999 -9999 -9999 -9999 -9999 -9999 -9999 -9999 -9999 -9999 -9999 -9999 0.569631513106503 0.566007086249176 0.56979647710179 0.584779455957516 0.559960690156735 0.519368487764284 0.478162671501768 0.45417878708225 0.461827368073732 0.493344120082586 0.5365880020064 0.575045283758599 0.604391153520904 0.613255749357285 0.614925707472472 0.612271963314701 0.627822705811897 0.639805275150832 0.638526981210237 0.637376158435648 0.636318133677295 0.654152065859164 0.671065578095075 0.676659097623954 0.681790427717447 0.686516455193565 0.691440958613734 0.696362086350733 0.701095280704509 0.697384141723541
-9999 -9999 -9999 -9999 -9999 -9999 -9999 -9999 -9999 -9999 -9999 -9999 -9999 -9999 -9999 -9999 -9999 -9999 -9999 -9999 -9999 -9999 -9999 -9999 -9999 -9999 0.567476196735799 0.548935727976466 0.548495631057767 0.575383978540322 0.538229353777849 0.476903641718599 0.448441257072989 0.424036305299968 0.407083862697794 0.445050324234453 0.510000048257149 0.566200647142052 0.604712314375868 0.603447339953233 0.60665131438347 0.612540956259613 0.628374134204402 0.640244518763321 0.639160206794607 0.638699522155335 0.63869283335572 0.654221782726718 0.668880766780164 0.673817444617876 0.678019400677243 0.681577065376821 0.6837608306653 0.685972850940316 0.689509852861858 0.686134347905303
-9999 -9999 -9999 -9999 -9999 -9999 -9999 -9999 -9999 -9999 -9999 -9999 -9999 -9999 -9999 -9999 -9999 -9999 -9999 -9999 -9999 -9999 -9999 -9999 -9999 -9999 0.564395419931045 0.560795324069595 0.560766615094537 0.566130085286814 0.521689709750783 0.459221656040289 0.443846508084422 0.434065718679663 0.434560394012421 0.460400960977136 0.498694705177851 0.559643748393863 0.603336212889732 0.607408653097168 0.612712046319675 0.618755195254064 0.633788345451209 0.644843911306899 0.643067356523904 0.643307886119116 0.645016837434658 0.6585208079623 0.671089661975566 0.67527301468871 0.6784577149114 0.680766677963915 0.67915875221892 0.677987379946381 0.682345910514615 0.683014404354228
-9999 -9999 -9999 -9999 -9999 -9999 -9999 -9999 -9999 -9999 -9999 -9999 -9999 -9999 -9999 -9999 -9999 -9999 -9999 -9999 -9999 -9999 -9999 -9999 -9999 -9999 0.568823727406387 0.570635957783215 0.570413141199968 0.567117754163914 0.520555643706301 0.457938654905326 0.425218043726472 0.411561117416609 0.432919505168025 0.465628330133036 0.503913956592327 0.567118683434086 0.610183214173433 0.607046913329496 0.612709629537273 0.623660218672166 0.637235199517834 0.646359080814881 0.642406225029654 0.642226213722193 0.644792803815466 0.656978588716675 0.667899011309738 0.670142590562535 0.672585942442888 0.675204478701397 0.676174643377743 0.677582910718663 0.682570619528286 0.685002781204883
-9999 -9999 -9999 -9999 -9999 -9999 -9999 -9999 -9999 -9999 -9999 -9999 -9999 -9999 -9999 -9999 -9999 -9999 -9999 -9999 -9999 -9999 -9999 -9999 -9999 -9999 0.579615871423963 0.578765551097117 0.577835478487692 0.57678499366577 0.532477574433583 0.470553547734494 0.394696215629385 0.361484425666044 0.406602038526415 0.462276381519607 0.523137554523973 0.586485387601733 0.623999171983026 0.603021450920459 0.607568784960319 0.627455701483765 0.63901474781882 0.645260417460398 0.637873543569893 0.636322320669833 0.639019406248696 0.650486002196553 0.660132326339134 0.659430634924059 0.661366465934144 0.665615190014599 0.674561739561539 0.683603227026312 0.689057099987654 0.691320383142032
-9999 -9999 -9999 -9999 -9999 -9999 -9999 -9999 -9999 -9999 -9999 -9999 -9999 -9999 -9999 -9999 -9999 -9999 -9999 -9999 -9999 -9999 -9999 -9999 -9999 -9999 0.578657767923143 0.576723288703966 0.574803654054392 0.572906432148522 0.548285507026918 0.513245289251466 0.438272440738356 0.393262494550547 0.403287052044363 0.464753928020099 0.551495918353159 0.569247263732326 0.577428692519228 0.565770763551209 0.576206787654375 0.599920433065854 0.610762268055954 0.616789828930176 0.611384390135991 0.616735320757043 0.629916804552709 0.638238629310191 0.64434257382693 0.644383389960766 0.645296538233404 0.646974650981662 0.652526180198575 0.657925933548519 0.659235175262874 0.666094756402776
-9999 -9999 -9999 -9999 -9999 -9999 -9999 -9999 -9999 -9999 -9999 -9999 -9999 -9999 -9999 -9999 -9999 -9999 -9999 -9999 -9999 -9999 -9999 -9999 -9999 -9999 0.576325957485176 0.574198802564271 0.571687141548158 0.568594942544352 0.562839645766885 0.553978073706907 0.48765998266542 0.435873069523892 0.410776366661435 0.471194489091816 0.573628544168833 0.548262839277136 0.529148164932363 0.527512709105193 0.54244552159571 0.567335230063511 0.580851234526837 0.589673513102908 0.587146196404648 0.598391471173116 0.619663085282412 0.625126072427548 0.628492532126743 0.630849728602884 0.631407669077369 0.630387808090015 0.631309565653179 0.631908322058365 0.629241126054628 0.638680189263356
-9999 -9999 -9999 -9999 -9999 -9999 -9999 -9999 -9999 -9999 -9999 -9999 -9999 -9999 -9999 -9999 -9999 -9999 -9999 -9999 -9999 -9999 -9999 -9999 -9999 -9999 0.576546604574511 0.577163596258869 0.576118582285657 0.572564225984707 0.568625461968329 0.562776956359757 0.507723389916412 0.466561799870135 0.450916363695372 0.491592165983371 0.559940238590852 0.53770318866743 0.518803123448361 0.509818721651958 0.517470850643623 0.535120898748106 0.566057790761772 0.589631239996684 0.590028430538878 0.59620831184768 0.606597947004853 0.612371031114938 0.618457008998164 0.627630872501108 0.631321448235669 0.63020362569412 0.6294049452184 0.628388979839037 0.626027921535977 0.625070542309758
-9999 -9999 -9999 -9999 -9999 -9999 -9999 -9999 -9999 -9999 -9999 -9999 -9999 -9999 -9999 -9999 -9999 -9999 -9999 -9999 -9999 -9999 -9999 -9999 -9999 -9999 0.58025624885096 0.580158477638944 0.578571256108391 0.574735221096163 0.571709956587687 0.567744731388577 0.528482273412058 0.494557195204647 0.470435574731872 0.490656232763086 0.532663548027616 0.524930195867959 0.513655910582039 0.495674094263266 0.499621785037767 0.516748271373403 0.55330952015689 0.581498339302345 0.58258850128512 0.587493250381656 0.59517498919288 0.60522914071017 0.615554414977188 0.625872081975221 0.630058757278934 0.62886905053978 0.626246285296461 0.623678295113494 0.622616899906688 0.618626084314643
-9999 -9999 -9999 -9999 -9999 -9999 -9999 -9999 -9999 -9999 -9999 -9999 -9999 -9999 -9999 -9999 -9999 -9999 -9999 -9999 -9999 -9999 -9999 -9999 -9999 -9999 0.580278994205078 0.580464102710516 0.579008078209015 0.575074225487736 0.572042503151625 0.568809598579256 0.549949667331551 0.519808778733378 0.468947537944475 0.467986868302423 0.491543807497845 0.509902379808827 0.513803940774409 0.485145346817336 0.489031868400439 0.512476760465526 0.542644752063702 0.565123181556529 0.564632957136899 0.572123869965527 0.585424988561897 0.603805599363904 0.619918430943452 0.625600720657691 0.627597547542799 0.626362522688073 0.621810083466518 0.617753940488348 0.619004353802654 0.619481100751522
-9999 -9999 -9999 -9999 -9999 -9999 -9999 -9999 -9999 -9999 -9999 -9999 -9999 -9999 -9999 -9999 -9999 -9999 -9999 -9999 -9999 -9999 -9999 -9999 -9999 -9999 -9999 0.580664248215672 0.580887338302861 0.581447256003201 0.580512171816081 0.578705392977971 0.569058545114618 0.551316842616388 0.518706877278708 0.49645893989704 0.479302169657343 0.480336805740286 0.479556306685232 0.474194996467344 0.481981470249281 0.497669259673138 0.550522533931225 0.591641872588018 0.593069571190744 0.596518572593138 0.601439066693839 0.605756044202444 0.610466076715756 0.616867368857839 0.619036261891376 0.617493684464673 0.61760092636556 0.617878415411497 0.617569922057696 0.617022541784845
-9999 -9999 -9999 -9999 -9999 -9999 -9999 -9999 -9999 -9999 -9999 -9999 -9999 -9999 -9999 -9999 -9999 -9999 -9999 -9999 -9999 -9999 -9999 -9999 -9999 -9999 -9999 -9999 -9999 0.589710165486442 0.589490380547157 0.589073292253188 0.58556765116906 0.580442404723425 0.572342340409249 0.53386921305167 0.480472912235764 0.455857754388949 0.445337565702595 0.465942067782924 0.478646415052458 0.486603071244852 0.560672515918164 0.619875942201127 0.625510086517727 0.625265291759325 0.620740675133525 0.607365168474279 0.597832478605052 0.6060771872061 0.60931559910677 0.608163895179015 0.613832765332292 0.619069955013974 0.616294892462597 0.613387043314789
-9999 -9999 -9999 -9999 -9999 -9999 -9999 -9999 -9999 -9999 -9999 -9999 -9999 -9999 -9999 -9999 -9999 -9999 -9999 -9999 -9999 -9999 -9999 -9999 -9999 -9999 -9999 -9999 -9999 -9999 0.589490380547157 0.589170045858833 0.588469814115007 0.584332963174878 0.573883885543292 0.552804610636526 0.526502409164629 0.48704431368011 0.463468783125791 0.476157396532734 0.494500880419366 0.51624272532066 0.557722190458853 0.594402026555959 0.614063894093755 0.622477294526803 0.622701898499229 0.601601844784596 0.585123786191653 0.594524256865289 0.601182302118217 0.605435462889005 0.612635119126835 0.618141691018724 0.612770468563918 0.606997267261353
-9999 -9999 -9999 -9999 -9999 -9999 -9999 -9999 -9999 -9999 -9999 -9999 -9999 -9999 -9999 -9999 -9999 -9999 -9999 -9999 -9999 -9999 -9999 -9999 -9999 -9999 -9999 -9999 -9999 -9999 -9999 -9999 0.590614309765316 0.587901339602323 0.5802053085595 0.569211829152674 0.556598217004031 0.507978380158601 0.474941219753568 0.478087487261293 0.499497745186215 0.531883963255387 0.546708068429044 0.565268507035074 0.597455897529123 0.615990191165137 0.624585136604949 0.60511940336193 0.588000104646631 0.591275366137838 0.595778754175422 0.601359109503049 0.608736866138439 0.614125753825401 0.60817264473874 0.600500146319105
