layers/veg/veg_5100.asc
NCOLS 255 
NROWS 330 
XLLCORNER -2985163.8955 
YLLCORNER -3022031.214 
CELLSIZE 25000 
NODATA_value -9999 
[rows 150 to 174 of 330, columns 57 to 113 of 255]
-9999 -9999 -9999 -9999 -9999 -9999 -9999 -9999 -9999 -9999 -9999 -9999 -9999 -9999 -9999 -9999 -9999 -9999 -9999 -9999 0.435116676245134 0.435724998430852 0.367269098209885 0.29005280950222 0.200441943964767 0.115293417233298 0.0334390126944418 0.0536506851761973 0.0820731913842507 0.0956596220430787 0.099189731004115 0.0937800279202372 0.0896938708527984 0.0809634947923493 0.0476036449595767 0.0226126552784467 0.00656280853486921 0.0271893855493515 0.0574428131778906 0.0916989423280209 0.112929368958285 0.11741595946037 0.118964277757594 0.122111205027965 0.157340866604583 0.202125012267761 0.261751188797803 0.276974912507359 0.274946385467001 0.305011017238234 0.32627127744517 0.330868766476182 0.325315523004838 0.31461982652254 0.319694466624023 0.324376215223935 0.32745637257028
-9999 -9999 -9999 -9999 -9999 -9999 -9999 -9999 -9999 -9999 -9999 -9999 -9999 -9999 -9999 -9999 -9999 -9999 -9999 -9999 -9999 0.440503317071419 0.390125038485545 0.331003007768044 0.256045510857214 0.156757733853577 0.0395092149406304 0.0569084971847836 0.0855374029104739 0.0960781970744115 0.0949649385027528 0.0834915259753365 0.082467416147105 0.0768407092027191 0.0385056405658658 0.0133279785511224 0.00220745826943723 0.0239034838056646 0.0523435035388264 0.0705917087321669 0.0854507266894401 0.0959531277500908 0.11643146489267 0.139984866439302 0.161624699283418 0.194219853826553 0.243833114354285 0.259109316909302 0.261405637063003 0.301216044065223 0.322021604974122 0.30685941970443 0.301366276501131 0.300771557571727 0.318323650533034 0.330083781917617 0.327529221273929
-9999 -9999 -9999 -9999 -9999 -9999 -9999 -9999 -9999 -9999 -9999 -9999 -9999 -9999 -9999 -9999 -9999 -9999 -9999 -9999 -9999 -9999 0.394849788836358 0.346304137804554 0.297933531676208 0.189978578665448 0.0380381445131821 0.0553318131122967 0.0871396530144556 0.0977058706600313 0.0900076377701166 0.0660727768368918 0.0762553289783407 0.0855373731096285 0.0592883431699414 0.0325852214996196 0.00539695621394302 0.0164403413911826 0.0382672883376457 0.0697804598536094 0.0916864120935081 0.101242803535394 0.144962732184835 0.19571659205473 0.195905506140979 0.210339182257083 0.246900813773271 0.26210639820675 0.269482643495547 0.308743393299963 0.327207247006094 0.306311798537792 0.303036475240837 0.308687666923936 0.328539685100388 0.341000324841943 0.335581821384215
-9999 -9999 -9999 -9999 -9999 -9999 -9999 -9999 -9999 -9999 -9999 -9999 -9999 -9999 -9999 -9999 -9999 -9999 -9999 -9999 -9999 -9999 0.375920810037164 0.364540129417657 0.327463894730625 0.216108892827414 0.0499209106945241 0.0606159752668836 0.0881080438413012 0.0994685349318288 0.0946422714812454 0.0754263984334999 0.0837232918577266 0.0907548476688825 0.0664139252157702 0.0421003373720225 0.0178159533439728 0.0239147143444924 0.0396618267846222 0.0710516814309938 0.0925977242437533 0.101490079321264 0.142866934936585 0.192468685255476 0.21333081267492 0.234257772571829 0.255285443885807 0.267536514164936 0.276740515428881 0.305036134800087 0.319200218707867 0.306619572447014 0.312390546075022 0.327458616531407 0.338427929611615 0.344944376753262 0.341238501005686
-9999 -9999 -9999 -9999 -9999 -9999 -9999 -9999 -9999 -9999 -9999 -9999 -9999 -9999 -9999 -9999 -9999 -9999 -9999 -9999 -9999 -9999 0.386770258141149 0.384527199330466 0.349621090164694 0.238008658450574 0.0697712122751388 0.0699936452862584 0.0886982440120311 0.101311741081006 0.104999910457984 0.100753692451228 0.0993534246224852 0.0938964720361424 0.0653910182027813 0.0458028358957977 0.0357417095899419 0.0403015209269299 0.0502869542343112 0.0735654041383331 0.090332261537337 0.0987288189336184 0.122497571218235 0.154030718635456 0.220699324338951 0.262829774259737 0.266842408268815 0.274418294566458 0.283509652677912 0.294625773855211 0.303321814493775 0.307437715828843 0.326329181234034 0.352706081204991 0.348120598952032 0.344728308199223 0.345465660267749
-9999 -9999 -9999 -9999 -9999 -9999 -9999 -9999 -9999 -9999 -9999 -9999 -9999 -9999 -9999 -9999 -9999 -9999 -9999 -9999 -9999 -9999 0.403649926734523 0.400834338451431 0.388102175480173 0.291445095606553 0.132834196603284 0.102349215359679 0.0930656751380206 0.105807033373715 0.106449457693519 0.0963362400994764 0.0959696713976434 0.0932136998165828 0.0695518227296088 0.054529027511269 0.0487360753584174 0.0530951151656419 0.0640340377995905 0.104922138474772 0.127634412362725 0.126982643907827 0.142563800418883 0.168318994018025 0.256032715286029 0.305876445378972 0.296892553503428 0.281180102225051 0.263858571261015 0.286701934988601 0.308580049856018 0.32863137665942 0.337541536219355 0.340807479559089 0.342771889105307 0.34425967458801 0.344690707221682
-9999 -9999 -9999 -9999 -9999 -9999 -9999 -9999 -9999 -9999 -9999 -9999 -9999 -9999 -9999 -9999 -9999 -9999 -9999 -9999 -9999 -9999 0.407487062681681 0.410473479181965 0.414295804015962 0.333725433711421 0.190855927900324 0.12904198460409 0.0895981120715886 0.0975105060232288 0.0943082401899148 0.0812253268985471 0.0882574855223002 0.0942172259821669 0.07649691307972 0.0654181932529881 0.0614352346108152 0.0625110787131141 0.0713917552106568 0.128537389912136 0.158354600436333 0.153042599667099 0.167530557431776 0.193667301824852 0.285800793456606 0.336281801399891 0.322059425781588 0.288569085957091 0.24928817108318 0.28348725349968 0.315648501254366 0.343953031648115 0.345000725812449 0.332239859904441 0.339579960249118 0.345330241727226 0.346495577507141
-9999 -9999 -9999 -9999 -9999 -9999 -9999 -9999 -9999 -9999 -9999 -9999 -9999 -9999 -9999 -9999 -9999 -9999 -9999 -9999 -9999 -9999 0.403109354600494 0.40197562494518 0.403238718947326 0.339414903105865 0.227543584937415 0.13600634310155 0.0634768629432028 0.0528108335615384 0.0454333215262345 0.0409792170614499 0.0715268957649823 0.100595452839069 0.0904109103737285 0.0815559908384625 0.0741216170472313 0.0630264083559543 0.0602686953804469 0.125608191360142 0.164013100098788 0.167795053625887 0.199574334797793 0.241373128153823 0.295288148852814 0.328748021484826 0.330432663110549 0.297741229763013 0.253380005644121 0.293100127902992 0.324303732901777 0.339389347276894 0.34235982148745 0.339192655975657 0.344944247833236 0.350770060152545 0.356382416564853
-9999 -9999 -9999 -9999 -9999 -9999 -9999 -9999 -9999 -9999 -9999 -9999 -9999 -9999 -9999 -9999 -9999 -9999 -9999 -9999 -9999 -9999 0.383369120471171 0.386342542489405 0.38825811210815 0.336525371162187 0.245189162592847 0.133981516092206 0.0444399668861396 0.0445932611021119 0.0425368199129147 0.0385159806281845 0.0670182337722222 0.0946260677056578 0.0881816494950365 0.0786508772986518 0.0658226988076741 0.0532750416595121 0.0494203763679046 0.109090953207756 0.147415206359721 0.158299914871087 0.188305160450908 0.225419565187062 0.27416175180982 0.305785228008084 0.310816328708165 0.294249333067198 0.270538600472505 0.306266363786311 0.332053823517806 0.339028696479005 0.344767402192515 0.349879854383588 0.35244109713935 0.355447664231618 0.359604973442343
-9999 -9999 -9999 -9999 -9999 -9999 -9999 -9999 -9999 -9999 -9999 -9999 -9999 -9999 -9999 -9999 -9999 -9999 -9999 -9999 -9999 -9999 0.37133127321766 0.365550922687929 0.370440926962183 0.327433500984431 0.249067937755736 0.125457801069602 0.0305248271018855 0.0627510573814662 0.0728812146200766 0.0633685296890352 0.0713456270358465 0.0797297617187965 0.074281339336728 0.0619783599427763 0.0423520924419227 0.0361011882734096 0.0387706860081297 0.0827500054861499 0.114726665900096 0.131274557219651 0.145722134310352 0.163442339485528 0.230902609968373 0.271667760816296 0.270964446593096 0.28160174802188 0.297144036909616 0.322001564156093 0.339149526681857 0.341706701907353 0.350824872959608 0.363266903914224 0.361479719034553 0.359574212191691 0.358009471604143
-9999 -9999 -9999 -9999 -9999 -9999 -9999 -9999 -9999 -9999 -9999 -9999 -9999 -9999 -9999 -9999 -9999 -9999 -9999 -9999 -9999 -9999 0.337786976300146 0.338483768762411 0.343937638126951 0.304914094090021 0.233057087394616 0.135305202195913 0.0567319836952594 0.0612559587590594 0.0557926952393015 0.0414510327912029 0.0551865185888707 0.0694785585046487 0.0610758517318059 0.0452393067844423 0.0214605799283538 0.0280174874254362 0.0435636107052907 0.0699836250324958 0.0862075710901467 0.0893250228150151 0.130421700839001 0.183372640437272 0.230891520881187 0.258441737208528 0.25497243154984 0.278977657936851 0.313782854811251 0.333117592233311 0.34775632874974 0.353507617938325 0.35986884901189 0.366539082168034 0.366537834798172 0.366196694820906 0.365351044635603
-9999 -9999 -9999 -9999 -9999 -9999 -9999 -9999 -9999 -9999 -9999 -9999 -9999 -9999 -9999 -9999 -9999 -9999 -9999 -9999 -9999 -9999 0.306131543429973 0.31298885889776 0.319768922310413 0.284615480337663 0.218506502106926 0.146815541627393 0.084605154958929 0.0602560768666138 0.0382041630724798 0.0181943694172169 0.0368478283946398 0.0565572858422201 0.0464761282599743 0.029406487948464 0.00487047564999844 0.0216999889735574 0.0470644363698639 0.0598330242013571 0.0634446391854062 0.0552854608050325 0.116793760988679 0.197105989529682 0.230438522094554 0.249537972361883 0.246527610641784 0.277858395709698 0.322508791285489 0.341516639362631 0.356685052994734 0.364587119774548 0.367254641407534 0.367270295064978 0.370173348471509 0.372261461608347 0.372320979511511
-9999 -9999 -9999 -9999 -9999 -9999 -9999 -9999 -9999 -9999 -9999 -9999 -9999 -9999 -9999 -9999 -9999 -9999 -9999 -9999 -9999 -9999 0.295778481891398 0.295754067117561 0.307606614234295 0.277852027544724 0.217382833829234 0.156826587811176 0.102087540523978 0.069092710350186 0.0382195771861639 0.00923257824234745 0.019003978641333 0.0320690541745236 0.0265448348039986 0.0168815021764042 0.00279601377184748 0.0180556602768123 0.0395672470471627 0.0535956484459392 0.0598126915741878 0.0559886561025886 0.0980537040112842 0.154881888692605 0.210684623169626 0.247730193473523 0.255638197885827 0.278084106633658 0.306669094466639 0.341970719008377 0.366160663111703 0.369321123489461 0.367415391324681 0.362943080138296 0.37028818971563 0.375285706038872 0.374287679383356
-9999 -9999 -9999 -9999 -9999 -9999 -9999 -9999 -9999 -9999 -9999 -9999 -9999 -9999 -9999 -9999 -9999 -9999 -9999 -9999 -9999 -9999 0.279473612737303 0.284378643004585 0.299830631336001 0.27368083316896 0.216820375387037 0.172853969032311 0.131938051783881 0.0966596837357979 0.0548598570146605 0.0072626208084441 0.00729800431588304 0.014101198855744 0.0117796600477138 0.00753923046222146 0.00124869173259754 0.0125207297028255 0.0276707645479565 0.0393463979065986 0.0438858344641928 0.0392520759766105 0.0761641687567562 0.128921360639837 0.211953529415096 0.26588243167676 0.274602029489538 0.289867589322815 0.308389396412613 0.347213578039404 0.372780384617858 0.373256859057261 0.370600361983746 0.366356673169526 0.370777455179172 0.373730758273268 0.372880850619572
-9999 -9999 -9999 -9999 -9999 -9999 -9999 -9999 -9999 -9999 -9999 -9999 -9999 -9999 -9999 -9999 -9999 -9999 -9999 -9999 -9999 -9999 0.275638405438078 0.278106681506339 0.295875102765279 0.271767475247764 0.216746726245967 0.194121530198561 0.172561102109915 0.140540634137395 0.0859802625954806 0.0113824949283873 0.000938070648570468 0.00181253945375728 0.00151413357167377 0.000969077367360064 0.000160504298539953 0.00533909993741918 0.0119425326975135 0.0181188681815376 0.0172502090122616 0.00732559022630887 0.0515314629834756 0.117126275071757 0.231533131683978 0.301419685943456 0.302147958527531 0.311717799253421 0.325404317556546 0.356627425810341 0.37691264986851 0.376497309420802 0.376419404845075 0.376512448337919 0.371592841158508 0.368187370541806 0.368535705257571
-9999 -9999 -9999 -9999 -9999 -9999 -9999 -9999 -9999 -9999 -9999 -9999 -9999 -9999 -9999 -9999 -9999 -9999 -9999 -9999 -9999 -9999 0.280991216354319 0.282783477853771 0.289552157347048 0.268505146422694 0.226924445186735 0.198760909889003 0.169756130425916 0.131634803887581 0.0779100030607868 0.0103141138203113 0 0 0 0 0 0.0021106112049675 0.00564191106797697 0.0157880667242877 0.0159030735384243 0.00312358102443876 0.0696862327776595 0.16195450924323 0.254717597276253 0.31050394222197 0.308850245687075 0.317210067360927 0.330130513205889 0.359339938433528 0.378226090213283 0.377574863090708 0.378269067514153 0.37964487974307 0.373085741877208 0.368496814417225 0.368853634986451
-9999 -9999 -9999 -9999 -9999 -9999 -9999 -9999 -9999 -9999 -9999 -9999 -9999 -9999 -9999 -9999 -9999 -9999 -9999 -9999 -9999 -9999 0.285792166867122 0.28687893430499 0.282373746865536 0.264539436307527 0.236865496312596 0.196205924235785 0.155351700533479 0.119556577686304 0.0729498678860574 0.0167319346014902 0.00404579739140336 0 0 0 0 0.000655912118762161 0.00286802904884497 0.0153472817420876 0.0173589202840798 0.00591500694821892 0.0892558112039261 0.200240629343008 0.27324383355068 0.316834765340626 0.314736379828498 0.321991549388906 0.333526481302492 0.360969209436489 0.378636454490322 0.377803044896708 0.37872067927586 0.380525408389109 0.37481800022325 0.37057233551734 0.370066509388003
-9999 -9999 -9999 -9999 -9999 -9999 -9999 -9999 -9999 -9999 -9999 -9999 -9999 -9999 -9999 -9999 -9999 -9999 -9999 -9999 -9999 -9999 0.28155605155673 0.278932665876523 0.273026630516836 0.258287679905086 0.237028224369269 0.172650756714635 0.121074170279053 0.136470952366438 0.116098917176674 0.0639293208968765 0.0277705930450502 0 0 0 0 0.00450221965196887 0.00931450360204249 0.0081968897381484 0.0111668188601489 0.0193910634264274 0.0796988101500806 0.159053512510724 0.266078452162101 0.332034551309433 0.334193904038535 0.337081940011055 0.340793862125932 0.362969114726279 0.377026417799931 0.375720042229041 0.375712566161401 0.376363124344969 0.377144337926347 0.376312643095292 0.371708183200798
-9999 -9999 -9999 -9999 -9999 -9999 -9999 -9999 -9999 -9999 -9999 -9999 -9999 -9999 -9999 -9999 -9999 -9999 -9999 -9999 -9999 -9999 0.314397653182094 0.274338015660642 0.270002023107502 0.254368955025942 0.230396325824577 0.162490297701821 0.111756872378477 0.144672083070126 0.135653924348093 0.0893580758072699 0.0408324758521971 0 0 0 0 0.00774241920539722 0.0150931749829016 0.00543322538481584 0.00876869307498176 0.0288090668659836 0.0789931947678054 0.143477216124192 0.265210842201781 0.340828734201003 0.344809984971008 0.344349461461924 0.342685840909086 0.362589154772606 0.375503417728599 0.375190506529282 0.375671817401829 0.376555488368474 0.37932807566619 0.380279552913072 0.376895735253692
-9999 -9999 -9999 -9999 -9999 -9999 -9999 -9999 -9999 -9999 -9999 -9999 -9999 -9999 -9999 -9999 -9999 -9999 -9999 -9999 -9999 0.363646662729779 0.313118795194222 0.273251978727286 0.273596080903008 0.252892544537038 0.216651529679011 0.166351976416814 0.128568983383357 0.143751827741585 0.130509707348626 0.0919985223915615 0.0427319781999135 0 0 0 0 0.0103481197277279 0.0201727622402229 0.00726176990657023 0.0103422587162896 0.0339789316783114 0.0875535778872109 0.154711391304771 0.270936001191257 0.342917265489721 0.346170475513184 0.343427678242368 0.33895062536365 0.359717852943394 0.37407153120849 0.376287204634165 0.378737429011869 0.381306479025971 0.381362533836156 0.382389996229634 0.385795260061926
-9999 -9999 -9999 -9999 -9999 -9999 -9999 -9999 -9999 -9999 -9999 -9999 -9999 -9999 -9999 -9999 -9999 -9999 -9999 -9999 -9999 0.363646662729779 0.315592017643686 0.27833888519634 0.281240376964689 0.255072055293378 0.207444243038733 0.156467476417969 0.1175144504249 0.124917063989565 0.109323367543593 0.0732865413529947 0.0336348390183883 0 0 0 0 0.00870691933276754 0.0178903745272974 0.0146990611488023 0.0239536732310382 0.0492068493876627 0.129646462022135 0.225304006178199 0.287806937650791 0.328885141214185 0.336681958774772 0.338738380383383 0.338823651182009 0.352161673452 0.363991148447993 0.372965612401899 0.377059165566549 0.378680005123723 0.382314449940007 0.386007827812209 0.389751519690955
-9999 -9999 -9999 -9999 -9999 -9999 -9999 -9999 -9999 -9999 -9999 -9999 -9999 -9999 -9999 -9999 -9999 -9999 -9999 -9999 -9999 -9999 0.274213589822591 0.281341334344524 0.284880573294909 0.253681654047411 0.19683884202856 0.141994702121053 0.0994381266593931 0.101839094366838 0.0842822723359469 0.0489834871445285 0.0217162859793658 0.00015069883797525 5.13280391449148e-05 0 0 0.00590616772977946 0.0132840940287387 0.0207283512072922 0.039245488360035 0.071996213871797 0.177620342655961 0.297374286826265 0.298268193692686 0.305050612720387 0.320980305265511 0.331029252123186 0.338588437965456 0.343204706329784 0.351651629313062 0.367348282831155 0.373536995552689 0.374908899362561 0.382616673961101 0.389027810897298 0.392135743745995
-9999 -9999 -9999 -9999 -9999 -9999 -9999 -9999 -9999 -9999 -9999 -9999 -9999 -9999 -9999 -9999 -9999 -9999 -9999 -9999 -9999 -9999 0.263238474732329 0.259302121283329 0.253569584272822 0.221054435388053 0.168768220255959 0.118445704118344 0.0789768170140266 0.0791306802875052 0.059185455395113 0.0213726566644158 0.00850183199201853 0.00136004221269815 0.000463230512391687 0 0 0.00211374634556686 0.00475421736938402 0.00741842741666879 0.0460637457131098 0.130960832719552 0.210420892887725 0.279833510695298 0.244926594904291 0.239511005049805 0.279907535021891 0.308452631315643 0.331514638508148 0.332299195470164 0.338010614686367 0.353046399390471 0.365052798099708 0.375524482429757 0.380178457541602 0.385308715039178 0.391803687526087
-9999 -9999 -9999 -9999 -9999 -9999 -9999 -9999 -9999 -9999 -9999 -9999 -9999 -9999 -9999 -9999 -9999 -9999 -9999 -9999 -9999 -9999 0.22579271536911 0.231653661537161 0.227872814347647 0.19813733134654 0.14924199842246 0.10302687892788 0.0647056314105258 0.0546443118677001 0.0342007588622594 0.00452766661260613 0.00293303456492024 0.00524894616966947 0.00178779158543076 0 0 0 0.00106106145655615 0.0099384455024074 0.0608145184736422 0.16567763466903 0.228244813650307 0.269803924602175 0.219161502299847 0.208988816937164 0.261682224540918 0.297641683606993 0.32593108004567 0.325291267543133 0.3299917802391 0.34479916043127 0.357465767142479 0.369047838621339 0.37229304001562 0.376455468643431 0.383121735733145
-9999 -9999 -9999 -9999 -9999 -9999 -9999 -9999 -9999 -9999 -9999 -9999 -9999 -9999 -9999 -9999 -9999 -9999 -9999 -9999 -9999 -9999 0.204098246202242 0.196942176244779 0.209245331107571 0.187446964949894 0.140474674964494 0.0978453674968267 0.0582288978426344 0.0279191870458278 0.00935724159113071 0.00123875819565522 0.0069914599424949 0.0125118869461922 0.00426154993349303 0 0 0 0.00345818541751863 0.0323911372869759 0.0855537196480462 0.169862181609786 0.22721053072212 0.269232244374002 0.228120068430958 0.222559702777355 0.272225873785314 0.301645782255368 0.322223996412638 0.323191080239297 0.32905225687635 0.344175780975433 0.351008426183671 0.353640837063421 0.357548640752658 0.361137426091987 0.363925800681357
