layers/veg/veg_2200.asc
NCOLS 255 
NROWS 330 
XLLCORNER -2985163.8955 
YLLCORNER -3022031.214 
CELLSIZE 25000 
NODATA_value -9999 
[rows 125 to 149 of 330, columns 56 to 111 of 255]
0.0954818531084157 0.0910383029580872 0.113167472192634 0.158603805648963 0.167148185363551 0.173651829130792 0.201975060768659 0.234153613073719 0.270396306899119 0.249905908493084 0.218088969289551 0.203618847445418 0.197633265556775 0.202406925181109 0.213491482887393 0.225072649734033 0.218564436979191 0.231685018950441 0.274872532720118 0.333814777774752 0.402205708609145 0.567612665401465 0.676425537883537 0.679700277228713 0.723217145562938 0.786816901345159 0.834438065833846 0.854609046051093 0.812233278655794 0.806899433240103 0.824156135312821 0.798671660917755 0.767775457116969 0.729242221216921 0.691436203835421 0.654167141467929 0.610565138635007 0.568520002844779 0.53510978756773 0.507393065755222 0.484738808757862 0.461639163570744 0.439822975138808 0.424888456010178 0.41810479945415 0.420031260882395 0.429882986038229 0.441983450140116 0.456186356769502 0.468102501857779 0.47707849475625 0.48031753350952 0.481698784684242 0.483062346314498 0.491203853315038 0.509876670583882
0.109072926555693 0.107685974488052 0.118570535291541 0.140218547196687 0.159112263371042 0.174732648414039 0.176612609764336 0.197085675488271 0.237158928589594 0.203513648304551 0.158950785286612 0.164055364126857 0.174972496856461 0.193260526703748 0.19287702634098 0.186046576992467 0.173028149204075 0.168069765628848 0.175457570550226 0.214524728998489 0.268425707822831 0.387348716616677 0.480655320911224 0.526191782062982 0.606679794133622 0.704610423701656 0.766715218522567 0.803071511520907 0.781482177141603 0.781643237268026 0.795069087494805 0.788439630638211 0.773331603714492 0.73748963218925 0.703187406667319 0.670022080599528 0.625631048250462 0.582010107472088 0.546269257559555 0.515982459098265 0.490545221586486 0.468751111135009 0.449703723913543 0.441205631329209 0.434527152018846 0.429793135170078 0.432113441418788 0.436329625068886 0.441637884463206 0.447093300664784 0.452737920419651 0.454447005969789 0.455195388369852 0.459883372282201 0.46542298559171 0.472285827833457
0.140312714936586 0.138229803914761 0.134423226005359 0.129104804816744 0.156527097190633 0.178990296612377 0.148748855581202 0.151603915767733 0.189348126919435 0.151130099262152 0.104082113429953 0.12548816903922 0.151512520532743 0.183393331075047 0.177521110166346 0.159797679794492 0.143767513552626 0.126022815995019 0.105651839195306 0.126124354254321 0.163658392188924 0.220599208766945 0.285557748916144 0.365467950321513 0.473061827938898 0.594471280613556 0.677985236389214 0.736162214171543 0.737411448190314 0.746929223996763 0.761489688625279 0.77245466990932 0.77251339151371 0.741750812448041 0.711776278696134 0.682383612528313 0.638720538385897 0.594831398880832 0.556461926004628 0.52348144131333 0.495292665481495 0.474763019019339 0.458366657844913 0.455866053671754 0.448943470339335 0.437295502440797 0.431714829255727 0.427915972150257 0.426170824721573 0.426030072515664 0.427952135361852 0.428325921731846 0.428758705108981 0.436245069668484 0.43930102487676 0.435473180800092
0.232941484074881 0.19004551836876 0.156590709770313 0.13141682251699 0.138589099020223 0.146591471015313 0.130739282337851 0.131333976476765 0.149266387787426 0.125587598884474 0.0989344056003856 0.123075537964534 0.148333736413627 0.175008485890463 0.159839717615597 0.133279741005174 0.129516640026795 0.127485623647206 0.128107774220944 0.144129514587939 0.16610344927123 0.180386838880586 0.199555310743362 0.227833612149804 0.293428430393734 0.377646105490056 0.525113469047678 0.62946813260379 0.63251971437485 0.672292566527615 0.734460412192035 0.746026494530129 0.748028335335171 0.731871624554978 0.707748908897955 0.677744348718088 0.641309585047788 0.603015966186697 0.560651597094331 0.526058786001759 0.498376185516767 0.477766696094544 0.461123377353638 0.458065198304981 0.450235035578662 0.437305468895862 0.426173502080122 0.416032558718575 0.409913353275264 0.405508417097382 0.403307564049312 0.402658844247437 0.402810069457068 0.406711077335781 0.407520426337998 0.403526074942321
0.299721179461959 0.238365552638617 0.182586111566912 0.131697591712646 0.123708531391719 0.122259847615076 0.1159607382257 0.115054478148576 0.119833167442685 0.102929963749353 0.0863972733159678 0.110040160297818 0.131096924455453 0.148874227358391 0.137668592998094 0.118714825968062 0.117254562078572 0.123268820596911 0.140732378911702 0.152955454084642 0.162545764846882 0.155793776131308 0.147455995708592 0.136160989308015 0.164650588113394 0.212994746520519 0.406130953169881 0.547659611999207 0.565525317329553 0.622987496849238 0.70459815416768 0.718130278280965 0.722909703039674 0.715141176297076 0.693835242077851 0.662533716938075 0.63415462322883 0.603479347902649 0.562930501773989 0.530677746309323 0.505801598432129 0.486104792713881 0.469327173348333 0.462572704071622 0.451635147930684 0.436227490643846 0.420271311920609 0.404872927759569 0.39458724151304 0.386183047460916 0.380197939656322 0.378486408982659 0.378315093603493 0.380125814868875 0.379964959339892 0.376740743779964
0.339684630378349 0.283059112114389 0.212552657039232 0.129871111070107 0.111999791336341 0.106297269403331 0.104534115652714 0.1029147273964 0.101446891595778 0.0832651341729121 0.0661942333635967 0.0859845746227349 0.0992760885227182 0.104326442209526 0.110839748190353 0.116550169841118 0.10705569261993 0.113159898139863 0.143157803536294 0.152258722386925 0.152760739927242 0.147404433588098 0.130528325396528 0.0921697884947932 0.088631116047768 0.102469342794836 0.322305691316998 0.49166777221659 0.537846226410803 0.599961823390855 0.671796915518358 0.688711092843775 0.697133788699696 0.691303120445797 0.669665371867196 0.636356178157998 0.616891070438228 0.595932647618159 0.563227146676321 0.537414711466297 0.517731360789899 0.49997690188552 0.483181854017045 0.469474940770442 0.453147868801628 0.43402086107084 0.413994756702989 0.394464160367968 0.38022733725283 0.36809872391727 0.358680693862285 0.355864539573493 0.355328167783147 0.356599612147021 0.356792711694459 0.35531032062967
0.381123885519288 0.34092371387909 0.277379432514573 0.19335982865575 0.153441857814649 0.124460332415639 0.111238612127064 0.103700971266954 0.102155284177824 0.0988058597131548 0.093420321461635 0.0766218856110966 0.0646961321607709 0.0589494251920392 0.0715492785971433 0.0884867220774382 0.0875484636077938 0.0918625006671579 0.104221882010752 0.122709494587076 0.143025535633336 0.143413608329705 0.134153613030098 0.106901647419758 0.0880218852195318 0.0733202821525567 0.277059939634119 0.443673367158913 0.517355087344604 0.581339240351855 0.639409192903008 0.64801395974551 0.647788257216586 0.631310404847779 0.59777866071283 0.551654865552452 0.55372499898433 0.557252346562883 0.544728096627209 0.53095052732831 0.516058548182804 0.503351028029116 0.490708183049585 0.476405985639675 0.456897423965562 0.431825273578429 0.409010637639218 0.38734453858019 0.37002129969911 0.353796515768911 0.338984045571988 0.334985498524817 0.334665215434008 0.336600313494898 0.338003435506 0.338579993635343
0.417826332823509 0.395387619007553 0.345687594004528 0.272076434896811 0.208140082622316 0.151830157114893 0.124719442155775 0.110798484571027 0.110781698705257 0.117886527238192 0.119247673961258 0.0672794124313364 0.0353307823883376 0.0287690385287422 0.041117719215457 0.0586594093045669 0.0664377345649187 0.0680674474874716 0.0602788588588935 0.0879112581005351 0.128771501776267 0.137488023256634 0.140055408999191 0.131155725098635 0.104210492227581 0.0682596043870697 0.238297490710668 0.385103603318092 0.471350701496754 0.539252721708416 0.595966732960385 0.601344476161944 0.596318612258635 0.570847713809999 0.525446023079386 0.465328069525401 0.490278741935684 0.519433164956135 0.526344195679716 0.52362709003567 0.512348966116967 0.504776312184326 0.496735128523009 0.48296120534069 0.461051173730936 0.430446790608744 0.405442343526202 0.382300820037177 0.362664181660003 0.34269230077293 0.322289389373107 0.316620339890109 0.31598750948776 0.318737738921307 0.321337636010038 0.323703952495781
0.419530073132739 0.405026549441222 0.381257260426784 0.34936088773326 0.267621166089511 0.187057936614226 0.155345887990023 0.140306760435254 0.14284363151537 0.10407003663555 0.0583095759466539 0.0341793196816541 0.0463395273560615 0.104519656934349 0.0919204372074826 0.058815456225605 0.0494310643748063 0.0452807730796441 0.049147955431157 0.063915772817288 0.0833381155294425 0.111093719811369 0.12819636969154 0.125433110728829 0.113352518401589 0.0966220985931489 0.181406471832652 0.240747686956181 0.238075037782915 0.328527505747373 0.47577366228505 0.531916242718685 0.568564914178316 0.565953150658709 0.527651918850044 0.462998719295317 0.499560796953958 0.538176304834481 0.539322339560257 0.531860866129027 0.516745883044659 0.509863852994803 0.502735927566297 0.48688316396321 0.464348547066124 0.434673614647104 0.409515637525212 0.386193832516141 0.368157252700072 0.347445201231362 0.323293222294542 0.312721012720808 0.307192409613464 0.309843766951546 0.312156950754491 0.313944693553046
-9999 0.405658348728731 0.399272123804793 0.38728448523163 0.306849545943281 0.224316876182857 0.19058239070729 0.174733701716487 0.177739581357715 0.122200529231383 0.0588579190395836 0.0411477013852581 0.0654816747255244 0.143131868803931 0.11226754482305 0.0510021999167478 0.0385443976571731 0.0324837516193997 0.0362221208807737 0.0438119348070987 0.053773227209565 0.0893754797674664 0.113514098472795 0.116275032027621 0.113574299769681 0.108147915997971 0.132772256661957 0.136177221291598 0.0897599441769823 0.184142186917542 0.364393036621436 0.457965270982352 0.525123339565773 0.532210487606789 0.512288241190633 0.472423117346002 0.509202560191976 0.545205745148938 0.544134309954812 0.535532208361676 0.520234088951526 0.513574755487896 0.506466251549749 0.489238195473539 0.467148727968368 0.43986429284607 0.414429614064906 0.3902279085554 0.371735943724245 0.351366260884456 0.328582344371556 0.310770426287673 0.296082379702944 0.300477200530295 0.303758762410374 0.305310585447456
-9999 -9999 0.395383887295409 0.376097606016011 0.320808659652825 0.264110090945178 0.231570854078334 0.215297654029391 0.216171529751743 0.180191222043266 0.136122797083324 0.0981094550494418 0.0947718553586261 0.135406549801371 0.0946152357248162 0.0332456566204291 0.0352936495557176 0.0321508042817643 0.0210567536183894 0.0285636989209229 0.0440074385594902 0.0734915566054841 0.0953092852808876 0.102830529934442 0.102666305855672 0.0986666384886434 0.0944400423679571 0.0812469992966289 0.0474500190068836 0.122529052413669 0.264007684607853 0.378371285858282 0.46210802631086 0.462474096109593 0.475003034656888 0.496512648465743 0.519293130804679 0.537620021114806 0.538757358655943 0.533511009109874 0.522588497560428 0.51556802853801 0.507363707405768 0.489638174513722 0.469328562661396 0.446257570350961 0.4203925088759 0.394437989374879 0.372926065841953 0.354249434085405 0.33921821492444 0.311251280577131 0.28208401526153 0.290520978762237 0.296336894220318 0.298080326255026
-9999 -9999 -9999 0.370309010824292 0.324117991344409 0.279602475995657 0.283240473252674 0.287245005669043 0.291635926375354 0.26344492182784 0.230981942285513 0.224421019945306 0.220034481765874 0.218405279216953 0.155472677181605 0.0767211733111597 0.0418035078378045 0.0184639531731218 0.0128594796938501 0.0159372106758231 0.0231134091852206 0.0491413289210426 0.0684080365896558 0.0750662586186017 0.0798805726438465 0.0837746819524654 0.0789204202166522 0.0679952797627383 0.0434184229251511 0.0751731872390783 0.14128259879358 0.269093200381911 0.373748875925426 0.400006678430357 0.429346927930131 0.46096315820746 0.45168017860763 0.447968252585226 0.483287789329697 0.507528167312122 0.521917326220769 0.515193306228191 0.503865285641684 0.488496168313002 0.470181771012396 0.44872000914471 0.424404076769275 0.399900980707798 0.379230105951863 0.362335063170225 0.350294711377565 0.323342199524487 0.293769271792465 0.291969025937323 0.291954292623334 0.294713819875277
-9999 -9999 -9999 -9999 -9999 -9999 0.357834090882273 0.362330583849649 0.371567119304315 0.351547630267075 0.331732688113792 0.364019109093708 0.364780268983402 0.325564258677812 0.239932098990137 0.140849187011845 0.0572817521039456 0.00800871911761566 0.0112670543600798 0.00702953815473537 0.000697499092827323 0.0231727828851013 0.039662007887149 0.0449882734161727 0.055214703796579 0.0678865678967998 0.0704572729868505 0.0668122105367324 0.0492293507114077 0.0343299609458081 0.0210671238907107 0.156088494132983 0.277055405651635 0.329717352810539 0.367948818840925 0.395525276783798 0.351701734702238 0.326457514834447 0.402398465494377 0.464108652116935 0.513165317192387 0.51094937000435 0.499324220103188 0.486824808718087 0.470509822513493 0.450117463324191 0.427505792169718 0.404926925721686 0.386642268904898 0.371466348070048 0.360287414564445 0.337618762633794 0.312095073545024 0.297439630276829 0.28999372412249 0.293749718852412
-9999 -9999 -9999 -9999 -9999 -9999 -9999 0.362330583849649 0.371567119304315 0.405577960629353 0.437300691270941 0.409805925747734 0.392145169806098 0.386954917236958 0.315374363187687 0.223426910394172 0.140142244699952 0.081350283808172 0.060075679184583 0.0310915288917261 0.000261839532067339 0.00869900862915542 0.0206516484322058 0.0391600302342043 0.0511059761757596 0.0597769298621627 0.0616268728521821 0.0556092660142534 0.0317428635843995 0.0171265464619709 0.00815152655744201 0.105494805511745 0.175151824313178 0.14498523374044 0.157367193607583 0.201165649225023 0.158406898901626 0.1327706729149 0.20964106586458 0.307266839782876 0.423347607376502 0.471133172052268 0.498453918360459 0.484583609852219 0.469555943838654 0.453291510509782 0.427162038398183 0.400571263366053 0.388593962358638 0.374115655233584 0.35642173577585 0.335750816300632 0.315203423996674 0.308345614885844 0.304807951533041 0.30642900268789
-9999 -9999 -9999 -9999 -9999 -9999 -9999 -9999 -9999 -9999 0.500749032677087 0.437324657636986 0.407941226293144 0.421725101188534 0.372166637273104 0.302578194550774 0.234080348841847 0.176888092078098 0.137013473839748 0.0723393364015279 0 0 0.00703754880150502 0.0271989032343374 0.0418852118270368 0.0538391915856946 0.0583070095678437 0.0532717305863505 0.0266510079385478 0.012349312998895 0.00556055382443232 0.0716265449725391 0.10520775824646 0.0313646871073036 0.0399034923350252 0.109270453681448 0.0547092610466927 0.012480202836709 0.0715422473639414 0.1710059983628 0.306393601519988 0.406685104577352 0.483600088801718 0.474451685932167 0.463537459545177 0.450736251131526 0.426194784133208 0.400933206700124 0.39180174006267 0.376773914565162 0.354164978356017 0.336306675987853 0.320924435070902 0.31736759740796 0.3159044797979 0.317694503705998
-9999 -9999 -9999 -9999 -9999 -9999 -9999 -9999 -9999 -9999 0.500749032677086 0.437324657636986 0.406310172623841 0.416394655384825 0.400864883755658 0.376567948990293 0.344705578428461 0.305861943801632 0.256324571049863 0.139475565722287 0 0 0.00155228310277801 0.00599930445892281 0.0249637623799812 0.0511731661299721 0.0632881251820971 0.0642888964915945 0.0402302141466309 0.0262906670791073 0.0185224198202838 0.0629531845582714 0.0834069618983798 0.0248654025721672 0.0627110464543675 0.171725934145678 0.08597931685222 0.00275277778230433 0.0157801849550317 0.0657479811519968 0.148561941282901 0.305132008192293 0.447681710999984 0.452433308124152 0.449889739568883 0.439550461882623 0.424288299339541 0.408401670931479 0.396901661697452 0.379445659290273 0.354331872695411 0.340513715800704 0.330581113628398 0.323551551260089 0.321400729360723 0.326830306356606
-9999 -9999 -9999 -9999 -9999 -9999 -9999 -9999 -9999 -9999 -9999 -9999 -9999 0.41706492106666 0.408986241141239 0.398685869709113 0.392518127451112 0.375187289474714 0.340757080787682 0.231363594353043 0.0946094135257805 0.0456803446682374 0.0109602603496405 0.00273746316428365 0.0167335662572048 0.0418180407836632 0.0571773391153796 0.0643557266311541 0.0530658413043045 0.0435562012244635 0.035132269246262 0.0592624174773116 0.066707653933017 0.0198869810377483 0.0396808575228319 0.108660797595976 0.0856444078253776 0.0601647872565815 0.0665141721902031 0.0710553439887693 0.0739887128748497 0.173758762967663 0.27873315108781 0.321943619527753 0.345720889242301 0.348731589504563 0.364800261099962 0.38194357364926 0.383163643990282 0.371915483456787 0.344636575663597 0.335760687297607 0.332712034711818 0.328055197751312 0.329582222933004 0.340717494761446
-9999 -9999 -9999 -9999 -9999 -9999 -9999 -9999 -9999 -9999 -9999 -9999 -9999 -9999 -9999 -9999 0.423481435038783 0.419277258328241 0.408633221392536 0.330953749160552 0.226024766038907 0.112759384047782 0.0314959179889257 0.00991046431349516 0.0136468047388153 0.030020019844525 0.0463828313111781 0.0592848815792427 0.064231791560025 0.0607373331926052 0.0520947852459734 0.0574286351774675 0.0527450463710015 0.0165218282400885 0.000747537753692312 7.20847553044043e-05 0.0717577843705562 0.138325826747859 0.153525210975285 0.117476701164688 0.0358602703520239 0.0386721450565491 0.0682852048712378 0.156399593408132 0.211302620389667 0.230715553532815 0.283945762986804 0.340632776297344 0.361047600875291 0.359723815778691 0.33045010250246 0.327167160784022 0.33191277954667 0.331851554554647 0.338597129743752 0.355918848694072
-9999 -9999 -9999 -9999 -9999 -9999 -9999 -9999 -9999 -9999 -9999 -9999 -9999 -9999 -9999 -9999 -9999 0.416735554120928 0.399656489515139 0.373614205759064 0.342709729090117 0.272639629649674 0.19661610422513 0.109490473840528 0.0577437063750004 0.0236528070230898 0.0271622889521803 0.0317462412416402 0.0374942093164488 0.0394585131122573 0.0391152949705702 0.0525772664181945 0.0587017110674979 0.0410571774037714 0.0220839078772966 0.00212954207013224 0.0281873327125829 0.0581249324022754 0.0820260636811947 0.0943724557909836 0.0964447585641889 0.125469497561835 0.160950809868873 0.204513960425725 0.227754247056911 0.229277256406813 0.240549362686185 0.259042946245564 0.312959191405325 0.330043879038554 0.299773220445765 0.310197847692563 0.332218396276373 0.334433295015469 0.341376259807174 0.355665511393599
-9999 -9999 -9999 -9999 -9999 -9999 -9999 -9999 -9999 -9999 -9999 -9999 -9999 -9999 -9999 -9999 -9999 -9999 0.387752765861061 0.405506822474217 0.428306948619786 0.385535192276466 0.313215867143314 0.185795460566417 0.0923211274908327 0.015787627083762 0.0128252503430639 0.0143211247005889 0.0235102101898692 0.0308584124867589 0.0370839257611619 0.0522159317612483 0.0626791532675534 0.057995562049645 0.0368515093827412 0.00355357575364181 0.00285254679272203 0.0097577762996259 0.0305174718184109 0.0764528381701446 0.144773572764302 0.183490752914491 0.214352718109048 0.232484711086619 0.235130856391976 0.22122862303066 0.209483293493458 0.208437565262562 0.282312500006669 0.310194219716223 0.278941198234339 0.294197580433222 0.323225275646447 0.336150992388816 0.347145683350879 0.355140020884653
-9999 -9999 -9999 -9999 -9999 -9999 -9999 -9999 -9999 -9999 -9999 -9999 -9999 -9999 -9999 -9999 -9999 -9999 -9999 0.417668935481664 0.456940390320272 0.412338142857817 0.340908996739893 0.219452346220098 0.10945548224082 0.00517763982061112 0.00743652354832795 0.0154275726076845 0.0328953010295404 0.0454902250325768 0.0551133993600519 0.0600819328989758 0.0630299575135333 0.0610136118642428 0.0395827958073925 0.00381695256988254 0.0109319715553866 0.0197213250770643 0.0156386712906552 0.0680332983930573 0.170645643164861 0.18878398688928 0.195809600899089 0.223545208482448 0.225878813642721 0.20106750792135 0.201010766392437 0.214606690016541 0.283625225427217 0.308357116964268 0.276148452775075 0.279972949010839 0.297193568453338 0.336285456214331 0.358394385676492 0.354115849122363
-9999 -9999 -9999 -9999 -9999 -9999 -9999 -9999 -9999 -9999 -9999 -9999 -9999 -9999 -9999 -9999 -9999 -9999 -9999 -9999 0.466691073453538 0.432212664715311 0.378476799852867 0.288829125601055 0.162233460488485 0.017198851897351 0.0172522531768114 0.025482154132859 0.0474687284746562 0.0609951203991745 0.069361948714565 0.0711532404152747 0.0721802634801354 0.0722295943141515 0.0525415551769742 0.0182800700960112 0.0150245259170874 0.0161029901622867 0.0195318232605752 0.0585999305314935 0.129357293732899 0.169007944821637 0.199949650170501 0.21521954769262 0.213638112668551 0.19404912404361 0.197369158889309 0.213811374202636 0.285136305710995 0.319387020721806 0.305970396195456 0.309632267054376 0.320176009131117 0.347794065195059 0.363325289552899 0.360076460678713
-9999 -9999 -9999 -9999 -9999 -9999 -9999 -9999 -9999 -9999 -9999 -9999 -9999 -9999 -9999 -9999 -9999 -9999 -9999 -9999 0.467187084559763 0.448691478510671 0.420884301807672 0.375712663865253 0.232480816642569 0.0403118928890097 0.0345198737483182 0.0399223259093032 0.0645850234504012 0.0769279243856913 0.0817574206325246 0.0837955079782356 0.0856433133785022 0.0874634842943352 0.0705129247239215 0.0397026550469469 0.017163066099986 0.00582800714000693 0.032625339841141 0.0486696730666318 0.0551527971958459 0.136945142485244 0.215206998091503 0.207194738319601 0.19993263357025 0.193472154255593 0.196095244449052 0.209602700479284 0.286744602150858 0.336723202494354 0.351777199442892 0.360799648028052 0.367180886023143 0.364877282495051 0.365159762768913 0.36946040037665
-9999 -9999 -9999 -9999 -9999 -9999 -9999 -9999 -9999 -9999 -9999 -9999 -9999 -9999 -9999 -9999 -9999 -9999 -9999 -9999 0.417638832295772 0.415623647312406 0.40003359466192 0.359128772656487 0.233319694343595 0.0651390351498188 0.0338144173448746 0.0170622226005761 0.0290553871002102 0.0517342906314566 0.0809300453988583 0.0829904363014663 0.0822250989264913 0.0783728031803876 0.0685851747511563 0.0544150855309388 0.0248066576720877 0.00235467081246427 0.0134980531911286 0.0302325934947584 0.051938605259164 0.131582855779153 0.199679938274742 0.156838417339055 0.150012537580539 0.181673441415552 0.22315233750478 0.266034801474011 0.301334461169833 0.323563041371515 0.328985775267431 0.346043882857901 0.365715071036644 0.370876709062658 0.376750114061159 0.383729435147276
-9999 -9999 -9999 -9999 -9999 -9999 -9999 -9999 -9999 -9999 -9999 -9999 -9999 -9999 -9999 -9999 -9999 -9999 -9999 -9999 -9999 0.398458223396327 0.387008913147758 0.354208628781204 0.238747407761684 0.082034137488032 0.0350931920320997 0.00506317052875403 0.0100948682158063 0.0383064415663137 0.080654594607231 0.083058620561367 0.080989022380036 0.0734684233788399 0.0688199469746658 0.0662921545052162 0.0309585382875988 0.000287181904159231 0.00164625840578288 0.0206753510795765 0.0554160337836115 0.129179897933501 0.187123120518079 0.129756458366425 0.124905115000206 0.176172325778217 0.239937342275893 0.299950274546886 0.30948846685149 0.315267267930899 0.316212516344502 0.339100349849058 0.367879233164904 0.381427160853708 0.392977800516383 0.401425131027208
