layers/veg/veg_4000.asc
NCOLS 255 
NROWS 330 
XLLCORNER -2985163.8955 
YLLCORNER -3022031.214 
CELLSIZE 25000 
NODATA_value -9999 
[rows 175 to 199 of 330, columns 57 to 113 of 255]
-9999 -9999 -9999 -9999 -9999 -9999 -9999 -9999 -9999 -9999 -9999 -9999 -9999 -9999 -9999 -9999 -9999 -9999 -9999 -9999 -9999 -9999 0.21207772339285 0.216281225702766 0.224625818722684 0.194686611666871 0.136486100185259 0.0874911020455774 0.0435793478657217 0.0145331909181692 0.000591867758824338 7.83543985529546e-05 0.0020189102851689 0.00361303325060944 0.00123059948312022 0 0 0 0.000531837156258646 0.00498145942534495 0.0634199355342857 0.19125816340817 0.262092647998272 0.310663505733653 0.311111744773045 0.326682556603415 0.365744923824602 0.390231060837025 0.408290632561444 0.410088509154073 0.409838159334421 0.4057114251783 0.411061362452528 0.421212267294321 0.428832803574626 0.431396731978445 0.422260220974502
-9999 -9999 -9999 -9999 -9999 -9999 -9999 -9999 -9999 -9999 -9999 -9999 -9999 -9999 -9999 -9999 -9999 -9999 -9999 -9999 -9999 -9999 0.171931517887968 0.163838557636201 0.167729805369016 0.146787536098776 0.107513032760909 0.0602260047558843 0.0193920078412339 0.00620565727726168 0 0 0.00103814337061613 0.00185785695604698 0.000632786263297485 0 0 0.00172929472156638 0.00404938079258595 0.0075665593970977 0.0663009847094863 0.19601419438424 0.248717984049567 0.277502231115552 0.318773631499713 0.348465424227689 0.360169338939204 0.371866216318803 0.383326674179906 0.386585858594382 0.387738806920406 0.38490558431668 0.38868134358507 0.395805272920963 0.408892438680946 0.416088327067141 0.409265961342352
-9999 -9999 -9999 -9999 -9999 -9999 -9999 -9999 -9999 -9999 -9999 -9999 -9999 -9999 -9999 -9999 -9999 -9999 -9999 -9999 -9999 -9999 0.187018207490961 0.188006680386951 0.180826293149565 0.146117801058495 0.0910879158456265 0.0443893283527594 0.00729678939097755 0.00233505341764984 0 0 0.000390630696678981 0.000699071031624278 0.000238103662631957 0 0 0.0237042481296225 0.0494564995336435 0.0470486210527323 0.0882933536998004 0.185651157114395 0.248248029556836 0.297887041200416 0.325965422053807 0.346230062605123 0.35435676104482 0.365333476569376 0.377295099351015 0.382896827751981 0.385543632718164 0.382598077948436 0.386608303920492 0.394142391408042 0.405764288714594 0.41385542916281 0.413522868988244
-9999 -9999 -9999 -9999 -9999 -9999 -9999 -9999 -9999 -9999 -9999 -9999 -9999 -9999 -9999 -9999 -9999 -9999 -9999 -9999 -9999 -9999 0.229904510425021 0.217748464831926 0.201046563342738 0.157087105547968 0.0930059750056737 0.0404034938210132 0 0 0 0 0 0 0 0 0 0.0401250706675148 0.0833051110152393 0.0757841898752251 0.104856150483826 0.180966281549809 0.248584178796446 0.309918319788938 0.326741124951966 0.340765732385834 0.350443591560819 0.361220763161766 0.372286563083178 0.377694022949326 0.38038042898507 0.377917086739259 0.383042687841069 0.392012916368425 0.399801967361103 0.407384773507869 0.414537102948546
-9999 -9999 -9999 -9999 -9999 -9999 -9999 -9999 -9999 -9999 -9999 -9999 -9999 -9999 -9999 -9999 -9999 -9999 -9999 -9999 -9999 -9999 0.252275288824048 0.255965905583763 0.23209969972814 0.185755456769756 0.122817807508995 0.0544387858231718 0 0 0 0 0 0 0 0 0 0.0480999366832108 0.0995771381388171 0.0881779739330867 0.113162402389735 0.184915971502262 0.250146139460899 0.309246699314726 0.317760126279456 0.330391231877624 0.349418780530551 0.360788092184441 0.368833722820562 0.370189279400249 0.370703855120778 0.36962682699802 0.377207367319935 0.389173910219055 0.389529828887386 0.394469920092746 0.410620325810194
-9999 -9999 -9999 -9999 -9999 -9999 -9999 -9999 -9999 -9999 -9999 -9999 -9999 -9999 -9999 -9999 -9999 -9999 -9999 -9999 -9999 -9999 0.288846488756209 0.281210448957247 0.255836519074582 0.205993807939147 0.138088112602956 0.0613502207348625 0 0 0 0 0 0 0 0 0 0.0289681938088496 0.0639171781901585 0.0900732527060651 0.126296514221841 0.175460600168426 0.22048792532431 0.263891265536228 0.303697710648799 0.334802265982801 0.352389218950891 0.360755359775319 0.365211813421347 0.364849301339264 0.364483111506369 0.364109961322043 0.370189738920717 0.379538628172117 0.380444363027726 0.386380464187756 0.404431634627135
-9999 -9999 -9999 -9999 -9999 -9999 -9999 -9999 -9999 -9999 -9999 -9999 -9999 -9999 -9999 -9999 -9999 -9999 -9999 -9999 -9999 -9999 0.307172171865063 0.300679789018063 0.276195049995424 0.222094255888473 0.146130732716661 0.0649542654498286 0.000388572629460437 0.000124347544900871 0 0 0 0 0 0 0 0 0.00926277634400172 0.0867599113388188 0.139871016824175 0.16163520022985 0.180476635349435 0.203327613385449 0.28854181971306 0.34504823740928 0.356959689942929 0.360982643515068 0.361723576081623 0.36054565715188 0.359771758828311 0.359762492354028 0.362776248819602 0.367321496083071 0.371907491597582 0.380226988506566 0.397264660132689
-9999 -9999 -9999 -9999 -9999 -9999 -9999 -9999 -9999 -9999 -9999 -9999 -9999 -9999 -9999 -9999 -9999 -9999 -9999 -9999 -9999 -9999 0.307474126753677 0.30250773996955 0.283026222234213 0.215367105703204 0.112143030015184 0.0548565058287597 0.0122440905669269 0.00391824458571724 0 0 0 0 0 0 0 0 0.00569938092672801 0.0533833232634711 0.109581875828363 0.17672549935108 0.202634935606401 0.220223218822935 0.300963016308292 0.353350172753176 0.361694053845107 0.364172868550457 0.36417125796864 0.361329304988922 0.358902395328889 0.357260978626927 0.357605253658965 0.358955498105917 0.365583928308884 0.374374357746096 0.387985424885122
-9999 -9999 -9999 -9999 -9999 -9999 -9999 -9999 -9999 -9999 -9999 -9999 -9999 -9999 -9999 -9999 -9999 -9999 -9999 -9999 -9999 -9999 0.310699928160015 0.305390906577885 0.28895137056064 0.215147383583748 0.0989966544187127 0.0519200107508382 0.0186215911210545 0.00595911539437633 0 0 0 0 0 0 0 0.00290137688189024 0.00833580475015684 0.0271366218814302 0.0807073546187456 0.178972933427531 0.218818647155837 0.243367967579307 0.313248939526776 0.358285437830695 0.364728283002966 0.366285550305 0.365743319286697 0.361665217095634 0.358053098559208 0.355322880446024 0.354486499100692 0.354609552612583 0.360689421585218 0.368126118106244 0.378473466457076
-9999 -9999 -9999 -9999 -9999 -9999 -9999 -9999 -9999 -9999 -9999 -9999 -9999 -9999 -9999 -9999 -9999 -9999 -9999 -9999 -9999 -9999 0.313484838424155 0.310226858730753 0.293199828072656 0.226970329118566 0.124419306902335 0.0622361752498252 0.0148614547954993 0.00475583012638251 0 0 0 0 0 0 0 0.0111720513072984 0.0224456343303971 0.0140845121247942 0.0544507334104786 0.157453319463072 0.223945765309531 0.278077401392839 0.325284525391984 0.356990331906112 0.364616237244491 0.366404126941041 0.365694954317042 0.361172547995948 0.35724093734519 0.354427440916971 0.355165627710842 0.357703129389147 0.358439531613022 0.361145763380786 0.368530829750357
-9999 -9999 -9999 -9999 -9999 -9999 -9999 -9999 -9999 -9999 -9999 -9999 -9999 -9999 -9999 -9999 -9999 -9999 -9999 -9999 -9999 -9999 0.292468326483723 0.290303907716521 0.272453484071208 0.203850207271739 0.0977809048784103 0.0455245944806192 0.0082017755094717 0.00262465899836297 0 0 0 0 0 0.00931178467261895 0.0285721162504285 0.0450881219036758 0.0589261853949243 0.0580439882728228 0.108483133530709 0.22489308883727 0.285825748076173 0.326983216507056 0.345122433675896 0.359406842875985 0.367703154933447 0.368809898819115 0.366885929829974 0.361826591336295 0.356936517582374 0.352366786922353 0.352468004504332 0.354935566765921 0.354933315948055 0.354780214187624 0.354381901235814
-9999 -9999 -9999 -9999 -9999 -9999 -9999 -9999 -9999 -9999 -9999 -9999 -9999 -9999 -9999 -9999 -9999 -9999 -9999 -9999 -9999 -9999 0.274632100905961 0.258121640200371 0.239331019019967 0.163428102389225 0.0453645861057484 0.0154302850283327 0.000106393897560271 3.40472255403708e-05 0 0 0 0 0 0.0232342790656518 0.0712916530824364 0.0917024540649974 0.106483550048534 0.130232625913362 0.202270466147428 0.336380901406416 0.375806787056206 0.382918338629438 0.368823644761848 0.363661152795832 0.372374032344506 0.372348170395763 0.368690562059728 0.36304842682172 0.356883504883489 0.349729179545366 0.34809839005534 0.349265873847225 0.350805033376763 0.348719084602902 0.338150236574864
-9999 -9999 -9999 -9999 -9999 -9999 -9999 -9999 -9999 -9999 -9999 -9999 -9999 -9999 -9999 -9999 -9999 -9999 -9999 -9999 -9999 0.376614442017904 0.327600402166924 0.28123533040629 0.251668968159665 0.166965134466753 0.0415585266832376 0.0132138243837239 0 0 0 0 0.0471865952547648 0.088707281016682 0.0587876665715246 0.0745529846591516 0.139127280847326 0.164569538271111 0.184215895997631 0.232560401236631 0.293445623808742 0.370451260280615 0.393501218377957 0.398269504985744 0.392621679386643 0.388964008473328 0.388397863696708 0.380896511525907 0.370595113946153 0.361604255771825 0.353686490145999 0.347799612864187 0.345326754911553 0.344583470068516 0.339300483023272 0.334663944995359 0.331734135140983
-9999 -9999 -9999 -9999 -9999 -9999 -9999 -9999 -9999 -9999 -9999 -9999 -9999 -9999 -9999 -9999 -9999 -9999 -9999 -9999 0.376545276589499 0.3765795627623 0.338412039345728 0.299005213838437 0.26315351741569 0.170251813854599 0.0352354922033152 0.0097684780210844 0 0 0 0 0.0814090127546571 0.154562867684758 0.112131288361624 0.122359983659341 0.188849989814713 0.222877373166626 0.252309870789004 0.307119909336378 0.354739111453724 0.39311488223788 0.404953721080033 0.408001125492195 0.408442887548843 0.406300858699449 0.400145143288482 0.390154796690898 0.378598949018762 0.367160433562719 0.356693530555683 0.348065459064472 0.342146102849062 0.33759900632256 0.328631707809688 0.322998299690659 0.325343207922514
-9999 -9999 -9999 -9999 -9999 -9999 -9999 -9999 -9999 -9999 -9999 -9999 -9999 -9999 -9999 -9999 -9999 -9999 -9999 -9999 0.376505546433891 0.376475877995395 0.339935778260229 0.302912644370445 0.271312056943227 0.171632971286446 0.0216979768768509 0.0026749024023038 0 0 0 0 0.0846413036295331 0.165624802412662 0.151277902671553 0.161025078570314 0.196513940952151 0.247194049153792 0.297512844773385 0.317454642614004 0.347983848995702 0.39212259646461 0.404369920026423 0.406152839435342 0.406074563794068 0.40483668884703 0.401797480773744 0.400879582066135 0.400505678304732 0.388757852715075 0.373940833260307 0.353315190816904 0.337984401946442 0.325336033846345 0.320092406329427 0.317023252913454 0.318711645156033
-9999 -9999 -9999 -9999 -9999 -9999 -9999 -9999 -9999 -9999 -9999 -9999 -9999 -9999 -9999 -9999 -9999 -9999 -9999 -9999 0.369496766397092 0.370679468311356 0.328821666584588 0.287281824869775 0.25469611907236 0.163345095705188 0.0286132029825086 0.00667765985444616 0 0 0 0 0.0650081781995058 0.135729716439764 0.176225377828428 0.212440175885373 0.244081374879668 0.287028267854726 0.324120720617853 0.297459904026162 0.310280130419452 0.373851102340816 0.394645752139146 0.40115832167916 0.402077590794109 0.402462026331616 0.402015646056035 0.400330953509847 0.397930799217824 0.388196861159556 0.374873701698977 0.354757737721954 0.341443415322882 0.331574866143018 0.327456097002439 0.322684880119398 0.316140443642438
-9999 -9999 -9999 -9999 -9999 -9999 -9999 -9999 -9999 -9999 -9999 -9999 -9999 -9999 -9999 -9999 -9999 -9999 -9999 -9999 0.366127626606752 0.361886941111589 0.310057064536073 0.25982326672703 0.223082622915964 0.149203942823797 0.0479097672207254 0.0173977296159702 0 0 0 0 0.0315331699220228 0.0810407550892412 0.192577215885569 0.271573656160479 0.315804911045625 0.336256236726669 0.339471807320267 0.259104817619199 0.253841353701869 0.345119410401448 0.37938834203107 0.394259190859636 0.397094693385391 0.399536185013832 0.401365616184917 0.392957814397957 0.380535653992048 0.374221981966293 0.365930411102509 0.353895554814375 0.349515729102781 0.34901401120539 0.344446874773901 0.335390922168307 0.316027235634466
-9999 -9999 -9999 -9999 -9999 -9999 -9999 -9999 -9999 -9999 -9999 -9999 -9999 -9999 -9999 -9999 -9999 -9999 -9999 -9999 0.354552310178873 0.354109729841751 0.29473515605353 0.230556030646156 0.163510351862755 0.0946432922884522 0.0244316797464406 0.00794393084082195 0 0 0.0194757174479031 0.0562648481552828 0.0654653737017326 0.0841587947228523 0.17579668849037 0.246867168950227 0.295963786911808 0.324736555524794 0.339552933876107 0.288638854039923 0.275119829850247 0.309670127280215 0.3445463654648 0.377352619945951 0.382779299552863 0.387701052612175 0.391838447736819 0.388215725645546 0.381364005933211 0.37261096677179 0.362280361774555 0.348964124203186 0.340352272834634 0.334123706119456 0.327128578610472 0.316343382604774 0.296739372466365
-9999 -9999 -9999 -9999 -9999 -9999 -9999 -9999 -9999 -9999 -9999 -9999 -9999 -9999 -9999 -9999 -9999 -9999 -9999 -9999 0.351602143039754 0.349922767441506 0.285910296089075 0.211078717885563 0.116652592311577 0.0503669067131678 0.00485464327380562 0 0 0 0.0379068319458314 0.10951186518213 0.0999238248468488 0.0912414755051897 0.160874758189017 0.221945963439475 0.273869595808202 0.310332522130143 0.337033921361084 0.320033904037253 0.305598363464017 0.294459319060642 0.324495456565702 0.365130541111427 0.371522361308559 0.376726120633294 0.380084334350326 0.379043181039364 0.37603131851022 0.367020757244623 0.355167949129331 0.337936028088592 0.324911905125079 0.314019490773403 0.306277300778436 0.295865335067331 0.279081233674446
-9999 -9999 -9999 -9999 -9999 -9999 -9999 -9999 -9999 -9999 -9999 -9999 -9999 -9999 -9999 -9999 -9999 -9999 -9999 -9999 0.35339463999833 0.354600690960433 0.295058418345543 0.219940161124287 0.111199139731413 0.0427787461549122 0.00412325405380689 0 0 0 0.0498507681858349 0.144017590617807 0.123781091321404 0.099286245711432 0.157222130540138 0.211468879534804 0.26177422071401 0.298585821248035 0.329817247391304 0.344560651122091 0.348444057508374 0.338367524642898 0.350286831283864 0.368110593437328 0.370693418375186 0.369812857306037 0.363552237873279 0.356720307856132 0.34979566476946 0.347823389943122 0.33719725050141 0.310193182797546 0.294605859585371 0.284802362522979 0.281478654073704 0.276997160930552 0.269530526116753
-9999 -9999 -9999 -9999 -9999 -9999 -9999 -9999 -9999 -9999 -9999 -9999 -9999 -9999 -9999 -9999 -9999 -9999 -9999 -9999 0.384221884174343 0.344536617901145 0.275168140722208 0.201518824412074 0.121053686875084 0.0571637676730332 0.00550976262687036 0.0116495486752549 0.0191775772725491 0.00613703712044653 0.0614470934621392 0.177519076895571 0.136213243757824 0.0890716687826107 0.155437166632777 0.206400613934186 0.240908781425379 0.289299701036268 0.33718578555483 0.356024868753198 0.36140437567837 0.349482325230387 0.354166021585153 0.362831623282307 0.354004492832752 0.345722784295052 0.338288339594714 0.329094802353049 0.319549464691215 0.322923297977103 0.317934099291465 0.297117389572155 0.284201647326902 0.275288606755345 0.271750326109543 0.268479878750325 0.265601878826508
-9999 -9999 -9999 -9999 -9999 -9999 -9999 -9999 -9999 -9999 -9999 -9999 -9999 -9999 -9999 -9999 -9999 -9999 -9999 0.408875334056759 0.374875496272142 0.320145118894394 0.233989202257674 0.163095908701545 0.142130850128005 0.0876577904709142 0.00844894655392907 0.0318396261581269 0.0524146392274885 0.0167732650491963 0.0727885778401327 0.210284334354778 0.140269405132867 0.0654707809706448 0.155021426240597 0.205297666632899 0.213613823879414 0.281817484193149 0.355247049064387 0.357912671691356 0.352455097116639 0.336555591861064 0.341980929271989 0.351497790283468 0.325688280934692 0.309040031342872 0.306622974022684 0.297581825725862 0.286363048860034 0.293842418786023 0.297723423948443 0.29479432026607 0.288387887042238 0.280219807181929 0.273070365333821 0.267551052861737 0.265794881997648
-9999 -9999 -9999 -9999 -9999 -9999 -9999 -9999 -9999 -9999 -9999 -9999 -9999 -9999 -9999 -9999 -9999 -9999 -9999 -9999 0.375774288688138 0.322490719628222 0.212005706048345 0.124502881546938 0.114026107616139 0.0722627760207961 0.00740354148885946 0.0348948775705206 0.0630865537210695 0.0527470907834278 0.105835579699945 0.215309890889287 0.174969691021124 0.129713013771083 0.195730864373328 0.227559872265283 0.222862122151585 0.259538327703853 0.302264535022477 0.314074217594758 0.317489953511237 0.310115724966371 0.315275130701084 0.322963635576453 0.311453738066448 0.302878942062967 0.298863562011466 0.287584704379511 0.273983912688907 0.283199925266349 0.289781827696024 0.291378527681223 0.285787335531994 0.276554692133752 0.272218910614119 0.268181183810808 0.264627215764502
-9999 -9999 -9999 -9999 -9999 -9999 -9999 -9999 -9999 -9999 -9999 -9999 -9999 -9999 -9999 -9999 -9999 -9999 -9999 -9999 0.313551481949919 0.319790114057383 0.195000770363873 0.0937012444226377 0.0846776103375298 0.0552298286848259 0.0107048328866229 0.0397475587496782 0.0722442418677317 0.0848524123671964 0.132462675700801 0.211188901761072 0.201536956263947 0.186719670762761 0.226119457247192 0.241032725249156 0.22978502773997 0.237824192686646 0.251595274972793 0.272403043361554 0.285151535459046 0.287540263749027 0.292272599838926 0.297492111613364 0.29930141144477 0.298378804690636 0.29321242700124 0.280763366207396 0.266050754977778 0.276481146169826 0.28435783294238 0.287401489659098 0.282428394221414 0.273393939542422 0.270639392059978 0.267324177520172 0.262427114257209
-9999 -9999 -9999 -9999 -9999 -9999 -9999 -9999 -9999 -9999 -9999 -9999 -9999 -9999 -9999 -9999 -9999 -9999 -9999 -9999 0.307379552555784 0.303683077706866 0.188069064055312 0.0917529250178043 0.0720430576051457 0.0520281845671553 0.0317881547575791 0.0586632092312952 0.0855850874026721 0.0916908325942136 0.125972175673498 0.185300902571542 0.184786113399119 0.178941675939644 0.200567694058276 0.211916748377753 0.212286075395385 0.224607901230924 0.240250407501457 0.25854823529256 0.273787031687392 0.285093608662043 0.289240199725957 0.290785296677682 0.288739424746688 0.286790315140804 0.284991517095754 0.276350888892419 0.265525260482152 0.276267230887198 0.282917697585087 0.281824762094651 0.279208515508765 0.275820545726785 0.267311372923554 0.260298606614127 0.257002943295612
