layers/veg/veg_5900.asc
NCOLS 255 
NROWS 330 
XLLCORNER -2985163.8955 
YLLCORNER -3022031.214 
CELLSIZE 25000 
NODATA_value -9999 
[rows 200 to 224 of 330, columns 57 to 113 of 255]
-9999 -9999 -9999 -9999 -9999 -9999 -9999 -9999 -9999 -9999 -9999 -9999 -9999 -9999 -9999 -9999 -9999 -9999 -9999 0.362244413053756 0.362234367131567 0.340757339598093 0.279248121581256 0.197849671630863 0.106525474301214 0.10080736266615 0.0998168520240011 0.106720724944588 0.131987465484183 0.168453064257941 0.223371303032205 0.261222657340452 0.2463412578322 0.231536961691808 0.216789596224815 0.228523807597301 0.242674929947955 0.254038434068994 0.267138510930121 0.281782690449905 0.289829106519743 0.296749501209669 0.303985103685817 0.306016936546343 0.302487953369144 0.294038610588041 0.285887190561371 0.288916047811747 0.294948761747482 0.304843616817111 0.30887037399408 0.310254586483107 0.302270961962588 0.294012019602211 0.285325298994073 0.278918424339618 0.273487914787317
-9999 -9999 -9999 -9999 -9999 -9999 -9999 -9999 -9999 -9999 -9999 -9999 -9999 -9999 -9999 -9999 -9999 -9999 -9999 0.300549261820726 0.329445808611578 0.329450539876616 0.275577055587986 0.227188737298402 0.181537798321487 0.161244710986341 0.152916327772692 0.171211337864947 0.191442271093523 0.212853854817747 0.228894135228791 0.243262152087387 0.253805383754008 0.249710461361943 0.234807191798883 0.240118830041093 0.245230851483586 0.240583599700083 0.249820103824955 0.271401581422794 0.279432667587978 0.286229586586432 0.299116080838125 0.304241068869485 0.30107201018952 0.288096348635117 0.276173978273912 0.289921372708522 0.301359714278983 0.309829243092688 0.313932974961351 0.315704575432532 0.305895172198089 0.295425375825734 0.283929486049779 0.275858715275303 0.269365425035455
-9999 -9999 -9999 -9999 -9999 -9999 -9999 -9999 -9999 -9999 -9999 -9999 -9999 -9999 -9999 -9999 -9999 -9999 -9999 0.299220696420186 0.285307317404985 0.273075288491394 0.263978685356594 0.225355370369233 0.171996710961955 0.150509004416765 0.142827761183816 0.16577748125405 0.190147292893328 0.215383167747307 0.23547324674625 0.250395034302192 0.251354578461303 0.25023097377404 0.247569238264394 0.24776454219797 0.247993843344919 0.24707602947417 0.247755248764641 0.249854496766421 0.272788790209327 0.2972577367397 0.310531540543401 0.31559475287625 0.311884020145647 0.293203684925704 0.27609099919575 0.297866604607768 0.313145713323126 0.320072097609033 0.323021440605055 0.32351275531662 0.309252800891177 0.297143615929321 0.288376213661073 0.282488084120049 0.277771674876233
-9999 -9999 -9999 -9999 -9999 -9999 -9999 -9999 -9999 -9999 -9999 -9999 -9999 -9999 -9999 -9999 -9999 -9999 -9999 0.230640519588033 0.232791492877357 0.237030631800117 0.245163836778001 0.217078824741992 0.170919063826393 0.149570711375416 0.141554549251291 0.163324298918979 0.186125322153787 0.2095552823672 0.233876485420653 0.251259373754719 0.248440233688264 0.246959394501667 0.246466714100036 0.246012200535363 0.245764048667449 0.246269113992213 0.243025349847046 0.236448251360193 0.267228603200544 0.299789827971121 0.307379150956184 0.311946442427183 0.31328435163278 0.295052936291584 0.277892025813155 0.304354329457314 0.321624555056186 0.327076273168441 0.328738517026178 0.328145777685852 0.31459480384899 0.303589464954962 0.296539435516563 0.295149348794989 0.295880441898814
-9999 -9999 -9999 -9999 -9999 -9999 -9999 -9999 -9999 -9999 -9999 -9999 -9999 -9999 -9999 -9999 -9999 -9999 -9999 0.230453519083055 0.226578836623312 0.222659248049168 0.218655917374803 0.201933578389127 0.178863801561988 0.159076875109833 0.149678877843724 0.164048641299672 0.179196262147985 0.194818270485454 0.223563898202084 0.245441181767798 0.245031736243984 0.239645285272374 0.230583971846382 0.234241136420023 0.238211732587272 0.237680788059578 0.23545440157569 0.231720484556673 0.262823675913503 0.293264761421263 0.288696818510788 0.292305372032563 0.304651436215145 0.293428931468998 0.28170148210396 0.309288290210131 0.326577827363528 0.330627880120955 0.330861550090033 0.32939394798932 0.322052233615639 0.315075144839723 0.308664597263542 0.314240869281108 0.324332502182368
-9999 -9999 -9999 -9999 -9999 -9999 -9999 -9999 -9999 -9999 -9999 -9999 -9999 -9999 -9999 -9999 -9999 -9999 -9999 0.214927476225515 0.215123738791737 0.212859813857614 0.206008066731163 0.19050542416335 0.170685540837214 0.160027799992906 0.157743993956219 0.174391734390014 0.185410418369555 0.192996141521232 0.216701854025195 0.234293615827686 0.231216923082115 0.227285437238321 0.22272279937031 0.233764491671681 0.24248692913938 0.235594576189672 0.230602170364501 0.227299134260842 0.245520883958319 0.264841643243419 0.270141849488022 0.276543160125911 0.284121125270373 0.286695196321167 0.290431098883097 0.311867067199192 0.325343264534841 0.328585365460439 0.330281967344284 0.331057440869234 0.32652968780917 0.320921191116606 0.313633476623873 0.314621117619027 0.318778394590178
-9999 -9999 -9999 -9999 -9999 -9999 -9999 -9999 -9999 -9999 -9999 -9999 -9999 -9999 -9999 -9999 -9999 -9999 -9999 0.2238195952356 0.215519985608473 0.206951746906295 0.197882561657623 0.180148136762523 0.158089312614678 0.157922138568349 0.164176661755963 0.184432857187037 0.192042133473961 0.191938504699824 0.209528614703914 0.221888618704593 0.215838200711668 0.21462150229595 0.216973868607126 0.233404446169607 0.245186883377287 0.233342586580208 0.225904115657267 0.222383158402939 0.225427249301387 0.232330817534191 0.252742952919335 0.263091804509221 0.26268689986961 0.279302478823303 0.299313974169029 0.313275207861686 0.322450464803567 0.325472259842584 0.329163117698152 0.332584948602238 0.329891196923988 0.325099156224057 0.317046874918358 0.311482450527697 0.30694950488985
-9999 -9999 -9999 -9999 -9999 -9999 -9999 -9999 -9999 -9999 -9999 -9999 -9999 -9999 -9999 -9999 -9999 -9999 -9999 0.224176878177575 0.227389879244311 0.221291541693976 0.197829175612602 0.170915295341467 0.14227893237025 0.148890914178974 0.158753268248264 0.174863232478075 0.177961231053126 0.173123695716001 0.193833697772295 0.209908161447201 0.207820896902536 0.208855531020777 0.212195275772921 0.213470233525549 0.214950028314357 0.218115096665269 0.217418473721618 0.213288163459724 0.208210188468291 0.209471661480697 0.243585798913686 0.259559385195104 0.256147742070127 0.276322669023051 0.300420699976808 0.310364420500247 0.318597689774941 0.32463178484885 0.32898065310044 0.332364699055868 0.330464659726254 0.327253450699991 0.32200499673659 0.316399713882294 0.310645037842396
-9999 -9999 -9999 -9999 -9999 -9999 -9999 -9999 -9999 -9999 -9999 -9999 -9999 -9999 -9999 -9999 -9999 -9999 -9999 0.225123714840335 0.229502624871056 0.223869862733435 0.199567071685493 0.169944188312062 0.137666305860057 0.141984619635027 0.150150763909499 0.165891124785989 0.167666637391023 0.160925486950916 0.180866070435694 0.196911582966087 0.196721547724537 0.194617698817828 0.191100750798301 0.18804878378725 0.1885754757836 0.202252020863439 0.206125410459667 0.201282160610832 0.194007524604165 0.193138953389346 0.226807959290528 0.245901407699868 0.249419225394095 0.270313255610113 0.293869456563916 0.305317923996249 0.31544372634539 0.3238689418293 0.328964767822186 0.3326549020046 0.332209113842173 0.33016713611854 0.325645060577982 0.320674392107694 0.31545044075596
-9999 -9999 -9999 -9999 -9999 -9999 -9999 -9999 -9999 -9999 -9999 -9999 -9999 -9999 -9999 -9999 -9999 -9999 -9999 0.224786411363139 0.218296502420392 0.211363045012157 0.203602446789226 0.179569492274198 0.147415796930155 0.13780373708122 0.13747076647344 0.157685385943965 0.162228322307536 0.157213657916861 0.17139643517579 0.182611738415966 0.181669200559084 0.169513949605416 0.149079588089517 0.155589463221564 0.167154670621669 0.185573749491449 0.191231579030927 0.1855425305711 0.183671093622946 0.185176996721771 0.200255910885972 0.219256499020505 0.242447839075239 0.260418105437844 0.277496184824282 0.297532190092435 0.313186051099218 0.323205668738477 0.329162535373712 0.333599805791359 0.33545546872599 0.334054808129946 0.327594597543154 0.324124897610609 0.321679350852957
-9999 -9999 -9999 -9999 -9999 -9999 -9999 -9999 -9999 -9999 -9999 -9999 -9999 -9999 -9999 -9999 -9999 -9999 -9999 0.198691679970134 0.199348139598467 0.194821853714022 0.180630648030829 0.166617783155752 0.152693919495738 0.150630754882668 0.150396394715585 0.153954090296897 0.15312632203522 0.149624015739091 0.155768704510356 0.158926108897251 0.151653851225552 0.143018126491056 0.1333756610629 0.143582791602013 0.156157851809533 0.168719799445588 0.178567704528974 0.186002373342699 0.189152953843081 0.191797997466132 0.195786256462572 0.209840979015309 0.234652855731635 0.253251016482947 0.270142467298242 0.285801125250459 0.301166422924983 0.316154539224294 0.3260106485809 0.333783515552419 0.336233259923399 0.335120950988697 0.328474060922841 0.326170502146488 0.325418443689183
-9999 -9999 -9999 -9999 -9999 -9999 -9999 -9999 -9999 -9999 -9999 -9999 -9999 -9999 -9999 -9999 -9999 -9999 -9999 -9999 0.187728915170557 0.178281838529708 0.151217605530066 0.147287129287382 0.154901584808267 0.167016557720811 0.170015144569126 0.151900923370576 0.143342839951104 0.140612704239715 0.138651566152383 0.133720661375863 0.120070354587518 0.118677252292967 0.126334479772491 0.13800062223632 0.148485160375592 0.152771757751803 0.167059035267014 0.190238584573975 0.198709094555108 0.202900214022928 0.198866818230697 0.206541263089713 0.226726859069863 0.246049260742417 0.26394559096581 0.272907544354178 0.286966489743128 0.307578777893239 0.32177160314381 0.333202401088687 0.336007633367799 0.335316732271949 0.329193673892488 0.327800330831481 0.328131929665916
-9999 -9999 -9999 -9999 -9999 -9999 -9999 -9999 -9999 -9999 -9999 -9999 -9999 -9999 -9999 -9999 -9999 -9999 -9999 -9999 -9999 0.178002795740585 0.150139153638125 0.139228792648577 0.136778988916262 0.159345461176107 0.170088122564314 0.15278166404562 0.139804228449141 0.129466909581933 0.127736815272731 0.127335710558639 0.129163205125696 0.126847911647124 0.12147371529914 0.130269689216377 0.140338944599623 0.148841922113265 0.160993763614683 0.176390053479557 0.19543509082532 0.211227740888209 0.207290832445243 0.210218482200003 0.220481688318217 0.227428859873101 0.235871055940941 0.261387040384986 0.284855332971232 0.305690851832923 0.317447742704265 0.32613734706377 0.333194619233593 0.336007784217665 0.332226619040709 0.329896463380784 0.328066572549701
-9999 -9999 -9999 -9999 -9999 -9999 -9999 -9999 -9999 -9999 -9999 -9999 -9999 -9999 -9999 -9999 -9999 -9999 -9999 -9999 -9999 0.135286100438142 0.138104527916148 0.133472988890834 0.125123534274669 0.152753944869481 0.168322696913467 0.15491478101524 0.139515314251808 0.122901271624283 0.118832851186249 0.119760508462349 0.132769774260685 0.133009352639563 0.123820200159256 0.13186011699676 0.141001695704851 0.146572412240158 0.155431748860592 0.167215216961115 0.189114247002211 0.209239679449904 0.211219581649307 0.214358183276557 0.21873498621501 0.218399713016558 0.220122565152365 0.245618570969997 0.271163018070572 0.296769747460561 0.309775544521673 0.31887680539244 0.330156091623235 0.33619803142934 0.334102384228204 0.331395311861683 0.328427219791038
-9999 -9999 -9999 -9999 -9999 -9999 -9999 -9999 -9999 -9999 -9999 -9999 -9999 -9999 -9999 -9999 -9999 -9999 -9999 -9999 0.134302296448879 0.134755367919668 0.136053338955269 0.131285753216131 0.12349114338367 0.147835610132756 0.163708031354284 0.15898888658465 0.144262925776309 0.123434164658237 0.113045294092658 0.11034060188422 0.127873459953264 0.13605681746408 0.137336801263729 0.147897205198859 0.155316976298512 0.146876149239092 0.150649704077572 0.165283880603248 0.178071274604707 0.191264059492577 0.208181368786012 0.219214659517263 0.223960211320055 0.224235519111528 0.22347752709341 0.223266415375146 0.23952170812934 0.276948309871192 0.296913943269379 0.311313288253809 0.326768053176396 0.335612109143312 0.334184700337016 0.331968462872397 0.329448107572739
-9999 -9999 -9999 -9999 -9999 -9999 -9999 -9999 -9999 -9999 -9999 -9999 -9999 -9999 -9999 -9999 -9999 -9999 -9999 0.130936711935737 0.131248770642593 0.131333173685815 0.130993038475072 0.126120194889355 0.118985297222107 0.152668203856013 0.174345472676659 0.16700681983508 0.145794942271257 0.116122279598126 0.110019787079691 0.109584711081684 0.121108877779548 0.131477439401209 0.140992739005945 0.151867133558406 0.159904025365673 0.156744009077871 0.157281369325323 0.16110631367815 0.167855385887467 0.176127074673607 0.189424348526134 0.202696393443117 0.215941478390742 0.220368262608287 0.222051355872722 0.219614739924605 0.227983898657405 0.250246339011178 0.274597019378727 0.298678783582755 0.310862078296933 0.321261511424456 0.328889249175511 0.329934924549562 0.328283351306348
-9999 -9999 -9999 -9999 -9999 -9999 -9999 -9999 -9999 -9999 -9999 -9999 -9999 -9999 -9999 -9999 -9999 -9999 -9999 0.119883135605016 0.124369360417905 0.126579318015522 0.124544432793462 0.11961751435683 0.113247322937303 0.16063701619564 0.189970025182307 0.175927627232502 0.145765718341603 0.105773094467686 0.108012896938721 0.11211178190826 0.113684008880494 0.12381521397158 0.140266096159017 0.150415366510321 0.159905014718036 0.169742659054445 0.168152438089867 0.156400939807802 0.158367161868743 0.162490786589464 0.165031719778516 0.178080324487358 0.202357563940326 0.212463681575053 0.218826541663531 0.223476768507304 0.224762856735182 0.221723579444825 0.248815001975654 0.283428151256232 0.289976948365507 0.301713733664003 0.321511415045924 0.326843596587107 0.326212856563911
-9999 -9999 -9999 -9999 -9999 -9999 -9999 -9999 -9999 -9999 -9999 -9999 -9999 -9999 -9999 -9999 -9999 -9999 -9999 0.119711833799935 0.118678256905702 0.116599815609032 0.112572883763248 0.108921061196554 0.105456437409397 0.139608670384043 0.163044197515657 0.160537940156389 0.137161408980718 0.101056841932473 0.102275069034899 0.105955960077543 0.109770943387896 0.117157801537796 0.127182018412191 0.131829816082101 0.138685712028569 0.156180691156657 0.164643336970553 0.165074732746737 0.162307739381209 0.16063963852373 0.167424373273391 0.174937077927458 0.183227700709809 0.20187099382098 0.220841382710757 0.223318744671017 0.225457479918323 0.227160833489962 0.236560076159535 0.249352586723716 0.273519201030573 0.296597993733184 0.317986571155938 0.32395322981985 0.323663546272997
-9999 -9999 -9999 -9999 -9999 -9999 -9999 -9999 -9999 -9999 -9999 -9999 -9999 -9999 -9999 -9999 -9999 -9999 -9999 0.110183483146979 0.110803169494527 0.109085449971912 0.103008874662041 0.100204369265135 0.09903279466575 0.123846718588614 0.14303968953791 0.148408834564225 0.130388434864305 0.0981035857883202 0.0974424116089767 0.099669066958897 0.104322951181129 0.109131493187547 0.114054229580597 0.116420456105095 0.122414342761212 0.143088317407254 0.158656712381911 0.169685395910808 0.167127467230687 0.164356360005644 0.172860042134929 0.175841497453404 0.172921829224572 0.191549407832227 0.213366086042989 0.219342403370668 0.225089624892342 0.230542291637055 0.22937740045367 0.228272739146182 0.254898565193268 0.281420003462277 0.307779248025217 0.315538458759812 0.315867022015302
-9999 -9999 -9999 -9999 -9999 -9999 -9999 -9999 -9999 -9999 -9999 -9999 -9999 -9999 -9999 -9999 -9999 -9999 -9999 0.110144610190904 0.109511706063963 0.106225218151485 0.0979902575804038 0.0952254308728673 0.0951904816709899 0.118027623833504 0.136102508460857 0.14243564808174 0.127072988702084 0.0984788350740891 0.0943186997407228 0.0931347136095959 0.0959770449862519 0.098520734004581 0.100843915008319 0.107007686488078 0.115484582668943 0.130882528951322 0.147992568110173 0.166624943248048 0.173607015080534 0.178585118900909 0.184040869195668 0.184387837639855 0.179275495210127 0.18173965709311 0.187973580312731 0.208157147476547 0.222715830145686 0.230042444159165 0.231771041590828 0.231728571091139 0.23219443482304 0.247244665798019 0.28495552445777 0.296693711904677 0.298163852305042
-9999 -9999 -9999 -9999 -9999 -9999 -9999 -9999 -9999 -9999 -9999 -9999 -9999 -9999 -9999 -9999 -9999 -9999 -9999 0.106919550826584 0.107104255477265 0.105282417575885 0.0997187264828666 0.0960313372505998 0.0932803189319643 0.115780675837197 0.131837482824315 0.132204998674435 0.118733858581101 0.0968230156440958 0.0922642931746707 0.0891560676173294 0.0869925190593671 0.0872178946320078 0.0892071757671403 0.0951368725159392 0.102944621399041 0.116005016068362 0.133876441903623 0.156025676461041 0.169914216899907 0.18118853193903 0.186779668728541 0.188893266485389 0.187290720705328 0.180330695670489 0.175231016847065 0.193625298905492 0.209737953448138 0.222917056758506 0.229414228470768 0.233062354258078 0.22805861300045 0.234492255157687 0.258696862824264 0.274803857262653 0.287537963508119
-9999 -9999 -9999 -9999 -9999 -9999 -9999 -9999 -9999 -9999 -9999 -9999 -9999 -9999 -9999 -9999 -9999 -9999 -9999 0.106887110277752 0.106026493796298 0.105308623606908 0.104856950447832 0.0997607136695891 0.0923466013029507 0.115338973175472 0.128922876548449 0.119822767710954 0.107855924026445 0.0941407609719579 0.0907502782941751 0.0864689919591982 0.0776852557508398 0.0755653007230714 0.0783656696775906 0.08202384387461 0.0875694492081334 0.0997773016447468 0.118015797707288 0.141616541282555 0.161080650029409 0.177916878024818 0.185252145560212 0.191356551813814 0.196145643658517 0.183167216515093 0.168881317616226 0.177402192604923 0.19140112294439 0.212443339672008 0.224656692210242 0.233323723855548 0.233306602829529 0.232566286339143 0.230702296610954 0.251375105426094 0.280488699417013
-9999 -9999 -9999 -9999 -9999 -9999 -9999 -9999 -9999 -9999 -9999 -9999 -9999 -9999 -9999 -9999 -9999 -9999 -9999 0.128013409197736 0.130262327216648 0.124098287583564 0.102245543811648 0.0917101674052 0.0868227380810287 0.104930330807328 0.11551959212374 0.108027252770674 0.0980769489832674 0.0866276203258952 0.0818850650737929 0.0782137435026687 0.0763819877188089 0.0742753346507706 0.0719657061753239 0.0779402605669406 0.085320058295205 0.0942507940857117 0.10748049492584 0.124532692347516 0.138583108687007 0.152229171032926 0.166563406145143 0.180495780921607 0.193998722505395 0.193714162118531 0.189664511993692 0.183040835155471 0.189516252010464 0.212833533797245 0.223217763722749 0.229176050977174 0.232098471632635 0.233641876591685 0.233042620114211 0.241417556354364 0.253554097267129
-9999 -9999 -9999 -9999 -9999 -9999 -9999 -9999 -9999 -9999 -9999 -9999 -9999 -9999 -9999 -9999 -9999 -9999 -9999 0.152867729562294 0.151933344880708 0.139672261563217 0.106288853479686 0.0918792993005578 0.0869386718902035 0.0987102413789347 0.105173815456842 0.0988550646245411 0.0891589009321531 0.0774029735578009 0.0731839855630804 0.0714251878815482 0.0753615818432428 0.0731201071333412 0.0663170907760614 0.0740419444223801 0.0829289708600759 0.0896755057737934 0.0990169381826296 0.110665667043068 0.120860619084042 0.132151238097759 0.1502925195775 0.168172400421606 0.185772945139352 0.196985149919822 0.203797854527302 0.189849989132372 0.191824536245021 0.214270966918575 0.221683966579964 0.224385008853252 0.229008318503754 0.232293990748507 0.23350129354989 0.234093974049639 0.234982540029824
-9999 -9999 -9999 -9999 -9999 -9999 -9999 -9999 -9999 -9999 -9999 -9999 -9999 -9999 -9999 -9999 -9999 -9999 -9999 0.152921365312293 0.153715267756866 0.146968418491883 0.126159377611386 0.11169024960437 0.100385063462926 0.102665390520006 0.10239037283962 0.0957693439295926 0.0822003086179098 0.0643939319325055 0.0651735235001249 0.0682868070304829 0.074664466225583 0.0718442070095218 0.0622324975163443 0.0701965684969688 0.0796573816240796 0.0868673482955316 0.0951562248993938 0.104404432291209 0.114834655853595 0.126081337774795 0.140373690367427 0.153000586056085 0.163847752789419 0.182983377884688 0.201302494360328 0.198469110180203 0.203210926732788 0.217692387153833 0.219790008887025 0.218280119754953 0.221804704716512 0.225174720871341 0.22830457397195 0.232341345540424 0.236726669203375
