layers/veg/veg_3500.asc
NCOLS 255 
NROWS 330 
XLLCORNER -2985163.8955 
YLLCORNER -3022031.214 
CELLSIZE 25000 
NODATA_value -9999 
[rows 250 to 274 of 330, columns 56 to 111 of 255]
-9999 -9999 -9999 -9999 -9999 -9999 -9999 -9999 -9999 -9999 -9999 -9999 -9999 -9999 -9999 -9999 -9999 0.673303342500025 0.668432567272408 0.667532756260652 0.665301421782447 0.57159137719481 0.498713868003595 0.464685417349907 0.414503722531826 0.356260729948863 0.37629770889865 0.394351932202935 0.405129410403339 0.392315933348485 0.36511517381719 0.386818389355017 0.400294823555692 0.380872969581631 0.385536133351048 0.407982907837189 0.329984693571198 0.254150852160754 0.231185773436644 0.21373147289854 0.201177172833694 0.193894132424137 0.186811020402146 0.175945115599831 0.164933230195143 0.153765348016035 0.154325821568423 -9999 0.118826579143078 0.120619666614187 0.124718175949323 0.126484912142703 0.126983723807243 0.12101582100145 0.117384825110513 -9999
-9999 -9999 -9999 -9999 -9999 -9999 -9999 -9999 -9999 -9999 -9999 -9999 -9999 -9999 -9999 -9999 0.675227199012167 0.676422443748594 0.67944853660759 0.6860362362563 0.691550858634938 0.618800740424302 0.556049453235241 0.511944248449127 0.453287194183457 0.387368020278501 0.401405108720589 0.413121564776932 0.416726352677732 0.406924612447718 0.388946708719477 0.412554496772274 0.430439476024325 0.424024858992438 0.423341718265482 0.426890517266562 0.36275946608279 0.29685171627166 0.254492244295628 0.22537786259925 0.208040574164126 0.202554727914498 0.197972681281095 0.187178288819389 0.176669593368276 0.166466197466487 0.161075100169424 -9999 -9999 0.120619666614187 0.124718175949323 0.126484912142703 0.126983723807243 0.12101582100145 -9999 -9999
-9999 -9999 -9999 -9999 -9999 -9999 -9999 -9999 -9999 -9999 -9999 -9999 -9999 -9999 -9999 -9999 0.675227199012167 0.688499172894267 0.722100848070414 0.740731940901357 0.75121535108411 0.695448756359992 0.645321723601877 0.605711493948814 0.538391252150826 0.457242292313577 0.463203414100479 0.465108482335686 0.454664076063085 0.446972424330627 0.440959579442944 0.454981542798341 0.465060928053157 0.46001017452097 0.449885599918835 0.436014677287592 0.406771888822383 0.367375602349149 0.296936411134183 0.252883863653924 0.232293441199147 0.225207517868665 0.219379170567053 0.207621095088505 0.195260555143481 0.182256213816996 0.180710182860165 -9999 -9999 -9999 -9999 -9999 -9999 -9999 -9999 -9999
-9999 -9999 -9999 -9999 -9999 -9999 -9999 -9999 -9999 -9999 -9999 -9999 -9999 -9999 -9999 -9999 -9999 0.820703996073547 0.803232756237069 0.809224535581935 0.82290709011828 0.781845296131766 0.745389518983472 0.717523162871444 0.642219012530728 0.543240968531575 0.54022635842839 0.530905874394048 0.503756594240167 0.497617515112243 0.504291808472905 0.503536671697797 0.500516324697364 0.492343722052651 0.471691277624655 0.441824115132342 0.455000306970593 0.448398226061321 0.348780708769835 0.288728823091332 0.263857379645238 0.253433168579378 0.244736226780857 0.231622835747764 0.216540621081349 0.199354495818513 0.203227475683806 -9999 -9999 -9999 -9999 -9999 -9999 -9999 -9999 -9999
-9999 -9999 -9999 -9999 -9999 -9999 -9999 -9999 -9999 -9999 -9999 -9999 -9999 -9999 -9999 -9999 -9999 0.829159268506869 0.833094891007087 0.82996705627124 0.8225966347986 0.771531141185256 0.749170204689775 0.780338279356192 0.726781936764904 0.630943762207258 0.61743838367634 0.597942102540852 0.561814495686543 0.550022668773145 0.553072366355299 0.520855246531593 0.495799530751233 0.498016303087476 0.490877316347663 0.476830334806265 0.485735232747042 0.488483079383898 0.458015306820611 0.393689462434598 0.299258147939793 0.272577920336321 0.258348522906138 0.24536322866229 0.231763366559172 0.217506769231297 0.213034889475146 -9999 -9999 -9999 -9999 -9999 -9999 -9999 -9999 -9999
-9999 -9999 -9999 -9999 -9999 -9999 -9999 -9999 -9999 -9999 -9999 -9999 -9999 -9999 -9999 -9999 -9999 0.862104394837463 0.860580136463324 0.861533055729146 0.74248263500775 0.737053352557279 0.746838654833253 0.78499651385349 0.75369150462454 0.687720959552719 0.669117966739592 0.646114375613143 0.611349628544735 0.593700406536503 0.586489333009708 0.536490168374856 0.497927239719884 0.500387058900564 0.50023787645669 0.498162290231655 0.505540806121666 0.517174521099752 0.540474827049093 0.475212827574032 0.331204174932194 0.29196144165479 0.273134107774669 0.262095656005815 0.251137635730821 0.240265565598518 0.257996063882414 0.279449434919802 0.276113597870806 0.271875127450555 0.26647611648623 -9999 -9999 -9999 -9999 -9999
-9999 -9999 -9999 -9999 -9999 -9999 -9999 -9999 -9999 -9999 -9999 -9999 -9999 -9999 -9999 -9999 0.862706445694306 0.863650624820122 0.866041075598249 0.865326275599782 0.742820889321259 0.748291064329947 0.73279225333969 0.678189927148611 0.67010132008376 0.685225445780985 0.671861482295197 0.65813155735849 0.644549826578975 0.62065097772331 0.590460086409076 0.548898162068894 0.51317328081952 0.49642946034862 0.490766697663867 0.49328583544924 0.504398930635674 0.524029087380977 0.571616615649865 0.511815772475666 0.356528765073362 0.311802594221265 0.290168444906313 0.284562685536769 0.278468810954428 0.271853330093548 0.274975037075081 0.279449434919802 0.276113597870806 0.271875127450555 0.26647611648623 0.265156191831494 -9999 -9999 -9999 -9999
-9999 -9999 -9999 -9999 -9999 -9999 -9999 -9999 -9999 -9999 -9999 -9999 -9999 -9999 -9999 0.886715571779135 0.883628472741286 0.886115371859481 0.897140391873073 0.903925373971386 0.757822256878902 0.757853744057841 0.731615916412174 0.656390381320339 0.65004667262144 0.678078530062149 0.677752501235725 0.67593886448226 0.671690489906439 0.641598892632378 0.59574643527283 0.56732430115303 0.542388628155106 0.524262162651711 0.521761772075604 0.530799178004234 0.546192981088928 0.568497243152669 0.613760069618111 0.560786700394607 0.420464976887975 0.371627850456111 0.342487915943859 0.329585572859043 0.318684203934736 0.309921102079252 0.294680663844567 0.279449434919802 0.276113597870806 0.275390769295694 0.278027557562286 0.280326642189235 -9999 -9999 -9999 -9999
-9999 -9999 -9999 -9999 -9999 -9999 -9999 -9999 -9999 -9999 -9999 -9999 -9999 -9999 -9999 0.888034635890717 0.90208886491938 0.919313664924355 0.941395071900723 0.931247999687698 0.757816831049688 0.757673483518932 0.737043366454671 0.678208984105027 0.662592883510549 0.668544923319898 0.68525854252014 0.696717155499119 0.695721932131275 0.659466771453904 0.601707832201879 0.588838423977015 0.578771796757451 0.568406855736347 0.573520574149008 0.590063242156752 0.61001797838071 0.632265390070313 0.661548612158315 0.616103791122279 0.504213282324155 0.451969437549885 0.41291261919117 0.386182145691236 0.365510646059658 0.351313844877101 0.315785369792712 0.279449434919802 0.276113597870806 0.28071032981498 0.29550618382622 0.291591384431973 -9999 -9999 -9999 -9999
-9999 -9999 -9999 -9999 -9999 -9999 -9999 -9999 -9999 -9999 -9999 -9999 -9999 -9999 -9999 0.911224012614375 0.911226354428986 0.913206037893183 0.918214567363967 0.921388929627961 0.760358959271775 0.76062970581415 0.750845633263432 0.722311070285184 0.701985134106635 0.68575572393857 0.694499236247855 0.705361926962256 0.720228759650895 0.687960724666353 0.626946814478115 0.620274342893858 0.625833317829112 0.656553691765373 0.673511234050773 0.680306739378361 0.700695255859698 0.723088036832163 0.746900270110863 0.747991235667703 0.728879206505417 0.58309711825149 0.437026687700346 0.404647401374956 0.377192159788323 0.354998816590037 0.346549172770231 0.342107208270237 -9999 -9999 -9999 -9999 -9999 -9999 -9999 -9999
-9999 -9999 -9999 -9999 -9999 -9999 -9999 -9999 -9999 -9999 -9999 -9999 -9999 -9999 -9999 0.912596408121924 0.912061914180424 0.908692325043699 0.900980002944181 0.898766618871905 0.765895248723112 0.764817735033965 0.760294221028378 0.749344515228745 0.72724239042744 0.699574636241953 0.701439974009701 0.709829866349653 0.732192471857898 0.70886920534276 0.657683754406906 0.657126596376226 0.672876367159263 0.726250243883421 0.74909494802843 0.749397882579007 0.769791662505458 0.791258463012904 0.80777137855774 0.836804500545629 0.876970173223374 0.668873405864709 0.452470757865735 0.419830263449937 0.388663620091531 0.359071953183382 0.347912470279821 0.342107208270237 -9999 -9999 -9999 -9999 -9999 -9999 -9999 -9999
-9999 -9999 -9999 -9999 -9999 -9999 -9999 -9999 -9999 -9999 -9999 -9999 -9999 -9999 -9999 0.912672009818149 0.913119965073776 0.90995673048911 0.901261959192465 -9999 0.765956713820551 0.76685976974427 0.759007820990489 0.734829309831299 0.71766415368825 0.703999021598608 0.702846794864786 0.705027298690953 0.714434389195844 0.711276184584301 0.700454854495901 0.706296831129969 0.719331166284612 0.750019427664628 0.764432391893424 0.766828194585577 0.786423119173508 0.80441705938476 0.808765976041963 0.819729196757682 0.836573636408925 0.644684311970005 0.449748907043614 0.429186017299074 0.40142987747606 0.365986936861618 0.350924314193831 -9999 -9999 -9999 -9999 -9999 -9999 -9999 -9999 -9999
-9999 -9999 -9999 -9999 -9999 -9999 -9999 -9999 -9999 -9999 -9999 -9999 -9999 -9999 -9999 -9999 0.914027228899074 0.914027228899074 -9999 -9999 0.745835358468057 0.74951179175279 0.745075798784338 0.725511540513836 0.715609872587757 0.710530333093202 0.706222478269609 0.705165520572256 0.711554832444534 0.715109342930681 0.716935009126057 0.721484951382576 0.727796265420301 0.738684519842057 0.741566416002746 0.738536671985714 0.749701548247198 0.758940105863863 0.754659107605967 0.753519881065782 0.755174213326921 0.603321792655173 0.450170246798043 0.430004279175496 0.40133356116781 0.363574556046767 0.355186335138622 -9999 -9999 -9999 -9999 -9999 -9999 -9999 -9999 -9999
-9999 -9999 -9999 -9999 -9999 -9999 -9999 -9999 -9999 -9999 -9999 -9999 -9999 -9999 -9999 -9999 -9999 -9999 -9999 -9999 0.745330548674285 0.732740662055782 0.723226452177665 0.719447844973736 0.718266280828924 0.718380774441594 0.710830851003506 0.708397131854444 0.717990603533128 0.719835420777265 0.716954609959466 0.715397137502313 0.712476312725842 0.705371216863078 0.694781580020387 0.68161906899618 0.679576067130164 0.676751896563954 0.666053645519948 0.656548147663904 0.648103206228067 0.551207126999883 0.452559513406215 0.425477284597515 0.393184088818973 0.355322385816174 0.350855565227789 -9999 -9999 -9999 -9999 -9999 -9999 -9999 -9999 -9999
-9999 -9999 -9999 -9999 -9999 -9999 -9999 -9999 -9999 -9999 -9999 -9999 -9999 -9999 -9999 -9999 -9999 -9999 -9999 -9999 0.729717279541695 0.725608007951875 0.724226077274066 0.727930163479285 0.729967586427592 0.731173258883487 0.729082440942816 0.728846503048487 0.732989006449584 0.728575311750406 0.718943496900472 0.71822493611248 0.715186239045149 0.70378153682827 0.694295420829927 0.686225927845952 0.67658226481068 0.666849116328486 0.657483919468924 0.648581915097658 0.640091766064286 0.547862838553711 0.454258316845425 0.429832662359409 0.39842429120793 0.359554098014282 0.351620656843783 -9999 -9999 -9999 -9999 -9999 -9999 -9999 -9999 -9999
-9999 -9999 -9999 -9999 -9999 -9999 -9999 -9999 -9999 -9999 -9999 -9999 -9999 -9999 -9999 -9999 -9999 -9999 -9999 0.729231883447435 0.729515420824201 0.72729198230999 0.729975991683153 0.741811538620927 0.749911643221027 0.756147570405056 0.757111392235049 0.756274355253157 0.75148066631731 0.739590784985984 0.723373188926864 0.722906354533855 0.719330837259496 0.703834048258329 0.695873869376725 0.693478483592536 0.678274387513882 0.663125554643256 0.653894636884594 0.644286976650222 0.634344329550662 0.545809849845455 0.45626350607074 0.433052845589237 0.402224245108463 0.363255014651447 0.35551739926569 -9999 -9999 -9999 -9999 -9999 -9999 -9999 -9999 -9999
-9999 -9999 -9999 -9999 -9999 -9999 -9999 -9999 -9999 -9999 -9999 -9999 -9999 -9999 -9999 -9999 -9999 -9999 -9999 0.728792169550947 0.728698255413991 0.733567456400776 0.745003386631488 0.768685125830859 0.792511209750896 0.816409329093802 0.811389339032234 0.800834413057334 0.778560322030975 0.756535787648436 0.734663448965041 0.731208027751687 0.7238928250782 0.701989023805726 0.69369219992067 0.695442335164579 0.679563709299144 0.662350393906607 0.648016404752043 0.631875132253759 0.614126883582483 0.537159860526911 0.459330786605074 0.430982818525204 0.39885805551059 0.362697360201572 -9999 -9999 -9999 -9999 -9999 -9999 -9999 -9999 -9999 -9999
-9999 -9999 -9999 -9999 -9999 -9999 -9999 -9999 -9999 -9999 -9999 -9999 -9999 -9999 -9999 -9999 -9999 -9999 -9999 0.726409215524257 0.72699492903906 0.73410642923366 0.74898600870872 0.778351706217337 0.810890209276678 0.84501210512289 0.835664282215646 0.819612571535835 0.78965995227614 0.761725752713379 0.735022515357175 0.734210744121379 0.729487597227803 0.708629554946592 0.699647144086656 0.699433321585698 0.674397373936924 0.648929296332129 0.632916969093415 0.612765817962706 0.588934562435669 0.531089275810374 0.471463630469088 0.433773230790915 0.414302961730117 -9999 -9999 -9999 -9999 -9999 -9999 -9999 -9999 -9999 -9999 -9999
-9999 -9999 -9999 -9999 -9999 -9999 -9999 -9999 -9999 -9999 -9999 -9999 -9999 -9999 -9999 -9999 0.750436178962566 0.750436178962566 -9999 0.725421496698907 0.724620508283818 0.730301119357095 0.744604365939394 0.774987329429089 0.8109268454492 0.849639366324436 0.837217792251762 0.818865961445172 0.788657824809022 0.758013565702015 0.727103331049946 0.733200532474753 0.735864502407558 0.721696242168918 0.711763988735623 0.704959467937695 0.664342135310666 0.625931363979891 0.61083426728742 0.588584474336694 0.559974742033025 0.526972087826339 0.490461873337466 0.440244479439508 -9999 -9999 -9999 -9999 -9999 -9999 -9999 -9999 -9999 -9999 -9999 -9999
-9999 -9999 -9999 -9999 -9999 -9999 -9999 -9999 -9999 -9999 -9999 -9999 -9999 -9999 -9999 -9999 -9999 0.748114232227276 0.742235581420048 0.733610153903593 0.724170824201037 0.723839340192443 0.728038097399293 0.740684967273132 0.756767247130268 0.774563972862053 0.772006394333939 0.761825874328211 0.73482889968839 0.706487610519445 0.677326471850622 0.675499104873262 0.670683501654729 0.652129077399526 0.635957920170875 0.621546491479094 0.595483736794648 0.572545080413136 0.566462539733882 0.560029495411733 0.553284794920874 0.526507176397031 -9999 -9999 -9999 -9999 -9999 -9999 -9999 -9999 -9999 -9999 -9999 -9999 -9999 -9999
-9999 -9999 -9999 -9999 -9999 -9999 -9999 -9999 -9999 -9999 -9999 -9999 -9999 -9999 -9999 -9999 -9999 0.743620652975791 0.741941418272699 0.730063530477299 0.714435798197181 0.709899216552766 0.704224927469575 0.696429011707415 0.692965073098407 0.69166301339043 0.698759351537069 0.697304600779899 0.675901149113485 0.652352178173572 0.62749473152708 0.619737552005954 0.609146437150436 0.587175145101473 0.564735181012481 0.541949164402271 0.532180777113346 0.525996200346072 0.527383239912765 0.526283870776243 0.52297366980958 -9999 -9999 -9999 -9999 -9999 -9999 -9999 -9999 -9999 -9999 -9999 -9999 -9999 -9999 -9999
-9999 -9999 -9999 -9999 -9999 -9999 -9999 -9999 -9999 -9999 -9999 -9999 -9999 -9999 -9999 -9999 -9999 0.744663718691283 0.745625293536997 0.732622385009134 0.713728766358081 0.68640973037449 0.658337447783713 0.628860491158839 0.618529555923136 0.617753467866127 0.627307050185515 0.631561047799622 0.623273734470137 0.611691472151342 0.598099737925126 0.599461158102636 0.597032714156882 0.58086509288541 0.554649659108701 0.521015240299432 0.519416931950053 0.520936939610142 0.519810422196416 0.52028356631391 0.522179076201802 -9999 -9999 -9999 -9999 -9999 -9999 -9999 -9999 -9999 -9999 -9999 -9999 -9999 -9999 -9999
-9999 -9999 -9999 -9999 -9999 -9999 -9999 -9999 -9999 -9999 -9999 -9999 -9999 -9999 -9999 -9999 -9999 -9999 0.748019384063365 0.736077729532924 0.718957502654291 0.690224852269903 0.657870283283157 0.618761465467663 0.597260784079065 0.584547466354218 0.589434068384525 0.592647529756712 0.591403536635246 0.584990795364232 0.575425818888138 0.573999791901543 0.570284718483826 0.558438166921568 0.538960155024274 0.513847315648593 0.509631179501485 0.505910716048781 0.494722093150192 0.484551548734312 0.475286245806788 -9999 -9999 -9999 -9999 -9999 -9999 -9999 -9999 -9999 -9999 -9999 -9999 -9999 -9999 -9999
-9999 -9999 -9999 -9999 -9999 -9999 -9999 -9999 -9999 -9999 -9999 -9999 -9999 -9999 -9999 -9999 -9999 -9999 -9999 0.740350272148818 0.729597005873574 0.718929570060032 0.698806140841075 0.661048927046833 0.624456315504227 0.588444900248418 0.582170414202428 0.578191009068603 0.578454640906841 0.571015424335142 0.558878515162705 0.543812048933985 0.530196808455548 0.521319857232832 0.518162324480773 0.519227828335598 0.502560116236749 0.481799078173722 0.453667448172483 0.450952374611601 0.470836856754595 -9999 -9999 -9999 -9999 -9999 -9999 -9999 -9999 -9999 -9999 -9999 -9999 -9999 -9999 -9999
-9999 -9999 -9999 -9999 -9999 -9999 -9999 -9999 -9999 -9999 -9999 -9999 -9999 -9999 -9999 -9999 0.795230865913266 0.795230865913266 -9999 0.742144435128126 0.741969640754783 0.736296119625344 0.720010584487254 0.683935487225391 0.638343376643877 0.588001788036696 0.567746681752165 0.554311522312244 0.555508895077255 0.550653598629414 0.542106995036122 0.526521439092451 0.512228937660979 0.502986203130777 0.500296384773624 0.502445031204914 0.491395038148144 0.476482560258342 0.453039041550985 0.442004356413809 0.442003192916259 -9999 -9999 -9999 -9999 -9999 -9999 -9999 -9999 -9999 -9999 -9999 -9999 -9999 -9999 -9999
