layers/veg/veg_3800.asc
NCOLS 255 
NROWS 330 
XLLCORNER -2985163.8955 
YLLCORNER -3022031.214 
CELLSIZE 25000 
NODATA_value -9999 
[rows 175 to 199 of 330, columns 114 to 170 of 255]
0.460248276096684 0.452234931355748 0.451818702702134 0.45207396591269 0.452772239770868 0.453900542209638 0.455350738176473 0.460592837485448 0.465329484436579 0.466354886813648 0.470869282531771 0.478527909298333 0.49471027177485 0.513259082758648 0.535899109565006 0.558997951108127 0.582593703937653 0.590872945906393 0.595964932803989 0.606290083551455 0.620138384904024 0.638578568985663 0.660502942226284 0.682226188206034 0.686082523118935 0.693985345425106 0.708264515846623 0.697786331730743 0.676945432669727 0.653456640931694 0.636279837263891 0.631230186176615 0.610728926168517 0.582279868548601 0.547330445092291 0.513061114705309 0.480747393857715 0.456044205148896 0.436116940419309 0.38879011170445 0.344464215845657 0.315057718401596 0.282488349124651 0.247518366420124 0.266725355357398 0.296729688439901 0.34175637929159 0.382893906775827 0.420478465570208 0.479186856435138 0.541610706413062 0.602497894134205 0.642583782611103 0.659832097898354 0.652482965087086 0.640323999120093 -9999
0.458934196183786 0.452862633385233 0.451659411874146 0.451050679974664 0.451208366386619 0.451699147559274 0.452439263433251 0.455719298877591 0.459245810859627 0.462514628751662 0.470422410834052 0.482510761296519 0.495119233044389 0.509642781844563 0.533572561817459 0.555055654613768 0.573888905600447 0.59043839301712 0.604617950264387 0.605156328549005 0.618009151438071 0.64691195113351 0.67282634554661 0.697306421102403 0.71583041833159 0.72797245297359 0.730057959283708 0.705446207745296 0.670118921828232 0.6503827114759 0.635866751062448 0.631380398882233 0.624025786664157 0.615195836156341 0.562240824668399 0.512863790011245 0.474296221935535 0.456073435849368 0.450617842698505 0.3971846414864 0.345043086526022 0.307166911941341 0.270273498947299 0.234126000045024 0.264847371372222 0.308489474569734 0.369094132924695 0.421639468830104 0.466822162023111 0.53340721031437 0.599651351701064 0.64256577728461 0.675264468456186 0.696747389902035 0.701157913251747 -9999 -9999
0.44349261976822 0.437921244850696 0.435891579448575 0.434525853359399 0.434397899416556 0.438829321214896 0.446673617434489 0.452896700538238 0.45864361084876 0.46334063562441 0.471867120282136 0.483844659580264 0.493161617332624 0.50401554743826 0.525360280947629 0.545928666533152 0.565656242060439 0.587287761596407 0.607399670687135 0.612278901242704 0.626287086227031 0.652193453513063 0.674008375965889 0.693589652196312 0.701441754822515 0.707912694617571 0.712207234449039 0.703731739536016 0.69003758391608 0.680059898168414 0.672123455772239 0.668108831557923 0.654403395645231 0.63571332606315 0.589737907175078 0.544011516079478 0.500308321192681 0.463047168044758 0.429828662776757 0.401057550697239 0.370802913972539 0.335144952823507 0.306883463970662 0.284235882872906 0.311905890936195 0.344423708882713 0.370749666574106 0.416547445202819 0.480133823483513 0.532973289058101 0.584139261667746 0.637236694357005 0.675264468456186 0.696747389902035 -9999 -9999 -9999
0.428605079528043 0.426828358750246 0.423651262302137 0.420923362602069 0.419797707975655 0.424040779185678 0.432302555613695 0.44076841030544 0.448972143548645 0.456081427320165 0.466091133164528 0.47871465802302 0.488399264330316 0.498586781972196 0.514183738420858 0.532386580715251 0.553411682157125 0.580689156483695 0.607025896508029 0.614162887161007 0.627605698313679 0.649267172671728 0.666452356710541 0.681470080411909 0.687314455560644 0.694595089158636 0.704138940942185 0.709819898654352 0.713771272346459 0.71278241329896 0.711469670576489 0.709534653746239 0.69114065355029 0.664280695578865 0.623975479594993 0.580604613821732 0.530661983834277 0.478283210767245 0.4243756570659 0.410645108490834 0.394455851167792 0.362199907799678 0.340400290229986 0.326537003134993 0.347254693034631 0.369296567511226 0.379276838708901 0.426938919588707 0.50902544534993 0.543736409802567 0.565383107930159 -9999 -9999 -9999 -9999 -9999 -9999
0.414560041122707 0.421587744588233 0.416775104080905 0.411764757337603 0.40855859884588 0.406334518861474 0.404845563773006 0.414489306745 0.425509384864914 0.436527338420951 0.449334906171511 0.463755248715574 0.479371853524028 0.493459820709067 0.498499555426082 0.512130622933934 0.53506638335368 0.568847348325708 0.601853681162109 0.608080752514806 0.618341531862749 0.63385962665178 0.645608716157475 0.656572684439741 0.67358460301365 0.691530020337011 0.710946420370377 0.727773217724529 0.743306326890326 0.750135844082141 0.755513986405487 0.758103618312523 0.737548788783241 0.70508921222904 0.668463059815646 0.62547828209448 0.567617697533116 0.50608343627837 0.442243790815013 0.4289227160146 0.414904920129616 0.387851160988738 0.369213497484122 0.356963633820835 0.364796971139831 0.37734881094528 0.398253451312513 0.460875563162679 0.561608923112939 0.571526448372004 -9999 -9999 -9999 -9999 -9999 -9999 -9999
0.41156777243092 0.414106029478661 0.40941932201717 0.404051326229389 0.398136559482324 0.395459569267969 0.395206183805117 0.404523063301478 0.414842543082467 0.424472470677626 0.435666229162651 0.448269289746526 0.458106710512816 0.467234976201216 0.475339192564469 0.494005710402464 0.524111544357995 0.559149887323351 0.591808184429759 0.596852901562074 0.605088132808884 0.617481706488738 0.62696336261657 0.636602097757809 0.661027275970142 0.686276577273562 0.712824510009128 0.728460714638803 0.739505264297851 0.74840573565393 0.758711555018581 0.77171745390478 0.76376621517659 0.745035316599664 0.7009368086115 0.652649150038981 0.595748424401826 0.539375464694102 0.483333699955642 0.463370881759019 0.443651664727048 0.416840407496395 0.397109506833834 0.382752582717755 0.382504905757944 0.388150935534989 0.409692798058024 0.485362764696878 0.610481787853688 0.633682203192235 -9999 -9999 -9999 -9999 -9999 -9999 -9999
0.412514979681006 0.405768870746107 0.401835340839906 0.396855565884979 0.388234398343532 0.387451064302116 0.392534660952255 0.400961247123479 0.409240091080186 0.415381529671799 0.423110073906525 0.432268895115847 0.432309119725532 0.433568014214071 0.449843708189571 0.476966615438443 0.515837407551723 0.549770747348856 0.579111003794071 0.582998409996741 0.589658589749532 0.599932651621918 0.608665494869504 0.61842600263131 0.648521854937212 0.679462640531072 0.711734849716472 0.721660700960277 0.722491195436236 0.731303868852198 0.745783859346112 0.771152403202589 0.781288256339179 0.783588916160598 0.727739066147541 0.671950399717511 0.619358934988838 0.573648271328517 0.532255595191199 0.503592443267554 0.475637141530396 0.447040552690381 0.42459033840061 0.40680521016424 0.400579752243415 0.400573080905239 0.418995238207001 0.506268063864777 0.656439833545246 0.680375033794041 -9999 -9999 -9999 -9999 -9999 -9999 -9999
0.399544634389816 0.398581604282082 0.393165840201266 0.387916060151466 0.384051088105591 0.383577313600125 0.385641985583842 0.394273324321566 0.402386989854728 0.405435816076352 0.407021521332703 0.407288682838195 0.416886036208166 0.428759731907941 0.443487941754055 0.466872235193958 0.499631348771873 0.524530507117434 0.545556203861942 0.552233919604044 0.556992994770044 0.559251418243229 0.574731918959381 0.595180991241622 0.623738869873184 0.652371280973505 0.681121138372436 0.697247979586689 0.708169295492221 0.720878308470257 0.738062239105295 0.763843779337809 0.780000327463384 0.791206097344875 0.728665193236881 0.667509258255321 0.613511552338124 0.572184960731212 0.538810017915025 0.523741837418531 0.505473734435214 0.473661868244442 0.450621325875474 0.434238200833818 0.427531318263757 0.428416213141404 0.454006239444226 0.532759991950536 0.660081787706914 -9999 -9999 -9999 -9999 -9999 -9999 -9999 -9999
0.38628952262435 0.385013646823269 0.38001649050491 0.376260669059336 0.376902645160808 0.377561867418819 0.378233999112213 0.385024647487905 0.390825788735163 0.3899761597053 0.388168500490558 0.385497478134019 0.400843257045816 0.418879115885091 0.433607112215681 0.454354422299325 0.481620845002172 0.499727202529304 0.514947850143673 0.525842232160998 0.530338276092914 0.526495074434082 0.544511599170105 0.56981666189644 0.596265624662611 0.622557487999656 0.648601798199506 0.670670049676748 0.691023333652065 0.708914402396475 0.729358398756794 0.754707306593611 0.772852935244024 0.787293434842289 0.721041164504532 0.657025675534231 0.602555056011667 0.565275476391312 0.538783985987289 0.532940042409859 0.522127523052358 0.491971365928511 0.471480457164427 0.458325452673208 0.458478680293218 0.467850760314491 0.506447300045294 0.539504449006743 0.567501054065845 -9999 -9999 -9999 -9999 -9999 -9999 -9999 -9999
0.372507421090563 0.359637561748182 0.358576717495728 0.359579251643112 0.364266917934407 0.36758299258134 0.369872376228194 0.371037030870847 0.370551762558689 0.364312382806184 0.364199545632779 0.3696078612716 0.383653667096799 0.399611622502362 0.417202789374158 0.43735179701905 0.460271029434721 0.47573249247119 0.489792199422013 0.507542868153216 0.514807304753157 0.508404557172317 0.521163043298355 0.540530315813826 0.563813775229185 0.58770555084479 0.612555895085475 0.640085177770401 0.668651153633797 0.694103628755834 0.718836858665699 0.742188210737112 0.75486200100387 0.762043605916603 0.697594189454304 0.635359931263992 0.582143617212916 0.5482872851174 0.526580143166939 0.521871940938031 0.514385170954277 0.494898986287342 0.482768534486635 0.476221069294743 0.496820675481191 0.528736417867338 0.591144485491709 0.60572222658495 0.576604283919357 -9999 -9999 -9999 -9999 -9999 -9999 -9999 -9999
0.361195934741325 0.347021921373299 0.343241039405743 0.34182202686694 0.345250607770221 0.343608763121553 0.3381715029043 0.343592936671206 0.348273888685965 0.34501965406112 0.347283874950436 0.354521249259935 0.368073497076436 0.383230252882891 0.400649089123056 0.415832625646945 0.428595259857728 0.447910247062155 0.468289572370883 0.484153118650741 0.490800464002441 0.485435914714054 0.496497113759084 0.513179568104884 0.532635720175274 0.553891443925846 0.577982885269522 0.606556155583063 0.636901029010369 0.663532679724218 0.687982489843731 0.708240353860132 0.718051174739265 0.722488381458061 0.67113658183256 0.618483996895926 0.565671549827785 0.536593281003988 0.522409191580208 0.503841068870032 0.487581006513257 0.479177844070867 0.490551937847646 0.516936929741408 0.551696368437697 0.593417612296797 0.658042210374201 0.691785227395594 0.697316189479038 -9999 -9999 -9999 -9999 -9999 -9999 -9999 -9999
0.351107768072179 0.340724587153952 0.330927790502833 0.323532118440298 0.323074965984068 0.312704764571695 0.294914251007057 0.309485897163672 0.325003814029379 0.328881535810809 0.333860622429796 0.339832243335725 0.353290227797463 0.368277941103288 0.384021424975819 0.39207709640141 0.391806616841519 0.418192805934129 0.448595731963643 0.458242875955372 0.462596815136416 0.46005187928316 0.471178889542929 0.48678722767769 0.502088381609546 0.520591216367857 0.54413917533381 0.571569343853099 0.600507435721297 0.62515811447666 0.647060365551793 0.663682093048009 0.671921720290588 0.675849871833825 0.643188266108113 0.603979726376555 0.551150053542359 0.527520682030495 0.522215708437608 0.482362596240223 0.451338427574023 0.454222808041054 0.496600009597382 0.568952183776516 0.614758685515776 0.659978158471002 0.716126571468167 0.729033483190515 0.702436860189303 -9999 -9999 -9999 -9999 -9999 -9999 -9999 -9999
0.349823304607568 0.340157575386765 0.324851808591347 0.310603031323482 0.300596812226274 0.292181868113795 0.284958056735453 0.292433441685312 0.302434051604364 0.315128214607953 0.323461017264249 0.327863424165405 0.337791026641531 0.349409311116063 0.364490008342779 0.367837199809401 0.358476622814991 0.380064070410695 0.407920699979641 0.423902738200147 0.431031376327432 0.426620974675171 0.436132779347866 0.449953656897416 0.460094019928264 0.474957733438656 0.497264378064679 0.522021475103556 0.54755420853027 0.563303518524311 0.577856421520657 0.59011068103922 0.602369706401426 0.614631183156294 0.608659262110728 0.593565820011844 0.557776124539402 0.52999202024337 0.50723175582741 0.480435288711028 0.459621635139648 0.457585676882067 0.489132531175524 0.546168673371154 0.605370550251032 0.659863328206778 0.694966706725142 0.736586788663351 0.784160244379979 0.791742762662393 -9999 -9999 -9999 -9999 -9999 -9999 -9999
0.347318741918569 0.336450345967074 0.315267578982232 0.295521931465421 0.282077642845904 0.276031453801022 0.275523037082312 0.277842671592343 0.283487491662225 0.300464497559594 0.309859365851708 0.312421319849757 0.320620832505647 0.330196769117381 0.341502628569246 0.341502397477088 0.329257302507883 0.346202160092925 0.369962589714578 0.389392556914152 0.39770922476275 0.39154142314847 0.398386442379076 0.409281259108102 0.417029840425594 0.429848483270804 0.45065639535746 0.472376251529322 0.494181552582684 0.50418220599573 0.513591910592343 0.521866231790822 0.537252358872378 0.556296564158142 0.565979829629094 0.566970552910611 0.547817698051681 0.520093340657727 0.486990010578475 0.469621199292071 0.456422470810632 0.452291307397345 0.474023631128147 0.515386290137387 0.581536871734816 0.642424024449034 0.670507312279437 0.717347374556261 0.78132280144351 0.791323401977489 -9999 -9999 -9999 -9999 -9999 -9999 -9999
0.341765132788012 0.325409655219648 0.297495413537002 0.27537162578168 0.272593859019003 0.269534782616879 0.266265134740189 0.268346537485354 0.272780309789811 0.283652733460569 0.288865471405362 0.288977781276935 0.299662632170396 0.310319043977276 0.310724067710832 0.310406067246951 0.3093050080553 0.322323698124095 0.338835920120771 0.354750646345803 0.360483968519638 0.352947402840065 0.354779150888131 0.360173639295018 0.371874120179031 0.38630892208674 0.405052394950697 0.422951184807177 0.440355431023933 0.452005510160334 0.461447676562838 0.46664780475004 0.482956914063319 0.504980116589543 0.504917815051908 0.503358748081708 0.499405701364321 0.48164139820371 0.45520995986415 0.437952250696715 0.425692381317858 0.426399236175203 0.441903212028648 0.468638173274388 0.526968211486611 0.587510635328219 0.640931327386943 0.70507121560151 0.779003690221895 0.790957188949745 -9999 -9999 -9999 -9999 -9999 -9999 -9999
0.33391524462627 0.316530361049224 0.286652828100073 0.262746608665666 0.258906067299432 0.257931360327595 0.259101844595828 0.260097033615337 0.262085357737249 0.267938719536938 0.270439059658481 0.269917704455339 0.27926746490986 0.287872117481029 0.283189679297721 0.280765483172308 0.280787036662352 0.293889312582276 0.309075414623358 0.314934764231775 0.313570510978167 0.302791406944193 0.305368773479167 0.312825281498674 0.326619771799392 0.34201557674769 0.359934691085792 0.374300735976206 0.38729094962903 0.404375735661514 0.417382977332866 0.422556078307001 0.436188070980966 0.454171038339511 0.449435290752661 0.445832717212124 0.446112504695891 0.434845457088611 0.41633229244379 0.398585056990313 0.383689513776253 0.377161235713397 0.379877761745554 0.389611075690243 0.453723882488397 0.526453255092307 0.605624145060021 0.68912206885884 0.776572980554883 0.790511386473907 -9999 -9999 -9999 -9999 -9999 -9999 -9999
0.324675273515201 0.308959496946585 0.280005155774627 0.254677124733862 0.242673323676772 0.243236498565445 0.253206555710034 0.252602193883692 0.251397809168242 0.252889243232957 0.253566907596399 0.253511214308821 0.259213137184259 0.263869890888383 0.257619193676756 0.252006154329204 0.247083719193189 0.262696938315548 0.280141934670573 0.271986749860178 0.260792172361005 0.245636215869333 0.252445421088255 0.266541916283656 0.281305717572054 0.297265918178804 0.315111373278493 0.326119212353427 0.33468753720306 0.359498500264465 0.37820933159021 0.385200047558235 0.393975556021019 0.403669102831792 0.397330384850818 0.391990790277396 0.389864408917291 0.382998365782066 0.3731579886696 0.354557628563616 0.334862520619063 0.313790467529749 0.299748904436187 0.291043469259924 0.36917398986132 0.461676528394606 0.566847506397595 0.670949430272308 0.774074713289682 -9999 -9999 -9999 -9999 -9999 -9999 -9999 -9999
0.31043109817724 0.286663347500772 0.269041691878266 0.253712167260007 0.243880843637559 0.24256079827184 0.247611783833046 0.245568719784706 0.243099959219683 0.24235153326229 0.240958688597824 0.238985102983487 0.241990442941259 0.243936868523481 0.235648968777534 0.2262068381105 0.215514637805658 0.226117777256437 0.239540550847539 0.233419388530185 0.222322421360374 0.204740260985329 0.209928193431394 0.222804319552086 0.238144965483249 0.252183740038455 0.264171060013986 0.274875249815129 0.285353893859527 0.308210813320345 0.327724178937499 0.340813611687201 0.348797469517882 0.354155188131845 0.357939232256594 0.359129359931591 0.354244486211772 0.346259374692335 0.336328735609446 0.316750380234369 0.294626021861448 0.266974473506033 0.236361642890506 0.203501204932001 0.29596191296958 0.40288718189405 0.503686893550873 0.553912033547725 0.557934468069542 -9999 -9999 -9999 -9999 -9999 -9999 -9999 -9999
0.30190575210242 0.275087860993043 0.264506741319314 0.255029022275131 0.245523197144564 0.241084965638373 0.240440029890131 0.238022124966291 0.235388932284361 0.232770948185742 0.229419772690332 0.225407855562913 0.224955229565052 0.22327122451163 0.211817802465741 0.199428254782565 0.186024852579492 0.191913005133962 0.200924980345124 0.196566768738181 0.185688072754214 0.16631093235159 0.169068502612542 0.179532033238842 0.195467863953575 0.20855401375188 0.217149711517388 0.228547834031874 0.241269903852978 0.260355232402851 0.279069074411432 0.297069183453834 0.305416322646484 0.308798292767621 0.319043559462277 0.324888307691533 0.319926630325342 0.312607257232055 0.303808332465714 0.28372821454079 0.259831843832528 0.226961330052671 0.187007627395213 0.141677798473992 0.239352679164015 0.352286914132068 0.453385172735331 0.501650769831739 -9999 -9999 -9999 -9999 -9999 -9999 -9999 -9999 -9999
0.310643662800679 0.296834403380335 0.279142164750789 0.26159924381557 0.245277373786554 0.234801562983381 0.228701760460638 0.228924367373317 0.228927886399739 0.225118818585488 0.220174824004609 0.214208049604879 0.207947902203995 0.199778309378949 0.182014901415192 0.169315845977474 0.162101649082618 0.165470078410382 0.170087499410636 0.163834076316446 0.151735761639998 0.132019533420204 0.131082809720565 0.137133987491438 0.153787974441893 0.169140207328163 0.182441170491558 0.196839179487024 0.211620529622725 0.223472018829558 0.237682324190505 0.256424596832137 0.267709772360453 0.27515926327288 0.279282180150224 0.282931145221232 0.285629606468019 0.285074665543278 0.282478080070987 0.263281369195284 0.239067941816742 0.203441155026571 0.174802826142794 0.151468722904131 0.228216145794905 0.324044326300736 0.444258832505016 -9999 -9999 -9999 -9999 -9999 -9999 -9999 -9999 -9999 -9999
0.31462899644528 0.309164963453415 0.289084019871792 0.269226096320731 0.252968166722498 0.237901914297384 0.223727679721512 0.222971638206119 0.222309480540416 0.215684259813524 0.209092661950459 0.202531364532837 0.191123623731934 0.177677781540525 0.158324245613314 0.144367662786738 0.13625615574571 0.137799650852745 0.140318276721297 0.131667768027922 0.118727062854833 0.100194749111003 0.0991048522774761 0.104676708117056 0.12236626082558 0.138701526523546 0.152902742467204 0.169159298242297 0.185935476012813 0.189244969766121 0.197946930823638 0.217009379425817 0.23280841522266 0.24692885918913 0.239223637005766 0.237879767761557 0.25278235232877 0.261665109248917 0.266770175110645 0.256265700130021 0.237072153949482 0.19526149630459 0.179149628191804 0.18254309019768 0.237177328724302 0.28585232463099 -9999 -9999 -9999 -9999 -9999 -9999 -9999 -9999 -9999 -9999 -9999
0.315130116034155 0.314592469129432 0.295584921486051 0.277627587178396 0.266477459755145 0.247881692731687 0.223712567778573 0.219324595432436 0.215575710778631 0.204942964779679 0.19666360018919 0.190505069366492 0.174433542244944 0.15659804207163 0.139114605177842 0.123205481857369 0.109001391353497 0.109229316652638 0.111332216587952 0.0999166878431378 0.0864101460866499 0.0701782917872744 0.0715312918715677 0.0795072133552176 0.0984650314091494 0.114842698813558 0.127154632871368 0.144432995319634 0.163156749111726 0.156965210691898 0.159422181849693 0.178495438411552 0.199963604098908 0.222663631990756 0.198947236814483 0.19055995630582 0.220997954819145 0.24127823679772 0.255184131139802 0.25909670848886 0.248835664748496 0.198328292279806 0.195630758252023 0.22922079646747 0.260872569581566 -9999 -9999 -9999 -9999 -9999 -9999 -9999 -9999 -9999 -9999 -9999 -9999
0.31482478260106 0.312459531806848 0.297796142106522 0.283242215646596 0.271487437727527 0.2557642867037 0.237070650281866 0.224171489680729 0.211747967488931 0.198406483205659 0.188660813528941 0.182155640701936 0.164107764861248 0.144105318489045 0.125026843677037 0.107130285071414 0.0905137801682556 0.0865302025936756 0.0847811248234611 0.0757144056347871 0.0620571284595613 0.0424167678746418 0.0400801486493821 0.0441669970861211 0.0578208341640997 0.0715929666403152 0.0855515058852399 0.102840885711831 0.121149606801484 0.124755387975915 0.135649318382452 0.160545888968915 0.172094951292388 0.176778495931593 0.161728985041613 0.159413401429536 0.188362041114922 0.216167385764482 0.243255265448734 0.268417589618944 0.275958001847555 0.231184664605235 0.220797459800743 0.236509261094028 -9999 -9999 -9999 -9999 -9999 -9999 -9999 -9999 -9999 -9999 -9999 -9999 -9999
0.31503877842919 0.309434329456927 0.299141558365745 0.287838270733248 0.274509641840414 0.262251548207067 0.250794792873423 0.231455566884092 0.211956195118962 0.19555992251592 0.183990995884302 0.176772404607674 0.156159352170155 0.133432732153771 0.112577622925344 0.0927490631981164 0.0740322899771349 0.0662824410757938 0.0611019843959616 0.0543609166797761 0.0409067890392978 0.018703224493986 0.0132324405143776 0.0138665973324537 0.0223405916211453 0.0332449620588718 0.0479790551353637 0.063669283737578 0.0796706363592706 0.0921953139509265 0.109976910820452 0.137858568316982 0.142116293807551 0.134222648438242 0.129924607317793 0.134447627441238 0.159721898705499 0.191767009149009 0.228061101477892 0.267257763788854 0.288320948218731 0.254492979253586 0.236811400073722 0.231384898612327 -9999 -9999 -9999 -9999 -9999 -9999 -9999 -9999 -9999 -9999 -9999 -9999 -9999
0.31752045430744 0.30638887027096 0.299147397806591 0.289879358019259 0.273871796375192 0.264493376430841 0.260077133202363 0.24406203835104 0.225813340595072 0.204521349548414 0.189714718821031 0.180752602336836 0.154235043499445 0.12576298756801 0.103961740607512 0.0824210590988441 0.061162578451411 0.0525457067361007 0.0469762253090641 0.0402596985747938 0.0281360478990062 0.00896504619455856 0.00506873625365354 0.00658860106766076 0.0131887204510056 0.021403941914257 0.0321641986395569 0.0407456057100424 0.0484733350423365 0.0583111915452383 0.070896757390992 0.0887614666820363 0.102187836886027 0.113331271961562 0.116792900245476 0.12530517430978 0.146210143565977 0.172037629525679 0.200954198500044 0.224572856712173 0.239511852314533 0.229626595416574 0.227189063391464 0.230404339725143 -9999 -9999 -9999 -9999 -9999 -9999 -9999 -9999 -9999 -9999 -9999 -9999 -9999
