layers/veg/veg_3000.asc
NCOLS 255 
NROWS 330 
XLLCORNER -2985163.8955 
YLLCORNER -3022031.214 
CELLSIZE 25000 
NODATA_value -9999 
[rows 175 to 199 of 330, columns 114 to 170 of 255]
0.290731854574209 0.303199603965285 0.313607777570773 0.322873374162368 0.333519245540097 0.344868287561728 0.357888557652097 0.36344377153414 0.363965339497411 0.374579164470462 0.385194508136543 0.392745800307594 0.402397477376099 0.413758312320813 0.42319438291171 0.431847378162993 0.438358870318773 0.440772199945712 0.439175423988463 0.429155756269146 0.421378890728094 0.438168572609989 0.4542478754173 0.469491614419555 0.474624779914692 0.478080013861013 0.493031974431932 0.497741962998787 0.487930553862439 0.480852108972976 0.47547237522025 0.483418793749078 0.478766873813456 0.45244845420984 0.43388569630931 0.418855783628628 0.397943061308167 0.385075717760961 0.389167498769161 0.355972059716613 0.301782930720278 0.29316594175487 0.27977496879783 0.248581080377141 0.26104448902627 0.303364288899939 0.349737694728463 0.39020518706595 0.409580072666446 0.466141284866543 0.553380868890085 0.591032471168846 0.616649247768256 0.622929707354564 0.579239428236405 0.485982490912652 0.496100723980189
0.283393357394147 0.296913950226514 0.307863412943654 0.317386507090168 0.326530750594621 0.335918412216393 0.345973834923105 0.356242533601419 0.366655043082234 0.375002703851529 0.382653615014373 0.388642966318869 0.397389516094175 0.408379696305201 0.414315839945699 0.419716973548983 0.426090969332758 0.433711564232977 0.442551972657653 0.436169238222034 0.429424746692169 0.440289098369043 0.454685570386723 0.473236601593262 0.48244851132242 0.48916260580468 0.497525230834528 0.496091078268353 0.480766738966143 0.471644850463975 0.465247550231343 0.467451684519923 0.464728502827444 0.453531371147915 0.42974829888094 0.400230459653316 0.379820784179382 0.365527808177116 0.364128428751412 0.346216857860644 0.319008486957829 0.305755823840593 0.291240354044657 0.271795857791017 0.296678867732733 0.351876612113005 0.373119159180361 0.396045084695918 0.435597412021204 0.48220096926671 0.534621725280844 0.585773366927555 0.628448219585559 0.63440204415696 -9999 -9999 -9999
0.27536000812341 0.290950915752027 0.30305092528261 0.31321431274152 0.320339324803684 0.327247920233156 0.33391438139942 0.348072560797636 0.367282364168996 0.374033611392922 0.379492829737158 0.384495148592516 0.392254558322616 0.402257510933691 0.40535266717408 0.408195709216767 0.414446007514926 0.426627704872015 0.444613353712453 0.441790288757136 0.436426762193265 0.442718231282759 0.455372101574512 0.475509570902427 0.487987513999917 0.497601717448284 0.500853501762091 0.495651372321764 0.478463011741219 0.468979087244394 0.462401673608954 0.45736147807165 0.454923320294408 0.456960121689249 0.429678277468331 0.389032994661619 0.36841982981622 0.351586488486006 0.34272076429329 0.338240739317435 0.336229978861582 0.321465819722278 0.309156244313752 0.304765442223611 0.340275949908754 0.403074200880366 0.399033428317515 0.404697707165894 0.464497090083184 0.501137913610414 0.518673142129206 0.576502115069388 0.628779099215685 -9999 -9999 -9999 -9999
0.265907802599839 0.284197347417548 0.298333573875787 0.310165691826772 0.3161172514068 0.3216614673068 0.326766772312277 0.338366953426272 0.354346593408923 0.364747205075102 0.373577800198887 0.378945989788271 0.385972255727826 0.394347757351129 0.399012199311043 0.403530141093206 0.409830609198113 0.423173841513235 0.443408510634184 0.436921109368583 0.428170296677948 0.440448344294837 0.454830496459508 0.471687543599394 0.485385338532656 0.497469365215904 0.502835155251325 0.503440981053559 0.497297976293114 0.490903959655636 0.484390411376089 0.477351356770656 0.472817768595899 0.472593057162435 0.447542223794251 0.411144067406544 0.383274303384219 0.359280370224575 0.343456431319819 0.341610992518557 0.347635818558006 0.338909717034085 0.332691105318205 0.334761146736554 0.365255154154582 0.415187768769987 0.409462983042282 0.416375581853631 0.48362614211697 0.525476152421174 0.546370946455787 0.590157956585542 -9999 -9999 -9999 -9999 -9999
0.26032596881887 0.278617647108223 0.294338648770493 0.308633533440706 0.312147384224134 0.31553004348387 0.319697008451899 0.328196104877366 0.339616333471401 0.352935980922659 0.364142426366588 0.36782740552566 0.376504416765068 0.389243622014124 0.394122607152421 0.397807274046738 0.401434213635948 0.412787113507309 0.431699966468047 0.426914129093794 0.420395020598575 0.434188466799612 0.448828364164715 0.464463876379337 0.478942568549556 0.492527073421986 0.500781390175602 0.506719314686969 0.509372983688463 0.504250283895034 0.496727502816651 0.497866537154427 0.497132630298812 0.493177657438403 0.469607320124862 0.437021700521273 0.397912820976025 0.364517466802906 0.343165844959519 0.344589216343196 0.35883551058092 0.352819381023394 0.350175372771123 0.358727262548578 0.38165938720854 0.414425879714643 0.433873098192495 0.462417974454082 0.525744102594447 0.557014802456873 0.561840073647112 -9999 -9999 -9999 -9999 -9999 -9999
0.2582186040221 0.274091739125884 0.290992252526237 0.308462717678037 0.3084039249235 0.308909394179937 0.312697126981108 0.317607604963411 0.323275143782378 0.338858204138956 0.35154680647093 0.351709095835669 0.364176891951798 0.386658116468772 0.390535479710412 0.391135259848788 0.389643581413334 0.396176687936882 0.410562151400779 0.412294896814964 0.413051712785276 0.424346737434119 0.437924265447752 0.454186525127585 0.469052060877779 0.48326685380773 0.49510499203653 0.505947834387522 0.515379514194008 0.509895565047424 0.500400220900254 0.518853285783431 0.527211157280548 0.51820741361194 0.495443828185409 0.466280610177979 0.412357472864191 0.367549084319336 0.341953981316415 0.347215511722697 0.36985014190543 0.363556330638325 0.362227965690199 0.377280560078003 0.390365788263932 0.40210557229854 0.470833693454281 0.539309716828973 0.588499421620452 0.595017329127249 0.566331402774097 -9999 -9999 -9999 -9999 -9999 -9999
0.263634341783107 0.27474796472854 0.286945174951137 0.299743519603501 0.298922666716489 0.298956947187047 0.302617011843847 0.306716833153771 0.311113179931216 0.320138143877611 0.330247129058884 0.342510586982846 0.356907464398776 0.373040381115109 0.376464792417649 0.37820177937177 0.380901553293082 0.387729585678426 0.398597172913803 0.404601208648078 0.409839371093663 0.416757332223215 0.425227838436942 0.435524483010412 0.459688150848242 0.48520120589102 0.485936815824888 0.489791157308383 0.498067336807415 0.496220468130272 0.492110442484706 0.51576094371607 0.52879537362686 0.523572387578263 0.496527161167723 0.459519608341247 0.433215548852969 0.409141987436535 0.389770167937672 0.387877692803722 0.39582655031457 0.388370199786667 0.383693044611581 0.388093510165142 0.395675391740617 0.405432982940221 0.476988572768182 0.548006347819127 0.597224393655175 -9999 -9999 -9999 -9999 -9999 -9999 -9999 -9999
0.267745514711697 0.270542430004398 0.277498096494977 0.286760885432053 0.285916224690823 0.286398027328377 0.291356414691992 0.296174693611979 0.300898498186995 0.303678561009991 0.310902072089391 0.333317577955243 0.348106570088689 0.35668959681572 0.36067628011649 0.36469714949721 0.371860783567591 0.379130752041964 0.38650477012009 0.395483368909591 0.403969967711749 0.407383739648399 0.411577473872443 0.416688617237569 0.448318156764333 0.48291172366146 0.473752371618403 0.471660798056086 0.479590148409226 0.482259836666624 0.484197954079956 0.509064446906751 0.524583971483268 0.524028671188012 0.491583028192153 0.444697016507249 0.445041503858857 0.441690014745121 0.43054765251078 0.423111808587237 0.417762832391057 0.411367654276757 0.404552286671007 0.396754772218129 0.401476721825216 0.414760493670133 0.483766935105683 0.545636882860339 0.565572016892842 -9999 -9999 -9999 -9999 -9999 -9999 -9999 -9999
0.25807103940468 0.236491180560861 0.240983383053257 0.25993940775409 0.260214019655187 0.263594167099776 0.276936013965952 0.287707447186839 0.296745664770216 0.303199175453314 0.309793042401296 0.317634117554981 0.326677061151709 0.336698007836387 0.345943026919345 0.354158323066461 0.358414157339069 0.362062681590795 0.365116945051509 0.372528752613798 0.380565681015491 0.386727008412306 0.39471730546367 0.404858877656107 0.426151332120274 0.448388198218095 0.449369495026935 0.457889444593732 0.477097938788573 0.48503351839418 0.489491844124529 0.506544821493445 0.5174560932274 0.517804919486796 0.479007659273203 0.422412108063553 0.404448030614747 0.391468723775231 0.38899698258621 0.394642999881528 0.40485952965756 0.411777313034489 0.413433815426164 0.40165931052935 0.41300285011107 0.440156378552009 0.522766781828735 0.588332564247093 0.578864011810007 -9999 -9999 -9999 -9999 -9999 -9999 -9999 -9999
0.233231921353502 0.212367532620219 0.214747268633187 0.230021991482256 0.232789128696075 0.240535330667574 0.262436053809309 0.277089953612908 0.28685736070941 0.294095557661016 0.29955007282842 0.299912645622732 0.305002091249276 0.313937961376794 0.32508493584757 0.334707499206207 0.336279524085477 0.33842528808193 0.341132463301461 0.348553606138887 0.357043159949141 0.365883281048132 0.376444552579475 0.389030279863791 0.40475752085304 0.420749598699764 0.430741749203434 0.445739785427703 0.46783532761828 0.482127510904225 0.493697180921193 0.507946275374305 0.51590431569121 0.51304306243714 0.472612212618514 0.415064259191039 0.385087262600975 0.364992375563812 0.365728319678432 0.374664072408029 0.388216534009481 0.40945773612344 0.423736316559042 0.418846810134745 0.433023127216007 0.460238196666423 0.543394483884371 0.61112500091939 0.609086501684334 -9999 -9999 -9999 -9999 -9999 -9999 -9999 -9999
0.192032275842788 0.198954377484162 0.199600324223667 0.196764490697215 0.203505700689261 0.217201410591732 0.24785026016018 0.264152644259862 0.270781286415698 0.275687600116793 0.279452860276017 0.279992444436229 0.283062303313653 0.288191136699577 0.297619001787099 0.305641877218192 0.304771747006452 0.307700514270793 0.31434655235477 0.323477450408404 0.333393080542566 0.344837811029025 0.356647818716039 0.368887473641431 0.384197682847918 0.400538870813738 0.418322984135432 0.435339707475924 0.451268400590787 0.473093913534811 0.496728121089859 0.513578025118079 0.520368370540954 0.509858385146564 0.472884037300709 0.423831407381224 0.388633612336146 0.364133497844708 0.362183384052579 0.363844538754162 0.367538933019788 0.404193695840853 0.435571848043978 0.449285906162688 0.462207402269625 0.474586880361675 0.544201212746454 0.602901697704607 0.606526427667876 -9999 -9999 -9999 -9999 -9999 -9999 -9999 -9999
0.171757744402988 0.18379096279925 0.186668042941346 0.184465633812673 0.192992156505835 0.206994375152582 0.234012727670806 0.245667200909014 0.24696189572411 0.250424783025665 0.253750576775551 0.255966544875424 0.259430445071213 0.263909831987218 0.270511122019032 0.276817400789975 0.280462055704702 0.287359151482885 0.297438803144834 0.307098999165987 0.317048913927446 0.3293024895952 0.34241404121508 0.356534763398757 0.367597109699072 0.378479723075581 0.395942568058658 0.414879475528005 0.435906356255826 0.460190996095747 0.485043202075373 0.497884514218338 0.504039624525058 0.49869587009863 0.473750674406674 0.439858081648681 0.415869879610556 0.39758255926007 0.391312319191457 0.381959055614309 0.370869968354889 0.401673220755635 0.430992398430381 0.451571186718515 0.47531502075873 0.501223369108353 0.553448043958726 0.595590737356745 0.595449391047047 -9999 -9999 -9999 -9999 -9999 -9999 -9999 -9999
0.156844273773135 0.169352721975206 0.175636780937172 0.178467777321384 0.187866133691356 0.200557144287718 0.22106297351444 0.227168404211033 0.223563726200204 0.225885313332079 0.228981796104045 0.232822370371456 0.236965746589984 0.241355523523119 0.245222404634323 0.249983144683198 0.258960413878146 0.269753641862005 0.282323809249516 0.292545309874652 0.302662628020407 0.315203182604943 0.32894798092143 0.344109237732947 0.351074529812933 0.356749461939121 0.372404856023944 0.393210967064841 0.421319930461329 0.446182698224824 0.469088826321226 0.47733537284081 0.483022533342204 0.484308086721369 0.473079375996855 0.456138833704832 0.44565731681987 0.434570600207909 0.422208162733034 0.402068187264021 0.377549252438186 0.396852173000895 0.418632188318857 0.441847965921996 0.476168749357138 0.5180840340767 0.557123539589807 0.583893703580018 0.570500488460802 -9999 -9999 -9999 -9999 -9999 -9999 -9999 -9999
0.142677448203667 0.163701669033619 0.174740859548506 0.180240721915897 0.187773128663369 0.197654833139096 0.213388741354081 0.219089533268243 0.218025050613693 0.219798828350021 0.22188079981233 0.224112366266506 0.226510747177428 0.229044870943367 0.232972359529055 0.237699133042079 0.244983904297913 0.253088703447868 0.261995910607332 0.275258501573884 0.289186199725998 0.301483740672569 0.310722266928327 0.316362711474992 0.327632334190959 0.341004268955013 0.359030128802821 0.381507803631778 0.410297405091339 0.431176312102164 0.448844922853717 0.460609625339293 0.466080598788259 0.460727678398611 0.459683164869295 0.460569656227117 0.449760307899253 0.433188537155654 0.404469962359251 0.382351938114984 0.363950198204172 0.369480887236088 0.378726957974755 0.394959594412658 0.415105697245593 0.437928144964179 0.502783156652615 0.557028567871088 0.562136849898452 -9999 -9999 -9999 -9999 -9999 -9999 -9999 -9999
0.134148277828068 0.15775986413669 0.171898539435371 0.18078199157094 0.184854962007533 0.190563371485517 0.200994158801644 0.207379602036894 0.211037292237947 0.212466238513777 0.213593966129211 0.214409665261367 0.215660978953959 0.217266767703892 0.219865208466293 0.223222219482539 0.229221750878446 0.236009892103121 0.243569698349824 0.254305218963149 0.265905827359428 0.278624387091757 0.287352969203974 0.291388450123269 0.30705696511343 0.32617453068238 0.346434729422302 0.369701690483819 0.397231735983914 0.41590059754107 0.431245217387282 0.445178892976946 0.45107669878516 0.443154494086186 0.448098142871808 0.458839394779114 0.442986911650905 0.421497209777889 0.38812462488176 0.366242709463508 0.350830344520514 0.344748933864325 0.342132176744487 0.347532196985048 0.361448127751958 0.381187926998431 0.450608621116585 0.503874100396536 0.486953315726597 -9999 -9999 -9999 -9999 -9999 -9999 -9999 -9999
0.132938164559574 0.151440591996382 0.166529317103547 0.17972424551655 0.178269043674809 0.178033366550792 0.182471405423375 0.190955665301946 0.202168269520445 0.2035158994049 0.203767625099696 0.20341820056766 0.204298704134784 0.206180043929781 0.20564532396489 0.205898382189766 0.211141394450306 0.218393772336691 0.22761234074387 0.228591954776108 0.229897534594848 0.243899189820905 0.257306040129423 0.270013267549334 0.290203438978297 0.312533276820702 0.334851088436787 0.35776192339347 0.381513565938057 0.400275228708178 0.417078328492072 0.431429407415301 0.438588842254993 0.433380157712281 0.438864487926567 0.449110537484162 0.422093301016757 0.396421932560006 0.373587564556693 0.354816276779555 0.338332610507748 0.32344348031297 0.309835169195136 0.299405011907721 0.317404688303931 0.354846984694444 0.401245885924713 0.443338080928377 0.46810727704209 -9999 -9999 -9999 -9999 -9999 -9999 -9999 -9999
0.126319199484521 0.143040706951449 0.156025617939831 0.166937602417594 0.166618394894034 0.167013960446887 0.17042428798343 0.179699891476386 0.192930417954051 0.194340451306326 0.194099524425772 0.192028236962211 0.192048607842646 0.193771035492444 0.193463088022687 0.192469052745527 0.189822867644804 0.192501943141164 0.200391855715689 0.202442450125816 0.205101919471981 0.21905241797635 0.233904106489901 0.249815794910676 0.271843137942896 0.295727664640831 0.320628998312546 0.345538418748432 0.370459304858959 0.39101568275695 0.409671037007496 0.422583882649818 0.431578014583366 0.433832780884717 0.437416486088465 0.441478740190242 0.410662643832857 0.382666322159263 0.360613898396298 0.339689209920217 0.319399466203036 0.282111129928837 0.246258877984015 0.216142424509017 0.251091760278091 0.330538345977634 0.375588010877819 0.407519442369161 0.406644817755861 -9999 -9999 -9999 -9999 -9999 -9999 -9999 -9999
0.117335878589942 0.133488848990062 0.143793435996883 0.150853554662033 0.153552632456067 0.156466431601581 0.160388698231109 0.170042188721547 0.18356021161361 0.185002082532764 0.184426996008342 0.180896649443439 0.179667885019863 0.180311999823974 0.181092198137466 0.179607377101947 0.168212548576348 0.165352582211346 0.170844089993513 0.177058546814828 0.184399515530049 0.197635561936182 0.212724710203866 0.22999351845591 0.253075264194238 0.278107947345951 0.305864388401563 0.333476772719246 0.360884908755203 0.38380723818377 0.404594470999798 0.416010356352128 0.427191953262824 0.437970623195713 0.439217651880249 0.435989925626023 0.404489354241385 0.375045261884328 0.3499360908476 0.324572865916249 0.299066601930658 0.237113126085202 0.178036498720807 0.130727064383398 0.185044389097061 0.308862312353469 0.359020571088616 0.392165793608277 -9999 -9999 -9999 -9999 -9999 -9999 -9999 -9999 -9999
0.100632992702542 0.11780289895005 0.130966779829972 0.141908264945629 0.143683828087621 0.145615423414564 0.148904467390234 0.159132852441167 0.174040396617987 0.174500391025737 0.174019768344896 0.174841814622265 0.169380229434962 0.158805429892494 0.157542629460015 0.1574944385969 0.156646122206675 0.157192550118745 0.159103753555404 0.163532657185334 0.1691527058955 0.178725209233951 0.192126088809677 0.210029990406264 0.235433752530715 0.26339965244771 0.295305961370475 0.324741306604768 0.350673239955467 0.376136382718571 0.401020407780551 0.418110833826423 0.43363243827549 0.446455998637058 0.450118727269584 0.449498545547749 0.426449981519378 0.399063699156224 0.362533794398266 0.325426852914629 0.287995024510344 0.229944620059653 0.182982830090724 0.167516258813972 0.21772610615021 0.312850801173884 0.359689217965445 -9999 -9999 -9999 -9999 -9999 -9999 -9999 -9999 -9999 -9999
0.0916736145272394 0.10728120789334 0.119846666991341 0.130724461710963 0.135076327758743 0.138664768607096 0.140962416274073 0.151273358790393 0.166987621494619 0.167025224277283 0.165617333313132 0.16422688751886 0.156845676284926 0.14458956619406 0.142212046554181 0.142183747141597 0.145905970802606 0.147265968787098 0.146314498080474 0.148889156897552 0.152742538028307 0.15976790767514 0.172394911239224 0.19161068229084 0.218688773957458 0.248627505132967 0.284350206430664 0.316477786369437 0.343508087481094 0.370847086433719 0.398017930472768 0.419802405419664 0.439438893517963 0.455381294775105 0.463313305600102 0.467490134041655 0.449349149517459 0.423969804471436 0.383332475789559 0.336264351651769 0.285575519784269 0.231645402815814 0.196453139854241 0.210828238953583 0.253901087397148 0.316599778235735 -9999 -9999 -9999 -9999 -9999 -9999 -9999 -9999 -9999 -9999 -9999
0.0948668719059343 0.104864287912469 0.111404797643485 0.116027542717708 0.128448313844233 0.137835315574818 0.138579450376354 0.148200278139084 0.163806610638733 0.164299875538131 0.160361213248694 0.146455366574659 0.140784849480689 0.141815712896552 0.13978031290628 0.13754847985029 0.136462572613968 0.134566970885531 0.131879072516475 0.132491682115728 0.134506599574229 0.140736924735109 0.154025097154852 0.175614867865039 0.203350811469573 0.233755148045619 0.272770886376739 0.308954936445769 0.341124127715244 0.369295401299404 0.395912498215894 0.420852241467067 0.444250304522865 0.464997001008736 0.480107299908817 0.492517278679273 0.473721260237094 0.450269013096469 0.417001744851068 0.36276994090048 0.296734549509127 0.247265618236695 0.223300953294258 0.264377057547544 0.295558385989058 0.319972866330861 -9999 -9999 -9999 -9999 -9999 -9999 -9999 -9999 -9999 -9999 -9999
0.0810317252864776 0.086912352003047 0.0970199927691974 0.109472625705215 0.12223076077073 0.129592646207731 0.122994135843871 0.126636655687177 0.137184645290888 0.143681048121978 0.14660756344479 0.139035723782703 0.135997166318606 0.136647501772736 0.133865881814001 0.130567798237889 0.1272662055992 0.123550025181253 0.119428165203982 0.117721679315428 0.117178445734364 0.120551533157399 0.13280132996521 0.155492111502594 0.185349430884414 0.21810087355482 0.258837156342995 0.297096047521022 0.331842413101121 0.362230411815453 0.391266681048783 0.425031763157415 0.455692785818769 0.481015477304652 0.501963925146492 0.520777952529004 0.505015502322222 0.483626586142746 0.450377453070203 0.393937226016052 0.324439800390543 0.292870513351531 0.275924649547728 0.292983870164147 0.299912195711766 -9999 -9999 -9999 -9999 -9999 -9999 -9999 -9999 -9999 -9999 -9999 -9999
0.0605570922541085 0.0630758963870079 0.0804112648994165 0.105966319234189 0.115714088459007 0.117896319182389 0.10219715283989 0.0980386608749066 0.101661981512413 0.116339868421485 0.1297968081107 0.135880109386912 0.135727910140461 0.130501662397788 0.126533364925065 0.122638254647336 0.118240933231265 0.113357804105037 0.107999305786487 0.103914770702279 0.100603205486685 0.100324637316195 0.110774976840284 0.133844898300469 0.166325900311255 0.202123464209094 0.243826215289655 0.283273419361897 0.319522636256174 0.35268400979578 0.385337745441393 0.429956403547554 0.46913223873505 0.498947560129957 0.525184445614119 0.549648039958244 0.538564096519758 0.519407686223291 0.48323505148641 0.427082247942899 0.359680081527403 0.350738927437646 0.352013661806132 0.373348034296559 -9999 -9999 -9999 -9999 -9999 -9999 -9999 -9999 -9999 -9999 -9999 -9999 -9999
0.0559067366010294 0.0603419985436556 0.0729255515016407 0.0900294770925737 0.0910912384007371 0.0913482331235476 0.0911989188517138 0.0933872764132082 0.097151913101728 0.115448593190957 0.13077022550389 0.131896853628992 0.129729009332928 0.124880335683439 0.120114978594616 0.115561524370485 0.111872621029962 0.108121717286119 0.104310145337485 0.101277632842793 0.098585314302803 0.0969437743041294 0.103374836557292 0.119301074689918 0.150407990688139 0.186167794217576 0.224857251771614 0.262938294738415 0.300156707912224 0.335455099962756 0.370474249069381 0.413630067626316 0.4536909486136 0.488429186141631 0.52015058048432 0.550369108126163 0.548516129656895 0.535945705220552 0.500783615905027 0.462075899159469 0.421371900502816 0.402835000156025 0.388789043191435 0.383969871671372 -9999 -9999 -9999 -9999 -9999 -9999 -9999 -9999 -9999 -9999 -9999 -9999 -9999
0.0524117010269345 0.0573776428176998 0.0660985848112223 0.0769026630257342 0.0744612269200322 0.0750690607901042 0.0849271709742499 0.0906027295164098 0.0934580167283624 0.110839128379216 0.125423405507842 0.126400167733243 0.124286237590315 0.119657301168933 0.114587491032658 0.109827148081021 0.106695916002073 0.104171014842107 0.102239416409148 0.100065882592312 0.0979855033128859 0.0967851135143697 0.10142533977779 0.112935429688944 0.141926024111147 0.17607467270108 0.21170656171826 0.248091202215107 0.285543117998743 0.321695636205086 0.357651405069254 0.398965065013918 0.438638314885543 0.475490403506167 0.50839474928495 0.539376772354074 0.540218252922562 0.530425517916944 0.498216562177279 0.473323438390341 0.452549321261614 0.433071206807433 0.419007253738633 -9999 -9999 -9999 -9999 -9999 -9999 -9999 -9999 -9999 -9999 -9999 -9999 -9999 -9999
