layers/veg/veg_4500.asc
NCOLS 255 
NROWS 330 
XLLCORNER -2985163.8955 
YLLCORNER -3022031.214 
CELLSIZE 25000 
NODATA_value -9999 
[rows 175 to 199 of 330, columns 114 to 170 of 255]
0.355702004480418 0.35752011776778 0.355914343443156 0.35532336563387 0.358404504071949 0.368349692973046 0.383432897159834 0.390889819646884 0.39844468932368 0.409964956171266 0.429376614409271 0.455899882042793 0.472135160379529 0.487636815882564 0.509177106296803 0.532501502161567 0.557758142271053 0.575009262502318 0.589021371643805 0.59379491191488 0.602829659181116 0.617418231701866 0.629430127850073 0.64015951608047 0.64514681820971 0.654801699087823 0.671811627459252 0.67276382080533 0.666753659012013 0.649342204568665 0.637308346694302 0.635606405386157 0.617761905959151 0.591614207459277 0.554437938319102 0.516600680146187 0.477773148153164 0.451241001565968 0.432424718327458 0.371494398460356 0.315106854145481 0.281442178987281 0.241728438182578 0.197423468588788 0.214822297054668 0.244183571650582 0.289351693840102 0.331029500187817 0.369518707412283 0.418593060263356 0.469597831503474 0.520196418417476 0.555094467695702 0.572755027470813 0.569658944882733 0.562154003820784 -9999
0.347607398080586 0.348632468075698 0.347525191790975 0.347617200283204 0.351663336400817 0.35832837157312 0.36695375704401 0.377677782134122 0.38899740666835 0.401596874950296 0.421089072639028 0.446792899783824 0.462794505687381 0.478812023222288 0.504184369805182 0.529526956939051 0.554837313621471 0.575696094820993 0.59312542025059 0.593023255089895 0.599556474991316 0.614737894610149 0.633951433282184 0.653744781411964 0.663622962931588 0.676970672721681 0.695785573657689 0.697113773558252 0.690703121750729 0.665572471155261 0.648178746535752 0.645649891870169 0.641934598675996 0.637609040663939 0.57299208827882 0.51256162163077 0.465233607169976 0.446670818937902 0.44615940099225 0.381041618594296 0.319001026910851 0.280173497786656 0.239285360545531 0.196833225843915 0.225122735893877 0.267565501925086 0.329836086899163 0.384272979915909 0.431553356319523 0.484990770552668 0.53715819809633 0.576398864026987 0.603974050370007 0.618741803833626 0.621773678322311 -9999 -9999
0.347678036736317 0.347533107509351 0.346951276879991 0.347542538414188 0.351669404619504 0.356632482182722 0.362221497268122 0.377317132750121 0.392246920089214 0.40206696978323 0.415270598944452 0.431523461674127 0.450877171633771 0.472036450659365 0.499569233789681 0.52341679691676 0.543273146890105 0.563626171322774 0.583132375680401 0.595236632764324 0.607312177343711 0.619350299607543 0.638008241161176 0.657906924719716 0.66535235880137 0.685986701762887 0.727403779503083 0.731186867440589 0.719193866099412 0.702228232305019 0.689533195879219 0.685043210749888 0.674368842133591 0.660513430781865 0.599231485249002 0.541302939028889 0.493824017761961 0.450848044872813 0.41069785850457 0.378460602225941 0.345782183337477 0.310068326928886 0.279420728512052 0.252618409829973 0.284377343852578 0.319286290382599 0.337298598249708 0.382503619956183 0.452550709669368 0.499887775451368 0.541830937911512 0.578004154991696 0.603974050370007 0.618741803833626 -9999 -9999 -9999
0.345130189580367 0.344454275456392 0.345464138132613 0.34714813871736 0.350473759825523 0.354365843384702 0.358681946660486 0.374316657965112 0.390003290014906 0.400556045878855 0.410003800971478 0.418455745125495 0.440380914790888 0.465184051182034 0.491993290132958 0.511757989119149 0.523893222145491 0.545383514382667 0.56915631880301 0.592288677601742 0.60986980390758 0.620215755942909 0.638510632069021 0.658883276816771 0.672088619236713 0.699515891733786 0.749353706568082 0.758337389496419 0.750329794237378 0.742334984469871 0.735571919699432 0.731175392912516 0.714730741684033 0.692088932919771 0.636342648497536 0.580927720441679 0.528036835018312 0.464298714695715 0.393753505418111 0.385483304973867 0.374148441646162 0.340143381236591 0.315344317714315 0.297532587511135 0.324177864830933 0.349393738742305 0.346925326016363 0.39584904887881 0.49172236768223 0.523096917531655 0.539204890478357 -9999 -9999 -9999 -9999 -9999 -9999
0.33860051019244 0.338365336061047 0.342588294473966 0.346267525811785 0.347450715552772 0.351231287572388 0.35695610372632 0.3673019006426 0.379406444610432 0.396032661786541 0.405575915380643 0.408736103192571 0.432045636257136 0.458214823924804 0.479914958399159 0.491661562734068 0.492628170112554 0.517754215411245 0.549123445915988 0.581492079013748 0.604522913430841 0.615383369315953 0.633607955667178 0.655015116841038 0.686438629045593 0.719908074651904 0.75660144815482 0.774961018680036 0.785488153211016 0.787689528008989 0.78873384235912 0.787555109320731 0.767147927695726 0.736850266798385 0.689986095095692 0.63710257350881 0.570799433212024 0.491851159525351 0.404967541151065 0.40711001976321 0.404925104371321 0.370492497129697 0.344863214417322 0.325915637505535 0.334395292314377 0.346634599145626 0.359843095744828 0.432178964974452 0.558531002675519 0.558946011907512 -9999 -9999 -9999 -9999 -9999 -9999 -9999
0.336775771518069 0.335344534071196 0.337289713646854 0.33927923455694 0.340718894004759 0.344437663848379 0.349862438639732 0.360420949306821 0.371881481134235 0.384359217849335 0.393468929571455 0.399543425195496 0.424530420808622 0.451182418830348 0.4683696034736 0.478955979744982 0.48239346580738 0.506387501080508 0.53619432483448 0.570662186173685 0.594867153870721 0.605696024617058 0.627751399801192 0.654253897491708 0.690666847165718 0.725516108767929 0.757901351946114 0.770577371811515 0.77502650216249 0.778284547925749 0.784660006715262 0.79702491653118 0.789263116214909 0.771148800536512 0.721585221674134 0.666137699320561 0.598373097627895 0.528965406730399 0.458526609335975 0.447997937504242 0.436108631378886 0.407160846137947 0.381295952184011 0.357770966582484 0.351816778575676 0.351289423235361 0.363119648119206 0.453997390504106 0.617089470050159 0.646965341858079 -9999 -9999 -9999 -9999 -9999 -9999 -9999
0.336713078746252 0.333535274931467 0.331156424240552 0.33009493453737 0.332744078347339 0.33642598478805 0.340880955210708 0.353457854750101 0.365180575759478 0.369824234467573 0.378398738316507 0.39051566375536 0.416936409923847 0.443416540399283 0.45653340311268 0.468830811704519 0.480240724823638 0.501390547255108 0.526161525503583 0.559740085444752 0.583296047459853 0.59378910088102 0.621000698488186 0.653972711659514 0.69028383340677 0.724728362805566 0.756231565209742 0.757543281598903 0.746592292903141 0.747460471801986 0.758083389215337 0.787447977403782 0.798556954877671 0.800275848769784 0.743111200641904 0.682907006162653 0.618577787749456 0.568271291501652 0.526764633927753 0.49588551421829 0.467837078992849 0.445955304143444 0.419905050295204 0.39069092918141 0.372265983202517 0.35956534610712 0.363754211603987 0.470407887155846 0.670668908951891 0.702587608910716 -9999 -9999 -9999 -9999 -9999 -9999 -9999
0.33323702536152 0.331344403832922 0.328924134364079 0.328038203682057 0.331767823326132 0.335563371910374 0.339408270933425 0.342494788288923 0.346619116106167 0.35505329508694 0.366323117683121 0.380148381871284 0.397358879292561 0.414749620872567 0.429837133862197 0.44780968442805 0.46890682454707 0.492836571529061 0.517936512494342 0.546489010883538 0.565949620352805 0.573560356687048 0.599097625817302 0.631265756966773 0.673030040671992 0.709317620817696 0.736975155932712 0.736642535912246 0.725066472309969 0.729475919560206 0.74152993288316 0.76827136610366 0.786366791016741 0.800014994638526 0.726999618642995 0.657342861034697 0.600207427467377 0.559639919980611 0.529469471991313 0.5234886373625 0.51085455381036 0.473067850137232 0.441312223953998 0.414134173584778 0.397219186758232 0.387384039446782 0.399971274321187 0.498136089013557 0.674480818746616 -9999 -9999 -9999 -9999 -9999 -9999 -9999 -9999
0.329561861104109 0.329075645940792 0.326467798028275 0.32551293798093 0.329843431760177 0.33306328981471 0.335451792773421 0.333018036296724 0.332560546994684 0.341901411806069 0.353700151257738 0.367713892287717 0.376628175326387 0.386381878251708 0.405350042866968 0.427763722227617 0.453909006149488 0.479502184372401 0.504658335103867 0.527551168278323 0.544348570275701 0.553201519059035 0.578738395789816 0.610590171197668 0.653275607645043 0.688855751038952 0.713239561028781 0.714489051617619 0.706545753660441 0.715836153349169 0.730340237600243 0.754861316099534 0.775657803173463 0.794538483357173 0.708306836632049 0.630427861746648 0.577893653932006 0.545497314742586 0.525738321786523 0.535378713053687 0.533281466744536 0.489687919298712 0.459208888091604 0.438683748614034 0.430718253140555 0.432202176779699 0.464179696241262 0.500003233713949 0.539340324175563 -9999 -9999 -9999 -9999 -9999 -9999 -9999 -9999
0.325518221614739 0.326662750493808 0.323596840582329 0.322120600162291 0.326164415604634 0.327532901830622 0.326898797533427 0.326291862720238 0.32683504184186 0.331745759036832 0.340064264920165 0.351453821376849 0.353763405016431 0.358567793390968 0.3849512643737 0.409522403705148 0.432130728898179 0.457321152192957 0.482028755188437 0.498089374138304 0.514873901019955 0.532601930096651 0.56123620600571 0.59367384340009 0.628893481517695 0.659046247656033 0.681214770559253 0.690017245159323 0.693586286492838 0.710236862371666 0.72907673605161 0.752122883283233 0.767689884511076 0.779409859901553 0.68483727743974 0.601012967333391 0.548282186937323 0.521155602369237 0.510096710650216 0.518190171755367 0.517603418537709 0.486890576529746 0.470608991831882 0.465280702716646 0.480032321210028 0.508479540745277 0.580189019018383 0.593043611333382 0.552130967022598 -9999 -9999 -9999 -9999 -9999 -9999 -9999 -9999
0.323025334608606 0.324663785220714 0.321151295635786 0.318745570621718 0.320630159079267 0.319897106745415 0.317204645973189 0.316837293463053 0.317560837769843 0.321343942808687 0.324164330237165 0.326117130282838 0.330261524247607 0.338577650973644 0.366372262085816 0.390094832901776 0.409407251602393 0.434134405887785 0.458580699341497 0.470462793544524 0.488550593857703 0.514726573730285 0.540510134522889 0.565572785621019 0.582800113577024 0.602316879028381 0.625441279705039 0.654364537829942 0.685501411078811 0.708676627425929 0.731108745783258 0.752113158225403 0.752449247509525 0.742154233568257 0.657724736432113 0.580239657534866 0.523130513838066 0.503677362855575 0.507854906190728 0.49392551609375 0.478229438790545 0.461171907066253 0.479660928237659 0.525129712325326 0.562529007488069 0.606759364394232 0.681568724858502 0.721934853778558 0.730835160440246 -9999 -9999 -9999 -9999 -9999 -9999 -9999 -9999
0.321300299287171 0.322869776563719 0.318916392753588 0.315379111237 0.314177284361192 0.311218823960177 0.306945453368377 0.306031765079512 0.306529503225335 0.310820239284744 0.307143356990587 0.296286170648665 0.30644417963496 0.322461516466091 0.348694317987541 0.370079891887996 0.386215760581417 0.410449682443056 0.434727376935459 0.443744914905758 0.463787676711743 0.498200115148042 0.518187765100594 0.531933633367156 0.525956471957312 0.532258198274225 0.557908672036961 0.613175632001376 0.679830179060916 0.70911632219954 0.734772520684306 0.753454546818552 0.73360754000225 0.693942470378435 0.62880838098314 0.563745209370683 0.50018709788689 0.489597556847686 0.512247986564665 0.466157137953073 0.427122470606851 0.42410379305364 0.487550174747246 0.601443404155063 0.66145599426188 0.715933657610708 0.775704608017057 0.781873955545343 0.739075234942168 -9999 -9999 -9999 -9999 -9999 -9999 -9999 -9999
0.31990356722608 0.319694334075888 0.313768844341003 0.307569992512344 0.301719293200016 0.299638813159873 0.300380492478156 0.298276943611664 0.294450752194066 0.28540392859297 0.28122882592465 0.281444048693735 0.293093496762376 0.30835192503413 0.33134540069437 0.348931785954881 0.36066211640513 0.383649277674855 0.407636354103602 0.417558516309246 0.438270894018319 0.473046651289246 0.483308004065027 0.486803643455718 0.507663254310451 0.527099168837 0.544291660237074 0.572681728097124 0.605673135193481 0.6364215565206 0.662341269320741 0.678983638054003 0.66908950353223 0.645545867636387 0.613430198094886 0.579838352453897 0.543192164806524 0.517466864006801 0.498594871808774 0.472085980876231 0.450214152144245 0.44387357983693 0.48973053701839 0.575205315217657 0.657739541080482 0.729981445938853 0.763664730496083 0.80818920860982 0.862617724591772 0.871292839974942 -9999 -9999 -9999 -9999 -9999 -9999 -9999
0.321489861053892 0.317477189857686 0.308658874639477 0.299705520749229 0.291323394991952 0.289046910224544 0.291340741031581 0.285370576247077 0.276822496940453 0.262348893920978 0.259378289423287 0.266774023168998 0.279115207348418 0.293242583443588 0.311880347157167 0.326079979394833 0.335472970859599 0.355216949716752 0.376355675988386 0.388179013230326 0.408592645267924 0.440202399961383 0.44589416449068 0.445747699709103 0.481373214388503 0.507467115671017 0.518541351942209 0.527536887903663 0.536187799395048 0.565725999299328 0.590696053476186 0.606889379999229 0.601671019154734 0.585439193071976 0.581326450790296 0.574396782384618 0.560144070737413 0.524421637164196 0.475226064275078 0.462468225366978 0.454013911415144 0.450538547816239 0.483065105002206 0.542917048426213 0.635737488378611 0.719137207635232 0.74949583706867 0.798693840613503 0.865102668191707 0.879549092062369 -9999 -9999 -9999 -9999 -9999 -9999 -9999
0.329867271591861 0.317486841560231 0.303723018658161 0.291849740950851 0.285811254742953 0.28079592779698 0.276546476328728 0.260626424897845 0.246573573011733 0.245129584928286 0.247063404974646 0.252041257542489 0.263388219722436 0.275792958343248 0.28758066452672 0.299378264036507 0.31118657834055 0.323158555716212 0.335621191035331 0.351503323631101 0.369449442160287 0.390085647609676 0.403084089019706 0.41432918641679 0.435680482917361 0.452867051970467 0.463490953349197 0.471767144227814 0.479433064561997 0.501809083056873 0.523153423310299 0.542515611615895 0.529026596696257 0.498640007169551 0.510678555635093 0.518868150915086 0.51569423819371 0.482419068041351 0.430254112713896 0.416382188610519 0.411576570764881 0.425599694088451 0.456405236071694 0.499948600423482 0.575162153928131 0.654429270263125 0.733696765628713 0.808376742488235 0.878865764102066 0.8867589884203 -9999 -9999 -9999 -9999 -9999 -9999 -9999
0.333631588358984 0.321246012149277 0.307937024571645 0.294961207140713 0.283150561133217 0.273294980244424 0.264902843501117 0.243714553956508 0.226547996774912 0.230726270989577 0.234898279816819 0.239064642366256 0.248391719752748 0.258354496764225 0.266672461386568 0.276767424278318 0.288786934106424 0.29494847124123 0.300710697793848 0.314713483314249 0.331794478630595 0.352887445044055 0.363266802605394 0.370512137098628 0.382999532272947 0.394175509449267 0.403284988730675 0.412834228532009 0.422571545908501 0.432516852876867 0.445371103055828 0.463814273519566 0.454839180659225 0.431761038149883 0.445678168879165 0.455067476630822 0.451766714716093 0.424393107578642 0.381912793492047 0.367459152673675 0.360136840293391 0.368078593861874 0.377773046434476 0.388797794063632 0.480813953467608 0.584111723751689 0.690969553176678 0.789692978160669 0.880985168825382 0.895535818853417 -9999 -9999 -9999 -9999 -9999 -9999 -9999
0.334603307664119 0.327275003697154 0.317690020667042 0.304711841063369 0.282216028543256 0.266248076245371 0.255166487441662 0.231544057779088 0.212711259576624 0.218027656983572 0.222823813430787 0.227151136143348 0.233837430168609 0.240922793170807 0.247817335310843 0.256633050290336 0.267529457955937 0.269068011947931 0.269325835133553 0.277854540347382 0.29504044065643 0.323509657830316 0.32526124071676 0.319189469651266 0.326088170521257 0.333007135990328 0.339958033880186 0.351986444725223 0.36564538425385 0.359970605153522 0.361390050676368 0.376439551181661 0.379717693006616 0.376941036468059 0.384096576191992 0.386259211580494 0.376048112849565 0.356667174773955 0.331531782894934 0.316818701677793 0.303247393814508 0.29083339883076 0.267678723550274 0.236371893296683 0.366020900899424 0.510398325990875 0.631941033623185 0.753837076439701 0.876055910748344 -9999 -9999 -9999 -9999 -9999 -9999 -9999 -9999
0.330968502433179 0.321946791534356 0.314218300500441 0.300886227003861 0.27082531129809 0.251159795813261 0.239275651622811 0.222521407594616 0.208925570457031 0.209652932591461 0.212055793211515 0.215968589175417 0.219500624437428 0.223128013737094 0.227612399647817 0.232091684523972 0.236565444813739 0.236335084166229 0.235222498834886 0.236452956329836 0.24773618667903 0.272121653981083 0.27342137372625 0.267771454198256 0.270815691695279 0.276803441252533 0.287429499484362 0.299841519975616 0.312685334771588 0.31303502211341 0.314772892102603 0.319177861995504 0.322531670545391 0.325344796396507 0.325406225899153 0.323305970809815 0.316218599210032 0.298991192156681 0.275400493077242 0.265075457597957 0.252502987978109 0.230329726134273 0.186685819081019 0.126745735036735 0.296359704007927 0.475313843028164 0.576339911476243 0.626628012334646 0.63056413637931 -9999 -9999 -9999 -9999 -9999 -9999 -9999 -9999
0.32019372479377 0.309085677897366 0.302444506459045 0.289754053863412 0.258385568904659 0.238733938904182 0.227852841725431 0.216584525329801 0.206716267236169 0.202362685503909 0.201777538844662 0.204588452138058 0.204747496664449 0.20482506304693 0.207015714035317 0.207080633036992 0.204843315141214 0.201915012681671 0.19885504167573 0.196123412017084 0.20218925802016 0.219721254942805 0.220616494676409 0.216353132624777 0.216364132124655 0.221533731192437 0.234832115410359 0.247368164402843 0.259460673711361 0.266472116187859 0.269603605526958 0.265280583992616 0.267488622289409 0.273056022190195 0.269066717011492 0.265129050396137 0.261815538805213 0.247214518440763 0.225530119038648 0.218259640429237 0.205968035599016 0.175526832050083 0.125657185838144 0.0610413903042661 0.247816652558683 0.440648524593416 0.53191591669918 0.575488132840937 -9999 -9999 -9999 -9999 -9999 -9999 -9999 -9999 -9999
0.289815272329001 0.276709014477544 0.269289598097426 0.260152574116331 0.244822078114895 0.235370931510884 0.230320712207255 0.218912192123091 0.207212523753748 0.197399057874744 0.19266609965526 0.192511622494175 0.188763999587057 0.185133190834907 0.18554047460646 0.181517116294452 0.172695228465114 0.163897949140802 0.156497061491826 0.159677418963056 0.163565851264072 0.168377149756806 0.167535016879358 0.164951060589817 0.163967275172091 0.168044912979814 0.18009820802009 0.192391878033005 0.2047664703297 0.216375682707021 0.221866461768381 0.215601962849036 0.215356303988321 0.218206537787652 0.218934851195136 0.219567962860869 0.220086445416637 0.210513660339742 0.194608187063275 0.18574174512825 0.170374734577088 0.134029781852006 0.11652946132395 0.113332179135835 0.251597089878062 0.400244488039672 0.518859712838906 -9999 -9999 -9999 -9999 -9999 -9999 -9999 -9999 -9999 -9999
0.280103847358771 0.26780746871713 0.257712419678627 0.248202418488492 0.239968354145038 0.233802448549855 0.229184642188369 0.220411508170214 0.210132307701341 0.19607445050714 0.186541082297815 0.181085119045723 0.175096676895349 0.169619104884178 0.167292261089241 0.159772058723645 0.146627280071949 0.133572327597365 0.122510179055716 0.126443284571741 0.127349481447676 0.124310570360649 0.120508326102059 0.116839577620936 0.118269623292002 0.123690819065351 0.135401163910336 0.147639137375621 0.160094941207842 0.17248586206425 0.180451726327471 0.179915778501382 0.178369598674291 0.176303788850993 0.18553950770773 0.190838150534535 0.186197579763891 0.180624662916178 0.174466660307679 0.164933078745492 0.150423888028414 0.121757606058112 0.140030096255286 0.19392902112743 0.28252117971661 0.35652298630791 -9999 -9999 -9999 -9999 -9999 -9999 -9999 -9999 -9999 -9999 -9999
0.285543854311382 0.276116024757332 0.261954328274852 0.24919281930068 0.241499943160827 0.233549569140259 0.225406447695371 0.221303542887589 0.214828830508874 0.197417685323104 0.182605473508764 0.17013538338985 0.16312739029206 0.157167841787043 0.151409848044604 0.140826393770182 0.125016808754269 0.108885463724489 0.0946603241954709 0.0955638312242641 0.0928977609664164 0.0855792979698459 0.0779205268567569 0.071140494608165 0.0774832993529808 0.0860335833891657 0.0980623550743174 0.110381492803691 0.122771245090625 0.13314623964966 0.143672081212871 0.15448774344995 0.152486460342197 0.143892563602787 0.164414060254439 0.174447699568713 0.158056549731452 0.155729583623785 0.162228475037993 0.152708694009931 0.141940853390293 0.130910799495739 0.187451266784859 0.295277625198585 0.333344851311172 -9999 -9999 -9999 -9999 -9999 -9999 -9999 -9999 -9999 -9999 -9999 -9999
0.287566657128841 0.281508398300321 0.268813723364538 0.256861303785928 0.248427192071635 0.237613518526982 0.225018648133107 0.219096504645398 0.21233039092867 0.199206740003829 0.186688813360422 0.174716756802255 0.160463357558262 0.147032763009101 0.140037397507093 0.127531232082139 0.109056691059325 0.0929376851909163 0.0783345680974678 0.0707338959595922 0.0638441171015121 0.0578808778494814 0.0509382364900375 0.0446944312937308 0.0519795311802038 0.0608183621519486 0.0721055215909479 0.0833035761291945 0.0943999227876754 0.102899110723328 0.112015853348671 0.122319096940965 0.124564284305597 0.122664673522004 0.139566372180314 0.14975466318506 0.143019501635695 0.147675763039094 0.159480613929485 0.152905359488562 0.14611768063759 0.142678682711163 0.201223250559933 0.30681322149536 -9999 -9999 -9999 -9999 -9999 -9999 -9999 -9999 -9999 -9999 -9999 -9999 -9999
0.288300045476609 0.284889781100777 0.274205406205939 0.263559075847507 0.254489916627404 0.241886404108365 0.22663728731051 0.218086919029981 0.210048471068013 0.200804287685288 0.190634736551897 0.179631257196681 0.159383090806677 0.139632670247569 0.131291486078583 0.116271038936875 0.0940167327011214 0.0785083162547434 0.0645320780674792 0.0492283567963071 0.0386371775682406 0.0341880691294306 0.0284480550008205 0.0232325579533006 0.030596547034723 0.0389848074701355 0.0489870876918153 0.0582702377307304 0.0672273435420791 0.0751017061768893 0.0832367150878557 0.0918725007945516 0.0978746731805985 0.102522201803167 0.114633054208832 0.124546265935163 0.12885088324125 0.141112808643737 0.158368274294757 0.154002224293739 0.150505316526835 0.154296183869792 0.158977830971052 0.164335578136366 -9999 -9999 -9999 -9999 -9999 -9999 -9999 -9999 -9999 -9999 -9999 -9999 -9999
0.285751136796092 0.282106460847722 0.273041667294968 0.263777973878359 0.255021612535016 0.245060783591306 0.234198362653895 0.222843125428232 0.211683547510647 0.201501300482144 0.190598859541116 0.179047390115562 0.160121387242831 0.141331503449304 0.130293466738694 0.110079471217736 0.0799276137862767 0.0659013917976444 0.0550571342442027 0.0373814208080436 0.0253003660403881 0.02051108485679 0.0157896023443337 0.011839762426782 0.0178136220930149 0.0242518469845951 0.031421806351464 0.0363787315703116 0.0406040261596622 0.0524136960993263 0.0628651656242792 0.0707071397761621 0.0766212899126147 0.0815438310079406 0.0909961019686773 0.101031343471768 0.112212737782489 0.132760288081904 0.159185489005999 0.153042792368265 0.150186738507552 0.16422539207677 0.168478251720927 0.165303713248022 -9999 -9999 -9999 -9999 -9999 -9999 -9999 -9999 -9999 -9999 -9999 -9999 -9999
