layers/veg/veg_1000.asc
NCOLS 255 
NROWS 330 
XLLCORNER -2985163.8955 
YLLCORNER -3022031.214 
CELLSIZE 25000 
NODATA_value -9999 
[rows 175 to 199 of 330, columns 57 to 113 of 255]
-9999 -9999 -9999 -9999 -9999 -9999 -9999 -9999 -9999 -9999 -9999 -9999 -9999 -9999 -9999 -9999 -9999 -9999 -9999 -9999 -9999 -9999 0.209533165758732 0.217034056404932 0.237508958469423 0.203977233429608 0.130577529594948 0.0679500719830975 0.0171142575594638 0.0054767519608253 0 0 0.00250922064055357 0.00449049057505648 0.0015294615347613 0 0 0 0.00468886137734362 0.0439182791714256 0.125277447760791 0.260792132519926 0.317999839110769 0.346279761169035 0.329296626629003 0.33357016754041 0.370864040090753 0.390876221287818 0.403624953771604 0.409593183559073 0.41428286228297 0.416552810801995 0.415062252567517 0.411666587556481 0.413136204436361 0.412048886110952 0.404778599972759
-9999 -9999 -9999 -9999 -9999 -9999 -9999 -9999 -9999 -9999 -9999 -9999 -9999 -9999 -9999 -9999 -9999 -9999 -9999 -9999 -9999 -9999 0.174104082472036 0.161238514868011 0.175328937459116 0.151451407549695 0.0995457335710069 0.0440787793883388 0 0 0 0 0.000853206076273254 0.00152689396148149 0.000520060234558196 0 0 0.00336810442313009 0.0125325101358819 0.0582505672615186 0.133955461481797 0.248206813027452 0.290975248361538 0.311570765770132 0.344135673491227 0.368760182025527 0.381049995273517 0.387993106320971 0.393147318684621 0.412298144557149 0.420837792024492 0.409295184173412 0.407422470252125 0.410448612166448 0.411281788388267 0.409983095863714 0.403800332828291
-9999 -9999 -9999 -9999 -9999 -9999 -9999 -9999 -9999 -9999 -9999 -9999 -9999 -9999 -9999 -9999 -9999 -9999 -9999 -9999 -9999 -9999 0.201461457756493 0.205155939501799 0.199528330789671 0.156677934953406 0.0863494800840519 0.0369699606335007 0 0 0 0 0.000321042828398121 0.000574536878826724 0.000195687317850842 0 0 0.0461681759486536 0.0966158343657463 0.0943576898615595 0.135193617566846 0.231424644467037 0.288406848949739 0.331097974449475 0.353720716103317 0.372303617167379 0.384610989569975 0.391013398905333 0.395204283917432 0.406571070717011 0.412319938011652 0.40743657488395 0.408740394949584 0.413178698052232 0.407606858984963 0.399774210408846 0.387095367499355
-9999 -9999 -9999 -9999 -9999 -9999 -9999 -9999 -9999 -9999 -9999 -9999 -9999 -9999 -9999 -9999 -9999 -9999 -9999 -9999 -9999 -9999 0.260407347640114 0.248027198707928 0.231093067516631 0.176243506072927 0.0934045727623045 0.0396522414797892 0 0 0 0 0 0 0 0 0 0.0748135460937793 0.153354144013646 0.122857942338872 0.141091597608796 0.221964848554056 0.286569145083222 0.342516012849157 0.355738876041316 0.369997836429776 0.385866280535959 0.395060439579793 0.401475947823366 0.406204565244697 0.408675897545403 0.406875190079377 0.40092363269874 0.392869217161172 0.389370318472364 0.383191383314795 0.370555400269974
-9999 -9999 -9999 -9999 -9999 -9999 -9999 -9999 -9999 -9999 -9999 -9999 -9999 -9999 -9999 -9999 -9999 -9999 -9999 -9999 -9999 -9999 0.283245966927765 0.289307593758423 0.273858003077808 0.217613918062186 0.131255120791837 0.05722347677615 0 0 0 0 0 0 0 0 0 0.0819343977790101 0.168509925331368 0.139790715434002 0.154075595510445 0.223639907484302 0.285842582266619 0.34160274303624 0.346250363996261 0.35879737456894 0.383615375746477 0.400668817199842 0.414156744423415 0.413989673125987 0.412443280805759 0.408286445433095 0.379216097865693 0.33752433940311 0.348990487281667 0.356915944502006 0.354266339403379
-9999 -9999 -9999 -9999 -9999 -9999 -9999 -9999 -9999 -9999 -9999 -9999 -9999 -9999 -9999 -9999 -9999 -9999 -9999 -9999 -9999 -9999 0.32009871878581 0.313322852215097 0.291246430322291 0.229467516619702 0.138380012722841 0.0603276796383529 0 0 0 0 0 0 0 0 0 0.0482847311439537 0.104146423671374 0.127731723744909 0.161247948801078 0.207529840834277 0.254326409295379 0.300674416970014 0.339281449101264 0.371996404949459 0.395558550737921 0.405052424508307 0.408619149202761 0.406164270292062 0.40352938711162 0.400553835669335 0.371463853161972 0.329144063384166 0.336827025106756 0.342948926262327 0.343256214910488
-9999 -9999 -9999 -9999 -9999 -9999 -9999 -9999 -9999 -9999 -9999 -9999 -9999 -9999 -9999 -9999 -9999 -9999 -9999 -9999 -9999 -9999 0.341365467710034 0.330232423547079 0.298866646766688 0.229499118616452 0.132078495892216 0.057056296853523 0 0 0 0 0 0 0 0 0 0 0.0111008308623699 0.103976072144947 0.165125825687711 0.185494180531108 0.212301647406853 0.245514312627974 0.333125827182261 0.393522304395442 0.411642671187578 0.407973344284075 0.395621209315529 0.391412507181336 0.388507238260861 0.388068790421786 0.368177916458395 0.338432267258818 0.335630314711321 0.334160898093459 0.334635201071478
-9999 -9999 -9999 -9999 -9999 -9999 -9999 -9999 -9999 -9999 -9999 -9999 -9999 -9999 -9999 -9999 -9999 -9999 -9999 -9999 -9999 -9999 0.346158610674154 0.340788987682742 0.317092720706086 0.228290615962005 0.0914270361971025 0.0360230497373941 0 0 0 0 0 0 0 0 0 0 0.00816689581422119 0.0764953325483284 0.140228504033227 0.198054710563191 0.222786274553201 0.241642690681603 0.321296460782932 0.37341446708401 0.382758143283806 0.382154368381795 0.377031058923887 0.356112514877505 0.342580659184302 0.343028529003366 0.332337247383152 0.316002770767396 0.325750956156193 0.333245576615926 0.334345585361027
-9999 -9999 -9999 -9999 -9999 -9999 -9999 -9999 -9999 -9999 -9999 -9999 -9999 -9999 -9999 -9999 -9999 -9999 -9999 -9999 -9999 -9999 0.362625416270532 0.352406427639917 0.327766855167194 0.228371901992512 0.0737921299830912 0.026868384933892 0 0 0 0 0.00310178300673419 0.00555093766267499 0.00189064991786836 0 0 0.00354417733414499 0.0118651772499957 0.0489085929044229 0.108419132095021 0.196809943515655 0.229611012174224 0.248343839357362 0.31634314425239 0.35856622901228 0.360748276348189 0.356793284793857 0.349802091294447 0.324360769466491 0.307858704652736 0.308274689358201 0.304319113134958 0.298148864556277 0.311088149057188 0.322760386630654 0.330644540841595
-9999 -9999 -9999 -9999 -9999 -9999 -9999 -9999 -9999 -9999 -9999 -9999 -9999 -9999 -9999 -9999 -9999 -9999 -9999 -9999 -9999 -9999 0.372634657176105 0.36598712786086 0.324465345739131 0.23084007518029 0.09875173289256 0.0396962633945068 0 0 0 0 0.0119437357868393 0.021374458712381 0.0072801427551196 0 0 0.0136472208303511 0.0278370601945846 0.0211256892264481 0.0638182973031902 0.170017048556916 0.229662746273873 0.274610991913527 0.324114668089892 0.353451422489511 0.351460679476565 0.332279578219896 0.306586100240605 0.299175421356124 0.293872064937036 0.292556935477511 0.290777387413043 0.288762560677526 0.287573076443662 0.294565166696804 0.320630295014788
-9999 -9999 -9999 -9999 -9999 -9999 -9999 -9999 -9999 -9999 -9999 -9999 -9999 -9999 -9999 -9999 -9999 -9999 -9999 -9999 -9999 -9999 0.344651716559473 0.338743471889092 0.30072294479466 0.214688889085489 0.093210991697755 0.0376290005457777 0 0 0 0 0.0115044650059519 0.0205883415931479 0.00701239118642394 0.00853804610424834 0.0261979904410193 0.0430255270453342 0.0571619243113087 0.0529926804392539 0.0983206135917108 0.2072744908836 0.264004452103756 0.302937511794683 0.330505030780823 0.34066822563104 0.323795369795316 0.306339730107899 0.289138615829182 0.289248737071973 0.288835435660098 0.287431527268577 0.286351107006158 0.285434568759457 0.281184581023437 0.283423802457461 0.300963750339742
-9999 -9999 -9999 -9999 -9999 -9999 -9999 -9999 -9999 -9999 -9999 -9999 -9999 -9999 -9999 -9999 -9999 -9999 -9999 -9999 -9999 -9999 0.316197175177295 0.291285725649445 0.266859281329401 0.189318368153135 0.0725680721363201 0.0281864412059396 0 0 0 0 0.00646961677192247 0.0115779986299395 0.00394346748045202 0.0213036869768718 0.0653678582856153 0.0819479372431257 0.0930984877157001 0.114395186042046 0.171990681328995 0.276246316983146 0.315324762092538 0.332283722881884 0.336211514564773 0.324088042147148 0.287030375996644 0.279693731146921 0.284450350862139 0.286877346654415 0.288230384386585 0.287550895745079 0.28643831931818 0.285106336697148 0.283276272669261 0.280726617393827 0.276517891098417
-9999 -9999 -9999 -9999 -9999 -9999 -9999 -9999 -9999 -9999 -9999 -9999 -9999 -9999 -9999 -9999 -9999 -9999 -9999 -9999 -9999 0.433258242697536 0.374137091272123 0.318451378215627 0.283721917159782 0.195339833113039 0.0673510979870159 0.0251782433540533 0 0 0 0 0.0575413635382404 0.107618684543666 0.0677800531528122 0.070681186792809 0.119244733393935 0.138710140206596 0.153785453155316 0.189608640826029 0.234660495093706 0.291575301163442 0.315419162132101 0.326341230050945 0.309276019733733 0.293951386144066 0.281330581801729 0.279560006230284 0.282166286841521 0.282586870743487 0.283396946679397 0.284944158319891 0.285610972986179 0.285831770572438 0.28456165421215 0.282042817984807 0.276672140271241
-9999 -9999 -9999 -9999 -9999 -9999 -9999 -9999 -9999 -9999 -9999 -9999 -9999 -9999 -9999 -9999 -9999 -9999 -9999 -9999 0.434950166915128 0.43411145879998 0.388999481830143 0.342839284447194 0.301919460013576 0.203007059685135 0.0612842320073248 0.0216467335035362 0 0 0 0 0.0941877389377674 0.178296412857363 0.12601232526415 0.119390904706489 0.161554674183891 0.185073593627654 0.206113590258786 0.242908818410893 0.274738440989406 0.300185046154875 0.308898739776815 0.310061265506422 0.284311991025793 0.270576539876057 0.275503481702302 0.277630950172895 0.27855243218773 0.27734395945478 0.277989362185399 0.282143329089228 0.284044341234146 0.28480398609539 0.284045379566263 0.281958549643302 0.276835375925363
-9999 -9999 -9999 -9999 -9999 -9999 -9999 -9999 -9999 -9999 -9999 -9999 -9999 -9999 -9999 -9999 -9999 -9999 -9999 -9999 0.435922045698961 0.436647794830389 0.398416390127907 0.358628330407138 0.321620287281944 0.213473346573659 0.052811294065228 0.0167267426622157 0 0 0 0 0.0962417322401631 0.187958742290272 0.169435705682164 0.165466478163144 0.177046284203473 0.207186972670984 0.238632699446827 0.245828952837527 0.263642550789927 0.295104170965035 0.288852374486127 0.271284081632033 0.264833875384682 0.263029751257702 0.268442897431848 0.270803673020616 0.271833751293417 0.269987833224909 0.271401151139443 0.278982757499911 0.28081996060085 0.279746996989066 0.279445940142396 0.278559453769158 0.276272164497029
-9999 -9999 -9999 -9999 -9999 -9999 -9999 -9999 -9999 -9999 -9999 -9999 -9999 -9999 -9999 -9999 -9999 -9999 -9999 -9999 0.432534952538692 0.433412879622481 0.389877549134936 0.344948716709543 0.304289624396032 0.201358013572979 0.052456499044496 0.017148574471546 0 0 0 0 0.0806836051038191 0.165013485384754 0.194452427518699 0.211621816559177 0.215682630954986 0.239615172907442 0.26179410924192 0.234800486308181 0.234728860147135 0.269264004831487 0.266744701556864 0.253449002376907 0.255386104884114 0.258945683593902 0.265025633017722 0.267339491284717 0.268091924318909 0.268120086733717 0.269718948655321 0.274290448235015 0.275108562613991 0.274025178059542 0.269020964312763 0.265146173391733 0.264079300779937
-9999 -9999 -9999 -9999 -9999 -9999 -9999 -9999 -9999 -9999 -9999 -9999 -9999 -9999 -9999 -9999 -9999 -9999 -9999 -9999 0.43003401884159 0.426886131275727 0.370468957300502 0.313429859273198 0.264541458082801 0.175572597646886 0.057016129449394 0.0208041494297529 0 0 0 0 0.0544637474064601 0.122328793866887 0.208326434597696 0.257825441718568 0.268329950876926 0.278287586878906 0.279290711670655 0.215328049297652 0.195028927826215 0.230856926755143 0.243389188725399 0.248291503746317 0.252010336769313 0.256957819959245 0.263813900571815 0.265911203937864 0.266152175323757 0.269574803667294 0.271006663484577 0.268670881264611 0.267891615706066 0.267900895584046 0.255069422800836 0.245670673684521 0.244846272895656
-9999 -9999 -9999 -9999 -9999 -9999 -9999 -9999 -9999 -9999 -9999 -9999 -9999 -9999 -9999 -9999 -9999 -9999 -9999 -9999 0.404171927301224 0.402674399907422 0.34172693428197 0.27120178144617 0.184127530146809 0.103572634324682 0.027830361320501 0.00926088827262366 0 0 0.0287242027511206 0.0829834849728403 0.101851781296992 0.123849602115332 0.193779327744594 0.237669881137213 0.253740641066361 0.250906168184428 0.241068926916557 0.214137002237117 0.20672562571081 0.224406858117479 0.238372709216043 0.250490008998449 0.254468450652735 0.259498609062649 0.266162514769518 0.268187959735615 0.268296014657079 0.267712918337386 0.264830928223694 0.257598151575448 0.254368978460413 0.253168067152027 0.247608527746913 0.242833029879274 0.240077767246437
-9999 -9999 -9999 -9999 -9999 -9999 -9999 -9999 -9999 -9999 -9999 -9999 -9999 -9999 -9999 -9999 -9999 -9999 -9999 -9999 0.380519858767151 0.382393470945913 0.3223627183962 0.24402980064236 0.124419934974923 0.048440380727172 0.00466895395853779 0 0.000144483982567164 0.000828074087465648 0.0538552530150105 0.153414539794026 0.147929893969059 0.135458401369754 0.183152933799893 0.216951108844167 0.235902660161081 0.226475375103594 0.212361677684492 0.215500701390537 0.219575063403059 0.224851752223228 0.239029864558517 0.255022414565097 0.257610073011899 0.261490314703303 0.267378468097794 0.268100300923054 0.266640543077964 0.262795577354524 0.25723993722221 0.248446749012396 0.243962732539258 0.241661781491874 0.242133921105672 0.241353055011703 0.237525408413248
-9999 -9999 -9999 -9999 -9999 -9999 -9999 -9999 -9999 -9999 -9999 -9999 -9999 -9999 -9999 -9999 -9999 -9999 -9999 -9999 0.378520041611604 0.377174498796071 0.331509511372284 0.261864380475037 0.131267578422571 0.0498757532406251 0.0048073031638508 0 0.000702409366269214 0.00402568495597997 0.0635453168662354 0.173022068110194 0.177038912233622 0.167994248697372 0.188850403577343 0.206539511086697 0.220845000908864 0.222351769240993 0.220887911344484 0.220891285764107 0.226491695313346 0.239286790820674 0.252628262073167 0.264912068157896 0.261659730687878 0.261097422575224 0.264713832893942 0.260581397102594 0.25337987521467 0.249730736365141 0.24693970119401 0.245772675770077 0.243606619068819 0.240934444075219 0.241177297149037 0.24076972069704 0.23871658101712
-9999 -9999 -9999 -9999 -9999 -9999 -9999 -9999 -9999 -9999 -9999 -9999 -9999 -9999 -9999 -9999 -9999 -9999 -9999 -9999 0.374011264002072 0.348844054413042 0.299981436443779 0.238656699813379 0.145780139417993 0.0699645929542342 0.00674357753443339 0.0255833043756949 0.0496538702661844 0.0566820826929146 0.106622833892239 0.194711731354757 0.190083198095271 0.17487646288982 0.190523458409369 0.202307610569137 0.209964768849291 0.221400535776156 0.232141526673747 0.230870629378759 0.234754154309357 0.245263410247479 0.254210361727853 0.262120559795209 0.263343066175203 0.264403216664285 0.265211161893249 0.255489400864684 0.24183961380935 0.241532120216813 0.242046653597222 0.2441169195192 0.243141141748073 0.24062221065698 0.240519714703518 0.239719664240733 0.237185609616875
-9999 -9999 -9999 -9999 -9999 -9999 -9999 -9999 -9999 -9999 -9999 -9999 -9999 -9999 -9999 -9999 -9999 -9999 -9999 0.389645744970705 0.356416285287342 0.302926004538063 0.238633761566044 0.185360075978658 0.165912012452845 0.103728681248354 0.00999794860523759 0.0699222665116572 0.13408364845547 0.145597755858843 0.174177394072528 0.217927851446105 0.191350091227089 0.162951459831325 0.189246130120698 0.202606175889443 0.202147096402544 0.222775035145001 0.245394642787557 0.244214088770094 0.244003267408124 0.245038984929331 0.246983061044833 0.250032225262342 0.263291601166502 0.270420595302102 0.26802659326017 0.25217662154753 0.231560618511819 0.236901035704081 0.241117729405902 0.243207712842314 0.242595487491714 0.24061429869835 0.240081365870524 0.238327443979889 0.233658977274415
-9999 -9999 -9999 -9999 -9999 -9999 -9999 -9999 -9999 -9999 -9999 -9999 -9999 -9999 -9999 -9999 -9999 -9999 -9999 -9999 0.338237323340367 0.255483919219842 0.202489000805867 0.162711301688519 0.155533219198893 0.117170933389912 0.0557883031652534 0.0943907419284866 0.139219225257139 0.162733021388689 0.189998310972945 0.220598582010935 0.203553873327574 0.185617292801911 0.206457272605768 0.211875934837115 0.200818732709068 0.215726661424272 0.234282056310187 0.232334959742042 0.235012153621039 0.243633622777161 0.252141876798021 0.260160792133939 0.26248189801803 0.263545972169064 0.262657360689599 0.25236673072484 0.238689894768835 0.241180707953717 0.242698088094231 0.24237319113922 0.241944387725117 0.241462944357859 0.239505282616133 0.236548845212705 0.231323697065259
-9999 -9999 -9999 -9999 -9999 -9999 -9999 -9999 -9999 -9999 -9999 -9999 -9999 -9999 -9999 -9999 -9999 -9999 -9999 -9999 0.211239484449277 0.211446519015325 0.172599976151961 0.141263670117739 0.138900000089308 0.122122873655902 0.0947056571979119 0.11136472667165 0.135344791119338 0.16700434130329 0.195200945116524 0.220319078430687 0.214446316822752 0.207127504668579 0.220662992235131 0.219548890480879 0.202783425252947 0.211564415671424 0.224494099418493 0.221377432011831 0.22669879889599 0.242866802511946 0.258160273755446 0.27153155270585 0.264270934217086 0.259488270354992 0.258554885922591 0.253437659440723 0.246819813050819 0.247614956209812 0.246659937538796 0.242392638612305 0.241809042847207 0.243091644463369 0.239886943080735 0.236008477264727 0.230750984993712
-9999 -9999 -9999 -9999 -9999 -9999 -9999 -9999 -9999 -9999 -9999 -9999 -9999 -9999 -9999 -9999 -9999 -9999 -9999 -9999 0.211034663472214 0.210911992660236 0.154899035160229 0.110974586046825 0.112383123968156 0.104517987260124 0.0898069747161551 0.109264673614663 0.132543693978437 0.154858087211571 0.183595698455288 0.218043385755017 0.215756560894228 0.209382614955858 0.215757224348992 0.217436843957624 0.214100419087925 0.221712082970253 0.230155477537656 0.224751791076059 0.228791520972319 0.244970251874087 0.261987474987912 0.277865207186588 0.275987627691137 0.271421100766305 0.262677536087817 0.256244505946582 0.251103730305159 0.258147125742045 0.2583313220509 0.245534096041785 0.243624463168485 0.247230583576079 0.243865963815522 0.240209250132258 0.236172643374465
