layers/veg/veg_4700.asc
NCOLS 255 
NROWS 330 
XLLCORNER -2985163.8955 
YLLCORNER -3022031.214 
CELLSIZE 25000 
NODATA_value -9999 
[rows 225 to 249 of 330, columns 56 to 111 of 255]
-9999 -9999 -9999 -9999 -9999 -9999 -9999 -9999 -9999 -9999 -9999 -9999 -9999 -9999 -9999 -9999 -9999 -9999 -9999 -9999 0.227008364882207 0.194820601139661 0.167369393430915 0.148751039674981 0.122432941508628 0.0922722757580677 0.0856888150142809 0.0760308487366648 0.0584864046299946 0.044042608084447 0.0314897859330713 0.0362582719748093 0.0437311371577026 0.055775211168899 0.0588910026299365 0.055414434353811 0.0636619501855219 0.0733805316815835 0.0833618129888495 0.0998557212210398 0.122140440467058 0.133428024944378 0.142793328173656 0.152454753279338 0.1562786980379 0.153864635211205 0.155200322269181 0.158154702820608 0.166192333931716 0.173820700101427 0.180922863082904 0.192700337809197 0.205451359935114 0.211409379193875 0.217677034008231 0.224425788614328
-9999 -9999 -9999 -9999 -9999 -9999 -9999 -9999 -9999 -9999 -9999 -9999 -9999 -9999 -9999 -9999 -9999 -9999 -9999 -9999 0.227724517475846 0.218613103145248 0.205948956231462 0.186659580392529 0.145903425582337 0.0944342464669922 0.0833647416260126 0.0699139729101552 0.0495860483779983 0.0378062780763169 0.0312397222560035 0.0365613674126725 0.0450047294191129 0.0602401037306727 0.0626950570077625 0.0557133540658878 0.0662820865010323 0.0780451934174326 0.0864401809152183 0.100168629255208 0.118639413390399 0.134580310311541 0.148429520873035 0.154023033955155 0.159468967428361 0.164757195407913 0.160333036892307 0.155191646677428 0.16249872111659 0.169828496702655 0.177187459777482 0.182853182000941 0.188458149085196 0.200199166079403 0.210568460412634 0.2188064249467
-9999 -9999 -9999 -9999 -9999 -9999 -9999 -9999 -9999 -9999 -9999 -9999 -9999 -9999 -9999 -9999 -9999 -9999 -9999 0.250203453021941 0.251187449850606 0.23829339885869 0.222888996600698 0.20280322544402 0.157897957417521 0.100606486804967 0.0768544986396387 0.0579840858932587 0.0491704004557659 0.041714992877099 0.0350879505352346 0.0415924831562857 0.0504494953641071 0.0636447932513063 0.0659914233946844 0.0603277424805399 0.0677936538147893 0.0760483587639596 0.0813924684710007 0.0926836283862874 0.109262707330668 0.125832150966771 0.142060373088252 0.156575423205664 0.16444275736124 0.165206255592978 0.164784283624555 0.164958274387551 0.171689332087143 0.174770087786014 0.173157549834486 0.176878257959944 0.182570673057533 0.191361119766001 0.201009505701053 0.211990924538099
-9999 -9999 -9999 -9999 -9999 -9999 -9999 -9999 -9999 -9999 -9999 -9999 -9999 -9999 -9999 -9999 -9999 -9999 -9999 0.277091258058048 0.269958666352194 0.253206940222754 0.234945734675148 0.213869612308173 0.167735399714099 0.109095914204931 0.0759415675960139 0.0526785746080555 0.0512683934612412 0.0471396033613136 0.0413528305926809 0.0477248338578882 0.0557167594510378 0.0661134599924846 0.0694571641558992 0.0675931602200592 0.0732775930121065 0.0787054223608543 0.0798094984885472 0.0878554815703084 0.102073977174281 0.117427877175822 0.133876355545357 0.154816372905086 0.165213499682579 0.164344356166765 0.167575905533272 0.172052786150418 0.178220313794393 0.178678726617352 0.171796773538093 0.173175909416224 0.177381630018827 0.183519970805388 0.191819310596955 0.203476327349299
-9999 -9999 -9999 -9999 -9999 -9999 -9999 -9999 -9999 -9999 -9999 -9999 -9999 -9999 -9999 -9999 -9999 -9999 0.281957180014145 0.277284451106038 0.270453768148141 0.254970396621427 0.236999432931769 0.214389542116019 0.173535811581536 0.123577468818652 0.0922642805565806 0.0679422308487519 0.0590436274403332 0.0549871800672882 0.0538837910135067 0.0561432096838283 0.0596336529794998 0.0660502115408283 0.0735202905321652 0.0817682554860093 0.0906228732859545 0.0963262178731379 0.0899970472932484 0.092365087674121 0.102466398454442 0.112001882211522 0.122763520976651 0.140227144993943 0.153312585369373 0.161719441639409 0.165639776318373 0.168783217181842 0.174393046810909 0.177782234607552 0.178316282141861 0.17536243231974 0.172028836316605 0.178127995836722 0.184197449636937 0.190220747834539
-9999 -9999 -9999 -9999 -9999 -9999 -9999 -9999 -9999 -9999 -9999 -9999 -9999 -9999 -9999 -9999 -9999 0.28827050449823 0.286974822937042 0.278790426832426 0.267724529645256 0.253264215594975 0.233114689631557 0.20235577203913 0.167116694263704 0.129641786651127 0.099257807534494 0.0762412085219702 0.0699142539862073 0.0654501207886128 0.062122055906412 0.0636522236298577 0.0677854908539611 0.0785273854446302 0.0875494407407333 0.0953016214270006 0.101987144027735 0.10609904865298 0.101080673590142 0.101928979473733 0.107993742714828 0.110768220521007 0.114613475249506 0.126853219887895 0.140123717254733 0.15449569042213 0.160457205597906 0.164460383011689 0.169387415336535 0.174048590132538 0.178367944593737 0.176747864121919 0.173579434304073 0.175116215927199 0.17750494388255 0.181217393211629
-9999 -9999 -9999 -9999 -9999 -9999 -9999 -9999 -9999 -9999 -9999 -9999 -9999 -9999 -9999 -9999 -9999 0.290176295185557 0.293705650216375 0.281276876854744 0.262587137198572 0.248966676251938 0.224794719236891 0.180946055540683 0.151571211651999 0.129419546592053 0.0992836716932201 0.0793384963593939 0.0830967276469806 0.0778663910546886 0.0671542473991733 0.0704820650337573 0.0791002696662289 0.100370589219152 0.10902188705687 0.108355700797244 0.108884395051474 0.110010492150567 0.112833550755982 0.115267751373886 0.117356192416913 0.11266567495699 0.108676239267054 0.114386964559772 0.125972918717463 0.143837219018604 0.152849974267705 0.159350899631474 0.163501702098768 0.168195969598844 0.173588985034589 0.177534987272953 0.180285948969799 0.173882125587466 0.171506543029076 0.175389885799059
-9999 -9999 -9999 -9999 -9999 -9999 -9999 -9999 -9999 -9999 -9999 -9999 -9999 -9999 -9999 -9999 -9999 0.289096399429696 0.288871684862437 0.280712189653432 0.269152726630975 0.251157339455353 0.227467036387651 0.193156704761367 0.165629701676703 0.141487927630523 0.115605366789152 0.0953849246576619 0.0882408650884964 0.0852032274801399 0.0846699502115133 0.080154232833488 0.0798107377509499 0.0922596433439113 0.0987896336908411 0.100949285359934 0.102881172419056 0.107178490046031 0.120406244152237 0.125024998228036 0.121988916126541 0.118864799516382 0.115914422480526 0.113920825541449 0.118507196254158 0.130125006163545 0.140795458618944 0.150677559548902 0.156479143343227 0.160282862096427 0.1615178708333 0.16814168459205 0.17574307336905 0.173694134582946 0.17364677374039 0.176709387558019
-9999 -9999 -9999 -9999 -9999 -9999 -9999 -9999 -9999 -9999 -9999 -9999 -9999 -9999 -9999 -9999 -9999 0.28828508481662 0.285286345837099 0.28096860112416 0.275581850913939 0.253394464504298 0.230380422542665 0.205824811620816 0.179194495688783 0.15152879549021 0.131523886686544 0.112056592927384 0.0935590769676433 0.0923907186335812 0.101790795665603 0.0906385912631143 0.0820904469832746 0.0849040091891253 0.0889859211088795 0.094004342098503 0.0974933475463995 0.104173623086857 0.123447177928236 0.129141881109598 0.122762721523383 0.122904854310797 0.122809790718625 0.115589729350099 0.114036060950683 0.118537573934411 0.128737685240273 0.139939333261134 0.148117041766739 0.15205292781076 0.150534986083504 0.158115071472866 0.168088716715867 0.171129484166675 0.174169088691881 0.177206886308111
-9999 -9999 -9999 -9999 -9999 -9999 -9999 -9999 -9999 -9999 -9999 -9999 -9999 -9999 -9999 -9999 -9999 0.290157781750566 0.291900293366986 0.285766354800574 0.276029252748914 0.252778848387601 0.229076996700746 0.204533274197742 0.177064193768107 0.148135209614154 0.138304020898215 0.125056170566581 0.103290883605216 0.101382703684149 0.111584665343294 0.102879029968587 0.0952777398024758 0.0944000444978416 0.0956107306563753 0.0983634112350319 0.100464330549128 0.103660837637595 0.111237213589901 0.113520131798842 0.111096283636106 0.11674082417392 0.122252708093851 0.119760791827397 0.117811300807558 0.116441452476278 0.118743823404927 0.123026673977132 0.135200812723992 0.143582292472828 0.147087446265604 0.150437299905984 0.153875172718125 0.159054691962438 0.164750189447395 0.171247394034885
-9999 -9999 -9999 -9999 -9999 -9999 -9999 -9999 -9999 -9999 -9999 -9999 -9999 -9999 -9999 -9999 -9999 0.310898364126708 0.300853896984319 0.292284217071472 0.283719024053919 0.256759573191569 0.229020404333763 0.199827196902549 0.17102385872103 0.142415085301809 0.140307695514005 0.133466556286736 0.114823152091374 0.110598648139647 0.115167717341704 0.103323827650252 0.0939389601988853 0.0947231654135422 0.0967002664866759 0.099558163903773 0.100593107292671 0.101370400429747 0.101998914505678 0.102237554722568 0.102129532085443 0.109371184745998 0.116692963643714 0.117738052139017 0.117669731404805 0.116411607055642 0.11425400702837 0.113429380773408 0.124071583009507 0.1333150152802 0.140760010546031 0.142911361818051 0.143719592246302 0.149185941707902 0.155529028404943 0.163234355625592
-9999 -9999 -9999 -9999 -9999 -9999 -9999 -9999 -9999 -9999 -9999 -9999 -9999 -9999 -9999 -9999 0.314865723041838 0.311698967585365 0.303681449682151 0.300348815517505 0.297921195150952 0.264873366569255 0.230084975157427 0.192050736517251 0.161467588864969 0.134602917979047 0.138016337322153 0.137750301875809 0.127974411077367 0.120015978783481 0.113165949630175 0.0931618853046124 0.0795382135944879 0.0867979242382757 0.092812437442973 0.0979075364808176 0.0981661481644364 0.0974814837476305 0.0954327619148003 0.0948567979655083 0.0955903612885459 0.100917451261737 0.10663478343082 0.110145793234234 0.114006134036846 0.118239774498415 0.114713474812124 0.110410126530132 0.114549238182887 0.121432182558503 0.131842948109852 0.13552195367668 0.137212966848039 0.141300883005405 0.146485675223733 0.153374751187767
-9999 -9999 -9999 -9999 -9999 -9999 -9999 -9999 -9999 -9999 -9999 -9999 -9999 -9999 -9999 0.331890368857877 0.331933400491997 0.326269347789311 0.311863315871031 0.305347562621456 0.300976058429627 0.264392862216031 0.228163245638988 0.19259299364416 0.1600381097767 0.12898804934273 0.136970572920053 0.141584780353792 0.137100305813215 0.126257322273339 0.111536510806953 0.105228561384205 0.101372628271022 0.103024535969969 0.102736434859188 0.101015892974366 0.100766122699427 0.100192440552838 0.0977539256952875 0.096174667379432 0.0953594313701989 0.0978622125293359 0.100874887170724 0.10344451413006 0.10710528979844 0.111932081199449 0.110163044408932 0.107355764082301 0.10894021139476 0.112984734236917 0.120192243829419 0.126944504849733 0.133265373994468 0.136008008722324 0.139652022484569 0.144696564247839
-9999 -9999 -9999 -9999 -9999 -9999 -9999 -9999 -9999 -9999 -9999 -9999 -9999 -9999 -9999 -9999 0.348908391910031 0.340903379966896 0.320636476680024 0.310608789572945 0.303692811974556 0.265251629767116 0.228844821357606 0.196231766577171 0.162392646448175 0.12794165679295 0.137802115215622 0.14510980860052 0.145010239257789 0.134051881833394 0.116471136727267 0.12194363551436 0.125873573340661 0.121039505433806 0.114274889160173 0.106084817402544 0.105056448576921 0.104364513158353 0.101734762025002 0.0992516192429074 0.0968988357252005 0.0966846568343036 0.0969736557217532 0.0978578322510243 0.100151136111008 0.103950251803303 0.104844141733366 0.104948954113626 0.104542935771426 0.105703738767199 0.108879047038251 0.118193643294141 0.128826878617153 0.13104695098415 0.133608696119986 0.136701319234667
-9999 -9999 -9999 -9999 -9999 -9999 -9999 -9999 -9999 -9999 -9999 -9999 -9999 -9999 -9999 -9999 -9999 0.342812662054259 0.327379634804903 0.320128074855544 0.315234854730803 0.281154922503795 0.245765357302366 0.207933554172727 0.176533063865542 0.148342128688787 0.147121918308663 0.147466895504246 0.150473127736285 0.152856774539169 0.154860728687049 0.141529207362412 0.129760480436354 0.125371407337574 0.12103608052376 0.116740438256557 0.113287739457648 0.109805869801452 0.10583923660453 0.103143077696229 0.101576582222996 0.100060700540788 0.0985709782154751 0.0971672565475808 0.0959910515428199 0.0950579738097593 0.100316220045203 0.105910611921718 0.102677231413394 0.101174048526469 0.101895428294594 0.109675790080301 0.119434266266414 0.125337726418752 0.129541298477725 0.131103649937443
-9999 -9999 -9999 -9999 -9999 -9999 -9999 -9999 -9999 -9999 -9999 -9999 -9999 -9999 -9999 -9999 -9999 0.349917331809711 0.343474629069827 0.336810994254567 0.329249483148773 0.296430434216896 0.260333333175094 0.218123234560784 0.188847988218103 0.166027896929425 0.155019176819584 0.149506507388676 0.156217770661027 0.167369237625649 0.181228626507057 0.158632010867878 0.13861166573252 0.132845862271742 0.129485539706428 0.127901347691942 0.122545409340204 0.116937611545332 0.112071652189316 0.108587831086117 0.106332961296928 0.103782456718478 0.10112190440506 0.0981747496289238 0.0951471956378764 0.0920337259978427 0.0962726670146144 0.101413826153107 0.0997792033148114 0.0982477961489912 0.0968490962112726 0.103350990858396 0.112287992224884 0.119695928318612 0.125184627294178 0.127691289610313
-9999 -9999 -9999 -9999 -9999 -9999 -9999 -9999 -9999 -9999 -9999 -9999 -9999 -9999 -9999 -9999 -9999 0.356978795430399 0.368414142252574 0.361235360268776 0.345936133837931 0.311027528634939 0.272358993526025 0.226678842488825 0.199190176822589 0.18077999587858 0.161379149539352 0.151203036994811 0.162266894100655 0.177243047452183 0.194605170791323 0.173051788095112 0.15282754359217 0.143716345831166 0.139759440922447 0.139608301846302 0.1329122450624 0.125896083382365 0.120603646650516 0.115711166831504 0.111174315382214 0.10787781023469 0.104703351135419 0.101017276246695 0.0978870525165609 0.0953508185795158 0.0927525513963432 0.091018323495231 0.0957655851404135 0.0970543135385604 0.0938963106457598 0.0993961354564677 0.107569244187303 0.114126995243785 0.120515350017038 0.126640503374591
-9999 -9999 -9999 -9999 -9999 -9999 -9999 -9999 -9999 -9999 -9999 -9999 -9999 -9999 -9999 -9999 -9999 0.40723276416442 0.406339692530261 0.392948101866779 0.37403635812711 0.339845508505139 0.303723169421525 0.263998938118263 0.227232131530525 0.191941231640316 0.176461457249727 0.170330689975882 0.18500307487477 0.201807175676827 0.219911334002056 0.214961444521851 0.202076631421453 0.170588325918653 0.15339709004696 0.146762355458244 0.142180329809306 0.137445466407436 0.131224800457246 0.12492575540325 0.118557018259901 0.113890527539708 0.109574424605943 0.105479124592862 0.101701426500726 0.0982631219609683 0.0936638634371839 0.090325718327597 0.0984022255859226 0.101767750992515 0.0990762374999904 0.100672230358382 0.103850397742617 0.109482340188419 0.113525697984392 0.115100774181611
-9999 -9999 -9999 -9999 -9999 -9999 -9999 -9999 -9999 -9999 -9999 -9999 -9999 -9999 -9999 -9999 -9999 0.451922856592715 0.4426138603545 0.425265709458536 0.404290782920224 0.371110103776905 0.337827879550403 0.304356291388797 0.258390109213333 0.206188483446975 0.197531376248228 0.196803553270293 0.212790948191976 0.230070639273409 0.248138455705949 0.26122474408385 0.257453014569239 0.205932506688639 0.173500421246228 0.155162619538738 0.152353325483994 0.15010952894587 0.14305197170748 0.135603011370512 0.127806028430649 0.121564918568248 0.115838572905699 0.111295591717003 0.106635958313498 0.101851668832792 0.0962940693872702 0.0924502554666404 0.102649585428709 0.107575890656305 0.105722522996611 0.103361359547347 0.101363922929744 0.106017599860961 0.110494933015165 0.114698270005616
-9999 -9999 -9999 -9999 -9999 -9999 -9999 -9999 -9999 -9999 -9999 -9999 -9999 -9999 -9999 -9999 -9999 0.456999188521073 0.460542331539479 0.448250493885909 0.429068191270418 0.393752881756698 0.355767340373542 0.312802280548172 0.279353795044196 0.250654568483231 0.247284459994028 0.245614423662764 0.246972728032895 0.258300654990176 0.275708699297213 0.287976153846936 0.292346987794813 0.274876148267778 0.236135089531111 0.181688777748245 0.171474806634154 0.166267292862405 0.160022132612721 0.153362377502221 0.146333978446048 0.138160037624326 0.130188113035998 0.124276963424803 0.1180002151704 0.111332783440615 0.103479287346476 0.0973823591384619 0.106397576294986 0.110396766394044 0.107946712585502 0.106763656670031 0.106299181279014 0.109721790387077 0.113481923713199 0.117766489159863
-9999 -9999 -9999 -9999 -9999 -9999 -9999 -9999 -9999 -9999 -9999 -9999 -9999 -9999 -9999 -9999 -9999 0.534029233726008 0.51450928443702 0.49450670347773 0.473725138092385 0.434687059400777 0.389900414842023 0.334393693843704 0.304757294602025 0.288031513489505 0.287789633357026 0.2870921195255 0.284774684221181 0.293132851576833 0.308001688356986 0.314161205922705 0.318911212212728 0.321219186705976 0.280877110898624 0.209043595073546 0.194367229481529 0.186615640133732 0.179223032045859 0.171780950479895 0.164294878744505 0.155047419527877 0.145872442019904 0.138664379111184 0.131256084757481 0.123633820471832 0.114342145425261 0.106189248686609 0.109477793684469 0.111219347836811 0.110971893323276 0.110248461781612 0.10956382141846 0.111307775103327 0.114322027462445 0.119310020939424
-9999 -9999 -9999 -9999 -9999 -9999 -9999 -9999 -9999 -9999 -9999 -9999 -9999 -9999 -9999 -9999 -9999 0.553005887790058 0.581530590446198 0.571026096391122 0.544234309815408 0.499408176492553 0.445092375688308 0.37307999400848 0.335934522918763 0.316189429458943 0.316268417907203 0.319033433170376 0.327284476722998 0.3365508141222 0.346436343038207 0.339609741588509 0.334643065454086 0.338171408243229 0.302350748403009 0.237476037106194 0.222163550524712 0.21241360604226 0.201324881830563 0.191056784991201 0.181518362687281 0.172314872873924 0.163292589050487 0.154880276138149 0.146971890615 0.139602008468179 0.129987568230661 0.12003507996172 0.111689609117359 0.109443259617026 0.115038718129098 0.11384056390555 0.110655916267405 0.110139151956766 0.112370225136203 0.118870782295511
-9999 -9999 -9999 -9999 -9999 -9999 -9999 -9999 -9999 -9999 -9999 -9999 -9999 -9999 -9999 -9999 -9999 0.615651397128839 0.61527061521682 0.607349967268165 0.595516630022444 0.556275755249197 0.500874081545058 0.415335326024784 0.360262704611924 0.320394247531951 0.346698916451143 0.364360667751467 0.359855977061659 0.355094572451155 0.350176607173534 0.34478751277796 0.340277922751296 0.338396106652161 0.32152127291599 0.293576072034325 0.25892773615129 0.227944301545871 0.213629014962161 0.202831480970611 0.19516181545509 0.18817748185162 0.180518207392028 0.1688299464999 0.159370610238251 0.152293131888765 0.142692812630698 0.132166453117787 0.119421579527487 0.117615455057782 0.129873581102386 0.126031323383219 0.117246411542219 0.111826637402646 0.110892570828955 0.116928223774735
-9999 -9999 -9999 -9999 -9999 -9999 -9999 -9999 -9999 -9999 -9999 -9999 -9999 -9999 -9999 -9999 -9999 0.693645316388507 0.643877053546955 0.636153877232831 0.64400457178268 0.609712565456523 0.554474125881429 0.460174228065384 0.38644436136825 0.322979995780047 0.38068527311786 0.415669004508179 0.394212580326121 0.372285013490128 0.350070113548058 0.351915919813823 0.351247816023719 0.338822453773664 0.342568994775663 0.358256354549157 0.302001981404562 0.246370737408066 0.225145483860275 0.212484720400335 0.207439216358797 0.203122640143171 0.19713742145495 0.182068998433104 0.17092468880612 0.163973737900185 0.15404999742237 0.142987039155379 0.12895598646537 0.129131846374954 0.147573924444655 0.140592548498064 0.125723612911163 0.115125270164675 0.111006026161468 0.11695375605622
-9999 -9999 -9999 -9999 -9999 -9999 -9999 -9999 -9999 -9999 -9999 -9999 -9999 -9999 -9999 -9999 -9999 0.719166738447581 0.734013019130634 0.739615355038636 0.738745653731789 0.651974702741367 0.576876602548424 0.523546340753537 0.466518810183951 0.407646152765149 0.452952365813716 0.487777912715637 0.494892426410483 0.479020234936772 0.449129271570011 0.472120652558549 0.475849182706354 0.414067403814478 0.398207821279525 0.416255727290629 0.38925872953978 0.347126481270586 0.26858891457438 0.226638892404079 0.217221296588293 0.212079484285407 0.206631631867846 0.195752593840297 0.185696998352081 0.17652134429423 0.160387546239384 0.143989191644296 0.1383464432578 0.141648202967168 0.156450162672041 0.14918803377741 0.135257488628763 0.127261551500023 0.121531602639927 0.119322459011762
