layers/veg/veg_3600.asc
NCOLS 255 
NROWS 330 
XLLCORNER -2985163.8955 
YLLCORNER -3022031.214 
CELLSIZE 25000 
NODATA_value -9999 
[rows 175 to 199 of 330, columns 114 to 170 of 255]
0.303534915845907 0.311351372014992 0.32054777493101 0.330509721627683 0.333467590590117 0.33689629779999 0.342269844433756 0.346649440962678 0.350358822459175 0.352988216656483 0.35741097874758 0.368055063294416 0.377226727478671 0.385200230857807 0.392040309983746 0.399190627217277 0.40842459671298 0.414975503007589 0.418900996900975 0.408565784445558 0.399704374199448 0.418337767076708 0.432687144063641 0.441997565447401 0.447899687442629 0.453361145562291 0.463880895831538 0.46707773645289 0.459891919974659 0.454523030250305 0.450448528844348 0.458392904061054 0.456349007725739 0.437127379352478 0.426397714497747 0.419505025143526 0.397819137132188 0.385001783042874 0.39087870993725 0.365111096591299 0.321526771108138 0.314388460232531 0.305025623776591 0.285608278355409 0.298100109622045 0.332414017077246 0.363867157234685 0.39322466394535 0.416488985021224 0.466538839756273 0.538686509366491 0.573720385092496 0.600261496410066 0.614612662016987 0.581844834891287 0.502339035337712 0.514619211661054
0.299275084660864 0.305837077990304 0.313667359296446 0.322201240197861 0.329102914272145 0.335295246226545 0.339826661313191 0.342966258074135 0.345167359472242 0.349609997320976 0.355540605661678 0.365678947919427 0.373959847847763 0.380729280906019 0.386343969025426 0.392290038394468 0.400425329273757 0.410339352968484 0.421993889965397 0.415212611960609 0.407717766731962 0.419876413454437 0.432871801283363 0.44685138277419 0.45632964922931 0.464395827347147 0.471286378083222 0.470131565629737 0.457569778181988 0.450414308258342 0.445643765027515 0.448563174433569 0.447705514151043 0.440352086241337 0.425812855865063 0.407957757237676 0.384173551493948 0.368282793594193 0.369030899933187 0.355791181266693 0.334675947593322 0.321702242317398 0.309021743191721 0.296169549283845 0.318560728068491 0.36505417597661 0.385542385365857 0.407258279995131 0.441501630577862 0.481294730426431 0.525666321539746 0.568689049499452 0.606705464623553 0.623446134802113 -9999 -9999 -9999
0.295346498549378 0.300173452220641 0.307043410634941 0.315046753057248 0.325728388035471 0.334147906974559 0.336449580184955 0.338190378494169 0.339552981974236 0.345732525718973 0.353101568475689 0.362914408848558 0.370500825413296 0.376275521758538 0.381140831080489 0.386199296570409 0.392687774536664 0.40496221052145 0.422898282031111 0.420560055341855 0.415683551755096 0.421780073395584 0.433097032652694 0.450554387756301 0.462824541605311 0.473008013332251 0.477488732792329 0.473956994478693 0.459064935528945 0.451597204588276 0.44693906541052 0.443929786921897 0.442971336362492 0.445539879681914 0.427895601494954 0.400995655759389 0.376510727134362 0.357872801960729 0.351559972050192 0.348893530066961 0.34828010081667 0.332280853832942 0.319227918738286 0.315689093797394 0.346330810532397 0.400347946568098 0.408538671226703 0.422218806384433 0.4691146167985 0.499317407892372 0.515748614094975 0.560825773020613 0.601226312012599 -9999 -9999 -9999 -9999
0.290037827503559 0.293599456647031 0.302350885513378 0.313981424685621 0.32507525807041 0.332206703371639 0.329166499465421 0.328966053702292 0.330680441074821 0.337129166081297 0.345120488379386 0.356740987496187 0.365112555017707 0.370840351375159 0.376784466681622 0.382641393020921 0.387979326951294 0.400070890691797 0.418770969449593 0.417209773731952 0.413347798132742 0.421883014976097 0.433532005206394 0.448843485552696 0.460403952892721 0.470699669647667 0.479182549043445 0.481437508114426 0.474862321207234 0.470007059944786 0.465832745776873 0.462616093117061 0.460373355814929 0.459805548650083 0.441681942099395 0.415520497133793 0.39176383900384 0.37103960155416 0.356707505664313 0.353880043527761 0.357529994122433 0.348014318617465 0.341443499599081 0.344126236832118 0.370437737105994 0.412908496904595 0.417056856607449 0.430604831823555 0.488036659877475 0.524347829346789 0.543234652921677 0.574320102198356 -9999 -9999 -9999 -9999 -9999
0.282099926838204 0.285515767247082 0.295535313379471 0.309218352945311 0.318417473806985 0.324261468080854 0.321912385412364 0.322429881304814 0.324880295191642 0.330434005502343 0.337613988817623 0.349194099791569 0.359846591573728 0.369744246635393 0.375246006882644 0.379918782011413 0.383860933016098 0.394544182489821 0.411823684899835 0.412241679311373 0.410746988625631 0.419581620513557 0.430638629473962 0.444309648206605 0.456627280335102 0.468454090804867 0.479300384404302 0.485719546443489 0.485861778801044 0.481361022809561 0.47565205303649 0.479417570265531 0.480948864074209 0.478637762226341 0.460680930549969 0.435530863086735 0.404533991926096 0.377650597176202 0.359438137726141 0.359459212742021 0.369746249353689 0.362103586008746 0.358147835331 0.365944659808242 0.385919075436845 0.414221512953888 0.438258756616699 0.46964688859607 0.527035788978559 0.554915406069751 0.558450140301139 -9999 -9999 -9999 -9999 -9999 -9999
0.271801742103787 0.276076811551257 0.286813862046627 0.301135782329844 0.306369255107805 0.310926357277594 0.314684275007263 0.318306888503584 0.321838267107229 0.325451853100932 0.330533524649206 0.340414238471216 0.354690424226398 0.372543361787089 0.376237206450745 0.37794602094292 0.380272235772303 0.388447080191523 0.402344885087058 0.405821259169453 0.407908235966825 0.415121831053134 0.424757364293736 0.437241635528205 0.451633238601374 0.466264856548731 0.478003446950799 0.48713028351551 0.492554091390035 0.486380844860801 0.477325210518465 0.494527018715268 0.504373242975478 0.501569405692272 0.484359361821908 0.460465635860963 0.415075169332591 0.378376386135963 0.359999094614683 0.365570414580186 0.384625435484473 0.374716841991658 0.369904674662555 0.38182139576098 0.393657142368208 0.405437512068235 0.470846946112325 0.536209151986995 0.584058306352416 0.590453738968271 0.562650238653969 -9999 -9999 -9999 -9999 -9999 -9999
0.261282085404778 0.265258124741212 0.275324514420593 0.288769606819773 0.293833297661 0.298686629464078 0.303869981975037 0.308682450126039 0.313244833014087 0.318663739126038 0.32521168594376 0.335209125508924 0.346582138738937 0.359074505172465 0.365593579169833 0.371269487121895 0.377180959956706 0.383567266740458 0.390418204747793 0.395500915865928 0.400299105510767 0.405671150733685 0.413431960355839 0.424002488256903 0.444274539267052 0.465404178519266 0.4683810100744 0.473027040697098 0.480039715506706 0.477331597489709 0.472427579448543 0.493746975713018 0.50735130008238 0.50768731902197 0.485461823109532 0.452930649162216 0.429901221225011 0.410447568244499 0.398531411581032 0.399187604700832 0.406922362883533 0.399328565993524 0.394105302415398 0.396877933859385 0.402970880077636 0.411334526122551 0.475161867399121 0.540117266638118 0.59090232541587 -9999 -9999 -9999 -9999 -9999 -9999 -9999 -9999
0.252227363383452 0.25660068335032 0.265432172237508 0.276736889528357 0.281652098789097 0.286748540838023 0.292978292332835 0.298801208907838 0.304349798957153 0.311275542294021 0.319151593014398 0.329731506558013 0.337866778713876 0.34401275924636 0.352879635647576 0.362229421785116 0.371900481286191 0.377115687223915 0.377970782226317 0.38371013765562 0.390144702198607 0.394443743915455 0.400977091556404 0.410138479952493 0.435210515055611 0.461513012911335 0.456379021891151 0.456910874386826 0.465475942261849 0.467429727348913 0.468097189363189 0.49056481731536 0.505882894957084 0.508905245676984 0.480551649475574 0.437973679974474 0.437342396211157 0.435446987459332 0.43088688712021 0.427571225212233 0.424956215016426 0.421896264326688 0.417699351470593 0.410569018749092 0.413165531075182 0.422414046860326 0.481283878639603 0.535555303940457 0.558367248949697 -9999 -9999 -9999 -9999 -9999 -9999 -9999 -9999
0.250903361561858 0.260340469902085 0.266347521516114 0.270451703617342 0.271751966328979 0.275327407977063 0.285067497811623 0.292783899042938 0.2991357382945 0.302507343088936 0.307644056858994 0.319487098581604 0.328815234839482 0.336096903096102 0.340495527154022 0.345484309214822 0.354910386219932 0.361446740184382 0.365155462394219 0.368042893607038 0.371414797995571 0.37879486716158 0.387851260279044 0.398879383236957 0.419617648466172 0.44080947921125 0.440001520462367 0.445073537310488 0.458482372897747 0.466403394946869 0.472869354815526 0.490016826548047 0.500844121676527 0.500802038697768 0.466035391212114 0.415494258384791 0.402827510988652 0.394606167113332 0.3957554388589 0.403170137094983 0.41411243596456 0.422665412522659 0.426456286385362 0.418021485754819 0.42639912281154 0.446274464735934 0.523319256810414 0.584412338678156 0.573577392840332 -9999 -9999 -9999 -9999 -9999 -9999 -9999 -9999
0.243242200482974 0.253684953869787 0.259191179542551 0.261958800919233 0.263723755913746 0.267945730764714 0.278614098968589 0.28617972758746 0.291653196145747 0.291766376752062 0.293724243745312 0.303373696388537 0.311414201056683 0.318145447546793 0.321333047190296 0.325064153270625 0.333460652926624 0.341630260048646 0.349577849861421 0.353150684155258 0.356703577351837 0.365826636754768 0.376367622465763 0.388576404911834 0.405329026949608 0.422055892006858 0.426235569908502 0.435892095708025 0.453313872813982 0.468136081236428 0.481761435046231 0.490730374812175 0.49527519429921 0.492211454862017 0.45620955224858 0.405220304361099 0.383645983641189 0.369872241249578 0.372541600320582 0.382463693860761 0.396469268509009 0.418051956564948 0.433826442903287 0.433476453243928 0.445622831975129 0.466315238257183 0.545864508305337 0.611014991044092 0.608892626153271 -9999 -9999 -9999 -9999 -9999 -9999 -9999 -9999
0.228744131354656 0.235814361013987 0.243326612218486 0.251084080744283 0.257715087437887 0.264922060936753 0.27373302612192 0.278942414598115 0.28172327991302 0.278897070738784 0.277201921355167 0.280928470712291 0.285005236047008 0.289366984575614 0.294857652940386 0.300679139792487 0.307199594044962 0.317339172086368 0.331020110045475 0.339094628579106 0.346327953914866 0.355750448640698 0.366655681600191 0.379304944535719 0.392447503357387 0.405406024205925 0.415287117301798 0.429575993669642 0.450114367092976 0.472845362611466 0.495098326803299 0.492804947158004 0.489134304838503 0.483095059599053 0.451444019356728 0.408114341871314 0.381007003770362 0.362515400616932 0.362185194984911 0.365743255445893 0.371490512437012 0.407631423939109 0.439700459589591 0.457564998926215 0.471309039616751 0.482235150021291 0.547382640464168 0.60245337388501 0.606227228434697 -9999 -9999 -9999 -9999 -9999 -9999 -9999 -9999
0.222293076256301 0.222809905568204 0.229314866913298 0.23914182401361 0.244273784776773 0.249568911971325 0.255774219393649 0.261261238355891 0.266263919400951 0.26575437703251 0.26346911327421 0.257025194859819 0.260950444710031 0.273313455482377 0.279941826166139 0.28610238063677 0.293970571452608 0.303679389388254 0.31518928501167 0.325412014090312 0.335110436564139 0.343301904000193 0.352662614427087 0.363398614692067 0.376562260446619 0.390538676178854 0.405633718315771 0.419023353001289 0.42999500608737 0.449962328301045 0.472244052949222 0.47566232597456 0.476184193553849 0.471724851284534 0.450504974154634 0.421637465846923 0.402036941277843 0.387386167421887 0.383169139599262 0.377358160291472 0.370649744188702 0.402321627460934 0.432843813109305 0.455909567387445 0.479725759652566 0.504055162116962 0.557499123483589 0.600830275410572 0.600868600398489 -9999 -9999 -9999 -9999 -9999 -9999 -9999 -9999
0.214998990856215 0.211287188231608 0.216555269221582 0.226805059880724 0.229168708306412 0.231790718694478 0.235901007696382 0.242411368425029 0.250540084182082 0.251896951526111 0.248973991855595 0.234047086312184 0.238631059081763 0.259091727299311 0.266309999302379 0.272327579499344 0.281766298609842 0.290369155508539 0.298154110310974 0.310286433953944 0.322532013585423 0.329809280764008 0.337851733917918 0.346794215983144 0.360917683483993 0.376776373279629 0.395028454148274 0.406065588701975 0.406873140046016 0.422005176431494 0.441971393468143 0.453889599049818 0.460585003536997 0.458298285619764 0.448774344964564 0.435944044702279 0.426019694875693 0.416171574399447 0.406484140335069 0.3914618567731 0.373435912008533 0.395461365253536 0.419389391319497 0.443680884031045 0.477089604470816 0.516733422734021 0.562166861573578 0.593702460597652 0.576816106225756 -9999 -9999 -9999 -9999 -9999 -9999 -9999 -9999
0.186088819881643 0.201710323834478 0.209724250094993 0.213517771618053 0.215611820319929 0.219105869742646 0.226390556675393 0.234552929536634 0.243307121142253 0.233168407745414 0.223440946404044 0.220810141837609 0.22493363729053 0.234553346837521 0.240440575009694 0.246001199178342 0.252577357909561 0.259535186187492 0.266866483104066 0.283571847925555 0.301287941248088 0.312942214912079 0.324992087576239 0.337507272659763 0.352783665575354 0.367966713747687 0.374789788410669 0.383005189535214 0.393194675950467 0.408107756621898 0.4243867291418 0.433643454027027 0.43792203973378 0.433639270214049 0.433818717555146 0.436003020638104 0.42738648889998 0.41336441280753 0.387947807932975 0.370601872611836 0.357799937459312 0.367218409238352 0.380324035597775 0.400540093448871 0.423854975321975 0.449289083728713 0.509443053999846 0.559830518887466 0.566271112858208 -9999 -9999 -9999 -9999 -9999 -9999 -9999 -9999
0.159966324593286 0.181621988813611 0.195129062397957 0.204115597130838 0.199125778343717 0.197333727551421 0.205251372798405 0.217856514363895 0.233622408649049 0.218766479530049 0.205962840305566 0.209214958526948 0.212463864839788 0.21571015750844 0.220164798326661 0.224888355675379 0.229990719629834 0.235851969995649 0.242455800631168 0.260226647851986 0.27969377215802 0.294926455785187 0.31087755277483 0.327673663679202 0.339597593521757 0.349572512841007 0.354294609469961 0.363767101153503 0.379974855910175 0.394523891362074 0.408145554428861 0.415662773724397 0.419030369207788 0.415261482114386 0.420643081773372 0.430135195499152 0.417274913747073 0.399062607648163 0.369568589391313 0.352047377009303 0.341267170631068 0.339802406344152 0.34232202456782 0.354224660225751 0.373692684950797 0.398334534692825 0.460967550494845 0.508946059248111 0.495547567738563 -9999 -9999 -9999 -9999 -9999 -9999 -9999 -9999
0.137462915049247 0.147887190657069 0.170454082446493 0.19975725179108 0.178836977137099 0.163764053251379 0.16901524579001 0.189686241547879 0.220754724930314 0.209981557909482 0.198942018147319 0.199751183275433 0.201587881885131 0.204260721025666 0.207150946128932 0.210543959760822 0.215975486800189 0.221452182589654 0.226973076591298 0.241255735912606 0.257645091743979 0.275419411471656 0.295133865429683 0.317130348796842 0.319852717936622 0.318735229969432 0.333466413571373 0.349491308257209 0.367350468175837 0.381347096697569 0.393648558255608 0.400623221442333 0.405034760947839 0.405038265334676 0.4097783110454 0.416572931087661 0.392261604342013 0.369837940092483 0.35139334311778 0.336485970171665 0.323570147799632 0.313459991122353 0.305700495361593 0.303787763382614 0.32751904273081 0.368787771397644 0.418007386083516 0.461011441635079 0.480624590215447 -9999 -9999 -9999 -9999 -9999 -9999 -9999 -9999
0.131743614815502 0.138062985447095 0.152928089486704 0.172534052603787 0.156146308948894 0.145315437743541 0.152576770253634 0.172315819676443 0.200468524276184 0.196203271387309 0.191038613636785 0.192776822661278 0.194064742743804 0.19498624670295 0.196565788322259 0.198925413978638 0.20423884808999 0.210127188897435 0.216578083419177 0.229648056926519 0.242560777210139 0.24590846778407 0.256580962902669 0.275869057460529 0.284552098039313 0.291746332254086 0.313566073392246 0.334334212047676 0.353611354841047 0.369855164136497 0.384711177089898 0.394301597834076 0.400922890110661 0.402437904195178 0.403992993759186 0.405464958415618 0.379827778011593 0.355971678567278 0.335869979591886 0.316983842043036 0.298782097689894 0.268220087128057 0.239384600508727 0.216511049191593 0.25471128621702 0.334678720038987 0.380143394081169 0.412106005149543 0.410011240769692 -9999 -9999 -9999 -9999 -9999 -9999 -9999 -9999
0.13110378930653 0.135724627970157 0.138299921377253 0.139740421392748 0.133991148604282 0.132542405157618 0.142942882276465 0.158636374687362 0.177898917896978 0.180891039449231 0.182899221366956 0.186622049842932 0.187710500817442 0.186655265146235 0.187057245705439 0.188552347915093 0.193837953692535 0.199744032631085 0.206257252665355 0.218299538967308 0.227655374773837 0.213517255213028 0.212521670354741 0.226984629669618 0.245993270721913 0.266988175167862 0.294472528209492 0.319116419422084 0.339733012389392 0.359097112792945 0.377709624188487 0.39073007762494 0.399953537795803 0.402646965965984 0.400840601231409 0.396897442720728 0.373114645556952 0.348622946682564 0.32263693004556 0.297452052770175 0.27271823811979 0.219668803870659 0.168697117289868 0.126454440593713 0.181048775724674 0.301868092798561 0.34657152326919 0.375333341728081 -9999 -9999 -9999 -9999 -9999 -9999 -9999 -9999 -9999
0.124958123280102 0.128800763540734 0.13090977592792 0.132057035233378 0.129099503015146 0.129157471954969 0.137426474380609 0.146928921315868 0.157263073029845 0.16691960476877 0.175455412114579 0.18051464938134 0.182268945125871 0.181333892437182 0.181210293733643 0.182773570675911 0.19112264333044 0.188499627169185 0.175140278732002 0.178835271910949 0.185293145540602 0.186329743991573 0.194170428684672 0.21001423226714 0.231455060469326 0.254881052922106 0.281939354347802 0.306876471013724 0.328806103624189 0.350709549019278 0.372189982992965 0.385757123166675 0.397717134829299 0.406913222546702 0.410321958772872 0.410986661948053 0.387250581641128 0.36063527412986 0.327950746739961 0.294390574286741 0.260337390530178 0.208739336677284 0.167980965841709 0.157708863438297 0.210164919413808 0.30551956424059 0.347216105656319 -9999 -9999 -9999 -9999 -9999 -9999 -9999 -9999 -9999 -9999
0.120732214503712 0.125245179614206 0.126024884507349 0.124733513725068 0.123658459294727 0.124817228041919 0.131719317245744 0.137457966175765 0.142412113794272 0.157404133890542 0.170603255802061 0.174858517817492 0.176666478693632 0.176482983611989 0.17715939884482 0.17804438748133 0.17927353714967 0.169675008502955 0.149481455142251 0.148877606793208 0.153339655075379 0.163056635517507 0.176397188881663 0.193999870012476 0.21729967950215 0.242594738091619 0.271346495534775 0.29790727221916 0.321361605833252 0.344368741390641 0.367006672147156 0.385717484509718 0.402334320796342 0.41534995744207 0.421734237020685 0.424983456039439 0.402717872273842 0.375766236420726 0.338936713737779 0.298627583413359 0.256359342062908 0.207536958132969 0.176684850245795 0.193768063296985 0.240983318590621 0.30880530178466 -9999 -9999 -9999 -9999 -9999 -9999 -9999 -9999 -9999 -9999 -9999
0.119519166446168 0.126975764038926 0.125071730525895 0.117974762617421 0.117355191952693 0.118977722639635 0.125712798882082 0.131496964009662 0.136639935056598 0.154881837958823 0.169818431095779 0.16991060617865 0.170811479473829 0.172370419259924 0.175927230039198 0.174962433730809 0.153089881829681 0.138954028146542 0.132388634763308 0.133839571514083 0.137721605023908 0.145926777850339 0.159531063309191 0.179485906176742 0.203745109557311 0.230027199007581 0.263798760782191 0.294071177119032 0.319382392380237 0.341240106129263 0.362351197046824 0.39342017545778 0.417707506711083 0.430331827297992 0.436176895878991 0.438835198426239 0.420274586359479 0.395791573985565 0.358824534780016 0.314318815008404 0.265568618922083 0.221600240545998 0.200172507957044 0.237367864410503 0.274473231935263 0.311517057751273 -9999 -9999 -9999 -9999 -9999 -9999 -9999 -9999 -9999 -9999 -9999
0.115805176583549 0.119531777886441 0.119255722812775 0.116759140967351 0.113335752796047 0.11334197082633 0.122297080227023 0.129547095450289 0.135647375144736 0.152691037146173 0.166475046840675 0.166220165890135 0.160223216714712 0.149553742449159 0.147262494802112 0.143984056488489 0.13096662365001 0.122284769941776 0.117845337064472 0.118916301597825 0.121692826537349 0.127649998413557 0.141032116545605 0.163147623044302 0.187907483478434 0.214392100956872 0.250039543496177 0.282140860294462 0.309214365830375 0.332323370921226 0.354756627302454 0.392092520022871 0.422587547057361 0.441317719977861 0.451762085928587 0.458314400648368 0.43970975723202 0.414729412737222 0.376309513466349 0.328539851997572 0.275506027410409 0.244324619802467 0.229852208174584 0.256719067001034 0.267630605609804 -9999 -9999 -9999 -9999 -9999 -9999 -9999 -9999 -9999 -9999 -9999 -9999
0.111345485758576 0.108648751307577 0.111633594325981 0.117770367884941 0.110352424821843 0.107953316725736 0.119920450167112 0.129064181721215 0.136304109072066 0.150542144460916 0.162197037452851 0.16323576356746 0.147994208705531 0.119504810321365 0.108028731371004 0.102345359744391 0.110695517353923 0.111326590095001 0.104404437428843 0.104112388047146 0.105580140981693 0.109101038219713 0.121967595975804 0.145826729305483 0.170921239522918 0.19739029221121 0.23352287207173 0.266611084428269 0.295382894507738 0.32079259211517 0.345798472489475 0.386682425983696 0.422599037977357 0.449972864485742 0.467197033504537 0.479646927648527 0.459484319267489 0.432767126170916 0.392233303462164 0.341935076897247 0.286139233006386 0.270613015438889 0.263930540809706 0.27580897632191 -9999 -9999 -9999 -9999 -9999 -9999 -9999 -9999 -9999 -9999 -9999 -9999 -9999
0.118066559117562 0.111625813246802 0.112002275951288 0.116160675631094 0.110868506334816 0.108847134130054 0.116252560594031 0.121108850220187 0.124246271041876 0.144713502191033 0.16272761835316 0.167410973120961 0.148068981838907 0.109176712186677 0.0991944388285886 0.094994799760771 0.0970342943800191 0.0962745840083762 0.0927758149765976 0.0920819019736749 0.0927921413013582 0.0983737794009465 0.107164063992376 0.119728430574297 0.146080209953547 0.17665163793916 0.209825141684845 0.241484162387932 0.270995900266231 0.300850828900869 0.331171185697247 0.367990854013497 0.402359699981253 0.43251364556752 0.45857385656482 0.482591933828922 0.462341263545802 0.433436701504004 0.386290309915 0.346946566761001 0.311995920805399 0.296071349360165 0.284406137006315 0.28172294498138 -9999 -9999 -9999 -9999 -9999 -9999 -9999 -9999 -9999 -9999 -9999 -9999 -9999
0.111954584931939 0.104472473826769 0.103384454129078 0.105843641539779 0.108882253217662 0.112006966190636 0.115293568527686 0.117215195762086 0.118216427869787 0.138365018582082 0.157277082739831 0.166303308420104 0.145620797442368 0.100763231067502 0.0921276434324819 0.0891448963081835 0.0870747073748965 0.0860009911128159 0.0859023363801832 0.0846871262450114 0.0845094609426926 0.0920800607311043 0.0989051452280428 0.104853337913328 0.130724068652282 0.162159080145999 0.192309500763086 0.222739462536403 0.253565766762366 0.285464154741166 0.31782044363607 0.351413871780577 0.383763875251808 0.413975449092283 0.442624404203994 0.470377505377588 0.450155160692599 0.420836287675165 0.372342536586792 0.340431894282923 0.317857980315431 0.307979519558373 0.301230867400432 -9999 -9999 -9999 -9999 -9999 -9999 -9999 -9999 -9999 -9999 -9999 -9999 -9999 -9999
