layers/veg/veg_1400.asc
NCOLS 255 
NROWS 330 
XLLCORNER -2985163.8955 
YLLCORNER -3022031.214 
CELLSIZE 25000 
NODATA_value -9999 
[rows 125 to 149 of 330, columns 171 to 227 of 255]
0.395392239094101 0.421410509791627 0.429239356191419 0.428297377568878 0.390084987955219 0.35346209993794 0.319380081848148 0.313496436234513 0.319408596985383 0.31944705442141 0.320928385569734 0.325224182951517 0.327603129362922 0.32898108615679 0.349869182406465 0.367803451758627 0.377401420506128 0.379512096633758 0.376856373595284 0.329064463597623 0.301519182101554 0.34617545255036 0.32136179269084 0.243085322976457 0.256207509100894 0.287334595592985 0.341930704427849 0.391329744761165 0.435915840376831 0.462983597773404 0.484023220617704 0.49079549563998 0.491994430510486 0.486990436617913 0.50282626456995 0.522758853199826 0.531287558463439 0.541107470443191 0.552657598645893 0.557764443767687 -9999 -9999 -9999 -9999 -9999 -9999 -9999 -9999 -9999 -9999 -9999 -9999 -9999 -9999 -9999 -9999 -9999
0.35108606828306 0.37748667661326 0.410170487040922 0.439792339179046 0.39719474008371 0.355138793260321 0.313948695186052 0.307090102952209 0.314518999995242 0.311332514658463 0.310319488071947 0.313546005258595 0.32179714189758 0.332672161134424 0.352862708213062 0.370507104054513 0.381430493889569 0.388791106141151 0.393883659567597 0.347059957426867 0.316378769538015 0.346970467481528 0.328002527791691 0.270894381662779 0.289756095841719 0.318007513728282 0.343623605831643 0.391029891194284 0.458615821199392 0.481285820951888 0.493635852455846 0.497352107833211 0.500445901841329 0.502846918551441 0.516364383260426 0.531741592424907 0.538383278905109 0.547444134306792 0.559746674608101 0.562879174518897 -9999 -9999 -9999 -9999 -9999 -9999 -9999 -9999 -9999 -9999 -9999 -9999 -9999 -9999 -9999 -9999 -9999
0.325915758802637 0.332663145554426 0.393438973660642 0.462880047212561 0.400150619348177 0.345086225198323 0.30227463639499 0.298585579057684 0.31100043699812 0.30300171611897 0.297580459825699 0.297186800184216 0.303141312304072 0.31241087297055 0.336145696065888 0.357572504449512 0.372533901838593 0.389190333884591 0.406925822431441 0.368503937091656 0.335107427396607 0.330093454110345 0.316882712150307 0.297363884330884 0.324812754178795 0.348042554048995 0.329835354726706 0.371330899967902 0.468116462839301 0.478073048427891 0.473957634111314 0.485137409161934 0.502873462970237 0.527906421144207 0.536924316704771 0.541258666508362 0.541848734806257 0.547444134306792 0.559746674608101 -9999 -9999 -9999 -9999 -9999 -9999 -9999 -9999 -9999 -9999 -9999 -9999 -9999 -9999 -9999 -9999 -9999 -9999
0.345792467165185 0.36525799964965 0.412040871251457 0.459670433803438 0.391099618444171 0.336734123661936 0.305076295198938 0.301603096085404 0.309872193430537 0.31003158869582 0.309718624734647 0.308484277923685 0.312079500979298 0.318196750717382 0.331241411107208 0.346644718618663 0.367310314009683 0.380814761851227 0.38976043398557 0.372369287582981 0.355184626130657 0.344758167771032 0.349906555393783 0.36704106457415 0.391368097124329 0.409612895518966 0.399924286987433 0.431378203243803 0.50093373337917 0.502428564435359 0.495138885152511 0.512058972559067 0.533672514247058 0.560509703113891 0.578155150161752 0.591656690556787 0.591148427346764 -9999 -9999 -9999 -9999 -9999 -9999 -9999 -9999 -9999 -9999 -9999 -9999 -9999 -9999 -9999 -9999 -9999 -9999 -9999 -9999
0.376068251379109 0.407316085834647 0.428511750320524 0.440860409922701 0.376737786851708 0.329532007865339 0.309368353593097 0.305815205136258 0.309392947720807 0.318064027676436 0.323570436389107 0.322903844459107 0.324493340888926 0.327260978478036 0.329948740915389 0.338680751434896 0.362002565882494 0.370948711026861 0.370743326819049 0.368718445780747 0.365825494390156 0.360710691787202 0.383945587823904 0.428997902434192 0.449768033026423 0.465456593746838 0.473726062707737 0.496028002500622 0.531325250388109 0.527165187249682 0.521001503586615 0.545682616838635 0.569798811761985 0.593286272738675 0.619582887734808 0.644813922741717 0.655327127841065 -9999 -9999 -9999 -9999 -9999 -9999 -9999 -9999 -9999 -9999 -9999 -9999 -9999 -9999 -9999 -9999 -9999 -9999 -9999 -9999
0.419714270962031 0.432415735791133 0.406609139060614 0.368984684363109 0.346753226304934 0.326431973127562 0.309164244494003 0.306487975309496 0.310084779284546 0.318575771219242 0.325669415376804 0.330037396088132 0.331350488291813 0.331068301714753 0.336363754744723 0.34318856445669 0.353358192375499 0.36102003074638 0.367085414081126 0.343425826684411 0.3305709891392 0.357558985060566 0.387509165777712 0.419738990677439 0.444248357712349 0.468886619537938 0.498093979134439 0.518772309882275 0.531552006172698 0.53166840253996 0.536426903146598 0.579844124025166 0.608540755418729 0.620853895864403 0.645417473826483 0.669599836421996 0.664352432265036 -9999 -9999 -9999 -9999 -9999 -9999 -9999 -9999 -9999 -9999 -9999 -9999 -9999 -9999 -9999 -9999 -9999 -9999 -9999 -9999
0.439139818138077 0.433236661674446 0.38706773334353 0.332062103261584 0.342330665750341 0.342863854948993 0.327834733746684 0.319844028284144 0.315032758755939 0.319778847125627 0.32503402084191 0.331282215295718 0.334446917047804 0.336001402759168 0.344538577410567 0.352734046332295 0.359672389198796 0.367313115604408 0.375400978309491 0.348140229604875 0.334897512764087 0.372598189898973 0.39802296888429 0.41400043727558 0.434930445194572 0.460650755910114 0.50279154848462 0.524786005745134 0.528123176094658 0.526812217288773 0.534642680851401 0.59713482943581 0.632530287133239 0.637768094532983 0.663274682353423 0.691082268631646 0.694082631394442 -9999 -9999 -9999 -9999 -9999 -9999 -9999 -9999 -9999 -9999 -9999 -9999 -9999 -9999 -9999 -9999 -9999 -9999 -9999 -9999
0.433553020007908 0.408985086084165 0.369964731278692 0.331235437385685 0.364305838476145 0.379466236885541 0.365996914307448 0.346298035902948 0.324376038176576 0.321695858066339 0.321574854185882 0.32644577373074 0.333659672859044 0.342097088198767 0.354530744740557 0.367481900432238 0.381434217269879 0.390358325867123 0.396081484697771 0.383842714990748 0.380099141762099 0.406423046555241 0.415714230322674 0.411897338100006 0.421690114529948 0.440367594048444 0.487175661304886 0.513522093415125 0.520919243105469 0.512290631864141 0.515086179089476 0.597003152965438 0.641285086205048 0.643680561825745 0.672893698043523 0.704601276282356 0.699005312927651 -9999 -9999 -9999 -9999 -9999 -9999 -9999 -9999 -9999 -9999 -9999 -9999 -9999 -9999 -9999 -9999 -9999 -9999 -9999 -9999
0.408073618472823 0.399272924841917 0.380700034906454 0.361605283703731 0.381019902464205 0.387724252936829 0.374110826732512 0.363071988026221 0.353438363594109 0.358654476823901 0.364891523279961 0.37311999980191 0.385007947416411 0.398806890004404 0.386504838264218 0.381157364762106 0.394208371851435 0.39706295673095 0.393426514641768 0.390265369911339 0.390293592770847 0.399930185464015 0.415383320326693 0.435312761508397 0.439019654863196 0.44467570410444 0.466597420351705 0.479641487164783 0.484464066049293 0.504496563786275 0.534805487861446 0.604941579050573 0.647841153082559 0.660427455166394 0.68418068979057 0.707960429633628 -9999 -9999 -9999 -9999 -9999 -9999 -9999 -9999 -9999 -9999 -9999 -9999 -9999 -9999 -9999 -9999 -9999 -9999 -9999 -9999 -9999
0.378731650060501 0.389913262651384 0.393003480521598 0.393447664326826 0.39485155386782 0.390574492697101 0.377216247301211 0.377459678025794 0.383645985024811 0.398862978645565 0.413094141743858 0.425402346031732 0.440073854253506 0.455979492168969 0.421340817845293 0.399335872464923 0.410947568811439 0.406493694131679 0.391812501216834 0.393371106430264 0.394060800153315 0.388323405454229 0.413390901099842 0.462165286730649 0.461951764638613 0.455375777980738 0.449277328550379 0.448036659228539 0.451294723588164 0.502901771628523 0.562403405124055 0.613708579828144 0.653308779551566 0.67988175969004 0.693663037641871 -9999 -9999 -9999 -9999 -9999 -9999 -9999 -9999 -9999 -9999 -9999 -9999 -9999 -9999 -9999 -9999 -9999 -9999 -9999 -9999 -9999 -9999
0.354866664312299 0.359721175379409 0.371503910138705 0.385469458329567 0.39745604771337 0.401881813789129 0.394221358237802 0.391061207615195 0.390144611285417 0.405213387546198 0.419832178826095 0.43357323040953 0.437152286938717 0.435424696420238 0.440544757075827 0.449901604054137 0.469057656389529 0.460605737224274 0.434578625126228 0.420671156923874 0.409987717428324 0.40630845335041 0.428879609167868 0.471652616365455 0.474197382088927 0.470320137751925 0.462080609034394 0.46807466378878 0.487250274715453 0.532784481312771 0.580906787922252 0.615223831408937 0.654875738773685 0.700465159316385 0.706664484268644 -9999 -9999 -9999 -9999 -9999 -9999 -9999 -9999 -9999 -9999 -9999 -9999 -9999 -9999 -9999 -9999 -9999 -9999 -9999 -9999 -9999 -9999
0.342340764779112 0.345371786190923 0.355467874440606 0.368747872129106 0.393391744797729 0.406832638363211 0.402365205968989 0.396370292174124 0.39012454368546 0.402391290548657 0.41464970541018 0.426891867887885 0.426130761782737 0.41857928071019 0.449556398960426 0.478477525089391 0.500050623858737 0.495849137111866 0.475239588179056 0.457098862090785 0.444768980686509 0.449571987975489 0.468351580594164 0.497887302096017 0.500513939999008 0.499372751315575 0.497410055501365 0.504319460514366 0.519445214955524 0.549537266144894 0.582358952300793 0.614199125359228 0.654815497486117 0.705199466090126 0.712438083206528 -9999 -9999 -9999 -9999 -9999 -9999 -9999 -9999 -9999 -9999 -9999 -9999 -9999 -9999 -9999 -9999 -9999 -9999 -9999 -9999 -9999 -9999
0.343897478807665 0.350698285398952 0.346217292718971 0.341167417560397 0.381045108903151 0.403888992221456 0.399503780168935 0.391380548711843 0.382008563873103 0.388177371184892 0.394662516727011 0.401764710913115 0.405049468671837 0.406340741131769 0.445909685303194 0.479743132184422 0.497365399262081 0.507658566602571 0.513286040127005 0.504862686505019 0.502966457862251 0.52423021819405 0.537609640900947 0.544921419068676 0.544305946387711 0.545947154768001 0.560715944209818 0.560692333419298 0.546969652751526 0.549983299773174 0.562634302674438 0.61001991099242 0.652734349440202 0.690249942463862 0.703099485676561 -9999 -9999 -9999 -9999 -9999 -9999 -9999 -9999 -9999 -9999 -9999 -9999 -9999 -9999 -9999 -9999 -9999 -9999 -9999 -9999 -9999 -9999
0.346600996064284 0.359841138558296 0.353243636331278 0.342612885765209 0.368614974746896 0.385169023947017 0.386620074691925 0.384068435237219 0.37983048929686 0.375867509121523 0.376622906117589 0.386581959062515 0.391159700664289 0.392927293294401 0.435825129409361 0.470670379927188 0.483536564004066 0.499718803083755 0.518012037766608 0.536442180968356 0.552872685173308 0.563177816884542 0.562654985431031 0.553799148125593 0.566575354451732 0.58127859449932 0.592266408238263 0.59311594163465 0.584576531474449 0.585809442831777 0.594548932430666 0.633796476762169 0.662019747620076 0.677973395386756 0.68070547894772 -9999 -9999 -9999 -9999 -9999 -9999 -9999 -9999 -9999 -9999 -9999 -9999 -9999 -9999 -9999 -9999 -9999 -9999 -9999 -9999 -9999 -9999
0.349704034484816 0.369215270181859 0.365123430219814 0.354199693554845 0.358462236024072 0.363846270818424 0.371023047519616 0.375662161493137 0.378844033934958 0.364005564732319 0.359072361853616 0.373460349294307 0.378443110462178 0.378514413204133 0.422687340745101 0.457535594388885 0.467151134275515 0.487659365895429 0.515101868610393 0.562571546535727 0.597629322815008 0.590203607686615 0.575846909437997 0.556156251143368 0.586202628247335 0.615712232235194 0.61695254456844 0.619235960198331 0.622485381664022 0.63003731028096 0.641026482204515 0.66616742636203 0.676308609227854 0.669755592884247 0.678133846960971 -9999 -9999 -9999 -9999 -9999 -9999 -9999 -9999 -9999 -9999 -9999 -9999 -9999 -9999 -9999 -9999 -9999 -9999 -9999 -9999 -9999 -9999
0.353314746684507 0.367999105372639 0.375072973446998 0.378963958886634 0.37406164057062 0.367890385226751 0.359690692829852 0.363040095859549 0.370680162195659 0.350577944772998 0.340265971977834 0.349050828438455 0.354014690372928 0.356983208950798 0.397638091781745 0.434676647980593 0.460654245111771 0.497722900067701 0.541852105672716 0.583639927711835 0.613433887159615 0.607223753663015 0.609151927549534 0.617343196536811 0.650596252997752 0.678924612302909 0.674525738525819 0.657561363085913 0.628960222643844 0.646053456572896 0.67204543548374 0.698113865482283 0.707297993370858 0.697690495349218 0.692589001902904 -9999 -9999 -9999 -9999 -9999 -9999 -9999 -9999 -9999 -9999 -9999 -9999 -9999 -9999 -9999 -9999 -9999 -9999 -9999 -9999 -9999 -9999
0.361805696845961 0.371573864152287 0.383530774752229 0.394478155770354 0.381065610822431 0.367255045801746 0.352808232767395 0.351529102555219 0.355385912918338 0.339047789306608 0.329156048693474 0.331838608327735 0.335700239515346 0.340177588044301 0.373392385168719 0.409499700522475 0.450806386194166 0.502294898409638 0.560265146014869 0.604119278159818 0.637135476924165 0.640410212800843 0.649521608258101 0.663124792032391 0.692552015098284 0.714883670783402 0.700721785891477 0.674242296653909 0.636355617237531 0.662640668900623 0.698868507276789 0.721304135798979 0.727791287499353 0.716528353450172 0.715275224731123 -9999 -9999 -9999 -9999 -9999 -9999 -9999 -9999 -9999 -9999 -9999 -9999 -9999 -9999 -9999 -9999 -9999 -9999 -9999 -9999 -9999 -9999
0.37761330110029 0.382331373232181 0.389752095024304 0.396124268413064 0.375182951363695 0.359604076132823 0.352597238316415 0.341683874725653 0.329401507462964 0.330362390890397 0.329584985650767 0.325416878428171 0.326552103569673 0.330456756651503 0.350351382398497 0.380847510258293 0.435934615172935 0.498633759674247 0.566178717072195 0.623715529438964 0.672676613000399 0.697833875592668 0.700482922594026 0.685810051393244 0.70086800781075 0.70998342516892 0.679875920581625 0.658472948847102 0.645131143787767 0.680084046989282 0.719400940439189 0.731366796598192 0.732548410448179 0.721727547330134 0.718077277605324 -9999 -9999 -9999 -9999 -9999 -9999 -9999 -9999 -9999 -9999 -9999 -9999 -9999 -9999 -9999 -9999 -9999 -9999 -9999 -9999 -9999 -9999
0.391508545495377 0.400923078178589 0.403257044756328 0.401655423935153 0.378262480963676 0.358800089199545 0.34562081120135 0.329954325152582 0.313465746912949 0.307730462724859 0.298492309603433 0.28242146818151 0.289656654011322 0.309062369353105 0.34380910230804 0.388196515894058 0.454896634280696 0.522323641800303 0.590213385843394 0.643188512412171 0.687077955099339 0.706751398826867 0.705923640465649 0.689318525423601 0.700356461201998 0.710100440683648 0.700178993093177 0.683468981995959 0.660472161159655 0.691989461115324 0.728618534366001 0.735385264302427 0.733887841087969 0.723192710235689 0.720960593829045 -9999 -9999 -9999 -9999 -9999 -9999 -9999 -9999 -9999 -9999 -9999 -9999 -9999 -9999 -9999 -9999 -9999 -9999 -9999 -9999 -9999 -9999
0.404868636617539 0.422498952217605 0.41947887589827 0.408567628097283 0.384207503426111 0.359952887103857 0.33586692930417 0.31762090483569 0.301726354255838 0.280328094833351 0.255910878961123 0.225604893395699 0.242101638558223 0.283039014867905 0.34312178316763 0.408552764177658 0.485702979351597 0.555457234633383 0.620503233025499 0.661838071370243 0.692581158241683 0.696565887365739 0.694199897907586 0.686946509563389 0.69794956747155 0.713190536731227 0.73566691216173 0.723479922713748 0.679191594051526 0.702445972505469 0.733735876610504 0.737288415790178 0.74049109374115 0.743304388625685 -9999 -9999 -9999 -9999 -9999 -9999 -9999 -9999 -9999 -9999 -9999 -9999 -9999 -9999 -9999 -9999 -9999 -9999 -9999 -9999 -9999 -9999 -9999
0.423967271860715 0.441663341062882 0.43192492321199 0.411650978102429 0.372784407845288 0.341644664975136 0.322856506643935 0.308902033183893 0.29671645840924 0.271659381869868 0.236841878020606 0.182985706508542 0.200685158044927 0.255751330758288 0.325908524437862 0.399012715733116 0.478293148203106 0.554202471617846 0.627965752102843 0.659838362656647 0.682060949330248 0.684625560198185 0.701152012620083 0.72842324738033 0.73735010878616 0.743028798145454 0.745448715767481 0.737267754962118 0.719269443892014 0.732207176514245 0.747924386197598 0.746034574898893 0.744716238785074 0.744033934164971 -9999 -9999 -9999 -9999 -9999 -9999 -9999 -9999 -9999 -9999 -9999 -9999 -9999 -9999 -9999 -9999 -9999 -9999 -9999 -9999 -9999 -9999 -9999
0.438209929366315 0.453073558644258 0.441628593891063 0.419420552488476 0.37016457655235 0.334022812001229 0.318844540287587 0.308733394851678 0.300270458102755 0.268652302721171 0.224950957921067 0.157680170888366 0.169489664229205 0.222595294217674 0.30893735836432 0.394166316251517 0.474650299119301 0.553026938803694 0.630062047002413 0.664536727742331 0.687823577652858 0.686922146325284 0.711773278991982 0.756443122084763 0.763375628794022 0.763100200787989 0.754032430971934 0.747829711631738 0.744280282227872 0.74976000491498 0.75513349077071 0.750375622181785 0.747495717114651 0.746705918451958 -9999 -9999 -9999 -9999 -9999 -9999 -9999 -9999 -9999 -9999 -9999 -9999 -9999 -9999 -9999 -9999 -9999 -9999 -9999 -9999 -9999 -9999 -9999
0.443598983448349 0.450346076063258 0.446332259118434 0.435734229517602 0.383595191750277 0.345884753980183 0.331238901934442 0.324153867318873 0.319438478076125 0.275967729818275 0.226147387999551 0.163941543193997 0.156929462358429 0.178739854182737 0.292407584835352 0.397877556193549 0.477875555102442 0.551995861508109 0.622374437749306 0.681447275899147 0.723273694524936 0.715176014610257 0.729084282312611 0.759927931811146 0.76501530091889 0.765364294803586 0.760431745805398 0.752510129173403 0.741820371756936 0.745054058271673 0.749617478494931 0.746685101930805 0.745534612295082 0.746367299242838 -9999 -9999 -9999 -9999 -9999 -9999 -9999 -9999 -9999 -9999 -9999 -9999 -9999 -9999 -9999 -9999 -9999 -9999 -9999 -9999 -9999 -9999 -9999
0.449885797617438 0.455236269290948 0.449128231928733 0.437331186643649 0.39976755359242 0.371678479090732 0.358734794156172 0.346494384502184 0.334059780873719 0.298584968316406 0.263423940254437 0.228874979526707 0.210840211332461 0.201429240983478 0.307327893081357 0.407825993243869 0.48814892663944 0.561236854903813 0.629718989836085 0.69355738372739 0.738389416896622 0.726383923708548 0.728867221581866 0.742500832664137 0.746066939212673 0.747295927077422 0.744534457162092 0.74116101396379 0.737220829422992 0.741946893243012 0.747075069236408 0.745222079706323 0.744246052227929 -9999 -9999 -9999 -9999 -9999 -9999 -9999 -9999 -9999 -9999 -9999 -9999 -9999 -9999 -9999 -9999 -9999 -9999 -9999 -9999 -9999 -9999 -9999 -9999
0.456610346174955 0.463840727286521 0.450994042454544 0.431752491299362 0.41727675008319 0.404265133244082 0.393593966775239 0.372209011968835 0.346464172392906 0.32866314114661 0.318292620342847 0.322416036575737 0.297161201567884 0.256564889873611 0.337582790724122 0.420815594298995 0.501858853884389 0.575486356303804 0.644392998918949 0.703326868663488 0.743590392701785 0.729280478106016 0.720103739030309 0.714877399581644 0.7170801601966 0.719313755168933 0.717765678208997 0.721996138378051 0.731578034600415 0.739619270212719 0.745982544325559 0.74484515219736 -9999 -9999 -9999 -9999 -9999 -9999 -9999 -9999 -9999 -9999 -9999 -9999 -9999 -9999 -9999 -9999 -9999 -9999 -9999 -9999 -9999 -9999 -9999 -9999 -9999
