layers/veg/veg_2100.asc
NCOLS 255 
NROWS 330 
XLLCORNER -2985163.8955 
YLLCORNER -3022031.214 
CELLSIZE 25000 
NODATA_value -9999 
[rows 250 to 274 of 330, columns 56 to 111 of 255]
-9999 -9999 -9999 -9999 -9999 -9999 -9999 -9999 -9999 -9999 -9999 -9999 -9999 -9999 -9999 -9999 0.683094671527324 0.688707616327624 0.680299298265685 0.670213942511724 0.656759519073792 0.589235518383611 0.488743962991781 0.458366277764266 0.429087807199746 0.389891389580297 0.374847037916072 0.377631869538835 0.381204250474023 0.382280847206291 0.373694173429119 0.373788759981767 0.381600764293495 0.382729733925978 0.383754758503624 0.390325584680514 0.364146672209416 0.302978515192074 0.260325243243888 0.224955916984327 0.209464732910799 0.194652523993515 0.180713100918985 0.167395858148977 0.155518109651873 0.159224508377991 -9999 -9999 -9999 0.108028543988667 0.0998782590385849 0.0919144489330988 0.0843035530183511 0.0817443298546227 -9999 -9999
-9999 -9999 -9999 -9999 -9999 -9999 -9999 -9999 -9999 -9999 -9999 -9999 -9999 -9999 -9999 -9999 0.678225775666497 0.676540585418304 0.664710143163278 0.65485383568009 0.649885439439494 0.612104395889431 0.554316672057144 0.517906426483812 0.479264104223241 0.430186684799138 0.413048926115024 0.41948919452446 0.425377470901803 0.430508076699517 0.43305754780346 0.423571407009975 0.403385915952848 0.399808367538627 0.39925765458958 0.398890667252907 0.386810764664041 0.362216989506191 0.306319136365025 0.249428571587797 0.242337323171396 0.22713973861024 0.201521897345026 0.184586997775169 0.171062145545417 0.165104060122448 0.161479358482728 -9999 -9999 0.108028543988667 0.0998782590385849 0.0919144489330988 0.0843035530183511 -9999 -9999 -9999
-9999 -9999 -9999 -9999 -9999 -9999 -9999 -9999 -9999 -9999 -9999 -9999 -9999 -9999 -9999 -9999 0.669981192430411 0.669594573508727 0.659333063944534 0.6522330984121 0.652740577800392 0.63581354284816 0.608256254536696 0.577188669879622 0.538885231607579 0.480348501071382 0.455062516136202 0.454322408098202 0.457959894946803 0.463535992265062 0.474395215114052 0.464961873650621 0.43748896301726 0.433153750926371 0.432210117421205 0.42735920004406 0.424719994258613 0.424443742223104 0.354619708708611 0.277364603168044 0.27225356005911 0.256066711167706 0.225642512948971 0.20589567761996 0.189718997709398 0.175004117551593 0.167283753228057 0.17042873955773 -9999 -9999 -9999 -9999 -9999 -9999 -9999 -9999
-9999 -9999 -9999 -9999 -9999 -9999 -9999 -9999 -9999 -9999 -9999 -9999 -9999 -9999 -9999 -9999 0.670553015699468 0.671023519945077 0.669934050865637 0.669544693393375 0.670818290923483 0.660837396145425 0.643994359851487 0.636067388236305 0.613283973837753 0.545947719861727 0.503039988967762 0.478165523479244 0.472407072708148 0.472782685875008 0.487529415963638 0.4932217275914 0.490864893453079 0.491950492759526 0.492464603342969 0.48696916261202 0.486482141938414 0.4913460291319 0.406529368332746 0.310719519902747 0.29754421344521 0.27942324107034 0.254944882632165 0.233646762583529 0.213246239088739 0.191194757471253 0.176280446453769 0.17245308742528 -9999 -9999 -9999 -9999 -9999 -9999 -9999 -9999
-9999 -9999 -9999 -9999 -9999 -9999 -9999 -9999 -9999 -9999 -9999 -9999 -9999 -9999 -9999 -9999 -9999 0.671451536895513 0.68122565864867 0.686070533031516 0.679248938051148 0.668113594635616 0.654348052414534 0.63802635003369 0.610112483873172 0.549211229150337 0.518527809970927 0.510151357385536 0.505388861749537 0.503744160316458 0.512122633967538 0.514915896040735 0.512744048281747 0.515332718134794 0.517482194979317 0.513092268918087 0.513380254577112 0.518666038811113 0.477776115614968 0.42253519442482 0.345821870804314 0.294604720619365 0.276161522491858 0.255924107300265 0.234999378240923 0.212729164350686 0.199967276141574 0.201975715871988 -9999 -9999 -9999 -9999 -9999 -9999 -9999 -9999
-9999 -9999 -9999 -9999 -9999 -9999 -9999 -9999 -9999 -9999 -9999 -9999 -9999 -9999 -9999 -9999 -9999 -9999 0.71272261276027 0.707389925325929 -9999 0.665198200630589 0.654603856997116 0.61788855107255 0.57712600729025 0.529556891000973 0.522782428721064 0.546122796568344 0.546180744522751 0.543615927451038 0.541637762373207 0.534430931922596 0.522575952070731 0.525115108072472 0.52897555140637 0.526427031070526 0.526931750351682 0.530698497118484 0.555506523992895 0.562752085900152 0.4022351586886 0.306504680737337 0.294053679504228 0.275906140756368 0.255948825240495 0.236406722325482 0.229229512451015 0.241260050740721 0.235580514856082 0.222793986181848 0.214875943932309 -9999 -9999 -9999 -9999 -9999
-9999 -9999 -9999 -9999 -9999 -9999 -9999 -9999 -9999 -9999 -9999 -9999 -9999 -9999 -9999 -9999 -9999 0.720262193097504 0.71272261276027 -9999 -9999 0.673273504136924 0.675678175708798 0.649668763240653 0.626085686422825 0.614812328700584 0.608403444647365 0.60558554087718 0.593120390994513 0.5816960312392 0.578453189578504 0.573798810067689 0.567889609614031 0.572764695013106 0.578423294150635 0.578238978679317 0.579330148304885 0.581784023766054 0.577231847732468 0.554232913640368 0.408127763390017 0.321815565274899 0.312363973383934 0.294492838338825 0.2742052990877 0.25778445683215 0.247086357249944 0.245278023209379 0.235580514856082 0.222793986181848 0.214875943932309 0.209695287134207 -9999 -9999 -9999 -9999
-9999 -9999 -9999 -9999 -9999 -9999 -9999 -9999 -9999 -9999 -9999 -9999 -9999 -9999 -9999 -9999 0.717679863686545 0.718864930452399 0.717715013400713 -9999 -9999 0.691370693710065 0.690829693385924 0.67446175086178 0.664464073789317 0.675811400450054 0.670180120053857 0.652015141806012 0.631721121222203 0.614114589028496 0.607484289660685 0.604278951982869 0.604118317397268 0.612834099461841 0.621648858811044 0.622900527366935 0.624284282114086 0.625809155423949 0.607035028647195 0.569306736994341 0.428986481713026 0.344670135744113 0.33234378637109 0.313578917968373 0.293216113017884 0.278955609894932 0.265726898719544 0.254100983445553 0.239033104915318 0.222793986181848 0.214875943932309 0.209695287134207 -9999 -9999 -9999 -9999
-9999 -9999 -9999 -9999 -9999 -9999 -9999 -9999 -9999 -9999 -9999 -9999 -9999 -9999 -9999 -9999 0.716089051129256 0.714889600909784 0.71605347479416 -9999 -9999 0.692046937872339 0.692594504453584 0.685930404284813 0.682664396633772 0.690554634251563 0.686486672139838 0.673591103513821 0.654419899803867 0.635736824120617 0.621671015499794 0.617810566339546 0.623022419972511 0.638448424626156 0.653008999700979 0.653926575401205 0.655042527033973 0.656370420022684 0.652242332884795 0.629371379832985 0.478384929681198 0.381910188140092 0.355507299894592 0.333617297505165 0.313665420773058 0.299732821102983 0.285861915753762 0.272086846977833 0.249069634490019 0.222793986181848 0.214875943932309 -9999 -9999 -9999 -9999 -9999
-9999 -9999 -9999 -9999 -9999 -9999 -9999 -9999 -9999 -9999 -9999 -9999 -9999 -9999 -9999 -9999 0.753656849613172 0.748110350264611 0.753492337475667 -9999 -9999 0.717795523513408 0.714424809012697 0.699934960436901 0.691731791187184 0.703753315586048 0.704904592937392 0.698031396219131 0.688197717560251 0.677175947284447 0.663040070191069 0.656159419142231 0.655728477950606 0.666355123493062 0.676996744894794 0.677670400717115 0.677344772392158 0.675951526466461 0.680131745107918 0.674297410575149 0.584522340792083 0.498638524368126 0.417756703689026 0.378557823770752 0.353389174560001 0.335095662239928 0.312321787736972 0.282588073936504 0.273955199769444 -9999 -9999 -9999 -9999 -9999 -9999 -9999
-9999 -9999 -9999 -9999 -9999 -9999 -9999 -9999 -9999 -9999 -9999 -9999 -9999 -9999 -9999 -9999 0.774333944506369 0.799780967150163 0.775088716809616 -9999 -9999 0.729496506181345 0.74496115204804 0.715234111130974 0.696136767508833 0.716163493019848 0.724400380949174 0.723933948195396 0.727631455585854 0.728731718394913 0.718285877396254 0.707177630698793 0.695480522325786 0.695432093778331 0.697220834992459 0.697696604818027 0.695330175958985 0.689927192033238 0.699180262834676 0.711495083139856 0.719625355023637 0.655946137246515 0.499959704139048 0.436211055010955 0.402952656167186 0.377904560625448 0.342010538573458 0.289268346114096 -9999 -9999 -9999 -9999 -9999 -9999 -9999 -9999
-9999 -9999 -9999 -9999 -9999 -9999 -9999 -9999 -9999 -9999 -9999 -9999 -9999 -9999 -9999 -9999 0.824490138037775 0.82663918576504 0.824553879942893 -9999 0.830582870206855 0.79913387483191 0.748509651389277 0.715184160397044 0.697746000519024 0.722942030746416 0.740353152981017 0.752017414813154 0.750364066707706 0.745695637495646 0.735710480217299 0.725499353011516 0.715087344336365 0.735283247790538 0.757120174412745 0.759434181572764 0.7584925934188 0.754072784512943 0.757380655803503 0.762394789431174 0.765879504574469 0.692726264568535 0.52105907798196 0.459665779700968 0.432669730293434 0.389624942317779 -9999 -9999 -9999 -9999 -9999 -9999 -9999 -9999 -9999 -9999
-9999 -9999 -9999 -9999 -9999 -9999 -9999 -9999 -9999 -9999 -9999 -9999 -9999 -9999 -9999 -9999 -9999 0.844914841773629 -9999 -9999 0.830582870206855 0.795484140432654 0.738984849518664 0.711496085602809 0.699117245784856 0.724941601938503 0.748382689210475 0.770064434743636 0.766121802761978 0.758778802452896 0.750164415910618 0.740314069998037 0.729364987907584 0.757231488780958 0.786728588306149 0.789195226899227 0.788379951772198 0.78405833777124 0.782689002697243 0.781755220209046 0.778643711303774 0.701643889633157 0.529664637959155 0.471734960150105 0.449764045045924 0.416025111304566 -9999 -9999 -9999 -9999 -9999 -9999 -9999 -9999 -9999 -9999
-9999 -9999 -9999 -9999 -9999 -9999 -9999 -9999 -9999 -9999 -9999 -9999 -9999 -9999 -9999 -9999 -9999 -9999 -9999 -9999 -9999 0.784214639557411 0.709574555158812 0.699976591103833 0.700062050666816 0.715957716963697 0.737924698287129 0.764373556589621 0.766255665143647 0.764381263179976 0.759435421511505 0.748437350836507 0.732059003814243 0.736506451289078 0.743108115663712 0.74166062850562 0.737747886599091 0.731201309895008 0.728668533954485 0.726191755815343 0.716804582511698 0.650727372842738 0.51177818735876 0.458632629558332 0.433378855992714 0.409827392286105 0.395499462581365 -9999 -9999 -9999 -9999 -9999 -9999 -9999 -9999 -9999
-9999 -9999 -9999 -9999 -9999 -9999 -9999 -9999 -9999 -9999 -9999 -9999 -9999 -9999 -9999 -9999 -9999 -9999 -9999 -9999 -9999 0.545799735564378 0.660800852496418 0.692629827329116 0.714184857134827 0.721610060331173 0.740849152834714 0.768809321132793 0.76195484225521 0.752262556183928 0.74749241574765 0.740239083764669 0.730778258190474 0.720017771396298 0.709627168620606 0.702282880576132 0.693294205595394 0.682548696544619 0.679008687665627 0.676085247907986 0.664557832433668 0.621579387785617 0.538172346081524 0.47315901837423 0.416780162527993 0.394185654014968 0.379160067433561 0.375892119665535 -9999 -9999 -9999 -9999 -9999 -9999 -9999 -9999
-9999 -9999 -9999 -9999 -9999 -9999 -9999 -9999 -9999 -9999 -9999 -9999 -9999 -9999 -9999 -9999 -9999 -9999 -9999 -9999 0.474358252642521 0.53048920207754 0.620844575671111 0.687883021321499 0.736518652962716 0.736381989426611 0.752111982260571 0.779554825046909 0.754890842163503 0.729102090035778 0.722331319178542 0.721871136916033 0.727020906047783 0.70616869409756 0.682463988066344 0.6679875278743 0.652690171015322 0.636515782600909 0.632065871294969 0.629378877066491 0.618287930896946 0.605995005773698 0.592157001711358 0.50490039381781 0.400048438084353 0.372659507467519 0.360408479612548 0.371672820878048 -9999 -9999 -9999 -9999 -9999 -9999 -9999 -9999
-9999 -9999 -9999 -9999 -9999 -9999 -9999 -9999 -9999 -9999 -9999 -9999 -9999 -9999 -9999 -9999 -9999 -9999 -9999 -9999 -9999 0.522632164766211 0.600339871631362 0.683783335123666 0.752347109257298 0.77688474087091 0.797892638831505 0.816294868673664 0.767374313472194 0.718525924200248 0.699940639472561 0.702954359936772 0.725169042002589 0.699817367926908 0.670808645113153 0.666556405138205 0.657451224484727 0.643161247396855 0.634432806279 0.626364332131655 0.613010872786953 0.601584267220115 0.592634527975865 0.499348084994931 0.386198374061742 0.366419785247419 -9999 -9999 -9999 -9999 -9999 -9999 -9999 -9999 -9999 -9999
-9999 -9999 -9999 -9999 -9999 -9999 -9999 -9999 -9999 -9999 -9999 -9999 -9999 -9999 -9999 -9999 -9999 -9999 0.570976497520959 0.565114212480651 0.582383134696853 0.588447642808049 0.587680543318847 0.680029097099391 0.763980095936497 0.806302805239928 0.827914975269509 0.834238515275869 0.770551919420202 0.709194221215266 0.687717337932403 0.694200197683209 0.725538551824175 0.699900821841969 0.669259431953634 0.665128450651753 0.657365041943398 0.645720811705817 0.633414727673466 0.620659251106714 0.605800825540358 0.594998167755141 0.589408980106966 0.493229534859378 0.376981530044035 -9999 -9999 -9999 -9999 -9999 -9999 -9999 -9999 -9999 -9999 -9999
-9999 -9999 -9999 -9999 -9999 -9999 -9999 -9999 -9999 -9999 -9999 -9999 -9999 -9999 -9999 -9999 -9999 0.586667562817412 0.570976497520959 0.565114212480651 0.582383134696853 0.584665998211197 0.577811492152432 0.677164027179556 0.764531035042288 0.797467534226426 0.803986356531598 0.791003509540045 0.742044430099004 0.700921870918939 0.705067573789919 0.715699474913022 0.732097439911424 0.717499812351668 0.694438819737223 0.656838237020713 0.633418202395538 0.625148415847167 0.612047622758377 0.597839380388304 0.584286938390906 0.579624403258467 0.586389362613531 0.493229534859378 -9999 -9999 -9999 -9999 -9999 -9999 -9999 -9999 -9999 -9999 -9999 -9999
-9999 -9999 -9999 -9999 -9999 -9999 -9999 -9999 -9999 -9999 -9999 -9999 -9999 -9999 -9999 -9999 -9999 0.586667562817412 0.570577962983877 0.565450429859387 0.586072394377135 0.590152189024326 0.584145814742411 0.640102044474183 0.6930744713305 0.725863905869719 0.7366661526101 0.731237340609685 0.694782025245594 0.664982441110113 0.673840080672814 0.681300853722169 0.687519848270754 0.668018602882037 0.64210753298561 0.60722420051754 0.5848726624242 0.575909872946342 0.569074271656589 0.563818987449306 0.56632422026862 0.567733285027247 -9999 -9999 -9999 -9999 -9999 -9999 -9999 -9999 -9999 -9999 -9999 -9999 -9999 -9999
-9999 -9999 -9999 -9999 -9999 -9999 -9999 -9999 -9999 -9999 -9999 -9999 -9999 -9999 -9999 -9999 -9999 -9999 0.569879016491889 0.56604008504745 0.592542586723432 0.602624395588155 0.602694103082663 0.577262718864354 0.567339262541507 0.606946021956308 0.636637739691495 0.659010121029883 0.633382324085649 0.608187801352039 0.605995107341877 0.604766870656273 0.60439601179389 0.567972907436409 0.531349356977064 0.52646061671522 0.517784830644341 0.505063031463422 0.509814315377147 0.52135573582889 0.551038343248892 -9999 -9999 -9999 -9999 -9999 -9999 -9999 -9999 -9999 -9999 -9999 -9999 -9999 -9999 -9999
-9999 -9999 -9999 -9999 -9999 -9999 -9999 -9999 -9999 -9999 -9999 -9999 -9999 -9999 -9999 -9999 -9999 0.624587255983979 0.585510154016697 0.565600803033675 0.591094406776566 0.595620450792105 0.587362056544946 0.536772726784333 0.501760534570277 0.519620711954209 0.544001448097585 0.573195695328221 0.567987585908579 0.56027797065079 0.558561641244833 0.55654713725356 0.554267563704114 0.526331618808751 0.500436436927662 0.508139143356025 0.511025010384618 0.508764650949848 0.510404254948137 -9999 -9999 -9999 -9999 -9999 -9999 -9999 -9999 -9999 -9999 -9999 -9999 -9999 -9999 -9999 -9999 -9999
-9999 -9999 -9999 -9999 -9999 -9999 -9999 -9999 -9999 -9999 -9999 -9999 -9999 -9999 -9999 -9999 0.661363496824844 0.631450786033814 0.642579674863958 0.598568719731123 0.598401252846683 0.591677712707714 0.580956773021151 0.515504776741098 0.462302991085509 0.454684556285785 0.469597942113073 0.501144437525821 0.512294092822621 0.519090198766228 0.518729372975922 0.516018800096749 0.511219362326533 0.494893428894647 0.482040398610227 0.497175504290292 0.506298493992501 0.508998244765978 0.493260152905171 -9999 -9999 -9999 -9999 -9999 -9999 -9999 -9999 -9999 -9999 -9999 -9999 -9999 -9999 -9999 -9999 -9999
-9999 -9999 -9999 -9999 -9999 -9999 -9999 -9999 -9999 -9999 -9999 -9999 -9999 -9999 -9999 0.681319536660894 0.673709883175204 0.662303543750776 0.655474970088124 0.598648714002397 0.598745083083435 0.608948943863922 0.625315591602101 0.557389241276912 0.494238510020498 0.460612831209327 0.46178381921547 0.488641891366391 0.495871112829569 0.499469388665776 0.498264792437978 0.491377782746022 0.479439253238204 0.474435510634143 0.473144963969132 0.484286464398803 0.480178828871887 0.459779284794526 0.465094810410102 -9999 -9999 -9999 -9999 -9999 -9999 -9999 -9999 -9999 -9999 -9999 -9999 -9999 -9999 -9999 -9999 -9999
-9999 -9999 -9999 -9999 -9999 -9999 -9999 -9999 -9999 -9999 -9999 -9999 -9999 -9999 0.690768936899081 0.688473803894279 0.685130225179393 0.681263545236245 0.682714876807617 0.634321803508258 0.625835482681384 0.634643173407344 0.653995449477832 0.590634323146005 0.526691589704166 0.476513551914 0.459627669064957 0.467318231707761 0.476275579419981 0.48286969763156 0.480081629853875 0.470047946222762 0.453573095947833 0.450383756169606 0.45048245728863 0.455100245487922 0.447724376990318 0.427534696703802 0.415557133847903 -9999 -9999 -9999 -9999 -9999 -9999 -9999 -9999 -9999 -9999 -9999 -9999 -9999 -9999 -9999 -9999 -9999
