layers/veg/veg_3000.asc
NCOLS 255 
NROWS 330 
XLLCORNER -2985163.8955 
YLLCORNER -3022031.214 
CELLSIZE 25000 
NODATA_value -9999 
[rows 75 to 99 of 330, columns 0 to 56 of 255]
-9999 -9999 -9999 -9999 -9999 -9999 -9999 -9999 -9999 -9999 -9999 -9999 -9999 -9999 -9999 -9999 -9999 -9999 -9999 -9999 -9999 -9999 -9999 -9999 0.683035287587689 0.665967780481712 0.648900273375735 0.666844666379018 0.693077157182853 0.709620402307279 0.712881127880052 0.698082483086296 0.491477812513745 0.23421026528943 0.229725973003818 0.241732229643596 0.28088801535239 0.413330486827092 0.58505249061966 0.651663679262158 0.698729502341042 0.706461664366834 0.727034709949856 0.7545225245943 0.773240324636426 0.788798493784854 0.797193517545855 0.804656079865608 0.811507464699156 0.817696123251574 0.823229911897903 0.826868518168722 0.830924667546709 0.835311359401497 0.844247157603064 0.853343684383247 0.860439591974851
-9999 -9999 -9999 -9999 -9999 -9999 -9999 -9999 -9999 -9999 -9999 -9999 -9999 -9999 -9999 -9999 -9999 -9999 -9999 -9999 -9999 -9999 -9999 -9999 0.677166496157422 0.65833770919902 0.639508922240619 0.662031655223429 0.694328795973845 0.715060342473528 0.727717952163091 0.72939795970399 0.54903327251468 0.316465971106378 0.259127961635129 0.233175263132276 0.258894368662856 0.41226723518885 0.619311255021547 0.676924608903013 0.71725482417622 0.722803949592689 0.736924127968956 0.755659787169894 0.775775354046183 0.792091470982131 0.798810282563208 0.80617057981162 0.813951335837474 0.820017920087137 0.824839987192178 0.826182020792247 0.829976386622298 0.835712108818475 0.843705971140515 0.851404709790137 0.856554773037826
-9999 -9999 -9999 -9999 -9999 -9999 -9999 -9999 -9999 -9999 -9999 -9999 -9999 -9999 -9999 -9999 -9999 -9999 -9999 -9999 -9999 -9999 -9999 -9999 0.663176454617794 0.670729670788741 0.678282886959688 0.68561461125091 0.694194313049544 0.713829917902654 0.722636109941875 0.716718259897248 0.603605144225624 0.45275961191891 0.295238640429628 0.217023690347806 0.269375717950679 0.430287933347455 0.636441803669351 0.687079539085919 0.721507168856997 0.723313111455262 0.732250304492303 0.745027649936577 0.76927981543507 0.788901431425969 0.796018679875296 0.801224389413885 0.805177189722593 0.811296293857715 0.816822201495903 0.81989170852578 0.82338938965386 0.827226029142146 0.833964217848014 0.841046403270781 0.847854493521812
-9999 -9999 -9999 -9999 -9999 -9999 -9999 -9999 -9999 -9999 -9999 -9999 -9999 -9999 -9999 -9999 -9999 -9999 -9999 -9999 -9999 -9999 -9999 -9999 0.705729079885175 0.705429591316698 0.705130102748222 0.700343048301532 0.696812800313383 0.714131917196508 0.720193749598692 0.710949790884052 0.612137821628998 0.480497014012925 0.322838868348842 0.248898043036394 0.312786821380576 0.464967653790657 0.653660750483015 0.695855200386869 0.723755833927147 0.722891176474524 0.730292208218082 0.742144283510969 0.764412665277349 0.782663450071883 0.790027112908801 0.79488602252059 0.798103203357353 0.804515551001368 0.810644293887936 0.815021273556775 0.819272646396992 0.823424584253075 0.828889310430209 0.834768550049454 0.841597908557379
-9999 -9999 -9999 -9999 -9999 -9999 -9999 -9999 -9999 -9999 -9999 -9999 -9999 -9999 -9999 -9999 -9999 -9999 -9999 -9999 -9999 -9999 -9999 -9999 0.70532769835786 0.705785123103736 0.706242547849611 0.704042305079362 0.702860384580682 0.716342702173986 0.721039125329672 0.713789944262216 0.563324123135567 0.373016870163224 0.339838486889774 0.340593442039799 0.397215194717611 0.520397836277644 0.670989805966568 0.70291284570259 0.723508717612415 0.721309468166386 0.731716819120348 0.748912778508226 0.761573834202068 0.772628955362509 0.780049673532158 0.786813561931047 0.793146934331739 0.800152370597149 0.806758136647092 0.811919436376075 0.818232848773833 0.825458315923667 0.829627421719788 0.833573305509219 0.838385187162665
-9999 -9999 -9999 -9999 -9999 -9999 -9999 -9999 -9999 -9999 -9999 -9999 -9999 -9999 -9999 -9999 -9999 -9999 -9999 -9999 -9999 -9999 -9999 -9999 -9999 -9999 0.706640931003563 0.704917761070583 0.702961639553644 -9999 0.673853998809913 0.676037758220356 0.526561978114731 0.337114681535185 0.348911385116027 0.37878790363298 0.438430469562375 0.54501021800288 0.670741170626936 0.700245793983863 0.720165064382287 0.720794492228682 0.732307055421325 0.749680147388962 0.760413325972453 0.769851043319108 0.776602924477015 0.783568459955967 0.790674034159393 0.797421449849992 0.80387285735618 0.809483289648717 0.816060091373652 0.82340190667492 0.827312257271531 0.831035368509699 0.835993732711792
-9999 -9999 -9999 -9999 -9999 -9999 -9999 -9999 -9999 -9999 -9999 -9999 -9999 -9999 -9999 -9999 -9999 -9999 -9999 -9999 -9999 -9999 -9999 -9999 -9999 -9999 -9999 -9999 -9999 -9999 0.666316563445015 0.634297329848772 0.493542736950429 0.327532508027751 0.359261019954678 0.40363752803591 0.46883730530058 0.561339908208848 0.664730461380142 0.69430359919764 0.715692537605982 0.720611355539834 0.732716580803066 0.74869166025838 0.759761612412503 0.769248179973092 0.775187165442833 0.781813172290991 0.788889484085238 0.795182688590376 0.801336560491054 0.807258882925556 0.813545392335996 0.820120205547835 0.824109479419816 0.828114871076035 0.833703256880615
-9999 -9999 -9999 -9999 -9999 -9999 -9999 -9999 -9999 -9999 -9999 -9999 -9999 -9999 -9999 -9999 -9999 -9999 -9999 -9999 -9999 -9999 -9999 -9999 -9999 -9999 -9999 -9999 -9999 0.679886137500098 0.644287948087258 0.560289236131662 0.460597899131467 0.364563480358962 0.411768494526634 0.465087018241718 0.528470634751599 0.592026229640486 0.655191704816335 0.685423648309659 0.709313637872999 0.720440895243665 0.734006331252345 0.748884717583892 0.758979712122857 0.767802081250558 0.773842487767049 0.77998111831814 0.786184129352859 0.792787161344764 0.799236973653129 0.805094961452725 0.811135766051552 0.817321295150872 0.821572628101088 0.825574957621502 0.829678292515928
-9999 -9999 -9999 -9999 -9999 -9999 -9999 -9999 -9999 -9999 -9999 -9999 -9999 -9999 -9999 -9999 -9999 -9999 -9999 -9999 -9999 -9999 -9999 -9999 -9999 -9999 -9999 -9999 0.703861795425437 0.679122777955627 0.622554464102386 0.522709944280908 0.440136815941809 0.372725533460715 0.449062168546202 0.514864616546607 0.56332390515439 0.607947602872553 0.650681851060538 0.678313024017382 0.700694169924211 0.712510008989748 0.729396284710621 0.749012972116637 0.758369921254261 0.766506051648048 0.772441216232215 0.778166790531503 0.783754989859796 0.790767602783956 0.797469424894815 0.802806891658787 0.808366797104932 0.81410279319101 0.818843009396546 0.823221349477714 0.826682087086767
-9999 -9999 -9999 -9999 -9999 -9999 -9999 -9999 -9999 -9999 -9999 -9999 -9999 -9999 -9999 -9999 -9999 -9999 -9999 -9999 -9999 -9999 -9999 -9999 -9999 -9999 -9999 -9999 0.701497277940248 0.654402394791436 0.601264790660312 0.539911295273253 0.438448463905859 0.337475289902892 0.463477742500772 0.5470903408186 0.560913595785001 0.601665848016992 0.653734324762805 0.673863065004948 0.688705396346163 0.692909204953159 0.715914283691872 0.749043777969656 0.758018943858563 0.765435691912362 0.770954840389226 0.776379118902252 0.781741215341629 0.789313415720076 0.79620118598249 0.800332130991429 0.805057458422649 0.810253320834937 0.815823512332766 0.821147902200183 0.825232901403837
-9999 -9999 -9999 -9999 -9999 -9999 -9999 -9999 -9999 -9999 -9999 -9999 -9999 -9999 -9999 -9999 -9999 -9999 -9999 -9999 -9999 -9999 -9999 -9999 -9999 -9999 -9999 0.678893894310744 0.66300656039574 0.614339097340548 0.569797304763689 0.530864915650438 0.446082642618161 0.357157598909943 0.453823098873974 0.518805178075075 0.531624654508927 0.58388276050065 0.6527483298625 0.677270715590434 0.694117582109346 0.695518010955268 0.718286752148668 0.752562251771627 0.761040103282597 0.767864205645169 0.772688300101629 0.777326644966916 0.781843241132285 0.78832696910383 0.794298887040094 0.798125208332004 0.802360384732181 0.806919225869767 0.812409931792331 0.81818619338141 0.824600864205613
-9999 -9999 -9999 -9999 -9999 -9999 -9999 -9999 -9999 -9999 -9999 -9999 -9999 -9999 -9999 -9999 -9999 -9999 -9999 -9999 -9999 -9999 -9999 -9999 0.695785148373079 0.692149419507649 0.688513690642218 0.654925351783584 0.61322277662099 0.571153506792831 0.536603537616877 0.512277068195425 0.457303707408621 0.397851053381392 0.435585571087395 0.46836585011252 0.492989623997039 0.562641496797203 0.651178481522088 0.683704151881464 0.705789346980113 0.706863826581931 0.727008220262668 0.75742169327032 0.765371945147859 0.771685132084353 0.775764933206969 0.779460722062977 0.78290481187665 0.78767926973597 0.792316768359345 0.79616515614921 0.800037137931931 0.803927797586955 0.808979968208419 0.814961653440608 0.824119028207702
-9999 -9999 -9999 -9999 -9999 -9999 -9999 -9999 -9999 -9999 -9999 -9999 -9999 -9999 -9999 -9999 -9999 -9999 -9999 -9999 -9999 -9999 -9999 -9999 0.701235172839214 0.687321950364252 0.673408727889289 0.659525998238323 0.643323419331459 0.607437682235733 0.565510594813924 0.515369479727525 0.46621148320883 0.421528870697952 0.44177395791098 0.463622659029289 0.488111500420302 0.57056403551673 0.677000916341053 0.688256766500367 0.7012939323641 0.717915869662175 0.738568028515272 0.761390447007835 0.76922718267199 0.775894970691692 0.780881057729122 0.784566531068252 0.787399523247854 0.791235539644966 0.794957735082037 0.798051562774452 0.801323517772864 0.804736484896489 0.809327376285532 0.814105043068549 0.818966970687029
-9999 -9999 -9999 -9999 -9999 -9999 -9999 -9999 -9999 -9999 -9999 -9999 -9999 -9999 -9999 -9999 -9999 -9999 -9999 -9999 -9999 -9999 -9999 -9999 0.708489743232191 0.686035418235898 0.663581093239605 0.664252804221765 0.665727766863082 0.621309103895772 0.570528127999212 0.511096732644938 0.456253848896395 0.408109387034866 0.440102482572267 0.469262829383686 0.493759426417629 0.581184578423451 0.694446335331561 0.690068146944998 0.696513457871999 0.72474029301877 0.745483274735641 0.762196228617851 0.771111060098139 0.7786905436439 0.783580161665553 0.78680602673125 0.788941392711079 0.791173989027878 0.793462322174789 0.795901041574995 0.798709555721716 0.801810812987223 0.806101099328683 0.81021035607939 0.812871250365612
-9999 -9999 -9999 -9999 -9999 -9999 -9999 -9999 -9999 -9999 -9999 -9999 -9999 -9999 -9999 -9999 -9999 -9999 -9999 -9999 -9999 -9999 -9999 -9999 0.719044867990535 0.691225338132764 0.663405808274993 0.669210358770264 0.674055420489678 0.594187103754984 0.531851194010918 0.493352947748484 0.411790962722206 0.326838120343963 0.424055145702351 0.493894397191819 0.518659729622432 0.596739830591584 0.696570007310743 0.686865749526835 0.691211602569123 0.723832306506232 0.743903514393581 0.757216864331783 0.769389276354728 0.778899393469585 0.781858481555021 0.783802971969982 0.785082449091824 0.784495364745399 0.784401379545435 0.786366890202262 0.788961782185442 0.792054915569074 0.79633847349656 0.800758959841802 0.80504954993468
-9999 -9999 -9999 -9999 -9999 -9999 -9999 -9999 -9999 -9999 -9999 -9999 -9999 -9999 -9999 -9999 -9999 -9999 -9999 -9999 -9999 -9999 -9999 -9999 0.715115318562897 0.699482095726678 0.683848872890459 0.688438302548723 0.691784805273397 0.638552185623944 0.597252817802234 0.572178309548486 0.464521742517253 0.342528955185177 0.446820953073787 0.523720315749735 0.555521292110717 0.584826897529943 0.61297428193595 0.636323125560855 0.659504281622887 0.6823479783655 0.702612581024381 0.721488350905735 0.743899678316382 0.76171259756339 0.767756201249671 0.77197423677305 0.77499571219073 0.772431199334369 0.770588505327106 0.772523552962207 0.775499159208112 0.779298509911933 0.782849937380976 0.786903821779928 0.793187899300334
-9999 -9999 -9999 -9999 -9999 -9999 -9999 -9999 -9999 -9999 -9999 -9999 -9999 -9999 -9999 -9999 -9999 -9999 -9999 -9999 -9999 -9999 -9999 -9999 0.704100021295053 0.709239117552227 0.714378213809401 0.714647168256579 0.714113416479844 0.717887984158622 0.713568559959592 0.698244266052176 0.564798625171122 0.405652614036886 0.488573735882056 0.556087255191791 0.598234174832088 0.559476821756828 0.487445543304117 0.562622168607262 0.614879689031484 0.621014137466402 0.641895366131954 0.670717682281081 0.706783119488698 0.736016037641037 0.747597463618151 0.755828073011112 0.761862405361347 0.757732484748811 0.75445103695077 0.756572208040352 0.76021927157811 0.765074287685295 0.767538725766803 0.770894420272455 0.779349948194135
-9999 -9999 -9999 -9999 -9999 -9999 -9999 -9999 -9999 -9999 -9999 -9999 -9999 -9999 -9999 -9999 -9999 -9999 -9999 -9999 -9999 -9999 -9999 -9999 -9999 -9999 -9999 0.725683467551987 0.736070604353891 0.7285726172656 0.721865546136786 0.716233831545975 0.605260875852005 0.466873169692904 0.47375112779586 0.488102945051684 0.514759492565217 0.530438575720229 0.54169825625543 0.579681478429679 0.60165392859383 0.591405836379596 0.621289597985402 0.672784216814195 0.687600505976068 0.701263224520863 0.715071822724335 0.72624860603483 0.735700378594964 0.737583624843762 0.738977859408623 0.740848157395049 0.744683792640112 0.750075261125058 0.751940778661657 0.754089670946505 0.759481912842644
-9999 -9999 -9999 -9999 -9999 -9999 -9999 -9999 -9999 -9999 -9999 -9999 -9999 -9999 -9999 -9999 -9999 -9999 -9999 -9999 -9999 -9999 -9999 -9999 -9999 -9999 -9999 0.757314910814051 0.753117358857531 0.739428441037217 0.731939260990435 0.732879457628716 0.640371319769223 0.520411657766934 0.480119694254295 0.464324604086908 0.488860407572365 0.530216898296258 0.578348481607081 0.585763576713944 0.584584771412293 0.566111351451616 0.602103143367239 0.667424253653166 0.669341018009975 0.673433684631536 0.688187000721082 0.700973535880515 0.71247095368709 0.719104559576265 0.723883025219916 0.724091213406759 0.726514945934682 0.730692584829127 0.734062710310496 0.737479225728615 0.741561736717492
-9999 -9999 -9999 -9999 -9999 -9999 -9999 -9999 -9999 -9999 -9999 -9999 -9999 -9999 -9999 -9999 -9999 -9999 -9999 -9999 -9999 -9999 -9999 -9999 -9999 -9999 0.759737164911354 0.759784516749925 0.759117660140678 0.752304491330825 0.748585365346782 0.749073006392436 0.664857145027666 0.556700138842412 0.535545093958254 0.542460809801131 0.595591356805545 0.594960367723904 0.571087464901677 0.564970396470125 0.558114921946614 0.549773457568059 0.585156931044456 0.644086124419682 0.652732779064608 0.661406788381643 0.674296355596043 0.685709230503419 0.696154214351515 0.704514638243831 0.709624170330838 0.705003411589661 0.702423449210445 0.701459056271953 0.71105802908775 0.721325174578455 0.728170546467215
-9999 -9999 -9999 -9999 -9999 -9999 -9999 -9999 -9999 -9999 -9999 -9999 -9999 -9999 -9999 -9999 -9999 -9999 -9999 -9999 -9999 -9999 -9999 -9999 -9999 -9999 0.759737164911354 0.753544186973834 0.7461997092416 0.743228234194911 0.742129262599345 0.743576211091075 0.690198426945822 0.61841472203261 0.557232564113594 0.538936557491598 0.591246982260367 0.575091242387614 0.529620388936902 0.526852391960926 0.527061768121585 0.53326289641417 0.575053792057385 0.636009647890648 0.648463160299273 0.659278402112654 0.670004943353666 0.679533620686208 0.688277163727926 0.689356310316926 0.689156522789216 0.68695867669781 0.685354660010644 0.684220740515133 0.690610009175649 0.698811315073895 0.710119727362947
-9999 -9999 -9999 -9999 -9999 -9999 -9999 -9999 -9999 -9999 -9999 -9999 -9999 -9999 -9999 -9999 -9999 -9999 -9999 -9999 -9999 -9999 -9999 -9999 -9999 -9999 -9999 0.742090996022402 0.721959261189009 0.72101361015334 0.721846582657942 0.725097832894527 0.716051696203046 0.695346724149561 0.558728020355588 0.486538852464412 0.52042447722025 0.504581822475578 0.467681125326744 0.4783655504397 0.493265525238299 0.516648994599737 0.569046204689913 0.637067208567567 0.651578155636816 0.663074233895275 0.67145863303418 0.678797558276164 0.685451232546955 0.673857793350042 0.664972938042715 0.669538213127551 0.672488932763369 0.674161510938135 0.671692140682054 0.672491136079777 0.689280139300132
-9999 -9999 -9999 -9999 -9999 -9999 -9999 -9999 -9999 -9999 -9999 -9999 -9999 -9999 -9999 -9999 -9999 -9999 -9999 -9999 -9999 -9999 -9999 -9999 -9999 -9999 -9999 -9999 0.720592471662532 0.719761046033701 0.720702950557881 0.724055935742686 0.705511546740575 0.674622620244025 0.569533024458204 0.497964959292292 0.481585704039305 0.458297500755769 0.432886879063102 0.470944996842973 0.497270234506908 0.499983883625481 0.548843182244565 0.622551745173477 0.658518116056196 0.683167163657946 0.682680939488234 0.677693652187801 0.669756164130747 0.668411101378666 0.667765664280099 0.667571640125138 0.667862841639713 0.668538165636163 0.662721668989367 0.658071039990841 0.662064573578459
-9999 -9999 -9999 -9999 -9999 -9999 -9999 -9999 -9999 -9999 -9999 -9999 -9999 -9999 -9999 -9999 -9999 -9999 -9999 -9999 -9999 -9999 -9999 -9999 -9999 -9999 -9999 -9999 -9999 -9999 -9999 -9999 -9999 0.655471142372035 0.586047833155515 0.525352569425555 0.479026889493269 0.445388128593501 0.418330153534554 0.464663781266571 0.495090902047705 0.493507306482376 0.538568954628004 0.608748896747523 0.661035933706229 0.695748268843652 0.688069649837446 0.673275086262222 0.653816410133612 0.659745730513372 0.665034755845282 0.661509637063844 0.660665942412346 0.661944961698746 0.654582158960465 0.646217745598775 0.638764829829899
-9999 -9999 -9999 -9999 -9999 -9999 -9999 -9999 -9999 -9999 -9999 -9999 -9999 -9999 -9999 -9999 -9999 -9999 -9999 -9999 -9999 -9999 -9999 -9999 -9999 -9999 -9999 -9999 -9999 -9999 -9999 -9999 -9999 0.657224972670067 0.617105923471415 0.58702131827042 0.573457110919029 0.522578140914954 0.456306514078095 0.454672947907498 0.469085938275524 0.515791484845948 0.55870757941893 0.599583067882928 0.650429442622577 0.684382835411786 0.675348665939787 0.659564552909083 0.639356220973714 0.64030222551809 0.642167204349768 0.64128437339866 0.64482478729367 0.651866804452693 0.647110240691783 0.639601323416954 0.627590720365474
