layers/veg/veg_4900.asc
NCOLS 255 
NROWS 330 
XLLCORNER -2985163.8955 
YLLCORNER -3022031.214 
CELLSIZE 25000 
NODATA_value -9999 
[rows 175 to 199 of 330, columns 57 to 113 of 255]
-9999 -9999 -9999 -9999 -9999 -9999 -9999 -9999 -9999 -9999 -9999 -9999 -9999 -9999 -9999 -9999 -9999 -9999 -9999 -9999 -9999 -9999 0.185965563547488 0.191374793902256 0.205710381382845 0.180440419551268 0.125933430991729 0.0654572739937304 0.0150397439564109 0.0048128846324412 0 0 0 0 0 0 0 0 0.00156393641638529 0.0146486301499662 0.0626657757660554 0.155586699046661 0.213552996970632 0.255936586609358 0.244512165152249 0.251129057831371 0.28577150781561 0.303827280979824 0.314672003912434 0.310590831179582 0.309285814053637 0.313234828437925 0.315278067084669 0.316355822484025 0.325129033566331 0.334279524451492 0.343977437239148
-9999 -9999 -9999 -9999 -9999 -9999 -9999 -9999 -9999 -9999 -9999 -9999 -9999 -9999 -9999 -9999 -9999 -9999 -9999 -9999 -9999 -9999 0.158797699453529 0.149644866100815 0.163894432703589 0.146442083914962 0.105587212911063 0.047530005627305 0.000108354522738723 3.46746473115589e-05 0 0 0 0 0 0 0 0.0011012118358538 0.00229742059165936 0.00218434003350112 0.0505332480349661 0.161177421389715 0.20732794205953 0.232663678554192 0.258606081446309 0.279197228545384 0.291475681527511 0.299557792347236 0.305664855955164 0.302703964771839 0.302493305226569 0.30748761461418 0.310956069874561 0.313651513615918 0.32094125701747 0.329509423070528 0.340864211018723
-9999 -9999 -9999 -9999 -9999 -9999 -9999 -9999 -9999 -9999 -9999 -9999 -9999 -9999 -9999 -9999 -9999 -9999 -9999 -9999 -9999 -9999 0.180063742954635 0.183587669335553 0.181747500397322 0.146276634190708 0.0859794087492859 0.0373229075991624 4.07714424652399e-05 1.3047313135924e-05 0 0 0 0 0 0 0 0.015094823499323 0.0314918140231581 0.0299417661476918 0.0669559495363366 0.153542366569244 0.206872413328919 0.247708539389205 0.26669747058295 0.282885635672066 0.29472306276223 0.301085385280528 0.30501773648149 0.302278848876041 0.300929862115551 0.302211341319345 0.30610223050518 0.311315070418793 0.317692142988539 0.32518010946491 0.335212180099408
-9999 -9999 -9999 -9999 -9999 -9999 -9999 -9999 -9999 -9999 -9999 -9999 -9999 -9999 -9999 -9999 -9999 -9999 -9999 -9999 -9999 -9999 0.228661447769047 0.217752881379541 0.203165734254923 0.153342703896269 0.077508357502656 0.032549186085536 0 0 0 0 0 0 0 0 0 0.0271152972760984 0.0564865838803069 0.0530066477166285 0.0812888579073507 0.150399589463904 0.207557061362267 0.257859481675173 0.270551503788991 0.283453170361689 0.296680500727594 0.302447859707321 0.305041872001394 0.303376583801745 0.301800531304783 0.300393362422481 0.303007137461173 0.307657959103998 0.313695054416431 0.321079888693991 0.331552371057572
-9999 -9999 -9999 -9999 -9999 -9999 -9999 -9999 -9999 -9999 -9999 -9999 -9999 -9999 -9999 -9999 -9999 -9999 -9999 -9999 -9999 -9999 0.249029992491059 0.252256302078849 0.230005381312598 0.171405471396932 0.0859725447512256 0.036037794517508 0 0 0 0 0 0 0 0 0 0.0361352949760788 0.0750951451752681 0.0689357544660361 0.0924438969893659 0.154088048992084 0.209975533030877 0.260568427318526 0.267961950267329 0.279274912499625 0.296676370803441 0.303559244673045 0.306086759574789 0.306790060313102 0.30637266290796 0.3038342808777 0.302586503364015 0.301992557786171 0.308560549276535 0.317328040722818 0.330922058394755
-9999 -9999 -9999 -9999 -9999 -9999 -9999 -9999 -9999 -9999 -9999 -9999 -9999 -9999 -9999 -9999 -9999 -9999 -9999 -9999 -9999 -9999 0.269886979859316 0.265896985994492 0.250810741578238 0.19123401172368 0.0988141693636675 0.0417095043896733 0 0 0 0 0 0 0 0 0 0.0222593227307695 0.0497348214104598 0.0750247412299112 0.107438803572644 0.149010565838409 0.187596734865077 0.225022924876892 0.260005285525006 0.287046009914047 0.301750117336363 0.306973890117439 0.308281384146395 0.308267071316769 0.306702322616135 0.302203286334283 0.301426733060049 0.302536023388364 0.305637835309805 0.311820604037389 0.325112820494554
-9999 -9999 -9999 -9999 -9999 -9999 -9999 -9999 -9999 -9999 -9999 -9999 -9999 -9999 -9999 -9999 -9999 -9999 -9999 -9999 -9999 -9999 0.281836906704619 0.271805905773057 0.269034794867757 0.211001337815105 0.112172923504691 0.0477989798492048 0.000240955473975298 7.71084202736021e-05 0 0 0 0 0 0 0 0 0.00813760384019469 0.0762209689045247 0.122633415268557 0.141189067658409 0.157076635192337 0.176462209771447 0.250736055245573 0.29956596241253 0.308871002060918 0.311295449763927 0.310862728983516 0.308949871506231 0.305397939822189 0.298743967492984 0.299996023258459 0.305253344453865 0.303440286088569 0.305617701250936 0.317421881806104
-9999 -9999 -9999 -9999 -9999 -9999 -9999 -9999 -9999 -9999 -9999 -9999 -9999 -9999 -9999 -9999 -9999 -9999 -9999 -9999 -9999 -9999 0.296416877277963 0.29525648775129 0.282151737840912 0.208165946173581 0.0892374463255196 0.0405055810144907 0.00759261055017446 0.00242971946483629 0 0 0 0 0 0 0 0 0.00522297497343828 0.0489210608991781 0.0984976541402687 0.155630750611524 0.178351246977623 0.194355918202766 0.265943208706324 0.311494018337953 0.316599498921491 0.315253956756982 0.311315412300989 0.309001749025543 0.30583766057432 0.301064094376422 0.299274894637492 0.298997601973165 0.296593452636933 0.299567611616093 0.315195554425937
-9999 -9999 -9999 -9999 -9999 -9999 -9999 -9999 -9999 -9999 -9999 -9999 -9999 -9999 -9999 -9999 -9999 -9999 -9999 -9999 -9999 -9999 0.304379214101765 0.303681511047958 0.284360178660259 0.205197491858351 0.0818595995907702 0.0381583159378678 0.00978630123687031 0.00313172477988205 0 0 0 0 0 0 0 0.000494960077708777 0.00360099404063335 0.0250385160297627 0.0753567129295307 0.162799455491033 0.198530706107926 0.220700220290652 0.282721146913414 0.320737570483331 0.32146515961422 0.31832049524871 0.313614162752884 0.30970029537914 0.305485006332787 0.300699259722089 0.296589875075875 0.292823141526016 0.290238655848981 0.293857506332301 0.311913555191089
-9999 -9999 -9999 -9999 -9999 -9999 -9999 -9999 -9999 -9999 -9999 -9999 -9999 -9999 -9999 -9999 -9999 -9999 -9999 -9999 -9999 -9999 0.293354754053009 0.284300186323284 0.266381309729025 0.201982791324119 0.103272754621282 0.0449643821650803 0.00243464616067106 0.000779113735319338 0 0 0 0 0 0 0 0.00190589489347011 0.00437119160064017 0.00748015455258198 0.0540567887107197 0.156508763368924 0.216683472154378 0.262683218628128 0.302405984507674 0.32501317115652 0.32103284633485 0.319736353915641 0.319329251079354 0.311595569191716 0.303665980337353 0.295365626467626 0.290270472518656 0.286799101875905 0.284794423719529 0.288776577200127 0.306677926170508
-9999 -9999 -9999 -9999 -9999 -9999 -9999 -9999 -9999 -9999 -9999 -9999 -9999 -9999 -9999 -9999 -9999 -9999 -9999 -9999 -9999 -9999 0.264002452809448 0.261378657335008 0.243893165288529 0.177665023925357 0.0754548001112765 0.0302671653548459 0 0 0 0 0 0 0 0.00787825118229703 0.0241734873114669 0.0331096358299214 0.0402090867762456 0.0472046315608913 0.100744603421262 0.21411491905367 0.27225560262532 0.31131474885005 0.335077538421314 0.346250439089624 0.337866080777216 0.332955454811843 0.329230800586567 0.317245963652714 0.304996734847506 0.292247129471297 0.285840187482409 0.282646496204839 0.281883068794462 0.286263660717993 0.302553191210549
-9999 -9999 -9999 -9999 -9999 -9999 -9999 -9999 -9999 -9999 -9999 -9999 -9999 -9999 -9999 -9999 -9999 -9999 -9999 -9999 -9999 -9999 0.250230354890907 0.236704203984291 0.219172262987586 0.142898119337142 0.023260169884887 0.00492264519651098 0 0 0 0 0 0 0 0.0196574011270933 0.0603164237502335 0.0790652192550625 0.093410675374038 0.1152925801811 0.181096397677237 0.303359458533218 0.346355849171694 0.363238285026129 0.374179436385552 0.375886239297608 0.363248313237433 0.352018905163302 0.34120526714876 0.324755697851874 0.307887096254175 0.290225452325996 0.282345294835824 0.279420526956507 0.280225862451805 0.285022290056986 0.298978513003804
-9999 -9999 -9999 -9999 -9999 -9999 -9999 -9999 -9999 -9999 -9999 -9999 -9999 -9999 -9999 -9999 -9999 -9999 -9999 -9999 -9999 0.354919927510432 0.30525993450464 0.258687020236511 0.230298176494717 0.144977376039953 0.0176291029456164 0.00189674236896925 0 0 0 0 0.0440449841786954 0.082358040505601 0.0517512714816825 0.0646255047059579 0.123954075692448 0.145205422678306 0.160591836123127 0.202243421348412 0.257155391190287 0.32911286830351 0.354204614613548 0.36367428533067 0.367335227537749 0.36839555241334 0.365416052390261 0.360520990347024 0.3547453510045 0.345567786106704 0.335544301145212 0.323919864616471 0.308032481577445 0.289985451230969 0.286104250131061 0.285257769791963 0.290884794626677
-9999 -9999 -9999 -9999 -9999 -9999 -9999 -9999 -9999 -9999 -9999 -9999 -9999 -9999 -9999 -9999 -9999 -9999 -9999 -9999 0.356073612934764 0.355501716559232 0.316092664685525 0.276033699301081 0.241349957847854 0.149106334122971 0.0143716997780737 0 0 0 0 0 0.0757767500256542 0.143097921606036 0.0989383919556574 0.106558500392746 0.169499063109848 0.196826697636274 0.218691252880717 0.265285306003873 0.307909995804804 0.345432283727667 0.357788371469147 0.361581743778039 0.360067317549906 0.360629070357279 0.364415980384124 0.364852743010403 0.363846166883475 0.360286194845405 0.355669351964821 0.349052321236334 0.330781847404454 0.306607633762554 0.29833050200316 0.292531458866917 0.291830770362226
-9999 -9999 -9999 -9999 -9999 -9999 -9999 -9999 -9999 -9999 -9999 -9999 -9999 -9999 -9999 -9999 -9999 -9999 -9999 -9999 0.356736315421947 0.357231187583444 0.319241009208471 0.281393658725054 0.251144302663028 0.156789700526589 0.0151122654682387 0 0 0 0 0 0.0780979190899683 0.152049304580848 0.134148246413252 0.14056394822959 0.172959248564111 0.21473298963626 0.255660481705319 0.273243749169314 0.30110275189058 0.342170656548758 0.353659815248654 0.355287629528941 0.353228465714315 0.353361070431653 0.356898390245037 0.359997112533118 0.362778233262977 0.360707550725003 0.357869633671128 0.3535796818998 0.345947133844216 0.3366211962404 0.324800624806418 0.315806918535305 0.313523812220894
-9999 -9999 -9999 -9999 -9999 -9999 -9999 -9999 -9999 -9999 -9999 -9999 -9999 -9999 -9999 -9999 -9999 -9999 -9999 -9999 0.338828460153668 0.342086574587596 0.301490350608686 0.261378584809701 0.230853561419642 0.144698032451837 0.0174757689805655 0.00183114969728248 0 0 0 0 0.0605398047229415 0.12530689288192 0.156410320873027 0.186008325524216 0.213997962366665 0.250947299063448 0.282552489924032 0.258443606450787 0.270061428903619 0.32760399963882 0.346141532510781 0.351515602627033 0.350020776640045 0.350760461462584 0.354971257661404 0.358577587803652 0.3617878587721 0.359774200286549 0.357372068609493 0.354234729444797 0.351599497080326 0.349218636567939 0.33241391205652 0.319615628502064 0.316800322931152
-9999 -9999 -9999 -9999 -9999 -9999 -9999 -9999 -9999 -9999 -9999 -9999 -9999 -9999 -9999 -9999 -9999 -9999 -9999 -9999 0.329547133347286 0.317864867127121 0.271088203446612 0.22600239810945 0.192350414544749 0.120635285132168 0.0208217394160182 0.00477081013619981 0 0 0 0 0.0309475026254696 0.0769567694463325 0.170834285084793 0.238377410392217 0.277785336418424 0.298244609517918 0.303344119072684 0.229866252096183 0.224349684920698 0.306193693129973 0.336571233893869 0.349270354731696 0.349011260075386 0.350985319476598 0.356428382661993 0.35923815523514 0.360844435728405 0.358020760421465 0.355241326246195 0.352545620914969 0.351493086158733 0.351272996496377 0.32861196395206 0.311639883499906 0.308928142394616
-9999 -9999 -9999 -9999 -9999 -9999 -9999 -9999 -9999 -9999 -9999 -9999 -9999 -9999 -9999 -9999 -9999 -9999 -9999 -9999 0.322192957693718 0.322634432160679 0.265078257136022 0.202976680035893 0.138582216872225 0.0747765506015698 0.0114055373226615 0.00217838687077159 0 0 0.0171731807454364 0.0496128786818705 0.0566304185339923 0.0721439417813693 0.153605347269715 0.217826930351289 0.263629790504784 0.288823539996799 0.301125900371598 0.256063586571617 0.244729909130103 0.276752569602169 0.31225260403702 0.346143106338161 0.345618503419689 0.346583965938663 0.349864110968578 0.35213046011259 0.353814689275427 0.349622025036985 0.345938925355759 0.343220205420914 0.338545360356351 0.332879524586359 0.319654406602876 0.309114115387314 0.305172332960578
-9999 -9999 -9999 -9999 -9999 -9999 -9999 -9999 -9999 -9999 -9999 -9999 -9999 -9999 -9999 -9999 -9999 -9999 -9999 -9999 0.325292012131025 0.326880819261488 0.26308644653885 0.189178827331094 0.0982838542991106 0.0392677684940113 0.00378484645250152 0 0 0 0.0329969831658359 0.0953274379942326 0.0834748015538339 0.073316335393501 0.139083801951346 0.195975115682393 0.243383303907468 0.274314532322146 0.296421215390104 0.283582854885757 0.272762162243154 0.264535072516523 0.298145865652304 0.341773912925109 0.341139471407746 0.341511670436683 0.34344759492946 0.344839152092141 0.345672079784082 0.33470861560175 0.326580680977501 0.323819146424385 0.316355040658239 0.306508569728981 0.301508103947234 0.296610285597045 0.291742039646635
-9999 -9999 -9999 -9999 -9999 -9999 -9999 -9999 -9999 -9999 -9999 -9999 -9999 -9999 -9999 -9999 -9999 -9999 -9999 -9999 0.323596184257802 0.322455175438637 0.268211449306361 0.199568268471938 0.0992712335342091 0.0372901982182932 0.00359423720400894 0 0 0 0.04187505134511 0.120975949241909 0.103714716894111 0.0837957041828964 0.137994663009831 0.183496647349559 0.219706937168726 0.255433589306449 0.288734309149989 0.305046731896555 0.310819910090212 0.303045459398626 0.315909444190008 0.334009306222872 0.333980113769255 0.335350388436805 0.338894609287252 0.338417696693884 0.335438176582529 0.302347009372924 0.279735711898781 0.276958160658568 0.270023442527778 0.260982666002824 0.257994177321884 0.254575325729438 0.249888834749169
-9999 -9999 -9999 -9999 -9999 -9999 -9999 -9999 -9999 -9999 -9999 -9999 -9999 -9999 -9999 -9999 -9999 -9999 -9999 -9999 0.339788586164334 0.308517311633087 0.247668791923441 0.182612164133819 0.110929892403022 0.0529569419790451 0.00510428531265498 0.00789656594538106 0.0129993880301128 0.00415994813891767 0.0520971604018647 0.150507360110008 0.114703884964313 0.0746120562547755 0.134793160751593 0.176401624573447 0.198167405880161 0.232780244925951 0.268500476302604 0.288939753213258 0.298051332036842 0.292601767598472 0.296803334877549 0.303694746126125 0.305146660092483 0.307784727643454 0.312265378002263 0.309836505976129 0.304048075880342 0.279552668284359 0.261882431101992 0.257129214970843 0.251410658430256 0.245203051696103 0.237280984016336 0.230558973563223 0.226714164919708
-9999 -9999 -9999 -9999 -9999 -9999 -9999 -9999 -9999 -9999 -9999 -9999 -9999 -9999 -9999 -9999 -9999 -9999 -9999 0.359215060314921 0.330938343771454 0.28542061579783 0.208308633790084 0.145608466070532 0.130411890498656 0.0815591029409117 0.0078611210484801 0.0215822702357546 0.0355289004493698 0.0113696416292656 0.0633046140545967 0.18288540624182 0.118911135918716 0.0510130377915441 0.130043040580203 0.173253318802696 0.178194433539767 0.207361273873718 0.239068228038142 0.245288791125366 0.24802090696789 0.246268812540912 0.250667283033409 0.256848341582451 0.260423471392141 0.264527067203532 0.269451587372355 0.26500954787793 0.257147922449883 0.263772290210007 0.265283565892927 0.257118025614399 0.253119119074528 0.251231066919789 0.233283487188043 0.219752441145111 0.217233121451176
-9999 -9999 -9999 -9999 -9999 -9999 -9999 -9999 -9999 -9999 -9999 -9999 -9999 -9999 -9999 -9999 -9999 -9999 -9999 -9999 0.333548505965302 0.292232420446309 0.184588815623344 0.0996832542412463 0.0928028956770613 0.0591377854853638 0.00570002946913601 0.0203422973631442 0.0405491350096412 0.0511875811859568 0.0977473584133749 0.176240277563899 0.141259326237497 0.103676134649424 0.156033526002043 0.180552282204587 0.175328730428149 0.18932102969812 0.20776177765547 0.22391407915466 0.23492120896047 0.239314498817618 0.243534784682999 0.247734213016811 0.252375497901917 0.255765972749118 0.257213426809118 0.249580389142315 0.238972463313077 0.254357028888632 0.262958217293524 0.258721480723387 0.255276347482483 0.252232247656946 0.234087116062094 0.220398431851957 0.217773126389968
-9999 -9999 -9999 -9999 -9999 -9999 -9999 -9999 -9999 -9999 -9999 -9999 -9999 -9999 -9999 -9999 -9999 -9999 -9999 -9999 0.292960227867744 0.296140188103732 0.16618898820032 0.0612198710558867 0.0532272604739003 0.036002844525786 0.0119634608540977 0.0267356950272621 0.0500148668693827 0.087744104917387 0.1269429500629 0.16744823822271 0.16064028547124 0.151949545265527 0.176735473035264 0.184577822603729 0.174317951340909 0.17677256687567 0.18474729346818 0.210189280270164 0.228488073481145 0.237604677651863 0.240711644627016 0.242106202430447 0.246416179487974 0.248584132624149 0.247424644438505 0.238643066026115 0.227597098898844 0.246541058340874 0.25862076797802 0.257709496605574 0.255047183637364 0.251497777139269 0.235748617280834 0.223267160524798 0.218946831109144
-9999 -9999 -9999 -9999 -9999 -9999 -9999 -9999 -9999 -9999 -9999 -9999 -9999 -9999 -9999 -9999 -9999 -9999 -9999 -9999 0.289814267388814 0.287930097456943 0.160663805716786 0.0541840314559623 0.0311220121730587 0.0323378945059944 0.051475852678517 0.0677915803586104 0.0834871566942045 0.0981261602136026 0.126690053017623 0.16763281522258 0.161201397071497 0.150967848361175 0.164584379839731 0.171985799625708 0.172747103433011 0.181312653241095 0.193173439455988 0.215070315643672 0.230679438567234 0.238205994726482 0.236907977271447 0.233007584441359 0.232282316824822 0.232290039245643 0.233436395700598 0.231560944077861 0.228894741235222 0.241874812226741 0.249332080205587 0.246337131103653 0.245808802458319 0.246530086074068 0.238498812525129 0.229384363362629 0.218119652842325
