layers/veg/veg_2200.asc
NCOLS 255 
NROWS 330 
XLLCORNER -2985163.8955 
YLLCORNER -3022031.214 
CELLSIZE 25000 
NODATA_value -9999 
[rows 75 to 99 of 330, columns 171 to 227 of 255]
0.833208904801395 0.834466839920553 0.834102993518479 0.831805260202914 0.816501726705794 0.799557523485616 0.803828949859825 0.802879062006359 0.794421578482394 0.777670530952842 0.758665354585627 0.757006152377686 0.754268646015355 0.749649307204609 0.744923534560911 0.740151423607191 0.745144030156811 0.748525856441103 0.748458795054597 -9999 -9999 -9999 -9999 -9999 -9999 -9999 -9999 -9999 -9999 -9999 -9999 -9999 -9999 -9999 -9999 -9999 -9999 -9999 -9999 -9999 -9999 -9999 -9999 -9999 -9999 -9999 -9999 -9999 -9999 -9999 -9999 -9999 -9999 -9999 -9999 -9999 -9999
0.829432194960157 0.82883787126553 0.826615535031527 0.82245188173127 0.800707999842671 0.777196461391617 0.786795769744282 0.788801030440715 0.7798870020809 0.758977051821241 0.735013940893287 0.740414139440633 0.742953808584855 0.740501345380768 0.733464139980648 0.724299113774606 0.736220557274554 0.741864190084375 0.734066222972204 -9999 -9999 -9999 0.717354276757287 0.716773382643819 -9999 -9999 -9999 -9999 -9999 -9999 -9999 -9999 -9999 -9999 -9999 -9999 -9999 -9999 -9999 -9999 -9999 -9999 -9999 -9999 -9999 -9999 -9999 -9999 -9999 -9999 -9999 -9999 -9999 -9999 -9999 -9999 -9999
0.818848467209951 0.820365850049062 0.816698070956186 0.806847266176233 0.793123845300951 0.779426253171616 0.777112233562725 0.772069748188598 0.763104070898994 0.739836464857394 0.71314791878152 0.725986455974193 0.733311663898476 0.731015132099488 0.727053369708698 0.722320421935102 0.730290485219828 0.73487290837126 0.732201958396443 0.731230758712829 -9999 0.717512534790477 0.717354276757287 0.716773382643819 0.716535486726831 -9999 -9999 -9999 -9999 -9999 -9999 -9999 -9999 -9999 -9999 -9999 -9999 -9999 -9999 -9999 -9999 -9999 -9999 -9999 -9999 -9999 -9999 -9999 -9999 -9999 -9999 -9999 -9999 -9999 -9999 -9999 -9999
0.811258688071967 0.8089979290398 0.801460819581822 0.78763194708062 0.779422767756832 0.773078442336905 0.768952959024521 0.760499255441365 0.745822113400209 0.724058480907828 0.70151091435876 0.717338256693351 0.726015369404728 0.722214060268418 0.72016441631611 0.718933116111794 0.725959963627553 0.730409340506266 0.729340021326119 0.719966880639412 0.705849120191969 0.708123661572426 0.710556737929898 0.711322156155635 0.713738265470888 0.717299257396126 0.72686941967646 0.735681585100123 0.739838737506201 -9999 -9999 -9999 -9999 -9999 -9999 -9999 -9999 -9999 -9999 -9999 -9999 -9999 -9999 -9999 -9999 -9999 -9999 -9999 -9999 -9999 -9999 -9999 -9999 -9999 -9999 -9999 -9999
0.807398168429386 0.794022878049774 0.779597246293508 0.76391913914742 0.758102456837688 0.756046377982236 0.762692303314894 0.755357037109497 0.727918569203816 0.712468952020278 0.702615164475123 0.71588897732372 0.721641063641833 0.714266399965009 0.712679838490992 0.71379124207278 0.723621840544096 0.72909429056549 0.725235384361595 0.716784699643554 0.70571037434534 0.698994639507756 0.695292191314222 0.699080887226619 0.706597843445027 0.716700638053763 0.72686941967646 0.735681585100123 0.739838737506201 0.74173212199181 -9999 -9999 -9999 -9999 -9999 -9999 -9999 -9999 -9999 -9999 -9999 -9999 -9999 -9999 -9999 -9999 -9999 -9999 -9999 -9999 -9999 -9999 -9999 -9999 -9999 -9999 -9999
0.800904104906403 0.768731107118594 0.730795400584591 0.685987974965976 0.711388396367503 0.750593797857735 0.724013977554765 0.700427527962322 0.681145170406216 0.688048075169214 0.704502340714093 0.716393910922641 0.722363006010081 0.717996329124033 0.718293345191362 0.720760509636486 0.719020244095503 0.717309157285538 0.71566054589064 0.709326204112046 0.70031453973513 0.691245934032715 0.685401803519076 0.688176060595236 0.696860457740577 0.709643996530739 0.721032230935941 0.731203391101781 0.737698605229762 0.738446061833427 0.734386172761247 0.737612235858238 0.740799901957754 0.738546802392548 0.732492487988454 0.722616063419853 0.749841193924169 -9999 -9999 -9999 -9999 -9999 -9999 -9999 -9999 -9999 -9999 -9999 -9999 -9999 -9999 -9999 -9999 -9999 -9999 -9999 -9999
0.792104054103283 0.741349914367634 0.678863987701354 0.602388538451428 0.662650904504294 0.747400847201054 0.680394461776308 0.638892164570339 0.634061550764774 0.664653025283564 0.706914282213451 0.717208348622949 0.7238532135124 0.724129573000777 0.726605502671847 0.730099138637853 0.713971450688224 0.70347584602915 0.705039255898508 0.700473204012544 0.692404913386983 0.68350808183953 0.677233253759484 0.678066308812667 0.686914061534692 0.701320630223926 0.713037226235668 0.724057157318579 0.733623416499354 0.73597152543141 0.732282472350457 0.73245248154647 0.733569751074722 0.736195294824566 0.732468429245627 0.722354235064196 0.74956609400627 0.780328175349644 0.780060797959728 -9999 -9999 -9999 -9999 -9999 -9999 -9999 -9999 -9999 -9999 -9999 -9999 -9999 -9999 -9999 -9999 -9999 -9999
0.76648804746544 0.726489336732365 0.685887004765407 0.644564887063053 0.679949672767876 0.729189085789053 0.694455252703078 0.677038681056261 0.684522161644652 0.697749695027257 0.712510287917323 0.714677065832062 0.716179562889297 0.716522771755511 0.719539993335748 0.723796943137414 0.711796321144422 0.703165556472302 0.701750089638427 0.690844281315164 0.674515901982745 0.67106155498571 0.669693540935844 0.672254947994754 0.683697584377767 0.701300043802791 0.701112030017293 0.702463963235689 0.715192936560662 0.716314673186247 0.707728276001515 0.669041462509029 0.644714505730612 0.707296343023715 0.732172758307195 0.719136484403614 0.746185241919708 0.777581273251445 0.779089196157619 0.779914465333942 -9999 -9999 -9999 -9999 -9999 -9999 -9999 -9999 -9999 -9999 -9999 -9999 -9999 -9999 -9999 -9999 -9999
0.740453008131684 0.708906437228204 0.686631163607315 0.675411411492351 0.690967457942535 0.711448111542888 0.703487495437423 0.703226567606543 0.714036826805178 0.714902832657215 0.712025276991335 0.708482345540724 0.706699403400236 0.707987955493702 0.711661366961506 0.716440745457099 0.707619214309169 0.700578109956781 0.697349128310435 0.683205554671202 0.662825624818281 0.663324856823041 0.665090785121441 0.667576103555579 0.679447639644203 0.697829247444241 0.693188128948812 0.691020031957734 0.705214603360812 0.705211759487211 0.693334391914621 0.626529385296399 0.582325888106811 0.680369846688164 0.716462115355785 0.690262144893632 0.72650076945795 0.768959094528721 0.76131660447605 0.765682775441855 0.78456637648105 0.806445365440059 -9999 -9999 -9999 -9999 -9999 -9999 -9999 -9999 -9999 -9999 -9999 -9999 -9999 -9999 -9999
0.713787838810712 0.687229784035662 0.677933345988082 0.689220454033439 0.692540071339101 0.694415094250161 0.704957943974993 0.7114313912551 0.712053547683259 0.708080519719674 0.70239579841732 0.696778647434894 0.694502664943192 0.698057615454834 0.702559997269502 0.707499567925305 0.700431588396587 0.694566336654219 0.691276279755587 0.678559630798796 0.660456835846432 0.662670671127531 0.664904545489996 0.664600306487691 0.673643594437791 0.689170119089253 0.691281266851868 0.694838286432622 0.707946378867162 0.70697202624951 0.694219309454075 0.615444569186228 0.559737066417186 0.656409475309587 0.677570856160744 0.622806123902954 0.682299355481078 0.751501834390108 0.718279140527372 0.723997405277233 0.776791912980349 0.806445365440059 0.827194156512349 -9999 -9999 -9999 -9999 -9999 -9999 -9999 -9999 -9999 -9999 -9999 -9999 -9999 -9999
0.693630867797909 0.653392970106774 0.637380321679799 0.650254975219634 0.66146597839017 0.67258997040872 0.687637918390724 0.695462966462786 0.692902389435921 0.689787511746918 0.686467274006274 0.683178189400772 0.68307431287253 0.688529190699764 0.690944507509869 0.691941935252823 0.685082190707247 0.679460083042078 0.67648791507982 0.669316761693145 0.659746401001259 0.659783799058414 0.660194529451167 0.660376678389774 0.665860873472023 0.675022449783103 0.681473508704819 0.687513156855202 0.693080231362669 0.691117911234854 0.682858108551709 0.597517279674483 0.535355655251695 0.63407579856679 0.672065783986321 0.648991777071059 0.684543868296956 0.724755460353999 0.710341412320989 0.724490507947667 0.773169967960321 0.786040397568988 0.789669507101269 0.807776400848708 -9999 -9999 -9999 -9999 -9999 -9999 -9999 -9999 -9999 -9999 -9999 -9999 -9999
0.677777464874175 0.619113452119272 0.589744298292184 0.595307682276992 0.619918970170639 0.648634356047494 0.66303497082688 0.670130894046971 0.666723586024205 0.666916251056965 0.668422047794079 0.669300605774208 0.67236580521847 0.679247082754899 0.678492402746478 0.674181159596236 0.666642752468264 0.660659809765372 0.658007316406501 0.657916953406705 0.659290534968055 0.65584390512892 0.653714205531818 0.655716310251624 0.657496362870438 0.659122405092909 0.668735294306246 0.675847379708027 0.671673255653666 0.668333638577832 0.665691991709981 0.57731310625422 0.512004651070459 0.613341484390396 0.678980231678369 0.708724660107969 0.703549365522303 0.694990863725151 0.715063981279987 0.739703359568752 0.76986295121017 0.758062127218355 0.740282585048549 0.789257087085008 0.817163664686702 0.814347893532616 -9999 -9999 -9999 -9999 -9999 -9999 -9999 -9999 -9999 -9999 -9999
0.709268964921324 0.703100877123335 0.690768217390827 0.67108463841589 0.643283264176799 0.618067354664757 0.641647208785029 0.649086353377133 0.633317179969494 0.642406177160116 0.660289378612848 0.668209392723633 0.673008096709969 0.67235955962815 0.670220261098354 0.667382555330273 0.651595421394809 0.63881415308425 0.632468829586868 0.637094756458468 0.647989412885432 0.647180197628356 0.647546601196655 0.652545522850599 0.654506960372417 0.654361666487576 0.660935431620644 0.665499833966992 0.660892140526526 0.645758988009525 0.621822485670648 0.56848688634112 0.535898170321208 0.618689436543836 0.6660208097063 0.677697366331943 0.680848776665751 0.682653267911563 0.688100713278898 0.703404803857873 0.730624723970049 0.742699937677055 0.752914187973814 0.790269991590529 0.812706234622866 0.813385994477396 -9999 -9999 -9999 -9999 -9999 -9999 -9999 -9999 -9999 -9999 -9999
0.738321508247807 0.74709153235764 0.741754559607891 0.719595754658033 0.661522177285461 0.601300286967177 0.623129768469531 0.628346922039472 0.60967762943438 0.624992080282896 0.652156695016965 0.662144381176705 0.667349370661898 0.66420770419065 0.661583585264702 0.659193964076548 0.637136325795798 0.6200163737766 0.613468642957459 0.621657830395005 0.638267366646379 0.636999814834191 0.636786751226834 0.64167018770847 0.643192669610988 0.642384068202392 0.648522306260244 0.65328661708442 0.650970256929441 0.632532496109315 0.60061101656092 0.5654226653199 0.548671510728469 0.617931877054722 0.650268618596437 0.645478765725322 0.647819836512499 0.652228340569045 0.659634057583707 0.674624256470658 0.698783436400078 0.728561671669247 0.759552244963427 0.785830001609571 0.797327271970928 0.787270864568377 -9999 -9999 -9999 -9999 -9999 -9999 -9999 -9999 -9999 -9999 -9999
0.76291314585191 0.717927212093314 0.70122106830204 0.718237047384958 0.670386655505104 0.609773602841364 0.609862210001324 0.608165542410697 0.603901873409367 0.620556682135551 0.644023985056364 0.646982182301141 0.65016594433485 0.653743357025753 0.652280168352604 0.648463055915271 0.623753125874565 0.6067932295173 0.606427151817008 0.616070683748653 0.631433485009412 0.624045399422357 0.617627582541501 0.616703064542631 0.61665197430629 0.617206674131303 0.627671421553615 0.637661046468454 0.642619926782561 0.636403992928157 0.620841597546087 0.572897267563283 0.541105798369254 0.606007201891297 0.629408391037014 0.611081238607758 0.595900113668524 0.588721284283332 0.628417672583873 0.659594312391716 0.680471314896509 0.716661988842536 0.755227974030148 0.771416547150074 0.781862300398446 0.783933573498961 0.784503545738824 -9999 -9999 -9999 -9999 -9999 -9999 -9999 -9999 -9999 -9999
0.753149485508505 0.684923754580401 0.667151349092548 0.709541810509784 0.66856144673127 0.609239913671231 0.608850130940346 0.606463013684021 0.601203979630148 0.613414541868116 0.63124734158681 0.630569390697601 0.630196678620276 0.630356662534504 0.626286666155551 0.620243912825234 0.604591388628499 0.595003604465067 0.598401208549605 0.60903152648224 0.623794456974082 0.606756059025749 0.595615633866441 0.604282682399487 0.608412239041456 0.609394692271995 0.616687782103316 0.624664743116546 0.632806427034749 0.625185734710974 0.604381606769506 0.561115733235358 0.533553087029103 0.593472631508323 0.612690551546883 0.590983109805021 0.578813882062284 0.576201645671368 0.621233161904785 0.650315840195604 0.660117756107733 0.697895008121794 0.74119646961122 0.755782534718018 0.767673750394567 0.775635195756208 0.771399448836206 -9999 -9999 -9999 -9999 -9999 -9999 -9999 -9999 -9999 -9999
0.726579580502256 0.65004223214741 0.636243638125928 0.697257621745518 0.661506957301624 0.604300093875028 0.61383330145319 0.613800141368516 0.600011743174013 0.604948292277602 0.616198935466013 0.613544822494363 0.608864610044564 0.600648493809012 0.592128552573923 0.583469712073258 0.582602852667927 0.5839152416915 0.589893681820759 0.60128206113551 0.615761559923817 0.587346119646113 0.572208135702919 0.598000031900264 0.609125137878788 0.610077684513864 0.610531093598968 0.612954649215979 0.622277160352414 0.60658572956715 0.569972980333012 0.539914302652333 0.526006735648559 0.580639706900794 0.597999124038022 0.577880093866032 0.578767822166879 0.588624506974871 0.62580478735813 0.64385092658897 0.63876554801219 0.675768618649712 0.7224162902948 0.739551438367688 0.754109612183235 0.764909907423041 0.765740609178526 0.762912916053532 -9999 -9999 -9999 -9999 -9999 -9999 -9999 -9999 -9999
0.715814616579814 0.656359662616906 0.648282765740848 0.70147142833755 0.661383229291964 0.59994196060632 0.596233351709516 0.590051110057181 0.580312094428786 0.576658516943011 0.575111008905367 0.570159153200495 0.563488575864409 0.553818523730563 0.554137043325571 0.559106939848111 0.565411395950078 0.564957359769218 0.550032522567787 0.555882767514263 0.573603434435968 0.576340981533811 0.578617683817557 0.581574952537458 0.585907595479099 0.591194167377338 0.596278690805425 0.599580978224206 0.596867112178071 0.582306450017497 0.557837289832704 0.526207417722143 0.506693497178355 0.547326034962383 0.562202354655901 0.551180874005203 0.554568448265144 0.567967404113264 0.624903800546314 0.658915523001309 0.665213302084969 0.692280773050457 0.723660475567315 0.735886058870376 0.74487386383179 0.749140171157593 0.748755349126334 0.745974039555909 0.729104356673258 0.722254731859022 0.733151068005831 0.736649858505121 -9999 -9999 -9999 -9999 -9999
0.702142816103011 0.658052180272094 0.653777989790522 0.696982760929097 0.655398935072528 0.594030864540197 0.581454690383253 0.569659546874823 0.558987427582065 0.548639116175898 0.538549802272189 0.531309483902605 0.523949246845369 0.516379730359251 0.523386528040311 0.537178002739388 0.543597094750561 0.540533767545656 0.517167361499014 0.519842631122868 0.537397537657421 0.561212128628324 0.576493893933768 0.568189819335821 0.567202080310526 0.571288788841854 0.580724055603358 0.585940833421085 0.57491356627378 0.562676950225356 0.549428851318481 0.514270898757089 0.488479640834024 0.521022610034446 0.535563565039652 0.532003548551949 0.539288323700925 0.556333229254825 0.620442412457793 0.663081681590219 0.679765685958225 0.700828834556657 0.721763571549178 0.728008053029753 0.731931347658034 0.732469766276139 0.732055847392045 0.730967074021275 0.722879695874767 0.721469631409565 0.731885381436058 0.728172097759145 0.717776255941855 0.714385219283782 0.713632099622882 0.718569628350959 -9999
0.681550226847556 0.648351135531066 0.643517632959099 0.672508563671361 0.63605517955876 0.584609592503875 0.573565626361962 0.55756721563072 0.534444934332289 0.521700497102783 0.512800091740858 0.503299861646355 0.498123180188504 0.500491859734442 0.509029596121721 0.520433019541076 0.511260735912289 0.503992131742177 0.500799550078359 0.505770168887177 0.515405059711322 0.536599041706472 0.554448194881605 0.561890313472751 0.559224758160959 0.549548745137028 0.562430373595961 0.571740367515346 0.561096313483351 0.553651157832094 0.548881516976485 0.506141693360814 0.473021130059203 0.510989695315308 0.530045542209201 0.530084707290966 0.544664072972 0.565800922139148 0.608095495259359 0.642198523596876 0.666398684462921 0.69052651051001 0.712318006278506 0.71034655358201 0.710540380231872 0.71389173041655 0.716269418187534 0.718128507960125 0.716660387608773 0.718916964067903 0.727770141438843 0.72541869059803 0.717767827140747 0.714385219283782 0.713632099622883 0.718569628350959 0.720381780915962
0.669809354474035 0.660512931241659 0.654470637035296 0.652308716020901 0.619712337927725 0.580372760609109 0.562075649283957 0.543803523576959 0.525567324058367 0.515799607214316 0.509008975371441 0.498435342757093 0.491138304053092 0.489559504229715 0.493866773304192 0.500911925526062 0.499397946735494 0.500990233270431 0.509233433287459 0.515194636037432 0.519851956072844 0.532930583486881 0.545930682267182 0.557646828062683 0.553068564855931 0.537188862133866 0.54123855262921 0.543993426734696 0.535472642965706 0.533519315757344 0.537058919272743 0.497640080535837 0.466706280608423 0.505321312436433 0.527543975943099 0.533284162074275 0.546960412138039 0.564954090528548 0.599239386988015 0.627317050708366 0.647890224621508 0.662136266589836 0.673952554211033 0.680146314703415 0.685074919150829 0.688158606916283 0.695847594166209 0.705022665271537 0.708337704117375 0.712317099226557 0.717473098326756 0.713981258372632 0.706399281153481 0.707770501248792 0.710379468801042 0.715620606721211 0.71717650242129
0.66336619873068 0.685759548234728 0.678119751522721 0.634667049263441 0.605165531076643 0.579238795098611 0.5484305403554 0.529039528861644 0.526065082671371 0.522489712863658 0.518359988491503 0.507423074301237 0.495429803979967 0.481593004412969 0.478221628054265 0.479729340453779 0.499788505911469 0.518061731474565 0.532511030077647 0.538681920065594 0.540122710656321 0.54179740054423 0.545509734333161 0.554633862549614 0.548002309773519 0.530442967242346 0.518312207257048 0.50813897571822 0.502782879353308 0.506740548020847 0.518488122206352 0.488915583376154 0.465863875351587 0.502265084151006 0.526847746688819 0.539546896268077 0.547413736853644 0.557934057868046 0.592472513692486 0.61602756199795 0.626304622825965 0.622920476033094 0.618278667263705 0.642441691162485 0.657170890153204 0.658143192501168 0.672651505159238 0.69175685860614 0.698756159089878 0.703295003106735 0.703476271138554 0.697346472389377 0.688231751134026 0.697196901314932 0.705180151632757 0.710906607614325 0.714347629543488
0.664667445462517 0.676427263128782 0.670874057374944 0.644676005822353 0.60937261032821 0.572511062472243 0.546468771105568 0.530785241658749 0.529996313982692 0.529606954048632 0.528835346613916 0.51710549404764 0.506492824419285 0.49782983762841 0.497934097831433 0.50211464970961 0.488206862199062 0.484284952746975 0.501744092255594 0.514200442052834 0.523798308571664 0.526730361016137 0.529840930936827 0.534278544972653 0.532984908272092 0.527716203587449 0.514525095587775 0.501748077998564 0.493109788985169 0.495578611746804 0.507337270681405 0.479060593654397 0.455354944305961 0.481327212874622 0.504460582266315 0.524739447016676 0.537941525991562 0.552141319571135 0.582958728263515 0.607243154325825 0.623629770769164 0.62112054044843 0.614282335731933 0.62070445335472 0.630434303593017 0.644987662445996 0.662617026880596 0.68074030493079 0.683809672133695 0.683645095262281 0.677753062032711 0.671252736097804 0.664464708154742 0.685688581937276 0.702417421134854 0.709181718766348 0.715500821574518
0.666294647541343 0.665092456829558 0.659494465731154 0.648654719975474 0.610306862061974 0.566203057520661 0.54445637739922 0.531592023352484 0.531499341316784 0.530517975889222 0.528847606077975 0.519807978578277 0.511021658485187 0.50267740484917 0.503819512540053 0.509364643701371 0.472238833168468 0.453497313248361 0.474118923480535 0.490079254059092 0.503376232645147 0.507773541229804 0.511589019505292 0.514985949679803 0.518131843055041 0.521103622892151 0.511182269101627 0.500252729606219 0.490314992367762 0.490375135592344 0.498797369111842 0.47140204776291 0.44698065159079 0.461942303095327 0.481730063585851 0.506370462243955 0.524168981175861 0.542024291657273 0.570113161803718 0.595473275217566 0.617534558312878 0.617805733159024 0.611658531843685 0.606160530438535 0.612320895577737 0.63548210026368 0.653530704474021 0.668987172052805 0.66989843109647 0.667048582314328 0.657537647120179 0.650503643996324 0.644641146505264 0.674074099137673 0.697026031635499 0.705645029287738 0.713308833873264
0.667535791522699 0.653937417748213 0.641658647641746 0.630953433671643 0.598842779241743 0.562022781100658 0.54033100781398 0.526965170565199 0.525570986165743 0.513842973221129 0.499143327533946 0.502695890199338 0.495969115167106 0.47130306841004 0.46472266373073 0.466555988447024 0.445911214340262 0.439719382245362 0.464473157434343 0.475063581311269 0.477561379827652 0.481875599137653 0.488618740300122 0.501616733934759 0.505420556774733 0.502847507332014 0.505865848931408 0.50760434161835 0.503049586801491 0.499353077685565 0.496374393519934 0.470132513430275 0.446260350840264 0.44995517006839 0.461688249301836 0.481503774956616 0.499934563122337 0.519497131828939 0.548328484256657 0.574855951445337 0.598598221116708 0.603906665382475 0.604193838896812 0.609223682853979 0.61834530230971 0.633433762698753 0.644900697170548 0.654776124802893 0.659813329933345 0.660860897054018 0.654842640814503 0.646432202326424 0.636890342023239 0.662317640226244 0.683805674811228 0.696491383279103 0.706960758988075
