layers/veg/veg_3900.asc
NCOLS 255 
NROWS 330 
XLLCORNER -2985163.8955 
YLLCORNER -3022031.214 
CELLSIZE 25000 
NODATA_value -9999 
[rows 175 to 199 of 330, columns 114 to 170 of 255]
0.446580171984389 0.440906645093972 0.44491712792474 0.448587929562758 0.449309610665364 0.448381849178836 0.446219414188447 0.451710199681277 0.457186354552678 0.459001743132526 0.461615551764752 0.464948885163288 0.480244547124013 0.501047515522287 0.538897511539168 0.5636102722895 0.574094979856171 0.58046825491549 0.585838375781034 0.591489824536687 0.603459888700992 0.623665292258568 0.641398558614627 0.65759656691529 0.664248942796006 0.676011482123115 0.695826482237506 0.69445256999464 0.683851107343899 0.656581870456884 0.637555127643801 0.634364597156614 0.613787745599446 0.584267944360704 0.550313675399373 0.515868556272585 0.480490965471764 0.451657839319877 0.426931635664093 0.382661894407383 0.341807079088346 0.315407496306331 0.285940820345666 0.254146226765397 0.27036069230083 0.296348086438535 0.336444090082148 0.373617634569104 0.408121348838106 0.459781727087231 0.51518713788108 0.573202021768548 0.610974464291147 0.626522899035229 0.619231756843874 0.607527185708722 -9999
0.446052924372705 0.440458803463153 0.445072421852824 0.449331977516084 0.450494642063874 0.450726667441259 0.450262072316102 0.452394072748318 0.454675774771982 0.456304507427303 0.459908709363538 0.465293176046972 0.479556703779473 0.499111693954667 0.537544252341932 0.560061293868277 0.565341312859201 0.580056762762661 0.594674842765063 0.590383251915464 0.596593437660242 0.616491067392918 0.642183167571962 0.669324495191965 0.690375125598302 0.706192815908759 0.713764577225693 0.696831781291309 0.669852180486556 0.648692058552933 0.634062042542804 0.631978246522333 0.624348459180327 0.613865996961141 0.568005662955875 0.522811799429107 0.481056808930444 0.458635650233692 0.448347271378012 0.395733045550043 0.344704161640288 0.307594346433988 0.2742614608926 0.243795257451434 0.272989661697594 0.313351492080255 0.367445585810234 0.415593878616111 0.458310349067536 0.517232589443265 0.57584884759144 0.616546179018366 0.646656298469445 0.665142806071392 0.668938154559658 -9999 -9999
0.434646719753853 0.428910955077543 0.428527160882894 0.431543319562811 0.443473423812421 0.447930759832442 0.44679443106271 0.445888544626952 0.446566104817285 0.453165847077567 0.459197360261225 0.464716793503565 0.47635941718726 0.492061477253841 0.522903829618714 0.544632006978553 0.556489236299041 0.57717489018901 0.597258488367161 0.595759831858692 0.605637002000957 0.630340805398906 0.657086722231084 0.683025587794426 0.689365236120845 0.695764024230639 0.702256003251367 0.696099947056424 0.684734207476807 0.675407152132187 0.668294107107374 0.665434815521956 0.653591575204152 0.637127288194977 0.594504976875675 0.551483401811716 0.508886903462361 0.471744295470384 0.438024229458775 0.405095507097397 0.371467449716374 0.335575185128662 0.308218705393057 0.287340869375446 0.312413853122802 0.343236325725971 0.373546469619728 0.418748463915298 0.47755499811126 0.524502058256399 0.569252683568419 0.614280107521407 0.646656298469445 0.665142806071392 -9999 -9999 -9999
0.426756777501082 0.421180648521877 0.417186180361514 0.417325714782717 0.429296012816487 0.433203202420756 0.431074834072152 0.431717244153254 0.434477018291884 0.443995834670194 0.451901918246275 0.45835463001739 0.467860516146913 0.480493065700255 0.506376373639017 0.528308176083815 0.545960369525431 0.57151155219518 0.595844311365749 0.595693023189723 0.607657116072504 0.635411737171552 0.659917404653788 0.68179054627245 0.682975604487407 0.687249604795998 0.696391078590339 0.701381408438981 0.70455506099544 0.704105870738329 0.703405708903404 0.702223358163233 0.688490108739009 0.66830109130393 0.628521669229722 0.586297069746602 0.539296141177267 0.489127578172932 0.436971193426346 0.418463047737731 0.397919621846445 0.363991829675008 0.340848654767219 0.325890982902991 0.343939095650253 0.365353116912219 0.383428826912581 0.431326099966131 0.506467042107286 0.538070883570378 0.557715714390934 -9999 -9999 -9999 -9999 -9999 -9999
0.424213882294699 0.419255533286167 0.413759152072317 0.408538475354859 0.404236450463801 0.400331636913319 0.396724151879072 0.405888893906988 0.4163365836572 0.425654173549517 0.434594295427852 0.443194248514407 0.451299650746501 0.462054006303241 0.486979377633577 0.510624045990131 0.532881671361326 0.561618545049509 0.588350796897861 0.587348659557293 0.598996935243571 0.627133070690781 0.644389327373048 0.657842691103543 0.668405202646675 0.681646298749518 0.699108237758609 0.715807060789894 0.731886201020547 0.73582101281829 0.73985478966603 0.744078706965254 0.731988621555886 0.711507151635627 0.673969754343637 0.630450744214228 0.573627384278303 0.513011140222285 0.450014704362424 0.437920960513329 0.423898691736969 0.393071187679389 0.371460236697246 0.35684463115999 0.363452705661103 0.375657340046157 0.399061527756368 0.458233012516798 0.550079927577656 0.561218901807191 -9999 -9999 -9999 -9999 -9999 -9999 -9999
0.418630160843016 0.413520874568743 0.403968202164528 0.39512149819556 0.38924467502794 0.386405141191673 0.38583913944781 0.39705707572809 0.408746025677733 0.41667806788085 0.424382949611329 0.43188311756301 0.439899727588901 0.449963946483053 0.470123266316999 0.493236217515832 0.519548047572499 0.550613538480589 0.579521296779436 0.582851995478107 0.590970472090934 0.605329077832159 0.621480840336605 0.638370843969111 0.657213608360416 0.677798422540793 0.701128312835299 0.717740395306987 0.731359879226479 0.737000777843325 0.74549886280115 0.759486428144953 0.75594641869006 0.743390803297958 0.702651514403398 0.656651901918302 0.599644205673347 0.542773318147202 0.485988283755742 0.469028727412656 0.451442479512239 0.423347808308769 0.401344927385239 0.38396570316256 0.380245716145087 0.383667461472737 0.408062006068386 0.480730472666359 0.597499872345757 0.619482443578399 -9999 -9999 -9999 -9999 -9999 -9999 -9999
0.411550182333296 0.406133576456142 0.391781649728976 0.380174035860461 0.378431672954026 0.380017801781794 0.384095439304139 0.394688584996937 0.404982961733009 0.411070318431893 0.416708781425436 0.421942707812627 0.430234212050898 0.439975085159071 0.454288819706979 0.47616788524276 0.506240450359198 0.539172508630896 0.569992127287999 0.579226777772759 0.582652991377459 0.57850880451338 0.595892469041845 0.620516174978452 0.647089629843098 0.674228872625333 0.702259669086445 0.714281139330757 0.71966997005691 0.726094536844993 0.738924148842481 0.764059703068531 0.771719362233725 0.770389997813039 0.723987571410726 0.674788088155581 0.621314390379382 0.573756325125404 0.529910564175516 0.504279333003525 0.47960124744087 0.453826880285876 0.430644696827755 0.409429975637558 0.396265560603025 0.391467638060788 0.415196577426603 0.501487129408904 0.644931220549117 0.667794126495107 -9999 -9999 -9999 -9999 -9999 -9999 -9999
0.396128121957039 0.394842797097772 0.383850454944606 0.37458769313195 0.372363450362005 0.372990042215597 0.375750597383071 0.382880261319004 0.389920496972512 0.394562069600464 0.40033193616534 0.407118605137517 0.410969193882934 0.417218619921973 0.438679055526424 0.465038352703064 0.496703276335674 0.527960735621484 0.555549886423091 0.556002319167785 0.558283894127777 0.562949473488623 0.578141793471351 0.597669273305185 0.628677794553854 0.658198405696482 0.685374407335016 0.69881157282366 0.7066270029464 0.718153216493389 0.734571483270901 0.760388797590731 0.77609309736776 0.786595596268039 0.726012931882115 0.666357943245958 0.612635947108643 0.571531556916405 0.538345236800575 0.524581590562005 0.507479994437813 0.476179706211406 0.451244096948782 0.431139266355043 0.421510603762092 0.420090866031724 0.445377944726038 0.522803930112872 0.647861728694313 -9999 -9999 -9999 -9999 -9999 -9999 -9999 -9999
0.382262276373522 0.381686588492792 0.373768901189813 0.367116094783159 0.365659675379214 0.364993461230058 0.364918747201689 0.369646599550165 0.374225791240558 0.375976546954021 0.381206759994923 0.389572610364774 0.392518065497375 0.398108699623613 0.42255852875716 0.451135560650786 0.484182487402706 0.512281971788222 0.535784230143428 0.533821342769899 0.53644061059143 0.545032010081598 0.55872804710769 0.575215192631965 0.606393421396295 0.635603184142361 0.661711090051669 0.678576129188333 0.691713086283086 0.709514537076762 0.730109650921145 0.756072198559373 0.775234737949795 0.790899577547972 0.721104640540041 0.654861776598609 0.60153629080141 0.565385236737557 0.540011849576526 0.5336351065282 0.522100229960929 0.491012363082242 0.468571744219611 0.452694369394618 0.451474672230047 0.459439941844133 0.49582629437351 0.528683878741894 0.558317735638532 -9999 -9999 -9999 -9999 -9999 -9999 -9999 -9999
0.371276366973408 0.365078210425116 0.359707886093878 0.356155636219737 0.357779745064158 0.355203976158377 0.349484431402631 0.353775202450229 0.357361058299747 0.353546814593979 0.356995513656354 0.366989473177077 0.375573124204102 0.38574708731106 0.405492783071323 0.432100565477505 0.466140210963558 0.488336580131765 0.506167043892606 0.513571437956059 0.519271606170991 0.522750579178164 0.536236616496875 0.553488067785737 0.57694251699858 0.600859206215611 0.625504281040476 0.649520937757731 0.67333678426039 0.69958532269443 0.725445794174778 0.75056067692674 0.764693847247854 0.773178387172043 0.703364910482781 0.637691620099233 0.585955929732816 0.551981679662004 0.529153468667917 0.521871664526574 0.51218422080261 0.491928170513683 0.479844674969049 0.473964132213344 0.490171784363222 0.518638306739539 0.583780787816044 0.598774096488777 0.567953325746928 -9999 -9999 -9999 -9999 -9999 -9999 -9999 -9999
0.359547967987268 0.351643772672775 0.347850628896438 0.345161110236939 0.344886859482792 0.340416731582242 0.332805822443084 0.333934744526157 0.335466397669131 0.334415005486674 0.339299212919007 0.349532498086835 0.359624063020815 0.370546702561181 0.385902470233054 0.406424657960127 0.432542246684676 0.450977346534406 0.467088820095151 0.480307155677815 0.490258117941651 0.495950563669063 0.509292611627579 0.525253192319314 0.542514369387771 0.562968957704162 0.588455639244457 0.616487128128951 0.645538497787221 0.673042089865139 0.698703931714575 0.720827239303881 0.731405169019572 0.736044537439695 0.678674419496688 0.621397607501851 0.567596784998476 0.538093700954902 0.523838453676909 0.503567811630427 0.485881807343141 0.477233960026824 0.48860395958249 0.515167465081895 0.547081541957016 0.586300320018142 0.651260782763685 0.684970344718694 0.690130457461118 -9999 -9999 -9999 -9999 -9999 -9999 -9999 -9999
0.347451926914037 0.339780904493661 0.33708455758025 0.33414971584629 0.329511820115982 0.323154857368758 0.315511104459131 0.312129014855996 0.311081179394869 0.316916155831632 0.3248287731812 0.334613730895733 0.344168109685797 0.353940705876426 0.36506212351634 0.377460517287253 0.391241917751541 0.406976278573451 0.423325984344659 0.440598832993791 0.455379859579519 0.466913180920885 0.480143924397576 0.493796018432396 0.505621750736201 0.523520840225814 0.550990165794741 0.581483314441325 0.613074936415769 0.638272462306837 0.66103019323586 0.679100373199844 0.68685297377999 0.689298552081304 0.650542274509179 0.605537415632444 0.547861731637698 0.523965861941329 0.521268224139892 0.482025488650716 0.451465701798835 0.454810483466686 0.496118617834779 0.566240861361764 0.613009250933067 0.658153090197012 0.708602874768983 0.719721116186788 0.6949077887433 -9999 -9999 -9999 -9999 -9999 -9999 -9999 -9999
0.34748906087237 0.337532349566801 0.330525084419782 0.323407980948303 0.31537391148691 0.304070284605599 0.290319263712327 0.291111862568185 0.295263079009803 0.305355200807823 0.313216843633349 0.319068410613879 0.327886628286052 0.337581334195492 0.348973300080234 0.358105742737223 0.364791048230122 0.384107017332844 0.40516918097026 0.415201328256296 0.422491682683639 0.426208533538273 0.437674079193226 0.451309192712168 0.45986647907739 0.473933410296585 0.496682294569507 0.523542044585197 0.55195148696472 0.573931011781372 0.592281632803092 0.603660081264986 0.610629009206376 0.615329825338717 0.613445945064771 0.600907266565116 0.563421181480287 0.533819653075064 0.509166010392557 0.48116538872172 0.459492068067343 0.457477868454768 0.487857458536365 0.542823870537726 0.603747333969671 0.659507977136615 0.692227990516381 0.733428103393425 0.782375262396848 0.790176729043005 -9999 -9999 -9999 -9999 -9999 -9999 -9999
0.344905560900911 0.332295753086355 0.322930826071392 0.312815599107625 0.299841643516788 0.285480604143418 0.270081277287229 0.274011492226795 0.281401749471559 0.292864794240346 0.299446575608072 0.301629432002044 0.310180173931298 0.319792497552864 0.328808636463052 0.334475133361324 0.336513858987729 0.358865116428347 0.383485663482969 0.386265790229314 0.387253932694095 0.385906500386294 0.394546714463843 0.406209624824714 0.414323802742476 0.42680233576381 0.446158104455187 0.469580128186716 0.49450221705924 0.511746063984919 0.525695512021901 0.53331546806051 0.541343909722283 0.549582462905574 0.569260064322553 0.577967276368749 0.560031957881039 0.529570053792625 0.491247198661973 0.47127173785606 0.456197888405554 0.451814199209983 0.47257381794273 0.512417157362179 0.580592603232992 0.643357468493717 0.670982343735548 0.717336081453285 0.780799684632157 0.791563531865563 -9999 -9999 -9999 -9999 -9999 -9999 -9999
0.33597880274342 0.31995471585509 0.312849606361758 0.30255554382375 0.281092773156991 0.268074585405476 0.261377504460151 0.265817160065945 0.271741592800395 0.278075011931109 0.280668657461651 0.279892072350181 0.289249949064148 0.298737095051266 0.299207078656923 0.300804157174043 0.30362191614774 0.327572140095253 0.352984012247497 0.348829269297903 0.346598899568531 0.346876653148287 0.350324724075725 0.355488086691689 0.36953492613617 0.385579436292824 0.404771823272681 0.425387304515667 0.446300016042815 0.455375679990855 0.464983126513022 0.475612280989061 0.488840578008861 0.5034057881623 0.509182695698561 0.512941183058051 0.512369467646429 0.492437579483612 0.460356381443581 0.440154262488152 0.425804991066533 0.426394487605534 0.441758426575743 0.468336137952619 0.528046244129051 0.589436448270835 0.640869983944575 0.705166790797136 0.781214916745712 0.792774578296032 -9999 -9999 -9999 -9999 -9999 -9999 -9999
0.328267281858238 0.310958440291996 0.296980301213916 0.282554581386062 0.266142503306053 0.257019970509827 0.253353952827471 0.256894228290643 0.260994611435192 0.263833707536146 0.264246123262457 0.262471649237845 0.269788661870469 0.277050947305412 0.275341366618965 0.273404868486122 0.271222611376593 0.288904393263654 0.308632526282205 0.30568694579765 0.302100992858119 0.297680413317067 0.30170859551291 0.309294220774103 0.327128133041967 0.344673615606588 0.361764598251665 0.37948447793366 0.397282332360129 0.407704746981544 0.417818235296549 0.427338186929881 0.439880250600567 0.453976788951281 0.453001663792403 0.453211037004924 0.457023261576825 0.443943698298585 0.420263838855175 0.400417359732836 0.383798448590073 0.376006615173459 0.376869132069137 0.384300283631165 0.452076912735573 0.527942894911718 0.605231070276893 0.68939277397039 0.779833830993122 0.794248822673368 -9999 -9999 -9999 -9999 -9999 -9999 -9999
0.321291420964149 0.303986960540452 0.277607101823417 0.256656831684454 0.253491766624632 0.249810262119688 0.245742182111336 0.247530229080947 0.249589706335296 0.249924431516811 0.249249451956969 0.247664540881875 0.251216615568592 0.254982969565248 0.254947924846956 0.249802228958855 0.239121531590469 0.245772231356207 0.255896859279908 0.259090539080392 0.255276751684788 0.24232981297126 0.250432417160551 0.265841241247654 0.286163365776977 0.303959742765665 0.317776113391957 0.332546478422951 0.347770985435979 0.36530014193943 0.378854499325688 0.384772119310859 0.393064727811862 0.402578952013272 0.399179330965383 0.396686862823382 0.397025616276774 0.388572038862639 0.37460090984267 0.355462572355709 0.334761432087654 0.31050393562465 0.291352748638154 0.276077240383643 0.361928174588787 0.461865208242604 0.566246583963979 0.67143658837465 0.777365320409582 -9999 -9999 -9999 -9999 -9999 -9999 -9999 -9999
0.305256459140542 0.282230331186313 0.264234548723004 0.248753315825668 0.239648714725748 0.236995191620467 0.239170557452443 0.240271427555789 0.240274511437137 0.236602695398966 0.234339989393229 0.233347153255835 0.234576525093807 0.235477780572879 0.232558473725708 0.227907861513819 0.221382189267869 0.222212856229448 0.224657510256128 0.22522190830733 0.219240792407604 0.204728609904983 0.209459903453019 0.221082215637141 0.239999700088145 0.255419213338352 0.265326715823163 0.277772853742461 0.291442296534599 0.311839368214434 0.329346506214384 0.341301246729799 0.349087414047132 0.354729404905031 0.357477857981839 0.357912581911552 0.353006701261754 0.345190273296226 0.335547356398727 0.317168841005309 0.294864234323025 0.262704988725254 0.226295731791842 0.186660724711474 0.288293703873278 0.404197435166774 0.505285326806998 0.55555908862758 0.559411295169121 -9999 -9999 -9999 -9999 -9999 -9999 -9999 -9999
0.295354678278204 0.271277215724499 0.259411954189241 0.247078627541541 0.230909572238839 0.227346188436405 0.233218652054347 0.233296378701429 0.231347989182757 0.22441251859598 0.220840299813129 0.220298995598438 0.219453447437859 0.217750986745698 0.211907997972339 0.207071119233548 0.20332389039369 0.1990720072668 0.194635495890477 0.189765432113553 0.181253627580314 0.167995376369928 0.169746653216349 0.177197576436481 0.194640054736658 0.208578862196076 0.216996677547768 0.22860442895292 0.241707758741816 0.261594630934032 0.280699598332659 0.298302300734932 0.306670964548334 0.310289943702996 0.316937795223629 0.319652747921219 0.312872583667752 0.306405180097047 0.300134046802497 0.282891717229398 0.259822044487162 0.221693116572487 0.176247108378168 0.125247450811338 0.231810590883724 0.353643482634255 0.456435353564589 0.505509502770056 -9999 -9999 -9999 -9999 -9999 -9999 -9999 -9999 -9999
0.304630125001039 0.293893959691147 0.277977315695983 0.259995796877653 0.236989436003749 0.227763679411586 0.228853254244672 0.226755173451747 0.223158321102524 0.215354774233679 0.211359016752199 0.210794784770293 0.208324307497318 0.20465277287716 0.196592110315233 0.188953951304401 0.181773377384595 0.173613294246068 0.164235924247638 0.14747928867689 0.135745392781941 0.130557862386247 0.131786143237677 0.136049576477142 0.152514893041208 0.168009326651197 0.181973868507478 0.196882663046653 0.212066872704868 0.22253839675576 0.236410548056244 0.256816286725151 0.268211161235344 0.274971144647268 0.27754407798891 0.279676938262749 0.280984879148763 0.278619969436728 0.2739501939251 0.258911733886816 0.237030868695108 0.196922705262046 0.165470336027419 0.140587697365853 0.22144000972005 0.321935242654944 0.446189118768971 -9999 -9999 -9999 -9999 -9999 -9999 -9999 -9999 -9999 -9999
0.309954211651342 0.30357793135559 0.287719328698971 0.269752274677841 0.247498913989248 0.234381495708263 0.228102694362336 0.221620575882876 0.215011566237208 0.20801504992619 0.202992925388399 0.199750094563244 0.195879605697852 0.190895350469189 0.180751406293419 0.16881315527917 0.154931611585168 0.144243409901915 0.133585631805587 0.117010433549299 0.104586916170982 0.0975744736676817 0.0984123306656065 0.102775126318294 0.119567105553039 0.13554702459777 0.150247320611733 0.166732322231404 0.183605648122172 0.186259494774289 0.195071055588534 0.215713364236986 0.231849952637839 0.245668947265326 0.23774274473992 0.235731944187024 0.248904749079606 0.255100742819392 0.256918498733542 0.247919434299934 0.229998305863381 0.187723928919533 0.169887865027073 0.170600432112546 0.228958680954907 0.281247976235077 -9999 -9999 -9999 -9999 -9999 -9999 -9999 -9999 -9999 -9999 -9999
0.312381473242626 0.303780616020137 0.290992759598343 0.277191583129495 0.261255835194409 0.245544900722665 0.23000224808645 0.217517191947585 0.206896271951048 0.201934842204209 0.195444404479974 0.187576046569054 0.182470437869053 0.176654648435698 0.164525948371995 0.147188794994732 0.124210717233732 0.112006163714797 0.102751530679781 0.0952050806778874 0.0839485486731133 0.0678564977303227 0.06840112229606 0.0752729408852142 0.0933474438472917 0.10902830569198 0.120937330991949 0.137734026154795 0.156009258127846 0.152016713358199 0.155893945899523 0.174891294189332 0.197027267902737 0.220777646936254 0.197642579629766 0.188877057650803 0.216683547798134 0.234708998701813 0.246596442562918 0.246448678452801 0.234518713168741 0.189941045220809 0.185444655470423 0.211369876117074 0.249592338848511 -9999 -9999 -9999 -9999 -9999 -9999 -9999 -9999 -9999 -9999 -9999 -9999
0.310967623353105 0.304291343952146 0.293992877369564 0.282050139071254 0.266004749597977 0.251446242754914 0.238000726808877 0.220731280662938 0.204854996842051 0.196085985503481 0.187645507803911 0.179501099935157 0.17270254712424 0.164899285542259 0.150614184122683 0.128772893161102 0.0987480031021331 0.0863549713134576 0.0786285760999999 0.0724709711609844 0.0608499436495897 0.0421081885384767 0.0379564436734437 0.0395263006333563 0.0532090475551654 0.0667812564103679 0.0801792822954585 0.0963998882760609 0.113490445966276 0.118368848287577 0.130103109096827 0.155009454680126 0.167127855549463 0.172668559754426 0.158166795793958 0.156362932020154 0.185754007437125 0.210703169371284 0.232864846707864 0.2499480789487 0.251958983220628 0.209968884174201 0.200990363000176 0.217067563743898 -9999 -9999 -9999 -9999 -9999 -9999 -9999 -9999 -9999 -9999 -9999 -9999 -9999
0.30876151702308 0.303346262663796 0.295561976454171 0.28539712855689 0.268713305788549 0.255351443229121 0.244476200257326 0.224725580004415 0.205325074259316 0.191438758397352 0.180557406017424 0.172384083878904 0.163248201908839 0.152896821397718 0.137179740934583 0.112210191647183 0.0772199176151292 0.0645402247097429 0.057582266065863 0.0512147827987664 0.0391989778706659 0.0198214579350288 0.0121899481479692 0.00932107955483742 0.0182744976769595 0.0292581467242346 0.043440980119606 0.0578691518508983 0.0723592491248495 0.0852378679138044 0.103214735220598 0.130986810785293 0.135552518690394 0.128181637052687 0.124281710711853 0.129708789078396 0.157094699457189 0.186093200475816 0.216103668879249 0.245120021874387 0.258056902676178 0.223093661743424 0.205694448052514 0.201626296088748 -9999 -9999 -9999 -9999 -9999 -9999 -9999 -9999 -9999 -9999 -9999 -9999 -9999
0.305293160094163 0.296890294386217 0.29196363213916 0.284278849090191 0.267787968807497 0.254163144307807 0.242683676766383 0.22843149984616 0.212439942301708 0.191129843838462 0.176203293809574 0.16702950660495 0.153374436800188 0.138904846911538 0.124506003622759 0.101102722635364 0.0679473426815209 0.0540430215904413 0.044992770557482 0.0358200823171411 0.023961160537269 0.00860114817711994 0.00389139470813066 0.00315651149707236 0.0085920692675876 0.0159985007166464 0.0265105829300373 0.035038051705912 0.0428187351887583 0.0537583937891978 0.0664726989063859 0.082596612667579 0.0956536883618762 0.107133283782837 0.110776877498026 0.118486941524582 0.136261498955966 0.160817482523053 0.189629091728968 0.207378913518411 0.21666122881347 0.203003599275876 0.198480752792606 0.200891188470909 -9999 -9999 -9999 -9999 -9999 -9999 -9999 -9999 -9999 -9999 -9999 -9999 -9999
