layers/veg/veg_3100.asc
NCOLS 255 
NROWS 330 
XLLCORNER -2985163.8955 
YLLCORNER -3022031.214 
CELLSIZE 25000 
NODATA_value -9999 
[rows 150 to 174 of 330, columns 56 to 111 of 255]
-9999 -9999 -9999 -9999 -9999 -9999 -9999 -9999 -9999 -9999 -9999 -9999 -9999 -9999 -9999 -9999 -9999 -9999 -9999 -9999 -9999 -9999 0.419567270479086 0.385888115904518 0.254834147130678 0.075185149143407 0.036512388453104 0.0140833890651139 0.0240986710254498 0.0481537872076703 0.0807712976925802 0.0800649640754853 0.0780127667895942 0.0783038306252036 0.0770942789951697 0.0747767206548761 0.0349475543417733 0.00165937296140159 0.00951228697376958 0.0250450960591356 0.0474066121296294 0.0897735071927089 0.127549676682565 0.123973950731793 0.135757971842466 0.163955618863536 0.221169037066814 0.281233936272595 0.309332717894179 0.344320438591075 0.388165457674179 0.407787872865098 0.418399975516186 0.414246247172499 0.409696788090001 0.404532457838518
-9999 -9999 -9999 -9999 -9999 -9999 -9999 -9999 -9999 -9999 -9999 -9999 -9999 -9999 -9999 -9999 -9999 -9999 -9999 -9999 -9999 -9999 0.379959831456381 0.380484848875363 0.28512402649889 0.141911249545345 0.0621443603098654 0.0101342838504433 0.019727176861378 0.0422240012410881 0.0725904732739076 0.0651436034341679 0.0604133351007729 0.0705965791607945 0.0724856075725899 0.0682504510716062 0.0317913620878262 0.00134156997633933 0.00769049448627511 0.0174735943153421 0.0303102484920924 0.0734025964245449 0.117627792471406 0.140066585306795 0.156415955343435 0.166258088807163 0.21978157944494 0.27986410653304 0.308527130580361 0.337882997879852 0.368129672798959 0.393418180838718 0.415391759905269 0.415819570439174 0.413710714079175 0.407660482472309
-9999 -9999 -9999 -9999 -9999 -9999 -9999 -9999 -9999 -9999 -9999 -9999 -9999 -9999 -9999 -9999 -9999 -9999 -9999 -9999 -9999 -9999 0.379110660052088 0.377202948954501 0.329091018515316 0.257920811589012 0.106647582551312 0.00125050041301148 0.00409438959096431 0.027694829545964 0.0639539497466207 0.0471777338868162 0.0382362106554902 0.0618330880280671 0.0675803655008589 0.0601480663817656 0.0278320827714454 7.21062923085741e-05 0.000413346342870579 0.00110703577462251 0.00211411146079056 0.0535142029772231 0.113012026070961 0.167565514254795 0.185053809402008 0.162933756158717 0.221504878189773 0.292982164274459 0.312240742931479 0.328668631475733 0.341457023909835 0.376556700582238 0.416009575774092 0.419358245757161 0.418673184111748 0.411720665737507
-9999 -9999 -9999 -9999 -9999 -9999 -9999 -9999 -9999 -9999 -9999 -9999 -9999 -9999 -9999 -9999 -9999 -9999 -9999 -9999 -9999 -9999 0.394655041044766 0.395946248711009 0.352652055530835 0.287107459364626 0.123103227857921 0.00670467076070929 0.00316044168741275 0.0268195130133955 0.0670689073212599 0.0614445433542041 0.0565811711953281 0.0624910315775746 0.0613095597589914 0.0548920738894455 0.0294798960222409 0.00895289718424631 0.0151297216629267 0.0292470262567071 0.0504247413784771 0.0734395239135557 0.100367967664208 0.145376262401479 0.171757974872829 0.178235078754009 0.233332375769129 0.294205891682 0.30887207573703 0.322799859836855 0.335778262811355 0.375731017754821 0.420699932178028 0.418909450268539 0.41663469351929 0.413607489189836
-9999 -9999 -9999 -9999 -9999 -9999 -9999 -9999 -9999 -9999 -9999 -9999 -9999 -9999 -9999 -9999 -9999 -9999 -9999 -9999 -9999 -9999 0.421263907403307 0.416868072868046 0.374210337420728 0.312457949954071 0.140885947793711 0.0166755316442454 0.0051528978282967 0.0274578168275173 0.0703929541698468 0.0732191540188118 0.071889848156938 0.0660589658812551 0.0606125854415566 0.0554501089227037 0.0368339196042916 0.0224018751128436 0.0295862447461253 0.0540043994736616 0.0937462620819342 0.0886568454329937 0.0860175153274306 0.136494978882932 0.175374908753818 0.201861562965867 0.24896098949397 0.296235175075046 0.307158779842769 0.320022328702318 0.335380117021096 0.378065941033959 0.425468401625126 0.420897183745584 0.417906233989589 0.417370643934361
-9999 -9999 -9999 -9999 -9999 -9999 -9999 -9999 -9999 -9999 -9999 -9999 -9999 -9999 -9999 -9999 -9999 -9999 -9999 -9999 -9999 -9999 0.423910548333277 0.427096880167385 0.393580002894226 0.34174634079882 0.167198573318512 0.0369781006199401 0.0129181209399012 0.0300513762142986 0.0723069167456988 0.0724560099055859 0.0717102697030537 0.0762520496803902 0.0759114961386148 0.071965982882138 0.0593706870042723 0.0470414098832843 0.039562139327797 0.0616154547229687 0.109928162213119 0.0837787868843418 0.0682085296671487 0.173712320046501 0.23396450115479 0.24586022278185 0.273618655957158 0.302568382834289 0.311333219276335 0.325417321491782 0.346340549969705 0.38660827766501 0.429764182987827 0.430454758747577 0.429731192159023 0.426810385696152
-9999 -9999 -9999 -9999 -9999 -9999 -9999 -9999 -9999 -9999 -9999 -9999 -9999 -9999 -9999 -9999 -9999 -9999 -9999 -9999 -9999 -9999 0.430673897131801 0.431237559212943 0.404649810925945 0.364512115551752 0.219425728834932 0.0996576641522361 0.0417357611541335 0.0332385562020177 0.0548837123542412 0.0572068728864123 0.0623488541671569 0.0792427025164703 0.0848249904645094 0.0820551821460028 0.0754470686485524 0.0666242389066713 0.0512466455063951 0.0652680720451682 0.10543012822868 0.0959915202354046 0.0980527216559487 0.203234475164803 0.255891865840917 0.252421037785969 0.28897760369496 0.329501122493819 0.326172818197391 0.334401089100142 0.357487966494075 0.395587853327249 0.435579195375911 0.438204952769891 0.439508469710173 0.438757540397727
-9999 -9999 -9999 -9999 -9999 -9999 -9999 -9999 -9999 -9999 -9999 -9999 -9999 -9999 -9999 -9999 -9999 -9999 -9999 -9999 -9999 -9999 0.429922165243753 0.428332246090738 0.409690946062759 0.382540131962154 0.290476126273344 0.193118122446034 0.0858450057421898 0.0368569176228921 0.0234147902889794 0.0314357102299962 0.0463181322329219 0.0770018076267042 0.089100382645934 0.0874763109263292 0.0868308934905958 0.0825340861844545 0.0641722164255101 0.0660454439062605 0.0859110460942216 0.120618297393968 0.162510209410884 0.227167165661843 0.251189305851626 0.231788551960029 0.297582347046688 0.371396509462187 0.348759147513887 0.345991594189037 0.368771200148186 0.404885021323381 0.442497714296255 0.444642340060355 0.447798396818564 0.452525976070988
-9999 -9999 -9999 -9999 -9999 -9999 -9999 -9999 -9999 -9999 -9999 -9999 -9999 -9999 -9999 -9999 -9999 -9999 -9999 -9999 -9999 -9999 0.411844775455248 0.411232980193781 0.404238821579083 0.39405953613101 0.318028826291897 0.231928241889508 0.124966479621646 0.0683349780798213 0.0423981080331286 0.0466911852205221 0.0541551257485827 0.0651241443802083 0.0754707335461933 0.0853577406004495 0.0735226802561207 0.0592332910092273 0.0454695033754963 0.0493191148234568 0.0688299742699574 0.111780136942518 0.158661590803135 0.204074894685816 0.226162811921774 0.223324916961535 0.292394025530253 0.368420593790657 0.364424556617112 0.374167765330575 0.401575900252903 0.422809445683852 0.441253509557114 0.449728143784616 0.458707728143304 0.46847188455311
-9999 -9999 -9999 -9999 -9999 -9999 -9999 -9999 -9999 -9999 -9999 -9999 -9999 -9999 -9999 -9999 -9999 -9999 -9999 -9999 -9999 -9999 0.41775827512551 0.40673544233447 0.402524082681274 0.401711997664357 0.333995422683522 0.255409946883589 0.154163089239103 0.0945080339538986 0.0602183359750218 0.0601691736904382 0.0606231848567959 0.0561291727532025 0.0642032274372524 0.0815571427215202 0.0586512266593288 0.0350761416727507 0.0269560356245442 0.0344972479358853 0.0559639830651317 0.0991284261849462 0.144390612139005 0.180515034103446 0.204137892577742 0.214401417359792 0.281850655624 0.356004199016943 0.375150164333329 0.399096082844529 0.429213433156984 0.438190402144443 0.441270004704273 0.456231377815129 0.470186086771221 0.482576679764343
-9999 -9999 -9999 -9999 -9999 -9999 -9999 -9999 -9999 -9999 -9999 -9999 -9999 -9999 -9999 -9999 -9999 -9999 -9999 -9999 -9999 -9999 0.423907835961222 0.430502426382727 0.418808183884313 0.397986875241216 0.325884336722826 0.245828162292646 0.149269504562423 0.0897235332166404 0.0527502796121661 0.0500522067339094 0.0521442070101111 0.0616607688248326 0.0690147927437407 0.0747720674923174 0.0483844194074261 0.0241572568618723 0.0223280496776779 0.0339189899719022 0.0574426785597234 0.0865402884953513 0.120633641070249 0.174870537212292 0.201531649866452 0.19872492085984 0.257545479817216 0.32790293768345 0.370760175593659 0.405267819257222 0.42904016001887 0.440702274634041 0.449286726482097 0.468464336309785 0.482645411895263 0.489063065160813
-9999 -9999 -9999 -9999 -9999 -9999 -9999 -9999 -9999 -9999 -9999 -9999 -9999 -9999 -9999 -9999 -9999 -9999 -9999 -9999 -9999 -9999 0.417653945238174 0.424449398613083 0.40398036999769 0.369904965753209 0.299811964670826 0.22464534446505 0.139066602773805 0.0845485198708888 0.0489732252975105 0.0374723617728401 0.0332388886352519 0.0454905532579883 0.0516098283688031 0.0532011421965969 0.032460770096354 0.0165848875491903 0.0288236347479468 0.0440817571900224 0.062024607563768 0.0816334920112397 0.107530511763435 0.163645335896558 0.19841116880964 0.21036319144002 0.266164611575568 0.330549658136036 0.378130172479643 0.412918649721136 0.431260053132796 0.440238728208023 0.447295195483259 0.468300477712201 0.481907930518622 0.484020921109084
-9999 -9999 -9999 -9999 -9999 -9999 -9999 -9999 -9999 -9999 -9999 -9999 -9999 -9999 -9999 -9999 -9999 -9999 -9999 -9999 -9999 -9999 0.409943804695465 0.394651045172262 0.361929889869734 0.320511070710242 0.258023617079568 0.193311719303804 0.124218092790026 0.0790318112494395 0.0484257669934076 0.0227375190973099 0.00521060925014999 0.0103314334927405 0.014765585800442 0.0186927214013166 0.0115874311595258 0.011940691388701 0.045052251691649 0.0636428318662169 0.0693218400087388 0.0834478050223179 0.103749405149131 0.147537064750375 0.194840733489058 0.245901655420035 0.303592237876594 0.360100606224391 0.395790058714047 0.421863675144759 0.435573946759115 0.437171715044759 0.436546526770051 0.457289507543879 0.469623353510476 0.468891409933949
-9999 -9999 -9999 -9999 -9999 -9999 -9999 -9999 -9999 -9999 -9999 -9999 -9999 -9999 -9999 -9999 -9999 -9999 -9999 -9999 -9999 -9999 0.329424529540491 0.329024921361799 0.323717482841914 0.315960785129433 0.250288692799346 0.189408699147896 0.141556182162285 0.115526084557052 0.102804702455181 0.0450579518234184 0.000515840201250777 0.00252124581920861 0.00458727576104816 0.00669806877457651 0.00718406853130252 0.0128883095636265 0.038793946866015 0.052789262340471 0.0561943162178018 0.0576860607016603 0.0685182079945662 0.12822474933243 0.193518410087168 0.264782539473872 0.323733157443376 0.376504512836928 0.406217209899443 0.424173092686767 0.42701291609714 0.430958554585825 0.436472693052054 0.457236301546923 0.469910894612136 0.470017087284471
-9999 -9999 -9999 -9999 -9999 -9999 -9999 -9999 -9999 -9999 -9999 -9999 -9999 -9999 -9999 -9999 -9999 -9999 -9999 -9999 -9999 -9999 0.311374008771857 0.290724674044627 0.296770475795691 0.316138520548569 0.250574170956166 0.194911673196153 0.164961172475436 0.152754493690568 0.151369139249732 0.0668088508219944 0 0 0 0 0.00531927438449871 0.0131409080666718 0.0279305288961225 0.0381244982296623 0.0442321672722416 0.0331991781795039 0.0352632369678041 0.119001156599519 0.201384087197114 0.282319058851782 0.339694541761528 0.387968184972094 0.412177918294634 0.423268607137194 0.417491779772858 0.424768363055283 0.436987019115096 0.458252067889734 0.471951434608877 0.473895536160633
-9999 -9999 -9999 -9999 -9999 -9999 -9999 -9999 -9999 -9999 -9999 -9999 -9999 -9999 -9999 -9999 -9999 -9999 -9999 -9999 -9999 -9999 0.322106476346723 0.332203796288441 0.321777929303338 0.301109938865033 0.261035021051752 0.223054056386073 0.190560659752455 0.157617449252572 0.124399913313733 0.0540442615157717 0 0 0 0 0.00180259061078878 0.00519834454440703 0.0137367053587684 0.0308091987488435 0.0554699586683246 0.0385712875033458 0.0386229505456996 0.161990861630943 0.252378792364688 0.307523886230337 0.349960485870642 0.386462368027485 0.402429191989003 0.412285354400014 0.414284871237841 0.421384195132295 0.431246751354077 0.455128704723846 0.471824951528747 0.477356324437884
-9999 -9999 -9999 -9999 -9999 -9999 -9999 -9999 -9999 -9999 -9999 -9999 -9999 -9999 -9999 -9999 -9999 -9999 -9999 -9999 -9999 -9999 0.343978255152853 0.34893366697538 0.327228630159119 0.292218661353013 0.265072028757789 0.235667411031221 0.20079908829902 0.162778529149563 0.122835533401977 0.0560700568841943 0.00439504452205175 0.00131025694829364 0 0 0 0.000800496639359853 0.00458881392685668 0.0244710925464544 0.0586635857096461 0.0429047316620138 0.0424844293691229 0.164875181071699 0.258250928126295 0.32062086302948 0.35885386809253 0.388563001561937 0.399522414721426 0.407959561967911 0.41315376257826 0.418701656161129 0.42536548815802 0.444643903222325 0.461084830185569 0.473116977505074
-9999 -9999 -9999 -9999 -9999 -9999 -9999 -9999 -9999 -9999 -9999 -9999 -9999 -9999 -9999 -9999 -9999 -9999 -9999 -9999 -9999 -9999 0.339086018810442 0.330026023614062 0.312112876711043 0.289781552794258 0.262353535521945 0.231949984097513 0.194883377246717 0.168253125335355 0.147987634194099 0.073649854287742 0.0134120466837616 0.00399841850749524 0 0 0 0.000130375574214145 0.000747372595035797 0.0191606314375336 0.053397733738273 0.0461458850893513 0.0468735792316554 0.125583501522645 0.216670847342539 0.320984869274043 0.366303824003547 0.394456284126474 0.403810831602148 0.410634949925083 0.414205625910098 0.416756970760686 0.419335950029854 0.42641759740076 0.439183095755577 0.460779942691751
-9999 -9999 -9999 -9999 -9999 -9999 -9999 -9999 -9999 -9999 -9999 -9999 -9999 -9999 -9999 -9999 -9999 -9999 -9999 -9999 -9999 -9999 0.324947222373404 0.324883249187928 0.31739877068357 0.306211079231237 0.272340727853628 0.236095926380146 0.195180625436347 0.180916569275453 0.182906157059516 0.125930304868426 0.0684217294901539 0.0203979836902517 0 0 0.00461005820671093 0.00945270172543824 0.0131077477042899 0.0206202078008143 0.0315625520923059 0.0323056417810324 0.0432135270595777 0.114688128921385 0.203444956625484 0.31066979612298 0.364031365392207 0.400251700725324 0.408489719457644 0.414312758761887 0.417030792613593 0.417108949909718 0.416734149815265 0.421413586515016 0.432694319288857 0.454231891463317
-9999 -9999 -9999 -9999 -9999 -9999 -9999 -9999 -9999 -9999 -9999 -9999 -9999 -9999 -9999 -9999 -9999 -9999 -9999 -9999 -9999 -9999 0.341712377118753 0.332961637971282 0.328718226617412 0.326724203132529 0.284731734298876 0.241908598478927 0.19856518551411 0.193842564973528 0.212673388711026 0.176354950960888 0.124287630353199 0.0370528058225921 0 0 0.00913714816128398 0.018647641239136 0.0254772006974896 0.0216201064173494 0.00826079546132361 0.017478349089318 0.041668029162356 0.120889700612718 0.208291705492829 0.304435321299282 0.361534117972872 0.404278432779849 0.41252133070757 0.41806199707943 0.420128330039825 0.418333788118431 0.415840085989645 0.420276038019597 0.430671671450527 0.45032722813329
-9999 -9999 -9999 -9999 -9999 -9999 -9999 -9999 -9999 -9999 -9999 -9999 -9999 -9999 -9999 -9999 -9999 -9999 -9999 -9999 -9999 -9999 0.345969496736048 0.34941466555143 0.347885927960272 0.343874955829122 0.292400162202906 0.246069561730325 0.213212815995297 0.196305234727721 0.18912448020258 0.15410178735161 0.107365205997902 0.0320078685114335 0 0 0.00517008191290031 0.00980356843217757 0.0101287969736898 0.00774773154854032 0.00296031963840733 0.0249345647739056 0.068936242296981 0.199769530224688 0.292815395470678 0.345481128313797 0.374112746250987 0.395917087120172 0.411288358365806 0.42059939761289 0.422118629948343 0.421816815408316 0.421191482408563 0.423913390329636 0.433924484813475 0.455261236425296
-9999 -9999 -9999 -9999 -9999 -9999 -9999 -9999 -9999 -9999 -9999 -9999 -9999 -9999 -9999 -9999 -9999 -9999 -9999 -9999 -9999 -9999 0.353394986476927 0.356096699286313 0.355442607430018 0.353113796837628 0.289106329324048 0.236483767637615 0.212174751064492 0.194100975680971 0.179829851581932 0.126634162982551 0.0724228675338153 0.0225555116733668 0.00238913252471328 0.00415300949522417 0.00421461109219496 0.00358736234391471 0.0011480850863816 0 0 0.0471927570356244 0.116862698426922 0.257061489171778 0.34156554078185 0.366553468221486 0.375387617224702 0.382188424335304 0.403499468411569 0.416473303972478 0.418727761306744 0.421685583084933 0.424737686499377 0.426110572119138 0.435479345725864 0.457271821894509
-9999 -9999 -9999 -9999 -9999 -9999 -9999 -9999 -9999 -9999 -9999 -9999 -9999 -9999 -9999 -9999 -9999 -9999 -9999 -9999 -9999 -9999 0.351034300977051 0.346973060035084 0.348311234751584 0.352343994960403 0.271945133193223 0.209508195888366 0.1912941335393 0.185993007697213 0.188567021420949 0.0925701965859513 0.0146851678148756 0.00752772757682259 0.00780054021998339 0.0135596151600493 0.00706883688341236 0.00069543243258745 0.000222563412306005 0 0 0.0881755892331693 0.190922026729606 0.287044588178797 0.345061814785955 0.362359183912028 0.362363128626813 0.361670054779389 0.38741728086273 0.40391782737297 0.408529663710965 0.416982278272421 0.426000305274232 0.426485924620992 0.434886280778542 0.455584249928346
-9999 -9999 -9999 -9999 -9999 -9999 -9999 -9999 -9999 -9999 -9999 -9999 -9999 -9999 -9999 -9999 -9999 -9999 -9999 -9999 -9999 -9999 0.305260470057107 0.307471695102928 0.315883000380708 0.327388463860227 0.24869939134451 0.185857929370247 0.162579175409626 0.143773240717813 0.127695119020009 0.0559596645449404 0.00212516411555165 0.010387056162887 0.0122457740908591 0.00937659199803899 0.00425319447362367 0 0 0 0 0.105692275001629 0.222670548386931 0.300525268870016 0.338247196272691 0.333082697894653 0.344673455194842 0.361210845392183 0.383611502275914 0.398556788266567 0.403916498908397 0.413738535529777 0.424205991431327 0.424615487500087 0.433874461647773 0.456883413741621
-9999 -9999 -9999 -9999 -9999 -9999 -9999 -9999 -9999 -9999 -9999 -9999 -9999 -9999 -9999 -9999 -9999 -9999 -9999 -9999 -9999 -9999 0.237553968804009 0.256531299839949 0.274859783880301 0.292864459973341 0.222874358234864 0.163562606704619 0.131854208639718 0.0926900774880272 0.0489789605603084 0.0204558905802781 0.00387198396940078 0.0189248983914469 0.0166593706156244 0.00160645619357836 0 0 0 0 0 0.115159221499672 0.23957366187972 0.306010791020471 0.326560693040482 0.298074906060395 0.326549719421905 0.366039568245678 0.382704213383962 0.394719273446393 0.40075623413261 0.410377606174482 0.420414773444463 0.421079880921736 0.43139170618807 0.4566922297335
