layers/veg/veg_5000.asc
NCOLS 255 
NROWS 330 
XLLCORNER -2985163.8955 
YLLCORNER -3022031.214 
CELLSIZE 25000 
NODATA_value -9999 
[rows 175 to 199 of 330, columns 56 to 111 of 255]
-9999 -9999 -9999 -9999 -9999 -9999 -9999 -9999 -9999 -9999 -9999 -9999 -9999 -9999 -9999 -9999 -9999 -9999 -9999 -9999 -9999 -9999 0.181950101376041 0.178133094074048 0.182404387578883 0.19071215824906 0.14614177242268 0.10399700237109 0.0692647491345425 0.0379588351763424 0.00874252337813603 0.00307629669324259 0.00424294359157924 0.020738018800141 0.0182554396794793 0.00176036447091771 0 0 0 0.00364461910466661 0.0105299121640688 0.105353656815984 0.202613377550204 0.232227705574307 0.249429140917958 0.253365997352347 0.284181377398612 0.318072448758873 0.325552478153417 0.329021572319732 0.32733369677913 0.339828799073975 0.355778246261236 0.357431036300772 0.359907348565637 0.363663217922508
-9999 -9999 -9999 -9999 -9999 -9999 -9999 -9999 -9999 -9999 -9999 -9999 -9999 -9999 -9999 -9999 -9999 -9999 -9999 -9999 -9999 -9999 0.181189185875579 0.173855674741487 0.169922935587328 0.167687356166639 0.126955646165861 0.0882431996887974 0.0555096382805833 0.0271885124179373 0.00155837366947442 0 0.00343846794899751 0.0168060242685083 0.0147941500700893 0.00142659375057861 0 0 0 0.00570359555626598 0.0164786383712785 0.105589853362816 0.195489475943333 0.218158172350834 0.238918303472372 0.257638916852892 0.289493750835307 0.321304682270715 0.328809154487474 0.33103465187108 0.326472826161921 0.335225365746026 0.347733998097189 0.353287027667044 0.358476018889904 0.363099381360638
-9999 -9999 -9999 -9999 -9999 -9999 -9999 -9999 -9999 -9999 -9999 -9999 -9999 -9999 -9999 -9999 -9999 -9999 -9999 -9999 -9999 -9999 0.18693641176192 0.196067704122376 0.187026626907278 0.168916604732818 0.126002198870999 0.0846605951215869 0.0477960178337134 0.0213366155118589 0.00122295840604519 0 0.000765512296940442 0.00374155537613008 0.00329364820885928 0.000317605129669657 0 0 0 0.00574061758321085 0.0165856011788229 0.100433439914962 0.185649748273763 0.21141045685496 0.237010616766887 0.262439212278225 0.293008746339878 0.321895715022497 0.32899441863995 0.330966777194502 0.326348052948581 0.328345672442181 0.333267955743091 0.34806189868703 0.358290098059623 0.361424221052349
-9999 -9999 -9999 -9999 -9999 -9999 -9999 -9999 -9999 -9999 -9999 -9999 -9999 -9999 -9999 -9999 -9999 -9999 -9999 -9999 -9999 -9999 0.261629085320481 0.256553655557233 0.233224038258375 0.20078464463948 0.146985147847198 0.0944173713238531 0.0454229241025913 0.0169418152515959 0.00097106007108241 0 0 0 0 0 0 0.00136628649935508 0.00783218093373959 0.0156741755347605 0.0247397525846075 0.101910651944686 0.18272716601385 0.220031380648665 0.251212611932844 0.275850743400934 0.299771442909022 0.321488455360179 0.328273680691988 0.329793432698857 0.324543220873303 0.324978160970615 0.328376051407917 0.345923203525634 0.357247679199929 0.358903600062281
-9999 -9999 -9999 -9999 -9999 -9999 -9999 -9999 -9999 -9999 -9999 -9999 -9999 -9999 -9999 -9999 -9999 -9999 -9999 -9999 -9999 -9999 0.31878162206024 0.319483052448681 0.289353187589049 0.243836924248576 0.176180662759024 0.109493942450567 0.0458049489732857 0.0136718767748662 0.0007836358404145 4.66448869192573e-05 0.000182041740819624 0.000565003207124524 0.000478796199166415 4.61701187493413e-05 0 0.00315976338938 0.018113213140225 0.0291023772550594 0.0365666305792705 0.106155279514499 0.182021879133046 0.233096736963171 0.270061507870972 0.291948055981241 0.307611577614367 0.320821279664814 0.327308776924226 0.328297133067969 0.32221509227586 0.323148172038822 0.327392655791699 0.34475477628166 0.355498299211092 0.355958100357142
-9999 -9999 -9999 -9999 -9999 -9999 -9999 -9999 -9999 -9999 -9999 -9999 -9999 -9999 -9999 -9999 -9999 -9999 -9999 -9999 -9999 -9999 0.318479105265894 0.318313877605529 0.292085806794898 0.252851039800175 0.187281215015965 0.123539411111197 0.0649144872690459 0.0269339871380753 0.00154378495317191 0.00152108939983313 0.00593637975298814 0.0184247501921593 0.0156135403327937 0.00150560721350288 0 0.00124514652226096 0.00713775101778998 0.0279258506027435 0.0619585284530588 0.113618529113359 0.164213089649689 0.193407369030276 0.233249762422098 0.284470869234949 0.308535126815842 0.324461776048377 0.32999990244954 0.330495518886481 0.324507841614436 0.325235716823521 0.328433488838944 0.33537039999267 0.342630646172712 0.350393277854069
-9999 -9999 -9999 -9999 -9999 -9999 -9999 -9999 -9999 -9999 -9999 -9999 -9999 -9999 -9999 -9999 -9999 -9999 -9999 -9999 -9999 -9999 0.326387816947387 0.322799994607431 0.297200695385405 0.260616539648779 0.193219719423532 0.13071617918182 0.0805313688828829 0.0387999333282604 0.00222390962575183 0.00478786695963638 0.0119496902929054 0.0250716104122747 0.0201641696510904 0.00194442250981429 0 0 0 0.0278387706298135 0.0804308491694659 0.124137701018637 0.161586074128643 0.175528726140508 0.215111635759691 0.282094058855833 0.310449187191535 0.327571275405792 0.332435476274532 0.333258202905111 0.328884694984007 0.32845661039724 0.329280165688147 0.329788401433288 0.334951292600311 0.34734640795356
-9999 -9999 -9999 -9999 -9999 -9999 -9999 -9999 -9999 -9999 -9999 -9999 -9999 -9999 -9999 -9999 -9999 -9999 -9999 -9999 -9999 -9999 0.328936788972086 0.332651328559388 0.306746361921763 0.266059741710533 0.189557341616139 0.125117865103119 0.0896522654925295 0.0480691566346043 0.00275519700606305 0.011388201079799 0.0184446633063948 0.0108636455201516 0.00502942551746304 0.000484985415060755 0 0 0 0.0297779503029529 0.0860334625131649 0.140340576558228 0.187195608883666 0.19821580605538 0.23170453440495 0.289203428028341 0.314205497270011 0.329693174482603 0.334395750015873 0.337070423989562 0.337137769169266 0.333785417060758 0.329765731822552 0.331278437419882 0.336921646570792 0.348982672937787
-9999 -9999 -9999 -9999 -9999 -9999 -9999 -9999 -9999 -9999 -9999 -9999 -9999 -9999 -9999 -9999 -9999 -9999 -9999 -9999 -9999 -9999 0.337752411925178 0.337780195624273 0.311535119898586 0.27217853909054 0.193744462764209 0.128334373952156 0.094220715899121 0.0512734409875428 0.00293885811588654 0.00819010789981827 0.0124242636928301 0.00370393923185184 0.00652168388548648 0.0178587716320907 0.0125230992491673 0.00589665186566526 0.00188714086215414 0.0367272239550759 0.106111072562248 0.155497836677871 0.197969455787604 0.223722525915887 0.257273413435699 0.29915715025766 0.322582478116777 0.33934580373595 0.340713029401645 0.341875779165134 0.342775628638925 0.33755881603716 0.331040632531926 0.333060900068268 0.338368590127597 0.348784150593257
-9999 -9999 -9999 -9999 -9999 -9999 -9999 -9999 -9999 -9999 -9999 -9999 -9999 -9999 -9999 -9999 -9999 -9999 -9999 -9999 -9999 -9999 0.337696448726134 0.33756390758444 0.313956360511307 0.278633580824849 0.201838286100051 0.135938027536419 0.0965234100272418 0.0514592001565924 0.00294950534047392 0.000115329266741724 0.000174952667172029 5.21571389401175e-05 0.016289215289133 0.0446058688250705 0.0312789554567087 0.0147280722910605 0.00471351330796001 0.0461700255660782 0.13339290056432 0.170134693129476 0.201359568454009 0.250632582932923 0.287309645403031 0.310526509379586 0.333259170665127 0.352746483689491 0.349198794136584 0.347175418007542 0.347111893559824 0.340558087308265 0.332708385718689 0.334988903710527 0.339555031884248 0.347672453062385
-9999 -9999 -9999 -9999 -9999 -9999 -9999 -9999 -9999 -9999 -9999 -9999 -9999 -9999 -9999 -9999 -9999 -9999 -9999 -9999 -9999 -9999 0.336469895324685 0.336366557357131 0.308370131299609 0.266453622911447 0.168387256850171 0.0888879162758031 0.054020150036178 0.0257391955332887 0.00147530265635525 0 0.00103052973135411 0.00503686756178893 0.0112345930654929 0.0190503694972017 0.0439856931038909 0.0648659345566983 0.0629768177304948 0.0669310467113687 0.0760809842208136 0.172948995805604 0.27228677101244 0.304349986639028 0.32725174728472 0.340363457726474 0.35648671875924 0.371106936579447 0.369150248954057 0.366988856426816 0.364564269178737 0.35351882488917 0.340411513537385 0.336470174526 0.337647958023481 0.346779636764599
-9999 -9999 -9999 -9999 -9999 -9999 -9999 -9999 -9999 -9999 -9999 -9999 -9999 -9999 -9999 -9999 -9999 -9999 -9999 -9999 -9999 -9999 0.334531562814948 0.334953847060178 0.303593160296251 0.256371140010095 0.143795278467042 0.0549641939707083 0.0229868304410555 0.00685739574946194 0.000393047799484501 0 0.00287518001602789 0.0140528705930741 0.0134375720346931 0.00411470555152634 0.0616669438296585 0.113064246059125 0.111667622865687 0.088837276875221 0.0469487782420227 0.182336567921081 0.324819020649018 0.341955238392139 0.353088778950886 0.357807780430894 0.370696713132645 0.383780726003734 0.383384367011774 0.381603235362009 0.378041663430633 0.366069502262552 0.351797755268599 0.342840707178557 0.339919130273788 0.346375235866455
-9999 -9999 -9999 -9999 -9999 -9999 -9999 -9999 -9999 -9999 -9999 -9999 -9999 -9999 -9999 -9999 -9999 -9999 -9999 -9999 -9999 -9999 0.334257192685763 0.333893454186953 0.300937160186076 0.251715508456022 0.140890222547662 0.0529445499048934 0.0197335305554965 0.00451082418158451 0.000258548519468543 0 0.00655176196893201 0.0320227125233096 0.0327690090561716 0.015259407797826 0.0909518833342879 0.155444705248789 0.136574704309533 0.112992681125919 0.0852208846565657 0.207184318155673 0.332942479309239 0.341737208909304 0.346264601082574 0.346231860860652 0.363819454781363 0.383254588516821 0.384132162416187 0.383818068484014 0.381971814454941 0.377349366840001 0.371426119527609 0.360433436708504 0.351870590345065 0.347083130211214
-9999 -9999 -9999 -9999 -9999 -9999 -9999 -9999 -9999 -9999 -9999 -9999 -9999 -9999 -9999 -9999 -9999 -9999 -9999 -9999 -9999 -9999 0.336462217747919 0.335939591463535 0.306044789076634 0.261491763539311 0.138144727510481 0.042755913109993 0.0143733766034726 0.00228387156088705 0.000130905481338498 0 0.00706816349587972 0.0345467019054727 0.0420623917708644 0.034838149488888 0.114435851242093 0.183423494632948 0.174093977639805 0.16043389394311 0.142923214526418 0.237141725009791 0.333260943333397 0.337407234776133 0.338879020780019 0.337492795412167 0.355630530544551 0.376010707193368 0.377267870569946 0.37806277677044 0.378263346209496 0.378024088000685 0.377325289991705 0.372630858633306 0.365549463982545 0.354759297770846
-9999 -9999 -9999 -9999 -9999 -9999 -9999 -9999 -9999 -9999 -9999 -9999 -9999 -9999 -9999 -9999 -9999 -9999 -9999 -9999 -9999 -9999 0.337294410020025 0.339155869988887 0.315875087269408 0.280047035238271 0.135496294463271 0.0275980214488377 0.00773160872798502 0.000129683974396786 7.43314264297211e-06 0 0.00566220537816586 0.0276748721844208 0.0452495565140167 0.0595473757994121 0.134391047942417 0.202641648509575 0.219285334663164 0.222040025419333 0.212445083923333 0.270207371381747 0.328831575052814 0.330575936227445 0.331151935487705 0.330479407977717 0.346643710863253 0.364680375758248 0.36577309331784 0.367459202907849 0.36990825294717 0.372247626955825 0.374872896763961 0.381546277566925 0.380279135258677 0.36667431419848
-9999 -9999 -9999 -9999 -9999 -9999 -9999 -9999 -9999 -9999 -9999 -9999 -9999 -9999 -9999 -9999 -9999 -9999 -9999 -9999 -9999 0.347196903772838 0.345364218144557 0.340113892277142 0.297799978954906 0.236989433521662 0.125930799622992 0.0436615818679098 0.0293179040175113 0.0150634447984095 0.000863396841451895 0 0.0052840040175823 0.0258263567005981 0.0738974012962919 0.142294756037566 0.197544141285372 0.241976648479193 0.251898534641203 0.242037190647447 0.214585257111907 0.26058916018098 0.311589555964777 0.321030935165418 0.326081431890058 0.326439774369627 0.340376941440025 0.356489138921915 0.363837210659447 0.369036267643976 0.371472277271632 0.37011045838444 0.368127665588667 0.373802383501509 0.372061978525492 0.358800241412081
-9999 -9999 -9999 -9999 -9999 -9999 -9999 -9999 -9999 -9999 -9999 -9999 -9999 -9999 -9999 -9999 -9999 -9999 -9999 -9999 0.344941033396684 0.345883110208818 0.344180518280068 0.337546078701865 0.279060933709025 0.194699625921104 0.115500698883243 0.0563622516750604 0.0431589765588743 0.024065332032958 0.00137936122472736 0.00345297742472437 0.0107749637627828 0.028623781382113 0.0989662712057383 0.208068418236814 0.24659469190071 0.271511273881194 0.277101367587732 0.256077183796396 0.211388470616782 0.246777650034857 0.291696659853073 0.311913948787946 0.323017829302352 0.324383002793536 0.33636543440048 0.350688510575396 0.362875859767305 0.370432877025502 0.372036549201716 0.368564852478768 0.36397683262208 0.366013990420685 0.36241647008139 0.350064004033559
-9999 -9999 -9999 -9999 -9999 -9999 -9999 -9999 -9999 -9999 -9999 -9999 -9999 -9999 -9999 -9999 -9999 -9999 -9999 -9999 0.344890898853471 0.344217506773835 0.3406389067291 0.331642598654494 0.263556272656401 0.165980995425626 0.103857223889043 0.0536255385537378 0.0294997388933244 0.012840943957447 0.000736008967569701 0.016845623037395 0.0329712554256977 0.0438686445803354 0.109037992221008 0.214280027074513 0.247084542861191 0.269125328998849 0.283292205841191 0.260641414839412 0.205253579490865 0.228766028994493 0.266535576032956 0.304529425924144 0.325241393020147 0.327485714907361 0.338344318294563 0.351190608511597 0.362957176289354 0.36906399930567 0.367893932862834 0.368051044086468 0.368085751723994 0.361169374533689 0.352890587257203 0.342494939701329
-9999 -9999 -9999 -9999 -9999 -9999 -9999 -9999 -9999 -9999 -9999 -9999 -9999 -9999 -9999 -9999 -9999 -9999 -9999 -9999 0.355239615243567 0.352861653420231 0.347349372473536 0.335992130998434 0.253901538846414 0.136511374923459 0.0793997123656414 0.0345025126065111 0.0155899708246084 0.00629828947162552 0.00287402786318255 0.0483295920677728 0.0855744327854477 0.0899718692852595 0.133986044426591 0.207251958776536 0.233981171831067 0.255766929716349 0.279853045308269 0.270585953127759 0.231662299141762 0.246304165238389 0.272338180801567 0.307168834960904 0.326080084016558 0.327979649283239 0.336930635661873 0.347272889207422 0.354993395048924 0.360196801202437 0.362163903077363 0.363851002774849 0.364585913194109 0.35446844704942 0.344483033374491 0.334702797737267
-9999 -9999 -9999 -9999 -9999 -9999 -9999 -9999 -9999 -9999 -9999 -9999 -9999 -9999 -9999 -9999 -9999 -9999 -9999 -9999 0.355517958054077 0.362108945039545 0.361611029783854 0.34789354365534 0.24855558266098 0.106488610971321 0.0455039921967 0.00331010953291709 0.00149567400012187 0.00320397683668208 0.00706067220173938 0.0931387677729685 0.160573873088091 0.158803892499229 0.169891293244997 0.190472175246492 0.210865681277161 0.234326743422681 0.269320886593624 0.284493369330713 0.282041091602337 0.290026558549334 0.300947162988409 0.317191394538135 0.325898743763475 0.326552082300472 0.333018150200693 0.340099743153467 0.34110397819141 0.345806697642491 0.355264660196432 0.356935857964867 0.355481826393305 0.346400248906427 0.336899187295321 0.326746347420518
-9999 -9999 -9999 -9999 -9999 -9999 -9999 -9999 -9999 -9999 -9999 -9999 -9999 -9999 -9999 -9999 -9999 -9999 -9999 -9999 0.344633332524012 0.343760565134629 0.337571825370773 0.321469720861344 0.244784521147965 0.137865248019554 0.0564595175097961 0.00490771609746777 0.021097153518463 0.0250175917666817 0.0214556048696709 0.122170580719989 0.195501993629863 0.170265492942707 0.169200673773465 0.185983455094351 0.201453479767705 0.220154105070699 0.251498196959466 0.275267572269803 0.292301761810305 0.297191414950454 0.301674983572916 0.315148983534788 0.314401424681833 0.298456522714079 0.300065147344014 0.304939617524237 0.301831838243019 0.305704134429093 0.318550905566415 0.321460565870078 0.320822417276583 0.315998365006942 0.309729998028068 0.301217510523422
-9999 -9999 -9999 -9999 -9999 -9999 -9999 -9999 -9999 -9999 -9999 -9999 -9999 -9999 -9999 -9999 -9999 -9999 -9999 -9999 0.323807981264245 0.32268633117494 0.314587834460651 0.293478731126298 0.235582357258013 0.159327247601844 0.0655405181780726 0.00930235708784304 0.0399887140307582 0.0480230937881302 0.0422428403145899 0.146523065036961 0.218432700280758 0.176292455096539 0.16805086563623 0.18483896490752 0.194811763096783 0.207033028531126 0.230685677443641 0.257748069544138 0.287842291754807 0.291800844291811 0.293237256556771 0.305703982701411 0.299321587741541 0.272796776287991 0.270866216143249 0.273778574896083 0.267475912888135 0.270059038614052 0.284066865951487 0.289631600437619 0.29211116893395 0.29014288436809 0.28618258526163 0.279127170741875
-9999 -9999 -9999 -9999 -9999 -9999 -9999 -9999 -9999 -9999 -9999 -9999 -9999 -9999 -9999 -9999 -9999 -9999 -9999 -9999 0.323863315156543 0.324524670874028 0.312438518435953 0.276580478365418 0.205486450540804 0.116807856641747 0.0478477287937093 0.00962204077599416 0.0413629613817312 0.0644640927141882 0.0822961246199112 0.160438910651547 0.214436709664793 0.18743761867981 0.181350856493805 0.190705092462843 0.192423376242864 0.194614023723092 0.201972765481158 0.219597668420167 0.246350900053827 0.255856932226354 0.26302250746121 0.274055398317928 0.275914422339103 0.267970132686684 0.268450523813601 0.26984682441467 0.26261030348702 0.262343749141606 0.271038672475973 0.283973078111234 0.296804275213718 0.291056193887057 0.284751824745165 0.277583117037434
-9999 -9999 -9999 -9999 -9999 -9999 -9999 -9999 -9999 -9999 -9999 -9999 -9999 -9999 -9999 -9999 -9999 -9999 -9999 -9999 0.346606185695673 0.342124555118309 0.32054140491117 0.267066892249323 0.184347579321496 0.0870336103221532 0.0463179036547902 0.0298926099600383 0.0673396558506907 0.0951641537079088 0.117120202610765 0.167600804623805 0.202873249893315 0.188897425827253 0.183530859182498 0.18452109427114 0.187876698444066 0.191364208900469 0.194289291061834 0.208408216069376 0.232480333419725 0.244760257445288 0.253959607363535 0.258332630320671 0.260944984325841 0.261675864540198 0.261425537697359 0.260574439415429 0.257087151990808 0.258129771936544 0.264996618341898 0.277221431370927 0.290016905530777 0.288162327190515 0.284399338190114 0.277671134263466
-9999 -9999 -9999 -9999 -9999 -9999 -9999 -9999 -9999 -9999 -9999 -9999 -9999 -9999 -9999 -9999 -9999 -9999 -9999 -9999 0.347053325152508 0.356979722184698 0.337738224248782 0.264103670572419 0.171153798873142 0.068564592287234 0.0591249892144834 0.0678600606918763 0.115139271037756 0.138512321596234 0.147305857672714 0.168771792467189 0.184597275768062 0.18176610524614 0.175847183716249 0.167648365094286 0.181415568316572 0.196247670623113 0.205259397973253 0.221133728142261 0.243110056237012 0.255703637733574 0.263658870294137 0.256736417568141 0.253459999179072 0.254079780605233 0.250312004926027 0.246564792179305 0.250980745953238 0.257021537003948 0.265151426017655 0.269500158832599 0.273046096959063 0.281891410060231 0.285003304749646 0.279206834898843
