layers/veg/veg_2700.asc
NCOLS 255 
NROWS 330 
XLLCORNER -2985163.8955 
YLLCORNER -3022031.214 
CELLSIZE 25000 
NODATA_value -9999 
[rows 250 to 274 of 330, columns 57 to 113 of 255]
-9999 -9999 -9999 -9999 -9999 -9999 -9999 -9999 -9999 -9999 -9999 -9999 -9999 -9999 -9999 0.79443815399835 0.795381431314611 0.805493394066528 0.818966539844763 0.765721834607097 0.703061749543418 0.621160347429999 0.546432325913347 0.47562518131234 0.484056274926343 0.49626094820475 0.510665240921088 0.515450462162929 0.513840765687325 0.501346089145161 0.491762982654721 0.494674042327108 0.491031435687 0.482128735629066 0.471350793148076 0.44840913156893 0.375040365952364 0.324895581886857 0.297168711568819 0.286592436711383 0.280366918463299 0.278623727703825 0.271573405500714 0.258365552011978 0.246914963410461 0.234742147357106 0.211506045753305 0.191218666767943 0.175053945696453 0.162976713237195 0.152337099887645 0.141055912787846 0.131113698529199 0.123440866479346 -9999 -9999 -9999
-9999 -9999 -9999 -9999 -9999 -9999 -9999 -9999 -9999 -9999 -9999 -9999 -9999 -9999 -9999 0.836723325243704 0.830370161062402 0.840090265004586 0.856576728437879 0.838225744694236 0.791785783079268 0.687943046556372 0.602274776712542 0.526540434937196 0.529202555620623 0.532169502482104 0.528610489683386 0.524829714057066 0.520901506837264 0.529679034288013 0.537104426809534 0.536544284087793 0.537214527792054 0.538872302327486 0.537572903167677 0.519867528453171 0.434412477964439 0.363552341890406 0.306780553750214 0.289839433576409 0.282572961766833 0.283180882096533 0.277855325887098 0.26564552951699 0.256915115064148 -9999 -9999 -9999 -9999 -9999 -9999 -9999 -9999 -9999 -9999 -9999 -9999
-9999 -9999 -9999 -9999 -9999 -9999 -9999 -9999 -9999 -9999 -9999 -9999 -9999 -9999 -9999 0.840447295653164 0.844038615810341 0.852982846596684 0.863866570876118 0.833651663348732 0.78968072492052 0.717597893313287 0.648204440175709 0.58028096647347 0.55186413097768 0.533036225321433 0.534867215681819 0.538096795067808 0.542256179556397 0.564075266572405 0.582510420793212 0.584995080280254 0.588091966572398 0.591680237386452 0.580249761929552 0.562831820683473 0.529305738233751 0.455165557427009 0.341820929618051 0.311846672099526 0.300072985093409 0.292684363993513 0.282633810115247 0.269494782823968 0.258868115296613 0.249928127510674 -9999 -9999 -9999 -9999 -9999 -9999 -9999 -9999 -9999 -9999 -9999
-9999 -9999 -9999 -9999 -9999 -9999 -9999 -9999 -9999 -9999 -9999 -9999 -9999 -9999 -9999 0.860599388253273 0.858757633474323 0.866129414669731 0.877046894197889 0.836712728005523 0.78930516159361 0.727442359306029 0.671344894912691 0.618398689532522 0.562422580112886 0.52451690562696 0.53275747933888 0.539629612401919 0.545591983501551 0.564863705734762 0.581183116586716 0.584185170797803 0.590935401369307 0.60069398739594 0.584479023060286 0.568890521668838 0.572015950538408 0.508313173977632 0.38010169368998 0.338378881876223 0.316382339316013 0.303921761356412 0.290740823698666 0.276724097927258 0.261422465826652 0.247215423028916 0.24625545938252 -9999 -9999 -9999 -9999 -9999 -9999 -9999 -9999 -9999 -9999
-9999 -9999 -9999 -9999 -9999 -9999 -9999 -9999 -9999 -9999 -9999 -9999 -9999 -9999 -9999 0.862749063571726 0.866647798159409 0.879510290458704 0.895661306437993 0.846817370784593 0.790525092571127 0.719011344449739 0.67346183916808 0.642104052701455 0.561815648122211 0.507338770000747 0.522929510614945 0.530337331841516 0.532305012997281 0.534648269358757 0.536743390349887 0.537931254262252 0.549466486476849 0.569306707273887 0.553239590148051 0.540903060995422 0.566586235343699 0.525975489867799 0.421371782059724 0.369085470049359 0.331593276972765 0.316758731148962 0.301918473591998 0.287071589069787 0.264531574287784 0.242478956379217 0.244511063755236 -9999 -9999 -9999 -9999 -9999 -9999 -9999 -9999 -9999 -9999
-9999 -9999 -9999 -9999 -9999 -9999 -9999 -9999 -9999 -9999 -9999 -9999 -9999 -9999 -9999 0.86525790676278 0.865266155278911 0.879239899846094 0.898667337248659 0.847858070381907 0.792608747235338 0.728285702988042 0.684443401634648 0.651795609055008 0.602781787235924 0.569494085605486 0.577644334212963 0.573749236778563 0.561846194188524 0.56698779626523 0.566259868543428 0.541742459436986 0.533328862088338 0.537840480975919 0.525640891990798 0.5200160385495 0.552605702001896 0.529526346117254 0.452710154834247 0.397097652684893 0.349754445513667 0.325011790888285 0.305300823713001 0.291427807457628 0.27109403016783 0.251267386945671 0.252557852549035 -9999 -9999 -9999 -9999 -9999 -9999 -9999 -9999 -9999 -9999
-9999 -9999 -9999 -9999 -9999 -9999 -9999 -9999 -9999 -9999 -9999 -9999 -9999 -9999 -9999 0.856523072987171 0.85922975848437 0.85818766708753 -9999 0.812746511293075 0.794245009861681 0.737933748068402 0.692340650901531 0.652605963684456 0.642269390056876 0.635991177988236 0.637276084350579 0.622591588055226 0.597290368902217 0.607137436486294 0.605536045013174 0.556990498037296 0.528514563215564 0.516146869148947 0.509547402311752 0.511226037020184 0.544446170732866 0.539121093565508 0.496588649048713 0.431405311531467 0.366781961282487 0.333457326117156 0.309630381828814 0.296823011737451 0.280265089220128 0.263745507713347 0.257153425771373 0.255320364493694 0.260140968800305 0.246688113023615 0.227969812198775 0.232854227862905 -9999 -9999 -9999 -9999 -9999
-9999 -9999 -9999 -9999 -9999 -9999 -9999 -9999 -9999 -9999 -9999 -9999 -9999 -9999 -9999 0.855042908981632 0.853796966999819 0.854276662709407 -9999 -9999 0.792563751403494 0.73113540300337 0.674331991134422 0.620056509665485 0.630413495638651 0.643204773843293 0.656156427660279 0.645803003113014 0.619955977241224 0.624237320569728 0.62040342753858 0.581805442062502 0.558449003043849 0.547325710233043 0.551806298546606 0.560377163821607 0.576648446502425 0.596080869219557 0.618564713783626 0.502530141885407 0.374608859407609 0.347723156770449 0.327206348899353 0.314078969610041 0.299925904412877 0.284937029059371 0.264958061569631 0.255320364493694 0.260140968800305 0.251930879971969 0.239588621122944 0.237340225977346 -9999 -9999 -9999 -9999 -9999
-9999 -9999 -9999 -9999 -9999 -9999 -9999 -9999 -9999 -9999 -9999 -9999 -9999 -9999 -9999 0.841101358863922 0.84363327100389 0.842658468478312 -9999 -9999 0.755595070562068 0.72685548197627 0.682858327177034 0.630521584320505 0.629771135134878 0.63901837183953 0.668837200472273 0.666794624445528 0.643570059938936 0.63492440259436 0.626015108863399 0.612095475733417 0.599868517109118 0.589000130252335 0.589733925786967 0.594052239242084 0.606399931827384 0.641600500546223 0.698860758079272 0.558551460226278 0.399372573777813 0.372995872137087 0.35159112426683 0.335955022079741 0.321145801468556 0.307091054596965 0.297793600075427 0.284698827508299 0.266294961710686 0.254687357485425 0.246015631690352 -9999 -9999 -9999 -9999 -9999 -9999
-9999 -9999 -9999 -9999 -9999 -9999 -9999 -9999 -9999 -9999 -9999 -9999 -9999 -9999 -9999 0.838516138049525 0.834144480860648 0.835827597111567 -9999 0.765037685101763 0.76045475800304 0.746506138287355 0.72080324910208 0.688675628480643 0.641560896832047 0.62219312042821 0.674644687965937 0.685325224385141 0.668235688850521 0.638501795608042 0.621365260748979 0.648455583660658 0.654021202312974 0.642310696457781 0.622859599795145 0.6105694620691 0.633434296347375 0.674436773231495 0.732947363727673 0.597827949645032 0.442913648689315 0.410471603685057 0.38352462936002 0.362953240411638 0.344094207697979 0.32546550968323 0.304560737158138 0.284698827508299 0.266294961710686 0.254687357485425 -9999 -9999 -9999 -9999 -9999 -9999 -9999
-9999 -9999 -9999 -9999 -9999 -9999 -9999 -9999 -9999 -9999 -9999 -9999 -9999 -9999 -9999 0.824100948636091 0.82432035358256 0.8242358812612 0.751687060565441 0.752147125581222 0.75092562498648 0.746267668545038 0.717753179534651 0.676199018841557 0.652742529849311 0.646984177762819 0.684459927891714 0.693994952138696 0.684954519965146 0.659933984209078 0.643966986977296 0.6617521345636 0.672056969516492 0.676357967629039 0.675896164908745 0.678033290364697 0.694136893019827 0.719156168980421 0.752781669275248 0.626061500024636 0.481556139589262 0.430249075147431 0.392961481979141 0.371939800799568 0.351850100832387 0.331535789497782 0.3067963634906 0.292373127469416 -9999 -9999 -9999 -9999 -9999 -9999 -9999 -9999 -9999
-9999 -9999 -9999 -9999 -9999 -9999 -9999 -9999 -9999 -9999 -9999 -9999 -9999 -9999 -9999 -9999 0.817649565201634 0.817649565201634 0.716177378282378 0.727681704273828 0.736062161886146 0.738058666539025 0.703954080677708 0.650117106367552 0.663734633896378 0.679303334809495 0.693543454664933 0.698363909302883 0.696922014799193 0.683047742135359 0.670950304561312 0.668129789807544 0.679260246410109 0.701588009848974 0.725351002062274 0.745668351801161 0.750485441453668 0.755451572746908 0.76056157268039 0.650127706249938 0.523751196969077 0.446078373947829 0.395179676436539 0.375345315134691 0.355062042561116 0.336672676074674 -9999 -9999 -9999 -9999 -9999 -9999 -9999 -9999 -9999 -9999 -9999
-9999 -9999 -9999 -9999 -9999 -9999 -9999 -9999 -9999 -9999 -9999 -9999 -9999 -9999 -9999 -9999 -9999 -9999 0.716011583489463 0.711771646310629 0.708602468283014 0.70762149898338 0.690157998792306 0.663685360718209 0.674484155494181 0.684321081067059 0.688246301763592 0.688896490662057 0.687369384285588 0.681958224026734 0.675634771597496 0.667478109607156 0.67547445929908 0.696435513993751 0.703792802493118 0.706915459535943 0.700489000791347 0.698651555628258 0.701243846616568 0.663934395292223 0.60496792025566 0.467494529995629 0.3867510762002 0.371827804610956 0.353754031523796 -9999 -9999 -9999 -9999 -9999 -9999 -9999 -9999 -9999 -9999 -9999 -9999
-9999 -9999 -9999 -9999 -9999 -9999 -9999 -9999 -9999 -9999 -9999 -9999 -9999 -9999 -9999 -9999 -9999 -9999 0.687274574770813 0.689179995565613 0.690465572109218 0.690484431857632 0.685345902190612 0.677388410274036 0.684860416829492 0.690492688756672 0.690018907713727 0.687855564202032 0.684568971633005 0.681656561627665 0.676990862831994 0.666565122650418 0.669376644539266 0.68281263703229 0.68266399236019 0.678864817297802 0.667981876401697 0.664870259373536 0.669260235807812 0.670605091025551 0.647770010036495 0.485987559719901 0.391650758080194 0.375566906497942 0.374226936923706 -9999 -9999 -9999 -9999 -9999 -9999 -9999 -9999 -9999 -9999 -9999 -9999
-9999 -9999 -9999 -9999 -9999 -9999 -9999 -9999 -9999 -9999 -9999 -9999 -9999 -9999 -9999 -9999 -9999 -9999 0.687225952622888 0.684514099983682 0.684772142641201 0.691099478101006 0.692525047768141 0.69127137574677 0.694738474521087 0.698204396016359 0.701227770276 0.698061774204325 0.690780982427421 0.682406478045482 0.67390445343441 0.665303360345157 0.660192884891286 0.657884043511003 0.662108303459814 0.665098845824876 0.658818359592858 0.661812862125627 0.673760433178564 0.667751124679098 0.639298732926474 0.500578989590768 0.414340168420653 0.388991665036161 0.380331369808679 -9999 -9999 -9999 -9999 -9999 -9999 -9999 -9999 -9999 -9999 -9999 -9999
-9999 -9999 -9999 -9999 -9999 -9999 -9999 -9999 -9999 -9999 -9999 -9999 -9999 -9999 -9999 -9999 -9999 -9999 0.676785681271107 0.677049332547981 0.680980385993029 0.692406160752638 0.702847528662972 0.712750832540754 0.72259548431244 0.72748493065824 0.719803152615852 0.709785266949843 0.698214298320289 0.687191798998695 0.67614671977492 0.664872321754744 0.659220375200209 0.658081111857831 0.656588111321978 0.655484529155715 0.65625115607036 0.660408995554653 0.66784034396413 0.662939615355641 0.638253593470069 0.512035033477739 0.429176845452353 0.396626973657379 0.389683063925548 -9999 -9999 -9999 -9999 -9999 -9999 -9999 -9999 -9999 -9999 -9999 -9999
-9999 -9999 -9999 -9999 -9999 -9999 -9999 -9999 -9999 -9999 -9999 -9999 -9999 -9999 -9999 -9999 0.628626734225847 0.628626734225847 0.676332460300952 0.674405214431218 0.678201238075873 0.693693363770837 0.712922124622274 0.734193281848692 0.75362556771157 0.761328901240453 0.739434488498532 0.721461841744909 0.70609644984626 0.693098799473886 0.679706677821106 0.664366967014422 0.660698020203878 0.666396243760256 0.656347481606731 0.647814164290388 0.655442793914377 0.657990002587497 0.655632158423713 0.654063116847518 0.635969910409007 0.51937569446033 0.438963707155852 0.40053168722668 0.384525591564214 -9999 -9999 -9999 -9999 -9999 -9999 -9999 -9999 -9999 -9999 -9999 -9999
-9999 -9999 -9999 -9999 -9999 -9999 -9999 -9999 -9999 -9999 -9999 -9999 -9999 -9999 -9999 -9999 -9999 -9999 0.676358592643783 0.676912935462986 0.680746280479284 0.69128061069713 0.703864935947607 0.717569761928836 0.741958654132203 0.754950885376022 0.738022718365064 0.724960787351583 0.71446919393728 0.695374369468908 0.676095350838061 0.658677462101015 0.657224884069795 0.668586358776832 0.65856997877847 0.647890230589651 0.647613128942433 0.63264687312067 0.603501300518784 0.595770485226778 0.578996878217389 0.48238648142173 0.414142781302974 0.378811177693025 0.373253743926243 -9999 -9999 -9999 -9999 -9999 -9999 -9999 -9999 -9999 -9999 -9999 -9999
-9999 -9999 -9999 -9999 -9999 -9999 -9999 -9999 -9999 -9999 -9999 -9999 -9999 -9999 -9999 -9999 -9999 -9999 0.673789641395961 0.675765389051103 0.678824299715502 0.684096767693869 0.690313839308773 0.697047219035728 0.72141632265423 0.735059208473415 0.719836050425346 0.708347770269734 0.699342498673762 0.679987630113146 0.661423808058373 0.648364006946025 0.643393875859292 0.644916663091118 0.638124217017343 0.63076395213728 0.62613612157743 0.604918306912972 0.567686320349897 0.558673446359124 0.543810097759277 0.459541790373339 0.398813274777591 0.365396501117123 0.358076202296487 -9999 -9999 -9999 -9999 -9999 -9999 -9999 -9999 -9999 -9999 -9999 -9999
-9999 -9999 -9999 -9999 -9999 -9999 -9999 -9999 -9999 -9999 -9999 -9999 -9999 -9999 -9999 -9999 0.700913142642903 0.700913142642903 0.673744272839657 0.671411715767325 0.669687669758827 0.669207179987452 0.669504672081738 0.670227398986406 0.686539383053101 0.693341738407669 0.674556394965982 0.659252102002211 0.646262068937181 0.636074652783484 0.628889009597248 0.630582451082846 0.612833961032624 0.579481018264628 0.581067152853443 0.585854320424119 0.582617413487806 0.573337043145158 0.558222968487799 0.555809219909377 0.543810097759277 0.459541790373339 0.398813274777591 0.365396501117123 -9999 -9999 -9999 -9999 -9999 -9999 -9999 -9999 -9999 -9999 -9999 -9999 -9999
-9999 -9999 -9999 -9999 -9999 -9999 -9999 -9999 -9999 -9999 -9999 -9999 -9999 -9999 -9999 -9999 0.700913142642903 0.700913142642903 0.651410392333825 0.65302829850826 0.64795182628239 0.629194689056122 0.620381433729613 0.617003375443986 0.621434496570729 0.623706834857357 0.619772892932421 0.61181343977916 0.601177760220468 0.594125890171553 0.590856999576313 0.59876317446399 0.583134026224751 0.548614993703447 0.549682192629972 0.554350396710132 0.5522907335163 0.547035510573534 0.538695640725199 0.535607390467723 -9999 -9999 -9999 -9999 -9999 -9999 -9999 -9999 -9999 -9999 -9999 -9999 -9999 -9999 -9999 -9999 -9999
-9999 -9999 -9999 -9999 -9999 -9999 -9999 -9999 -9999 -9999 -9999 -9999 -9999 -9999 -9999 -9999 -9999 -9999 0.642838790929963 0.638318031260186 0.621610468877884 0.579997895848378 0.560745029391137 0.55371368891557 0.544676709571236 0.543327705275501 0.561678110786738 0.56563215019966 0.560015247461564 0.55357285807193 0.551027392731719 0.561282641854134 0.554036558043064 0.53274358173289 0.529666256181699 0.529110018510915 0.52798463807133 0.523336871140596 0.515288974203291 0.513895542092088 -9999 -9999 -9999 -9999 -9999 -9999 -9999 -9999 -9999 -9999 -9999 -9999 -9999 -9999 -9999 -9999 -9999
-9999 -9999 -9999 -9999 -9999 -9999 -9999 -9999 -9999 -9999 -9999 -9999 -9999 -9999 0.695376900292301 0.695376900292301 -9999 -9999 0.642896667802774 0.643872031991883 0.636938940276025 0.613844088731754 0.586068158766631 0.555733611971821 0.535793264276113 0.52659081905576 0.543674159215519 0.548639104657397 0.545547540976349 0.542578451153837 0.540649354259173 0.542038636925509 0.537422116689845 0.527985228311033 0.530336825840566 0.5320552841331 0.523800840682255 0.517976474349327 0.514497840986837 -9999 -9999 -9999 -9999 -9999 -9999 -9999 -9999 -9999 -9999 -9999 -9999 -9999 -9999 -9999 -9999 -9999 -9999
-9999 -9999 -9999 -9999 -9999 -9999 -9999 -9999 -9999 -9999 -9999 -9999 -9999 -9999 0.695376900292301 0.695658740780068 0.696411367146118 0.682578980245956 0.662429582740018 0.657245467030949 0.649523588872082 0.636615526746578 0.603336865798483 0.55892389939929 0.534041785954932 0.52029217724451 0.532979154451333 0.537070787206033 0.535448092889753 0.533623914223903 0.531366801404147 0.527771241876427 0.52516376168254 0.523349332180032 0.527336589767281 0.529800836326936 0.522219326556274 0.520241140607611 0.523671795940731 -9999 -9999 -9999 -9999 -9999 -9999 -9999 -9999 -9999 -9999 -9999 -9999 -9999 -9999 -9999 -9999 -9999 -9999
-9999 -9999 -9999 -9999 -9999 -9999 -9999 -9999 -9999 -9999 -9999 -9999 -9999 -9999 -9999 0.695658740780068 0.696411367146118 0.682578980245956 0.662487336239714 0.662787628588544 0.656697513098755 0.637547928360548 0.604722528479608 0.564422105187814 0.546354301663619 0.534577395058487 0.536697141872097 0.536199847317245 0.533962700401504 0.528691930881218 0.524244508578495 0.523317550661172 0.52149545940352 0.518954917622598 0.517097650810148 0.517292732147914 0.525769425687884 0.528218499516082 0.524849162814457 -9999 -9999 -9999 -9999 -9999 -9999 -9999 -9999 -9999 -9999 -9999 -9999 -9999 -9999 -9999 -9999 -9999 -9999
