layers/veg/veg_3200.asc
NCOLS 255 
NROWS 330 
XLLCORNER -2985163.8955 
YLLCORNER -3022031.214 
CELLSIZE 25000 
NODATA_value -9999 
[rows 150 to 174 of 330, columns 57 to 113 of 255]
-9999 -9999 -9999 -9999 -9999 -9999 -9999 -9999 -9999 -9999 -9999 -9999 -9999 -9999 -9999 -9999 -9999 -9999 -9999 -9999 0.493121914118339 0.502813041204613 0.451547029546181 0.366962635442561 0.195555114445117 0.0637622278259578 0.0405985279189554 0.056562449465566 0.0985390605257704 0.0997139164886237 0.0955400075984006 0.085762964732164 0.0743232210082358 0.0615489629193205 0.029289774780978 0.000786705988264466 0.000259129539690762 0 0 0.0627764959735932 0.128644795225358 0.135177169777578 0.13214148389821 0.118004578447413 0.159368052414162 0.217772708467175 0.289586530086864 0.3314942701717 0.331589822517507 0.35461657102568 0.384384713425439 0.386923083510005 0.387991181905594 0.386567363878008 0.38981955033107 0.3951714985719 0.399148559200859
-9999 -9999 -9999 -9999 -9999 -9999 -9999 -9999 -9999 -9999 -9999 -9999 -9999 -9999 -9999 -9999 -9999 -9999 -9999 -9999 0.488702621136857 0.484943166120685 0.452180587797335 0.403565277958803 0.245624106351268 0.109902815849746 0.0407567835428869 0.0397152822532033 0.0839507989371009 0.0847888479487757 0.0779177979200366 0.0585737267614885 0.0543036934560531 0.0621323608641477 0.0346531045837515 0.00731605517086331 0.00240980243834208 0 0 0.0434560692766335 0.0911102269763997 0.109835405482407 0.133725610128315 0.163608470201224 0.195957964395822 0.230616594173876 0.279999084782196 0.310283726725166 0.313867350252317 0.346779787671718 0.388168016999089 0.392116313902318 0.393971202102555 0.392278038900782 0.399531244018692 0.410743221305964 0.411164978894128
-9999 -9999 -9999 -9999 -9999 -9999 -9999 -9999 -9999 -9999 -9999 -9999 -9999 -9999 -9999 -9999 -9999 -9999 -9999 -9999 -9999 0.470911753618585 0.456081937553445 0.433146336121319 0.280628882652695 0.140186376784578 0.0424565923545132 0.0275012161743957 0.0675756348421456 0.0729676896472198 0.0697293644437237 0.0485604955791261 0.0477888876298187 0.0633884973724534 0.0374925842646165 0.0103222467598387 0.0033999983365479 0 0 0.0288746766062236 0.061593347048625 0.0813139264964546 0.111651720196538 0.154308000751291 0.197883575771158 0.241052255304585 0.278168630405446 0.302533494291647 0.309070259226056 0.345624027553387 0.390771776298154 0.396160657062561 0.401094037436934 0.40525540478052 0.411999092876868 0.419846158931245 0.419106202147338
-9999 -9999 -9999 -9999 -9999 -9999 -9999 -9999 -9999 -9999 -9999 -9999 -9999 -9999 -9999 -9999 -9999 -9999 -9999 -9999 -9999 -9999 0.464167446408383 0.453736788237739 0.296345073775529 0.150166217584874 0.0461302430672645 0.0212194845894993 0.0489124776579564 0.0651208529159972 0.0736201656652999 0.0605398379669799 0.0585658533872627 0.0655060245714572 0.0371004653457394 0.00881730234775281 0.00290429147962628 0 0 0.020361257462208 0.042342508724111 0.0487210640899466 0.0592855354736591 0.0747066623053884 0.155424180157363 0.248404367574732 0.286270414398668 0.31201816889328 0.320823138243684 0.353022810807376 0.391865218644167 0.398733937286781 0.40968016085082 0.427537216987824 0.427995989324884 0.420666308003389 0.421829445539123
-9999 -9999 -9999 -9999 -9999 -9999 -9999 -9999 -9999 -9999 -9999 -9999 -9999 -9999 -9999 -9999 -9999 -9999 -9999 -9999 -9999 -9999 0.474672291093851 0.473667344340403 0.324880044205947 0.182989807818869 0.0723651130797084 0.0326786476708585 0.0401530897145907 0.0637671708256387 0.0802351124259474 0.0690555567919019 0.0644997830834536 0.0652603788766875 0.0358007327938129 0.00765019729002315 0.00373404963690023 0.00126282717858354 0.000186378838455688 0.0280503773757356 0.0556555360867586 0.0459662647045574 0.0686031873958024 0.128746162738356 0.20999468853229 0.29035301915503 0.308705790873978 0.320068530180249 0.321658389438688 0.35290111560228 0.39297264094001 0.399820292749475 0.410581895446146 0.427977128218446 0.430564655325202 0.426513250003679 0.428274255609171
-9999 -9999 -9999 -9999 -9999 -9999 -9999 -9999 -9999 -9999 -9999 -9999 -9999 -9999 -9999 -9999 -9999 -9999 -9999 -9999 -9999 -9999 0.488570064893482 0.491560607034578 0.360076201286571 0.229286529656305 0.112781342910145 0.0542055159799562 0.0341420850153807 0.0629759595888617 0.0853964619843649 0.0731843688463571 0.066333509784922 0.063785676042893 0.0348414864325316 0.00787732208127311 0.00562893532266773 0.00315581532453229 0.000465762223479162 0.040559828912554 0.0789570241171721 0.0544634434413795 0.0975625454206844 0.219085191747503 0.290337093044507 0.341313880379156 0.336082635973353 0.329295119824685 0.320331754385638 0.350973678450166 0.39391553451006 0.401549169508612 0.410777349358119 0.422708072235135 0.429451876763969 0.433842456037429 0.436410982559909
-9999 -9999 -9999 -9999 -9999 -9999 -9999 -9999 -9999 -9999 -9999 -9999 -9999 -9999 -9999 -9999 -9999 -9999 -9999 -9999 -9999 -9999 0.486047104300222 0.485135668268306 0.426745677101288 0.351558435108444 0.239090430632065 0.129824320675828 0.0226868831232144 0.0432335920832949 0.0616388326161006 0.0367028788789806 0.036623955819236 0.0564957438909817 0.0417325034211556 0.0240580618550058 0.0154489074616338 0.00782597147957944 0.00115502382185613 0.0481833369783037 0.0961687552148308 0.0834375117718972 0.123936084187415 0.226193868704134 0.303010318660945 0.36595154385856 0.36754086612345 0.358847271709636 0.335776961236459 0.356670811181359 0.392760742508427 0.417190246677225 0.432896644907071 0.433818530102102 0.436279285906465 0.439491616638269 0.450682182438651
-9999 -9999 -9999 -9999 -9999 -9999 -9999 -9999 -9999 -9999 -9999 -9999 -9999 -9999 -9999 -9999 -9999 -9999 -9999 -9999 -9999 -9999 0.491728133927515 0.487497348319504 0.471048183655285 0.428795791134057 0.322190532261418 0.180505726020588 0.0154994568319541 0.0279726944999409 0.0441862415893379 0.0218139235968747 0.0223839476459262 0.041367918424613 0.0379131073669432 0.0301166257484691 0.0177789662281769 0.0081738258376994 0.00120636314390879 0.0486891904283765 0.0998148645416652 0.105147033057491 0.145096698964443 0.225210872850842 0.30430293606217 0.376793634388849 0.391793112994206 0.389452877739357 0.362869701448621 0.377128866240171 0.40594937729242 0.431868735982615 0.446657454094914 0.442581205776517 0.444352575382726 0.448838591933752 0.463966532826707
-9999 -9999 -9999 -9999 -9999 -9999 -9999 -9999 -9999 -9999 -9999 -9999 -9999 -9999 -9999 -9999 -9999 -9999 -9999 -9999 -9999 -9999 0.497828993785094 0.503033719006891 0.480745786329757 0.436358251289915 0.338440145877137 0.19260540410979 0.014914890442151 0.0196452725291951 0.0364884476126856 0.040331711024937 0.0320775416949438 0.0141137497955567 0.017523168851788 0.0205147342934507 0.00852105662504736 0.00183446046222586 0.000270745368757457 0.0381830131043155 0.0824730147054415 0.115617259949303 0.158192173959131 0.211708900620017 0.287988123114324 0.366291998359567 0.404896672001514 0.42168832816133 0.407982843428429 0.420424181562825 0.441329346961077 0.445057964043259 0.447486488140005 0.447711526250889 0.454353420116596 0.463906616003469 0.475724085758629
-9999 -9999 -9999 -9999 -9999 -9999 -9999 -9999 -9999 -9999 -9999 -9999 -9999 -9999 -9999 -9999 -9999 -9999 -9999 -9999 -9999 -9999 0.510945229893694 0.510638013822245 0.490687641627585 0.450807142773001 0.362171485900385 0.210077830476469 0.0157962486684754 0.0107162441431876 0.020985605597455 0.0267560324938912 0.0231965498668903 0.0121487098330471 0.0111635696285098 0.0102427426244984 0.00337381082774338 0 0 0.0335435548062368 0.0723971483518045 0.101135149034379 0.144156424783732 0.203749687494204 0.268092719528554 0.332139647723554 0.38136042578518 0.414719300928272 0.425901386980654 0.439585136212446 0.453397062707826 0.453398172837479 0.455050840082709 0.459502678617833 0.46738212297909 0.476719931322041 0.473798117534093
-9999 -9999 -9999 -9999 -9999 -9999 -9999 -9999 -9999 -9999 -9999 -9999 -9999 -9999 -9999 -9999 -9999 -9999 -9999 -9999 -9999 -9999 0.480621368955394 0.511548241229031 0.499307452545105 0.466840139137742 0.387055794768317 0.229037010492131 0.0190066773673357 0.00265014742704369 0.00279130485396672 0.000859942050695793 0.00709985354995649 0.0198981804650359 0.0103563665959394 0 0 0 0 0.0310796724923089 0.0648448721847546 0.0760495764553061 0.118537435510728 0.197321174241763 0.247328567595907 0.290460872854451 0.344490604539441 0.392633764496296 0.432546811058015 0.448779815192121 0.456265943984069 0.46000162460129 0.465308933555463 0.473279945071103 0.480606346743905 0.487438759315687 0.465980697549168
-9999 -9999 -9999 -9999 -9999 -9999 -9999 -9999 -9999 -9999 -9999 -9999 -9999 -9999 -9999 -9999 -9999 -9999 -9999 -9999 -9999 -9999 0.456004864369586 0.448860169514393 0.459734563270022 0.44150708056794 0.347739048834666 0.224226963701783 0.0809405402059862 0.032145146774968 0.00110300356668955 0.000339812094589328 0.00280555661179274 0.00786290468860007 0.00409239043776688 0 0 0 0 0.0213798278912237 0.0425375302321955 0.0359614646076969 0.0747797416311459 0.166266223317265 0.246543799849927 0.320129242619241 0.361412827383062 0.399301097820564 0.432442323083339 0.45328151885282 0.46911038314337 0.474668170154638 0.473906671590473 0.462434818180848 0.458657868585878 0.458276742502153 0.447337181439562
-9999 -9999 -9999 -9999 -9999 -9999 -9999 -9999 -9999 -9999 -9999 -9999 -9999 -9999 -9999 -9999 -9999 -9999 -9999 -9999 -9999 -9999 0.398351023963829 0.402152628232181 0.43035798374236 0.422249707599394 0.319702416020299 0.220363121663677 0.123156556888064 0.0523018129264463 0 0 0 0 0 0 0 0 0 0.0146824710925108 0.0272939959051203 0.00953704365946314 0.0450949268772036 0.142510665103882 0.246906888556827 0.346238127608322 0.381628393120406 0.412481115543923 0.436989823848708 0.45566160294172 0.471563915612031 0.475591513427612 0.470639000225885 0.450466384308605 0.441099925213193 0.436621801836398 0.433955109774404
-9999 -9999 -9999 -9999 -9999 -9999 -9999 -9999 -9999 -9999 -9999 -9999 -9999 -9999 -9999 -9999 -9999 -9999 -9999 -9999 -9999 -9999 0.393378292654374 0.389489135092525 0.420196524354216 0.414442068078542 0.312923349339526 0.218282418667173 0.128213955189908 0.0548602304254706 0 0 0 0 0 0 0 0 0 0.0136433539186399 0.0253623278834452 0.00886208194545305 0.0419306935695507 0.132510937319748 0.249433132384687 0.365639102648183 0.408050319877677 0.437934398424898 0.45030407697272 0.454043458654631 0.454435606672853 0.450615556908731 0.445010761875236 0.436381059213248 0.431816019749019 0.429114074588969 0.430488320168333
-9999 -9999 -9999 -9999 -9999 -9999 -9999 -9999 -9999 -9999 -9999 -9999 -9999 -9999 -9999 -9999 -9999 -9999 -9999 -9999 -9999 -9999 0.375132364791423 0.376471802168001 0.400347310938416 0.393703619041077 0.307501518076301 0.229537385694787 0.157049990999289 0.0685946961488949 0 0 0 0 0 0 0 0 0 0.00804086023125611 0.0149475660359035 0.00522296516723579 0.0461216134798493 0.145755238290456 0.278122236778037 0.408487689054221 0.437033421800469 0.454287418645585 0.455754252573772 0.452310552918001 0.447096510663534 0.44188120928038 0.436346381723457 0.430269999482447 0.427366493284967 0.425933219414095 0.429895998394956
-9999 -9999 -9999 -9999 -9999 -9999 -9999 -9999 -9999 -9999 -9999 -9999 -9999 -9999 -9999 -9999 -9999 -9999 -9999 -9999 -9999 -9999 0.370219402324019 0.36396051558731 0.375611351175499 0.366442545049452 0.302764310431714 0.247519199480759 0.197880568541216 0.0879666411765903 0 0 0 0 0 0 0 0 0 0.000136484864768583 0.00025371869058232 8.86541581422113e-05 0.0540226573278218 0.170724410917249 0.320008544871392 0.463163839296537 0.467308444776242 0.4660500379141 0.457237590040923 0.450519758625082 0.444695339418776 0.441339536929549 0.436238997532731 0.428181359399163 0.425355548957906 0.424934947140752 0.43075363036124
-9999 -9999 -9999 -9999 -9999 -9999 -9999 -9999 -9999 -9999 -9999 -9999 -9999 -9999 -9999 -9999 -9999 -9999 -9999 -9999 -9999 -9999 0.366453680964704 0.366729927093775 0.372487266489846 0.360611529337321 0.303471358088287 0.237112702752038 0.164625446815033 0.118044404340367 0.0723841155965763 0.0223000166805368 0 0 0 0 0 0 0 0 0 0 0.0485615560562251 0.15346603556753 0.29694702844841 0.436461193605564 0.441340277713282 0.444354889034246 0.444762750082587 0.441557821573675 0.437048053973811 0.432495261199212 0.429064096615787 0.427533943750974 0.427586326108763 0.428401084370809 0.435954929724434
-9999 -9999 -9999 -9999 -9999 -9999 -9999 -9999 -9999 -9999 -9999 -9999 -9999 -9999 -9999 -9999 -9999 -9999 -9999 -9999 -9999 -9999 0.377165685577801 0.37304055199095 0.371882338875779 0.357502237944991 0.309287732074532 0.230515366683422 0.131427631168086 0.14190212518059 0.136441054163309 0.0483327435176591 0.00610023945395086 0.000688503603458399 0 0 0 0 0 0 0 0 0.0418309519587714 0.132195730171738 0.274266721763575 0.415957287417458 0.42213329817427 0.428101982143247 0.433780799097509 0.432786852587467 0.42934056548668 0.425059297812533 0.423418396618712 0.42625256805593 0.428884802533511 0.431471763755549 0.440440896109309
-9999 -9999 -9999 -9999 -9999 -9999 -9999 -9999 -9999 -9999 -9999 -9999 -9999 -9999 -9999 -9999 -9999 -9999 -9999 -9999 -9999 -9999 0.3821029692079 0.385613774529522 0.376251383195154 0.359845295705751 0.326760421255319 0.233933625436224 0.101389412770033 0.150861496128135 0.178181220418489 0.0821327305437579 0.0263829705969239 0.00297771431155126 0 0 0 0 0 0 0 0 0.0326947087152209 0.103323034475064 0.255125780452756 0.413189161895054 0.42094296119002 0.425868517853808 0.426839861668665 0.424752804468482 0.421707411797187 0.421236687616125 0.421616651846061 0.423438420633801 0.427842493800809 0.433440671254051 0.443086342810689
-9999 -9999 -9999 -9999 -9999 -9999 -9999 -9999 -9999 -9999 -9999 -9999 -9999 -9999 -9999 -9999 -9999 -9999 -9999 -9999 -9999 -9999 0.496543837988829 0.405485558395616 0.37478965205186 0.347314543712922 0.322393617963011 0.239333928313582 0.117622627402393 0.168221960360043 0.197847360563583 0.110673871018 0.0481589536325392 0.0054354609134752 0 0 0 0 0 0 0.0036776861935041 0.029061193768845 0.0691677650813478 0.126356582527124 0.265362830188809 0.411991407206996 0.419065662346874 0.423948292934513 0.42576677694966 0.424291577141824 0.421817019044136 0.422698951095878 0.424043114552325 0.426170699220869 0.430230111126232 0.435185672326033 0.443564277184422
-9999 -9999 -9999 -9999 -9999 -9999 -9999 -9999 -9999 -9999 -9999 -9999 -9999 -9999 -9999 -9999 -9999 -9999 -9999 -9999 -9999 0.555420756545846 0.503768406772145 0.423883551677609 0.369735792237956 0.325620578559314 0.304572297760136 0.245955296480079 0.162361988821401 0.190758032578309 0.203914496155417 0.135975227419916 0.0708548748428187 0.00799703634916813 0 0 0 0 0 0 0.00962106107657927 0.0760259319303044 0.133739051918424 0.18136767928558 0.293698591597107 0.411761100868417 0.416765151290405 0.422221043397218 0.428308662844579 0.428495689247234 0.426696659664441 0.427417033012517 0.429074422087126 0.432319929123354 0.434730781133987 0.436792732793135 0.442706886055418
-9999 -9999 -9999 -9999 -9999 -9999 -9999 -9999 -9999 -9999 -9999 -9999 -9999 -9999 -9999 -9999 -9999 -9999 -9999 -9999 0.504589129307595 0.501220450540162 0.467615829897793 0.417484635080105 0.382299445124759 0.3399522434441 0.278035666516761 0.21446812170358 0.149802986149745 0.143559429113876 0.129376560856374 0.0729230223826634 0.032025884984373 0.00361460191556977 0 0 0 0 0 0 0.0180606506645624 0.142715838420726 0.232288047303564 0.281155679278953 0.323468878951358 0.363310421459843 0.397388148686901 0.421011283666708 0.430017680132391 0.432340141203202 0.432206662547822 0.431245850589489 0.431298446518718 0.43306863503803 0.434637950109584 0.436149066344338 0.44217567471827
-9999 -9999 -9999 -9999 -9999 -9999 -9999 -9999 -9999 -9999 -9999 -9999 -9999 -9999 -9999 -9999 -9999 -9999 -9999 -9999 -9999 0.455971113096794 0.436534554097093 0.406474223714638 0.386207177415144 0.345936413799636 0.25398283517193 0.183715933989687 0.127866694449336 0.0982993804462303 0.0665983524474925 0.0205175452961616 0 0 0 0 0 0 0 0 0.0241380473646954 0.190739621261324 0.304185192836555 0.355957193521575 0.339525150884173 0.313889568190994 0.378645476413791 0.420791170514197 0.431325149900214 0.434587347720774 0.435106416437137 0.433454567639134 0.432608753587186 0.433129062025664 0.434539721345978 0.436379787650049 0.442079054087077
-9999 -9999 -9999 -9999 -9999 -9999 -9999 -9999 -9999 -9999 -9999 -9999 -9999 -9999 -9999 -9999 -9999 -9999 -9999 -9999 -9999 -9999 0.428836365797227 0.386870117106709 0.361330572585439 0.320407735216938 0.238911419744695 0.16262840893892 0.0898112892502272 0.0724603607800224 0.0541020747546302 0.0166677061608938 0 0 0 0 0 0 0 0 0.0228161035501037 0.180293579014644 0.291451445847022 0.348867580009024 0.315198740785132 0.271141688611788 0.365125319035806 0.423362726797303 0.431622748815885 0.432235139799971 0.430249487249063 0.431101487661643 0.431800988859929 0.432242024021313 0.435331615052348 0.439611094409152 0.44318884899391
-9999 -9999 -9999 -9999 -9999 -9999 -9999 -9999 -9999 -9999 -9999 -9999 -9999 -9999 -9999 -9999 -9999 -9999 -9999 -9999 -9999 -9999 0.447075926256454 0.311777287557037 0.308465055364237 0.288737150578719 0.215055544247487 0.140152066266451 0.0644362678153465 0.0468876778034637 0.0321556394818554 0.00990647313859865 0 0 0 0 0 0 0 0.0115749631066725 0.0455859719297402 0.19771004190825 0.297382375104102 0.336198252481085 0.315550942508427 0.289752322947087 0.368915359176279 0.418566832996173 0.426957702798402 0.428398627151009 0.427442635949007 0.428424779861947 0.429212738508434 0.429671578762556 0.433244628324574 0.438188912514493 0.438429639157452
