layers/veg/veg_4900.asc
NCOLS 255 
NROWS 330 
XLLCORNER -2985163.8955 
YLLCORNER -3022031.214 
CELLSIZE 25000 
NODATA_value -9999 
[rows 125 to 149 of 330, columns 57 to 113 of 255]
0.0881085616036754 0.0949209099700521 0.116495177375539 0.137430032540472 0.137357569203405 0.159916659487574 0.20837722507797 0.220161552911543 0.219401693707449 0.197072666820515 0.179370665727334 0.168048036921239 0.157045904680935 0.143460306130746 0.0847938367877115 0.0558437365511994 0.0765318094530538 0.167302525291687 0.288979545057692 0.390646934282334 0.477452164141745 0.533885011189781 0.572525113326449 0.601439931568322 0.681625791557324 0.739454135350947 0.735763478370266 0.73306267678727 0.731019947434752 0.7316047779861 0.724460994908226 0.691647442020726 0.655175347172047 0.615766839089733 0.58010808854512 0.545787743154924 0.514825445060168 0.488348656143629 0.466201691449938 0.449096117368743 0.433198148716441 0.418196981715822 0.403400086648278 0.388840195474841 0.375617572075613 0.363092836740083 0.3535067538189 0.344682558397725 0.336923570504633 0.327097945954687 0.31608937547272 0.297263751415185 0.285048643918524 0.284037489342426 0.288158370419472 0.294497361675816 0.287291784509907
0.0922627825022734 0.108954210333456 0.125118194882614 0.141336012840123 0.158482405393233 0.169041678466419 0.172062091618458 0.173066254898694 0.169347090469845 0.129071373338946 0.116214693445815 0.141161184334525 0.119170585903306 0.0809752853077088 0.0498388301777717 0.0282012577652652 0.0224306031198212 0.1209456380398 0.264767264397957 0.314619934138154 0.357061000763637 0.384355678394484 0.455687444062438 0.551089311628344 0.641783656261809 0.704594964194217 0.697075344932141 0.701596719448305 0.7141231456633 0.737282541869617 0.747568232204264 0.713309991384331 0.675448765188322 0.634695716498223 0.600366558218233 0.567317234663143 0.535724386348245 0.508132778367037 0.48440353397264 0.464647271267726 0.446126510831023 0.42998761901484 0.413388996749292 0.396256978117931 0.380691648026153 0.365786290610041 0.35288847717745 0.341944443227223 0.333732020719373 0.323394936713467 0.312250407363605 0.300365177806253 0.291230317860307 0.286756971331137 0.284899443631723 0.284158357909935 0.274544924115312
0.120918014413065 0.10685332053002 0.113396368262735 0.124787011708794 0.139821757597484 0.143712796660999 0.134850029601312 0.122101447483112 0.107529319708234 0.0863357950931965 0.0873665815719123 0.119038466806228 0.094936316726587 0.0536258509459027 0.0549239085328793 0.0499444166756938 0.0344789167508003 0.0988670478030786 0.197780371380573 0.209051130808859 0.224520423324862 0.248569858944746 0.308154752866859 0.387162867997521 0.532665658858207 0.643682288787444 0.660979002501846 0.676209437419278 0.690066176037339 0.724364092019651 0.74481981413261 0.714809938322603 0.683226556171311 0.650380248818453 0.61711838542736 0.584130368878363 0.552560638954413 0.524306958477116 0.499254232595567 0.478016846871063 0.457903499696257 0.439708983804457 0.421515710661562 0.403323879402169 0.385740094244648 0.368621097042523 0.354180850469828 0.341670836418715 0.331859512414248 0.320205277988995 0.308074516172743 0.299297027604397 0.291594498631438 0.285713884267918 0.28074872338559 0.276167219411361 0.267497260357788
0.161744575327875 0.0967374742565742 0.0915678651762656 0.0980766213742364 0.101396937011823 0.101268304332064 0.0971924017843451 0.0692143899203277 0.0398679785734325 0.0561514267752305 0.0755615319715291 0.0992824212159466 0.0774784904717604 0.0437306670375124 0.0798996374091369 0.0962208017528495 0.0793882241808322 0.0888491492856405 0.109544400936745 0.0888068920145118 0.0859444004236592 0.119611383171424 0.145373743529277 0.166815539679304 0.389133599547739 0.569827054733724 0.626170180045736 0.653841849437531 0.662452261000519 0.702207630094731 0.72922712249453 0.706293740719992 0.68479691401377 0.664453092892342 0.632128223332152 0.598600565641531 0.56737867604434 0.538687833277267 0.512440188693228 0.490302683229064 0.469108522669256 0.448402399318904 0.428717344279312 0.410216970669797 0.390775808421153 0.371526122966894 0.356422374348055 0.342621519583058 0.330642262286701 0.317270635599588 0.303731252228365 0.296157563345556 0.289068732399019 0.282801671648672 0.276154988294876 0.269342426277525 0.263280777619443
0.26435254371473 0.141295124787843 0.10673175405803 0.0915944146655955 0.0841184614924329 0.0780133024249441 0.0734769967500349 0.0486317674968669 0.0216684864153714 0.025098197087411 0.0373236905002342 0.061676104133721 0.0541524009871118 0.0385156035203907 0.0760115231072686 0.0947161685575948 0.0820319011923255 0.093119630611678 0.114509274611745 0.112058626133322 0.114191270001877 0.125690352910546 0.114938009130948 0.0920233237516956 0.300175758683773 0.471397851335811 0.527372883223451 0.589211063066108 0.654947160585844 0.687974437804114 0.705513822005764 0.682448281211227 0.667474232243436 0.658994563805381 0.628679376761621 0.596238273541359 0.568280075344962 0.542304768677285 0.518243530497981 0.496221156296342 0.474974180445876 0.455783851216859 0.436460886692681 0.416984033766037 0.396126966161535 0.375389205689014 0.359262556994562 0.344089473940443 0.330249586795948 0.316448109610932 0.302931409271113 0.294250996382669 0.286353265768751 0.279782078288762 0.273485187073909 0.267328972910124 0.263529537273203
0.349481247354748 0.183886862593869 0.127717076286106 0.0955892030626252 0.0730568392068778 0.0601399989789756 0.0582279820155862 0.0347144256283118 0.00777266659991164 0.00285202972631667 0.00856653844733378 0.0289439334585038 0.0344656136398756 0.0368142938423705 0.0740892310395809 0.0940056318261313 0.084926362492543 0.0961037030315421 0.116169356256078 0.126240869280939 0.132022811792048 0.12903856666256 0.0940660946733697 0.0416092722339612 0.216484494831221 0.367505107063343 0.436813632992137 0.531804093282384 0.643868328053019 0.673087699400037 0.683444079147451 0.656619901250965 0.645637249453114 0.647369298585469 0.616824710246517 0.584305695400297 0.563366853752546 0.542394444574643 0.521389632942664 0.500885072591009 0.480878314126047 0.463191350688135 0.444287344563043 0.423971280247598 0.401771169945173 0.379590581059625 0.362399333672632 0.34581142794682 0.330067064186834 0.315618587307314 0.301892635518143 0.29272488386251 0.284541059967463 0.278024863738927 0.272258659010716 0.266851992629859 0.26439331043037
0.392634504236348 0.220222288650161 0.160830282768905 0.122901875227397 0.0755374776134289 0.0539612923931566 0.0618993313258492 0.0350062781753755 0.00213135598993334 0.00078205987128305 0.00234904492531902 0.00793676470694308 0.0232933733727427 0.0430009733817958 0.077592759836896 0.0966488712065745 0.089754216957908 0.0956851594160041 0.107270715952088 0.115058303034448 0.120660207315416 0.121795439350666 0.0908162072311482 0.0422836249911129 0.143086150882678 0.251903748012343 0.367159348545904 0.49228290583713 0.623966843896073 0.656450931362882 0.665395600690883 0.626748254650956 0.614080510770921 0.622264474592032 0.586333541110913 0.551020307981027 0.545598997346024 0.534760947307418 0.51869416435428 0.502883727269264 0.487042235325904 0.470700645393793 0.452286058293414 0.431466302778764 0.408075638483985 0.384535060988786 0.366195381077893 0.34809782611278 0.330338790043144 0.314705113525713 0.300193260715625 0.292029489534561 0.284801380396537 0.279159094905308 0.274272069052645 0.269735280999417 0.266520428384329
0.439001120018451 0.31864832584764 0.257818867220398 0.205832191933214 0.13473907243026 0.0994843862652357 0.105246252107723 0.0757981460180984 0.0381988452572381 0.0140163277022395 0.00590908308045699 0.0199651362721368 0.0252798083770563 0.028773398961671 0.0535866706642341 0.0688348353429483 0.068105461284179 0.067059962058953 0.0661787290631377 0.0939219392477439 0.114982801782931 0.122387585420078 0.103111748719745 0.0692526305435215 0.139034353072225 0.22106704385845 0.324543437613394 0.443910718613172 0.573842524126288 0.619698218457149 0.641530919586155 0.6098966259863 0.578830443562137 0.548220237642323 0.517772133460501 0.49619308679085 0.512127546971643 0.520131586583024 0.520480458026304 0.509367655663106 0.495296790426383 0.477932529599123 0.459133398944816 0.43866947895098 0.415583996106698 0.392168052614105 0.372438591964495 0.353067077964526 0.334196015101825 0.316922506069246 0.300688580798764 0.292731267304392 0.286119446777745 0.281788059213713 0.277562078247472 0.273371867470009 0.267540579058808
0.487318989443914 0.454777755339319 0.393594611102768 0.322535309905909 0.22838343454368 0.176402456433295 0.172685440757424 0.141182910219034 0.0995932432953005 0.0365438150173216 0.0154063491951392 0.052053737770986 0.0352566091824599 0.00214964078229561 0.0128758672179906 0.0225261740338046 0.0303792665202644 0.0213067881563877 0.00553791903898244 0.0667413132678021 0.112757629722176 0.127737558487778 0.124846968681268 0.112188584904422 0.177091981876157 0.241702131937375 0.298346086344711 0.390163923043137 0.505365938105447 0.57073046455232 0.614134455397388 0.600951165981797 0.541337669899832 0.444458433874947 0.426093267130327 0.428284979546029 0.469120375287436 0.501254115242315 0.52498822017106 0.518575184796859 0.504820844870644 0.484995961332684 0.465281589272593 0.445695436739306 0.423823393440162 0.401433593980919 0.380167798286627 0.359665443834061 0.340230469221599 0.321041060142802 0.302516589362804 0.294281452373439 0.288079810115737 0.285324672987845 0.281627279017635 0.277465880486994 0.267888544022309
0.499704456203408 0.490953089460856 0.420995854223401 0.340502160083679 0.271362609542496 0.230038641875515 0.220549193614588 0.233127349045906 0.237169297586655 0.113153148002883 0.0503499905338289 0.0719424000904727 0.0502783388098017 0.0156882873308897 0.0211677398602488 0.0285214788676873 0.0390060228660149 0.0422952058106134 0.0427520641073122 0.0772870862679699 0.104465757824887 0.116610954693447 0.121214769040661 0.121696561387071 0.15014337653613 0.177551172377004 0.199717986639409 0.236677062322426 0.283470277910789 0.411830671630652 0.516654380952618 0.522310721515532 0.512333012430861 0.489807126841012 0.477574794808005 0.473968884709634 0.50058410214346 0.519790236583896 0.531844445626506 0.525412599382584 0.513671907877232 0.493444679287144 0.474161378425276 0.455973257620582 0.435058526674854 0.412882777263128 0.386189604347848 0.363135542580221 0.345169382359693 0.32532449446948 0.305196729985976 0.292109534436356 0.283946370463723 0.284128789995784 0.27970052993737 0.273163941449247 0.262705408943875
-9999 0.514069301541477 0.436209373085938 0.350453681944502 0.310776265976411 0.285189055995514 0.275727876447388 0.322964455399627 0.363028247980401 0.203494626456302 0.111799726844866 0.113635419421902 0.0820237760760175 0.0408852327993522 0.0385508614048092 0.0399011209271856 0.0474061817561889 0.058225309962046 0.0704590056347269 0.0773368752722763 0.0873238795789243 0.103664726961895 0.11612211186225 0.126456846473043 0.126469652764995 0.125634081068568 0.123606354738693 0.115584650483724 0.103578050624977 0.278085870567319 0.429266920974909 0.45200941863381 0.481417547652094 0.51617563529923 0.514439102418248 0.510715122985973 0.521123696202519 0.529553959409802 0.536074576630845 0.530992775203546 0.521724515622284 0.502086775176452 0.48339009411245 0.465785265143462 0.445597163330982 0.423764919619978 0.393561073111839 0.368855215854929 0.351836188398559 0.332465924125242 0.312228329189098 0.291639111873843 0.279546236472717 0.281853539019309 0.27787511905224 0.271028896793095 0.259737409556349
-9999 -9999 0.436209373085938 0.355415851015114 0.349202130607046 0.348941074028286 0.35549275234884 0.401897706618729 0.441317859907084 0.323401801622439 0.244736207217148 0.220186006304005 0.160883841798076 0.0922333654617146 0.0730971504475592 0.0571934969967287 0.0466895089621397 0.0474364794578053 0.0529857343556467 0.0403483102145183 0.0458698751226057 0.0885012403845114 0.111467677090154 0.123685518571554 0.124075306820313 0.124342165255268 0.125398349230539 0.105756518873374 0.0723543064542446 0.236672701844451 0.383668970667493 0.418390089904137 0.443463328255395 0.460792999522006 0.483170883551423 0.501042808431682 0.49668408330738 0.507287169368315 0.532332765724876 0.533394624903352 0.527606610839781 0.511031306070459 0.493122139593726 0.473665377154596 0.453588085101988 0.432619508707211 0.405121063307821 0.381607765271431 0.363666167744025 0.347786351391502 0.331603127716919 0.29673575916054 0.275493048582125 0.277342334693861 0.277435163308064 0.27665134086933 0.26414222333635
-9999 -9999 -9999 -9999 0.369735622030454 0.375954743591733 0.389291556949246 0.448007051904659 0.503920269115932 0.425850900696257 0.372537646791122 0.353356139262513 0.294394316183653 0.222127978656026 0.163021046212141 0.104294556467713 0.0462035575706744 0.0478369101851612 0.0752634728268909 0.0344181922505568 0.0190445033107413 0.0557246857490804 0.0836721177064132 0.106846341368272 0.116957493268617 0.124317883770437 0.125912959528502 0.108339771493936 0.07802320484272 0.205985740802459 0.321245100147016 0.350377679358774 0.37949289223669 0.408594166574866 0.393387419685078 0.377408562518101 0.385546824699617 0.422572283255392 0.487482309119345 0.516992381015762 0.533735875254157 0.518880507161032 0.501635250921428 0.481617157568709 0.461944426483534 0.4417088486624 0.415466870481324 0.393047457667568 0.375972436782819 0.361583410253404 0.347273319761826 0.317087202291026 0.296782924264107 0.293227059599178 0.289933490724028 0.286691301514902 0.274125292861665
-9999 -9999 -9999 -9999 -9999 0.375954743591733 0.389291556949246 0.469981013168067 0.554987894420483 0.515463094508391 0.496563296186719 0.506099596869443 0.468089179434077 0.409777737600382 0.293664038820372 0.173313909957829 0.0458872553874695 0.0564647931024768 0.126770087579965 0.0513253182537857 0.00297554992504268 0.00999726042015949 0.0388609133731583 0.0796630891496338 0.106366518879655 0.125225692493885 0.12548831055225 0.120049102079566 0.110819225079063 0.18318574915437 0.246449147927874 0.257076071390359 0.296392759092249 0.358736380549825 0.260577756800533 0.169978226556472 0.210660877030201 0.291939376806069 0.41240470792521 0.48676350659702 0.540046882922897 0.525924313382053 0.509252081228992 0.489621635685276 0.470569460526084 0.450970800687563 0.42491989013646 0.403521807656932 0.388628921139615 0.374260337906003 0.360219518498335 0.348655480999358 0.336707528332058 0.32410889013485 0.311945324341779 0.299979457516745 0.288210048056659
-9999 -9999 -9999 -9999 -9999 -9999 -9999 -9999 0.560385903935351 0.524935386825908 0.509673199604638 0.522245063445947 0.508977288457095 0.482638143603911 0.390810003397228 0.309585659737046 0.246073880051707 0.190065597818411 0.137080213431869 0.0550670817372823 0.000598030250038423 0.00241819809398813 0.0198778733381145 0.0458859007448281 0.0866127805068081 0.117964768324847 0.12415207435113 0.114021387599816 0.0930422295170181 0.148304248989589 0.197729345023381 0.206577612204346 0.209039965189903 0.206376865699793 0.189042721154059 0.164988431030188 0.121503748630873 0.151783159298216 0.253266427598371 0.363842011259967 0.464013182902588 0.491540225285046 0.500463808515463 0.487802966531219 0.472091160718561 0.454500038803706 0.427590613241678 0.406113392574291 0.392231027509331 0.38020860255496 0.368877581204747 0.357919386645391 0.346757735667067 0.335251252916746 0.32552045775786 0.316583451423093 0.306625211798722
-9999 -9999 -9999 -9999 -9999 -9999 -9999 -9999 -9999 -9999 -9999 -9999 -9999 0.529869143902563 0.474085176371893 0.435909824017749 0.427147872935011 0.310897168660735 0.147727884905065 0.060701903928112 0.00260659218355224 0.00363413999943838 0.00967508429266216 0.0184562861606528 0.0677465129089638 0.108192313884804 0.122418428272607 0.107396485467396 0.0729299507761253 0.114125089819049 0.152402672953106 0.159681936843468 0.129618507394739 0.0695831437536381 0.132504791549173 0.178076360271235 0.0740529499552801 0.0564782387038648 0.122351728397195 0.237851082882979 0.356823155544436 0.434960000070215 0.476165406880056 0.474521586084711 0.465772846447843 0.453553150690546 0.427877479906593 0.407484224766838 0.394476402398454 0.38462744199408 0.375762401178373 0.36413289324311 0.353296913640848 0.343805859809848 0.337034450073712 0.331473234932047 0.323571894398527
-9999 -9999 -9999 -9999 -9999 -9999 -9999 -9999 -9999 -9999 -9999 -9999 -9999 0.53235405026024 0.520590688365859 0.495841469817552 0.449400698084299 0.329558949353461 0.177691811650085 0.0791323709422618 0.0148830705392899 0.0207501435408997 0.0207198456726471 0.0174661212770092 0.05619030043305 0.0926844975056305 0.119610195737788 0.106333572901312 0.066329782482622 0.0878490199913917 0.108229777615571 0.10738326958179 0.0814852968183109 0.035480556568005 0.104734847306554 0.169461585955353 0.143732715393257 0.131737634796976 0.132999665958322 0.141117537127927 0.170156880983482 0.314202469674938 0.40152121218629 0.423023357954467 0.433484499487372 0.438514522527686 0.422294695297125 0.407782804496007 0.395658807894637 0.386322865412513 0.377949161490037 0.368810216354002 0.359910410993648 0.351415915984385 0.344601425238154 0.338549728688931 0.333172015145979
-9999 -9999 -9999 -9999 -9999 -9999 -9999 -9999 -9999 -9999 -9999 -9999 -9999 -9999 0.548005893390836 0.533219355531397 0.493733409620024 0.413401590203567 0.314929107153247 0.216118233923302 0.132639133844116 0.0804921216445276 0.0494551328849893 0.0299566094945062 0.0490088402128004 0.072169781546891 0.102169412678935 0.0987221627175316 0.0730388733353973 0.0848763038214848 0.0966260696158344 0.0973861573599937 0.0766846023191162 0.0387575370727408 0.0839720243533956 0.134896484055261 0.15863806281259 0.159092294662759 0.137067446721017 0.108783432378771 0.102751342199329 0.235786360905812 0.319045786815454 0.34455371869067 0.359174963574928 0.370338706596221 0.377827115785193 0.382321775039472 0.382630822943525 0.382382135760379 0.381523477466291 0.373365582496 0.365140411112023 0.356801215087964 0.350963547809285 0.346256334792098 0.341808068871962
-9999 -9999 -9999 -9999 -9999 -9999 -9999 -9999 -9999 -9999 -9999 -9999 -9999 -9999 -9999 0.550624929175958 0.557618797945939 0.554964649957042 0.547161524950668 0.458089933267055 0.343801847725728 0.17798120989601 0.09385613176789 0.0543847883501761 0.0457014088437455 0.0472212434440148 0.0717708849104761 0.085311779878764 0.0915338782028361 0.102539696652456 0.113863759718867 0.124848868025935 0.110256690475377 0.0751357117057132 0.0694143047873026 0.0773512653659227 0.125038337644808 0.144025276817933 0.135308219280103 0.133477766699426 0.140956248124557 0.194865378579089 0.229635474207506 0.242199749804883 0.247653880848448 0.255107654972175 0.298925399544743 0.334049518032459 0.357018933953437 0.373450353283057 0.386326532891802 0.377812950564398 0.369145265693352 0.360216397353812 0.356258722257381 0.354520932129131 0.349590400321257
-9999 -9999 -9999 -9999 -9999 -9999 -9999 -9999 -9999 -9999 -9999 -9999 -9999 -9999 -9999 -9999 -9999 0.5937010062654 0.624688818453072 0.571683098688878 0.496923607758501 0.377708001857638 0.232109533553701 0.0720905344038869 0.0387721472895152 0.0239618753937102 0.0443292824166736 0.0633495581118151 0.0814742386324273 0.0951687410307856 0.107596281251334 0.117202865669053 0.111710919311148 0.0941006137685069 0.0700996604370481 0.0564223931558709 0.0904786925490925 0.11358882951546 0.12613272810399 0.153234014277428 0.183793087705626 0.216769033457855 0.234433902840768 0.234334291965008 0.228231027421066 0.22498539082406 0.263089339064467 0.302692825566583 0.344392841339755 0.37021823130932 0.388801425551253 0.380263815867525 0.37251624377055 0.36610768109076 0.362812370182328 0.360898120075282 0.355708746358702
-9999 -9999 -9999 -9999 -9999 -9999 -9999 -9999 -9999 -9999 -9999 -9999 -9999 -9999 -9999 -9999 -9999 -9999 0.666267282542167 0.647247973706953 0.61694850929739 0.563596862842363 0.370147621031182 0.100122848316609 0.0394303670076771 0.00649405558626115 0.0245137042838395 0.0470599729802246 0.0726156134758789 0.0878269619886815 0.100033347896347 0.105502477325129 0.107411240569633 0.106462388269191 0.0724281755431005 0.043768658331708 0.0583569398603065 0.0808268762480935 0.110904907674716 0.162117102223977 0.213264959532314 0.237913931245153 0.246782330914506 0.237341523982364 0.223243394675717 0.212120098784689 0.239975118366798 0.279978232641216 0.336965799236958 0.369289312140988 0.391050680951256 0.382990160284121 0.376262310861252 0.371793163272323 0.36878214508163 0.366404987416024 0.360686981782949
-9999 -9999 -9999 -9999 -9999 -9999 -9999 -9999 -9999 -9999 -9999 -9999 -9999 -9999 -9999 -9999 -9999 -9999 0.666267282542167 0.647247973706953 0.623140550936459 0.588635033216738 0.423083351201726 0.185903533255799 0.0813398751397554 0.0165261630252157 0.0402526935551754 0.0668431638107266 0.0953376285361633 0.103043980144521 0.107024561372596 0.104924007312208 0.103042253210656 0.101336111990264 0.0693411863019791 0.0397867030736276 0.0393069658576626 0.050175400455873 0.07199812970689 0.120953098596931 0.171639463153545 0.199012547585485 0.212608967666838 0.210221189382044 0.20811430916414 0.209506120739224 0.242034093252068 0.285411308929401 0.343957031102354 0.374795297648777 0.394253975546626 0.388883910734332 0.38245484416214 0.374230909405073 0.370700384092162 0.369241819464048 0.361443668980928
-9999 -9999 -9999 -9999 -9999 -9999 -9999 -9999 -9999 -9999 -9999 -9999 -9999 -9999 -9999 -9999 -9999 -9999 -9999 -9999 0.582617205884314 0.585411066916874 0.453715849801708 0.248510644640788 0.113319217463966 0.0230813365833574 0.0404198459653669 0.0685296137176602 0.10380029208112 0.109326227264156 0.109185781485875 0.0992628289198464 0.0948735694925136 0.0949257542076192 0.0661067889301988 0.0369679031785047 0.0243206544622021 0.0244727201996577 0.0369798563551746 0.0856200541825966 0.138118607961201 0.168733386187646 0.187858227640812 0.19365201711181 0.205930348387654 0.22320511869734 0.269408854884819 0.315732031120377 0.362222198464684 0.383579060642794 0.395109506002495 0.392971066598334 0.388107122418979 0.378623807437837 0.374697842276452 0.373255632485924 0.368539755827428
-9999 -9999 -9999 -9999 -9999 -9999 -9999 -9999 -9999 -9999 -9999 -9999 -9999 -9999 -9999 -9999 -9999 -9999 -9999 -9999 0.580042710384798 0.575000824108068 0.460611724628686 0.286454854813825 0.134730198470707 0.0259361194088214 0.0240143850366263 0.0509562747701732 0.0970871789187639 0.106099480231381 0.106206592465159 0.0881922847963809 0.082660989146933 0.0871487891039147 0.0627155097483784 0.0353870127384634 0.0136591706210791 0.00403688647176001 0.00609999544921537 0.05649271518947 0.113223265984229 0.147630583169479 0.173135687414413 0.188312113111726 0.217523474333304 0.254265500936923 0.323726407459834 0.372539887497326 0.392485858712908 0.395851258519266 0.393466385358824 0.395135520997863 0.393184424324007 0.385097511784379 0.38090814764896 0.378522069123168 0.382382665165889
-9999 -9999 -9999 -9999 -9999 -9999 -9999 -9999 -9999 -9999 -9999 -9999 -9999 -9999 -9999 -9999 -9999 -9999 -9999 -9999 0.54926488660167 0.549851644966978 0.462520422032783 0.327134369343309 0.162485695467966 0.0408934808289546 0.0313065051161724 0.0540445658226598 0.0982728450666308 0.105702273627608 0.10589255839209 0.0932421356131321 0.085411499160063 0.0814493120785767 0.0496775138710127 0.0183407567618177 0.00604117920565816 0 0 0.0591746483397928 0.123147806347962 0.142309505541562 0.152181408830498 0.151274945401454 0.187376372543984 0.236636713787994 0.311187877069834 0.358034318709332 0.366146330322714 0.376477934706946 0.387227340611534 0.391151123977007 0.391776136706404 0.386810168676278 0.38330185192065 0.380543985020306 0.390710175322201
