layers/veg/veg_5300.asc
NCOLS 255 
NROWS 330 
XLLCORNER -2985163.8955 
YLLCORNER -3022031.214 
CELLSIZE 25000 
NODATA_value -9999 
[rows 175 to 199 of 330, columns 57 to 113 of 255]
-9999 -9999 -9999 -9999 -9999 -9999 -9999 -9999 -9999 -9999 -9999 -9999 -9999 -9999 -9999 -9999 -9999 -9999 -9999 -9999 -9999 0.186919247390798 0.184568418309609 0.184455430185278 0.185459239536432 0.127148345711284 0.0762526560001282 0.0444629659742088 0.0204470065984602 0.00117196837446642 0 0.00189689164980718 0.00927134048484721 0.00816145450537891 0.000787005670338918 0 0 0 0 0 0.10639167603379 0.218048932826403 0.259565596167433 0.274862043032804 0.262139224815263 0.289878795099072 0.324875490911631 0.339475588082002 0.35210396887319 0.362197259701689 0.36416895939242 0.363761427392478 0.36648749048657 0.368905373959515 0.370844419815549 0.374330123407545 0.378385276288428
-9999 -9999 -9999 -9999 -9999 -9999 -9999 -9999 -9999 -9999 -9999 -9999 -9999 -9999 -9999 -9999 -9999 -9999 -9999 -9999 -9999 0.196108473587459 0.188175275659809 0.17711246416408 0.164487814897278 0.114500830793976 0.069784806791404 0.0384831982409399 0.0167922447392599 0.000962487084647135 0 0.00168223974850616 0.00822219734433953 0.00723790585296148 0.000697948257128153 0 0 0 0.00240808333516577 0.00695735419116531 0.113770479099435 0.222406010945438 0.247277705566488 0.262066345347637 0.266080101303287 0.295151458160088 0.327080827670428 0.334319777803249 0.345357325569606 0.361278834758988 0.362561277080716 0.359697077396083 0.364268409288731 0.367685774244364 0.36931014985158 0.37297096778789 0.377406519772825
-9999 -9999 -9999 -9999 -9999 -9999 -9999 -9999 -9999 -9999 -9999 -9999 -9999 -9999 -9999 -9999 -9999 -9999 -9999 -9999 -9999 0.202325670187775 0.212203660185495 0.190229825519597 0.152360295824571 0.11568104470245 0.0806812873583894 0.0495009625355731 0.023770009538074 0.00136243411989145 0 0.000374520057474702 0.00183052256653957 0.00161138798346357 0.000155385474398714 0 0 0 0.00849554217406939 0.0245450375773289 0.123572017697174 0.221543687725141 0.238761277814004 0.254956127766533 0.270058064278872 0.298489455765579 0.327278392884484 0.334363164261037 0.345287394083254 0.361148121198147 0.361602523454187 0.357701265241998 0.361729968753555 0.364614279349377 0.365720476342027 0.369498163891571 0.374297342323353
-9999 -9999 -9999 -9999 -9999 -9999 -9999 -9999 -9999 -9999 -9999 -9999 -9999 -9999 -9999 -9999 -9999 -9999 -9999 -9999 -9999 0.274792871799092 0.270077183760114 0.235697214079881 0.186513245595581 0.138282315912693 0.0917632839626822 0.0491464137215145 0.0208139359336546 0.00119299979412392 0 0 0 0 0 0 0.00130174769239867 0.00746221488813428 0.0235908494600973 0.0485828465577144 0.131642401124566 0.214849489757545 0.24601623962931 0.269472284175453 0.284688568508504 0.30671949755844 0.328402897983836 0.335081476130459 0.34549659784068 0.360715896349974 0.36209761688796 0.359416813565178 0.361964370836223 0.363918351934819 0.364950057255372 0.367605489127854 0.370904085913684
-9999 -9999 -9999 -9999 -9999 -9999 -9999 -9999 -9999 -9999 -9999 -9999 -9999 -9999 -9999 -9999 -9999 -9999 -9999 -9999 -9999 0.327618518979019 0.328467544316119 0.292463629628195 0.238068206706406 0.168863899293024 0.102903825953043 0.0449158539650486 0.0144732439556245 0.00082956808911122 0.000127884134800992 0.000274613231382982 0.00045185298143774 0.000346849483311903 3.34465517072582e-05 0 0.00301050672943979 0.0172576055010006 0.0415511676627838 0.0747777105588805 0.139128168347944 0.206174817530958 0.258535040886677 0.291204126589595 0.302831005940398 0.316620022532992 0.329973175471624 0.336165858681307 0.346014540605663 0.360563840602186 0.363386124594477 0.362540963690852 0.363298280452542 0.364193251180382 0.365302103335112 0.366368831930816 0.367469007746367
-9999 -9999 -9999 -9999 -9999 -9999 -9999 -9999 -9999 -9999 -9999 -9999 -9999 -9999 -9999 -9999 -9999 -9999 -9999 -9999 -9999 0.327252346615331 0.327052351758604 0.297683539224547 0.253757989829864 0.180572006829258 0.113557437164526 0.0617458223481454 0.0265634057402675 0.00152254420693823 0.00417030064172609 0.00895513534063526 0.0147349222121104 0.0113107589544937 0.00109069179116988 0 0.00118632996287127 0.00680058752004809 0.0365509393741455 0.0877623026291111 0.149985520165831 0.208520541039343 0.238433500318706 0.26813504300503 0.297610663164407 0.317556842142517 0.333801385241579 0.340164421283261 0.352553895690804 0.372691727607247 0.371100995520562 0.36318953945389 0.36422463127451 0.365002067824939 0.365379169547569 0.365801491383332 0.366243584162915
-9999 -9999 -9999 -9999 -9999 -9999 -9999 -9999 -9999 -9999 -9999 -9999 -9999 -9999 -9999 -9999 -9999 -9999 -9999 -9999 -9999 0.341967616966236 0.335592216570838 0.30710576240406 0.267584757744985 0.187005679607991 0.115771915774932 0.0674469409768355 0.0309920823095698 0.00177638424239621 0.0053857515876266 0.0117543205013146 0.0199540949370388 0.0155988394249823 0.00197334930043006 0.000243471377530884 0 0 0.0341268134014443 0.0985980529753178 0.162127784555781 0.21739176550276 0.231799547023742 0.259145994045311 0.300318867664718 0.325183847523427 0.344281938663085 0.350654366024615 0.361779066140132 0.379013894003122 0.374470367779282 0.363808022737014 0.364838322066895 0.365634173634979 0.366065749307298 0.365596434996998 0.364727626213192
-9999 -9999 -9999 -9999 -9999 -9999 -9999 -9999 -9999 -9999 -9999 -9999 -9999 -9999 -9999 -9999 -9999 -9999 -9999 -9999 -9999 0.346497026651087 0.353097597947462 0.324343860003869 0.27794650749254 0.18362944199168 0.10229046895737 0.0524495347568984 0.0211711782297736 0.00121347597830555 0.00134333508070151 0.00361481912568 0.00831534512821694 0.00747055921980288 0.00253129144812021 0.000939774671114642 0 0 0.0364939748461975 0.10543717700326 0.176659855204962 0.23839975581783 0.250213931694791 0.276344372626026 0.317773360993942 0.345253915708391 0.367135172407524 0.373217619102358 0.375999579080484 0.374538012537325 0.369757555973067 0.364370537078421 0.364870497111085 0.365937615326085 0.367885962064344 0.366065190179452 0.36267130399112
-9999 -9999 -9999 -9999 -9999 -9999 -9999 -9999 -9999 -9999 -9999 -9999 -9999 -9999 -9999 -9999 -9999 -9999 -9999 -9999 -9999 0.371497332017665 0.370351909894807 0.338895513364847 0.292312385154698 0.189842395523657 0.102054626583185 0.0499590162562784 0.0190617387017187 0.00109256848004535 0 0.000548747945388533 0.00268208732036677 0.00727533995171887 0.0136849142571586 0.00750010772810525 0.00125513870896977 0.000401689568814491 0.0430110675463368 0.124266144235993 0.183256510907638 0.234278950745364 0.265331440605233 0.297038755253972 0.32944582420715 0.355407310131433 0.377331677654791 0.38127085797223 0.38402008232277 0.385239347567843 0.382711648262532 0.378686220183067 0.371067540692054 0.366278630869347 0.365886508087063 0.36277733430839 0.358609103027085
-9999 -9999 -9999 -9999 -9999 -9999 -9999 -9999 -9999 -9999 -9999 -9999 -9999 -9999 -9999 -9999 -9999 -9999 -9999 -9999 -9999 0.373804493711073 0.379268688934627 0.352110121183846 0.308671120625088 0.200827897501151 0.108411132606129 0.0536931862220825 0.0207903015233869 0.0011916451321958 0 7.72721177081088e-06 3.77678985159692e-05 0.0110284117394751 0.0301120161832071 0.0169789732972786 0.00313496100196336 0.00100330037160796 0.0515935844992224 0.14906246644832 0.185903703962023 0.217651523215392 0.27880809169534 0.319473102016859 0.338240566201187 0.360625167738568 0.381228918555315 0.38210245064887 0.388954835558707 0.403494395927947 0.404458573479724 0.399846866870868 0.380332844494041 0.366638346950216 0.361986002785075 0.35761980997764 0.353548574537422
-9999 -9999 -9999 -9999 -9999 -9999 -9999 -9999 -9999 -9999 -9999 -9999 -9999 -9999 -9999 -9999 -9999 -9999 -9999 -9999 -9999 0.382151948515013 0.382241391383585 0.344964138956861 0.289038988052321 0.178928670369352 0.0857730079403582 0.0334742097950492 0.0086163994830608 0.000493869244248032 0 0.000118907515224206 0.000581178192208727 0.00509902313075869 0.0126113750557103 0.0385552442479788 0.0608752118230734 0.0614501522553743 0.0669551011022542 0.0768436492792525 0.184041051242242 0.294423210589905 0.332420678216251 0.354411513018701 0.359297451353422 0.374310852616994 0.389743475462342 0.389773290269091 0.391640555242563 0.395870280417605 0.404114484858588 0.411464937085828 0.391195628457338 0.378255648907343 0.376703698379024 0.365983134285508 0.351902389243282
-9999 -9999 -9999 -9999 -9999 -9999 -9999 -9999 -9999 -9999 -9999 -9999 -9999 -9999 -9999 -9999 -9999 -9999 -9999 -9999 -9999 0.379718431957713 0.381153045132018 0.338110946529656 0.2728726863646 0.158865933994457 0.064684771076963 0.0177719627287013 0 0 0 0.000726032928707201 0.00354859408334657 0.00312378659985834 0.000301225445218983 0.0630122793584278 0.117701218734164 0.113225261848708 0.0860525599705348 0.0386986681674693 0.191508956059702 0.352119616408345 0.370139652871348 0.377512601806636 0.373507934234566 0.383438587677904 0.39518041406781 0.394825423652583 0.393323713378489 0.390347633851839 0.401194325919689 0.414303285634569 0.399568520524863 0.389608343850915 0.387066738657475 0.372639509096633 0.35383086995359
-9999 -9999 -9999 -9999 -9999 -9999 -9999 -9999 -9999 -9999 -9999 -9999 -9999 -9999 -9999 -9999 -9999 -9999 -9999 -9999 -9999 0.378786322824091 0.377550605299016 0.332605147810088 0.265846287051315 0.144105095957782 0.0481122655927035 0.0132187124831833 0 0 0 0.00244832135591504 0.0119665353101842 0.0105340035435758 0.00101578958930673 0.0936709170559781 0.170576231323408 0.143134982543766 0.113488538109666 0.0818813071249623 0.220514522100723 0.36298878301417 0.370093601538317 0.373064407175445 0.371617552758353 0.381837162607569 0.393409356463494 0.393647698782511 0.3927834588994 0.390501598762603 0.393102919799223 0.397333352843488 0.402180925830045 0.399980590707812 0.38682948761959 0.374934070166218 0.363839938610503
-9999 -9999 -9999 -9999 -9999 -9999 -9999 -9999 -9999 -9999 -9999 -9999 -9999 -9999 -9999 -9999 -9999 -9999 -9999 -9999 -9999 0.378058185332802 0.377629299300633 0.336866913595546 0.275976041782396 0.135598913072141 0.0302816574604351 0.00831980199960565 0 0 0 0.00195386419068185 0.00954980226456437 0.0112732722503894 0.00866069866187716 0.110893453485898 0.198392528189863 0.184146224795588 0.16960943397915 0.154814351419145 0.263956674695287 0.373753594521627 0.374191674987614 0.374134739056488 0.37354882215131 0.38331462962573 0.394083218429933 0.393340504265646 0.392171926525107 0.39045580427511 0.389776784997577 0.390064711099508 0.398305087637746 0.399448052467894 0.389563332547516 0.380479617388082 0.371887906727949
-9999 -9999 -9999 -9999 -9999 -9999 -9999 -9999 -9999 -9999 -9999 -9999 -9999 -9999 -9999 -9999 -9999 -9999 -9999 -9999 -9999 0.378741112411388 0.380268693790172 0.347070356532368 0.296542003864678 0.130897480242815 0.0116857367721146 0.00321062399872042 0 0 0 0.000110945325480899 0.00054226180385167 0.00795455693296201 0.0205213845630975 0.119942716438667 0.210965434692632 0.231910599514081 0.243179564013351 0.245844773369942 0.316180702897095 0.384454926099846 0.380810648249643 0.378562028843471 0.377804828241748 0.386665008029767 0.39624434190798 0.393562859393072 0.391517035313399 0.390288494761863 0.389349397749684 0.388697431903339 0.39048240597985 0.392282057912746 0.39410451573315 0.388002762006971 0.378742923802084
-9999 -9999 -9999 -9999 -9999 -9999 -9999 -9999 -9999 -9999 -9999 -9999 -9999 -9999 -9999 -9999 -9999 -9999 -9999 -9999 0.423109508823916 0.416024677975405 0.395727868693891 0.341442779443756 0.270195794332033 0.129647202935826 0.0274176834153825 0.0156819834921132 0.00708652229322708 0.000406180727365678 0 0 0 0.0481806191081431 0.131936274258851 0.206930201424452 0.268026917874176 0.281159890350388 0.272604951498888 0.244765844026764 0.305755027801886 0.371140958692481 0.377967390824239 0.380658295321056 0.378929921084279 0.390875303969762 0.404070837985123 0.401512274841557 0.400020475664511 0.399900244250778 0.398992880686383 0.39786315952629 0.397140854216947 0.396044617132655 0.394367379269214 0.392131311067517 0.389415926683089
-9999 -9999 -9999 -9999 -9999 -9999 -9999 -9999 -9999 -9999 -9999 -9999 -9999 -9999 -9999 -9999 -9999 -9999 -9999 0.407018584180592 0.413738335081405 0.412693409147431 0.397168710149859 0.329112491921764 0.234840349867526 0.123537973935582 0.0406116219020579 0.0235067834907722 0.0107387255399102 0.000615515364278182 0.00279986509626105 0.00508742189264228 0.00537219836532331 0.0849645121450919 0.223114987907255 0.276315382052719 0.312052871611217 0.320491647635545 0.29447699407633 0.237827498110747 0.288471831643618 0.350511924392702 0.372526505468146 0.383217988470543 0.381809461285649 0.396550731732877 0.412922335629262 0.411820683413541 0.410918486245377 0.410272733916039 0.408860611277351 0.407113126732633 0.40426505441954 0.400314124079649 0.394649615446101 0.39377681788472 0.394454734439348
-9999 -9999 -9999 -9999 -9999 -9999 -9999 -9999 -9999 -9999 -9999 -9999 -9999 -9999 -9999 -9999 -9999 -9999 -9999 0.406660978900878 0.401857732524942 0.394690400715058 0.383114460367448 0.300407062304292 0.182201416628494 0.102805497710799 0.0401698635755572 0.0147143560112254 0.00319826067520684 0.000183315848537179 0.0136593629687395 0.0248193894411237 0.0262086939510096 0.103810470103169 0.237685110235786 0.280659628256499 0.310351614516229 0.331001192370313 0.302746146000693 0.231006736125169 0.263000925520912 0.313254160444474 0.361352918009535 0.387541517729801 0.390316637197849 0.406285093833581 0.423679722631352 0.427494819306159 0.427020718363183 0.421031878107987 0.417516852183153 0.414663364916232 0.410059730389911 0.404027764438168 0.395776512170983 0.388900633308736 0.382571054368823
-9999 -9999 -9999 -9999 -9999 -9999 -9999 -9999 -9999 -9999 -9999 -9999 -9999 -9999 -9999 -9999 -9999 -9999 -9999 0.399249914686292 0.397602254822209 0.393504846597043 0.384839083360311 0.284018285322353 0.137207395851045 0.0747267570150279 0.0262937670093509 0.00722414007976232 0 0 0.0516656537546113 0.0910560914405905 0.0853415075059854 0.13897237636463 0.236422039194009 0.270201566830787 0.298039342143311 0.332091496214986 0.321120178584368 0.270115489041012 0.292432733801387 0.328840853694314 0.369705315406388 0.392495539737517 0.395971398421882 0.409993983861869 0.425442118809634 0.432138802404598 0.433365430303241 0.427559057189416 0.42256658957623 0.417656507402294 0.410466821783808 0.400297350643484 0.385498003611708 0.368670183555543 0.351561445135113
-9999 -9999 -9999 -9999 -9999 -9999 -9999 -9999 -9999 -9999 -9999 -9999 -9999 -9999 -9999 -9999 -9999 -9999 -9999 0.399442774921824 0.404009586976619 0.404706227879443 0.398185672086226 0.276701367713057 0.0978442532691511 0.0412371080012952 0.00252257711855827 0.000693071116815909 0 0 0.109666978501094 0.191545964621021 0.172681563839334 0.186151832598441 0.223496992457562 0.248840831019509 0.277911501592021 0.326244036100524 0.346936984706541 0.3430537338301 0.362303265084007 0.383350255776699 0.392439622723317 0.397913952657174 0.399525206920427 0.409264798309697 0.420579233409676 0.428658500604488 0.432523217881815 0.430969172447694 0.42495994835228 0.417293110369131 0.406905675127783 0.391084001311157 0.366818817052686 0.337130513791059 0.306464587939326
-9999 -9999 -9999 -9999 -9999 -9999 -9999 -9999 -9999 -9999 -9999 -9999 -9999 -9999 -9999 -9999 -9999 -9999 -9999 0.382219334066845 0.38125298882074 0.374428926103222 0.356681238170964 0.265365558743297 0.137335676312617 0.0561099293124429 0.00218396663525414 0.00938837505432137 0.00764245366316828 0.000438045244101049 0.130986350873024 0.225116936823818 0.188334095091794 0.187417359186062 0.212983014563282 0.231795859739923 0.259581791205824 0.323870603152068 0.347097200171718 0.333812642907513 0.336499627153888 0.342787029508257 0.352724953893571 0.358764153848841 0.360637126061785 0.366943129630786 0.373060741785916 0.369695208004161 0.371070562870764 0.378541408627218 0.377342337748258 0.372872430849214 0.362540492067274 0.351283730033769 0.338590013278222 0.322032518044811 0.3043707009813
-9999 -9999 -9999 -9999 -9999 -9999 -9999 -9999 -9999 -9999 -9999 -9999 -9999 -9999 -9999 -9999 -9999 -9999 -9999 0.360332564301403 0.358562372091737 0.346720723137833 0.31609755742806 0.24953334005723 0.165032693541013 0.0678534900230694 0.00489079113234172 0.0210243969489167 0.0216535546915645 0.0128271023638592 0.151150060317344 0.248180915759076 0.198466195090861 0.187519996377429 0.205199240661372 0.216327987734889 0.23907981898201 0.308135323166113 0.33175098442837 0.314963050353171 0.306895032616474 0.303577974378006 0.316309405380562 0.323624538920394 0.325151746394978 0.328674320940168 0.330602513702013 0.317136144985839 0.31640266857909 0.332040221915983 0.335839012058879 0.335046682569739 0.324677844688565 0.317758805259573 0.316199929697099 0.312312659473455 0.307227641079025
-9999 -9999 -9999 -9999 -9999 -9999 -9999 -9999 -9999 -9999 -9999 -9999 -9999 -9999 -9999 -9999 -9999 -9999 -9999 0.360419892449469 0.361463646424147 0.346880420657552 0.303155593104081 0.218753250646153 0.114050740825989 0.0466066162626773 0.00857788867896188 0.036874389375889 0.0559755775809208 0.069468872555324 0.1832113705552 0.26171465210654 0.219718609935428 0.203569392298058 0.206504647450667 0.204819923848725 0.209705253083988 0.241173169582069 0.270063664168581 0.296662401010508 0.30539592582756 0.311380869695521 0.319735372307398 0.323076321831217 0.321059723177966 0.323841802244742 0.325796517043807 0.312891007725144 0.313727739025021 0.332233246942435 0.339155334722203 0.341199491310575 0.329013784102525 0.321076561237969 0.31974046959343 0.315335024537864 0.309510483399441
-9999 -9999 -9999 -9999 -9999 -9999 -9999 -9999 -9999 -9999 -9999 -9999 -9999 -9999 -9999 -9999 -9999 -9999 -9999 0.394213852288442 0.387605649071233 0.362789922605503 0.304020329121422 0.20216042764069 0.0787962512287882 0.0578963785335569 0.0516210066259263 0.0754052121061247 0.0977552182593115 0.119230557379224 0.201489703103834 0.257844261454387 0.228032388067184 0.21111826396301 0.203727427523151 0.201825951691081 0.203343313752966 0.215173536793695 0.243512893124631 0.286531621080526 0.300293626063836 0.308302530673362 0.313874237072907 0.317133081219858 0.317920370617601 0.31893558091117 0.318717928644236 0.308997544989299 0.311310189022348 0.329094027611895 0.33893902904881 0.344834415155686 0.333338250307511 0.325390738204527 0.322956985958318 0.31756305386958 0.310840205116386
-9999 -9999 -9999 -9999 -9999 -9999 -9999 -9999 -9999 -9999 -9999 -9999 -9999 -9999 -9999 -9999 -9999 -9999 -9999 0.394873163301742 0.409509721954015 0.392669853255713 0.317131917067039 0.198152027172205 0.0574923730919527 0.098046864501519 0.129573794690582 0.134054438471382 0.146149932673073 0.162889452639544 0.207542226247052 0.238536020987578 0.224869306119538 0.211126980536709 0.197328826408012 0.206384169276476 0.21739408876205 0.225508575895914 0.248129026907984 0.283647698002433 0.29199521356205 0.295572293481438 0.299775234556529 0.306404334108586 0.315626058231929 0.31396398368953 0.309623500553655 0.305416025420635 0.309120940436913 0.322999033025859 0.335589203049207 0.346235918796978 0.337652539519587 0.330588762868114 0.325886086205469 0.319086489644607 0.311324487545742
