layers/veg/veg_5100.asc
NCOLS 255 
NROWS 330 
XLLCORNER -2985163.8955 
YLLCORNER -3022031.214 
CELLSIZE 25000 
NODATA_value -9999 
[rows 25 to 49 of 330, columns 112 to 167 of 255]
0.097958300913397 0.0979261318536924 0.0975756613478804 0.0970282946598376 -9999 -9999 -9999 -9999 -9999 -9999 -9999 -9999 -9999 -9999 -9999 -9999 -9999 -9999 -9999 -9999 -9999 -9999 -9999 -9999 -9999 -9999 -9999 -9999 -9999 -9999 -9999 -9999 -9999 -9999 -9999 -9999 -9999 -9999 -9999 -9999 -9999 -9999 -9999 -9999 -9999 -9999 -9999 -9999 -9999 -9999 -9999 -9999 -9999 -9999 -9999 -9999
0.0939224240825696 0.0950789484044357 0.096061728077312 0.096937032089969 -9999 -9999 -9999 -9999 -9999 -9999 -9999 -9999 -9999 -9999 -9999 -9999 -9999 -9999 -9999 -9999 -9999 -9999 -9999 -9999 -9999 -9999 -9999 -9999 -9999 -9999 -9999 -9999 -9999 -9999 -9999 -9999 -9999 -9999 -9999 -9999 -9999 -9999 -9999 -9999 -9999 -9999 -9999 -9999 -9999 -9999 -9999 -9999 -9999 -9999 -9999 -9999
0.0908381924533996 0.0911798679959582 0.0953922547465171 0.101999001524948 0.0992585579106062 0.0975731599969082 0.100871409814972 0.0989931097413382 0.0932399558020468 -9999 -9999 -9999 -9999 -9999 -9999 -9999 -9999 -9999 -9999 -9999 -9999 -9999 -9999 -9999 -9999 -9999 -9999 -9999 -9999 -9999 -9999 -9999 -9999 -9999 -9999 -9999 -9999 -9999 -9999 -9999 -9999 -9999 -9999 -9999 -9999 -9999 -9999 -9999 -9999 -9999 -9999 -9999 -9999 -9999 -9999 -9999
0.0886859296781949 0.0880328187007413 0.0932070966562994 0.101986104176603 0.0996817053198721 0.0980151900307279 0.100456086955401 0.0986667512719827 0.0937109179179098 0.100216154754361 0.107634220832625 0.113130169339833 -9999 -9999 -9999 -9999 -9999 -9999 -9999 -9999 -9999 -9999 -9999 -9999 -9999 -9999 -9999 -9999 -9999 -9999 -9999 -9999 -9999 -9999 -9999 -9999 -9999 -9999 -9999 -9999 -9999 -9999 -9999 -9999 -9999 -9999 -9999 -9999 -9999 -9999 -9999 -9999 -9999 -9999 -9999 -9999
0.0929707885785989 0.0952979362616165 0.0990274495506385 0.103624443767853 0.104266432060048 0.102804506641529 0.0959561378161928 0.0951307154400885 0.0988137084796038 0.103066809444275 0.107634220832625 0.113130169339833 0.115735317443123 -9999 -9999 -9999 -9999 -9999 -9999 -9999 -9999 -9999 -9999 -9999 -9999 -9999 -9999 -9999 -9999 -9999 -9999 -9999 -9999 -9999 -9999 -9999 -9999 -9999 -9999 -9999 -9999 -9999 -9999 -9999 -9999 -9999 -9999 -9999 -9999 -9999 -9999 -9999 -9999 -9999 -9999 -9999
0.0935436246310186 0.0986969845658997 0.101966875632478 0.104071682989715 0.10633581120972 0.105178380618216 0.0939332627635878 0.0935045287784532 0.101172289123715 0.105421051075278 0.109299260094088 0.113376693958252 0.115719584723862 0.116499329982385 -9999 -9999 -9999 -9999 -9999 -9999 -9999 -9999 -9999 -9999 -9999 -9999 -9999 -9999 -9999 -9999 -9999 -9999 -9999 -9999 -9999 -9999 -9999 -9999 -9999 -9999 -9999 -9999 -9999 -9999 -9999 -9999 -9999 -9999 -9999 -9999 -9999 -9999 -9999 -9999 -9999 -9999
0.088781880163223 0.0965400709080368 0.100766096579946 0.102807181446939 0.10479036232428 0.104081000846926 0.0954702125586926 0.0946230030732407 0.0995871416796023 0.107061893155015 0.113357141849615 0.113977501263235 0.115006264946169 0.11640307673306 -9999 -9999 -9999 -9999 -9999 -9999 -9999 -9999 -9999 -9999 -9999 -9999 -9999 -9999 -9999 -9999 -9999 -9999 -9999 -9999 -9999 -9999 -9999 -9999 -9999 -9999 -9999 -9999 -9999 -9999 -9999 -9999 -9999 -9999 -9999 -9999 -9999 -9999 -9999 -9999 -9999 -9999
0.0800238940125493 0.0863330887415962 0.0923586821638081 0.0982088443547944 0.0992454009521252 0.100048661173312 0.101135984585747 0.10159377616171 0.101580338072907 0.107229018317097 0.11283942819275 0.115636944404827 0.116474119407303 0.115544662864732 0.115304908095466 -9999 -9999 -9999 -9999 -9999 -9999 -9999 -9999 -9999 -9999 -9999 -9999 -9999 -9999 -9999 -9999 -9999 -9999 -9999 -9999 -9999 -9999 -9999 -9999 -9999 -9999 -9999 -9999 -9999 -9999 -9999 -9999 -9999 -9999 -9999 -9999 -9999 -9999 -9999 -9999 -9999
0.0702835449605718 0.0738077925619071 0.0819575017990995 0.0929684476039962 0.0930135330574578 0.095703960179008 0.108377822779271 0.110539613925885 0.104832700711403 0.106944106564201 0.11086582524811 0.117999507233738 0.119222790076686 0.115119705490262 0.12434932382099 0.134878854772439 0.13938829512074 -9999 -9999 -9999 -9999 -9999 -9999 -9999 -9999 -9999 -9999 -9999 -9999 -9999 -9999 -9999 -9999 -9999 -9999 -9999 -9999 -9999 -9999 -9999 -9999 -9999 -9999 -9999 -9999 -9999 -9999 -9999 -9999 -9999 -9999 -9999 -9999 -9999 -9999 -9999
0.070991090505024 0.0753492533684267 0.0858281932866521 0.100093347968018 0.103329968478406 0.107444947808755 0.116363016225971 0.115215632763735 0.106533857488287 0.108666324384105 0.114046371689985 0.126701147576201 0.131580522997553 0.129452818391547 0.131643583457341 0.134878854772439 0.13938829512074 0.141732891532391 -9999 -9999 -9999 -9999 -9999 -9999 -9999 -9999 -9999 -9999 -9999 -9999 -9999 -9999 -9999 -9999 -9999 -9999 -9999 -9999 -9999 -9999 -9999 -9999 -9999 -9999 -9999 -9999 -9999 -9999 -9999 -9999 -9999 -9999 -9999 -9999 -9999 -9999
0.0709487965081906 0.0783743184788079 0.0909942847287406 0.106827451106778 0.11077115387864 0.114700636471645 0.120983448145257 0.119451071732296 0.11206871562211 0.115551497083067 0.122256105258835 0.136113381974474 0.142408587856585 0.141888963333172 0.141060661003066 0.140727048773722 0.143246604159368 0.152575266945479 0.169278414565074 -9999 -9999 -9999 -9999 -9999 -9999 -9999 -9999 -9999 -9999 -9999 -9999 -9999 -9999 -9999 -9999 -9999 -9999 -9999 -9999 -9999 -9999 -9999 -9999 -9999 -9999 -9999 -9999 -9999 -9999 -9999 -9999 -9999 -9999 -9999 -9999 -9999
0.0695986274449237 0.0839870959871609 0.0984198213031729 0.112879923151402 0.11319730925604 0.114133037135886 0.119735040847751 0.12291804839114 0.124290340911871 0.131441929685855 0.139237780137318 0.146765039204938 0.150568595607607 0.151016404265926 0.154180371527424 0.156775701268872 0.153834601234407 0.158112426269833 0.170208582007216 0.172650837285642 -9999 -9999 -9999 -9999 -9999 -9999 -9999 -9999 -9999 -9999 -9999 -9999 -9999 -9999 -9999 -9999 -9999 -9999 -9999 -9999 -9999 -9999 -9999 -9999 -9999 -9999 -9999 -9999 -9999 -9999 -9999 -9999 -9999 -9999 -9999 -9999
0.0870589547927506 0.100324158512149 0.112810804039774 0.124815845925694 0.127277459906931 0.130975418343645 0.140229373846443 0.144238871945931 0.144322684701384 0.148182849532838 0.152850968536281 0.158817422542084 0.162079959471987 0.16290576488899 0.165365449153365 0.167154540064858 0.163914313017578 0.167282717827502 0.177808485935544 0.343297085613736 0.526519667860911 0.546333315777498 0.566324146033446 0.586545906106254 0.607886189287983 0.629337113618841 0.647372696806344 0.662023568819089 0.671340902228437 0.701860529216492 0.740838475314041 0.765357807797251 0.783195707960796 0.788196646410293 -9999 -9999 -9999 -9999 -9999 -9999 -9999 -9999 -9999 -9999 -9999 -9999 -9999 -9999 -9999 -9999 -9999 -9999 -9999 -9999 -9999 -9999
0.11328004935245 0.121660535807549 0.130455029560529 0.1395056216045 0.146791684758359 0.155925736067824 0.170846287802805 0.173874859991797 0.168001811626914 0.165330678833564 0.164905698302976 0.171527177311113 0.175153707530781 0.176081232608081 0.175652595331847 0.17489896682355 0.173760834479766 0.178145506656756 0.188511555801596 0.348906025611516 0.526522758475556 0.546337137063373 0.566328297038239 0.586549864250549 0.607889863547912 0.629340527652671 0.647376561122454 0.662029736677433 0.671352293947175 0.701870888293855 0.74084523802719 0.765362517288707 0.783200562869148 0.788205870955449 0.814440347382789 0.851594407285634 0.861340497284212 -9999 -9999 -9999 -9999 -9999 -9999 -9999 -9999 -9999 -9999 -9999 -9999 -9999 -9999 -9999 -9999 -9999 -9999 -9999
0.155462178908816 0.162134745019347 0.173993423590657 0.189060148360422 0.190064115590181 0.194434816230489 0.211532911725032 0.218541414195228 0.217997454243298 0.206751691518115 0.196714836109663 0.196323314467581 0.194405063575338 0.191110946052904 0.1910574609905 0.191426980353043 0.190886839060024 0.192981937188817 0.197931085342938 0.35639141960559 0.533262403806344 0.554670143427264 0.575380315257695 0.595181315199517 0.615902253192095 0.636785447128554 0.655803402712536 0.675479869569347 0.696194001122807 0.724460733810473 0.755592559624004 0.775632416886767 0.793787570363739 0.808321663387952 0.828624555415526 0.851894727237514 0.861340497284212 0.867771522161125 -9999 -9999 -9999 -9999 -9999 -9999 -9999 -9999 -9999 -9999 -9999 -9999 -9999 -9999 -9999 -9999 -9999 -9999
0.202850546202979 0.206209838454315 0.218621822176406 0.236633656013235 0.231173749352821 0.22967781996772 0.244559951010917 0.253173806762545 0.257095608684362 0.242186565624212 0.227297433936759 0.221354392768668 0.214210380518201 0.205984070253276 0.204873834335799 0.205023705003176 0.204888955991138 0.205318920857515 0.206360489225893 0.363914805393697 0.540778985743743 0.563244584003639 0.584432176852072 0.603954087010682 0.624084570090933 0.64445612073631 0.665364841326286 0.689428049459415 0.718462015868997 0.743623286012908 0.767042038046325 0.785164728700426 0.803928514302881 0.823924028509825 0.839437420069871 0.852645355683457 0.862011307386955 0.871111188543711 0.879781097504565 0.88449499785412 0.886726339028543 -9999 -9999 -9999 -9999 -9999 -9999 -9999 -9999 -9999 -9999 -9999 -9999 -9999 -9999 -9999
0.261379518252417 0.257990309538213 0.265582674742781 0.279968065885292 0.267655306464502 0.257931886897068 0.2611965737771 0.266334527372406 0.272874695748782 0.264811958628682 0.255255411487689 0.246888211544696 0.235201094618998 0.220522115848098 0.215291061135908 0.212347890350808 0.212206399775969 0.212307445425046 0.212671165694989 0.371519488191771 0.549958100990237 0.572335659292288 0.593483703291162 0.613029265271322 0.632630507031076 0.65260987592461 0.677354155429747 0.704441978751534 0.735222696612766 0.755451920304425 0.771434603357445 0.793118708061328 0.813114945978606 0.829868304183657 0.843036091680302 0.854359579954822 0.864117555246651 0.873102669499937 0.880335284138303 0.88449499785412 0.886726339028543 -9999 -9999 -9999 -9999 -9999 -9999 -9999 -9999 -9999 -9999 -9999 -9999 -9999 -9999 -9999
0.323556490622822 0.309102511458159 0.305656815858187 0.309020668355811 0.291889632048295 0.277591576341616 0.275748020026414 0.276771414535159 0.27994083597598 0.274815094310065 0.26816742476674 0.259630754980716 0.247681144736854 0.232655841218449 0.227141544612441 0.223768842133648 0.222381031418111 0.252014435367186 0.315244824002508 0.437665752050012 0.561661647248358 0.583670139202401 0.604347007278876 0.623288309275331 0.639544649688726 0.656005853100726 0.686896025767704 0.716578913177202 0.744359392317985 0.766239798055337 0.785671490187442 0.805311255348334 0.823615031659277 0.839351987429853 0.847574790715763 0.851932561986013 0.865921222348399 0.877839059875691 0.884335588666292 0.889277917279319 0.893244920939865 0.904930906975528 0.913387556500639 0.910507582486807 -9999 -9999 -9999 -9999 -9999 -9999 -9999 -9999 -9999 -9999 -9999 -9999
0.387816688572314 0.359833091861227 0.341798234334291 0.32991750770222 0.309130058578609 0.292343364076353 0.289108706222367 0.285652830477809 0.282031364327214 0.277610168859945 0.272487295810204 0.265068717925253 0.255301098543211 0.243416556459621 0.239810503063486 0.237529291690192 0.234187287595592 0.310405618834505 0.472790381553681 0.537242747370586 0.574806794052903 0.596285736842907 0.616244944216376 0.634223411169088 0.645526940567318 0.656684855500926 0.695040259864685 0.727072912084952 0.74914233822894 0.776433341799609 0.805530071258807 0.819924277510741 0.834865292061545 0.8508568833243 0.852650301430108 0.84714064790841 0.867552097805618 0.884142957107784 0.890303831876906 0.896792168725522 0.903486001585353 0.909576624948582 0.913387556500639 0.910507582486807 0.909264889468849 -9999 -9999 -9999 -9999 -9999 -9999 -9999 -9999 -9999 -9999 -9999
0.415020685429414 0.384491748289025 0.36129574454226 0.342635776077192 0.321502788764422 0.304195398529832 0.298629212601419 0.291184293229506 0.282333067012613 0.281663839322668 0.279860804874495 0.269885417410816 0.261555095462145 0.254707283098156 0.249767980282088 0.245652530706653 0.243973433077064 0.326005904095974 0.498700727326187 0.556928518006085 0.585101484726563 0.604926030890456 0.620614894834012 0.630913535682086 0.65232977772277 0.677646825149246 0.706114166576493 0.733858054477983 0.760461943393394 0.784998081460649 0.808127421315265 0.80928973415388 0.81902397920977 0.845227382437729 0.858963205002353 0.86628611559587 0.87691011169808 0.886856333950169 0.895020362592931 0.904341563287464 0.914388937349296 0.919564736910025 0.921764960894708 0.916117213610725 0.912440210555935 0.910258998449659 -9999 -9999 -9999 -9999 -9999 -9999 -9999 -9999 -9999 -9999
0.432028388507987 0.402679349864795 0.377683448440262 0.355380328055725 0.334459278377557 0.316965561414312 0.30926598879049 0.298774592960788 0.286193406214768 0.286642951134355 0.286020700410852 0.275178280645105 0.268087768149337 0.264378420985793 0.258915672720505 0.253919319787458 0.253010557416566 0.337987356923993 0.515981014036526 0.571399949652489 0.595093067056136 0.613330882996764 0.626826001563592 0.63413974652453 0.66188227925251 0.695462476575867 0.717215267163735 0.742219218060487 0.772346261628362 0.793410772630457 0.810152470544741 0.80465303637945 0.810867566505021 0.839588006131298 0.860811483586295 0.87817877115543 0.882007719763401 0.887563068842738 0.897927194142004 0.910177823787586 0.923612313008321 0.928503361803538 0.929770174215796 0.922043952309088 0.915947102641108 0.911086943260151 0.91111141533782 -9999 -9999 -9999 -9999 -9999 -9999 -9999 -9999 -9999
0.426533968333262 0.406910683304055 0.387887119436973 0.369234533486171 0.349592404359643 0.33255460128697 0.32336997402635 0.312285330172105 0.299778448186934 0.293931924969833 0.2885535650999 0.28182090000324 0.275537789719281 0.269659811822203 0.266246832740829 0.263285714412053 0.260305442087947 0.345749598220686 0.526960287059312 0.58210956027566 0.604638006267054 0.621612650687319 0.638907629564807 0.656620114937623 0.678668832305452 0.702303195948595 0.728016577822275 0.755257890453685 0.784906876076649 0.801624697780897 0.81284408076811 0.819232475261064 0.826664101952142 0.836100079079691 0.85058723211362 0.867672543307734 0.874752965416448 0.883370808649686 0.896163368718626 0.911437580582794 0.928269131684325 0.933962074953157 0.935717299230515 0.928104000615205 0.920640870685201 0.913291718488534 0.912020537612243 -9999 -9999 -9999 -9999 -9999 -9999 -9999 -9999 -9999
0.42092979467145 0.408369492860029 0.393753893848533 0.377866920870649 0.360749733621016 0.34528685460275 0.334933634456656 0.324438832523961 0.313838050982338 0.305613496717021 0.298390406300002 0.293862181679214 0.287046460531436 0.278169280131578 0.274370261287561 0.27171836023004 0.270145208855446 0.357036728551143 0.539738365012292 0.592606334177555 0.612378584837596 0.630246118246442 0.649741450157108 0.671358366031879 0.690746247989373 0.709839944976447 0.734763848821435 0.759074223837119 0.782417816304324 0.798050661331814 0.810411846928721 0.82017415832596 0.827447381305206 0.82993834634994 0.838962357011391 0.851346750699392 0.86130373675064 0.873224217300072 0.889933157997849 0.90648001757432 0.922925164537309 0.930038565993987 0.93338449763917 0.92747967270231 0.921811397235172 0.916322662344859 0.911063386779265 0.907218777077742 0.908760953545886 -9999 -9999 -9999 -9999 -9999 -9999 -9999
0.415249539007492 0.407906366506345 0.396614296580582 0.382879501884207 0.369151008540312 0.356038760444161 0.344736321250117 0.335651488728388 0.328226623166606 0.320340052752387 0.313290422906642 0.309645859601195 0.301368619721576 0.288916477771927 0.283042896764547 0.279503723846839 0.281749108410352 0.370767340379593 0.553763389045936 0.602955567948244 0.618868366064381 0.639123386990074 0.659710280592972 0.680729718979083 0.699559251681174 0.717859187373045 0.738700826842595 0.756497557462909 0.769496201022696 0.786305114860267 0.8044277230735 0.81166203910287 0.817823350487919 0.821923109966262 0.826366558316479 0.830986788878119 0.843560448543404 0.85895003558531 0.880606812978214 0.897212558350141 0.910648572025392 0.919611225023856 0.925311984166727 0.922221681300912 0.920539584374913 0.919926312955145 0.913029250771688 0.907218777077742 0.908760953545886 0.909497208245931 -9999 -9999 -9999 -9999 -9999 -9999
0.413765626086493 0.408738006757159 0.399511403676486 0.387687376424484 0.375860000348654 0.364595655476009 0.354986673187628 0.346251595509524 0.338170670254982 0.330255930366771 0.323243992302418 0.319592193428848 0.311700267641418 0.299987199940355 0.293989975137778 0.28980074868028 0.289498401396191 0.377642633166569 0.561577387460675 0.601918289804474 0.609884096773425 0.647926343718718 0.677326289035388 0.695462328820909 0.706435150460366 0.716085478378895 0.73947745896882 0.758243755946605 0.769721022682626 0.779183097479099 0.787973592251292 0.803455253042952 0.81506636897254 0.819241050043595 0.827587721069702 0.838080326022251 0.849043783833896 0.860730018996778 0.874107314062311 0.883917068319501 0.891488043029774 0.907643988080814 0.920442316207326 0.921332435395308 0.919928401608514 0.916783110278839 0.910573774900103 0.905359060923284 0.905536930195407 0.905711475541657 0.905882984295346 -9999 -9999 -9999 -9999 -9999
