layers/veg/veg_5400.asc
NCOLS 255 
NROWS 330 
XLLCORNER -2985163.8955 
YLLCORNER -3022031.214 
CELLSIZE 25000 
NODATA_value -9999 
[rows 200 to 224 of 330, columns 114 to 170 of 255]
0.148301159504455 0.150686249459962 0.152950466880144 0.155147628656421 0.164252384996788 0.171486062129586 0.173170705565138 0.175749055982552 0.178930028051603 0.178692953516866 0.177283426222148 0.173060712589744 0.171690417999984 0.172641238211085 0.173425634433449 0.173427465272495 0.170144440626404 0.158218806441762 0.137836265892713 0.134191927483125 0.133639602242595 0.130074417982409 0.132216793832452 0.141072529934685 0.152071356394239 0.164500463157116 0.184662766319669 0.202522188437226 0.217116511655439 0.236989436691843 0.258286862237269 0.269786800055008 0.281820248638694 0.294771223836374 0.305248504742616 0.314498962376809 0.298912828600705 0.275263005978833 0.234615462383775 0.207612607739211 0.188292073437635 0.22229419692607 -9999 -9999 -9999 -9999 -9999 -9999 -9999 -9999 -9999 -9999 -9999 -9999 -9999 -9999 -9999
0.145601876789924 0.146435628808922 0.146620991010424 0.146446650351417 0.158956301177817 0.168935337605975 0.171061317084359 0.172932749863945 0.174632543219021 0.173308173005779 0.171254395939856 0.167723475617514 0.164658299782841 0.161972116798652 0.160390584446454 0.159076716620061 0.158203785802284 0.149710792186848 0.133761467554347 0.126174155420677 0.121325939756363 0.122220075212943 0.128094818803896 0.139827865423691 0.148513398194529 0.156384292176454 0.164797300609986 0.176281792111684 0.192121131210485 0.215318927540572 0.240433306794468 0.250565333230365 0.260793734341286 0.271187879678743 0.274234915758991 0.273921959494338 0.275642768985284 0.265142392418201 0.228880566649759 0.209159318358689 0.198750852154494 0.199864699998305 -9999 -9999 -9999 -9999 -9999 -9999 -9999 -9999 -9999 -9999 -9999 -9999 -9999 -9999 -9999
0.14065546411431 0.139636808217634 0.139903456954235 0.140883145502292 0.156828105434144 0.169339493895175 0.1714295363957 0.171863058100635 0.17117959703821 0.167577079744436 0.164140053758407 0.162134503410819 0.159201929730666 0.155515004201857 0.149875649916768 0.144772466603207 0.143266186573167 0.13919125892893 0.132602876030289 0.117577146109664 0.10418466195841 0.111678798343939 0.122651687004385 0.137716362137266 0.143588413679102 0.145778919637786 0.138018538284103 0.141821474496183 0.162019254696728 0.189841497544513 0.219355209129548 0.227709673952449 0.235239175085242 0.241349911706485 0.233046214777852 0.218288477367163 0.244378810686452 0.253225753577556 0.225724773733041 0.214932467365431 0.213547585573177 0.206399228162576 -9999 -9999 -9999 -9999 -9999 -9999 -9999 -9999 -9999 -9999 -9999 -9999 -9999 -9999 -9999
0.137925406591185 0.135679360910207 0.13555916871759 0.136618321974507 0.145098075733722 0.153454253094219 0.160718544670456 0.163856379034505 0.164211766230649 0.162642276820259 0.161415489928799 0.16190015543801 0.158603768307333 0.152230604197514 0.146788701745622 0.141820614200191 0.13830031557109 0.129138692875562 0.11445696086719 0.107505186182153 0.104306083035499 0.113821858187081 0.123986586544709 0.134914628222714 0.136763200011143 0.135726246904605 0.131965504021728 0.137016334250404 0.154560496573031 0.172981009324803 0.191656071061926 0.209050148903857 0.222753448914116 0.230109385191435 0.229589855163758 0.225556429068242 0.247134605707144 -9999 -9999 -9999 -9999 -9999 -9999 -9999 -9999 -9999 -9999 -9999 -9999 -9999 -9999 -9999 -9999 -9999 -9999 -9999 -9999
0.135493486481428 0.132795347368644 0.131996839413132 0.132252177065225 0.135228582819092 0.140070880818155 0.149445921102252 0.154497301106077 0.156633261009024 0.157465265987725 0.158310707742749 0.159596832886797 0.156557511768149 0.149998421222021 0.144443088243295 0.139135711031531 0.134249543804508 0.122525505141964 0.104110519930915 0.100353389520956 0.101665457684294 0.114668391357358 0.124695216967279 0.131221477503602 0.131273837799341 0.129396896793208 0.126790659656767 0.130978889600045 0.144800533753672 0.156591371510073 0.168203024293732 0.190644533835479 0.207953712912654 0.21643636009275 0.223363125445831 0.229545555476317 0.22739859124781 -9999 -9999 -9999 -9999 -9999 -9999 -9999 -9999 -9999 -9999 -9999 -9999 -9999 -9999 -9999 -9999 -9999 -9999 -9999 -9999
0.133655522924996 0.132306092240941 0.130163878258826 0.127581857215617 0.130234206958521 0.133411527068657 0.137398676849801 0.142288521888269 0.147787049322572 0.151676227756485 0.154088597077801 0.152137660751651 0.150847252890569 0.150094340528478 0.143478791653273 0.136515492271629 0.13186383608086 0.124016032692274 0.113040757507325 0.100175276136248 0.0916374977849134 0.111818810686166 0.123586026520695 0.125456392612967 0.129035752082936 0.131837926584547 0.122657407648136 0.120550817855316 0.128473872585798 0.140884627648416 0.155113346648025 0.172629645695713 0.187034451066752 0.196088139947127 0.208708656321701 0.22291760779301 0.224719981318791 -9999 0.221387539958908 0.221387539958908 -9999 -9999 -9999 -9999 -9999 -9999 -9999 -9999 -9999 -9999 -9999 -9999 -9999 -9999 -9999 -9999 -9999
0.134159389657601 0.131524374015847 0.128589030992157 0.125487077365622 0.125671284986887 0.126499792785244 0.128649061170598 0.132998841923055 0.138832415936642 0.143532191964801 0.146943301657969 0.14646471720524 0.146419421529297 0.146726708337836 0.140612212915956 0.133950464815734 0.129099583669031 0.122645121754602 0.114621535105342 0.103203022322358 0.094893193314784 0.109863066086018 0.117699875014608 0.117146614219408 0.123197658523172 0.129851180040431 0.124323925646884 0.122199813968315 0.124900787613681 0.132704298212957 0.142571047717876 0.156103151180704 0.169322356001224 0.182003440787201 0.199999710572124 0.220326636257225 0.212447159074549 0.209835564810371 0.218328318156908 0.221387539958908 -9999 -9999 -9999 -9999 -9999 -9999 -9999 -9999 -9999 -9999 -9999 -9999 -9999 -9999 -9999 -9999 -9999
0.136126884093922 0.130559868381408 0.127175503116747 0.125001992169042 0.121378018706221 0.119430322416922 0.12196044049986 0.125533578763789 0.129810019739811 0.133916299016008 0.137971036021567 0.141908154149714 0.142793098479564 0.141194380461032 0.136556721017807 0.131419931542413 0.126098743450089 0.119485831589324 0.111608951142491 0.108234408526295 0.106451081443286 0.108465962836734 0.108828155946689 0.107246420019124 0.115109585006361 0.125097103967453 0.129615259712677 0.131396893808389 0.129298599392268 0.129227925642099 0.130370856692073 0.140506892367842 0.15361471795044 0.171833398842359 0.195006675734124 0.220326636257225 0.21244715907455 0.209835564810371 0.218328318156908 -9999 -9999 -9999 -9999 -9999 -9999 -9999 -9999 -9999 -9999 -9999 -9999 -9999 -9999 -9999 -9999 -9999 -9999
0.134488204266243 0.126993268740443 0.124100421563331 0.123760644003715 0.120743939823785 0.118884581310451 0.120291338878806 0.121709444968503 0.123135203303077 0.126211607123987 0.130061740063421 0.135952341584827 0.138303435207877 0.137774305396781 0.135296596790442 0.131980792222394 0.126300424854931 0.12005067785416 0.113243785442247 0.111487625535275 0.111078881999675 0.11227558359962 0.112071442399947 0.110219598471106 0.115193803655493 0.121905115354321 0.126573285850721 0.128374115565808 0.126109537191563 0.129995096415783 0.136566537169137 0.151365827233429 0.164281331392251 0.173957118916168 -9999 -9999 -9999 -9999 -9999 -9999 -9999 -9999 -9999 -9999 -9999 -9999 -9999 -9999 -9999 -9999 -9999 -9999 -9999 -9999 -9999 -9999 -9999
0.12912823722497 0.123933789114985 0.122129239034883 0.122205279897579 0.119935959823215 0.118242013626185 0.118277486868073 0.118122525516734 0.117839155177407 0.120730709048048 0.124626353696165 0.130855890459273 0.133997249443451 0.134625648359982 0.133785849198834 0.131844677133685 0.126084377950255 0.120449558590239 0.114937522877048 0.113278634974083 0.112812188745638 0.114568766459385 0.114665634678366 0.112810315353603 0.115160247592804 0.118875845873456 0.124129389738988 0.126121651259472 0.12348996165647 0.130772171102074 0.142043727203736 0.160065613148042 0.170803660166287 0.169015032010777 -9999 -9999 -9999 -9999 -9999 -9999 -9999 -9999 -9999 -9999 -9999 -9999 -9999 -9999 -9999 -9999 -9999 -9999 -9999 -9999 -9999 -9999 -9999
0.113455603031516 0.122936645182802 0.123797298958542 0.11987567782231 0.117833163152942 0.115925742159344 0.114171295221015 0.114468541470902 0.116149233036566 0.121464305844066 0.126330211858417 0.128614972158771 0.130420635607482 0.131836440912363 0.130935327349092 0.128977100936283 0.123944607336523 0.119563454184444 0.115819646171332 0.111094188641031 0.107400145021805 0.111241664096655 0.112754567386082 0.111528500545615 0.113040518386979 0.115999261056636 0.125235754641122 0.128757593072028 0.124177009411868 0.130677528766244 0.141475192569494 0.15671918281104 0.166816193968319 0.168061480675179 -9999 -9999 -9999 -9999 -9999 -9999 -9999 -9999 -9999 -9999 -9999 -9999 -9999 -9999 -9999 -9999 -9999 -9999 -9999 -9999 -9999 -9999 -9999
0.106614803099437 0.115416828241452 0.119280846505162 0.12040543988678 0.117367545945604 0.114503262658871 0.112520652676557 0.112967104643087 0.11505145958369 0.119528787487174 0.12379460570244 0.126637715846914 0.127787260583124 0.127558690927101 0.126899235881698 0.12563096569207 0.122003535633178 0.119013493802267 0.116647144681037 0.112090500369592 0.107848662111208 0.108366416642809 0.108060357373994 0.106785309830663 0.106990969428173 0.108843789900994 0.122275895027964 0.129841774979533 0.129090331982479 0.135403453435652 0.144396356399008 0.155079487898736 0.161592198355506 0.160932659360682 -9999 -9999 -9999 -9999 -9999 -9999 -9999 -9999 -9999 -9999 -9999 -9999 -9999 -9999 -9999 -9999 -9999 -9999 -9999 -9999 -9999 -9999 -9999
0.106451062202874 0.102965728458661 0.11008876801247 0.123096943510256 0.118139672065671 0.113756509349388 0.112726458729009 0.113093040388862 0.114401363434342 0.115575359948435 0.118053872197596 0.124859793740332 0.125866994641582 0.122155570366875 0.121966827964798 0.121923029386721 0.120212684633221 0.118717665622271 0.117433345664017 0.115491534461202 0.11272789080288 0.105832781340279 0.101262030856271 0.0994252435504615 0.0979703911550666 0.0984533874904108 0.116241881129665 0.129752792605606 0.137198810350443 0.143773831740178 0.149955808263494 0.154730122135673 0.158399657113693 0.160169204120201 -9999 -9999 -9999 -9999 -9999 -9999 -9999 -9999 -9999 -9999 -9999 -9999 -9999 -9999 -9999 -9999 -9999 -9999 -9999 -9999 -9999 -9999 -9999
0.104469081389209 0.102524112526644 0.10508551884909 0.110146896640611 0.113514863078104 0.115158245310349 0.112526584941487 0.11154262373263 0.11166969691128 0.112641466354152 0.113462934146173 0.113533648690546 0.121340276476198 0.121350887414732 0.120279935716137 0.119213721861813 0.118872692819771 0.117536959917275 0.115227896289764 0.112563850363899 0.108591379087284 0.0971413041678339 0.0903762059017105 0.0891216822838536 0.0943649678046356 0.102162262064184 0.116536302586696 0.127402183819493 0.133294083847117 0.139134511317522 0.145039612590692 0.15254410902303 -9999 -9999 -9999 -9999 -9999 -9999 -9999 -9999 -9999 -9999 -9999 -9999 -9999 -9999 -9999 -9999 -9999 -9999 -9999 -9999 -9999 -9999 -9999 -9999 -9999
0.102695552324982 0.103075408685939 0.101541672838763 0.0989463463056421 0.109739767245859 0.11681253317307 0.112887152738806 0.110539048985628 0.109254494133751 0.110103425665246 0.110582494199417 0.109197424669918 0.112697047668748 0.120171518666993 0.119131652372109 0.117322798625654 0.117726653258705 0.116297918858519 0.113075972143305 0.109542384091197 0.104322429251999 0.089275174375633 0.0806368067419596 0.0795367160681302 0.091371786621607 0.106383086246282 0.116429265007878 0.123897094402085 0.127709257039264 0.132922203424934 0.138256005710288 0.13606727858911 -9999 -9999 -9999 -9999 -9999 -9999 -9999 -9999 -9999 -9999 -9999 -9999 -9999 -9999 -9999 -9999 -9999 -9999 -9999 -9999 -9999 -9999 -9999 -9999 -9999
0.102618805307525 0.101579959788336 0.101586690278499 0.102173467942902 0.111893984549494 0.11839027414326 0.115612970228863 0.112470816287253 0.109082645999725 0.10859600402732 0.108449200979478 0.108536737464642 0.111884787782735 0.117886034143511 0.118475038277087 0.118106085436682 0.117109426856154 0.115266989007113 0.112596945092237 0.109259632641541 0.103959477761234 0.0876170335086993 0.0773320408105056 0.0741719585309692 0.0880917317847314 0.105673891302212 0.111669235534803 0.117037475936312 0.121516588333103 0.127004420103697 0.132633783721463 0.133889360526629 -9999 -9999 -9999 -9999 -9999 -9999 -9999 -9999 -9999 -9999 -9999 -9999 -9999 -9999 -9999 -9999 -9999 -9999 -9999 -9999 -9999 -9999 -9999 -9999 -9999
0.101131107679499 0.100977104891667 0.102162494808187 0.104090930611767 0.109671043910538 0.114182056475495 0.115553198929934 0.114014485222064 0.110513671673703 0.108597408915845 0.107266091095919 0.107375007626662 0.109992539754689 0.114651421595177 0.116044062690317 0.116637100212836 0.115890942160141 0.11452249788361 0.112545138405788 0.108867139720096 0.103727729386872 0.0919329883965679 0.0836718413055774 0.079566986636023 0.0902711933506237 0.104083586050015 0.107212914270392 0.111077638719851 0.115985031622972 0.122743296459721 0.129811269087416 -9999 -9999 -9999 -9999 -9999 -9999 -9999 -9999 -9999 -9999 -9999 -9999 -9999 -9999 -9999 -9999 -9999 -9999 -9999 -9999 -9999 -9999 -9999 -9999 -9999 -9999
0.0983593965609704 0.10118654117667 0.103221333810504 0.10481655866163 0.10346473928545 0.104708417827734 0.112958446209782 0.115204971320495 0.113403367536158 0.109971897738196 0.106947680666208 0.105757311793213 0.107117465443734 0.110553069962713 0.111998357236061 0.113118470121623 0.114125291777181 0.11403867583532 0.112882116916695 0.108374778292136 0.103615380352355 0.101685575499103 0.0987885283259097 0.0947537890356795 0.0974190022564338 0.101691440170811 0.103032977901513 0.105936633327809 0.111055109523773 0.119989789991597 -9999 -9999 -9999 -9999 -9999 -9999 -9999 -9999 -9999 -9999 -9999 -9999 -9999 -9999 -9999 -9999 -9999 -9999 -9999 -9999 -9999 -9999 -9999 -9999 -9999 -9999 -9999
0.101554084019579 0.10105069404319 0.101667532287996 0.102905832012786 0.102929251587359 0.103726472444562 0.106647536601948 0.110021867577236 0.113701833849081 0.1105123302084 0.107204367579027 0.105596152382361 0.106427267457115 0.109243352311039 0.111890739356114 0.114095634291525 0.114491746609772 0.114346094290284 0.113670318193662 0.110630632397114 0.10697606181265 0.102665663013816 0.0989094488698947 0.0958050791503527 0.0957826317083828 0.0967942954503998 0.0992477483016696 0.103384042787283 0.109906324330283 -9999 -9999 -9999 -9999 -9999 -9999 -9999 -9999 -9999 -9999 -9999 -9999 -9999 -9999 -9999 -9999 -9999 -9999 -9999 -9999 -9999 -9999 -9999 -9999 -9999 -9999 -9999 -9999
0.104928359805088 0.100842341054796 0.099965980306208 0.100870219951577 0.103493891987311 0.104523602840171 0.101259954548518 0.104501464027474 0.112129365242698 0.11050978397452 0.109012440946229 0.110728912500282 -9999 0.10889614970594 0.112423300071997 0.115648372848627 0.115265658997156 0.114910270623766 0.114581620587733 0.11340320520473 0.111092463425565 0.103016338805128 0.0978361272783903 0.0960621537029973 0.0947642304747821 0.0939789428491097 0.0967561947449141 0.0983847929436929 -9999 -9999 -9999 -9999 -9999 -9999 -9999 -9999 -9999 -9999 -9999 -9999 -9999 -9999 -9999 -9999 -9999 -9999 -9999 -9999 -9999 -9999 -9999 -9999 -9999 -9999 -9999 -9999 -9999
0.103334416078579 0.100594453153522 0.100076077702136 0.100790157399783 0.104230351442767 0.106271496918616 0.104417529531428 0.103522461097284 0.10327397289868 0.108474915843545 0.112661749141974 0.111859114017121 -9999 -9999 0.112423300071997 0.115775586898467 0.116071699843324 0.11604212452279 0.115693858978879 0.116172533858159 0.115745643092452 0.10874808800697 0.105338228892309 0.106148298269385 0.105706508732031 0.10460810309846 0.100685205234378 -9999 -9999 -9999 -9999 -9999 -9999 -9999 -9999 -9999 -9999 -9999 -9999 -9999 -9999 -9999 -9999 -9999 -9999 -9999 -9999 -9999 -9999 -9999 -9999 -9999 -9999 -9999 -9999 -9999 -9999
0.101627544753944 0.101168519243474 0.100918881317618 0.100785403934554 0.103967087348929 0.106359743568631 0.106370494791783 0.104392257361906 0.101072855935887 0.106652473116318 0.1122685024227 0.115298000169246 -9999 -9999 -9999 -9999 0.116814570892836 0.11663336812386 0.116274856077707 0.117619140922032 0.118176312549923 0.111742167049726 0.109700508489734 0.112825391615357 0.112295171327371 0.110869803789568 -9999 -9999 -9999 -9999 -9999 -9999 -9999 -9999 -9999 -9999 -9999 -9999 -9999 -9999 -9999 -9999 -9999 -9999 -9999 -9999 -9999 -9999 -9999 -9999 -9999 -9999 -9999 -9999 -9999 -9999 -9999
0.0997971690861082 0.102641523144131 0.102563016068328 0.100863012969083 0.102610466074148 0.104632901002243 0.107006027156492 0.107284010473696 0.10614925061836 0.105062351455016 0.10595598872935 0.113342996051036 0.116657189510881 -9999 -9999 -9999 -9999 0.11663336812386 0.116274856077707 0.117619140922032 0.118176312549923 0.111742167049726 0.1106288918355 0.115774143626692 0.114122460690706 -9999 -9999 -9999 -9999 -9999 -9999 -9999 -9999 -9999 -9999 -9999 -9999 -9999 -9999 -9999 -9999 -9999 -9999 -9999 -9999 -9999 -9999 -9999 -9999 -9999 -9999 -9999 -9999 -9999 -9999 -9999 -9999
0.0970320536335394 0.102101937438399 0.102491141488989 0.100283676296309 0.100426388627143 0.101737781827167 0.105820935534509 0.106687654238655 0.105385548693525 0.105808909010515 0.106917862595782 0.109754922848237 0.113619845055914 0.118321175085105 -9999 -9999 -9999 -9999 -9999 -9999 -9999 -9999 -9999 0.117613150669981 0.117613150669981 -9999 -9999 -9999 -9999 -9999 -9999 -9999 -9999 -9999 -9999 -9999 -9999 -9999 -9999 -9999 -9999 -9999 -9999 -9999 -9999 -9999 -9999 -9999 -9999 -9999 -9999 -9999 -9999 -9999 -9999 -9999 -9999
0.0942590326755971 0.100647346494842 0.101783872486716 0.100006899448654 0.0986134433907023 0.099063331557294 0.104231236837682 0.105370113373431 0.103792238215545 0.107261317022008 0.109568319015903 0.106522034088686 0.109398579350186 0.117094742139294 0.115338206766453 -9999 -9999 -9999 -9999 -9999 -9999 -9999 -9999 -9999 -9999 -9999 -9999 -9999 -9999 -9999 -9999 -9999 -9999 -9999 -9999 -9999 -9999 -9999 -9999 -9999 -9999 -9999 -9999 -9999 -9999 -9999 -9999 -9999 -9999 -9999 -9999 -9999 -9999 -9999 -9999 -9999 -9999
