layers/veg/veg_700.asc
NCOLS 255 
NROWS 330 
XLLCORNER -2985163.8955 
YLLCORNER -3022031.214 
CELLSIZE 25000 
NODATA_value -9999 
[rows 150 to 174 of 330, columns 57 to 113 of 255]
-9999 -9999 -9999 -9999 -9999 -9999 -9999 -9999 -9999 -9999 -9999 -9999 -9999 -9999 -9999 -9999 -9999 -9999 -9999 -9999 0.490643605808685 0.490895394836458 0.40963850950455 0.318123757885065 0.212215004627703 0.112787855964484 0.0181454622169313 0.0424846831512238 0.0756683408206431 0.088843797718246 0.0886614211225331 0.0766042731793875 0.0701327592213011 0.0600380676444032 0.026593228210486 0.00663958110551945 0.00109968650990542 0.0120461474133252 0.0310503308216454 0.0793336058876268 0.112981051588398 0.127814930180806 0.131296224044097 0.134261545351135 0.176953702586994 0.22499923124358 0.281360740454255 0.302888715236355 0.310711327610976 0.337704256551326 0.357121764392328 0.362202359323891 0.383258214019281 0.412407279983337 0.404034516861511 0.391020245701075 0.368792612376634
-9999 -9999 -9999 -9999 -9999 -9999 -9999 -9999 -9999 -9999 -9999 -9999 -9999 -9999 -9999 -9999 -9999 -9999 -9999 -9999 -9999 0.492873176073345 0.438044196660538 0.371754856187213 0.28261865465266 0.164863409726112 0.0259814350580986 0.0478576692725483 0.0815914248880486 0.0879471323934197 0.0810206122759362 0.0622865324905714 0.0628200689323164 0.0600576975856135 0.023168833583498 0.00293190091285948 0.000485598689286396 0.0116647443768204 0.0282520244653695 0.0598197013581741 0.088540905148237 0.113603121708791 0.142690708689985 0.172399333900703 0.19353541223631 0.228578273697742 0.285224070759079 0.307201292254977 0.316054207592673 0.362112469256824 0.394552151489357 0.401217901857137 0.416709054713593 0.436671236393855 0.405165280631897 0.380806626440071 0.375373326986233
-9999 -9999 -9999 -9999 -9999 -9999 -9999 -9999 -9999 -9999 -9999 -9999 -9999 -9999 -9999 -9999 -9999 -9999 -9999 -9999 -9999 -9999 0.445520445013173 0.392762124353728 0.333240149923107 0.20366470435949 0.0223754145626167 0.0419346221899656 0.0788858882252966 0.091248720047013 0.0782924918858138 0.0428282688331151 0.0561000987100529 0.0688893524261506 0.0349777649979849 0.0124422596686968 0.00206076029390347 0.00428172303152511 0.0154640695402674 0.0696682364022393 0.106847960747339 0.122143684959522 0.175906342507207 0.237191732222082 0.236543357152447 0.252285388443022 0.29348844043495 0.3102061987447 0.318266640358003 0.374094178353046 0.41994004645902 0.44689503971941 0.44315210260664 0.42385731596568 0.405722729580544 0.39142110217165 0.38602139155935
-9999 -9999 -9999 -9999 -9999 -9999 -9999 -9999 -9999 -9999 -9999 -9999 -9999 -9999 -9999 -9999 -9999 -9999 -9999 -9999 -9999 -9999 0.442482686926488 0.426177941335233 0.377828127252656 0.237803265216789 0.0301033961718845 0.0412504714847124 0.0748719950012501 0.0948500420944585 0.0903761015537507 0.0641649711994177 0.0716013284665553 0.0772882523823724 0.0435886105818 0.0186559949116391 0.00308991570509457 0.00968799810751941 0.0275101078555392 0.08757716668445 0.120470010761475 0.118431871421401 0.161024492998739 0.216231300240833 0.248489362279406 0.278403199021013 0.30467549280737 0.316979493449616 0.325011120932987 0.383695741183152 0.429717524674728 0.451774173368718 0.443128814586398 0.418929540778512 0.411864604097668 0.405160020849615 0.398553963961894
-9999 -9999 -9999 -9999 -9999 -9999 -9999 -9999 -9999 -9999 -9999 -9999 -9999 -9999 -9999 -9999 -9999 -9999 -9999 -9999 -9999 -9999 0.465252888285971 0.466997289963363 0.41881622020556 0.269159816865299 0.044593783644766 0.0436920960575556 0.07007747389307 0.0986301999673944 0.111297095339775 0.109841894689323 0.100360785250382 0.0854289501483921 0.0502913257299756 0.0229028074411661 0.0037932977972172 0.0227249769994746 0.0543732901905099 0.110295312945069 0.131296763144108 0.107409705911012 0.117445392487432 0.144106642498857 0.241902333635574 0.305959345632813 0.317606356979184 0.326001188174868 0.334459637240358 0.391877195306951 0.430181084222098 0.432311273165934 0.427314449106114 0.418707015716253 0.421338413077143 0.420763131108445 0.412210923556002
-9999 -9999 -9999 -9999 -9999 -9999 -9999 -9999 -9999 -9999 -9999 -9999 -9999 -9999 -9999 -9999 -9999 -9999 -9999 -9999 -9999 -9999 0.489483391253713 0.486003453741761 0.470933867973162 0.341484764351347 0.12760009352535 0.0849596340693411 0.073686125445429 0.103157409578845 0.117057317541232 0.117114671493018 0.116042054139913 0.111855329697683 0.0929861397545307 0.0789524272602573 0.0700848537930833 0.0711808390983877 0.0819827803327335 0.146105939907721 0.172464707572235 0.150279391824364 0.151322032146097 0.168490210301325 0.294042223773705 0.370686946370934 0.371358595570645 0.362746163063277 0.352100811221916 0.403452253335399 0.438350688177996 0.44211087614988 0.441923430840762 0.439736078761631 0.439125855793949 0.43576113049356 0.425894607397545
-9999 -9999 -9999 -9999 -9999 -9999 -9999 -9999 -9999 -9999 -9999 -9999 -9999 -9999 -9999 -9999 -9999 -9999 -9999 -9999 -9999 -9999 0.500161092242221 0.500987224473848 0.511603619049892 0.405115415067824 0.212179974840528 0.125390392138611 0.0723049412047397 0.0976876941256444 0.110115392625475 0.111026380041822 0.121310408117371 0.130440691973451 0.125237574675674 0.120662076492729 0.116757115529233 0.103494217505997 0.0983143376808366 0.169751026368913 0.202760032095912 0.186372329637342 0.186253520616432 0.201217636441135 0.339776454750258 0.422512333316136 0.418532300563085 0.397259684787929 0.370916583916017 0.414960107315708 0.44617196488141 0.453099169075063 0.456306339675154 0.457628907568038 0.453372075453525 0.447425504083959 0.437774365999774
-9999 -9999 -9999 -9999 -9999 -9999 -9999 -9999 -9999 -9999 -9999 -9999 -9999 -9999 -9999 -9999 -9999 -9999 -9999 -9999 -9999 -9999 0.504325112077047 0.508276882534529 0.518243801298446 0.437513514029181 0.289830067846675 0.157034710700748 0.0555025469554482 0.063988247334991 0.0699742135391701 0.0737379801795756 0.0994704822540948 0.123951229607077 0.122163611425719 0.113471220593101 0.0974018921480059 0.0845543913883381 0.0828147872894184 0.157023640688025 0.197459581372264 0.194482269281984 0.211315430720763 0.241411029886295 0.357769766401207 0.43190397941626 0.440446196521763 0.420905526218058 0.391677081089368 0.425716663586634 0.45173696038334 0.462580305407057 0.46501218110283 0.463182730262612 0.456284636806521 0.449817801434655 0.44457803571137
-9999 -9999 -9999 -9999 -9999 -9999 -9999 -9999 -9999 -9999 -9999 -9999 -9999 -9999 -9999 -9999 -9999 -9999 -9999 -9999 -9999 -9999 0.521048708865985 0.520608472524534 0.526747986346147 0.460930447167036 0.341993829515724 0.176198946960157 0.0441376199944723 0.0588211086819054 0.0636190880340043 0.0596291031500805 0.0846833365582239 0.109687435742794 0.108058026931696 0.0940295020778827 0.0667539798040613 0.0568314767874029 0.0595809072930674 0.1240189045846 0.165395866478714 0.17712911456533 0.204390270093779 0.241823849418911 0.344066052962488 0.417481449665057 0.446116997131267 0.44051045140211 0.422066705678032 0.444783260043019 0.463305889086336 0.47389127724272 0.475419914955358 0.47236032087506 0.46032268630381 0.450574525146309 0.44656301927985
-9999 -9999 -9999 -9999 -9999 -9999 -9999 -9999 -9999 -9999 -9999 -9999 -9999 -9999 -9999 -9999 -9999 -9999 -9999 -9999 -9999 -9999 0.530850454508237 0.536585214898407 0.536599784638552 0.477854290261163 0.375731804654584 0.186340490649664 0.0367038045847909 0.0742818984663322 0.0816901776144683 0.0622782653196685 0.0749951209551198 0.089803053701236 0.0859769399835712 0.0657308093524545 0.0279418215580014 0.0227586756010632 0.0307553591837318 0.0763543053042545 0.113983184253491 0.141366972894311 0.174339500322597 0.213476611128142 0.307446423921036 0.385842047276316 0.440044569437929 0.457193925901411 0.459417875413378 0.469857744590054 0.479215465724931 0.48652516048254 0.487058061537867 0.484157777532822 0.465174427030908 0.450148782447684 0.445064249888569
-9999 -9999 -9999 -9999 -9999 -9999 -9999 -9999 -9999 -9999 -9999 -9999 -9999 -9999 -9999 -9999 -9999 -9999 -9999 -9999 -9999 -9999 0.521632518320244 0.522455603223739 0.527544010774336 0.472621367629176 0.37339824832256 0.202747500844602 0.0612820422799436 0.0605368824400788 0.0499446348881647 0.0305985789378145 0.055034119399107 0.0798740510731075 0.0669874515154013 0.045170232036286 0.0138116953656533 0.0190025100793915 0.0359018289409979 0.072370211123916 0.097185631616544 0.10702180007631 0.174197652586264 0.259590378589766 0.340806071223037 0.398408607094412 0.419330229758019 0.443290101351594 0.468140277788998 0.480604009862394 0.48974964811861 0.492615606148686 0.488704441633918 0.481359925464157 0.466746918895357 0.458012736344166 0.463324330531596
-9999 -9999 -9999 -9999 -9999 -9999 -9999 -9999 -9999 -9999 -9999 -9999 -9999 -9999 -9999 -9999 -9999 -9999 -9999 -9999 -9999 -9999 0.485569889147862 0.500435241066828 0.513441272645344 0.461886407302273 0.362672345163317 0.217353525692495 0.0900793271136255 0.0506748733067862 0.0220177831743142 0.00291482367872107 0.0353830569750887 0.0668990575204166 0.046769947318253 0.0259176229494825 0.00429262928992134 0.0187568267392001 0.0428662710476818 0.072185298664642 0.0865816479537556 0.0817957013065153 0.173218687464716 0.292254317198735 0.367114975001699 0.410014998287838 0.403267053172369 0.430767896254289 0.471590908230031 0.488188159025727 0.49822801912252 0.495857646424276 0.488199799021828 0.477863269050741 0.468436246078329 0.466360683621725 0.481415700154381
-9999 -9999 -9999 -9999 -9999 -9999 -9999 -9999 -9999 -9999 -9999 -9999 -9999 -9999 -9999 -9999 -9999 -9999 -9999 -9999 -9999 -9999 0.462245045291877 0.462172434663851 0.488807102155106 0.440302508321898 0.336329712940785 0.222875501512241 0.121047368684994 0.0668232497193546 0.0283043802256613 0.00374707467323634 0.0210585755244687 0.0388227911802092 0.0208416097605557 0.00823274047323513 0.00136355494331457 0.0188107941858333 0.0425072921384093 0.0678753870919966 0.0842308362721906 0.0890010167361013 0.156967783432671 0.245752951012195 0.339257834849995 0.400052307016815 0.410034099473235 0.435766402529409 0.467675122093726 0.490189790969937 0.501464397026368 0.491466548438966 0.483997948729932 0.477810689407614 0.471890698355082 0.473067780459213 0.49080914983138
-9999 -9999 -9999 -9999 -9999 -9999 -9999 -9999 -9999 -9999 -9999 -9999 -9999 -9999 -9999 -9999 -9999 -9999 -9999 -9999 -9999 -9999 0.428427347906274 0.438404098266949 0.471332462886074 0.425465472584081 0.32143133303464 0.242760200972138 0.172622554552535 0.123025693976115 0.0683097907646318 0.00904318995390564 0.00981745442148911 0.0175692746338232 0.00598409668096275 0 0 0.0160114155331493 0.0358889450691213 0.055034524748116 0.0654757007245608 0.0647278364963237 0.127742847668691 0.21422419903021 0.336446298930326 0.414937990374573 0.425498429200425 0.447876523048642 0.474811682802169 0.491990300616202 0.499682833528586 0.489422414215224 0.486183415209912 0.486501531318798 0.477492050731686 0.476569423423467 0.494938934896742
-9999 -9999 -9999 -9999 -9999 -9999 -9999 -9999 -9999 -9999 -9999 -9999 -9999 -9999 -9999 -9999 -9999 -9999 -9999 -9999 -9999 -9999 0.422218061577992 0.427260329911775 0.460093718341795 0.416504901045248 0.316500805833311 0.275154718437358 0.242146399129482 0.214114912612004 0.137684019548245 0.0182272955085189 0.00126191564677952 0.00225831886873433 0.000769183630434713 0 0 0.0107267951322446 0.0238187381387122 0.0347632721638919 0.0324325296199991 0.0130371370052337 0.0872176335015204 0.195736474882203 0.355449285007046 0.451466410313656 0.44853802358702 0.466180802986861 0.491574749668052 0.493615634341302 0.493530682998112 0.489422466752845 0.493932183773847 0.502807823831739 0.484963336012219 0.477279141570167 0.494484109968732
-9999 -9999 -9999 -9999 -9999 -9999 -9999 -9999 -9999 -9999 -9999 -9999 -9999 -9999 -9999 -9999 -9999 -9999 -9999 -9999 -9999 -9999 0.437870966612608 0.44110221966721 0.453178770177105 0.414191069359878 0.337507467164611 0.290616760212445 0.244760231455427 0.189489068038719 0.112024426045475 0.0148303508599093 0 0 0 0 0 0.00490555415787117 0.0116700177530122 0.0231783146777872 0.021937640175759 0.00430885239940578 0.112174766395832 0.258903334446472 0.383814300822833 0.460974908653385 0.463959633304896 0.475306745680095 0.489718414847971 0.491603711581102 0.493814226019182 0.496640233358755 0.498885484922493 0.500836520350854 0.487498114825033 0.481863901388035 0.494886649712039
-9999 -9999 -9999 -9999 -9999 -9999 -9999 -9999 -9999 -9999 -9999 -9999 -9999 -9999 -9999 -9999 -9999 -9999 -9999 -9999 -9999 -9999 0.453572993141371 0.454451765239671 0.446320741039203 0.412610092082952 0.360016428355678 0.294378127168189 0.226120735726984 0.153902542347683 0.0834684725108482 0.0146204427405369 0.00204190651076904 0 0 0 0 0.000740726216804732 0.00286536711521898 0.0138332288717392 0.0161201623844671 0.00724823212513726 0.138568499043627 0.309304535587199 0.405345176106169 0.467631462223266 0.477483397580562 0.482800255129747 0.486268033405745 0.48995820733407 0.494955095742403 0.502425015214184 0.500954165188467 0.494953840367508 0.487731027737225 0.485119620508723 0.493331601275801
-9999 -9999 -9999 -9999 -9999 -9999 -9999 -9999 -9999 -9999 -9999 -9999 -9999 -9999 -9999 -9999 -9999 -9999 -9999 -9999 -9999 -9999 0.447969661624439 0.444379551386146 0.43610082881455 0.409000121655689 0.368004925567669 0.255476438224467 0.160412683768496 0.162383957393285 0.12080125903939 0.0405001967548348 0.0140157672915341 0 0 0 0 0.00508438864694324 0.0103925437998438 0.00807296003953905 0.0140781261119939 0.0307843078721032 0.11684251521498 0.228895462984366 0.385755662979438 0.483154913424328 0.488186931834346 0.490077647888477 0.49073348651199 0.4931559595053 0.494850021372321 0.49516552398265 0.491344436317495 0.485427714557725 0.480921902334608 0.478649721004112 0.481533202822679
-9999 -9999 -9999 -9999 -9999 -9999 -9999 -9999 -9999 -9999 -9999 -9999 -9999 -9999 -9999 -9999 -9999 -9999 -9999 -9999 -9999 -9999 0.522185608625704 0.441939051513809 0.43692019855715 0.40906908519836 0.364363076017387 0.237999102142132 0.138196637061608 0.173882334484463 0.148647648322708 0.0692563037606886 0.0283527855384245 0 0 0 0 0.00866579429514004 0.0168932146648948 0.00608120179169911 0.0126935432804406 0.0417039499507433 0.107153072571982 0.19220763962524 0.37565753504515 0.488048430038704 0.490055565099061 0.492335679245036 0.494693486634923 0.495857688760536 0.494730873283086 0.48926817740792 0.484627614466872 0.480403551515504 0.48039235793316 0.480642792410776 0.481321572399751
-9999 -9999 -9999 -9999 -9999 -9999 -9999 -9999 -9999 -9999 -9999 -9999 -9999 -9999 -9999 -9999 -9999 -9999 -9999 -9999 -9999 0.622033161450217 0.524303280784174 0.44748774711197 0.449295947601666 0.412989309765923 0.348546095965294 0.242949669314619 0.161509829555175 0.188538992869804 0.166563282589566 0.101023496657384 0.0451636552649405 0 0 0 0 0.0114492378545247 0.0223192965628547 0.00803447709271985 0.0119972100433045 0.0394161847594976 0.11006398164 0.201289037607921 0.375495383717836 0.481814089207033 0.482675456713058 0.489339234414743 0.498124357561611 0.498040160606036 0.494596992239551 0.484796780488683 0.480939207952638 0.480092230259496 0.486436539986193 0.491495253600388 0.493239452450188
-9999 -9999 -9999 -9999 -9999 -9999 -9999 -9999 -9999 -9999 -9999 -9999 -9999 -9999 -9999 -9999 -9999 -9999 -9999 -9999 -9999 0.622033161450217 0.531443495532623 0.456061767883492 0.441497143398377 0.387893984864577 0.305472373280025 0.214835345858548 0.146199964707957 0.163318421176865 0.142779121866303 0.088763043588371 0.039952741105454 0 0 0 0 0.0124878252606421 0.0255309688266433 0.0198816926328118 0.0265089863880681 0.0489171468666465 0.16179035633051 0.30108441533519 0.40458932977885 0.469111013698224 0.473075758541694 0.484129986200146 0.497657207459076 0.496172239848389 0.492488858622948 0.484644855285506 0.479555720031584 0.475862225896921 0.48622133175508 0.494044013176631 0.495333179437252
-9999 -9999 -9999 -9999 -9999 -9999 -9999 -9999 -9999 -9999 -9999 -9999 -9999 -9999 -9999 -9999 -9999 -9999 -9999 -9999 -9999 -9999 0.465549395558849 0.462002184853605 0.427746159696496 0.356138765306665 0.256958391888675 0.177976296382115 0.119561606559518 0.128890293336916 0.109402986714083 0.064299001088018 0.0284889523706624 0 0 0 0 0.0120653171220503 0.0258122287847429 0.0299342858311802 0.0447451130494369 0.073295776249342 0.227524130246002 0.409511129617912 0.429181913034772 0.446017288340771 0.458448112409851 0.476446675804041 0.496083373534303 0.493253337300718 0.48961179760129 0.484434441692712 0.478731187055667 0.47276150736023 0.485218550592592 0.494035948851811 0.493553452279921
-9999 -9999 -9999 -9999 -9999 -9999 -9999 -9999 -9999 -9999 -9999 -9999 -9999 -9999 -9999 -9999 -9999 -9999 -9999 -9999 -9999 -9999 0.45625313505961 0.444345520256696 0.406166489749804 0.326476219117492 0.216142130683492 0.135385451462718 0.0784036814648751 0.0969546746891718 0.0788890388979226 0.0282721591275542 0.010195853168695 0 0 0 0 0.00431803178332551 0.00923788601356286 0.0107131206186001 0.0635258050180417 0.182330004676265 0.30942702882879 0.425761040798784 0.37286987341809 0.36082709397362 0.412238607729956 0.455110871695159 0.493301556789765 0.48977442885938 0.484658799439751 0.476536841103334 0.477950536020713 0.484195079231556 0.489227324185947 0.490054343939858 0.481112243766505
-9999 -9999 -9999 -9999 -9999 -9999 -9999 -9999 -9999 -9999 -9999 -9999 -9999 -9999 -9999 -9999 -9999 -9999 -9999 -9999 -9999 -9999 0.389558032324256 0.398165745306945 0.370462244443043 0.295267065752402 0.185013278404878 0.110150313192799 0.0562230704581162 0.0646448622779835 0.0470143448984482 0.00622399288178223 0.00432971212837059 0.00774843439071447 0.00263911752115643 0 0 0 0.00140928229667225 0.013200060389003 0.0914180957029557 0.255024777630545 0.356872045850234 0.42651351859159 0.342263732844222 0.318943927769895 0.390273362327325 0.439952961309325 0.47960721138369 0.47824929665787 0.473460162472063 0.462177251382525 0.468782355310843 0.484449689641473 0.485993750701502 0.48232514288401 0.467094382566973
-9999 -9999 -9999 -9999 -9999 -9999 -9999 -9999 -9999 -9999 -9999 -9999 -9999 -9999 -9999 -9999 -9999 -9999 -9999 -9999 -9999 -9999 0.339604319143477 0.316070370920412 0.316972681035575 0.262110462648167 0.166082573322798 0.106769054119571 0.0579382268741575 0.0318638742778314 0.0134262327531102 0.0017774314895807 0.0141112913412027 0.0252535069038677 0.00860134695345812 0 0 0 0.00459309822009469 0.0430213123524197 0.130783487521492 0.281961801504838 0.360928545410295 0.407752009200721 0.34402582847472 0.331591906910209 0.398835892264484 0.432574102842277 0.452172078125178 0.456592557279785 0.454397170642174 0.439680883787976 0.449052803406111 0.470628026566469 0.473640791799034 0.469877060882504 0.451091239060395
