layers/veg/veg_4700.asc
NCOLS 255 
NROWS 330 
XLLCORNER -2985163.8955 
YLLCORNER -3022031.214 
CELLSIZE 25000 
NODATA_value -9999 
[rows 250 to 274 of 330, columns 56 to 111 of 255]
-9999 -9999 -9999 -9999 -9999 -9999 -9999 -9999 -9999 -9999 -9999 -9999 -9999 -9999 -9999 -9999 -9999 0.816523102369066 0.809897414024467 0.807815917681389 0.804142111361628 0.69364311802034 0.609651855167767 0.575092903546501 0.523521340941056 0.463459612428016 0.500604027967481 0.533684560462646 0.554046961006806 0.543523709339159 0.51416439961315 0.549329718722225 0.560550178026213 0.49056389217059 0.4696258892651 0.484903577774045 0.478538874418531 0.445689965058429 0.323640604559286 0.257290336889345 0.240465847977153 0.232301236664375 0.225177662128144 0.215435502943861 0.204266799385957 0.191573671916675 0.192907747254567 -9999 0.143796017481746 0.149298444328083 0.161875492664535 0.154441762090176 0.14108477948671 0.134679483448137 0.130782368439208 -9999
-9999 -9999 -9999 -9999 -9999 -9999 -9999 -9999 -9999 -9999 -9999 -9999 -9999 -9999 -9999 -9999 0.819140113640066 0.81851323267268 0.816926110001453 0.820581189793202 0.823404548727448 0.734378115895428 0.658734621244199 0.608047980806643 0.544251458609331 0.47391243266155 0.509556650764636 0.53839744127321 0.547917662325327 0.541632730954318 0.525708800651972 0.55894333940553 0.582521982439939 0.569027980907982 0.565851221380145 0.5702923850536 0.571000093464484 0.540806896946042 0.396942167590868 0.313877894738439 0.284875363364617 0.270233064292947 0.25795447059582 0.244550206321815 0.228806809728014 0.210563785848787 0.20227237148081 -9999 -9999 0.149298444328083 0.161875492664535 0.154441762090176 0.14108477948671 0.134679483448137 -9999 -9999
-9999 -9999 -9999 -9999 -9999 -9999 -9999 -9999 -9999 -9999 -9999 -9999 -9999 -9999 -9999 -9999 0.819140113640066 0.821198121769447 0.826408538945341 0.83490735593679 0.842374366098239 0.776298730686892 0.716712851611918 0.669229240408254 0.598995667138216 0.517408695350185 0.539734024002889 0.553811795273407 0.545321200264703 0.546068458020984 0.552449552803682 0.57434381508048 0.591349958714682 0.59134086126038 0.586022115623226 0.576782894720814 0.585688049814728 0.575277025752347 0.484678238432158 0.4053188082666 0.335953040251456 0.305624509078276 0.282537864986935 0.260510661053375 0.241185369151975 0.224747375665142 0.222324491871495 -9999 -9999 -9999 -9999 -9999 -9999 -9999 -9999 -9999
-9999 -9999 -9999 -9999 -9999 -9999 -9999 -9999 -9999 -9999 -9999 -9999 -9999 -9999 -9999 -9999 -9999 0.856794291668208 0.844430953788999 0.849873662750512 0.860741890123943 0.817232256683065 0.776686253201165 0.741666904615996 0.668091506257123 0.57527466050228 0.579511312292214 0.5746697059241 0.545588363260679 0.554005624346277 0.585291946848494 0.591677487197866 0.594164127283012 0.590047126728463 0.574830523254516 0.551418326174156 0.568479854462435 0.58404494610641 0.575976646048777 0.508653939378629 0.388644187314186 0.339300988287603 0.303386299180584 0.270999218006337 0.248570794093525 0.236784321132453 0.236530555506473 -9999 -9999 -9999 -9999 -9999 -9999 -9999 -9999 -9999
-9999 -9999 -9999 -9999 -9999 -9999 -9999 -9999 -9999 -9999 -9999 -9999 -9999 -9999 -9999 -9999 -9999 0.862777575678521 0.86556257726917 0.864551887887857 0.860226084210508 0.80009580652018 0.77011313713501 0.79635051862347 0.746696784982432 0.659169490430556 0.650529852800433 0.634968420098539 0.600755409475383 0.596380677180904 0.610203246957504 0.59066385918429 0.574926984629702 0.576407201345193 0.570934418193154 0.560327761183328 0.565608430713824 0.571405419846186 0.572045089577678 0.511336512704695 0.396079117634151 0.347015565321625 0.311032229235602 0.280884686124801 0.25798153970167 0.242819850003201 0.239339373683594 -9999 -9999 -9999 -9999 -9999 -9999 -9999 -9999 -9999
-9999 -9999 -9999 -9999 -9999 -9999 -9999 -9999 -9999 -9999 -9999 -9999 -9999 -9999 -9999 -9999 -9999 0.86430011894711 0.879287297404789 0.883886222425807 0.743494747846908 0.74317051404537 0.757436150778519 0.798909360842102 0.772665345896902 0.712626960665974 0.695983156783655 0.675431960203775 0.64439136536046 0.631341200477902 0.629262757380979 0.596074977909688 0.570521602456605 0.572829363078228 0.572360741599953 0.56984212792357 0.565689811191517 0.562963559540929 0.566288536170809 0.509178710237699 0.398332270134207 0.347496722449237 0.309558220606337 0.282151621092356 0.259710197713071 0.242574626267943 0.225899216112956 0.211739072557686 0.215276919172018 0.218634360466872 0.221759849682078 -9999 -9999 -9999 -9999 -9999
-9999 -9999 -9999 -9999 -9999 -9999 -9999 -9999 -9999 -9999 -9999 -9999 -9999 -9999 -9999 -9999 0.85838049023771 0.864631198067306 0.880456594950764 0.884698427538607 0.743514948210944 0.743841624093866 0.733060345859156 0.701564663374726 0.697749159573362 0.707747485382843 0.692437538870325 0.677878948259077 0.665926567595511 0.652090865472899 0.6371065927421 0.613799914399314 0.594543114462555 0.588536753025209 0.583988154152022 0.580515920770216 0.571430604345444 0.562567042609442 0.557034151549672 0.497743731899385 0.390653907765051 0.334114140170698 0.290604727175291 0.266900076666562 0.246715189476077 0.230291567244427 0.219542914855475 0.211739072557686 0.215276919172018 0.218634360466872 0.221759849682078 0.222523954496926 -9999 -9999 -9999 -9999
-9999 -9999 -9999 -9999 -9999 -9999 -9999 -9999 -9999 -9999 -9999 -9999 -9999 -9999 -9999 0.797032800807602 0.804920901038522 0.817416847603431 0.83697098614574 0.837627884146059 0.721458800872 0.724394535481595 0.715686899523504 0.685266400673274 0.687200603207924 0.705281462061449 0.688576627987043 0.673846887356819 0.664865622901279 0.653568645794231 0.640859398107589 0.626249777831864 0.613911189134056 0.608485802807546 0.59822695865127 0.584399243034082 0.580458147517431 0.577812939983783 0.575595948939186 0.532964501757371 0.454397865839101 0.37508012715209 0.304371380109127 0.277789579539797 0.258811592333278 0.247959139195149 0.229371172208287 0.211739072557686 0.215276919172018 0.221604008553298 0.23151730405258 0.235338370998817 -9999 -9999 -9999 -9999
-9999 -9999 -9999 -9999 -9999 -9999 -9999 -9999 -9999 -9999 -9999 -9999 -9999 -9999 -9999 0.793662351788766 0.757751237215758 0.745806357807106 0.770572400704545 0.800238094239447 0.720952918949648 0.707587786809485 0.701906448711469 0.710554051323424 0.709679862190769 0.704053810353179 0.684553936438558 0.66649034747744 0.652210319849456 0.645157787232487 0.642513046126941 0.635992936994095 0.630891528400091 0.630611299942434 0.613805700182371 0.584798292089786 0.591172162177696 0.601085150764886 0.608430568300551 0.592124904585631 0.554789486921399 0.443933027340147 0.334927138887182 0.302092372350304 0.283782703999648 0.280994744892424 0.247503923817327 0.211739072557686 0.215276919172018 0.226097419262516 0.246281427169905 0.24485365205382 -9999 -9999 -9999 -9999
-9999 -9999 -9999 -9999 -9999 -9999 -9999 -9999 -9999 -9999 -9999 -9999 -9999 -9999 -9999 0.703741644871133 0.700767512281231 0.700880472876222 0.705722171100845 0.711244989377923 0.704049846507753 0.704607868382622 0.706110636783248 0.709375193290021 0.706282054046447 0.70001609836919 0.684273481477037 0.667833724085938 0.650120545506919 0.655428924105624 0.674777329595125 0.675625872910838 0.671688664219448 0.657390294358923 0.646543803946887 0.63824607148084 0.632999393289155 0.62845554835873 0.62517447643601 0.612825598511895 0.592413929417724 0.472285686912259 0.352551958340911 0.325453933368164 0.30805519651841 0.301021245378413 0.286908675537267 0.272937931287387 -9999 -9999 -9999 -9999 -9999 -9999 -9999 -9999
-9999 -9999 -9999 -9999 -9999 -9999 -9999 -9999 -9999 -9999 -9999 -9999 -9999 -9999 -9999 0.708254060744514 0.694467567497944 0.679383502368057 0.662311846768979 0.657412397536596 0.690493561282119 0.69799134778968 0.703863668037846 0.706704776162266 0.704829880993702 0.70060145817348 0.680322595186934 0.662653072123687 0.651539295445048 0.668414778870443 0.702359914078315 0.708927942559974 0.705591477019847 0.678772254640002 0.669134683033119 0.672183495637012 0.658866427356568 0.645128320913872 0.637116564391968 0.629053462618142 0.620944706355925 0.496235910195231 0.371039651407984 0.349375804255707 0.332003677681373 0.31921773965536 0.295836825201155 0.272937931287387 -9999 -9999 -9999 -9999 -9999 -9999 -9999 -9999
-9999 -9999 -9999 -9999 -9999 -9999 -9999 -9999 -9999 -9999 -9999 -9999 -9999 -9999 -9999 0.710204096457761 0.721758450262289 0.711997000446576 0.669584497796401 -9999 0.690065861678018 0.68378202455499 0.685425615069515 0.701852480614315 0.709303803264207 0.712275869416707 0.667490631014364 0.641582253161214 0.660726197401808 0.686875460780116 0.717297018526385 0.725716659779472 0.72195655229375 0.687138699534641 0.666825610876777 0.657222378489802 0.645358955339221 0.636264015428661 0.638510186918514 0.636652442255184 0.631145631994572 0.511827967191473 0.392229697478517 0.374672281718876 0.355220641646615 0.333744808784372 0.302538607956356 -9999 -9999 -9999 -9999 -9999 -9999 -9999 -9999 -9999
-9999 -9999 -9999 -9999 -9999 -9999 -9999 -9999 -9999 -9999 -9999 -9999 -9999 -9999 -9999 -9999 0.745160000081986 0.745160000081986 -9999 -9999 0.720453364445688 0.712474711808622 0.709236676243287 0.714839067760837 0.720666063867976 0.726605149191225 0.673640047943722 0.644968982947342 0.67419024952213 0.69576859638781 0.712685799030636 0.724281301274103 0.724596721040604 0.693334074470619 0.666218223094247 0.64216423333785 0.638705404084733 0.636976258213728 0.632519310462378 0.630539162862827 0.630761303489428 0.552768489192319 0.467049466322056 0.413440454668746 0.375646239387588 0.354751921641409 0.353439030556246 -9999 -9999 -9999 -9999 -9999 -9999 -9999 -9999 -9999
-9999 -9999 -9999 -9999 -9999 -9999 -9999 -9999 -9999 -9999 -9999 -9999 -9999 -9999 -9999 -9999 -9999 -9999 -9999 -9999 0.721548910503608 0.748871678058296 0.759499574886723 0.738994438803929 0.736341058826712 0.742596621234599 0.691673558020434 0.663668391295874 0.69033219165878 0.698671566641689 0.695835527941354 0.711435992550899 0.718643833953939 0.698170159612057 0.666676246490029 0.627045339716646 0.636343038615567 0.643684302414032 0.621905057378089 0.615840746135575 0.623749630769565 0.60957948540363 0.575446382027496 0.460643150014906 0.394324184729642 0.379816138818161 0.367224233886417 -9999 -9999 -9999 -9999 -9999 -9999 -9999 -9999 -9999
-9999 -9999 -9999 -9999 -9999 -9999 -9999 -9999 -9999 -9999 -9999 -9999 -9999 -9999 -9999 -9999 -9999 -9999 -9999 -9999 0.541349444003331 0.64981948647627 0.718178931245796 0.711739081138191 0.726595907244513 0.752080867651012 0.721692724872141 0.703153992445254 0.713794955126834 0.707393394791944 0.69059820731919 0.705890202772647 0.709312474039485 0.67246069029942 0.651666588626892 0.642728968437728 0.619847599377406 0.596380837238235 0.576946902361003 0.570082875830407 0.574395593267433 0.573101214261734 0.553954134848291 0.449812675612291 0.384120412219895 0.359515460656781 0.355761046411098 -9999 -9999 -9999 -9999 -9999 -9999 -9999 -9999 -9999
-9999 -9999 -9999 -9999 -9999 -9999 -9999 -9999 -9999 -9999 -9999 -9999 -9999 -9999 -9999 -9999 -9999 -9999 -9999 0.532760421873596 0.538711623168813 0.633677942254926 0.698723348074189 0.707971449874477 0.735717245609613 0.772694339853884 0.758743193615546 0.74598825226384 0.737751967136317 0.714928799431487 0.683209612136962 0.703179247407524 0.706793334930345 0.653515504098786 0.64171474990128 0.660539349290135 0.608963936369899 0.558082124771566 0.541181855565907 0.533449886896424 0.533870065791204 0.540848778656788 0.532039083759612 0.437593337983008 0.373428737868583 0.341622964696358 0.335307704246841 -9999 -9999 -9999 -9999 -9999 -9999 -9999 -9999 -9999
-9999 -9999 -9999 -9999 -9999 -9999 -9999 -9999 -9999 -9999 -9999 -9999 -9999 -9999 -9999 -9999 -9999 -9999 -9999 0.529013593397532 0.531166002171648 0.667799243275655 0.764128696882262 0.785298590215686 0.806576309953618 0.827907840600666 0.814204524523596 0.794359993637696 0.761615048837439 0.717677548609295 0.666914107895407 0.707362424041487 0.725323393339841 0.661297444645039 0.65016787748665 0.678095315292338 0.61785209599503 0.558223260952433 0.540204562282374 0.530697343364712 0.528758248840223 0.541193411826781 0.536693252618062 0.433664598884615 0.367469678820397 0.340635766649821 -9999 -9999 -9999 -9999 -9999 -9999 -9999 -9999 -9999 -9999
-9999 -9999 -9999 -9999 -9999 -9999 -9999 -9999 -9999 -9999 -9999 -9999 -9999 -9999 -9999 -9999 -9999 -9999 -9999 0.607503520824204 0.592378232860331 0.691982612258431 0.772126593798245 0.815980314878929 0.847445457700538 0.87272806423324 0.84991980891436 0.817928684964797 0.766498542973743 0.714121252095313 0.661166328880995 0.710554386375587 0.733429436822502 0.660611976933401 0.63588581385657 0.646668734081265 0.609810616930874 0.571463443721155 0.54880247469504 0.538625763283175 0.539549638059564 0.532066565051389 0.510031935420153 0.422206860269763 0.376837804540349 -9999 -9999 -9999 -9999 -9999 -9999 -9999 -9999 -9999 -9999 -9999
-9999 -9999 -9999 -9999 -9999 -9999 -9999 -9999 -9999 -9999 -9999 -9999 -9999 -9999 -9999 -9999 0.634324524440568 0.634324524440568 -9999 0.656796572635878 0.70566114788925 0.708639932805208 0.736649524103751 0.811337219814182 0.865603083167041 0.909677404197908 0.870681307956113 0.822713895453077 0.757008695175064 0.705790111168391 0.663406397906391 0.712995696883659 0.73364131872936 0.653514096213413 0.604386269805441 0.578147411083079 0.588948233045377 0.594623603675182 0.564651740968755 0.554642933251665 0.562384609330829 0.515766916474038 0.459655235187127 0.405047370544209 -9999 -9999 -9999 -9999 -9999 -9999 -9999 -9999 -9999 -9999 -9999 -9999
-9999 -9999 -9999 -9999 -9999 -9999 -9999 -9999 -9999 -9999 -9999 -9999 -9999 -9999 -9999 -9999 -9999 0.645503137771496 0.673804891331468 0.697515307478568 0.719303256669412 0.738768167808222 0.76465931427313 0.802534272962945 0.825552237712886 0.841155800078917 0.822810157843592 0.796115294716391 0.751406607855299 0.714321840854816 0.681886630747026 0.706823725487301 0.715506413221053 0.66652675713357 0.61651151391997 0.56573162612482 0.56385635891157 0.562717511952446 0.542519822970367 0.543477210422221 0.563244987448697 0.513926365849024 -9999 -9999 -9999 -9999 -9999 -9999 -9999 -9999 -9999 -9999 -9999 -9999 -9999 -9999
-9999 -9999 -9999 -9999 -9999 -9999 -9999 -9999 -9999 -9999 -9999 -9999 -9999 -9999 -9999 -9999 -9999 0.696018920220195 0.688316589773787 0.702730905748867 0.726298838541267 0.757716750766876 0.77751699755127 0.775652317037725 0.773340681801428 0.770805993222356 0.769434062798539 0.760912303506896 0.735914331152311 0.711489231220471 0.687413505753539 0.691686113557636 0.691045823101438 0.670919298661038 0.622851254948606 0.55415208250461 0.539288586976377 0.530538075589108 0.520597673069109 0.515792958975166 0.515554728029118 -9999 -9999 -9999 -9999 -9999 -9999 -9999 -9999 -9999 -9999 -9999 -9999 -9999 -9999 -9999
-9999 -9999 -9999 -9999 -9999 -9999 -9999 -9999 -9999 -9999 -9999 -9999 -9999 -9999 -9999 -9999 -9999 0.700803264423688 0.705213825494756 0.714467885178957 0.724988789626472 0.714193426674299 0.700333193467739 0.680757509805589 0.702716114511593 0.745402460504773 0.728581813774163 0.70784550620605 0.680174799640048 0.656295367784794 0.634728099198009 0.646051403075577 0.651121037661127 0.631983624618584 0.585248140268256 0.518135118234653 0.518838480945422 0.524464854171561 0.518225545394505 0.515361124707991 0.515497542139556 -9999 -9999 -9999 -9999 -9999 -9999 -9999 -9999 -9999 -9999 -9999 -9999 -9999 -9999 -9999
-9999 -9999 -9999 -9999 -9999 -9999 -9999 -9999 -9999 -9999 -9999 -9999 -9999 -9999 -9999 -9999 -9999 -9999 0.716195063744982 0.721961872083345 0.730101024387963 0.739836875896812 0.729299103199336 0.680954544214355 0.68494198344169 0.715045775268378 0.694860338915636 0.673975495298628 0.65322953304251 0.630814127390087 0.607380587734138 0.607895467448706 0.605018632560566 0.587870739015237 0.55640171398451 0.514358421163245 0.507230716973491 0.503241729056655 0.495398345138594 0.487254928395047 0.478844732453127 -9999 -9999 -9999 -9999 -9999 -9999 -9999 -9999 -9999 -9999 -9999 -9999 -9999 -9999 -9999
-9999 -9999 -9999 -9999 -9999 -9999 -9999 -9999 -9999 -9999 -9999 -9999 -9999 -9999 -9999 -9999 -9999 -9999 -9999 0.725588146656391 0.741067510746567 0.828529501013297 0.855026097143091 0.767832826892233 0.715343823139193 0.680174029267681 0.667638942246309 0.657604371557797 0.652531763419794 0.632417516024513 0.60312990915474 0.576556831064174 0.553285000067179 0.539038550967984 0.535537472794914 0.539970434596082 0.503683215943917 0.468208664613799 0.453925263236192 0.456756666215273 0.474805983364891 -9999 -9999 -9999 -9999 -9999 -9999 -9999 -9999 -9999 -9999 -9999 -9999 -9999 -9999 -9999
-9999 -9999 -9999 -9999 -9999 -9999 -9999 -9999 -9999 -9999 -9999 -9999 -9999 -9999 -9999 -9999 0.738201991323844 0.738201991323844 -9999 0.758962712112594 0.761018172612398 0.827175922521848 0.848830348852947 0.787493809854552 0.72012763527662 0.649752363125117 0.620344409550232 0.603573422758375 0.614429055680544 0.604335755810272 0.58146644876252 0.549755645902677 0.522002877896837 0.507332376476616 0.503193410368611 0.506830594821782 0.482097676713302 0.457919323934209 0.448461631517718 0.44400996149957 0.444009479914902 -9999 -9999 -9999 -9999 -9999 -9999 -9999 -9999 -9999 -9999 -9999 -9999 -9999 -9999 -9999
