layers/veg/veg_2100.asc
NCOLS 255 
NROWS 330 
XLLCORNER -2985163.8955 
YLLCORNER -3022031.214 
CELLSIZE 25000 
NODATA_value -9999 
[rows 75 to 99 of 330, columns 168 to 223 of 255]
0.846951772643777 0.829404228113963 0.813051885735275 0.811228186048478 0.810715552195926 0.802537528980702 0.791793115690063 0.778230475216871 0.763280672917669 0.749931205416232 0.752008400490015 0.750556676505339 0.744440362540338 0.73809210908134 0.732178127993394 0.733423966975054 0.734145213582361 0.734027691280794 0.730701628304445 0.726264931065583 0.733397560314701 0.738113223432564 -9999 -9999 -9999 -9999 -9999 -9999 -9999 -9999 -9999 -9999 -9999 -9999 -9999 -9999 -9999 -9999 -9999 -9999 -9999 -9999 -9999 -9999 -9999 -9999 -9999 -9999 -9999 -9999 -9999 -9999 -9999 -9999 -9999 -9999
0.835709318464046 0.822877314302219 0.809225205369622 0.80617057456731 0.804235408229783 0.797574558364248 0.787565589499396 0.773879954306737 0.75591815926986 0.740293793171174 0.751780906507652 0.752117913134063 0.737716504064972 0.732391054933892 0.730068767852955 0.727148396523545 0.725701052082418 0.726608925170627 0.72597064301943 0.724871531095242 0.732842982098275 -9999 -9999 -9999 -9999 -9999 -9999 -9999 -9999 -9999 -9999 -9999 -9999 -9999 -9999 -9999 -9999 -9999 -9999 -9999 -9999 -9999 -9999 -9999 -9999 -9999 -9999 -9999 -9999 -9999 -9999 -9999 -9999 -9999 -9999 -9999
0.829816887498078 0.817176521544249 0.804483861703372 0.7999876756594 0.796264818967158 0.788396147660993 0.777917940640306 0.764574126962643 0.752141628524382 0.742080001546079 0.748835430031249 0.74329631579624 0.721506049342885 0.719200510541127 0.723122220192313 0.722682850779736 0.721226287016889 0.718143334772232 0.719163182253303 0.721851053732222 0.721393755339476 -9999 -9999 -9999 -9999 0.693248290305108 0.695499769600821 0.701607595817942 -9999 -9999 -9999 -9999 -9999 -9999 -9999 -9999 -9999 -9999 -9999 -9999 -9999 -9999 -9999 -9999 -9999 -9999 -9999 -9999 -9999 -9999 -9999 -9999 -9999 -9999 -9999 -9999
0.827040025569025 0.811956817759737 0.79920986676727 0.793149469190324 0.787426273616979 0.776762888803504 0.765113900549384 0.752382592645473 0.750453383539733 0.750518719129072 0.744307145076646 0.728428308054366 0.699771105408121 0.701648485276547 0.713358751733095 0.719271367179221 0.719063087365599 0.709068129572334 0.711146492581734 0.718216667308008 0.719947256427575 -9999 -9999 -9999 0.692610939748884 0.693248290305108 0.695499769600821 0.701607595817942 0.703983726415574 -9999 -9999 -9999 -9999 -9999 -9999 -9999 -9999 -9999 -9999 -9999 -9999 -9999 -9999 -9999 -9999 -9999 -9999 -9999 -9999 -9999 -9999 -9999 -9999 -9999 -9999 -9999
0.816733399236594 0.80517177233472 0.794400797920343 0.786279077860808 0.773758454379351 0.73523260131608 0.715247974531695 0.715624004686252 0.739077406295572 0.760424753918733 0.718217679486945 0.689296840535018 0.677937991492457 0.691509454866359 0.712254065188189 0.716311027774481 0.716843423060287 0.711740400041473 0.714723667798552 0.720805604146279 0.711811552245885 0.704113638960858 0.69894457909462 0.691001398215542 0.681609210305935 0.6813361156445 0.684903934071972 0.697176008727219 0.706264985460525 0.713327147271391 0.722734691521787 0.732678757276978 0.743711831012959 0.748510652148444 -9999 -9999 -9999 -9999 -9999 -9999 -9999 -9999 -9999 -9999 -9999 -9999 -9999 -9999 -9999 -9999 -9999 -9999 -9999 -9999 -9999 -9999
0.806823704718542 0.798392478893964 0.789215767861065 0.781357158604493 0.765071002286328 0.702744689503986 0.675790248254157 0.687678682374549 0.726380774789892 0.759385081434985 0.692943994821478 0.658721729288117 0.667086892794292 0.688781495123984 0.713452369609019 0.717191542262878 0.719183416557232 0.718381541628124 0.719698891973196 0.721668646304738 0.712182165726599 0.703999938543244 0.698362397257883 0.688005782772051 0.675184254097759 0.673897155006074 0.677802416453399 0.693523842225601 0.704945575558826 0.713629510366547 0.723512707913242 0.733571892748114 0.743888124158272 0.748762261559037 0.749447342560084 0.749263941690416 0.750135554419197 0.755655009497786 0.764765251515751 0.777201597681136 0.787734769136553 -9999 -9999 -9999 -9999 -9999 -9999 -9999 -9999 -9999 -9999 -9999 -9999 -9999 -9999 -9999
0.799080308076896 0.791853888416992 0.782937174964911 0.781761073117516 0.770678891128237 0.699248434559996 0.670084036919081 0.687333221262246 0.711469950575597 0.728242168173329 0.672997276681861 0.655001231821079 0.686241396092308 0.705227397436498 0.719695489466897 0.728496446378452 0.733983788694277 0.734173004245818 0.726825692890455 0.716381669989299 0.710179112286439 0.703575726343968 0.696190297607558 0.689445428221679 0.683035142294162 0.680386579512338 0.681766749536719 0.692637220037844 0.703745191114621 0.715004388990771 0.726415459296375 0.736904149308055 0.744545867590178 0.74842656040428 0.749412200729554 0.749263941690416 0.750135554419197 0.755655009497786 0.764765251515751 0.777201597681136 0.787734769136553 0.796320577956893 -9999 -9999 -9999 -9999 -9999 -9999 -9999 -9999 -9999 -9999 -9999 -9999 -9999 -9999
0.79248227951729 0.787561705586352 0.782059763499126 0.777491560708607 0.765166744029524 0.71074832676893 0.6910949608194 0.709618103400776 0.717191283253147 0.717983104207924 0.68765419875277 0.681985834087196 0.708914224850388 0.72056398305352 0.727162692547617 0.734831530086077 0.73946946064981 0.739261284673711 0.730204774965645 0.717530940247302 0.710701631284528 0.702907028880437 0.693229074194215 0.688843964168085 0.68722346646004 0.685101553655231 0.685661500204475 0.69272563521267 0.702676196632934 0.714464669505492 0.724031706331999 0.733105809801662 0.741194894031942 0.738089972427986 0.726368455502918 0.727108194135363 0.732407360528684 0.749264660114011 0.762205904356749 0.771519752116091 0.782877437782032 0.793721767134294 0.799607260792727 -9999 -9999 -9999 -9999 -9999 -9999 -9999 -9999 -9999 -9999 -9999 -9999 -9999
0.786693254210914 0.784856218877651 0.784997346895673 0.769921085366586 0.751800226451069 0.732840387576668 0.730976891919402 0.747887385313275 0.737485644731148 0.722474845931613 0.72675257151795 0.730658246555495 0.73407213834913 0.735117029448881 0.735494497431927 0.73765630043588 0.73837591770676 0.736789629263285 0.730936745790773 0.723226298787461 0.713008027754717 0.702065645118719 0.689710472151684 0.686800811408299 0.688824826433076 0.688563187374924 0.689507103003138 0.693502744625376 0.701700006297603 0.712572619600405 0.717913957910251 0.724270944914825 0.735012459446318 0.720689498090016 0.687073135527829 0.689303266084647 0.702157282401796 0.738360640826364 0.757838823762314 0.761824671313781 0.774589247012578 0.788281802602675 0.797730315294978 0.802707651421914 -9999 -9999 -9999 -9999 -9999 -9999 -9999 -9999 -9999 -9999 -9999 -9999
0.767827701711825 0.764875331738784 0.766107386687536 0.754253828196564 0.739578463909415 0.723100780901793 0.720600799940297 0.733450137943751 0.73453779005613 0.732176155417433 0.726587601243445 0.718130469941751 0.705881600743544 0.712165695320266 0.724138246978551 0.728682657580057 0.729891849998345 0.725768373752024 0.721879100493805 0.71794765925855 0.707379549394086 0.697653450145132 0.689570170112001 0.687656777613693 0.688966103365288 0.690038108247087 0.692969007294361 0.700401350075743 0.705524328597713 0.709176835881566 0.716063057432293 0.722557974960781 0.727106755413476 0.717481340288238 0.696945326302686 0.656222655286116 0.637228064582583 0.715165956360292 0.75418639363357 0.757158045774321 0.758689811925197 0.76264057074764 0.781284570652075 0.795492839967837 0.804763231795296 0.806698499184097 -9999 -9999 -9999 -9999 -9999 -9999 -9999 -9999 -9999 -9999
0.752642841984088 0.748850110275446 0.750191756685901 0.741249211818706 0.729358883212142 0.712178523601375 0.707462516656569 0.716433975944061 0.728729279854137 0.738621186090594 0.722820273923689 0.703702809079068 0.680201464033901 0.690428181476908 0.711129098563691 0.720014461821001 0.723325428760543 0.717723512963525 0.714188134285095 0.711373056878921 0.701340107695234 0.693599951261389 0.690333187345347 0.689160662919453 0.689082022909843 0.691129277892929 0.695709448523893 0.706271144076561 0.708899505248591 0.706476372278216 0.713789592678291 0.71944741515109 0.717790963338804 0.713280623363056 0.706573500594765 0.62765434387991 0.579425833307347 0.691097350088647 0.747173467185283 0.751752212649835 0.743062356468427 0.737920597091955 0.766144135471876 0.787517135948632 0.801264083350572 0.767448776052698 -9999 -9999 -9999 -9999 -9999 -9999 -9999 -9999 -9999 -9999
0.755207756920024 0.753097894549898 0.752803668573228 0.740578505403992 0.725726169659697 0.708942119303757 0.703324838730009 0.709970111087311 0.721538133392835 0.731726027773026 0.721025699456094 0.705361638581782 0.683136424910077 0.686877502770311 0.699646599475278 0.716800023672236 0.726221301175238 0.723279676427202 0.714921253754823 0.704337272056889 0.696809750537453 0.692129534677699 0.693004603234645 0.691856511985896 0.689651663382742 0.69161465025099 0.696065686768746 0.706263144859837 0.708917892697088 0.706769873521504 0.708450730811989 0.708795768834063 0.704176951940423 0.7003301666285 0.697077653270093 0.613133994056369 0.559470294971543 0.668534913352188 0.728125549061102 0.741889010467531 0.731215599601133 0.723933420681363 0.760988675115285 0.783907005555878 0.791088041464026 0.761333918352104 0.72615100719259 -9999 -9999 -9999 -9999 -9999 -9999 -9999 -9999 -9999
0.772504118187324 0.771055148580779 0.770407237138539 0.756434477462027 0.740135051550126 0.724901108274774 0.71226504393404 0.702481785603062 0.711619354692192 0.72247575395459 0.708360222712393 0.6937568015183 0.678508478431185 0.684859816362545 0.698727471822065 0.716333019914907 0.726116121620097 0.723391941210458 0.710256868424906 0.692933187379069 0.685659267428652 0.682192393188988 0.686153320611116 0.688387526221607 0.689719812978072 0.691849327701111 0.6956365300648 0.703375285901976 0.705947393786011 0.705229675397897 0.703948519945862 0.700810710755369 0.692144735592379 0.684217622789753 0.676859249904858 0.622359208069424 0.589964199805311 0.670176601802305 0.714783142414609 0.726408388056324 0.707641969505836 0.693621182217237 0.737616453787214 0.754704877200401 0.74184046259996 0.742716955843515 0.751203630963157 0.792173509827596 -9999 -9999 -9999 -9999 -9999 -9999 -9999 -9999
0.802342607111718 0.800684435073953 0.800774472462512 0.786361010311616 0.769904271325397 0.757202760918319 0.732339558425762 0.694121250039727 0.699378311702089 0.711220370889261 0.686439426360022 0.670859481997056 0.667441588526617 0.684147296105937 0.706801836732274 0.718205139695879 0.723455892406925 0.718869354081263 0.700997130221672 0.677809999145264 0.668872510534094 0.665046811862963 0.671194558402667 0.679669894554345 0.689361000925247 0.69187056734834 0.694538700137092 0.69803555849241 0.700432202831049 0.702128293733517 0.700158620920173 0.695095945039134 0.681459235310255 0.665412926447337 0.64751182664259 0.651801031248289 0.663409987450138 0.692425311524463 0.706298320807126 0.706145180145387 0.674084259250599 0.649410036091242 0.698734761327537 0.703714113959482 0.659327975898051 0.71345589288768 0.786822715223805 0.805144277144694 0.815637097302324 -9999 -9999 -9999 -9999 -9999 -9999 -9999
0.809256937761183 0.80369786164963 0.796551172443603 0.77867057063175 0.76159428881872 0.759587928094392 0.740902005927497 0.703899774832812 0.694863607404207 0.692779664745773 0.68853011011764 0.686156926223697 0.686263963604624 0.691695109871618 0.699321128704841 0.712652399586469 0.716996957572359 0.706972691803906 0.691863017924926 0.674883886710073 0.671111751613206 0.668837506944977 0.669485747022227 0.671008918460347 0.672989092922945 0.674492666121365 0.677393186292013 0.683695035318903 0.686411969293951 0.686846234152013 0.688094374265763 0.686687054585948 0.676995780322677 0.668667346391014 0.661387959940534 0.666861313531457 0.674936569048525 0.686640361820484 0.675572752450046 0.643412258320041 0.65247827564834 0.670619747073913 0.694511560979712 0.699214249520146 0.682555507678889 0.727438414945243 0.783058616004871 0.793847854927143 0.800566275944309 0.801828601784956 0.80215008601277 -9999 -9999 -9999 -9999 -9999
0.808599776250546 0.799062130094354 0.78475816870774 0.764817137916138 0.748507794336014 0.757139998488017 0.747359248895974 0.717358702146175 0.69437342303008 0.677238101373912 0.691896332238778 0.701053376853927 0.702938852516869 0.695739021599899 0.687135109143174 0.701529803247807 0.704689742324779 0.689886470961124 0.677763923121754 0.667089115569501 0.671179372834855 0.671909864110886 0.66608522647732 0.659790502467838 0.653250238173522 0.655428866648137 0.659362755052599 0.666991733600867 0.670184914823927 0.670553633704914 0.67485100217735 0.676699811043134 0.67016967759158 0.666987317292172 0.666381908166999 0.668751769738389 0.671373528894357 0.673431055175484 0.644577864930819 0.587092437749798 0.633280257343331 0.690450676920863 0.697628755540261 0.707703109773584 0.721001612513683 0.747775600859877 0.775499014550859 0.781980021689598 0.789010888777165 0.796778730174195 0.795056304843813 -9999 -9999 -9999 -9999 -9999
0.790256402111053 0.779229954928875 0.764302970972165 0.751217619807367 0.742515142928824 0.755213276532823 0.752869666268896 0.734008281934813 0.706729713539376 0.680804704612671 0.682670720049951 0.684558394009765 0.686474696602181 0.677016357082381 0.664969426133646 0.670102276203631 0.66797352313645 0.654234218262121 0.640353147052744 0.627104348476433 0.646390129408238 0.655444173716365 0.644535413248681 0.636570569385613 0.630143421909121 0.641928247920144 0.649596231260089 0.646196591663866 0.650212112833237 0.658949184787586 0.662488764563016 0.661414707901224 0.647488290884537 0.625188394937025 0.59644300660321 0.620178427904027 0.645106987482776 0.647172061063133 0.629511151850965 0.593578294376233 0.616104908305349 0.653278320016457 0.708283456455208 0.740995216272059 0.748889877674354 0.764406872487968 0.780627833144892 0.786193896513188 0.786870993141469 0.780995434143737 0.784332034076852 0.790405622430838 -9999 -9999 -9999 -9999
0.777367154843773 0.76878809887265 0.7579138572392 0.743829178278627 0.734412582234284 0.75299415629149 0.755223462700343 0.739495870964813 0.703679469740648 0.667322925681298 0.667598203050396 0.668836937841873 0.671349188337296 0.6588877228767 0.642259165329275 0.63762859683618 0.632127207791499 0.625233466818747 0.614976129889963 0.60381427437131 0.6169909474432 0.623943756897006 0.618753390765982 0.614663179469261 0.611147612206522 0.625181621076777 0.632992554356998 0.62469330994564 0.630079710400293 0.644180347714092 0.645790617049629 0.643268426519888 0.631059636670059 0.59957503940006 0.55325287330199 0.5859398982504 0.620863496025892 0.623115574088335 0.614321685913266 0.595296047780556 0.613037414071099 0.644604033311581 0.712500187361595 0.751523041930066 0.758403995029809 0.770451883339269 0.782550708127909 0.783952183540699 0.780679491438687 0.77114203794812 0.778248450490063 0.790034511098939 0.786924104420482 0.788466243392774 0.797555126084898 0.798584483265068
0.770059652316238 0.767956280411923 0.76591995143408 0.742797142613006 0.724150743741128 0.750475796110602 0.754346778296221 0.733560296459783 0.684862203310011 0.63639385963527 0.646541972995443 0.653907107640422 0.657593649941597 0.641367018344464 0.618991584478456 0.604084286850073 0.597171150652054 0.603039851148865 0.601914442393672 0.597609522436052 0.58287396173244 0.577056825040226 0.588640132084561 0.594099044134889 0.596359000060749 0.605113034706677 0.609391745868237 0.602465319105044 0.609783973129365 0.626173080849908 0.624655106262877 0.622194019892925 0.621030018913129 0.590525967123064 0.537437386766846 0.566371592513393 0.598690390665159 0.601313129404324 0.599006594896683 0.592134131954195 0.624407875935924 0.665094626184307 0.710128310032082 0.738753938893095 0.749114038834731 0.765662931800469 0.781192625534037 0.775103832316667 0.770341582550607 0.76735729178317 0.776914138759909 0.789695576872696 0.786794567022686 0.788466243392774 0.797555126084898 0.798584483265068
0.760058672109997 0.760737955486425 0.760704983818935 0.742869794198888 0.727898873685673 0.74604070442905 0.746292912949699 0.726900009795126 0.682790070792476 0.637241732432203 0.630670582974342 0.624540048497362 0.618991926989041 0.601357347618995 0.580693898484576 0.574394618093111 0.573508231211804 0.58127650079397 0.579201070318533 0.572962924705492 0.566718630581263 0.565172390160841 0.572792367789694 0.575277525374788 0.575080611662538 0.591430202772594 0.600708631261782 0.591892198382403 0.593723821415856 0.602335518185132 0.605396287317546 0.608050454909951 0.610758440932442 0.582593526308302 0.530664170678837 0.547469319609564 0.571036683552398 0.585314829520718 0.589269222743684 0.58366084396068 0.617355315816224 0.658207128718547 0.69640439731521 0.724308925280576 0.740755522868922 0.741682299293726 0.740520780684298 0.755714718721502 0.764453848216161 0.764541632802919 0.770165995061363 0.777185808016687 0.776866479929455 0.777024174689086 0.777955632769708 0.772423566140677
0.749429615728449 0.75153802465035 0.751930115859355 0.7427581686638 0.73460659446013 0.741493896281697 0.736775513619251 0.719312593094729 0.681427546908291 0.640501292101531 0.617188085578947 0.597573383374694 0.58284743205979 0.565982531140601 0.549800096425863 0.553195315345761 0.557244693056894 0.562340002966781 0.557805823794978 0.549523597175326 0.556467294317198 0.561263279463129 0.561868934378083 0.559774854122741 0.556270620804784 0.580072233598157 0.594430091224922 0.584298299063736 0.58001572367589 0.579457595393199 0.585859867338836 0.592486310853473 0.598174485697466 0.573323895655419 0.524966065888264 0.529425052961542 0.543880588658834 0.570267515307321 0.58163401209552 0.579087259532581 0.611489014091782 0.649960027750838 0.68446399451309 0.711044578951954 0.72880481453875 0.71316454034673 0.695314032811082 0.731281115048219 0.753429487786547 0.757056719073769 0.760024134564964 0.762590207832435 0.762555828893221 0.758253585493407 0.747028577282043 0.737314336838599
0.738764074515324 0.738964389814605 0.739791880898374 0.73971147084109 0.739452414567446 0.739159224215949 0.728563370487676 0.706653864069084 0.658960740896714 0.610822306333422 0.611652886385993 0.608912387801652 0.601451571932399 0.596256890379861 0.591531281491974 0.582730866993505 0.572952968088859 0.561612172792849 0.560105542230064 0.562604479701391 0.557913122412366 0.556581839216517 0.56180628606156 0.563740239468259 0.563955468960609 0.574380784972194 0.581183404189046 0.57860804177438 0.575473910066203 0.571983985991575 0.56157393541285 0.556742117217666 0.570526009363096 0.553403668546294 0.512491229146452 0.516081169885675 0.528504549658846 0.552611988922562 0.579425514685889 0.608745656876644 0.641973593447219 0.674886921037899 0.701949613455845 0.708248953679134 0.691434426336724 0.683973349977619 0.680501922711141 0.689436357885046 0.70124422242708 0.716903328778738 0.735579945020811 0.752851686144643 0.734107771330583 0.708214101355781 0.670723044937497 0.682836871113844
0.731984517712852 0.728522496045784 0.728996838033167 0.738370705059399 0.746601085515605 0.739808150251352 0.724607074351951 0.700172775989721 0.648817902026125 0.59827977430293 0.608963995260523 0.613856530600401 0.611093509591704 0.607381430982693 0.602790912119944 0.590372018633396 0.575539990673978 0.556849610462913 0.553260375834054 0.555833030004297 0.547882312158154 0.544886016240563 0.551556129982876 0.556166263107753 0.559700406258294 0.562563311452166 0.566010548550152 0.570909840339198 0.569154482908386 0.56316182500075 0.543467248362845 0.532875021392926 0.553220655725509 0.544394275365887 0.513112712382051 0.510287663786743 0.515025480418593 0.534839608402327 0.565286051895307 0.605581085490971 0.636625717694246 0.665969520709212 0.695849573459583 0.697707355291558 0.668370604909959 0.665765144352291 0.669583172771932 0.668272330059824 0.676650751661654 0.698015641712733 0.721878141990981 0.742795522805583 0.707551231779593 0.668806225482169 0.624382822244061 0.649007643996066
0.72998724761809 0.720704029416986 0.719854794518116 0.7391293445408 0.756583759846745 0.744128841284361 0.725888236313716 0.701294201729355 0.653841553294566 0.606826219032615 0.609777913152985 0.610930836948346 0.609706113113952 0.59493924731639 0.576550724335555 0.571068826944535 0.561979343959906 0.547121705012731 0.535161056937745 0.524630307693871 0.52372777694072 0.52455794317185 0.528768717495723 0.534391371285292 0.540751492280719 0.543206845407703 0.548467253523556 0.560740562444708 0.560647435640884 0.552680068999191 0.532965049007917 0.523624475967183 0.548644066015388 0.548812299939466 0.529851181773379 0.513786029100366 0.503880917009614 0.516923421340487 0.536463746580951 0.56202292769938 0.587180631129067 0.615401640505546 0.660723842334095 0.677633175104781 0.662913159858435 0.661073148881375 0.663455786507255 0.672559041755704 0.686013122861825 0.705298592285794 0.721396456904931 0.732348453768985 0.683322488866101 0.6424821382988 0.61491940781677 0.640589171681382
0.723027028347496 0.716041838302561 0.727091336318817 0.73344848340473 0.736347683482993 0.725622543654179 0.707024865535293 0.679782125382651 0.641669874218085 0.604601467385145 0.597876016678028 0.592427808930631 0.588667884369573 0.573128520615264 0.553897640561137 0.538325943422696 0.525513831264932 0.517114009861586 0.500420608336696 0.480873116442989 0.492016712324535 0.50095018634436 0.505571564296917 0.503625646336462 0.498249431750351 0.510569281022337 0.524459230115745 0.541039839943782 0.541849563433156 0.532617287412876 0.520474436868087 0.515983170193481 0.535493463476239 0.538076247343188 0.527629066728231 0.504403562589938 0.4856637040421 0.49146409390156 0.49843622261733 0.506493719397391 0.540990561025388 0.58166357289262 0.627961891825625 0.644253944845087 0.6271428724942 0.635533506780846 0.651475981452324 0.674132035753293 0.688055108560005 0.69027341359814 0.694807539387738 0.697478144355009 0.660896952539734 0.631102337896424 0.612316010435301 0.631004805047879
