layers/veg/veg_1300.asc
NCOLS 255 
NROWS 330 
XLLCORNER -2985163.8955 
YLLCORNER -3022031.214 
CELLSIZE 25000 
NODATA_value -9999 
[rows 150 to 174 of 330, columns 57 to 113 of 255]
-9999 -9999 -9999 -9999 -9999 -9999 -9999 -9999 -9999 -9999 -9999 -9999 -9999 -9999 -9999 -9999 -9999 -9999 -9999 -9999 0.433119714378274 0.435565869644637 0.374961661270223 0.301993693766355 0.205105946978259 0.114799430279231 0.0293512125650352 0.0510799913278966 0.079287810685242 0.0839207671095545 0.0833361604852984 0.0781132741412383 0.0789896625045027 0.0743104483668231 0.0360666226731458 0.0116236195016608 0.00192517229010488 0.0221256955106467 0.0509861210988815 0.089091209630331 0.11214678075891 0.115857011179952 0.118535867942272 0.123644319981316 0.163530463314797 0.208549596362625 0.261542366823988 0.286966754013453 0.301008177544084 0.311395387200208 0.327456469026874 0.35425567486032 0.36134979484543 0.358461139890074 0.347454843485053 0.337175303063245 0.328945229767689
-9999 -9999 -9999 -9999 -9999 -9999 -9999 -9999 -9999 -9999 -9999 -9999 -9999 -9999 -9999 -9999 -9999 -9999 -9999 -9999 -9999 0.454780209646353 0.406582752674893 0.347926620255846 0.268077133338708 0.163811830622821 0.0415226430854767 0.0614284677625326 0.0905820698269595 0.0908903389350892 0.0831134676759781 0.0681491140140564 0.0739322695200656 0.0745161778754815 0.0300282104527618 0.00502269495607763 0.000831888307227246 0.0273483756977876 0.0602046144502654 0.0837393636521719 0.101707992911789 0.112521676014658 0.136083449339462 0.163654170558081 0.189778537650007 0.225001880724144 0.27435966383307 0.29761513352493 0.310892937803523 0.348803146918714 0.371285582688696 0.364570084781314 0.358304950400185 0.35226797425996 0.349545526914102 0.345845193422347 0.339717164849207
-9999 -9999 -9999 -9999 -9999 -9999 -9999 -9999 -9999 -9999 -9999 -9999 -9999 -9999 -9999 -9999 -9999 -9999 -9999 -9999 -9999 -9999 0.412393637389527 0.365726434397434 0.314615899343673 0.200487563613422 0.0398391529261503 0.0596804130098058 0.0940549837534864 0.102244733889589 0.090576568365521 0.0612552251746464 0.0737967685819165 0.0845893948961448 0.0485360842865407 0.02131507057625 0.003530327470644 0.021281943987876 0.0495564064419703 0.0905138999249357 0.120290480201879 0.135694601242978 0.172822762635306 0.215079032625626 0.233429965448736 0.258742249505837 0.294868365995325 0.311968614496129 0.321976564480063 0.356273419341538 0.375856387070872 0.367592491159712 0.365629166300654 0.366857767794706 0.363301107572101 0.358157598056207 0.349515389341304
-9999 -9999 -9999 -9999 -9999 -9999 -9999 -9999 -9999 -9999 -9999 -9999 -9999 -9999 -9999 -9999 -9999 -9999 -9999 -9999 -9999 -9999 0.407063187761673 0.393467561558302 0.353039073600427 0.230828832308289 0.0482468666083545 0.0600962800550597 0.0913118563766844 0.108163851825948 0.104994324971923 0.0840261783418652 0.0945632936485 0.103236511557936 0.0738915260212612 0.0437892367533258 0.0128778575035231 0.0267203019986633 0.0541481294403431 0.100002575493405 0.124047076952862 0.120056074171144 0.153044880181937 0.198134579781038 0.244965316693772 0.284087222713179 0.311234153942775 0.322801956044914 0.32872322883929 0.360184395144894 0.379370805403978 0.375326545563578 0.37610392043645 0.379323979119896 0.376829603145339 0.372299109818441 0.363260907735959
-9999 -9999 -9999 -9999 -9999 -9999 -9999 -9999 -9999 -9999 -9999 -9999 -9999 -9999 -9999 -9999 -9999 -9999 -9999 -9999 -9999 -9999 0.425879875401528 0.42714014989522 0.386620099010058 0.257390657687332 0.0626754734753492 0.0618032459831111 0.0848599424856746 0.110840024433893 0.123561560775252 0.124496590153505 0.127800963674248 0.126999225399906 0.10333255313852 0.0699517538168124 0.0261925520620298 0.0390229659049201 0.0678327216519104 0.111110635928607 0.118957840767839 0.081260784802614 0.0995461449885355 0.140397735001098 0.237338685931417 0.304423102774548 0.325128081807642 0.331535014635318 0.332882254769141 0.361971724939772 0.38225493347011 0.385871793748798 0.38845843584626 0.390523160083434 0.390222608933545 0.38753195407345 0.37936156981114
-9999 -9999 -9999 -9999 -9999 -9999 -9999 -9999 -9999 -9999 -9999 -9999 -9999 -9999 -9999 -9999 -9999 -9999 -9999 -9999 -9999 -9999 0.448295748151374 0.444657884560584 0.428770257208167 0.316531942209087 0.133167038161089 0.0959261020853681 0.0858806617682725 0.11220690591349 0.12603184215227 0.12874343632049 0.131938375086582 0.131076153768876 0.109308967562925 0.0879805784969186 0.0671209925746789 0.0581937417755405 0.0589253238818538 0.109039094819852 0.128682264372443 0.109157123767004 0.127421961988465 0.164691989086779 0.287301088965457 0.36010672649228 0.355547168912161 0.338310099543399 0.317691579290089 0.360467671337941 0.390469486169113 0.396295258832494 0.399608887771586 0.401649841949922 0.400598188923299 0.400086918821053 0.400971889380819
-9999 -9999 -9999 -9999 -9999 -9999 -9999 -9999 -9999 -9999 -9999 -9999 -9999 -9999 -9999 -9999 -9999 -9999 -9999 -9999 -9999 -9999 0.466423809598418 0.461537417845311 0.462508341866153 0.369152314024998 0.206163629633128 0.12870663490968 0.0801025054565137 0.101049364587064 0.112484807006296 0.115464843936788 0.124435499923123 0.129509420318836 0.109485412009907 0.0976530752109532 0.0945725761223933 0.0709011193613369 0.0525488860296571 0.110947566423855 0.141966268135088 0.137789488024024 0.161743217794741 0.201815468197581 0.330223028294149 0.400909927968275 0.381932978094454 0.348279648404356 0.311125049246223 0.361875700501044 0.397961808379349 0.406294438465649 0.41054119454198 0.412718009843094 0.412538469292133 0.414127501760374 0.419949396739603
-9999 -9999 -9999 -9999 -9999 -9999 -9999 -9999 -9999 -9999 -9999 -9999 -9999 -9999 -9999 -9999 -9999 -9999 -9999 -9999 -9999 -9999 0.477649265880898 0.479299706066822 0.471176236792787 0.398040648746742 0.27691276953975 0.152341623449059 0.0539712996719996 0.0548968956147246 0.0565731929698153 0.0589168446250251 0.0890286686843626 0.115337912067954 0.0972438197497511 0.0851799447014739 0.0795586476838889 0.0642988035132573 0.057031869715825 0.126229677836655 0.162803101387852 0.15743964297944 0.200700924733038 0.261414349741616 0.34380788153034 0.394019946506281 0.394240999989706 0.36755475623367 0.332011395325409 0.372016345929156 0.402540301587354 0.415120938049619 0.421059721481551 0.423633682019547 0.429377858980915 0.432788591316424 0.430611853659951
-9999 -9999 -9999 -9999 -9999 -9999 -9999 -9999 -9999 -9999 -9999 -9999 -9999 -9999 -9999 -9999 -9999 -9999 -9999 -9999 -9999 -9999 0.51004024305848 0.50424286659221 0.49471037683683 0.429924144263553 0.324349305455983 0.163585939458683 0.0332436911079554 0.0409980400468128 0.0421561694373665 0.0374504288423595 0.0620725940535053 0.085290074054636 0.0747834752021958 0.0648963231006358 0.0556709770086715 0.043819775554777 0.0400997159339016 0.101068507744973 0.137329335547458 0.141829411882622 0.186394911304645 0.245187482559637 0.319918152365396 0.372355629388711 0.390162638413927 0.382131917438229 0.364722193484222 0.389166847973138 0.409554344123995 0.422263438640176 0.432270955297615 0.440909828146266 0.443949720110145 0.444316621461675 0.438683329740543
-9999 -9999 -9999 -9999 -9999 -9999 -9999 -9999 -9999 -9999 -9999 -9999 -9999 -9999 -9999 -9999 -9999 -9999 -9999 -9999 -9999 -9999 0.526272300521496 0.534377563648365 0.528992327360764 0.463973043372726 0.354931588835507 0.165872203248904 0.0164227071405462 0.0504174952846681 0.0577383818354326 0.0413468540546715 0.0412261408984211 0.0437641672986527 0.0449353059511917 0.0389659711155061 0.0253678800402399 0.0133083372150136 0.00768511604066512 0.0466681638496762 0.0783745166010156 0.10072707139677 0.133580964808156 0.174141071480277 0.268935522048916 0.340009949335288 0.374237455895366 0.393312616417878 0.405981684939605 0.411385247781726 0.418329209409882 0.428188462868234 0.443982993598459 0.462784389544619 0.456882232027564 0.45068768223883 0.444881611157467
-9999 -9999 -9999 -9999 -9999 -9999 -9999 -9999 -9999 -9999 -9999 -9999 -9999 -9999 -9999 -9999 -9999 -9999 -9999 -9999 -9999 -9999 0.520106317184824 0.520682784182174 0.525024618435439 0.464950292428026 0.357323614996072 0.184874987647371 0.0422543697130231 0.0398092223083049 0.0322182184167646 0.0200526800995415 0.0253945575071794 0.0317283792236832 0.0271641335803542 0.020287581253877 0.0109406011517095 0.00507471354353663 0.00479684191994649 0.039332146414226 0.0637266702339005 0.0750857689340145 0.137136666586525 0.215268083712211 0.289400728605138 0.340634662590379 0.356297510682939 0.382712003227169 0.412909371615847 0.421478533671685 0.428811902352487 0.43380646217242 0.448453501070467 0.467990573282554 0.46490255076258 0.458899658637284 0.447070061600113
-9999 -9999 -9999 -9999 -9999 -9999 -9999 -9999 -9999 -9999 -9999 -9999 -9999 -9999 -9999 -9999 -9999 -9999 -9999 -9999 -9999 -9999 0.480759388441811 0.496876385133205 0.51138339602287 0.456239663688263 0.349679383000294 0.201967958601693 0.0728506991698859 0.0314467240566612 0.00819671710147461 0.00108512218991367 0.0117051887846837 0.0217046450727502 0.0124679794809974 0.00548453109523096 0.000908380327422845 0.00170904233986242 0.0073017148873058 0.0383851679857511 0.0564314078638257 0.0577190152307492 0.141558973504767 0.248265727556216 0.306668162233752 0.342868337207258 0.344579300533548 0.374183004763832 0.414452227019913 0.428520872011335 0.439049226960225 0.442877382758692 0.455054939136881 0.471462377461115 0.469257271937058 0.46276755538901 0.447077951100776
-9999 -9999 -9999 -9999 -9999 -9999 -9999 -9999 -9999 -9999 -9999 -9999 -9999 -9999 -9999 -9999 -9999 -9999 -9999 -9999 -9999 -9999 0.455682070180551 0.454404709607954 0.478379070703124 0.42599460421754 0.317241645900216 0.205305364530183 0.103237816421315 0.0394112401948952 0.00642338422877988 0.000850359561602607 0.00371815662425352 0.00689448682450261 0.00396045731094804 0.00174216289867455 0.000288547275390236 0.006847354188141 0.0172450214554877 0.0413035875736043 0.0576181790943453 0.0639783100828058 0.126046659177289 0.205922853259717 0.283116368888602 0.337431922615955 0.35620862216372 0.382068286837423 0.410553606414279 0.429481409303467 0.447699305776271 0.464573664202535 0.472334337052694 0.475477934256257 0.462352931592253 0.450156254068709 0.440833332758717
-9999 -9999 -9999 -9999 -9999 -9999 -9999 -9999 -9999 -9999 -9999 -9999 -9999 -9999 -9999 -9999 -9999 -9999 -9999 -9999 -9999 -9999 0.399096685358303 0.412438970343722 0.442123059889016 0.393291092954834 0.286498156365332 0.210751479046685 0.141688140806824 0.0837302074695434 0.038685884480123 0.00512142985613913 0 0 0 0 0 0.00656687786499911 0.0158460401186057 0.0331244620922544 0.0439476835244429 0.0464730937732503 0.100664098317206 0.174369878989064 0.28333529004481 0.35614469044998 0.372788983326912 0.393351068594301 0.415525274131178 0.438024479427646 0.458253126133852 0.474184612281265 0.475697502311123 0.469905800972697 0.45474566967216 0.44315421858419 0.440304061113162
-9999 -9999 -9999 -9999 -9999 -9999 -9999 -9999 -9999 -9999 -9999 -9999 -9999 -9999 -9999 -9999 -9999 -9999 -9999 -9999 -9999 -9999 0.375558042417666 0.370913897537066 0.40303485688322 0.358446289743392 0.257230342978481 0.218034261964199 0.187161454446585 0.159713612408969 0.100593324556878 0.0133170447732322 0 0 0 0 0 0.0015666801622457 0.00456801626783133 0.0152794631596103 0.0173366267917367 0.0082691773378925 0.0666846312655022 0.152214821784896 0.304258314386381 0.395891204019649 0.39368166052758 0.407593045541167 0.428222892395468 0.453171875313767 0.470465090225897 0.473269331162868 0.466939739657457 0.455982865920543 0.446526168653192 0.441037809009297 0.444752810962828
-9999 -9999 -9999 -9999 -9999 -9999 -9999 -9999 -9999 -9999 -9999 -9999 -9999 -9999 -9999 -9999 -9999 -9999 -9999 -9999 -9999 -9999 0.373222051402673 0.37648996304777 0.388800168874518 0.349297643621 0.27154668526275 0.227068897852844 0.184288352823398 0.133016690423925 0.0746160909766152 0.00987804935085242 0 0 0 0 0 0.00040890577227486 0.00172471946477591 0.0089752612963837 0.00965760512927005 0.00189688565863849 0.0878976642876938 0.204802114595503 0.328916501297139 0.404535744963421 0.404822149796873 0.422661656751596 0.447425226826756 0.463151604672733 0.471656927755179 0.466495996262293 0.459427117218568 0.451391654667174 0.449784275965499 0.449746787703437 0.45309714077943
-9999 -9999 -9999 -9999 -9999 -9999 -9999 -9999 -9999 -9999 -9999 -9999 -9999 -9999 -9999 -9999 -9999 -9999 -9999 -9999 -9999 -9999 0.383250253777056 0.385347596953438 0.377453014653974 0.343503869253974 0.290321107075891 0.228108564272771 0.164548131308208 0.0999813538238006 0.0499228635513548 0.0127618684731063 0.00351872519275039 0 0 0 0 0 0.000518296206895237 0.00485462795251407 0.00574183048440434 0.00219536394919405 0.109284434534528 0.248898495822779 0.347427409816511 0.410303321950988 0.417795505430171 0.437963002783339 0.462778571531928 0.468711214828293 0.46892195822592 0.458303682424627 0.452094149969454 0.448118126819104 0.454058337858657 0.458869449488423 0.460613378648763
-9999 -9999 -9999 -9999 -9999 -9999 -9999 -9999 -9999 -9999 -9999 -9999 -9999 -9999 -9999 -9999 -9999 -9999 -9999 -9999 -9999 -9999 0.375463203774616 0.370528468954894 0.359235234305682 0.332403493175267 0.294101144082243 0.188785933391862 0.103451721293094 0.122527403803027 0.10543547673809 0.0561914724594541 0.0241527382396531 0 0 0 0 0 0.000175381249772131 0.00164271068582745 0.00419824033686016 0.00815259251177907 0.0850683892872367 0.188794295076435 0.332894222909511 0.42825139878659 0.44789109766411 0.453700721199343 0.453936083368036 0.457120012486893 0.456360880804782 0.448139283530499 0.444587174131486 0.443400669577072 0.453614949650137 0.460894060254073 0.460823358058969
-9999 -9999 -9999 -9999 -9999 -9999 -9999 -9999 -9999 -9999 -9999 -9999 -9999 -9999 -9999 -9999 -9999 -9999 -9999 -9999 -9999 -9999 0.435191154816306 0.36305255362547 0.354468060195762 0.323820975954814 0.276887170069072 0.171798769658415 0.0939521499620392 0.143660671459271 0.141131779216955 0.0921651660486549 0.0420230903066261 0 0 0 0 0.00127778691908973 0.00249093481624451 0.000896684116554213 0.00335780139304584 0.0110318748789313 0.0738204962222959 0.160957597010811 0.330148648501142 0.439936442611821 0.457446624280692 0.454052300161779 0.442542359007359 0.446376230492614 0.447158892074082 0.442166966330923 0.44019133600003 0.439743788240631 0.448586011839152 0.454850914497754 0.454693347319538
-9999 -9999 -9999 -9999 -9999 -9999 -9999 -9999 -9999 -9999 -9999 -9999 -9999 -9999 -9999 -9999 -9999 -9999 -9999 -9999 -9999 0.523625212634747 0.434001412303398 0.363263818599139 0.363781539881298 0.317874258062704 0.237695792531844 0.178193301492418 0.138466294412634 0.163314979845893 0.156083543818806 0.120333702667854 0.0570003271654985 0 0 0 0 0.00389321430681043 0.0075894837543366 0.00273205444437123 0.00325345036156176 0.0106890352085435 0.0761482039897963 0.166899862215634 0.339742836905449 0.445065083107291 0.445499956292178 0.438297028692724 0.428477894532761 0.436519563347702 0.441473337032696 0.440583094527575 0.43905236615979 0.437197161853725 0.438756730068203 0.440362105811553 0.441926371317606
-9999 -9999 -9999 -9999 -9999 -9999 -9999 -9999 -9999 -9999 -9999 -9999 -9999 -9999 -9999 -9999 -9999 -9999 -9999 -9999 -9999 0.523625212634747 0.436601062877002 0.365277378050701 0.355526909751031 0.306639637134009 0.228861367832288 0.169791527056174 0.130137083658388 0.15459134563912 0.141425186007266 0.0948154365247835 0.0435165323089813 0 0 0 0 0.00404551689651557 0.00788638444852354 0.00283893244653137 0.00798197298017243 0.0262243405421896 0.137561957613903 0.275064635559158 0.362850274541421 0.414833115298608 0.411199532231912 0.415878906533522 0.423893963654029 0.429614003496795 0.434262121384928 0.436881566344158 0.437305218347674 0.436616461754675 0.438617671644377 0.439338463830969 0.436952057311375
-9999 -9999 -9999 -9999 -9999 -9999 -9999 -9999 -9999 -9999 -9999 -9999 -9999 -9999 -9999 -9999 -9999 -9999 -9999 -9999 -9999 -9999 0.355466312002406 0.362851037998832 0.341866614839662 0.293231224770505 0.224183744157434 0.157358734836305 0.110622865131212 0.137854472480149 0.11836505021394 0.0573418310132145 0.0238317249980025 0 0 0 0 0.00339050579384896 0.00660949709251486 0.00237927986819208 0.0174147897909352 0.0572153500246837 0.211551070798783 0.388069710111035 0.37746235300702 0.370955976857354 0.370820105421226 0.391866309429775 0.420834669631551 0.423677497775304 0.427494225675148 0.43315411394885 0.435731247185201 0.43674662880213 0.439975928635059 0.440155085702028 0.433114331652243
-9999 -9999 -9999 -9999 -9999 -9999 -9999 -9999 -9999 -9999 -9999 -9999 -9999 -9999 -9999 -9999 -9999 -9999 -9999 -9999 -9999 -9999 0.332899597136782 0.326198807458532 0.319826194368505 0.273459811679977 0.197569815987445 0.141533370376797 0.10155167548642 0.112629089273718 0.0861626088814378 0.0263205695635446 0.00852908754505746 0 0 0 0 0.00121342121647451 0.00236545945942171 0.000851515628503767 0.0517536547155487 0.170033833606654 0.274348193769527 0.362879783664953 0.309631793429517 0.29078912320558 0.325392020211512 0.367876503841957 0.412515486047989 0.419577251432388 0.426410641395618 0.432811817956977 0.436398323539469 0.438558891314342 0.435529135383956 0.43121680302036 0.42413399666056
-9999 -9999 -9999 -9999 -9999 -9999 -9999 -9999 -9999 -9999 -9999 -9999 -9999 -9999 -9999 -9999 -9999 -9999 -9999 -9999 -9999 -9999 0.27860725137559 0.288359562118674 0.296744505995905 0.256021353229165 0.179046342854731 0.127751116224469 0.0877627105155794 0.0785219719007738 0.0508277411600975 0.00672882925117517 0.00331684979224443 0.00593582026635402 0.00202174097081383 0 0 0 0.00106069940495756 0.00993505434154733 0.0812376977300029 0.232788529652358 0.307749052609451 0.348956404043247 0.27717978242778 0.25453599499739 0.308215642191496 0.358261761930644 0.405758337444203 0.415926132783622 0.424463559505515 0.429915421402268 0.434515072576138 0.438682986080155 0.430814138685898 0.423667008883962 0.418727550009777
-9999 -9999 -9999 -9999 -9999 -9999 -9999 -9999 -9999 -9999 -9999 -9999 -9999 -9999 -9999 -9999 -9999 -9999 -9999 -9999 -9999 -9999 0.254495722904623 0.24902565692093 0.272351678676956 0.241520493914903 0.170710171835482 0.116541496349753 0.0680332388206471 0.033231193185067 0.0115485991273306 0.00152886100866279 0.0108101953122188 0.0193458795051715 0.00658920847616177 0 0 0 0.00345700542784802 0.032380084898858 0.104608668330361 0.23250413503797 0.304134858238144 0.349219583242595 0.289275570161297 0.273577950435338 0.326613119416522 0.366747746850903 0.400968064890954 0.412840544687433 0.421429182649598 0.423802964200549 0.429420512143452 0.436681381516137 0.425761426800074 0.417865565393674 0.41782125570899
