layers/veg/veg_800.asc
NCOLS 255 
NROWS 330 
XLLCORNER -2985163.8955 
YLLCORNER -3022031.214 
CELLSIZE 25000 
NODATA_value -9999 
[rows 200 to 224 of 330, columns 114 to 170 of 255]
0.318018000272762 0.312977487840992 0.295462517619969 0.279964918972979 0.272909124900657 0.268395529738279 0.265784871759846 0.260608537801038 0.252781052525252 0.236064923781788 0.218381148070718 0.199825342710386 0.178881874742364 0.160181963986543 0.155365942360699 0.150991769783947 0.14709613410191 0.140977699371769 0.134543006846597 0.129981264355385 0.12243736334055 0.111006679228751 0.103990315123482 0.0988866213270847 0.0998522753205169 0.102903541839672 0.10924126157251 0.115768838232395 0.122367169675395 0.128635739977914 0.135741081179629 0.144454101017077 0.154356697904582 0.16487117396182 0.180691499579245 0.201472416870022 0.233750611812282 0.280816934452538 0.337163419424801 0.372607607713239 0.406635558503825 0.44095669019338 0.455766070595493 -9999 -9999 -9999 -9999 -9999 -9999 -9999 -9999 -9999 -9999 -9999 -9999 -9999 -9999
0.317552779375353 0.312774807028598 0.295080972688675 0.279652698994938 0.2734845512237 0.265734400699581 0.256800058076336 0.25609689233843 0.251964991024797 0.230897080814144 0.213500747598715 0.199413187217354 0.177573416522196 0.155152950565558 0.137138465478573 0.133004607735864 0.14390392098156 0.141160885065728 0.135238291672465 0.131383744337431 0.123537050491743 0.110487210181739 0.10438889287859 0.100900180883928 0.101639889719641 0.10202967211306 0.101868049647407 0.111829780398857 0.125749536903404 0.12953080538937 0.133725468499715 0.13871438211086 0.148693507658873 0.161239433513413 0.180848545467094 0.204149771587957 0.235844855954518 0.267363936963565 0.298772568579554 0.323869240146116 0.359228796000446 0.426666898582104 -9999 -9999 -9999 -9999 -9999 -9999 -9999 -9999 -9999 -9999 -9999 -9999 -9999 -9999 -9999
0.308435899799735 0.304411840861052 0.292243555664204 0.280692005088529 0.272593617334641 0.263005438543844 0.252302091797716 0.248377558903777 0.242513893173896 0.226071670033364 0.20883061704944 0.190869670001385 0.175116906946465 0.15937381879979 0.141570370101568 0.137487407819976 0.148264178692329 0.146000941166727 0.140687953343614 0.137271191889849 0.130639441278651 0.119817448795651 0.110142879956817 0.101546602168303 0.102224310509584 0.104250226487322 0.108400612501991 0.118306731116024 0.130269992095972 0.128706073241854 0.133699174143377 0.15129020428137 0.163525566246904 0.173006149281075 0.188847340892572 0.208307210331829 0.236023484394044 0.264294534591447 0.292913729780399 0.310100232792086 0.322377598710411 0.322443355879291 -9999 -9999 -9999 -9999 -9999 -9999 -9999 -9999 -9999 -9999 -9999 -9999 -9999 -9999 -9999
0.299643525491709 0.296172663387652 0.289374201946632 0.281543822749448 0.271351090175276 0.260518826403227 0.24920784804595 0.241615879566724 0.233647643547367 0.222494514046366 0.205626150740949 0.183607300226087 0.173544101810287 0.164400408168471 0.148585511005775 0.143949510437451 0.15142061856074 0.149643108642201 0.145736529202271 0.143433364231312 0.137965963507252 0.128374470136024 0.11542890760746 0.10238599984757 0.102689294119186 0.106655344649335 0.116393069892948 0.125350947217041 0.13362924622118 0.127636563637695 0.133328622667359 0.161470445991576 0.176199490771229 0.184029444988174 0.195334726521968 0.210702277477066 0.23553068784128 0.249464866483474 0.256562463718777 0.286961637634997 0.311011691203584 -9999 -9999 -9999 -9999 -9999 -9999 -9999 -9999 -9999 -9999 -9999 -9999 -9999 -9999 -9999 -9999
0.300130292689815 0.295777217481839 0.288520646091387 0.28026438943517 0.269655072054177 0.259300006472479 0.24913525849381 0.242467306613834 0.235343198253966 0.224834604180988 0.209539405501386 0.189930587003809 0.177391845879444 0.165250392276695 0.148406436654326 0.140375528089993 0.1418894362019 0.143191580100619 0.144575814748036 0.146992648707108 0.141093347376538 0.124355247967393 0.113640107735119 0.10539782337022 0.103624641579518 0.107239751960648 0.119345591039451 0.125997510129797 0.130193908089607 0.126870312350123 0.129480748225381 0.14349217314069 0.159967807041058 0.17771094870627 0.187345458482474 0.203004024833582 0.233388428481571 0.249464866483474 0.256562463718777 0.286961637634997 -9999 -9999 -9999 -9999 -9999 -9999 -9999 -9999 -9999 -9999 -9999 -9999 -9999 -9999 -9999 -9999 -9999
0.302129213734954 0.295999807603821 0.287843174207818 0.279121186547432 0.269146066615797 0.25906987292704 0.248918021503559 0.243762656756412 0.237883882305889 0.226896330498127 0.212239334210431 0.194275486881042 0.178547741980685 0.162738712776215 0.144372269298833 0.135217493345784 0.136039253002185 0.141176741699267 0.146552302376007 0.145429728180249 0.13760637753186 0.121049599586996 0.113691250348703 0.109393193303212 0.105488058760224 0.107141637595775 0.117554490371971 0.123117932671636 0.126589293066441 0.127040842473966 0.130224136776516 0.138655902208043 0.152326878215594 0.168692731210863 0.18076190295875 0.189186975987468 -9999 -9999 0.257041899631802 -9999 -9999 -9999 -9999 -9999 -9999 -9999 -9999 -9999 -9999 -9999 -9999 -9999 -9999 -9999 -9999 -9999 -9999
0.305732812918797 0.296878249578893 0.287352560361532 0.278122549629435 0.26989670371052 0.259888920608531 0.248547286519562 0.245529092356305 0.24132140670741 0.228662660726172 0.213651696979275 0.196520948122887 0.176847083773449 0.156659679257396 0.136247127021449 0.128378482650214 0.134095298583896 0.143870061591588 0.151857948348469 0.138431189838551 0.127100340925381 0.118501186497558 0.115694916172425 0.114432289988064 0.108336331545666 0.10631924004033 0.110729519481495 0.116496460578675 0.122805043591492 0.1282054729366 0.135839714337082 0.147765754031591 0.153802347577773 0.156809604420416 0.175670071407278 -9999 -9999 -9999 -9999 -9999 -9999 -9999 -9999 -9999 -9999 -9999 -9999 -9999 -9999 -9999 -9999 -9999 -9999 -9999 -9999 -9999 -9999
0.306093789440932 0.293215000101914 0.285014718663955 0.277303981969907 0.270089483689899 0.26076215752035 0.249853295484919 0.245229115006286 0.240002888954749 0.229523311009106 0.215880110877064 0.199385899541601 0.178937968331221 0.15781003021894 0.136944239365909 0.128786650293899 0.1343924571831 0.137026340791026 0.137684504693822 0.129027117814116 0.121422544144076 0.115190149905537 0.113700284739784 0.113286783138094 0.106434552044456 0.103112867248525 0.10535452419659 0.111627967520028 0.119497309593834 0.124114314806794 0.131252262083756 0.143233667351554 0.146328550378978 0.144852499686728 0.144556155753938 -9999 -9999 -9999 -9999 -9999 -9999 -9999 -9999 -9999 -9999 -9999 -9999 -9999 -9999 -9999 -9999 -9999 -9999 -9999 -9999 -9999 -9999
0.304548752409913 0.290642455952955 0.283402397186827 0.27668820388009 0.270176565457112 0.261717911275472 0.251801838215082 0.244862279428011 0.238087415825047 0.230537727175955 0.21859397647276 0.202690359702548 0.182321801401069 0.161213833404305 0.140549408280145 0.131685350075316 0.135601473142148 0.129581139080207 0.12190863896172 0.120793981597104 0.117648379581613 0.111855754855101 0.110720626564321 0.110593192011374 0.103488611999954 0.0995595990250522 0.100634560836315 0.107172404624383 0.115841817238552 0.118867144399147 0.124569441689697 0.135414971961406 0.137196305531966 0.134315315504798 -9999 -9999 -9999 -9999 -9999 -9999 -9999 -9999 -9999 -9999 -9999 -9999 -9999 -9999 -9999 -9999 -9999 -9999 -9999 -9999 -9999 -9999 -9999
0.294945834512919 0.30404619039048 0.290331845408952 0.277222747992157 0.270488406736549 0.263175642640046 0.255429905998523 0.247681852740625 0.240293458212162 0.234275955009662 0.223377602270163 0.208080697525302 0.188343585641572 0.168111683267424 0.149564668768283 0.139765318397889 0.13943997286423 0.134718433008957 0.129121196437414 0.125323757428878 0.119097867383891 0.109706866441707 0.107702770312136 0.107663356359123 0.101411299968157 0.0977266369848097 0.098087604822717 0.102596299093482 0.108818505818367 0.114576151965841 0.12082158366516 0.128004192328057 0.131939303778202 0.134204009853465 -9999 -9999 -9999 -9999 -9999 -9999 -9999 -9999 -9999 -9999 -9999 -9999 -9999 -9999 -9999 -9999 -9999 -9999 -9999 -9999 -9999 -9999 -9999
0.29453768135667 0.308330099153601 0.295961827674793 0.282864550612217 0.272894849693214 0.26508287575384 0.258886046438391 0.250686985516757 0.242992560424191 0.23816324649404 0.228805746209912 0.215367508952238 0.196332097011253 0.176396087909688 0.157152173807421 0.144564677979645 0.139186299694532 0.135921669665747 0.132484540689143 0.123664275862156 0.115447311322647 0.108016655539425 0.105921379355253 0.105278365174486 0.100588079123569 0.097303443479683 0.0962337946756474 0.0986327439569265 0.10254458622645 0.109279518308214 0.115954491169441 0.122514265046137 0.124437788751603 0.123976578399437 -9999 -9999 -9999 -9999 -9999 -9999 -9999 -9999 -9999 -9999 -9999 -9999 -9999 -9999 -9999 -9999 -9999 -9999 -9999 -9999 -9999 -9999 -9999
0.305868156633845 0.300971051518391 0.29993282806858 0.295026608141364 0.277975395957387 0.26756397173015 0.262122693366394 0.25392901544643 0.246321134541515 0.242240842228444 0.235056723490687 0.225075480637319 0.206831458810532 0.186450657620215 0.162916914351526 0.145175801306346 0.133708295243242 0.132102435617367 0.130933731607844 0.114103189966418 0.105285711031772 0.106912021867831 0.105718539571959 0.103588957502821 0.101365911800563 0.0986800512177053 0.0952648991519267 0.0954512100768906 0.0972273884725701 0.102699018341607 0.109658511915057 0.119476621500086 0.123264945161425 0.123951745971024 -9999 -9999 -9999 -9999 -9999 -9999 -9999 -9999 -9999 -9999 -9999 -9999 -9999 -9999 -9999 -9999 -9999 -9999 -9999 -9999 -9999 -9999 -9999
0.31671754790074 0.303664725460043 0.300688757498718 0.296728843743819 0.287847247107258 0.276983299541931 0.26463548331502 0.256480360100966 0.249097157144214 0.242678932940823 0.235705019270152 0.228230326175297 0.212645386104592 0.195193017847171 0.175834809485954 0.157424359320075 0.140040362112899 0.134029623804016 0.129989304230519 0.119046865158488 0.111724536460645 0.109120462577253 0.110900040790076 0.113603296714389 0.109411625069612 0.104152890263584 0.0972127054699648 0.0946507032678137 0.0940581252296026 0.0994312947767528 0.106013403176245 0.114918232366677 0.117751856338621 0.117462652740726 -9999 -9999 -9999 -9999 -9999 -9999 -9999 -9999 -9999 -9999 -9999 -9999 -9999 -9999 -9999 -9999 -9999 -9999 -9999 -9999 -9999 -9999 -9999
0.326774105357434 0.309912695040848 0.301208454296876 0.295692965929226 0.297905623076149 0.287564844930267 0.26782732024677 0.259310492379546 0.251709165834356 0.2423091263348 0.234882951194809 0.229235594469783 0.216928617971382 0.203467775569966 0.190404708732469 0.172805019588316 0.150292020897392 0.138143751691963 0.129579408186825 0.128336137304353 0.123217511797666 0.113047960014319 0.118044951343616 0.126768482008012 0.118666851973497 0.109756063064081 0.0995702229397364 0.0945808623546131 0.0919576527843216 0.097565576474798 0.103556905278371 0.11028486606777 0.112570072345108 -9999 -9999 -9999 -9999 -9999 -9999 -9999 -9999 -9999 -9999 -9999 -9999 -9999 -9999 -9999 -9999 -9999 -9999 -9999 -9999 -9999 -9999 -9999 -9999
0.328987462954352 0.32023810724234 0.31148351293223 0.302206067586927 0.291393074764134 0.285106574968338 0.282208335571939 0.26828349709916 0.254482067088843 0.246344723355704 0.23805865332413 0.229638553273133 0.220857785635747 0.211165460582271 0.197103950621497 0.180839559189963 0.162189375459871 0.146494762393463 0.133347158581134 0.133894962013897 0.13143211628536 0.125045354313491 0.128106880430698 0.132556697896302 0.114165410062154 0.100834472724132 0.0954775022400864 0.0941113020012661 0.0945276913573994 0.099877111850538 0.105262584967719 0.110717325591083 -9999 -9999 -9999 -9999 -9999 -9999 -9999 -9999 -9999 -9999 -9999 -9999 -9999 -9999 -9999 -9999 -9999 -9999 -9999 -9999 -9999 -9999 -9999 -9999 -9999
0.331298612609759 0.328141336068766 0.319702882446795 0.308651461004244 0.290984696906292 0.284991451771331 0.287736300738798 0.274950277868693 0.261196845237604 0.251074731338223 0.241175959855147 0.231478461372945 0.224633278049599 0.217124921819768 0.203461144188123 0.18919021411808 0.174261718204934 0.156218686744225 0.139406852760011 0.137963516291312 0.135911530971143 0.133066265867507 0.133967577601832 0.134257528944212 0.110102568242522 0.094608975134267 0.0927637366514554 0.0941944136490785 0.0970320016251462 0.101654448316284 0.104694563763122 -9999 -9999 -9999 -9999 -9999 -9999 -9999 -9999 -9999 -9999 -9999 -9999 -9999 -9999 -9999 -9999 -9999 -9999 -9999 -9999 -9999 -9999 -9999 -9999 -9999 -9999
0.333760601957134 0.332308459941189 0.324751447311666 0.314992417616765 0.299991717448372 0.288490523241207 0.27960884869201 0.278059815692199 0.273991784758277 0.256875835861368 0.244203193897699 0.235534796783926 0.228171733552596 0.220403253906156 0.20929074416089 0.198028462202611 0.186603972065141 0.168060266405161 0.149001763395232 0.139733397891176 0.134629589490952 0.134953638137661 0.133348070369093 0.129653759395712 0.106716246620464 0.092542074941992 0.092176945046156 0.0951299960977083 0.0994349290456267 0.102607807863273 -9999 -9999 -9999 -9999 -9999 -9999 -9999 -9999 -9999 -9999 -9999 -9999 -9999 -9999 -9999 -9999 -9999 -9999 -9999 -9999 -9999 -9999 -9999 -9999 -9999 -9999 -9999
0.332507683056004 0.331860446828103 0.327196064607844 0.320415712539122 0.308226003430282 0.29740498504564 0.287608486206741 0.28145908070723 0.274147218859468 0.260690052656048 0.248063927146591 0.236186723660496 0.228273251703686 0.220984854559608 0.213140675002044 0.203984491362546 0.193407364619254 0.17934114680836 0.164404012141969 0.149556370206842 0.139481434225836 0.135626983400907 0.132942307891418 0.129682013138809 0.113693992170676 0.101611894879157 0.0956846491053958 0.0985157128212931 0.104844759434492 0.105361653814443 -9999 -9999 -9999 -9999 -9999 -9999 -9999 -9999 -9999 -9999 -9999 -9999 -9999 -9999 -9999 -9999 -9999 -9999 -9999 -9999 -9999 -9999 -9999 -9999 -9999 -9999 -9999
0.329461600488973 0.329455455461911 0.32844492722722 0.325260446250052 0.315889284687275 0.308233931808782 0.301862930100881 0.285357349946342 0.270012424498443 0.263861866802709 0.252169407637109 0.235482665890367 0.227148565114587 0.220732926444025 0.216255377116027 0.208797562821488 0.198112024612062 0.19037047046507 0.181958565613022 0.16277545456169 0.1471925131631 0.136301836928029 0.132972002882745 0.131715752922167 0.124930170662932 0.115368400880617 0.101431988016481 0.103218278169351 0.111341575445263 -9999 -9999 -9999 -9999 -9999 -9999 -9999 -9999 -9999 -9999 -9999 -9999 -9999 -9999 -9999 -9999 -9999 -9999 -9999 -9999 -9999 -9999 -9999 -9999 -9999 -9999 -9999 -9999
0.316974635698229 0.3242669524245 0.325096937061505 0.323292193384045 0.315046097812171 0.309712632517505 0.306559387045886 0.301859138714165 0.293588316028854 0.272447280226765 0.25318640240294 0.235619896139435 0.231589508127497 0.229096880782444 0.221619724734221 0.214489329302105 0.207734486898299 0.200605614156691 0.192765751815246 0.180234414505316 0.167137680494757 0.15330403919987 0.144524262113036 0.137909393766296 0.137913845996128 0.134663154481422 0.126283093302746 0.118581201757343 -9999 -9999 -9999 -9999 -9999 -9999 -9999 -9999 -9999 -9999 -9999 -9999 -9999 -9999 -9999 -9999 -9999 -9999 -9999 -9999 -9999 -9999 -9999 -9999 -9999 -9999 -9999 -9999 -9999
0.307090265257755 0.315289756117461 0.319162101998582 0.320184354038747 0.313702186809624 0.310407190632294 0.309497918987507 0.310914659919271 0.307309581626242 0.283482682362208 0.268192079216447 0.260594264411075 0.247704557477805 0.234555175147451 0.225120483728305 0.218203760975337 0.214014080204207 0.208393393407773 0.202272056414659 0.195095518004785 0.18492824438332 0.170863009276632 0.158839940139855 0.148402577104804 0.150055147083103 0.148766772192495 0.142844133939694 0.141104418978142 -9999 -9999 -9999 -9999 -9999 -9999 -9999 -9999 -9999 -9999 -9999 -9999 -9999 -9999 -9999 -9999 -9999 -9999 -9999 -9999 -9999 -9999 -9999 -9999 -9999 -9999 -9999 -9999 -9999
0.302094879146646 0.299195483719765 0.308367868019479 0.314935796744591 0.311417663447661 0.309628733617646 0.309134181486769 0.305982336486732 0.302518891354169 0.299120398498619 0.285594705104457 0.262942522991442 0.247704557477805 0.234555175147451 0.225120483728305 0.218203760975337 0.214014080204207 0.211583788361607 0.20933464950373 0.205076537351261 0.198671376727972 0.189467869994427 0.17834671188833 0.166972468930854 0.160614044639228 0.153118819508482 0.143832253596568 -9999 -9999 -9999 -9999 -9999 -9999 -9999 -9999 -9999 -9999 -9999 -9999 -9999 -9999 -9999 -9999 -9999 -9999 -9999 -9999 -9999 -9999 -9999 -9999 -9999 -9999 -9999 -9999 -9999 -9999
0.297077935250377 0.294505713373323 0.299249582998235 0.304679104079633 0.31064986144696 0.310868766364227 0.306782180526626 0.304103887572082 0.301994829390731 0.301390389517985 0.293948803762997 0.280345679631681 0.267013274725881 -9999 -9999 -9999 -9999 -9999 0.211697581848162 0.208415887806081 0.203269417634682 0.195692499758497 0.184873094099316 0.173185399149968 0.164146735853668 0.158617178793406 -9999 -9999 -9999 -9999 -9999 -9999 -9999 -9999 -9999 -9999 -9999 -9999 -9999 -9999 -9999 -9999 -9999 -9999 -9999 -9999 -9999 -9999 -9999 -9999 -9999 -9999 -9999 -9999 -9999 -9999 -9999
0.292050152361552 0.295549988149139 0.290973944758391 0.291904381774669 0.31064464852593 0.31312367124794 0.303430504846806 0.303760889675336 0.303615976322136 0.296939250701204 0.297753412826062 0.305318256172791 0.28109959915423 0.255883205255867 -9999 -9999 -9999 -9999 0.211697581848163 0.208415887806081 0.203269417634682 0.195692499758497 0.184873094099316 0.173185399149968 0.164146735853668 -9999 -9999 -9999 -9999 -9999 -9999 -9999 -9999 -9999 -9999 -9999 -9999 -9999 -9999 -9999 -9999 -9999 -9999 -9999 -9999 -9999 -9999 -9999 -9999 -9999 -9999 -9999 -9999 -9999 -9999 -9999 -9999
0.285573996291233 0.288949698776326 0.288241418818896 0.289612918766868 0.297919381705426 0.30327403247296 0.30641913420863 0.305304848714994 0.302776760647156 0.296870430227482 0.295174949026739 0.297274225098438 0.289775315540174 0.279273664643374 0.262417243144668 0.253653072359253 -9999 -9999 -9999 -9999 -9999 -9999 -9999 -9999 -9999 -9999 -9999 -9999 -9999 -9999 -9999 -9999 -9999 -9999 -9999 -9999 -9999 -9999 -9999 -9999 -9999 -9999 -9999 -9999 -9999 -9999 -9999 -9999 -9999 -9999 -9999 -9999 -9999 -9999 -9999 -9999 -9999
