layers/veg/veg_3600.asc
NCOLS 255 
NROWS 330 
XLLCORNER -2985163.8955 
YLLCORNER -3022031.214 
CELLSIZE 25000 
NODATA_value -9999 
[rows 200 to 224 of 330, columns 114 to 170 of 255]
0.332218368768761 0.328214945605816 0.321679382505714 0.314572643723883 0.306297378310326 0.29487146421486 0.28108716403603 0.255893352966931 0.230162256117246 0.207759288712659 0.184151524104966 0.15945801343737 0.140984278957804 0.121900379122555 0.0937168437186361 0.0760923551072549 0.0699036576866994 0.0605107697385246 0.0510883109360586 0.0476106523947881 0.0435163403702628 0.0386183157609055 0.0304982678307496 0.0224483456906925 0.0293864108405569 0.0359256143271817 0.0418363021241462 0.0480870692665677 0.0544642505880769 0.0602377090670297 0.0667981985517036 0.0748708019671696 0.0878865905700298 0.103444990471717 0.116033208134319 0.129498622305221 0.145202264439983 0.165764101130689 0.189374656025642 0.208990643906579 0.224588175729846 0.229026946586284 0.23094225190679 -9999 -9999 -9999 -9999 -9999 -9999 -9999 -9999 -9999 -9999 -9999 -9999 -9999 -9999
0.337750114104661 0.329373212964138 0.325203663859744 0.319096109368714 0.306445399220998 0.294542525079867 0.283199435988938 0.262368516179839 0.239769261489222 0.214904343415509 0.193052283960719 0.173915369732119 0.145530194837863 0.115612515406918 0.0866085809335675 0.0684935905064693 0.0621716807284238 0.0536016160370271 0.0446684168237113 0.0373001899789148 0.0324709004638936 0.0309507236668757 0.0276851844160005 0.0243654652434298 0.0279440566653208 0.031061023094068 0.033450573033164 0.0437798781629087 0.0570540630972974 0.0559728101855131 0.0576565972835844 0.0646528250449918 0.0773486397183044 0.092976133770697 0.115869243381444 0.136659725580553 0.152077538011868 0.165764331746576 0.178364839588145 0.187420703657324 0.199514867432571 0.22146911450383 -9999 -9999 -9999 -9999 -9999 -9999 -9999 -9999 -9999 -9999 -9999 -9999 -9999 -9999 -9999
0.33970230756841 0.331215656208435 0.325690262960976 0.31934044668502 0.309971197556117 0.298158599174344 0.284517056515839 0.263263420531566 0.241798946890563 0.223117145726611 0.20126125922067 0.176544932264689 0.148897747036125 0.11962034187742 0.0847137438541646 0.0636117898329708 0.05746071436862 0.049517444614191 0.0411551220821283 0.0330541682657425 0.0298027100344456 0.0328718203844687 0.0315464337435704 0.0290720566403725 0.0305559147359186 0.032958229434407 0.0368078238251393 0.0475667040581327 0.0607488688976155 0.0558388930893588 0.0575433019853815 0.0719558547566163 0.087912116543811 0.104662411295033 0.119093256651 0.134230040870839 0.151164358486499 0.164907977547286 0.17664930117579 0.18657051806747 0.193901685047463 0.193877034192056 -9999 -9999 -9999 -9999 -9999 -9999 -9999 -9999 -9999 -9999 -9999 -9999 -9999 -9999 -9999
0.34110739237778 0.333632234202423 0.326207437388052 0.319119019315202 0.313009036829315 0.301246673180389 0.285253276998599 0.264219319087183 0.244225931123759 0.230570021940872 0.208517437499441 0.178897889045517 0.15355850267053 0.126460208807923 0.0861755768750035 0.0611444014330556 0.0526332156072506 0.0455967854903263 0.0387749062721511 0.0307463417727369 0.0288732979744928 0.0350230248052417 0.0361287540224148 0.0354855449129218 0.0336890226444624 0.0351758639079574 0.0418365428321846 0.0520781403751314 0.0633659505648043 0.0568518962385623 0.0599660648882377 0.081578831413755 0.0996990409400969 0.116022794426202 0.120532615850245 0.129310490499815 0.148840165069705 0.153290217146559 0.148277181840167 0.175781675306037 0.198162503256213 -9999 -9999 -9999 -9999 -9999 -9999 -9999 -9999 -9999 -9999 -9999 -9999 -9999 -9999 -9999 -9999
0.342956129963943 0.338304020293102 0.329567187948057 0.320366164711164 0.310623797851229 0.298209779027743 0.283795922251327 0.270421118724339 0.25534336634705 0.233290299477388 0.211638134251766 0.190347255871185 0.16570733509846 0.138295176906616 0.0997478465171531 0.0683027325169674 0.0445495499207815 0.039989129218113 0.0394671158428339 0.0327265058380157 0.0291898582568175 0.0298290809027684 0.0383935636249204 0.0479347319001653 0.03582924890816 0.0330019787299757 0.0447950716073136 0.0530324149347827 0.0596337449810643 0.0599219731977172 0.0670313523698323 0.0872461331192808 0.0988951705050335 0.106138272237207 0.110077959586902 0.120476750674271 0.146381923868888 0.153290217146559 0.148277181840167 0.175781675306037 -9999 -9999 -9999 -9999 -9999 -9999 -9999 -9999 -9999 -9999 -9999 -9999 -9999 -9999 -9999 -9999 -9999
0.342754928003503 0.341706351877514 0.333146814434333 0.323347020128979 0.311415320411567 0.298114109890354 0.283787765961137 0.274394225926563 0.262425754872098 0.238326780289938 0.216880565157424 0.197824979014503 0.173592838382348 0.146978153239973 0.112990068912604 0.080803085968494 0.0505667544171789 0.0426458671271385 0.0398072120371315 0.0326821003100937 0.0283835830494004 0.0277690951609665 0.036795026553998 0.0474493833023955 0.0376045779634669 0.0353940570492323 0.0452134401906451 0.0532370714946339 0.0604508673162312 0.0651350773164482 0.0751294055964379 0.0953260051549772 0.103341376996608 0.105091127371016 0.106378832016508 0.107277678005266 -9999 -9999 0.147938556094092 -9999 -9999 -9999 -9999 -9999 -9999 -9999 -9999 -9999 -9999 -9999 -9999 -9999 -9999 -9999 -9999 -9999 -9999
0.340378356663451 0.343761554730096 0.336959770414699 0.328167666237651 0.315577981300575 0.301139630764314 0.285317480362666 0.276002273492003 0.265226203938395 0.245821186113978 0.224374552952399 0.201088045160924 0.176954151823415 0.152316276608055 0.125882049431175 0.0989723245844411 0.0715476202920224 0.0540726734377807 0.0397736500626267 0.0304892476695556 0.0263857693174592 0.0290348253560071 0.0310967558738003 0.0332380725426043 0.0389926828125022 0.0426314768795425 0.0429362235750398 0.0526462431115894 0.0660956777015122 0.0726223341877995 0.0843234164973708 0.105966065675795 0.113358897337768 0.113422093218354 0.109848584272871 -9999 -9999 -9999 -9999 -9999 -9999 -9999 -9999 -9999 -9999 -9999 -9999 -9999 -9999 -9999 -9999 -9999 -9999 -9999 -9999 -9999 -9999
0.339924469738331 0.339076319868986 0.336410421185898 0.33144224826958 0.320074123444205 0.306585964175816 0.291510874649106 0.27877001265257 0.265533504459949 0.24930973667841 0.23126591072185 0.21158187429067 0.186548680742563 0.160698383216031 0.135734909964072 0.10873329482511 0.079524305716225 0.058707552050492 0.0416137312816627 0.036697202397028 0.0340091672697976 0.0342256296061854 0.0326478536162296 0.0307498872663011 0.032440491652508 0.035431658045691 0.0404722157494382 0.0521557300641937 0.0665386027880802 0.07837019878771 0.0907505497756256 0.104185217628247 0.10717721880501 0.104797856928728 0.104464147993092 -9999 -9999 -9999 -9999 -9999 -9999 -9999 -9999 -9999 -9999 -9999 -9999 -9999 -9999 -9999 -9999 -9999 -9999 -9999 -9999 -9999 -9999
0.339817096082211 0.333852195524998 0.334591757655364 0.33316334781144 0.324012894853989 0.312273425914659 0.298595975347503 0.282306999714533 0.266269915030699 0.252422341896681 0.238106928460172 0.22336990401412 0.197713839383468 0.170482462757073 0.145540250507095 0.117650199645981 0.0865675436677991 0.063899600134263 0.0456775967542221 0.045092771553409 0.0434466364784916 0.0404172478821287 0.0363003126876378 0.0317664688398994 0.026456632061566 0.0278864330779302 0.0399363775851201 0.0525541060873356 0.0655086806394489 0.0825087244556626 0.0949879554124884 0.0987813988291909 0.0974773515912618 0.0935513234153771 -9999 -9999 -9999 -9999 -9999 -9999 -9999 -9999 -9999 -9999 -9999 -9999 -9999 -9999 -9999 -9999 -9999 -9999 -9999 -9999 -9999 -9999 -9999
0.338806162124652 0.336695988045985 0.331320492272824 0.326368364230511 0.323318264093757 0.315408323791676 0.303860599474163 0.289360772732991 0.274546640763023 0.259926028237998 0.245653595908766 0.231694938607186 0.209192334820989 0.185023016284276 0.160400287071286 0.135385511928161 0.109946138288379 0.0851974893018097 0.0625352780108307 0.0544239444671964 0.0489433775515614 0.046891608662848 0.0423086535978216 0.0373656957364579 0.0386996984930473 0.0434858075660328 0.0537116547291807 0.0592187275333395 0.0630421138136543 0.078069668267155 0.0882653520447019 0.0891776163536608 0.0910495992261527 0.0934152296499354 -9999 -9999 -9999 -9999 -9999 -9999 -9999 -9999 -9999 -9999 -9999 -9999 -9999 -9999 -9999 -9999 -9999 -9999 -9999 -9999 -9999 -9999 -9999
0.339780017350072 0.336844681302328 0.329705433695585 0.32352539500057 0.321011241633177 0.315575080136738 0.30795167912147 0.295467206065848 0.281918517497899 0.266606450796016 0.252349093844597 0.239042226280896 0.219281982557666 0.19775891491973 0.173287446492968 0.14945481743115 0.126314072184747 0.101169982730312 0.0770716455641347 0.0647906188037213 0.0568866801681432 0.0546875999439364 0.0489923469775806 0.0428492607209197 0.0460306233042602 0.0513723221395599 0.060118221865639 0.0630689206654063 0.0638321860617877 0.0735478276478602 0.0806432750152842 0.0827045723294098 0.083351358630228 0.0832705671550965 -9999 -9999 -9999 -9999 -9999 -9999 -9999 -9999 -9999 -9999 -9999 -9999 -9999 -9999 -9999 -9999 -9999 -9999 -9999 -9999 -9999 -9999 -9999
0.343287782185427 0.333552637383673 0.330204795317721 0.325727821638586 0.316645736156099 0.311952515975643 0.310544536358346 0.300364204586281 0.288135205767503 0.272235841823885 0.257957934000057 0.245141259310594 0.227598537934668 0.208190874974685 0.183655903982226 0.158843862739483 0.133731745401835 0.110343733221482 0.0886444746464919 0.0764792809002954 0.0679534207092999 0.0641708697805451 0.0565382387849738 0.0481851642645196 0.0470903919827707 0.0494121033545886 0.0571174195639672 0.0633260334782548 0.0687798933455629 0.0689202990963038 0.0718728720202494 0.0802284305030956 0.0831459084201362 0.0832662171908922 -9999 -9999 -9999 -9999 -9999 -9999 -9999 -9999 -9999 -9999 -9999 -9999 -9999 -9999 -9999 -9999 -9999 -9999 -9999 -9999 -9999 -9999 -9999
0.347100877664986 0.336336929695524 0.331337697722643 0.326012228698394 0.318566687853822 0.312852497910477 0.308434293106421 0.301532879738996 0.292835706431072 0.278468896188261 0.265175311631888 0.25284890276071 0.235752612481161 0.217087862861728 0.19487087875028 0.171449790884572 0.146724619480231 0.126351962205192 0.107459826732428 0.0914556268185142 0.0788974833733442 0.0708307423562472 0.0645358835222948 0.0591698964576739 0.0583741898422823 0.058048797399051 0.0584645136246031 0.0635720592863187 0.0704560737494736 0.0703135311392431 0.0733586736001505 0.0825282799868828 0.0857581985407798 0.0859329377269714 -9999 -9999 -9999 -9999 -9999 -9999 -9999 -9999 -9999 -9999 -9999 -9999 -9999 -9999 -9999 -9999 -9999 -9999 -9999 -9999 -9999 -9999 -9999
0.350439789514829 0.34066747422448 0.332666544918709 0.325846979158351 0.322142469464025 0.315042731731048 0.305401530520348 0.301567609477004 0.296599694667948 0.284577323963255 0.272643596299277 0.260789752479604 0.243698704143648 0.225431647263173 0.206088439272745 0.184889710704452 0.161681392985202 0.14437136763978 0.128014388733734 0.107553971236613 0.0903192925858314 0.0772888663662536 0.0730619376105957 0.0718602077867445 0.0723099062158754 0.0695028267906396 0.0615638027142641 0.0642765143201191 0.0713115635250032 0.074015337525681 0.0784587638113474 0.0862445647121725 0.0888890749359401 -9999 -9999 -9999 -9999 -9999 -9999 -9999 -9999 -9999 -9999 -9999 -9999 -9999 -9999 -9999 -9999 -9999 -9999 -9999 -9999 -9999 -9999 -9999 -9999
0.346753111492427 0.340067645475277 0.333907826923116 0.327709919979616 0.321294184202384 0.315275296270439 0.30955346476402 0.302353082836983 0.294830759737653 0.286778758146347 0.276861103264464 0.265262148239978 0.249730118135977 0.233024003467276 0.214005312613673 0.195908416864586 0.178809855202191 0.16018574944596 0.141417485011388 0.124489492361859 0.10809140874938 0.0923839797321615 0.0862991716283247 0.0832598420475946 0.0785662882927146 0.073841148877281 0.0690662376109631 0.0706547393341436 0.074966736174526 0.0823678883119307 0.0875720491664184 0.0885551550680798 -9999 -9999 -9999 -9999 -9999 -9999 -9999 -9999 -9999 -9999 -9999 -9999 -9999 -9999 -9999 -9999 -9999 -9999 -9999 -9999 -9999 -9999 -9999 -9999 -9999
0.344207752393972 0.340086160791053 0.334757041981997 0.328919867515267 0.321832827437195 0.316087896499199 0.311347587732023 0.303303463903127 0.295140102333524 0.288078870314063 0.27944507422824 0.269394105829435 0.255291525682387 0.239848729977824 0.221347542395145 0.20548822641843 0.19249014333824 0.174308922772972 0.155284166840785 0.139819315072323 0.123996842123996 0.107708265195616 0.0990074421136053 0.0926881655121744 0.084800743476575 0.0789080914582499 0.0761587454246051 0.0769084860205188 0.0792782619259436 0.0882660028230792 0.0941771082958461 -9999 -9999 -9999 -9999 -9999 -9999 -9999 -9999 -9999 -9999 -9999 -9999 -9999 -9999 -9999 -9999 -9999 -9999 -9999 -9999 -9999 -9999 -9999 -9999 -9999 -9999
0.343422824536911 0.341058443005002 0.335001512052303 0.329122603344971 0.324510743230715 0.317795174742372 0.309504896708851 0.304508207419405 0.298655091141496 0.287988735285199 0.279509392051699 0.273000953408648 0.260127970193756 0.245489423466573 0.227803411271258 0.21284860502646 0.200851783679627 0.185823485850937 0.169865907775244 0.152672422822287 0.137023004305907 0.123386037937439 0.110899811005963 0.0990758339596161 0.091001377450065 0.0850988971894935 0.0826189598200216 0.0829702306886388 0.0846021817433129 0.0903782637852835 -9999 -9999 -9999 -9999 -9999 -9999 -9999 -9999 -9999 -9999 -9999 -9999 -9999 -9999 -9999 -9999 -9999 -9999 -9999 -9999 -9999 -9999 -9999 -9999 -9999 -9999 -9999
0.342351058698569 0.341514850658086 0.335159359598264 0.328919419803006 0.324130926799328 0.318194000319258 0.311397425620095 0.305437585134013 0.299112131711854 0.291000057905693 0.284730596581602 0.280121671352035 0.267089811155731 0.25236655320886 0.236946590559383 0.222627385239432 0.209500335917986 0.196240816980997 0.182289607404826 0.163328675840968 0.147374044990095 0.13533766285171 0.123636793996669 0.112121870205319 0.101605572447827 0.0922937082698596 0.0848797587616954 0.0861254829762208 0.0908678334951658 0.0913915947557629 -9999 -9999 -9999 -9999 -9999 -9999 -9999 -9999 -9999 -9999 -9999 -9999 -9999 -9999 -9999 -9999 -9999 -9999 -9999 -9999 -9999 -9999 -9999 -9999 -9999 -9999 -9999
0.341094678430441 0.34158100350212 0.335112699735188 0.328456663886344 0.322649906783433 0.31815581798123 0.314644313708439 0.306145448938041 0.298269563358163 0.295115655529733 0.291826978641849 0.288416849799294 0.274842384978129 0.259845784401107 0.247209177728588 0.23343716445873 0.218435468906087 0.206345126239943 0.193922137021191 0.173361209058216 0.156999251074338 0.146110002005878 0.136820931966224 0.127718266019538 0.114101955555182 0.100262694196819 0.0860721126996179 0.088432034473015 0.0974509589375228 -9999 -9999 -9999 -9999 -9999 -9999 -9999 -9999 -9999 -9999 -9999 -9999 -9999 -9999 -9999 -9999 -9999 -9999 -9999 -9999 -9999 -9999 -9999 -9999 -9999 -9999 -9999 -9999
0.337584136790476 0.335669098756986 0.32947011065967 0.324859606769999 0.325780484094602 0.321221539424154 0.312560729634102 0.303226097897405 0.295485761247366 0.294134877262915 0.291740297254155 0.288405153270637 0.280225393437276 0.270641733957579 0.25842824197446 0.245887700138841 0.232992952673144 0.220818078181669 0.208347485420083 0.192239871508817 0.178509037050175 0.167875967558919 0.15345553216189 0.13830936630102 0.130077830825796 0.120350466014472 0.108266012785179 0.10166559996658 -9999 -9999 -9999 -9999 -9999 -9999 -9999 -9999 -9999 -9999 -9999 -9999 -9999 -9999 -9999 -9999 -9999 -9999 -9999 -9999 -9999 -9999 -9999 -9999 -9999 -9999 -9999 -9999 -9999
0.317761261248289 0.314658069006694 0.318663856536718 0.322689702814989 0.325342402665709 0.320738722971902 0.310703354041625 0.302410858956076 0.295959946729011 0.29570192722412 0.29280242086248 0.287522444211226 0.283147428904496 0.277687141936232 0.265749773474531 0.254012886622931 0.242493127877283 0.232068474042047 0.221751777462881 0.210148100937137 0.198575271534932 0.187042646594498 0.171131625156365 0.154568907534594 0.148480274110702 0.138949931922977 0.123996235834201 0.119603739161987 -9999 -9999 -9999 -9999 -9999 -9999 -9999 -9999 -9999 -9999 -9999 -9999 -9999 -9999 -9999 -9999 -9999 -9999 -9999 -9999 -9999 -9999 -9999 -9999 -9999 -9999 -9999 -9999 -9999
0.267295598513746 0.265283270031398 0.29815763611038 0.323200712019054 0.318200580926611 0.313589963300388 0.309270912024703 0.305548203359009 0.302554275475807 0.302055083125897 0.297090244953118 0.288101030441646 0.283147428904496 0.277687141936232 0.265749773474531 0.254012886622931 0.242493127877283 0.237265284878476 0.233238010887048 0.226233367890287 0.215929788529872 0.20132655507842 0.190764166712252 0.181476638711343 0.171441035519512 0.154753608980879 0.127584414642465 -9999 -9999 -9999 -9999 -9999 -9999 -9999 -9999 -9999 -9999 -9999 -9999 -9999 -9999 -9999 -9999 -9999 -9999 -9999 -9999 -9999 -9999 -9999 -9999 -9999 -9999 -9999 -9999 -9999 -9999
0.249131458051487 0.246437791095924 0.271912811456371 0.295751126362056 0.309104786378224 0.31237941671508 0.308109491714491 0.305823750693828 0.304341347353398 0.304983896075459 0.301014783328423 0.292889707024388 0.29075040394352 -9999 -9999 -9999 -9999 -9999 0.237080960938307 0.231615016963522 0.221736090692856 0.206105523502045 0.197332627737935 0.190479160520398 0.179123019332176 0.172175705484302 -9999 -9999 -9999 -9999 -9999 -9999 -9999 -9999 -9999 -9999 -9999 -9999 -9999 -9999 -9999 -9999 -9999 -9999 -9999 -9999 -9999 -9999 -9999 -9999 -9999 -9999 -9999 -9999 -9999 -9999 -9999
0.247208130681679 0.242942083494038 0.242782686292759 0.254243293193861 0.299026558032571 0.314154531549172 0.307084337826821 0.304660421219685 0.303711388861891 0.306190990977725 0.304756666058209 0.299795165904201 0.294436547005405 0.289884749602081 -9999 -9999 -9999 -9999 0.237080960938307 0.231615016963522 0.221736090692856 0.206105523502045 0.197332627737935 0.190479160520398 0.179123019332176 -9999 -9999 -9999 -9999 -9999 -9999 -9999 -9999 -9999 -9999 -9999 -9999 -9999 -9999 -9999 -9999 -9999 -9999 -9999 -9999 -9999 -9999 -9999 -9999 -9999 -9999 -9999 -9999 -9999 -9999 -9999 -9999
0.244052590737901 0.24092391290483 0.240024726306286 0.244074454496438 0.262219380569389 0.283178880541543 0.306245201230522 0.305117930740332 0.301748434233898 0.301235545282331 0.298403540791041 0.293481582444261 0.293618432099118 0.293843380442701 0.289689135673451 0.287529216342713 -9999 -9999 -9999 -9999 -9999 -9999 -9999 -9999 -9999 -9999 -9999 -9999 -9999 -9999 -9999 -9999 -9999 -9999 -9999 -9999 -9999 -9999 -9999 -9999 -9999 -9999 -9999 -9999 -9999 -9999 -9999 -9999 -9999 -9999 -9999 -9999 -9999 -9999 -9999 -9999 -9999
