layers/veg/veg_1800.asc
NCOLS 255 
NROWS 330 
XLLCORNER -2985163.8955 
YLLCORNER -3022031.214 
CELLSIZE 25000 
NODATA_value -9999 
[rows 125 to 149 of 330, columns 56 to 111 of 255]
0.0996003162821308 0.117119732890442 0.138783921793695 0.171087573960374 0.19563484418845 0.210348400248353 0.243386174749219 0.27965872232487 0.284956406978438 0.282424898432725 0.267903518268125 0.259733637210875 0.254365068336065 0.256645958259029 0.257499635497576 0.255692440359822 0.254651700443634 0.253993368184755 0.334260472269103 0.400060013609228 0.429810730338526 0.506354616707474 0.611429452607649 0.664860305338073 0.712216583844053 0.751679194903781 0.793346639314948 0.836641703409374 0.844803823518209 0.846864186940448 0.841809887009168 0.828890720761868 0.808979890093269 0.777468314387795 0.743565838677404 0.708139557554207 0.66250968460457 0.605978473677772 0.563657504887254 0.526235106934226 0.498972482496043 0.476325869952988 0.459612891056168 0.439984431635693 0.420563506445049 0.415624637751478 0.419580709463892 0.43735427031214 0.458890323882374 0.481251514279874 0.478532321034457 0.471778977635872 0.457390776893901 0.441157765474509 0.423990156259289 0.424348808264046
0.108883918555805 0.111519588282055 0.119277725134075 0.148810139210588 0.176439335725078 0.201655590528739 0.221941245458448 0.241053913018148 0.264874337983889 0.267309069086247 0.236993078961491 0.229195774422041 0.230494359612213 0.232860540956479 0.233106397333825 0.229399153942052 0.212251469808873 0.188397943882858 0.259495730293145 0.311563522659152 0.316611939787819 0.380698983991879 0.480783335120273 0.554509609238824 0.620084862439479 0.667050873267807 0.723436852913208 0.786776703540441 0.809825299699646 0.824770270080991 0.827429244324886 0.822625808858647 0.811188482570737 0.781732380856857 0.749026781653339 0.716295707178058 0.669375173138571 0.607294870161463 0.56641164392057 0.532184641370994 0.50831818462237 0.486732018775457 0.468077043559116 0.449185846667339 0.431005732397345 0.422736961140005 0.420272216207108 0.426823503650117 0.435073815714705 0.44370165789346 0.44117689627658 0.435594843642007 0.424226694830781 0.413150783184884 0.402222921533449 0.39892352583812
0.12436296320768 0.117940050388181 0.119027223468388 0.139192011755641 0.16630640761412 0.202231671088116 0.190764137691748 0.170641015622012 0.227161615883438 0.235493481800864 0.17002761102245 0.165932866945643 0.185976468145547 0.188637930324709 0.191183370260441 0.1935125001914 0.177163706980894 0.151495933833995 0.184523285320511 0.207638570482483 0.205943482819765 0.230676827701314 0.27152423967677 0.395024598124949 0.504161818816739 0.55640262730454 0.622449317620813 0.698687583184296 0.74825083763122 0.787144272490175 0.798110249116638 0.804203939527003 0.80596629246529 0.78041029749091 0.749908382837899 0.719270277904351 0.671272717971098 0.604728621752387 0.569260271695224 0.542135330396247 0.519776651425114 0.49740900925931 0.475029845391507 0.455143532622825 0.436514532454918 0.423560534746803 0.414182050777971 0.410357805510311 0.408387974148683 0.407117804903259 0.403774867664971 0.398604423457102 0.389975318942343 0.384430185635811 0.380447420071881 0.373543059493724
0.200122522691478 0.161370454263381 0.124402137780662 0.135934311218375 0.151381577385926 0.171792485513333 0.160750279380953 0.143685770444487 0.17415687841313 0.178490931134376 0.142797879026875 0.149263634595424 0.171529321799015 0.157485982628368 0.150235650659726 0.155650092072914 0.15209849470564 0.144073469812659 0.169361901790095 0.18553239276364 0.179595656845543 0.180732302129131 0.186181762373418 0.237740306739052 0.292346609409174 0.347142102742656 0.446576026552034 0.578962276678905 0.652589274473103 0.71280512303209 0.749159182922304 0.767124657230407 0.768743150622813 0.752231387840951 0.730412171539611 0.698287579065215 0.656454139687967 0.604247939104982 0.579219027537643 0.559460330006198 0.528941634327682 0.50118512389749 0.476979253218442 0.455299247933254 0.434668356369313 0.416957689450311 0.40232014965898 0.392456436196049 0.38384352718344 0.375822971651901 0.37063350904892 0.364998237962069 0.358519249103793 0.354800726889142 0.352480682074998 0.347091231366341
0.283097449456513 0.211877851265775 0.135934320324622 0.137876310918025 0.139256183460606 0.139923390190143 0.133639733701096 0.125636454905266 0.12347863252446 0.121305053614215 0.119107344661405 0.133496869670939 0.153136377500892 0.128369243949084 0.115330195637344 0.124156800835343 0.132238687972043 0.139949012777163 0.16115701271724 0.173704252030324 0.165880492182617 0.15154351958462 0.133235280545479 0.107428056328694 0.100440105849896 0.149180444203195 0.276510840654135 0.461856835147722 0.559402714252773 0.640201124775472 0.697627465453919 0.723707549056351 0.721921614148988 0.715073989778598 0.702909882566516 0.668524786192958 0.634087950531942 0.599595837526547 0.584417678779004 0.57088536207802 0.534240179218064 0.502550319062019 0.47723025824616 0.454048079783032 0.431568426945902 0.409226516747453 0.389620088889757 0.374262986581133 0.359951258760339 0.346248496735643 0.338911677677196 0.332601353490001 0.328233728906977 0.325675161534161 0.324033078926899 0.32113212730721
0.352141229587488 0.266403919913182 0.172211900165694 0.159428105724128 0.144258062855751 0.126062680963424 0.11938810893061 0.115136645139283 0.0960772768706938 0.0833878297367124 0.0804534792879701 0.0847602686241317 0.0919587918761098 0.0984673396154762 0.10834213713124 0.124492916593869 0.129087560429452 0.127916499200556 0.138166853685837 0.145268999250062 0.144740843223253 0.140910966577578 0.135067949444338 0.103457649390386 0.0797632088929457 0.0837316410866455 0.193908995887671 0.382490341112953 0.50522682836624 0.605193709852171 0.649536843560362 0.665107808791784 0.655101054252826 0.656748549872774 0.653677356043747 0.616217740809423 0.589241109244808 0.573464312986859 0.561323381251763 0.548392519785928 0.523009246031643 0.497982947528409 0.473415521404326 0.450754254518712 0.428394893716995 0.402074565767957 0.377554303031484 0.355830279548244 0.337444212861355 0.320615655051842 0.310524969098629 0.303241931965448 0.301272529029653 0.299669517208191 0.298252122443296 0.298369831003887
0.390763551442373 0.314756776757728 0.22819750122613 0.192672962309674 0.160139286053421 0.13139749224307 0.118424034994394 0.108807837057785 0.0794132469727852 0.0673241442787488 0.0817372068575069 0.0744839303380955 0.0594425026302661 0.073401647920445 0.088720778168623 0.106575442501127 0.110496559583121 0.107465809142863 0.113380742377679 0.11961515559676 0.12627431031298 0.129641004449168 0.131000204171837 0.0979955416921664 0.0674341910702962 0.0503424702476231 0.145797607394663 0.324335432492148 0.454207307942907 0.559531705311078 0.594945070362784 0.607788014407901 0.600566433108943 0.590363986226603 0.577233820757606 0.552042559528501 0.539227372975219 0.539634566850965 0.537775540960967 0.533544445704183 0.515974033801629 0.495441599346544 0.471101645093433 0.448722099230906 0.426393333883152 0.396722098513087 0.368259256749872 0.341673545666838 0.319260499663423 0.298784068303976 0.286366124919895 0.278052681861327 0.277507237826431 0.277113480274217 0.276796568467806 0.279111558147277
0.397969804843359 0.356734592576329 0.304535464691397 0.237993177872583 0.187255546261211 0.156555409330574 0.131181939893171 0.106786398900895 0.0738375928488601 0.0738284847424008 0.124264261502081 0.103925288576719 0.0565245725704425 0.053330285752035 0.0560530810476385 0.0698075890776995 0.0759608886217792 0.0783217156925173 0.0867399612784004 0.0968336574680505 0.110568289276309 0.117712793514657 0.120839134449486 0.0909929630289843 0.0637259809665919 0.0500611009182097 0.133304318647542 0.288085608543259 0.4064473483387 0.502866766139338 0.533639594865247 0.551790012919015 0.558719431649795 0.515656810928901 0.472689630129718 0.475611221215636 0.483877813386781 0.497854910673127 0.513759329615196 0.526591080654161 0.513271718948977 0.494992514057863 0.470337698991406 0.447992863414897 0.425602064367128 0.393227947955642 0.36182553760841 0.331932585152206 0.305541467772107 0.280878016098019 0.266573372471331 0.257169944272804 0.257042343493299 0.258119833446018 0.259807833277012 0.263471870549367
0.368586796268428 0.349445598771172 0.328547615670511 0.284579756311647 0.241079668706088 0.198172632571479 0.16341948878757 0.134499132441339 0.14445455881444 0.138115606310052 0.106822931770985 0.0756239794448792 0.0460959140558552 0.0674686163360855 0.0778246222713744 0.0676412767123915 0.0595667351777087 0.0525443396575155 0.0551544974986363 0.0608301030416583 0.0732174311679163 0.0885748324721367 0.105743160640193 0.0912597662219197 0.0767632580971433 0.0681386930427686 0.118290021709813 0.21183002710366 0.298928830408558 0.377997131443421 0.42997130865114 0.474800730477626 0.51327864803301 0.491140862108968 0.461956669058698 0.452284280651754 0.461990725535843 0.492401174941281 0.504902024204876 0.511641560511591 0.508615147080038 0.496157017949404 0.471574928377318 0.448218542544363 0.424570261308005 0.392257905050301 0.361265338105179 0.332322945040472 0.30572465994492 0.280304239795707 0.262568595661389 0.249477008338153 0.24517456120578 0.24675573793936 0.251317611805663 0.25283089299392
0.326213410953868 0.333011665082213 0.3390431497327 0.327846045570621 0.29861105081866 0.246507215715392 0.206954024641181 0.17831527114777 0.232725631425809 0.217491103563733 0.0956002132314279 0.0548422259248323 0.0483078911923609 0.0908722742345388 0.10708876704985 0.0741826770546985 0.0498751038700917 0.029857590401081 0.0262028696414386 0.026479219946412 0.0352238182717179 0.0579203148509817 0.0891236278740536 0.0909676605910431 0.0899535723561408 0.0861703325841531 0.101804588247624 0.131772942109354 0.181342809792451 0.237042396358328 0.306880586433706 0.381831577397189 0.46132771720697 0.47132343299531 0.465221903766042 0.441046027114632 0.44858670712409 0.490012798223391 0.496414693470124 0.495201677809745 0.501792563553545 0.495450414528755 0.472483548758361 0.44829726976415 0.423209014619522 0.391733312805612 0.362026139395949 0.335066215646965 0.309214765839671 0.283956265633699 0.263594696755615 0.246556354749077 0.2358074075644 0.236740639265841 0.243592168585063 0.242844336595752
-9999 0.333011665082213 0.341082071810331 0.346471765793238 0.338716953425044 0.314297242478927 0.296312837576578 0.284309340069491 0.319498375418634 0.307309554395177 0.222564800592096 0.177552847436416 0.148626560174712 0.122722878416507 0.100398297307844 0.0847465338908566 0.0568497206417206 0.0228434822256833 0.0230937145959821 0.0245143686910743 0.0274397401965478 0.0444360793318418 0.0700118344458679 0.0752521521543764 0.0774275382263458 0.0745518723233881 0.0793266473575547 0.0897490184999438 0.0906719687682579 0.0955091886141896 0.119183742458437 0.21355509631884 0.370774092022293 0.403307005375067 0.413931660943027 0.427293536965112 0.43949513228772 0.450457104125918 0.466224047712031 0.481387449221423 0.483338509650459 0.479419839785887 0.46795594907792 0.445849072158231 0.419988047984106 0.390209566119122 0.362399546943642 0.337647357341499 0.313015373001786 0.288696902595831 0.273661125164008 0.255066347773661 0.229735961658614 0.223722761498638 0.22749582268037 0.229327737050641
-9999 -9999 -9999 0.364939551421538 0.360934033042471 0.351850229046875 0.349301475819958 0.349812543723983 0.362124431678336 0.350016139640242 0.300510019298902 0.269568748832924 0.244571721135892 0.172003284153255 0.119093862867505 0.102836394289445 0.064127010398169 0.0142156878998673 0.0290671301674245 0.0359158554660487 0.0221323327119054 0.0286264434292122 0.0474843273561978 0.0524560274546144 0.0562482923245301 0.0592284592786212 0.0607159324005243 0.0611014910123075 0.0390640390770717 0.0194644446956182 0.0189510730463 0.114397196533288 0.295148849837587 0.338639262373821 0.35714670634456 0.374303199981433 0.386838334972336 0.394436091697788 0.429123721789444 0.466011947000435 0.46968727148315 0.470705701338617 0.468308836841966 0.447333137904273 0.419933949332732 0.387331242812331 0.356263385686719 0.327579778918016 0.308825529294996 0.294109399852059 0.2785425629586 0.258558892866686 0.230216116122964 0.219861191524348 0.218619075720836 0.220837973793133
-9999 -9999 -9999 -9999 0.360934033042471 0.351850229046875 0.357120061940229 0.365027990717466 0.349922371140308 0.334211996185928 0.317575479910323 0.323463246655131 0.335085190142054 0.242930686402716 0.16931769430671 0.130273198332719 0.07178020581403 0.00358377101643475 0.0463206727014461 0.0639177075303548 0.0199008340072794 0.00992876925294787 0.020714664009832 0.0208661092585031 0.0243221630193672 0.0393036685450151 0.0469081307769164 0.0490668204921275 0.0359704141956347 0.0247533030902767 0.0273448085765777 0.101081334794266 0.238063959573995 0.278130428700476 0.293537577284453 0.27258129649564 0.280075573448762 0.317965925711352 0.383441896992375 0.448697416112053 0.462000905328688 0.471078233814051 0.474723061240231 0.453700890409424 0.423812952271262 0.382770598838622 0.342042645109149 0.301803083014083 0.294711920159751 0.300356316100242 0.27698448545621 0.25582000282054 0.238833051142118 0.227371326628834 0.21870873223399 0.218591305572921
-9999 -9999 -9999 -9999 -9999 -9999 -9999 0.368617818055186 0.34704350136312 0.350557951953418 0.392494126358038 0.390997736599007 0.370632379168693 0.306899059411215 0.246805854307986 0.193499220425572 0.127051774718954 0.0540479811352087 0.0944542541892235 0.101482706244086 0.0278792167423957 0.00301100327555592 0.00785788950485925 0.00731990046879194 0.0112998155568269 0.0293276002319089 0.0383257524943109 0.0406581821805057 0.0344534222084461 0.0285726073880482 0.0277040260920292 0.0813946586073836 0.183587032758456 0.235238993840142 0.2607488670637 0.200292952676698 0.176779588555631 0.192734995141719 0.272257040710341 0.361480977978612 0.406201058027779 0.4394600982927 0.457986591755382 0.447848012472001 0.427194543553786 0.390908742427911 0.344178411621128 0.281223444244804 0.274456163239779 0.289594958254876 0.266747774964391 0.248239729467512 0.237943747674174 0.230078215528467 0.223443971184456 0.222353760211389
-9999 -9999 -9999 -9999 -9999 -9999 -9999 -9999 -9999 -9999 0.507210695608179 0.456854108092188 0.387711750731772 0.364633340837529 0.32911038673051 0.270386024527174 0.201256593047178 0.126935758267599 0.149308544844262 0.136108162253699 0.0378088385948014 0.000362904722779125 2.07833555254112e-05 0 0.0044749255062824 0.0218682201721767 0.0312113535978172 0.034611815265755 0.0331200229244452 0.0305376715217525 0.0260657803157396 0.0606614827344006 0.129987273802509 0.192356341264887 0.228681696392038 0.139950823621573 0.0857042933147204 0.0683002277507106 0.151008389169675 0.254574779581219 0.329145698036036 0.387410355069475 0.424714194927303 0.43108891382233 0.425816323363364 0.399876737895926 0.350138538647051 0.26343133540669 0.253042890727396 0.27276060229351 0.253226778216531 0.238854566951764 0.234250999883858 0.231256609819189 0.229077443397104 0.227818465939662
-9999 -9999 -9999 -9999 -9999 -9999 -9999 -9999 -9999 -9999 -9999 0.456854108092188 0.3880752665246 0.376689997061161 0.3711352530403 0.376450846887687 0.322750527880051 0.239605387643715 0.172692295724017 0.104848713785194 0.0343051326721507 0.00478349509103876 0.000273948154683085 0 0.00167788477672583 0.00819954514761669 0.0224694556976914 0.0424591656576471 0.0283959532501114 0.0168439784214661 0.0298334164844661 0.0502229757449051 0.0771910529369268 0.0887464788701024 0.0982723209151056 0.111559302616656 0.119300834163941 0.121117704337525 0.143389298113628 0.168856407567415 0.180545085913787 0.217362314896235 0.286480936709311 0.334578574222944 0.372935373789759 0.37427988956014 0.34238726438806 0.258863733002194 0.23989351458553 0.246745608559991 0.232947381666169 0.226003943373433 0.232033580226957 0.231928275827941 0.228714954632223 0.231569313501214
-9999 -9999 -9999 -9999 -9999 -9999 -9999 -9999 -9999 -9999 -9999 -9999 -9999 0.381077636089632 0.396345069500968 0.440076860232529 0.396212510861092 0.308643801752087 0.207614425683716 0.121876154972401 0.0717453668615241 0.0348110317036065 0.00592289935886756 0.00321524912749596 0.00255521084945239 0.0029180429621715 0.0189664507212041 0.0465940336811693 0.0306286982503594 0.0180874029654493 0.0377437024904549 0.0491960643793031 0.0533553361404211 0.0349492437357454 0.0261803332749259 0.0865211684441256 0.128199841329842 0.149940188388992 0.140827309817259 0.122791547557849 0.0953148401839095 0.108801186535783 0.174943323072387 0.241189138871107 0.304370422097044 0.328559782216982 0.320123031968227 0.261004556492782 0.237927057734627 0.22955196092072 0.219672060351135 0.216573779924185 0.226310099197343 0.229306631290561 0.228888726162757 0.235211725908434
-9999 -9999 -9999 -9999 -9999 -9999 -9999 -9999 -9999 -9999 -9999 -9999 -9999 -9999 0.396345069500968 0.440076860232529 0.397663010004899 0.31226849786823 0.259835369590983 0.211297293270212 0.170570445262622 0.103229558573686 0.0196614361516906 0.0112509323962401 0.00894129922296797 0.0102109363209079 0.0233178101532124 0.0451629949747177 0.0432913868232249 0.0417251705320381 0.051864820042902 0.0622794054607241 0.0729384018477325 0.0558331544752819 0.0415201794396823 0.0665105701590685 0.10007128706867 0.142788389686679 0.145847138615585 0.136176868702514 0.10509206217679 0.0924237730879964 0.103428921155119 0.152478691924179 0.212291367363349 0.252670054758613 0.276100373922598 0.273202928850159 0.252726494850692 0.225583639282112 0.216897537591184 0.21227171141601 0.215330186310611 0.221747519712586 0.229866481252296 0.238691567858645
-9999 -9999 -9999 -9999 -9999 -9999 -9999 -9999 -9999 -9999 -9999 -9999 -9999 -9999 -9999 -9999 -9999 0.312032787733364 0.308955517640095 0.298635608052587 0.271777228138381 0.214300598398445 0.138155266639825 0.0622751985097102 0.00675953647195389 0.00998301543960534 0.0179622736648795 0.0294522733817428 0.0364101313829206 0.0427148109149755 0.0486014895376869 0.0598290706721547 0.0758045771455459 0.0638590682276816 0.0498969523306731 0.0511226751652332 0.0659060564091089 0.0951742013531416 0.113860359178654 0.127680809949633 0.124964076722459 0.124157503713157 0.125806338357901 0.156062246904223 0.195084772495213 0.227972237035384 0.244635445919859 0.236095734264393 0.224709385565785 0.212454198636616 0.210586358023861 0.209461929682775 0.209744451114508 0.217904882236365 0.230056333749766 0.24282929810739
-9999 -9999 -9999 -9999 -9999 -9999 -9999 -9999 -9999 -9999 -9999 -9999 -9999 -9999 -9999 -9999 -9999 -9999 0.385605081077918 0.382222789184598 0.371067362264863 0.338888121576235 0.293890143148457 0.129862022109536 0.00346691001364562 0.00793658547294894 0.00944451856617572 0.00876607772387625 0.0225325388231427 0.0355677220023159 0.0394387900429254 0.0519991827885008 0.0722841623158098 0.0669393504244108 0.0557164239665469 0.0381212401242658 0.0307762275035147 0.0343823174660823 0.0692840377200014 0.111282661276205 0.148463985528254 0.173599958999903 0.183252285484691 0.194610502480454 0.206835457896703 0.223023723831253 0.218386538513773 0.181398889529314 0.181680774382691 0.196958907181543 0.203400229667227 0.207280537924481 0.206313981899037 0.215814791692388 0.230618463802241 0.247374450292146
-9999 -9999 -9999 -9999 -9999 -9999 -9999 -9999 -9999 -9999 -9999 -9999 -9999 -9999 -9999 -9999 -9999 -9999 -9999 0.3876486528338 0.39438873207504 0.377597852259182 0.34645956639134 0.18921250898108 0.0601670397451226 0.0360810823256019 0.0181762902043619 0.00483446711585475 0.026613719708043 0.0484549868888852 0.0548804063527043 0.0632704250244562 0.0734069220001352 0.0727035434539739 0.066211447626731 0.0403644983304796 0.0330690071598855 0.0455935674414554 0.0762456959541061 0.113152846842176 0.163065196320477 0.191779330797924 0.193244306341883 0.199646004087043 0.207186799889483 0.208964813327111 0.199797326295006 0.173626989673821 0.186413874634534 0.214223628900528 0.20988393221183 0.206237141273506 0.203901713659715 0.221556180800351 0.249337709652516 0.255895247935689
-9999 -9999 -9999 -9999 -9999 -9999 -9999 -9999 -9999 -9999 -9999 -9999 -9999 -9999 -9999 -9999 -9999 -9999 -9999 -9999 0.416380034655115 0.405358719865853 0.387617437644557 0.235808658567829 0.104544165939992 0.0576198231529987 0.027390864330091 0.00948652656834449 0.0352286719083694 0.0608931617006431 0.0668223959920541 0.0711127165050252 0.0739460847070642 0.0760511494435318 0.0728708664330416 0.0436906753971896 0.0355107054439668 0.0497670022006303 0.0746728743818761 0.105540939847982 0.160900158723974 0.192629031863974 0.193982373545902 0.196788284086112 0.199433781641213 0.194146368266619 0.184310502127635 0.167409024102761 0.194351907238549 0.237711480704704 0.227653657930089 0.220517599612362 0.218911145789346 0.239320793410221 0.27088399740088 0.266100964802961
-9999 -9999 -9999 -9999 -9999 -9999 -9999 -9999 -9999 -9999 -9999 -9999 -9999 -9999 -9999 -9999 -9999 -9999 -9999 -9999 -9999 0.413157203611865 0.40796933300086 0.259150615002862 0.126453523088866 0.0671146981883618 0.0374857023259654 0.0297886599588719 0.0521097685206288 0.0725125383961998 0.072383733094477 0.07270321446681 0.0734212111938354 0.0749927419694813 0.0725370644914617 0.0489912713448894 0.038223917837746 0.0411088244072149 0.0575396644151425 0.0806409208215443 0.12816625896277 0.161882617705966 0.177848280255588 0.17953934204424 0.176904585359677 0.177943110896059 0.174480069928566 0.164024250659865 0.208133294482747 0.272545580124727 0.266000490630442 0.262737093575371 0.265684485079714 0.279006604697573 0.29758465553151 0.279378690524845
-9999 -9999 -9999 -9999 -9999 -9999 -9999 -9999 -9999 -9999 -9999 -9999 -9999 -9999 -9999 -9999 -9999 -9999 -9999 -9999 -9999 0.389521067634722 0.392749316717063 0.275287782269828 0.163554941073096 0.0908942866211595 0.050023544320297 0.0326202839097826 0.0534559805144315 0.0743916201255899 0.0786638452944097 0.0800244961396976 0.0787968320931808 0.0781084499312668 0.0742294871553733 0.0537661275120294 0.0373549906897445 0.0252731774314085 0.0383898916565734 0.0617399607079791 0.114501185220363 0.148642275559977 0.158848190441832 0.156251479352679 0.151112775029251 0.166105359776887 0.178304560113338 0.186164489247051 0.222760891517853 0.269996628749638 0.277990164392175 0.286045892527126 0.294219323471683 0.29967565887432 0.303755489069341 0.287807062280413
-9999 -9999 -9999 -9999 -9999 -9999 -9999 -9999 -9999 -9999 -9999 -9999 -9999 -9999 -9999 -9999 -9999 -9999 -9999 -9999 -9999 0.377637236040186 0.361735788328598 0.287912002118309 0.20806378065539 0.121638887614731 0.0637525585182188 0.0269335488075879 0.0472276151619951 0.0715214797391777 0.08529442147939 0.0901400222206025 0.0870494457997978 0.0832593941369898 0.0769098666256657 0.0582846408269596 0.0347394658880981 0.00593790385344017 0.0182568730474261 0.0457640519775575 0.110133785785094 0.1439376322454 0.138450683597048 0.130019129291412 0.123730162895579 0.156396164200211 0.188786986181999 0.220750341859321 0.237801087788151 0.249220261037673 0.277128481744702 0.300134119485465 0.313861341663995 0.311072426764642 0.299916287251125 0.293870961585795
