layers/veg/veg_1500.asc
NCOLS 255 
NROWS 330 
XLLCORNER -2985163.8955 
YLLCORNER -3022031.214 
CELLSIZE 25000 
NODATA_value -9999 
[rows 125 to 149 of 330, columns 56 to 111 of 255]
0.0902545722382428 0.113159986711032 0.141153323107865 0.177735977479083 0.205731233102252 0.222839192895368 0.259336557246024 0.298665269708063 0.298129302272101 0.296081110415167 0.291717050728062 0.288953428860846 0.287013700318664 0.290679909347564 0.291177132778392 0.285766150424012 0.282976289113071 0.281494184249658 0.360049433748811 0.423678812961835 0.450236815586201 0.532741155531297 0.649357357076003 0.689520063743215 0.724800864631984 0.760263302281077 0.797751341187464 0.836734689693851 0.84269648133904 0.844121799816888 0.84333225082418 0.831302284349901 0.809279875050958 0.777631040732901 0.744662283538104 0.713778902599975 0.673591173162277 0.623462841495838 0.584382495998566 0.548786503970543 0.518701754103831 0.491268738374316 0.467244383466048 0.449944647015798 0.435411752496601 0.428323423435827 0.43277872914122 0.455166032216964 0.480778760494705 0.507049480903842 0.510086378778668 0.511981892603414 0.511717272554727 0.515109026585703 0.520353132837643 0.485768654489789
0.101468822185326 0.107421984961412 0.119361043385429 0.152264768151199 0.182699515207606 0.210004037208869 0.232192174226894 0.252671488058787 0.272143192842699 0.275609633731617 0.254565112323035 0.251861716815258 0.256537805973549 0.261180260440568 0.262105789059662 0.25610154090373 0.237377601835804 0.212307424831882 0.277945140454975 0.32411880175893 0.322422341076627 0.393130000692686 0.507984238067714 0.572114252659661 0.62891189392545 0.674013078381371 0.727856713760425 0.788154072815749 0.808004401910739 0.821213883765913 0.827664766092621 0.82448556272305 0.812745460180966 0.782873934666654 0.750838554205538 0.724356432875019 0.683891513577932 0.628487618957968 0.590713855892203 0.557348414225842 0.524291964175379 0.496821430443362 0.476531290039009 0.45914666015985 0.443115793141842 0.432293741473838 0.430166603888329 0.441546232552882 0.45561007421107 0.470442702754148 0.473708060544486 0.476645450480535 0.478962142701913 0.478961182949699 0.477786079718956 0.450493331971558
0.122633183960605 0.116365995470604 0.118055623612243 0.139526447529626 0.168769340736141 0.20786583688402 0.1948619939658 0.171944618427373 0.228511419673506 0.239012910346086 0.178968541975111 0.179975271639735 0.204897968068414 0.209521396251573 0.212968186314532 0.214221271188965 0.194318407237798 0.163860201499008 0.18762748101383 0.20306354253253 0.197476944958733 0.226988802715596 0.277901054277255 0.401088012319161 0.509203220843502 0.560314128600798 0.626230743786967 0.703077010785625 0.746642392595282 0.780898435513299 0.795246383740773 0.804797747409678 0.810085070438298 0.784205065023083 0.754385167024867 0.732999879559073 0.69272279512116 0.632262047195719 0.597134713642109 0.56713082579965 0.528649791677394 0.500672612649599 0.486197571272154 0.466839723199685 0.446239925669454 0.429888925241053 0.420806610500172 0.423015544596834 0.429128646078752 0.436663647422243 0.438039403447181 0.439840334261585 0.442445932413675 0.436056539415415 0.425110202441545 0.410826778117705
0.197099121030487 0.15741145028823 0.122898670471235 0.135589260421841 0.152185264470099 0.17373263969227 0.161241809126852 0.142059679906681 0.17223413573307 0.177994640578674 0.14636685642454 0.15803491648689 0.185857954063257 0.174177258970944 0.168523080688361 0.174104643427 0.168854229468218 0.15819941520485 0.175171852361511 0.184002671945349 0.173166755910728 0.173552522920963 0.180780426830104 0.229822885360166 0.283277256633691 0.34166075274155 0.446329366486057 0.585165899750716 0.656467135163697 0.714413121951817 0.752615827644456 0.771692188862502 0.773765720432936 0.758414650777142 0.738203202937128 0.709300666471883 0.673900579905895 0.6315586251354 0.597169547739949 0.564901254123236 0.533746262667567 0.507620383291029 0.487959155505817 0.466660824057362 0.444726869162937 0.421458328383598 0.406606614462629 0.404829683324402 0.403012478575722 0.401156701191939 0.398524985430995 0.396975161467025 0.3974728789225 0.393672338517917 0.387694261756307 0.381789754432698
0.276836349665773 0.203964752731219 0.133395120572331 0.136610193174375 0.138378492329182 0.138312539811128 0.131351487073212 0.122635464184249 0.119128970895657 0.117431977524063 0.118506108985765 0.138202614853901 0.163857318275122 0.14165408402044 0.130820441318946 0.141184082262694 0.149154519539349 0.155930915230736 0.17169420263999 0.178651823587859 0.165061478894581 0.145297421361279 0.12176909885479 0.0896957087369102 0.0798890629354108 0.135958300422256 0.273341021721961 0.470749788383194 0.570351361628595 0.651781899534717 0.708987062911593 0.733306502849515 0.728391378168264 0.723279189657385 0.712745185721468 0.675040355566702 0.644938382566298 0.622959168378826 0.592419453683428 0.560851173449118 0.537323997131082 0.513091638606576 0.487952806493593 0.465115034342045 0.442480176844445 0.413030664252781 0.39274117629899 0.386680961970531 0.377240964708885 0.366536027487697 0.359968334866618 0.355270918447961 0.354113105528444 0.35395287239393 0.354298022212603 0.354780393750582
0.338989520896953 0.251009003298514 0.165825673705765 0.154141979756918 0.139884345875159 0.122363413488161 0.116209355717583 0.112240692009513 0.0912008060694725 0.0785605083981802 0.078783603215794 0.0884457392142182 0.101728818948178 0.109483680477535 0.121388506419586 0.141030459272661 0.142763809881488 0.135562017983359 0.148598709601269 0.156861495431068 0.153452793014667 0.146520090024751 0.137438716977104 0.0976467200823786 0.0684729160120523 0.0756861613370466 0.195774126911549 0.399186810111731 0.526554684312411 0.62838064353271 0.668782981869621 0.68057202827033 0.66692459207004 0.665446414172018 0.659006160303342 0.61648196811105 0.589928736066234 0.580438596837051 0.570049957965787 0.557759444668665 0.533098000303627 0.509074289716984 0.485870351412304 0.463371683712595 0.440457010029763 0.409435108075553 0.384334731707506 0.368432912240335 0.352814295121045 0.337506244965258 0.329035571422323 0.32392600351896 0.325177518148436 0.326473205550674 0.327791271279622 0.32890194381897
0.375463531879014 0.294238325251297 0.217095763174842 0.18464521535815 0.154320622329258 0.126691362238218 0.114478098325945 0.105288256568173 0.0736597593679014 0.0618306238528119 0.0803228507947267 0.0780259317651592 0.0681428522200417 0.0825542716037158 0.0990627071195961 0.11948078578801 0.120486886616495 0.111807765450764 0.123833888422209 0.134614514671631 0.141816444160431 0.14511219937624 0.146026263804673 0.105718809481082 0.0699072328197969 0.0547711199015468 0.158652819940087 0.350394101248275 0.484634504159956 0.591407038171844 0.62130798846814 0.629506045108812 0.618410785968363 0.60192392106687 0.582306511347567 0.551794523115871 0.53715964314686 0.539487586291079 0.544977473826052 0.548128625208301 0.528282696993606 0.507079502463345 0.484131615488628 0.460895261241823 0.43693675634018 0.405063820894527 0.376685282079528 0.35373497384018 0.332782847288204 0.312905808111265 0.30207431386089 0.295937516191407 0.298685697341424 0.302112620562475 0.305883400663416 0.307667593012037
0.385418818843857 0.333527991931391 0.287821335605612 0.228543993231518 0.182110073622404 0.151959332099612 0.126596174870102 0.101890702864463 0.0668454309939019 0.0679662288755738 0.12447287843465 0.108229292864981 0.0640325979917412 0.0610372083773731 0.0634214867451384 0.0758355315826178 0.0818043601215205 0.0845574756008267 0.0973451614838333 0.111895951343925 0.130151527908568 0.140987744956616 0.147300195532931 0.113915935502756 0.0846121510752699 0.0744999313244053 0.163299443508803 0.325116121229949 0.444652172049311 0.540417344145261 0.566324364864399 0.580163103627824 0.583273449283779 0.532525688652839 0.481895555910143 0.480777634953564 0.486704357278643 0.500157452536719 0.517113628781525 0.531744923668387 0.522858820201387 0.507173403208507 0.482747836401227 0.457661799613375 0.431870469475053 0.399891440679235 0.369817576882631 0.342703215396004 0.317290320182698 0.292879531557641 0.279214408034429 0.271415192725254 0.274717540497063 0.28097309382147 0.28872476782312 0.291229177189006
0.374737984809875 0.338314095847566 0.314100457822834 0.273658641194304 0.232979587698673 0.19199976000707 0.158452472548231 0.130381285239936 0.139656291410383 0.134162495565618 0.106051293863062 0.0783259581747261 0.0523655412434967 0.076572588393876 0.0877732054635029 0.0747248434608415 0.0660695385633466 0.0596060625277869 0.0662685998894347 0.0766247798243082 0.0950155318895015 0.114706427208738 0.135190051933786 0.119135605653649 0.103911061383764 0.0979044536450482 0.150137608894791 0.24536366631849 0.332139231206128 0.410041059161426 0.458597627118414 0.500527477212881 0.536566345102731 0.509142033032385 0.47439006395434 0.460317500119051 0.467635560217181 0.49780698656192 0.514839057203075 0.526507482001509 0.522636393691444 0.508114635704602 0.479902017861924 0.454274533853581 0.429020139019958 0.397936307761224 0.368312341021308 0.34095614238414 0.315120568469806 0.290155039052221 0.273895733641242 0.263028406620099 0.26236570368135 0.266837320403918 0.273910029963423 0.276437081598331
0.340662019008276 0.335429468329769 0.328062958024795 0.314520202185156 0.286268673013988 0.239369032667838 0.202261161096791 0.17511387862865 0.230083908707318 0.215464638523346 0.0942741348853176 0.0570738019135622 0.0552442461357439 0.102430671335186 0.120642010950973 0.0848326669838298 0.0589973109421362 0.0381382786950697 0.0383363604602506 0.0432358274262869 0.058211463704098 0.0849723975289629 0.118919117914449 0.120661494731755 0.119720597927947 0.117046516270539 0.131486015230576 0.158558850241067 0.206341925544806 0.260281473956349 0.327965489712631 0.40181579747865 0.481147780676076 0.489034195514088 0.480103642483224 0.451234928186799 0.45668908562328 0.498813195314961 0.513375332964052 0.520293616355542 0.521188275040705 0.508210293166203 0.477399782117792 0.451479912051939 0.426722976445644 0.39669087491039 0.368060414784629 0.341607278402935 0.316379951148768 0.291844982719943 0.27401212555865 0.259884190618501 0.252768030538678 0.25390717679572 0.259228536003259 0.261886298707297
-9999 0.335429468329769 0.329151913627774 0.324467900833603 0.319157992786659 0.313054560766332 0.295945371370296 0.279526577728926 0.313273636134497 0.303688958120832 0.227744702119236 0.190799993222112 0.169280497464873 0.139395639999073 0.115660067695258 0.103389123754236 0.0742626910537787 0.0367265459684062 0.0391536625010706 0.0427267690767956 0.0475510136749396 0.0671253983030243 0.0956933070717811 0.101784181837524 0.104420350673048 0.101280118414443 0.10389698550315 0.110763773888647 0.105956722142545 0.105345266145066 0.125589596275162 0.221569758569016 0.384877133034081 0.417710444921424 0.42740192947748 0.438865185659638 0.450915098672881 0.463591785522341 0.476543983441739 0.48961720425562 0.503079290732015 0.501192099062473 0.479574240461961 0.452968003379352 0.424652818161907 0.395138669948335 0.367776643334488 0.343757743876747 0.319708312952162 0.29595718925158 0.283120421142905 0.266666901444503 0.243368474792813 0.237997681569427 0.24170918979387 0.246348504527067
-9999 -9999 -9999 0.330103411372575 0.337377371692648 0.353873421283781 0.351113198922651 0.34383015768529 0.355631137555725 0.347698689924527 0.309545853509593 0.288349358463028 0.272084517686674 0.196862524980852 0.143268875657659 0.129998761908593 0.086044744689175 0.026781601361639 0.0459998979674484 0.0548362906147372 0.0370980133928022 0.0451679231307657 0.0689737209334993 0.0751407846929466 0.0795515550123256 0.0821855845936336 0.0812482229373045 0.0776744413124552 0.0480233433334156 0.0211382518909202 0.0161918662015311 0.114513989985529 0.30463916985645 0.349603340151348 0.367962359637402 0.383962780420879 0.397272139460998 0.40770641548322 0.437880743734933 0.470718815318009 0.487165016913577 0.490929132793943 0.478391113364909 0.453326693851366 0.423956987177431 0.391401360562723 0.36023729919921 0.331234909174974 0.311412151961713 0.295644063697016 0.290377924055561 0.275796876311602 0.243586838116337 0.232362243676854 0.231769065088701 0.236038764971639
-9999 -9999 -9999 -9999 0.337377371692648 0.353873421283781 0.358445484582769 0.358320091771533 0.347276928279663 0.336795976237944 0.327176012415371 0.340968801509143 0.36093863338167 0.279791829006389 0.211353868948274 0.166610073850615 0.093500670121278 0.00623880759231539 0.0603337861433682 0.0826174968795623 0.0269026559723008 0.0181054295108829 0.0379150296480559 0.0388522749430247 0.0427990707552876 0.0589576619103308 0.0647350406121475 0.0628489531776565 0.0428131407485054 0.0247735806184982 0.022268656693714 0.098357106368414 0.244313049254811 0.285491158713325 0.300154687444722 0.276236801804036 0.284178160548473 0.326157375436782 0.396942382288458 0.466448179055601 0.473976470647435 0.476636311594751 0.473038022535979 0.452282721401403 0.424968006277331 0.38495025390937 0.343686873892455 0.300488523463017 0.288678878558401 0.289834883127914 0.295336829225612 0.287842043090232 0.255750206086084 0.239486703398461 0.231241978217339 0.232222024196239
-9999 -9999 -9999 -9999 -9999 -9999 -9999 0.361738746611371 0.345305893918524 0.355718570909733 0.407243332666269 0.412925615432632 0.399232624656538 0.356616122456886 0.307649967322669 0.246845621372786 0.166238835592082 0.0757520145377898 0.117992647349734 0.121991882843963 0.0335134750391816 0.00639624385304765 0.016692435325931 0.0179947019164413 0.0239246376204705 0.0448931741253472 0.052852755728799 0.0512090577726618 0.0390392326573136 0.0274040511964028 0.0224533894233781 0.0776919607738764 0.186437216518727 0.24001245959731 0.265501679410483 0.199424144634899 0.173997635889123 0.192001968106719 0.27827794451985 0.374134504397504 0.416009629719526 0.447048725729697 0.464158692097834 0.450892813697959 0.426801991440228 0.390141755174584 0.344759621405394 0.285828805070774 0.274394531965433 0.282073787737234 0.278568968614211 0.270053956997113 0.252056872699821 0.241843462369356 0.235573331759612 0.234627085984798
-9999 -9999 -9999 -9999 -9999 -9999 -9999 -9999 -9999 -9999 0.531975821823178 0.484456108209899 0.420096473736951 0.426867505622216 0.40832078822113 0.342572066212285 0.262739633626558 0.175880412500056 0.186058459038004 0.159440144601698 0.0448998784085234 0.000955321964036872 5.47107677953716e-05 0.0030657887638948 0.0110975305507639 0.0328927328648683 0.0420869282115694 0.0419789933289583 0.0355143001952605 0.0283243727699098 0.0212604942732758 0.0564653792559563 0.129246110778926 0.194493511700575 0.231841947678195 0.13529924256116 0.0767048304144021 0.0586537067842741 0.146649389380339 0.256800542488568 0.336685137620988 0.400169536908378 0.442572371398749 0.441146576574069 0.424625104191132 0.396554855507314 0.350536591526111 0.276637701586524 0.263038199964815 0.273327641160341 0.256189711349019 0.244685029366187 0.243841587525019 0.242483360839888 0.240864339490902 0.238946212358914
-9999 -9999 -9999 -9999 -9999 -9999 -9999 -9999 -9999 -9999 -9999 0.484456108209899 0.420634265026354 0.444704322685797 0.4605049794084 0.460888298013408 0.399541679930152 0.307396132163134 0.220903003178802 0.13532582488813 0.0516581216258552 0.012592225006984 0.000721149857659487 0.00114952534704196 0.00416104749548014 0.0123332144102488 0.0278158333114325 0.0486950666727685 0.0298142814478023 0.0135926413946126 0.0250069361603265 0.044526424948196 0.0712512233237196 0.0841910257742502 0.0948191766507667 0.106307219152646 0.11345239382482 0.115957724919651 0.138422499489967 0.163686711885425 0.173158385239314 0.212756986335202 0.291082123707208 0.339161484022856 0.374760769907425 0.376429829439574 0.34806675515184 0.273051464678048 0.255249825237999 0.260306641121408 0.246081993696113 0.237555279502622 0.239812226235279 0.240387663736189 0.240111233432512 0.243185502428524
-9999 -9999 -9999 -9999 -9999 -9999 -9999 -9999 -9999 -9999 -9999 -9999 -9999 0.477825517563153 0.491809157089342 0.531863669262343 0.478126905163701 0.377594840797242 0.256962095982591 0.15452065861263 0.0945816233538261 0.0467639110861602 0.00633686837935294 0.00399692774877207 0.00404481674354611 0.00387460294729258 0.0202958871113759 0.0489651031372274 0.0300333147934917 0.0145777957520099 0.0333004453185816 0.043107702897607 0.0449894056793052 0.0264648502408432 0.0182022687313121 0.0802400377593813 0.123697625176721 0.147304473475828 0.136336584518579 0.114918627215289 0.0795993419957677 0.0918271646579466 0.165174223040872 0.237848273807715 0.306943477331118 0.333735855970863 0.328888730811465 0.274892484909936 0.255630661969205 0.250385657565364 0.238331753415596 0.231519911975599 0.234628970713982 0.23640767151458 0.237512400936145 0.245408190905071
-9999 -9999 -9999 -9999 -9999 -9999 -9999 -9999 -9999 -9999 -9999 -9999 -9999 -9999 0.491809157089342 0.531863669262343 0.469431070437973 0.355864556783265 0.294842090249728 0.238646361947223 0.191725572685968 0.114720673595186 0.0193727508142384 0.0139862144769829 0.0141537896232193 0.0135581704849763 0.0228975415699455 0.0395709751724842 0.0391264352354603 0.0391263536205314 0.0484111053250313 0.0574613470729045 0.0663031154845116 0.0475632483529204 0.0321483229061858 0.0585579001835591 0.0942094669181331 0.139735012577778 0.143457472499678 0.132635514389641 0.0909387749014164 0.0705709929733516 0.0776204324678946 0.137542377310199 0.21221036900978 0.257205585447185 0.284661101754167 0.284870272955246 0.268259117549776 0.245112346615701 0.234115940472573 0.227125287597696 0.227715749355321 0.22960266631314 0.232146379216105 0.244607507075763
-9999 -9999 -9999 -9999 -9999 -9999 -9999 -9999 -9999 -9999 -9999 -9999 -9999 -9999 -9999 -9999 -9999 0.348001143036158 0.346301427896357 0.33700183650926 0.310295120801076 0.243638775866649 0.152624156764801 0.0724700861774431 0.0131153740769019 0.0117771570684339 0.0149612077778439 0.0214836205207274 0.0307860530058912 0.0394065190388315 0.0442438343456888 0.0546511930413024 0.0700101774380342 0.0564110600735459 0.0409378948491702 0.0423136704169999 0.0578114449157837 0.0883969145985814 0.10921915410752 0.124272123938588 0.114638038539194 0.109149673180651 0.108990406724181 0.14857687547751 0.199729890208164 0.234637548547548 0.252379929046037 0.243457595757287 0.234955744880826 0.226817845919439 0.225419708056042 0.224228010204153 0.223427011750648 0.223456407411607 0.223906488251021 0.242823289624958
-9999 -9999 -9999 -9999 -9999 -9999 -9999 -9999 -9999 -9999 -9999 -9999 -9999 -9999 -9999 -9999 -9999 -9999 0.438546894002986 0.437266838557532 0.433044977930073 0.392099181470246 0.32876189565652 0.149426773846587 0.00983760773790351 0.00664678447585873 0.00364526541609307 0.000783491723274007 0.01640497900551 0.0310015417343907 0.0335391387915516 0.0459015221402583 0.0669978884966044 0.0605918043435523 0.047949823610309 0.0288317090817209 0.0202061083216199 0.0227905246580367 0.0608273394603282 0.106383977932005 0.142655027421797 0.169529717155131 0.18432589459912 0.201322260129162 0.218752128346618 0.2326801809034 0.225032625721117 0.183869306303589 0.185688746274751 0.204851814802748 0.215527806941298 0.221913784900036 0.220180668372856 0.217674987607475 0.214777918802663 0.241228392821695
-9999 -9999 -9999 -9999 -9999 -9999 -9999 -9999 -9999 -9999 -9999 -9999 -9999 -9999 -9999 -9999 -9999 -9999 -9999 0.439614151434648 0.443134164685708 0.423780769514794 0.390480893130486 0.211468387587069 0.0634594388181205 0.0321591239336153 0.0124772592536505 0.00137219618525443 0.0233759407442233 0.0449619099357696 0.050238325550684 0.0583793107409953 0.0690668248076901 0.0685268048224817 0.0615189850771595 0.0320828535917486 0.0226871907585125 0.0347024120251219 0.0678182239478421 0.107437499629494 0.156468045368225 0.185097385428318 0.18750207893446 0.201134030564279 0.217022027959355 0.21559377573411 0.204219496275729 0.177394958921734 0.191391057787485 0.221221563746555 0.220629289896705 0.219476720673871 0.217263760766388 0.214725721129388 0.212022993157484 0.254961753431055
-9999 -9999 -9999 -9999 -9999 -9999 -9999 -9999 -9999 -9999 -9999 -9999 -9999 -9999 -9999 -9999 -9999 -9999 -9999 -9999 0.452876781183086 0.44475205135901 0.431673473391057 0.257453665275011 0.106482709572904 0.0527145662466335 0.0218257784637305 0.00782665238625194 0.0333469312802563 0.058318334063602 0.0636349461444455 0.0678680638693013 0.0711379829032898 0.0740778986085874 0.0708194902484645 0.0365939815771853 0.0254160684206439 0.0388618007940997 0.0655899473840109 0.0985338429940364 0.153033280079414 0.183545420607514 0.183223188701538 0.193502764448104 0.205793364619752 0.200230361497261 0.189497992898822 0.170735480416002 0.198356095934066 0.243497189681174 0.237507566687728 0.23266231117879 0.229982835861685 0.231204788927313 0.234403240943057 0.276643324862793
-9999 -9999 -9999 -9999 -9999 -9999 -9999 -9999 -9999 -9999 -9999 -9999 -9999 -9999 -9999 -9999 -9999 -9999 -9999 -9999 -9999 0.446195895317966 0.435441508578478 0.274164419987952 0.130182281774448 0.0642324050320783 0.0321160463913013 0.0249757704009775 0.0487876884968948 0.0705736243711906 0.0710102024139776 0.071907093765331 0.0732131918409741 0.0752825629838388 0.0723372188020279 0.0434023593883779 0.0285967357682061 0.0288865390686378 0.0465529455216637 0.0714758798642369 0.118151699967122 0.15078028917799 0.165351922784975 0.172301070818978 0.177246559802053 0.188008369903309 0.185882974009615 0.163738463799356 0.207623385337267 0.276540635315708 0.275857742209846 0.274331720368061 0.271210029704725 0.283106335195294 0.302610893540742 0.312816376764823
-9999 -9999 -9999 -9999 -9999 -9999 -9999 -9999 -9999 -9999 -9999 -9999 -9999 -9999 -9999 -9999 -9999 -9999 -9999 -9999 -9999 0.427379726313698 0.428499429663787 0.297876504139152 0.173595237329883 0.0922194012275773 0.0445655342757061 0.0218054039464427 0.04733894850865 0.0728468087992279 0.0767429016372134 0.0786556517447137 0.0788052610375085 0.0769288243917256 0.0705976232600433 0.0436350383192629 0.0254514029080748 0.016647042710398 0.0300151804265278 0.052659765812961 0.103187221047054 0.137284174822941 0.150260607575073 0.138419066877286 0.122855330306755 0.161488171736236 0.187680955080737 0.194549228131421 0.232970408398452 0.283127198349109 0.292075297811891 0.30017413799897 0.306665706971205 0.311758459735401 0.316142559540893 0.31988770116629
-9999 -9999 -9999 -9999 -9999 -9999 -9999 -9999 -9999 -9999 -9999 -9999 -9999 -9999 -9999 -9999 -9999 -9999 -9999 -9999 -9999 0.423257873969318 0.417742529948524 0.325002331788233 0.226620143706807 0.128236512206268 0.0580678255102658 0.00872756083351947 0.0376551423413178 0.0702528677274606 0.0816747146164664 0.0867253350844212 0.0861120986858745 0.0787904019066656 0.0672698052169283 0.0406615048451139 0.019221606980315 0.00330353941697731 0.0146960057918138 0.0378622540786367 0.0979340227189345 0.133183344939023 0.136524754743135 0.0983543333179731 0.0558627459576881 0.127996381937776 0.192118233956877 0.243794500869517 0.266157669046892 0.276813781207275 0.297501319033288 0.318299551309507 0.339307279093813 0.329074514040143 0.303015032400149 0.312769458585052
