layers/veg/veg_2300.asc
NCOLS 255 
NROWS 330 
XLLCORNER -2985163.8955 
YLLCORNER -3022031.214 
CELLSIZE 25000 
NODATA_value -9999 
[rows 175 to 199 of 330, columns 112 to 167 of 255]
0.391642390800797 0.390662991581386 0.391337127955699 0.393034114994276 0.400541421775062 0.411998097728035 0.433891060475057 0.449679060152391 0.460897251705549 0.460619126635989 0.45623331078693 0.441618231475752 0.433817088217624 0.432156566968711 0.4354618742303 0.439424845484621 0.442042842853119 0.449886320350357 0.463389162826099 0.477615811083304 0.492483536939374 0.510837087285282 0.525068729712289 0.533928101718552 0.544533659043285 0.555556798416696 0.564490888977947 0.573968222883371 0.58430158532346 0.590748799004772 0.595331744576713 0.5899522622972 0.584387747443138 0.578467731558506 0.572713971036825 0.567045726786193 0.537325086455087 0.507500639312076 0.478692130804274 0.457975610199603 0.442337146997685 0.399209776989928 0.358918521533462 0.333072835482902 0.309787116138891 0.288444406431254 0.312934065457185 0.345433996816112 0.386271701922015 0.4217954342745 0.452464554714912 0.5060257853687 0.56376282054964 0.620626500372688 0.657447203347572 0.672262888975521
0.390332485640206 0.386997666794473 0.386521089464541 0.387812574608838 0.394610067790714 0.405427520761295 0.426950022023736 0.443233653385224 0.455595781870841 0.451691868999213 0.442546040525795 0.421097903167194 0.413564722265726 0.418571501706224 0.422293858268463 0.42657820364437 0.434996267241149 0.446421048620165 0.46110220317405 0.482843416147525 0.504683517155323 0.513681699215616 0.523058237429278 0.532927904458829 0.54541208503331 0.558811448979755 0.57292299673251 0.584522139790889 0.592162301792116 0.598089506559727 0.603045244555438 0.597594703421037 0.593509601517795 0.592047902845271 0.589924824655443 0.587461554672316 0.55378761704344 0.518297959857631 0.480136093944321 0.460112789962631 0.451472184496413 0.408300601159257 0.365062856679553 0.329112557775082 0.300515599274889 0.27749981150965 0.312783104661998 0.357499278273557 0.409880486516061 0.455700277511523 0.495525846141602 0.553752271695014 0.61214240738548 0.652897305795528 0.680682173734689 0.69422735324512
0.378200883795041 0.380134492656719 0.383358321782222 0.387380260521397 0.391803066786247 0.39945603342472 0.41652133856991 0.431126946472317 0.443891372976119 0.423173903169104 0.404901243525135 0.411711536969036 0.416871255109428 0.420543498322308 0.418204244788073 0.417606447299559 0.431759402675134 0.446166914118333 0.460850118064168 0.474750955329027 0.488750935565244 0.505012040469729 0.519540845966978 0.53181186670812 0.543338663787607 0.555128285199277 0.573646127916149 0.58981029876462 0.602265615556809 0.609185956416445 0.613720813151366 0.614903644924388 0.615143758447539 0.613572637866725 0.611512080971684 0.609199774191612 0.576584746164893 0.542501078898137 0.506521470406465 0.472749084267852 0.440361821530762 0.413636168138305 0.386720493816359 0.358008917251812 0.337647445429237 0.323623686490535 0.355612098139431 0.390760199243734 0.415294895594152 0.454428803557345 0.506899909487291 0.547692425057867 0.589023557146587 0.644954967280903 0.680682173734689 0.69422735324512
0.366375942792846 0.374755470486305 0.380367386072298 0.384267301086128 0.386347224782915 0.392296690763895 0.409984959522349 0.422210436175925 0.43034679526129 0.403644873923957 0.383138567727872 0.402639494346384 0.411739802433122 0.411467221404313 0.410383472997431 0.411928670836767 0.427844017860177 0.44225798774113 0.45504591733292 0.463484012163274 0.4723952874508 0.49328406587341 0.511294035647598 0.52555192292669 0.538011646868163 0.550455818392499 0.570540274211463 0.589969493190676 0.608366207238527 0.618521784885306 0.625256000113058 0.632239268957469 0.63716520665149 0.638138416854292 0.637054518513832 0.634912511438473 0.603786776731881 0.570640245586385 0.534217803657216 0.489875536485884 0.440563251108776 0.425201098556304 0.409795062890206 0.386898201467758 0.372626027733283 0.364899974792323 0.389988048087163 0.415205847065135 0.424596691223034 0.462447751435325 0.526298813960195 0.550607079209806 0.564750914207612 -9999 -9999 -9999
0.355017329323678 0.371633342019247 0.377637748736844 0.377077985765764 0.376863390563772 0.383331021486396 0.409367460413872 0.418145137086148 0.414003942494713 0.397784980201923 0.385527232311283 0.394045431683999 0.393777024657915 0.385590253235877 0.396888870034551 0.41125992486297 0.422896832992977 0.432791357737808 0.440798824592021 0.447389753885194 0.45539629809102 0.476905426158152 0.495855377138839 0.511469836004357 0.527737010196216 0.544278955930898 0.561611828161199 0.582329265423376 0.608380011000853 0.625180303070794 0.638098376176457 0.649615468103251 0.659775594032396 0.667328596260266 0.668611450394038 0.666669147309339 0.637687174147479 0.604764810904815 0.563907659260586 0.513830001834309 0.457966095317677 0.446238786098009 0.435024306712436 0.415776726602517 0.404330223227656 0.398804721571895 0.411509774790785 0.42624644277554 0.43980988839438 0.484594292036906 0.557900790496469 0.567168916916644 -9999 -9999 -9999 -9999
0.347105639051207 0.356788227483587 0.359379675411598 0.357584657270892 0.358590809290041 0.366034455461229 0.391832909525353 0.393638111290938 0.377483407643885 0.371387816258303 0.370611400989512 0.385355319272651 0.387929335338419 0.379536009059884 0.379018249615744 0.382057578150675 0.395964665878602 0.407495679115037 0.416453326377022 0.424228379575289 0.433054903748423 0.452161857933538 0.47256982379043 0.494673457444577 0.511223509165483 0.526384251235575 0.547378120852975 0.569965019859566 0.595062172564305 0.618905612761497 0.641982689437552 0.655219906474068 0.66877943835311 0.682958230159576 0.690820742257472 0.695434368557095 0.663580686359745 0.628255145806934 0.586601843860195 0.541041779311928 0.493030059498355 0.476838742414332 0.462421502943523 0.446415106880226 0.435349270451145 0.428033308953561 0.432979616482523 0.440357839426791 0.451089806562587 0.506153375394002 0.601716346774 0.620294776061852 -9999 -9999 -9999 -9999
0.340377148598683 0.337426903053333 0.335273449157706 0.333612877829164 0.337188313821419 0.345521395513591 0.366781896186626 0.360588151047395 0.33384380893913 0.337551807427212 0.349010273082149 0.37564269800274 0.38538069836585 0.37989368422002 0.359044715499048 0.342193032806699 0.360693896634834 0.376150240630042 0.388309270599682 0.39846370729774 0.408817966764111 0.424553152173925 0.446609720690815 0.47690523586845 0.492468990442515 0.504298906368738 0.530960144897332 0.555390126573933 0.576304152548625 0.607316112403447 0.642015000858839 0.656109167640063 0.672385034549224 0.692852577684968 0.708788275613981 0.722392941952965 0.685665292260467 0.646906173319434 0.605966263153044 0.568818503485016 0.534050475242823 0.510739007953783 0.490595889586327 0.477450135435098 0.465752154282158 0.455153029954097 0.454529943085772 0.456229252405287 0.461994279935124 0.527978133552601 0.648975259541139 0.668260445073856 -9999 -9999 -9999 -9999
0.327969509441858 0.322856888066064 0.321470726949199 0.322389694530905 0.326929525977329 0.328204739966315 0.319156175996354 0.316183453296987 0.317758739894748 0.326068475300489 0.333925594864733 0.336886619671896 0.337503952601543 0.33600918383052 0.328551517418296 0.32373480315119 0.338273902859517 0.352699242021078 0.367001374809553 0.379107031353745 0.39156253269783 0.410910335391123 0.434138730613718 0.462424878913361 0.481058841647535 0.496551992270104 0.512565785851553 0.531214840339521 0.554016469463627 0.591204193134581 0.633876006884059 0.656492567915943 0.676936066579286 0.693204484647249 0.711670833741367 0.731267726007405 0.68964793624814 0.647991024862454 0.609458876805543 0.574904293893653 0.542845797774207 0.529413901333238 0.516172599586302 0.499463860871574 0.486041074838933 0.475112320353512 0.479066485925002 0.487873371883283 0.508143119630534 0.564561803700157 0.654004566932873 -9999 -9999 -9999 -9999 -9999
0.314029331040823 0.309015341352515 0.304324928493115 0.299834675083351 0.30512659660569 0.303676747879027 0.280442954246022 0.281464252478454 0.300641453472957 0.313243563671168 0.319457296657999 0.30443737958214 0.298114404371228 0.299628989156913 0.301266936459436 0.30449278773005 0.315812168266522 0.329698356395873 0.346364480653542 0.358354199112351 0.370504997184239 0.392886577816599 0.417729279235538 0.445779671525731 0.466768963907853 0.484829969688152 0.494920116581933 0.510916036603438 0.53621811816526 0.575007022051029 0.61898869175559 0.646237107572534 0.670115078675214 0.687517451779397 0.707570644102141 0.728987330334327 0.684403845136013 0.641253595218242 0.604969585456841 0.574017511536892 0.546411448089873 0.54056074444741 0.532962657884643 0.515419767180831 0.503090684657948 0.494718872169802 0.504639733481445 0.521955690191383 0.558923624617334 0.587121116044686 0.60730631628598 -9999 -9999 -9999 -9999 -9999
0.297253030503901 0.296521900407997 0.280992422203261 0.256308922609098 0.261960041180232 0.265803432813725 0.258223231247562 0.264669063948244 0.281613942197757 0.297935920628119 0.306129673314251 0.283659594961198 0.274431291645744 0.277136287176051 0.279920232836746 0.28380029580849 0.293273187979862 0.307530451330029 0.326969344315435 0.335017635462338 0.342411280301492 0.366755436889672 0.394031298496992 0.425128184849784 0.447149850367992 0.465751598350573 0.478659975059877 0.497791064052707 0.526727738948857 0.558652083680491 0.591612911436838 0.6162933369839 0.642248993500839 0.67065473711792 0.690548158616312 0.70606312258626 0.662084727881896 0.620040226434421 0.58570895461652 0.560227263224042 0.540299049905007 0.537776153128104 0.533492109816468 0.520165053607554 0.514145615434917 0.513672644810903 0.532131510177013 0.560550147226029 0.618275504535356 0.634863301110621 0.613869630553826 -9999 -9999 -9999 -9999 -9999
0.279518135090777 0.26691163861537 0.25115016955703 0.233437084933572 0.239921450105982 0.246374498136507 0.247860956201669 0.254116696089628 0.263942433465124 0.273267775630349 0.277213599525843 0.260906643375379 0.255862231849754 0.260967464944304 0.265168984518232 0.269916644697501 0.278352219081729 0.290427106900629 0.30644348956604 0.31630510790983 0.326244330239015 0.348625636836499 0.371478961408787 0.394947488516887 0.418175731244176 0.441650449229014 0.469437931978375 0.495516568887722 0.518902451590169 0.535711861446684 0.549961690694378 0.571267328696511 0.59472599412925 0.622321247253619 0.648291497259258 0.67342589929771 0.646624704438692 0.615773763762983 0.578035072662887 0.552258522997714 0.533988712293793 0.520047359933319 0.509488809854145 0.508114534784483 0.518502018215607 0.537816652944936 0.563823445090248 0.596801201452134 0.653555192969855 0.681600242084801 0.683418063428976 -9999 -9999 -9999 -9999 -9999
0.261308593530965 0.228826020589579 0.218084630305919 0.22079198778901 0.228344324157008 0.236078257881704 0.243369870455821 0.246655447169571 0.246942346411979 0.243964798656978 0.240578938751341 0.237175692206818 0.239825384124997 0.247929897875246 0.253683461401777 0.259404376153204 0.267203291784019 0.275831468542304 0.285357762079758 0.29988216167088 0.315982892561615 0.334457683136094 0.349493887256792 0.36004842496032 0.384569501660663 0.415062282723971 0.463700787875318 0.498614663759178 0.511901630806222 0.509510950377435 0.501242016992698 0.518773383551893 0.537469916883886 0.558405072196512 0.593540189165128 0.635979297706123 0.63456094622488 0.619898524416657 0.576098343961619 0.547172289709172 0.527580365410545 0.4949189780159 0.473338171695798 0.487747609896406 0.519541659577218 0.564530594779096 0.597595079116202 0.631891924926611 0.676915588683691 0.693842357180828 0.685101037272075 -9999 -9999 -9999 -9999 -9999
0.228493583015161 0.215330938783449 0.213294979456403 0.218141809401622 0.217873430991694 0.22014113097303 0.23089254540735 0.232956533796849 0.228517637621017 0.216768619231193 0.208354125044036 0.216082963176345 0.222435340478384 0.227547270907517 0.233440045894246 0.239866620020348 0.24830733238583 0.257812281667745 0.268469834152677 0.279626273106323 0.291749772622441 0.31027341169629 0.324584777665264 0.33340609614879 0.362832043909854 0.397601765179492 0.413235766128039 0.430987202668249 0.452075238370176 0.469279298614078 0.484783030511915 0.496874075776839 0.510614791723271 0.527525001629399 0.563205550234751 0.608540941507372 0.603673614729576 0.591590859672727 0.56501451995261 0.548384203883441 0.537995429402479 0.519675304372018 0.504590394354204 0.500905734421187 0.514210433198319 0.54041002143053 0.573957013652526 0.608020840228818 0.640437638623742 0.669124453970937 0.694403720771014 0.698432868954391 -9999 -9999 -9999 -9999
0.204927334474614 0.204944477774185 0.208103880770225 0.213207035343202 0.207567803295973 0.205615889935579 0.216664651543225 0.216372935362323 0.207592419668865 0.192359159372892 0.182749580277648 0.197597974238919 0.206142703385 0.209006659685328 0.214753436605657 0.221292952398838 0.22917675786681 0.238656967803623 0.249866135715568 0.259080776183089 0.269004767244448 0.288168571121946 0.303213955356606 0.312891615599672 0.341406870010423 0.373452905848604 0.37006261190262 0.378163824811407 0.404373051153719 0.434496681573075 0.46569486963077 0.474657850335318 0.484677325125957 0.496726630271136 0.53179487444436 0.578703301058852 0.572851777088527 0.563266598721212 0.547587291849614 0.538926718835186 0.534670691878911 0.527241533060494 0.516001060211123 0.494043604649627 0.492384424469182 0.506131594912851 0.542661625775972 0.579927227524235 0.60871423084717 0.644962055262888 0.688025757860814 0.69177556734614 -9999 -9999 -9999 -9999
0.202891067056551 0.20089880418668 0.201138966117602 0.202760070314949 0.197605380354812 0.194480922211785 0.198688073373444 0.193401856788194 0.18100947615897 0.174239251291031 0.172104877100326 0.184978341017372 0.192393161728413 0.194888731018503 0.199882150591435 0.205191379222104 0.209746501634573 0.217015315467122 0.227223145391378 0.237991373000412 0.250076779925908 0.271108810219347 0.289998956993825 0.306097489375168 0.320333308151404 0.333777963344195 0.344872469624014 0.361240141950445 0.385917130262673 0.41256348958828 0.439632845186256 0.4507901272382 0.459908986990992 0.465111448618456 0.497189545980835 0.543091583271061 0.542750802822801 0.535889248666119 0.51597529169971 0.504952537715944 0.499509381683372 0.494100917820311 0.480127840075056 0.440518806879713 0.43314493467596 0.450237485522357 0.495651228751003 0.543996817330093 0.589647716202533 0.633758120832738 0.676461197641393 0.685961978551767 -9999 -9999 -9999 -9999
0.199897588554665 0.196408573110877 0.195199196425171 0.195399967804519 0.189984582213419 0.185677236642928 0.185757670410895 0.178667889123003 0.166210916151832 0.158253671808832 0.15577044608459 0.172016032344961 0.182163524327462 0.186815500701156 0.188653983069786 0.190217527571886 0.193048197972829 0.198251381797897 0.206024074845605 0.217440585922443 0.23023820549676 0.246531717360484 0.262056444334467 0.276579178929114 0.28757826119514 0.298347151344589 0.32144280959132 0.344959194661089 0.369138549962672 0.39185294322227 0.413913477449612 0.434183541552852 0.448515873571494 0.451440106878443 0.474058706415001 0.506807437880734 0.514449688056231 0.514450654493657 0.497629968952771 0.472502532435941 0.442162265797368 0.433783803194974 0.420999667178227 0.390271404695175 0.38925660495718 0.410794264317964 0.448376379673417 0.493951905018711 0.562624903957982 0.621345758796426 0.670974772267887 0.678884916618701 -9999 -9999 -9999 -9999
0.196324649635095 0.191649223266804 0.189880011822967 0.189908538436451 0.183781317683435 0.178284823628338 0.175882036498463 0.168920365731671 0.15854618890328 0.143560136435542 0.135991662902988 0.158846280546114 0.174064707624945 0.18240150865378 0.179631225618138 0.175926357096 0.178003718012405 0.181229513268848 0.185699100277244 0.197215857242963 0.209848395090127 0.217403907957627 0.225198435678487 0.233304482349332 0.247751672394012 0.265485580003164 0.299078880821858 0.329067335869639 0.353375370023064 0.37188254158809 0.388401541493084 0.421972581648062 0.445219629725728 0.448631306480018 0.45787410080084 0.470116229528 0.487238142095099 0.496607164914563 0.487315805225117 0.440975207203586 0.371384678357781 0.357015034434978 0.347793800376978 0.342008017371011 0.354661303473244 0.381309806338003 0.400941441040394 0.435362591759112 0.530785641498443 0.608201859090689 0.669167826390679 -9999 -9999 -9999 -9999 -9999
0.192601101170283 0.186639645582369 0.184177721313263 0.18388055113088 0.179326060980589 0.17520033672402 0.173192342059723 0.166274784818596 0.155682224355721 0.135580090311975 0.124611812123502 0.152910312812051 0.16822868852397 0.171849560694133 0.168349012440668 0.164364350782896 0.164682263144829 0.165375300003854 0.166474608897052 0.174980808373584 0.184515278264411 0.187613971932502 0.193746085516911 0.203831793507301 0.220112332693822 0.239307174146031 0.270067618125027 0.296930621751608 0.317652141658968 0.335387535206724 0.352247112282601 0.383815859539033 0.40995176832694 0.425649624900539 0.435657231858541 0.442737962234485 0.469066928969627 0.481210429576297 0.45866940240401 0.420892482456941 0.373554409055526 0.354911295018281 0.33867323835476 0.323411661052419 0.317249609727216 0.317994080512156 0.321799950204022 0.345735286812952 0.446421247901271 0.497154319839032 0.502252628113986 -9999 -9999 -9999 -9999 -9999
0.1888887338807 0.181940447279383 0.178642260543525 0.177601967188482 0.174405721625621 0.17138056618847 0.169292540607905 0.162010127067444 0.150839507156481 0.127858440659837 0.115099837609838 0.146837920515969 0.160970041900381 0.15923592180968 0.156089785552186 0.153003053030772 0.151572994598599 0.150031725151084 0.148370010555956 0.153234987934033 0.159150901781527 0.160498442078077 0.166075580548484 0.177165347056226 0.19418162551547 0.213779774139714 0.241711643078765 0.266124233314351 0.284991236983784 0.303264496335217 0.321495619054099 0.347954576788 0.374280815156822 0.400352061283458 0.412919419772986 0.418540824189872 0.447037511811376 0.458499043554778 0.428320922501441 0.404554265293536 0.38481106707155 0.363729578357461 0.34141012979184 0.315676362567539 0.290401546602879 0.265475073731051 0.257068133526595 0.273814570284203 0.380149279175427 0.430914824374856 -9999 -9999 -9999 -9999 -9999 -9999
0.185235412617764 0.178174344166636 0.173652993479534 0.1707026715697 0.167840586135032 0.164683030297697 0.160639343671505 0.151836892047221 0.13947231519776 0.119670380196102 0.109424260826474 0.139075885282188 0.149234119629479 0.141825188772685 0.141440652629652 0.141725896951205 0.138761424519333 0.135939620679576 0.133272331566478 0.133250170909515 0.134584945437855 0.141154659354608 0.148255925253532 0.156049987072959 0.170951218091092 0.188914862845632 0.216424706835614 0.242042322917137 0.264678216164683 0.286619849742375 0.308116148843247 0.323321832869445 0.34319885184498 0.372050854780409 0.389774384985718 0.40177379614033 0.412344092132485 0.414417297288278 0.396394606003919 0.396875398697988 0.408967893599008 0.390390642989041 0.36656677027144 0.333691507167614 0.294287201594863 0.249927365779878 0.239264477621148 0.258136065254654 0.375082910184847 -9999 -9999 -9999 -9999 -9999 -9999 -9999
0.190776485782726 0.182691047795729 0.173706166122765 0.164164902975369 0.161717994692559 0.158519545141965 0.151683246129015 0.140341234296695 0.125626516878423 0.106902969063397 0.0980527595422284 0.12869460854481 0.139107621216186 0.131290695034435 0.131126592793606 0.131494980568577 0.127303091623449 0.123581763520074 0.120370068116941 0.117288739003426 0.115520158857989 0.123492534114972 0.130181867414313 0.135198953663686 0.150535380523184 0.169946174111769 0.198289084428379 0.224355693404527 0.246835366761806 0.270934033191225 0.295142541785733 0.296712755298283 0.307805099700642 0.337192208432023 0.36091497371905 0.381724187703409 0.368591054524944 0.362852890641379 0.376450770438619 0.400632769494047 0.431456741547221 0.427288390068568 0.41084511838427 0.365256259210388 0.307874041693625 0.241540688661386 0.230139476034576 0.226663043906142 -9999 -9999 -9999 -9999 -9999 -9999 -9999 -9999
0.203058162611316 0.193280051009858 0.177456057220992 0.157892177435765 0.15591984158645 0.152747583796683 0.142505085790425 0.127876080667929 0.109963600178307 0.0907783397758295 0.0825054563757069 0.116393110849596 0.130161025235403 0.125797316746756 0.123990666086177 0.122031084481795 0.116836845328547 0.112495319489148 0.109077309909731 0.104276935230233 0.100488395372243 0.107063267296344 0.111921301726711 0.114541703617421 0.132182963231059 0.155300129974313 0.185396240392265 0.211357578627579 0.230803451904817 0.255951155081808 0.282466481530217 0.268654786017745 0.269250284603323 0.297526165208061 0.327866233037108 0.359268050640939 0.318196220736064 0.305802788512377 0.365291543311045 0.412774286115533 0.452722759366674 0.471690864050248 0.469141991973484 0.406754513049852 0.328573024346755 0.238403913648428 0.227376978205692 -9999 -9999 -9999 -9999 -9999 -9999 -9999 -9999 -9999
0.202292137013396 0.194485140362674 0.180132275635933 0.161730241641136 0.160781769606421 0.156394525090554 0.138385096475802 0.118534387259968 0.0973054061440978 0.0756791260073122 0.066783336982171 0.10656018004434 0.122463512228685 0.116852376828912 0.113241783465143 0.109910045744043 0.106108391247975 0.101089658551074 0.0947527905678077 0.0915919530092978 0.0901418305617926 0.0955971556723642 0.0978225222597866 0.0958381367189351 0.103945636997152 0.116134578929566 0.138341832558852 0.160396296581071 0.18220999877003 0.209231187720934 0.237756952279416 0.239717331108645 0.251235800144571 0.281118121745708 0.292223858968246 0.293671540952201 0.277005875994428 0.282758975361196 0.342681734307136 0.399922795472272 0.455480980262558 0.502264159049102 0.517207279371726 0.438775576207739 0.344980697432697 0.239525198938963 -9999 -9999 -9999 -9999 -9999 -9999 -9999 -9999 -9999 -9999
0.199686897532656 0.195599046897802 0.183092568895051 0.165378462687545 0.164631658834525 0.159026585599618 0.135725536523514 0.111551850474278 0.086724960878394 0.0621771392279144 0.0525994488314229 0.0999057057656772 0.117599742780573 0.108607669452954 0.102944875314965 0.098299265410072 0.0957319188469678 0.0905946606347795 0.0826741045004184 0.0814062748091488 0.0823209277535732 0.0870372792527116 0.0871644262557395 0.0813102539148427 0.0805755223754158 0.0825143281247067 0.0975225248882646 0.115505823223111 0.138177208150936 0.164262976266071 0.19151364029344 0.208512944610182 0.230005088407179 0.260129274801632 0.256291690034993 0.234985291172014 0.243169109672375 0.264973380318575 0.317562934928953 0.37865385159706 0.445079724897276 0.509988396795571 0.537803216732458 0.454948650556202 0.414573306982196 0.406439608836894 -9999 -9999 -9999 -9999 -9999 -9999 -9999 -9999 -9999 -9999
0.195940946743511 0.200441731347742 0.187567339153271 0.163944940567096 0.160124821019255 0.153829162732659 0.136269013677471 0.111930258851984 0.0825174474980452 0.0541306825678751 0.0441731751156466 0.103922216475821 0.122662009433116 0.104444852491921 0.0958827730883536 0.0897244718656253 0.0867691881345219 0.0836017450349106 0.0802045264370841 0.0803108597003496 0.0817993788436703 0.0870620824633147 0.0874123333912262 0.081359960871854 0.0794664196478376 0.0800002424145317 0.094534772881836 0.109487097349569 0.125097770584596 0.139515464774025 0.153483404972164 0.169316067806342 0.187995256175082 0.212143442440827 0.220412778257514 0.220514557522381 0.232506933472456 0.251877197523313 0.288137469263216 0.337120992013215 0.394088881491435 0.439304931321129 0.461366484358408 0.416688869317035 0.400150537066303 0.404969864461298 -9999 -9999 -9999 -9999 -9999 -9999 -9999 -9999 -9999 -9999
