layers/veg/veg_5500.asc
NCOLS 255 
NROWS 330 
XLLCORNER -2985163.8955 
YLLCORNER -3022031.214 
CELLSIZE 25000 
NODATA_value -9999 
[rows 225 to 249 of 330, columns 57 to 113 of 255]
-9999 -9999 -9999 -9999 -9999 -9999 -9999 -9999 -9999 -9999 -9999 -9999 -9999 -9999 -9999 -9999 -9999 -9999 0.282983741001559 0.276681400548308 0.263281268582192 0.24555343808665 0.210347955838191 0.170041594602414 0.118273151595535 0.0842790745870653 0.0634061289047161 0.0710468999226201 0.0821581288631846 0.0935149994998979 0.101072720800386 0.105253095789065 0.111926482057253 0.121822756781901 0.145712196623254 0.156935844173254 0.154627582091317 0.153430387580264 0.15329298442889 0.158935481249088 0.166445389073553 0.176355752749955 0.181913824717613 0.186062636087193 0.190194555170379 0.20035624659086 0.219884646494973 0.220006633978305 0.212535665723388 0.217239339093736 0.222133084770873 0.227386553039426 0.2355952877576 0.24530118722211 0.27285479081782 0.294004155760393 0.299421770498238
-9999 -9999 -9999 -9999 -9999 -9999 -9999 -9999 -9999 -9999 -9999 -9999 -9999 -9999 -9999 -9999 -9999 -9999 0.286525620207643 0.291905055274725 0.279920072843967 0.257347576827673 0.216240001328112 0.170229229832644 0.113524490545679 0.0815238609369097 0.0677599362216666 0.0827566563018065 0.100201391605951 0.113966765335322 0.119482241272873 0.117663769683186 0.112535037151568 0.112164347383064 0.138801820145272 0.155805092827502 0.162515355656155 0.159891900077907 0.155865999763882 0.158537700474395 0.163481309833048 0.171345334888636 0.174402831799098 0.176377950862379 0.184299654639794 0.192795910943356 0.202184682871042 0.213676337033159 0.225803208494549 0.230024375660358 0.230278196635811 0.22302359054605 0.227979929835702 0.23912244463716 0.265849006150021 0.286613598128015 0.292777575197564
-9999 -9999 -9999 -9999 -9999 -9999 -9999 -9999 -9999 -9999 -9999 -9999 -9999 -9999 -9999 -9999 -9999 -9999 0.304266759482637 0.303798598747999 0.292799561118191 0.275379588135436 0.220875245939646 0.166077236082982 0.117355604298101 0.086616796959648 0.0691530060801379 0.0844971801754445 0.101293320950988 0.108890418819712 0.114583018269793 0.11858256747604 0.11927166009827 0.12352267798726 0.148748338393912 0.162268537349693 0.163282827246676 0.163065443873051 0.162681125200946 0.163314178793643 0.16514265212381 0.168507772875342 0.170020690258248 0.171374071237663 0.178260590077143 0.185220281452342 0.192293639774277 0.204575249241239 0.218918315670831 0.230825407011914 0.235555762041952 0.226703737674712 0.226733818440838 0.23126365410407 0.250536482636534 0.268381703556823 0.282253212591928
-9999 -9999 -9999 -9999 -9999 -9999 -9999 -9999 -9999 -9999 -9999 -9999 -9999 -9999 -9999 -9999 -9999 -9999 0.304907667655375 0.306553341122142 0.303370173294565 0.2972427418421 0.224738595473066 0.159259952781074 0.126456197134355 0.096529866552455 0.0687276664267382 0.0801148554451902 0.0919741732175599 0.088135356115916 0.0953681588956651 0.112443347763174 0.129771986185976 0.147788954826466 0.169047931895376 0.173396143485312 0.159677190779131 0.164219601063606 0.172101646580133 0.171268555216066 0.16964481047031 0.167004723562814 0.167560209515143 0.169245023152656 0.172132983639078 0.177635258872309 0.187198636705773 0.193772412306804 0.199656310358415 0.224266167694763 0.239072153473861 0.235323757806922 0.229399535984078 0.222373020926323 0.230122171767207 0.243491336058735 0.269345750088398
-9999 -9999 -9999 -9999 -9999 -9999 -9999 -9999 -9999 -9999 -9999 -9999 -9999 -9999 -9999 -9999 -9999 0.350017953714306 0.343602000303053 0.322440994199172 0.305350507319159 0.290741916396108 0.223688885123257 0.165530653761288 0.142842316125959 0.114924229740262 0.0831455150676074 0.0866896274100161 0.0910704468080459 0.0828361063450677 0.0860599102478593 0.099469710590678 0.120732049175321 0.143086501274036 0.163817620997237 0.176433553145215 0.180379361672968 0.186706480339059 0.191242043297509 0.178235551852452 0.168302534713989 0.162320302575818 0.164051923008662 0.168119212272965 0.17017682123175 0.173657708959021 0.179349532119606 0.184455707784727 0.189564681806754 0.203186096277403 0.216687205339795 0.229960629612379 0.231752303458996 0.227727218560828 0.226865109161372 0.230939975413098 0.246408432775171
-9999 -9999 -9999 -9999 -9999 -9999 -9999 -9999 -9999 -9999 -9999 -9999 -9999 -9999 -9999 -9999 -9999 0.33410325906606 0.337000261753369 0.320997390084187 0.302438614422678 0.282321441063955 0.223466423239529 0.174052700620058 0.159127308301412 0.132074168182159 0.0960682602625779 0.0952985725603104 0.0954722250150372 0.0834671778644045 0.0826948148364221 0.0919080198753837 0.112929823057479 0.135237815072431 0.153308213880965 0.171616464768178 0.19017883263129 0.199068886672479 0.202634817437681 0.184626998914282 0.170314675114221 0.16075270991983 0.161483076300938 0.165419277010214 0.167799592688814 0.17006352419464 0.17214666336578 0.176415829131648 0.181540621287184 0.18530528980904 0.195756514609169 0.218862425369123 0.226392121767611 0.226030766912034 0.223726058834274 0.224112097026262 0.230866907828515
-9999 -9999 -9999 -9999 -9999 -9999 -9999 -9999 -9999 -9999 -9999 -9999 -9999 -9999 -9999 -9999 -9999 0.315388663217727 0.307232887286575 0.298432962090273 0.286943304854187 0.273813651659918 0.226607079695657 0.186592756128035 0.173703879831857 0.143953341968385 0.101755436034463 0.107706454547925 0.113695181536991 0.098373164998969 0.0947189072427783 0.101436987765888 0.112524940653461 0.123846285924569 0.132375839191759 0.145490171512658 0.163502801106248 0.177800026210109 0.18957342790104 0.189533552797428 0.18323201578666 0.168881451039877 0.161854045416561 0.157939414863573 0.163386326401516 0.16688595957281 0.167360671109159 0.171806788114266 0.177759508847114 0.179561513699866 0.184088390592503 0.193772241944101 0.198625775099092 0.20103222531221 0.217601178760773 0.231561493364781 0.238814862816981
-9999 -9999 -9999 -9999 -9999 -9999 -9999 -9999 -9999 -9999 -9999 -9999 -9999 -9999 -9999 -9999 -9999 0.290423873952708 0.290464655261958 0.287474545855037 0.277667180086467 0.263703164988657 0.215282135863426 0.177172944688814 0.175265908283624 0.151854404374904 0.112568188409653 0.121181153061213 0.129389190493076 0.114746165725124 0.106924383116746 0.105166509823521 0.111443867255627 0.118561979121115 0.122622864321571 0.131275201435342 0.144832964987599 0.157022738932504 0.168854786592057 0.180547442096652 0.185212935980464 0.180845393646448 0.169565662330647 0.157188354324997 0.159139306648061 0.160874765661903 0.162275475220087 0.167288439064363 0.173624225612691 0.174515460449825 0.175956075519624 0.17843642375364 0.181996421801832 0.186103380223217 0.204004354763919 0.220034349032429 0.231096250002685
-9999 -9999 -9999 -9999 -9999 -9999 -9999 -9999 -9999 -9999 -9999 -9999 -9999 -9999 -9999 -9999 -9999 0.28541462732197 0.283359920658363 0.285143980664377 0.273014366167938 0.252401241191648 0.193203537188046 0.151428278086709 0.167152990558286 0.156798158695191 0.127191268774372 0.135448917639465 0.143203192487981 0.132209737011761 0.119264698552574 0.104584752879589 0.109860116857836 0.117817750837249 0.12118059931553 0.125915049383563 0.132114894457028 0.13661088469976 0.142443782645821 0.161233594087429 0.179063775935467 0.195660405840031 0.182734280072642 0.16143945121914 0.155015873735676 0.152757065921944 0.15696785284839 0.162837509969105 0.169225653582638 0.169988090880636 0.170452263116173 0.170351951850612 0.173646253627732 0.178660297113964 0.184852925057148 0.194400139357221 0.211731189106779
-9999 -9999 -9999 -9999 -9999 -9999 -9999 -9999 -9999 -9999 -9999 -9999 -9999 -9999 -9999 -9999 0.30673816862936 0.296697729109084 0.288569009595993 0.285181134533791 0.269262491108881 0.245703529182422 0.193623022604488 0.154254288022265 0.156907688952769 0.156359054416925 0.15344666030346 0.144248633801986 0.13490067042694 0.127793647323311 0.119679810781052 0.110670942916591 0.111907472673418 0.115072618584612 0.118660674509367 0.121488877628965 0.123505267380997 0.126317671711975 0.130163428671587 0.140169116891478 0.154247548918921 0.173561272847258 0.174448140783125 0.168953339563457 0.158162603921774 0.151479091490686 0.151175780556246 0.15537894100209 0.16130672562273 0.163052602591494 0.164086889399948 0.163774451581244 0.166534324105659 0.17085065687281 0.174988952637164 0.181736860994622 0.194587485251339
-9999 -9999 -9999 -9999 -9999 -9999 -9999 -9999 -9999 -9999 -9999 -9999 -9999 -9999 -9999 0.31068416719357 0.308176162211481 0.301744297164716 0.294870267492992 0.287115810357242 0.267559949623419 0.240808482072465 0.194892038982102 0.157058978958906 0.146139665130181 0.152221928682056 0.170854846900434 0.148816055708185 0.126683406236868 0.122320721502406 0.117656186062228 0.112723313087131 0.113288863989003 0.11513412003141 0.118440552907177 0.119096025674693 0.116919259305681 0.11897275538439 0.121889498578575 0.123447539384052 0.131553862768724 0.148077649262188 0.16137366456051 0.171899744738888 0.160705300380661 0.151728398095036 0.146196247780521 0.148220744324318 0.153266665042999 0.15584783491067 0.157386228257611 0.156951108057828 0.159121960574235 0.16261302246841 0.165980014921054 0.170777424280333 0.178921087078518
-9999 -9999 -9999 -9999 -9999 -9999 -9999 -9999 -9999 -9999 -9999 -9999 -9999 -9999 -9999 0.313334404723842 0.314798920814162 0.306736590807836 0.299646169504295 0.295118963543664 0.273170341921543 0.240599453527835 0.189054112158293 0.146690986287517 0.134378180828853 0.136610289080776 0.149579529838061 0.139933846336327 0.128922298483642 0.122889831031799 0.111903407957511 0.0965130454037182 0.110495706628411 0.126693250261482 0.127384289585014 0.123940596171247 0.116079427050764 0.118105826036695 0.122244114324608 0.123900473206589 0.125415996674544 0.126750483834483 0.140079129391844 0.156132043508999 0.15763934856774 0.154601145157077 0.144501903557719 0.143573151132035 0.146383125128931 0.148731414435336 0.149816371491337 0.148510400807187 0.150009576637998 0.152929865096758 0.155938560092632 0.160297461526929 0.167806062302809
-9999 -9999 -9999 -9999 -9999 -9999 -9999 -9999 -9999 -9999 -9999 -9999 -9999 -9999 -9999 0.32532005378828 0.323411458305078 0.314612332996736 0.305797577749675 0.297185285211944 0.271151605654908 0.234495676790132 0.187475390435229 0.146986520437194 0.127287932493144 0.127308510713212 0.1418858820647 0.147224894716239 0.147150802247835 0.130994950850097 0.11817856536185 0.108330879409917 0.120481212019136 0.134080539287476 0.135008569490976 0.131927846818913 0.124564243107824 0.124404593513967 0.12580883844831 0.125590412882289 0.123886928450196 0.120274481161301 0.128701750079212 0.140731850228551 0.149088332092434 0.151402586684612 0.144330785173835 0.14150058109588 0.140487074502776 0.142330534997625 0.142920513438891 0.141138206194638 0.143066919258584 0.146875668817746 0.149380135436404 0.153301150998326 0.160587215698594
-9999 -9999 -9999 -9999 -9999 -9999 -9999 -9999 -9999 -9999 -9999 -9999 -9999 -9999 -9999 0.329384081732781 0.333567180470942 0.32506906427591 0.313180208445323 0.293937519551862 0.262303998582602 0.223115481716997 0.189709104316175 0.15682703031716 0.124378930631557 0.123654720422006 0.146349253813655 0.168992706301302 0.179691686562245 0.145845590843642 0.135219987478216 0.145236806209666 0.141904961798754 0.137733592566544 0.141451797098195 0.142728126052129 0.141395598103154 0.137117411748801 0.132246946497481 0.128387602630576 0.126483218050847 0.127091827905916 0.126201266145354 0.125660615135853 0.13562760704134 0.142769572524979 0.145523113790948 0.14173292705446 0.135474930434482 0.136570139890543 0.136627954977069 0.134722442542429 0.138066394878291 0.14406977360616 0.145939388357145 0.149423074849068 0.156855857494026
-9999 -9999 -9999 -9999 -9999 -9999 -9999 -9999 -9999 -9999 -9999 -9999 -9999 -9999 -9999 0.34901456522016 0.349060488450525 0.337886261517945 0.324763235508002 0.307549677009752 0.278017184898873 0.240973535157787 0.201862235745789 0.165690997274517 0.13839328590569 0.136071643659934 0.152187468213468 0.16992835996762 0.182203389175589 0.173359904352745 0.1649789221162 0.157009092815694 0.152000935193807 0.148273309324353 0.148315140004781 0.146915407770749 0.143975535082925 0.139829720863328 0.135411586885491 0.131187563432491 0.127992446320224 0.126119932663256 0.123469597151565 0.121153342253245 0.126208598109343 0.131463011706081 0.137026798923325 0.135851814603625 0.131946629399506 0.128982472755824 0.127140402423751 0.127421943903543 0.13390909272235 0.143540058417222 0.146196909855779 0.149580555961921 0.154964164997182
-9999 -9999 -9999 -9999 -9999 -9999 -9999 -9999 -9999 -9999 -9999 -9999 -9999 -9999 -9999 -9999 0.362757697016883 0.351586371020347 0.339442786563222 0.325451252236251 0.298545467372147 0.263765545467401 0.215036375025686 0.173292089346094 0.154316521070979 0.149726139327754 0.155754978638745 0.167752309868504 0.181560197448078 0.199464627500529 0.193106519251962 0.165179636787348 0.160405622583148 0.159234133321267 0.155205679926853 0.150662238441819 0.145568592741882 0.141714676522995 0.138106263161761 0.134044548447989 0.129577677483511 0.12459000007057 0.121493435999475 0.119154472450522 0.118651109805745 0.120743383066093 0.126867743027719 0.128631897273923 0.128427706933353 0.121745214868123 0.118164336769064 0.120453438533636 0.129799760483766 0.142721334090244 0.146675830467589 0.150327984205745 0.15366288877608
-9999 -9999 -9999 -9999 -9999 -9999 -9999 -9999 -9999 -9999 -9999 -9999 -9999 -9999 -9999 -9999 -9999 0.367596392842758 0.366023952263661 0.349550130940456 0.32077973121127 0.284511804372688 0.224181728380715 0.175352911984701 0.164219053375848 0.154725707590881 0.146443397080325 0.169095924770811 0.192786595473618 0.206568663630871 0.201050656742651 0.178375378185492 0.17072798877813 0.165928268381629 0.161843634786094 0.158321933198985 0.155401658265001 0.148693099673113 0.14145101953752 0.137190209439444 0.13256411400781 0.127468464035389 0.123591561978254 0.120123234414065 0.116835173801602 0.115513009231279 0.117244687178685 0.120270879364149 0.123573922469103 0.118000514757392 0.114778106392549 0.116005097268243 0.125149658322673 0.138305332131344 0.144839230682121 0.150327984205745 0.15366288877608
-9999 -9999 -9999 -9999 -9999 -9999 -9999 -9999 -9999 -9999 -9999 -9999 -9999 -9999 -9999 -9999 -9999 0.394490650350044 0.386356699673324 0.366773419624063 0.336895865060054 0.300741637449473 0.236654033251218 0.18468042761547 0.172893465697542 0.161062202560229 0.149198236027614 0.17854738577685 0.207987773438002 0.219407210010682 0.220001925271853 0.210973740940948 0.191064339728237 0.172299430236771 0.169191111919731 0.166777299030139 0.165105483519546 0.157118618727738 0.148095235171016 0.142957696530122 0.137758817291966 0.132481088033474 0.128057311842038 0.123799717571293 0.118156891237133 0.113769618963516 0.11133273688918 0.11400777574345 0.118525533068188 0.114309846379404 0.112754734908567 0.116234912524431 0.125133307077567 0.136776619398619 0.140585937811332 -9999 -9999
-9999 -9999 -9999 -9999 -9999 -9999 -9999 -9999 -9999 -9999 -9999 -9999 -9999 -9999 -9999 -9999 -9999 0.403135005372798 0.399967804159133 0.376600394735404 0.346430511683906 0.312112992700585 0.252705256668995 0.201824980015799 0.180246746236696 0.168836876524067 0.164933347138848 0.196720741485631 0.227464761728535 0.238414570392111 0.250793951095772 0.264444184674579 0.2221730856488 0.178323158476166 0.177301847073731 0.176088596169875 0.174670280479839 0.167100829651251 0.158288794964945 0.151545574002384 0.145329030657176 0.139789502905092 0.135069997841079 0.13038899147881 0.122853892633955 0.115777299339289 0.109412953138959 0.110001472176749 0.113267800304745 0.110677301833265 0.112197438582313 0.12149718499085 0.130101644373771 0.138353865052979 0.141216807135564 0.143151376520288 -9999
-9999 -9999 -9999 -9999 -9999 -9999 -9999 -9999 -9999 -9999 -9999 -9999 -9999 -9999 -9999 -9999 -9999 0.43433918574419 0.425168874869034 0.396600402768574 0.361545151225586 0.32253475028109 0.273052523608926 0.230837412228099 0.211556489695911 0.204995821036404 0.207825311304647 0.233626242978332 0.258429896982932 0.269278156117885 0.284335871597274 0.303135685794407 0.278495085614377 0.245332562060625 0.208638580088556 0.18782003374215 0.18396252349301 0.174821776654448 0.164663414003083 0.156647673750063 0.148991994923415 0.141799155587385 0.137683026006431 0.134096646086966 0.124651140813917 0.116559697077723 0.110571666036925 0.111075269696659 0.114125489041832 0.113338377686929 0.11559482823461 0.123611391832063 0.131285532195015 0.138786197846378 0.141391082954281 0.143151376520288 -9999
-9999 -9999 -9999 -9999 -9999 -9999 -9999 -9999 -9999 -9999 -9999 -9999 -9999 -9999 -9999 -9999 -9999 0.472331554987308 0.453871643360864 0.42192295126221 0.380631060846085 0.333642391996081 0.29273452127187 0.259367215731661 0.24663290723279 0.24599250543557 0.254279889759804 0.272370274830272 0.28957991936311 0.299135838884036 0.312978392414257 0.330631653626677 0.330472821146034 0.315458007481227 0.24168221960676 0.2001272544984 0.192996449514254 0.182280801569287 0.171027587890918 0.162354689103849 0.153614435279647 0.14478760019793 0.141302495168742 0.138812579373065 0.127099718787259 0.118096718885047 0.113303243594154 0.114035991149887 0.116960917115949 0.117472040209275 0.11972750791267 0.125284246453771 0.131819326924211 0.138850044275941 0.138720915348361 -9999 -9999
-9999 -9999 -9999 -9999 -9999 -9999 -9999 -9999 -9999 -9999 -9999 -9999 -9999 -9999 -9999 -9999 -9999 0.489483525231018 0.487069529513979 0.468031449332449 0.418994346403646 0.351666099477123 0.299381715503801 0.262036011556139 0.265006913370275 0.270006880962515 0.276504715682405 0.289766983424644 0.30057921133543 0.299236014576368 0.299778729408642 0.301997971272024 0.302656444774453 0.294595642110365 0.243968936018039 0.212209323546305 0.200606981935977 0.192017388203257 0.184472370309419 0.17912568202099 0.172745920933046 0.16503820063237 0.160705737401457 0.156480396343141 0.13986129335206 0.127581327382271 0.12204182013554 0.121603306538379 0.123142209386522 0.120834873314299 0.121952850554795 0.129553426981263 0.134579306449143 0.138300821121289 0.138467159676768 -9999 -9999
-9999 -9999 -9999 -9999 -9999 -9999 -9999 -9999 -9999 -9999 -9999 -9999 -9999 -9999 -9999 -9999 -9999 0.556182123455751 0.522828115265232 0.512297360013194 0.466108363246352 0.398177657232931 0.328835511720471 0.277355004623729 0.277701625468452 0.288563496530843 0.307187781118724 0.315758436276257 0.318871554784149 0.306100350830465 0.298077111175553 0.29427468999707 0.295050628846926 0.292852901951078 0.271496324482865 0.2455745853937 0.21477550795184 0.204007303273166 0.198554671488315 0.195714323522164 0.191236318052122 0.184653192429257 0.176913450102798 0.168198074590266 0.151912545515343 0.139321340924305 0.132468936830005 0.13039757893871 0.130270173641981 0.129718153423092 0.130874933806656 0.13526571598308 0.137392481237383 0.138372275015953 0.138588378615518 -9999 -9999
-9999 -9999 -9999 -9999 -9999 -9999 -9999 -9999 -9999 -9999 -9999 -9999 -9999 -9999 -9999 -9999 0.598825190653923 0.578569600443449 0.561901337628668 0.554178177328515 0.524549555803934 0.481564634343585 0.387810770740928 0.309048744250366 0.283044910648871 0.300055444696369 0.348819413262037 0.35287515114928 0.346604215033712 0.321720393636406 0.311258863174274 0.313618379422079 0.313605891575135 0.315859105316283 0.331695899785079 0.306489369304769 0.237432872598133 0.218913985674343 0.2134621936442 0.212066924575608 0.208896873385358 0.203445435762173 0.188984785703248 0.172213737469013 0.163044337762188 0.153980809814503 0.145081744113324 0.140780056623244 0.138623534903444 0.145747244687407 0.148465453459046 0.142846002382102 0.140274513367378 0.139247149535787 0.138937354823982 -9999 -9999
-9999 -9999 -9999 -9999 -9999 -9999 -9999 -9999 -9999 -9999 -9999 -9999 -9999 -9999 -9999 0.668860304724991 0.664361997291106 0.652328076961539 0.639241006427657 0.623994301462996 0.575370894559096 0.50639688935462 0.436433860974019 0.374792904129711 0.337361054041033 0.350773581641075 0.401719698732201 0.414265752075634 0.415110959756214 0.389405469497438 0.384619871710016 0.398431521734862 0.379143923874715 0.361394989026568 0.381471448151135 0.372177521085208 0.331504790179576 0.281149994969404 0.234037696936386 0.228475556209358 0.221459877901747 0.212575755645082 0.199680428614957 0.185426750921445 0.170408228790575 0.157589002363878 0.148186183817603 0.14654855666766 0.148114118087757 0.150601756267709 0.151036737789629 0.147586950484414 0.143667668709331 0.13951053678406 -9999 -9999 -9999
