layers/veg/veg_4700.asc
NCOLS 255 
NROWS 330 
XLLCORNER -2985163.8955 
YLLCORNER -3022031.214 
CELLSIZE 25000 
NODATA_value -9999 
[rows 75 to 99 of 330, columns 171 to 227 of 255]
0.760707441040594 0.765894112681364 0.769774478782579 0.772097146047733 0.759356487472646 0.743740899502277 0.743096447823801 0.739051789180389 0.730118058940126 0.720680569510737 0.711568816761815 0.713051825109838 0.71316001665135 0.710868908452998 0.70594297020357 0.699793352532095 0.703242984039076 0.705571244274387 0.705498504425143 -9999 -9999 -9999 -9999 -9999 -9999 -9999 -9999 -9999 -9999 -9999 -9999 -9999 -9999 -9999 -9999 -9999 -9999 -9999 -9999 -9999 -9999 -9999 -9999 -9999 -9999 -9999 -9999 -9999 -9999 -9999 -9999 -9999 -9999 -9999 -9999 -9999 -9999
0.748439844088756 0.75202379689466 0.75462630694971 0.75605849950677 0.740009169168169 0.721003529584541 0.72311687370207 0.722796107046573 0.718975394074068 0.703431880917592 0.684909897205506 0.695189427692503 0.700779655265571 0.698186215597854 0.692412012695642 0.685162307996105 0.694723749468582 0.69921321380659 0.692842922917789 -9999 -9999 -9999 0.676362831390528 0.677094271196761 -9999 -9999 -9999 -9999 -9999 -9999 -9999 -9999 -9999 -9999 -9999 -9999 -9999 -9999 -9999 -9999 -9999 -9999 -9999 -9999 -9999 -9999 -9999 -9999 -9999 -9999 -9999 -9999 -9999 -9999 -9999 -9999 -9999
0.733869744361896 0.736832418044342 0.738665781094267 0.739152502179843 0.727911061352733 0.714198880228108 0.709854463824252 0.705702658432701 0.701827803544227 0.684734116749983 0.664445156612147 0.680000985023444 0.689289868449414 0.68764181874959 0.685455152370001 0.683020546498952 0.689241700918068 0.692922860580792 0.69116556486399 0.690526584328874 -9999 0.676163558885528 0.676362831390528 0.677094271196761 0.677393820700519 -9999 -9999 -9999 -9999 -9999 -9999 -9999 -9999 -9999 -9999 -9999 -9999 -9999 -9999 -9999 -9999 -9999 -9999 -9999 -9999 -9999 -9999 -9999 -9999 -9999 -9999 -9999 -9999 -9999 -9999 -9999 -9999
0.723669182987485 0.725035511448169 0.724953551132041 0.723144584634274 0.714260129439593 0.703898913590084 0.699325243902894 0.693563072663231 0.686091985100848 0.670719928174542 0.654013554524765 0.670600454446576 0.680316391044128 0.678041275133139 0.677946815607917 0.67886929037182 0.684535750175451 0.688360913959891 0.688243626203565 0.680395285200925 0.668129591540261 0.669420678987577 0.67109033452075 0.672041645986654 0.675010805377557 0.67937949918989 0.690870519249421 0.702219154179025 0.710632000999937 -9999 -9999 -9999 -9999 -9999 -9999 -9999 -9999 -9999 -9999 -9999 -9999 -9999 -9999 -9999 -9999 -9999 -9999 -9999 -9999 -9999 -9999 -9999 -9999 -9999 -9999 -9999 -9999
0.718911314358328 0.717466756208364 0.71404179635968 0.708255314395674 0.698675001332365 0.689245183127053 0.692200482747549 0.687594013660986 0.67211466860279 0.662539596826386 0.656079220055595 0.668409341573219 0.674477226207051 0.669616394189266 0.669751560330032 0.672215009677328 0.680796506111649 0.685951868934199 0.683771439143385 0.677148824207333 0.667988043030075 0.662625960254759 0.659250420649947 0.66069547570213 0.667778991414233 0.67877321797806 0.690870519249421 0.702219154179025 0.710632000999937 0.71446365115239 -9999 -9999 -9999 -9999 -9999 -9999 -9999 -9999 -9999 -9999 -9999 -9999 -9999 -9999 -9999 -9999 -9999 -9999 -9999 -9999 -9999 -9999 -9999 -9999 -9999 -9999 -9999
0.710043763422862 0.697170975173741 0.680556779573912 0.659481157685247 0.667730243879738 0.681433428586555 0.664585741654612 0.650604959999084 0.64074642893075 0.645319872762302 0.65534495801803 0.666720425719939 0.673137808013615 0.670902449830265 0.672302198537514 0.675393411031517 0.675040264509655 0.674738430375852 0.674546462662904 0.670018622287514 0.663013360269812 0.655805223037867 0.650642003669493 0.650965720016994 0.65911289897352 0.672686257514958 0.684511907244744 0.695700349452589 0.705314068743067 0.708890525443244 0.707417498395256 0.712578588000238 0.718497439349581 0.723058891673894 0.722567335161434 0.716994993359286 0.743888477610954 -9999 -9999 -9999 -9999 -9999 -9999 -9999 -9999 -9999 -9999 -9999 -9999 -9999 -9999 -9999 -9999 -9999 -9999 -9999 -9999
0.700251388942998 0.674197663952255 0.643074832634935 0.605907365674822 0.634815712483538 0.674770599939317 0.633644375501321 0.609378439393603 0.609355485445593 0.628516056717362 0.654122164211193 0.665004718547967 0.672537661300807 0.674224936351657 0.677137882046495 0.68061654492121 0.668973042495537 0.661852912665804 0.664417905203391 0.661669457614433 0.655885027977696 0.64873776428179 0.643242077686895 0.642330857010692 0.650745386436008 0.665628048623469 0.676233203599293 0.686649758900342 0.697893492435315 0.70389246093961 0.705504779801085 0.708749250833497 0.713085023474421 0.721192283345196 0.72241594902882 0.716718181321758 0.743227322829929 0.771492614520856 0.764585741500412 -9999 -9999 -9999 -9999 -9999 -9999 -9999 -9999 -9999 -9999 -9999 -9999 -9999 -9999 -9999 -9999 -9999 -9999
0.694402351370619 0.665541730234645 0.639477347154533 0.616747327003362 0.633423096622942 0.657131231272402 0.636863277606481 0.628884976688931 0.638577656628379 0.648046149691983 0.657184009877372 0.661228825449434 0.664534127723627 0.666548847823675 0.670159313018731 0.674508708129864 0.666454624423186 0.660906371075083 0.660723422737741 0.653152122388426 0.641359281278922 0.638975998753249 0.638175000033345 0.640399268690894 0.650768777928948 0.666787644793016 0.66853312457831 0.671832731148814 0.685348156711263 0.690185112764185 0.687763515773928 0.661688449619156 0.646568909458003 0.698252521272315 0.720555482743572 0.71331628806854 0.735102033160492 0.759689358111662 0.760410832898666 0.760805687901379 -9999 -9999 -9999 -9999 -9999 -9999 -9999 -9999 -9999 -9999 -9999 -9999 -9999 -9999 -9999 -9999 -9999
0.682005532879032 0.655680944209847 0.637422782054884 0.628783398058547 0.635112102385542 0.644488544774274 0.64086970674525 0.643845218095717 0.656302577634677 0.65853094107162 0.656976348340125 0.656135502027497 0.656643496942995 0.659505459596179 0.663747074000599 0.668627622119138 0.662992227389016 0.658598970882331 0.656865292032794 0.646775119113325 0.63191023049659 0.633121444747662 0.635431877491238 0.63862712995124 0.649481939510408 0.665649247439928 0.664329544646243 0.66518159253798 0.679463674413282 0.683163909259715 0.67801363217319 0.628750088012438 0.597086597892494 0.677161782580704 0.710368059372442 0.696447789293481 0.720739192406715 0.74929270780706 0.750113090906878 0.758188817761475 0.775035626209294 0.786041032747718 -9999 -9999 -9999 -9999 -9999 -9999 -9999 -9999 -9999 -9999 -9999 -9999 -9999 -9999 -9999
0.659762339278379 0.644008334009199 0.637688418718208 0.642618146434407 0.641435167048491 0.639359733212052 0.646060397647985 0.651968863222369 0.656738246090026 0.655413653582433 0.651852090669935 0.649061062666535 0.648922646321378 0.653413508896462 0.658186466669469 0.663087517773775 0.658110300430458 0.654245148484663 0.652761071550267 0.643616688894742 0.630095377150722 0.633142449310722 0.636183455527274 0.63709476715957 0.646224812936731 0.661055189840834 0.665383905079434 0.670810096231984 0.683595602589148 0.686197148516238 0.680280969412411 0.617048667523263 0.573219255815863 0.65885155503051 0.687658784095092 0.659328574886673 0.696996491743729 0.741011273559228 0.730607998358842 0.739444342268833 0.771539717693145 0.786041032747718 0.794486206890511 -9999 -9999 -9999 -9999 -9999 -9999 -9999 -9999 -9999 -9999 -9999 -9999 -9999 -9999
0.642444231956077 0.61980412326563 0.609098053767197 0.612622681755684 0.617048827661593 0.622252753230164 0.632527000176721 0.639465194815065 0.641606564214863 0.640844154869914 0.639023367641359 0.637725200169816 0.639197525585735 0.645504853623604 0.64877099252694 0.650618894362949 0.64585322886626 0.642209754668465 0.640969036338954 0.636515375206504 0.63022590969159 0.631597407911463 0.63332767400332 0.63503880045116 0.641747489247808 0.651922376088291 0.660123819910956 0.667738443742598 0.674028035812053 0.675282702293846 0.672326225969133 0.614920496397092 0.574615177563804 0.651252872587097 0.68534504836732 0.67665783165187 0.698749282007432 0.723938862144068 0.724638295904475 0.741027846043682 0.776385386620964 0.780114070326171 0.777555034754628 0.80702980051836 -9999 -9999 -9999 -9999 -9999 -9999 -9999 -9999 -9999 -9999 -9999 -9999 -9999
0.627943546021316 0.593146921865407 0.57245016049458 0.568566724325151 0.5822189961245 0.600307365363078 0.611696913244661 0.61890587685385 0.620103684073097 0.621695392981704 0.623429386151087 0.625065960517113 0.62900079379478 0.636946497453666 0.637969841983997 0.635769051342188 0.630820613569076 0.62709618176345 0.625992504123435 0.627624572140345 0.630819784655715 0.629357285201377 0.629138716541512 0.632836274740012 0.636927400202995 0.641291495163317 0.652498576210537 0.661279196225388 0.659420869255659 0.658995052974568 0.659767369014733 0.615727290690481 0.585087216265284 0.647635420613344 0.690350720475092 0.713124094125953 0.709413453163852 0.703682831179638 0.723174648720906 0.74912884493175 0.782895496694382 0.77162878909695 0.753125442912958 0.797846291232499 0.823608795562223 0.821725251621235 -9999 -9999 -9999 -9999 -9999 -9999 -9999 -9999 -9999 -9999 -9999
0.637318754766454 0.634042582940006 0.625807534785736 0.611659294311511 0.592340309285916 0.57508326528931 0.592996026854979 0.600221981997395 0.592081648474513 0.600682248224054 0.615163340369197 0.622067780853653 0.627451111717342 0.630179835872612 0.630777982050427 0.630380555546163 0.619307004383156 0.610551471177935 0.606759112483466 0.612299597431974 0.623172662607228 0.624988048162187 0.62733508914178 0.63225735799159 0.635857559454092 0.638540804394219 0.648191073011183 0.655885872722893 0.654507320283589 0.645984245222018 0.631485589285847 0.593797002186529 0.571767866075364 0.63754866573418 0.675933552450345 0.686771930546993 0.689315595070567 0.691015616296321 0.699259655647132 0.716713093129519 0.745299894538777 0.757053492687881 0.766221971708817 0.800254059602598 0.820627102473659 0.821081811853527 -9999 -9999 -9999 -9999 -9999 -9999 -9999 -9999 -9999 -9999 -9999
0.644595948581184 0.651176828142689 0.649084390445907 0.636649490140711 0.598834596725285 0.559351150228881 0.576369753008644 0.582130103057818 0.571702496249397 0.585209028795733 0.607010902628962 0.615673601968966 0.621588650829016 0.622708561129105 0.623473231146883 0.624067113026801 0.608348937142404 0.596443627589163 0.592702155129646 0.601289535870613 0.616921350367291 0.619108052877816 0.621400753735953 0.625691613095346 0.628520954357208 0.630336619187018 0.640088623041848 0.648332258513278 0.648695837771285 0.637839141616202 0.617597960771093 0.580907229246115 0.560627249855256 0.626693683833182 0.658561445021986 0.656042542888652 0.657886359521385 0.661872569054017 0.673330433145446 0.69058590786114 0.714850191194298 0.742859061792002 0.771492609505479 0.795104473563672 0.80558814042011 0.796927583828444 -9999 -9999 -9999 -9999 -9999 -9999 -9999 -9999 -9999 -9999 -9999
0.648035826739841 0.624850918789665 0.617343313005399 0.628530043727366 0.598694973992491 0.5609800854503 0.563537991335451 0.565121034308748 0.565302346557324 0.579868455180166 0.599066256506689 0.603068065485842 0.607838022219706 0.61394853334549 0.615962000165318 0.616061922516967 0.598406968392135 0.586792867571548 0.588113010440533 0.598171545778155 0.613223005102763 0.610464847388054 0.607911262133329 0.608175827258556 0.609722298825471 0.612157872176502 0.625045131594045 0.63682742487622 0.641242014977171 0.6385935183856 0.630037552815777 0.584552758990208 0.553471586197496 0.614433597737941 0.635784688145297 0.617307115689558 0.605731784277929 0.60259486045082 0.643717140522704 0.67596064970722 0.697470494639188 0.729361242333649 0.762449519778722 0.776132319357134 0.786739023690172 0.792860005130715 0.794544374758726 -9999 -9999 -9999 -9999 -9999 -9999 -9999 -9999 -9999 -9999
0.631874864504324 0.596461975576832 0.589708068356483 0.617128449689702 0.591805937511556 0.555182132076563 0.558813861560908 0.560984150510907 0.561053071079322 0.572791230863323 0.588216204201069 0.589859784878211 0.592223323575726 0.595843317011654 0.595620647262217 0.593606038555749 0.583416485216666 0.57825710840053 0.583867986326989 0.595252362759991 0.609935588413327 0.598355918658437 0.591716856715954 0.601622083628495 0.606803603115747 0.608708864240541 0.618230428310987 0.627749374312687 0.634639887941719 0.628965978439824 0.612783357505266 0.571197069394465 0.54438365659489 0.60295793036298 0.621413884408312 0.599530987824472 0.589384969652514 0.589287102296165 0.636817241217484 0.667382784629772 0.677439602827255 0.711528387964543 0.750228430412062 0.762882439182045 0.773894808005864 0.782513251641954 0.771908415672183 -9999 -9999 -9999 -9999 -9999 -9999 -9999 -9999 -9999 -9999
0.60612538058679 0.567063818243702 0.564081353237589 0.60412126410461 0.581615159943837 0.545751024159833 0.558055898679554 0.563144202049395 0.557855980284334 0.564864455579866 0.575944858235389 0.576356648285311 0.575696741788739 0.573166534294219 0.569002935807461 0.564081029766598 0.565956322728751 0.570266795729664 0.579791302322016 0.592430434038277 0.606849193591974 0.584551595151815 0.574199236362937 0.6004308539144 0.611653214070475 0.612465487269708 0.615441160271911 0.61985848009807 0.62845440137087 0.614259715769797 0.581003278704519 0.549524564959028 0.534350483138703 0.591865992244312 0.611155183128017 0.592007925239372 0.590554928908519 0.598467352703025 0.641028491226147 0.661763239627757 0.656111774624223 0.691574880837793 0.736452697579108 0.752431834319524 0.763988125749535 0.769094792939632 0.763722508394612 0.754772518830834 -9999 -9999 -9999 -9999 -9999 -9999 -9999 -9999 -9999
0.590061526800814 0.555679134895242 0.556297208743622 0.598651448531445 0.576318631889148 0.539217128642063 0.542542660945563 0.543690714211219 0.541707825441154 0.541041857477421 0.540825536916813 0.53974634707146 0.536061454484462 0.527829147376071 0.533321795324695 0.545203767750566 0.552934585843002 0.555350724234209 0.546387449995182 0.554959728226056 0.573551432897919 0.580294275140981 0.585605930703525 0.588606993730218 0.593515042506851 0.599745734167098 0.607834409764087 0.61316731733753 0.608451325639571 0.594673699445102 0.573317046259916 0.543336462865181 0.524865166583956 0.564845542754843 0.579428271435967 0.568473741440708 0.570630130541691 0.582922195019383 0.641422684247087 0.675840881710875 0.68114567626058 0.705387863051396 0.733294238521216 0.740989006429996 0.745130256738247 0.744089581918027 0.741235057334091 0.73731960573265 0.725087632455683 0.719372405362329 0.72519862070153 0.727069406128941 -9999 -9999 -9999 -9999 -9999
0.57259844341097 0.544893281009172 0.548343307998176 0.588944216447734 0.566846331293191 0.529989347359146 0.527939950731579 0.52492784638818 0.520531488968988 0.515258103856707 0.509798240769715 0.507242820289416 0.50252642077812 0.494038728682704 0.506113787690889 0.527758969781743 0.535986476354644 0.536336334919158 0.519819136147658 0.525789237463243 0.544608084175686 0.571051971863091 0.588258021834461 0.579821294043598 0.579705629494692 0.585361269257534 0.59756934465558 0.604600961230751 0.591703385057318 0.579874529517564 0.568939537279325 0.538003142369204 0.515375092237476 0.544900005339892 0.556945907942964 0.551416717706874 0.558280889893662 0.575209148279198 0.638920885764618 0.680375970738914 0.694924692380878 0.711494658043988 0.727263710570953 0.728638895823791 0.727676504191443 0.723305335746149 0.72291438758031 0.723804898111747 0.719565568627894 0.718788274716907 0.724142397181188 0.722482063164447 0.717504126950588 0.710963846654454 0.707361690444245 0.710160539084157 -9999
0.551754502556076 0.535026665513009 0.539582329622536 0.569517419883748 0.547856192178459 0.514627587865753 0.515738564139134 0.508234522540771 0.488343164635651 0.485437557068896 0.488527772356299 0.484535499718096 0.483275727998388 0.486784656160633 0.498197932215415 0.51328564848659 0.510092879409566 0.508259961039613 0.509338657890368 0.516130864689303 0.526187644574482 0.550359184202389 0.570511308498559 0.578128874781084 0.576189352525007 0.567621246314362 0.581434098097561 0.591784245007187 0.582613063670854 0.575968618165115 0.57143749990358 0.534225533708059 0.505861259977068 0.541262160693419 0.55578785158682 0.549323581367197 0.563489515636878 0.585718026869817 0.629989979138802 0.662958001512855 0.682260552644803 0.699447733219318 0.714514204782467 0.714269766542567 0.713597121827972 0.712300044047094 0.71431533213931 0.71739858646658 0.71624688155956 0.716889038481766 0.720708203139218 0.720140096375116 0.717496957661372 0.710963846654454 0.707361690444245 0.710160539084157 0.711187761612106
0.539021335430907 0.541615863657366 0.54590540415131 0.552216155270348 0.533152866082059 0.508583004128139 0.502693678012231 0.493563161495276 0.479772219276841 0.479915773075381 0.484790324964861 0.479982590252603 0.477803872462172 0.48021325658231 0.487501683323326 0.497060398126893 0.502009333507219 0.508881266962018 0.51987058656363 0.528541860591411 0.535888654700254 0.550447903170611 0.564283038808806 0.57526435984973 0.571989504428314 0.558826882228335 0.564785004625779 0.569653707763531 0.564226224921792 0.562411957818387 0.563619734874306 0.528716471746504 0.502134593710536 0.539409488667058 0.558162196949944 0.558290901866864 0.570501466579786 0.588172897633744 0.623502419194096 0.649939111839833 0.665625145296849 0.675150116244531 0.682801937766906 0.690038009653443 0.694437720324816 0.694701300798863 0.701370388124424 0.710157776497551 0.711940605050534 0.714119114619824 0.716998392569942 0.71262619380446 0.704824290235887 0.70327090139503 0.703180038384852 0.706228367254497 0.706849498984775
0.531142433466336 0.558053799481549 0.561256223126483 0.536187012903147 0.521015180179593 0.508114712267674 0.489143960837201 0.480101936980824 0.485336179385871 0.488936700000522 0.49154631949933 0.48629502215636 0.480578595096378 0.474050433990271 0.475141380255299 0.479786625332069 0.504585030873905 0.526678017779662 0.542978355508396 0.554161284080144 0.562420238359957 0.562974269516891 0.564948510894995 0.57169835041739 0.567380541786301 0.555386458663384 0.547828375861499 0.541948886438421 0.540275458260061 0.543079363365034 0.549628048709587 0.522171142011558 0.501871522804791 0.538625235208917 0.562650670406203 0.57387786089729 0.578592700336121 0.585807477399659 0.618477192321993 0.639553053426147 0.646612950400119 0.643520509735923 0.639740535115122 0.659903510167329 0.672237947983231 0.673156403557212 0.685824447435354 0.702417522668405 0.707043260269272 0.710828087746826 0.713123626627631 0.702016908658385 0.684571373577313 0.690973759618773 0.696495684538665 0.699942806543051 0.703020691752069
0.530108975132462 0.548504314362815 0.554514262661573 0.545755300889827 0.528169019481412 0.508494553647497 0.493619551764168 0.486569075477981 0.49076928665003 0.496052582954746 0.501184903929182 0.494867676532199 0.490756735757524 0.490496157368512 0.496325373798588 0.504985536484829 0.499637363518628 0.50165210720459 0.519431802205987 0.533419012859721 0.545239281923492 0.547044987673328 0.549363490362291 0.554328920321586 0.555646604640527 0.554434293749699 0.546490268234185 0.538780030652896 0.534183342334035 0.537279826126289 0.546810773711672 0.526530257267023 0.509867738048865 0.531169014416595 0.548152044950001 0.560793092197601 0.570458897467159 0.581942403396756 0.609395716481248 0.629838523694172 0.641806237088312 0.639873018533267 0.634862932345632 0.640714459961564 0.648551993947814 0.659285626243561 0.674303342611673 0.690242069389394 0.690422039472823 0.687281389059758 0.678259774554979 0.666137532960276 0.652548798947548 0.680058799345351 0.700504929813385 0.705311525679905 0.713106834008964
0.531837694914277 0.539946676220848 0.546448572282287 0.551034105946118 0.532164920334259 0.507811112406112 0.496838289202925 0.491330723361514 0.493681512853315 0.497752688794633 0.502072674700226 0.49828269577621 0.496574937067655 0.498501022808504 0.506340797270443 0.516922039107097 0.490813913183127 0.479120447379905 0.498290622409194 0.513144173608993 0.525531301523457 0.529334564718469 0.533215937255394 0.538400879166683 0.54414948700795 0.550289040996059 0.544925733903922 0.538565494363671 0.53275732293394 0.535199051615689 0.544540883765498 0.529690139860001 0.515844275194679 0.524044871489787 0.533784921884357 0.545072888776872 0.55911040596122 0.574918565088782 0.598136783292419 0.618323490242239 0.634845362904849 0.635473338369777 0.631361688778318 0.627128116750611 0.631537118637285 0.64854917360436 0.663505702906885 0.676971962516888 0.674580437758229 0.6677545213283 0.653075103357058 0.641693943660227 0.631872749290353 0.670985558830661 0.699732507928611 0.705605469196342 0.712245617226112
0.540206983580051 0.538570189197677 0.538372720044912 0.539891568527634 0.523996044603845 0.503984062281117 0.49347064329899 0.487919026223645 0.489501858616174 0.484490669928358 0.477779503246298 0.486761697298305 0.488840948437651 0.478873337001421 0.47918199458748 0.484269930394805 0.472321607558748 0.470848590609345 0.491804550534054 0.502006211886435 0.506063105136709 0.511396106268672 0.518221166323393 0.52886806238474 0.534522130849848 0.536713285190149 0.54008853502925 0.542550671818547 0.541487633128567 0.541330630439499 0.541931423853122 0.527627007232468 0.514728536032828 0.518982921109065 0.522990615574217 0.526750263366903 0.541425999418033 0.559233550193204 0.58141703732696 0.601614184429938 0.619410018642626 0.624232466774405 0.625305765058001 0.627506969618835 0.633598687135002 0.645363754022755 0.654070995860367 0.661360624189658 0.662915875800024 0.662987277476604 0.660430716039874 0.653783421864877 0.645201348572352 0.666876593993465 0.683662967368346 0.689613144101052 0.697364289350219
