layers/veg/veg_4800.asc
NCOLS 255 
NROWS 330 
XLLCORNER -2985163.8955 
YLLCORNER -3022031.214 
CELLSIZE 25000 
NODATA_value -9999 
[rows 150 to 174 of 330, columns 56 to 111 of 255]
-9999 -9999 -9999 -9999 -9999 -9999 -9999 -9999 -9999 -9999 -9999 -9999 -9999 -9999 -9999 -9999 -9999 -9999 -9999 -9999 -9999 -9999 0.420486692811885 0.387195122171311 0.262060801704898 0.0910922360332029 0.0583818661580202 0.0415896242873149 0.056587510759559 0.0808539468213714 0.11077294080842 0.105244376945902 0.0983139880804807 0.0939622760193001 0.0895685606516523 0.0851438313790538 0.0465793720067276 0.013248461569018 0.014675111196703 0.0328014508808083 0.0657765989215135 0.111190264788908 0.150723799098055 0.149277080106449 0.161493650062503 0.188310988676753 0.235428777873934 0.283373725867113 0.300346761303463 0.310362864723325 0.311434249362986 0.320363858182465 0.330460837770288 0.323233265309931 0.319938601376626 0.322754739123256
-9999 -9999 -9999 -9999 -9999 -9999 -9999 -9999 -9999 -9999 -9999 -9999 -9999 -9999 -9999 -9999 -9999 -9999 -9999 -9999 -9999 -9999 0.388634257818781 0.388022053999031 0.298893761647322 0.165591398788363 0.0883808465345221 0.0396684504851966 0.0545186274026468 0.0764352057633518 0.102661330412284 0.0884412382070863 0.0769749446307319 0.0810217719273314 0.0811653695610747 0.0784269466124996 0.0407688333721574 0.0081281040617313 0.00978590694376943 0.0240620353880491 0.0495579587759407 0.0954563765939378 0.140453099905798 0.162353163520119 0.177857593000481 0.186527564483934 0.224974022762681 0.2672138076938 0.283040093111534 0.293061327599716 0.295618848493093 0.310660379934451 0.328102286786178 0.324896572247904 0.324582040750523 0.328759718024784
-9999 -9999 -9999 -9999 -9999 -9999 -9999 -9999 -9999 -9999 -9999 -9999 -9999 -9999 -9999 -9999 -9999 -9999 -9999 -9999 -9999 -9999 0.389624445874517 0.39184895877389 0.350340894429662 0.287008029841066 0.132995621003239 0.0285873122106751 0.0413570364661348 0.0636684300028649 0.091798947426738 0.0675993945270078 0.0517775780655767 0.0699304379521136 0.0753201230731085 0.071285886071339 0.0334467778458279 0.000436866848339087 0.00052596993003477 0.00827596537078481 0.0228377712161481 0.0806422826393113 0.143567992264652 0.19302848137836 0.206257591036964 0.180769376366288 0.216986963535857 0.263661488003159 0.274732799979882 0.28084143025459 0.280569404211975 0.299634181867319 0.323411710145652 0.327737276244798 0.332327711045597 0.337329688625966
-9999 -9999 -9999 -9999 -9999 -9999 -9999 -9999 -9999 -9999 -9999 -9999 -9999 -9999 -9999 -9999 -9999 -9999 -9999 -9999 -9999 -9999 0.411926146074545 0.413269933758652 0.373719877533821 0.313761694672287 0.152090813121128 0.0369659745248133 0.0323725989166485 0.050859925170239 0.0834233485486172 0.0749788777552875 0.0690550851176139 0.0780762446281893 0.076128298594981 0.0660811140650875 0.0401975397041902 0.0200851712237778 0.0285753377026663 0.048509855900893 0.078620310590866 0.102696379478872 0.128204494291601 0.166424652158534 0.184621538641077 0.181421296336866 0.221285449246597 0.26699866420695 0.277186223838696 0.282910817281776 0.282897252383137 0.300587105555552 0.322742524650772 0.328989839446743 0.335692341129712 0.343102094653046
-9999 -9999 -9999 -9999 -9999 -9999 -9999 -9999 -9999 -9999 -9999 -9999 -9999 -9999 -9999 -9999 -9999 -9999 -9999 -9999 -9999 -9999 0.430069953630107 0.43006214495035 0.392017368407089 0.334990192978481 0.169939602525943 0.0477081567683453 0.0276600694312769 0.0426538842630694 0.0790185058112521 0.0837829177759291 0.0862136855269899 0.0878131303874126 0.0809160968858013 0.0677455341195329 0.0520678297024857 0.0418344333159014 0.0530396739521869 0.0810541637547074 0.124014878226338 0.116145065339657 0.10881685952943 0.150428015187609 0.178398191680104 0.191791440038213 0.231772138987615 0.273486357984186 0.279428841961153 0.284031528336332 0.286911600096048 0.303728077674789 0.324054996271064 0.331796812906037 0.340134797126903 0.349399083564142
-9999 -9999 -9999 -9999 -9999 -9999 -9999 -9999 -9999 -9999 -9999 -9999 -9999 -9999 -9999 -9999 -9999 -9999 -9999 -9999 -9999 -9999 0.43007465507446 0.430080315215827 0.40072424479327 0.356715164080077 0.188609718300792 0.0618203725295377 0.0343174779706904 0.0474711468428568 0.0854198041448733 0.0918093305415019 0.0958020624905029 0.0987734364907427 0.095825487023045 0.0885068974594444 0.0760198643574447 0.0648691708211399 0.0610110167753167 0.0823107920878251 0.125980160514256 0.0989777838069974 0.0811956670290866 0.174184782796055 0.224285107988183 0.228553912555091 0.257667280735976 0.287710650895257 0.279242611792179 0.280035671007715 0.292735978973055 0.311016876556875 0.33028689101102 0.339270281397474 0.348371585150561 0.357656098147888
-9999 -9999 -9999 -9999 -9999 -9999 -9999 -9999 -9999 -9999 -9999 -9999 -9999 -9999 -9999 -9999 -9999 -9999 -9999 -9999 -9999 -9999 0.413862826019129 0.417073054216517 0.391953503079699 0.352695938271929 0.213115031618311 0.100191610666458 0.052032134694043 0.0477828412429247 0.0703128024972752 0.0761363353490846 0.0830104592784907 0.0960414630286719 0.0986226002387814 0.0934878885103659 0.0845835024380343 0.0750288181323087 0.0647278919939796 0.0783213694495417 0.113160954980298 0.100956254441355 0.0991461782689558 0.192555668043787 0.239160848708836 0.235750334606953 0.271124792852168 0.308211174262658 0.287094158284105 0.282279346593172 0.29842472719743 0.316266568973594 0.333927907762709 0.342401226143203 0.349991983119287 0.356211450202505
-9999 -9999 -9999 -9999 -9999 -9999 -9999 -9999 -9999 -9999 -9999 -9999 -9999 -9999 -9999 -9999 -9999 -9999 -9999 -9999 -9999 -9999 0.409581482667104 0.400526406110887 0.370487743018577 0.329977193441973 0.241858790898146 0.156183598518577 0.0777783188124554 0.0448218774134081 0.0395830620229189 0.0432490711907439 0.0539629648274892 0.0833639844462522 0.0926218568546327 0.0870066703176386 0.0819696462092701 0.0758365328570555 0.0653544980472725 0.0705214325321371 0.0896029094575788 0.116841406961698 0.150198088784704 0.207014471279154 0.231511355108966 0.221471201410048 0.275548125626573 0.333270491645458 0.300784013039848 0.28905516061833 0.304014958929809 0.320035138857328 0.335687017986311 0.342377941387416 0.346806509220202 0.347719916170806
-9999 -9999 -9999 -9999 -9999 -9999 -9999 -9999 -9999 -9999 -9999 -9999 -9999 -9999 -9999 -9999 -9999 -9999 -9999 -9999 -9999 -9999 0.365643263407094 0.364475516146699 0.352380793327089 0.334832948970037 0.267296403819738 0.196444357125446 0.119706948992845 0.0796143390766066 0.0618700850249907 0.0575711256667967 0.0568287991471312 0.0638432826300331 0.072261241069215 0.0817154807575529 0.0739755854359604 0.0635291230271147 0.0506477024758041 0.0528710426231315 0.0685250330477165 0.0991446157375108 0.133269602819216 0.171480070188423 0.198395641942892 0.21324134102461 0.270831585338012 0.328999229204057 0.313371591453356 0.31036426949666 0.323583234562341 0.329203777258346 0.332674052010501 0.340029577874745 0.345488159178793 0.347999341140736
-9999 -9999 -9999 -9999 -9999 -9999 -9999 -9999 -9999 -9999 -9999 -9999 -9999 -9999 -9999 -9999 -9999 -9999 -9999 -9999 -9999 -9999 0.354767033139532 0.34532101799874 0.34144719793979 0.340354189171847 0.287628589476673 0.227898355959984 0.153859382333704 0.108465635780673 0.08054159187619 0.0700415697637932 0.060404432148846 0.0500017117459815 0.0571378503863914 0.0772241244580105 0.0654130035745449 0.0501397244447054 0.0361677375579647 0.0371596278924503 0.0514568996070087 0.0797895757693712 0.110747727063957 0.142196471968369 0.173030897175226 0.203208852346168 0.259812572838215 0.315693318210017 0.317992488114569 0.324286950177002 0.335718269220684 0.334582246207531 0.330406261876491 0.339161429390651 0.346154696483854 0.350410390613379
-9999 -9999 -9999 -9999 -9999 -9999 -9999 -9999 -9999 -9999 -9999 -9999 -9999 -9999 -9999 -9999 -9999 -9999 -9999 -9999 -9999 -9999 0.360036898505771 0.365688131918247 0.355255545568586 0.336796307793383 0.290733419306791 0.233819418162587 0.152919918522617 0.099913083874654 0.0639169910944352 0.0560674101561934 0.053252224010423 0.0597128232464714 0.0670926711599818 0.0751512630464449 0.0570231459323108 0.0382788378228382 0.0289117737381019 0.0326245589381099 0.0479675106086455 0.0684019213139443 0.0962031484891783 0.156551810320555 0.186539429052365 0.184082841398994 0.229637489749786 0.28169777569466 0.294038701528101 0.305226295112917 0.314931017713854 0.323894457244162 0.332845244027396 0.344657980538463 0.353276163963021 0.356930773932106
-9999 -9999 -9999 -9999 -9999 -9999 -9999 -9999 -9999 -9999 -9999 -9999 -9999 -9999 -9999 -9999 -9999 -9999 -9999 -9999 -9999 -9999 0.349219914599953 0.356327826574299 0.346855261830572 0.329108188353627 0.28009791059905 0.222571157806433 0.146552811194976 0.0943653383837171 0.056711465815177 0.0416616256114161 0.0345581494921606 0.0461753288344236 0.0525171107903161 0.0549637071792126 0.0386255056336297 0.0246942669671659 0.0281234164267815 0.0359342926983833 0.0476412545549474 0.0647333746281663 0.0907249101085294 0.156730964950138 0.189065717236996 0.185418876738597 0.22435334513994 0.26968081771075 0.284373752852588 0.296733082027848 0.306092029847454 0.319708605039283 0.334320230915716 0.344112103489499 0.352852111714583 0.359957773657547
-9999 -9999 -9999 -9999 -9999 -9999 -9999 -9999 -9999 -9999 -9999 -9999 -9999 -9999 -9999 -9999 -9999 -9999 -9999 -9999 -9999 -9999 0.341155257650094 0.325159328822577 0.319022610858553 0.317806145054933 0.257439720260138 0.196299883397308 0.135436561054937 0.0914467734469778 0.0577475530489194 0.0268781728462043 0.00576503814653088 0.0122954981338717 0.0164776714948101 0.0189259447332733 0.0114711389718462 0.00960148678181726 0.0329941608729361 0.0461081634111257 0.0500827134484463 0.0678189828662632 0.0931796437877449 0.144506077046692 0.181982633778625 0.204659031933063 0.240848564117428 0.276894937898409 0.287211418185419 0.297486292545773 0.307707673022233 0.321211893274279 0.334951729988646 0.338279152160024 0.345825792631395 0.35992809187242
-9999 -9999 -9999 -9999 -9999 -9999 -9999 -9999 -9999 -9999 -9999 -9999 -9999 -9999 -9999 -9999 -9999 -9999 -9999 -9999 -9999 -9999 0.286413383823484 0.2862111061905 0.295417016395641 0.309318095126634 0.250052763392549 0.194047942729397 0.148079530206156 0.121342886052821 0.10633501172103 0.0465555755065358 0.000733494374266752 0.00358506300991851 0.00549183002887196 0.00670098559763473 0.00399322489028932 0.00575535776190475 0.0259478112682021 0.0404206276967097 0.0498077332796587 0.0542205335404356 0.0662546806588105 0.121270747045954 0.170189929819471 0.212593903296055 0.253151254285328 0.289442442836086 0.297662692584609 0.306475077703891 0.316048787550612 0.327471604932731 0.338751141210629 0.340689341355553 0.345700974284714 0.35548798861212
-9999 -9999 -9999 -9999 -9999 -9999 -9999 -9999 -9999 -9999 -9999 -9999 -9999 -9999 -9999 -9999 -9999 -9999 -9999 -9999 -9999 -9999 0.290014593758707 0.272312710519106 0.279759149554747 0.299755891927892 0.245863520948804 0.197472574084355 0.16429448508008 0.150163931161218 0.147649789752511 0.0651360418161169 0 0 0 0 0.000571367432374503 0.00396109317239625 0.0176154413030875 0.0327901811810445 0.0493168027769153 0.0400746172423111 0.0393442502325728 0.104992172001551 0.166235923601562 0.222773321554606 0.266014788060441 0.302046727124535 0.309220543613731 0.317190558826481 0.326184268630247 0.334750989858748 0.342693888833752 0.344519551949809 0.347362131360706 0.351784756114668
-9999 -9999 -9999 -9999 -9999 -9999 -9999 -9999 -9999 -9999 -9999 -9999 -9999 -9999 -9999 -9999 -9999 -9999 -9999 -9999 -9999 -9999 0.299215126869953 0.30787117225845 0.299454436789806 0.282517507559256 0.24428076510159 0.208169652769054 0.177684670857049 0.145620935120179 0.112594373715873 0.0488359509988545 0 0 0 0 0.000193624448460527 0.00260002416416486 0.0131791753602024 0.0292114561743382 0.050092478274646 0.037527286751966 0.0376568354046868 0.132252205036256 0.204751067374279 0.25363731401025 0.285217629117699 0.310363556982841 0.319686566761421 0.329322524406413 0.339360847728009 0.342958430556748 0.344627463008659 0.34825598247122 0.351872542787608 0.355470521443622
-9999 -9999 -9999 -9999 -9999 -9999 -9999 -9999 -9999 -9999 -9999 -9999 -9999 -9999 -9999 -9999 -9999 -9999 -9999 -9999 -9999 -9999 0.320774370914687 0.324253096478758 0.304440136400611 0.273003429940805 0.242408652424888 0.212265530787913 0.183131421020631 0.147039434566953 0.106704087204813 0.0497928201918135 0.0056952487121765 0.00169787567792511 0 0 0 0.00138308551096255 0.00792848057402717 0.024857989626456 0.0510207070833653 0.0389573041453316 0.0398503891426766 0.14087522557615 0.218375449690956 0.270736966459796 0.299701682313598 0.320885455676165 0.327443645661282 0.335930484848839 0.34689704134578 0.347593553868809 0.345461319533555 0.349557329945016 0.353419701829822 0.356919055177234
-9999 -9999 -9999 -9999 -9999 -9999 -9999 -9999 -9999 -9999 -9999 -9999 -9999 -9999 -9999 -9999 -9999 -9999 -9999 -9999 -9999 -9999 0.31733999487505 0.310979829861775 0.293956802522673 0.271612459702938 0.240232243625146 0.209419392703109 0.180224621468342 0.154727217402196 0.13148470574284 0.068897614338962 0.0173797878997788 0.00518128718407708 0 0 0 0.000317718563619143 0.00182130854505814 0.0196897821659317 0.0521093654253102 0.0445700171506436 0.0461252831770664 0.129899017519248 0.205823977703673 0.273361635521384 0.309223319885192 0.333726269387721 0.332351919390035 0.336729239578172 0.348501640271154 0.348471923511965 0.345138680744595 0.348297872712817 0.351850617810349 0.356014850591155
-9999 -9999 -9999 -9999 -9999 -9999 -9999 -9999 -9999 -9999 -9999 -9999 -9999 -9999 -9999 -9999 -9999 -9999 -9999 -9999 -9999 -9999 0.310518467783786 0.310394876407696 0.296848485291034 0.276603428293642 0.242524748137111 0.209482384286295 0.179302748760864 0.164310961222282 0.158581700649296 0.110516659114626 0.0616491890903483 0.0183789442762205 0.00100495465985719 0.00275193586290424 0.00806855467101468 0.0136737354331941 0.0187641924895263 0.0257333052620439 0.0343728561446955 0.0427905610218452 0.061003296260143 0.12884706315798 0.19853582111848 0.270196160576347 0.309782202950203 0.337315029565662 0.334579365731023 0.335686959711125 0.341735935937194 0.343072635486646 0.343160687624779 0.346727292717938 0.35062489151654 0.355036775576892
-9999 -9999 -9999 -9999 -9999 -9999 -9999 -9999 -9999 -9999 -9999 -9999 -9999 -9999 -9999 -9999 -9999 -9999 -9999 -9999 -9999 -9999 0.321133374513574 0.317648942200754 0.303362336106621 0.283684890966602 0.24642612475757 0.211056136301085 0.180638656921213 0.173453131114062 0.180435945457347 0.148367617160715 0.103910220776001 0.0309778633839465 0.00219681050894199 0.00601567599519512 0.017051063296173 0.0281791110618053 0.0364350258901387 0.0317239073649512 0.0154829345389021 0.0410639267521037 0.0784960222435763 0.137715990976496 0.201280199778704 0.269486720142229 0.308179845776496 0.335731188826552 0.335055397506684 0.334536883630618 0.334220585688521 0.337244946722829 0.34136917444457 0.345731272640257 0.3500883628759 0.354437671936251
-9999 -9999 -9999 -9999 -9999 -9999 -9999 -9999 -9999 -9999 -9999 -9999 -9999 -9999 -9999 -9999 -9999 -9999 -9999 -9999 -9999 -9999 0.322828505051013 0.32420032717268 0.312654959964173 0.294663252415847 0.254085753242415 0.218366306919825 0.194598873370688 0.176209440181101 0.161099857658603 0.120862281585841 0.0760384671489786 0.0226686963965125 0.00299221760643047 0.00819379348111054 0.0186860611118064 0.0261145087483076 0.0197481547303537 0.0181133450321566 0.0206856669991256 0.052388104604622 0.0997982762268468 0.199995520954737 0.266220217714578 0.296141406914046 0.306603853991941 0.313292138251293 0.327695121885507 0.335778502912858 0.335736597105864 0.339140745221812 0.343740025635375 0.349347556749025 0.353855671972043 0.356655557159905
-9999 -9999 -9999 -9999 -9999 -9999 -9999 -9999 -9999 -9999 -9999 -9999 -9999 -9999 -9999 -9999 -9999 -9999 -9999 -9999 -9999 -9999 0.308413240501799 0.314931777143357 0.309422088940582 0.297909699294908 0.249665980157509 0.209477004629408 0.189079812438285 0.166883053990473 0.143588804246107 0.0921843696155259 0.0454816902613867 0.0176110180194161 0.00918020495759316 0.0151031653382384 0.0183582598398293 0.0184093280085106 0.00769115233027206 0.00775259514258609 0.0173989157929136 0.0664749315510056 0.130822146418623 0.236390943507336 0.295727490718372 0.305659653114182 0.301175345068385 0.296842404339809 0.319949337554623 0.332574786183578 0.331723901883402 0.334369550953215 0.33833966925535 0.344741399512931 0.350580060979416 0.35554384786113
-9999 -9999 -9999 -9999 -9999 -9999 -9999 -9999 -9999 -9999 -9999 -9999 -9999 -9999 -9999 -9999 -9999 -9999 -9999 -9999 -9999 -9999 0.30271751485817 0.292918787251582 0.290344348791214 0.29137520133955 0.229965650191891 0.180095216366354 0.158919281950439 0.142271944372862 0.128386436540206 0.062023137448919 0.0115283336324682 0.0166665033922254 0.0221898571755344 0.0279976185852819 0.0155474992150684 0.00356876237522416 0.00149097756559628 0.00150288863571861 0.00337288770251355 0.0840565356497585 0.17414395277791 0.24004272610889 0.280412007292719 0.293500140414055 0.290873365639149 0.287969212480426 0.311715881071053 0.323747677485275 0.320717340632189 0.32116454797149 0.323108662024605 0.329733776447343 0.338395089667792 0.350220170097203
-9999 -9999 -9999 -9999 -9999 -9999 -9999 -9999 -9999 -9999 -9999 -9999 -9999 -9999 -9999 -9999 -9999 -9999 -9999 -9999 -9999 -9999 0.249827261657985 0.25178015963568 0.260840188942564 0.273447041495333 0.212752953068949 0.160856774019216 0.131730892938105 0.106533901162884 0.0837329988910723 0.0364706788711259 0.00439732777457422 0.0207572656170296 0.0241791367208393 0.018047951034006 0.00815604066077279 0 0 0.000205317583750711 0.000593196726611461 0.0878076872086811 0.183209958744413 0.241003276199343 0.268652298349779 0.264088733633961 0.274263138678475 0.288769496938306 0.30829228906233 0.318319757467121 0.316138827084311 0.317686195375992 0.320597738898021 0.325496395154082 0.331640060973362 0.339718174664521
-9999 -9999 -9999 -9999 -9999 -9999 -9999 -9999 -9999 -9999 -9999 -9999 -9999 -9999 -9999 -9999 -9999 -9999 -9999 -9999 -9999 -9999 0.198013551348485 0.20946524052396 0.228037319867883 0.250162839298877 0.195267732191103 0.14446248158202 0.10573398102032 0.0686098674549055 0.0324642123142266 0.0137792584270052 0.00596314362225294 0.0262682733535531 0.022976097208525 0.00226042127048735 2.32727952151016e-05 0 0 0.000681943602709347 0.00197024875059884 0.0880722171111482 0.182240337767558 0.240015540164668 0.257590635824037 0.232207373451096 0.257585334118989 0.292664756253618 0.306557524509379 0.314239437825121 0.313935884171885 0.317328591620668 0.321780173433883 0.324503930466099 0.326822505740407 0.328511525216536
