layers/veg/veg_2300.asc
NCOLS 255 
NROWS 330 
XLLCORNER -2985163.8955 
YLLCORNER -3022031.214 
CELLSIZE 25000 
NODATA_value -9999 
[rows 200 to 224 of 330, columns 112 to 167 of 255]
0.318291549316181 0.307913898590162 0.290119568059138 0.272088413039065 0.253608947456019 0.237087424544902 0.221558052696753 0.208164109202558 0.191173960182111 0.165689463551973 0.136400489279409 0.104757588715092 0.0968364315177405 0.0890246383366783 0.076749971809784 0.0751235371164222 0.0814694832380923 0.0631227516193312 0.0446061962195416 0.0370843148337497 0.0395503760018232 0.0510193747150887 0.0615656423227815 0.0730533265994654 0.0902938114441934 0.117079260597948 0.154204449262697 0.198994670825494 0.246181236515786 0.296844932833034 0.346793279808953 0.395809074796268 0.4385289527843 0.479689386310805 0.527682457255022 0.570540441850457 0.605304856153426 0.624250289668126 0.635453240739713 0.599887425550985 0.558170664416892 0.504633329301205 0.466323327426966 0.435847645615527 0.435299913678073 -9999 -9999 -9999 -9999 -9999 -9999 -9999 -9999 -9999 -9999 -9999
0.322371216357892 0.314102687752021 0.298909097152398 0.28141124037849 0.259551390172308 0.237567485362018 0.215520718186504 0.205937805220847 0.19362151964658 0.174377224795536 0.144222134267303 0.10731625921032 0.0971645165579468 0.0871068848760589 0.0719299457401555 0.0676710397445732 0.0715865160602091 0.0551138596877607 0.039351950048179 0.0359101297345908 0.0431437353224968 0.059999962600621 0.0729441989140145 0.0856483164664365 0.100851989421331 0.125104796058941 0.159160225529926 0.201764224579942 0.247270226647116 0.298401431359604 0.344631392282105 0.384471937042575 0.425582778335748 0.467320865265474 0.511823875316748 0.550273613928945 0.579182601994043 0.588276710504732 0.588473474625635 0.56233605037259 0.528282519192795 0.479016217748883 0.442516374289706 0.41258475366606 -9999 -9999 -9999 -9999 -9999 -9999 -9999 -9999 -9999 -9999 -9999 -9999
0.321751599752266 0.313750925408571 0.306016641025374 0.292869807715272 0.269476978029194 0.247079321815474 0.225185951264759 0.207640693658714 0.189831620800382 0.171217031163329 0.148496300453657 0.123234996678003 0.104328669339394 0.0854709882487402 0.065474596018513 0.0605875795865532 0.0670130232535441 0.0633511266132219 0.0567035236212744 0.0434366107110556 0.046133052122508 0.0632185512597839 0.0810017146037803 0.0982429200802496 0.112013114652438 0.133974309605466 0.164808540384541 0.210233635357835 0.258799433208321 0.303163410221646 0.344507475084593 0.381914687114193 0.420269807888428 0.458473060186162 0.490522522603328 0.521207653132161 0.549742417476188 0.555053014054825 0.550725813497982 0.547358955363385 0.528282519192795 0.479016217748883 0.442516374289706 0.41258475366606 -9999 -9999 -9999 -9999 -9999 -9999 -9999 -9999 -9999 -9999 -9999 -9999
0.321181018280221 0.315009440847234 0.309553871876512 0.298649330391339 0.277429842401328 0.256435564203742 0.23555540688321 0.213764951165168 0.192217578981716 0.171277705487716 0.152062030240864 0.133913159945338 0.113485002817671 0.0922158860898609 0.0689342795506916 0.0604495573849327 0.0630433315315223 0.0692274291012752 0.0709163805177752 0.0537867623305254 0.0538168401017594 0.0693143347284224 0.0880631782311602 0.106444306149304 0.119813268801507 0.141721206178532 0.172879128310568 0.217773202456387 0.264882719386426 0.302391321121994 0.338575405862538 0.373032808426574 0.407763221882988 0.441818381894316 0.465730571289194 0.489179362237612 0.511897776392906 0.514928576997762 0.509669276793803 0.500394740263957 -9999 -9999 -9999 -9999 -9999 -9999 -9999 -9999 -9999 -9999 -9999 -9999 -9999 -9999 -9999 -9999
0.32066271033238 0.317984580438158 0.309284998195559 0.298374751511358 0.283279700188339 0.265625936744446 0.246675593483915 0.224602574907875 0.201187261693155 0.174771961140092 0.154872536894132 0.139004649693377 0.124765085091243 0.107895064934842 0.0829638074557216 0.0677156654994808 0.0597173172771859 0.0725868437449413 0.0817832328217759 0.0671470661595453 0.066505132706175 0.0784773294295409 0.0940628082754181 0.109962336695945 0.124030485771307 0.148271345625723 0.183531961675208 0.22432151690554 0.265160424338252 0.295719681752921 0.326451601179623 0.357408608257036 0.38758793775209 0.416841246906396 0.437217494383937 0.453993102296182 0.465093629510617 0.467447658887348 0.466598992872579 0.483305794483181 -9999 -9999 -9999 -9999 -9999 -9999 -9999 -9999 -9999 -9999 -9999 -9999 -9999 -9999 -9999 -9999
0.324627729522318 0.323450907810296 0.313035196800878 0.302250295870929 0.290766515607251 0.274887568431675 0.256781452102434 0.231487429930761 0.206291988531025 0.181639608114857 0.160534055799205 0.141623015504078 0.129586808779 0.11563251008701 0.0946529751472278 0.0774000605006453 0.0629372838408083 0.0723940011705495 0.0815563128337563 0.078319829852931 0.0775861591846938 0.0791084749537083 0.0923137202832803 0.108220899336322 0.126931424006686 0.153064180361119 0.187237191211943 0.222350819506969 0.25717987087662 0.288028949571996 0.317291156219506 0.34448466635973 0.371866914011277 0.398514606902629 0.414601436887831 0.427279264917399 0.43458405828288 0.445469008678448 0.456534147981042 0.414883394780447 -9999 -9999 -9999 -9999 -9999 -9999 -9999 -9999 -9999 -9999 -9999 -9999 -9999 -9999 -9999 -9999
0.329005304464224 0.32928698376453 0.31743284844149 0.306565499887293 0.297566146208331 0.283167601369329 0.266033116747508 0.237713297330927 0.211257217870854 0.189641887183688 0.167331577557902 0.144591266930772 0.132793451053422 0.120764807625457 0.105850631859857 0.0882662167353755 0.0686825809544418 0.0724441717807893 0.0795620751043838 0.0884606450241812 0.0880357399682297 0.0792068355442259 0.0895993877663114 0.10520434619069 0.129389568802813 0.157052889695553 0.188483917732172 0.217753880917793 0.246892090119632 0.279191778481573 0.307843658948324 0.331740141862901 0.35624465606335 0.380059119884833 0.39207099483616 0.402540475096163 0.410578938815242 0.390722451734577 0.360419310138249 0.376748023868386 0.387488059739354 -9999 -9999 -9999 -9999 -9999 -9999 -9999 -9999 -9999 -9999 -9999 -9999 -9999 -9999 -9999
0.328297069430481 0.333326802163673 0.319305816336686 0.306596199593219 0.296369014520812 0.284125240804653 0.270859598269169 0.246259393128109 0.222190853346174 0.199857571555168 0.177297397016103 0.154596838210061 0.135845682886911 0.12117017510615 0.117679420442004 0.103418691235442 0.0810944318801524 0.0807003326948671 0.0846820349171251 0.0949956622373986 0.0967649860221435 0.0908326404507951 0.093826802829373 0.102356292119097 0.130983569607358 0.158327186591378 0.184280257230258 0.209319576100921 0.234633155593446 0.263796367882361 0.290932598409413 0.31542639150949 0.333289597979182 0.348630391796446 0.359501808860835 0.37695114103537 0.404768131065253 0.390722451734577 0.360419310138249 0.376748023868386 -9999 -9999 -9999 -9999 -9999 -9999 -9999 -9999 -9999 -9999 -9999 -9999 -9999 -9999 -9999 -9999
0.329402395589969 0.335798698856255 0.323004394375379 0.310591456215298 0.298900447407461 0.286191065670884 0.272965642377915 0.253159356364658 0.232675646449534 0.210895687084825 0.188492529922325 0.165703784561113 0.142481416972436 0.124510002038985 0.122062418780188 0.110251470799491 0.0914301280001955 0.0884167125201852 0.0895773342791827 0.0991875933257376 0.102968855267381 0.101495972363515 0.0988089377664748 0.101100048948111 0.130305874304549 0.155973404163452 0.177808017253578 0.199690291022702 0.222117833602748 0.248606015743398 0.273502065713652 0.296322561914798 0.309792994764608 0.320159407625181 0.330226979634179 0.334036220171172 0.327981508625987 -9999 0.360023608366949 -9999 -9999 -9999 -9999 -9999 -9999 -9999 -9999 -9999 -9999 -9999 -9999 -9999 -9999 -9999 -9999 -9999
0.332833775680843 0.336259596160854 0.329044480198487 0.319671610570881 0.306214096807428 0.289678237160482 0.271582482944466 0.257948007819425 0.242584759191092 0.222988643904601 0.201264366933902 0.178223342642704 0.153713312209073 0.131613534861994 0.116895527247599 0.106413499805958 0.0991029704674813 0.0954407749711103 0.0941844865820228 0.100374307544253 0.105933703587388 0.110924846845433 0.104759068234502 0.101885445186484 0.126714526194683 0.148966286515353 0.168426121829019 0.188528337212262 0.209273671828749 0.233678669363166 0.255405263659461 0.273640206923614 0.285601811634943 0.295481993746521 0.305177456669721 0.314592702226136 0.323566288421599 -9999 -9999 -9999 -9999 -9999 -9999 -9999 -9999 -9999 -9999 -9999 -9999 -9999 -9999 -9999 -9999 -9999 -9999 -9999
0.332940390952665 0.331251681268224 0.329765263887709 0.324129116042422 0.310637496795857 0.295904119704111 0.280541504900909 0.266973411404288 0.251253042219465 0.230426458233559 0.210604196728772 0.191403334878785 0.165694532541229 0.14141921203963 0.122670507866734 0.109879693818059 0.101549579880631 0.0997077433086572 0.0998009389871395 0.104207350309832 0.108592920070844 0.112959703652706 0.111426600437811 0.111137362874146 0.122926155884985 0.13869872022607 0.158786770355529 0.176581383549392 0.194196929941787 0.214868755289553 0.234112716844975 0.251495270075716 0.263039725678794 0.272721481124173 0.283216357560139 0.289240857210378 0.288219456112001 -9999 -9999 -9999 -9999 -9999 -9999 -9999 -9999 -9999 -9999 -9999 -9999 -9999 -9999 -9999 -9999 -9999 -9999 -9999
0.332270785944168 0.325475655679246 0.329083628577334 0.326983425599612 0.31407760217821 0.302702132125017 0.292102140201369 0.276816932022778 0.259250674977702 0.236559307780632 0.218828154550309 0.204166010830996 0.177797797617107 0.152377044916315 0.132102534266118 0.115899189627423 0.102743945961012 0.102906243718226 0.10504952774793 0.108461361899522 0.110982814890668 0.1127016955867 0.117841312372846 0.122250633481336 0.119610040717696 0.128241848447886 0.149084669336038 0.164393554442733 0.178601082092738 0.195086347885321 0.212054883742497 0.229653425715191 0.241206857690491 0.250964670651111 0.263329056285965 0.270893847403667 -9999 -9999 -9999 -9999 -9999 -9999 -9999 -9999 -9999 -9999 -9999 -9999 -9999 -9999 -9999 -9999 -9999 -9999 -9999 -9999
0.33529836965504 0.332132078693576 0.332312688888322 0.328436223390067 0.316879682679756 0.305614796164646 0.294497699992909 0.279813824944556 0.263871657673994 0.2451450726118 0.226940428258365 0.209058721788277 0.188407349883028 0.166838717200808 0.14313219308317 0.124384404997415 0.109349245695989 0.103867072481405 0.101640722815548 0.107314719189614 0.111240852849704 0.113591496986639 0.118210474149994 0.122509498408991 0.122983687293983 0.128551113690379 0.139635873355978 0.152359433885961 0.1655144423391 0.178796808004038 0.193311196666906 0.209431689411158 0.221918348900122 0.234020324823593 0.256897258404758 -9999 -9999 -9999 -9999 -9999 -9999 -9999 -9999 -9999 -9999 -9999 -9999 -9999 -9999 -9999 -9999 -9999 -9999 -9999 -9999 -9999
0.325260305408773 0.336794753848708 0.335525571606671 0.330737938395948 0.319289850681987 0.308368029108147 0.297712883120786 0.283786963797653 0.2692263720167 0.253325379167489 0.235310601575457 0.215987972039248 0.196625459896144 0.176506850321318 0.154173563332409 0.135201384945855 0.118745684239122 0.108330959095951 0.101638105826987 0.106276958482566 0.110237897046938 0.113587777008279 0.116210342878919 0.118875826124411 0.122458998259394 0.126898726489288 0.132266333191137 0.141490242749208 0.15181232782667 0.163065613289749 0.175888632689253 0.190758006812833 0.203706076761584 0.214846264798985 0.210416240710315 -9999 -9999 -9999 -9999 -9999 -9999 -9999 -9999 -9999 -9999 -9999 -9999 -9999 -9999 -9999 -9999 -9999 -9999 -9999 -9999 -9999
0.294972517622157 0.338367429710246 0.338713381570911 0.334355343138567 0.321092615225225 0.31087416863302 0.30219835502596 0.289273132106425 0.27571825636746 0.260877288416553 0.244080479201229 0.226073541656207 0.201137206119203 0.178745742797281 0.16523308448123 0.1496322375648 0.132467954108285 0.118224040899952 0.106914550727674 0.105407947956426 0.107280596909598 0.112199237773553 0.110538175642233 0.10920932617779 0.11589249494612 0.122206082900214 0.128119316361225 0.132426511148543 0.137156323101333 0.148199766800728 0.160513604171288 0.17448356684442 0.18716180415396 0.198936467920231 0.204377140771206 -9999 -9999 -9999 -9999 -9999 -9999 -9999 -9999 -9999 -9999 -9999 -9999 -9999 -9999 -9999 -9999 -9999 -9999 -9999 -9999 -9999
0.27576178954169 0.305813390899992 0.319013136182277 0.325162256707957 0.317964490825748 0.311003352989982 0.304162122019302 0.292991254652935 0.281022923416104 0.267379951700722 0.252044731575062 0.235662474668135 0.223046860949594 0.207429232465938 0.182226811367508 0.160714663512124 0.141965440437586 0.126045884266764 0.112330744205161 0.105680032516062 0.105024407704511 0.109772637835606 0.108532750058418 0.107117960959921 0.110525899774571 0.115439612113806 0.121984478379099 0.124557522738727 0.126978323261378 0.135894292823602 0.146722959721211 0.160045079258893 0.176939557087684 0.193743598600065 -9999 -9999 -9999 -9999 -9999 -9999 -9999 -9999 -9999 -9999 -9999 -9999 -9999 -9999 -9999 -9999 -9999 -9999 -9999 -9999 -9999 -9999
0.261569277776412 0.260769595180386 0.29027653326591 0.310389132697524 0.312718177448612 0.309959402871488 0.304622470400852 0.295905827005394 0.286006564485789 0.273491531544474 0.259665357303485 0.245027946864631 0.227414732753192 0.209316811119922 0.19039416267748 0.170516622828263 0.14992415133116 0.133234533493414 0.118039771341374 0.106700145937129 0.103242006122168 0.10688808443231 0.107963936007087 0.108105853298137 0.105874639414203 0.108100758530517 0.115155356899786 0.117382858527017 0.118986498159676 0.125142005020476 0.134119534645271 0.146775942250942 0.149913156211095 -9999 -9999 -9999 -9999 -9999 -9999 -9999 -9999 -9999 -9999 -9999 -9999 -9999 -9999 -9999 -9999 -9999 -9999 -9999 -9999 -9999 -9999 -9999
0.264528430222022 0.265122151871077 0.271962756522795 0.283471451409306 0.303816876692966 0.301920398599208 0.288753249308209 0.295994099779963 0.296614027159448 0.280878212940017 0.26677314688249 0.253677065851113 0.237081315304507 0.219935617621454 0.201879063445968 0.183272193925812 0.164253300741572 0.147717802807802 0.131864625852406 0.117440166094126 0.107919876428476 0.102820110490995 0.105345300454847 0.108691537333967 0.108992134922986 0.11018580405483 0.112346907617912 0.117326367781728 0.123349498452649 0.131889099359915 0.14012624596344 0.147969103586575 -9999 -9999 -9999 -9999 -9999 -9999 -9999 -9999 -9999 -9999 -9999 -9999 -9999 -9999 -9999 -9999 -9999 -9999 -9999 -9999 -9999 -9999 -9999 -9999
0.266652457398368 0.26742884368196 0.261219521591524 0.265564872806811 0.2898903010432 0.29196321258997 0.282760074840776 0.293422582665252 0.297166210872996 0.283881612101784 0.272135179184359 0.261340448283508 0.244328882913733 0.227523423293623 0.212577715063403 0.196286771814513 0.178988644835761 0.162856204530114 0.146751596654876 0.130203448494985 0.116062520571751 0.104091414244033 0.105343804723446 0.10891022273976 0.111799705753275 0.112935532380333 0.112171681895913 0.118455196584781 0.126719541008952 0.136487050651056 0.142014511776913 -9999 -9999 -9999 -9999 -9999 -9999 -9999 -9999 -9999 -9999 -9999 -9999 -9999 -9999 -9999 -9999 -9999 -9999 -9999 -9999 -9999 -9999 -9999 -9999 -9999
0.267199783109237 0.265872979451404 0.264769333234789 0.264671093760279 0.266476096912323 0.278384534013071 0.295412698507046 0.28582943014969 0.278734209033016 0.278609453361117 0.274201253192872 0.267142777857605 0.247009393885391 0.229388753996595 0.221791942446155 0.209790349859489 0.194490877176239 0.179231484437855 0.163643823883954 0.14678661356775 0.130746595309137 0.115443178108974 0.110283421831919 0.108436021342699 0.114022144373162 0.116940169861726 0.116967934823379 0.121821887344244 0.128214897244318 0.137027458578975 -9999 -9999 -9999 -9999 -9999 -9999 -9999 -9999 -9999 -9999 -9999 -9999 -9999 -9999 -9999 -9999 -9999 -9999 -9999 -9999 -9999 -9999 -9999 -9999 -9999 -9999
0.258968012120386 0.263273224943172 0.264058782621258 0.263067044206527 0.258710870740592 0.265007687335047 0.27670270866948 0.277677899873959 0.27722778708995 0.273914325376546 0.268183259070403 0.260956359814569 0.257482631396118 0.250194248738211 0.230934851180202 0.214323638643816 0.199695134578762 0.184728832807208 0.170916067491589 0.161657370602531 0.14958986169111 0.134990544143715 0.123410236215404 0.11447042717049 0.11630305056407 0.118548507313887 0.121241172584004 0.124606289807433 0.127731240554058 -9999 -9999 -9999 -9999 -9999 -9999 -9999 -9999 -9999 -9999 -9999 -9999 -9999 -9999 -9999 -9999 -9999 -9999 -9999 -9999 -9999 -9999 -9999 -9999 -9999 -9999 -9999
0.246299574771182 0.260145922665814 0.26119518522465 0.26110404732893 0.258854122679994 0.251732839852022 0.242143086795208 0.269244183866636 0.284274995836532 0.269510809733428 0.258079843137662 0.248711223537185 0.251989307064314 0.250194248738211 0.230934851180202 0.214323638643816 0.199695134578762 0.184728832807208 0.173326688180575 0.175662733007637 0.170535046560482 0.158679697618927 0.140674590482325 0.123794068749401 0.118613504339928 0.118945833645811 0.125250095703152 0.127096422941502 -9999 -9999 -9999 -9999 -9999 -9999 -9999 -9999 -9999 -9999 -9999 -9999 -9999 -9999 -9999 -9999 -9999 -9999 -9999 -9999 -9999 -9999 -9999 -9999 -9999 -9999 -9999 -9999
0.235507265624947 0.240298656641043 0.251795126229458 0.258861950357945 0.257543421865662 0.252968247890354 0.246742829337398 0.254902707910894 0.264032012595766 0.274800157001695 0.273110622116012 0.263713206786582 0.254688601533688 0.246926443876899 0.242800348447992 0.241033768332759 -9999 -9999 -9999 -9999 0.170905418848592 0.159098591318397 0.140979874891723 0.123958938073145 0.118654359937855 0.118952859540479 0.125320985219657 -9999 -9999 -9999 -9999 -9999 -9999 -9999 -9999 -9999 -9999 -9999 -9999 -9999 -9999 -9999 -9999 -9999 -9999 -9999 -9999 -9999 -9999 -9999 -9999 -9999 -9999 -9999 -9999 -9999
0.22568650929528 0.226110330868215 0.244757514125403 0.256806663655779 0.256365685047553 0.25429203944669 0.251391070188479 0.245624382247115 0.250571870982268 0.280674440853538 0.286008775835523 0.276018379070896 0.259744091296307 0.246308147074754 0.242483543391674 0.240808082023632 0.240741693526001 -9999 -9999 -9999 -9999 -9999 -9999 -9999 -9999 -9999 -9999 -9999 -9999 -9999 -9999 -9999 -9999 -9999 -9999 -9999 -9999 -9999 -9999 -9999 -9999 -9999 -9999 -9999 -9999 -9999 -9999 -9999 -9999 -9999 -9999 -9999 -9999 -9999 -9999 -9999
0.218050322988022 0.225805710455225 0.243497350822449 0.255198257506249 0.255558659662749 0.255213246676285 0.254510174982857 0.248388461928024 0.254056829515543 0.287504879746659 0.292884973411844 0.280898714288018 0.269944815680291 0.258564034743759 0.245720121642052 0.240395560243215 0.240700772518977 -9999 -9999 -9999 -9999 -9999 -9999 -9999 -9999 -9999 -9999 -9999 -9999 -9999 -9999 -9999 -9999 -9999 -9999 -9999 -9999 -9999 -9999 -9999 -9999 -9999 -9999 -9999 -9999 -9999 -9999 -9999 -9999 -9999 -9999 -9999 -9999 -9999 -9999 -9999
