layers/veg/veg_2400.asc
NCOLS 255 
NROWS 330 
XLLCORNER -2985163.8955 
YLLCORNER -3022031.214 
CELLSIZE 25000 
NODATA_value -9999 
[rows 225 to 249 of 330, columns 56 to 111 of 255]
-9999 -9999 -9999 -9999 -9999 -9999 -9999 -9999 -9999 -9999 -9999 -9999 -9999 -9999 -9999 -9999 -9999 -9999 -9999 0.175697611992532 0.169831113337812 0.157434424235613 0.141056116971594 0.115148265658682 0.0884254097326119 0.0611290638021201 0.041103354639005 0.0264448681300091 0.0265736475919098 0.0279576928009644 0.0274373865584676 0.0246049514902409 0.0197170932019922 0.020209718782418 0.0219753737640182 0.0252756543482946 0.0338052483061593 0.0479217486636167 0.053700022991382 0.0581789237791978 0.0682984934200586 0.0786471349295674 0.0892902359374695 0.101650535530515 0.114749642602478 0.130155898588199 0.135353271180711 0.12469206249709 0.120771782189532 0.11943737703889 0.112062646446649 0.106171626793948 0.103088614015581 0.105484592916523 0.110656278620074 0.12393341628812
-9999 -9999 -9999 -9999 -9999 -9999 -9999 -9999 -9999 -9999 -9999 -9999 -9999 -9999 -9999 -9999 -9999 -9999 -9999 0.178994550606338 0.184001967901275 0.17304516810762 0.152354591449354 0.12567911045045 0.097473299272717 0.0659671399292236 0.0461325730787197 0.0349140377591963 0.0342852288125878 0.0348256313183256 0.0350106916981195 0.0326138057741346 0.027921635812954 0.0256961194726637 0.0245578846498265 0.026663895064633 0.0344587676830274 0.0483315205853139 0.0536834816273253 0.0571771964414487 0.0625277162234116 0.0696846059945886 0.079163486694096 0.0915938046815236 0.104940154303557 0.117799105800736 0.13180867531693 0.147605626338968 0.140590808739092 0.124604096809497 0.121293382157364 0.117345321321481 0.112191046783446 0.110048112745778 0.109430751076362 0.11440359691943
-9999 -9999 -9999 -9999 -9999 -9999 -9999 -9999 -9999 -9999 -9999 -9999 -9999 -9999 -9999 -9999 -9999 -9999 -9999 0.195688159662214 0.195222891038969 0.185539942695374 0.170236747702075 0.137649476145654 0.105150331217577 0.0761327616669464 0.0563446364343258 0.043369735987026 0.0424446049116651 0.0422753431046212 0.0395579729606582 0.0372865911242624 0.0354116814537039 0.0329947951355914 0.0311268997735309 0.0325206082642787 0.0398133122137752 0.053408399119724 0.05844827176145 0.0615859555518277 0.0663195417312126 0.0718589926026969 0.0784343389527873 0.0875100666193472 0.0974325898570828 0.107832743694515 0.122205077303821 0.142747834585275 0.136868371427888 0.120731424662824 0.12399666227488 0.125000291980384 0.121723700802281 0.117122281713044 0.111849692806355 0.113453306187969
-9999 -9999 -9999 -9999 -9999 -9999 -9999 -9999 -9999 -9999 -9999 -9999 -9999 -9999 -9999 -9999 -9999 -9999 -9999 0.19632510855838 0.197960615706977 0.196120968338942 0.192162433558689 0.150503958902926 0.111985417354822 0.0895704261808809 0.0697398710861971 0.0518171604233729 0.0508790052159167 0.0500823652099905 0.0422467474564005 0.0399104479332786 0.0424629012596554 0.0414065239127062 0.0401443242300328 0.0411217434132292 0.048055106619002 0.0613516956248216 0.066149633880639 0.0693176975876085 0.0759844741793843 0.0808733889855502 0.0834769586173273 0.0870947885439806 0.0913388083912328 0.0993345232081448 0.108880194544836 0.120833583797057 0.118687366814412 0.111306988310637 0.122690945476781 0.130494152090952 0.131520585752071 0.125738427413321 0.116506974708675 0.117772343352037
-9999 -9999 -9999 -9999 -9999 -9999 -9999 -9999 -9999 -9999 -9999 -9999 -9999 -9999 -9999 -9999 -9999 -9999 0.22958452890083 0.226117655105097 0.214683261360245 0.205809486892994 0.198496985148677 0.159642202450525 0.12456689185789 0.106291657534786 0.0863915108468423 0.0652918452261605 0.0618688301226949 0.0588796075289807 0.0496336232990396 0.0472856747523012 0.0510699029934719 0.0525489676759086 0.0530101060427502 0.0504301746851992 0.0550759226886652 0.0674414593870225 0.0730386826364992 0.0768858400397723 0.0801894381203587 0.082824248065216 0.0845993670312535 0.0871809151545082 0.0902452342474295 0.0961023578266553 0.102857868930755 0.111008944175605 0.116355011719391 0.120509104574578 0.12310480965176 0.127734967458521 0.136215442128176 0.135223779803027 0.129433447096424 0.124089526490333
-9999 -9999 -9999 -9999 -9999 -9999 -9999 -9999 -9999 -9999 -9999 -9999 -9999 -9999 -9999 -9999 -9999 -9999 0.241923614220713 0.234072095202942 0.227991909588559 0.219177981370959 0.208697222869274 0.17218656136095 0.139462562315125 0.122530162179761 0.101070313971598 0.0762682795644618 0.0730762662389362 0.0703876214901237 0.0599494146878199 0.057440419673708 0.0619802905551967 0.0648546203022177 0.0661122901085153 0.0607276734994639 0.0627556288511509 0.0727030456629325 0.0790134267817538 0.08381863398536 0.0841714802701281 0.0848628470516831 0.0859893636238607 0.0876456374255988 0.0896432081137615 0.0937794483508794 0.098367209422368 0.103656367460982 0.113776453488121 0.125470994202057 0.123048538398521 0.125349118641639 0.136588311746142 0.13975921940079 0.138842660579968 0.13086840112725
-9999 -9999 -9999 -9999 -9999 -9999 -9999 -9999 -9999 -9999 -9999 -9999 -9999 -9999 -9999 -9999 -9999 -9999 0.256433537282615 0.258727330048884 0.252259786764856 0.243439007400577 0.233183401963226 0.195373710462688 0.159984047567097 0.136725323240402 0.109370532881714 0.0789920048363453 0.0844216646277692 0.0895996235096989 0.0778850590249082 0.0747695032149931 0.0792982455526655 0.0800186305311676 0.0791562622243726 0.0737689476447496 0.072591549522875 0.0759119520717995 0.0824825510103794 0.0889324824505269 0.0885637552761426 0.088527792419137 0.0889195800954326 0.0891158594552485 0.0895026477099697 0.093083146474868 0.0969209543722865 0.101158468842304 0.107405100105703 0.114466888737644 0.121289112088356 0.125652362140923 0.125361866142969 0.129707475221264 0.13640177711586 0.138604361787799
-9999 -9999 -9999 -9999 -9999 -9999 -9999 -9999 -9999 -9999 -9999 -9999 -9999 -9999 -9999 -9999 -9999 -9999 0.272083031631813 0.270625535975762 0.266262363614186 0.256308475603994 0.242945790385951 0.198897425849296 0.160336908686461 0.143348325400781 0.12011780166451 0.0922794443554776 0.100815113465595 0.108684797950668 0.0978640682169197 0.0920896582829354 0.0908012972129533 0.0907874709961629 0.0904239383164499 0.0871386966712666 0.0854037932328828 0.0853252438567455 0.0893696457722383 0.0937144093540372 0.0927497496234555 0.0920673248627151 0.0917476978917643 0.0909845863747693 0.0903355987206349 0.0929285575124091 0.0958096870211809 0.0991384637956613 0.103403970715854 0.108215836298717 0.118755985714251 0.123900330220068 0.118832808738182 0.125088163423565 0.137079789715508 0.141190280715579
-9999 -9999 -9999 -9999 -9999 -9999 -9999 -9999 -9999 -9999 -9999 -9999 -9999 -9999 -9999 -9999 -9999 -9999 0.272794703581993 0.27304023046274 0.272633767586004 0.260709516742733 0.24176258652734 0.187803443042362 0.14569651558479 0.14434222253906 0.132684195073331 0.113419896166674 0.120961257737909 0.127675689404569 0.119362104613502 0.109403175968488 0.0979815788403488 0.0982889642597672 0.100371124836148 0.100752632280227 0.100428620590814 0.0993508446726498 0.0987976427189877 0.0982495874301292 0.0967823959616795 0.0955136259664699 0.0944999160440031 0.0931495598346033 0.09189225324365 0.0931766752182041 0.0949474478486283 0.0974737224382526 0.101164853977327 0.105498179686327 0.115647694585565 0.120620416840081 0.115795766206111 0.124507294665103 0.140076374036531 0.139947684399052
-9999 -9999 -9999 -9999 -9999 -9999 -9999 -9999 -9999 -9999 -9999 -9999 -9999 -9999 -9999 -9999 -9999 0.30611751187516 0.292490129941953 0.281861072396847 0.278594171053718 0.26419762998112 0.243015073088957 0.195883458542927 0.157885336622623 0.151099132273078 0.145571294982107 0.140972390933171 0.138238318024373 0.134680817408107 0.12722007588325 0.121158975073208 0.116342118957884 0.113794974727434 0.112001055813469 0.111945148772363 0.110659430915333 0.108059804820852 0.105925246152234 0.10388331884855 0.101675278101707 0.0997406181856313 0.0981573745424181 0.0966788661564483 0.0953015058368419 0.094770763725787 0.0951611532260289 0.0969824377576981 0.100020926752767 0.10363271246265 0.109889112599023 0.114659381575018 0.116617063271849 0.120619080024843 0.125656775430834 0.136336605385181
-9999 -9999 -9999 -9999 -9999 -9999 -9999 -9999 -9999 -9999 -9999 -9999 -9999 -9999 -9999 -9999 0.309377235614203 0.30730541444024 0.298635521277599 0.290664090302186 0.284526120577873 0.268140874674727 0.245507611769476 0.204962229867912 0.170622006201994 0.157539479480065 0.156477961163744 0.164290415059793 0.153259758416878 0.141356511718788 0.134592447046631 0.130821154282532 0.129710358980165 0.12634044025126 0.122966026548174 0.121620880542911 0.119077363085793 0.115253526654626 0.112097191548675 0.109123944011115 0.106281603054341 0.103820987135421 0.10185105810806 0.100179634629649 0.0985784262238144 0.0966456030225485 0.095897240975982 0.096988832699748 0.0993149531028054 0.102146414944728 0.104987193143037 0.109446588398416 0.116969307986081 0.117073187886842 0.113418616417038 0.131046446757176
-9999 -9999 -9999 -9999 -9999 -9999 -9999 -9999 -9999 -9999 -9999 -9999 -9999 -9999 -9999 -9999 0.311566552728985 0.312776365096664 0.304281726927677 0.296464341045035 0.290539139691385 0.274218262299584 0.251558884851652 0.209019859919955 0.173129709898066 0.160145557303899 0.1597716286365 0.168706634206741 0.161092474985141 0.152282666382476 0.146384618990943 0.135137381506916 0.119134851237267 0.124056933122275 0.130653057732544 0.126688083935781 0.122857750670312 0.119171264979501 0.115720540942668 0.112379193480993 0.109413439001692 0.106990854760892 0.10526648648574 0.102947622254414 0.100507527285464 0.0989620630059289 0.0981096139744164 0.0983337017406182 0.0997581577018274 0.101699039477457 0.104529283085869 0.108283198494321 0.113785215028823 0.116333385531486 0.117385110884323 0.120511666484302
-9999 -9999 -9999 -9999 -9999 -9999 -9999 -9999 -9999 -9999 -9999 -9999 -9999 -9999 -9999 -9999 0.325354374229904 0.322767556878285 0.314811356258532 0.306592403244638 0.297955354392566 0.278767551347148 0.253146693269875 0.214715129617682 0.181199202416576 0.16426583408136 0.16347725909664 0.174606856259603 0.174874383904848 0.171008330309909 0.156558143765636 0.142763101679647 0.129550466212629 0.133645751509484 0.138811032303799 0.133653166862214 0.129215887715529 0.125548470287741 0.121570558888428 0.117613245005872 0.114374137904641 0.111638846759632 0.109551183778775 0.106568182113642 0.103393056990621 0.101445164135261 0.100013924488258 0.0993852590876974 0.100301533112205 0.101867928040584 0.104068119593327 0.107036663988687 0.111459359598063 0.115987487616844 0.120569028649029 0.116563967647341
-9999 -9999 -9999 -9999 -9999 -9999 -9999 -9999 -9999 -9999 -9999 -9999 -9999 -9999 -9999 -9999 0.330862559750003 0.336532128023974 0.329712162339433 0.320594310937683 0.306627576421707 0.281949031781435 0.250739232336285 0.221876258682137 0.194247079686957 0.169741477850035 0.167551639669416 0.181835416671652 0.193981444396095 0.19671537365147 0.1652828094331 0.153351165399836 0.158755339212973 0.153861547332554 0.147390550635725 0.142317051169355 0.137881381084221 0.134127156687516 0.129413678895321 0.124618532061637 0.12097186110716 0.11760991521384 0.114613967988023 0.110951883607229 0.107134690716822 0.104077426580587 0.101642486744681 0.100174271683343 0.100934571912502 0.102588437592931 0.103604043934651 0.10571570633796 0.109901716832652 0.115994175520174 0.123052458127021 0.118512398064261
-9999 -9999 -9999 -9999 -9999 -9999 -9999 -9999 -9999 -9999 -9999 -9999 -9999 -9999 -9999 -9999 0.343221828296266 0.343236675020256 0.334905749245069 0.325494651100696 0.313889844669795 0.29226409078579 0.264528318105423 0.235277526659356 0.208289915493527 0.188118605428505 0.184497197139252 0.193093014187526 0.200885285565302 0.204245407728552 0.19142606299866 0.180734590607856 0.171934742146624 0.166075646269165 0.160453485539921 0.153355461001036 0.147295398658248 0.142344276863028 0.137578510267699 0.132911400629797 0.128632880886864 0.124487380729437 0.120512870055163 0.116232151371477 0.111914537814136 0.108379262418643 0.105234879568533 0.10269771309679 0.101969025727268 0.101997603920233 0.102636242129951 0.104205361955365 0.107535470868134 0.113639320210618 0.121148371573851 0.123117102830446
-9999 -9999 -9999 -9999 -9999 -9999 -9999 -9999 -9999 -9999 -9999 -9999 -9999 -9999 -9999 -9999 -9999 0.347664906079096 0.341736321330228 0.334640746056453 0.32506831376713 0.306691750328841 0.282947091003655 0.250367322375014 0.222122269395238 0.208040456065375 0.202612719651413 0.203573468752494 0.206019675335504 0.209721864729367 0.217448637099416 0.207972538699318 0.183203529437805 0.177419174734944 0.17399851250252 0.16525766915313 0.157612064647517 0.151136594052083 0.146166700585014 0.141533439730787 0.136633165249802 0.131693417752273 0.12670292982677 0.12180383986618 0.1170000980271 0.113024278369739 0.109201408317391 0.105616131706839 0.103294075443964 0.101547800846345 0.10187228129796 0.102921007238216 0.105340408730303 0.111216127082311 0.118842846856038 0.127355325684843
-9999 -9999 -9999 -9999 -9999 -9999 -9999 -9999 -9999 -9999 -9999 -9999 -9999 -9999 -9999 -9999 -9999 -9999 0.365973965976446 0.373954134101044 0.357563174259783 0.33547738697072 0.309919322942262 0.268266420617147 0.233952378441577 0.223829532337474 0.214709587017466 0.206329988379663 0.213488312533545 0.221648219531248 0.226622785559565 0.218816176520424 0.199647430683162 0.191772780506466 0.185827876714838 0.179359060968921 0.171841584716375 0.163203738029525 0.156617452883999 0.150636886341988 0.145375420471396 0.139733020997489 0.13360095197832 0.128028503489116 0.122679635350722 0.117866286767722 0.113248827687716 0.108935665315263 0.105729309113872 0.103040344123424 0.102618876109086 0.102967408636539 0.104773210741894 0.110644565820992 0.118575566854326 0.127246366630989
-9999 -9999 -9999 -9999 -9999 -9999 -9999 -9999 -9999 -9999 -9999 -9999 -9999 -9999 -9999 -9999 -9999 -9999 0.405987578100217 0.398959786444563 0.38015421057899 0.356982631535002 0.331148992679812 0.286242019130822 0.249070638743234 0.237791882092936 0.226822074651031 0.216080335154658 0.228418936945175 0.241126866999834 0.244930035675465 0.242115294108698 0.233417400085684 0.214546652351647 0.196501670911249 0.191862101295879 0.18529507132784 0.176668776632299 0.169022415706186 0.161764554089293 0.155580755705412 0.148962429348541 0.141785540782703 0.135478634300415 0.129471648989716 0.123697395883703 0.118210011551008 0.113168252031725 0.109081171378769 0.105452430779497 0.104203136324108 0.103746814987141 0.104791240128717 0.110614363020199 0.118858417467776 0.124144785179101
-9999 -9999 -9999 -9999 -9999 -9999 -9999 -9999 -9999 -9999 -9999 -9999 -9999 -9999 -9999 -9999 -9999 -9999 0.411206394229988 0.408574105180752 0.392091355532951 0.370656102742578 0.346201186648733 0.304299911672354 0.267726078790122 0.249789158002032 0.23895136555475 0.233354187330731 0.25137668297671 0.268729780834674 0.273062083885924 0.278813208567497 0.285825629285686 0.24637850002961 0.205932377871981 0.202645738811633 0.197913751504331 0.191637579560603 0.18352959139629 0.175069747578735 0.167359977474369 0.159471752823428 0.151354134504114 0.144247043189742 0.137460392457796 0.130592515367223 0.124154163959684 0.118383042031825 0.113419083204145 0.108853702531533 0.106688502622723 0.105314740499129 0.105438819149148 0.111166518521321 0.119733062897853 0.124511346540122
-9999 -9999 -9999 -9999 -9999 -9999 -9999 -9999 -9999 -9999 -9999 -9999 -9999 -9999 -9999 -9999 -9999 -9999 0.437995518835335 0.431727748162913 0.41261580752776 0.39274452412301 0.372410250704907 0.332196500410534 0.297150265165221 0.280733554798549 0.272707942589557 0.270876683580398 0.2836914196398 0.295653802887664 0.297910718516613 0.303656528281321 0.312503875442664 0.289441380906043 0.260300931595378 0.229484265556637 0.208775063491527 0.198864498096987 0.19127475467863 0.184084420715852 0.175602161326239 0.167379009712309 0.159488927130851 0.152366130134169 0.14546583055147 0.13824193541789 0.131300953595702 0.124799452132925 0.119071185868067 0.113723044487021 0.110614509651344 0.108212205352591 0.107146482290589 0.110441026207803 0.115944520863363 0.122910934346471
-9999 -9999 -9999 -9999 -9999 -9999 -9999 -9999 -9999 -9999 -9999 -9999 -9999 -9999 -9999 -9999 -9999 -9999 0.468420854166821 0.457228043817795 0.435575445716835 0.416325576541773 0.398540710448356 0.359917225507541 0.327042350652965 0.314653610496418 0.309969494594317 0.31097297321289 0.316576796692793 0.321347396809278 0.320959472242182 0.324362576408722 0.331135807879662 0.330509235034142 0.318863751737027 0.258355630360062 0.219999115718275 0.205308987959153 0.198115969549615 0.192355422464976 0.183469232620444 0.175172177067072 0.167632421783198 0.160625259323509 0.1537400335757 0.146221094223739 0.13879742170508 0.131521737635368 0.125042747960788 0.118944724177662 0.114778795537548 0.111252701548059 0.108937530825032 0.109433968913793 0.111354793488597 0.1106011904311
-9999 -9999 -9999 -9999 -9999 -9999 -9999 -9999 -9999 -9999 -9999 -9999 -9999 -9999 -9999 -9999 -9999 -9999 0.477468447254198 0.474920144286843 0.460672679258674 0.435309340251865 0.403168378743259 0.367877860982916 0.340251494382828 0.335338327762046 0.332935173189439 0.332384922833905 0.336194989090999 0.339100004705158 0.336685428024593 0.336310308016468 0.337748212678122 0.335584851650493 0.324595222332401 0.27235334425449 0.237233701861633 0.220407154812291 0.210864079489556 0.203100541277776 0.195157791954595 0.186988749853401 0.178528820624527 0.171150234425511 0.163995488690406 0.155255400546136 0.146657915811816 0.138281952636696 0.130942938239875 0.124052773450227 0.118026781259343 0.112871937581079 0.109365791736616 0.108713540051188 0.109507096991657 0.109823441304278
-9999 -9999 -9999 -9999 -9999 -9999 -9999 -9999 -9999 -9999 -9999 -9999 -9999 -9999 -9999 -9999 -9999 -9999 0.51531217826809 0.497310933065759 0.488037131368475 0.462788572171694 0.42779980936183 0.389183196664874 0.358648701180889 0.35212330830275 0.351843571386682 0.356174410853674 0.358143758097748 0.358219124687009 0.352279671131633 0.349235852709358 0.348766179647436 0.346792037499963 0.339635607567365 0.307704129986628 0.275797647391224 0.243917868998366 0.227815175288359 0.216123367102471 0.208140195869158 0.199589422496935 0.190309027272427 0.182018387539547 0.173945787621928 0.164587727670847 0.155291376984804 0.146090886086498 0.137994690873593 0.130363137416828 0.12318273904472 0.116854499457722 0.112139018571122 0.110139133118002 0.109514992903976 0.110065768970719
-9999 -9999 -9999 -9999 -9999 -9999 -9999 -9999 -9999 -9999 -9999 -9999 -9999 -9999 -9999 -9999 -9999 0.536787677882503 0.531665068176657 0.525783827028921 0.518336330560147 0.501264560597483 0.478324633734068 0.427762261727474 0.38376147266474 0.363860367511443 0.365500119596334 0.383041446833037 0.383109286493139 0.379107093695293 0.367703421902752 0.363427104263862 0.365486821651094 0.365936087120962 0.366725695667322 0.370694891039308 0.341970874223249 0.278318004736176 0.250206726038769 0.232094516525508 0.222797386088145 0.213205054527424 0.203233257887809 0.193330759258532 0.183501084399371 0.174305820725798 0.164925386968622 0.155257308156876 0.146537055973 0.138229809006204 0.130808425829768 0.123896212190438 0.117947630699591 0.114342593164204 0.111924816219842 0.111055363055026
-9999 -9999 -9999 -9999 -9999 -9999 -9999 -9999 -9999 -9999 -9999 -9999 -9999 -9999 -9999 -9999 0.59986892424608 0.595817258974741 0.591931380502372 0.586449119564525 0.577292339672792 0.551580968813117 0.515775855574935 0.464495235357659 0.418685241799314 0.391557526046624 0.388136848055026 0.402216831175302 0.402999030483021 0.399568585899595 0.38634417194475 0.383391227120492 0.389569354890376 0.389841725234198 0.390831281757248 0.400802761904221 0.374320766155051 0.308892518150244 0.274581606539702 0.24985403890349 0.238950853466652 0.227875826644289 0.216579907014424 0.205902109256843 0.195098505581846 0.180194910011585 0.167296643615406 0.15751347555738 0.152142034317509 0.148464700542505 0.140895022122596 0.133926519212771 0.128095774959304 0.120740940657234 0.11261398853435 -9999
