layers/veg/veg_5500.asc
NCOLS 255 
NROWS 330 
XLLCORNER -2985163.8955 
YLLCORNER -3022031.214 
CELLSIZE 25000 
NODATA_value -9999 
[rows 75 to 99 of 330, columns 0 to 55 of 255]
-9999 -9999 -9999 -9999 -9999 -9999 -9999 -9999 -9999 -9999 -9999 -9999 -9999 -9999 -9999 -9999 -9999 -9999 -9999 -9999 -9999 -9999 -9999 -9999 -9999 -9999 0.589904435931115 0.613355512823802 0.634727274491075 0.652959628248351 0.650819747183629 0.63343303960282 0.41491266537301 0.27723562737969 0.288047972605602 0.307080274816396 0.330151282103792 0.450781137709444 0.552186109470298 0.607560867676905 0.64146184083875 0.662457889971751 0.677601484715373 0.690983221516919 0.70037788717406 0.7107935503013 0.72195249163628 0.734392283397419 0.748805462551675 0.769894708846678 0.786197831442094 0.7983039120586 0.80844476724531 0.818957810906917 0.83299931663098 0.846141231662081
-9999 -9999 -9999 -9999 -9999 -9999 -9999 -9999 -9999 -9999 -9999 -9999 -9999 -9999 -9999 -9999 -9999 -9999 -9999 -9999 -9999 -9999 -9999 -9999 -9999 -9999 0.576545689802194 0.601761277201526 0.626015933826762 0.648819750465697 0.658466088246821 0.657763692965329 0.513118249311325 0.399858122121812 0.344245124564845 0.329833446636442 0.335665181058332 0.470782253920646 0.578822904086176 0.622246623475987 0.652531235976181 0.674919747446029 0.687202831028568 0.697914266866688 0.705911910920465 0.715542769563564 0.726362595709872 0.738970764384192 0.751829597094364 0.764851946276335 0.776265336077431 0.786267799106101 0.797152004783235 0.808657286801046 0.82245884336382 0.838587181625704
-9999 -9999 -9999 -9999 -9999 -9999 -9999 -9999 -9999 -9999 -9999 -9999 -9999 -9999 -9999 -9999 -9999 -9999 -9999 -9999 -9999 -9999 -9999 -9999 -9999 -9999 0.577509131097224 0.599725506481932 0.622174914515545 0.644976161718285 0.66076645497556 0.670072136579102 0.575514035014642 0.479569503488738 0.381078440121923 0.346996970752106 0.344561817139912 0.491205050706822 0.604945042661109 0.640372556628978 0.665988906580198 0.685709121965226 0.695896248488923 0.704764457843109 0.71153690075069 0.720547325328122 0.731186983134076 0.742832672445279 0.753728729947309 0.76146027848547 0.769489480649205 0.777779700881031 0.788620800557642 0.800171606284214 0.813014253987745 0.829676944039025
-9999 -9999 -9999 -9999 -9999 -9999 -9999 -9999 -9999 -9999 -9999 -9999 -9999 -9999 -9999 -9999 -9999 -9999 -9999 -9999 -9999 -9999 -9999 -9999 -9999 -9999 0.60956496271377 0.618543186436111 0.629066869367929 0.641923929561411 0.651521392402072 0.656208405202298 0.55953902415305 0.465325462040577 0.375622637067315 0.352019913223912 0.360894100693811 0.512403012759217 0.629711062234652 0.665940419763181 0.684669208308334 0.692880823811043 0.702604955542395 0.711403623348987 0.717316577703146 0.726057332107424 0.736856702928154 0.745081739756607 0.753148649779769 0.761721339658627 0.769685742528515 0.777116727068222 0.786187298265904 0.795710644875268 0.806047636465183 0.817901868991616
-9999 -9999 -9999 -9999 -9999 -9999 -9999 -9999 -9999 -9999 -9999 -9999 -9999 -9999 -9999 -9999 -9999 -9999 -9999 -9999 -9999 -9999 -9999 -9999 -9999 -9999 0.621559127927983 0.62858184431821 0.635319500564106 0.641626765082473 0.636257248322486 0.622165770669512 0.493268489374503 0.3991378706289 0.368865085056472 0.385868438594968 0.426099940818508 0.545668208302438 0.639653903321482 0.673707277532815 0.691289296856431 0.698972661469893 0.7073178508707 0.71486635391832 0.720041154284147 0.728246933704174 0.738659242273472 0.746339252922488 0.75374585693919 0.761303250354119 0.768697142370226 0.775947656931521 0.784080523120167 0.792545149050927 0.801881312151466 0.811328038082294
-9999 -9999 -9999 -9999 -9999 -9999 -9999 -9999 -9999 -9999 -9999 -9999 -9999 -9999 -9999 -9999 -9999 -9999 -9999 -9999 -9999 -9999 -9999 -9999 -9999 -9999 0.621927610989247 0.633533082333141 0.64120164540731 0.642926154972011 0.61750506256983 0.57642951559784 0.397851832681249 0.30284913060569 0.361353172998731 0.436421312345637 0.51962787657481 0.585926333456603 0.64100675202548 0.671158500189139 0.690920524044952 0.704438720713618 0.710874178629363 0.716488348917076 0.720995308351305 0.728512369356918 0.738220760866886 0.747022163106681 0.755025298963425 0.760491595159869 0.76702191782252 0.774485305325457 0.782163085483783 0.790130372076388 0.799337750280718 0.807768314273379
-9999 -9999 -9999 -9999 -9999 -9999 -9999 -9999 -9999 -9999 -9999 -9999 -9999 -9999 -9999 -9999 -9999 -9999 -9999 -9999 -9999 -9999 -9999 -9999 -9999 -9999 -9999 -9999 -9999 -9999 0.537340990035582 0.530129538391166 0.41002034685148 0.342551596280074 0.371770426598486 0.43262891375326 0.509032888910226 0.57656719151593 0.633024086915751 0.664660166999381 0.688228535742255 0.706948518337923 0.715549804124985 0.723299365019788 0.730379221886215 0.737788486097236 0.74543755629003 0.752228499706909 0.758028277099082 0.760565333685646 0.764946417896853 0.770944564648998 0.778334672470195 0.786178768631668 0.795056220500245 0.802973121573777
-9999 -9999 -9999 -9999 -9999 -9999 -9999 -9999 -9999 -9999 -9999 -9999 -9999 -9999 -9999 -9999 -9999 -9999 -9999 -9999 -9999 -9999 -9999 -9999 -9999 -9999 -9999 -9999 -9999 -9999 0.606711937050695 0.496491113576475 0.426664981548927 0.381148605377038 0.380283289159645 0.432205167846649 0.510062937978357 0.574546728387941 0.628830488431965 0.660395498594054 0.685994803225144 0.708008946856648 0.717807017802203 0.726674448251439 0.735010245313253 0.742363169912856 0.749000571013582 0.754253620480279 0.758459896696498 0.759421704575098 0.762509806717289 0.767462496330251 0.774434354329162 0.781924519836306 0.790223284772349 0.797608467484887
-9999 -9999 -9999 -9999 -9999 -9999 -9999 -9999 -9999 -9999 -9999 -9999 -9999 -9999 -9999 -9999 -9999 -9999 -9999 -9999 -9999 -9999 -9999 -9999 -9999 -9999 -9999 -9999 -9999 0.686714640156426 0.606869930230021 0.497309469420161 0.440457301695364 0.397776418423486 0.381124709426192 0.448507795296697 0.557179631615424 0.599372449000847 0.636226909585205 0.662746463740694 0.685329345095087 0.705546436565737 0.713341737090105 0.719996669001796 0.725560645391517 0.73291591946777 0.741575244311013 0.747010312008856 0.751669469311631 0.754849233812573 0.75914854969863 0.764429621271713 0.770605340112888 0.777062892767654 0.784135600373262 0.79086995402199
-9999 -9999 -9999 -9999 -9999 -9999 -9999 -9999 -9999 -9999 -9999 -9999 -9999 -9999 -9999 -9999 -9999 -9999 -9999 -9999 -9999 -9999 -9999 -9999 -9999 -9999 -9999 -9999 0.646815430323346 0.660582336631504 0.60906479936308 0.532087611009778 0.465654357057638 0.419891284900076 0.412094267690167 0.472873709606637 0.567346769886145 0.606313452262104 0.640911211998163 0.667079621051392 0.681507096336241 0.68887871919485 0.704131383164652 0.716596453626472 0.719795720421977 0.725032708472198 0.731753141728149 0.736441436798156 0.74073342244193 0.74443201444814 0.748850113255567 0.753899161122896 0.762440727715555 0.771043876200249 0.776935578787674 0.783202744372064
-9999 -9999 -9999 -9999 -9999 -9999 -9999 -9999 -9999 -9999 -9999 -9999 -9999 -9999 -9999 -9999 -9999 -9999 -9999 -9999 -9999 -9999 -9999 -9999 -9999 -9999 -9999 0.641330230754287 0.637847916873901 0.629107908725922 0.612691618677733 0.590739921900984 0.498869089015982 0.445863621018498 0.464244297252564 0.502908219032595 0.551537892082023 0.600681267542767 0.643688859803345 0.672806285131157 0.675465582871629 0.662224557229503 0.691585181301534 0.715500408113046 0.716621169675885 0.71824903747053 0.7202460746531 0.723534645089653 0.726882951371165 0.729905861102464 0.733674749811469 0.738097801530322 0.751228133632688 0.764211199822152 0.768953569750525 0.774882649272129
-9999 -9999 -9999 -9999 -9999 -9999 -9999 -9999 -9999 -9999 -9999 -9999 -9999 -9999 -9999 -9999 -9999 -9999 -9999 -9999 -9999 -9999 -9999 -9999 -9999 -9999 0.641453655660662 0.627929489196766 0.630807713835217 0.658450724370594 0.625585690855718 0.568550656877713 0.505245330050695 0.458630698668849 0.442672781711845 0.477498967593803 0.537276867252813 0.610406083670172 0.663883803562537 0.672568424919964 0.675502136368791 0.674979770777054 0.699986704904978 0.719461292081219 0.718840514513371 0.719197245337336 0.720265594658699 0.721826755407476 0.723523250791525 0.725507073442243 0.728748005557813 0.733091320630292 0.741245845510716 0.749348554920241 0.753906519429372 0.760769674967982
-9999 -9999 -9999 -9999 -9999 -9999 -9999 -9999 -9999 -9999 -9999 -9999 -9999 -9999 -9999 -9999 -9999 -9999 -9999 -9999 -9999 -9999 -9999 -9999 -9999 -9999 0.643548614923443 0.626828890057417 0.638205097455241 0.692001324150693 0.639231269360191 0.546308408605777 0.509956980086873 0.472041943403318 0.43125494196949 0.461450074271618 0.52652080317295 0.620820167921517 0.684125549591516 0.676570402036252 0.680311683060152 0.6908416858817 0.709267263147189 0.722607433956383 0.720162386052232 0.719324895160286 0.719657693255205 0.719511774617195 0.71958551506626 0.720663972209775 0.72345017985078 0.727733946054278 0.731166513849686 0.7346569084022 0.739166683565072 0.746567729673987
-9999 -9999 -9999 -9999 -9999 -9999 -9999 -9999 -9999 -9999 -9999 -9999 -9999 -9999 -9999 -9999 -9999 -9999 -9999 -9999 -9999 -9999 -9999 -9999 -9999 -9999 0.656889718301379 0.675070460858267 0.695133095515134 0.718037063160972 0.652115613092957 0.553331453847645 0.518653964390319 0.492504960197 0.482020691968342 0.498166197134578 0.527395688165528 0.628038048170741 0.698185218121258 0.697496856056309 0.699513741657793 0.703156377705312 0.713975236805159 0.721076662663299 0.716396744849017 0.713780943674642 0.712667803340875 0.711004912377493 0.709814956348542 0.710585689710662 0.713127798238136 0.717223258997195 0.7203013524618 0.723485440124781 0.728069450993736 0.734166505486926
-9999 -9999 -9999 -9999 -9999 -9999 -9999 -9999 -9999 -9999 -9999 -9999 -9999 -9999 -9999 -9999 -9999 -9999 -9999 -9999 -9999 -9999 -9999 -9999 -9999 -9999 0.690469414840328 0.713270341949848 0.728470307661683 0.732194130630066 0.662326300108849 0.564530229725716 0.500205902407736 0.466091931078877 0.487466975128297 0.512823056995785 0.540135139080251 0.634629462591604 0.696571088950704 0.683134536359261 0.682740535877309 0.690184610693419 0.700745488999019 0.707009704329076 0.700550223694733 0.698488540646053 0.699628419994158 0.69963795101976 0.699651786013793 0.700157300741657 0.702086096365888 0.705262993803774 0.708534538343781 0.712088730116342 0.716952607143164 0.721938188920663
-9999 -9999 -9999 -9999 -9999 -9999 -9999 -9999 -9999 -9999 -9999 -9999 -9999 -9999 -9999 -9999 -9999 -9999 -9999 -9999 -9999 -9999 -9999 -9999 -9999 -9999 0.741201016181157 0.742960041302355 0.741814681819539 0.736284201750832 0.670271103072627 0.579267874821652 0.458752819965655 0.399952154623561 0.454505688418718 0.508785021614247 0.562929632042277 0.640689956598969 0.68167365081195 0.638865509088447 0.635478831962246 0.65578294826969 0.672313790717994 0.682318515101058 0.674465337591108 0.674934470835586 0.681462181503588 0.685847098465335 0.689155883209656 0.689432201779308 0.690434781339373 0.692074232835003 0.696003587031611 0.700501131111956 0.705819143026953 0.709856408975195
-9999 -9999 -9999 -9999 -9999 -9999 -9999 -9999 -9999 -9999 -9999 -9999 -9999 -9999 -9999 -9999 -9999 -9999 -9999 -9999 -9999 -9999 -9999 -9999 -9999 -9999 0.748557773799822 0.742834982278172 0.737235615995014 0.731822600566828 0.694252844815443 0.641448588462068 0.518418194792418 0.440510606671708 0.445482546747153 0.509023075439707 0.601340063256376 0.613402562294601 0.612499844176934 0.584373469260647 0.589139783259552 0.613673346053682 0.633124767145192 0.645316261809177 0.637794510087219 0.646255834060701 0.666352712680508 0.670623519044591 0.672435100751379 0.671918619477232 0.673089718465973 0.675740688358746 0.681637693858621 0.688211982859985 0.695318478930771 0.698689957357097
-9999 -9999 -9999 -9999 -9999 -9999 -9999 -9999 -9999 -9999 -9999 -9999 -9999 -9999 -9999 -9999 -9999 -9999 -9999 -9999 -9999 -9999 -9999 -9999 -9999 -9999 0.748708526961398 0.737924470192543 0.729842661193022 0.725840780969157 0.715612101030682 0.699411203054951 0.585003412582096 0.49516856026 0.450468169227534 0.514411486517027 0.631734632575443 0.584850056354306 0.54744850388836 0.53578770344924 0.547021747341232 0.57201471757664 0.596145225277323 0.612295702263856 0.605962547078298 0.620264940248632 0.649589851933367 0.653197776913664 0.653719109013858 0.653783160193175 0.655963377508312 0.659999300748298 0.667893151608731 0.676432540488602 0.684819704579395 0.687806759428943
-9999 -9999 -9999 -9999 -9999 -9999 -9999 -9999 -9999 -9999 -9999 -9999 -9999 -9999 -9999 -9999 -9999 -9999 -9999 -9999 -9999 -9999 -9999 -9999 -9999 -9999 0.748376291085184 0.733460278827576 0.723009978220528 0.719302133162396 0.712623751153242 0.701768220693465 0.606882819137793 0.534190080677753 0.502259821952872 0.540445249816309 0.61308056347533 0.575759068590037 0.542749583434097 0.522367436593146 0.523784893628436 0.53830307935666 0.577586971281202 0.607098231331123 0.604619858836665 0.610635507127179 0.622834736406349 0.626644095340196 0.630475323787297 0.637919142238142 0.644176617654207 0.649393766528193 0.658424961574633 0.667550600119357 0.673849030978285 0.677542354339766
-9999 -9999 -9999 -9999 -9999 -9999 -9999 -9999 -9999 -9999 -9999 -9999 -9999 -9999 -9999 -9999 -9999 -9999 -9999 -9999 -9999 -9999 -9999 -9999 -9999 -9999 0.71232406835862 0.714481510088061 0.712665115227081 0.704848911451833 0.700180251116412 0.694568951555864 0.627695943703333 0.568682608592289 0.52410556485688 0.538946651934276 0.582981603042507 0.568999958336311 0.547681128428023 0.511285542344295 0.508019465265834 0.524662956804861 0.568017152024715 0.600565586940416 0.597858703516984 0.600641805107322 0.607421573037258 0.610657696678366 0.614552710903978 0.622348936932314 0.62919365285708 0.635203971658266 0.645254579728553 0.654884322086684 0.658954873320491 0.66271319780947
-9999 -9999 -9999 -9999 -9999 -9999 -9999 -9999 -9999 -9999 -9999 -9999 -9999 -9999 -9999 -9999 -9999 -9999 -9999 -9999 -9999 -9999 -9999 -9999 -9999 -9999 0.7118221642182 0.707737517972452 0.698742249139502 0.68233278586174 0.678104398431379 0.677634297714353 0.647422802691017 0.598561264469191 0.515444170496242 0.509399698641112 0.541223258308151 0.564616428177593 0.562423627008041 0.502585845014179 0.499865487017148 0.531470517667995 0.56760422310926 0.59267274610894 0.585577531610724 0.590277007290036 0.603562925573524 0.605436626310889 0.60608847918009 0.607078050727921 0.610954581850306 0.617362742175436 0.628312621915603 0.638362782709715 0.64006370013079 0.643233740132069
-9999 -9999 -9999 -9999 -9999 -9999 -9999 -9999 -9999 -9999 -9999 -9999 -9999 -9999 -9999 -9999 -9999 -9999 -9999 -9999 -9999 -9999 -9999 -9999 -9999 -9999 -9999 0.703321061881992 0.697413238891099 0.68258562057442 0.679505054734319 0.68052337627608 0.666144170701794 0.637232093126795 0.581626693625088 0.541156106507898 0.508121694996396 0.509309454248614 0.504151166353502 0.483745733130342 0.486815025206394 0.503991729923154 0.558114213407819 0.598763704582506 0.594827264903784 0.597932520178406 0.606164074545497 0.601206888222838 0.595518559675529 0.592710158189635 0.59504129438387 0.601879387930156 0.612683576860074 0.622080966472978 0.621129774768847 0.622856810647889
-9999 -9999 -9999 -9999 -9999 -9999 -9999 -9999 -9999 -9999 -9999 -9999 -9999 -9999 -9999 -9999 -9999 -9999 -9999 -9999 -9999 -9999 -9999 -9999 -9999 -9999 -9999 -9999 -9999 0.684102912358028 0.685400034749201 0.68685281413322 0.678292242294647 0.666377297698841 0.648301192950613 0.579780279432404 0.486474357228343 0.454909294466758 0.441092292289657 0.465799975612647 0.475564154180967 0.47634785757075 0.546731252596648 0.602721224630475 0.605880620897179 0.608037665562656 0.609465006067736 0.596676082773031 0.584153696439116 0.578591741534678 0.579544354882851 0.586209715779326 0.596338162993435 0.604668632881539 0.601159055077272 0.600452762403508
-9999 -9999 -9999 -9999 -9999 -9999 -9999 -9999 -9999 -9999 -9999 -9999 -9999 -9999 -9999 -9999 -9999 -9999 -9999 -9999 -9999 -9999 -9999 -9999 -9999 -9999 -9999 -9999 -9999 -9999 0.685400034749201 0.685860190988781 0.648518115636837 0.61922897526124 0.604731101592454 0.570834829316182 0.527407556929068 0.483725212022282 0.457119920864162 0.469142894689475 0.483633114431972 0.49960605466624 0.536601466651836 0.571371933000501 0.59620488901623 0.607007208263918 0.607595333200815 0.588652041007094 0.570727711032082 0.564752928320972 0.563272402712772 0.565732975769979 0.573266871939045 0.579420487668918 0.574400354045789 0.566011200198329
-9999 -9999 -9999 -9999 -9999 -9999 -9999 -9999 -9999 -9999 -9999 -9999 -9999 -9999 -9999 -9999 -9999 -9999 -9999 -9999 -9999 -9999 -9999 -9999 -9999 -9999 -9999 -9999 -9999 -9999 -9999 -9999 0.597687250329568 0.594978583690105 0.587294760688171 0.573416076850512 0.556493676853254 0.508640149069819 0.473992515229184 0.470020250989966 0.485620356046651 0.512982706944096 0.522879483734633 0.539306149002542 0.577266008020757 0.595127090942711 0.598356421375436 0.579771744858877 0.561955999109466 0.556136704199315 0.553581202311507 0.553887781971325 0.555377952162105 0.55585764401053 0.550341453894829 0.539840280610562
