layers/veg/veg_3700.asc
NCOLS 255 
NROWS 330 
XLLCORNER -2985163.8955 
YLLCORNER -3022031.214 
CELLSIZE 25000 
NODATA_value -9999 
[rows 75 to 99 of 330, columns 171 to 227 of 255]
0.883730146685875 0.873042562683563 0.857657572582604 0.841368294587568 0.834462391698597 0.823292144240893 0.805305203487748 0.79675472627233 0.791802064088763 0.768495773154534 0.74669540817898 0.727832499007535 0.714436872823067 0.703896290452998 0.677874786078592 0.655915565020825 0.644717750994972 0.643416444268175 0.648415239131153 -9999 -9999 -9999 -9999 -9999 -9999 -9999 -9999 -9999 -9999 -9999 -9999 -9999 -9999 -9999 -9999 -9999 -9999 -9999 -9999 -9999 -9999 -9999 -9999 -9999 -9999 -9999 -9999 -9999 -9999 -9999 -9999 -9999 -9999 -9999 -9999 -9999 -9999
0.879942862557719 0.871037565353332 0.858743979082972 0.84530817844524 0.831796774749071 0.817443316960933 0.801743808357574 0.790757009903869 0.781448248384315 0.757406118535231 0.737023458950149 0.723778953870623 0.71112890276156 0.69878927862973 0.678746905991355 0.659917306359757 0.644491338854874 0.638595718090562 0.63876710165788 -9999 -9999 0.585707696280764 0.585707696280764 -9999 -9999 -9999 -9999 -9999 -9999 -9999 -9999 -9999 -9999 -9999 -9999 -9999 -9999 -9999 -9999 -9999 -9999 -9999 -9999 -9999 -9999 -9999 -9999 -9999 -9999 -9999 -9999 -9999 -9999 -9999 -9999 -9999 -9999
0.877369870251134 0.869331382314188 0.858874934184365 0.847061416094529 0.827623383238749 0.810956096223954 0.798717936427467 0.785929158417149 0.772629824524465 0.746309293509206 0.72611990702132 0.717889917324491 0.706838349347311 0.694313338412203 0.678660238927398 0.662288376247163 0.644375916430331 0.630803356474934 0.619993570212344 0.60190298029083 0.587097416172799 0.583996685002891 0.57514294807888 0.561861801319268 0.568019367612922 -9999 -9999 -9999 -9999 -9999 -9999 -9999 -9999 -9999 -9999 -9999 -9999 -9999 -9999 -9999 -9999 -9999 -9999 -9999 -9999 -9999 -9999 -9999 -9999 -9999 -9999 -9999 -9999 -9999 -9999 -9999 -9999
0.87745869084364 0.868277818545731 0.856910191649991 0.844026610646706 0.820215496642323 0.803143024633009 0.796842490718231 0.783649390207028 0.767210713445188 0.73522390652022 0.712530241803294 0.707963759475485 0.700381649805564 0.691224763741201 0.676424030340175 0.661002501349903 0.644432626481679 0.631171983052097 0.620017991355042 0.60190298029083 0.585671028995445 0.576797272532964 0.568695243503175 0.561187122036137 0.568019367612922 0.574993202525967 -9999 -9999 -9999 -9999 -9999 -9999 -9999 -9999 -9999 -9999 -9999 -9999 -9999 -9999 -9999 -9999 -9999 -9999 -9999 -9999 -9999 -9999 -9999 -9999 -9999 -9999 -9999 -9999 -9999 -9999 -9999
0.875350731667098 0.864028258712674 0.840619028494121 0.814736893014363 0.810957870787417 0.806830064928946 0.802144717107284 0.775154097039055 0.73910748407148 0.720581198019601 0.706961281622597 0.702911718891911 0.695610532444461 0.686611331059534 0.678685832528479 0.667853875435786 0.649942075900707 0.633939354043846 0.619151948151709 0.598394731263246 0.578870022643809 0.564490410068818 0.554963444901184 0.549170989966696 0.556727394432881 0.565698236885988 0.573271002594979 0.588866144038405 0.611890714380554 0.633455672421716 -9999 -9999 -9999 -9999 -9999 -9999 -9999 -9999 -9999 -9999 -9999 -9999 -9999 -9999 -9999 -9999 -9999 -9999 -9999 -9999 -9999 -9999 -9999 -9999 -9999 -9999 -9999
0.871969744475694 0.857926627687526 0.816025742812896 0.770232523822701 0.800628325967573 0.817181389379499 0.811606385326306 0.763056923741858 0.697858868670404 0.703877031194399 0.70604029861072 0.70068421625886 0.691816205459683 0.681114247229212 0.683554219959908 0.679420763596134 0.658611373234668 0.638096791023677 0.617769883235728 0.592853461284654 0.568954438820878 0.54922379396038 0.537010533245896 0.530582516268099 0.538891752923497 0.550654378673585 0.568386332596931 0.588866144038405 0.611890714380554 0.633455672421716 0.651433108905156 -9999 -9999 -9999 -9999 -9999 -9999 -9999 -9999 -9999 -9999 -9999 -9999 -9999 -9999 -9999 -9999 -9999 -9999 -9999 -9999 -9999 -9999 -9999 -9999 -9999 -9999
0.863530703561198 0.854911715423269 0.815324331817925 0.770592848440747 0.799143163972711 0.805713185270359 0.777146992333 0.738463192475833 0.696794739050419 0.71572121541746 0.725388234842599 0.71699377828335 0.706418970661911 0.694705572294729 0.691658473507768 0.68327216679287 0.661465389431635 0.640617404032146 0.620379784146464 0.594047885476951 0.569746494287943 0.553050912435776 0.540718134551982 0.531742892194136 0.54457886591176 0.560414077795348 0.576697615811023 0.592638074978894 0.608260812814484 0.620185580463484 0.630450400279365 0.63559510944762 0.642415048253061 0.651099457881795 0.671067637417307 0.694587921133848 0.722801102224309 0.747835869840729 0.768611565313787 0.773901518658557 -9999 -9999 -9999 -9999 -9999 -9999 -9999 -9999 -9999 -9999 -9999 -9999 -9999 -9999 -9999 -9999 -9999
0.85400043284103 0.847939836454361 0.813941320652958 0.774935413378578 0.796918086297533 0.79436668228922 0.752596759466502 0.72609488443794 0.706926098690334 0.728933016185535 0.739675767298085 0.728446660678494 0.716497475196485 0.704172260760622 0.697575930684402 0.686663743791806 0.664982423000088 0.643897322467801 0.623191774851587 0.595363426796007 0.570690593822092 0.557291165240144 0.545874413957194 0.535983495490967 0.551813714672399 0.569875391397296 0.583281672241479 0.595270110056351 0.605945499925764 0.610467998996809 0.614337785666691 0.621165829507389 0.631716825172595 0.646411333404222 0.668716563284039 0.693564386675299 0.722773144147076 0.748267432784144 0.768784335416994 0.786734843891863 -9999 -9999 -9999 -9999 -9999 -9999 -9999 -9999 -9999 -9999 -9999 -9999 -9999 -9999 -9999 -9999 -9999
0.842212781749617 0.829793627943195 0.807375278047236 0.783832790176032 0.791450426617068 0.786393949162258 0.761077489000388 0.748663557363059 0.741850186274254 0.741876265623139 0.737396431726876 0.724127373540724 0.711725904221966 0.699777494354345 0.697104553206789 0.689882954585627 0.671110755971512 0.649467177434933 0.625995682779291 0.596068343334488 0.570554043516969 0.559989999330891 0.551942935137926 0.545832893512612 0.559970022089844 0.575067003908831 0.583335492156033 0.594281045041959 0.607705796365987 0.612246933993751 0.610915938829993 0.587030555321091 0.591971203261394 0.628994195851866 0.659981944190453 0.689761791300666 0.722669275386938 0.749870758630951 0.769426204178561 0.786955944265165 0.802726101365306 -9999 -9999 -9999 -9999 -9999 -9999 -9999 -9999 -9999 -9999 -9999 -9999 -9999 -9999 -9999 -9999
0.829740784926385 0.813835506281933 0.79539099766437 0.777209779417468 0.774606992673994 0.770993467406756 0.765764243781345 0.756797626265102 0.746297406699361 0.737972902184339 0.727500048763068 0.712836630774161 0.702127966320339 0.69348449487824 0.690758770298053 0.684472321772335 0.669227185336643 0.648383029287004 0.623974545813043 0.597103128338931 0.574265034215401 0.564290872679423 0.558072970348167 0.554745817593546 0.56549647211658 0.576938657199623 0.583728899481664 0.594905356276075 0.610143835335827 0.615586571672653 0.612092918764098 0.570335565682584 0.558601962473513 0.580283721791729 0.6363515005915 0.697047006319229 0.721556222294605 0.741961439773102 0.756867301734383 0.77703884100635 0.79869625203915 0.815731747909592 -9999 -9999 -9999 -9999 -9999 -9999 -9999 -9999 -9999 -9999 -9999 -9999 -9999 -9999 -9999
0.816787684188528 0.79941563802109 0.779597625935182 0.759675735152664 0.749766242060137 0.750371182144774 0.767783785163047 0.754783981550029 0.729318994708081 0.722226151658864 0.71224878280943 0.696644864390855 0.689137029947185 0.685857012963937 0.680283204272955 0.672994797110434 0.661711142678669 0.642621030751833 0.6185613397817 0.59836981514813 0.580680896081187 0.569718000379331 0.564246250718018 0.56300038836288 0.569174098329924 0.576476336150785 0.584361041156368 0.596663891912908 0.613058336083607 0.620023403554641 0.616502933492245 0.565901322006285 0.529715400216307 0.509573626786167 0.602249099401634 0.712127095678035 0.719733699543555 0.727364608459083 0.735028086127002 0.759994449261738 0.790321931757761 0.812531335628036 0.826269355112488 -9999 -9999 -9999 -9999 -9999 -9999 -9999 -9999 -9999 -9999 -9999 -9999 -9999 -9999
0.822915377176723 0.803125264248967 0.776111061194483 0.748215710800854 0.741868748005895 0.742710677189217 0.755044283688979 0.738629588974631 0.710395541800192 0.697829604376583 0.689081484363226 0.687780390444451 0.686268335054897 0.684646114480249 0.6761568965143 0.666629071080939 0.655020489338214 0.635216424505938 0.610195127524863 0.596402488674649 0.584857362517905 0.577548014740712 0.573978005058777 0.57328572277174 0.57326030208585 0.575803293843944 0.588195451606489 0.600063375033395 0.611445811136867 0.590981563632068 0.56493382172661 0.542198324512243 0.52706340770863 0.520387665755665 0.606898414339079 0.706168426892414 0.709149878581065 0.712767055918017 0.717236105241294 0.748924365521354 0.78780598132803 0.795596767415775 0.807833286030288 0.827279436187151 0.833123790372533 -9999 -9999 -9999 -9999 -9999 -9999 -9999 -9999 -9999 -9999 -9999 -9999
0.826327134339246 0.808307294098165 0.778319914221933 0.745955122408342 0.7364686419686 0.733470736613701 0.740845029275383 0.721780001450529 0.691913456352859 0.679669458351605 0.674204889624709 0.68196426046521 0.684536297202135 0.684399480897995 0.67389955105242 0.661913424201788 0.646983089470922 0.625760291173405 0.600531720079293 0.593570005341579 0.588338267883697 0.584127323748142 0.582127783903533 0.58183010105798 0.577667397133088 0.577022302056748 0.592377379992639 0.603014933462681 0.609283642371309 0.569121751509482 0.527516538467496 0.527183089241 0.53334497042771 0.546735922646984 0.618064895173601 0.695493767669997 0.698121498368627 0.699033179954367 0.697645356761058 0.734154895468018 0.780421100951496 0.779578708043006 0.790957004622246 0.822153557893605 0.838616145727425 -9999 -9999 -9999 -9999 -9999 -9999 -9999 -9999 -9999 -9999 -9999 -9999
0.813338423598009 0.812007897211662 0.795861615026902 0.773489447359626 0.733585471090519 0.714013639380515 0.726943401119177 0.707662930019036 0.675675576792025 0.686358649563984 0.691057867164291 0.684084990261114 0.68307161754591 0.685170329134607 0.675831927812589 0.661076731209057 0.633959273292342 0.609764660137048 0.587430725539517 0.588905493920521 0.590214892352578 0.585479708816678 0.583477083335635 0.583577385424202 0.583042129592577 0.584901086991616 0.596601878946684 0.603810249097671 0.606858239645241 0.584446264132739 0.559730266973315 0.549414575634126 0.561152115456914 0.597434114826107 0.637789762631209 0.676074930671954 0.688738000879347 0.688304557583978 0.670321794072609 0.704337776223764 0.753961611851488 0.77175265084024 0.792198315418692 0.816948978615346 0.834444293460581 0.848570741662605 -9999 -9999 -9999 -9999 -9999 -9999 -9999 -9999 -9999 -9999 -9999
0.804277487279502 0.799563590458958 0.793811591949854 0.784535838289313 0.730902480376834 0.700481503880564 0.70716627299671 0.696354401634618 0.678739816077448 0.688976536379623 0.69132739951655 0.67829612731875 0.676971593775063 0.681760380478531 0.672653362309307 0.656619968727017 0.624733994451914 0.604062750776812 0.590530787652609 0.587827262339373 0.584711066907822 0.577817396364215 0.575135540773351 0.575695022275573 0.578036120218665 0.582091330541949 0.592017309529585 0.599179241069943 0.603781420404468 0.592248303110902 0.578201410494651 0.567547503460568 0.582461260988917 0.625830917062902 0.641079305466791 0.649921160610606 0.666995246571015 0.674808733823828 0.670213024378817 0.69718494311172 0.734529642724612 0.7658066145606 0.791972379113157 0.809849313640914 0.82480764289625 0.838267287052266 0.837982022359686 -9999 -9999 -9999 -9999 -9999 -9999 -9999 -9999 -9999 -9999
0.798545280998995 0.773436714228379 0.77515787610347 0.781608951903318 0.728389139356467 0.691970684773246 0.682409746588849 0.687426071448372 0.698162312198792 0.688144053652438 0.677542710269646 0.665804002910084 0.666943185242222 0.674807269028041 0.665143349730964 0.649095251532767 0.618727919154541 0.607084616475507 0.60736100280495 0.589788349248283 0.572952420621189 0.5625152626817 0.558581154659376 0.559651676980786 0.564232587504922 0.570223195239566 0.579967186509374 0.589949504951449 0.600152535416945 0.593675158260388 0.585025918920835 0.58220696424306 0.598263449199729 0.635327625098621 0.630440156665445 0.618059635576875 0.634778207084071 0.658967748301334 0.693168384436216 0.70923975329037 0.721053391597179 0.761453867875866 0.79050297284833 0.801143591901884 0.810539657564018 0.819438833706443 0.830465442138254 0.837792467993001 -9999 -9999 -9999 -9999 -9999 -9999 -9999 -9999 -9999
0.771182968858972 0.751077612897434 0.758534971578492 0.771534997870469 0.73278210917677 0.701470498595368 0.682054012762921 0.678461601724346 0.681205404717095 0.66737597023836 0.654745898230174 0.644455299972374 0.642262547234979 0.644298531846294 0.629623889299403 0.611779879647524 0.587323384518305 0.584847251273605 0.596363783185198 0.579160959320988 0.561380477151105 0.548523126510695 0.548074842463431 0.557176353051073 0.557424863128654 0.559448078092619 0.573171360207472 0.584350397596474 0.593173239524506 0.5737017872503 0.55216036090261 0.549291677840403 0.567192939861567 0.608210409804171 0.611374075152761 0.605855796502642 0.610944991976977 0.628938540237339 0.664223913468862 0.704111772711104 0.74471313664743 0.772629945347123 0.793214589930134 0.801908685234479 0.809456338297783 0.81640502268145 0.817377165663614 0.816661300677241 0.812602334740731 0.811196070912864 -9999 -9999 -9999 -9999 -9999 -9999 -9999
0.739761757144198 0.727205530009831 0.740115275558586 0.75834293754188 0.731504929244296 0.704828370372106 0.67840989365015 0.663786401416134 0.654063832574991 0.640332893823589 0.627942189042868 0.618165741645357 0.612211966846038 0.608254411701332 0.591105147817217 0.573529531926713 0.55574236364457 0.558618645275451 0.574649247891849 0.560722962656292 0.545796113915114 0.534791667808416 0.539313183333949 0.55578319989977 0.550730161836758 0.547840018339363 0.564849843356198 0.576608115166676 0.583502984607826 0.55455788166481 0.522851603563689 0.514040519969363 0.530203407590534 0.574161434241887 0.588491594660298 0.594188246368373 0.593210955831129 0.60586027938486 0.636769257623933 0.698142765539752 0.766383524310646 0.782340465077757 0.794882167650671 0.801885388351079 0.807922456120893 0.813293439610368 0.804564447648932 0.80095079200581 0.807468063481972 0.807285552870652 0.803551319970756 0.795321619403124 0.786503242620536 0.776563501418139 0.770585317105765 0.767165335674961 -9999
0.705940526759414 0.693452510951822 0.711817372721864 0.736114248802267 0.6986769927732 0.6660120696081 0.640975875527404 0.622645571872106 0.607307105358674 0.599321830236449 0.589395264855623 0.575682023041778 0.568378912370458 0.564423205759172 0.559947803344958 0.553570234978732 0.542634909167033 0.533060534523577 0.524352539336991 0.515612224243049 0.511455615102139 0.521274481665752 0.53405124267921 0.549104346102124 0.539245875588718 0.531537550400935 0.545459289759967 0.556165492657002 0.563893824620728 0.555517326191757 0.540191491391762 0.50408996212113 0.501358340383245 0.535766235276232 0.554305151306839 0.570076929385312 0.597403843563828 0.625805858018505 0.655648506196556 0.701323897800589 0.750616947332662 0.773456526351327 0.788530416474031 0.791010711441091 0.794283444372227 0.797823667425079 0.797262276734871 0.797796252599686 0.800499602684944 0.802216791732172 0.803411192113566 0.795321619403124 0.786503242620536 0.77656350141814 0.770585317105765 0.767165335674961 -9999
0.681878829034217 0.675915325928019 0.695581160155966 0.719187496127195 0.677721604897813 0.644157336555905 0.623224069037683 0.602708822719687 0.582585014149877 0.572526302250525 0.56082204971986 0.545908009317159 0.539457244909728 0.537426047559171 0.535304544687457 0.531962834824091 0.525682342867149 0.51571328725324 0.503396097589911 0.490713114978258 0.485842315730931 0.504862754848106 0.523191471084669 0.540987849823924 0.529049614588787 0.518676164847609 0.530142804708864 0.541114638509187 0.551628238169143 0.553539806196284 0.545785513626701 0.494535045333316 0.482013418665412 0.512595611096572 0.534706005963367 0.556305701918254 0.591948974178047 0.624531876085421 0.653013883561401 0.692590929451551 0.73490503404844 0.76166428358329 0.775525492677074 0.768469987002592 0.774770794072651 0.786641920506553 0.789042538276294 0.79141264780658 0.793722335747508 0.795815630365949 0.797794209464312 0.786890251387077 0.775070854657546 0.761930587728072 0.755311697194683 0.752904030771265 0.747277749464983
0.667759571003163 0.674897881920395 0.691632690488221 0.707662045074092 0.668861273470921 0.63958205426995 0.6255233458359 0.604373547522709 0.580310518264406 0.560212728510247 0.542409464629624 0.529081897781823 0.525726424318652 0.527578430256534 0.517297454751835 0.508676443747088 0.504812602072912 0.506730786313437 0.51232979951276 0.486404428527565 0.469119775494924 0.485502239691197 0.506628957516893 0.531406767672281 0.520165518197605 0.509320352285306 0.518976741838065 0.531556601861183 0.546843853898342 0.548570278932994 0.53941353662903 0.485383184462312 0.472346688200082 0.504934891126314 0.529967544612004 0.553068351433912 0.576665535466255 0.601640649902051 0.628462190249631 0.671720573898087 0.719248808930613 0.746909231164987 0.755742706675081 0.734044577296167 0.749274425175622 0.77982856233253 0.779888035798286 0.781739460510057 0.787139845904957 0.788057097763328 0.786597728248579 0.769869499948421 0.751991820093048 0.732390519465373 0.724478208776167 0.724114144539906 0.734400300687918
0.654164051396218 0.671473289031167 0.682319113078426 0.687329692163341 0.641120492893716 0.608973697068034 0.599306109882522 0.592361098278318 0.586387957239475 0.572018219023078 0.559424058051404 0.550293334078811 0.542671554733142 0.535837754175772 0.523050092379525 0.513089386106822 0.510319011554482 0.508357488401752 0.506910878827578 0.491981290913699 0.482964677075008 0.495104399416413 0.508581189704257 0.523086963453956 0.519441044044887 0.515889775627926 0.522253411401646 0.5274639897611 0.531606735054763 0.528194027954919 0.517983379370833 0.47877522768631 0.470297176124827 0.496020629720889 0.523780894532711 0.552697008026565 0.586653299599802 0.618236489949922 0.646639726088512 0.68297989283395 0.718890248049538 0.708401797621742 0.704404185917864 0.710932748543748 0.721556678423944 0.733978660966226 0.748556775334272 0.759760795060628 0.764282418013552 0.757834652363013 0.745571739072406 0.727098191853638 0.712691147365091 0.708705425570356 0.711379015882436 0.718352903247892 0.723424973346305
0.643457724148305 0.667794190478905 0.672116404773122 0.666380631335202 0.613946633667663 0.579180755859292 0.57265794149146 0.579820942175445 0.592335441249016 0.584491543088522 0.57744459461418 0.571952174413743 0.559009007723962 0.54217502218911 0.528772522028709 0.518402922908784 0.515139172300734 0.507249132190206 0.496414003174212 0.495653085792165 0.497753100141788 0.506226825696011 0.511562827391836 0.514484093197269 0.518860662199521 0.523344705834012 0.527490762965185 0.525589356094593 0.518087463120386 0.510026445919772 0.499380461425624 0.475259758471038 0.470424166777402 0.487052215931482 0.515489345311969 0.548516977842942 0.593568738776857 0.632040287260708 0.661694355019547 0.691087421561413 0.715594376530168 0.669242597893029 0.654910426918499 0.692504360807011 0.696699765977355 0.687213698459634 0.715318577700668 0.735140726986969 0.738558923864575 0.724713713414002 0.701716738356213 0.681931889125645 0.672304203545987 0.687362347952969 0.702235187502924 0.716988365154191 0.722650569645391
0.651053630905561 0.666083205797375 0.664172750473388 0.654710512572315 0.619150988910631 0.594255016300212 0.586405076388404 0.584533470056256 0.584758758677224 0.564803859272241 0.54839081288814 0.538886497078437 0.524811684873706 0.508350135510418 0.498265070056334 0.487664645953414 0.475425623934862 0.471974863127704 0.474118696125831 0.471742266993878 0.472424124385859 0.483477450559602 0.493271925760998 0.502097611878088 0.506859091726857 0.512502820171504 0.523785922170351 0.530086715990994 0.531773452132612 0.529820700922657 0.522299347695987 0.488326765001818 0.473385944688109 0.479626796956212 0.495481313238599 0.514816860442847 0.541855008359277 0.567509958668877 0.591311425017335 0.629640080178218 0.669686008338873 0.661794551945769 0.665462236177098 0.687875345227974 0.694120457805246 0.693597136966188 0.703105996431692 0.711722529854959 0.718571810933901 0.70650003709069 0.684397738132944 0.659984784146431 0.649336577583179 0.672620377216413 0.692341792072249 0.709762772211179 0.716287784871822
0.644945461474763 0.651752848347144 0.645427271520125 0.633909145737656 0.611407037039572 0.593432828182006 0.582696614281883 0.573040991205825 0.563632112559699 0.544375215027813 0.527460978024023 0.515116329402496 0.498334482961819 0.47923550857715 0.473465086481667 0.463565697306477 0.442877333933678 0.440783658317107 0.4505273328236 0.444810279871506 0.442941465864128 0.456397360866989 0.470705667685234 0.485669975317093 0.49386813239439 0.502093674206304 0.513983694678369 0.523175772046739 0.529869315673333 0.532771085040528 0.528152279729604 0.486621562679849 0.465265483729495 0.466363057264672 0.46964130631606 0.475480226967001 0.497495536900767 0.520246246902326 0.543982392552378 0.589432501939572 0.639583025693561 0.649597466983253 0.661502051957865 0.676471877463327 0.687588938480609 0.696841664119682 0.694357269116914 0.694194822151946 0.698630994883102 0.687862046821203 0.66903248339659 0.645693309866564 0.63574434744893 0.658966474166977 0.680561954351749 0.701107016237794 0.708850919460852
