layers/veg/veg_500.asc
NCOLS 255 
NROWS 330 
XLLCORNER -2985163.8955 
YLLCORNER -3022031.214 
CELLSIZE 25000 
NODATA_value -9999 
[rows 125 to 149 of 330, columns 171 to 227 of 255]
0.422951488182055 0.424051720423416 0.446390829074822 0.446137981404786 0.421076252956227 0.368597383658729 0.31688084884779 0.326968776373072 0.33140308686407 0.328364342594147 0.336383902076212 0.347872830454213 0.355980370378347 0.365097459631912 0.375828713770257 0.395333455851086 0.418142686879254 0.421891564404553 0.418886942486444 0.402705789945927 0.405949664468907 0.419339816192091 0.338324952761085 0.278415849554461 0.275311435893611 0.317070879936207 0.38739706571955 0.443796811348079 0.488510845791926 0.500849108910365 0.51783440171346 0.538396749489622 0.547499101257854 0.552489876092283 0.547174977459403 0.547361192938225 0.552643026389175 0.568284204149774 0.585494999809404 0.600280996526803 0.601582431253742 0.587872784094339 -9999 -9999 -9999 -9999 -9999 -9999 -9999 -9999 -9999 -9999 -9999 -9999 -9999 -9999 -9999
0.397898054069224 0.366087344922087 0.424954615330146 0.445337051734315 0.423458178626411 0.369564866024212 0.315744719223161 0.327658128811699 0.334475728050418 0.334557591641581 0.341261813853095 0.350397475045943 0.36245431779709 0.370036577143276 0.370464440764808 0.391013703855342 0.419648786053399 0.428408678768036 0.426292489653489 0.402956335026997 0.392033615782243 0.387594808038781 0.336702795940544 0.307366651971316 0.332943592576772 0.34289598685885 0.342899562593343 0.425597104163877 0.494176154086877 0.500453902603551 0.501313732508337 0.498003115045784 0.521313037266288 0.542550996745563 0.541556513772787 0.549971445185756 0.56710220762452 0.578345218791344 0.58907313182874 0.603231484662305 -9999 -9999 -9999 -9999 -9999 -9999 -9999 -9999 -9999 -9999 -9999 -9999 -9999 -9999 -9999 -9999 -9999
0.380462293406215 0.325562451549238 0.405001828429438 0.437796168408934 0.419368244016352 0.366957668152202 0.31414676240626 0.327346196161093 0.336390885471323 0.339943757319585 0.344893621998972 0.350915867824461 0.365376217702662 0.371388566286793 0.36389343520853 0.386009604021415 0.420185717228731 0.43266074894904 0.431994612112603 0.405689173555157 0.380380990329375 0.355593703625456 0.344278568417546 0.351880672459225 0.404305544794949 0.385356445627314 0.320960478639591 0.417340810162568 0.499395734117879 0.500327554935424 0.48745659509625 0.463960933341941 0.498242064158072 0.532325589795247 0.535235373332298 0.551654354258394 0.580586747487321 0.586600375674312 0.587914566205139 -9999 -9999 -9999 -9999 -9999 -9999 -9999 -9999 -9999 -9999 -9999 -9999 -9999 -9999 -9999 -9999 -9999 -9999
0.381781251528559 0.392486337414312 0.411646134476067 0.414106075830157 0.39822742253688 0.359250131768088 0.319951369612579 0.325132324607958 0.330333857590989 0.33556259093578 0.348448169545791 0.363665685454573 0.375559358664477 0.384501238796673 0.388723507321718 0.406421653853286 0.429450284709737 0.435181344116163 0.437103490374759 0.431594191476508 0.403242712514507 0.362960074330632 0.405897083506032 0.449434961480537 0.489254839860325 0.48123322680922 0.442748884956853 0.494321855471169 0.53899304190304 0.54164535447267 0.535362309501297 0.52220126561511 0.541427723761645 0.559461769252281 0.555724152175038 0.563609441108306 0.582260892595725 0.586600375674312 -9999 -9999 -9999 -9999 -9999 -9999 -9999 -9999 -9999 -9999 -9999 -9999 -9999 -9999 -9999 -9999 -9999 -9999 -9999
0.374766052836121 0.420261017359272 0.402609385003192 0.389473440803722 0.381296304399219 0.352085304707609 0.321418258051349 0.322093245194847 0.325058637936081 0.331051530833908 0.347637125655598 0.367537959741742 0.384087168375132 0.398363001106257 0.409003941074477 0.423989929184354 0.440500816678846 0.44232497398484 0.44572229106872 0.452188948449574 0.431514729157084 0.396664011819874 0.45510673708408 0.508068488149645 0.54200722354181 0.548058759897523 0.536353320961164 0.560322788118148 0.579969057695523 0.578126110254812 0.576909244854585 0.576174306626858 0.579756179682385 0.581928350071138 0.57622996189929 0.575858709421191 0.580421920731671 -9999 -9999 -9999 -9999 -9999 -9999 -9999 -9999 -9999 -9999 -9999 -9999 -9999 -9999 -9999 -9999 -9999 -9999 -9999 -9999
0.359104865944909 0.407421682005612 0.377304856560108 0.363862997096649 0.368732400152841 0.345483493020106 0.318385127339135 0.318198081887772 0.320594478696877 0.326405716901691 0.342297147059241 0.362200527914303 0.390897710846802 0.413001881210956 0.424564506885325 0.438608027152511 0.453404136906052 0.454264614339097 0.457982341693347 0.467274755385863 0.465399472206247 0.457690964301532 0.491443238336846 0.526324990548277 0.56135801399093 0.584746061397547 0.600719253282877 0.614932775453753 0.622375367328857 0.609588839120374 0.611859480642225 0.625720391114159 0.613045694453575 0.599550614228343 0.596753439733686 0.591012218407789 0.582543960768984 -9999 -9999 -9999 -9999 -9999 -9999 -9999 -9999 -9999 -9999 -9999 -9999 -9999 -9999 -9999 -9999 -9999 -9999 -9999 -9999
0.335635695809374 0.382979736138645 0.351484701337428 0.338321104838619 0.345287791033019 0.333500391253391 0.31993621101977 0.33054821333303 0.33721424153478 0.338664408732561 0.348404874416336 0.362239275449322 0.394412028729323 0.423103259005877 0.446227894353496 0.461089394294808 0.472198945712911 0.47119491972218 0.47262214579672 0.478792907805082 0.486364880083359 0.494668746724916 0.51146131299343 0.529558052857489 0.550275417857712 0.575841907796855 0.604496043491171 0.608915819944448 0.610549268675987 0.609335417405727 0.613812030568202 0.622668883470778 0.635442381396942 0.644949766562103 0.639422466460157 0.637220406478068 0.638098477715279 -9999 -9999 -9999 -9999 -9999 -9999 -9999 -9999 -9999 -9999 -9999 -9999 -9999 -9999 -9999 -9999 -9999 -9999 -9999 -9999
0.313348872278538 0.357528329434073 0.329578269726547 0.318185799127075 0.32497569610644 0.324310255387278 0.324483408693482 0.346434377461638 0.358309913673363 0.356867558210147 0.360528709296817 0.367730071291127 0.400480879700163 0.433871873455936 0.468286457319023 0.484336385250657 0.492314101872982 0.485891467223804 0.482393441820822 0.484601525319453 0.497421388891215 0.515784105085918 0.524422843681103 0.5321552921112 0.538304179419993 0.56051423678327 0.592951129744001 0.588197375084043 0.585718983962122 0.598840751493944 0.608600746321437 0.615773013807734 0.65718729669843 0.692062158165511 0.682948914219631 0.68148860799147 0.687117128895804 -9999 -9999 -9999 -9999 -9999 -9999 -9999 -9999 -9999 -9999 -9999 -9999 -9999 -9999 -9999 -9999 -9999 -9999 -9999 -9999
0.311897908680636 0.344000528497125 0.335444480383105 0.335146815871084 0.343917921291607 0.343093358644085 0.342193855502 0.360233726868611 0.375917332728892 0.388486383596627 0.395436330049817 0.401997650500399 0.429490907732644 0.456612232584212 0.483138876055782 0.500063418042819 0.511933808177192 0.477098531150187 0.454789481012657 0.456919940136287 0.461297625278803 0.466849104313323 0.515362176988447 0.554811178370061 0.569714664723969 0.575130905631297 0.574506210596492 0.564908685483827 0.559599032185694 0.569450050942121 0.607756292899933 0.667965966634453 0.69216301307626 0.705788222765378 0.696358236663846 0.690653904539753 0.68840060233067 -9999 -9999 -9999 -9999 -9999 -9999 -9999 -9999 -9999 -9999 -9999 -9999 -9999 -9999 -9999 -9999 -9999 -9999 -9999 -9999
0.306032847450644 0.330121054711295 0.343012949734637 0.354242913458081 0.363647862344625 0.36383353935465 0.36389160896322 0.38170821485752 0.400165440979465 0.419469450676087 0.429227893842741 0.436870646037818 0.459722605200094 0.480410829881574 0.49763946708469 0.514695717793307 0.530582925769778 0.494950970110022 0.468848107379341 0.461337144423865 0.453562118213111 0.445649163803973 0.506461460892948 0.557826817044345 0.582122518955938 0.585106061622666 0.574519238737905 0.57043876516693 0.571150876181231 0.584955886840602 0.63376391196626 0.709515536652374 0.727667841479548 0.734505742190282 0.726692506647045 0.729462203667748 0.742034747943686 -9999 -9999 -9999 -9999 -9999 -9999 -9999 -9999 -9999 -9999 -9999 -9999 -9999 -9999 -9999 -9999 -9999 -9999 -9999 -9999
0.294660323613142 0.31580279927025 0.352705324557293 0.376002948023112 0.384360635235341 0.387015562497112 0.390564318604564 0.412758961069662 0.432699126595589 0.449659283125242 0.461626955138489 0.472499018566674 0.49147857768197 0.505529789262391 0.511701083241092 0.527962120865753 0.548021041367829 0.546048801195517 0.534889077618402 0.505803957372391 0.481246593770095 0.459054213951453 0.497760314903576 0.536337349989227 0.570820820568926 0.589290009391888 0.597562218406912 0.611925977530657 0.629705759951756 0.656479059988059 0.693274819243914 0.737785374837743 0.763832842116954 0.781928075999171 0.77814400680371 0.766372931911915 0.747203586607376 -9999 -9999 -9999 -9999 -9999 -9999 -9999 -9999 -9999 -9999 -9999 -9999 -9999 -9999 -9999 -9999 -9999 -9999 -9999 -9999
0.308930778600573 0.327162558307038 0.35191042303365 0.375797563521943 0.398739517825034 0.40760628461858 0.414702095510693 0.436497239325354 0.456426914367941 0.473890778549276 0.486999136206137 0.498713493957272 0.511374799902163 0.528850795002691 0.554024979720705 0.573275083959205 0.589610509671629 0.586695782766318 0.576536526787494 0.552242708426311 0.526802439037211 0.500763343716611 0.534521855491782 0.56259569087621 0.573235075327227 0.599239696603407 0.635028022951744 0.656007367371565 0.677660629092994 0.704818212560735 0.727095258892211 0.745615507695118 0.776819661898244 0.801403215591582 0.793015059214338 0.788981472250851 -9999 -9999 -9999 -9999 -9999 -9999 -9999 -9999 -9999 -9999 -9999 -9999 -9999 -9999 -9999 -9999 -9999 -9999 -9999 -9999 -9999
0.330920167291223 0.346758949480216 0.349633569450025 0.369762562122125 0.408839080594504 0.425626066473426 0.437697877944068 0.458000050007808 0.477617252360266 0.496329049176595 0.509323012405781 0.520052741798593 0.525954871128537 0.549391287247169 0.600863213061923 0.62304807393844 0.632382052088615 0.619798654427556 0.608013024656997 0.597783893576756 0.578955624794826 0.555635767171404 0.584748421329965 0.600763048202492 0.581907451311747 0.612847664050205 0.675495003778313 0.698038065779233 0.71831105630738 0.741007657556897 0.750030636324521 0.748528332789735 0.782184835014828 0.81103792701142 0.802317027042025 -9999 -9999 -9999 -9999 -9999 -9999 -9999 -9999 -9999 -9999 -9999 -9999 -9999 -9999 -9999 -9999 -9999 -9999 -9999 -9999 -9999 -9999
0.350078084059761 0.369277538459581 0.367529100001148 0.375034328233167 0.392701275548791 0.423600244549899 0.456671573633743 0.479920882103862 0.501065754511623 0.519428944707893 0.521829541970615 0.519254972117129 0.52202062526406 0.544708223613266 0.599248950328338 0.610402000733546 0.603373307804534 0.604123641421564 0.610076234870578 0.626178786360796 0.642960560437266 0.660097112945614 0.627458049770449 0.605687248238904 0.613239810186382 0.647646828749873 0.69915323122744 0.7076362951256 0.713430691430253 0.721052800980027 0.740020957135326 0.767722742122163 0.782790751276375 0.794045896236974 0.796799376907503 -9999 -9999 -9999 -9999 -9999 -9999 -9999 -9999 -9999 -9999 -9999 -9999 -9999 -9999 -9999 -9999 -9999 -9999 -9999 -9999 -9999 -9999
0.363395382290794 0.385501480029372 0.386934160668893 0.390025553719726 0.39493842685279 0.426681904505594 0.464119495860561 0.491794157589051 0.515068709786406 0.532527116447049 0.528438333548041 0.517734612351573 0.515648937471815 0.536391693916553 0.593634749201961 0.599206658669716 0.583551964638965 0.597200204764052 0.616809968709033 0.648051065687695 0.684135814844387 0.722750549544935 0.669490518558153 0.633584934235621 0.645272572407469 0.678462738891258 0.725344487073627 0.7304248258163 0.732840269216672 0.736871211562403 0.758680071697982 0.794173498870202 0.799211534482946 0.802415410685537 0.81435164320798 -9999 -9999 -9999 -9999 -9999 -9999 -9999 -9999 -9999 -9999 -9999 -9999 -9999 -9999 -9999 -9999 -9999 -9999 -9999 -9999 -9999 -9999
0.36791447218907 0.392243271903019 0.408613151805701 0.41965800734308 0.424855299582182 0.437457388213111 0.454205189160555 0.488531964847728 0.514843054049646 0.530558861737545 0.526162873025788 0.515125755184894 0.505605528655195 0.522601772799847 0.581995108976623 0.59019667329918 0.577570366109731 0.603459993728888 0.630579299823846 0.660097791145348 0.690920826096776 0.722425263511414 0.710502925573047 0.696089488376621 0.678360410305812 0.703278342177956 0.755351453774239 0.77308300189714 0.788839803113451 0.806577862780497 0.820525369103775 0.831555093831259 0.839455564019282 0.842405840981955 0.82733733079492 -9999 -9999 -9999 -9999 -9999 -9999 -9999 -9999 -9999 -9999 -9999 -9999 -9999 -9999 -9999 -9999 -9999 -9999 -9999 -9999 -9999 -9999
0.384036094177794 0.405511965488809 0.427024957413951 0.440052825635165 0.443762934058747 0.450159238663211 0.45893227697997 0.480956215243783 0.500325480842633 0.516185751389768 0.51884168506361 0.516484860107874 0.506000729705821 0.518375720591263 0.567300080391659 0.580172447003857 0.578972307699126 0.63289047439712 0.679470593122966 0.71173368781943 0.748373907868152 0.787300432436236 0.773036737511647 0.759435479199592 0.750736436781912 0.755200763657162 0.768046772141576 0.781529696951125 0.79446654864446 0.805590481859275 0.826671077734217 0.855415822990677 0.866465076262143 0.873733323405068 0.875288764246021 -9999 -9999 -9999 -9999 -9999 -9999 -9999 -9999 -9999 -9999 -9999 -9999 -9999 -9999 -9999 -9999 -9999 -9999 -9999 -9999 -9999 -9999
0.404471242992993 0.421652471782394 0.444028774378605 0.456437736856592 0.457901274814732 0.462934596412697 0.468551341494599 0.471497444069796 0.48043339418722 0.497286834722049 0.508682516615527 0.517086632705997 0.509274062819639 0.517684107571932 0.552032434016509 0.570996811314858 0.584991840645178 0.671180681910093 0.740449034287592 0.77670437735941 0.822597995850576 0.873525976137841 0.840772369954328 0.820343958552425 0.83486112572533 0.815939504636443 0.775725973370945 0.777617112007691 0.780802701593962 0.778124767073225 0.811726345297467 0.873254108696149 0.887399363938635 0.893425658773137 0.892121020882639 -9999 -9999 -9999 -9999 -9999 -9999 -9999 -9999 -9999 -9999 -9999 -9999 -9999 -9999 -9999 -9999 -9999 -9999 -9999 -9999 -9999 -9999
0.41758566311004 0.445938656867027 0.457769264603219 0.462798241872402 0.460358151967646 0.45679403484156 0.45374765803156 0.457066421988805 0.467874960485084 0.48858362043242 0.475208453385749 0.45369627848696 0.478345098762841 0.51037516498144 0.554207079469685 0.596218480087946 0.637927588226726 0.701611407274313 0.752542581148724 0.778592488496183 0.807947759289648 0.839029521050717 0.817830229974819 0.804971221120242 0.815489536231207 0.824835766656448 0.833435680509078 0.80519696527874 0.783408384271851 0.789863441483279 0.821384073722051 0.872198953230292 0.884873765707291 0.891028495372959 0.891342614279389 -9999 -9999 -9999 -9999 -9999 -9999 -9999 -9999 -9999 -9999 -9999 -9999 -9999 -9999 -9999 -9999 -9999 -9999 -9999 -9999 -9999 -9999
0.431885145281578 0.464911541071731 0.470762967656399 0.469823449203727 0.461426597556543 0.449748391959343 0.439263781138075 0.444857701707403 0.456312217850173 0.475513376785754 0.442713029153773 0.399748084421648 0.458667727787583 0.509996101652518 0.549186821316515 0.604244948098427 0.665874554569858 0.72100229788 0.763708823544215 0.782180720028307 0.798043138741897 0.812542548553582 0.806617747658166 0.804912416517658 0.814659802373539 0.838926671390758 0.872438717860634 0.832746661738922 0.800539632685319 0.808202967913867 0.833787117658362 0.873165829313516 0.883773113536617 0.889203906041523 -9999 -9999 -9999 -9999 -9999 -9999 -9999 -9999 -9999 -9999 -9999 -9999 -9999 -9999 -9999 -9999 -9999 -9999 -9999 -9999 -9999 -9999 -9999
0.448356081664293 0.474148572603367 0.482388291608995 0.478066627051223 0.459950943825757 0.441044318940952 0.425365903365553 0.436721026921795 0.44657393457818 0.454441185686858 0.412010818842488 0.363101278372858 0.459607268042217 0.522315036245689 0.530982946595929 0.580763706477596 0.648033206244838 0.720164293647433 0.773175915098343 0.788884175424027 0.796834170744482 0.800731790380806 0.816898160528851 0.832914171112364 0.847805327745733 0.862536004932057 0.877164497973878 0.860241100220242 0.844286872022392 0.838637597603412 0.851220553806082 0.87783778472634 0.885283468200914 -9999 -9999 -9999 -9999 -9999 -9999 -9999 -9999 -9999 -9999 -9999 -9999 -9999 -9999 -9999 -9999 -9999 -9999 -9999 -9999 -9999 -9999 -9999 -9999
0.454078843491034 0.475692180697965 0.477085529116625 0.467911690565481 0.447133718314353 0.438436469004068 0.434049166784463 0.43901759864985 0.437164424456836 0.42629432617386 0.384851669446178 0.341228195086881 0.410563763074691 0.464721191929173 0.494610347316382 0.55988950961017 0.639779719000934 0.703020119955162 0.756488492390471 0.790890981412068 0.800843634830676 0.798025402076698 0.830891605006983 0.858020711562422 0.869086371058744 0.875990404986248 0.880244553484106 0.868743246068102 0.855798310519205 0.842123520823199 0.847503730603892 0.867551542114126 0.868287226566157 -9999 -9999 -9999 -9999 -9999 -9999 -9999 -9999 -9999 -9999 -9999 -9999 -9999 -9999 -9999 -9999 -9999 -9999 -9999 -9999 -9999 -9999 -9999 -9999
0.454533792881852 0.473465147420356 0.463486103425606 0.448739612147641 0.428757849094873 0.438816452916894 0.453799725004561 0.44642763271009 0.427916050096971 0.394680084729375 0.359429017745541 0.326595894883606 0.337022953394125 0.372862235499667 0.449333032852117 0.540293057414779 0.636225360299647 0.67788409222156 0.726982420825774 0.790595901807527 0.807410716611196 0.799781177330287 0.846704851905965 0.881708271980438 0.884552485910026 0.884467747342803 0.882518019141822 0.867937035896973 0.851510586873281 0.832401551825181 0.833420905375382 0.849934102826146 0.859723098144199 -9999 -9999 -9999 -9999 -9999 -9999 -9999 -9999 -9999 -9999 -9999 -9999 -9999 -9999 -9999 -9999 -9999 -9999 -9999 -9999 -9999 -9999 -9999 -9999
0.448616810299533 0.455099506761562 0.448057233846255 0.440383132906363 0.432015203335103 0.446515532340219 0.464196410843761 0.460383132492445 0.443453260568745 0.409185634522546 0.407103437400119 0.412970123193455 0.378953087409634 0.38243707907368 0.44588133209877 0.534787102847854 0.633712711571528 0.697528204420493 0.754753568795783 0.799121150273981 0.814851259757404 0.815623154345049 0.831954054114806 0.844077707616291 0.84508029648225 0.84824926306637 0.852797655227235 0.856598397213022 0.856371272032454 0.844040628517797 0.843041767773158 0.850765556260786 -9999 -9999 -9999 -9999 -9999 -9999 -9999 -9999 -9999 -9999 -9999 -9999 -9999 -9999 -9999 -9999 -9999 -9999 -9999 -9999 -9999 -9999 -9999 -9999 -9999
0.445359659208668 0.443039348131447 0.439322481916265 0.436649480094731 0.435122775960854 0.453387246855657 0.474112329582162 0.473936012819689 0.461430048962936 0.432626531281851 0.452966899475203 0.482973033960045 0.41752864130611 0.396197322650356 0.445398243412494 0.527959609611461 0.624133359116878 0.6970571697958 0.7566854489015 0.79037325368218 0.811673785937887 0.826504072341064 0.815819056786198 0.807111406758894 0.804761014343583 0.812471781765784 0.826588921029444 0.843524314740008 0.854812256489063 0.848229119373501 0.843250985977033 0.839508305531111 -9999 -9999 -9999 -9999 -9999 -9999 -9999 -9999 -9999 -9999 -9999 -9999 -9999 -9999 -9999 -9999 -9999 -9999 -9999 -9999 -9999 -9999 -9999 -9999 -9999
